instance_id,num_cities,city_coordinates,distance_matrix,best_route,total_distance
375,92,"[[47.33180258617743, 95.92823522063154], [58.76907575294131, 85.84734707328799], [73.99043994175933, 27.099668408445588], [18.259303839755926, 9.394046561548762], [11.576599749879124, 50.42783941486876], [18.758888294282762, 98.12519224456715], [56.36652912219545, 23.521445768756266], [99.86479404732322, 94.76356864178899], [11.76070552406161, 84.33603939842804], [80.65415952749592, 53.29888436224526], [1.9061515167697496, 17.34104589322547], [4.9561011198965605, 31.33178706468702], [12.750515656151062, 80.96873789912186], [79.90819616727201, 48.35159819818319], [3.1594532527631003, 21.46791621664591], [16.60790213411023, 45.91691894266244], [59.570579585902095, 9.518076952022014], [75.03932286675678, 19.086459819495882], [87.85462245035727, 13.003388553532702], [95.28708872244941, 39.22834865009711], [29.007900198104696, 5.919692522756503], [89.88048471500394, 18.627197717793198], [28.60482236520687, 50.302412751577194], [74.34940485317374, 78.6840582675264], [11.223220792576328, 45.120888840557804], [85.17449946509544, 77.66536499041187], [45.46129008759478, 66.78832806438754], [28.361324851970938, 55.67732041533622], [28.25537649404436, 61.966605502284786], [90.99893722497777, 58.05737613225733], [69.13757136233912, 18.659928472822184], [6.141888972436183, 44.306750655646354], [4.384623521977293, 93.18288476034662], [42.60454620683151, 79.5146521928899], [28.363378012650553, 62.73426150183305], [95.49500019877595, 39.97035123954004], [81.5736428020401, 25.139710347407174], [44.56967300454959, 8.034695770729815], [18.604688805401903, 4.065190566169774], [33.29953155064622, 33.62319019461193], [36.20256984298018, 59.703847359116104], [92.18753509998572, 72.30138296887458], [79.40414176144205, 27.55291423766496], [8.115426823395023, 77.28268465021438], [74.93918503942018, 42.75302943169773], [69.3440603173232, 56.36794166652247], [65.79857261262636, 58.45698197952404], [98.44816661410141, 55.74330450380618], [38.836140543722564, 81.95017160789612], [96.8272431831308, 26.825351967769006], [41.21731581993452, 33.15354277326519], [35.88338764181375, 40.52082952899594], [95.09038835489334, 47.20069495622173], [75.69041114003171, 48.43664239713606], [34.47686622798347, 75.65232270982042], [7.084514737977965, 64.6266769850312], [51.55749445692346, 67.66407062581852], [59.3282898123211, 59.714930511431504], [29.93553439707155, 0.6740008427885136], [92.70265141912843, 82.5458744448981], [12.443266391988006, 95.04286927437417], [2.5803501159947673, 11.75356041925124], [28.809633302767413, 21.278933964030287], [92.35227177121108, 33.56384734200098], [23.893527594121956, 62.10745405917197], [33.73891546801811, 39.24465852914811], [43.35108159507961, 41.751634791163795], [25.16387107861292, 83.5670652750877], [1.585950555696325, 95.69619926519272], [50.20615606491727, 44.47365703994678], [34.69855295702803, 84.18837134816299], [94.55292187783273, 6.696141139020773], [96.80643011742424, 94.7054621686136], [27.08765380264443, 43.22763162477605], [48.21830926981994, 69.367246678728], [92.10662204813099, 60.06510424281697], [15.042135204239814, 32.86731062987959], [53.97583999376954, 93.4672435232297], [62.00498420852363, 26.488254835624225], [64.96174952855023, 9.262158871956828], [50.11814774773007, 99.44432641697831], [82.03008327858494, 37.122775691832885], [81.90085618878284, 72.7515989095154], [98.0319580423541, 61.859551711615154], [43.96158703597257, 74.97262451148562], [93.36549772305544, 76.4019375644046], [62.1158088915715, 69.89854068595078], [99.050651307249, 98.11389093112489], [44.61858621356504, 71.15741303133403], [13.029638706409163, 43.12926777105167], [62.10342646507973, 89.89403192131336], [66.16716337674502, 49.65582931813296]]","[[0.0, 15.245836262089025, 73.81093790947229, 91.28732655876395, 57.86813067955375, 28.657251286489057, 72.9682769586128, 52.54590031673916, 37.41232350687106, 54.10767992375976, 90.77133964782686, 77.25542821784748, 37.67826914614135, 57.660712873811946, 86.57676103787028, 58.69488746767977, 87.27257939613757, 81.68454643870707, 92.29641988997525, 74.26026262762063, 91.85479387230048, 88.23741128294246, 49.31952416816576, 32.05171557105183, 62.33150186968041, 42.019068720231225, 29.19988024088239, 44.497361361401715, 38.952565070540714, 57.80156239804086, 80.28625523458538, 66.04079536317283, 43.034836338973776, 17.08076873810529, 38.23141407332277, 73.83074145578867, 78.63535384987959, 87.93692988077952, 96.2500183862905, 63.865665784589915, 37.89546275471195, 50.697779898893714, 75.52363510648121, 43.423273529775834, 59.91468999014411, 45.27202576105547, 41.774590538615236, 65.0208530254048, 16.357338900361704, 85.00004184555023, 63.07177625749883, 56.57779432088019, 68.22943422634745, 55.31421217032223, 24.007540834481226, 50.986583795274065, 28.57830421892052, 38.148645372128186, 96.8297439520334, 47.303292736916106, 34.899768346395334, 95.33136092655525, 76.9128658487129, 76.91657507401669, 41.1484868856019, 58.290603417243034, 54.32264880971077, 25.381404802466854, 45.74644050283353, 51.534799152348924, 17.245967642799744, 100.95642981675896, 49.48973573673985, 56.45510764614055, 26.57577856664361, 57.366790230780886, 70.84703825761999, 7.085175594730454, 70.97332692492694, 88.44107540540872, 4.486269793529488, 68.2792263679245, 41.619417795994615, 61.083393482336966, 21.22489041310022, 50.00377373873496, 29.935127192091915, 51.7650113872092, 24.91897219024905, 62.963238564866344, 15.956581133728458, 49.95904686957544], [15.245836262089025, 0.0, 60.68755783746955, 86.52253336326098, 59.00568882798014, 41.85164969898918, 62.37219094865225, 42.05183788123651, 47.03265804165775, 39.2219239287342, 89.03092414471516, 76.6014524791018, 46.27643785833298, 43.04408897394038, 85.07138903319661, 58.068956005875215, 76.33347814451689, 68.71489655131674, 78.43603329793899, 59.21905339688094, 85.28867177037581, 74.07069762719762, 46.618928970689396, 17.148159125290935, 62.603935372262185, 27.644008975235433, 23.24528693942992, 42.83528712868615, 38.74758909201254, 42.556391475429265, 67.98275457346753, 67.04656545389595, 54.87694194851117, 17.36073270041553, 38.19320855475907, 58.76642130614116, 64.84956002270452, 79.09760894707591, 91.11256281011117, 58.10387460024703, 34.53591994270916, 36.059486527793446, 61.838878133437596, 51.37261519816697, 46.028172322295696, 31.318774587671072, 28.27801135281625, 49.80646173533482, 20.310339304476546, 70.2283419594984, 55.54008721954805, 50.776450378229676, 53.035850789689995, 41.05962025699524, 26.344828057441365, 55.871376270001676, 19.561146366053613, 26.138399257158028, 89.92147694083539, 34.09380118157631, 47.22963308663384, 92.98958064986618, 71.18039170567302, 62.14012712372754, 42.18869966827376, 52.89914463799064, 46.71344972831418, 33.682480108844516, 58.02507817161285, 42.250512666221546, 24.127624585216324, 86.86424491319018, 39.0551728979822, 53.105109374756786, 19.568147137532822, 42.14399172305928, 68.69446550701562, 9.002107028403806, 59.44722815079257, 76.83514990109948, 16.115719115946685, 53.992206172877985, 26.581532801946057, 46.01074061548866, 18.371753125364226, 35.86262921098647, 16.296166662193098, 42.107878447549865, 20.396826134498358, 62.58538488022446, 5.243429500887376, 36.93991957098959], [73.81093790947229, 60.68755783746955, 0.0, 58.47605130483194, 66.63100637092677, 89.97304781757336, 17.983489923680725, 72.4422914820339, 84.54905091010838, 27.033388158186177, 72.74184044366521, 69.16394121861663, 81.56105059584718, 22.060470496626554, 71.05452348785828, 60.38910963835916, 22.738617610202464, 8.081563418075028, 19.771713693550588, 24.50820543598197, 49.719415325482665, 18.007672878517152, 50.972753779424096, 51.58563882459212, 65.30304882303999, 51.787767457585986, 48.87844204438775, 53.839561087587775, 57.509993313095194, 35.32235336647605, 9.735478603031314, 69.99649668446824, 95.97896208480564, 61.09341086126835, 57.89346254296788, 25.06193504872056, 7.832394347911743, 35.05787655934776, 59.98473637855562, 41.210512762989815, 49.90947416723156, 48.72708970788266, 5.432642006808537, 82.81215171981887, 15.682086231895454, 29.634788055996513, 32.40968689656006, 37.66481491714034, 65.14907879164326, 22.8384507310531, 33.32757206172624, 40.401423252338034, 29.14205022491241, 21.404587383759807, 62.59938296295588, 76.71166273834193, 46.354155912694914, 35.75938993417889, 51.37266402321358, 58.51861774008787, 91.67514993646637, 73.04042688360863, 45.55421207772536, 19.466444909589647, 61.11665634615548, 42.04385814232741, 33.962485167851845, 74.64985422519217, 99.73913037939107, 29.454161683907113, 69.30348033223292, 28.96756096749443, 71.35203401192155, 49.59821110805165, 49.505059258685556, 37.61536938355487, 59.229792572842385, 69.31983293181385, 12.001040608646518, 19.992348462396844, 76.18159802057625, 12.849067849367746, 46.33220741207655, 42.26398088007319, 56.51152035541936, 52.97269681595596, 44.41565411883841, 75.30626796079878, 52.95083240786774, 63.0330654734603, 63.90957031917005, 23.874338759354377], [91.28732655876395, 86.52253336326098, 58.47605130483194, 0.0, 41.57439945305321, 88.73255208123024, 40.64165384290366, 118.09915889719953, 75.2232282638256, 76.29385819710107, 18.181869795938432, 25.656181730505153, 71.78637187740223, 72.92651612911938, 19.333489498737244, 36.560187835410886, 41.31146193627001, 57.601331889717684, 69.68884933851479, 82.60366350861966, 11.29617013246439, 72.2138811464877, 42.19625786604672, 89.14709840432234, 36.413098246043226, 95.59611041037539, 63.514184282368895, 47.372906467261636, 53.51444124801245, 87.51670646181721, 51.71513002684231, 36.95576612964153, 84.92983080534708, 74.22661355617487, 54.288772732187304, 83.06782289084077, 65.24286509870875, 26.345461851336474, 5.34003717159168, 28.517711177214725, 53.413826404343766, 97.07067709216042, 63.78429022688865, 68.64230053295762, 65.7680064388373, 69.39884124180622, 68.31656978572347, 92.62023226509811, 75.41748796189717, 80.47839151492255, 33.039127929117484, 35.769888841936826, 85.62919017841179, 69.44534811862353, 68.21413700954281, 56.35174686703344, 67.11307773323915, 64.95269794482998, 14.573042145168595, 104.36954499037749, 85.84606644271382, 15.855500481427066, 15.892136431196162, 77.93553211891474, 53.013656800156134, 33.625546999298244, 40.94643851374473, 74.49368935577627, 87.89802199718797, 47.44660618434609, 76.57963131163055, 76.34130498628421, 115.96416980844262, 34.966430205239284, 67.03973999542235, 89.55993799186896, 23.69270562960127, 91.34535238422673, 46.966972517332415, 46.70263191381667, 95.51983478416325, 69.53844065994322, 89.80215267419409, 95.47934640108795, 70.43548287216086, 100.65285796382727, 74.72741695395153, 119.99355237084619, 67.15299848065757, 34.13816848427926, 91.6654500436601, 62.57934288688447], [57.86813067955375, 59.00568882798014, 66.63100637092677, 41.57439945305321, 0.0, 48.235077855185516, 52.25028030754139, 98.79505118368039, 33.90869978429042, 69.13719812025997, 34.47105270474206, 20.211140924511966, 30.56345135583434, 68.36313221714848, 30.158340584337168, 6.75739648001652, 63.063704024320714, 70.77993571875248, 84.96426466089856, 84.45634705229097, 47.79984701948481, 84.5149644322074, 17.028684543587737, 68.8392254778153, 5.318702951438796, 78.47632535975039, 37.62762054839389, 17.586473424966698, 20.281141893439067, 79.78795348002377, 65.74546082120216, 8.185585430055282, 43.35571962909362, 42.52970889765363, 20.814512942319308, 84.56747006289444, 74.42496562161566, 53.718912040552816, 46.89231540498004, 27.464194898752393, 26.315066528664673, 83.52589302502581, 71.58098670172832, 27.076972331510625, 63.82569954847457, 58.072061399362326, 54.813223509040746, 87.03403528825235, 41.674212544195534, 88.45761481904155, 34.307045538894144, 26.24821484410476, 83.5761170940597, 64.1447244637896, 34.06900001857239, 14.892475150155645, 43.538024851077985, 48.64641780085534, 53.032960826607656, 87.25253253420155, 44.623446756532644, 39.70683018456681, 33.86201610088942, 82.5172916371565, 16.97410114732755, 24.82401604723172, 32.93773251460056, 35.81650782495741, 46.35771214004902, 39.085737921274244, 40.91941148810138, 93.79515695371339, 96.04494708834744, 17.100754078353347, 41.24701230452995, 81.1046322026119, 17.89922085437978, 60.41594060562108, 55.822268575682784, 67.41355554673129, 62.35436568596158, 71.69880098023722, 73.78245917329889, 87.20787248589319, 40.635377160296414, 85.81420398948164, 54.16013172671792, 99.62765281322469, 39.00625708507363, 7.441805577218791, 64.1134975560034, 54.5960221690954], [28.657251286489057, 41.85164969898918, 89.97304781757336, 88.73255208123024, 48.235077855185516, 0.0, 83.54671529670301, 81.1755410284886, 15.463353397617423, 76.4226568459494, 82.52328785625988, 68.20466193234182, 18.178131572469102, 78.84572605816915, 78.22838577930327, 52.25256493826527, 97.55416457819123, 97.02890568809141, 109.63549581308932, 96.56812955714278, 92.77336052959119, 106.66870492891024, 48.825819564694704, 58.89196228346938, 53.53729974550968, 69.49559654008628, 41.1705880232296, 43.520438999109864, 37.38484563733504, 82.60783593291306, 94.08899964387265, 55.277602398689076, 15.200193782084629, 30.248431402262522, 36.671026732111464, 96.28300162821516, 96.29420518198634, 93.71496231798976, 94.0601280736024, 66.12063652719365, 42.19575534078211, 77.83723593000984, 93.04994997945718, 23.402850144863223, 78.88157045182744, 65.59365521480112, 61.53290832067904, 90.25854800296746, 25.782306927122892, 105.72764661406234, 68.74369936180831, 60.09584912263641, 91.75948084843164, 75.56553632097557, 27.42416262076291, 35.47451934171218, 44.76190899061619, 55.86792054426042, 98.09002051041215, 75.56715720580185, 7.027645046907569, 87.8737951937564, 77.50074120254953, 97.89868920067487, 36.381890889989855, 60.75622161341542, 61.50409702853889, 15.90480635930694, 17.343869160807703, 62.18856711687934, 21.173282368570483, 118.76029181896158, 78.12242532351002, 55.525764262159534, 41.16888287750456, 82.63449851924057, 65.36363948227577, 35.52365653046704, 83.67840589516823, 100.15659282550814, 31.386992025892624, 87.88935623848255, 68.0494478179115, 87.17463088850951, 34.22305387453464, 77.70486448322677, 51.73554311970775, 80.2917638083136, 37.36288388454805, 55.293544013173616, 44.11916805093657, 67.7998797107252], [72.9682769586128, 62.37219094865225, 17.983489923680725, 40.64165384290366, 52.25028030754139, 83.54671529670301, 0.0, 83.47178638889245, 75.41945569420366, 38.42635605796474, 54.80994500587476, 52.00032248494695, 72.12869057304265, 34.21617390839922, 53.24668915713841, 45.6322872389808, 14.365245476199284, 19.192246522933825, 33.19833654003985, 41.97042718058507, 32.531773605802044, 33.869438782789054, 38.57372881374019, 58.019803836666654, 50.044522457058726, 61.33076833008513, 44.62003296710783, 42.64143220511671, 47.62632894754464, 48.90944875042303, 13.665060201777376, 54.355711543625176, 86.91855148476105, 57.65961619208377, 48.18528187922366, 42.44530292008266, 25.259005529021273, 19.46805690770938, 42.479435620299725, 25.181970085979454, 41.42163008211924, 60.519639312444454, 23.387696212576806, 72.2387685326827, 26.735694455247277, 35.3172565282538, 36.18639433183757, 53.001060313372015, 61.001889535469495, 40.59538370914415, 17.952046022157734, 26.618379611336863, 45.38991205054142, 31.53061114647294, 56.54012444509311, 64.1744261767072, 44.403807761081914, 36.31446494447962, 34.93713242103102, 69.31231466429774, 83.93191901259488, 55.05847961655096, 27.647990277724453, 37.36072139773923, 50.43189332188802, 27.554098047137416, 22.399590757953902, 67.66891672610014, 90.60963983126602, 21.83907858306851, 64.42031550956217, 41.728784640475524, 81.86910151772196, 35.29286473169624, 46.56426685602825, 51.11548901285496, 42.368038928993975, 69.98664171124712, 6.371352430982769, 16.649476767726178, 76.17956468584562, 29.045037228661208, 55.45818097455102, 56.619946435745284, 52.92547951770327, 64.53890369441562, 46.732099790454804, 85.9416497515003, 49.06321982530111, 47.56629851673945, 66.62005841862799, 27.911618285176186], [52.54590031673916, 42.05183788123651, 72.4422914820339, 118.09915889719953, 98.79505118368039, 81.1755410284886, 83.47178638889245, 0.0, 88.71901589082165, 45.698670889388254, 124.86049285174471, 114.1545045420361, 88.19974407464841, 50.52065715530829, 121.34321407734096, 96.52826134287103, 94.2890108787505, 79.64501754057393, 82.63758993250389, 55.72356813384254, 113.63949018634945, 76.78823744766974, 83.99272556138263, 30.1593391771925, 101.59588656497971, 22.54225638698568, 61.17479324411057, 81.4891459483444, 78.76261469437033, 37.761726466637185, 82.07268888552501, 106.44187811647733, 95.49325381974471, 59.25593164924538, 78.34748886102845, 54.96718813591358, 71.98644217957978, 102.8564426791989, 121.77602592249465, 90.38296326142193, 72.6778016113775, 23.737946207474547, 70.25603431303486, 93.39982704008673, 57.67479669092295, 49.04833695693846, 49.7863001025619, 39.045970940450495, 62.35927911715082, 68.00608796349518, 85.06069591739892, 83.88024268017766, 47.801902712602704, 52.254998653007924, 68.12357026447873, 97.55210129695452, 55.389330980200725, 53.587453852437264, 117.2303208382329, 14.162215169787043, 87.42197381914859, 127.88637337939322, 102.21950597688448, 61.65909404232929, 82.69253379922708, 86.34223299162757, 77.48590081890985, 75.53535317993651, 98.2832685553925, 70.67570682482598, 66.01873806456462, 88.22747742568833, 3.0589158683971647, 89.17659416245482, 57.552867514350076, 35.5552058694051, 105.0049056429602, 45.90726045999878, 78.06973598239166, 92.35103458710249, 49.96637180551355, 60.33687032076041, 28.411791124109534, 32.95502416874061, 59.303035535482614, 19.477945182503433, 45.202383737296195, 3.4478236387084027, 60.07823285280467, 101.02695298528259, 38.07404981812901, 56.30487065700087], [37.41232350687106, 47.03265804165775, 84.54905091010838, 75.2232282638256, 33.90869978429042, 15.463353397617423, 75.41945569420366, 88.71901589082165, 0.0, 75.56198116290602, 67.71588727503146, 53.43924968182163, 3.509764021243677, 77.06465136144021, 63.45378202309339, 38.72368953975194, 88.78914101646029, 90.89384494029638, 104.30067722572913, 94.9281857766753, 80.29065438424313, 102.08012429387183, 37.9738332920893, 62.843378127007696, 39.21883378063415, 73.7162332045957, 37.99541515744582, 33.11952197453919, 27.7932679482265, 83.48212686644288, 87.20926716660438, 40.42171516269205, 11.51838784549177, 31.218396541940113, 27.24491772894842, 94.76152378726078, 91.53169715730009, 83.05614598888997, 80.56208338546443, 55.0973148254293, 34.70085901020272, 81.32224708535873, 88.31736957713039, 7.939639161176138, 75.63509100785015, 64.01607016982582, 59.915079006643396, 91.28121602493742, 27.180352216588002, 102.68298300131723, 59.05370310918472, 50.01676127516154, 91.22976404402412, 73.31966970193587, 24.319352225221916, 20.256498389664337, 43.14787308919898, 53.56187149312477, 85.61343994869328, 80.96173970364504, 10.728564458066, 73.16074890391066, 65.32124068148339, 95.25133089035238, 25.324205368941655, 50.16247941478862, 53.02247991242521, 13.425206444784298, 15.250536740217536, 55.38106350173439, 22.938322752788903, 113.50112286008786, 85.67555193984413, 43.87273108913103, 39.41093282793592, 83.93178537014808, 51.57322776205074, 43.191393437400436, 76.62149645723743, 92.01325241762954, 41.22564384672432, 84.65741385039111, 71.09036500617333, 89.15111614450176, 33.53461358789071, 81.98958520296111, 52.38394605435322, 88.37060499786584, 35.40221061359175, 41.22630494444066, 50.648601487402125, 64.51960653389958], [54.10767992375976, 39.2219239287342, 27.033388158186177, 76.29385819710107, 69.13719812025997, 76.4226568459494, 38.42635605796474, 45.698670889388254, 75.56198116290602, 0.0, 86.5691337199438, 78.8209959995477, 73.32479557256626, 5.003209142532076, 83.7773241020103, 64.47027609337287, 48.59296698746267, 34.670107929167166, 40.93377149461643, 20.300310146679006, 70.08654594201235, 35.87827937954551, 52.13551899758152, 26.15639473828061, 69.91090661953183, 24.782228538900128, 37.689562889574525, 52.346895958217345, 53.11084496737196, 11.386732171066043, 36.50327475823542, 75.05289422712342, 86.06843562103852, 46.20648825438204, 53.13522535192214, 19.947439610971877, 28.174181987949517, 57.88727784645753, 79.20917511057493, 51.2795644658189, 44.91065994251065, 22.228668547419876, 25.77629767967525, 76.40085351990633, 11.994831787712162, 11.719106488162268, 15.725598036787687, 17.961121290905954, 50.69164598392939, 31.02283920555222, 44.28430229044278, 46.5585727934321, 15.671394857788433, 6.948395137103422, 51.30320284765895, 74.43662754424524, 32.449568481202114, 22.270122749933332, 73.0873265385792, 31.63151254299307, 79.97053344005982, 88.43943496852361, 60.93547507791098, 22.94161102139452, 57.440057778362025, 48.97510989194475, 39.04943784344105, 63.20866149439329, 89.71796910869004, 31.701191651851904, 55.37217876797709, 48.63117591423156, 44.445478182207665, 54.50505175919503, 36.197743706923795, 13.301903219419197, 68.7196255881582, 48.22063677337172, 32.65886703012658, 46.749170297258004, 55.33398447464925, 16.234520562240245, 19.492623112932723, 19.37196186991847, 42.6156765533822, 26.369095281857803, 24.884112087145404, 48.44394413723192, 40.21802568859333, 68.38491732753266, 41.028459903132955, 14.938035597972828], [90.77133964782686, 89.03092414471516, 72.74184044366521, 18.181869795938432, 34.47105270474206, 82.52328785625988, 54.80994500587476, 124.86049285174471, 67.71588727503146, 86.5691337199438, 0.0, 14.319323695916742, 64.54520449719492, 83.94029618673898, 4.3129831796301135, 32.1359921544677, 58.192655100065444, 73.153996620011, 86.0578580201618, 95.9116961344238, 29.410067908785305, 87.98373422508145, 42.41781147400268, 94.92623515717898, 29.300639140957813, 102.82334970512584, 65.8944899823824, 46.57838705268977, 51.82395418457317, 97.9558268475264, 67.24435489845955, 27.296349666711553, 75.8823256511486, 74.30959998986484, 52.540735217009214, 96.28581441770224, 80.0482875204557, 43.66674041350839, 21.332826400755046, 35.36456606552052, 54.50551584972744, 105.69468706216387, 78.16790100192974, 60.26238591946739, 77.32782741600961, 77.91643046939168, 75.97869223501318, 103.89944246937678, 74.41883642697574, 95.39374038609316, 42.37219249049643, 41.13094873812331, 97.85142123274859, 80.0690520119162, 66.79114058601513, 47.568333515071835, 70.69414879604905, 71.36419315084045, 32.61037711164731, 111.78405101342517, 78.41303556583416, 5.628013652530527, 27.190150692257937, 91.88949861614903, 49.87460282395281, 38.64056297830619, 48.09947067837798, 70.19121855605681, 78.3558076252168, 55.39917893787106, 74.45741408817118, 93.2563030339592, 122.43902884339364, 36.1140329817985, 69.65300800336502, 99.80716430165856, 20.3376243477489, 92.23042027278346, 60.790962505518245, 63.571037872019026, 95.21210665317822, 82.5297599342027, 97.31126430754904, 105.93426282603788, 71.344645985123, 108.8714881567988, 79.92179364903147, 126.33806368256138, 68.70628391691471, 28.084948902892204, 94.27432149209213, 71.92859565615443], [77.25542821784748, 76.6014524791018, 69.16394121861663, 25.656181730505153, 20.211140924511966, 68.20466193234182, 52.00032248494695, 114.1545045420361, 53.43924968182163, 78.8209959995477, 14.319323695916742, 0.0, 50.24519664707341, 76.8602011642611, 10.026160365030597, 18.667901295345587, 58.809686336463024, 71.14496475339209, 84.90050076860874, 90.67548183563588, 34.989478245702784, 85.86942132961042, 30.317431545077966, 84.00992912201576, 15.14648859561227, 92.6379613142918, 53.831557965308654, 33.77143011594312, 38.488288266236914, 90.09787320472387, 65.4204640968998, 13.029035767007121, 61.85373774318697, 61.147313182400296, 39.16651646891341, 90.95007991980306, 76.86735007457771, 45.956387371284414, 30.491822353245485, 28.435902955358667, 42.20563484907392, 96.37339291928595, 74.54388395574793, 46.059378282999106, 70.9089332319496, 69.08413947395222, 66.61518247750688, 96.62654135408712, 60.910409004735754, 91.98159979738176, 36.30694816951689, 32.26353286637459, 91.52055492090788, 72.7730629420571, 53.25209340897673, 33.36285118717329, 59.09081730454201, 61.334637319569225, 39.54582080165321, 101.59891650801954, 64.14951005378862, 19.721844523588356, 25.885340505054963, 87.42466893042977, 36.13540923280271, 29.850694072525588, 39.783762420523416, 56.00784102625595, 64.45258313475098, 47.11980707700348, 60.650077851559956, 92.92203904405315, 111.59169159544145, 25.126017232085232, 57.60481613596765, 91.76500865864747, 10.202250544355179, 79.14385477454422, 57.254125319611774, 63.93548568290001, 81.72471151758224, 77.29123025982668, 87.38475923106893, 97.9543748700793, 58.53162072424701, 99.23477149569013, 68.95380103682854, 115.38472070334045, 56.20670073434967, 14.295543367703024, 81.82513866016771, 63.89495024740101], [37.67826914614135, 46.27643785833298, 81.56105059584718, 71.78637187740223, 30.56345135583434, 18.178131572469102, 72.12869057304265, 88.19974407464841, 3.509764021243677, 73.32479557256626, 64.54520449719492, 50.24519664707341, 0.0, 74.65943914806984, 60.268866414720975, 35.26342925180066, 85.42432520168593, 87.80268699785995, 101.29124132432925, 92.49078866670187, 76.78972433892896, 99.17408814402994, 34.522203569293524, 61.64124359003559, 35.88036944801285, 72.49928070906797, 35.65219189595252, 29.72125774740081, 24.52512477500089, 81.53371067248789, 84.03503902144442, 37.25285566618309, 14.804510621705711, 29.88942129520124, 24.005366076073106, 92.34455820952995, 88.6199929333631, 79.57281744131102, 77.12604576699762, 51.612623859596994, 31.657454339545303, 79.90846700824042, 85.41636898402896, 5.922080465623645, 72.99226653097372, 61.709225182252624, 57.627037937421306, 89.33313981771936, 26.104080866788017, 100.00201173855159, 55.64756595295548, 46.59574076912138, 88.99514234068414, 70.85031885088551, 22.367355222180326, 17.296430883988414, 41.0243314984767, 51.19778680583978, 82.11315161453432, 79.96768955487951, 14.077484721291304, 69.95836662390118, 61.81236084633508, 92.64806109862258, 21.906956501096104, 46.7055855967426, 49.74309813394144, 12.68237745838913, 18.48095322680628, 52.295467541160086, 22.18292994414559, 110.49005517758421, 85.17097128468664, 40.37257278206456, 37.31700661037386, 82.06310694661907, 48.155984316504075, 43.078300913310095, 73.44471190772492, 88.70088172198417, 41.68557663284454, 81.98857781321982, 69.63685065361189, 87.39614071696796, 31.781824246473075, 80.7442319856006, 50.591317857489614, 87.98675858269077, 33.34420514442633, 37.840499590389946, 50.153471252712265, 61.91798202063278], [57.660712873811946, 43.04408897394038, 22.060470496626554, 72.92651612911938, 68.36313221714848, 78.84572605816915, 34.21617390839922, 50.52065715530829, 77.06465136144021, 5.003209142532076, 83.94029618673898, 76.8602011642611, 74.65943914806984, 0.0, 81.32098066207647, 63.34709849521128, 43.836754220481055, 29.667393743640286, 36.23039629585453, 17.88138748923986, 66.26693556365149, 31.352615884449488, 51.340450337878394, 30.837611689817912, 68.76091422585945, 29.783063542453704, 39.07047922180499, 52.064826403235976, 53.417059111165166, 14.737932776161001, 31.584831957263205, 73.87712006301582, 87.82741189359918, 48.60759441330211, 53.51382328239265, 17.69728116119176, 23.271558823814612, 53.61216131314857, 75.62675396852438, 48.88040118150389, 45.155900316686555, 26.91420359562772, 20.804790922610948, 77.40290364939823, 7.4856558711833525, 13.26132455143752, 17.35512195929484, 19.959153946946103, 53.0639038171129, 27.379434411566308, 41.56879972708938, 44.71582162561241, 15.22575245740674, 4.218642323282215, 53.003163102901745, 74.62014986874132, 34.30355489941728, 23.508676416163077, 69.06822868716117, 36.50954139986434, 82.04627684602362, 85.55122526415484, 57.82726239026806, 19.326991308040398, 57.6789967477603, 47.05888683789645, 37.14811089165096, 65.09278186448428, 91.51986346053116, 29.954125156122203, 57.69043377372606, 44.15478562902646, 49.33792674629978, 53.06849092577262, 38.02507610289728, 16.911765662652797, 66.68859742383049, 52.03756863848255, 28.25828695142404, 41.84949861065112, 59.14316411622155, 11.4275482843992, 24.48123217230578, 22.60388357397282, 44.73072489924527, 31.111420792427367, 27.94351043694535, 53.31715827784723, 42.01739831175578, 67.08214503976507, 45.197163890987305, 13.802789608067759], [86.57676103787028, 85.07138903319661, 71.05452348785828, 19.333489498737244, 30.158340584337168, 78.22838577930327, 53.24668915713841, 121.34321407734096, 63.45378202309339, 83.7773241020103, 4.3129831796301135, 10.026160365030597, 60.268866414720975, 81.32098066207647, 0.0, 27.903664841933768, 57.66293291728851, 71.91930888361108, 85.11709530974792, 93.82395311144478, 30.164374177518805, 86.76754565772096, 38.45640388402784, 91.33288630091214, 24.9897471152405, 99.4214315622696, 61.99504116983585, 42.490206727342816, 47.6439838509229, 95.15547026535623, 66.03784418385133, 23.032743678382186, 71.72543311415099, 70.18075887058272, 48.35441113795467, 94.17108543282149, 78.50010952099771, 43.53455766904984, 23.26822213539826, 32.4988462146265, 50.535472534907605, 102.51848954918185, 76.48712131268431, 56.034364896246245, 74.8691254118946, 74.822550001268, 72.74510471632932, 101.26569575278144, 70.22057556919712, 93.82087714505181, 39.81149044186205, 37.866467852003524, 95.46451031881976, 77.38250476589, 62.58378593915579, 43.33687504568633, 66.90631565551732, 67.95419268095144, 33.9019975520873, 108.3905038238733, 74.15836368105059, 9.731601564048457, 25.65087622069552, 90.00927966078903, 45.62317256446666, 35.37111924465092, 45.0199536652043, 65.88246138113807, 74.24495885292724, 52.37037670595895, 70.20377697859432, 92.57954118629847, 118.8843741328395, 32.34260342332011, 65.7620434922882, 96.96051650150834, 16.466460559222, 88.12609315073553, 59.059294893476135, 62.996066046361996, 91.02438978868325, 80.40927126804422, 93.96927501516407, 103.11293024160175, 67.28720480878079, 105.61665190874197, 76.2979505406042, 122.75881762324525, 64.71403093269925, 23.804090237875577, 90.31348342569251, 69.02557482618106], [58.69488746767977, 58.068956005875215, 60.38910963835916, 36.560187835410886, 6.75739648001652, 52.25256493826527, 45.6322872389808, 96.52826134287103, 38.72368953975194, 64.47027609337287, 32.1359921544677, 18.667901295345587, 35.26342925180066, 63.34709849521128, 27.903664841933768, 0.0, 56.308679189680106, 64.2970019953922, 78.48181724767652, 78.9629747081585, 41.87526803821425, 78.18951491475674, 12.773357075543043, 66.39101261308389, 5.443202832278075, 75.56018856511889, 35.61086512738377, 15.277708679396156, 19.830685757871436, 75.37517364930625, 59.180314959453355, 10.58914885214325, 48.820897827757285, 42.480974360261484, 20.51863114058622, 79.11090890965673, 68.20732993999593, 47.08421670431675, 41.89933561657475, 20.730322214322026, 23.958931482464912, 80.05261308169106, 65.42632788211829, 32.4951287937769, 58.41702459229584, 53.76175458352804, 50.763916743041214, 82.42807011783765, 42.337806750363626, 82.45987271331383, 27.722319765877703, 20.01654621851562, 78.49298519134305, 59.13621459581106, 34.69141269801569, 20.99404566777907, 41.16324343223022, 44.89339201517876, 47.1651080771435, 84.45170957378268, 49.3021620911129, 36.93111535304706, 27.493863812121493, 76.7450839447898, 17.754260494385548, 18.384522753454327, 27.065609908966405, 38.610078003447875, 51.99649775372628, 33.629238351750125, 42.331734153271235, 87.25649267746167, 93.87292389608893, 10.819309650448584, 39.3590613482361, 76.81294068022173, 13.143207492683326, 60.47640984384455, 49.3798344454003, 60.67673354495763, 63.151563021089, 66.01059567385052, 70.5922793094897, 82.97014173878763, 39.90561494091419, 82.58973810930766, 51.44013762504868, 97.577306664969, 37.70518484823126, 4.535963868088665, 63.275818446598265, 49.70009885011824], [87.27257939613757, 76.33347814451689, 22.738617610202464, 41.31146193627001, 63.063704024320714, 97.55416457819123, 14.365245476199284, 94.2890108787505, 88.78914101646029, 48.59296698746267, 58.192655100065444, 58.809686336463024, 85.42432520168593, 43.836754220481055, 57.66293291728851, 56.308679189680106, 0.0, 18.188896871101182, 28.497973221230357, 46.458252972690545, 30.773783353076308, 31.649114206570747, 51.207813533306776, 70.7272694766117, 60.041879689605324, 72.79844490212291, 58.982656032264686, 55.719775108599634, 61.085923843157396, 57.82564507896163, 13.23256516623931, 63.756386336795345, 100.22619324454728, 72.02337699712653, 61.691585553243, 47.09463882070769, 26.98462934400208, 15.07407104903903, 41.32720868116891, 35.65423466166123, 55.3595107519824, 70.75033075126551, 26.807192029204145, 85.0862785782928, 36.61633651680912, 47.858444911785995, 49.333602366255285, 60.40064929576037, 75.3413916690644, 41.08041809509449, 29.92453066382717, 39.016070144815295, 51.78452002902164, 42.12485852366911, 70.73494830734141, 76.10351372189511, 58.69553742489664, 50.1974382971799, 30.926583800509608, 80.19222774448026, 97.64975038707848, 57.03405685522422, 32.93256099805786, 40.655115498297846, 63.54915124014019, 39.38203300187419, 36.08426756972619, 81.65215405594077, 103.86956228459997, 36.188188779817324, 78.70368843855911, 35.09597689141161, 92.96988310655135, 46.81318771111426, 60.91631274384112, 60.11319345235563, 50.27891280043742, 84.13538898171298, 17.143898718428744, 5.397240722278091, 90.42167223895409, 35.58719852190322, 67.06056629875683, 64.95311857624355, 67.28995797767924, 74.93695551804544, 60.43408469516788, 96.99430043947167, 63.42688592469906, 57.40880878594922, 80.41585322894305, 40.6762102796322], [81.68454643870707, 68.71489655131674, 8.081563418075028, 57.601331889717684, 70.77993571875248, 97.02890568809141, 19.192246522933825, 79.64501754057393, 90.89384494029638, 34.670107929167166, 73.153996620011, 71.14496475339209, 87.80268699785995, 29.667393743640286, 71.91930888361108, 64.2970019953922, 18.188896871101182, 0.0, 14.185755511928782, 28.559896845248776, 47.87750655523513, 14.848266117090159, 55.95175202159763, 59.60159165356371, 68.92232133637788, 59.449221489458374, 56.127785072441476, 59.3104255406465, 63.46215038888953, 42.11225010278351, 5.917144565547761, 73.36838193038125, 102.38342995092668, 68.58265940086565, 63.90441627715725, 29.2330575882147, 8.907254289078052, 32.412051019876856, 58.39954153604252, 44.19871841028063, 56.19666854870951, 55.90965237407708, 9.525360591512337, 88.68826554945262, 23.66678146249844, 37.71398817702993, 40.44044362284469, 43.49365732836507, 72.54320554076658, 23.12150348474916, 36.630738233122216, 44.638766427663164, 34.53194817169531, 29.357403381096383, 69.60610413677352, 81.80322320852193, 53.95535688992715, 43.56040851969873, 48.71724930542612, 65.87177301506117, 98.42582193443732, 72.82907486512362, 46.281650144061196, 22.568405996991277, 66.8333623233226, 45.95733485004992, 38.95965594545652, 81.51876575973877, 106.1341136572253, 35.51332082638926, 76.58744415108833, 23.114941993628168, 78.68951946948164, 53.68574058505856, 56.98705377145408, 44.390787333854774, 61.559518975291965, 77.30570027573813, 14.989348008445646, 14.073889778406972, 84.13353489193223, 19.343717878998845, 54.10201283760534, 48.56128769225332, 63.94598555302912, 60.17401992546917, 52.42980808133824, 82.59466545474022, 60.30593160637086, 66.50757508631224, 71.9795087692949, 31.830827283631955], [92.29641988997525, 78.43603329793899, 19.771713693550588, 69.68884933851479, 84.96426466089856, 109.63549581308932, 33.19833654003985, 82.63758993250389, 104.30067722572913, 40.93377149461643, 86.0578580201618, 84.90050076860874, 101.29124132432925, 36.23039629585453, 85.11709530974792, 78.48181724767652, 28.497973221230357, 14.185755511928782, 0.0, 27.257844503045042, 59.27154012922385, 5.977570361889494, 70.0125418497043, 67.05476326426039, 83.08974392019276, 64.71749574836502, 68.48367942076389, 73.21555107814194, 77.13278636566713, 45.16357505939681, 19.553118556639422, 87.50355016414942, 115.7410572488529, 80.4445000664991, 77.53946020541387, 28.028422157642826, 13.665321512026233, 43.56919504071659, 69.82438465960169, 58.32181549637484, 69.63380925389076, 59.45608693574802, 16.825555607674694, 102.42151739707741, 32.43223174398612, 47.15003051080906, 50.52225737019074, 44.03321011901856, 84.59592461801294, 16.478913660757023, 50.804203416834284, 58.80662212168685, 34.95442852378856, 37.46309537061085, 82.30476177144332, 95.85809412016827, 65.61456900094083, 54.73316915601021, 59.21684356875259, 69.71126687152372, 111.43315942531409, 85.28343093778687, 59.62210492158267, 21.046646170011964, 80.63641177774743, 60.14244750699398, 52.98138173355653, 94.38942091155126, 119.50056357132001, 49.06918401382473, 88.84182291832748, 9.200466573385587, 82.19101954296623, 67.86847094094368, 68.9051654471766, 47.25340817547971, 75.4733972948164, 87.30523384840812, 29.15553833973156, 23.19656073956461, 94.31901855773356, 24.812700225705193, 60.04411689283322, 49.90493801500307, 75.93934924069914, 63.63761280056916, 62.446335837941135, 85.8437457077129, 72.46547724560935, 80.66192900563834, 81.08819354371761, 42.58811213322488], [74.26026262762063, 59.21905339688094, 24.50820543598197, 82.60366350861966, 84.45634705229097, 96.56812955714278, 41.97042718058507, 55.72356813384254, 94.9281857766753, 20.300310146679006, 95.9116961344238, 90.67548183563588, 92.49078866670187, 17.88138748923986, 93.82395311144478, 78.9629747081585, 46.458252972690545, 28.559896845248776, 27.257844503045042, 0.0, 74.17814640751718, 21.29879777426162, 67.59555859863819, 44.666985875752, 84.27013659195848, 39.74504606405149, 56.93999187668711, 68.91753435650956, 70.7833226752444, 19.311150126007856, 33.26946297666435, 89.28973516255789, 105.70879881256462, 66.32070972970605, 70.93173474660162, 0.7705809657189113, 19.66083233833229, 59.54242384267482, 84.36016917641449, 62.24046148156893, 62.53180325723379, 33.21795947540366, 19.712528323002555, 95.11588262037456, 20.650921502587224, 31.093510120246677, 35.203876520588494, 16.814760785900297, 70.79451749334002, 12.49825597691929, 54.4099587223766, 59.417760046132955, 7.9747725145847, 21.652308098699063, 70.88433568941623, 91.78654116860093, 52.16193726183917, 41.385205755441156, 75.8766326848374, 43.39455446433396, 99.89173945246377, 96.69231288667852, 68.85806827560732, 6.379633657718803, 74.9699542143637, 61.54817541543898, 51.99726732515764, 82.96497721735405, 109.40073787152309, 45.385060861230265, 75.44782506612331, 32.54049056943466, 55.49791457902584, 68.31659525834314, 55.89117259049487, 21.078087007534446, 80.49667924724766, 68.17974030884528, 35.637178217101436, 42.633305373200386, 75.27414700412892, 13.423175139333681, 36.09708477704233, 22.797053748127578, 62.54566635845826, 37.22322157926255, 45.177366956636035, 59.00569034474906, 59.88958422592358, 82.34989528305175, 60.56539360187782, 30.930606286034198], [91.85479387230048, 85.28867177037581, 49.719415325482665, 11.29617013246439, 47.79984701948481, 92.77336052959119, 32.531773605802044, 113.63949018634945, 80.29065438424313, 70.08654594201235, 29.410067908785305, 34.989478245702784, 76.78972433892896, 66.26693556365149, 30.164374177518805, 41.87526803821425, 30.773783353076308, 47.87750655523513, 59.27154012922385, 74.17814640751718, 0.0, 62.1848231809734, 44.38455054012761, 85.73508597198868, 43.04681886393259, 91.11601610614242, 63.05319049465684, 49.761828675950554, 56.051964697591, 81.00139951773401, 42.10349296451464, 44.681323855390225, 90.67067041642368, 74.84040934906214, 56.81822469178168, 74.69927593722798, 55.96933428836794, 15.704840388184323, 10.567212725607694, 28.03394162297939, 54.26323417158616, 91.64166679420026, 54.84320783357442, 74.35840294880309, 58.875951245152976, 64.59126608787535, 64.13829090470702, 85.46544863722882, 76.66308145520296, 70.96837239046314, 29.845475859729795, 35.27762760891317, 77.91672736263936, 63.14228261999751, 69.94676048425535, 62.66693589674748, 65.73319122461069, 61.751547807452276, 5.327080476994718, 99.6423257911679, 90.64947725955