instance_id,num_cities,city_coordinates,distance_matrix,best_route,total_distance
481,86,"[[98.63597884303066, 8.167765448053366], [1.2046109601486554, 85.61157896512948], [11.221627439251558, 91.94960269933244], [20.94685776127654, 91.14892134942384], [69.28328146129522, 68.0045250889571], [88.86683205496898, 37.959012298967366], [93.54402924045353, 9.397249642601203], [19.49865846944372, 46.66003022899697], [15.255726055292328, 28.50738310595173], [92.52837480545544, 28.83550617097238], [5.992511566325998, 41.57836062503728], [8.780400806690093, 1.6218708077209043], [58.57942360640169, 94.66435668977523], [83.58543372194136, 15.164129232458535], [46.95616020109846, 83.53548382002059], [37.18463980894098, 0.7788080075958659], [36.5773092035212, 24.58090580374973], [11.784948084037872, 48.73668988794419], [18.621698489353335, 59.79222576843829], [56.54742867666297, 28.85389822512665], [33.19401452378658, 75.37737597027318], [60.896964433649146, 15.862841161021478], [20.65197295979938, 2.426155288184384], [98.14451408594226, 68.62704679093203], [14.407350306473566, 26.614972502442967], [56.488878665767714, 29.291683281655345], [47.38682751785256, 50.71011933385133], [21.81438604722118, 89.60953885285207], [64.63369440065185, 7.316660530016272], [36.834590009143476, 81.21506202551923], [85.23762153677569, 53.93345724150734], [79.1333442568555, 77.55933279211474], [80.17001401849915, 58.83790739388141], [96.98222178982468, 79.55649220097904], [72.51843969375132, 76.58207698206743], [26.700141172958027, 1.3102502595083831], [9.21190207943383, 49.35217794707311], [70.55936264008346, 65.35246135250172], [54.48612558880045, 6.768521425827901], [68.9559563607554, 28.121770490631803], [60.186884625670004, 68.91994987851363], [39.66209218871708, 95.4682803960471], [43.855354466886, 91.80316588016095], [51.062314041712696, 21.089701925718664], [20.808735435906268, 44.67084518190606], [10.4725483047167, 20.0498839083767], [81.45234291559126, 9.712863404552841], [79.2002449231041, 9.073356145682709], [89.87930891737986, 43.53733422946418], [19.57678496001777, 54.41625147050414], [7.542875500045165, 60.300532230879966], [42.73585127178929, 40.14566539683906], [95.73162308765907, 82.22628352668634], [92.68540409874831, 73.7700106218236], [21.4680299593377, 63.62651046522755], [92.0389554770136, 72.89369361198172], [16.827732163364118, 97.97976566360562], [86.43112280865145, 9.441594546223808], [93.49876415907138, 71.72574319226806], [7.292316572312929, 96.17649354968962], [56.27452695918092, 21.309733964370526], [67.265235638107, 3.719988122890594], [90.90645108627979, 32.00943158994758], [48.23840628696426, 93.51495048193186], [70.03857095337204, 96.858931653839], [36.32715783418524, 13.988956055351542], [90.81173272375129, 3.8685955811871953], [88.33000656435239, 88.43524708022123], [42.467816643960035, 76.423081983044], [78.13462785390507, 92.02957807391991], [29.953398961994104, 52.584005643429855], [40.698263879412536, 57.93636296849388], [53.91420058031902, 42.39529832962348], [25.481336473956585, 68.42052738714324], [61.53437822371702, 18.38625671913713], [5.316627002516238, 25.200255698037022], [76.26283683653365, 9.965864803906355], [15.369114671348804, 25.85459438928661], [69.38140338851704, 54.228798808012804], [45.67206053018851, 47.53443447341866], [44.14757424151158, 27.51718797949393], [87.77187453507706, 43.25638290548375], [66.5545857107751, 31.44181311111467], [96.39768871941956, 76.3775193778279], [87.23289956380208, 74.42587637015392], [45.67383103376213, 61.164862212966234]]","[[0.0, 124.4604985511353, 121.08123341188424, 113.6726518085287, 66.64847070943956, 31.352107072711863, 5.2382804563929515, 88.00210181511581, 85.82520959145184, 21.55129540583605, 98.4839068027368, 90.0936936798976, 95.32149764802597, 16.597229125540238, 91.38433469396801, 61.893971928932835, 64.19244234145917, 95.85895458489561, 95.22273869138542, 46.89735754152418, 93.80715559332185, 38.515547494743174, 78.19508463339471, 60.46127883285976, 86.22506197885184, 47.14443719033037, 66.60576090471058, 111.95677547609053, 34.01293469963954, 95.68343220784656, 47.68662835470229, 72.08011080920507, 53.93009495366383, 71.40787925568797, 73.23007492750004, 72.26195579872002, 98.45212713756403, 63.705461485588735, 44.17202085261433, 35.764032935165616, 71.89687586542364, 105.35321170852222, 99.97898285379401, 49.2973632658074, 85.96251884634252, 88.96052620903986, 17.252961235160903, 19.45682007723299, 36.43742120361631, 91.59300517397956, 104.956080572249, 64.40039089645036, 74.11544631422635, 65.87157134627009, 95.02928355931235, 65.06125186294673, 121.48573828857249, 12.271151184435315, 63.76525315281965, 126.84321368955723, 44.353172853715755, 31.684479676388815, 25.063332654775323, 99.11638266578876, 93.18763169514396, 62.58015208993049, 8.927580236504642, 80.92639663409764, 88.39485663834108, 86.33139063675084, 81.79302642773615, 76.37861031962454, 56.316617957207896, 94.77339827945268, 38.48306552721949, 94.86098856774322, 22.4452811195672, 85.12458274189518, 54.56600571061736, 65.99175155428193, 57.822023384858, 36.732000183599915, 39.634544023222766, 68.24646858144271, 67.23219080183057, 74.9245044433418], [124.4604985511353, 0.0, 11.853740506605465, 20.504108598950282, 70.31865843005056, 99.77691174390088, 119.72966283435318, 43.03365337983345, 58.807508195300265, 107.5339587516464, 44.29275685256977, 84.33068046782039, 58.084609930036365, 108.39484827586182, 45.7986291170227, 92.1474986328619, 70.5405617184032, 38.362755090189594, 31.1447256769981, 79.27333596984184, 33.586617145780195, 91.80448512176042, 85.42841799458958, 98.41655933436506, 60.455867377452286, 78.91945834548007, 57.88703663668058, 20.993963713495223, 100.76379746150572, 35.90020568509448, 89.80562489347831, 78.34364136073901, 83.38083934317767, 95.96882208281116, 71.88319744354541, 88.07233437558841, 37.13301594615243, 72.25312053487866, 95.15853888784156, 88.8556294335184, 61.29860592476482, 39.70053432315422, 43.09781514420292, 81.54056152160254, 45.39234934622541, 66.21352219401624, 110.45502934560238, 109.27679748987252, 98.15011017763986, 36.20338706500255, 26.09257910136659, 61.57916220948852, 94.58761148776327, 92.24401473318713, 29.898986378840267, 91.72035080430254, 19.926212844861478, 114.3040893767118, 93.332883539603, 12.19334161743318, 84.66063381904307, 105.21520224527795, 104.49693931041574, 47.693198510661716, 69.74680631292661, 79.77088072345163, 121.29036071866788, 87.17114006833448, 42.27387633153976, 77.19726816302558, 43.78713750743816, 48.22516149654364, 68.16118946947435, 29.747128534192274, 90.32676662625447, 60.55110779179713, 106.56458765777637, 61.41278670588174, 75.0530073761921, 58.54248887694015, 72.24303675356109, 96.37351169331828, 84.88216969768328, 95.63989706050731, 86.75244309307219, 50.74597022341741], [121.08123341188424, 11.853740506605465, 0.0, 9.75813483410255, 62.80543296198505, 94.57146319898312, 116.58417059584781, 46.03970696280041, 63.570348265356245, 102.92801536929998, 50.641935991031445, 90.36071456199527, 47.435543077295584, 105.51080226806472, 36.71177233834812, 94.79552635030531, 71.98230281909444, 43.216584360561, 32.997847545289346, 77.68845590504189, 27.521346132629265, 90.86712489616232, 90.01877055933117, 89.99738794595042, 65.41225216388015, 77.29902262872827, 54.85085856189524, 10.848153471089864, 100.07788865340797, 27.771464042870242, 83.20814081395667, 69.41960205242468, 76.48702097664933, 86.65142082613505, 63.19382912305753, 91.95149046162972, 42.64480732218509, 65.02595440735445, 95.53864876088475, 86.06535249726475, 54.110639622717, 28.657304965731658, 32.63405557781882, 81.29210199399397, 48.24099451847072, 71.90362078343698, 108.14450834950486, 107.18938696455578, 92.36221410248505, 38.45206251507717, 31.862154311146092, 60.63657496765426, 85.06751612823196, 83.46762531504649, 30.119533832800943, 83.03353649164062, 8.233545746117464, 111.64246326157993, 84.72621625077684, 5.77114288073647, 83.78397704839215, 104.5244034101812, 99.71206161884491, 37.04986140245278, 59.02147367803346, 81.90329713484428, 118.7133045372106, 77.1884241756357, 34.891219316180035, 66.9130482084919, 43.59506274737904, 45.00858332377194, 65.40859945734316, 27.512845850640748, 89.12316625491741, 67.0100317509042, 104.6503330103016, 66.22500867380417, 69.32112653928927, 56.20978125459434, 72.35781947691984, 90.72469335480831, 81.99346847115446, 86.58782359070364, 78.00509261870289, 46.202322228763805], [113.6726518085287, 20.504108598950282, 9.75813483410255, 0.0, 53.59172449519827, 86.26870424929119, 109.33290965503997, 44.512455721000855, 62.8995333337477, 94.90455886598988, 51.777147088735276, 90.34996100455405, 37.79640588362697, 98.47476748608452, 27.100705607423812, 91.81733469907678, 68.37844474669981, 43.39052853418594, 31.442784917980934, 71.75005613627198, 19.9683372470545, 85.22913171720396, 88.72325610911474, 80.41587514694872, 64.86444104080577, 71.34110422013299, 48.315305123566446, 1.7670041872235613, 94.5324687588801, 18.73770522361363, 74.28521438082181, 59.7523566719936, 67.46394488838214, 76.91398440150884, 53.589374113164844, 90.02270320989668, 43.41286611013793, 55.918315324430544, 90.80162100795542, 79.22938402960996, 45.09885675904502, 19.207208601139882, 22.91783709726812, 76.25768769925908, 46.47828140121309, 71.86643363653997, 101.45316785275553, 100.64718336515602, 83.77676318926436, 36.75821181606151, 33.63465254270515, 55.46253109952738, 75.31516839679676, 73.81358661311266, 27.527344974380632, 73.3984992855425, 7.976692907212039, 104.71043989077583, 75.10685036452399, 14.550703670612947, 78.26593323765553, 98.9404391251144, 91.60689901536367, 27.39391747789725, 49.42267214357689, 78.67791224044495, 111.79872995580828, 67.43776961508138, 26.07684828108213, 57.1945504784655, 39.60265783770888, 38.64184361350039, 58.85372927950343, 23.176310951063417, 83.31717818906615, 67.77559011008687, 98.23719362403922, 65.53213220363381, 60.90156532134498, 50.13540782142936, 67.72939344817804, 82.21482898737307, 75.13323913486387, 76.88317246628642, 68.36299855349273, 38.86472706088136], [66.64847070943956, 70.31865843005056, 62.80543296198505, 53.59172449519827, 0.0, 35.8643038782076, 63.43025002354133, 54.16729776597364, 66.9253387587571, 45.54718879992668, 68.58617734042393, 89.81790109397745, 28.72836914900926, 54.74174817776809, 27.19762899360029, 74.49577057141883, 54.362591302778384, 60.64080981068457, 51.322878420376476, 41.17005623001634, 36.834686345954914, 52.811793343238456, 81.6426772729469, 28.86794557781036, 68.73472836507426, 40.77230510642453, 27.90252973691706, 52.15431575210618, 60.86571748167311, 35.03478076296779, 21.27289161377965, 13.722903749600574, 14.231929796754853, 30.011318522861874, 9.167368502903614, 79.12932535945345, 62.90056179988275, 2.943097897977443, 62.99844415972254, 39.884097784351106, 9.14234313163245, 40.39396872665043, 34.827500265476374, 50.328960709947324, 53.798161960909674, 75.88379237473903, 59.54833229073235, 59.759759347939145, 31.981866354649256, 51.53035003142761, 62.219203098539154, 38.48223113349601, 30.029538588629265, 24.101870619686085, 48.01526099315759, 23.274979457696105, 60.41605498256018, 61.021842782950294, 24.499736048755835, 68.09214003700826, 48.47299466574196, 64.31620481562992, 41.99057299720131, 33.07066033259244, 28.864290055851733, 63.275491167983546, 67.65272845632744, 27.931919701942295, 28.105893573211993, 25.60370098037075, 42.244905934073465, 30.306288433928565, 29.86705781185949, 43.80392040201351, 50.219697902365226, 76.96712519471728, 58.45682407486354, 68.43503516943046, 13.776075728599235, 31.249229809163076, 47.65530656342478, 30.89172405971067, 36.66439264018386, 28.37777500652384, 19.063644517834728, 24.580218423507752], [31.352107072711863, 99.77691174390088, 94.57146319898312, 86.26870424929119, 35.8643038782076, 0.0, 28.942191685331938, 69.91173878262691, 74.21541767650369, 9.830832079798842, 82.95331626137519, 87.9444388340739, 64.2870375193201, 23.398714972577405, 61.917034582998156, 63.66644788664997, 53.973770791278454, 77.831710573005, 73.55996193619644, 33.57747663281609, 67.07903213149716, 35.64483516179516, 76.91456902773747, 32.04065735075014, 75.31866741492213, 33.517972163715825, 43.39563926265249, 84.63927816868173, 39.06659292164116, 67.66417109712717, 16.381515809216367, 40.77899174668266, 22.61775639500728, 42.38171639689532, 41.94056578434835, 72.1652909246848, 80.46559570954896, 32.94790566068731, 46.420681791850484, 22.20842851950787, 42.20330603580617, 75.6863418482312, 70.17995432840961, 41.39752667350569, 68.38825349472066, 80.41393289987582, 29.20307477926571, 30.4602041717341, 5.6694607289564205, 71.21763368414962, 84.33699913214356, 46.18277644088243, 44.79639112552415, 36.01401245811337, 72.12086373609957, 35.07840254981059, 93.7663199003318, 28.621247261730055, 34.08294163122663, 100.21814555961555, 36.59859041711591, 40.483820771846055, 6.28947981998715, 68.82682070076783, 61.83610527936158, 57.74929405237949, 34.14585114773588, 50.47908932716238, 60.26900768863337, 55.12536884445131, 60.70159000492491, 52.146960600369226, 35.23303961835376, 70.32513740845238, 33.61778983552154, 84.51877089918358, 30.699788307846376, 74.48779358750468, 25.384796303403814, 44.24338365108346, 45.92214840907618, 5.4093499898926485, 23.244574037356355, 39.14965502107211, 36.50345066664366, 49.032099765857645], [5.2382804563929515, 119.72966283435318, 116.58417059584781, 109.33290965503997, 63.43025002354133, 28.942191685331938, 0.0, 82.89289323968724, 80.58694445503434, 19.464772559526505, 93.27857284021306, 85.11949965362234, 92.15749123830902, 11.507846232255787, 87.56087772843516, 57.014544752272485, 58.95549682757503, 90.73113528639588, 90.29401565940537, 41.80083285462811, 89.41756732609912, 33.28114652746737, 73.22464083435462, 59.40819245732014, 80.98804808845652, 42.05796801952476, 61.94546369983109, 107.60647309979707, 28.985104995581054, 91.50824374556458, 45.30419623205541, 69.66876933732713, 51.217603634261245, 70.2434373046468, 70.39798605372374, 67.33130721293038, 93.31829385130166, 60.49198803337476, 39.14626482436702, 30.9060027976068, 68.23233060819388, 101.54548476130252, 96.22733204087642, 44.061429466370086, 80.83717899026585, 83.75171378340184, 12.095804653911802, 14.347440731363402, 34.33621339991508, 86.59020586661279, 99.93669307588438, 59.38801242583321, 72.86188127772678, 64.37848703737968, 90.19846119385765, 63.51427905432033, 117.18469346220836, 7.113044663015171, 62.32850998618894, 122.35193137532985, 39.12701219119835, 26.885057030958954, 22.76549122991358, 95.54259294000171, 90.56518309770375, 57.400820040329855, 6.1669652168609455, 79.20979151226271, 84.26886550874735, 84.05683406525065, 76.86913654443394, 71.75458479468787, 51.569317784732334, 90.09038496052676, 33.247857170579785, 89.63152071700515, 17.290544644486015, 79.88843135271887, 50.92838391929776, 61.205965844977285, 52.61503522563956, 34.34761527757697, 34.848139700119134, 67.04103151224345, 65.33416144611402, 70.50845046931138], [88.00210181511581, 43.03365337983345, 46.03970696280041, 44.512455721000855, 54.16729776597364, 69.91173878262691, 82.89289323968724, 0.0, 18.641917096824006, 75.17348685549602, 14.430501381878743, 46.295970141919, 61.90090114564605, 71.40802855315286, 45.975139791930594, 49.17194818665045, 27.91358175301326, 7.9883567302053295, 13.161444392345492, 41.10559220844034, 31.815856485080204, 51.59735062185457, 44.248907631636655, 81.65611074673754, 20.681531811527137, 40.864848780532235, 28.1807238130941, 43.011892369960684, 59.87547250571073, 38.65985960667499, 66.14010890280082, 67.16444481904416, 61.881451796179704, 84.17766803076425, 60.88042446440707, 45.91801276634306, 10.633203485467199, 54.374649347913554, 53.06086439195449, 52.81752918148513, 46.37926013363252, 52.80917859350664, 51.29474959809447, 40.621497296656386, 2.3818393752782314, 28.09929806793417, 72.13426476235915, 70.54812182991957, 70.4498913255377, 7.756614705896925, 18.138468548219123, 24.133049506845108, 84.12147923162951, 78.04646547222994, 17.080394482318315, 77.13818629212257, 51.38919236970683, 76.58437658682114, 78.13005573038562, 50.998773733288445, 44.66656494380085, 64.23000163851822, 72.89521854615421, 54.966868716742134, 71.23350656919916, 36.75047589527171, 83.16646823581101, 80.51660216085436, 37.59549809432017, 74.13887493959051, 12.016450535718853, 24.01205842051508, 34.67877559774804, 22.567934612528763, 50.659727631982534, 25.72259589249418, 67.59166902758591, 21.21130105534992, 50.45368666870671, 26.188004089965737, 31.209252764650653, 68.35800499610497, 49.4555802795648, 82.4414338466865, 73.20430061521704, 29.925404085075023], [85.82520959145184, 58.807508195300265, 63.570348265356245, 62.8995333337477, 66.9253387587571, 74.21541767650369, 80.58694445503434, 18.641917096824006, 0.0, 77.27334540196823, 16.020536694288225, 27.654305426343775, 79.08026253921214, 69.62033735728524, 63.50597919275237, 35.35181940721187, 21.680109131449157, 20.524891049789062, 31.465396085913138, 41.293156552866286, 50.18544036152773, 47.360395708936935, 26.633623958009984, 92.08766798755381, 2.073875431036349, 41.24061106439091, 39.0559749232179, 61.4531484775857, 53.73295526216278, 56.95390053918201, 74.45771243550283, 80.5384620856305, 71.65057909989862, 96.35990683081079, 74.76760370991165, 29.506925838733913, 21.703301136453927, 66.45338223519583, 44.85089023315179, 53.70161479833607, 60.43165200144042, 71.27013732085469, 69.45714406942683, 36.56683931270034, 17.09074075229041, 9.716382149266467, 68.81297882344205, 66.83249880954922, 76.12212917378241, 26.266728193473426, 32.715323549790874, 29.843037656993534, 96.75789510720504, 89.68868653043042, 35.664349514231326, 88.68939553727036, 69.4901657894182, 73.68474330824758, 89.38567927951279, 68.1360726696249, 41.645506129211064, 57.6142693878103, 75.73174064616718, 72.89609736746762, 87.59620016885006, 25.58886400831693, 79.4718817845325, 94.50502289526912, 55.103648455306825, 89.38023016835517, 28.20824953244343, 38.90228253819689, 41.0773884498763, 41.202211043164965, 47.372469281893196, 10.47486427945848, 63.7624926333635, 2.6552109056564572, 59.926456365269836, 35.87731994769095, 28.90881142496179, 74.00084313998579, 51.38271967702876, 94.21023326409191, 85.37693792780753, 44.62927348844364], [21.55129540583605, 107.5339587516464, 102.92801536929998, 94.90455886598988, 45.54718879992668, 9.830832079798842, 19.464772559526505, 75.17348685549602, 77.27334540196823, 0.0, 87.46905719269412, 88.0585322304539, 74.06732645466977, 16.33654622673141, 71.19630818203947, 62.049232994415284, 56.112595433438294, 83.159834487892, 80.1281179881895, 35.98095082944199, 75.41029077287762, 34.18824592707294, 76.57461038966144, 40.18591451401505, 78.15257665965723, 36.04238310043993, 50.16231645911584, 93.24136021379066, 35.230298219081675, 76.45531725431204, 26.135459268276335, 50.53155572516116, 32.4480070340382, 50.9161583077151, 51.76999640132809, 71.3512162206521, 85.80541036714499, 42.61602411361347, 43.97913756776646, 23.58322136506008, 51.50470477919664, 85.05745375123003, 79.58636238785489, 42.18331042803772, 73.44701922399156, 82.52481942579672, 22.098731836858555, 23.83656056948828, 14.938584214738103, 77.30659086427548, 90.62330250625693, 51.06089601216526, 53.48678253741628, 44.9347788293491, 79.12007703138346, 44.06090570864568, 102.52568418308759, 20.32978824339024, 42.90121312084931, 108.62777823496262, 37.026729952380144, 35.623243078253516, 3.564328704825286, 78.39025339762239, 71.64480226595849, 58.12913933121177, 25.025856317716787, 59.747430173501975, 69.06979698182215, 64.81258114733718, 66.92995464665341, 59.440897242183055, 40.925815990338, 77.86063995184071, 32.70802100732315, 87.28747906111418, 24.912468579812113, 77.21681979655035, 34.35988353773823, 50.4496194943293, 48.39875851777702, 15.185057807400039, 26.104224864974814, 47.6992097411018, 45.89688347734935, 56.9257018765999], [98.4839068027368, 44.29275685256977, 50.641935991031445, 51.777147088735276, 68.58617734042393, 82.95331626137519, 93.27857284021306, 14.430501381878743, 16.020536694288225, 87.46905719269412, 0.0, 40.053631607356714, 74.7228632755466, 81.96568299421457, 58.638048196304275, 51.357106208265954, 34.990617555423235, 9.208365688215876, 22.163962772906004, 52.13167547086686, 43.385426141185114, 60.628268043580825, 41.8066381222627, 96.03969487496526, 17.167192406741552, 51.96965971008425, 42.389602619166034, 50.57000883964044, 67.91651064071236, 50.22252383725727, 80.20246795847977, 81.51203447805749, 76.1590035695588, 98.59749410890626, 75.17286260359371, 45.28053264191885, 8.414078145125172, 68.80469550096419, 59.6938481422964, 64.38536478444878, 60.70084492164145, 63.54340337291959, 62.89774189450353, 49.5083046616175, 15.135519498451053, 21.989680282285303, 81.91212401328791, 80.09961010791488, 83.90966778267935, 18.6907443670573, 18.78625396308693, 36.77126090206831, 98.51579453497119, 92.47680760684658, 26.937196975704907, 91.56768310795199, 57.43274758977775, 86.62067831989278, 92.55381633666073, 54.613602810211994, 54.213451270665196, 72.02501706829307, 85.45139862914446, 66.94867427149352, 84.60401442177209, 41.004463277866996, 92.82417065298564, 94.73663964287536, 50.44405303921965, 88.03300679020921, 26.36756240267113, 38.367609832850455, 47.92865181879242, 33.17101464780642, 60.18947279524447, 16.392045050677062, 77.05367288858983, 18.30730756899157, 64.63888297817903, 40.12407533717052, 40.66356334502814, 81.79657673979032, 61.40451465633256, 96.8714483528772, 87.6296749543563, 44.251984804420566], [90.0936936798976, 84.33068046782039, 90.36071456199527, 90.34996100455405, 89.81790109397745, 87.9444388340739, 85.11949965362234, 46.295970141919, 27.654305426343775, 88.0585322304539, 40.053631607356714, 0.0, 105.53126006505595, 76.02095574704518, 90.37272045295832, 28.416747670730107, 36.05253672587681, 47.21052299333264, 58.996960399114215, 54.9842911093078, 77.69104888280809, 54.02722869892973, 11.898785606606848, 111.69439713221118, 25.618698112820496, 55.15176680735439, 62.45087931140366, 88.94781896859854, 56.14286272781652, 84.39261590945063, 92.64021090751326, 103.51828236950915, 91.48853325505092, 117.70032470835163, 98.39496994699, 17.922449669632794, 47.73225757247687, 88.75938427230318, 45.99457892450889, 65.75212672944306, 84.68564237962485, 98.7969000284657, 96.76217419636347, 46.54843322017253, 44.69781905889427, 18.505540521503807, 73.12096369086962, 70.81298665585223, 91.29041006921592, 53.88699787845938, 58.691709595975496, 51.35226738745209, 118.56469291455949, 110.6589519924873, 63.28942465035023, 109.59771736506741, 96.69334746000804, 78.04346677827934, 109.96251185024364, 94.56633162264798, 51.41307202126396, 58.52245724101416, 87.56764233904676, 100.00636124013425, 113.23718986413887, 30.19550662356929, 82.0620934920306, 117.74846952733704, 82.03696227365093, 113.94543581226664, 55.18546038493733, 64.73076556363921, 60.8237804965284, 68.85478758211208, 55.35365180639014, 23.831449032787923, 67.99633378594986, 25.112467870978286, 80.2494260886051, 58.89786124734196, 43.83382721364249, 89.29213582058169, 65.01603956185839, 115.1746332067937, 107.02905113645282, 70.04636335602977], [95.32149764802597, 58.084609930036365, 47.435543077295584, 37.79640588362697, 28.72836914900926, 64.2870375193201, 92.15749123830902, 61.90090114564605, 79.08026253921214, 74.06732645466977, 74.7228632755466, 105.53126006505595, 0.0, 83.34018663084193, 16.091987557173358, 96.29243493179492, 73.45599448847855, 65.56732049789072, 53.034755694020696, 65.8418214110281, 31.881132658143777, 78.8355874279781, 99.73152616074262, 47.36388805221369, 81.12885274604449, 65.40609151045119, 45.356908941662915, 37.11090365502342, 87.55726251583977, 25.567974404290116, 48.67921205976845, 26.740334639728946, 41.82927280618449, 41.26769290532904, 22.83122880861153, 98.64723937275112, 67.01004196481466, 31.665535642303745, 87.99109583024787, 67.34677579567271, 25.79454231019034, 18.93440575492199, 14.999487487053003, 73.95766870215455, 62.65760989504986, 88.77832505593881, 87.97685291662735, 88.03997754380799, 59.94710373435515, 56.04565812908184, 61.52724334840797, 56.7741709284827, 39.17896872437422, 39.99739495206724, 48.37978334682795, 39.91869291256035, 41.88311921309553, 89.65844263553177, 41.77966411810105, 51.30939393336457, 73.39082520138898, 91.35820436435618, 70.50302365820778, 10.404699603137695, 11.6673997614067, 83.68801347577876, 96.34724690578432, 30.395706816353925, 24.337789173189726, 19.731904913518683, 50.89405889812573, 40.849496887631076, 52.476840298745515, 42.240051471235375, 76.3353148413043, 87.53391816123208, 86.52478044588268, 81.25216419340752, 41.85351966588459, 48.86542325306323, 68.68056888158296, 59.11834706611409, 63.723568851302325, 42.00749451029107, 35.0801620590473, 35.899449158068236], [16.597229125540238, 108.39484827586182, 105.51080226806472, 98.47476748608452, 54.74174817776809, 23.398714972577405, 11.507846232255787, 71.40802855315286, 69.62033735728524, 16.33654622673141, 81.96568299421457, 76.02095574704518, 83.34018663084193, 0.0, 77.56510688965022, 48.57953419393004, 47.94204263204597, 79.26175980133829, 78.81594950131938, 30.30616260599677, 78.5170695550535, 22.69922547147578, 64.20962905752587, 55.40984005489973, 70.11939130248614, 30.558322586903007, 50.733189367582746, 96.73562603498638, 20.512220463370653, 80.92198162855303, 38.80451673257513, 62.55383703543743, 43.807122601739536, 65.77119688135127, 62.407072216165396, 58.54798434600946, 81.85502357150676, 51.85120257835273, 30.28623390701191, 19.54282668492372, 58.627470976850645, 91.53150619075788, 86.3250898400972, 33.05851971092454, 69.36541021155473, 73.27594839226224, 5.853748842803871, 7.505158066026358, 29.06289088817322, 75.08552601212683, 88.42943817850693, 47.88283132276143, 68.15322776428634, 59.30816802332619, 78.78562206999808, 58.34521945723567, 106.37208447181996, 6.3910366618711025, 57.42377812452127, 111.28181745763638, 27.99382227787218, 19.932817945069722, 18.367403375659034, 85.95500880667714, 82.8103751563706, 47.27288516559427, 13.409268351799158, 73.42457137850839, 73.7788433513969, 77.05847461642577, 65.39604195289313, 60.570399667427935, 40.27305112035713, 78.81833581986857, 22.285222774883348, 78.90963147623876, 8.980110144944412, 69.04891186746964, 41.56684841024243, 49.852387386864976, 41.327264859966625, 28.402482340659713, 23.55870914190562, 62.53985138461402, 59.373888881221916, 59.610041546121465], [91.38433469396801, 45.7986291170227, 36.71177233834812, 27.100705607423812, 27.19762899360029, 61.917034582998156, 87.56087772843516, 45.975139791930594, 63.50597919275237, 71.19630818203947, 58.638048196304275, 90.37272045295832, 16.091987557173358, 77.56510688965022, 0.0, 83.33156666172256, 59.86119625522428, 49.47696656940871, 36.9673372505835, 55.51637807117886, 15.998480469459107, 69.09365084508771, 85.26800948369007, 53.31518609261626, 65.56957857277195, 55.0750634876856, 32.828189532588944, 25.865091380979834, 78.24195958109232, 10.384148518538659, 48.3916341897022, 32.7274434514278, 41.38997906170825, 50.18405336741375, 26.491130582038103, 84.6835009960569, 50.922759367087835, 29.794856459295175, 77.13538029964839, 59.621058830065536, 19.714611363004234, 13.985530461661991, 8.83003753383255, 62.580637386922774, 46.84173308410579, 73.22209593522386, 81.48475873976622, 81.14363473094653, 58.670679784612496, 39.96948687707946, 45.75226755337915, 43.59457936780065, 48.79303008838781, 46.760327353809764, 32.34210882522689, 46.32176733159032, 33.41196573088535, 83.95342220889727, 48.01753801355819, 41.62950418146171, 62.919598728345925, 82.35879976350238, 67.72416206427559, 10.06150634253722, 26.651678151988015, 70.35407035444169, 90.94022389981471, 41.66296728386196, 8.410201411234691, 32.3148028366449, 35.314131605774506, 26.35291738582352, 41.72444353257625, 26.260806577095003, 66.7603642332596, 71.67181848564813, 79.19198278607601, 65.76341270660333, 36.90221292020175, 36.02394295494731, 56.08865860376013, 57.34394917579699, 55.65832202273319, 49.95699347622566, 41.294075623287966, 22.407344313403332], [61.893971928932835, 92.1474986328619, 94.79552635030531, 91.81733469907678, 74.49577057141883, 63.66644788664997, 57.014544752272485, 49.17194818665045, 35.35181940721187, 62.049232994415284, 51.357106208265954, 28.416747670730107, 96.29243493179492, 48.57953419393004, 83.33156666172256, 0.0, 23.809844811799007, 54.26880111232929, 61.864095129971524, 34.10466659356856, 74.70523028710038, 28.103423195069748, 16.614536593223658, 91.21123712497491, 34.442884793292365, 34.4330901058196, 50.962932458869695, 90.1506707862011, 28.216911836408364, 80.43701570358158, 71.65546586350396, 87.49252991567108, 72.23988799466906, 98.90234748292337, 83.63380298369736, 10.497958969011368, 56.05217501008417, 72.68857427659215, 18.30896165879508, 41.9172297842344, 71.91883259676341, 94.72187683686028, 91.26846202363949, 24.599232790153714, 46.84742438326578, 32.93797502737087, 45.16023565233502, 42.82651750871567, 67.86029558669829, 56.45362604490017, 66.49413392064608, 39.75632540125244, 100.30673217422317, 91.69542243658621, 64.78306514335094, 90.60658184230445, 99.30976718397815, 50.00259951697117, 90.5800652098464, 99.97134287020084, 28.034669822408457, 30.22404317605845, 62.1400422936817, 93.39260074744153, 101.54196645486232, 13.237948737650186, 53.71603002590212, 101.48645156590324, 75.82854437969083, 100.01802116908654, 52.307450198555586, 57.26544894800594, 44.85321025664327, 68.64670064593119, 30.04882711517333, 40.149437698769894, 40.14358598214648, 33.23721106965961, 62.398181877068915, 47.51973186699407, 27.630117977197937, 66.05613284504977, 42.45955256776834, 96.02786221776667, 89.04335451278409, 60.97984839392034], [64.19244234145917, 70.5405617184032, 71.98230281909444, 68.37844474669981, 54.362591302778384, 53.973770791278454, 58.95549682757503, 27.91358175301326, 21.680109131449157, 56.112595433438294, 34.990617555423235, 36.05253672587681, 73.45599448847855, 47.94204263204597, 59.86119625522428, 23.809844811799007, 0.0, 34.614492262650494, 39.52519462032306, 20.422148173115886, 50.90901751427175, 25.835059156639797, 27.284598308982723, 75.70061593472506, 22.263074918607142, 20.46123219398604, 28.276871925471347, 66.68333387251738, 32.94260031025783, 56.63474061355569, 56.827794891902016, 67.95388028377879, 55.44245729611996, 81.67660965220207, 63.21302606925608, 25.280068389201595, 36.91180611492265, 53.07635723776023, 25.25879533050775, 32.571682708504305, 50.23308552217342, 70.95446259858814, 67.61510328792123, 14.899794283157405, 25.539255722959318, 26.495069371490658, 47.273960437472766, 45.35635287093871, 56.5725141049558, 34.33898186622122, 46.0314028960153, 16.738858431723894, 82.59674584342378, 74.61693068985932, 41.86704626145882, 73.55351570910287, 76.00946271347972, 52.101837552310194, 73.90999747426977, 77.35333850646978, 19.96699658227606, 37.106963165181426, 54.83464828986432, 69.91340143980334, 79.64778125395712, 10.594903264314077, 58.05490926121025, 82.19317845158366, 52.17575403298788, 79.22331805988921, 28.7758542448161, 33.609058155649535, 24.858004418633307, 45.22204143324783, 25.71437285566789, 31.26681701043108, 42.29114005247077, 21.246406706250216, 44.216582351989956, 24.68965330018286, 8.119770055919842, 54.494559035415016, 30.752384555878102, 79.12879996037151, 71.06693975059206, 37.69791209018747], [95.85895458489561, 38.362755090189594, 43.216584360561, 43.39052853418594, 60.64080981068457, 77.831710573005, 90.73113528639588, 7.9883567302053295, 20.524891049789062, 83.159834487892, 9.208365688215876, 47.21052299333264, 65.56732049789072, 79.26175980133829, 49.47696656940871, 54.26880111232929, 34.614492262650494, 0.0, 12.998693384701161, 48.97963937303076, 34.17710170214514, 59.09890083618377, 47.151773509200304, 88.62054467089173, 22.276610458061672, 48.74986862930748, 35.656531561522506, 42.08538235973999, 67.14617501577756, 41.0162067637028, 73.63627929411966, 73.25674856989032, 69.127070225512, 90.60041755705821, 66.81259301605274, 49.71649787253158, 2.6456362737041363, 61.07794747507735, 59.87251226028363, 60.77416465188304, 52.441504982476474, 54.41485748258526, 53.69573837791234, 48.03194166340308, 9.897465905238487, 28.716810938718652, 79.85239467931684, 78.21765971600935, 78.26725045146014, 9.642102554524667, 12.317371048244711, 32.12108513024317, 90.38029169156117, 84.68501006880365, 17.761442267660893, 83.81089745107711, 49.500607906552425, 84.35731099870618, 84.8860666386036, 47.65205881559683, 52.26433334235907, 71.44624374231284, 80.87034937170529, 57.74034323396052, 75.5594780949276, 42.54086348348999, 90.87562146809056, 86.227150137896, 41.32765091689903, 79.22470683471995, 18.57133398081885, 30.34161853085713, 42.603839765816325, 23.980085771789366, 58.276535524660694, 24.409074377974438, 75.23679296511966, 23.16109981273086, 57.85771274454914, 33.90843269777908, 38.698925476699294, 76.18429468136883, 57.43540692368974, 89.013096411254, 79.70149110656966, 36.095925738517295], [95.22273869138542, 31.1447256769981, 32.997847545289346, 31.442784917980934, 51.322878420376476, 73.55996193619644, 90.29401565940537, 13.161444392345492, 31.465396085913138, 80.1281179881895, 22.163962772906004, 58.996960399114215, 53.034755694020696, 78.81594950131938, 36.9673372505835, 61.864095129971524, 39.52519462032306, 12.998693384701161, 0.0, 48.94426545998872, 21.33657192290163, 60.967113615844454, 57.40198652286176, 80.01207573178304, 33.44384644269465, 48.6231058911407, 30.16483557580539, 29.98775439101963, 69.79103606361807, 28.11845178542633, 66.87306163256065, 63.06607142895802, 61.55571352876439, 80.8145892740919, 56.45137568057713, 59.03729918974413, 14.054852079923357, 52.2344443560408, 64.01382939165659, 59.468943600574754, 42.55561121610524, 41.41834184049808, 40.7607370005593, 50.50028603099454, 15.278719889059472, 40.56922953734477, 80.34695024572925, 79.00736689598114, 73.08808755779704, 5.4601547430906034, 11.090477640218351, 31.104335692143582, 80.30708199814514, 75.37115468136767, 4.775284491321497, 74.57708819233662, 38.22965496082563, 84.45888994647076, 75.82205352937969, 38.10734622877807, 53.838997643236276, 74.2313245262467, 77.44010014432602, 44.88175066629128, 63.384820416058325, 49.106240000851884, 91.31732286967227, 75.3635912397109, 29.07271451850261, 67.683348359976, 13.430036223786729, 22.154434457999084, 39.34734791764504, 11.02280463870961, 59.631806570786985, 37.062505590170005, 76.19164702857272, 34.09313897429109, 51.06367946979706, 29.698072899979817, 41.14909959151484, 71.09979568425572, 55.68938476246684, 79.52469189111653, 70.15440572630865, 27.086934230530918], [46.89735754152418, 79.27333596984184, 77.68845590504189, 71.75005613627198, 41.17005623001634, 33.57747663281609, 41.80083285462811, 41.10559220844034, 41.293156552866286, 35.98095082944199, 52.13167547086686, 54.9842911093078, 65.8418214110281, 30.30616260599677, 55.51637807117886, 34.10466659356856, 20.422148173115886, 48.97963937303076, 48.94426545998872, 0.0, 52.05589240517265, 13.699854924200409, 44.574761220475615, 57.55189711368777, 42.199514137456596, 0.4416829852911113, 23.698333585808538, 69.98308451607389, 23.005223339377533, 55.948972134108004, 38.10658009854184, 53.68745606708091, 38.17155150192749, 64.85156536263665, 50.32943711549387, 40.61419843580233, 51.58324873247272, 39.09577219800422, 22.18136241954121, 12.430107413313237, 40.23100961567627, 68.72110665817746, 64.21603418190531, 9.506273020184423, 39.082349028563804, 46.90847758538639, 31.41073012922164, 30.073575258882663, 36.42276119784123, 44.947329178323585, 58.22660064207564, 17.839946083746415, 66.21187661150289, 57.6490279227669, 49.39330699972919, 56.56104712906285, 79.72477557341087, 35.63527338321102, 56.59855373434999, 83.4170121117207, 7.5490986045139605, 27.3237044174113, 34.50362027035785, 65.19272606686891, 69.33033601224425, 25.09633157762132, 42.40646035736255, 67.52828584067217, 49.609099149107124, 66.76206776812073, 35.64211574175837, 33.120775659993235, 13.795050090428884, 50.305270379867714, 11.594877510468885, 51.36092039568132, 27.303024107805903, 41.28739962530866, 28.435831032270993, 21.61564403031062, 12.471695325565129, 34.38600855192347, 10.336367609682732, 62.02046269531368, 54.93999741187021, 34.09154615917508], [93.80715559332185, 33.586617145780195, 27.521346132629265, 19.9683372470545, 36.834686345954914, 67.07903213149716, 89.41756732609912, 31.815856485080204, 50.18544036152773, 75.41029077287762, 43.385426141185114, 77.69104888280809, 31.881132658143777, 78.5170695550535, 15.998480469459107, 74.70523028710038, 50.90901751427175, 34.17710170214514, 21.33657192290163, 52.05589240517265, 0.0, 65.64627397857389, 74.02150637213215, 65.30033948918681, 52.25620292724614, 51.6385685896025, 28.45890880992498, 18.222250261175603, 74.97142426951345, 6.879852349011266, 56.288352981486, 45.99111818488447, 49.8025958090207, 63.92495912149483, 39.34287380804781, 74.35125756939715, 35.39000776264899, 38.686795589007616, 71.83682144628712, 59.26220324286174, 27.7545201375864, 21.106408252593695, 19.582409033264984, 57.15266993614661, 33.11021249013094, 59.81134010372575, 81.4904563103245, 80.70189762610774, 65.01546630260216, 24.995953298228034, 29.753859419533963, 36.500959966222325, 62.91152533204414, 59.513099876609196, 16.600649207888367, 58.89733231518779, 27.905612663948734, 84.74501147875574, 60.41520711310841, 33.218989281008604, 58.787923643881506, 79.3450019933904, 72.19074687073696, 23.56491741317884, 42.64948502712602, 61.46832262762864, 91.8330393883654, 56.66114732531766, 9.332572358641468, 47.92655382340693, 23.02258282808324, 18.98690846134902, 38.9505270273865, 10.386681130607911, 63.64875401876729, 57.40115097997192, 78.31723468352743, 52.63300248197455, 41.91407196676672, 30.51116227440617, 49.097638079672414, 63.32851647465201, 55.1657628758381, 63.21158690195492, 54.0472612428885, 18.914052115406086], [38.515547494743174, 91.80448512176042, 90.86712489616232, 85.22913171720396, 52.811793343238456, 35.64483516179516, 33.28114652746737, 51.59735062185457, 47.360395708936935, 34.18824592707294, 60.628268043580825, 54.02722869892973, 78.8355874279781, 22.69922547147578, 69.09365084508771, 28.103423195069748, 25.835059156639797, 59.09890083618377, 60.967113615844454, 13.699854924200409, 65.64627397857389, 0.0, 42.428809386730855, 64.58669639217914, 47.716795262012944, 14.133825414158373, 37.37454475359069, 83.46270636506785, 9.327398041472476, 69.64129977870314, 45.186717041180735, 64.3352362911788, 47.09890400018651, 73.20537535769697, 61.821390197187874, 37.16450757200675, 61.586373078212006, 50.424046305276555, 11.12679226644195, 14.670674803482761, 53.06186011433713, 82.38899049666736, 77.82897525155799, 11.137343569502855, 49.36564797349241, 50.597955185085524, 21.455670834092974, 19.521966690094825, 40.0731064227484, 56.513031047931165, 69.4360655103319, 30.32295473969331, 74.95038309550065, 66.05864948137908, 61.93552275698577, 64.97954860899073, 93.19488463781387, 26.32917871882355, 64.68029969541881, 96.5595206716856, 7.143918351755139, 13.711446241705197, 34.07758312489172, 78.67711977658828, 81.5103407236292, 24.641161533586672, 32.22972678878732, 77.58431479007879, 63.30226107079878, 78.09295007968845, 48.020289097866666, 46.67085537424372, 27.435930354829843, 63.376471069497285, 2.6026760110910496, 56.35921592068739, 16.458565091103853, 46.61137454048248, 39.292905346253185, 35.14096643257685, 20.405045248019253, 38.37534263385057, 16.574469690978916, 70.15930233759394, 64.21223070479415, 47.7913894117089], [78.19508463339471, 85.42841799458958, 90.01877055933117, 88.72325610911474, 81.6426772729469, 76.91456902773747, 73.22464083435462, 44.248907631636655, 26.633623958009984, 76.57461038966144, 41.8066381222627, 11.898785606606848, 99.73152616074262, 64.20962905752587, 85.26800948369007, 16.614536593223658, 27.284598308982723, 47.151773509200304, 57.40198652286176, 44.574761220475615, 74.02150637213215, 42.428809386730855, 0.0, 101.91983