instance_id,num_cities,city_coordinates,distance_matrix,best_route,total_distance
500,89,"[[9.240926522278958, 20.513935449032882], [32.54645083399268, 44.02486723374669], [85.66491473856901, 61.544817872257696], [0.27586860267519997, 88.1395165118434], [91.09283630314667, 74.39750135131811], [99.930395390542, 98.90365428993866], [37.91792697388395, 19.356730562394166], [33.621666220362, 38.276449312269115], [45.195978001333735, 81.21475935412414], [81.62249297464889, 52.0902631849324], [65.7521578490773, 30.618537660945666], [0.4649414344310321, 2.170458063156433], [79.63877423175072, 1.1347898655783561], [62.890394529016056, 64.61018981476968], [97.96979058581162, 99.04621438760952], [0.23336738697622428, 69.28759418092775], [23.134728309751495, 44.554008416678215], [26.237105840312413, 78.36801298054799], [38.19612584110652, 73.47280095117286], [27.479047203866436, 55.15405876280299], [80.73839271502239, 20.924129372051915], [70.93024668070264, 29.862606730370423], [52.944948666167214, 27.086758654955357], [76.7071573389901, 46.842212615021204], [9.741670356941402, 85.79316045754074], [73.84836829083484, 27.69148962250787], [68.09843192502323, 32.866788219317975], [13.754901637193917, 10.11953517745745], [64.83732195789291, 84.47863836550056], [82.20399967884894, 51.85629383039432], [81.9591934312823, 21.217265100288763], [4.568851079104941, 98.92861202332925], [16.368825359334615, 22.69799705597453], [52.521078286713575, 4.897962529324085], [5.56603125368026, 52.88514216071326], [59.511282770062024, 85.06061536988709], [27.53124088022262, 78.34867593953184], [57.68011899752865, 71.45415914266628], [56.43407691934, 19.958657566439687], [85.30910886857016, 17.26947401515737], [76.9802278464645, 53.28033057184146], [87.78662031421858, 85.78524855505658], [70.75114439210537, 3.042468675201404], [22.750035328605133, 55.34234707390729], [47.467946388507784, 20.79840442333761], [85.50366959922025, 81.40501582108965], [33.89298942082281, 73.94518075057522], [35.30080126935623, 25.221828603124496], [40.26316852215726, 56.90558541896915], [18.853265426556664, 84.75875923769132], [48.41445363535354, 95.02079520434522], [54.39183266971441, 88.32850986721964], [19.454668252908856, 18.23239925019189], [28.490191288393664, 4.561119614256581], [14.790146106887224, 39.654166520986955], [43.040317872999054, 14.11364689557163], [78.09502491965013, 99.24458812958197], [93.67105867743724, 99.19734258836465], [11.436612495444242, 26.600804584634307], [40.61033594781851, 39.66775959921994], [2.7836464787790005, 6.730297224923665], [4.486263648970256, 47.96357892533789], [78.75937991141733, 23.567638921737966], [39.377037521391955, 35.378712867457196], [87.24865711693928, 16.15920246946927], [80.2461657172889, 47.14448405990971], [27.940940889815614, 58.73887128681733], [72.60528383763875, 69.62811837301417], [64.95502125624533, 84.75231610034868], [82.76236061514052, 97.67071749103934], [37.66152205578137, 26.135023358812447], [73.80451440414282, 95.97218418504896], [69.147401076231, 58.08619070736354], [60.84345455066544, 28.87884684030533], [41.28999055070006, 94.15536348657379], [0.2037441739492385, 37.188809171448625], [77.26990311816574, 95.01097113686124], [16.46959347182948, 67.97373679960275], [93.70278130198683, 62.46663060756868], [78.64740287452598, 47.30175460996237], [35.58766028626687, 44.65530258964847], [89.8585096355799, 19.48768710362302], [17.007216663486858, 20.57703370476395], [0.25743189209996853, 36.16164721677213], [32.16719480582238, 4.861531244542327], [23.885230158905223, 66.30498021648886], [11.47499662042961, 78.51719708229035], [74.78957340606456, 10.394553371484527], [95.58546235372891, 16.86292153446779]]","[[0.0, 33.1045522070507, 86.74191194176053, 68.21723739337885, 97.99578464975534, 119.87296519050453, 28.70033933686174, 30.165002353179784, 70.55037738820663, 78.96933351234378, 57.407510413985975, 20.334725886234363, 73.01649297022354, 69.44598668385142, 118.49105516152376, 49.59844662558819, 27.766217538571706, 60.29895851864532, 60.3576424561694, 39.14801641449217, 71.49864286150452, 62.393668559678424, 44.19551511691868, 72.42147802373856, 65.28114553298946, 65.00491378188659, 60.1398280160362, 11.332234040285213, 84.74929146975286, 79.41003383299041, 72.7216681247576, 78.55373823821635, 7.4550028124888, 46.01119588732259, 32.57913257294475, 81.81309556595586, 60.65799870516468, 70.29410898227316, 47.19641700305777, 76.13734231941982, 75.24792085654472, 102.1262470075236, 63.94340508310932, 37.3565827807208, 38.228078299208235, 97.58959806503884, 58.84404965353211, 26.481716896449488, 47.81978341893003, 64.95994491104855, 84.17741607507664, 81.47036779992044, 10.465463561956176, 25.000530536256118, 19.92842902704566, 34.4000370529844, 104.59159879082125, 115.41024986885411, 6.470781464915349, 36.754711633794905, 15.22120718777941, 27.85838735488963, 69.58549034473361, 33.60277955542007, 78.12918617170158, 75.83488717244096, 42.55392175991321, 80.17009880422304, 85.03311061421147, 106.57659351916197, 28.971138737861292, 99.3096379133749, 70.71393114995419, 52.27611922765741, 80.31315227598871, 18.966340671185712, 100.88483524770848, 48.00714915617336, 94.3071235055629, 74.39654706391747, 35.73452094891513, 80.62411483356851, 7.766546462057594, 18.0431166746962, 27.759890756084808, 48.07572578648046, 58.04626972768852, 66.32516115266229, 86.42169155109667], [33.1045522070507, 0.0, 55.933173322793344, 54.65796152874439, 65.95586520350278, 86.90383911404017, 25.246182340265793, 5.848110526234084, 39.28229389282927, 49.734379698965455, 35.80989599239573, 52.73532793463365, 63.696512146635584, 36.66756638681553, 85.48427941386547, 41.016347163803815, 9.426585344905282, 34.91789647208598, 29.98499004355232, 12.228551984639683, 53.442561241198796, 40.91314466241137, 26.51411390252659, 44.25048512748658, 47.58832137652408, 44.41427259117412, 37.26185833783963, 38.76459548431975, 51.761066031532394, 50.271297972282014, 54.422475559865106, 61.62115935264695, 26.768469466479644, 43.930631837295024, 28.398019517408926, 49.10228901419175, 34.68827143216749, 37.20305538500116, 33.908717577404, 59.15867771641874, 45.3874888179208, 69.24886838285005, 56.02816792900471, 14.96847041907219, 27.606513801397124, 64.8208494834803, 29.950598109405668, 19.003702483080975, 15.01534657761694, 42.9738674590901, 53.40766033525968, 49.396694809905675, 28.924836660438885, 39.671660132594326, 18.28631680471346, 31.698617439112414, 71.58135355698838, 82.34208960653604, 27.37194245719223, 9.165731289309825, 47.71487687534914, 28.33527050599612, 50.53843096223637, 11.01875218978007, 61.39077003082088, 47.80161931451518, 15.417932323100041, 47.541945379994765, 52.04844404970997, 73.48139114752962, 18.60673177840464, 66.33816057140571, 39.20905987733567, 32.09551920595667, 50.88728860267907, 33.05725886894932, 67.82160404645334, 28.844647616598255, 63.8764071676433, 46.217267010501104, 3.1058660097584494, 62.34376707269723, 28.12949867681084, 33.23267929712042, 39.16517229552569, 23.904396627112728, 40.4193889248096, 53.99517955441348, 68.6417385237001], [86.74191194176053, 55.933173322793344, 0.0, 89.43470912195211, 13.951838772151854, 39.98983116637105, 63.71506534145322, 57.00804058877415, 44.99601580742901, 10.28249862888587, 36.78250527966508, 103.84772531821024, 60.70984972124127, 22.979888509766006, 39.46852809793769, 85.78169890981142, 64.79746770344103, 61.763131106666776, 48.94448589701137, 58.5357752384047, 40.91834495039163, 34.94099233872206, 47.51793371772639, 17.216504261313585, 79.70145014719368, 35.85636071238642, 33.630502571527074, 88.40593693005044, 30.979811869247325, 10.288120876057093, 40.49745526552524, 89.29792610239915, 79.44195044677122, 65.6306339676114, 80.56563236861544, 35.17108467325998, 60.51358262583435, 29.68743567708692, 50.83159065576507, 44.27677349899829, 11.988558576936308, 24.333107369124072, 60.37338327045595, 63.219875792148514, 55.850502236648815, 19.860852513468615, 53.23627758042673, 62.09592156482828, 45.638153306801364, 70.72965119035376, 50.082311355813104, 41.17489306563289, 79.11865991398581, 80.72230713230978, 74.1783893406787, 63.76968118292566, 38.452254931611016, 38.494297737027516, 82.042214246949, 50.08513500724376, 99.36768238289692, 82.30688576334391, 38.59990326786848, 53.17172771684877, 45.413239538826915, 15.386112402510156, 57.79213175798164, 15.358831539347726, 31.104463699862098, 36.242315650434364, 59.65047574447607, 36.41308346361197, 16.875732856716663, 41.02646157445257, 55.068880340374704, 88.86409192755485, 34.503038046477016, 69.49333409602443, 8.090552367440171, 15.877982360984387, 52.848719378638734, 42.265689236664215, 79.9514780636574, 89.0996267034571, 77.94229288981902, 61.96279990692951, 76.10654115399923, 52.293619186259576, 45.769958764736266], [68.21723739337885, 54.65796152874439, 89.43470912195211, 0.0, 91.8507735567893, 100.2341826495307, 78.40915891265024, 59.9855623405248, 45.45072595768779, 88.97652478121849, 87.15392969593474, 85.96926636356427, 117.76371787898363, 66.8895213901104, 98.30085681722406, 18.851970239850573, 49.21609475589775, 27.739288386168088, 40.65782156444708, 42.75574053764054, 104.84334053664114, 91.58733184928352, 80.63170118921177, 86.87467529171215, 9.752270996267066, 95.22014842026913, 87.4927116308167, 79.17576535129659, 64.66516286332481, 89.60296261723899, 105.59712727648925, 11.61181641686162, 67.39121401091224, 98.27877819933362, 35.64907757241008, 59.315376790709095, 28.96059179471515, 59.78000597132945, 88.33104713446431, 110.69424047166818, 84.25391131217538, 87.5424139644992, 110.491049628954, 39.75855245309601, 82.2308797414984, 85.49345917823449, 36.49095750738188, 72.00959213941218, 50.739950791905834, 18.882510227686712, 48.62792783362543, 54.116294084069125, 72.49021589054689, 88.21222382745147, 50.611198515794094, 85.49051113333789, 78.60752957268713, 94.04752546792245, 62.54258764953692, 63.058547986874004, 81.44783566665022, 40.39595756261574, 101.63261741616721, 65.67041808920891, 112.89566666433971, 89.86568369703025, 40.370213825301356, 74.66067351213775, 64.76778454302307, 83.03532475174846, 72.4033442271834, 73.9446579292687, 75.1431326014977, 84.73641152117746, 41.45296869936853, 50.9507583890542, 77.30005329646434, 25.86301213200973, 96.89006702019925, 88.37318700419605, 56.01606459165607, 112.86329454488582, 69.60335545782928, 51.977872564850216, 89.17555448202357, 32.15818602356089, 14.765144752504321, 107.68737854188117, 119.01374564544948], [97.99578464975534, 65.95586520350278, 13.951838772151854, 91.8507735567893, 0.0, 26.050988128557893, 76.53141466884155, 67.8797892681765, 46.40039448812389, 24.2342789736249, 50.58406514225092, 115.88857195808806, 74.15268324327944, 29.852457003347002, 25.59006749798261, 91.00304524035747, 74.22222384556974, 64.97715549687949, 52.90479230216234, 66.4606970037569, 54.46665046478092, 48.88646908073852, 60.774729169656126, 31.084428522983465, 82.14543960118701, 49.78778172041214, 47.47149424609626, 100.5624834311641, 28.1243907850916, 24.230506660711985, 53.958882121723526, 89.93428384021662, 90.86537600161678, 79.48563651973936, 88.19079305639015, 33.333114527989935, 63.68428529342247, 33.54210698662768, 64.53539582786335, 57.42005756143581, 25.398831059346012, 11.857986782826885, 74.1978781233898, 70.94954086942158, 69.10856829337017, 8.963483892345499, 57.2016352675966, 74.37067946071981, 53.75520672186199, 72.97884121731313, 47.400048486123836, 39.25603986613179, 91.03046641440461, 93.78811959394302, 83.84032351034226, 77.09207245574152, 28.041412627175667, 24.933498671345873, 92.8958460487287, 61.275099382156355, 111.25360003936653, 90.55081822780996, 52.304770921749885, 64.78417783983386, 58.365033798218825, 29.332187342302273, 65.06423433648621, 19.092841856534694, 28.114187946884808, 24.71921144928863, 72.00119529686849, 27.64693497405556, 27.343390101125657, 54.653206721109136, 53.57888167177213, 98.21055870834876, 24.819118002780566, 74.89921976681471, 12.21300493740287, 29.81724844277083, 62.971604329598215, 54.923685810756055, 91.57140260521366, 98.554813357424, 91.1453913511901, 67.69306627681405, 79.72435191745761, 66.04675413069636, 57.70971810303608], [119.87296519050453, 86.90383911404017, 39.98983116637105, 100.2341826495307, 26.050988128557893, 0.0, 100.86257637817306, 89.84712320140606, 57.52176501974143, 50.26602110392411, 76.36104422070171, 138.74684783066024, 99.85239476387561, 50.47775123290973, 1.965780908895948, 104.00292500273406, 94.08219007300174, 76.50106854627542, 66.76712018905842, 84.63583734361507, 80.30653319074652, 74.88441008190797, 85.82131846187836, 57.00624961238794, 91.13666206152034, 75.83827881915, 73.30853687326744, 123.728879127763, 37.94212549883829, 50.276030383651275, 79.73794056273496, 95.36154757736804, 113.09216675146342, 105.28396569109199, 104.98731674608082, 42.72393230461244, 75.26051228097504, 50.384130826344034, 90.13457842704703, 82.93323464506304, 51.07051847580479, 17.876348680010715, 100.20377036964663, 88.62502730978245, 94.08899304390084, 22.678905734657278, 70.59648991716664, 98.01018249555135, 72.96585332231777, 82.30175611271038, 51.66206393092078, 46.75034089972087, 113.94820774377565, 118.3394127549604, 103.727353426982, 102.10693548378025, 21.838031950798836, 6.266222857882844, 114.27533280018277, 83.8317402425726, 133.91571445039554, 108.18721533551786, 78.25424658109685, 87.76176463562625, 83.7106372733486, 55.37581241598622, 82.43598336284938, 40.0464570792691, 37.72979152328007, 17.212250033028067, 95.77414178143766, 26.289830244627982, 51.123948128736586, 80.19515323620395, 58.83233248252085, 117.27799056462025, 22.99240944652554, 89.00766962949628, 36.96538748702036, 55.81865119311941, 84.15979576316293, 80.05210007738067, 114.0671427821923, 117.77630960482264, 115.9127786759096, 82.7377828229277, 90.77425410907476, 92.01044438240847, 82.15570749588235], [28.70033933686174, 25.246182340265793, 63.71506534145322, 78.40915891265024, 76.53141466884155, 100.86257637817306, 0.0, 19.40138175586014, 62.28471524183648, 54.60378418448664, 30.0262003513357, 41.20793719948288, 45.526566076001394, 51.68655250738375, 99.78296525757702, 62.55571255250635, 29.213794241919363, 60.15623853757482, 54.116785463781696, 37.28832145780588, 42.8491426438911, 34.64371063385187, 16.898660161448802, 47.54004749663756, 72.16440018566304, 36.88447941642933, 33.066365645458355, 25.868466750099834, 70.46642251612732, 54.931574237775045, 44.08054831712351, 86.27772123943026, 21.806600885403842, 20.55013385113408, 46.591839854176534, 69.16121379311267, 59.899356151693766, 55.71971193622559, 18.525931148549898, 47.437124293839915, 51.736582676680335, 83.0640390191436, 36.66299642631667, 39.05162650487948, 9.658224181547025, 78.19458168408599, 54.73663321993386, 6.422516794892676, 37.622023589380234, 68.12405356963524, 76.38866244473907, 70.91188834989988, 18.497460460756805, 17.54401047321039, 30.771417814670084, 7.329994192401416, 89.4218596654027, 97.38036261708673, 27.45426423974452, 20.488703390349112, 37.334226719383096, 44.000316884436586, 41.057959365506036, 16.088285196800868, 49.43425049853585, 50.63436619093178, 40.62626317248441, 61.077206538930966, 70.7643065046583, 90.24468836039644, 6.783140623339837, 84.6036340306655, 49.75189580136557, 24.82439350888213, 74.87460383930095, 41.717413771546155, 85.27685584822804, 53.13797423203232, 70.50115924091317, 49.3944792072975, 25.40566648316064, 51.9407477502217, 20.94628715177525, 41.23976374284491, 15.594284970239274, 49.00055842012738, 64.80115249383606, 37.945209587258816, 57.7214320703622], [30.165002353179784, 5.848110526234084, 57.00804058877415, 59.9855623405248, 67.8797892681765, 89.84712320140606, 19.40138175586014, 0.0, 44.47092491115526, 49.94898219987719, 33.03047234240558, 49.0205161397855, 59.13608962542052, 39.37161852983499, 88.50788358481653, 45.56829605166736, 12.222258999479166, 40.76598103044077, 35.49237734375065, 17.960664496241872, 50.210446352131655, 38.24556082682908, 22.329317532937246, 43.9287132282765, 53.179808579010185, 41.59602061616537, 34.89859318933493, 34.460124036314475, 55.758940417072004, 50.444576531160166, 51.259460617965345, 67.25140079701663, 23.245401534014984, 38.357674021934535, 31.631195995786793, 53.46990217680667, 40.532414530724864, 40.98255213650305, 29.25658176107425, 55.79323201469217, 45.88116518938762, 72.04809683455264, 51.18624366799374, 20.23455521273668, 22.298016226433504, 67.46714403107349, 35.66976336755144, 13.162166097280052, 19.777620304442763, 48.77202884860824, 58.640833471436146, 54.190484221219485, 24.545218970318427, 34.10359939395115, 18.881849869422286, 25.93360791679562, 75.46518127482818, 85.54112912524165, 25.069848196258263, 7.125815663770868, 44.11511275175654, 30.703618078940707, 47.47380646588474, 6.443692677053308, 58.008850708550696, 47.46036234189851, 21.236321558725393, 50.026488937607134, 56.05163094422884, 77.08752777260855, 12.795884469400427, 70.30973695492597, 40.67559085237759, 28.79827585326775, 56.402626245012414, 33.435616862502236, 71.58194291126719, 34.294642200732966, 64.7680882885307, 45.92137951942097, 6.674945827608378, 59.29249651212862, 24.27569251175229, 33.4311908285406, 33.44655791809685, 29.671480108475162, 45.93248039741636, 49.72118968109432, 65.55952412234339], [70.55037738820663, 39.28229389282927, 44.99601580742901, 45.45072595768779, 46.40039448812389, 57.52176501974143, 62.28471524183648, 44.47092491115526, 0.0, 46.638259725363014, 54.612582612050524, 90.82327454417654, 87.17286117511831, 24.265286024326507, 55.70490178891628, 46.5176700010549, 42.78678998536557, 19.17140575266765, 10.437233837471764, 31.51269192234665, 69.98730818737765, 57.43950002877151, 54.67985923586185, 46.63074514289641, 35.74870189541129, 60.70996517924588, 53.4981187386881, 77.73719948432773, 19.910683027479674, 47.238894635580415, 70.36500071404687, 44.32092077497029, 65.23201820657752, 76.66753270967237, 48.71447310140029, 14.822906567726687, 17.8957361317539, 15.846863819090066, 62.27844629977576, 75.48551374306142, 42.31513735780753, 42.835174613393804, 82.24338003298512, 34.25203730677833, 60.4590587379186, 40.30814061047164, 13.4389108161464, 56.860555894603344, 24.80460736975032, 26.58003839297532, 14.176219922968494, 11.62622851334624, 68.03964073851178, 78.45294000270256, 51.49560651002331, 67.13572941261756, 37.51562359612206, 51.70306321999821, 64.20575375248018, 41.799297861052366, 85.71313180519886, 52.56350295175091, 66.70601503555612, 46.20393084832716, 77.46388385804478, 48.880459465386096, 28.335522760908653, 29.757693049919734, 20.073218428598494, 41.012579300634464, 55.592673471498955, 32.190525667519765, 33.295665708326645, 54.62500582165628, 13.517247252206372, 62.9490698443231, 34.91521347427624, 31.63115309985214, 52.00386810560989, 47.63496317647746, 37.8009741703469, 76.19037459284884, 66.8695748280873, 63.63376336248348, 77.45685659971926, 26.008642554670857, 33.82870715090518, 76.75469017853182, 81.73285241607338], [78.96933351234378, 49.734379698965455, 10.28249862888587, 88.97652478121849, 24.2342789736249, 50.26602110392411, 54.60378418448664, 49.94898219987719, 46.638259725363014, 0.0, 26.700234717608282, 95.28134715357045, 50.9940722167815, 22.53086937944004, 49.72017188763654, 83.18616445847096, 58.97129599583559, 61.30302800303832, 48.40518860351552, 54.2300614353021, 31.1786710767384, 24.66562065451502, 38.047033870533355, 7.190449165074628, 79.38978488928107, 25.607365462888858, 23.504089368184555, 79.79694206813463, 36.47942999690358, 0.6268107416856946, 30.87483405513148, 90.17258259179492, 71.56777518859587, 55.44371540588263, 76.060615315019, 39.69823346084021, 60.12792856513258, 30.792819590323766, 40.82764238843207, 35.015403684025046, 4.79237789680044, 34.254175000301984, 50.23815647764126, 58.9622109397718, 46.32184665209797, 29.57056398025252, 52.49517055211594, 53.55008776199223, 41.63869651398902, 70.76161785412559, 54.2752656025746, 45.32901259953758, 70.7897830259169, 71.28857531919932, 67.97954904298652, 54.13693397638723, 47.28608031825684, 48.62350116369325, 74.67108087055867, 42.85225337517773, 90.95652933513067, 77.24653647615581, 28.665964335291687, 45.43076513186435, 36.36887195245807, 5.133712874018401, 54.09170938257653, 19.720203478126336, 36.66898299834938, 45.59470487884469, 51.051360790491366, 44.57290409642795, 13.841208933045513, 31.15346347597649, 58.27678281412752, 82.77116640465691, 43.140841548972226, 67.06105462705172, 15.924897706458426, 5.637461793787237, 46.631367765708426, 33.6267741179064, 71.89031621183464, 82.90955295759377, 68.38405982145807, 59.46132943133274, 74.96035005241461, 42.25187577703498, 37.893668516517174], [57.407510413985975, 35.80989599239573, 36.78250527966508, 87.15392969593474, 50.58406514225092, 76.36104422070171, 30.0262003513357, 33.03047234240558, 54.612582612050524, 26.700234717608282, 0.0, 71.2159663276081, 32.59032829875085, 34.111905626139055, 75.63281563823939, 76.07895790402414, 44.83795987467848, 61.979446016826465, 50.94921767968989, 45.46232279811756, 17.848495385579138, 5.2329757805672426, 13.28525761895382, 19.575996598883222, 78.62196709478377, 8.60907856489568, 3.249558833546073, 55.89207239298165, 53.867869575588315, 26.864574939960956, 18.736379803009417, 91.70421629730512, 50.01448281515538, 28.924201829730578, 64.17298115645112, 54.79861628744188, 61.147400550089145, 41.6257827916698, 14.158378291399721, 23.67850994885762, 25.29083655798189, 59.40440662949287, 28.025514217653566, 49.602916175907936, 20.75445507690328, 54.49209649414139, 53.77922102779133, 30.925872440403218, 36.6155357292564, 71.6286932928298, 66.6951779672934, 58.817496378456816, 47.92571301126021, 45.469145442040414, 51.75682785592188, 28.07559606270035, 69.72719104083893, 74.04402412576442, 54.46393895170507, 26.720771437268812, 67.34746806911589, 63.67385843972532, 14.795370857453547, 26.801235797936037, 25.90698467503809, 21.981427807701944, 47.12155866660915, 39.60697821276554, 54.1396471624447, 69.17616510120959, 28.44618989898352, 65.84785159811477, 27.67669851065915, 5.20786829933897, 68.08322748614377, 65.8768776054804, 65.41440166380659, 61.839971331544966, 42.37379350191666, 21.085944893087362, 33.270522732299504, 26.55206264274147, 49.76847489012181, 65.72887639179187, 42.32461603076207, 55.01237875682329, 72.38985982444356, 22.1513977096265, 32.85183454065061], [20.334725886234363, 52.73532793463365, 103.84772531821024, 85.96926636356427, 115.88857195808806, 138.74684783066024, 41.20793719948288, 49.0205161397855, 90.82327454417654, 95.28134715357045, 71.2159663276081, 0.0, 79.18060626462398, 88.293019516141, 137.44856409387586, 67.11753561619273, 48.06541976870657, 80.4379999350598, 80.67010833047652, 59.47288334713418, 82.4349875238637, 75.71138845152237, 58.09451948526609, 88.36538429033992, 84.13568835661539, 77.69459691022652, 74.27350618489139, 15.485828010155785, 104.49133896615817, 95.65540193095883, 83.69046520862489, 96.84514666286667, 25.967544762616157, 52.127542284252506, 50.97058269687557, 101.77056845403979, 80.8437099872945, 89.85436983726314, 58.72788237708476, 86.1772187431865, 92.01526027007452, 120.8987543004025, 70.29161207935773, 57.65305881602262, 50.55969600690604, 116.23123689860729, 79.17730236018642, 41.77203387685907, 67.67446376576073, 84.61062551556432, 104.50043458062191, 101.64309858014819, 24.87158377217265, 28.12703134049061, 40.12779446542504, 44.218801864958984, 124.29729116145448, 134.54217410234276, 26.780952130769375, 54.933599218711244, 5.1155181813645045, 45.96934794677325, 81.16562354298426, 51.156030035844694, 87.90391503071737, 91.58442423484635, 62.88812225464477, 98.76621353748561, 104.77945252910493, 126.06809570465619, 44.24800560172601, 119.06912608575834, 88.56550919847936, 66.0219878313174, 100.63750524084355, 35.019325212695236, 120.4921698992458, 67.72163892955227, 111.03568438422629, 90.27364623647188, 55.12320195693738, 91.05545814158225, 24.74770487548397, 33.99182255024052, 31.816265395100487, 68.27698628215822, 77.1365404594637, 74.77824992174686, 96.24854275683558], [73.01649297022354, 63.696512146635584, 60.70984972124127, 117.76371787898363, 74.15268324327944, 99.85239476387561, 45.526566076001394, 59.13608962542052, 87.17286117511831, 50.9940722167815, 32.59032829875085, 79.18060626462398, 0.0, 65.64780743769569, 99.61261572966677, 104.64235935905911, 71.25963615640744, 93.89733190946279, 83.36834503245316, 75.09140121088474, 19.819866773296635, 30.018759366842513, 37.22989400160303, 45.801341377761034, 109.78453826186967, 27.180638383604865, 33.765355322847974, 66.49368628956532, 84.64797736622698, 50.786330306956444, 20.21608658505181, 123.28473147298473, 66.84353622194222, 27.37756201462517, 90.35967139695595, 86.3056203217382, 93.15137806077848, 73.66814939458494, 29.87969164131604, 17.10206793052205, 52.2132673219294, 85.04168126349953, 9.090060649260767, 78.57981848085755, 37.70437509886216, 80.48419827904235, 85.9885448696148, 50.45831231381082, 68.27019819551928, 103.3820406756145, 98.94210526958456, 90.77528774926299, 62.56560444158829, 51.26321559032513, 75.42603627129078, 38.83165896080743, 98.12194289424816, 99.06144180897984, 72.8014613258311, 54.84531658561598, 77.05855153410354, 88.5484914140178, 22.450079089996006, 52.85502535703542, 16.841712846923915, 46.013703222763894, 77.40087963734796, 68.85351143661147, 84.8970158195691, 96.5864489170336, 48.857971457697126, 95.01668247756703, 57.90967940275659, 33.511143509750426, 100.61538812028232, 87.23426109271455, 93.90606455619115, 91.96624503114678, 62.92369175177594, 46.17760767814983, 61.92362770061158, 21.006471116170545, 65.57982043989675, 86.76565131171266, 47.61763806088984, 85.76486102744313, 103.12292434225613, 10.45265367421819, 22.398013033605533], [69.44598668385142, 36.66756638681553, 22.979888509766006, 66.8895213901104, 29.852457003347002, 50.47775123290973, 51.68655250738375, 39.37161852983499, 24.265286024326507, 22.53086937944004, 34.111905626139055, 88.293019516141, 65.64780743769569, 0.0, 49.15693049907362, 62.83137084198363, 44.52823159312217, 39.1502397177626, 26.23647808273372, 36.65217502215046, 47.19134365805317, 35.66558218826953, 38.81906463860485, 22.507864143846785, 57.2145534490288, 38.51061688483867, 32.16779753679657, 73.37252963149861, 19.96361125213454, 23.14470148141724, 47.3979430656192, 67.66946529465727, 62.61699689269564, 60.60588095821718, 58.511190104223324, 20.727718197257037, 37.93436104324501, 8.601563071628657, 45.1158882124764, 52.380741929245254, 18.08007503795397, 32.683408191349685, 62.06750901018746, 41.19637539647596, 46.447006855464515, 28.167825439378166, 30.462953874833666, 48.08979782835963, 23.90297650212743, 48.42761184878899, 33.68022839764142, 25.194925278452928, 63.54181123311446, 69.20451441157779, 54.18890104911091, 54.257961535982545, 37.824890375847296, 46.30032853449205, 63.9703450915434, 33.44436926358701, 83.44401193247354, 60.730158553701045, 44.00358713643654, 37.514759792503625, 54.22935672711489, 24.622625186097252, 35.43919709777999, 10.934289245050964, 20.247664922825095, 38.57322291903378, 46.0090691069093, 33.20681712435063, 9.039507469178112, 35.78992643236045, 36.599108449845005, 68.42184043947007, 33.63001296846406, 46.54249906386715, 30.886858446949905, 23.406521339991606, 33.81769982268893, 52.5672852953081, 63.59390574613202, 68.79104290986878, 67.18494773513521, 39.0419666774757, 53.26300773742643, 55.50608698961283, 57.86855007941445], [118.49105516152376, 85.48427941386547, 39.46852809793769, 98.30085681722406, 25.59006749798261, 1.965780908895948, 99.78296525757702, 88.50788358481653, 55.70490178891628, 49.72017188763654, 75.63281563823939, 137.44856409387586, 99.61261572966677, 49.15693049907362, 0.0, 102.16645191209969, 92.57260424899043, 74.65364072989459, 65.0145404644478, 83.03894404393328, 79.99988274841064, 74.2799333808742, 84.88462557630082, 56.36805277514245, 89.21796140684505, 75.32157565954137, 72.60863940472792, 122.4749027187746, 36.19357330438571, 49.75388191004144, 79.45869724840051, 93.40101354402726, 111.74868149383812, 104.54414750533543, 103.29230042867273, 40.922534174933396, 73.41646533602926, 48.832152823029375, 89.3311656350956, 82.75100076427317, 50.34955675502387, 16.71975393336854, 99.78764398176199, 86.9944802796576, 93.12978058351455, 21.601297630367416, 68.81786350349043, 96.83719408575651, 71.45548852166678, 80.3962432451663, 49.71856212597493, 44.87658193672425, 112.67429676734352, 117.28106348792737, 102.20698902438838, 101.14735781668838, 19.87575564415944, 4.301387654366844, 112.85534241647693, 82.5585121560752, 132.59951203361445, 106.52983363510185, 77.88488449395139, 86.52549601988225, 83.57750563145144, 54.84447546917913, 80.80050555280813, 38.843050545780486, 35.976249417234, 15.269509423204788, 94.62097563610288, 24.360013025911627, 50.084465425202396, 79.38403048417908, 56.89042234468289, 115.69156585975817, 21.089536013528427, 87.22259451011031, 36.82761623767243, 55.23444382399253, 82.76413152400596, 79.97094561308137, 112.7490607196573, 116.19885468347839, 114.89445656838551, 80.99697839238266, 88.89763739625468, 91.63208755353212, 82.2178730283359], [49.59844662558819, 41.016347163803815, 85.78169890981142, 18.851970239850573, 91.00304524035747, 104.00292500273406, 62.55571255250635, 45.56829605166736, 46.5176700010549, 83.18616445847096, 76.07895790402414, 67.11753561619273, 104.64235935905911, 62.83137084198363, 102.16645191209969, 0.0, 33.70790110452897, 27.543573100199108, 38.192760899892356, 30.693385152177104, 93.91530136984454, 80.94676261190638, 67.52348717330091, 79.69965936730141, 19.048400024157207, 84.55414994256701, 77.02040049004235, 60.693418874849634, 66.36594585793763, 83.80354879263714, 94.81491011726533, 29.95640762138007, 49.304599828445966, 82.9459424888506, 17.247542902996052, 61.34052045419602, 28.762425139222735, 57.48759235120167, 74.77876529775888, 99.71843668160632, 78.39842523060615, 89.09402167367844, 96.7531577108187, 26.485283688672123, 67.69273946886409, 86.1269780415689, 33.98033649208275, 56.316219822117006, 41.90106346983762, 24.20862555408699, 54.62247437626006, 57.408151267516295, 54.55356392018893, 70.62552376319518, 33.015751416216446, 69.83265331462114, 83.42577059982784, 98.10807919579136, 44.13246771934059, 50.07628371605645, 62.60925910668298, 21.743982000450423, 90.86610452688613, 51.78840742408462, 101.95237443353433, 83.02026994944559, 29.64768429594421, 72.37271756309191, 66.54359551165307, 87.27334307846462, 57.12277243332713, 78.26098016961956, 69.8184465531948, 72.84538096288786, 48.000544328651685, 32.09879867875918, 81.2177318045751, 16.28929890133187, 93.71796456221543, 81.4379401942543, 43.089161229323565, 102.53144331370075, 51.51777092861363, 33.125955705042806, 71.90609792708644, 23.83918200448637, 14.545095308703708, 95.01062104703605, 108.81345650532893], [27.766217538571706, 9.426585344905282, 64.79746770344103, 49.21609475589775, 74.22222384556974, 94.08219007300174, 29.213794241919363, 12.222258999479166, 42.78678998536557, 58.97129599583559, 44.83795987467848, 48.06541976870657, 71.25963615640744, 44.52823159312217, 92.57260424899043, 33.70790110452897, 0.0, 33.956025253076, 32.605862314170594, 11.455748513045492, 62.261973439481835, 50.00248853663561, 34.55074604023, 53.62127404814363, 43.3594472102298, 53.4435947538588, 46.45778469474826, 35.68913133812356, 57.732853675636086, 59.518922976978054, 63.2844474215367, 57.456847413723175, 22.87930670570392, 49.35746691624719, 19.443942648264663, 54.44298780619675, 34.07944946390021, 43.78358284622259, 41.39780068154869, 67.8977128877003, 54.54802030059252, 76.6803906035037, 63.170649927288686, 10.79519521235288, 34.006385035118505, 72.44226379876037, 31.29826182545641, 22.841771113510426, 21.117407950633552, 40.43207777248072, 56.444318413899964, 53.78860056009141, 26.57762124674113, 40.349871604237705, 9.6768022994753, 36.37097888971558, 77.5351127733849, 89.22593721075673, 21.428099342682295, 18.145861506849947, 42.95113106785661, 18.957594922825216, 59.451909728661064, 18.65472210841254, 70.12033137309604, 57.17015695984435, 14.976982807275231, 55.46212089652002, 58.0072481915976, 79.85511453399207, 23.458191471244646, 72.1890297912255, 47.96129702857777, 40.836977424358786, 52.81957943610937, 24.084770984137368, 74.00352855427576, 24.34969609538572, 72.80598970461507, 55.58063643461874, 12.453343941335467, 71.27680870091122, 24.747559784974456, 24.36806143070844, 40.70722534223098, 21.763915715278372, 35.90887811395591, 61.92811470494404, 77.56226631700027], [60.29895851864532, 34.91789647208598, 61.763131106666776, 27.739288386168088, 64.97715549687949, 76.50106854627542, 60.15623853757482, 40.76598103044077, 19.17140575266765, 61.30302800303832, 61.979446016826465, 80.4379999350598, 93.89733190946279, 39.1502397177626, 74.65364072989459, 27.543573100199108, 33.956025253076, 0.0, 12.922122898035466, 23.24715227235515, 79.1845315388421, 65.9564346646612, 57.8193385781667, 59.50716080411018, 18.089560714432707, 69.5337495881713, 61.82824658958446, 69.38054586270773, 39.08089593291265, 61.92870463872665, 79.81954039437132, 29.870579127204884, 56.537895545319955, 78.03009368742653, 32.8126504535445, 33.94056241570061, 1.2942794994430877, 32.1941679702468, 65.7534019062075, 84.98548702852652, 56.60615019210686, 61.99482329631516, 87.49535560866784, 23.2882148564001, 61.359664436935496, 59.34432547465803, 8.841606094642227, 53.91351860813355, 25.63915426044821, 9.765384630366805, 27.73355208074567, 29.8646972371669, 60.51688605962486, 73.84127505954557, 40.37071704630875, 66.41514507698967, 55.902371695594475, 70.5776095312858, 53.84141963542049, 41.283160677233916, 75.37922177037068, 37.3835357644283, 75.90566692010391, 44.95261648443643, 87.13406621054574, 62.38499264288461, 19.702950477237437, 47.18467641663485, 39.24074796026234, 59.73021704948486, 53.46777057900023, 50.720461366944875, 47.46204538317685, 60.3885497120033, 21.813522734861863, 48.718197277844865, 53.678063062998724, 14.263424385267118, 69.31429381355389, 60.92578800772688, 34.98542139731095, 86.68665293027155, 58.523398225586504, 49.561282968069534, 73.74529688288331, 12.290161865799758, 14.76286301893916, 83.53282778613685, 92.6934238492818], [60.3576424561694, 29.98499004355232, 48.94448589701137, 40.65782156444708, 52.90479230216234, 66.76712018905842, 54.116785463781696, 35.49237734375065, 10.437233837471764, 48.40518860351552, 50.94921767968989, 80.67010833047652, 83.36834503245316, 26.23647808273372, 65.0145404644478, 38.192760899892356, 32.605862314170594, 12.922122898035466, 0.0, 21.22338544815011, 67.61070444464983, 54.52863199381945, 48.674353561516455, 46.82187290316949, 31.00721360049116, 58.02594987302111, 50.42812884805269, 67.90441609189305, 28.825020168660586, 49.03025943049173, 68.1604512306464, 42.17572673067375, 55.26763751887182, 70.05506924664031, 38.58205239819122, 24.26135523643643, 11.726633282020565, 19.588284868016267, 56.536593474791346, 73.33789694573142, 43.72576389706861, 51.09612028408947, 77.59034049003539, 23.817956879548664, 53.484191176784506, 47.96794480867795, 4.328986685871828, 48.33776201799075, 16.695666980859947, 22.39462219957717, 23.848066572479837, 21.977101880742328, 58.33304563123678, 69.59184571645044, 41.12833478322748, 59.55648887097401, 47.49849641882383, 61.14916365445253, 53.97273013181268, 33.8911379455839, 75.55531416277522, 42.27381243011046, 64.31098489338144, 38.11238774108127, 75.43871284352939, 49.61235858045151, 17.951532016498184, 34.62328317992265, 29.03904175138745, 50.71181762473774, 47.340796239512734, 42.1210111697357, 34.56485517798864, 50.01522009269749, 20.912684951293045, 52.535217942005765, 44.616732798860404, 22.411646868008752, 56.58731824433197, 48.17913947164514, 28.93531241177889, 74.72211464125185, 56.981857329536744, 53.211527806937404, 68.87564402736434, 16.005604934253927, 27.193099844551497, 72.92424646449074, 80.61150285742663], [39.14801641449217, 12.228551984639683, 58.5357752384047, 42.75574053764054, 66.4606970037569, 84.63583734361507, 37.28832145780588, 17.960664496241872, 31.51269192234665, 54.2300614353021, 45.46232279811756, 59.47288334713418, 75.09140121088474, 36.65217502215046, 83.03894404393328, 30.693385152177104, 11.455748513045492, 23.24715227235515, 21.22338544815011, 0.0, 63.3107096025032, 50.27588171165821, 37.89835712312074, 49.92487970801993, 35.40295312640336, 53.8916194027593, 46.33202826775276, 47.07929997455634, 47.49285905767601, 54.824225274403275, 64.18560817701021, 49.407373939865366, 34.30499921224557, 56.149608452623916, 22.030166830515657, 43.823124528734496, 23.19467590105231, 34.31906190267384, 45.5753223926823, 69.13434597683685, 49.536630308739504, 67.64076553787316, 67.73545760181008, 4.732758794240516, 39.747541756775114, 63.68649425584207, 19.855601736582855, 30.937327599406075, 12.903550035088735, 30.835732543230147, 45.02941168781736, 42.718172100525194, 37.78358901313845, 50.603042438653766, 20.03134719775056, 43.89155443898053, 67.12638810458604, 79.50593206205629, 32.75130586002788, 20.30409332772669, 54.357368391507414, 24.09089238478509, 60.227688324998326, 23.078701845565334, 71.3652932909173, 53.37154750549023, 3.61444692995343, 47.39067033000442, 47.75463818933354, 69.74174511110597, 30.75365360226223, 61.742758881589396, 41.77139107299291, 42.46846405481718, 41.37443566123741, 32.660256402139105, 63.77854495574411, 16.898290340891545, 66.6262460662719, 51.76735750014515, 13.265499888938432, 71.85601854124891, 36.1279655769694, 33.19228881104171, 50.51056376752027, 11.715740276180822, 28.31900187529044, 65.12832880094761, 78.13254747417758], [71.49864286150452, 53.442561241198796, 40.91834495039163, 104.84334053664114, 54.46665046478092, 80.30653319074652, 42.8491426438911, 50.210446352131655, 69.98730818737765, 31.1786710767384, 17.848495385579138, 82.4349875238637, 19.819866773296635, 47.19134365805317, 79.99988274841064, 93.91530136984454, 62.261973439481835, 79.1845315388421, 67.61070444464983, 63.3107096025032, 0.0, 13.270120802604428, 28.468465567630123, 26.22971402143873, 96.16925589584517, 9.65761882274053, 17.389528720321845, 67.84929868969458, 65.51350749747401, 30.966866193568215, 1.255501072874759, 109.02521903999637, 64.39400444232746, 32.4508067267517, 81.68470031867442, 67.55796794432128, 78.28524480930048, 55.54248729981433, 24.323484579798354, 5.8521749746552, 32.57372498288345, 65.24294823168253, 20.48167274274484, 67.43339901078073, 33.27068387527101, 60.66832360832518, 70.7511392069429, 45.640387104668996, 54.15633806600047, 88.90798023570656, 80.8402927078365, 72.37051703669364, 61.34280964381384, 54.750549226937196, 68.55644041436149, 38.308321789883166, 78.36505377584818, 79.3344172229289, 69.5338865810898, 44.28978001757, 79.23640155747832, 80.90438195333161, 3.3022165913389308, 43.814343398929324, 8.067717829090345, 26.224974497115603, 64.94247935916326, 49.378396132491275, 65.75068239667219, 76.7732716117153, 43.39089998990845, 75.36769334167454, 38.927752180931215, 21.42629446645692, 83.18046695741748, 82.16063184160087, 74.1679886660505, 79.65013568882654, 43.51844184178388, 26.460373234418103, 51.00742319640002, 9.232545642192557, 63.732121228734144, 81.91072582421022, 51.158267415350856, 72.74409746499929, 90.07985061506574, 12.093817508229325, 15.392494468300319], [62.393668559678424, 40.91314466241137, 34.94099233872206, 91.58733184928352, 48.88646908073852, 74.88441008190797, 34.64371063385187, 38.24556082682908, 57.43950002877151, 24.66562065451502, 5.2329757805672426, 75.71138845152237, 30.018759366842513, 35.66558218826953, 74.2799333808742, 80.94676261190638, 50.00248853663561, 65.9564346646612, 54.52863199381945, 50.27588171165821, 13.270120802604428, 0.0, 18.198249289682714, 17.935431769319152, 82.89914784095576, 3.637194417071216, 4.1284720211016, 60.488089366318384, 54.95484185444774, 24.71476843745396, 14.013550525400218, 95.78072829812251, 55.02981308703747, 31.018235621051733, 69.30020054827823, 56.366771191551045, 65.07205707387534, 43.651152512679054, 17.556399026906654, 19.113834502805