instance_id,num_cities,city_coordinates,distance_matrix,best_route,total_distance
261,27,"[[31.971019858375993, 48.892204547642656], [44.36849970530653, 10.853674549076098], [98.1805883460864, 78.87513999296691], [61.97280828766135, 79.46910131334943], [78.50879959706458, 57.28841054441121], [88.56982917582575, 98.63365929261441], [13.337007614263285, 46.39871847177377], [78.2824132487483, 0.455890041927387], [25.443645993860187, 42.29692393795253], [20.29733907691702, 60.71479569540998], [12.663455443951467, 81.41800680970455], [12.12153582735529, 50.50052025307797], [45.568257342117406, 50.407050370194575], [74.24176348380256, 3.246210089217816], [63.59554637177959, 75.04044070304697], [25.46390932202295, 30.735738926239375], [67.67803537571902, 27.90359291812583], [12.278310044233976, 20.80307898509497], [64.7715754999036, 5.759388853623992], [58.09326838675304, 91.73582727570373], [32.886268097718606, 61.8694684940876], [20.278034492222197, 96.44654208951202], [52.206189152289504, 13.324048547566303], [85.96816056967698, 30.96182490740478], [7.193142706128031, 36.18809748860347], [24.97543121310214, 49.259381635386355], [34.759102070943825, 15.047355030058418]]","[[0.0, 40.00784011924284, 72.68207053494896, 42.83752939626992, 47.289123677087375, 75.35009977630494, 18.800103327489833, 67.01359355126677, 9.279242204389245, 16.614706871764874, 37.82472546374796, 19.914534785078352, 13.681360497237309, 62.21231852893036, 41.03463087729388, 19.287294558685936, 41.41874907925714, 34.30454481103889, 54.18778681665391, 50.1791577912855, 13.009498794162653, 48.970817083433815, 40.92133670347424, 56.89630672582444, 27.844883414003025, 7.005218019993981, 33.959494125972476], [40.00784011924284, 0.0, 86.73327299841498, 70.83776161558274, 57.63457975604268, 98.28063516551573, 47.184781962651755, 35.47206583340114, 36.699155577897464, 55.36742883652006, 77.35977520005376, 51.10517638774789, 39.571567535715914, 30.82669953607764, 67.00462874174643, 27.435014515348865, 28.879649747901926, 33.59718620829845, 21.029437667873122, 82.03835630394316, 52.291996276009236, 88.9184429012195, 8.217793107627175, 46.20464797900519, 44.98711097298004, 43.02428898125793, 10.484630602547126], [72.68207053494896, 86.73327299841498, 0.0, 36.21265147444181, 29.20558441242502, 21.971931566052447, 90.84685545586926, 80.9043641288153, 81.41639068712387, 79.97248665465754, 85.55493084240717, 90.61611096160004, 59.82047726691417, 79.32718559342247, 34.79698330327898, 87.20732390890065, 59.401215045761546, 103.6897569056409, 80.38703380537642, 42.09976839492487, 67.47252122030278, 79.85963979753903, 80.0661662059191, 49.4452136680829, 100.50322811658195, 78.96890637434153, 89.97928125196036], [42.83752939626992, 70.83776161558274, 36.21265147444181, 0.0, 27.666261973239543, 32.782339798526614, 58.81404023216642, 80.67893634282177, 52.11670047801216, 45.700861186051775, 49.347852136635126, 57.65698617303186, 33.372325312262475, 77.20399217767641, 4.7165998018585675, 60.892038176075076, 51.880162607534125, 76.88462350486772, 73.76282809656722, 12.865589596992308, 33.99667477260081, 45.018747840882334, 66.86220797074864, 54.11776783516433, 69.81444731072718, 47.76434939804193, 69.93387734309124], [47.289123677087375, 57.63457975604268, 29.20558441242502, 27.666261973239543, 0.0, 42.55177916651083, 66.07531962606299, 56.83297139376004, 55.14213631700631, 58.312213567070856, 70.12736101243199, 66.73338179229442, 33.65163356952014, 54.21039593317122, 23.184902339983807, 59.319514110903455, 31.31729491109395, 75.6151913665557, 53.328710862960484, 40.04270762646473, 45.85195167435197, 70.1725107916109, 51.23175228312234, 27.36295264444914, 74.37167558176215, 54.13212387995677, 60.81400171501371], [75.35009977630494, 98.28063516551573, 21.971931566052447, 32.782339798526614, 42.55177916651083, 0.0, 91.58857179075684, 98.71527390175156, 84.60935381826458, 78.09592256199413, 77.83415871926216, 90.33903159594495, 64.61378326894041, 96.457549896343, 34.35629149066567, 92.6956563743587, 73.75099550193028, 108.9862152862061, 95.87485065228665, 31.24741339796883, 66.72529280122922, 68.32680808268134, 92.73642219340226, 67.72182697325479, 102.57491549987274, 80.51128334844945, 99.409580080738], [18.800103327489833, 47.184781962651755, 90.84685545586926, 58.81404023216642, 66.07531962606299, 91.58857179075684, 0.0, 79.55280760075095, 12.782621454616205, 15.918425837472844, 35.025765205363705, 4.278101157976475, 32.47953484314691, 74.64267055267209, 57.846944348117276, 19.80885340633054, 57.40223834848693, 25.617525276201388, 65.5520395212473, 63.7069565513413, 24.93025655108489, 50.52684932778598, 51.03672270073101, 74.25349865528463, 11.916537117442024, 11.984836152474474, 37.971227535667964], [67.01359355126677, 35.47206583340114, 80.9043641288153, 80.67893634282177, 56.83297139376004, 98.71527390175156, 79.55280760075095, 0.0, 67.39886825833621, 83.62657793589364, 104.21473971999782, 82.95617345405583, 59.71042132512219, 4.910472124884421, 76.01683534575031, 60.88237516321346, 29.424976181028, 69.06916633144733, 14.514469894600838, 93.48598029469862, 76.37039749060492, 112.15486273653497, 29.0784966333369, 31.459223987535225, 79.56428240922023, 72.27319783613787, 45.9041334345814], [9.279242204389245, 36.699155577897464, 81.41639068712387, 52.11670047801216, 55.14213631700631, 84.60935381826458, 12.782621454616205, 67.39886825833621, 0.0, 19.123348947230088, 41.15570914891961, 15.645370298910567, 21.69733008149515, 62.499716180619416, 50.27629056118508, 11.561202769501499, 44.61963272265669, 25.20538516912607, 53.68125845461206, 59.24696621463412, 20.93984537150966, 54.395447310832516, 39.4418714654064, 61.576792175872434, 19.24574318761915, 6.978183307242355, 28.79785977447185], [16.614706871764874, 55.36742883652006, 79.97248665465754, 45.700861186051775, 58.312213567070856, 78.09592256199413, 15.918425837472844, 83.62657793589364, 19.123348947230088, 0.0, 22.065790939023906, 13.083393351396682, 27.29228688944806, 78.82029723469981, 45.60656597282594, 30.421000852482944, 57.63250306425506, 40.70933501534325, 70.69691963978292, 48.8961825984371, 12.641772152779309, 35.731751608890015, 57.13193177517677, 72.09643587755107, 27.80789253884525, 12.373805288641975, 47.90258579470224], [37.82472546374796, 77.35977520005376, 85.55493084240717, 49.347852136635126, 70.12736101243199, 77.83415871926216, 35.025765205363705, 104.21473971999782, 41.15570914891961, 22.065790939023906, 0.0, 30.92223555712033, 45.21510153975915, 99.51240035070951, 51.32982793391519, 52.27374003547059, 76.7489185541271, 60.61615141331188, 91.86665688262352, 46.586750511132806, 28.12663331980044, 16.847512776038528, 78.74271357360222, 88.99104497491606, 45.55951073754655, 34.434893936854884, 69.95199080455083], [19.914534785078352, 51.10517638774789, 90.61611096160004, 57.65698617303186, 66.73338179229442, 90.33903159594495, 4.278101157976475, 82.95617345405583, 15.645370298910567, 13.083393351396682, 30.92223555712033, 0.0, 33.446852119520265, 78.05057663560939, 57.02439352784307, 23.846708606618186, 59.97621000903981, 29.697855074405254, 69.09265891847062, 61.75557254016029, 23.673341343515993, 46.66439106067977, 54.67055405472739, 76.38772546452938, 15.137189440130825, 12.91367692239703, 42.06407409849386], [13.681360497237309, 39.571567535715914, 59.82047726691417, 33.372325312262475, 33.65163356952014, 64.61378326894041, 32.47953484314691, 59.71042132512219, 21.69733008149515, 27.29228688944806, 45.21510153975915, 33.446852119520265, 0.0, 55.1934308633288, 30.525187453145055, 28.127305296422527, 31.547549540213115, 44.54902594743966, 48.60227471186322, 43.18499394666614, 17.094440044704537, 52.52837489938616, 37.67241912717508, 44.836023174395244, 40.924663033117746, 20.624781974719397, 36.97493600026356], [62.21231852893036, 30.82669953607764, 79.32718559342247, 77.20399217767641, 54.21039593317122, 96.457549896343, 74.64267055267209, 4.910472124884421, 62.499716180619416, 78.82029723469981, 99.51240035070951, 78.05057663560939, 55.1934308633288, 0.0, 72.57929104247309, 55.990653258461634, 25.516054840985387, 64.40274223652749, 9.797985913045919, 89.95102136001712, 71.74234052937321, 107.69580275777602, 24.23075244626557, 30.09424684828828, 74.70398579475001, 67.41204233031507, 41.20858617032586], [41.03463087729388, 67.00462874174643, 34.79698330327898, 4.7165998018585675, 23.184902339983807, 34.35629149066567, 57.846944348117276, 76.01683534575031, 50.27629056118508, 45.60656597282594, 51.32982793391519, 57.02439352784307, 30.525187453145055, 72.57929104247309, 0.0, 58.45449806153699, 47.31330822893397, 74.66692809016006, 69.29103253576635, 17.578708594062178, 33.41458186245781, 48.31798849293312, 62.75850953107655, 49.43134872232193, 68.48894591476801, 46.43464548717599, 66.56358500322641], [19.287294558685936, 27.435014515348865, 87.20732390890065, 60.892038176075076, 59.319514110903455, 92.6956563743587, 19.80885340633054, 60.88237516321346, 11.561202769501499, 30.421000852482944, 52.27374003547059, 23.846708606618186, 28.127305296422527, 55.990653258461634, 58.45449806153699, 0.0, 42.30902373594332, 16.508112000493693, 46.57156517985558, 69.17865170424717, 32.00625761627018, 65.9151192831563, 31.911071626679316, 60.50467365344701, 19.066964273976215, 18.530082300924324, 18.235295377743164], [41.41874907925714, 28.879649747901926, 59.401215045761546, 51.880162607534125, 31.31729491109395, 73.75099550193028, 57.40223834848693, 29.424976181028, 44.61963272265669, 57.63250306425506, 76.7489185541271, 59.97621000903981, 31.547549540213115, 25.516054840985387, 47.31330822893397, 42.30902373594332, 0.0, 55.85290381812884, 22.33412820461154, 64.54782646467284, 48.62250275302842, 83.33604241183242, 21.2589073005779, 18.54404115911375, 61.049613080102375, 47.74496951517946, 35.34033138722411], [34.30454481103889, 33.59718620829845, 103.6897569056409, 76.88462350486772, 75.6151913665557, 108.9862152862061, 25.617525276201388, 69.06916633144733, 25.20538516912607, 40.70933501534325, 60.61615141331188, 29.697855074405254, 44.54902594743966, 64.40274223652749, 74.66692809016006, 16.508112000493693, 55.85290381812884, 0.0, 54.606368959775345, 84.44208185487624, 45.94710309082045, 76.06529498840483, 40.62230208091336, 74.38678773260867, 16.203632963315304, 31.160520639134074, 23.205912358594368], [54.18778681665391, 21.029437667873122, 80.38703380537642, 73.76282809656722, 53.328710862960484, 95.87485065228665, 65.5520395212473, 14.514469894600838, 53.68125845461206, 70.69691963978292, 91.86665688262352, 69.09265891847062, 48.60227471186322, 9.797985913045919, 69.29103253576635, 46.57156517985558, 22.33412820461154, 54.606368959775345, 0.0, 86.23542050482055, 64.5369186233043, 101.01403344799012, 14.666731413302768, 32.93110993673079, 65.12435974487431, 58.957463243505465, 31.416792914277657], [50.1791577912855, 82.03835630394316, 42.09976839492487, 12.865589596992308, 40.04270762646473, 31.24741339796883, 63.7069565513413, 93.48598029469862, 59.24696621463412, 48.8961825984371, 46.586750511132806, 61.75557254016029, 43.18499394666614, 89.95102136001712, 17.578708594062178, 69.17865170424717, 64.54782646467284, 84.44208185487624, 86.23542050482055, 0.0, 39.08186600513851, 38.10751564396592, 78.63246622879913, 66.86171533898634, 75.34170875951864, 53.86129940221727, 80.15987208712946], [13.009498794162653, 52.291996276009236, 67.47252122030278, 33.99667477260081, 45.85195167435197, 66.72529280122922, 24.93025655108489, 76.37039749060492, 20.93984537150966, 12.641772152779309, 28.12663331980044, 23.673341343515993, 17.094440044704537, 71.74234052937321, 33.41458186245781, 32.00625761627018, 48.62250275302842, 45.94710309082045, 64.5369186233043, 39.08186600513851, 0.0, 36.80409723215835, 52.24860904693023, 61.42450439756081, 36.32725573325513, 14.886088498964332, 46.859554162728536], [48.970817083433815, 88.9184429012195, 79.85963979753903, 45.018747840882334, 70.1725107916109, 68.32680808268134, 50.52684932778598, 112.15486273653497, 54.395447310832516, 35.731751608890015, 16.847512776038528, 46.66439106067977, 52.52837489938616, 107.69580275777602, 48.31798849293312, 65.9151192831563, 83.33604241183242, 76.06529498840483, 101.01403344799012, 38.10751564396592, 36.80409723215835, 0.0, 89.043562331187, 92.75473491144523, 61.662748388103495, 47.42039274064202, 82.67725788969675], [40.92133670347424, 8.217793107627175, 80.0661662059191, 66.86220797074864, 51.23175228312234, 92.73642219340226, 51.03672270073101, 29.0784966333369, 39.4418714654064, 57.13193177517677, 78.74271357360222, 54.67055405472739, 37.67241912717508, 24.23075244626557, 62.75850953107655, 31.911071626679316, 21.2589073005779, 40.62230208091336, 14.666731413302768, 78.63246622879913, 52.24860904693023, 89.043562331187, 0.0, 38.09149339298955, 50.48701896866592, 45.087274724418535, 17.531988844870355], [56.89630672582444, 46.20464797900519, 49.4452136680829, 54.11776783516433, 27.36295264444914, 67.72182697325479, 74.25349865528463, 31.459223987535225, 61.576792175872434, 72.09643587755107, 88.99104497491606, 76.38772546452938, 44.836023174395244, 30.09424684828828, 49.43134872232193, 60.50467365344701, 18.54404115911375, 74.38678773260867, 32.93110993673079, 66.86171533898634, 61.42450439756081, 92.75473491144523, 38.09149339298955, 0.0, 78.94819418134557, 63.6782036224177, 53.624975746415394], [27.844883414003025, 44.98711097298004, 100.50322811658195, 69.81444731072718, 74.37167558176215, 102.57491549987274, 11.916537117442024, 79.56428240922023, 19.24574318761915, 27.80789253884525, 45.55951073754655, 15.137189440130825, 40.924663033117746, 74.70398579475001, 68.48894591476801, 19.066964273976215, 61.049613080102375, 16.203632963315304, 65.12435974487431, 75.34170875951864, 36.32725573325513, 61.662748388103495, 50.48701896866592, 78.94819418134557, 0.0, 22.069622873787427, 34.73921569928148], [7.005218019993981, 43.02428898125793, 78.96890637434153, 47.76434939804193, 54.13212387995677, 80.51128334844945, 11.984836152474474, 72.27319783613787, 6.978183307242355, 12.373805288641975, 34.434893936854884, 12.91367692239703, 20.624781974719397, 67.41204233031507, 46.43464548717599, 18.530082300924324, 47.74496951517946, 31.160520639134074, 58.957463243505465, 53.86129940221727, 14.886088498964332, 47.42039274064202, 45.087274724418535, 63.6782036224177, 22.069622873787427, 0.0, 35.583464978810696], [33.959494125972476, 10.484630602547126, 89.97928125196036, 69.93387734309124, 60.81400171501371, 99.409580080738, 37.971227535667964, 45.9041334345814, 28.79785977447185, 47.90258579470224, 69.95199080455083, 42.06407409849386, 36.97493600026356, 41.20858617032586, 66.56358500322641, 18.235295377743164, 35.34033138722411, 23.205912358594368, 31.416792914277657, 80.15987208712946, 46.859554162728536, 82.67725788969675, 17.531988844870355, 53.624975746415394, 34.73921569928148, 35.583464978810696, 0.0]]",Route_1,1364.9989054389307
