instance_id,num_cities,city_coordinates,distance_matrix,best_route,total_distance
1696,29,"[[75.88323775901452, 27.52910195219109], [97.20610878862159, 85.90201786313017], [18.919869832634827, 94.84198165500725], [2.68963282022483, 67.03127497591521], [74.53330393988978, 60.181364413338926], [8.622820165544953, 55.990101974976305], [61.832217742284904, 72.84410058660734], [23.194581881927377, 31.51572311627384], [2.470505061569872, 11.687235145286422], [12.167761187914717, 68.76855999260482], [46.31875568178162, 93.7136152053035], [40.389462744155495, 10.70560014140658], [38.06178353348296, 66.99604216674253], [14.822395106278263, 99.3287977185049], [91.77525885917926, 94.16899734685158], [8.324271736613731, 83.07345670534811], [13.303736798814613, 34.734276974402675], [40.50086855592215, 84.30254916582942], [80.57274564721841, 66.81610678638101], [15.890144945115914, 27.367959282927657], [55.83252163197453, 29.750795595662748], [60.722139766815054, 68.96544839847039], [31.422634967443265, 14.720745045970773], [13.050983267755733, 36.56848380715464], [40.46635654029077, 57.12761978548183], [81.06572570114953, 13.517616293356216], [62.09405615211925, 37.956141684742406], [9.847729505725301, 28.41109395764574], [22.91411709477189, 87.90047788348903]]","[[0.0, 62.145491718151376, 88.1807748854698, 83.17286503140225, 32.680155525145544, 73.03418581147386, 47.44344280032471, 52.83926197857065, 75.10255698732345, 75.89700161501383, 72.48757407339852, 39.278980103649594, 54.66353235597711, 94.25297246027543, 68.50862714183795, 87.46078684164956, 62.99292410682618, 66.89645998813178, 39.565897349550774, 59.993309229754196, 20.17342657687543, 44.12289314114791, 46.268771403906925, 63.47915113463754, 46.15655677353779, 14.939207195768795, 17.287703345793002, 66.04139807853795, 80.31457386913783], [62.145491718151376, 0.0, 78.79503894582407, 96.38189231696946, 34.287141811369096, 93.49717501282748, 37.70704670693016, 91.84538731668702, 120.34395949687601, 86.7471955815271, 51.483431890817705, 94.2477188367023, 62.0925690152858, 83.4706816635579, 9.891262848615163, 88.92683349789866, 98.27383035768933, 56.72779362853627, 25.31680807336039, 100.19242481180352, 69.74764136757027, 40.223468035655316, 96.92388264949216, 97.54938612766757, 63.61890811647851, 74.16207627099344, 59.42779890641923, 104.57864391184543, 74.31886619353128], [88.1807748854698, 78.79503894582407, 0.0, 32.20024843800895, 65.53024065861061, 40.19325548544329, 48.22215647001197, 63.47037248684517, 84.7661103771282, 26.933516078216375, 27.422110725095422, 86.83244850854192, 33.79066744109708, 6.076250284574476, 72.85849722639189, 15.835557410560435, 60.36950482010217, 24.01705941801507, 67.72390093874068, 67.54200861657839, 74.82918124282465, 49.1632458756206, 81.09088538040135, 58.568288185118575, 43.435287275079766, 102.35115926605575, 71.4143483725234, 67.04749488512299, 8.008650685420797], [83.17286503140225, 96.38189231696946, 32.20024843800895, 0.0, 72.16948354163188, 12.53436130448333, 59.42755499634329, 41.00984467073597, 55.34447363331626, 9.636030125711624, 51.141447396271936, 67.77801134480191, 35.37216826026205, 34.50121586260373, 93.12735764658233, 17.002962987615863, 33.99640103272728, 41.569056520489745, 77.88341004971468, 41.80229816793557, 64.91533543069326, 58.0647301667248, 59.68230017303013, 32.17668766184713, 39.05333841239684, 94.90270597234178, 66.13810465453624, 39.27794202911953, 29.061200838383964], [32.680155525145544, 34.287141811369096, 65.53024065861061, 72.16948354163188, 0.0, 66.04361098694862, 17.934951296080772, 58.79951848031341, 86.8603911782797, 62.95395818107859, 43.823196786454574, 60.11366851134057, 37.102717334956516, 71.39967904772601, 38.1109459586351, 70.05486303462673, 66.3069691013569, 41.71376525833782, 8.971881769888675, 67.19925336742088, 35.717485598728274, 16.36790723560791, 62.651398168888385, 65.8607917182373, 34.203541649648095, 47.11876401893592, 25.469499619373707, 72.06645283837497, 58.590867053852755], [73.03418581147386, 93.49717501282748, 40.19325548544329, 12.53436130448333, 66.04361098694862, 0.0, 55.81484802165496, 28.483880705380205, 44.72801125098048, 13.261055620137277, 53.32960720728162, 55.315510365825716, 31.42901976968946, 43.779872980582205, 91.49839404336674, 27.08500017750729, 21.765134435206953, 42.63572017820359, 72.75983890165593, 29.53034137519849, 54.01163866998379, 53.69076939032414, 47.148609484633994, 19.920037166542674, 31.86384715659704, 83.97551192113062, 56.43045987480212, 27.606196516572954, 34.964457074891364], [47.44344280032471, 37.70704670693016, 48.22215647001197, 59.42755499634329, 17.934951296080772, 55.81484802165496, 0.0, 56.57651181548714, 85.22895706856676, 49.831398495068214, 26.003925579086083, 65.73419946639663, 24.479242834637134, 53.95704408543101, 36.76053499560502, 54.47696772352368, 61.70390683282633, 24.214097174026854, 19.686139677731603, 64.64327869757703, 43.508956416566036, 4.034379246942808, 65.59776813156978, 60.79086452411006, 26.52372133911501, 62.36633360236179, 34.88894145271652, 68.38624931451021, 41.72904330698234], [52.83926197857065, 91.84538731668702, 63.47037248684517, 41.00984467073597, 58.79951848031341, 28.483880705380205, 56.57651181548714, 0.0, 28.681985553159876, 38.85054220924634, 66.3574049691852, 26.99490963302743, 38.46929587178674, 68.32793424664696, 92.89102231362374, 53.65935162354997, 10.401341519045125, 55.55138668681934, 67.36743103557777, 8.399925224730888, 32.68562497919718, 53.01697392831456, 18.702196287068222, 11.332386484970195, 30.89147861212654, 60.60528967139955, 39.42902598130461, 13.703181767922908, 56.3854522962779], [75.10255698732345, 120.34395949687601, 84.7661103771282, 55.34447363331626, 86.8603911782797, 44.72801125098048, 85.22895706856676, 28.681985553159876, 0.0, 57.89917462887551, 93.01073114540745, 37.93166169593103, 65.7708388071943, 88.50769841065768, 121.56718367523027, 71.62582783401578, 25.466154930532426, 81.97128996066019, 95.59891460115439, 20.63908535000677, 56.33646269162221, 81.69483863323646, 29.110616764406046, 27.03743800816366, 59.232704529186606, 78.61653135652462, 65.15384328975556, 18.278700557620958, 78.90753856024325], [75.89700161501383, 86.7471955815271, 26.933516078216375, 9.636030125711624, 62.95395818107859, 13.261055620137277, 49.831398495068214, 38.85054220924634, 57.89917462887551, 0.0, 42.29120717696189, 64.55828177245257, 25.954618330381724, 30.6753192502385, 83.5615695356867, 14.812240921768577, 34.053235692833105, 32.31206884061892, 68.4328427905788, 41.56760613696676, 58.55764034839869, 48.55477776931474, 57.375225182749176, 32.21218694207387, 30.599378879698392, 88.31532309698302, 58.66890190579205, 40.42409691964978, 21.94343745770884], [72.48757407339852, 51.483431890817705, 27.422110725095422, 51.141447396271936, 43.823196786454574, 53.32960720728162, 26.003925579086083, 66.3574049691852, 93.01073114540745, 42.29120717696189, 0.0, 83.21951141161742, 27.96437551830221, 31.992983670778266, 45.458784123770876, 39.456226164748614, 67.59107788752645, 11.064175279187493, 43.55240277755351, 72.9907282545791, 64.66648308799925, 28.63440646145526, 80.38512268041481, 66.12345063518025, 37.05112193403237, 87.39994374718958, 57.94614705332449, 74.79675816260607, 24.11575569852243], [39.278980103649594, 94.2477188367023, 86.83244850854192, 67.77801134480191, 60.11366851134057, 55.315510365825716, 65.73419946639663, 26.99490963302743, 37.93166169593103, 64.55828177245257, 83.21951141161742, 0.0, 56.33854767311192, 92.23744411240587, 98.01346190931466, 79.15354153800922, 36.207925380097045, 73.59703334346018, 69.0151083518914, 29.628546788179953, 24.519533798656656, 61.7059776184114, 9.824733532359328, 37.63351181579456, 46.422083327774004, 40.773346722894246, 34.837930326155934, 35.30271916558716, 79.14819552700168], [54.66353235597711, 62.0925690152858, 33.79066744109708, 35.37216826026205, 37.102717334956516, 31.42901976968946, 24.479242834637134, 38.46929587178674, 65.7708388071943, 25.954618330381724, 27.96437551830221, 56.33854767311192, 0.0, 39.81803932943605, 60.195572302158574, 33.8053674157685, 40.666723146101816, 17.477537591323635, 42.51134291664469, 45.40888140815261, 41.267511733877406, 22.745775553431482, 52.69520834712502, 39.38751626668312, 10.15715174840052, 68.62420182308342, 37.694375538280596, 47.79990662103755, 25.815639274944182], [94.25297246027543, 83.4706816635579, 6.076250284574476, 34.50121586260373, 71.39967904772601, 43.779872980582205, 53.95704408543101, 68.32793424664696, 88.50769841065768, 30.6753192502385, 31.992983670778266, 92.23744411240587, 39.81803932943605, 0.0, 77.12565578099066, 17.50604806292379, 64.6123705896563, 29.7518427037864, 73.34973529539366, 71.96875959796436, 80.76465103657567, 55.03380362861462, 86.22117222867317, 62.78530801192969, 49.381698805972576, 108.40543208659422, 77.46749542015286, 71.09196863605834, 14.002944654267845], [68.50862714183795, 9.891262848615163, 72.85849722639189, 93.12735764658233, 38.1109459586351, 91.49839404336674, 36.76053499560502, 92.89102231362374, 121.56718367523027, 83.5615695356867, 45.458784123770876, 98.01346190931466, 60.195572302158574, 77.12565578099066, 0.0, 84.18538040454442, 98.43914749844946, 52.215035197532345, 29.558026393472847, 101.09861126725818, 73.7671002293079, 39.993938102642524, 99.77206023873495, 97.54655671745267, 63.28243918191829, 81.35932255309805, 63.56775075324521, 105.05342414269603, 69.14586886691325], [87.46078684164956, 88.92683349789866, 15.835557410560435, 17.002962987615863, 70.05486303462673, 27.08500017750729, 54.47696772352368, 53.65935162354997, 71.62582783401578, 14.812240921768577, 39.456226164748614, 79.15354153800922, 33.8053674157685, 17.50604806292379, 84.18538040454442, 0.0, 48.59497267584708, 32.2000629059749, 74.0550025913109, 56.21694478079027, 71.41666469346214, 54.26391501262441, 72.15003517070048, 46.74456445577752, 41.307385162935, 100.64459280206346, 70.19089564009361, 54.68358825768172, 15.367619237513342], [62.99292410682618, 98.27383035768933, 60.36950482010217, 33.99640103272728, 66.3069691013569, 21.765134435206953, 61.70390683282633, 10.401341519045125, 25.466154930532426, 34.053235692833105, 67.59107788752645, 36.207925380097045, 40.666723146101816, 64.6123705896563, 98.43914749844946, 48.59497267584708, 0.0, 56.53934544949063, 74.52760129999737, 7.807185371886053, 42.819769103037686, 58.483143187585114, 26.99696151598357, 1.8515396438577099, 35.203262824268734, 71.00587180265322, 48.89658142252059, 7.206013452200173, 54.02781069540259], [66.89645998813178, 56.72779362853627, 24.01705941801507, 41.569056520489745, 41.71376525833782, 42.63572017820359, 24.214097174026854, 55.55138668681934, 81.97128996066019, 32.31206884061892, 11.064175279187493, 73.59703334346018, 17.477537591323635, 29.7518427037864, 52.215035197532345, 32.2000629059749, 56.53934544949063, 0.0, 43.721059007184664, 62.02608517214121, 56.66527511293506, 25.37964675350331, 70.17151694000468, 55.063937363756786, 27.174951295376804, 81.58440020600288, 51.129788156880906, 63.74535041019938, 17.95101440068585], [39.565897349550774, 25.31680807336039, 67.72390093874068, 77.88341004971468, 8.971881769888675, 72.75983890165593, 19.686139677731603, 67.36743103557777, 95.59891460115439, 68.4328427905788, 43.55240277755351, 69.0151083518914, 42.51134291664469, 73.34973529539366, 29.558026393472847, 74.0550025913109, 74.52760129999737, 43.721059007184664, 0.0, 75.76275585696341, 44.563617200461124, 19.9666277369155, 71.62164543417266, 73.98720896696972, 41.26001972324876, 53.30077033372621, 34.26892982169252, 80.47964288309052, 61.39273695731088], [59.993309229754196, 100.19242481180352, 67.54200861657839, 41.80229816793557, 67.19925336742088, 29.53034137519849, 64.64327869757703, 8.399925224730888, 20.63908535000677, 41.56760613696676, 72.9907282545791, 29.628546788179953, 45.40888140815261, 71.96875959796436, 101.09861126725818, 56.21694478079027, 7.807185371886053, 62.02608517214121, 75.76275585696341, 0.0, 40.01338981251396, 61.157655779228115, 20.03023400385486, 9.628628695255253, 38.59569366649717, 66.6309862437517, 47.40159298376741, 6.131795356319816, 60.938674032886965], [20.17342657687543, 69.74764136757027, 74.82918124282465, 64.91533543069326, 35.717485598728274, 54.01163866998379, 43.508956416566036, 32.68562497919718, 56.33646269162221, 58.55764034839869, 64.66648308799925, 24.519533798656656, 41.267511733877406, 80.76465103657567, 73.7671002293079, 71.41666469346214, 42.819769103037686, 56.66527511293506, 44.563617200461124, 40.01338981251396, 0.0, 39.518316765131964, 28.666094720096723, 43.32136767645085, 31.394418808844737, 30.003844717926786, 10.321556035237071, 46.00430313974182, 66.8207071756208], [44.12289314114791, 40.223468035655316, 49.1632458756206, 58.0647301667248, 16.36790723560791, 53.69076939032414, 4.034379246942808, 53.01697392831456, 81.69483863323646, 48.55477776931474, 28.63440646145526, 61.7059776184114, 22.745775553431482, 55.03380362861462, 39.993938102642524, 54.26391501262441, 58.483143187585114, 25.37964675350331, 19.9666277369155, 61.157655779228115, 39.518316765131964, 0.0, 61.651835522465134, 57.63768278382444, 23.46126468011546, 59.06203157549342, 31.0396400983375, 65.06044330870877, 42.28453523415216], [46.268771403906925, 96.92388264949216, 81.09088538040135, 59.68230017303013, 62.651398168888385, 47.148609484633994, 65.59776813156978, 18.702196287068222, 29.110616764406046, 57.375225182749176, 80.38512268041481, 9.824733532359328, 52.69520834712502, 86.22117222867317, 99.77206023873495, 72.15003517070048, 26.99696151598357, 70.17151694000468, 71.62164543417266, 20.03023400385486, 28.666094720096723, 61.651835522465134, 0.0, 28.545424767404807, 43.36048806297928, 49.65766785090054, 38.47882189528197, 25.551950982370553, 73.67270983586877], [63.47915113463754, 97.54938612766757, 58.568288185118575, 32.17668766184713, 65.8607917182373, 19.920037166542674, 60.79086452411006, 11.332386484970195, 27.03743800816366, 32.21218694207387, 66.12345063518025, 37.63351181579456, 39.38751626668312, 62.78530801192969, 97.54655671745267, 46.74456445577752, 1.8515396438577099, 55.063937363756786, 73.98720896696972, 9.628628695255253, 43.32136767645085, 57.63768278382444, 28.545424767404807, 0.0, 34.26778025854281, 71.81467594732699, 49.06270062202267, 8.763780224357124, 52.270976887202515], [46.15655677353779, 63.61890811647851, 43.435287275079766, 39.05333841239684, 34.203541649648095, 31.86384715659704, 26.52372133911501, 30.89147861212654, 59.232704529186606, 30.599378879698392, 37.05112193403237, 46.422083327774004, 10.15715174840052, 49.381698805972576, 63.28243918191829, 41.307385162935, 35.203262824268734, 27.174951295376804, 41.26001972324876, 38.59569366649717, 31.394418808844737, 23.46126468011546, 43.36048806297928, 34.26778025854281, 0.0, 59.58306119060096, 28.90160831280186, 41.97784150123254, 35.42668351783605], [14.939207195768795, 74.16207627099344, 102.35115926605575, 94.90270597234178, 47.11876401893592, 83.97551192113062, 62.36633360236179, 60.60528967139955, 78.61653135652462, 88.31532309698302, 87.39994374718958, 40.773346722894246, 68.62420182308342, 108.40543208659422, 81.35932255309805, 100.64459280206346, 71.00587180265322, 81.58440020600288, 53.30077033372621, 66.6309862437517, 30.003844717926786, 59.06203157549342, 49.65766785090054, 71.81467594732699, 59.58306119060096, 0.0, 30.93809575237349, 72.75863288317169, 94.41620455115843], [17.287703345793002, 59.42779890641923, 71.4143483725234, 66.13810465453624, 25.469499619373707, 56.43045987480212, 34.88894145271652, 39.42902598130461, 65.15384328975556, 58.66890190579205, 57.94614705332449, 34.837930326155934, 37.694375538280596, 77.46749542015286, 63.56775075324521, 70.19089564009361, 48.89658142252059, 51.129788156880906, 34.26892982169252, 47.40159298376741, 10.321556035237071, 31.0396400983375, 38.47882189528197, 49.06270062202267, 28.90160831280186, 30.93809575237349, 0.0, 53.111077791306855, 63.47837697098821], [66.04139807853795, 104.57864391184543, 67.04749488512299, 39.27794202911953, 72.06645283837497, 27.606196516572954, 68.38624931451021, 13.703181767922908, 18.278700557620958, 40.42409691964978, 74.79675816260607, 35.30271916558716, 47.79990662103755, 71.09196863605834, 105.05342414269603, 54.68358825768172, 7.206013452200173, 63.74535041019938, 80.47964288309052, 6.131795356319816, 46.00430313974182, 65.06044330870877, 25.551950982370553, 8.763780224357124, 41.97784150123254, 72.75863288317169, 53.111077791306855, 0.0, 60.907448514147866], [80.31457386913783, 74.31886619353128, 8.008650685420797, 29.061200838383964, 58.590867053852755, 34.964457074891364, 41.72904330698234, 56.3854522962779, 78.90753856024325, 21.94343745770884, 24.11575569852243, 79.14819552700168, 25.815639274944182, 14.002944654267845, 69.14586886691325, 15.367619237513342, 54.02781069540259, 17.95101440068585, 61.39273695731088, 60.938674032886965, 66.8207071756208, 42.28453523415216, 73.67270983586877, 52.270976887202515, 35.42668351783605, 94.41620455115843, 63.47837697098821, 60.907448514147866, 0.0]]",Route_1,1292.3862986299298
