instance_id,num_cities,city_coordinates,distance_matrix,best_route,total_distance
1966,25,"[[44.54890157051009, 27.48042245630835], [38.27751244126942, 24.950143097824828], [60.85697935115616, 67.90243171724705], [44.75981432267111, 88.40046645903438], [95.5736310344793, 7.219814517991063], [51.63608583197282, 8.571194038727015], [64.5973037380843, 60.089243650742766], [77.39507824876264, 97.94589162604453], [46.81717847590572, 93.62371643931824], [42.74663343365225, 23.14040537303691], [44.87617987454426, 91.61856396707539], [93.44007391852396, 58.31944800919804], [48.733767577575414, 89.46512241301362], [52.28038358505499, 39.02656079650421], [87.65443572040141, 38.26672032680399], [83.67891726951498, 20.588620498875933], [74.34649217990139, 18.81730507188658], [13.540989922218882, 12.725424964923505], [23.82087770809117, 2.381517169841185], [38.61222975501959, 64.17659269004726], [0.9460384546449818, 23.473986319884798], [64.14984388439882, 58.440711452488436], [6.220038332482569, 41.157921528920646], [32.14416833593976, 68.690538669], [26.59580169075575, 51.77349606566786]]","[[0.0, 6.7625908675836515, 43.5877532523875, 60.92040910469249, 54.900047822396786, 20.193739131329558, 38.278892998144414, 77.7447983320429, 66.18217599204807, 4.699353010811273, 64.13897650838739, 57.80477688405154, 62.125808905960085, 13.89565128780123, 44.434573207115484, 39.73229244361365, 31.031371367394566, 34.33948945105338, 32.551590127366396, 37.17328317580228, 43.786541338819056, 36.64336821744671, 40.69613910435151, 43.03662492441067, 30.207072361984945], [6.7625908675836515, 0.0, 48.525574943330845, 63.78059087468286, 59.976743471082536, 21.135786129579614, 43.90316391304811, 82.81644316135929, 69.20249685865818, 4.821638007677206, 66.99418447219493, 64.47029315118773, 65.35683458915955, 19.85512365857127, 51.141096797083385, 45.61042029799091, 36.58665059332758, 27.592377203937698, 26.801812701490757, 39.22787762919747, 37.36064759673038, 42.3201571715127, 35.92177233805474, 44.16831573240328, 29.256702317523075], [43.5877532523875, 48.525574943330845, 0.0, 26.063156950565336, 69.91155794468196, 60.04348958677496, 8.662328456137786, 34.29457972389418, 29.303591868072004, 48.28688881768439, 28.597917420732347, 33.96309214919581, 24.737055074288545, 30.122647897661768, 39.954712581612185, 52.53034915510352, 50.90497632008052, 72.68634624044094, 75.26395596860361, 22.554617288959335, 74.58691305806707, 10.018338545029874, 60.83144046536719, 28.723624927277786, 37.867807699024546], [60.92040910469249, 63.78059087468286, 26.063156950565336, 0.0, 95.77234579143426, 80.1248765679254, 34.56951436175177, 34.00258215407533, 5.613830030874659, 65.29110559823621, 3.2202006945099737, 57.22442961969143, 4.114097321710796, 49.94338316937231, 65.97985333498058, 78.1865910927909, 75.6120880233933, 81.86163266195999, 88.53077828284458, 24.99177577508748, 78.3268458389141, 35.68697474509333, 60.96861803294977, 23.401619113875434, 40.88357023412863], [54.900047822396786, 59.976743471082536, 69.91155794468196, 95.77234579143426, 0.0, 43.958322363704525, 61.27568350982664, 92.52935128271217, 99.21101719731918, 55.17387868087177, 98.45496667351684, 51.1441551783068, 94.64810341157639, 53.721265654699486, 32.04097399773945, 17.894389872386675, 24.188700070471484, 82.21718770577287, 71.91569182832504, 80.55231725692596, 96.01343332274185, 60.09188532262876, 95.58169090489889, 88.32862880105664, 82.11559827720703], [20.193739131329558, 21.135786129579614, 60.04348958677496, 80.1248765679254, 43.958322363704525, 0.0, 53.123465676062786, 93.01269945094968, 85.188927888602, 17.06705255296858, 83.32203778454546, 64.98047547572268, 80.9459764230071, 30.462181207939572, 46.68132185586795, 34.22223816847501, 24.91476164429169, 38.32093379553163, 28.49557689740764, 57.11025465085442, 52.835349160302485, 51.415590122803316, 55.89733606350213, 63.200240873320205, 49.93450440627106], [38.278892998144414, 43.90316391304811, 8.662328456137786, 34.56951436175177, 61.27568350982664, 53.123465676062786, 0.0, 39.961341673573564, 37.956471379021394, 42.92631410714238, 37.18898716086516, 28.897016598508742, 33.38553627802628, 24.399654322845123, 31.74671415239445, 43.86806588338123, 42.407777462759555, 69.6425049877393, 70.66044590415525, 26.30457169532418, 73.43133283270647, 1.7081799464170893, 61.37018880137373, 33.57362466909143, 38.90071741950006], [77.7447983320429, 82.81644316135929, 34.29457972389418, 34.00258215407533, 92.52935128271217, 93.01269945094968, 39.961341673573564, 0.0, 30.881857989176037, 82.44013283380045, 33.12874623007485, 42.75157213204882, 29.889700163016087, 64.04869579821346, 60.554586140894116, 77.61207399033349, 79.1872911967452, 106.48883760260176, 109.55703824390989, 51.42445807120746, 106.72638083141491, 41.66647925985652, 91.05360978476305, 53.88432540711321, 68.64733505825816], [66.18217599204807, 69.20249685865818, 29.303591868072004, 5.613830030874659, 99.21101719731918, 85.188927888602, 37.956471379021394, 30.881857989176037, 0.0, 70.6007540739275, 2.7907189051261985, 58.48149920136534, 4.578997495113485, 54.869809680281335, 68.79010537754709, 81.81022568064394, 79.71111776086452, 87.47478658525922, 94.09553005608049, 30.568844934299534, 83.81614476149244, 39.220723222119, 66.33843096881809, 28.930271002772088, 46.47951187792428], [4.699353010811273, 4.821638007677206, 48.28688881768439, 65.29110559823621, 55.17387868087177, 17.06705255296858, 42.92631410714238, 82.44013283380045, 70.6007540739275, 0.0, 68.51126310669072, 61.70405131747893, 66.5943981554778, 18.527339962550784, 47.38687698410089, 41.01174790305366, 31.89420431672037, 31.007119018353123, 28.091202701493337, 41.24393244217447, 41.80192599446953, 41.28206665008318, 40.728651317129625, 46.767797782536405, 32.87405129581357], [64.13897650838739, 66.99418447219493, 28.597917420732347, 3.2202006945099737, 98.45496667351684, 83.32203778454546, 37.18898716086516, 33.12874623007485, 2.7907189051261985, 68.51126310669072, 0.0, 58.883638884592116, 4.417951268782525, 53.11064893295986, 68.38419695389848, 80.93766304038355, 78.53994273043234, 84.88828842049516, 91.68738337640795, 28.147803798327324, 81.07737531448794, 38.36983218421012, 63.5655072676307, 26.22591203158325, 43.838358347571685], [57.80477688405154, 64.47029315118773, 33.96309214919581, 57.22442961969143, 51.1441551783068, 64.98047547572268, 28.897016598508742, 42.75157213204882, 58.48149920136534, 61.70405131747893, 58.883638884592116, 0.0, 54.48584091963002, 45.456964321749254, 20.870685107677406, 38.97301019603402, 43.874641425876604, 91.99281798494083, 89.30780809971438, 55.139809932841814, 98.84003640597619, 29.29048105229146, 88.89236524451124, 62.16709388947588, 67.1640247193912], [62.125808905960085, 65.35683458915955, 24.737055074288545, 4.114097321710796, 94.64810341157639, 80.9459764230071, 33.38553627802628, 29.889700163016087, 4.578997495113485, 66.5943981554778, 4.417951268782525, 54.48584091963002, 0.0, 50.563099025345814, 64.31247767630465, 77.23429292043967, 75.1473602771238, 84.42459809512728, 90.5770742726753, 27.238855766033584, 81.47697280574691, 34.64346235793064, 64.35062417398277, 26.585675329679194, 43.7121062214339], [13.89565128780123, 19.85512365857127, 30.122647897661768, 49.94338316937231, 53.721265654699486, 30.462181207939572, 24.399654322845123, 64.04869579821346, 54.869809680281335, 18.527339962550784, 53.11064893295986, 45.456964321749254, 50.563099025345814, 0.0, 35.3822119434837, 36.4118876186483, 29.922018071355822, 46.82403621427188, 46.39830489534046, 28.62415995916289, 53.63858278160268, 22.755072697993125, 46.10963135135498, 35.852736963565576, 28.67371803309108], [44.434573207115484, 51.141096797083385, 39.954712581612185, 65.97985333498058, 32.04097399773945, 46.68132185586795, 31.74671415239445, 60.554586140894116, 68.79010537754709, 47.38687698410089, 68.38419695389848, 20.870685107677406, 64.31247767630465, 35.3822119434837, 0.0, 18.119601554105113, 23.566525306785266, 78.39107485449448, 73.22889412060972, 55.465840404977996, 87.96119107763208, 30.975082813711317, 81.48570501827055, 63.30085708435052, 62.53470860591072], [39.73229244361365, 45.61042029799091, 52.53034915510352, 78.1865910927909, 17.894389872386675, 34.22223816847501, 43.86806588338123, 77.61207399033349, 81.81022568064394, 41.01174790305366, 80.93766304038355, 38.97301019603402, 77.23429292043967, 36.4118876186483, 18.119601554105113, 0.0, 9.499037656264964, 70.57732423788646, 62.56583342185354, 62.69703057775144, 82.7831780793478, 42.59302169184297, 80.14345931544533, 70.4955663803898, 65.04597257551217], [31.031371367394566, 36.58665059332758, 50.90497632008052, 75.6120880233933, 24.188700070471484, 24.91476164429169, 42.407777462759555, 79.1872911967452, 79.71111776086452, 31.89420431672037, 78.53994273043234, 43.874641425876604, 75.1473602771238, 29.922018071355822, 23.566525306785266, 9.499037656264964, 0.0, 61.10990188215527, 53.131655740387195, 57.74428529540688, 73.54802028143902, 40.91437363157959, 71.69600307900565, 65.3328062099192, 58.01929822919934], [34.33948945105338, 27.592377203937698, 72.68634624044094, 81.86163266195999, 82.21718770577287, 38.32093379553163, 69.6425049877393, 106.48883760260176, 87.47478658525922, 31.007119018353123, 84.88828842049516, 91.99281798494083, 84.42459809512728, 46.82403621427188, 78.39107485449448, 70.57732423788646, 61.10990188215527, 0.0, 14.58329597050307, 57.23451517251307, 16.557909701164252, 68.19929265033026, 29.35989088945958, 58.976030715901366, 41.17256327945486], [32.551590127366396, 26.801812701490757, 75.26395596860361, 88.53077828284458, 71.91569182832504, 28.49557689740764, 70.66044590415525, 109.55703824390989, 94.09553005608049, 28.091202701493337, 91.68738337640795, 89.30780809971438, 90.5770742726753, 46.39830489534046, 73.22889412060972, 62.56583342185354, 53.131655740387195, 14.58329597050307, 0.0, 63.5406598480386, 31.115117318058502, 69.05837224022412, 42.58402378527434, 66.82936105523933, 49.469867418008654], [37.17328317580228, 39.22787762919747, 22.554617288959335, 24.99177577508748, 80.55231725692596, 57.11025465085442, 26.30457169532418, 51.42445807120746, 30.568844934299534, 41.24393244217447, 28.147803798327324, 55.139809932841814, 27.238855766033584, 28.62415995916289, 55.465840404977996, 62.69703057775144, 57.74428529540688, 57.23451517251307, 63.5406598480386, 0.0, 55.456686994453655, 26.173843221667866, 39.738058422353284, 7.887428403598519, 17.26937605408254], [43.786541338819056, 37.36064759673038, 74.58691305806707, 78.3268458389141, 96.01343332274185, 52.835349160302485, 73.43133283270647, 106.72638083141491, 83.81614476149244, 41.80192599446953, 81.07737531448794, 98.84003640597619, 81.47697280574691, 53.63858278160268, 87.96119107763208, 82.7831780793478, 73.54802028143902, 16.557909701164252, 31.115117318058502, 55.456686994453655, 0.0, 72.2315228089595, 18.45363485031631, 54.935051783268705, 38.19388178648787], [36.64336821744671, 42.3201571715127, 10.018338545029874, 35.68697474509333, 60.09188532262876, 51.415590122803316, 1.7081799464170893, 41.66647925985652, 39.220723222119, 41.28206665008318, 38.36983218421012, 29.29048105229146, 34.64346235793064, 22.755072697993125, 30.975082813711317, 42.59302169184297, 40.91437363157959, 68.19929265033026, 69.05837224022412, 26.173843221667866, 72.2315228089595, 0.0, 60.452933748702414, 33.6068776485048, 38.141287944905336], [40.69613910435151, 35.92177233805474, 60.83144046536719, 60.96861803294977, 95.58169090489889, 55.89733606350213, 61.37018880137373, 91.05360978476305, 66.33843096881809, 40.728651317129625, 63.5655072676307, 88.89236524451124, 64.35062417398277, 46.10963135135498, 81.48570501827055, 80.14345931544533, 71.69600307900565, 29.35989088945958, 42.58402378527434, 39.738058422353284, 18.45363485031631, 60.452933748702414, 0.0, 37.816736017514, 22.97525092741282], [43.03662492441067, 44.16831573240328, 28.723624927277786, 23.401619113875434, 88.32862880105664, 63.200240873320205, 33.57362466909143, 53.88432540711321, 28.930271002772088, 46.767797782536405, 26.22591203158325, 62.16709388947588, 26.585675329679194, 35.852736963565576, 63.30085708435052, 70.4955663803898, 65.3328062099192, 58.976030715901366, 66.82936105523933, 7.887428403598519, 54.935051783268705, 33.6068776485048, 37.816736017514, 0.0, 17.80367105044197], [30.207072361984945, 29.256702317523075, 37.867807699024546, 40.88357023412863, 82.11559827720703, 49.93450440627106, 38.90071741950006, 68.64733505825816, 46.47951187792428, 32.87405129581357, 43.838358347571685, 67.1640247193912, 43.7121062214339, 28.67371803309108, 62.53470860591072, 65.04597257551217, 58.01929822919934, 41.17256327945486, 49.469867418008654, 17.26937605408254, 38.19388178648787, 38.141287944905336, 22.97525092741282, 17.80367105044197, 0.0]]",Route_1,1228.3478472627064
