instance_id,num_cities,city_coordinates,distance_matrix,best_route,total_distance
1371,32,"[[54.53614015490268, 78.13579593141704], [78.76720647456105, 56.796941311343105], [21.553377044162968, 50.217701560319014], [38.81528862290302, 70.21222883622376], [49.20642645257251, 51.29271690433298], [90.60410111131318, 9.74747151556905], [1.7389179411396283, 28.01502579479427], [48.47933972398102, 2.687367257097395], [57.93161709057407, 37.49137277966494], [72.65296851954639, 54.81897911468039], [16.855134305338716, 86.58901335722923], [0.9153640530644158, 53.5378431231662], [34.15998878606285, 9.703284976461802], [0.9213020695079677, 22.09090100788289], [33.19575291340774, 77.02372163586332], [18.440027158917616, 37.02013851892878], [33.02107546956465, 57.50648993250439], [78.36876032280894, 5.7827745685838705], [35.958164125913115, 73.78227839240567], [63.55972266863913, 1.9730010408572918], [91.9496620585738, 0.9247353181709328], [97.54123159882533, 40.396259183096475], [12.464118840103078, 74.51043919600295], [29.50354857491384, 96.90871070392764], [77.4306361719269, 82.09604433362709], [54.56908961128494, 58.65764141999621], [28.738412556160952, 48.06551502672187], [60.370115402774424, 91.51530840614875], [82.01457251862965, 51.559285546680336], [62.30509469357717, 45.67699808733613], [58.452794207810484, 69.25711123472912], [99.13830681307807, 14.080845120126694]]","[[0.0, 32.28763372383199, 43.21206608960867, 17.604774591093346, 27.36707400879908, 77.31662643933983, 72.7986144962777, 75.69115021509391, 40.78600736722532, 29.527841378252013, 38.617548947116376, 58.99361755410839, 71.40165334364423, 77.56017734580728, 21.36934338850381, 54.712216715099586, 29.807151397123697, 76.1771191657855, 19.081255417193873, 76.69547813869917, 85.79813227721709, 57.21634839867, 42.227931384001806, 31.289822151403722, 23.23448977879104, 19.478182380228894, 39.62000180396456, 14.596116649790163, 38.227936766165335, 33.37559306000272, 9.704185741903297, 78.05376348415544], [32.28763372383199, 0.0, 57.590873181365644, 42.14410610513468, 30.06885767419712, 48.515612772642854, 82.22989660208613, 62.009683732726714, 28.404696113661082, 6.426215077475125, 68.70714836954205, 77.92003009125266, 64.86614168344663, 85.2320014207461, 49.858600280921955, 63.486144101463935, 45.751633426273266, 51.015722750872484, 46.0555727634089, 56.89404178373315, 57.40627611827764, 24.928826559593514, 68.6284739533997, 63.5284348418671, 25.334384419322728, 24.269550152879006, 50.78501773056224, 39.29144911597553, 6.162663720606121, 19.865907016664174, 23.831306725883902, 47.32490467839509], [43.21206608960867, 57.590873181365644, 0.0, 26.415047081902745, 27.673937189597808, 80.03650425944839, 29.758555084116637, 54.62728389011264, 38.54005439938575, 51.306334931305976, 36.67350278690291, 20.903371025222174, 42.430467953362616, 34.88265223683982, 29.22511981448934, 13.559816287082457, 13.588029404974987, 72.12801476444695, 27.618601922361517, 63.96940050473741, 85.93854469782295, 76.61993715861182, 25.93745778861615, 47.363018930563385, 64.3311497301564, 34.077409836279855, 7.500442799199861, 56.67655165933811, 60.47607796306016, 41.003908099193865, 41.52187505119327, 85.58792976013942], [17.604774591093346, 42.14410610513468, 26.415047081902745, 0.0, 21.58526527833619, 79.61198387683463, 56.17171180809029, 68.21290797909457, 37.89575748230839, 37.17446324800801, 27.394295919017207, 41.40578970756715, 60.68775909188531, 61.2504400708398, 8.830380272096683, 38.94696572721982, 13.964551806477976, 75.601796941218, 4.572571948574947, 72.58704585772657, 87.3156251676384, 65.86143351588612, 26.69941499768978, 28.273850937464594, 40.40260062308154, 19.5369070208359, 24.331468591609113, 30.305639024327085, 47.054334789331676, 33.96687411492322, 19.66071909239224, 82.3990216049676], [27.36707400879908, 30.06885767419712, 27.673937189597808, 21.58526527833619, 0.0, 58.649594044320125, 52.8679039462891, 48.61078758301411, 16.328075554607743, 23.710226908962728, 47.879376007696756, 48.34322392447236, 44.22754949728948, 56.42870978799869, 30.305548529464833, 33.91574588983877, 17.337143988811533, 54.051795235332825, 26.101663368486406, 51.365859139316726, 66.05995579119089, 49.547817100220705, 43.463315532785096, 49.689257259357284, 41.77859493805892, 9.110448357530428, 20.720869306632704, 41.743081080567144, 32.80922899326992, 14.251715949999724, 20.204325782442574, 62.27291608733326], [77.31662643933983, 48.515612772642854, 80.03650425944839, 79.61198387683463, 58.649594044320125, 0.0, 90.72333944037189, 42.712300266786855, 42.8627492053106, 48.51478082588793, 106.50602169620429, 99.80814696524095, 56.444129620676364, 90.52825357646385, 88.44101013138842, 77.14565402459793, 74.81128713107026, 12.861663426332898, 84.1821532200625, 28.139665891988443, 8.924752560809283, 31.424066651055075, 101.48940246213866, 106.44415971345518, 73.53812730359053, 60.75135203340828, 72.77111981360254, 87.17839779204807, 42.68498323786437, 45.735813580851286, 67.63951326781894, 9.571352765242397], [72.7986144962777, 82.22989660208613, 29.758555084116637, 56.17171180809029, 52.8679039462891, 90.72333944037189, 0.0, 53.161615056731335, 56.98614384108227, 75.81064887607457, 60.493074117072, 25.536100825772248, 37.23500619751948, 5.9802801108678665, 58.235596798821675, 18.974169396274455, 42.992090396014014, 79.78975960626035, 57.14541293741522, 67.08203150203705, 94.1905631808676, 96.5990592209945, 47.71638504405402, 74.27795456653922, 93.0268390031956, 61.07370081345074, 33.63026654527451, 86.42860179076773, 83.65711497002975, 63.08888199730617, 70.12398571548924, 98.39106841426901], [75.69115021509391, 62.009683732726714, 54.62728389011264, 68.21290797909457, 48.61078758301411, 42.712300266786855, 53.161615056731335, 0.0, 36.06472442470509, 57.46363444836634, 89.66368599757794, 69.62831807123588, 15.945749048826446, 51.36403476716124, 75.8912485608308, 45.61906927918205, 56.956949924137334, 30.04927636662225, 72.18910047711519, 15.097293427910861, 43.50604320350816, 61.87915452416584, 80.34705842814485, 96.11317397036973, 84.5216869274473, 56.300591857990064, 49.48616473770271, 89.6202749104393, 59.27120916511615, 45.158164925066714, 67.31270762336376, 51.92439007200333], [40.78600736722532, 28.404696113661082, 38.54005439938575, 37.89575748230839, 16.328075554607743, 42.8627492053106, 56.98614384108227, 36.06472442470509, 0.0, 22.736845190056002, 64.0144963917504, 59.23126134839773, 36.568676979163, 59.05379369350162, 46.63335268538378, 39.494401338146666, 31.955281230086687, 37.724157035070476, 42.42478597922474, 35.9615114167074, 49.94343158699839, 39.71599081615754, 58.63194245028752, 65.86786109732954, 48.68047318557824, 21.431694268154477, 31.04924596909034, 54.078941322783585, 27.89076750055592, 9.280720231833127, 31.770013616350152, 47.39244753317476], [29.527841378252013, 6.426215077475125, 51.306334931305976, 37.17446324800801, 23.710226908962728, 48.51478082588793, 75.81064887607457, 57.46363444836634, 22.736845190056002, 0.0, 64.20851484631093, 71.74904322719688, 59.30544111913902, 78.84515881310789, 45.27606932830346, 57.059983679667745, 39.72291103533466, 49.3682046688439, 41.30514966664065, 53.62261200915182, 57.244666965026006, 28.765265326923497, 63.32812349871851, 60.27783959974952, 27.692316536456012, 18.48680623209201, 44.43081703782474, 38.6974038425845, 9.912882103248911, 13.80776266534522, 20.251039716510046, 48.59082944220059], [38.617548947116376, 68.70714836954205, 36.67350278690291, 27.394295919017207, 47.879376007696756, 106.50602169620429, 60.493074117072, 89.66368599757794, 64.0144963917504, 64.20851484631093, 0.0, 36.69408848215613, 78.80909349332845, 66.43713951058174, 18.934376731469214, 49.594205690709686, 33.27357543870036, 101.55576996401909, 22.998656673488327, 96.6498221131821, 113.9190793082286, 92.97320492833325, 12.851963685919044, 16.324170326918477, 60.741898200797756, 46.930842343974156, 40.314665143184165, 43.79294421272902, 73.97860649372102, 61.15138504348377, 45.06395611290282, 109.67203353197368], [58.99361755410839, 77.92003009125266, 20.903371025222174, 41.40578970756715, 48.34322392447236, 99.80814696524095, 25.536100825772248, 69.62831807123588, 59.23126134839773, 71.74904322719688, 36.69408848215613, 0.0, 55.015212092244994, 31.446942675910773, 39.920045021118725, 24.08211748095458, 32.350067435120806, 90.99217090701227, 40.47017415722438, 81.13722083809739, 105.144579157729, 97.51543215012089, 23.942086859033736, 51.945321723551345, 81.67103356637985, 53.89744521660623, 28.356099922252998, 70.54895695455737, 81.12334006822374, 61.89096794195454, 59.6460498170288, 105.85178872295349], [71.40165334364423, 64.86614168344663, 42.430467953362616, 60.68775909188531, 44.22754949728948, 56.444129620676364, 37.23500619751948, 15.945749048826446, 36.568676979163, 59.30544111913902, 78.80909349332845, 55.015212092244994, 0.0, 35.47200763395276, 67.32734171813564, 31.517101405737, 47.816770359486966, 44.38226991318144, 64.10421851760945, 30.399040150823335, 58.452624158771904, 70.42187590613798, 68.34235883218686, 87.32965539694156, 84.33896212626894, 53.03829193417431, 38.74344051895383, 85.90796188319042, 63.57661494568094, 45.67554073602949, 64.31794941739655, 65.12560822312015], [77.56017734580728, 85.2320014207461, 34.88265223683982, 61.2504400708398, 56.42870978799869, 90.52825357646385, 5.9802801108678665, 51.36403476716124, 59.05379369350162, 78.84515881310789, 66.43713951058174, 31.446942675910773, 35.47200763395276, 0.0, 63.71228264174165, 23.01712104976491, 47.798110749408906, 79.14583866418347, 62.44661879292357, 65.78982926134486, 93.45677552913591, 98.33868475921932, 53.675363090111546, 80.09150680945736, 97.23320127579194, 64.92466105028599, 38.058799366957516, 91.3997251053522, 86.2815403169231, 65.75921207219658, 74.39438133906766, 98.54309217861721], [21.36934338850381, 49.858600280921955, 29.22511981448934, 8.830380272096683, 30.305548529464833, 88.44101013138842, 58.235596798821675, 75.8912485608308, 46.63335268538378, 45.27606932830346, 18.934376731469214, 39.920045021118725, 67.32734171813564, 63.71228264174165, 0.0, 42.63822351758119, 19.5180133613026, 84.35563488856407, 4.258857828988037, 80.96036883022624, 96.14092551259719, 74.03993269165211, 20.883420217290016, 20.224864971470897, 44.52474990884361, 28.180355286910235, 29.29924253420325, 30.79694893693547, 55.06100846322454, 42.77815863384616, 26.42420050011299, 91.16044163389182], [54.712216715099586, 63.486144101463935, 13.559816287082457, 38.94696572721982, 33.91574588983877, 77.14565402459793, 18.974169396274455, 45.61906927918205, 39.494401338146666, 57.059983679667745, 49.594205690709686, 24.08211748095458, 31.517101405737, 23.01712104976491, 42.63822351758119, 0.0, 25.145527715240615, 67.58125453996244, 40.72272155531226, 57.13220430104922, 81.89349519532078, 79.17321980684565, 37.9635894653325, 60.90190953065451, 74.2410212533562, 42.11283278860209, 15.101558992006826, 68.75940547426646, 65.21586934166146, 44.71113247735254, 51.38330406647886, 83.89531286536462], [29.807151397123697, 45.751633426273266, 13.588029404974987, 13.964551806477976, 17.337143988811533, 74.81128713107026, 42.992090396014014, 56.956949924137334, 31.955281230086687, 39.72291103533466, 33.27357543870036, 32.350067435120806, 47.816770359486966, 47.798110749408906, 19.5180133613026, 25.145527715240615, 0.0, 68.78775510653789, 16.538675272424534, 63.376473247004135, 81.69500151548436, 66.750359873503, 26.678132551233745, 39.558918048583806, 50.76273502701141, 21.57874100124778, 10.366928609837085, 43.64137622992195, 49.3531355954564, 31.583075518816038, 28.015164089641562, 79.10293868057279], [76.1771191657855, 51.015722750872484, 72.12801476444695, 75.601796941218, 54.051795235332825, 12.861663426332898, 79.78975960626035, 30.04927636662225, 37.724157035070476, 49.3682046688439, 101.55576996401909, 90.99217090701227, 44.38226991318144, 79.14583866418347, 84.35563488856407, 67.58125453996244, 68.78775510653789, 0.0, 80.14107055724992, 15.291238359766202, 14.423641610739415, 39.568636215932116, 95.22034264852749, 103.40089533320965, 76.31903575881137, 57.98427261362823, 65.19970521473759, 87.6014758846373, 45.92146452254089, 43.006864842858846, 66.52546220433887, 22.365867662351782], [19.081255417193873, 46.0555727634089, 27.618601922361517, 4.572571948574947, 26.101663368486406, 84.1821532200625, 57.14541293741522, 72.18910047711519, 42.42478597922474, 41.30514966664065, 22.998656673488327, 40.47017415722438, 64.10421851760945, 62.44661879292357, 4.258857828988037, 40.72272155531226, 16.538675272424534, 80.14107055724992, 0.0, 76.93125728687352, 91.88726475174411, 70.05069933996107, 23.50532667391773, 24.010288073461528, 42.29757252766178, 23.98168448981926, 26.710985207129955, 30.172897086825508, 51.13760030601602, 38.52359707197447, 22.945272287038055, 86.92520672816892], [76.69547813869917, 56.89404178373315, 63.96940050473741, 72.58704585772657, 51.365859139316726, 28.139665891988443, 67.08203150203705, 15.097293427910861, 35.9615114167074, 53.62261200915182, 96.6498221131821, 81.13722083809739, 30.399040150823335, 65.78982926134486, 80.96036883022624, 57.13220430104922, 63.376473247004135, 15.291238359766202, 76.93125728687352, 0.0, 28.409285798652572, 51.29414893959616, 88.72677535397243, 100.85936725526743, 81.31484678649252, 57.39320462985402, 57.76714882601094, 89.59909822543295, 52.909177786827506, 43.72200188914546, 67.47764224456208, 37.582383346068156], [85.79813227721709, 57.40627611827764, 85.93854469782295, 87.3156251676384, 66.05995579119089, 8.924752560809283, 94.1905631808676, 43.50604320350816, 49.94343158699839, 57.244666965026006, 113.9190793082286, 105.144579157729, 58.452624158771904, 93.45677552913591, 96.14092551259719, 81.89349519532078, 81.69500151548436, 14.423641610739415, 91.88726475174411, 28.409285798652572, 0.0, 39.8656098177722, 108.31808434389595, 114.50956562692781, 82.45958719263514, 68.77787175719517, 78.85375815512165, 95.93706113590336, 51.60003566869067, 53.68021420615079, 76.10094450276765, 14.991992480240189], [57.21634839867, 24.928826559593514, 76.61993715861182, 65.86143351588612, 49.547817100220705, 31.424066651055075, 96.5990592209945, 61.87915452416584, 39.71599081615754, 28.765265326923497, 92.97320492833325, 97.51543215012089, 70.42187590613798, 98.33868475921932, 74.03993269165211, 79.17321980684565, 66.750359873503, 39.568636215932116, 70.05069933996107, 51.29414893959616, 39.8656098177722, 0.0, 91.66183716963853, 88.4465007117667, 46.29587595050774, 46.691359673921355, 69.22893465461247, 63.20481842968271, 19.123030611979143, 35.629644221913615, 48.58862746381622, 26.363832546606876], [42.227931384001806, 68.6284739533997, 25.93745778861615, 26.69941499768978, 43.463315532785096, 101.48940246213866, 47.71638504405402, 80.34705842814485, 58.63194245028752, 63.32812349871851, 12.851963685919044, 23.942086859033736, 68.34235883218686, 53.675363090111546, 20.883420217290016, 37.9635894653325, 26.678132551233745, 95.22034264852749, 23.50532667391773, 88.72677535397243, 108.31808434389595, 91.66183716963853, 0.0, 28.142933966277646, 65.40787245836785, 44.99044077322474, 31.051355047333242, 50.83453632636815, 73.23947747440369, 57.58029350562174, 46.28774910000571, 105.66054467467875], [31.289822151403722, 63.5284348418671, 47.363018930563385, 28.273850937464594, 49.689257259357284, 106.44415971345518, 74.27795456653922, 96.11317397036973, 65.86786109732954, 60.27783959974952, 16.324170326918477, 51.945321723551345, 87.32965539694156, 80.09150680945736, 20.224864971470897, 60.90190953065451, 39.558918048583806, 103.40089533320965, 24.010288073461528, 100.85936725526743, 114.50956562692781, 88.4465007117667, 28.142933966277646, 0.0, 50.16393934421017, 45.73210741711042, 48.84918829508844, 31.33422627231236, 69.382836477837, 60.83280205122742, 40.03335828929126, 108.2102345993935], [23.23448977879104, 25.334384419322728, 64.3311497301564, 40.40260062308154, 41.77859493805892, 73.53812730359053, 93.0268390031956, 84.5216869274473, 48.68047318557824, 27.692316536456012, 60.741898200797756, 81.67103356637985, 84.33896212626894, 97.23320127579194, 44.52474990884361, 74.2410212533562, 50.76273502701141, 76.31903575881137, 42.29757252766178, 81.31484678649252, 82.45958719263514, 46.29587595050774, 65.40787245836785, 50.16393934421017, 0.0, 32.7415491735822, 59.405467471907755, 19.488045170888242, 30.878894242553315, 39.4351231074883, 22.91280621689443, 71.39530999104102], [19.478182380228894, 24.269550152879006, 34.077409836279855, 19.5369070208359, 9.110448357530428, 60.75135203340828, 61.07370081345074, 56.300591857990064, 21.431694268154477, 18.48680623209201, 46.930842343974156, 53.89744521660623, 53.03829193417431, 64.92466105028599, 28.180355286910235, 42.11283278860209, 21.57874100124778, 57.98427261362823, 23.98168448981926, 57.39320462985402, 68.77787175719517, 46.691359673921355, 44.99044077322474, 45.73210741711042, 32.7415491735822, 0.0, 27.91804109634499, 33.36582353256734, 28.348565891797573, 15.11101836286965, 11.288574832391724, 63.03575089059123], [39.62000180396456, 50.78501773056224, 7.500442799199861, 24.331468591609113, 20.720869306632704, 72.77111981360254, 33.63026654527451, 49.48616473770271, 31.04924596909034, 44.43081703782474, 40.314665143184165, 28.356099922252998, 38.74344051895383, 38.058799366957516, 29.29924253420325, 15.101558992006826, 10.366928609837085, 65.19970521473759, 26.710985207129955, 57.76714882601094, 78.85375815512165, 69.22893465461247, 31.051355047333242, 48.84918829508844, 59.405467471907755, 27.91804109634499, 0.0, 53.74429429894249, 53.39059517174053, 33.65155513321887, 36.49696188428722, 78.17354347888644], [14.596116649790163, 39.29144911597553, 56.67655165933811, 30.305639024327085, 41.743081080567144, 87.17839779204807, 86.42860179076773, 89.6202749104393, 54.078941322783585, 38.6974038425845, 43.79294421272902, 70.54895695455737, 85.90796188319042, 91.3997251053522, 30.79694893693547, 68.75940547426646, 43.64137622992195, 87.6014758846373, 30.172897086825508, 89.59909822543295, 95.93706113590336, 63.20481842968271, 50.83453632636815, 31.33422627231236, 19.488045170888242, 33.36582353256734, 53.74429429894249, 0.0, 45.44190012077464, 45.87913292270898, 22.34062357872874, 86.59716375043838], [38.227936766165335, 6.162663720606121, 60.47607796306016, 47.054334789331676, 32.80922899326992, 42.68498323786437, 83.65711497002975, 59.27120916511615, 27.89076750055592, 9.912882103248911, 73.97860649372102, 81.12334006822374, 63.57661494568094, 86.2815403169231, 55.06100846322454, 65.21586934166146, 49.3531355954564, 45.92146452254089, 51.13760030601602, 52.909177786827506, 51.60003566869067, 19.123030611979143, 73.23947747440369, 69.382836477837, 30.878894242553315, 28.348565891797573, 53.39059517174053, 45.44190012077464, 0.0, 20.568539614921463, 29.468125682722814, 41.205045479814714], [33.37559306000272, 19.865907016664174, 41.003908099193865, 33.96687411492322, 14.251715949999724, 45.735813580851286, 63.08888199730617, 45.158164925066714, 9.280720231833127, 13.80776266534522, 61.15138504348377, 61.89096794195454, 45.67554073602949, 65.75921207219658, 42.77815863384616, 44.71113247735254, 31.583075518816038, 43.006864842858846, 38.52359707197447, 43.72200188914546, 53.68021420615079, 35.629644221913615, 57.58029350562174, 60.83280205122742, 39.4351231074883, 15.11101836286965, 33.65155513321887, 45.87913292270898, 20.568539614921463, 0.0, 23.892717615970227, 48.528366934891245], [9.704185741903297, 23.831306725883902, 41.52187505119327, 19.66071909239224, 20.204325782442574, 67.63951326781894, 70.12398571548924, 67.31270762336376, 31.770013616350152, 20.251039716510046, 45.06395611290282, 59.6460498170288, 64.31794941739655, 74.39438133906766, 26.42420050011299, 51.38330406647886, 28.015164089641562, 66.52546220433887, 22.945272287038055, 67.47764224456208, 76.10094450276765, 48.58862746381622, 46.28774910000571, 40.03335828929126, 22.91280621689443, 11.288574832391724, 36.49696188428722, 22.34062357872874, 29.468125682722814, 23.892717615970227, 0.0, 68.55458612159228], [78.05376348415544, 47.32490467839509, 85.58792976013942, 82.3990216049676, 62.27291608733326, 9.571352765242397, 98.39106841426901, 51.92439007200333, 47.39244753317476, 48.59082944220059, 109.67203353197368, 105.85178872295349, 65.12560822312015, 98.54309217861721, 91.16044163389182, 83.89531286536462, 79.10293868057279, 22.365867662351782, 86.92520672816892, 37.582383346068156, 14.991992480240189, 26.363832546606876, 105.66054467467875, 108.2102345993935, 71.39530999104102, 63.03575089059123, 78.17354347888644, 86.59716375043838, 41.205045479814714, 48.528366934891245, 68.55458612159228, 0.0]]",Route_1,1681.879681538703
