instance_id,num_cities,city_coordinates,distance_matrix,best_route,total_distance
710,62,"[[21.238414272274287, 14.741730162165856], [15.592303627697046, 55.56208244857223], [45.27154779255495, 40.431615905852055], [40.6944216658214, 31.839939465572563], [84.27952813495688, 0.6433422772150421], [21.802560433556938, 83.50724040966617], [24.96024900687942, 28.39524610869265], [78.78382987500336, 28.48346206717125], [94.6895407260266, 59.45086851136778], [3.2551738525263274, 52.793407470925736], [71.2436477960119, 48.32958792557815], [95.60744839740697, 88.44055996861032], [10.821793353838272, 83.7508254803566], [81.37278701645975, 23.381292033154878], [45.099591475656084, 47.78794129434739], [13.674442859378988, 33.54863809772951], [39.398285237053244, 53.09319154163513], [10.169091107512628, 14.050356013409438], [48.120976803539484, 66.68242374074416], [92.8754719747942, 0.9810045135334344], [93.5751456671011, 60.88752040677098], [28.245612662638607, 23.214838266650318], [33.260291373257054, 78.45310722547953], [6.1052481247263035, 93.74262411972727], [15.744319201861856, 31.10712521602065], [33.527360099071345, 32.918996469635175], [79.47937339996687, 16.94378568473739], [90.29026393258812, 70.58398460152699], [19.819813932794606, 31.598909880207458], [21.573650302761237, 60.09856063507415], [11.547607680416561, 24.16576448115988], [2.9888182658243556, 20.58240914552938], [76.93867614633588, 89.85742032108884], [23.618512647015933, 87.12874709563754], [4.490007205985824, 99.62871094563725], [21.164834816154876, 13.74433010811834], [49.03247378267531, 66.70084504564542], [77.41143655628048, 12.248985595630401], [3.2066518924459886, 72.7341768729255], [5.388434625986371, 26.386621874950755], [73.69474404169404, 70.27852592065527], [75.77657692913743, 74.98740727445116], [75.38375405905788, 0.06415428449735305], [79.4244417028712, 44.14552233359629], [66.8274061680009, 42.57359791249311], [21.481066226200653, 13.441517733345954], [37.20883734416379, 90.5746092978768], [81.28183469612966, 12.728260581674666], [69.61649881382588, 69.5820558423658], [3.243827272868516, 41.86127992979832], [54.66688322890061, 11.211030979934222], [32.80529350092567, 62.21997596510709], [78.57118226500172, 0.5310765444932919], [56.70486584458367, 55.563942419659895], [29.420753891167507, 40.28092417905727], [89.17015524017425, 79.06531015785838], [45.19169061932718, 48.13735866008062], [70.48010613087405, 57.739855246163515], [47.69400910802856, 55.163415628967606], [28.27913306261498, 73.88049323551974], [98.04618214585709, 48.43190408782534], [63.92708357448112, 78.81558444705496]]","[[0.0, 41.208976281838524, 35.17899566967893, 25.901447547982016, 64.59834810583193, 68.76782431115849, 14.15169783078252, 59.16341819604288, 85.9882261083062, 42.087136776032274, 60.23842269597327, 104.70086318433299, 69.79083914091831, 60.75182972272756, 40.7603710449734, 20.27100021291165, 42.43366002831178, 11.090893270584555, 58.48510765717327, 72.94673129517935, 85.8023115433752, 10.995198508085453, 64.8356776500012, 80.437267256808, 17.263001938002123, 21.94154050987788, 58.28257345586283, 88.80605453673151, 16.916764908502007, 45.358069334400454, 13.517549898053652, 19.161453112573106, 93.51409562675757, 72.42613539876447, 86.52345719971865, 1.00011039599477, 58.92588025258801, 56.22830433147925, 60.73111500724227, 19.667876290800375, 76.39373152293504, 81.26470818691347, 56.099456809054466, 65.19353328524886, 53.41319167153685, 1.3226610793404456, 77.49632230697458, 60.07717033905156, 73.12934010792051, 32.546507352990695, 33.61440723111952, 48.8669266438428, 59.06766426691835, 54.07700251240691, 26.817925211905038, 93.55343058590697, 41.097779143513584, 65.37264701567773, 48.30953481550655, 59.556401997862004, 83.87169382374107, 76.99208589013794], [41.208976281838524, 0.0, 33.31348903969121, 34.53775322318764, 87.94317956794464, 28.626895449301188, 28.73665598752134, 68.74896851025495, 79.19277475648619, 12.64398403278214, 56.119346795604905, 86.50674931213915, 28.58956106667194, 73.23028927035796, 30.514214832240455, 22.096830589799588, 23.933662124617747, 41.86447976109195, 34.37697731091487, 94.61385827835443, 78.16446725967796, 34.733995389223715, 28.916376092350205, 39.34155543975421, 24.455429703456765, 28.885560290237073, 74.6520631263898, 76.19345653009863, 24.333217685315187, 7.507072823938052, 31.65577904927956, 37.180981531618386, 70.28191531955912, 32.571066119519, 45.443687492696775, 42.18740943283756, 35.24651773137108, 75.48264406493844, 21.172746534775133, 30.908355541617105, 59.93719455003784, 63.24152115037539, 81.57841365943992, 64.84504372815981, 52.855808222554096, 42.53021863182812, 41.14792298875385, 78.42098435824231, 55.81373773070234, 18.444426202628282, 59.10870102941335, 18.455746163549936, 83.63462659226214, 41.112562258960054, 20.609217227911437, 77.2405460924654, 30.516392867042406, 54.93098904976763, 32.1041808800505, 22.282724583633282, 82.76159451184805, 53.63745247210646], [35.17899566967893, 33.31348903969121, 0.0, 9.734833724028395, 55.72009735042202, 49.05408029971002, 23.609808475609356, 35.578524850341616, 52.95158161230948, 43.79714111408007, 27.146416717753834, 69.55976998037438, 55.347443473458874, 39.92509258180211, 7.358334879328507, 32.338095547902014, 13.957460751387194, 43.91074286365323, 26.40500251227166, 61.82624310740644, 52.45647335245265, 24.213630444975333, 39.8736013289323, 66.15181498984003, 30.96454997043871, 13.941499036086304, 41.495222632045426, 54.183485868452586, 26.940813874185938, 30.795763676503427, 37.4417154956508, 46.70995852326027, 58.700231347653784, 51.473060841278745, 71.88483924836548, 35.96310378396802, 26.537086575246573, 42.74614720588599, 53.03688256410344, 42.28385712284735, 41.21548401327873, 46.09402911152262, 50.361462687137696, 34.35423210324104, 21.66202015554084, 35.978499308900595, 50.78707597496861, 45.433651175041966, 37.97926788025773, 42.05203004971625, 30.69389045680311, 25.10259209992676, 51.97036364434932, 18.96597130123679, 15.851510189908899, 58.47777413169625, 7.706156536332622, 30.578531072599656, 14.92964306026616, 37.51758991419141, 53.37758557783744, 42.67737171245181], [25.901447547982016, 34.53775322318764, 9.734833724028395, 0.0, 53.59933938080311, 55.012838571252374, 16.106834002507448, 38.23701032052162, 60.64516703825354, 42.90390539655661, 34.71546807243248, 78.86108511904163, 59.8925204771497, 41.54850327010543, 16.545219351343885, 27.073952532205787, 21.292738044944752, 35.33079513817225, 35.62516570739211, 60.6228989551121, 60.333514147901184, 15.144808228874176, 47.20226373618169, 70.91088275890883, 24.960861958001903, 7.247836609609958, 41.54717654043755, 62.93527312761007, 20.875999216055824, 34.119694721961174, 30.14016800203968, 39.35027975332018, 68.40814328476174, 57.86569724778967, 76.85100627289134, 26.624346762620345, 35.84418852430791, 41.61663917233581, 55.47676572864125, 35.724660860548205, 50.6610916342748, 55.60990555861093, 47.04306862612477, 40.63793574718182, 28.251447797348423, 26.601784704904155, 58.83800420113836, 44.86194786513472, 47.54948890529243, 38.76821230190274, 24.915488103598683, 31.387656187029975, 49.141569886385916, 28.62101743416553, 14.083529672157908, 67.67667532167525, 16.906546082558872, 39.47141543564637, 24.35115530535586, 43.835459988287184, 59.70358213864115, 52.406753389123054], [64.59834810583193, 87.94317956794464, 55.72009735042202, 53.59933938080311, 0.0, 103.77763297968887, 65.49003773511164, 28.37736720140837, 59.72180090994237, 96.35650100845868, 49.43594036980911, 88.52498637007903, 110.91840498102025, 22.922990708753655, 61.2999237610702, 77.89631929563292, 69.03124402704194, 75.31337792000359, 75.29011299588666, 8.602573236158625, 60.95711200351911, 60.40920554319517, 93.04473139866948, 121.56765332402145, 75.00077955891959, 60.14565997552482, 16.99252602651194, 70.19845007951572, 71.50735571007975, 86.41151604205861, 76.44106618399705, 83.70033392171499, 89.51558428082366, 105.6384591265635, 127.13957236241662, 64.46006821957222, 74.87288235745889, 13.48560857979219, 108.48916856045847, 82.98506540027743, 70.43505132642863, 74.82873899459895, 8.914609085111081, 43.772269005853886, 45.41720928006559, 64.0893135640523, 101.50508716051634, 12.451161246191095, 70.48085312260521, 90.9159127905677, 31.441768125373592, 80.25757688525202, 5.709449725304323, 61.45432710911774, 67.68030001822021, 78.57431692197484, 61.51049206293324, 58.740410628970466, 65.65773831583155, 92.19395060820361, 49.731955547538604, 80.77822383196686], [68.76782431115849, 28.626895449301188, 49.05408029971002, 55.012838571252374, 103.77763297968887, 0.0, 55.202381406571845, 79.21162320166611, 76.75428929424142, 35.87959145217586, 60.67856585214558, 73.96958245946179, 10.9834684569901, 84.63888918997745, 42.64528091906705, 50.61549407307908, 35.137215312362976, 70.42440201091512, 31.236733122505004, 108.91252621316193, 75.25261273946398, 60.63568815641344, 12.522933383598984, 18.739495548523976, 52.74916453488842, 51.92919556600631, 88.07558264854043, 69.69631318264841, 51.946184287605, 23.40979898754738, 60.221049653278484, 65.67717475633377, 55.50059495897666, 4.0512952395625215, 23.6564222041218, 69.7658250700506, 31.998798510760885, 90.38852793786646, 21.491084487201068, 59.432218432557505, 53.551821693126186, 54.64230973629412, 99.16497835640243, 69.78270595867544, 60.8506353417682, 70.0664602551062, 16.949957853881095, 92.45240966190971, 49.80043643047254, 45.59399742093635, 79.41539907791314, 23.962632628414568, 100.53715827703512, 44.71016467832426, 43.892496926310564, 67.51387690238576, 42.40377277821601, 55.07686985730663, 38.389315149683775, 11.602596872011029, 83.92478221537768, 42.38498655799908], [14.15169783078252, 28.73665598752134, 23.609808475609356, 16.106834002507448, 65.49003773511164, 55.202381406571845, 0.0, 53.82365316032355, 76.33233788160472, 32.655482928808134, 50.39375940675889, 92.71713163305354, 57.132618492640425, 56.63492014785531, 27.958357277179, 12.40672677992176, 28.608484734295455, 20.604713631830826, 44.7473718010259, 73.23945762373815, 75.91937784751968, 6.134349171711459, 50.74130627872314, 68.01316689570517, 9.606646161058142, 9.688122098429888, 55.708804245203076, 77.76824869964659, 6.057023552191111, 31.883682389921766, 14.063693049479449, 23.31918073650851, 80.49444544070555, 58.748824623500646, 74.11637681419185, 15.134546855953023, 45.24147340190325, 54.880131230693294, 49.3878504161957, 19.674615357676174, 64.25931943388076, 68.94293774998621, 57.83753647673846, 56.695850705204954, 44.20276584815002, 15.35313339826827, 63.37429386485287, 58.460032928962235, 60.74976496134121, 25.552632737167865, 34.318819420143384, 34.72257296015057, 60.419732789125256, 41.78347469287615, 12.69509539212307, 81.79466638623249, 28.267688934710485, 54.15868792742142, 35.119207676181674, 45.60616951207312, 75.78272419072736, 63.72303127107001], [59.16341819604288, 68.74896851025495, 35.578524850341616, 38.23701032052162, 28.37736720140837, 79.21162320166611, 53.82365316032355, 0.0, 34.8133867866432, 79.3445103715133, 21.230239220792384, 62.27268846733784, 87.59748778788851, 5.721436719593485, 38.82384363733886, 65.30611216242242, 46.442005891587606, 70.1163099891183, 48.98337709285951, 30.90241978483638, 35.620303476216236, 50.812102847211285, 67.5970265245981, 97.67770716511252, 63.09408462152179, 45.4733110957987, 11.560619006196013, 43.64461046208733, 59.046263142630806, 65.36450951507558, 67.37471400639929, 76.20571121711394, 61.40168844613343, 80.51386017906817, 102.8650500644135, 59.47428522057227, 48.43254640276385, 16.292381339948086, 87.57873938706445, 73.42534155556334, 42.103754667910515, 46.60107820772081, 28.621977052616867, 15.67515598975443, 18.479393821253836, 59.24412891698589, 74.72476542863497, 15.952003069676358, 42.10860207942898, 76.715435238915, 29.664187013877847, 57.02787193195976, 27.953194368702402, 34.94042170292296, 50.75325982503329, 51.637187286494814, 38.919242940446765, 30.41197740796547, 40.968242302815824, 67.90887157810295, 27.730462564801574, 52.47900012292224], [85.9882261083062, 79.19277475648619, 52.95158161230948, 60.64516703825354, 59.72180090994237, 76.75428929424142, 76.33233788160472, 34.8133867866432, 0.0, 91.67641590432541, 25.949812661242373, 29.00421978401246, 87.31716302067946, 38.449320887096455, 50.942977317033986, 85.0551093276806, 55.655574653383965, 95.94223751191667, 47.126707256483456, 58.49799860986222, 1.8181982883951913, 75.6825307742068, 64.30114891814007, 94.99000683427832, 83.87917372919205, 66.66897759140434, 45.146442611979424, 11.970794049780006, 79.88246108930964, 73.11875913521824, 90.31954161189758, 99.59809050979278, 35.208686233424984, 76.27028251641069, 98.74317632072581, 86.57349497358209, 46.229102539604185, 50.26480512736102, 92.4422264463892, 95.2256895817744, 23.62243960283019, 24.476197341891833, 62.445938422722755, 21.616587839161024, 32.57515625437841, 86.46583774882843, 65.36603477203968, 48.60831896636579, 27.04252923575657, 93.12202819647979, 62.6808985113596, 61.94617026667401, 61.08472284375087, 38.18302921837555, 68.02573998567131, 20.376210080508653, 50.774330821197985, 24.26982261597053, 47.1907008241778, 67.9599611219752, 11.51888096077981, 36.34997927469188], [42.087136776032274, 12.64398403278214, 43.79714111408007, 42.90390539655661, 96.35650100845868, 35.87959145217586, 32.655482928808134, 79.3445103715133, 91.67641590432541, 0.0, 68.13485359269104, 98.99324267244805, 31.8687222914297, 83.47115682051319, 42.142733393359315, 21.884293794058607, 36.14435462203427, 39.355130390440245, 46.966424681706634, 103.51967414817032, 90.68192748725514, 38.72226475936133, 39.48072021793308, 41.04827971435028, 25.025458828885448, 36.213222347558755, 84.23374608113299, 88.8347428649644, 26.89970314170387, 19.72135497904438, 29.80446949602406, 32.21209956549331, 82.48029800406212, 39.9196832903703, 46.85157910870391, 42.96028862471291, 47.84326503061369, 84.51627916200597, 19.94082843625962, 26.492812743070054, 72.57728581061541, 75.84146314173525, 89.34711088898466, 76.65861518580952, 64.38845571205526, 43.36766512893445, 50.79636282247151, 87.7118908567132, 68.4520574180138, 10.932133429497943, 66.12305116704262, 31.017249472031036, 91.67252782078174, 53.52144839172382, 29.003444914144687, 89.84206641452293, 42.19419662774896, 67.40666781128995, 44.50198891661869, 32.72405415885269, 94.89129551769803, 66.01692452610938], [60.23842269597327, 56.119346795604905, 27.146416717753834, 34.71546807243248, 49.43594036980911, 60.67856585214558, 50.39375940675889, 21.230239220792384, 25.949812661242373, 68.13485359269104, 0.0, 46.93063879792653, 70.0390217246305, 26.926138402732743, 26.149666574452922, 59.43643524681993, 32.19967446919979, 70.03689895465787, 29.520916250763037, 52.05597149635291, 25.620254982506697, 49.79539813839648, 48.478467180280795, 79.40626529504605, 58.11014279954524, 40.743155089663496, 32.448355251457734, 29.292179121133483, 54.07704020237816, 51.045248256976755, 64.40114571135972, 73.67922152443626, 41.91651478093832, 61.42905054014537, 84.18817348446001, 60.86072270168717, 28.824283845784286, 36.60398178727454, 72.28151059068172, 69.41471645673192, 22.085374162946323, 27.040465583326892, 48.442672969509914, 9.188677479622022, 7.254971478077079, 60.77410605044091, 54.24951753922978, 36.98945396852278, 21.314666461484155, 68.30676832868015, 40.65189286171614, 40.871138481858594, 48.35690696934548, 16.23921382263365, 42.5903209976214, 35.5815161324738, 26.05266636692544, 9.441193087702331, 24.521147677345258, 49.98798143988094, 26.80272964031254, 31.35168410014493], [104.70086318433299, 86.50674931213915, 69.55976998037438, 78.86108511904163, 88.52498637007903, 73.96958245946179, 92.71713163305354, 62.27268846733784, 29.00421978401246, 98.99324267244805, 46.93063879792653, 0.0, 84.91525723176808, 66.5983027481002, 64.83578499488604, 98.62119692628663, 66.39959697091233, 113.28554780240958, 52.233911174117196, 87.50221446096882, 27.62788887128172, 93.7657276679462, 63.142039888574054, 89.65910850501247, 98.31196338917145, 83.28614156328696, 73.29327074242303, 18.631417940490678, 94.73509762761702, 79.27340150732107, 105.8173244621096, 114.81698167335223, 18.722461126165744, 72.00088696320084, 91.80175821604311, 105.45724001783411, 51.39886638141624, 78.33422529364636, 93.72618452012021, 109.49959670619573, 28.4609573440522, 23.96353021996944, 90.66083440126661, 47.15866903086535, 54.14858298223225, 105.44940431315248, 58.4375901238896, 77.05566485583783, 32.11187690148047, 103.44403238549509, 87.41012540964277, 68.05607750323551, 89.54502576709241, 50.93410361181579, 81.85370516381447, 11.372513011914272, 64.54530709551146, 39.67261775878117, 58.33580375668416, 68.8846687521486, 40.08291366259319, 33.11020490882256], [69.79083914091831, 28.58956106667194, 55.347443473458874, 59.8925204771497, 110.91840498102025, 10.9834684569901, 57.132618492640425, 87.59748778788851, 87.31716302067946, 31.8687222914297, 70.0390217246305, 84.91525723176808, 0.0, 92.85431209920228, 49.68195329348885, 50.28317041716706, 41.9106956166573, 69.70352547852362, 41.01901295691145, 116.54891435835462, 85.85364312579198, 62.99361259083125, 23.055411774147913, 11.049065071217044, 52.87334336171399, 55.67241329237896, 95.79688859270955, 80.55186847525046, 52.922459080284625, 25.981379104302505, 59.5894814603606, 63.652213794804595, 66.39828831186632, 13.235043600508748, 17.093822354017455, 70.76643202108197, 41.842059362067054, 97.70718340393186, 13.392420468930524, 57.6209444763619, 64.30016161429045, 65.54327889238948, 105.69628993463384, 79.21428783904993, 69.5139751191479, 71.1127193547774, 27.25509339803525, 100.0441010292206, 60.477858950041764, 42.569467889047246, 84.76092078496907, 30.770956429160787, 107.31032713948923, 53.849389206084666, 47.28164180962665, 78.488342217871, 49.493523384369794, 65.08213930047712, 46.65619247897165, 20.05448000649975, 94.10377361441495, 53.33412091218425], [60.75182972272756, 73.23028927035796, 39.92509258180211, 41.54850327010543, 22.922990708753655, 84.63888918997745, 56.63492014785531, 5.721436719593485, 38.449320887096455, 83.47115682051319, 26.926138402732743, 66.5983027481002, 92.85431209920228, 0.0, 43.719895275494984, 68.45758341927775, 51.42621677735422, 71.81248274567866, 54.59552078324798, 25.181037353778766, 39.44128197019878, 53.1274351129216, 73.12808670815038, 103.03358415495177, 66.08164863304472, 48.786808491894725, 6.710179066838389, 48.03764753038948, 62.09909611676005, 70.17189298635952, 69.82958589546605, 78.43392316159654, 66.62384686703707, 86.01915039620097, 108.28033395867133, 60.97432691960446, 54.059962386791135, 11.816113747222962, 92.44269534275404, 76.0437625032956, 47.521604457565026, 51.90865725136222, 24.073999014594886, 20.85543836582563, 24.081376808496525, 60.710932560367546, 80.40768828721959, 10.653419705934805, 47.673062507645575, 80.28477005806137, 29.348263172015912, 62.18717549420884, 23.021323529755236, 40.54909765755465, 54.63159628381986, 56.22729609120912, 43.83987421669212, 36.043881074844236, 46.30727223304078, 73.2741797105061, 30.092113077260155, 58.114656877721], [40.7603710449734, 30.514214832240455, 7.358334879328507, 16.545219351343885, 61.2999237610702, 42.64528091906705, 27.958357277179, 38.82384363733886, 50.942977317033986, 42.142733393359315, 26.149666574452922, 64.83578499488604, 49.68195329348885, 43.719895275494984, 0.0, 34.50069160292753, 7.7878477779601125, 48.56299534169439, 19.134529945016798, 66.88366084680952, 50.21432392346198, 29.79755013821534, 32.87128577495156, 60.26932625267571, 33.763614073549, 18.841498327721936, 46.18799996138611, 50.61478506891562, 30.019192040169454, 26.552236377050892, 41.033435805322334, 50.13440136104401, 52.759533529478404, 44.82338395008878, 65.85289464096127, 41.61538223960795, 19.317491854449635, 48.03199667585806, 48.7579025027165, 45.11089060559671, 36.3800652433184, 40.998638832477454, 56.521591891413, 34.51756884553704, 22.344737819199466, 41.68346850240366, 43.508194166247705, 50.381900878589946, 32.803386629440446, 42.273281300715134, 37.807452170707364, 18.958728528819393, 57.90991845923642, 13.969559287212642, 17.383361411707185, 54.0415432195139, 0.36135128025357865, 27.261898603510474, 7.818479680334708, 31.044308464316323, 52.95050662342335, 36.293099872332206], [20.27100021291165, 22.096830589799588, 32.338095547902014, 27.073952532205787, 77.89631929563292, 50.61549407307908, 12.40672677992176, 65.30611216242242, 85.0551093276806, 21.884293794058607, 59.43643524681993, 98.62119692628663, 50.28317041716706, 68.45758341927775, 34.50069160292753, 0.0, 32.30643335301984, 19.810868106774866, 47.79551706806241, 85.63558705477124, 84.44842683600181, 17.86354971399126, 48.98996641817214, 60.66802009417775, 3.2008394562552738, 19.862899373100174, 67.8675917291077, 85.09759649589606, 6.4472494718426345, 27.70010586572886, 9.620901474549594, 16.801954237387164, 84.69381423022706, 54.49506953999691, 66.71528974572556, 21.173487823537943, 48.469156958732256, 67.20178243342238, 40.559599317914774, 10.952278704415638, 70.36704636049832, 74.65819879222823, 70.20861588848922, 66.59847072889579, 53.9137033428961, 21.56941486779866, 61.69140227848203, 70.74070646296222, 66.54262407487353, 13.337831748144657, 46.68349664707823, 34.467884492299305, 72.813090556596, 48.33519345852293, 17.125127356918092, 88.15537433028732, 34.72992476249158, 61.74219276019577, 40.305452428563214, 42.89470264249647, 85.67439522259481, 67.63449068806425], [42.43366002831178, 23.933662124617747, 13.957460751387194, 21.292738044944752, 69.03124402704194, 35.137215312362976, 28.608484734295455, 46.442005891587606, 55.655574653383965, 36.14435462203427, 32.19967446919979, 66.39959697091233, 41.9106956166573, 51.42621677735422, 7.7878477779601125, 32.30643335301984, 0.0, 48.77180328372588, 16.147835146710896, 74.66920073387064, 54.734666971808416, 31.891975479372487, 26.092150010370872, 52.54334105368289, 32.293919267693525, 21.011090137803297, 53.97474568842328, 53.813765315305126, 29.074399095294556, 19.15183559547475, 40.155401588115915, 48.81188643287562, 52.54416682534573, 37.51560028658581, 58.17338258425895, 43.368094382454295, 16.672906849670788, 55.79649480548142, 41.17769577009442, 43.242465262153495, 38.36121484334346, 42.45864798824205, 64.08613546437618, 41.01407058172387, 29.377176943451126, 43.511860140447034, 37.54531074706383, 58.16837084441402, 34.42416415396831, 37.858957581266225, 44.57853135706402, 11.259028996551029, 65.55373211751576, 17.482057722882864, 16.23900633438851, 56.1408050264934, 7.623898312101066, 31.427234584966858, 8.55013814597409, 23.574296528017396, 58.83284297526959, 35.542980244472986], [11.090893270584555, 41.86447976109195, 43.91074286365323, 35.33079513817225, 75.31337792000359, 70.42440201091512, 20.604713631830826, 70.1163099891183, 95.94223751191667, 39.355130390440245, 70.03689895465787, 113.28554780240958, 69.70352547852362, 71.81248274567866, 48.56299534169439, 19.810868106774866, 48.77180328372588, 0.0, 64.88821295997475, 83.73263034678386, 95.65714769742941, 20.266927899977865, 68.417233891736, 79.79581703145838, 17.94481941773634, 30.02722636122644, 69.37065061481418, 98.05841879310944, 20.02718636919151, 47.43944686984275, 10.208907699220722, 9.706906623735705, 101.01924809265455, 74.30570760657845, 85.76658339275816, 11.000001434584217, 65.44032784369082, 67.26646978126234, 59.095400755856375, 13.230197723427597, 84.83581597316181, 89.54142288474941, 66.697571939955, 75.51173830554917, 63.43295668599403, 11.328347855582809, 81.16100798590297, 71.1250324220032, 81.34964025055025, 28.660194839927396, 44.58828624564951, 53.223208707165966, 69.72529664387312, 62.36149602670419, 32.537197577976194, 102.31379377433774, 48.872346229735285, 74.47275257674411, 55.663301572022164, 62.5109505577392, 94.36352037389688, 84.16921389760586], [58.48510765717327, 34.37697731091487, 26.40500251227166, 35.62516570739211, 75.29011299588666, 31.236733122505004, 44.7473718010259, 48.98337709285951, 47.126707256483456, 46.966424681706634, 29.520916250763037, 52.233911174117196, 41.01901295691145, 54.59552078324798, 19.134529945016798, 47.79551706806241, 16.147835146710896, 64.88821295997475, 0.0, 79.49617177263039, 45.82207297501137, 47.79603630721968, 18.957556835089022, 49.97575313051682, 48.1024928936065, 36.78236900484249, 58.798649242693266, 42.34939142564553, 45.07558945414801, 27.35155932909723, 56.08277492788489, 64.51451836565523, 36.98026854838666, 31.91273865519191, 54.67283922213986, 59.40602114517263, 0.9116831069225767, 61.81367341312814, 45.3201974641786, 58.73518373993253, 25.825365856840605, 28.875681287237498, 71.98092003461137, 38.57225479200298, 30.515012410034, 59.533846743320886, 26.266162991143606, 63.330041989312235, 21.69021283481243, 51.28399097264034, 55.85628259876968, 15.952541965976826, 72.82318139524111, 14.046486320651798, 32.353323107188764, 42.876227986400956, 18.774987520503526, 24.08111699146738, 11.526918464714837, 21.107130726152327, 53.15644453943618, 19.926028203823545], [72.94673129517935, 94.61385827835443, 61.82624310740644, 60.6228989551121, 8.602573236158625, 108.91252621316193, 73.23945762373815, 30.90241978483638, 58.49799860986222, 103.51967414817032, 52.05597149635291, 87.50221446096882, 116.54891435835462, 25.181037353778766, 66.88366084680952, 85.63558705477124, 74.66920073387064, 83.73263034678386, 79.49617177263039, 0.0, 59.91060164730804, 68.34736335858366, 97.75426567042594, 127.0188561551201, 82.80578407733518, 67.39609568366208, 20.839046037336594, 69.65097370282137, 79.2122799885989, 92.62200178971466, 84.56804718947433, 91.99905205241788, 90.29395742836533, 110.53488122453474, 132.45135094332863, 72.83761364797317, 79.00193624235023, 19.133838848791996, 114.84343707237761, 91.1011915267108, 71.9030374686224, 75.95603900542442, 17.51573035834288, 45.21178844078956, 49.07591627189673, 72.47361976537344, 105.47885204794947, 16.50486141958547, 72.43675914840294, 98.51410381301712, 39.55438907954573, 85.78250384739927, 14.311363990864022, 65.47984314497768, 74.63903089395767, 78.17216998433784, 67.06313995594422, 61.017370869056684, 70.54855250862944, 97.40134730476848, 47.73179353515504, 83.04354896319842], [85.8023115433752, 78.16446725967796, 52.45647335245265, 60.333514147901184, 60.95711200351911, 75.25261273946398, 75.91937784751968, 35.620303476216236, 1.8181982883951913, 90.68192748725514, 25.620254982506697, 27.62788887128172, 85.85364312579198, 39.44128197019878, 50.21432392346198, 84.44842683600181, 54.734666971808416, 95.65714769742941, 45.82207297501137, 59.91060164730804, 0.0, 75.41338649213229, 62.82062948405742, 93.43682794306889, 83.33372358162961, 66.24179106007189, 46.14913452197529, 10.237766645607934, 79.35787084980498, 72.00581776650002, 89.87215556787947, 99.14829653520209, 33.40699356663128, 74.71634681676663, 97.14443750933361, 86.40447620965962, 44.92042254877574, 51.25400043697818, 91.14169153865294, 94.6953430943255, 21.986845006714645, 22.706735978590082, 63.485499092952935, 21.921152391365208, 32.416682825948456, 86.30573248699949, 63.70623172645554, 49.703519005500425, 25.48748134831624, 92.31329757693534, 63.09997216904701, 60.78445829415408, 62.193401848361816, 37.25262429380767, 67.38262233122127, 18.703902825240913, 50.03524104995124, 23.308553089867946, 46.23682588002267, 66.57617145025549, 13.233765340187645, 34.64712204614365], [10.995198508085453, 34.733995389223715, 24.213630444975333, 15.144808228874176, 60.40920554319517, 60.63568815641344, 6.134349171711459, 50.812102847211285, 75.6825307742068, 38.72226475936133, 49.79539813839648, 93.7657276679462, 62.99361259083125, 53.1274351129216, 29.79755013821534, 17.86354971399126, 31.891975479372487, 20.266927899977865, 47.79603630721968, 68.34736335858366, 75.41338649213229, 0.0, 55.465424907222015, 73.92133872711672, 14.784131069618558, 11.048418095402711, 51.616124803930376, 78.06007158403462, 11.886409931392043, 37.48231659706466, 16.725059971544308, 25.393608374562945, 82.53634456595437, 64.08118129649816, 80.02130171655905, 11.824886455779417, 48.19882136325018, 50.37388374885463, 55.48976889890767, 23.076195506562616, 65.42640322304428, 70.28222723968477, 52.51626931866286, 55.293454200652555, 43.16614837017461, 11.885995235462367, 67.95349991038549, 54.063011006868564, 62.14072003644823, 31.1894062042435, 29.02025030409354, 39.27074555216154, 55.20159419500392, 43.08588668202515, 17.10649716559891, 82.65031820115743, 30.138042087619358, 54.55024505860718, 37.40256301074873, 50.6656660574174, 74.2160353886617, 66.06519766299382], [64.8356776500012, 28.916376092350205, 39.8736013289323, 47.20226373618169, 93.04473139866948, 12.522933383598984, 50.74130627872314, 67.5970265245981, 64.30114891814007, 39.48072021793308, 48.478467180280795, 63.142039888574054, 23.055411774147913, 73.12808670815038, 32.87128577495156, 48.98996641817214, 26.092150010370872, 68.417233891736, 18.957556835089022, 97.75426567042594, 62.82062948405742, 55.465424907222015, 0.0, 31.163531582429208, 50.482187883936795, 45.53489396089343, 76.93893799497194, 57.570312323183174, 48.743843126053164, 21.759295945640364, 58.46842066778079, 65.30987506001497, 45.14265891114313, 12.9703748659193, 35.72303800040942, 65.82952153364836, 19.669199381253975, 79.57580877221588, 30.592930726230353, 59.057254383328775, 41.25249982855891, 42.65730434075412, 88.98996601766726, 57.51642510421687, 49.133393778408895, 66.07009091380712, 12.74840491102692, 81.3991651644057, 37.42284559067517, 47.32810942692381, 70.56726573054841, 16.23950656825222, 90.13833645487446, 32.76525503715104, 38.36479644942662, 55.913215522339854, 32.57917891920557, 42.5952276452417, 27.399670478085966, 6.761711086467284, 71.40367134140625, 30.66893434159749], [80.437267256808, 39.34155543975421, 66.15181498984003, 70.91088275890883, 121.56765332402145, 18.739495548523976, 68.01316689570517, 97.67770716511252, 94.99000683427832, 41.04827971435028, 79.40626529504605, 89.65910850501247, 11.049065071217044, 103.03358415495177, 60.26932625267571, 60.66802009417775, 52.54334105368289, 79.79581703145838, 49.97575313051682, 127.0188561551201, 93.43682794306889, 73.92133872711672, 31.163531582429208, 0.0, 63.37284445364831, 66.7194567247858, 106.21593027823262, 87.3123099620202, 63.63906453419105, 37.02964317544534, 69.78938798053984, 73.2265606876105, 70.93989944910761, 18.720518249169032, 6.103689158838666, 81.4034286506685, 50.73464810344038, 108.28566677327372, 21.207468397699955, 67.35981635953526, 71.5465153770992, 72.15159191788977, 116.51251904908459, 88.51879265180543, 79.40686192281518, 81.7599135834093, 31.264509915285288, 110.52079563595012, 67.95154173069731, 51.96019249623043, 95.75853105694192, 41.3106495927029, 118.06652451983518, 63.38716786346242, 58.32466176233847, 84.35165878175287, 60.063218566178925, 73.75853652205238, 56.72724537556664, 29.768866563914003, 102.49973999229131, 59.7175114030052], [17.263001938002123, 24.455429703456765, 30.96454997043871, 24.960861958001903, 75.00077955891959, 52.74916453488842, 9.606646161058142, 63.09408462152179, 83.87917372919205, 25.025458828885448, 58.11014279954524, 98.31196338917145, 52.87334336171399, 66.08164863304472, 33.763614073549, 3.2008394562552738, 32.293919267693525, 17.94481941773634, 48.1024928936065, 82.80578407733518, 83.33372358162961, 14.784131069618558, 50.482187883936795, 63.37284445364831, 0.0, 17.87510618126505, 65.28979491707564, 84.35354351027308, 4.105059007832889, 29.571682886522755, 8.111404098286469, 16.53700252445136, 84.83128253645759, 56.57229923234937, 69.4396662535306, 18.189245269768364, 48.73411666077426, 64.48614419195623, 43.47418235238267, 11.381014767669349, 69.94748295886056, 74.3596067859524, 67.23487364709722, 65.00121384358266, 52.3541953437265, 18.57374367630802, 63.2226794916747, 68.06576674370903, 66.20069503295102, 16.489819346332883, 43.712933512750695, 35.48360643689202, 69.87209367636079, 47.70641769199207, 16.468255925417687, 87.70029019815526, 34.017297578692705, 60.87124673929963, 39.99359690665813, 44.57221747069845, 84.10555633850302, 67.80616391440095], [21.94154050987788, 28.885560290237073, 13.941499036086304, 7.247836609609958, 60.14565997552482, 51.92919556600631, 9.688122098429888, 45.4733110957987, 66.66897759140434, 36.213222347558755, 40.743155089663496, 83.28614156328696, 55.67241329237896, 48.786808491894725, 18.841498327721936, 19.862899373100174, 21.011090137803297, 30.02722636122644, 36.78236900484249, 67.39609568366208, 66.24179106007189, 11.048418095402711, 45.53489396089343, 66.7194567247858, 17.87510618126505, 0.0, 48.649716196783665, 68.1225262493151, 13.770964036849236, 29.692084570094007, 23.65858378325778, 32.9362099232177, 71.59976586304786, 55.10791522786421, 72.75543875551368, 22.8144660565667, 37.17017411250542, 48.50836542323038, 50.04591828209242, 28.88721247585355, 54.85574877436002, 59.62170335034632, 53.21088582558938, 47.2501532560483, 34.671377203873305, 22.901645661265494, 57.77302973971708, 51.84742674172427, 51.44517329877669, 31.576206135595385, 30.300415902403618, 29.30987512027684, 55.47903453011204, 32.4035545837613, 8.42983950888457, 72.28833182559023, 19.17433582279583, 44.51494658758196, 26.37248808662285, 41.296344926975834, 66.35758209184017, 55.05124862662439], [58.28257345586283, 74.6520631263898, 41.495222632045426, 41.54717654043755, 16.99252602651194, 88.07558264854043, 55.708804245203076, 11.560619006196013, 45.146442611979424, 84.23374608113299, 32.448355251457734, 73.29327074242303, 95.79688859270955, 6.710179066838389, 46.18799996138611, 67.8675917291077, 53.97474568842328, 69.37065061481418, 58.798649242693266, 20.839046037336594, 46.14913452197529, 51.616124803930376, 76.93893799497194, 106.21593027823262, 65.28979491707564, 48.649716196783665, 0.0, 54.71879287722889, 61.433180782063666, 72.21777737111873, 68.3145794945109, 76.57705012220518, 72.95788688289949, 89.70153049034401, 111.62527450168078, 58.402242476035596, 58.33334083138351, 5.1300595187731135, 94.49918409750899, 74.69025614981469, 53.647520472482505, 58.16160854854577, 17.369399931880125, 27.20179211385197, 28.582504258177895, 58.103954390608266, 84.90168669934772, 4.584704856227587, 53.554306832312, 80.20436405052774, 25.466137221704884, 65.0261727362631, 16.43781714400916, 44.83519488772394, 55.23121780505854, 62.87284831737037, 46.35390151253548, 41.77686085671451, 49.70965194250636, 76.57188307287414, 36.554452363198536, 63.79649834356608], [88.80605453673151, 76.19345653009863, 54.183485868452586, 62.93527312761007, 70.19845007951572, 69.69631318264841, 77.76824869964659, 43.64461046208733, 11.970794049780006, 88.8347428649644, 29.292179121133483, 18.631417940490678, 80.55186847525046, 48.03764753038948, 50.61478506891562, 85.09759649589606, 53.813765315305126, 98.05841879310944, 42.34939142564553, 69.65097370282137, 10.237766645607934, 78.06007158403462, 57.570312323183174, 87.3123099620202, 84.35354351027308, 68.1225262493151, 54.71879287722889, 0.0, 80.5352120143746, 69.51199252292494, 91.40600129526784, 100.60665963835957, 23.446326382827703, 68.69389773096096, 90.58300162146934, 89.49341469326727, 41.44012573418057, 59.73973806108199, 87.1101533276229, 95.7169132995412, 16.598330803269977, 15.166978659922876, 72.07808616044343, 28.584233063362145, 36.538848599134276, 89.44253579129946, 56.72092139953821, 58.55285304039075, 20.698029505829396, 91.66283815600475, 69.23996587601457, 58.090261369692705, 71.02638103112658, 36.791040103193595, 67.99538751746663, 8.554970875187184, 50.37591022549155, 23.609616918241656, 45.30159900617499, 62.09869017094422, 23.470597316992976, 27.61840898044228], [16.916764908502007, 24.333217685315187, 26.940813874185938, 20.875999216055824, 71.50735571007975, 51.946184287605, 6.057023552191111, 59.046263142630806, 79.88246108930964, 26.89970314170387, 54.07704020237816, 94.73509762761702, 52.922459080284625, 62.09909611676005, 30.019192040169454, 6.4472494718426345, 29.074399095294556, 20.02718636919151, 45.07558945414801, 79.2122799885989, 79.35787084980498, 11.886409931392043, 48.743843126053164, 63.63906453419105, 4.105059007832889, 13.770964036849236, 61.433180782063666, 80.5352120143746, 0.0, 28.5535643162459, 11.121198083177216, 20.115807306164324, 81.58810243754783, 55.65961671709203, 69.73562079226988, 17.905169644953638, 45.66755246193344, 60.75536656316769, 44.36335586428374, 15.343814875926906, 66.32209881536672, 70.8076339892753, 63.88890555359467, 60.91082937922384, 48.271705016059066, 18.23322924655023, 61.48586225307758, 64.29371198850512, 62.629299870933856, 19.49562958164694, 40.37305840012396, 33.26067299063775, 66.46001466357333, 43.986700707741065, 12.944320004145219, 84.03885407814785, 30.286175305592874, 57.007141922926536, 36.50009161427387, 43.119512649986724, 80.01696306283642, 64.61319983096352], [45.358069334400454, 7.507072823938052, 30.795763676503427, 34.119694721961174, 86.41151604205861, 23.40979898754738, 31.883682389921766, 65.36450951507558, 73.11875913521824, 19.72135497904438, 51.045248256976755, 79.27340150732107, 25.981379104302505, 70.17189298635952, 26.552236377050892, 27.70010586572886, 19.15183559547475, 47.43944686984275, 27.35155932909723, 92.62200178971466, 72.00581776650002, 37.48231659706466, 21.759295945640364, 37.02964317544534, 29.571682886522755, 29.692084570094007, 72.21777737111873, 69.51199252292494, 28.5535643162459, 0.0, 37.30532629670766, 43.668320443838994, 62.855992685436114, 27.107424114064674, 43.063716108038264, 46.35603324108148, 28.24140836323771, 73.53529904167834, 22.293618555873238, 37.39593589509466, 53.10593286779036, 56.21063074824201, 80.62045157483047, 60.01011162018829, 48.52861772540579, 46.65713476141605, 34.25271691292762, 76.21687877827053, 48.96990886660736, 25.856929822200694, 59.03518121667707, 11.430232365677094, 82.44394344442914, 35.42266319470563, 21.31468389233178, 70.2070157976661, 26.474179516682355, 48.96330169401187, 26.582490484286915, 15.326616236009846, 77.35734613780886, 46.304862490674616], [13.517549898053652, 31.65577904927956, 37.4417154956508, 30.14016800203968, 76.44106618399705, 60.221049653278484, 14.063693049479449, 67.37471400639929, 90.31954161189758, 29.80446949602406, 64.40114571135972, 105.8173244621096, 59.5894814603606, 69.82958589546605, 41.033435805322334, 9.620901474549594, 40.155401588115915, 10.208907699220722, 56.08277492788489, 84.56804718947433, 89.87215556787947, 16.725059971544308, 58.46842066778079, 69.78938798053984, 8.111404098286469, 23.65858378325778, 68.3145794945109, 91.40600129526784, 11.121198083177216, 37.30532629670766, 0.0, 9.278648161490292, 92.68972695021935, 64.10962428858625, 75.79225563048816, 14.180879809517922, 56.69522259707199, 66.93320232288073, 49.27943004655687, 6.5473368844114415, 77.38638979486657, 81.90360106223673, 68.23445756029125, 70.75630940597348, 58.26409230790129, 14.617902277303969, 71.19433529253834, 70.66596714777029, 73.71998127013931, 19.54696999664604, 45.023294458689634, 43.58912958649729, 71.06868525559666, 55.00021402470127, 24.065488309187025, 95.07481267493904, 41.31055124637244, 67.82520876716767, 47.61739926589079, 52.454725208838184, 89.83790355948618, 75.69816587765938], [19.161453112573106, 37.180981531618386, 46.70995852326027, 39.35027975332018, 83.70033392171499, 65.67717475633377, 23.31918073650851, 76.20571121711394, 99.59809050979278, 32.21209956549331, 73.67922152443626, 114.81698167335223, 63.652213794804595, 78.43392316159654, 50.13440136104401, 16.801954237387164, 48.81188643287562, 9.706906623735705, 64.51451836565523, 91.99905205241788, 99.14829653520209, 25.393608374562945, 65.30987506001497, 73.2265606876105, 16.53700252445136, 32.9362099232177, 76.57705012220518, 100.60665963835957, 20.115807306164324, 43.668320443838994, 9.278648161490292, 0.0, 101.32920928301839, 69.6706493785681, 79.06055525043952, 19.419755471163104, 65.16846126177563, 74.88772971100771, 52.1522226619457, 6.280688185568072, 86.4235613843224, 90.87332739938982, 75.24643188250636, 79.98515383071836, 67.5202020785