instance_id,num_cities,city_coordinates,distance_matrix,best_route,total_distance
343,52,"[[64.02495550703446, 13.184845985080019], [60.31935426844366, 99.46286545125746], [17.752556869936996, 57.18719478556701], [24.922317688626716, 57.93284961852889], [62.18754681400447, 89.99499580635256], [66.24367966360322, 49.587563958390824], [97.83661701151304, 9.201040529536431], [66.83322091596783, 87.16694309668375], [57.19317497093598, 66.06131568291512], [7.028976261756625, 94.26961857431476], [48.24428066031719, 55.281808333731504], [25.368320539625156, 25.911669144463477], [85.42410817362175, 70.98005131588306], [12.527932292747057, 54.22590705415266], [52.943427799324226, 44.865280906335904], [15.371598599349412, 4.262473151928448], [57.073259535955266, 24.293403719466923], [39.30420855401198, 68.39187524293816], [10.498575983825786, 91.2132532450854], [73.8610113431469, 32.85851878405418], [22.868143051288925, 36.99489491638078], [91.43392017769457, 52.356402141330605], [38.4809213239382, 96.3670284668624], [6.062941949388279, 57.439997580591196], [97.55882579029667, 36.051321432387404], [46.694644493422544, 83.38320430333137], [32.302623769336634, 17.992200954007963], [69.89292515824145, 83.80795592084365], [57.505059231804054, 13.493684475973922], [50.834422704498216, 6.488832459386273], [87.76288046298329, 30.135630053945917], [16.555370288352865, 88.07453552303973], [28.403864086546616, 49.63768322902834], [27.683035899737906, 92.68887526705703], [4.611284029573969, 68.19817394007701], [7.85574830586283, 14.909107085895169], [74.70626700334377, 33.049718791797524], [17.79124628108828, 66.1096681115562], [59.380629439555754, 34.00363817456803], [45.45725417785093, 2.4825928272110165], [16.354118078342662, 23.439740459603232], [81.61652938888402, 76.04710791887308], [59.21569531721034, 88.79841138372329], [54.918010759518296, 14.1429559579215], [40.41607894545638, 47.110009900039195], [41.18757764656412, 68.97421881416909], [56.291848799004626, 37.36808438007033], [80.29109548140084, 48.902636773359795], [88.71484900009229, 25.294106568602725], [18.703911278229292, 85.88235301121408], [26.393924498382194, 27.292061282523495], [66.68727010297275, 24.659278672300378]]","[[0.0, 86.35755973593476, 63.85406467555671, 59.42558467139154, 76.83212340077266, 36.47027025849065, 34.04554537088601, 74.0353770007135, 53.31598515454336, 99.11247144520237, 44.957579312075914, 40.6977573673753, 61.62961539777442, 65.85068028204573, 33.56263120103487, 49.46471343655339, 13.104431762290414, 60.48910157535302, 94.62296573451835, 21.995485805324183, 47.547887877679145, 47.808599184872456, 87.01593626905208, 72.92539652547963, 40.58812825885135, 72.3059415982264, 32.08452886788003, 70.86647109054071, 6.527206803313418, 14.792793946751855, 29.16878745789026, 88.66694491142495, 50.967357172218954, 87.41639315833537, 80.97191248275946, 56.195666327146036, 22.554458249052537, 70.27512124435279, 21.330538503520003, 21.431233172752357, 48.761374076582065, 65.27731188608627, 75.76635305904811, 9.157205761277323, 41.331535165738515, 60.282667062805075, 25.38956397078748, 39.2472659998248, 27.499546043129435, 85.66752347187425, 40.18840651509552, 11.779241253208845], [86.35755973593476, 0.0, 59.993037687713674, 54.56823630739392, 9.650424809312828, 50.22592289238772, 97.74836081455238, 13.914746323646476, 33.54752634587557, 53.54282586136511, 45.8014542418007, 81.433121252188, 37.96734609779617, 65.80579320607333, 55.09356159677566, 105.2778012386027, 75.2395182604156, 37.51056893629141, 50.49916880937027, 67.96701752536926, 72.83433643809875, 56.45471722797488, 22.05677583205691, 68.62710617395156, 73.5377600562051, 21.07577327373019, 86.15338856645734, 18.35018942647254, 86.01523315154303, 93.45659279872277, 74.56146925741625, 45.22145898092612, 59.17049346616186, 33.331909931463045, 63.881687712740636, 99.50762786995287, 67.95358200457547, 54.046977175094774, 65.46595787098553, 98.11246249757045, 87.82059853330566, 31.65228852588892, 10.721410524701657, 85.49070983242828, 56.00858731435171, 35.99420023379789, 62.225257223936175, 54.36181721611813, 79.41856782420884, 43.7752831333614, 79.74684795930884, 75.07414299925514], [63.85406467555671, 59.993037687713674, 0.0, 7.208430573095486, 55.23422977781835, 49.08302536009555, 93.36020398993958, 57.51258029333453, 40.42662956381102, 38.60183072223943, 30.551198294660647, 32.18941379397684, 69.06288255722548, 6.005491403773908, 37.28574738980002, 52.978251408331786, 51.265184568571115, 24.29029753756604, 34.79070124309985, 61.15589210663887, 20.83022313817058, 73.83955482301728, 44.32521246685535, 11.69234819203941, 82.55765077441589, 39.03684606445962, 41.808515738219604, 58.54300068036725, 59.07101054836258, 60.5370447713845, 75.05486369338193, 30.910533375273012, 13.055476634918815, 36.86439651982825, 17.144524309700657, 43.421003204613726, 61.857439692489045, 8.92255720763526, 47.64843883063578, 61.320010831255566, 33.7764163957168, 66.59056471675751, 52.13886136763353, 56.86894986783191, 24.802920958723078, 26.23231088279849, 43.33675298934109, 63.08488498138981, 77.7998456321127, 28.710924415718452, 31.119001295908188, 58.759437419627794], [59.42558467139154, 54.56823630739392, 7.208430573095486, 0.0, 49.15972457140376, 42.155649066481466, 87.69996729094869, 51.099471923113335, 33.27882495364059, 40.503486832181615, 23.47215321922132, 32.02428636981263, 61.892617685970244, 12.936854815494346, 30.91834348544112, 54.51353543101846, 46.532734521691495, 17.78285696607555, 36.27160859836973, 54.9883424318979, 21.038478570226697, 66.74496259741052, 40.75563563834047, 18.86581449090059, 75.86081719151771, 33.49260766314081, 40.616798662470444, 51.88329849134746, 55.10421440358956, 57.60142435585871, 68.71405784349723, 31.281416815181768, 8.996163112703584, 34.865497041090734, 22.757745312876253, 46.285097083305864, 55.656192908880726, 10.84954100814065, 41.95214427242071, 59.130487862350385, 35.54136497113234, 59.517728401587874, 46.13803910286685, 53.07821012063648, 18.89948405263366, 19.65885335449945, 37.50942616727003, 56.1003235132798, 71.6573415569083, 28.63290621265317, 30.676106931199776, 53.39889300056969], [76.83212340077266, 9.650424809312828, 55.23422977781835, 49.15972457140376, 0.0, 40.61050064012098, 88.30922610474548, 5.438765484033868, 24.449228911314563, 55.323957786619744, 37.408823231183, 73.90756510329865, 30.02508780661424, 61.200531244121024, 46.066744006000235, 97.68212962424913, 65.90034246583191, 31.469699521899706, 51.70332539276454, 58.316779580432744, 65.99262236494802, 47.66564893095438, 24.548052720182593, 64.88296525813709, 64.50618095487498, 16.844756133423722, 77.95839333859146, 9.881918739430839, 76.64448007015888, 84.2743896090388, 65.09409619571487, 45.672570566676136, 52.631263495126035, 34.6095111202332, 61.56401123783232, 92.6813628194483, 58.305084936421984, 50.413692387057104, 56.06167063687433, 89.09726913253287, 80.8103038228294, 23.91712650835526, 3.203703419400201, 76.19959385466203, 48.09489400483089, 29.713158202866204, 52.95612392683049, 44.90345694096582, 69.92784015989334, 43.677687555186964, 72.20000967017253, 65.49048360714833], [36.47027025849065, 50.22592289238772, 49.08302536009555, 42.155649066481466, 40.61050064012098, 0.0, 51.27557864069756, 37.584003183639254, 18.79617330930046, 74.18131236146387, 18.87863298773492, 47.23709325047773, 28.731991806493276, 53.91563541574598, 14.11370457665109, 68.13466436713452, 26.905225282645922, 32.85326812587532, 69.57165078436456, 18.38164014339242, 45.16649742904375, 25.341954976699704, 54.39750959672686, 60.69087168280083, 34.1155131671641, 39.04241389065914, 46.37092018276598, 34.41441876225783, 37.13666144313855, 45.77057850688598, 29.007821973856174, 62.85041820695138, 37.839848768817035, 57.83291695920484, 64.38095211691068, 67.9098365429762, 18.57729009400861, 51.19197423752178, 17.028217793224716, 51.48741389644673, 56.32652154086256, 30.601176043949017, 39.835701572657726, 37.21009288394602, 25.94616027407666, 31.68044562163452, 15.759270881692743, 14.064103825232007, 33.09268081160268, 59.81087936591417, 45.662812290721504, 24.932231744924348], [34.04554537088601, 97.74836081455238, 93.36020398993958, 87.69996729094869, 88.30922610474548, 51.27557864069756, 0.0, 83.90406743756334, 69.89263388529353, 124.42946029416572, 67.69665417281922, 74.37001480599191, 63.01362193518369, 96.46144459837477, 57.33529871985948, 82.61276359898427, 43.46758262587052, 83.24420552750195, 119.80791478468538, 33.68242783007144, 79.9548024173777, 43.62774074588905, 105.45619025759487, 103.67933454542408, 26.851717869152964, 90.10269016629447, 66.12101611344472, 79.66832330729869, 40.55935582561551, 47.080381713513795, 23.232244975565738, 113.25930108102128, 80.34941973372182, 109.04927093734265, 110.3250853625527, 90.16173665605206, 33.22307250025592, 98.21330494714127, 45.76059254506939, 52.80847650130901, 82.71721832903108, 68.78581225736525, 88.47212577652024, 43.20219080920634, 68.80558226284535, 82.35257435695628, 50.19312826581891, 43.40578383201022, 18.498470914968294, 110.19078364628855, 73.69764816743321, 34.77411306283729], [74.0353770007135, 13.914746323646476, 57.51258029333453, 51.099471923113335, 5.438765484033868, 37.584003183639254, 83.90406743756334, 0.0, 23.202973825592853, 60.22454381397413, 36.9081362124908, 73.96990300238049, 24.650285080504688, 63.51516533873343, 44.52366760375278, 97.57791608903685, 63.62655734799559, 33.32191012738419, 56.4797737729851, 54.76125263002084, 66.7095382254586, 42.62590955944802, 29.80762424237763, 67.65144562677605, 59.639496753584886, 20.490947747310678, 77.3143394837505, 4.543631245781887, 74.26145457907417, 82.24912814258481, 60.75048408146831, 50.286041679029985, 53.71462382384329, 39.537687359015294, 65.04908633648144, 93.27130931019302, 54.6869163617708, 53.371566455252626, 53.6831268645572, 87.34054691007967, 81.29757794202149, 18.49856599272147, 7.790275028478864, 73.98969476024666, 47.98357309549386, 31.44319060657029, 50.90232662251809, 40.561946775569076, 65.6281460018686, 48.14644969146737, 72.25190770498045, 62.50783481637432], [53.31598515454336, 33.54752634587557, 40.42662956381102, 33.27882495364059, 24.449228911314563, 18.79617330930046, 69.89263388529353, 23.202973825592853, 0.0, 57.55132651943808, 14.010013849876415, 51.23295303549002, 28.656230556748636, 46.2067181361249, 21.617868564513422, 74.61997848012378, 41.7680841013555, 18.040139337839094, 53.0377746299592, 37.15161492099377, 44.97849077572532, 36.88161178007909, 35.617196182359535, 51.85198023855236, 50.29896143050332, 20.255047952680446, 54.13113087623681, 21.822623457192986, 52.56855640495709, 59.910887890295484, 47.171620512571245, 46.217020859737694, 33.144533850672616, 39.747644425908796, 52.62529257097283, 71.06848889827694, 37.36942495994861, 39.40195835789381, 32.13222127835963, 64.65280996850792, 59.029037281603266, 26.38591077837603, 22.826872529078596, 51.96818689085425, 25.310530257666077, 16.268501786028384, 28.707384267236204, 28.773845655889872, 51.53233230284132, 43.29315119480828, 49.51412845272943, 42.47665842559273], [99.11247144520237, 53.54282586136511, 38.60183072223943, 40.503486832181615, 55.323957786619744, 74.18131236146387, 124.42946029416572, 60.22454381397413, 57.55132651943808, 0.0, 56.73403444160951, 70.77528381289824, 81.78141995932663, 40.41951694096219, 67.44572218018959, 90.39295091186204, 86.02965148040568, 41.3684447307806, 4.6237961954543065, 90.76256987640622, 59.42451661292102, 94.23859224972963, 31.521801605426116, 36.84228826815724, 107.63374832163865, 41.132459833373225, 80.3554708601729, 63.72850583792851, 95.25012588683867, 98.10394257624269, 103.10737980912737, 11.363592616869179, 49.48631611049849, 20.714461830632423, 26.18330500616148, 79.36481799712321, 91.25837940431975, 30.14646357425728, 79.82909234102078, 99.50673665182708, 71.44109394210264, 76.78126709087144, 52.472733432662295, 93.34688900637835, 57.781721295948934, 42.50490909991163, 75.26363799524916, 86.17134761788017, 106.91212775674093, 14.375337605247198, 69.72083190110664, 91.67721333744205], [44.957579312075914, 45.8014542418007, 30.551198294660647, 23.47215321922132, 37.408823231183, 18.87863298773492, 67.69665417281922, 36.9081362124908, 14.010013849876415, 56.73403444160951, 0.0, 37.22787433416619, 40.35807734079696, 35.731953042421935, 11.427424358958708, 60.69255134095649, 32.22160903064646, 15.868167620422078, 52.11340475292863, 34.044394620925445, 31.27873978097616, 43.28860084400446, 42.229355890412094, 42.23651401656357, 52.93142722277144, 28.144090457678526, 40.55429993186518, 35.81068143388521, 42.80197793678931, 48.86167547765293, 46.84068757439457, 45.60208325367146, 20.627609605048534, 42.68551794998796, 45.50462498972203, 57.106817034342335, 34.56157587001923, 32.320734061446245, 24.016219299780786, 52.87272146124088, 45.06550516753762, 39.30527511749551, 35.26662189073698, 41.67665831416515, 11.316317056774515, 15.403868416378682, 19.63835173416525, 32.67555921439574, 50.369923157562134, 42.53265519326066, 35.508646896129655, 35.74749197422294], [40.6977573673753, 81.433121252188, 32.18941379397684, 32.02428636981263, 73.90756510329865, 47.23709325047773, 74.37001480599191, 73.96990300238049, 51.23295303549002, 70.77528381289824, 37.22787433416619, 0.0, 75.08566241226636, 31.089735263219033, 33.46081199259363, 23.8457991410308, 31.74621142351876, 44.70768261628437, 66.97317514651164, 48.987751339299535, 11.361724384285827, 71.16169867852558, 71.66517952658118, 36.969354017736315, 72.89911931475737, 61.300811143893526, 10.526278435478693, 73.0371168580535, 34.45252265068887, 32.02762782921853, 62.537372456750724, 62.78447298920432, 23.919411969490948, 66.81731186404978, 47.10629525349074, 20.68203467010415, 49.85162699475885, 40.90588191541371, 34.96165212755927, 30.862386035442547, 9.346992962232628, 75.34867762510777, 71.4169946777475, 31.807024415351012, 25.99624364845365, 45.87626924098452, 32.97747792144338, 59.540707081944376, 63.349538684412494, 60.33984814572473, 1.7196935584679076, 41.337925382307546], [61.62961539777442, 37.96734609779617, 69.06288255722548, 61.892617685970244, 30.02508780661424, 28.731991806493276, 63.01362193518369, 24.650285080504688, 28.656230556748636, 81.78141995932663, 40.35807734079696, 75.08566241226636, 0.0, 74.79674998285883, 41.67704201500673, 96.73980222078661, 54.6206342170047, 46.19246471349462, 77.60939269335914, 39.836621981365646, 71.19156992148123, 19.569316515941637, 53.368168419654886, 80.50793600400526, 36.97658100623478, 40.6670574419384, 75.03068966287844, 20.143802580724586, 63.907399151179796, 73.18171664049336, 40.91132610957592, 70.95861081094104, 60.88353563406466, 61.68714991536683, 80.86069124037225, 95.71207467930347, 39.41550766816288, 67.80799835072183, 45.22740223989172, 79.30479958821289, 83.84953600392592, 6.338195233652054, 31.691873721181494, 64.50641354290893, 50.946065325964966, 44.28198275931457, 44.479802804915124, 22.666275657481062, 45.80430681320864, 68.36419581607468, 73.43843038823368, 49.966819782573715], [65.85068028204573, 65.80579320607333, 6.005491403773908, 12.936854815494346, 61.200531244121024, 53.91563541574598, 96.46144459837477, 63.51516533873343, 46.2067181361249, 40.41951694096219, 35.731953042421935, 31.089735263219033, 74.79674998285883, 0.0, 41.485341976671116, 50.04429203580797, 53.66787619317053, 30.292633182760163, 37.04297592360076, 64.94853244906876, 20.095465603541182, 78.92813169408326, 49.49173419444777, 7.219866899871785, 86.95152909244611, 44.916725231040076, 41.27856442205769, 64.54331895409096, 60.67994647204578, 61.20633544439556, 78.99771434747224, 34.08738631859594, 16.525646982518236, 41.340985584351024, 16.059189321204844, 39.59343459402416, 65.68543412892772, 12.997163190840125, 51.030533884810495, 61.3327873734824, 31.023019699140264, 72.45273670394253, 58.09479556592502, 58.34005245971143, 28.78167326669772, 32.23178511310237, 46.89847090553687, 67.97193164692686, 81.49537015504394, 32.25326785089332, 30.29352716169975, 61.70428985016111], [33.56263120103487, 55.09356159677566, 37.28574738980002, 30.91834348544112, 46.066744006000235, 14.11370457665109, 57.33529871985948, 44.52366760375278, 21.617868564513422, 67.44572218018959, 11.427424358958708, 33.46081199259363, 41.67704201500673, 41.485341976671116, 0.0, 55.31934875767656, 20.982317344957526, 27.1942814338004, 62.84663861777421, 24.11861600452771, 31.08803191432817, 39.21268800894392, 53.49386969867462, 48.53764985002714, 45.47768265315718, 39.021503246555305, 33.885176952888436, 42.471371510766026, 31.701506965999087, 38.43435569762273, 37.806836657278104, 56.49009129000324, 24.999320213620045, 54.08496627066974, 53.66954461054997, 54.13197938433028, 24.7634544904891, 41.07310376896707, 12.625880079802965, 43.03876211397393, 42.40084161066256, 42.36098547726445, 44.37861301752313, 30.785714675846894, 12.726872261544717, 26.82239549066984, 8.210960902631879, 27.64408019895562, 40.77530428679478, 53.429810926626985, 31.83856424956184, 24.437179206066467], [49.46471343655339, 105.2778012386027, 52.978251408331786, 54.51353543101846, 97.68212962424913, 68.13466436713452, 82.61276359898427, 97.57791608903685, 74.61997848012378, 90.39295091186204, 60.69255134095649, 23.8457991410308, 96.73980222078661, 50.04429203580797, 55.31934875767656, 0.0, 46.26301659288104, 68.44961673955827, 87.08722356476835, 65.10564667453137, 33.579898946928026, 89.99168166850339, 94.95941189029618, 53.98611111191367, 88.12077614464377, 85.09537767713822, 21.798280639214095, 96.43681288118731, 43.132861803685024, 35.53264089930028, 76.87599064686258, 83.82042182136006, 47.20963496225891, 89.27933735992788, 64.83485331912291, 13.032222364508444, 65.94928647181959, 61.894508797452694, 53.11620931879565, 30.13825883422159, 19.202419793260777, 97.68021623611338, 95.22935298391445, 40.7620246702918, 49.63000504923649, 69.6711906086063, 52.63504888561667, 78.78632675513467, 76.29916109315646, 81.68787606514228, 25.531423730166974, 55.220719094409255], [13.104431762290414, 75.2395182604156, 51.265184568571115, 46.532734521691495, 65.90034246583191, 26.905225282645922, 43.46758262587052, 63.62655734799559, 41.7680841013555, 86.02965148040568, 32.22160903064646, 31.74621142351876, 54.6206342170047, 53.66787619317053, 20.982317344957526, 46.26301659288104, 0.0, 47.543815197197866, 81.532002358046, 18.8464799580581, 36.4872288938866, 44.36425227773253, 74.43307345809662, 60.83378325303092, 42.1583882979233, 59.994334592875965, 25.559529584362735, 60.87960044544989, 10.808348010478205, 18.86599699896178, 31.240749689915514, 75.56276942533076, 38.265738452215295, 74.44276844398036, 68.40970488283604, 50.10417582388858, 19.687458088613237, 57.3731342447374, 9.98061165686122, 24.711192853791125, 40.728088857768746, 57.278425200360665, 64.54057673156149, 10.376737784496415, 28.249941288856192, 47.42077737255996, 13.098010425884477, 33.8331532300854, 31.657409717304027, 72.5631143252828, 30.825533986098847, 9.620969995994928], [60.48910157535302, 37.51056893629141, 24.29029753756604, 17.78285696607555, 31.469699521899706, 32.85326812587532, 83.24420552750195, 33.32191012738419, 18.040139337839094, 41.3684447307806, 15.868167620422078, 44.70768261628437, 46.19246471349462, 30.292633182760163, 27.1942814338004, 68.44961673955827, 47.543815197197866, 0.0, 36.75023485211301, 49.56603716499106, 35.43888574484296, 54.540289984200555, 27.987264956855668, 34.99893469536873, 66.62966193910312, 16.71402077213982, 50.883684594644365, 34.25383375567697, 57.83668658283669, 62.96771033012339, 61.739640257630406, 30.081834354623464, 21.691870080839074, 26.933174043036217, 34.693465267296126, 62.043630952092315, 50.02373201858099, 21.633677799827957, 39.819762985782866, 66.1958720692244, 50.471784933966, 42.999245130069994, 28.51129639960613, 56.45118300713392, 21.31089036714925, 1.9713455236803836, 35.37026322486525, 45.38452727662428, 65.56545625554935, 27.02386094571192, 43.07981130387812, 51.59817886906798], [94.62296573451835, 50.49916880937027, 34.79070124309985, 36.27160859836973, 51.70332539276454, 69.57165078436456, 119.80791478468538, 56.4797737729851, 53.0377746299592, 4.6237961954543065, 52.11340475292863, 66.97317514651164, 77.60939269335914, 37.04297592360076, 62.84663861777421, 87.08722356476835, 81.532002358046, 36.75023485211301, 0.0, 86.13984704352342, 55.611478754806384, 89.77964589749382, 28.452997201875117, 34.06328885276274, 103.0646681344963, 37.03329639637397, 76.39855364105748, 59.854215743862454, 90.82918494073978, 93.83606986732653, 98.48984110722678, 6.821752427788275, 45.267288014652465, 17.247699062579855, 23.756137774697795, 76.34990019128035, 86.63500635514893, 26.141404450046725, 75.24888840750812, 95.36896392047859, 68.02599803387359, 72.71709056734754, 48.77693284082772, 88.95457778958779, 53.29308639037091, 37.89972922693561, 70.684694561322, 81.61607711742126, 102.28938978755701, 9.784989759681567, 65.86790482711515, 87.10109573507084], [21.995485805324183, 67.96701752536926, 61.15589210663887, 54.9883424318979, 58.316779580432744, 18.38164014339242, 33.68242783007144, 54.76125263002084, 37.15161492099377, 90.76256987640622, 34.044394620925445, 48.987751339299535, 39.836621981365646, 64.94853244906876, 24.11861600452771, 65.10564667453137, 18.8464799580581, 49.56603716499106, 86.13984704352342, 0.0, 51.16035793599235, 26.248325286030738, 72.69856650511518, 72.11676166707369, 23.911930041775044, 57.36510554889322, 44.137364936740134, 51.103726405483386, 25.34785942141748, 35.00834387963707, 14.166018779516397, 79.57854611150438, 48.45505748814799, 75.5782837390165, 77.74584207242738, 68.4023108449639, 0.8666109704220799, 65.18786302460212, 14.525589781223367, 41.58690056785575, 58.27311694164586, 43.87940623588646, 57.825226895897856, 26.629111194523055, 36.354759002296916, 48.702125807712264, 18.138678407405106, 17.284666733257687, 16.669037923772326, 76.5103436387569, 47.79236113276663, 10.894498693889863], [47.547887877679145, 72.83433643809875, 20.83022313817058, 21.038478570226697, 65.99262236494802, 45.16649742904375, 79.9548024173777, 66.7095382254586, 44.97849077572532, 59.42451661292102, 31.27873978097616, 11.361724384285827, 71.19156992148123, 20.095465603541182, 31.08803191432817, 33.579898946928026, 36.4872288938866, 35.43888574484296, 55.611478754806384, 51.16035793599235, 0.0, 70.26550858828332, 61.39062703480992, 26.465392629345715, 74.69664262159849, 52.14956777147289, 21.215838523301745, 66.35354408631031, 41.85717208150019, 41.385174208544264, 65.25623692939854, 51.46825025646305, 13.801605113124062, 55.901723054334894, 36.151867492142316, 26.70494373867362, 51.9880323682536, 29.554101221687983, 36.63480966442723, 41.24762947106511, 15.03910681175128, 70.54394543590087, 63.283085213239374, 39.36248384281857, 20.254520613394963, 36.85483470116533, 33.42578908994808, 58.644605735935734, 66.87822614474516, 49.064492102067476, 10.323570861818078, 45.522338732679685], [47.808599184872456, 56.45471722797488, 73.83955482301728, 66.74496259741052, 47.66564893095438, 25.341954976699704, 43.62774074588905, 42.62590955944802, 36.88161178007909, 94.23859224972963, 43.28860084400446, 71.16169867852558, 19.569316515941637, 78.92813169408326, 39.21268800894392, 89.99168166850339, 44.36425227773253, 54.540289984200555, 89.77964589749382, 26.248325286030738, 70.26550858828332, 0.0, 68.85459546879581, 85.52220101381874, 17.417523523407002, 54.445066270078414, 68.39158236344493, 38.121053258976275, 51.589518600417286, 61.25482139067991, 22.521972487916816, 82.96133006289256, 63.08866303368116, 75.43794558880077, 88.25605861034411, 91.5838998973416, 25.545300990211615, 74.91592449866492, 36.935584364720086, 67.83251928066906, 80.45588857313881, 25.644311301696266, 48.64189604428839, 52.855265677591284, 51.28688677963741, 52.923026828855484, 38.20490609983814, 11.665806334297171, 27.198551243302546, 80.085226953828, 69.70238317770377, 37.14198888561886], [87.01593626905208, 22.05677583205691, 44.32521246685535, 40.75563563834047, 24.548052720182593, 54.39750959672686, 105.45619025759487, 29.80762424237763, 35.617196182359535, 31.521801605426116, 42.229355890412094, 71.66517952658118, 53.368168419654886, 49.49173419444777, 53.49386969867462, 94.95941189029618, 74.43307345809662, 27.987264956855668, 28.452997201875117, 72.69856650511518, 61.39062703480992, 68.85459546879581, 0.0, 50.65806076380594, 84.42856928318041, 15.363754040416557, 78.61796835547763, 33.829636239582065, 85.02887137537243, 90.7232005273061, 82.55488860335882, 23.44131454158247, 47.8035436858226, 11.407153045146522, 44.05265821494754, 87.02467568508881, 72.94763446528263, 36.654747428533476, 65.77226047557622, 94.14327631575408, 76.21013553303145, 47.682070573845856, 22.07294310016813, 83.8509153740663, 49.29501712254987, 27.52620586127878, 61.628763908409624, 63.25313543146771, 87.03337128325663, 22.384337063186507, 70.12450772574805, 77.05582062403887], [72.92539652547963, 68.62710617395156, 11.69234819203941, 18.86581449090059, 64.88296525813709, 60.69087168280083, 103.67933454542408, 67.65144562677605, 51.85198023855236, 36.84228826815724, 42.23651401656357, 36.969354017736315, 80.50793600400526, 7.219866899871785, 48.53764985002714, 53.98611111191367, 60.83378325303092, 34.99893469536873, 34.06328885276274, 72.11676166707369, 26.465392629345715, 85.52220101381874, 50.65806076380594, 0.0, 93.9626107938777, 48.207729947444236, 47.377732751836064, 69.0618272526565, 67.6577406213574, 67.82703528987146, 86.14179263955056, 32.38156832822688, 23.664169353247434, 41.35108028307572, 10.855674520634777, 42.568659843876226, 72.84773005288547, 14.584797208478975, 58.24121171050145, 67.61825325443165, 35.523594840759756, 77.81111186789794, 61.71357473707859, 65.2797944368526, 35.87264510669626, 36.969964732529014, 54.090893714530914, 74.71750334643738, 88.68312155124478, 31.124936755190078, 36.362713243648955, 68.91940725381981], [40.58812825885135, 73.5377600562051, 82.55765077441589, 75.86081719151771, 64.50618095487498, 34.1155131671641, 26.851717869152964, 59.639496753584886, 50.29896143050332, 107.63374832163865, 52.93142722277144, 72.89911931475737, 36.97658100623478, 86.95152909244611, 45.47768265315718, 88.12077614464377, 42.1583882979233, 66.62966193910312, 103.0646681344963, 23.911930041775044, 74.69664262159849, 17.417523523407002, 84.42856928318041, 93.9626107938777, 0.0, 69.48001205461927, 67.70896347347943, 55.19146850235788, 45.96902435966607, 55.291143938274466, 11.443598618471363, 96.27032049171352, 70.47693207792433, 89.94686496595985, 98.34971095795066, 92.16092088109451, 23.048840784801612, 85.24301112609162, 38.233070545276384, 61.97929738755352, 82.1781998416671, 43.05600714445134, 65.21082082607488, 47.93970780315441, 58.20299053827114, 65.28119782367352, 41.28797954199524, 21.525120580704577, 13.926004347669284, 93.28037977471723, 71.70193731176951, 32.90640650091093], [72.3059415982264, 21.07577327373019, 39.03684606445962, 33.49260766314081, 16.844756133423722, 39.04241389065914, 90.10269016629447, 20.490947747310678, 20.255047952680446, 41.132459833373225, 28.144090457678526, 61.300811143893526, 40.6670574419384, 44.916725231040076, 39.021503246555305, 85.09537767713822, 59.994334592875965, 16.71402077213982, 37.03329639637397, 57.36510554889322, 52.14956777147289, 54.445066270078414, 15.363754040416557, 48.207729947444236, 69.48001205461927, 0.0, 66.95605707890618, 23.20216885854187, 70.72064796446936, 77.00572826038199, 67.24510516829712, 30.50220382564822, 38.383757508466864, 21.166879160721603, 44.73918165392803, 78.7220543863722, 57.603044705797565, 33.671671784889654, 50.9830929340152, 80.91007398342462, 67.1845696624493, 35.68411908417976, 13.641890684776941, 69.72686529366135, 36.81256602790865, 15.42551937805195, 47.0052932342218, 48.14178077487951, 71.69407829393725, 28.10207981961895, 59.65178587182244, 62.03389815481937], [32.08452886788003, 86.15338856645734, 41.808515738219604, 40.616798662470444, 77.95839333859146, 46.37092018276598, 66.12101611344472, 77.3143394837505, 54.13113087623681, 80.3554708601729, 40.55429993186518, 10.526278435478693, 75.03068966287844, 41.27856442205769, 33.885176952888436, 21.798280639214095, 25.559529584362735, 50.883684594644365, 76.39855364105748, 44.137364936740134, 21.215838523301745, 68.39158236344493, 78.61796835547763, 47.377732751836064, 67.70896347347943, 66.95605707890618, 0.0, 75.79409185657717, 25.60076959278723, 21.811810069233385, 56.774139736594854, 71.8297265123574, 31.884743616387723, 74.83938632508065, 57.33628885846078, 24.640519225986132, 44.997753310052154, 50.25804136915977, 31.457662229484807, 20.33696745907351, 16.853205049505814, 76.17239335975188, 75.74848417993654, 22.94062805930942, 30.227056633295952, 51.750444930398885, 30.836792570959897, 57.08194512980314, 56.88283555774937, 69.23870108376072, 11.018172679917235, 35.02504573574439], [70.86647109054071, 18.35018942647254, 58.54300068036725, 51.88329849134746, 9.881918739430839, 34.41441876225783, 79.66832330729869, 4.543631245781887, 21.822623457192986, 63.72850583792851, 35.81068143388521, 73.0371168580535, 20.143802580724586, 64.54331895409096, 42.471371510766026, 96.43681288118731, 60.87960044544989, 34.25383375567697, 59.854215743862454, 51.103726405483386, 66.35354408631031, 38.121053258976275, 33.829636239582065, 69.0618272526565, 55.19146850235788, 23.20216885854187, 75.79409185657717, 0.0, 71.39717074950667, 79.63336843702787, 56.569018610507385, 53.50792895450404, 53.74895091482105, 43.13404084535879, 67.12196333495615, 92.71279675748318, 50.98594802655228, 55.02557889925705, 50.90165446671731, 84.9171166407167, 80.68906556351591, 14.059646434616727, 11.785918835847738, 71.25629993960555, 47.07041220127629, 32.311557256128864, 48.39060804384792, 36.42119233162385, 61.466538727385476, 51.23102834510171, 71.31766544956545, 59.235481297831214], [6.527206803313418, 86.01523315154303, 59.07101054836258, 55.10421440358956, 76.64448007015888, 37.13666144313855, 40.55935582561551, 74.26145457907417, 52.56855640495709, 95.25012588683867, 42.80197793678931, 34.45252265068887, 63.907399151179796, 60.67994647204578, 31.701506965999087, 43.132861803685024, 10.808348010478205, 57.83668658283669, 90.82918494073978, 25.34785942141748, 41.85717208150019, 51.589518600417286, 85.02887137537243, 67.6577406213574, 45.96902435966607, 70.72064796446936, 25.60076959278723, 71.39717074950667, 0.0, 9.672918042334429, 34.53244993159597, 85.08337303768596, 46.40332105295002, 84.62405875431853, 76.09423514742899, 49.669482547993816, 26.044577688289525, 65.92138251754359, 20.59553263022542, 16.32157302209302, 42.33584754608239, 67.03949416248905, 75.32415396449804, 2.6672782485572215, 37.71061630686824, 57.83035444933999, 23.905205507064185, 42.10697508449743, 33.366164582477126, 82.13189645210969, 34.03377597177036, 14.456261281522535], [14.792793946751855, 93.45659279872277, 60.5370447713845, 57.60142435585871, 84.2743896090388, 45.77057850688598, 47.080381713513795, 82.24912814258481, 59.910887890295484, 98.10394257624269, 48.86167547765293, 32.02762782921853, 73.18171664049336, 61.20633544439556, 38.43435569762273, 35.53264089930028, 18.86599699896178, 62.96771033012339, 93.83606986732653, 35.00834387963707, 41.385174208544264, 61.25482139067991, 90.7232005273061, 67.82703528987146, 55.291143938274466, 77.00572826038199, 21.811810069233385, 79.63336843702787, 9.672918042334429, 0.0, 43.8506787735183, 88.49452174535706, 48.630785338653574, 89.25488272933812, 77.10137077213203, 43.79574725757909, 35.71198164470288, 68.16520778235515, 28.811493940831003, 6.705512460235825, 38.421669525728625, 76.06504964059876, 82.73519513067134, 8.675326964093733, 41.935926642278645, 63.22566826438663, 31.35780124240329, 51.63938775265984, 42.29142975425046, 85.64870617894412, 32.095362313439736, 24.11385257928988], [29.16878745789026, 74.56146925741625, 75.05486369338193, 68.71405784349723, 65.09409619571487, 29.007821973856174, 23.232244975565738, 60.75048408146831, 47.171620512571245, 103.10737980912737, 46.84068757439457, 62.537372456750724, 40.91132610957592, 78.99771434747224, 37.806836657278104, 76.87599064686258, 31.240749689915514, 61.739640257630406, 98.48984110722678, 14.166018779516397, 65.25623692939854, 22.521972487916816, 82.55488860335882, 86.14179263955056, 11.443598618471363, 67.24510516829712, 56.774139736594854, 56.569018610507385, 34.53244993159597, 43.8506787735183, 0.0, 91.80101454900532, 62.48058020874822, 86.73232505493748, 91.44914016276056, 81.34492468047463, 13.37785738474265, 78.67757624797126, 28.64460961469107, 50.54163118895618, 71.7220069627565, 46.321068978033935, 65.24004669750258, 36.53150818922267, 50.297606156750106, 60.64400060456827, 32.29139559657686, 20.199705740864808, 4.934226763615058, 88.7515540446206, 61.43479990642891, 21.775485677757793], [88.66694491142495, 45.22145898092612, 30.910533375273012, 31.281416815181768, 45.672570566676136, 62.85041820695138, 113.25930108102128, 50.286041679029985, 46.217020859737694, 11.363592616869179, 45.60208325367146, 62.78447298920432, 70.95861081094104, 34.08738631859594, 56.49009129000324, 83.82042182136006, 75.56276942533076, 30.081834354623464, 6.821752427788275, 79.57854611150438, 51.46825025646305, 82.96133006289256, 23.44131454158247, 32.38156832822688, 96.27032049171352, 30.50220382564822, 71.8297265123574, 53.50792895450404, 85.08337303768596, 88.49452174535706, 91.80101454900532, 0.0, 40.221616322041115, 12.0464547993183, 23.189026420568567, 73.68082071359646, 80.05783687475157, 21.99960885728359, 68.97582737043935, 90.33991115120743, 64.63510838038775, 66.16353556361764, 42.666466080863124, 83.29208030127059, 47.40702244537872, 31.1699813557384, 64.42151746071984, 74.81096388590984, 95.64712555875941, 3.069510148270142, 61.5735846263859, 80.83750478873237], [50.967357172218954, 59.17049346616186, 13.055476634918815, 8.996163112703584, 52.631263495126035, 37.839848768817035, 80.34941973372182, 53.71462382384329, 33.144533850672616, 49.48631611049849, 20.627609605048534, 23.919411969490948, 60.88353563406466, 16.525646982518236, 24.999320213620045, 47.20963496225891, 38.265738452215295, 21.691870080839074, 45.267288014652465, 48.45505748814799, 13.801605113124062, 63.08866303368116, 47.8035436858226, 23.664169353247434, 70.47693207792433, 38.383757508466864, 31.884743616387723, 53.74895091482105, 46.40332105295002, 48.630785338653574, 62.48058020874822, 40.221616322041115, 0.0, 43.05722621314711, 30.175796281165084, 40.35218783493386, 49.18407343887104, 19.594742730001784, 34.698463316122265, 50.14399928615348, 28.836237344915517, 59.405769593762216, 49.82902340396431, 44.30435235782271, 12.275277523326938, 23.18027050791233, 30.46773288639382, 51.89243755225936, 65.03863948349436, 37.52019685587045, 22.435834669657144, 45.71148510405345], [87.41639315833537, 33.331909931463045, 36.86439651982825, 34.865497041090734, 34.6095111202332, 57.83291695920484, 109.04927093734265, 39.537687359015294, 39.747644425908796, 20.714461830632423, 42.68551794998796, 66.81731186404978, 61.68714991536683, 41.340985584351024, 54.08496627066974, 89.27933735992788, 74.44276844398036, 26.933174043036217, 17.247699062579855, 75.5782837390165, 55.901723054334894, 75.43794558880077, 11.407153045146522, 41.35108028307572, 89.94686496595985, 21.166879160721603, 74.83938632508065, 43.13404084535879, 84.62405875431853, 89.25488272933812, 86.73232505493748, 12.0464547993183, 43.05722621314711, 0.0, 33.6466965071722, 80.2671394260784, 75.94743740577172, 28.360214295287875, 66.69853438282695, 91.94072126655999, 70.16970179917281, 56.442626980101195, 31.771753479558495, 83.13365922254414, 47.32402511778618, 27.29024694777003, 62.2804470108152, 68.44591013621435, 90.92269825645708, 11.267361012582654, 65.40951832518557, 78.41783150933288], [80.97191248275946, 63.881687712740636, 17.144524309700657, 22.757745312876253, 61.56401123783232, 64.38095211691068, 110.3250853625527, 65.04908633648144, 52.62529257097283, 26.18330500616148, 45.50462498972203, 47.10629525349074, 80.86069124037225, 16.059189321204844, 53.66954461054997, 64.83485331912291, 68.40970488283604, 34.693465267296126, 23.756137774697795, 77.74584207242738, 36.151867492142316, 88.25605861034411, 44.05265821494754, 10.855674520634777, 98.34971095795066, 44.73918165392803, 57.33628885846078, 67.12196333495615, 76.09423514742899, 77.10137077213203, 91.44914016276056, 23.189026420568567, 30.175796281165084, 33.6466965071722, 0.0, 53.3877438615791, 78.4137777269001, 13.344409374232626, 64.56738706852373, 77.37526011817732, 46.27322680690118, 77.40422196140881, 58.36104449719827, 73.84262553146147, 41.55350769246735, 36.58452542268219, 60.17786301594092, 78.10090662685185, 94.41487508738335, 22.612658671407587, 46.34429283682967, 75.82257874883459], [56.195666327146036, 99.50762786995287, 43.421003204613726, 46.285097083305864, 92.6813628194483, 67.9098365429762, 90.16173665605206, 93.27130931019302, 71.06848889827694, 79.36481799712321, 57.106817034342335, 20.68203467010415, 95.71207467930347, 39.59343459402416, 54.13197938433028, 13.032222364508444, 50.10417582388858, 62.043630952092315, 76.34990019128035, 68.4023108449639, 26.70494373867362, 91.5838998973416, 87.02467568508881, 42.568659843876226, 92.16092088109451, 78.7220543863722, 24.640519225986132, 92.71279675748318, 49.669482547993816, 43.79574725757909, 81.34492468047463, 73.68082071359646, 40.35218783493386, 80.2671394260784, 53.3877438615791, 0.0, 69.26812862483416, 52.15564753081058, 54.94919920560699, 39.60166032456765, 12.041345213323165, 95.8045300172731, 89.9859624976333, 47.06849832751884, 45.793812610500154, 63.51414923769646, 53.389713354559284, 80.01524592884321, 81.52326281090185, 71.79752277795397, 22.293531151001783, 59.633998716572435], [22.554458249052537, 67.95358200457547, 61.857439692489045, 55.656192908880726, 58.305084936421984, 18.57729009400861, 33.22307250025592, 54.6869163617708, 37.36942495994861, 91.25837940431975, 34.56157587001923, 49.85162699475885, 39.41550766816288, 65.68543412892772, 24.7634544904891, 65.94928647181959, 19.687458088613237, 50.02373201858099, 86.63500635514893, 0.8666109704220799, 51.9880323682536, 25.545300990211615, 72.94763446528263, 72.84773005288547, 23.048840784801612, 57.603044705797565, 44.997753310052154, 50.98594802655228, 26.044577688289525, 35.71198164470288, 13.37785738474265, 80.05783687475157, 49.18407343887104, 75.94743740577172, 78.4137777269001, 69.26812862483416, 0.0, 65.82005646335914, 15.35529644537726, 42.30666544412055, 59.1381853603131, 43.549135444715404, 57.86082039577626, 27.368609135791566, 37.06087941608756, 49.13320911617384, 18.913991624146277, 16.807894504055458, 16.012179443042577, 76.99059088826976, 48.65421932690747, 11.60619647804686], [70.27512124435279, 54.046977175094774, 8.92255720763526, 10.84954100814065, 50.413692387057104, 51.19197423752178, 98.21330494714127, 53.371566455252626, 39.40195835789381, 30.14646357425728, 32.320734061446245, 40.90588191541371, 67.80799835072183, 12.997163190840125, 41.07310376896707, 61.894508797452694, 57.3731342447374, 21.633677799827957, 26.141404450046725, 65.18786302460212, 29.554101221687983, 74.91592449866492, 36.654747428533476, 14.584797208478975, 85.24301112609162, 33.671671784889654, 50.25804136915977, 55.02557889925705, 65.92138251754359, 68.16520778235515, 78.67757624797126, 21.99960885728359, 19.594742730001784, 28.360214295287875, 13.344409374232626, 52.15564753081058, 65.82005646335914, 0.0, 52.54021269291359, 69.38164528305353, 42.69412211644629, 64.5942681181103, 47.23096494056183, 63.86654689816522, 29.544374510981328, 23.571040963245313, 48.045551611326104, 64.82525030831339, 81.82950254467967, 19.79373702811485, 39.759435011625484, 64.10113829142401], [21.330538503520003, 65.46595787098553, 47.64843883063578, 41.95214427242071, 56.06167063687433, 17.028217793224716, 45.76059254506939, 53.6831268645572, 32.13222127835963, 79.82909234102078, 24.016219299780786, 34.96165212755927, 45.22740223989172, 51.030533884810495, 12.625880079802965,