instance_id,num_cities,city_coordinates,distance_matrix,best_route,total_distance
1496,21,"[[41.37960574003476, 75.29178779996595], [93.52612424669537, 13.462986313025294], [77.57045574550736, 37.98874219747388], [27.725475289504143, 24.295597931512948], [7.893124706951749, 65.9031123044543], [82.11503270946068, 31.39439326457708], [79.62989184652601, 75.93750801387597], [84.53830417480332, 33.79700401319708], [48.56674497457658, 93.72259772780096], [4.340035986184265, 53.57419463248373], [44.22817349868448, 72.6884599969907], [69.07255011850232, 15.44470195825659], [60.454264295095825, 23.52773183949698], [22.5162047878128, 70.28912858819933], [71.05002428631944, 30.79600995020226], [24.574935208151604, 65.513752381218], [74.26883969769797, 31.141090000829664], [60.699106926444934, 25.963663413122163], [37.292651739534286, 25.59219960743757], [29.659580386678552, 52.74560478382349], [58.24482653535229, 64.89130482050149]]","[[0.0, 80.88300245216551, 51.97398229249148, 52.79248677093565, 34.77774632633703, 59.886194213499834, 38.25573606432229, 59.870613259711895, 19.782561132792488, 42.93697218643423, 3.858970578452571, 65.9437097234742, 55.166657398021925, 19.515493708163312, 53.48091232549454, 19.44240027196826, 55.05438971119891, 52.976475737969174, 49.86734662591456, 25.4104183924764, 19.81428067533466], [80.88300245216551, 0.0, 29.25911924551674, 66.68636200651902, 100.41403001658024, 21.254372852034685, 64.00133699126587, 22.231805717836, 91.99429878522372, 97.7909370650403, 77.05806045472067, 24.53374175582655, 34.56945216764139, 90.94844202863132, 28.383248190363034, 86.39183247341568, 26.141123889339887, 35.12662799223559, 57.52670028217323, 74.98039436109781, 62.36699377637855], [51.97398229249148, 29.25911924551674, 0.0, 51.69162675470527, 75.06092538149224, 8.008658915829315, 38.00460635294498, 8.131517738968924, 62.82895742218851, 74.8705596728822, 48.12253319176895, 24.09249157627605, 22.407249504137187, 63.830130107207005, 9.708317238064923, 59.71726201560578, 7.602039800827071, 20.718227017395698, 42.142327459813664, 50.13199548234275, 33.12442935439524], [52.79248677093565, 66.68636200651902, 51.69162675470527, 0.0, 46.09237878352328, 54.850860080034124, 73.21854502159759, 57.60185972240261, 72.48770118302618, 37.47152246956821, 51.12932766105614, 42.28379070570873, 32.73779540695749, 46.2875940336862, 43.80949557105365, 41.33838602369412, 47.044080733977594, 33.015796609798755, 9.654638322175611, 28.515673802725278, 50.78820944160293], [34.77774632633703, 100.41403001658024, 75.06092538149224, 46.09237878352328, 0.0, 81.85195976460236, 72.43516312462312, 83.09804886559678, 49.2774507751237, 12.830691735829102, 36.963180517999355, 79.30304703069581, 67.51552609847792, 15.266683002294632, 72.25858149860308, 16.686353788283537, 74.92752321524092, 66.20899739392496, 49.89290402658534, 25.434201324456158, 50.36186683792348], [59.886194213499834, 21.254372852034685, 8.008658915829315, 54.850860080034124, 81.85195976460236, 0.0, 44.61238613521851, 3.4124453115219624, 70.78342095118049, 80.87579182935677, 56.041181716289735, 20.60337362915033, 23.045026584440933, 71.16755388186968, 11.081176561859698, 66.89539212076167, 7.850280716080097, 22.09377070269179, 45.19636364850793, 56.63434215851076, 41.131859021686154], [38.25573606432229, 64.00133699126587, 38.00460635294498, 73.21854502159759, 72.43516312462312, 44.61238613521851, 0.0, 42.42540028114782, 35.79425246768903, 78.5409458872593, 35.55049894158907, 61.407141676233806, 55.80760997068116, 57.39231167653932, 45.94963519750012, 56.03305213838217, 45.11607193608541, 53.439309144773375, 65.78063528437883, 55.08989383567807, 24.06947492889037], [59.870613259711895, 22.231805717836, 8.131517738968924, 57.60185972240261, 83.09804886559678, 3.4124453115219624, 42.42540028114782, 0.0, 69.89298858500177, 82.60084436157578, 56.01296263959918, 23.999927900845112, 26.182034449310315, 71.96121155433121, 13.81809175379179, 67.83478270674395, 10.607345562751227, 25.09319729334865, 47.95279438542672, 58.05793482184735, 40.72103276037388], [19.782561132792488, 91.99429878522372, 62.82895742218851, 72.48770118302618, 49.2774507751237, 70.78342095118049, 35.79425246768903, 69.89298858500177, 0.0, 59.73186803581502, 21.476921393209974, 80.91920050710031, 71.1943278124929, 35.03937955984461, 66.8225508188791, 37.03168766955889, 67.65384529010359, 68.83652653927345, 69.05690643456049, 45.12864748122466, 30.41231187206135], [42.93697218643423, 97.7909370650403, 74.8705596728822, 37.47152246956821, 12.830691735829102, 80.87579182935677, 78.5409458872593, 82.60084436157578, 59.73186803581502, 0.0, 44.23142157608002, 75.12760210125636, 63.65215271359634, 24.693362052365995, 70.49161819978525, 23.494769327629818, 73.43896630494028, 62.758954034182835, 43.23039359720936, 25.33309870082822, 55.07997301340488], [3.858970578452571, 77.05806045472067, 48.12253319176895, 51.12932766105614, 36.963180517999355, 56.041181716289735, 35.55049894158907, 56.01296263959918, 21.476921393209974, 44.23142157608002, 0.0, 62.402651257975315, 51.76932697561734, 21.84413826432811, 49.74323120382128, 20.921907290596007, 51.270123651874044, 49.54289317132791, 47.60419314253984, 24.697396205198174, 16.03939497601395], [65.9437097234742, 24.53374175582655, 24.09249157627605, 42.28379070570873, 79.30304703069581, 20.60337362915033, 61.407141676233806, 23.999927900845112, 80.91920050710031, 75.12760210125636, 62.402651257975315, 0.0, 11.815676984200033, 71.94028372836452, 15.478147859093447, 66.98468140528041, 16.534147180120545, 13.444816881592692, 33.360660208060466, 54.26545433960763, 50.61823912987955], [55.166657398021925, 34.56945216764139, 22.407249504137187, 32.73779540695749, 67.51552609847792, 23.045026584440933, 55.80760997068116, 26.182034449310315, 71.1943278124929, 63.65215271359634, 51.76932697561734, 11.815676984200033, 0.0, 60.21565066548479, 12.849046520507763, 55.2281828114873, 15.773576514123587, 2.448205576643844, 23.25343680703589, 42.44993117085281, 41.422539576528465], [19.515493708163312, 90.94844202863132, 63.830130107207005, 46.2875940336862, 15.266683002294632, 71.16755388186968, 57.39231167653932, 71.96121155433121, 35.03937955984461, 24.693362052365995, 21.84413826432811, 71.94028372836452, 60.21565066548479, 0.0, 62.571863124479, 5.200248923064341, 64.89147975931856, 58.50368260815158, 47.07609632104493, 18.942097096709556, 36.13406859745904], [53.48091232549454, 28.383248190363034, 9.708317238064923, 43.80949557105365, 72.25858149860308, 11.081176561859698, 45.94963519750012, 13.81809175379179, 66.8225508188791, 70.49161819978525, 49.74323120382128, 15.478147859093447, 12.849046520507763, 62.571863124479, 0.0, 58.01082264827819, 3.2372600905501767, 11.423356041259568, 34.156109897731454, 46.85033147769022, 36.42062906834569], [19.44240027196826, 86.39183247341568, 59.71726201560578, 41.33838602369412, 16.686353788283537, 66.89539212076167, 56.03305213838217, 67.83478270674395, 37.03168766955889, 23.494769327629818, 20.921907290596007, 66.98468140528041, 55.2281828114873, 5.200248923064341, 58.01082264827819, 0.0, 60.423207979486826, 53.56459016661137, 41.89833755225069, 13.743333280553466, 33.67564435836894], [55.05438971119891, 26.141123889339887, 7.602039800827071, 47.044080733977594, 74.92752321524092, 7.850280716080097, 45.11607193608541, 10.607345562751227, 67.65384529010359, 73.43896630494028, 51.270123651874044, 16.534147180120545, 15.773576514123587, 64.89147975931856, 3.2372600905501767, 60.423207979486826, 0.0, 14.523890441418207, 37.39022145582088, 49.56552305066871, 37.36102244587296], [52.976475737969174, 35.12662799223559, 20.718227017395698, 33.015796609798755, 66.20899739392496, 22.09377070269179, 53.439309144773375, 25.09319729334865, 68.83652653927345, 62.758954034182835, 49.54289317132791, 13.444816881592692, 2.448205576643844, 58.50368260815158, 11.423356041259568, 53.56459016661137, 14.523890441418207, 0.0, 23.409402593312585, 40.99664122091644, 39.00493248013147], [49.86734662591456, 57.52670028217323, 42.142327459813664, 9.654638322175611, 49.89290402658534, 45.19636364850793, 65.78063528437883, 47.95279438542672, 69.05690643456049, 43.23039359720936, 47.60419314253984, 33.360660208060466, 23.25343680703589, 47.07609632104493, 34.156109897731454, 41.89833755225069, 37.39022145582088, 23.409402593312585, 0.0, 28.20587156871364, 44.53552850502595], [25.4104183924764, 74.98039436109781, 50.13199548234275, 28.515673802725278, 25.434201324456158, 56.63434215851076, 55.08989383567807, 58.05793482184735, 45.12864748122466, 25.33309870082822, 24.697396205198174, 54.26545433960763, 42.44993117085281, 18.942097096709556, 46.85033147769022, 13.743333280553466, 49.56552305066871, 40.99664122091644, 28.20587156871364, 0.0, 31.058562857305983], [19.81428067533466, 62.36699377637855, 33.12442935439524, 50.78820944160293, 50.36186683792348, 41.131859021686154, 24.06947492889037, 40.72103276037388, 30.41231187206135, 55.07997301340488, 16.03939497601395, 50.61823912987955, 41.422539576528465, 36.13406859745904, 36.42062906834569, 33.67564435836894, 37.36102244587296, 39.00493248013147, 44.53552850502595, 31.058562857305983, 0.0]]",Route_1,756.7332493453148
