instance_id,num_cities,city_coordinates,distance_matrix,best_route,total_distance
1430,86,"[[66.32169014100117, 48.809424060198324], [27.75239633959634, 34.5126737367751], [75.24116413344657, 45.55496122641395], [61.583430619392246, 29.758796209297323], [6.338807432541548, 38.540806893378424], [90.03437680401872, 50.41276448729253], [98.24611614550479, 10.682987556002487], [99.42299510825332, 37.63724129495245], [74.02939460288248, 7.809130490047156], [95.94549708900162, 14.89613010002353], [80.61960158148655, 83.05861012375634], [75.01189877216173, 10.927750664559067], [56.37469169135536, 75.01430814772012], [78.88141658984442, 41.330122310537675], [72.19773455326562, 93.6522786440099], [36.070270823548334, 36.08278999540953], [81.30603129850894, 0.334087905195235], [85.20861697522702, 84.19964855268384], [49.13099429650415, 40.26539984982347], [45.73507498715895, 86.39289118960428], [2.6761252493478382, 85.52636605807534], [57.95059408782486, 23.969293396894166], [96.47516396400236, 57.77171404042364], [43.373378978272385, 56.051895837168445], [23.549282301016138, 14.982017828161743], [15.236429068423673, 89.42124074082626], [75.87321033133439, 53.72330600845021], [48.94846179441264, 10.226932997785077], [81.12152409208771, 23.69479016967051], [64.1005415562383, 8.480553018588022], [46.63310034088869, 58.38030644536356], [90.43918939839159, 60.27780056155986], [37.6980904613262, 30.632296300232596], [30.268883378306743, 33.8895348310495], [41.83971216491818, 86.05162794139568], [5.090241685227726, 51.670069138402994], [25.770016039049025, 8.687746992667012], [76.47811262050833, 29.99709256547243], [25.578964115098437, 51.19384748112952], [89.64108101244635, 11.008815474910305], [46.720694128439774, 36.11155816609658], [79.0399635931337, 2.233633898391141], [19.283532823417314, 60.53058873507777], [72.36620885147711, 12.766311892780656], [16.297316053680888, 79.30583710697763], [23.92968562015533, 24.192740455089123], [49.027743470064564, 85.05408714634939], [6.785003797869704, 90.67426593967257], [90.26106994075236, 48.8478101522283], [94.81312502857836, 59.80972691738506], [57.790606454828755, 66.75145181892438], [71.5622090928769, 63.14439303224874], [80.38130676807758, 2.1887480546166627], [6.985375758695723, 19.843301519566115], [1.18250036695573, 66.01256144516056], [99.44361761033066, 77.67988312416414], [72.73606679577875, 47.55136359419422], [80.72169004411222, 19.58310754198125], [97.99308184443422, 66.12510639092596], [26.162139477818712, 93.62078094936604], [29.637041992142876, 73.28528256113913], [79.36293911685223, 13.157626430344871], [78.41671856015392, 49.15082586082197], [99.4520455731333, 77.8995061916397], [14.064610475363182, 92.45813784555746], [98.27560113297238, 50.73427541840403], [17.619061775630264, 24.196075490486948], [69.82963851194354, 81.84190716932117], [55.083646770629436, 60.53741392450374], [73.87156373070097, 6.966621414965701], [69.77602896343865, 19.20788368964178], [51.10323973244885, 27.884154796336013], [68.06241985756384, 40.71679270029196], [93.52537742291142, 8.236617250831891], [61.37750297273793, 7.64999331058005], [67.09114508048408, 46.829175539444115], [48.51252833731963, 28.66760029128904], [59.39635879297661, 54.38361821130832], [23.76825795864992, 90.50610368648972], [28.913739477443357, 70.07080802103509], [42.17945843955433, 69.66189443078356], [55.759197869442225, 51.24031301273134], [61.952639821141084, 21.606522047577347], [16.026959918876383, 10.8850614952675], [65.48393314965972, 15.089709843716449], [64.32840692681415, 62.008618858312595]]","[[0.0, 41.13377558830926, 9.49465874259806, 19.631034736040853, 60.85549043870678, 23.766830022188593, 49.72719714829606, 34.93585634094416, 41.71849447080137, 45.029783980401554, 37.11383862626149, 38.86567772864613, 28.029247728002066, 14.61802596564425, 45.22620374472939, 32.819439138099256, 50.738434103400664, 40.11463566916596, 19.19688446924341, 42.85237128747421, 73.47715127883714, 26.21273241196971, 31.457187180103457, 24.064047512038186, 54.53230496519692, 65.26119484773729, 10.741404645003321, 42.313563779997374, 29.150984896483035, 40.38999059824634, 21.891604736696653, 26.70538204196317, 33.90749817111852, 39.01804672300058, 44.56847535590693, 61.29823464224314, 57.04548398587047, 21.378885234026917, 40.812439268831476, 44.414862377737826, 23.35454651559392, 48.28103881235277, 48.476529838360015, 36.54643814593079, 58.587278581172654, 49.02104812230627, 40.1591358682654, 72.78242924163632, 23.93941057521669, 30.541259386326573, 19.86695117413272, 15.262842930287166, 48.69456079397145, 66.0290425457973, 67.37256103418505, 43.9382007579697, 6.536585041554813, 32.58124574709516, 36.09584334810535, 60.17347601491107, 44.100238765380944, 37.962150216895786, 12.099845769660945, 44.08915206117501, 68.08827057795664, 32.011833443806445, 54.56888250193093, 33.21822755849089, 16.243132858276034, 42.51847509528455, 29.80241012082559, 25.874082140294504, 8.277730502587303, 48.8486770969505, 41.45532205142593, 2.124487022281823, 26.886043012825606, 8.889986204387522, 59.57690561245651, 43.02791211268916, 31.900985440617347, 10.83860987794512, 27.55152407047073, 62.99061171375175, 33.73011953162561, 13.348854680852831], [41.13377558830926, 0.0, 48.75566817901342, 34.163404865249944, 21.789163513261983, 64.2795299955233, 74.41248870685641, 71.73867611186749, 53.428829204747295, 70.95849331877838, 71.77499097719883, 52.817697474388275, 49.59453781578342, 51.58153077222675, 73.97892238679394, 8.464768218705567, 63.53083933617702, 75.9606000245326, 22.13906746759789, 54.90841187190125, 56.84378748855428, 31.9858408711183, 72.55206231255494, 26.60738971203097, 19.977804880465815, 56.31696162943667, 51.813715669743054, 32.23461484191019, 54.45448009055982, 44.708600624223926, 30.432628455269825, 67.775185608698, 10.675868143295892, 2.5924909087258805, 53.42954489482706, 28.424451983219008, 25.900901007388665, 48.93450623437979, 16.822168859092606, 66.2015154186767, 19.035565461119596, 60.59992547581306, 27.36153413305934, 49.631608076861525, 46.23468772541265, 11.005186967197746, 54.83680210369145, 59.94794399112789, 64.13135279584793, 71.67344160789172, 44.06396349804361, 52.33617337265213, 61.76275887939918, 25.425570299495206, 41.20925014651246, 83.68416321852108, 46.835222225461706, 55.0330629923503, 77.02661746761807, 59.129495644234744, 38.81838590517145, 55.854150886239715, 52.73660060788164, 83.80487414630923, 59.540173770717914, 72.36478961101098, 14.460866805298544, 63.32890845532387, 37.73969199612823, 53.71929447940087, 44.72384484020235, 24.27342477898995, 40.78466731668363, 70.82736889817807, 43.03779032164668, 41.22175844325234, 21.567289216450465, 37.36569006536508, 56.13499404268365, 35.577094199235695, 37.99483960003196, 32.621999443300396, 36.55441704666518, 26.37707185211023, 42.43725246101858, 45.758404130857436], [9.49465874259806, 48.75566817901342, 0.0, 20.88187046193185, 69.25845161383839, 15.570401203507211, 41.77657674758633, 25.44506314016897, 37.76527668869455, 36.99504465696736, 37.887349735731185, 34.62796953188158, 34.98280868423887, 5.576800320202722, 48.19351000268085, 40.299887227198276, 45.62576024203391, 39.909422129345366, 26.64057860615448, 50.38199897172711, 82.84562796229699, 27.65691356874292, 24.49758759801987, 33.55206948786909, 60.05626957621232, 74.32912422906742, 8.192761370532123, 44.038344369558665, 22.63726378945286, 38.71208100022928, 31.35140816525304, 21.159914225781414, 40.40010283711344, 46.46060922227329, 52.49416166232411, 70.4169472862271, 61.697536248498665, 15.606963792831415, 49.98130799464974, 37.42717986178275, 30.043220044897055, 43.487564645500846, 57.92690153208106, 32.91444808890611, 67.92274176706732, 55.58068282688484, 47.40595291009704, 81.98778900359547, 15.376619410929532, 24.212806491298252, 27.455658373696856, 17.97005346243148, 43.66977800683347, 72.93793314551432, 76.83227893007083, 40.22150371675937, 3.203300654835426, 26.543800558003333, 30.672147489483844, 68.69551431343284, 53.373276811584844, 32.65848022952717, 4.797331381712852, 40.40218272685373, 77.08747430320264, 23.60954432818375, 61.45330487463669, 36.68824137807173, 25.11572007892213, 38.61263749948976, 26.90792071407864, 29.914825660156627, 8.6569188552092, 41.55684363248134, 40.36071968485372, 8.249026165504784, 31.616497764224004, 18.138440959308202, 68.33787587089202, 52.41428258895652, 40.91724101047729, 20.294586333453214, 27.388183902938326, 68.61722763368228, 31.989609223651392, 19.743634906436156], [19.631034736040853, 34.163404865249944, 20.88187046193185, 0.0, 55.93828834271242, 35.157399568639086, 41.32842830018751, 38.65103540235836, 25.232713779242253, 37.43862251656181, 56.59722579962768, 23.1285977360918, 45.5542788553301, 20.811436912794044, 64.76913266082512, 26.28524719638474, 35.42307773654611, 59.34606839734486, 16.292694388427595, 58.80978736982622, 81.11776915570347, 6.834898980959018, 44.74546481158523, 31.98332485551508, 40.80379415727695, 75.54900290700897, 27.901532827597986, 23.262332594162434, 20.457499011277395, 21.426606841760005, 32.290915496925514, 42.000767152103506, 23.901307011864148, 31.585817552746846, 59.65481810237861, 60.59359930986909, 41.5522535970457, 14.89658810156667, 41.902064761594865, 33.746014922042775, 16.163493449104564, 32.59394274562458, 52.30855158384336, 20.124930550175524, 67.12481980739419, 38.062914879532194, 56.70286129998225, 81.9363291500542, 34.44992671050888, 44.80257835158804, 37.18658473422598, 34.845001005130484, 33.36866348766045, 55.49112207834435, 70.44577964035025, 61.07228774240443, 20.998970161151757, 21.675276553299792, 51.46038494371789, 73.02753563606598, 53.991913843281374, 24.32508500377452, 25.67898745866362, 61.24997923361852, 78.67175928820359, 42.2644780524888, 44.314891285276005, 52.73187263772577, 31.457439478435877, 25.893656505341372, 13.35815940256351, 10.646533776490873, 12.730082036066937, 38.51612847521231, 22.109761912105384, 17.936910800358657, 13.11637125881122, 24.72175442408216, 71.55573107089543, 51.88802381686952, 44.37083934330634, 22.257071939089574, 8.16063045619045, 49.31135654940487, 15.178801493843103, 32.36643254702696], [60.85549043870678, 21.789163513261983, 69.25845161383839, 55.93828834271242, 0.0, 84.53337630502784, 96.03651125011677, 93.08857301536956, 74.34010711604195, 92.67378039041768, 86.59948720319647, 74.01671668235329, 61.91854332356242, 72.59621494159047, 85.87591396901401, 29.832897318924243, 84.14177339474175, 91.1327420797213, 42.82692467905807, 61.9829643428588, 47.12810213444118, 53.629334578462775, 92.1650180842216, 40.96581166745242, 29.175623171027016, 51.65255288250363, 71.17261738808547, 51.159144830750265, 76.2421072868699, 65.11556489806017, 44.91364807557824, 86.86409580794839, 32.34113745497089, 24.377917601138364, 59.309293989003116, 13.188496636235417, 35.61989687443064, 70.65774682770184, 23.027875830927503, 87.73414007698433, 40.454888734235354, 81.26296153829702, 25.5169829895839, 70.87977377696048, 41.96378894085903, 22.700352550765157, 63.13343408929337, 52.135368449144586, 84.55282644994779, 90.99490003880426, 58.67817404917323, 69.70960174207173, 82.48493128850657, 18.708681348617972, 27.95147224580438, 100.99689582576981, 67.00586678051116, 76.76071645252323, 95.71520044768712, 58.53860295040855, 41.83283785522824, 77.30995834086626, 72.85463454722355, 101.08997144859377, 54.468032915309834, 92.74187139898768, 18.248711106976096, 76.85096561696805, 53.47812714538301, 74.54932837961587, 66.31774268747161, 46.01541734082591, 61.761956292091774, 92.30298964051538, 63.11497738709595, 61.31511709605308, 43.31400401211665, 55.37236157886651, 54.8103805536707, 38.778454429514916, 47.46656037798947, 51.02599775223593, 58.13491512151687, 29.30359281937301, 63.62467955853591, 62.55822765973832], [23.766830022188593, 64.2795299955233, 15.570401203507211, 35.157399568639086, 84.53337630502784, 0.0, 40.5695432316236, 15.854341566291174, 45.51075790436728, 36.00517547829027, 33.97630394570058, 42.246197021732954, 41.69184995127437, 14.38342485119316, 46.77393923212276, 55.83433444762691, 50.83362925739075, 34.12977428541497, 42.14327597187725, 57.07011178345144, 94.15109733805996, 41.5767516370468, 9.779462038667504, 47.00051617243642, 75.33661526705784, 84.35872334903672, 14.542981847970097, 57.471327326586625, 28.165388246954553, 49.303896086568784, 44.12655123032693, 9.873338340356755, 55.94956469753445, 62.00751021200393, 59.94042282112779, 84.95343963645689, 76.6217015567847, 24.50656970350033, 64.46014517158868, 39.405911730983796, 45.61359018058283, 49.417666336585505, 71.47063936664112, 41.586290430261364, 79.1957307782775, 71.1148357008808, 53.680212489838816, 92.47403205828614, 1.581288034824289, 10.542264344357074, 36.1471081838109, 22.43469066769797, 49.18066207380475, 88.49648942619847, 90.2109173632206, 28.844922799487552, 17.533372300051088, 32.205494594148334, 17.61302569171493, 77.11417112075597, 64.58320319879054, 38.75338558053099, 11.685994701702464, 29.055351565008717, 86.82867508413577, 8.247493420364878, 77.01488578590485, 37.36338393639639, 36.387663515170644, 46.35519252795854, 37.20410249993309, 44.979680838049774, 24.016218706348795, 42.32037902751717, 51.47689789112993, 23.221412352976024, 46.871271222388174, 30.894268512824034, 77.45110944957743, 64.20413524673684, 51.581219598328175, 34.28516774873928, 40.22913813980068, 83.90194907054898, 43.016769671593394, 28.20036747848605], [49.72719714829606, 74.41248870685641, 41.77657674758633, 41.32842830018751, 96.03651125011677, 40.5695432316236, 0.0, 26.979934001339927, 24.38664914883652, 4.800356042981147, 74.49110522569462, 23.23550657788779, 76.75763802315633, 36.25242691936129, 86.962184006736, 67.16387202552248, 19.851100690034713, 74.66375177230222, 57.33597746061185, 92.13793437961783, 121.38844453034261, 42.429412213683584, 47.12201644193289, 71.19940395009651, 74.82044271235026, 114.41293922993299, 48.507895512564254, 49.29976379537559, 21.50717694754505, 34.216530828281776, 70.27757558198029, 50.2055134650667, 63.74981045951874, 71.82929772115843, 94.13880370794956, 101.77405270058402, 72.50355902675796, 29.101213544817856, 83.19642273609757, 8.611201627758453, 57.45851823106117, 20.98256116627187, 93.38025973515899, 25.963625360100984, 106.88639444281712, 75.53439792189697, 89.18244593582202, 121.5061302540762, 38.99121242912843, 49.246542500871186, 69.13986512233686, 58.8577094367119, 19.781393247158157, 91.71932232555811, 111.72603660186643, 67.00759677476441, 44.83346707002446, 19.654964918513276, 55.442696248138, 109.8852913960179, 92.87762053418288, 19.0446373620985, 43.27793424418101, 67.22733553607034, 117.36141232011221, 40.05129871554029, 81.75160819144668, 76.62302553171232, 65.94287369435278, 24.656240238857652, 29.719012740058925, 50.18297471181425, 42.58033552061102, 5.316963584322628, 36.9931573588398, 47.719798069528515, 52.885499444674764, 58.472632624346346, 109.17271284017136, 91.29015102424191, 81.3755587535982, 58.736997478589636, 37.90171538988406, 82.21940454962963, 33.057220632930935, 61.52017089722953], [34.93585634094416, 71.73867611186749, 25.44506314016897, 38.65103540235836, 93.08857301536956, 15.854341566291174, 26.979934001339927, 0.0, 39.173347327182526, 23.005458718617657, 49.15962117840913, 36.18423018477824, 57.010538969471, 20.870884461929915, 62.28080941592899, 63.37179177786043, 41.46986412448615, 48.6837376887138, 50.36062512557326, 72.52245282379018, 107.95056784507409, 43.66661019753275, 20.349120403426234, 58.99710984639311, 79.183833233087, 98.83805188382081, 28.51935905671865, 57.43695251487299, 23.00729851017771, 45.80161783364585, 56.71902451015559, 24.357826030606805, 62.121116442408656, 69.25558802650885, 75.23155793205063, 95.37079545465303, 79.13807267129205, 24.183455191204626, 75.07810922369525, 28.368272859503346, 52.72437991647252, 40.85196923571996, 83.34529844158544, 36.750956611667775, 92.98467828212186, 76.68112140741574, 69.19565490817689, 106.74606979738111, 14.478181062502653, 22.646633763728843, 50.802490484462986, 37.77351171315756, 40.239055255491735, 94.13467885823896, 102.25631325567005, 40.04264713964506, 28.46896492181406, 25.994048485609998, 28.52372888786513, 92.20254703608073, 78.36365291664059, 31.64897139399104, 23.954671443596535, 40.26227537708871, 101.44646137617887, 13.147198019554054, 82.90083501914422, 53.19604533892468, 49.90386475483036, 39.91945101406588, 34.90821999667427, 49.29423349467034, 31.511415660237894, 29.986306683987905, 48.44269308688164, 33.61309538518016, 51.69458469287613, 43.38862471362839, 92.29710647550596, 77.61115499840317, 65.5926893701652, 45.73369380960872, 40.755508645219756, 87.58183492792594, 40.74617897636209, 42.726972323822146], [41.71849447080137, 53.428829204747295, 37.76527668869455, 25.232713779242253, 74.34010711604195, 45.51075790436728, 24.38664914883652, 39.173347327182526, 0.0, 23.033478062461235, 75.5375073269224, 3.2697257125826034, 69.48542608989075, 33.87032639333956, 85.86268726006983, 47.33175361129121, 10.431955868651254, 77.2041855259697, 40.90647575349183, 83.52230820686158, 105.50477596665684, 22.796462251385655, 54.77291590960753, 57.15903867555634, 50.98717535591006, 100.58404115922856, 45.951182465473174, 25.197201422169933, 17.39691018969937, 9.951529080180974, 57.51522213113086, 54.97492796088023, 42.90525094001295, 50.942809435938976, 84.60534299251594, 81.70917172581436, 48.267376004150705, 22.322676385020586, 65.03597375951178, 15.936208349319484, 39.329283415298015, 7.496129924810207, 76.00435212182794, 5.228750740213641, 91.8954403149504, 52.71056360579513, 81.19030661477481, 106.71662835670011, 44.132080312275484, 56.00022749245636, 61.13833072757209, 55.390236368471655, 8.48147904995639, 68.11550289873357, 93.24328058775576, 74.34920850103433, 39.763271858852235, 13.543018640324433, 63.04769108764244, 98.25941923174727, 79.10630480785333, 7.553350640998868, 41.57384258925306, 74.55851358728653, 103.73634744742668, 49.29955981771253, 58.74229835585945, 74.15180357932394, 56.028682251751285, 0.8571651683358258, 12.166457732966899, 30.473187854919217, 33.444267367589994, 19.500668989793912, 12.652892414891166, 39.63209838113583, 32.95733949310743, 48.819142183286, 96.77278146577868, 76.88913334386264, 69.57142258655159, 47.11759442073968, 18.336194257536622, 58.08393737360845, 11.226386202763184, 55.060818203809596], [45.029783980401554, 70.95849331877838, 36.99504465696736, 37.43862251656181, 92.67378039041768, 36.00517547829027, 4.800356042981147, 23.005458718617657, 23.033478062461235, 0.0, 69.86420225045903, 21.306420953192003, 71.97252233729856, 31.46329269906822, 82.25866008473608, 63.513126815344116, 20.648656893729555, 70.13029491236863, 53.24657284132818, 87.36631693018654, 116.99489713168553, 39.063217305804585, 42.87885545614258, 66.76544507497286, 72.39626573470467, 109.85420236283255, 43.708652286543135, 47.228410179259626, 17.238520656785866, 32.48477831495105, 65.74637682394314, 45.71449921264751, 60.33562219394417, 68.36787997137542, 89.38982512179275, 98.01530506448182, 70.44957176165066, 24.63773783095823, 79.17684794083462, 7.406542854864726, 53.602011291861594, 21.12192871960955, 89.21636946195581, 23.675281611507074, 102.43262712122977, 72.61338764725363, 84.40032311289683, 117.01247555389247, 34.424254390923736, 44.927869363633704, 64.3798887066171, 54.05959313090599, 20.09282406218385, 89.09757399703476, 107.67040030205416, 62.88112984813512, 40.06297454127412, 15.928969159410304, 51.26988019436484, 105.20117704113925, 88.35216093825626, 16.673440673993518, 38.479114573730186, 63.10088177841257, 112.7845053105868, 35.91381412099092, 78.87660903693406, 71.85941230367109, 61.26024486229068, 23.454970515715978, 26.522297807551332, 46.68529565444921, 38.00227115596152, 7.085625631286562, 35.31929664635704, 43.03827390669309, 49.39169885544488, 53.80614488625643, 104.52952671004536, 86.8187860556807, 76.74682960739295, 54.18337638571744, 34.648862973017366, 80.01913055491636, 30.462179021661978, 56.73823214838302], [37.11383862626149, 71.77499097719883, 37.887349735731185, 56.59722579962768, 86.59948720319647, 33.97630394570058, 74.49110522569462, 49.15962117840913, 75.5375073269224, 69.86420225045903, 0.0, 72.34851219700498, 25.54459727344006, 41.76467385534225, 13.533427391390774, 64.74079508093003, 82.72737009022843, 4.728745180306961, 53.129946680726874, 35.04351046822252, 77.98253216002949, 63.28847645500027, 29.846707892079444, 46.00699636756971, 88.83379853048862, 65.69202627596607, 29.71680160173732, 79.41986079309193, 59.365941799551756, 76.38563965628292, 42.001201637811924, 24.807047168153098, 67.75525439374164, 70.37608108381637, 38.895217942800855, 81.79195994428669, 92.40942764155827, 53.222895227542594, 63.59901627366034, 72.61239563644841, 57.90649025822093, 80.84041092179761, 65.342368172445, 70.7751770195469, 64.43166706547348, 81.7247648118446, 31.654816813242117, 74.22631638020962, 35.5434487186405, 27.23906529575927, 28.05506069271309, 21.87721191240821, 80.87021315354482, 97.04727947987394, 81.24543571746459, 19.577392154991486, 36.37189405060679, 63.475584676812055, 24.26069589102531, 55.47228705688796, 51.91087857017247, 69.91227876315143, 33.979266137269285, 19.52632326068821, 67.21545925253407, 36.83200964250677, 86.21987009548391, 10.858345597807853, 34.04833720385426, 76.39061958443823, 64.76494679444286, 62.573445945391484, 44.1646047822191, 75.92687052384724, 77.82491791544184, 38.67287247669191, 63.16047896352476, 35.6746576106765, 57.33707728938407, 53.312092243521825, 40.70769701334849, 40.37875312303847, 64.22471946442943, 96.85675236442323, 69.63375520648162, 26.617760152794304], [38.86567772864613, 52.817697474388275, 34.62796953188158, 23.1285977360918, 74.01671668235329, 42.246197021732954, 23.23550657788779, 36.18423018477824, 3.2697257125826034, 21.306420953192003, 72.34851219700498, 0.0, 66.74153382875886, 30.64763236926415, 82.7723809593143, 46.35974968682274, 12.322410272278475, 73.9779972846015, 39.12184653356431, 80.94516567036555, 103.91062289185636, 21.474867970981744, 51.526970194788476, 55.1106560685595, 51.62206869440717, 98.66273238997368, 42.80422192721197, 26.072857390304602, 14.153615060293147, 11.18241890701339, 55.291059408671, 51.7052098042608, 42.1970308122043, 50.290962991806346, 82.12180527369692, 80.9257353652527, 49.29280506881012, 19.12562635792651, 63.75714533800046, 14.629406841117525, 37.87633060986045, 9.581908606625001, 74.60624850484893, 3.2217980300341384, 90.12749263866267, 52.77643844226212, 78.54864790036237, 104.9495874044152, 40.87136079062391, 52.740270796040164, 58.41967579207299, 52.33047008233892, 10.256739679020093, 68.60827122402836, 92.11469181194335, 71.08274103671016, 36.69425616093705, 10.369036553353522, 59.79032408830372, 96.04392870348055, 77.11899514412919, 4.889161278988787, 38.37442214871608, 71.29191268322163, 101.79280910072471, 46.10595688748754, 58.90658861449002, 71.10325881551795, 53.46264038187489, 4.122003025079848, 9.79667982364246, 29.311151771252298, 30.588924181656047, 18.708048824028747, 14.022854277461093, 36.76480174149237, 31.889165843934755, 46.176373970702194, 94.65001317225071, 74.98627556981772, 67.287954212814, 44.674032447551156, 16.869511036203242, 58.984954300999384, 10.39730893609267, 52.18612932032064], [28.029247728002066, 49.59453781578342, 34.98280868423887, 45.5542788553301, 61.91854332356242, 41.69184995127437, 76.75763802315633, 57.010538969471, 69.48542608989075, 71.97252233729856, 25.54459727344006, 66.74153382875886, 0.0, 40.51144333605148, 24.448775626407503, 43.908229438463195, 78.73186769078484, 30.26162133182808, 35.49588398453833, 15.577984325748606, 54.717816106249686, 51.06933521473759, 43.65037145361201, 22.991459564341156, 68.4206356493062, 43.58802998961529, 28.870382769336562, 65.2116007264096, 56.97454378377498, 66.98081313120962, 19.276633904120498, 37.11542347690021, 48.15161896692622, 48.71098652280799, 18.2507002074389, 56.347567004752996, 73.04696356754243, 49.30210169793241, 38.93316302741945, 72.13428970158026, 40.082709802076636, 76.22821718083455, 39.81874174544912, 64.26929016908018, 40.306491521979545, 60.2951918621782, 12.440852483155862, 52.003571256395944, 42.81322515542696, 41.3363332651796, 8.38329346544314, 19.275776759187043, 76.68037408826413, 74.04825791779224, 55.92145766059908, 43.15133450739649, 31.967294518893574, 60.542500191046045, 42.557118168490724, 35.482377899093336, 26.79349624287299, 65.99021588675497, 33.98191672771758, 43.17386692443204, 45.764944739735085, 48.42732907533979, 63.910027543174515, 15.088131174689057, 14.53434770939267, 70.26114289449265, 57.39296865884647, 47.424039902564616, 36.23427321685583, 76.41618579754679, 67.54982630765574, 30.153674293317415, 47.008838974547245, 20.850799488877716, 36.09951869181019, 27.902367103837147, 15.170793640093063, 23.781961174875445, 53.69827857070638, 75.76608565443391, 60.612999940952356, 15.244984091148762], [14.61802596564425, 51.58153077222675, 5.576800320202722, 20.811436912794044, 72.59621494159047, 14.38342485119316, 36.25242691936129, 20.870884461929915, 33.87032639333956, 31.46329269906822, 41.76467385534225, 30.64763236926415, 40.51144333605148, 0.0, 52.74731887926052, 43.131527891421136, 41.06767090363774, 43.333932950320175, 29.769468597044643, 55.94044244274523, 88.09400881831706, 27.193707198170845, 24.080404591242733, 38.43893014632718, 61.28513437018088, 79.77117341795747, 12.753050892392137, 43.16700323407093, 17.777036348624286, 36.02177771051399, 36.478249408711086, 22.19451786811895, 42.55008616154204, 49.17866130023031, 58.06979363313137, 74.51209293938008, 62.34056091229659, 11.58505214367032, 54.20742120838734, 32.17377855812507, 32.5813670825695, 39.09680988665649, 62.61442054636014, 29.297426464719486, 73.20467576747522, 57.561989137142795, 52.9436200094588, 87.3655381026381, 13.638626795683408, 24.39908031468074, 33.03129222608847, 23.009415583707604, 39.170101470239224, 75.03815132915742, 81.52511504957131, 41.762533711626496, 8.744665070824352, 21.824739579896345, 31.305702106009434, 74.25385619681333, 58.703838853693135, 28.17661065606537, 7.834497321476827, 41.9579624649664, 82.55478379495325, 21.55394371731299, 63.61329796366762, 41.510714265306575, 30.58192112200067, 34.72677381315811, 23.922824361411873, 30.86132129241574, 10.83636763421683, 36.18875054512345, 37.95705575211166, 13.009615239459636, 32.903021708990416, 23.453384245748307, 73.86296364616837, 57.64369671628251, 46.36510588297181, 25.15648779754367, 25.992381387969026, 69.83970540779863, 29.46271896751775, 25.286168348102713], [45.22620374472939, 73.97892238679394, 48.19351000268085, 64.76913266082512, 85.87591396901401, 46.77393923212276, 86.962184006736, 62.28080941592899, 85.86268726006983, 82.25866008473608, 13.533427391390774, 82.7723809593143, 24.448775626407503, 52.74731887926052, 0.0, 67.96645980778582, 93.76164350290158, 16.082141556445364, 58.156971494895195, 27.440318101742886, 69.99488992462834, 71.1245347569441, 43.322147858404165, 47.377550185026045, 92.49692883211297, 57.11822830126703, 40.09778021195743, 86.6043704440349, 70.52435191740878, 85.55575597493866, 43.56216873842157, 38.0342800923418, 71.84527553764752, 73.00420610420599, 31.295038175956172, 79.15757395225316, 96.82202582660298, 63.79893691192482, 63.055754170254616, 84.46426664736593, 62.928642937263184, 91.67434049590791, 62.42562844802235, 80.88614220538719, 57.71201931317427, 84.58387549188836, 24.713910735172163, 65.48048491379026, 48.30863775922357, 40.703491173609955, 30.515894611136826, 30.514504372693086, 91.82890766023472, 98.49069419853016, 76.20444510242696, 31.582519883658, 46.10405806470457, 74.5580305865943, 37.724596142609045, 46.03560585085505, 47.18291089708309, 80.81292713073157, 44.93389658033495, 31.479315575530457, 58.145387498092475, 50.21961893744418, 88.33456672600849, 12.045445331371786, 37.27581341866292, 86.7018158595688, 74.48377405909122, 69.06825483670798, 53.096765435665155, 88.0380801790293, 86.68027742242714, 47.10074564573602, 69.16644716984149, 41.30257756526749, 48.53156313258163, 49.29087122851482, 38.427014397910604, 45.486265146900784, 72.77055042819596, 100.02783691340336, 78.84892101853964, 32.60747647281814], [32.819439138099256, 8.464768218705567, 40.299887227198276, 26.28524719638474, 29.832897318924243, 55.83433444762691, 67.16387202552248, 63.37179177786043, 47.33175361129121, 63.513126815344116, 64.74079508093003, 46.35974968682274, 43.908229438463195, 43.131527891421136, 67.96645980778582, 0.0, 57.656254880827106, 68.77360787353632, 13.714106709197635, 51.230017779530996, 59.66436266730345, 25.00970503607517, 64.18068667083628, 21.26265686218369, 24.536049796890325, 57.26289627847008, 43.536901574030516, 28.88551788982943, 46.72341983147841, 39.33928778552693, 24.67291241925783, 59.50947692001722, 5.688380990606971, 6.2021338671298185, 50.300807340078876, 34.68033270447089, 29.26745000418917, 40.86354600248111, 18.395966264034623, 59.14842265478923, 10.650462158095271, 54.70063861777918, 29.65618714366982, 43.139926616043496, 47.53105870838625, 16.99314824133888, 50.656530102553084, 61.9504326904853, 55.673947664640686, 63.3536933087, 37.58110958953431, 44.63191729062616, 55.78775838444837, 33.31144108096404, 45.96681135848154, 75.80566759629558, 38.417558155978234, 47.60240287500738, 68.825687785424, 58.384856510758084, 37.75462734951032, 48.98793986726742, 44.31698542645669, 75.93343877267239, 60.51800502813082, 63.90750459848022, 21.948601255011912, 56.86467894269727, 30.976395794515366, 47.71466250805063, 37.694039245127634, 17.123310817229733, 32.326020183182415, 63.84746362123584, 38.06415540076813, 32.82955135126971, 14.484295301708425, 29.648384329425845, 55.79638513063228, 34.733288214881576, 34.1303153810409, 24.847622667755815, 29.655680039833577, 32.19720226336772, 36.13686408212414, 38.349326698903496], [50.738434103400664, 63.53083933617702, 45.62576024203391, 35.42307773654611, 84.14177339474175, 50.83362925739075, 19.851100690034713, 41.46986412448615, 10.431955868651254, 20.648656893729555, 82.72737009022843, 12.322410272278475, 78.73186769078484, 41.06767090363774, 93.76164350290158, 57.656254880827106, 0.0, 83.95631267320948, 51.28101675766177, 93.12040891044553, 115.93268038899815, 33.22799100061636, 59.40693126120565, 67.40445261844506, 59.58526584473316, 110.91308822317035, 53.6649247957947, 33.836085592727805, 23.361430889367238, 19.036642853063828, 67.61342786758324, 60.6354950825526, 53.10022538566425, 61.07993521789642, 94.36676859897268, 91.89248911392161, 56.16077466567448, 30.05333000246418, 75.44681014453948, 13.5433696848843, 49.76115880319758, 2.956913564108901, 86.43152798171968, 15.31275999491759, 102.28719484750943, 62.13920135388357, 90.66071992079624, 117.10991122467854, 49.333294673540145, 60.990107533445105, 70.45737317575431, 63.5615961200514, 2.072409160140298, 76.83859222889708, 103.60232668950773, 79.44396814908893, 47.988700910412135, 19.25788699933, 67.87426441083562, 108.36630428435461, 89.39553264940474, 12.969917021030334, 48.90216797574877, 79.65972601011107, 114.05371213480836, 53.18030840201418, 68.0104737413929, 82.31179862319223, 65.66623115510075, 9.963022070386911, 22.116987162805845, 40.880494176186296, 42.49889516877657, 14.552057922046572, 21.22895930401668, 48.619503949627834, 43.33822516668701, 58.321398093762426, 106.96535790138326, 87.22478073792263, 79.6067425620248, 56.956864844824636, 28.758828488278844, 66.126244441111, 21.63486003246581, 63.96864464402381], [40.11463566916596, 75.9606000245326, 39.909422129345366, 59.34606839734486, 91.1327420797213, 34.12977428541497, 74.66375177230222, 48.6837376887138, 77.2041855259697, 70.13029491236863, 4.728745180306961, 73.9779972846015, 30.26162133182808, 43.333932950320175, 16.082141556445364, 68.77360787353632, 83.95631267320948, 0.0, 56.84903752248658, 39.53442588868818, 82.54315459092551, 66.11123576157611, 28.729267370307177, 50.423041570254775, 92.69818744496922, 70.16674501103971, 31.874084646940048, 82.3818032110411, 60.64274248567512, 78.6061847210208, 46.418842192163254, 24.487010825831973, 71.60105695425358, 74.49484458930262, 43.40842927476001, 86.47038565878594, 96.09887906973675, 54.90117286392477, 68.15481204283712, 73.32492607606059, 61.59370618893487, 82.1978092339214, 70.04527902059213, 72.57857144353301, 69.08485206733825, 85.76675607397523, 36.190961204517784, 78.69043000327085, 35.711059341060846, 26.212875697315358, 32.49902875712817, 25.09079977047922, 82.15284976396086, 101.2946931969623, 85.97184661110545, 15.657029869177677, 38.712547040688385, 64.77213818821309, 22.138916331861324, 59.79334612218788, 56.63323521659284, 71.28212157936092, 35.700838311813406, 15.57456426334546, 71.6217306845707, 35.9259971886007, 90.38128540970048, 15.55866070730247, 38.306855488632024, 78.06067676573606, 66.79890921829893, 65.83776723046934, 46.74131821715827, 76.41695249687929, 80.1733853113649, 41.5306518259716, 66.56133491319895, 39.436890569427234, 61.76316938467936, 58.04082500498446, 45.41866113390929, 44.19939009650855, 66.77379694966905, 100.80243225469307, 71.86965131664286, 30.47006679615763], [19.19688446924341, 22.13906746759789, 26.64057860615448, 16.292694388427595, 42.82692467905807, 42.14327597187725, 57.33597746061185, 50.36062512557326, 40.90647575349183, 53.24657284132818, 53.129946680726874, 39.12184653356431, 35.49588398453833, 29.769468597044643, 58.156971494895195, 13.714106709197635, 51.28101675766177, 56.84903752248658, 0.0, 46.252326701011896, 64.85838357755271, 18.5296634077435, 50.477137775876976, 16.8036778626346, 35.9676715269891, 59.70877863180744, 29.93762443194074, 30.03902143771213, 36.027477038700596, 35.133514387924706, 18.286314969906925, 45.90057913384868, 14.950183079198958, 19.91057214215622, 46.36314784369005, 45.49345416814951, 39.279555306957995, 29.21135079233656, 25.96399609644179, 49.97013963378099, 4.802493897303585, 48.38348546530372, 36.07698486490296, 36.001042122205355, 51.01182380765303, 29.890405467637212, 44.78880630781694, 65.83492000279773, 42.01595993310643, 49.68740070426445, 27.865746565317743, 32.04071981529869, 49.25863824248904, 46.83284384003561, 54.4240241100228, 62.699311187643175, 24.70394129243946, 37.75883039667638, 55.2831621918783, 58.08928458811722, 38.344840992156364, 40.605441351897184, 30.603993874059213, 62.83736278467035, 62.8787179718457, 50.24728586482521, 35.37266001540844, 46.443942912349605, 21.127911068578097, 41.48378503924229, 29.48959889919224, 12.537343463992372, 18.936806205889056, 54.74216078990397, 34.838796168599046, 19.12198126468463, 11.614278055161732, 17.455709608835882, 56.27962967670561, 36.015271048145195, 30.20724655474039, 12.821146654557758, 22.639529915583392, 44.26151120220992, 30.020559228945785, 26.52788954114196], [42.85237128747421, 54.90841187190125, 50.38199897172711, 58.80978736982622, 61.9829643428588, 57.07011178345144, 92.13793437961783, 72.52245282379018, 83.52230820686158, 87.36631693018654, 35.04351046822252, 80.94516567036555, 15.577984325748606, 55.94044244274523, 27.440318101742886, 51.230017779530996, 93.12040891044553, 39.53442588868818, 46.252326701011896, 0.0, 43.06766789979363, 63.607581845915014, 58.25571569196251, 30.43277192460332, 74.77781911340081, 30.64862645993739, 44.447823320524016, 76.23371329045297, 71.99480989461347, 80.04762833197975, 28.026975462743206, 51.773118544313625, 56.33681800283984, 54.73395209369706, 3.910282869751684, 53.45724315133702, 80.22900356771433, 64.23099302812598, 40.56157644221823, 87.23815814453724, 50.290992192564126, 90.50964696022739, 36.993820714946565, 78.29489427702607, 30.278837272848552, 65.91156011537765, 3.55444257297197, 39.184668116512384, 58.242573232220394, 55.81504831666689, 23.046083821770488, 34.74958305774766, 91.05327615036495, 77.00900645734117, 48.992751971909414, 54.4106980313015, 47.304522242531476, 75.41624774666019, 56.05071258548427, 20.864855495115727, 20.75948145464237, 80.58683050153998, 49.54857471800348, 54.3842855764244, 32.24601586848314, 63.4983760925978, 68.2565314238925, 24.520592305300298, 27.493662887960777, 84.26265085510386, 71.35679856089129, 58.75448431455703, 50.84108871933561, 91.60958554045051, 80.28156400862196, 44.959641078168595, 57.792070878343125, 34.80264690827645, 22.34859206770147, 23.43859482332737, 17.104638598265364, 36.553888877112364, 66.78535045765197, 81.14187849723031, 73.98757374564421, 30.664388624996256], [73.47715127883714, 56.84378748855428, 82.84562796229699, 81.11776915570347, 47.12810213444118, 94.15109733805996, 121.38844453034261, 107.95056784507409, 105.50477596665684, 116.99489713168553, 77.98253216002949, 103.91062289185636, 54.717816106249686, 88.09400881831706, 69.99488992462834, 59.66436266730345, 115.93268038899815, 82.54315459092551, 64.85838357755271, 43.06766789979363, 0.0, 82.73173574868176, 97.81912068923026, 50.24948612552759, 73.56761347554318, 13.150333867313982, 79.80756789314934, 88.38061862501796, 99.88405466559766, 98.5343403365437, 51.663567547114326, 91.3227544944906, 65.11449102840264, 58.54675601885708, 39.167109162401836, 33.94225683832766, 80.2340399810802, 92.35926350155259, 41.27059316204295, 114.52409735855699, 66.19476782001912, 113.00050901310468, 30.00991286745331, 100.75084731459278, 14.974372085649934, 64.91168968716532, 46.35402419477234, 6.586634657960914, 94.95493141451232, 95.65862353708843, 58.224594831022934, 72.43096895545817, 113.94408194087633, 65.82427065393344, 19.570883622369102, 97.08509088559906, 79.6900007630888, 102.17447591181558, 97.27142998446018, 24.841747458105377, 29.60971389241865, 105.44241033121119, 84.0227195448643, 97.07598954395428, 13.332181211523597, 101.73371791251323, 63.12444766596637, 67.25451346052945, 58.0602793718522, 106.02086558287822, 94.34266363683237, 75.28485861248834, 79.26705108113325, 119.27821213944539, 97.52220864465153, 75.14497544001806, 73.03352033529056, 64.70746198616588, 21.672006115601224, 30.451382146278352, 42.56988129123237, 63.19292707430442, 87.17483374292384, 75.82591333581763, 94.37236497991488, 65.98551560296848], [26.21273241196971, 31.9858408711183, 27.65691356874292, 6.834898980959018, 53.629334578462775, 41.5767516370468, 42.429412213683584, 43.66661019753275, 22.796462251385655, 39.063217305804585, 63.28847645500027, 21.474867970981744, 51.06933521473759, 27.193707198170845, 71.1245347569441, 25.00970503607517, 33.22799100061636, 66.11123576157611, 18.5296634077435, 63.607581845915014, 82.73173574868176, 0.0, 51.25179143704726, 35.239020697103065, 35.55589085934368, 78.15662034925444, 34.735017482372854, 16.42835521794854, 23.17255595061116, 16.665021223233293, 36.22434932105572, 48.72182793964486, 21.320401282134387, 29.405582767858597, 64.13873072355928, 59.67872177592379, 35.6246440551748, 19.483411041079076, 42.29773956343974, 34.23829653306129, 16.539203330971276, 30.285316573651915, 53.21531681415918, 18.256964249171826, 69.26130695249462, 34.02164225244519, 61.73304860899346, 84.06825198404194, 40.77876219048406, 51.413839209834705, 42.78245756487585, 41.47245464746108, 31.265460603532716, 51.13195955865155, 70.6417217576112, 67.87119013167765, 27.833868541545513, 23.189683857359608, 58.142182577935536, 76.56262511672759, 56.865842291509445, 23.987093659668034, 32.44952739484377, 68.05026324323768, 81.34310893706025, 48.39907494780188, 40.33216989907152, 59.07919364110087, 36.680332957067805, 23.293091870647785, 12.74801680253443, 7.8874838475223905, 19.563428976405618, 38.89835868073651, 16.67522892834362, 24.619583343766756, 10.542825654670493, 30.44866810714963, 74.80360437012062, 54.48383775308337, 48.33779586284774, 27.358924106647866, 4.647478725148401, 43.91797156503667, 11.64466407838505, 38.57028361535462], [31.457187180103457, 72.55206231255494, 24.49758759801987, 44.74546481158523, 92.1650180842216, 9.779462038667504, 47.12201644193289, 20.349120403426234, 54.77291590960753, 42.87885545614258, 29.846707892079444, 51.526970194788476, 43.65037145361201, 24.080404591242733, 43.322147858404165, 64.18068667083628, 59.40693126120565, 28.7