instance_id,num_cities,city_coordinates,distance_matrix,best_route,total_distance
2688,64,"[[22.086358928020864, 32.69096641830605], [32.649820269389565, 56.54283939042109], [17.067343730276175, 24.100632875728124], [33.69951978123279, 75.95546163162507], [66.33394960327273, 41.85737974290258], [37.66303048295191, 30.81563945808037], [96.75549543172811, 13.13665984122644], [84.97641398999299, 13.638771653864811], [1.348420046045018, 12.913161371635162], [28.12207945797345, 85.05321429252291], [53.88485385701879, 7.120154788608013], [23.287923320569814, 74.59696306935358], [31.652345213382727, 83.49964333233066], [66.67678260534356, 9.255417231694896], [50.57809622144463, 16.43598531395183], [1.8433834269916405, 35.703751589679285], [52.25756711452061, 41.064071255890966], [13.766565684164489, 64.85726263193341], [21.452235684415122, 72.13530830871409], [84.87004035022149, 16.857409125033683], [33.3563723581746, 28.216719889405983], [94.03945375564217, 48.50861284959459], [16.88633526699058, 47.87161616756319], [68.71463441418511, 45.81585461423268], [65.7602769464595, 39.13004288647518], [78.10970240578976, 19.430888275863712], [56.43948030360442, 97.21928499179053], [18.513021341231973, 69.80255355102584], [31.130167135338894, 44.133983008295395], [16.883543796055633, 81.12579739224239], [14.200458137125382, 94.5298848874751], [86.53417337223418, 71.62038971592165], [21.723526797454173, 0.38915547447170296], [57.510399595310446, 21.970287548705613], [89.57271075754699, 49.308273742205955], [35.98695329987665, 59.19435683059427], [18.615366004633305, 35.807246715649256], [26.149409729117323, 2.632093432682203], [48.45054401162299, 69.60780003945375], [10.497695182422962, 2.515510119876907], [70.03241205951575, 78.61789723289813], [54.27313711742031, 44.17636863407222], [41.93672800930385, 52.32793807282855], [10.335216103853806, 44.57314590355922], [99.02529442840337, 30.099021276647044], [6.84155034584183, 81.38233252680297], [71.68667629600267, 80.18399631127572], [49.47849598930261, 49.77233657805565], [31.998553230583692, 13.635960375332179], [79.02126337432439, 91.89573890267565], [69.33413480836761, 48.2608371977978], [7.635279139351237, 72.12005814104472], [42.30640865094754, 23.436996756590222], [96.43943544680117, 99.16188315795608], [83.5486958228704, 59.761325551477086], [95.12668325615395, 10.792412749885782], [45.47413088483353, 9.19271986411816], [99.71608044541719, 3.1404614889432803], [64.91325403191765, 30.87462273024647], [51.255677773550076, 49.934866997859096], [44.10814008443531, 7.010674750245716], [47.51017004580539, 64.95601153437491], [1.1171330614532349, 66.65706783120608], [71.83802629538624, 58.471551522530774]]","[[0.0, 26.086367316828596, 9.949087592735905, 44.79600485607928, 45.18708237762178, 15.689153831164614, 77.18711584143875, 65.71259507156971, 28.65700056769176, 52.70896436809036, 40.804542481824335, 41.923219250280006, 51.701351465561025, 50.373910404109104, 32.80249235500845, 20.46594565672732, 31.3115104722576, 33.22483365982946, 39.44943877237647, 64.74945705937401, 12.125678732228556, 73.67120057320851, 16.046568882003896, 48.440259753320895, 44.14603969603874, 57.57121404635956, 73.10294690480458, 37.28322197743392, 14.585372657889973, 48.71346976731579, 62.33970860310773, 75.29289996354694, 32.30384864696756, 37.01074996028699, 69.50210490305686, 29.927516222316886, 4.664653766981639, 30.332230827589278, 45.36433466649687, 32.324221417180986, 66.39357638308437, 34.174598085003524, 27.922174134971577, 16.71153933645086, 76.98258228683544, 51.02208661177003, 68.6715324673844, 32.28161054406098, 21.47893971287991, 82.13883630315006, 49.74709239472742, 41.99389218849135, 22.23704938380054, 99.7334585784384, 67.15968433647406, 76.25244671961389, 33.15351366334006, 83.06386702079791, 42.865394534908134, 33.88511869699818, 33.82951707396456, 41.078014899636315, 39.91747084466322, 56.034515917862116], [26.086367316828596, 0.0, 35.99042009526988, 19.440981748483054, 36.746201083114194, 26.21108721522246, 77.41856373684669, 67.66706317510835, 53.696614976783465, 28.867662079111295, 53.79152725771999, 20.337071969546432, 26.975252274073494, 58.25748415637275, 43.931569770772306, 37.192796766197596, 24.981112851618356, 20.632666758551206, 19.19664000562573, 65.58875483373235, 28.33493006590902, 61.913131851698054, 17.991041426262345, 37.62630757445146, 37.409996303821735, 58.68473225111191, 47.12240604324748, 19.38218521106688, 12.501562396758723, 29.204405454535667, 42.230256791578654, 55.95405287492624, 57.20681870517895, 42.58297482877998, 57.38078425435729, 4.2622765746383084, 25.038584426512347, 54.30123264634001, 20.502586849935565, 58.39237068296179, 43.4138957903563, 24.909785837657502, 10.198629735740148, 25.322225834905773, 71.44913635774945, 35.81992763419632, 45.637489293331996, 18.13957096566066, 42.911821396572215, 58.310704330832564, 37.60758558473666, 29.468237340417218, 34.485453682194965, 76.71699874305124, 51.00053123034738, 77.43681260523275, 49.05605734174489, 85.73037512766916, 41.22846716363225, 19.744448146402764, 50.84022449719621, 17.076634943724194, 33.115071787721305, 39.23563969179691], [9.949087592735905, 35.99042009526988, 0.0, 54.45688703454698, 52.36888879430313, 21.662724348875805, 80.43886017525918, 68.71020567400946, 19.29362797520402, 61.94694797470028, 40.54461355100035, 50.87804018889513, 61.16342625692088, 51.7829784100615, 34.37611605127311, 19.141612555007665, 39.06545870088569, 40.89007220333673, 48.234399772380065, 68.18848846571514, 16.801030502462105, 80.74933565151923, 23.771672442730715, 56.026721215332664, 50.95964001508284, 61.22071599792027, 83.04518303681779, 45.7247803402709, 24.476480949189018, 57.02546072195592, 70.48757742991585, 84.16512169928785, 24.164316694360902, 40.49912516233714, 76.76231761621435, 39.868798417891455, 11.80852152299088, 23.31055787888666, 55.279358925067086, 22.56275263409755, 76.00941110224822, 42.276544653101844, 37.62003499610549, 21.550993760222596, 82.17716438308715, 58.18728353564109, 78.28547211436582, 41.346331901849425, 18.233222087239998, 91.83934102804876, 57.5806644845734, 48.936990561932866, 25.247788239140636, 109.24339905636278, 75.44173366362743, 79.18566290771417, 32.08101349405992, 85.26513041784486, 48.32305941413311, 42.85148582408266, 31.988612601953346, 50.95024670616315, 45.44732529533128, 64.662104182227], [44.79600485607928, 19.440981748483054, 54.45688703454698, 0.0, 47.19836012299235, 45.31349647667767, 89.00706670606131, 80.70123747180506, 70.8584876789421, 10.671314072708803, 71.73386355079028, 10.499850437191164, 7.817007179510149, 74.40696060398608, 61.86642388063286, 51.332383392171494, 39.519744978635956, 22.8143086696176, 12.829245463343149, 78.17289802337591, 47.739975002970446, 66.28904238333611, 32.73202635889295, 46.200153288940946, 48.826259489779396, 71.88387659132853, 31.13287632794854, 16.38560382520127, 31.925038367932927, 17.592879815754245, 26.92995737627825, 53.01220112950826, 76.50941794435603, 59.00302550110096, 61.902230107563035, 16.916470856929735, 42.888353385219666, 73.71106081068703, 16.05881451210785, 77.01786249151465, 36.430311893205634, 37.85742307715871, 25.022219504154425, 39.12467797675521, 79.8139709279182, 27.400756374693817, 38.221781298294204, 30.570118216089515, 62.342710271847494, 48.043239709618994, 45.131120201728265, 26.34492285381504, 53.21905381389159, 66.89420765492623, 52.41364703407432, 89.55176911786072, 67.7931055119608, 98.28636999964282, 54.83228284436484, 31.389329851813926, 69.72605692805996, 17.65564961059875, 33.88321194374785, 41.95512831386665], [45.18708237762178, 36.746201083114194, 52.36888879430313, 47.19836012299235, 0.0, 30.723633113963647, 41.83718683495996, 33.820575407477044, 71.13991024001176, 57.671718740118955, 36.90060680293297, 54.08179633777689, 54.19309734558678, 32.60376502874323, 29.908096069491823, 64.783487596651, 14.098719173216123, 57.37878061625266, 54.13983009329232, 31.122101328050256, 35.68736754364501, 28.492698401108242, 49.81202267848004, 4.619218924868225, 2.7870175179934624, 25.330137654327007, 56.23914184541693, 55.387488831047996, 35.2773188107827, 63.14547694951264, 74.11001100159059, 35.97062416709151, 60.907334918635016, 21.756641990056764, 24.40401281294249, 34.950121018066326, 48.10059594545374, 56.15532326517538, 33.01366417395513, 68.30424593819197, 36.946099532596236, 12.281730631155439, 26.54914336180366, 56.06454797265658, 34.741661162019284, 71.42525787125392, 38.698594556212996, 18.62130119607743, 44.44511171310007, 51.621752373660875, 7.071448129027274, 66.04062096968372, 30.275951406654258, 64.73134008747826, 24.837446787492567, 42.356270910964085, 38.75709021537627, 51.121095632290775, 11.074264197025231, 17.10555704223024, 41.331337476700426, 29.79733993943321, 69.77290082207048, 17.50215884271598], [15.689153831164614, 26.21108721522246, 21.662724348875805, 45.31349647667767, 30.723633113963647, 0.0, 61.68035127992933, 50.3348889583343, 40.48764815125667, 55.070357456464656, 28.716259284604288, 46.08088544163402, 53.0257729941944, 36.14748946566984, 19.328046366209435, 36.151635584363916, 17.8334195768668, 41.59174363007993, 44.38586376230948, 49.22737017796981, 5.030078242746235, 59.087582523355636, 26.88079994366557, 34.484903384423724, 29.30161366206976, 42.01839869764986, 69.00724025806355, 43.43618676424839, 14.834304110410429, 54.43251839049177, 67.89696143216051, 63.6664452510853, 34.34878025992758, 21.729204106061577, 55.10528494597503, 28.428169734132517, 19.69085232011085, 30.444633836340802, 40.264154911066, 39.228213858767624, 57.73069124841063, 21.316771015390934, 21.93270348673057, 30.59539871182975, 61.36644830955441, 59.21954141791939, 59.95701070597472, 22.33744817185352, 18.08943547844467, 73.76504576056774, 36.1579005663936, 51.06584821082214, 8.718103516664174, 90.14363431966343, 54.25262230624855, 60.8522883534127, 22.990518507750753, 67.94480469666259, 27.250287383713996, 23.458578859011023, 24.66203119202445, 35.532114531479074, 51.187992792925606, 43.96339171283896], [77.18711584143875, 77.41856373684669, 80.43886017525918, 89.00706670606131, 41.83718683495996, 61.68035127992933, 0.0, 11.789778449293252, 95.40733716656872, 99.41094805086979, 43.29076393499401, 95.78545309597685, 95.86119973233096, 30.32808944668545, 46.29511579422675, 97.55809876777391, 52.535758611133346, 97.78641630451611, 95.66306209588667, 12.454236938787686, 65.1679140187277, 35.4760756286887, 87.09534968305148, 43.06065091957204, 40.45194100517998, 19.67950479949959, 93.24842587422789, 96.60697832833942, 72.57766707143853, 104.89066442263663, 115.93183888019084, 59.370212099168164, 76.1071296575761, 40.226987529318556, 36.877880197717246, 76.25042403026377, 81.36237051680513, 71.3832280978938, 74.31256964327476, 86.90924533818223, 70.72422240832822, 52.61382223227946, 67.38733969478757, 91.96041178167408, 17.113552902631067, 112.88042062826759, 71.5806609398636, 59.81042957749551, 64.75886707058514, 80.73100718604626, 44.56050777776512, 106.87120391852541, 55.414799393582385, 86.02580392305134, 48.45904465113965, 2.8545618803167923, 51.43280093806412, 10.425403834934594, 36.44946727753446, 58.51787296946036, 53.00256331913616, 71.48669304327635, 109.59530294808206, 51.73135095777169], [65.71259507156971, 67.66706317510835, 68.71020567400946, 80.70123747180506, 33.820575407477044, 50.3348889583343, 11.789778449293252, 0.0, 83.63114181553829, 91.28218869236747, 31.76755384568288, 86.72583802834585, 87.88627710039682, 18.817287392299747, 34.51186273683597, 86.01141848706376, 42.692739419267824, 87.71645406541239, 86.35488422788242, 3.22039477736047, 53.63902751568844, 36.028384848743244, 76.21119644779048, 36.05287981299911, 31.922794864021057, 8.983336960365385, 88.31794151842828, 87.01582016722737, 61.88195387900853, 95.87042095589672, 107.48305972133389, 58.00254000806513, 64.62569200475363, 28.701848439340868, 35.964417459561346, 66.89752311934059, 69.96592010600712, 59.847835347435414, 66.83316030312835, 75.30475750157211, 66.67540742068165, 43.303995659054706, 57.87284481957493, 80.79754904759145, 21.640491196298026, 103.41299220327963, 67.85929599310883, 50.6531015488139, 52.97786083399976, 78.48322586283486, 37.99168751877577, 96.9624257595733, 43.780527301505245, 86.287910290263, 46.14464602966287, 10.541808440008406, 39.75170118419181, 18.096195277904474, 26.450046310555386, 49.542856076322934, 41.40226419633897, 63.53879558379424, 99.21350073150343, 46.71825533949288], [28.65700056769176, 53.696614976783465, 19.29362797520402, 70.8584876789421, 71.13991024001176, 40.48764815125667, 95.40733716656872, 83.63114181553829, 0.0, 76.94813885815842, 52.854856000615726, 65.4693301922078, 76.81653022712752, 65.43068123497132, 49.35556001975125, 22.795964362914912, 58.17400607273981, 53.407864559722505, 62.541395020086824, 83.61470055304397, 35.478273837975784, 99.29080469043163, 38.25598477535554, 74.97195516265182, 69.54288019432782, 77.03749238851537, 100.71021497424658, 59.42244088022008, 43.1473308949559, 69.95930090279623, 82.62242093134067, 103.45603524985162, 23.91643156583992, 56.887603935123536, 95.4365217095326, 57.80810530615216, 28.675539514990984, 26.847522180365647, 73.70815515085955, 13.849923720885023, 95.05052905431326, 61.468803513808695, 56.576809433948085, 32.91074480996014, 99.17724320519153, 68.68916857238999, 97.3284928772714, 60.62262784803497, 30.658654612192368, 110.7759818017708, 76.62581548052438, 59.539744896351436, 42.28839015343285, 128.37890488597037, 94.61308484986402, 93.80223998082947, 44.28227683892545, 98.85192094968806, 66.05378273640682, 62.13968990391241, 43.1651827990708, 69.56554762309973, 53.7444041292147, 83.93063506448874], [52.70896436809036, 28.867662079111295, 61.94694797470028, 10.671314072708803, 57.671718740118955, 55.070357456464656, 99.41094805086979, 91.28218869236747, 76.94813885815842, 0.0, 82.08094972876985, 11.519646487754187, 3.8569883370536786, 85.03982110785687, 72.19831578076426, 55.91010046626721, 50.17535719371219, 24.77816052871735, 14.538194900681397, 88.71865028205886, 57.07700866549191, 75.36980913417145, 38.84215733775885, 56.45640718639985, 59.37652383031123, 82.4927398006016, 30.82026065612878, 18.02544454217857, 41.029648796532754, 11.905011017752464, 16.84098648435783, 59.93674575378745, 84.90550236407456, 69.59259304739568, 71.09065242394263, 27.028443347433008, 50.155188398274504, 82.4447244500921, 25.530516887793276, 84.39840952994017, 42.40152455313131, 48.52622309321542, 35.521658438930864, 44.21547743441545, 89.70634996012902, 21.594820958511704, 43.835868662648025, 41.24120341797535, 71.52238255247255, 51.35705468960486, 55.24592761900559, 24.227577578734884, 63.22779023570281, 69.75898269369084, 60.924456811291336, 100.02141558639372, 77.81971667670364, 108.79062482241031, 65.4897725618467, 42.053081786416925, 79.66299085874704, 27.924820775505243, 32.675454618186265, 51.16315865453468], [40.804542481824335, 53.79152725771999, 40.54461355100035, 71.73386355079028, 36.90060680293297, 28.716259284604288, 43.29076393499401, 31.76755384568288, 52.854856000615726, 82.08094972876985, 0.0, 74.0897551218033, 79.54942307012674, 12.968916176885218, 9.885309526633733, 59.3745454770443, 33.98290051305499, 70.30683229979834, 72.65565985367459, 32.47916107338352, 29.436093689560696, 57.66624969325272, 55.041547783262224, 41.44007210863124, 34.14174291964603, 27.173469528294135, 90.13533923856741, 71.97395119163345, 43.448811805138256, 82.74014795372557, 95.99641753529079, 72.29286528064353, 32.8581391743231, 15.286301871053338, 55.258126198736676, 55.06412046571665, 45.46301812022693, 28.096219598132745, 62.72350063964311, 43.630818126409565, 73.29850483149755, 37.058248048863305, 46.76004042711986, 57.439511591660555, 50.65261770189006, 87.90872225020662, 75.20126209179345, 42.87918610536437, 22.835627373792015, 88.42363227838499, 43.94583064418657, 79.77474912145588, 20.007491726803238, 101.40301857192564, 60.423806396655955, 41.40499934454217, 8.66231994947481, 46.00368777996513, 26.189699456237342, 42.89536278479152, 9.777326734328932, 58.186105894876796, 79.55549241001934, 54.39928627405409], [41.923219250280006, 20.337071969546432, 50.87804018889513, 10.499850437191164, 54.08179633777689, 46.08088544163402, 95.78545309597685, 86.72583802834585, 65.4693301922078, 11.519646487754187, 74.0897551218033, 0.0, 12.215615803788596, 78.43539202737975, 64.24525562579683, 44.41340102322647, 44.31359943540786, 13.620499838516082, 3.0707479965165274, 84.4169013145042, 47.46051646847009, 75.40809688683152, 27.48134815886523, 53.7767448316484, 55.333563501561066, 77.7735383674266, 40.13471289995435, 6.7665391110756214, 31.45622263163065, 9.145586624692125, 21.906697507101796, 63.31625489971762, 74.22429551380426, 62.77535231865093, 70.9449846955388, 19.962606076401972, 39.07012780464825, 72.0217367625178, 25.6524702081639, 73.20741625773623, 46.91710923546977, 43.42229887779326, 29.046297364972443, 32.69865779274456, 87.84199568607717, 17.791133260642788, 48.72016245891749, 36.08612166953695, 61.58018287476673, 58.35625792388483, 53.04568896999483, 15.847407607798711, 54.58062785810433, 77.16591880690335, 62.060106696136536, 96.08240250197737, 69.06477275235311, 104.62932103197238, 60.36813067801412, 37.28825916802527, 70.72049062929302, 26.070389005881616, 23.549647069680173, 51.158004226315214], [51.701351465561025, 26.975252274073494, 61.16342625692088, 7.817007179510149, 54.19309734558678, 53.0257729941944, 95.86119973233096, 87.88627710039682, 76.81653022712752, 3.8569883370536786, 79.54942307012674, 12.215615803788596, 0.0, 82.09090280844589, 69.68298413547761, 56.329578999472155, 47.17364674317474, 25.834849864985596, 15.27057120516237, 85.28370568765017, 55.309179463326515, 71.52987855789654, 38.56671323032805, 52.85528557253439, 55.96438555754082, 79.13969555026385, 28.330736546106355, 18.980308224430807, 39.369123468684364, 14.958363541902447, 20.64544965088611, 56.1527535259017, 83.70146132002597, 66.74204521564083, 67.25933763588603, 24.688778406291952, 49.44216340262842, 81.05456758083484, 21.798229123923115, 83.70154747736055, 38.68928761418287, 45.36540707808611, 32.82443812585845, 44.38121444422713, 85.96941736375625, 24.900974820404084, 40.17139754104977, 38.14843210910239, 69.86454076502024, 48.10726378172381, 51.59157610373909, 26.576576565278845, 61.00025066681251, 66.65337813845979, 57.06784504121091, 96.51597261042755, 75.5814834100146, 105.31035162924435, 62.25496645894751, 38.87010236476899, 77.49651050609259, 24.39952640265701, 34.87221717462806, 47.34231029073536], [50.373910404109104, 58.25748415637275, 51.7829784100615, 74.40696060398608, 32.60376502874323, 36.14748946566984, 30.32808944668545, 18.817287392299747, 65.43068123497132, 85.03982110785687, 12.968916176885218, 78.43539202737975, 82.09090280844589, 0.0, 17.627485960030143, 70.02059725060379, 34.92426443322455, 76.75321665284295, 77.45411768305837, 19.717629373683575, 38.33771951377604, 47.84902442784475, 63.010312381449566, 36.617187516209725, 29.88868081123727, 15.305288828837984, 88.5575766929786, 77.36732912268576, 49.80036367342133, 87.43407902837654, 100.12741614398335, 65.4500249123509, 45.819273294948054, 15.674517685243906, 46.135180075539424, 58.61538459364756, 54.90809971772849, 41.06502612193551, 63.04447544273405, 56.581942451175095, 69.44360215996163, 37.05837649219509, 49.67204800513986, 66.49597036197923, 38.48223027254769, 93.71524384824602, 71.10529069654422, 44.01592684298486, 34.95380881680458, 83.55721974395097, 39.09583491195674, 86.24304150588779, 28.196317569818124, 94.70474180056186, 53.24949042785293, 28.491388212298826, 21.20274442003082, 33.600414960248706, 21.691013794147388, 43.50434584626047, 22.680002073292904, 58.90598647573263, 87.13792021769903, 49.48602136928768], [32.80249235500845, 43.931569770772306, 34.37611605127311, 61.86642388063286, 29.908096069491823, 19.328046366209435, 46.29511579422675, 34.51186273683597, 49.35556001975125, 72.19831578076426, 9.885309526633733, 64.24525562579683, 69.68298413547761, 17.627485960030143, 0.0, 52.40533415992956, 24.685283868009893, 60.825232244538, 62.85483540744772, 34.29453353174089, 20.865605190361133, 54.01428547852336, 46.07964456651762, 34.52695668196546, 27.30419126566501, 27.69402070558083, 80.99566241594725, 62.258811685382504, 33.8437737555087, 72.93897894728055, 86.15097041353192, 65.86469443695671, 33.0164644464109, 8.870475257443204, 51.00164026116743, 45.17941773100715, 37.37461559943535, 28.059012007021845, 53.21436234334317, 42.42897803480145, 65.1541293750674, 27.98539251056069, 36.9175502630285, 49.10386141846833, 50.33696023621459, 78.30014981735938, 67.15192520605017, 33.35448150210468, 18.78934691270939, 80.64234724608141, 36.94063048870279, 70.3192826012831, 10.836741968131834, 94.58771912695566, 54.443967019081754, 44.90463804636388, 8.86088915031002, 50.90493539311042, 20.346277298080576, 33.50573370084845, 11.432270624733068, 48.61692210999906, 70.48789971277968, 47.10598107697908], [20.46594565672732, 37.192796766197596, 19.141612555007665, 51.332383392171494, 64.783487596651, 36.151635584363916, 97.55809876777391, 86.01141848706376, 22.795964362914912, 55.91010046626721, 59.3745454770443, 44.41340102322647, 56.329578999472155, 70.02059725060379, 52.40533415992956, 0.0, 50.69835247622833, 31.4974519799395, 41.37348682218737, 85.13877133329102, 32.39018547427225, 93.08103918592204, 19.348057485087473, 67.63149293170606, 64.00866151724695, 77.98305900005403, 82.24897959188765, 37.9553042853171, 30.475965969119606, 47.84734756302907, 60.10999296424738, 91.99203658926484, 40.52580411553089, 57.336068261161614, 88.77791333924398, 41.443840293209846, 16.77230189406973, 41.04287377673373, 57.63429464343489, 34.298053644749395, 80.56902334107441, 53.10992667684598, 43.40322402797454, 12.279144013607374, 97.34339642609628, 45.951217927037014, 82.80445476711718, 49.669196011202, 37.36738785309304, 95.4670864295588, 68.64897611029839, 36.87402119088547, 42.281552530738566, 113.90938293165863, 85.17349903952233, 96.55231136440183, 51.05366712473928, 103.14762568205444, 63.25447860557477, 51.42080783449306, 51.084266793471436, 54.232371439577584, 30.961834989893784, 73.6045021996376], [31.3115104722576, 24.981112851618356, 39.06545870088569, 39.519744978635956, 14.098719173216123, 17.8334195768668, 52.535758611133346, 42.692739419267824, 58.17400607273981, 50.17535719371219, 33.98290051305499, 44.31359943540786, 47.17364674317474, 34.92426443322455, 24.685283868009893, 50.69835247622833, 0.0, 45.25122260192157, 43.7537451712579, 40.6144789707659, 22.854093732879573, 42.43992519823657, 36.02036521380866, 17.12934643208257, 13.640514599502621, 33.70945720366059, 56.31071325818557, 44.323749097671694, 21.349271370421018, 53.44402143139424, 65.62725631172329, 45.919215306635415, 50.86036169660799, 19.803151903876753, 38.215007781433904, 24.36062661192396, 34.05043171187394, 46.461304345278535, 28.796490719801028, 56.832019755083586, 41.54798380583536, 3.7079532638401744, 15.277251569097082, 42.068956715664626, 48.03595152750711, 60.73036119637718, 43.6790432578928, 9.140958442102036, 34.09881097671554, 57.44696574441692, 18.53112528221449, 54.365640854769545, 20.242018431249406, 72.98899394524297, 36.45163993617195, 52.47984782246461, 32.585242773686524, 60.74957337574164, 16.247808240126826, 8.92719437154083, 35.014953583995755, 24.359035062963585, 57.18693442422162, 26.19951814379416], [33.22483365982946, 20.632666758551206, 40.89007220333673, 22.8143086696176, 57.37878061625266, 41.59174363007993, 97.78641630451611, 87.71645406541239, 53.407864559722505, 24.77816052871735, 70.30683229979834, 13.620499838516082, 25.834849864985596, 76.75321665284295, 60.825232244538, 31.4974519799395, 45.25122260192157, 0.0, 10.584869967366556, 85.78863588069484, 41.54864495975856, 81.92078435318811, 17.269775564913967, 58.15380878717772, 58.01065287219235, 78.76290199272466, 53.55630806299014, 6.8545418212281675, 27.036068015055672, 16.564443117635744, 29.67579441532787, 73.08121931521801, 64.95729420645822, 61.2602288359693, 77.38438270335676, 22.930637320129915, 29.45189788934053, 63.44530328178016, 35.00779853518157, 62.42739479292452, 57.92409285397481, 45.48056404474583, 30.830861475672215, 20.57230058580245, 92.07163607320142, 17.91741534000728, 59.913671048977264, 38.76721501694444, 54.369358785577816, 70.6346570012034, 57.99306920282729, 9.50478160200304, 50.300706374292155, 89.50759958922093, 69.96795167377174, 97.68560141646411, 64.06177497154299, 105.81248806742134, 61.406868863588166, 40.34986266036548, 65.32104459238988, 33.74374885309402, 12.77683233167911, 58.42150155459399], [39.44943877237647, 19.19664000562573, 48.234399772380065, 12.829245463343149, 54.13983009329232, 44.38586376230948, 95.66306209588667, 86.35488422788242, 62.541395020086824, 14.538194900681397, 72.65565985367459, 3.0707479965165274, 15.27057120516237, 77.45411768305837, 62.85483540744772, 41.37348682218737, 43.7537451712579, 10.584869967366556, 0.0, 84.12766540675847, 45.50330623913091, 76.33560745574668, 24.689556556211887, 54.096654022847986, 55.24988747564529, 77.38103402179888, 43.050123951971536, 3.7524293084201754, 29.626619377658457, 10.084732992588519, 23.53944217132953, 65.08397463553041, 71.74666574400848, 61.779612271987226, 71.84338961442269, 19.460890044400823, 36.43865926031825, 69.66175652472513, 27.116359464023947, 70.47636665907376, 49.01078958551717, 43.11512354853347, 28.494672159368132, 29.719705933987903, 88.2305438628856, 17.291026081546544, 50.87514522948997, 35.854898846650514, 59.44239667455795, 60.86598037015679, 53.5038936390833, 13.816964961083084, 52.975674400103415, 79.70894476961584, 63.317342103117085, 95.86905163055599, 67.37077177178294, 104.33368719861227, 59.927491939902815, 37.163217766457436, 68.95293975101889, 27.028840991736224, 21.060093005867724, 52.205614113853656], [64.74945705937401, 65.58875483373235, 68.18848846571514, 78.17289802337591, 31.122101328050256, 49.22737017796981, 12.454236938787686, 3.22039477736047, 83.61470055304397, 88.71865028205886, 32.47916107338352, 84.4169013145042, 85.28370568765017, 19.717629373683575, 34.29453353174089, 85.13877133329102, 40.6144789707659, 85.78863588069484, 84.12766540675847, 0.0, 52.7512268202022, 32.95264540842157, 74.72392652504686, 33.16004683514529, 29.347116928568376, 7.233599661488062, 85.2427582694761, 84.8907668127021, 60.265956027932475, 93.55527480679162, 105.01049157698768, 54.78825952622446, 65.25860519631931, 27.833279864454337, 32.78984177092013, 64.66817873262679, 68.91137944745155, 60.41913659667123, 64.10135299025536, 75.74256262387934, 63.51781722174351, 41.018240285193684, 55.69046356782411, 79.52107953626782, 19.383279144449205, 101.25172093533902, 64.6842927799538, 48.33170658572474, 52.96953730484134, 75.26592275347411, 35.036262011331566, 94.96930407014139, 43.06917362607239, 83.11364117121063, 42.92425882979461, 11.915657964643495, 40.134587877184416, 20.212856279096343, 24.387611556046274, 47.159766652989994, 41.9343616992739, 60.90349302703974, 97.44000968068642, 43.606997578422984], [12.125678732228556, 28.33493006590902, 16.801030502462105, 47.739975002970446, 35.68736754364501, 5.030078242746235, 65.1679140187277, 53.63902751568844, 35.478273837975784, 57.07700866549191, 29.436093689560696, 47.46051646847009, 55.309179463326515, 38.33771951377604, 20.865605190361133, 32.39018547427225, 22.854093732879573, 41.54864495975856, 45.50330623913091, 52.7512268202022, 0.0, 63.98591476098022, 25.643265577732013, 39.49602813808135, 34.19230397918559, 45.607580373138546, 72.76114253589743, 44.15548245398398, 16.07218886431273, 55.4141188059335, 69.02452391509365, 68.64223972963077, 30.161174332357977, 24.948646230993127, 60.04273767041532, 31.089129073535005, 16.580511627059753, 26.5803201874379, 44.05741179292587, 34.39580360803576, 62.33306157878416, 26.310101407002403, 25.592447037914777, 28.240154164634486, 65.6958932078573, 59.41058957337011, 64.57406614635087, 26.917791165052307, 14.643845833335774, 78.36006466312541, 41.18453629209743, 50.8829809072661, 10.146373877811069, 94.93518336130641, 59.28179721601075, 64.18082102719909, 22.555545851798094, 70.93961934484018, 31.668615828323905, 28.1436146963623, 23.77597231836301, 39.371379700951124, 50.17000000316841, 48.95091957146509], [73.67120057320851, 61.913131851698054, 80.74933565151923, 66.28904238333611, 28.492698401108242, 59.087582523355636, 35.4760756286887, 36.028384848743244, 99.29080469043163, 75.36980913417145, 57.66624969325272, 75.40809688683152, 71.52987855789654, 47.84902442784475, 54.01428547852336, 93.08103918592204, 42.43992519823657, 81.92078435318811, 76.33560745574668, 32.95264540842157, 63.98591476098022, 0.0, 77.1557480509186, 25.467575887617315, 29.79378149141429, 33.15525666397227, 61.53444225909948, 78.47084747754762, 63.061206215262445, 83.76702912949084, 92.15325659659645, 24.299865504822435, 86.8623938761663, 45.15146185478663, 4.537758318179183, 59.027772561685964, 76.48606222535201, 81.93725106283357, 50.23469310865792, 95.36556466677273, 38.50853226330756, 40.00160345428977, 52.242523631223804, 83.79670220808454, 19.072799194059094, 93.18881802276788, 38.76824186888941, 44.57887341236175, 71.1700444607904, 45.9128386126958, 24.706561417165823, 89.5722152225434, 57.48820652376768, 50.710094705589285, 15.384392908240528, 37.731867406054235, 62.48463832648248, 45.721912126004014, 34.0483937635178, 42.80754242164904, 64.92468676420272, 49.35069569972237, 94.67800220438365, 24.334410374481923], [16.046568882003896, 17.991041426262345, 23.771672442730715, 32.73202635889295, 49.81202267848004, 26.88079994366557, 87.09534968305148, 76.21119644779048, 38.25598477535554, 38.84215733775885, 55.041547783262224, 27.48134815886523, 38.56671323032805, 63.010312381449566, 46.07964456651762, 19.348057485087473, 36.02036521380866, 17.269775564913967, 24.689556556211887, 74.72392652504686, 25.643265577732013, 77.1557480509186, 0.0, 51.86905385733614, 49.64954459727461, 67.5068565911781, 63.24273634713341, 21.99118282633952, 14.726053372408819, 33.25418134184206, 46.73551086589558, 73.58549855634215, 47.72821487729629, 48.17876530976609, 72.70057198496403, 22.204460483435984, 12.187639540287833, 46.1781221550933, 38.32441732091127, 45.80383256823722, 61.39901691220761, 37.56897399367019, 25.443682545329185, 7.334648483201923, 84.039715261755, 34.98379360534757, 63.61735052206916, 32.64753709895866, 37.42271047510145, 76.150329437894, 52.4492437480546, 25.953207463009935, 35.25947754299337, 94.65403972448702, 67.71436704360494, 86.5818651887038, 48.09697576293352, 94.13629950877454, 50.94588022559911, 34.43121706129358, 49.09830130491795, 35.0670190009029, 24.526739131123552, 55.964694016940285], [48.440259753320895, 37.62630757445146, 56.026721215332664, 46.200153288940946, 4.619218924868225, 34.484903384423724, 43.06065091957204, 36.05287981299911, 74.97195516265182, 56.45640718639985, 41.44007210863124, 53.7767448316484, 52.85528557253439, 36.617187516209725, 34.52695668196546, 67.63149293170606, 17.12934643208257, 58.15380878717772, 54.096654022847986, 33.16004683514529, 39.49602813808135, 25.467575887617315, 51.86905385733614, 0.0, 7.309466909845463, 28.007744486904645, 52.84876595549743, 55.63779004427524, 37.622079590760535, 62.71566003520229, 73.10849581703019, 31.359368623933207, 65.35861985829834, 26.346649626717863, 21.14843587859267, 35.356547239133164, 51.089225157951866, 60.63526681952912, 31.25204036474912, 72.55433720215886, 32.82850191341783, 14.53426153788378, 27.55836537968642, 58.39264343384558, 34.143153935437375, 71.36702938495917, 34.496408460234036, 19.63880778029302, 48.822292149259354, 47.21845334779905, 2.5222451451690895, 66.5026222337836, 34.61513638532557, 60.12040713173773, 20.359900233993645, 43.86613504807363, 43.37481992150341, 52.7473111582514, 15.417227475189367, 17.938267196026544, 45.94911911534745, 28.565274654334306, 70.73739009525256, 13.035422550813578], [44.14603969603874, 37.409996303821735, 50.95964001508284, 48.826259489779396, 2.7870175179934624, 29.30161366206976, 40.45194100517998, 31.922794864021057, 69.54288019432782, 59.37652383031123, 34.14174291964603, 55.333563501561066, 55.96438555754082, 29.88868081123727, 27.30419126566501, 64.00866151724695, 13.640514599502621, 58.01065287219235, 55.24988747564529, 29.347116928568376, 34.19230397918559, 29.79378149141429, 49.64954459727461, 7.309466909845463, 0.0, 23.25005379667603, 58.83228109148412, 56.330329953699696, 34.98976882280067, 64.44050310142259, 75.6806277021215, 38.56393924129816, 58.65229510560904, 19.0398970470198, 25.896493727143305, 35.90302905065729, 47.26186202537495, 53.862056366625474, 35.05025727938813, 66.29160544852661, 39.71828016554244, 12.546704149008983, 27.235012783382707, 55.69169363433951, 34.46912733724505, 72.50291252141864, 41.47950459029083, 19.45134458475018, 42.30605431084419, 54.406547741187275, 9.805297791133317, 66.8345455327787, 28.219773827192846, 67.41685703642437, 27.24110259379858, 40.80939966851022, 36.16311700861211, 49.47975909833638, 8.298759532220839, 18.086669711273768, 38.735885689660684, 31.62352065295075, 70.26003952208866, 20.273948640237613], [57.57121404635956, 58.68473225111191, 61.22071599792027, 71.88387659132853, 25.330137654327007, 42.01839869764986, 19.67950479949959, 8.983336960365385, 77.03749238851537, 82.4927398006016, 27.173469528294135, 77.7735383674266, 79.13969555026385, 15.305288828837984, 27.69402070558083, 77.98305900005403, 33.70945720366059, 78.76290199272466, 77.38103402179888, 7.233599661488062, 45.607580373138546, 33.15525666397227, 67.5068565911781, 28.007744486904645, 23.25005379667603, 0.0, 80.75043770526855, 78.03248718645071, 53.07842898567205, 86.91895253040356, 98.61161592359508, 52.86507137634711, 59.51460650809739, 20.755236085015536, 32.00091753023426, 57.926327552700506, 61.707059398113486, 54.60834664434331, 58.28711822333794, 69.6958645755445, 59.73562294492361, 34.35870548936881, 48.89478460973941, 72.28771757434811, 23.479162067220805, 94.43056148735481, 61.09169665649703, 41.717495921232874, 46.47385574309997, 72.47058382382139, 30.135967571960485, 87.99314152716126, 36.026722704887725, 81.81082237847866, 40.695538087525414, 19.084048225535934, 34.203810035238966, 27.05944524359857, 17.467263894116304, 40.64026767654075, 36.19900474204912, 54.85315148970356, 90.32257619020788, 39.54121024922564], [73.10294690480458, 47.12240604324748, 83.04518303681779, 31.13287632794854, 56.23914184541693, 69.00724025806355, 93.24842587422789, 88.31794151842828, 100.71021497424658, 30.82026065612878, 90.13533923856741, 40.13471289995435, 28.330736546106355, 88.5575766929786, 80.99566241594725, 82.24897959188765, 56.31071325818557, 53.55630806299014, 43.050123951971536, 85.2427582694761, 72.76114253589743, 61.53444225909948, 63.24273634713341, 52.84876595549743, 58.83228109148412, 80.75043770526855, 0.0, 46.798434293462606, 58.809953406954946, 42.70447817391099, 42.32455394332466, 39.509416475568635, 102.86530712627034, 75.25661754502889, 58.251832239611886, 43.17639427398205, 72.125599253884, 99.31880578443774, 28.74399423097734, 105.25897869118296, 23.03865057414463, 53.08713609276947, 47.17587150555289, 69.98013388310859, 79.49013376427501, 52.06499514523553, 22.862153136987807, 47.954856025219954, 87.08347185389987, 23.200798900382406, 50.628072501274644, 54.8800623158, 75.12369647162812, 40.04709851029088, 46.238601746832465, 94.69056931822874, 88.70690534593169, 103.55524685651729, 66.88362319579434, 47.567720080905964, 91.04754424646413, 33.47613173393865, 63.20293681587807, 41.6953482737081], [37.28322197743392, 19.38218521106688, 45.7247803402709, 16.38560382520127, 55.387488831047996, 43.43618676424839, 96.60697832833942, 87.01582016722737, 59.42244088022008, 18.02544454217857, 71.97395119163345, 6.7665391110756214, 18.980308224430807, 77.36732912268576, 62.258811685382504, 37.9553042853171, 44.323749097671694, 6.8545418212281675, 3.7524293084201754, 84.8907668127021, 44.15548245398398, 78.47084747754762, 21.99118282633952, 55.63779004427524, 56.330329953699696, 78.03248718645071, 46.798434293462606, 0.0, 28.601885981467706, 11.439888467895239, 25.100580001505147, 68.0454381420762, 69.48760449043125, 61.71483761307642, 73.95603399875736, 20.441921038755602, 33.99546089202981, 67.60314445438632, 29.938156131773475, 67.7627601794482, 52.26813469230282, 43.994172724626786, 29.223829663182872, 26.521679975871375, 89.76968637979026, 16.441244366655567, 54.17759624635773, 36.87912976419818, 57.76284064433293, 64.41549652775834, 55.19810791578283, 11.121874973912256, 52.114202829249614, 83.27362277648922, 65.8062703320934, 96.70496320967368, 66.33591310426571, 105.06079823593274, 60.56703221833772, 38.29891015707502, 67.80803895417223, 29.399380988624685, 17.67798092136467, 54.51557355774895], [14.585372657889973, 12.501562396758723, 24.476480949189018, 31.925038367932927, 35.2773188107827, 14.834304110410429, 72.57766707143853, 61.88195387900853, 43.1473308949559, 41.029648796532754, 43.448811805138256, 31.45622263163065, 39.369123468684364, 49.80036367342133, 33.8437737555087, 30.475965969119606, 21.349271370421018, 27.036068015055672, 29.626619377658457, 60.265956027932475, 16.07218886431273, 63.061206215262445, 14.726053372408819, 37.622079590760535, 34.98976882280067, 53.07842898567205, 58.809953406954946, 28.601885981467706, 0.0, 39.64039111799729, 53.163539883834865, 61.84744506279118, 44.74477420224958, 34.454986011716464, 58.67115295980409, 15.824134463389482, 15.031792462257462, 41.799698356399915, 30.804395940733038, 46.4520848235242, 51.9858153767968, 23.143008796022915, 13.561808785051454, 20.79958779520496, 69.3305737820643, 44.4677011706243, 54.262638108039525, 19.19510882258357, 30.51038313314258, 67.636842216991, 38.42621593994439, 36.540801349722685, 23.52176894535118, 85.4012313860848, 54.6984093436683, 72.16103091626536, 37.77090369791878, 79.90304319070182, 36.29197700931836, 20.944842647036715, 39.32642620286844, 26.492666292537635, 37.52427966344259, 43.158958146538296], [48.71346976731579, 29.204405454535667, 57.02546072195592, 17.592879815754245, 63.14547694951264, 54.43251839049177, 104.89066442263663, 95.87042095589672, 69.95930090279623, 11.905011017752464, 82.74014795372557, 9.145586624692125, 14.958363541902447, 87.43407902837654, 72.93897894728055, 47.84734756302907, 53.44402143139424, 16.564443117635744, 10.084732992588519, 93.55527480679162, 55.4141188059335, 83.76702912949084, 33.25418134184206, 62.71566003520229, 64.44050310142259, 86.91895253040356, 42.70447817391099, 11.439888467895239, 39.64039111799729, 0.0, 13.669985743701828, 70.29625150355525, 80.8815849474536, 71.7629135207192, 79.34777756671068, 29.084847253849958, 45.35162889675588, 79.03871097620804, 33.60267497727637, 78.86923562175598, 53.20800466937167, 52.56654805379683, 38.17039088879888, 37.134578581392155, 96.70056399886141, 10.045269669322021, 54.81122440780594, 45.226877114242576, 69.16170624539981, 63.06415649579179, 61.896446635677314, 12.908669126637728, 63.04220630823544, 81.57475274920141, 70.00487948559856, 105.20824049389896, 77.40664902156742, 113.76705034287485, 69.51283061601856, 46.41462843796222, 78.95714057198035, 34.633108583134025, 21.399155183384966, 59.44081091888451], [62.33970860310773, 42.230256791578654, 70.48757742991585, 26.92995737627825, 74.11001100159059, 67.89696143216051, 115.93183888019084, 107.48305972133389, 82.62242093134067, 16.84098648435783, 95.99641753529079, 21.906697507101796, 20.64544965088611, 100.12741614398335, 86.15097041353192, 60.10999296424738, 65.62725631172329, 29.67579441532787, 23.53944217132953, 105.01049157698768, 69.02452391509365, 92.15325659659645, 46.73551086589558, 73.10849581703019, 75.6806277021215, 98.61161592359508, 42.32455394332466, 25.100580001505147, 53.163539883834865, 13.669985743701828, 0.0, 75.87497168849055, 94.44084654682182, 84.50234431704118, 87.8975004175351, 41.51205745967305, 58.88836595914138, 92.67136298995702, 42.35774658291487, 92.0888463244639, 58.05513