instance_id,num_cities,city_coordinates,distance_matrix,best_route,total_distance
1586,90,"[[17.578406488018107, 27.3844552156987], [28.478104472465272, 59.04221904784238], [25.374582850488636, 27.755769597852964], [83.17336864693374, 59.42055235634339], [58.01367732489885, 10.583618312270293], [4.26313759861624, 87.01005760595862], [94.67964947681838, 78.94604704742846], [20.26321305909107, 24.280002046502414], [21.548719859196986, 78.01336678470354], [22.59603229327044, 83.13211168632063], [4.652346127523554, 28.42729481719345], [78.07764154271459, 59.177914862495996], [18.99059779433392, 42.6883529270109], [31.07558963999846, 35.15580848601214], [8.29859723664127, 26.984443996174534], [69.17941651243243, 3.916042259162844], [85.50567198215674, 65.88194171859408], [78.69506928007308, 4.844300460638529], [82.28629762564816, 75.29561028415772], [4.152198695553921, 44.11947760215046], [34.657489747935685, 80.04554530608668], [43.91622135815836, 36.514458814563], [61.73092408098986, 65.00836916137456], [19.02167889060079, 52.28846017865163], [50.97994373936729, 43.19264799179394], [25.315512395255723, 25.574700264964434], [55.39962223872664, 60.475281371695345], [17.734703102112583, 87.38587285551269], [61.328609611836384, 24.03692543430602], [32.36306297562047, 76.48272868643205], [9.505703567130519, 0.037380913728723986], [59.45493757956866, 0.9423795439821525], [79.58312906880678, 99.5676507267557], [28.38040623980588, 52.27232553011333], [63.19769495393754, 83.41351313381924], [34.85267313840033, 29.452498842442797], [29.05768347562051, 31.158015165778373], [73.54587886789628, 35.7547310079951], [55.75994305058477, 12.634482948976778], [59.42042028376891, 56.630722982247924], [86.40843886813548, 1.6925392323736577], [94.35891303272992, 28.05303211024914], [87.5767017747496, 56.01197655176661], [87.5243747653422, 1.4166969501272497], [94.04419900456247, 32.7987679420569], [54.230155187486936, 62.09909348240102], [82.10182921273721, 43.83129902002594], [66.97397015017714, 72.86903198708849], [27.63961799684832, 43.39510961231186], [11.291789694857279, 8.383443573022408], [36.17973223639888, 41.8224830631891], [96.23240520137017, 38.74490381962179], [8.853251041129774, 78.22602914130455], [85.35764970942586, 45.00102870904852], [42.24037825987166, 16.746757512907617], [22.078798230213646, 39.98114828161077], [84.75522506480443, 69.48377457508403], [80.74256828769448, 24.167323313277144], [29.115749727238025, 4.24683939185071], [89.36158779714106, 89.18356087048511], [77.76071166168718, 84.00825557230165], [16.730385624634494, 45.874055301773744], [95.88152178269212, 5.077022515249441], [4.508495456307815, 83.29301560830802], [94.94148553811725, 3.160082785666052], [24.318442656354044, 59.607468718879545], [64.71340625077548, 91.59677354712316], [69.7251310241228, 55.620114492339766], [45.49341360722894, 92.91447496669612], [80.85052912491555, 9.66689909734163], [91.02553585633986, 99.35830118059008], [54.82480318381457, 83.45983873805837], [57.42160795945487, 77.26902154956277], [27.79045464772357, 87.5909993278949], [17.797929369796627, 68.72496766727936], [20.60311502181069, 2.365696957613872], [13.855837370113589, 65.78386599008445], [30.51914165125692, 98.54882728623356], [83.70878036856226, 39.223180268881805], [83.31572911547813, 49.09643089632162], [77.8523334496348, 5.626606825987124], [13.474305094440775, 37.81152681511816], [34.99709870604873, 27.462108923654803], [85.63621140454188, 33.55577343778652], [47.6413933103242, 84.71214390329915], [17.389360779104845, 73.09101138167348], [71.72435901976966, 75.54521247101374], [91.20981775519942, 57.054273486940154], [44.02506123969167, 81.48605574488143], [31.10375149318131, 52.083918563430906]]","[[0.0, 33.48159833406921, 7.805013788914073, 73.00007247006263, 43.78674740497975, 61.09426197277812, 92.75343348167725, 4.104365456901885, 50.784348720127085, 55.97300930527149, 12.96805887084086, 68.34457929138158, 15.368915688620998, 15.574590995917474, 9.288426600758836, 56.68712942316102, 78.07797297927124, 65.1406558703535, 80.51453257315296, 21.45516324714095, 55.36140798884324, 27.875391617859936, 58.00865203044544, 24.945791196569434, 36.95350659409005, 7.945943669666832, 50.253827083596676, 60.00162120658873, 43.878083698045316, 51.27598390341546, 28.51369855571833, 49.52602570457662, 95.15776025373887, 27.130965471666205, 72.25216129174875, 17.39761744465673, 12.083606864464906, 56.58992385073097, 40.93154548936163, 51.04995883207445, 73.468686556534, 76.78341735248868, 75.6260293873444, 74.61074284304897, 76.65723845457791, 50.4822423503256, 66.58656584654848, 67.1473635638426, 18.9094957953195, 20.01399495725858, 23.547101047098803, 79.4701913051829, 51.584823124686686, 70.03120356893307, 26.858396528677364, 13.37647943331948, 79.27848159886754, 63.246037611326095, 25.85458479712166, 94.7204021243041, 82.63270915830525, 18.509037001630315, 81.4186675065128, 57.4159359372541, 81.0670476811683, 32.92036887364192, 79.65506906739411, 59.30036538362096, 71.22802195085654, 65.70596089994973, 102.83343481292893, 67.31821970314101, 63.843172397768456, 61.06647100946616, 41.341095293363, 25.20093503207541, 38.579428049902305, 72.33139345234963, 67.1817070374475, 69.23009081449142, 64.08081021588272, 11.205689197375733, 17.41886530991155, 68.33703226402126, 64.73211773872829, 45.70694711784485, 72.46545877158354, 79.38439923212425, 60.2196706016687, 28.160228109421624], [33.48159833406921, 0.0, 31.440002634300452, 54.69657264589084, 56.75020747954142, 36.99411594178809, 69.12891529599244, 35.719688853372986, 20.197049724462516, 24.797614813821635, 38.79356063008312, 49.599722690123485, 18.906658088241475, 24.027224948459406, 37.880251497898094, 68.52366138139092, 57.4362713125183, 73.88611462022955, 56.20937979635578, 28.538358469297783, 21.893481136926468, 27.309987808573734, 33.7837972864845, 11.620552639548333, 27.523474945112255, 33.61661497130722, 26.959632535759336, 30.311439823498315, 48.00548165451251, 17.867967960150846, 61.980020323856785, 65.84189805678184, 65.22295724478415, 6.770598436331504, 42.41945236122586, 30.268575577825818, 27.890226566978832, 50.72880235293848, 53.832858794833875, 31.036143784961894, 81.51631381589179, 72.80529268952456, 59.17623317416031, 82.50553213290449, 70.62316530808896, 25.932847844725924, 55.73935721833434, 40.90369702524868, 15.669559446814729, 53.49468149492292, 18.863572768575843, 70.72924623334139, 27.44364119251346, 58.58700958824988, 44.478154708268626, 20.106604366163122, 57.23757842530687, 62.831779621384264, 54.79908961940152, 67.93599214419015, 55.245618388319095, 17.646796722662017, 86.34502360818468, 34.09755548722737, 86.83429147463869, 4.197891567801792, 48.7113550787889, 41.38874241798043, 37.9058104514848, 71.97772630606568, 74.41483488696966, 35.921702135653845, 34.20442549639007, 28.55706073390928, 14.416024453741466, 57.22100676405547, 16.101568206431264, 39.559296344436255, 58.678972878379966, 55.73225079290179, 72.73954987574214, 25.99723616957512, 32.24593991921012, 62.58280992327717, 32.03399258862382, 17.89773177629367, 46.28809052332449, 62.76320402067022, 27.302631199306838, 7.43720161813272], [7.805013788914073, 31.440002634300452, 0.0, 65.90415849311587, 36.880798091749774, 62.90281208316795, 86.16052904575577, 6.1811860686629565, 50.40300886478768, 55.44600622495738, 20.733114597735018, 61.359299283389326, 16.239991073872304, 9.341416057552795, 17.093397200911433, 49.871796155078, 71.19938820482231, 58.034556008580175, 74.15510590059425, 26.798517288639946, 53.10737240801939, 20.5062672211208, 52.053239302744, 25.34190789693559, 29.898690954605996, 2.181869096336497, 44.4079884816218, 60.117526372005756, 36.14584128594128, 49.225556334889944, 31.93948028622224, 43.3639073959087, 89.97506740411586, 24.70013135648103, 67.29318111596048, 9.628763453073937, 5.014030825524999, 48.83090357179208, 33.93999741318593, 44.64170672683035, 66.36583124972434, 68.98497065081467, 68.31922738212356, 67.50069172239475, 68.85454244309145, 44.856526284752704, 58.96103057144094, 61.365425665512156, 15.802510569593045, 23.950199971537288, 17.73763459336406, 71.70489564355518, 53.105569417324766, 62.4128774502186, 20.14083915524967, 12.661835578798238, 72.57607780229243, 55.48414871034721, 23.80475013585255, 88.70011467116028, 76.8677349095772, 20.074720982578178, 74.06452596774092, 59.327727898238265, 73.78686711951643, 31.869204084916714, 74.98811113616404, 52.37740772223037, 68.19401906591274, 58.35055998897843, 97.14406909139308, 63.00998965607143, 58.97943656197647, 59.883980774390494, 41.66390366274353, 25.83452523110743, 39.73433795419914, 70.97974008211742, 59.45065270941651, 61.746257013335345, 56.95273613207638, 15.579950702222025, 9.626995792150112, 60.540101755199665, 61.154226526678706, 46.03311763422917, 66.5742638041875, 72.06025593277688, 56.875161481860324, 24.993643300402685], [73.00007247006263, 54.69657264589084, 65.90415849311587, 0.0, 54.93683822577729, 83.59429025966665, 22.66361492497969, 72.05932245147075, 64.36839353735141, 65.05268423027513, 84.41642606970397, 5.1015005316175595, 66.32793206530934, 57.471352625010006, 81.5986061112331, 57.24143025353866, 6.869438939105482, 54.759678927132626, 15.899822615622638, 80.4889320908052, 52.71793660149461, 45.451212685663265, 22.158567769830363, 64.5469289542414, 36.05220502748872, 67.03039037504809, 27.79376625869948, 71.1637414622659, 41.58358512032597, 53.59855430448965, 94.62180472223632, 63.10515563541329, 40.30731109602713, 55.257269893726765, 31.22002092181481, 56.85924591339926, 61.051440523617146, 25.549161621027974, 54.225752124958916, 23.91622260892678, 57.81858852114369, 33.302218088225736, 5.568458642215711, 58.16681610873727, 28.755770865429596, 29.06689161095635, 15.626036488595663, 21.05426598186899, 57.79976017604308, 88.1575173516368, 50.18061284930873, 24.454465402951364, 76.66241476793076, 14.584023655180273, 59.131738249158225, 64.1126895800223, 10.186791013391503, 35.33693462015866, 77.24224728447038, 30.3995186156601, 25.17641763786068, 67.80986340755311, 55.80964425358537, 82.20740097955694, 57.478074180313925, 58.85522280208611, 37.09554450045938, 13.974921220448435, 50.41450052933653, 49.8078467318356, 40.702337906231996, 37.16891784218179, 31.33242778730182, 62.13566806288402, 66.03423509784164, 84.6775835937833, 69.60899297299376, 65.6009871838933, 20.204467450319736, 10.325102925602545, 54.056470392487064, 72.97197712091797, 57.81258593124318, 25.981770204405375, 43.6140559258076, 67.18941241831038, 19.775856119433527, 8.377576616034531, 44.93858489807515, 52.583944564378726], [43.78674740497975, 56.75020747954142, 36.880798091749774, 54.93683822577729, 0.0, 93.43511729525743, 77.57457815814998, 40.158292788406335, 76.65809873738756, 80.73223315647263, 56.265695218030714, 52.573456395267264, 50.53231362931762, 36.46166614478715, 52.35051357241568, 13.005010650822046, 61.75527784558235, 21.462985407570972, 69.1144123988186, 63.44850461949456, 73.28349609444521, 29.515195304953192, 54.551548359627205, 57.09351781945282, 33.358990164456245, 35.970856646437205, 49.96009734606951, 86.72359579356058, 13.85569372448735, 70.7152512871259, 49.64117888760034, 9.748369920598678, 91.56090472071016, 51.147620322920645, 73.01416039711793, 29.874182288205397, 35.52119628735902, 29.577596236225318, 3.0471895145053294, 46.068587717013926, 29.754222730601537, 40.32563176321993, 54.20062865833279, 30.90167812079312, 42.328611666135686, 51.654227530461064, 41.05663568555561, 62.92662079087009, 44.71216211945735, 46.77366302308871, 38.11283024197795, 47.47345744647562, 83.61963438789807, 43.9573766754345, 16.93461686018376, 46.42768897810783, 64.68646522503394, 26.478661710007767, 29.584539653777295, 84.62057941854559, 76.03369464826422, 54.311371889496854, 38.26612393686343, 90.2743648105267, 37.66658863166395, 59.48703008268194, 81.28971453256923, 46.53433287290664, 83.2774096679983, 22.855243911517235, 94.71392253555241, 72.94595548648141, 66.6880315428023, 82.72593257183448, 70.69457467450754, 38.30253781702406, 70.68933563957478, 92.16196331319226, 38.47678299300852, 46.080696153025066, 20.44857549343392, 52.202630969355894, 28.54201003146596, 35.92665166825072, 74.85066854730705, 74.54870410104891, 66.39270673939538, 57.10959229263773, 72.26919823731721, 49.46128818788508], [61.09426197277812, 36.99411594178809, 62.90281208316795, 83.59429025966665, 93.43511729525743, 0.0, 90.77540353261536, 64.73841429347301, 19.486708285920415, 18.73855630620772, 58.584055674250685, 78.88731940055887, 46.70451358770697, 58.3761144327446, 60.16111055924106, 105.44542974671737, 83.94490260885807, 110.8662441913533, 78.89766648424451, 42.89072347843157, 31.182063340194585, 64.20414744347018, 61.5355245171131, 37.72802498105598, 64.05017846413863, 64.94232530633492, 57.61106153466251, 13.476806528877308, 84.9828422188858, 30.007173481904406, 87.13053993259409, 102.24372837547291, 76.35963763702043, 42.28891907443982, 59.04419685970614, 65.1812262492452, 61.10826580738947, 86.18124356523238, 90.46351240867322, 62.97007071132468, 118.43533873843181, 107.67162860464208, 88.89336873340412, 119.40961855266522, 104.87851502668097, 55.83241872148911, 89.01273563496676, 64.28543478007636, 49.48457865130752, 78.94014431564156, 55.32256236230285, 103.86467760218441, 9.911018993171005, 91.32950456096691, 79.86990765118645, 50.29031791486292, 82.37807197029325, 98.98642620029318, 86.41413436916302, 85.12620244455708, 73.55884860848398, 42.9837522665502, 122.91033544692776, 3.725131097106428, 123.50457911511178, 33.95757851604253, 60.62402942104029, 72.59890572121105, 41.650904001187804, 108.84664766951583, 87.63670960739152, 50.686152751608844, 54.0436004958604, 23.534488326995827, 22.749397845982692, 86.20709165583511, 23.293155634647107, 28.67962612285446, 92.71027883012057, 87.67414280054025, 109.72071730924662, 50.053381889872455, 67.01145094402494, 97.3598358490621, 43.43907775235559, 19.13210868612717, 68.42849603492802, 91.9623520384098, 40.1438061000685, 44.048311462019726], [92.75343348167725, 69.12891529599244, 86.16052904575577, 22.66361492497969, 77.57457815814998, 90.77540353261536, 0.0, 92.33732985719764, 73.13687687623784, 72.20506217312794, 103.23303577462897, 25.814835221728774, 83.925281813787, 77.22086130697794, 100.80522991281894, 79.2449588287174, 15.963480545151716, 75.80617159096624, 12.919785550447152, 96.99540857319501, 60.032229301770066, 66.16166045620236, 35.775373793506496, 80.21692745855673, 56.4621096450643, 87.52076422451903, 43.40610238748775, 77.40643017396654, 64.24409308567044, 62.365253871918966, 116.10847795413618, 85.5882729831164, 25.556906439096913, 71.46381653245109, 31.797353880689336, 77.64585250814672, 81.17843564016232, 48.08457176027207, 76.88931708298153, 41.72753205525122, 77.69502812061994, 50.89402559498044, 24.00882036998719, 77.85883432666193, 46.15165399128999, 43.817592730373136, 37.29942481625555, 28.36432229041045, 75.88303481906185, 109.23651481122175, 69.28491408689085, 40.23111938739407, 85.82941858259737, 35.20176060449558, 81.3549554997337, 82.39627987695833, 13.712359397662595, 56.52389588496802, 99.39112925580505, 11.536397587901014, 17.66002298813836, 84.67493355841525, 73.87880130575545, 90.27587248573073, 75.78641657452954, 72.97040521335741, 32.527167322907786, 34.15885128001923, 51.13123094112505, 70.64591219877788, 20.736746734918185, 40.1096383487231, 37.29576480285765, 67.44553050288911, 77.55816752805433, 106.54521564454457, 81.88853163689178, 67.08829821604377, 41.21002443698201, 31.939603478241587, 75.22565306505633, 91.02942771984723, 78.82006566375121, 46.28240173678607, 47.39035150888849, 77.51174214029231, 23.20584055326611, 22.165050909033532, 50.7182309791656, 69.01788718235746], [4.104365456901885, 35.719688853372986, 6.1811860686629565, 72.05932245147075, 40.158292788406335, 64.73841429347301, 92.33732985719764, 0.0, 53.748739648680825, 58.89832641626195, 16.152374552397372, 67.53052983503615, 18.452287981494607, 15.335926872446798, 12.266459882050828, 52.98571334340105, 77.3776442572935, 61.579447200866184, 80.30850081409947, 25.557182437531267, 57.5933244085769, 26.629809124462188, 58.12375542959612, 28.035961442973285, 36.072229212187246, 5.215550983270947, 50.444677573233804, 63.156506340724974, 41.06611596284245, 53.586668460035426, 26.522230107154016, 45.61398793088743, 95.84926958094657, 29.145479909312833, 73.07627432411097, 15.479246380550057, 11.164666335190844, 54.50423727044108, 37.358211348241014, 50.792283101853634, 69.895524704441, 74.1917010887703, 74.4179008644817, 71.0407952799263, 74.27114688402966, 50.8334224166606, 64.85574501264244, 67.40021260047789, 20.48898941036954, 18.253410872521577, 23.6870053603747, 77.3340257458288, 55.13946928076516, 68.31285844388591, 23.23242482964999, 15.805769282444228, 78.75659123756452, 60.479460194056955, 21.9019408137411, 94.80009145279432, 82.90613134622608, 21.881133555488926, 78.01847881813359, 61.07984034351515, 77.60731518378873, 35.559454278355204, 80.66825521879628, 58.55496543331964, 73.12491977932049, 62.324679268030614, 103.1700408477654, 68.53288687038228, 64.71925910783507, 63.756895648220876, 44.51328557521614, 21.916940956099392, 41.995537685176366, 74.97361184961899, 65.18158165161715, 67.76042297609341, 60.534749859971186, 15.139069783713712, 15.073592486041461, 66.02778844984647, 66.34461939953394, 48.89553823453975, 72.63863533585754, 78.15096663738304, 61.94479807618824, 29.84250403738461], [50.784348720127085, 20.197049724462516, 50.40300886478768, 64.36839353735141, 76.65809873738756, 19.486708285920415, 73.13687687623784, 53.748739648680825, 0.0, 5.224788292590986, 52.385742129395034, 59.584337168546725, 35.41751815902571, 43.90366216098698, 52.721122052460316, 88.08573531234117, 65.0973363433036, 92.84081817211808, 60.798351567554555, 38.0976990449065, 13.26535327605991, 47.14302160468963, 42.234340284946576, 25.848728323595658, 45.59253662979934, 52.57378122579842, 38.12437582259436, 10.118823739480543, 67.05144181585544, 10.92212754126302, 78.90049818576206, 85.88840676205174, 61.907833176126026, 26.632182480478615, 41.99760358680227, 50.35030355579708, 47.4532244418215, 67.00370767863866, 73.78893036124323, 43.49118472784128, 100.1581343086568, 88.30265721228704, 69.5970945372184, 101.09320882256065, 85.4397708623893, 36.35024497658272, 69.53483162452335, 45.7156159808456, 35.15000383751177, 70.38132438978931, 39.03647765521389, 84.37810758679488, 12.697249851382464, 71.84284232860482, 64.66639110877551, 38.03591233750561, 63.779434330894496, 80.0206728870901, 74.1536277239646, 68.72669273203152, 56.53075900763137, 32.49848746315342, 104.13969347559024, 17.839392910113503, 104.83087417093046, 18.613125690828902, 45.25150926274911, 53.12649377628308, 28.202683981112273, 90.48726002884202, 72.68173213033346, 33.71886383266158, 35.88060967267279, 11.431985755007807, 10.017124710212128, 75.65357968250319, 14.447876337940977, 22.40923035575661, 73.2704012030792, 68.20082560818682, 91.70572457956027, 41.004684009677064, 52.3095456388477, 77.99797547869107, 26.9388422674728, 6.444365808276568, 50.2363070984341, 72.745805047032, 22.743031690315146, 27.63394496965823], [55.97300930527149, 24.797614813821635, 55.44600622495738, 65.05268423027513, 80.73223315647263, 18.73855630620772, 72.20506217312794, 58.89832641626195, 5.224788292590986, 0.0, 57.5725009175349, 60.431883227171866, 40.60414733136707, 48.71989903072849, 57.939427303362294, 91.89775481913772, 65.231826049107, 96.31242566436944, 60.202479431297135, 43.152759077092774, 12.450126423064559, 51.261642785168895, 43.12783090241204, 31.050069896438366, 48.998032503216734, 57.6216207820672, 39.8673735429782, 6.45964438567091, 70.6572967491609, 11.815632976238476, 84.11950420876205, 90.0762508574466, 59.3098317520292, 31.397219360322367, 40.60263781560582, 55.06111222882372, 52.37422691676707, 69.57372396182977, 77.90866854405535, 45.369143193575084, 103.46220176643041, 90.46334096733935, 70.41298982416318, 104.37000843958349, 87.3972883954805, 37.98822957249792, 71.31264784911588, 45.549228021386526, 40.05579971214046, 75.59860637231208, 43.48565649873525, 85.97987925824422, 14.592247341746248, 73.43704861792496, 69.23088600606673, 43.15406323662461, 63.63994305395537, 82.81223288879883, 79.15423488602137, 67.03923805480603, 55.171636534809856, 37.71695343470035, 107.0670813798901, 18.088252510969404, 107.8396495343408, 23.587613787842827, 42.95955876745068, 54.57162208313073, 24.899492010602437, 93.75886017786281, 70.32699469899215, 32.23043713845075, 35.315669984199424, 6.8457068734080515, 15.185110814532917, 80.7909986779489, 19.42556655626172, 17.33351614033378, 75.25132713471191, 69.6082548913527, 95.18593436605018, 46.22944213548045, 57.03451284765531, 80.19898687959999, 25.0951511308708, 11.31075256490073, 49.71069831182099, 73.40235146484535, 21.49215628430303, 32.19272560968997], [12.96805887084086, 38.79356063008312, 20.733114597735018, 84.41642606970397, 56.265695218030714, 58.584055674250685, 103.23303577462897, 16.152374552397372, 52.385742129395034, 57.5725009175349, 0.0, 79.60448881802229, 20.222839545236475, 27.266475641546105, 3.921347426900239, 69.02567865963033, 89.10729979223977, 77.70767320327121, 90.68444971396168, 15.70015120978798, 59.70554770886609, 40.08807952056581, 67.79483063895384, 27.853777777222547, 48.62367689568113, 20.859140343920007, 60.01965907020981, 60.39256567087673, 56.84605690689062, 55.47259280578264, 28.801775811271217, 61.308601333217275, 103.32266194370376, 33.6393568070523, 80.31837942818646, 30.21772319115523, 24.55763271768254, 69.2821057314158, 53.49204959575752, 61.60337090651273, 86.01631157165244, 89.70734762822984, 87.39201008047202, 87.16275309834927, 89.49867673922098, 59.9312036967093, 78.96648514178453, 76.54444998495333, 27.43082477314919, 21.114880619654617, 34.255030915235864, 92.1594285762245, 49.97560947478842, 82.38953016837175, 39.361086256596714, 20.908676733944215, 90.01169781839889, 76.2093778061358, 34.39698446462291, 104.24480557313166, 91.83722725310125, 21.21953085014097, 94.17004676273945, 54.865909369517894, 93.75799005605755, 36.86405562632339, 87.16486669604862, 70.52600070955462, 76.33209807490071, 78.47366143916997, 111.765538372319, 74.47050649396238, 71.90347185279973, 63.52728545532344, 42.38760191273012, 30.55542359898486, 38.47359693150229, 74.74035340077862, 79.79016817624621, 81.33351713387992, 76.66883015169586, 12.87985909103221, 30.3600986964963, 81.14608880388589, 70.8240242737643, 46.44436585407109, 81.96800032604077, 91.16852418644302, 66.07149768610896, 35.48679603584119], [68.34457929138158, 49.599722690123485, 61.359299283389326, 5.1015005316175595, 52.573456395267264, 78.88731940055887, 25.814835221728774, 67.53052983503615, 59.584337168546725, 60.431883227171866, 79.60448881802229, 0.0, 61.34479922330213, 52.78498345011323, 76.8474761504217, 55.97368106812847, 10.005978827509256, 54.337122402466186, 16.658117892783356, 75.44353937132445, 48.17434568535326, 40.995546941861825, 17.355384441284144, 59.45646567538812, 31.461309304749182, 62.55412299329986, 22.715098930254342, 66.61050302904248, 38.928385640991294, 48.8802544495025, 90.55226906860281, 61.14067939377877, 40.41778390604668, 50.17471834280879, 28.439005503952203, 52.45949152554952, 56.463006189130404, 23.857544190939436, 51.617542757031856, 18.830297171846656, 58.08588981339189, 35.126032051353306, 10.012757396400504, 58.52861747299047, 30.834888510137375, 24.025733911623995, 15.865456319309416, 17.627768052500702, 52.84970350700749, 83.90726023784298, 45.350257079543105, 27.333191979347394, 71.79726246796919, 15.936832179426172, 55.54018863516156, 59.19785722050269, 12.280100411235688, 35.111869149652854, 73.58457652600957, 32.05723374574821, 24.832363244655554, 62.773230663156355, 56.95511131029263, 77.42065189510951, 58.50116874806175, 53.76091499796858, 35.0654414395732, 9.07867696512384, 46.90295723955997, 49.588603404823665, 42.2150614334279, 33.620028537223725, 27.45832960242821, 57.75902124040581, 61.03105698664538, 80.81428897214832, 64.56065923984976, 61.740421581030624, 20.73405790426833, 11.361068628442084, 53.551782007304546, 68.04493822790931, 53.496032726287616, 26.71378126630405, 39.72860504940844, 62.26268285895391, 17.557124759542724, 13.302778084585388, 40.70910678118817, 47.50653775931046], [15.368915688620998, 18.906658088241475, 16.239991073872304, 66.32793206530934, 50.53231362931762, 46.70451358770697, 83.925281813787, 18.452287981494607, 35.41751815902571, 40.60414733136707, 20.222839545236475, 61.34479922330213, 0.0, 14.240303847369256, 18.998200747273465, 63.42089244753876, 70.44286802256582, 70.68802036037638, 71.200975059974, 14.907253457644986, 40.50939799519501, 25.67885664427447, 48.217409882656185, 9.60015756524601, 31.99332067015532, 18.245044591508233, 40.52149904049345, 44.715160284144844, 46.26427338859442, 36.34394940005384, 43.692889949956566, 58.138533589620884, 83.10661444457972, 13.417191714351947, 60.10662287259899, 20.658975472390143, 15.30669471187265, 54.994125194708275, 47.489155090714746, 42.76634458641975, 78.90387845687796, 76.7761392444539, 69.86825177222154, 80.00142606845293, 75.70235759736052, 40.23186863885386, 63.12157996215552, 56.685777856239255, 8.677848551093748, 35.15819181837903, 17.210928896734732, 77.34240494300812, 36.9552733707474, 66.4073343025703, 34.83559478930602, 4.106816154181211, 71.01394807586703, 64.46963934881035, 39.7525931800467, 84.3438236961195, 71.84191421863683, 3.906054105184288, 85.59688292879694, 43.109974711091915, 85.62138453351423, 17.73816253314907, 66.95228764350226, 52.35669316550721, 56.789634451698944, 70.12180486303282, 91.65432524796837, 54.28079154853888, 51.69879287463464, 45.756804242024714, 26.063916917916483, 40.354885655088395, 23.65942704844605, 57.037706117079864, 64.81088316989515, 64.64353009190644, 69.55772385875827, 7.362942216025687, 22.09177625014486, 67.26843109221545, 50.861253343953834, 30.444795960718903, 62.13230071448828, 73.63419997046259, 46.17343504593038, 15.329877565074575], [15.574590995917474, 24.027224948459406, 9.341416057552795, 57.471352625010006, 36.46166614478715, 58.3761144327446, 77.22086130697794, 15.335926872446798, 43.90366216098698, 48.71989903072849, 27.266475641546105, 52.78498345011323, 14.240303847369256, 0.0, 24.198400372098362, 49.27296029499968, 62.503832900075075, 56.44822725262301, 65.06719834744614, 28.376334223627445, 45.0324158818822, 12.912310158785896, 42.78930834408554, 20.94813878070669, 21.46564933457071, 11.179272096555795, 35.11031570739344, 53.906946469438566, 32.23158044114409, 41.34696991125001, 41.21363779559162, 44.45161537499535, 80.63415406813562, 17.327410922630076, 57.97099022506668, 6.840621363906263, 4.478202398233052, 42.474512066516226, 33.41447900602141, 35.56123418618463, 64.66463169960261, 63.68067565496718, 60.227530406374115, 65.76315829823041, 63.012708285177744, 35.52568805934059, 51.75848974748291, 52.06708125193609, 8.92703669659623, 33.289011149381594, 8.396238536533295, 65.25559148005901, 48.46520648979375, 55.167657251518385, 21.530110604843877, 10.209121402655843, 63.71744278572826, 50.86802113688039, 30.971040391751053, 79.47487407283107, 67.57264390638184, 17.90714083950864, 71.44607901318565, 54.98182611463449, 71.43233946862678, 25.368143871835873, 65.70452985426364, 43.732995204122, 59.530976823641424, 55.921633582639686, 87.84051525087703, 53.82661500169201, 49.675299655111736, 52.53799911056887, 36.099649726668446, 34.42185553791928, 35.136843550736955, 63.39546093348798, 52.79011535779647, 54.06822658090788, 55.31760580602504, 17.800507225841553, 8.635464452531316, 54.584077893549875, 52.25185385452303, 40.32855662142832, 57.302935407826084, 63.997407450676434, 48.10593129520752, 16.92813350263937], [9.288426600758836, 37.880251497898094, 17.093397200911433, 81.5986061112331, 52.35051357241568, 60.16111055924106, 100.80522991281894, 12.266459882050828, 52.721122052460316, 57.939427303362294, 3.921347426900239, 76.8474761504217, 18.998200747273465, 24.198400372098362, 0.0, 65.10472574546111, 86.45199662139242, 73.79599739779802, 88.3637289670293, 17.62957734999497, 59.247545828014964, 36.87053471947999, 65.58073220824869, 27.482316407474574, 45.65526493241909, 17.075209483434413, 57.793968062079394, 61.13405517511553, 53.111863817662304, 55.037975058865364, 26.974085980111003, 57.40348663812645, 101.73399814135539, 32.29173277038731, 78.72833526700747, 26.66852530082174, 21.17447420327423, 65.83407700072976, 49.58327065177151, 59.096045970791714, 82.10254445678453, 86.06694972798819, 84.42520657612387, 83.24922530593226, 85.94250744242102, 57.81649093755552, 75.70160879606257, 74.48620544529318, 25.365035580724744, 18.84028709531855, 31.58362063204532, 88.71675714563025, 51.24458692416637, 79.13719032616417, 35.45214695273883, 18.942234865673317, 87.47461939619792, 72.49872488939268, 30.827787805149537, 102.17601762916689, 89.87046470931271, 20.68604531312157, 90.28124826331398, 56.435982391591736, 89.85872400780474, 36.34414931360637, 85.77519341920267, 67.77330357824944, 75.69823874183383, 74.59008098965897, 109.91688485914052, 73.1721125230807, 70.29657831072844, 63.66385987756984, 42.80781035411716, 27.522424741911642, 39.195383209793675, 74.93472859608144, 76.39687418698975, 78.20812003877269, 72.75905050077913, 12.000569744705945, 26.70277409736481, 77.61629297907275, 69.85945132523183, 46.994228771824105, 79.88100833512988, 88.19560722326649, 65.16752192133778, 33.91251515616227], [56.68712942316102, 68.52366138139092, 49.871796155078, 57.24143025353866, 13.005010650822046, 105.44542974671737, 79.2449588287174, 52.98571334340105, 88.08573531234117, 91.89775481913772, 69.02567865963033, 55.97368106812847, 63.42089244753876, 49.27296029499968, 65.10472574546111, 0.0, 64.08056892287274, 9.560821663586987, 72.57294994659402, 76.4516531566293, 83.59105611071594, 41.241796654878215, 61.544719073434386, 69.68277734647339, 43.28824975780482, 48.919725581948484, 58.21366041758825, 98.0498401714826, 21.598266336403164, 81.37178790453817, 59.79963236100083, 10.168980305781256, 96.21573383492608, 63.268391563294, 79.72219808980559, 42.78359411616091, 48.49617046450142, 32.1367094573589, 16.0029208601129, 53.61040543707785, 17.371907697298422, 34.87981255808461, 55.24894998859582, 18.514432755955575, 38.111274594983634, 60.07285463341548, 41.9549338252681, 68.98825107274574, 57.30751800409612, 58.05975381509914, 50.25810797022748, 44.101176793838604, 95.71426430211466, 44.15553579069775, 29.838549493827795, 59.32250934491638, 67.39238334643196, 23.319967052088106, 40.0650324225263, 87.62345443942223, 80.55061303203068, 67.16677526540252, 26.727332471068888, 102.38667847097298, 25.7731580371851, 71.51253006595265, 87.79439553211087, 51.70695204536665, 92.09640469650613, 13.01104238662262, 97.9105597901115, 80.8286488943746, 74.28933727491659, 93.35172523682932, 82.70582829247076, 48.601035349689965, 82.99593979416585, 102.2251478566865, 38.17979057696825, 47.34028782565369, 8.839995437605527, 65.20708022426605, 41.507205470680816, 33.90191384659628, 83.61756086100668, 86.41403951882748, 71.67436611232749, 57.523996705149386, 81.54660373897752, 61.399516075629556], [78.07797297927124, 57.4362713125183, 71.19938820482231, 6.869438939105482, 61.75527784558235, 83.94490260885807, 15.963480545151716, 77.3776442572935, 65.0973363433036, 65.231826049107, 89.10729979223977, 10.005978827509256, 70.44286802256582, 62.503832900075075, 86.45199662139242, 64.08056892287274, 0.0, 61.41643069652051, 9.948946030089118, 84.21396832006846, 52.783949294346925, 50.91297924227728, 23.790791638294976, 67.85944354159425, 41.313798669645, 72.43983037457924, 30.58768064532868, 71.10079660089086, 48.327380776229674, 54.18960764167861, 100.55596146758576, 69.9699042327805, 34.202390354228356, 58.72408057119296, 28.37255426250332, 62.39255244123579, 66.27312035568708, 32.41427889891648, 60.99262459586939, 27.67716394929161, 64.19575047920554, 38.85107822513921, 10.084908368259713, 64.49684444982701, 34.16727719384309, 31.503458406209024, 22.31181276855034, 19.805135778617764, 62.08170279564466, 93.88172140065099, 54.88083347210825, 29.18015818131278, 77.6400034158932, 20.88143765896959, 65.46870983761892, 68.51145462337087, 3.6791806835019836, 41.9856707163933, 83.53866871541528, 23.61849999199824, 19.711612422345336, 71.62650021065924, 61.68384276622639, 82.84737834809627, 63.427645119970926, 61.50809738556799, 33.06918339200265, 18.82367049620453, 48.28808004126611, 56.407458477851605, 33.92838840879833, 35.35955562288612, 30.304789045760927, 61.66303182819344, 67.76740519015394, 90.81109650548058, 71.64990173602236, 63.9581420189816, 26.719251140398217, 16.927764864976776, 60.7394350789798, 77.30760640820557, 63.4602200309695, 32.326431851657944, 42.28806112432993, 68.4967337711671, 16.831618716030473, 10.51023336602345, 44.318499998457604, 56.12445452634016], [65.1406558703535, 73.88611462022955, 58.034556008580175, 54.759678927132626, 21.462985407570972, 110.8662441913533, 75.80617159096624, 61.579447200866184, 92.84081817211808, 96.31242566436944, 77.70767320327121, 54.337122402466186, 70.68802036037638, 56.44822725262301, 73.79599739779802, 9.560821663586987, 61.41643069652051, 0.0, 70.54278118191507, 84.25662641286746, 87.14663296625044, 47.03793355302, 62.509978283170625, 76.23556789270151, 47.31515552238369, 57.26365836432954, 60.3115568525846, 102.61226738538274, 25.88340732570457, 85.31541013707903, 69.3561446685856, 19.631802125444214, 94.72751308794021, 69.14465184557922, 80.0830181192484, 50.276427150719414, 56.180794325850925, 31.33638266494408, 24.22203456285567, 55.25708688953284, 8.332446774029792, 28.000021890907224, 51.932788027768105, 9.471277695088059, 31.891190562111046, 62.26269625965842, 39.13556017113441, 69.02715598993227, 63.975182625628186, 67.49613050251625, 56.34660480033194, 38.16816814204638, 101.30526974982337, 40.7056851262111, 38.34857208892483, 66.63332666455513, 64.9229320188736, 19.43119822218395, 49.58291930746766, 85.01109023977325, 79.16946894529765, 74.31731159590097, 17.188028077108857, 107.97151774439943, 16.3334818825115, 77.17397307807708, 87.87194368901866, 51.5620314077856, 94.12069685752193, 5.282373022937602, 95.31493449653854, 82.15955490479881, 75.48443800789872, 97.15089276119093, 88.25645184357562, 58.1448073766631, 88.98177701974232, 105.36345832643114, 34.742548492424625, 44.492713396816285, 1.1498725708396726, 73.07931372464682, 49.20444992028657, 29.538587212484867, 85.69249212979808, 91.73877831290865, 71.04371724953529, 53.68892076399767, 84.11877382944834, 67.0560589894052], [80.51453257315296, 56.20937979635578, 74.15510590059425, 15.899822615622638, 69.1144123988186, 78.89766648424451, 12.919785550447152, 80.30850081409947, 60.798351567554555, 60.202479431297135, 90.68444971396168, 16.658117892783356, 71.200975059974, 65.06719834744614, 88.3637289670293, 72.57294994659402, 9.948946030089118, 70.54278118191507, 0.0, 84.12424540299827, 47.86507309682701, 54.55493068532516, 22.985880698348698, 67.31820659872183, 44.840695596723116, 75.61639546357797, 30.700740421612952, 65.67406493110698, 55.37758986648557, 49.93734682602534, 104.69391558005094, 77.7796498002884, 24.422102028568467, 58.6166935861111, 20.743073509848543, 65.96620042608738, 69.14775966845569, 40.49538311947335, 68.04457631551354, 29.51654391365731, 73.71841097498634, 48.76073456465941, 19.996172283360682, 74.06437259262088, 44.093421889048805, 31.00476067008804, 31.46485200857509, 15.503407849497869, 63.276390048478, 97.55746106943279, 56.976009143711266, 39.120941445347135, 73.49149396605276, 30.449874818026284, 70.93408079815931, 69.8001017906176, 6.3145100371353315, 51.15158676762213, 88.74139400034608, 15.586369124946813, 9.817897750242526, 71.85544861641385, 71.52258516119329, 78.18788270705245, 73.23720440176257, 60.05322635390479, 23.969447949398607, 23.343265432349476, 40.79388075550606, 65.6444145623237, 25.600534721564546, 28.649403191451267, 24.94287762505616, 55.86567366112634, 64.82224143533651, 95.51747104040996, 69.08835770446517, 56.74989461331695, 36.10046626237488, 26.219396060707986, 69.80995689132573, 78.35908900458749, 67.2630075662892, 41.87404807619761, 35.90181750856597, 64.93437201040037, 10.564887522639788, 20.307032763356396, 38.758790290516494, 56.19996139803083], [21.45516324714095, 28.538358469297783, 26.798517288639946, 80.4889320908052, 63.44850461949456, 42.89072347843157, 96.99540857319501, 25.557182437531267, 38.0976990449065, 43.152759077092774, 15.70015120978798, 75.44353937132445, 14.907253457644986, 28.376334223627445, 17.62957734999497, 76.4516531566293, 84.21396832006846, 84.25662641286746, 84.12424540299827, 0.0, 47.130193325068504, 40.48473550699915, 61.2507584245654, 16.965662899105084, 46.836916198817164, 28.138845271933146, 53.7941515107469, 45.34826770863856, 60.600749721779664, 42.932888141523726, 44.405982286819835, 70.16163285441836, 93.61797455526752, 25.56315649805078, 70.92525542261264, 34.02410023723744, 28.076372283819243, 69.89600727828288, 60.45381845445823, 56.666635496428086, 92.55341239933976, 91.62631708332006, 84.26790163091371, 93.67201939761193, 90.60204295027198, 53.20778433283324, 77.95016321125048, 69.08771125192541, 23.49858664727561, 36.44225415322619, 32.109797393038264, 92.23692575914274, 34.4290103117824, 81.21023584943235, 46.90389352290224, 18.39806349704503, 84.49967704561516, 79.14652977249031, 47.042599396301995, 96.39196850298823, 83.7217282970044, 12.699973595520138, 99.69243709147283, 39.175158293255116, 99.601037289347, 25.427450999232825, 76.95293035871438, 66.5738244586193, 63.95348167362992, 84.08099699861768, 102.94806622652787, 64.15120310584477, 62.741710426528826, 49.48272775031865, 28.13602862841743, 44.87773218518935, 23.738288222819673, 60.47949890550924, 79.70711019143663, 79.31982483993914, 83.14692395609167, 11.255750123549682, 35.0553246732754, 82.16590638963774, 59.490121916817216, 31.852350455880675, 74.5223031241628, 88.01328297998845, 54.64527728505477, 28.103710040295724], [55.36140798884324, 21.893481136926468, 53.10737240801939, 52.71793660149461, 73.28349609444521, 31.182063340194585, 60.032229301770066, 57.5933244085769, 13.26535327605991, 12.450126423064559, 59.70554770886609, 48.17434568535326, 40.50939799519501, 45.0324158818822, 59.247545828014964, 83.59105611071594, 52.783949294346925, 87.14663296625044, 47.86507309682701, 47.130193325068504, 0.0, 44.50482672882406, 30.96913807314139, 31.858034401670604, 40.30581279121172, 55.26613339425816, 28.51721043032197, 18.446168068000222, 62.03478165300642, 4.237694712789493, 83.86846080332892, 82.89887968211359, 48.98393275804541, 28.473733757492226, 28.73824143000641, 50.593422962163196, 49.20719900082724, 58.94050423548735, 70.63685202148129, 34.08015013434418, 93.90076834418777, 79.16742619694992, 58.12104118654032, 94.74916002386588, 75.88833380446114, 26.554931095155837, 59.68615401681355, 33.103734668556875, 37.316282779213594, 75.37514685737257, 38.253362066857676, 74.14319389054609, 25.86830830015221, 61.63298113543409, 63.7513665286507, 41.99261112663568, 51.19896566194773, 72.43072660890155, 76.00101776114471, 55.462074175352136, 43.28499522929479, 38.588492991597136, 96.79184628899877, 30.323388995302285, 97.70125124792227, 22.904385373689625, 32.19920792041624, 42.73571264308669, 16.823394321423788, 84.18402894289936, 59.58472255156806, 20.454288813365917, 22.932818451262396, 10.202453012034269, 20.307640291781336, 78.94101778153151, 25.221107005051095, 18.96041584475702, 63.81609983993049, 57.66690507646292, 86.0463417404776, 47.24869977004165, 52.58453304945943, 68.99368775553546, 13.797061070565372, 18.615956064354815, 37.339065243276586, 61.047230755399774, 9.477682521451962, 28.18655043950762], [27.875391617859936, 27.309987808573734, 20.5062672211208, 45.451212685663265, 29.515195304953192, 64.20414744347018, 66.16166045620236, 26.629809124462188, 47.14302160468963, 51.261642785168895, 40.08807952056581, 40.995546941861825, 25.67885664427447, 12.912310158785896, 36