instance_id,num_cities,city_coordinates,distance_matrix,best_route,total_distance
2620,52,"[[13.260924765017922, 6.46157170033026], [47.9635128541656, 74.43026211853595], [75.48792085070505, 62.303839803723214], [22.704583490139672, 71.70707991160751], [97.8238188877829, 73.24930482073803], [87.69009959944921, 46.276390831131685], [70.58036389575477, 61.71240905638784], [19.08424957966889, 65.89233099954517], [0.940972321256317, 60.1886567584443], [29.659830527804566, 52.43970420410322], [24.314897018928395, 79.40352223388794], [83.65688699012364, 69.49735793225284], [81.91160774669966, 67.86805696088733], [70.02211020618903, 16.146932841568685], [70.56673466937883, 49.78409173948302], [50.4104621346702, 18.912861257734093], [28.499709615698077, 49.19604336120109], [44.38934369261239, 60.85543085426261], [82.52285344681567, 14.428980134567372], [56.1475815545166, 97.41622604730031], [8.850863568741552, 52.782981725896875], [39.01179799144513, 35.430032675011844], [7.3841475445853515, 13.868039880892958], [31.667059035025634, 15.441472862470674], [94.09004587810036, 83.12670042015539], [85.10428044407323, 21.058614464495417], [82.93680011205538, 65.29612065348458], [27.167260702931053, 47.44843842086625], [60.181860710140135, 89.21739737969506], [23.223451848322707, 55.07492885238586], [71.70966976275677, 7.6523996705005874], [2.7082061067584595, 30.48479477428021], [92.7853189199938, 85.02049093383471], [91.85225808496715, 29.30649013779043], [81.82496972411896, 81.04415758513076], [89.60347816368144, 61.80818742603211], [56.966154443453085, 92.67672130391159], [84.09450194376863, 96.0299917431959], [88.92676852150774, 83.4967233725466], [80.40061011854881, 51.93420766238779], [5.768932590603271, 72.01126561756378], [34.6837950222331, 36.85441446632156], [61.94144360323243, 15.111968997769253], [24.35841572342119, 18.578630084551463], [77.3179472648987, 65.15178966317461], [92.37930621955891, 70.13041201517004], [47.20999895695637, 80.20810367041533], [14.402277924217543, 81.61875997360006], [7.83632347470461, 3.995996221586673], [76.4611717861169, 23.093833489876616], [68.85254012770983, 73.25132609673676], [15.16053301838205, 24.380044682095146]]","[[0.0, 76.31521799255337, 83.60955656370473, 65.92540505650622, 107.7565977459421, 84.40925238949087, 79.6126442897595, 59.71537710488103, 55.12151029369903, 48.81508761388492, 73.77478193956387, 94.493924902478, 92.10685482582922, 57.581580328462906, 71.83868450450315, 39.18064239419135, 45.37020643394838, 62.671128748329174, 69.71868015016055, 100.55851270756271, 46.530867889085904, 38.75924667953668, 9.454749145708885, 20.479853604148715, 111.40416860037467, 73.31126388684153, 91.19337561411471, 43.28174468277677, 95.13201834208962, 49.623688289756295, 58.46087463479522, 26.23880938497665, 111.78386760553707, 81.84429101300573, 101.30937951846943, 94.29439713851667, 96.6602251311918, 114.19237069486407, 107.98025053009881, 81.08944426193176, 65.9764527644863, 37.18419370452644, 49.44312174368946, 16.430989302487774, 86.87832765469425, 101.55510578509985, 81.18553206147338, 75.16585419043503, 5.958637562417311, 65.35214882285, 86.89821051647604, 18.01888413621907], [76.31521799255337, 0.0, 30.077286342307435, 25.405299328072932, 49.87428974837834, 48.691294528881336, 25.947364751508452, 30.11491515960697, 49.13189026896571, 28.61135131538462, 24.165892226391783, 36.03263105742526, 34.576519248813455, 62.317960402648644, 33.441581164487985, 55.571299778935575, 31.868564962966396, 14.037475878835586, 69.24234153983026, 24.399457334672864, 44.70351308926535, 40.01438610838576, 72.90039541243947, 61.198461295818895, 46.93916369027059, 65.02283745327162, 36.14641561657872, 34.06615495752137, 19.181954894155407, 31.41177397754804, 70.87427517129304, 63.08127209328425, 46.05591433641393, 62.94741262120723, 34.50133149023027, 43.51095816597043, 20.346518827277258, 42.09509107308625, 41.95460683332063, 39.47452020016254, 42.2638633786586, 39.85342184152036, 60.942944191980956, 60.635018029283046, 30.785920007024817, 44.623440154124516, 5.826768932428274, 34.32245608104739, 81.0627975087048, 58.71580254877947, 20.92226925021209, 59.841956448146185], [83.60955656370473, 30.077286342307435, 0.0, 53.61437892436861, 24.873591328182457, 20.14379027852824, 4.943066416201035, 56.51770874614081, 74.57695042281706, 46.87766028474134, 53.954402112339885, 10.884792641683706, 8.498486095173206, 46.47940561490319, 13.452217847749951, 50.11642400284482, 48.78223367829963, 31.132288540078772, 48.38897048887467, 40.08651134496283, 67.31377378915697, 45.306832248955594, 83.57123101101112, 64.15878245108358, 27.92186562151979, 42.35142246858591, 8.027424676322015, 50.55263739274602, 30.96150930464698, 52.762030605761844, 54.78188651295973, 79.43134459894254, 28.552516851139934, 36.83227685186583, 19.782762672897242, 14.124256778161184, 35.57481920501203, 34.80699014215214, 25.094639680233364, 11.474484153503543, 70.39155801616717, 48.09001907495726, 49.097654892898326, 67.27644654369387, 3.385234863136635, 18.616501611745473, 33.469441752695666, 64.06654285124998, 89.31149562471435, 39.22208322508087, 12.80139576276025, 71.25733617739814], [65.92540505650622, 25.405299328072932, 53.61437892436861, 0.0, 75.13506494571546, 69.78421921252084, 48.907911373834565, 6.849680469455117, 24.62374551212042, 20.484316635149742, 7.863099521256831, 60.99234520151034, 59.331356115742366, 72.97861520314282, 52.644115776594205, 59.62252288136127, 23.24500491255838, 24.248445564664948, 82.81911696388904, 42.18286754786032, 23.453081840196603, 39.77372752204374, 59.83368874836678, 56.9749462878251, 72.29309768506394, 80.36783704996702, 60.572438598744654, 24.665708481247414, 41.36613984478099, 16.640242583264566, 80.65048382605711, 45.8162842273543, 71.33411800419188, 81.11233515957774, 59.85316272291962, 67.62728873008749, 40.16940507787938, 66.03276556157887, 67.263463211946, 60.99014646391711, 16.938382459216, 36.85389799697814, 68.86608578163901, 53.154184614965665, 55.00537549217678, 69.69255963929798, 25.93805683063236, 12.929411408151662, 69.32428153514171, 72.47771045558164, 46.17378691534129, 47.924534021062016], [107.7565977459421, 49.87428974837834, 24.873591328182457, 75.13506494571546, 0.0, 28.813718186055894, 29.585567491264115, 79.0825191722735, 97.75922711764977, 71.26969052102801, 73.76608967736921, 14.655342535980841, 16.797508503571642, 63.51075413867826, 35.96616277889363, 72.11432241707226, 73.3784131281728, 54.85299673928645, 60.77787541212848, 48.17622691566461, 91.29653421256776, 69.92246525648086, 108.19181474825932, 87.85477966468684, 10.559545668030571, 53.71829128036561, 16.878283870912792, 75.21990375900111, 40.888837051435274, 76.78230723455239, 70.60384373257132, 104.287022750788, 12.804190893397788, 44.346707890006904, 17.796710487621908, 14.08805056988948, 45.241278220847576, 26.598004444097683, 13.570817668659005, 27.530012181003958, 92.06321106856565, 72.87832776382974, 68.3190652208735, 91.57536862176487, 22.046780325960906, 6.274568553062062, 51.08995644371214, 83.84033203829516, 113.5507379220764, 54.5154473118508, 28.97127883058354, 96.0282428102516], [84.40925238949087, 48.691294528881336, 20.14379027852824, 69.78421921252084, 28.813718186055894, 0.0, 23.043734821003223, 71.35508226908136, 87.85762475027637, 58.35664966617709, 71.51100011255285, 23.56862569314074, 22.35153270697851, 34.92766937465476, 17.47894711333646, 46.244287433363695, 59.262354301233145, 45.68920955870781, 32.263880747324016, 60.085049642583975, 79.10727439987726, 49.872041593368124, 86.59877104642959, 63.94820748243929, 37.40193349516189, 25.35000405487124, 19.604692768114436, 60.534186404431786, 50.99640428692065, 65.06429853290727, 41.79936400164432, 86.43666309862849, 39.077698917576036, 17.472867331964522, 35.25900386447375, 15.649208382388672, 55.65026032222891, 49.88335520209614, 37.240871425307645, 9.227542911750803, 85.86827926751862, 53.837180122584826, 40.42541865978963, 69.12357147130021, 21.53746097198574, 24.310552963160486, 52.82044759592592, 81.36453688495412, 90.35627996835457, 25.75887778451552, 32.90137959774487, 75.76270852547368], [79.6126442897595, 25.947364751508452, 4.943066416201035, 48.907911373834565, 29.585567491264115, 23.043734821003223, 0.0, 51.6654772271221, 69.6560598938227, 41.95799216353315, 49.532503578860585, 15.218438988194354, 12.895312649709012, 45.56889585962298, 11.928325103239896, 47.314122931964505, 43.90262947538907, 26.205036747166183, 48.76828587598756, 38.51061871523394, 62.371995984361796, 41.077215844152, 79.2644019904576, 60.45862081990954, 31.80058209409623, 43.17030422202628, 12.865632700286097, 45.696371706315844, 29.40498684180124, 47.81979989634769, 54.071803618369, 74.71140272198419, 32.19202864738793, 38.76386285389727, 22.364204913518297, 19.023355380865045, 33.82506957824758, 36.88263017528283, 28.480641020121883, 13.858227100820839, 65.62459961241706, 43.66329753845041, 47.39442960388339, 63.22176350938912, 7.56467901596002, 23.367855277081063, 29.80376950367156, 59.600672397755915, 85.25255960307337, 39.063771966230846, 11.667561074940885, 66.82112752903495], [59.71537710488103, 30.11491515960697, 56.51770874614081, 6.849680469455117, 79.0825191722735, 71.35508226908136, 51.6654772271221, 0.0, 19.018685799082657, 17.111869567291965, 14.488338800732576, 64.67319167419842, 62.85841572393222, 71.1988081578786, 53.94368955745995, 56.46593814205927, 19.168122197867582, 25.801514512494716, 81.68802202810754, 48.65641310310133, 16.630611162165575, 36.40135718509066, 53.323721307028464, 51.99630929745909, 76.9603337290572, 79.804176668155, 63.855333968805766, 20.137334537436352, 47.255395059927636, 11.582278905042637, 78.49410455988641, 39.011132018567494, 76.14285340318644, 81.44757094836407, 64.54437088642092, 70.63739681509563, 46.39442078618328, 71.65620355240237, 72.02702328267988, 62.88501631413646, 14.65397650396936, 32.962803500386414, 66.44835772692036, 47.60675501213435, 58.23840612143857, 73.41748196812314, 31.55945381653523, 16.4085778438731, 62.910031796271184, 71.5808814626496, 50.309418133334745, 41.697307670343235], [55.12151029369903, 49.13189026896571, 74.57695042281706, 24.62374551212042, 97.75922711764977, 87.85762475027637, 69.6560598938227, 19.018685799082657, 0.0, 29.745908666188914, 30.25808009461011, 83.23805894571669, 81.3339842173574, 81.92604626763932, 70.39887609749908, 64.42764714480818, 29.670213187055232, 43.45348734587511, 93.53903641104439, 66.58574635904048, 10.835608069450458, 45.41340367903103, 46.76659122573951, 54.28077810203307, 95.93176612324463, 92.8149914836092, 82.1547440050635, 29.157012288091646, 65.97083173009146, 22.86173893148405, 88.13777196172565, 29.756386407406545, 95.14202011027047, 96.013384975205, 83.52947354436164, 88.67729597727553, 64.76337985108378, 90.54894136416623, 91.02069161613532, 79.88723282700623, 12.770406438251019, 41.02517455388879, 75.84830437192768, 47.74694728771326, 76.53806235966387, 91.97721132803552, 50.41429440621327, 25.307233597304634, 56.61414104037858, 84.13873329530581, 69.15644852197154, 38.52859464415619], [48.81508761388492, 28.61135131538462, 46.87766028474134, 20.484316635149742, 71.26969052102801, 58.35664966617709, 41.95799216353315, 17.111869567291965, 29.745908666188914, 0.0, 27.4884666170678, 56.62725189609973, 54.4819446360059, 54.27963590527606, 40.993012624228925, 39.42889689091432, 3.4448826096811125, 16.9641685066628, 65.1100171742128, 52.19663276078898, 20.811798225053618, 19.411033485329252, 44.54188299826685, 37.05263942945444, 71.36486801535816, 63.70918159702683, 54.80623077717633, 5.579035620139212, 47.793232175375806, 6.954953590974204, 61.43363595841442, 34.762164877994294, 71.03756012618018, 66.35543412932182, 59.492995391039386, 60.67132246600309, 48.627696540928085, 69.73698172350703, 66.91119770844425, 50.74329749070486, 30.883992947911175, 16.375025967975777, 49.350403832043966, 34.2735661911321, 49.324367280738905, 65.16666152186335, 32.8495421705125, 32.927347403801484, 53.132459976854456, 55.240797166162544, 44.375579901387766, 31.584396792684906], [73.77478193956387, 24.165892226391783, 53.954402112339885, 7.863099521256831, 73.76608967736921, 71.51100011255285, 49.532503578860585, 14.488338800732576, 30.25808009461011, 27.4884666170678, 0.0, 60.16314374193246, 58.74051451701087, 78.04194666263886, 54.92306572703775, 65.87942458796905, 30.495974100098927, 27.331577032464008, 87.23449611551159, 36.57563811353121, 30.786190207398036, 46.3644980796789, 67.68714593630526, 64.38321245559717, 69.87441201274115, 84.25839661320522, 60.29549155294066, 32.082134593618576, 37.185363112442396, 24.353063636489463, 85.991209274817, 53.477948618485975, 68.70042949418932, 84.08928448144812, 57.53346979725847, 67.61800525670323, 35.24602708043923, 62.04869582282879, 64.74139506241228, 62.45134471667495, 19.964925606129597, 43.794298916855766, 74.49268974452114, 60.82490771761232, 54.885655836875856, 68.69319014982028, 22.909234907362066, 10.157130281741544, 77.18703495632076, 76.74643326267714, 44.960551275481095, 55.7797943896098], [94.493924902478, 36.03263105742526, 10.884792641683706, 60.99234520151034, 14.655342535980841, 23.56862569314074, 15.218438988194354, 64.67319167419842, 83.23805894571669, 56.62725189609973, 60.16314374193246, 0.0, 2.387597389180004, 55.065188597737716, 23.66357859173676, 60.53194255501561, 58.77463389274867, 40.207248851957296, 55.08005324385558, 39.19470732605276, 76.650580637644, 56.15840651124794, 94.4041938124908, 74.99987280974675, 17.16420056496408, 48.46036335548619, 4.262501587621784, 60.640190712812604, 30.658715150093837, 62.13056046425183, 62.988370846337745, 89.85916214227515, 18.00821833727793, 41.01792244195398, 11.691214782612958, 9.720354399875053, 35.350786274046214, 26.536242458065765, 14.958405131755006, 17.862463057098644, 77.92851321815417, 58.85512292923574, 58.56049018787605, 78.16025550237292, 7.685448615484609, 8.74536189565191, 37.988099736230524, 70.30739124956536, 100.19573961874434, 46.958123876187614, 15.272883257676671, 82.0202564147112], [92.10685482582922, 34.576519248813455, 8.498486095173206, 59.331356115742366, 16.797508503571642, 22.35153270697851, 12.895312649709012, 62.85841572393222, 81.3339842173574, 54.4819446360059, 58.74051451701087, 2.387597389180004, 0.0, 53.07009357379892, 21.34797281405145, 58.214545958929506, 56.581577866151434, 38.171942898626, 53.44257248070341, 39.20305271264913, 74.60182192602511, 53.78307444362101, 92.03447271983154, 72.61584810127978, 19.52282140310202, 46.91819546589122, 2.7687317954832964, 58.42862615677823, 30.46270248338129, 60.066328084482805, 61.07376623020332, 87.5824589918007, 20.308707144388617, 39.822242089062044, 13.17638546063164, 9.792185113196437, 35.181606941544025, 28.246408581598445, 17.130898823568263, 16.00533246451231, 76.25531560422247, 56.50055146207001, 56.409327890777746, 75.77478151645192, 5.3366491972663255, 10.709386616904746, 36.83040055972405, 68.89551107600916, 97.80995799539937, 45.104748525985826, 14.125113580652645, 79.66751652553141], [57.581580328462906, 62.317960402648644, 46.47940561490319, 72.97861520314282, 63.51075413867826, 34.92766937465476, 45.56889585962298, 71.1988081578786, 81.92604626763932, 54.27963590527606, 78.04194666263886, 55.065188597737716, 53.07009357379892, 0.0, 33.64156765861904, 19.805734020340157, 53.06932689356518, 51.535313268579166, 12.618238509061634, 82.44513668777107, 71.30302583365109, 36.516809866723435, 62.67940426904737, 38.36153834408458, 71.17271100912734, 15.86179294561356, 50.81763353340716, 53.06903407334344, 73.7300705137468, 60.87284532132935, 8.660539882209386, 68.82394910137629, 72.53778791248723, 25.489788242389615, 65.9617864541008, 49.682795224442565, 77.63547193757162, 81.11310195459635, 69.9527010957086, 37.261807518311365, 85.1427889501344, 40.95847061695648, 8.14667557388351, 45.728395393858854, 49.54498189013029, 58.42996009982288, 68.00166194741153, 85.90765909440925, 63.36179710327417, 9.47211394819364, 57.11636913538324, 55.475911728536005], [71.83868450450315, 33.441581164487985, 13.452217847749951, 52.644115776594205, 35.96616277889363, 17.47894711333646, 11.928325103239896, 53.94368955745995, 70.39887609749908, 40.993012624228925, 54.92306572703775, 23.66357859173676, 21.34797281405145, 33.64156765861904, 0.0, 36.86879702337348, 42.07113497116763, 28.42235648472768, 37.322013515031834, 49.76677802779467, 61.78868898804286, 34.666309875363616, 72.67738366844976, 51.89027110923219, 40.80533940374485, 32.19461572727906, 19.840402215805028, 43.46227809249239, 40.77782731906707, 47.638003585685425, 42.14719180708522, 70.54957662548411, 41.65656387996235, 29.53651425664852, 33.22558612307708, 22.51613821122888, 44.99726051031479, 48.18385367094938, 38.38791964509093, 10.066186210860433, 68.50403209188936, 38.141341246851965, 35.72886426115738, 55.758313971180584, 16.785261719250645, 29.82886230469674, 38.355672398140314, 64.55921547738474, 77.66372499313246, 27.333391197468746, 23.52975884502343, 60.952545379868226], [39.18064239419135, 55.571299778935575, 50.11642400284482, 59.62252288136127, 72.11432241707226, 46.244287433363695, 47.314122931964505, 56.46593814205927, 64.42764714480818, 39.42889689091432, 65.87942458796905, 60.53194255501561, 58.214545958929506, 19.805734020340157, 36.86879702337348, 0.0, 37.37849909051174, 42.372550214176705, 32.42392427993637, 78.7127233839694, 53.61329399961354, 20.068544936735748, 43.32105688841376, 19.062153528563737, 77.6615939572234, 34.760110553768314, 56.65129667000187, 36.80387991543107, 70.9803355123432, 45.24189055543687, 24.09261797194117, 49.08579097319106, 78.5229086889243, 42.72528493623407, 69.6216149655429, 58.104229730158245, 74.05460249410226, 84.15263722648666, 75.19694876356257, 44.60737937237598, 69.37079144419343, 23.858486750043177, 12.141264991762029, 26.05419030964116, 53.49814254828781, 66.21647362561846, 61.378739861463906, 72.30919072910672, 45.11175174103322, 26.384086153397952, 57.38274132316167, 35.67138345086922], [45.37020643394838, 31.868564962966396, 48.78223367829963, 23.24500491255838, 73.3784131281728, 59.262354301233145, 43.90262947538907, 19.168122197867582, 29.670213187055232, 3.4448826096811125, 30.495974100098927, 58.77463389274867, 56.581577866151434, 53.06932689356518, 42.07113497116763, 37.37849909051174, 0.0, 19.70841921138263, 64.24366704043571, 55.58408802009881, 19.973564474302666, 17.320711654888573, 41.15743907829638, 33.902848433396805, 73.84701550819348, 63.21228000619584, 56.768030708543144, 2.1976221541968397, 51.04377998781712, 7.89937913042865, 59.941429637691165, 31.86396831741447, 73.59368592147649, 66.40135333694617, 62.11188087033925, 62.39180001152053, 51.97025914395012, 72.6925006795656, 69.48356710220703, 51.97307973121378, 32.205940302556066, 13.80430063763626, 47.75011724912266, 30.89621839085442, 51.35957717141732, 67.22239696122317, 36.21909457531959, 35.354916671149034, 49.69929363919739, 54.60427834603425, 46.97879902485489, 28.17387837582486], [62.671128748329174, 14.037475878835586, 31.132288540078772, 24.248445564664948, 54.85299673928645, 45.68920955870781, 26.205036747166183, 25.801514512494716, 43.45348734587511, 16.9641685066628, 27.331577032464008, 40.207248851957296, 38.171942898626, 51.535313268579166, 28.42235648472768, 42.372550214176705, 19.70841921138263, 0.0, 60.07977939874785, 38.40505048511675, 36.443764959795466, 25.987860056987966, 59.80969363270685, 47.16231660328943, 54.462549020471215, 56.93410813770861, 38.8023984091418, 21.825388624549586, 32.46235880121243, 21.941038739263682, 59.80771475085271, 51.572209244452715, 54.093627599363714, 56.99178803079854, 42.53246740296738, 45.22417164584626, 34.21652662885852, 53.044786034808695, 49.96208900044119, 37.099858932872245, 40.19936321578077, 25.8891186147253, 48.99531114187204, 46.782111523837564, 33.20770441080959, 48.87802961324156, 19.5571480857851, 36.47382553991238, 67.59525570480758, 49.543318346365425, 27.424554667023443, 46.74159999228468], [69.71868015016055, 69.24234153983026, 48.38897048887467, 82.81911696388904, 60.77787541212848, 32.263880747324016, 48.76828587598756, 81.68802202810754, 93.53903641104439, 65.1100171742128, 87.23449611551159, 55.08005324385558, 53.44257248070341, 12.618238509061634, 37.322013515031834, 32.42392427993637, 64.24366704043571, 60.07977939874785, 0.0, 87.07776956016451, 83.05776020735668, 48.3141403177873, 75.1407996938418, 50.865872319054084, 69.66474512390941, 7.114479368915944, 50.86882479881889, 64.45561475579488, 78.05400252704214, 71.89236522128674, 12.76115136542033, 81.41355608105151, 71.33357971188079, 17.560697446239555, 66.61883298632944, 47.905370575215, 82.31557484494147, 81.61614530562872, 69.36399126543465, 37.56522339422397, 95.95250892106479, 52.83441696393029, 20.592739131470662, 58.31227495464431, 50.989160169960904, 56.56676740640866, 74.658494395255, 95.68113358623883, 75.41170275629345, 10.574671069336654, 60.389948259090836, 68.09336163776928], [100.55851270756271, 24.399457334672864, 40.08651134496283, 42.18286754786032, 48.17622691566461, 60.085049642583975, 38.51061871523394, 48.65641310310133, 66.58574635904048, 52.19663276078898, 36.57563811353121, 39.19470732605276, 39.20305271264913, 82.44513668777107, 49.76677802779467, 78.7127233839694, 55.58408802009881, 38.40505048511675, 87.07776956016451, 0.0, 65.0315771827812, 64.31114403512947, 96.73764473118818, 85.5520668513686, 40.544064196812556, 81.66379404124541, 41.825391826418205, 57.76364598033317, 9.137625502626179, 53.63565758950243, 91.10281617603977, 85.64802006177065, 38.67787543628642, 76.90097562324736, 30.452797719460886, 48.85928194700425, 4.809674291166297, 27.981279541669767, 35.612184051661835, 51.544382728802596, 56.42180682914793, 64.25283771378045, 82.50793638138596, 85.00539748405696, 38.589872239962354, 45.35695668361617, 19.390715779105765, 44.634407238537065, 105.17279590247354, 77.04842622375331, 27.301252021973323, 83.75095185199146], [46.530867889085904, 44.70351308926535, 67.31377378915697, 23.453081840196603, 91.29653421256776, 79.10727439987726, 62.371995984361796, 16.630611162165575, 10.835608069450458, 20.811798225053618, 30.786190207398036, 76.650580637644, 74.60182192602511, 71.30302583365109, 61.78868898804286, 53.61329399961354, 19.973564474302666, 36.443764959795466, 83.05776020735668, 65.0315771827812, 0.0, 34.796649350379084, 38.942572522825884, 43.76033660465856, 90.47905539385565, 82.58946096990462, 75.13524232556274, 19.077414820949727, 62.9471040760733, 14.554185497133624, 77.38216172216711, 23.1287998396913, 89.9124562841169, 86.25762081650848, 78.25544217575435, 81.25539429384767, 62.502733328043796, 86.78657149207018, 85.76412116929545, 71.55478075399672, 19.473705347790013, 30.34896377841602, 65.09773335809346, 37.55558340693055, 69.57534735555298, 85.3108086312167, 47.15464538519086, 29.36529088050887, 48.79753319790031, 73.84171788514185, 63.39680048054741, 29.095339167603647], [38.75924667953668, 40.01438610838576, 45.306832248955594, 39.77372752204374, 69.92246525648086, 49.872041593368124, 41.077215844152, 36.40135718509066, 45.41340367903103, 19.411033485329252, 46.3644980796789, 56.15840651124794, 53.78307444362101, 36.516809866723435, 34.666309875363616, 20.068544936735748, 17.320711654888573, 25.987860056987966, 48.3141403177873, 64.31114403512947, 34.796649350379084, 0.0, 38.278294189297206, 21.295250966294855, 72.86004051779314, 48.28099626175285, 53.11674898215711, 16.874096724002346, 57.80356526537167, 25.203051794472287, 42.90393587663552, 36.63886135819071, 73.14919755795763, 53.19409738025689, 62.55890076661636, 57.05545680054295, 59.996185500246256, 75.5301610928934, 69.29582265641626, 44.558069541965246, 49.42949224557881, 4.556366226382907, 30.636454747157696, 22.331398996897022, 48.484470819258306, 63.656949823477014, 45.52236967843726, 52.33571445392358, 44.271987295571, 39.4288905239341, 48.17592892031513, 26.28659497650597], [9.454749145708885, 72.90039541243947, 83.57123101101112, 59.83368874836678, 108.19181474825932, 86.59877104642959, 79.2644019904576, 53.323721307028464, 46.76659122573951, 44.54188299826685, 67.68714593630526, 94.4041938124908, 92.03447271983154, 62.67940426904737, 72.67738366844976, 43.32105688841376, 41.15743907829638, 59.80969363270685, 75.1407996938418, 96.73764473118818, 38.942572522825884, 38.278294189297206, 0.0, 24.333834095762082, 110.97150474565363, 78.0520558393974, 91.39502613344473, 38.97453953979894, 92.00610953080498, 44.14624853297657, 64.62512662939635, 17.26212534761858, 111.15768692777462, 85.86738289127517, 100.26996956506248, 95.17497609194312, 93.10845115108623, 112.40580414672404, 107.22570867365206, 82.34340857885302, 58.165656692012234, 35.68815166109723, 54.57147526756704, 17.61577248586738, 86.72231163346936, 101.92954192166181, 77.37636915957061, 68.11324560689985, 9.882393894347091, 69.6903906272644, 85.46775981939585, 13.075718564483337], [20.479853604148715, 61.198461295818895, 64.15878245108358, 56.9749462878251, 87.85477966468684, 63.94820748243929, 60.45862081990954, 51.99630929745909, 54.28077810203307, 37.05263942945444, 64.38321245559717, 74.99987280974675, 72.61584810127978, 38.36153834408458, 51.89027110923219, 19.062153528563737, 33.902848433396805, 47.16231660328943, 50.865872319054084, 85.5520668513686, 43.76033660465856, 21.295250966294855, 24.333834095762082, 0.0, 92.07561738020681, 53.73163790260605, 71.51274191689002, 32.321726892074345, 79.09475932666021, 40.52289890947938, 40.793140784726006, 32.633061411141576, 92.61037440342045, 61.76161339153954, 82.58043501650862, 74.20580085727836, 81.27316796025498, 96.14128221184963, 88.9392570941849, 60.88249908132423, 62.21619086448055, 21.62440205292254, 30.27617766133187, 7.953491214071595, 67.49162312911665, 81.71203720287191, 66.60555117728066, 68.39229485982298, 26.436771604773725, 45.44305403831647, 68.73673788493137, 18.77134697651493], [111.40416860037467, 46.93916369027059, 27.92186562151979, 72.29309768506394, 10.559545668030571, 37.40193349516189, 31.80058209409623, 76.9603337290572, 95.93176612324463, 71.36486801535816, 69.87441201274115, 17.16420056496408, 19.52282140310202, 71.17271100912734, 40.80533940374485, 77.6615939572234, 73.84701550819348, 54.462549020471215, 69.66474512390941, 40.544064196812556, 90.47905539385565, 72.86004051779314, 110.97150474565363, 92.07561738020681, 0.0, 62.715159846998326, 21.0315112612815, 75.8392876739476, 34.45085791148927, 76.2166388492148, 78.72262259804093, 105.4599965390879, 2.2997293199226236, 53.86671262519255, 12.440622079408872, 21.785506331886552, 38.332573799989696, 16.321943067858314, 5.176519105190121, 34.06423719765749, 89.01781812195556, 75.30091027433596, 75.22988979579169, 95.02080629040691, 24.584562404329752, 13.108399691986172, 46.97081015179805, 79.70203413879867, 117.05286402050756, 62.567741797347644, 27.10082497874614, 98.39226372372273], [73.31126388684153, 65.02283745327162, 42.35142246858591, 80.36783704996702, 53.71829128036561, 25.35000405487124, 43.17030422202628, 79.804176668155, 92.8149914836092, 63.70918159702683, 84.25839661320522, 48.46036335548619, 46.91819546589122, 15.86179294561356, 32.19461572727906, 34.760110553768314, 63.21228000619584, 56.93410813770861, 7.114479368915944, 81.66379404124541, 82.58946096990462, 48.28099626175285, 78.0520558393974, 53.73163790260605, 62.715159846998326, 0.0, 44.29057376926312, 63.664126986347206, 72.57235488721341, 70.61406794847935, 18.951047211348573, 82.9335031301155, 64.42142495744402, 10.656578032564486, 60.07511350197858, 40.99720083941988, 76.94743245936674, 74.97817724968328, 62.55500666705894, 31.2318230312122, 94.28822873804215, 52.83684933710264, 23.914004324293884, 60.79646702880459, 44.77538479431005, 49.60813758737952, 70.24698315761384, 93.09298783690213, 79.12945163163613, 8.879495692578104, 54.664414483618245, 70.02256566735659], [91.19337561411471, 36.14641561657872, 8.027424676322015, 60.572438598744654, 16.878283870912792, 19.604692768114436, 12.865632700286097, 63.855333968805766, 82.1547440050635, 54.80623077717633, 60.29549155294066, 4.262501587621784, 2.7687317954832964, 50.81763353340716, 19.840402215805028, 56.65129667000187, 56.768030708543144, 38.8023984091418, 50.86882479881889, 41.825391826418205, 75.13524232556274, 53.11674898215711, 91.39502613344473, 71.51274191689002, 21.0315112612815, 44.29057376926312, 0.0, 58.55579635682869, 33.015371380567174, 60.58181841692005, 58.72688502418846, 87.45544983324326, 22.046407999188354, 37.077471536270366, 15.787236427317827, 7.523979960313535, 37.73819985667381, 30.755667862853265, 19.160941022908165, 13.600477141071336, 77.45949231499637, 56.011455533982705, 54.39902639143838, 74.92630407701247, 5.620706250353644, 10.608076854920885, 38.71397109924549, 70.45146759216459, 96.94218300886067, 42.69621533643616, 16.1756506190937, 79.16910795284646], [43.28174468277677, 34.06615495752137, 50.55263739274602, 24.665708481247414, 75.21990375900111, 60.534186404431786, 45.696371706315844, 20.137334537436352, 29.157012288091646, 5.579035620139212, 32.082134593618576, 60.640190712812604, 58.42862615677823, 53.06903407334344, 43.46227809249239, 36.80387991543107, 2.1976221541968397, 21.825388624549586, 64.45561475579488, 57.76364598033317, 19.077414820949727, 16.874096724002346, 38.97453953979894, 32.321726892074345, 75.8392876739476, 63.664126986347206, 58.55579635682869, 0.0, 53.241053202771404, 8.585859571629815, 59.730652977122645, 29.765929474936787, 75.61341609936093, 67.18094353177705, 64.15713133868265, 64.06624417193093, 54.16245600697678, 74.8390146815341, 71.51024859382309, 53.42201433579075, 32.57638601652524, 12.98967404220415, 47.48569312050209, 29.006127688722408, 53.183644176055324, 69.04406423868338, 38.40451827561287, 36.47678248363029, 47.55838377408723, 54.982146658907546, 49.025009261962154, 26.00600506379035], [95.13201834208962, 19.181954894155407, 30.96150930464698, 41.36613984478099, 40.888837051435274, 50.99640428692065, 29.40498684180124, 47.255395059927636, 65.97083173009146, 47.793232175375806, 37.185363112442396, 30.658715150093837, 30.46270248338129, 73.7300705137468, 40.77782731906707, 70.9803355123432, 51.04377998781712, 32.46235880121243, 78.05400252704214, 9.137625502626179, 62.9471040760733, 57.80356526537167, 92.00610953080498, 79.09475932666021, 34.45085791148927, 72.57235488721341, 33.015371380567174, 53.241053202771404, 0.0, 50.31532711545821, 82.3755985280501, 82.17505450119518, 32.87247345358999, 67.76673871765963, 23.134952269897184, 40.21064988117578, 4.723101608717226, 24.864147938946818, 29.308630745568554, 42.412663947655446, 57.06853526031406, 58.24116528205001, 74.1263154866502, 79.20324902233448, 29.543170736696933, 37.42978102577657, 15.793561045051847, 46.40592085588267, 100.01371147906472, 68.09802985842778, 18.168547376572853, 78.93543090375596], [49.623688289756295, 31.41177397754804, 52.762030605761844, 16.640242583264566, 76.78230723455239, 65.06429853290727, 47.81979989634769, 11.582278905042637, 22.86173893148405, 6.954953590974204, 24.353063636489463, 62.13056046425183, 60.066328084482805, 60.87284532132935, 47.638003585685425, 45.24189055543687, 7.89937913042865, 21.941038739263682, 71.89236522128674, 53.63565758950243, 14.554185497133624, 25.203051794472287, 44.14624853297657, 40.52289890947938, 76.2166388492148, 70.61406794847935, 60.58181841692005, 8.585859571629815, 50.31532711545821, 0.0, 67.82189618148955, 32.0242096204728, 75.73367836617172, 73.30706295613504, 64.09788403934166, 66.72064646454872, 50.52192369646109, 73.36621781250886, 71.58717919853437, 57.26335265640485, 24.320767782732847, 21.525022883996446, 55.64279868837436, 36.513942087219355, 55.02506300018176, 70.7757003997877, 34.742350505231116, 27.971200903623224, 53.34623771446235, 62.105114803540296, 49.11613903792266, 31.73620289646786], [58.46087463479522, 70.87427517129304, 54.78188651295973, 80.65048382605711, 70.60384373257132, 41.79936400164432, 54.071803618369, 78.49410455988641, 88.13777196172565, 61.43363595841442, 85.991209274817, 62.988370846337745, 61.07376623020332, 8.660539882209386, 42.14719180708522, 24.09261797194117, 59.941429637691165, 59.80771475085271, 12.76115136542033, 91.10281617603977, 77.38216172216711, 42.90393587663552, 64.62512662939635, 40.793140784726006, 78.72262259804093, 18.951047211348573, 58.72688502418846, 59.730652977122645, 82.3755985280501, 67.82189618148955, 0.0, 72.68094834855388, 80.18730905280799, 29.57403419020845, 74.08555475332567, 57.035407656219846, 86.29314290945871, 89.24114997421069, 77.77396690081665, 45.12661036792261, 92.14252245732737, 47.15583811614736, 12.290785851683498, 48.59551183142971, 57.77224788833003, 65.80832696397191, 76.58044171011181, 93.56900991152895, 63.97791534752173, 16.155947817326137, 65.66111739855035, 58.97134027786646], [26.23880938497665, 63.08127209328425, 79.43134459894254, 45.8162842273543, 104.287022750788, 86.43666309862849, 74.71140272198419, 39.011132018567494, 29.756386407406545, 34.762164877994294, 53.477948618485975, 89.85916214227515, 87.5824589918007, 68.82394910137629, 70.54957662548411, 49.08579097319106, 31.86396831741447, 51.572209244452715, 81.41355608105151, 85.64802006177065, 23.1287998396913, 36.63886135819071, 17.26212534761858, 32.633061411141576, 105.4599965390879, 82.9335031301155, 87.45544983324326, 29.765929474936787, 82.17505450119518, 32.0242096204728, 72.68094834855388, 0.0, 105.29970754173809, 89.15183904390277, 93.89202017809883, 92.3685186254629, 82.53339132238837, 104.49833489469243, 101.212178509178, 80.59892650882996, 41.63911415132399, 32.603839367667504, 61.19558968315159, 24.708062126852017, 82.27037140010563, 98.04428163769177, 66.72943139621674, 52.45411054128308, 26.980623352780608, 74.12237351305056, 78.76578650930773, 13.868252204296642], [111.78386760553707, 46.05591433641393, 28.552516851139934, 71.33411800419188, 12.804190893397788, 39.077698917576036, 32.19202864738793, 76.14285340318644, 95.14202011027047, 71.03756012618018, 68.70042949418932, 18.00821833727793, 20.308707144388617, 72.53778791248723, 41.65656387996235, 78.5229086889243, 73.59368592147649, 54.093627599363714, 71.33357971188079, 38.67787543628642, 89.9124562841169, 73.14919755795763, 111.15768692777462, 92.61037440342045, 2.2997293199226236, 64.42142495744402, 22.046407999188354, 75.61341609936093, 32.87247345358999, 75.73367836617172, 80.18730905280799, 105.29970754173809, 0.0, 55.72181338778812, 11.659351671320724, 23.42936500925441, 36.62827333191075, 14.02638256235613, 4.148527299957281, 35.32822034599276, 87.9834724999829, 75.47024580267632, 76.41037942479586, 95.37694666002177, 25.17945345116866, 14.895613331346127, 45.82869036865835, 78.45682181474955, 117.39378420742246, 64.04208523955003, 26.670042026273226, 98.50315278142713], [81.84429101300573, 62.94741262120723, 36.83227685186583, 81.11233515957774, 44.346707890006904, 17.472867331964522, 38.76386285389727, 81.44757094836407, 96.013384975205, 66.35543412932182, 84.08928448144812, 41.01792244195398, 39.822242089062044, 25.489788242389615, 29.53651425664852, 42.72528493623407, 66.40135333694617, 56.99178803079854, 17.560697446239555, 76.90097562324736, 86.25762081650848, 53.19409738025689, 85.86738289127517, 61.76161339153954, 53.86671262519255, 10.656578032564486, 37.077471536270366, 67.18094353177705, 67.76673871765963, 73.30706295613504, 29.57403419020845, 89.15183904390277, 55.72181338778812, 0.0, 52.70040554647735, 32.5794005124538, 72.3382777327059, 67.17297408059916, 54.26914286427584, 25.36047794344073, 96.09389562790369, 57.66458471734986, 33.10802400257767, 68.34109845508115, 38.67986154420496, 40.827323904299305, 67.7045460827939, 93.46161245278762, 87.74564587897281, 16.59766971847323, 49.59975437007815, 76.84979218265082], [101.30937951846943, 34.50133149023027, 19.782762672897242, 59.85316272291962, 17.796710487621908, 35.25900386447375, 22.364204913518297, 64.54437088642092, 83.52947354436164, 59.492995391039386, 57.53346979725847, 11.691214782612958, 13.17638546063164, 65.9617864541008, 33.22558612307708, 69.6216149655429, 62.11188087033925, 42.53246740296738, 66.61883298632944, 30.452797719460886, 78.25544217575435, 62.55890076661636, 100.26996956506248, 82.58043501650862, 12.440622079408872, 60.07511350197858, 15.787236427317827, 64.15713133868265, 23.134952269897184, 64.09788403934166, 74.08555475332567, 93.89202017809883, 11.659351671320724, 52.70040554647735, 0.0, 20.749162429025382, 27.445896520787276, 15.156714746575513, 7.513363101846962, 29.14477628650773, 76.59056026529936, 64.61442369301199, 68.86514432511835, 84.87842455324405, 16.51909832935008, 15.182353612823444, 34.62506588238976, 67.42514024790255, 106.82106039224523, 58.198027381215496, 15.133147466416117, 87.49267862159193], [94.29439713851667, 43.51095816597043, 14.124256778161184, 67.62728873008749, 14.08805056988948, 15.649208382388672, 19.023355380865045, 70.63739681509563, 88.67729597727553, 60.67132246600309, 67.61800525670323, 9.720354399875053, 9.792185113196437, 49.682795224442565, 22.51613821122888, 58.104229730158245, 62.39180001152053, 45.22417164584626, 47.905370575215, 48.85928194700425, 81.25539429384767, 57.05545680054295, 95.17497609194312, 74.20580085727836, 21.785506331886552, 40.99720083941988, 7.523979960313535, 64.06624417193093, 40.21064988117578, 66.72064646454872, 57.035407656219846, 92.3685186254629, 23.42936500925441, 32.5794005124538, 20.749162429025382, 0.0, 44.922836991765934, 34.66238176631569, 21.699090475019034, 13.497713014765903, 84.45314580302518, 60.32298385592234, 54.27453336071635, 78.26693299710819, 12.73239747200698, 8.772949532959162, 46.21432675103412, 77.76682648866674, 100.14048650665936, 40.884244124304075, 23.696979807766848, 83.32237365297856], [96.6602251311918, 20.346518827277258, 35.57481920501203, 40.16940507787938, 45.241278220847576, 55.65026032222891, 33.82506957824758, 46.39442078618328, 64.76337985108378, 48.627696540928085, 35.24602708043923, 35.350786274046214, 35.181606941544025, 77.63547193757162, 44.99726051031479, 74.05460249410226, 51.97025914395012, 34.21652662885852, 82.31557484494147, 4.809674291166297, 62.502733328043796, 59.996185500246256, 93.10845115108623, 81.27316796025498, 38.332573799989696, 76.94743245936674, 37.73819985667381, 54.16245600697678, 4.723101608717226, 50.52192369646109, 86.29314290945871, 82.53339132238837, 36.62827333191075, 72.3382777327059, 27.445896520787276, 44.922836991765934, 0.0, 27.334806762383646, 33.25286776003253, 47.00134179592939, 55.21065643672721, 60.105186814837225, 77.72415520632329, 80.95549238184202, 34.23181755142851, 41.98127417386353, 15.831898040570941, 43.97683586989173, 101.38052718419198, 72.26225832155636, 22.77349651656141, 80.0758766441013], [114.19237069486407, 42.09509107308625, 34.80699014215214, 66.03276556157887, 26.598004444097683, 49.88335520209614, 36.88263017528283, 71.65620355240237, 90.54894136416623, 69.73698172350703, 62.04869582282879, 26.536242458065765, 28.246408581598445, 81.11310195459635, 48.18385367094938, 84.15263722648666, 72.6925006795656, 53.044786034808695, 81.61614530562872, 27.981279541669767, 86.78657149207018, 75.5301610928934, 112.40580414672404, 96.14128221184963, 16.321943067858314, 74.97817724968328, 30.755667862853265, 74.8390146815341, 24.864147938946818, 73.36621781250886, 89.24114997421069, 104.49833489469243, 14.02638256235613, 67.17297408059916, 15.156714746575513, 34.66238176631569, 27.334806762383646, 0.0, 13.432558070935427, 44.25023175665496, 81.9255394806506, 77.09193799961969, 83.89567568634622, 97.81162210955772, 31.613052004043276, 27.192392538659057, 40.13475679223382, 71.16663326242363, 119.52224108964492, 73.33451377113609, 27.407754534718308, 99.42638978492934], [107.98025053009881, 41.95460683332063, 25.094639680233364, 67.263463211946, 13.570817668659005, 37.240871425307645, 28.480641020121883, 72.02702328267988, 91.02069161613532, 66.91119770844425, 64.74139506241228, 14.958405131755006, 17.130898823568263, 69.9527010957086, 38.38791964509093, 75.19694876356257, 69.48356710220703, 49.