instance_id,num_cities,city_coordinates,distance_matrix,best_route,total_distance
1919,77,"[[10.407791359959706, 38.235156316792306], [16.4738088260018, 13.184520618344564], [34.49650103039149, 37.799924761317406], [2.730525485178914, 80.27604068169796], [12.770852266875487, 51.90052729474858], [83.50083889318202, 85.42181692137524], [10.544895771792206, 51.623636813111375], [11.385378097579203, 6.701095673809265], [97.70285091153403, 15.217255744275771], [49.402347389154635, 51.82003026622557], [22.671977465502202, 28.875824781457972], [12.461043934479276, 70.59131213453676], [23.099627167129544, 29.29846396445367], [43.813830846328294, 45.886341376311414], [68.4874629448651, 51.770410452654026], [73.56653489523431, 47.17892526205168], [64.61644202932976, 16.459621560447413], [5.533833322066983, 64.12351061090521], [25.829224700676335, 48.235858379236994], [87.78700395482673, 98.86321438862184], [95.83695675802718, 73.98841401119152], [69.77774138637109, 23.08862498927402], [55.99726370589998, 76.84946261069832], [97.59443868056664, 0.2573854908989204], [26.615802804998467, 42.08525676588104], [43.506293946916074, 0.3449088429623992], [61.291075300446664, 63.45056389890187], [10.109063182298616, 40.515556650138464], [84.8220731791148, 66.28138458870208], [96.04442500993538, 44.59018577190801], [47.84911136723663, 96.19270638922936], [60.54734891633328, 2.038912113226643], [68.8967707835633, 55.803640265022715], [72.2478494291047, 8.483143758885392], [26.34510023290989, 24.255911305952683], [59.75708299419259, 19.544029754423143], [51.178506698076966, 34.650394920382155], [26.642745692633728, 7.163059130241645], [50.281539939784246, 62.22630737960556], [58.35870860028551, 46.80902309927475], [35.55149428429911, 80.91715628371232], [52.00856303824545, 95.0856748229189], [54.90949322403722, 18.419532796737816], [94.75332136179406, 20.738482602935825], [95.01959098117536, 42.00689955337403], [22.025297138989174, 21.393516063570072], [4.970017361441048, 26.971502625470045], [20.88052993520232, 94.7094334103437], [26.643822195152588, 18.1118151754058], [96.07471002261366, 56.848588827521375], [64.48736594355218, 15.040977341886286], [91.32215096016309, 98.12829714605152], [57.47831634932437, 47.3211816129113], [72.31910471127631, 91.00705148709679], [83.7069056440178, 48.39897659007051], [65.28079677483113, 5.489323631022158], [99.89927584352284, 94.96988671999473], [59.64917772483847, 95.54474177942296], [45.26449066017608, 66.02906079877123], [29.67578689644216, 64.5531242730727], [52.004970336548794, 95.99174694278894], [14.670443226729802, 11.27604439384543], [19.490329119093243, 25.452558937022296], [29.80652116718424, 15.199724082216903], [94.19100152918486, 66.59886577129596], [20.189540745176572, 52.46638817178588], [72.54072989166312, 88.0668662369517], [24.127580105066894, 51.73157828068792], [31.41763311255712, 5.889573471454524], [22.28347506149807, 16.460029383691733], [40.086821246680316, 22.31465702982276], [70.79851365562433, 89.92430179952794], [42.265285963288925, 33.15289994725412], [22.897615917115466, 17.003529517500038], [74.23230674199976, 22.38749586404103], [86.31294421249672, 13.410754599189879], [75.52183705621309, 93.4492294765492]]","[[0.0, 25.774617684743106, 24.09264120210225, 42.73612487691698, 13.868180155123568, 87.00100307873466, 13.38918248512806, 31.54921007671827, 90.27874151138332, 41.29314955456913, 15.427486756425537, 32.42123787638174, 15.52247294590995, 34.27103889554306, 59.63599044145095, 63.78885394722794, 58.418761723598514, 26.343165242860497, 18.380278779821374, 98.30210561001611, 92.60905860860744, 61.27159519217758, 59.744996772456545, 95.09901444237987, 16.659018832769856, 50.31085098790152, 56.78842632174383, 2.2998835197578993, 79.5240608805958, 85.87211085256689, 68.99949314514103, 61.83965820081042, 61.07055216922436, 68.62488639874806, 21.199460021068962, 52.77035907563137, 40.92800683457456, 35.057794650469106, 46.53483807993517, 48.7114119667284, 49.53744965098217, 70.44576395103047, 48.714067827351236, 86.14117495332587, 84.69582446722772, 20.459894597596016, 12.507568929932116, 57.43711540898097, 25.85647996100693, 87.66573345946085, 58.84360904518276, 100.66936926346814, 47.93944282588314, 81.35037578739585, 74.00042835940147, 63.900988110865406, 105.96015963085316, 75.55860452015929, 44.58128096476225, 32.61734338265011, 71.17688571122895, 27.294027123369958, 15.680793599795566, 30.115475363464167, 88.45409159716725, 17.26877474361671, 79.64735629103671, 19.245415273199324, 38.57006844787542, 24.80298402071061, 33.67947613255368, 79.49092464003355, 32.260336207281874, 24.632858015523833, 65.762581348195, 79.86139962587627, 85.37231882656556], [25.774617684743106, 0.0, 30.507958886429186, 68.48466909752497, 38.89268646218897, 98.54364381733878, 38.893671256891665, 8.241779315741102, 81.25447243213976, 50.76407447847887, 16.871109057291594, 57.54686780579976, 17.422991673396357, 42.62494439829956, 64.76334695722737, 66.44696318942286, 48.25390572721693, 52.10051598102353, 36.27836938199229, 111.47381022313184, 99.978111111429, 54.2162384326934, 74.93549442375834, 82.14418671217432, 30.628623732376976, 29.926758634288877, 67.34435745720839, 28.062350537334808, 86.54918950267337, 85.54413342613637, 88.73989246403073, 45.460989046031685, 67.56150013033908, 55.97183711091883, 14.833006633779723, 43.74797342929886, 40.80685988829447, 11.818006407607527, 59.56559016578957, 53.711749144780896, 70.36808947685859, 89.27775656324499, 38.79055539243166, 78.64314607456843, 83.66701513644676, 9.909925767076588, 17.95600431401437, 81.64392565694854, 11.300770043707242, 90.79016644928242, 48.049433905579534, 113.21536773345517, 53.35429936835636, 95.78644676222076, 75.89695130323311, 49.40989910241537, 116.82745677054021, 92.99095928773065, 60.17847445189501, 53.03796438786972, 90.10826915348186, 2.6257206599553053, 12.633453956348502, 13.484148596538144, 94.30299205106014, 39.45721457707424, 93.54605990167425, 39.29956576371125, 16.62931562582657, 6.669421222244965, 25.316669340008332, 94.02216531521448, 32.61803896537048, 7.473294221136414, 58.48708263270825, 69.83950181199216, 99.64483491866592], [24.09264120210225, 30.507958886429186, 0.0, 53.040528146132274, 25.900401657145594, 68.33205501281739, 27.65455494768764, 38.74611172530225, 67.11944282568695, 20.463323631311916, 14.814145874371201, 39.50742278719681, 14.218423595311624, 12.337048616674737, 36.74996547376659, 40.1800099128004, 36.91367478976571, 39.13779877258611, 13.565780090111474, 81.04691876960719, 71.21978842331876, 38.22549230604267, 44.577451720334714, 73.4220129836843, 8.970477964358988, 38.52342905094098, 37.09318668542894, 24.538169885918034, 57.82609070303198, 61.921358114819, 59.89999289693309, 44.24360633123599, 38.82669611271793, 47.79788650417072, 15.80777136222195, 31.166884728067703, 16.976714974211937, 31.627503989438523, 29.08290943468436, 25.506250272662445, 43.13013638885919, 59.90266668427373, 28.147643649133094, 62.62569125346826, 60.66912768527066, 20.608279230892805, 31.449450930102206, 58.51569741136669, 21.19637289623566, 64.45717512734235, 37.64866087764455, 82.87742156059213, 24.87605610597391, 65.28053066278206, 50.338889756384255, 44.62788153029629, 86.86729824055644, 62.98508583267843, 30.213138236340534, 27.184057255623973, 60.76869807923035, 33.11478216419519, 19.433029569020047, 23.08170231704985, 66.2782950376416, 20.488881413423417, 63.04069126337097, 17.366792764912674, 32.058539378735325, 24.58758097180108, 16.463450332075496, 63.5199716802841, 9.052560905961036, 23.81226975758602, 42.620150399362515, 57.269323422243694, 69.13698945803394], [42.73612487691698, 68.48466909752497, 53.040528146132274, 0.0, 30.09946713575171, 80.9340629224548, 29.69889948171313, 74.0822448813224, 115.11901708416056, 54.66263338517365, 55.13296383902124, 13.728690990927497, 54.89638996593648, 53.5769483799922, 71.66969916800309, 78.18669502059058, 88.89545554171325, 16.3939855592294, 39.49839474488747, 87.06369826781437, 93.31849652407223, 88.12337756622344, 53.37683802878813, 124.10538749500783, 45.04489370338559, 89.73098199990082, 60.92975187570409, 40.43932379468918, 83.2758824747416, 99.90477508687422, 47.84377743491753, 97.28223557417249, 70.54693755961388, 99.93437034821558, 60.79393913698481, 83.30909561746228, 66.55002956229544, 76.92400370881252, 50.861496713513546, 64.91945796562118, 32.82722988812744, 51.45532283912183, 80.92510266916535, 109.6034478605995, 99.90895241580654, 61.96321423697383, 53.35156137594939, 23.189339947380848, 66.6050800790479, 96.23919309376214, 89.83051170036944, 90.37244693582728, 63.901043346316335, 70.4111138359025, 87.02483185120508, 97.49661268796436, 98.2734712809074, 58.93102922901457, 44.856600732694744, 31.197070582250664, 51.719960737568094, 70.02543197580908, 57.328048706162626, 70.48429984278673, 92.4774772132432, 32.83586433415284, 70.24358762269694, 35.67380383655696, 79.72638614690499, 66.74429664863762, 68.95661554818821, 68.74838148036451, 61.510874475491974, 66.4087509708883, 91.99776271194932, 107.03731687222141, 73.97369764488029], [13.868180155123568, 38.89268646218897, 25.900401657145594, 30.09946713575171, 0.0, 78.27137322412128, 2.2431118244137376, 45.220660737430144, 92.51544090270556, 36.63158356753311, 25.06330397262922, 18.693352271063585, 24.850288886183595, 31.62019847100732, 55.716762610863015, 60.978754923360796, 62.8014568070226, 14.20477963062295, 13.56284958554679, 88.50376824263903, 85.95261749902296, 63.874181963784686, 49.90963854102003, 99.30787938252158, 16.971216543251323, 60.02207235020574, 49.876000128165565, 11.691992033413579, 73.47235868987306, 83.59383356787902, 56.50027779090674, 69.05631253264129, 56.26147012121707, 73.6381856412559, 30.797483679862204, 57.04952945500746, 42.10362200381049, 46.838771172884826, 38.90595615140872, 45.87129887029754, 36.890681866959, 58.348563937834136, 53.82046129765533, 87.70517811551274, 82.84164948851553, 31.879813113477354, 26.12105082463839, 43.57028017695086, 36.525831425372125, 83.45068022443175, 63.50767047843463, 91.1444635281108, 44.94138128225721, 71.24124229397466, 71.02242269918857, 70.08062569458463, 97.1922420579581, 64.0499403257096, 35.43235802213661, 21.11551621736535, 59.019926048384754, 40.668870856965434, 27.28820989766058, 40.46187058609528, 82.73621854948345, 7.440237715976466, 69.86016278083245, 11.357984458525365, 49.64584884596271, 36.69494358377456, 40.26767786499094, 69.37591018384985, 34.94846420420575, 36.336645358275874, 68.18012474634895, 83.00543289384125, 75.25942296499252], [87.00100307873466, 98.54364381733878, 68.33205501281739, 80.9340629224548, 78.27137322412128, 0.0, 80.40451862527448, 106.75950374322237, 71.62665394557054, 47.872614188786706, 83.05178872050534, 72.57131899040395, 82.45081640046153, 56.01885784524148, 36.84859040300718, 39.51213938007406, 71.50108274641894, 80.82370821374685, 68.62077379530814, 14.1082379058537, 16.81970588571481, 63.82593690362569, 28.808538777769645, 86.32270811231115, 71.51199044121701, 94.00874381482605, 31.241151678879223, 86.04025193794283, 19.18597951421726, 42.714911389285945, 37.2432240214644, 86.48451604976503, 33.02294950178267, 77.7572453208257, 83.71407570747053, 70.02605790850312, 60.18696246309203, 96.73301366862064, 40.516089222153994, 46.076833250702315, 48.16047773726833, 32.941669479014706, 72.84758832721346, 65.65479495251984, 44.916997893169835, 88.76297395146877, 97.89550128448319, 63.30531505362715, 88.1099125118304, 31.217488670342366, 72.90387324086467, 14.92070917045142, 46.139246747797564, 12.499040941965482, 37.023413804011696, 81.98276293469756, 18.975625715470173, 25.910911758777388, 42.87303717053985, 57.72900965113698, 33.22217868825433, 101.1692589243618, 87.71349533984262, 88.3980886601728, 21.646779603037075, 71.37493087390628, 11.2747627561296, 68.26577501784442, 95.06859666874428, 92.21330584516188, 76.5982412186385, 13.476699763617527, 66.57635095949298, 91.39919412317654, 63.71209711975102, 72.06594919305914, 11.318295924975555], [13.38918248512806, 38.893671256891665, 27.65455494768764, 29.69889948171313, 2.2431118244137376, 80.40451862527448, 0.0, 44.93040299120687, 94.45598830498001, 38.85794792039446, 25.778461215389708, 19.06421597864383, 25.61317284390031, 33.76001480928027, 57.94275306806995, 63.17818024110454, 64.49992312685812, 13.466907285483892, 15.655278775012237, 90.54237110917894, 88.17550071533132, 65.74782809634911, 51.98326690376156, 101.07479752897483, 18.6883585901855, 60.95868856771443, 52.1061507026477, 11.116626959338744, 75.70963382193648, 85.78833798071335, 58.12061995602116, 70.41938826797194, 58.50139952383486, 75.28848936589294, 31.60124776726874, 58.744706657301705, 44.03613603914161, 47.285132335316895, 41.12684661963786, 48.05560531729524, 38.51545471807634, 60.06816503897136, 55.414168139834956, 89.69365468601, 85.02032560653366, 32.33666365109094, 25.27463133847206, 44.30813922946807, 37.17818744186116, 85.68925982486317, 65.17730480941069, 93.20755542577719, 47.13021417156141, 73.26053672668614, 73.2330398255985, 71.5848706878595, 99.31315430995674, 65.88090745873212, 37.58944678257603, 23.090314878764808, 60.72451711948291, 40.557962915242044, 27.65765888442702, 41.203296366919815, 84.97604657035397, 9.681394864128622, 71.91378462476587, 13.58311323142851, 50.2720172047556, 37.07119543784699, 41.61420018096063, 71.39635429412745, 36.70628385261221, 36.75787703538272, 70.07737333606349, 84.85883296161917, 77.27472484795338], [31.54921007671827, 8.241779315741102, 38.74611172530225, 74.0822448813224, 45.220660737430144, 106.75950374322237, 44.93040299120687, 0.0, 86.7365614682392, 59.00006960056344, 24.88183948765852, 63.89927085962162, 25.45318614489122, 50.863425252762084, 72.74538630415837, 74.19535665302352, 54.118157717962845, 57.71979134982943, 43.974551932793936, 119.7124244163238, 107.979870102154, 60.64832402890839, 83.13250700804306, 86.44954324646568, 38.52278148002885, 32.743768048726636, 75.5716928296243, 33.83853943187646, 94.56616208602595, 92.75094270448342, 96.63515008733114, 49.38254074403821, 75.62155892345496, 60.88855485194477, 23.064362949035676, 50.047605241450306, 48.62773295343135, 15.264359671001559, 67.79351400413248, 61.76681650273782, 78.0514242278951, 97.27320795619316, 45.07405424570993, 84.54148210141197, 90.78095258500524, 18.140427065458454, 21.261379338150213, 88.51906811285029, 19.053205394969307, 98.42283277527763, 53.75290447437597, 121.44472333012375, 61.437369233872865, 104.02121526219912, 83.48123513435208, 53.90903955627439, 125.00435819176273, 101.10681385445672, 68.31984860856917, 60.674510851588394, 98.09572711234011, 5.632211705335816, 20.428108223053094, 20.28706969512973, 102.19840573388731, 46.604455552561745, 101.7858814983301, 46.79859053228019, 20.048685973649807, 14.628920144318856, 32.67347757829095, 102.25469531851584, 40.66038193518793, 15.44900523390377, 64.77499201825495, 75.22738654772127, 107.88291841626551], [90.27874151138332, 81.25447243213976, 67.11944282568695, 115.11901708416056, 92.51544090270556, 71.62665394557054, 94.45598830498001, 86.7365614682392, 0.0, 60.60281959793687, 76.26393956659933, 101.64866835244456, 75.92049405791353, 62.004994130257614, 46.79393137125389, 40.051342913842625, 33.10972554313305, 104.34054613853236, 79.0951721956755, 84.23164736843566, 58.800770445861936, 29.013276198724096, 74.41696666347164, 14.960263072877192, 75.99511752341648, 56.200120010299656, 60.43400879216352, 91.17387606917853, 52.66364675591843, 29.419710992449826, 95.09163450958216, 39.42334421853859, 49.76991923647252, 26.330692446311726, 71.92792139548673, 38.19165191729242, 50.419852268031846, 71.51509376920862, 66.77298607919596, 50.45791611650401, 90.43930595431165, 92.01593508935686, 42.913005493565315, 6.259686141459362, 26.923686583977037, 75.92916657338014, 93.47481338827757, 110.54716328465531, 71.11795860692197, 41.663158030114744, 33.21595272957525, 83.15620312518121, 51.46528185996113, 79.92764046246847, 36.012679464593575, 33.84999642013813, 79.78287053015245, 88.8852465582821, 73.01795093500807, 84.03397742582546, 92.80525156166699, 83.12589171157383, 78.87940159877274, 67.89633200779444, 51.501484784936906, 85.99890185082667, 77.0726805239913, 82.13778804264278, 66.93829812028767, 75.42961447553483, 58.051528656439245, 79.40394255628179, 58.26672240968017, 74.82655916560036, 24.541368889879596, 11.532277355317625, 81.31567554719729], [41.29314955456913, 50.76407447847887, 20.463323631311916, 54.66263338517365, 36.63158356753311, 47.872614188786706, 38.85794792039446, 59.00006960056344, 60.60281959793687, 0.0, 35.227109469590914, 41.436951189849836, 34.627359699567556, 8.151084651243318, 19.085180059426225, 24.605849172274976, 38.49450843379971, 45.561191326019845, 23.844043310678867, 60.71608544725418, 51.454933535122336, 35.22286657457402, 25.88368993616275, 70.57750349272996, 24.778870619718464, 51.81169338801252, 16.631631427179617, 40.88707995806951, 38.25817224954923, 47.199089569555795, 44.39985279769263, 51.013437284735616, 19.897278509961716, 48.989822367584125, 35.936295029958664, 33.89632367216409, 17.261260666588264, 50.12229584151527, 10.443351133689736, 10.262874790792406, 32.225593465594855, 43.344069478023094, 33.85146801035256, 54.979754868609334, 46.66080204327039, 40.930131283987855, 50.90855799966298, 51.50723223912608, 40.671786703008216, 46.94247367782703, 39.75244041311009, 62.46379361554274, 9.244507225972226, 45.39603945638902, 34.47472009047259, 48.97611185272645, 66.42175769509917, 44.909330086749534, 14.799270488249336, 23.47911565327474, 44.24832426613339, 53.38651475014663, 39.874457755370706, 41.53363974337195, 47.16394299209064, 29.219956375062047, 43.00253321283661, 25.27492205761548, 49.326025675977384, 44.56189963114825, 30.941009633341924, 43.70047413914468, 19.984979363062738, 43.75716529656496, 38.50715469623428, 53.26973451333929, 49.14486715172179], [15.427486756425537, 16.871109057291594, 14.814145874371201, 55.13296383902124, 25.06330397262922, 83.05178872050534, 25.778461215389708, 24.88183948765852, 76.26393956659933, 35.227109469590914, 0.0, 42.9470027904142, 0.6012554750729728, 27.13550513994777, 51.21738730905207, 54.085667816631506, 43.74357335622707, 39.1933073497578, 19.615787290117808, 95.59394007326188, 85.95498764985241, 47.45992705434014, 58.41270948668249, 80.20218364826638, 13.785603057521714, 35.328202721582294, 51.83480782856552, 17.126300629788584, 72.538336772389, 75.03637251359355, 71.87106942922566, 46.41943175116112, 53.49615653497338, 53.606235833528736, 5.902154808678273, 38.241174805446214, 29.08552679902832, 22.07286099576212, 43.29598860807579, 39.939233605471934, 53.611399328997216, 72.41808817953999, 33.890875827448255, 72.5392064722647, 73.52960156344425, 7.510202340448642, 17.804096000627474, 65.85797832726963, 11.473423785236688, 78.55212712096068, 44.04463324000392, 97.51282607665432, 39.39178106071257, 79.530664373596, 64.08132266346168, 48.60493718743372, 101.64881031425287, 76.23685350734645, 43.483153048159885, 36.35825966076066, 73.24596561134754, 19.33330855974833, 4.673503529675223, 15.42522104110644, 80.85789154153487, 23.720817295015372, 77.39813858955335, 22.902057703662127, 24.59378462098704, 12.42187222109092, 18.60982821489591, 77.73724996348245, 20.054702936301787, 11.874439251831827, 51.966969964020805, 65.49306103881952, 83.4435872471569], [32.42123787638174, 57.54686780579976, 39.50742278719681, 13.728690990927497, 18.693352271063585, 72.57131899040395, 19.06421597864383, 63.89927085962162, 101.64866835244456, 41.436951189849836, 42.9470027904142, 0.0, 42.64128003702002, 39.91657334121481, 59.10318068637608, 65.43715217383644, 75.1693120551285, 9.477272994791702, 26.047544406394003, 80.45682513032392, 83.44509057050769, 74.44265640620578, 43.98371152333241, 110.42896421730018, 31.826913003987798, 76.80081199920491, 49.3493895460327, 30.167579972810923, 72.48926836983073, 87.53422281673781, 43.67775983735417, 83.73603928709308, 58.340950491955816, 86.20839106624386, 48.37082167219761, 69.58980061138979, 52.82794197245704, 64.9943377836417, 38.73452236232313, 51.693257718309276, 25.294109091852945, 46.51859919185827, 67.25894294709185, 96.21498602858604, 87.36694073316099, 50.11883954762324, 44.25836938619895, 25.54547941203889, 54.36220010517293, 84.73551557989848, 76.10898683708315, 83.5305916706014, 50.675968566627894, 63.24389182577552, 74.622198893177, 83.83433185293245, 90.77311991001753, 53.37971170453362, 33.119182573492395, 18.243001066074154, 46.99898087980801, 59.356401780957846, 45.68279643840508, 58.0438937993325, 81.82741347736544, 19.703870980303833, 62.56967041546778, 22.176510709704566, 67.42156375590979, 55.015233576682746, 55.622108915455826, 61.45750452835009, 47.85318745931912, 54.5946195202378, 78.3536649549686, 93.40085296573767, 67.07568869833825], [15.52247294590995, 17.422991673396357, 14.218423595311624, 54.89638996593648, 24.850288886183595, 82.45081640046153, 25.61317284390031, 25.45318614489122, 75.92049405791353, 34.627359699567556, 0.6012554750729728, 42.64128003702002, 0.0, 26.53744356742283, 50.64626358928398, 53.54082248015939, 43.45666566336076, 39.004371387509416, 19.13310246447793, 94.9932166907212, 85.36926116111583, 47.08936660396082, 57.82172569278959, 79.95536993429326, 13.26143134291988, 35.422315046231475, 51.234291645853645, 17.163272443308404, 71.95412955211044, 74.53039841678283, 71.32584831431035, 46.3186251019557, 52.91410713740246, 53.374388116144715, 5.996701821373233, 37.93307335915313, 28.584377563111, 22.4171772545124, 42.697766381310515, 39.367785113262215, 53.09932571562411, 71.85877598273197, 33.61872576273983, 72.16318433004487, 73.03413948374688, 7.977617835234281, 18.278334190501084, 65.44860056850648, 11.734667848992126, 78.00238520542429, 43.77465985953615, 96.91160244520579, 38.81639629489047, 78.93355904657076, 63.54582430763197, 48.43682723807087, 101.04910590180616, 75.66002227272084, 42.900092278112474, 35.86275157125497, 72.68777653890781, 19.89619936269578, 5.274278896643652, 15.612715759756318, 80.28264746280968, 23.34997462653707, 76.79939937447449, 22.45665391744389, 24.84281338780683, 12.864350226266021, 18.36677222585731, 77.14062474109886, 19.549402902296233, 12.296593902378792, 51.59760072514294, 65.17931236790704, 82.84569273923053], [34.27103889554306, 42.62494439829956, 12.337048616674737, 53.5769483799922, 31.62019847100732, 56.01885784524148, 33.76001480928027, 50.863425252762084, 62.004994130257614, 8.151084651243318, 27.13550513994777, 39.91657334121481, 26.53744356742283, 0.0, 25.365535472942753, 29.78076848107624, 36.03720953615167, 42.40227060133297, 18.137427832006903, 68.84903069319448, 59.12809920841828, 34.55228679834576, 33.2738773337138, 70.52911026103376, 17.613075050257912, 45.54247090501437, 24.778135251307454, 34.12999695079261, 45.79993151588576, 52.246674401671285, 50.467948736751296, 46.93194732781078, 26.97233199304378, 46.98396114392547, 27.80345399897035, 30.79130836185837, 13.434468473365044, 42.35963589626583, 17.573438761562326, 14.574114396403306, 35.99200186903787, 49.87712950128259, 29.623289775901718, 56.80885929906418, 51.35250665590773, 32.78168227709365, 43.204316578543846, 53.940991893399946, 32.65323112291096, 53.398224328715806, 37.13262091251242, 70.6134719631182, 13.739611732729424, 53.370676583843476, 39.97212469373465, 45.74658095299272, 74.53033988946214, 52.12211566464365, 20.19488944330849, 23.416512772907318, 50.77052720948884, 45.24610148024535, 31.767470800348693, 33.73237621931878, 54.46896357397021, 24.523541722475755, 51.03363014993105, 20.53570701768264, 41.87370488850662, 36.46181643457118, 23.864511381680675, 51.647991873403, 12.827256989786246, 35.66097121274911, 38.43799443552039, 53.486805601276906, 57.163152311973086], [59.63599044145095, 64.76334695722737, 36.74996547376659, 71.66969916800309, 55.716762610863015, 36.84859040300718, 57.94275306806995, 72.74538630415837, 46.79393137125389, 19.085180059426225, 51.21738730905207, 59.10318068637608, 50.64626358928398, 25.365535472942753, 0.0, 6.84680276717155, 35.52233966278818, 64.15417808844744, 42.804419730416456, 50.89405137878784, 35.236834335158086, 28.71079301976822, 28.017207822603435, 59.16762440041955, 42.97718144323693, 57.17203005239963, 13.719110016930168, 59.45342120478873, 21.849207351341384, 28.477039606000424, 48.9824655577736, 50.361367513904504, 4.053945686143236, 43.45029302925705, 50.32918038513862, 33.388009030045694, 24.345326002714692, 61.16204831364231, 20.994794902879303, 11.278609357678445, 43.98080063107195, 46.343999283600105, 36.00891975829891, 40.6555760560378, 28.271539809771944, 55.5111571136674, 68.1868882034105, 64.11068368959671, 53.700943262000514, 28.0507414685551, 36.94661057063657, 51.676654646308855, 11.874213491027705, 39.42328599053895, 15.588393193737675, 46.392043556168844, 53.41251481958899, 44.657668644212556, 27.250973403316486, 40.86250078375587, 47.19321099010894, 67.35031769670395, 55.617878704059144, 53.23185473392048, 29.674146708752637, 48.302936492440026, 36.52207107275656, 44.35989983643113, 58.98494287436137, 58.15179711377507, 40.917451760530106, 38.22381954091926, 32.15920184133586, 57.33384830946538, 29.939253497293535, 42.299065942629184, 42.2682667537363], [63.78885394722794, 66.44696318942286, 40.1800099128004, 78.18669502059058, 60.978754923360796, 39.51213938007406, 63.17818024110454, 74.19535665302352, 40.051342913842625, 24.605849172274976, 54.085667816631506, 65.43715217383644, 53.54082248015939, 29.78076848107624, 6.84680276717155, 0.0, 31.996558912166055, 70.11110793582017, 47.74900933240031, 53.60492032261334, 34.85283886481873, 24.386420883052832, 34.4821704172143, 52.715946873911484, 47.22622896821197, 55.65108426449994, 20.382667445442465, 63.80635703012879, 22.171853652462897, 22.626469370107333, 55.35103082419773, 46.97999564313848, 9.807772720711073, 38.718244246083366, 52.49122269865396, 30.893177426815985, 25.655172559911698, 61.66937275024805, 27.72390121658594, 15.212324221740847, 50.82727166710797, 52.53382533258335, 34.28101309609645, 33.88180822786164, 22.067701859454115, 57.631471584360305, 71.51099319249761, 70.95748250525361, 55.19635727041778, 24.49735375574575, 33.39579322867555, 53.95461423473687, 16.088847468054396, 43.84587472570637, 10.213503031075293, 42.505015472927916, 54.56545833147808, 50.32837209765873, 34.004901376652896, 47.20445478096364, 53.36283937960776, 68.97656463221038, 58.277534477986656, 54.19970580713032, 28.328478838750353, 53.63823979696866, 40.90080675331796, 49.64813088377361, 59.00288546142008, 59.77961851581266, 41.70279439933733, 42.834905823563545, 34.30011036178971, 58.97367089431925, 24.800367411562515, 36.09377093626203, 46.31159961222324], [58.418761723598514, 48.25390572721693, 36.91367478976571, 88.89545554171325, 62.8014568070226, 71.50108274641894, 64.49992312685812, 54.118157717962845, 33.10972554313305, 38.49450843379971, 43.74357335622707, 75.1693120551285, 43.45666566336076, 36.03720953615167, 35.52233966278818, 31.996558912166055, 0.0, 75.91179731155016, 50.141574112347044, 85.59922342483516, 65.45443071913165, 8.40135093377191, 61.001828964758516, 36.74317238321113, 45.833631332676944, 26.55790500074333, 47.10845705112315, 59.57971434820083, 53.763143522349274, 42.17874769459549, 81.47704090015607, 14.983803913672848, 39.57616734943254, 11.039138418379917, 39.05736469213285, 5.755601110173803, 22.615975358127795, 39.095110774754374, 47.959138324060696, 30.98782666522376, 70.70746049761838, 79.63048953941467, 9.902833289655423, 30.439121993257938, 39.71164664221295, 42.87597156960911, 60.56563067604682, 89.64297552652641, 38.00854641803939, 51.19464134104313, 1.4245041434746943, 85.92419601838029, 31.67631176597723, 74.94431480146142, 37.20978635697924, 10.990395984140983, 86.07403846330435, 79.24096134399487, 53.21303720138482, 59.446062815670814, 80.52582310097989, 50.21426359742254, 46.01346530143554, 34.83271353317863, 58.21166875846782, 57.185984292615714, 72.04437402244449, 53.69784791587595, 34.84087872163968, 42.33296696979612, 25.21871797075004, 73.72433283674383, 27.89694823431305, 41.72237155348337, 11.296218302227416, 21.909673587975156, 77.75813377240644], [26.343165242860497, 52.10051598102353, 39.13779877258611, 16.3939855592294, 14.20477963062295, 80.82370821374685, 13.466907285483892, 57.71979134982943, 104.34054613853236, 45.561191326019845, 39.1933073497578, 9.477272994791702, 39.004371387509416, 42.40227060133297, 64.15417808844744, 70.11110793582017, 75.91179731155016, 0.0, 25.774413759489526, 89.28847124744263, 90.84035678808866, 76.23084389769743, 52.0433248400311, 112.0447990618829, 30.4980994459815, 74.22679980559282, 55.76130280322351, 24.047208122516793, 79.31759829781029, 92.59437340872185, 53.09440718106286, 82.95169840731732, 63.906823472316226, 86.8712286580398, 44.97259504158723, 70.1960890537295, 54.33323804182474, 60.7460222100945, 44.78790715858636, 55.590097373091105, 34.39602454684709, 55.844033834274036, 67.28156789784954, 99.2087581885959, 92.1783342683886, 45.80197389676721, 37.15628595254503, 34.220166136780094, 50.62319376600963, 90.8326749614804, 76.71123829437815, 92.28196438349012, 54.59439144020069, 71.99303608386165, 79.73888766734422, 83.71181233623975, 99.27907967610093, 62.57606785326162, 39.776327809850905, 24.14577582696417, 56.348478793340426, 53.63144903984282, 41.112361623922794, 54.614103155972145, 88.69171808954466, 18.726405518209013, 71.15622577486727, 22.34474001430771, 63.727251049732814, 50.52086639296899, 54.239185210351984, 70.17947937253695, 48.04558604090275, 50.21746274206782, 80.38267958447065, 95.37844818695739, 75.88358487629348], [18.380278779821374, 36.27836938199229, 13.565780090111474, 39.49839474488747, 13.56284958554679, 68.62077379530814, 15.655278775012237, 43.974551932793936, 79.0951721956755, 23.844043310678867, 19.615787290117808, 26.047544406394003, 19.13310246447793, 18.137427832006903, 42.804419730416456, 47.74900933240031, 50.141574112347044, 25.774413759489526, 0.0, 80.01184653916584, 74.59407931860774, 50.63452839754765, 41.57942910304803, 86.32600881702128, 6.200693938618148, 51.0492098334769, 38.58795293884546, 17.513610049107676, 61.69114351166212, 70.30978085038525, 52.77058536591828, 57.78845899795592, 43.72739242479957, 61.1143767158414, 23.98549539205463, 44.43332756187193, 28.760231486822562, 41.080855085460776, 28.171765720036483, 32.560761380702964, 34.09677050070431, 53.66808228919312, 41.64943323302694, 74.20671650958703, 69.4701857927839, 27.11053680556706, 29.78723479015749, 46.73631089478217, 30.135055135577492, 70.77151498936077, 50.954411108735265, 82.33212517681605, 31.662306229511756, 63.17186005865124, 57.87791080308563, 58.16951755088372, 87.58105891834515, 58.154274745103, 26.350097063559527, 16.764522271035005, 54.459108990951066, 38.607593214522424, 23.64868560127252, 33.27469092979292, 70.78511546668281, 7.050065066619256, 61.38789704957253, 3.8878852811222306, 42.713442311163185, 31.973045661273304, 29.583572107936845, 61.320170123055, 22.307840435355402, 31.369614218022168, 54.87254500946785, 69.7930381863092, 67.18336586314288], [98.30210561001611, 111.47381022313184, 81.04691876960719, 87.06369826781437, 88.50376824263903, 14.1082379058537, 90.54237110917894, 119.7124244163238, 84.23164736843566, 60.71608544725418, 95.59394007326188, 80.45682513032392, 94.9932166907212, 68.84903069319448, 50.89405137878784, 53.60492032261334, 85.59922342483516, 89.28847124744263, 80.01184653916584, 0.0, 26.144931324269383, 77.88531271619401, 38.667723652088235, 99.09235726586918, 83.46048359506732, 108.0122113762726, 44.2277068133208, 97.15097347030336, 32.716455303343956, 54.89760138395839, 40.027076801993715, 100.5830220153144, 47.02092973315637, 91.70617476708107, 96.6506968740658, 84.12615241465345, 73.91527755111386, 110.21587359743056, 52.43017057163703, 59.79685107312969, 55.232322710932344, 35.97730728656258, 86.90291491031587, 78.43470720797008, 57.3144907657612, 101.61769649970769, 109.66800576578896, 67.03529042343429, 101.28808987530931, 42.82423184256209, 87.00023307425995, 3.6107295250081757, 59.79295683456666, 17.348636907374775, 50.6289097138641, 96.04797153943984, 12.722622789385666, 28.33283475769798, 53.72379155323683, 67.48404131158557, 35.8970647149882, 114.09445122528679, 100.26744300844305, 101.79054963275334, 32.89375893133412, 81.988307186911, 18.681809500719325, 79.20803852573343, 108.72719933184926, 105.26631558307663, 90.19417422485725, 19.196691405592667, 79.93792737421028, 104.45879899323002, 77.66765955262416, 85.46517265055074, 13.40692178238532], [92.60905860860744, 99.978111111429, 71.21978842331876, 93.31849652407223, 85.95261749902296, 16.81970588571481, 88.17550071533132, 107.979870102154, 58.800770445861936, 51.454933535122336, 85.95498764985241, 83.44509057050769, 85.36926116111583, 59.12809920841828, 35.236834335158086, 34.85283886481873, 65.45443071913165, 90.84035678808866, 74.59407931860774, 26.144931324269383, 0.0, 57.18278786717268, 39.94229264296746, 73.75197156258437, 76.21928625228598, 90.34303583405418, 36.11736716138496, 92.03099432715507, 13.443435676050663, 29.398960299380594, 52.87592935599154, 80.13792638311648, 32.50322470983535, 69.62317441343139, 85.45431497960813, 65.31422714778832, 59.51350189449408, 96.19494217435296, 47.049369325174276, 46.296202601466696, 60.68232407505741, 48.64177741216136, 69.01418572114102, 53.26095624992013, 31.991957642957043, 90.63324106439889, 102.31026650124436, 77.7677733189368, 88.93752958167549, 17.141474088933975, 66.7652389654734, 24.558449241699396, 46.717518960108045, 29.029698352362388, 28.318853217564246, 75.00536178053729, 21.371116802419014, 42.12161699420286, 51.194976616640474, 66.83057002521943, 49.04477233866404, 102.5711666202979, 90.46842973998605, 88.408871092677, 7.570640118582904, 78.6494065181253, 27.21979065463426, 75.08396257983956, 93.74060668566395, 93.37895752004944, 76.01483256643466, 29.679557823436564, 67.36069418144265, 92.56038301058423, 55.941180323121166, 61.321771295388174, 28.132319973221904], [61.27159519217758, 54.2162384326934, 38.22549230604267, 88.12337756622344, 63.874181963784686, 63.82593690362569, 65.74782809634911, 60.64832402890839, 29.013276198724096, 35.22286657457402, 47.45992705434014, 74.44265640620578, 47.08936660396082, 34.55228679834576, 28.71079301976822, 24.386420883052832, 8.40135093377191, 76.23084389769743, 50.63452839754765, 77.88531271619401, 57.18278786717268, 0.0, 55.498911943020225, 35.98658285235025, 47.15744862647022, 34.748605363496864, 41.2445101049644, 62.16147605819535, 45.73780056915881, 33.94489335186847, 76.32215623164338, 22.98457215862339, 32.72687479267586, 14.812883436860353, 43.448324189897555, 10.629099208854203, 21.899909929726185, 45.98099065297657, 43.72482194054496, 26.325873133984057, 67.1980284112854, 74.15739264507512, 15.58413376864903, 25.08590768429184, 31.544446158545785, 47.78252113345757, 64.92393882097085, 86.72068661275623, 43.42008314959776, 42.79329057007996, 9.63082057679857, 78.07121096332469, 27.17522137462212, 67.96595607721065, 28.89005910468935, 18.164743850047106, 77.93729932486598, 73.16062234667923, 49.444721545124004, 57.68423922327893, 75.03823413006512, 56.35912854879057, 50.34294405622781, 40.74227783681342, 49.891365221952235, 57.637163466283745, 65.03695827083072, 53.892077323695766, 42.03933015512188, 47.95459950244933, 29.701006130159165, 66.84347141427044, 29.29547463068159, 47.273402150826364, 4.5094051223877845, 19.159178160567855, 70.59468321962403], [59.744996772456545, 74.93549442375834, 44.577451720334714, 53.37683802878813, 49.90963854102003, 28.808538777769645, 51.98326690376156, 83.13250700804306, 74.41696666347164, 25.88368993616275, 58.41270948668249, 43.98371152333241, 57.82172569278959, 33.2738773337138, 28.017207822603435, 34.4821704172143, 61.001828964758516, 52.0433248400311, 41.57942910304803, 38.667723652088235, 39.94229264296746, 55.498911943020225, 0.0, 87.15888505137231, 45.51725225331636, 77.51755332000776, 14.40676673954075, 58.53101459606741, 30.701040930986924, 51.42408064976119, 20.989365555198294, 74.9487941274372, 24.68448745776231, 70.27115403702274, 60.376588488203275, 57.428641599167925, 42.47330612316787, 75.61668174306631, 15.700514866818095, 30.13311182119627, 20.84647737769495, 18.667328916191806, 58.44005426662063, 68.19438453757398, 52.31392000588677, 65.03427188691552, 71.3553835515312, 39.39750687145372, 65.66380856116706, 44.791033202636015, 62.388866692950444, 41.238773729456845, 29.56540031213622, 21.606476265182753, 39.71466242017721, 71.96147178484217, 47.4945937937441, 19.048620401442957, 15.240522058727935, 29.052023646283022, 19.55416722332013, 77.50986561438393, 63.042826555973186, 66.98242497371547, 39.545370708564455, 43.32121123336078, 19.987906782696648, 40.57813260899264, 75.09636546970144, 69.16287436362438, 56.8083374073915, 19.749137193507206, 45.80345839916317, 68.38949035880552, 57.433636629090586, 70.31009997679904, 25.627353053180453], [95.09901444237987, 82.14418671217432, 73.4220129836843, 124.10538749500783, 99.30787938252158, 86.32270811231115, 101.07479752897483, 86.44954324646568, 14.960263072877192, 70.57750349272996, 80.20218364826638, 110.42896421730018, 79.95536993429326, 70.52911026103376, 59.16762440041955, 52.715946873911484, 36.74317238321113, 112.0447990618829, 86.32600881702128, 99.09235726586918, 73.75197156258437, 35.98658285235025, 87.15888505137231, 0.0, 82.3865132540088, 54.08821554706245, 72.87874854863198, 96.30374484494143, 67.24806151384134, 44.35988867360899, 108.06564387156527, 37.08990020349511, 62.52153678660312, 26.64793961576905, 75.18242793714859, 42.4692845746772, 57.76952344809182, 71.28696280714308, 77.96574675653503, 60.88101082401826, 101.76112014766512, 105.21633198184807, 46.3882330272008, 20.677216605039373, 41.82883891680318, 78.46930080557601, 96.39983132237562, 121.68078382049146, 73.1626314385924, 56.61160543811447, 36.25786608765809, 98.07169286526164, 61.84095872728319, 94.20373870330536, 50.104654149101485, 32.734456310044045, 94.74054128734551, 102.56472638024454, 84.04960875947583, 93.52478433933264, 106.0352186138706, 83.65285330487798, 82.06734244125906, 69.41523783276065, 66.42872413525428, 93.36647249050922, 91.3137078043083, 89.70491531857574, 66.41604577686367, 77.0341931245426, 61.59260743517883, 93.58513492131648, 64.36948043723916, 76.55095473417758, 32.17966739794646, 17.328682475365376, 95.77013902001603], [16.659018832769856, 30.628623732376976, 8.970477964358988, 45.04489370338559, 16.971216543251323, 71.51199044121701, 18.6883585901855, 38.52278148002885, 75.99511752341648, 24.778870619718464, 13.785603057521714, 31.826913003987798, 13.26143134291988, 17.613075050257912, 42.97718144323693, 47.22622896821197, 45.833631332676944, 30.4980994459815, 6.200693938618148, 83.46048359506732, 76.21928625228598, 47.15744862647022, 45.51725225331636, 82.3865132540088, 0.0, 45.02827262666753, 40.728993008935255, 16.5812065732555, 63.03508953339423, 69.47379542389415, 58.12460320073069, 52.48866107593927, 44.45080763084004, 56.66908926072054, 17.83140037719986, 40.080560971133494, 25.663273236294483, 34.92220802901575, 31.076181135354958, 32.09246074549242, 39.846743936941586, 58.76935074070458, 36.886303806590405, 71.40312459718727, 68.40383305564119, 21.194831340714554, 26.40010590291851, 52.935784894517525, 23.973457964552228, 71.01053277808535, 46.53652698816884, 85.602183772558, 31.303508609698195, 66.94874012168678, 57.439159824929924, 53.237619036713674, 90.37284717198894, 62.84202731061298, 30.34928846423417, 22.675285510013033, 59.5862359202039, 33.043897809419015, 18.094723327938734, 27.07420453773595, 71.88410470391658, 12.209206908238148, 64.98774759495454, 9.962066601437717, 36.51280684161402, 25.988869580380136, 23.923731978509544, 65.12055104067616, 18.01924863741237, 25.35582685489478, 51.529925594051825, 66.22669980252994, 70.92290094746014], [50.31085098790152, 29.926758634288877, 38.52342905094098, 89.73098199990082, 60.02207235020574, 94.00874381482605,