instance_id,num_cities,city_coordinates,distance_matrix,best_route,total_distance
2217,98,"[[76.68056402458649, 7.487966569279292], [42.67286870206291, 93.84813837284705], [30.14431467542401, 71.26664495809908], [8.179537358678568, 67.69679840601813], [6.920493509033598, 53.33023231535925], [73.03525235487105, 78.30193286306009], [8.46394476196325, 40.22701052951606], [94.0681788155556, 46.8701924713378], [47.05832534623049, 31.006570009345115], [65.12601425948053, 77.01728573180269], [80.98188805076875, 71.65799779095168], [91.98388910194156, 56.79624289116716], [81.47423154306736, 5.10128881683346], [48.53204113280953, 48.27494074221884], [54.99038747224502, 78.72324906747792], [94.6174486493409, 20.741614718811675], [64.7991923050667, 75.768696423864], [52.336239507938465, 81.5581761791082], [54.190872316652985, 66.31008309822735], [67.63961430188786, 59.02357533573169], [37.112938801679675, 23.974474786376877], [26.302065444006118, 86.24702609387627], [88.56096850371041, 77.43668451624278], [50.03791609707816, 83.289346672334], [36.65446181797301, 51.43135188590355], [66.3116541014816, 61.169047527113776], [61.75716954738852, 57.46136978444706], [79.17692121446028, 91.95395592997713], [94.70617779787153, 5.173816199020898], [54.61097826702759, 53.99763535634657], [41.283947726853384, 19.09482634626559], [21.125419616184217, 72.6117507331661], [40.560238605688745, 20.457780376720823], [4.785346178802341, 8.545657684262997], [45.33233450448988, 67.4460607061781], [21.061043849155524, 51.4816256983733], [48.12409258153521, 72.30506652404058], [17.595702340217557, 12.969661525167043], [3.588042388182422, 18.624126817904507], [75.03903494140859, 30.762502067788777], [20.558478244623256, 34.867036677507656], [13.26151635972883, 71.4594862556713], [43.56544300518449, 52.188158384450254], [56.81914168087199, 98.66135486106484], [45.439187811590465, 83.35583032808401], [9.0766794389179, 28.431362757441768], [75.4514035284842, 3.5853941299989422], [19.27441919582016, 92.50270091939107], [25.743656910567758, 18.67854285016235], [96.71266488157806, 65.76187328617296], [18.90014798899735, 13.694932824122086], [93.02382431975708, 81.48119835013394], [18.989784882807804, 44.01831442698789], [98.48926002153256, 21.297996637350668], [79.31212611832585, 84.06625261328108], [72.36617493168703, 36.86711015218255], [7.031645653537222, 73.94120750196369], [86.35257906703437, 88.43531946799418], [30.15738821343028, 43.27736555601193], [93.67108392311685, 75.22567559953922], [95.63261786467285, 40.19485572672754], [17.06083317412984, 4.365532845883136], [60.61318534261115, 17.68074671375959], [65.61718383416257, 5.2105410777540495], [16.406041112710746, 66.53786043702844], [80.67846351997365, 25.98900399813401], [30.057092848823718, 40.18790679106098], [32.689950379740885, 49.3325003947824], [88.45926285186393, 77.2870620226874], [61.54751834810984, 90.04051247675956], [4.812885073340912, 70.053189116167], [29.631287400748807, 93.4347133764531], [5.781042488052812, 11.561403432001427], [72.17951669986569, 57.86597931531438], [76.28207192279005, 98.95928025224461], [88.19558054504212, 66.96040758282837], [62.06898690462452, 25.490068608042815], [31.611481607793724, 2.7356949134427766], [95.138598972419, 12.775693881528172], [24.33889969128007, 72.17306185770501], [34.88720631758445, 80.49093422347997], [59.39045643884848, 16.91101143916207], [54.69019674018103, 85.5657020000265], [65.58113734632411, 57.80805214810526], [34.03976469766644, 31.178918384169553], [71.54287600848377, 41.5933412992161], [75.08038468070279, 25.22363497154798], [97.63934396306398, 80.73864030159581], [12.375406725653304, 48.84931230883923], [2.303472620657643, 88.58426241591025], [3.790188868293176, 20.595125492631936], [4.244668333609702, 68.51315173116929], [94.69458413940094, 88.23189078478079], [47.02811929958577, 42.487684581448725], [6.160630840605119, 62.530496675257965], [56.157290704158626, 94.66373188202091], [33.63302551373415, 17.390224447794267], [90.99621823395103, 30.580374475414175]]","[[0.0, 92.81488358604632, 78.95151879800623, 91.20029652050547, 83.4744318163899, 70.90772961691896, 75.66605674311313, 43.04984163873191, 37.82329615578957, 70.4828620551007, 64.31402876020614, 51.628459905936104, 5.354949016728214, 49.55720536080428, 74.46428158164092, 22.302264892009386, 69.30674616090543, 77.96821203423778, 62.97481739602773, 52.32263126809669, 42.86492644310541, 93.49322208819497, 70.95045562229632, 80.34724584027099, 59.43996947290247, 54.67332755370797, 52.15408643268332, 84.50287070804728, 18.173553418080093, 51.48024772855067, 37.25103541126833, 85.60070872406925, 38.3783008817062, 71.90299757025068, 67.65858812134552, 70.91525271838272, 70.82886775759809, 59.33860345382602, 73.93599112916021, 23.332351368910444, 62.444391199569196, 90.07958113637034, 55.630193136845364, 93.31164359349856, 82.04849991929473, 70.77366074301045, 4.091565369025526, 102.58153108976963, 52.15167786217846, 61.62088338212872, 58.11284631933394, 75.77664882040494, 68.283909617059, 25.813487783874674, 76.62348864734733, 29.6942423865263, 96.26528481604615, 81.52313669315247, 58.696566913127796, 69.83605795783804, 37.80107066096327, 59.701439673075676, 19.02770151078966, 11.295355156315948, 84.37954774734617, 18.928063459295036, 56.947643980987294, 60.71358249950129, 70.785955331391, 83.92813537338337, 95.28573004485453, 97.98202752322918, 71.01644205382291, 50.57868716424982, 91.47218168843811, 60.57694978765801, 23.185639170543688, 45.31893948210313, 19.20049776084228, 83.20944283945926, 84.11966497047939, 19.69115524661311, 81.11540558547931, 51.52968353528373, 48.78010829358743, 34.4901786545129, 17.807709218420655, 76.19010210485224, 76.45857817555826, 110.03890641837857, 74.05946533338737, 94.7155330903914, 82.72899261090751, 45.872080169756856, 89.45804098425566, 89.55902414412068, 44.17177020378431, 27.169785761860865], [92.81488358604632, 0.0, 25.8241846113041, 43.286054211780076, 54.03640479553154, 34.11097839160937, 63.60405512489254, 69.63049118588216, 62.9944040718107, 28.061028955601977, 44.27169866295846, 61.67997804525046, 96.85839697433047, 45.94829968403094, 19.505987418058535, 89.6816769840818, 28.573421520208083, 15.63406236572498, 29.849772119292965, 42.849604158876424, 70.09451963950094, 18.049379689937354, 48.73452083578347, 12.873694314595326, 42.84162692173831, 40.33255699386611, 41.08780192539713, 36.55316370650756, 102.81342649891343, 41.60025301188942, 74.76621403026118, 30.25354065380328, 73.42075900400155, 93.33797498648036, 26.53568283408395, 47.56040758518675, 22.222056305998475, 84.67698795977795, 84.77190314251729, 70.90392249408383, 62.99060741491596, 36.9632167191769, 41.66954069245561, 14.942693604348431, 10.850854783008408, 73.53950275138759, 96.03017933762658, 23.437099676311348, 77.05236078748862, 60.90269171097833, 83.60429779525434, 51.847467991603914, 55.17154895111412, 91.53683742498853, 37.922558893465755, 64.25363812213592, 40.82380037542913, 44.01381267357474, 52.096452039973826, 54.29193379753732, 75.38839280732117, 93.07584571615956, 78.25168696783449, 91.55908065903772, 37.89191882895893, 77.77716474357088, 55.12330046169299, 45.621274454187095, 48.68945613905284, 19.25488027035161, 44.71664086774716, 13.048132550921949, 90.1782323436743, 46.533407854011934, 33.9956219599446, 52.87028806972247, 71.05656270393034, 91.78143405717958, 96.56808017455738, 28.38914161480772, 15.460641689559715, 78.73245354075458, 14.595030847708431, 42.70452654420212, 63.26105926033788, 59.699590778154786, 75.8918280118532, 56.5081617317214, 54.24786216387531, 40.711135209760435, 82.93290473077863, 46.02812326927938, 52.32400131883871, 51.5447807389418, 48.103411471019825, 13.509064716064161, 76.99046282910861, 79.61128097551466], [78.95151879800623, 25.8241846113041, 0.0, 22.252982878248464, 29.34383696892962, 43.46409795368932, 37.86155497393855, 68.42110274282929, 43.66872326793448, 35.45122247676887, 50.83907969007053, 63.510042522670936, 83.74135608491, 29.440226680889545, 25.940861170534305, 81.9119263910912, 34.94608720480599, 24.46215735876493, 24.552076080520823, 39.44350704306648, 47.802835499206154, 15.465273942917422, 58.74159371895613, 23.244369942700263, 20.876323121601818, 37.55047156878193, 34.49577098393575, 53.21805463617707, 92.3931609115008, 29.947225579844964, 53.347821715479185, 9.118649989757179, 51.86552025546351, 67.65352561261946, 15.661188024991098, 21.770456954576314, 18.00973994542111, 59.63225594356504, 58.96160033390232, 60.46587053073561, 37.640666081494444, 16.883899630550086, 23.32627993454588, 38.236324698357535, 19.49568021796839, 47.735800565910935, 81.44620318956125, 23.856334599611852, 52.77190798216574, 66.79556692123519, 58.65946916321065, 63.70376624745594, 29.443081557932224, 84.66343584668175, 50.806531452278286, 54.4611189598861, 23.266902546671933, 58.77186716741178, 27.98928245535237, 63.6500144121702, 72.48568093524236, 68.16844057220315, 61.64252242069984, 74.97821887857779, 14.529334586644477, 67.85104988386402, 31.078860559910268, 22.081371308493672, 58.624897462191434, 36.587146684544884, 25.36047713994378, 22.174004022399423, 64.48476484694342, 44.11956537529961, 53.810544443923185, 58.21076489273498, 55.809314986607895, 68.54665340358068, 87.43825449493157, 5.875749716760765, 10.372200035705852, 61.7241581821195, 28.407100496623283, 37.906491811219304, 40.27654842140677, 50.93472126633647, 64.33668592755582, 68.15642063904617, 28.60543467306512, 32.78738112038736, 57.11517164464531, 26.04560242309253, 66.74246664479651, 33.366021922723675, 25.52523020676485, 34.98712046449487, 53.9892562489662, 73.20059270584132], [91.20029652050547, 43.286054211780076, 22.252982878248464, 0.0, 14.421630027586984, 65.71706509362149, 27.471260137661385, 88.37763430906281, 53.4577685204035, 57.70418282415653, 72.91003611891357, 84.51030399685528, 96.38625429132925, 44.78317893979985, 48.09197752790367, 98.36819497882286, 57.19213987829585, 46.28122879166854, 46.03222701499222, 60.08931309741624, 52.42884036255712, 25.93331778764269, 80.96937602799987, 44.668237395768074, 32.79307965808079, 58.497474548359065, 54.54655507010471, 75.0269165400483, 106.7519686457813, 48.41018253515467, 58.805218084124874, 13.847477163849625, 57.27158665185035, 59.248442869415804, 37.153643228516984, 20.709056844843268, 40.20949672651258, 55.531285543691254, 49.28700561871197, 76.38281654282737, 35.086057524442445, 6.323316410005383, 38.63522012027364, 57.659473333332755, 40.41641785969479, 39.27568332422273, 92.9288767618086, 27.174053847063313, 52.0700266311843, 88.55426926018525, 55.055726120105554, 85.9567490762254, 26.02944592337943, 101.53174288373908, 72.99180923016485, 71.20669997098187, 6.349039322941692, 80.8771333924142, 32.85322859187012, 85.82242437600235, 91.67550458613741, 63.95097038208172, 72.46304484208234, 84.87411612227085, 8.307737431519575, 83.6399091876076, 35.147781610051005, 30.626912804077037, 80.850525548684, 57.856572257292825, 4.109370364088052, 33.505489802311516, 56.186611808626424, 64.750616674025, 74.93529198743165, 80.01943163161354, 68.4505720400082, 69.05795376541884, 102.85040650834713, 16.767883750945078, 29.614008383435106, 72.12318899548603, 49.825085566952204, 58.24715429697021, 44.74714425875984, 68.52957870712874, 79.24451390813125, 90.40545690235344, 19.30888531034531, 21.69825544991927, 47.30574987683492, 4.018659850737774, 88.9187457090736, 46.31103258014744, 5.5467699701695725, 55.0370812923331, 56.37935298204301, 90.75368618735565], [83.4744318163899, 54.03640479553154, 29.34383696892962, 14.421630027586984, 0.0, 70.67352520914238, 13.193811539474318, 87.38679058685548, 45.9281116892917, 62.84074430959704, 76.29545955556515, 85.1339796973404, 88.79352930158439, 41.917500742950274, 54.36469447543846, 93.55626081527137, 62.07598928628185, 53.473421429828164, 49.02004935698611, 60.98545551690871, 42.1110941777797, 38.19896128598174, 85.12513257005791, 52.50391093709407, 29.794540075026884, 59.90623490457384, 54.99206611615889, 81.93157737165778, 100.12675356381759, 47.69515450516516, 48.506803725341975, 23.94904754276951, 47.0343549613049, 44.835443334598835, 40.92341798798413, 14.260873407540176, 45.362770084887885, 41.74848210533533, 34.86572800435007, 71.75958566910275, 22.953958717610313, 19.206207830421885, 36.66274207474274, 67.41502622287325, 48.83877912883949, 24.992055598258034, 84.6819612088768, 41.07434450369846, 39.434135761206846, 90.64866097755447, 41.40614793988183, 90.58841242339952, 15.244002395198935, 97.0098094171514, 78.64636937324576, 67.48460274933181, 20.61127489851251, 86.8436719634059, 25.31824254533495, 89.47108680351869, 89.67931269705169, 50.00368269097425, 64.44991062828704, 75.89997457131687, 16.260905692547762, 78.66244914843023, 26.60870062961734, 26.07770633932444, 84.98529634924625, 65.81608095517048, 16.855245399574738, 46.08849705047459, 41.7843680688896, 65.41645900436039, 83.02432520457043, 82.4100810006439, 61.777269598564445, 56.29788724461193, 97.09327844464863, 25.660340977695917, 38.98513503192922, 63.87062438308697, 57.62872593232475, 58.83130124228074, 35.01621879473468, 65.67957772877399, 73.72754965941107, 94.76882744890709, 7.059371240109398, 35.55507727757395, 32.884434400475996, 15.416908975420911, 94.45854513967535, 41.547352357485956, 9.231590088760106, 64.28623790875534, 44.77994564113253, 87.09927393358569], [70.90772961691896, 34.11097839160937, 43.46409795368932, 65.71706509362149, 70.67352520914238, 0.0, 74.96101303319828, 37.81981358432628, 53.959726502983706, 8.012887463419448, 10.358131690884587, 28.662615647208593, 73.68548472067741, 38.75600103233077, 18.049782712718045, 61.473420449492814, 8.616842345131662, 20.953573761313084, 22.336407943246165, 20.019190267098708, 65.12975750060467, 47.403747376048216, 15.54980760768446, 23.531930891002794, 45.22819963407317, 18.404959478566255, 23.69650229983492, 14.969897467934874, 76.27155732240828, 30.498405744543778, 67.18353077706043, 52.22077084484494, 66.33681100921606, 97.59091976132946, 29.754018513665226, 58.486299474353316, 25.62280794801247, 85.68459245392575, 91.56612641430533, 47.581641680300415, 68.12049638447807, 60.1640971875414, 39.37510483321368, 26.02822140454906, 28.055029101105617, 81.10346979078446, 74.75559475211723, 55.60475694888897, 76.10153504560706, 26.793151329243468, 84.2892281299062, 20.239830489229075, 64.00218002024646, 62.428801458294956, 8.522119831657793, 41.44022439225043, 66.14750201828689, 16.73429756050598, 55.364533307685335, 20.86386597120426, 44.30338876268924, 92.73471221781698, 61.88082060707678, 73.46685847163353, 57.838231006438406, 52.86833838263848, 57.44389591544322, 49.668615936006745, 15.457362732173468, 16.42444166348612, 68.71923435907811, 45.966348776090534, 94.74928502921823, 20.45386224938625, 20.910950204715, 18.93319166215329, 53.938409172088505, 86.17531607580331, 69.15378461631947, 49.0805238616817, 38.21079878017284, 62.88899497420138, 19.730773111594374, 21.807406478521052, 61.16556671200656, 36.73891508687177, 53.117683244756265, 24.724458881952607, 67.43199336569727, 71.47524722169695, 90.13852913237436, 69.48355694719633, 23.827100488298836, 44.26094610073552, 68.70919299556816, 23.506893810535377, 72.54496331315342, 50.9896404209225], [75.66605674311313, 63.60405512489254, 37.86155497393855, 27.471260137661385, 13.193811539474318, 74.96101303319828, 0.0, 85.86161397396607, 39.68050826374675, 67.5582302106965, 79.03644133605042, 85.14763980056911, 81.02048075453446, 40.86834383103822, 60.38766639674688, 88.32953572827275, 66.60984575838046, 60.27473351439847, 52.64293474167738, 62.08921576258333, 32.9379686315007, 49.356259805733686, 88.31813545634043, 59.85615997247068, 30.335499289044716, 61.52175541577264, 56.010632445616004, 87.612795408169, 93.0937655903518, 48.157853040172505, 39.03487931286862, 34.77189013473351, 37.69608121989552, 31.89420332351096, 45.82744652199693, 16.892402671367147, 51.00910704431268, 28.7463401359702, 22.14630914206819, 67.24447600229618, 13.2290233901599, 31.598801135811513, 37.08347660247703, 75.84719946395153, 56.809010691934716, 11.811551555455527, 76.35396312154143, 53.38177744533377, 27.621095403093296, 91.8687423379215, 28.510795940503325, 94.0865625026625, 11.187819067743543, 91.99383106771145, 83.31472827767608, 63.99049891358843, 33.74460783937184, 91.60065722808352, 21.906851772211965, 92.11494515393176, 87.1686790333454, 36.87752800859822, 56.814411069621976, 67.02720245773467, 27.483408036489966, 73.60473863440257, 21.593183493951212, 25.880674138806, 88.16290792039985, 72.79595291583092, 30.04881305364121, 57.26356639815321, 28.790883885015322, 66.11208155246958, 89.71498134863214, 84.09404415685805, 55.593866570992944, 44.061402708641715, 90.91793259973619, 35.673020470253476, 48.15986194405169, 56.010225898110036, 64.749234097492, 59.7617495820992, 27.129145523849328, 63.09372731877149, 68.28507410540367, 97.94612789419362, 9.468031615236276, 48.74807921352365, 20.18055758038044, 28.59909225235522, 98.69240951443031, 38.63037930097626, 22.422104033154948, 72.37411055600049, 33.98531189251449, 83.09412585505233], [43.04984163873191, 69.63049118588216, 68.42110274282929, 88.37763430906281, 87.38679058685548, 37.81981358432628, 85.86161397396607, 0.0, 49.61432092474971, 41.79110098150198, 28.030096299221373, 10.142521409751714, 43.6262400442839, 45.557800130894705, 50.41518611279963, 26.13435043616179, 41.13146121942854, 54.266112557333464, 44.363373645303945, 29.089065596915287, 61.38495950432521, 78.37589647093533, 31.05865099050719, 57.1403432591552, 57.594609771085224, 31.223099143247953, 34.00256397399024, 47.47941954717562, 41.70125701875266, 40.0957743061014, 59.646005859632595, 77.35162533111104, 59.67172846632277, 97.16066163982313, 52.901312595529674, 73.1526286090224, 52.51468249885888, 83.64977977677772, 94.78657770388236, 24.931225535853066, 74.48323185146499, 84.46508193367355, 50.78195630128054, 63.79510380225206, 60.79457653341582, 86.96864611747766, 47.11855355950226, 87.61525155654363, 73.91217357044972, 19.07587247186869, 82.16343901640553, 34.62675850054341, 75.13253918177332, 25.951554072957396, 40.016096527353625, 23.89641455238093, 91.14931683590117, 42.27517311292236, 64.0116986232376, 28.358263483283245, 6.856208149724368, 87.95895277124308, 44.39887759740505, 50.447850991555384, 80.11382399925927, 24.80541287199631, 64.35893153675853, 61.42759873402925, 30.929692717380384, 54.04877322020739, 92.2169116509721, 79.50073950804811, 95.08590339443289, 24.495323176741454, 55.041971841930746, 20.930937716041335, 38.48451609884724, 76.47674745169209, 34.111297738472956, 74.17821490420678, 68.06424745613407, 45.82681482881667, 55.20840452334553, 30.514722774070385, 62.045359085006766, 23.135133992328637, 28.794266403213985, 34.05620323732061, 81.71674202428723, 100.80091732904332, 94.02390447994325, 92.39415956013113, 41.36644136255878, 47.24376757489737, 89.29155681657443, 61.003752727150975, 67.24192345020931, 16.576945199742006], [37.82329615578957, 62.9944040718107, 43.66872326793448, 53.4577685204035, 45.9281116892917, 53.959726502983706, 39.68050826374675, 49.61432092474971, 0.0, 49.43103624200876, 52.946639999644106, 51.8016747424236, 43.07595841084181, 17.331141508497993, 48.37146958598431, 48.65428569486053, 48.149624314219686, 50.826383544781024, 36.01681916413723, 34.76409128015628, 12.180356183027863, 59.01127276678332, 62.27539580107656, 52.36761114118643, 22.921869274114542, 35.78359565733548, 30.264045532457338, 68.89258342597643, 54.200083142723834, 24.199827518643932, 13.23756299271427, 49.02557151798715, 12.38959620007715, 47.86958690196564, 36.480344387496544, 33.092091966313674, 41.31224605579032, 34.54527785473808, 45.19945132235588, 27.98177404329088, 26.779564957343037, 52.713022399615454, 21.467648057968066, 68.355273745711, 52.374293907175215, 38.06884708286726, 39.47262057768154, 67.4812533810711, 24.623065287648185, 60.6092776772324, 33.054133389247916, 68.26796614830441, 30.93781596261854, 52.339253323816045, 62.09378054424166, 25.977551489813308, 58.698536471057196, 69.58519698800309, 20.88573913738662, 64.25012499088099, 49.435680313832634, 40.119750719068556, 19.00820338766004, 31.778394185587352, 46.925847122762356, 33.992494164130456, 19.321978457967724, 23.28711926515469, 62.09606724537718, 60.786043440017615, 57.526651975614826, 64.81492679790242, 45.628155599088736, 36.77637996447644, 73.9702520837021, 54.63471608375549, 15.992240247420579, 32.21563844110177, 51.420594671366494, 47.019701755667285, 50.95918406025179, 18.7287540613618, 55.09032895663625, 32.57934942912598, 13.019701429857944, 26.67532469299079, 28.612552262880502, 70.93460551712275, 39.003439550990066, 72.92590421347371, 44.50314383499222, 56.91882728280871, 74.45770940380466, 11.481154307081836, 51.636996120158955, 64.3041633820768, 19.121808022360014, 43.939959877609645], [70.4828620551007, 28.061028955601977, 35.45122247676887, 57.70418282415653, 62.84074430959704, 8.012887463419448, 67.5582302106965, 41.79110098150198, 49.43103624200876, 0.0, 16.737105511951928, 33.618982950352894, 73.75076149183296, 33.188587490716365, 10.278192510008468, 63.53499705149781, 1.290654039541846, 13.571957274085905, 15.304297355521706, 18.168428632957323, 59.98559985193637, 39.90597835886081, 23.438706785348423, 16.33981195118317, 38.27883630932685, 15.892526420538099, 19.843965411031853, 20.50687940342291, 77.69472433483307, 25.307514404437622, 62.637492269529865, 44.22059551371835, 61.66404932765901, 91.2653278737506, 21.98631635209202, 50.929279894827694, 17.642855511650858, 79.7573113742988, 84.83326582170724, 47.30510533594722, 61.342552618673274, 52.1614347713925, 32.883792324527, 23.183396224658658, 20.682076375170624, 74.1762754868298, 74.15427410322017, 48.39593839790564, 70.38734965437756, 33.53208622862125, 78.39994317741207, 28.252686987671893, 56.722868124531125, 64.94417098531787, 15.840887089044323, 40.797751477669586, 58.17575028308015, 24.10266682195334, 48.59204689058937, 28.601238941134703, 47.81782319389907, 87.11221975224987, 59.507902731256486, 71.80842447347551, 49.83426670405337, 53.345704744532874, 50.85501353915435, 42.644408533446025, 23.33480810122692, 13.50592713730741, 60.71385504064023, 39.107640752713564, 88.35325801687783, 20.408930254541655, 24.615213712706023, 25.166360219690834, 51.6178217359802, 81.49219983143928, 70.90653964627357, 41.07377776321394, 30.437669746394995, 60.379307985898315, 13.490059599236467, 19.21462442769119, 55.38511382055603, 36.00044380099783, 52.741556192040235, 32.72560294705114, 59.80017827686339, 63.87853072490258, 83.33992826054558, 61.47242127040611, 31.623846876020934, 38.98496065897604, 60.718889144184864, 19.794824170584025, 67.43289091761233, 53.156882721943084], [64.31402876020614, 44.27169866295846, 50.83907969007053, 72.91003611891357, 76.29545955556515, 10.358131690884587, 79.03644133605042, 28.030096299221373, 52.946639999644106, 16.737105511951928, 0.0, 18.490964978369217, 66.55852996859139, 39.99699891170938, 26.93465941726115, 52.710592654477324, 16.69663094305526, 30.30819546849789, 27.319566534377792, 18.375116314381337, 64.79354191851968, 56.59260328992265, 9.530775455398054, 33.05779298548564, 48.724100001869175, 18.034240814741345, 23.898410999254356, 20.376060023008534, 67.88595238347371, 31.738199132021123, 65.86967024575581, 59.86406650182726, 65.23321245443493, 98.93978202416193, 35.89750802012718, 63.22652576768852, 32.86416621555041, 86.38361738534857, 93.82110006192663, 41.32504172439113, 70.74293796735013, 67.72066264296474, 42.17896402668257, 36.23561238880873, 37.418215168001744, 83.89815851277103, 68.2968932546158, 65.13304354164038, 76.53812661230609, 16.799453082662527, 84.93444147956858, 15.540382824509031, 67.87468564676591, 53.316393253045376, 12.520099546205541, 35.841824384980406, 73.98548098913568, 17.615982647787668, 58.2115973820554, 13.181199370038533, 34.70696173152541, 92.81259125207937, 57.69252710588731, 68.20072315830727, 64.77851352331678, 45.67000175710865, 59.86402420403631, 53.20281080928714, 9.359353505507714, 26.750917216304355, 76.18590700029813, 55.77732091818008, 96.26405262034038, 16.36158656828609, 27.70285717517436, 8.608409444571748, 49.89163772419093, 84.78042737733529, 60.56020292073734, 56.64533009248009, 46.93336180271598, 58.85084904787074, 29.743524813618695, 20.712414551911916, 61.98482729280163, 31.511561660769196, 46.80788173449981, 18.97179237384219, 72.29858513992747, 80.47851569672038, 92.55255453001992, 76.80163374993575, 21.511205521543566, 44.76344027383633, 75.37593652570064, 33.84559697346624, 72.02017777800403, 42.28070418371703], [51.628459905936104, 61.67997804525046, 63.510042522670936, 84.51030399685528, 85.1339796973404, 28.662615647208593, 85.14763980056911, 10.142521409751714, 51.8016747424236, 33.618982950352894, 18.490964978369217, 0.0, 52.75245187431834, 44.27951763791284, 43.00363662159668, 36.15068254592862, 33.15059174416588, 46.74494045867741, 38.97210891417834, 24.44595519424715, 63.93817051166258, 71.98229358866735, 20.92233772550164, 49.61198644767619, 55.58891597315351, 26.041986681184632, 30.234036594767876, 37.417685826227746, 51.69415627834545, 37.47754885806147, 63.18133320000105, 72.60201778300885, 62.967258859462696, 99.65793927594163, 47.85171016642915, 71.12169243385996, 46.52102063892217, 86.33870258422789, 96.28570071279037, 31.06257786759769, 74.71599160352437, 80.07635528750389, 48.637232294258006, 54.674007182935554, 53.58937304193101, 87.62517811171155, 55.71999196985309, 81.00381570611653, 76.42465189441906, 10.136264043222663, 84.84666254225569, 24.70685109981494, 74.10408022902277, 36.089407558147265, 30.07036759597596, 27.96471063669127, 86.66506492481514, 32.136316206802086, 63.28725192738313, 18.506502001108004, 16.99762563911805, 91.44639777167086, 50.14123149226047, 57.93347718081745, 76.2030853646564, 32.816133468186486, 64.11524718964483, 59.761849212055246, 20.791744969660723, 45.072764780344315, 88.17329848977438, 72.32029077934321, 97.35050829468804, 19.8332423536156, 44.99187462463762, 10.84718975594554, 43.301015250458036, 81.03931412771999, 44.133444568455296, 69.37067935301039, 61.81803605996458, 51.508868564001666, 47.10096885829383, 26.42213197759003, 63.3543121490158, 25.474756781988336, 35.81281938866079, 24.60127158187344, 80.00415096691006, 95.14754482151386, 95.33440964208653, 88.51811573796064, 31.552303023350955, 47.177919405427545, 86.01461111376608, 52.12956814734276, 70.41063535467518, 26.234466842982574], [5.354949016728214, 96.85839697433047, 83.74135608491, 96.38625429132925, 88.79352930158439, 73.68548472067741, 81.02048075453446, 43.6262400442839, 43.07595841084181, 73.75076149183296, 66.55852996859139, 52.75245187431834, 0.0, 54.30609661538947, 78.24057149532527, 20.42948727263443, 72.60812235202795, 81.82101322378502, 67.01416408536011, 55.66874902165573, 48.20914272550453, 98.12542275219639, 72.6817123610848, 84.27107641435963, 64.46151178955158, 58.08181575558998, 55.94944693807522, 86.88304448747449, 13.232145023056281, 55.789668232431865, 42.55676216320335, 90.55187225641949, 43.700991420204176, 76.76619578504786, 72.06321741000434, 76.16356672704441, 75.02385958395645, 64.36130656067031, 79.0514111744612, 26.455805049421674, 67.7991795350219, 95.16504021968912, 60.45038903173143, 96.75411833257469, 86.15275761033705, 76.06377522018802, 6.210667757562047, 107.27452397262768, 57.36060299503618, 62.545314443002894, 63.161433248112274, 77.24819527744663, 73.61277712992656, 23.49137157226425, 78.99455808625035, 33.04578793651966, 101.39345638893771, 83.47669698265013, 63.959606350525334, 71.17719318455342, 37.842018203196275, 64.41760028349576, 24.360336811261572, 15.857424068839139, 89.48922694003173, 20.90286803866187, 62.247834599867595, 65.85063527617464, 72.5229378590791, 87.24531858332024, 100.47741733865378, 102.42306747883299, 75.96836150766504, 53.577087336070406, 94.00149508285574, 62.223203926765215, 28.147217639621886, 49.91883277504984, 15.671995097668256, 88.10827931959653, 88.62251155265054, 25.04321607282215, 84.80510780158137, 55.05082509831484, 54.13013401755662, 37.819329940273576, 21.113741792243353, 77.34545752130896, 81.78347724696452, 115.05396972418843, 79.21407363109446, 99.92732254889118, 84.17526184292313, 50.83578697098113, 94.71141623909996, 93.07190070717235, 49.39432086063141, 27.200221259001903], [49.55720536080428, 45.94829968403094, 29.440226680889545, 44.78317893979985, 41.917500742950274, 38.75600103233077, 40.86834383103822, 45.557800130894705, 17.331141508497993, 33.188587490716365, 39.99699891170938, 44.27951763791284, 54.30609661538947, 0.0, 31.125708302143767, 53.68378552110494, 31.945685291492236, 33.49993561821786, 18.902082693944905, 21.923332274919872, 26.849740105257062, 44.00058050842452, 49.52496669768372, 35.04677277648964, 12.289825942144564, 21.96298311013432, 16.102624013805908, 53.35695871197284, 63.16452986963556, 8.348814905622344, 30.06682447785903, 36.65246544901203, 28.936897662521513, 59.094748088964174, 19.436305286237662, 27.657521945513363, 24.03358831116696, 46.94166378052679, 53.843604908395164, 31.769580247381022, 31.020833516651532, 42.2082109124972, 6.323003184943035, 51.063360281610336, 35.21696403442863, 44.16438784398285, 52.170946399269376, 53.02926750104384, 37.353142085311156, 51.25588078081577, 45.53928017549177, 55.517333468724594, 29.847341119910208, 56.77569226643535, 47.20626692683131, 26.42356018241604, 48.79590222875676, 55.16565153274135, 19.042153965595475, 52.57257168310087, 47.78861896238174, 54.02289359322816, 32.89314143813319, 46.32973796155502, 36.954216445088534, 39.115923213639185, 20.1673952761166, 15.877350907729962, 49.354698007334065, 43.74660706220619, 48.84318487557448, 48.95552630720807, 56.35185628666297, 25.518446692640293, 57.78379081033388, 43.84453249559454, 26.502816812554297, 48.58115113182582, 58.58641277065118, 34.00629773527686, 34.98645099348372, 33.19037879093223, 37.795816642472616, 19.5333533929717, 22.412051595949997, 23.96126651060583, 35.15931232077683, 58.86780937272772, 36.161196251635474, 61.33450872450067, 52.61183817650806, 48.69246937143956, 61.05356855695818, 5.979474454399713, 44.7052265972373, 47.0113217686712, 34.290616311238075, 46.00330436226784], [74.46428158164092, 19.505987418058535, 25.940861170534305, 48.09197752790367, 54.36469447543846, 18.049782712718045, 60.38766639674688, 50.41518611279963, 48.37146958598431, 10.278192510008468, 26.93465941726115, 43.00363662159668, 78.24057149532527, 31.125708302143767, 0.0, 70.22943755488673, 10.244121903426956, 3.8834666400896265, 12.438887163415457, 23.41111027963024, 57.59367548830036, 29.658507068611815, 33.59522524310083, 6.736187353311929, 32.87938292256437, 20.888299830526865, 22.31270602815043, 27.568823307219713, 83.58745765042022, 24.72852451597326, 61.18345598863832, 34.412010400183355, 60.02577811294554, 86.28696601240402, 14.847658551576407, 43.51214086295722, 9.398886779138868, 75.64322012452813, 79.0829031795762, 51.98251165643106, 55.75772357488571, 42.35635648295511, 28.890143537752085, 20.02179823571886, 10.615376775875944, 68.09803531667569, 77.8739393035906, 38.28189759222732, 66.78875648843211, 43.68919425173165, 74.37195237052786, 38.133300443043105, 50.004758525597126, 72.04034654083084, 24.901699894961528, 45.31946992995622, 48.19656459093093, 32.831560625301684, 43.279192576765, 38.83850277866177, 56.00203554060123, 83.47287613916804, 61.30092127769942, 74.2768270519149, 40.4627665893917, 58.65814397053074, 45.89816755752822, 36.8934357583878, 33.499675407443654, 13.079618358281131, 50.92103383231092, 29.31742039386156, 83.26027349785019, 27.02761301185067, 29.374015470351193, 35.22711011131519, 53.70175110506982, 79.50271458089529, 77.2072465618778, 31.34355843980891, 20.18074833468397, 61.96864794014997, 6.849034721021628, 23.44375066134773, 51.95567317210382, 40.652366814515794, 57.14732448898432, 42.69654894230128, 52.043142502077316, 53.60177777682731, 77.46185569308727, 51.762670898188354, 40.82692126884206, 37.10005186080638, 51.44463395477633, 15.983136598095845, 64.94518318417131, 60.11785277958447], [22.302264892009386, 89.6816769840818, 81.9119263910912, 98.36819497882286, 93.55626081527137, 61.473420449492814, 88.32953572827275, 26.13435043616179, 48.65428569486053, 63.53499705149781, 52.710592654477324, 36.15068254592862, 20.42948727263443, 53.68378552110494, 70.22943755488673, 0.0, 62.5868047785422, 74.06993178282966, 60.916281767918576, 46.83280959705527, 57.595312630770785, 94.64645002274612, 57.01764543621562, 76.8085509244116, 65.5863385911922, 49.35175101711592, 49.27614387042135, 72.8670531052461, 15.5680513749987, 52.023846273560544, 53.35891896012259, 89.95326198397684, 54.05795519289717, 90.65620774258042, 67.89939433645799, 79.72134571212595, 69.42925694919923, 77.41287141652323, 91.05403098858132, 21.993918854534343, 75.39402259408934, 95.87017373480315, 59.95992318879246, 86.60368302513966, 79.61809678327072, 85.88571139606674, 25.723008969922564, 104.0491498279591, 68.90468383216854, 45.06898725877804, 76.04449582326001, 60.760485993861444, 79.12868175376354, 3.911583329178835, 65.14800581939609, 27.48000700563264, 102.47667812098972, 68.19637623717281, 68.28586572049608, 54.49227923522622, 19.479711349191422, 79.26666803567944, 34.1417462350384, 32.897258362885275, 90.63288801943882, 14.893971957992548, 67.42549826622418, 68.20889814142829, 56.87979310011274, 76.7851386701541, 102.45238410413754, 97.50634721020782, 89.30948067771878, 43.37832681032481, 80.33796886407153, 46.6628032136507, 32.893011055320244, 65.52835287780324, 7.982950109145862, 87.08770406005277, 84.48480946466817, 35.43465114381904, 76.13374900042733, 47.08532847698354, 61.47026192193954, 31.100328035924907, 20.044584656724513, 60.073079911623935, 86.91257747639307, 114.56218842522581, 90.82737791231958, 102.2221070537996, 67.49032014551828, 52.32242179439095, 97.83107518584102, 83.32864546516763, 61.07644130048343, 10.484011792700617], [69.30674616090543, 28.573421520208083, 34.94608720480599, 57.19213987829585, 62.07598928628185, 8.616842345131662, 66.60984575838046, 41.13146121942854, 48.149624314219686, 1.290654039541846, 16.69663094305526, 33.15059174416588, 72.60812235202795, 31.945685291492236, 10.244121903426956, 62.5868047785422, 0.0, 13.742025624333149, 14.212734396325327, 16.98431857261983, 58.729635007268264, 39.897671225649894, 23.82024753000582, 16.56669717983462, 37.20795873668071, 14.677782141522425, 18.558343437401334, 21.649058036603748, 76.66853914890243, 24.037029876639714, 61.358734318316046, 43.78772347330006, 60.38894195475451, 90.1143643613649, 21.1713206465062, 50.02886601529473, 17.03102119289007, 78.56136613545726, 83.7395170131619, 46.15638533977572, 60.2510294566377, 51.71751477130657, 31.73190639653544, 24.243659341919756, 20.793613800106627, 73.11512564965139, 72.96505145613074, 48.502905821246394, 69.1709511284889, 33.445571324179404, 77.20022277535955, 28.796918769589276, 55.73677928734367, 64.04746519552916, 16.717496420952944, 39.63070325548928, 57.796445927896826, 24.999836404525787, 47.49464361680751, 28.876997718254668, 47.076515097073795, 85.89157526473824, 58.23858305121567, 70.56289673750263, 49.2656616249298, 52.25101943806314, 49.72932802201596, 41.59177656108393, 23.70874042143766, 14.637558436093052, 60.257979381019204, 39.355681804897145, 87.21077044245385, 19.364309128941844, 25.877783958760354, 24.999538695399423, 50.35270039005327, 80.21996915324186, 69.91850946799217, 40.61974724597131, 30.282444345717142, 59.1056808219728, 14.077397117018377, 17.97765782430771, 54.17001654387891, 34.8343532706943, 51.58009455093351, 33.21409193502158, 58.931371404444334, 63.79618884046856, 82.25704486335465, 60.98764876757793, 32.38928320612185, 37.72846120664238, 60.114314628093624, 20.77750774863974, 66.17685352693886, 52.232830748824924], [77.96821203423778, 15.63406236572498, 24.46215735876493, 46.28122879166854, 53.473421429828164, 20.953573761313084, 60.27473351439847, 54.266112557333464, 50.826383544781024, 13.571957274085905, 30.30819546849789, 46.74494045867741, 81.82101322378502, 33.49993561821786, 3.8834666400896265, 74.06993178282966, 13.742025624333149, 0.0, 15.360468920523447, 27.23970475710761, 59.56199753601643, 26.45304392152911, 36.45843776609456, 2.8773671607085918, 33.963858636955905, 24.718996343884964, 25.872958880460402, 28.783579191952327, 87.34862403186612, 27.654255492875098, 63.43361274556511, 32.46773485439542, 62.22485487695559, 87.1315976747758, 15.75457039778125, 43.39051454310435, 10.166721202940208, 76.88490921589033, 79.605786796093, 55.638273058366565, 56.47909895586312, 40.35861156282456, 30.65166906632077, 17.680925680490486, 7.127473783987337, 68.51166208541255, 81.32690543832727, 34.826234136660005, 68.27161735875796, 47.10403713088252, 75.65310314006341, 40.687657629864695, 50.21182387081954, 75.90382428397855, 27.092229620615036, 48.974377951154885, 45.94044444866475, 34.7045595969115, 44.24163092275496, 41.81710088489212, 59.879050240095076, 84.87083407617602, 64.41144174330127, 77.49416021717887, 38.94340819332835, 62.379600502304754, 46.98786614752729, 37.742162845618914, 36.37465094874399, 12.521888313582846, 48.89615469579205, 25.62356310097589, 84.06506149745255, 30.904301350271957, 29.600697846575873, 38.71675590239761, 56.90658185560137, 81.50152846969061, 81.01278816793999, 29.5284846823411, 17.48164078883699, 65.03089946650033, 4.647728246848561, 27.193670407602138, 53.59879295704154, 44.34053351777716, 60.75258572856039, 45.310516575366286, 51.640467971713264, 50.52369394852244, 77.93081920337345, 49.82942786007936, 42.880856177969605, 39.42942370653041, 49.94236100846609, 13.651227876139325, 66.83813464711021, 63.979138956670035], [62.97481739602773, 29.849772119292965, 24.552076080520823, 46.03222701499222, 49.02004935698611, 22.336407943246165, 52.64293474167738, 44.363373645303945, 36.01681916413723, 15.304297355521706, 27.319566534377792, 38.97210891417834, 67.01416408536011, 18.902082693944905, 12.438887163415457, 60.916281767918576, 14.212734396325327, 15.360468920523447, 0.0, 15.295811726035621, 45.650405740543775, 34.28217094630312, 36.12623383391857, 17.479772220503627, 22.99787676431874, 13.166001588139357, 11.642533276452719, 35.80378266796081, 73.34257364319488, 12.319612753901207, 48.94761661736396, 33.66058789249189, 47.83542453273672, 76.010754873, 8.93107705124578, 36.29695143045889, 8.529105617250327, 64.68699281305322, 69.5312650765005, 41.210149258936845, 46.041319477528376, 41.25201245910915, 17.672818271984866, 32.45785859424275, 19.16114506756622, 58.907451597102096, 66.22987840522013, 43.64873339359185, 55.47979533815215, 42.52532630013026, 63.35447310125201, 41.69125686834134, 41.665807408680635, 63.15405830834044, 30.76294765485562, 34.601015607198434, 47.772656605305386, 39.037180552847055, 33.288352850799576, 40.47437335080819, 48.98390934513044, 72.22026801868364, 49.05158979887514, 62.15878562204023, 37.785517749879766, 48.242946712967424, 35.564130896515685, 27.395765340459118, 35.98356091580953, 24.844587324438585, 49.51965737827985, 36.59123910134705, 73.08166356363986, 19.87194543677833, 39.420694753391636, 34.0109262389772, 41.57328796763717, 67.46504070889601, 67.39916280696941, 30.422274562565175, 23.95262114341921, 49.67196347861895, 19.26209189499563, 14.213467828893235, 40.500195955553565, 30.199492665942245, 46.09195099444267, 45.78157873402637, 45.314585721946386, 56.46628473246907, 68.04473705543403, 49.994767763409214, 46.055578637841975, 24.875926151114896, 48.17872320616397, 28.42175576260971, 53.0639014354451, 51.295668105241575], [52.32263126809669, 42.849604158876424, 39.44350704306648, 60.08931309741624, 60.98545551690871, 20.019190267098708, 62.08921576258333, 29.089065596915287, 34.76409128015628, 18.168428632957323, 18.375116314381337, 24.44595519424715, 55.66874902165573, 21.923332274919872, 23.41111027963024, 46.83280959705527, 16.98431857261983, 27.23970475710761, 15.295811726035621, 0.0, 46.479214348069554, 49.496557625342824, 27.87015700227