instance_id,num_cities,city_coordinates,distance_matrix,best_route,total_distance
381,98,"[[19.967747877813014, 59.67406461781442], [98.17676939820753, 14.828481498264722], [54.91981902868588, 33.61962714867168], [11.716872320586514, 48.06672616975328], [53.317443222158225, 99.15520234942576], [61.63076754401451, 17.66491197777651], [77.90418473266278, 24.22182029939779], [68.85172542483869, 23.35232829426066], [32.53058848588025, 97.19513449563627], [27.274148254402185, 31.019250360902273], [54.226327443940825, 36.57153689157653], [50.44911079964564, 78.13413919773859], [42.97054042022036, 97.57674066950484], [37.27017067990628, 6.108021876517434], [36.34218643078122, 98.32412347236446], [99.98675369597471, 35.51999221201271], [11.213177349752801, 16.440912333888036], [93.68631154697282, 60.04123782397346], [77.83369556034098, 20.70328321594952], [65.12049757864327, 38.106845641973266], [97.2190065545021, 71.93634795641009], [63.6761600690843, 68.76656038065668], [9.267972977044769, 95.8444630208037], [6.415029096354319, 75.29478150505155], [0.2284695554179872, 46.219214393019726], [2.73123655213674, 14.814806278023552], [29.352186320378227, 33.776297628961196], [32.52427603308572, 17.503294597564445], [90.12100883767353, 66.94150445525561], [10.552929536311439, 56.61508334920421], [90.89123669605651, 71.43971323530101], [89.74699038879682, 47.50125976626028], [79.22921483753022, 23.318927075097594], [96.87751730434807, 64.10732268855345], [98.61556869747322, 85.4347379042683], [24.575138527458574, 67.17453751002076], [14.351695330762293, 37.75181923883855], [32.11287025083166, 35.65445995487131], [54.9150881889341, 47.41384435093961], [26.142987479843928, 80.26719110517394], [95.02134787167039, 73.44829079259826], [63.60644616446775, 43.85760515325564], [98.33665647131193, 32.92874680826697], [14.424632635151745, 36.58585296282845], [67.94404895475539, 36.72843807029083], [92.25520762894818, 19.620122938614916], [5.614988094848938, 1.5758573534123466], [83.98620835410274, 21.575311185355794], [7.166687114235881, 90.78809512598676], [79.0391065080283, 79.19738248014609], [53.982900215719084, 38.81045202261165], [36.788918287012876, 35.23522622853975], [0.6558096775947431, 84.84615001703779], [28.233057021966967, 31.085322421597294], [42.81140667274084, 13.019294408650794], [32.94789507195153, 1.9383082082237713], [45.53627995961175, 91.23961382787984], [86.71410392733173, 39.542490713422495], [74.3731256823294, 29.886569835050114], [48.86516688858404, 12.591570339058523], [68.2971375114047, 80.2740107779067], [6.469518098205351, 67.74850772018885], [40.42031728741332, 71.06003855298245], [5.3136692092312305, 98.65169699895236], [49.79101118959449, 85.90106092798253], [54.569600330623636, 41.43857974963875], [95.95357348577576, 55.71650229053585], [52.88896882922847, 34.99165077110684], [42.77430823021737, 27.748831286617825], [86.73610282241013, 43.470295202984474], [67.26046777606844, 85.2803958331962], [48.64687271332937, 20.044599955925435], [99.59039719273648, 25.41160757570363], [17.154852758639482, 53.59351799446368], [98.72390797738373, 11.24447513831358], [98.08521195195735, 77.35638662212654], [69.7905853065059, 88.44672182415742], [96.5144188805196, 31.81261353604079], [88.99647081243529, 31.019421178663475], [2.9591188931939016, 70.90769907408082], [32.44506008623289, 27.844764808879642], [23.733484315635334, 50.24534097261287], [98.71788359609936, 35.210137758300476], [33.869864006926576, 70.35308227908138], [75.32218649148186, 54.42334398320793], [33.66620664865317, 14.869770314375707], [35.79350939371899, 2.551869181350652], [31.377053562103296, 29.819285108857297], [55.84036256997118, 83.80926319675814], [43.22437316467552, 73.56307778994574], [7.04366764221872, 89.34520108246264], [7.59506206210423, 73.10759529175694], [98.35402997139927, 61.25680968472969], [78.2030649116792, 57.39315754974731], [92.2045058782372, 53.0495325201517], [96.44937217156019, 75.8590534556291], [99.62448941060194, 74.0391348129191], [75.36093663890273, 17.087895698701583]]","[[0.0, 90.15418666101965, 43.59450641501918, 14.241041159573838, 51.68135462759374, 59.16566667620924, 67.92269387066962, 60.90083571163762, 39.568366770945865, 29.571639564981144, 41.32041942224571, 35.635485671852926, 44.33668138943664, 56.29116067185729, 41.97557965514131, 83.58504953585724, 44.1106332026185, 73.71947806114264, 69.76524710963908, 50.03914207795443, 78.21841573318098, 44.644134838513516, 37.7197945853113, 20.680497635224313, 23.888744279694407, 48.05674126983917, 27.54563522395575, 44.000457309157255, 70.52868710739706, 9.899301531177976, 71.89277956472176, 70.83304217214385, 69.52422233989758, 77.03743512322148, 82.75924122327848, 8.802564524339674, 22.63017650543769, 26.91552350632766, 37.035518030852444, 21.49908004233853, 76.30709127435043, 46.41655284645461, 82.80699160620367, 23.74429708411799, 53.181079743493754, 82.64257426600834, 59.84482768564793, 74.49750529287238, 33.64446538639413, 62.214028568909995, 39.903896039029334, 29.66830962074561, 31.726721236125925, 29.75956175097679, 51.94709164533607, 59.17686870196065, 40.62183808927203, 69.71625573535285, 62.026123363348894, 55.243299077744744, 52.53653665930235, 15.728917273498807, 23.408289085425352, 41.64129978355763, 39.71501441542509, 39.11292755015329, 76.08881647718029, 41.14642563129947, 39.23467494907035, 68.70644340421563, 53.77997353743008, 48.918162994117424, 86.68149887080732, 6.6996586622164855, 92.45516692312114, 80.09371201810671, 57.53417186472473, 81.45951938219785, 74.73990353626183, 20.383522831773732, 34.187536417142425, 10.152910937102007, 82.4625223543166, 17.530266714371773, 55.602913065927716, 46.851601474502004, 59.273939796844054, 31.960602555740792, 43.236006930532895, 27.088287259056628, 32.3636862708786, 18.263162394886482, 78.40225954908523, 58.279968145908114, 72.53987615046508, 78.17539714187632, 80.9416562304715, 69.87121828284468], [90.15418666101965, 0.0, 47.16217668986523, 92.62880065894493, 95.51625513219632, 36.65590797391033, 22.343063864531917, 30.53873226317075, 105.32657116968832, 72.72772979699934, 49.03470001755892, 79.28137039723666, 99.47362521714324, 61.527718822061814, 103.8991716974807, 20.77052379636372, 86.97853916438082, 45.435201620347534, 21.174370082602277, 40.43017862706043, 57.115897270953795, 64.02818440033984, 120.28450998827796, 109.89263132592421, 102.85546924574724, 95.44553382574811, 71.38517333424154, 65.70695937397765, 52.73198687632123, 97.07758446929007, 57.07810916225709, 33.74272682960143, 20.762887321444584, 49.2959658091927, 70.60761990391234, 90.3178257423189, 86.90294848611924, 69.26875305092254, 54.160677001799804, 97.3195276009895, 58.70467380638586, 45.141967930762625, 18.10097147030006, 86.53209592645153, 37.33129361900761, 7.617395977631404, 93.50569717816934, 15.71278885408563, 118.54407610592823, 67.1535967354943, 50.28153720352577, 64.69083006529449, 120.05336933894927, 71.80813169674315, 55.39491445654305, 66.49031969631207, 92.78837358327209, 27.24288808449118, 28.166637685582856, 49.3623126848944, 71.94379545439148, 105.88082506446051, 80.60890626490624, 125.0995077271792, 85.97960888615341, 51.085051855084025, 40.94841687262463, 49.573564280782804, 56.889086318239045, 30.84221691115021, 76.93692182201991, 49.80380063186998, 10.677120450403855, 89.81803288037848, 3.6255292321250407, 62.52797215602492, 78.90133557785235, 17.065290806788752, 18.612479949169657, 110.50465877785716, 67.00806847161114, 82.43880535834347, 20.38883803647022, 84.96092850759239, 45.71744847475589, 64.51057596263209, 63.5797635947746, 68.46112932661592, 80.93651578157501, 80.43331805510607, 117.71993770495035, 107.7102632457942, 46.42866657035183, 47.01808713976799, 38.68483776325883, 61.055013017946855, 59.22834928632132, 22.92743284865756], [43.59450641501918, 47.16217668986523, 0.0, 45.55450882610645, 65.55516169699406, 17.308661593542816, 24.831428480665565, 17.306514426566476, 67.40269118308889, 27.767698356155726, 3.032276654325716, 44.738451191740324, 65.06379660901653, 32.686365834800355, 67.31864732334944, 45.10698380162042, 46.961460470670175, 46.91420310361904, 26.30356778644873, 11.144010619439866, 57.07356970439417, 36.22127032600289, 77.17526318216548, 63.94945767563397, 56.1239102872836, 55.47314150910092, 25.56811271772552, 27.591602363140385, 48.471344846243014, 49.97211111309163, 52.19484457875584, 37.49175361431139, 26.40172620486752, 51.86470884834921, 67.77996932525178, 45.24081834007577, 40.77802927852285, 22.897542599695107, 13.794218013508024, 54.80968214710238, 56.51951046502223, 13.42660361440848, 43.4223339902886, 40.603677378134634, 13.390118390570825, 39.87376781870499, 58.80280211100334, 31.46300264502569, 74.48889406154558, 51.566188627499976, 5.274701862096566, 18.20273941172782, 74.62398646573727, 26.806826870275554, 23.895341779961615, 38.55478455609499, 58.37905163989019, 32.341256392152, 19.808252236567334, 21.88236700464459, 48.534360628444695, 59.263919456267864, 40.14996832961652, 81.79205468089162, 52.53239941094249, 7.826791993699721, 46.6051595414057, 2.45087766996974, 13.48998430724157, 33.3063293618354, 53.11427898957326, 14.954304355574177, 45.4184118923238, 42.721762520960624, 49.18786065801262, 61.4504294163943, 56.808010000740445, 41.63383281695788, 34.17571166599722, 63.955567908392474, 23.2048233038935, 35.34122002690358, 43.826934456457955, 42.33730426274106, 29.138483697998474, 28.342074209684707, 36.483164684120624, 23.84752409442318, 50.19807732424402, 41.62046014990577, 73.46744491154108, 61.63547882522966, 51.48149705231496, 33.27597160983873, 42.04365702711615, 59.2357402164243, 60.26810229114501, 26.289492841982476], [14.241041159573838, 92.62880065894493, 45.55450882610645, 0.0, 65.8835328264784, 58.44371003400476, 70.3515448323624, 62.25104739353891, 53.35551785189699, 23.07910886352072, 44.03627086193362, 49.03300545341035, 58.54940909563204, 49.12742536514226, 55.9661690546911, 89.15712249187624, 31.629824681848124, 82.83947064319817, 71.55551918337963, 54.324454998008115, 88.77146953155929, 55.93076720097874, 47.84045617051556, 27.73944013343458, 11.63600867393545, 34.44461970539456, 22.698472366014734, 36.97392863522613, 80.64406908332991, 8.627234393044871, 82.55226525435843, 78.03216694410273, 71.9052845912911, 86.65815709285086, 94.59255643544684, 23.03135827653337, 10.646107142443407, 23.875952005305773, 43.203149293514414, 35.284312954136034, 87.08535737737307, 52.060009349126375, 87.93261866603909, 11.795864339446217, 57.358976361825334, 85.41447587869347, 46.88959238895693, 76.97176104650877, 42.963002117016, 74.17142966334514, 43.267721515226185, 28.164780838557206, 38.40668073825683, 23.688656153273026, 46.85288187109135, 50.779791952139156, 54.84205103564029, 75.48011220706253, 65.24051018872527, 51.36616075319228, 65.10480466827244, 20.369272233789, 36.77744101098409, 50.98862896642929, 53.67566429224941, 43.36229494467166, 84.58333699903008, 43.19836950160523, 37.113086341113835, 75.15991034266881, 66.85767125724679, 46.35800347892136, 90.74696012521197, 7.753519144126264, 94.4780526090877, 91.19963980244188, 70.73259636843991, 86.34129996759043, 79.13751923405604, 24.462385172162428, 28.95834058313008, 12.212506962077446, 87.9458232580912, 31.423505681047708, 63.922160326483244, 39.7971249653682, 51.49064632946532, 26.823344901785852, 56.78390040244115, 40.531303400961086, 41.542163317346564, 25.377833756888037, 87.6354687837284, 67.13714417180408, 80.64172316385748, 89.1740432354645, 91.66414322499483, 70.78315378893576], [51.68135462759374, 95.51625513219632, 65.55516169699406, 65.8835328264784, 0.0, 81.91323938250811, 78.86393094158966, 77.37822457627041, 20.879061181446378, 72.94354780348928, 62.59026483941889, 21.21585319786261, 10.466610667629155, 94.42082794597434, 16.995588699221003, 78.91428583808, 92.81391586087018, 56.209854569501964, 82.19337104922117, 62.17888668046816, 51.65475096728266, 32.10564709550056, 44.17371190852338, 52.62277200698437, 74.97104738436435, 98.3476828132881, 69.6328566182366, 84.25787702803336, 48.91037491200004, 60.319692931413265, 46.68980930411185, 63.20792427497759, 80.14087942948265, 55.90915777195052, 47.33044808754943, 42.998639545145025, 72.723482907252, 66.94757799618952, 51.7660177816236, 33.09392714160684, 48.99041707115948, 56.246669565555045, 80.07916692322578, 73.67207203560145, 64.11738058919377, 88.55494539483759, 108.61515914007568, 83.42189561348579, 46.90309981889744, 32.556390096665986, 60.34841940776752, 66.02238623244664, 54.57102368686986, 72.54471024429921, 86.77425563356539, 99.32795678108587, 11.099686633451983, 68.33017148268955, 72.3981022836592, 86.67805461232261, 24.10167289130956, 56.401316970028574, 30.913978814213625, 48.006414541414365, 13.715246541710759, 57.73020372171335, 60.866741876515505, 64.16498220563136, 72.18052039032209, 64.94317280042065, 19.670236134163453, 79.24835417811805, 87.05919847617592, 58.16872037696354, 98.94464614295266, 49.792986294834016, 19.647797975629686, 80.00626834265994, 76.91214264040339, 57.73978065867399, 74.30232082510607, 57.1610458658857, 78.42302768773321, 34.75299207088859, 49.85125754927569, 86.54597132277681, 98.17989731103633, 72.72448087147824, 15.551944267934672, 27.5104871395109, 47.302203239177175, 52.62142123105361, 58.860702617191066, 48.6144274133133, 60.315308441753366, 49.02115714850275, 52.679781464970254, 84.97622269151562], [59.16566667620924, 36.65590797391033, 17.308661593542816, 58.44371003400476, 81.91323938250811, 0.0, 17.544718684947316, 9.191786391863497, 84.68693355504001, 36.8607602019056, 20.30483190835873, 61.49436468594739, 82.06158931660852, 26.962944727684693, 84.53059051993692, 42.308220996165446, 50.4324456686839, 53.13483691090673, 16.485344281610086, 20.73766784491474, 64.89924128254901, 51.14256642047989, 94.09518827310974, 79.8121521702752, 67.71698741602117, 58.96844794941558, 36.07608007270308, 29.106940207678242, 56.91991229053733, 64.23442523604257, 61.2201299025399, 40.99670275049957, 18.484405153084726, 58.30292343696037, 77.20508287974232, 61.841108189906116, 51.36919809244081, 34.56776094905609, 30.497529843305095, 71.96129435903389, 65.01320024899208, 26.26709884620125, 39.753074543682644, 50.85686955361655, 20.08172177008686, 30.686791627947603, 58.28057331567126, 22.694866286805812, 91.17749706362912, 63.94759723094358, 22.486078770184346, 30.427510863988967, 90.72631498798765, 35.993256098818, 19.384274714360508, 32.71136254229008, 75.31446928005329, 33.283662891169826, 17.656064445547806, 13.736788397477646, 62.96300295496225, 74.50590582572744, 57.45365734285344, 98.64316962119477, 69.25569907297688, 24.800148421780612, 51.24430244471948, 19.407084324599953, 21.383439538112423, 36.002717436889405, 67.84944496239676, 13.200168174975603, 38.74202854465774, 57.17492218008058, 37.644695196258176, 69.94282423743608, 71.25059460135259, 37.64341363304565, 30.450363402951865, 79.22850959842503, 30.910110376285104, 49.9768789499661, 41.027906658156134, 59.55426982924738, 39.22546719024507, 28.103905119909076, 29.93272408738656, 32.603926081207284, 66.39731913220157, 58.85066095816194, 90.09891964846204, 77.41930379422223, 56.99869778340589, 43.04619072890334, 46.76349908483537, 67.8151408651023, 67.98217340996032, 13.74228842516926], [67.92269387066962, 22.343063864531917, 24.831428480665565, 70.3515448323624, 78.86393094158966, 17.544718684947316, 0.0, 9.094120950746612, 85.92943512643953, 51.08429943956405, 26.704988779106767, 60.50057201104658, 81.2484082764271, 44.48856922114214, 84.96205646277562, 24.80501039279016, 67.14337640091603, 39.14212818157493, 3.5192430906397028, 18.873700909355506, 51.47561064757942, 46.761849351092934, 99.20046630213085, 87.85867481305729, 80.73042843442967, 75.75925059654686, 49.483174785654406, 45.874553961735096, 44.43222035402936, 74.73630354478335, 48.971348072176944, 26.11865899506089, 1.6034091659000262, 44.16832178961655, 64.62184388763967, 68.47571164239588, 64.976763388768, 47.19692502129627, 32.65529879673699, 76.29092429510975, 52.117585047134874, 24.289696889657662, 22.210278489508966, 64.67242718657619, 15.988114109599309, 15.070749044753677, 75.75333384275218, 6.6328743258455445, 97.13322044288412, 54.98727566015179, 28.018851305792893, 42.564777046953324, 98.19684721192216, 50.143081172118755, 36.837476274791086, 50.17591943527565, 74.42490113412009, 17.673076080630906, 6.675160321566404, 31.281420547805933, 56.86952974792852, 83.65096601356925, 59.99049097834976, 103.9672520049869, 67.78406340122679, 28.99861436660983, 36.30007476691911, 27.235092712983114, 35.306487075055166, 21.177973539930885, 61.97933814480967, 29.55400948085641, 21.718826041623768, 67.47724031686855, 24.53308711549954, 56.83798024147558, 64.73537264520229, 20.098779987838093, 13.009465330647085, 88.29685255232332, 45.60326458202783, 60.09732449868788, 23.53620999556739, 63.77393459412083, 30.311693250975043, 45.215700192341004, 47.35922042179834, 46.86262420368268, 63.54113313022567, 60.30960969148828, 96.24067542853788, 85.63405705271249, 42.30586967620356, 33.17268370719852, 32.17974792861447, 54.86645446149069, 54.34644846392087, 7.573703920462742], [60.90083571163762, 30.53873226317075, 17.306514426566476, 62.25104739353891, 77.37822457627041, 9.191786391863497, 9.094120950746612, 0.0, 82.29207140564932, 42.278559783175666, 19.714201531865328, 57.7901637902834, 78.60724603809489, 35.98278343786349, 81.71682934275957, 33.428162238744214, 58.051441797609826, 44.30386834506833, 9.364466206996509, 15.218996136545156, 56.25930683203874, 45.70819349688552, 93.83673669182691, 81.21797519004383, 72.33288136092467, 66.669395759545, 40.85183871205284, 36.7953091371096, 48.501532916906264, 67.12049222031477, 52.89741626527644, 31.93404122802734, 10.377543165507257, 49.46124319659192, 68.84847092959089, 62.296084691022934, 56.37019265283926, 38.743850129945294, 27.80622974067181, 71.1571353107987, 56.519506346433744, 21.165522284680637, 31.001112082805744, 56.01280750588016, 13.406870974047328, 23.699205389522675, 66.88123529645463, 15.238450162058005, 91.39270539579987, 56.76665227365983, 21.44843939078922, 34.19395947932775, 91.82686444977794, 41.34822149737364, 28.015527658639964, 41.804847688445086, 71.77947850441038, 24.107798010709438, 8.554657989469657, 22.699260646408277, 56.92438409436455, 76.56735948537259, 55.53710999689312, 98.52451225447805, 65.38849119869998, 23.045424468079847, 42.21314874277082, 19.75559226777862, 26.44543299142854, 26.918089594903844, 61.94850805315436, 20.47381595731512, 30.807573309391582, 59.89237178430055, 32.23270696821094, 61.40875385814931, 65.10116379069171, 28.92751347066066, 21.554467751005934, 81.26099239820007, 36.6827925179521, 52.525135047006025, 32.13401700995741, 58.59011438292, 31.737594148859998, 36.19357016697045, 39.05771046116273, 38.02857559338174, 61.841220404725554, 56.372693290146515, 90.41733940843149, 78.91745941379206, 48.03265225904585, 35.30192072110721, 37.77931039258012, 59.31767268806413, 59.296841048941246, 9.033988397911525], [39.568366770945865, 105.32657116968832, 67.40269118308889, 53.35551785189699, 20.879061181446378, 84.68693355504001, 85.92943512643953, 82.29207140564932, 0.0, 66.38431896856997, 64.38886297641281, 26.16094386017801, 10.44692393306596, 91.21033781683943, 3.9752855247324126, 91.4010798653756, 83.52051493193562, 71.55721138371482, 88.90092700750522, 67.47983442724554, 69.44492587406941, 42.16906989080236, 23.301793788136557, 34.08295620013131, 60.348747441070174, 87.6043369526458, 63.498433916496026, 79.69184014807897, 65.05335231113358, 46.14930166265361, 63.79111994477976, 75.78388900244555, 87.39825928457311, 72.3555840177515, 67.12325630921741, 31.056809678614748, 62.16091927460722, 61.542092192711884, 54.582439258670824, 18.093001797463394, 66.8506364552293, 61.73006533942063, 91.98155885875444, 63.25591391476127, 70.07377939697177, 97.90256661526557, 99.33526919282552, 91.46605104354869, 26.160612498080813, 49.86944281047814, 62.20106772419658, 62.10606737801251, 34.1833137909389, 66.24934738658241, 84.80134006571497, 95.2577403633797, 14.30441320481082, 79.11814381463233, 79.25427935262888, 86.16601139422808, 39.567290241637146, 39.322807862662124, 27.300019422950243, 27.255866693937573, 20.62712509445921, 59.954244555628904, 75.78226676408515, 65.45026384723154, 70.19774087247714, 76.3190418015649, 36.71682874248928, 78.81585879163558, 98.23386728040815, 46.23325870700955, 108.48535103534843, 68.49076269810281, 38.27325551012776, 91.48117073475785, 86.99207377644547, 39.56641347043754, 69.35042242695395, 47.76685203817256, 90.68019549237178, 26.875442807841015, 60.50245386355881, 82.3331963195211, 94.69949483603949, 67.38572343909574, 26.879864551025666, 25.938988702287702, 26.668419313531285, 34.66972775966457, 74.9952574447996, 60.581948397738394, 74.22809839089068, 67.38574969533616, 70.97740388745115, 90.83836431034099], [29.571639564981144, 72.72772979699934, 27.767698356155726, 23.07910886352072, 72.94354780348928, 36.8607602019056, 51.08429943956405, 42.278559783175666, 66.38431896856997, 0.0, 27.51813672441698, 52.50611049278817, 68.3833038336324, 26.84194048373566, 67.91299773179132, 72.85176502537286, 21.690613777159083, 72.47655613717947, 51.60123062405788, 38.50428760593738, 81.03389462602281, 52.44011706588485, 67.27949572135898, 48.943084395511605, 31.024307290676965, 29.409837178405823, 3.4524703969703516, 14.499824202003607, 72.38878521147063, 30.573613162059765, 75.37206220327207, 64.6104684891489, 52.52260391834332, 77.06782411267909, 89.72537854708253, 36.255888381631856, 14.571110913717092, 6.7006267273108895, 32.13727232611022, 49.26092967300954, 79.93689090736814, 38.533871142153586, 71.08815830193426, 14.00346800535968, 41.06866989905594, 65.97331417647453, 36.55177985557865, 57.4930060781611, 63.06048523486054, 70.71593397176457, 27.82193837000888, 10.406983294402275, 60.048905695118506, 0.9611823665242183, 23.77824243801944, 29.629252427914626, 62.92851206339862, 60.04793049312074, 47.112595342753536, 28.385761864868932, 64.10083518423649, 42.212213660276596, 42.14364103026135, 71.10844167988836, 59.321347317497086, 29.21650439317287, 72.98505122960196, 25.921014603976005, 15.841420397088974, 60.75156424905768, 67.40309827340455, 24.025742492349384, 72.53334073457204, 24.738587278222287, 74.13575318006626, 84.6246827992311, 71.45321475111167, 69.2448157012902, 61.72232255826948, 46.71519018028607, 6.067593237237252, 19.549395421265345, 71.56654844794555, 39.883001387253486, 53.444977095266104, 17.368480540584837, 29.7148330879376, 4.274780528878331, 60.023445881862244, 45.435524944700866, 61.7348270700892, 46.461760754221224, 77.24415562852816, 57.35274651043035, 68.56591480593877, 82.4367608871359, 84.1741190846888, 50.064177411196496], [41.32041942224571, 49.03470001755892, 3.032276654325716, 44.03627086193362, 62.59026483941889, 20.30483190835873, 26.704988779106767, 19.714201531865328, 64.38886297641281, 27.51813672441698, 0.0, 41.73388642384182, 62.03489042071335, 34.86455218813581, 64.29015826078115, 45.772506562137835, 47.490768851512165, 45.912059497126585, 28.444846705462783, 11.001823298112337, 55.66902476921135, 33.55322449639749, 74.39444474079966, 61.52568506792062, 54.852951950838175, 55.90259129008133, 25.03070632583456, 28.889044629799532, 47.01875245236203, 48.053193852200984, 50.59748305996007, 37.1641808487615, 28.29798658852508, 50.76754372594269, 66.01527968789517, 42.61146149820982, 39.89209636733305, 22.132465274779218, 10.864162296615605, 51.94212337489982, 54.992078247465734, 11.877433137047218, 44.26049080719729, 39.8016973834268, 13.718618787186504, 41.63587591405166, 59.897912314624556, 33.32472501340312, 71.7916773362093, 49.321767172555695, 2.252109628641051, 17.488538083392232, 72.11268020374335, 26.565930370315858, 26.172667846196052, 40.64765938209395, 55.35445385146051, 32.62333807945331, 21.226923088502026, 24.571952270021114, 45.91180588628608, 57.03259023517231, 37.14919465198323, 79.03413448974388, 49.52851675483959, 4.879133371506257, 45.90961514065631, 2.0699198578684435, 14.456447636375295, 33.23369316518628, 50.422631363230124, 17.44333567772893, 46.716622807185836, 40.792671842010854, 51.20053447361494, 59.89161642359535, 54.15977229089766, 42.55502354425751, 35.21063559146917, 61.70331195332238, 23.46444456387772, 33.418354239758926, 44.51238003567951, 39.4408216500436, 27.635525784586406, 29.89456873226524, 38.692461441303635, 23.826082788919745, 47.265292719619396, 38.59296692402342, 70.79027488361277, 59.23983857618676, 50.562998558474064, 31.755689670193178, 41.398869273478915, 57.67403630613389, 58.86267071707322, 28.74515576504086], [35.635485671852926, 79.28137039723666, 44.738451191740324, 49.03300545341035, 21.21585319786261, 61.49436468594739, 60.50057201104658, 57.7901637902834, 26.16094386017801, 52.50611049278817, 41.73388642384182, 0.0, 20.831316974928505, 73.22189589904096, 24.63007876882453, 65.34480535624292, 73.1130133051494, 46.87012490473502, 63.62561356338111, 42.631371305863, 47.178763921824284, 16.208219065350743, 44.82791186617859, 44.12552893234433, 59.50357327314284, 79.28640138194432, 49.119225677169105, 63.224987294098696, 41.22055999641827, 45.32962655933932, 40.9924491338064, 49.826665977836726, 61.911241858660766, 48.50101557646236, 48.71659273694108, 28.099382738688988, 54.16415021761308, 46.26814093996926, 31.043219380661853, 24.399539775930652, 44.8178702403487, 36.715068568708915, 65.85396367373814, 54.99111852001304, 44.95002721808569, 71.91411426746498, 88.72017289018356, 65.75437581265196, 45.09424354302183, 28.609759539061553, 39.482148379798126, 45.02130155183305, 50.24364562678174, 52.030223961536294, 65.56125026444457, 78.17990286595395, 13.996048447474877, 52.957200259153964, 53.85337907238793, 65.56170536912694, 17.975847904432104, 45.18922344289678, 12.27271767959861, 49.58001881492038, 7.794752610601887, 36.9261765849638, 50.726783545347985, 43.21142458709935, 50.96647768659466, 50.182944020382315, 18.26720305050944, 58.11748989285342, 72.07309740120964, 41.3612101798742, 82.49050369911971, 47.64244989567753, 21.918987123638743, 65.32760785619783, 60.874424990898895, 48.036660668032106, 53.4150448704666, 38.6200694571479, 64.59368643179111, 18.31437334405053, 34.36381387560502, 65.45262593625725, 76.99003957265884, 51.94293496619132, 7.827683441177593, 8.54935297481434, 44.82990524500059, 43.14783467149117, 50.79099853658058, 34.64780351732525, 48.71088697959117, 46.056487723429406, 49.345586656180195, 65.93362504814364], [44.33668138943664, 99.47362521714324, 65.06379660901653, 58.54940909563204, 10.466610667629155, 82.06158931660852, 81.2484082764271, 78.60724603809489, 10.44692393306596, 68.3833038336324, 62.03489042071335, 20.831316974928505, 0.0, 91.64617140288456, 6.670356636891619, 84.27270379798406, 87.12951709321116, 63.09519327847433, 84.40952580833337, 63.4609251170009, 60.00271507527002, 35.478855298886906, 33.74705673260986, 42.81110968376857, 66.81676531419077, 92.02575378668638, 65.23768926439946, 80.75197338444346, 56.22885709213816, 52.23752354243325, 54.58513840467257, 68.52437565825717, 82.63724553929792, 63.45206140677789, 56.95434490122138, 35.534275956416614, 66.3178672639568, 62.86698537713662, 51.5653797471347, 24.14098266602252, 57.37132253844528, 57.54638239280215, 85.11621418311312, 67.34060613420442, 65.77379461252033, 92.22913135184108, 103.01265401397815, 86.3626209635661, 36.44175654207661, 40.48138173387017, 59.78920261715726, 62.64724155931225, 44.18828324546663, 68.10508143693806, 84.55759600241014, 96.16217127035036, 6.836826456100847, 72.6737470911314, 74.61957912466201, 85.18935260522002, 30.672805250266745, 47.13860531911077, 26.639052707697534, 37.672210985171034, 13.521845988713286, 57.32391562227676, 67.5239316832917, 63.366147900082886, 69.82818511072068, 69.5911768358713, 27.22500077659854, 77.73965263578215, 91.72575764411152, 50.99974123779997, 102.770122436982, 58.706811664853575, 28.331467519681546, 84.80487803303369, 80.92133863373088, 48.08483786217702, 70.52187032182266, 51.09134686850502, 83.65022074001399, 28.704527296890916, 53.933706057391156, 83.22868238928773, 95.29551917952692, 68.7421393439458, 18.84610724072228, 24.015004392156012, 36.85781371133885, 43.01352746035722, 66.23041825026, 53.44203527546186, 66.38264547528229, 57.72038966784489, 61.348910549941614, 86.76169622556509], [56.29116067185729, 61.527718822061814, 32.686365834800355, 49.12742536514226, 94.42082794597434, 26.962944727684693, 44.48856922114214, 35.98278343786349, 91.21033781683943, 26.84194048373566, 34.86455218813581, 73.22189589904096, 91.64617140288456, 0.0, 92.22077069891687, 69.2707281918377, 28.03097441423832, 78.04852806278681, 43.109409695470966, 42.421285114187825, 89.03500119166564, 67.99535809962386, 94.00399962465477, 75.75518114319043, 54.59849253680752, 35.619461889488356, 28.778949936212026, 12.344057533313679, 80.58488503830075, 57.13820292003204, 84.51892460572188, 66.8372407401461, 45.351699465135255, 83.168231111954, 100.27953796104734, 62.37213458723845, 39.07155517556169, 29.993161734530972, 44.916746144270924, 74.98930981581485, 88.71251481456613, 46.028582901998035, 66.69682880599736, 38.0895890799577, 43.341627753236956, 56.62094279857798, 31.977978356328435, 49.21001132432555, 89.8717671369829, 84.18253164202797, 36.725526081969214, 29.131179811846508, 86.83492531626084, 26.561908172903543, 8.858384973667958, 6.0057121564953135, 85.53196192533703, 59.68723683822061, 44.06868063520933, 13.284590236261359, 80.39444371649012, 68.90739941764235, 65.02836222748176, 97.90582102925259, 80.76942817760741, 39.33851275615403, 76.84232618722561, 32.83612147848205, 22.329804345247503, 61.99046628997419, 84.66216816177258, 17.99048519970289, 65.24139064624764, 51.57032437983229, 61.66802234495596, 93.67389563717647, 88.528181256329, 64.58023673879426, 57.41243715948168, 73.32289164796269, 22.26584122706298, 46.16649017106661, 67.99084182025996, 64.334981709793, 61.50061997734375, 9.474006144545086, 3.8505519793227383, 24.432618227227607, 79.889517019069, 67.71733231243957, 88.55545995617646, 73.277246873108, 82.29596990532485, 65.61758126608375, 72.258470819614, 91.47340758679543, 92.2100708661876, 39.64169623633842], [41.97557965514131, 103.8991716974807, 67.31864732334944, 55.9661690546911, 16.995588699221003, 84.53059051993692, 84.96205646277562, 81.71682934275957, 3.9752855247324126, 67.91299773179132, 64.29015826078115, 24.63007876882453, 6.670356636891619, 92.22077069891687, 0.0, 89.41470709978996, 85.65236344516548, 68.94873471579604, 88.01443161186822, 66.74063036730837, 66.3498449512602, 40.259106432951704, 27.187529312048902, 37.76222103593725, 63.39654641004253, 90.01945350872663, 64.92520252300915, 80.91095611729315, 62.26580534968664, 49.038044405995116, 60.81422858705233, 73.72270044622158, 86.40067529917732, 69.53643462136398, 63.593320398109384, 33.29804982254261, 64.44055973514533, 62.81221092069436, 54.192335250839534, 20.73828502442025, 63.73422188210709, 60.90928891911099, 90.11031907970055, 65.51330559430623, 69.22937364396265, 96.54318018132155, 101.5105300675713, 90.33456156143359, 30.13306296424487, 46.78524559159898, 62.07311714640421, 63.09047887592268, 38.14673320525439, 67.72602414518029, 85.54977891338112, 96.44556287337268, 11.606964836669363, 77.41195270813424, 78.29464278106917, 86.64234361039432, 36.70048319637856, 42.74628161527936, 27.56739882134491, 31.03024629910864, 18.308560030075938, 59.73444318068351, 73.27296124352135, 65.45836926014202, 70.86779281130669, 74.48818218410969, 33.55709987575115, 79.24070359652708, 96.52238672437359, 48.67217726654224, 107.11836601208881, 65.20618980686905, 34.87633080858111, 89.6910168968723, 85.45406142827747, 43.198258356164295, 70.5870214087654, 49.70461443052248, 88.73614139444283, 28.08009123211379, 58.708762927588324, 83.49724503726254, 95.77382595716645, 68.68453554923313, 24.307612831688164, 25.699686331296295, 30.643502581911715, 38.23964504217522, 72.24579220091003, 58.546367253237456, 71.90540535967935, 64.16816304471654, 67.78208129453695, 90.12096077327526], [83.58504953585724, 20.77052379636372, 45.10698380162042, 89.15712249187624, 78.91428583808, 42.308220996165446, 24.80501039279016, 33.428162238744214, 91.4010798653756, 72.85176502537286, 45.772506562137835, 65.34480535624292, 84.27270379798406, 69.2707281918377, 89.41470709978996, 0.0, 90.80065608955891, 25.317722204713125, 26.65131985915121, 34.962088414559155, 36.52138264005942, 49.23203737942871, 108.94466005036672, 101.6744879891354, 100.33039723805844, 99.43510617219869, 70.65608663899128, 69.82683785870776, 32.93393923085059, 91.888039340863, 37.05340453840458, 15.760822465642217, 24.077819875044305, 28.755917907692854, 49.93357573639869, 81.78582970385527, 85.6641364463041, 67.87401664480107, 46.61457658588363, 86.34357890293121, 38.25194228033504, 37.32348544341758, 3.0720308581251663, 85.56875960049354, 32.06548406815885, 17.68000699936775, 100.29074949352345, 21.224315776309638, 108.02836645968527, 48.44087471697339, 46.121379649767576, 63.19847697566432, 110.90404087944124, 71.8906063581017, 61.44348386009239, 74.97958432894985, 77.90719044561779, 13.868804060729333, 26.225815291400547, 56.02793202760338, 54.83752320922003, 98.91486524132482, 69.36321244242848, 113.79193765614225, 71.11866597968566, 45.801173546671954, 20.595280089375507, 47.10074823219362, 57.73781133971604, 15.452736528568407, 59.55759866427243, 53.62155485242809, 10.116152353203697, 84.78075340017591, 24.30834236439049, 41.87958641441966, 60.93477900872564, 5.07954384937004, 11.876087633831345, 103.27948350169778, 67.97638921980223, 77.66206916707738, 1.3061550875922072, 74.73143425476509, 31.075353313687263, 69.46111592162652, 72.1641860635451, 68.84612562763225, 65.42749836030919, 68.33186814268984, 107.40377253683155, 99.7449376572496, 25.788554833195704, 30.87012243161527, 19.17936819896187, 40.49386286914972, 38.52084607224273, 30.7599260012828], [44.1106332026185, 86.97853916438082, 46.961460470670175, 31.629824681848124, 92.81391586087018, 50.4324456686839, 67.14337640091603, 58.051441797609826, 83.52051493193562, 21.690613777159083, 47.490768851512165, 73.1130133051494, 87.12951709321116, 28.03097441423832, 85.65236344516548, 90.80065608955891, 0.0, 93.2888323817704, 66.75673188663116, 58.09829464253267, 102.35597702200883, 74.09681504169514, 79.42737362988397, 59.04913329658634, 31.7397397414, 8.636407852758168, 25.090620354328994, 21.33756272784988, 93.68434060575346, 40.17959611473247, 96.81663721585439, 84.45297492137973, 68.36291715776208, 98.0329833064149, 111.35226077694216, 52.46372775572514, 21.540776407283637, 28.389391954446612, 53.564722800819666, 65.54916545853557, 101.35901856749321, 59.133151972836224, 88.66988947720228, 20.39931562561967, 60.24927795059867, 81.10436518365229, 15.884255805869099, 72.95393130685989, 74.45722041782028, 92.40525532350195, 48.26640135660562, 31.738694983577055, 69.21513241086329, 22.45295194119583, 31.78294457054673, 26.128977800315756, 82.29775888779838, 78.9561450281024, 64.57526445174113, 37.848246326949095, 85.63435621700462, 51.52641698603881, 61.93792030957651, 82.42218943673879, 79.45414719502136, 50.04660617788852, 93.39971468764148, 45.617995265101726, 33.525721670015095, 80.2140873552318, 88.77033993729714, 37.606756215476494, 88.83133658961009, 37.62472078347966, 87.66487856895333, 106.10110934239883, 92.82321543278304, 86.67520409285737, 79.13768800033888, 55.08865889460309, 24.100636834055102, 36.04854341177416, 89.49501348282938, 58.479462364840224, 74.51597256380379, 22.50793220051002, 28.23292834767015, 24.198404121202557, 80.80891261898311, 65.48021414053682, 73.02342178463539, 56.78207213269295, 97.98975890871804, 78.51580365620293, 88.8807423953637, 103.90247543761525, 105.51831752385368, 64.1510218881435], [73.71947806114264, 45.435201620347534, 46.91420310361904, 82.83947064319817, 56.209854569501964, 53.13483691090673, 39.14212818157493, 44.30386834506833, 71.55721138371482, 72.47655613717947, 45.912059497126585, 46.87012490473502, 63.09519327847433, 78.04852806278681, 68.94873471579604, 25.317722204713125, 93.2888323817704, 0.0, 42.41202785015788, 36.01559784408698, 12.408609071085237, 31.252846997417365, 91.69692918196303, 88.59428500420435, 94.47442278968559, 101.57881559506761, 69.48904051804662, 74.50014229607339, 7.76692107541481, 83.20395266461527, 11.736169951260234, 13.144173647482791, 39.46562747509762, 5.168833554281998, 25.86749741246133, 69.47832899936638, 82.40630747119282, 66.22690999802325, 40.77571368598893, 70.50666501948945, 13.473358575046275, 34.15711152674289, 27.508414657920433, 82.6593541161861, 34.729680616469565, 40.4464409682674, 105.71073137660194, 39.670133779959, 91.82055677206613, 24.114279867769074, 45.023406546839986, 62.06973152069636, 96.28062082773452, 71.57215635080979, 69.27711821746023, 84.05418291688939, 57.373898308769206, 21.65202790026151, 35.80926067045312, 65.27178527447526, 32.46498513188907, 87.5566734677493, 54.393750688521514, 96.43905573706697, 50.94632316895007, 43.31484715214713, 4.8830128131433765, 47.87384447010947, 60.28956461693156, 17.969461334806244, 36.54230857538639, 60.23522301110275, 35.12932561898104, 76.80258638398982, 49.0561048840641, 17.86518129421459, 37.11976904351704, 28.369938672463206, 29.398306881678053, 91.3756174640478, 69.18889907412347, 70.63538513223983, 25.33575038867048, 60.69877702538531, 19.204213606909867, 75.1190686109455, 81.58801412023199, 69.25178738877246, 44.690433921490936, 52.24219923935185, 91.46403667814418, 87.07716655554306, 4.823402350871482, 15.70806339139477, 7.147005743343596, 16.057328400832887, 15.205363410758336, 46.69913238221863], [69.76524710963908, 21.174370082602277, 26.30356778644873, 71.55551918337963, 82.19337104922117, 16.485344281610086, 3.5192430906397028, 9.364466206996509, 88.90092700750522, 51.60123062405788, 28.444846705462783, 63.62561356338111, 84.40952580833337, 43.109409695470966, 88.01443161186822, 26.65131985915121, 66.75673188663116, 42.41202785015788, 0.0, 21.552479858205377, 54.77788974614272, 50.10503390875666, 101.72244204616285, 89.89359045528887, 81.69231204408503, 75.33295102229492, 50.213150110577665, 45.422278950473356, 47.842984553122626, 76.26505664844838, 52.38973860995543, 29.32674787392421, 2.9646360402089513, 47.39807790572185, 67.98564169847724, 70.68275159392864, 65.73139990652848, 48.10334242920282, 35.19540651833346, 78.8656352595931, 55.47478000168978, 27.176041833732718, 23.871182755864485, 65.36792243000447, 18.83110984751004, 14.462131465706523, 74.70876874981391, 6.214004059930195, 99.52741804742645, 58.50651813501199, 29.94545041845248, 43.54137238464449, 100.35304395379521, 50.675537308271736, 35.85532600489379, 48.650378955606044, 77.57897260651087, 20.827323205284, 9.813679076123956, 30.08281135804171, 60.3292426745244, 85.47572154419913, 62.734071140545076, 106.46647093452417, 70.97282835920362, 31.16361097814857, 39.42404705249874, 28.747118796170717, 35.7603186168654, 24.445647667377006, 65.43696676771222, 29.19425442685384, 22.26033207743619, 69.01948643346591, 22.931856119353224, 60.16392641534371, 68.21924286460074, 21.73445752545861, 15.19967939775432, 90.14813144342301, 45.94702372889481, 61.64061999379799, 25.428294056539492, 66.3168231436516, 33.81346146064555, 44.55106002708459, 45.79138657411094, 47.34259262296394, 66.82867203052524, 63.181983817320834, 98.60497422058211, 87.63376951745396, 45.4496714333087, 36.69173356966909, 35.39491535860133, 58.21256227332565, 57.61555139195089, 4.380132827144021], [50.03914207795443, 40.43017862706043, 11.144010619439866, 54.324454998008115, 62.17888668046816, 20.73766784491474, 18.873700909355506, 15.218996136545156, 67.47983442724554, 38.50428760593738, 11.001823298112337, 42.631371305863, 63.4609251170009, 42.421285114187825, 66.74063036730837, 34.962088414559155, 58.09829464253267, 36.01559784408698, 21.552479858205377, 0.0, 46.63420960320627, 30.69371627383951, 80.33141953778974, 69.4929824045669, 65.39713929309148, 66.59533759329814, 36