instance_id,num_cities,city_coordinates,distance_matrix,best_route,total_distance
2118,81,"[[22.382998110023024, 43.07767513440286], [74.44458228727545, 57.364880240594175], [57.13140467278717, 70.48732204588502], [98.21002271911325, 53.61436438435494], [0.6979844084703646, 33.92289463644278], [40.80004672783781, 47.872235887054856], [30.346530074747267, 26.353246260309092], [46.03706993693174, 21.51139068949056], [74.91786723610979, 85.01996517412803], [49.110295801734416, 33.73982473173987], [1.2441080410277583, 35.365480504436285], [66.56153786843548, 10.928608399611385], [4.02347911448131, 65.23375648382851], [38.79602562217859, 72.654451405538], [74.41831254008771, 86.52294286063282], [74.61576981911587, 98.30715648896089], [86.27912448115602, 85.1190461549373], [83.65903988577986, 48.81302272830982], [35.42395865998722, 16.479364522483298], [46.523670124496384, 51.54362776063147], [42.119577337037164, 77.27593138354479], [5.3359407504221075, 94.46758339830615], [55.71032268031074, 61.87631779322953], [19.209818223361218, 67.54650923222634], [53.371841548163225, 43.492998993781306], [83.28525651343924, 39.85456897283074], [32.996851036078986, 57.77781619965998], [56.10627025021587, 54.25009258409619], [95.28180282867716, 93.21393962004453], [2.53068255107447, 73.33651960339085], [54.78342202981628, 99.69861578852954], [37.326613872300726, 13.09660744278468], [11.12699734959648, 21.412247333407542], [86.8762583709141, 60.7473469618658], [35.0675618480299, 33.54032356197633], [14.743708632701114, 84.79146191892836], [84.92286084340918, 28.13365615511476], [25.924759669624443, 35.102986034945395], [12.5069225340797, 52.73562738936363], [72.77533602839185, 28.058613493812157], [38.91661564348491, 17.50678740772129], [39.39774706936667, 5.432915928738047], [69.1467655283841, 83.88832859560137], [3.510100436888386, 99.28400984744425], [51.125476551929495, 80.69636851116441], [7.462408351266969, 71.4246352641226], [80.31501049353889, 31.912755302262465], [87.69648767065284, 57.59313974544551], [84.97733803102608, 57.784237006298454], [0.8413029620562895, 59.40639401639608], [14.971405304626195, 17.034775624657726], [80.02188062515113, 49.47893444148315], [46.37110551430956, 29.060951953426816], [92.84604002000711, 92.60794642449196], [16.660073373276752, 50.934717552350364], [81.76238394632817, 13.898299172065819], [62.440154076329144, 92.98480057573556], [72.98102449322194, 10.757017713200135], [34.709979263785115, 44.255093826566814], [31.944432035518012, 59.596218891492356], [76.12055652799064, 40.41976609569776], [51.43026355720319, 26.466837262081878], [46.63347686873731, 54.854513336102585], [38.98923425921665, 3.6838143305815363], [9.199717661079331, 43.04603081374398], [24.122647371672336, 69.52991654191534], [40.42222292191811, 67.16552222867006], [61.8994910883856, 22.807905876269665], [92.63134373389897, 86.02356434904081], [86.33933902393198, 2.148171344165184], [33.102975713100825, 17.51808505861324], [82.77876349921694, 59.05928532999497], [59.30803090944467, 7.233840239544831], [94.91543093608166, 66.5254137998089], [35.13644037870557, 46.05112223279203], [4.521101431988706, 7.576631253574007], [61.807445991507194, 32.61504794514379], [31.996842437047633, 17.199302200308196], [97.3667743046072, 94.11056958363588], [53.70102936012692, 57.08864573876898], [88.32139661467463, 40.37222868212248]]","[[0.0, 53.98641289057386, 44.257660381715546, 76.555597322584, 23.538263003084083, 19.030908874823197, 18.52361634556833, 32.00968195330005, 67.22401481517966, 28.311550505824904, 22.50179147000416, 54.637952625475506, 28.77436147875439, 33.825628844229314, 67.78764810523741, 76.01682742069471, 76.48654680740941, 61.54386653215113, 29.623247281043906, 25.582110921109, 39.48484886720704, 54.14355765918895, 38.263553531102694, 24.67372920131702, 30.991626474609784, 60.987486355524155, 18.131409798314234, 35.525793383283066, 88.47531150542892, 36.18994475887572, 65.235867364054, 33.498896578543985, 24.41491992448191, 66.87000763847175, 15.870073479339208, 42.407531779427764, 64.30052981091296, 8.725808912535042, 13.813504643675552, 52.58288631715585, 30.450464821958835, 41.31137346787167, 62.067377736525984, 59.29028865214819, 47.34232945639939, 32.03395303962682, 58.99808042353546, 66.90702976116135, 64.29878966386514, 27.030939498565257, 27.077007271626115, 57.993248730427425, 27.783049248988092, 86.12948420417945, 9.720338630926843, 66.16152540448421, 63.994506904310875, 60.039863174507985, 12.3830843953299, 19.086207233667114, 53.80324957827838, 33.4613742213239, 26.958850829660133, 42.75094558104692, 13.183318427411626, 26.509384282455052, 30.09382012059765, 44.41189889080336, 82.33577268312655, 75.93179718412587, 27.716611709458515, 62.47447751994735, 51.46103911900931, 76.22827730040792, 13.095483089506, 39.74130684269591, 40.789136525075946, 27.606451935378193, 90.70238700423516, 34.30927540270846, 65.99387727558063], [53.98641289057386, 0.0, 21.724285904122674, 24.05956209300437, 77.38273313707278, 34.95804728289391, 53.91066361181278, 45.7434090435554, 27.659134500626813, 34.640573314076576, 76.43482857066428, 47.10063409126309, 70.85937471784983, 38.78905230490304, 29.158074453806314, 40.942634130801, 30.172008791918792, 12.571415821022311, 56.51755889808384, 28.521295840776517, 37.965193304527304, 78.43860603477462, 19.269809335135573, 56.16533388238261, 25.228743361164835, 19.615517364248127, 41.44978820184366, 18.600956709632882, 41.46498303728546, 73.66615395962792, 46.676615002718634, 57.77043842447746, 72.81283111718092, 12.883619497991363, 46.0234640113653, 65.69940408921366, 31.052516533051616, 53.38319136649491, 62.110415210842625, 29.35376728303095, 53.393857119674415, 62.651493007582424, 27.04736909667045, 82.39486720893959, 32.98695252999284, 68.4418609954122, 26.120348221287944, 13.253871083254946, 10.54110068514924, 73.63158633306105, 71.85802751775127, 9.658902520275667, 39.86517847203707, 39.757859106497534, 58.14117699728204, 44.07827005348761, 37.588362844816515, 46.63083583626822, 41.84142895810065, 42.55868470238419, 17.02779442673388, 38.527236164969686, 27.924174591135333, 64.33302838376174, 66.79761828837512, 51.77147131251591, 35.40584019853157, 36.76362047466279, 33.94228140158118, 56.48336196772654, 57.41859908086035, 8.504680186842169, 52.366366679391845, 22.427015394203266, 40.90392573535424, 85.83800389170968, 27.789411875941926, 58.43872241675824, 43.3090356874262, 20.745392103824194, 21.938919364105914], [44.257660381715546, 21.724285904122674, 0.0, 44.408890560829526, 67.24349986808669, 27.89543644213821, 51.626022049734594, 50.21679117045882, 22.968586521798542, 37.61272053939181, 66.00707293971534, 60.30064496575878, 53.367140716187734, 18.46300556764705, 23.579192490984724, 32.857970311787426, 32.61406016476022, 34.25625024577925, 58.20715323951335, 21.711462074677282, 16.4754416237542, 57.07734241766555, 8.72747777244902, 38.035445295753604, 27.254867307131956, 40.27889679394777, 27.27651403860788, 16.269558112595558, 44.40666645690746, 54.6750105892462, 29.30550638720913, 60.711809899767836, 67.26639912462453, 31.29893666181474, 43.03363634606707, 44.73617320574386, 50.657655398474574, 47.17950749306843, 48.025691763119795, 45.22087900135967, 56.024241091938556, 67.42817191093086, 17.998774209255227, 60.86455040743574, 11.844652900070248, 49.677839643610405, 45.00529722499546, 33.17354723063822, 30.606606706958722, 57.3703975635444, 68.07819229119404, 31.069699693793932, 42.80103009294577, 42.01020353300269, 44.94700212066788, 61.717117964040085, 23.115349022471914, 61.797408555112355, 34.50869621880603, 27.440840339722964, 35.56185890807199, 44.38813006447609, 18.830592033595035, 69.22316801753331, 55.23106991789587, 33.022638959703585, 17.036170602844553, 47.91723462744895, 38.750748357225554, 74.31919636065207, 58.16446909655804, 28.07823067700983, 63.2909208528294, 37.991174733293704, 32.877139711406315, 82.00974956097924, 38.15985466397968, 58.918242318019416, 46.6577195503492, 13.830835172489827, 43.35590439194112], [76.555597322584, 24.05956209300437, 44.408890560829526, 0.0, 99.48040810294873, 57.69642435193301, 73.1342751058975, 61.25861508445074, 39.100335906626235, 52.969618742865656, 98.66818318090442, 53.13850164741805, 94.9005546292989, 62.39028742367505, 40.60812739553607, 50.5384451285807, 33.6881478598951, 15.322662402925845, 72.94585700900282, 51.727816450144964, 60.87698921609717, 101.46221269679182, 43.295315884268646, 80.21930547214123, 45.96634125192519, 20.299768867182497, 65.34594166418653, 42.10855165291403, 39.70769233503485, 97.69083652766528, 63.32162249114292, 73.13328996007424, 92.84626890764551, 13.39155161852366, 66.2566032920102, 89.09902916335231, 28.7369998882074, 74.6178958596983, 85.70760503031376, 36.05578581357837, 69.42236842516753, 76.02851926996239, 41.96648457517379, 105.13701440018022, 54.31748738016316, 92.47883683452145, 28.128122925382254, 11.241222023838283, 13.874140756730517, 97.54083859792645, 90.92158018261625, 18.652353568452366, 57.35977160841689, 39.36078950830644, 81.59396267771758, 42.98709872911669, 53.19318329092181, 49.73182597867859, 64.18606908202466, 66.53503657465248, 25.730175681634666, 54.08635776331089, 51.59145327744172, 77.46071013413312, 89.6355068094333, 75.77759554348911, 59.35540147553759, 47.61819602963192, 32.88583131944616, 52.81744179190355, 74.44373009867978, 16.36370756326037, 60.535262341108556, 13.324771368586903, 63.52542342318834, 104.38911266873583, 42.02521723112648, 75.5661431921288, 40.504983686342044, 44.64438509779163, 16.52691998497375], [23.538263003084083, 77.38273313707278, 67.24349986808669, 99.48040810294873, 0.0, 42.45891571381043, 30.599605171694783, 47.00721334840374, 90.10827722513459, 48.41265752908399, 1.5424995975922537, 69.76205898563356, 31.486965313694217, 54.32857658800805, 90.56186754379821, 98.02638509252422, 99.72551061010061, 84.28672873294722, 38.8609061983071, 49.096677150066604, 59.96027147983465, 60.72207157451692, 61.70697876511032, 38.38274937619667, 53.53617583824159, 82.8000137329284, 40.15313273227004, 59.01926055385361, 111.63120854937537, 39.456211368010706, 85.15679688533132, 42.1353857781237, 16.28743708712696, 90.25655735571183, 34.37170659133611, 52.77209022159256, 84.42360506798084, 25.254362114011023, 22.21193222768543, 72.3155198409139, 41.59510007227909, 48.055702229549965, 84.74538469750962, 65.42158189911869, 68.78001033867253, 38.10692825961772, 79.64239764580987, 90.16107848390149, 87.59208358480386, 25.483902386720178, 22.111967525189467, 80.83483707790064, 45.9311710954727, 109.24833846037606, 23.327888953837903, 83.5010257179239, 85.44240310569764, 75.90451724052153, 35.54673169424099, 40.44082179697575, 75.70187397866924, 51.27725557393564, 50.479719976988676, 48.79161601009545, 12.470408253465445, 42.62129566210311, 51.79852714806471, 62.20263173717399, 105.67034750278623, 91.3459066443158, 36.320809995621296, 85.84341811253113, 64.40064576886591, 99.69880383425345, 36.51165778546185, 26.62220535596192, 61.12345505562162, 35.48657574158111, 113.8745412966938, 57.84440161573333, 87.86043635386265], [19.030908874823197, 34.95804728289391, 27.89543644213821, 57.69642435193301, 42.45891571381043, 0.0, 23.923689618711265, 26.87602224330336, 50.43787730882752, 16.394672449703616, 41.48603639292786, 45.0387170967167, 40.668640533609896, 24.863111361944913, 51.225627822218826, 60.72218988398361, 58.78495886214428, 42.86931740059786, 31.849877478976627, 6.799925225775785, 29.433288465255053, 58.556205670036746, 20.455577210475912, 29.209844205952876, 13.31269096658407, 43.2351249943146, 12.609931971797218, 16.581843521303487, 70.88111063775422, 45.967096707098996, 53.6796836664297, 34.94866334347935, 39.7570226961564, 47.841255884082706, 15.435837968538156, 45.1880737111092, 48.33667608877777, 19.604282870073252, 28.708072968211393, 37.61646924149227, 30.42380275377435, 42.46248135538638, 45.833343765733055, 63.5114997156898, 34.40985590753578, 40.8180554282527, 42.6161633883323, 47.89334134226816, 45.27560969301949, 41.590119104085666, 40.225211909992034, 39.254728817216886, 19.61889648359195, 68.62994401176422, 24.33345654668052, 53.21786773552094, 50.034365578516436, 49.12387148860504, 7.083264671213755, 14.692640643096448, 36.09816780023306, 23.89963598328054, 9.098412256225545, 44.22550894505466, 31.9667491706159, 27.334790663784982, 19.296985481879684, 32.76289351100417, 64.3584276745856, 64.53307075563228, 31.31484272228885, 43.44378824424101, 44.65450346012339, 57.23998475061558, 5.949192535098649, 54.22082279490984, 25.963293468241147, 31.91120910803827, 73.06009972468435, 15.85489083637596, 48.10955002014884], [18.52361634556833, 53.91066361181278, 51.626022049734594, 73.1342751058975, 30.599605171694783, 23.923689618711265, 0.0, 16.420615291013505, 73.67759499647703, 20.16532781215972, 30.46590445563272, 39.36300601618945, 46.95313713798001, 47.065864200146514, 74.5836067688289, 84.48154108879208, 81.12875171163003, 57.85036958692664, 11.10287447514298, 29.937521278839718, 52.26590190554757, 72.56095714706892, 43.64871803926226, 42.672136870964536, 28.70428700059259, 54.63327257210864, 31.53613478331214, 37.97101853678203, 93.20376582612873, 54.5999024494637, 77.30915159057771, 14.981990607364676, 19.844493154746594, 66.17072120135362, 8.598966283483414, 60.48531298022413, 54.605363651970265, 9.803570759650416, 31.847788482777514, 42.46306456266589, 12.316907115262918, 22.794401730814048, 69.39556160581537, 77.71158364819462, 58.18023335010792, 50.54812690682162, 50.27680554839104, 65.30657379785619, 63.027235043513414, 44.30653454691749, 17.978552686028074, 54.79450616766614, 16.251728773849422, 91.08168881418156, 28.13481522815951, 52.902889678303026, 73.95785781135457, 45.39760411313139, 18.42595547348475, 33.28135393931314, 47.88662107542782, 21.084039472428348, 32.826618174828376, 24.26106921874623, 26.941357267336304, 43.62294777417243, 42.03761953379596, 31.75151629712952, 86.25511505624276, 61.000658240022624, 9.255164289041552, 61.79663496911376, 34.70331709195844, 76.04568365964285, 20.271890847853506, 31.929829872602884, 32.07802036693719, 9.301517228215356, 95.30355712444273, 38.60177998449438, 59.64576278718801], [32.00968195330005, 45.7434090435554, 50.21679117045882, 61.25861508445074, 47.00721334840374, 26.87602224330336, 16.420615291013505, 0.0, 69.76703724329245, 12.608700025844614, 46.88651447920275, 23.092186229681797, 60.63651609756439, 51.65312557990594, 70.93656918261797, 81.94102593745728, 75.26856440607392, 46.48431708452984, 11.74561272655679, 30.03617890544249, 55.90197444714327, 83.54153441027273, 41.507820452626156, 53.2816438724164, 23.173044215902905, 41.51986985495879, 38.53960207717284, 34.25217360537715, 86.98447701008403, 67.66572049650152, 78.67490606044915, 12.111177562190608, 34.910213368841966, 56.63302549355861, 16.27959869785652, 70.59491395645894, 39.44564785016824, 24.27419387586381, 45.817286501348875, 27.52818555639209, 8.169315564318877, 17.395343019668456, 66.5202255924647, 88.64041643373368, 59.40331204260902, 63.081982375442166, 35.821300850333685, 55.112609272738865, 53.21713877279297, 58.98040886254878, 31.386551283719722, 44.01307602331073, 7.556947468712543, 85.12226452355696, 41.57812033726013, 36.527485863698054, 73.33150407601998, 29.010915622306666, 25.408246997877235, 40.60857769235896, 35.53227864880723, 7.324137366239363, 33.34845617199269, 19.17014518914256, 42.67002751318956, 52.78276936092628, 45.998111195990546, 15.915318294512353, 79.57918635514388, 44.71249441684235, 13.536516658746919, 52.533764740015435, 19.492738442422777, 66.44814858624349, 26.851855596643208, 43.792158675272994, 19.287196928370577, 14.687480906780477, 88.91220009974491, 36.39336960054384, 46.30005931286035], [67.22401481517966, 27.659134500626813, 22.968586521798542, 39.100335906626235, 90.10827722513459, 50.43787730882752, 73.67759499647703, 69.76703724329245, 0.0, 57.40804427196107, 88.84475584831998, 74.56109836362236, 73.60372491576891, 38.179750815623734, 1.5838234814678698, 13.290625112699702, 11.361689277078195, 37.24715801999037, 79.10488450347027, 43.896418945460965, 33.70011690859995, 70.22038153961759, 30.07587375213521, 58.384144999823164, 46.783759394573174, 45.93393317949735, 49.99506255612003, 36.06468134292172, 21.95065124406483, 73.32398930111339, 24.91703569096664, 81.15461611524555, 90.08449838780689, 27.058512771606843, 65.10146188864587, 60.17459245699815, 57.75943257069595, 69.94304393864195, 70.26666695383112, 57.00163177685941, 76.51221659548175, 87.15375691413423, 5.881004698754621, 72.81848755429041, 24.18204587235454, 68.81185892509086, 53.38075398226956, 30.25762537453241, 29.03408068986651, 78.37979587942404, 90.63975008891087, 35.90565161940835, 62.81981188634563, 19.46784114444001, 67.4964788059514, 71.45025391071295, 14.803105372605561, 74.28820044526059, 57.257741757584434, 49.930782168751286, 44.61641199568179, 63.08832154100967, 41.35167739096137, 88.91814270233293, 77.97875575601283, 53.10457576993582, 38.842381615238764, 63.559566074697834, 17.741884368398285, 83.65515065072735, 79.40396068339625, 27.12472281939317, 79.33692849161643, 27.238777220568522, 55.687814133771795, 104.65741542963262, 54.019982367524115, 80.26117801284856, 24.219672109675574, 35.075815241499484, 46.616252248133534], [28.311550505824904, 34.640573314076576, 37.61272053939181, 52.969618742865656, 48.41265752908399, 16.394672449703616, 20.16532781215972, 12.608700025844614, 57.40804427196107, 0.0, 47.89378547822802, 28.72102784062162, 54.99717061990719, 40.25832011520047, 58.536768536001695, 69.42239937583807, 63.41408533956902, 37.69372647575012, 22.02814815169215, 17.990720793945883, 44.09379465469026, 74.86023532439012, 28.90021793338565, 45.13236617251781, 10.643551114860722, 34.71769054503081, 28.939041726146158, 21.670596342952962, 75.29261851527203, 61.13557569320573, 66.20231475464425, 23.769677739781848, 39.93369662097485, 46.429238479512314, 14.044151010697044, 61.54130298538609, 36.248709507701435, 23.225574147304393, 41.23890703181458, 24.337425707318978, 19.168271073095507, 29.92682223123732, 54.00307916119858, 79.84621481193614, 46.999765501169996, 56.16664022307537, 31.258157362471785, 45.363805396902734, 43.18076516120036, 54.66871544677958, 38.006874510324735, 34.68783145067765, 5.4217168781080405, 73.33669663925996, 36.72439617976937, 38.20791798485647, 60.726042884222366, 33.13640153538167, 17.830872119157796, 31.035785760711516, 27.824014827595516, 7.63404199099121, 21.259461585046257, 31.71434451446175, 40.98121178249937, 43.64989399580683, 34.536355678057355, 16.82469512183463, 68.02698759671406, 48.82657291886165, 22.78989105815697, 42.12648575519938, 28.400017873718145, 56.32943506920782, 18.62355179720361, 51.69824897923433, 12.746871999095005, 23.800402762938873, 77.28722113953219, 23.7958457933824, 39.76806770668662], [22.50179147000416, 76.43482857066428, 66.00707293971534, 98.66818318090442, 1.5424995975922537, 41.48603639292786, 30.46590445563272, 46.88651447920275, 88.84475584831998, 47.89378547822802, 0.0, 69.73899452620392, 29.997313438791302, 52.92082638134778, 89.28353800559155, 96.66982635661986, 98.52091816417261, 83.50483448781871, 39.050577015175634, 48.08296154682889, 58.54306007597463, 59.24357907317256, 60.57551511035886, 36.85627968656697, 52.75753175979311, 82.16387258369299, 38.86578802784234, 58.021422041057434, 110.40621478442824, 37.99282937903202, 83.69713518318014, 42.401060535083325, 17.098661263693096, 89.31463662235345, 33.87266191634512, 51.23638214121313, 83.99067182718267, 24.682047487164947, 20.702004567404867, 71.90345529173968, 41.69113512702488, 48.493902639230136, 83.45799950108744, 63.95868287348536, 67.40207958215315, 36.591391074012606, 79.14625023319967, 89.26411809321391, 86.6824921633414, 24.0442877711355, 22.900948267544177, 80.0320375559001, 45.56526068403511, 108.01672947692082, 21.910114773301466, 83.33086240474748, 84.05320990797173, 75.84036934915825, 34.62643154752132, 39.11059416767568, 75.0468409785438, 50.968971512562874, 49.39653027583636, 49.27902723044137, 11.058145300205805, 41.11734733251707, 50.459561425791755, 61.94165135967622, 104.48860371538792, 91.34871626839019, 36.51735167761002, 84.90757579743568, 64.51982891222457, 98.71807421076204, 35.53692629412931, 27.98140147261303, 60.62576006094438, 35.71751260949617, 112.65235221930597, 56.776971582467134, 87.2211081828988], [54.637952625475506, 47.10063409126309, 60.30064496575878, 53.13850164741805, 69.76205898563356, 45.0387170967167, 39.36300601618945, 23.092186229681797, 74.56109836362236, 28.72102784062162, 69.73899452620392, 0.0, 82.82546650132298, 67.68310989522675, 76.00152834546086, 87.74896762081092, 76.76590568837852, 41.563847563256054, 31.62846396045798, 45.28902672192935, 70.70627059711755, 103.5728443477818, 52.09047862628598, 73.80902416397018, 35.13413758427359, 33.412482104756705, 57.631904997547146, 44.565273621006284, 87.15348159105793, 89.41307406353751, 89.5479660547157, 29.31520085059927, 56.41715136223212, 53.80143660747434, 38.77060985021782, 90.22642936922531, 25.16250881093634, 47.283699902134366, 68.3354101162397, 18.22219421749262, 28.416793694685257, 27.714151011892625, 73.00550782736128, 108.54566194552412, 71.45496721677327, 84.5723144774856, 25.089687731845327, 51.227576449297146, 50.34472790428273, 81.66544541271172, 51.950236343366576, 40.832688682756164, 27.137344037324777, 85.80436651790323, 63.95814981925644, 15.488214382806904, 82.15962803474015, 6.421779495550694, 46.09963575190751, 59.723365002625656, 31.00166479383258, 21.68852273586814, 48.2349742375525, 28.508226311392853, 65.74121416606845, 72.35449358944828, 62.014951930080514, 12.761363121481702, 79.4914283863971, 21.639258153435197, 34.1012695385659, 50.78937358283358, 8.14031172380823, 62.4095186874482, 47.12884180839791, 62.13092228522243, 22.201419993692014, 35.128902217500354, 88.70288190531917, 47.918073064812404, 36.61172254889107], [28.77436147875439, 70.85937471784983, 53.367140716187734, 94.9005546292989, 31.486965313694217, 40.668640533609896, 46.95313713798001, 60.63651609756439, 73.60372491576891, 54.99717061990719, 29.997313438791302, 82.82546650132298, 0.0, 35.555543924275085, 73.5436063135687, 77.9558932655327, 84.6251495714605, 81.31090355191496, 57.991213569024566, 44.65070951670836, 39.95405706681087, 29.2632737678383, 51.79577388513134, 15.361436156984709, 53.92514637093785, 83.22579236727245, 29.917341560177295, 53.228357152469336, 95.4514132711567, 8.239126880407833, 61.354692825087966, 61.86583140009918, 44.393520197626174, 82.97415803076242, 44.36449890553654, 22.303075187279564, 89.00071577534315, 37.24955594095558, 15.105364713089086, 78.15887080452859, 59.12186189577744, 69.480064510904, 67.74242019606731, 34.05412327153691, 49.57509993237823, 7.081893416870574, 83.25074702309676, 84.02113653708818, 81.29589543098676, 6.6396083010899645, 49.426701728191134, 77.6142477240033, 55.69374515413809, 92.94511068756312, 19.0826106396727, 93.1593607849622, 64.67324301277267, 87.87979364873566, 37.17210753105625, 28.48440699968583, 76.24777170876408, 61.23950715954633, 43.85590720686687, 70.78841297775813, 22.78351631996728, 20.55318846008025, 36.44996940536936, 71.76061288602833, 91.01411859423511, 103.7096516484653, 55.87846116338772, 78.99695508404173, 80.12722353553696, 90.9011291709957, 36.551194446121144, 57.65927260890595, 66.35485645208561, 55.58613004960772, 97.70793771107948, 50.34085644342901, 87.88762404061451], [33.825628844229314, 38.78905230490304, 18.46300556764705, 62.39028742367505, 54.32857658800805, 24.863111361944913, 47.065864200146514, 51.65312557990594, 38.179750815623734, 40.25832011520047, 52.92082638134778, 67.68310989522675, 35.555543924275085, 0.0, 38.22672338171135, 44.05809065802889, 49.09186082761761, 50.80456446213715, 56.27620475757269, 22.48073318467498, 5.6924575701938265, 39.9423335192008, 20.05646053359145, 20.24130908600983, 32.60129930955724, 55.2731757084331, 15.966987847707307, 25.265885947476225, 60.11102712701411, 36.271756575762936, 31.416296265938392, 59.57596787616925, 58.235200727041466, 49.53269543851916, 39.29142958811279, 26.94106487807145, 64.10761372299446, 39.69612120472471, 32.98297274904152, 56.065874600604566, 55.14779584325495, 67.22422852334329, 32.36305624590423, 44.20667256187462, 14.720318983055432, 31.357742568967826, 58.16968201838396, 51.16735577960531, 48.51635695394825, 40.2003979680898, 60.50752736020346, 47.29350597362507, 44.2467516305252, 57.6155015588417, 31.012049603645472, 72.79006369637393, 31.182814301126264, 70.7100165854216, 28.69179823122295, 14.746585064605538, 49.31729457668323, 47.88444077634824, 19.448995792017666, 68.97090769377175, 41.864065914203785, 15.002358061199027, 5.724758612059752, 54.940406057378574, 55.47048455788234, 85.03823950029823, 55.42950217356771, 46.0359617232209, 68.56091252482643, 56.453102259827794, 26.853857957986634, 73.55197552734144, 46.18094084011475, 55.87040777870936, 62.37705995390225, 21.551181927770738, 59.117715415166145], [67.78764810523741, 29.158074453806314, 23.579192490984724, 40.60812739553607, 90.56186754379821, 51.225627822218826, 74.5836067688289, 70.93656918261797, 1.5838234814678698, 58.536768536001695, 89.28353800559155, 76.00152834546086, 73.5436063135687, 38.22672338171135, 0.0, 11.785867817649832, 11.943608577881783, 38.82562450577714, 80.1664674345764, 44.73995485423392, 33.596361662748166, 69.5376977283432, 30.942608354931398, 58.378787911135475, 47.90125270176461, 47.50326111708797, 50.418446821410996, 37.106168729711314, 21.910149809084466, 73.08702418183688, 23.645872418949942, 82.26311957953122, 90.80304648292997, 28.62833837756463, 65.99726909331065, 59.69971840599389, 59.326674751211215, 70.67981769894413, 70.53086486943923, 58.48741044130842, 77.61185602753427, 88.32911453028656, 5.89325039533436, 72.0473412022553, 24.010522214669173, 68.63710365408333, 54.92762175731463, 31.83148509073147, 30.61709054597185, 78.4148172201377, 91.44692540307963, 37.46543120053436, 63.94158444210375, 19.406401223471466, 67.84199269068982, 72.99502897945362, 13.609992112897928, 75.7795566784079, 57.99416171950858, 50.289949182980386, 46.13459160340752, 64.3054135800696, 42.12940210629726, 90.09739620793958, 78.3818027294928, 53.08876414272587, 39.12088755191217, 64.93324902127078, 18.21987607434754, 85.21275104633483, 80.42777789672124, 28.70800629093156, 80.71606039329949, 28.636218868382237, 56.40065376780032, 105.44259213927259, 55.3633009251211, 81.27329376926309, 24.170311885560004, 35.99421716632894, 48.19942080535396], [76.01682742069471, 40.942634130801, 32.857970311787426, 50.5384451285807, 98.02638509252422, 60.72218988398361, 84.48154108879208, 81.94102593745728, 13.290625112699702, 69.42239937583807, 96.66982635661986, 87.74896762081092, 77.9558932655327, 44.05809065802889, 11.785867817649832, 0.0, 17.605683632137477, 50.3135171719871, 90.72918824745393, 54.55266890242613, 38.70807351531452, 69.3861444187952, 41.04414622808656, 63.37220914473755, 58.78687226148141, 59.0920044242358, 58.09270027253828, 47.78730432037824, 21.28440223323387, 76.2875646020512, 19.881101021273757, 93.01246593858642, 99.71785839922157, 39.51023754978497, 75.88678014724435, 61.37864213568266, 70.9264145046637, 79.78459520582982, 77.03423378960412, 70.272647520065, 88.3353227906029, 99.32740652025498, 15.421173942030649, 71.1123790966005, 29.35870792418022, 72.33425124956678, 66.63856130803889, 42.7637269061382, 41.82665536722259, 83.40228582593099, 100.80997028910218, 49.126584476889114, 74.78501122730557, 19.1003598645797, 74.85326126044971, 84.71085696076518, 13.288080793818214, 87.56539951336657, 67.18703444791487, 57.614058682903156, 57.90694560742484, 75.48906654106324, 51.683081523168184, 101.1079963070305, 85.63324057184262, 58.117853999114246, 46.24932468493547, 76.562657920396, 21.804759557007724, 96.87100958995501, 90.83053526797148, 40.087776894362186, 92.35083000814238, 37.71147583724507, 65.49282838026114, 114.6529142490085, 66.9291138758428, 91.6234522298048, 23.13481244256785, 46.221120680166926, 59.53402443848993], [76.48654680740941, 30.172008791918792, 32.61406016476022, 33.6881478598951, 99.72551061010061, 58.78495886214428, 81.12875171163003, 75.26856440607392, 11.361689277078195, 63.41408533956902, 98.52091816417261, 76.76590568837852, 84.6251495714605, 49.09186082761761, 11.943608577881783, 17.605683632137477, 0.0, 36.40044203497741, 85.4263061667963, 52.03657244147751, 44.850641615152966, 81.48125024235945, 38.40151123634975, 69.33315149192278, 53.062388490293394, 45.3633788421626, 59.887757671692086, 43.16588267370779, 12.106837639960395, 84.5732195062606, 34.706528544412116, 87.08375263478183, 98.52105576213113, 24.37901331965384, 72.68417139686069, 71.53616590259122, 57.0015273873161, 78.38530233232557, 80.56688892508335, 58.63655240591659, 82.55074061629587, 92.45400423158219, 17.176506891608728, 83.97236174867653, 35.4307640373834, 79.99757265783741, 53.53951850695633, 27.562373665470858, 27.365789576663992, 89.22310141396773, 98.59137238013848, 36.18522714618498, 68.81249816249661, 9.960321628428462, 77.55888472103727, 71.36382659202877, 25.103119379282706, 75.54171521258183, 65.79695538811521, 60.03060481689086, 45.839089657991764, 68.22407724336148, 49.87704202687249, 94.1702219360751, 87.81442692197662, 64.08157776423242, 49.246161697991106, 66.91072206450684, 6.416295083487242, 82.97089666055189, 86.00925961167819, 26.29379510943751, 82.42296517923323, 20.501437835943793, 64.35741462170127, 112.68185497959882, 57.92696156466987, 86.94629240386567, 14.275274854667867, 42.97715240922261, 44.79339850260026], [61.54386653215113, 12.571415821022311, 34.25625024577925, 15.322662402925845, 84.28672873294722, 42.86931740059786, 57.85036958692664, 46.48431708452984, 37.24715801999037, 37.69372647575012, 83.50483448781871, 41.563847563256054, 81.31090355191496, 50.80456446213715, 38.82562450577714, 50.3135171719871, 36.40044203497741, 0.0, 58.069686703391355, 37.23562663833909, 50.35537824259338, 90.65785552359736, 30.850939554322192, 67.11665731756904, 30.750886746207414, 8.966248250996372, 51.44924587422752, 28.08410303369431, 45.896950217345804, 84.75383332221472, 58.50764811248119, 58.50090615659395, 77.53515129741217, 12.360363655359459, 50.935126167689624, 77.74169388632208, 20.717949832971414, 59.33980298426136, 71.26016159788743, 23.435027465917862, 54.60737035442713, 61.97496032852722, 37.95896717125459, 94.71627650811611, 45.55195365192062, 79.48088876375283, 17.227929987322586, 9.663924640133093, 9.067557312823933, 83.49249705461166, 75.68254840671574, 3.697616245220535, 42.196378394206576, 44.74814312371751, 67.03255255970693, 34.96620117715959, 49.00394956732407, 39.52568190978819, 49.1608101199427, 52.82686801808374, 11.28164386233457, 39.21792993680927, 37.515222583546496, 63.498322696906946, 74.68231960714965, 63.037859440800226, 46.97059270519381, 33.90787616991729, 38.27697276498138, 46.74176246328634, 59.45829419334392, 10.284006214478485, 48.18506049181196, 20.986546570292003, 48.60113946473958, 89.2370622811716, 27.20048791467346, 60.56740023192663, 47.32620557373645, 31.08003106282833, 9.642850947599566], [29.623247281043906, 56.51755889808384, 58.20715323951335, 72.94585700900282, 38.8609061983071, 31.849877478976627, 11.10287447514298, 11.74561272655679, 79.10488450347027, 22.02814815169215, 39.050577015175634, 31.62846396045798, 57.991213569024566, 56.27620475757269, 80.1664674345764, 90.72918824745393, 85.4263061667963, 58.069686703391355, 0.0, 36.77915375629931, 61.16415495664091, 83.59097502212522, 49.72343442916422, 53.57939546975561, 32.43243665709657, 53.26447235552413, 41.36971068729066, 43.062581332516714, 97.31986705666235, 65.68640420263193, 85.44139864988806, 3.8811264237582965, 24.79265338250298, 67.87483638872749, 17.06468112901124, 71.37377243702664, 50.852372912405954, 20.90631626322414, 42.89180739801572, 39.1050431281822, 3.6406387611909445, 11.73946424913739, 75.37370987615057, 88.7417806564452, 66.10870793922136, 61.650880549584514, 47.46994929093558, 66.503832989198, 64.51069599682157, 55.12431347683972, 20.46009335868994, 55.479241689570785, 16.677420859730542, 95.35647020589418, 39.23333714413801, 46.41025270735905, 81.13542112093981, 37.99050469535302, 27.784904263861065, 43.25702528155081, 47.21605559041067, 18.866674539697364, 39.978811199680834, 13.282970105060764, 37.32959380705887, 54.24095045629141, 50.932005935840884, 27.221393297069834, 90.05043384965441, 52.893847047831976, 2.5428138335150563, 63.68302126419176, 25.611103578012955, 77.74215279914634, 29.57315540890548, 32.159683526294295, 30.92650454365633, 3.5019188833391923, 99.31523754807266, 44.53274114942037, 58.04315549589783], [25.582110921109, 28.521295840776517, 21.711462074677282, 51.727816450144964, 49.096677150066604, 6.799925225775785, 29.937521278839718, 30.03617890544249, 43.896418945460965, 17.990720793945883, 48.08296154682889, 45.28902672192935, 44.65070951670836, 22.48073318467498, 44.73995485423392, 54.55266890242613, 52.03657244147751, 37.23562663833909, 36.77915375629931, 0.0, 26.10646439145577, 59.488612511782826, 13.826028659416329, 31.65657468948685, 10.569298717964337, 38.57522947665211, 14.894292200171513, 9.957468403670234, 64.13868095977062, 49.09493956107354, 48.858227285733996, 39.53174945568404, 46.48466983838256, 41.38888528723743, 21.339198178737597, 45.99330852023589, 44.97248734991803, 26.35545128204415, 34.03762594166957, 35.2235128549447, 34.87655056175383, 46.65808102602962, 39.471307525303835, 64.25971723455982, 29.51370725041753, 43.82963187925064, 39.07973691586514, 41.61487113933549, 38.956768079792965, 46.35409111132237, 46.75902363186937, 33.56177982837489, 22.483193443373366, 61.90347502413413, 29.86980385876688, 51.56488840633748, 44.39262625346998, 48.61624378079355, 13.88113895400752, 16.655281660060183, 31.618285581636542, 25.552300890957525, 3.3127059656636395, 48.44924628275658, 38.279061918536705, 28.728250982200056, 16.771143214950634, 32.590759158524754, 57.57415733479674, 63.44445290567572, 36.576667352985154, 37.02589505075653, 46.11721100460834, 50.657836781384304, 12.642650760689781, 60.80553065815995, 24.328685508763304, 37.29023224457448, 66.30962056016189, 9.069824142460487, 43.26488295510644], [39.48484886720704, 37.965193304527304, 16.4754416237542, 60.87698921609717, 59.96027147983465, 29.433288465255053, 52.26590190554757, 55.90197444714327, 33.70011690859995, 44.09379465469026, 58.54306007597463, 70.70627059711755, 39.95405706681087, 5.6924575701938265, 33.596361662748166, 38.70807351531452, 44.850641615152966, 50.35537824259338, 61.16415495664091, 26.10646439145577, 0.0, 40.60281787675351, 20.539144522514434, 24.89013294551124, 35.60758305092216, 55.63246809848063, 21.52674222650128, 26.940987937819873, 55.49993086275614, 39.784413474973334, 25.751693892409797, 64.35804627447388, 63.88498422893652, 47.71115802569425, 44.3005001549558, 28.388754578975966, 65.16965776765768, 45.17554026967131, 38.459535158474594, 57.983790158988086, 59.85490401974663, 71.89455632831744, 27.824318471806215, 44.441503396895534, 9.633566879032765, 35.147646128658415, 59.30184531862576, 49.645413103601776, 47.08199020219087, 44.980176757012934, 66.07586618325841, 47.00274070244371, 48.4020633164418, 52.9928740638076, 36.63394448024182, 74.75477496852722, 25.684516937540693, 73.3293583529595, 33.84195408914012, 20.398671910412748, 50.14422704229024, 51.655134530209736, 22.87127622675328, 73.65866371393051, 47.49108604889136, 19.59311700840349, 10.251896667909744, 57.948345883829646, 51.26362869550078, 87.1754991507383, 60.434256032807305, 44.55351403437335, 72.1202985853165, 53.87927046248821, 31.99613895893924, 79.19367291008956, 48.80785471268025, 60.92348591368997, 57.75515402196974, 23.273515692024294, 59.13113712451703], [54.14355765918895, 78.43860603477462, 57.07734241766555, 101.46221269679182, 60.72207157451692, 58.556205670036746, 72.56095714706892, 83.54153441027273, 70.22038153961759, 74.86023532439012, 59.24357907317256, 103.5728443477818, 29.2632737678383, 39.9423335192008, 69.5376977283432, 69.3861444187952, 81.48125024235945, 90.65785552359736, 83.59097502212522, 59.488612511782826, 40.60281787675351, 0.0, 59.99807454042954, 30.285783965248395, 70.04181622905315, 95.1770832320456, 45.94850351123539, 64.76938261948072, 89.95459814663869, 21.316456803835553, 49.72340600505564, 87.43362565251962, 73.28450357401702, 88.23762090503209, 67.79454464966459, 13.495681657868067, 103.60631135887677, 62.83354903713177, 42.343584308297075, 94.6478912561407, 83.96800489339974, 95.3277433967985, 64.68185209952108, 5.1508889126520705, 47.81556178050573, 23.14085830672916, 97.64715775519913, 90.23848560180696, 87.68363623460775, 35.3481084320331, 78.03000638783845, 87.18926625412034, 77.21341971552398, 87.52985618545821, 44.98162278555526, 111.05138801611511, 57.12346124377977, 107.62581549930691, 58.17326058917933, 43.863696504468216, 89.05969001716848, 82.15100772418411, 57.224835597811875, 96.82064289257238, 51.56650892024997, 31.22222884281741, 44.45727995197625, 91.29372710869892, 87.70284396615641, 122.81866459898971, 81.80607266792009, 85.1536162907696, 102.58027325769022, 93.83629310556688, 56.85264716692671, 86.89477272962394, 83.75420614022083, 81.73855245865805, 92.03152603071399, 61.12582741182457, 99.06004889392865], [38.263553531102694, 19.269809335135573, 8.72747777244902, 43.295315884268646, 61.70697876511032, 20.455577210475912, 43.64871803926226, 41.507820452626156, 30.07587375213521, 28.90021793338565, 60.57551511035886, 52.09047862628598, 51.79577388513134, 20.05646053359145, 30.942608354931398, 41.04414622808656, 38.40151123634975, 30.850939554322192, 49.72343442916422, 13.826028659416329, 20.539144522514434, 59.99807454042954, 0.0, 36.93829850665383, 18.531457149602577, 35.28929578512655, 23.08028399837862, 7.636496933708198, 50.47720854893849, 54.4004627719719, 37.833653940125345, 52.128887302636734, 60.20808829153892, 31.186377195963217, 35.05783997699178, 46.94003937820415, 44.63115056050857, 40.04985714459803, 44.159778138648775, 37.879437755238904, 47.441372478768706, 58.75336362370454, 25.788885512431047, 64.21992391061862, 19.370470387849995, 49.18365179231518, 38.771197293048694, 32.27166504812551, 29.551705749512628, 54.92458327839696, 60.58401846195625, 27.290052467437473, 34.11845853015376, 48.20263997608071, 40.55416854988788, 54.59487308366105, 31.8281060015878, 53.95794641924938, 27.413900811363927, 23.875016421815285, 29.6135316446018, 35.66721488402228, 11.475838432167208, 60.54719033313062, 50.17784458289073, 32.50167388319945, 16.17719622748171, 39.55561420704732, 44.11633837782376, 67.12367779270363, 49.78699577434051, 27.214631363763583, 54.76078759209837, 39.47979998714671, 25.956144696129144, 74.62434140623628, 29.889744491956215, 50.58028141022711, 52.67169021794029, 5.192211797259222, 39.06287229135846], [24.67372920131702, 56.16533388238261, 38.035445295753604, 80.21930547214123, 38.38274937619667, 29.209844205952876, 42.672136870964536, 53.2816438724164, 58.384144999823164, 45.13236617251781, 36.85627968656697, 73.80902416397018, 15.361436156984709, 20.24130908600983, 58.378787911135475, 63.37220914473755, 69.33315149192278, 67.11665731756904, 53.57939546975561, 31.65657468948685, 24.89013294551124, 30.285783965248395, 36.93829850665383, 0.0, 41.780559982308716, 69.8033333544719, 16.89703042973726, 39.21916454809637, 80.28551441265678, 17.655531339292537, 47.95038314535671, 57.38475485235844, 46.83697379449457, 68.00717410553868, 37.52184292788985, 17.813885820964988, 76.62621586677906, 33.131142993854745, 16.257030220327117, 66.54741623510955, 53.78040186565772, 65.31195100563545, 52.54287550419953, 35.40833353711876, 34.518517430529705, 12.370994310169609, 70.73619258566718, 69.20616631574798, 66.4881088666591, 20.091386926536043, 50.68924319923978, 63.43929533324191, 47.10492167875021, 77.78411659604228, 16.80633278309486, 82.40724434893579, 50.15943185919932, 78.20734601497138, 27.9775807366911, 15.012578241153074, 