instance_id,num_cities,city_coordinates,distance_matrix,best_route,total_distance
250,68,"[[41.78641339904373, 72.85962248033255], [38.01497438258157, 74.40744351242022], [16.082171566690374, 27.650567713210883], [8.030355476820816, 10.725659219099203], [54.99712758484151, 20.483874044517158], [2.539218314575664, 29.223580571567332], [65.09127489702107, 64.92123820490694], [7.101982982408195, 57.52578275027103], [15.099200722958683, 91.1745195583976], [71.52204180699503, 15.733878858937434], [21.267833925851065, 76.83891044092769], [86.17899130979605, 15.667150345853564], [17.729164070872685, 34.74640561195342], [69.41886081839156, 24.01399723754568], [58.838415893468444, 97.18646611774837], [91.06511561662295, 26.950240550497085], [26.450571275179758, 45.41207021264974], [43.96910665057706, 96.73618078548746], [39.275093915028336, 28.553114321583305], [95.1845876043862, 82.34686456569904], [85.79834810746868, 89.56368771870599], [16.640986662996905, 42.446977301372904], [17.930502031394468, 43.26085819000068], [6.6132614730494925, 74.11540905851768], [87.01195786340182, 67.3056780320442], [93.35265977156334, 89.7320125424698], [11.374807296528056, 57.85261502247512], [57.55730742612651, 73.10747270071288], [71.78793012459653, 36.13196511001344], [12.903427070215667, 91.29324438626504], [10.111449161733699, 6.05453331676854], [37.38458980731561, 1.7111771059856729], [26.80833503551976, 62.34413371707286], [65.32350526617196, 52.73562054073111], [41.86239325183573, 40.04099086212639], [46.441877516266594, 95.18376634477086], [37.94262915648613, 10.669983187407638], [27.268794529143257, 6.33904435122612], [94.86989381435642, 98.32765756782858], [87.93535929018692, 51.157569259098345], [65.74286716535941, 20.792142288059768], [8.171329601962274, 2.975653033263259], [28.334751691070515, 74.76421193386017], [27.607636404407078, 33.408939715758976], [12.875284518592212, 54.81434427673022], [57.282781058062625, 84.13708455824445], [1.9383403733878035, 54.614015655132164], [26.608235923971435, 21.419695462300957], [78.77050847347049, 27.173036403595418], [63.784337505761165, 63.25710687237307], [61.677001146816046, 99.26809459317327], [60.933028986879144, 44.709486010063685], [5.138466811717612, 34.85546466410746], [99.10780756456305, 15.037637204159292], [40.805476495880654, 40.29832345063683], [97.75615958280113, 2.520076963758111], [40.6764463797507, 69.41364073543468], [86.65766528985259, 18.091354095524125], [26.877718623243616, 23.876786560182804], [29.29219930295819, 7.155822638617881], [44.12972265500241, 24.71727884014312], [68.30770957708341, 1.8927492845488114], [76.24900036716869, 27.218604453514182], [16.004620815452842, 67.95163292421708], [61.064683082806006, 61.886194525264685], [11.260777774012375, 47.49758742062896], [21.383369765148743, 6.7687473980321595], [73.38357236758193, 16.788529466169777]]","[[0.0, 4.076702368614369, 52.00544857140173, 70.71139114030188, 54.016127161345594, 58.689406841966026, 24.619799234442, 37.92276828230826, 32.36731028983889, 64.40153865485766, 20.900881231925627, 72.39944642340416, 45.07070606606785, 56.1199363483406, 29.708014245808236, 67.35029206639233, 31.441313253985754, 23.976116998583223, 44.37762263542413, 54.23442422346208, 47.07521845160675, 39.46164558807952, 38.01567248774855, 35.19556245237491, 45.56529568687449, 54.25638498241751, 33.912771319589275, 15.772841473406684, 47.42374744519016, 34.264052822778325, 73.93391168866022, 71.28448169215454, 18.300774174720196, 30.967243138947907, 32.81871957023234, 22.804401887067513, 62.308313351329325, 68.08633175816011, 58.87679257755822, 50.99710110271901, 57.314345242969836, 77.54832715387046, 13.585825837697225, 41.92128442276858, 34.08057274441677, 19.16555664577024, 43.82660256371473, 53.63248235057938, 58.779991798411714, 24.00243677225305, 33.06119901465336, 34.044427910644984, 52.795719527136384, 81.41943386168211, 32.57607145911321, 89.89028952758174, 3.6203338202557487, 70.8024891378744, 51.2014393811178, 66.88119840073836, 48.19933971994999, 75.76065101455868, 57.1906673073495, 26.244793584752017, 22.182601359735347, 39.68686498933643, 69.16854746682813, 64.36107462345518], [4.076702368614369, 0.0, 51.645457436869044, 70.38783290956451, 56.53445738259804, 57.4465903153045, 28.689965853666145, 35.222201910094725, 28.39485026462818, 67.5670833803755, 16.922728648237708, 75.9617967656058, 44.54786220847077, 59.37763476875714, 30.862592036499098, 71.17937621194008, 31.216455468607055, 23.10896361316205, 45.871640550319235, 57.71827338540183, 50.12945783641394, 38.448910926896914, 37.06070434938277, 31.403070833517855, 49.50898366112995, 57.42039568103551, 31.36496211864996, 19.585522839488345, 51.04532090686872, 30.260867131864053, 73.82903935420883, 72.69899954021402, 16.46548537619336, 34.86292830409175, 34.581146593489066, 22.42026509340523, 63.73750138273614, 68.91144568074373, 61.681913913643804, 55.06906102448771, 60.36088604015129, 77.41539785372134, 9.68679488085622, 42.298817919142834, 31.87308494823125, 21.585047810099937, 41.14976680097936, 54.201615526532535, 62.386719531930886, 28.078284900625004, 34.321181255170934, 37.51274325688991, 51.43173904190344, 85.18866219915556, 34.22307662138926, 93.47086539895004, 5.658754223956352, 74.41514164410454, 51.74346101560665, 67.81494905434454, 50.064983886875346, 78.58772604246732, 60.73407013133089, 22.937592604734526, 26.231102671514698, 37.946375203053194, 69.65345278021145, 67.60826117638115], [52.00544857140173, 51.645457436869044, 0.0, 18.742579061568236, 39.56937325805821, 13.633999862165142, 61.57105722775608, 31.19570900812893, 63.53155664478266, 56.70614327840841, 49.46093564018524, 71.11375696655134, 7.284469767530347, 53.46051875128988, 81.62926923510524, 74.98621444325718, 20.56634832809596, 74.50169851718296, 23.210476889463497, 96.17108251640002, 93.23936775997468, 14.806958195811626, 15.719335045621605, 47.419845419465325, 81.26230588960662, 99.12030134895541, 30.566696583750034, 61.53468213618616, 56.34772079076689, 63.72201119460041, 22.40620957880588, 33.56553303573066, 36.3138280111637, 55.262725411104924, 28.60318891215488, 74.04353221419456, 27.680676597099417, 24.069099719609383, 105.84307349700818, 75.60065943962651, 50.13205248796448, 25.912021053047905, 48.68080927279532, 12.883911977546799, 27.35242003428695, 69.91578368111749, 30.44791430855877, 12.23199901327588, 62.69015568882911, 59.52581176407086, 84.89969753092669, 47.98547806143856, 13.10248884132523, 83.97822484952522, 27.77062354026851, 85.4528050081689, 48.466819803242004, 71.21993315959146, 11.436138353535485, 24.3831788014918, 28.200519599190667, 58.23205329265774, 60.168379404499454, 40.30113982582616, 56.52879341991737, 20.424251011254132, 21.544213190895345, 58.32181760391732], [70.71139114030188, 70.38783290956451, 18.742579061568236, 0.0, 47.96978672900013, 19.295742579561068, 78.69631062944127, 46.80933067264821, 80.75882430425659, 63.68890403367052, 67.42546123542016, 78.30471005699958, 25.90488651613578, 62.81025804249295, 100.28424668345082, 84.6050142181515, 39.274055783323625, 93.21697085859047, 35.97293198368864, 112.80716835842202, 110.73976438256184, 32.86921036929748, 34.00811776441303, 63.40558760960725, 97.15653371968963, 116.28370253660619, 47.24547937387968, 79.65180238163902, 68.63314581154937, 80.71482271815303, 5.1137430636285135, 30.707197216568677, 54.92794758412945, 71.0446469695644, 44.76600774416574, 92.78263245154375, 29.912325494814056, 19.732205329586716, 123.34997176070654, 89.5519345625578, 58.583855171688505, 7.751288253216674, 67.18038954506335, 29.96332996527219, 44.354092117084036, 88.40270808046922, 44.30914667059988, 21.435952348322058, 72.62702983213956, 76.6032604047116, 103.5264480875013, 62.87760609207464, 24.302479932412297, 91.17946826418009, 44.14466023841709, 90.10023031387834, 67.1568792135556, 78.97156013051202, 22.982063613055573, 21.559446562896703, 38.7160138739147, 60.92109417303931, 70.18404913640134, 57.77889730853083, 73.68880700236888, 36.91355214384891, 13.926957375679365, 65.63384305069815], [54.016127161345594, 56.53445738259804, 39.56937325805821, 47.96978672900013, 0.0, 53.1809619618375, 45.569410172648446, 60.54789737929304, 81.17272898606561, 17.194046769523528, 65.67766270182861, 31.551694923583792, 39.903895940003494, 14.847496732366707, 76.79871826158627, 36.64305741133494, 37.898823746095196, 77.04564575007208, 17.671869775543435, 73.7703296661086, 75.63554616014984, 44.19922455301348, 43.505467894082706, 72.23115704377011, 56.72063721795997, 79.16092176546637, 57.43979134375331, 52.68583923928787, 22.95198910602539, 82.37624992198793, 47.147958612649504, 25.74132159215463, 50.466715419596014, 33.8645718719952, 23.55848178928886, 75.18820528118326, 19.67659448171949, 31.127747446610012, 87.46137501787699, 45.00891784960002, 10.750160391467935, 49.991930946026976, 60.475097103535, 30.28599593424342, 54.3399562905842, 63.69423380891343, 63.08804535497163, 28.404311846242663, 24.696528742759355, 43.66651468505678, 79.06689647547357, 24.942237280563734, 51.88861793328609, 44.44562502648239, 24.37243044709493, 46.37922835668164, 50.98238890642006, 31.75080785549807, 28.323365190043226, 28.95479739620118, 11.662855828343245, 22.864853220891288, 22.293467438648662, 61.42966479822393, 41.84456202317579, 51.40631289191956, 36.3041239212583, 18.75411750260417], [58.689406841966026, 57.4465903153045, 13.633999862165142, 19.295742579561068, 53.1809619618375, 0.0, 72.02140336872492, 28.66763801882257, 63.211328094328614, 70.28941591222689, 51.16620643826264, 84.73127183724226, 16.16279828822848, 67.08223565111955, 88.25278159803526, 88.55508211268297, 28.875941495750794, 79.21102723218627, 36.74199342883156, 106.7953545486251, 102.82514879346385, 19.331789664342196, 20.831149209503096, 45.076314096861054, 92.66007702280997, 109.12539341894288, 29.961462685410797, 70.3760336896662, 69.59245551263703, 62.92900753388758, 24.375057552706437, 44.3974352741237, 41.06045624538364, 67.04239488213365, 40.78392394731839, 79.23502755862043, 39.97045752971313, 33.693529612853204, 115.32704407792224, 88.1680256854559, 63.76355055658189, 26.84537907367987, 52.33888274556603, 25.415405105810443, 27.599301650355123, 77.53934860407907, 25.3975441338907, 25.30253409206345, 76.25886394822845, 70.06600842926728, 91.6706676251252, 60.41233642297635, 6.20275835267675, 97.60498665004819, 39.83662190793532, 98.89056077001979, 55.4047750692163, 84.8518684994408, 24.91888447493602, 34.68007975700186, 41.83391933091726, 71.22126635904496, 73.73704563836776, 41.00218413133877, 67.02295410249862, 20.24857836303678, 29.314187294609262, 71.92741478171973], [24.619799234442, 28.689965853666145, 61.57105722775608, 78.69631062944127, 45.569410172648446, 72.02140336872492, 0.0, 58.45896627669437, 56.46629314954627, 49.60595813488487, 45.41502934138479, 53.57851205784805, 56.15772488198869, 41.13551219407148, 32.86553176180039, 46.004750456865295, 43.286390611150445, 38.18817307540023, 44.59950263498213, 34.774414786868746, 32.18746959583764, 53.40901453050916, 51.897115138255735, 59.19637515675757, 22.049986281215993, 37.60691955287583, 54.17955633973047, 11.125425882761535, 29.55786590011824, 58.472678840834604, 80.54855791551915, 69.0157389498183, 38.369583682658586, 12.187830356623362, 34.03832619744935, 35.54744199068826, 60.66504460163867, 69.73100786514375, 44.75215077820583, 26.67003514455689, 44.133906227779754, 84.125713635308, 38.05162453849303, 48.969869416960165, 53.1851384888259, 20.74177733725166, 63.98853003184943, 58.08036251253974, 40.15031968081449, 2.115991123940313, 34.51613838478358, 20.635065685259235, 67.06929204874513, 60.37796074333533, 34.58450426096761, 70.43365399991089, 24.824696010706965, 51.557222968990885, 56.07961210551704, 67.95893649061541, 45.340324447432636, 63.110505208204565, 39.31899578395717, 49.18010676155921, 5.042314129012604, 56.58008507560516, 72.74677421068516, 48.841783831760026], [37.92276828230826, 35.222201910094725, 31.19570900812893, 46.80933067264821, 60.54789737929304, 28.66763801882257, 58.45896627669437, 0.0, 34.58602290481442, 76.78871798529842, 23.951372281091754, 89.47244465631816, 25.136368088821506, 70.75615189844473, 65.18917314658879, 89.35698866099335, 22.827831705339428, 53.820443343065854, 43.29578019809044, 91.5130118588601, 84.96790711005718, 17.84272863056558, 17.90935223575835, 16.59682348405801, 80.5062136558631, 92.0674778845126, 4.285305934643167, 52.80652257470264, 68.13198361200546, 34.26219810289883, 51.55915442412079, 63.5004447176476, 20.286863170053042, 58.41824467606422, 38.91020520982447, 54.45870940757521, 56.0946647116274, 55.01620193991753, 96.78842472337513, 81.0838385153547, 69.19619671170737, 54.56060991535126, 27.349477284825163, 31.65602533822632, 6.3783155475017095, 56.800298233589, 5.928034464308076, 41.038316766977154, 77.8310141065159, 56.97137343002766, 68.70846531276581, 55.335693508516876, 22.75519100953447, 101.34255902132047, 37.85116681072372, 106.03682098293804, 35.61693080397174, 88.79290934939199, 39.029920122090694, 55.041244371855655, 49.47172358107494, 82.71139812976385, 75.49725206601747, 13.709679508869959, 54.138583219114416, 10.856347253479367, 52.727930418201154, 77.79956874274941], [32.36731028983889, 28.39485026462818, 63.53155664478266, 80.75882430425659, 81.17272898606561, 63.211328094328614, 56.46629314954627, 34.58602290481442, 0.0, 94.20630162117324, 15.60646418509692, 103.70004549308595, 56.489368475530505, 86.37801358733027, 44.150452377802885, 99.47652104751198, 47.149288261181326, 29.40074053275613, 67.1261067355144, 80.57044547858749, 70.7174958557812, 48.75192794439034, 47.997241721004784, 19.05319962631638, 75.77048393240291, 78.26675334752711, 33.52939647974552, 46.1422692005428, 79.01452297758593, 2.198981018297466, 85.26599394489942, 92.19722452112487, 31.11743842460773, 63.245788196051414, 57.71400377092315, 31.598060832332834, 83.68274970927841, 85.70389061783679, 80.09076638204891, 83.1051280372457, 86.70905362736532, 88.47053438624411, 21.08264702928543, 59.104341445897106, 36.428123061689845, 42.76657504722056, 38.85715752344212, 70.69790220321632, 90.27859810982231, 56.12151525611181, 47.2757596360781, 65.26667722486224, 57.19311290913107, 113.37667695822797, 57.00175387221737, 121.20966562004828, 33.58171142952012, 102.28275966772286, 68.32070221116248, 85.20905257535534, 72.52127996340725, 103.93449820782212, 88.48534948470329, 23.240530311675176, 54.50350036300307, 43.84527217046605, 84.63938299951354, 94.50049470775049], [64.40153865485766, 67.5670833803755, 56.70614327840841, 63.68890403367052, 17.194046769523528, 70.28941591222689, 49.60595813488487, 76.78871798529842, 94.20630162117324, 0.0, 79.11580306359318, 14.657101399052857, 57.05392071249403, 8.543051599667951, 82.43420611292677, 22.53305357745486, 53.96510444655747, 85.56013764092333, 34.70156259009057, 70.6909183586043, 75.19743079291277, 61.03703664263045, 60.24771967977345, 87.30150533000503, 53.847822327237935, 77.1511482050712, 73.42804474634204, 59.04865008320871, 20.39981909978059, 95.63137410155346, 62.16872701903209, 36.905308472937236, 64.58971614108403, 37.5173392278038, 38.34749595933398, 83.314460103643, 33.959092940261165, 45.23950497145144, 85.83038200294189, 39.04145018272893, 7.680162007205358, 64.62263584150516, 73.1417955104559, 47.33796339255832, 70.47499498202272, 69.86955772450399, 79.7091998610713, 45.27227042401352, 13.542326031613309, 48.14903185600233, 84.11236546391044, 30.84984606575821, 69.08266115935389, 27.594550637277283, 39.33089526835901, 29.37402757539235, 61.910965041571465, 15.318119587793682, 45.380860925793876, 43.09225738383544, 28.82777521327215, 14.20946162172459, 12.419462919640495, 76.21599486442567, 47.32222092052198, 68.1201374370672, 50.93387886496701, 2.139528904066156], [20.900881231925627, 16.922728648237708, 49.46093564018524, 67.42546123542016, 65.67766270182861, 51.16620643826264, 45.41502934138479, 23.951372281091754, 15.60646418509692, 79.11580306359318, 0.0, 89.1932877858675, 42.24098894580659, 71.4772190683927, 42.726708876378176, 85.793589007905, 31.851327337582592, 30.18690362536188, 51.534255783863976, 74.12168395964721, 65.77314966848567, 34.70176912881226, 33.7434938490332, 14.905500781738262, 66.43171194902192, 73.2287798546955, 21.40914266394727, 36.48081022313366, 64.8793920910526, 16.7000320912845, 71.6581674748958, 76.83701019813877, 15.517593396549735, 50.21823136331357, 42.168978635478354, 31.149096436733295, 68.23764159073231, 70.75480652809475, 76.67482946127119, 71.44291583566483, 71.54906569646248, 75.0153265698186, 7.365168062957049, 43.89026603537641, 23.569395415970966, 36.74696943126965, 29.454630692548157, 55.67593090688987, 75.98194933022971, 44.6331543231633, 46.216545708514985, 51.04534859796735, 44.975173182520315, 99.39043651056716, 41.435902002843456, 106.64779871713672, 20.780492476959736, 87.90395566963369, 53.25840189376139, 70.14358962421109, 56.91511606763182, 88.48546193223673, 74.06148411645839, 10.32884862433842, 42.513208724771026, 31.000877558668638, 70.07025829400177, 79.5116246126343], [72.39944642340416, 75.9617967656058, 71.11375696655134, 78.30471005699958, 31.551694923583792, 84.73127183724226, 53.57851205784805, 89.47244465631816, 103.70004549308595, 14.657101399052857, 89.1932877858675, 0.0, 71.05910800557135, 18.723563419452415, 85.98200921130999, 12.295622607574098, 66.72514082198462, 91.39946421816082, 48.64178921876437, 67.28510275730726, 73.89751771842445, 74.5163956591153, 73.61568447941133, 98.72641141557136, 51.64524542372611, 74.41145967794952, 85.87944676040561, 64.17625277754115, 25.018219068661384, 105.30249006760492, 76.67250729299973, 50.75098823724691, 75.52228547306646, 42.53260843992905, 50.57711898619291, 88.89280304141151, 48.494518385016676, 59.64415181878471, 83.11613104890024, 35.533852354060144, 21.06895138478668, 79.03334352764865, 82.6947322711984, 61.19946654587049, 83.10196280469222, 74.31771564009162, 92.8081116476834, 59.8478627233631, 13.684700651087288, 52.59585992450918, 87.11753784967885, 38.48137048550625, 83.2811984621965, 12.944132900472445, 51.62800146322147, 17.517886965489826, 70.42135204828243, 2.4710104409127807, 59.866844488552054, 57.51999482066379, 43.01215898052738, 22.563617515098542, 15.232885876354837, 87.5106244564884, 52.601601901259784, 81.39972631258976, 65.40377776840538, 12.844463283386071], [45.07070606606785, 44.54786220847077, 7.284469767530347, 25.90488651613578, 39.903895940003494, 16.16279828822848, 56.15772488198869, 25.136368088821506, 56.489368475530505, 57.05392071249403, 42.24098894580659, 71.05910800557135, 0.0, 52.79213330947634, 74.75782060347217, 73.749182902498, 13.777494147989534, 67.31468497030555, 22.41838419370699, 90.9128501773164, 87.39764432168221, 7.777077498321596, 8.516832725735709, 40.90821094767995, 76.55201980499142, 93.50042818891062, 23.964030615456593, 55.29785232099845, 54.07651951054089, 56.75238068105604, 29.685907704500398, 38.44037048887962, 29.052812978597956, 50.88057750820366, 24.707192954122394, 66.9110938914169, 31.436575633050186, 29.96635985697685, 99.96633326092177, 72.09879429939056, 50.000371496200785, 33.177295235619184, 41.39931535167379, 9.968602242435377, 20.64660526481993, 63.27659743969264, 25.37857446494714, 16.013716632479184, 61.50936227634508, 54.16584797156371, 78.06702717948808, 44.33775946864865, 12.59116957826205, 83.73123174195645, 23.734784322257244, 86.27199005939129, 41.57396969823881, 70.91212182208221, 14.2072048175678, 29.915615530805372, 28.24133278298154, 60.312121498112155, 59.00202564680541, 33.24998000448894, 51.13252732158589, 14.297994922481552, 28.215289798105484, 58.47989807210786], [56.1199363483406, 59.37763476875714, 53.46051875128988, 62.81025804249295, 14.847496732366707, 67.08223565111955, 41.13551219407148, 70.75615189844473, 86.37801358733027, 8.543051599667951, 71.4772190683927, 18.723563419452415, 52.79213330947634, 0.0, 73.93345668121816, 21.84449293489796, 48.00157740446832, 77.04677778585373, 30.483606529196944, 63.769868178744595, 67.56515023315613, 55.90419263701182, 54.96810663559077, 80.34111510044073, 46.729933550647175, 69.94057669156787, 67.18753011417742, 50.50609648280249, 12.347373596670801, 87.86632659126545, 61.96701882238626, 39.03345110327525, 57.313665648185186, 29.012128192691765, 31.87825951003277, 74.78688251586553, 34.18794920149818, 45.70593011548549, 78.55109924276269, 32.85778777923456, 4.888075148016807, 64.76011123342319, 65.29539275100227, 42.853744657445155, 64.38817747463764, 61.3357160300704, 74.09441117037913, 42.88915953422009, 9.870807581823247, 39.645548385306235, 75.65127599706857, 22.36766857332539, 65.18823873686453, 31.01626344913234, 32.92271317194378, 35.56671351136262, 53.73317427342261, 18.22783808884091, 42.54136347177626, 43.5240969484962, 25.298915274365772, 22.14913696013975, 7.54455523304103, 69.16355156313331, 38.782671556220365, 62.72034463620167, 51.03731030092997, 8.24174266666191], [29.708014245808236, 30.862592036499098, 81.62926923510524, 100.28424668345082, 76.79871826158627, 88.25278159803526, 32.86553176180039, 65.18917314658879, 44.150452377802885, 82.43420611292677, 42.726708876378176, 85.98200921130999, 74.75782060347217, 73.93345668121816, 0.0, 77.27669478555724, 61.07012813443496, 14.876125646188406, 71.36708306781406, 39.25885851961443, 28.01686448381394, 69.11609558951336, 67.68625123999723, 57.09413654716991, 41.068357207884, 35.310082251144564, 61.64370189264012, 24.11304963878965, 62.41267509188894, 46.311480872120526, 103.34092346654295, 97.8560037280008, 47.32773190092563, 44.92142091122883, 59.61367868971122, 12.557267621505979, 89.00413317365314, 96.17637461825662, 36.049545338175534, 54.45448981540532, 76.70569835912613, 106.97116871059566, 37.858037620293324, 71.01362166127588, 62.514047662059276, 13.141779134753744, 71.06357810146342, 82.33703927407963, 72.79538896768399, 34.2879506444564, 3.5200487710005235, 52.51876660045837, 82.27294982919001, 91.48799919898866, 59.677865908816734, 102.3538763766342, 33.18413726969107, 83.84478148809514, 79.97371622496921, 94.75492430517606, 73.94679683028818, 95.7630408391075, 72.10152645805265, 51.85951670271361, 35.37040344838367, 68.79401365818806, 97.86850534749304, 81.70305866176425], [67.35029206639233, 71.17937621194008, 74.98621444325718, 84.6050142181515, 36.64305741133494, 88.55508211268297, 46.004750456865295, 89.35698866099335, 99.47652104751198, 22.53305357745486, 85.793589007905, 12.295622607574098, 73.749182902498, 21.84449293489796, 77.27669478555724, 0.0, 67.20028641997494, 84.19092299655304, 51.814819812266805, 55.549581472227274, 62.834565378313634, 76.02039082004184, 74.93135493265001, 96.72987536783754, 40.5584691784534, 62.8234331496843, 85.47222933888027, 57.03738501632078, 21.352141494023957, 101.23868677059785, 83.60697753948025, 59.31786556105827, 73.35980864298256, 36.43509742919877, 50.914395133672706, 81.5294267174676, 55.561185620141764, 67.04320989527312, 71.47875206800964, 24.408812709124895, 26.06028474206205, 86.29113863234079, 78.8750557380552, 63.785315417235054, 83.00637303005627, 66.4197354390465, 93.32130795428223, 64.69371119889105, 12.29662566709312, 45.41397798529268, 78.06108688346768, 34.976183953592226, 86.28952162996355, 14.37341338223593, 52.0019484409599, 25.329882791520305, 65.89505552565439, 9.894720188315157, 64.26093721862654, 64.86688038101688, 46.988479763253096, 33.849333792432965, 14.818545484275896, 85.52889603157654, 46.04939556979203, 82.40707373702239, 72.54542281062555, 20.39356133266204], [31.441313253985754, 31.216455468607055, 20.56634832809596, 39.274055783323625, 37.898823746095196, 28.875941495750794, 43.286390611150445, 22.827831705339428, 47.149288261181326, 53.96510444655747, 31.851327337582592, 66.72514082198462, 13.777494147989534, 48.00157740446832, 61.07012813443496, 67.20028641997494, 0.0, 54.23157205716906, 21.1823694301868, 78.02912299036598, 73.96975019111707, 10.247913262517338, 8.787450886650001, 34.891267117810514, 64.3972950428629, 80.25052481633074, 19.54599229267436, 41.64930195021798, 46.277386034182676, 47.839390251755056, 42.614347606748034, 45.047983524028794, 16.935842743307163, 39.55678685732675, 16.320929815110233, 53.63649933667482, 36.59344210670528, 39.08159207684361, 86.49429508275936, 61.752651089188966, 46.36836601966296, 46.20584572509001, 29.41255445318628, 12.058770312045208, 16.51336331882944, 49.50001915314998, 26.182537381032947, 23.992892787295414, 55.40792526995495, 41.379408337318814, 64.35349814560864, 34.4896145875952, 23.783349582618442, 78.75074708089156, 15.238559966128799, 83.21183815274696, 27.90073314540445, 66.11592621180029, 21.539519420107023, 38.36163875923283, 27.21813335741927, 60.381713464158445, 53.01778698096223, 24.842499234894742, 38.33449501556453, 15.332292999838097, 38.97413154001002, 54.97284490004881], [23.976116998583223, 23.10896361316205, 74.50169851718296, 93.21697085859047, 77.04564575007208, 79.21102723218627, 38.18817307540023, 53.820443343065854, 29.40074053275613, 85.56013764092333, 30.18690362536188, 91.39946421816082, 67.31468497030555, 77.04677778585373, 14.876125646188406, 84.19092299655304, 54.23157205716906, 0.0, 68.34445338125593, 53.19847658160008, 42.43972310998234, 60.77946821908838, 59.47788712795282, 43.6710256629162, 52.14251176199514, 49.877787557486656, 50.73775750688894, 27.257201728573218, 66.68401530440431, 31.538896690208794, 96.79618875902526, 95.2528592030104, 38.435725360401385, 48.90868677531788, 56.73431767273154, 2.919689426967945, 86.27693086786587, 91.92683340824793, 50.925660842458356, 63.32804433932484, 79.00375706416673, 100.36193205592416, 26.966654783579052, 65.40670584978128, 52.19450307304863, 18.330061428480406, 59.505143551768946, 77.29147943870449, 77.7828298863859, 38.90362147569319, 17.88798800926144, 54.722496564824205, 73.05505881176222, 98.56433615559015, 56.52645660489129, 108.4883462980276, 27.520225406886052, 89.48363986669985, 74.83720245692803, 90.77473313104265, 72.01908104741409, 97.91651592702523, 76.6464934450767, 40.13181610145033, 38.81726775402795, 59.11238325805688, 92.75912128186643, 85.18707498730106], [44.37762263542413, 45.871640550319235, 23.210476889463497, 35.97293198368864, 17.671869775543435, 36.74199342883156, 44.59950263498213, 43.29578019809044, 67.1261067355144, 34.70156259009057, 51.534255783863976, 48.64178921876437, 22.41838419370699, 30.483606529196944, 71.36708306781406, 51.814819812266805, 21.1823694301868, 68.34445338125593, 0.0, 77.5863328810342, 76.72485416669173, 26.55828005721812, 25.921213944911177, 56.059950054947244, 61.48633485384253, 81.65317333998397, 40.458456899837714, 48.15942463777255, 33.38447989206207, 68.05724599707935, 36.83346742470197, 26.908429892272864, 36.01739952781374, 35.543119460136175, 11.775628444758445, 67.01497277640337, 17.93270312849906, 25.25106194977608, 89.21473343046249, 53.654289757697896, 27.582162854570992, 40.26972411624237, 47.488489452799975, 12.637586993602604, 37.237106962346886, 58.42819989963266, 45.53244714866724, 14.537364134793044, 39.51951905328457, 42.486116795432714, 74.17852709802872, 27.02026087425574, 34.71352661183249, 61.340213109988696, 11.844492742577811, 64.01370224969241, 40.88454974128282, 48.52377249470478, 13.250017187060523, 23.611486107435095, 6.187168499698204, 39.41659341049829, 36.9979820384788, 45.757602497947225, 39.82311429265156, 33.81855954722572, 28.18993500019633, 36.08037914391336], [54.23442422346208, 57.71827338540183, 96.17108251640002, 112.80716835842202, 73.7703296661086, 106.7953545486251, 34.774414786868746, 91.5130118588601, 80.57044547858749, 70.6909183586043, 74.12168395964721, 67.28510275730726, 90.9128501773164, 63.769868178744595, 39.25885851961443, 55.549581472227274, 78.02912299036598, 53.19847658160008, 77.5863328810342, 0.0, 11.839933627992666, 88.09709559654134, 86.57892140769751, 88.95300260491669, 17.118094789532567, 7.608966435953861, 87.31579201918271, 38.7450458206985, 51.799811900485956, 82.76609868021913, 114.27142552659109, 99.21166180163469, 71.24199012355, 42.0536563346852, 68.06646281682194, 50.40474019395411, 91.72904191731631, 101.93009213571257, 15.983891177006804, 32.02067227391912, 68.23341364087764, 117.77561839499319, 67.2785046101083, 83.43599236602115, 86.79205636422941, 37.94406181600285, 97.28295601677, 91.73241490743602, 57.563645713047926, 36.74771496360147, 37.53779929423453, 50.88950316390131, 101.80244070954662, 67.42346581764674, 68.73985405029798, 79.86819768396904, 56.02147568931512, 64.81881694339113, 89.9142834703037, 99.97749557848628, 76.9920020904705, 84.82470888937445, 58.28963481627746, 80.4778841341428, 39.784505816527066, 90.87176664937604, 105.6346134047177, 69.08820135433794], [47.07521845160675, 50.12945783641394, 93.23936775997468, 110.73976438256184, 75.63554616014984, 102.82514879346385, 32.18746959583764, 84.96790711005718, 70.7174958557812, 75.19743079291277, 65.77314966848567, 73.89751771842445, 87.39764432168221, 67.56515023315613, 28.01686448381394, 62.834565378313634, 73.96975019111707, 42.43972310998234, 76.72485416669173, 11.839933627992666, 0.0, 83.68228631264884, 82.15836265025033, 80.67792299547196, 22.291070944466224, 7.556186734363549, 80.8978093546629, 32.68582860328992, 55.23803755553825, 72.91543649525559, 112.70441668785003, 100.3092997368827, 64.96711292859278, 42.13698756960718, 66.20321467289105, 39.75571733926211, 92.27343307251138, 101.74502398506905, 12.613489169475791, 38.46552679905058, 71.6362183308049, 116.29033387492561, 59.33876807461482, 80.86726563810176, 80.77926759284036, 29.027324816632756, 90.85141977157791, 90.26113815444594, 62.785220406118704, 34.30237394987031, 26.000286382680365, 51.28531471959908, 97.46284482014858, 75.7051776058732, 66.71907232810112, 87.86113719124327, 49.41670172071261, 71.47749925370468, 88.24063441876949, 99.91997337757596, 77.08003043294468, 89.39863467708204, 63.07217650920945, 73.06329640628233, 37.11869899424293, 85.5885867712677, 104.90134211508206, 73.82648789799885], [39.46164558807952, 38.448910926896914, 14.806958195811626, 32.86921036929748, 44.19922455301348, 19.331789664342196, 53.40901453050916, 17.84272863056558, 48.75192794439034, 61.03703664263045, 34.70176912881226, 74.5163956591153, 7.777077498321596, 55.90419263701182, 69.11609558951336, 76.02039082004184, 10.247913262517338, 60.77946821908838, 26.55828005721812, 88.09709559654134, 83.68228631264884, 0.0, 1.5248776954913612, 33.218140261640805, 74.63262416467275, 90.11412402541197, 16.280857431771512, 51.12935832693638, 55.50733962399823, 48.98905142823454, 36.97356946729608, 45.71326381880317, 22.344390937303995, 49.757851614145046, 25.335905767612893, 60.574433668473965, 38.256206396340566, 37.63951543221589, 96.13746585560634, 71.82452213943795, 53.664947110027974, 40.36979725252277, 34.36783081346613, 14.211035498855875, 12.927964980751332, 58.2221649781271, 19.08414604375069, 23.26999439987389, 63.979455694362635, 51.53209700221579, 72.50435828883187, 44.34979096768639, 13.781836853294815, 86.90252282975281, 24.25982857016564, 90.409228778812, 36.12345859080577, 74.13185325945702, 21.204779305385824, 37.49024911483, 32.71043891427189, 65.68177575797986, 61.5225051290187, 25.512593359590035, 48.49069982869923, 7.379384138655463, 35.99203087522588, 62.274207965690074], [38.01567248774855, 37.06070434938277, 15.719335045621605, 34.00811776441303, 43.505467894082706, 20.831149209503096, 51.897115138255735, 17.90935223575835, 47.997241721004784, 60.24771967977345, 33.7434938490332, 73.61568447941133, 8.516832725735709, 54.96810663559077, 67.68625123999723, 74.93135493265001, 8.787450886650001, 59.47788712795282, 25.921213944911177, 86.57892140769751, 82.15836265025033, 1.5248776954913612, 0.0, 32.86461993015212, 73.14643464384243, 88.58933381075808, 15.996765326615867, 49.60951625991751, 54.32719095775448, 48.294736839249865, 38.019050466194486, 45.87850836041424, 21.047264042893747, 48.33081705510935, 24.147524986965966, 59.235858424505565, 38.244612241536366, 38.08443309173232, 94.61512776321797, 70.44883310270451, 52.82864236364322, 41.45044271208467, 33.17694543039811, 13.80967875428126, 12.61103742195683, 56.74035377666105, 19.61232823822529, 23.501903216723505, 62.931108314592606, 50.02423601693052, 71.06733929433719, 43.026920028259596, 15.306430197357606, 85.94361603075029, 23.066015452020157, 89.62112953114911, 34.6604388196006, 73.19103022855074, 21.34935403452224, 37.85051858372979, 32.097717931169925, 65.1857612866088, 60.484718343442054, 24.765770237037565, 46.98362191846916, 7.90158821017466, 36.655101222614384, 61.447759908500466], [35.19556245237491, 31.403070833517855, 47.419845419465325, 63.40558760960725, 72.23115704377011, 45.076314096861054, 59.19637515675757, 16.59682348405801, 19.05319962631638, 87.30150533000503, 14.905500781738262, 98.72641141557136, 40.90821094767995, 80.34111510044073, 57.09413654716991, 96.72987536783754, 34.891267117810514, 43.6710256629162, 56.059950054947244, 88.95300260491669, 80.67792299547196, 33.218140261640805, 32.86461993015212, 0.0, 80.68657148448537, 88.1339975353621, 16.94552414320158, 50.954016071067535, 75.43526660672786, 18.293283187743477, 68.15071623863595, 78.67177036327114, 23.37528436955779, 62.48190204621779, 49.0261895988338, 45.05767786581137, 70.75910784775685, 70.85398124853099, 91.51757279400088, 84.5005680551076, 79.62211406639159, 71.15681600259428, 21.731177659359275, 45.80153299957732, 20.291476888922222, 51.65108125487649, 20.05390814683438, 56.36166458425019, 86.08283594976038, 58.19308086966811, 60.53654281890902, 61.76848268403637, 39.28763486321461, 109.75164775050416, 48.09056921245852, 115.90047218887194, 34.3861482482709, 97.7026167350904, 54.17164769620962, 70.69597184151934, 62.029510143869985, 94.985880591211, 83.95502613596058, 11.233421853198623, 55.80780414443651, 27.020507702746315, 68.94729099661748, 88.00366776872468], [45.56529568687449, 49.50898366112995, 81.26230588960662, 97.15653371968963, 56.72063721795997, 92.66007702280997, 22.049986281215993, 80.5062136558631, 75.77048393240291, 53.847822327237935, 66.43171194902192, 51.64524542372611, 76.55201980499142, 46.729933550647175, 41.068357207884, 40.5584691784534, 64.3972950428629, 52.14251176199514, 61.48633485384253, 17.118094789532567, 22.291070944466224, 74.63262416467275, 73.14643464384243, 80.68657148448537, 0.0, 23.30547103711207, 76.22557934275616, 30.020613813835894, 34.69252654300492, 77.89401566181299, 98.3127202731517, 82.25274592323917, 60.40772403915998, 26.128060612346548, 52.74321142182624, 49.22518895184857, 74.93597901063369, 85.35910020352229, 32.00172451178108, 16.174488775163177, 51.14570584641952, 101.75557370975942, 59.14933856058589, 68.39489949174794, 75.18164505796378, 34.163140944200876, 86.01510731683558, 75.85600187544031, 40.9701160862927, 23.577813213137542, 40.78548889321314, 34.506498304535974, 88.06977282027492, 53.64939582118819, 53.52042714565109, 65.67048025076606, 46.38343595735928, 49.21559919127679, 74.17678439692097, 83.36411477443998, 60.437222323641, 68.03455115807814, 41.50680332374682, 71.01027511820912, 26.50720411548526, 78.29815922871461, 89.28511380043905, 52.32318024020809], [54.25638498241751, 57.42039568103551, 99.12030134895541, 116.28370253660619, 79.16092176546637, 109.12539341894288, 37.60691955287583, 92.0674778845126, 78.26675334752711, 77.1511482050712, 73.2287798546955, 74.41145967794952, 93.50042818891062, 69.94057669156787, 35.310082251144564, 62.8234331496843, 80.25052481633074, 49.877787557486656, 81.65317333998397, 7.608966435953861, 7.556186734363549, 90.11412402541197, 88.58933381075808, 88.1339975353621, 23.30547103711207, 0.0, 87.95830991246075, 39.467487562348495, 57.77545023198297, 80.46438023812566, 118.02974063073121, 104.3076810520661, 71.96001015238011, 46.41515402789714, 71.55728601553402, 47.22650856589727, 96.54571962808349, 106.40237022324322, 8.728522930174687, 38.95298215961857, 74.26308880226087, 121.58340727563643, 66.71853884957694, 86.57191594386077, 87.72600232954747, 36.5012242199535, 97.92778715160834, 95.50597248135072, 64.23600728582628, 39.6888688659031, 33.079966901272385, 55.48026996668686, 103.89022738738755, 74.91576224867286, 72.14496578026906, 87.32303543723688, 56.45900893735827, 71.95281018710851, 93.5725846060194, 104.51109861869571, 81.54638641144906, 91.33994580652174, 64.81096632451826, 80.3561078367487, 42.63687394381819, 92.3191407849543, 109.8293315442358, 75.62748293477918], [33.912771319589275, 31.36496211864996, 30.566696583750034, 47.24547937387968, 57.43979134375331, 29.961462685410797, 54.17955633973047, 4.285305934643167, 33.52939647974552, 73.42804474634204, 21.40914266394727, 85.87944676040561, 23.964030615456593, 67.18753011417742, 61.64370189264012, 85.47222933888027, 19.54599229267436, 50.73775750688894, 40.458456899837714, 87.31579201918271, 80.8978093546629, 16.280857431771512, 15.996765326615867, 16.94552414320158, 76.22557934275616, 87.95830991246075, 0.0, 48.63675565869553, 64.19915920367657, 33.475548847761665, 51.813486103212604, 61.87382190869989, 16.07381468893266, 54.19082620837276, 35.30930263559155, 51.218300175271494, 54.14840630402699, 53.90980238743507, 92.78824570853689, 76.85272772873746, 65.79790705789337, 54.97038499505879, 23.950820945411046, 29.342767479325616, 3.3885868763221425, 52.90005097981034, 9.97674465212347, 39.4894286540782, 74.05009845613806, 52.68745001333934, 65.15790553895104, 51.271426519523295, 23.82773315378229, 97.62275176214766, 34.26831542563531, 102.58375987857231, 31.499894737905922, 85.1379267902628, 37.345644716661646, 53.76985860427766, 46.5922202095691, 79.83020691125637, 71.74331697172893, 11.109695576374866, 49.85332004251127, 10.355655429136341, 52.05509441120911, 74.37301975994195], [15.772841473406684, 19.585522839488345, 61.53468213618616, 79.65180238163902, 52.68583923928787, 70.3760336896662, 11.125425882761535, 52.80652257470264, 46.1422692005428, 59.04865008320871, 36.48081022313366, 64.17625277754115, 55.29785232099845, 50.50609648280249, 24.11304963878965, 57.03738501632078, 41.64930195021798, 27.257201728573218, 48.15942463777255, 38.7450458206985, 32.68582860328992, 51.12935832693638, 49.60951625991751, 50.954016071067535, 30.020613813835894, 39.467487562348495, 48.63675565869553, 0.0, 39.619424326661814, 48.215052863592625, 82.14137901491407, 74.19143859488065, 32.57834816492453, 21.80197672961973, 36.602220590012344, 24.71670534556909, 65.44597543276136, 73.3172356119028, 45.03650550065593, 37.47831768038349, 52.95183834797068, 85.77556141184105, 29.269481522143565, 49.72882781110665, 48.28169133994523, 11.033027800860628, 58.6129460913745, 60.245093930486995, 50.59616918906981, 11.653566431131685, 26.483013690903213, 28.597922024825838, 64.89184055173138, 71.40413052723916, 36.83835113070762, 81.23132494081112, 17.280273847794174, 62.238285115972786, 58.00773764750144, 71.75330294228574, 50.21863095156265, 72.02157994412539, 49.549647970605875, 41.87133205865029, 11.756647816782545, 52.90779604073621, 75.56044097730529, 58.50037631548047], [47.42374744519016, 51.04532090686872, 56.34772079076689, 68.63314581154937, 22.95198910602539, 69.59245551263703, 29.55786590011824, 68.13198361200546, 79.01452297758593, 20.39981909978059, 64.8793920910526, 25.018219068661384, 54.07651951054089, 12.347373596670801, 62.41267509188894, 21.352141494023957, 46.277386034182676, 66.68401530440431, 33.38447989206207, 51.799811900485956, 55.23803755553825, 55.50733962399823, 54.32719095775448, 75.43526660672786, 34.69252654300492, 57.77545023198297, 64.19915920367657, 39.619424326661814, 0.0, 80.68550942612939, 68.61953225751164, 48.666009409082115, 52.05998230370628, 17.81769239863058, 30.179765397591293, 64.2614784446602, 42.35347590280023, 53.56838210647896, 66.34064521907001, 22.056931987535275, 16.48796380363783, 71.73850355692736, 58.14317853914133, 44.26413017896055, 61.803973202599465, 50.148687347539784, 72.25338317867535, 47.514793972498694, 11.358644459830769, 28.2812802121188, 63.94061096758495, 13.834838036652867, 66.661