instance_id,num_cities,city_coordinates,distance_matrix,best_route,total_distance
1650,58,"[[25.851729869330832, 29.11761012153041], [4.491570241967436, 41.49123312471954], [58.69241722902983, 85.24387730681934], [40.83453738797262, 22.99421753065588], [2.474477861247093, 42.303184335729796], [28.460669574047316, 98.25647120951827], [19.006392646236826, 32.777139324633886], [24.886761882017183, 60.22394527163715], [83.12103327717153, 74.48032530612262], [20.393080455250722, 45.20234073057542], [75.30564587796685, 45.22374843089896], [75.30506916231712, 6.6532825404973295], [51.36213543316745, 2.5262076900590125], [54.0003418015647, 95.18618223875464], [92.93093623709585, 33.710025411258684], [61.738776089402755, 55.18235259183931], [68.60832246381801, 44.06602745601822], [97.84343891827183, 96.12760844647632], [35.752976683962814, 8.903797859359774], [96.39817013003751, 44.219583411092565], [58.64642417490762, 89.69134518551881], [11.748061319384917, 49.62963058631013], [88.3742938079294, 12.535860714863734], [61.25824732033818, 25.780320266092758], [55.20126902551827, 30.091033470827412], [24.82784667074546, 29.433842588903246], [76.99933942113452, 71.42485103338792], [32.25870260364005, 94.37241709024588], [11.414336701651095, 98.43485481538198], [86.34528547074552, 89.68879370452936], [78.71429743944468, 39.253172228907815], [16.500421550510637, 54.010281997036266], [96.48994940949338, 51.12324352294502], [43.00840569659464, 68.76569990220432], [88.23043991908482, 75.99014519496646], [10.186833333641243, 38.12231208223804], [3.645931162032945, 11.9577330271614], [68.44550938551593, 82.16812180885553], [35.93571061672098, 2.6678391261180545], [98.64391182935599, 80.10419923543513], [1.8318231851288558, 45.41537007267307], [75.48007436928428, 56.08564657446857], [82.4431872903929, 71.5107847243496], [61.46681615845358, 74.35540999587333], [29.10857567882421, 42.811613821610415], [23.10191912665961, 82.33805128896799], [69.04838688191623, 68.2017634349716], [76.71574375810778, 46.836326182888364], [64.47151204975215, 4.46400138096279], [56.61961492518574, 83.05646403916913], [83.92365866446467, 16.048833714247756], [27.199636554098117, 88.22887771561317], [16.60838868574448, 36.051624185794985], [92.27534356217966, 59.11870902516087], [66.80400719456536, 32.42576138178377], [37.676639134048486, 84.37569174135447], [17.293097638038667, 64.27064554671037], [83.25486418056416, 52.04550700576818]]","[[0.0, 24.68527831586057, 65.02821398756032, 16.18581038943203, 26.839435143229355, 69.18806746055947, 7.762138602617419, 31.121298971722023, 73.0585316149849, 16.985741437787947, 52.01055181239414, 54.316468781532414, 36.84947048878571, 71.81504421303629, 67.23622688047371, 44.35370206020128, 45.29438586731221, 98.35215324179043, 22.50850716183861, 72.1447838079518, 68.88156033510339, 24.892899592339088, 64.68404296920252, 35.563450079930305, 29.36567727292419, 1.0716061672863435, 66.37756094071031, 65.56858342333238, 70.80479315290356, 85.60571563830777, 53.825464878042226, 26.591203063705784, 73.9865255381117, 43.200955414182644, 78.02652120709837, 18.06858159554954, 28.063479437213104, 68.03371843255673, 28.306837573693958, 88.8725718316487, 29.02710623783984, 56.482276582420624, 70.70908220267744, 57.57510667686825, 14.075964690372713, 53.29143286849392, 58.253945937520136, 53.861867844893, 45.81798772966989, 62.09720374347519, 59.52429613838909, 59.12663366884756, 11.555081448419239, 72.88458267317053, 41.08567734483191, 56.50915026278437, 36.1799127317144, 61.812687081923016], [24.68527831586057, 0.0, 69.65648345301665, 40.77929433992999, 2.174379553210772, 61.61826009889435, 16.929722389459666, 27.692568432950193, 85.26941221890554, 16.328819514141063, 70.91237535643486, 78.91916389731378, 60.95180955858712, 73.03605973557997, 88.78101515020144, 58.861611680292775, 64.16843056618004, 108.16517412576866, 45.15768450558159, 91.94708803584241, 72.49826899431251, 10.903677177881946, 88.73964674392744, 58.90066561059719, 51.975360536191175, 23.642013567394486, 78.44359803350127, 59.72799391563797, 57.36288649209176, 94.98966018782431, 74.25646200301014, 17.347596214408334, 92.5012291473113, 47.195795908480534, 90.56695439746153, 6.617072666508699, 29.545604300233553, 75.79390216236591, 49.95988276084975, 101.76258928631664, 4.7405806809562385, 72.4731993372467, 83.53219785631902, 65.77410408863469, 24.65239059123796, 44.88660869071242, 69.86440441411393, 72.42169053460456, 70.4883629393612, 66.6708441784497, 83.40726802216575, 51.962137153323596, 13.281815937886035, 89.53613105866839, 62.96842523752248, 54.22476913933372, 26.1300733631483, 79.46728364058993], [65.02821398756032, 69.65648345301665, 0.0, 64.76051277333852, 70.74149998124916, 32.91331290452388, 65.78555420209936, 42.05733387277587, 26.694781019877816, 55.40905926559328, 43.33139833177714, 80.32721699387322, 83.04183221746896, 10.993861886371276, 61.87094693844017, 30.215485607474985, 42.35493471793366, 40.63567524764214, 79.71214250391908, 55.71998287396376, 4.447705688677147, 58.924927842473544, 78.53323802047844, 59.51888859843745, 55.26322736663319, 65.28069480567758, 22.93706361532712, 27.965541430019663, 49.083793516645734, 28.007827544747553, 50.15995056540267, 52.49478045778919, 50.920242426234026, 22.74903400866782, 30.953615983211726, 67.6256872663565, 91.65683046943596, 10.226586844894312, 85.65436227921693, 40.280742439500266, 69.42216608206452, 33.645621582900525, 27.435322312421004, 11.236369956579729, 51.72717530801259, 35.70892577522937, 19.941909454024945, 42.42617449772177, 80.98633398014556, 3.01351724639391, 73.65167752435165, 31.633928970013375, 64.7374947426527, 42.54805940160776, 53.43735829585397, 21.033703314290122, 46.40883658378292, 41.297040945964326], [16.18581038943203, 40.77929433992999, 64.76051277333852, 0.0, 42.94566760423421, 76.27266504782648, 23.92014761018957, 40.501656401386136, 66.62557338180449, 30.183669385863748, 41.017183771851215, 38.14765677153293, 23.01672755706076, 73.38268306809407, 53.18705962525958, 38.38050591645915, 34.8626492247771, 92.72813877425534, 14.978724435070728, 59.47968930864948, 69.0345576383283, 39.439425943259394, 48.676541246839314, 20.61286723999882, 16.023974988557864, 17.253490041373468, 60.44352047634008, 71.89153159181421, 80.97430433383816, 80.74276860540658, 41.2217155081749, 39.42265146554303, 62.35997907761127, 45.823076085223704, 71.09810071822965, 34.17807789451434, 38.79170559828316, 65.29867320378459, 20.908375421806294, 81.26176089418865, 44.98799613787121, 47.90987277049611, 63.91507677349983, 55.35036602148128, 23.026666579363006, 61.93655104649948, 53.28924384862028, 43.08024043063231, 30.034571442188987, 62.10186896145109, 43.64528300672896, 66.64436517963422, 27.520940200148342, 62.858057761824774, 27.62910388433328, 61.46265286872015, 47.51781660876579, 51.41460439755449], [26.839435143229355, 2.174379553210772, 70.74149998124916, 42.94566760423421, 0.0, 61.69321252548676, 19.08008752630835, 28.69606501856325, 86.82877001018905, 18.151623253131053, 72.88970249159792, 81.08767185752232, 63.02547845069945, 73.83445078015717, 90.86370695829483, 60.64758873562042, 66.15733532862208, 109.50939395298383, 47.148462338568585, 93.94324113430669, 73.49098816446978, 11.818467109472788, 90.91134107042568, 61.0617440701072, 54.12255662131826, 25.793275366460673, 80.0126643836454, 59.9858736966408, 56.83911951220398, 96.33124282558573, 76.30080381731166, 18.269735412034823, 94.42829202365722, 48.407272551415964, 92.13520695367784, 8.772691703951827, 30.36805423395805, 77.08041411482101, 51.87113539726204, 103.3318767718568, 3.1778459833619674, 74.29517741318472, 85.13564710639402, 67.1374794547786, 26.638950187617738, 45.03645084952329, 71.4340378366785, 74.3795330516052, 72.63219681969557, 67.76817596969438, 85.57604793440125, 52.15843924821495, 15.454754592134336, 91.3616842621555, 65.08342207088833, 54.85697802169439, 26.49831776066274, 81.36574011772554], [69.18806746055947, 61.61826009889435, 32.91331290452388, 76.27266504782648, 61.69321252548676, 0.0, 66.15834230328451, 38.20007651048296, 59.60755383487379, 53.66401732135246, 70.7596035194423, 102.88606293914516, 98.43150152264039, 25.72355985965037, 91.2286081708597, 54.43171931821756, 67.44211018910045, 69.41542147489798, 89.64975168847624, 86.80719569675556, 31.377398946221657, 51.418682438085625, 104.58329423199052, 79.55170370016089, 73.22285545600737, 68.91844174455667, 55.46114235931908, 5.432396459695686, 17.04726620626829, 58.51524464050185, 77.50365413468676, 45.8341880326386, 82.76185152039425, 32.883768314953805, 63.78255812747581, 62.84942469813259, 89.795564780916, 43.1001438650338, 95.8804611073878, 72.4927063316609, 59.17159309465073, 63.16013677707219, 60.244866707118696, 40.7512753112061, 55.448642842598474, 16.796198948701157, 50.5039429715827, 70.51654769675577, 100.46794599448383, 31.99947532799664, 99.16773074643567, 10.106573878244303, 63.32392561662648, 74.86038368196445, 76.1832914509764, 16.661636581520607, 35.77360771474831, 71.67884607900096], [7.762138602617419, 16.929722389459666, 65.78555420209936, 23.92014761018957, 19.08008752630835, 66.15834230328451, 0.0, 28.069661541272023, 76.48426546839906, 12.502341103084625, 57.658685318819266, 62.064457386980585, 44.29461542957266, 71.55043755940447, 73.93042960491597, 48.24987229291617, 50.87032963202774, 101.13635252893243, 29.16135301473845, 78.23309241474387, 69.35819294336612, 18.34910993414214, 72.26074363952179, 42.827265851783544, 36.294410599558155, 6.713192982673364, 69.69094271108033, 63.00477729688427, 66.09519586875994, 88.16724386691094, 60.05807936466177, 21.38051072540621, 79.62588214858339, 43.258214513719864, 81.60473391404993, 10.312880212483082, 25.872600479792283, 69.88344163474461, 34.542318471551724, 92.63900399638504, 21.323477967140015, 61.09470711585137, 74.32712964103852, 59.427604333740895, 14.23884758168191, 49.72984347339452, 61.3115419838915, 59.397221659506236, 53.56034785728388, 62.7914403717202, 67.03795668034518, 56.053764693509315, 4.058654222831775, 77.86024314507733, 47.79890608548807, 54.872476847839714, 31.54007472954189, 67.07559979301452], [31.121298971722023, 27.692568432950193, 42.05733387277587, 40.501656401386136, 28.69606501856325, 38.20007651048296, 28.069661541272023, 0.0, 59.95393845788755, 15.679342325279851, 52.602944486577194, 73.56508420755243, 63.48207878374496, 45.49679713426823, 73.02737575749876, 37.19527668791213, 46.6117277929533, 81.31266662423923, 52.45790840797889, 73.28042786568788, 44.81118672624774, 16.877942887871413, 79.40289742029377, 50.09239719271338, 42.74297272007128, 30.7901590482319, 53.30273002064846, 34.93513471491753, 40.51641455510115, 68.15663881735651, 57.7683036465135, 10.437447745784267, 72.17921609725039, 20.033860005281788, 65.27629437465085, 26.54373916700709, 52.73329246409527, 48.77408500392565, 58.60703560816204, 76.3894080748066, 27.401169641835597, 50.762277180414635, 58.65266277519908, 39.214776119714934, 17.916835609574036, 22.186016961300208, 44.876438197331765, 53.530100944959536, 68.38218911773113, 39.09345054518765, 73.73463001066159, 28.1002781203392, 25.550588436547134, 67.39764452875527, 50.29706236120004, 27.32924839177856, 8.604622000213343, 58.93829161421524], [73.0585316149849, 85.26941221890554, 26.694781019877816, 66.62557338180449, 86.82877001018905, 59.60755383487379, 76.48426546839906, 59.95393845788755, 0.0, 69.22424752956945, 30.282463087660478, 68.27588904858474, 78.65127229849624, 35.731599227184134, 41.9338949967717, 28.802997644778447, 33.699381134775955, 26.17926842407448, 80.89507857338089, 33.0453455579959, 28.816342871363908, 75.57551292676955, 62.166819443347315, 53.38231824015555, 52.43970314091129, 73.67008354769497, 6.841860762861588, 54.613844372023884, 75.60204903164816, 15.546488775061173, 35.501713123017474, 69.69453766193143, 26.91247272138148, 40.51764843775076, 5.3278130906757575, 81.4941878111011, 101.1205538033338, 16.567233219882755, 85.92722412555973, 16.51023066218849, 86.32906405209476, 19.918545596322726, 3.04592292229937, 21.654577411238304, 62.611922689712564, 60.531297037430676, 15.409727957876596, 28.376370827651737, 72.45750656767645, 27.8545387726207, 58.437003834588154, 57.58667645224782, 76.81599417010082, 17.88241179365118, 45.10910869266598, 46.50925967936954, 66.61497332656954, 22.435217468984373], [16.985741437787947, 16.328819514141063, 55.40905926559328, 30.183669385863748, 18.151623253131053, 53.66401732135246, 12.502341103084625, 15.679342325279851, 69.22424752956945, 0.0, 54.912569595619104, 67.09214850567102, 52.728879160447605, 60.23149032785283, 73.44258868549205, 42.53313043055856, 48.228630187914796, 92.69272311237081, 39.41459915729556, 76.01144300972965, 58.67358709953045, 9.712736551877509, 75.42243887278711, 45.245737278048914, 37.946825936325915, 16.380252898841714, 62.385003011090795, 50.58151241495425, 53.984427339575745, 79.55336475982442, 58.62385995802961, 9.629777915511662, 76.32686653148987, 32.66014132276459, 74.49695458717099, 12.4215251063885, 37.22460141899735, 60.625942440720216, 45.28528656281013, 85.681575252979, 18.562479709032583, 56.15178754569162, 67.39695826686922, 50.36817658208225, 9.037446107467622, 37.23437666491047, 53.817397635041885, 56.3463602194975, 60.0209998650084, 52.395576637380444, 69.90036723042388, 43.56158962723442, 9.902499940574941, 73.21697245778672, 48.137460471632686, 42.81673539653799, 19.31864752067404, 63.23316201011947], [52.01055181239414, 70.91237535643486, 43.33139833177714, 41.017183771851215, 72.88970249159792, 70.7596035194423, 57.658685318819266, 52.602944486577194, 30.282463087660478, 54.912569595619104, 0.0, 38.57046589471323, 48.95274944000495, 54.315382478560515, 21.052711892214738, 16.829549984897156, 6.796650555191512, 55.67005550215587, 53.698719257440075, 21.116413680149186, 47.48575395719392, 63.71011185430978, 35.203516330807645, 23.987002835636783, 25.163168136942605, 52.889784829432344, 26.255787464944216, 65.33476070400334, 83.14758704210448, 45.8149963824559, 6.875077137847124, 59.45803209248777, 21.990424244587068, 39.9666761491438, 33.37096748446682, 65.50488642381652, 79.00469918941998, 37.575899150717916, 57.97410817969888, 41.96808913859955, 73.4740725695275, 10.863298604929547, 27.238810078769745, 32.25161877397612, 46.2600009550134, 64.0523267599673, 23.81475306760588, 2.142144495077102, 42.17505702879898, 42.19575953889849, 30.421140562314733, 64.52619063499044, 59.409560384314624, 21.932637082887883, 15.364450293207003, 54.30300924920254, 61.05931577597558, 10.475039936732923], [54.316468781532414, 78.91916389731378, 80.32721699387322, 38.14765677153293, 81.08767185752232, 102.88606293914516, 62.064457386980585, 73.56508420755243, 68.27588904858474, 67.09214850567102, 38.57046589471323, 0.0, 24.296024826698986, 91.060231368571, 32.291462105520466, 50.38963135197817, 38.00736637097725, 92.26935085707213, 39.616067934825715, 43.083011379597544, 84.692563431833, 76.72326724860838, 14.332109363768176, 23.730924466119045, 30.878648749784087, 55.37963440275366, 64.79372374496724, 97.71200663204539, 111.82970403077297, 83.76623717470528, 32.77766991630275, 75.50279450639803, 49.2582640870303, 70.00733434100326, 70.53131029524846, 72.32347100172942, 71.85519642941102, 75.82575096929462, 39.57057178637836, 77.06970053376025, 83.07115807713569, 49.432673818128826, 65.24912505113588, 69.10191971416508, 58.66464805319405, 91.9421181730922, 61.86567362904365, 40.20779774100431, 11.052552271158913, 78.6548939556015, 12.749763404278955, 94.7032754164199, 65.64726034239743, 55.141737272453284, 27.138325670610428, 86.35202162299267, 81.76276267301284, 46.08311277179178], [36.84947048878571, 60.95180955858712, 83.04183221746896, 23.01672755706076, 63.02547845069945, 98.43150152264039, 44.29461542957266, 63.48207878374496, 78.65127229849624, 52.728879160447605, 48.95274944000495, 24.296024826698986, 0.0, 92.69752432620396, 51.96533159661049, 53.6688388846444, 44.97763436736702, 104.50709926716853, 16.861776099374392, 61.37248569377775, 87.46897768395064, 61.54678965173837, 38.34179209733739, 25.272253207465543, 27.83089231526777, 37.79006874798053, 73.51387136365406, 93.81187199419506, 103.89559767816662, 93.92090921238805, 45.793129295293774, 62.176756123832824, 66.31886221901492, 66.76417549131091, 82.19624072542041, 54.428743793019464, 48.63938548366991, 81.45352141007496, 15.427074968416912, 90.85103825159963, 65.51894444563679, 58.73915620894688, 75.66309307153331, 72.53646583925612, 46.0231992469468, 84.66740934000119, 68.01530792925581, 51.05087713196573, 13.251822503488498, 80.70169315610661, 35.25782480148733, 89.04366345557692, 48.28847133836997, 69.83267005328793, 33.65166733550939, 82.98572677525014, 70.52003220730826, 58.90082471132148], [71.81504421303629, 73.03605973557997, 10.993861886371276, 73.38268306809407, 73.83445078015717, 25.72355985965037, 71.55043755940447, 45.49679713426823, 35.731599227184134, 60.23149032785283, 54.315382478560515, 91.060231368571, 92.69752432620396, 0.0, 72.76612564499148, 40.74542614388282, 53.16637399747792, 43.85320339598463, 88.19079423572914, 66.29607863992031, 7.195784575812507, 62.134166160065554, 89.51337455675777, 69.78431678169268, 65.10622565711985, 71.93333470364828, 33.068939386622496, 21.756863025943357, 42.7097378109489, 32.808789396421076, 61.14966240326045, 55.69289702961552, 61.2120030953811, 28.615809375792814, 39.245222069973586, 71.9437891795295, 97.27559523858666, 19.445636114175862, 94.26544813531615, 47.12233606410789, 72.10192839518778, 44.612002873832736, 37.007025102897025, 22.128472869967183, 57.988752681803156, 33.463218504799485, 30.89664251853673, 53.42001559968239, 91.32447375134674, 12.409297131484905, 84.60570207478207, 27.689021073149334, 69.96466332324164, 52.59123865995535, 64.05313632945717, 19.578814406696218, 47.99158450226302, 52.124321954164465], [67.23622688047371, 88.78101515020144, 61.87094693844017, 53.18705962525958, 90.86370695829483, 91.2286081708597, 73.93042960491597, 73.02737575749876, 41.9338949967717, 73.44258868549205, 21.052711892214738, 32.291462105520466, 51.96533159661049, 72.76612564499148, 0.0, 37.86834679820648, 26.435512461745628, 62.61060097580001, 62.327104729935165, 11.066730331052426, 65.64553245278995, 82.72903365103586, 21.65890673181216, 32.65025952281199, 37.9028348618055, 68.23720794414548, 40.94171282218131, 85.7965366334067, 104.0877492369536, 56.36482321136133, 15.259072558477932, 79.08049059473976, 17.77320285616692, 61.00130629406564, 42.5406064197528, 82.8616608508687, 91.89654158463888, 54.292939085878004, 64.90048592174645, 46.74459813652974, 91.84804566509602, 28.376063898450152, 39.22869208392371, 51.4007601145591, 64.46807441533737, 85.09275251966388, 41.95302319975324, 20.862220377465032, 40.80770450118223, 61.26649215252093, 19.825456903410636, 85.39853051780268, 76.35845958077729, 25.41713997968271, 26.158473871593245, 74.96697334843144, 81.57839254974566, 20.732010412542966], [44.35370206020128, 58.861611680292775, 30.215485607474985, 38.38050591645915, 60.64758873562042, 54.43171931821756, 48.24987229291617, 37.19527668791213, 28.802997644778447, 42.53313043055856, 16.829549984897156, 50.38963135197817, 53.6688388846444, 40.74542614388282, 37.86834679820648, 0.0, 13.067645232234064, 54.58993180970284, 53.075101496529115, 36.35183493820249, 34.647268437695175, 50.29815389144981, 50.28095139858524, 29.40595879719184, 25.929004875675368, 45.00447175470899, 22.28684699156669, 49.04014567795691, 66.35757792663212, 42.38130227113904, 23.278898430564354, 45.25353545156116, 34.98743222295912, 23.137288069386674, 33.68638427435687, 54.301452872667674, 72.40957373349585, 27.806690053640928, 58.511300723269876, 44.531870431313365, 60.697915563918585, 13.77095561084013, 26.368358672577266, 19.174986112704897, 34.896492037965146, 47.22540299127906, 14.93102369699747, 17.14542846849685, 50.7919186030495, 28.34028757799382, 44.984456366750734, 47.801934925225154, 49.01771757793409, 30.789232776891474, 23.313494153607344, 37.831699480156054, 45.365354642453845, 21.743547249183408], [45.29438586731221, 64.16843056618004, 42.35493471793366, 34.8626492247771, 66.15733532862208, 67.44211018910045, 50.87032963202774, 46.6117277929533, 33.699381134775955, 48.228630187914796, 6.796650555191512, 38.00736637097725, 44.97763436736702, 53.16637399747792, 26.435512461745628, 13.067645232234064, 0.0, 59.70846045018666, 48.12334294832365, 27.790271908403923, 46.70020380508502, 57.13180355287694, 37.21350612212235, 19.707630300228686, 19.36619577468802, 46.16092389297727, 28.616680330108412, 62.0647057675308, 78.91211184473049, 48.94932744048076, 11.193493898024705, 53.04829437378376, 28.76090088563118, 35.57287671017975, 37.472346961973386, 58.723063140744564, 72.46416255485464, 38.10244220743577, 52.7381224723534, 46.91360627513067, 66.79013086836927, 13.845295879933245, 30.734641469963943, 31.11989407043732, 39.51966029262924, 59.46074800197199, 24.139747470464986, 8.567662171164399, 39.81750456333613, 40.79195084071821, 31.929965050133394, 60.539545850801034, 52.61391234931876, 28.048370899079003, 11.779276203138787, 50.80982255833664, 55.149604632408796, 16.679127019879154], [98.35215324179043, 108.16517412576866, 40.63567524764214, 92.72813877425534, 109.50939395298383, 69.41542147489798, 101.13635252893243, 81.31266662423923, 26.17926842407448, 92.69272311237081, 55.67005550215587, 92.26935085707213, 104.50709926716853, 43.85320339598463, 62.61060097580001, 54.58993180970284, 59.70846045018666, 0.0, 107.0664215980311, 51.92814135846064, 39.72192655896567, 97.84925134603444, 84.12636327541016, 79.29197436431663, 78.60778515946723, 98.89052085777388, 32.32186114159352, 65.60821849552666, 86.45989298962787, 13.178234630783233, 60.00521268009349, 91.5999763195417, 45.024713169777634, 61.28258241627506, 22.31428188323076, 105.11086960406428, 126.3239422896138, 32.543901548505126, 112.10394865870344, 16.0433911510584, 108.58158903133693, 45.86369789397967, 29.037144494048444, 42.394425444656825, 86.98894589190225, 76.00293854424413, 40.112439982915646, 53.62844403830415, 97.54948673969888, 43.24648518353391, 81.27958196822428, 71.08401198319575, 101.03592069739788, 37.425423474846326, 70.861637302451, 61.3037628740597, 86.62114964348545, 46.43337356155123], [22.50850716183861, 45.15768450558159, 79.71214250391908, 14.978724435070728, 47.148462338568585, 89.64975168847624, 29.16135301473845, 52.45790840797889, 80.89507857338089, 39.41459915729556, 53.698719257440075, 39.616067934825715, 16.861776099374392, 88.19079423572914, 62.327104729935165, 53.075101496529115, 48.12334294832365, 107.0664215980311, 0.0, 70.17865912973687, 83.96867118751513, 47.27398241066738, 52.746515491048235, 30.583260761071763, 28.759955282622524, 23.255992827715577, 74.90089805226638, 85.5400188483882, 92.78027568320259, 95.31944849862089, 52.59999625169546, 49.04340720656627, 73.96932775145568, 60.29998811230775, 85.1731304251948, 38.82459605973681, 32.251959508786626, 80.22756919051442, 6.238635508897353, 94.9987730424782, 49.83713033652165, 61.679568243256114, 78.10000365419842, 70.32151215516123, 34.552685106181634, 74.51603071877973, 68.00612517748989, 55.82853205472945, 29.059698317871078, 77.03268457651149, 48.69770158677184, 79.78488529526211, 33.21926735904653, 75.60631759915992, 38.95445114130881, 75.49640549957951, 58.36313011846117, 64.1688116129095], [72.1447838079518, 91.94708803584241, 55.71998287396376, 59.47968930864948, 93.94324113430669, 86.80719569675556, 78.23309241474387, 73.28042786568788, 33.0453455579959, 76.01144300972965, 21.116413680149186, 43.083011379597544, 61.37248569377775, 66.29607863992031, 11.066730331052426, 36.35183493820249, 27.790271908403923, 51.92814135846064, 70.17865912973687, 0.0, 59.10055364825983, 84.82281256886854, 32.68395439851202, 39.68400937912116, 43.5522741545158, 73.08166207557575, 33.41318930113361, 81.41976431198145, 100.8045018718137, 46.5672586124823, 18.368031831625967, 80.49539121513783, 6.904270155209749, 58.76205221955535, 32.80366462549357, 86.42668170119306, 98.20287584268081, 47.13218443086219, 73.36386347189843, 35.95481899051523, 94.57390697356671, 24.049328166359892, 30.652099686244963, 46.13423386419321, 67.30432303926445, 82.61572492272157, 36.375205874564585, 19.85561005409254, 50.98840847417998, 55.59349558271101, 30.809163811875685, 82.00765229076077, 80.20676268765727, 15.459031113637774, 31.857632019820358, 71.13881668080114, 81.60672513176102, 15.296783040599166], [68.88156033510339, 72.49826899431251, 4.447705688677147, 69.0345576383283, 73.49098816446978, 31.377398946221657, 69.35819294336612, 44.81118672624774, 28.816342871363908, 58.67358709953045, 47.48575395719392, 84.692563431833, 87.46897768395064, 7.195784575812507, 65.64553245278995, 34.647268437695175, 46.70020380508502, 39.72192655896567, 83.96867118751513, 59.10055364825983, 0.0, 61.67979746364868, 82.68443031683435, 63.96437075743421, 59.69980109256433, 69.09893489473015, 25.893904816481808, 26.799706787574465, 48.03456097154284, 27.698861413352752, 54.283780529385815, 55.221588237537695, 54.03360868973454, 26.12336602452219, 32.60271259777069, 70.76508404368792, 95.22378217044945, 12.353985629744573, 89.93812938455282, 41.13043138767153, 72.02958321287932, 37.586097935318875, 29.946931620063342, 15.5931240962758, 55.409328695895546, 36.297145483549805, 23.874734594785547, 46.50863321917381, 85.42617737397393, 6.937550256462627, 77.85986179820988, 31.480776082695773, 68.1499530206467, 45.44876567024969, 57.84369671023118, 21.633031599808103, 48.54183335836653, 44.97537606032847], [24.892899592339088, 10.903677177881946, 58.924927842473544, 39.439425943259394, 11.818467109472788, 51.418682438085625, 18.34910993414214, 16.877942887871413, 75.57551292676955, 9.712736551877509, 63.71011185430978, 76.72326724860838, 61.54678965173837, 62.134166160065554, 82.72903365103586, 50.29815389144981, 57.13180355287694, 97.84925134603444, 47.27398241066738, 84.82281256886854, 61.67979746364868, 0.0, 85.13241021294003, 54.954964476369334, 47.643866732177784, 24.06139309503649, 68.79506470851369, 49.21994869997495, 48.80636520137987, 84.67279610843399, 67.76538694739743, 6.4633609328802155, 84.75504985946824, 36.652398004011346, 80.89765736225628, 11.612743516397368, 38.53331518042106, 65.37089588074565, 52.82473128830369, 92.08467934570588, 10.774589106414899, 64.05817379407486, 74.00395761355827, 55.52763951545026, 18.651348783077975, 34.62298184688704, 60.234968482770945, 65.0277041802101, 69.4240327151368, 55.95363721585426, 79.60519311377743, 41.57707368470045, 14.421686445094203, 81.08443620713773, 57.68128198833005, 43.35412221786004, 15.655885374064693, 71.54760173689712], [64.68404296920252, 88.73964674392744, 78.53323802047844, 48.676541246839314, 90.91134107042568, 104.58329423199052, 72.26074363952179, 79.40289742029377, 62.166819443347315, 75.42243887278711, 35.203516330807645, 14.332109363768176, 38.34179209733739, 89.51337455675777, 21.65890673181216, 50.28095139858524, 37.21350612212235, 84.12636327541016, 52.746515491048235, 32.68395439851202, 82.68443031683435, 85.13241021294003, 0.0, 30.177734936892634, 37.5317687260565, 65.75479248826112, 59.97751885529194, 99.22792719586566, 115.33200850276157, 77.17960834145374, 28.41003809180147, 82.98181206726494, 39.43158604241787, 72.24858904618365, 63.45444754170618, 82.26752378061093, 84.73033499448606, 72.42795201865695, 53.35899977676903, 68.34431523350382, 92.57786645364305, 45.41855065223208, 59.27241927276967, 67.42157686352505, 66.55108242199543, 95.5658344047476, 58.92523571575626, 36.22766512745951, 25.22890978392319, 77.340255521754, 5.670020500372512, 97.32302663193062, 75.52043610591265, 46.745908333086106, 29.340848882106638, 87.92731948232485, 87.91487024696083, 39.8399386262319], [35.563450079930305, 58.90066561059719, 59.51888859843745, 20.61286723999882, 61.0617440701072, 79.55170370016089, 42.827265851783544, 50.09239719271338, 53.38231824015555, 45.245737278048914, 23.987002835636783, 23.730924466119045, 25.272253207465543, 69.78431678169268, 32.65025952281199, 29.40595879719184, 19.707630300228686, 79.29197436431663, 30.583260761071763, 39.68400937912116, 63.96437075743421, 54.954964476369334, 30.177734936892634, 0.0, 7.4343281066545055, 36.61314404490716, 48.28255554019803, 74.47045951590316, 88.10843782713168, 68.65604460199663, 22.050655903457557, 52.91685654848342, 43.399730313697646, 46.699031914509284, 56.995839260177846, 52.541546309471904, 59.24730281711047, 56.84400495056223, 34.28436450558368, 65.94521769663508, 62.58622105866977, 33.47645691030146, 50.39917718676283, 48.57553749796771, 36.38222569925299, 68.22523228014407, 43.13079079867746, 26.12067344636794, 21.557145475081906, 57.463671619654384, 24.666225935622943, 71.13235055059191, 45.81604042581694, 45.535792782452084, 8.65548035667027, 63.16256646919597, 58.43320568644811, 34.259468585569145], [29.36567727292419, 51.975360536191175, 55.26322736663319, 16.023974988557864, 54.12255662131826, 73.22285545600737, 36.294410599558155, 42.74297272007128, 52.43970314091129, 37.946825936325915, 25.163168136942605, 30.878648749784087, 27.83089231526777, 65.10622565711985, 37.9028348618055, 25.929004875675368, 19.36619577468802, 78.60778515946723, 28.759955282622524, 43.5522741545158, 59.69980109256433, 47.643866732177784, 37.5317687260565, 7.4343281066545055, 0.0, 30.380531354745877, 46.72943769474738, 68.25289469355226, 81.16756346171367, 67.24464874779562, 25.23504095135234, 45.496000322471744, 46.33690740140571, 40.55114967218664, 56.54780797680333, 45.72527590722918, 54.65134442260668, 53.73484002470069, 33.51407657791692, 66.24635811559729, 55.5259672729519, 32.968922587466295, 49.57537599104784, 44.70561609044293, 29.028293276480092, 61.319810296660705, 40.54837125371243, 27.263115211432346, 27.252195864981374, 52.98441790169002, 31.971222068840927, 64.52984080637003, 39.05046804574122, 47.08601651061143, 11.835306816371968, 57.04328861821431, 51.041897883996945, 35.62306990307866], [1.0716061672863435, 23.642013567394486, 65.28069480567758, 17.253490041373468, 25.793275366460673, 68.91844174455667, 6.713192982673364, 30.7901590482319, 73.67008354769497, 16.380252898841714, 52.889784829432344, 55.37963440275366, 37.79006874798053, 71.93333470364828, 68.23720794414548, 45.00447175470899, 46.16092389297727, 98.89052085777388, 23.255992827715577, 73.08166207557575, 69.09893489473015, 24.06139309503649, 65.75479248826112, 36.61314404490716, 30.380531354745877, 0.0, 66.97095972127534, 65.36234449713277, 70.29268765646724, 86.11071019599272, 54.77379675562501, 25.948937995894006, 74.87247212304716, 43.330448026835136, 78.65988903476597, 17.02494562910181, 27.460661864424182, 68.43540535093929, 28.979364775856148, 89.53377305903606, 28.00404108098545, 57.23606229039188, 71.34421163757925, 57.96862343906541, 14.045974654514167, 52.932354227517976, 58.80822955416012, 54.72842313997018, 46.85203490385892, 62.338608100779346, 60.5926848536324, 58.842854645248366, 10.552465249000127, 73.69095013811723, 42.08265236869805, 56.42427009767816, 35.642324325259075, 62.649850301445866], [66.37756094071031, 78.44359803350127, 22.93706361532712, 60.44352047634008, 80.0126643836454, 55.46114235931908, 69.69094271108033, 53.30273002064846, 6.841860762861588, 62.385003011090795, 26.255787464944216, 64.79372374496724, 73.51387136365406, 33.068939386622496, 40.94171282218131, 22.28684699156669, 28.616680330108412, 32.32186114159352, 74.90089805226638, 33.41318930113361, 25.893904816481808, 68.79506470851369, 59.97751885529194, 48.28255554019803, 46.72943769474738, 66.97095972127534, 0.0, 50.28235645600553, 70.92906940047911, 20.51629375537844, 32.2173555417449, 62.95543088756006, 28.143190032872706, 34.094789340961434, 12.123511421069491, 74.65232796292545, 94.43018917270527, 13.732657253178173, 80.08588075936427, 23.319918523595277, 79.54023256777644, 15.414258325664097, 5.44452607881267, 15.806563660022, 55.78747704959629, 54.99117978564989, 8.579390418203786, 24.590160243961854, 68.12269698728788, 23.465455283182408, 55.80725303321481, 52.55840292838103, 69.98808547414036, 19.616254322471423, 40.30972330423489, 41.40047140928615, 60.13333488180336, 20.363952586781334], [65.56858342333238, 59.72799391563797, 27.965541430019663, 71.89153159181421, 59.9858736966408, 5.432396459695686, 63.00477729688427, 34.93513471491753, 54.613844372023884, 50.58151241495425, 65.33476070400334, 97.71200663204539, 93.81187199419506, 21.756863025943357, 85.7965366334067, 49.04014567795691, 62.0647057675308, 65.60821849552666, 85.5400188483882, 81.41976431198145, 26.799706787574465, 49.21994869997495, 99.22792719586566, 74.47045951590316, 68.25289469355226, 65.36234449713277, 50.28235645600553, 0.0, 21.236548451351716, 54.288993122542784, 72.08504314788595, 43.329266910852766, 77.43477307055892, 27.77156966638761, 58.91301467537654, 60.425505595599496, 87.24030512777726, 38.189393925332, 91.7782654418085, 67.90123743124582, 57.64188966220187, 57.74048643570491, 55.146502497514085, 35.408960312992, 51.656942741023485, 15.121925931681744, 45.148465998742, 65.08539349932974, 95.50491247975043, 26.860842179503788, 93.82884096920235, 7.958468781197192, 60.38416357566382, 69.60474929402801, 70.92789453200021, 11.370512475201023, 33.616751509413234, 66.27349253569794], [70.80479315290356, 57.36288649209176, 49.083793516645734, 80.97430433383816, 56.83911951220398, 17.04726620626829, 66.09519586875994, 40.51641455510115, 75.60204903164816, 53.984427339575745, 83.14758704210448, 111.82970403077297, 103.89559767816662, 42.7097378109489, 104.0877492369536, 66.35757792663212, 78.91211184473049, 86.45989298962787, 92.78027568320259, 100.8045018718137, 48.03456097154284, 48.80636520137987, 115.33200850276157, 88.10843782713168, 81.16756346171367, 70.29268765646724, 70.92906940047911, 21.236548451351716, 0.0, 75.43964917993337, 89.62006621887052, 44.714773053011236, 97.34602426756535, 43.341019241815104, 80.02798700114981, 60.32503274309754, 86.8253460540337, 59.30565959840956, 98.85655806627294, 89.13479517534411, 53.878477406815, 76.79761833240822, 75.96053690058169, 55.54340971338901, 58.36977841, 19.89237710052124, 65.08243660618096, 83.2266899533516, 107.91471239415057, 47.74947206130225, 109.74998061222375, 18.79727799423814, 62.59908657318975, 89.91252276683359, 86.16969312489813, 29.78873269195594, 34.666309655064005, 85.5162731803122], [85.60571563830777, 94.98966018782431, 28.007827544747553, 80.74276860540658, 96.33124282558573, 58.51524464050185, 88.16724386691094, 68.15663881735651, 15.546488775061173, 79.55336475982442, 45.8149963824559, 83.76623717470528, 93.92090921238805, 32.808789396421076, 56.36482321136133, 42.38130227113904, 48.94932744048076, 13.178234630783233, 95.31944849862089, 46.5672586124823, 27.698861413352752, 84.67279610843399, 77.17960834145374, 68.65604460199663, 67.24464874779562, 86.11071019599272, 20.51629375537844, 54.288993122542784, 75.43964917993337, 0.0, 51.009645087630574, 78.42997649940902, 39.87751079541489, 48.1233935089796, 13.827753913150294, 91.9739738122786, 113.49581929351687, 19.415521874617106, 100.56725000069072, 15.592327005476115, 95.40786837356845, 35.31606304960718, 18.592105332441697, 29.224149111300573, 73.9831801261622, 63.669119678162595, 27.583965824317872, 43.92108885590983, 87.98708536068239, 30.456580342730167, 73.67976644750696, 59.163664021644294, 87.97829690999558, 31.139936837950454, 60.505507414308305, 48.95780008045283, 73.58183811414517, 37.769931655166346], [53.825464878042226, 74.25646200301014, 50.15995056540267, 41.2217155081749, 76.30080381731166, 77.50365413468676, 60.05807936466177, 57.7683036465135, 35.501713123017474, 58.62385995802961, 6.875077137847124, 32.77766991630275, 45.793129295293774, 61.14966240326045, 15.259072558477932, 23.278898430564354, 11.193493898024705, 60.00521268009349, 52.59999625169546, 18.368031831625967, 54.283780529385815, 67.76538694739743, 28.41003809180147, 22.050655903457557, 25.23504095135234, 54.77379675562501, 32.2173555417449, 72.08504314788595, 89.62006621887052, 51.009645087630574, 0.0, 63.94011762447955, 21.374573574362184, 46.32385988687923, 37.949468381016025, 68.53679436217821, 79.87678396615553, 44.12641958675057, 56.289378116936, 45.45322801758511, 77.1290316919073, 17.14037314242367, 32.47242189037625, 39.110646974790875, 49.73318950118493, 70.34943798797784, 30.51967823752297, 7.842094153155528, 37.591798892103405, 49.06020147554233, 23.781900056044257, 71.08009576564142, 62.18837360789631, 24.05289014123312, 13.728384922950497, 60.99287799687421, 66.32071890632066, 13.574261503810492], [26.591203063705784, 17.347596214408334, 52.49478045778919, 39.42265146554303, 18.269735412034823, 45.8341880326386, 21.38051072540621, 10.437447745784267, 69.69453766193143, 9.629777915511662, 59.45803209248777, 75.50279450639803, 62.176756123832824, 55.69289702961552, 79.08049059473976, 45.25353545156116, 53.04829437378376, 91.5999763195417, 49.04340720656627, 80.49539121513783, 55.221588237537695, 6.4633609328802155, 82.98181206726494, 52.91685654848342, 45.496000322471744, 25.948937995894006, 62.95543088756006, 43.329266910852766, 44.714773053011236, 78.42997649940902, 63.94011762447955, 0.0, 80.04161141714889, 30.338022035808383, 75.02206289722854, 17.0964611597174, 43.97334190178396, 59.086005898643116, 54.89787701761021, 86.18843026784494, 17.001184929070142, 59.01615528609378, 68.22547873876512, 49.3548465434379, 16.863443285005776, 29.086806000398372, 54.430568671233516, 60.641163169814675, 68.96418959556559, 49.53009558096266, 77.3754771142078, 35.8522732144616, 17.95898235656876, 75.94692115271162, 54.738855110780385, 37.020133712422925, 10.290937544811927, 66.7833508564479], [73.9865255381117, 92.5012291473113, 50.920242426234026, 62.35997907761127, 94.42829202365722, 82.76185152039425, 79.62588214858339, 72.17921609725039, 26.91247272138148, 76.32686653148987, 21.990424244587068, 49.2582640870303, 66.31886221901492, 61.2120030953811, 17.77320285616692, 34.98743222295912, 28.76090088563118, 45.024713169777634, 73.96932775145568, 6.904270155209749, 54.03360868973454, 84.75504985946824, 39.43158604241787, 43.399730313697646, 46.33690740140571, 74.87247212304716, 28.143190032872706, 77.43477307055892, 97.34602426756535, 39.87751079541489, 21.374573574362184, 80.04161141714889, 0.0, 56.31635450744983, 26.202715427759237, 87.27687014741059, 100.76680473613372, 41.836289080718736, 77.5547680741303, 29.060890353110207, 94.83006210918585, 21.587966399153288, 24.758096903226747, 42.028007587154825, 67.89206665085561, 79.75065650302759, 32.32205433354159, 20.233558002085758, 56.588560754129475, 51.08203347977023, 37.25756146766764, 78.60009888313536, 81.29094324158096, 9.038272569763249, 35.08348619517578, 67.56279137272048, 80.28072938435648, 13.267179464707997], [43.200955414182644, 47.195795908480534, 22.74903400866782, 45.823076085223704, 48.407272551415964, 32.883768314953805, 43.258214513719864, 20.033860005281788, 40.51764843775076, 32.66014132276459, 39.9666761491438, 70.00733434100326, 66.76417549131091, 28.615809375792814, 61.00130629406564, 23.137288069386674, 35.57287671017975, 61.28258241627506, 60.29998811230775, 58.76205221955535, 26.12336602452219, 36.652398004011346, 72.24858904618365, 46.699031914509284, 40.55114967218664, 43.330448026835136, 34.094789340961434, 27.77156966638761, 43.341019241815104, 48.1233935089796, 46.32385988687923, 30.338022035808383, 56.31635450744983, 0.0, 45.79546908819895, 44.90292673603186, 69.11258569869885, 28.751889625637084, 66.47518495549863, 56.77914326386231, 47.336548780740735, 34.85961874121913, 39.53020984046685, 19.28620687718891, 29.44180461184046, 24.093088837357275, 26.046086932032175, 40.21295899227707, 67.78918325989468, 19.735525234531842, 66.73174586434641, 25.074538328693528, 42.0377407593717, 50.20254574852927, 43.43756188275501, 16.495441185243266, 26.10522135905534, 43.581444113245205], [78.02652120709837, 90.56695439746153, 30.953615983211726, 71.09810071822965, 92.13520695367784, 63.782558