instance_id,num_cities,city_coordinates,distance_matrix,best_route,total_distance
2710,76,"[[50.036411195019326, 96.73058520731864], [75.07009945425281, 39.26033762281007], [0.7503345856352484, 58.02346715143493], [29.591678040273052, 78.84384780308041], [52.0117824067708, 72.96900550061916], [46.41168169431374, 81.07078534974843], [85.10054266033164, 10.870003150400631], [26.584910060695034, 47.360534617398145], [75.4358574442285, 19.69643443423631], [47.67395336772692, 38.48793433717438], [37.35460690966851, 23.54690282181321], [91.0833679966221, 85.33486358122028], [0.04184917718412784, 21.834313060263877], [84.15911183060223, 22.668718116189513], [48.1249775037165, 22.93413192973599], [73.13689998055672, 65.86884341629002], [22.787525853362332, 34.602049681274764], [17.40676640165101, 71.25367437967714], [80.4749628131884, 79.10140854568125], [19.713019007701725, 21.411950967364668], [40.60439742117985, 15.333995414190838], [95.35040376898115, 2.7980160867701387], [56.64993064741232, 66.95075066151007], [53.37603891859717, 23.473069958995694], [27.80968110917039, 79.42814191696506], [18.471516901189723, 13.346773568013926], [14.02054765188564, 75.57902132615014], [2.6580548890359323, 45.37582882700774], [10.918495732603139, 1.5676307713369586], [62.36803152337957, 11.51770589969866], [72.57154676547123, 29.37811420291637], [42.35457410531149, 75.57971116338427], [38.886892691925546, 97.38580474082086], [81.06526909153654, 75.77499793560777], [23.358453202838227, 32.243255852138816], [18.185472709789696, 30.709715850864505], [32.882020917242535, 8.051076577383531], [69.49657541088733, 25.226462154203798], [53.28424796629043, 3.6692515912469137], [49.069407635993315, 36.77565299023361], [50.24687169413467, 34.26103771374201], [65.06156456341037, 45.505338478192044], [4.241122111053331, 44.18091239012958], [58.203970491374946, 94.66138012986656], [26.311516541645286, 99.49326625315919], [32.67173522287268, 39.84772034203176], [81.6504556458606, 8.370572791587316], [88.18811087131367, 98.5938285830838], [27.575630668522543, 35.309455083730214], [44.82041749010763, 46.185742879496], [85.05416782156485, 39.675255739776325], [27.1398058855683, 16.18628908894597], [70.19307153403534, 65.43170869401234], [62.81581968063693, 69.90432345359041], [35.44171693113009, 29.135142676966275], [8.49005744367587, 90.11080937620261], [12.48947191723695, 77.2520508615668], [63.77989556317225, 37.26746341730364], [43.22580484420232, 98.69294395524456], [68.0923028171869, 30.336560238066024], [5.768668177309211, 66.49668759020444], [6.864834987021307, 46.19844761853168], [88.12284522895814, 2.902991076918593], [90.78504692599797, 79.0259367293743], [39.11407848079841, 80.85020643244816], [51.926634857624975, 19.19645526805325], [22.300836876239828, 34.02402835257464], [56.95949852821044, 30.273435050752695], [69.1127861617019, 81.13618557356887], [21.464547189344962, 50.83094598650915], [57.62723592540871, 33.522381038781404], [86.85512599210284, 21.083536703452012], [53.63768440785955, 32.03716129502825], [89.49282585458252, 21.367312522134764], [87.94494187850526, 58.32006956602205], [92.9219385450278, 91.35850473407136]]","[[0.0, 62.685842941490364, 62.66863917254143, 27.164728762440397, 23.84354758801737, 16.073829522937004, 92.74444924937264, 54.65688246419222, 81.11345298467108, 58.2905445794363, 74.27435309334226, 42.59947340111343, 90.04947425099638, 81.54458201309077, 73.82120356040457, 38.549704129952296, 67.8414082914975, 41.3976654494065, 35.1751800902165, 81.19362522709429, 81.9412454981044, 104.29134894409837, 30.505363218996656, 73.33359839589463, 28.16739381137495, 89.15830076487373, 41.7675840979195, 69.87145088759642, 102.889257005333, 86.10054389966325, 71.02244494226805, 22.502668594973073, 11.168754428669002, 37.442311096733185, 69.78774312152541, 73.3023701729478, 90.32346514969971, 74.10490945209729, 93.11799105486878, 59.96273003323339, 62.46990201428135, 53.383341373536815, 69.7042080184377, 8.425594015381858, 23.88520531364013, 59.47429938133056, 93.84529610293721, 38.19717089088524, 65.3990969931408, 50.8132627989399, 66.94440902574146, 83.73552514853468, 37.227820605263176, 29.714669793248877, 69.15308345641986, 42.070428356340734, 42.298770069448956, 61.0306989603742, 7.087680207328085, 68.80539058743291, 53.60710435198087, 66.4626355298605, 101.2629936241303, 44.4286607007635, 19.273914546700087, 77.55716763093895, 68.56656878807473, 66.8167789193354, 24.639265041931928, 54.065962428862974, 63.66237267255266, 84.13140737355656, 64.79358198347138, 85.06721770228984, 53.9668825337455, 43.220686073908745], [62.685842941490364, 0.0, 76.65169587057129, 60.292131265191635, 40.84066937696587, 50.689431320840804, 30.110145837668284, 49.157164095178445, 19.567321913821463, 27.40703244114417, 40.85792959910932, 48.77793263046569, 77.02535083784377, 18.91803329709261, 31.505310493023845, 26.678640159624983, 52.4896861190728, 65.94417014091223, 40.2060129857465, 58.16331542964354, 41.95657836521615, 41.72279514720401, 33.25750431295629, 26.83039475694703, 62.02418595971848, 62.248793956493, 71.03586813162188, 72.66982476092518, 74.40543266355398, 30.512229427636157, 10.19318916038122, 48.8815148418805, 68.46746949677839, 37.00354681295851, 52.18557075100096, 57.52368114562696, 52.47715641730719, 15.100126851464593, 41.72947076062292, 26.119143032486114, 25.32164362776453, 11.79706770112523, 70.99969075653955, 57.91149986886117, 77.49454883431707, 42.40243280704085, 31.58288553847918, 60.76631775145688, 47.65851485386754, 31.0323137535902, 9.992686235790034, 53.19515727322738, 26.621909493519507, 33.00335195653795, 40.901445867967546, 83.77751769820328, 73.21000763381078, 11.464739486841534, 67.42620999787711, 11.327994028984902, 74.46144731724814, 68.55724229691363, 38.62940356926488, 42.75818572324709, 54.97774669669902, 30.629713166807296, 53.02842641264056, 20.217771483079392, 42.29747301270696, 54.840078515004606, 18.36239727938805, 21.662939370265647, 22.616867399865345, 22.98206657531398, 23.000759752591343, 55.07183649812152], [62.66863917254143, 76.65169587057129, 0.0, 35.57121508674946, 53.39574092814837, 51.14819152143636, 96.63543226757675, 27.948585298758516, 83.9457489189695, 50.82777825111104, 50.284254397838424, 94.37144324516478, 36.19608853741673, 90.59239703664822, 58.954374205112785, 72.8104716260676, 32.158989338626775, 21.27146220041806, 82.46390701052702, 41.2308927600085, 58.40151814554566, 109.54005447684202, 56.60796084243895, 62.95390935196669, 34.501714973300615, 48.062950931127936, 22.006727089802414, 12.790705685830108, 57.36421325606324, 77.19796892091915, 77.32297695075003, 45.15677634439484, 54.80684888492715, 82.25330114876029, 34.28915749979686, 32.40409004304482, 59.4111528772026, 76.16882015885476, 75.59228005722255, 52.78449040271949, 54.905011051036084, 65.51822530208025, 14.275920981406136, 68.14144807827634, 48.714661658741136, 36.73327634070438, 94.92228139835929, 96.39148794618211, 35.15000503764408, 45.63226844181123, 86.27741975904442, 49.46467086438964, 69.83677940482266, 63.192398170589655, 45.14451572432133, 33.00758762722044, 22.528776637619572, 66.35915346078737, 58.80622345621274, 72.81143797322552, 9.84779856827427, 13.312332707384293, 103.3064494540341, 92.45189643584459, 44.641201505526496, 64.23823286268947, 32.25518891027603, 62.68599837852301, 72.16385894858249, 21.92740213749891, 61.929678884311905, 93.69414904172572, 58.92673301041765, 96.01512083430582, 87.19511175490378, 98.01443417723173], [27.164728762440397, 60.292131265191635, 35.57121508674946, 0.0, 23.177032853310614, 16.966784426010193, 87.75920241361948, 31.626565776744876, 74.83385125360695, 44.221809468694765, 55.83919043908665, 61.83333420995361, 64.21276693485687, 78.31506895739139, 58.90143901501706, 45.43717742846481, 44.76196139618155, 14.35558442691778, 50.883936628544454, 58.2753007579549, 64.45759333562759, 100.53446439350458, 29.5566370511022, 60.262914478552545, 1.875343348291068, 66.43436397763575, 15.909720094854807, 42.95961301310356, 79.50032362344565, 74.88056310714981, 65.52959572771424, 13.173689838825737, 20.7413881527085, 51.56499214798543, 47.015617214412664, 49.46712220085659, 70.8691950995768, 66.83730154621458, 78.81978041907648, 46.358547917462076, 49.13516032680201, 48.67821950287322, 42.94379789169675, 32.69338783632414, 20.908322309155608, 39.11757545153375, 87.61620179301063, 61.835294786498416, 43.581048592797224, 36.03423819689819, 67.89894238470453, 62.70551284439209, 42.759310437801915, 34.405794327904786, 50.051756416128946, 23.92117921200681, 17.17612505129797, 53.82778052257899, 24.080615269620505, 61.929436095670304, 26.832595182972888, 39.777274270322636, 95.87967069599917, 61.193639799912916, 9.731473942797978, 63.691928313253236, 45.408948242115194, 55.75018020770376, 39.587533386151726, 29.168012000356974, 53.291911727749564, 81.334838843252, 52.62201368337288, 83.0162611623382, 61.8573267584228, 64.55492648667875], [23.84354758801737, 40.84066937696587, 53.39574092814837, 23.177032853310614, 0.0, 9.848856010391215, 70.36442388032516, 36.08766573609896, 58.19496644369907, 34.75285642001986, 51.54975292615178, 40.98174284452339, 72.90837215887778, 59.695642219851784, 50.18561373151344, 22.286383603672085, 48.229456454981566, 34.64750342476452, 29.11630137835782, 60.838638949716994, 58.75306647207599, 82.47547427505675, 7.598145195416182, 49.5147334736905, 25.04919460709819, 68.40877100789228, 38.08078387862198, 56.54355682866045, 82.38212502064209, 62.3178475110249, 48.196158712219265, 10.003872062125163, 27.720801127730144, 29.18867386653723, 49.795581720667066, 54.13009134869383, 67.67780485749012, 50.843568242022045, 69.31143527946682, 36.312757196786094, 38.748182925312726, 30.406410847952763, 55.774459119090125, 22.55886323223601, 36.93291315353923, 38.35436032098395, 71.07326121571215, 44.332361759578156, 44.892841850086675, 27.731910969074363, 46.90706777275059, 61.991064671932754, 19.68172038923613, 11.230293739010971, 46.861227042298395, 46.77586967521019, 39.753710568889694, 37.59107067361368, 27.18298017781185, 45.56433392176822, 46.69385947608645, 52.487233025182626, 78.82420462884593, 39.24350210401501, 15.115028769073044, 53.77261764707898, 48.98419673098548, 42.981293964443, 18.951178321417235, 37.7256843341379, 39.844315775945255, 62.4992837119539, 40.9641236619058, 63.77745162816178, 38.80442337720058, 44.85325581620253], [16.073829522937004, 50.689431320840804, 51.14819152143636, 16.966784426010193, 9.848856010391215, 0.0, 80.15595913123447, 39.10859084459054, 67.8911903582664, 42.60155548963653, 58.23253098348334, 44.87473587951194, 75.22712952764795, 69.53898143521458, 58.161893481979774, 30.746322235278438, 52.129110234340615, 30.62124718121773, 34.12016362182163, 65.36050113882378, 65.99280340810364, 92.31264770548498, 17.44124769684436, 58.01723097306165, 18.67438628755815, 73.26113963404774, 32.85338698894581, 56.46689100504714, 87.06616930605917, 71.35990443416013, 57.935056665508576, 6.827299444794732, 17.966699954680927, 35.05590512071724, 53.99610153261173, 57.73176071028359, 74.26257193192008, 60.427648895798875, 77.70604606677115, 44.374793046593624, 46.96659617303914, 40.15867455736711, 56.028732116139615, 17.993397165367888, 27.265444096898207, 43.45258585709832, 80.79042081589887, 45.30261668974797, 49.486323019212136, 34.92131598206036, 56.62889373619152, 67.6860624664029, 28.462874439395666, 19.8440322100293, 53.08155147261996, 38.98424836014458, 34.13647681368469, 47.120970547218235, 17.907827484687722, 55.172555949098815, 43.17706420367367, 52.72601846650409, 88.6003680855407, 44.42045641216093, 7.300936085233635, 62.11962195194113, 52.86520766810968, 51.88089472397635, 22.7011986738266, 39.20213520617876, 48.85324358965145, 72.34737166491234, 49.563206142821365, 73.62397469462962, 47.35616929397526, 47.63445352315871], [92.74444924937264, 30.110145837668284, 96.63543226757675, 87.75920241361948, 70.36442388032516, 80.15595913123447, 0.0, 68.9611350347396, 13.088622140417824, 46.51343579133544, 49.40018386590795, 74.7048166986976, 85.76244766131366, 11.83621421110211, 38.89390211659765, 56.28499957148571, 66.6792478671529, 90.71182445131213, 68.38801555197685, 66.23187233650299, 44.71950545427431, 13.046709466452597, 62.88471646842718, 34.13621875136781, 89.34462047829085, 66.67504379686571, 96.1229562782491, 89.37234357196101, 74.76302708067993, 22.74173655293496, 22.350076350332326, 77.55362105557916, 98.08509248726494, 65.03031432218962, 65.33683143242774, 69.79427474028847, 52.29455382788471, 21.20357774173056, 32.620966127242916, 44.37730709232071, 41.975217423657895, 40.01458604605883, 87.4520586718375, 88.00238889118219, 106.34957618610593, 59.903989374267105, 4.260311317964843, 87.77814435268803, 62.50121847185789, 53.5694871763966, 28.805289919794347, 58.20403683297043, 56.56158066399088, 63.10039502207049, 52.911381523525925, 110.21919894667413, 98.38162355229885, 33.932225113958175, 97.29523420384317, 25.85008834432238, 96.89104360442991, 85.84244255426034, 8.521008989276734, 68.39257906211644, 83.73758856769275, 34.20289408471224, 66.93214421809154, 34.1820352576846, 72.0620895491203, 75.14264349844348, 35.607763296073, 10.363147702673917, 37.92044347492295, 11.379176407121737, 47.53524386977762, 80.86762714937113], [54.65688246419222, 49.157164095178445, 27.948585298758516, 31.626565776744876, 36.08766573609896, 39.10859084459054, 68.9611350347396, 0.0, 56.14015941563374, 22.879483895807027, 26.135711765981867, 74.84718255462347, 36.8255626983441, 62.64562643609962, 32.56721746956197, 50.096359748928286, 13.311613902280483, 25.595320836548375, 62.542952148085234, 26.84309743839176, 34.96062412465441, 81.94212093140439, 35.88428663823087, 35.89394870012413, 32.090987863268104, 34.968029531063294, 30.88925694917111, 24.00902862424799, 48.39862168031284, 50.64721267848387, 49.377507018684526, 32.32652516144603, 51.515691081266745, 61.44502620872802, 15.457753430630593, 18.649405175708218, 39.81064049395987, 48.28382945596623, 51.20334810408802, 24.851405398380987, 27.04598394348532, 38.52135374615292, 22.56889136503373, 56.89582558249236, 52.133448493481986, 9.66911675858079, 67.47170839522394, 80.12368414325296, 12.091734583986044, 18.27331023201886, 58.97217661350015, 31.179183659048583, 47.20422734874722, 42.672019251252046, 20.26346316211877, 46.42208184888868, 33.04820902607964, 38.540070482287234, 53.96235379988517, 44.86289510397016, 28.275577390148367, 19.754285790791382, 75.91699837603558, 71.58460214624911, 35.75665224233207, 37.88691570027216, 14.007700824954993, 34.85089089494521, 54.30851538364557, 6.1856180778605525, 33.98706356183857, 65.74936918167393, 31.091130083278095, 68.06653703858105, 62.331091045904145, 79.60165024997187], [81.11345298467108, 19.567321913821463, 83.9457489189695, 74.83385125360695, 58.19496644369907, 67.8911903582664, 13.088622140417824, 56.14015941563374, 0.0, 33.523779419316625, 38.27541964602942, 67.47775905712122, 75.42431310652276, 9.215727718167118, 27.50212443062219, 46.22960692700952, 54.71767708149299, 77.62425135239313, 59.61831540811032, 55.749239639646234, 35.10358217534005, 26.117919097177335, 50.85156288377502, 22.38076337551206, 76.39456493167772, 57.31713780902993, 83.03435309931514, 77.17538364752127, 67.0159942437375, 15.416214669602638, 10.096494382096779, 64.94083403634602, 85.85723663791367, 56.36040773337431, 53.56751590482717, 58.30007649911887, 44.11851496571035, 8.115188085015532, 27.341623805942646, 31.414795590194565, 29.09660928369178, 27.81592135319462, 75.2873163284061, 76.91996497077152, 93.70557740844818, 47.27414169607709, 12.918837902696847, 79.92132863602306, 50.34250411753, 40.484424480193454, 22.1735246470532, 48.42344180768058, 46.03479244785462, 51.76965784061408, 41.09282770354017, 97.15927303238638, 85.2930034249155, 21.085599514750072, 85.3108199761273, 12.92826638345865, 83.92723607873347, 73.51422871558525, 21.04707577896078, 61.28284801097323, 71.12703745185478, 23.514538604724663, 55.03281165131748, 21.289640223247275, 61.76426353893511, 62.307785550663795, 22.545593802610377, 11.503205938943086, 25.04902966536137, 14.155924359585633, 40.59879781689575, 73.76459416225532], [58.2905445794363, 27.40703244114417, 50.82777825111104, 44.221809468694765, 34.75285642001986, 42.60155548963653, 46.51343579133544, 22.879483895807027, 33.523779419316625, 0.0, 18.158285548598972, 63.86714380665525, 50.45949317277662, 39.767001268732756, 15.560340359416351, 37.39085225301261, 25.187980744527312, 44.60601223346763, 52.20498547003252, 32.76283043834362, 24.209161673437006, 59.5551356944453, 29.844598862077184, 16.06113109107022, 45.50483390848063, 38.533884574526276, 50.08293571965191, 45.53980902844115, 52.09676075689318, 30.713338386018094, 26.51186488872357, 37.47126504219969, 59.54974033028986, 50.05302266158111, 25.104572445077967, 30.497068290809697, 33.84085660720534, 25.536121030773906, 35.267776704014366, 2.2088911303874186, 4.948390018940384, 18.750279570465835, 43.8043471596383, 57.15187899665983, 64.63748316053004, 15.063716913325203, 45.40328373062493, 72.48527768675432, 20.34810324541157, 8.209684729580067, 37.39906636171538, 30.315253480663326, 35.11520553236676, 34.87499993623086, 15.398127161446139, 64.80971321555117, 52.350782848554864, 16.152118228556795, 60.36910806363844, 21.98531086757423, 50.40380130187964, 41.53114684273036, 53.873936552262464, 59.17682000361295, 43.218439989822414, 19.754656780841835, 25.76279288295272, 12.397554091594088, 47.7336033114057, 28.970379852515222, 11.123153924684942, 42.87280426113816, 8.785132939251445, 45.1877614781425, 44.88948767106328, 69.58934815543597], [74.27435309334226, 40.85792959910932, 50.284254397838424, 55.83919043908665, 51.54975292615178, 58.23253098348334, 49.40018386590795, 26.135711765981867, 38.27541964602942, 18.158285548598972, 0.0, 81.88120579684306, 37.35203947971833, 46.81274280867229, 10.787788044789847, 55.42128790540111, 18.287047946162797, 51.709306642107656, 70.32544489350572, 17.770302280029853, 8.832496048959634, 61.59568778810984, 47.499510791542875, 16.02160213300641, 56.69055028262244, 21.461913359775806, 57.024728649026336, 40.99210573586969, 34.37959240646996, 27.755593841545103, 35.69644070461833, 52.27248622237299, 73.85479900672223, 68.10577000220289, 16.47782979076045, 20.46366527438598, 16.128380466035658, 32.18582077071149, 25.473014792851835, 17.670211857133545, 16.763149398464254, 35.35319503102335, 39.01621747906235, 74.10779206372176, 76.74503217357078, 16.960127919990995, 46.823532635267355, 90.64262899561251, 15.296601323144504, 23.83810828862768, 50.3524763942557, 12.59050413948673, 53.22313145463727, 52.88935434848915, 5.906570303375208, 72.55284881833532, 59.18207384135583, 29.77498385348879, 75.37505199476702, 31.478649868333772, 53.313746231675445, 37.98313670002504, 54.80497344379601, 77.02425023104668, 57.330309129658666, 15.207576810065444, 18.340832903842955, 20.72674627629086, 65.76554901516405, 31.573929266539512, 22.594018077071606, 49.56177521097822, 18.36363530878609, 52.18375694238814, 61.38855852420431, 87.67064331337244], [42.59947340111343, 48.77793263046569, 94.37144324516478, 61.83333420995361, 40.98174284452339, 44.87473587951194, 74.7048166986976, 74.84718255462347, 67.47775905712122, 63.86714380665525, 81.88120579684306, 0.0, 110.99945074375195, 63.04753056938122, 75.75800039851576, 26.47643584988601, 85.0772617111268, 75.01014272692561, 12.304235946046788, 95.8116144934366, 86.30323293187921, 82.64707368446092, 39.033795812431705, 72.44807917645002, 63.54879080793167, 102.24855022568654, 77.6778909187868, 97.03484145740134, 115.9454873538926, 79.2057025532263, 58.939335984386545, 49.695657283076976, 53.56955494556542, 13.847502909703207, 86.05453442488634, 91.093413053926, 96.74802600316355, 63.86712406434855, 89.9891418825866, 64.21191321245831, 65.39231697229087, 47.57652072030347, 96.10006955818639, 34.176581034975186, 66.3012300574156, 74.03376961466849, 77.54019533228124, 13.571391481432226, 80.84413519777202, 60.60457277538044, 46.05595556478402, 94.18229392918715, 28.853770304051324, 32.204904229433005, 79.08477706240319, 82.73127949168942, 79.00843222339108, 55.28068890166121, 49.68686609323172, 59.61042231615751, 87.36975952769902, 92.86775735794315, 82.48501863746715, 6.315976051500003, 52.1624309491183, 76.86051524884435, 85.8128102277718, 64.77807792234181, 22.368177466589916, 77.70006782479909, 61.67532829565649, 64.39030234439505, 65.13696560646098, 63.987322281857644, 27.196485327749023, 6.297983359757786], [90.04947425099638, 77.02535083784377, 36.19608853741673, 64.21276693485687, 72.90837215887778, 75.22712952764795, 85.76244766131366, 36.8255626983441, 75.42431310652276, 50.45949317277662, 37.35203947971833, 110.99945074375195, 0.0, 84.12140101128536, 48.09570491438323, 85.33420366783419, 26.084112135181822, 52.381424412011796, 98.7370548199524, 19.675703602122695, 41.08009797391346, 97.19105504541352, 72.38762207426856, 53.35936018681436, 63.93826407229103, 20.290169517521438, 55.532852237498524, 23.686441204253875, 23.000866316115406, 63.17424624921638, 72.92095698719444, 68.40273757757264, 84.95272391641969, 97.33648883866024, 25.53448870319659, 20.198115000868768, 35.615368703124986, 69.53751269404289, 56.25586624514276, 51.25373281366793, 51.720090598730316, 69.19451447363488, 22.737730642759416, 93.20200670440018, 81.98175671730718, 37.27187016039668, 82.71177033398382, 116.8836458789167, 30.654340243517858, 50.97168149469021, 86.86422483961606, 27.68030766718543, 82.59495689329931, 79.06514574692747, 36.14488553155179, 68.7971814255091, 56.798494477341904, 65.57988019999252, 88.1595324970696, 68.57953373771662, 45.0280374268397, 25.30146612618761, 90.09249035024907, 107.26234080789717, 70.77792574857813, 51.951797647792766, 25.378173541338786, 57.53987823776427, 91.03574253832119, 36.051861410746206, 58.7595753899996, 86.8165231766491, 54.55833269240679, 89.45219571392914, 95.17438801618076, 116.01863742035134], [81.54458201309077, 18.91803329709261, 90.59239703664822, 78.31506895739139, 59.695642219851784, 69.53898143521458, 11.83621421110211, 62.64562643609962, 9.215727718167118, 39.767001268732756, 46.81274280867229, 63.04753056938122, 84.12140101128536, 0.0, 36.035111782544334, 44.58407765123854, 62.52100421141689, 82.56133232567792, 56.55282046983474, 64.45834580412588, 44.16798958976467, 22.805477727774004, 52.131117921203256, 30.793579846988326, 79.98056346904222, 66.3457517688197, 87.8573751646492, 84.60517217892642, 76.21970698939731, 24.47848554155578, 13.389834203127018, 67.4328744728085, 87.36255982635255, 53.196323361228835, 61.54991358586143, 66.46185901261154, 53.31993526528311, 14.883952056609944, 36.25240608390291, 37.819214058540084, 35.838832357168684, 29.769574084639768, 82.76267022815094, 76.52850936582263, 96.16837046120999, 54.27769401348651, 14.516553157574497, 76.03193561050617, 57.97825947285738, 45.83212111753974, 17.03007478461066, 57.38661112617324, 44.98581603932838, 51.833758607585715, 49.14467633824981, 101.36193301893742, 90.08816514339726, 25.068622220646358, 86.34360737929879, 17.802756940417616, 89.81064839079659, 80.7963699879241, 20.159244724051735, 56.74538840912712, 73.58084405726724, 32.41896329465296, 62.89188541373244, 28.24271027105013, 60.37248269712223, 68.72932062938345, 28.666050266575514, 3.127505790610198, 31.926873625785515, 5.490187775462788, 35.851797295966655, 69.24647223965414], [73.82120356040457, 31.505310493023845, 58.954374205112785, 58.90143901501706, 50.18561373151344, 58.161893481979774, 38.89390211659765, 32.56721746956197, 27.50212443062219, 15.560340359416351, 10.787788044789847, 75.75800039851576, 48.09570491438323, 36.035111782544334, 0.0, 49.68888926531866, 27.894923566676226, 57.2571975901958, 64.81731645150977, 28.452704976178836, 10.692109232175373, 51.339108359780546, 44.83455754973583, 5.27864567689771, 60.035692983719244, 31.164806530150155, 62.72636220186159, 50.70375540015126, 42.90512390771128, 18.25374950815186, 25.28160707326245, 52.96087771389994, 75.02262189072492, 62.26732634489057, 26.458278745009977, 30.932727856108624, 21.303827405382282, 21.494184677809887, 19.943763089304156, 13.87370367072007, 11.5239415824222, 28.2189182337604, 48.75672716719545, 72.43192827757936, 79.60608097058767, 22.910088825035245, 36.552085295229546, 85.61217409286186, 23.988002803878473, 23.485261945367824, 40.54664380629997, 22.04338474116745, 47.88574740950125, 49.21401970632707, 14.117989695398935, 77.99764663701352, 64.96403293737974, 21.225476460630325, 75.9170566622816, 21.2953052345798, 60.7597991720324, 47.36694781137944, 44.73338827354057, 70.47107270926561, 58.61286537105086, 5.331306168643311, 28.104662279005964, 11.485387761603478, 61.870567805894645, 38.58770243310215, 14.226873665982332, 38.774335643876604, 10.642137052131947, 41.39750958978431, 53.270950293838126, 81.78424366712352], [38.549704129952296, 26.678640159624983, 72.8104716260676, 45.43717742846481, 22.286383603672085, 30.746322235278438, 56.28499957148571, 50.096359748928286, 46.22960692700952, 37.39085225301261, 55.42128790540111, 26.47643584988601, 85.33420366783419, 44.58407765123854, 49.68888926531866, 0.0, 59.267797879355875, 55.9896793456341, 15.131025941397075, 69.50198806089718, 60.10103647501539, 66.86829600482174, 16.52242963608269, 46.77492102561256, 47.311852071600086, 75.80812574098594, 59.90851915786861, 73.39776054070805, 89.47500083695579, 55.40771315616094, 36.495108477459944, 32.27774060697786, 46.54440729457473, 12.688220289722999, 60.07140669766734, 65.23667381355568, 70.45104293507801, 40.80508690868475, 65.29101787536722, 37.7578854932635, 39.0257194204441, 21.90624055978932, 72.22876546390258, 32.43458884480467, 57.64736199787159, 48.10954588137588, 58.125138751643235, 36.020322089688676, 54.86078268293207, 34.48546980067766, 28.77716643732556, 67.70589981436412, 2.97610696850252, 11.081958206420126, 52.63355959020798, 69.04264742599192, 61.706465969440764, 30.09306347837273, 44.40827837743138, 35.888593012239674, 67.37115736428169, 69.12966851756089, 64.72462526590333, 22.012864308333306, 37.175174789452264, 51.26584791110674, 59.986644833565435, 39.09912293721868, 15.78876906457632, 53.816079400937966, 35.87259828118296, 46.83922952255762, 39.04871474331286, 47.412050821706515, 16.621133881113195, 32.267175040477376], [67.8414082914975, 52.4896861190728, 32.158989338626775, 44.76196139618155, 48.229456454981566, 52.129110234340615, 66.6792478671529, 13.311613902280483, 54.71767708149299, 25.187980744527312, 18.287047946162797, 85.0772617111268, 26.084112135181822, 62.52100421141689, 27.894923566676226, 59.267797879355875, 0.0, 37.044489000520976, 72.85625108621181, 13.543681051571863, 26.243071994402545, 79.22668618765637, 46.83055534098198, 32.55013550203656, 45.10654706953365, 21.689045528242843, 41.904320922431, 22.83133632498743, 35.10194736371111, 45.82033780888415, 50.057349510929434, 45.40966987147637, 64.81504078514267, 71.35479678962405, 2.4269046884353322, 6.027367234840016, 28.405158041423697, 47.64070688019958, 43.43832475259133, 26.37161089848148, 27.461463237874664, 43.65748567482582, 20.873995845736456, 69.72408281742084, 64.98683327067347, 11.189935457429716, 64.44326872196031, 91.49964091573416, 4.84007955765022, 24.892373570776204, 62.472971129187826, 18.92307003825513, 56.54868377004054, 53.37147965175927, 13.784615483444371, 57.32050249077749, 43.87564832056912, 41.07893383243963, 67.27084046557309, 45.50513395136877, 36.15120252411373, 19.697932113404097, 72.6191040588736, 81.2228084498796, 49.04537005240704, 32.96088610439626, 0.755628755993846, 34.445037684841274, 65.66167486348422, 16.282731583843525, 34.85643530658052, 65.47829854745086, 30.956597604897087, 68.00555356678092, 69.33998363373632, 90.22267472074282], [41.3976654494065, 65.94417014091223, 21.27146220041806, 14.35558442691778, 34.64750342476452, 30.62124718121773, 90.71182445131213, 25.595320836548375, 77.62425135239313, 44.60601223346763, 51.709306642107656, 75.01014272692561, 52.381424412011796, 82.56133232567792, 57.2571975901958, 55.9896793456341, 37.044489000520976, 0.0, 63.55457757034127, 49.895051796669904, 60.5404045288868, 103.7371088779956, 39.47836233361464, 59.80614286345493, 13.230364844935199, 57.91668891811814, 5.4931870192654, 29.785690888917717, 69.98744408862431, 74.76564245418712, 69.25832464553295, 25.320104728709328, 33.82726803420508, 63.81886344503148, 39.46182116265202, 40.55143593882236, 65.06959252431834, 69.51152758979966, 76.51697777007615, 46.810862082059536, 49.46642986025271, 54.16600954042793, 30.104295894925666, 47.0354392987462, 29.610287473048313, 34.91923856740814, 89.89736410509819, 75.8780782360696, 37.35495551159417, 37.14713253667654, 74.654989402342, 55.92091719878465, 53.10639597990286, 45.4290971472636, 45.81735646447771, 20.859032549915153, 7.756307463280189, 57.49373569190029, 37.67673368192368, 65.14010923699965, 12.572758392439004, 27.18265450619523, 98.34927408305519, 73.78875330795525, 23.73395932290608, 62.46259184386576, 37.5499463263743, 56.954355708157145, 52.64196526464574, 20.82194563296351, 55.148315168173944, 85.67448490802899, 53.391144566220376, 87.66441163227661, 71.71410135447061, 78.14566800164165], [35.1751800902165, 40.2060129857465, 82.46390701052702, 50.883936628544454, 29.11630137835782, 34.12016362182163, 68.38801555197685, 62.542952148085234, 59.61831540811032, 52.20498547003252, 70.32544489350572, 12.304235946046788, 98.7370548199524, 56.55282046983474, 64.81731645150977, 15.131025941397075, 72.85625108621181, 63.55457757034127, 0.0, 83.78596141777875, 75.20601679493873, 77.7398639332993, 26.744544204724, 61.87781290704914, 52.666295214866636, 90.37753772928545, 66.54770098324286, 84.8108830648321, 104.16135947986636, 69.96726251665456, 50.34749234590088, 38.28271656625358, 45.43002003776701, 3.3783826084484057, 73.87815742098988, 78.87798488305204, 85.51747067772871, 54.98213199430859, 80.183198219351, 52.7046343249562, 54.07768808896736, 36.96307305387236, 83.85129408630736, 27.168176506694888, 57.87492352282087, 61.85467327244445, 70.7406029792811, 20.962993390284083, 68.67368148982085, 48.525123889009365, 39.69119100736717, 82.4800049754432, 17.10491105826162, 19.910592918522024, 67.26530279079276, 72.8219301289437, 68.01063958093094, 45.042249449674145, 42.08714802766578, 50.31243085999025, 75.76219009894201, 80.62912474012222, 76.58125704236824, 10.310360343279235, 41.39783867312524, 66.35970506454349, 73.59483088914487, 54.195461582677936, 11.542936186811566, 65.4327762318572, 50.984962218415966, 58.36762745984209, 54.178251000523524, 58.43413127179549, 22.083130145515494, 17.468932761918982], [81.19362522709429, 58.16331542964354, 41.2308927600085, 58.2753007579549, 60.838638949716994, 65.36050113882378, 66.23187233650299, 26.84309743839176, 55.749239639646234, 32.76283043834362, 17.770302280029853, 95.8116144934366, 19.675703602122695, 64.45834580412588, 28.452704976178836, 69.50198806089718, 13.543681051571863, 49.895051796669904, 83.78596141777875, 0.0, 21.757555830595866, 77.89411110773933, 58.635464687024395, 33.72605996879869, 58.578446117030566, 8.160172422410676, 54.46536276745435, 29.413249449200084, 21.705775353088033, 43.78751166910112, 53.45543670586131, 58.70933709293254, 78.35600735903455, 81.97218714918381, 11.428313785419215, 9.422411024844303, 18.75994604891878, 49.92948010688358, 37.971447100963566, 33.133682154912925, 33.12725750937916, 51.35155212615364, 27.528261802225632, 82.74679582165625, 78.35963225070105, 22.534549438168217, 63.29552592426725, 103.17887592922274, 15.967507093885157, 35.27211681002293, 67.84551591317883, 9.081007950487082, 66.97741987695673, 64.87959321075962, 17.522546291841227, 69.60953966910832, 56.305385077829236, 46.83254087069425, 80.77872848086855, 49.195566391224766, 47.191931475962065, 27.918564591819205, 70.869499221094, 91.4910077975105, 62.524453787387564, 32.289711477808126, 12.874831932543815, 38.28610892780585, 77.50691062199779, 29.471089543950328, 39.801386420545875, 67.14291017101885, 35.549655652618554, 69.7798211245829, 77.57450945471614, 101.25248778998703], [81.9412454981044, 41.95657836521615, 58.40151814554566, 64.45759333562759, 58.75306647207599, 65.99280340810364, 44.71950545427431, 34.96062412465441, 35.10358217534005, 24.209161673437006, 8.832496048959634, 86.30323293187921, 41.08009797391346, 44.16798958976467, 10.692109232175373, 60.10103647501539, 26.243071994402545, 60.5404045288868, 75.20601679493873, 21.757555830595866, 0.0, 56.16294141808297, 54.0532011889748, 15.144614917007381, 65.35873607578321, 22.221913751476965, 65.84955744489899, 48.39872587548391, 32.72255421790693, 22.095697205402995, 34.916126786229626, 60.271132265441075, 82.06978272341568, 72.73373991566088, 24.15255018710247, 27.18494002497935, 10.614895461194413, 30.538808869882274, 17.229186234446757, 23.05213824236634, 21.241709919721508, 38.83893622267034, 46.415863778419116, 81.25625476283015, 85.36433278590886, 25.765283607798708, 41.63253716031332, 95.89791241219142, 23.848852217759717, 31.138483374830013, 50.678190998543585, 13.49153919050342, 58.183077536548105, 58.917467538206225, 14.735159843420579, 81.38121858574021, 68.00216633664388, 31.908944400795626, 83.40015634726065, 31.31552162034685, 61.8962769692151, 45.727152580524006, 49.117540155160775, 81.08489978548519, 65.53315921526202, 11.9629284328687, 26.159848238477156, 22.151211905348855, 71.71231734054948, 40.328245273389705, 24.911732223389638, 46.606728252239634, 21.186371093699023, 49.259307242519604, 63.94473958429055, 92.28678738895466], [104.29134894409837, 41.72279514720401, 109.54005447684202, 100.53446439350458, 82.47547427505675, 92.31264770548498, 13.046709466452597, 81.94212093140439, 26.117919097177335, 59.5551356944453, 61.59568778810984, 82.64707368446092, 97.19105504541352, 22.805477727774004, 51.339108359780546, 66.86829600482174, 79.22668618765637, 103.7371088779956, 77.7398639332993, 77.89411110773933, 56.16294141808297, 0.0, 74.92195921924562, 46.79001129741881, 102.14658781457648, 77.59922377465365, 109.14036934004814, 102.00363561473786, 84.44087246522164, 34.11553706716515, 35.00539875862456, 90.0318449214828, 110.15887547361832, 74.36198593715952, 77.78086584217236, 82.05784282498972, 62.68886265222424, 34.22653406013464, 42.07517694936661, 57.414374616512525, 54.99318444612937, 52.35770398199073, 100.06720397152218, 99.08953102402953, 118.81220204309557, 72.80999983597911, 14.7899278836848, 96.06318822202844, 75.16923263192, 66.6016092116652, 38.28763872466047, 69.51209619622642, 67.49719116228431, 74.57717915161244, 65.4423027992118, 123.15942365793671, 111.39720517852334, 46.74226981700258, 109.14582449168162, 38.74758678254788, 109.92000774617266, 98.55604162003497, 7.22832084221614, 76.36450987598185, 96.20118866041238, 46.416942101447226, 79.44371004202449, 47.20974743050643, 82.6152611582643, 88.12651222679706, 48.65207080750742, 20.16258933593154, 50.93995061844183, 19.47126059421156, 56.01374196002442, 88.59377852192964], [30.505363218996656, 33.25750431295629, 56.60796084243895, 29.5566370511022, 7.598145195416182, 17.44124769684436, 62.88471646842718, 35.88428663823087, 50.85156288377502, 29.844598862077184, 47.499510791542875, 39.033795812431705, 72.38762207426856, 52.131117921203256, 44.83455754973583, 16.52242963608269, 46.83055534098198, 39.47836233361464, 26.744544204724, 58.635464687024395, 54.0532011889748, 74.92195921924562, 0.0, 43.60076933176518, 31.423642149976317, 65.81016362552077, 43.49380817129707, 58.1429264835615, 79.78920043427041, 55.72718483103847, 40.80687283118467, 16.69778961445766, 35.23943861951601, 25.961049502967917, 48.09295859463335, 52.84815160988664, 63.51444827878005, 43.65721627772263, 63.37093927416352, 31.11271200968709, 33.31090657077083, 23.036086665255755, 57.14148009200986, 27.754171314762225, 44.49083828706456, 36.18740261908797, 63.69194210785086, 44.67595765270252, 42.97076337584546, 23.89817837672884, 39.3796052884108, 58.71863436943963, 13.62806492404331, 6.836796019200568, 43.35675883038531, 53.439327341088216, 45.34603511963544, 30.527593113805025, 34.46409709650336, 38.3604851538123, 50.8832884533247, 53.9371285062701, 71.36287452214147, 36.20795882021114, 22.376348717733237, 47.98731344473614, 47.58181674663702, 36.678622011792214, 18.882513900810846, 38.70218742980068, 33.44265272433047, 54.91953333819571, 35.04329250882417, 56.18278738364107, 32.463308274515825, 43.7195267105136], [73.33359839589463, 26.83039475694703, 62.95390935196669, 60.262914478552545, 49.5147334736905, 58.01723097306165, 34.13621875136781, 35.89394870012413, 22.38076337551206, 16.06113109107022, 16.02160213300641, 72.44807917645002, 53.35936018681436, 30.793579846988326, 5.27864567689771, 46.77492102561256, 32.55013550203656, 59.80614286345493, 61.87781290704914, 33.72605996879869, 15.144614917007381, 46.79001129741881, 43.60076933176518, 0.0, 61.51917367342613, 36.34374135751149, 65.29842923624176, 55.245314281422175, 47.77542505718565, 14.959500686680444, 20.083253447140088, 53.25950379259442, 75.31950425557977, 59.179262733162986, 31.27253767770089, 35.92693966734105, 25.648443494729598, 16.215612260703434, 19.804031092727296, 13.982338442023245, 11.232628178485063, 24.93937380323647, 53.32030371103416, 71.35183549324812, 80.694229137502, 26.396919643993574, 32.055078567343, 82.7949801008468, 28.385930999203733, 24.27064418636755, 35.5810999670888, 27.22934261438417, 45.20331791455524, 47.38112242143161, 18.806886308310897, 80.34512833770664, 67.55656998453834, 17.27789118971057, 75.90162511947003, 16.23810093403254, 64.16769765991997, 51.76615574806743, 40.37906256941356, 66.97428526311582, 59.12308606138998, 4.515551499733718, 32.817539593887346, 7.686751469568722, 59.771900724111134, 42.03328068474941, 10.911522770403188, 33.564253908804886, 8.568087229595601, 36.17812202094323, 49.08484932709519, 78.56405305141008], [28.16739381137495, 62.02418595971848, 34.501714973300615, 1.875343348291068, 25.04919460709819, 18.67438628755815, 89.34462047829085, 32.090987863268104, 76.39456493167772, 45.50483390848063, 56.69055028262244, 63.54879080793167, 63.93826407229103, 79.98056346904222, 60.035692983719244, 47.311852071600086, 45.10654706953365, 13.230364844935199, 52.666295214866636, 58.578446117030566, 65.35873607578321, 102.14658781457648, 31.423642149976317, 61.51917367342613, 0.0, 66.73790941919721, 14.316282018228236, 42.33396187806941, 79.67164702253893, 76.1978142954672, 67.146331926694, 15.045408985278561, 21.09934289366419, 53.38073727756173, 47.394376278465195, 49.659947902437594, 71.55706874669647, 68.37849987845188, 79.92723578319263, 47.65722173648237, 50.43307271474561, 50.383126282852956, 42.40099247146401, 33.99800543414562, 20.120976907156315, 39.87793051618922, 89.15159635541332, 63.34728349286898, 44.11930764980132, 37.34196360648521, 69.69378177701385, 63.245400480477805, 44.634649397873716, 36.27854539267021, 50.868789481785335, 22.0763955984891, 15.47398403663343, 55.42002471506754, 24.673659408120084, 63.50333064814143, 25.554427445504775, 39.2797551194994, 97.436012219468, 62.97665018700329, 11.39349232772229, 64.88053278663638, 45.73708444305074, 57.14802763583915, 41.3384070824375, 29.292666992703197, 54.73961506098078, 83.00877977023941, 53.97212983295998, 84.71050853169903, 63.732254833549945, 66.19622062732252], [89.15830076487373, 62.248793956493, 48.062950931127936, 66.43436397763575, 68.40877100789228, 73.26113963404774, 66.67504379686571, 34.968029531063294, 57.31713780902993, 38.533884574526276, 21.461913359775806, 102.24855022568654, 20.290169517521438, 66.3457517688197, 31.164806530150155, 75.80812574098594, 21.689045528242843, 57.91668891811814, 90.37753772928545, 8.160172422410676, 22.221913751476965, 77.59922377465365, 65.81016362552077, 36.34374135751149, 66.73790941919721, 0.0, 62.39121563400011, 35.72010584521706, 13.992724316501914, 43.93460463588359, 56.425323338625404, 66.6583748914164, 86.48321414668268, 88.40396490518502, 19.518175865859384, 17.365298327326087, 15.