instance_id,num_cities,city_coordinates,distance_matrix,best_route,total_distance
2585,72,"[[55.42490259108624, 0.3185488149289095], [6.94594811430298, 3.9079412776656386], [62.53411807755018, 29.200646418135445], [21.988993528782707, 7.847312683607033], [43.79607640270966, 92.17198525213335], [30.12672545518752, 16.66759790161999], [56.8395352428841, 87.12103708538056], [89.74351007005811, 94.02396442654052], [21.123238881484596, 28.26054607986289], [87.40248032970098, 77.46830258435124], [72.55659379106405, 80.87232435752027], [73.1460559617135, 66.48721349877715], [54.43212195729955, 15.123247896236458], [30.6902847416481, 59.10103242814293], [53.69956649798462, 58.99286834371005], [72.58372827606038, 99.414573994597], [73.35855775861943, 8.936487476358913], [93.6092233673206, 80.97709197795086], [41.38667285987285, 83.83989025386767], [94.8796085089916, 13.282038593211587], [91.36243882678471, 25.951550492347685], [31.953320201757396, 78.99741325869564], [16.82448683611031, 51.243724147316506], [41.76981668125285, 71.78758510657806], [28.209417001792257, 35.43749519802139], [90.24578554851726, 46.47148733137758], [44.549146862889174, 97.82731860725062], [28.83262241375153, 53.01354340160134], [5.354178034917522, 91.61695500407234], [25.0401637339587, 17.217735978115066], [57.337279033274605, 84.53996322111335], [10.22089844119305, 30.21009885291547], [46.127814991496265, 72.76292838897945], [71.72262127887393, 15.096528767559159], [58.916114407421695, 68.13078524214033], [9.21971128012128, 99.2277842513651], [80.04896006112958, 45.72771176680015], [55.618436369589475, 0.48743278256647704], [67.81818910175778, 99.1859934268851], [98.93491488826372, 31.96403633735604], [2.2782978541597942, 73.87901296683901], [21.987628737339094, 37.40106038504467], [46.122835567878425, 17.597677520106714], [47.83435426018966, 98.87036824956124], [59.56965965689961, 88.68548055163316], [8.497763941446978, 65.4166913248852], [13.31070155982671, 48.30241876452072], [49.299775302692304, 99.85017936512097], [28.292058307946423, 65.09041186731102], [42.40786139443572, 29.62412720646167], [65.83875652584416, 74.56039470227728], [38.30968873749209, 53.844074954117374], [9.652474476730987, 18.63738575145506], [61.43588784297928, 68.72375895515911], [23.145377018586068, 6.232971979083879], [40.37052760593236, 78.54338599670497], [39.75606603205984, 26.620001148512053], [11.695099417709143, 41.008838316149934], [97.50621707244116, 9.998275704506876], [96.69799634371621, 86.74037951719188], [25.3947656789, 55.47113190837165], [62.6379288302598, 37.92549679733492], [18.432644962526723, 81.89690791643359], [17.698859735094054, 54.22628936801471], [34.37249484127168, 88.57345352650606], [6.19201727332479, 44.248321425983825], [48.901223500856005, 66.89528037903132], [70.05253942695828, 74.06679294513265], [74.05269451894789, 40.48380414734227], [44.85939030535562, 8.917992436584331], [70.00166552246003, 47.26096713485478], [81.78811321467224, 1.347435154586163]]","[[0.0, 48.61165256822252, 29.744184419716863, 34.273055017213515, 92.58662637683172, 30.12124121676169, 86.81401474117777, 99.79214264780875, 44.242054025555596, 83.51436992944174, 82.35536168057055, 68.50059461660781, 14.837948924123255, 63.77445962056847, 58.69968106216308, 100.57060955018987, 19.89685539074353, 89.2403660812944, 84.6928944466188, 41.52981924232317, 44.14246578620971, 82.10529148611357, 63.90121735218674, 72.76183422414525, 44.42997919107765, 57.81511587498724, 98.11341523497897, 59.024671278367194, 104.12721272682536, 34.76801521790152, 84.2431233290581, 54.19323532376541, 73.03851018266707, 22.000098315839537, 67.90204687052181, 109.16939387348103, 51.65594144217674, 0.2568601135769178, 99.64118202146048, 53.801097113652126, 90.75077675319118, 49.93159267556215, 19.623881871697808, 98.8437025704726, 88.46408104815174, 80.24914018286456, 63.844010712365815, 99.71992110044489, 70.22524818161668, 32.06649788139591, 74.96866034907693, 56.19530668775827, 49.302078680222536, 68.66880454782601, 32.816888526342424, 79.66027465624884, 30.615009945600676, 59.7326991293335, 43.180251749329926, 95.771608996842, 62.79822087323618, 38.29243115915204, 89.57374502694287, 65.79740725219322, 90.73109763313798, 65.98258799388549, 66.89558710879858, 75.18491385703844, 44.27462442557438, 13.622792682190932, 49.15356197957972, 26.383280339705504], [48.61165256822252, 0.0, 61.071806696589604, 15.550301039402687, 95.64765242074057, 26.460485167299716, 97.02468423273152, 122.37783252691503, 28.17880292257309, 109.01550500592795, 101.13492516922183, 91.09675949633315, 48.79262043378947, 60.08386499400299, 72.25129771733077, 115.88716528369316, 66.60271012984941, 115.97489929826871, 87.03608440258714, 88.4319078776985, 87.24714672366157, 79.14415620316059, 48.355577415237015, 76.29120439675997, 38.029565860601735, 93.54420542841221, 101.16743544294594, 53.762316466503, 87.72345650306208, 22.462218809786016, 95.08316988023664, 26.50525971872129, 79.22264791132197, 65.73584924748937, 82.6164140556807, 95.34695833357745, 84.21961505173103, 48.792530077113724, 113.06342000923269, 96.1723165892308, 70.12658434775256, 36.71568034922544, 41.49984805921248, 103.39112289526402, 99.78219371144094, 61.5283224599266, 44.84840819642532, 104.87497187953811, 64.79931425448876, 43.80490283303984, 91.97897617127194, 58.96864991189081, 14.976041514931891, 84.6772918369314, 16.36542894602704, 81.77806626841348, 39.90415393607565, 37.40362280799626, 90.76483067356592, 122.13370945844497, 54.76423556985263, 65.25941157871628, 78.8303439156893, 51.45445814374183, 88.99699112736982, 40.34742472852267, 75.68123955004921, 94.36475154632761, 76.42714934942106, 38.24303480882856, 76.52129343412506, 74.88595241109815], [29.744184419716863, 61.071806696589604, 0.0, 45.82436018378452, 65.7001044166159, 34.74645883679798, 58.199655743888805, 70.30230131525403, 41.4215487933172, 54.29734867269513, 52.63470642550867, 38.76727112290126, 16.242397922625834, 43.68137824144472, 31.07451992991513, 70.92947406300564, 22.973999042976565, 60.38594607670601, 58.588918800190065, 36.05042061244494, 29.01083765691223, 58.43717298512316, 50.7470951287178, 47.37935794551722, 34.886722211226754, 32.653000778978544, 70.94419867293207, 41.26554098424251, 84.64833796817256, 39.36225037942917, 55.58279518225455, 52.322958086673815, 46.549319989219846, 16.833143669024935, 39.097898401491555, 88.01264684848351, 24.08139486717472, 29.534307013499507, 70.18454390051969, 36.50553837845023, 75.01280096259475, 41.36743389484694, 20.098733314835545, 71.20360381577908, 59.55865600916042, 65.05020735562704, 52.79983371612472, 71.87839963653633, 49.60437401340685, 20.130711464145794, 45.479967014880856, 34.556063821846315, 53.92634519264493, 39.538367875550485, 45.595909809415886, 54.09187269555491, 22.92377335856155, 52.19232907426149, 39.897102014207434, 66.91779631231189, 45.49142671409454, 8.72546794228226, 68.71561617865444, 51.34669605427036, 65.71306755303608, 58.31693447168944, 40.08417697776994, 45.49173291675333, 16.124120179981354, 26.903197846288034, 19.543271200920824, 33.860267370950105], [34.273055017213515, 15.550301039402687, 45.82436018378452, 0.0, 87.09879027437462, 12.000837980454785, 86.59609482127162, 109.62248773570504, 20.431584099118055, 95.53013393800636, 88.82417759968871, 77.81826909138861, 33.24899720965459, 51.987077783065644, 60.17830424509962, 104.61544115541696, 51.38110966972673, 102.35927872823466, 78.42921527851647, 73.09294082129668, 71.69685027356718, 71.84444736993235, 43.70263901992914, 66.93010833782543, 28.282712729903825, 78.42714150118427, 92.7650903329336, 45.68176500077764, 85.40532805986773, 9.854667540775411, 84.44681127535333, 25.270185342509155, 69.25835591476566, 50.2591769034917, 70.69447871015849, 92.26833234155595, 69.32448592264653, 34.42538682340157, 102.19133900085895, 80.63678548684052, 68.9107899118286, 29.55374773295066, 26.02905964519028, 94.62124135678701, 89.14659752840916, 59.12906758034545, 41.37545600372794, 95.97086161287989, 57.589070401993006, 29.852300006495476, 79.83380879883086, 48.80642612879408, 16.389489898442065, 72.53963869284546, 1.9857791130360174, 73.0466671171268, 25.847295749015686, 34.72248606087697, 75.54785035763864, 108.65335289815143, 47.745444196190846, 50.56711481509484, 74.13494566849133, 46.57697635377999, 81.67044092047004, 39.680951302584624, 64.89168368157534, 81.82373745077042, 61.44729071208746, 22.895445045932437, 62.11805558108535, 60.15133517304176], [92.58662637683172, 95.64765242074057, 65.7001044166159, 87.09879027437462, 0.0, 76.7317643776219, 13.987276214422451, 45.984741898567, 67.81393380666468, 46.01865651492621, 30.900642336027307, 39.001651248837504, 77.77938925690592, 35.57315976617414, 34.62561067894732, 29.684743422736446, 88.3294310742431, 51.05560934841797, 8.673467155201468, 93.9848441840548, 81.53345824895132, 17.71497168062841, 49.016213652353386, 20.484860208283404, 58.83660691253649, 65.1621898798308, 5.705252884447532, 41.92002532729631, 38.44590496653606, 77.26528162292223, 15.543871106130341, 70.47388127027696, 19.548618702189124, 81.97876493962266, 28.400613500141592, 35.288940542443406, 58.9180966523135, 92.44363340290799, 25.025151532033796, 81.64121889132016, 45.3691389673308, 58.95305420730532, 74.61059698141884, 7.82151026557175, 16.154307280210798, 44.292399074179464, 53.421877008601506, 9.446976575518105, 31.205547488872284, 62.56326147996677, 28.214320277238805, 38.7185893005648, 81.07479803369758, 29.34249928213991, 88.38532337101456, 14.052512310052089, 65.67636031112242, 60.39983715031492, 98.16973949023205, 53.18002890469801, 41.05558272043519, 57.425577163648576, 27.365687798326412, 46.053670363245665, 10.08728506712386, 60.91586671408416, 25.787096310666932, 31.89357049653131, 59.89266236988933, 83.26078282232908, 51.99742733485671, 98.4504634907494], [30.12124121676169, 26.460485167299716, 34.74645883679798, 12.000837980454785, 76.7317643776219, 0.0, 75.3476031441844, 97.66354719010424, 14.678529147917857, 83.52986164457624, 76.95804458454488, 65.8229207455748, 24.3544106080194, 42.437176682551176, 48.44695400977281, 93.00354370164244, 43.91766606639792, 90.36447625874682, 68.10949475228921, 64.84132845346691, 61.93548552998747, 62.356574078563206, 37.046701046614295, 56.3362633014759, 18.86756784068676, 67.10121617114409, 82.43122287263061, 36.36897657302812, 78.93722338517141, 5.116225371021099, 73.12367742454363, 24.07574051045805, 58.33284639750617, 41.62555474223703, 58.968538793907015, 85.1662351628922, 57.76434649425158, 30.19312949369899, 90.71897283305637, 70.4879277740264, 63.629245898521006, 22.27378194052527, 16.02312662479008, 84.08837952280987, 77.80399601432703, 53.33184869993829, 35.82653417059994, 85.36362046789534, 48.45755788210017, 17.852113364683603, 68.02150457461038, 38.06640689787269, 20.568787453376682, 60.746255465313396, 12.554706055360283, 62.71800885624052, 13.848268134829981, 30.532291484646162, 67.7087568130479, 96.65365399744336, 39.09099250131078, 38.844260970647255, 66.26925685095232, 39.56143514869633, 72.03109488843529, 36.51803069551154, 53.621841295487634, 69.91951239068857, 49.96701350020045, 16.64655515267616, 50.258980156879545, 53.885121989575566], [86.81401474117777, 97.02468423273152, 58.199655743888805, 86.59609482127162, 13.987276214422451, 75.3476031441844, 0.0, 33.62026123195111, 68.84919191381948, 32.05103579803851, 16.913673171793278, 26.29937820095152, 72.03802667239049, 38.32628292396759, 28.302884667094197, 19.9752512876355, 79.91058692339168, 37.27945850265848, 15.797369412602563, 83.06169317090375, 70.23914123847563, 26.178559226028536, 53.74370365589097, 21.49909689063742, 59.08360324592018, 52.615239756992274, 16.299635289068597, 44.13284821544685, 51.68128563381071, 76.79629896066399, 2.6286291434273457, 73.5673309815399, 17.91357686453662, 73.5461491063849, 19.103451156696284, 49.13472256139841, 47.45613533910678, 86.64220955720675, 16.31238830077842, 69.38527018759976, 56.145167451391245, 60.718460703094195, 70.34447510051248, 14.803380267245338, 3.146595410138392, 52.99061688121382, 58.32361863043021, 14.794561268709376, 36.05976825840455, 59.28041713494019, 15.451722259214083, 38.08820578865475, 83.16627443726996, 18.962760870324928, 87.62519828841769, 18.568907096138755, 62.866686485860185, 64.53181355971932, 87.18772467519501, 39.86027874351566, 44.61490816583304, 49.53607324391833, 38.76055658244928, 51.12784864039618, 22.5139383033297, 66.35691994425537, 21.727816909621925, 18.57408866247706, 49.71241644076443, 79.11535922351491, 41.97698000043998, 89.32828404820485], [99.79214264780875, 122.37783252691503, 70.30230131525403, 109.62248773570504, 45.984741898567, 97.66354719010424, 33.62026123195111, 0.0, 95.04508830357047, 16.720357630091492, 21.64152785008974, 32.15195382144422, 86.4419874797269, 68.60681162284592, 50.26274525920085, 17.986572289706505, 86.6507091488339, 13.607520714163906, 49.417598805758054, 80.90511785078374, 68.09166225866018, 59.711835384738485, 84.54190030831552, 52.876571585385065, 84.9636333168387, 47.55512967643193, 45.35411743960442, 73.43017681935659, 84.42365222908244, 100.42768420889207, 33.76551626843479, 101.96104746286197, 48.52175296273367, 80.95858529227687, 40.25897479589103, 80.6917710323145, 49.25964190743874, 99.5670799363252, 22.524791740732887, 62.736883864014814, 89.75512474107458, 88.30069488552141, 87.99852597816422, 42.18844593856972, 30.642464960220007, 86.13505290128649, 89.06421253503487, 40.86123422565172, 67.92224515848129, 79.92498151088058, 30.82641381057592, 65.26761444151657, 109.98959144731124, 37.96606212191521, 110.19332865854884, 51.743016011102, 83.9168566322513, 94.35124801431253, 84.3835054096293, 10.070525729185649, 75.01387738207231, 62.30369655720544, 72.33467344215956, 82.30605434566306, 55.63863223101277, 97.25464813920951, 49.03119283018114, 28.03610205441796, 55.79202860069886, 96.21647819062682, 50.759416287460745, 93.01735008600329], [44.242054025555596, 28.17880292257309, 41.4215487933172, 20.431584099118055, 67.81393380666468, 14.678529147917857, 68.84919191381948, 95.04508830357047, 0.0, 82.54902269049573, 73.57573792217202, 64.55735123840846, 35.80600920688909, 32.29030759669097, 44.784961233727756, 87.8127419980723, 55.695132454350215, 89.62841155741897, 59.158010914913106, 75.26192760723782, 70.27714187115902, 51.87986461553498, 23.38173952527678, 48.175557093562176, 10.085758226200102, 71.48122018406113, 73.40510203405852, 25.925768471881007, 65.2893393423029, 11.716908945758394, 66.92405769134396, 11.07527801415989, 51.04596808395485, 52.28373409384477, 54.935757129361356, 71.95861910186395, 61.460088624050805, 44.2861656950319, 84.91665006021499, 77.89976099495628, 49.35763693129449, 9.181294657407362, 27.178605564027567, 75.4932491790552, 71.61913135718692, 39.24260117437059, 21.5107508030364, 76.93499072992324, 37.52107389042401, 21.328256117358546, 64.36733255822801, 30.82030188549218, 14.972763630526087, 57.11725888454589, 22.120195826683602, 53.840710557579214, 18.70490939018404, 15.855874895135134, 78.53578723475529, 95.55854166076874, 27.543818223181763, 42.6248842099788, 53.70380439689791, 26.190574584083407, 61.751029045314695, 21.875793453724384, 47.58423188285565, 67.02453807189816, 54.32251201723273, 30.619262986885282, 52.44155404985817, 66.36672748853674], [83.51436992944174, 109.01550500592795, 54.29734867269513, 95.53013393800636, 46.01865651492621, 83.52986164457624, 32.05103579803851, 16.720357630091492, 82.54902269049573, 0.0, 15.231142811696374, 17.995275859665544, 70.52623891339026, 59.61232877021921, 38.434724808802194, 26.48082780502619, 69.95599647763284, 7.129885142390222, 46.4548346949015, 64.62030587168258, 51.66872378342219, 55.47024011439578, 75.29264027633454, 45.984894723318405, 72.59757238150992, 31.126948780667984, 47.443626786307625, 63.47017806009998, 83.25928341482556, 86.71325912200564, 30.885671648131094, 90.50046631224805, 41.54200940131891, 64.31248828110192, 29.97769626862751, 81.15430006276334, 32.581273237666736, 83.28433085459496, 29.243846505423534, 46.942893961972125, 85.19982066933953, 76.71040807027832, 72.72207929676934, 44.98538668713099, 30.008182020142346, 79.81976949515757, 79.62562690664258, 44.190095480829086, 60.3925009433532, 65.67785662397932, 21.75890880856963, 54.481247392485066, 97.49943684727627, 27.399470225796637, 95.93460091321084, 47.04423855643031, 69.68307222225802, 84.02916195748755, 68.22235721032744, 13.129281344206518, 65.79386136991303, 46.65743778303911, 69.11187116380563, 73.4764309309133, 54.18028920512573, 87.74227292470447, 39.92662740521505, 17.680235212076823, 39.32009544533308, 80.67874274041823, 34.8607439810785, 76.32763311122771], [82.35536168057055, 101.13492516922183, 52.63470642550867, 88.82417759968871, 30.900642336027307, 76.95804458454488, 16.913673171793278, 21.64152785008974, 73.57573792217202, 15.231142811696374, 0.0, 14.397183060201602, 68.2014481867113, 47.18873791166043, 28.884218421002817, 18.542269491190886, 71.9403070190718, 21.05289026070679, 31.310867413820954, 71.1812033882381, 58.05128085974472, 40.64653881693474, 63.118315060325315, 32.09919207810073, 63.49012356210827, 38.6823615247464, 32.73971462067013, 51.84493561915104, 68.05594589154423, 79.43373179653146, 15.655002923359863, 80.32683242747319, 27.6449389909088, 65.78108235384573, 18.66573054676213, 65.94303294601723, 35.93437555428811, 82.1500576405868, 18.916737397919597, 55.56830446369864, 70.62538696532661, 66.68561327579968, 68.57422625302631, 30.579710779563648, 15.156050538274474, 65.8969671088258, 67.6082428155938, 30.017304790580123, 46.993806649225625, 59.45858875181345, 9.217906133971688, 43.62770646688777, 88.48794160795332, 16.46990413205901, 89.51257602375884, 32.27021553014721, 63.39707560167028, 72.75451200254481, 75.13730414615861, 24.84434319047596, 53.56732781014927, 44.07731743299473, 54.13364580612802, 60.98673762727012, 38.952956281711636, 75.7995686472427, 27.476067803517147, 7.251589209503791, 40.41622053280009, 77.10097900232499, 33.70832230781205, 80.0589092706577], [68.50059461660781, 91.09675949633315, 38.76727112290126, 77.81826909138861, 39.001651248837504, 65.8229207455748, 26.29937820095152, 32.15195382144422, 64.55735123840846, 17.995275859665544, 14.397183060201602, 0.0, 54.666884750647206, 43.09348188181977, 20.84061327711342, 32.932161812546255, 57.55111834466065, 25.073846904915133, 36.19079724980012, 57.47293226430266, 44.44070859085929, 43.05051192985551, 58.3479486904055, 31.820784568666813, 54.62038564099121, 26.325463831623857, 42.426234787176035, 46.31652166017188, 72.29967234341082, 68.85969998618485, 23.996233048344312, 72.63335663461591, 27.73751867972029, 51.410394313210176, 14.324544136346628, 71.82285511976637, 21.877088406954236, 68.2875428109264, 33.129992062544325, 43.09193667094086, 71.25221286785965, 58.8488655712844, 55.860909128508595, 41.1017147408737, 26.020791624684996, 64.6571548930391, 62.53763983335503, 41.00893308375177, 44.875741334509556, 47.997122166339544, 10.889117493626566, 37.05970093835445, 79.50497409117564, 11.921835972176527, 78.29841323990695, 34.92257943366161, 52.00275038960442, 66.52343693856945, 61.517619772432234, 31.062592125044542, 49.00550762189889, 30.433409219872775, 56.84202692736673, 56.78663425431687, 44.62276370332851, 70.55077332894092, 24.24826632223033, 8.186566382459661, 26.019210045113883, 64.14320437631879, 19.481677044872363, 65.71054615732356], [14.837948924123255, 48.79262043378947, 16.242397922625834, 33.24899720965459, 77.77938925690592, 24.3544106080194, 72.03802667239049, 86.4419874797269, 35.80600920688909, 70.52623891339026, 68.2014481867113, 54.666884750647206, 0.0, 49.97719846799423, 43.875736298167865, 86.22359576920599, 19.9119556205423, 76.62619692526717, 69.9439824363765, 40.48937169241891, 38.485067769117016, 67.71414570911861, 52.144252070706166, 58.061872914943976, 33.17075366375722, 47.5954894449868, 83.29247570392637, 45.72755045226006, 90.88416697504498, 29.466490943574286, 69.4774805539974, 46.71450905853742, 58.23482018078004, 17.290519966189606, 53.1968533258326, 95.48683215372148, 39.91059512513533, 14.683815101203686, 85.12186546209225, 47.58267262328611, 78.56374034892356, 39.35665216436173, 8.66989286351947, 84.00661108543358, 73.74141554690637, 68.11310959161395, 52.837757285983464, 84.88223546959699, 56.391669623309475, 18.837684115977737, 60.52177899420312, 41.94323903769801, 44.917323978054064, 54.056151568152735, 32.525334967425266, 64.96031367215602, 18.643013513498108, 49.96515672883429, 43.37790923908467, 83.1589903694219, 49.710359120563844, 24.23381565878489, 75.8596336426037, 53.650539660183476, 76.14014281023492, 56.35048897777228, 52.06663216624498, 60.97818417153527, 32.064383371778874, 11.407996607628867, 35.710554247836704, 30.62879812148145], [63.77445962056847, 60.08386499400299, 43.68137824144472, 51.987077783065644, 35.57315976617414, 42.437176682551176, 38.32628292396759, 68.60681162284592, 32.29030759669097, 59.61232877021921, 47.18873791166043, 43.09348188181977, 49.97719846799423, 0.0, 23.00953598862093, 58.139850746292865, 65.8563823214604, 66.61347325585031, 26.952250468135713, 78.86475436945406, 69.13753274410487, 19.93642968858464, 15.937303566700349, 16.843534274712997, 23.793228006809116, 60.879907077033415, 41.131415007530656, 6.364623474546659, 41.22139643460267, 42.26268317230284, 36.84021586076165, 35.40736954880244, 20.61467296514059, 60.16684289638678, 29.635011324498574, 45.509798248830805, 51.13828834449866, 63.69432319286826, 54.63776514869667, 73.44212756095605, 32.02545405918373, 23.380013006852273, 44.2797029532335, 43.30726487938636, 41.34317194250029, 23.073697726358457, 20.46118199493903, 44.79738960065664, 6.451678548535639, 31.72049091773224, 38.39800711869504, 9.256938972230317, 45.60587860263724, 32.21628432762423, 53.40372129538243, 21.71893676487188, 33.7224818688355, 26.232509473491472, 82.91833048906437, 71.5608237686705, 6.42017911957013, 38.32825683571098, 25.88245877486043, 13.875887128511316, 29.7015534377751, 28.64905117212726, 19.80880086253453, 42.11129399297902, 47.19003889120996, 52.145000290246976, 41.055715863242675, 77.11333265197906], [58.69968106216308, 72.25129771733077, 31.07451992991513, 60.17830424509962, 34.62561067894732, 48.44695400977281, 28.302884667094197, 50.26274525920085, 44.784961233727756, 38.434724808802194, 28.884218421002817, 20.84061327711342, 43.875736298167865, 23.00953598862093, 0.0, 44.615309634558, 53.778408333856746, 45.56409551640907, 27.730521948699522, 61.5245952161195, 50.10210212566188, 29.54794485631534, 37.68050869940686, 17.49353331182204, 34.70739583101657, 38.63173707388156, 39.897928602494474, 25.575715725111163, 58.32330251338387, 50.66086310904738, 25.804786555297294, 52.14252003454458, 15.714514772220403, 47.45228268291936, 10.522067160689959, 59.97754561749053, 29.500083392347232, 58.536894791091164, 42.60073717882744, 52.69529868610323, 53.532645840469286, 38.364738594951234, 42.082878643336194, 40.306521970216444, 30.267296103623877, 45.655979411832654, 41.77973340266726, 41.09352779285903, 26.12894007511721, 31.46467161964697, 19.741018501008757, 16.22832125796183, 59.73869173979775, 12.431448026879549, 60.96855877539737, 23.66191070657456, 35.24803165683399, 45.69245660642608, 65.72284794828961, 51.174108155597594, 28.523049923317163, 22.885114486409112, 42.051763141835444, 36.314888992797094, 35.33478057920223, 49.74302862856771, 9.245118252033539, 22.24056938356387, 27.510639353947845, 50.84920758704863, 20.084719031595686, 64.12458517774044], [100.57060955018987, 115.88716528369316, 70.92947406300564, 104.61544115541696, 29.684743422736446, 93.00354370164244, 19.9752512876355, 17.986572289706505, 87.8127419980723, 26.48082780502619, 18.542269491190886, 32.932161812546255, 86.22359576920599, 58.139850746292865, 44.615309634558, 0.0, 90.4814041708506, 27.964480809533317, 34.868711479841274, 88.97145570368131, 75.82516595458212, 45.471865068413656, 73.68530234020818, 41.38535565621415, 77.85978494967017, 55.81145664220483, 28.07947888897486, 63.77471994659856, 67.68024296312582, 94.95636213164845, 21.30042863830395, 93.15783340464847, 37.552970071724154, 84.3224421857515, 34.139114041968625, 63.364292312546475, 54.20340267429019, 100.37131262396043, 4.771017993861292, 72.41519223285985, 74.79918732052548, 80.03524947630466, 85.98943767481782, 24.755356472294775, 16.866517961098996, 72.54561910081705, 78.2671330020895, 23.288027355378247, 56.034811807523205, 76.03479075360886, 25.753152665372635, 57.02087485377349, 102.39773847709529, 32.652725370272314, 105.484413679154, 38.38354837501725, 79.85427505306242, 84.37212267325427, 92.82459182624021, 27.242120513826602, 64.48119333093676, 62.28824561012249, 56.91404439024959, 71.09381029493474, 39.71936874638838, 86.32018716577706, 40.22891360306601, 25.473847787906, 58.94907545172232, 94.6481388596728, 52.21748516104621, 98.49814425847883], [19.89685539074353, 66.60271012984941, 22.973999042976565, 51.38110966972673, 88.3294310742431, 43.91766606639792, 79.91058692339168, 86.6507091488339, 55.695132454350215, 69.95599647763284, 71.9403070190718, 57.55111834466065, 19.9119556205423, 65.8563823214604, 53.778408333856746, 90.4814041708506, 0.0, 74.83273451204509, 81.44151994915373, 21.955396601047177, 24.77200240099111, 81.38136776079814, 70.61163820365385, 70.34279661895911, 52.352156797436784, 41.15889547283976, 93.44282752196516, 62.65257997379122, 107.05445050163358, 49.02291584422746, 77.28238425852854, 66.62529973729315, 69.39256380349029, 6.3735701827981845, 60.93069060774341, 110.7533742190485, 37.39459409806431, 19.64938757611071, 90.4194061535907, 34.415375205984844, 96.28050147962043, 58.729926437748155, 28.579726664633057, 93.48576295435485, 80.93229026402103, 86.0054416962371, 71.8012644753222, 94.04320489065856, 72.00175412614804, 37.228000792822876, 66.05334669928837, 56.96590763546797, 64.44045681450953, 60.96448055053915, 50.28590772846069, 77.02811470480336, 37.97149070061291, 69.50552339887687, 24.170991799631125, 81.22915123383413, 66.82812643700562, 30.907839556190517, 91.3240321453036, 71.7577043909256, 88.66769120411159, 75.88326414729802, 62.90773302012112, 65.21415833747345, 31.554952305166676, 28.499173454605092, 38.47121607877311, 11.34244772213097], [89.2403660812944, 115.97489929826871, 60.38594607670601, 102.35927872823466, 51.05560934841797, 90.36447625874682, 37.27945850265848, 13.607520714163906, 89.62841155741897, 7.129885142390222, 21.05289026070679, 25.073846904915133, 76.62619692526717, 66.61347325585031, 45.56409551640907, 27.964480809533317, 74.83273451204509, 0.0, 52.3009597949361, 67.70697254471565, 55.07139236078408, 61.68767723778209, 82.3405667136144, 52.64761269138928, 79.69309598407608, 34.66914285047405, 51.87312641512392, 70.55471692296544, 88.8940926712183, 93.63210676107494, 36.44650871163773, 97.62633008027505, 48.18668514038068, 69.42097636807202, 36.995126787915574, 86.3404743951203, 37.76770506932469, 89.00497252455114, 31.57121379460148, 49.3015477789926, 91.60633537446259, 83.83628896085128, 79.19537362282088, 49.14781762710471, 34.90144913894959, 86.52217400231028, 86.6919077773296, 48.16140171668336, 67.22141516162338, 72.5169391156314, 28.502154875047236, 61.5973955869178, 104.57042916945173, 34.427716870702916, 102.72213547557847, 53.29429285746092, 76.51702998951416, 91.14485725045803, 71.08571529862428, 6.538807365237383, 72.8269609196779, 53.034525857190474, 75.18220535480991, 80.48595372518504, 59.72181105128331, 94.81967363126272, 46.873261780755804, 24.54932974622917, 44.96847984899809, 87.00034511587886, 41.15937149463872, 80.50230363814366], [84.6928944466188, 87.03608440258714, 58.588918800190065, 78.42921527851647, 8.673467155201468, 68.10949475228921, 15.797369412602563, 49.417598805758054, 59.158010914913106, 46.4548346949015, 31.310867413820954, 36.19079724980012, 69.9439824363765, 26.952250468135713, 27.730521948699522, 34.868711479841274, 81.44151994915373, 52.3009597949361, 0.0, 88.54323574010556, 76.4763823956437, 10.60366567848799, 40.814348299486426, 12.058393696974944, 50.164050066671564, 61.511059409664036, 14.340480945936765, 33.28464875674654, 36.862222117491896, 68.59824925569, 15.965961902072493, 62.02789711755254, 12.048963144953282, 75.13933400634835, 23.538421808575194, 35.65810846008844, 54.28913888304503, 84.55870894888105, 30.563506563251583, 77.47841234902474, 40.35695815983565, 50.32780377140948, 66.41130916539399, 16.3550562279382, 18.817565044251833, 37.69740824806625, 45.289866905271, 17.85907465958052, 22.86945277070438, 54.225379563776194, 26.15365047750785, 30.15322149930446, 72.51500493282573, 25.10913074717274, 79.72188305652541, 5.393098230446794, 57.24311825762206, 52.11610637377734, 92.74689904186974, 55.38732114393168, 32.56574189773666, 50.593946345390016, 23.036114626293326, 37.921996889154364, 8.461992350073293, 52.97316399941391, 18.536134309674758, 30.286058460089347, 54.28461267714456, 75.002336890257, 46.441742232894036, 91.8546761523298], [41.52981924232317, 88.4319078776985, 36.05042061244494, 73.09294082129668, 93.9848441840548, 64.84132845346691, 83.06169317090375, 80.90511785078374, 75.26192760723782, 64.62030587168258, 71.1812033882381, 57.47293226430266, 40.48937169241891, 78.86475436945406, 61.5245952161195, 88.97145570368131, 21.955396601047177, 67.70697254471565, 88.54323574010556, 0.0, 13.148650665972783, 90.98476920644524, 86.79684089572062, 79.01613101647938, 70.25509727396471, 33.51136856012251, 98.39237644331016, 77.07656483396191, 118.95865597200067, 69.95025203950594, 80.54264910430386, 86.33456095040816, 76.90717536139772, 23.227966595650088, 65.58778786444947, 121.34368211817473, 35.67449846979487, 41.293359945753494, 90.06558652670859, 19.117074816560812, 110.6661467578533, 76.77869448763711, 48.94739673341778, 97.6658493061848, 83.26146495897369, 100.89521835222739, 88.76887747529841, 97.83437121901066, 84.36829607788184, 54.957693778917076, 67.81156251950361, 69.60915612688703, 85.3952230428507, 64.7477166290723, 72.07974269966215, 85.03107294287018, 56.7142502404175, 87.6837383762439, 4.2050173905491635, 73.48084366432651, 81.28999309803031, 40.58110324725438, 102.72360258342462, 87.36875673150816, 96.59144872635412, 93.93827500898644, 70.6285465144308, 65.65949832908747, 34.25925270070217, 50.21022931631092, 42.11270155284756, 17.715022107760284], [44.14246578620971, 87.24714672366157, 29.01083765691223, 71.69685027356718, 81.53345824895132, 61.93548552998747, 70.23914123847563, 68.09166225866018, 70.27714187115902, 51.66872378342219, 58.05128085974472, 44.44070859085929, 38.485067769117016, 69.13753274410487, 50.10210212566188, 75.82516595458212, 24.77200240099111, 55.07139236078408, 76.4763823956437, 13.148650665972783, 0.0, 79.64488013945899, 78.71213588232237, 67.5305134026569, 63.86146970268592, 20.55029738036999, 85.77651395693476, 68.13464170939866, 108.20982521994141, 66.8948704270926, 67.75185314845703, 81.25321415356994, 65.09590074729215, 22.44000735206776, 53.215146456668414, 110.07649214392481, 22.783576464946915, 43.8868431582584, 76.92603803034736, 9.669145760515685, 101.1584194818913, 70.31326725255776, 46.00444431421362, 84.92260081477941, 70.33012717199082, 91.78263280591129, 81.18888472512891, 85.03102382082022, 74.22751086032491, 49.09214266357606, 54.90244159984647, 59.938194941851215, 82.03667033677054, 52.202109828746416, 71.00978707422902, 73.25350620736637, 51.610701790499284, 81.07778293176047, 17.095408377343862, 61.02253606847412, 72.27129158610227, 31.12029666721024, 91.91647213852306, 78.9036358039661, 84.67205238501927, 87.11356113827526, 58.9859629402504, 52.62307829005258, 22.60118678954255, 49.52449516981924, 30.172402519565928, 26.401329558956398], [82.10529148611357, 79.14415620316059, 58.43717298512316, 71.84444736993235, 17.71497168062841, 62.356574078563206, 26.178559226028536, 59.711835384738485, 51.87986461553498, 55.47024011439578, 40.64653881693474, 43.05051192985551, 67.71414570911861, 19.93642968858464, 29.54794485631534, 45.471865068413656, 81.38136776079814, 61.68767723778209, 10.60366567848799, 90.98476920644524, 79.64488013945899, 0.0, 31.609316004883773, 12.179705460930236, 43.720513178865644, 66.75288288630374, 22.654363480636952, 26.170598912414647, 29.440910275924963, 62.165265681415306, 25.982017359051568, 53.40880266873146, 15.484996097353546, 75.26566512635034, 29.07018878210441, 30.431642826225055, 58.4813099275509, 81.99911437082216, 41.156622679972514, 81.84541875616628, 30.113202634029065, 42.77349154269816, 63.01351215794351, 25.438977629497128, 29.266377513695303, 27.103489216779213, 35.91280992662493, 27.12447896012071, 14.380873629757208, 50.467997851560646, 34.174697197542805, 25.944052282298586, 64.34796531924121, 31.221303103294684, 73.29559180368244, 8.429443708782244, 52.95541654875645, 43.05261125066233, 95.17385813005777, 65.20603204617916, 24.423360776189167, 51.268387223447526, 13.828077530698051, 28.57968197869129, 9.876889851931912, 43.25672331289911, 20.825298232501975, 38.41694316634832, 57.05835087593262, 71.2579249507138, 49.54673141807528, 92.26605927538439], [63.90121735218674, 48.355577415237015, 50.7470951287178, 43.70263901992914, 49.016213652353386, 37.046701046614295, 53.74370365589097, 84.54190030831552, 23.38173952527678, 75.29264027633454, 63.118315060325315, 58.3479486904055, 52.144252070706166, 15.937303566700349, 37.68050869940686, 73.68530234020818, 70.61163820365385, 82.3405667136144, 40.814348299486426, 86.79684089572062, 78.71213588232237, 31.609316004883773, 0.0, 32.31593576235152, 19.47956643447153, 73.5762281504284, 54.20966746262214, 12.137857316835214, 41.971010874264415, 35.00378862038331, 52.43973558352533, 22.0458788147525, 36.3560337795068, 65.72993913825039, 45.352816274431, 48.58294593091197, 63.46463902964538, 63.88404834940822, 69.99156273746263, 84.34351638956844, 26.90628019332697, 14.774213154260979, 44.61445608823079, 56.83228929139544, 56.824597861483646, 16.4379838417292, 4.582353578969094, 58.457094093259066, 17.978764036404623, 33.4950149376977, 54.27767274843808, 21.641989859104203, 33.38579136202282, 47.91376333246073, 45.45240877499208, 36.05117991169052, 33.64795772022362, 11.448296959158007, 90.61307086274326, 87.40589261319464, 9.556184166360435, 47.71002669352741, 30.695339185987542, 3.108089970093493, 41.24853064622708, 12.727335472799842, 35.69157109926616, 57.91474813865572, 58.230950816518835, 50.76833045687815, 53.32611636393822, 81.91405500583798], [72.76183422414525, 76.29120439675997, 47.37935794551722, 66.93010833782543, 20.484860208283404, 56.3362633014759, 21.49909689063742, 52.876571585385065, 48.175557093562176, 45.984894723318405, 32.09919207810073, 31.820784568666813, 58.061872914943976, 16.843534274712997, 17.49353331182204, 41.38535565621415, 70.34279661895911, 52.64761269138928, 12.058393696974944, 79.01613101647938, 67.5305134026569, 12.179705460930236, 32.31593576235152, 0.0, 38.79708076423881, 54.68842989320044, 26.187638248696715, 22.799904329958807, 41.46447453606669, 57.07670033945657, 20.12384236813868, 52.19216038153125, 4.465808302044545, 64.11744202708874, 17.531905514318023, 42.573159275890546, 46.307772742623115, 72.6326096784319, 37.804635750706446, 69.6689564267458, 39.546859922948634, 39.670745421191086, 54.36446318743177, 27.75348192238571, 24.54329400120724, 33.87650780552854, 36.8981608160717, 29.05528305420884, 15.04998671647208, 42.1682852763888, 24.228131135037156, 18.274081152787243, 62.1004618482961, 19.90330087257404, 68.14893289732237, 6.899192386312384, 45.21245218173935, 43.03277672276545, 83.2133708303644, 56.927067215147645, 23.116421442319247, 39.7758611387172, 25.43269532517495, 29.796141970414787, 18.343547885166554, 44.99100859927528, 8.648214195650953, 28.37441090633904, 44.967887473477724, 62.94546169240227, 37.397757661705214, 81.01406533865456], [44.42997919107765, 38.029565860601735, 34.886722211226754, 28.282712729903825, 58.83660691253649, 18.86756784068676, 59.08360324592018, 84.9636333168387, 10.085758226200102, 72.59757238150992, 63.49012356210827, 54.62038564099121, 33.17075366375722, 23.793228006809116, 34.70739583101657, 77.85978494967017, 52.352156797436784, 79.69309598407608, 50.164050066671564, 70.25509727396471, 63.86146970268592, 43.720513178865644, 19.47956643447153, 38.79708076423881, 0.0, 63.00999924507266, 64.49400620963493, 17.587093433539877, 60.65058657863619, 18.49334454086213, 57.091897082544385, 18.732657914824816, 41.403586190209445, 48.032841491881676, 44.852563800409186, 66.55681708814511, 52.85098657199558, 44.41577653884346, 75.05148801790973, 70.81074048296638, 46.369960412092574, 6.524280607958007, 25.281409365481142, 66.39930380635633, 61.796543298194834, 35.878983636446364, 19.684460373414677, 67.77755598183563, 29.653031827813454, 15.342459730313118, 54.28230336524493, 20.995658300050977, 25.03205531503625, 47.031624673936065, 29.64032181669037, 44.78850781924045, 14.5283620942387, 17.428785081234867, 73.8186994498731, 85.5726091675438, 20.230394507071605, 34.518293391781654, 47.47696601139889, 21.52883184055553, 53.49218256850193, 23.71490142552716, 37.65292956317297, 56.94795464915668, 46.12018351575525, 31.313026645842466, 43.43255144536577, 63.50440049033687], [57.81511587498724, 93.54420542841221, 32.653000778978544, 78.42714150118427, 65.1621898798308, 67.10121617114409, 52.615239756992274, 47.55512967643193, 71.48122018406113, 31.126948780667984, 38.6823615247464, 26.325463831623857, 47.5954894449868, 60.879907077033415, 38.63173707388156, 55.81145664220483, 41.15889547283976, 34.66914285047405, 61.511059409664036, 33.51136856012251, 20.55029738036999, 66.75288288630374, 73.5762281504284, 54.68842989320044, 63.00999924507266, 0.0, 68.74303014270451, 61.76062745668392, 96.14935401566352, 71.46716088149678, 50.32075772115482, 81.66036561139956, 51.35791272000377, 36.4348135639736, 38.087707725674015, 96.68739098795409, 10.223915693642116, 57.56376102989993, 57.28713848039539, 16.910561877914624, 92.13821874073435, 68.85817755537937, 52.73074632518867, 67.41195906812474, 52.18281252786361, 83.91459819975097, 76.95686751849857, 67.27451611334281, 64.6910246469619, 50.7178521878664, 37.2114200616503, 52.456774588409026, 85.26440640897674, 36.40293667030334, 78.24067319904935, 59.297116614877716, 54.25212696769632, 78.74040148414471, 37.18882940201378, 40.782529372495006, 65.47250094995388, 28.900306344116498, 80.07551176515422, 72.96021792460438, 69.95998979382513, 84.08316376006945, 46.11403401749082, 34.19456215310263, 17.26466179814419, 58.90831734128678, 20.25950823661596, 45.909827990970314], [98.11341523497897, 101.16743544294594, 70.94419867293207, 92.7650903329336, 5.705252884447532, 82.43122287263061, 16.299635289068597, 45.35411743960442, 73.40510203405852, 47.443626786307625, 32.73971462067013, 42.426234787176035, 83.29247570392637, 41.131415007530656, 39.897928602494474, 28.07947888897486, 93.44282752196516, 51.87312641512392, 14.340480945936765, 98.39237644331016, 85.77651395693476, 22.654363480636952, 54.20966746262214, 26.187638248696715, 64.49400620963493, 68.74303014270451, 0.0, 47.4898261624825, 39.68392870557741, 82.93675442388813, 18.441532950510318, 75.83216367088397, 25.114056822306654, 87.07916685025972, 32.98929902757497, 35.35718205142049, 63.04447454011713, 97.96725239867499, 23.30867486537491, 85.41535994815958, 48.58339241927603, 64.50081226516636, 80.24507340087702, 3.4468159509324208, 17.58377114359052, 48.478355700094276, 58.5538740766557, 5.16337449918153, 36.55130628558648, 68.23679667679355, 31.537235573220524, 44.423603635336356, 86.5379870885166, 33.64787074023411, 94.06192480376244, 19.73147018908313, 71.36845019699139, 65.63328527599649, 102.55921246963345, 53.31437630283812, 46.48587818049531, 62.573415195352446, 30.59165991393296, 51.205348056289445, 13.754936034082998, 65.89368960151519, 31.23670213090295, 34.856643728523, 64.48827781005666, 88.90986745640508, 56.61083471691325, 103.41715779303232], [59.024671278367194, 53.762316466503, 41.26554098424251, 45.68176