instance_id,num_cities,city_coordinates,distance_matrix,best_route,total_distance
882,86,"[[79.36039842598208, 68.26640557270778], [54.3508166892559, 53.99652449999284], [31.264486772749056, 96.33258849893882], [83.53408691156683, 9.133208427807771], [81.1403516536446, 45.6035646021884], [61.185318439909096, 41.35459465271716], [88.91652379303189, 83.63935839648484], [5.871931741869318, 17.389281401382217], [97.80691936859361, 86.16490564311826], [17.362671842025446, 93.45472172342554], [33.08469146469305, 56.25903068583895], [58.2126567258332, 45.68045327704214], [4.637148292027293, 51.52955835354713], [51.625048351463846, 57.17508010186727], [73.82067933596474, 11.808303819567357], [66.2331712459746, 5.297416714366021], [2.1267125161055778, 74.93553280947405], [96.31592221607632, 86.1615096122197], [59.80064764937742, 27.17008327211653], [32.378646564938165, 25.25579622960734], [26.859447991076024, 19.61358461053665], [97.38531612810088, 1.7511455564682143], [82.60485361339882, 81.96007788485021], [36.726010113664664, 28.44176896682029], [22.27595145726493, 1.5208789504522313], [34.634319465758466, 6.608279546281636], [0.5509038998926852, 97.04528297461452], [50.151578656693985, 3.3834800008845978], [74.68516408965904, 50.56465603194199], [57.09729285234649, 75.48035158612113], [81.03735862315841, 18.116733153873255], [14.884309239490657, 55.79608091799104], [4.354420071039322, 64.14170682187155], [45.81032653614587, 45.93599032080571], [54.79142329973282, 77.05624056648219], [39.84561758054096, 7.176127548680844], [71.8606529050474, 79.50597124940786], [13.821550565691865, 42.90447068785825], [51.30175631409523, 72.62154256542277], [69.3161183826828, 38.954032804535785], [97.01290800134676, 15.106642742049347], [98.73580218906118, 2.795035777346322], [68.35576304539212, 79.58617073309348], [61.23833721885477, 31.03455307846872], [36.74333374656258, 8.532277503702845], [86.8885663247512, 48.41319997125102], [45.949024308755384, 76.22312473280931], [15.115831694199978, 35.75829612249094], [57.32221417263704, 15.726464417133535], [73.81265488301642, 22.331462197161656], [88.2316040769398, 86.2135990370144], [10.676477784093096, 98.90693810321616], [31.691284970989166, 60.385446869319146], [81.97669655184518, 73.99904948498204], [33.897402367903936, 47.03124554276117], [50.26693979124054, 15.531352366799789], [44.01086360913693, 16.012060458865783], [67.16382979696249, 42.39167077176885], [6.8135013959150665, 35.31328897251683], [80.57739441721337, 24.836441474866188], [76.05431162907482, 17.12890915544523], [4.752492296315635, 5.817719433742729], [14.585617702480535, 76.756454445264], [26.797096129041297, 80.41643514762401], [73.45128185575749, 94.19546518312222], [95.83574147492564, 71.0766615980155], [36.57964763561134, 29.453908523619752], [47.586685038585365, 91.38255206142462], [29.170142055600866, 92.47821364818256], [34.0679509430492, 14.708371070933712], [28.709853151378173, 90.07107806441196], [5.912800105985427, 96.94648896445057], [72.38176944050048, 47.096583660419924], [71.36295246486434, 41.47184809516625], [28.11145768529164, 47.62430363197663], [59.938796106774284, 16.77713335562263], [0.4221753064273637, 26.73259473111407], [58.722027663718066, 18.483806857144668], [18.470806013022244, 98.74572800202372], [67.66081654457786, 32.88437806865804], [4.829031252395854, 27.818234203912162], [44.33427435494337, 47.26934164750676], [90.61236124150952, 85.53358025338036], [79.78248176316067, 95.8114020379023], [96.71072640604157, 70.80286407279576], [60.61787306678406, 49.968470115218]]","[[0.0, 28.794247419847878, 55.685970780837245, 59.280306005892996, 22.73263280721611, 32.474283664054504, 18.10102788663803, 89.38141025697922, 25.70273214381478, 66.9191256076135, 47.808138495876435, 30.941108902531276, 76.57470969856236, 29.87084104032215, 56.72923180481347, 64.32276153336, 77.5210906613525, 24.652069600368392, 45.51364143942957, 63.69613429398603, 71.57825636424474, 68.9142762654888, 14.072780494823736, 58.341175404309965, 87.827099518352, 76.17182316478191, 83.89970328893716, 71.15440382065962, 18.3087343337418, 23.402711100795276, 50.17770261001719, 65.67096065825771, 75.11930463447656, 40.30204423023178, 26.093978960136305, 72.7560305013691, 13.511995392229617, 70.27494802529287, 28.394623001340676, 30.985524989718854, 56.01402930088315, 68.27815561263579, 15.787307659826428, 41.40796955354904, 73.37833643558642, 21.232594861810274, 34.34573190651224, 72.00098287233085, 56.97479251226449, 46.26874194673058, 20.01999108258629, 75.20853135445769, 48.31618660107091, 6.30144603312048, 50.17784403573226, 60.22802646576895, 63.08808282904031, 28.605212590388227, 79.68036246376472, 43.447012104199786, 51.244255773054455, 97.29428584216078, 65.32880794592919, 53.94927216405167, 26.593867543494465, 16.713302112633254, 57.7633323603588, 39.292812204171, 55.724980796840285, 70.14177684295898, 55.144550765104455, 78.84856931062792, 22.29041548098615, 27.9626081100865, 55.249889588797714, 55.03038969597212, 89.19809702172962, 53.89108908340469, 68.09208147770619, 37.26617885559257, 84.79964186152785, 40.83755699008911, 20.609754696620538, 27.548230153879253, 17.534751288179248, 26.19344763192969], [28.794247419847878, 0.0, 48.22158172371214, 53.519906482179124, 28.073492113635563, 14.371110063009093, 45.535543358996435, 60.747778008933956, 54.06697333351045, 54.08393650024943, 21.386140753015262, 9.169015707986329, 49.77484050679937, 4.187245961908259, 46.464196061720344, 50.127771234393336, 56.26543455508524, 52.873966648502446, 27.374415179992443, 36.177420050137584, 44.022288767637036, 67.68713144242733, 39.7523699975058, 31.043185036126964, 61.50195407864212, 51.32627029657539, 68.90302041528658, 50.786945896783614, 20.621915657433078, 21.658669340037594, 44.716115075339616, 39.507513381430805, 51.01533494107609, 11.743601803076144, 23.063925061712784, 49.015817568024815, 30.94068903184098, 42.01969859822848, 18.87294537450279, 21.218784394568424, 57.727609843713466, 67.76148895377982, 29.171364671086184, 23.97269427095203, 48.75470449625246, 33.01331040861283, 23.76156293501069, 43.26681201466291, 38.38524067594086, 37.16771874250956, 46.753049587523634, 62.64497688414933, 23.54299697855849, 34.10704097334351, 21.606880116132913, 38.681358788883244, 39.36666277690726, 17.2871609858801, 51.07699712271306, 39.219176704169534, 42.78157025865539, 69.14615708916195, 45.817960032846194, 38.1735405135443, 44.50598388556864, 44.863460274035106, 30.30106348788665, 37.99300638027662, 45.98811558113575, 44.2148577148444, 44.25869887403966, 64.73747676593031, 19.306072638090342, 21.12534692480472, 27.002021400808154, 37.63653266612418, 60.42863748124792, 35.78072944706296, 57.35735680967886, 24.95754040539238, 56.015266808971596, 12.06590690606628, 48.05710664311104, 48.94132785225216, 45.572085765856656, 7.449913943517748], [55.685970780837245, 48.22158172371214, 0.0, 101.66534799754272, 71.14095700181736, 62.59261917358718, 59.032833770893184, 82.92663978779912, 67.31476146009183, 14.19656914700496, 40.114874808734385, 57.37458205823911, 52.11839084983152, 44.13460016435365, 94.63289188245767, 97.52031273347458, 36.15029572229212, 65.84178080031887, 74.81821039577888, 71.08552420387873, 76.8453637137382, 115.40196455745188, 53.31418506068136, 68.11014325301373, 95.23683129243796, 89.78756812282396, 30.72185063279025, 94.84861100941664, 63.08770768511726, 33.19863934281589, 92.70953996001433, 43.720917909866664, 41.95717522709807, 52.45377548232945, 30.41536341978915, 89.56846730359581, 43.94523583624714, 56.203378869585514, 31.043612385382392, 68.84929427200993, 104.50123998381201, 115.33278880332415, 40.69650210425652, 71.84890493485952, 87.97108829054362, 73.41870349491988, 24.90032480928019, 62.68990315635637, 84.71335429988747, 85.36107604447795, 57.85884894879924, 20.74833463201376, 35.94967521469362, 55.41222956682922, 49.37159772393291, 83.00562017840518, 81.32562540239924, 64.79494914589765, 65.73587757528877, 86.85310529646753, 90.99094038533337, 94.31769384907601, 25.71788673181774, 16.531228528638067, 42.24089221882927, 69.33475879699982, 67.08955783308791, 17.056289659887582, 4.386625728779338, 81.67234710774761, 6.7625931314198695, 25.359118490817384, 64.1468246013661, 67.95283502924562, 48.81023055781944, 84.56527927491021, 76.12757259407948, 82.5490724047883, 13.019274543658447, 73.14621130082475, 73.43738865886375, 50.774221205728395, 60.32237381807342, 48.52079423522223, 70.24939224942202, 54.874882782804384], [59.280306005892996, 53.519906482179124, 101.66534799754272, 0.0, 36.548828270837944, 39.213329142710435, 74.70031465755652, 78.09976367792133, 78.3428115542047, 107.18569763158037, 69.03611101771735, 44.462072969227044, 89.56660879234587, 57.67328823447593, 10.075039557479537, 17.721032163416524, 104.67619834514832, 78.08158872044089, 29.809478247049075, 53.635966612751744, 57.63551840401474, 15.695585463606529, 72.83279748461901, 50.63414424681253, 61.72930195141863, 48.9649111314511, 120.89144516413191, 33.87404957146432, 42.3658858715618, 71.4202176235788, 9.324021055851857, 83.00732283034185, 96.41241899541079, 52.70224712406253, 73.75417958607122, 43.732282333025246, 71.33438728025736, 77.46183497963399, 71.2017675856025, 33.03683089516899, 14.74315215538573, 16.470111715621798, 72.06942078979473, 31.25330945463384, 46.79461186636664, 39.422966247942966, 76.90054486588095, 73.41629888341086, 27.028379474593567, 16.39207562348313, 77.22339855242609, 115.6181376238393, 72.90039820409419, 64.88453437289311, 62.450473734420044, 33.87682575728567, 40.1173751070397, 37.06899830698061, 81.06444879965501, 15.979160135513808, 10.948893478453458, 78.85132920497625, 96.57533229667776, 91.10644617503809, 85.6577520257244, 63.153163781760966, 51.16297704496216, 89.76174145803111, 99.50793131950242, 49.779323480268204, 97.75804493085847, 117.20169113097923, 39.56756302866732, 34.55320722096516, 67.4776425223167, 24.802567134568896, 84.95486006647013, 26.515504428644668, 110.74129395000834, 28.56709245709086, 80.89262002535762, 54.689943878422866, 76.72756207892749, 86.75934410020963, 63.061638543085365, 46.82596986778904], [22.73263280721611, 28.073492113635563, 71.14095700181736, 36.548828270837944, 0.0, 20.402379669852163, 38.822550955644616, 80.38271463785372, 43.85198816970106, 79.73283940757871, 49.22281415823164, 22.92782385162424, 76.7323759995096, 31.702572450497303, 34.57885559418606, 42.97452251348267, 84.2823797046005, 43.30409732729765, 28.198868788230588, 52.836876903372975, 60.18218642082979, 46.76466109080433, 36.385997637312194, 47.61471373283816, 73.54115028165748, 60.691377364928265, 95.60810362287661, 52.3721261321114, 8.141368107425704, 38.34959031079694, 27.487024404842643, 67.0354424557194, 78.99203761117785, 35.33158900561209, 41.03092554055344, 56.40853641665978, 35.14948058418712, 67.37288837416517, 40.25311050166429, 13.565720237942147, 34.38023106313288, 46.283582615130676, 36.30789480719705, 24.66467667213296, 57.839221348321274, 6.3981265079875325, 46.64747563253404, 66.7545245456248, 38.20922386717614, 24.39848131159655, 41.22451646446134, 88.35387454602164, 51.611183275962766, 28.407798832674597, 47.264516606891675, 43.09878778754558, 47.479005885880945, 14.340830700771834, 75.03579440353491, 20.774752076388573, 28.92531427560064, 86.12791959035468, 73.48493149540954, 64.537782551197, 49.196489675830904, 29.408045711305373, 47.396916925458505, 56.75882518258678, 69.98668022452357, 56.30562930997703, 68.74821398923172, 91.07842990480617, 8.884923651481039, 10.614547385129537, 53.06738152324204, 35.78364285564021, 82.8947374487395, 35.18611246880188, 82.16788595075845, 18.533093989706714, 78.3564649455161, 36.84375305642301, 41.03809346859379, 50.226195860432796, 29.621635061883964, 20.98152824476391], [32.474283664054504, 14.371110063009093, 62.59261917358718, 39.213329142710435, 20.402379669852163, 0.0, 50.56699511740158, 60.2818960156488, 57.87145778046625, 68.07971500841468, 31.808606537628442, 5.248787527037026, 57.45629150395106, 18.484764645804702, 32.13464869841655, 36.40880249101334, 67.93819500951619, 56.936973487059774, 14.251935879189903, 32.99993416933077, 40.63172282495864, 53.65513035064095, 45.90862397810896, 27.658612239095586, 55.6836039210731, 43.72941755844751, 82.32851870632236, 39.54173695611154, 16.342308991576473, 34.369743081412985, 30.563077503366664, 48.500927604813164, 61.22910656234034, 16.043053397292088, 36.269676260140855, 40.293305229889114, 39.616793183763484, 47.389119246584826, 32.79187143288208, 8.477771222223025, 44.41363701936115, 53.822657036405445, 38.8981835749422, 10.320177764221755, 40.923283333333174, 26.65484685516828, 38.05205709021945, 46.40814762789483, 25.91765101146034, 22.832634409306245, 52.38159830618242, 76.57294052757022, 35.10087386883571, 38.70325354655958, 27.87211382152841, 28.036598125894173, 30.613819397467537, 6.067794073889103, 54.706415190425155, 25.473554818997872, 28.424827110682454, 66.68982956105079, 58.521994032919324, 52.04207160126517, 54.24584276172656, 45.651430207676974, 27.332496521041808, 51.843218967103546, 60.32077534408753, 38.01805953925248, 58.54871135822301, 78.39330326080707, 12.582962797895537, 10.17830942326341, 33.66288038627164, 24.60905162205938, 62.497699519001095, 23.003059271283362, 71.54209780950346, 10.66192499900646, 57.95915941213642, 17.858945063072202, 53.082328667371314, 57.54475088362837, 46.14385314424539, 8.632545669439288], [18.10102788663803, 45.535543358996435, 59.032833770893184, 74.70031465755652, 38.822550955644616, 50.56699511740158, 0.0, 106.23312558143547, 9.242160049736489, 72.22392322677022, 62.184208981719024, 48.82218686977326, 90.18898155338475, 45.72758649069551, 73.40016976481773, 81.55975912972399, 87.22515647067414, 7.817438440946323, 63.53356023932729, 81.27220861249342, 89.16490546161705, 82.324964899758, 6.531245171728374, 75.96462069254366, 105.75637355624042, 94.23558147246763, 89.37673966359066, 89.12758825679431, 36.00649296321263, 32.848635432666484, 65.99466389381696, 79.09498651903267, 86.78080319295303, 57.26856211046081, 34.75427921913299, 90.85471648846661, 17.549576093319683, 85.43176271533517, 39.19519100835806, 48.79502244602966, 69.00930772164257, 81.43845975929356, 20.95645992901358, 59.44196795683447, 91.4500703108527, 35.28448453488908, 43.60282712950544, 87.97237224693143, 74.90234688606216, 63.14099296366757, 2.6637998972981682, 79.7157687636659, 61.769509950727915, 11.878415637058561, 66.08523018877926, 78.31022173925406, 81.17862860935102, 46.63208584733029, 95.2696975575741, 59.39127980804441, 67.74272182305307, 114.62893041735853, 74.64889796268994, 62.20297844613076, 18.724451892360502, 14.342138061659524, 75.33400018479007, 42.04893125397259, 60.3966513382596, 88.08999351433253, 60.54923787827034, 84.06365367903328, 40.10950619129261, 45.67523170586959, 70.67064619810114, 72.87157085773437, 105.21230662301329, 71.8119314104471, 72.04721754655009, 55.026113061982365, 100.92920443506003, 57.53568530295689, 2.542428188720355, 15.218060658705005, 15.0174958263603, 43.983432682951424], [89.38141025697922, 60.747778008933956, 82.92663978779912, 78.09976367792133, 80.38271463785372, 60.2818960156488, 106.23312558143547, 0.0, 114.81345060473716, 76.928462349352, 47.44883245316645, 59.497410850767885, 34.162599440594775, 60.63214871441283, 68.17755943398684, 61.560477792826376, 57.6679956143123, 113.6210138397909, 54.808489166070586, 27.649375874586816, 21.105055391468895, 92.83992037117521, 100.28623563307026, 32.77394748206344, 22.823191257310373, 30.716525659309376, 79.83352631526355, 46.44189492012274, 76.39284278012491, 77.45069435522866, 75.16894694153045, 39.4500341858992, 46.777046982142025, 49.09164866730175, 77.15738895458804, 35.47562319514214, 90.6255729826161, 26.724919527825993, 71.51553421429503, 67.00897941018196, 91.16955628267426, 94.00367248021496, 88.16281652095874, 57.023085628396714, 32.11681770940089, 86.75355095075972, 71.1870386359881, 20.563812587966456, 51.47714563307557, 68.12023937098411, 107.33080790318577, 81.65912084286666, 50.15285880302611, 94.85041417548317, 40.79305139321555, 44.43386816383737, 38.16378992579992, 66.19528866486162, 17.948721425870723, 75.07573740362007, 70.18286286792868, 11.625583471085749, 60.00324623086951, 66.40997375381632, 102.30424443262312, 104.76555662078741, 32.99271196809086, 84.94189040500673, 78.62031766526665, 28.323184478324645, 76.18539374757411, 79.55721806006244, 72.84286044773424, 69.77853404808903, 37.533359608123185, 54.07032964096814, 10.816531291647333, 52.86142851760559, 82.32619896717783, 63.70215307107452, 10.4809683707347, 48.70492582478208, 108.74091161018436, 107.76269488825305, 105.37882818591018, 63.706527364177774], [25.70273214381478, 54.06697333351045, 67.31476146009183, 78.3428115542047, 43.85198816970106, 57.87145778046625, 9.242160049736489, 114.81345060473716, 0.0, 80.77387188070456, 71.29746237984119, 56.627700974037246, 99.39926319811921, 54.52683005232358, 78.12966111310723, 86.81274293646327, 96.33691295433897, 1.491001020066903, 70.17738778681449, 89.39115443720706, 97.27600950925884, 84.41481292556956, 15.77286846778251, 84.04069242432169, 113.44398780178226, 101.58756879852747, 97.86273629795936, 95.51856327294657, 42.44989210300769, 42.08839966652598, 70.08403489184168, 88.3086903187263, 96.01245185536898, 65.74200555347508, 43.96931522696832, 97.97315739434957, 26.78712658455703, 94.47225733239205, 48.437102247964496, 55.141565583501354, 71.06269893951921, 83.37504437617953, 30.1769839743807, 66.15600482454151, 98.77037228264288, 39.298876756534355, 52.8022754027303, 96.8433903998577, 81.24398659070108, 68.19408501015297, 9.575439101220809, 88.05721572888984, 70.9637767207165, 19.965069759165974, 74.93910672080182, 85.14193154171255, 88.40496198019808, 53.43308927619035, 104.23861584060089, 63.70272401779073, 72.38193665905449, 122.94224957073938, 83.75144180815397, 71.24212173672281, 25.645408267021583, 15.216459859410929, 83.45607226650569, 50.49055129732101, 68.92651926421473, 95.75328939006928, 69.20738936566768, 92.52443836071251, 46.61300281477052, 51.93026842401336, 79.64191975731015, 79.0484516128791, 114.08763279336966, 78.1559971624607, 80.3274297708722, 61.217661945626006, 109.76894709608385, 66.12252765353549, 7.222204538208502, 20.44346457151347, 15.401102565058949, 51.89611844602229], [66.9191256076135, 54.08393650024943, 14.19656914700496, 107.18569763158037, 79.73283940757871, 68.07971500841468, 72.22392322677022, 76.928462349352, 80.77387188070456, 0.0, 40.38194315259166, 62.85779180494989, 43.813905021266386, 49.901130651150766, 99.26552355534704, 100.79700461051283, 23.981134556390533, 79.2893857179295, 78.70600412450212, 69.83246333468782, 74.44932697714354, 121.70936480133608, 66.24703102226259, 67.83526291800241, 92.06504094162618, 88.54724349445556, 17.190918283752694, 95.85374794728381, 71.59207953747249, 43.6109858712993, 98.64217281863462, 37.7401047759857, 32.06972804306406, 55.38320044661774, 40.86345090588237, 89.15984893353803, 56.25475606321574, 50.67412968816114, 39.82314413292513, 75.29598727745412, 111.72547426754392, 121.82267850575843, 52.845359844042235, 76.29778152688549, 87.10586425786664, 82.840742906946, 33.37824863888354, 57.740157756747266, 87.39820940468445, 90.80263559483532, 71.23790714132849, 8.627389780946904, 36.04006234145475, 67.47959225907441, 49.28018318005859, 84.58571002931207, 81.89927904563073, 71.3273475333555, 59.090703155653244, 93.29828259152364, 96.2825957536211, 88.5396001713183, 16.92761530124323, 16.09364093237328, 56.09350117567636, 81.60147200012061, 66.8236204413357, 30.294964281443626, 11.847781263404787, 80.49878316427089, 11.840927669676335, 11.970463701848129, 71.94566050304361, 74.95498287637002, 47.07402276777933, 87.70506778578738, 68.83910700503566, 85.62262779121248, 5.40580325031315, 78.73163208631925, 66.82245610817702, 53.4841721902089, 73.67673635082758, 62.46428269575577, 82.51800057029057, 61.33568709916513], [47.808138495876435, 21.386140753015262, 40.114874808734385, 69.03611101771735, 49.22281415823164, 31.808606537628442, 62.184208981719024, 47.44883245316645, 71.29746237984119, 40.38194315259166, 0.0, 27.263912744853265, 28.838006538292415, 18.562973361545154, 60.29334811393603, 60.79397840565672, 36.155334214405094, 69.94531283994176, 39.4956855428575, 31.011272888234316, 37.17045028465085, 84.29519484158706, 55.792385558962394, 28.05457629421142, 55.795108351489, 49.674927636222456, 52.17246121351004, 55.56169992595315, 41.98839393593769, 30.758156683292327, 61.27228695444261, 18.206269129918237, 29.792030434641003, 16.38618168915186, 30.061705636537884, 49.546357104388605, 45.21056769373675, 23.439557803730825, 24.48659320397278, 40.15195198474838, 76.02852032647647, 84.66680040558147, 42.287160619211875, 37.80082062357311, 47.86678005313521, 54.37291613991996, 23.749865486757987, 27.260961815176223, 47.22654375819913, 53.007989093703365, 62.75713613421203, 48.176467776670854, 4.355329169647619, 52.01092604863001, 9.263504609973747, 44.203771771357665, 41.70371506449858, 36.79254463143742, 33.599100040790695, 56.94678170413034, 58.11673311581292, 57.85360309045112, 27.610869432765462, 24.962252411094287, 55.39525866142914, 64.4767901126925, 27.032004971295315, 37.99959962208072, 36.430109957780054, 41.56229196802668, 34.09389620149791, 48.9262806800514, 40.35109382569819, 41.03518044516348, 9.964515317830623, 47.74895970512438, 44.030107676196266, 45.65348335767809, 44.92977962144548, 41.73586959096122, 40.09066273534493, 14.400264727098689, 64.54790501893056, 61.19700726613335, 65.26710819352472, 28.242649334408654], [30.941108902531276, 9.169015707986329, 57.37458205823911, 44.462072969227044, 22.92782385162424, 5.248787527037026, 48.82218686977326, 59.497410850767885, 56.627700974037246, 62.85779180494989, 27.263912744853265, 0.0, 53.89385061523072, 13.248510479901157, 37.29521254354085, 41.171814329590035, 63.25735385190876, 55.59293806799359, 18.578361415703718, 32.93269950214461, 40.773831559495356, 58.85814575277535, 43.71716402839093, 27.547199846512576, 56.93430240431125, 45.6352139032629, 77.22191054888808, 43.05827362959113, 17.181354294765818, 29.820764171994792, 35.787227941405945, 44.49350085650235, 56.93441435555704, 12.404962447132402, 31.561762723080825, 42.66065197298845, 36.47510748177011, 44.477819027650064, 27.813357160642393, 12.981971850920104, 49.39855655454548, 59.00240971652896, 35.39039816135813, 14.955170847316463, 42.90592957243964, 28.805827462859437, 32.91278565719007, 44.22426404596033, 29.967221034992072, 28.080871192903867, 50.43880554957332, 71.36348502793336, 30.325236953856546, 36.968533647422795, 24.352745928045245, 31.178561597685178, 32.89231612615718, 9.5362251292795, 52.43425659190826, 30.572116708096797, 33.66771927847, 66.68603099819919, 53.56338658591765, 46.83509244278372, 50.85196236230665, 45.392333087424234, 27.042334162058594, 46.92113710893681, 55.0772006743747, 39.271321514804434, 53.300497068657144, 73.23579328142264, 14.239704364335365, 13.807339917626894, 30.163897922527834, 28.95481755498317, 60.81744064134227, 27.201416052133826, 66.29734594776116, 15.906202082809187, 56.2927201235179, 13.96903946183929, 51.361586643086426, 54.574438850114674, 45.96995642039241, 4.916518488855371], [76.57470969856236, 49.77484050679937, 52.11839084983152, 89.56660879234587, 76.7323759995096, 57.45629150395106, 90.18898155338475, 34.162599440594775, 99.39926319811921, 43.813905021266386, 28.838006538292415, 53.89385061523072, 0.0, 47.32583509887969, 79.77555408432251, 77.01610847276372, 23.54021937061189, 98.00188588083377, 60.30253466970693, 38.208654812375826, 38.89035849511902, 105.26211577554797, 83.69575611717265, 39.53151997803769, 53.02825089274137, 54.01621578846679, 45.69878095762613, 66.25411860526721, 70.05466118450296, 57.668945401828715, 83.38710347808608, 11.099888390255432, 12.615317048493115, 41.55139720946657, 56.27666307048358, 56.62917210945496, 72.81263112246678, 12.59941992177868, 51.20993497210535, 65.89015870994504, 99.29707832316225, 105.9698558834728, 69.62208962896644, 60.19750683505015, 53.66165581606106, 82.31043346964469, 48.12944338498567, 18.935034148469573, 63.69911853600367, 75.08514854002429, 90.50423037686198, 47.76075389541171, 28.466701123378044, 80.53746803034183, 29.604007950420108, 58.120123077347024, 53.02623986830943, 63.19087663165327, 16.36165961847828, 80.49499034258443, 79.27052342681607, 45.7119844424793, 27.117675601588786, 36.407621991217155, 80.96767616596688, 93.26989141083901, 38.82856654228224, 58.591158157388094, 47.73531348427927, 47.137797759172955, 45.44165336856041, 45.4348420671413, 67.88950551580167, 67.47955600145379, 23.796937112390065, 65.31464838964287, 25.152642051315517, 63.381352688407716, 49.20098334602029, 65.72385798067218, 23.71210053958827, 39.92507062031921, 92.4554527709056, 87.22214639971608, 94.06914531378028, 56.00248693401853], [29.87084104032215, 4.187245961908259, 44.13460016435365, 57.67328823447593, 31.702572450497303, 18.484764645804702, 45.72758649069551, 60.63214871441283, 54.52683005232358, 49.901130651150766, 18.562973361545154, 13.248510479901157, 47.32583509887969, 0.0, 50.505350459613545, 53.895168735685544, 52.58820144147401, 53.26807019727045, 31.098878735951192, 37.272840844860376, 44.991120287848936, 71.87360174279709, 39.67422903056697, 32.36641019938444, 62.91867444810995, 53.34497339483748, 64.79352829236868, 53.811777097262315, 23.98888584830911, 19.105717049869597, 48.89415570217266, 36.76660916161848, 47.7812325697229, 12.654174366441188, 20.131727986757433, 51.36779385668371, 30.13550051172733, 40.40735994699567, 15.44984531894915, 25.39646675152047, 61.885468613353765, 71.94867856940498, 27.967370227653916, 27.852153882759808, 50.868336656369294, 36.3357433290644, 19.87574534943946, 42.32731431293869, 41.8383250211418, 41.30820248192986, 46.725533747933525, 58.46651523526684, 20.1906259756926, 34.702571868432095, 20.42466184985551, 41.66586754807562, 41.86131860584913, 21.44767866768369, 49.85993032418616, 43.40536707549757, 46.909324358350005, 69.53139582907016, 41.89689301102267, 34.00864295913348, 42.97549744387323, 46.344787781917425, 31.5408851551635, 34.44502164479948, 41.839384017274426, 45.952943815674466, 40.090558152884, 60.59186911270367, 23.074175194106612, 25.22253663385329, 25.379248948582333, 41.244545130857574, 59.569112160704954, 39.336773388984916, 53.17257330499339, 29.106426555134558, 55.24211814741129, 12.299554455122992, 48.21011405534828, 47.80801636837783, 47.10026392282029, 11.524153932508327], [56.72923180481347, 46.464196061720344, 94.63289188245767, 10.075039557479537, 34.57885559418606, 32.13464869841655, 73.40016976481773, 68.17755943398684, 78.12966111310723, 99.26552355534704, 60.29334811393603, 37.29521254354085, 79.77555408432251, 50.505350459613545, 0.0, 9.998096314416202, 95.52524230961774, 77.68162693893403, 20.797729598244, 43.56922230557855, 47.60545827585354, 25.62105656436361, 70.69959775163382, 40.65324891711282, 52.56129833372557, 39.52987544022968, 112.40018953689702, 25.123773270376798, 38.765992450845445, 65.83161339559263, 9.585235552668559, 73.541962539826, 86.97325017534654, 44.15063815956829, 67.96621098032365, 34.28938433815083, 67.72603545942418, 67.5785990317377, 64.84868464992405, 27.5169342679592, 23.42559519233027, 26.495326900904832, 67.99782756390549, 22.97746708663522, 37.221793406258605, 38.86757122109947, 70.18616891696539, 63.40237588571041, 16.957338683114692, 10.523161437124216, 75.78801163960891, 107.5795625744044, 64.30104739765663, 62.72327688542774, 53.24024481070689, 23.84616818329004, 30.104761808555736, 31.299456543491694, 71.01018393533322, 14.676020218526139, 5.770437969599557, 69.32749499460974, 87.90366770744467, 83.17627703826568, 82.38798948901965, 63.22500450562614, 41.20997218487781, 83.78713170918107, 92.20252074201697, 39.85837182755162, 90.33298661926048, 108.90358410666688, 35.31760404973116, 29.76518571021093, 58.06994736068618, 14.744353120678253, 74.90043292923274, 16.508531828255997, 103.061749453161, 21.957796231905785, 70.8248923486551, 46.1186869125667, 75.61333854855997, 84.21439068508509, 63.27963649028121, 40.37960357771269], [64.32276153336, 50.127771234393336, 97.52031273347458, 17.721032163416524, 42.97452251348267, 36.40880249101334, 81.55975912972399, 61.560477792826376, 86.81274293646327, 100.79700461051283, 60.79397840565672, 41.171814329590035, 77.01610847276372, 53.895168735685544, 9.998096314416202, 0.0, 94.65255022533806, 86.27846443998564, 22.79892326771852, 39.29969152872971, 41.895617267020754, 31.353343838932467, 78.39129799461348, 37.50111464041819, 44.11915013953914, 31.626030341985167, 112.83541645702658, 16.195084870133204, 46.049529188303204, 70.77505649051918, 19.583126355998136, 72.01958563968145, 85.39104358904292, 45.48171336710828, 72.66527641662394, 26.4543482785933, 74.42162398122927, 64.50789479512565, 68.96002518471754, 33.79752017069909, 32.30500131546488, 32.59881790151981, 74.31907137203714, 26.217333105846052, 29.666729514190077, 47.80811763409048, 73.76925290992291, 59.505021444981864, 13.717514058657462, 18.644229072668438, 83.85320273364972, 108.85443804947532, 65.02178845423319, 70.48242996949784, 52.79502265946847, 18.964545494271526, 24.670519801532386, 37.105926877167114, 66.57063731486804, 24.23902281400267, 15.376573474213176, 61.4828805362178, 88.16951775105719, 84.84144595069417, 89.19060568427813, 72.13335720471567, 38.24745166727993, 88.08145080324094, 94.7320404445183, 33.513690620955565, 92.70692023533378, 109.71827385976894, 42.248971787983336, 36.536340006600255, 56.963412827348705, 13.092098859866853, 69.21382840997009, 15.175577844380207, 104.94679802243091, 27.623877495055343, 65.40378910085, 47.34135789811292, 83.85813523026758, 91.52248551389144, 72.2484948089781, 45.02260083094922], [77.5210906613525, 56.26543455508524, 36.15029572229212, 104.67619834514832, 84.2823797046005, 67.93819500951619, 87.22515647067414, 57.6679956143123, 96.33691295433897, 23.981134556390533, 36.155334214405094, 63.25735385190876, 23.54021937061189, 52.58820144147401, 95.52524230961774, 94.65255022533806, 0.0, 94.85583682136195, 74.88538551187872, 58.16576089367235, 60.59889567146233, 120.12558470078373, 80.78412856490951, 57.95499521612366, 76.129516162576, 75.66609576346305, 22.165834637113484, 86.17472964242249, 76.54193967791353, 54.97328014592638, 97.23819241088263, 23.00162804809517, 11.021313914454666, 52.433115474897555, 52.707391922895766, 77.55032430980738, 69.88355564581495, 34.09924013295402, 49.22945747602511, 76.21735106462972, 112.17346468912955, 120.57183551509698, 66.39213482866323, 73.63070145218508, 74.88459641753008, 88.81444702445484, 43.84122379465761, 41.2743636104863, 80.94601400319243, 88.91604229843573, 86.84035426307176, 25.450476574998216, 32.951008259322734, 79.85547540103258, 42.28505624357614, 76.46135060386686, 72.29286068926017, 72.725027195135, 39.89847361340031, 93.08291166106797, 93.84506193128338, 69.16767196672579, 12.591269755142598, 25.271883943421095, 73.87922026202168, 93.78844809160455, 57.05771539440118, 48.34370221671743, 32.2349613349611, 68.17296915440282, 30.58999993787111, 22.33420359212615, 75.56970367265964, 76.89912299175262, 37.69761558365894, 82.00388061627457, 48.23306631850586, 79.9363938369406, 28.88000670608075, 77.86538644256945, 47.19472803648931, 50.466785213542515, 89.11806012239533, 80.412812495238, 94.67425539405484, 63.59693453417514], [24.652069600368392, 52.873966648502446, 65.84178080031887, 78.08158872044089, 43.30409732729765, 56.936973487059774, 7.817438440946323, 113.6210138397909, 1.491001020066903, 79.2893857179295, 69.94531283994176, 55.59293806799359, 98.00188588083377, 53.26807019727045, 77.68162693893403, 86.27846443998564, 94.85583682136195, 0.0, 69.37833709682891, 88.30334727706844, 96.19162195221455, 84.41713785342155, 14.340342770905993, 82.96099134259016, 112.45422903914009, 100.66447502357568, 96.38150888890961, 94.78052965986082, 41.653639480113824, 40.64711583800383, 69.7389855728428, 86.90895725845938, 94.56103632943892, 64.56707827715707, 42.51105661646953, 97.09575626850729, 25.34475069859265, 93.14769331816798, 47.00644465899781, 54.38322603146806, 71.05828519688961, 83.40158738743693, 28.72291040659606, 65.34078592970376, 97.8529047842527, 38.90771028796416, 51.33805507435769, 95.57164135271553, 80.50841483106478, 67.68066188854627, 8.084485950445279, 86.58267950368507, 69.57549244946134, 18.80262824704012, 73.66986620173982, 84.3156444254302, 87.502939221459, 52.589383762615, 102.93796614900228, 63.312441426047, 71.9446508741543, 121.81537800669528, 82.26966475304599, 69.75581023200269, 24.235020547174216, 15.092488633615476, 82.36610056313513, 49.00814054987769, 67.4422459830398, 94.76476631643123, 67.71901726888181, 91.04416657249409, 45.81388554471455, 51.18414350083147, 78.33878494522843, 78.3421149350022, 112.81580837948867, 77.41816555446223, 78.85572058607589, 60.49436194022313, 108.50709195057244, 64.92066268418917, 5.738022574920192, 19.14353878041763, 15.363719053474039, 50.83588123655192], [45.51364143942957, 27.374415179992443, 74.81821039577888, 29.809478247049075, 28.198868788230588, 14.251935879189903, 63.53356023932729, 54.808489166070586, 70.17738778681449, 78.70600412450212, 39.4956855428575, 18.578361415703718, 60.30253466970693, 31.098878735951192, 20.797729598244, 22.79892326771852, 74.88538551187872, 69.37833709682891, 0.0, 27.488736572569245, 33.79679432950016, 45.37322667881972, 59.34623256208346, 23.10965343553724, 45.45310227745543, 32.49818220616918, 91.61373078225546, 25.66918439702646, 27.728232260203345, 48.38584660548731, 23.085949002529777, 53.26279374359819, 66.64221710427752, 23.407015021385675, 50.137022430368404, 28.24821216500035, 53.7074380057211, 48.596793268482564, 46.23922907899752, 15.146143068748405, 39.118779606797766, 45.93570723741347, 53.10966224855806, 4.12323637236476, 29.64806112166617, 34.424197089499565, 50.97125018787464, 45.502639230174516, 11.708930138861948, 14.8239198804685, 65.53209928932306, 86.94458238447966, 43.51317787842597, 51.814372730839274, 32.64113789151745, 15.044987291808388, 19.33439301189611, 16.908967364924663, 53.609229309558636, 20.90739319696876, 19.105150363350255, 59.04424484453263, 67.10593967168579, 62.645098778801845, 68.40132772507097, 56.80066555335743, 23.333038795208996, 65.36376695598022, 72.13445616449614, 28.591361470993018, 70.16532368896475, 88.16261625088632, 23.565866061915205, 18.39095891192339, 37.71710342947388, 10.393868046258412, 59.38008398449764, 8.752989148328712, 82.65124759002788, 9.7177888474106, 54.97543732365646, 25.361168942370874, 65.99742020992618, 71.49058914610346, 57.1504459669675, 22.813029172614442], [63.69613429398603, 36.177420050137584, 71.08552420387873, 53.635966612751744, 52.836876903372975, 32.99993416933077, 81.27220861249342, 27.649375874586816, 89.39115443720706, 69.83246333468782, 31.011272888234316, 32.93269950214461, 38.208654812375826, 37.272840844860376, 43.56922230557855, 39.29969152872971, 58.16576089367235, 88.30334727706844, 27.488736572569245, 0.0, 7.892788154517909, 69.12550680436654, 75.74990054456805, 5.389804459074561, 25.79555672372551, 18.78344853029937, 78.52856556861279, 28.182890773435794, 49.29888243726977, 55.977829852911626, 49.1796348173113, 35.19603425535425, 47.931944600348814, 24.65928738829608, 56.44128448628204, 19.560932384728662, 67.09627645644291, 25.60940300082298, 51.00586249175144, 39.395666126483846, 65.42624143219619, 70.05539138865711, 65.16243169140643, 29.43256318022648, 17.283708304907105, 59.224966865965804, 52.74299694616521, 20.206614789751388, 26.701867533790026, 41.53707710992551, 82.6765177420057, 76.7819954747123, 35.13637459996464, 69.54042925105742, 21.828348814758613, 20.360644464040693, 14.857830405635788, 38.77688962268899, 27.47234623738755, 48.20057212251248, 44.425330750719574, 33.77933139059536, 54.48770203216625, 55.442310477759456, 80.2473633532771, 78.27103294019408, 5.939070367400548, 67.85301961634953, 67.2989443066056, 10.681850343443617, 64.91903268253876, 76.41986949472346, 45.57707576617084, 42.222463743906694, 22.77189110162853, 28.834867207931726, 31.990576567328066, 27.19988176033678, 74.79437211937761, 36.09746222862879, 27.668527106465664, 25.05061312062172, 83.81274826569611, 85.00127706379325, 78.82354905606644, 37.525593452990165], [71.57825636424474, 44.022288767637036, 76.8453637137382, 57.63551840401474, 60.18218642082979, 40.63172282495864, 89.16490546161705, 21.105055391468895, 97.27600950925884, 74.44932697714354, 37.17045028465085, 40.773831559495356, 38.89035849511902, 44.991120287848936, 47.60545827585354, 41.895617267020754, 60.59889567146233, 96.19162195221455, 33.79679432950016, 7.892788154517909, 0.0, 72.75276493330908, 83.63393731973476, 13.239557664341815, 18.664255639534865, 15.152114910538653, 81.779015668711, 28.389076184061878, 56.96725324671357, 63.52497866318821, 54.19858452710016, 38.112688007521484, 49.892183248974064, 32.43462409225663, 63.8737345699822, 17.98140536142408, 74.91466092167327, 26.691799181426717, 58.37182576127381, 46.654279515241726, 70.2980830209372, 73.81784254263074, 72.92911112384792, 36.226323927240806, 14.848790012101166, 66.58012385722537, 59.74154297340924, 19.964073570603823, 30.709767612771344, 47.031803027454075, 90.56546507490961, 80.92789650568663, 41.05717234113412, 77.43184021137004, 28.30655282447409, 23.760793178397346, 17.525468151194485, 46.29561968397431, 25.462142328359267, 53.97125162590392, 49.25757018447448, 26.058460930499596, 58.446167392754134, 60.80288250724701, 87.93893274663672, 86.05915033155586, 13.83163966578148, 74.7020953159298, 72.90125836947934, 8.71915332344316, 70.48178759835874, 80.11953665263903, 53.175153849524634, 49.581706233367846, 28.038685924494917, 33.200733839495975, 27.37900093318516, 31.882603111532806, 79.57553287265401, 42.9053101008116, 23.508626855475764, 32.714071188637384, 91.70539664310837, 92.77367560000714, 86.59990431905969, 45.398792248192095], [68.9142762654888, 67.68713144242733, 115.40196455745188, 15.695585463606529, 46.76466109080433, 53.65513035064095, 82.324964899758, 92.83992037117521, 84.41481292556956, 121.70936480133608, 84.29519484158706, 58.85814575277535, 105.26211577554797, 71.87360174279709, 25.62105656436361, 31.353343838932467, 120.12558470078373, 84.41713785342155, 45.37322667881972, 69.12550680436654, 72.75276493330908, 0.0, 81.55939490584439, 66.27171933929473, 75.10971764003953, 62.93869503502841, 135.85976600101705, 47.26193469649985, 53.833592741963294, 84.0185731920671, 23.13197293772718, 98.6269292630856, 112.01486399666715, 67.91376928325263, 86.51645531771246, 57.79487294353973, 81.83716363113842, 93.14772720973471, 84.53583652710766, 46.60402001612964, 13.360688338814661, 1.706903451895564, 83.07229439727601, 46.520125111235885, 61.01994573619849, 47.82812016630251, 90.50838523897248, 89.02108940380364, 42.43066904434997, 31.292487775929708, 84.957027327167, 130.2216213704698, 88.05502268535143, 73.87276344708876, 77.98078384057762, 49.0921122824992, 55.24677253516772, 50.645735514835515, 96.59022256191776, 28.555859641749993, 26.296147365032255, 92.72204200808939, 111.72102049693846, 105.6925947694352, 95.4923569076849, 69.34283204508303, 66.8189523775457, 102.53629937951926, 113.51084026761518, 64.62954763117185, 111.87819132107451, 132.02035674084453, 51.78210215700333, 47.485762295549875, 83.08558295742382, 40.348756747240074, 100.12953350969485, 42.12875299701182, 125.04178873676797, 43.044442639543306, 96.15694972567697, 69.90221175756558, 84.05575103250312, 95.69321620173858, 69.05501358591742, 60.636253651351105], [14.072780494823736, 39.7523699975058, 53.31418506068136, 72.83279748461901, 36.385997637312194, 45.90862397810896, 6.531245171728374, 100.28623563307026, 15.77286846778251, 66.24703102226259, 55.792385558962394, 43.71716402839093, 83.69575611717265, 39.67422903056697, 70.69959775163382, 78.39129799461348, 80.78412856490951, 14.340342770905993, 59.34623256208346, 75.7