instance_id,num_cities,city_coordinates,distance_matrix,best_route,total_distance
512,64,"[[70.52399639468685, 71.95058793826055], [37.21056997957171, 56.29481296725219], [14.943257400808074, 2.4423622605723616], [96.04056861922618, 30.55681895601322], [98.10241155612127, 46.42232640783804], [14.52373936868402, 50.99292969328937], [36.24390753235637, 91.40347245271863], [35.07219596498644, 47.45040248360491], [84.57971566446065, 49.168115187767604], [32.18839480960528, 27.713477569733968], [23.941477919131582, 90.38381921906615], [91.05669930551244, 93.52194821853334], [48.39322353539226, 22.863211793722073], [62.12463186604764, 78.30394760712244], [4.302480404481191, 69.53873263155124], [20.976117462023257, 88.24465425602122], [7.702868699733479, 47.14452433827121], [15.934489494311066, 32.18942941844799], [43.34385537092695, 5.786498471855461], [29.158245858145126, 85.87469740662749], [93.34135052464153, 65.88611199736619], [42.70978304334867, 79.70229210772914], [38.24074887698272, 8.873984842987504], [7.473493073639636, 25.66448781945163], [25.27174688107334, 46.30878101817958], [87.41659338664314, 54.820542240995216], [93.35680791325196, 9.227180827620163], [41.58014180044538, 11.27356479564824], [54.12230920668124, 27.092165339167074], [38.631505780810684, 6.399917428287005], [10.946126199692197, 16.600922641391115], [49.58354722661535, 0.8493957840041477], [53.798288071278144, 32.67945142025126], [65.46567834536302, 12.680012280528373], [36.62571844972712, 52.10112292404477], [11.522698059223291, 47.48892584918906], [75.4678918377513, 48.74782343255956], [60.81655742244344, 25.59809182319507], [79.67171883298852, 93.18561688160612], [73.71365790911365, 84.10274869414165], [80.64690835666275, 4.941614783793802], [67.10880467123698, 14.737781015227846], [48.89740833036647, 24.20814277633616], [67.40969114506181, 54.1443279127241], [0.28901406918325767, 61.61401852840317], [82.54952927495994, 75.78613908858775], [33.44050413272238, 5.639731590147246], [62.26912059761162, 36.68112205332365], [86.22576279291245, 44.93736218104155], [0.8449673453403861, 33.39828105474481], [60.48205652758233, 56.273158661032205], [83.38880856933936, 57.277232925097174], [13.3964753912988, 99.10838087352577], [65.96994735790199, 12.624049718588036], [26.643813352504807, 97.27373786831083], [68.34154316454651, 28.128732603613106], [32.77727288870141, 50.80041238326363], [41.18764121764625, 80.08481933982719], [29.118609915505555, 69.63101766905118], [6.557028346558525, 27.346236333956963], [55.260368664196335, 88.43723636369288], [12.080510120903954, 70.10378281308853], [88.50236452886512, 44.59071266260183], [26.069279758989182, 89.99511253488176]]","[[0.0, 36.808798804880105, 88.99782010794482, 48.626531530079276, 37.580062793748574, 59.79341289884186, 39.41496173208997, 43.09395828906676, 26.769465979313903, 58.53665759716138, 50.09705623065209, 29.781126123193463, 53.845534671921456, 10.531595490089964, 66.26542255250143, 52.158306183133206, 67.54135678376882, 67.53490942071247, 71.52934223792312, 43.64637604588115, 23.60952176409862, 28.874199242311732, 70.8580689006408, 78.21616861778509, 52.01219422567218, 24.05822725645116, 66.75000435512685, 67.2268388087801, 47.76288748277315, 72.89733439477259, 81.32101859573025, 74.1207254222264, 42.68455789083291, 59.48602962282043, 39.28224164917679, 63.87116812326429, 23.72362499406386, 47.35808555565767, 23.12157607155991, 12.563795271071244, 67.76928382243656, 57.31464743431769, 52.412311352803, 18.076553689375068, 70.99153054716176, 12.622396511015863, 75.97575315824976, 36.22261998025359, 31.245156966079186, 79.63320573291298, 18.61779646029679, 19.51437264252721, 63.254243913806164, 59.50107141690563, 50.6629291118783, 43.876167871323034, 43.26829164000473, 30.44318405764596, 41.47030788074968, 77.98282620750936, 22.467485569124307, 58.47265837127821, 32.738119919562244, 47.977356107628964], [36.808798804880105, 0.0, 58.27451978863272, 64.2138075157074, 61.686970759224536, 23.298116864198217, 35.12196473936629, 9.099243937245744, 47.90225239126385, 29.019217366139557, 36.5804476646288, 65.46193735601715, 35.25228641628067, 33.24323220264674, 35.47314149545524, 35.83782648155529, 30.89388639866835, 32.15184468813957, 50.879337877548245, 30.65631235493443, 56.94433722227219, 24.04477955882895, 47.43201670340113, 42.690872110666724, 15.56458579805891, 50.22766429494511, 73.26501231377196, 45.2327972253201, 33.74613388487428, 49.915124555544196, 47.59649079783024, 56.809196901384524, 28.858927431307894, 51.967316533618074, 4.234275320578315, 27.155301724199177, 38.994611509759984, 38.72378251345059, 56.24838286919306, 45.8885249031028, 67.25969413607756, 51.19464173465295, 34.14874221077881, 30.275592564600633, 37.302751086826284, 49.35111978422707, 50.79518349027498, 31.8218137500676, 50.313823298276255, 42.97334323241888, 23.27149662276187, 46.18868766513158, 48.990945060534486, 52.28993545521061, 42.31936473604331, 41.98172905556172, 7.059926407070609, 24.120147156265006, 15.599172206457842, 42.16230192649162, 36.86367608298899, 28.67416183087906, 52.610209579778726, 35.49420429770502], [88.99782010794482, 58.27451978863272, 0.0, 85.83237479026653, 94.07274932849533, 48.55237989448178, 91.47566246081969, 49.304136260952625, 83.86019500405853, 30.594509854175453, 88.40060986485892, 118.6960278057122, 39.19070463847734, 89.33679100863799, 67.93488832731774, 86.01411926067993, 45.28472725945808, 29.763577499325468, 28.596804228094012, 84.6346291110553, 100.85321207635477, 82.09797017128652, 24.1689651852342, 24.39394380939236, 45.065955992985494, 89.41956255192319, 78.70653509687327, 28.062675366671154, 46.288345101340475, 24.016564163472705, 14.711964175331062, 34.67689751709916, 49.23408341031181, 51.54924340889893, 54.18599106567976, 45.1762450559206, 76.20647681185653, 51.386257564180426, 111.46350065647066, 100.61003274219978, 65.75116738205953, 53.594977790607274, 40.331545554412294, 73.66016509712999, 60.95926306231721, 99.74927366211477, 18.77155580368928, 58.41258425603413, 82.98807500608787, 34.0151538417732, 70.5091261257467, 87.70208957350559, 96.67839308276073, 52.032584478095096, 95.55047257462812, 59.25509719767333, 51.541760933161186, 81.958030864763, 68.66772192606399, 26.27797141358779, 94.97677522761012, 67.72195473532238, 84.7786864907049, 88.25685499784325], [48.626531530079276, 64.2138075157074, 85.83237479026653, 0.0, 15.998922557482837, 84.03944355556062, 85.31093668977093, 63.26559593104269, 21.857069745893952, 63.91544954432352, 93.68857369100996, 63.16206501043205, 48.26449092972607, 58.56687681848147, 99.67680985617183, 94.67078836226597, 89.88159542929205, 80.12271419322497, 58.22810630667427, 86.79465867318308, 35.43225543377001, 72.52206713439885, 61.73300946340481, 88.70209566096736, 72.5006926795488, 25.750751764994806, 21.497814638123806, 57.77354048608249, 42.061197045045425, 62.28447950657852, 86.23126563280783, 55.143320794039255, 42.29557700835616, 35.41756812898694, 63.20032795904593, 86.197254526112, 27.461749285520117, 35.57133592611926, 64.73256964565182, 58.014287321123966, 29.88483664107454, 32.97406445244769, 47.56872135401075, 37.0957911861107, 100.66235564514227, 47.19851207658406, 67.3767713423004, 34.32226376427319, 17.410641483160525, 95.23799876496342, 43.88323039608089, 29.564295273845595, 107.37487036917396, 35.01180480301959, 96.26555412347302, 27.805244369969202, 66.4232463941326, 73.90444145342062, 77.49413888681173, 89.54111804362945, 70.80372467363169, 92.80761700073174, 15.930307387987328, 91.80899742579967], [37.580062793748574, 61.686970759224536, 94.07274932849533, 15.998922557482837, 0.0, 83.7035534431369, 76.48384155865222, 63.038599428306625, 13.798647042457533, 68.51772492214711, 86.21169832512086, 47.62369615883361, 55.009410604743266, 48.071180573417735, 96.60639378815537, 87.73580994856215, 90.40242761394528, 83.39150300040349, 68.18922193081444, 79.4341712439685, 20.037630888420875, 64.62119938951888, 70.66326211675803, 92.97574268682023, 72.8307531854833, 13.591053643166916, 37.49666130029201, 66.55976578387232, 48.04065496647588, 71.6839023370123, 92.11695934914887, 66.56554815720952, 46.38665724844447, 46.943584410825004, 61.73842017067048, 86.58628311443579, 22.753668260156815, 42.7069510093397, 50.26425937173, 44.884580070761416, 45.003822379698214, 44.32283930967332, 53.9870567530832, 31.649208417793457, 98.9861012335761, 33.228386093847824, 76.4485599059665, 37.13375557620882, 11.969122967013703, 98.1256144529683, 38.88868741104391, 18.28439521425503, 99.75427788681745, 46.634952156220166, 87.70517262253236, 34.93372098266388, 65.47168379326936, 66.12453790445402, 72.78329642747796, 93.5117874895594, 60.00577720313374, 89.22207632645646, 9.77321399731265, 84.186458337289], [59.79341289884186, 23.298116864198217, 48.55237989448178, 84.03944355556062, 83.7035534431369, 0.0, 45.877856000143105, 20.85158429284162, 70.07973860349352, 29.222815453329904, 40.50106143098644, 87.55576150895342, 44.02752533163926, 54.87929177782162, 21.175951960611815, 37.80640376916381, 7.831634596882201, 18.856347432705956, 53.61175720083211, 37.827324766593755, 80.21236006672653, 40.23282923526197, 48.33737741457951, 26.291366274447665, 11.724372661123924, 72.99327903785975, 89.21339851425175, 48.059097582262076, 46.2524947427274, 50.692417029061794, 34.57758616567621, 61.18467226313058, 43.334439678499095, 63.741358531025455, 22.129744045866385, 4.6134902059676595, 60.98549190008134, 52.80078402644083, 77.61753719651628, 67.82113661014459, 80.57913552468976, 63.871941402638654, 43.577217993739794, 52.97976223078784, 17.760487954885306, 72.40311681476084, 49.14017264235869, 49.8442500858325, 71.95727941649818, 22.2863291006044, 46.26064995252096, 69.15121273788594, 48.1286543168664, 64.17852652548913, 47.841502889295015, 58.473305994834185, 18.25454871754046, 39.46266216333392, 23.672527741471033, 24.95264698063817, 55.33126664361857, 19.266397590721137, 74.25513695023803, 40.67517386948913], [39.41496173208997, 35.12196473936629, 91.47566246081969, 85.31093668977093, 76.48384155865222, 45.877856000143105, 0.0, 43.96868508048558, 64.18859517921895, 63.81898331718399, 12.34461287790136, 54.85371529384049, 69.60871504736181, 29.00705850679989, 38.70815953274843, 15.59113677803992, 52.66351095248623, 62.60012263173719, 85.91085782920703, 8.98743316368284, 62.54001663627568, 13.368813245371426, 82.55364135203469, 71.75897747835633, 46.41033834108359, 62.90432863020913, 100.07410401882863, 80.3073937897038, 66.750142090351, 85.03708010149217, 78.96454393353656, 91.53134320273068, 61.291654589568275, 83.97198979975593, 39.30420407603586, 50.394698145817834, 57.948471404523396, 70.24359929856436, 43.464362794463334, 38.17437308844185, 97.19711576875504, 82.64544826535959, 68.37633664333714, 48.57519861046565, 46.69224699087678, 48.868309837516136, 85.80954677285841, 60.59577005308289, 68.2443056896825, 67.95356646622392, 42.680520308650486, 58.200016478378366, 24.111631409202804, 84.20115729627933, 11.252636327168743, 70.95034119825517, 40.75077965826372, 12.351210913956454, 22.90872439564333, 70.60198506392679, 19.246411367177494, 32.210969454649316, 70.15968077765983, 10.271637064496796], [43.09395828906676, 9.099243937245744, 49.304136260952625, 63.26559593104269, 63.038599428306625, 20.85158429284162, 43.96868508048558, 0.0, 49.53730961333961, 19.94649127439604, 44.35280325748422, 72.50415119626578, 27.963900327961642, 41.03383402595908, 37.877034260869394, 43.160982459079776, 27.37103645082356, 24.477522502352542, 42.4770673049371, 38.87674428495302, 61.11603519840567, 33.143885117865366, 38.70632668620801, 35.161263899902735, 9.866716871213697, 52.86071226799546, 69.70014823314536, 36.757542683074306, 27.88125955100601, 41.20450229819433, 39.16321806050929, 48.80812576666528, 23.85052454117747, 46.18163927450456, 4.9033287393076135, 23.54952941489997, 40.41652565676196, 33.768263622094324, 63.88135311720141, 53.25933780959427, 62.32215850956726, 45.78711500772605, 27.043282590099622, 33.02305606954036, 37.55632785911047, 55.290244593176496, 41.84249776001076, 29.25149757634185, 51.21525915956493, 36.999531019094654, 26.89799324070287, 49.30579732734229, 56.021278044347724, 46.55691020731309, 50.531202066834624, 38.47306057537219, 4.060694306873758, 33.20246729060906, 22.965732665286836, 34.8897159759103, 45.68897972648383, 32.27682230804666, 53.5066420048655, 43.48683540520539], [26.769465979313903, 47.90225239126385, 83.86019500405853, 21.857069745893952, 13.798647042457533, 70.07973860349352, 64.18859517921895, 49.53730961333961, 0.0, 56.61406164759377, 73.31937080782029, 44.82425483605386, 44.73712278608445, 36.784881665739775, 82.8214740029847, 74.64846689550863, 76.90347533866235, 70.71380944627637, 59.85282652502, 66.47490123108318, 18.874789078262175, 51.82110784107156, 61.407790899633504, 80.60887086229337, 59.37685536557672, 6.324381930487336, 40.893955371245255, 57.314573207062956, 37.61650129733371, 62.77226084112305, 80.51414489280018, 59.660962531203495, 34.9195119884649, 41.191359244447575, 48.04360918219751, 73.07631283943354, 9.121511859800664, 33.46989230699205, 44.29027983954061, 36.58551392788147, 44.401017007529944, 38.60933361463135, 43.54569185882997, 17.8765890225394, 85.20459427395065, 26.695333921132104, 67.15608040013547, 25.567316045618846, 4.5396852482309775, 85.20678226907447, 25.123272450740867, 8.196099693578846, 86.95449288306388, 41.009659806434364, 75.30418122643181, 26.57694236851545, 51.82815327281337, 53.27959009249097, 59.11568851713816, 81.01687560636681, 49.00701976708449, 75.4614933814909, 6.028249164625467, 71.34644225348276], [58.53665759716138, 29.019217366139557, 30.594509854175453, 63.91544954432352, 68.51772492214711, 29.222815453329904, 63.81898331718399, 19.94649127439604, 56.61406164759377, 0.0, 63.210626959732025, 88.29627445910009, 16.915127907587433, 58.78413006674007, 50.26903801741166, 61.560852124914796, 31.25870386625612, 16.858931844887323, 24.601559151688015, 58.24010040842556, 72.08906998866637, 53.04277940899413, 19.787811297817484, 24.799692070975386, 19.839993168018946, 61.52192189095418, 63.90084450815859, 18.933453027894863, 21.94271245006205, 22.26615200007276, 23.97337800000525, 32.00422187464323, 22.173145538351474, 36.51551284209168, 24.788043226822516, 28.603135786695695, 48.120251130748144, 28.706211025556204, 80.87810016551327, 70.0292608373482, 53.54236892342399, 37.253237791888196, 17.07274157394721, 44.03554888273321, 46.54908343794554, 69.62201268380439, 22.109229731683502, 31.38899029145866, 56.71595313196269, 31.854786702642134, 40.20182430497375, 59.12273674213444, 73.82661073882443, 36.998434094543384, 69.78088704179814, 36.15553308578857, 23.094443844271456, 53.13891111711407, 42.029795946136936, 25.633997208555922, 64.95914762074572, 46.91764066189691, 58.78864048369927, 62.58151183004926], [50.09705623065209, 36.5804476646288, 88.40060986485892, 93.68857369100996, 86.21169832512086, 40.50106143098644, 12.34461287790136, 44.35280325748422, 73.31937080782029, 63.210626959732025, 0.0, 67.1885466084824, 71.81170023589299, 40.04842747842836, 28.639271258561003, 3.656417560905856, 46.18797517935443, 58.742649479756196, 86.79377240556134, 6.895422195118276, 73.59673890045089, 21.595006336325564, 82.75459050676173, 66.78163206814045, 44.09510866208084, 72.75875860013635, 106.79367019253787, 81.05279031875385, 70.11929854227351, 85.25897418207742, 74.91858910646829, 93.13392882413359, 64.97094100844028, 88.10301262601291, 40.329329196688185, 44.656443772673946, 66.24596196332968, 74.5450331181608, 55.80062564576089, 50.16693879333526, 102.54694602895087, 87.09616062065882, 70.72495044426181, 56.59316470385251, 37.244334843752874, 60.398641945984, 85.27480218132654, 65.97717693388141, 77.10196235860215, 61.48821318401254, 49.98750892718881, 68.04433244198336, 13.686309012091863, 88.39102893468966, 7.400918577289852, 76.46608139099756, 40.55758091248705, 20.08729815160811, 21.388816420788302, 65.39079402284656, 31.37932603345929, 23.493880772200466, 79.15249009302592, 2.1630149227481117], [29.781126123193463, 65.46193735601715, 118.6960278057122, 63.16206501043205, 47.62369615883361, 87.55576150895342, 54.85371529384049, 72.50415119626578, 44.82425483605386, 88.29627445910009, 67.1885466084824, 0.0, 82.53986429561525, 32.6902442470325, 90.00827254769257, 70.27899958799038, 95.38724507200322, 96.97950437737337, 99.87003864311833, 62.36905469987575, 27.73011133833116, 50.283269653847725, 99.77375568403073, 107.66051874207518, 80.9737187152367, 38.87221624423813, 84.32614250097983, 95.9829480596951, 76.00700773857884, 101.67914813332702, 111.06101070664869, 101.52942587294527, 71.34422628600215, 84.79574847825394, 68.39895061329094, 91.89502980412637, 47.41026438037313, 74.35130428393762, 11.389947283809098, 19.73581527471066, 89.18990536494805, 82.34346761785513, 81.12835164358874, 45.932319513485254, 96.21272608273617, 19.670558391224997, 105.0852508476219, 63.71502340113493, 48.82417380789166, 108.41130908016908, 48.19005192461448, 37.046942317067604, 77.86089267542832, 84.69837722759739, 64.5220567121922, 69.22608588507595, 72.2607858218877, 51.64764648146061, 66.38601870729003, 107.32855740948884, 36.15565767662346, 82.3750504041111, 48.99786157763669, 65.08304901627851], [53.845534671921456, 35.25228641628067, 39.19070463847734, 48.26449092972607, 55.009410604743266, 44.02752533163926, 69.60871504736181, 27.963900327961642, 44.73712278608445, 16.915127907587433, 71.81170023589299, 82.53986429561525, 0.0, 57.11590638582606, 64.20745965476758, 70.89732522380024, 47.3844606969194, 33.77199654644942, 17.807589863244615, 65.88195265313242, 62.21980441768038, 57.12252223745679, 17.28499963461979, 41.01550302550016, 32.92867138126049, 50.439016285646645, 46.98579849926357, 13.443883377470534, 7.120847612363329, 19.13978042933302, 37.9671089799684, 22.045973913610624, 11.205948556125591, 19.87878933848845, 31.517132217348124, 44.338036059690886, 37.457319490003634, 12.720801611721031, 76.96482914569623, 66.26767897438225, 36.898290257627444, 20.403323322157302, 1.4363292294869165, 36.60784432331546, 61.77086684641488, 62.98801040858857, 22.808596797214733, 19.582521881098724, 43.80147419886462, 48.70137935468925, 35.52976826253655, 49.08172595069324, 83.8933739258886, 20.341623837187733, 77.52395264691128, 20.63155751334097, 32.005391598606714, 57.673501599073106, 50.58397371291019, 42.075702452918634, 65.93262000347926, 59.584265588816024, 45.61608800896297, 70.74638197712248], [10.531595490089964, 33.24323220264674, 89.33679100863799, 58.56687681848147, 48.071180573417735, 54.87929177782162, 29.00705850679989, 41.03383402595908, 36.784881665739775, 58.78413006674007, 40.04842747842836, 32.6902442470325, 57.11590638582606, 0.0, 58.48273414617607, 42.332232239012185, 62.710748397526054, 65.26927332286519, 74.90993255133601, 33.824530432050885, 33.595924827882534, 19.465141205514865, 73.42315435926535, 75.87924418472323, 48.80395288058079, 34.51309382175316, 75.8092905213689, 70.10811858770998, 51.83323075986173, 75.64467284095898, 80.16547094705325, 78.4632805970635, 46.37804063664741, 65.70892998159341, 36.562037782173945, 59.246276430946615, 32.42849152974355, 52.72208543548103, 23.007919102354695, 12.958843261405601, 75.6644342057458, 63.76126969987725, 55.689456297879204, 24.73093357236345, 64.04839858242023, 20.57949935981432, 78.12085171824071, 41.623076340841436, 41.16058229604912, 75.97181169541605, 22.091937790282365, 29.904647484765825, 52.98356044061061, 65.79236610641237, 40.23358578283126, 50.55889819548871, 40.2207897579755, 21.012593403471026, 34.12648822704087, 75.39527106588605, 12.239348443782733, 50.71150583341099, 42.806155992514825, 37.903453047605495], [66.26542255250143, 35.47314149545524, 67.93488832731774, 99.67680985617183, 96.60639378815537, 21.175951960611815, 38.70815953274843, 37.877034260869394, 82.8214740029847, 50.26903801741166, 28.639271258561003, 90.00827254769257, 64.20745965476758, 58.48273414617607, 0.0, 25.058365400549448, 22.650898561454486, 39.11871784670619, 74.75678109458231, 29.7434500591321, 89.11375892516294, 39.72931961686938, 69.51271603930924, 43.988688082051425, 31.294421044747256, 84.40723254072627, 107.55536494772201, 69.16974643656073, 65.45018271011487, 71.86787855892662, 53.35306697844579, 82.27150180412639, 61.71257236578497, 83.50958545167923, 36.726855978166135, 23.201843075957452, 74.14025687699854, 71.58645693035201, 78.99175422807548, 70.92264889618116, 100.00629636969316, 83.35333626169678, 63.58907117843938, 64.95773813875527, 8.88307410985655, 78.4960555975809, 70.22895955997707, 66.63147865829106, 85.53742821325565, 36.305462904769854, 57.72452014645621, 80.03119190447568, 30.93646460044152, 83.91756438037505, 35.61412182516266, 76.26132480819764, 34.0872183192878, 38.363198942104944, 24.816301103026632, 42.25268902976036, 54.349423356677725, 7.798527295407184, 87.81813131085619, 29.870671785026765], [52.158306183133206, 35.83782648155529, 86.01411926067993, 94.67078836226597, 87.73580994856215, 37.80640376916381, 15.59113677803992, 43.160982459079776, 74.64846689550863, 61.560852124914796, 3.656417560905856, 70.27899958799038, 70.89732522380024, 42.332232239012185, 25.058365400549448, 0.0, 43.190274506670555, 56.281491133015514, 85.4380661911724, 8.518445900433486, 75.74055299599497, 23.35217700073084, 81.22666225425917, 64.02029441202629, 42.155306858403144, 74.37410910446592, 107.1574797072265, 79.68107950859496, 69.55786747665286, 83.727377142057, 72.34241497483745, 91.95823095909763, 64.53515824481484, 87.68885986530337, 39.38609993665157, 41.83774057447057, 67.30046894125184, 74.24185100662449, 58.903197977416184, 52.89993907455872, 102.46950605572017, 86.78413013207667, 69.8589527994978, 57.60997328325656, 33.721610371438956, 62.82117192844034, 83.54001546391838, 66.05989676932852, 78.31371375866698, 58.42420609947654, 50.82219743411405, 69.67298755718909, 13.24656672274643, 87.9938666004974, 10.660540679754394, 76.53370230231725, 39.25988434560383, 21.79652720925175, 20.31668403915378, 62.582165481310334, 34.284792085732434, 20.20453035030477, 80.40808827210009, 5.385573912710381], [67.54135678376882, 30.89388639866835, 45.28472725945808, 89.88159542929205, 90.40242761394528, 7.831634596882201, 52.66351095248623, 27.37103645082356, 76.90347533866235, 31.25870386625612, 46.18797517935443, 95.38724507200322, 47.3844606969194, 62.710748397526054, 22.650898561454486, 43.190274506670555, 0.0, 17.070865384234168, 54.59639396941253, 44.275947363263974, 87.66525353444571, 47.8068226719907, 48.961171544195125, 21.481261183358598, 17.588744908259873, 80.0824522245877, 93.67135229993121, 49.33959232957557, 50.565418602113986, 51.15372502508607, 30.715310902360976, 62.427799590632205, 48.31175862626209, 67.26324976936168, 29.34449023583813, 3.835323811145918, 67.78398726013273, 57.31764722892643, 85.43592682289375, 75.65272394027909, 84.27288114414429, 67.67024635285429, 47.14941881438695, 60.11573751189356, 16.258274896224183, 80.13965744104917, 48.83721632880164, 55.56040526813439, 78.55390799671845, 15.361966521135287, 53.56281016121203, 76.3612026964684, 52.27484618030699, 67.7252952989161, 53.58822103298125, 63.55036723847832, 25.33951978292507, 46.97119356973911, 31.05279945731352, 19.831418457002453, 62.982567979436084, 23.372875178843923, 80.83984463317978, 46.620788967938424], [67.53490942071247, 32.15184468813957, 29.763577499325468, 80.12271419322497, 83.39150300040349, 18.856347432705956, 62.60012263173719, 24.477522502352542, 70.71380944627637, 16.858931844887323, 58.742649479756196, 96.97950437737337, 33.77199654644942, 65.26927332286519, 39.11871784670619, 56.281491133015514, 17.070865384234168, 0.0, 38.057694364329656, 55.2899243201932, 84.42327020077617, 54.53795435811302, 32.26730796639839, 10.684723828949814, 16.927506169057793, 74.97905337133177, 80.75568246080796, 33.09339624647822, 38.52650614159575, 34.35481737690198, 16.367202323471442, 45.983222967513036, 37.86696930359473, 53.234913600567864, 28.715892706762098, 15.922892158806214, 61.79325535131241, 45.36348479559395, 88.22113855993865, 77.67512485298126, 70.2149596409549, 54.06820290907555, 33.91540880862161, 55.96171863764925, 33.32547592410303, 79.6130430208511, 31.801682397230945, 46.551835003629485, 71.43789534734543, 15.137866460068084, 50.641008509052256, 71.96862543264228, 66.9670633926421, 53.72477199969186, 65.95950897252469, 52.564137327810755, 25.10075774527552, 54.14508331956595, 39.695006764179595, 10.554302290121795, 68.6319208432487, 38.109727765287666, 73.61989074382265, 58.68740047290022], [71.52934223792312, 50.879337877548245, 28.596804228094012, 58.22810630667427, 68.18922193081444, 53.61175720083211, 85.91085782920703, 42.4770673049371, 59.85282652502, 24.601559151688015, 86.79377240556134, 99.87003864311833, 17.807589863244615, 74.90993255133601, 74.75678109458231, 85.4380661911724, 54.59639396941253, 38.057694364329656, 0.0, 81.33480882048438, 78.17744602864349, 73.91851321920419, 5.96441681813586, 41.00996649403408, 44.369544600245376, 65.92983910609723, 50.13116512783364, 5.763556402118542, 23.876903227812985, 4.752107056409665, 34.15500879184944, 7.956678792331181, 28.8535280576016, 23.17100740888603, 46.799335485018595, 52.45644385409646, 53.643537926772474, 26.41580110653304, 94.64839968282509, 83.99857114908677, 37.31261972179071, 25.394847398982126, 19.240554289159803, 54.01522118569701, 70.50128619523598, 80.23113206692928, 9.904438715283888, 36.230421335405005, 58.06589457954642, 50.68102229450484, 53.31623388746984, 65.22954860488683, 98.00928171676097, 23.636669512745446, 92.99895900385874, 33.52700137240956, 46.23748599326461, 74.32960206589895, 65.4100927975804, 42.63910105998175, 83.50537565410909, 71.5130045603816, 59.54038955472921, 85.96221056364398], [43.64637604588115, 30.65631235493443, 84.6346291110553, 86.79465867318308, 79.4341712439685, 37.827324766593755, 8.98743316368284, 38.87674428495302, 66.47490123108318, 58.24010040842556, 6.895422195118276, 62.36905469987575, 65.88195265313242, 33.824530432050885, 29.7434500591321, 8.518445900433486, 44.275947363263974, 55.2899243201932, 81.33480882048438, 0.0, 67.22361542861086, 14.891029086528, 77.53451874098077, 63.99607676925799, 39.75634055036292, 66.01814606456635, 99.98148412417474, 75.62825190127198, 63.863843723438194, 80.03738692741044, 71.62776816764925, 87.44423852953898, 58.624788919159904, 81.70490551076281, 34.58926828131221, 42.24310599645706, 59.354764609446285, 68.08463756063375, 51.03979325535964, 44.59063293194291, 95.92312666255557, 80.62695447493306, 64.74873354032074, 49.69898806573043, 37.70958875030495, 54.33606678653814, 80.34915976848755, 59.29871737275456, 70.23223550814794, 59.627309290959886, 43.09793743280213, 61.30879958656146, 20.580665352500294, 81.9802339227236, 11.673067046518435, 69.784863966571, 35.2604995221007, 13.350244969422937, 16.24372809501859, 62.74070280560426, 26.227607990220086, 23.245877161934423, 72.29171333665734, 5.149711874550002], [23.60952176409862, 56.94433722227219, 100.85321207635477, 35.43225543377001, 20.037630888420875, 80.21236006672653, 62.54001663627568, 61.11603519840567, 18.874789078262175, 72.08906998866637, 73.59673890045089, 27.73011133833116, 62.21980441768038, 33.595924827882534, 89.11375892516294, 75.74055299599497, 87.66525353444571, 84.42327020077617, 78.17744602864349, 67.22361542861086, 0.0, 52.48278249535462, 79.28719281574435, 94.8212423180322, 70.82896885075407, 12.551875603963524, 56.65893327824731, 75.24462133900116, 55.16433176626972, 80.8193940598692, 96.01043110731791, 78.38698747423669, 51.636577102615114, 60.06614809128924, 58.36684714295138, 83.86148311011182, 24.76250109263104, 51.7782457784658, 30.530669784825953, 26.77857669765057, 62.25255498829979, 57.48302553110218, 60.928787253294225, 28.466128146779965, 93.15035213259993, 14.64492889337466, 84.9572701458776, 42.64287643053455, 22.124233492595735, 98.03591209658046, 34.23656048483412, 13.159251128122802, 86.5731032675022, 59.8835619306721, 73.71393709905172, 45.28366224948763, 62.41462835537128, 54.05194431910309, 64.33183294324965, 94.95704603693372, 44.257365371665415, 81.37022139721327, 21.83826500192729, 71.46170591314528], [28.874199242311732, 24.04477955882895, 82.09797017128652, 72.52206713439885, 64.62119938951888, 40.23282923526197, 13.368813245371426, 33.143885117865366, 51.82110784107156, 53.04277940899413, 21.595006336325564, 50.283269653847725, 57.12252223745679, 19.465141205514865, 39.72931961686938, 23.35217700073084, 47.8068226719907, 54.53795435811302, 73.91851321920419, 14.891029086528, 52.48278249535462, 0.0, 70.96915792348672, 64.5110875983935, 37.672426097673764, 51.164444368154875, 86.78630328638468, 68.43805089925335, 53.833736560199135, 73.41573727121082, 70.64497664101009, 79.15192917855687, 48.3125500266167, 70.78005908610024, 28.263764474778068, 44.83676209890615, 45.06964413824424, 57.0536569103543, 39.34443727231721, 31.314601623857754, 83.83545998544814, 69.39524449042517, 55.83804542341615, 35.542861365205724, 46.116236635701924, 40.031757821366206, 74.64035370993, 47.25874266642815, 55.69776338751802, 62.42374734844982, 29.407107964938128, 46.45068779995349, 35.154889939945825, 70.99666080849425, 23.80905475284935, 57.5918324663769, 30.560978544209632, 1.5694721472040514, 16.91598521547512, 63.62529566416666, 15.291057863373025, 32.09803327988971, 57.704276533365785, 19.566514812362193], [70.8580689006408, 47.43201670340113, 24.1689651852342, 61.73300946340481, 70.66326211675803, 48.33737741457951, 82.55364135203469, 38.70632668620801, 61.407790899633504, 19.787811297817484, 82.75459050676173, 99.77375568403073, 17.28499963461979, 73.42315435926535, 69.51271603930924, 81.22666225425917, 48.961171544195125, 32.26730796639839, 5.96441681813586, 77.53451874098077, 79.28719281574435, 70.96915792348672, 0.0, 35.050606554965626, 39.61765991888058, 67.30044442621993, 55.11719070392718, 4.112119775308568, 24.16869998773685, 2.5047356208534315, 28.36726978114145, 13.894355111554624, 28.438306291747757, 27.48968223558788, 43.2572975341705, 46.957085816869025, 54.55073947151172, 28.09560260550972, 93.94134642696409, 83.17267691841207, 42.58809570875997, 29.45757544146764, 18.67353180922861, 53.853794245996994, 64.97572876128683, 80.252753262073, 5.788155466839743, 36.75050377041354, 60.02606721699199, 44.720080288885164, 52.35797403110471, 66.19079784141336, 93.59211586467889, 27.98162673908413, 89.15719403669597, 35.732382065397616, 42.28090462802979, 71.27178350654454, 61.4380212658243, 36.67536259937517, 81.36324999806939, 66.58412912424727, 61.65966796924843, 82.02915346689178], [78.21616861778509, 42.690872110666724, 24.39394380939236, 88.70209566096736, 92.97574268682023, 26.291366274447665, 71.75897747835633, 35.161263899902735, 80.60887086229337, 24.799692070975386, 66.78163206814045, 107.66051874207518, 41.01550302550016, 75.87924418472323, 43.988688082051425, 64.02029441202629, 21.481261183358598, 10.684723828949814, 41.00996649403408, 63.99607676925799, 94.8212423180322, 64.5110875983935, 35.050606554965626, 0.0, 27.257378455546185, 85.09391750934348, 87.44214561059036, 37.01840289438152, 46.67065790959693, 36.632573322336626, 9.706049379902653, 48.87786261176195, 46.852922490425044, 59.42802501859528, 39.354134725992964, 22.196895195705295, 71.80583991793708, 53.34310567026391, 98.8518420295041, 88.33340122223923, 76.05120755802471, 60.62807362046067, 41.449507790576874, 66.35848951713052, 36.66040775495172, 90.26954712219869, 32.791409322955154, 55.892101638682334, 81.07628304316081, 10.185720943408553, 61.211098096169565, 82.23442575908307, 73.68233944761516, 59.932363458262266, 74.13086990015907, 60.917912178811704, 35.666454500086985, 64.01731225116849, 49.00578363942113, 1.9152508091695852, 78.89235348565718, 44.677461270816025, 83.20985516223983, 66.96441262883245], [52.01219422567218, 15.56458579805891, 45.065955992985494, 72.5006926795488, 72.8307531854833, 11.724372661123924, 46.41033834108359, 9.866716871213697, 59.37685536557672, 19.839993168018946, 44.09510866208084, 80.9737187152367, 32.92867138126049, 48.80395288058079, 31.294421044747256, 42.155306858403144, 17.588744908259873, 16.927506169057793, 44.369544600245376, 39.75634055036292, 70.82896885075407, 37.672426097673764, 39.61765991888058, 27.257378455546185, 0.0, 62.72505102680315, 77.52819234606199, 38.644923607192226, 34.6645822801697, 42.08563354513942, 32.98151387129062, 51.552103176404586, 31.615220662924624, 52.406547428412445, 12.746132556043825, 13.799604535195009, 50.25536684187043, 41.13837871566091, 71.81082570849462, 61.44105090849472, 69.12055375003088, 52.412474142363, 32.35135375240806, 42.86026297086388, 29.298246261417162, 64.41784686538725, 41.48132322402585, 38.22953673620396, 60.9694418984428, 27.628763414115216, 36.59309671526072, 59.143045208309005, 54.11857183851516, 52.82995972720231, 50.98342272874357, 46.74956162634961, 8.746866465825812, 37.33813676709594, 23.637366130872945, 26.642424640547485, 51.711934659709904, 27.206816015156278, 63.253954556183075, 43.6936107466362], [24.05822725645116, 50.22766429494511, 89.41956255192319, 25.750751764994806, 13.591053643166916, 72.99327903785975, 62.90432863020913, 52.86071226799546, 6.324381930487336, 61.52192189095418, 72.75875860013635, 38.87221624423813, 50.439016285646645, 34.51309382175316, 84.40723254072627, 74.37410910446592, 80.0824522245877, 74.97905337133177, 65.92983910609723, 66.01814606456635, 12.551875603963524, 51.164444368154875, 67.30044442621993, 85.09391750934348, 62.72505102680315, 0.0, 45.9786989114826, 63.22435874439067, 43.328653852455396, 68.73530155576391, 85.489599800964, 65.91072774312823, 40.254420316401664, 47.514912780078866, 50.863623723431736, 76.24720287909558, 13.40333475038278, 39.515990709047216, 39.13900910896306, 32.32983228329567, 50.33622989145991, 44.93366254815489, 49.20209973551481, 20.01832668136753, 87.39202708364098, 21.523116973222454, 73.02171147968104, 31.0069984426095, 9.954663510155969, 89.18273212773367, 26.973679212815345, 4.71787872373339, 86.2576983160678, 47.333947723337886, 74.13234524854109, 32.80716755060933, 54.78701295516868, 52.68206256374145, 60.14985502231972, 85.39968819348927, 46.519941016079486, 76.87068936992088, 10.28728886423698, 70.71593373978246], [66.75000435512685, 73.26501231377196, 78.70653509687327, 21.497814638123806, 37.49666130029201, 89.21339851425175, 100.07410401882863, 69.70014823314536, 40.893955371245255, 63.90084450815859, 106.79367019253787, 84.32614250097983, 46.98579849926357, 75.8092905213689, 107.55536494772201, 107.1574797072265, 93.67135229993121, 80.75568246080796, 50.13116512783364, 99.98148412417474, 56.65893327824731, 86.78630328638468, 55.11719070392718, 87.44214561059036, 77.52819234606199, 45.9786989114826, 0.0, 51.81709024155693, 43.11036488309639, 54.79828566493837, 82.73990892447131, 44.567764509534044, 45.98788414395497, 28.104041588621392, 71.10971398202942, 90.33705035973216, 43.38080808679867, 36.42629035229362, 85.06644842572184, 77.40932763833533, 13.41296473769256, 26.820223500569313, 46.9155350835899, 51.87295028092151, 106.79885306167971, 67.43064730781478, 60.023605779327745, 41.47485010773886, 36.415228364004015, 95.61737672333619, 57.39401805912777, 49.07309362054217, 120.30081005011323, 27.596718090030368, 110.46637429544737, 31.35334320273306, 73.47253667711422, 87.99106141671722, 88.17692207808054, 88.67074999834097, 87.89523070954823, 101.54701990766428, 35.695167802042604, 105.12407068497481], [67.2268388087801, 45.2327972253201, 28.062675366671154, 57.77354048608249, 66.55976578387232, 48.059097582262076, 80.3073937897038, 36.757542683074306, 57.314573207062956, 18.933453027894863, 81.05279031875385, 95.9829480596951, 13.443883377470534, 70.10811858770998, 69.16974643656073, 79.68107950859496, 49.33959232957557, 33.09339624647822, 5.763556402118542, 75.62825190127198, 75.24462133900116, 68.43805089925335, 4.112119775308568, 37.01840289438152, 38.644923607192226, 63.22435874439067, 51.81709024155693, 0.0, 20.187473502185938, 5.69621743244359, 31.093788020178366, 13.142214349148619, 24.64741529006283, 23.92690850415744, 41.1270691086265, 47.063810943176414, 50.524248267312686, 23.983989671136253, 90.33577651052126, 79.60309595001073, 39.57658196598851, 25.762636161436042, 14.860878069898837, 50.05065383775128, 65.10851335531356, 76.42226738287047, 9.899180670602023, 32.76549724133068, 55.91495978902095, 46.35577102619879, 48.808255740207095, 62.16351098801366, 92.24572601316893, 24.427165710692446, 87.28759176442365, 31.627034081702458, 40.49521183167122, 68.81237395012096, 59.673126973461144, 38.535039203070625, 78.36696253463415, 65.81202641773127, 57.547609227177105, 80.23508534132377], [47.76288748277315, 33.74613388487428, 46.288345101340475, 42.061197045045425, 48.04065496647588, 46.2524947427274, 66.750142090351, 27.88125955100601, 37.61650129733371, 21.94271245006205, 70.11929854227351, 76.00700773857884, 7.120847612363329, 51.83323075986173, 65.45018271011487, 69.55786747665286, 50.565418602113986, 38.52650614159575, 23.876903227812985, 63.863843723438194, 55.16433176626972, 53.833736560199135, 24.16869998773685, 46.67065790959693, 34.6645822801697, 43.328653852455396, 43.11036488309639, 20.187473502185938, 0.0, 25.84829035708713, 44.43252133737908, 26.632373424782813, 5.596673605639783, 18.340724609513853, 30.521773336399445, 47.23086606465962, 30.40725941806915, 6.858951439204418, 70.85983819516936, 60.282896068908336, 34.557217046130134, 17.924281756168703, 5.968012676782167, 30.139243830636527, 63.951403526272465, 56.38448297465905, 29.798388796599646, 12.582472996408992, 36.72986227157064, 53.649252103160194, 29.865979930959003, 42.04362365581297, 82.7340851152012, 18.700077523173658, 75.36923017433212, 14.256966228557532, 31.901278239590816, 54.548391488844516, 49.343073838049705, 47.565959418188434, 61.35562662326051, 60.14575719110874, 38.577031539335806, 68.874909997037], [72.89733439477259, 49.915124555544196, 24.016564163472705, 62.28447950657852, 71.6839023370123, 50.692417029061794, 85.03708010149217, 41.20450229819433, 62.77226084112305, 22.26615200007276, 85.25897418207742, 101.67914813332702, 19.13978042933302, 75.64467284095898, 71.86787855892662, 83.727377142057, 51.15372502508607, 34.35481737690198, 4.752107056409665, 80.03738692741044, 80.8193940598692, 73.41573727121082, 2.5047356208534315, 36.632573322336626, 42.08563354513942, 68.73530155576391, 54.79828566493837, 5.69621743244359, 25.84829035708713, 0.0, 29.50492755301036, 12.278253228952222, 30.34213558537438, 27.559252685392646, 45.745200475929884, 49.225949143708306, 56.12721693334413, 29.338480131718068, 96.00029540043083, 85.25542437102328, 42.04070289866539, 29.672824626063303, 20.55533130854077, 55.74686256073632, 67.22160092522394, 82.11723658237065, 5.24636832665833, 38.41468713618253, 61.24008449214948, 46.4406516474706, 54.44985545432457, 67.76221207329345, 96.08155886088007, 28.038013671285672, 91.66109322455931, 36.80798459935645, 44.78477414258063, 73.72922485747931, 63.94268703613969, 38.308228598806, 83.70567949012744, 69.01548982291801, 62.81432474283045, 84.53381670984086], [81.32101859573025, 47.59649079783024, 14.711964175331062, 86.23126563280783, 92.11695934914887, 34.57758616567621, 78.96454393353656, 39.16321806050929, 80.51414489280018, 23.97337800000525, 74.91858910646829, 111.06101070664869, 37.9671089799684, 80.16547094705325, 53.35306697844579, 72.34241497483745, 30.715310902360976, 16.367202323471442, 34.15500879184944, 71.62776816764925, 96.01043110731791, 70.64497664101009, 28.36726978114145, 9.706049379902653, 32.98151387129062, 85.489599800964, 82.73990892447131, 31.093788020178366, 44.43252133737908, 29.50492755301036, 0.0, 41.7248235700369, 45.7692786130745, 54.66036136198187, 43.81444599942554, 30.893384037268227, 72.08662477554243, 50.67552627875871, 102.90006061545841, 92.17515694236175, 70.66921885100821, 56.19357391924154, 38.70619606140016, 67.80591010898331, 46.25746253628253, 92.897455174298