instance_id,num_cities,city_coordinates,distance_matrix,best_route,total_distance
1387,35,"[[58.02372814637874, 37.294831972736084], [56.505998069371756, 40.29186141098553], [22.470279980666707, 71.57838265044649], [21.68425895519752, 6.348272610617778], [50.60412319465826, 87.04890883576817], [70.98417110349527, 69.50203373193445], [28.71865934100071, 42.48800941478874], [65.87065521213994, 7.703448695902038], [40.19431108887132, 47.64500306220407], [98.79665898897233, 45.06124520985209], [55.67491134477335, 59.56441013629848], [22.655834040930067, 57.14577465156789], [58.44962866788484, 35.021092318170744], [72.56378450829551, 70.64310823752358], [34.02830444651869, 23.020686340916384], [45.02742346666126, 30.928050240017534], [51.250034727390414, 84.66439299842429], [32.921928878739735, 3.8916335913610545], [44.622592728717635, 32.91540061541108], [64.32988161866008, 24.33697259068429], [80.57237815871365, 25.10070178089949], [50.20274840152992, 61.414003684279194], [2.2660007378275338, 35.67076873607582], [88.19411168662404, 73.71874717438878], [53.313062281234544, 71.4013737658097], [77.43416602299969, 0.5815718052877283], [7.336723510803466, 55.64266549565487], [66.08866704863003, 35.1117947963307], [86.64969651824201, 7.59102646930736], [88.34128479046619, 95.270255031514], [31.96272139079722, 35.716758692682525], [3.6205599380831788, 54.39750858659145], [6.674792713609257, 89.57209812673561], [24.371503690916217, 87.5898117286797], [60.05062197663562, 53.41305684778702]]","[[0.0, 3.359418110385401, 49.39037885603946, 47.730981107137545, 50.30426127210398, 34.717098479025886, 29.761655693737623, 30.61411812566008, 20.615871414805518, 41.50601238452774, 22.39310277631304, 40.55795678646172, 2.313284087820188, 36.38022496962196, 27.920092980758547, 14.472036655568731, 47.851418310232404, 41.78365695554109, 14.098576151371185, 14.410887945612295, 25.634711399082143, 25.355515538443246, 55.781374554262946, 47.296444280544925, 34.43031463660638, 41.5286475903672, 53.905615977480224, 8.35517150096958, 41.25241964554854, 65.42403166812429, 26.10874160873489, 57.028118138846345, 73.27773008639687, 60.51493368955805, 16.245167642158826], [3.359418110385401, 0.0, 46.23068804464244, 48.628394334833466, 47.12805545447581, 32.60140581977335, 27.873988944172275, 33.90724770149023, 17.892451600960452, 42.55874790025573, 19.290459805649146, 37.81385984362724, 5.617713657107128, 34.337307542140216, 28.346784630780043, 14.813461261823162, 44.68273391513216, 43.3726285220193, 13.986689971502685, 17.76996429543397, 28.45983101691624, 22.042591739366934, 54.43649334808432, 46.059670390261154, 31.272937148629396, 44.88758530444303, 51.50985096718657, 10.893146235055342, 44.474567587097496, 63.530380493965694, 24.966056857343016, 54.7342566276462, 70.08345566514636, 57.181481558403654, 13.591546208385807], [49.39037885603946, 46.23068804464244, 0.0, 65.23484563376111, 32.10685774784232, 48.558303684427344, 29.753857894742325, 77.22434692459426, 29.781671162638, 80.80145240379588, 35.31123163523072, 14.433800745423037, 51.29277735115078, 50.10223482128353, 49.914304567346086, 46.48950685182751, 31.61515380492317, 68.48892584116203, 44.55952356038976, 63.11875374027991, 74.40449335693954, 29.536492758654322, 41.20157323144503, 65.75867406212167, 30.84329022956956, 89.786279124696, 21.97661513209119, 56.85398596521281, 90.6276958669675, 70.00210062257716, 37.09666449713277, 25.50479130049532, 23.94308281415367, 16.123911210488206, 41.74040208300287], [47.730981107137545, 48.628394334833466, 65.23484563376111, 0.0, 85.72602425619012, 80.11790612340168, 36.81797611306924, 44.207172680433445, 45.255297767027194, 86.28450895982418, 63.14524323352582, 50.80679257488655, 46.624274794278826, 81.99117030997415, 20.7447544860395, 33.89791730652491, 83.71110923652243, 11.503056140931413, 35.099564765513634, 46.284365171483955, 61.80181375262345, 62.01240987880871, 35.16926969989509, 94.6696432511698, 72.33455031825913, 56.047363686856606, 51.33993516973448, 52.906442581750795, 64.97732308206548, 111.13180485741177, 31.11518543721803, 51.33250724497782, 84.56647805362715, 81.28597026880612, 60.72126255920628], [50.30426127210398, 47.12805545447581, 32.10685774784232, 85.72602425619012, 0.0, 26.89310652706436, 49.6452141227772, 80.80079853966716, 40.75576006271637, 63.91779410343664, 27.94835525079247, 40.930481314769416, 52.61602082749333, 27.411257145177043, 66.13902813786592, 56.3972548035849, 2.4704488431578997, 85.01642442434277, 54.462972917005224, 64.1964437638217, 68.81625289786936, 25.638047192608, 70.54280518065026, 39.8835861570224, 15.88029296771194, 90.53425634152705, 53.464193589175636, 54.19626290724397, 87.25158122571864, 38.6223238371078, 54.61219185791101, 57.215112990507414, 44.00173361029396, 26.238195478494085, 34.93718474913621], [34.717098479025886, 32.60140581977335, 48.558303684427344, 80.11790612340168, 26.89310652706436, 0.0, 50.161050570665935, 62.00978275423058, 37.7590422206082, 37.02548616778665, 18.251843662725232, 49.88291593014641, 36.68855509351007, 1.9486481303534744, 59.382251015372724, 46.49413888133607, 24.88640747550388, 75.85155825546444, 45.09450672989592, 45.65262661053417, 45.42479492039273, 22.299860079595458, 76.59465666497204, 17.718993400602578, 17.772888892143058, 69.22161878086926, 65.138925942736, 34.736932708561326, 63.86220718698298, 31.068804683903412, 51.615098054334084, 69.0362425767157, 67.36841718272, 49.999084753375755, 19.45244647051069], [29.761655693737623, 27.873988944172275, 29.753857894742325, 36.81797611306924, 49.6452141227772, 50.161050570665935, 0.0, 50.894365715814374, 12.581143291366168, 70.1252278222189, 31.909919832122338, 15.862154089394918, 30.65428824885502, 52.10666551079346, 20.178429047105578, 19.99020868897595, 47.81746761379538, 38.82457599910343, 18.56259508869543, 39.97023004560843, 54.691193276266524, 28.631439744615292, 27.316989542179243, 67.1765465971973, 37.95875780477375, 64.26001948648077, 25.10442503728259, 38.091022802831496, 67.62990822948181, 79.62928429812466, 7.508247127296351, 27.78040251979619, 51.98887828873311, 45.31081917387239, 33.182051534136406], [30.61411812566008, 33.90724770149023, 77.22434692459426, 44.207172680433445, 80.80079853966716, 62.00978275423058, 50.894365715814374, 0.0, 47.482653808867624, 49.796854168608675, 52.85368969647464, 65.6663107290638, 28.30768955679387, 63.29453944054168, 35.3348704731559, 31.206128027659275, 78.33740799448887, 33.16848657060655, 32.97154347147027, 16.704732874986565, 22.7772929142439, 55.949146740459284, 69.48181820466542, 69.68756232048787, 64.92394626353126, 13.580718416856177, 75.65969645584383, 27.40921314306072, 20.779345426594375, 90.40395326237079, 43.98287749804779, 77.81651232678341, 101.02784713421185, 90.02227821815126, 46.078640000126356], [20.615871414805518, 17.892451600960452, 29.781671162638, 45.255297767027194, 40.75576006271637, 37.7590422206082, 12.581143291366168, 47.482653808867624, 0.0, 58.659278754891474, 19.537687920555125, 19.94649939098149, 22.19503868849883, 39.70762711502498, 25.384574290380073, 17.401594378549245, 38.635013348273, 44.3536343839187, 15.38086039603669, 33.55279495451463, 46.24536539545251, 17.022167769474073, 39.77359694297366, 54.62436259995817, 27.137921472623194, 60.01477615712163, 33.81691390191939, 28.76802009187368, 61.338600214674805, 67.72219504536402, 14.49282866442787, 37.191875511953675, 53.67904072037611, 42.964508298758986, 20.677125683830543], [41.50601238452774, 42.55874790025573, 80.80145240379588, 86.28450895982418, 63.91779410343664, 37.02548616778665, 70.1252278222189, 49.796854168608675, 58.659278754891474, 0.0, 45.495350452257036, 77.09384589963138, 41.57748820959595, 36.64144401474225, 68.41583139443674, 55.595664297758994, 61.87964765119094, 77.68150994872188, 55.518924666124235, 40.217585928151586, 27.02864602156824, 51.27163792881299, 96.9863342476859, 30.555955690273496, 52.56006032927006, 49.34366678610275, 92.07000734732028, 34.18777998496857, 39.389922438735525, 51.2860557744747, 67.4840325050773, 95.63292134189203, 102.31155493610832, 85.71920853161278, 39.63594507258419], [22.39310277631304, 19.290459805649146, 35.31123163523072, 63.14524323352582, 27.94835525079247, 18.251843662725232, 31.909919832122338, 52.85368969647464, 19.537687920555125, 45.495350452257036, 0.0, 33.10754088731412, 24.69966610593757, 20.19830657138434, 42.47374882254616, 30.551761098566338, 25.48702950047478, 60.14279889830675, 28.85001655519731, 36.275072246268664, 42.516244511448285, 5.776293237893877, 58.50998061513235, 35.466091522202966, 12.070295728163023, 62.86843708677722, 48.497015208140084, 26.577748302368185, 60.503470366077295, 48.39420744029862, 33.63002277414698, 52.31015553404092, 57.45844554458099, 42.015788284379546, 7.5489065972413005], [40.55795678646172, 37.81385984362724, 14.433800745423037, 50.80679257488655, 40.930481314769416, 49.88291593014641, 15.862154089394918, 65.6663107290638, 19.94649939098149, 77.09384589963138, 33.10754088731412, 0.0, 42.07965425416839, 51.70088523210768, 35.97019231719165, 34.4653026499622, 39.68504338686694, 54.23464062091045, 32.705496681438014, 53.039077425810724, 66.19073030140716, 27.875621425645416, 29.612854999116998, 67.60125187454923, 33.809580735112554, 78.74118806808137, 15.39267632898273, 48.70223045544988, 80.9375531022057, 75.94770861856618, 23.3628097006606, 19.232644813816286, 36.150520549803275, 30.492341922201426, 37.58062462172565], [2.313284087820188, 5.617713657107128, 51.29277735115078, 46.624274794278826, 52.61602082749333, 36.68855509351007, 30.65428824885502, 28.30768955679387, 22.19503868849883, 41.57748820959595, 24.69966610593757, 42.07965425416839, 0.0, 38.31628130763769, 27.210490997848737, 14.032411977891968, 50.16265000314543, 40.25800115689883, 13.986452745785558, 12.195400326203572, 24.245209701009955, 27.65134362932208, 56.1873840539947, 48.80822432155302, 36.74111038678456, 39.32547815024048, 55.11604443273418, 7.639576841818038, 39.340212750285545, 67.25676704547705, 26.49604137998096, 58.15214772632592, 75.2093469777409, 62.6481353466064, 18.46151507415705], [36.38022496962196, 34.337307542140216, 50.10223482128353, 81.99117030997415, 27.411257145177043, 1.9486481303534744, 52.10666551079346, 63.29453944054168, 39.70762711502498, 36.64144401474225, 20.19830657138434, 51.70088523210768, 38.31628130763769, 0.0, 61.26074020847325, 48.32739400340661, 25.51220014168317, 77.63527603603802, 46.9477381828215, 47.03249254865647, 46.24119762849869, 24.190748368390565, 78.51651376139922, 15.93005595004477, 19.265650076622027, 70.23061656673879, 66.92968525865507, 36.116497351940964, 64.60633043640367, 29.24766442584174, 53.55647690802205, 70.83140350266325, 68.55410927104316, 51.08509263570252, 21.294457199860712], [27.920092980758547, 28.346784630780043, 49.914304567346086, 20.7447544860395, 66.13902813786592, 59.382251015372724, 20.178429047105578, 35.3348704731559, 25.384574290380073, 68.41583139443674, 42.47374882254616, 35.97019231719165, 27.210490997848737, 61.26074020847325, 0.0, 13.546476407245915, 64.0041761476857, 19.161021005996748, 14.496355223994305, 30.330153125405886, 46.59052759903891, 41.66124642736896, 34.18871921390824, 74.19048487674627, 52.08255754519803, 48.86289676574334, 42.150136616860784, 34.26458454234417, 54.83689731667509, 90.38749918998428, 12.8630045681934, 43.69365972686403, 71.95349202650343, 65.28725567960493, 40.01071349857599], [14.472036655568731, 14.813461261823162, 46.48950685182751, 33.89791730652491, 56.3972548035849, 46.49413888133607, 19.99020868897595, 31.206128027659275, 17.401594378549245, 55.595664297758994, 30.551761098566338, 34.4653026499622, 14.032411977891968, 48.32739400340661, 13.546476407245915, 0.0, 54.09542886373236, 29.62280919187015, 2.0281640567175163, 20.396744722852368, 36.01946410101131, 30.922117417589025, 43.02362900229212, 60.781631402987884, 41.312730819797, 44.3971363547506, 45.071066887712796, 21.472766466654935, 47.718238572426756, 77.56294153916983, 13.914674591082298, 47.595628185326625, 70.07173922645015, 60.30938763393353, 27.042041631902226], [47.851418310232404, 44.68273391513216, 31.61515380492317, 83.71110923652243, 2.4704488431578997, 24.88640747550388, 47.81746761379538, 78.33740799448887, 38.635013348273, 61.87964765119094, 25.48702950047478, 39.68504338686694, 50.16265000314543, 25.51220014168317, 64.0041761476857, 54.09542886373236, 0.0, 82.82607153686975, 52.17165130703581, 61.72908591378347, 66.39000780058024, 23.27396424994347, 69.28066688659133, 38.531441510473016, 13.42250952142053, 88.06548445050808, 52.63686511609353, 51.726637216651405, 84.81414907336087, 38.57778040150252, 52.61056319668659, 56.432713568501235, 44.844595774893705, 27.037261426151055, 32.46684997242118], [41.78365695554109, 43.3726285220193, 68.48892584116203, 11.503056140931413, 85.01642442434277, 75.85155825546444, 38.82457599910343, 33.16848657060655, 44.3536343839187, 77.68150994872188, 60.14279889830675, 54.23464062091045, 40.25800115689883, 77.63527603603802, 19.161021005996748, 29.62280919187015, 82.82607153686975, 0.0, 31.293523080607486, 37.47627759143533, 52.157357007922265, 60.06204945292734, 44.15540013097852, 89.05526364951842, 70.52207696785386, 44.635140468183344, 57.73016574442438, 45.549214993173585, 53.8549767727157, 106.870751218345, 31.839577049949753, 58.39018437057988, 89.61056946515002, 84.1337910378398, 56.46536416726549], [14.098576151371185, 13.986689971502685, 44.55952356038976, 35.099564765513634, 54.462972917005224, 45.09450672989592, 18.56259508869543, 32.97154347147027, 15.38086039603669, 55.518924666124235, 28.85001655519731, 32.705496681438014, 13.986452745785558, 46.9477381828215, 14.496355223994305, 2.0281640567175163, 52.17165130703581, 31.293523080607486, 0.0, 21.49340975199298, 36.78935430714802, 29.03977469281947, 42.446118062351836, 59.69414003661695, 39.45496661228376, 46.0659942644073, 43.66651591634214, 21.57814853285564, 49.06731477090732, 76.15413255262898, 12.966107718578955, 46.28874221503231, 68.19103239339017, 58.304355221541314, 25.654979974563865], [14.410887945612295, 17.76996429543397, 63.11875374027991, 46.284365171483955, 64.1964437638217, 45.65262661053417, 39.97023004560843, 16.704732874986565, 33.55279495451463, 40.217585928151586, 36.275072246268664, 53.039077425810724, 12.195400326203572, 47.03249254865647, 30.330153125405886, 20.396744722852368, 61.72908591378347, 37.47627759143533, 21.49340975199298, 0.0, 16.260442064397846, 39.67722429366684, 63.09025475503696, 54.84579416666804, 48.3366131031811, 27.13008175853213, 65.02512190967018, 10.917422761438045, 27.90342001711723, 74.8871019609488, 34.30936596533634, 67.74405924711772, 87.06164988302078, 74.81706774281876, 29.389296330637052], [25.634711399082143, 28.45983101691624, 74.40449335693954, 61.80181375262345, 68.81625289786936, 45.42479492039273, 54.691193276266524, 22.7772929142439, 46.24536539545251, 27.02864602156824, 42.516244511448285, 66.19073030140716, 24.245209701009955, 46.24119762849869, 46.59052759903891, 36.01946410101131, 66.39000780058024, 52.157357007922265, 36.78935430714802, 16.260442064397846, 0.0, 47.33888789055378, 79.01654928063597, 49.21183963086382, 53.729159014099906, 24.7191446083736, 79.349055818336, 17.606813195009913, 18.534360737841475, 70.59831523233196, 49.75539564156695, 82.34005839487239, 98.06841530991717, 84.04419761655703, 34.96758393469828], [25.355515538443246, 22.042591739366934, 29.536492758654322, 62.01240987880871, 25.638047192608, 22.299860079595458, 28.631439744615292, 55.949146740459284, 17.022167769474073, 51.27163792881299, 5.776293237893877, 27.875621425645416, 27.65134362932208, 24.190748368390565, 41.66124642736896, 30.922117417589025, 23.27396424994347, 60.06204945292734, 29.03977469281947, 39.67722429366684, 47.33888789055378, 0.0, 54.411817853954076, 39.93432604436179, 10.460478649456428, 66.64934263732113, 43.252796839277956, 30.72732665962921, 65.00225306330297, 50.99797754006873, 31.512648024410744, 47.10765845910776, 51.84169373197484, 36.775346770314904, 12.688410626695502], [55.781374554262946, 54.43649334808432, 41.20157323144503, 35.16926969989509, 70.54280518065026, 76.59465666497204, 27.316989542179243, 69.48181820466542, 39.77359694297366, 96.9863342476859, 58.50998061513235, 29.612854999116998, 56.1873840539947, 78.51651376139922, 34.18871921390824, 43.02362900229212, 69.28066688659133, 44.15540013097852, 42.446118062351836, 63.09025475503696, 79.01654928063597, 54.411817853954076, 0.0, 93.97493769336062, 62.30953882037024, 82.95483598673792, 20.605554824261848, 63.82511407655577, 88.93300871627858, 104.69504903013586, 29.69675626422228, 18.775665528973594, 54.08133464298123, 56.42907305704093, 60.44709454681407], [47.296444280544925, 46.059670390261154, 65.75867406212167, 94.6696432511698, 39.8835861570224, 17.718993400602578, 67.1765465971973, 69.68756232048787, 54.62436259995817, 30.555955690273496, 35.466091522202966, 67.60125187454923, 48.80822432155302, 15.93005595004477, 74.19048487674627, 60.781631402987884, 38.531441510473016, 89.05526364951842, 59.69414003661695, 54.84579416666804, 49.21183963086382, 39.93432604436179, 93.97493769336062, 0.0, 34.95794369147036, 73.92444015110829, 82.85325552729711, 44.48761012422518, 66.14575318084738, 21.55201036651162, 67.86840489627954, 86.75249803855627, 83.04654178376366, 65.31256941235044, 34.7041362476589], [34.43031463660638, 31.272937148629396, 30.84329022956956, 72.33455031825913, 15.88029296771194, 17.772888892143058, 37.95875780477375, 64.92394626353126, 27.137921472623194, 52.56006032927006, 12.070295728163023, 33.809580735112554, 36.74111038678456, 19.265650076622027, 52.08255754519803, 41.312730819797, 13.42250952142053, 70.52207696785386, 39.45496661228376, 48.3366131031811, 53.729159014099906, 10.460478649456428, 62.30953882037024, 34.95794369147036, 0.0, 74.81491826800688, 48.60206387672534, 38.47271265396749, 71.99369142051448, 42.38749656481888, 41.58399703077056, 52.52119781723504, 50.05300602424623, 33.161413379325666, 19.208702616062176], [41.5286475903672, 44.88758530444303, 89.786279124696, 56.047363686856606, 90.53425634152705, 69.22161878086926, 64.26001948648077, 13.580718416856177, 60.01477615712163, 49.34366678610275, 62.86843708677722, 78.74118806808137, 39.32547815024048, 70.23061656673879, 48.86289676574334, 44.3971363547506, 88.06548445050808, 44.635140468183344, 46.0659942644073, 27.13008175853213, 24.7191446083736, 66.64934263732113, 82.95483598673792, 73.92444015110829, 74.81491826800688, 0.0, 89.13683573657998, 36.346342963062675, 11.578361585115907, 95.3148045737085, 57.46419436963868, 91.34880127789583, 113.69345929342632, 101.912118751085, 55.61792350859303], [53.905615977480224, 51.50985096718657, 21.97661513209119, 51.33993516973448, 53.464193589175636, 65.138925942736, 25.10442503728259, 75.65969645584383, 33.81691390191939, 92.07000734732028, 48.497015208140084, 15.39267632898273, 55.11604443273418, 66.92968525865507, 42.150136616860784, 45.071066887712796, 52.63686511609353, 57.73016574442438, 43.66651591634214, 65.02512190967018, 79.349055818336, 43.252796839277956, 20.605554824261848, 82.85325552729711, 48.60206387672534, 89.13683573657998, 0.0, 62.23590218791986, 92.73353061539865, 90.17807272576393, 31.677776650298494, 3.9192202575769555, 33.935888835380766, 36.205025731506325, 52.76102961645753], [8.35517150096958, 10.893146235055342, 56.85398596521281, 52.906442581750795, 54.19626290724397, 34.736932708561326, 38.091022802831496, 27.40921314306072, 28.76802009187368, 34.18777998496857, 26.577748302368185, 48.70223045544988, 7.639576841818038, 36.116497351940964, 34.26458454234417, 21.472766466654935, 51.726637216651405, 45.549214993173585, 21.57814853285564, 10.917422761438045, 17.606813195009913, 30.72732665962921, 63.82511407655577, 44.48761012422518, 38.47271265396749, 36.346342963062675, 62.23590218791986, 0.0, 34.35329128569697, 64.14218061644313, 34.131307451623464, 65.3773902995111, 80.59735170796465, 67.03927192150947, 19.271589995833533], [41.25241964554854, 44.474567587097496, 90.6276958669675, 64.97732308206548, 87.25158122571864, 63.86220718698298, 67.62990822948181, 20.779345426594375, 61.338600214674805, 39.389922438735525, 60.503470366077295, 80.9375531022057, 39.340212750285545, 64.60633043640367, 54.83689731667509, 47.718238572426756, 84.81414907336087, 53.8549767727157, 49.06731477090732, 27.90342001711723, 18.534360737841475, 65.00225306330297, 88.93300871627858, 66.14575318084738, 71.99369142051448, 11.578361585115907, 92.73353061539865, 34.35329128569697, 0.0, 87.69554488197447, 61.49570766883465, 95.31361020044464, 114.52895419351671, 101.38234039916786, 52.98272581206299], [65.42403166812429, 63.530380493965694, 70.00210062257716, 111.13180485741177, 38.6223238371078, 31.068804683903412, 79.62928429812466, 90.40395326237079, 67.72219504536402, 51.2860557744747, 48.39420744029862, 75.94770861856618, 67.25676704547705, 29.24766442584174, 90.38749918998428, 77.56294153916983, 38.57778040150252, 106.870751218345, 76.15413255262898, 74.8871019609488, 70.59831523233196, 50.99797754006873, 104.69504903013586, 21.55201036651162, 42.38749656481888, 95.3148045737085, 90.17807272576393, 64.14218061644313, 87.69554488197447, 0.0, 82.00708101859075, 94.0647788572541, 81.86504089201209, 64.42920225528478, 50.52115044451831], [26.10874160873489, 24.966056857343016, 37.09666449713277, 31.11518543721803, 54.61219185791101, 51.615098054334084, 7.508247127296351, 43.98287749804779, 14.49282866442787, 67.4840325050773, 33.63002277414698, 23.3628097006606, 26.49604137998096, 53.55647690802205, 12.8630045681934, 13.914674591082298, 52.61056319668659, 31.839577049949753, 12.966107718578955, 34.30936596533634, 49.75539564156695, 31.512648024410744, 29.69675626422228, 67.86840489627954, 41.58399703077056, 57.46419436963868, 31.677776650298494, 34.131307451623464, 61.49570766883465, 82.00708101859075, 0.0, 33.94478652769064, 59.496864811010155, 52.42556835593071, 33.197727749264644], [57.028118138846345, 54.7342566276462, 25.50479130049532, 51.33250724497782, 57.215112990507414, 69.0362425767157, 27.78040251979619, 77.81651232678341, 37.191875511953675, 95.63292134189203, 52.31015553404092, 19.232644813816286, 58.15214772632592, 70.83140350266325, 43.69365972686403, 47.595628185326625, 56.432713568501235, 58.39018437057988, 46.28874221503231, 67.74405924711772, 82.34005839487239, 47.10765845910776, 18.775665528973594, 86.75249803855627, 52.52119781723504, 91.34880127789583, 3.9192202575769555, 65.3773902995111, 95.31361020044464, 94.0647788572541, 33.94478652769064, 0.0, 35.30694106212994, 39.14499526771618, 56.43864852121206], [73.27773008639687, 70.08345566514636, 23.94308281415367, 84.56647805362715, 44.00173361029396, 67.36841718272, 51.98887828873311, 101.02784713421185, 53.67904072037611, 102.31155493610832, 57.45844554458099, 36.150520549803275, 75.2093469777409, 68.55410927104316, 71.95349202650343, 70.07173922645015, 44.844595774893705, 89.61056946515002, 68.19103239339017, 87.06164988302078, 98.06841530991717, 51.84169373197484, 54.08133464298123, 83.04654178376366, 50.05300602424623, 113.69345929342632, 33.935888835380766, 80.59735170796465, 114.52895419351671, 81.86504089201209, 59.496864811010155, 35.30694106212994, 0.0, 17.807387196842047, 64.47057790751103], [60.51493368955805, 57.181481558403654, 16.123911210488206, 81.28597026880612, 26.238195478494085, 49.999084753375755, 45.31081917387239, 90.02227821815126, 42.964508298758986, 85.71920853161278, 42.015788284379546, 30.492341922201426, 62.6481353466064, 51.08509263570252, 65.28725567960493, 60.30938763393353, 27.037261426151055, 84.1337910378398, 58.304355221541314, 74.81706774281876, 84.04419761655703, 36.775346770314904, 56.42907305704093, 65.31256941235044, 33.161413379325666, 101.912118751085, 36.205025731506325, 67.03927192150947, 101.38234039916786, 64.42920225528478, 52.42556835593071, 39.14499526771618, 17.807387196842047, 0.0, 49.406983877129946], [16.245167642158826, 13.591546208385807, 41.74040208300287, 60.72126255920628, 34.93718474913621, 19.45244647051069, 33.182051534136406, 46.078640000126356, 20.677125683830543, 39.63594507258419, 7.5489065972413005, 37.58062462172565, 18.46151507415705, 21.294457199860712, 40.01071349857599, 27.042041631902226, 32.46684997242118, 56.46536416726549, 25.654979974563865, 29.389296330637052, 34.96758393469828, 12.688410626695502, 60.44709454681407, 34.7041362476589, 19.208702616062176, 55.61792350859303, 52.76102961645753, 19.271589995833533, 52.98272581206299, 50.52115044451831, 33.197727749264644, 56.43864852121206, 64.47057790751103, 49.406983877129946, 0.0]]",Route_2,1665.1031044714755
