instance_id,num_cities,city_coordinates,distance_matrix,best_route,total_distance
1612,50,"[[48.94357510587759, 95.59680670552058], [31.164244677580566, 26.37029821831569], [75.16345943494949, 99.52641248003307], [60.06637162780042, 69.47130238326217], [70.47778143661719, 89.83868486770365], [51.89085006983275, 93.03347113637292], [88.7601799902025, 15.001609519497528], [75.19389274245675, 70.76189109639287], [96.76341355402093, 28.912159051743515], [43.671487981951415, 95.4701045871104], [3.6431902022348805, 95.36693293418305], [85.57354537742616, 73.97829587916331], [5.029802697716301, 76.20108222276193], [76.07486247038189, 22.743312537802186], [35.49748843192133, 12.26522249747195], [83.41178525346548, 14.5959715946542], [90.00273964976412, 82.6571803647141], [66.35844404714223, 93.94823440396276], [79.00461930973165, 20.296675736876836], [78.83714670194146, 34.797354498991695], [5.929831485216164, 27.71257525946752], [17.298754077663947, 40.33888295459048], [6.2723867324101406, 68.28026610788463], [2.7850023962366466, 72.75439066433141], [7.400159310155918, 28.74865343012445], [58.82183419677416, 60.10276919465301], [29.235266809315043, 40.29615462497901], [79.07592116710485, 2.69984863315611], [92.95994780710627, 99.05379027948197], [4.092828032848184, 57.0371957695865], [35.37593816313631, 47.36217364029034], [77.8718200930102, 68.25451865772332], [95.46783044709343, 17.707117802651783], [23.22095237174171, 16.261310392991955], [18.648522129743483, 75.61744695212865], [16.409468555977636, 79.07216433698781], [54.32834790914731, 60.40126092543824], [12.635774523296483, 55.74916323119135], [0.21175260151241604, 17.785115763216652], [83.08910348393346, 42.354475224875344], [91.38416521900578, 55.219758331733374], [57.67604932149635, 12.610387323935768], [76.11081582332574, 42.462798294400706], [52.04369973444848, 88.31674230852119], [71.4141341061835, 42.970920658670494], [74.5519578902424, 20.030277151619003], [76.47136289550552, 54.224952716194686], [76.67535553419617, 65.99818185921609], [53.103281982061766, 78.52179727985038], [99.50599991166615, 63.92106351275129]]","[[0.0, 71.47317026554522, 26.51271649177036, 28.39469278862586, 22.290760628431002, 3.906036220161612, 89.89409231962013, 36.13657716682356, 82.05838885765989, 5.273609396710929, 45.300968139422025, 42.53368938199293, 48.00639056757831, 77.74148420567418, 84.40941993324348, 88.02949959778282, 43.049842309602504, 17.49272565596589, 81.0788264747398, 67.75100745659054, 80.36448854615632, 63.67756932524417, 50.66580412296085, 51.50135731405519, 78.70534284473368, 36.84300071234365, 58.707576482473385, 97.66167671227133, 44.15191729929866, 59.14755369869039, 50.106492584768304, 39.80507597938081, 90.72656707073365, 83.40128473517615, 36.29001310253593, 36.4901616111542, 35.60508700875066, 53.90817260491891, 91.81203500575279, 63.250794221982105, 58.57908948191074, 83.44460382614757, 59.67647625348475, 7.912655075076249, 57.222459786366045, 79.78777887403078, 49.693152477025336, 40.560205109401835, 17.574387846593694, 59.66499400029545], [71.47317026554522, 0.0, 85.36830766237856, 51.8944072350129, 74.65782126730147, 69.81096471607405, 58.70722994032648, 62.52378289075133, 65.64839688656727, 70.22260587075682, 74.28286506018584, 72.29725751314146, 56.26825119102838, 45.05683761270571, 14.755682380875133, 53.557821685253444, 81.42592702790809, 76.19323545024088, 48.22437490514111, 48.41199092148549, 25.270087392373178, 19.681798421660183, 48.744743311122726, 54.37706708258318, 23.88280399919122, 43.62134633618783, 14.058820443951337, 53.439862720635944, 95.40230051460026, 40.9062367442036, 21.41021241716149, 62.736636210470664, 64.8845269515887, 12.856419700233118, 50.812645761707124, 54.72833005664493, 41.166516749613955, 34.73358483806366, 32.121054209138315, 54.32941078860246, 66.77372371562967, 29.869900122002914, 47.74057830041786, 65.37058649647197, 43.53888221374055, 43.848483724643756, 53.18474159389362, 60.345922590179164, 56.578266253153, 77.97855783914866], [26.51271649177036, 85.36830766237856, 0.0, 33.63378811828649, 10.761396033728401, 24.16138725225707, 85.61140768247533, 28.764537483090184, 73.84396255064252, 31.75213220743817, 71.64112074229666, 27.587608652824322, 73.9107626732861, 76.78850885537244, 95.85355774714726, 85.33003379697698, 22.467203418634423, 10.42326084427873, 79.32279428747754, 64.83322393070297, 99.75230551432874, 82.7737142902903, 75.64589586498587, 77.1711228077265, 97.9865093772085, 42.676367761535914, 74.95079935153177, 96.90557684260965, 17.80276299131024, 82.80318945886468, 65.60605660062728, 31.388956030552304, 84.30103477243293, 98.13817435420718, 61.364295573451244, 62.2126009045079, 44.32695970245003, 76.32927965208484, 110.90265076269422, 57.71868192447648, 47.1825274646236, 88.65779684501213, 57.071477535221575, 25.693968046274865, 56.67963563377182, 79.4984871949945, 45.32033614390788, 33.562301446378896, 30.460552998273716, 43.13119696858068], [28.39469278862586, 51.8944072350129, 33.63378811828649, 0.0, 22.87417153635645, 24.940227526926513, 61.56526682319429, 15.182473918990723, 54.69659033176986, 30.736459226718857, 62.08187403592188, 25.902295324269843, 55.446495437349675, 49.39409695555155, 62.258859589556906, 59.63480750796915, 32.71167235847458, 25.27272000549683, 52.69536157076412, 39.4287288504854, 68.37072670090015, 51.74714458482506, 53.807168466057966, 57.37537738180059, 66.57374901301337, 9.45083528177784, 42.44698188382876, 69.42470748652688, 44.23924664812669, 57.33798557550023, 33.14258708137174, 17.846976149532377, 62.71199320568277, 64.72162055881606, 41.87139059196747, 44.70013127583661, 10.732686906943227, 49.37568880125696, 79.08247154777251, 35.57201845913763, 34.40800347701112, 56.91113513287138, 31.41470169620225, 20.482037747375767, 28.827798126372247, 51.51938649986648, 22.395868294486135, 16.968232452953465, 11.41911009176118, 39.82824915420249], [22.290760628431002, 74.65782126730147, 10.761396033728401, 22.87417153635645, 0.0, 18.85949832143032, 77.03787343602637, 19.651100896443165, 66.35492448804642, 27.391426703145285, 67.06283704222113, 21.895982001829463, 66.85373682083107, 67.32842122155127, 85.09561071406755, 76.34627925069157, 20.80379773386564, 5.818705862929821, 70.06281465989201, 55.67249802547756, 89.58845538339826, 72.6514923472446, 67.72811918654419, 69.81536680872745, 87.81103776959392, 31.938781864259994, 64.46244888021644, 87.562005385534, 24.297447858994087, 74.04660509081074, 55.103479084796305, 22.81552187946378, 76.33783804121046, 87.44620019108214, 53.74491350956426, 55.12985055391551, 33.57627334316346, 67.14010164698055, 100.64309031896258, 49.130393944942, 40.44189606533585, 78.2821453886904, 47.70959761943404, 18.496801814251082, 46.877116787141816, 69.92719572262554, 36.11455297333408, 24.63289484394163, 20.735119386501115, 38.91478593714549], [3.906036220161612, 69.81096471607405, 24.16138725225707, 24.940227526926513, 18.85949832143032, 0.0, 86.30364370159737, 32.234377228036735, 78.26295175302896, 8.57292807067421, 48.30405497120561, 38.69914297845817, 49.79243996181345, 74.33419705359131, 82.41512175557756, 84.53408004590753, 39.49915869396327, 14.496484654150228, 77.62601295559784, 64.16812435460666, 79.8701112275236, 63.034377356955524, 51.90149666869106, 53.12838582654248, 78.17902117447359, 33.652186724525194, 57.397735196584115, 94.3355258909252, 41.50801165484334, 59.836299609263754, 48.56551997314168, 35.9027476564736, 87.02305858424401, 81.95076387213564, 37.52825955546861, 38.129339381613946, 32.72311933430695, 54.13945485625668, 91.28550871581409, 59.51211341137227, 54.67722393779388, 80.63089321273665, 56.07138033605165, 4.7192047905829195, 53.734696238990054, 76.43946715947098, 45.93803122405637, 36.67667620453919, 14.562234349847255, 55.80980892373804], [89.89409231962013, 58.70722994032648, 85.61140768247533, 61.56526682319429, 77.03787343602637, 86.30364370159737, 0.0, 57.38687263846152, 16.048524410864037, 92.23973571873113, 117.06189456057844, 59.06271390752149, 103.71186788742979, 14.861064773504463, 53.332936596130786, 5.363755063947967, 67.66698028506731, 82.06343493853436, 11.099941010509042, 22.14357940652561, 83.79997185858825, 75.82026654251425, 98.19802077640658, 103.57178617884819, 82.51323640082428, 54.133346034498544, 64.67634267091351, 15.656250823791252, 84.15703856615322, 94.52804345197873, 62.42662401304932, 54.35465677322338, 7.232727682005276, 65.55133258077288, 92.68184458458533, 96.6419238201491, 56.97964029580141, 86.34401103248148, 88.5921661323333, 27.93457304195628, 40.30365730754624, 31.17597028189733, 30.234472093243735, 81.9951743594911, 32.91151277912271, 15.071863633809214, 41.103353599345226, 52.408905469706546, 72.8438647291138, 50.08578266117638], [36.13657716682356, 62.52378289075133, 28.764537483090184, 15.182473918990723, 19.651100896443165, 32.234377228036735, 57.38687263846152, 0.0, 47.081252110043245, 40.05193897663389, 75.66314239997384, 10.866574830610418, 70.37460004799756, 48.0266592055815, 70.69416349570504, 56.76393459581781, 18.99473225663118, 24.81273200645237, 50.60888853010771, 36.148598756785994, 81.55215371695667, 65.40188457079628, 68.96616890386532, 72.43629929599635, 79.75651968267059, 19.53615061211929, 55.139426877762176, 68.17266144839307, 33.407548128323285, 72.41359447405995, 46.18458924691499, 3.6685435040410628, 56.79649213905513, 75.30936082444079, 56.75346121953504, 59.36892426403951, 23.29621468672844, 64.33428442966495, 91.808823458413, 29.484158952727057, 22.442878909337885, 60.732793687754715, 28.313943585307843, 29.05347203671186, 28.046828933389985, 50.73567515857123, 16.586206949824373, 4.988753120737862, 23.41391098777265, 25.256196804670225], [82.05838885765989, 65.64839688656727, 73.84396255064252, 54.69659033176986, 66.35492448804642, 78.26295175302896, 16.048524410864037, 47.081252110043245, 0.0, 85.1393720603989, 114.4011056277547, 46.434575892940934, 103.20512397846538, 21.58867326291517, 63.4872749274109, 19.57598532852726, 54.16857047745824, 71.79243182908462, 19.738321249785862, 18.867606332131103, 90.84150280970137, 80.28201619818269, 98.68370578982768, 103.70189504784064, 89.36340382473107, 49.116367996923614, 68.48098975617961, 31.621710966005622, 70.24467796905334, 96.84448931775627, 64.1001183554606, 43.64302421764943, 11.27969347902695, 74.62263442504347, 91.0127473493934, 94.72477293171148, 52.84220219764367, 88.30449842568369, 97.19071110467763, 19.175052020564046, 26.851929028028625, 42.35055848641897, 24.701206790571128, 74.35561388365971, 28.98680297040288, 23.921467112026352, 32.44233103565209, 42.17704544754435, 66.08572685538404, 35.11616681087376], [5.273609396710929, 70.22260587075682, 31.75213220743817, 30.736459226718857, 27.391426703145285, 8.57292807067421, 92.23973571873113, 40.05193897663389, 85.1393720603989, 0.0, 40.02843074030791, 47.092252606056654, 43.179567673653644, 79.61887313960672, 83.6054225047307, 90.11057992549932, 48.07032253100729, 22.73794327458515, 83.0630758792816, 70.12707149500912, 77.55975383988749, 61.11442294810928, 46.23829679821507, 46.77294477122855, 75.94314536619797, 38.47572485596033, 57.03130049515838, 99.2964968109358, 49.41857014400168, 55.16845841187566, 48.81791850110419, 43.7075603755983, 93.43416509182367, 81.80621910607204, 31.941772574679753, 31.813678624591063, 36.65231860707692, 50.408022100535696, 89.01520144282254, 66.14392258105367, 62.422671705119036, 84.03487658851125, 62.14567170132852, 11.01201714116869, 59.37860496110137, 81.51546469997939, 52.69719487031257, 44.24759318522407, 19.39597532071644, 64.13138634975121], [45.300968139422025, 74.28286506018584, 71.64112074229666, 62.08187403592188, 67.06283704222113, 48.30405497120561, 117.06189456057844, 75.66314239997384, 114.4011056277547, 40.02843074030791, 0.0, 84.67618847234657, 19.215944621722528, 102.56967089270533, 88.99769993214872, 113.5208216679164, 87.28980233198705, 62.73129817205137, 106.3714647487472, 96.55467324731913, 67.69298959815096, 56.697096127689484, 27.213970569418592, 22.62882131743038, 66.72413342231391, 65.48468521207452, 60.726806343197055, 119.48759522926257, 89.39281909712848, 38.332374375790664, 57.54497552362563, 79.02513842670622, 120.26142957058723, 81.49225907529606, 24.80326959918939, 20.700177454345194, 61.575834795784175, 40.625536907352874, 77.6576661995254, 95.5090247544404, 96.48976280131068, 98.8341828819508, 89.7240448550042, 48.91129226299454, 85.6635449885645, 103.45851844837313, 83.64571282557282, 78.71607658400094, 52.24996912995996, 100.88865639434579], [42.53368938199293, 72.29725751314146, 27.587608652824322, 25.902295324269843, 21.895982001829463, 38.69914297845817, 59.06271390752149, 10.866574830610418, 46.434575892940934, 47.092252606056654, 84.67618847234657, 0.0, 80.57440824470635, 52.108046355223564, 79.47398886065469, 59.421659723236836, 9.743756863532951, 27.71314785110757, 54.08204074166926, 39.75582013430884, 92.10666678913067, 76.11213588473262, 79.50560549870919, 82.79758929415249, 90.31499789785958, 30.136096161672608, 65.63907579700458, 71.57399082194861, 26.140760514445574, 83.22324297880799, 56.81740695486509, 9.59573853527113, 57.13442359172195, 84.96526506839982, 66.94509356885588, 69.35140242582591, 34.06755410895257, 75.18124562859333, 102.19740289000138, 31.72126233769255, 19.637872437249854, 67.41135280227945, 32.905468217747995, 36.466993224688466, 34.08733262683699, 55.06236568987131, 21.749581422367243, 11.952405710045133, 32.786604123367, 17.183166536487683], [48.00639056757831, 56.26825119102838, 73.9107626732861, 55.446495437349675, 66.85373682083107, 49.79243996181345, 103.71186788742979, 70.37460004799756, 103.20512397846538, 43.179567673653644, 19.215944621722528, 80.57440824470635, 0.0, 88.91081856440096, 70.82424749201532, 99.69415652319427, 85.21784565145502, 63.84484051440035, 92.72311555011713, 84.62737558486693, 48.496859273026935, 37.90282976656962, 8.017689380923652, 4.1132482410473745, 47.51159425645983, 56.14925053058691, 43.30205905797008, 104.33244461612372, 90.85128884327428, 19.186778403703034, 41.863714430444126, 73.27419307443445, 107.70599211175866, 62.63939793347059, 13.63121964819737, 11.736264633702941, 51.768532072977216, 21.82044449247734, 58.61432200522538, 85.08141538845311, 88.86670849468055, 82.55545870072716, 78.6815240662875, 48.549930318118015, 74.23693887900298, 89.37834975515054, 74.74521249942204, 72.36839377154416, 48.12946217109214, 95.27093313034861], [77.74148420567418, 45.05683761270571, 76.78850885537244, 49.39409695555155, 67.32842122155127, 74.33419705359131, 14.861064773504463, 48.0266592055815, 21.58867326291517, 79.61887313960672, 102.56967089270533, 52.108046355223564, 88.91081856440096, 0.0, 41.90839599352856, 10.964013880364556, 61.51144056762634, 71.86480143256158, 3.817002328183591, 12.366492703189538, 70.32082866339667, 61.353361897166515, 83.34266470178392, 88.7271746708166, 68.93677518841558, 41.15089289802863, 50.02049566957127, 20.266889218575866, 78.15622252893158, 79.7338303913812, 47.56564686567932, 45.546667706732066, 20.036228795761847, 53.24990295315535, 78.06060885608757, 82.05424288832141, 43.485997428227954, 71.51156591455913, 76.02496401993014, 20.82780062644732, 35.90395914178789, 21.00458280179383, 19.719518532364827, 69.83818063449485, 20.75761352314521, 3.111237594092091, 31.484136972591454, 43.259037344031164, 60.32356811603797, 47.37747753043924], [84.40941993324348, 14.755682380875133, 95.85355774714726, 62.258859589556906, 85.09561071406755, 82.41512175557756, 53.332936596130786, 70.69416349570504, 63.4872749274109, 83.6054225047307, 88.99769993214872, 79.47398886065469, 70.82424749201532, 41.90839599352856, 0.0, 47.97095195279172, 89.02724382290931, 87.3184574737813, 44.2422273213687, 48.846933900666016, 33.359661938808294, 33.45630498961905, 63.18062741080691, 68.76806095967422, 32.57550305196118, 53.220822798631986, 28.721918034622014, 44.615873596950344, 104.08741391300548, 54.68804517863162, 35.0971616229749, 70.21670220285411, 60.21674306975805, 12.910540504007264, 65.55449648044844, 69.4803567976797, 51.68829136457964, 49.1274980491927, 35.71487609888375, 56.305638731413566, 70.48696894491131, 22.181246626148276, 50.60964281451369, 77.83065446235366, 47.25299287936296, 39.81893592818402, 58.647057458883225, 67.69673301469913, 68.55579967021806, 82.25214558203596], [88.02949959778282, 53.557821685253444, 85.33003379697698, 59.63480750796915, 76.34627925069157, 84.53408004590753, 5.363755063947967, 56.76393459581781, 19.57598532852726, 90.11057992549932, 113.5208216679164, 59.421659723236836, 99.69415652319427, 10.964013880364556, 47.97095195279172, 0.0, 68.37959358679873, 81.16401948681975, 7.205632475554219, 20.712874960389946, 78.584339734103, 70.94808226117209, 93.98132943076224, 99.41368025875977, 77.31795187200487, 51.725567379949844, 59.96327674937026, 12.66165308680008, 84.99582663372355, 89.95973812785904, 58.14693974906104, 53.94377523772935, 12.451002226260238, 60.21386647865132, 88.98258652812532, 92.98650371627599, 54.258371321278325, 81.8708060101435, 83.2611318312088, 27.760379091672878, 41.39868223959113, 25.81221898357775, 28.807363380454305, 80.11684481914469, 30.80716422258621, 10.39366238592417, 40.23214644085352, 51.84174674376709, 70.7468484109842, 51.88437566544449], [43.049842309602504, 81.42592702790809, 22.467203418634423, 32.71167235847458, 20.80379773386564, 39.49915869396327, 67.66698028506731, 18.99473225663118, 54.16857047745824, 48.07032253100729, 87.28980233198705, 9.743756863532951, 85.21784565145502, 61.51144056762634, 89.02724382290931, 68.37959358679873, 0.0, 26.20192007966971, 63.32291203389456, 49.145024140534694, 100.43487201871669, 84.12317049279483, 84.95568058236526, 87.77812333078988, 98.63729292219452, 38.48311744254194, 74.07524726342272, 80.70049727097965, 16.661149323588553, 89.64873967145819, 65.03710433542196, 18.830716224786915, 65.17958149788062, 94.1712199206789, 71.70064298466711, 73.68053942665325, 42.04745148223048, 81.91268936457901, 110.77367070184216, 40.891397709325936, 27.47217618644818, 77.14640706395438, 42.527331183768126, 38.37863145929406, 43.82391431068631, 64.50469489147864, 31.487929844988564, 21.334043183842994, 37.130464169319715, 21.008427601699534], [17.49272565596589, 76.19323545024088, 10.42326084427873, 25.27272000549683, 5.818705862929821, 14.496484654150228, 82.06343493853436, 24.81273200645237, 71.79243182908462, 22.73794327458515, 62.73129817205137, 27.71314785110757, 63.84484051440035, 71.86480143256158, 87.3184574737813, 81.16401948681975, 26.20192007966971, 0.0, 74.72936399343519, 60.452829656511554, 89.65924245979956, 72.66922142643088, 65.33895377244528, 67.01314420172365, 87.90372402971134, 34.67442866539061, 65.24320618149883, 92.13035401036252, 27.087020934193376, 72.38391886812931, 55.94798234368278, 28.1553699464617, 81.6092166191807, 88.86000984881557, 51.110218332233764, 52.117152773866195, 35.63878003885974, 65.91884600955025, 100.8771799283055, 54.238648134144704, 46.11053652961657, 81.79993487641526, 52.40094356643491, 15.38263982412703, 51.22740007709792, 74.37068020030738, 40.99036759629452, 29.793356640127097, 20.33898433343565, 44.72573589692797], [81.0788264747398, 48.22437490514111, 79.32279428747754, 52.69536157076412, 70.06281465989201, 77.62601295559784, 11.099941010509042, 50.60888853010771, 19.738321249785862, 83.0630758792816, 106.3714647487472, 54.08204074166926, 92.72311555011713, 3.817002328183591, 44.2422273213687, 7.205632475554219, 63.32291203389456, 74.72936399343519, 0.0, 14.501645825092025, 73.45012036291784, 64.87914822341517, 87.13439390145696, 92.52697908096873, 72.10155767220287, 44.630369607309206, 53.63737133852077, 17.5969715597061, 79.98396267094212, 83.43645656776955, 51.342019782542295, 47.97121982695448, 16.665627238362827, 55.929434741531395, 81.87335460728606, 85.86449183490791, 47.0881739227789, 75.24428501767062, 78.83288512797495, 22.43277800946758, 37.05232590333564, 22.671279789856673, 22.354218569502795, 73.16844019627463, 23.9110193927145, 4.460623490369408, 34.022718392943375, 45.760825293980815, 63.7263215167468, 48.201595569080915], [67.75100745659054, 48.41199092148549, 64.83322393070297, 39.4287288504854, 55.67249802547756, 64.16812435460666, 22.14357940652561, 36.148598756785994, 18.867606332131103, 70.12707149500912, 96.55467324731913, 39.75582013430884, 84.62737558486693, 12.366492703189538, 48.846933900666016, 20.712874960389946, 49.145024140534694, 60.452829656511554, 14.501645825092025, 0.0, 73.25073862415134, 61.78739599953979, 79.91714308735412, 84.99803084750056, 71.69260737506094, 32.26417126781499, 49.90574407528752, 32.09839397933429, 65.7901440207294, 77.98284242734563, 45.241035882338664, 33.471087359185496, 23.846505659492028, 58.623766536056955, 72.72517085422105, 76.53413476930909, 35.443493656239625, 69.43774166464624, 80.4448187532969, 8.671171209329678, 23.968776605724727, 30.66029280309779, 8.135840991579673, 59.85159707064359, 11.041209162199033, 15.376261461590671, 19.571114058935514, 31.275628994721572, 50.73518197383009, 35.71262969487529], [80.36448854615632, 25.270087392373178, 99.75230551432874, 68.37072670090015, 89.58845538339826, 79.8701112275236, 83.79997185858825, 81.55215371695667, 90.84150280970137, 77.55975383988749, 67.69298959815096, 92.10666678913067, 48.496859273026935, 70.32082866339667, 33.359661938808294, 78.584339734103, 100.43487201871669, 89.65924245979956, 73.45012036291784, 73.25073862415134, 0.0, 16.990469296784916, 40.56913709792365, 45.151468248161386, 1.7987000551798167, 62.021678580947686, 26.485652442291894, 77.30450781832512, 112.53359546168274, 29.382102541283576, 35.40028128440632, 82.57904636983491, 90.09529642005339, 20.739197876355238, 49.56452182359386, 52.41784222329854, 58.40348074050186, 28.827416414347425, 11.456477563804691, 78.53622406233347, 89.77242491131139, 53.90498252295313, 71.71429175726588, 76.15348914276456, 67.23846365047173, 69.05080692189811, 75.35923176437518, 80.44076606842776, 69.33189362836487, 100.33720107200281], [63.67756932524417, 19.681798421660183, 82.7737142902903, 51.74714458482506, 72.6514923472446, 63.034377356955524, 75.82026654251425, 65.40188457079628, 80.28201619818269, 61.11442294810928, 56.697096127689484, 76.11213588473262, 37.90282976656962, 61.353361897166515, 33.45630498961905, 70.94808226117209, 84.12317049279483, 72.66922142643088, 64.87914822341517, 61.78739599953979, 16.990469296784916, 0.0, 30.03833666086838, 35.5163923836643, 15.24190272902768, 45.98670875250999, 11.936589207266039, 72.3402742477993, 95.77085453693519, 21.289202276473482, 19.39358647893405, 66.69616962921874, 81.37936651475118, 24.795199799425287, 35.3043758126781, 38.74348868373947, 42.11519712846882, 16.10031417481792, 28.295547953144414, 65.82121760647595, 75.5651281741235, 48.98158267294809, 58.85040036521601, 59.237540773385135, 54.17935010782975, 60.74840587591691, 60.780100096441444, 64.68369516968544, 52.34404612586745, 85.52280694346842], [50.66580412296085, 48.744743311122726, 75.64589586498587, 53.807168466057966, 67.72811918654419, 51.90149666869106, 98.19802077640658, 68.96616890386532, 98.68370578982768, 46.23829679821507, 27.213970569418592, 79.50560549870919, 8.017689380923652, 83.34266470178392, 63.18062741080691, 93.98132943076224, 84.95568058236526, 65.33895377244528, 87.13439390145696, 79.91714308735412, 40.56913709792365, 30.03833666086838, 0.0, 5.672710115525766, 39.54769616414545, 53.1819131338453, 36.19950768883475, 97.98543658290988, 91.98773306816001, 11.45238432627701, 35.841083945156406, 71.59943799004431, 102.53521594536343, 54.71037955359746, 14.387597093130898, 14.806265406408967, 48.69757824866743, 14.054225111455695, 50.85756083808213, 81.07376027663507, 86.10802343871465, 75.77250115571071, 74.45769149112216, 49.96472227951677, 69.88569394358308, 83.60718433111616, 71.59223483650621, 70.43994551831565, 47.93768570373615, 93.33546632296084], [51.50135731405519, 54.37706708258318, 77.1711228077265, 57.37537738180059, 69.81536680872745, 53.12838582654248, 103.57178617884819, 72.43629929599635, 103.70189504784064, 46.77294477122855, 22.62882131743038, 82.79758929415249, 4.1132482410473745, 88.7271746708166, 68.76806095967422, 99.41368025875977, 87.77812333078988, 67.01314420172365, 92.52697908096873, 84.99803084750056, 45.151468248161386, 35.5163923836643, 5.672710115525766, 0.0, 44.247085586128335, 57.44728056273647, 41.870676783497025, 103.5757845546, 93.9317794996491, 15.771513029990931, 41.31505511987344, 75.22153308663923, 107.79753645150197, 60.07575359448559, 16.11981233273068, 15.01800060982945, 53.00298369912032, 19.652365545961082, 55.02947208233397, 85.86561308363848, 90.31763384818575, 81.42682709255338, 79.33634402372171, 51.65855255574795, 74.81318603588096, 89.05238933672688, 75.98039085383847, 74.19858923369556, 50.64772689416571, 97.12352459083517], [78.70534284473368, 23.88280399919122, 97.9865093772085, 66.57374901301337, 87.81103776959392, 78.17902117447359, 82.51323640082428, 79.75651968267059, 89.36340382473107, 75.94314536619797, 66.72413342231391, 90.31499789785958, 47.51159425645983, 68.93677518841558, 32.57550305196118, 77.31795187200487, 98.63729292219452, 87.90372402971134, 72.10155767220287, 71.69260737506094, 1.7987000551798167, 15.24190272902768, 39.54769616414545, 44.247085586128335, 0.0, 60.22681482131131, 24.70054054762775, 76.26240927956982, 110.73973846388553, 28.481223075377137, 33.60219244402244, 80.78965503624143, 88.75714173235033, 20.155178719737084, 48.19968332187819, 51.123609057655976, 56.605145052679624, 27.503439715380672, 13.110009503527332, 76.90211087383578, 88.05698520395593, 52.80254491354142, 70.06591245269816, 74.44059990515939, 65.57485687599043, 67.71539069867436, 73.61978667479441, 78.65481663616659, 67.57322894940557, 98.59302360680131], [36.84300071234365, 43.62134633618783, 42.676367761535914, 9.45083528177784, 31.938781864259994, 33.652186724525194, 54.133346034498544, 19.53615061211929, 49.116367996923614, 38.47572485596033, 65.48468521207452, 30.136096161672608, 56.14925053058691, 41.15089289802863, 53.220822798631986, 51.725567379949844, 38.48311744254194, 34.67442866539061, 44.630369607309206, 32.26417126781499, 62.021678580947686, 45.98670875250999, 53.1819131338453, 57.44728056273647, 60.22681482131131, 0.0, 35.60431084130518, 60.87136706195486, 51.79375294784819, 54.81479595980926, 26.683943035091364, 20.720834489842805, 56.03856081423317, 56.47562568557934, 43.065069701015716, 46.461238805208936, 4.503389426913655, 46.390796426092216, 72.29056270735757, 30.06496794432269, 32.92642095170349, 47.50620126609206, 24.699746133209263, 29.01674319525614, 21.26184966714694, 43.04929046977237, 18.602542563901796, 18.801705099040188, 19.286327671064843, 40.86295035134412], [58.707576482473385, 14.058820443951337, 74.95079935153177, 42.44698188382876, 64.46244888021644, 57.397735196584115, 64.67634267091351, 55.139426877762176, 68.48098975617961, 57.03130049515838, 60.726806343197055, 65.63907579700458, 43.30205905797008, 50.02049566957127, 28.721918034622014, 59.96327674937026, 74.07524726342272, 65.24320618149883, 53.63737133852077, 49.90574407528752, 26.485652442291894, 11.936589207266039, 36.19950768883475, 41.870676783497025, 24.70054054762775, 35.60431084130518, 0.0, 62.43054581727963, 86.67926347159148, 30.20603724810365, 9.36143522118176, 56.099772144859635, 69.97869011772669, 24.77590998146959, 36.873742074413826, 40.8421354733211, 32.15397360258176, 22.679034792893248, 36.73024976237292, 53.893157341803914, 63.91556556218769, 39.69105467171052, 46.92559472351058, 53.162030190475924, 42.26359213060136, 49.641799728549756, 49.24693076456311, 53.9551315647924, 45.06530710717934, 74.13576903693253], [97.66167671227133, 53.439862720635944, 96.90557684260965, 69.42470748652688, 87.562005385534, 94.3355258909252, 15.656250823791252, 68.17266144839307, 31.621710966005622, 99.2964968109358, 119.48759522926257, 71.57399082194861, 104.33244461612372, 20.266889218575866, 44.615873596950344, 12.66165308680008, 80.70049727097965, 92.13035401036252, 17.5969715597061, 32.09839397933429, 77.30450781832512, 72.3402742477993, 97.98543658290988, 103.5757845546, 76.26240927956982, 60.87136706195486, 62.43054581727963, 0.0, 97.34910511413979, 92.60135825032778, 62.48529258625606, 65.56572749101872, 22.22414942734752, 57.477741641390885, 94.70188329187297, 98.79177541085285, 62.7845153097633, 85.02072021202876, 80.29397466763906, 39.857183072023446, 53.94287521432154, 23.583326570904028, 39.873349689515415, 89.78303558135543, 40.9934412199204, 17.91116959787808, 51.590891391389185, 63.34383714739131, 80.14702666236832, 64.54010589426191], [44.15191729929866, 95.40230051460026, 17.80276299131024, 44.23924664812669, 24.297447858994087, 41.50801165484334, 84.15703856615322, 33.407548128323285, 70.24467796905334, 49.41857014400168, 89.39281909712848, 26.140760514445574, 90.85128884327428, 78.15622252893158, 104.08741391300548, 84.99582663372355, 16.661149323588553, 27.087020934193376, 79.98396267094212, 65.7901440207294, 112.53359546168274, 95.77085453693519, 91.98773306816001, 93.9317794996491, 110.73973846388553, 51.79375294784819, 86.67926347159148, 97.34910511413979, 0.0, 98.29933464261755, 77.38178983100597, 34.2964536118203, 81.38532176251829, 108.25027579682488, 77.91951087346348, 79.11536670510496, 54.64813387610958, 91.25384122062503, 123.31595667846727, 57.55211460332153, 43.862346580651675, 93.36710023813399, 59.0460296926253, 42.30157864044776, 60.07920066828296, 81.13919965003903, 47.76503019639645, 36.849168152468195, 44.83432331625171, 35.73736543481301], [59.14755369869039, 40.9062367442036, 82.80318945886468, 57.33798557550023, 74.04660509081074, 59.836299609263754, 94.52804345197873, 72.41359447405995, 96.84448931775627, 55.16845841187566, 38.332374375790664, 83.22324297880799, 19.186778403703034, 79.7338303913812, 54.68804517863162, 89.95973812785904, 89.64873967145819, 72.38391886812931, 83.43645656776955, 77.98284242734563, 29.382102541283576, 21.289202276473482, 11.45238432627701, 15.771513029990931, 28.481223075377137, 54.81479595980926, 30.20603724810365, 92.60135825032778, 98.29933464261755, 0.0, 32.745061194416884, 74.62685845049467, 99.47987786024112, 45.03951563870717, 23.602838063435325, 25.24360262605871, 50.348032648901594, 8.639500133608863, 39.44348528375983, 80.34919923519972, 87.31025499096867, 69.60533680929058, 73.47791251222421, 57.251167050329315, 68.7751288396879, 79.5864373235667, 72.43314862586227, 73.1335939919711, 53.5127339832569, 95.66117813973568], [50.106492584768304, 21.41021241716149, 65.60605660062728, 33.14258708137174, 55.103479084796305, 48.56551997314168, 62.42662401304932, 46.18458924691499, 64.1001183554606, 48.81791850110419, 57.54497552362563, 56.81740695486509, 41.863714430444126, 47.56564686567932, 35.0971616229749, 58.14693974906104, 65.03710433542196, 55.94798234368278, 51.342019782542295, 45.241035882338664, 35.40028128440632, 19.39358647893405, 35.841083945156406, 41.31505511987344, 33.60219244402244, 26.683943035091364, 9.36143522118176, 62.48529258625606, 77.38178983100597, 32.745061194416884, 0.0, 47.353881164327376, 67.01087863175773, 33.39172613561868, 32.8354521376041, 36.94929606019463, 23.004600244524973, 24.237504755328576, 45.94912729177873, 47.975235156791776, 56.55672493280555, 41.291422957471234, 41.02845520819071, 44.216410648072134, 36.30474720443661, 47.7681178959989, 41.66451332463267, 45.30941047425876, 35.8494193012024, 66.23338775631623], [39.80507597938081, 62.736636210470664, 31.388956030552304, 17.846976149532377, 22.81552187946378, 35.9027476564736, 54.35465677322338, 3.6685435040410628, 43.64302421764943, 43.7075603755983, 79.02513842670622, 9.59573853527113, 73.27419307443445, 45.546667706732066, 70.21670220285411, 53.94377523772935, 18.830716224786915, 28.1553699464617, 47.97121982695448, 33.471087359185496, 82.57904636983491, 66.69616962921874, 71.59943799004431, 75.22153308663923, 80.78965503624143, 20.720834489842805, 56.099772144859635, 65.56572749101872, 34.2964536118203, 74.62685845049467, 47.353881164327376, 0.0, 53.522512212939816, 75.43216189628477, 59.67924039994499, 62.4070678249177, 24.818717522910426, 66.42383274034748, 92.61882482148016, 26.420300827292174, 18.774675697865412, 59.19576428214548, 25.85176928834229, 32.704504568499175, 26.095249301015812, 48.33837971927112, 14.099290793147823, 2.553934844273817, 26.812263807032263, 22.06392009411349], [90.72656707073365, 64.8845269515887, 84.30103477243293, 62.71199320568277, 76.33783804121046, 87.02305858424401, 7.232727682005276, 56.79649213905513, 11.27969347902695, 93.43416509182367, 120.26142957058723, 57.13442359172195, 107.70599211175866, 20.036228795761847, 60.21674306975805, 12.451002226260238, 65.17958149788062, 81.6092166191807, 16.665627238362827, 23.846505659492028, 90.09529642005339, 81.37936651475118, 102.53521594536343, 107.79753645150197, 88.75714173235033, 56.03856081423317, 69.97869011772669, 22.22414942734752, 81.38532176251829, 99.47987786024112, 67.01087863175773, 53.522512212939816, 0.0, 72.26134340503619, 96.20193528488302, 100.07943605490519, 59.28951745864481, 91.1501327972159, 95.25610977887582, 27.581245605071985, 37.73426190028351, 38.13391380671159, 31.42511307464644, 82.89375248478468, 34.88323440291171, 21.044495579013713, 41.163309466214024, 51.818760898607664, 74.11599157105312, 46.39003762361734], [83.40128473517615, 12.856419700233118, 98.13817435420718, 64.72162055881606, 87.44620019108214, 81.95076387213564, 65.55133258077288, 75.30936082444079, 74.62263442504347, 81.80621910607204, 81.49225907529606, 84.96526506839982, 62.63939793347059, 53.24990295315535, 12.910540504007264, 60.21386647865132, 94.1712199206789, 88.86000984881557, 55.929434741531395, 58.623766536056955, 20.739197876355238, 24.795199799425287, 54.71037955359746, 60.07575359448559, 20.155178719737084, 56.47562568557934, 24.77590998146959, 57.477741641390885, 108.25027579682488, 45.03951563870717, 33.39172613561868, 75.43216189628477, 72.26134340503619, 0.0, 59.531991950083636, 63.179107978400545, 54.00004898263895, 40.881982729003106, 23.059602270478244, 65.30734084722836, 78.5110454105475, 34.647986161870335, 59.02419524377162, 77.60628862449155, 55.09978263326793, 51.46918726741257, 65.39758680099324, 73.01458484920613, 69.0602769349246, 89.94921092263647], [36.29001310253593, 50.812645761707124, 61.364295573451244, 41.87139059196747, 53.74491350956426, 37.52825955546861, 92.68184458458533, 56.75346121953504, 91.0127473493934, 31.941772574679753, 24.80326959918939, 66.94509356885588, 13.63121964819737, 78.06060885608757, 65.55449648044844, 88.98258652812532, 71.70064298466711, 51.110218332233764, 81.87335460728606, 72.72517085422105, 49.56452182359386, 35.3043758126781, 14.387597093130898, 16.11981233273068, 48.19968332187819, 43.065069701015716, 36.873742074413826, 94.70188329187297, 77.91951087346348, 23.602838063435325, 32.8354521376041, 59.67924039994499, 96.20193528488302, 59.531991950083636, 0.0, 4.116847472938701, 38.788945394886134, 20.758175059347003, 60.70002472306838, 72.51905827707658, 75.54164068024438, 74.11502844695981, 66.34113297302726, 35.72827997257471, 62.04841243962398, 78.83608042171377, 61.653221520510506, 58.81873558549038, 34.57695370195386, 81.69906424687531], [36.4901616111542, 54.72833005664493, 62.2126009045079, 44.70013127583661, 55.12985055391551, 38.129339381613946, 96.6419238201491, 59.36892426403951, 94.72477293171148, 31.813678624591063, 20.700177454345194, 69.35140242582591, 11.736264633702941, 82.05424288832141, 69.4803567976797, 92.98650371627599, 73.68053942665325, 52.117152773866195, 85.86449183490791, 76.53413476930909, 52.41784222329854, 38.74348868373947, 14.806265406408967, 15.01800060982945, 51.123609057655976, 46.461238805208936, 40.8421354733211, 98.79177541085285, 79.11536670510496, 25.24360262605871, 36.94929606019463, 62.4070678249177, 100.07943605490519, 63.179107978400545, 4.116847472938701, 0.0, 42.266346489892534, 23.626323184813927, 63.39138999127029, 76.1207094545184, 78.67745809285262, 78.23105835798039, 70.0321108319364, 36.81386496352242, 65.79371571367017, 82.8643078073721, 64.9985774996737, 61.66770752266126, 36.697940645843524, 84.46649856323573], [35.60508700875066, 41.166516749613955, 44.32695970245003, 10.732686906943227, 33.57627334316346, 32.72311933430695, 56.97964029580141, 23.29621468672844, 52.84220219764367, 36.65231860707692, 61.575834795784175, 34.06755410895257, 51.768532072977216, 43.485997428227954, 51.68829136457964, 54.258371321278325, 42.04745148223048, 35.63878003885974, 47.0881739227789, 35.443493656239625, 58.40348074050186, 42.11519712846882, 48.69757824866743, 53.00298369912032, 56.605145052679624, 4.503389426913655, 32.15397360258176, 62.7845153097633, 54.64813387610958, 50.348032648901594, 23.004600244524973, 24.818717522910426, 59.28951745864481, 54.00004898263895, 38.788945394886134, 42.266346489892534, 0.0, 41.9513133106864, 68.8820855968943, 33.95390309455797, 37.41632752729985, 47.907981635015986, 28.218156389058137, 28.00881500762582, 24.407803092169875, 45.15319181999679, 22.98825560545327, 23.03723667745228, 18.161900349282778, 45.31455892662258], [53.90817260491891, 34.73358483806366, 76.32927965208484, 49.37568880125696, 67.14010164698055, 54.13945485625668, 86.34401103248148, 64.33428442966495, 88.30449842568369, 50.408022100535696, 40.625536907352874, 75.18124562859333, 21.82044449247734, 71.51156591455913, 49.1274980491927, 81.8708060101435, 81.91268936457901, 65.91884600955025, 75.24428501767062, 69.43774166464624, 28.827416414347425, 16.10031417481792, 14.054225111455695, 19.652365545961082, 27.503439715380672, 46.390796426092216, 22.679034792893248, 85.02072021202876, 91.25384122062503, 8.639500133608863, 24.237504755328576, 66.42383274034748, 91.1501327972159, 40.881982729003106, 20.758175059347003, 23.626323184813927, 41.9513133106864, 0.0, 39.94527782934558, 71.71533468110063, 78.75017020115986, 62.366500147705686, 64.85066199564966, 51.123690950535654, 60.151301220317336, 71.48043498395025, 63.853782664147126, 64.85453198419663, 46.435030111321865, 87.25374498116345], [91.81203500575279, 32.121054209138315, 110.90265076269422, 79.08247154777251, 100.64309031896258, 91.28550871581409, 88.5921661323333, 91.808823458413, 97.19071110467763, 89.01520144282254, 77.6576661995254, 102.19740289000138, 58.61432200522538, 76.02496401993014, 35.71487609888375, 83.2611318312088, 110.77367070184216, 100.8771799283055, 78.83288512797495, 80.4448187532969, 11.456477563804691, 28.295547953144414, 50.85756083808213, 55.02947208233397, 13.110009503527332, 72.29056270735757, 36.73024976237292, 80.29397466763906, 123.31595667846727, 39.44348528375983, 45.94912729177873, 92.61882482148016, 95.25610977887582, 23.059602270478244, 60.70002472306838, 63.39138999127029, 68.8820855968943, 39.94527782934558, 0.0, 86.44251681692367, 98.55841560580744, 57.69682150641107, 79.8101234998338, 87.52863009734465, 75.52551820523043, 74.37410081493753, 84.51857712569067, 90.39459229303672, 80.53855202241043, 109.48914660201605], [63.250794221982105, 54.32941078860246, 57.71868192447648, 35.57201845913763, 49.130393944942, 59.51211341137227, 27.93457304195628, 29.484158952727057, 19.175052020564046, 66.14392258105367, 95.5090247544404, 31.72126233769255, 85.08141538845311, 20.82780062644732, 56.305638731413566, 27.760379091672878, 40.891397709325936, 54.238648134144704, 22.43277800946758, 8.671171209329678, 78.53622406233347, 65.82121760647595, 81.07376027663507, 85.86561308363848, 76.90211087383578, 30.06496794432269, 53.893157341803914, 39.857183072023446, 57.55211460332153, 80.34919923519972, 47.975235156791776, 26.420300827292174, 27.581245605071985, 65.30734084722836, 72.51905827707658, 76.1207094545184, 33.95390309455797, 71.71533468110063, 86.44251681692367, 0.0, 15.307630731379291, 39.12204093502513, 6.979128352565337, 55.4648274984871, 11.691232396297927, 23.900892755331558, 13.590538119134417, 24.498184140330235, 46.981109775849205, 27.104099665874354], [58.57908948191074, 