instance_id,num_cities,city_coordinates,distance_matrix,best_route,total_distance
2310,75,"[[30.32394330014271, 36.646593867509104], [97.94077423564936, 40.440200444926866], [47.258770905666125, 36.81083030919526], [46.90726409281798, 50.570779626592774], [97.70165299632727, 47.978042276050736], [34.82680212904469, 86.37662333818484], [48.94616844397339, 5.692293386492453], [11.643314662160087, 31.080998432237273], [35.04801018002187, 45.782735347198354], [60.48933483094131, 11.690715691608677], [61.13888346557176, 30.578194190168627], [14.32946165887039, 12.314878599656465], [9.849737349173171, 59.801997603986315], [57.013701194916244, 94.368795117902], [82.65636763795754, 87.67049226722645], [96.96064912694902, 84.36981100437856], [68.60476567504828, 93.18344929745027], [76.35425056650466, 64.51990593243961], [39.15520184206288, 57.99115692207979], [26.81879881664173, 8.6040566614909], [30.719166158232504, 99.40922680993862], [58.847409560142296, 56.21735072203891], [31.198855912330703, 80.58071622284727], [17.079718171626578, 32.06725857683112], [27.36200079150318, 13.665087062600001], [89.95996648496973, 45.85297497988603], [50.237286037883436, 78.71751069306275], [77.11771106878548, 17.791190327145557], [37.76001914632998, 76.41471659572542], [67.7651262364364, 2.5441146134480896], [36.626871346795184, 65.52523560597284], [47.9708867557986, 46.69876573750342], [93.77525765976861, 12.011530294996431], [44.643247763533644, 27.28804290018766], [49.35358355274679, 53.86377498812212], [52.50503572293685, 64.10451301755444], [70.20397384797062, 96.31067784474317], [72.06614032613062, 63.509623337281575], [32.095122996867545, 41.78951736524381], [82.4399477530108, 84.10583562436942], [50.57382909765257, 45.657208270007274], [97.7994958240974, 11.467847289841426], [42.81208315951157, 70.03810377985381], [65.97396582958957, 93.86097614944067], [91.85351580173626, 83.28135198031642], [61.15543493028384, 64.52864563245376], [55.655554522726625, 29.711234609024917], [67.47773314741006, 24.465999776855043], [96.16508836615594, 41.863822758794775], [2.389845929273382, 68.9728500657031], [97.90685945133654, 93.73630694123811], [7.8963670340509, 43.33638480565523], [7.499527182833788, 30.084424752357897], [79.22524638802501, 19.44136191148953], [28.19767912768527, 46.5323026117406], [0.7222872234035949, 21.442807268622577], [16.820465732652146, 80.34589656529563], [30.663381307449, 94.69597165389591], [86.41680219723344, 54.63563683718415], [90.85110480149393, 17.737345402565495], [4.813796380347613, 62.73263762535194], [23.157286367728524, 24.57748935240438], [96.64858393027, 39.13574054389672], [93.20502416222925, 22.915545118162505], [65.24570071625433, 82.42340862186455], [41.01681343468038, 11.25695644877599], [0.18684346238011518, 36.99315112273164], [87.69561995688917, 4.615706410689613], [22.473071391669365, 87.3507594190346], [96.87309753409387, 89.98229336853929], [28.151719740152494, 86.97184913714383], [25.871739490282753, 69.07637652432662], [4.367676271647292, 90.78790020934174], [2.7567659405878464, 83.90328994330504], [70.64720240911836, 95.40297659597398]]","[[0.0, 67.72316646927486, 16.935623981347003, 21.65385595145226, 68.32391592216274, 49.93347142736321, 36.124174559103594, 19.492094265607662, 10.285226736561023, 39.15030908864909, 31.40678289864975, 29.117963713983336, 30.908992729009775, 63.59399101858984, 73.08981355139575, 81.96313816186587, 68.27764922436288, 53.81180829989543, 23.099383096195055, 28.260748942679005, 62.76387730991207, 34.59194489103584, 43.942833081320444, 14.013558112030896, 23.171593783090735, 60.34246195248878, 46.545711526771015, 50.44980619046643, 40.45737027188897, 50.644064518388255, 29.558464957095083, 20.309130277562883, 68.0658185228519, 17.10628412377278, 25.66239532630426, 35.297849582077404, 71.76503154976054, 49.639030659857355, 5.439369413970894, 70.48728643001857, 22.164138754363975, 72.02027122717172, 35.65033760532111, 67.41223662105475, 77.20549822693268, 41.56909533250051, 26.2638484456559, 39.09950092285301, 66.04752728836914, 42.72353725660464, 88.46855878977571, 23.40404836705536, 23.749021760736074, 51.83972849420958, 10.111787018467663, 33.27781797879824, 45.738090938390656, 58.050370193026865, 58.90682885891707, 63.412119952889334, 36.48628886041471, 14.03653288328145, 66.37133271143576, 64.3628155858738, 57.576435371463575, 27.549431209533537, 30.139092364608754, 65.70758733721475, 51.308367680133436, 85.28473937650516, 50.3721140428757, 32.733971985277826, 60.04172591169182, 54.70963892746233, 71.26203573083941], [67.72316646927486, 0.0, 50.811787895355266, 52.029297439562605, 7.541633671701099, 78.06105574037228, 60.0657010416371, 86.8034918142833, 63.11927161920374, 47.213802929501384, 38.100371804243764, 88.21499486885368, 90.19373575234076, 67.70021145523509, 49.64185281255268, 43.94054311377813, 60.35272734340074, 32.33898916917311, 61.34965032422363, 77.92223969125588, 89.42086257105377, 42.15696422323078, 77.8828907295692, 81.29339790730576, 75.4868859969503, 9.643205925396929, 61.16187755511141, 30.766501571783607, 70.11340168188038, 48.442574802741554, 66.24691446773014, 50.360294819136925, 28.732226068257972, 54.89631659890776, 50.40741465274185, 51.22895688700489, 62.37660090634404, 34.66547205127772, 65.85947496913973, 46.3353355147995, 47.65338038747039, 28.972697612279042, 62.571626649719704, 62.254767821763714, 43.27145687539832, 43.970608130470026, 43.625113341722106, 34.397266742105856, 2.275908785444005, 99.72006816379633, 53.29611728708523, 90.09097153510226, 91.03219902135301, 28.12867224681206, 70.00866392132777, 99.05723176247805, 90.40447463744621, 86.42879328496642, 18.284210289449597, 23.784092157576055, 95.75795925094195, 76.44733913548788, 1.8361294667620756, 18.15326067349304, 53.21238202962477, 63.968734889859505, 97.81468770412123, 37.260670404659905, 88.85929729527747, 49.55359628514254, 83.87911812478316, 77.54983139620128, 106.25824925222695, 104.63763942223835, 61.366487803035625], [16.935623981347003, 50.811787895355266, 0.0, 13.764438319700044, 51.6642136950232, 51.1010928088189, 31.164252769188987, 36.07342091861121, 15.152483542636881, 28.391336357795492, 15.21523176517024, 41.04133352642387, 43.909333463489126, 58.37874594292389, 61.965273088296264, 68.790503294336, 60.27871651163003, 40.178847775775544, 22.677611580522587, 34.834100226831254, 64.74656569784692, 22.603309058589993, 46.623210769822286, 30.549577684544577, 30.522236015946763, 43.648052466835665, 42.012395946773516, 35.4020198959258, 40.72706832049053, 39.93392559622678, 30.619509463372015, 9.9135450782453, 52.714218396357104, 9.875446387084702, 17.181128084293793, 27.79331592878974, 63.77079421504004, 36.44490536028304, 15.960060861540502, 58.94516716514165, 9.447116694621537, 56.53876248733958, 33.52349525639787, 60.04146618324474, 64.40652650727033, 31.006363174473844, 10.995918980131348, 23.689687102308177, 49.16666167477634, 55.20521663172024, 76.19539856917429, 39.89964536231392, 40.32421100439084, 36.38068151070222, 21.397014826787533, 49.00837117967765, 53.120546078975686, 60.21707851110502, 43.0241227963058, 47.58244845495838, 49.73445442538695, 27.028432953050434, 49.444502608528175, 48.00142850849725, 49.030979434847275, 26.30518014277443, 47.07228052798198, 51.68814916430582, 56.29045509520886, 72.72403929006902, 53.67687783486822, 38.71008376797153, 68.94323805791007, 64.79296412653237, 63.08770351409975], [21.65385595145226, 52.029297439562605, 13.764438319700044, 0.0, 50.86051740839689, 37.788834397969076, 44.924777775254874, 40.29140976004501, 12.789342101516073, 41.184123362332684, 24.54062881027419, 50.24765840124362, 38.18999441872314, 44.94892915160083, 51.52074419395264, 60.39632336037949, 47.81862807932181, 32.5837864140734, 10.731098189233078, 46.52689838772565, 51.451418231378156, 13.207983908106229, 33.87256090224084, 35.10075194236948, 41.761794275936886, 43.31042442590093, 28.343032933735294, 44.57771395134769, 27.41498072542732, 52.36039500889013, 18.147237493670886, 4.015443278955243, 60.691222841593316, 23.39255435839275, 4.102230777403942, 14.645715643852792, 51.3310332491231, 28.29103621101169, 17.21946836429439, 48.858690003615, 6.130814171946099, 64.17989223988148, 19.893396305423995, 47.3030678720292, 55.589091433388525, 19.945736277490038, 22.619752513809058, 33.235579250694634, 50.02143890414126, 48.17091151715803, 66.81482975420965, 39.67601993339214, 44.41464245493391, 44.87195813550707, 19.14047716664894, 54.6030297887857, 42.32933999342191, 47.020169070210535, 39.718089900783916, 54.855223444746, 43.815189307393936, 35.20955241437275, 51.038799143342736, 53.928606352853635, 36.754431456658665, 39.75266156891382, 48.65336267591282, 61.44557533600879, 44.15650219944163, 63.63844692411155, 40.94884986756981, 28.016966499699453, 58.54086880088529, 55.32018375876753, 50.72977977838205], [68.32391592216274, 7.541633671701099, 51.6642136950232, 50.86051740839689, 0.0, 73.67291156977787, 64.53821994047867, 87.70146912964312, 62.69209145231194, 51.97621276976487, 40.4918612707655, 90.6795651280861, 88.64403534627525, 61.705845517484626, 42.44821784029053, 36.39931205270963, 53.760186716171326, 27.006385239927155, 59.3965437350793, 81.08446065575158, 84.45010530232847, 39.71823808612934, 74.06454191093297, 82.17693966558768, 78.26267033379253, 8.028052133199193, 56.54892615537711, 36.53689499480673, 66.34488612523491, 54.40990183134198, 63.54551870349068, 49.74721760392418, 36.180195748810874, 56.949718524506835, 48.70500660588424, 47.9874699430373, 55.60724790494492, 29.973480280497913, 65.89775883246475, 39.21909100365144, 47.18493462863016, 36.510326089340396, 59.1566664918016, 55.78431458555573, 35.7844153888541, 40.11917903436932, 45.84267290631989, 38.2923161158705, 6.3043406608373616, 97.59673416929355, 45.75872479493406, 89.9251598321555, 91.95980126858429, 33.9958780940344, 69.51900852795463, 100.5441001880168, 87.11741757232862, 81.71104451899502, 13.102344175690163, 31.00693080528536, 94.05238960617862, 78.13097000032266, 8.90478828385833, 25.462687106053778, 47.327287066804224, 67.53968596657617, 98.1315744910488, 44.5018299498651, 84.90907104349976, 42.012422139110505, 79.7352506076114, 74.8643852732246, 102.68356805015914, 101.51430932622591, 54.599154680496305], [49.93347142736321, 78.06105574037228, 51.1010928088189, 37.788834397969076, 73.67291156977787, 0.0, 81.91042427486693, 59.95898785725493, 40.59449070042109, 78.97183286253915, 61.69108784618895, 76.84583918511906, 36.470049327230484, 23.582478663526434, 47.84706295664265, 62.16624677831293, 34.45698334089735, 46.92808401672183, 28.71358124190509, 78.18375946788605, 13.664604879786266, 38.556080014621706, 6.837728646340829, 57.1355063841515, 73.09371222317726, 68.42391313104284, 17.208864599828985, 80.57594306156896, 10.384765188291475, 90.07120912970274, 20.928942150709243, 41.79831748354497, 94.89513935276035, 59.89843856956991, 35.6105698685965, 28.435309759778402, 36.745472071666796, 43.69974826470118, 44.67070729150643, 47.667264585354786, 43.65821368132909, 97.86155976823484, 18.185486919340374, 32.03375319240463, 57.11065379669532, 34.21302434764586, 60.3722055759446, 69.9929182569118, 75.78769539922916, 36.810969175312835, 63.507941035123146, 50.77115782944801, 62.57468799452366, 80.32154801096546, 40.392018591782545, 73.34520029493981, 18.989413256583084, 9.30299034374545, 60.57242219931793, 88.6006375002878, 38.207572213632865, 62.89125980210646, 77.80510081133485, 86.22833209916325, 30.674701267531137, 75.37427010286498, 60.321257152704206, 97.36508324516846, 12.392078285565548, 62.15097448840544, 6.7015683724218675, 19.48054636514493, 30.77690224227868, 32.1652700783183, 36.94016959028617], [36.124174559103594, 60.0657010416371, 31.164252769188987, 44.924777775254874, 64.53821994047867, 81.91042427486693, 0.0, 45.12304559941817, 42.431148225502604, 13.008680193922126, 27.71227811653746, 35.244503451622286, 66.7562058153033, 89.04272594663877, 88.63860683374523, 92.17126522820774, 89.67253095418437, 64.8990829171838, 53.20746333094366, 22.3181283264119, 95.47296592553855, 51.48607573316081, 76.9626076547077, 41.3655586418403, 23.009600871195524, 57.402194869130014, 73.03663017495481, 30.65973126174053, 71.60161367382038, 19.08046650324754, 61.08801892031057, 41.01806856795571, 45.272287274043556, 22.020252574401198, 48.173204447773685, 58.52053433228972, 93.07838574243512, 62.26858551846314, 39.8367582972381, 85.26732585635496, 39.998046212910445, 49.19354245223721, 64.63753025491818, 89.79789810434875, 88.66285846258042, 60.08978726659448, 24.938432168146353, 26.379365837510218, 59.48113932793166, 78.56156833798288, 100.74173706437034, 55.697071867095126, 48.09158080578384, 33.25446506030459, 45.808363455011964, 50.73087233161675, 81.2725122183042, 90.86206607053863, 61.64007837440927, 43.601685394004576, 72.11981097347585, 31.96430924348843, 58.25791449234483, 47.49196468563777, 78.44322021410825, 9.687112359219489, 57.94148313328638, 38.76440418822763, 85.8424716694979, 96.9628517989384, 83.89740925629995, 67.45347483089948, 96.06510430383706, 90.83182749471415, 92.29811242418951], [19.492094265607662, 86.8034918142833, 36.07342091861121, 40.29140976004501, 87.70146912964312, 59.95898785725493, 45.12304559941817, 0.0, 27.63911794179671, 52.553941346872364, 49.49812262378343, 18.95739009617934, 28.776947597013667, 77.8705154950045, 90.80321858526654, 100.59197336530119, 84.26933786947573, 72.84000110120319, 38.48454970696867, 27.120254989369965, 70.94106641103953, 53.47955479970571, 53.222563400658906, 5.525141825379133, 23.46041479743834, 79.69761128076222, 61.3084979992654, 66.80954710430301, 52.3185268871366, 62.960396063443305, 42.55095274015521, 39.542472732745786, 84.31666902576062, 33.217195793191756, 44.05813531455601, 52.53791738939966, 87.65992174611469, 68.57502150528744, 23.08568478295952, 88.45222787614034, 41.569830976885044, 88.36041676080431, 49.89136384893465, 83.02496768111062, 95.70033060233244, 59.75111008738917, 44.033549828232374, 56.224909913638214, 85.20680448489361, 39.005372755597385, 106.61654113669383, 12.815385740958076, 4.261940141913038, 68.57695410365346, 22.644862192227617, 14.565835685756332, 49.53617951828052, 66.39749809430756, 78.39576154707323, 80.32388869404306, 32.380064601120296, 13.22373528123198, 85.38603324800381, 81.96942774228698, 74.22438194267501, 35.43719896805173, 12.892023960073443, 80.5255538473873, 57.30244002074999, 103.60250206230647, 58.277908599547736, 40.5721188681385, 60.14855803600203, 53.56458931664742, 87.28559814855984], [10.285226736561023, 63.11927161920374, 15.152483542636881, 12.789342101516073, 62.69209145231194, 40.59449070042109, 42.431148225502604, 27.63911794179671, 0.0, 42.538533169240736, 30.197876425312288, 39.361855750171294, 28.835614574385044, 53.32069753673707, 63.41245839449801, 72.95297985103494, 58.07653159707966, 45.357326380710894, 12.880783388395665, 38.07852503023538, 53.80092450105607, 25.986392763816518, 35.01021938803744, 22.604730052302003, 33.02450713717861, 54.91200122780541, 36.26863008398268, 50.53104318614133, 30.751801050401088, 54.221656245507624, 19.805532536431716, 12.955302029235808, 67.74499160251841, 20.83560013519052, 16.43023527526607, 25.306822752134355, 61.55497343397467, 41.043690347326255, 4.9664204984920675, 60.94797586283066, 15.526326355908132, 71.52104929968208, 25.467699680864406, 57.165828704545405, 68.06623038141737, 32.140422827234794, 26.13358030989348, 38.80837728013741, 61.24259238377792, 40.05417722143693, 79.06187425262921, 27.261627913575897, 31.707347271231015, 51.43438687743026, 6.891218078879843, 42.07953606403892, 39.07499827215636, 49.10936424293269, 52.12606505481621, 62.45421736343734, 34.66131664151507, 24.31155631546376, 61.958157060026224, 62.491172691009545, 47.480937772361884, 35.037922610160116, 35.95215898599425, 66.83184186206933, 43.428443568329385, 75.9996207597151, 41.76244624817984, 25.0359274455765, 54.46785981657499, 49.958994557992575, 61.06939355316097], [39.15030908864909, 47.213802929501384, 28.391336357795492, 41.184123362332684, 51.97621276976487, 78.97183286253915, 13.008680193922126, 52.553941346872364, 42.538533169240736, 0.0, 18.898644328689684, 46.164092870947385, 69.85029907142683, 82.75110178597222, 79.14735492704813, 81.31671207052622, 81.8958231434189, 55.15993920227281, 50.97917308591284, 33.81172074086814, 92.63260838181178, 44.55689784677592, 74.85829498776756, 47.95412723073964, 33.186117622751624, 45.11738123791001, 67.80631056636388, 17.712105664943667, 68.59896562286362, 11.687491256008908, 58.886099360904176, 37.178960585604266, 33.28746882201158, 22.234547249704516, 43.61848102532973, 53.018441908183235, 85.17577241228344, 53.0963427654318, 41.378365456686126, 75.66887737062476, 35.3841754464519, 37.310826627933785, 60.96640815543717, 82.35309879354439, 78.15965104957169, 52.842128361526065, 18.657559704340773, 14.56178541554477, 46.72446661432589, 81.58917531809502, 90.17510849574374, 61.37970866141735, 56.091427576724435, 20.275771223325048, 47.5046019578181, 60.557437774794806, 81.36647951780995, 88.20124727547986, 50.16472681306895, 30.958016839038265, 75.53173754425275, 39.49368022664191, 45.395161466504454, 34.5877597435361, 70.89243165247501, 19.477351889016703, 65.39574683419055, 28.111166939126928, 84.67395409876715, 86.33278243855098, 81.93271875511324, 67.01859425843938, 96.98456144190317, 92.45380138607698, 84.32630016463612], [31.40678289864975, 38.100371804243764, 15.21523176517024, 24.54062881027419, 40.4918612707655, 61.69108784618895, 27.71227811653746, 49.49812262378343, 30.197876425312288, 18.898644328689684, 0.0, 50.24610100531517, 59.030561536535856, 63.923844498649075, 61.012561205283724, 64.62767932229518, 63.048849031632535, 37.196064200551746, 35.13904926808567, 40.75206657875114, 75.25337369555118, 25.741351952160763, 58.280849852394454, 44.08432101265495, 37.774740182910676, 32.61861055570807, 49.35826799879828, 20.46534630457525, 51.45442724482147, 28.806539378626088, 42.68646672926894, 20.81511384454423, 37.548021635499374, 16.82055566042091, 26.09811424477356, 34.62018747722961, 66.3546175562784, 34.697031114606204, 31.1325198064571, 57.610274580893815, 18.411872240949872, 41.34254294492453, 43.508115039430706, 63.46722393465467, 61.000094103197725, 33.95045547685545, 5.551442624289655, 8.805676341717504, 36.79946252225293, 70.18261188672098, 73.08099112879205, 54.7497669743156, 53.64162889663416, 21.240187310052622, 36.60131853851259, 61.10335830128752, 66.64042579432386, 70.99187008860802, 34.89604163968936, 32.36824824269793, 64.85694772177062, 38.452700511834806, 36.526297741336926, 32.96897890409332, 52.00761682099108, 27.89637844214751, 61.288684542885335, 37.139076789398885, 68.68893059292871, 69.323740913836, 65.33297244826778, 52.20997497804263, 82.75372296864204, 79.06982663306023, 65.51839850829856], [29.117963713983336, 88.21499486885368, 41.04133352642387, 50.24765840124362, 90.6795651280861, 76.84583918511906, 35.244503451622286, 18.95739009617934, 39.361855750171294, 46.164092870947385, 50.24610100531517, 0.0, 47.6979496542805, 92.49210518067878, 101.72037451706063, 109.63496899362825, 97.39370797311607, 81.07058232092099, 51.98691928774831, 13.0289578285164, 88.62306643165925, 62.52419326786174, 70.31927935406145, 19.94292921435184, 13.102295185844708, 82.73316849402181, 75.4896112095321, 63.02661544219504, 68.24793224190337, 54.32161703889466, 57.69329745759731, 48.104024543279415, 79.44637513700846, 33.81007656261631, 54.34151180760953, 64.33926241619923, 100.8823840082639, 77.16492695698646, 34.41472145954796, 98.9594857833461, 49.247996090032025, 83.47433177680414, 64.36793031279284, 96.52419819215466, 105.10099578421661, 70.1352211130068, 44.838366984054616, 54.519615810114466, 87.00695316751451, 57.90233289270645, 116.68174842255083, 31.681517541631447, 19.036931880424945, 65.28590690192344, 36.920990801779595, 16.385184707623974, 68.07660763240716, 83.98476899948871, 83.5920525151356, 76.71352563580737, 51.307877668697046, 15.1096694723523, 86.57826821417505, 79.5847252358004, 86.64680825987489, 26.70831226571893, 28.443466458483307, 73.76903439659023, 75.47649826151222, 113.3387803903993, 75.92574048569315, 57.923154473749506, 79.10279570694847, 72.51777661301666, 100.37589328049741], [30.908992729009775, 90.19373575234076, 43.909333463489126, 38.18999441872314, 88.64403534627525, 36.470049327230484, 66.7562058153033, 28.776947597013667, 28.835614574385044, 69.85029907142683, 59.030561536535856, 47.6979496542805, 0.0, 58.47480633581104, 77.95805544523785, 90.50905151437586, 67.57569585832952, 66.67165017659237, 29.361358843201845, 53.9367982349525, 44.769025723029046, 49.12862277086374, 29.791609739414156, 28.66161843995292, 49.348696894421145, 81.31558303521834, 44.597653800463135, 79.3088155024037, 32.480244184660805, 81.44112864223518, 27.381934890616975, 40.31025573509887, 96.57857798195104, 47.62085275837553, 39.9476701787621, 42.87174032202096, 70.53734894560897, 62.32677825757845, 28.623532747823706, 76.55073604475946, 43.11063342194377, 100.3561164174255, 34.51512872587855, 65.6501564513117, 85.29888488383857, 51.52296386922437, 54.805354706962184, 67.59895444576517, 88.15961625348429, 11.821781374702853, 94.36945535029649, 16.58107536960632, 29.810361017904622, 80.26171047206918, 22.643581269200787, 39.43016394821449, 21.69430429234193, 40.63000368960894, 76.74116693809015, 91.27243008692376, 5.826607278367542, 37.654439876952324, 89.22518673940944, 91.15214872220939, 59.83678629243704, 57.68888673289561, 24.771253421513947, 95.42278645399975, 30.303182009332055, 92.10817265753532, 32.75917263566861, 18.512662071343833, 31.467112259091973, 25.123346429731697, 70.45396697775935], [63.59399101858984, 67.70021145523509, 58.37874594292389, 44.94892915160083, 61.705845517484626, 23.582478663526434, 89.04272594663877, 77.8705154950045, 53.32069753673707, 82.75110178597222, 63.923844498649075, 92.49210518067878, 58.47480633581104, 0.0, 26.503086676620224, 41.17934351573653, 11.65151580253149, 35.56702174206975, 40.5247894484599, 90.92481780091796, 26.773280046297575, 38.19548659016315, 29.26631778307757, 74.00138144307022, 85.97855448127274, 58.645044123326386, 17.05527796688402, 79.17260112247112, 26.325903745332944, 92.45196098606273, 35.32101012958773, 48.52014214847662, 90.18941790935746, 68.21184234568358, 41.22297973225309, 30.598281575729654, 13.332449181853953, 34.33459489763573, 58.185187018720185, 27.419379124971186, 49.13543167480169, 92.39073651792458, 28.172122671373277, 8.974643303669884, 36.561510870952574, 30.126209181517986, 64.67182302473219, 70.68165788374738, 65.49506271363457, 60.23885448094282, 40.89804926250463, 70.82950950943837, 81.14267497065417, 78.1503230112769, 55.8452607037623, 92.12449723447861, 42.56921259245576, 26.352350989191773, 49.42940638438867, 83.76961840851719, 61.038320123865276, 77.56986003212715, 67.98245543535691, 80.09605978854158, 14.507173213931935, 84.63733304503641, 80.75429575951009, 94.85250166126902, 35.24638892532856, 40.1000358369018, 29.794777786340024, 40.11892592188251, 52.76766764381015, 55.25705223545587, 13.67266933291513], [73.08981355139575, 49.64185281255268, 61.965273088296264, 51.52074419395264, 42.44821784029053, 47.84706295664265, 88.63860683374523, 90.80321858526654, 63.41245839449801, 79.14735492704813, 61.012561205283724, 101.72037451706063, 77.95805544523785, 26.503086676620224, 0.0, 14.680155507187905, 15.094376864949727, 23.99304747685706, 52.66131760724932, 96.79532701154072, 53.247260832927516, 39.448277501213745, 51.94362749512665, 85.9768372996981, 92.38109657528007, 42.450527772868654, 33.63261409494627, 70.09845616148921, 46.2857925701702, 86.41903287431579, 51.07961355972583, 53.68207297462555, 76.4716172317055, 71.3515064602726, 47.45492135717283, 38.26824002022718, 15.156349095835479, 26.379926117526193, 68.2752028016945, 3.571220316371579, 52.8621349495189, 77.69271158101799, 43.57141413092948, 17.79394899373922, 10.190784405759695, 31.5885291358628, 63.93996760378769, 65.00152933557065, 47.75705714517113, 82.41551025812346, 16.412544233280688, 86.917033858216, 94.68213051586834, 68.31534836427227, 68.250270346641, 105.35321444385498, 66.24209901476357, 52.46549330919291, 33.248196061717266, 70.41163787026746, 81.73960174930718, 86.72293634795275, 50.5114268420138, 65.6085157181987, 18.184147201337616, 87.02230134008907, 96.79574021216871, 83.20752079955903, 60.184145554811174, 14.403466015918797, 54.509125334084345, 59.75144461960778, 78.3507334243078, 79.98836268325338, 14.28325464968983], [81.96313816186587, 43.94054311377813, 68.790503294336, 60.39632336037949, 36.39931205270963, 62.16624677831293, 92.17126522820774, 100.59197336530119, 72.95297985103494, 81.31671207052622, 64.62767932229518, 109.63496899362825, 90.50905151437586, 41.17934351573653, 14.680155507187905, 0.0, 29.694045637111795, 28.61192746035945, 63.539775943886745, 103.24886777151775, 67.92730006166366, 47.38333093214864, 65.87086371124678, 95.48046983925738, 99.21254879199593, 39.14787624879996, 47.06401127360435, 69.47269191605427, 59.73272233167307, 86.87820869879384, 63.208249170271934, 61.798903458562606, 72.42836119930458, 77.43021848943293, 56.542470108861764, 48.85676888233364, 29.300238444149446, 32.478977784723, 77.59264067247113, 14.523100612208895, 60.41856240345007, 72.90678965101264, 56.0130790824734, 32.40766510536816, 5.221834337525563, 40.93513413908817, 68.51037011891319, 66.76607622317884, 42.513432626145594, 95.8159862632567, 9.414168052100196, 98.06216604954945, 104.64318181339351, 67.3071170970776, 78.48581454302807, 114.98534733189977, 80.24114207739443, 67.09662669680313, 31.548277630994757, 66.91197205314981, 94.65310213055831, 94.98451496482065, 45.23514690051105, 61.56891678833862, 31.774619351420746, 92.06086167982704, 107.74839843053354, 80.29045998786616, 74.54720176049648, 5.613165200617798, 68.85811038506296, 72.71535059068164, 92.8151414976323, 94.20503834344534, 28.532932221271583], [68.27764922436288, 60.35272734340074, 60.27871651163003, 47.81862807932181, 53.760186716171326, 34.45698334089735, 89.67253095418437, 84.26933786947573, 58.07653159707966, 81.8958231434189, 63.048849031632535, 97.39370797311607, 67.57569585832952, 11.65151580253149, 15.094376864949727, 29.694045637111795, 0.0, 29.692646132009806, 45.88871596140647, 94.33843694358958, 38.39373590032048, 38.23216502161659, 39.471900969249795, 79.9375962137276, 89.57753952722882, 51.9251230211126, 23.380070314855224, 75.87135791537042, 35.10824383022848, 90.64322360963027, 42.279575568734735, 50.858458145353254, 84.98490513787608, 70.11675209879758, 43.779502063153494, 33.23831884589165, 3.512410165021342, 29.87502404332985, 63.04197211335244, 16.54736635021052, 50.83166591856569, 86.77425816416827, 34.65500671585847, 2.716643234220056, 25.269663902220064, 29.60726771629544, 64.77965812599639, 68.72669111003313, 58.25182791041888, 70.50226033326653, 29.30730883668246, 78.5508720766576, 87.83699146562672, 74.50295338181822, 61.71759984265174, 98.76614095653633, 53.35181796972714, 37.971520533271445, 42.46413181191281, 78.6575755884109, 70.68620583287127, 82.2936881867042, 60.89015161617562, 74.44965463577172, 11.272168945578152, 86.44677749517733, 88.53452258222495, 90.60190835333341, 46.498962232214474, 28.449006755497347, 40.92716581883368, 49.063861289105006, 64.28174165697494, 66.49872500031735, 3.016264119995269], [53.81180829989543, 32.33898916917311, 40.178847775775544, 32.5837864140734, 27.006385239927155, 46.92808401672183, 64.8990829171838, 72.84000110120319, 45.357326380710894, 55.15993920227281, 37.196064200551746, 81.07058232092099, 66.67165017659237, 35.56702174206975, 23.99304747685706, 28.61192746035945, 29.692646132009806, 0.0, 37.76762885916546, 74.70169462438221, 57.44410883844585, 19.375807210121664, 47.926603192367665, 67.57695251355253, 70.61482238383333, 23.099130218286938, 29.726550710234243, 46.73495195310459, 40.38565611240477, 62.56813698978543, 39.74009747621526, 33.51430111248732, 55.32287953664731, 48.90602543268473, 29.027386136031488, 23.852832115461506, 32.38022672086547, 4.405514766253764, 49.754808186155415, 20.509616089607, 31.94419343505139, 57.22254337563108, 33.99305078750591, 31.123121834070872, 24.335551784158316, 15.198818148993917, 40.49789645418914, 41.02569877298698, 30.09596981483077, 74.09832565445757, 36.30582649726427, 71.66047296154223, 76.9855525169859, 45.16987655568611, 51.406315234268035, 87.03924579420718, 61.60140839424611, 54.75628252606058, 14.105095563962145, 48.97720645812562, 71.56277603030192, 66.52303091575835, 32.49947413655393, 44.88731902819465, 21.069771909675307, 63.919294823589354, 80.98886426737458, 60.96835064187635, 58.5186238747723, 32.701013055032284, 53.17493518315462, 50.68772384725516, 76.62946171049606, 76.10719623645807, 31.405962049897205], [23.099383096195055, 61.34965032422363, 22.677611580522587, 10.731098189233078, 59.3965437350793, 28.71358124190509, 53.20746333094366, 38.48454970696867, 12.880783388395665, 50.97917308591284, 35.13904926808567, 51.98691928774831, 29.361358843201845, 40.5247894484599, 52.66131760724932, 63.539775943886745, 45.88871596140647, 37.76762885916546, 0.0, 50.90454313472501, 42.268465920759624, 19.771935495729547, 23.949773066909348, 34.049603297226334, 45.86807234020637, 52.234658717014284, 23.503070666685137, 55.29185673336379, 18.476311477209247, 62.39312682200631, 7.946999226651039, 14.326004298609075, 71.39661450163644, 31.18973963785977, 11.001921247926303, 14.683023782484579, 49.319488306523176, 33.37039621397686, 17.67308229002533, 50.55240520785477, 16.808073588429377, 74.85700739268445, 12.589746207288561, 44.78716371040041, 58.45259840482682, 22.951013367045896, 32.74164999841496, 43.88737792525757, 59.2470933354897, 38.37041802866876, 68.77116417314352, 34.52357309634847, 42.200325099737675, 55.603013994512196, 15.854735763855553, 53.03650430106155, 31.60023451800606, 37.674320703750396, 47.38056967969038, 65.51973538285615, 34.66718575750604, 37.04600491255062, 60.5063278569707, 64.43354589234288, 35.74421707949163, 46.77126352367143, 44.2656661799735, 72.14645457717252, 33.76802829812753, 65.9908197725423, 30.999308696023142, 17.301227288293667, 47.81002306591036, 44.67980275005093, 48.90184404526479], [28.260748942679005, 77.92223969125588, 34.834100226831254, 46.52689838772565, 81.08446065575158, 78.18375946788605, 22.3181283264119, 27.120254989369965, 38.07852503023538, 33.81172074086814, 40.75206657875114, 13.0289578285164, 53.9367982349525, 90.92481780091796, 96.79532701154072, 103.24886777151775, 94.33843694358958, 74.70169462438221, 50.90454313472501, 0.0, 90.88889806289814, 57.383426853534075, 72.10980808304019, 25.404163751836702, 5.090097946645422, 73.30954215114414, 73.92105234619432, 51.131047307281534, 68.68766922104129, 41.39232569927264, 57.7600112464193, 43.57313029576664, 67.04310745613138, 25.822515795874075, 50.559456347043444, 61.15622145078643, 97.85052279820256, 71.14733421334921, 33.60229752524616, 93.77756040525428, 44.0140603418435, 71.03844483395773, 63.48170830572473, 93.81827873280659, 99.02632402278911, 65.62441794920403, 35.736136340702615, 43.64344372650696, 76.90981676699293, 65.12422710676663, 110.90992923311946, 39.552408812621174, 28.890144855642266, 53.5152588719684, 37.953302251251024, 29.083697056738444, 72.43520040174907, 86.17771545816304, 75.3049027648552, 64.68039249235875, 58.43050067715122, 16.3877156841547, 76.2127457169118, 67.91133644304588, 83.22213355503433, 14.443735540898567, 38.925592228258175, 61.00732980441567, 78.86652358280475, 107.37794083675853, 78.37912716849644, 60.47973537442735, 85.19528768557555, 79.0503381330995, 97.23672898271425], [62.76387730991207, 89.42086257105377, 64.74656569784692, 51.451418231378156, 84.45010530232847, 13.664604879786266, 95.47296592553855, 70.94106641103953, 53.80092450105607, 92.63260838181178, 75.25337369555118, 88.62306643165925, 44.769025723029046, 26.773280046297575, 53.247260832927516, 67.92730006166366, 38.39373590032048, 57.44410883844585, 42.268465920759624, 90.88889806289814, 0.0, 51.54353729488852, 18.834620070189832, 68.70935327077521, 85.8098366174339, 79.86078219900153, 28.444755571068026, 93.8846571550599, 24.04830785713531, 103.70753646169874, 34.39514268767322, 55.461829847609536, 107.77025578316139, 73.4530136692512, 49.210056830757516, 41.485502632274724, 39.6061995650342, 54.75722602848727, 57.6361360060929, 53.937306482186465, 57.301720197173, 110.60495856867757, 31.76321000226838, 35.68870949276864, 63.22592073551899, 46.29277913501908, 74.02454715500464, 83.47262740102389, 87.14724471292807, 41.58032484182817, 67.42676137769718, 60.5396049731089, 73.11005275932033, 93.52913575819927, 52.93700982778681, 83.53786759262707, 23.592041741577763, 4.713585271907159, 71.46258475161218, 101.42064019526289, 44.90278808207673, 75.2128377132479, 89.32850202719506, 98.77128018436538, 38.478560369439286, 88.7517003175581, 69.48373358847964, 110.5989502533966, 14.60837823704724, 66.82222467555796, 12.699611981688495, 30.71773676152757, 27.725949787103094, 31.973894101966376, 40.12852002789222], [34.59194489103584, 42.15696422323078, 22.603309058589993, 13.207983908106229, 39.71823808612934, 38.556080014621706, 51.48607573316081, 53.47955479970571, 25.986392763816518, 44.55689784677592, 25.741351952160763, 62.52419326786174, 49.12862277086374, 38.19548659016315, 39.448277501213745, 47.38333093214864, 38.23216502161659, 19.375807210121664, 19.771935495729547, 57.383426853534075, 51.54353729488852, 0.0, 36.851269955618825, 48.24693767016013, 52.93416767902091, 32.79346707692181, 24.09131432259807, 42.548486693545286, 29.199514083287415, 54.40902448203966, 24.091264796672363, 14.453449706600596, 56.33923262255615, 32.22829600515144, 9.781209076284037, 10.120920658056258, 41.67069032535639, 15.096757365696266, 30.394855020792914, 36.5291041298507, 13.415242907845254, 59.32775979036167, 21.169433338185147, 38.31227400690446, 42.6832896264971, 8.625810350170285, 26.69760532288347, 32.90335502749193, 39.98290780396582, 57.88056024815093, 54.16006556108385, 52.554048535147246, 57.61540457525867, 42.044376398960495, 32.14352395866196, 67.73329106912185, 48.46081646019961, 47.696370064881854, 27.614728483033062, 50.0494487331081, 54.42499716762661, 47.69555242346358, 41.48144392422725, 47.84825950464565, 26.975833636189922, 48.367005400340744, 61.730315608653186, 59.11809315877824, 47.8788221898638, 50.85296744354046, 43.451864704402695, 35.39419954088709, 64.52258698347119, 62.55135116222116, 40.92368979467463], [43.942833081320444, 77.8828907295692, 46.623210769822286, 33.87256090224084, 74.06454191093297, 6.837728646340829, 76.9626076547077, 53.222563400658906, 35.01021938803744, 74.85829498776756, 58.280849852394454, 70.31927935406145, 29.791609739414156, 29.26631778307757, 51.94362749512665, 65.87086371124678, 39.471900969249795, 47.926603192367665, 23.949773066909348, 72.10980808304019, 18.834620070189832, 36.851269955618825, 0.0, 50.526286458761035, 67.02553903647441, 68.25601898417445, 19.12938463442495, 77.7885969862323, 7.772027784070464, 86.1789029644707, 16.00408848269299, 37.80592000342712, 92.83070243440436, 54.962357137630185, 32.30153378150092, 26.933595567320435, 42.057471604930036, 44.28946994112738, 38.80155156043325, 51.36220361141061, 39.937964315473316, 95.98038283320011, 15.684824647340648, 37.2246366466527, 60.714752736003014, 33.9862559970622, 56.44319504226132, 66.82079268649895, 75.62809794481974, 31.05964605281376, 67.9928474422849, 43.933429306576926, 55.78112256401243, 77.74673515803477, 34.180426146051616, 66.52904263950491, 14.380307522116816, 14.125408628999773, 61.00957905321725, 86.64686984300194, 31.854752802818332, 56.577630390844135, 77.46839940679703, 84.6760701707826, 34.0966736849778, 70.01554084004354, 53.49411881275089, 94.67083533627304, 11.044129679574366, 66.34376885149146, 7.080368548317365, 12.677854758318192, 28.707121169576954, 28.635502057561208, 42.141089733173516], [14.013558112030896, 81.29339790730576, 30.549577684544577, 35.10075194236948, 82.17693966558768, 57.1355063841515, 41.3655586418403, 5.525141825379133, 22.604730052302003, 47.95412723073964, 44.08432101265495, 19.94292921435184, 28.66161843995292, 74.00138144307022, 85.9768372996981, 95.48046983925738, 79.9375962137276, 67.57695251355253, 34.049603297226334, 25.404163751836702, 68.70935327077521, 48.24693767016013, 50.526286458761035, 0.0, 21.079972777833365, 74.17261334859391, 57.23347210604475, 61.71196574238243, 48.93231939262547, 58.65685484390489, 38.74954740556435, 34.181066371436415, 79.27444742344117, 27.97479340491742, 38.94471099271822, 47.76336248329694, 83.36308211911495, 63.34136818132799, 17.888116111394666, 83.54623338046923, 36.146122881825, 83.30677193142756, 45.86872238575695, 78.79791231677179, 90.63114351683703, 54.739478051624914, 38.64771660944188, 50.9680198638667, 79.68982650612992, 39.72171987263591, 101.66660362981426, 14.537095448444434, 9.783235117138997, 63.415139705744224, 18.244082732555114, 19.504986870705075, 48.27933406591605, 64.0848781373329, 72.91750762660803, 75.15027542780773, 33.02753865457176, 9.645386369318745, 79.88221225927427, 76.67343784774792, 69.68287968968637, 31.71834176456028, 17.596409671181707, 75.76406338942125, 55.54596046812098, 98.5958145410209, 56.009849877758285, 38.03911736777469, 60.08086020523149, 53.77844464503121, 82.95112141818402], [23.171593783090735, 75.4868859969503, 30.522236015946763, 41.761794275936886, 78.26267033379253, 73.09371222317726, 23.009600871195524, 23.46041479743834, 33.02450713717861, 33.186117622751624, 37.774740182910676, 13.102295185844708, 49.348696894421145, 85.97855448127274, 92.38109657528007, 99.21254879199593, 89.57753952722882, 70.61482238383333, 45.86807234020637, 5.090097946645422, 85.8098366174339, 52.93416767902091, 67.02553903647441, 21.079972777833365, 0.0, 70.3886740714455, 68.95720771101779, 49.92650031142329, 63.60530474930374, 41.90571051699048, 52.68123796331112, 38.93520396101839, 66.43383880097471, 22.005145367871936, 45.82100198902403, 56.35874285528932, 93.08989381829022, 66.95474507433724, 28.51992331089238, 89.41744404442048, 39.52574847695609, 70.47175724420194, 58.45187814760122, 89.00710348354933, 94.89773363684084, 61.066339183555534, 32.526973941995685, 41.544334125265635, 74.35747141121185, 60.684076715977206, 106.71446638665762, 35.48657221170143, 25.770380440059327, 52.18392084670388, 32.87783776703136, 27.751887694237325, 67.50892027970653, 81.0981095399824, 71.87527751530367, 63.61956944194799, 54.0004262982754, 11.694449415001397, 73.8199484679415, 66.48965860068543, 78.50402221310583, 13.865532855736497, 35.814630371626016, 61.00849852091922, 73.84768067648699, 103.22842897526391, 73.31101569253855, 55.43132578747482, 80.47774392831653, 74.42326736968609, 92.49157401865126], [60.34246195248878, 9.643205925396929, 43.648052466835665, 43.31042442590093, 8.028052133199193, 68.42391313104284, 57.402194869130014, 79.69761128076222, 54.91200122780541, 45.11738123791001, 32.61861055570807, 82.73316849402181, 81.31558303521834, 58.645044123326386, 42.450527772868654, 39.14787624879996, 51.9251230211126, 23.099130218286938, 52.234658717014284, 73.30954215114414, 79.86078219900153, 32.79346707692181, 68.25601898417445, 74.17261334859391, 70.3886740714455, 0.0, 51.555494853061006, 30.860772544952503, 60.488466278705495, 48.66485713425586, 56.845552817773374, 41.99759729446865, 34.05583393647762, 48.972050179684835, 41.38902332273958, 41.665219057736074, 54.18744341147104, 25.13854104397217, 58.007342635984934, 38.9850231398582, 39.38662390834379, 35.26748114793167, 52.98908715143191, 53.66652964125645, 37.47624492797235, 34.329021430971125, 37.91237874725846, 31.029881149942252, 7.376779311014613, 90.57071622838684, 48.53830021271792, 82.10217768698878, 83.95457835150697, 28.509779382423172, 61.766023229888944, 92.51605097323468, 80.86499990598826, 76.82267463328982, 9.470436234383774, 28.129748559634848, 86.80318712184467, 70.10880372343856, 9.4