instance_id,num_cities,city_coordinates,distance_matrix,best_route,total_distance
1275,89,"[[70.02816390736704, 24.920664745948706], [9.291868211278388, 55.968457128882], [62.201551966597, 63.4658339412021], [33.89077632835467, 95.24330291682423], [92.4548948288471, 66.05312971004848], [80.03696224827429, 61.60349566636603], [38.498325928340485, 89.73853156529869], [69.94651126917579, 92.59105977428041], [89.55403985181441, 66.3453715021725], [33.767034225881496, 23.44121314239801], [89.99413645270403, 91.0200578805869], [0.4385277638367713, 35.60710321848259], [24.544817059339053, 39.94379201926084], [69.22125232329543, 65.10713420497484], [36.435046017460095, 5.589401716263054], [32.14307273585003, 17.861901670594293], [46.462599444294575, 67.9750336431734], [29.219020450026058, 95.95150817404937], [10.004372002852445, 18.82209977226096], [52.352399370634984, 3.5195868057323554], [40.56631249527477, 16.431602314988336], [59.622902933393284, 60.97398066379377], [44.75385370003091, 3.5668663881414653], [18.39662901860317, 49.128623074226255], [50.60306493764934, 9.837634645077753], [34.990139689808494, 96.51905289001942], [11.888037757338099, 65.97800784236945], [71.34812132247582, 19.957743954225393], [78.69160506889304, 2.7250374790899534], [70.87259367911614, 82.69220712252057], [49.71453331687695, 20.852140261486284], [98.51713532895016, 10.097219345102747], [23.625463447547634, 21.460053257894085], [29.40728478358886, 54.287443668728926], [55.23849653378089, 25.67846442349272], [99.7751429713862, 52.58438611513782], [21.46097662051384, 42.748681071718565], [94.87557800461154, 96.30422194206002], [73.39870714710744, 89.17587862763165], [60.915719232422894, 25.911214629916678], [26.219502781680436, 24.39693639703976], [91.408012933336, 3.822854654850938], [41.17446275941721, 48.39758848372562], [32.68193591406471, 53.68503463614267], [62.22442975697176, 90.34550777049168], [66.15499133024304, 92.64872331772347], [87.80719381056456, 4.836272244825346], [88.25421981525616, 4.802321556293531], [80.10782618540763, 67.81605121293465], [71.96375806657281, 96.57755502135731], [76.2492746821196, 52.4018585290248], [68.18533749622402, 20.492390446785002], [65.9826913650934, 72.27959247732983], [90.16548771044664, 19.473528522703234], [23.589996234722133, 83.54222715656012], [71.86892798022497, 39.27694886561363], [95.27075581618433, 52.44670368776894], [14.319398000024652, 75.76449659845326], [34.192993242875815, 27.074856714098562], [85.55732569154219, 46.5081292637339], [30.998831392319882, 41.39549408424353], [27.27044038263251, 4.670356971864553], [29.6683106211196, 31.24658598811797], [64.53928602680801, 19.602153593395265], [83.9833087945094, 5.889374437163896], [52.08576821638024, 12.014868173961501], [29.320781286744257, 56.45367645497919], [73.67918248803646, 69.12153461075756], [23.956792000751705, 11.997768413379173], [1.9556215020113732, 77.34153087333667], [30.724194279709838, 22.113910086919518], [55.80792005559253, 9.921439135188226], [5.317806145904925, 86.56243521056935], [68.2904153192534, 27.405966396293547], [79.76101063838418, 73.92287000344109], [13.197911435282617, 32.92323053608459], [85.57263107339801, 76.20286443747565], [34.65491794320097, 52.155093323921534], [74.07457932643638, 30.01472035384445], [45.83184500176929, 49.53233504881139], [23.266995714922935, 87.34687556491096], [36.592699756311895, 12.574004260136363], [92.88234121653561, 75.62125315150813], [91.75344632377131, 54.008006165314384], [22.650553244297498, 55.83274305523942], [5.807383249381248, 57.59758848988269], [54.619917955315515, 54.2151232752926], [73.88932818230434, 8.91200341312388], [15.251784069791219, 92.30798486076249]]","[[0.0, 68.21189798514955, 39.331741923821724, 79.06443081656656, 46.84909747100114, 38.02375742302269, 72.07972351497095, 67.67044429027922, 45.79591860894463, 36.291297893913374, 69.04903933038176, 70.40537923920435, 47.90020034997926, 40.19456970643857, 38.758164299771444, 38.53707655269329, 49.08171257812357, 81.91927067442182, 60.332811051158245, 27.75677915323047, 30.660477321544526, 37.52480572379345, 33.08739126559461, 57.02491246282859, 24.59333785819052, 79.7119333970719, 71.17569592830469, 5.135452303606781, 23.826478601097282, 57.77771343872527, 20.717057687991435, 32.1147322301096, 46.53156393068022, 50.124480297435966, 14.809068889454347, 40.62221366970693, 51.735962802176516, 75.58443110383541, 64.34355502077717, 9.166124427834644, 43.81179157497096, 30.03690288650367, 37.198145358668015, 47.13947094004786, 65.88860562704402, 67.8387159645135, 26.82306333061106, 27.14658075438313, 44.063746683542874, 71.68302761945188, 28.17655463350199, 4.79641766845216, 47.53139892698794, 20.861042710868244, 74.786302196685, 14.473814497100198, 37.34797539494868, 75.42255522298905, 35.89986071823753, 26.592733782477506, 42.364003567841145, 47.31065298601119, 40.85260134739949, 7.642927532531336, 23.599493207236083, 22.101790612741283, 51.49195886023016, 44.3514017082004, 47.84947814741561, 85.91750831509535, 39.40405943818203, 20.668626082215138, 89.37079090860391, 3.0325722495429126, 49.95942779483053, 57.39092833598626, 53.586327217653775, 44.64281162751843, 6.505603759837831, 34.51370979304022, 77.99768360621722, 35.642254251778375, 55.61351531011919, 36.30511433557634, 56.57026230751562, 72.05615874918674, 33.09953691286876, 16.46772076600562, 86.84182575445296], [68.21189798514955, 0.0, 53.43823812733482, 46.34241892930282, 83.77224849115471, 70.96916224405022, 44.647901404429525, 70.85337500079784, 80.93019552902037, 40.70694477357202, 87.98562845469672, 22.20284599196335, 22.123343789695646, 60.622161778897215, 57.22587985942834, 44.432950803647515, 39.06176058488222, 44.67365853863645, 37.153189991154214, 67.86083805775235, 50.410849564827814, 50.57932702258197, 63.27305213884153, 11.387712643627161, 61.92469425033266, 48.00783241896483, 10.340754411442378, 71.74782236101935, 87.4710535657941, 67.12931224783775, 53.54575206840144, 100.32606215752664, 37.36685550217484, 20.185534179971523, 55.032502326340975, 90.54653470972386, 17.968018212292545, 94.6126064806032, 72.19708886748792, 59.73658695385039, 35.82325687971733, 97.27396918700082, 32.76916061120919, 23.501261358090456, 63.116065170481065, 67.66724982239784, 93.69715409220962, 94.09052237214286, 71.80017680600876, 74.67840792139853, 67.05232961556185, 68.7531237955733, 58.99069898053856, 88.72667098942873, 31.060413044807813, 64.76491996002983, 86.05098407965502, 20.42447635699761, 38.14323233246524, 76.84996947292838, 26.145047378872533, 54.35737426550313, 32.03701481071726, 66.14215908268233, 89.92622431550359, 61.34521871885995, 20.034789661461033, 65.71704259184398, 46.35171470255128, 22.597097093766898, 40.068378506248756, 65.45281464761068, 30.851007506436577, 65.54879432683067, 72.72043025231531, 23.373909437258597, 78.91885720128616, 25.648119525863113, 69.78822330463751, 37.1024739239742, 34.34980832973663, 51.26805967489001, 85.86966617350731, 82.48487881292745, 13.35937439108559, 3.846518483132931, 45.36194741410522, 79.91959503783528, 36.825016942516996], [39.331741923821724, 53.43823812733482, 0.0, 42.55945901601103, 30.363775353805224, 17.932377526855703, 35.38499067497252, 30.137404905306855, 27.503642123835245, 49.096762309088426, 39.136466489952355, 67.75529526281869, 44.399506078931346, 7.209026262519268, 63.35293391718232, 54.618960189731105, 16.372156499726845, 46.294345395569344, 68.68484983396716, 60.74996586406745, 51.77163829404848, 3.585911821639388, 62.388368216549345, 46.09150561571847, 54.868102401172024, 42.81327178546172, 50.37619209304137, 44.45912308285853, 62.93938517469231, 21.091239652698675, 44.405546092657254, 64.55254153675911, 57.0315721004051, 34.05446825402439, 38.42355314163934, 39.11752353851832, 45.70552376406411, 46.32441801067491, 28.042515613165595, 37.57662567921507, 53.11390231250203, 66.41010721534609, 25.8687166611229, 31.09777752404138, 26.87968356514428, 29.449460354381873, 63.97713965902813, 64.18838825961343, 18.42712801036891, 34.520816051020574, 17.881556571324364, 43.38804599232872, 9.59058677475086, 52.127772236310236, 43.519119942541955, 26.049190394115815, 34.85675651559806, 49.43640128119566, 45.92148283019296, 28.862708019502723, 38.21923171177138, 68.38925842954637, 45.78746259736825, 43.925931455016936, 61.55886304611595, 52.43597008984303, 33.62016408515366, 12.79542701320627, 64.12194190775415, 61.82319227358075, 51.96927605228515, 53.924769300903826, 61.393920943276136, 36.570319991540565, 20.43732350512583, 57.74259613218455, 26.616522772130725, 29.778346148339402, 35.495714937465316, 21.496736903506587, 45.67498023588064, 56.97184953830117, 33.000985518275435, 31.028454140287817, 40.280833859351816, 56.69866462257049, 11.96063635871403, 55.79179633382253, 55.10127380769552], [79.06443081656656, 46.34241892930282, 42.55945901601103, 0.0, 65.4356339281686, 57.10610393647748, 7.1785807057458, 36.153152225081556, 62.71753619306198, 71.80219640152164, 56.2620903973407, 68.37784179456656, 56.083712967026635, 46.43739009309347, 89.68999558886647, 77.40113517692936, 30.026808782133525, 4.72513043979309, 80.06722551496324, 93.56319587628157, 79.09391212267401, 42.85474054640613, 92.31779603402924, 48.64804515950864, 87.0254489416973, 1.6840836661563408, 36.613904468376596, 84.08904852785265, 102.79466764110923, 39.05361468805249, 76.05548215904463, 106.89444244335826, 74.49392309962523, 41.20053522931202, 72.76669507798509, 78.4890626179636, 53.94613279409086, 60.99402909031744, 39.97111751107842, 74.41294245755701, 71.26048054064428, 108.00893882958734, 47.40857568809116, 41.57584584390706, 28.753857374418892, 32.36837056424293, 105.2635324746595, 105.52229668278355, 53.742625852463085, 38.09635372469579, 60.24642512231591, 82.24242117545056, 39.461665041837776, 94.38168176544507, 15.589138670395386, 67.6355881816512, 74.82680527390413, 27.612727957578453, 68.16911612128565, 71.02499189789157, 53.925410166110126, 90.81457694215621, 64.13586355777659, 81.61442652929364, 102.43723123757798, 85.19407303065323, 39.057905419131394, 47.59689111868162, 83.83616796696593, 36.61048423716232, 73.19791894269481, 88.09189309086537, 29.862553293056862, 76.06076116437362, 50.58299373575154, 65.66571463879428, 55.07769428156572, 43.09498483964755, 76.61270133968722, 47.244911942914094, 13.237004171880132, 82.71344105161626, 62.169361947417514, 71.05236292470201, 40.982128343741884, 46.96676251928556, 45.967475863793, 95.14713566056896, 18.868707547286597], [46.84909747100114, 83.77224849115471, 30.363775353805224, 65.4356339281686, 0.0, 13.191068671580386, 58.926306422172836, 34.79783129109265, 2.9155385202118675, 72.52613608707917, 25.08790214542825, 96.92250686485492, 72.75627929816241, 23.252893402142387, 82.42624499367376, 77.20045559533962, 46.03243366875243, 69.94775795714018, 95.02030784660744, 74.28764453219573, 71.7963854076695, 33.22254425623082, 78.61248265197911, 75.96753029871866, 70.0839321859262, 65.04129886770063, 80.56689209393623, 50.69793364455197, 64.80644574908615, 27.251690223835983, 62.20826270924893, 56.28334269258474, 82.01239596390718, 64.13604681021313, 54.91059915042285, 15.329484234435094, 74.72103953310655, 30.347788853013625, 29.963307669002095, 51.04990640150669, 78.245546844358, 62.239080127751656, 54.23468308399893, 61.039138208082825, 38.781447243409794, 37.40334909310246, 61.39303513162377, 61.394683565093004, 12.472289136768143, 36.76448321948644, 21.189132337070053, 51.62162701171435, 27.194602310361415, 46.635829913553785, 71.05098724066185, 33.77492992896431, 13.894743689603406, 78.73669101205694, 70.09818073359823, 20.726396272635974, 66.21817520718479, 89.53690797921358, 71.78893119653416, 54.19385940287303, 60.75726473824125, 67.45220599280589, 63.85973532315487, 19.02478600509253, 87.25807799832508, 91.20058373447314, 75.77159369695755, 67.0355685201775, 89.51817601053222, 45.57987825970599, 14.935444691281601, 85.90261716574629, 12.263061177239122, 59.4473947568044, 40.45494959697137, 49.463576815844405, 72.39053112341436, 77.33435004711305, 9.577666553255941, 12.065530705823956, 70.54858189521799, 87.05910314401127, 39.64371162454383, 60.081516120919495, 81.54531090050503], [38.02375742302269, 70.96916224405022, 17.932377526855703, 57.10610393647748, 13.191068671580386, 0.0, 50.170096196379305, 32.58905230754177, 10.632974774446245, 59.97721272814005, 31.05606946541188, 83.7360328214662, 59.56946314807857, 11.369039721564489, 70.98384196456192, 64.86256006294569, 34.173591176274634, 61.337176099312856, 82.06589749177977, 64.34419546669587, 59.98693308439931, 20.423763288139227, 67.92015964943839, 62.890008163896894, 59.54879241569679, 56.993967740912005, 68.2891811786415, 42.54250336196843, 58.89382670918005, 22.993899237674277, 50.79490785142212, 54.72123260283949, 69.2369349794363, 51.15553593708315, 43.65285525133869, 21.701154700966548, 61.535762981067606, 37.74022948558818, 28.360231539091114, 40.49149120563637, 65.42665356030645, 58.88890616562531, 41.044973517325246, 48.0125040401024, 33.81404402829413, 34.00757675127227, 57.29654573813965, 57.392479491697266, 6.212959690581181, 35.893752290975314, 9.950713698328382, 42.78532437225261, 17.649407162137134, 43.330372252774154, 60.560448409287275, 23.77375603160374, 17.774006464750634, 67.22597859549086, 57.39247687688674, 16.073098623958092, 53.0386802794788, 77.62530586995837, 58.809378775421386, 44.76930537987054, 55.853710310105754, 56.92364380807898, 50.97697175424047, 9.845926723730866, 74.87131407480999, 79.65162600292517, 63.175758435953156, 57.079606278132395, 78.77754090996645, 36.15871088594219, 12.32246458091824, 72.73249838638104, 15.613622188854757, 46.35517503075949, 32.14655091688061, 36.2726200391143, 62.33418571537323, 65.50797639237591, 19.013187153933647, 13.963074870957366, 57.67583136869839, 74.33759271498846, 26.469117612406432, 53.04890913565095, 71.69299106821119], [72.07972351497095, 44.647901404429525, 35.38499067497252, 7.1785807057458, 58.926306422172836, 50.170096196379305, 0.0, 31.577290548977835, 56.159824269442396, 66.465927746788, 51.51175410775609, 66.1721978718347, 51.71282719224551, 39.3777086965708, 84.17442116427354, 72.15704517343386, 23.1749756082564, 11.167210417143542, 76.4267342529066, 87.32492076376387, 73.33609237306707, 35.688193316665284, 86.398423059142, 45.312723227634635, 80.81261061950204, 7.634319885832523, 35.67449963393562, 77.12630794390637, 95.84804557820185, 33.132218467102454, 69.79353992343862, 99.7246012477435, 69.8795580863767, 36.598178399284876, 66.21121894446544, 71.66085982639761, 49.98317037609672, 56.75828434506196, 34.904916380698104, 67.64958174090674, 66.48528827492284, 100.90063685600322, 41.427470152213125, 36.51965270397337, 23.733866583442786, 27.809357367416364, 98.182269731085, 98.43682617384532, 47.031326330889904, 34.157098677012264, 53.09577464571054, 75.3415338019924, 32.56078772908274, 87.2162041090661, 16.144735444700718, 60.49767276401953, 67.92487925508186, 27.92658606090816, 62.81140052084066, 63.90162080783363, 48.92128055550577, 85.80594234950462, 59.154685932135806, 74.81472527429126, 95.39163913799949, 78.90238550830196, 34.52693014682095, 40.776871283822906, 79.0890792992943, 38.58827377515817, 68.07001214179634, 81.67245736995426, 33.33218386315428, 69.0863030623612, 44.18986648678284, 62.19396598192424, 48.981675037560926, 37.779446991501146, 69.51692909980241, 40.869533155184676, 15.417958311474218, 77.18805403258112, 56.18646339358901, 64.13094645871645, 37.426653517700004, 45.84471567166853, 39.010489179484765, 88.23520098959587, 23.388112335518933], [67.67044429027922, 70.85337500079784, 30.137404905306855, 36.153152225081556, 34.79783129109265, 32.58905230754177, 31.577290548977835, 0.0, 32.761125285857524, 78.04265403187615, 20.109085569692727, 89.88064906158351, 69.52013117933716, 27.493493143609598, 93.23254157299974, 83.74692254542046, 34.02121186974589, 40.86589191332345, 95.05219366012996, 90.79251109141745, 81.63001311091192, 33.259834343384945, 92.52014377122886, 67.42680300855228, 84.98410608222689, 35.17637053352848, 63.86736944367874, 72.64683804376737, 90.29052347132296, 9.942077873928252, 74.53727594113874, 87.30128445744418, 84.88380033509195, 55.77271636572111, 68.51000740063343, 49.90271742596034, 69.53495369162324, 25.204085811313195, 4.856039398937522, 67.28860938738002, 81.00919536975917, 91.32573730228437, 52.734179430014755, 53.87325281107646, 8.041955401694468, 3.791958403195771, 89.55393188009151, 89.6773926366866, 26.777852229810954, 4.46782150455625, 40.68042186815666, 72.12017645467917, 20.694626645269363, 75.86158701647383, 47.231428708890924, 53.34875919824699, 47.464583506835105, 58.11633986211685, 74.63703447136642, 48.65525677015199, 64.3265708250714, 97.73073727125977, 73.38581546556695, 73.18892341265688, 87.83059788629232, 82.53198649741377, 54.3724232471898, 23.764499696592456, 92.79187944411717, 69.68004895973755, 80.65617631698655, 83.8699346495288, 64.90927391398611, 65.20612741523772, 21.09089156930692, 82.3447231406229, 22.6439520961597, 53.67088542459999, 62.7123528592811, 49.35150356546506, 46.97316936721999, 86.69028731979876, 28.53115196041852, 44.31923332220102, 59.90059677088683, 73.06415520398194, 41.323322286365254, 83.77189432443355, 54.69545972767539], [45.79591860894463, 80.93019552902037, 27.503642123835245, 62.71753619306198, 2.9155385202118675, 10.632974774446245, 56.159824269442396, 32.761125285857524, 0.0, 70.37724633195361, 24.67861083795488, 94.26778681915994, 70.1658210760353, 20.370456064704793, 80.70263546254554, 75.14430112856128, 43.12224524637654, 67.20742440272525, 92.66396824437848, 73.01398001214822, 69.9369843933105, 30.409288001659807, 77.12455759086644, 73.2106108628906, 68.6316455541799, 62.3511848274325, 77.66687091287857, 49.832393671425976, 64.54099000342197, 24.823687596771425, 60.471649304991445, 56.9578063272904, 79.7575637829002, 61.343506330121436, 53.21046743412249, 17.141635505490783, 72.06572735699385, 30.427807807846175, 27.968318333525445, 49.54870785267016, 75.96666896513041, 62.54999863397772, 51.60141853589351, 58.26422861299683, 36.37188651739163, 35.20485461477578, 61.53389929577041, 61.55677484053555, 9.560013150778486, 34.97717732496252, 19.272735411795136, 50.58771898423113, 24.306860102951223, 46.87583100890957, 68.16881174492845, 32.33361541711669, 15.028433332600553, 75.82197077461427, 67.87502348697498, 20.235856880928292, 63.64910699220014, 87.65303292043677, 69.41343753232293, 53.01571775797348, 60.71211267644333, 65.99753761500065, 61.04007755789032, 16.11577419566816, 85.18603692584112, 88.28589025604913, 73.60280503463632, 65.74542375751315, 86.62835987103749, 44.36686824942101, 12.382322266514699, 83.35045202948179, 10.63117034151945, 56.703417719860106, 39.49088389765728, 46.84344689801725, 69.53441876727969, 75.473594586381, 9.854926196927428, 12.531878242466052, 67.72438170338258, 84.202293316251, 36.98020814875393, 59.53129396998718, 78.70757591683811], [36.291297893913374, 40.70694477357202, 49.096762309088426, 71.80219640152164, 72.52613608707917, 59.97721272814005, 66.465927746788, 78.04265403187615, 70.37724633195361, 0.0, 87.91124661255687, 35.47954656325148, 18.90461316858796, 54.708779541238876, 18.050081942037963, 5.810849113555244, 46.308082929551965, 72.65278600908911, 24.207443571181795, 27.244944365176238, 9.765491740633575, 45.5766890464328, 22.70902598232642, 29.93480224156687, 21.645075145638653, 73.0880746028716, 47.83376830041777, 37.74218680663266, 49.470971281568744, 69.91067751044936, 16.156299874661073, 66.11079914295294, 10.333269199044555, 31.152806500909676, 21.58770453138324, 72.15535289275084, 22.895793754058165, 95.09612071002996, 76.75751262899678, 27.26081445835304, 7.607801117318115, 60.88811391477924, 26.03249253637968, 30.263281000112976, 72.70493793474883, 76.41111980635894, 57.153151039467495, 57.58699222054852, 64.16069866532338, 82.51008553866643, 51.414586795884894, 34.54439397788639, 58.506716374908194, 56.537846410099675, 60.95657460687904, 41.26166300045122, 68.00019302351343, 55.82057457959354, 3.6585252070089003, 56.694946066178005, 18.16642923269336, 19.863302166029555, 8.816086458794226, 31.01080229727078, 53.19531251422798, 21.59021478245106, 33.31053735926974, 60.66029466094696, 15.072932023393076, 62.58762042915952, 3.3197301605854164, 25.8570094435606, 69.2361701260687, 34.750296552439146, 68.29233885048858, 22.649447371379924, 73.94330065740088, 28.72760436538993, 40.840043940870146, 28.74554402674095, 64.76252387292975, 11.228562444969032, 78.85033985945533, 65.54962107969894, 34.24598311493508, 44.140684856558025, 37.173596876018955, 42.67196278216927, 71.31231825745063], [69.04903933038176, 87.98562845469672, 39.136466489952355, 56.2620903973407, 25.08790214542825, 31.05606946541188, 51.51175410775609, 20.109085569692727, 24.67861083795488, 87.91124661255687, 0.0, 105.3128795163153, 83.0204694240617, 33.21132831537955, 100.83140969418984, 93.26768675815424, 49.255130254801855, 60.97486307599104, 107.75392137529997, 95.25351861677902, 89.47931316694316, 42.722108815015204, 98.46189052499523, 82.95236814528981, 90.23437458914141, 55.27819286125756, 82.02235624222722, 73.46785923657673, 89.01549215379757, 20.856329885451498, 80.9072499333689, 81.37043263056019, 96.14257641427352, 70.85232206507105, 74.00998812110441, 39.66067261885309, 83.82672494860024, 7.1938071598600235, 16.697582787759565, 71.3071933080884, 92.22713383860922, 87.2086652637958, 64.80768038593402, 68.4002360467009, 27.777898189352392, 23.894714714260115, 86.2115283742894, 86.23529072711847, 25.222312664260198, 18.867440717191588, 40.991298421121826, 73.82259535926059, 30.459063326471743, 71.54673454751125, 66.8238564468304, 54.82583800277233, 38.93258745051043, 77.1971384826819, 84.86905405238366, 44.73250584219689, 77.09113665749871, 106.72643953452449, 84.92392598286088, 75.81864192254571, 85.34262307124625, 87.62912976242883, 69.82901081896617, 27.307930061952316, 102.98278057473962, 89.09479342706514, 90.8899513090023, 88.0095639914303, 84.79358061843124, 67.21461259585325, 19.925629155389824, 96.29590606263245, 15.462824171211771, 67.62332863171837, 63.0482633055683, 60.593226782896544, 66.82816456677409, 94.89729590384216, 15.667319931695985, 37.053841142268126, 75.98226980003751, 90.57853429532705, 51.048394153009106, 83.6725609615136, 74.75344805183087], [70.40537923920435, 22.20284599196335, 67.75529526281869, 68.37784179456656, 96.92250686485492, 83.7360328214662, 66.1721978718347, 89.88064906158351, 94.26778681915994, 35.47954656325148, 105.3128795163153, 0.0, 24.493265469374297, 74.84193360694498, 46.870158201778985, 36.33277239432175, 56.26631402558321, 66.85629341132537, 19.319464710358346, 61.02998258844292, 44.474025479514864, 64.39152689241229, 54.68477748857966, 22.47943281948441, 56.39633233126533, 70.02913321947364, 32.457404806369205, 72.61592734402817, 84.8809422367639, 84.72286970477317, 51.437667668019124, 101.34183458545066, 27.16197726580176, 34.469464785612, 55.69213988982852, 100.7769381130713, 22.202375777502585, 112.26084214686202, 90.51409544637171, 61.24949749548896, 28.11274645130313, 96.36226278351116, 42.696755301598195, 36.96551059411741, 82.5456880642756, 87.01953807749683, 92.62897951286102, 93.06197044832471, 85.93377358113997, 93.98539547667019, 77.6487807647288, 69.41242519237602, 75.10598411996584, 91.16589040712992, 53.233134411917284, 71.52461004540434, 96.31574960170141, 42.48876088552829, 34.816133762771706, 85.81399728189332, 31.103659377634372, 40.95160318119824, 29.55324544614706, 66.06864326130406, 88.67284726105875, 56.78055125444602, 35.61971622944402, 80.54446359605942, 33.32430708442142, 41.761992590017265, 33.15551020865666, 61.03706203740626, 51.18840900002165, 68.34571888574416, 88.09173782882363, 13.038598247146092, 94.31771506600732, 38.00785883782715, 73.84810651488992, 47.48121029830625, 56.55212632124456, 42.86779443925757, 100.7322730833571, 93.15045668629972, 30.04081528106122, 22.63638777933276, 57.287707699958744, 78.15144551274543, 58.60394646606773], [47.90020034997926, 22.123343789695646, 44.399506078931346, 56.083712967026635, 72.75627929816241, 59.56946314807857, 51.71282719224551, 69.52013117933716, 70.1658210760353, 18.90461316858796, 83.0204694240617, 24.493265469374297, 0.0, 51.27550738754146, 36.35383993152922, 23.35258809417415, 35.58285671011301, 56.20242384642204, 25.642746066240267, 45.82558629670475, 28.451913480351493, 40.89915577383187, 41.613530015090234, 11.052662018378415, 39.817244936415946, 57.531425390381074, 28.947788444434895, 50.89195817814111, 65.70472084464761, 63.03721028386781, 31.591229531708702, 79.76667080036901, 18.506588277204575, 15.145426207626501, 33.84673590014783, 76.28490385344634, 4.1686298047117205, 90.12721007677884, 69.35777482389324, 38.984044852631285, 15.636792893902552, 75.99611225956302, 18.655074129381667, 15.969798117444727, 62.92921550211376, 67.1506990732834, 72.35099347573865, 72.75857987766985, 62.16197242448887, 73.86432886058836, 53.18415515195867, 47.77920098888103, 52.56140616691634, 68.73939266766642, 43.608889337248826, 47.328808924838576, 71.8225675761285, 37.25160495184559, 16.084054201507097, 61.36462118398384, 6.615265670840211, 35.37858451865148, 10.09413587315698, 44.87025520139694, 68.50282955183492, 39.22408415490485, 17.186800702347984, 57.14478566602921, 27.952209373321853, 43.690532467856755, 18.87033101333596, 43.34424162042908, 50.427927199755594, 45.506861443849935, 64.83367777639633, 13.3431836823264, 70.98671999722144, 15.853391417456187, 50.51518399820149, 23.346899495465088, 47.42030321522766, 29.904126127669034, 77.09019678777865, 68.66441558150738, 16.001468695863533, 25.743891617404902, 33.28937652949591, 58.291102940846955, 53.1824139550547], [40.19456970643857, 60.622161778897215, 7.209026262519268, 46.43739009309347, 23.252893402142387, 11.369039721564489, 39.3777086965708, 27.493493143609598, 20.370456064704793, 54.708779541238876, 33.21132831537955, 74.84193360694498, 51.27550738754146, 0.0, 67.95068656405655, 60.05750077006654, 22.93863832171547, 50.51290884899552, 75.15945268110444, 63.85596444023394, 56.48374085806089, 10.450419570792963, 66.22581187390084, 53.27715412838156, 58.32113238894196, 46.459420009319125, 57.33982833387637, 45.199458091376975, 63.096858662248046, 17.6624380477001, 48.36338052011642, 62.32446946401859, 63.11928103521765, 41.257941230179405, 41.834644258154796, 33.02059135534985, 52.73465996588702, 40.3906265046536, 24.42858135234552, 40.066220076992614, 59.21545971451195, 65.1768000621769, 32.64707219722753, 38.28297274525835, 26.190284959450047, 27.7117499868375, 63.07149928761474, 63.23704831934036, 11.21854365821333, 31.589693320956894, 14.519542977587838, 44.62676864996933, 7.869716306746002, 50.21042684062194, 49.21447129000317, 25.96552832218224, 28.96313403461424, 55.926675042591036, 51.70525181592305, 24.75460114598993, 44.979943742069665, 73.56952266261801, 52.066994563176095, 45.745208151911136, 61.0300039585242, 55.789009024056305, 40.82805310040658, 5.999045921782602, 69.78163155929107, 68.36918568788211, 57.709971392095945, 56.792415187763154, 67.40905261600486, 37.71265718119635, 13.740585977637261, 64.60973904623741, 19.76063805705015, 36.91323387974801, 35.42643494480393, 28.10051144742904, 51.05291173072306, 61.841346883923, 25.89196448390241, 25.117531919276193, 47.48520131477669, 63.85696569498577, 18.216335180762044, 56.3886837666805, 60.43665923894587], [38.758164299771444, 57.22587985942834, 63.35293391718232, 89.68999558886647, 82.42624499367376, 70.98384196456192, 84.17442116427354, 93.23254157299974, 80.70263546254554, 18.050081942037963, 100.83140969418984, 46.870158201778985, 36.35383993152922, 67.95068656405655, 0.0, 13.001357228347928, 63.18638222471639, 90.64977279882267, 29.558160069728068, 16.05136354125976, 11.602615073064957, 60.04272057084899, 8.561145391423924, 47.12799894205534, 14.791221827161744, 90.9411305014222, 65.18695701117296, 37.754100253097164, 42.353528369551874, 84.44398907242626, 20.231064500792254, 62.24553183204965, 20.395170653154157, 49.202527556665515, 27.516180544812727, 78.87012387959868, 40.062885524152456, 107.90956578329806, 91.3948103918497, 31.816339216750507, 21.40281954254397, 55.00134343863039, 43.06974489559812, 48.24184637233546, 88.59283169161847, 91.9923943981312, 51.37766803658293, 51.825150923701244, 76.0228099663482, 97.67872553294346, 61.45387633834401, 35.073923106612035, 72.94275076617959, 55.495309186459515, 79.00403975776455, 48.89182778226717, 75.21467606503789, 73.5774818062938, 21.60211973645262, 63.93231283539559, 36.21641451213714, 9.210572169204257, 26.53450230707195, 31.403909337423336, 47.54920900234426, 16.91838421796773, 51.35939259136836, 73.64412815399899, 14.027615158329874, 79.60652456608001, 17.48351236057734, 19.85131725342965, 86.74626660839043, 38.609934573780215, 80.91107525233076, 35.876212474863266, 86.02768962729161, 46.59970483662231, 44.87015331225108, 44.93641308582942, 82.81112291765216, 6.986381566823805, 89.94863729228926, 73.51521386245834, 52.099957676741575, 60.35648447445285, 51.91483761442842, 37.601368785188555, 89.26837765599315], [38.53707655269329, 44.432950803647515, 54.618960189731105, 77.40113517692936, 77.20045559533962, 64.86256006294569, 72.15704517343386, 83.74692254542046, 75.14430112856128, 5.810849113555244, 93.26768675815424, 36.33277239432175, 23.35258809417415, 60.05750077006654, 13.001357228347928, 0.0, 52.11885303088497, 78.1443326520528, 22.159513770380258, 24.781422047862147, 8.543812046820818, 51.12526208051829, 19.06252423613195, 34.15512526991773, 20.128590943910687, 78.70866043959734, 52.20561382757875, 39.26102889071483, 48.94783468052899, 75.51784092176464, 17.82407792232301, 66.82668985314605, 9.246424326914882, 36.52813498630346, 24.38231436258728, 76.02465291171058, 27.082447569920706, 100.44184798611779, 82.38756386800245, 29.87735974837572, 8.820167791929414, 60.90507349738476, 31.843275191277534, 35.827185613611825, 78.47777515626491, 82.15764905686582, 57.16783533559702, 57.610879695840325, 69.2534087967903, 88.21474402074706, 56.0211180708432, 36.138128344707646, 64.08123642463607, 58.04479288097022, 66.23488713341752, 45.130342578601564, 71.98064254824551, 60.58377571980983, 9.438258034126616, 60.610962491389465, 23.561393425347593, 14.06269524622527, 13.611547369945466, 32.44292083564695, 53.204806953627404, 20.782177550485553, 38.69483699451881, 65.97574086363826, 10.06991812937019, 66.701637926599, 4.482498370975647, 24.961489217250463, 73.75200496460326, 37.386087617324485, 73.55474274651533, 24.202536311282927, 79.1099591752649, 34.385060129619156, 43.657098470974226, 34.50215698347406, 70.04959914500081, 6.910936235037332, 83.81766770236779, 69.71325203599935, 39.13940114201268, 47.67067597305782, 42.7406749134839, 42.6948535847084, 76.33829271838329], [49.08171257812357, 39.06176058488222, 16.372156499726845, 30.026808782133525, 46.03243366875243, 34.173591176274634, 23.1749756082564, 34.02121186974589, 43.12224524637654, 46.308082929551965, 49.255130254801855, 56.26631402558321, 35.58285671011301, 22.93863832171547, 63.18638222471639, 52.11885303088497, 0.0, 32.8637207830813, 61.19814749067341, 64.72398604989118, 51.87958666825046, 14.906653908414999, 64.43082974144217, 33.80659532205376, 58.28465163973646, 30.763263279155204, 34.63218774340188, 54.082800484274024, 72.77548215548492, 28.503386005266485, 47.23496749838514, 77.84289366466825, 51.81870493149008, 21.868559108551167, 43.197408920912075, 55.489632623223116, 35.5168974979789, 56.09241840708497, 34.27870660092885, 44.477607192721194, 48.05032280937788, 78.33002146463812, 20.27907168903772, 19.85222302298528, 27.365551474191886, 31.568675302358937, 75.47104527054684, 75.7451720286012, 33.64560235564276, 38.3198815273229, 33.612048507337306, 52.215694512170124, 19.989077401249656, 65.28658699729039, 27.667553044419613, 38.328339379310954, 51.2187969365423, 33.073571506848076, 42.70090993371827, 44.60073546460003, 30.750610490362483, 66.14998909982596, 40.385975340783425, 51.64012124417066, 72.54262684234733, 56.24197850699187, 20.653900387202324, 27.240720567664315, 60.33212735593333, 45.48189041714888, 48.48649349011137, 58.800976629861495, 45.148482948985595, 46.068457355906375, 33.825448192436326, 48.32357984871387, 39.96613283280157, 19.74061433025728, 46.94046035176698, 18.4534815850356, 30.220924734541597, 56.27334161528862, 47.045266488470205, 47.3955553573062, 26.729174415844298, 41.95876513631806, 15.996155119976756, 65.12040378578833, 39.57533968646264], [81.91927067442182, 44.67365853863645, 46.294345395569344, 4.72513043979309, 69.94775795714018, 61.337176099312856, 11.167210417143542, 40.86589191332345, 67.20742440272525, 72.65278600908911, 60.97486307599104, 66.85629341132537, 56.20242384642204, 50.51290884899552, 90.64977279882267, 78.1443326520528, 32.8637207830813, 0.0, 79.48678101016759, 95.28280699120494, 80.32544095486867, 46.34461674016834, 93.68165819420564, 48.05732748880416, 88.72923178306216, 5.798958896596228, 34.6233112689625, 86.89023731478264, 105.54009412118732, 43.71303269193573, 77.84588048536519, 110.33216954314254, 74.70116957227356, 41.66448985122456, 74.93539760113866, 82.818317423875, 53.76549130939972, 65.65750495503724, 44.69624002533724, 76.87862793683477, 71.61741302528274, 111.15376550234225, 49.033742246813475, 42.408095557825334, 33.478116494864324, 37.083343062234995, 108.3261753970972, 108.59709473632775, 58.14872730837833, 42.7493219661137, 64.09693282318383, 84.92615799812187, 43.72558852553005, 97.79239869783964, 13.626304304083957, 70.9296855000776, 79.09171738096532, 25.090121273238932, 69.05601727351176, 74.9576704250824, 54.58503824636749, 91.30194701689099, 64.70648203035982, 84.12339214093103, 105.40547998618648, 86.99567625988324, 39.49796280538878, 51.92834957759661, 84.11849658698547, 33.00945587754591, 73.85293792080371, 90.04522397698896, 25.67922772057361, 78.8990823434161, 55.13396114784125, 65.03260502294725, 59.71380376198398, 44.13247030566953, 79.74760905608291, 49.30238912281856, 10.46261443356905, 83.7029229204484, 66.830664221606, 75.29815256774694, 40.65292211011372, 44.93470720449978, 48.85827891454418, 97.83308122472485, 14.434644236551886], [60.332811051158245, 37.153189991154214, 68.68484983396716, 80.06722551496324, 95.02030784660744, 82.06589749177977, 76.4267342529066, 95.05219366012996, 92.66396824437848, 24.207443571181795, 107.75392137529997, 19.319464710358346, 25.642746066240267, 75.15945268110444, 29.558160069728068, 22.159513770380258, 61.19814749067341, 79.48678101016759, 0.0, 45.02801711194081, 30.655288039025017, 65.10591120934417, 37.950607687183286, 31.447024222825643, 41.58093892200486, 81.61559355104693, 47.193515048056604, 61.354260392386955, 70.54822039384699, 88.22885595407244, 39.76201674932677, 88.94173829024254, 13.8741821646219, 40.426026790566524, 45.750800630264415, 95.90976644421231, 26.528005617553966, 114.9199759142365, 94.70214320495882, 51.402537157176646, 17.14669850342829, 82.77397000767358, 42.96840804933851, 41.58961567832018, 88.55807316967173, 92.75377294198316, 79.04987319958065, 79.49586696105186, 85.52719781506175, 99.42271542453149, 74.26969320757986, 58.20493636005709, 77.40333174310737, 80.16376257950476, 66.13065911065362, 65.15845407703661, 91.65680660527738, 57.10565651201138, 25.557726711003824, 80.46592471405523, 30.827349153312625, 22.324626348134306, 23.260230861085606, 54.54049258637193, 75.10085534411067, 42.628421379553785, 42.299636301629405, 81.14502224656954, 15.531951657586257, 59.070349592823106, 20.979681845353337, 46.66033405362638, 67.90226023355957, 58.914731703543794, 88.89366408129133, 14.45823581647981, 94.88474025109541, 41.4576636374058, 65.04049678446741, 47.18820162105352, 69.79643318365865, 27.3125954507076, 100.47338754905927, 88.99977056727637, 39.11155348757392, 39.001964564457175, 56.9492146857399, 64.64903429980892, 73.67299804297845], [27.75677915323047, 67.86083805775235, 60.74996586406745, 93.56319587628157, 74.28764453219573, 64.34419546669587, 87.32492076376387, 90.79251109141745, 73.01398001214822, 27.244944365176238, 95.25351861677902, 61.02998258844292, 45.82558629670475, 63.85596444023394, 16.05136354125976, 24.781422047862147, 64.72398604989118, 95.28280699120494, 45.02801711194081, 0.0, 17.482333606953198, 57.912585813908585, 7.598692760414038, 56.86104580062448, 6.55575315724183, 94.60628284203388, 74.42055441315581, 25.120717802447455, 26.35118717340108, 81.30990963621963, 17.53213468503298, 46.63097785725646, 33.868823186675776, 55.71223899534451, 22.346037995895383, 68.23687523542404, 49.93197208659332, 102.06473062972601, 88.204010111221, 23.973223472701306, 33.4483483910141, 39.056790986297685, 46.249122169986855, 53.88412835540615, 87.3853393615164, 90.19154350700836, 35.479234903294916, 35.92472852615753, 70.03141475749888, 95.10200228344827, 54.41081821184496, 23.211160960332442, 70.09795460505472, 41.04092964472057, 85.0346917608966, 40.736762640769356, 65.08339332253426, 81.64457228876411, 29.742474197162547, 54.319259150326026, 43.48056137603216, 25.108344004555498, 35.82393565838213, 20.17843306230804, 31.719557443309846, 8.499464553593977, 57.72757814560302, 68.98149921500642, 29.63427207266631, 89.38408496740283, 28.52241423407947, 7.274911439483579, 95.43776836768848, 28.715492026479247, 75.55034253160845, 48.965785913238804, 79.91522158937143, 51.75532188244214, 34.26142442696326, 46.47247174573682, 88.72978669269085, 18.17554971307089, 82.71231151327872, 64.04313382738442, 60.15701106353248, 71.3503243992537, 50.74622211030477, 22.201744514938135, 96.22803793531114], [30.660477321544526, 50.410849564827814, 51.77163829404848, 79.09391212267401, 71.7963854076695, 59.98693308439931, 73.33609237306707, 81.63001311091192, 69.9369843933105, 9.765491740633575, 89.47931316694316, 44.474025479514864, 28.451913480351493, 56.48374085806089, 11.602615073064957, 8.543812046820818, 51.87958666825046, 80.32544095486867, 30.655288039025017, 17.482333606953198, 0.0, 48.44767391830407, 13.529114228545604, 39.50430396786964, 12.00903031977761, 80.28133931845225, 57.247617789985625, 30.98311523288634, 40.51429196499278, 72.86246241140921, 10.160270662596739, 58.29598849585801, 17.671380402874224, 39.466297318975215, 17.342936409774666, 69.37369373796707, 32.52080093071769, 96.58743027047834, 79.8103744811656, 22.449084707293313, 16.40967690104759, 52.38185774665285, 31.971770649804178, 38.078624105673256, 77.02168177212506, 80.39794784983458, 48.64311407466962, 49.08540185761632, 64.83743435279206, 86.07655501711342, 50.66688388416271, 27.91595497657926, 61.359516947472414, 49.692368600002375, 69.22449913437075, 38.752594690121214, 65.49552386188135, 64.87906337620632, 12.405565787064223, 54.11828472637808, 26.73448310557895, 17.7512564979747, 18.39157921670098, 24.181725648774556, 44.67856461745086, 12.337155287302723, 41.571966403202026, 62.230949892238364, 17.191133008764737, 72.11660596534178, 11.364678287752126, 16.57373903651076, 78.49070596248625, 29.817151848954012, 69.58067420595172, 31.953140345878964, 74.82093615874241, 36.20928603846835, 36.15667354287205, 33.5169261730985, 72.99481037154733, 5.538109871792522, 78.99608615186524, 63.49888814695272, 43.283071993240625, 53.87783941540924, 40.31250776848593, 34.16090956228975, 79.98781643248724], [37.52480572379345, 50.57932702258197, 3.585911821639388, 42.85474054640613, 33.22254425623082, 20.423763288139227, 35.688193316665284, 33.259834343384945, 30.409288001659807, 45.5766890464328, 42.722108815015204, 64.39152689241229, 40.89915577383187, 10.450419570792963, 60.04272057084899, 51.12526208051829, 14.906653908414999, 46.34461674016834, 65.10591120934417, 57.912585813908585, 48.44767391830407, 0.0, 59.30147885644975, 42.89426718481187, 51.925748541694794, 43.24610022397511, 47.99643363188655, 42.659259488263785, 61.29073978397769, 24.458881871151497, 41.327204910636496, 64.04066017709874, 53.45246587928221, 30.946621094412897, 35.566789089631314, 41.01935734210665, 42.290591922