instance_id,num_cities,city_coordinates,distance_matrix,best_route,total_distance
1824,43,"[[96.03953658180035, 27.560638289557502], [32.29165623026965, 11.10277382326663], [48.333076758248104, 37.044083239218914], [33.91318795737113, 46.0405693121939], [78.68097753527766, 10.82304085417094], [15.466114986884904, 25.059112963862006], [38.634447786419834, 4.191936881994806], [23.14209724067984, 32.61858227606089], [78.9864402798317, 39.104290650968444], [73.50261367833743, 87.95994018673568], [8.608809380766424, 57.661568442352284], [80.87676570268573, 7.1050122552952395], [37.823950762963285, 79.45318033244713], [75.48935421465553, 10.955802950118255], [88.94650833455383, 86.55914793908185], [17.285052139032842, 55.214832079982166], [98.47311028220119, 68.16799095476152], [83.48509670552193, 21.27800847611011], [87.59299358995372, 73.63678063241669], [1.9893590541352313, 47.42046744874797], [74.66398047002936, 16.242775351712304], [53.73852413992736, 36.79010341683052], [80.27072553600513, 37.65310131724993], [33.15844960298166, 35.494860866974875], [89.13230706516082, 53.1231933600876], [38.02945794452128, 39.012381982975874], [72.72193842104606, 30.96850504208556], [73.97616743881599, 77.35151988493743], [40.200715337316, 49.016690332360426], [32.45899900493024, 87.23307033313144], [17.218850573686396, 14.990745262239958], [49.02545727829188, 54.882138008397696], [58.013968475299706, 22.865424788358723], [79.54913967076178, 22.946950459885475], [72.38556616774017, 17.299894745692235], [57.6638132459072, 76.39409046834172], [94.12022148219476, 91.48139422515402], [10.006194305535665, 67.1464553917744], [43.75372643809319, 96.56466882490456], [45.626271320668636, 82.5376875352435], [33.197560837824994, 28.236159315788424], [69.01350350507731, 31.21227571592583], [8.11350408386856, 3.1260140694727157]]","[[0.0, 65.83808587818963, 48.63992225538053, 64.81659543670524, 24.113621463410954, 80.6122440852944, 61.979354829502256, 73.07269982601538, 20.592814361454465, 64.46695714568125, 92.4672809969291, 25.46256580131143, 77.98647544224224, 26.42026782553122, 59.42335559846191, 83.46869625221464, 40.680208596214634, 14.038710695071247, 46.84394284977018, 96.12413176314028, 24.186947318074683, 43.29617396656479, 18.72199807080782, 63.37967329945588, 26.479313460311243, 59.12961742750454, 23.56531221497814, 54.46029882386561, 59.819195307500955, 87.1968113210497, 79.81668217551952, 54.37635515224579, 38.31434274059726, 17.123647557493534, 25.783583428651013, 62.10798815974173, 63.94956457889038, 94.70360552204482, 86.57575972815312, 74.5920455414102, 62.84560640222407, 27.27161380919328, 91.25808485610527], [65.83808587818963, 0.0, 30.500470599150155, 34.97540448326657, 46.3901647084085, 21.860426353119365, 9.380334319927908, 23.380428633395855, 54.447110135316656, 87.2087554962712, 52.235989425674944, 48.749307277139884, 68.5739334788861, 43.19794800204948, 94.3580238329745, 46.59476204462247, 87.38663437100999, 52.19486323321122, 83.47897891910523, 47.2990917928145, 42.6829412903065, 33.46351811723759, 54.83530779964979, 24.407483301209428, 70.6864572983005, 28.493307918537255, 45.04725291162791, 78.27192874485186, 38.730069468273456, 76.1304804285653, 15.56617461907069, 46.86846302119503, 28.284223605349414, 48.719136500227656, 40.57001259306141, 70.0478577893259, 101.40756430770966, 60.31198933007487, 86.2271103001838, 72.66883002117675, 17.15731801865741, 41.86748301062726, 25.460002698041215], [48.63992225538053, 30.500470599150155, 0.0, 16.996174707589063, 40.106584812607935, 34.98394901353246, 34.25385998992902, 25.576757179702366, 30.722518610390317, 56.79727174320727, 44.75598412256264, 44.22035347543857, 43.69179837735715, 37.65716098874237, 64.0405532193069, 35.97437902437645, 59.01457949751698, 38.5257526832309, 53.66904668561372, 47.49115201700491, 33.556085887807896, 5.411410827712448, 31.9434549238296, 15.253504491100108, 43.8533348323195, 10.48993615820709, 25.134224150281188, 47.77297927281111, 14.473376347190289, 52.63953618746368, 38.137183784214166, 17.851487017410005, 17.16840178652129, 34.251594654207985, 31.118406547598788, 40.441138860498846, 71.13285773361737, 48.7350256771758, 59.69648698053875, 45.574058712387874, 17.51180647501338, 21.48697348208227, 52.61225562845016], [64.81659543670524, 34.97540448326657, 16.996174707589063, 0.0, 56.959891980088706, 27.93771665106868, 42.114110825841976, 17.209477947494975, 45.603837958996046, 57.65896533439782, 27.845272416179967, 61.00455096114732, 33.64069917395224, 54.40145615086777, 68.34048262692424, 18.991103130822353, 68.2466582268763, 55.412620909822884, 60.35786951162407, 31.953637832183443, 50.48302304063254, 21.877273002654015, 47.11019963575481, 10.57268161797897, 55.67148891887181, 8.144881567075974, 41.63275433975112, 50.847005326759025, 6.956313454713885, 41.21816111702876, 35.25326189465866, 17.50868416065963, 33.43553417060977, 51.14641063146678, 48.02239331498623, 38.541256442585805, 75.43046768136556, 31.890480910032238, 51.4734963759104, 38.33061388058918, 17.818786083634688, 38.10394261130558, 50.07277443534797], [24.113621463410954, 46.3901647084085, 40.106584812607935, 56.959891980088706, 0.0, 64.79802926111653, 40.591822881166166, 59.6624911502276, 28.282899383853298, 77.31052121721268, 84.28497147477078, 4.318011386991342, 79.8711004148638, 3.1943833825731285, 76.42865325889225, 75.76338682699757, 60.66441972615469, 11.50590756862338, 63.44280837957897, 84.97632598908099, 6.7460942363751055, 36.00575397783386, 26.877117463714207, 51.77836664178257, 43.57216073327113, 49.469030699153414, 21.0083286939131, 66.69463066987404, 54.21702167480875, 89.30265339974792, 61.60326948040828, 53.109828880896295, 23.919537501874803, 12.154953295715515, 9.032266637928426, 68.85698034528114, 82.12271441063547, 88.81752573015515, 92.58260979405077, 78.96584167553199, 48.70275032308175, 22.565038275447247, 70.98600235708227], [80.6122440852944, 21.860426353119365, 34.98394901353246, 27.93771665106868, 64.79802926111653, 0.0, 31.18029317279837, 10.77340613931599, 65.05458278695029, 85.58474890823, 33.31580320812699, 67.82995620902209, 58.80975586999378, 61.65786730611064, 95.82078328046276, 30.210526770875727, 93.5336122984188, 68.12399448936898, 86.96020016730854, 26.108487602111943, 59.850773484157, 40.02990681210145, 66.01701364851651, 20.5407774552294, 78.83083447356913, 26.529194517430835, 57.559970742331075, 78.47242865826865, 34.434952705980784, 64.45431779335247, 10.219790125648688, 44.895904911682315, 42.604367197306836, 64.11782344307686, 57.4458822726829, 66.45243151115639, 102.94847214276533, 42.44001798410292, 76.89755185057068, 64.91087401072441, 18.013822345274463, 53.89976093612688, 23.132697944732158], [61.979354829502256, 9.380334319927908, 34.25385998992902, 42.114110825841976, 40.591822881166166, 31.18029317279837, 0.0, 32.37417325264182, 53.358745711254635, 90.73514958564493, 61.323245681123446, 42.342643175283804, 75.26560749195667, 37.47044184449285, 96.51767140747762, 55.30942531696988, 87.59909259807205, 47.9949429730236, 84.96779113709638, 56.67070127638906, 37.99144552688816, 35.927337556872594, 53.41562646083816, 31.778288281694135, 70.31572834196076, 34.825700419937526, 43.34676020416886, 81.2487645023173, 44.85210938102081, 83.27043900750304, 23.984204519043136, 51.744270876062714, 26.912171460509136, 45.00847193915274, 36.207133984152435, 74.66771546188592, 103.43171876113227, 69.15813978241417, 92.51447789676024, 78.65711818872526, 24.65125498098515, 40.65692729483792, 30.53955133816735], [73.07269982601538, 23.380428633395855, 25.576757179702366, 17.209477947494975, 59.6624911502276, 10.77340613931599, 32.37417325264182, 0.0, 56.21970350863489, 74.82544694998478, 28.954578431470363, 63.120790533882335, 49.08193555630263, 56.652549111438354, 85.08704451006771, 23.342996434132857, 83.29779098671905, 61.399399007857255, 76.39640460536212, 25.81732242998712, 54.06173789217537, 30.879490404293996, 57.350035334614546, 10.421146442610786, 69.10243749960067, 16.202289449902707, 49.607291866704664, 67.71365002736653, 23.662087802917103, 55.40349234678797, 18.59638375770634, 34.14109313837972, 36.210101965940794, 57.2301921864388, 51.57112971056023, 55.74983402161855, 92.21022042809696, 36.94219765818407, 67.18587085901223, 54.74901966187699, 10.968955244517808, 45.89295818330392, 33.10090922759087], [20.592814361454465, 54.447110135316656, 30.722518610390317, 45.603837958996046, 28.282899383853298, 65.05458278695029, 53.358745711254635, 56.21970350863489, 0.0, 49.16245361815223, 72.78312640984623, 32.05506431202543, 57.640120070610884, 28.364889754627352, 48.48882794922874, 63.76998387672276, 34.99184166530748, 18.385163741834774, 35.58884128766763, 77.44487919680955, 23.266554119282016, 25.353751832071897, 1.9378697328568952, 45.969910951001786, 17.305150851506408, 40.957085458052084, 10.268154216432208, 38.57399872993713, 40.032338512259614, 66.9416329744322, 66.30760295261001, 33.86149686078415, 26.524429081428327, 16.167135573593058, 22.781642167273766, 42.95560026408221, 54.51965069864224, 74.46232159975193, 67.40207107015026, 54.766420714620935, 47.06100040663549, 12.71783659464864, 79.48213302882394], [64.46695714568125, 87.2087554962712, 56.79727174320727, 57.65896533439782, 77.31052121721268, 85.58474890823, 90.73514958564493, 74.82544694998478, 49.16245361815223, 0.0, 71.61841359994156, 81.19050122321347, 36.67876702736106, 77.02976236179403, 15.5072918678084, 65.05886819141932, 31.862940150661146, 67.4249952469302, 20.092080670556733, 82.20458890366173, 71.72656763570076, 54.8540921932086, 50.76007658739597, 66.18335230983709, 38.182276579979955, 60.45004740962597, 56.996781783748176, 10.618984624890865, 51.240541979335305, 41.05005049014196, 92.15403082421045, 41.14938860276725, 66.91183800475906, 65.29356254486802, 70.66887445595307, 19.612151305933413, 20.91617532194574, 66.82062871955635, 30.968332970460164, 28.39879023934951, 72.05155991369946, 56.92494649131681, 107.1098999814055], [92.4672809969291, 52.235989425674944, 44.75598412256264, 27.845272416179967, 84.28497147477078, 33.31580320812699, 61.323245681123446, 28.954578431470363, 72.78312640984623, 71.61841359994156, 0.0, 88.19650154309916, 36.447206130926894, 81.57472529830186, 85.37690538991899, 9.01463849676262, 90.47639189596848, 83.24795396498632, 80.5835514215427, 12.19414909651104, 77.96667267953048, 49.72232100932946, 74.40274849585037, 33.07639278658576, 80.65128968414571, 34.83341380784489, 69.44791536847025, 68.26848238609541, 32.753357682901594, 37.990857705307555, 43.53081621348478, 40.51210511451783, 60.428812319501205, 78.97870069406207, 75.47542255503086, 52.51000652888129, 91.9564147602513, 9.587270991856348, 52.42724877715134, 44.59948194313266, 38.346595683093796, 65.94158140338881, 54.53780356866638], [25.46256580131143, 48.749307277139884, 44.22035347543857, 61.00455096114732, 4.318011386991342, 67.82995620902209, 42.342643175283804, 63.120790533882335, 32.05506431202543, 81.19050122321347, 88.19650154309916, 0.0, 84.1890865751245, 6.622144027178452, 79.86288514323887, 79.73995734589725, 63.547767153634254, 14.411010113645368, 66.86990294908955, 88.59209250937165, 11.049769895946008, 40.22050213991971, 30.55410005254198, 55.52496011331629, 46.75282831424219, 53.42257973050131, 25.218395983459537, 70.58463069649584, 58.40487849967365, 93.62043485972157, 64.14448490421994, 57.420898578597914, 27.768653195157206, 15.89747140141154, 13.267859606404608, 73.07405504947931, 85.40938446861283, 92.88494379644962, 96.85633793300738, 83.26275190063525, 52.15200813619308, 26.868143618967423, 72.87197450303655], [77.98647544224224, 68.5739334788861, 43.69179837735715, 33.64069917395224, 79.8711004148638, 58.80975586999378, 75.26560749195667, 49.08193555630263, 57.640120070610884, 36.67876702736106, 36.447206130926894, 84.1890865751245, 0.0, 78.17015623264373, 51.61405494908467, 31.77017284642725, 61.6901616927707, 73.95465414226469, 50.10776516055493, 48.06467161676978, 73.16244314295427, 45.53473155382156, 59.57327667931378, 44.20521181153085, 57.669885038882086, 40.441320506930396, 59.73803880774373, 36.21325375072543, 30.529148913248076, 9.450364849505519, 67.67551764848803, 27.00388618519893, 60.081701812964376, 70.24204868739415, 71.11635654767773, 20.074316280730407, 57.56690044063261, 30.418465659696455, 18.10981164962422, 8.389898138195376, 51.42554545710021, 57.44539214309028, 81.90571989554252], [26.42026782553122, 43.19794800204948, 37.65716098874237, 54.40145615086777, 3.1943833825731285, 61.65786730611064, 37.47044184449285, 56.652549111438354, 28.364889754627352, 77.02976236179403, 81.57472529830186, 6.622144027178452, 78.17015623264373, 0.0, 76.79167123150103, 73.12046525856135, 61.65620406131964, 13.056792289879741, 63.838883522004544, 82.04828484248853, 5.351011025361038, 33.77143303953904, 27.122080521528503, 48.92924328752159, 44.31951011087425, 46.80187448806088, 20.203139241131606, 66.41295778315562, 51.90297854785408, 87.57758268469631, 58.4100364152801, 51.282167979822255, 21.14777054606881, 12.659758155296979, 7.06264829584794, 67.8227055206898, 82.65276804399706, 86.28692631854702, 91.30185094914377, 77.56139452518453, 45.6859552067491, 21.266436733140058, 67.82927667874505], [59.42335559846191, 94.3580238329745, 64.0405532193069, 68.34048262692424, 76.42865325889225, 95.82078328046276, 96.51767140747762, 85.08704451006771, 48.48882794922874, 15.5072918678084, 85.37690538991899, 79.86288514323887, 51.61405494908467, 76.79167123150103, 0.0, 78.21656116665818, 20.712093083289123, 65.50919161893002, 12.99305887665482, 95.35922672453592, 71.75223241158909, 60.963595232785465, 49.669614487575714, 75.62981496222173, 33.436470803254075, 69.66520633218445, 57.90989765644268, 17.57530998071067, 61.52713594896187, 56.4915292911912, 101.32567862874009, 50.96197872517644, 70.8075729773681, 64.30258319799835, 71.21171924872054, 32.89278652520466, 7.141135500382551, 81.2922247877144, 46.287125464190304, 43.50649467285118, 80.68157254879111, 58.82687265543099, 116.16825041075302], [83.46869625221464, 46.59476204462247, 35.97437902437645, 18.991103130822353, 75.76338682699757, 30.210526770875727, 55.30942531696988, 23.342996434132857, 63.76998387672276, 65.05886819141932, 9.01463849676262, 79.73995734589725, 31.77017284642725, 73.12046525856135, 78.21656116665818, 0.0, 82.21487158594702, 74.3918940270072, 72.68132373268021, 17.1671298402505, 69.36254480658216, 40.84514961694671, 65.38814449617574, 25.31485752854108, 71.87769468308359, 26.32203946066417, 60.50729489469432, 60.85980201173318, 23.7390939368115, 35.43185352651634, 40.22414129560153, 31.74214869459169, 52.012775142708605, 70.12868728564207, 66.88504406286135, 45.59611095704246, 84.96414995644918, 13.976602098320141, 49.09582179759772, 39.36703106573602, 31.32182493416667, 57.025918604954796, 52.89009600539747], [40.680208596214634, 87.38663437100999, 59.01457949751698, 68.2466582268763, 60.66441972615469, 93.5336122984188, 87.59909259807205, 83.29779098671905, 34.99184166530748, 31.862940150661146, 90.47639189596848, 63.547767153634254, 61.6901616927707, 61.65620406131964, 20.712093083289123, 82.21487158594702, 0.0, 49.22713690458707, 12.177216421471275, 98.68927997848553, 57.12357374881228, 54.64206276911189, 35.53146915113508, 73.03107783248865, 17.70865718805856, 67.10800728999472, 45.24295088066344, 26.161754763078473, 61.3387669271421, 68.71200869885452, 97.10856903601028, 51.20140892697608, 60.73931722543699, 49.02100740643589, 57.16750099365092, 41.630126564830405, 23.716290033501636, 88.47281366232706, 61.64886278220791, 54.765651352296274, 76.52090259078557, 47.260906892236804, 111.33425883107228], [14.038710695071247, 52.19486323321122, 38.5257526832309, 55.412620909822884, 11.50590756862338, 68.12399448936898, 47.9949429730236, 61.399399007857255, 18.385163741834774, 67.4249952469302, 83.24795396498632, 14.411010113645368, 73.95465414226469, 13.056792289879741, 65.50919161893002, 74.3918940270072, 49.22713690458707, 0.0, 52.51967096744942, 85.58611696110357, 10.157049978074513, 33.5482289972229, 16.687595619841982, 52.29617864134301, 32.34202815441111, 48.792654148463846, 14.482793237213027, 56.87405750880716, 51.40984479212676, 83.38904503059042, 66.56384194985662, 48.13215423266935, 25.520545916355637, 4.275175449579347, 11.790884912138235, 60.86477777562463, 71.00437486271154, 86.62022581569398, 85.12733409312345, 72.01415789932449, 50.76664383975586, 17.553252557609678, 77.52658818278454], [46.84394284977018, 83.47897891910523, 53.66904668561372, 60.35786951162407, 63.44280837957897, 86.96020016730854, 84.96779113709638, 76.39640460536212, 35.58884128766763, 20.092080670556733, 80.5835514215427, 66.86990294908955, 50.10776516055493, 63.838883522004544, 12.99305887665482, 72.68132373268021, 12.177216421471275, 52.51967096744942, 0.0, 89.52808119627147, 58.83222945305319, 50.03801278600466, 36.721121803542935, 66.46747793066167, 20.571260261695592, 60.45984657201382, 45.18550678800828, 14.1144338230241, 53.4057757584174, 56.78570641039134, 91.60719114738791, 42.88579574994528, 58.75924864204181, 51.32409247900401, 58.35332518559423, 30.055924434256713, 19.000919404896052, 77.8577918061506, 49.4729158366416, 42.900255497142425, 70.85251950514701, 46.31453410349043, 106.24856447708777], [96.12413176314028, 47.2990917928145, 47.49115201700491, 31.953637832183443, 84.97632598908099, 26.108487602111943, 56.67070127638906, 25.81732242998712, 77.44487919680955, 82.20458890366173, 12.19414909651104, 88.59209250937165, 48.06467161676978, 82.04828484248853, 95.35922672453592, 17.1671298402505, 98.68927997848553, 85.58611696110357, 89.52808119627147, 0.0, 79.0800169602985, 52.829733356582935, 78.88836276292948, 33.37262797541449, 87.32934484394218, 37.00789955169753, 72.62069161696667, 77.96132683164562, 38.24468167594478, 50.134242860152, 35.827702871356, 47.62426969196752, 61.169493874378, 81.3294079844639, 76.56941214311122, 62.76237471951845, 102.12473295012255, 21.29282150811678, 64.49352612380906, 56.0124919884886, 36.633175362119985, 68.95608326049756, 44.71581099023025], [24.186947318074683, 42.6829412903065, 33.556085887807896, 50.48302304063254, 6.7460942363751055, 59.850773484157, 37.99144552688816, 54.06173789217537, 23.266554119282016, 71.72656763570076, 77.96667267953048, 11.049769895946008, 73.16244314295427, 5.351011025361038, 71.75223241158909, 69.36254480658216, 57.12357374881228, 10.157049978074513, 58.83222945305319, 79.0800169602985, 0.0, 29.326905960885142, 22.13227616368046, 45.7531626146481, 39.616886638602494, 43.13401473100366, 14.853236759506652, 61.112615270440514, 47.5588703268533, 82.58863385489715, 57.45877242121224, 46.37169630246573, 17.918771860408135, 8.295224186093426, 2.511707217412978, 62.50749071837844, 77.71354505043819, 82.29103203456869, 86.0642223890838, 72.37543736700306, 43.16601922836784, 16.00043221558851, 67.83078455804714], [43.29617396656479, 33.46351811723759, 5.411410827712448, 21.877273002654015, 36.00575397783386, 40.02990681210145, 35.927337556872594, 30.879490404293996, 25.353751832071897, 54.8540921932086, 49.72232100932946, 40.22050213991971, 45.53473155382156, 33.77143303953904, 60.963595232785465, 40.84514961694671, 54.64206276911189, 33.5482289972229, 50.03801278600466, 52.829733356582935, 29.326905960885142, 0.0, 26.54623280803059, 20.620793418518044, 38.9806323300825, 15.865474551906694, 19.856007287604793, 45.32979938398434, 18.24175689946198, 54.747704073230345, 42.53114827202427, 18.695847531061805, 14.566265793644117, 29.288577259230724, 26.973698493746294, 39.798036194538426, 67.98395965610636, 53.23555933744572, 60.60276276598844, 46.46127525665695, 22.250868141761767, 16.261523805189245, 56.70020605520456], [18.72199807080782, 54.83530779964979, 31.9434549238296, 47.11019963575481, 26.877117463714207, 66.01701364851651, 53.41562646083816, 57.350035334614546, 1.9378697328568952, 50.76007658739597, 74.40274849585037, 30.55410005254198, 59.57327667931378, 27.122080521528503, 49.669614487575714, 65.38814449617574, 35.53146915113508, 16.687595619841982, 36.721121803542935, 78.88836276292948, 22.13227616368046, 26.54623280803059, 0.0, 47.161685141972455, 17.82838677535751, 42.263132061686576, 10.083055800148752, 40.19435157350104, 41.650172540187526, 68.8776779624434, 67.00090535379297, 35.6806179010591, 26.721500930568638, 14.723843221132187, 21.82724801727043, 44.854617640742326, 55.581414657623114, 76.20342698070006, 69.31135555827667, 56.69977326091389, 48.005849970195115, 12.969552123349464, 79.9924018986072], [63.37967329945588, 24.407483301209428, 15.253504491100108, 10.57268161797897, 51.77836664178257, 20.5407774552294, 31.778288281694135, 10.421146442610786, 45.969910951001786, 66.18335230983709, 33.07639278658576, 55.52496011331629, 44.20521181153085, 48.92924328752159, 75.62981496222173, 25.31485752854108, 73.03107783248865, 52.29617864134301, 66.46747793066167, 33.37262797541449, 45.7531626146481, 20.620793418518044, 47.161685141972455, 0.0, 58.68416162546827, 6.00830068029734, 39.82157134657818, 58.464228323580684, 15.245765929068583, 51.742937198259305, 25.970937101826813, 25.052513796557207, 27.880090998345214, 48.05773798826964, 43.241455411905065, 47.67871463512139, 82.76973811798442, 39.21543524328699, 61.98210495966608, 48.666971544619386, 7.258806919727757, 36.10990758639753, 40.926660492343], [26.479313460311243, 70.6864572983005, 43.8533348323195, 55.67148891887181, 43.57216073327113, 78.83083447356913, 70.31572834196076, 69.10243749960067, 17.305150851506408, 38.182276579979955, 80.65128968414571, 46.75282831424219, 57.669885038882086, 44.31951011087425, 33.436470803254075, 71.87769468308359, 17.70865718805856, 32.34202815441111, 20.571260261695592, 87.32934484394218, 39.616886638602494, 38.9806323300825, 17.82838677535751, 58.68416162546827, 0.0, 53.01524484492432, 27.570462700208, 28.57832000954573, 49.103605123628384, 66.1464099827495, 81.39796571466776, 40.145401805216586, 43.40372743824593, 31.661376042128552, 39.544431394337714, 39.138226268896666, 38.68114351769396, 80.35915379381657, 62.82019874441318, 52.51654609531469, 61.22140392900644, 29.74650515099998, 95.20380440685834], [59.12961742750454, 28.493307918537255, 10.48993615820709, 8.144881567075974, 49.469030699153414, 26.529194517430835, 34.825700419937526, 16.202289449902707, 40.957085458052084, 60.45004740962597, 34.83341380784489, 53.42257973050131, 40.441320506930396, 46.80187448806088, 69.66520633218445, 26.32203946066417, 67.10800728999472, 48.792654148463846, 60.45984657201382, 37.00789955169753, 43.13401473100366, 15.865474551906694, 42.263132061686576, 6.00830068029734, 53.01524484492432, 0.0, 35.61280890149273, 52.555260617114655, 10.237213693936996, 48.541372021817615, 31.78239150671415, 19.30702353172792, 25.692506452263316, 44.51945710216394, 40.64202596173982, 42.224400971309635, 76.80606095816294, 39.709311144261335, 57.83625999770505, 44.18329771407144, 11.809919755125543, 31.95078617304878, 46.72039915728473], [23.56531221497814, 45.04725291162791, 25.134224150281188, 41.63275433975112, 21.0083286939131, 57.559970742331075, 43.34676020416886, 49.607291866704664, 10.268154216432208, 56.996781783748176, 69.44791536847025, 25.218395983459537, 59.73803880774373, 20.203139241131606, 57.90989765644268, 60.50729489469432, 45.24295088066344, 14.482793237213027, 45.18550678800828, 72.62069161696667, 14.853236759506652, 19.856007287604793, 10.083055800148752, 39.82157134657818, 27.570462700208, 35.61280890149273, 0.0, 46.39996935711524, 37.19364116530985, 69.18674437936922, 57.75709106399123, 33.66578471083653, 16.792387844595414, 10.533566101721439, 13.67274857983806, 47.856357415794264, 64.18486017159628, 72.40240777395961, 71.70783784574535, 58.25423382576672, 39.618709425081505, 3.716438303994929, 70.35235668448787], [54.46029882386561, 78.27192874485186, 47.77297927281111, 50.847005326759025, 66.69463066987404, 78.47242865826865, 81.2487645023173, 67.71365002736653, 38.57399872993713, 10.618984624890865, 68.26848238609541, 70.58463069649584, 36.21325375072543, 66.41295778315562, 17.57530998071067, 60.85980201173318, 26.161754763078473, 56.87405750880716, 14.1144338230241, 77.96132683164562, 61.112615270440514, 45.32979938398434, 40.19435157350104, 58.464228323580684, 28.57832000954573, 52.555260617114655, 46.39996935711524, 0.0, 44.08677500605268, 42.676929529054014, 84.3223530819177, 33.57694237759378, 56.77610725141606, 54.6892603151966, 60.072686757527116, 16.34042748530992, 24.60561444412384, 64.77886078021304, 35.812582038042585, 28.820356430946994, 63.83739813115744, 46.40536483863587, 99.23364418264967], [59.819195307500955, 38.730069468273456, 14.473376347190289, 6.956313454713885, 54.21702167480875, 34.434952705980784, 44.85210938102081, 23.662087802917103, 40.032338512259614, 51.240541979335305, 32.753357682901594, 58.40487849967365, 30.529148913248076, 51.90297854785408, 61.52713594896187, 23.7390939368115, 61.3387669271421, 51.40984479212676, 53.4057757584174, 38.24468167594478, 47.5588703268533, 18.24175689946198, 41.650172540187526, 15.245765929068583, 49.103605123628384, 10.237213693936996, 37.19364116530985, 44.08677500605268, 0.0, 38.992638691610225, 41.06009067121766, 10.596204356520772, 31.64175527543908, 47.200951627519316, 45.18649959073119, 32.472785941010216, 68.6335502477488, 35.21927712841609, 47.68054264172845, 33.957236507174564, 21.928854103086465, 33.86995633056228, 55.99592211838759], [87.1968113210497, 76.1304804285653, 52.63953618746368, 41.21816111702876, 89.30265339974792, 64.45431779335247, 83.27043900750304, 55.40349234678797, 66.9416329744322, 41.05005049014196, 37.990857705307555, 93.62043485972157, 9.450364849505519, 87.57758268469631, 56.4915292911912, 35.43185352651634, 68.71200869885452, 83.38904503059042, 56.78570641039134, 50.134242860152, 82.58863385489715, 54.747704073230345, 68.8776779624434, 51.742937198259305, 66.1464099827495, 48.541372021817615, 69.18674437936922, 42.676929529054014, 38.992638691610225, 0.0, 73.83234830245277, 36.34598137349623, 69.254965580881, 79.68805780218985, 80.52813057031669, 27.43658407002358, 61.80739934087376, 30.126409322577807, 14.650924824088957, 13.979401984903097, 59.001533735736885, 66.8921611909378, 87.55969413085963], [79.81668217551952, 15.56617461907069, 38.137183784214166, 35.25326189465866, 61.60326948040828, 10.219790125648688, 23.984204519043136, 18.59638375770634, 66.30760295261001, 92.15403082421045, 43.53081621348478, 64.14448490421994, 67.67551764848803, 58.4100364152801, 101.32567862874009, 40.22414129560153, 97.10856903601028, 66.56384194985662, 91.60719114738791, 35.827702871356, 57.45877242121224, 42.53114827202427, 67.00090535379297, 25.970937101826813, 81.39796571466776, 31.78239150671415, 57.75709106399123, 84.3223530819177, 41.06009067121766, 73.83234830245277, 0.0, 51.019441836320205, 41.5481915640814, 62.836025813795985, 55.215022238265405, 73.52663332464661, 108.46492624980539, 52.652070325472636, 85.78114386359584, 73.27735642016947, 20.75476271016432, 54.27544677423761, 14.955907895419188], [54.37635515224579, 46.86846302119503, 17.851487017410005, 17.50868416065963, 53.109828880896295, 44.895904911682315, 51.744270876062714, 34.14109313837972, 33.86149686078415, 41.14938860276725, 40.51210511451783, 57.420898578597914, 27.00388618519893, 51.282167979822255, 50.96197872517644, 31.74214869459169, 51.20140892697608, 48.13215423266935, 42.88579574994528, 47.62426969196752, 46.37169630246573, 18.695847531061805, 35.6806179010591, 25.052513796557207, 40.145401805216586, 19.30702353172792, 33.66578471083653, 33.57694237759378, 10.596204356520772, 36.34598137349623, 51.019441836320205, 0.0, 33.2545223834737, 44.17636687817398, 44.25064627758617, 23.18157226035643, 58.0779072817313, 40.90130027049629, 42.014575105795686, 27.86366603313937, 30.99242627186732, 30.980386907020588, 65.97336037647352], [38.31434274059726, 28.284223605349414, 17.16840178652129, 33.43553417060977, 23.919537501874803, 42.604367197306836, 26.912171460509136, 36.210101965940794, 26.524429081428327, 66.91183800475906, 60.428812319501205, 27.768653195157206, 60.081701812964376, 21.14777054606881, 70.8075729773681, 52.012775142708605, 60.73931722543699, 25.520545916355637, 58.75924864204181, 61.169493874378, 17.918771860408135, 14.566265793644117, 26.721500930568638, 27.880090998345214, 43.40372743824593, 25.692506452263316, 16.792387844595414, 56.77610725141606, 31.64175527543908, 69.254965580881, 41.5481915640814, 33.2545223834737, 0.0, 21.535325510727183, 15.411617205510368, 53.52981092964985, 77.5358805195965, 65.31122454858505, 75.06619128820942, 60.94451560335932, 25.39092116078971, 13.807957534636776, 53.662842656808245], [17.123647557493534, 48.719136500227656, 34.251594654207985, 51.14641063146678, 12.154953295715515, 64.11782344307686, 45.00847193915274, 57.2301921864388, 16.167135573593058, 65.29356254486802, 78.97870069406207, 15.89747140141154, 70.24204868739415, 12.659758155296979, 64.30258319799835, 70.12868728564207, 49.02100740643589, 4.275175449579347, 51.32409247900401, 81.3294079844639, 8.295224186093426, 29.288577259230724, 14.723843221132187, 48.05773798826964, 31.661376042128552, 44.51945710216394, 10.533566101721439, 54.6892603151966, 47.200951627519316, 79.68805780218985, 62.836025813795985, 44.17636687817398, 21.535325510727183, 0.0, 9.121733583721673, 57.75434431976492, 70.06630008335127, 82.40034882386662, 81.85890339950062, 68.56979613709086, 46.65238033184711, 13.39086371388407, 74.13446938567911], [25.783583428651013, 40.57001259306141, 31.118406547598788, 48.02239331498623, 9.032266637928426, 57.4458822726829, 36.207133984152435, 51.57112971056023, 22.781642167273766, 70.66887445595307, 75.47542255503086, 13.267859606404608, 71.11635654767773, 7.06264829584794, 71.21171924872054, 66.88504406286135, 57.16750099365092, 11.790884912138235, 58.35332518559423, 76.56941214311122, 2.511707217412978, 26.973698493746294, 21.82724801727043, 43.241455411905065, 39.544431394337714, 40.64202596173982, 13.67274857983806, 60.072686757527116, 45.18649959073119, 80.52813057031669, 55.215022238265405, 44.25064627758617, 15.411617205510368, 9.121733583721673, 0.0, 60.90036105967108, 77.30000068990647, 79.8490177908704, 84.27743859499267, 70.51261921645612, 40.68539841865385, 14.315206979357399, 65.8163874573556], [62.10798815974173, 70.0478577893259, 40.441138860498846, 38.541256442585805, 68.85698034528114, 66.45243151115639, 74.66771546188592, 55.74983402161855, 42.95560026408221, 19.612151305933413, 52.51000652888129, 73.07405504947931, 20.074316280730407, 67.8227055206898, 32.89278652520466, 45.59611095704246, 41.630126564830405, 60.86477777562463, 30.055924434256713, 62.76237471951845, 62.50749071837844, 39.798036194538426, 44.854617640742326, 47.67871463512139, 39.138226268896666, 42.224400971309635, 47.856357415794264, 16.34042748530992, 32.472785941010216, 27.43658407002358, 73.52663332464661, 23.18157226035643, 53.52981092964985, 57.75434431976492, 60.90036105967108, 0.0, 39.45499253758868, 48.546548770999344, 24.50189270728208, 13.514666126927459, 54.016514509824226, 46.585532660910154, 88.45023548439039], [63.94956457889038, 101.40756430770966, 71.13285773361737, 75.43046768136556, 82.12271441063547, 102.94847214276533, 103.43171876113227, 92.21022042809696, 54.51965069864224, 20.91617532194574, 91.9564147602513, 85.40938446861283, 57.56690044063261, 82.65276804399706, 7.141135500382551, 84.96414995644918, 23.716290033501636, 71.00437486271154, 19.000919404896052, 102.12473295012255, 77.71354505043819, 67.98395965610636, 55.581414657623114, 82.76973811798442, 38.68114351769396, 76.80606095816294, 64.18486017159628, 24.60561444412384, 68.6335502477488, 61.80739934087376, 108.46492624980539, 58.0779072817313, 77.5358805195965, 70.06630008335127, 77.30000068990647, 39.45499253758868, 0.0, 87.56345593853679, 50.62236169603289, 49.311794650202394, 87.81531938522957, 65.28946265257439, 123.3038062676514], [94.70360552204482, 60.31198933007487, 48.7350256771758, 31.890480910032238, 88.81752573015515, 42.44001798410292, 69.15813978241417, 36.94219765818407, 74.46232159975193, 66.82062871955635, 9.587270991856348, 92.88494379644962, 30.418465659696455, 86.28692631854702, 81.2922247877144, 13.976602098320141, 88.47281366232706, 86.62022581569398, 77.8577918061506, 21.29282150811678, 82.29103203456869, 53.23555933744572, 76.20342698070006, 39.21543524328699, 80.35915379381657, 39.709311144261335, 72.40240777395961, 64.77886078021304, 35.21927712841609, 30.126409322577807, 52.652070325472636, 40.90130027049629, 65.31122454858505, 82.40034882386662, 79.8490177908704, 48.546548770999344, 87.56345593853679, 0.0, 44.769713050623885, 38.80309154510966, 45.29735778559141, 69.08782677104904, 64.04841280919821], [86.57575972815312, 86.2271103001838, 59.69648698053875, 51.4734963759104, 92.58260979405077, 76.89755185057068, 92.51447789676024, 67.18587085901223, 67.40207107015026, 30.968332970460164, 52.42724877715134, 96.85633793300738, 18.10981164962422, 91.30185094914377, 46.287125464190304, 49.09582179759772, 61.64886278220791, 85.12733409312345, 49.4729158366416, 64.49352612380906, 86.0642223890838, 60.60276276598844, 69.31135555827667, 61.98210495966608, 62.82019874441318, 57.83625999770505, 71.70783784574535, 35.812582038042585, 47.68054264172845, 14.650924824088957, 85.78114386359584, 42.014575105795686, 75.06619128820942, 81.85890339950062, 84.27743859499267, 24.50189270728208, 50.62236169603289, 44.769713050623885, 0.0, 14.15141789495882, 69.13911949047123, 70.06419643829669, 100.00503813290288], [74.5920455414102, 72.66883002117675, 45.574058712387874, 38.33061388058918, 78.96584167553199, 64.91087401072441, 78.65711818872526, 54.74901966187699, 54.766420714620935, 28.39879023934951, 44.59948194313266, 83.26275190063525, 8.389898138195376, 77.56139452518453, 43.50649467285118, 39.36703106573602, 54.765651352296274, 72.01415789932449, 42.900255497142425, 56.0124919884886, 72.37543736700306, 46.46127525665695, 56.69977326091389, 48.666971544619386, 52.51654609531469, 44.18329771407144, 58.25423382576672, 28.820356430946994, 33.957236507174564, 13.979401984903097, 73.27735642016947, 27.86366603313937, 60.94451560335932, 68.56979613709086, 70.51261921645612, 13.514666126927459, 49.311794650202394, 38.80309154510966, 14.15141789495882, 0.0, 55.70573409654184, 56.40266418946889, 87.82608717457784], [62.84560640222407, 17.15731801865741, 17.51180647501338, 17.818786083634688, 48.70275032308175, 18.013822345274463, 24.65125498098515, 10.968955244517808, 47.06100040663549, 72.05155991369946, 38.346595683093796, 52.15200813619308, 51.42554545710021, 45.6859552067491, 80.68157254879111, 31.32182493416667, 76.52090259078557, 50.76664383975586, 70.85251950514701, 36.633175362119985, 43.16601922836784, 22.250868141761767, 48.005849970195115, 7.258806919727757, 61.22140392900644, 11.809919755125543, 39.618709425081505, 63.83739813115744, 21.928854103086465, 59.001533735736885, 20.75476271016432, 30.99242627186732, 25.39092116078971, 46.65238033184711, 40.68539841865385, 54.016514509824226, 87.81531938522957, 45.29735778559141, 69.13911949047123, 55.70573409654184, 0.0, 35.93937976608767, 35.49266540465479], [27.27161380919328, 41.86748301062726, 21.48697348208227, 38.10394261130558, 22.565038275447247, 53.89976093612688, 40.65692729483792, 45.89295818330392, 12.71783659464864, 56.92494649131681, 65.94158140338881, 26.868143618967423, 57.44539214309028, 21.266436733140058, 58.82687265543099, 57.025918604954796, 47.260906892236804, 17.553252557609678, 46.31453410349043, 68.95608326049756, 16.00043221558851, 16.261523805189245, 12.969552123349464, 36.10990758639753, 29.74650515099998, 31.95078617304878, 3.716438303994929, 46.40536483863587, 33.86995633056228, 66.8921611909378, 54.27544677423761, 30.980386907020588, 13.807957534636776, 13.39086371388407, 14.315206979357399, 46.585532660910154, 65.28946265257439, 69.08782677104904, 70.06419643829669, 56.40266418946889, 35.93937976608767, 0.0, 67.06450643057211], [91.25808485610527, 25.460002698041215, 52.61225562845016, 50.07277443534797, 70.98600235708227, 23.132697944732158, 30.53955133816735, 33.10090922759087, 79.48213302882394, 107.1098999814055, 54.53780356866638, 72.87197450303655, 81.90571989554252, 67.82927667874505, 116.16825041075302, 52.89009600539747, 111.33425883107228, 77.52658818278454, 106.24856447708777, 44.71581099023025, 67.83078455804714, 56.70020605520456, 79.9924018986072, 40.926660492343, 95.20380440685834, 46.72039915728473, 70.35235668448787, 99.23364418264967, 55.99592211838759, 87.55969413085963, 14.955907895419188, 65.97336037647352, 53.662842656808245, 74.13446938567911, 65.8163874573556, 88.45023548439039, 123.3038062676514, 64.04841280919821, 100.00503813290288, 87.82608717457784, 35.49266540465479, 67.06450643057211, 0.0]]",Route_4,1849.6160329335705
