instance_id,num_cities,city_coordinates,distance_matrix,best_route,total_distance
2511,72,"[[22.906801089774444, 25.61859030886877], [75.50112984557722, 35.91539641653725], [96.07818253863472, 49.34502200983937], [64.2661063904719, 6.6463703474070375], [7.168857694096231, 48.77742750471514], [42.9437585507707, 26.75047031617951], [77.2924749607225, 67.70651415033855], [53.471966435887566, 37.217171414143465], [36.50222048066515, 87.57515130054747], [74.45109668736404, 18.46340605685608], [93.3618996673166, 78.50907383796812], [80.00439085762414, 89.76212869313454], [96.53783316743781, 72.87878301961997], [57.048543535125205, 33.848262076356924], [95.18312928913687, 16.296280489138958], [12.512920625961799, 57.64556233741445], [5.429275947705314, 8.487853530889511], [51.472944467312786, 54.15384345865992], [18.334261573681086, 15.727266806434226], [20.217373028785634, 89.22441464717818], [96.99897098328869, 53.19634520096952], [61.00144063641925, 11.856385626861698], [25.718661769412275, 80.6923567203856], [46.477194597479276, 38.0058639132955], [91.7472818615073, 0.9130193549036547], [19.300673201795792, 5.159333137677324], [77.82822890258248, 80.66971581902472], [64.09104524240604, 56.44593887434096], [90.20175124989277, 1.0557689605935505], [98.16444560271361, 47.16460200511858], [64.60960257949662, 14.110164858396113], [3.455875959695176, 19.05035414445241], [98.80361627512481, 61.07307168314369], [85.92234546694928, 10.928262196800198], [26.337236215435556, 28.09471595490427], [96.25395412594229, 57.70610816746957], [99.98432231503442, 95.57691934233269], [1.9593536527992672, 29.941564192710825], [19.02284144516171, 76.0541585017588], [88.73849333505265, 86.68422985500862], [98.87875089682477, 51.49902116525526], [62.03963826862088, 32.75805799351357], [92.42949430511175, 76.14551151354375], [44.69691982715879, 43.2148411045409], [41.229307594707144, 86.98497980577177], [47.26848284912124, 83.38340120267998], [60.57059670089334, 73.41515745457292], [33.76766888663787, 82.33886611249788], [57.264233692863506, 6.230380935536795], [51.00844669871819, 69.18972098766676], [97.48261655831435, 44.90542352551232], [82.67967012624115, 81.9798008980351], [61.03304233751881, 62.27811237949159], [3.121264932845602, 32.833054039230106], [83.19674192673787, 27.16837018171153], [27.519612920669356, 0.4017916450764325], [4.034315572549807, 87.19370035268419], [88.09011191513451, 19.38796191650256], [85.1924451317814, 77.28214244194398], [85.45566937836605, 39.862844459540426], [12.403212747638126, 1.9321790462635602], [98.03308581757581, 32.213163406847244], [96.93529586468368, 87.42139184253213], [23.596594147670736, 13.850627622170276], [36.96129303106825, 42.97720829284818], [1.1243706752417149, 60.79581557574508], [83.06492763162026, 45.70991446201654], [8.7948430081065, 13.37452690662888], [22.738106195928264, 46.2383411400287], [8.457361371084527, 80.57791935724225], [49.272514380633936, 75.4079272192437], [72.43285929765891, 21.186638672754967]]","[[0.0, 53.59279460237525, 76.92200351261943, 45.50315665118617, 28.000260759308812, 20.068901729908475, 68.76914174019102, 32.691840209613005, 63.430677738219146, 52.038553691776876, 88.09837775755642, 85.87507364626497, 87.49316944698731, 35.119596731814234, 72.87505113793735, 33.671348182294, 24.47296524020066, 40.37679060783241, 10.897082098252232, 63.66265713156424, 79.05809385773328, 40.50431878081955, 55.14550124200534, 26.627204086403463, 73.13943552588252, 20.774632664415655, 77.76239227886721, 51.4438274820283, 71.63757749700986, 78.28118342009691, 43.26161703450602, 20.529983310453424, 83.7696054950603, 64.7052128749448, 4.230730831230497, 80.05881376111597, 104.09184444222709, 21.388867602685707, 50.58489578382702, 89.79322934974608, 80.2591668209755, 39.77877505009666, 85.94402037569188, 28.007808137258802, 64.04332911794098, 62.691824951435734, 60.85288268233432, 57.750741437151255, 39.45042252980271, 51.84733276225073, 77.02943715440442, 82.15462209715868, 52.89168961309219, 21.059817851392676, 60.30985643971322, 25.635229038131943, 64.40236708775409, 65.48041493698145, 80.92356932769695, 64.15028994862382, 25.91083646975398, 75.41516459802538, 96.43549303056497, 11.788161869360719, 22.334958295050072, 41.375251687941685, 63.42445502526287, 18.683266563875375, 20.620440885352824, 56.82705480342477, 56.33940811998852, 49.72396441270156], [53.59279460237525, 0.0, 24.571730527358874, 31.35126216075185, 69.53223181444214, 33.82274820372984, 31.84154650901822, 22.067592951547805, 64.72746871559744, 17.483550473166243, 46.18688617893683, 54.03471047956273, 42.53039896145974, 18.568009745932223, 27.79012076024456, 66.63118347772985, 75.24848714378749, 30.16611746779082, 60.62682084004276, 76.79938276114567, 27.582392290598186, 28.090514187887287, 66.95722740531296, 29.099121492594673, 38.58890844905415, 64.06580020090901, 44.81477987451217, 23.488150294631655, 37.83255074720979, 25.30159100692753, 24.374033098605807, 73.99289329604845, 34.29160974085747, 27.07320837178858, 49.78203973079902, 30.09177353071649, 64.48972035388043, 73.7840058347815, 69.28865190184125, 52.46620093789664, 28.095596208740414, 13.826805176683743, 43.64666864713986, 31.657246368123296, 61.503334445745395, 55.22946527718482, 40.362766231940576, 62.424516836120496, 34.839410520158076, 41.31673030864502, 23.748817771045896, 46.62039039729454, 30.071886357264713, 72.4454669342135, 11.650446912304913, 59.69457337378955, 87.96004773136073, 20.775912993189294, 42.48681288008219, 10.708650865635, 71.66733010886945, 22.8340878771656, 55.787911215219594, 56.399777020517725, 39.18147787750466, 78.42791315736996, 12.375121037443193, 70.41178524867578, 53.76336905754396, 80.55810230318475, 47.40886265679214, 15.044952270786688], [76.92200351261943, 24.571730527358874, 0.0, 53.24643690094432, 88.91113657936174, 57.738901779992034, 26.26874954824538, 44.29869536076105, 70.78727315497389, 37.70152578193334, 29.290273328714363, 43.49608363581011, 23.538249424416186, 41.993598192822894, 33.06085958382667, 83.97649652291601, 99.43104385577142, 44.86370500890385, 84.70106676967552, 85.70430780662453, 3.959866371778874, 51.33980600206584, 77.02673273824914, 50.88059071077167, 48.62525662495616, 88.5842031124957, 36.25323778584847, 32.7658354498149, 48.64549727102604, 3.0177350727866163, 47.24157790683203, 97.45080080264697, 12.04056220412867, 39.73648778087165, 72.90661905124773, 8.362933539507535, 46.39661904616515, 96.09811718292019, 81.55307206460988, 38.0537446266452, 3.5331141349279487, 37.8648896908545, 27.047720115817857, 51.74565948712407, 66.52191748209141, 59.50628573399702, 42.897086991454216, 70.50669372652656, 58.01202375342618, 49.245234959338354, 4.6564438810827, 35.27816503088688, 37.35541029389801, 94.41204169507135, 25.646352538788655, 84.23608055103024, 99.52183628918063, 31.003785603081113, 29.983028148085417, 14.239012498606575, 96.17420780756602, 17.243034130422927, 38.08601558170251, 80.7058404864513, 59.45885700704415, 95.64176420726263, 13.511432572424521, 94.4047555876904, 73.40584625205855, 93.02097709005866, 53.57280653159105, 36.76949637033969], [45.50315665118617, 31.35126216075185, 53.24643690094432, 0.0, 70.95859205119656, 29.305585695420042, 62.43418486184222, 32.42047709737053, 85.55875728044529, 15.600524359975239, 77.5294353093145, 84.5926881199219, 73.67629766450979, 28.14313641377579, 32.38800813048056, 72.65885920112927, 58.86564088554472, 49.19984749375331, 46.82090397219308, 93.59179617436507, 56.90641952643812, 6.148357642316786, 83.47882117496022, 36.0536159003209, 28.072875144400104, 44.990015131231246, 75.25547715511448, 49.799876223484226, 26.531349346391046, 52.82825473187792, 7.471694462044414, 62.062411644098454, 64.46010709983327, 22.075490679652972, 43.573279909290825, 60.25213049346191, 95.83545008697222, 66.51915132504139, 82.85163896623233, 83.69561922420942, 56.65505665967496, 26.206437988125195, 74.98871276172888, 41.47536758444836, 83.57623028385642, 78.59701718600132, 66.87097818656319, 81.60581232561542, 7.0142190202689045, 63.93306069486137, 50.66647508772905, 77.55117721851511, 55.72560833849103, 66.5164193237568, 27.91991115684521, 37.273308754333065, 100.5770401041557, 27.017242549024147, 73.670373641698, 39.39964126816336, 52.076706276719015, 42.35410023804895, 87.13139525130921, 41.3026699978141, 45.44758099623977, 83.18077426706701, 43.35154159716461, 55.877805539598214, 57.376815451903774, 92.63093413991172, 70.37726553935087, 16.67678794073258], [28.000260759308812, 69.53223181444214, 88.91113657936174, 70.95859205119656, 0.0, 42.01226456989041, 72.63354610504574, 47.72438999121678, 48.63856025938844, 73.79593200365767, 91.17681327115444, 83.57488033326402, 92.56181240020402, 52.06594894926081, 93.81650662784803, 10.353879660816729, 40.32711142202903, 44.62911553367974, 34.88523134474589, 42.499676720443354, 89.9387351876566, 65.27718069577067, 36.91419697181381, 40.75747701114315, 97.18287607482219, 45.273823603984184, 77.52331774054632, 57.436412683166736, 95.76960951392654, 91.00987982041875, 67.09141727805815, 29.958056077229678, 92.45599951309767, 87.37660528365008, 28.199313682960845, 89.53142322474693, 103.9466349097452, 19.542995652273977, 29.7411664978966, 89.94737974517436, 91.75026748358266, 57.16137472449421, 89.54545313766602, 37.938078693081, 51.18526448373598, 52.967474483476636, 58.811252886094806, 42.82367240534665, 65.72516921406668, 48.35877675591391, 90.3967225899208, 82.48806212484332, 55.53034197075269, 16.45010797435056, 79.03917091721557, 52.481952927804194, 38.54394081877659, 86.09291534305618, 83.06743628100472, 78.79273237144174, 47.136777318359385, 92.36169551052889, 97.73110764529568, 38.597303986463054, 30.351799719512016, 13.452786891457677, 75.95803491552861, 35.44022007549267, 15.77493133040951, 31.826585173220444, 49.818685464625986, 70.85648547366465], [20.068901729908475, 33.82274820372984, 57.738901779992034, 29.305585695420042, 42.01226456989041, 0.0, 53.45308078639479, 14.845706219185288, 61.16482019558917, 32.57894704393905, 72.25608619468429, 73.10239092121321, 70.71171095994826, 15.789984399159952, 53.275153121133926, 43.3652234838766, 41.723609345573784, 28.700032612959806, 26.96550309344596, 66.4791871127093, 60.177656065574816, 23.40755521277102, 56.62535711120451, 11.796993486570175, 55.22099020950227, 32.01831803014973, 64.22002263564322, 36.45584435048752, 53.79159368993472, 58.87326261642004, 25.08358266960977, 40.23163755783076, 65.56191477969976, 45.7984847247643, 16.66083972707305, 61.645993114258985, 89.39074896260068, 41.108448340574725, 54.800218465570445, 75.42687363546837, 61.165465238829135, 20.018584662744207, 69.91929732225417, 16.557447868487298, 60.25890370337422, 56.797817749028724, 49.88284724125877, 56.34066354536794, 25.02299095801427, 43.19871748652934, 57.4812087451201, 68.03838347031397, 39.86772552449324, 40.28434960003209, 40.25515260141863, 30.53124851904384, 71.8841346203823, 45.74275627938611, 65.86654238417434, 44.48816604321759, 39.35317673977064, 55.35950681239841, 81.21605026333462, 23.253359154555753, 17.294418725643542, 53.92538118666353, 44.37531668318811, 36.67511819797604, 28.07214805339596, 63.92734830026405, 49.067313586822515, 30.0093866217971], [68.76914174019102, 31.84154650901822, 26.26874954824538, 62.43418486184222, 72.63354610504574, 53.45308078639479, 0.0, 38.69129936906883, 45.37188119038598, 49.32501520728313, 19.36289508843387, 22.22171507089995, 19.928275835127383, 39.44867542858146, 54.43425059094643, 65.55618514825427, 93.11911263508689, 29.16029900013371, 78.59970152761836, 60.99661713843543, 24.472249353638297, 58.17761300916797, 53.18355304364509, 42.79848278115065, 68.3396838559176, 85.29477665060894, 12.974267986643653, 17.35160805672077, 67.88940453898863, 29.28496735634299, 55.07652775241338, 88.42660944849634, 22.510703223439513, 57.43034528760666, 64.54092431833466, 21.437019661213768, 35.93994187415064, 84.26903708537557, 58.86453394239662, 22.162243342964732, 26.993520290082063, 38.13192382901025, 17.33049425517341, 40.77146383253173, 40.89268001118236, 33.87041319454732, 17.669460119413017, 45.91856343279026, 64.6563639816501, 26.32584365599968, 30.455402663769647, 15.256099971269109, 17.14166546792449, 81.96051864843523, 40.96585755024678, 83.70939891773504, 75.80572763998646, 49.51031663979964, 12.41379014977354, 29.01564552014166, 92.395235315148, 41.109012220143605, 27.830142210977765, 76.05066817605481, 47.309013982920604, 76.48096407102074, 22.741407337410816, 87.4293453078923, 58.62645822259565, 70.02817957721498, 29.059076966889712, 46.77301229173267], [32.691840209613005, 22.067592951547805, 44.29869536076105, 32.42047709737053, 47.72438999121678, 14.845706219185288, 38.69129936906883, 0.0, 53.140365222909956, 28.139431785034464, 57.41278584937787, 58.86375863930336, 55.9143936713929, 4.913395350774907, 46.66374163808793, 45.770761293358206, 55.97744023604807, 17.05423550835246, 41.18827870926353, 61.73023028769375, 46.36738206734413, 26.454913295735164, 51.57846117636985, 7.039095746586232, 52.754063612873374, 46.85490664007713, 49.8131622827211, 21.96611783491566, 51.543419753550815, 45.78612310994946, 25.651134299184083, 53.21318028677677, 51.225603508320944, 41.76282853324575, 28.627133592843602, 47.43516627981598, 74.62747099875617, 52.02387659701029, 51.91390737240122, 60.75127809619732, 47.599866674134084, 9.658607204532826, 55.07362926642801, 10.628898564784336, 51.251511661680404, 46.58115478924106, 36.88746053908268, 49.23643645067007, 31.21798320060732, 32.0673175636321, 44.67713671137209, 53.4488816831153, 26.17671925316258, 50.54120721753141, 31.377391290392204, 45.04327741760683, 70.29747340858049, 38.93965469457934, 51.10176779872834, 32.092940653293944, 54.1449278871756, 44.84120266770458, 66.4042525284209, 37.92800071374386, 17.486576598198006, 57.412744599256165, 30.78749806024091, 50.64106095741774, 32.030480303494976, 62.501753026016296, 38.42094775677939, 24.829285895657573], [63.430677738219146, 64.72746871559744, 70.78727315497389, 85.55875728044529, 48.63856025938844, 61.16482019558917, 45.37188119038598, 53.140365222909956, 0.0, 78.84510470523999, 57.577920054187565, 43.557108462588005, 61.80823595059829, 57.52156132066201, 92.32619608073128, 38.357095862707915, 84.97251644181749, 36.62111951520053, 74.10933299608963, 16.36814974630689, 69.58275023458802, 79.58356151484202, 12.792888638292112, 50.56297420752748, 102.77325488830834, 84.19180668118754, 41.898973869032346, 41.59532567500749, 101.82948062973882, 73.72409715527532, 78.65830637253255, 76.07699199812396, 67.70394480371971, 91.19810504030265, 60.342763393961384, 66.80141773422037, 63.98441642387438, 67.19255919820492, 20.934707223568655, 52.243869905857295, 72.0577456787029, 60.473741623192616, 57.08324292728373, 45.11086585364271, 4.763785782021232, 11.5534918647743, 27.924758899522892, 5.907322150601294, 83.95256314347894, 23.419108584212218, 74.42657035079999, 46.51521043590582, 35.23778368663536, 64.11696659896688, 76.35022945752488, 87.6349352267633, 32.4701455794095, 85.50323583789216, 49.766293893954554, 68.35864526941872, 88.96898825020178, 82.770750224045, 60.43327098826768, 74.84557824381129, 44.60030569541568, 44.37031754131107, 62.61616207315723, 79.20499622406554, 43.56813877468334, 28.90459093889132, 17.638643602506356, 75.48804815815431], [52.038553691776876, 17.483550473166243, 37.70152578193334, 15.600524359975239, 73.79593200365767, 32.57894704393905, 49.32501520728313, 28.139431785034464, 78.84510470523999, 0.0, 62.95316265785428, 71.51466231274821, 58.726971472568856, 23.228057408170603, 20.84499002223855, 73.2910569210689, 69.73896605496743, 42.44764777204887, 56.18349972344175, 89.15389570060685, 41.40994683470998, 14.984857918948684, 79.03981600254644, 34.123992398386946, 24.640902884560088, 56.73242077398376, 62.29791325739525, 39.370083377781825, 23.475709753344674, 37.23011637964177, 10.76130638942867, 70.99764696261389, 49.0777833144113, 13.72472009021946, 49.068377799397894, 44.89269719485916, 81.23077952465371, 73.39482898938493, 79.93113439933654, 69.70086443270958, 41.08603358523765, 18.930963368787555, 60.41893801465128, 38.70328897584977, 76.15046513019517, 70.38110730027502, 56.677713976049596, 75.73120687627255, 21.09585654128698, 55.88127472552809, 35.06609752137669, 64.04718443819014, 45.823276537958264, 72.76284547257104, 12.339477746971406, 50.287036935012715, 98.39906715290954, 13.67031601393916, 59.79147360905943, 24.06317900988622, 64.21231476806798, 27.297729548829913, 72.53097970014524, 51.06327597645078, 44.792989164075, 84.66901229689513, 28.57569428393133, 65.85317257506003, 58.69991826605707, 90.627732309371, 62.26266535726201, 3.38958375637766], [88.09837775755642, 46.18688617893683, 29.290273328714363, 77.5294353093145, 91.17681327115444, 72.25608619468429, 19.36289508843387, 57.41278584937787, 57.577920054187565, 62.95316265785428, 0.0, 17.465803307446137, 6.464265487769475, 57.56081949372708, 62.239445158191415, 83.49756597747724, 112.40603901707053, 48.45473985666525, 97.82996356972798, 73.92523456731328, 25.572690879291446, 74.09305064887903, 67.67846302522788, 61.957126980580114, 77.6128511394701, 104.23650860604003, 15.683217182627416, 36.65467014157314, 77.51774619045423, 31.710256415581004, 70.52598149324446, 107.78883266140078, 18.265444171515178, 67.98906580310704, 83.86842666700957, 21.003032154419934, 18.307589461364476, 103.50472651564333, 74.37958178603111, 9.391967952254312, 27.567709242359054, 55.44582499997412, 2.540827940043694, 60.11624678141752, 52.817119745250714, 46.35042762730754, 33.184597848351, 59.71716379071301, 80.79140385268202, 43.36663828234439, 33.85536326813766, 11.231917658784111, 36.17456462926639, 101.14183576510227, 52.33735075269292, 102.15651841947108, 89.74876053688845, 59.35568735120935, 8.26107426783748, 39.44666681168343, 111.43756011192235, 46.53097143512845, 9.602008779304118, 95.12051577494076, 66.65989722504305, 93.92295391877359, 34.37749974726179, 106.74313221914038, 77.6474107305013, 84.92974005069696, 44.19831450755081, 61.023653644015994], [85.87507364626497, 54.03471047956273, 43.49608363581011, 84.5926881199219, 83.57488033326402, 73.10239092121321, 22.22171507089995, 58.86375863930336, 43.557108462588005, 71.51466231274821, 17.465803307446137, 0.0, 23.630532701217714, 60.44279449473428, 75.01749764358182, 74.74337688727167, 110.30392362457428, 45.62886597826988, 96.35541303155232, 59.78943583327303, 40.32210654273311, 80.18988040780278, 55.038178987648145, 61.666715763263085, 89.62175918450824, 104.12768293319995, 9.349205994513591, 36.92158004082797, 89.29056174069451, 46.306985091677895, 77.20245551911509, 104.21050903292866, 34.2997502676114, 79.055680969301, 81.74982129164461, 35.93934832955278, 20.808879146576224, 98.33375701889892, 62.50326243894988, 9.260561934567452, 42.66505437216066, 59.767854335850856, 18.433541686184327, 58.423175987123415, 38.87440852268657, 33.351579236051855, 25.39479915259314, 46.82882964545842, 86.57174845939609, 35.55261926309203, 48.14158672228466, 8.229322273156482, 33.39585629086182, 95.6657440932499, 62.675112364756174, 103.63359374466373, 76.0134801397745, 70.837152925037, 13.515397292773415, 50.1961652373537, 110.83329525386289, 60.306859041748204, 17.091945277289, 94.57481443026171, 63.573084299627865, 84.03038069405437, 44.158401963944506, 104.43115153835328, 71.92876644237877, 72.13409131245267, 33.91889343345437, 68.99221638488453], [87.49316944698731, 42.53039896145974, 23.538249424416186, 73.67629766450979, 92.56181240020402, 70.71171095994826, 19.928275835127383, 55.9143936713929, 61.80823595059829, 58.726971472568856, 6.464265487769475, 23.630532701217714, 0.0, 55.5228381908487, 56.59871743431802, 85.39459549617567, 111.56594910224143, 48.800282326194214, 96.86121213099631, 78.05121593594444, 19.687839052832828, 70.61563692043246, 71.24890856343144, 61.00973710014058, 72.12503394564578, 102.72050803939356, 20.26691702337416, 36.37076316706894, 72.10195061570073, 25.765577293379973, 66.88170444192099, 107.52558073683213, 12.02117270699013, 62.85344548501577, 83.2690607325099, 15.175330292263085, 22.958303072504105, 103.86863601632007, 77.58000355218542, 15.85623108263033, 21.507536185372484, 52.91311772989, 5.248805889029631, 59.72796452161671, 57.07904859752868, 50.376739513002185, 35.971235683178826, 63.47902563810165, 77.35906615291388, 45.67859685775854, 27.9893096921353, 16.579421259489752, 37.0535341080548, 101.63816030556171, 47.61750263616001, 100.08211131234741, 93.60458122164864, 54.15378044645016, 12.169938532374978, 34.826233693162415, 110.05478167047558, 40.693100139685484, 14.548039317101962, 93.83361593461194, 66.65934522451575, 96.17550065894875, 30.326005379498888, 106.01692703366264, 78.46090010068221, 88.41632322265771, 47.332937056564376, 57.03619510836826], [35.119596731814234, 18.568009745932223, 41.993598192822894, 28.14313641377579, 52.06594894926081, 15.789984399159952, 39.44867542858146, 4.913395350774907, 57.52156132066201, 23.228057408170603, 57.56081949372708, 60.44279449473428, 55.5228381908487, 0.0, 41.979979612526115, 50.49488298453745, 57.51259955744197, 21.057158883342282, 42.74536346041238, 66.5060402851796, 44.38901861821111, 22.34430632763706, 56.35539632078074, 11.359536583680812, 47.84070081597655, 47.41261813431588, 51.225421955776, 23.669639350087266, 46.63134982526145, 43.2185412980338, 21.136747518436778, 55.5981303373744, 49.846528040059596, 36.864926861138464, 31.245602734722624, 45.89401965073196, 75.19247453899628, 55.227539599778005, 56.809257278250044, 61.61081406237579, 45.401713011043, 5.108773980220358, 55.14407481624669, 15.501464798992835, 55.441491653761666, 50.49138139609671, 39.72334412374149, 53.78975556914523, 27.618723376590264, 35.85389083172112, 41.91867221844318, 54.530722346880054, 28.70771009615574, 53.936833655735946, 26.98794610286756, 44.61641096663724, 75.20800589938118, 34.24440462621416, 51.75501097183147, 29.036873108477494, 54.88025070194155, 41.01714585098546, 66.79096678700635, 38.97355900587074, 22.064344355460154, 62.078045633416295, 28.592849434335598, 52.417491797599055, 36.47903739973133, 67.41486374448876, 42.280875064269615, 19.92470523485815], [72.87505113793735, 27.79012076024456, 33.06085958382667, 32.38800813048056, 93.81650662784803, 53.275153121133926, 54.43425059094643, 46.66374163808793, 92.32619608073128, 20.84499002223855, 62.239445158191415, 75.01749764358182, 56.59871743431802, 41.979979612526115, 0.0, 92.43444439050322, 90.0928727547164, 57.82538656290389, 76.85097426655518, 104.58669783227387, 36.944716222966214, 34.46883382911875, 94.72152280120608, 53.325173104626934, 15.762289512314611, 76.69536321158193, 66.67182121104995, 50.78102754786865, 16.033942709813733, 31.011957696596475, 30.651584575940994, 91.76858898916592, 44.922922385428215, 10.704099092785667, 69.84955313067753, 41.423670699011645, 79.4258846437511, 94.21712217662551, 96.80595761133871, 70.6823651875976, 35.39619428945861, 37.00650099145498, 59.91254426109631, 57.21421371865381, 88.92641388536727, 82.44085825065704, 66.78767489563178, 90.18581868713959, 39.232193120755916, 68.91384933186899, 28.701406010451468, 66.86300430240982, 57.276149510906585, 93.53529680395079, 16.182577553802155, 69.5052963662475, 115.475323707054, 7.737531228770863, 61.79877934117003, 25.49522335039797, 84.0169149212152, 16.1700158945508, 71.146690385014, 71.62829909683795, 64.04415762369037, 104.05411426229664, 31.81214665662562, 86.43768073340567, 78.38882807516062, 107.95132197682956, 74.84631814873431, 23.269946021622026], [33.671348182294, 66.63118347772985, 83.97649652291601, 72.65885920112927, 10.353879660816729, 43.3652234838766, 65.55618514825427, 45.770761293358206, 38.357095862707915, 73.2910569210689, 83.49756597747724, 74.74337688727167, 85.39459549617567, 50.49488298453745, 92.43444439050322, 0.0, 49.6654644298721, 39.11618026401464, 42.32058022584508, 32.50511498255695, 84.60312191703099, 66.69171820124863, 26.562122100441666, 39.23378213482152, 97.45083598239346, 52.923320385611476, 69.25461095706727, 51.59207337762854, 96.11430235997719, 86.29040653705543, 67.89252612934563, 39.6436647340383, 86.35874000893912, 87.01407810183836, 32.62459537588293, 83.74105538767941, 95.34166957676825, 29.646067008268883, 19.525764564138488, 81.56949274101363, 86.58427459277209, 55.4281844635323, 82.02991447109018, 35.271171229256844, 41.05401683052803, 43.24795318743167, 50.57885289211447, 32.58103090685226, 68.1630464386667, 40.189216545741004, 85.91949932223177, 74.26660017639254, 48.7407707242782, 26.530430918202377, 76.97442325458297, 59.178121774056095, 30.740514046143932, 84.70865264615158, 75.2855136171205, 75.07908930374977, 55.7134913065521, 89.2216653608554, 89.51948091709089, 45.17570282185249, 28.511112283380214, 11.816224669735213, 71.55449240077084, 44.42689139796152, 15.319240039451602, 23.288206443491227, 40.82608650365318, 70.14023214393725], [24.47296524020066, 75.24848714378749, 99.43104385577142, 58.86564088554472, 40.32711142202903, 41.723609345573784, 93.11911263508689, 55.97744023604807, 84.97251644181749, 69.73896605496743, 112.40603901707053, 110.30392362457428, 111.56594910224143, 57.51259955744197, 90.0928727547164, 49.6654644298721, 0.0, 64.84907128731082, 14.796883407690093, 82.07971805606834, 101.90121822786692, 55.67416363692533, 75.00099637914177, 50.559317266101296, 86.64973316594136, 14.265157194676064, 102.23419013395582, 75.77058219780594, 85.0976406836289, 100.4773733906393, 59.44679507684932, 10.74526531660317, 107.16329875335549, 80.53005547673796, 28.66307479443244, 103.30323690790891, 128.55023211740087, 21.732511633353184, 68.92017549564245, 114.25891200215216, 102.87256636021878, 61.59363560273832, 110.21159956163514, 52.420525767910014, 86.27537945057757, 85.78963978941123, 85.18286241495011, 79.10143218482344, 51.884092234143445, 75.90900815509409, 98.99523686463938, 106.62405792575359, 77.36388552633953, 24.454359583436673, 79.97962532508903, 23.52376212259215, 78.71820779453799, 83.37641252567987, 105.3319388650241, 85.95704567568518, 9.571450383188163, 95.59474844951131, 120.84641141317353, 18.94230177494032, 46.73097145621663, 52.484808303840985, 86.09748098723155, 5.9335165221997554, 41.52944641202877, 72.15363394992073, 80.00328629963512, 68.19632926934882], [40.37679060783241, 30.16611746779082, 44.86370500890385, 49.19984749375331, 44.62911553367974, 28.700032612959806, 29.16029900013371, 17.05423550835246, 36.62111951520053, 42.44764777204887, 48.45473985666525, 45.62886597826988, 48.800282326194214, 21.057158883342282, 57.82538656290389, 39.11618026401464, 64.84907128731082, 0.0, 50.74223188956172, 46.97718285974374, 45.5360944004514, 43.35743509800165, 36.98074855145806, 16.903099128841706, 66.7578280337859, 58.61328415960738, 37.385725948483696, 12.82459233523604, 65.72157933437555, 47.21171225843263, 42.143421576773186, 59.48019695745739, 47.8337559993077, 55.27397312170887, 36.20610384424818, 44.921680852431635, 63.79047731714295, 55.11651424572663, 39.14885675387216, 49.46662684588122, 47.48008597972331, 23.862829957093748, 46.487336323479624, 12.867644789447507, 34.39208644761837, 29.530400325932742, 21.301772062725846, 33.284715492024304, 48.272117118468785, 15.043050596349206, 46.929981857884094, 41.81080761919741, 12.545884456103884, 52.84374111729299, 41.64871058301231, 58.84764367715659, 57.81051509018618, 50.49241003660979, 40.88915429452262, 36.86540715593895, 65.21921626827707, 51.47077038176603, 56.334316096419506, 49.004490752441015, 18.316801059047336, 50.78478784537514, 32.700968443675215, 59.028577846777395, 29.805135588332437, 50.48338514999324, 21.367685159330495, 39.06602899055851], [10.897082098252232, 60.62682084004276, 84.70106676967552, 46.82090397219308, 34.88523134474589, 26.96550309344596, 78.59970152761836, 41.18827870926353, 74.10933299608963, 56.18349972344175, 97.82996356972798, 96.35541303155232, 96.86121213099631, 42.74536346041238, 76.85097426655518, 42.32058022584508, 14.796883407690093, 50.74223188956172, 0.0, 73.521268007812, 87.13247581834133, 42.842407615330515, 65.38342506919089, 35.893739958826224, 74.89281324223282, 10.612029657996676, 88.07413827160218, 61.25106943295131, 73.34977110667013, 85.79722796514838, 46.303587376302296, 15.244975170021094, 92.36643906735482, 67.7582432594496, 14.730967434508758, 88.50820080339382, 114.20463838728445, 21.68372337959668, 60.33082134248488, 99.9582235485689, 88.13077311719124, 46.9063727067494, 95.60579379416836, 38.08617191296062, 74.84547277024082, 73.58356937699476, 71.4968581995726, 68.37613050911266, 40.07160553865008, 62.656495119545134, 84.35536098136622, 92.35653672239235, 63.16776948954991, 22.891990381960113, 65.86380040655457, 17.867312844661726, 72.8830541309558, 69.85183852661379, 90.87914735070804, 71.3288826095849, 15.016050961811368, 81.3860391749023, 106.38688902447991, 5.586941806318318, 33.0079628563696, 48.24266195918232, 71.33735549306012, 9.825268016973641, 30.82725262567235, 65.59847783201738, 67.22318583685252, 54.37336679731679], [63.66265713156424, 76.79938276114567, 85.70430780662453, 93.59179617436507, 42.499676720443354, 66.4791871127093, 60.99661713843543, 61.73023028769375, 16.36814974630689, 89.15389570060685, 73.92523456731328, 59.78943583327303, 78.05121593594444, 66.5060402851796, 104.58669783227387, 32.50511498255695, 82.07971805606834, 46.97718285974374, 73.521268007812, 0.0, 84.81412366149745, 87.45943108157384, 10.151856493956634, 57.55795486376268, 113.64607514598048, 84.07007950377962, 58.242541037902896, 54.76611714827594, 112.56786076496911, 88.57072858642607, 87.25147887465613, 72.14808764920484, 83.47631842775222, 102.21267480910905, 61.43527315501663, 82.3101774283917, 80.01950083783919, 62.030731331660384, 13.224316717329174, 68.56818844627797, 87.24000046689792, 70.2677116713643, 73.3869754548164, 52.116495172153414, 21.130936150854087, 27.67453668213194, 43.33953476576663, 15.19938473948092, 90.88718015645917, 36.73525782919838, 89.07351363744262, 62.8810224715301, 48.90830263893233, 58.925906554279706, 88.41579927526713, 89.1222815260702, 16.309970851527975, 97.38500302376329, 66.06343815010999, 81.80831205925695, 87.64128876907876, 96.46537163570987, 76.73910721065812, 75.4494990431452, 49.184987065392434, 34.245116207084486, 76.44165648336457, 76.70514756082049, 43.05991884876226, 14.596566547930035, 32.17291661976198, 85.76477112335049], [79.05809385773328, 27.582392290598186, 3.959866371778874, 56.90641952643812, 89.9387351876566, 60.177656065574816, 24.472249353638297, 46.36738206734413, 69.58275023458802, 41.40994683470998, 25.572690879291446, 40.32210654273311, 19.687839052832828, 44.38901861821111, 36.944716222966214, 84.60312191703099, 101.90121822786692, 45.5360944004514, 87.13247581834133, 84.81412366149745, 0.0, 54.81618783409382, 76.39969326575661, 52.7560480980987, 52.54642138298036, 91.34867271126835, 33.500797677696845, 33.067982031104684, 52.58176382342575, 6.1433099440951, 50.76219734574869, 99.58041640716708, 8.080814606481834, 43.695336978636156, 74.98781601839956, 4.570887455598276, 42.485590346910996, 97.84331199457597, 81.25734678563224, 34.49164985296057, 2.532682649987374, 40.49541366413363, 23.399665629119472, 53.24598556854263, 65.20680319516157, 58.1754226466209, 41.66325505532118, 69.62387586106354, 61.51951842237558, 48.692056775455505, 8.305016271555878, 32.148556715653335, 37.09483142484261, 96.06085217314684, 29.461110137478073, 87.26193948085115, 98.9860965638571, 34.96247345663143, 26.823864028428915, 17.636044169935037, 98.9164144265346, 21.0086484975992, 34.22510587475028, 83.28261773568778, 60.90117842079464, 96.17531353837559, 15.817844648855132, 96.77678132759841, 74.5861237729827, 92.67883920289155, 52.64189430101854, 40.34990898841356], [40.50431878081955, 28.090514187887287, 51.33980600206584, 6.148357642316786, 65.27718069577067, 23.40755521277102, 58.17761300916797, 26.454913295735164, 79.58356151484202, 14.984857918948684, 74.09305064887903, 80.18988040780278, 70.61563692043246, 22.34430632763706, 34.46883382911875, 66.69171820124863, 55.67416363692533, 43.35743509800165, 42.842407615330515, 87.45943108157384, 54.81618783409382, 0.0, 77.35157012605868, 29.912354264623442, 32.63531856747461, 42.23510999961339, 70.84077367935745, 44.696464238585165, 31.133767203713134, 51.261672640859345, 4.254215959723692, 57.993492712502835, 62.05873564118243, 24.938181783637802, 38.279112319676024, 57.83542828042107, 92.35146360276174, 61.74983173369784, 76.70434689218808, 79.80319770685, 54.82909068179889, 20.927440408381706, 71.55986490118514, 35.343883894744735, 77.68682583500579, 72.83342698768925, 61.56027952692379, 75.56095803473694, 6.754157573359616, 58.19769128954748, 49.22514705585656, 73.39781334009085, 50.421736655775604, 61.5640752156565, 26.96457435925847, 35.38701047665243, 94.45085668293419, 28.11620090006781, 69.75481598657484, 37.18025066765938, 49.6011857739741, 42.25803055523044, 83.6738436785366, 37.457970339871515, 39.32472886486112, 77.33260186271643, 40.40864849237184, 52.22866635162996, 51.44124441937868, 86.507395430088, 64.62481063710679, 14.755709217416117], [55.14550124200534, 66.95722740531296, 77.02673273824914, 83.47882117496022, 36.91419697181381, 56.62535711120451, 53.18355304364509, 51.57846117636985, 12.792888638292112, 79.03981600254644, 67.67846302522788, 55.038178987648145, 71.24890856343144, 56.35539632078074, 94.72152280120608, 26.562122100441666, 75.00099637914177, 36.98074855145806, 65.38342506919089, 10.151856493956634, 76.39969326575661, 77.35157012605868, 0.0, 47.466339160964274, 103.5592648764059, 75.8051992201064, 52.10957205175251, 45.390842598077825, 102.46977573397297, 79.8279520686115, 77.10832348223026, 65.53905792411648, 75.67249778139093, 92.14940268633781, 52.60127801146942, 74.18621900567244, 75.74258076355889, 56.03702048081467, 8.145360184173548, 63.30404184744525, 78.76959744701871, 60.14075430432403, 66.8656038553539, 42.00879021874236, 16.738495727289, 21.717193855863513, 35.60358124715174, 8.215686748620728, 80.8684669433089, 27.78279774555055, 80.19208062170418, 56.97555603534986, 39.82699925371239, 52.9259406804993, 78.5400969795945, 80.31076058139203, 22.637984429065526, 87.45528351992621, 59.57147361664726, 72.35716377478258, 79.87782401837659, 87.0609448016103, 71.5338303569357, 66.8754059414255, 39.355167114328744, 31.634656690806217, 67.17414290260179, 69.41257704695482, 34.58269655677681, 17.261679737250166, 24.139369668317613, 75.65148201504157], [26.627204086403463, 29.099121492594673, 50.88059071077167, 36.0536159003209, 40.75747701114315, 11.796993486570175, 42.79848278115065, 7.039095746586232, 50.56297420752748, 34.123992398386946, 61.957126980580114, 61.666715763263085, 61.00973710014058, 11.359536583680812, 53.325173104626934, 39.23378213482152, 50.559317266101296, 16.903099128841706, 35.893739958826224, 57.55795486376268, 52.7560480980987, 29.912354264623442, 47.466339160964274, 0.0, 58.52572014358928, 42.631653723069135, 52.94423114404205, 25.50066860124971, 57.24636557427735, 52.492422309441096, 29.99647733565803, 47.0121814844882, 57.18522956047407, 47.84471174364414, 22.446576074839914, 53.533404644469904, 78.59668657008405, 45.24235949151249, 46.91923089845629, 64.46394869802623, 54.11088980251193, 16.42343204050705, 59.71805897290368, 5.504799872543462, 49.25945707782909, 45.38443596153493, 38.110917752539976, 46.11883701687437, 33.556542296773976, 31.51135013990668, 51.46996203850718, 56.95898847722325, 28.302203960751402, 43.66342404207314, 38.285459726217, 42.11242280119207, 64.96800161243111, 45.58794975043512, 55.14976590153175, 39.02268408238161, 49.62204126181462, 51.88029778881221, 70.6251682052271, 33.271569202907635, 10.736230603043781, 50.75687672127071, 37.39003347731613, 45.01846714450737, 25.126042255503243, 57.07790836466721, 37.50637482125209, 30.92867387587426], [73.13943552588252, 38.58890844905415, 48.62525662495616, 28.072875144400104, 97.18287607482219, 55.22099020950227, 68.3396838559176, 52.754063612873374, 102.77325488830834, 24.640902884560088, 77.6128511394701, 89.62175918450824, 72.12503394564578, 47.84070081597655, 15.762289512314611, 97.45083598239346, 86.64973316594136, 66.7578280337859, 74.89281324223282, 113.64607514598048, 52.54642138298036, 32.63531856747461, 103.5592648764059, 58.52572014358928, 0.0, 72.57094657667875, 80.96215576516781, 62.0384765632105, 1.5521089914571813, 46.69463446833175, 30.176452512739516, 90.13509454916392, 60.57246694244326, 11.585981753084482, 70.83303397056825, 56.971616018602, 95.02159121096115, 94.36380909762329, 104.57071782367017, 85.82396727633979, 51.08621565313473, 43.55055193377604, 75.23558526533871, 63.27069377603937, 99.8020445676184, 93.70019980609577, 78.92113612098828, 99.95901180437343, 34.89061399832628, 79.50698507848388, 44.364689661876206, 81.5723277364532, 68.6224391249194, 94.19904187882186, 27.612590972504698, 64.22970349725409, 123.03625631759348, 18.833438206313556, 76.64991093039103, 39.45469887503657, 79.35061430148441, 31.925073986547723, 86.66379866908345, 69.36784517012273, 69.07170595211969, 108.62072230979041, 45.63052800714575, 83.88323004146243, 82.56301303227661, 115.25496582656886, 85.7531175542369, 28.001188532275734], [20.774632664415655, 64.06580020090901, 88.5842031124957, 44.990015131231246, 45.273823603984184, 32.01831803014973, 85.29477665060894, 46.85490664007713, 84.19180668118754, 56.73242077398376, 104.23650860604003, 104.12768293319995, 102.72050803939356, 47.41261813431588, 76.69536321158193, 52.923320385611476, 14.265157194676064, 58.61328415960738, 10.612029657996676, 84.07007950377962, 91.34867271126835, 42.23510999961339, 75.8051992201064, 42.631653723069135, 72.57094657667875, 0.0, 95.53686549700183, 68.09180094199492, 71.01973040879405, 89.35288025536612, 46.18459125992248, 21.07173614712243, 97.19600874239521, 66.87097844277974, 23.990519044357335, 93.18246085515347, 121.18247038785972, 30.246988937173164, 70.89536976339573, 107.08837308330942, 92.0871171018472, 50.87542381790493, 101.91595555344176, 45.751404669936406, 84.71305365166464, 83.07348073306667, 79.76254847232678, 78.52371790966507, 37.97866596583214, 71.45119640952284, 87.70500537665924, 99.59056942335968, 70.73998569236043, 32.056326683985695, 67.58036186724803, 9.496587342635067, 83.44278926085003, 70.24557463229836, 97.69045618694209, 74.70486742635119, 7.615082681520764, 83.25084100797116, 113.1113652042533, 9.695026384151033, 41.73834177355614, 58.53030114067617, 75.5660624138458, 13.336486670786053, 41.22257687295154, 76.19409792638793, 76.3752331196847, 55.49688029105925], [77.76239227886721, 44.81477987451217, 36.25323778584847, 75.25547715511448, 77.52331774054632, 64.22002263564322, 12.974267986643653, 49.8131622827211, 41.898973869032346, 62.29791325739525, 15.683217182627416, 9.349205994513591, 20.26691702337416, 51.225421955776, 66.67182121104995, 69.25461095706727, 102.23419013395582, 37.385725948483696, 88.07413827160218, 58.242541037902896, 33.500797677696845, 70.84077367935745, 52.10957205175251, 52.94423114404205, 80.96215576516781, 95.53686549700183, 0.0, 27.847829078389772, 80.56974984233528, 39.19380514006641, 67.85945701189992, 96.58256890062071, 28.70531896385352, 70.2095796618841, 73.58976109908282, 29.44205540347548, 26.70425419641263, 91.26571973687307, 58.98624384859869, 12.458260274832561, 35.97296071792719, 50.446075662985756, 15.286117098623528, 50.005512505412156, 37.13978459983789, 30.679996206217236, 18.720429649770743, 44.09216496862973, 77.22753703751924, 29.173463949122002, 40.809062196742225, 5.025216896897122, 24.90641220313239, 88.71007088155227, 53.770018756680535, 94.73065234236654, 74.08173876709296, 62.13501109948073, 8.106006048326323, 41.513595343707834, 102.37202955845237, 52.500225853128065, 20.2648744634805, 86.05731087856024, 55.59524773878908, 79.2366946423172, 35.349833443740245, 96.40669488583602, 64.96492270540793, 69.37092826727225, 29.036446943932525, 59.727267474435926], [51.4438274820283, 23.488150294631655, 32.7658354498149, 49.