instance_id,num_cities,city_coordinates,distance_matrix,best_route,total_distance
1235,29,"[[28.292575998137405, 4.570428440256791], [19.26531821367574, 87.78271123831904], [82.3316582253711, 0.8976938579070781], [12.231000964112193, 50.718005285984226], [53.7345687367203, 11.943339146276177], [90.60681182059061, 46.11756197864471], [29.766631215459217, 45.58098992182031], [80.57821067781437, 63.15032057533541], [56.70564836231262, 54.13790170167642], [0.8038820807095504, 42.20784350742078], [9.627107855438165, 44.407053844442146], [96.39141760289307, 49.84006603298852], [67.25305290198706, 35.423663651512335], [66.51887677209969, 57.17119117442407], [69.874448313259, 38.06316405758323], [66.25865317413728, 74.51651363829191], [22.639772236302836, 80.32572194374563], [77.9891401403093, 86.86984483408607], [39.66439502363692, 25.36966121937988], [70.50231988059087, 10.198001739316787], [62.25324358884022, 17.66518137787442], [52.736395463213285, 94.97430685629418], [75.55357263201483, 94.26551824848202], [5.05391646366612, 96.16544511136915], [3.0674311347102745, 93.34622078190081], [87.37030389338149, 67.35468956819874], [41.85882509720694, 71.76706746316798], [79.01082159690218, 88.22653468152238], [34.039816745900765, 3.213076855786956]]","[[0.0, 83.7005101034146, 54.16374606020259, 48.86279813217762, 26.48876755889258, 74.89478146969218, 41.037044140834695, 78.52000609025755, 57.13350231425873, 46.60690191617566, 43.992686035061624, 81.77280914635911, 49.69749373536317, 65.0237672784159, 53.393028050141545, 79.58566360007791, 75.96590474791668, 96.14022272858485, 23.704985807818176, 42.58323684102244, 36.397795231352376, 93.65020844986354, 101.38447089437793, 94.49699665037204, 92.29002784303181, 86.2092882388325, 68.55239901413688, 97.82987553946154, 5.9053517707765995], [83.7005101034146, 0.0, 107.36093091839906, 37.726304437362415, 83.30509942936109, 82.6171493873785, 43.488652046675924, 66.07590674438657, 50.33638376359475, 49.172077368974975, 44.43357686773174, 85.95393843316909, 71.02318314968181, 56.302432958591105, 70.94587670396326, 48.829965487076706, 8.184963609583523, 58.73091678786349, 65.66209825588349, 92.97643512127165, 82.2461532340027, 34.234953772087806, 56.66034214681984, 16.499520201707632, 17.126709674203095, 71.10269434970682, 27.69417626196357, 59.747151846459246, 85.850503006528], [54.16374606020259, 107.36093091839906, 0.0, 86.00096266467652, 30.656154472770595, 45.97080203652507, 68.99042695684734, 62.277316187529344, 59.086479948879415, 91.39642633691572, 84.72907441328516, 50.9218285991185, 37.675017301752206, 58.45297731955977, 39.197630718672784, 75.35298346604313, 99.35760111102061, 86.0817530420356, 49.18711757835632, 15.047557023128348, 26.158963512507867, 98.62194832393781, 93.61353040955194, 122.66944933715277, 121.77663087266065, 66.64773236206528, 81.61199872948998, 87.3919584144292, 48.347315870740566], [48.86279813217762, 37.726304437362415, 86.00096266467652, 0.0, 56.79807102447491, 78.5107114095556, 18.272582060661623, 69.46872345957294, 44.60594077797621, 14.247873507044458, 6.827032109116095, 84.16499572949039, 57.10817004147603, 54.67007470137784, 59.01620140952734, 59.036905433146536, 31.384062915484087, 75.04057816027145, 37.351434464343164, 70.97476520347149, 59.95593319687113, 59.99422649063848, 76.85137583580128, 46.01065451184679, 43.6020156458922, 76.95904175990356, 36.343788759574025, 76.59265122166454, 52.271815263697846], [26.48876755889258, 83.30509942936109, 30.656154472770595, 56.79807102447491, 0.0, 50.27364932280529, 41.30319090240534, 57.81639957432217, 42.299035726399175, 60.972106853072866, 54.766421075306276, 57.05934335336827, 27.093819461230673, 46.99996947896357, 30.704087124396118, 63.81422143224658, 75.12014807268434, 78.75446329292839, 19.44828816958074, 16.858341587680112, 10.2619345037591, 83.03696736241031, 85.16460592945015, 97.27882112220196, 95.88319963040728, 64.82114188372611, 60.991079320870554, 80.3617749911017, 21.54299736899738], [74.89478146969218, 82.6171493873785, 45.97080203652507, 78.5107114095556, 50.27364932280529, 0.0, 60.84254667284375, 19.765821670095928, 34.836973650099445, 89.88799746568083, 80.99776720602179, 6.878858952708159, 25.685745405950346, 26.503043849680797, 22.24194736238118, 37.40766345068666, 76.0901877908714, 42.66092118744358, 55.005501679657925, 41.1631559036989, 40.16793240040635, 61.81545077988868, 50.44626550132963, 99.11654004261709, 99.4670266129528, 21.482331619679563, 55.08414782116339, 43.676453282742344, 70.9973223117429], [41.037044140834695, 43.488652046675924, 68.99042695684734, 18.272582060661623, 41.30319090240534, 60.84254667284375, 0.0, 53.76335170980114, 28.265374295181413, 29.158514265569483, 20.173708808312952, 66.76078108060086, 38.83816535087199, 38.53648035993242, 40.806307086963315, 46.57179617943818, 35.46813389768603, 63.48369796233816, 22.50474475128667, 53.95694750211246, 42.833075422628184, 54.473019260793535, 66.83283102392583, 56.29836034226012, 54.720787312214824, 61.58146719814257, 28.8432281458794, 65.14317135491295, 42.58286242314547], [78.52000609025755, 66.07590674438657, 62.277316187529344, 69.46872345957294, 57.81639957432217, 19.765821670095928, 53.76335170980114, 0.0, 25.51711044498963, 82.4774566100276, 73.38507368298276, 20.66931032321647, 30.76243381012102, 15.277920613264778, 27.27518929179168, 18.28223377614222, 60.4305970614788, 23.860408992924615, 55.689483143182116, 53.90242708328582, 49.03776408671574, 42.28395413457266, 31.518288559664608, 82.42522347361302, 83.18481432728296, 7.988069158257427, 39.66659988792489, 25.125151192187747, 75.88343227911164], [57.13350231425873, 50.33638376359475, 59.086479948879415, 44.60594077797621, 42.299035726399175, 34.836973650099445, 28.265374295181413, 25.51711044498963, 0.0, 57.160596234830344, 48.07367654213749, 39.91781145869156, 21.481863241389334, 10.271333742417957, 20.78014635353832, 22.506615147505244, 42.96842847095497, 39.04314438524837, 33.43674589131202, 46.05499922576747, 36.89220975511865, 41.028855145240165, 44.33361996277652, 66.58990774271477, 66.44057971189102, 33.391684299354594, 23.048115899383827, 40.7376441569673, 55.74116708903803], [46.60690191617566, 49.172077368974975, 91.39642633691572, 14.247873507044458, 60.972106853072866, 89.88799746568083, 29.158514265569483, 82.4774566100276, 57.160596234830344, 0.0, 9.09317541776782, 95.8917502597824, 66.79459109203852, 67.39704964383118, 69.19480824040849, 72.99436433395708, 43.92924715236507, 89.17543621553, 42.35166878592531, 76.69747193853901, 66.16922467553931, 74.03570490359317, 91.09071158445313, 54.124722291266536, 51.18844874175152, 90.14493470103524, 50.58909039460847, 90.74164052884842, 51.23689275594523], [43.992686035061624, 44.43357686773174, 84.72907441328516, 6.827032109116095, 54.766421075306276, 80.99776720602179, 20.173708808312952, 73.38507368298276, 48.07367654213749, 9.09317541776782, 0.0, 86.9342456537882, 58.32195848791689, 58.30605948137339, 60.58041737945016, 64.13822178904968, 38.203143225616216, 80.4764318092443, 35.56207162674318, 69.82872392531944, 59.03082165486628, 66.44891086552533, 82.6569127820905, 51.960034122834095, 49.37683079353015, 81.05922844133366, 42.278291611300915, 82.06245568704767, 47.88448700270605], [81.77280914635911, 85.95393843316909, 50.9218285991185, 84.16499572949039, 57.05934335336827, 6.878858952708159, 66.76078108060086, 20.66931032321647, 39.91781145869156, 95.8917502597824, 86.9342456537882, 0.0, 32.50964403169677, 30.75896766029065, 29.014566694088362, 38.94753597515732, 79.80401249679349, 41.35031237932952, 61.77989804498967, 47.34700246413194, 46.91095956792666, 62.7922021648555, 49.0697115090506, 102.41376792752989, 102.9667516791215, 19.70133320717351, 58.77582017386323, 42.13794125047331, 77.85755100926663], [49.69749373536317, 71.02318314968181, 37.675017301752206, 57.10817004147603, 27.093819461230673, 25.685745405950346, 38.83816535087199, 30.76243381012102, 21.481863241389334, 66.79459109203852, 58.32195848791689, 32.50964403169677, 0.0, 21.75991654279721, 3.720037136358448, 39.10549514975612, 63.297232566947436, 52.55447771083897, 29.36353194753616, 25.43406681611571, 18.448896601990647, 61.29447323615675, 59.42442662911863, 86.93846437906451, 86.45702207556673, 37.73982251604873, 44.33632603653728, 54.09610257398402, 46.26706126052222], [65.0237672784159, 56.302432958591105, 58.45297731955977, 54.67007470137784, 46.99996947896357, 26.503043849680797, 38.53648035993242, 15.277920613264778, 10.271333742417957, 67.39704964383118, 58.30605948137339, 30.75896766029065, 21.75991654279721, 0.0, 19.400426816587387, 17.347274359290424, 49.613587957442135, 31.836723621199567, 41.62331675227351, 47.14178979106605, 39.73563182458788, 40.23720102450787, 38.17872222008428, 72.79074931484269, 73.03915881618848, 23.205293631629345, 28.655850244665526, 33.4736171611283, 62.979103208989436], [53.393028050141545, 70.94587670396326, 39.197630718672784, 59.01620140952734, 30.704087124396118, 22.24194736238118, 40.806307086963315, 27.27518929179168, 20.78014635353832, 69.19480824040849, 60.58041737945016, 29.014566694088362, 3.720037136358448, 19.400426816587387, 0.0, 36.632235396457176, 63.381688390072114, 49.47666431629611, 32.768465543343375, 27.872235176397314, 21.775225804872925, 59.435604061422886, 56.48855697950801, 87.0492757748002, 86.71443885004976, 34.118886693729365, 43.82725463631942, 50.988597442298314, 49.98649215079121], [79.58566360007791, 48.829965487076706, 75.35298346604313, 59.036905433146536, 63.81422143224658, 37.40766345068666, 46.57179617943818, 18.28223377614222, 22.506615147505244, 72.99436433395708, 64.13822178904968, 38.94753597515732, 39.10549514975612, 17.347274359290424, 36.632235396457176, 0.0, 44.00401885515833, 17.03552511948231, 55.88083454335462, 64.45835616903419, 56.992256366372935, 24.52290270239604, 21.82701790950246, 64.92069030535713, 65.93700337405576, 22.293351477566816, 24.554247381128622, 18.72384780135708, 78.24470280975028], [75.96590474791668, 8.184963609583523, 99.35760111102061, 31.384062915484087, 75.12014807268434, 76.0901877908714, 35.46813389768603, 60.4305970614788, 42.96842847095497, 43.92924715236507, 38.203143225616216, 79.80401249679349, 63.297232566947436, 49.613587957442135, 63.381688390072114, 44.00401885515833, 0.0, 55.734890973042546, 57.532655000366454, 84.90418486784029, 74.13211488016171, 33.47219397653447, 54.71917573698268, 23.667681620364284, 23.50765675671418, 66.01734173302911, 21.038596896849803, 56.922034818974474, 77.95076040220705], [96.14022272858485, 58.73091678786349, 86.0817530420356, 75.04057816027145, 78.75446329292839, 42.66092118744358, 63.48369796233816, 23.860408992924615, 39.04314438524837, 89.17543621553, 80.4764318092443, 41.35031237932952, 52.55447771083897, 31.836723621199567, 49.47666431629611, 17.03552511948231, 55.734890973042546, 0.0, 72.46418889976262, 77.03651083187926, 70.97114825311799, 26.52137663086166, 7.786396749451115, 73.52520001521245, 75.20110322154251, 21.65288706878705, 39.15984613643604, 1.6983640189554488, 94.4986658921769], [23.704985807818176, 65.66209825588349, 49.18711757835632, 37.351434464343164, 19.44828816958074, 55.005501679657925, 22.50474475128667, 55.689483143182116, 33.43674589131202, 42.35166878592531, 35.56207162674318, 61.77989804498967, 29.36353194753616, 41.62331675227351, 32.768465543343375, 55.88083454335462, 57.532655000366454, 72.46418889976262, 0.0, 34.36796271038082, 23.866610340177157, 70.82149313402464, 77.68315251829175, 78.80309792788255, 77.20201043913531, 63.54995158565817, 46.44927157124098, 74.15610443868493, 22.859355009785205], [42.58323684102244, 92.97643512127165, 15.047557023128348, 70.97476520347149, 16.858341587680112, 41.1631559036989, 53.95694750211246, 53.90242708328582, 46.05499922576747, 76.69747193853901, 69.82872392531944, 47.34700246413194, 25.43406681611571, 47.14178979106605, 27.872235176397314, 64.45835616903419, 84.90418486784029, 77.03651083187926, 34.36796271038082, 0.0, 11.126815870751722, 86.61783869210096, 84.21913373086629, 108.0457996858349, 107.05648298969487, 59.59375678897934, 67.90581453390902, 78.49106034810167, 37.12550754502678], [36.397795231352376, 82.2461532340027, 26.158963512507867, 59.95593319687113, 10.2619345037591, 40.16793240040635, 42.833075422628184, 49.03776408671574, 36.89220975511865, 66.16922467553931, 59.03082165486628, 46.91095956792666, 18.448896601990647, 39.73563182458788, 21.775225804872925, 56.992256366372935, 74.13211488016171, 70.97114825311799, 23.866610340177157, 11.126815870751722, 0.0, 77.89269080269534, 77.74644918803226, 97.12906068628949, 96.07590812024229, 55.676870804116405, 57.8182184401937, 72.52393398553689, 31.699539102946552], [93.65020844986354, 34.234953772087806, 98.62194832393781, 59.99422649063848, 83.03696736241031, 61.81545077988868, 54.473019260793535, 42.28395413457266, 41.028855145240165, 74.03570490359317, 66.44891086552533, 62.7922021648555, 61.29447323615675, 40.23720102450787, 59.435604061422886, 24.52290270239604, 33.47219397653447, 26.52137663086166, 70.82149313402464, 86.61783869210096, 77.89269080269534, 0.0, 22.828183353982485, 47.69735436987003, 49.695640470082864, 44.29842968198915, 25.630011652695128, 27.127069469024814, 93.64659837355893], [101.38447089437793, 56.66034214681984, 93.61353040955194, 76.85137583580128, 85.16460592945015, 50.44626550132963, 66.83283102392583, 31.518288559664608, 44.33361996277652, 91.09071158445313, 82.6569127820905, 49.0697115090506, 59.42442662911863, 38.17872222008428, 56.48855697950801, 21.82701790950246, 54.71917573698268, 7.786396749451115, 77.68315251829175, 84.21913373086629, 77.74644918803226, 22.828183353982485, 0.0, 70.52525251241366, 72.4919707071019, 29.390948231775674, 40.51563030700178, 6.9585841179957875, 100.06967078661766], [94.49699665037204, 16.499520201707632, 122.66944933715277, 46.01065451184679, 97.27882112220196, 99.11654004261709, 56.29836034226012, 82.42522347361302, 66.58990774271477, 54.124722291266536, 51.960034122834095, 102.41376792752989, 86.93846437906451, 72.79074931484269, 87.0492757748002, 64.92069030535713, 23.667681620364284, 73.52520001521245, 78.80309792788255, 108.0457996858349, 97.12906068628949, 47.69735436987003, 70.52525251241366, 0.0, 3.4487896111567937, 87.21265547182547, 44.15746971224155, 74.38178618250309, 97.36696143709639], [92.29002784303181, 17.126709674203095, 121.77663087266065, 43.6020156458922, 95.88319963040728, 99.4670266129528, 54.720787312214824, 83.18481432728296, 66.44057971189102, 51.18844874175152, 49.37683079353015, 102.9667516791215, 86.45702207556673, 73.03915881618848, 86.71443885004976, 65.93700337405576, 23.50765675671418, 75.20110322154251, 77.20201043913531, 107.05648298969487, 96.07590812024229, 49.695640470082864, 72.4919707071019, 3.4487896111567937, 0.0, 88.21867177756396, 44.3895494852899, 76.1157653883829, 95.30620286452417], [86.2092882388325, 71.10269434970682, 66.64773236206528, 76.95904175990356, 64.82114188372611, 21.482331619679563, 61.58146719814257, 7.988069158257427, 33.391684299354594, 90.14493470103524, 81.05922844133366, 19.70133320717351, 37.73982251604873, 23.205293631629345, 34.118886693729365, 22.293351477566816, 66.01734173302911, 21.65288706878705, 63.54995158565817, 59.59375678897934, 55.676870804116405, 44.29842968198915, 29.390948231775674, 87.21265547182547, 88.21867177756396, 0.0, 45.72487048535686, 22.48365768062935, 83.41634936112123], [68.55239901413688, 27.69417626196357, 81.61199872948998, 36.343788759574025, 60.991079320870554, 55.08414782116339, 28.8432281458794, 39.66659988792489, 23.048115899383827, 50.58909039460847, 42.278291611300915, 58.77582017386323, 44.33632603653728, 28.655850244665526, 43.82725463631942, 24.554247381128622, 21.038596896849803, 39.15984613643604, 46.44927157124098, 67.90581453390902, 57.8182184401937, 25.630011652695128, 40.51563030700178, 44.15746971224155, 44.3895494852899, 45.72487048535686, 0.0, 40.63477457825317, 68.9984530246489], [97.82987553946154, 59.747151846459246, 87.3919584144292, 76.59265122166454, 80.3617749911017, 43.676453282742344, 65.14317135491295, 25.125151192187747, 40.7376441569673, 90.74164052884842, 82.06245568704767, 42.13794125047331, 54.09610257398402, 33.4736171611283, 50.988597442298314, 18.72384780135708, 56.922034818974474, 1.6983640189554488, 74.15610443868493, 78.49106034810167, 72.52393398553689, 27.127069469024814, 6.9585841179957875, 74.38178618250309, 76.1157653883829, 22.48365768062935, 40.63477457825317, 0.0, 96.17525299575192], [5.9053517707765995, 85.850503006528, 48.347315870740566, 52.271815263697846, 21.54299736899738, 70.9973223117429, 42.58286242314547, 75.88343227911164, 55.74116708903803, 51.23689275594523, 47.88448700270605, 77.85755100926663, 46.26706126052222, 62.979103208989436, 49.98649215079121, 78.24470280975028, 77.95076040220705, 94.4986658921769, 22.859355009785205, 37.12550754502678, 31.699539102946552, 93.64659837355893, 100.06967078661766, 97.36696143709639, 95.30620286452417, 83.41634936112123, 68.9984530246489, 96.17525299575192, 0.0]]",Route_0,1627.8681730888432
