instance_id,num_cities,city_coordinates,distance_matrix,best_route,total_distance
839,61,"[[16.2189316165418, 30.449606363864746], [70.26326072545133, 4.184956494938142], [2.158965367192056, 60.6041437050217], [10.072882132758188, 59.814924848822834], [54.05705183341454, 44.48682355279695], [66.37381085198004, 69.13036410846854], [46.04132341650181, 24.931966635911895], [39.17076994871964, 37.439823708205324], [57.09127202827755, 43.336107712394025], [86.2497354738592, 95.54982517346369], [89.21933441147684, 66.93262856477476], [6.427085678311584, 84.21089203374797], [29.643681564803437, 32.76355578649734], [64.97528478750043, 63.17982014925203], [62.11390349673893, 12.117891920366707], [75.78867121051582, 55.82102272344692], [72.88369580616467, 52.99801714495923], [63.43309102869821, 43.37149779056569], [21.526094128903605, 0.6725937489685974], [96.17896857724286, 72.0030005394321], [53.27312379183271, 85.79948868213798], [50.26782080258291, 34.08755877465133], [65.48637383841181, 27.202731170995452], [41.718032345971224, 41.01162244760553], [20.658484969459966, 88.38363703023948], [26.74410152031974, 88.33241066715438], [79.58080680997645, 93.9764700196018], [61.48021754442875, 72.14630999174786], [41.10682931572705, 73.1101382651972], [9.297582756972734, 3.3759199938409368], [84.21366744373054, 7.384430865005321], [58.34507200758105, 1.8959428491041708], [94.58586498235364, 87.00176695816064], [79.3990349882317, 41.955159330498205], [87.82909491867824, 30.037550512763623], [46.767923650201936, 85.58263036108141], [10.262087254682639, 23.793712744301864], [8.963527824535989, 25.890679208080325], [93.86418876052072, 22.560134711080813], [82.117693138675, 45.774542760768], [26.245613598383642, 68.0536774926754], [15.271829188448837, 65.86323156993575], [20.10683990344624, 26.999548191205168], [32.105103577446584, 14.076706087336222], [46.4365332339835, 56.713732049054286], [97.67567345342081, 45.14907442128442], [40.95059739060937, 67.9417823552202], [94.90337871055088, 55.049907238994834], [76.8422144801314, 10.244542071381602], [96.20912495243772, 79.38686649844216], [55.051573145758184, 48.11654568167489], [53.99220309491446, 81.93374114815185], [44.59599312210998, 44.653239318605934], [83.79712038196233, 11.37959714229263], [92.11836798233206, 10.932266152849458], [94.32649051778931, 84.75952425808488], [89.18073162197892, 9.635719428236955], [73.73609228173292, 76.06108075852333], [81.33526547430873, 48.79483706502135], [90.6904211392767, 3.0909139993514745], [75.00685516506393, 70.16087907480201]]","[[0.0, 60.08844599063478, 33.27129052489673, 30.00159752380093, 40.357983199805304, 63.33808436334431, 30.328524541062098, 23.992707670197372, 42.85568956087924, 95.6156471397842, 81.60925019343611, 54.645732530151214, 13.622711664857794, 58.72349503366096, 49.420645466465125, 64.74768446350147, 60.98627984570418, 48.9505069130031, 30.246263475019568, 90.11266325143627, 66.60797722803242, 34.2426861175705, 49.37431580896459, 27.60000582903539, 58.10388578422148, 58.831949105195534, 89.7239635435428, 61.540223409388574, 49.389557944870425, 27.944401294324965, 71.80032326530551, 50.891290063818566, 96.64120815182635, 64.21918102191455, 71.61134880857276, 63.03087536557222, 8.932240179616262, 8.568821447363746, 78.04504929791953, 67.65722759410197, 38.91786886541506, 35.426287601798855, 5.197954621013478, 22.813205014565256, 40.03633032032092, 82.77242990181608, 44.91456949061134, 82.44038462814714, 63.90169832032772, 93.77252507740904, 42.66256899198415, 63.854805399949996, 31.733276049027925, 70.21735432587627, 78.36868640954218, 95.1333692202099, 75.87253883588252, 73.40729096922189, 67.65119677104629, 79.33789006288792, 70.94367579615052], [60.08844599063478, 0.0, 88.43822551188752, 81.96081413813522, 43.43825151869787, 65.0617690383981, 31.892642988444035, 45.52613728478596, 41.30755291578734, 92.75293312626668, 65.54847885171542, 102.36800087679163, 49.66574824419389, 59.231382113803775, 11.372927842257093, 51.93085303153998, 48.88334655109929, 39.77733320372757, 48.86356618093814, 72.60104001651995, 83.3642406380493, 35.97197855008463, 23.50822407944325, 46.594349318624765, 97.72436534297843, 94.73495269216542, 90.27365377609962, 68.5265453429402, 74.83834695270339, 60.971045835021926, 14.31259878044957, 12.136012763077687, 86.31461737816605, 38.85936944444454, 31.255641864380987, 84.72078950941506, 63.12403773140814, 65.02919077017167, 29.910716784984082, 43.246054775003365, 77.56782052172058, 82.63332958749697, 55.10147134098546, 39.41943260538555, 57.68002430796452, 49.289951603264406, 70.17239539562632, 56.518834281281315, 8.944339543222888, 79.55196502073554, 46.490643870507924, 79.43312175325889, 47.92171262505026, 15.327368046951225, 22.872951292509324, 84.09102210258114, 19.68709022877664, 71.95997358374059, 45.96336294959071, 20.456436922257588, 66.14623230745431], [33.27129052489673, 88.43822551188752, 0.0, 7.953172007148377, 54.34316321070035, 64.77841318682752, 56.55232590104269, 43.66302095934377, 57.5824919758621, 91.06293576656836, 87.29007720667444, 23.989485564430336, 39.12170701940708, 62.86910286189532, 77.107141162429, 73.78490244554618, 71.13255694063744, 63.65125733868157, 62.9831434322518, 94.70847343690716, 56.98651243913038, 54.93260641616126, 71.59619419318965, 44.14506393079345, 33.375626959212525, 37.05786972278796, 84.30808796336484, 60.43370386188279, 40.90642988691058, 57.671738723352455, 97.80241289274664, 81.26211557142676, 96.12266270701109, 79.45950524175365, 90.95981374623314, 51.126157245800016, 37.69175522362218, 35.37409627985291, 99.28340555174046, 81.32229221437335, 25.212341752930424, 14.128170538527316, 38.09717889839535, 55.33148872907072, 44.448153156809674, 96.7589824780881, 39.479509318139996, 92.91057931755856, 90.0759522556619, 95.90736777508104, 54.3467392031015, 56.050301162657185, 45.33577699142535, 95.33018587269167, 102.76180972730508, 95.28029755436998, 100.8492343816308, 73.2270578435062, 80.05214689169654, 105.57267758422047, 73.47207795435553], [30.00159752380093, 81.96081413813522, 7.953172007148377, 0.0, 46.5785130032869, 57.0663822512611, 50.105384362020445, 36.70602438841805, 49.822488924008375, 84.1421183840984, 79.46585816874794, 24.666881575813335, 33.38851237410082, 55.005420984174805, 70.59231441725457, 65.83704267583266, 63.17965293477308, 55.836351840343035, 60.241110489045894, 86.9644025554427, 50.412879673849886, 47.72347912490666, 64.29782453157078, 36.81004907913655, 30.466806578980556, 33.03296161816178, 77.44909787330656, 52.86565230535938, 33.76193977754006, 56.44432972533878, 90.80645762232342, 75.39769751918612, 88.77819920461374, 71.58971081175015, 83.26296084790087, 44.838607464253414, 36.02170901077641, 33.942379251823354, 91.70006790943462, 73.40018475492309, 18.150324740505866, 7.975654498568385, 34.3151461271152, 50.76813407307179, 36.495650675018545, 88.82193544352933, 31.92928299342506, 84.96421918935565, 83.15868319553901, 88.33183586355995, 46.47509785230459, 49.17467629034646, 37.70572768824773, 88.21136137405651, 95.50380133523298, 87.86867226484502, 93.68033148666031, 65.70343909046782, 72.10942805404012, 98.57383528258642, 65.753019874423], [40.357983199805304, 43.43825151869787, 54.34316321070035, 46.5785130032869, 0.0, 27.550075205713053, 21.13396155701882, 16.470021103819814, 3.245094626704857, 60.363888331401974, 41.71570781774213, 62.02108748333537, 27.082238736719383, 21.64800066044826, 33.35656747553255, 24.509739933160574, 20.661145651680425, 9.442142900178558, 54.570595951257125, 50.312979102154486, 41.32010216908289, 11.068106420295996, 20.72122706203866, 12.819064889180863, 55.157905163624775, 51.65687528498304, 55.68381430463344, 28.638271233433173, 31.416594474620073, 60.77430759324809, 47.81222655584499, 42.8061938991339, 58.73759535444822, 25.468125842972906, 36.733259936171486, 41.73723429858696, 48.4376274954197, 48.777479352964136, 45.44653819483745, 28.09017285851169, 36.4537062769275, 44.28593812187743, 38.189287629673025, 37.505509948483756, 14.407275769559082, 43.623648726832684, 26.86846181836056, 42.19005992310856, 41.13025015593538, 54.72485966943503, 3.763503072082173, 37.446973746247984, 9.462522187337882, 44.50348433402396, 50.74024151789406, 56.95189298041215, 49.48001960984382, 37.20481623472847, 27.616298083917286, 55.27770865780095, 33.136858429576364], [63.33808436334431, 65.0617690383981, 64.77841318682752, 57.0663822512611, 27.550075205713053, 0.0, 48.65088266882711, 41.76476727153132, 27.413667942104627, 33.06116003015346, 22.950991007525978, 61.81449815013035, 51.68797872793733, 6.11267932772503, 57.1713984057966, 16.302704182858054, 17.396299050883425, 25.926184197884435, 81.83999033398855, 29.94327081486411, 21.201125335708525, 38.56683965708219, 41.937023597205005, 37.39747379606969, 49.60422904093166, 44.03671710917858, 28.13811865036085, 5.748320192071789, 25.578486239258076, 87.07090636014412, 64.27146143756528, 67.71209677386477, 33.396212930078065, 30.135497648524318, 44.59346688934653, 25.594293852648303, 72.13832186830726, 71.87218479757027, 54.07871248171222, 28.16672185901319, 40.14263903746451, 51.20631489342129, 62.57506093170668, 64.8478955693664, 23.487609297583685, 39.432332639347116, 25.450982481754487, 31.8150201610797, 59.80909221435623, 31.54903815884889, 23.869931536358543, 17.81097061560982, 32.76282928951572, 60.32182689673056, 63.63804544052083, 32.02534851460172, 63.716311731267176, 10.111281873938184, 25.246361808204615, 70.3740471095618, 8.694332361228623], [30.328524541062098, 31.892642988444035, 56.55232590104269, 50.105384362020445, 21.13396155701882, 48.65088266882711, 0.0, 14.27063395559477, 21.466573389480246, 81.26252730874127, 60.23617049534951, 71.29711654688477, 18.17185865342722, 42.67778334890875, 20.55549418649937, 42.884012017964395, 38.83575860829464, 25.347384280830468, 34.48932646328821, 68.77111090429416, 61.29562934432156, 10.084054123491091, 19.577189723870365, 16.650710996923298, 68.34034652720905, 66.27215913390177, 76.7596273688293, 49.67447705226607, 48.43021219829056, 42.60006601508816, 42.012425068833515, 26.11590743778312, 78.79868417608601, 37.450313894809206, 42.09851343980778, 60.655015936056, 35.79733736250497, 37.090188133192775, 47.88164613285358, 41.66434245072585, 47.448414877817115, 51.20674002657694, 26.01677014113666, 17.665075855482193, 31.784222557360874, 55.451217758859435, 43.310042018907794, 57.39852605885922, 34.123530454106664, 74.04150477932801, 24.873867928265543, 57.55361661272769, 19.774164353647436, 40.11442288490088, 48.156885795667534, 76.88168841169974, 45.77099211244049, 58.14797101758237, 42.60397787878848, 49.704864024870886, 53.708998779364244], [23.992707670197372, 45.52613728478596, 43.66302095934377, 36.70602438841805, 16.470021103819814, 41.76476727153132, 14.27063395559477, 0.0, 18.865591955766746, 74.78770798205818, 58.09203338746586, 57.0936221649384, 10.612864587402692, 36.447502011111204, 34.169981072136984, 40.972419626580184, 37.12975562651925, 24.976888949733475, 40.78190510093656, 66.66744260533629, 50.373937510456486, 11.592334442982715, 28.23666183695551, 4.387059602425389, 54.20310702297045, 52.387760933290345, 69.49362168766336, 41.25835239288424, 35.72281716868538, 45.30735976918805, 54.149693015797766, 40.38590504087328, 74.3452686880509, 40.48087899084178, 49.21814947092232, 48.738553289774174, 31.967612978508114, 32.33976214250536, 56.68134795480983, 43.74820857096981, 33.2305237728439, 37.13555552213016, 21.735518895162144, 24.408172939339465, 20.59793336354246, 59.01064548580626, 30.55384209926976, 58.448598968330565, 46.46203908987847, 70.80203627280879, 19.136151710358007, 46.89758596836196, 9.025874542085258, 51.67829874964231, 59.21231920031086, 72.67260537247559, 57.21944146330177, 51.830136061290105, 43.66670369126679, 61.920287927170214, 48.527234291034716], [42.85568956087924, 41.30755291578734, 57.5824919758621, 49.822488924008375, 3.245094626704857, 27.413667942104627, 21.466573389480246, 18.865591955766746, 0.0, 59.80374805655355, 39.86236556999075, 65.09691061656675, 29.413416606650387, 21.35253100839107, 31.6196746363014, 22.48256744709505, 18.51359345625443, 6.341917745582124, 55.543292148751085, 48.473072585311535, 42.634692204085155, 11.493265161965736, 18.186906637168104, 15.5479815434627, 57.93641230275907, 54.27354822964535, 55.40961531451482, 29.142590792876128, 33.79342101933548, 62.29810058632637, 45.03495754645773, 41.459127804197045, 57.55462012870258, 22.350465469671168, 33.491273186211984, 43.48954124431727, 50.74325322294982, 51.19201830207421, 42.236103740139015, 25.144934262791093, 39.527368996895866, 47.50091692511552, 40.43181169061808, 38.47624198527886, 17.102172133019813, 40.62487522842028, 29.427208538828207, 39.58495308953912, 38.5376626731549, 53.19646253695872, 5.197399225525488, 38.72184829130535, 12.564506779456112, 41.64637924366307, 47.716940375411845, 55.698841408771635, 46.534391448892336, 36.71476408939227, 24.850934476522962, 52.42688659441331, 32.25734765563604], [95.6156471397842, 92.75293312626668, 91.06293576656836, 84.1421183840984, 60.363888331401974, 33.06116003015346, 81.26252730874127, 74.78770798205818, 59.80374805655355, 0.0, 28.77086129386218, 80.6239841804508, 84.5361518090789, 38.73524851183737, 86.85289788819377, 41.08298442949658, 44.60165224398173, 56.948899130832885, 114.85137696922769, 25.55469859668016, 34.38787547553998, 71.22014022935919, 71.43138277386628, 70.4094321809028, 65.98156102453883, 59.9417345792438, 6.852011089026399, 34.07717038307583, 50.41251357493447, 120.07357162933526, 88.18890137987464, 97.72266839168493, 11.939864087777615, 54.03073480865227, 65.53130936792688, 40.72049161425563, 104.51345536737286, 104.04592500161115, 73.38579435183088, 49.94649650499389, 66.00403608364147, 76.93605799910418, 95.2576669291397, 97.82387385919826, 55.61774178947796, 51.679664618649454, 53.049184153380736, 41.414114670805795, 85.82244913991794, 18.9850117702485, 56.77359717330489, 35.013513667768635, 65.76850844885273, 84.20595351641317, 84.82082375293604, 13.478299814296875, 85.96408729476684, 23.16036322708945, 47.012561389452785, 92.56549003101219, 27.76690370996818], [81.60925019343611, 65.54847885171542, 87.29007720667444, 79.46585816874794, 41.71570781774213, 22.950991007525978, 60.23617049534951, 58.09203338746586, 39.86236556999075, 28.77086129386218, 0.0, 84.57597081203123, 68.67884642766332, 24.53278445618126, 61.150304483865334, 17.431307994257903, 21.471527287657455, 34.92931764514269, 94.72469051808004, 8.610759529953684, 40.59665587951755, 50.95114348021963, 46.278700980936044, 54.113512693639954, 71.83826167437758, 66.03866593771897, 28.710112764646304, 28.224830886751406, 48.5074713079064, 102.11239685706552, 59.75821743561979, 71.9929897133292, 20.77426211014559, 26.838633536590876, 36.92126149404068, 46.367497696389954, 89.97340127362604, 90.1412008901475, 44.614940129063704, 22.31810708051368, 62.98369839684039, 73.95523739832308, 79.81972065376155, 77.81891739611831, 43.98629243971273, 23.367346899352547, 48.279285050241086, 13.172221745020131, 58.0235490820523, 14.281639062618348, 39.00616470475953, 38.2881725802301, 49.87598393024057, 55.817019852453164, 56.07535096557062, 18.544035525052355, 57.29692214051315, 17.973853963516838, 19.77720969941276, 63.85866123568274, 14.57450402878976], [54.645732530151214, 102.36800087679163, 23.989485564430336, 24.666881575813335, 62.02108748333537, 61.81449815013035, 71.29711654688477, 57.0936221649384, 65.09691061656675, 80.6239841804508, 84.57597081203123, 0.0, 56.44323459454054, 62.21091225452378, 91.09567686828342, 74.94674260431374, 73.42155397775672, 70.12517927362738, 84.89185671492774, 90.57832576638002, 46.87296583580721, 66.59097981888374, 82.08489460875991, 55.781966704982786, 14.830526848020053, 20.730847753286085, 73.80266545868912, 56.35957299444555, 36.413065690584915, 80.88592249687923, 109.33003904902134, 97.32023511971548, 88.20294411879067, 84.32349810330477, 97.78056064432207, 40.364153333285536, 60.53877096856066, 58.37534379164128, 106.98627423117073, 84.89064143445572, 25.57009250364422, 20.368262867889666, 58.824089792616, 74.68711161635692, 48.547396438263306, 99.25789825571152, 38.164863299652055, 93.15802414675024, 102.12399958350696, 89.911544300974, 60.55693701018309, 47.61959482199517, 54.969749715502914, 106.25685759333489, 112.75084422699469, 87.90111699206092, 111.39848421819576, 67.80060319614564, 82.85850801153313, 116.9647833294625, 70.00419735274905], [13.622711664857794, 49.66574824419389, 39.12170701940708, 33.38851237410082, 27.082238736719383, 51.68797872793733, 18.17185865342722, 10.612864587402692, 29.413416606650387, 84.5361518090789, 68.67884642766332, 56.44323459454054, 0.0, 46.62050325844921, 38.478029429564046, 51.58494791071738, 47.74025825296936, 35.41542920085001, 33.101738176017136, 77.24427773205151, 58.06169751283036, 20.66659389478478, 36.27149514184599, 14.622604092047748, 56.341167856350374, 55.644453426930966, 78.99833761960754, 50.64154768540505, 41.9434199138558, 35.743487157520455, 60.18291568715328, 42.1494880372406, 84.61247389209628, 50.59724073504744, 58.24923546205302, 55.52561846494649, 21.356598095289648, 21.792319545731036, 65.02602053114914, 54.06299725967334, 35.45334336760454, 36.085158690193786, 11.143389629389443, 18.848261193101138, 29.25082580356715, 69.15022047821364, 36.950696475333984, 68.96020252739194, 52.29538687170091, 81.26925221222902, 29.686280557034678, 54.868548634001094, 19.10330325887272, 58.22257829245308, 66.17923881427436, 82.9906411069754, 63.871411007782584, 61.79657232835501, 54.12043815883774, 67.8761378048415, 58.79096281077003], [58.72349503366096, 59.231382113803775, 62.86910286189532, 55.005420984174805, 21.64800066044826, 6.11267932772503, 42.67778334890875, 36.447502011111204, 21.35253100839107, 38.73524851183737, 24.53278445618126, 62.21091225452378, 46.62050325844921, 0.0, 51.14203767296485, 13.07980219603834, 12.892326293511031, 19.868266060613383, 76.124802273263, 32.42712435983019, 25.46742971927394, 32.59860685298882, 35.980719050171196, 32.12987364538338, 50.98245905684248, 45.76326238119423, 34.084526060750015, 9.6235874355239, 25.851777201807565, 81.7099319373025, 59.01898705169523, 61.64149039767439, 38.00357363778181, 25.661854896406833, 40.25800136829481, 28.868562571961466, 67.41512768495961, 67.28890659097355, 49.84503604029559, 24.429610006066266, 39.03513693867546, 49.77583947398124, 57.638437047439446, 59.08946287925869, 19.634041980258292, 37.34197651984796, 24.49207807780723, 31.012679500412347, 54.249126126706564, 35.188366299299076, 18.03835609012118, 21.733330078453065, 27.541781461218445, 55.113742376250215, 58.87744783810312, 36.4304392952723, 58.761163862528896, 15.578145680245923, 21.784781532215177, 65.36011689005767, 12.221603330251334], [49.420645466465125, 11.372927842257093, 77.107141162429, 70.59231441725457, 33.35656747553255, 57.1713984057966, 20.55549418649937, 34.169981072136984, 31.6196746363014, 86.85289788819377, 61.150304483865334, 91.09567686828342, 38.478029429564046, 51.14203767296485, 0.0, 45.79260763504185, 42.2749697192858, 31.281434360243345, 42.17066657656658, 68.89597153140542, 74.21008750267679, 24.959886555932798, 15.457229099122934, 35.367205484451425, 86.80446764099155, 84.02187667301628, 83.70137107468767, 60.0317627097412, 64.50853648808832, 53.53490272383076, 22.60100042200286, 10.894601122076613, 81.62121674784801, 34.48243461796006, 31.34302528370619, 75.05042899019928, 53.15012360768891, 54.9058476281799, 33.42336082490419, 39.15254456394263, 66.44807241616384, 71.29334793338653, 44.56520038207302, 30.072662428472153, 47.271226926524655, 48.53553852447601, 59.70085651499707, 54.02136266437666, 14.84697221928471, 75.41617244927579, 36.684868578378904, 70.2866617560816, 36.95167133185784, 21.6957823936121, 30.02788033691057, 79.46356090232156, 27.18040406325793, 64.99081989747627, 41.40844191003534, 29.9683781836917, 59.45768714415072], [64.74768446350147, 51.93085303153998, 73.78490244554618, 65.83704267583266, 24.509739933160574, 16.302704182858054, 42.884012017964395, 40.972419626580184, 22.48256744709505, 41.08298442949658, 17.431307994257903, 74.94674260431374, 51.58494791071738, 13.07980219603834, 45.79260763504185, 0.0, 4.050708900434313, 17.53998382792172, 77.3678000843438, 26.031147357360027, 37.492109793920186, 33.52099731150144, 30.416178959961034, 37.15005745847922, 64.02859740355426, 58.84182323928062, 38.34342773897959, 21.70822080934108, 38.75233765118068, 84.68502609113264, 49.16384842941949, 56.67621540476103, 36.40842354080511, 14.328185308662023, 28.456268945720165, 41.56870310866058, 72.93477764017038, 73.22175394993356, 37.8551318327079, 11.873848500281147, 51.03089652614557, 61.34438953026031, 62.69883357704203, 60.42219834273495, 29.36571016906311, 24.350181677863464, 36.88636877672395, 19.13025514472451, 45.58865584823747, 31.18242972979261, 22.1220750074347, 34.01411597913947, 33.131594475732, 45.157231600452626, 47.76671919981341, 34.366955287592255, 48.08772735880549, 20.34386958083797, 8.9516474927136, 54.7953147357897, 14.361153035408574], [60.98627984570418, 48.88334655109929, 71.13255694063744, 63.17965293477308, 20.661145651680425, 17.396299050883425, 38.83575860829464, 37.12975562651925, 18.51359345625443, 44.60165224398173, 21.471527287657455, 73.42155397775672, 47.74025825296936, 12.892326293511031, 42.2749697192858, 4.050708900434313, 0.0, 13.490137343273611, 73.31816407691815, 30.064249987370818, 38.21663341705608, 29.48021773923629, 26.834998616977256, 33.3911999897396, 63.08418773039564, 58.115243494660845, 41.52210129312677, 22.28668740329662, 37.60673689521891, 80.65696683101615, 46.999654367099836, 53.12996874924577, 40.339052397282735, 12.821636142387634, 27.396130796163337, 41.75871853573147, 69.09672389557483, 69.43050946683152, 36.96817241447551, 11.723706278983395, 49.00799547548884, 59.03084716805362, 58.83295765908441, 56.371642149225295, 26.706908195594156, 26.004769899800618, 35.25675670104876, 22.115078298928086, 42.93634242642434, 35.21998033870293, 18.48819521269293, 34.55668705834165, 29.492871004916974, 43.02552404666309, 46.25472970686146, 38.322144761769394, 46.323668244814016, 23.078810259518704, 9.439054647573522, 52.98866304668599, 17.293687729519352], [48.9505069130031, 39.77733320372757, 63.65125733868157, 55.836351840343035, 9.442142900178558, 25.926184197884435, 25.347384280830468, 24.976888949733475, 6.341917745582124, 56.948899130832885, 34.92931764514269, 70.12517927362738, 35.41542920085001, 19.868266060613383, 31.281434360243345, 17.53998382792172, 13.490137343273611, 0.0, 59.828026839541614, 43.49776369059247, 43.62750675146955, 16.109496074609375, 16.298619091652952, 21.84291155566464, 62.09476308397353, 58.03073011639698, 53.11884730728312, 28.8410043524643, 37.186673679632506, 67.30749957569304, 41.55600247913362, 41.786476224508846, 53.61059328756154, 16.02864252369584, 27.802143007457644, 45.38179719489908, 56.66079164337619, 57.205876743268156, 36.866848826416934, 18.838497316319145, 44.633154408773215, 53.15435288334452, 46.31635532133761, 42.89088036729232, 21.60782709754648, 34.28868953156418, 33.304074882434506, 33.567309305687985, 35.737932046448336, 48.696767684666824, 9.631475562496295, 39.70109542251903, 18.880654620195074, 37.923283067128786, 43.30298907872397, 51.64659588848662, 42.43870565689916, 34.27478182919654, 18.70562639333213, 48.636277358758434, 29.18257983586127], [30.246263475019568, 48.86356618093814, 62.9831434322518, 60.241110489045894, 54.570595951257125, 81.83999033398855, 34.48932646328821, 40.78190510093656, 55.543292148751085, 114.85137696922769, 94.72469051808004, 84.89185671492774, 33.101738176017136, 76.124802273263, 42.17066657656658, 77.3678000843438, 73.31816407691815, 59.828026839541614, 0.0, 103.25249922540618, 90.85407053831854, 44.07546641672767, 51.34544170391202, 45.110437875411165, 87.71533423035294, 87.81498222551049, 109.89068655535624, 81.88299024496078, 75.03734434264786, 12.523755952575018, 63.045861129609534, 36.83929580015532, 113.09489937278919, 71.08816712154407, 72.51474746193637, 88.58252804618203, 25.718942327764143, 28.173922452769954, 75.57687731244876, 75.53494340518091, 67.54616429153643, 65.48996174567453, 26.365181826797222, 17.07587972819968, 61.32812697594168, 88.18682307632939, 70.01753396619641, 91.32972196918503, 56.138180994742456, 108.5057225563125, 58.09377176860272, 87.5066986465875, 49.6640455891262, 63.18481330409848, 71.33393305876518, 111.22279261385157, 68.24578812103933, 91.70227849245755, 76.76514364471295, 69.2065921977902, 87.68588026889688], [90.11266325143627, 72.60104001651995, 94.70847343690716, 86.9644025554427, 50.312979102154486, 29.94327081486411, 68.77111090429416, 66.66744260533629, 48.473072585311535, 25.55469859668016, 8.610759529953684, 90.57832576638002, 77.24427773205151, 32.42712435983019, 68.89597153140542, 26.031147357360027, 30.064249987370818, 43.49776369059247, 103.25249922540618, 0.0, 45.06944199589708, 59.54338094368797, 54.30561211593699, 62.66146416432657, 77.27657275136737, 71.32916933717891, 27.53783461073681, 34.6990469730271, 55.083266758459445, 110.71608458693656, 65.71702958886972, 79.66431614994781, 15.083135388493607, 34.415678586495, 42.788075278689504, 51.24312350818482, 98.51825174001307, 98.65535608498284, 49.49702200052293, 29.75989691525219, 70.04478061302481, 81.13976809848877, 88.38710021389886, 86.37659269132483, 52.03913531996085, 26.895603236315573, 55.3774907075821, 17.001014733283952, 64.71489203701165, 7.383927539432692, 47.56075462657609, 43.339852225159355, 58.38503914224128, 61.874931952958725, 61.20558042946669, 12.890328636047565, 62.75868922854317, 22.806812830383407, 27.549126549911332, 69.13031045993043, 21.252101021513564], [66.60797722803242, 83.3642406380493, 56.98651243913038, 50.412879673849886, 41.32010216908289, 21.201125335708525, 61.29562934432156, 50.373937510456486, 42.634692204085155, 34.38787547553998, 40.59665587951755, 46.87296583580721, 58.06169751283036, 25.46742971927394, 74.21008750267679, 37.492109793920186, 38.21663341705608, 43.62750675146955, 90.85407053831854, 45.06944199589708, 0.0, 51.799184750476584, 59.85602281742333, 46.25443870770234, 32.716853274708726, 26.64966634809169, 27.549178019976573, 15.930024363309172, 17.579486206463326, 93.42105161377212, 84.29850849178325, 84.05670503927237, 41.33023176475013, 51.03810784244638, 65.60113481430417, 6.508813748609228, 75.46300758420111, 74.51446669864865, 75.14552844959516, 49.33564103985459, 32.33264792789246, 42.91331657163084, 67.50878008601758, 74.78129861762135, 29.878423810078147, 60.20002156169717, 21.696597248584524, 51.75533676371889, 79.14576421532296, 43.41223236524819, 37.72488668346968, 3.932057863338271, 42.05123581234449, 80.43652543861272, 84.34485168325052, 41.06653680966021, 84.20377691674558, 22.66207555157668, 46.441662729832686, 90.77864543407283, 26.77538402814114], [34.2426861175705, 35.97197855008463, 54.93260641616126, 47.72347912490666, 11.068106420295996, 38.56683965708219, 10.084054123491091, 11.592334442982715, 11.493265161965736, 71.22014022935919, 50.95114348021963, 66.59097981888374, 20.66659389478478, 32.59860685298882, 24.959886555932798, 33.52099731150144, 29.48021773923629, 16.109496074609375, 44.07546641672767, 59.54338094368797, 51.799184750476584, 0.0, 16.703448974280697, 11.001888037965779, 61.844780559200075, 59.12587695510581, 66.67782868971669, 39.67601775507973, 40.08348132483275, 51.203175312835235, 43.190016720802845, 33.189488138966304, 69.02175358253277, 30.174936262343746, 37.7789872832215, 51.61387098221566, 41.308860826729834, 42.10977859173811, 45.09462057347074, 33.92639035495983, 41.60244776126026, 47.269575951657544, 30.982650997439386, 27.0244060484905, 22.94825661083236, 48.68122452613807, 35.11294784480183, 49.31280850748745, 35.70277082863077, 64.5184524554345, 14.822171234953181, 47.990917798868, 11.991798638814773, 40.49525221282672, 47.829236619934484, 67.1477063124864, 45.957666127221096, 48.08883772716567, 34.37281124873458, 50.93896941739399, 43.7413335263716], [49.37431580896459, 23.50822407944325, 71.59619419318965, 64.29782453157078, 20.72122706203866, 41.937023597205005, 19.577189723870365, 28.23666183695551, 18.186906637168104, 71.43138277386628, 46.278700980936044, 82.08489460875991, 36.27149514184599, 35.980719050171196, 15.457229099122934, 30.416178959961034, 26.834998616977256, 16.298619091652952, 51.34544170391202, 54.30561211593699, 59.85602281742333, 16.703448974280697, 0.0, 27.488534620647034, 75.84617895586288, 72.37265629830313, 68.24503821239908, 45.12177484839226, 51.97934414020951, 61.03193568997614, 27.266766452922514, 26.295089408633693, 66.50342146018514, 20.277975166939072, 22.521842419550065, 61.30736502976697, 55.3294066054877, 56.538072144898145, 28.755070537960414, 24.93016180038382, 56.64483277044917, 63.372981510258676, 45.37998879988808, 35.869231086440266, 35.12542668607621, 36.85406688225889, 47.55706695421219, 40.50710296490742, 20.40919631485749, 60.556349096421364, 23.37247746565414, 55.92494447203559, 27.219997080856842, 24.200310111079993, 31.208831185876143, 64.37807670744859, 29.496143686012623, 49.54993621399687, 26.784443302507356, 34.88013371050948, 44.00047767941221], [27.60000582903539, 46.594349318624765, 44.14506393079345, 36.81004907913655, 12.819064889180863, 37.39747379606969, 16.650710996923298, 4.387059602425389, 15.5479815434627, 70.4094321809028, 54.113512693639954, 55.781966704982786, 14.622604092047748, 32.12987364538338, 35.367205484451425, 37.15005745847922, 33.3911999897396, 21.84291155566464, 45.110437875411165, 62.66146416432657, 46.25443870770234, 11.001888037965779, 27.488534620647034, 0.0, 51.842186502122054, 49.633412154422636, 65.1065647107642, 36.876994621165984, 32.10433439329278, 49.67425541204513, 54.191023390362474, 42.502880353704995, 70.07211370987952, 37.6928139301833, 47.3989487901914, 44.856171800630456, 35.85990652716877, 36.076314818696, 55.31436548042275, 40.67945429913068, 31.15555300361861, 36.290551627359335, 25.756200491429766, 28.5989181411366, 16.395746294880322, 56.11039214926796, 26.941092573620832, 55.00685873420204, 46.69391186729465, 66.64786965393402, 15.108383249759125, 42.72323801534496, 4.6415548757014555, 51.465586304203256, 58.69379445362777, 68.42169819607868, 56.89600260866807, 47.472314983986124, 40.37454136613564, 61.93767022854636, 44.24731502135587], [58.10388578422148, 97.72436534297843, 33.375626959212525, 30.466806578980556, 55.157905163624775, 49.60422904093166, 68.34034652720905, 54.20310702297045, 57.93641230275907, 65.98156102453883, 71.83826167437758, 14.830526848020053, 56.341167856350374, 50.98245905684248, 86.80446764099155, 64.02859740355426, 63.08418773039564, 62.09476308397353, 87.71533423035294, 77.27657275136737, 32.716853274708726, 61.844780559200075, 75.84617895586288, 51.842186502122054, 0.0, 6.085832148882629, 59.18715901210588, 43.93250095063105, 25.52282411938893, 85.76352403453406, 102.95694546137206, 94.34193175545784, 73.94029402475283, 74.87359853795728, 88.97278602390058, 26.25925411324726, 65.4212763916066, 63.57784047908337, 98.44698332150567, 74.78481920317529, 21.083720286399437, 23.155662862452868, 61.3865675443522, 75.18340949777485, 40.834919540087306, 88.32256068503453, 28.803458977476538, 81.38453039995741, 96.24099761909008, 76.08443389970996, 52.955860487544435, 33.95199435905091, 49.85330461038497, 99.57966379144594, 105.38135381081601, 73.75709616609088, 104.38645895402537, 54.4892447283449, 72.44960162153862, 110.35995961270129, 57.322022385998146], [58.831949105195534, 94.73495269216542, 37.05786972278796, 33.03296161816178, 51.65687528498304, 44.03671710917858, 66.27215913390177, 52.387760933290345, 54.27354822964535, 59.9417345792438, 66.03866593771897, 20.730847753286085, 55.644453426930966, 45.76326238119423, 84.02187667301628, 58.84182323928062, 58.115243494660845, 58.03073011639698, 87.81498222551049, 71.32916933717891, 26.64966634809169, 59.12587695510581, 72.37265629830313, 49.633412154422636, 6.085832148882629, 0.0, 53.137301698900615, 38.322155621973536, 20.92858157650329, 86.72938558807282, 99.2739968041702, 92.03197435998854, 67.85481178456574, 70.16688292958162, 84.43735629978876, 20.21174768348414, 66.61006173116697, 64.92394495529608, 93.97392401924101, 69.83843332616944, 20.28485911634661, 25.228496621073106, 61.69094958958341, 74.44897585394808, 37.249600056269195, 83.04269038407028, 24.851604533068038, 75.85124983505686, 92.77680822255488, 70.03864819440108, 49.17955618298438, 27.989319588600992, 47.18643919027928, 95.7955242723745, 101.3142491769123, 67.67676720926768, 100.45646813622761, 48.56781581919455, 67.40485819431262, 106.5609897991608, 51.570320435160454], [89.7239635435428, 90.27365377609962, 84.30808796336484, 77.44909787330656, 55.68381430463344, 28.13811865036085, 76.7596273688293, 69.49362168766336, 55.40961531451482, 6.852011089026399, 28.710112764646304, 73.80266545868912, 78.99833761960754, 34.084526060750015, 83.70137107468767, 38.34342773897959, 41.52210129312677, 53.11884730728312, 109.89068655535624, 27.53783461073681, 27.549178019976573, 66.67782868971669, 68.24503821239908, 65.1065647107642, 59.18715901210588, 53.137301698900615, 0.0, 28.35819491085025, 43.76814760888201, 114.66556260820037, 86.71588460370428, 94.49751275348162, 16.54685026075054, 52.02162825986346, 64.46874967320278, 33.8694825096275, 98.64433232350017, 98.09421492492712, 72.8306799971292, 48.268639754095446, 59.30121421448305, 70.18545988204339, 89.57154010737007, 92.94038236340012, 49.87037709845343, 52.07243762067049, 46.58431110970797, 41.8337005243477, 83.77670109209974, 22.1214261554616, 52.00784522006464, 28.28080548283126, 60.47080515057155, 82.70441771300784, 83.98529773724259, 17.38928627579644, 84.88533893854057, 18.84467724034102, 45.21568402277335, 91.56204357514011, 24.25084340182889], [61.540223409388574, 68.5265453429402, 60.43370386188279, 52.86565230535938, 28.638271233433173, 5.748320192071789, 49.67447705226607, 41.25835239288424, 29.142590792876128, 34.07717038307583, 28.224830886751406, 56.35957299444555, 50.64154768540505, 9.6235874355239, 60.0317627097412, 21.70822080934108, 22.28668740329662, 28.8410043524643, 81.88299024496078, 34.6990469730271, 15.930024363309172, 39.67601775507973, 45.12177484839226, 36.876994621165984, 43.93250095063105, 38.322155621973536, 28.35819491085025, 0.0, 20.396173975971603, 86.32724896476911, 68.63607456979803, 70.32029025262516, 36.28592694096604, 35.10825539434582, 49.67304061301443, 19.924514967684193, 70.43628703268742, 69.98275557828843, 59.22423803384649, 33.48694530392542, 35.471494978462935, 46.633595496291086, 61.237133166880795, 65.07669489293728, 21.551726139445268, 45.154864155557874, 20.95574757212044, 37.54190577768949, 63.77946238029466, 35.47566304215742, 24.87482746879292, 12.323318101772852, 32.26369429221648, 64.7351337589416, 68.45330835953928, 35.184809540042195, 68.3731848955382, 12.86591993340898, 30.65149614856463, 74.97922185325173, 13.671571279335355], [49.389557944870425, 74.83834695270339, 40.90642988691058, 33.76193977754006, 31.416594474620073, 25.578486239258076, 48.43021219829056, 35.72281716868538, 33.79342101933548, 50.41251357493447, 48.5074713079064, 36.413065690584915, 41.9434199138558, 25.851777201807565, 64.50853648808832, 38.75233765118068, 37.60673689521891, 37.186673679632506, 75.03734434264786, 55.083266758459445, 17.579486206463326, 40.08348132483275, 51.97934414020951, 32.10433439329278, 25.52282411938893, 20.92858157650329, 43.76814760888201, 20.396173975971603, 0.0, 76.64652219476615, 78.60068769832445, 73.2708580532857, 55.25381980981482, 49.36522792094589, 63.54697411178448, 13.697118242379235, 58.167928783569195, 57.12152960487264, 73.06601012035856, 49.286161679381664, 15.69788291909028, 26.832161452747155, 50.66740640971904, 59.7158034440242, 17.240878187060193, 63.101943063253266, 5.170716703380694, 56.74716443585109, 72.31252268903508, 55.45863595283856, 28.620544207200048, 15.616940329829536, 28.670008052393, 75.05411819911349, 80.42552366975305, 54.47972588471402, 79.62475701464277, 32.762430668429964, 47.00596715546182, 85.7975777333788, 34.0280749140741], [27.944401294324965, 60.971045835021926, 57.671738723352455, 56.44432972533878, 60.77430759324809, 87.07090636014412, 42.60006601508816, 45.30735976918805, 62.29810058632637, 120.07357162933526, 102.11239685706552, 80.88592249687923, 35.743487157520455, 81.7099319373025, 53.53490272383076, 84.68502609113264, 80.65696683101615, 67.30749957569304, 12.523755952575018, 110.71608458693656, 93.42105161377212, 51.203175312835235, 61.03193568997614, 49.67425541204513, 85.76352403453406, 86.72938558807282, 114.66556260820037, 86.32724896476911, 76.64652219476615, 0.0, 75.02324909118315, 49.06981286022479, 119.44611071716, 80.01606909069307, 82.93395531585148, 90.34362000749232, 20.44056089560356, 22.51723728997549, 86.71530975137252, 84.26394061836585, 66.8614093814919, 62.7722528545213, 25.979142581422714, 25.19305120455024, 64.99402924400918, 97.75317563112026, 71.90732867980694, 99.99276603163844, 67.89296903112437, 115.461162974047, 63.99336858953386, 90.38219045622569, 54.31201400191532, 74.92823202394334, 83.16478120346292, 117.69964400131599, 80.12803854798646, 97.13626565377287, 85.16047063751076, 81.39333737072555, 93.69065716412912], [71.80032326530551, 14.31259878044957, 97.80241289274664, 90.80645762232342, 47.81222655584499, 64.27146143756528, 42.012425068833515, 54.149693015797766, 45.03495754645773, 88.18890137987464, 59.75821743561979, 109.33003904902134, 60.18291568715328, 59.01898705169523, 22.60100042200286, 49.16384842941949, 46.999654367099836, 41.55600247913362, 63.045861129609534, 65.71702958886972, 84.29850849178325, 43.190016720802845, 27.266766452922514, 54.191023390362474, 102.95694546137206, 99.2739968041702, 86.71588460370428, 68.63607456979803, 78.60068769832445, 75.02324909118315, 0.0, 26.444427211415732, 80.29011575748707, 34.90438299578411, 22.939815727295194, 86.70145404016418, 75.75025243688229, 77.49235278686433, 17.984286166251138, 38.447285985575526, 83.91098112277139, 90.40324769555791, 67.04057103724833, 52.53654895268644, 62.13285623893251, 40.09231732810851, 74.42369279960985, 48.84943771352275, 7.906867578718751, 72.99480623983062, 50.09523850908572, 80.44213181585641, 54.392317492502244, 4.016822754098252, 8.664376828984253, 78.03316133615887, 5.4534417339672565, 69.47130214608156, 41.51032328888679, 7.770625811890877, 63.44799320838991], [50.891290063818566, 12.136012763077687, 81.26211557142676, 75.39769751918612, 42.8061938991339, 67.71209677386477, 26.11590743778312, 40.38590504087328, 41.459127804197045, 97.72266839168493, 71.9929897133292, 97.32023511971548, 42.1494880372406, 61.64149039767439, 10.894601122076613, 56.67621540476103, 53.12996874924577, 41.786476224508846, 36.83929580015532, 79.66431614994781, 84.05670503927237, 33.189488138966304, 26.295089408633693, 42.502880353704995, 94.34193175545784, 92.03197435998854, 94.49751275348162, 70.32029025262516, 73.2708580532857, 49.06981286022479, 26.444427211415732, 0.0, 92.50079120051883, 45.254946495314734, 40.75852903279803, 84.48367907954822, 52.83451285978217, 54.902497928954055, 41.09277893033691, 49.90459944384284, 73.53380911752755, 77.11756138033769, 45.7422495688794, 28.929343861904627, 56.096375181400475, 58.46135134336041, 68.29802825315024, 64.512430735093, 20.293924919148523, 86.24691155884041, 46.337795167218225, 80.15607665255267, 44.91351212697326, 27.161488641172753, 34.96127371604105, 90.3384502962583, 31.792169560284812, 75.74530471390631, 52.230788566834384, 32.36741519647819, 70.26888739609852], [96.64120815182635, 86.31461737816605, 96.12266270701109, 88.77819920461374, 58.73759535444822, 33.396212930078065, 78.79868417608601, 74.3452686880509, 57.55462012870258, 11.939864087777615, 20.77426211014559, 88.20294411879067, 84.61247389209628, 38.00357363778181, 81.62121674784801, 36.40842354080511, 40.339052397282735, 53.61059328756154, 