instance_id,num_cities,city_coordinates,distance_matrix,best_route,total_distance
1132,63,"[[11.849894122686067, 29.852090348154015], [46.81406367598615, 54.23790682318502], [58.52754874326256, 97.3995525925163], [36.97585652897148, 49.377628495447404], [28.3116542456033, 6.352203062755379], [98.40863578571873, 95.92488608528657], [75.50820903531223, 20.194677148854957], [33.89226861464265, 46.05659938792409], [98.6352650623197, 90.66655930654797], [44.410055348093834, 31.45015565168755], [85.21687569993759, 76.0730634366043], [83.65172954681807, 38.1401246295387], [7.637323429562459, 14.975429191907018], [50.40901689144669, 18.669777448587645], [27.98342345113445, 64.66095517378524], [44.588850892747956, 74.28745265925669], [88.2400899541543, 65.3966463003234], [43.062899254308704, 0.4700354451652067], [61.02497797384308, 42.193269541831526], [62.91767649384069, 33.57801273320366], [3.7361189960165353, 91.48760161264822], [37.518589458041916, 12.247142817784852], [29.5984762444959, 9.845553791115858], [85.79704148560964, 32.54184844260002], [65.3686958741137, 54.78343637153606], [60.10619583011811, 38.606894345775636], [86.91116374580706, 12.906362498782443], [74.37070750854517, 86.10675845652784], [68.17171826430297, 10.704061939655663], [81.3541256173807, 57.3334290177496], [95.05962233916762, 8.628795469192818], [65.12311944322722, 30.587473022560886], [97.35304705823064, 15.187760381377425], [87.46304765863516, 32.43700403585924], [74.12523874732479, 84.26029570911167], [8.865289989858416, 22.105860196009232], [31.85173903871047, 16.199314221249615], [71.58547011969219, 54.16359785956889], [77.70674161616951, 62.56227501706854], [89.03104543572081, 50.978144854092236], [80.48402484830216, 92.58022399060283], [62.58158197283008, 50.13421867254895], [20.74906178326623, 82.85387031880293], [79.90614153244012, 83.40480100194435], [77.1750997905921, 69.3188853371878], [46.0868195740648, 74.16836124138688], [10.018298199732245, 72.97080031508072], [92.08602985504363, 26.628482976266532], [29.311169309467555, 52.134288600421954], [51.92412445290109, 41.471458778370454], [36.41697003109245, 2.8868283837904074], [11.314408929265085, 38.771646631721254], [90.26443515298872, 15.025788437866161], [3.834766604067119, 84.9898096372888], [4.25809842584578, 38.531636120025006], [99.26347895203185, 79.54574167320855], [58.04449066453188, 88.74959116814247], [35.35738263738312, 45.75996545847371], [14.81539189843163, 63.44970990474816], [51.32275524402732, 50.29632592509149], [18.48249904061603, 22.053553190220665], [22.31704277108495, 44.00862066869584], [90.37486495623399, 1.893328738550093]]","[[0.0, 42.62817375522684, 82.10641324848733, 31.820757797127918, 28.692058984515356, 108.8945824860377, 64.38669650802935, 27.35785785590035, 105.97216730737023, 32.59935446813181, 86.71269998679553, 72.27859352895258, 15.461591088964683, 40.147852626014284, 38.36597241099163, 55.19366552522984, 84.25483651997057, 42.86673348494086, 50.70003526289486, 51.203524233464876, 62.16727109695063, 31.125810796931386, 26.744600807316825, 73.9960499061982, 59.040953205772524, 49.044033760646975, 76.95032092057728, 84.10374421161468, 59.487770731234164, 74.73996367901921, 85.87366951155673, 53.27830068358943, 86.7515517745569, 75.65732460524822, 82.69505038826485, 8.30132178629939, 24.217185964022782, 64.49332087256536, 73.53285349321368, 80.0202492934972, 92.98098004821135, 54.635783891984865, 53.743686746521185, 86.59991703152055, 76.32175575981363, 56.00088329879863, 43.15759368682325, 80.30086625777703, 28.308876524897332, 41.72473677899282, 36.47830274966416, 8.935615741967474, 79.80388131743985, 55.717235731388804, 11.5312565103967, 100.55144849644547, 74.85223011042793, 28.3841946652383, 33.72824064382234, 44.453048640447705, 10.237608597764222, 17.605923762873072, 83.35384451332892], [42.62817375522684, 0.0, 44.72285095942051, 10.973268669391382, 51.335950165173195, 66.33101922317552, 44.522976816036476, 15.294004673649638, 63.34416812048733, 22.91420649934577, 44.17635154332572, 40.201395726580586, 55.46493600539317, 35.74934287269413, 21.52284712106539, 20.172651292366737, 42.902600386434905, 53.89856423914965, 18.628563348267225, 26.19460955228415, 56.949530988048394, 43.00732615140909, 47.61362681349894, 44.613804009065966, 18.562650093559263, 20.51851184349968, 57.58536263886238, 42.130657765367616, 48.49066982273028, 34.67849674614536, 66.39145253135636, 29.909271840779546, 63.867854030313275, 46.12612341357211, 40.58625528667459, 49.72502232007482, 40.87549003605023, 24.771517899017713, 31.994572291925255, 42.342645134626544, 51.02743939403711, 16.292786430779085, 38.70733380704527, 44.111147490090936, 33.90027178198163, 19.94371824158678, 41.28982508514885, 53.026702772061135, 17.628854779385108, 13.75117874310105, 52.39306073469603, 38.72248302274083, 58.52798484275518, 52.84789024629414, 45.36184649870524, 58.235965413094696, 36.292958637606795, 14.2524043657121, 33.298232859134735, 5.988685968719798, 42.877851782241386, 26.546983415175262, 68.09917960618678], [82.10641324848733, 44.72285095942051, 0.0, 52.636305258672756, 95.93028790057981, 39.90834179711694, 79.05020946351283, 56.947307844923806, 40.66893294541741, 67.44350655638854, 34.16342068817953, 64.36539647628281, 96.8687315434554, 79.14725550290747, 44.77453909094949, 26.989932587780196, 43.66945289737233, 98.15542103335316, 55.262743698029354, 63.97235474546977, 55.109454162927065, 87.70581087186777, 92.20951112414883, 70.35728122961396, 43.16172674750221, 58.81384862719732, 89.13320802500331, 19.45592143949411, 87.23025911511907, 46.1123288297013, 95.99395669241221, 67.13684181818718, 90.9186344924574, 71.11536973437988, 20.394313053175356, 90.19689606183736, 85.46974631379227, 45.164777120478476, 39.76779284955302, 55.54647069692034, 22.4791630432362, 47.438876209206875, 40.48198302695202, 25.551855152362048, 33.708382244884426, 26.35260886239005, 54.31308614070194, 78.32442753801548, 53.87523504815058, 56.31657739993114, 97.06458019453726, 75.27490902315259, 88.27608385055255, 56.08299330760007, 80.06625273838398, 44.476674497045245, 8.663439141044524, 56.599501382507086, 55.34748842134847, 47.65105467719914, 85.3265822098727, 64.51195512813995, 100.67616572363538], [31.820757797127918, 10.973268669391382, 52.636305258672756, 0.0, 43.889128891688706, 77.07550555360034, 48.33618560633934, 4.5318593047900215, 74.20686267594249, 19.407771501282348, 55.13476378249081, 48.00956795384076, 45.21350286524628, 33.51748667845042, 17.73256684792618, 26.04720758651087, 53.708756828887466, 49.28493428130033, 25.099307875807728, 30.374428082257413, 53.648205815209785, 37.13445200472738, 40.2145579397638, 51.642536639461525, 28.90287329786155, 25.515119249360254, 61.835977798036325, 52.41568341138423, 49.68728750450333, 45.08575749872593, 70.95203481011158, 33.84284787454336, 69.38553320299529, 53.25355598684456, 50.95956309805406, 39.165715840874704, 33.57167136338963, 34.938958994985946, 42.81167952658045, 52.079788255441755, 61.314149818954796, 25.616900753259642, 37.201715475701185, 54.78008615606538, 44.873520958748145, 26.411930593761067, 35.823842724993575, 59.62092607367469, 8.145342540813434, 16.9102996283569, 46.49415930135265, 27.76682812649232, 63.4012738603075, 48.64729475613131, 34.4686414861736, 69.20883585080693, 44.654661448030204, 3.963198655989743, 26.250898419509294, 14.376282819536684, 32.994080718786726, 15.611119941635286, 71.45776951751105], [28.692058984515356, 51.335950165173195, 95.93028790057981, 43.889128891688706, 0.0, 113.7402847055085, 49.184640619225185, 40.094667279851556, 109.79217142905117, 29.817205472896944, 89.99556989117056, 63.82002735724962, 22.400624624451424, 25.298538982566285, 58.309675939761206, 69.85803653430827, 84.12885167235032, 15.880778481808834, 48.52570036286104, 44.032050691024786, 88.61147227674742, 10.93242748530577, 3.722822876282275, 63.170145411068205, 60.98203583078135, 45.29081567307421, 58.964900742537786, 92.09899833080074, 40.096924810505, 73.57030086318801, 66.78678100945223, 44.07303347876714, 69.60446102541249, 64.64753811638698, 90.3800609907385, 25.02676159312731, 10.464119576444563, 64.48684061668173, 74.8294517249387, 75.35462260049019, 100.78307321886277, 55.59939601547443, 76.87455949601544, 92.73129982681077, 79.70219185930463, 70.10697406509075, 69.08461750121033, 66.92009049235538, 45.79299495055014, 42.3191548983352, 8.815042010569838, 36.605008805696855, 62.556999172097726, 82.35891692092295, 40.17573222060163, 101.9384889209746, 87.59778038343525, 40.032661985035716, 58.670898961197935, 49.60440205566197, 18.524164970896326, 38.130580295130706, 62.22317642125964], [108.8945824860377, 66.33101922317552, 39.90834179711694, 77.07550555360034, 113.7402847055085, 0.0, 79.11696462141555, 81.54267380386446, 5.26320827452346, 84.10016381532147, 23.83521337507896, 59.63929022248161, 121.62337652849473, 90.9522689352141, 77.05286437511853, 58.00644594518372, 32.177208528659456, 110.33938128760796, 65.45704307229516, 71.74078901321347, 94.77644712051388, 103.48701590116781, 110.20203947431644, 64.62555045494595, 52.76605456078305, 68.93786393269693, 83.8109009723168, 25.965700953240912, 90.42599211099345, 42.191905333576656, 87.36030750814945, 73.32736967814614, 80.74402599877236, 64.4245067235268, 26.939674095434633, 116.0485215742054, 103.85560800284037, 49.633531111724984, 39.2636248899207, 45.91458099641462, 18.233991383824005, 58.14088928641847, 78.75189450045033, 22.340430257422003, 34.04030444435201, 56.66496999883894, 91.32218696522013, 69.58424268181993, 81.80511170775385, 71.59598829068881, 111.79913597117036, 104.17243940582358, 81.308007011075, 95.20395280087749, 110.2647215873138, 16.40143678190112, 40.996939745695975, 80.57282286894221, 89.67980537198144, 65.56710797861207, 108.83547748179589, 92.11530351852812, 94.37412384119531], [64.38669650802935, 44.522976816036476, 79.05020946351283, 48.33618560633934, 49.184640619225185, 79.11696462141555, 0.0, 48.99719909338062, 74.16971683459575, 33.072359442313484, 56.71553810489451, 19.706750406987315, 68.07126899173305, 25.145472064977366, 65.08344740571499, 62.30597941102341, 46.96082204244171, 37.970509834926105, 26.33822410968954, 18.374851864468134, 101.16280930860364, 38.81204062619303, 47.06174581544822, 16.072109760307608, 36.04430595407165, 24.004827699434873, 13.533177992181207, 65.92189599846684, 11.995660627168022, 37.59603211861364, 22.71623607039946, 14.692184722094646, 22.411295450374787, 17.111187396494774, 64.08054375803756, 66.6703178298907, 43.83891305093539, 34.194669977218524, 42.424602468753285, 33.622745103153036, 72.5563652244493, 32.6109465342773, 83.21501484996631, 63.362935283746076, 49.15248065887117, 61.47175556587622, 84.10854652001098, 17.78251952215869, 56.16320200191884, 31.763351241649726, 42.75145138775268, 66.82774698598243, 15.635332415480816, 96.6203474643861, 73.57188543303465, 63.92856723711386, 70.7443121072347, 47.59908430621928, 74.52929565428767, 38.614057467951746, 57.05599898815511, 58.27867598457297, 23.57873643574749], [27.35785785590035, 15.294004673649638, 56.947307844923806, 4.5318593047900215, 40.094667279851556, 81.54267380386446, 48.99719909338062, 0.0, 78.62381390498145, 17.999223216300344, 59.45757652684491, 50.385260988317256, 40.68613138927496, 31.981885334924034, 19.52015638700724, 30.189368142771503, 57.68642040311813, 46.49984170334804, 27.406372154492683, 31.594135966238706, 54.52861013233194, 34.00337566223981, 36.464729206893274, 53.63537955399224, 32.66378968765427, 27.25193727560037, 62.529524600268765, 56.94312299749517, 49.24309669704798, 48.783140085981195, 71.70973203017951, 34.85197145047718, 70.57021767203399, 55.27496490215307, 55.48165731391605, 34.64083669492602, 29.926931658196658, 38.555166500995945, 46.82035211717292, 55.357983336644644, 65.84253484722262, 28.97764103571262, 39.07407111849034, 59.263518834918344, 49.137942795675244, 30.642751632445627, 35.9769464368417, 61.35116587816171, 7.610832872136182, 18.60568029879888, 43.24353415010809, 23.72404444087696, 64.34852281478774, 49.18585454616998, 30.574648239379755, 73.45010409781055, 49.05121178006666, 1.494841392165711, 25.815644843698376, 17.938705227722515, 28.523801028153336, 11.755001921045267, 71.69852274584885], [105.97216730737023, 63.34416812048733, 40.66893294541741, 74.20686267594249, 109.79217142905117, 5.26320827452346, 74.16971683459575, 78.62381390498145, 0.0, 80.2929376120163, 19.82481512616328, 54.621723484547985, 118.3628850587472, 86.65626123103486, 75.285949348879, 56.473799404256724, 27.324497595959187, 105.94196882339114, 61.35302368662684, 67.34128216038098, 94.90269772025425, 99.4225976292946, 106.29258272712309, 59.52564151374719, 48.931208212375815, 64.76648741230028, 78.63906636820074, 24.689279800599312, 85.56885337939977, 37.546442645947614, 82.11564964315441, 68.79360808035891, 75.48968916478816, 59.291648220785575, 25.33340883579588, 112.9567080214192, 100.02704603625952, 45.4330012307996, 35.04074612590232, 40.833947597383286, 18.251839190338234, 54.247015600748746, 78.27706414043179, 20.087638036164652, 30.269817927961864, 55.07748780245321, 90.36651316836905, 64.37210344460692, 79.31308932150348, 67.83869524843743, 107.59366801752118, 101.57762488529407, 76.10254273662197, 94.97031112269026, 107.81975606535852, 11.138547370515605, 40.6360152211775, 77.59312195819936, 88.12790720634715, 62.19509087202363, 105.50929110390771, 89.45073667459589, 89.15671974333473], [32.59935446813181, 22.91420649934577, 67.44350655638854, 19.407771501282348, 29.817205472896944, 84.10016381532147, 33.072359442313484, 17.999223216300344, 80.2929376120163, 0.0, 60.46817746888716, 39.80784695061302, 40.2945458427908, 14.118272083116178, 37.05120025552704, 42.837670136942315, 55.438580076751414, 31.009396600894966, 19.785604613360658, 18.629541492850926, 72.51802545497297, 20.40215684707822, 26.194306577879797, 41.40138179694798, 31.36409733836089, 17.250731427011985, 46.370426777547564, 62.32964710349027, 31.543890515469982, 45.10884800351593, 55.553515792993934, 20.731021333443774, 55.384346806181796, 43.06430095363064, 60.596229398657165, 36.75249926107098, 19.75599840207744, 35.417560968242455, 45.57009203238868, 48.707033564869654, 70.98039539635161, 26.063357244242702, 56.58784761813287, 62.92262953721419, 50.07583075009713, 42.75110088726739, 53.91434774728931, 47.919172286009164, 25.60878199853214, 12.525484057260362, 29.660631778467895, 33.89581157091311, 48.70712458835979, 67.17773891371344, 40.7716446848727, 72.95261116523925, 58.899262617646656, 16.9328538620529, 43.58687390824607, 20.073952122722947, 27.57778660255891, 25.412914990439287, 54.6476874120556], [86.71269998679553, 44.17635154332572, 34.16342068817953, 55.13476378249081, 89.99556989117056, 23.83521337507896, 56.71553810489451, 59.45757652684491, 19.82481512616328, 60.46817746888716, 0.0, 37.96521472376007, 98.74972324402066, 67.13214041764098, 58.360125696560424, 40.66724487326128, 11.096202381660657, 86.56082007266889, 41.63037772999543, 47.99045342063132, 82.92600135195408, 79.67982588619064, 86.48404125518384, 43.535080925537365, 29.10667385614386, 45.10277230799812, 63.18941936234737, 14.775466158088253, 67.55474630781795, 19.133602283747223, 68.15870408879617, 49.72623025947377, 62.08306357908469, 43.693832156191, 13.786050289062203, 93.49878965021558, 80.2041373993551, 25.803873739507505, 15.457797956812495, 25.383120955396205, 17.172251650244103, 34.42644608155472, 64.82343999795319, 9.053080863708415, 10.501860862474185, 39.176385525803944, 75.26254111129623, 49.91945327931213, 60.815400579745244, 48.017479426993674, 87.96394599205921, 82.78266902221723, 61.25559273408139, 81.86913975179894, 89.23946650827766, 14.469504381862214, 29.983876731350076, 58.35111787692385, 71.52424746786177, 42.582292073315955, 85.85793216335546, 70.60111523548372, 74.35884542569079], [72.27859352895258, 40.201395726580586, 64.36539647628281, 48.00956795384076, 63.82002735724962, 59.63929022248161, 19.706750406987315, 50.385260988317256, 54.621723484547985, 39.80784695061302, 37.96521472376007, 0.0, 79.46567216148934, 38.524957677255884, 61.66291232434102, 53.221591599938485, 27.64002577454599, 55.375886120880985, 22.98690649968307, 21.23002169001159, 96.085681088135, 52.902864965467245, 61.010957470732514, 5.99525308723212, 24.72385783041452, 23.550159913942213, 25.44340115961558, 48.85627217428041, 31.501877487381396, 19.33033670568317, 31.639509584884873, 20.008796532207363, 26.73082726233538, 6.859426379480699, 47.09378098392515, 76.4860064164101, 56.255116905153834, 20.05857200590806, 25.135319990934693, 13.919475662489846, 54.53218106310746, 24.244781102377605, 77.17554447709443, 45.41938305032413, 31.84433783679722, 52.049556142395446, 81.45586645943564, 14.270785375818825, 56.11357333260008, 31.90201736891759, 58.939947427011866, 72.34007723361856, 24.04163914993201, 92.55074585723168, 79.3945964396835, 44.251009505526945, 56.71903372322668, 48.891777607969566, 73.34177859614371, 34.53890284025398, 67.12530361527445, 61.614795687715265, 36.86503441062181], [15.461591088964683, 55.46493600539317, 96.8687315434554, 45.21350286524628, 22.400624624451424, 121.62337652849473, 68.07126899173305, 40.68613138927496, 118.3628850587472, 40.2945458427908, 98.74972324402066, 79.46567216148934, 0.0, 42.93094420856627, 53.68999234665347, 69.88083792896298, 95.07420841696198, 38.28025431293348, 59.92539103796842, 58.32643953921906, 76.61156521422564, 30.005559584916615, 22.552335900932775, 80.10942898243569, 70.12552174454667, 57.5450146954912, 79.30083729360015, 97.53466334378217, 60.684903692861404, 85.01980401085387, 87.65237079652007, 59.568050630307965, 89.7159748915966, 81.71323543176412, 96.0262235621541, 7.235395509401486, 24.24532569089555, 75.0005201890458, 84.70083388371872, 89.00075009272643, 106.43846148521078, 65.23045319951054, 69.13320802966881, 99.52568008460506, 88.25368868806916, 70.58446683499452, 58.044225488594776, 85.24891600154386, 43.01786172937537, 51.60775454064567, 31.215418113601398, 24.078640373057663, 82.62712706980209, 70.11756490039983, 23.797353770242143, 112.09227283698316, 89.35048675832718, 41.42570887302525, 49.00286274873231, 56.17813363625157, 12.95058583115431, 32.533373130890574, 83.76539936124831], [40.147852626014284, 35.74934287269413, 79.14725550290747, 33.51748667845042, 25.298538982566285, 90.9522689352141, 25.145472064977366, 31.981885334924034, 86.65626123103486, 14.118272083116178, 67.13214041764098, 38.524957677255884, 42.93094420856627, 0.0, 51.167330101353606, 55.92137451897869, 60.12146340337396, 19.626412135940914, 25.80800864002998, 19.460782213211097, 86.49158868898924, 14.40185248558885, 22.604104166621507, 38.009822919082396, 39.089491632246904, 22.17033850758151, 36.954345845393185, 71.56751375236416, 19.46705379944561, 49.52249697583349, 45.7656845896418, 18.9350543093548, 47.07299025084624, 39.528947924287436, 69.7465071871084, 41.685583953219094, 18.720997565869283, 41.3310229572782, 51.68865560203559, 50.35366613548408, 79.79511395846869, 33.73695899450082, 70.70580396680107, 71.13862267812014, 57.28660684379013, 55.66663446497139, 67.6757803115754, 42.43011198717409, 39.5599883622792, 22.851963206423694, 21.092151538530466, 43.95990805691579, 40.021656896144584, 81.0401595466213, 50.24341454462161, 78.0553744690683, 70.49454412014435, 30.99080476736728, 57.20269653540543, 31.639745357913746, 32.10533414168233, 37.83141532790304, 43.34418349511482], [38.36597241099163, 21.52284712106539, 44.77453909094949, 17.73256684792618, 58.309675939761206, 77.05286437511853, 65.08344740571499, 19.52015638700724, 75.285949348879, 37.05120025552704, 58.360125696560424, 61.66291232434102, 53.68999234665347, 51.167330101353606, 0.0, 19.194000999178858, 60.26115746888556, 65.93834063808899, 39.95674189587317, 46.76057470151899, 36.160762332878726, 53.27407546329925, 54.839188763770906, 66.13661200458837, 38.66812604496317, 41.36044718014567, 78.42841601863341, 51.104819740069566, 67.2788627093934, 53.87136984786584, 87.40033969286351, 50.4019761943406, 85.20411775470554, 67.64768083833286, 50.13183886760424, 46.6523218673058, 48.61578456939229, 44.847887177317716, 49.76758812461683, 62.562220614502245, 59.4625825063965, 37.5241075372717, 19.57851246176111, 55.20235873022587, 49.41171252337944, 20.448073780138753, 19.79391956058429, 74.5359851966118, 12.596836289502924, 33.33031514295875, 62.34715269026067, 30.7914329305487, 79.64027998135741, 31.56612030826279, 35.293517276814256, 72.81760213948566, 38.52181389910191, 20.288486545298873, 13.223621670130377, 27.405601288626528, 43.653845975394276, 21.415573551071297, 88.50122542314026], [55.19366552522984, 20.172651292366737, 26.989932587780196, 26.04720758651087, 69.85803653430827, 58.00644594518372, 62.30597941102341, 30.189368142771503, 56.473799404256724, 42.837670136942315, 40.66724487326128, 53.221591599938485, 69.88083792896298, 55.92137451897869, 19.194000999178858, 0.0, 44.547470290781895, 73.8331877448218, 36.058048524576684, 44.64531719013981, 44.32596110007174, 62.44188211433828, 66.162449031355, 58.65842175980664, 28.499273829367347, 38.908742404079945, 74.55747041390607, 32.0414570987855, 67.81592149979089, 40.48610061755146, 82.81520412580684, 48.28399740235712, 79.22647300195536, 59.91374465262243, 31.17460193800451, 63.23836964678091, 59.46819188083102, 33.67175346909532, 35.13224269398924, 50.18398635173721, 40.28757868475612, 30.118384480858314, 25.33217433033235, 36.47515673620056, 32.96286210974677, 1.502695223928112, 34.59561658499528, 67.28565523661428, 26.91041122647055, 33.62581883899103, 71.86674323874288, 48.66786378881563, 74.82114569961618, 42.135920911902886, 53.89849729754745, 54.92690194044518, 19.753675402775315, 29.98395457808468, 31.68462605900751, 24.918258963799122, 58.39453622359436, 37.58777864839561, 85.65785581059313], [84.25483651997057, 42.902600386434905, 43.66945289737233, 53.708756828887466, 84.12885167235032, 32.177208528659456, 46.96082204244171, 57.68642040311813, 27.324497595959187, 55.438580076751414, 11.096202381660657, 27.64002577454599, 95.07420841696198, 60.12146340337396, 60.26115746888556, 44.547470290781895, 0.0, 79.097682372288, 35.763934530437226, 40.66509640384135, 88.44014392120539, 73.46795446327268, 80.77600347528548, 32.94550391315214, 25.213902755365467, 38.84851101868222, 52.5071036949625, 24.92525857328541, 58.25820394013862, 10.60339463536629, 57.17599942227279, 41.786036781254666, 51.02918980742754, 32.9688005989068, 23.559844940249814, 90.41267074310694, 74.83330543723093, 20.088746578689175, 10.90802859276903, 14.440179864835141, 28.268417747898006, 29.854660087174523, 69.712219545751, 19.843092804633685, 11.739589702456861, 43.05625606975376, 78.58763588702382, 38.95846174121869, 60.40287923690329, 43.48866459491285, 81.19798701025881, 81.40301596683052, 50.41151947009646, 86.6495854541831, 88.17428011074671, 17.93633197924057, 38.17242788268573, 56.41081427914289, 73.45050609697975, 39.88620410034264, 82.12639776838864, 69.30581353912775, 63.53918952631462], [42.86673348494086, 53.89856423914965, 98.15542103335316, 49.28493428130033, 15.880778481808834, 110.33938128760796, 37.970509834926105, 46.49984170334804, 105.94196882339114, 31.009396600894966, 86.56082007266889, 55.375886120880985, 38.28025431293348, 19.626412135940914, 65.93834063808899, 73.8331877448218, 79.097682372288, 0.0, 45.425373255615284, 38.60505587791199, 99.15035550383138, 13.016897832555644, 16.40704212350397, 53.43040427684865, 58.715364965508016, 41.77192795378333, 45.57776354211479, 91.18019075330388, 27.114352110396847, 68.554092109652, 52.632922935109455, 37.33247059882179, 56.249725118170076, 54.71069602193553, 89.3626132668426, 40.467090234575195, 19.315805036176776, 60.79914221039871, 71.10303811123755, 68.29450621697045, 99.42146385261837, 53.36206583997146, 85.35223249084294, 90.7502057271663, 76.83623075660252, 73.76033703330175, 79.67626099145774, 55.5655622767744, 53.46311934938231, 41.94803961294111, 7.0717227991620595, 49.749171424311214, 49.394887755504634, 93.17960410257446, 54.35529425243841, 97.0127438732868, 89.54176701310467, 45.940752572678846, 69.02435125993851, 50.50628123274255, 32.71153180327126, 48.228611471709996, 47.33336943826363], [50.70003526289486, 18.628563348267225, 55.262743698029354, 25.099307875807728, 48.52570036286104, 65.45704307229516, 26.33822410968954, 27.406372154492683, 61.35302368662684, 19.785604613360658, 41.63037772999543, 22.98690649968307, 59.92539103796842, 25.80800864002998, 39.95674189587317, 36.058048524576684, 35.763934530437226, 45.425373255615284, 0.0, 8.820711851444305, 75.5774075851325, 38.06994624147046, 45.09988608892222, 26.585805608739552, 13.318415296007394, 3.702194980617954, 39.087306609292334, 45.8966557112234, 32.29003084842461, 25.347557532610182, 47.80095121278397, 12.308097998870522, 45.26616980058514, 28.18077793959824, 44.059635982289464, 55.89398057763701, 39.07382222376953, 15.96285545875066, 26.328266602051105, 29.351556158595994, 54.01388417698685, 8.092075698255924, 57.23140641758351, 45.33087979087061, 31.569375460612363, 35.292422211741716, 59.57296183737207, 34.74264706089945, 33.23536550007955, 9.129432928056948, 46.37402690538128, 49.82818658224226, 39.91262814781065, 71.43013454181458, 56.88485011786991, 53.45456137117057, 46.65162792415151, 25.914219458012877, 50.86415341046277, 12.64091170166312, 47.06878677539298, 38.75048060830639, 49.85480011620854], [51.203524233464876, 26.19460955228415, 63.97235474546977, 30.374428082257413, 44.032050691024786, 71.74078901321347, 18.374851864468134, 31.594135966238706, 67.34128216038098, 18.629541492850926, 47.99045342063132, 21.23002169001159, 58.32643953921906, 19.460782213211097, 46.76057470151899, 44.64531719013981, 40.66509640384135, 38.60505587791199, 8.820711851444305, 0.0, 82.8008286918347, 33.16805139890796, 40.90719634359975, 22.90281595925935, 21.34660365687293, 5.761429839523388, 31.670247140250098, 53.7628221607593, 23.46960970769257, 30.07029196959933, 40.68867317584521, 3.715818397598319, 39.03839299293331, 24.571877145731857, 51.9066783691245, 55.2564093170425, 35.59651151356627, 22.33600146255326, 32.53926716034575, 31.379493866522576, 61.5616563111573, 16.55961698328393, 64.85601134363058, 52.643297517781214, 38.479658178795894, 43.94148537168196, 65.95556032188703, 29.984809514928617, 38.38922634273359, 13.533834524805103, 40.549182973204466, 51.86396684031228, 33.04588076396511, 78.31962143645742, 58.868365730446875, 58.60076330758515, 55.38637925636214, 30.13253672784632, 56.622858239461806, 20.345618564482727, 45.90531737236348, 41.91907728699813, 41.926321065655635], [62.16727109695063, 56.949530988048394, 55.109454162927065, 53.648205815209785, 88.61147227674742, 94.77644712051388, 101.16280930860364, 54.52861013233194, 94.90269772025425, 72.51802545497297, 82.92600135195408, 96.085681088135, 76.61156521422564, 86.49158868898924, 36.160762332878726, 44.32596110007174, 88.44014392120539, 99.15035550383138, 75.5774075851325, 82.8008286918347, 0.0, 86.14119583879746, 85.64044310336881, 101.0376010039196, 71.7340245537738, 77.29136279900352, 114.42508120949798, 70.83924454287335, 103.33405409235215, 84.80013241449718, 123.31084306899069, 86.47074352747882, 120.7716646888785, 102.45570583159879, 70.75918406812863, 69.5710747156419, 80.36674877531728, 77.43781830645611, 79.4249805128968, 94.42584690235975, 76.75568302329219, 71.92281135735746, 19.078300195157713, 76.5976761978565, 76.71203218171127, 45.75519562289103, 19.553457644140472, 109.60114971607858, 46.93363872079181, 69.45285029379004, 94.4358779338039, 53.25788568713083, 115.47102827521807, 6.498540752016515, 52.958537968688915, 96.27089133782502, 54.377347622698764, 55.59605222068722, 30.14753156512354, 62.9381374221449, 70.98269369887124, 50.98533475236871, 124.63308562896712], [31.125810796931386, 43.00732615140909, 87.70581087186777, 37.13445200472738, 10.93242748530577, 103.48701590116781, 38.81204062619303, 34.00337566223981, 99.4225976292946, 20.40215684707822, 79.67982588619064, 52.902864965467245, 30.005559584916615, 14.40185248558885, 53.27407546329925, 62.44188211433828, 73.46795446327268, 13.016897832555644, 38.06994624147046, 33.16805139890796, 86.14119583879746, 0.0, 8.276220343152008, 52.37064069281626, 50.84254809386936, 34.71363510549233, 49.39697324087998, 82.54284600806466, 30.69194363688424, 62.883443239710004, 57.65468673544113, 33.14178311019513, 59.90667365130609, 53.870951364867416, 80.78329630275164, 30.301912130377318, 6.90889661794426, 54.01427182962873, 64.39487636540822, 64.44861239459507, 91.10122155598788, 45.42668940855118, 72.57084143675125, 82.82582259847167, 69.49692515469073, 62.51121386107098, 66.66054754606176, 56.43074070251332, 40.7227963698537, 32.58189807012862, 9.424916533586767, 37.285498250127404, 52.818984366959725, 80.16293094736068, 42.392627329033374, 91.33199213051397, 79.20818912169197, 33.58243731875233, 56.010160290126585, 40.475861055452775, 21.4135102861028, 35.21190845367007, 53.86081437861982], [26.744600807316825, 47.61362681349894, 92.20951112414883, 40.2145579397638, 3.722822876282275, 110.20203947431644, 47.06174581544822, 36.464729206893274, 106.29258272712309, 26.194306577879797, 86.48404125518384, 61.010957470732514, 22.552335900932775, 22.604104166621507, 54.839188763770906, 66.162449031355, 80.77600347528548, 16.40704212350397, 45.09988608892222, 40.90719634359975, 85.64044310336881, 8.276220343152008, 0.0, 60.608584590524025, 57.4362420703403, 41.92774337853248, 57.394361208814544, 88.43259596654033, 38.58279456130309, 70.24062596211203, 65.47245335896558, 41.136692718313626, 67.96485148520837, 62.118292387208605, 86.71900826061868, 24.086928517587253, 6.741473490515642, 61.04913336591369, 71.36846568258407, 72.27807640096532, 97.13065792904013, 52.06785746902681, 73.5426843303504, 89.1169121825235, 76.16175072328596, 66.40247754442886, 66.09220923055895, 64.70209477493646, 42.28971077043129, 38.71217423741943, 9.74246974911457, 34.220256641515924, 60.88672598590215, 79.43820190003937, 38.275658941067086, 98.54607446793612, 83.87504307468407, 36.37320398665049, 55.60526176035424, 45.91524000029077, 16.51060866611889, 34.93042244104288, 61.29443129785071], [73.9960499061982, 44.613804009065966, 70.35728122961396, 51.642536639461525, 63.170145411068205, 64.62555045494595, 16.072109760307608, 53.63537955399224, 59.52564151374719, 41.40138179694798, 43.535080925537365, 5.99525308723212, 80.10942898243569, 38.009822919082396, 66.13661200458837, 58.65842175980664, 32.94550391315214, 53.43040427684865, 26.585805608739552, 22.90281595925935, 101.0376010039196, 52.37064069281626, 60.608584590524025, 0.0, 30.199429432082304, 26.397051583499156, 19.667068329075512, 54.77007114250997, 28.063159800772812, 25.18654340766701, 25.644287991240425, 20.766093419248566, 20.849595613131598, 1.6693019254119288, 53.01913585508897, 77.63635900070922, 56.36642689459245, 25.874095318266846, 31.091461266568334, 18.71779385829792, 60.27300128773519, 29.1281487687958, 82.23465941212379, 51.202955435329756, 37.77417532307161, 57.529716599786084, 85.8889869744327, 8.632454219357408, 59.78726843431882, 35.03016484479419, 57.60044853594132, 74.74271160454788, 18.076779698518646, 97.30674764494556, 81.75864964469535, 48.89489663422458, 62.685839065751324, 52.14285955114857, 77.41892842374061, 38.77754353414936, 68.12673456052278, 64.50734145879225, 30.98851767635451], [59.040953205772524, 18.562650093559263, 43.16172674750221, 28.90287329786155, 60.98203583078135, 52.76605456078305, 36.04430595407165, 32.66378968765427, 48.931208212375815, 31.36409733836089, 29.10667385614386, 24.72385783041452, 70.12552174454667, 39.089491632246904, 38.66812604496317, 28.499273829367347, 25.213902755365467, 58.715364965508016, 13.318415296007394, 21.34660365687293, 71.7340245537738, 50.84254809386936, 57.4362420703403, 30.199429432082304, 0.0, 17.0110087479916, 47.09317613144185, 32.59120617446634, 44.16840708952286, 16.18753923771827, 54.879886945742655, 24.19720955334224, 50.90006166780693, 31.424885344439517, 30.749996414594953, 65.2721905655713, 51.10891191968881, 6.2475980825758715, 14.585530617920321, 23.96637290681296, 40.70712866708705, 5.420629955208475, 52.71490309569951, 32.10171085122381, 18.72619689291188, 27.341654409712444, 58.26188059037504, 38.813880709590904, 36.154712083950564, 18.91996955972789, 59.42609149122303, 56.37591105949482, 46.90915053014036, 68.5481541493356, 63.2346908895684, 41.976518242374084, 34.74685098852979, 31.33850585959775, 51.29074809173839, 14.745257147384827, 57.18007263524627, 44.379516540107744, 58.503606534917395], [49.044033760646975, 20.51851184349968, 58.81384862719732, 25.515119249360254, 45.29081567307421, 68.93786393269693, 24.004827699434873, 27.25193727560037, 64.76648741230028, 17.250731427011985, 45.10277230799812, 23.550159913942213, 57.5450146954912, 22.17033850758151, 41.36044718014567, 38.908742404079945, 38.84851101868222, 41.77192795378333, 3.702194980617954, 5.761429839523388, 77.29136279900352, 34.71363510549233, 41.92774337853248, 26.397051583499156, 17.0110087479916, 0.0, 37.135207582285375, 49.595497617867565, 29.045149481804327, 28.322387276941964, 46.04811002612052, 9.459420748597834, 43.9975426819678, 28.04398132227015, 47.7573724188877, 53.83228175864476, 36.06125310654879, 19.333513970081686, 29.72607399360779, 31.459414550278243, 57.692081158886324, 11.79011207284096, 59.21806213596932, 48.97846762190202, 35.13650342689873, 38.225133595272695, 60.74269933497569, 34.14955524159823, 33.635160973722265, 8.669026554946138, 42.86143407873561, 48.792065054617, 38.28299824851212, 72.9235803981274, 55.848148111442626, 56.65052552261604, 50.1850642403654, 25.76179692475292, 51.65677502202006, 14.621615477671872, 44.79447776050744, 38.17327253703518, 47.58233107217778], [76.95032092057728, 57.58536263886238, 89.13320802500331, 61.835977798036325, 58.964900742537786, 83.8109009723168, 13.533177992181207, 62.529524600268765, 78.63906636820074, 46.370426777547564, 63.18941936234737, 25.44340115961558, 79.30083729360015, 36.954345845393185, 78.42841601863341, 74.55747041390607, 52.5071036949625, 45.57776354211479, 39.087306609292334, 31.670247140250098, 114.42508120949798, 49.39697324087998, 57.394361208814544, 19.667068329075512, 47.09317613144185, 37.135207582285375, 0.0, 74.2668230841295, 18.868411292607394, 44.77326113029424, 9.202986316427062, 28.059589161020345, 10.688203937471394, 19.538437365946848, 72.49043842225635, 78.58618942416507, 55.15780797061227, 44.01177518274928, 50.501792391599764, 38.130755435596996, 79.93267366618986, 44.472933617455666, 96.28124213123488, 70.84560796262437, 57.246516700439, 73.61833716535394, 97.57176570132725, 14.66546384016249, 69.68923550522011, 45.16699728723926, 51.47868163405716, 79.89920063473738, 3.966912583040243, 109.98959547803572, 86.5342929418698, 67.77452727763483, 81.15097134214754, 61.13224659709738, 88.04788631914427, 51.6192230153678, 69.03733229840932, 71.69205623892356, 11.544874996253988], [84.10374421161468, 42.130657765367616, 19.45592143949411, 52.41568341138423, 92.09899833080074, 25.965700953240912, 65.92189599846684, 56.94312299749517, 24.689279800599312, 62.32964710349027, 14.775466158088253, 48.85627217428041, 97.53466334378217, 71.56751375236416, 51.104819740069566, 32.0414570987855, 24.92525857328541, 91.18019075330388, 45.8966557112234, 53.7628221607593, 70.83924454287335, 82.54284600806466, 88.43259596654033, 54.77007114250997, 32.59120617446634, 49.595497617867565, 74.2668230841295, 0.0, 75.65708234967668, 29.608657779022586, 80.19268012440789, 56.284180194119436, 74.5499310473204, 55.243568948616414, 1.8627075965729925, 91.58097347402858, 81.82245070423724, 32.064358035603576, 23.77965146923323, 38.065010203180144, 8.903842143559727, 37.8550802324707, 53.720221253489605, 6.159675634258118, 17.020496465810407, 30.700222226503993, 65.67941823846222, 62.060437477882815, 56.43129177006457, 49.961575918227844, 91.46607540404644, 78.84611342346726, 72.83621954240644, 70.54478388899366, 84.72998417158256, 25.742902155131294, 16.538740011842606, 56.12399863454725, 63.71952186338136, 42.586326228920576, 85.00767583367038, 66.94652506144884, 85.72067895481925], [59.487770731234164, 48.49066982273028, 87.23025911511907, 49.68728750450333, 40.096924810505, 90.42599211099345, 11.995660627168022, 49.24309669704798, 85.56885337939977, 31.543890515469982, 67.55474630781795, 31.501877487381396, 60.684903692861404, 19.46705379944561, 67.2788627093934, 67.81592149979089, 58.25820394013862, 27.114352110396847, 32.29003084842461, 23.46960970769257, 103.33405409235215, 30.69194363688424, 38.58279456130309, 28.063159800772812, 44.16840708952286, 29.045149481804327, 18.868411292607394, 75.65708234967668, 0.0, 48.45692662278643, 26.96787193055007, 20.11576473971752, 29.523778584314215, 29.0598720223879, 73.79677453987146, 60.392494882646, 36.73334573090006, 43.593405052879284, 52.727515908707446, 45.35541075376964, 82.79673185344546, 39.824450827823995, 86.33946488637793, 73.64166042152219, 59.302263032972064, 67.19717282756622, 85.19957143742009, 28.73119357441121, 56.80322126634747, 34.79392206824723, 32.70280073359975, 63.40775138156581, 22.51145174014674, 98.27316856562595, 69.70885657948197, 75.53723883754337, 78.69984352851125, 48.017673768695005, 75.02666820883654, 43.028303735460625, 50.968906783511365, 56.673140875765974, 23.887418080748528], [74.73996367901921, 34.67849674614536, 46.1123288297013, 45.08575749872593, 73.57030086318801, 42.191905333576656, 37.59603211861364, 48.783140085981195, 37.546442645947614, 45.10884800351593, 19.133602283747223, 19.33033670568317, 85.01980401085387, 49.52249697583349, 53.87136984786584, 40.48610061755146, 10.60339463536629, 68.554092109652, 25.347557532610182, 30.07029196959933, 84.80013241449718, 62.883443239710004, 70.24062596211203, 25.18654340766701, 16.18753923771827, 28.322387276941964, 44.77326113029424, 29.608657779022586, 48.45692662278643, 0.0, 50.59626438275968, 31.285647244734758, 45.080182697914765, 25.634954756835814, 27.880332766924624, 80.59536522483411, 64.36226904853301, 10.270075939538778, 6.375283565213792, 9.96617954373978, 35.25753297107872, 20.10564658201775, 65.7591566744708, 26.11155098894924, 12.693124912570863, 39.0793784306681, 73.02963545336318, 32.52641203663193, 52.30201107363317, 33.43242540433196, 70.59589416375518, 72.4575853799847, 43.23574987735204, 82.30508131827479, 79.35555950837231, 28.532994416451317, 39.119232174147406, 47.43042719105368, 66.81924855017358, 30.844837922061217, 72.09376579714782, 60.52212544631427, 56.169194913112584], [85.87366951155673, 66.39145253135636, 95.99395669241221, 70.95203481011158, 66.78678100945223, 87.36030750814945, 22.71623607039946, 71.70973203017951, 82.11564964315441, 55.553515792993934, 68.15870408879617, 31.639509584884873, 87.65237079652007, 45.7656845896418, 87.40033969286351, 82.81520412580684, 57.17599942227279, 52.632922935109455, 47.80095121278397, 40.68867317584521, 123.31084306899069, 57.65468673544113, 65.47245335896558, 25.644287991240425, 54.879886945742655, 46.04811002612052, 9.202986316427062, 80.19268012440789, 26.96787193055007, 50.59626438275968, 0.0, 37.12650974076931, 6.948367985453716, 24.990773137916225, 78.47529703614548, 87.24158528359037, 63.659636077340664, 51.22942563755426, 56.656356091154755, 42.776291714044746, 85.20733767112512, 52.70221305910354, 105.03057243756463, 76.29599585819655, 63.27039714570956, 81.8154636500791, 106.63920666892068, 18.243656503397126, 78.83899421219236, 54.21541949608162, 58.923092720389675, 89.00478776603235, 7.99470694845974, 118.96629265750049, 95.59862250038239, 71.04143628421924, 88.25792812163364, 70.30704950559515, 97.18265883673085, 60.40775312483663, 77.7449672490115, 80.89014101462692, 8.204478278144572], [53.27830068358943, 29.909271840779546, 67.13684181818718, 33.84284787454336, 44.07303347876714, 73.32736967814614, 14.692184722094646, 34.85197145047718, 68.79360808035891, 20.731021333443774, 49.7262302594