instance_id,num_cities,city_coordinates,distance_matrix,best_route,total_distance
2605,21,"[[55.17136577652846, 77.32283093562474], [49.59065509691507, 21.335992268310576], [63.4083038932422, 5.1099429258613105], [36.78224546058502, 85.64569926348166], [64.81477434510371, 69.028808705622], [73.99065942918851, 14.109054169825509], [29.638877192136025, 15.439244885303793], [94.51399993946626, 72.99493244226973], [15.916656126013972, 16.353806343159782], [9.147512585491535, 87.9590861296476], [21.282799450306623, 89.31073175686655], [93.80063236591634, 84.74604568214879], [28.484644369987635, 91.7895523262078], [74.2768832095536, 98.67390708837083], [87.85556708680906, 11.054822078838622], [34.38067941680799, 65.35218799305183], [30.834133683647323, 65.01450326054912], [98.8991893437177, 80.72013065358901], [48.3750401150275, 36.29576545297254], [36.05246452113284, 50.703746610839175], [7.45307085472291, 44.49342630291021]]","[[0.0, 56.26429094594026, 72.68114159979332, 20.184892449480323, 12.71951781995883, 65.95564711669009, 66.9439033501902, 39.57996422746672, 72.51313115224573, 47.23690281022347, 35.946414198730125, 39.3360439597961, 30.355677018032026, 28.6511648849395, 73.88982347477919, 23.99060090466342, 27.27261989798186, 43.859596433356636, 41.58617732630649, 32.77358746770961, 57.920682651216325], [56.26429094594026, 0.0, 21.312252239550816, 65.5728127444354, 50.06374483202541, 25.44776700801659, 20.804929013592588, 68.45986423985562, 34.04056966745737, 77.93769570532501, 73.63355145479724, 77.30043314284484, 73.547044900777, 81.18228210110948, 39.62203869135484, 46.57004236919029, 47.5354543264864, 77.18683463732663, 15.009081701447315, 32.33802095350465, 48.08162597952231], [72.68114159979332, 21.312252239550816, 0.0, 84.82308080075748, 63.93433789211414, 13.891373289578551, 35.31385930043224, 74.67219113005163, 48.804518973076014, 99.03642765641722, 94.15057601701288, 85.2385035779072, 93.45061091449774, 94.19310699917654, 25.159695264431033, 66.87100323369107, 68.18821682472647, 83.52546580702797, 34.620146540964555, 53.17082736065849, 68.42548404874668], [20.184892449480323, 65.5728127444354, 84.82308080075748, 0.0, 32.58747807783322, 80.63471746905725, 70.56893046216481, 59.10158522725512, 72.36531795522161, 27.73139412056887, 15.92687319605144, 57.02548396859481, 10.324587852067133, 39.693602243370194, 90.40068108764571, 20.435119748748367, 21.471522587426456, 62.31192456914659, 50.693282148640776, 34.949572749879174, 50.5342463373357], [12.71951781995883, 50.06374483202541, 63.93433789211414, 32.58747807783322, 0.0, 55.68102284754177, 64.10292575981317, 29.96287934093184, 71.8726779746899, 58.79795434505995, 48.024881477186895, 32.97289043106486, 42.871083426604294, 31.11853727741004, 62.384783846453125, 30.6553694149755, 34.21693422808895, 36.03379461961725, 36.62945511655012, 34.10393477573721, 62.38870103605031], [65.95564711669009, 25.44776700801659, 13.891373289578551, 80.63471746905725, 55.68102284754177, 0.0, 44.371725174287164, 62.359876247615546, 58.11737065608539, 98.27746900007139, 91.83360395551668, 73.36224913172933, 90.02809117376603, 84.56533730310338, 14.197323621723887, 64.76734733340763, 66.73717450981734, 71.11589395366401, 33.888200164802825, 52.711271543513384, 73.1468438363996], [66.9439033501902, 20.804929013592588, 35.31385930043224, 70.56893046216481, 64.10292575981317, 44.371725174287164, 0.0, 86.7262285680419, 13.752664238165618, 75.3592953625979, 74.34258946151233, 94.44661700491807, 76.3590315531063, 94.44871927808066, 58.38155655374716, 50.13767623270145, 49.58966506292245, 95.17659841592594, 28.036373718131287, 35.842979568905214, 36.5561959274811], [39.57996422746672, 68.45986423985562, 74.67219113005163, 59.10158522725512, 29.96287934093184, 62.359876247615546, 86.7262285680419, 0.0, 96.88013016251217, 86.66812019846623, 75.02675544335962, 11.772746309653217, 68.65211965775244, 32.69481048140842, 62.296966217363824, 60.61705848848825, 64.17797609993201, 8.883049786831641, 58.954494920993895, 62.567148642401975, 91.60753912921501], [72.51313115224573, 34.04056966745737, 48.804518973076014, 72.36531795522161, 71.8726779746899, 58.11737065608539, 13.752664238165618, 96.88013016251217, 0.0, 71.92452570280459, 73.15400508514911, 103.65043249663375, 76.47552615392459, 100.90844906123574, 72.13380722281839, 52.361833050337935, 50.89591890484461, 105.01963875610436, 38.09499211596839, 39.81669469102228, 29.384868335992245], [47.23690281022347, 77.93769570532501, 99.03642765641722, 27.73139412056887, 58.79795434505995, 98.27746900007139, 75.3592953625979, 86.66812019846623, 71.92452570280459, 0.0, 12.21032895514833, 84.71407390437679, 19.712867293571467, 66.00486577566788, 110.04191779762346, 33.87896916518368, 31.571560266985593, 90.04313387092584, 64.86830982399235, 45.954725125071285, 43.49867488731839], [35.946414198730125, 73.63355145479724, 94.15057601701288, 15.92687319605144, 48.024881477186895, 91.83360395551668, 74.34258946151233, 75.02675544335962, 73.15400508514911, 12.21032895514833, 0.0, 72.6613545823157, 7.616503243754609, 53.81488609827744, 102.74201083451408, 27.305059584251104, 26.10621965705209, 78.09034772237626, 59.53634315641307, 41.335726779263986, 46.90258267068808], [39.3360439597961, 77.30043314284484, 85.2385035779072, 57.02548396859481, 32.97289043106486, 73.36224913172933, 94.44661700491807, 11.772746309653217, 103.65043249663375, 84.71407390437679, 72.6613545823157, 0.0, 65.69466701132754, 23.982537490255364, 73.93064477823728, 62.50482001045356, 65.98570847266531, 6.496404780574433, 66.41471287018953, 67.03528187074158, 95.26896003326155], [30.355677018032026, 73.547044900777, 93.45061091449774, 10.324587852067133, 42.871083426604294, 90.02809117376603, 76.3590315531063, 68.65211965775244, 76.47552615392459, 19.712867293571467, 7.616503243754609, 65.69466701132754, 0.0, 46.306840514455, 100.21478499883263, 27.086850355059028, 26.877934304991346, 71.279311444652, 58.95072708988718, 41.7769713253737, 51.76147816030404], [28.6511648849395, 81.18228210110948, 94.19310699917654, 39.693602243370194, 31.11853727741004, 84.56533730310338, 94.44871927808066, 32.69481048140842, 100.90844906123574, 66.00486577566788, 53.81488609827744, 23.982537490255364, 46.306840514455, 0.0, 88.66501403454504, 51.981189295163645, 54.956600626448946, 30.472873964144267, 67.54212041074265, 61.33712155218755, 86.02875330828229], [73.88982347477919, 39.62203869135484, 25.159695264431033, 90.40068108764571, 62.384783846453125, 14.197323621723887, 58.38155655374716, 62.296966217363824, 72.13380722281839, 110.04191779762346, 102.74201083451408, 73.93064477823728, 100.21478499883263, 88.66501403454504, 0.0, 76.20871050307304, 78.50535689099853, 70.53521681662627, 46.85954793194025, 65.23494962038559, 87.07870952652391], [23.99060090466342, 46.57004236919029, 66.87100323369107, 20.435119748748367, 30.6553694149755, 64.76734733340763, 50.13767623270145, 60.61705848848825, 52.361833050337935, 33.87896916518368, 27.305059584251104, 62.50482001045356, 27.086850355059028, 51.981189295163645, 76.20871050307304, 0.0, 3.562585804716229, 66.323538693335, 32.25085769680395, 14.743530797036462, 34.06147445603313], [27.27261989798186, 47.5354543264864, 68.18821682472647, 21.471522587426456, 34.21693422808895, 66.73717450981734, 49.58966506292245, 64.17797609993201, 50.89591890484461, 31.571560266985593, 26.10621965705209, 65.98570847266531, 26.877934304991346, 54.956600626448946, 78.50535689099853, 3.562585804716229, 0.0, 69.85355061711239, 33.6518840437614, 15.232489376876968, 31.10930244334401], [43.859596433356636, 77.18683463732663, 83.52546580702797, 62.31192456914659, 36.03379461961725, 71.11589395366401, 95.17659841592594, 8.883049786831641, 105.01963875610436, 90.04313387092584, 78.09034772237626, 6.496404780574433, 71.279311444652, 30.472873964144267, 70.53521681662627, 66.323538693335, 69.85355061711239, 0.0, 67.2771423201127, 69.64692478442642, 98.36039190047366], [41.58617732630649, 15.009081701447315, 34.620146540964555, 50.693282148640776, 36.62945511655012, 33.888200164802825, 28.036373718131287, 58.954494920993895, 38.09499211596839, 64.86830982399235, 59.53634315641307, 66.41471287018953, 58.95072708988718, 67.54212041074265, 46.85954793194025, 32.25085769680395, 33.6518840437614, 67.2771423201127, 0.0, 18.958791900136685, 41.734987858533216], [32.77358746770961, 32.33802095350465, 53.17082736065849, 34.949572749879174, 34.10393477573721, 52.711271543513384, 35.842979568905214, 62.567148642401975, 39.81669469102228, 45.954725125071285, 41.335726779263986, 67.03528187074158, 41.7769713253737, 61.33712155218755, 65.23494962038559, 14.743530797036462, 15.232489376876968, 69.64692478442642, 18.958791900136685, 0.0, 29.26590843307898], [57.920682651216325, 48.08162597952231, 68.42548404874668, 50.5342463373357, 62.38870103605031, 73.1468438363996, 36.5561959274811, 91.60753912921501, 29.384868335992245, 43.49867488731839, 46.90258267068808, 95.26896003326155, 51.76147816030404, 86.02875330828229, 87.07870952652391, 34.06147445603313, 31.10930244334401, 98.36039190047366, 41.734987858533216, 29.26590843307898, 0.0]]",Route_0,1073.10052458593
