instance_id,num_cities,city_coordinates,distance_matrix,best_route,total_distance
1210,49,"[[88.33411412491546, 28.019778516069504], [79.64854131018197, 14.481006601141921], [73.15778117517948, 25.55451742998135], [33.59153382135782, 51.9939822548701], [12.02189814943122, 44.13186599720621], [87.6180660823381, 58.487747007552024], [11.368218273702569, 59.412877963126945], [99.62786305412936, 82.65521067120409], [99.77846400822413, 37.127273696308905], [91.60395825199899, 5.695991960798985], [64.04906994167462, 73.88378523314705], [54.10002284956709, 47.346123191159876], [69.06689626637858, 73.12718568929832], [24.585867862895793, 44.51819570501745], [56.62320122640831, 42.13565771550149], [99.54691473502453, 74.90897182855946], [99.33470801073156, 3.9671179966412007], [96.96898145428085, 39.64871528047453], [45.76597632043018, 94.3474327156942], [48.06666556068464, 78.18415652613585], [16.433642212621947, 43.36698196638843], [59.9170086270862, 23.341924686761175], [46.499376014516294, 52.292963877165214], [81.79134742269805, 42.31948662954521], [28.045939989941093, 21.431056178267195], [35.52450389135101, 37.54592611312836], [71.95889992231594, 0.1218180938116209], [70.91390586913361, 26.44810043660143], [19.82296934727351, 65.52484094096856], [35.031389822317706, 0.9270566328272611], [86.96394511965111, 59.679498448008985], [53.94431991686693, 63.68345421908883], [81.88875330180201, 7.761152566467089], [64.12277538596952, 95.02222806528088], [4.11096651670576, 24.699116183638004], [75.56100698693233, 10.527032511525436], [84.16989859945787, 54.50252000409418], [11.181795391148375, 7.050773610399386], [35.00039575183712, 85.31240382815241], [32.000638486108514, 37.77128869085185], [99.13286672530484, 2.66688718263699], [12.104339640612494, 37.752544347985804], [89.13425027963424, 54.26347336170437], [12.551982125526406, 11.632527048614161], [57.24470804266024, 31.52263303280789], [8.922680358255352, 81.5490372234953], [22.54660183554712, 23.955900838345535], [0.5169988122926128, 3.4203818322042667], [33.05755717085756, 89.61485748276527]]","[[0.0, 16.085320018093185, 15.375259153062185, 59.762133020843365, 77.99457461957692, 30.47638149120152, 83.12205373468937, 55.79049391835883, 14.625990999233904, 22.56198853781952, 51.89672902145273, 39.31260108348565, 49.05001392354314, 65.84858898430305, 34.71080584529353, 48.21123672981346, 26.44888549454437, 14.484236399143475, 78.81246137360918, 64.32676142174269, 73.52016400251014, 28.79955210282154, 48.36665008391418, 15.725439524866951, 60.6471368044168, 53.66192710909612, 32.34878414875718, 17.49096417183142, 78.10510012949595, 59.79294270331121, 31.689355141306255, 49.543472933597, 21.259223915891898, 71.24266396708225, 84.28858399190432, 21.6598344577674, 26.80813845950527, 79.95110663856258, 78.27471130990875, 57.171255262036524, 27.556889459611615, 76.84858651053125, 26.25588956818813, 77.5336929407496, 31.28611769320064, 95.76824813393615, 65.91291129212314, 91.19745642856854, 82.76141311993588], [16.085320018093185, 0.0, 12.835599292848059, 59.40093670324406, 73.84129148462051, 44.722550534279435, 81.73784666882258, 71.04150475556278, 30.299623779426636, 14.836053265060933, 61.416883803884794, 41.627427064471, 59.59316683541127, 62.72264930967483, 35.985358331276665, 63.61984160999196, 22.317863091023696, 30.551779112730344, 86.7564074325118, 71.1020828543225, 69.50196429394153, 21.629823192622982, 50.285298774524314, 27.920827142612467, 52.068528423033285, 49.788765703045975, 16.28855055746302, 14.81570758197903, 78.64205035984759, 46.630459644256185, 45.786666160869416, 55.51205138556279, 7.083430525863429, 82.02400723244943, 76.22555325558424, 5.686989356865584, 40.276099696966384, 68.86874224957373, 83.72898981195041, 53.035458736119274, 22.786231687514682, 71.44077021058949, 40.89771798289488, 67.15699583945931, 28.148690493793303, 97.46931896218517, 57.882684047744846, 79.90080374047876, 88.4071001185583], [15.375259153062185, 12.835599292848059, 0.0, 47.58711201460253, 63.89611939019572, 35.96800592200206, 70.4580631407651, 62.9377025582165, 29.0273912382319, 27.103920058905615, 49.18014585913188, 28.949477267268186, 47.74823666532701, 52.14261075679926, 23.41637348631091, 55.966494789477984, 33.93003555625047, 27.66983324453409, 74.04577075503997, 58.30474246724208, 59.455124538632475, 13.424366812542454, 37.757318285585285, 18.857429793389578, 45.29990229367563, 39.497562473243505, 25.460940905286193, 2.4152571247804255, 66.6500481191958, 45.38869399869239, 36.812015597388516, 42.696286889991164, 19.820032982868707, 70.05279545115074, 69.0521131159204, 15.218436098255795, 30.97181917803568, 64.67929614059774, 70.90127678062095, 42.93203808776121, 34.62006192477829, 62.2600560866046, 32.85501051187188, 62.184280124689145, 16.995419982148345, 85.21463738036226, 50.63642018503562, 75.93815392115533, 75.57615452558504], [59.762133020843365, 59.40093670324406, 47.58711201460253, 0.0, 22.957832107336948, 54.4153945939007, 23.428951480180405, 72.8073327799996, 67.83604315499475, 74.22226952600383, 37.507665629150864, 21.02856904537951, 41.29302154125462, 11.704247258767204, 25.052829504476787, 69.82269701629382, 81.41710288982704, 64.56861842360422, 44.0684900592328, 29.924148563161115, 19.204644709928683, 38.909780603766805, 12.911304352928575, 49.16114214304193, 31.061971304264336, 14.576786325058437, 64.51957994498065, 45.22777391322224, 19.304339006041694, 51.087220298140664, 53.922921350286515, 23.470825649128848, 65.49171422237674, 52.75970668036173, 40.17603218898821, 58.999530496546754, 50.64053460683283, 50.22039804472713, 33.34819497475265, 14.311392671004599, 82.02943756415213, 25.77824795087317, 55.58906314598664, 45.51603895252933, 31.28176449171166, 38.49744933605966, 30.135104647086333, 58.76495149395328, 37.62466456961625], [77.99457461957692, 73.84129148462051, 63.89611939019572, 22.957832107336948, 0.0, 76.94720219555397, 15.29498689383372, 95.70189743027483, 88.0356698425726, 88.37771610033421, 59.9333238100604, 42.2007112213653, 63.99109605413202, 12.569907939360279, 44.64595260119682, 92.77854693657743, 96.10792760134035, 85.06530198823721, 60.50013183844649, 49.58612455110792, 4.477558850500872, 52.21267343623122, 35.43021307505365, 69.7929851121678, 27.786627779240305, 24.407930695100077, 74.3594546643658, 61.489707575007365, 22.77094835043653, 48.94989539577137, 76.53782907106721, 46.257475599570135, 78.7667838898054, 72.83083385652377, 20.98129177658972, 71.87839164494531, 72.88953582968976, 37.090607776678155, 47.15769341379797, 20.966807318008303, 96.47624222739769, 6.3798543324812975, 77.77508803492786, 32.503661657068506, 46.94779324515267, 37.54530401387871, 22.756075183829516, 42.30588199854598, 50.111889456905864], [30.47638149120152, 44.722550534279435, 35.96800592200206, 54.4153945939007, 76.94720219555397, 0.0, 76.25545985780326, 26.987062145361236, 24.579363250422556, 52.94201296989508, 28.152008314196586, 35.32131089611346, 23.63173854072479, 64.56164787216333, 35.04386496453474, 20.29665131987958, 55.765389676963245, 21.032088215559277, 55.11365054617172, 44.184407104181105, 72.77265789493669, 44.7501666001789, 41.58271288559842, 17.18613668017401, 70.15722729972767, 56.14533893494953, 60.43005165305571, 36.13264342419234, 68.1593414899564, 77.9653230384581, 1.359465236649248, 34.0722255546156, 51.04911760772681, 43.43727651527445, 90.0838900737484, 49.45303639817764, 5.269904482918283, 92.13178446896715, 59.06082834292342, 59.35039930454905, 56.99613167084307, 78.3088214088876, 4.488129048404643, 88.48914395569409, 40.615985157046296, 82.0047976687104, 73.66643644886821, 103.04858381819759, 62.815174434334565], [83.12205373468937, 81.73784666882258, 70.4580631407651, 23.428951480180405, 15.29498689383372, 76.25545985780326, 0.0, 91.2686743986132, 91.1757627243979, 96.55712201413158, 54.63221842173713, 44.40285681165871, 59.30615211350875, 19.913759570526647, 48.44084868718391, 89.52994713895598, 103.98238127161727, 87.85279041466923, 49.02681791021454, 41.22058869261185, 16.826446387134943, 60.48221817230712, 35.845382140540956, 72.46793184863954, 41.482106838263896, 32.58358049772255, 84.77417344374611, 68.0614830031347, 10.432588708396182, 63.09149692643952, 75.59619701975903, 42.789744713973796, 87.4130802403242, 63.64800948033808, 35.464249039667266, 80.68791736250989, 72.96709034584909, 52.3624362089568, 35.060879230150135, 29.90075500804537, 104.51191792084185, 21.67283846167905, 77.9363336428956, 47.79501260979923, 53.6890871201445, 22.270837489782053, 37.177324888740834, 57.03427554349291, 37.18315463620984], [55.79049391835883, 71.04150475556278, 62.9377025582165, 72.8073327799996, 95.70189743027483, 26.987062145361236, 91.2686743986132, 0.0, 45.528186059159026, 77.37638136272346, 36.64407760545013, 57.615240105076126, 32.0118095561283, 84.17679580984456, 59.08667456073861, 7.7466617867093115, 78.68863875198291, 43.08860983084573, 55.116339672110854, 51.75468492925198, 92.00458301730087, 71.37939376037124, 61.19233747374305, 44.10342303988605, 94.19325242788028, 78.38423444350025, 87.0478742481609, 63.11680107662732, 81.62273351620325, 104.17387156340504, 26.23467494775334, 49.466288080393646, 76.9662000764026, 37.597265453076695, 111.72460074841429, 76.03740951395913, 32.11732642795575, 116.35608187080635, 64.68207020018906, 81.16654455569653, 79.9898550809864, 98.36979512864056, 30.268905769992504, 112.36739130391318, 66.41439847407213, 90.71192748248876, 96.8872014556166, 126.89019470356797, 66.93311817877638], [14.625990999233904, 30.299623779426636, 29.0273912382319, 67.83604315499475, 88.0356698425726, 24.579363250422556, 91.1757627243979, 45.528186059159026, 0.0, 32.476884331714416, 51.26042080124294, 46.807530074586396, 47.320123168319746, 75.55496173788495, 43.4449147340777, 37.78240766312312, 33.16312478358327, 3.7750311102388747, 78.68605609908171, 66.0286129369767, 83.57806697595, 42.177855237286416, 55.39548154951796, 18.721523394354794, 73.4297367992507, 64.25532398600781, 46.296132562864805, 30.77673566309117, 84.84870624760445, 74.17977710318668, 25.938672587408718, 52.971685724977355, 34.38620100232092, 67.99377818971766, 96.47139045048243, 35.97301843975241, 23.356508694065145, 93.56262901106217, 80.7341618700029, 67.78088512124597, 34.46643344651973, 87.67635397879683, 20.172967676378235, 90.87596628516661, 42.901426474012624, 101.13390379845526, 78.34695653069666, 104.82839802258532, 84.89184802406429], [22.56198853781952, 14.836053265060933, 27.103920058905615, 74.22226952600383, 88.37771610033421, 52.94201296989508, 96.55712201413158, 77.37638136272346, 32.476884331714416, 0.0, 73.54486400250481, 56.0471105604568, 71.0977148057102, 77.45055159880798, 50.51240048144465, 69.6672601719506, 7.921710485500361, 34.373985727341285, 99.80079426275888, 84.55784917404493, 84.08138855573834, 36.26901871158006, 64.85137724514772, 37.915269919110386, 65.47681980157508, 64.49281748300129, 20.42057127202994, 29.304065823656362, 93.44517932152658, 56.77321765492377, 54.18254972334732, 69.14328701102905, 9.932275446821604, 93.45796845807101, 89.53291201016943, 16.754558725793625, 49.369448270752436, 80.43357329209785, 97.68693017155258, 67.68589504051734, 8.115413640505357, 85.7193788492915, 48.630234495589804, 79.2745695563795, 42.98340917156667, 112.20462641873158, 71.43068491513412, 91.11538059750437, 102.32329680990415], [51.89672902145273, 61.416883803884794, 49.18014585913188, 37.507665629150864, 59.9333238100604, 28.152008314196586, 54.63221842173713, 36.64407760545013, 51.26042080124294, 73.54486400250481, 0.0, 28.34133103253445, 5.074546668880303, 49.19026495806998, 32.60501690005779, 35.512645529841514, 78.3161325104909, 47.494848022308744, 27.44143546998129, 16.550844179529022, 56.55532016921739, 50.71048804929642, 27.823646845136228, 36.20902313720949, 63.62007663958013, 46.19622142324629, 74.1848583377164, 47.92984628003893, 45.00910933873086, 78.51566727456401, 26.96021638445603, 14.358019566089501, 68.4869100862515, 21.138571329678573, 77.53520433772002, 64.39412092701231, 27.93709340204821, 85.21502309432911, 31.216002229264298, 48.28265076898121, 79.38966787115189, 63.274967988546855, 31.84686657303401, 80.7908979966274, 42.904155469989824, 55.65675984620785, 64.92494512158477, 94.87578869676314, 34.755438393817236], [39.31260108348565, 41.627427064471, 28.949477267268186, 21.02856904537951, 42.2007112213653, 35.32131089611346, 44.40285681165871, 57.615240105076126, 46.807530074586396, 56.0471105604568, 28.34133103253445, 0.0, 29.810576703710023, 29.649325767108667, 5.789246893542121, 53.151957697310245, 62.673079015600884, 43.554537081642174, 47.73446793011209, 31.422694030658803, 37.87597913155396, 24.69896494540685, 9.068685962358904, 28.143854244524647, 36.74786976055858, 21.00223243694114, 50.48835986865673, 26.82226719063305, 38.79925483596697, 50.18308983786092, 35.101987581907416, 16.338072974478404, 48.36510559799037, 48.71823626091308, 54.87980210832332, 42.61712424154622, 30.90973055460118, 58.870106556793836, 42.499814360526514, 24.084439892847133, 63.436512812747345, 43.07753664274535, 35.710598216826355, 54.787778175788425, 16.13294411306013, 56.66420036390356, 39.2774856552974, 69.28644325488932, 47.21685356368006], [49.05001392354314, 59.59316683541127, 47.74823666532701, 41.29302154125462, 63.99109605413202, 23.63173854072479, 59.30615211350875, 32.0118095561283, 47.320123168319746, 71.0977148057102, 5.074546668880303, 29.810576703710023, 0.0, 52.88701348868288, 33.39641226836218, 30.532053447075278, 75.49341289837483, 43.5813531082669, 31.51557954708686, 21.600524154218938, 60.46428001652205, 50.619093797720446, 30.714129791276473, 33.332056320993345, 65.99400472963207, 48.89906051517855, 73.06262644401782, 46.715612427765656, 49.82730159347, 79.82026268232137, 22.386260290543383, 17.829088017288882, 66.61169795202572, 22.44631844927291, 81.02191509517345, 62.93609975150541, 23.97871663285212, 87.84518846559575, 36.180187926525655, 51.224475774752314, 76.60689424121597, 67.05295002734857, 27.54157475293575, 83.51962979852199, 43.25162350876218, 60.730999419299856, 67.6901251869487, 97.76567365357373, 39.604492463170196], [65.84858898430305, 62.72264930967483, 52.14261075679926, 11.704247258767204, 12.569907939360279, 64.56164787216333, 19.913759570526647, 84.17679580984456, 75.55496173788495, 77.45055159880798, 49.19026495806998, 29.649325767108667, 52.88701348868288, 0.0, 32.12580296765077, 80.88731557887634, 85.03986716098206, 72.54672268812946, 54.14378870506863, 41.04564262541842, 8.233108533536468, 41.19130930108532, 23.25185712242745, 57.2477179743046, 23.344980416611826, 12.971750129608562, 64.92489901031519, 49.72741143993971, 21.53983162281508, 44.82517523240474, 64.19415567724509, 35.06031718220056, 68.07863761793168, 64.13910149927749, 28.49592072930749, 61.26878474363178, 60.414761859372646, 39.79292496467343, 42.102610459960644, 10.024947763088612, 85.49144439315252, 14.197273859743587, 65.27989054236711, 35.01830391265128, 35.149459328056864, 40.20719669875218, 20.663169556344943, 47.62710113474763, 45.88549251372611], [34.71080584529353, 35.985358331276665, 23.41637348631091, 25.052829504476787, 44.64595260119682, 35.04386496453474, 48.44084868718391, 59.08667456073861, 43.4449147340777, 50.51240048144465, 32.60501690005779, 5.789246893542121, 33.39641226836218, 32.12580296765077, 0.0, 54.00495624776421, 57.28097621425028, 40.42235600346581, 53.32868628917968, 37.05008190408097, 40.20841719259089, 19.080187848874154, 14.34094506588434, 25.168817533357664, 35.28938062070425, 21.592143604056005, 44.725231964169176, 21.22083157099129, 43.60402456554394, 46.52263022337405, 35.04778292050639, 21.713680923109766, 42.66092739164754, 53.41566189739601, 55.33143568351801, 36.847600658777864, 30.195360885861117, 57.40967215507542, 48.28847814404035, 25.00636544728804, 58.00737460188994, 44.73411136579938, 34.69945565696307, 53.59769895731663, 10.631207064021995, 61.876927649441704, 38.62276771747126, 68.16728347274474, 53.005792044762956], [48.21123672981346, 63.61984160999196, 55.966494789477984, 69.82269701629382, 92.77854693657743, 20.29665131987958, 89.52994713895598, 7.7466617867093115, 37.78240766312312, 69.6672601719506, 35.512645529841514, 53.151957697310245, 30.532053447075278, 80.88731557887634, 54.00495624776421, 0.0, 70.94217121573803, 35.35436934576449, 57.186039366396564, 51.58432794808285, 88.89720577075784, 65.03606544870665, 57.66736668135063, 37.11246038892228, 89.2876074928477, 74.1273652261398, 79.71334220223761, 56.287700723888904, 80.27433824519854, 98.16097356276886, 19.755201436338382, 46.9639106096329, 69.43083102524677, 40.73588988920312, 107.83807220185955, 68.70486067755499, 25.551436384236794, 111.4142243255886, 65.37954198537282, 77.08246846029029, 72.24327117277414, 95.00949448481987, 23.12272016881803, 107.57335526848917, 60.595800887051965, 90.8671685749293, 92.3323541882866, 122.13739291195931, 68.09623882543164], [26.44888549454437, 22.317863091023696, 33.93003555625047, 81.41710288982704, 96.10792760134035, 55.765389676963245, 103.98238127161727, 78.68863875198291, 33.16312478358327, 7.921710485500361, 78.3161325104909, 62.673079015600884, 75.49341289837483, 85.03986716098206, 57.28097621425028, 70.94217121573803, 0.0, 35.759936337549014, 105.06288737524096, 90.20299875696098, 91.78745007514418, 43.92195531825688, 71.60279105746122, 42.17432489650459, 73.39671370527248, 72.10602266302638, 27.644550997194067, 36.2372262437077, 100.55580460309895, 64.37514041255483, 57.06930094249692, 75.0088537650327, 17.853740057003602, 97.62639637302438, 97.45448523770821, 24.662143840541958, 52.76171244885005, 88.2068304342704, 103.71094089263289, 75.34320722580172, 1.315803964954037, 93.5446000564907, 51.320295214784394, 87.12060610441554, 50.307797668161264, 119.13559054772102, 79.34711519308192, 98.81922167099248, 108.29679590151495], [14.484236399143475, 30.551779112730344, 27.66983324453409, 64.56861842360422, 85.06530198823721, 21.032088215559277, 87.85279041466923, 43.08860983084573, 3.7750311102388747, 34.373985727341285, 47.494848022308744, 43.554537081642174, 43.5813531082669, 72.54672268812946, 40.42235600346581, 35.35436934576449, 35.759936337549014, 0.0, 74.9246116025645, 62.260876413321455, 80.62112858250411, 40.48160211570671, 52.02939645835253, 15.410827180773818, 71.29003259824852, 61.48044847968903, 46.774777171468735, 29.208272732293132, 81.37002558198074, 73.04541125623668, 22.39046731004163, 49.282757392990575, 35.273643658836455, 64.38244458865385, 94.05371577616195, 36.14379307834131, 19.607448500303374, 91.7718208044067, 76.97582780159264, 64.99546383117433, 37.04508076552352, 84.88582269358908, 16.582345019684407, 88.94457025987568, 40.546900137705116, 97.50788745337871, 76.05889174337216, 103.03143743542287, 81.1251226224977], [78.81246137360918, 86.7564074325118, 74.04577075503997, 44.0684900592328, 60.50013183844649, 55.11365054617172, 49.02681791021454, 55.116339672110854, 78.68605609908171, 99.80079426275888, 27.44143546998129, 47.73446793011209, 31.51557954708686, 54.14378870506863, 53.32868628917968, 57.186039366396564, 105.06288737524096, 74.9246116025645, 0.0, 16.32619576509379, 58.816597851409945, 72.40189145174934, 42.060863334007905, 63.2829719355795, 75.03864107845828, 57.71740560556165, 97.79844424982309, 72.40675165019627, 38.778620494052355, 94.03508927389687, 53.84364678929283, 31.735861123052175, 93.81918208408325, 18.369197606221395, 81.15434577086964, 88.95843604068598, 55.33966313060302, 93.89766909511306, 14.054517849345917, 58.22666569891077, 106.08179589696283, 65.84897245452979, 59.05532138336804, 89.13430893821442, 63.864831771059436, 39.002915077352164, 74.12224437717082, 101.56376592023705, 13.561017130604782], [64.32676142174269, 71.1020828543225, 58.30474246724208, 29.924148563161115, 49.58612455110792, 44.184407104181105, 41.22058869261185, 51.75468492925198, 66.0286129369767, 84.55784917404493, 16.550844179529022, 31.422694030658803, 21.600524154218938, 41.04564262541842, 37.05008190408097, 51.58432794808285, 90.20299875696098, 62.260876413321455, 16.32619576509379, 0.0, 47.041298987836235, 56.10794082761488, 25.93858618559693, 49.230363735051064, 60.1809259772087, 42.52965542348526, 81.63680263406842, 56.55630724695052, 30.951003972089723, 78.34907719622434, 43.07459492179557, 15.64663504170617, 78.12383186884374, 23.26626991760767, 69.22971196591438, 73.03030357592287, 43.17711597842154, 80.12772187239779, 14.884196865007754, 43.48927583477501, 91.16257384740742, 54.111035370854104, 47.526262189459196, 75.43482037900559, 47.55559103322496, 39.288344322909126, 59.933107440507726, 88.60357111521016, 18.866220051124884], [73.52016400251014, 69.50196429394153, 59.455124538632475, 19.204644709928683, 4.477558850500872, 72.77265789493669, 16.826446387134943, 92.00458301730087, 83.57806697595, 84.08138855573834, 56.55532016921739, 37.87597913155396, 60.46428001652205, 8.233108533536468, 40.20841719259089, 88.89720577075784, 91.78745007514418, 80.62112858250411, 58.816597851409945, 47.041298987836235, 0.0, 47.87281142555668, 31.362740666559844, 65.36609883424218, 24.81995769237114, 19.958599421881768, 70.37896306492412, 57.046890189579955, 22.41558058054858, 46.33598470381515, 72.3921392287894, 42.65923096618699, 74.51272814058821, 70.30304312305708, 22.368226330880766, 67.63510586487106, 68.64547062037204, 36.69398975843089, 45.87093581067762, 16.54216298470759, 92.17190163170922, 7.0897651957552315, 73.51266515398233, 31.970969862673826, 42.49507848968078, 38.91380078628291, 20.350880715855432, 43.0008185900414, 49.14489330863318], [28.79955210282154, 21.629823192622982, 13.424366812542454, 38.909780603766805, 52.21267343623122, 44.7501666001789, 60.48221817230712, 71.37939376037124, 42.177855237286416, 36.26901871158006, 50.71048804929642, 24.69896494540685, 50.619093797720446, 41.19130930108532, 19.080187848874154, 65.03606544870665, 43.92195531825688, 40.48160211570671, 72.40189145174934, 56.10794082761488, 47.87281142555668, 0.0, 31.90917634678479, 28.959187748233113, 31.928301466416407, 28.22672392969302, 26.15684415509771, 11.42716398504221, 58.19734022685776, 33.49209359194367, 45.29852139404735, 40.781270399986866, 26.935441780587826, 71.80358184984055, 55.8225429802759, 20.222664170325988, 39.48652140341767, 51.38601572942947, 66.79204954325503, 31.424994310430957, 44.332163292315904, 49.93713322399052, 42.541619412526714, 48.790939000409736, 8.606112912145742, 77.38533107413389, 37.375450104043225, 62.65164830795373, 71.50896275232343], [48.36665008391418, 50.285298774524314, 37.757318285585285, 12.911304352928575, 35.43021307505365, 41.58271288559842, 35.845382140540956, 61.19233747374305, 55.39548154951796, 64.85137724514772, 27.823646845136228, 9.068685962358904, 30.714129791276473, 23.25185712242745, 14.34094506588434, 57.66736668135063, 71.60279105746122, 52.02939645835253, 42.060863334007905, 25.93858618559693, 31.362740666559844, 31.90917634678479, 0.0, 36.67415294570159, 35.958123531802805, 18.38268046106877, 58.051837266013855, 35.553146615783405, 29.777730660809606, 52.63051523914988, 41.13322557046191, 13.607735297932685, 56.88136991488053, 46.22092841412343, 50.57862879010908, 50.881936063953226, 37.735267457653485, 57.39501094365549, 34.96440993007511, 20.52053703328569, 72.3396974868838, 37.34223248878818, 42.68038672775911, 52.96882738878424, 23.385226186186813, 47.622745448882995, 37.10423874080605, 67.10371292938282, 39.66870600528167], [15.725439524866951, 27.920827142612467, 18.857429793389578, 49.16114214304193, 69.7929851121678, 17.18613668017401, 72.46793184863954, 44.10342303988605, 18.721523394354794, 37.915269919110386, 36.20902313720949, 28.143854244524647, 33.332056320993345, 57.2477179743046, 25.168817533357664, 37.11246038892228, 42.17432489650459, 15.410827180773818, 63.2829719355795, 49.230363735051064, 65.36609883424218, 28.959187748233113, 36.67415294570159, 0.0, 57.66190550815092, 46.51244661763176, 43.32805388774588, 19.24109234000962, 66.17075146934218, 62.4485940259872, 18.114242387462028, 35.09809185807094, 34.558471336570854, 55.58558619515562, 79.65374462227781, 32.397180136424375, 12.413049903462063, 78.92775783032855, 63.543560551098636, 49.99800796929525, 43.278827787032654, 69.83649486782357, 14.020593476183373, 75.73492718077223, 26.816218086132178, 82.7574786925743, 62.02548800934169, 90.10360756418261, 67.91048826546604], [60.6471368044168, 52.068528423033285, 45.29990229367563, 31.061971304264336, 27.786627779240305, 70.15722729972767, 41.482106838263896, 94.19325242788028, 73.4297367992507, 65.47681980157508, 63.62007663958013, 36.74786976055858, 65.99400472963207, 23.344980416611826, 35.28938062070425, 89.2876074928477, 73.39671370527248, 71.29003259824852, 75.03864107845828, 60.1809259772087, 24.81995769237114, 31.928301466416407, 35.958123531802805, 57.66190550815092, 0.0, 17.76563961823395, 48.81015957526026, 43.16055180033845, 44.85397530754222, 21.66126743106348, 70.24439240627188, 49.55795822105087, 55.551010882717634, 81.95851775072633, 24.157052207651148, 48.7501725520375, 65.14307675866819, 22.162849541083666, 64.25878175401137, 16.811984973848787, 73.52173277865221, 22.815030084836142, 69.35235592362447, 18.332318549733877, 30.89349412429086, 63.086216433506834, 6.051244557436052, 32.89721861742052, 68.36773410827165], [53.66192710909612, 49.788765703045975, 39.497562473243505, 14.576786325058437, 24.407930695100077, 56.14533893494953, 32.58358049772255, 78.38423444350025, 64.25532398600781, 64.49281748300129, 46.19622142324629, 21.00223243694114, 48.89906051517855, 12.971750129608562, 21.592143604056005, 74.1273652261398, 72.10602266302638, 61.48044847968903, 57.71740560556165, 42.52965542348526, 19.958599421881768, 28.22672392969302, 18.38268046106877, 46.51244661763176, 17.76563961823395, 0.0, 52.230537764632295, 37.08869783494244, 32.083607371715466, 36.62218949626587, 55.999206585300236, 31.975928413475764, 55.10695381365585, 64.1980250364053, 33.93892832357389, 48.3005402824568, 51.516021805751365, 39.0195051646037, 47.769352964445666, 3.5310643842477636, 72.54358124004254, 23.42107565050218, 56.15586606779757, 34.63005930341515, 22.53990523285285, 51.419167658347604, 18.791347177338693, 48.88842587289563, 52.127338701469434], [32.34878414875718, 16.28855055746302, 25.460940905286193, 64.51957994498065, 74.3594546643658, 60.43005165305571, 84.77417344374611, 87.0478742481609, 46.296132562864805, 20.42057127202994, 74.1848583377164, 50.48835986865673, 73.06262644401782, 64.92489901031519, 44.725231964169176, 79.71334220223761, 27.644550997194067, 46.774777171468735, 97.79844424982309, 81.63680263406842, 70.37896306492412, 26.15684415509771, 58.051837266013855, 43.32805388774588, 48.81015957526026, 52.230537764632295, 0.0, 26.34701414892156, 83.64036498289194, 36.93628854243733, 61.418797371381494, 66.06516994373713, 12.52842445494218, 95.22338295031358, 72.1622175990199, 11.01106999267368, 55.7348116436054, 61.17080071196813, 92.86208552622199, 54.9012321650589, 27.29289007190036, 70.7010604229715, 56.80062935429477, 60.511803003684165, 34.677350266483984, 102.97551646931409, 54.86017410188366, 71.51801001811076, 97.5823681150404], [17.49096417183142, 14.81570758197903, 2.4152571247804255, 45.22777391322224, 61.489707575007365, 36.13264342419234, 68.0614830031347, 63.11680107662732, 30.77673566309117, 29.304065823656362, 47.92984628003893, 26.82226719063305, 46.715612427765656, 49.72741143993971, 21.22083157099129, 56.287700723888904, 36.2372262437077, 29.208272732293132, 72.40675165019627, 56.55630724695052, 57.046890189579955, 11.42716398504221, 35.553146615783405, 19.24109234000962, 43.16055180033845, 37.08869783494244, 26.34701414892156, 0.0, 64.32165609751031, 44.03269960704387, 36.90433001337017, 40.919902476647785, 21.671393514757337, 68.90958157813601, 66.82583072466267, 16.58541385295916, 31.02856426803099, 62.80271737876261, 68.95495937724652, 40.527237392450026, 36.90333122676945, 59.88618815830949, 33.25170554121715, 60.21308294606297, 14.580735588070523, 82.93988952930815, 48.43146867807065, 74.06753909299815, 73.6419875648027], [78.10510012949595, 78.64205035984759, 66.6500481191958, 19.304339006041694, 22.77094835043653, 68.1593414899564, 10.432588708396182, 81.62273351620325, 84.84870624760445, 93.44517932152658, 45.00910933873086, 38.79925483596697, 49.82730159347, 21.53983162281508, 43.60402456554394, 80.27433824519854, 100.55580460309895, 81.37002558198074, 38.778620494052355, 30.951003972089723, 22.41558058054858, 58.19734022685776, 29.777730660809606, 66.17075146934218, 44.85397530754222, 32.083607371715466, 83.64036498289194, 64.32165609751031, 0.0, 66.36391934528046, 67.39494533365982, 34.17100042071651, 84.78682228104037, 53.22188142322322, 43.74479208899137, 78.30381709700842, 65.28413944459311, 59.10910621486297, 24.937961369771195, 30.307677049798667, 101.1987261421724, 28.82494930779847, 70.22016850050942, 54.380591683530476, 50.56220594095543, 19.38017457467952, 41.65807190913473, 65.03602339849606, 27.4860548614056], [59.79294270331121, 46.630459644256185, 45.38869399869239, 51.087220298140664, 48.94989539577137, 77.9653230384581, 63.09149692643952, 104.17387156340504, 74.17977710318668, 56.77321765492377, 78.51566727456401, 50.18308983786092, 79.82026268232137, 44.82517523240474, 46.52263022337405, 98.16097356276886, 64.37514041255483, 73.04541125623668, 94.03508927389687, 78.34907719622434, 46.33598470381515, 33.49209359194367, 52.63051523914988, 62.4485940259872, 21.66126743106348, 36.62218949626587, 36.93628854243733, 44.03269960704387, 66.36391934528046, 0.0, 78.41453767610255, 65.54436942076903, 47.35311372527367, 98.48964413031395, 39.00235111740731, 41.65104325682384, 72.69747808753095, 24.623222050590133, 84.38535288726341, 36.96867443671061, 64.1250836372651, 43.379328896304074, 75.97297453134442, 24.89841093768533, 37.809004239800515, 84.744135279327, 26.19537357085491, 34.60433292729033, 88.70976290653829], [31.689355141306255, 45.786666160869416, 36.812015597388516, 53.922921350286515, 76.53782907106721, 1.359465236649248, 75.59619701975903, 26.23467494775334, 25.938672587408718, 54.18254972334732, 26.96021638445603, 35.101987581907416, 22.386260290543383, 64.19415567724509, 35.04778292050639, 19.755201436338382, 57.06930094249692, 22.39046731004163, 53.84364678929283, 43.07459492179557, 72.3921392287894, 45.29852139404735, 41.13322557046191, 18.114242387462028, 70.24439240627188, 55.999206585300236, 61.418797371381494, 36.90433001337017, 67.39494533365982, 78.41453767610255, 0.0, 33.261498919157326, 52.16581458257295, 42.081202116888726, 89.93466076403269, 50.45782303762012, 5.882839600546879, 92.26438584581828, 57.94183550016886, 59.168697221220135, 58.29683092879893, 78.00481939330308, 5.834685271968858, 88.5756834424282, 40.939493431747984, 81.04761397975126, 73.65982311925036, 103.14146948855266, 61.66055775149621], [49.543472933597, 55.51205138556279, 42.696286889991164, 23.470825649128848, 46.257475599570135, 34.0722255546156, 42.789744713973796, 49.466288080393646, 52.971685724977355, 69.14328701102905, 14.358019566089501, 16.338072974478404, 17.829088017288882, 35.06031718220056, 21.713680923109766, 46.9639106096329, 75.0088537650327, 49.282757392990575, 31.735861123052175, 15.64663504170617, 42.65923096618699, 40.781270399986866, 13.607735297932685, 35.09809185807094, 49.55795822105087, 31.975928413475764, 66.06516994373713, 40.919902476647785, 34.17100042071651, 65.54436942076903, 33.261498919157326, 0.0, 62.515559497871365, 32.950261029607574, 63.27038583071588, 57.38367649983268, 31.589162061655813, 70.96403326149459, 28.752108165520873, 33.95534533909742, 75.92776972605085, 49.22393763465727, 36.428934081165515, 66.50281683611976, 32.329722874729605, 48.43683603036925, 50.636895622992576, 80.53642985579992, 33.29706493418743], [21.259223915891898, 7.083430525863429, 19.820032982868707, 65.49171422237674, 78.7667838898054, 51.04911760772681, 87.4130802403242, 76.9662000764026, 34.38620100232092, 9.932275446821604, 68.4869100862515, 48.36510559799037, 66.61169795202572, 68.07863761793168, 42.66092739164754, 69.43083102524677, 17.853740057003602, 35.273643658836455, 93.81918208408325, 78.12383186884374, 74.51272814058821, 26.935441780587826, 56.88136991488053, 34.558471336570854, 55.551010882717634, 55.10695381365585, 12.52842445494218, 21.671393514757337, 84.78682228104037, 47.35311372527367, 52.16581458257295, 62.515559497871365, 0.0, 89.05125079702997, 79.60074577970045, 6.9058283569621715, 46.79699834186252, 70.71052633971954, 90.62402907610321, 58.218830888879246, 17.98085057953377, 75.95622404404106, 47.06339411686044, 69.44476493971466, 34.233564241646285, 103.77234565606518, 61.51228179992551, 81.48745129937754, 95.31272068356449], [71.24266396708225, 82.02400723244943, 70.05279545115074, 52.75970668036173, 72.83083385652377, 43.43727651527445, 63.64800948033808, 37.597265453076695, 67.99377818971766, 93.45796845807101, 21.138571329678573, 48.71823626091308, 22.44631844927291, 64.13910149927749, 53.41566189739601, 40.73588988920312, 97.62639637302438, 64.38244458865385, 18.369197606221395, 23.26626991760767, 70.30304312305708, 71.80358184984055, 46.22092841412343, 55.58558619515562, 81.95851775072633, 64.1980250364053, 95.22338295031358, 68.90958157813601, 53.22188142322322, 98.48964413031395, 42.081202116888726, 32.950261029607574, 89.05125079702997, 0.0, 92.44867369778275, 85.26588540456633, 45.20767512824103, 102.67289886683507, 30.698431267256264, 65.6467953389041, 98.76849439541922, 77.36752762285253, 47.82102007844188, 98.04789112041335, 63.87101361077001, 56.82057164907662, 82.3346893637226, 111.51947384582084, 31.532323722954185], [84.28858399190432, 76.22555325558424, 69.0521131159204, 40.17603218898821, 20.98129177658972, 90.0838900737484, 35.464249039667266, 111.72460074841429, 96.47139045048243, 89.53291201016943, 77.53520433772002, 54.87980210832332, 81.02191509517345, 28.49592072930749, 55.33143568351801, 107.83807220185955, 97.45448523770821, 94.05371577616195, 81.15434577086964, 69.22971196591438, 22.368226330880766, 55.8225429802759, 50.57862879010908, 79.65374462227781, 24.157052207651148, 33.93892832357389, 72.1622175990199, 66.82583072466267, 43.74479208899137, 39.00235111740731, 89.93466076403269, 63.27038583071588, 79.60074577970045, 92.44867369778275, 0.0, 72.84199502214622, 85.42643317800349, 19.012117624137456, 68.03034233008702, 30.801225570084824, 97.54271184463508, 15.30640391273479, 90.01672065335275, 15.555915149288934, 53.57009306262072, 57.05318669742269, 18.450610251663466, 21.580109811102695, 71.07713119502112], [21.6598344577674, 5.686989356865584, 15.218436098255795, 58.999530496546754, 71.87839164494531, 49.45303639817764, 80.68791736250989, 76.03740951395913, 35.97301843975241, 16.754558725793625, 64.39412092701231, 42.61712424154622, 62.93609975150541, 61.26878474363178, 36.847600658777864, 68.70486067755499, 24.662143840541958, 36.14379307834131, 88.95843604068598, 73.03030357592287, 67.63510586487106, 20.222664170325988, 50.881936063953226, 32.397180136424375, 48.7501725520375, 48.3005402824568, 11.01106999267368, 16.58541385295916, 78.30381709700842, 41.65104325682384, 50.45782303762012, 57.38367649983268, 6.9058283569621715, 85.26588540456633, 72.84199502214622, 0.0, 44.81022779461496, 64.47299637555541, 85.0765240635177, 51.37854803993909, 24.8478259837104, 69.05054037050498, 45.79420478318276, 63.01872207651312, 27.86219747732075, 97.38989541619453, 54.68877085923847, 75.37975621341108, 89.78545152166387], [26.80813845950527, 40.276099696966384, 30.97181917803568, 50.64053460683283, 72.88953582968976, 5.269904482918283, 72.96709034584909, 32.11732642795575, 23.356508694065145, 49.369448270752436, 27.93709340204821, 30.90973055460118, 23.97871663285212, 60.414761859372646, 30.195360885861117, 25.551436384236794, 52.76171244885005, 19.607448500303374, 55.33966313060302, 43.17711597842154, 68.64547062037204, 39.48652140341767, 37.735267457653485, 12.413049903462063, 65.14307675866819, 51.516021805751365, 55.7348116436054, 31.02856426803099, 65.28413944459311, 72.69747808753095, 5.882839600546879, 31.589162061655813, 46.79699834186252, 45.20767512824103, 85.42643317800349, 44.81022779461496, 0.0, 87.05705856367057, 58.02489940994426, 54.78654763745864, 53.95204579194419, 73.98652899366913, 4.970103711363362, 83.46833085709771, 35.39832046486044, 79.96035234251111, 68.77882411404178, 98.01628682526983, 62.01086751150884], [79.95110663856258, 68.86874224957373, 64.67929614059774, 50.22039804472713, 37.090607776678155, 92.13178446896715, 52.3624362089568, 116.35608187080635, 93.56262901106217, 80.43357329209785, 85.21502309432911, 58.870106556793836, 87.84518846559575, 39.79292496467343, 57.40967215507542, 111.4142243255886, 88.2068304342704, 91.7718208044067, 93.89766909511306, 80.12772187239779, 36.69398975843089, 51.38601572942947, 57.39501094365549, 78.92775783032855, 22.162849541083666, 39.0195051646037, 61.17080071196813, 62.80271737876261, 59.10910621486297, 24.623222050590133, 92.26438584581828, 70.96403326149459, 70.71052633971954, 102.67289886683507, 19.012117624137456, 64.47299637555541, 87.05705856367057, 0.0, 81.80591963594392, 37.11029876760461, 88.06026010089568, 30.715628177127307, 91.13519759647366, 4.782245942615086, 52.159982990132725, 74.53250889442924, 20.370128917404852, 11.265772522626236, 85.4129785168838], [78.27471130990875, 83.72898981195041, 70.90127678062095, 33.34819497475265, 47.15769341379797, 59.06082834292342, 35.060879230150135, 64.68207020018906, 80.7341618700029, 97.68693017155258, 31.216002229264298, 42.499814360526514, 36.180187926525655, 42.102610459960644, 48.28847814404035, 65.37954198537282, 103.71094089263289, 76.97582780159264, 14.054517849345917, 14.884196865007754, 45.87093581067762, 66.79204954325503, 34.96440993007511, 63.543560551098636, 64.25878175401137, 47.769352964445666, 92.86208552622199, 68.95495937724652, 24.937961369771195, 84.38535288726341, 57.94183550016886, 28.752108165520873, 90.62402907610321, 30.698431267256264, 68.03034233008702, 85.0765240635177, 58.02489940994426, 81.80591963594392, 0.0, 47.63566071916459, 104.6100150787048, 52.784179630089355, 62.40601164268573, 77.02373346304289, 58.20780765075561, 26.34786838341386, 62.60764683365445, 88.85610801219599, 4.720776334654528], [57.171255262036524, 53.035458736119274, 42.93203808776121, 14.311392671004599, 20.966807318008303, 59.35039930454905, 29.90075500804537, 81.16654455569653, 67.78088512124597, 67.68589504051734, 48.28265076898121, 24.084439892847133, 51.224475774752314, 10.024947763088612, 25.00636544728804, 77.08246846029029, 75.34320722580172, 64.99546383117433, 58.22666569891077, 43.48927583477501, 16.54216298470759, 31.424994310430957, 20.52053703328569, 49.99800796929525, 16.811984973848787, 3.5310643842477636, 54.9012321650589, 40.527237392450026, 30.307677049798667, 36.96867443671061, 59.168697221220135, 33.95534533909742, 58.218830888879246, 65.6467953389041, 30.801225570084824, 51.37854803993909, 54.78654763745864, 37.11029876760461, 47.63566071916459, 0.0, 75.75655135768461, 19.89630767503548, 59.4663077026883, 32.580440365681476, 26.005936732000766, 49.488214939905745, 16.74048238568223, 46.59618406181086, 51.854341208697576], [27.556889459611615, 22.786231687514682, 34.62006192477829, 82.02943756415213, 96.47624222739769, 56.99613167084307, 104.51191792084185, 79.9898550809864, 34.46643344651973, 8.115413640505357, 79.38966787115189, 63.436512812747345, 76.60689424121597, 85.49144439315252, 58.00737460188994, 72.24327117277414, 1.315803964954037, 37.04508076552352, 106.08179589696283, 91.16257384740742, 92.17190163170922, 44.332163292315904, 72.3396974868838, 43.278827787032654, 73.52173277865221, 72.54358124004254, 27.29289007190036, 36.90333122676945, 101.1987261421724, 64.1250836372651, 58.29683092879893, 75.92776972605085, 17.98085057953377, 98.76849439541922, 97.54271184463508, 24.8478259837104, 53.95204579194419, 88.06026010089568, 104.6100150787048, 75.75655135768461, 0.0, 93.83479027128169