instance_id,num_cities,city_coordinates,distance_matrix,best_route,total_distance
2321,100,"[[13.092253683372746, 4.812622403948863], [41.33346521720216, 36.79728289531374], [35.81040846790472, 86.94400054763179], [30.587908832827672, 65.23130580291571], [41.29401338766285, 26.145467328823656], [46.30398222550246, 31.958635178744508], [10.316988978528762, 50.76567909164116], [44.92036870378674, 26.177448235993918], [47.80247485208419, 44.89986627890667], [59.407450078101064, 56.98958894479629], [78.78891666305037, 63.19889237891382], [78.1543331437419, 37.343700158517144], [64.48865470150764, 0.9698342947434324], [89.58093040771669, 13.040066534173278], [8.611536819654908, 67.5932493455466], [90.0761937118323, 42.037803683149974], [24.89494901988394, 71.43759880283842], [37.83464342606965, 91.75764858571912], [2.0503678058497066, 53.55460737236426], [45.63138919226491, 60.20276563376322], [80.76754475515504, 53.42991613012023], [29.890537155556096, 82.41965918261978], [76.02648462941927, 59.291315799032255], [71.95669306234164, 77.63110809979194], [25.688246638151256, 7.986661344193191], [1.7353757889545296, 66.93319542662567], [85.5835153090205, 20.41707449840475], [40.975858905755814, 45.52397454590793], [97.11777795886623, 84.65692683393556], [73.01422693945777, 56.46648508773547], [83.94369875779445, 2.7724341661094276], [4.616539724778579, 20.942119624207567], [61.656652169491785, 74.63011636797621], [38.969388950648224, 57.69626280964951], [59.3899716229608, 43.209712462975844], [5.849169809302346, 82.17674986671975], [83.47765200784978, 85.86992662694753], [40.51231569127953, 7.496940306959477], [69.66063220189253, 44.651367579648195], [91.04484991553186, 51.79139303437551], [1.0226371653201394, 50.42589311047478], [51.76674287501189, 86.60817327683732], [21.15230843140147, 2.0995740768215976], [45.54937912542749, 22.44175120675186], [99.65589628377417, 41.60026835538439], [99.40064752097774, 44.956808638641576], [56.97380624558098, 72.88325442070412], [8.030949566813817, 44.176800334340946], [33.83874658559041, 44.52327158171228], [18.58334665048005, 26.48270683575533], [62.17727662760648, 80.61435657636618], [36.31840878308871, 95.21354355098572], [19.961334445948943, 15.860674616406955], [71.89670650536833, 93.02168454257892], [84.57791827377838, 48.672161056882814], [63.9474397274802, 15.528498328976637], [18.74164042344305, 50.562815919364844], [59.765825768877335, 2.152669707388666], [0.4447382810516154, 47.30201567161144], [5.271567801352017, 88.86513345691945], [53.05199171953752, 13.22810044272601], [12.54604865850385, 45.84801886608493], [82.03272275974886, 31.858546415649258], [32.37744683259388, 38.81222440294455], [42.93088543932433, 37.38544825972233], [32.33626753584646, 0.29554465003901464], [89.50277752517064, 84.62333454072075], [73.79119030653976, 76.83194192668729], [49.92168532651087, 62.707545544444464], [62.53794435245308, 60.81897507227376], [12.064030122328628, 65.65788572907921], [81.7836082455506, 21.939445727379315], [75.59410345560313, 69.54628238970663], [80.95782114342475, 4.784851528714052], [12.327800965498415, 80.7668989216793], [82.98582133823909, 78.80171412266598], [3.8083495341920792, 39.30444711600531], [58.610984835833754, 27.995392804827148], [57.119277609684225, 21.78590918071911], [42.27681120226053, 34.464883508693354], [62.51854092820297, 47.62196799353351], [65.77318021836602, 68.32401717103036], [87.5845752095169, 9.466643551211773], [22.07720241237231, 70.1106924015944], [46.01936931433778, 80.52688925206168], [34.66228029850249, 42.917579299073886], [64.48000301953675, 76.71636020587711], [30.896659399467275, 16.306370745354215], [92.13394968457526, 11.525034245979725], [36.80018843246491, 28.20083439260721], [57.22093546901608, 10.985467544275174], [0.15188886225043774, 24.700277465689314], [3.5071540127091683, 24.20319559262879], [22.91228840292986, 30.44216815064795], [27.31303303301219, 38.264562647903425], [89.63539814299999, 60.98129376064206], [6.407385271278199, 49.93349956050292], [4.403258061059756, 50.7903829808387], [23.67199602395057, 26.543266071618078], [18.329383069530124, 29.478139610242838]]","[[0.0, 42.66830832885664, 85.21547883216165, 62.90083666194943, 35.361412910222874, 42.894346041471266, 46.03678434821675, 38.33385825332904, 53.02628192765552, 69.76770925354342, 87.89202494114491, 72.74163322046843, 51.53985892558485, 76.92989343523855, 62.940320485304746, 85.51164332168364, 67.66233145080868, 90.39703218539992, 49.97703815146987, 64.24066707845893, 83.32818413302476, 79.40424727417174, 83.23848544276753, 93.63521817369791, 12.989748331319479, 63.15017235268996, 74.15174938763265, 49.3448035098358, 115.91118013237522, 79.11235307496833, 70.88081289869363, 18.22082346345086, 85.04694740986038, 58.87533908352737, 60.148276878183985, 77.70244836607581, 107.35171570680671, 27.551140867881976, 69.18892299630654, 91.01435133691973, 47.18311252386455, 90.47777769614756, 8.504417309054654, 36.93577093153865, 94.05634011005426, 95.18768058563474, 80.98889799491255, 39.68822625786977, 44.80348899205474, 22.354969497967026, 90.30638062164695, 93.33692101708111, 13.009370784630383, 106.01321764323072, 83.86810700606149, 51.97191495819037, 46.097676484144976, 46.74930672821503, 44.33179655852039, 84.4155657564112, 40.83626984116025, 41.03903145462721, 74.05585920180417, 39.088254129506446, 44.17389420571642, 19.767044811733175, 110.49125723584031, 94.18674690051428, 68.61653707817436, 74.71002519709896, 60.85395067533363, 70.7942813279352, 89.98293149315681, 67.86557314203115, 75.95812339236484, 101.78161176207671, 35.71941836338327, 51.08224475480558, 47.18549882977276, 41.605227870992515, 65.38805655941272, 82.51652734964932, 74.6375634596522, 65.91333134564029, 82.56418804858544, 43.78645667505811, 88.379003681445, 21.192053082201777, 79.32620109070866, 33.302772108243985, 44.558327765581815, 23.727028165333106, 21.630267318785222, 27.446433230484583, 36.34917978986924, 94.94089006188835, 45.6133864239859, 46.79159232800674, 24.16923296681604, 25.21537751574101], [42.66830832885664, 0.0, 50.449949922247356, 30.396720887618862, 10.651888626406798, 6.9367536394817435, 34.01672956887193, 11.209226771430902, 10.368217934836862, 27.099781407752577, 45.82527497284457, 36.82492208666855, 42.65874908246371, 53.779394070033476, 44.934576304423715, 49.02363347640578, 38.34287809936287, 55.071622009426896, 42.707957875072445, 23.796822744124388, 42.79826068112095, 47.035537848785694, 41.347153616785334, 51.040996899406316, 32.78452041052563, 49.76124908462789, 47.184511868351464, 8.734015653669085, 73.50125894154088, 37.29005468202888, 54.528179260168336, 39.99398479733695, 42.94595692807328, 21.03226611789356, 19.16133284877203, 57.60582646923858, 64.68583185719153, 29.31184679167878, 29.39583364368544, 51.92345431004801, 42.55234276306288, 50.891827273984866, 40.13988149541472, 14.961792009745094, 58.51986530097872, 58.637662991083964, 39.32960218989349, 34.1103331305525, 10.763907680270513, 24.979158794649784, 48.52216421475117, 58.6311376320531, 29.91838130527681, 63.994492408578886, 44.845238894608805, 31.04437211606581, 26.45525367385749, 39.2428482458639, 42.21655363907038, 63.33657322066772, 26.321668352695763, 30.17666604740539, 40.9978131432655, 9.179883146566462, 1.7022602215685834, 37.59423441225987, 67.87940677563219, 51.53909042400104, 27.296505915462387, 32.0417170332976, 41.10516058478991, 43.0925677620016, 47.39502400449154, 50.9400171237626, 52.67500063776542, 59.15480549513325, 37.60877795745037, 19.39035722562134, 21.783783273110828, 2.51594684884894, 23.7903602401573, 39.8902825689385, 53.722704906571586, 38.47839536859385, 43.97995190224385, 9.053327360112705, 46.14428399662996, 22.995747354988566, 56.7395433001851, 9.71851456070953, 30.30942960067679, 42.92155369325628, 39.867792192781415, 19.4865912524626, 14.097000691772331, 54.01798872507741, 37.31475912643502, 39.492366991598644, 20.42234940169247, 24.1403739383681], [85.21547883216165, 50.449949922247356, 0.0, 22.331941597532467, 61.04532385428479, 55.9777232026828, 44.25816738901743, 61.4456284477779, 43.720920422254984, 38.13249463679794, 49.10175484261554, 65.21654510661676, 90.63111535181747, 91.39507914732297, 33.38008674379036, 70.43679411338697, 18.96301004672826, 5.221947395410933, 47.482543340855386, 28.487634284140857, 56.07439663067709, 7.4508080865049084, 48.805775842969325, 37.32671771971198, 79.6035148356816, 39.51632793747932, 83.0854623515838, 41.740872441880946, 61.35001434452283, 48.09369041228268, 96.96218964756218, 73.00209402882395, 28.62970585024933, 29.417840173611438, 49.68585063028464, 30.33813608335861, 47.679342922103366, 79.58607486503051, 54.1710665411491, 65.47174456979432, 50.43571356680373, 15.959868034142431, 86.10131590075063, 65.23333288665492, 78.30900563516681, 76.20133061324681, 25.408541617772237, 50.99737003925892, 42.466524423105, 62.86763631770454, 27.11597553756961, 8.285131610574872, 72.82878807723066, 36.59452348085826, 61.99196488797267, 76.75849454780277, 40.186234428118325, 88.11033880154645, 53.124547929143795, 30.599208174595653, 75.7053903054428, 47.22404205181193, 71.90903695239403, 48.25404750310381, 50.06746745316735, 86.71807518996764, 53.74249701769801, 39.30386137044816, 28.045211457604616, 37.37483284976571, 31.89026761568251, 79.6186362931101, 43.42145764454273, 93.74654467662495, 24.281462880341742, 47.87291935648684, 57.39040710050427, 63.20446691116705, 68.55395520814554, 52.87600674700656, 47.53468821505408, 35.27706722383758, 93.1842539753309, 21.72466827602117, 12.058283416130866, 44.0413892406773, 30.439288406847766, 70.80833054091293, 94.12949470381594, 58.75150410240635, 78.91837176784209, 71.7343089711497, 70.56846926778871, 57.95531524741591, 49.415514400995825, 59.759448267460726, 47.268540874662335, 47.890428687203375, 61.60835805230856, 60.06589233711544], [62.90083666194943, 30.396720887618862, 22.331941597532467, 0.0, 40.525589989065885, 36.79762999635338, 24.90310317790435, 41.60075957010962, 26.64035878793261, 29.974853700350632, 48.24383753574391, 55.13876377199096, 72.6553321570307, 78.76612248259046, 22.102934288459053, 63.84978134986203, 8.421868215110111, 27.498400384307384, 30.834015860806932, 15.861668183313954, 51.548701821738355, 17.20249456218036, 45.82518577887967, 43.18716714059514, 57.453946851608826, 28.90268311660845, 70.94245597030366, 22.277531550669693, 69.30785120293818, 43.32221774395006, 82.14591264731455, 51.34241935981202, 32.45927375277216, 11.270584806290724, 36.25616353389387, 29.98588472921228, 56.7739165694772, 58.58114722940093, 44.161199811021596, 61.93281020835027, 33.06517100767837, 30.091750935829385, 63.83295469951953, 45.329808910411636, 72.99871794333605, 71.73735596624526, 27.473039510138218, 30.856257256103714, 20.961646581347562, 40.56554492556058, 35.13582799326584, 30.524960443246044, 50.5013198535854, 49.78676446250374, 56.47235070504871, 59.86006492063578, 18.8546723835504, 69.50010912508657, 35.07235628705239, 34.6334366299553, 56.64775712837211, 26.480568933188863, 61.32136617114728, 26.479620621733037, 30.458838681478706, 64.9592936742532, 62.02428985166916, 44.73363710423006, 19.49780191072665, 32.253270100594335, 18.528789839454852, 67.04613924125461, 45.212571010369416, 78.68228454042493, 23.974699015384413, 54.12667749723326, 37.27394260874695, 46.602639468934335, 50.9059526660049, 32.91205219047509, 36.46442162019231, 35.32093127425223, 79.73905902443438, 9.810226162252599, 21.72751356327263, 22.682656222950573, 35.7851997758814, 48.925909263896266, 81.68401770892721, 37.54794575863964, 60.43119290719414, 50.68644364839997, 49.159669537689346, 35.625822763443644, 27.164867897573497, 59.20024152141936, 28.613294035134313, 29.902778934283532, 39.301326545429156, 37.79630070113101], [35.361412910222874, 10.651888626406798, 61.04532385428479, 40.525589989065885, 0.0, 7.674158469009965, 39.569317260853346, 3.6264963335433613, 19.851638486853734, 35.76949016968824, 52.71455282531869, 38.523805510728245, 34.2316211176828, 50.03376745049275, 52.7831688014671, 51.3056280731347, 48.16955974054563, 65.70331475518475, 47.86778328351317, 34.33238116854097, 47.98542304711884, 57.41797574779241, 48.01033044428528, 59.9247121847836, 23.943312022934773, 56.820107110477785, 44.65841986525651, 19.38111875607146, 80.86954670529254, 43.88093054742253, 48.634291825794655, 37.04472839186033, 52.58705402101396, 31.636317330657604, 24.872719321619908, 66.30114297005734, 73.1195624008499, 18.664903197545105, 33.86935793671437, 55.971950479837936, 47.02470434760583, 61.36299270302221, 31.36707287637408, 5.641422752731421, 60.37350619228598, 61.075752080325444, 49.29783612201623, 37.83596681341357, 19.83241518947137, 22.71317049934722, 58.33498589534272, 69.24706343384857, 23.682486186370376, 73.54558623655015, 48.794962368138734, 25.017948670449446, 33.23877913686476, 30.27973233616713, 46.002856590828415, 72.32823173034532, 17.467353025655783, 34.851628558037376, 41.13735181019329, 15.490380689504251, 11.358543984176682, 27.35799176191261, 75.7875048627287, 60.20951099997958, 37.56623865293888, 40.66394892373179, 49.148989099762495, 40.707467490224765, 55.31841399224839, 45.049900699623414, 61.82671147116723, 67.1631385255466, 39.7282486849705, 17.415502416052576, 16.414771851704018, 8.377265491689737, 30.1947122874259, 48.767403821783596, 49.20365104733106, 47.981526025747, 54.586335643886144, 18.03562096819723, 55.632772010675325, 14.314775287607084, 52.90043654076995, 4.941558103963367, 21.98846152992535, 41.1674991249778, 37.836743529534175, 18.877220435398392, 18.502439920996068, 59.585436838638, 42.22496061320048, 44.365523732536175, 17.62650673862368, 23.20519231085665], [42.894346041471266, 6.9367536394817435, 55.9777232026828, 36.79762999635338, 7.674158469009965, 0.0, 40.60503150718336, 5.944451938110399, 13.02769905009032, 28.25330982738672, 45.06910954683393, 32.30238038367094, 35.93032275513047, 47.23141415970317, 51.87047491097079, 44.91765951320466, 44.910302511025314, 60.395792106297506, 49.24193745366743, 28.252137734133946, 40.60484020320956, 53.063321820103035, 40.3794821542017, 52.38355043334021, 31.617464846694965, 56.65316005509817, 40.94007012936291, 14.57420084453147, 73.2062277419592, 36.25012937688645, 47.62963982838035, 43.11851663977455, 45.34930849849894, 26.762319304848408, 17.257747783709743, 64.48605190616475, 65.48518206968727, 25.137977588580032, 26.58267394226082, 48.939590576718246, 48.90234990239582, 54.92188787950325, 39.040622747764054, 9.54675370872284, 54.216121439974785, 54.66450748697277, 42.292666086672945, 40.17597028899835, 17.69893181797468, 28.25631660179278, 51.179494916410086, 64.038231628883, 30.87198448924512, 66.20939158212613, 41.76405305890119, 24.10894003323652, 33.25354457261992, 32.70499670181852, 48.35793192544053, 70.15702801401409, 19.90900709801428, 36.50360335539561, 35.72888072587777, 15.521600217245842, 6.389685606099665, 34.6070564405676, 68.1153908762915, 52.622811275959116, 30.96099585615579, 33.11284864081167, 48.041792302971714, 36.86716723298421, 47.652307651673524, 44.03751888569528, 59.46955105440542, 59.4964819601895, 43.12585942160887, 12.929408469265539, 14.847726037276054, 4.743351888887309, 22.544442969170177, 41.24912942027008, 47.010392941187646, 45.194206823989106, 48.569087990608715, 15.9883607661829, 48.30757374894313, 21.96312770436942, 50.178859735740886, 10.219743793700173, 23.644314934982035, 46.719369414633576, 43.493854143421586, 23.44079802686515, 20.010519045692938, 52.15291282926151, 43.758818517761924, 45.93806059017285, 23.2708620810157, 28.084356075984445], [46.03678434821675, 34.01672956887193, 44.25816738901743, 24.90310317790435, 39.569317260853346, 40.60503150718336, 0.0, 42.44967591184882, 37.94165799132352, 49.48343586321409, 69.59159197403929, 69.15240257482598, 73.58121721090846, 87.78379265972684, 16.91377213150072, 80.23531983381866, 25.295161266802275, 49.371680843350724, 8.724399496103027, 36.55359715348722, 70.50091466238389, 37.21690803705328, 66.26027693845548, 67.23990180935728, 45.45679180799027, 18.30389765534831, 81.15471512250669, 31.103726010871874, 93.18258228412995, 62.95588008228034, 87.88767804079419, 30.36346194033429, 56.61512503808194, 29.47868746797648, 49.65128656252758, 31.727224514065252, 81.14672396289282, 52.7630695781318, 59.65779744750537, 80.73437694412728, 9.300560743347232, 54.79750439112021, 49.857736861586964, 45.205820491300635, 89.80782322525985, 89.2728469090539, 51.63376546338526, 6.974188086818138, 24.33599663965663, 25.651421222629143, 59.83671935051431, 51.494528707904756, 36.212880814857414, 74.68354308249599, 74.2904330149981, 64.17074220886339, 8.42709353424788, 69.34271512792061, 10.462231985627636, 38.43207901983741, 56.88013950490554, 5.399267464287023, 74.16620617104797, 25.09081265574526, 35.25190518923658, 55.06435415709646, 86.12043857448745, 68.61795896421417, 41.36592978759762, 53.179854646657304, 14.994331305206094, 77.06120554097463, 67.92505233485198, 84.28738738578056, 30.06853099400126, 77.88952725998878, 13.18037274949813, 53.39284571409228, 55.04799074629307, 35.87681944110417, 52.296127441933024, 58.169445441223964, 87.61215793788462, 22.639173129154308, 46.47999130653404, 25.579012486968345, 60.05888727157032, 40.13685047856811, 90.74052714789623, 34.7927013841766, 61.50158881797841, 27.97739127038357, 27.421513121945033, 23.909969982394152, 21.09842235433331, 79.97355072427371, 3.997189502612155, 5.913782515985036, 27.660106754961195, 22.745500571357095], [38.33385825332904, 11.209226771430902, 61.4456284477779, 41.60075957010962, 3.6264963335433613, 5.944451938110399, 42.44967591184882, 0.0, 18.942953128370426, 34.0479594367275, 50.17634768789254, 35.05968588555034, 31.911465298536918, 46.55272891775375, 55.078125007448946, 47.8602069267086, 49.49241015398095, 65.96188430162813, 50.865959337923314, 34.032745615862055, 45.03017918216825, 58.21582369539188, 45.43257281908358, 58.124366217623475, 26.472235396551092, 59.37991699321241, 41.06912949449307, 19.744549572146667, 78.38634415527599, 41.3121123155442, 45.50401050583906, 40.64243221120664, 51.26172288708647, 32.07568911419907, 22.34876804963304, 68.28235764955228, 71.06233933838824, 19.19354859966735, 30.876630869826926, 52.75928292904641, 50.14975486534329, 60.817311419154635, 33.83289395154776, 3.788282777832274, 56.866874011982055, 57.62608052897057, 48.23606211059987, 41.04638741988793, 21.43295553587519, 26.33879104000583, 57.10672342858836, 69.56993726328872, 27.007206612341943, 72.08241622334546, 45.59312824089401, 21.804347407405675, 35.776695926667934, 28.241416020093258, 49.23747608114854, 74.17393943534854, 15.290811003386974, 37.88176272704063, 37.544662737890874, 17.80343949510296, 11.38320289687714, 28.779029438770536, 73.50858998962002, 58.30439152481128, 36.8708716648468, 38.864049625395154, 51.36383873528952, 37.10605199662834, 53.11999415923374, 41.908724297209204, 63.57895562165038, 64.94837984412615, 43.15687917119285, 13.81078899014883, 12.96529960195247, 8.698849329828532, 27.741000221183818, 47.023111562914984, 45.82014305931971, 49.517069674320204, 54.36055133183456, 19.63314457084555, 54.19188977758081, 17.149419625114728, 49.434961967864794, 8.368477709687626, 19.54738397032758, 44.792843410601705, 41.460246315586666, 22.41748055601725, 21.356886576229236, 56.66340548408009, 45.25041289762319, 47.40709663741251, 21.25152145682913, 26.79505701709334], [53.02628192765552, 10.368217934836862, 43.720920422254984, 26.64035878793261, 19.851638486853734, 13.02769905009032, 37.94165799132352, 18.942953128370426, 0.0, 16.75818737616305, 35.986302009419305, 31.278282372850864, 46.99230051930753, 52.54032916140205, 45.28707606890703, 42.37049337139058, 35.05718167886099, 47.90625664827163, 46.563503332168665, 15.456142520277881, 34.0508088623242, 41.57610337179069, 31.68135961731171, 40.67874688932787, 43.030498347684315, 51.06510755323958, 45.020152280685046, 6.855085441305904, 63.34526805129188, 27.73840503677056, 55.505933032613946, 49.38621890356251, 32.7997865770616, 15.548992594832445, 11.710111072768758, 56.12170572988737, 54.32553828557403, 38.10676176025491, 21.859569856987427, 43.78808219309477, 47.10509724587351, 41.89628018799805, 50.41920648754747, 22.570852286691032, 51.9582973222695, 51.59820408891463, 29.447976694907748, 39.77809758996892, 13.968805627770484, 34.53909690215187, 38.49882781712825, 51.60765344516235, 40.22938915178218, 53.816738956982704, 36.96841147187929, 33.51622213313947, 29.60745001379314, 44.38969001786717, 47.4186201279222, 61.17044034982965, 32.10386547634938, 35.26917324338565, 36.630395788142586, 16.582848760452126, 8.955381710097916, 47.20962906781112, 57.59226661431526, 41.17123736479439, 17.933334711067666, 21.69221256975321, 41.329551209703865, 41.01095388560912, 37.14593446856106, 52.043168582503526, 50.446967381174936, 48.85901305988728, 44.34852622235557, 20.064523704904442, 24.921031807709706, 11.807701901116545, 14.965708753729919, 29.523500747348542, 53.27409109238075, 36.0190976550745, 35.67161660604207, 13.288874089869042, 35.922544892881966, 33.21738374624385, 55.490170967927966, 19.997699177630036, 35.19792382974131, 51.755209722283965, 48.89199960892789, 28.784482219444584, 21.53704901635183, 44.81747182644242, 41.70001085631208, 43.7971483671035, 30.319049781370662, 33.263986421741954], [69.76770925354342, 27.099781407752577, 38.13249463679794, 29.974853700350632, 35.76949016968824, 28.25330982738672, 49.48343586321409, 34.0479594367275, 16.75818737616305, 0.0, 20.35182291885546, 27.15523100398263, 56.24972490134549, 53.310406444929264, 51.890870272659974, 34.11931591608944, 37.414672498252884, 40.91703750322961, 57.459846720895094, 14.145824753784604, 21.654674210439037, 38.960706112412005, 16.777671350024097, 24.156899894306886, 59.483372416623055, 58.52301652066746, 44.9748285589269, 21.706770065776055, 46.771256287880654, 13.616828345838256, 59.51073324676687, 65.58554643947556, 17.783338207880977, 20.450274584972338, 13.779887566690169, 59.18515405621634, 37.595857824685474, 52.9768663917036, 16.042426565798383, 32.0616017877551, 58.75260404327556, 30.588248468939263, 66.90567684894559, 37.22363795901177, 43.09023799162241, 41.76414303683367, 16.078906199229706, 52.950093076051466, 28.445872580834227, 50.96348964390116, 23.786584133919217, 44.65618136001797, 56.98757436755056, 38.135199478615334, 26.509094210482637, 41.70891440770999, 41.17051719846728, 54.838090271140054, 59.753246425489216, 62.82311746344952, 44.220580354222676, 48.16768135199642, 33.815266707815795, 32.57357298700125, 25.608582824825742, 62.82566022519756, 40.857711999163804, 24.507365317739982, 11.075863875922778, 4.946129043511466, 48.13043509307849, 41.58371067973804, 20.486051299185345, 56.47789923266656, 52.74328232393741, 32.12021787061788, 58.34401616957948, 29.00513345401364, 35.27796482475878, 28.298783423985988, 9.870724824658277, 12.9996839744022, 55.2483549035904, 39.569063000134925, 27.078500924006924, 28.466557271480212, 20.368512408388394, 49.678862992064204, 56.018296211632844, 36.60438044524779, 46.05605315232328, 67.48200627426701, 64.8057920963977, 45.12939592459071, 37.157478591575895, 30.490368176705786, 53.467703026467866, 55.35242807710532, 46.94679172163009, 49.439735371949006], [87.89202494114491, 45.82527497284457, 49.10175484261554, 48.24383753574391, 52.71455282531869, 45.06910954683393, 69.59159197403929, 50.17634768789254, 35.986302009419305, 20.35182291885546, 0.0, 25.862978579363954, 63.85102318844857, 51.306679592311156, 70.31482784473275, 23.983208667022513, 54.52005164948294, 49.92849940113378, 77.34220784278486, 33.292617852144026, 9.96733996993977, 52.54035967693199, 4.785413824119097, 15.96772150133021, 76.60333943715892, 77.14397695535348, 43.318016020137215, 41.7400294365014, 28.220460646030507, 8.86974347645282, 60.645928392498774, 85.36495969843808, 20.595809490412456, 40.197931780320545, 27.854737162288103, 75.36820115881974, 23.15081063395165, 67.5855431773576, 20.67211293949385, 16.743325272625007, 78.80827201018077, 35.751815455845595, 83.99467426824727, 52.59288366540268, 30.03217271862768, 27.52484456171806, 23.86809398931658, 73.27025244493359, 48.675420924255434, 70.51800437745064, 24.067508759319217, 53.18535446202583, 75.50888219567516, 30.608846650842963, 15.637725619523069, 49.92730622119871, 61.36241367553331, 63.94153024153707, 79.94073414347416, 77.8688417451227, 56.209157192380914, 68.4775172821413, 31.507769884428374, 52.428371201035205, 44.18294128435016, 78.19641786191269, 23.953987904261012, 14.520237901171157, 28.871412621294294, 16.424314519219507, 66.77018145975302, 41.367984186628185, 7.106067223126427, 58.454292529238565, 68.74383429552091, 16.157414868100847, 78.69580650445967, 40.57629006065638, 46.73979497256196, 46.46264210022658, 22.524779685070552, 13.988434484682411, 54.44738904068878, 57.131353150473245, 37.06889139258603, 48.564304762773304, 19.68418009749245, 67.0266879008286, 53.36925632504343, 54.66184557106396, 56.49265036930624, 87.55527106679833, 84.78212167426685, 64.77036797708006, 57.19691770216278, 11.070858328361485, 73.58706906274259, 75.41350881065021, 66.19297455710037, 69.22748276249712], [72.74163322046843, 36.82492208666855, 65.21654510661676, 55.13876377199096, 38.523805510728245, 32.30238038367094, 69.15240257482598, 35.05968588555034, 31.278282372850864, 27.15523100398263, 25.862978579363954, 0.0, 38.85625927907045, 26.85579513586247, 75.83690227449932, 12.812703356628504, 63.23729850350903, 67.724110642869, 77.81135555204688, 39.752720129225125, 16.2970923544994, 66.03965539834228, 22.050523159410265, 40.76132948279865, 60.12092781351468, 81.94751535839404, 18.485221228929586, 38.06777949549456, 50.97208704473254, 19.80155537427451, 35.052663044781355, 75.34466739559986, 40.77315674893405, 44.15525628828502, 19.659892259079932, 85.07666537281622, 48.817336869132475, 48.039052358763655, 11.204684682195792, 19.36236690280728, 78.23325569692172, 55.886431553786515, 67.0177532044213, 35.84900429715468, 21.918840988505213, 22.569122609141925, 41.37238978882717, 70.45551917550412, 44.89340104975092, 60.552981823667956, 46.12608851562557, 71.40842626314581, 62.0318102579982, 56.028526985965904, 13.022921033647782, 26.0334179739159, 60.86553275685134, 39.70574048784004, 78.3450648195647, 89.2544428758344, 34.809333441328526, 66.15716461409009, 6.717798567719062, 45.80043541059671, 35.22347244508686, 58.92249962985098, 48.62253610408687, 39.7285571517427, 37.95269497062134, 28.1950373498093, 71.90007828915384, 15.826013153786963, 32.30419598771262, 32.67932326506772, 78.85877585556608, 41.738593651740665, 74.37183477300226, 21.66410195376837, 26.16330295336856, 35.992834925367845, 18.7115148477038, 33.36274853721377, 29.42889312403748, 64.94859791959331, 53.82790838037398, 43.847768351041886, 41.679655271495704, 51.72868601229141, 29.360401702496567, 42.35277180084777, 33.659524131435745, 79.02048754137557, 75.79494846272158, 55.67148867419949, 50.84963898272674, 26.27833108887256, 72.84317111436228, 74.96688838931182, 55.54254616508, 60.3398019065401], [51.53985892558485, 42.65874908246371, 90.63111535181747, 72.6553321570307, 34.2316211176828, 35.93032275513047, 73.58121721090846, 31.911465298536918, 46.99230051930753, 56.24972490134549, 63.85102318844857, 38.85625927907045, 0.0, 27.844439416698275, 86.95361830202381, 48.38698443065018, 80.82924819872676, 94.61957271518332, 81.63147695643737, 62.16217996096266, 54.92779303370172, 88.49352355957582, 59.451801690953964, 77.02416827445464, 39.429779706775705, 91.04470894067262, 28.691258173689402, 50.37780244962221, 89.82309915721682, 56.147694798841115, 19.538375201851085, 63.115468255160664, 73.71470269525315, 62.20225571890247, 42.546490769540284, 100.1656244683637, 86.99774535421622, 24.848902294228072, 43.986653673412455, 57.341628307637336, 80.460158684213, 86.57812740024558, 43.35106942184651, 28.631091058897834, 53.736087059457425, 56.15782362732271, 72.30499942278176, 71.09370143284822, 53.257100625401094, 52.51860596544483, 79.678054683008, 98.36381188973579, 46.95124465470929, 92.34945785210985, 51.7599313117597, 14.568720331923013, 67.47038714708462, 4.868697232350513, 79.04615273123261, 105.98229567125352, 16.764914229364294, 68.64463397060318, 35.523328398679006, 49.63039552433435, 42.318250861866936, 32.15945688247128, 87.31331195207879, 76.43033784462506, 63.432969244104875, 59.880922860912484, 83.26394934567499, 27.181611830911304, 69.4698511971274, 16.905259530307763, 95.33271309233115, 79.99966681890112, 71.774939744695, 27.657328429040454, 22.08204456974125, 40.19059981488175, 46.69371399802707, 67.366430488306, 24.60929319694267, 81.11220342849343, 81.67275859302464, 51.470631635686885, 75.7465264052263, 36.92738142182864, 29.591799213826153, 38.83527430908367, 12.374677863744719, 68.57370758348206, 65.25743255335753, 50.96285605720514, 52.65855684857974, 65.06714972195594, 75.96627129775587, 78.05345579039748, 48.166378714271815, 54.25312737120706], [76.92989343523855, 53.779394070033476, 91.39507914732297, 78.76612248259046, 50.03376745049275, 47.23141415970317, 87.78379265972684, 46.55272891775375, 52.54032916140205, 53.310406444929264, 51.306679592311156, 26.85579513586247, 27.844439416698275, 0.0, 97.63243545497356, 29.001966235094244, 87.14670368508973, 94.20263234341611, 96.45220271579494, 64.46613342994256, 41.34024331137876, 91.52306224478043, 48.1964838854135, 66.95234419001018, 64.0922143734464, 103.0597438775025, 8.390445397928461, 58.460732593986265, 72.01235137255925, 46.47912964110228, 11.713353709360847, 85.33106191276809, 67.6246963294929, 67.49595539330055, 42.68139557010926, 108.58585872541131, 73.08514574357332, 49.380716869654485, 37.36432301536594, 38.778968086459415, 96.12633005997677, 82.71746555872332, 69.29769607127513, 45.024095582337495, 30.285145954279848, 33.393191982013505, 68.15006737008824, 87.29201319075032, 64.01861649024526, 72.25898890548878, 72.91944127053196, 97.92536206135041, 69.67671039761672, 81.91331390116571, 35.981610448778426, 25.753992646794774, 80.16334403516302, 31.74076045542734, 95.49419828208492, 113.39095817978794, 36.529422640325414, 83.73013043300598, 20.275863082649682, 62.74107629250724, 52.62056923785344, 58.64617860840769, 71.58331066924924, 65.71696324813519, 63.558745988627535, 54.90124949286084, 93.68833826406896, 11.832040522457449, 58.2115431722996, 11.93761233121082, 102.737382845104, 66.0915256079886, 89.70369734326806, 34.39184950808987, 33.61917110783889, 51.929784095408, 43.912194580615036, 60.19239293380001, 4.09326103400905, 88.39575572485705, 80.32484575427382, 62.51978805814277, 68.44506506324434, 58.775100229345774, 2.968708517567936, 54.91498525462271, 32.42515457853701, 90.18599664420289, 86.794645187785, 68.9024017537309, 67.18308006974911, 47.94125816782554, 90.98881255973969, 93.16824704918422, 67.27796094823057, 73.12313754578673], [62.940320485304746, 44.934576304423715, 33.38008674379036, 22.102934288459053, 52.7831688014671, 51.87047491097079, 16.91377213150072, 55.078125007448946, 45.28707606890703, 51.890870272659974, 70.31482784473275, 75.83690227449932, 86.95361830202381, 97.63243545497356, 0.0, 85.37898526899868, 16.731064987990084, 37.919759365907524, 15.496206222134319, 37.75034727236259, 73.53291432385335, 25.934885462483606, 67.92420252608044, 64.1355395064279, 62.004510734205596, 6.907768213830381, 90.27888427409512, 39.17272308985993, 90.1361404211428, 65.35680054528568, 99.38145049656313, 46.821874226319395, 53.50982862959717, 31.930385661607403, 56.32944444939321, 14.842815061535385, 77.06472692367461, 68.03841600653017, 65.21749754437077, 83.93419905403145, 18.769909910956457, 47.15865924507495, 66.68352459808337, 58.335769287665244, 94.6821548708451, 93.5685367514865, 48.650727206497706, 23.42364544328136, 34.185318290142064, 42.30264408700118, 55.12565387085825, 39.1222622811249, 52.96297946928446, 68.20277134192725, 78.28728308774552, 75.97894740677637, 19.815515681079063, 83.06160810674587, 21.873060196972276, 21.532497455959447, 70.21768614056116, 22.098312877116914, 81.65561547338838, 37.32513731374332, 45.72011522425475, 71.35715734836657, 82.66448224378216, 65.83115272634382, 41.59805850386046, 54.350236626191034, 3.957946731949863, 86.24628584213099, 67.01103320506873, 95.80646998910483, 13.687792457384182, 75.21412021895381, 28.693674210204094, 63.780365666417815, 66.71816341543652, 47.23176179517875, 57.48753926548155, 57.16631436131051, 98.05836575069264, 13.698965997305658, 39.58061360289468, 35.882167270708585, 56.608450493695905, 55.91932228620206, 100.59641243717148, 48.43926543180582, 74.61443960462928, 43.71924839529433, 43.689260562762335, 39.808470578464735, 34.78387304523072, 81.29319811891646, 17.796770676686304, 17.321833857310693, 43.725490943316636, 39.33443943760304], [85.51164332168364, 49.02363347640578, 70.43679411338697, 63.84978134986203, 51.3056280731347, 44.91765951320466, 80.23531983381866, 47.8602069267086, 42.37049337139058, 34.11931591608944, 23.983208667022513, 12.812703356628504, 48.38698443065018, 29.001966235094244, 85.37898526899868, 0.0, 71.5048432812163, 72.11964055231695, 88.77602600728564, 48.013607357183496, 14.71159989270587, 72.47763454121619, 22.250348438470258, 39.93995021382271, 72.83740812900365, 91.78170101574803, 22.08257434519774, 49.22393996170104, 43.19691617291568, 22.344967156311593, 39.74137312261665, 88.02488480822718, 43.24267784980833, 53.451780467202816, 30.70859157102094, 93.30233950016937, 44.326016676207, 60.412326947477304, 20.58217354914717, 9.801571306341948, 89.44772762806016, 58.77186290340514, 79.65904936815274, 48.648149912096564, 9.589689177961532, 9.770671868867126, 45.24610355786133, 82.0731222355376, 56.292344150440535, 73.16548516117234, 47.60777255444341, 75.61454060520892, 74.84207089633178, 54.128087557001614, 8.616596227926104, 37.221701400333636, 71.84214867667629, 50.09533228856498, 89.7859105344457, 96.87426587880736, 46.912583961742506, 77.62371500856177, 12.97361566699801, 57.78883761702874, 47.37430213835034, 71.248264989371, 42.589391220634255, 38.41657704716514, 45.16218298841852, 33.33298031270219, 81.50954510836084, 21.741917262143104, 31.087736150106668, 38.35266825811445, 86.86055141796683, 37.44140076440742, 86.31113588165069, 34.45647505021164, 38.682005505165016, 48.39555855928359, 28.11773671525564, 35.79946206850082, 32.666322644298994, 73.56595611247229, 58.50139728179726, 55.420896825244434, 43.101824328632986, 64.53157306668318, 30.58207740440911, 55.04356872219139, 45.20747254474434, 91.58040411584602, 88.38705719827333, 68.1575303231113, 62.87647959535791, 18.948617813696686, 84.04053497717507, 86.11886870705945, 68.187962034119, 72.83783356859702], [67.66233145080868, 38.34287809936287, 18.96301004672826, 8.421868215110111, 48.16955974054563, 44.910302511025314, 25.295161266802275, 49.49241015398095, 35.05718167886099, 37.414672498252884, 54.52005164948294, 63.23729850350903, 80.82924819872676, 87.14670368508973, 16.731064987990084, 71.5048432812163, 0.0, 24.090249365754264, 29.01165754221944, 23.584347083599493, 58.70284140855833, 12.064889183346521, 52.5544110860138, 47.467539537343335, 63.4558963808097, 23.59354746566143, 79.2855344847358, 30.497730815372282, 73.42266444050671, 50.39443573820159, 90.56301496858131, 54.415138527980965, 36.90006757261565, 19.670134067728192, 44.572639046874755, 21.864836411715622, 60.33427861339503, 65.82028525185405, 52.167696651224475, 69.0056721552716, 31.802186235918654, 30.858380302012602, 69.43895903223404, 53.17140739762044, 80.4951273309431, 79.07168492485863, 32.11141543239914, 32.05535229401143, 28.361461962708987, 45.39579976431274, 38.39511472939692, 26.37785020862222, 55.79547521787493, 51.720769173947495, 63.877397995897496, 68.19768725010596, 21.762806967741888, 77.56532372784238, 34.35606465033037, 26.244924358188317, 64.66192661006974, 28.413411295984687, 69.50702537021608, 33.472418918423855, 38.53367305535689, 71.5301690920401, 65.93963247636283, 49.19289938294632, 26.5056854289006, 39.112022033374004, 14.07258195821311, 75.40813421889982, 50.73441966033993, 87.09554724513063, 15.651487179442412, 58.55578230329743, 38.434152978815675, 54.990874998640074, 59.19204030437446, 40.85475258949737, 44.527732245521356, 40.996636160720385, 88.14980729754902, 3.114542750036616, 22.996876606336663, 30.14618172839456, 39.93547072598043, 55.456945774237624, 90.05886187469905, 44.84587519646269, 68.55238561576128, 52.882853853930804, 51.85100405868331, 41.04334632410689, 33.26105016428632, 65.5794180196671, 28.35870761482221, 29.08980782941325, 44.91098668935904, 42.470023216187904], [90.39703218539992, 55.071622009426896, 5.221947395410933, 27.498400384307384, 65.70331475518475, 60.395792106297506, 49.371680843350724, 65.96188430162813, 47.90625664827163, 40.91703750322961, 49.92849940113378, 67.724110642869, 94.61957271518332, 94.20263234341611, 37.919759365907524, 72.11964055231695, 24.090249365754264, 0.0, 52.34488264972191, 32.50384412118544, 57.55214237299035, 12.25997024994793, 50.126634627887924, 36.930656878544006, 84.64699202186368, 43.81107849145113, 85.84539753068911, 46.34026165128258, 59.70686970047844, 49.83040554939186, 100.22182082205437, 78.21944486896088, 29.340082829492868, 34.080282398944235, 53.118116264167845, 33.38958135036498, 46.02118536348511, 84.30324364102552, 56.84976052528034, 66.54793503517979, 55.34833164248812, 14.85329899423021, 91.19687837594745, 69.74389418696425, 79.60923373872288, 77.33493052926478, 26.880295915932873, 56.144432386274254, 47.40309654987111, 68.05461371577238, 26.77193956347341, 3.7738809604345676, 77.97310966991962, 34.08550906350611, 63.571164682471796, 80.5776735798694, 45.40437205894646, 92.24981842117374, 58.08879672146205, 32.69129146900462, 79.99035954805669, 52.41380663825206, 74.44039667792394, 53.22592353875857, 54.61051044394282, 91.62722626911358, 52.1583600027392, 38.93134961491718, 31.46434599052866, 39.591092374813584, 36.67863317005957, 82.49904823131152, 43.80778024524073, 97.07664953201456, 27.774009262005926, 46.973238175234485, 62.52301192712018, 67.06177469052673, 72.58058577165845, 57.46471773813121, 50.569290060581764, 36.465009521100995, 96.16062199282494, 26.774757876357473, 13.896751169846153, 48.94298985286305, 30.597639516648012, 75.76959119658315, 96.87975569717516, 63.56523206526935, 83.06607941492247, 76.91996498339326, 75.77585795370467, 63.105188538029275, 54.518020217299075, 60.25364889832503, 52.31569551111214, 52.876973992132115, 66.73452081293638, 65.26248861178084], [49.97703815146987, 42.707957875072445, 47.482543340855386, 30.834015860806932, 47.86778328351317, 49.24193745366743, 8.724399496103027, 50.865959337923314, 46.563503332168665, 57.459846720895094, 77.34220784278486, 77.81135555204688, 81.63147695643737, 96.45220271579494, 15.496206222134319, 88.77602600728564, 29.01165754221944, 52.34488264972191, 0.0, 44.08518383030501, 78.71727570726861, 40.10319495288457, 74.19821887260512, 73.9362711944839, 51.33407270923359, 13.382295703515668, 89.86591576765485, 39.745250294371374, 100.02583040940728, 71.023575909439, 96.36050420143523, 32.71329386413373, 63.22251351428131, 37.15060473331861, 58.26531572547729, 28.87313522339799, 87.6052650874303, 60.0052508589806, 68.19395523438583, 89.0119473485005, 3.2931873924867885, 59.70139168410528, 54.88628778763881, 53.48059278432544, 98.33486365876455, 97.72921315389412, 58.22525815110009, 11.122527727183968, 33.04642267489449, 31.721084283817305, 65.93538648892061, 53.942243149058854, 41.73290419553112, 80.22568921541, 82.67185051914632, 72.64456264202508, 16.957281553747396, 77.28669538540282, 6.455458864188226, 35.457148528598246, 65.01840357144594, 13.021168264249084, 82.87277095046967, 33.720462302753546, 43.962011195926436, 61.267964586037884, 92.80727220200879, 75.42267508534418, 48.738478826753344, 60.92222873927621, 15.708684858020247, 85.77242025764274, 75.26230612452096, 92.76246696412746, 29.08839018777027, 84.78186149026627, 14.358188154815972, 62.067518462734775, 63.5754277356