instance_id,num_cities,city_coordinates,distance_matrix,best_route,total_distance
361,85,"[[73.45092915375876, 2.9414693718210816], [15.195433313510808, 56.316735604380455], [26.76598490281027, 99.96040541803552], [12.763337370404615, 23.147394535654207], [41.18922356756223, 75.22860052660307], [90.30673628033725, 35.42751997194292], [44.719147628635895, 25.97465658553848], [76.54764293083353, 19.14848188175776], [63.97020342698354, 32.48699977455068], [43.066093815848895, 8.759769411825735], [53.36965674374172, 54.49076783270074], [20.499825149393903, 71.13760513369199], [10.320225714300069, 86.94445191490485], [39.077494091444265, 62.8464395096392], [40.31379847571061, 65.1429189831172], [93.16815361938683, 30.52798420219409], [38.2653894327316, 93.53872555122227], [34.231312451296326, 98.32195255665519], [42.624058973087685, 12.262223052685584], [58.559788792295606, 6.432150855534857], [40.88536393676574, 19.93159798517581], [7.901316392323132, 13.580054191785251], [3.9959481087979976, 63.980975409175876], [64.22318542723218, 32.31436659537405], [13.169839453969034, 75.54229819615237], [27.84051726203166, 28.986603955870173], [30.2668029241539, 90.93285400094493], [76.81038564813062, 36.65930658237647], [22.683310615181117, 65.07332236014584], [42.857631100561775, 81.21050248844396], [56.9388475845489, 59.82383835049737], [36.926860261077586, 31.11401038126589], [43.643866340308875, 90.33185686799507], [46.7512980871022, 77.65753136996874], [11.57781772639872, 91.54927528168155], [93.10732010314902, 91.84124423038867], [30.34072947829527, 56.457240312156344], [78.34629030498263, 47.57336886145289], [91.77743604840667, 92.68221551919221], [83.52520676986668, 23.886155058712898], [14.907444202695475, 82.96618770300468], [31.275732405176313, 34.53352668884617], [52.27988635592848, 84.4738488011525], [11.829893591767515, 3.906355571047093], [18.789757926963645, 74.95983290120849], [18.873556510814105, 74.99483497151648], [81.85530055430978, 96.10171385781247], [98.60278143211603, 48.731654793090684], [85.40129975172074, 26.68652486864659], [90.93589797055347, 97.68889152285855], [70.73982854466078, 26.51624141757769], [46.978599814967836, 11.075788890445137], [17.145710089296905, 73.01891865878368], [23.816899793267698, 86.03024338323813], [50.94721396375101, 52.59819431789481], [61.02077971917027, 62.31561861275578], [76.57084901905701, 71.47188549696402], [95.78502847439347, 15.446930171687933], [66.98319384587423, 21.48004389392669], [67.516316873943, 19.556686112857193], [66.91542978203749, 94.23016669318523], [88.68389518642005, 68.86941981775969], [68.33671769031507, 93.23090813993903], [39.70909739098932, 28.939555525388695], [98.48581691150187, 48.06042005921136], [77.09144128101974, 54.888327060414056], [27.748646899668394, 88.27597252893896], [9.487941982089465, 84.38628230630417], [36.63243014571067, 55.250559951545576], [38.056673845664356, 95.343977352615], [29.906750505258795, 29.55099557852273], [58.91433867927554, 6.830034220208525], [66.24262825372682, 24.60699033609086], [32.06476459577282, 69.56728356034257], [22.005899289919217, 8.446679130008183], [92.45015044244502, 19.973021555201253], [92.51399340652895, 70.0492700730713], [93.2912457792775, 90.02967874140279], [96.77555159068108, 86.63015373291461], [12.984109147364808, 72.4774636431813], [59.496512623096464, 81.4916808764754], [61.74979077771946, 92.9656770504056], [73.07092926878197, 73.65221746255031], [54.80880831069375, 67.01301504016371], [52.34655025135201, 93.48279827769636]]","[[0.0, 79.0102641496011, 107.6668842832076, 63.962983108900254, 79.15962972323126, 36.598657318023164, 36.82448890113135, 16.500208808205084, 31.029381674228652, 30.93688468264726, 55.322578333029284, 86.33963370395193, 105.08085835628921, 69.06618916080453, 70.47758341005067, 33.9084759479743, 97.18994306354966, 103.12911764802651, 32.20516067830274, 15.294800374164394, 36.731192577978746, 66.40731300200106, 92.46521340071698, 30.788282602117583, 94.3646656401322, 52.52293507063587, 98.01710323798015, 33.88478263313919, 80.23539273812607, 84.03565571102992, 59.23050513354174, 46.126995083206644, 92.33385522275343, 79.34330607938276, 108.07231461323485, 91.04693116771853, 68.71991745772667, 44.899565842594825, 91.5929166150226, 23.241577571436583, 99.15288787625222, 52.695401187426576, 84.23622705556099, 61.62858938114394, 90.41287698849104, 90.39013828316789, 93.53857285274395, 52.243246012729315, 26.58268267079072, 96.34727883438738, 23.730148409186963, 27.69388695456958, 89.89508658688668, 96.78471592807627, 54.517956030311765, 60.66134034993776, 68.6013981945786, 25.596846334675334, 19.63441736656628, 17.64327209627927, 91.52234159301982, 67.66489417825427, 90.43416341159208, 42.595911709404234, 51.599082512908616, 52.074267659446406, 96.80225220677825, 103.55926458726942, 63.967513836974, 98.94936477792696, 51.03099429873596, 15.047704117337998, 22.833186385579534, 78.43349879422748, 51.738751745408216, 25.515567392313088, 69.76286500469978, 89.31961920541832, 86.8782705969434, 92.14928551536514, 79.78008190104312, 90.78146621118286, 70.71176914392079, 66.72849191955378, 92.96841963214302], [79.0102641496011, 0.0, 45.15138512697021, 33.25838657556862, 32.14554038444545, 77.96195971826813, 42.33546345732821, 71.73264744673212, 54.284753930929675, 55.12203507016392, 38.217868763242194, 15.741497589284776, 31.013298043474254, 24.758632031904728, 26.623932494218458, 82.12676062515884, 43.791544970982315, 46.11727383265458, 51.89537148668116, 66.0979509641197, 44.54043977102283, 43.35467771557778, 13.57088945633232, 54.587857581782984, 19.33197577729584, 30.113688648022563, 37.75475910114625, 64.67470036229466, 11.52155016029159, 37.214201806407516, 41.89048107476599, 33.278105051959415, 44.343452913125994, 38.094647465460774, 35.41777794623361, 85.62857476474039, 15.145947890176505, 63.75325247200066, 84.77765786056003, 75.63531248779202, 26.651008140121366, 27.07552787177437, 46.56264254776694, 52.51832816129109, 18.98642268163936, 19.036806093017493, 77.62977776077297, 83.75153235070984, 76.20244793038981, 86.30337926064999, 63.033715544713544, 55.28935641181289, 16.815662291000162, 30.93900820624034, 35.944643119137915, 46.21632796476653, 63.218828060122114, 90.36052149197185, 62.41447933201571, 63.94353833784571, 64.12789012301872, 74.55282630059611, 64.7043448247594, 36.74819336485814, 83.69859464938405, 61.91248786216239, 34.33621988716515, 28.643933203205982, 21.463493744179786, 45.230099680899684, 30.542228023640025, 66.03238826717458, 60.09429304222016, 21.451138875219556, 48.35209151293672, 85.37655925112084, 78.52860776679694, 85.06185078898943, 87.02998918046832, 16.31131770617766, 50.95452381729393, 59.2490768537325, 60.41599095705991, 41.03205908111118, 52.55018272438257], [107.6668842832076, 45.15138512697021, 0.0, 78.0788881755729, 28.63026347710195, 90.564454338439, 76.13282526062797, 94.9145956197057, 77.0507257923291, 92.64582860827622, 52.68057799190949, 29.496077269469044, 20.973269675520967, 39.10268179999198, 37.360415070657126, 96.07345692832503, 13.170963398878987, 7.64301270345341, 89.12042248219305, 98.78451481518235, 81.26479485872244, 88.41629259350859, 42.579266778129266, 77.3241775871155, 27.948150768260646, 70.98193512283162, 9.682582889228405, 80.6936872361159, 35.12515898365389, 24.70829693084322, 50.21300288150515, 69.5921654901267, 19.431207605260823, 29.947135653984734, 17.361668478268648, 66.83631897819251, 43.64979006833072, 73.51822566249878, 65.41758806513651, 94.91522972993656, 20.722654831901902, 65.58211862069682, 29.846148884024398, 97.20837060489978, 26.242119253965573, 26.18339423456959, 55.22428994117973, 88.23213828410633, 93.84647951946295, 64.21010448907323, 85.60224383954, 91.15385267142562, 28.607575854770744, 14.238908571201527, 53.17810526139472, 50.89716044658963, 57.37700111482901, 109.11533289941934, 88.18498194207947, 90.14071019169656, 40.55630111282189, 69.28547466450459, 42.11189805869636, 72.1906176753983, 88.52876811297617, 67.55844734117734, 11.72568106933966, 23.26121402398497, 45.785554745668016, 12.197994297731483, 70.47942538441984, 98.52300589193274, 85.06787016710427, 30.851562723647, 91.63744056968221, 103.50068202605497, 72.23210255717213, 67.26239415162091, 71.26734903033856, 30.744953861382896, 37.581660833981886, 35.67622315254598, 53.256629880577975, 43.26581187725036, 26.387965397422878], [63.962983108900254, 33.25838657556862, 78.0788881755729, 0.0, 59.33365843739457, 78.50974586149114, 32.08063621499417, 63.909537146185436, 52.051622043456405, 33.54490728703443, 51.296005913593916, 48.60980926107886, 63.84381978559548, 47.62823758849281, 50.2260090066137, 80.74284847501004, 74.86851235020575, 78.17984476658056, 31.782851553102923, 48.751557248188405, 28.30529501088427, 10.731880042505459, 41.764200476232865, 52.269965934324695, 52.39648054532695, 16.168417366508752, 70.00885530639577, 65.45682668941204, 43.08351532920176, 65.39870809315956, 57.41634988035475, 25.44293234907541, 73.94159214100563, 64.23812334879867, 68.41215349936053, 105.70714520429688, 37.66311908178734, 69.98394056770205, 105.25359432869607, 70.7657256588029, 59.85720683515505, 21.73367836638317, 72.95540854867143, 19.263667816005484, 52.16173419384059, 52.20624347426381, 100.47901315382003, 89.57100272824866, 72.72412957487634, 108.01566554846265, 58.074285688180865, 36.28233519226377, 50.06370051255876, 63.84695702556401, 48.221966358803016, 62.152477982768154, 80.04158275210845, 83.37804474312682, 54.24548731814466, 54.87059277511443, 89.36000005683469, 88.62524863148444, 89.44327520447465, 27.561261074521667, 89.26926872900465, 71.73278016553, 66.8303162727457, 61.32641837198759, 40.004335010549184, 76.49901594463148, 18.30034754392707, 48.95070141964758, 53.49920535188949, 50.27276787685922, 17.364791512536502, 79.75001455421396, 92.52001441374497, 104.68038963094448, 105.30010851604557, 49.330563126026654, 74.75323014973029, 85.28930290919645, 78.66220680516382, 60.76194770443376, 80.70873410935447], [79.15962972323126, 32.14554038444545, 28.63026347710195, 59.33365843739457, 0.0, 63.2191115756, 49.380272960226534, 66.2962859222814, 48.433639943774665, 66.49532428444647, 24.05037748559591, 21.089984594838512, 33.01751356806682, 12.560943946627791, 10.123603177132885, 68.55621247643785, 18.542100325076092, 24.118777644934017, 62.98272338370907, 70.95553553860712, 55.29783739660929, 70.06160167526514, 38.85677302779649, 48.705183223728646, 28.02114009695108, 48.13013823872714, 19.12911001322149, 52.50197732777574, 21.109203889280856, 6.210212136251508, 22.030827364827232, 44.320027128235694, 15.301425530178387, 6.069297982696912, 33.81123748624336, 54.511179392005786, 21.680723887946495, 46.319104557215255, 53.51444588442076, 66.5460906464766, 27.397119956228074, 41.88515657947562, 14.438747062792915, 77.12867743017463, 22.401078032559433, 22.31689141709433, 45.71013758051479, 63.23294046516553, 65.6585165054512, 54.58201430685477, 56.97483816983748, 64.41350881731553, 24.14483866867816, 20.456615597923673, 24.644546288038132, 23.66507387061638, 35.580504878427156, 80.96017554235242, 59.61741559992737, 61.583097489930836, 31.98276415466157, 47.9185038525919, 32.57406202103253, 46.31270301572805, 63.41143145151001, 41.26373663913456, 18.731871698601573, 32.99749065822588, 20.491131533130947, 20.35783025306528, 47.05037504839357, 70.65793358493961, 56.482037008671206, 10.738075308002697, 69.48255144827503, 75.37149084061495, 51.58543847802198, 54.16357295148364, 56.74359240134625, 28.338970228428416, 19.34897950879685, 27.15402010043116, 31.920653846433336, 15.90562584308879, 21.39396350059583], [36.598657318023164, 77.96195971826813, 90.564454338439, 78.50974586149114, 63.2191115756, 0.0, 46.55732880308702, 21.314777290463457, 26.500181542152706, 54.24801581988277, 41.566275557156565, 78.41055428896541, 95.14113804946075, 58.105356068635494, 58.15753406679623, 5.673901651179887, 78.00778163484756, 84.26246381253925, 53.01196748418838, 42.995349806754966, 51.793779959971125, 85.25236060036738, 90.91123127644002, 26.268676195281714, 86.94421363138137, 62.797403748634586, 81.76573673052806, 13.55244548563497, 73.83631422228005, 65.93556756764619, 41.33517081665821, 53.55387501218185, 72.05490712668497, 60.666712939486914, 96.68450773375672, 56.48319709839861, 63.54660580526808, 17.046228708315134, 57.27358134442098, 13.386270823560986, 89.13460705839134, 59.03777301439721, 62.06112862973458, 84.57067247902681, 81.71586111847739, 81.65948559879918, 61.259975265512985, 15.67878721392789, 10.023387797153994, 62.264550362414106, 21.500575894844427, 49.70245684296964, 82.25356532430132, 83.55557415706801, 42.94186831618508, 39.757227018752715, 38.5729294318688, 20.718003140493803, 27.175719321464744, 27.77204681153432, 63.28431465316369, 33.48125264254231, 61.83779912437014, 51.011907863131384, 15.049502469716375, 23.52375468443919, 81.89306127278925, 94.49147009722601, 57.217864806951134, 79.49874772269754, 60.68518617072985, 42.465266023702206, 26.384941855473723, 67.51037493287548, 73.43684433667796, 15.602427554178705, 34.692038915089825, 54.68366336699259, 51.60964324212614, 85.74081287687109, 55.41819919167221, 64.23502670992927, 41.93090198872456, 47.51574885069789, 69.3641915004684], [36.82448890113135, 42.33546345732821, 76.13282526062797, 32.08063621499417, 49.380272960226534, 46.55732880308702, 0.0, 32.55226219924742, 20.32274005055834, 17.294072028057165, 29.79932731809668, 51.2471218988606, 70.00429823498982, 37.30089316136695, 39.41522396745651, 48.66250069485145, 67.87160238310922, 73.10352878650525, 13.871561911605893, 23.947293751662546, 7.1565672388000925, 38.848151377444474, 55.70331453025484, 20.508520508751527, 58.75636085683288, 17.14526144490374, 66.54650763876407, 33.8232065774195, 44.880772923803306, 55.267204709427936, 35.98733351013611, 9.334489801604935, 64.36618256542216, 51.72281103603072, 73.47365762525693, 81.73018171642566, 33.70351345418327, 39.96609934123063, 81.63565965854148, 38.862218988372945, 64.31774467648368, 15.936739638823214, 58.985763197416865, 39.606980960026036, 55.424550056617186, 55.4163556111617, 79.35299626219437, 58.49211023109084, 40.6883798868708, 85.31658399638535, 26.026316478977133, 15.06921971364862, 54.52941455537557, 63.58913012604584, 27.342303700690536, 39.82974679656889, 55.5385336508195, 52.13978528914361, 22.71319654321959, 23.683354293414286, 71.77387826701634, 61.423608983582234, 71.28248725154819, 5.821617396159544, 58.12603267029419, 43.404674133621405, 64.57129287284941, 68.21404452641744, 30.3722491354268, 69.68853005046337, 15.238021824809472, 23.83317046629029, 21.566889650307544, 45.39218585292881, 28.690096614995817, 48.10684205650196, 65.01475860916499, 80.3883983056251, 79.93096100795351, 56.299411468043886, 57.45006964573662, 69.12191858589917, 55.470472625998895, 42.26047937884015, 67.93766602921741], [16.500208808205084, 71.73264744673212, 94.9145956197057, 63.909537146185436, 66.2962859222814, 21.314777290463457, 32.55226219924742, 0.0, 18.333249686003935, 35.05623308232146, 42.264597714011664, 76.44754289423742, 94.7753361582441, 57.56321355600386, 58.55236740106203, 20.14285105463301, 83.66265167979822, 89.77254749622655, 34.61546055159754, 22.028798679859854, 35.670876270175384, 68.87180507413937, 85.28599473205296, 18.03421118458777, 84.83518428136841, 49.69077114376065, 85.4102583550115, 17.512795762849834, 70.78458355303385, 70.61665029515768, 45.15517111905912, 41.38816608206474, 78.42022308276375, 65.65920375743583, 97.2777110752163, 74.55508437340701, 59.38873888565237, 28.481736818266107, 75.09431790132484, 8.433975590397642, 88.72549619771966, 47.81469947996359, 69.68735589999379, 66.48841623911521, 80.31737161247622, 80.28147605649683, 77.13605603742347, 36.899773086193576, 11.62795472876578, 79.84746601915394, 9.381609058253316, 30.65121013793603, 80.19110663819258, 85.168663799433, 42.122027792580205, 45.87466811592624, 52.32340876130215, 19.590265123624278, 9.84453491615364, 9.040546501188821, 75.69702057720883, 51.180663223985135, 74.53606626059795, 38.11749677754535, 36.29302476761853, 35.743982011521695, 84.61649943613713, 93.5573305282271, 53.81992430911335, 85.36573218314756, 47.786872020100006, 21.50994122768217, 11.661416811065912, 67.2367609844219, 55.58174503853376, 15.923869216680416, 53.3461768640425, 72.83194563240895, 70.4481676452862, 82.9717007343613, 64.63292895781834, 75.28582025130409, 54.61451025276019, 52.569862707771364, 78.17469847036419], [31.029381674228652, 54.284753930929675, 77.0507257923291, 52.051622043456405, 48.433639943774665, 26.500181542152706, 20.32274005055834, 18.333249686003935, 0.0, 31.622195675192263, 24.424115106600155, 58.168230867242464, 76.44562905876566, 39.259935800916885, 40.324118769974795, 29.263595771039466, 66.24236320353461, 72.24017334064018, 29.40577284303007, 26.610669640427794, 26.278278641907974, 59.170876996839944, 67.74054769667332, 0.3062712964063672, 66.59155878911326, 36.29885663854099, 67.46730379752154, 13.501052683805476, 52.59729971876627, 53.101039791600655, 28.226631189539898, 27.078174042261875, 61.31221306984547, 48.34115871301033, 78.95134240454101, 66.12032897017266, 41.29786858296899, 20.839155600695925, 66.30766309112302, 21.362881022140385, 70.3939113604056, 32.75846009516821, 53.285044664863435, 59.45977743651239, 62.00979123803908, 61.97276511673542, 66.08107555986842, 38.25316033941462, 22.2021935586146, 70.55802838639396, 9.026504284120707, 27.334127841061704, 61.930361090252845, 66.926577148698, 23.959515865720242, 29.974082171154713, 40.97069177017479, 36.09081690496503, 11.41188805686115, 13.407756410693178, 61.813372496773475, 43.98234928446793, 60.900647371884105, 24.51908698933685, 37.866330606164425, 25.961247023025674, 66.51624341656228, 75.24528117736396, 35.574337940570935, 67.98904798282723, 34.18974913025323, 26.15036615047324, 8.20112573634956, 48.91732282787959, 48.36258717645748, 31.107989855949313, 47.17702932970156, 64.58237706454618, 63.30617654463514, 64.79829481026812, 49.20846146050617, 60.519423637126806, 42.15920253216343, 35.720818727992814, 62.09345173352595], [30.93688468264726, 55.12203507016392, 92.64582860827622, 33.54490728703443, 66.49532428444647, 54.24801581988277, 17.294072028057165, 35.05623308232146, 31.622195675192263, 0.0, 46.877367946367464, 66.33423603894721, 84.76518421988663, 54.23353953072978, 56.450285076498695, 54.62665623774627, 84.91477001476129, 89.9968777871067, 3.5302374294921504, 15.667558589862036, 11.382677034768543, 35.49361515267241, 67.64508760709802, 31.66135773986465, 73.16892903206687, 25.31685243209152, 83.16392053180734, 43.784259792682775, 59.88884784889984, 72.45103298120081, 52.91495472643239, 23.18193861521997, 81.57413360279692, 68.99624869050346, 88.57546959096706, 96.98791567182111, 49.365814363903354, 52.45176609560427, 97.03490002437884, 43.19429781538675, 79.36940256573538, 28.342533167821134, 76.27264116801584, 31.611008056510368, 70.51091327013349, 70.51498259910466, 95.56787022323398, 68.4256917562389, 45.97432134182446, 100.99458851467617, 32.88050930158628, 4.546608562267726, 69.29000327951007, 79.63201377766167, 44.54121184959751, 56.485393948521654, 71.10118230453529, 53.14136045078384, 27.08935319911176, 26.728015598610543, 88.73544746865011, 75.45961750372498, 88.17016337190775, 20.457106163523434, 67.94031828970706, 57.31987526909619, 80.97808801269647, 82.74576565087615, 46.93384315425874, 86.7289994936614, 24.605759526596984, 15.965298091827002, 28.076434238923714, 61.7946844116108, 21.062521667515668, 50.64111049858374, 78.74958834962122, 95.53723908606095, 94.59652535257607, 70.46183619347025, 74.56466728607587, 86.25378492217055, 71.49349595993735, 59.425011316304484, 85.22979814512304], [55.322578333029284, 38.217868763242194, 52.68057799190949, 51.296005913593916, 24.05037748559591, 41.566275557156565, 29.79932731809668, 42.264597714011664, 24.424115106600155, 46.877367946367464, 0.0, 36.84485067368926, 53.911920040619606, 16.55545718041389, 16.850037366315686, 46.45573541429745, 41.867432366815784, 47.82728276372802, 43.57427986423218, 48.33806095034598, 36.74498316015927, 61.164176320142076, 50.27750137201433, 24.689914068749918, 45.37832346808808, 36.08599919266248, 43.148203889651974, 29.452143926900618, 32.459856731787575, 28.713183438904824, 6.417224042052253, 28.580383921730775, 37.137240907307614, 24.093600895250283, 55.855982515731284, 54.535676179908364, 23.11273469344723, 25.91684071371213, 54.164048847052264, 42.965096536885206, 47.85594352160153, 29.77302414522607, 30.00287892617788, 65.45482936024698, 40.18397724164961, 40.12976078315509, 50.42720230597089, 45.59827795078477, 42.41582346948796, 57.247710611527374, 32.92866527121713, 43.88286687561931, 40.68742661140099, 43.22156824291243, 3.074095563133001, 10.943855468492744, 28.75158569755248, 57.64967491971567, 35.70765026423734, 37.68976065787807, 41.98461371738099, 38.129267888247995, 41.53084858756139, 28.973700699141034, 45.57211077809549, 23.725115699877684, 42.40137028206541, 53.0975204323558, 16.754463233947448, 43.62879981520031, 34.241790391948086, 47.98217404669343, 32.53849340341029, 26.099803752565236, 55.711250085450665, 52.141727971100245, 42.12298760455204, 53.448549650096886, 54.009368016173106, 44.209882162679236, 27.687319627653817, 39.37696389690377, 27.482745332720455, 12.60467501990728, 39.00545071035887], [86.33963370395193, 15.741497589284776, 29.496077269469044, 48.60980926107886, 21.089984594838512, 78.41055428896541, 51.2471218988606, 76.44754289423742, 58.168230867242464, 66.33423603894721, 36.84485067368926, 0.0, 18.801081081249077, 20.343874034359764, 20.700961354968115, 83.24558411605229, 28.590653547376213, 30.455582219597666, 62.89508993132903, 75.06901255406044, 55.11465648759259, 58.92023500744187, 17.98875499819085, 58.47201112146548, 8.55160869483747, 42.78542580114493, 22.07364339136461, 66.02751164988375, 6.445396367705607, 24.522127723128897, 38.15499541153487, 43.26355994907168, 30.067689340662106, 27.049016054668623, 22.276411171602778, 75.50158273378011, 17.673610533899716, 62.461882473158376, 74.46252783873288, 78.77117659775351, 13.08396309426328, 38.15728942131045, 34.46487611248537, 67.78796818734551, 4.187332684657915, 4.186044876327981, 66.23972438463905, 81.25329772240815, 78.66447700382928, 75.27423970647087, 67.19467271326046, 65.63952527424152, 3.845702590692939, 15.25757707582941, 35.647625994020075, 41.47017247880047, 56.07202030561766, 93.64461072272185, 68.01894554941269, 69.79356489762155, 51.84278882152146, 68.22178590041086, 52.69233649874983, 46.36455036767373, 81.32878569166888, 58.878264701772636, 18.608306041703983, 17.227565635180664, 22.64197757676538, 29.903033159610768, 42.637264674752636, 74.90753317611096, 65.24953754077117, 11.67106397215514, 62.70901420462705, 88.28739390499776, 72.02239167766601, 75.20306750735509, 77.83319026125905, 7.634212981611602, 40.347844036688336, 46.66930884359935, 52.63120997560276, 34.55602073448256, 38.9040043743899], [105.08085835628921, 31.013298043474254, 20.973269675520967, 63.84381978559548, 33.01751356806682, 95.14113804946075, 70.00429823498982, 94.7753361582441, 76.44562905876566, 84.76518421988663, 53.911920040619606, 18.801081081249077, 0.0, 37.519257540620856, 37.07993049035893, 100.23271415733383, 28.71265609518864, 26.479946937204915, 81.36936125496162, 93.85779705400367, 73.65426169859849, 73.40426401500135, 23.81843278766723, 76.7461744182288, 11.75284679945123, 60.5481028270919, 20.34141818036759, 83.36388432132865, 25.123538291161257, 33.03877911326543, 53.93351078124959, 61.84618988868153, 33.49536590168265, 37.59614245425059, 4.77346162738395, 82.93178867195117, 36.47314960727835, 78.59788575081093, 81.65904142587989, 96.61944966594197, 6.071997990773902, 56.44500282330467, 42.032332803525236, 83.05181841183287, 14.67528769069957, 14.6953330281525, 72.11880738515312, 96.19785604649519, 96.27141554233441, 81.32852879412384, 85.4523085123381, 84.26084749647092, 15.50831110794024, 13.52760098588249, 53.19978933361668, 56.365996897294444, 68.03341384809669, 111.42768114900105, 86.58106418274667, 88.38836927862063, 57.062235877148176, 80.42121286357535, 58.35608685537683, 65.02517807424607, 96.35942820765747, 74.06747173317076, 17.479210856334255, 2.6901538910015095, 41.19265577533734, 28.98038271870476, 60.64355516972139, 93.70009464996856, 83.74529372968844, 27.835066933468667, 79.36280803440103, 105.97403936943888, 83.9122316287245, 83.0283613905142, 86.4558971715547, 14.710201378606056, 49.47767078323104, 51.780839262654624, 64.14307673723509, 48.74931955758905, 42.53189305983737], [69.06618916080453, 24.758632031904728, 39.10268179999198, 47.62823758849281, 12.560943946627791, 58.105356068635494, 37.30089316136695, 57.56321355600386, 39.259935800916885, 54.23353953072978, 16.55545718041389, 20.343874034359764, 37.519257540620856, 0.0, 2.608115507921762, 63.01017379461138, 30.703028131359584, 35.804992702670795, 50.708392569905456, 59.68359717007199, 42.95290463341716, 58.30206495669285, 35.09988661292031, 39.55392861899717, 28.851194023863275, 35.67573561950807, 29.43594669486268, 45.92969666978849, 16.544735086524057, 18.74908650833975, 18.115299234980547, 31.805224166157867, 27.862159336243327, 16.680998467085107, 39.75028278564919, 61.31819305597225, 10.823720353496206, 42.134368905738874, 60.55953609762401, 59.105862034494365, 31.448300096969298, 29.368154824693097, 25.338665990299265, 64.9335447028596, 23.628934341998782, 23.57504201608473, 54.183521459449736, 61.1758692670897, 58.765928884813306, 62.476319635381074, 48.1911476978477, 52.37010346742648, 24.176072500648775, 27.75562105922042, 15.68173393975123, 21.949705122496177, 38.472717374890486, 73.90844296338474, 49.89896557064115, 51.79545723718025, 41.95103092231286, 49.97070463169017, 42.18196415002973, 33.91276609551954, 61.22070884497016, 38.83801919107545, 27.838892367949292, 36.599268049200965, 7.979707009645835, 32.51356701178507, 34.535331538783325, 59.42506259779225, 46.90628941998287, 9.713296028297256, 57.01555295205624, 68.4599913311267, 53.91975729893967, 60.64700625093816, 62.40777917407148, 27.81404975369072, 27.65106405590092, 37.69882633541258, 35.669573481098425, 16.27373954308986, 33.38643931209045], [70.47758341005067, 26.623932494218458, 37.360415070657126, 50.2260090066137, 10.123603177132885, 58.15753406679623, 39.41522396745651, 58.55236740106203, 40.324118769974795, 56.450285076498695, 16.850037366315686, 20.700961354968115, 37.07993049035893, 2.608115507921762, 0.0, 63.18050781326004, 28.469594487111987, 33.73195673409944, 52.93113739239416, 61.48065107628295, 45.21493374378831, 60.90400660297394, 36.336433068512356, 40.61246897533301, 29.06787916911886, 38.24737717262512, 27.677840736531046, 46.29597229381497, 17.63062522686609, 16.267708016924384, 17.45522490968238, 34.19704623359877, 25.40810783492281, 14.073269856000232, 39.02630193333148, 59.16043016101134, 13.225094298430971, 41.894624073039694, 58.36881741063191, 59.74400703232323, 31.03468616414985, 31.915850841234388, 22.734821459314414, 67.53702344609215, 23.657052234361704, 23.59542803501955, 51.808719102480396, 60.555223774724574, 59.260248224266704, 60.181702250961365, 49.17075884617618, 54.47636307013978, 24.470220480653136, 26.616310539492023, 16.445049159778648, 20.899107626911633, 36.80529216343989, 74.47649737677301, 51.16349587806093, 53.085606660447475, 39.4171887316258, 48.51343179238071, 39.67643048690228, 36.20841323579721, 60.62833906993727, 38.180514216234364, 26.32529582896977, 36.33924133156198, 10.555152295947378, 30.285285837075644, 37.08222834590452, 61.207619012968486, 48.11928641339303, 9.360638966682146, 59.57887869101237, 68.98201816450181, 52.43026446465177, 58.531707083159894, 60.41217445191638, 28.29677480128033, 25.204335688647667, 35.12275092361993, 33.84431678149917, 14.61514862664211, 30.7885672567841], [33.9084759479743, 82.12676062515884, 96.07345692832503, 80.74284847501004, 68.55621247643785, 5.673901651179887, 48.66250069485145, 20.14285105463301, 29.263595771039466, 54.62665623774627, 46.45573541429745, 83.24558411605229, 100.23271415733383, 63.01017379461138, 63.18050781326004, 0.0, 83.5743204620271, 89.83080424953569, 53.74331152790029, 42.17046479083459, 53.345791753965045, 86.93483687420303, 95.24066807995987, 29.00004044306676, 91.79334798151527, 65.34581796184504, 87.20853292361201, 17.469106649487856, 78.49518126467869, 71.41334844378365, 46.59194872555345, 56.244346429645326, 77.64765428735102, 66.14921536756485, 101.88513569769714, 61.31329020695024, 67.9677243007343, 22.588332614271827, 62.16978820913855, 11.708984512495803, 94.20458494572452, 62.02190076392073, 67.69052154576114, 85.58401518563686, 86.63910736261532, 86.58514870846115, 66.54242755881505, 18.99759991274591, 8.664919434881021, 67.19799429608469, 22.78428945189002, 50.11848743824722, 87.09128217726447, 88.82621899785329, 47.64138872824783, 45.209593562648294, 44.1800132778612, 15.306411227907477, 27.704103345216627, 27.89957186373995, 68.8997355800127, 38.60277527272095, 67.44076571808941, 53.482649508903954, 18.3211312415127, 29.18710303851057, 87.26134318950831, 99.51429090504571, 61.70489267776421, 85.07871749694415, 63.268946812310624, 41.65233092277167, 27.568860777682357, 72.5099375571807, 74.50939856785033, 10.579355606156387, 39.526699362224576, 59.50182186048697, 56.21802865786921, 90.4944186856903, 61.08254894887093, 69.89691704115617, 47.57728366449853, 52.93955843940472, 75.0314062031241], [97.18994306354966, 43.791544970982315, 13.170963398878987, 74.86851235020575, 18.542100325076092, 78.00778163484756, 67.87160238310922, 83.66265167979822, 66.24236320353461, 84.91477001476129, 41.867432366815784, 28.590653547376213, 28.71265609518864, 30.703028131359584, 28.469594487111987, 83.5743204620271, 0.0, 6.257238822168189, 81.39329123801708, 89.43946556515665, 73.6537405358752, 85.5299132302244, 45.25544389478654, 66.49984437911613, 30.881354022822222, 65.388487994727, 8.412369028504758, 68.7094246481414, 32.45119965589716, 13.155750355695208, 38.5407791605888, 62.43906408966707, 6.261950223117822, 18.006192665663747, 26.761621698911206, 54.8681948171566, 37.918818321890136, 60.986003561054396, 53.51890079619675, 83.06582715897568, 25.639269917869367, 59.417748174694424, 16.690659498781056, 93.44943653452727, 26.916082082078695, 26.83130749523147, 43.66519507166781, 75.15500291538542, 81.7985988737164, 52.8337614336221, 74.475516615053, 82.92198718002632, 29.446618319808348, 16.283002098158423, 42.85972201382817, 38.63534902105922, 44.206941356531615, 96.98885183917857, 77.57039314389853, 79.5547541987958, 28.658382767868368, 56.13020904829915, 30.072903663165402, 64.61530051539876, 75.46374067160002, 54.78426421541343, 11.76003583669254, 30.197826066223982, 38.32297197532224, 1.8172771562743302, 64.53136006453742, 89.13347439275194, 74.39294329313762, 24.760407498480724, 86.63156113019242, 91.36684918563155, 59.11569632310812, 55.13763030983659, 58.91661429782144, 32.904709177052055, 24.410896692251917, 23.49139185141561, 40.086142334224476, 31.261766205513677, 14.081271883596825], [103.12911764802651, 46.11727383265458, 7.64301270345341, 78.17984476658056, 24.118777644934017, 84.26246381253925, 73.10352878650525, 89.77254749622655, 72.24017334064018, 89.9968777871067, 47.82728276372802, 30.455582219597666, 26.479946937204915, 35.804992702670795, 33.73195673409944, 89.83080424953569, 6.257238822168189, 0.0, 86.46800122863635, 95.05582789995455, 78.67225744195686, 88.73814304428221, 45.75456226833906, 72.50181962572105, 31.024156678322807, 69.6292526797718, 8.385470365865146, 74.93503441548955, 35.19698504632398, 19.16285722108138, 44.69605071209615, 67.26197640156947, 12.346570367009225, 24.161298460586952, 23.644237791096334, 59.23161197731459, 42.04510396210833, 67.24247183217008, 57.82182092346826, 89.2780822276389, 24.682208133185583, 63.856861245303854, 22.749087841364908, 97.03673799684748, 28.004111143247314, 27.928750103760542, 47.675713971746724, 81.25812975344452, 88.03409623759141, 56.70811921747413, 80.55390679245849, 88.1724810221598, 30.531317241632323, 16.110434674941953, 48.683502655937694, 44.87907798268691, 50.13544113581386, 103.2333729544904, 83.53062110277648, 85.50940718644996, 32.9392507085718, 61.90747492234848, 34.48329160290044, 69.59829843932843, 81.57734362197739, 61.02024636994033, 11.956030585923438, 28.397839486533773, 43.138268708026764, 4.847857889150583, 68.90679472819252, 94.76298277626205, 80.36553984502414, 28.83617378741111, 90.70295199430356, 97.61141370818378, 64.77820215278429, 59.63922811147628, 63.627667010973845, 33.45715551922, 30.357674228270383, 28.034912817782565, 46.01208171928785, 37.46575642176581, 18.750446786360364], [32.20516067830274, 51.89537148668116, 89.12042248219305, 31.782851553102923, 62.98272338370907, 53.01196748418838, 13.871561911605893, 34.61546055159754, 29.40577284303007, 3.5302374294921504, 43.57427986423218, 62.89508993132903, 81.36936125496162, 50.708392569905456, 52.93113739239416, 53.74331152790029, 81.39329123801708, 86.46800122863635, 0.0, 16.968713171445337, 7.863992134052526, 34.7477413833075, 64.55199682624718, 29.47220256850016, 69.79913292902164, 22.32169397956478, 79.63523058832774, 41.99907875522351, 56.45038224082971, 68.94867506406598, 49.66910934099648, 19.693855860296896, 78.07629429681428, 65.52541837040627, 85.1487272172118, 94.24107525876006, 45.87024889885115, 50.22902377766705, 94.25194781128651, 42.520814742602305, 75.94248713074846, 24.995909296243315, 72.8543334036066, 31.90769723597742, 67.07506382460522, 67.07806620177051, 92.56430486136199, 66.81045441854883, 45.14369071654513, 98.14147682417409, 31.522587745115043, 4.513275081903771, 65.88264052704795, 76.12772201966838, 41.18574373380172, 53.327120129463204, 68.25077787974668, 53.256276979832045, 26.04487805331068, 25.939038045750692, 85.49160473654722, 72.97864919001186, 84.95333297209373, 16.930163006604133, 66.34792316936537, 54.81774517470445, 77.45558723418627, 79.37179708473663, 43.40387915077341, 83.20720464272338, 21.46232955939438, 17.172125331988592, 26.650142478902133, 58.269791981206026, 20.96823512235863, 50.41920075387116, 76.34362030392151, 92.81670637956256, 91.99441975670383, 67.11484057228067, 71.2558595678109, 82.93877925448875, 68.52549397447677, 56.09026064903238, 81.80041978215979], [15.294800374164394, 66.0979509641197, 98.78451481518235, 48.751557248188405, 70.95553553860712, 42.995349806754966, 23.947293751662546, 22.028798679859854, 26.610669640427794, 15.667558589862036, 48.33806095034598, 75.06901255406044, 93.85779705400367, 59.68359717007199, 61.48065107628295, 42.17046479083459, 89.43946556515665, 95.05582789995455, 16.968713171445337, 0.0, 22.24006220269501, 51.16027118774051, 79.3037194439193, 26.494587240570297, 82.68288799006548, 38.11006426136422, 89.11151374207253, 35.309562853835345, 68.74524479428501, 76.40915932734161, 53.41628725359623, 32.82038675099223, 85.21528860228624, 72.19761271787686, 97.22258212891134, 92.1316728969408, 57.43539748021294, 45.652003911351365, 92.425568668613, 30.461686714943838, 88.10780887264795, 39.16767872443449, 78.293957575571, 46.79810623595231, 79.231928927563, 79.22019115028431, 92.64616234509434, 58.24679641762295, 33.62597771437963, 96.82977415416006, 23.488807165829726, 12.477472193030271, 78.41507228398086, 86.85001249307675, 46.78947386420047, 55.93762995439214, 67.48752012572064, 38.30123647493087, 17.245081547836623, 15.889393348961923, 88.1947182170098, 69.32441374801328, 87.3476536879717, 29.358675570942246, 57.680157058293545, 51.87892786441463, 87.45134424830518, 92.1134776219428, 53.5167835718985, 91.24522241499363, 36.81681116560778, 0.5329322604623603, 19.73197436482477, 68.46919956321973, 36.60935893894614, 36.495366720763364, 72.11120487499477, 90.52524936760484, 88.8378533722122, 80.24416437545732, 75.06537483087436, 86.59230490283412, 68.76852879464498, 60.696877678590724, 87.27210063808559], [36.731192577978746, 44.54043977102283, 81.26479485872244, 28.30529501088427, 55.29783739660929, 51.793779959971125, 7.1565672388000925, 35.670876270175384, 26.278278641907974, 11.382677034768543, 36.74498316015927, 55.11465648759259, 73.65426169859849, 42.95290463341716, 45.21493374378831, 53.345791753965045, 73.6537405358752, 78.67225744195686, 7.863992134052526, 22.24006220269501, 0.0, 33.59002085401867, 57.455866989983924, 26.419441144251856, 62.13453367742943, 15.879583051724985, 71.79089213678397, 39.628568228929225, 48.673298888277266, 61.31063508793598, 43.00122298951777, 11.862381647319635, 70.45428153262458, 58.023207155427336, 77.38232334467111, 88.87142357898466, 38.01725744002682, 46.555219917229124, 88.78431931032188, 42.82282940768174, 68.17779561268327, 17.480312927404654, 65.54034850039513, 33.18175329003368, 59.29858719155524, 59.29991343645532, 86.48943437493664, 64.50382589018803, 45.02552141488457, 92.47298338094593, 30.57199022235763, 10.749552464624921, 58.15354487131558, 68.26685426820737, 34.181096265777576, 46.923769811146144, 62.688556231231104, 55.08253272809261, 26.143726029337987, 26.633591820371418, 78.72637194719428, 68.40767497395231, 78.27110381275251, 9.08443184976314, 64.10181599742349, 50.32745716105384, 69.59545147702502, 71.69521906191721, 35.57409900774681, 75.46541227270983, 14.596669583756196, 22.286653031659103, 25.784688233042928, 50.413334101715016, 22.098360718870364, 51.56480314408693, 71.95343241594469, 87.5220965093834, 87.01959787785789, 59.49410068714568, 64.31188584552925, 75.95591492640811, 62.62440077776675, 49.09706849843046, 74.43881955141507], [66.40731300200106, 43.35467771557778, 88.41629259350859, 10.731880042505459, 70.06160167526514, 85.25236060036738, 38.848151377444474, 68.87180507413937, 59.170876996839944, 35.49361515267241, 61.164176320142076, 58.92023500744187, 73.40426401500135, 58.30206495669285, 60.90400660297394, 86.93483687420303, 85.5299132302244, 88.73814304428221, 34.7477413833075, 51.16027118774051, 33.59002085401867, 0.0, 50.55200056369264, 59.355938142874194, 62.18582649855049, 25.197886954183492, 80.5212433220044, 72.67125784387031, 53.57297844868534, 76.13029275386013, 67.40301950763089, 33.91049714368127, 84.66622166384954, 74.93493283646349, 78.055852435449, 115.69302889382607, 48.39401150187739, 78.21789943348209, 115.292477530968, 76.32292257843648, 69.73895145850732, 31.39126205852539, 83.63843366616668, 10.440984810680725, 62.338073385941684, 62.38722105880552, 110.81072189759887, 97.27482092092728, 78.60042617130225, 118.19068599114203, 64.15624326174532, 39.157444048267486, 60.153448978016684, 74.1777305454254, 58.09788771229623, 72.08906035982731, 89.81630610886504, 87.90353846830384, 59.607701521954105, 59.9138415689022, 99.9355103337274, 97.89146534783897, 99.98347995903849, 35.32207826949139, 96.92495738797442, 80.5831669115984, 77.28775287520354, 70.82400243256089, 50.615293615510254, 87.14748828158419, 27.190257433083577, 51.457664273320724, 59.37425359901509, 60.97902985000863, 15.009690144704344, 84.7901844021155, 101.72550050875935, 114.61232540388725, 115.04323850214733, 59.11632280746241, 85.28806078844052, 95.92567596991846, 88.63263079981867, 71.1012946654022, 91.43209133144866], [92.46521340071698, 13.57088945633232, 42.579266778129266, 41.764200476232865, 38.85677302779649, 90.91123127644002, 55.70331453025484, 85.28599473205296, 67.74054769667332, 67.64508760709802, 50.27750137201433, 17.98875499819085, 23.81843278766723, 35.09988661292031, 36.336433068512356, 95.24066807995987, 45.25544389478654, 45.75456226833906, 64.55199682624718, 79.3037194439193, 57.455866989983924, 50.55200056369264, 0.0, 68.04479575086799, 14.758877565643873, 42.34583228034702, 37.637236513258614, 77.7715622940074, 18.719261184840256, 42.50984601627692, 53.10586025500485, 46.526147114574336, 47.60594893234788, 44.88951029712817, 28.59188529563402, 93.36504269535708, 27.39806736280379, 76.13923388972754, 92.35448450803281, 89.06456984747115, 21.897466356838823, 40.14148561517593, 52.45280309489945, 60.5832538786