instance_id,num_cities,city_coordinates,distance_matrix,best_route,total_distance
713,61,"[[44.36139742724913, 52.15374195791521], [77.67301098479571, 80.88395840001894], [25.73789698920286, 55.93682576857876], [43.58906395123889, 82.8624133279422], [2.7184645101328453, 18.74792751345855], [74.00926739837624, 18.006867809439076], [15.953945215108034, 61.02590779940201], [84.32301167066882, 82.42021172363751], [63.510892832573354, 85.63467858870901], [78.17310433022372, 45.74127163492422], [8.139963644403082, 39.07480304310585], [92.37543891499097, 89.40694799765873], [58.020164343202765, 48.35844909671192], [14.146085444255252, 50.519835793104804], [72.27891966121459, 61.8232311782101], [16.738474263667403, 48.43911273189077], [19.1938906217323, 57.08244835703762], [28.417856171185985, 78.85275089107135], [86.97739644223468, 91.2583680623474], [6.7745463615016766, 4.427997859841881], [1.1066952342420389, 88.31157135363063], [29.189881970839526, 48.695208627372], [78.78329862076275, 45.08754603920407], [46.36101994417403, 32.83853738517377], [73.10971805433445, 44.68494355489793], [53.045375973691996, 32.17223187682914], [95.41386986138288, 33.55112042741264], [27.9003384835771, 93.42285909654997], [70.77372897766362, 32.14735582634931], [23.39968903721784, 65.45244596619467], [39.90852790475593, 45.142157956676876], [79.7171471476593, 49.96630770974607], [51.75293679586297, 2.6507854125944696], [34.628298593873474, 40.28302830345021], [19.878507640327104, 63.1409227457534], [9.40319201841091, 38.54016744188024], [93.10787309053975, 61.39724911704833], [5.213515005761582, 51.16026431907896], [78.19917041225402, 13.773089242399482], [43.88998266481544, 77.51789536895791], [50.904321524588056, 33.404813927768494], [67.70636932982642, 41.519477593452045], [93.3492411586774, 99.59459032319594], [55.35843222716835, 80.08020408227767], [72.22930289533507, 85.103642108764], [6.9608908868079356, 7.253693692238583], [90.66484066226651, 36.11884707999733], [45.63898509522085, 1.5432276378810506], [48.87396602551356, 1.8585519981826004], [88.63571968767732, 94.8680251617809], [83.55183989284329, 81.01678775604472], [64.15510315066271, 33.73529834386506], [37.860457681966, 86.06002618744644], [60.77873598567483, 82.51843928146289], [60.574876739386774, 82.41861290745767], [67.87736822987131, 29.133164285727187], [7.765440247956457, 46.361239447993206], [70.05229800262497, 36.760019826018954], [58.785669144757854, 62.82917899945871], [71.6428419497525, 9.14805339128797], [93.85162974566036, 9.269137468715938]]","[[0.0, 43.989645765991895, 19.003854653317422, 30.71838205880124, 53.38616207068004, 45.22173380064864, 29.760689976946523, 50.12972975210683, 38.57040694565931, 34.414405404363734, 38.51040000340707, 60.771288782007716, 14.17625343899615, 30.259456828982554, 29.54466228382641, 27.87156892584224, 25.64557555553172, 31.097163629446, 57.83852656156352, 60.74963393102432, 56.376926915320546, 15.560730511211672, 35.13969844118791, 19.4184350012313, 29.702674769498667, 21.7869738264777, 54.33610649876474, 44.430918187107075, 33.13407225160127, 24.824357935876943, 8.306043413730162, 35.42335256412565, 50.0517488302425, 15.350799834749992, 26.835238660820803, 37.51540398969685, 49.6151319074406, 39.160486410481184, 51.1670732351749, 25.368533858643655, 19.857798418333275, 25.65297822291622, 68.19415610646118, 30.013697892363844, 43.15456030512974, 58.436394684662694, 49.00129293359874, 50.626637158592075, 50.49722178931857, 61.52012354701745, 48.67202680589712, 27.03756371104912, 34.52388054413293, 34.51874634010677, 34.334229640368726, 32.9081734399073, 37.05154743321898, 29.949775515817795, 17.945043065105224, 50.92903360877921, 65.48566558511386], [43.989645765991895, 0.0, 57.6161044523655, 34.1413199699152, 97.36051751895108, 62.98374026844561, 64.83506191205261, 6.8251434707588325, 14.937701726461581, 35.14624484100265, 81.13476532350221, 16.994197207401758, 38.00188332908623, 70.41058308465486, 19.809279225437194, 69.03394654695029, 63.13730591943085, 49.29701897333211, 13.935564738553508, 104.26939238367886, 76.92574433700426, 58.19561333047362, 35.81362696712078, 57.34808857688021, 36.485508330383574, 54.58344718969455, 50.548349371863594, 51.32779908189158, 49.2225204823743, 56.42450754079038, 51.99646604562947, 30.98515155454395, 82.41528742678787, 59.171638388029066, 60.45676083832421, 80.33532731251864, 24.85893816924501, 78.31906886163145, 67.11293171091711, 33.950307550855335, 54.50533822694675, 40.60660408171487, 24.40966897418171, 22.329049378189882, 6.887647520388057, 102.08633507815848, 46.61226051010976, 85.56360425183132, 84.10945159458686, 17.768936527030874, 5.880329324784296, 49.0482413273185, 40.147616096484505, 16.973156910183995, 17.166868064129456, 52.66971908451683, 77.96721471340848, 44.77719533019849, 26.12865746618717, 71.98890890972626, 73.41954972643182], [19.003854653317422, 57.6161044523655, 0.0, 32.305594365735395, 43.736808583710655, 61.39060931414285, 11.028348391044847, 64.29296535302382, 48.049575202174296, 53.41722842855223, 24.3724243439667, 74.57084601867355, 33.159863969802764, 12.795072304913557, 46.91179553164904, 11.713467043254314, 6.6435284640529995, 23.07210015227879, 70.69573992305598, 54.888687537242184, 40.67948194840269, 8.022295128781082, 54.14352689749457, 30.965208325777507, 48.68977597378521, 36.20019794597951, 73.18374819115428, 37.5483534643313, 50.93294653782661, 9.79868583902974, 17.81380458279867, 54.30843887979167, 59.29742315616839, 18.002239187712032, 9.286089424416259, 23.863493193971077, 67.59090103733799, 21.072868696099647, 67.3050212615463, 28.20001382040776, 33.77929071916182, 44.37581096733348, 80.48163931176805, 38.2135947560805, 54.88309392290892, 52.1787629877497, 67.8841682134078, 57.91991734634409, 58.81953233781149, 73.97144304663789, 63.01949291574896, 44.37104404048234, 32.47096674299976, 43.98229842249055, 43.759572760524264, 49.94167903996044, 20.364210141789403, 48.285774544238, 33.75884739597455, 65.54733550957674, 82.5672678564046], [30.71838205880124, 34.1413199699152, 32.305594365735395, 0.0, 76.03336892398603, 71.63540020316672, 35.221197612489235, 40.73634788574082, 20.11379428783208, 50.73494860082517, 56.33820663653409, 49.223381803233885, 37.40027013529393, 43.73707014604052, 35.577450810714794, 43.6568183734962, 35.49269045420109, 15.692129822404317, 44.19320595127017, 86.64448185076559, 42.83042113960354, 37.07740981723676, 51.6292044549913, 50.1006178042173, 48.25959196829499, 51.5646810579951, 71.53610357816473, 18.911877792312566, 57.54148998756283, 26.659291493886645, 37.89939327829578, 48.86094718986719, 80.62601362248652, 43.5120597634, 30.84035783443961, 55.97441665790053, 53.970971208374095, 49.77659097052442, 77.27350239144047, 5.352982746664354, 49.99567113053394, 47.86316698537854, 52.49800932146077, 12.093747057926917, 28.727798266189968, 84.01369856748565, 66.34070951175109, 81.34501913449398, 81.1760786208942, 46.61905091850336, 40.00537207314184, 53.25819556660716, 6.560614131894936, 17.19311323745994, 16.99160954374924, 58.96400535387498, 51.14359891373162, 53.15762826786589, 25.144925672342264, 78.87218344169573, 89.11955886297196], [53.38616207068004, 97.36051751895108, 43.736808583710655, 76.03336892398603, 0.0, 71.29465439943793, 44.3013043436691, 103.50585439393245, 90.38560068252899, 80.1376521819769, 21.037455208761997, 114.1537131906799, 62.730064505460845, 33.76454761942246, 81.81771633721033, 32.8348466292208, 41.724994354290466, 65.36855914736256, 111.16353538338241, 14.883285432643346, 69.58231344616975, 39.96968336745694, 80.49617688039254, 45.86085401919851, 75.01771375253952, 52.08656223155193, 93.86997759497066, 78.80654911715024, 69.36183172940184, 51.07861677690255, 45.604344266591504, 83.08660776559887, 51.6090830780343, 38.49672813742688, 47.59417092380831, 20.890628119904378, 99.94603452244701, 32.5082274843879, 75.64447091034285, 71.75655390901787, 50.36567417973779, 68.86197256758771, 121.45007436551755, 80.82459001049531, 96.09806195999656, 12.252166857270002, 89.64549026515358, 46.24038046019582, 49.148563818613404, 114.78695049191533, 102.03649117679865, 63.23829418837266, 75.93338074908723, 86.24194626147309, 86.03092824434115, 65.98132975906312, 28.070749190074963, 69.70136729125801, 71.32102192280273, 69.58970749040888, 91.62478521971155], [45.22173380064864, 62.98374026844561, 61.39060931414285, 71.63540020316672, 71.29465439943793, 0.0, 72.2568905742636, 65.2338270770852, 68.43783061524259, 28.0452258602084, 69.15651142186945, 73.72440374165062, 34.30553749975197, 68.1226367720677, 43.850516555175034, 64.8541847323571, 67.31735679820842, 76.03156098404422, 74.39055491256933, 68.59222566745022, 101.27949628914756, 54.31897985289947, 27.498263717849333, 31.375213301148616, 26.693237242844972, 25.30103323636517, 26.45337022102719, 88.39459863299108, 14.505933621394021, 69.37155258838479, 43.57963291936425, 32.46514577163655, 27.03985056295706, 45.24475693752992, 70.47852202606033, 67.79056991792716, 47.407614677438346, 76.36755362974087, 5.956523165440218, 66.69882843087365, 27.765721105234373, 24.342747234398, 83.84861984571319, 64.81475702819895, 67.12037987829507, 67.90519528306987, 24.605932492916182, 32.801286036667385, 29.87560005497309, 78.24046661487041, 63.72841361190322, 18.56039008472557, 77.05821701243411, 65.85430749201237, 65.79784007815505, 12.704119831415818, 72.05702621224341, 19.166072037740705, 47.3370629021545, 9.169436313053055, 21.681034915983886], [29.760689976946523, 64.83506191205261, 11.028348391044847, 35.221197612489235, 44.3013043436691, 72.2568905742636, 0.0, 71.63829624165726, 53.54675402347923, 64.06905542984497, 23.30041433127756, 81.52133550216354, 43.932121525339994, 10.66048338268813, 56.330617526572084, 12.611221031270475, 5.103735750553566, 21.751905915023602, 77.19023434193349, 57.33746395542926, 31.06361646023986, 18.08967008745117, 64.81943400687479, 41.46224842489748, 59.445853356558125, 46.99264676482577, 84.07582034049803, 34.52938987985017, 61.961112448322446, 8.662178779415632, 28.74222574717291, 64.71522753444067, 68.47789944116074, 27.910545030482403, 4.458192285302547, 23.42052277106386, 77.15482150184467, 14.58381851103073, 78.14919655008886, 32.44083603093239, 44.54720676809998, 55.30654772383901, 86.47297326803266, 43.769621925705955, 61.20991072947023, 54.519042876213284, 78.75328292964272, 66.4784990194701, 67.70896368034018, 80.1743677745603, 70.49191901418976, 55.39069408107221, 33.26563349655659, 49.71107298311381, 49.4840920087921, 60.935941335135674, 16.795955211117857, 59.29135766247403, 42.86966715297299, 76.1089022224823, 93.52439537513641], [50.12972975210683, 6.8251434707588325, 64.29296535302382, 40.73634788574082, 103.50585439393245, 65.2338270770852, 71.63829624165726, 0.0, 21.058895691789033, 37.19093984194913, 87.6509056442352, 10.660960007795994, 43.03537441204634, 77.08719062916227, 23.859919528802155, 75.64644595224065, 69.88422326268524, 56.018864574473916, 9.22815073473546, 109.984316587335, 83.4245973291896, 64.63000715102326, 37.741440722115705, 62.44561830943731, 39.36608206937561, 59.18741397863281, 50.11182714215567, 57.485444234084305, 52.06671779135377, 63.24204547213041, 57.98534005112799, 32.779107275018895, 86.16246950583174, 65.15448360912335, 67.2665227524769, 86.8241767187909, 22.784616453308654, 85.06172332083766, 68.91972763086314, 40.72913625685597, 59.32384067276019, 44.147285930978754, 19.401858133982078, 29.05894867507206, 12.387840432230501, 107.86520831640432, 46.733661988143, 89.65233107341754, 88.01599772127953, 13.173743197390513, 1.6013446673744118, 52.69691950073819, 46.604905026017136, 23.544480588539546, 23.748134985101284, 55.76709256211902, 84.62453086262511, 47.83833601540343, 32.18640126645949, 74.36125261742262, 73.76906009343011], [38.57040694565931, 14.937701726461581, 48.049575202174296, 20.11379428783208, 90.38560068252899, 68.43783061524259, 53.54675402347923, 21.058895691789033, 0.0, 42.50252185908638, 72.34474279436911, 29.109998918545287, 37.67844721434283, 60.57999994260269, 25.374462009089523, 59.75926085715787, 52.718370006650055, 35.742352544473945, 24.130948488572912, 99.06330302329741, 62.46158525659167, 50.422774889882554, 43.328008684293856, 55.51171647564039, 42.059698584003804, 54.477153482392275, 61.077794443168045, 36.45226106382881, 53.97816674503934, 44.902463000840214, 46.869135444569636, 39.17748537214319, 83.81274400009823, 53.76780108535027, 49.08924616947228, 71.73239343249111, 38.25485887811087, 67.72790784245528, 73.34734842947887, 21.23351797624828, 53.729734808981526, 44.314252581883, 32.94246752240309, 9.864826453885346, 8.734567749207574, 96.6513399462563, 56.47259913211736, 85.96962957456513, 85.04515866801079, 26.767734559305016, 20.56610013626665, 51.90337827861334, 25.65396156532681, 4.144348978558667, 4.354683566641004, 56.66998522961928, 68.19060423403857, 49.31046796338658, 23.289880858758984, 76.91769907202863, 82.17211319528367], [34.414405404363734, 35.14624484100265, 53.41722842855223, 50.73494860082517, 80.1376521819769, 28.0452258602084, 64.06905542984497, 37.19093984194913, 42.50252185908638, 0.0, 70.34971640174285, 45.91729085946543, 20.322170356213377, 64.2050918762524, 17.128071568751288, 61.49383804902006, 60.05971977219099, 59.765832863749914, 46.36077681377825, 82.48963977390049, 88.04238654812637, 49.07221022599479, 0.8942562421957633, 34.32913142077483, 5.172398823709929, 28.557338326889177, 21.11501320298904, 69.28841727686111, 15.47725113250724, 58.21217584301265, 38.269266340236115, 4.498332808454755, 50.54518033819327, 43.88556171318834, 60.835909313630594, 69.14590906896444, 21.63693483016689, 73.16055737967756, 31.968193019349105, 46.74490610814766, 29.92949555975465, 11.286101474696741, 55.95082718581116, 41.22707295932901, 39.80860440680129, 80.94734708070987, 15.768149254257386, 54.88110792943185, 52.764880253018696, 50.228520107669404, 35.68322902799046, 18.456645191794735, 57.015010729226525, 40.68321656663169, 40.68076913187336, 19.54050694251693, 70.41039356238984, 12.108277312042869, 25.843165850366557, 37.171332343409354, 39.699278706802595], [38.51040000340707, 81.13476532350221, 24.3724243439667, 56.33820663653409, 21.037455208761997, 69.15651142186945, 23.30041433127756, 87.6509056442352, 72.34474279436911, 70.34971640174285, 0.0, 98.12716295597231, 50.736776659551126, 12.92525720143348, 68.05363077415109, 12.713169581857722, 21.129708738468107, 44.648382505116814, 94.54345703574639, 34.67370002990008, 49.73656821890374, 23.144141054604383, 70.89875778121426, 38.7264787196895, 65.21152248375165, 45.43282453434925, 87.44853215468568, 57.82891673352498, 63.015697129865174, 30.473583071934506, 32.342765355043504, 72.40109165034917, 56.822535031955105, 26.515876313542208, 26.77632410706153, 1.3717073853400121, 87.85122215638751, 12.434728621391471, 74.48804719009182, 52.49700189090641, 43.13860314697942, 59.61655072157013, 104.51442784100179, 62.53820184243311, 78.9056235724255, 31.84294604598568, 82.57779969501077, 53.05464882710059, 55.17525071826194, 97.94105561694816, 86.29067829708177, 56.26905156779295, 55.59603366932115, 68.25093320392713, 68.03018421873907, 60.55900996375464, 7.296055321675793, 61.95559189473029, 55.93976995576958, 70.20132404582266, 90.74617020120347], [60.771288782007716, 16.994197207401758, 74.57084601867355, 49.223381803233885, 114.1537131906799, 73.72440374165062, 81.52133550216354, 10.660960007795994, 29.109998918545287, 45.91729085946543, 98.12716295597231, 0.0, 53.52816224123511, 87.36154325593657, 34.12816314560363, 86.01926498191362, 80.00257675609619, 64.82255369079004, 5.706716989093871, 120.61896522719626, 91.27531661437571, 75.165552807764, 46.356829785189774, 72.91990011268926, 48.69523263789848, 69.44542159421663, 55.93840841651696, 64.60004734978993, 61.1988134512517, 73.01693117884739, 68.64509005258955, 41.422173491831835, 95.79571715324576, 75.81485145662347, 77.10842448641435, 97.32329176089742, 28.019273566671554, 95.18408371134133, 76.95094007789767, 49.9218292953664, 69.68566996155336, 53.86810573903135, 10.234077728983985, 38.17390386362655, 20.600612566034847, 118.51076832013966, 53.31554975608045, 99.52049774347351, 97.76042034297431, 6.618826458794341, 12.175823938592654, 62.41570255813973, 54.61762595024375, 32.33888044346249, 32.559370110882114, 65.06215851204003, 94.93042135679336, 57.18410326395918, 42.832819637970935, 82.89349033765887, 80.15140557558107], [14.17625343899615, 38.00188332908623, 33.159863969802764, 37.40027013529393, 62.730064505460845, 34.30553749975197, 43.932121525339994, 43.03537441204634, 37.67844721434283, 20.322170356213377, 50.736776659551126, 53.52816224123511, 0.0, 43.9272852755826, 19.611538943213123, 41.28176888706259, 39.794317360506525, 42.49940106679769, 51.75832626829518, 67.49813262751394, 69.53700413515756, 28.83224910844953, 21.01919484280025, 19.41142209245222, 15.53026961024393, 16.933462351528988, 40.21872940187229, 54.20336667078603, 20.626510996912845, 38.61064671028184, 18.394996688663554, 21.75647655610602, 46.13532985240838, 24.74655136019741, 40.90608149437716, 49.59847429793765, 37.432039900441886, 52.880926455459964, 40.04172076955602, 32.402705769244534, 16.560387187052488, 11.857238222507531, 62.23572797368022, 31.833230392497, 39.3968124076892, 65.54883921746048, 34.86377417182491, 48.424772170966754, 47.39085749213994, 55.68171059515882, 41.45399305687913, 15.857932151190576, 42.75304302380957, 34.27119266860921, 34.15583865522922, 21.60500045190543, 50.2943947201899, 16.712145342398983, 14.490963443451715, 41.50942635773133, 53.02705155331661], [30.259456828982554, 70.41058308465486, 12.795072304913557, 43.73707014604052, 33.76454761942246, 68.1226367720677, 10.66048338268813, 77.08719062916227, 60.57999994260269, 64.2050918762524, 12.92525720143348, 87.36154325593657, 43.9272852755826, 0.0, 59.22155993663539, 3.3241372186600553, 8.279385289624644, 31.724399405357662, 83.45075118377616, 46.67758683259813, 39.978006124939505, 15.154044946059754, 64.8650838216957, 36.74820156448968, 59.25163236576594, 43.00917777826101, 83.02041968835505, 45.05384428931291, 59.53350344365431, 17.56735683126967, 26.317729013784913, 65.5733980075052, 60.87463554645527, 22.897888179625692, 13.861908241664777, 12.88438946377549, 79.70747787326377, 8.955499055637963, 73.84525086950036, 40.16957359405949, 40.54740303876958, 54.311236936982304, 93.17441390913979, 50.71757979977579, 67.59955479696929, 43.858705784834996, 77.86211129958508, 58.22809351864544, 59.78249100059394, 86.69179609397163, 75.8104401095757, 52.75056918503066, 42.725596355051145, 56.555412841949284, 56.33084982953872, 57.831137529468656, 7.616203561002451, 57.57462234413428, 46.30564072687029, 70.83432351449204, 89.74738940288454], [29.54466228382641, 19.809279225437194, 46.91179553164904, 35.577450810714794, 81.81771633721033, 43.850516555175034, 56.330617526572084, 23.859919528802155, 25.374462009089523, 17.128071568751288, 68.05363077415109, 34.12816314560363, 19.611538943213123, 59.22155993663539, 0.0, 57.13033958889992, 53.29629752506455, 47.05100883219243, 32.900949880969804, 87.0921106016961, 75.94154130074097, 45.04453513111082, 17.955224942098614, 38.88251535097298, 17.158412765444996, 35.34276393196116, 36.53133130710711, 54.47930755725227, 29.71402323639509, 49.013777515829034, 36.41566237608152, 13.996923314682938, 62.63141632179039, 43.37683260269616, 52.41697712598414, 67.04817807787192, 20.833308946910673, 67.90778573800347, 48.41348478478624, 32.43846833384495, 35.55952593219538, 20.812271047717346, 43.25082680904435, 24.892166531372357, 23.28046380377569, 85.11333211904622, 31.60312410071789, 65.90421033972343, 64.37044821851825, 36.871443103333085, 22.259185624258638, 29.23915808643938, 42.09575699921221, 23.675849784286328, 23.688697078763376, 32.98505916983882, 66.34050206525555, 25.16192375982217, 13.530696231862377, 52.679018116693044, 56.80945859638025], [27.87156892584224, 69.03394654695029, 11.713467043254314, 43.6568183734962, 32.8348466292208, 64.8541847323571, 12.611221031270475, 75.64644595224065, 59.75926085715787, 61.49383804902006, 12.713169581857722, 86.01926498191362, 41.28176888706259, 3.3241372186600553, 57.13033958889992, 0.0, 8.985339182267152, 32.5790937231108, 82.26174576230235, 45.12491652646285, 42.827158114532175, 12.454041070990078, 62.135281674732425, 33.479443898343, 56.49611413819805, 39.78445078839417, 80.07165657906191, 46.347865645180356, 56.437842757104995, 18.270886404354776, 23.403446253078314, 62.99718694298376, 57.64185549683097, 19.661320600851912, 15.033397064211679, 12.320530973630836, 77.46094742355167, 11.841847484951234, 70.56309485590079, 39.78416780719951, 37.32740627994654, 51.43547100906253, 92.11998964305243, 49.92654419190366, 66.50954650767594, 42.33012967335658, 74.94595782717805, 55.085965227771965, 56.59009161542644, 85.58538315029455, 74.33256847894687, 49.64412203438137, 43.14477155755133, 55.68613068453656, 55.463831585949826, 54.66174275937946, 9.210477557165044, 54.57806347583818, 44.441428921147384, 67.51501266470737, 86.49118862929188], [25.64557555553172, 63.13730591943085, 6.6435284640529995, 35.49269045420109, 41.724994354290466, 67.31735679820842, 5.103735750553566, 69.88422326268524, 52.718370006650055, 60.05971977219099, 21.129708738468107, 80.00257675609619, 39.794317360506525, 8.279385289624644, 53.29629752506455, 8.985339182267152, 0.0, 23.643764778073393, 75.91177213727697, 54.09927235199897, 36.08884536974802, 13.048587407620333, 60.78466276363868, 36.41181312203408, 55.322821448848856, 42.02906072736806, 79.76972251063879, 37.36880633747199, 57.290824434092336, 9.36726215545372, 23.90955316630111, 60.94016769106564, 63.4263148753468, 22.813186177896544, 6.097033080185368, 20.96840386576167, 74.0398157074811, 15.18298936781163, 73.19374037496951, 32.054710368016686, 39.57501484789235, 50.9476854174113, 85.47688709708609, 42.85756453567009, 59.98284966807433, 51.30839184733225, 74.48200640556927, 61.51380381510255, 62.69438256357345, 79.05641933765456, 68.66438841823145, 50.66162300804458, 34.46941749916297, 48.747194773140095, 48.521204088475315, 56.135937438694114, 15.670156298430165, 54.76840971508301, 40.00667243964248, 71.05349193489026, 88.65602466386477], [31.097163629446, 49.29701897333211, 23.07210015227879, 15.692129822404317, 65.36855914736256, 76.03156098404422, 21.751905915023602, 56.018864574473916, 35.742352544473945, 59.765832863749914, 44.648382505116814, 64.82255369079004, 42.49940106679769, 31.724399405357662, 47.05100883219243, 32.5790937231108, 23.643764778073393, 0.0, 59.859160486569074, 77.5079139396583, 28.90274720967858, 30.16742248224305, 60.63634926205725, 49.3889154644096, 56.25656918746721, 52.77864707494741, 80.87461637029841, 14.57929619962306, 63.05088333521009, 14.309094082579518, 35.61515987437246, 58.87311656738422, 79.69482750180941, 39.06652141631718, 17.882449971955385, 44.571984891754894, 67.00367774390594, 36.12914697943184, 81.93620450004732, 15.529601974931209, 50.706568591358085, 54.19742209119726, 68.16383688893887, 26.968523866996744, 44.25512970355392, 74.74507576407112, 75.50412977557549, 79.20435383900183, 79.66529415956504, 62.31115547361347, 55.176437150045636, 57.5563666853766, 11.878869495415948, 32.56783403518328, 32.35412406083026, 63.475116259175536, 38.499618171116225, 59.204938604227124, 34.335971239554574, 82.01917000978237, 95.51679423592158], [57.83852656156352, 13.935564738553508, 70.69573992305598, 44.19320595127017, 111.16353538338241, 74.39055491256933, 77.19023434193349, 9.22815073473546, 24.130948488572912, 46.36077681377825, 94.54345703574639, 5.706716989093871, 51.75832626829518, 83.45075118377616, 32.900949880969804, 82.26174576230235, 75.91177213727697, 59.859160486569074, 0.0, 118.20325862926408, 85.92124845924234, 71.770602407036, 46.89230262421145, 71.1517157641462, 48.594201034910846, 68.13628623876716, 58.32066969224271, 59.116696444301844, 61.29168464699526, 68.61538088585267, 65.89524428901379, 41.925475167041974, 95.3523269795324, 73.06786782897323, 72.75198698030462, 93.79214182781531, 30.483916556123702, 91.06695466174077, 77.98093155405685, 45.22527850510508, 68.178445714293, 53.34163206205771, 10.49252146401073, 33.53670001653373, 15.980829603991621, 116.01476835872947, 55.26268197471844, 98.78092262211686, 97.18126631109726, 3.972362063290069, 10.799277977880054, 61.88505975535542, 49.39125865402028, 27.618040567952065, 27.843029969054577, 64.9950153627158, 91.05100857177867, 57.06600492130672, 40.03738601343462, 83.52994874213262, 82.27690451667223], [60.74963393102432, 104.26939238367886, 54.888687537242184, 86.64448185076559, 14.883285432643346, 68.59222566745022, 57.33746395542926, 109.984316587335, 99.06330302329741, 82.48963977390049, 34.67370002990008, 120.61896522719626, 67.49813262751394, 46.67758683259813, 87.0921106016961, 45.12491652646285, 54.09927235199897, 77.5079139396583, 118.20325862926408, 0.0, 84.07483831972938, 49.61887966909555, 82.69497723613878, 48.72625213200849, 77.59495267227305, 53.95120197168642, 93.30105004019161, 91.46794203067036, 69.74423403846531, 63.248546510357556, 52.4928906167247, 85.99046850340241, 45.013487869176444, 45.40280521657706, 60.15747127211752, 34.213299922447284, 103.43567514600346, 46.75833131443785, 72.03337874721456, 81.97370755235136, 52.792924955707896, 71.33347684693408, 128.654024811936, 89.90912229651715, 103.88880944491589, 2.8318335437196356, 89.67659339071464, 38.971354830445954, 42.17775703001036, 121.98627068942491, 108.44627951092879, 64.43171702736906, 87.35056915385614, 94.94508696287173, 94.74709274840563, 65.90827025805184, 41.94494750008012, 71.05936600601667, 78.20393117789723, 65.03979317882718, 87.21155361191735], [56.376926915320546, 76.92574433700426, 40.67948194840269, 42.83042113960354, 69.58231344616975, 101.27949628914756, 31.06361646023986, 83.4245973291896, 62.46158525659167, 88.04238654812637, 49.73656821890374, 91.27531661437571, 69.53700413515756, 39.978006124939505, 75.94154130074097, 42.827158114532175, 36.08884536974802, 28.90274720967858, 85.92124845924234, 84.07483831972938, 0.0, 48.56049395281208, 88.89303166193078, 71.5905818010828, 84.18858561776594, 76.48040267837293, 109.05296956890612, 27.276813981173753, 89.4869526601613, 31.9298792070693, 58.044642057882044, 87.4640634429404, 99.5128737016175, 58.5699482612328, 31.399721214534388, 50.45814608402023, 95.85717223244546, 37.3776080429349, 107.23448626500114, 44.12383850742318, 74.12526961283464, 81.39420512603705, 92.93004786229875, 54.872637752394866, 71.19491646567077, 81.26900477862222, 103.6568467570314, 97.52881785111873, 98.77163922159099, 87.7742400041634, 82.7672383586241, 83.38867618826816, 36.822662990325554, 59.952588156360974, 59.75944754410937, 89.22111092888129, 42.47551332415899, 86.08750551618773, 63.05724662131961, 106.02929109282097, 121.85782384393045], [15.560730511211672, 58.19561333047362, 8.022295128781082, 37.07740981723676, 39.96968336745694, 54.31897985289947, 18.08967008745117, 64.63000715102326, 50.422774889882554, 49.07221022599479, 23.144141054604383, 75.165552807764, 28.83224910844953, 15.154044946059754, 45.04453513111082, 12.454041070990078, 13.048587407620333, 30.16742248224305, 71.770602407036, 49.61887966909555, 48.56049395281208, 0.0, 49.72446283634393, 23.372676401782627, 44.102542189227236, 29.018844822272133, 67.93349674155586, 44.74623603051432, 44.75542161807068, 17.729391908302873, 11.292189323828646, 50.54325097503995, 51.275533660982575, 10.01704313497096, 17.18663283813701, 22.240457746021626, 65.16787108214794, 24.102752382400183, 60.17860729422074, 32.35491046837595, 26.557730610936275, 39.17921533601916, 81.89731636879914, 40.86332049922592, 56.3734492654552, 47.02687747164212, 62.74819053871545, 49.938785576241706, 50.80487741617004, 75.27108746774422, 63.24481754645799, 38.03111368136007, 38.35763906264336, 46.28030498873587, 46.06827425528157, 43.35199155595105, 21.55119753673802, 42.56977537735734, 32.79755687429925, 58.01923214105918, 75.73345834109227], [35.13969844118791, 35.81362696712078, 54.14352689749457, 51.6292044549913, 80.49617688039254, 27.498263717849333, 64.81943400687479, 37.741440722115705, 43.328008684293856, 0.8942562421957633, 70.89875778121426, 46.356829785189774, 21.01919484280025, 64.8650838216957, 17.955224942098614, 62.135281674732425, 60.78466276363868, 60.63634926205725, 46.89230262421145, 82.69497723613878, 88.89303166193078, 49.72446283634393, 0.0, 34.65894354403908, 5.687847150207391, 28.796631783933346, 20.24018319298861, 70.18103818464114, 15.218466697158329, 59.00909556618259, 38.87480907584797, 4.967332131953389, 50.314203887820405, 44.41562132907481, 61.609242901998, 69.68835884601101, 21.70713818603525, 73.81999030387921, 31.3199043779338, 47.636866564158396, 30.227861213069662, 11.637417022259475, 56.41971781739858, 42.10950584460986, 40.549263922014354, 81.17794427130093, 14.886524184808806, 54.72342445530267, 52.56723411110676, 50.746096426750796, 36.244301568808, 18.516415161898514, 57.90874752574238, 41.53596086036991, 41.53498743146786, 19.325672428835322, 71.0292791935802, 12.065573530719856, 26.733326107238764, 36.641960281352176, 38.85888566868556], [19.4184350012313, 57.34808857688021, 30.965208325777507, 50.1006178042173, 45.86085401919851, 31.375213301148616, 41.46224842489748, 62.44561830943731, 55.51171647564039, 34.32913142077483, 38.7264787196895, 72.91990011268926, 19.41142209245222, 36.74820156448968, 38.88251535097298, 33.479443898343, 36.41181312203408, 49.3889154644096, 71.1517157641462, 48.72625213200849, 71.5905818010828, 23.372676401782627, 34.65894354403908, 0.0, 29.254575534889888, 6.7174830524388796, 49.058025435114104, 63.33448347635873, 24.42249156619945, 39.88595930838232, 13.892938230851971, 37.496556352635764, 30.665504014992038, 13.895222031910786, 40.2437326358338, 37.39504820552923, 54.780181588528826, 45.04223396432801, 37.11009482759263, 44.74763742455142, 4.578455893998062, 23.04306106608393, 81.63494066125806, 48.09083592650925, 58.31645766513243, 46.97823322059941, 44.425093831244006, 31.30363791162455, 31.081737283908474, 75.0653554726254, 60.86296819292222, 17.81666571995095, 53.89607062768222, 51.72971281843986, 51.57729746497184, 21.83307200916835, 40.89599299646438, 24.013635305315514, 32.46244741534513, 34.64692707566301, 53.01768225544146], [29.702674769498667, 36.485508330383574, 48.68977597378521, 48.25959196829499, 75.01771375253952, 26.693237242844972, 59.445853356558125, 39.36608206937561, 42.059698584003804, 5.172398823709929, 65.21152248375165, 48.69523263789848, 15.53026961024393, 59.25163236576594, 17.158412765444996, 56.49611413819805, 55.322821448848856, 56.25656918746721, 48.594201034910846, 77.59495267227305, 84.18858561776594, 44.102542189227236, 5.687847150207391, 29.254575534889888, 0.0, 23.646263482155458, 24.928642266798, 66.47760835437764, 12.753350580038889, 53.87370547201846, 33.20433815569381, 8.458778077206572, 47.14851595177068, 38.73237020339541, 56.339905307283, 64.00218537710191, 26.061990753869647, 68.20428261782445, 31.328026786579805, 43.952197454255845, 24.90624338289732, 6.262296079850834, 58.521001390188914, 39.59712888984295, 40.42828618233145, 76.00503800354375, 19.533569530345236, 51.14536950277627, 49.208449377841546, 52.5299762638595, 37.80265614406833, 14.14495875994536, 54.35446457881121, 39.79229218918677, 39.76118772872895, 16.408391850591826, 65.36577552479822, 8.494247081474864, 23.116912791971128, 35.567151811842784, 41.042736523589745], [21.7869738264777, 54.58344718969455, 36.20019794597951, 51.5646810579951, 52.08656223155193, 25.30103323636517, 46.99264676482577, 59.18741397863281, 54.477153482392275, 28.557338326889177, 45.43282453434925, 69.44542159421663, 16.933462351528988, 43.00917777826101, 35.34276393196116, 39.78445078839417, 42.02906072736806, 52.77864707494741, 68.13628623876716, 53.95120197168642, 76.48040267837293, 29.018844822272133, 28.796631783933346, 6.7174830524388796, 23.646263482155458, 0.0, 42.390926009539236, 66.21111874291576, 17.728370456737338, 44.56948960633764, 18.46065436822389, 32.06263420719002, 29.549724201235126, 20.123959796429535, 45.37731778298223, 44.10431751821171, 49.58936688372361, 51.46292160073461, 31.164752916388103, 46.26067902854001, 2.470500489035703, 17.387228895817266, 78.55046764545612, 47.96377831311641, 56.30059716624967, 52.39001155735831, 37.82591565338218, 31.51175219682651, 30.599343926640355, 72.09323866569609, 57.588496940693744, 11.219145008738137, 55.98639226803057, 50.93668086070522, 50.807402890284656, 15.140142869558705, 47.45103281469533, 17.61485722805998, 31.189731845103942, 29.596934565336063, 46.79425264249049], [54.33610649876474, 50.548349371863594, 73.18374819115428, 71.53610357816473, 93.86997759497066, 26.45337022102719, 84.07582034049803, 50.11182714215567, 61.077794443168045, 21.11501320298904, 87.44853215468568, 55.93840841651696, 40.21872940187229, 83.02041968835505, 36.53133130710711, 80.07165657906191, 79.76972251063879, 80.87461637029841, 58.32066969224271, 93.30105004019161, 109.05296956890612, 67.93349674155586, 20.24018319298861, 49.058025435114104, 24.928642266798, 42.390926009539236, 0.0, 90.23692154748764, 24.680095174547677, 78.76380393878196, 56.702690736215544, 22.712231890891008, 53.48932398320068, 61.157209370350785, 81.12427101123673, 86.15525110589648, 27.94144778115284, 91.9031335955277, 26.22053383665539, 67.73321379209095, 44.50978879681764, 28.830544594783035, 66.07573387829507, 61.395388343342844, 56.52598196501639, 92.27938091669473, 5.398749716041075, 59.17807325615507, 56.30614125202856, 61.690405461310576, 48.92542621098872, 31.25930929787375, 77.90751207431772, 59.97825284503079, 60.01489201058142, 27.888658242592015, 88.57960466733414, 25.563770506271513, 46.89168158091081, 34.06716085536195, 24.332186309199788], [44.430918187107075, 51.32779908189158, 37.5483534643313, 18.911877792312566, 78.80654911715024, 88.39459863299108, 34.52938987985017, 57.485444234084305, 36.45226106382881, 69.28841727686111, 57.82891673352498, 64.60004734978993, 54.20336667078603, 45.05384428931291, 54.47930755725227, 46.347865645180356, 37.36880633747199, 14.57929619962306, 59.116696444301844, 91.46794203067036, 27.276813981173753, 44.74623603051432, 70.18103818464114, 63.33448347635873, 66.47760835437764, 66.21111874291576, 90.23692154748764, 0.0, 74.78512494791194, 28.330193365414328, 49.751610182311225, 67.62731340637474, 93.85369362541203, 53.56404637408392, 31.326433554291043, 57.91592415403007, 72.64752070151731, 47.966851854570166, 94.2022204154893, 22.552973023941394, 64.27557064416474, 65.41009939748356, 65.73925104310749, 30.52823864656673, 45.10284311558165, 88.67686018422967, 84.98901415437125, 93.57631249730673, 93.93569814863784, 60.75257224976952, 57.017543047831005, 69.83561319034301, 12.386092317332897, 34.63950625816727, 34.477802778316985, 75.70553326015758, 51.187988541299646, 70.62198698347053, 43.47271456826258, 94.95077401552884, 106.91782677809684], [33.13407225160127, 49.2225204823743, 50.93294653782661, 57.54148998756283, 69.36183172940184, 14.505933621394021, 61.961112448322446, 52.06671779135377, 53.97816674503934, 15.47725113250724, 63.015697129865174, 61.1988134512517, 20.626510996912845, 59.53350344365431, 29.71402323639509, 56.437842757104995, 57.290824434092336, 63.05088333521009, 61.29168464699526, 69.74423403846531, 89.4869526601613, 44.75542161807068, 15.218466697158329, 24.42249156619945, 12.753350580038889, 17.728370456737338, 24.680095174547677, 74.78512494791194, 0.0, 57.90965972531851, 33.48918511515901, 19.937396389353797, 35.097552641129354, 37.049713956845565, 59.58963622446486, 61.702600002096105, 36.80176966902542, 68.26149973004176, 19.817942703433857, 52.73728921930846, 19.909157526453992, 9.861306283985954, 71.12512349028098, 50.35066350934896, 52.97628669749201, 68.49651611328142, 20.283714325220327, 39.602626329729596, 37.37661374043308, 65.21451582285316, 50.51238952664749, 6.8064505637503725, 63.16533426531133, 51.35314920578797, 51.29537869528884, 4.180222030575653, 64.59163209159357, 4.668739854135543, 32.940671695994325, 23.01571788708038, 32.49619022404099], [24.824357935876943, 56.42450754079038, 9.79868583902974, 26.659291493886645, 51.07861677690255, 69.37155258838479, 8.662178779415632, 63.24204547213041, 44.902463000840214, 58.21217584301265, 30.473583071934506, 73.01693117884739, 38.61064671028184, 17.56735683126967, 49.013777515829034, 18.270886404354776, 9.36726215545372, 14.309094082579518, 68.61538088585267, 63.248546510357556, 31.9298792070693, 17.729391908302873, 59.00909556618259, 39.88595930838232, 53.87370547201846, 44.56948960633764, 78.76380393878196, 28.330193365414328, 57.90965972531851, 0.0, 26.173451430483883, 58.40784678550623, 68.90540781936305, 27.560501774414256, 4.21210850150475, 30.33434792718886, 69.82603773304862, 23.130140123582585, 75.32422631768755, 23.77871321656844, 42.23216224082851, 50.35741150696815, 77.83717532957566, 35.147298243020614, 52.635545968162674, 60.475853453053716, 73.38297245790133, 67.66812008982934, 68.50636567568867, 71.56127440480287, 62.13316335025277, 51.64282363363791, 25.175110573188324, 41.09064709409832, 40.863741891440846, 57.422592837225146, 24.675978228332493, 54.76971098233607, 35.483082134307125, 74.14571077393087, 90.11126512988687], [8.306043413730162, 51.99646604562947, 17.81380458279867, 37.89939327829578, 45.604344266591504, 43.57963291936425, 28.74222574717291, 57.98534005112799, 46.869135444569636, 38.269266340236115, 32.342765355043504, 68.64509005258955, 18.394996688663554, 26.317729013784913, 36.41566237608152, 23.403446253078314, 23.90955316630111, 35.61515987437246, 65.89524428901379, 52.4928906167247, 58.044642057882044, 11.292189323828646, 38.87480907584797, 13.892938230851971, 33.20433815569381, 18.46065436822389, 56.702690736215544, 49.751610182311225, 33.48918511515901, 26.173451430483883, 0.0, 40.09985769134966, 44.11129971628286, 7.1757900305380256, 26.928743857185953, 31.211565104880496, 55.62731628281349, 35.21308740014952, 49.499411871638195, 32.61963143561518, 16.083305698235428, 28.032905680779145, 76.2953289770625, 38.20165717146714, 51.396037898160564, 50.21038248593685, 51.55214276744891, 43.97391118100555, 44.20237126520856, 69.62040712570736, 56.49537808114236, 26.795761929488343, 40.969092401322484, 42.80831684393116, 42.621966963670715, 32.22644732961279, 32.16619722309687, 31.287491356045358, 25.868459072058947, 47.985854700845096, 64.78218763786734], [35.42335256412565, 30.98515155454395, 54.30843887979167, 48.86094718986719, 83.08660776559887, 32.46514577163655, 64.71522753444067, 32.779107275018895, 39.17748537214319, 4.498332808454755, 72.40109165034917, 41.422173491831835, 21.75647655610602, 65.5733980075052, 13.996923314682938, 62.99718694298376, 60.94016769106564, 58.87311656738422, 41.925475167041974, 85.99046850340241, 87.4640634429404, 50.54325097503995, 4.967332131953389, 37.496556352635764, 8.458778077206572, 32.06263420719002, 22.712231890891008, 67.62731340637474, 19.937396389353797, 58.40784678550623, 40.09985769134966, 0.0, 54.96140200951722, 46.11691841359989, 61.271798238956954, 71.23628967976155, 17.60619103425011, 74.51319839276921, 36.2250371482806, 45.1959699245849, 33.233446957485356, 14.683586850728204, 51.46649805733519, 38.73233464836997, 35.926314592725404, 84.36729355208244, 17.65231313970535, 59.212463320812, 57.14593582519194, 45.778872488233404, 31.286373704147266, 22.486059645917837, 55.26969302045173, 37.660386179681446, 37.677295935733575, 23.962475451168192, 72.04196445789525, 16.36506488420222, 24.56786985478515, 41.609185164279154, 43.08182057365477], [50.0517488302425, 82.41528742678787, 59.29742315616839, 80.62601362248652, 51.6090830780343, 27.03985056295706, 68.47789944116074, 86.16246950583174, 83.81274400009823, 50.54518033819327, 56.822535031955105, 95.79571715324576, 46.13532985240838, 60.87463554645527, 62.63141632179039, 57.64185549683097, 63.4263148753468, 79.69482750180941, 95.3523269795324, 45.0134878691