instance_id,num_cities,city_coordinates,distance_matrix,best_route,total_distance
1244,70,"[[39.27352514538911, 39.977011835285005], [20.357415874788764, 25.158458060360278], [31.270065620031918, 28.750922168616956], [60.59734363799304, 70.36561784712809], [42.98860539638676, 15.003607753766401], [25.844665223626627, 33.56564119385407], [22.46130376894118, 27.1636410827941], [3.3212366924747827, 88.96943687725306], [41.578457005252915, 60.20314468283875], [54.93160325242614, 8.249847714565984], [3.4539307655366502, 63.80113075871311], [48.278082926740154, 10.577519116722655], [30.434041419484302, 71.18621937424682], [81.83004679208126, 10.816502139853434], [54.12743486480372, 59.49789552774377], [58.461432367681034, 57.5507961977886], [28.521049519218423, 87.48567988758602], [81.33717419623297, 74.7672423232005], [38.64744450622399, 54.434597502172444], [11.454683641237729, 30.79376613507404], [50.39828459483561, 48.10835927990799], [52.257975100447275, 23.542034865021876], [99.1085153659428, 58.084275558754804], [16.410227229228646, 70.0483629172839], [98.40884371983421, 41.6471290655026], [27.99001535381368, 33.14829949788069], [21.814060554946636, 46.04280497047717], [59.29239141349177, 16.302406866671483], [47.04251946695081, 79.0868416599873], [70.12600877245949, 98.21024042724792], [23.691875484917414, 68.55506453943858], [29.334836094734573, 28.951699970222055], [94.02728323073343, 0.7084029171775974], [71.93968516525496, 36.280523548228715], [30.125349496228214, 67.11292299096624], [78.14332820284227, 93.269109025509], [4.037274718387341, 57.558420995685054], [10.573524569260462, 21.825444222693047], [14.557366795555637, 94.72586199215218], [75.60205934423651, 80.90356462261816], [67.13831630303162, 78.65707135003304], [8.411647347855865, 41.32241977824383], [48.17445440347405, 13.46135768933554], [70.63443005190057, 5.8626665530692845], [50.08086427321027, 44.75807710120465], [60.868156489064894, 51.41506309727044], [29.602825184717098, 47.49418685989988], [94.49397729517331, 11.712788132700947], [70.15934580818785, 29.123652323042116], [56.18275178368181, 1.9121237249203116], [19.13193785268118, 28.50944268335044], [26.26453573069253, 80.09523450341925], [70.64027676844205, 38.52349079240026], [90.5580797797628, 66.84000366761865], [28.213759356807845, 63.4127546940505], [6.25682727076684, 36.58778229344175], [44.05037469358043, 21.480439134477603], [45.72063201725533, 70.39671924252455], [13.251803197789759, 60.30049351570881], [62.66430606279262, 80.33265050453782], [45.03731984272561, 39.77723359765222], [70.5583837463973, 52.34157315692307], [70.3835597557503, 94.88845819754049], [4.756247160855953, 0.8873031404753595], [20.266367035890774, 75.69107737782056], [56.16957556064688, 47.03390567307628], [80.13379834893995, 19.71113885906052], [74.99615933389475, 22.382359301147947], [30.91400479649612, 93.92256037226274], [39.719110326054206, 71.68953108501854]]","[[0.0, 24.029330534112436, 13.786966801225782, 37.123747257632054, 25.248222366934325, 14.880858587464674, 21.138430822827935, 60.768616542541224, 20.357042045579895, 35.38062115267498, 43.01897237283572, 30.747556536194715, 32.43687882257673, 51.58868926773326, 24.529646024494983, 26.01948655125728, 48.71025838768587, 54.5867264898239, 14.471135417862916, 29.295391177172196, 13.779661972386183, 20.945271749215607, 62.514790683845696, 37.775872557757594, 59.15889784693239, 13.188969080394285, 18.483147733648046, 31.003901804129086, 39.8740023284048, 65.90132516271926, 32.54985257267776, 14.843686933087014, 67.37950482774175, 32.874641231499794, 28.636459137905398, 65.96142215460091, 39.378919388675214, 33.95834860331524, 60.06933558042021, 54.72426445454697, 47.67172736878203, 30.89119006647125, 27.969741801544032, 46.3389135672114, 11.817663225050774, 24.436798471589345, 12.248688014642026, 62.033577013874684, 32.73727738704853, 41.65162244570709, 23.17733118640226, 42.174703266788825, 31.40041131584749, 57.8940918767199, 25.914329291734532, 33.19019758048134, 19.10344192239475, 31.095398144409238, 33.01778188692717, 46.64446595609453, 5.767255903571127, 33.63963071083903, 63.11181501947739, 52.148325047949655, 40.456971426146, 18.310550791081866, 45.60994994249918, 39.820577484044705, 54.58941094588745, 31.715649501751475], [24.029330534112436, 0.0, 11.488765069904943, 60.52221974096997, 24.805074559690738, 10.03945385249736, 2.9063900675267114, 66.04598715063503, 40.96904498677718, 38.487342551154164, 42.178003296869456, 31.498689323589517, 47.11786491274962, 63.12349841001706, 48.16234159758339, 50.01179503777183, 62.85958554572778, 78.61019272956128, 34.51981297682753, 10.536381652125304, 37.80412357722483, 31.941485608158153, 85.35716214239567, 45.063109704805036, 79.77406633841701, 11.049621758410089, 20.935084417941603, 39.92946234229355, 60.16947158977666, 88.39386712885232, 43.524522683098546, 9.745909808336197, 77.62122488564036, 52.76770646778772, 43.07655574493268, 89.32117575626623, 36.27815603879677, 10.336029717472446, 69.80876921369268, 78.48240272636843, 71.06725173239164, 20.0991304318437, 30.176311729503805, 53.85262968935077, 35.60377018294348, 48.27555709861314, 24.173588362398583, 75.34597387413618, 49.95953353096881, 42.7065188586014, 3.568037881831586, 55.25344759330997, 52.028743974643355, 81.64241824510765, 39.05269957180715, 18.150924257590194, 23.976741246635434, 51.863214399757254, 35.85320609737018, 69.52743680912562, 28.68459966735304, 57.08816796499299, 85.81892559761988, 28.852823542690754, 50.532701342540804, 41.964818474790086, 60.02407173940183, 54.70922235885735, 69.5697012816909, 50.398571099290535], [13.786966801225782, 11.488765069904943, 0.0, 50.91043245109866, 18.06413098133338, 7.253722406688507, 8.950628279324448, 66.38830131985662, 33.098417394718716, 31.307545686299804, 44.74655830846341, 24.890665543369625, 42.443531726212875, 53.646576012697196, 38.31234395777285, 39.60811999705759, 58.79905487189848, 68.00159617060645, 26.722217308260916, 19.920405980722673, 27.213951066789754, 21.62463528709011, 73.90873348285159, 43.889559229849276, 68.3661296042256, 5.485950886112727, 19.708506859328224, 30.66294630490645, 52.74917147590949, 79.58882591933661, 40.519115434577095, 1.945616879347001, 68.7375534057206, 41.3607646313392, 38.37907609750427, 79.74772210200068, 39.642110046820484, 21.824505864870037, 68.05884943720945, 68.44869452734511, 61.45856435986986, 26.087350153946378, 22.793181921527943, 45.53488148933316, 24.699699492226276, 37.278817941632745, 18.81727031098405, 65.47947020961547, 38.891066343325114, 36.619162112067585, 12.140529561692752, 51.58772856607278, 40.564967932650354, 70.46876437431015, 34.79631650039735, 26.212181697318023, 14.703612602525089, 44.081643380455475, 36.33226159905303, 60.38437737609467, 17.638504260915973, 45.826747159825324, 76.83774525246062, 38.46249906898347, 48.2126493110963, 30.890987052975742, 49.69287734158582, 44.18744012126546, 65.17261085346328, 43.76197541382296], [37.123747257632054, 60.52221974096997, 50.91043245109866, 0.0, 58.09492081102176, 50.61607391584103, 57.62610808687298, 60.22171127874136, 21.56371743378034, 62.3736283478678, 57.51923265696425, 61.044090084696386, 30.174462507083764, 63.22123745030631, 12.647810401197367, 12.991603860148523, 36.359113969722415, 21.201765719224007, 27.12186352606005, 63.09463114621949, 24.482776890988166, 47.56041411601874, 40.422044929268765, 44.18825530853426, 47.48116612236292, 49.48097253431334, 45.779277767700634, 54.078957847073895, 16.118095517208392, 29.42989068743062, 36.94985362457699, 51.88889063959077, 77.2637589881025, 35.92272768994461, 30.645104842422253, 28.85188871647919, 57.99194502154725, 69.70316298211719, 52.087435744691376, 18.33547969561339, 10.560896012915594, 59.7231466966944, 58.244510479862946, 65.27919905547225, 27.682891490666783, 18.95248967623141, 38.519638232387464, 67.7431635428895, 42.33593752112626, 68.59569577443825, 58.91790285033414, 35.68483065782959, 33.38834469140542, 30.167460375369803, 33.1215766068291, 63.98307505699188, 51.60971690500861, 14.876744131139313, 48.40358382787222, 10.179099845241987, 34.31856045207713, 20.59340931064466, 26.403403658529825, 89.13733376226602, 40.68105447124452, 23.748135150355765, 54.29133728529312, 50.097095665666316, 37.89498840099594, 20.920166645827994], [25.248222366934325, 24.805074559690738, 18.06413098133338, 58.09492081102176, 0.0, 25.267840629505947, 23.858678141657272, 83.9311862052296, 45.22152869029962, 13.720367067118202, 62.8027766072925, 6.897016251037924, 57.568245805720686, 39.06647441371222, 45.86736493891911, 45.27329918367721, 73.91184582914445, 71.00918775725714, 39.6692403558876, 35.266376663426044, 33.92385472542145, 12.602616880821913, 70.74876842401456, 61.12556958432415, 61.49211367091437, 23.54118819758471, 37.57383548561451, 16.355436943941054, 64.2113314545878, 87.5201827172188, 56.92207224920672, 19.518573017039195, 53.00282555108041, 35.928709488485794, 53.67349519868099, 85.79827052403716, 57.68984565451215, 33.12514026895446, 84.64025726111191, 73.52850939414616, 68.08062840981833, 43.453951422967776, 5.41032024796548, 29.117836920314275, 30.588046392725442, 40.56442317484222, 35.13996076444941, 51.61039457522777, 30.620659580809384, 18.58688927623187, 27.41437877166046, 67.20576150226344, 36.30151274835745, 70.35529002461938, 50.613650164548275, 42.60399177106459, 6.563284145504331, 55.460443289457444, 54.185655525507336, 68.22768516845727, 24.85819318324413, 46.41353615828074, 84.45160066437914, 40.75516252188405, 64.8017676107812, 34.6363675819342, 37.442305065122774, 32.847062021746616, 79.83731622522984, 56.78013298620852], [14.880858587464674, 10.03945385249736, 7.253722406688507, 50.61607391584103, 25.267840629505947, 0.0, 7.241045515328784, 59.80706821877934, 30.93717498339565, 38.560852731457956, 37.62352746353533, 32.120273760904716, 37.89947593957135, 60.430838791660975, 38.37182395213224, 40.486308296660404, 53.986420566946656, 69.11577596827338, 24.483147157941225, 14.654516753648975, 28.537184050929913, 28.251294173618952, 77.25771915346357, 37.68285557941912, 73.01281015718459, 2.185566579240159, 13.112032256818948, 37.640000620449065, 50.21482566333478, 78.35663083961603, 35.055587995576765, 5.785304341576274, 75.68664020468434, 46.17490064545032, 33.81928996617984, 79.3703610961865, 32.422457699365566, 19.262397613150174, 62.193051974484334, 68.67806974734536, 61.14247862981358, 19.080820901213617, 30.046658716843826, 52.66476846355683, 26.69576681631733, 39.3096273539497, 14.426647242664075, 72.04356483967847, 44.53675089676059, 43.844551135591466, 8.40391885576362, 46.53148767013834, 45.06913673808059, 72.76681401263772, 29.940988482437945, 19.81960475118793, 21.85177260819641, 41.85190994696285, 29.55219962495425, 59.52175326207017, 20.172800289472562, 48.495899261848535, 75.79050739644937, 38.89209629630539, 42.493173385388985, 33.181234682130146, 56.02907468844004, 50.40768956382995, 60.56943037881417, 40.5700777338904], [21.138430822827935, 2.9063900675267114, 8.950628279324448, 57.62610808687298, 23.858678141657272, 7.241045515328784, 0.0, 64.70161173786936, 38.17164321846765, 37.57727941353969, 41.27451851013677, 30.685591536679905, 44.738707458659015, 61.57821530190244, 45.25757250550564, 47.11038585183255, 60.62564543264529, 75.71308321305423, 31.7127137910769, 11.589801315413355, 34.916416168084986, 30.01595665699169, 82.64914205236197, 43.30952428867148, 77.31623535026621, 8.147563324943855, 18.890255500549973, 38.3991591806128, 57.44784524567925, 85.55432999845051, 41.40971193470705, 7.102295489391923, 76.29920735319052, 50.311308584528376, 40.677791507019606, 86.43159571003456, 35.54275583587648, 13.03133301000148, 68.02298077770594, 75.57724052371466, 68.1733731720697, 19.94652500304915, 29.136209186317092, 52.67239895609405, 32.747584662917106, 45.42265740343141, 21.548373946239646, 73.671126720189, 47.73829551250905, 42.128080719228784, 3.591080527141348, 53.06805211613909, 49.50009721921234, 78.81233819035239, 36.7027108384674, 18.74565272638197, 22.324577661726376, 49.092722451786955, 34.39281741775169, 66.65751987832203, 25.860765995899225, 54.28864859146213, 82.96501354240296, 31.6846171691318, 48.5770503492127, 39.128953500845434, 58.152011319254825, 52.75198294572475, 67.29191228787467, 47.75339535208909], [60.768616542541224, 66.04598715063503, 66.38830131985662, 60.22171127874136, 83.9311862052296, 59.80706821877934, 64.70161173786936, 0.0, 47.8655875622024, 95.80856961172907, 25.168655915514467, 90.36819569685534, 32.42448156754673, 110.77686794328642, 58.7353515545944, 63.46315593511981, 25.243456603787426, 79.29810107903884, 49.402389508634236, 58.74148130214939, 62.3367957278639, 81.70403478458358, 100.64340984554468, 23.007144826550192, 106.21230543971632, 61.02907519345916, 46.74056333922643, 91.72386500449481, 44.82428198726688, 67.44086315364225, 28.839374520940876, 65.41281294442888, 126.56064551945971, 86.51365821998874, 34.58565688920462, 74.9455306110264, 31.419176137618095, 67.53452027699153, 12.624858407000099, 72.72946870728207, 64.64491111284124, 47.918164813290744, 87.8252877119063, 106.94765670158498, 64.35143436424919, 68.71665713698405, 49.101102407965534, 119.50338239667552, 89.71538752673924, 101.84947496693951, 62.49311297338363, 24.599724358798024, 84.12280685489259, 89.99988114445364, 35.676066050050395, 52.46384878162369, 78.82656594472107, 46.2888168378322, 30.34014608705627, 59.96827462198887, 64.49887174904855, 76.56653540983729, 67.32302717520322, 88.0938223638182, 21.527941688687438, 67.46507021045508, 103.42572925827032, 97.83216973868963, 28.03380609191542, 40.29144263034666], [20.357042045579895, 40.96904498677718, 33.098417394718716, 21.56371743378034, 45.22152869029962, 30.93717498339565, 38.17164321846765, 47.8655875622024, 0.0, 53.64188270905428, 38.293929085496046, 50.07581951717035, 15.646914341983562, 63.71209415829706, 12.56877964204395, 17.090050016734963, 30.24620004983475, 42.342278313174454, 6.470469136394743, 42.09932622088237, 14.969074542299236, 38.18493262819266, 57.569064794813016, 27.025323534466814, 59.783096019859, 30.275574222409336, 24.313506283840752, 47.33981678273847, 19.658331315503496, 47.534219661482034, 19.74042460978674, 33.564252555750734, 79.31269551713243, 38.653537707870825, 13.376049786119488, 49.29855782481918, 37.6342255251395, 49.337143492191814, 43.84013374226141, 39.82603296594461, 31.525447130222098, 38.16436866729224, 47.20489204545824, 61.62091473728273, 17.630684670524243, 21.19723765329768, 17.462341379272974, 71.77302394293046, 42.223240639586024, 60.09266636031165, 38.83731412571084, 25.104012074436937, 36.257368365027475, 49.427232820755215, 13.744698601949185, 42.4888558081137, 38.801524480913706, 11.003025771756192, 28.326821083967896, 29.151501421078898, 20.71669799433287, 30.027328565478204, 45.08663791058126, 69.81578758206174, 26.34542157617663, 19.65526893211618, 55.91168823923234, 50.46934352469457, 35.36565474226414, 11.635903173094395], [35.38062115267498, 38.487342551154164, 31.307545686299804, 62.3736283478678, 13.720367067118202, 38.560852731457956, 37.57727941353969, 95.80856961172907, 53.64188270905428, 0.0, 75.73569708214487, 7.0489280660774645, 67.53604529023212, 27.0206213806208, 51.2543568046406, 49.42715058475728, 83.5214610064123, 71.56687755092585, 48.971470664207416, 48.9741850021852, 40.11548232610148, 15.524151356503266, 66.5963194361598, 72.82137661415864, 54.82379811992639, 36.68490234012773, 50.250166690932566, 9.157520531445625, 71.27494197961795, 91.23454508094605, 67.91641750919251, 32.920528181365654, 39.81639841319495, 32.78709560246803, 63.87653603955091, 88.13091948364196, 70.86302333340122, 46.38896382776176, 95.4367854383863, 75.53694682470855, 71.45754672219367, 57.07802834953505, 8.533398899853278, 15.883242848741466, 36.829071147558295, 43.57153294717449, 46.70829854915768, 39.71364244485498, 25.837953908492743, 6.4600400940082, 41.13474481545854, 77.35347673592678, 34.10653733284695, 68.57151160909247, 61.29265444454082, 56.32292919461274, 17.13037315035719, 62.825756118074146, 66.68189755031342, 72.49638026006141, 33.04350019009034, 46.77901795774422, 88.00574859747061, 50.71265543748761, 75.8287416514348, 38.80381072994001, 27.685950089921302, 24.54209230060209, 88.97560749845188, 65.238128170405], [43.01897237283572, 42.178003296869456, 44.74655830846341, 57.51923265696425, 62.8027766072925, 37.62352746353533, 41.27451851013677, 25.168655915514467, 38.293929085496046, 75.73569708214487, 0.0, 69.58417530723595, 27.972592027885888, 94.60542496751899, 50.85589298352249, 55.36146597258245, 34.48649460367317, 78.65147938932799, 36.41861275037575, 33.963188395318525, 49.49783261049332, 63.2663381714269, 95.82526800616603, 14.383793925740132, 97.5050526136005, 39.26341186433179, 25.54314978003115, 73.30799723703846, 46.19110328557203, 75.02768031828292, 20.788802102483793, 43.40857158374062, 110.38217466271824, 73.80841670793582, 26.876244992511452, 80.29238963114841, 6.2699055298093, 42.57519085218807, 32.857651978392575, 74.14745917074875, 65.39418882546924, 23.018935706371682, 67.33511704250428, 88.71350020641623, 50.36575047521642, 58.73506608105662, 30.816896317839802, 104.88796646728947, 75.18071499173696, 81.30545958047615, 38.61739444127801, 28.03250819530141, 71.78414986254737, 87.1571427024142, 24.76287438559452, 27.357312797702164, 58.643944266705326, 42.77821667799891, 10.40445891461032, 61.47487037764694, 48.02422182555494, 68.07590667989139, 73.79699969549247, 62.92730515103004, 20.59196066308266, 55.3179811927066, 88.45184836010887, 82.66683190724807, 40.759737336614414, 37.11320665564532], [30.747556536194715, 31.498689323589517, 24.890665543369625, 61.044090084696386, 6.897016251037924, 32.120273760904716, 30.685591536679905, 90.36819569685534, 50.07581951717035, 7.0489280660774645, 69.58417530723595, 0.0, 63.180886067062076, 33.55281496546154, 49.26883544687574, 48.06442931702098, 79.4053245206069, 72.20265979095852, 44.90203248065959, 42.00784900999505, 37.59067994154881, 13.561644822890537, 69.57459859459419, 67.47104185580781, 58.97807931819874, 30.348736594100576, 44.25077378739617, 12.41327238043389, 68.52046331133668, 90.31514661477465, 62.97521234275774, 26.39047408773464, 46.80158953513247, 34.93588208847329, 59.37822515218068, 87.91946267490853, 64.53258287321957, 39.34653148782127, 90.65335242052981, 75.44767964464634, 70.64371051478125, 50.34462833761052, 2.885699877624877, 22.84810914447095, 34.22806691464939, 42.73423628272679, 41.37155555440397, 46.22983590726677, 28.683596744368828, 11.72914604880392, 34.22063201458256, 72.91988077841576, 35.79168962638709, 70.37801717675353, 56.51671610090833, 49.41983121609035, 11.693895066156875, 59.87384453035535, 60.82116781789802, 71.22318282028435, 29.379003916649715, 47.335483672264246, 87.16069386212618, 44.58755963381396, 70.88322577712624, 37.300720860826345, 33.13924583719131, 29.209756224220246, 85.13464107636149, 61.70845986404484], [32.43687882257673, 47.11786491274962, 42.443531726212875, 30.174462507083764, 57.568245805720686, 37.89947593957135, 44.738707458659015, 32.42448156754673, 15.646914341983562, 67.53604529023212, 27.972592027885888, 63.180886067062076, 0.0, 79.28462730706772, 26.419572428323605, 31.168243591260545, 16.411336052752883, 51.02893935648905, 18.65681713503741, 44.62920904915802, 30.514891972583452, 52.40469825178025, 69.91311968126666, 14.069899848949463, 74.11566368885731, 38.11635622577959, 26.579980398500794, 62.00836427243758, 18.3918834151132, 48.01822556303695, 7.237387460539126, 42.24882106798842, 94.92746186757729, 54.23214972550257, 4.084976637574587, 52.57214148887714, 29.70700558654258, 53.20644935644807, 28.393371967640732, 46.20147878506469, 37.456874188473215, 37.105691840421514, 60.38941885284748, 76.70226723753655, 32.93090269412376, 36.29234052244488, 23.70660931237981, 87.41146611309223, 57.856368324604, 73.90464405875568, 44.14798765243304, 9.83642863343654, 51.80149804153501, 60.28092218701355, 8.084330867307603, 42.208879781716206, 51.537065507026, 15.306964511680661, 20.34031311888546, 33.50294257821015, 34.63784243022401, 44.329262775545864, 46.45169685314093, 74.8417446458276, 11.120941866728126, 35.29379512960733, 71.55242660379791, 66.08781363498444, 22.741406438945948, 9.29870030046948], [51.58868926773326, 63.12349841001706, 53.646576012697196, 63.22123745030631, 39.06647441371222, 60.430838791660975, 61.57821530190244, 110.77686794328642, 63.71209415829706, 27.0206213806208, 94.60542496751899, 33.55281496546154, 79.28462730706772, 0.0, 56.01171993234874, 52.251185452675045, 93.38100452849879, 63.95263945603575, 61.37813440643892, 73.1558802513362, 48.77128544316254, 32.193890837773445, 50.32681074972384, 88.25058709602501, 35.00548620145468, 58.28771876230562, 69.59030834197203, 23.1957121174537, 76.62252485784484, 88.17397574006944, 81.93771140880075, 55.53946836714796, 15.841282985788874, 27.317313912527947, 76.43731237492199, 82.53498819407862, 90.75528835960382, 72.10193315768082, 107.54717171891366, 70.36323013558629, 69.41318156895015, 79.50391429302141, 33.759356627544044, 12.24264355496407, 46.476242333837696, 45.69074301090754, 63.81955212352915, 12.695608073980539, 21.710757915956687, 27.149064370696063, 65.14670375124594, 88.80917057047597, 29.881234468714528, 56.69930584465359, 75.10707064642277, 79.84654275277994, 39.255868046644395, 69.66844411483467, 84.56737489696434, 72.10978089803857, 46.82337795311844, 43.02768772300127, 84.84760374246615, 77.7107430305715, 89.4359948646485, 44.38648558410065, 9.054933525295827, 13.433952123877264, 97.46312249987068, 74.01929899022738], [24.529646024494983, 48.16234159758339, 38.31234395777285, 12.647810401197367, 45.86736493891911, 38.37182395213224, 45.25757250550564, 58.7353515545944, 12.56877964204395, 51.2543568046406, 50.85589298352249, 49.26883544687574, 26.419572428323605, 56.01171993234874, 0.0, 4.751287210394536, 37.934193596801755, 31.201327953217834, 16.28702208500608, 51.42850125348277, 11.984494051764074, 36.00442744729625, 45.00328792951331, 39.16503688192866, 47.74403662737209, 37.114227859817575, 35.00276590775616, 43.50318398483794, 20.830814596809986, 41.88794593551812, 31.754615180678694, 39.34136521286461, 71.0507026075886, 29.262990660578357, 25.181118825541066, 41.43981170246415, 50.127693991985545, 57.58608069111534, 52.97924035150381, 30.320985569930187, 23.159383713497576, 49.19635298490515, 46.419831888107545, 56.11789979385009, 15.285188281473385, 10.524709407622314, 27.304679118112137, 62.55297144451737, 34.34555020311896, 57.622438700248395, 46.7436521980757, 34.64955297022653, 26.694561276345308, 37.16313281812301, 26.207722156374462, 53.07040945603116, 39.33032077555877, 13.76439945959923, 40.88351046213718, 22.515887386334498, 21.71484971340056, 17.921747432230212, 38.945519929189054, 76.63364610459931, 37.53386541436812, 12.630177422303808, 47.53227269847325, 42.58012083536853, 41.52012626659109, 18.87420974704207], [26.01948655125728, 50.01179503777183, 39.60811999705759, 12.991603860148523, 45.27329918367721, 40.486308296660404, 47.11038585183255, 63.46315593511981, 17.090050016734963, 49.42715058475728, 55.36146597258245, 48.06442931702098, 31.168243591260545, 52.251185452675045, 4.751287210394536, 0.0, 42.33820717312217, 28.630500893204278, 20.057537468107267, 54.08856703230351, 12.41668099593836, 34.56991075278449, 40.65058371654898, 43.86904406873303, 42.99677083215309, 39.03830298593961, 38.411765422441555, 41.256758420254386, 24.376070765903854, 42.29955966380061, 36.469384523991835, 40.81993282063102, 67.05212466045008, 25.18109999705979, 29.90598370404571, 40.78204132856805, 54.42415818340892, 59.74573195680586, 57.52871014177831, 28.968135705515085, 22.820235880240062, 52.61502809792229, 45.27361818572427, 53.10220917051687, 15.293383650133318, 6.590868051876407, 30.560670802774084, 58.30495071026807, 30.739936365209452, 55.68531457886366, 48.88976736246526, 39.305112282873694, 22.591206296430215, 33.41383172449759, 30.810457315408406, 56.25627738553804, 38.84262146098025, 18.09269831840143, 45.29317172620241, 23.166290875990683, 22.273444380778464, 13.170885974318873, 39.19487370900776, 78.07047049656848, 42.28395460444006, 10.763716548327185, 43.606548989090925, 38.8614995799214, 45.626373896609834, 23.477190200776242], [48.71025838768587, 62.85958554572778, 58.79905487189848, 36.359113969722415, 73.91184582914445, 53.986420566946656, 60.62564543264529, 25.243456603787426, 30.24620004983475, 83.5214610064123, 34.48649460367317, 79.4053245206069, 16.411336052752883, 93.38100452849879, 37.934193596801755, 42.33820717312217, 0.0, 54.325884069908305, 34.567584848818214, 59.20501608143824, 45.04649589916712, 68.20726775659973, 76.46589377735602, 21.230450764467992, 83.57916319093145, 54.33997520150667, 41.98208644603068, 77.54955731623696, 20.33679750103559, 42.96497216608807, 19.536865647106307, 58.539636602535026, 108.72608911142993, 67.13528101602985, 20.435826432640354, 49.958168444695865, 38.666471952851815, 68.06893711083379, 15.72910271167426, 47.53888647733319, 39.6136040087437, 50.35309960282867, 76.5888803969276, 91.84690046864503, 47.85889313489426, 48.450229359131896, 40.00612144627287, 100.46869325431126, 71.6929144287815, 89.9333268954992, 59.718941489756546, 7.727259375364551, 64.58579770401903, 65.38223818536213, 24.07488638846446, 55.55440191229173, 67.80746085237875, 24.245787552381902, 31.17986916743175, 34.88449221007915, 50.48646385714355, 54.79275232020904, 42.51200877411074, 89.80002609335115, 14.39626448992661, 48.99782678206475, 85.18957831441125, 79.98986300567563, 6.867289518657502, 19.362718890342997], [54.5867264898239, 78.61019272956128, 68.00159617060645, 21.201765719224007, 71.00918775725714, 69.11577596827338, 75.71308321305423, 79.29810107903884, 42.342278313174454, 71.56687755092585, 78.65147938932799, 72.20265979095852, 51.02893935648905, 63.95263945603575, 31.201327953217834, 28.630500893204278, 54.325884069908305, 0.0, 47.28455843532974, 82.56651315295278, 40.84006531438708, 58.903494796028724, 24.375027118627443, 65.0982047778875, 37.26102256414593, 67.66133133818424, 66.09156042025346, 62.48287311653695, 34.56562282718256, 25.985849808416596, 57.979061878697756, 69.30589505316351, 75.13820973030035, 39.6174244764992, 51.78068745723479, 18.77550861360324, 79.19228491947553, 88.37606064225663, 69.69855935068833, 8.399166251951485, 14.722035706019572, 80.22897619424675, 69.70062750645653, 69.73083460192338, 43.330207792313814, 31.053260062291685, 58.48300968614393, 64.41246510611198, 46.99235209664596, 77.07537397170726, 77.5195166140608, 55.32976602362056, 37.7893257363381, 12.16002518430464, 54.32330617260122, 84.2302182272627, 65.0368265771378, 35.88369474825041, 69.60534868136726, 19.48460347437813, 50.418053678219195, 24.88157875048919, 22.909495794812717, 106.40904002593439, 61.077794315314364, 37.45058054064153, 55.06925314623338, 52.76726673534005, 53.93906026132906, 41.73170912828649], [14.471135417862916, 34.51981297682753, 26.722217308260916, 27.12186352606005, 39.6692403558876, 24.483147157941225, 31.7127137910769, 49.402389508634236, 6.470469136394743, 48.971470664207416, 36.41861275037575, 44.90203248065959, 18.65681713503741, 61.37813440643892, 16.28702208500608, 20.057537468107267, 34.567584848818214, 47.28455843532974, 0.0, 36.032418059129924, 13.345543557044113, 33.75791713578549, 60.571125459418674, 27.171372852000516, 61.114189718815055, 23.805194367325804, 18.809173218037486, 43.36217009636502, 26.042473492599335, 53.91852113854041, 20.568340577246, 27.131213427519725, 77.15847666807196, 37.920227969041704, 15.276322874278135, 55.389927913231276, 34.7508579169134, 43.02908154064667, 46.94377315797636, 45.45602026408704, 37.39596255015264, 32.956526432041834, 42.06626080771316, 58.158401976187136, 14.978589207213691, 22.42493320049708, 11.400633252339368, 70.31349955981891, 40.418360549701326, 55.37235097950062, 32.44947845997472, 28.492187017722785, 35.73100380465371, 53.37235386070267, 13.764777236091351, 36.981899599513206, 33.394134340218486, 17.459075348369147, 26.064292307835117, 35.32023199726625, 15.989647383402925, 31.97950584514775, 51.41688298887302, 63.371334142188594, 28.10163599640108, 19.020917860019836, 54.100241545698644, 48.46209903954374, 40.23810757694285, 17.288180950517106], [29.295391177172196, 10.536381652125304, 19.920405980722673, 63.09463114621949, 35.266376663426044, 14.654516753648975, 11.589801315413355, 58.74148130214939, 42.09932622088237, 48.9741850021852, 33.963188395318525, 42.00784900999505, 44.62920904915802, 73.1558802513362, 51.42850125348277, 54.08856703230351, 59.20501608143824, 82.56651315295278, 36.032418059129924, 0.0, 42.619234988490824, 41.44268572761972, 91.80395482018692, 39.5661570131136, 87.62888474626266, 16.702126277857243, 18.43501764154073, 49.98445536713881, 59.98929239800119, 89.3717259464137, 39.69464096578383, 17.97478955415005, 87.88266770484348, 60.73335093892955, 40.83717568823301, 91.38130981082209, 27.773453241115142, 9.011505935981006, 64.00733960597579, 81.39949455644032, 73.42726286954948, 10.959590203135866, 40.60485127864764, 64.21683666763879, 41.07290847958744, 53.54371286422005, 24.66290927421893, 85.20333333896973, 58.72841424967036, 53.242364223080024, 8.009891750780445, 51.47782534437981, 59.68821556301589, 86.92915805931317, 36.67240152281889, 7.783850852339791, 33.900105235822096, 52.36935280236742, 29.5614038810007, 71.2497473197577, 34.76343110069381, 62.909103900560254, 87.06745655353653, 30.647440025702142, 45.75384487751448, 47.57272003552272, 69.56756014388284, 64.09579469923392, 66.05989586477408, 49.71258801010541], [13.779661972386183, 37.80412357722483, 27.213951066789754, 24.482776890988166, 33.92385472542145, 28.537184050929913, 34.916416168084986, 62.3367957278639, 14.969074542299236, 40.11548232610148, 49.49783261049332, 37.59067994154881, 30.514891972583452, 48.77128544316254, 11.984494051764074, 12.41668099593836, 45.04649589916712, 40.84006531438708, 13.345543557044113, 42.619234988490824, 0.0, 24.636613891403414, 49.72127801431776, 40.45431748399493, 48.44338224544743, 26.94316089585556, 28.65875744982282, 33.02610702179007, 31.159710046250627, 53.845906025719195, 33.63480405051347, 28.471853796754882, 64.42239816368155, 24.57497989075173, 27.787863166498063, 53.002648635657756, 47.31434141141699, 47.71585831774824, 58.80274609081483, 41.36128328629401, 34.83464469080762, 42.53147872140954, 34.718296904329, 46.84229004788262, 3.3652854763775872, 10.979640596000024, 20.804526907367663, 57.17576159400087, 27.402894710521473, 46.556978425481454, 36.90124618978944, 40.0699141601527, 22.396605793717114, 44.31347030828159, 26.95139475109066, 45.62008273549797, 27.374113526941304, 22.773919808845218, 39.09615348605102, 34.47985248782451, 9.906946966997827, 20.599749938515064, 50.87031431002717, 65.67361512851448, 40.8501994297208, 5.870455686340577, 41.116941834853485, 35.59329314050058, 49.78532093891431, 25.886607092570934], [20.945271749215607, 31.941485608158153, 21.62463528709011, 47.56041411601874, 12.602616880821913, 28.251294173618952, 30.01595665699169, 81.70403478458358, 38.18493262819266, 15.524151356503266, 63.2663381714269, 13.561644822890537, 52.40469825178025, 32.193890837773445, 36.00442744729625, 34.56991075278449, 68.20726775659973, 58.903494796028724, 33.75791713578549, 41.44268572761972, 24.636613891403414, 0.0, 58.207727281801645, 58.71881790655422, 49.575166266309125, 26.10008027690227, 37.8565263619405, 10.094316540495718, 55.7891256371258, 76.7763475895214, 53.31223956761049, 23.5528082917016, 47.60304454141987, 23.444376831286018, 48.86998473726069, 74.37685376659691, 59.01144355738782, 41.71978067440302, 80.55105903105208, 61.92972925270006, 57.08845593506134, 47.31429535616058, 10.876359391037616, 25.500081578153146, 21.327453193514785, 29.172605752325637, 32.96909769602358, 43.86126947144859, 18.751360661659426, 21.9831055117777, 33.496410019194265, 62.24084896279569, 23.713983982392, 57.80667886046707, 46.55962425118543, 47.81523949134038, 8.462557615461131, 47.30854365442622, 53.59725486322905, 57.73617365926756, 17.768498536422978, 34.122109583603496, 73.6128313641006, 52.62747406781106, 61.17994460244208, 23.815302060283692, 28.13782660387428, 22.767737473180023, 73.54579144323168, 49.75343728914726], [62.514790683845696, 85.35716214239567, 73.90873348285159, 40.422044929268765, 70.74876842401456, 77.25771915346357, 82.64914205236197, 100.64340984554468, 57.569064794813016, 66.5963194361598, 95.82526800616603, 69.57459859459419, 69.91311968126666, 50.32681074972384, 45.00328792951331, 40.65058371654898, 76.46589377735602, 24.375027118627443, 60.571125459418674, 91.80395482018692, 49.72127801431776, 58.207727281801645, 0.0, 83.5592379516802, 16.452031037321856, 75.36341251617854, 78.2267841500434, 57.715234366668184, 56.14245908214647, 49.49827012198353, 76.14004854754347, 75.6113303643244, 57.600431260489465, 34.83602928306164, 69.5715002559506, 40.95743618522845, 95.0726949301791, 95.67208289373447, 92.14934932449503, 32.76085206585088, 38.01754272427141, 92.23275815835136, 67.71619721535919, 59.47999648296938, 50.80647731343642, 38.817566151020245, 70.30782990690405, 46.60052368494642, 40.94840798229581, 70.69605237043663, 85.26971144751718, 76.0968309640057, 34.540771698383914, 12.23816666947143, 71.0947193502447, 95.30758209518008, 66.11535143423866, 54.78925403689177, 85.88531100460546, 42.69860161012259, 57.08626779423886, 29.12196158175777, 46.68694608256812, 110.33514476023521, 80.78418052808225, 44.33805618442397, 42.80814765963089, 43.08169608872678, 77.03813296141391, 60.92786233675751], [37.775872557757594, 45.063109704805036, 43.889559229849276, 44.18825530853426, 61.12556958432415, 37.68285557941912, 43.30952428867148, 23.007144826550192, 27.025323534466814, 72.82137661415864, 14.383793925740132, 67.47104185580781, 14.069899848949463, 88.25058709602501, 39.16503688192866, 43.86904406873303, 21.230450764467992, 65.0982047778875, 27.171372852000516, 39.5661570131136, 40.45431748399493, 58.71881790655422, 83.5592379516802, 0.0, 86.77789574930345, 38.6743606717197, 24.60626397789059, 68.75687454298996, 31.937930830276322, 60.65044543683349, 7.43319186923429, 43.0811004932641, 104.07899612869578, 64.99067374880205, 14.025740135898968, 65.95588529950172, 17.58091587604145, 48.57485960212339, 24.746960467435102, 60.17896969203417, 51.45336608969111, 29.818737219172522, 64.89264433389137, 84.02420954411541, 42.11069170182944, 48.204847642691675, 26.129207765308013, 97.46851445368695, 67.55590044724046, 78.89487182772758, 41.62799061831955, 14.072918130591013, 62.7273133133869, 74.21723254696762, 13.540851789272233, 34.96715582373169, 55.88220622365936, 29.31247483525253, 10.246784872950858, 47.383608768422185, 41.66355363849316, 56.96975739658203, 59.415073487716114, 70.13606376811656, 6.83447442687979, 45.9398631036762, 81.20670934188065, 75.52720927788893, 27.934510338291044, 23.366588629414135], [59.15889784693239, 79.77406633841701, 68.3661296042256, 47.48116612236292, 61.49211367091437, 73.01281015718459, 77.31623535026621, 106.21230543971632, 59.783096019859, 54.82379811992639, 97.5050526136005, 58.97807931819874, 74.11566368885731, 35.00548620145468, 47.74403662737209, 42.99677083215309, 83.57916319093145, 37.26102256414593, 61.114189718815055, 87.62888474626266, 48.44338224544743, 49.575166266309125, 16.452031037321856, 86.77789574930345, 0.0, 70.92983499531451, 76.72081057143309, 46.6095675196658, 63.56281417943965, 63.24005312759979, 79.41449699952186, 70.23099350931624, 41.17253175318708, 27.007717588968724, 72.87758395857684, 55.45737042234101, 95.70351219616936, 90.04411407910466, 99.23921639896909, 45.40062935912865, 48.45184942630443, 89.9977821445488, 57.60148937360212, 45.298408491924356, 48.428004244178226, 38.79066553962969, 69.05400981482467, 30.189252163711203, 30.9009967797005, 57.982010051536655, 80.35811475728653, 81.74997239753228, 27.9437010182105, 26.387789319317168, 73.49212425651126, 92.29079653675737, 57.978776613967085, 60.02155102763079, 87.17608362266189, 52.67106930114215, 53.4042701478586, 29.83319049576377, 60.16689844934277, 102.13800591198786, 85.23636007592313, 42.58137077224781, 28.551093668113076, 30.31971543780064, 85.37138864745702, 65.93201593258917], [13.188969080394285, 11.049621758410089, 5.485950886112727, 49.48097253431334, 23.54118819758471, 2.185566579240159, 8.147563324943855, 61.02907519345916, 30.275574222409336, 36.68490234012773, 39.26341186433179, 30.348736594100576, 38.11635622577959, 58.28771876230562, 37.114227859817575, 39.03830298593961, 54.33997520150667, 67.66133133818424, 23.805194367325804, 16.702126277857243, 26.94316089585556, 26.10008027690227, 75.36341251617854, 38.6743606717197, 70.92983499531451, 0.0, 14.29722662128811, 35.547473124312745, 49.73276152558546, 77.51450250677375, 35.66669338529549, 4.4068118204384135, 73.57491174860334, 44.06114279085702, 34.03168084192757, 78.2934641460569, 34.19923705999265, 20.773569814340334, 63.02564755736812, 67.43494702363105, 60.03030720146109, 21.216237558402206, 28.1955183942856, 50.62659251955821, 24.955811787602663, 37.61179092924834, 14.436261280345422, 69.87315723068882, 42.36095154564101, 42.077655166647425, 9.999226448170056, 46.97863329583001, 42.98764334304472, 71.06260349769673, 30.265282250457293, 22.003670288250767, 19.851299896538414, 41.253115527667596, 30.89428001326058, 58.55484109866758, 18.290799808559235, 46.69526465668229, 74.89365662870354, 39.75650727134634, 43.23820871730066, 31.41492753935885, 53.84729697093697, 48.22326243832678, 60.84456014376604, 40.28645183087275], [18.483147733648046, 20.935084417941603, 19.708506859328224, 45.779277767700634, 37.57383548561451, 13.112032256818948, 18.890255500549973, 46.74056333922643, 24.313506283840752, 50.250166690932566, 25.54314978003115, 44.25077378739617, 26.579980398500794, 69.59030834197203, 35.00276590775616, 38.411765422441555, 41.98208644603068, 66.09156042025346, 18.809173218037486, 18.43501764154073, 28.65875744982282, 37.8565263619405, 78.2267841500434, 24.60626397789059, 76.72081057143309, 14.29722662128811, 0.0, 47.84471301319954, 41.573831911580804, 71.1019385298881, 22.590440894580066, 18.672652057209707, 85.26404599098602, 51.06741016676609, 22.65010810708875, 73.5072118124921, 21.180734810646204, 26.69888032921645, 49.22092690404401, 64.09696854985414, 55.8388621892893, 14.20938830972878, 41.9096775313685, 63.22872765651043, 28.29598413458928, 39.42186660487056, 7.922838118181365, 80.37985041941967, 51.22035076534005, 55.934997666694166, 17.737321536287425, 34.34202507695078, 49.401816519594, 71.82105299165615, 18.511382934670465, 18.20508064474436, 33.13251396941506, 34.12678272929791, 16.63111342343069, 53.33419226725975, 24.053630839758387, 49.14960349849404, 68.88319164930867, 48.26995279992426, 29.688641127019725, 34.36980785383571, 63.98865881203684, 58.2078372713252, 48.73684399439631, 31.278512875457135], [31.003901804129086, 39.92946234229355, 30.66294630490645, 54.078957847073895, 16.355436943941054, 37.640000620449065, 38.3991591806128, 91.72386500449481, 47.33981678273847, 9.157520531445625, 73.30799723703846, 12.41327238043389, 62.00836427243758, 23.1957121174537, 43.50318398483794, 41.256758420254386, 77.54955731623696, 62.48287311653695, 43.36217009636502, 49.98445536713881, 33.02610702179007, 10.094316540495718, 57.715234366668184, 68.75687454298996, 46.6095675196658, 35.547473124312745, 47.84471301319954, 0.0, 63.96830945884671, 82.6211865302576, 63.22765983529726, 32.51860600788308, 38.07473793386256, 23.644855368246674, 58.58690026806869, 79.24159929634996, 68.95786121105392, 49.03092828227863, 90.28544036214055, 66.62818361189109, 62.84634213862324, 56.69965751896559, 11.475194281002958, 15.415252780626366, 29.90948680189347, 35.14799657365432, 43.06271568304489, 35.49952462651598, 16.806993570204906, 14.722435516145167, 41.97467991110483, 71.83567434705144, 24.950973385088144, 59.42719881865442, 56.43816300103482, 56.78263396622338, 1