instance_id,num_cities,city_coordinates,distance_matrix,best_route,total_distance
2613,63,"[[33.3925396097411, 22.98543382487597], [55.24810233992442, 32.836566138105724], [87.56860489037437, 71.0127317574862], [9.236972456461, 38.72626681831674], [70.75558486868893, 39.420750581237684], [78.49207051348242, 40.32611657122873], [35.905033079154855, 97.76219938545849], [56.2680625118793, 91.28303546750355], [27.20427960678551, 11.649242899403022], [89.8175449121375, 4.612484137730877], [75.28662103666709, 65.63334688995367], [18.64465391269512, 5.975599589931213], [74.28491244787088, 37.67458483309669], [32.31543520655693, 1.7044907433659828], [28.84576460140854, 69.93795383383062], [26.51036544182007, 95.47188773626159], [79.02242994062213, 65.38653732290761], [44.323542520691284, 57.35451786998284], [57.38448062221928, 9.737840643470886], [89.9293843355768, 37.35445667719615], [47.1357873411101, 51.58130373189429], [25.140311831851047, 3.39315288632116], [31.999971736392872, 30.337470614026063], [71.76573997271845, 58.65355299474007], [96.52801972481569, 89.69671209463363], [58.228394134532536, 93.30427321603827], [2.7167235483937513, 73.8405660444468], [61.13545534536529, 39.667414623952666], [28.34886786093078, 60.456177557817995], [91.83212564992176, 53.35035198588493], [92.34043254359648, 49.13644156397942], [65.34564760658003, 74.6518060140673], [42.29867273683787, 39.088429962868275], [47.99988835906387, 23.80774366318017], [27.0439525165996, 5.6137864127927095], [36.249154948713866, 33.86458897158794], [16.243058991612745, 65.78030103343286], [75.95194206849337, 24.887303416739858], [51.95333717859626, 30.187818469883055], [24.345753121656255, 34.53863984789436], [37.612076029383076, 3.3612714758918805], [87.80793655480056, 41.55311818554364], [58.009016966939264, 26.119771570078264], [56.99999363644008, 22.726340174060123], [41.382053092965755, 9.38467760144892], [2.377775330129328, 1.1764503172999707], [2.2809155296494077, 1.0869317746822316], [7.258052274652171, 41.57038442171953], [87.44654356628236, 65.18247828276311], [68.91041392588848, 93.70411605957628], [54.872614898921, 46.4741390618275], [78.25126734917326, 64.29266053562284], [86.4270417796275, 69.48403766272364], [44.18694217089332, 55.18929621114515], [9.477417763835849, 68.2500315617691], [29.052090736464, 42.88076105556944], [10.879973326914428, 78.20288788611053], [46.1733911820863, 49.78749417618996], [0.5764205496996744, 70.67463729575044], [57.63758296426062, 74.23991172881796], [44.17739622432436, 7.67731672452866], [6.022023126819831, 16.35846362506157], [69.42479693113341, 83.47992599720476]]","[[0.0, 23.97311890651147, 72.39936046678274, 28.83167091626876, 40.818093878868574, 48.31839159002682, 74.81896344601525, 72.02674460352415, 12.915254026265032, 59.3409344683906, 59.78259401709105, 22.512987212572035, 43.45063076268198, 21.308183693919727, 47.17215596268295, 72.8124324681234, 62.28916815513771, 36.06550655042601, 27.4064218504759, 58.33424062490018, 31.72697013496396, 21.259274109748862, 7.482759533146715, 52.39004897127728, 91.85033205027634, 74.5758596550967, 59.39065721222192, 32.372177203498495, 37.8086664748912, 65.85752403083835, 64.48821045053062, 60.748787031921026, 18.40178501933347, 14.630476101429963, 18.495369471544542, 11.247945052367749, 46.10320319532666, 42.6018760806435, 19.909232807083587, 14.673817334671401, 20.07267385018672, 57.496037491341696, 24.81521772176198, 23.608875770408872, 15.773804092473005, 37.91500184562312, 38.04572965449974, 32.068860549683386, 68.57423645010334, 79.13691561433362, 31.829434618560715, 60.98026265057851, 70.53211027097366, 33.96480353610149, 51.193914298354315, 20.36328907710897, 59.63038548964121, 29.693443821655247, 57.88918549996433, 56.69959111376562, 18.72569308076649, 28.16135484260466, 70.41240764853151], [23.97311890651147, 0.0, 50.02034092758674, 46.38655675144922, 16.847358818554238, 24.420798966120458, 67.74579087291465, 58.45536840893756, 35.14766933253172, 44.62785189225918, 38.43398313009581, 45.4018056983088, 19.641959270375615, 38.666695491515604, 45.536758854876204, 68.91328633673683, 40.30780665078082, 26.841683337128085, 23.197310870908176, 34.97431422894757, 20.424858435249387, 42.1116804840818, 23.38206695305903, 30.648803619781376, 70.26455562729409, 60.54110783958006, 66.639881197812, 9.01783879026849, 38.554010822893396, 41.94289178579578, 40.51576111635129, 43.01714432986419, 14.37962198142458, 11.578265897623151, 39.19890053597763, 19.026739944618658, 51.05568602474427, 22.177460569676747, 4.227450966979609, 30.949188068854937, 34.3485431925495, 33.70639529371115, 7.262091905694095, 10.260886519149752, 27.24441956905777, 61.624949589508816, 61.75404570395087, 48.77831984681846, 45.63986908260278, 62.382027790980615, 13.642741149350472, 38.96962246658592, 48.11614525013774, 24.939803648046656, 57.871142202973616, 28.055603281138637, 63.45576428551305, 19.227177222632083, 66.48843823329419, 41.47223943504894, 27.48724003883552, 51.910834486889534, 52.59019459319976], [72.39936046678274, 50.02034092758674, 0.0, 84.7246154197818, 35.787301056241105, 32.00080980044643, 58.17781940458901, 37.29087241784924, 84.6633071427445, 66.43832188719331, 13.408389498212097, 94.76465363706845, 35.88716379513998, 88.63715379331683, 58.7326750556159, 65.77506302354303, 10.231870312286787, 45.35065849526961, 68.30588290088828, 33.74096561999025, 44.85970497100768, 92.0309688143865, 68.86472144494923, 20.061900191537074, 20.721057777404102, 36.847805739223645, 84.89898947589465, 41.002930396138815, 60.15328827592873, 18.169679921874273, 22.39067689424721, 22.518940736239337, 55.394293950366794, 61.595407531071494, 89.10811184827386, 63.353535455853475, 71.51721351561713, 47.56576494428107, 54.17675552413544, 72.98964561085809, 84.09741288571955, 29.46058572828753, 53.75078708811141, 57.149064787992096, 77.01437934564021, 110.15708622941885, 110.28874584347501, 85.53734084060955, 5.831531063653836, 29.377321382528454, 40.87994976763858, 11.48791260776263, 1.907897264314824, 46.17737295251888, 78.14004107500503, 64.92757660885162, 77.0249606051837, 46.519613372612106, 86.99284133896872, 30.104497406681066, 76.77350966901069, 98.16788692037254, 22.014283987281697], [28.83167091626876, 46.38655675144922, 84.7246154197818, 0.0, 61.52253230177448, 69.27357451524746, 64.77983321565272, 70.52756455914958, 32.49598976088477, 87.50416462124971, 71.32003249824133, 34.07507409069593, 65.05644112710206, 43.62599393310554, 36.86019717443403, 59.316402441396875, 74.70461899810223, 39.725044192751255, 56.20063518027397, 80.70407175559453, 40.01964697133574, 38.7471952974691, 24.259555601356354, 65.62730758959448, 101.0827048751276, 73.3411083935084, 35.71453003982204, 51.90701576243758, 28.93879000058719, 83.8798140081363, 83.75295109242033, 66.6245284681775, 33.06368381733565, 41.53463593680109, 37.5968735065615, 27.446200365080514, 27.946484856788494, 68.13518972135167, 43.56136952935882, 15.678375962847264, 45.34125492687412, 78.62180033549828, 50.37495457244535, 50.371657158175, 43.52281088002942, 38.1711580185604, 38.27670663074366, 3.464841991773353, 82.56311608844295, 81.13866848796478, 46.28867448348268, 73.59764525612594, 83.09240199580402, 38.633298070820565, 29.52474383584995, 20.24595601145757, 39.51079678759328, 38.557097646701656, 33.10141289270089, 60.03197541608049, 46.74259850505119, 22.59766622650127, 75.00309476877634], [40.818093878868574, 16.847358818554238, 35.787301056241105, 61.52253230177448, 0.0, 7.7892809493513715, 67.95796942677521, 53.84779380497645, 51.65242326297672, 39.6859387377972, 26.60132504217106, 61.920329859680514, 3.9376703748733393, 53.85314626096567, 51.84334797441051, 71.40986919539256, 27.25000566159993, 31.94171053424044, 32.55551521852378, 19.28481673478669, 26.5664052550164, 58.12693807428723, 39.80582274269616, 19.259312085612507, 56.49682030441861, 55.3205614507391, 76.24965800765095, 9.623291287054116, 47.33728800283268, 25.263696613823587, 23.670663286462652, 35.64399932795235, 28.458852490451637, 27.596878603593453, 55.25954785528692, 34.95088893940605, 60.5511467896416, 15.434481352841415, 20.94687455379629, 46.66591355583331, 48.977323441874766, 17.185158993350278, 18.422568657199196, 21.631449997445845, 42.011546615503406, 78.34635498840873, 78.47459464938078, 63.53390882968641, 30.69616778056037, 54.31471645385841, 17.378694545870438, 25.976858174677, 33.90274018210393, 30.895627620839843, 67.72105437443166, 41.8467811822965, 71.33822980306905, 26.67871097352963, 76.82395810732021, 37.20827807068944, 41.40103506714162, 68.71901553018196, 44.07926876514288], [48.31839159002682, 24.420798966120458, 32.00080980044643, 69.27357451524746, 7.7892809493513715, 0.0, 71.50216336920077, 55.59239260057845, 58.760535903605515, 37.46638375863865, 25.509425958915784, 69.00486425369301, 4.973007093033524, 60.198933793350804, 57.80671757488086, 75.78359809050674, 25.06603218248021, 38.17662578051604, 37.16413560477902, 11.817060124704152, 33.315097664686654, 64.8880109186106, 47.55300512856146, 19.522767437058306, 52.561879402181205, 56.72126287268989, 82.85602893677961, 17.3691098893829, 54.032954088950795, 18.643706154614925, 16.41337739147529, 36.75705906316945, 36.214553852821844, 34.67895350306283, 62.06331211311111, 42.734239835676085, 67.25217425545273, 15.646379905149344, 28.409319868873087, 54.45473876458791, 55.11418802760539, 9.396323379988367, 24.927409028662947, 27.77879582917573, 48.31693324779273, 85.59253646815601, 85.719623001197, 71.24488442641875, 26.42009283079741, 54.23116237312836, 24.40649225253693, 23.967753665314095, 30.218340976506166, 37.3865743230098, 74.4497637508221, 49.50593710650636, 77.49868057719286, 33.67513474225861, 83.61746958288944, 39.81275113492622, 47.36497654386506, 76.33057156849434, 44.09610774422865], [74.81896344601525, 67.74579087291465, 58.17781940458901, 64.77983321565272, 67.95796942677521, 71.50216336920077, 0.0, 21.36896190163975, 86.55139736454998, 107.626336845933, 50.82492137458924, 93.39539919607522, 71.29892399574061, 96.12475540908332, 28.705781855894223, 9.669814241568064, 53.91932312351263, 41.27531982520971, 90.60714319905128, 81.04150731436873, 47.52688675537049, 94.98103053077755, 67.53771949060733, 53.06106408111632, 61.15716307251694, 22.764128679586104, 40.91098179231843, 63.33702096102228, 38.06356390840837, 71.41604772641888, 74.4944201697297, 37.42779803211618, 59.02109662084888, 74.93695380398356, 92.57347763866848, 63.898537044785975, 37.54244327715601, 83.15350492944916, 69.45390572596644, 64.27157562823355, 94.41636079526215, 76.50733427940628, 74.97481955292322, 77.94470814947103, 88.54707281957303, 102.23934631650809, 102.35569670808833, 63.072732445428606, 60.97512222557728, 33.253920146619315, 54.68303477176385, 53.976046424983174, 57.89756293271575, 43.37098226802431, 39.615488144261086, 55.30764044785911, 31.761931331890523, 49.06130367251012, 44.51793889231807, 32.02501742560578, 90.46390482418417, 86.71541085389538, 36.43566798933744], [72.02674460352415, 58.45536840893756, 37.29087241784924, 70.52756455914958, 53.84779380497645, 55.59239260057845, 21.36896190163975, 0.0, 84.77171931448416, 92.93735652111047, 31.931365340149036, 93.23561278088584, 56.555042755157366, 92.72563847028496, 34.75046665353964, 30.051073495682164, 34.47303081011726, 35.96965198865792, 81.55283678871348, 63.57181920679105, 40.73850700014584, 93.23930674630752, 65.59955872714907, 36.12286164080279, 40.2911972598331, 2.815724082163584, 56.32038391520778, 51.844612333980045, 41.59058305123283, 51.997029367102634, 55.47568167561084, 18.947304406811494, 54.03166381365222, 67.97998019931953, 90.51667712976588, 60.8081792033513, 47.459354930425306, 69.25206386062511, 61.24738683966861, 65.10729813960832, 89.87926576820566, 58.88826986347887, 65.18651612243195, 68.56060233639396, 83.24022043205036, 104.99218894738014, 105.11873838972322, 69.80923131974022, 40.66124403180105, 12.872089205277092, 44.830619794233485, 34.81007948686586, 37.21236804834201, 38.061942701330594, 52.15250430093634, 55.52917510577997, 47.23525061448649, 42.705764673117095, 59.382363203640885, 17.09805992040147, 84.47544269079884, 90.21283688953694, 15.296672121224688], [12.915254026265032, 35.14766933253172, 84.6633071427445, 32.49598976088477, 51.65242326297672, 58.760535903605515, 86.55139736454998, 84.77171931448416, 0.0, 63.007435799819426, 72.29242727314039, 10.269246341677007, 53.7950221812647, 11.181324027595215, 58.31181951701415, 83.82551702384228, 74.65130619070581, 48.80616070591642, 30.240667848378813, 67.78788076492643, 44.629972920597034, 8.510169521230349, 19.29374297837469, 64.76981486374048, 104.3895990591623, 87.35009821540778, 66.83861964645992, 44.00389339352529, 48.82035388055187, 76.91385429958628, 75.15323335110105, 73.64840060661878, 31.31692339085069, 24.089136227781307, 6.03758559174228, 23.98606618555793, 55.22970045260256, 50.51317493230132, 30.92239697816458, 23.067198926869946, 13.304611857967597, 67.57991560072966, 34.03421871935489, 31.788152802092323, 14.35748992735616, 26.945031064494625, 27.069105881371087, 35.96007083952472, 80.59117605281567, 92.04566176184069, 44.47819882326259, 73.32887819947163, 82.77801063504982, 46.73485926110932, 59.31181086428616, 31.286133227196935, 68.5264229077787, 42.595227483927715, 64.75368762941915, 69.59725409641965, 17.431663295601645, 21.699418181739805, 83.3199803014402], [59.3409344683906, 44.62785189225918, 66.43832188719331, 87.50416462124971, 39.6859387377972, 37.46638375863865, 107.626336845933, 92.93735652111047, 63.007435799819426, 0.0, 62.727134795878634, 71.18594311347245, 36.52896349009232, 57.575594188634255, 89.35868724011026, 110.73946990467165, 61.72535984344625, 69.65218141456101, 32.83554382898051, 32.74216354842382, 63.464970207359464, 64.6887258154183, 63.282277907311105, 56.97635285606515, 85.34844063738821, 94.14939137754013, 111.26131585920496, 45.293602344152156, 83.04767518252531, 48.77948644597624, 44.59537808893834, 74.19151141896768, 58.708040789573914, 46.01276331454322, 62.781577779530025, 61.03489199207606, 95.68023203491734, 24.56263908895269, 45.692405862354484, 71.98701491133716, 52.22046068729563, 36.99525604188059, 38.3972116531665, 37.48470957921231, 48.670018473596315, 87.50725474479147, 87.60759672032829, 90.4541663935954, 60.616382588466024, 91.51189542662614, 54.53023277607333, 60.79064263146946, 64.9600951988031, 68.1187626578662, 102.49035794820892, 71.81156898046618, 107.91982084687572, 62.81396092261036, 111.03236626022941, 76.70416301556833, 45.74293793615348, 84.61475938268951, 81.46126414237776], [59.78259401709105, 38.43398313009581, 13.408389498212097, 71.32003249824133, 26.60132504217106, 25.509425958915784, 50.82492137458924, 31.931365340149036, 72.29242727314039, 62.727134795878634, 0.0, 82.26396083696953, 27.976700946480697, 77.02870542763239, 46.639926965868725, 57.17920627020483, 3.743952874871059, 32.05076038299862, 58.692369606016086, 31.84503334419813, 31.46314279710261, 79.92805562801355, 55.852778710915715, 7.817552448569384, 32.097391844239986, 32.506357359573656, 73.03251650948624, 29.571694724266806, 47.222407345241834, 20.60644769776224, 23.72720742624456, 13.422203906624471, 42.34191006199496, 49.93943197016227, 77.00456288953721, 50.33068386425742, 59.04374492262892, 40.75147495240412, 42.436159352365316, 59.68126029136845, 72.78174714775997, 27.141126667132724, 43.12584186946085, 46.64131180608524, 65.67672741676947, 97.31593547840717, 97.44779495099073, 72.15893798106951, 12.168278367427128, 28.785831565090817, 27.99655141608098, 3.2537006099125576, 11.787145276006335, 32.80652709653639, 65.86120462059995, 51.529719135964825, 65.6217161468843, 33.14620944832074, 74.88009525740765, 19.635720083735862, 65.77754404780201, 85.00352136459736, 18.784604538706336], [22.512987212572035, 45.4018056983088, 94.76465363706845, 34.07507409069593, 61.920329859680514, 69.00486425369301, 93.39539919607522, 93.23561278088584, 10.269246341677007, 71.18594311347245, 82.26396083696953, 0.0, 64.03642740899606, 14.322452023442413, 64.77071421333456, 89.84127675979681, 84.70617073383802, 57.438650434790844, 38.92208410695528, 77.88546375008568, 53.77383131524118, 6.990179023435633, 27.782463425092654, 74.81187445262695, 114.34615581316947, 95.88101859724394, 69.70905706981382, 54.2273603144881, 55.33809848619775, 87.18241327162991, 85.40448505742293, 83.05061192313293, 40.69363760884253, 34.34698169636427, 8.40708783186561, 32.98051220732248, 59.85290279436192, 60.34714423570201, 41.17887715806271, 29.12644504515511, 19.146744194261327, 77.77737135731005, 44.21923499374546, 41.8535469875693, 22.991544845259643, 16.960046360813248, 17.078378344462763, 37.37169255044237, 90.76978850064656, 101.10855172372283, 54.33780319976366, 83.38961543687108, 92.88581060306774, 55.44724000876665, 62.945556602702446, 38.344565247836215, 72.64345420764766, 51.74276261357346, 67.17459740793898, 78.61593240441648, 25.5893878621245, 16.34425506190264, 92.65820814595028], [43.45063076268198, 19.641959270375615, 35.88716379513998, 65.05644112710206, 3.9376703748733393, 4.973007093033524, 71.29892399574061, 56.555042755157366, 53.7950221812647, 36.52896349009232, 27.976700946480697, 64.03642740899606, 0.0, 55.27462970236209, 55.72827950233331, 74.98623583374187, 28.11398909425096, 35.84666584564909, 32.65097658279287, 15.647746888335748, 30.503636251973678, 59.9200162385617, 42.916773597707675, 21.129679010501135, 56.57788919842468, 57.900552760139995, 80.18718014328083, 13.299608741085502, 51.27495645408607, 23.529436180806872, 21.386349984193952, 38.042415041229454, 32.017471619455584, 29.718542618723024, 57.092933805991656, 38.22610256093855, 64.48866594814615, 12.895485790660913, 23.55315105425652, 50.03752377125855, 50.22250894297193, 14.06823378973511, 19.96042292260955, 22.85209917500293, 43.39259159008487, 80.63963164352177, 80.7665272778405, 67.13998241819048, 30.494470576406773, 56.28670894466865, 21.31359778998703, 26.91196621037747, 34.048092369901816, 34.82316656265144, 71.6580024134019, 45.53144441850448, 75.25111064488766, 30.610132319718172, 80.75856140645814, 40.17656916570698, 42.500572080013576, 71.51362864387255, 46.062457620022464], [21.308183693919727, 38.666695491515604, 88.63715379331683, 43.62599393310554, 53.85314626096567, 60.198933793350804, 96.12475540908332, 92.72563847028496, 11.181324027595215, 57.575594188634255, 77.02870542763239, 14.322452023442413, 55.27462970236209, 0.0, 68.32162248824329, 93.94691891593226, 78.97434022292877, 56.93083663939043, 26.324736440657045, 67.75165832158311, 52.03209885527184, 7.371158340132212, 28.634717625194654, 69.27858426277133, 108.93065238418893, 95.19454600681613, 77.97241237557222, 47.663163453179834, 58.885434192598446, 78.80058010454515, 76.50353105550552, 80.07687391746593, 38.69397812519994, 27.102691016400183, 6.562859314469441, 32.399785015625035, 66.06081093601065, 49.4124228768492, 34.59692402858385, 33.787529947493766, 5.54971408287828, 68.31786600085147, 35.443844056827075, 32.422917486942644, 11.882290607169072, 29.942316302654724, 30.0408680184569, 47.08674885963037, 84.07671503468511, 99.01072429687308, 50.131305251632206, 77.63620078661113, 86.73023086855113, 54.78646816076456, 70.35541232576061, 41.305382868993405, 79.44484748177615, 50.04016549673545, 75.92263277077258, 76.82837018055066, 13.28084219423927, 30.10120329841208, 89.80159541210969], [47.17215596268295, 45.536758854876204, 58.7326750556159, 36.86019717443403, 51.84334797441051, 57.80671757488086, 28.705781855894223, 34.75046665353964, 58.31181951701415, 89.35868724011026, 46.639926965868725, 64.77071421333456, 55.72827950233331, 68.32162248824329, 0.0, 25.640512275855965, 50.382667027652886, 19.94754295583529, 66.62215802755568, 69.23072213103715, 25.91315370200469, 66.64788753869905, 39.725902052595465, 44.378620845753154, 70.50741937270732, 37.540961625298614, 26.41887901513958, 44.259797473521324, 9.494787397253992, 65.1339405625027, 66.81523606035886, 36.80301430274874, 33.65522040286434, 49.94874119847224, 64.34939814169732, 36.82523375511768, 13.270805005568942, 65.18092557308013, 45.978616463114165, 35.68419165390755, 67.1513428744512, 65.43880054097593, 52.63580896533323, 54.969055630567645, 61.83734948733389, 73.67970427409715, 73.79806531877837, 35.647556968938694, 58.79341666383064, 46.58332955504588, 35.04208241620347, 49.72698500997398, 57.583066272692285, 21.28085127267378, 19.44175765760476, 27.057979442559933, 19.775712149179984, 26.576073211323266, 28.27894120431233, 29.111434976134554, 64.12055724552759, 58.23817430114408, 42.7790003961109], [72.8124324681234, 68.91328633673683, 65.77506302354303, 59.316402441396875, 71.40986919539256, 75.78359809050674, 9.669814241568064, 30.051073495682164, 83.82551702384228, 110.73946990467165, 57.17920627020483, 89.84127675979681, 74.98623583374187, 93.94691891593226, 25.640512275855965, 0.0, 60.51979203054689, 42.07425772566782, 91.12375002753899, 86.02097273544341, 48.495271859926056, 92.0889269047035, 65.36534304295192, 58.3407121748665, 70.25542374069599, 31.79200995313153, 32.15667073388334, 65.6737091245119, 35.0639423118085, 77.72487459401268, 80.5019956684854, 44.0642138672117, 58.55224126987744, 74.81677045247353, 89.85968555823669, 62.372295790193135, 31.41668191700175, 86.17803109198354, 70.06678607425705, 60.97168395839019, 92.77722568515989, 81.63716025324699, 76.17007985179404, 78.87668931674733, 87.36231935101443, 97.33453356097303, 97.4452982699302, 57.236558438242035, 68.04899800480445, 42.43688405328839, 56.61445548117397, 60.4091478090479, 65.30984960030348, 43.990323309089206, 32.11153624767434, 52.652511554702144, 23.29222002064685, 49.736288524716905, 35.88137576901098, 37.67891288068158, 89.55451231403234, 81.72335067418145, 44.55845123432783], [62.28916815513771, 40.30780665078082, 10.231870312286787, 74.70461899810223, 27.25000566159993, 25.06603218248021, 53.91932312351263, 34.47303081011726, 74.65130619070581, 61.72535984344625, 3.743952874871059, 84.70617073383802, 28.11398909425096, 78.97434022292877, 50.382667027652886, 60.51979203054689, 0.0, 35.6163743897831, 59.707439174911215, 30.079215407009745, 34.74683367979675, 82.13685144799474, 58.64766536471949, 9.899122549682055, 29.957140569892942, 34.81080152055583, 76.7725955640525, 31.327577828093627, 50.91285045307862, 17.577202895569286, 21.01034996155865, 16.519672482593297, 45.16884760410267, 51.87672087148245, 79.21201844847954, 53.1336642948392, 62.78060581591301, 40.61546309916185, 44.403666423544664, 62.77843392913341, 74.57848895255955, 25.40112190918032, 44.53585541437501, 48.00916705745155, 67.47596802933266, 99.98669088248415, 100.11842641465611, 75.61306131083927, 8.426584745310462, 30.068889793101093, 30.673969005234394, 1.3383789329672628, 8.462729200508008, 36.29731304719875, 69.60393895409473, 54.804605331797674, 69.33724277118286, 36.36467371574985, 78.62404460903467, 23.145062509607236, 67.4131331178302, 87.93640546157238, 20.48133963157712], [36.06550655042601, 26.841683337128085, 45.35065849526961, 39.725044192751255, 31.94171053424044, 38.17662578051604, 41.27531982520971, 35.96965198865792, 48.80616070591642, 69.65218141456101, 32.05076038299862, 57.438650434790844, 35.84666584564909, 56.93083663939043, 19.94754295583529, 42.07425772566782, 35.6163743897831, 0.0, 49.37546004024436, 49.79854671935289, 6.421738270452795, 57.2697586040068, 29.69496993273802, 27.472926550540613, 61.411114363940506, 38.545165816794515, 44.7539626111955, 24.402336651644028, 16.272999824996496, 47.67702607519031, 48.71507472685501, 27.223612533637677, 18.37797771986895, 33.74761589217112, 54.54986271691772, 24.838931021969348, 29.31735624411466, 45.326324275284854, 28.217783804139852, 30.326166246181145, 54.40877170674752, 46.26636744440905, 34.10134289494051, 36.87550817860505, 48.05994106781738, 70.11007530418594, 70.23975889266669, 40.286343044409044, 43.827733039733005, 43.88402367651123, 15.154721081236865, 34.62987634523067, 43.81586356845809, 2.169526327903117, 36.50978812836682, 21.040600654942274, 39.40973043232232, 7.789851580902413, 45.730036762083714, 21.503027663586973, 49.677416120263906, 56.104214204742576, 36.229958912364964], [27.4064218504759, 23.197310870908176, 68.30588290088828, 56.20063518027397, 32.55551521852378, 37.16413560477902, 90.60714319905128, 81.55283678871348, 30.240667848378813, 32.83554382898051, 58.692369606016086, 38.92208410695528, 32.65097658279287, 26.324736440657045, 66.62215802755568, 91.12375002753899, 59.707439174911215, 49.37546004024436, 0.0, 42.683114212366505, 43.08028687465421, 32.86246314136363, 32.691253360775185, 50.985954294672446, 89.0260511155025, 83.5706936845789, 84.24798553862118, 30.163706834983202, 58.44156489845839, 55.57599655918721, 52.67037430304753, 65.40032935611156, 33.00058625161923, 16.912502562592586, 30.619527576784595, 32.07494312096962, 69.52247075836557, 23.963656792683732, 21.158896762495882, 41.31146518866877, 20.775192363290632, 44.020433391333555, 16.3938313560318, 12.994189097375427, 16.00632409278474, 55.668977280060474, 55.77850042953083, 59.37987590318706, 63.07008380686703, 84.75365800821753, 36.82207341927436, 58.40934139136754, 66.43100493628832, 47.32874215943727, 75.62250430775538, 43.602494080971404, 82.76552357543532, 41.58922065301896, 83.3093564699924, 64.50256766280481, 13.366855917292307, 51.787398936720905, 74.71856776689496], [58.33424062490018, 34.97431422894757, 33.74096561999025, 80.70407175559453, 19.28481673478669, 11.817060124704152, 81.04150731436873, 63.57181920679105, 67.78788076492643, 32.74216354842382, 31.84503334419813, 77.88546375008568, 15.647746888335748, 67.75165832158311, 69.23072213103715, 86.02097273544341, 30.079215407009745, 49.79854671935289, 42.683114212366505, 0.0, 45.09650896513612, 73.15048920594538, 58.35284858082947, 27.99231109580645, 52.75655116840352, 64.30656848609476, 94.53721160653741, 28.886677225960188, 65.77119063032316, 16.108665097885886, 12.026151559571511, 44.67048666756641, 47.662263382655965, 44.063545775714914, 70.44180352527052, 53.793551691897704, 78.97913123136715, 18.729623668118812, 38.64635637241536, 65.64405157833961, 62.39100406737736, 4.70417890266083, 33.839739987252806, 36.032298903146774, 56.02813500667237, 94.73189739269154, 94.85561367983496, 82.77876050941272, 27.93856268252847, 60.142175131879085, 36.22355159466559, 29.36060700098487, 32.319906832860504, 49.096359502422615, 86.180365935106, 61.12761173181076, 88.97979384695068, 45.48810128263977, 95.36344464087563, 49.023435519858765, 54.53418241710787, 86.49437547761181, 50.47768838425066], [31.72697013496396, 20.424858435249387, 44.85970497100768, 40.01964697133574, 26.5664052550164, 33.315097664686654, 47.52688675537049, 40.73850700014584, 44.629972920597034, 63.464970207359464, 31.46314279710261, 53.77383131524118, 30.503636251973678, 52.03209885527184, 25.91315370200469, 48.495271859926056, 34.74683367979675, 6.421738270452795, 43.08028687465421, 45.09650896513612, 0.0, 52.97073555081263, 26.084350855634426, 25.625207828837087, 62.38891708071519, 43.17235351527979, 49.68428309757952, 18.38291211711834, 20.7776738106268, 44.731333424577144, 45.27071127012227, 29.391275685816886, 13.396625422235328, 27.786998928630275, 50.16666697217701, 20.794247924491707, 33.99959101584808, 39.280280371936726, 21.929204228438266, 28.457653662712126, 49.15152681167727, 41.89019249195135, 27.686038765471682, 30.494450114090682, 42.58709563460338, 67.40867071024202, 67.53992245017649, 41.115109868093974, 42.54349558520627, 47.41798900522517, 9.27047094955162, 33.611779005638404, 43.177662715232536, 4.659752951417235, 41.18251190353763, 20.06787297526669, 44.97991543691434, 2.035671655508307, 50.32226169994516, 24.973991024036923, 44.00354705183216, 54.13861905386726, 38.91429108861052], [21.259274109748862, 42.1116804840818, 92.0309688143865, 38.7471952974691, 58.12693807428723, 64.8880109186106, 94.98103053077755, 93.23930674630752, 8.510169521230349, 64.6887258154183, 79.92805562801355, 6.990179023435633, 59.9200162385617, 7.371158340132212, 66.64788753869905, 92.0889269047035, 82.13685144799474, 57.2697586040068, 32.86246314136363, 73.15048920594538, 52.97073555081263, 0.0, 27.803798154523626, 72.30243681551634, 112.00227305833548, 95.80621456572581, 73.93007055439388, 51.10256765729764, 57.15315928670611, 83.3277851152763, 81.29147976707482, 81.81848611615317, 39.605077383048375, 30.64825860616091, 2.9249036079022175, 32.43323623219812, 63.01838907836975, 55.17082810987671, 37.90636400368832, 31.155620385694018, 12.4718049464852, 73.37175301200249, 39.96061778869631, 37.26676073114556, 17.31162983675953, 22.870217276443153, 22.975435907004663, 42.157753908129955, 87.74957120061637, 100.35881578916474, 52.34482988343993, 80.80546780936506, 90.13361369777309, 55.18708717261524, 66.7213681072836, 39.680892292470666, 76.15677057894517, 50.93942805601686, 71.62529510764774, 77.94444091492504, 19.513191485729745, 23.09996202509912, 91.51506350226016], [7.482759533146715, 23.38206695305903, 68.86472144494923, 24.259555601356354, 39.80582274269616, 47.55300512856146, 67.53771949060733, 65.59955872714907, 19.29374297837469, 63.282277907311105, 55.852778710915715, 27.782463425092654, 42.916773597707675, 28.634717625194654, 39.725902052595465, 65.36534304295192, 58.64766536471949, 29.69496993273802, 32.691253360775185, 58.35284858082947, 26.084350855634426, 27.803798154523626, 0.0, 48.8171777637395, 87.67775388517478, 68.21105754506381, 52.440708771604605, 30.59287924267779, 30.339200178571527, 64.10522093376997, 63.20104840271927, 55.45894356356719, 13.514530395898177, 17.281049331132262, 25.215524721672484, 5.522329388955404, 38.78755634717715, 44.288599193835616, 19.953926636989596, 8.731373633843765, 27.553784395898695, 56.92380598327134, 26.348802990457198, 26.132937101998625, 22.95741678868191, 41.567290321565636, 41.69911658790315, 27.172429616475846, 65.48661609154529, 73.33288824017616, 27.991960878698997, 57.37714935819403, 67.0429687975506, 27.67915251377851, 44.097933228928945, 12.885035408979482, 52.317802930237185, 24.06635068622352, 51.13244161089849, 50.8400574872714, 25.724934236164295, 29.500278818328752, 64.99798539193368], [52.39004897127728, 30.648803619781376, 20.061900191537074, 65.62730758959448, 19.259312085612507, 19.522767437058306, 53.06106408111632, 36.12286164080279, 64.76981486374048, 56.97635285606515, 7.817552448569384, 74.81187445262695, 21.129679010501135, 69.27858426277133, 44.378620845753154, 58.3407121748665, 9.899122549682055, 27.472926550540613, 50.985954294672446, 27.99231109580645, 25.625207828837087, 72.30243681551634, 48.8171777637395, 0.0, 39.70954829033477, 37.201238476660066, 70.69944861552051, 21.75951289650636, 43.45427757179652, 20.755331244925785, 22.669216668682193, 17.238378278137475, 35.37092154208294, 42.178740271535794, 69.37762688603387, 43.311898470379674, 55.97819790719106, 34.0247542026459, 34.68183020712975, 53.19947545826766, 64.9900696746345, 23.447322700934194, 35.322717359305805, 38.84317038978342, 57.884285526613404, 90.10164798400854, 90.23334586824174, 66.73137508432961, 16.985713607514807, 35.166672546542785, 20.82584448487477, 8.594277119594517, 18.22781305633514, 27.795524158695734, 63.02322972115144, 45.53281011132683, 63.94726792242383, 27.084595540553327, 72.19713060561753, 21.036620428267515, 57.96286203299464, 78.17359457964552, 24.936495559349414], [91.85033205027634, 70.26455562729409, 20.721057777404102, 101.0827048751276, 56.49682030441861, 52.561879402181205, 61.15716307251694, 40.2911972598331, 104.3895990591623, 85.34844063738821, 32.097391844239986, 114.34615581316947, 56.57788919842468, 108.93065238418893, 70.50741937270732, 70.25542374069599, 29.957140569892942, 61.411114363940506, 89.0260511155025, 52.75655116840352, 62.38891708071519, 112.00227305833548, 87.67775388517478, 39.70954829033477, 0.0, 38.46915410560184, 95.14187646806855, 61.282658385251416, 74.18494192811227, 36.64845582446091, 40.77586825464502, 34.62209597775938, 74.17560444695317, 81.83114135103297, 109.07783453577483, 82.16305441694887, 83.7715323840997, 67.99731189464227, 74.35193840471221, 90.84433139137573, 104.5222307853964, 48.926940278085524, 74.33532767079285, 77.76564512445867, 97.4222793830836, 129.22888711393767, 129.3607738749447, 101.41632266964697, 26.142319495428573, 27.906834944206345, 60.02802321237498, 31.295455149485033, 22.59606078810123, 62.692504739097394, 89.65359673570102, 82.12633112792227, 86.41583099590885, 64.25211506665039, 97.8189588674733, 41.84947728437492, 97.30246141679969, 116.48963090670829, 27.807069518112897], [74.5758596550967, 60.54110783958006, 36.847805739223645, 73.3411083935084, 55.3205614507391, 56.72126287268989, 22.764128679586104, 2.815724082163584, 87.35009821540778, 94.14939137754013, 32.506357359573656, 95.88101859724394, 57.900552760139995, 95.19454600681613, 37.540961625298614, 31.79200995313153, 34.81080152055583, 38.545165816794515, 83.5706936845789, 64.30656848609476, 43.17235351527979, 95.80621456572581, 68.21105754506381, 37.201238476660066, 38.46915410560184, 0.0, 58.825007166386705, 53.71558064948116, 44.40476864827073, 52.20657615112929, 55.807065119625, 19.96421372621458, 56.5076426995541, 70.24521300622611, 93.0703544358377, 63.37320426069194, 50.20296218125114, 70.67535573228847, 63.427621739457514, 67.83386342503687, 92.27554461633206, 59.608148577042094, 67.18485981050839, 70.58862231451798, 85.59379495386906, 107.73498676333537, 107.86175608043611, 72.62486488177456, 40.55287420744974, 10.689500508557385, 46.950215326231884, 35.25037761624715, 36.912969954036676, 40.61913151866641, 54.81215852314834, 58.25622077146005, 49.69833791846806, 45.15565473101313, 61.93424319478722, 19.07351401169504, 86.77215117923234, 92.98474491767877, 14.89554409412203], [59.39065721222192, 66.639881197812, 84.89898947589465, 35.71453003982204, 76.24965800765095, 82.85602893677961, 40.91098179231843, 56.32038391520778, 66.83861964645992, 111.26131585920496, 73.03251650948624, 69.70905706981382, 80.18718014328083, 77.97241237557222, 26.41887901513958, 32.15667073388334, 76.7725955640525, 44.7539626111955, 84.24798553862118, 94.53721160653741, 49.68428309757952, 73.93007055439388, 52.440708771604605, 70.69944861552051, 95.14187646806855, 58.825007166386705, 0.0, 67.67977912770189, 28.916235529884005, 91.44071174199549, 92.96613889155132, 62.6341778821625, 52.67296900488071, 67.48220751209675, 72.43415995355923, 52.17760725202826, 15.745781103846767, 88.08983569960834, 65.8012651290112, 44.86040930531418, 78.64487642341123, 91.01095439639718, 73.0377432342173, 74.56096497350804, 75.16361662244933, 72.66490624987314, 72.7549395442527, 32.58816178558933, 85.17103312718952, 69.10980585268048, 58.89956135968278, 76.13560144109529, 83.82360477762326, 45.47140748858053, 8.772745412738285, 40.64555436797243, 9.255727891245199, 49.669228181286954, 3.821518254312146, 54.92231127650254, 78.08049013236473, 57.57705362256597, 67.40092220983193], [32.372177203498495, 9.01783879026849, 41.002930396138815, 51.90701576243758, 9.623291287054116, 17.3691098893829, 63.33702096102228, 51.844612333980045, 44.00389339352529, 45.293602344152156, 29.571694724266806, 54.2273603144881, 13.299608741085502, 47.663163453179834, 44.259797473521324, 65.6737091245119, 31.327577828093627, 24.402336651644028, 30.163706834983202, 28.886677225960188, 18.38291211711834, 51.10256765729764, 30.59287924267779, 21.75951289650636, 61.282658385251416, 53.71558064948116, 67.67977912770189, 0.0, 38.82181066352947, 33.60815887008988, 32.610014920773665, 35.236818241906, 18.845678610193158, 20.593015394438527, 48.18589170563981, 25.553879020299732, 51.93467133829606, 20.92797090293773, 13.197501175327139, 37.145477792225435, 43.26066810315186, 26.739056299538223, 13.903713505725241, 17.438521928844445, 36.15578877744505, 70.24257465404348, 70.37265458828831, 53.91099939432861, 36.65094592069938, 54.59317798930172, 9.249576640624205, 29.989227345163897, 39.098533908548596, 22.982186728683477, 59.038282815378864, 32.243881278736964, 63.329267897594725, 18.063204980558925, 68.03561238940301, 34.74899519785304, 36.20693487120184, 59.83976610563339, 44.58978960207021], [37.8086664748912, 38.554010822893396, 60.15328827592873, 28.93879000058719, 47.33728800283268, 54.032954088950795, 38.06356390840837, 41.59058305123283, 48.82035388055187, 83.04767518252531, 47.222407345241834, 55.33809848619775, 51.27495645408607, 58.885434192598446, 9.494787397253992, 35.0639423118085, 50.91285045307862, 16.272999824996496, 58.44156489845839, 65.77119063032316, 20.7776738106268, 57.15315928670611, 30.339200178571527, 43.45427757179652, 74.18494192811227, 44.40476864827073, 28.916235529884005, 38.82181066352947, 0.0, 63.8797055140537, 64.98505038473074, 39.62672808617887, 25.518183582640845, 41.58449607182568, 54.857913472532104, 27.740351829216454, 13.224859135886952, 59.42387972586919, 38.38417035243545, 26.224867751069986, 57.841467184676816, 62.3915579511688, 45.373045094478115, 47.37539062856227, 52.7082728334551, 64.71926845193528, 64.84015332804466, 28.310699116657585, 59.28636599014582, 52.44677715357147, 29.983438052342414, 50.049656105942724, 58.77564583910696, 16.69085489026328, 20.41753631078072, 17.589479459045517, 24.901967868361556, 20.773406959953466, 29.592663771125007, 32.37005035678526, 55.10127458607902, 49.42768829185032, 47.08847992004501], [65.85752403083835, 41.94289178579578, 18.169679921874273, 83.8798140081363, 25.263696613823587, 18.643706154614925, 71.41604772641888, 51.997029367102634, 76.91385429958628, 48.77948644597624, 20.60644769776224, 87.18241327162991, 23.529436180806872, 78.80058010454515, 65.1339405625027, 77.72487459401268, 17.577202895569286, 47.67702607519031, 55.57599655918721, 16.108665097885886, 44.731333424577144, 83.3277851152763, 64.10522093376997, 20.755331244925785, 36.64845582446091, 52.20657615112929, 91.44071174199549, 33.60815887008988, 63.8797055140537, 0.0, 4.244457202281714, 33.9894904765457, 51.54576003206575, 52.85859185062366, 80.47538176776462, 58.89958906665377, 76.60424682482639, 32.59333312856142, 46.11746663489479, 70.05919633129152, 73.7476911576779, 12.46470309366442, 43.422427278568385, 46.38003363577263, 66.91928231145623, 103.55769795847782, 103.68647127845523, 85.39052361414745, 12.618737770380017, 46.40938637037585, 37.59371941069832, 17.440579938255407, 17.01501528544555, 47.68065881061107, 83.69168634020086, 63.647035421794165, 84.68116382289148, 45.79753256428135, 92.8855993942889, 40.070443667809194, 66.00757067649128, 93.44395913875269, 37.548363618344766], [64.48821045053062, 40.51576111635129, 22.39067689424721, 83.75295109242033, 23.670663286462652, 16.41337739147529, 74.4944201697297, 55.47568167561084, 75.15323335110105, 44.59537808893834, 23.72720742624456, 85.40448505742293, 21.386349984193952, 76.50353105550552, 66.81523606035886, 80.5019956684854, 21.01034996155865, 48.71507472685501, 52.67037430304753, 12.026151559571511, 45.27071127012227, 81.29147976707482, 63.20104840271927, 22.669216668682193, 40.77586825464502, 55.807065119625, 92.96613889155132, 32.610014920773665, 64.98505038473074, 4.244457202281714, 0.0, 37.14501631197083, 51.04057466068917, 51.06492725864241, 78.47198108449359, 58.13313086209889, 77.89626640314071, 29.267786403082386, 44.61129665436485, 69.54403097775219, 71.34815486990668, 8.834608839693, 41.33295529121153, 44.118477734122585, 64.62939868486478, 101.94822437536301, 102.07581494054891, 85.41812836224629, 16.775739736382157, 50.351200406461196, 37.56228445751961, 20.6933696964064, 21.189451557910235, 48.53241890173755, 85.03886488538305, 63.596758937226774, 86.49083603243785, 46.1716317404882, 94.25777300889362, 42.830736431247004, 63.54948544201351, 92.33235425356844, 41.28681724883109], [60.748787031921026, 43.01714432986419, 22.518940736239337, 66.6245284681775, 35.64399932795235, 36.75705906316945, 37.42779803211618, 18.947304406811494, 73.64840060661878, 74.19151141896768, 13.422203906624471, 83.05061192313293, 38.042415041229454, 80.076