instance_id,num_cities,city_coordinates,distance_matrix,best_route,total_distance
21,82,"[[2.00122487899429, 96.7901910669009], [57.288484146561814, 69.0763327533495], [79.28385229771328, 95.61032629122295], [6.988449381557837, 19.784690631073932], [59.96512388297075, 89.30663336931288], [41.541007175807124, 97.22530254209362], [14.406767893619431, 98.5985567440202], [52.23865849679342, 89.33373203125757], [55.21123724008034, 11.221763903680227], [91.36779199066878, 73.05931711126969], [90.16393538399335, 19.217390019702364], [36.595364956312956, 62.90011244237845], [75.49566439537674, 84.25421479803366], [12.084377784800015, 99.35314205353019], [57.60632214106241, 72.68668185066063], [16.945179858131564, 67.6495706625494], [32.560502533797674, 19.44670949041751], [18.42868363318835, 98.1406261298304], [16.33745672035659, 15.408312082349983], [40.0958199633618, 18.46806809729592], [19.949179670910432, 14.270778770229597], [14.979333055611722, 75.01702199404379], [95.0520580045059, 25.394519474611954], [8.622678222575841, 88.4290373915035], [87.46935562697047, 17.506549296026908], [41.98875881832684, 49.14173556345878], [4.715490022137169, 97.91491159837722], [17.30842646370506, 18.321567930498905], [1.3952167908790725, 42.704427602156315], [66.43327114349094, 88.43505280566076], [1.3868342452715843, 13.34067342277898], [67.82779738691652, 95.02529296996384], [59.379813979910836, 82.7499840110302], [54.248331640124114, 54.086368014243135], [46.94354326458468, 29.838469723986062], [86.7676281408923, 29.578638415406257], [14.69105542476612, 59.02724370481194], [35.5315886841987, 48.78441306326776], [9.961107426454074, 17.81186866001686], [70.116741117923, 13.951529654350836], [35.775729786275434, 81.34843677407994], [31.03817483157717, 38.03257101249445], [74.99112733006366, 14.789414295943837], [48.83439646732665, 9.345027914105852], [24.781720628267635, 81.01280852369615], [31.830968875596632, 78.82165467594201], [96.5495801603497, 7.473652513237483], [19.699940604770926, 71.14936372504633], [82.85854855541892, 76.95478560309849], [30.692047060901196, 26.888455325793327], [65.49953495583574, 52.55420910920547], [39.81080836776205, 91.78759127761309], [47.78952888375916, 28.50125847286832], [71.89547129618333, 56.70672701050648], [32.30071380853583, 96.37282356676818], [30.947519844171346, 20.044431431978705], [92.82759723806254, 14.711055415751007], [0.6494653598159483, 72.31842171931089], [5.429299209916271, 15.800440172788976], [68.57152414118995, 60.88875177646796], [24.421962610824323, 53.64033809552933], [34.70780261148706, 7.185856407515634], [27.505179001912182, 22.65737045215066], [57.133896441032704, 17.202323679660857], [62.96985206162228, 92.34914611098517], [64.70807230846644, 52.02469642163208], [59.21304507253316, 89.6018957960673], [32.222046352279854, 47.9694038118739], [59.88568901917861, 19.245166405625536], [10.034386322335864, 78.69563810429693], [85.68654320876415, 37.33458148631307], [10.093991555565863, 84.54877506662764], [71.31521969676962, 74.61873429868469], [47.95948731172499, 66.12976004275201], [89.55544879184198, 99.76091569161065], [43.112208988922816, 27.57588771262103], [67.41251026651376, 32.39135742103977], [55.31056430335837, 4.323481359405223], [59.0371831413559, 63.22767643169147], [42.255571651677315, 97.91825992276421], [20.230225618713348, 99.06912555796025], [42.256906977961584, 64.49172536550492]]","[[0.0, 61.84447412617261, 77.29163332230353, 77.1668290498652, 58.44499314360737, 39.542176294119145, 12.536653616890664, 50.7877792175736, 100.76339187747865, 92.46371015713936, 117.4316949800884, 48.42821447116813, 74.55590748452332, 10.40378249877046, 60.6045047670669, 32.749008350925514, 83.16179166633671, 16.482872200558266, 82.63496699621402, 87.09508092371142, 84.44869736710385, 25.34762677883683, 117.2851204009519, 10.665483353549375, 116.57914575946002, 62.20432607474159, 2.9380659524940547, 79.94770313947522, 54.08915839026488, 64.97150853408496, 83.45177931528735, 65.85022789203781, 59.07139664324469, 67.47871270424179, 80.63711907459923, 108.17918437381265, 39.83807215155254, 58.556297856366136, 79.37842994400354, 107.24722549846626, 37.13711024530332, 65.54084510445978, 109.78002209353464, 99.19678684232228, 27.710589789776815, 34.82358291353788, 130.06473598027043, 31.156003676926385, 83.25473020812416, 75.56067718789608, 77.38770885855364, 38.13909553523631, 82.21889745347534, 80.57226429105121, 30.3023633570317, 82.02316510689091, 122.41901169813447, 24.5090748254465, 81.06226892647793, 75.63410663836078, 48.62714562762749, 95.38688073693731, 78.39723699342113, 96.81859381759531, 61.130159339189916, 77.04607858534196, 57.661633334120104, 57.417482692302045, 96.76694703520458, 19.797588986825385, 102.65574516097091, 14.674642693202909, 72.77364476803031, 55.24693581025411, 87.60460792547917, 80.50299872243937, 91.79240726222847, 106.7332097989765, 66.17811514046394, 40.27014990584198, 18.37090118593037, 51.61115022858305], [61.84447412617261, 0.0, 34.46518581369609, 70.4255598520246, 20.406603423665864, 32.25441878428563, 52.061533766814776, 20.877331357183774, 57.89184823005402, 34.311272018519624, 59.721934534824335, 21.595158697066733, 23.703786954307148, 54.40676808417297, 3.624312568640217, 40.368525499114014, 55.44882848051672, 48.52645923012858, 67.50735582145582, 53.44889290914688, 66.31645652567747, 42.72418582830274, 57.74243086191375, 52.37258675149334, 59.75221811072865, 25.1290620645227, 59.96318321276538, 64.60999276077523, 61.80238439572829, 21.40997831112778, 78.93958565067234, 28.00760003823515, 13.832656982247782, 15.295148581888693, 40.57866061075313, 49.285776737838525, 43.766712515494035, 29.751042080386423, 69.77052290174977, 56.59777463493287, 24.766976748518356, 40.65456778955282, 57.10037733048178, 60.32661416229861, 34.62902147405228, 27.259060569769964, 73.05014628985599, 37.64566459770266, 26.756274276864836, 49.87171009193496, 18.449984420179362, 28.65781593884606, 41.67213462196642, 19.140825996350927, 37.006581538869284, 55.65944436992209, 64.95084248356197, 56.73173353590175, 74.34847538819226, 13.940712814392624, 36.310854698496826, 65.88109167965182, 55.152201465212904, 51.87423941356473, 23.956247263827105, 18.59592939547311, 20.61559295723405, 32.76932640496456, 49.89880372037873, 48.223239175902336, 42.59094424873369, 49.66605079991051, 15.082026557634661, 9.78327515115635, 44.52752673925183, 43.85491666761684, 38.05631774107478, 64.78305280358722, 6.1044843306592504, 32.524532601171636, 47.67475375224463, 15.715181738569326], [77.29163332230353, 34.46518581369609, 0.0, 104.76713371126901, 20.321166600771708, 37.777380880456384, 64.94586670462519, 27.76397203631974, 87.75488737129783, 25.5845581071341, 77.16383168394998, 53.77978283271543, 11.971283800376417, 67.30362579120278, 31.55009965324724, 68.32213357950602, 89.3530521993576, 60.90774967490618, 101.95396902201175, 86.5253135070696, 100.68130594430032, 67.5215178801101, 71.96454570216754, 71.02515351576587, 78.53153790464437, 59.584007265881525, 74.60396615394863, 99.06818649924428, 94.15770630816289, 14.718083625046642, 113.29713678887344, 11.470983310343284, 23.697239183505353, 48.48728086400529, 73.29278753505996, 66.4544257713527, 74.23308790151452, 64.08530815201297, 104.20289327211728, 82.17174085757628, 45.78600459823371, 75.1188611275729, 80.93483368362804, 91.48153400801556, 56.42313250331685, 50.33523258790738, 89.81190691257841, 64.40948084169166, 18.994937528223723, 84.1656645263461, 45.20881143508648, 39.65771677845484, 74.13177045471976, 39.59896729484662, 46.98932543023406, 89.7028734263161, 82.02514891904933, 82.01146034357647, 108.73873704451246, 36.336506592086224, 69.0746469347693, 99.0248003272088, 89.46040897475787, 81.47659429546394, 16.63676350349289, 45.95824728407188, 20.950860118034747, 66.96619351231618, 78.79039524544567, 71.28530854485999, 58.62641796553354, 70.06850037650369, 22.45319665237043, 43.0153417759977, 11.078496599665849, 77.05240173001698, 64.32392079647286, 94.38223664899036, 38.191145882940035, 37.10013645863315, 59.15483172413117, 48.36695156081248], [77.1668290498652, 70.4255598520246, 104.76713371126901, 0.0, 87.40611284874547, 84.79933739881521, 79.16221915292557, 82.97379456585679, 48.97714755870108, 99.79007608850742, 83.17742062437983, 52.30209410546953, 94.07208967203725, 79.73146774052735, 73.2174140331016, 48.88950012232351, 25.574286572110253, 79.18668819705408, 10.322626963261053, 33.13354013288273, 14.084876770582753, 55.807388844857854, 88.242106408163, 68.66379720107906, 80.51314301420202, 45.682138170532745, 78.16327636844055, 10.423178738416697, 23.592341843001336, 90.81056690170995, 8.538351709543987, 96.76039740532336, 81.91143543426351, 58.39607471733498, 41.200582535330334, 80.37809886229003, 39.99135045984335, 40.69022858616363, 3.567733507616822, 63.397215905211446, 67.96177125605486, 30.188978661689426, 68.18590025681637, 43.12852704590103, 63.761139594049254, 64.05086961507037, 90.40330638817743, 52.91419139671772, 94.99837739541567, 24.745181667995766, 67.0625713522012, 79.13106185901115, 41.721776609889915, 74.67367852349189, 80.66258635201844, 23.96047834906753, 85.98895905306122, 52.91479585597108, 4.278457779629688, 74.04065734104965, 38.080602000920294, 30.448204664286724, 20.71686471619552, 50.21189580036136, 91.64888239975187, 66.11333333148266, 87.18859175452151, 37.830047226573626, 52.8999909987679, 58.989638615947094, 80.63118900938132, 64.8384995582877, 84.52636111963803, 61.85864052699878, 114.95001507851785, 36.95441462307585, 61.72515841520448, 50.735350424117826, 67.79648738150819, 85.72411891337772, 80.3826241148581, 56.94368319642617], [58.44499314360737, 20.406603423665864, 20.321166600771708, 87.40611284874547, 0.0, 20.05376268701547, 46.496275554649486, 7.726512906950691, 78.22944635927281, 35.356793546235345, 76.3182170218567, 35.26258611835961, 16.3317060354052, 48.923390966484995, 16.78650452417003, 48.16372025690065, 75.04280269057524, 42.465460043623914, 85.81570503749903, 73.57235600446403, 85.03913961581156, 47.200787807187275, 72.9098844364615, 51.349945482842244, 76.88780681459562, 44.004189762931134, 55.916227482057046, 82.81590034571556, 74.84784298255128, 6.526605676974134, 95.92832265538976, 9.722381511634287, 6.582722726204464, 35.68121081506901, 60.87712254327152, 65.46607988653206, 54.46634477558491, 47.318579657902745, 87.24622079277239, 76.03582700528524, 25.464871486296868, 58.871027271424644, 76.01708175154135, 80.73259217797707, 36.14774398427685, 30.024414335327098, 89.63849171478877, 44.16980218839141, 26.013016673826858, 68.94158380036893, 37.16679156072504, 20.306441983502168, 62.01240787037701, 34.71436423158134, 28.552594079577243, 75.0950994497018, 81.51344922919189, 61.70045932649749, 91.52768221153005, 29.69252632615873, 50.352764887089606, 85.91713616398182, 74.13347603534031, 72.15987336913244, 4.276128530671265, 37.582421187807455, 0.8079619036576704, 49.78398234732063, 70.06151199482807, 51.04578115636185, 57.98866776416339, 50.097575342984015, 18.562301961000824, 26.101777078894113, 31.382787433350675, 63.98988748042305, 57.40045470389461, 85.11052255989992, 26.095460696723872, 19.692342474398988, 40.91660291134012, 30.485416270608884], [39.542176294119145, 32.25441878428563, 37.777380880456384, 84.79933739881521, 20.05376268701547, 0.0, 27.16896701249657, 13.293480692162492, 87.08320072401578, 55.377823511125115, 91.9207461003199, 34.679648965132664, 36.34787289735911, 29.533383078570164, 29.329818451038495, 38.466591188349454, 78.29533192166306, 23.130441344880502, 85.61097408305913, 78.77049284771451, 85.71849292432739, 34.62268413870228, 89.57172520879116, 34.07331304221283, 92.0026782792694, 48.08565165329718, 36.83197353232309, 82.54100377161348, 67.70679648194016, 26.398736633894206, 92.99993874309983, 26.378691812149047, 22.97298140794714, 44.97158844470139, 67.60305195363684, 81.3727129410611, 46.690594427246936, 48.81222064306342, 85.46217613144522, 88.04029657656747, 16.89121931637174, 60.11729329557516, 88.96396017076744, 88.18240298408861, 23.31777536299532, 20.808149811380662, 105.26776232398036, 34.014508289123164, 46.022093418596484, 71.16861676261517, 50.6904097623626, 5.706337854633127, 69.00752318960281, 50.62754640651805, 9.279533496712522, 77.90448535971275, 97.1540801975963, 47.879754640236584, 89.07336113605452, 45.28789870328208, 46.826390130204786, 90.29836402083603, 75.87740749852651, 81.52800342002094, 21.976630648963603, 50.79180741534981, 19.246227002679795, 50.12969769061146, 80.10885708707008, 36.55154746083587, 74.40246514880016, 33.90588651334664, 37.38396259076002, 31.751057471894256, 48.08134708744779, 69.66713472811621, 69.80526564760186, 93.91671354210126, 38.23551692549931, 0.9953855140605009, 21.39039723539532, 32.741404785109836], [12.536653616890664, 52.061533766814776, 64.94586670462519, 79.16221915292557, 46.496275554649486, 27.16896701249657, 0.0, 38.94982571936288, 96.43499699647403, 81.08792752984667, 109.72929443261044, 42.03228241682802, 62.750405749013325, 2.4419039307209753, 50.37486225953264, 31.052910890489027, 81.20697633235496, 4.047901513575207, 83.21264547059081, 84.14762389399205, 84.50971817670425, 23.588484733637987, 108.91507650279623, 11.69935114371241, 109.15152494692421, 56.628114789887455, 9.715360902583237, 80.32941276657994, 57.388623738739206, 53.00994107442432, 86.24630624337348, 53.5404016245928, 47.68387706502655, 59.73847292392139, 76.0696478139824, 99.99921610599702, 39.57233421277268, 54.10828923631516, 80.90891711406948, 101.3346945116619, 27.462686892347516, 62.807979782566875, 103.41391089310095, 95.66323231943133, 20.418084746489196, 26.35770542499272, 122.68329054177107, 27.95488999697482, 71.7920546089308, 73.5360385319245, 68.7790142062938, 26.301226644330992, 77.64045309141123, 71.13280830481577, 18.031838191994563, 80.27669075534695, 114.83439969874286, 29.663257911489573, 83.28339001091433, 65.99886521789263, 46.060238267610394, 93.63980880708615, 77.06252103959669, 91.92907195754063, 48.96354028426478, 68.5517738002776, 45.700573112884115, 53.67210889452983, 91.46197474875808, 20.37753397701361, 93.98979217635532, 14.696816149236897, 61.75438260675338, 46.690553001419914, 75.15766972881691, 76.60432014462108, 84.81156741090514, 102.76629019043263, 56.94710826068758, 27.85711174044843, 5.842439121172677, 44.03301254399563], [50.7877792175736, 20.877331357183774, 27.76397203631974, 82.97379456585679, 7.726512906950691, 13.293480692162492, 38.94982571936288, 0.0, 78.16850893517606, 42.37859918602127, 79.71592089446224, 30.715612925077885, 23.805247713253433, 41.38544232809386, 17.491028920944576, 41.42260842440824, 72.60458485335394, 34.93817087285887, 82.18189583852866, 71.89847600923252, 81.71326327539744, 39.91522915657065, 76.94939947635005, 43.62536197754852, 80.00216372047998, 41.47839224808719, 48.291698920556875, 79.13816121289696, 68.98802501916192, 14.223032466401266, 91.43770002782948, 16.595635488120223, 9.71297274926198, 35.30460956151404, 59.730431794299044, 69.01391857967678, 48.25252046407005, 43.85628176773188, 83.0828999529962, 77.47323585213708, 18.297348498400005, 55.50918509140773, 77.93927215872844, 80.06111282205933, 28.690088970492464, 22.95599194108678, 93.08345931136418, 37.275184945920316, 33.02750341569198, 66.05807329306022, 39.09711179659872, 12.667789232166342, 60.9949554762171, 38.0908354601783, 21.14404048514181, 72.48668679600692, 84.9470765441929, 54.322791105908784, 87.1680051876299, 32.80060063250792, 45.252479939375384, 83.99764507154445, 71.11597711732234, 72.29732654334818, 11.146803909553794, 39.3376463318161, 6.9795400932021066, 45.95293691141827, 70.50449707124233, 43.524356769222095, 61.82776600445052, 42.415430738592754, 24.092454119206337, 23.595245751516778, 38.74621267958153, 62.42854647919219, 58.92944767923607, 85.06573531437661, 26.976769197039882, 13.166477967823653, 33.456205140905055, 26.772386120123862], [100.76339187747865, 57.89184823005402, 87.75488737129783, 48.97714755870108, 78.22944635927281, 87.08320072401578, 96.43499699647403, 78.16850893517606, 0.0, 71.63225138255643, 35.85555946470108, 54.92906706446698, 75.79707691365593, 98.11761218592386, 61.51156452173807, 68.17909153967128, 24.097832114926582, 94.38137984015893, 39.098567717347095, 16.762600153786813, 35.39363213443757, 75.4217546144636, 42.286617264288935, 90.1745912702189, 32.86464254012925, 40.15916067713748, 100.32707682531651, 38.562031611015264, 62.3483934880458, 78.02452196578975, 53.86609448714195, 84.74791486462766, 71.64958690572723, 42.87541804752128, 20.369990163774165, 36.50726843416397, 62.66776710050018, 42.40567390302006, 45.72749423322383, 15.153404465859047, 72.77011198190478, 36.09925655787709, 20.099059214133362, 6.6472728404675525, 76.13636050128505, 71.52889053534246, 41.50791411753849, 69.65895067448788, 71.31061607294836, 29.097008560305078, 42.593662633727156, 82.02454358237956, 18.805921607113234, 48.448380105718414, 88.1793345725296, 25.817967468091457, 37.77784661351153, 81.91329896270979, 49.99205567304063, 51.432547578703556, 52.414834433251386, 20.896874907186373, 29.973300789672553, 6.2820150936689325, 81.49753522505567, 41.89354578429309, 78.48222436574969, 43.34618710449625, 9.285767988881549, 81.20142584022007, 40.132574250710036, 86.09539142281574, 65.41035167487199, 55.38479860965212, 94.96686930945097, 20.343152415013563, 24.434049053642404, 6.898997602996297, 52.146455295740324, 87.65917917038452, 94.55596291970211, 54.82247227811177], [92.46371015713936, 34.311272018519624, 25.5845581071341, 99.79007608850742, 35.356793546235345, 55.377823511125115, 81.08792752984667, 42.37859918602127, 71.63225138255643, 0.0, 53.85538398027711, 55.70662620136184, 19.42292894025884, 83.5297850962972, 33.763526229399226, 74.61896912494514, 79.57769152954664, 77.1309638865534, 94.62129565599902, 74.89338812254819, 92.50248875547014, 76.41354112250613, 47.80697386160568, 84.16045481095782, 55.68938694236165, 54.866561985707015, 90.14666945457894, 92.09240363696343, 94.95516629016187, 29.29408776565875, 107.99485710334481, 32.196823467066125, 33.42364076785842, 41.68725385719259, 61.98028334681801, 43.72334533516051, 77.95011875860776, 60.88474822335361, 98.38358019563728, 62.81192324111978, 56.206644490856476, 69.76055940738024, 60.5274873054667, 76.606790708428, 67.05939848467416, 59.81503022522536, 65.79004734305198, 71.69329706610435, 9.358520107964384, 76.24496377332589, 33.00948615468752, 54.853175054343005, 62.325641633586535, 25.427907429288503, 63.501490598447965, 80.38151149266295, 58.366520148532516, 90.72135202191339, 103.26666223754658, 25.84168122305241, 69.70538585625224, 86.88882103894618, 81.35594363524022, 65.51307747100715, 34.32987758574152, 33.95873850852734, 36.160540080480985, 64.24735773938257, 62.34649648277993, 81.52846737150189, 36.17365509863411, 82.081899839568, 20.113116058096455, 43.957930755050974, 26.763033359766975, 66.3124697225209, 47.1989244353068, 77.61919082934216, 33.79244630120178, 55.04522889706974, 75.743405552945, 49.85260931038058], [117.4316949800884, 59.721934534824335, 77.16383168394998, 83.17742062437983, 76.3182170218567, 91.9207461003199, 109.72929443261044, 79.71592089446224, 35.85555946470108, 53.85538398027711, 0.0, 69.12142920919621, 66.67043385971671, 111.88456582081771, 62.60162417206484, 87.78759754417068, 57.60388930920074, 106.65281778671573, 73.924678062236, 50.07372230139359, 70.38878378478579, 93.62864602112344, 7.87722483212699, 106.95433021333437, 3.191823311015796, 56.712556752056926, 116.1668486160493, 72.86101616948332, 91.82334308367952, 73.17259915327669, 88.97139700238155, 79.03000196343615, 70.59782312428759, 50.057728860490684, 44.506287522553365, 10.90368612933338, 85.32865907636048, 62.12006244028808, 80.21514260212454, 20.72725942639171, 82.57326370523505, 62.04729322616078, 15.805729127490082, 42.49228542463073, 89.96392473901733, 83.39906082733062, 13.36756633911189, 87.53344762534388, 58.19772783768004, 59.964579075022755, 41.46897823056122, 88.32820337200565, 43.379494461125056, 41.703563014899316, 96.44227982024367, 59.22219066264345, 5.234705916820232, 104.07958450758815, 84.80350295718647, 46.933299627679794, 74.20880229689183, 56.74628149176847, 62.753113203446915, 33.091448516622314, 78.02417520704041, 41.524936101938465, 76.88911668406126, 64.68338891607816, 30.278259105437876, 99.79181643820876, 18.66225247199907, 103.34111368103764, 58.519937038381386, 63.102978521337036, 80.5458241226333, 47.78838185625355, 26.29031688602824, 37.90232170811858, 53.90528745160208, 92.13597689831352, 106.14623606141811, 65.91546716591274], [48.42821447116813, 21.595158697066733, 53.77978283271543, 52.30209410546953, 35.26258611835961, 34.679648965132664, 42.03228241682802, 30.715612925077885, 54.92906706446698, 55.70662620136184, 69.12142920919621, 0.0, 44.376018116372556, 43.92734751784562, 23.17837920568432, 20.21601166842608, 43.640329316746836, 39.64747299956773, 51.63190823060124, 44.5697178579779, 51.39949005538033, 24.7804828890676, 69.45397372357053, 37.87079629690735, 68.18165810450749, 14.777741088989224, 47.35359105446621, 48.57193250443373, 40.58221429436886, 39.27255816713776, 60.79291595875083, 44.80504502243211, 30.218347383682303, 19.730923029200458, 34.64328237246601, 60.22936679388949, 22.24405287514471, 14.155726364921692, 52.367293242485935, 59.32660799948495, 18.466523020309257, 25.480914011264552, 61.5538288362217, 54.93578952884913, 21.62479945904098, 16.61911481123749, 81.64925217666492, 18.80174222627459, 48.35096684017034, 36.49230892197402, 30.69997979055805, 29.065882229658204, 36.17444485337986, 35.83930148194689, 33.74709496383277, 43.2262368160343, 74.0557166227172, 37.15928211681969, 56.47745374936317, 32.03935592275484, 15.294938562142484, 55.746221550198825, 41.25663296462314, 50.1010895425517, 39.53301347080513, 30.142975770353722, 34.99349493987415, 15.558019662585757, 49.47922299738658, 30.902818915608865, 55.34925614025426, 34.21969294930025, 36.64415930826507, 11.814139855756503, 64.52510593594458, 35.920330022200076, 43.36450827603248, 61.49374273558566, 22.444208643158234, 35.47264569766815, 39.699059123538156, 5.8810109471039445], [74.55590748452332, 23.703786954307148, 11.971283800376417, 94.07208967203725, 16.3317060354052, 36.34787289735911, 62.750405749013325, 23.805247713253433, 75.79707691365593, 19.42292894025884, 66.67043385971671, 44.376018116372556, 0.0, 65.18411519592395, 21.30343598531834, 60.85945650769696, 77.73957080069768, 58.73221188570912, 90.77142642956645, 74.7058637828507, 89.34815769507009, 61.2172532030171, 62.023513803727845, 67.00317472593791, 67.81312654403517, 48.534512662102514, 72.08639068074581, 87.93673055712279, 84.95446516346033, 9.980299489386304, 102.57119018806934, 13.221660616021861, 16.185899569509303, 36.89916162709786, 61.45158202219986, 55.82540478539085, 65.83008842928213, 53.434391383755575, 93.32397075476915, 70.50815806725159, 39.826081294495644, 64.13196342349595, 69.46663275591679, 79.51232286345615, 50.81742621432945, 44.00134480121312, 79.6148360157078, 57.31404640193145, 10.367918292794945, 72.78869751603644, 33.238726877601636, 36.47136837156879, 62.25770702478457, 27.781747132882753, 44.862728792275625, 78.15007013989685, 71.67040472142556, 75.7919300881622, 97.9551672488292, 24.36982930739983, 59.54605327587656, 87.19622430994944, 78.08494042817266, 69.5205769895453, 14.913882377900071, 33.986968058483484, 17.13830166817497, 56.47294508737064, 66.85691964286099, 65.69685458084074, 48.01360225077336, 65.40233616620654, 10.503266269663294, 32.96569290275087, 20.9316819648577, 65.27726208460959, 52.48898318673514, 82.44004132557112, 26.702002188229546, 35.93897459277896, 57.21669602486426, 38.67002693591745], [10.40378249877046, 54.40676808417297, 67.30362579120278, 79.73146774052735, 48.923390966484995, 29.533383078570164, 2.4419039307209753, 41.38544232809386, 98.11761218592386, 83.5297850962972, 111.88456582081771, 43.92734751784562, 65.18411519592395, 0.0, 52.757440401576304, 32.07403678583537, 82.48823946296702, 6.459133963862338, 84.05250239774203, 85.59810793369441, 85.44509143642661, 24.50770298436263, 111.14636213034707, 11.459468858809137, 111.27335543730638, 58.441914297099686, 7.50793005433933, 81.19979488555303, 57.64837388640946, 55.434708280451886, 86.67515328937162, 55.91117157266294, 50.12507498119111, 61.86178009593462, 77.76535917123317, 102.20601372569683, 40.41005872242525, 55.74018344651808, 81.56891285073203, 103.25304157460575, 29.756504698261807, 64.18301064369861, 105.39584048058875, 97.22152274111785, 22.306733272043964, 28.486309582730982, 124.80469146040674, 29.213865014187686, 74.23388458075816, 74.81561453625709, 71.01633009620993, 28.740085445502633, 79.3400732412516, 73.458039880256, 20.43483644434508, 81.52109977671435, 116.97756331055554, 29.353591359772413, 83.81732555032934, 68.33964459136715, 47.348457683877776, 94.90325544596877, 78.2307004424009, 93.69213462535008, 51.36523582677614, 70.77594924302814, 48.12689563946061, 55.1888960844545, 93.28586772995797, 20.75897238325548, 96.2474966423863, 14.93756737974477, 64.18787705309856, 48.895977296736405, 77.47214417013416, 78.19655075481974, 86.86243632941743, 104.39894449934691, 59.24200534456337, 30.205294669674817, 8.150797648268933, 46.10531304967264], [60.6045047670669, 3.624312568640217, 31.55009965324724, 73.2174140331016, 16.78650452417003, 29.329818451038495, 50.37486225953264, 17.491028920944576, 61.51156452173807, 33.763526229399226, 62.60162417206484, 23.17837920568432, 21.30343598531834, 52.757440401576304, 0.0, 40.97195358869457, 58.83695893500188, 46.72034501607127, 70.59696095744953, 56.97609818030546, 69.50164107213322, 42.69063929803576, 60.32190113513774, 51.451133413243596, 62.74271111234687, 28.25372152136556, 58.59951960925879, 67.67189968942307, 63.70733030437992, 18.05342672258554, 81.74704603584873, 24.56607626262414, 10.218381656278094, 18.9009993126717, 44.15500125491065, 52.045030276016675, 45.03665582379662, 32.53632293877649, 72.67263314280818, 60.05271589612138, 23.48618234013911, 43.66662168570423, 60.4510135710063, 63.94616332074826, 33.864123343875335, 26.49540955574188, 75.95601714492669, 37.937542200230126, 25.610381655170602, 53.12114226853227, 21.624506172968136, 26.106034769615317, 45.26280005624255, 21.43685471963318, 34.66132026444994, 59.00761195852567, 67.83591585567893, 56.9580472797634, 77.19123145921803, 16.106731789507798, 38.26179462428196, 69.38804169581165, 58.38673494290198, 55.48636938645236, 20.380872258009, 21.848398049047248, 16.991351370547136, 35.43028776298128, 53.49010269598459, 47.94993881955588, 45.14720163400943, 48.970713831123604, 13.844374267361847, 11.664246474571133, 41.87792774030249, 47.38209644825369, 41.47136959928069, 68.40173744472405, 9.566616262725754, 29.53435410832637, 45.74938171403835, 17.40005338045907], [32.749008350925514, 40.368525499114014, 68.32213357950602, 48.88950012232351, 48.16372025690065, 38.466591188349454, 31.052910890489027, 41.42260842440824, 68.17909153967128, 74.61896912494514, 87.78759754417068, 20.21601166842608, 60.85945650769696, 32.07403678583537, 40.97195358869457, 0.0, 50.66906479741847, 30.527123135982112, 52.24479328560355, 54.357817578136164, 53.46325316288526, 7.625214277180413, 88.80413146170498, 22.38415222905568, 86.53312637156718, 31.14034051179701, 32.64285795463565, 49.32934017022366, 29.394923263999065, 53.675948496413774, 56.49352562558954, 57.77950275342703, 45.04132165405729, 39.69238716617327, 48.2657348566439, 79.5271662161136, 8.912104079689664, 26.48299009355703, 50.324683889957555, 75.56913744990032, 23.2862307670855, 32.799072785566935, 78.50814065443335, 66.45556290524702, 15.49152985910659, 18.611882652617027, 99.78978741629062, 4.453903709278719, 66.56695274769875, 43.016797665411055, 50.84678297965492, 33.2487745090502, 49.83938416669558, 56.02928124043606, 32.57019619685658, 49.621717082812324, 92.5236600224913, 16.95135632333993, 53.11259586621748, 52.06714987440037, 15.87957422123841, 63.018818686106734, 46.21484243929921, 64.49850904271594, 52.23350915620874, 50.25366245625027, 47.628531454901086, 24.913683331664494, 64.70605596447425, 13.029761057748935, 75.12904634067317, 18.235182769800545, 54.81487456742302, 31.0515231695012, 79.39388914898406, 47.86035393415993, 61.563731527032886, 74.04117982622806, 42.323632747956104, 39.45642510763275, 31.590820747091275, 25.50795006872964], [83.16179166633671, 55.44882848051672, 89.3530521993576, 25.574286572110253, 75.04280269057524, 78.29533192166306, 81.20697633235496, 72.60458485335394, 24.097832114926582, 79.57769152954664, 57.60388930920074, 43.640329316746836, 77.73957080069768, 82.48823946296702, 58.83695893500188, 50.66906479741847, 0.0, 79.95274117558749, 16.718129951956193, 7.598601696405981, 13.632157685860571, 58.28513662994521, 62.77396712616374, 73.01767591075377, 54.9431194016824, 31.155843593864773, 83.26225713869485, 15.293520457296543, 38.886970661172214, 76.85542249358654, 31.766039586677465, 83.40206452499588, 68.75012750152298, 40.86891084910956, 17.74431011382113, 55.14588334884443, 43.427362672390366, 29.487763629029843, 22.658450162325114, 37.95613333861153, 61.98517183154366, 18.648102588487873, 42.68545793510911, 19.1542056590438, 62.05557185385753, 59.37942686775014, 65.09958639558089, 53.27812410395014, 76.40073462850366, 7.672724870118183, 46.70210260692895, 72.70330193626023, 17.717451872191504, 54.18070388187285, 76.9265527439615, 1.7201699556898051, 60.45286695937369, 61.75542281884367, 27.375125090827847, 54.902063222130984, 35.14882742371575, 12.447466245953406, 5.988709362060612, 24.675675386656827, 78.9904665381924, 45.76889199999913, 75.04737296774307, 28.524702346248038, 27.325929738544534, 63.38660310716187, 56.05668704391776, 68.86960910172333, 67.4231445708816, 49.15725725732322, 98.482463498255, 13.319986774898748, 37.178304870570216, 27.318077158201827, 51.16432040306578, 79.06818951042698, 80.57148918342982, 46.07682404779737], [16.482872200558266, 48.52645923012858, 60.90774967490618, 79.18668819705408, 42.465460043623914, 23.130441344880502, 4.047901513575207, 34.93817087285887, 94.38137984015893, 77.1309638865534, 106.65281778671573, 39.64747299956773, 58.73221188570912, 6.459133963862338, 46.72034501607127, 30.527123135982112, 79.95274117558749, 0.0, 82.75873982638859, 82.56622372494637, 83.88362894107209, 23.379458668574763, 105.65575012056608, 13.801184656954618, 106.15304393277064, 54.36881844830398, 13.715051077698691, 79.82691919367831, 57.99406090167978, 48.97589790483818, 86.49541380719903, 49.49724982613417, 43.747764988662475, 56.77873582121711, 74.01541589079032, 96.8037060023008, 39.2915582453806, 52.235477689553136, 80.77381459025553, 98.78997546260874, 24.14327305061831, 61.41642743005279, 100.73100094379892, 93.85715548342847, 18.2680928126022, 23.512632939656694, 119.68030154958421, 27.021183180825133, 67.82364877180372, 72.29980585622506, 65.52699032472877, 22.305970276998853, 75.57579481215863, 67.64218638712164, 13.984217786051548, 79.09321643707618, 111.78412953152656, 31.351026187843868, 83.36000371175716, 62.466043552073856, 44.902060398600106, 92.40010741308103, 76.02699951912108, 89.71678940987378, 44.9161098691639, 65.3334584191664, 41.66862193219068, 52.03276279401507, 89.12450202198976, 21.179513371560855, 90.6697013333412, 15.943823486010778, 57.88147451577751, 43.5518531585642, 71.14521811195941, 74.75733229507571, 81.99013115847805, 100.80639748866922, 53.55337794135514, 23.82792562049114, 2.026737455529655, 41.23145341139237], [82.63496699621402, 67.50735582145582, 101.95396902201175, 10.322626963261053, 85.81570503749903, 85.61097408305913, 83.21264547059081, 82.18189583852866, 39.098567717347095, 94.62129565599902, 73.924678062236, 51.63190823060124, 90.77142642956645, 84.05250239774203, 70.59696095744953, 52.24479328560355, 16.718129951956193, 82.75873982638859, 0.0, 23.95458058195924, 3.7866244476764415, 59.62417963565791, 79.34552787274067, 73.42713484771603, 71.16283890813799, 42.37845158895209, 83.32112021350065, 3.070804760852126, 31.11829777768515, 88.55786516954196, 15.092920261469265, 94.81623715175088, 79.92212019590758, 54.159269269931194, 33.8372868758009, 71.84154226289517, 43.64999236095161, 38.50167293162475, 6.814316879915172, 53.799011564868515, 68.74551988417952, 26.98088592177415, 58.656935740473465, 33.05774505048828, 66.14571449662519, 65.27864074716051, 80.60362007521996, 55.84237760076739, 90.62573619987312, 18.380640705232075, 61.61759166310482, 79.90489677079061, 34.06843243468754, 69.2260937738506, 82.52319490163835, 15.327998796511356, 76.4933184224447, 59.03281843025377, 10.915203374737775, 69.25942675256897, 39.077449361050036, 20.12655920629231, 13.314160439424276, 40.835866239055655, 89.96928496040238, 60.666927188169986, 85.69132943787066, 36.22906129605175, 43.71693021530908, 63.60042713261137, 72.73277862663984, 69.42178677435653, 80.7986913317739, 59.77138196429132, 111.6970729188601, 29.409815636305137, 53.82457546250426, 40.518842367873376, 64.10895602958496, 86.48491298614474, 83.75133050344255, 55.50675059108982], [87.09508092371142, 53.44889290914688, 86.5253135070696, 33.13354013288273, 73.57235600446403, 78.77049284771451, 84.14762389399205, 71.89847600923252, 16.762600153786813, 74.89338812254819, 50.07372230139359, 44.5697178579779, 74.7058637828507, 85.59810793369441, 56.97609818030546, 54.357817578136164, 7.598601696405981, 82.56622372494637, 23.95458058195924, 0.0, 20.57922138392339, 61.87586040940115, 55.3910085511829, 76.71437854548951, 47.383292410684135, 30.7320206516489, 86.9687799674988, 22.7878644196219, 45.66330920950448, 74.75988418828807, 39.04709658184046, 81.42524947474703, 67.11212363478528, 38.326973213841136, 13.273181516213386, 47.97606123217992, 47.85863336141987, 30.658000248964335, 30.141856236528447, 30.35876852698378, 63.02859624064651, 21.55946914124171, 35.08867295875978, 12.632995745259603, 64.3922836483605, 60.916854616838705, 57.51438267437114, 56.4916879180347, 72.45237802337127, 12.622751913861515, 42.51133665862117, 73.32007713442951, 12.643498964459189, 49.73341794377173, 78.2937711744892, 9.283119973032356, 52.86544692743961, 66.7523443537734, 34.76900774961343, 51.09187931786766, 38.506601786399216, 12.50276095896895, 13.269306464187355, 17.085027333596425, 77.3410307204209, 41.61502457042106, 73.65792380289595, 30.53399940759161, 19.80512052543949, 67.31307437268048, 49.340240914458796, 72.57251229892428, 64.24599780977869, 48.30604665328418, 95.15661802441021, 9.594320241623466, 30.660390648375568, 20.773968790704654, 48.60244620684398, 79.47954144595256, 83.01308512784861, 46.07436733614732], [84.44869736710385, 66.31645652567747, 100.68130594430032, 14.084876770582753, 85.03913961581156, 85.71849292432739, 84.50971817670425, 81.71326327539744, 35.39363213443757, 92.50248875547014, 70.38878378478579, 51.39949005538033, 89.34815769507009, 85.44509143642661, 69.50164107213322, 53.46325316288526, 13.632157685860571, 83.88362894107209, 3.7866244476764415, 20.57922138392339, 0.0, 60.94920377811663, 75.92219663082184, 75.0182441596634, 67.59766543330417, 41.251989972248474, 85.02003444417053, 4.8355424020807405, 33.95175878288059, 87.5277687550286, 18.585633259539254, 93.8810609123615, 79.02010169837679, 52.55200255608935, 31.161653798525467, 68.54951219995696, 45.06427658387949, 37.868224447034585, 10.597212122442064, 50.168577232544386, 68.91945945693182, 26.2219103849786, 55.04439103960999, 29.30219737276659, 66.91675416304312, 65.63529915296556, 76.90138022490869, 56.87913102865052, 88.80807061337566, 16.57151053524541, 59.50173026981771, 80.02087550006215, 31.266461214224094, 67.07627685455832, 83.02593664226711, 12.421696809425333, 72.8797474653746, 61.17195292316482, 14.600232621709832, 67.35998655727963, 39.6228215640416, 16.37110491041454, 11.28840316118123, 37.300095399746965, 89.14600215122898, 58.5552454368449, 84.9495633810863, 35.863917609151464, 40.24511537157636, 65.18332323040381, 69.66591677882636, 70.96563602353865, 79.2486328235545, 58.94006508952043, 110.24334996620898, 26.712391341023846, 50.80475491396187, 36.73385698375979, 62.64702581879213, 86.57064298226769, 84.79881251973406, 54.95250835522662], [25.34762677883683, 42.72418582830274, 67.5215178801101, 55.807388844857854, 47.200787807187275, 34.62268413870228, 23.588484733637987, 39.91522915657065, 75.4217546144636, 76.41354112250613, 93.62864602112344, 24.7804828890676, 61.2172532030171, 24.50770298436263, 42.69063929803576, 7.625214277180413, 58.28513662994521, 23.379458668574763, 59.62417963565791, 61.87586040940115, 60.94920377811663, 0.0, 94.20209146846092, 14.842143298326384, 92.5324691248723, 37.403736817281185, 25.093023375991283, 56.74327438186091, 35.051846898963994, 53.174724217552935, 63.156377326389276, 56.509212431452625, 45.06885185874169, 44.498837353941965, 55.342680812387, 84.96002597392915, 15.992376738034787, 33.32484032576623, 57.42483919380765, 82.27471131835668, 21.738834607586963, 40.32041683306509, 85.02223345146476, 73.88488427984876, 11.490703121816342, 17.27578824984743, 105.90473064763789, 6.102697446123583, 67.90686875916046, 50.628532577512544, 55.28895696916933, 29.96421466137448, 56.922976083821396, 59.788909461571635, 27.497281538387522, 57.24481376001477, 98.4741683953859, 14.581754065331088, 59.98171979067701, 55.423198795215455, 23.369336049917674, 70.64191061858465, 53.83706832897686, 71.55100666935853, 51.02442984366726, 54.786809935478004, 46.57617226240143, 32.07623436688825, 71.60363595308523, 6.163174075226949, 80.12163184971165, 10.710783267753206, 56.33729454574179, 34.15660989834771, 78.57389715179018, 55.155416145534254, 67.57355512861601, 81.38909571570697, 45.607925001763284, 35.61544455173009, 24.618601880663306, 29.237782203990662], [117.2851204009519, 57.74243086191375, 71.96454570216754, 88.242106408163, 72.9098844364615, 89.57172520879116, 108.91507650279623, 76.94939947635005, 42.286617264288935, 47.80697386160568, 7.87722483212699, 69.45397372357053, 62.023513803727845, 111.14636213034707, 60.32190113513774, 88.80413146170498, 62.77396712616374, 105.65575012056608, 79.34552787274067, 55.3910085511829, 75.92219663082184, 94.20209146846092, 0.0, 106.97377313390427, 10.941546914606198, 58.13470557672358, 115.8443040836182, 78.06470962411359, 95.2430408245061, 69.23253428886795, 94.4376479297781, 74.76366085027824, 67.54375105025326, 49.8815222085341, 48.31333029610077, 9.2810898862066, 87.11515869678264, 63.95133610956281, 85.42813625294968, 27.43559812107084, 81.51394940862016, 65.24950256938011, 22.691610682703654, 48.92502853669085, 89.61760090360502, 82.77297195622911, 17.983326868366884, 88.15581301879615, 52.98247555489767, 64.3773473590545, 40.13726896027715, 86.36918226351061, 47.36452771951516, 38.944599737973824, 94.73991160118162, 64.32740671606246, 10.91259043483349, 105.42154476153975, 90.1348170886415, 44.28384807561715, 76.06863114902438, 63.03161563555959, 67.60231392313577, 38.79302834655307, 74.24412411886705, 40.37231467418049, 73.5324555691097, 66.76253265911663, 35.699972699978936, 100.34447541062242, 15.17491180312181, 103.52342251581537, 54.648520729239124, 62.266122720134184, 74.56925371183743, 51.98563535392601, 28.51140719798513, 44.981940474493136, 52.2342701370218, 89.70597471626608, 105.00597213065633, 65.69565800256892], [10.665483353549375, 52.37258675149334, 71.02515351576587, 68.66379720107906, 51.349945482842244, 34.07331304221283, 11.69935114371241, 43.62536197754852, 90.1745912702189, 84.16045481095782, 106.95433021333437, 37.87079629690735, 67.00317472593791, 11.459468858809137, 51.451133413243596, 22.38415222905568, 73.01767591075377, 13.801184656954618, 73.42713484771603, 76.71437854548951, 75.0182441596634, 14.842143298326384, 106.97377313390427, 0.0, 106.05092104911533, 51.5440337890821, 10.25904133446587, 70.64346747388588, 46.2922902774828, 57.81059323387857, 75.43619715735635, 59.5714421759298, 51.07385316957004, 57.10620973006395, 70.00959446511453, 97.82639039329834, 30.021503524354646, 47.91