instance_id,num_cities,city_coordinates,distance_matrix,best_route,total_distance
1302,27,"[[38.89370609040348, 43.03246935893971], [84.08531277296846, 97.1610257048819], [90.6305158430603, 75.11151336510301], [0.5144142294110421, 22.437483297388795], [32.67754443151498, 69.65914752442029], [42.31890197086173, 23.10713507239017], [73.8156023839924, 52.060627468486906], [93.30457529134777, 60.00656261026599], [73.17423139076806, 13.822532286450318], [35.076778902899555, 62.08679343794665], [40.13477269211529, 20.881874632101272], [76.769215001071, 71.14519340009929], [87.63396823156498, 80.28798470223826], [15.748666377135267, 97.89762954072751], [32.14636005029916, 70.25133914193896], [91.56958039922061, 47.01862022412116], [26.570121075220023, 82.66927906946448], [22.69630659260853, 53.00035771137015], [24.452952239047065, 22.087913327006714], [41.764046463274695, 17.81235258741353], [10.813516670377954, 2.130919569679768], [48.57677616232661, 63.61782451284357], [7.733959576411953, 88.82686923144941], [49.09873457587411, 74.48701805868016], [66.0936783141998, 45.27850504205032], [74.22091856551621, 32.83905876905868], [18.424795111582593, 39.23577224282735]]","[[0.0, 70.51370027624057, 60.874974724692635, 43.555981157892845, 27.34265268582249, 20.21758920470625, 36.070021896183576, 56.99703965037999, 45.03748259669634, 19.43286389759704, 22.185335090156453, 47.16862758504266, 61.3480772077161, 59.547280921146985, 28.042709406346262, 52.82648136037728, 41.50840194050844, 19.01879461736959, 25.440318377926125, 25.382930166266274, 49.612839195391985, 22.74903718468388, 55.390042990591034, 33.068583887031075, 27.292547797248574, 36.76843157813044, 20.81805047669906], [70.51370027624057, 0.0, 23.000449509755256, 112.10576645874193, 58.3019034792304, 85.02006697891612, 46.254868636229666, 38.28118244297019, 84.04972446226675, 60.26639329849276, 88.03498657796666, 27.024966551663542, 17.242171215966973, 68.34061622373714, 58.49603440271408, 50.697880520771186, 59.31279791557538, 75.62258047333113, 95.87486962154713, 89.92942514860677, 119.99782154759052, 48.84672474628012, 76.80486507421895, 41.691381323738995, 54.913521657485205, 65.07397101432456, 87.55934312341789], [60.874974724692635, 23.000449509755256, 0.0, 104.38134514182128, 58.20889269422699, 70.98216252374952, 28.532168779375287, 15.339821747302901, 63.726455013116706, 57.0601526215751, 74.09908092195268, 14.417605733856094, 5.981233408933406, 78.27195199946475, 58.68575442363729, 28.10858387167987, 64.50468200257684, 71.4420043869695, 84.79959956015843, 75.30687654838057, 108.15230199891514, 43.59612258638912, 84.0235087782587, 41.536476133792824, 38.62725438755682, 45.3457307845602, 80.62713505653471], [43.555981157892845, 112.10576645874193, 104.38134514182128, 0.0, 57.13451248385687, 41.80985085867759, 79.06070361092799, 100.10719110192542, 73.16875296766169, 52.59871525470324, 39.65088552646331, 90.48334467831766, 104.57770891699008, 76.98257016732103, 57.33013873294765, 94.31476861458336, 65.62597870633071, 37.76407871585477, 23.941090225864436, 41.50811960946147, 22.769014943932874, 63.291477603164346, 66.78077866960707, 71.20105513540248, 69.44315770644769, 74.43682928323274, 24.555330477085814], [27.34265268582249, 58.3019034792304, 58.20889269422699, 57.13451248385687, 0.0, 47.539937300500156, 44.7442479013837, 61.39062849005601, 68.97614990639039, 7.9433539805055915, 49.34402298295565, 44.11670597357508, 55.97482198849111, 32.9241367201232, 0.7955172900113547, 63.094099382249084, 14.372339505883204, 19.420102647313712, 48.276974219575685, 52.63700850554868, 70.97955537087543, 17.008326001116448, 31.457653772362622, 17.11618589676953, 41.36488524725604, 55.51189845781091, 33.596467473552536], [20.21758920470625, 85.02006697891612, 70.98216252374952, 41.80985085867759, 47.539937300500156, 0.0, 42.78255320624678, 62.937323080714755, 32.22196770067928, 39.64671629311824, 3.118045017858496, 59.11411942823635, 72.95961070759098, 79.36999106919772, 48.229208851865515, 54.74841045925504, 61.609034217614095, 35.758229949513286, 17.894998541100556, 5.323775558521894, 37.84958282132166, 40.99118134839571, 74.26440397905868, 51.82526898952712, 32.5086086522831, 33.35339565386691, 28.8281334737138], [36.070021896183576, 46.254868636229666, 28.532168779375287, 79.06070361092799, 44.7442479013837, 42.78255320624678, 0.0, 21.046566234447642, 38.24347369031008, 40.01525270126909, 45.896763689454794, 19.311770615089284, 31.428186888511007, 73.97837397641983, 45.46677630809906, 18.456044332885728, 56.29409433437567, 51.12793263115952, 57.74976036607562, 46.90678596182492, 80.38804970345919, 27.759091349853854, 75.62102914878412, 33.374639311128185, 10.277416793475698, 19.22584158037936, 56.85612053111233], [56.99703965037999, 38.28118244297019, 15.339821747302901, 100.10719110192542, 61.39062849005601, 62.937323080714755, 21.046566234447642, 0.0, 50.380506175570844, 58.264943426995764, 66.01340104728808, 19.93708192794232, 21.05924657957163, 86.31715913211198, 62.010343795647096, 13.103314645597303, 70.477557398327, 70.95501755139429, 78.60260784734133, 66.60913954803812, 100.7688682568661, 44.873346514997905, 90.29363403680378, 46.51709302348264, 30.941050305922634, 33.200289441379724, 77.70718893550348], [45.03748259669634, 84.04972446226675, 63.726455013116706, 73.16875296766169, 68.97614990639039, 32.22196770067928, 38.24347369031008, 50.380506175570844, 0.0, 61.488655787594155, 33.78520601466096, 57.43527996195884, 68.02014667979239, 101.81511427804388, 69.76744563092525, 37.952195186950014, 83.13734203658572, 63.89775345780275, 49.41740144853341, 31.662570698117822, 63.44724224390553, 55.53922876334422, 99.53933762938031, 65.26721520712405, 32.24302178566937, 19.045310013374092, 60.360032620675305], [19.43286389759704, 60.26639329849276, 57.0601526215751, 52.59871525470324, 7.9433539805055915, 39.64671629311824, 40.01525270126909, 58.264943426995764, 61.488655787594155, 0.0, 41.51419799259111, 42.66513609112757, 55.61961446799598, 40.6938805742195, 8.674512159438995, 58.46782418479914, 22.271101054255475, 15.357063809175525, 41.385699258474894, 44.776619569273, 64.6793066248521, 13.586536797758212, 38.244756793098, 18.71846178347753, 35.27841560912765, 48.8640323058598, 28.274683620618543], [22.185335090156453, 88.03498657796666, 74.09908092195268, 39.65088552646331, 49.34402298295565, 3.118045017858496, 45.896763689454794, 66.01340104728808, 33.78520601466096, 41.51419799259111, 0.0, 62.197134796239496, 76.06089330635099, 80.78433440557083, 50.01158628282101, 57.69461772131671, 63.25885804054662, 36.54718942978964, 15.728128371038881, 3.4751256961744588, 34.80422920343472, 43.56178181388334, 75.27506214985266, 54.34946195168426, 35.62387340612951, 36.1225634885991, 28.428659554264055], [47.16862758504266, 27.024966551663542, 14.417605733856094, 90.48334467831766, 44.11670597357508, 59.11411942823635, 19.311770615089284, 19.93708192794232, 57.43527996195884, 42.66513609112757, 62.197134796239496, 0.0, 14.199770968364149, 66.62732317769112, 44.63180658893896, 28.304458114130565, 51.504888908639316, 57.03608056240322, 71.71895201099203, 63.79462150926835, 95.46268451405248, 29.180042666883967, 71.26365238852742, 27.871549634168236, 27.983077925152532, 38.39080313167295, 66.50024429152937], [61.3480772077161, 17.242171215966973, 5.981233408933406, 104.57770891699008, 55.97482198849111, 72.95961070759098, 31.428186888511007, 21.05924657957163, 68.02014667979239, 55.61961446799598, 76.06089330635099, 14.199770968364149, 0.0, 74.01078444416197, 56.38802103089586, 33.50133812121539, 61.11026094197963, 70.4380187535705, 85.90162448946383, 77.5064792851281, 109.58972857069988, 42.46596864635794, 80.35498697714243, 38.96941681496355, 41.1053251513871, 49.30832053067973, 80.468588851578], [59.547280921146985, 68.34061622373714, 78.27195199946475, 76.98257016732103, 32.9241367201232, 79.36999106919772, 73.97837397641983, 86.31715913211198, 101.81511427804388, 40.6938805742195, 80.78433440557083, 66.62732317769112, 74.01078444416197, 0.0, 32.14345548650716, 91.30982746771441, 18.681716726744295, 45.43164890561278, 76.30778246529484, 84.20481925469173, 95.89378729253987, 47.46356312813349, 12.104305750018689, 40.74657996475163, 72.82439488214413, 87.47354975553388, 58.722867493358464], [28.042709406346262, 58.49603440271408, 58.68575442363729, 57.33013873294765, 0.7955172900113547, 48.229208851865515, 45.46677630809906, 62.010343795647096, 69.76744563092525, 8.674512159438995, 50.01158628282101, 44.63180658893896, 56.38802103089586, 32.14345548650716, 0.0, 63.8034352127752, 13.612482255298783, 19.66977047835181, 48.77401059971095, 53.31366806742932, 71.3826433341669, 17.718975420401534, 30.675977816587302, 17.47352219619984, 42.14336080916095, 56.30228411840346, 33.91528762137634], [52.82648136037728, 50.697880520771186, 28.10858387167987, 94.31476861458336, 63.094099382249084, 54.74841045925504, 18.456044332885728, 13.103314645597303, 37.952195186950014, 58.46782418479914, 57.69461772131671, 28.304458114130565, 33.50133812121539, 91.30982746771441, 63.8034352127752, 0.0, 74.13433205013358, 69.13254680833708, 71.597359741689, 57.7373127181345, 92.39289744899028, 46.085950127675915, 93.68212745131545, 50.579498065402696, 25.535261657019316, 22.40616054745045, 73.55768034321498], [41.50840194050844, 59.31279791557538, 64.50468200257684, 65.62597870633071, 14.372339505883204, 61.609034217614095, 56.29409433437567, 70.477557398327, 83.13734203658572, 22.271101054255475, 63.25885804054662, 51.504888908639316, 61.11026094197963, 18.681716726744295, 13.612482255298783, 74.13433205013358, 0.0, 29.920750879589846, 60.618349359763144, 66.61288374928633, 82.06520537528223, 29.10757270618534, 19.817085976806805, 23.968475577525886, 54.407550571515905, 68.9467138930362, 44.19067605630672], [19.01879461736959, 75.62258047333113, 71.4420043869695, 37.76407871585477, 19.420102647313712, 35.758229949513286, 51.12793263115952, 70.95501755139429, 63.89775345780275, 15.357063809175525, 36.54718942978964, 57.03608056240322, 70.4380187535705, 45.43164890561278, 19.66977047835181, 69.13254680833708, 29.920750879589846, 0.0, 30.96231615599056, 40.022173958681826, 52.238878559815284, 27.973725286945495, 38.82538803323745, 34.04063419344872, 44.079007259563504, 55.328687080030654, 14.412134590453835], [25.440318377926125, 95.87486962154713, 84.79959956015843, 23.941090225864436, 48.276974219575685, 17.894998541100556, 57.74976036607562, 78.60260784734133, 49.41740144853341, 41.385699258474894, 15.728128371038881, 71.71895201099203, 85.90162448946383, 76.30778246529484, 48.77401059971095, 71.597359741689, 60.618349359763144, 30.96231615599056, 0.0, 17.831275974479166, 24.172625063527185, 48.02803768409544, 68.8012568988997, 57.90579214271349, 47.662916530146944, 50.91598570771975, 18.176571286969665], [25.382930166266274, 89.92942514860677, 75.30687654838057, 41.50811960946147, 52.63700850554868, 5.323775558521894, 46.90678596182492, 66.60913954803812, 31.662570698117822, 44.776619569273, 3.4751256961744588, 63.79462150926835, 77.5064792851281, 84.20481925469173, 53.31366806742932, 57.7373127181345, 66.61288374928633, 40.022173958681826, 17.831275974479166, 0.0, 34.69643549344312, 46.309335390002126, 78.74711669460335, 57.147312762623315, 36.69224055114242, 35.76661076102622, 31.680965316565608], [49.612839195391985, 119.99782154759052, 108.15230199891514, 22.769014943932874, 70.97955537087543, 37.84958282132166, 80.38804970345919, 100.7688682568661, 63.44724224390553, 64.6793066248521, 34.80422920343472, 95.46268451405248, 109.58972857069988, 95.89378729253987, 71.3826433341669, 92.39289744899028, 82.06520537528223, 52.238878559815284, 24.172625063527185, 34.69643549344312, 0.0, 72.15748919513422, 86.75062743087852, 81.8606309444366, 70.12567577900833, 70.4520292694257, 37.87745571452145], [22.74903718468388, 48.84672474628012, 43.59612258638912, 63.291477603164346, 17.008326001116448, 40.99118134839571, 27.759091349853854, 44.873346514997905, 55.53922876334422, 13.586536797758212, 43.56178181388334, 29.180042666883967, 42.46596864635794, 47.46356312813349, 17.718975420401534, 46.085950127675915, 29.10757270618534, 27.973725286945495, 48.02803768409544, 46.309335390002126, 72.15748919513422, 0.0, 47.99616237049931, 10.88171902423183, 25.360845799186514, 40.061882885179685, 38.776622263707154], [55.390042990591034, 76.80486507421895, 84.0235087782587, 66.78077866960707, 31.457653772362622, 74.26440397905868, 75.62102914878412, 90.29363403680378, 99.53933762938031, 38.244756793098, 75.27506214985266, 71.26365238852742, 80.35498697714243, 12.104305750018689, 30.675977816587302, 93.68212745131545, 19.817085976806805, 38.82538803323745, 68.8012568988997, 78.74711669460335, 86.75062743087852, 47.99616237049931, 0.0, 43.779857724909306, 72.81700896580581, 86.92036951136035, 50.73037418524514], [33.068583887031075, 41.691381323738995, 41.536476133792824, 71.20105513540248, 17.11618589676953, 51.82526898952712, 33.374639311128185, 46.51709302348264, 65.26721520712405, 18.71846178347753, 54.34946195168426, 27.871549634168236, 38.96941681496355, 40.74657996475163, 17.47352219619984, 50.579498065402696, 23.968475577525886, 34.04063419344872, 57.90579214271349, 57.147312762623315, 81.8606309444366, 10.88171902423183, 43.779857724909306, 0.0, 33.79297775147214, 48.63822202136298, 46.72837354144376], [27.292547797248574, 54.913521657485205, 38.62725438755682, 69.44315770644769, 41.36488524725604, 32.5086086522831, 10.277416793475698, 30.941050305922634, 32.24302178566937, 35.27841560912765, 35.62387340612951, 27.983077925152532, 41.1053251513871, 72.82439488214413, 42.14336080916095, 25.535261657019316, 54.407550571515905, 44.079007259563504, 47.662916530146944, 36.69224055114242, 70.12567577900833, 25.360845799186514, 72.81700896580581, 33.79297775147214, 0.0, 14.859066514463928, 48.05035947282357], [36.76843157813044, 65.07397101432456, 45.3457307845602, 74.43682928323274, 55.51189845781091, 33.35339565386691, 19.22584158037936, 33.200289441379724, 19.045310013374092, 48.8640323058598, 36.1225634885991, 38.39080313167295, 49.30832053067973, 87.47354975553388, 56.30228411840346, 22.40616054745045, 68.9467138930362, 55.328687080030654, 50.91598570771975, 35.76661076102622, 70.4520292694257, 40.061882885179685, 86.92036951136035, 48.63822202136298, 14.859066514463928, 0.0, 56.16160018867068], [20.81805047669906, 87.55934312341789, 80.62713505653471, 24.555330477085814, 33.596467473552536, 28.8281334737138, 56.85612053111233, 77.70718893550348, 60.360032620675305, 28.274683620618543, 28.428659554264055, 66.50024429152937, 80.468588851578, 58.722867493358464, 33.91528762137634, 73.55768034321498, 44.19067605630672, 14.412134590453835, 18.176571286969665, 31.680965316565608, 37.87745571452145, 38.776622263707154, 50.73037418524514, 46.72837354144376, 48.05035947282357, 56.16160018867068, 0.0]]",Route_2,1378.460447742826
