instance_id,num_cities,city_coordinates,distance_matrix,best_route,total_distance
1418,96,"[[33.740317277459894, 55.41843828715317], [50.68734923938697, 68.4324348579166], [5.116937050693393, 54.24271879834105], [43.28673445690815, 97.3367304801004], [26.954769572268088, 57.975466384075546], [56.42720204839795, 92.57985700822914], [26.113400750333284, 35.05812102146606], [30.870638922020454, 19.554960411676902], [43.317567812032785, 15.131167892727436], [64.00350478480247, 1.2928186237461503], [46.4617137566718, 18.911831715942697], [73.14086266599546, 80.1556723823267], [63.316301593080325, 42.37120730801605], [94.03868702631893, 24.998144695431147], [11.202715040112466, 77.95674027647107], [96.38928865108528, 42.86555068034893], [32.94222900796646, 46.02427465620159], [83.36839889008738, 29.826451514071007], [41.47250556780266, 16.086340104832864], [74.77213977046026, 23.40213611806704], [62.99153003333833, 95.01346723114101], [41.58831162045856, 98.3609074453486], [53.84374574939342, 8.398549750651352], [94.38886850166597, 90.96717090417232], [96.0819824250687, 63.936884875400835], [51.74810520180244, 8.101106437467232], [61.90004272748282, 19.641396578283654], [85.19937733053929, 23.72956392979333], [70.79212491728443, 27.225768980209796], [84.81271898617605, 61.67895430350999], [9.843634483665497, 29.32899641645561], [98.95614986539779, 59.4941081757942], [80.84513991608527, 71.97278491770597], [62.516772530570655, 25.968204943817174], [78.39649004118479, 65.6818077335186], [98.75529865243615, 5.632716656344982], [49.25100615026856, 57.39201340598862], [25.818858696600877, 26.049676388008546], [27.929433237094827, 56.29994218615988], [32.29141546919474, 29.833627245539063], [94.44866948054758, 19.272555960551607], [65.75736568939081, 18.967563101864947], [4.258455649144121, 49.69556544941324], [82.37467633345886, 7.555402965604074], [18.336528365624694, 86.73929807676777], [29.604467423365833, 4.168021097118546], [98.92545211664277, 86.07956539934112], [43.44967935009263, 12.789658247475376], [52.08823950588688, 17.356403389810538], [7.966668521828835, 51.00323278597955], [77.99473354011106, 79.70480389374899], [77.93825707756628, 12.557854991033878], [25.504985677942095, 41.39305864865845], [65.8804905903497, 48.4931888392344], [5.644833096283031, 52.92795514035939], [73.34123613857186, 30.635082153626925], [96.39705226219698, 99.83121217586472], [47.71828340389227, 47.12755454087431], [76.3133150631231, 47.79843722067781], [99.69344329489019, 36.94044272890602], [57.702596088728576, 32.240694393115646], [33.6122645721075, 13.583074431773213], [65.08381953099378, 53.379002025784786], [22.429283107296726, 31.366891966663847], [63.157249298121556, 95.90649655199151], [73.99121921141708, 54.51041642312339], [75.24736859922399, 33.756404666491534], [58.33386818372966, 81.05186380883829], [7.136074830221695, 14.98303917626621], [68.795407177615, 24.812353126278463], [46.1950446374299, 94.51514941960365], [7.167381629424607, 60.37801453742784], [53.9796965262223, 93.02278813620481], [71.69060787045758, 52.73505974844519], [98.23393370326492, 35.43490560212717], [24.045257267561993, 2.072720915497206], [3.642930209619988, 67.80262347474147], [89.45602961285697, 67.4005722016529], [50.20224633224547, 55.78305981817325], [93.94359519674794, 52.00523946775927], [74.82223341885528, 57.80661198092758], [84.59056910513432, 61.62718985745648], [95.89802216669283, 30.641607683054815], [42.94401264280805, 59.668876759637044], [28.06385187322332, 4.377167491732559], [65.14550701438657, 89.41098005889503], [74.25968431509537, 90.68458874542135], [27.69755030217713, 53.26510620659247], [66.19984637992454, 46.394872934892184], [58.887136385165704, 53.29156885861068], [29.37696859702562, 96.85758607265969], [81.71810278346084, 88.86630997783287], [18.644917623977875, 17.72807220202025], [79.18203797475772, 2.6464099213802217], [73.68917581363387, 41.4592747055625], [10.716398937585037, 86.9842241618904]]","[[0.0, 21.36740506150478, 28.647516679852377, 42.99159570587448, 7.251348174504121, 43.53924415941274, 21.74194965662449, 35.97810583102525, 41.409997387533714, 62.01163779527492, 38.659620429156476, 46.52240027764546, 32.32598156995053, 67.5373056656592, 31.87347755063101, 63.894198495969825, 9.428003776568845, 55.838125609150126, 40.08491840057802, 52.04473135370496, 49.228038400538566, 43.65371315948169, 51.137244297196965, 70.29906938410686, 62.92095950995512, 50.62815737612224, 45.5298457152982, 60.433596778472236, 46.55816847803644, 51.45468178006286, 35.37951986208598, 65.3430631756663, 49.92905675236464, 41.175242815449494, 45.820415955076534, 81.88751969310606, 15.635743284499041, 30.418311615487703, 5.877365264685656, 25.62580481633881, 70.6542909976646, 48.51554071414014, 30.032173391016833, 68.23614167711774, 34.90376728665651, 51.417025547654994, 72.03614731363831, 43.72052835372316, 42.25357677909568, 26.149091949745333, 50.4805003256232, 61.566934981834265, 16.26443852575055, 32.87780133309545, 28.205650811126898, 46.716672782696826, 76.80078725792721, 16.251839598211706, 43.24956134703761, 68.49270874568798, 33.33764565542339, 41.83555983140873, 31.409782453583915, 26.578494585006926, 50.04636601757587, 40.261142683766366, 46.819643420366134, 35.5234464847523, 48.402553831881114, 46.535919210677164, 41.03258528274159, 27.03180174418481, 42.70503014804116, 38.04504010347429, 67.5186502993978, 54.21955136749214, 32.54567177170965, 56.9895791718602, 16.46596663016408, 60.2999552106612, 41.1512722457068, 51.22788993311798, 66.91391194573185, 10.1377628491942, 51.35594983930248, 46.27935650499021, 53.71704080900054, 6.414972468120177, 33.69044020520174, 25.236602085101445, 41.668234674582706, 58.4861353031298, 40.600921003465956, 69.64077080108441, 42.317485112431335, 39.070444758295054], [21.36740506150478, 0.0, 47.72850834562932, 29.836678846232825, 25.93421537889763, 24.82023180340014, 41.445431212578285, 52.74191422431722, 53.8083519389076, 68.44741095601341, 49.700564692744265, 25.329716999063066, 28.959938172578212, 61.366734065254406, 40.6170990046855, 52.367287809659416, 28.58347312090142, 50.58134988527717, 53.150982867587295, 51.066671514068496, 29.290683621872763, 31.281079856797508, 60.11680463897516, 49.169473400736756, 45.61669312552034, 60.340652898256934, 50.06285960332864, 56.475009979467345, 45.84965995310701, 34.78721546709101, 56.5445659015247, 49.08941635169361, 30.364887897790794, 44.08113062977736, 27.845330552021302, 79.0843370521133, 11.133462503006413, 49.14000445050045, 25.789922822637827, 42.75837144203032, 65.81600749402082, 51.709563270695135, 50.067079356053945, 68.6301661835693, 37.17145211207088, 67.63433138345766, 51.36473289663631, 56.11151801854824, 51.095239348394635, 46.13928527660521, 29.54250397355351, 62.16575144969776, 36.9496860653319, 25.06800901355885, 47.6363007780193, 44.06629622618102, 55.45502833373706, 21.51077119163788, 32.90063803169884, 58.2524061548576, 36.86537353979623, 57.445720950752694, 20.82940702201149, 46.60871990678229, 30.171550729862442, 27.14577228542243, 42.49260666036143, 14.755312230296997, 68.9460035201174, 47.22936896221476, 26.466748941704303, 44.25902470085932, 24.80977680286849, 26.221068979946164, 57.87499141397223, 71.50813030107075, 47.04863466910255, 38.78240991018569, 12.658673458407849, 46.27046101683139, 26.37045214192379, 34.57946900664459, 58.92496555026654, 11.694409441687924, 67.93305462313715, 25.478180566835547, 32.41625107187235, 27.542307702707348, 26.949799684716062, 17.218662330303605, 35.52635000535996, 37.15441989762976, 59.980411937305206, 71.69203835208098, 35.44905350437828, 44.06637895729755], [28.647516679852377, 47.72850834562932, 0.0, 57.56758877058417, 22.154555598773634, 64.05060077984224, 28.44117226400439, 43.202936728523255, 54.671762408089556, 79.1916648897053, 54.384392456810595, 72.79241457433558, 59.39780145933487, 93.60727927457484, 24.482473494353247, 91.9787047150079, 29.01361226433123, 81.97222327166105, 52.70328829593684, 76.17735100402635, 70.7935197647177, 57.24138129448886, 66.90283791912611, 96.53063310400819, 91.48014175705991, 65.60117555652604, 66.49490649423964, 85.69859894541487, 71.01511021456946, 80.04195935130736, 25.358139354939368, 93.98603594192602, 77.77606285881922, 63.98585192702086, 74.16701181895586, 105.50391021997049, 44.24628924341377, 34.97738126538492, 22.90506822347335, 36.52746949558188, 95.93263630183719, 70.15410319358081, 4.6274824576081794, 90.26884146121239, 35.08254921371706, 55.74149705220854, 99.0637284800752, 56.46021042491683, 59.723559160140994, 4.314538107592237, 77.19773959487915, 83.90811951825631, 24.099508144138515, 61.03496156726358, 1.4167842853795722, 72.19332028644439, 102.03122150331185, 43.19143750230992, 71.48743251188277, 96.14616108062525, 57.00298776724449, 49.65068348541067, 59.97310231319831, 28.688338732252724, 71.44612111573684, 68.87480239661886, 73.06138854341569, 59.58835469630114, 39.311567781006616, 70.15050948707763, 57.526338237818585, 6.468862092864919, 62.38159216798583, 66.59074021385446, 94.99741524283013, 55.49765747604351, 13.639784125879597, 85.35930904354979, 45.111614507470065, 88.85483392112563, 69.79634429101691, 79.81596710400478, 93.79881588119555, 38.21427531790302, 54.89202225264112, 69.57180328248354, 78.15836093796287, 22.601765886598958, 61.58498596914287, 53.77861120070632, 49.03647666214231, 84.06266506472114, 38.94002663642341, 90.26526610285144, 69.7536262271354, 33.216865398379824], [42.99159570587448, 29.836678846232825, 57.56758877058417, 0.0, 42.615046500386825, 13.974968112678695, 64.60300756697384, 78.76651054419358, 82.20556836980255, 98.2528247812238, 78.48914090319954, 34.44499569580025, 58.501216203112996, 88.36646243306151, 37.48290706749, 76.07227281159918, 52.34478881094804, 78.51227668209026, 81.27064268599966, 80.35953578286194, 19.84128324561866, 1.983325134091352, 89.56255064977663, 51.49756686601507, 62.47309736548469, 89.63588228583865, 79.89380548509527, 84.70350996397485, 75.31330179202676, 54.734672676328444, 75.78583527475128, 67.31380151788603, 45.32067469850879, 73.91387421545174, 47.2729211206554, 107.17456678382673, 40.387534697763584, 73.39598602584722, 43.81626061449988, 68.39273342934479, 93.33573237930732, 81.52702413030977, 61.58642019291048, 97.92116201521438, 27.107533224930712, 94.16800326686177, 56.76610492604836, 84.54722925174384, 80.46315437886432, 58.260621917633635, 38.92980908643272, 91.58703919835288, 58.70166102950011, 53.81606986988587, 58.21556548912516, 73.1599819628304, 53.168865855021615, 50.4043646380517, 59.53820223684426, 82.64035561429992, 66.67316537277809, 84.31055846697618, 49.065209757936174, 69.18853134942455, 19.92192081963976, 52.695906479979044, 71.16136567930398, 22.172350256425975, 89.9388718119799, 76.87963120704791, 4.0521090541939335, 51.677406405579234, 11.530374510927496, 52.878058369686094, 82.77095280496712, 97.18778710698653, 49.43576328733374, 55.025243185917674, 42.1251925808991, 67.97839081220948, 50.56795391685938, 54.600165275649715, 84.9481430014496, 37.66941281926339, 94.19775212363076, 23.2513108761379, 31.67924577031528, 46.74752109700974, 55.85770804600707, 46.726318093621856, 13.918015865773945, 39.35375579200022, 83.33521230346645, 101.26563890161226, 63.61288001878696, 34.17603170220116], [7.251348174504121, 25.93421537889763, 22.154555598773634, 42.615046500386825, 0.0, 45.45424211808007, 22.93278482791923, 38.6195457241466, 45.86256730113329, 67.71655143294038, 43.663353340058435, 51.23589301834512, 39.5683448252936, 74.75129247536955, 25.443634338414224, 71.05956650782745, 13.367148320061998, 63.04652735052151, 44.33354890908667, 59.006915343487115, 51.676509279127764, 42.954911274378375, 56.39935906312682, 75.0720338445762, 69.38378821616125, 55.697049039626734, 51.87169771434031, 67.56638341529816, 53.54677967977664, 57.976358398503514, 33.36781661460872, 72.01739398928179, 55.67851418568642, 47.844757699369445, 52.0157505165147, 88.85425946600364, 22.30386923652048, 31.94599130392467, 1.938388660030392, 28.643374443812444, 77.80322486941122, 55.020523297246484, 24.15945829659292, 74.92362017776347, 30.027189264754895, 53.87264674221031, 77.26331294581543, 48.10238357437409, 47.76609246564124, 20.227704339546566, 55.4728945562426, 68.27939237319151, 16.645663688897105, 40.06401557775904, 21.899560780206517, 53.844228013552026, 81.08103403987195, 23.426495640490376, 50.39680481504211, 75.71913149990309, 40.09622581881049, 44.888826036328055, 38.40510298582776, 26.990669874450603, 52.43455528466111, 47.163907449320746, 54.02534656305765, 38.9508401420743, 47.34056884425029, 53.38942813115202, 41.29572158129638, 19.932710784781985, 44.25676715332734, 45.04172609868006, 74.75825118057735, 55.97840845161545, 25.298515192685418, 63.207911896643466, 23.350627877123564, 67.25434088576941, 47.867761666008505, 57.751367707776275, 74.16408773649158, 16.078667005348095, 53.60977250187906, 49.464370473832915, 57.5120999831831, 4.768565425192633, 40.9180424540828, 32.27405996001279, 38.95749324061956, 62.87500999867996, 41.09630613386367, 76.08542602783939, 49.56701841239184, 33.24443876321678], [43.53924415941274, 24.82023180340014, 64.05060077984224, 13.974968112678695, 45.45424211808007, 0.0, 65.02058643283235, 77.36778038543994, 78.5503784556186, 91.60089377382583, 74.33901336012933, 20.82562879863992, 50.67907060370436, 77.342818938633, 47.5298828960603, 63.78464250352896, 52.14370726028418, 68.29215173339387, 77.94165173433844, 71.56880470975825, 7.0009185547992585, 15.925238249047025, 84.2209400211348, 37.995906047617716, 48.917496453967985, 84.60823390957185, 73.14349591719942, 74.62037876781899, 66.91418258488375, 41.95954432297146, 78.55380406229837, 53.88300453968825, 31.951324070439675, 66.88942412226038, 34.729737541403395, 96.70301431439991, 35.91214453279097, 73.23343236596709, 46.13409852505066, 67.22816034392983, 82.58082327386205, 74.20122483978716, 67.53251486040772, 88.89560847994888, 38.535847599856794, 92.39108085707215, 42.992499925727174, 80.8386783270584, 75.34848751121477, 63.85169528992853, 25.118228586958946, 82.86281611982488, 59.80193802515632, 45.088789898382174, 64.4292039228167, 64.2124573660822, 40.62229779173902, 46.279121248577404, 48.99829638899004, 70.4819980771389, 60.352640166369035, 82.22537947300027, 40.14528686651293, 70.02060826289346, 7.507334189819696, 41.92585127777046, 61.760806458477425, 11.684605383016681, 91.92867539612043, 68.88691516179681, 10.413568168517077, 58.85141091107168, 2.4872618006977305, 42.66824845200668, 70.80500182097174, 96.12560549352816, 58.3102963045378, 41.531913435976534, 37.31962428956332, 55.26101106039381, 39.33898510191718, 41.84785356167009, 73.44584651481831, 35.565840598392036, 92.65092590526591, 9.27634748163321, 17.932915702140697, 48.69335190818065, 47.207598234658235, 39.36522402665402, 27.38638522555353, 25.56208308291344, 83.84682883092705, 92.76749141244797, 53.956368236153615, 46.052020889278346], [21.74194965662449, 41.445431212578285, 28.44117226400439, 64.60300756697384, 22.93278482791923, 65.02058643283235, 0.0, 16.21663664003962, 26.326162372852824, 50.75190272051254, 25.976075541574463, 65.15651397193162, 37.91486597826496, 68.6662044921298, 45.416077355214966, 70.7082483032741, 12.918568841511537, 57.49352292056777, 24.4096409630035, 50.03533618451157, 70.389203423082, 65.16682925742214, 38.466930916184985, 88.24602742021992, 75.69402501720629, 37.199713810674645, 38.96612806730609, 60.16218774459537, 45.360049952404985, 64.45369443238394, 17.249004699162708, 76.83217793897764, 66.01708629347608, 37.52108808748598, 60.59151436986119, 78.37537721038683, 32.15822651650039, 9.013258552570559, 21.31930909729037, 8.090933263917623, 70.13482028723655, 42.78492737230321, 26.303866726343376, 62.6237225873761, 52.263025227300865, 31.086746691343123, 88.90884438892843, 28.22110894357418, 31.433152172314394, 24.156789516735632, 68.44705240944911, 56.4984752429529, 6.364087023346774, 41.975260351926, 27.171551910871717, 47.43449913601888, 95.57899877869163, 24.747569172617126, 51.79138011162994, 73.60411534601243, 31.714588992030667, 22.74666095599511, 43.06214370783767, 5.215160087931076, 71.23743061014571, 51.67859612050075, 49.15120814430337, 56.15677071571613, 27.625130048012654, 43.894526223899206, 62.75675778069725, 31.62354578774304, 64.31510766524306, 48.88513037343854, 72.12151717785146, 33.05017152173615, 39.713026669263364, 71.12188678288975, 31.77728071431647, 69.91523512276214, 53.759131511425835, 64.23001352644526, 69.92423740229843, 29.81541203268922, 30.742888105648916, 66.91590696501821, 73.56880135317361, 18.275771921700592, 41.65867337254928, 37.50435131410432, 61.88557792978641, 77.37702557579333, 18.87084609372432, 62.18359328064754, 48.004470014376736, 54.16075933895092], [35.97810583102525, 52.74191422431722, 43.202936728523255, 78.76651054419358, 38.6195457241466, 77.36778038543994, 16.21663664003962, 0.0, 13.209692617307068, 37.832428192802965, 15.604333661485684, 73.8865218203927, 39.66487298100063, 63.40213369007289, 61.62463079970868, 69.54190881039861, 26.550255781434338, 53.49316153613779, 11.154860071197673, 44.06974628542124, 82.01059624955943, 79.53141389378611, 25.538777107358428, 95.5733712723216, 78.88139540206075, 23.813008401416912, 31.029524194440043, 54.48888998314005, 40.651769311619574, 68.4410612355402, 23.187641007081975, 78.93524133455696, 72.42291816511295, 32.289432912320365, 66.22984650785074, 69.29758940899173, 42.065193197459706, 8.22811151231908, 36.862506378271746, 10.376396189358735, 63.57865775537436, 34.891671501100795, 40.20776505340699, 52.88341184700973, 68.3435377701279, 15.438947235284758, 95.16817045483063, 14.282911869224149, 21.3312031426942, 38.90482869029474, 76.4112816571776, 47.584873259302256, 22.487613687177777, 45.42147926217191, 41.83417331223932, 43.89214879391276, 103.62426087811161, 32.31239810971939, 53.504493242397054, 70.98474059365847, 29.67965249196643, 6.5711439918925425, 48.11036809768899, 14.518202886392874, 82.89742022864118, 55.50917356133552, 46.59372442471415, 67.3505611626288, 24.17089151046155, 38.287442137025785, 76.51057016278584, 47.20557334079302, 77.01655830998443, 52.60407642901054, 69.20972578356702, 18.767379479586474, 55.400226649124214, 75.64027082153424, 41.0631980204909, 70.93108221401462, 58.26604076638088, 68.23418050667092, 65.96570563080067, 41.89143871691385, 15.435136910892885, 77.811503414994, 83.31886513280733, 33.85915564369323, 44.368162051830296, 43.85296888015848, 77.31705494340692, 85.96236246068598, 12.361463577909957, 51.184864541344005, 48.09600904673672, 70.37683567230108], [41.409997387533714, 53.8083519389076, 54.671762408089556, 82.20556836980255, 45.86256730113329, 78.5503784556186, 26.326162372852824, 13.209692617307068, 0.0, 24.887906680388266, 4.91722204759543, 71.53750834397513, 33.79303330853401, 51.67193789258266, 70.55789334941292, 59.881579316419455, 32.588827852480016, 42.66169746686824, 2.077644974451089, 32.5238222303663, 82.2693535715291, 83.24770190806021, 12.495141816561741, 91.42962926143146, 71.87545797870906, 10.977054465795428, 19.121990920909465, 42.75533163191104, 30.018838478446547, 62.358191047438474, 36.360453067325324, 71.15983616807993, 68.11231969357077, 22.046560590509774, 61.529651169759425, 56.24555606110536, 42.67534128755591, 20.625679345612486, 43.95068443744631, 18.377658896294463, 51.29854435521843, 22.76537847208728, 52.15660860724885, 39.78504669201089, 75.84046835481348, 17.55675681701285, 90.14384008678218, 2.3452336508964233, 9.048555408398194, 50.36358923202191, 73.29570443978987, 34.716193116622804, 31.73286921096455, 40.275425831832756, 53.36508284642694, 33.79041309589671, 99.95763688213442, 32.29760140100417, 46.431345252993495, 60.447363923819, 22.35318625137866, 9.827995947432695, 44.00757355004976, 26.455985600825926, 83.17611845645108, 49.91591033918586, 36.96500538602004, 67.60937380953457, 36.18179620347068, 27.25519484914275, 79.43611518660842, 57.91470532020577, 78.61797181861179, 47.10713411844849, 58.54954318926652, 23.279712008090936, 65.94208900247902, 69.71978402258594, 41.230754485514865, 62.63139630631349, 53.04467440867933, 62.171864169292256, 54.82041519937494, 44.53927541595231, 18.6634502321111, 77.42060078081798, 81.64394635386866, 41.20900627695189, 38.74297259403408, 41.2144109193674, 82.9068618088673, 83.13526486637639, 24.808941519011842, 37.97537888759116, 40.19457402375314, 78.90309187351126], [62.01163779527492, 68.44741095601341, 79.1916648897053, 98.2528247812238, 67.71655143294038, 91.60089377382583, 50.75190272051254, 37.832428192802965, 24.887906680388266, 0.0, 24.86250298778462, 79.39043400811121, 41.084136416902645, 38.262967167301774, 93.08748724097191, 52.698491888133496, 54.458296077532154, 34.484305555262765, 26.953556417063407, 24.592385397090226, 93.72611198747329, 99.62256146111358, 12.398069144243605, 94.68241539546854, 70.3797397285523, 14.019543569369882, 18.468753763595505, 30.865394099274837, 26.806776708398704, 63.87103238568714, 60.98621824855509, 67.89018709394902, 72.65877998707764, 24.720134765824426, 65.97802621455747, 35.021734565150496, 58.00651576485098, 45.50790264603642, 65.78086561181588, 42.66420473355727, 35.35787052484298, 17.761548931313236, 76.89146114161088, 19.409273729561498, 96.88433096319233, 34.51898840719989, 91.69697287389965, 23.550733774858813, 20.000307552721967, 74.90829256193264, 79.65044831051812, 17.918659710396902, 55.589254568458394, 47.23767589745897, 77.9225377175159, 30.792233694425924, 103.7263559660823, 48.641869331041676, 48.10721349414788, 50.44328315243386, 31.58278748040754, 32.782279809257794, 52.09738555188392, 51.31145871562785, 94.61746244461685, 54.146718783356455, 34.355623880698055, 79.96030307612517, 58.492108257574316, 24.00272550686797, 94.90808296363822, 81.98417695806567, 92.27602093047454, 52.01341870884056, 48.34670999335162, 39.96585783182608, 89.81621849289607, 70.83830957356318, 56.210863009752096, 58.89107438089209, 57.54001849908877, 63.75000838820849, 43.342953963377965, 62.058572113477105, 36.0717598592615, 88.1255612396502, 89.9782072728948, 63.397484236273485, 45.15550043447675, 52.249854081984054, 101.64458562032875, 89.34720684049597, 48.24436743712465, 15.238768952891295, 41.317749423839935, 100.90853597528432], [38.659620429156476, 49.700564692744265, 54.384392456810595, 78.48914090319954, 43.663353340058435, 74.33901336012933, 25.976075541574463, 15.604333661485684, 4.91722204759543, 24.86250298778462, 0.0, 66.8025823310394, 28.88631915466519, 47.964691088184935, 68.77134735786036, 55.37637932424819, 30.296221382530046, 38.48678127454637, 5.733724897161607, 28.664316749330123, 77.8761436784619, 79.598402513104, 12.846147049729963, 86.53891649126095, 67.00318257169522, 12.034023249014389, 15.455557780272619, 39.036100251517375, 25.711679448815328, 57.444115247198916, 38.071000118749, 66.35199307509106, 63.227246888818044, 17.53731209063722, 56.63268131588436, 53.95325678785803, 38.5811422194305, 21.842076174064463, 41.729081295775686, 17.89086278373367, 47.988311510469536, 19.295732416677524, 52.23746986085575, 37.665758388796924, 73.4274556702711, 22.39523845609841, 85.22879965638039, 6.823002216357686, 5.837563642849185, 50.1171281127577, 68.48442744795565, 32.11145900847281, 30.73418318690253, 35.38566917513227, 53.13298786695106, 29.324790268708313, 95.08671918664034, 28.243689238689807, 41.53978909606449, 56.201849121597185, 17.43605505468712, 13.910571467063798, 39.176123501920095, 27.068177788061693, 78.78400421552146, 45.001476683961926, 32.38788771745874, 63.26398374467106, 39.52140290770743, 23.100000318928842, 75.60378800179163, 57.126953840645484, 74.4913010119252, 42.19606442244676, 54.34496047332012, 28.036639849986177, 64.9904434763412, 64.80485436934464, 37.060478217578954, 57.876616190975085, 48.13650389642514, 57.25741376749186, 50.808820429619864, 40.90856807345141, 23.44648771123258, 72.9329421289079, 76.9678882312589, 39.14385390296824, 33.836539924992195, 36.55622318423544, 79.79617246088762, 78.33672188764064, 27.841972517669387, 36.54016369820595, 35.351405565174694, 76.88678784310567], [46.52240027764546, 25.329716999063066, 72.79241457433558, 34.44499569580025, 51.23589301834512, 20.82562879863992, 65.15651397193162, 73.8865218203927, 71.53750834397513, 79.39043400811121, 66.8025823310394, 0.0, 39.04084785487171, 58.98365810566159, 61.977168648881, 43.94362851805155, 52.73407303358389, 51.35789102388041, 71.46862374344822, 56.77697546972881, 17.99341603636652, 36.42792968562849, 74.30654997825093, 23.840433139533314, 28.09526728819207, 75.1632260179397, 61.54944036283232, 57.700203561270705, 52.98198980002211, 21.854549661867022, 81.17813797633944, 33.06553021876847, 11.239018427109134, 55.21913543876942, 15.398518661834212, 78.80209553711182, 32.99862746135111, 71.88067099169685, 51.119166798733794, 64.81501032193933, 64.5040812388929, 61.63197826551781, 75.31669211270295, 73.18512440534718, 55.19836216221728, 87.57591483144701, 26.45633310977667, 73.6189257400265, 66.23413868931898, 71.39706098124903, 4.874766133526827, 67.76783830997371, 61.414306150004805, 32.48424028345757, 72.78092190872562, 49.52099560920911, 30.462718537608723, 41.67930067175774, 32.51238412541117, 50.72076115410577, 50.340691201227415, 77.42364538791855, 27.962582489144097, 70.37051510246319, 18.648351077317468, 25.659350332138075, 46.447060314001256, 14.834090625003022, 92.75831033528588, 55.51365570450549, 30.53312447183636, 68.87420380601624, 23.08057528875066, 27.45893727348826, 51.27971524385105, 92.2351656322573, 70.58725404082608, 20.709351827688547, 33.46945417106936, 35.00286494022438, 22.4122178383568, 21.780735575661332, 54.49340245923228, 36.49052680092094, 88.17209709123117, 12.230553224758845, 10.588193503310041, 52.803382352337096, 34.466930330584944, 30.411326360777956, 46.84263383926384, 12.224739479960423, 82.86744409172277, 77.74433462543162, 38.700282175536586, 62.7968374298086], [32.32598156995053, 28.959938172578212, 59.39780145933487, 58.501216203112996, 39.5683448252936, 50.67907060370436, 37.91486597826496, 39.66487298100063, 33.79303330853401, 41.084136416902645, 28.88631915466519, 39.04084785487171, 0.0, 35.294309332373494, 63.104326793514495, 33.076681337593904, 30.59295975312204, 23.65285403367541, 34.176683114119065, 22.15991629396801, 52.643261737660836, 60.05790597180998, 35.26855222038092, 57.68077749239756, 39.22586250580265, 36.16991818382736, 22.77389042267134, 28.746823677968322, 16.890004041328606, 28.89437756346715, 55.04021613996653, 39.539758711979616, 34.40223204875728, 16.42247646616403, 27.763216237096575, 51.04546216791413, 20.578074538850117, 40.895606064068765, 38.029463674228545, 33.46243375522899, 38.76560362424817, 23.53060466818492, 59.51029650170761, 39.69082866045771, 63.179961048243186, 50.95067418347708, 56.37758568836759, 35.633561766496875, 27.419150119946103, 56.018691032318735, 40.115505711007344, 33.20598678802958, 37.8239657629153, 6.6372978750615, 58.62971263252762, 15.434893789102489, 66.30224901347958, 16.307084669853154, 14.084643540585752, 36.78028877411473, 11.581924771321601, 41.365280246162214, 11.148796536370336, 42.34197960403752, 53.5355255140794, 16.165217725059616, 14.716153860894078, 39.000228589243115, 62.50063705866697, 18.393856533690876, 54.882858331887256, 58.9656367699206, 51.5049010732864, 13.324355257734208, 35.599906088883316, 56.268845091621095, 64.86654130222735, 36.19053036260615, 18.757831248266424, 32.10678571797908, 19.251965733293837, 28.694726381667948, 34.62877449317048, 26.725260064795034, 51.82935724869045, 47.075324883931216, 49.537263260264154, 37.24744926482379, 4.950223794399701, 11.784388012735622, 64.19224092599741, 50.00420841616331, 51.01780722029658, 42.77594088202094, 10.412883398312013, 68.9715233424031], [67.5373056656592, 61.366734065254406, 93.60727927457484, 88.36646243306151, 74.75129247536955, 77.342818938633, 68.6662044921298, 63.40213369007289, 51.67193789258266, 38.262967167301774, 47.964691088184935, 58.98365810566159, 35.294309332373494, 0.0, 98.31790834235501, 18.021363006949006, 64.61327513379517, 11.711857053649856, 53.3162610672454, 19.332539578163416, 76.59028232828409, 90.1839056512655, 43.4876977613928, 65.9699556312967, 38.992313895045235, 45.54122542210761, 32.58200742369435, 8.929876430099695, 23.353050332736707, 37.823276957210716, 84.30636482075165, 34.844697404515706, 48.79227919827187, 31.536837355111622, 43.5871399006448, 19.931538534911166, 55.27475995688956, 68.22793193580394, 73.14530718179145, 61.93631758703157, 5.740248424393743, 28.91714112631546, 93.1152647960487, 20.98328821935696, 97.68718875444547, 67.71752140297637, 61.276589561234964, 52.04128014389349, 42.640781622134355, 89.91472057474498, 57.01076217793001, 20.346612800759342, 70.46744939361886, 36.672893611574935, 92.70139008717261, 21.45132949628793, 74.87022021549637, 51.335081297803676, 28.879787922878997, 13.213430696729892, 37.050857355104014, 61.49517346702158, 40.54451152101508, 71.89205569075422, 77.3411763498222, 35.67737586088232, 20.732119186160308, 66.45941253898398, 87.47780487109445, 25.24396355620784, 84.3897390851312, 93.7995676503741, 78.94349140449276, 35.61984136144855, 11.248380901443769, 73.65225906164454, 100.01807963579483, 42.64934474748175, 53.56626300050671, 27.007262180709173, 38.021935969533324, 37.82795106444838, 5.9418685324489875, 61.74727048400567, 69.12238113891618, 70.59624076934006, 68.59969300356293, 72.1121871456188, 35.11155120311106, 45.12371176394015, 96.66911164005053, 65.04567112902708, 75.74347773077777, 26.83877919076745, 26.173868797058677, 103.85026596000688], [31.87347755063101, 40.6170990046855, 24.482473494353247, 37.48290706749, 25.443634338414224, 47.5298828960603, 45.416077355214966, 61.62463079970868, 70.55789334941292, 93.08748724097191, 68.77134735786036, 61.977168648881, 63.104326793514495, 98.31790834235501, 0.0, 92.13112346459627, 38.63015438939134, 86.74336067899688, 68.8782014572745, 83.76918643169162, 54.52534541668434, 36.600744765633394, 81.58798544624126, 84.19743127226243, 86.02933439980698, 80.76966164602055, 77.27158821506346, 91.739264683434, 78.25937143992203, 75.38832135762824, 48.64673239667987, 89.67460124093412, 69.89903478833746, 73.04752084888747, 68.30576379654038, 113.56152204773184, 43.25020748690954, 53.925642665693246, 27.364210296768423, 52.54110099317897, 101.85147234833576, 80.34882034729495, 29.101833981633856, 100.108922526916, 11.314796245571914, 76.04866579305595, 88.09800728833083, 72.7091141974855, 73.1028518022258, 27.147072827626886, 66.81488952108059, 93.4379300263578, 39.261402924217634, 62.11086863357178, 25.638450364466067, 78.1059225142308, 87.95776040570621, 47.78938612338308, 71.75592991914704, 97.53433063066207, 65.2088628082449, 68.16272268998472, 59.2219438947804, 47.92337421444746, 54.96787589417319, 67.02332697133139, 77.81636921330525, 47.23267286876438, 63.10486980300841, 78.36609007226724, 38.712324187507456, 18.03595060826888, 45.35257372161773, 65.53562655314371, 96.86350936274037, 76.96307741534561, 12.659243054247419, 78.96210436687156, 44.86240682434192, 86.71524458432486, 66.73432991399596, 75.18265319311419, 97.01554938049021, 36.63271660023642, 75.4867635184442, 55.14548408503705, 64.32868334417158, 29.694383027155848, 63.41006170708213, 53.68588939456071, 26.221088157478732, 71.35431745636446, 60.68672702759363, 101.45360616974492, 72.36451321677279, 9.040573469259742], [63.894198495969825, 52.367287809659416, 91.9787047150079, 76.07227281159918, 71.05956650782745, 63.78464250352896, 70.7082483032741, 69.54190881039861, 59.881579316419455, 52.698491888133496, 55.37637932424819, 43.94362851805155, 33.076681337593904, 18.021363006949006, 92.13112346459627, 0.0, 63.52563981978539, 18.427199386669958, 61.09811112681101, 29.088238725477254, 61.92588700436728, 77.99283111918602, 54.75488447515414, 48.14319836624004, 21.07357496667597, 56.58093179922857, 41.579675541485464, 22.167546194360863, 29.9969592266119, 22.089842034167336, 87.59787986364712, 16.82550744770781, 32.99775211804847, 37.85323818743135, 29.057226084620524, 37.307933912045016, 49.32581267902439, 72.54625567302963, 69.76556943389686, 65.40923768744344, 23.672672063234494, 38.8513643857273, 92.38365381049402, 37.98968136284467, 89.53847831398711, 77.18621082980714, 43.288372494901004, 60.886464329730366, 51.1204416144429, 88.7962928312612, 41.17633100522282, 35.48234750017424, 70.89959549088941, 31.02349223343638, 91.30064730030296, 26.092088551948343, 56.96566202455079, 48.857255640072765, 20.673124706350343, 6.784124272625726, 40.11916938993959, 69.27061546904977, 33.02370445637269, 74.84852418218438, 62.5916158803673, 25.24433427110806, 23.020801996912894, 53.911126284787144, 93.50706189977365, 32.974842481780286, 72.02182434532189, 90.92433713218566, 65.6834984863044, 26.597594657197522, 7.656187148119622, 83.0524764052486, 96.04032800706999, 25.49583028540204, 47.9594090923572, 9.46125401853807, 26.236866889506995, 22.163232786215595, 12.233810737451483, 56.02454189842, 78.42015653745777, 56.05935146784107, 52.69136351942611, 69.47449656196352, 30.395041375529683, 38.92445606080657, 86.05690515485821, 48.28367789126506, 81.70728272711665, 43.74549987401806, 22.743630645749768, 96.36545740893075], [9.428003776568845, 28.58347312090142, 29.01361226433123, 52.34478881094804, 13.367148320061998, 52.14370726028418, 12.918568841511537, 26.550255781434338, 32.588827852480016, 54.458296077532154, 30.296221382530046, 52.73407303358389, 30.59295975312204, 64.61327513379517, 38.63015438939134, 63.52563981978539, 0.0, 52.963837507532055, 31.129496356178464, 47.55525824172072, 57.47087506953339, 53.04599774015054, 43.041475076492155, 76.12853228733977, 65.63147161566191, 42.329985437799415, 39.174114298711245, 56.814291135079735, 42.261074714168124, 54.18133189060042, 28.500480425785845, 67.37413570515578, 54.47948291111587, 35.733731359577234, 49.52280739984116, 77.21941526380266, 19.879680484371093, 21.206767329523498, 11.433173864973263, 16.20372246857622, 67.07232419395017, 42.53115135468514, 28.91776668742949, 62.63721687411755, 43.255515525663945, 41.98912495394358, 77.18945555143394, 34.85607896088458, 34.47341817883525, 25.467010928941015, 56.25038857057073, 56.07712356429615, 8.76132125073129, 33.03066171472627, 28.156857562351174, 43.23085730146936, 83.19676147225063, 14.817186305614234, 43.40735834405258, 67.36646503463102, 28.33836379968012, 32.44811889245146, 32.9723195427749, 18.037763132327946, 58.31966660051571, 41.91699176719722, 44.047990532148155, 43.26277085298704, 40.36726264643582, 41.65808444775371, 50.26929537429874, 29.502077994016467, 51.49208977029106, 39.325201856130725, 66.14485194617528, 44.84300594709928, 36.506785497175514, 60.42148422176495, 19.82781091981487, 61.29387095766511, 43.50584147318263, 53.95370235276045, 64.80785705029197, 16.91776706422157, 41.93185064646626, 54.03200273966244, 60.841398468512836, 8.940710053910484, 33.259682144358145, 26.943492420913376, 50.958185126242775, 64.9193796416976, 31.70312581022174, 63.40157002975406, 41.001864573860836, 46.60155561594535], [55.838125609150126, 50.58134988527717, 81.97222327166105, 78.51227668209026, 63.04652735052151, 68.29215173339387, 57.49352292056777, 53.49316153613779, 42.66169746686824, 34.484305555262765, 38.48678127454637, 51.35789102388041, 23.65285403367541, 11.711857053649856, 86.74336067899688, 18.427199386669958, 52.963837507532055, 0.0, 44.09145652856727, 10.731612141663806, 68.29761198243084, 80.26548038885726, 36.48095553930917, 62.1259874609558, 36.40270416327159, 38.36448346623351, 23.7618530499927, 6.365887233113623, 12.842360245723201, 31.88523160479133, 73.52644723223057, 33.513397802463714, 42.22179834185462, 21.205574466016433, 36.19843155753125, 28.672172757963704, 43.86179077260962, 57.67333531914521, 61.435532235334826, 51.076983924946695, 15.302192905345752, 20.6897063281425, 81.56693452717758, 22.29320721582526, 86.41884220341963, 59.572773799949275, 58.36467019424548, 43.40226370273187, 33.67418107871902, 78.31907179969524, 50.16698431642931, 18.102233729005377, 59.00814341398447, 25.578780640731924, 81.08410540604889, 10.05971552066006, 71.20682779063819, 39.626492402471236, 19.30716131501398, 17.80774960020309, 25.779100102937168, 52.340426071121854, 29.816915969728, 60.95858257190983, 69.1018300773751, 26.405105990270073, 9.02195459783193, 57.01552939731826, 77.66398213714302, 15.411465540118247, 74.60888622079028, 82.09746058636631, 69.69557223446765, 25.713326006842887, 15.888325353530105, 65.49431039490693, 88.30821022479506, 38.06407483785437, 42.115783147682684, 24.570987200742966, 29.25621855286023, 31.824214981975828, 12.556111620779953, 50.24640631932221, 60.87905204575855, 62.30882626259647, 61.53601830211752, 60.40375746833376, 23.859417085757666, 33.91082343187644, 86.071177204115, 59.062918694055234, 65.84451236954136, 27.50055051619514, 15.133074200844073, 92.44092205921687], [40.08491840057802, 53.150982867587295, 52.70328829593684, 81.27064268599966, 44.33354890908667, 77.94165173433844, 24.4096409630035, 11.154860071197673, 2.077644974451089, 26.953556417063407, 5.733724897161607, 71.46862374344822, 34.176683114119065, 53.3162610672454, 68.8782014572745, 61.09811112681101, 31.129496356178464, 44.09145652856727, 0.0, 34.09378989402698, 81.80806690272499, 82.2746488422217, 14.565359733300514, 91.69122252073885, 72.60764145366798, 13.013527752330877, 20.734577423703094, 44.38984325939051, 31.364421793938536, 62.90517123909264, 34.2892611796278, 72.03196297918592, 68.36299473652302, 23.248923086805608, 61.83114942081037, 58.22882985926911, 42.03169896843612, 18.555450149751973, 42.43287169766021, 16.531192308112033, 53.07189382704607, 24.455180986525715, 50.14444674748335, 41.78234629381617, 74.34456208280267, 16.81953201987059, 90.55325866180449, 3.844128956474383, 10.69143899538511, 48.39246336629359, 73.35654075079398, 36.63606475005371, 29.92309634528985, 40.57035343394561, 51.38994758853544, 35.03258316759738, 100.14943548407147, 31.66333422812727, 47.11198477854645, 61.8431175320001, 22.899323151325007, 8.249225875215547, 44.138835283894856, 24.415969914841067, 82.71327273115534, 50.33762388064427, 38.1178770972946, 67.11799177121937, 34.35415184130837, 28.682472969218047, 78.570862956931, 56.02315550261755, 77.94643584766638, 47.50013008708307, 59.96854767943221, 22.36270346138762, 64.07535202694642, 70.25360485746351, 40.645269464156364, 63.58759767669197, 53.411472860749065, 62.71472234970357, 56.33819904229907, 43.60737133030539, 17.801593108048912, 77.05137131734136, 81.48556798875482, 39.648581833646126, 39.115834977021926, 41.079172498067514, 81.67188126770813, 83.1662919094015, 22.886547481260475, 40.032993364065035, 41.00853145360766, 77.28161527049812], [52.04473135370496, 51.066671514068496, 76.17735100402635, 80.35953578286194, 59.006915343487115, 71.56880470975825, 50.03533618451157, 44.06974628542124, 32.5238222303663, 24.592385397090226, 28.664316749330123, 56.77697546972881, 22.15991629396801, 19.332539578163416, 83.76918643169162, 29.088238725477254, 47.55525824172072, 10.731612141663806, 34.09378989402698, 0.0, 72.57386244072094, 81.9755076201699, 25.750830669815837, 70.35517018500722, 45.794926037546375, 27.644668149669414, 13.41022163015655, 10.432377107170488, 5.5191200834877865, 39.571808669664314, 65.198454519827, 43.44533106431344, 48.948843250751366, 12.521131554418151, 42.434732788074925, 29.8486880442797, 42.504588214775666, 49.02482225747729, 57.240761695358685, 42.96482299838883, 20.10520464231325, 10.046471498429149, 75.25638892720835, 17.57604943657987, 84.83262532552139, 49.0924618031481, 67.17025114290824, 33.07145617204199, 23.475736738910324, 72.28271941496924, 56.39481810648037, 11.2970231461427, 52.44926849706934, 26.61996152887079, 75.16886667339682, 7.37312644385493, 79.42946875891778, 35.983421511026066, 24.444932578593093, 28.361190300229822, 19.22210794590375, 42.31488270978921, 31.503587711747155, 52.94536787470874, 73.42879518701676, 31.118080603685904,