instance_id,num_cities,city_coordinates,distance_matrix,best_route,total_distance
1683,56,"[[51.12887388101248, 61.467876830695054], [21.377366414256795, 89.0263464514506], [44.608595103196635, 58.0811639725669], [29.46889208803649, 45.892964158853204], [69.52292189193784, 92.2705249092465], [47.62023209083115, 89.1247285087055], [4.023324124831163, 72.14246608903446], [83.93041917758336, 70.6264619116821], [67.7413105398747, 52.61578188902022], [58.61312890615976, 0.8275054786463398], [76.40602713202418, 35.100646389252454], [7.223325725961671, 12.81613660463481], [90.57265389901417, 58.29059584453762], [51.7139104528728, 3.0339817868510255], [36.89496609782728, 20.478711729331657], [74.18876205015633, 89.51913467084157], [65.52557582713825, 6.708297766900895], [75.21405101607192, 83.63755022584733], [52.68555245607702, 24.02600125099179], [35.4448686170354, 16.387578345137733], [74.15611344124771, 32.50030409623884], [7.76508318656618, 21.00839580345052], [96.26423712720327, 8.35906532688343], [89.87116864737766, 77.85286063775109], [64.3575352853045, 93.25853279236692], [21.41464236365752, 75.40381008113296], [6.016178620282342, 11.65087400017758], [33.02655483879208, 59.13327734658298], [18.714899299957743, 49.68770113757917], [7.641810833073615, 52.60368240649898], [31.22736564442141, 15.288777054140768], [34.83576383702777, 41.73099669412448], [69.32036268245147, 51.4334522840347], [66.43826596860745, 51.920649656361576], [15.884327612126803, 20.261923539246073], [38.79332642135152, 31.950590098723687], [44.14915979886904, 50.13604754199862], [17.050509044467987, 95.89174815338593], [3.3588964612973227, 31.994900073143896], [17.66072278685814, 50.34561845816491], [64.57598444907737, 16.217436769684845], [24.47774096572174, 54.587484962657754], [5.413734974465445, 19.194727713038528], [87.02291087191114, 24.836905550808996], [78.2146410010287, 57.25331480561401], [40.728249872437615, 37.74183974891678], [89.03553454019442, 53.31436151624038], [75.07862913269614, 41.666988333283975], [8.011019802268937, 15.740977148597846], [66.8274965616792, 1.750151201912098], [23.97923177770267, 33.25421780568006], [29.016813407202523, 1.0222300308951326], [50.03834286518819, 84.33843369315666], [9.628442413857696, 45.81737528551179], [18.732017158103364, 50.09825376864018], [82.56559651217574, 50.737771266031785]]","[[0.0, 40.55393253905873, 7.347370912363571, 26.678319212565683, 35.87679097800299, 27.878522413343145, 48.29989310201761, 34.05614562055826, 18.82372536458006, 61.10048044815861, 36.52622780451423, 65.53387662743242, 39.571541498575804, 58.43682364558664, 43.39027294782838, 36.31296612489541, 56.620460314002266, 32.735151994070726, 37.4742217412456, 47.73071686731096, 37.005054139812756, 59.30757075100706, 69.69753851258295, 42.06463001289106, 34.43317134715866, 32.8198993025212, 67.20780493888556, 18.25224121738346, 34.48823404440913, 44.38128654427853, 50.28498072251851, 25.593160657307447, 20.775464875556942, 18.042367716296194, 54.22276854197597, 31.991185460169508, 13.308897914426637, 48.43901182697487, 56.130447188947706, 35.267857447915105, 47.20621895836226, 27.52494646545652, 62.26470156973786, 51.285572517149866, 27.411700303757275, 25.90555568548302, 38.773634525453225, 31.075166321396498, 62.84981061938376, 61.74668823786863, 39.154994852733964, 64.36318385104634, 22.896541858882628, 44.35339908705752, 34.33401599140293, 33.21750585485777], [40.55393253905873, 0.0, 38.694887324415774, 43.885777374096854, 48.25473247382572, 26.243050088507513, 24.212149840019475, 65.20306864778934, 58.95205277713686, 95.73681401268492, 77.04631482160138, 77.51343723962712, 75.71442514784466, 91.18658171472579, 70.28210388097807, 52.8136947130257, 93.40945098647958, 54.10570888248664, 72.14740043416695, 73.98841294573008, 77.33556492379361, 69.36667690631175, 110.06931293147747, 69.3991911305803, 43.18803442399314, 13.62258737013754, 78.88554891423055, 32.08269270897813, 39.42864119222603, 38.92654548319417, 74.3925508734398, 49.172945507230466, 60.924187175986695, 58.37223144009795, 68.98347145316932, 59.67375994693623, 45.066727451835156, 8.115136180461311, 59.81012569329191, 38.8588748929204, 84.6596593967035, 34.578136199101756, 71.63304059142288, 91.81297201528135, 65.1152925388456, 54.813842397101965, 76.50472914905538, 71.60121799885529, 74.49432579470273, 98.40146638975052, 55.83278639876286, 88.33507603053675, 29.041833570734116, 44.77781151849749, 39.01787119524219, 72.18043011956456], [7.347370912363571, 38.694887324415774, 0.0, 19.4361215803529, 42.30409058938321, 31.18930676457383, 42.95211796405306, 41.274572667905204, 23.769579819455725, 58.941567488291476, 39.232395695712135, 58.70758953515349, 45.96453592384425, 55.5038536752696, 38.38547234485024, 43.166332693843515, 55.46793185968813, 39.87258218327243, 34.99987640082758, 42.6887451863479, 39.082428685405354, 52.26695428348527, 71.69792498143443, 49.39251515019711, 40.34188785122373, 28.948808470930075, 60.37504813174786, 11.629729112841444, 27.2200973678088, 37.370388592847526, 44.83576340383513, 19.048259789021593, 25.59030143599247, 22.68229412410342, 47.49082532291748, 26.769838266572062, 7.958389026313591, 46.78769478522207, 48.806052926638614, 28.036163909905138, 46.3817668120493, 20.431766475969958, 55.21224488713681, 53.89021154292164, 33.61624094288979, 20.7061630676626, 44.681935425810615, 34.60994272858721, 55.96493489852084, 60.55462477622525, 32.279217573986095, 59.150871498360864, 26.812802426054837, 37.06766239096022, 27.07995829894213, 38.66082477655689], [26.678319212565683, 43.885777374096854, 19.4361215803529, 0.0, 61.279714789547114, 46.88770193449679, 36.558354456303015, 59.814746041545966, 38.85838767094762, 53.66825976094515, 48.16190163373512, 39.861532130877464, 62.348784902887886, 48.288023484250196, 26.476986266384852, 62.474871132079905, 53.249624623185866, 59.30660454553057, 31.89321848698765, 30.104486168864398, 46.650949570438996, 33.01964662237091, 76.61861184092207, 68.33644705786952, 58.82783793513385, 30.590210291385617, 41.503620413590994, 13.709954688374607, 11.40387607893737, 22.835393920623265, 30.65466518474394, 6.791559875873964, 40.23477000310552, 37.45754393414383, 29.008457994938272, 16.773039976965315, 15.28116542211482, 51.51790599732031, 29.578506672224368, 12.61978575707487, 45.9689553924378, 10.02528211740567, 35.93670008605708, 61.2847671308294, 50.05202896892232, 13.900142692196205, 60.02717744288379, 45.80509780538946, 37.007872185508305, 57.829518967129275, 13.779487642967787, 44.8730114469217, 43.60225261367493, 19.84059366428823, 11.531042622556242, 53.31727840588056], [35.87679097800299, 48.25473247382572, 42.30409058938321, 61.279714789547114, 0.0, 22.127445752213692, 68.52252227934027, 26.000796931602302, 39.694745030167226, 92.09152721927057, 57.58274175251628, 100.96652664771493, 39.97157486029767, 90.99627199436192, 78.85840436479948, 5.416660652656237, 85.655551420326, 10.340077494476438, 70.29090993052904, 83.18374417071209, 59.94952677017802, 94.29910755807734, 88.06946684154725, 24.938327711894043, 5.259028272703548, 50.979335306220506, 102.62862443622686, 49.29565887689496, 66.29292601836215, 73.50326727443662, 85.98103936993185, 61.29798402992898, 40.83757498713863, 40.46761093873362, 89.79051992041144, 67.69640000274461, 49.18477392208669, 52.59721825172141, 89.5032357547426, 66.68872076256129, 76.21380718496819, 58.72886704416957, 97.21141899530492, 69.66737137338988, 36.07978637011695, 61.66450066306344, 43.56976840268368, 50.90760058124712, 98.1859754707281, 90.56049565802121, 74.54630918673271, 99.8348443319451, 21.037273846913294, 75.7973863791836, 66.01678920424915, 43.532527912325094], [27.878522413343145, 26.243050088507513, 31.18930676457383, 46.88770193449679, 22.127445752213692, 0.0, 46.78768663961112, 40.75065095638963, 41.68646040660678, 88.97889286349022, 61.21456889501861, 86.34182788332684, 52.87394704710044, 86.18802047650442, 69.47882375439843, 26.571457250596744, 84.33901464052083, 28.13410685248149, 65.29549571736761, 73.74911856853916, 62.53381836323875, 78.91937452485368, 94.28325182755486, 43.72867074592563, 17.24023364340939, 29.580340353772943, 87.93802020507874, 33.35359888447817, 48.89578091841983, 54.14850851743023, 75.63381385022619, 49.087762668968075, 43.49170002584184, 41.692467932188435, 75.82383227813834, 57.85150271705697, 39.142886791595714, 31.30975122869612, 72.26951728624556, 49.00399549064121, 74.85299410680138, 41.573983297668086, 81.67982253969319, 75.40222328148432, 44.17923571088553, 51.84303884032527, 54.750430693349536, 54.82883065200751, 83.39103466082244, 89.46080576427823, 60.666389887830164, 90.04519656678507, 5.362450725033408, 57.60992037885362, 48.55506866060879, 51.910856098618105], [48.29989310201761, 24.212149840019475, 42.95211796405306, 36.558354456303015, 68.52252227934027, 46.78768663961112, 0.0, 79.92147463876854, 66.64287800384044, 89.81019091909768, 81.31022138266916, 59.412569211731494, 87.6507888933731, 83.96650895956985, 61.234698991181055, 72.28511112431538, 89.80065338550295, 72.11280437353437, 68.43395834432569, 63.999382540850306, 80.56121365001846, 51.2707899768193, 112.14592388623113, 86.03755584086132, 63.922650988332535, 17.694471303741498, 60.524409806991855, 31.78720471485299, 26.83391231541723, 19.871021962914785, 63.02699288301784, 43.29276974016905, 68.50231015937364, 65.6090453001619, 53.21911403796612, 53.14451952290613, 45.76423435180811, 27.087560715253407, 40.153063657962136, 25.711499546125246, 82.42714101989498, 26.954786785436653, 52.96599136675997, 95.53401204817982, 75.67059089081394, 50.30561267621836, 87.07223117337735, 77.31501221756331, 56.54228215693145, 94.33685425455488, 43.70965688263581, 75.3840996727657, 47.60381891693362, 26.91519564944111, 26.50081031918936, 81.4066920605039], [34.05614562055826, 65.20306864778934, 41.274572667905204, 59.814746041545966, 26.000796931602302, 40.75065095638963, 79.92147463876854, 0.0, 24.217180541141545, 74.24863302329777, 36.313909789349005, 96.05213114711435, 14.010455871280836, 74.87754539135905, 68.75413220141292, 21.256362990244497, 66.51518598330472, 15.660890557245379, 56.10565595582356, 72.75098008758789, 39.35912806955267, 90.90165505063908, 63.477174973867285, 9.354856642995273, 29.921704767759664, 62.698049460734765, 97.71769978426921, 52.185215301553555, 68.4944941996369, 78.38859830507528, 76.41905009297022, 56.96694737430667, 24.121056555588755, 25.610209605108384, 84.65729326409556, 59.44056025120446, 44.74824777349251, 71.49305608441156, 89.35417081986603, 69.30357329102858, 57.748906141696644, 61.57815950590356, 93.86209554943929, 45.893866437739376, 14.543424070146475, 54.29388370211062, 18.04912803897797, 30.282095319457397, 93.68122351457227, 70.96799376475555, 70.64580313206311, 88.65806897524423, 36.560785096892715, 78.33437642709649, 68.35377791649695, 19.93546479283562], [18.82372536458006, 58.95205277713686, 23.769579819455725, 38.85838767094762, 39.694745030167226, 41.68646040660678, 66.64287800384044, 24.217180541141545, 0.0, 52.58658834242224, 19.541168982368877, 72.43230115563021, 23.526022889826848, 52.10789244366245, 44.54535041826672, 37.46234212535295, 45.96092447655795, 31.90912034150057, 32.31178435816296, 48.53393547706916, 21.113553540210713, 67.79509350017904, 52.65182144966542, 33.56546981092113, 40.78336837443581, 51.628039021387, 74.08181685698888, 35.32126852797334, 49.11377256892832, 60.09950092476028, 52.216601400046265, 34.65910490119822, 1.972640099917241, 1.4768662686885508, 61.12216315286941, 35.567343677255536, 23.722113291571066, 66.65108110421951, 67.60411237084426, 50.13201483773004, 36.53571973681821, 43.30847567518587, 70.72265222752682, 33.81487959431497, 11.454141718218219, 30.83730859543001, 21.30567974206313, 13.179997134244552, 70.19586067741595, 50.87383847503568, 47.85383685076712, 64.50954403431618, 36.32797409679594, 58.50917683730023, 49.07391145626605, 14.942770107601161], [61.10048044815861, 95.73681401268492, 58.941567488291476, 53.66825976094515, 92.09152721927057, 88.97889286349022, 89.81019091909768, 74.24863302329777, 52.58658834242224, 0.0, 38.61651738769606, 52.76968018829105, 65.75270330691714, 7.243462774450065, 29.28905090432617, 90.04890580458056, 9.075551794405635, 84.45764693580328, 23.94381691942839, 27.908496061865076, 35.281022384967144, 54.706417245179324, 38.39700957132349, 83.12623163508485, 92.60935705920066, 83.33878214382297, 53.69901754713892, 63.67288124170889, 63.080800926576806, 72.65567949838484, 30.96947537508798, 47.31235233261474, 51.726267091391385, 51.688897763551594, 46.94088905612161, 36.8981160332788, 51.38617248589392, 103.75288721326879, 63.43844803334965, 64.25840863274298, 16.50471542828259, 63.681709336084324, 56.28081704548313, 37.1963305067408, 59.73350177755031, 41.01873928667405, 60.666241199474904, 44.033805848964626, 52.754005374118435, 8.266021480174397, 47.44468887709929, 29.596956072627886, 83.94999753959219, 66.5100586076108, 63.3885613602083, 55.36023243615134], [36.52622780451423, 77.04631482160138, 39.232395695712135, 48.16190163373512, 57.58274175251628, 61.21456889501861, 81.31022138266916, 36.313909789349005, 19.541168982368877, 38.61651738769606, 0.0, 72.68318615870608, 27.174750591199142, 40.47186188970962, 42.12985778811775, 54.463640452110084, 30.405750786506527, 48.55153798906745, 26.178401093089146, 45.03327017343628, 3.438588614065176, 70.07261028602075, 33.30856739530964, 44.82255971247097, 59.392810226979805, 68.17915665595362, 74.19314387869935, 49.59179334497325, 59.50670883830252, 70.95684401824737, 49.33175063144364, 42.09570447896842, 17.80357236872904, 19.55169487580246, 62.31423439789698, 37.74437851368247, 35.58888559610671, 84.96255399374152, 73.11312439915467, 60.69118515886886, 22.28285249730999, 55.46425679440188, 72.75234563035413, 14.766942687808065, 22.226376269927997, 35.775406252729084, 22.164022110169803, 6.699166513422975, 71.08216246531067, 34.69875757325968, 52.45930012531754, 58.370163944864686, 55.853509040883544, 67.63204934812948, 59.59211066557538, 16.8065454320896], [65.53387662743242, 77.51343723962712, 58.70758953515349, 39.861532130877464, 100.96652664771493, 86.34182788332684, 59.412569211731494, 96.05213114711435, 72.43230115563021, 52.76968018829105, 72.68318615870608, 0.0, 94.94754841522126, 45.55329496558453, 30.645086064472846, 101.82199946197426, 58.621310648328866, 98.17541114139581, 46.82387344774094, 28.446628609705588, 69.76721666497143, 8.210152978276424, 89.15239417726656, 105.16863321600589, 98.66760869908097, 64.17640017258753, 1.6778084134061395, 53.01965823313701, 38.62083031621207, 39.78974655260214, 24.13105640454934, 39.981444101385556, 73.1255021798694, 70.96176497912647, 11.421589064039372, 36.916016231770804, 52.50040927795377, 83.65483109883445, 19.564221981019664, 38.953835056400486, 57.453427273078745, 45.19469425622184, 6.630312452374145, 80.69989266116123, 83.75219191728385, 41.75967695394655, 91.28714987365206, 73.73407520196133, 3.029051694088357, 60.62271203061334, 26.428688026371827, 24.780079450689758, 83.35805104158231, 33.08876456978422, 39.01802453624319, 84.34754378531524], [39.571541498575804, 75.71442514784466, 45.96453592384425, 62.348784902887886, 39.97157486029767, 52.87394704710044, 87.6507888933731, 14.010455871280836, 23.526022889826848, 65.75270330691714, 27.174750591199142, 94.94754841522126, 0.0, 67.55216753985887, 65.6584552668082, 35.26547248146611, 57.34186598732912, 29.6370507797945, 51.08321542745191, 69.24547339466291, 30.571914383365836, 90.8133041310617, 50.25486901265225, 19.574838068246258, 43.70342158593802, 71.24389560539298, 96.56635628044614, 57.55226867085939, 72.37089672898372, 83.12560204942521, 73.28724075378219, 58.14482984586267, 22.33115088308112, 24.960867276912072, 83.81244538157682, 58.09384353551193, 47.13424935739034, 82.57937054111082, 91.09172905652085, 73.34352298719881, 49.456824979239656, 66.19856906205001, 93.70447362508062, 33.64149327582204, 12.401469055740364, 53.91396841118186, 5.2082284908961425, 22.724637074054346, 92.88107167714374, 61.32417449391874, 71.14424850352816, 84.07607996105989, 48.18215673436482, 81.89961296653264, 72.3062345584945, 11.007185249181811], [58.43682364558664, 91.18658171472579, 55.5038536752696, 48.288023484250196, 90.99627199436192, 86.18802047650442, 83.96650895956985, 74.87754539135905, 52.10789244366245, 7.243462774450065, 40.47186188970962, 45.55329496558453, 67.55216753985887, 0.0, 22.88929257456455, 89.35771160726496, 14.29205017945057, 83.95946552706299, 21.014494268605546, 21.047571434674225, 37.03939288665717, 47.482407029591336, 44.86745057943325, 83.9871477395665, 91.10615156535931, 78.45659751790151, 46.503048567372865, 59.12992662049629, 57.14459087548636, 66.3287658894618, 23.872128628002024, 42.21765976365465, 51.50238736719095, 51.05597850142117, 39.75626973907131, 31.671939125633997, 47.7056605746058, 99.11667958412541, 56.364369650611664, 58.292457099827466, 18.418372153049994, 58.3058540631276, 49.03953464524413, 41.498108333376024, 60.34919048823676, 36.404946679036065, 62.6180501951868, 45.148856838285695, 45.51274966800065, 15.168015889994653, 41.01798466829725, 22.786078193233827, 81.32171559015258, 60.0133766699076, 57.470435725539616, 56.81089739984561], [43.39027294782838, 70.28210388097807, 38.38547234485024, 26.476986266384852, 78.85840436479948, 69.47882375439843, 61.234698991181055, 68.75413220141292, 44.54535041826672, 29.28905090432617, 42.12985778811775, 30.645086064472846, 65.6584552668082, 22.88929257456455, 0.0, 78.46914818243233, 31.770050584927063, 73.87415751939642, 16.184124334909892, 4.3405247460491445, 39.15241735045448, 29.134698276147578, 60.59369745674776, 78.09142718337574, 77.78878492652012, 57.06493539705224, 32.1158875800695, 38.847651778806636, 34.404649264686796, 43.44836975022936, 7.684862837565492, 21.351813276057864, 44.828588049135966, 43.14396861511516, 21.011756868385817, 11.627887393678003, 30.53163758722307, 77.9803086582655, 35.45829325611067, 35.52447372297563, 28.007092695314824, 36.298703716026225, 31.50740433607031, 50.317041851237285, 55.31443722505336, 17.68359843236879, 61.61833148034513, 43.66846903895308, 29.269924539741805, 35.30885667079353, 18.166720907606294, 20.990949714064715, 65.19825490107719, 37.22245538141949, 34.744927468702286, 54.78519112396683], [36.31296612489541, 52.8136947130257, 43.166332693843515, 62.474871132079905, 5.416660652656237, 26.571457250596744, 72.28511112431538, 21.256362990244497, 37.46234212535295, 90.04890580458056, 54.463640452110084, 101.82199946197426, 35.26547248146611, 89.35771160726496, 78.46914818243233, 0.0, 83.26274980005016, 5.9702808181212355, 68.9328553593796, 82.76058125083838, 57.01883992179176, 95.42445417150257, 84.10875968526355, 19.54583910953255, 10.518370501803329, 54.62920553108688, 103.49380247810787, 51.162756257276506, 68.29269760188545, 76.10024528324296, 85.76612135939216, 61.90609501207655, 38.39557937148754, 38.38901229380851, 90.53158768554144, 67.579391736718, 49.531861011005624, 57.4925226367739, 91.24641047946375, 68.77487619340235, 73.9293203566775, 60.7569400858236, 98.36425449943039, 65.94320389483165, 32.5160088710529, 61.64814794158249, 39.13070728401267, 47.86041968616254, 99.10958629923155, 88.07714055736061, 75.4104621390426, 99.35898084749778, 24.69984634425612, 77.9607506692586, 68.04010879714839, 39.67575460076336], [56.620460314002266, 93.40945098647958, 55.46793185968813, 53.249624623185866, 85.655551420326, 84.33901464052083, 89.80065338550295, 66.51518598330472, 45.96092447655795, 9.075551794405635, 30.405750786506527, 58.621310648328866, 57.34186598732912, 14.29205017945057, 31.770050584927063, 83.26274980005016, 0.0, 77.53693594267766, 21.558503058707316, 31.59964270007126, 27.19767949662557, 59.504347017142464, 30.782955219686194, 75.19479181335133, 86.55811632464498, 81.63851948151947, 59.714298252136416, 61.68115473247116, 63.54894610480806, 73.87094544612759, 35.35522375175377, 46.56666189598818, 44.88585360510316, 45.22156307195444, 51.45827723429105, 36.766649024059625, 48.40372519488707, 101.50625558271264, 67.11265364720252, 64.77082610002616, 9.556434918920052, 63.06616615378208, 61.39498630586106, 28.12084341213815, 52.11344473771656, 39.723898379353614, 52.200031962606126, 36.240459069594465, 58.21952809453513, 5.126228141522559, 49.30298748128078, 36.948898491480875, 79.15991655343414, 68.22030099742159, 63.8147742669774, 47.21182946632311], [32.735151994070726, 54.10570888248664, 39.87258218327243, 59.30660454553057, 10.340077494476438, 28.13410685248149, 72.11280437353437, 15.660890557245379, 31.90912034150057, 84.45764693580328, 48.55153798906745, 98.17541114139581, 29.6370507797945, 83.95946552706299, 73.87415751939642, 5.9702808181212355, 77.53693594267766, 0.0, 63.72652523517419, 78.12903805016461, 51.148188370971496, 92.04224163355718, 78.1662371103842, 15.757338953280234, 14.506110414500311, 54.42582886939034, 99.85202600910702, 48.78774664861508, 65.91469030312341, 74.35797600242758, 81.2796609494772, 58.19420335755542, 32.738959763861075, 32.90860350932484, 86.81293761363037, 63.229827037461845, 45.687833702338864, 59.4404153882678, 88.48800229909739, 66.48863294641903, 68.25423180086074, 58.46434340109225, 94.99979733097078, 59.9747028779215, 26.554310741725487, 57.408071912410726, 33.32460322833603, 41.97078036758417, 95.53110509126155, 82.3157361293798, 71.85740663389858, 94.65450804692196, 25.18546244429951, 75.70890098423317, 65.68945543675282, 33.71113579792301], [37.4742217412456, 72.14740043416695, 34.99987640082758, 31.89321848698765, 70.29090993052904, 65.29549571736761, 68.43395834432569, 56.10565595582356, 32.31178435816296, 23.94381691942839, 26.178401093089146, 46.82387344774094, 51.08321542745191, 21.014494268605546, 16.184124334909892, 68.9328553593796, 21.558503058707316, 63.72652523517419, 0.0, 18.857006223853958, 23.082434831076558, 45.02171145158854, 46.30933641195446, 65.42247964552152, 70.20953358905956, 60.14606436164145, 48.282235125343995, 40.236762073612276, 42.57379613004501, 53.34437664483222, 23.16879081674203, 25.141237387727944, 32.060650077566066, 31.10061958574035, 36.99322142007965, 15.993531586410228, 27.470065833859113, 80.21559634376742, 49.966211984350316, 43.811653053610264, 14.225190762829671, 41.58948083029942, 47.518059009321135, 34.34693215937802, 41.9021327380023, 18.19618945762741, 46.68114442194673, 28.50709224530876, 45.436279471512776, 26.3857552193425, 30.153156180902283, 33.005797952939474, 60.37049963110124, 48.257421268651896, 42.808934938570545, 40.07911788114592], [47.73071686731096, 73.98841294573008, 42.6887451863479, 30.104486168864398, 83.18374417071209, 73.74911856853916, 63.999382540850306, 72.75098008758789, 48.53393547706916, 27.908496061865076, 45.03327017343628, 28.446628609705588, 69.24547339466291, 21.047571434674225, 4.3405247460491445, 82.76058125083838, 31.59964270007126, 78.12903805016461, 18.857006223853958, 0.0, 41.93066189520864, 28.062830852568386, 61.34698531517159, 82.09873971202897, 82.12847211228531, 60.661048927937806, 29.807451467318664, 42.814051719642215, 37.266473556563376, 45.657597566250296, 4.358290444785019, 25.350736917194066, 48.74179293293485, 47.15071405822984, 19.940544503293307, 15.919155269973972, 34.852888805802245, 81.60432268564986, 35.680500286575196, 38.33307098612077, 29.13161268751773, 39.74305919915399, 30.16204693703003, 52.26552949195333, 59.15455896408742, 21.99814986745165, 65.08107858243645, 47.00939844288093, 27.44146777960009, 34.62836424212349, 20.394713894129215, 16.65574443243704, 69.50027505815278, 39.14844581660643, 37.626174950386044, 58.312080661476124], [37.005054139812756, 77.33556492379361, 39.082428685405354, 46.650949570438996, 59.94952677017802, 62.53381836323875, 80.56121365001846, 39.35912806955267, 21.113553540210713, 35.281022384967144, 3.438588614065176, 69.76721666497143, 30.571914383365836, 37.03939288665717, 39.15241735045448, 57.01883992179176, 27.19767949662557, 51.148188370971496, 23.082434831076558, 41.93066189520864, 0.0, 67.37828177156119, 32.73482155492127, 47.998097305859716, 61.54327329748662, 67.98804010430165, 71.25832900606044, 48.999549538606765, 58.044249004677845, 69.48595736504745, 46.25055729960875, 40.38930030137611, 19.540946387067233, 20.897726940639224, 59.54308509283605, 35.367059409761545, 34.80569944392041, 85.32013380891944, 70.79902093484583, 59.2468092800621, 18.892078760178364, 54.36712472113086, 70.01823305510864, 14.97605266376368, 25.083524176876413, 33.83630829114304, 25.58558497519456, 9.21298730611631, 68.23524347613333, 31.611398709832, 50.1825451662098, 55.03113259262266, 57.17393232642206, 65.88751561016117, 58.15082356661534, 20.08294336718352], [59.30757075100706, 69.36667690631175, 52.26695428348527, 33.01964662237091, 94.29910755807734, 78.91937452485368, 51.2707899768193, 90.90165505063908, 67.79509350017904, 54.706417245179324, 70.07261028602075, 8.210152978276424, 90.8133041310617, 47.482407029591336, 29.134698276147578, 95.42445417150257, 59.504347017142464, 92.04224163355718, 45.02171145158854, 28.062830852568386, 67.37828177156119, 0.0, 89.39857834280134, 99.86341898811652, 91.77574804633944, 56.08182914429251, 9.519552588262584, 45.7345443042138, 30.698550900087607, 31.595527082198032, 24.14938377618851, 34.091757633677915, 68.66393883009694, 66.31824647894152, 8.153487038269194, 32.90111691466585, 46.60709309463602, 75.45684589569836, 11.837134683948067, 30.961206633320245, 57.01255818433353, 37.508241211834466, 2.969550531095236, 79.35024093401009, 79.2264750555437, 36.96726260134237, 87.45605573005454, 70.41229234413149, 5.273156939105195, 62.12285134171976, 20.318926424536862, 29.173324453321605, 76.14277498862137, 24.878857902871456, 31.08847820609694, 80.49194095789852], [69.69753851258295, 110.06931293147747, 71.69792498143443, 76.61861184092207, 88.06946684154725, 94.28325182755486, 112.14592388623113, 63.477174973867285, 52.65182144966542, 38.39700957132349, 33.30856739530964, 89.15239417726656, 50.25486901265225, 44.86745057943325, 60.59369745674776, 84.10875968526355, 30.782955219686194, 78.1662371103842, 46.30933641195446, 61.34698531517159, 32.73482155492127, 89.39857834280134, 0.0, 69.7872403186751, 90.69706278789032, 100.48611663025638, 90.30807310872154, 81.09885984051463, 87.87466037156204, 99.05312000527924, 65.40501171080679, 69.90810492311783, 50.807235526339674, 52.79394079672047, 81.25643289780501, 62.12459753125438, 66.79294519588358, 118.05416248303409, 95.86477459630608, 89.11443828302328, 32.64811418023697, 85.38365073691595, 91.49440048850727, 18.892361668197314, 52.119435457479405, 62.829875959591, 45.53276618616796, 39.47464656076392, 88.56140801921376, 30.169511779828593, 76.45188431503743, 67.64647181588838, 88.93648136541518, 94.3868948030903, 88.05342120050405, 44.537708425293836], [42.06463001289106, 69.3991911305803, 49.39251515019711, 68.33644705786952, 24.938327711894043, 43.72867074592563, 86.03755584086132, 9.354856642995273, 33.56546981092113, 83.12623163508485, 44.82255971247097, 105.16863321600589, 19.574838068246258, 83.9871477395665, 78.09142718337574, 19.54583910953255, 75.19479181335133, 15.757338953280234, 65.42247964552152, 82.09873971202897, 47.998097305859716, 99.86341898811652, 69.7872403186751, 0.0, 29.804030295746887, 68.50031999532949, 106.83801939012963, 59.84758071670248, 76.52771313134016, 86.01853456032822, 85.75173575681438, 65.8307286713504, 33.47119304070987, 34.951115780987806, 93.75909919714161, 68.67287970592817, 53.46703490308749, 75.02166305677692, 97.91489052204224, 77.27222569398027, 66.62410839194871, 69.40877530441801, 102.82915277696114, 53.092410626530864, 23.66888094651739, 63.434379184042285, 24.55272334176944, 39.09266657224363, 102.75684911242415, 79.51498730848753, 79.56623836087688, 98.011215435503, 40.35736200064693, 86.40120042650548, 76.36162044556687, 28.08201303074557], [34.43317134715866, 43.18803442399314, 40.34188785122373, 58.82783793513385, 5.259028272703548, 17.24023364340939, 63.922650988332535, 29.921704767759664, 40.78336837443581, 92.60935705920066, 59.392810226979805, 98.66760869908097, 43.70342158593802, 91.10615156535931, 77.78878492652012, 10.518370501803329, 86.55811632464498, 14.506110414500311, 70.20953358905956, 82.12847211228531, 61.54327329748662, 91.77574804633944, 90.69706278789032, 29.804030295746887, 0.0, 46.50680784116549, 100.31711654078642, 46.32670282871154, 63.10045634368046, 69.78173299681433, 84.71653292192936, 59.385368280410326, 42.118487808827425, 41.390216505141325, 87.62509243692597, 66.4243374988931, 47.62275899156827, 47.38025490527357, 86.45268435588063, 63.42011127528567, 77.04140572713658, 55.550408956369346, 94.65631948218153, 72.07800167086103, 38.57972396337682, 60.33611137290328, 46.95253418252182, 52.6937312491544, 95.8326731342959, 91.54170967384802, 72.32513540376917, 98.77500782065898, 16.87031237126473, 72.42884116235524, 62.80523536920713, 46.25525542488069], [32.8198993025212, 13.62258737013754, 28.948808470930075, 30.590210291385617, 50.979335306220506, 29.580340353772943, 17.694471303741498, 62.698049460734765, 51.628039021387, 83.33878214382297, 68.17915665595362, 64.17640017258753, 71.24389560539298, 78.45659751790151, 57.06493539705224, 54.62920553108688, 81.63851948151947, 54.42582886939034, 60.14606436164145, 60.661048927937806, 67.98804010430165, 56.08182914429251, 100.48611663025638, 68.50031999532949, 46.50680784116549, 0.0, 65.586199345582, 19.989165735373952, 25.857433588945412, 26.63713029493711, 60.91064549010467, 36.248929128999904, 53.568051039620784, 50.77977457665359, 55.41851705566764, 46.79958318635755, 33.98997067880491, 20.94758377665866, 47.01428961679938, 25.33781520973077, 73.25249645149803, 21.04048394129825, 58.44219347304416, 82.83391051030974, 59.629525605625965, 42.3253995174049, 71.13739379996898, 63.38766928664981, 61.14990377182748, 86.52854322538548, 42.22754134270134, 74.76906081625776, 29.985725428774582, 31.847631515894626, 25.447350712367246, 65.93824887045649], [67.20780493888556, 78.88554891423055, 60.37504813174786, 41.503620413590994, 102.62862443622686, 87.93802020507874, 60.524409806991855, 97.71769978426921, 74.08181685698888, 53.69901754713892, 74.19314387869935, 1.6778084134061395, 96.56635628044614, 46.503048567372865, 32.1158875800695, 103.49380247810787, 59.714298252136416, 99.85202600910702, 48.282235125343995, 29.807451467318664, 71.25832900606044, 9.519552588262584, 90.30807310872154, 106.83801939012963, 100.31711654078642, 65.586199345582, 0.0, 54.62727387501748, 40.10059507764174, 40.98506064965786, 25.47230436760979, 41.65791969539706, 74.76679245954188, 72.61186866434453, 13.096966774392174, 38.55411640350102, 54.17778914011285, 84.96046919601372, 20.51683565587036, 40.40889329734576, 58.737588937868615, 46.73737096989858, 7.567870716881404, 82.07290721146244, 85.39438258783407, 43.42426031974047, 92.88734924282295, 75.30331460458908, 4.550641175270474, 61.61201751036683, 28.095831404588306, 25.33766511001057, 84.97901081399962, 34.35692448102885, 40.4955992767155, 85.95114261869455], [18.25224121738346, 32.08269270897813, 11.629729112841444, 13.709954688374607, 49.29565887689496, 33.35359888447817, 31.78720471485299, 52.185215301553555, 35.32126852797334, 63.67288124170889, 49.59179334497325, 53.01965823313701, 57.55226867085939, 59.12992662049629, 38.847651778806636, 51.162756257276506, 61.68115473247116, 48.78774664861508, 40.236762073612276, 42.814051719642215, 48.999549538606765, 45.7345443042138, 81.09885984051463, 59.84758071670248, 46.32670282871154, 19.989165735373952, 54.62727387501748, 0.0, 17.147664394381714, 26.211082356847268, 43.88140024715603, 17.496074105530887, 37.10158748337217, 34.18134635762578, 42.48338617749049, 27.787661659455033, 14.306029681726153, 40.08015987090028, 40.20772904105938, 17.701179152458558, 53.26477148318654, 9.68227488941274, 48.554665766441495, 63.967551017756755, 45.2271753502379, 22.735648415783686, 56.310439428517256, 45.5351315394621, 50.08661207983205, 66.59824943261815, 27.414955358222247, 58.249221852951116, 30.408894065885683, 26.921829669431993, 16.910513255327643, 50.245409464604975], [34.48823404440913, 39.42864119222603, 27.2200973678088, 11.40387607893737, 66.29292601836215, 48.89578091841983, 26.83391231541723, 68.4944941996369, 49.11377256892832, 63.080800926576806, 59.50670883830252, 38.62083031621207, 72.37089672898372, 57.14459087548636, 34.404649264686796, 68.29269760188545, 63.54894610480806, 65.91469030312341, 42.57379613004501, 37.266473556563376, 58.044249004677845, 30.698550900087607, 87.87466037156204, 76.52771313134016, 63.10045634368046, 25.857433588945412, 40.10059507764174, 17.147664394381714, 0.0, 11.45059976403566, 36.6039313751883, 17.977525386522295, 50.635566267419826, 47.775577288798075, 29.561605561040015, 26.790825737065482, 25.438211840159592, 46.2340151356277, 23.427377844876894, 1.2426356350505778, 56.77585514909958, 7.564272972147905, 33.26773813597027, 72.688007856933, 59.97881103079751, 25.045782234620557, 70.41409238279341, 56.93155429589911, 35.594284736248355, 67.91782320645429, 17.256087936031328, 49.74391935009291, 46.71007796420741, 9.876392101579203, 0.4109093378576476, 63.859331203521165], [44.38128654427853, 38.92654548319417, 37.370388592847526, 22.835393920623265, 73.50326727443662, 54.14850851743023, 19.871021962914785, 78.38859830507528, 60.09950092476028, 72.65567949838484, 70.95684401824737, 39.78974655260214, 83.12560204942521, 66.3287658894618, 43.44836975022936, 76.10024528324296, 73.87094544612759, 74.35797600242758, 53.34437664483222, 45.657597566250296, 69.48595736504745, 31.595527082198032, 99.05312000527924, 86.01853456032822, 69.78173299681433, 26.63713029493711, 40.98506064965786, 26.211082356847268, 11.45059976403566, 0.0, 44.14386205594774, 29.286965950424772, 61.68965226661531, 58.800422364491595, 33.37556665407354, 37.37602366919478, 36.59065113297196, 44.29876113549794, 21.049115534377606, 10.270221493836077, 67.56818035791576, 16.95240443162064, 33.48316854393273, 84.0972825977725, 70.7258328997399, 36.271018947422476, 81.39682625083205, 68.31790204351564, 36.86455417055558, 78.0322179047934, 25.324160469013552, 55.83490811509145, 52.95810011297741, 7.071115143888564, 11.369689925021389, 74.94701651748485], [50.28498072251851, 74.3925508734398, 44.83576340383513, 30.65466518474394, 85.98103936993185, 75.63381385022619, 63.02699288301784, 76.41905009297022, 52.216601400046265, 30.96947537508798, 49.33175063144364, 24.13105640454934, 73.28724075378219, 23.872128628002024, 7.684862837565492, 85.76612135939216, 35.35522375175377, 81.2796609494772, 23.16879081674203, 4.358290444785019, 46.25055729960875, 24.14938377618851, 65.40501171080679, 85.75173575681438, 84.71653292192936, 60.91064549010467, 25.47230436760979, 43.88140024715603, 36.6039313751883, 44.14386205594774, 0.0, 26.687291301395597, 52.512036437505216, 50.81044766566321, 16.128887191085255, 18.299174200238614, 37.165912132273114, 81.84022368665298, 32.492247089679765, 37.59037014517912, 33.36154650260577, 39.87412540209813, 26.107469791510535, 56.60662174182222, 62.998622795521946, 24.38045991136569, 69.19342067542614, 51.173658651744006, 23.220749324426578, 38.08757948849635, 19.372467729923926, 14.43678998808088, 71.56610892011804, 37.396641489474085, 36.98423181481275, 62.38786051200607], [25.593160657307447, 49.172945507230466, 19.048259789021593, 6.791559875873964, 61.29798402992898, 49.087762668968075, 43.29276974016905, 56.96694737430667, 34.65910490119822, 47.31235233261474, 42.09570447896842, 39.981444101385556, 58.14482984586267, 42.21765976365465, 21.351813276057864, 61.90609501207655, 46.56666189598818, 58.19420335755542, 25.141237387727944, 25.350736917194066, 40.38930030137611, 34.091757633677915, 69.90810492311783, 65.8307286713504, 59.385368280410326, 36.248929128999904, 41.65791969539706, 17.496074105530887, 17.977525386522295, 29.286965950424772, 26.687291301395597, 0.0, 35.82352860905774, 33.2046257088877, 28.637004681286225, 10.550765601613875, 12.545286927662962, 57.00616007650544, 32.94821326267015, 19.214414984914086, 39.184467102046334, 16.509934233710098, 37.06128980455628, 54.85351977037742, 46.072435832759666, 7.115810903263158, 55.42372673213228, 40.24291619994216, 37.35034147778553, 51.204872512268715, 13.773890832975653, 41.122546946243695, 45.23839184513481, 25.536396443569664, 18.147772536870793, 48.572203114402576], [20.775464875556942, 60.924187175986695, 25.59030143599247, 40.23477000310552, 40.83757498713863, 43.49170002584184, 68.50231015937364, 24.121056555588755, 1.972640099917241, 51.726267091391385, 17.80357236872904, 73.1255021798694, 22.33115088308112, 51.50238736719095, 44.828588049135966, 38.39557937148754, 44.88585360510316, 32.738959763861075, 32.060650077566066, 48.74179293293485, 19.540946387067233, 68.66393883009694, 50.807235526339674, 33.47119304070987, 42.118487808827425, 53.568051039620784, 74.76679245954188, 37.10158748337217, 50.635566267419826, 61.68965226661531, 52.512036437505216, 35.82352860905774, 0.0, 2.9229852458664096, 61.86334979876334, 36.214387497489625, 25.204616911810547, 68.61980523830557, 68.76606967175009, 51.67109227193755, 35.53416487731552, 44.95340526108721, 71.57787665872522, 31.94928028192185, 10.629157378569401, 31.701248693897796, 19.804691891572965, 11.337612209514257, 70.94214759713415, 49.745801711430275, 48.84979752200172, 64.54198178889345, 38.138354576043206, 59.955530739086065, 50.60596267206409, 13.263490916153328], [18.042367716296194, 58.37223144009795, 22.68229412410342, 37.45754393414383, 40.46761093873362, 41.692467932188435, 65.6090453001619, 25.610209605108384, 1.4768662686885508, 51.688897763551594, 19.55169487580246, 70.96176497912647, 24.960867276912072, 51.05597850142117, 43.14396861511516, 38.38901229380851, 45.22156307195444, 32.90860350932484, 31.10061958574035, 47.15071405822984, 20.897726940639224, 66.31824647894152, 52.79394079672047, 34.951115780987806, 41.390216505141325, 50.77977457665359, 72.61186866434453, 34.18134635762578, 47.775577288798075, 58.800422364491595, 50.81044766566321, 33.2046257088877, 2.9229852458664096, 0.0, 59.64876882811058, 34.103459667708776, 22.3604351154547, 66.1256987640426, 66.15166176214221, 48.802965505414846, 35.75174824941212, 42.045186039173444, 69.24578940336713, 34.0184773405595, 12.92750271700942, 29.360578639678863, 22.64020714668483, 13.408707847354947, 68.72198918360087, 50.17200828771458, 46.381087335901896, 63.17447453026853, 36.330017886788205, 57.13673083374365, 47.74104421083924, 16.170652174473975], [54.22276854197597, 68.98347145316932, 47.49082532291748, 29.008457994938272, 89.79051992041144, 75.82383227813834, 53.21911403796612, 84.65729326409556, 61.12216315286941, 46.94088905612161, 62.31423439789698, 11.421589064039372, 83.81244538157682, 39.75626973907131, 21.011756868385817, 90.53158768554144, 51.45827723429105, 86.81293761363037, 36.99322142007965, 19.940544503293307, 59.54308509283605, 8.153487038269194, 81.25643289780501, 93.75909919714161, 87.62509243692597, 55.41851705566764, 13.096966774392174, 42.48338617749049, 29.561605561040015, 33.37556665407354, 16.128887191085255, 28.637004681286225, 61.86334979876334, 59.64876882811058, 0.0, 25.718614900101244, 41.126196316660945, 75.63881510374613, 17.16243467166493, 30.136095961344953, 48.8593421850572, 35.384896779532255, 10.524838103995855, 71.28554193253629, 72.48055597869158, 30.37709571327509, 80.27180533198455, 62.94554893989755, 9.078982990174842, 54.2023263125479, 15.307749140728394, 23.294376777521798, 72.61057713178263, 26.310021162470353, 29.971919146222863, 73.31554348695005], [31.991185460169508, 59.67375994693623, 26.769838266572062, 16.773039976965315, 67.69640000274461, 57.85150271705697, 53.14451952290613, 59.44056025120446, 35.567343677255536, 36.8981160332788, 37.74437851368247, 36.916016231770804, 58.09384353551193, 31.671939125633997, 11.627887393678003, 67.579391736718, 36.766649024059625, 63.229827037461845, 15.993531586410228, 15.919155269973972, 35.3670