instance_id,num_cities,city_coordinates,distance_matrix,best_route,total_distance
1044,92,"[[54.25705347896146, 98.5637892852871], [93.51815358673184, 0.6686810135449694], [38.51596223831339, 3.0670310547479485], [71.72964131510183, 37.9170319347224], [26.15072475879552, 18.021605211528215], [72.5265734838118, 77.09052650127383], [44.42903938160768, 82.46471395091491], [93.61725623921072, 67.71301161593598], [84.9531312091748, 26.100626641677128], [63.39362822536809, 10.68367488203914], [69.31251201109058, 73.02285291802738], [47.287205068637505, 67.6048914345976], [34.11204782218056, 25.637630840885972], [91.79774081531649, 77.35072372531106], [76.12747101875091, 96.44882708538609], [23.59626403941295, 78.25818330942008], [96.94531141593029, 77.17067175993844], [16.311552905316095, 79.38646488591999], [5.696955681702898, 4.919224263895805], [6.652964057157085, 74.49840535594316], [55.286201408565596, 84.19877956995182], [24.506037463377627, 16.539985601326556], [69.09789451445302, 93.04491981082928], [80.80673990943534, 13.220301891146702], [24.944064363534412, 39.49391754535429], [86.4685194678913, 50.622135293435], [99.88643030974808, 55.91055358753205], [93.76463206172329, 47.17778868975162], [39.152973294401015, 68.45978156763337], [34.248635500101024, 69.370891029958], [77.85062758563257, 61.290092194990784], [23.917207447803847, 45.104467620676694], [21.20721641849672, 69.97538997042211], [67.77236774439861, 9.954667867217971], [47.241244079609004, 98.24549494722201], [86.57070152853763, 55.10181157818962], [22.148153074544965, 97.22177511691359], [23.048357582874345, 10.569801634478605], [17.061121143548352, 0.10539168670529175], [17.16161184968479, 36.31782755968877], [88.36594227299524, 37.35411011026988], [94.8606984312353, 47.43996759525909], [50.306779001959235, 75.56059101800162], [52.76944393229098, 41.65966738578333], [3.655288679476154, 64.01141685272562], [73.8725674911121, 73.47451090081447], [12.810407487945774, 21.740855563251216], [34.13180793046108, 99.3524153726121], [66.21187128559717, 69.38952274061701], [27.60388918629504, 19.04974187680922], [40.533563793015425, 47.41630093443511], [46.54554347176754, 11.594736994064913], [22.040825251103225, 54.51734319309535], [71.77697430728065, 60.40660544557662], [27.2400342228158, 76.43999163470244], [24.723245554721586, 13.511149321836335], [57.235642529122444, 73.13570107613042], [61.99995795978081, 85.22896010580054], [53.23239251275266, 28.05516395688864], [89.25531048702939, 48.949494101138235], [35.21198837479924, 77.85721638092149], [89.90675585200947, 63.81373050975956], [21.149292653707043, 19.221677975312968], [45.983360376509566, 99.18247576583609], [94.14270964458905, 72.61695406841092], [21.57461512363318, 36.49739424678343], [1.8029274889840963, 52.207778552648335], [10.214307891776908, 29.302655221384168], [83.52812594173307, 70.17176271317764], [13.242216351146585, 53.89175947989075], [1.0266263907720674, 45.33556278752427], [18.861428128819714, 45.66791643183278], [54.4692771737053, 96.72063345728033], [1.8296583227621732, 41.90633623271811], [78.69914618703181, 33.74699578850815], [25.210984830267613, 1.3053879672645485], [56.882251822511755, 91.42095884316281], [82.44017803008865, 84.28297738399196], [80.69653987817873, 57.988241018697074], [31.124274968322, 92.05192942102516], [0.8249341122900766, 83.19970929713647], [33.20087765500934, 29.516731787568208], [61.8964617253132, 48.93601147337824], [98.6696971854657, 9.989014687306575], [84.89330697153554, 79.15989577879688], [98.28565688467786, 64.96687828243029], [0.9005127136000324, 46.36075698136549], [44.35072678893947, 2.9924194698804585], [48.78265804253289, 76.64493832315938], [87.31347341809362, 20.867858150046636], [57.79631154249459, 36.420752301712355], [43.907403253542064, 43.93878976446099]]","[[0.0, 105.474576108219, 96.78539552013235, 63.11355244977035, 85.30538745880757, 28.1935520252223, 18.861868616857016, 50.009959449410346, 78.6966271725388, 88.35378602880934, 29.648039768744738, 31.73376975703205, 75.6574242118355, 43.11957045400393, 21.972442478517042, 36.77501384232909, 47.74885174689086, 42.516241424931735, 105.4864335169452, 53.34127888742332, 14.401827994483387, 87.25266371145598, 15.83377664730788, 89.37783108886839, 65.94316551586871, 57.757949484295686, 62.46069600520132, 64.81797453390128, 33.680625274572726, 35.39155405690434, 44.11332263507415, 61.46873457323352, 43.69883642740893, 89.63392280925589, 7.0230259015389205, 54.15824366136808, 32.136933382151646, 93.36447162719384, 105.25014698318027, 72.46124164555646, 70.07168557607488, 65.286301224714, 23.33991857243082, 56.923563410216424, 61.27320002693564, 31.84713927206718, 87.29024922386746, 20.14069113742237, 31.52864566087974, 83.86223764060637, 52.956583478929296, 87.31027111986533, 54.57082347355411, 41.987120696804574, 34.91964707683857, 90.03442327942282, 25.60194646315768, 15.419800227148812, 70.51607033716601, 60.71619454661692, 28.13319509521778, 49.784213001608485, 85.97263782149862, 8.296792784852116, 47.58260002915343, 70.14541446114227, 70.00225042394665, 82.07842670687225, 40.77870591365297, 60.64492651125403, 75.27763588269885, 63.64608125294442, 1.8553334748572978, 77.19260812583241, 69.27216334974672, 101.50305774153883, 7.609973263285275, 31.594779600822044, 48.42955252930561, 24.031848878396527, 55.597179190103795, 72.18627770859558, 50.21231809927342, 99.08568825054375, 36.2641849663338, 55.382942742253626, 74.64634635512952, 96.0834118715747, 22.592145380515706, 84.43568329897191, 62.243741799334515, 55.59681494868907], [105.474576108219, 0.0, 55.054456096197846, 43.15297108378693, 69.5664750084983, 79.25241260029635, 95.39566100056665, 67.04440384743855, 26.835488942076747, 31.745663175202747, 76.29573563490823, 81.34959659650517, 64.44015718160009, 76.7013395877358, 97.34614641434707, 104.44712300675913, 76.57871766324837, 110.26036770552479, 87.92400081546201, 114.0017076559972, 91.86380969781644, 70.81363202902013, 95.54956068705974, 17.8640203854118, 78.80231408113586, 50.4484383871551, 55.6077281850422, 46.50976078712531, 86.89767627820758, 90.73516096508993, 62.61331219976344, 82.57621228191871, 100.16132756998442, 27.369235292310858, 107.99438397888044, 54.87470084810084, 120.06738505540758, 71.16195850576042, 76.45910740313246, 84.26851793825405, 37.045458418438095, 46.79055113127366, 86.46398717166105, 57.79894724189146, 109.94378869646027, 75.40979988446085, 83.41328923258814, 115.17472586230451, 73.94719156794629, 68.42918712004196, 70.65908804871744, 48.2265984732689, 89.49126708526703, 63.571208041914396, 100.66817083699014, 69.98334347101614, 81.04251726962033, 90.24321279597103, 48.71305772907086, 48.468636701394836, 96.73509649492223, 63.24823688829395, 74.70920779266004, 109.38246807434514, 71.95098377261395, 80.37144653756702, 105.20437858428801, 88.08765626638082, 70.21736977481892, 96.31678036814989, 102.71228227652043, 87.16970714834686, 103.6860275898996, 100.53518971855769, 36.24607411381144, 68.3101361385629, 97.86810118389816, 84.344958948111, 58.73606845266024, 110.65213137826171, 124.11044906084261, 66.86092886943894, 57.70326321705956, 10.649273272853423, 78.96365476889075, 64.47470247875842, 103.27532719460876, 49.22230813695884, 88.1683403289513, 21.130660495755073, 50.539693315528126, 65.82954397486124], [96.78539552013235, 55.054456096197846, 0.0, 48.142196035807444, 19.404597036153927, 81.46287225119343, 79.617564209054, 84.94265950210662, 51.83586777213763, 26.017523482362254, 76.43457653754633, 65.13117627678376, 22.996226579389855, 91.41671031656881, 100.67167140088931, 76.65707254866676, 94.3681006012299, 79.48390890071994, 32.87123075041237, 78.21567545990908, 82.84685593890542, 19.437039291351244, 95.03302082299679, 43.49251412261117, 38.873055852646175, 67.53469985132335, 80.98624713480582, 70.6977683975258, 65.39585310037675, 66.4410409694409, 70.26479023327435, 44.50022151032406, 69.11093382847389, 30.056227374655414, 95.57756291170556, 70.82991142429987, 95.56684051611971, 17.19122916341445, 21.65828973275496, 39.517385398496536, 60.50309330619212, 71.71950079217083, 73.4461680150825, 41.14065287984752, 70.21028928347009, 78.7864376227057, 31.772429349965112, 96.38514430260433, 71.87305671374766, 19.35252912448964, 44.395139991837645, 11.713067205992665, 54.02374253863498, 66.28817175917105, 74.23434445644577, 17.30082772270625, 72.52616733810969, 85.45221261287563, 28.999656997238414, 68.40820035571649, 74.86312887138881, 79.56868204842287, 23.718638864593647, 96.40508672764409, 89.0591197924617, 37.47797253336264, 61.340524819713295, 38.5913411812004, 80.80309333319677, 56.761917256718874, 56.498487388021864, 46.916267391734934, 95.00266049116424, 53.42636541719536, 50.55638939166158, 13.421095715189823, 90.24265703496913, 92.33291217695391, 69.24984067806143, 89.29137236012245, 88.55427557997889, 26.978450529699238, 51.48408609372693, 60.55068691188946, 89.11218865237538, 86.04654255070369, 57.352146843473385, 5.835241575962314, 74.29073617036872, 51.942916192850554, 38.525349970006054, 41.2258207467807], [63.11355244977035, 43.15297108378693, 48.142196035807444, 0.0, 49.73193781610287, 39.18159998567132, 52.24766826325273, 36.971179210695546, 17.733812873382824, 28.480604814349455, 35.18893549092053, 38.45519069445376, 39.57103778550651, 44.246408507195866, 58.696779721391486, 62.803109016991144, 46.65488461202751, 69.21617146511862, 73.8184995989498, 74.65367241011991, 49.116055217524675, 51.83673283188992, 55.1906705241324, 26.31201614731387, 46.812143498456194, 19.4590385311902, 33.41514010084593, 23.90193366402628, 44.65533399796305, 48.93026720637298, 24.16125863555462, 48.34964388756625, 59.83522154532576, 28.24099534997039, 65.10917791382276, 22.70624847158491, 77.30055976546439, 55.83671185619913, 66.47079987477974, 54.591458071494564, 16.64582201460926, 25.014637852756344, 43.312545182016244, 19.32605507895197, 72.90428252858969, 35.62199381028397, 61.09946641976535, 72.02710193656092, 31.952518893283212, 47.99017227581421, 32.61029537267222, 36.42941112790046, 52.3884412415253, 22.489623320817635, 58.85017895701145, 52.96459523583153, 38.08451991163781, 48.30202154630868, 20.96198113891506, 20.709039122500318, 54.11799432596143, 31.639318734356316, 53.92483593276726, 66.45544063500192, 41.30896062631338, 50.17511358663698, 71.3720585762911, 62.11556755228225, 34.3448962303787, 60.62978475185819, 71.09114515468133, 53.43336201286347, 61.28444926991988, 70.0137284474365, 8.121773182045235, 59.19795499131622, 55.52580633694937, 47.58693617084127, 21.983145906196818, 67.67113788025667, 84.13084079352204, 39.433877209038705, 14.768525008217699, 38.803875549618525, 43.292677343578994, 37.906676857331746, 71.33065225491343, 44.37717337156906, 45.01571697244304, 23.098271575040265, 14.013441093906376, 28.466445126044857], [85.30538745880757, 69.5664750084983, 19.404597036153927, 49.73193781610287, 0.0, 75.09898006830556, 66.98515544094025, 83.79122114187066, 59.354811023407464, 37.958913052679456, 69.91478476033564, 53.90039955851126, 11.017554688161106, 88.48432076219838, 92.99733489505651, 60.29071744895971, 92.252293052817, 62.148654897914696, 24.29051370300577, 59.74773323675589, 72.30694576369892, 2.2136379489526137, 86.44626726173296, 54.86649711546451, 21.50619041743263, 68.56406434999263, 82.90070374934257, 73.63235359395173, 52.087120299659695, 51.98389474093823, 67.41692605082541, 27.174805166760024, 52.188447241550314, 42.39618665561833, 82.9498793823497, 70.89086892576768, 79.30124521802591, 8.071806405332234, 20.09008713145272, 20.385188326480357, 65.14966643045116, 74.74289616684572, 62.40392491050716, 35.5993566485599, 51.19675203752246, 73.16009173827513, 13.849075350568487, 81.72146823235195, 65.14260059528742, 1.7800988331677416, 32.72482536739594, 21.38348113426889, 36.72642325060434, 62.27554008357473, 58.4285415477377, 4.730952252022812, 63.27586961678637, 76.1708347924801, 28.880599533810248, 70.27604891497587, 60.51782268335118, 78.4968167513039, 5.143393601522998, 83.54890989521131, 87.19840666844034, 19.034063146587552, 41.97034285779601, 19.52514972757613, 77.53583103284961, 38.1221399785803, 37.11162347930134, 28.59112396268665, 83.63897092684536, 34.08804260353678, 54.85092983166368, 16.742611208849343, 79.57318561682493, 86.94292375897446, 67.62083942676847, 74.19720415386224, 69.92553842527782, 13.484902330353494, 47.2594776293833, 72.96248263559816, 84.78550311526313, 86.0657138267453, 37.95630028547575, 23.603315401743714, 62.84027044242259, 61.22893906765408, 36.60562493020521, 31.416557518553365], [28.1935520252223, 79.25241260029635, 81.46287225119343, 39.18159998567132, 75.09898006830556, 0.0, 28.606875281449444, 23.081479253150437, 52.48227533742681, 67.03193739608592, 5.1842221721558115, 26.962992983254946, 64.21118480176864, 19.272923828891404, 19.69035968594712, 48.944239750416365, 24.418869454992564, 56.26188649260517, 98.36104250268455, 65.92458957723987, 18.64826241185219, 77.28091538643939, 16.318655133034436, 64.4047106024405, 60.64322038913839, 29.915774951590173, 34.59989910624837, 36.68551506439115, 34.47153822666172, 39.048601871191316, 16.673310299586003, 58.18916075297556, 51.8102458732823, 67.30398195311035, 32.96787183043676, 26.091016011365305, 54.25175032897585, 82.90416567063231, 94.88481114344556, 68.75821373282967, 42.77696098648203, 37.1210018804204, 22.27240376337366, 40.56710423209073, 70.10218955067424, 3.858402349477538, 81.42239590059489, 44.38186248927124, 9.958961932540317, 73.39468812058435, 43.636135622520655, 70.46071503795119, 55.302435563735024, 16.70075210037538, 45.29121144162913, 79.5455552725689, 15.794087932021842, 13.305778290880243, 52.69470750657294, 32.737873270392846, 37.322460733843585, 21.871077955878132, 77.38493790923432, 34.53398882793087, 22.074197444829846, 65.14525651931939, 74.9732302110329, 78.52705956977886, 12.996285963299842, 63.66174512174329, 78.23439240365475, 62.18784647781725, 26.67221492743414, 78.96822815628182, 43.780844080773484, 89.34289088814161, 21.21570388527516, 12.247893892432028, 20.776083883709834, 44.02265212016278, 71.96142857807241, 61.72338532421319, 30.094451190446538, 72.01441386694725, 12.538675622375113, 28.469513936613698, 77.93979289300655, 79.2742568720059, 23.74809611962775, 58.13467851634296, 43.255186397738875, 43.79605636739572], [18.861868616857016, 95.39566100056665, 79.617564209054, 52.24766826325273, 66.98515544094025, 28.606875281449444, 0.0, 51.352637706454836, 69.41982682672489, 74.24401120508207, 26.61458152717387, 15.132198660834636, 57.756018644219466, 47.64395839498874, 34.646009704038526, 21.253221602763936, 52.78243752521111, 28.285485024135298, 86.68031655765925, 38.6069156958813, 10.994769249545111, 68.86941130429979, 26.84200382988342, 78.21844857318052, 47.18213216020531, 52.73772560020798, 61.486955048699905, 60.656143954963056, 14.965794479975337, 16.58580181588977, 39.56472121203271, 42.6206904582351, 26.367333487096868, 76.17491557010703, 16.029396249293608, 50.245876594654845, 26.724684261657444, 75.00674617103952, 86.78744674493562, 53.6008183502211, 62.971565127086045, 61.40101865422034, 9.067234226456806, 41.648699538540406, 44.75514406315337, 30.78546894911968, 68.46258000040554, 19.77947003503572, 25.405755075244542, 65.60902653030628, 35.26423095765834, 70.90157419569832, 35.80904444729498, 35.135020926877516, 18.214257529101822, 71.71410171928711, 15.844228141371543, 17.787024385365573, 55.117131247045904, 55.97021120913901, 10.304516636873553, 49.15365580182725, 67.39160338741378, 16.789862234563728, 50.67965455407025, 51.33536002547686, 52.27300981173117, 63.22066386303843, 40.98603689025768, 42.296946201073645, 57.11692673403366, 44.80744416761593, 17.436674450531996, 58.8191233335609, 59.56388405239265, 83.4036558842519, 15.339387949595789, 38.0546021299147, 43.75419202168375, 16.399129750183526, 43.61029940847343, 54.125413909999146, 37.805882256079634, 90.5250017550081, 40.59899967659361, 56.62781562053492, 56.55288094117336, 79.472333065932, 7.267997234601393, 75.05496204237714, 47.945076591621564, 38.52945546812852], [50.009959449410346, 67.04440384743855, 84.94265950210662, 36.971179210695546, 83.79122114187066, 23.081479253150437, 51.352637706454836, 0.0, 42.5047955621718, 64.54310914905888, 24.8780024649837, 46.330177330132734, 72.8780316427361, 9.807962636602156, 33.639852522746025, 70.81059239046937, 10.026130193586287, 78.18210331779663, 108.04183902607244, 87.22860587520887, 41.725894951020265, 85.99441349397621, 35.25485317206718, 55.97825240024545, 74.24503049065164, 18.525725111224098, 13.364152013462524, 20.53575175787702, 54.469402255330905, 59.391764518455616, 17.024701847250853, 73.27511899076026, 72.44537405974403, 63.277045868974824, 55.5244724621746, 14.446324781153269, 77.32140603040186, 90.8037218650932, 102.13536162015886, 82.65060883588993, 30.80972572098793, 20.311141335464384, 44.0157010734829, 48.449153922810375, 90.03808866812844, 20.56812115310846, 92.96873634315037, 67.3763343509492, 27.456616943952277, 82.01145317189535, 56.831636156376874, 73.24620733796674, 72.78262937075623, 23.030012722368525, 66.94845616488651, 87.65972042131462, 36.78352045592954, 36.14501351486855, 56.60107860414671, 19.263856318844745, 59.2796778384263, 5.382583605333508, 87.19527042492673, 57.09041258337958, 4.93201306348732, 78.51469229797212, 93.11435558602959, 91.82269475135871, 10.384411736717134, 81.55473038160348, 95.25636436374613, 77.93856592308134, 48.72377643208383, 95.34646100200266, 37.09771204155317, 95.33829475471843, 43.7210168137003, 19.987267017963674, 16.17145863709153, 67.06530867778464, 94.07578248824247, 71.47793081753642, 36.86169473785117, 57.9446889795071, 14.392305161541216, 5.41619911672283, 95.14364565210546, 81.33846551177683, 45.715648416715666, 47.26738919274615, 47.564120636818366, 55.10247824281537], [78.6966271725388, 26.835488942076747, 51.83586777213763, 17.733812873382824, 59.354811023407464, 52.48227533742681, 69.41982682672489, 42.5047955621718, 0.0, 26.504614135425086, 49.46033044398809, 56.0475332911741, 50.84319153116622, 51.70513641547027, 70.89965855675955, 80.52996874727208, 52.45914500344573, 86.8967596026249, 82.03775451541148, 92.05031863339191, 65.23436285786401, 61.198504878923536, 68.79627110943619, 13.53127216819179, 61.48551329309253, 24.568288262166174, 33.34119323816096, 22.844896744683584, 62.38551491379533, 66.65779523313991, 35.89908137613383, 63.92597251007599, 77.38563503424764, 23.57690857553473, 81.4068083989142, 29.04626071390055, 94.88246960807861, 63.82325221365429, 72.69853692554832, 68.55713888186355, 11.759599038029553, 23.527162187413683, 60.3875632673957, 35.747356204522454, 89.70266001858478, 48.65247991735044, 72.27433977404333, 89.15509773468403, 47.171637124313484, 57.78105690073767, 49.269218991107124, 41.05561630611992, 69.03236936775134, 36.749303291313346, 76.58232976123084, 61.53156966253417, 54.594481459057675, 63.42718644604435, 31.78089802952785, 23.250365388931463, 71.7838830929771, 38.03704247791714, 64.17359074546684, 82.82270045197018, 47.41536743600894, 64.22561076268443, 87.1523938834255, 74.80738397975483, 44.09416826117656, 76.90775236740838, 86.102502748574, 68.92744044133474, 76.9184680001601, 84.61283708973775, 9.878223007545344, 64.68328930164157, 71.09655454698935, 58.2365939215372, 32.1704603699829, 85.13001880941668, 101.67526143004137, 51.86487754060945, 32.450960048971126, 21.159589361567416, 53.05930286297322, 41.08943608143456, 86.4599072249317, 46.71771059672146, 62.15328287752455, 5.740477456641097, 29.051641056014486, 44.754350034414045], [88.35378602880934, 31.745663175202747, 26.017523482362254, 28.480604814349455, 37.958913052679456, 67.03193739608592, 74.24401120508207, 64.54310914905888, 26.504614135425086, 0.0, 62.61953611670664, 59.15607965988722, 32.87904727524, 72.46577822319766, 86.70531751138367, 78.42285626876722, 74.47305686462485, 83.28742504580389, 57.98391943927163, 85.39217057615247, 73.96080709987262, 39.32608664122184, 82.55854480377516, 17.59690129270302, 48.04580151776356, 46.12516911499522, 58.11364006333708, 47.478607989684924, 62.65530987256694, 65.52571968432257, 52.63092535530132, 52.37536415304002, 72.76813051921093, 4.4390101377647335, 89.03915906341227, 50.101373179369084, 95.86465465789956, 40.34543134398959, 47.52474395351919, 52.86311683643427, 36.53667450872572, 48.38596450791161, 66.1836828070858, 32.74729612479911, 80.0781947560782, 63.65922757991872, 51.777634793294304, 93.37237100532471, 58.773455460275784, 36.75454390202565, 43.265094043079046, 16.872699666516805, 60.2614702063604, 50.42469945726487, 75.03982644021755, 38.773613548416456, 62.75489115266338, 74.55831184986098, 20.12509239444497, 46.185490469539246, 72.84565534175142, 59.37801569226813, 43.098507917465774, 90.1950951240639, 69.14648999698359, 49.14446015824012, 74.28099085800021, 56.34453425151033, 62.80310973268406, 66.1974522741843, 71.3470129245143, 56.630504167394896, 86.49856809549556, 69.02881262189108, 27.67987809419654, 39.31750910336567, 80.99942619598481, 76.02386722758624, 50.36976006536476, 87.53344507300767, 95.77795534624605, 35.584915616182016, 38.28162434152953, 35.28290795928969, 71.77206291092632, 64.5299917508931, 71.96001440723353, 20.53746588390582, 67.56011193324478, 25.997626485514377, 26.3386998189855, 38.54368469017579], [29.648039768744738, 76.29573563490823, 76.43457653754633, 35.18893549092053, 69.91478476033564, 5.1842221721558115, 26.61458152717387, 24.8780024649837, 49.46033044398809, 62.61953611670664, 0.0, 22.681897022630185, 59.02907716045327, 22.897947071799447, 24.397129584560723, 46.01504115954867, 27.942369335713508, 53.38161877846985, 93.19357940844073, 62.676919234980986, 17.934289103493892, 72.09670215558323, 20.023217107390536, 60.8971459454526, 55.61248649250293, 28.21561167074933, 35.03705564840538, 35.579116345607204, 30.50277685313721, 35.25354253986167, 14.510585506734964, 53.29324454379643, 48.201727090093534, 63.08698764377139, 33.5160042224031, 24.879888024753917, 53.0100423456071, 77.72229795614263, 89.7059864223901, 63.77284119592912, 40.43874896966049, 36.15513588408127, 19.174410079020568, 35.45874374804839, 66.27274670312461, 4.582368483032499, 76.30420085578284, 43.942323546425015, 4.7765113929173415, 68.21074646570526, 38.52172588328649, 65.51143627213722, 50.76481320081772, 12.854698545491553, 42.21102017546927, 74.36293127653032, 12.077396705883286, 14.228931774126067, 47.75629061795468, 31.26086716293395, 34.441497969174186, 22.559495005644216, 72.20984783313149, 35.051036839569655, 24.833515022942546, 60.10836822258832, 70.6456744831819, 73.51226711754732, 14.498703210331156, 59.24421314805564, 73.68546810411044, 57.389933046307625, 27.962589703465657, 74.31132586993364, 40.38194961132207, 84.19227683490192, 22.203640917387194, 17.295259989238982, 18.858304415883314, 42.666698969941706, 69.23956045647084, 56.54054042618883, 25.20265328533578, 69.53494864785067, 16.74587909529831, 30.07227712021923, 73.42389943074127, 74.34616553940181, 20.846927990770585, 55.174070819765625, 38.371039114933275, 38.617383138989446], [31.73376975703205, 81.34959659650517, 65.13117627678376, 38.45519069445376, 53.90039955851126, 26.962992983254946, 15.132198660834636, 46.330177330132734, 56.0475332911741, 59.15607965988722, 22.681897022630185, 0.0, 43.98676767175974, 45.56499796439259, 40.78889020186867, 25.976014217357402, 50.57105574567054, 33.14055672332592, 75.2279317321925, 41.21482836022567, 18.42121238938503, 55.91606392817525, 33.50971826030892, 63.88460531108484, 35.90881214367518, 42.70350576010556, 53.88354139852348, 50.768274999709355, 8.179031953511394, 13.157623302267726, 31.20896482405175, 32.44111373864698, 26.18749837803944, 61.181616252116534, 30.64063798340961, 41.22523620321296, 38.8475447642901, 61.97195491466866, 73.95808688481773, 43.433071877388954, 51.015413563323975, 51.67070179673835, 8.509464295722195, 26.518099364421335, 43.77964352711573, 27.22561161503109, 57.37734185049129, 34.36524043358265, 19.00862699728097, 52.39308611547207, 21.28827980046856, 56.015064602092494, 28.437011320897472, 25.525754024939754, 21.907716778967547, 58.61113550092302, 11.382498108765596, 22.958068171410297, 39.9940770278139, 45.92761393844119, 15.84048689302716, 42.78783717523522, 54.992052244458726, 31.60449087040746, 47.122808499836715, 40.35856368814188, 48.0196896287601, 53.30535624136543, 36.331710307811996, 36.703014110305524, 51.341641364513656, 35.906206523443906, 29.988474340216204, 52.21881170246493, 46.1851398439688, 69.87834900759978, 25.676253406958626, 38.90874013591163, 34.76583980918141, 29.30696121636491, 49.00960075930844, 40.609512743956074, 23.70564192480434, 77.19941547379062, 39.34128907046152, 51.06663490992918, 51.01998114766308, 64.67916540956986, 9.162904962102793, 61.53415667922896, 32.907322169055476, 23.906221545249792], [75.6574242118355, 64.44015718160009, 22.996226579389855, 39.57103778550651, 11.017554688161106, 64.21118480176864, 57.756018644219466, 72.8780316427361, 50.84319153116622, 32.87904727524, 59.02907716045327, 43.98676767175974, 0.0, 77.47182166292147, 82.33784852644627, 53.66101238944033, 81.26298862462771, 56.61973843533653, 35.166316731231674, 56.04798450815014, 62.271606054184865, 13.230365978245171, 75.94571795073527, 48.317536437297456, 16.61471040778126, 58.0122882321285, 72.40662430499872, 63.4224661031861, 43.11783299843295, 43.73347348380679, 56.42837371686155, 21.974815231760978, 46.177608840067386, 37.13451850905719, 73.7853489823707, 60.16683717135201, 72.5770245274883, 18.693440526152013, 30.702269245552003, 20.034567168022487, 55.504602958223586, 64.54254750761002, 52.48400966800431, 24.592764884322992, 48.99144446083589, 62.203424489424016, 21.65513192048212, 73.71478718018989, 54.26441477790267, 9.260475680701045, 22.70564551840222, 18.756190489046094, 31.300993592965092, 51.25942139928638, 51.26504104294616, 15.336269495848562, 52.82771344893819, 65.79408830132331, 19.27257241400998, 59.868375508186375, 52.23116869449104, 67.60520712239276, 14.463660419514875, 74.49679373501607, 76.22819143697846, 16.586792333138874, 41.831232424228666, 24.177145768077242, 66.52245995403644, 35.12613913852176, 38.505241646668026, 25.17526051278153, 73.94058457865279, 36.15001309707075, 45.318551835320655, 25.90920619484323, 69.61270310275157, 75.9926630705459, 56.71575512141271, 66.48146991845272, 66.49379531459094, 3.9846775563518104, 36.260008218932896, 66.4271727445549, 73.77919167948288, 75.26647198071964, 39.14657100312494, 24.852286514964145, 53.07515634295099, 53.414814583219794, 26.02345204641994, 20.757683058873717], [43.11957045400393, 76.7013395877358, 91.41671031656881, 44.246408507195866, 88.48432076219838, 19.272923828891404, 47.64395839498874, 9.807962636602156, 51.70513641547027, 72.46577822319766, 22.897947071799447, 45.56499796439259, 77.47182166292147, 0.0, 24.704147575847756, 68.20751364263984, 5.150718571086766, 75.5136332542468, 112.51518704092214, 85.19253916439534, 37.148194824271634, 90.69795593721592, 27.596934845259913, 65.06545247318998, 76.82806667661482, 27.254688399071284, 22.9152305961393, 30.23697520975406, 53.39026502820909, 58.09971817855562, 21.271244735424908, 75.15043474939893, 70.97476792927196, 71.55031024687447, 49.21252752882248, 22.85467198267911, 72.42874951196617, 95.84450558140007, 107.48210847260569, 85.17188688008002, 40.14357161372136, 30.06717548471017, 41.529561607453175, 52.88723343322962, 89.14611027049867, 18.33948921217711, 96.59946305839824, 61.72061447218072, 26.795847452740002, 86.71709791885428, 59.36400857082289, 79.82237252437012, 73.39884560101572, 26.22850044983357, 64.56413023826985, 92.59848365108553, 34.81817131725391, 30.821655886284308, 62.58864355919666, 28.514799598439858, 56.588019174288924, 13.668431126114676, 91.48873803615933, 50.75020051340392, 5.282750606913822, 81.24211907250503, 93.4410729689944, 94.68090311434366, 10.950982210337289, 81.98349484688187, 96.25157527929673, 79.5204752645387, 42.05481661911898, 96.69829611793652, 45.52865329902537, 101.07763928370345, 37.6438957585197, 11.645605268416746, 22.319103898020497, 62.42911906149328, 91.16063948681816, 75.64180826056321, 41.24902863799836, 67.71132570607378, 7.137528299226694, 13.98043929482319, 96.03480679090433, 88.20644280188611, 43.020872596721176, 56.66059263441556, 53.21052295675467, 58.39385038499267], [21.972442478517042, 97.34614641434707, 100.67167140088931, 58.696779721391486, 92.99733489505651, 19.69035968594712, 34.646009704038526, 33.639852522746025, 70.89965855675955, 86.70531751138367, 24.397129584560723, 40.78889020186867, 82.33784852644627, 24.704147575847756, 0.0, 55.591611126950944, 28.373046215634282, 62.201834889164715, 115.49080345768627, 72.8596467988759, 24.174825399469405, 95.1325146815555, 7.810347659583258, 83.35996019288557, 76.5741656013728, 46.97896299006552, 46.98765545095941, 52.33263488722719, 46.3734854303921, 49.8703467545593, 35.20093617571963, 73.22673603943477, 60.96783773463426, 86.89676248044519, 28.94204765018124, 42.64547754255878, 53.98485171213417, 100.95840378857159, 113.00836797334799, 84.21822636167036, 60.34870133656608, 52.46715275113438, 33.211843403111345, 59.56046885275813, 79.40026949336503, 23.084709096447966, 97.93023814489644, 42.0959207425953, 28.818831858542723, 91.35182748569173, 60.58972563345997, 89.862712192661, 68.43693879627024, 36.30383674447734, 52.82362135038723, 97.57588220645087, 30.00671638158649, 18.040843668491917, 72.1240443675354, 49.280085258178545, 44.94134742721754, 35.42482489747182, 94.79785153687844, 30.267808667292282, 29.874855551836887, 81.05669858632885, 86.49513365608645, 94.09119761908214, 27.299337085545616, 75.93193832497727, 90.84438700887851, 76.53822936987505, 21.659899338024953, 92.16858618760295, 62.754546936084985, 107.91090108513463, 19.89115182618768, 13.706136172091101, 38.73103498275493, 45.21747852129974, 76.45921256928956, 79.51476465897511, 49.59827893073072, 89.35016015913135, 19.38419525477114, 38.49802983661495, 90.37649043080944, 98.71100039125524, 33.76289097235293, 76.40425063360578, 62.76464904688202, 61.60711636036535], [36.77501384232909, 104.44712300675913, 76.65707254866676, 62.803109016991144, 60.29071744895971, 48.944239750416365, 21.253221602763936, 70.81059239046937, 80.52996874727208, 78.42285626876722, 46.01504115954867, 25.976014217357402, 53.66101238944033, 68.20751364263984, 55.591611126950944, 0.0, 73.35710894257517, 7.371569413842878, 75.49164293857616, 17.35544135273323, 32.241941852057565, 61.72490272182106, 47.843975088293014, 86.61965463248974, 38.78768961849654, 68.67802889283921, 79.49594973168126, 76.7436694498556, 18.385316955050843, 13.872886570467875, 56.84586246925046, 33.15526909318365, 8.620453238174575, 81.34431977905273, 30.960906117358427, 67.09692488353397, 19.018802265332223, 67.69059916456396, 78.4255502441191, 42.43109931661909, 76.60453265155542, 77.64265598877277, 26.846389212240986, 46.803053243083575, 24.507404039946802, 50.50336830826424, 57.53731864726315, 23.57889546641233, 43.52864713318887, 59.34391793770303, 35.186557538011456, 70.50308150077224, 23.791739727331247, 51.38151101461573, 4.072208505893108, 64.75684131831301, 34.027159878607236, 39.03121104800945, 58.2978838638157, 71.9034744884968, 11.622642828265645, 67.86548121917394, 59.08719515281226, 30.64323901300371, 70.77163594882971, 41.809694658926965, 33.9642916309452, 50.75155643638652, 60.474939182591186, 26.475062110808135, 39.91600538154718, 32.9324181658834, 35.972281071019296, 42.370295140724, 70.83483207784259, 76.9697345338029, 35.79407272787353, 59.151537236009645, 60.59135302444054, 15.714273140594017, 23.301333561347047, 49.678744943506125, 48.23582593841847, 101.47265517709397, 61.303674911051694, 75.8627984780076, 39.14770663265996, 78.07485466122132, 25.238007097750234, 85.75273869040711, 54.03715279821601, 39.879357435514336], [47.74885174689086, 76.57871766324837, 94.3681006012299, 46.65488461202751, 92.252293052817, 24.418869454992564, 52.78243752521111, 10.026130193586287, 52.45914500344573, 74.47305686462485, 27.942369335713508, 50.57105574567054, 81.26298862462771, 5.150718571086766, 28.373046215634282, 73.35710894257517, 0.0, 80.66419745292949, 116.38957895565012, 90.331882518252, 42.24778983562199, 94.46442989208724, 32.05417881128596, 65.9553128764129, 81.26325975030986, 28.54098733463434, 21.46259082804908, 30.161063575679457, 58.445136268945106, 63.179979030783954, 24.835453647913635, 79.75804296169943, 76.07911089038052, 73.27381402498831, 53.9874289270088, 24.38579750668746, 77.43811491622435, 99.48083075282982, 110.99793353139502, 89.63477894058086, 40.73038370176008, 29.80369744551238, 46.6663161790663, 56.679261635922224, 94.21355704929697, 23.366923574076992, 100.75289863110497, 66.61505813115711, 31.703164231755437, 90.47803781751779, 63.777800629160964, 82.7063469707347, 78.25506592402895, 30.240355689160655, 69.70910673659748, 96.27336908152739, 39.91414275064799, 35.86242796075407, 65.75068353855517, 29.250145003675808, 61.73714050081396, 15.097984765760332, 95.41028425098554, 55.51252083393769, 5.347047924121855, 85.6449494322217, 98.36269240205354, 99.06368648320135, 15.132930776747749, 86.8798934182494, 101.06368437891526, 84.19926616341496, 46.759111275923594, 101.44240150704377, 47.101360706799504, 104.40955366077118, 42.52198755867506, 16.15499259767708, 25.139375999188353, 67.48229892803765, 96.30927383496926, 79.58800682509083, 45.00686510003701, 67.20378377224665, 12.215065424504047, 12.277178064085524, 100.86552536141409, 90.9318615496966, 48.1655226859688, 57.120741623396206, 56.508407577476305, 62.588958157196274], [42.516241424931735, 110.26036770552479, 79.48390890071994, 69.21617146511862, 62.148654897914696, 56.26188649260517, 28.285485024135298, 78.18210331779663, 86.8967596026249, 83.28742504580389, 53.38161877846985, 33.14055672332592, 56.61973843533653, 75.5136332542468, 62.201834889164715, 7.371569413842878, 80.66419745292949, 0.0, 75.21994150541455, 10.82503877620671, 39.27062004310597, 63.378462711248694, 54.524776491172155, 92.39908155467359, 40.815874208395265, 75.82470978623923, 86.80943810701469, 83.88312281453464, 25.320404691256957, 20.5438713896959, 64.14465228745556, 35.115542392419535, 10.608291676768765, 86.42331804061085, 36.22580311035528, 74.33769132503775, 18.766038275864926, 69.14562660303147, 79.28461654169115, 43.07702544683579, 83.41794696068246, 84.79709282749167, 34.209833501715664, 52.464169370638984, 19.91414387256731, 57.86381943899163, 57.7518336801121, 26.76192571543098, 50.89185226251794, 61.384338411038286, 40.10981419214814, 74.2281116298643, 25.52053634594544, 58.622930971358805, 11.318719385472928, 66.41019329813507, 41.39870963862412, 46.06045057112624, 63.230141960815104, 79.03923684280747, 18.962200872423452, 75.22475624895992, 60.35897041759337, 35.66928938688475, 78.1249975109225, 43.210788053479455, 30.80878449848034, 50.453586465865634, 67.84525353252296, 25.678801191312996, 37.32415990038545, 33.81482475935761, 41.910444061149654, 40.180658463504166, 77.29924278399103, 78.58660484690654, 42.3179708331656, 66.30965914206222, 67.84770100871127, 19.489246440174867, 15.949175357371312, 52.65206140125422, 54.81983240723038, 107.69805022997848, 68.58212831605411, 83.23267508037186, 36.44444460254047, 81.37718013733321, 32.5866327920899, 92.00923894267673, 59.724682142759825, 44.922918738191825], [105.4864335169452, 87.92400081546201, 32.87123075041237, 73.8184995989498, 24.29051370300577, 98.36104250268455, 86.68031655765925, 108.04183902607244, 82.03775451541148, 57.98391943927163, 93.19357940844073, 75.2279317321925, 35.166316731231674, 112.51518704092214, 115.49080345768627, 75.49164293857616, 116.38957895565012, 75.21994150541455, 0.0, 69.58574849388242, 93.51118211895927, 22.109356651229216, 108.56250393439225, 75.56710644526605, 39.57095662373055, 92.80518085236554, 107.1063620748025, 97.68163537897084, 71.81021888958927, 70.49266464942185, 91.56324109884316, 44.122911939986544, 66.8795401042676, 62.279310168271024, 102.15537527778883, 95.17801656293925, 93.7571479388755, 18.24829231892449, 12.341687110173462, 33.426196762070106, 88.80418438282393, 98.78353422790899, 83.54782482837344, 59.71330932794134, 59.127452415128914, 96.683718233513, 18.263857100054018, 98.6213384891122, 88.42213747825805, 26.068856200138086, 54.9508033630343, 41.39045294090496, 52.22159968649555, 86.28683753596401, 74.69487531509508, 20.87632349177891, 85.49692363255254, 98.07997622614803, 52.866714104401495, 94.44926320365452, 78.68346617262007, 102.76114689252474, 21.05551946791142, 102.51124322215485, 111.38058185675152, 35.34516782846083, 47.44861243794158, 24.798350272719, 101.56566761519765, 49.55038005960922, 40.68528475188862, 42.82241525425891, 103.95305706717077, 37.18874077804555, 78.48796232322245, 19.84583448459356, 100.51111692864754, 110.39985274320499, 91.87631995767812, 90.76704729197105, 78.43195095885503, 36.89855146602438, 71.38530686206124, 93.11086637800555, 108.55293346845131, 110.35573543583223, 41.718179479926654, 38.701764785664196, 83.67171448725831, 83.1601761076121, 60.882584946984245, 54.61286291244185], [53.34127888742332, 114.0017076559972, 78.21567545990908, 74.65367241011991, 59.74773323675589, 65.92458957723987, 38.6069156958813, 87.22860587520887, 92.05031863339191, 85.39217057615247, 62.676919234980986, 41.21482836022567, 56.04798450815014, 85.19253916439534, 72.8596467988759, 17.35544135273323, 90.331882518252, 10.82503877620671, 69.58574849388242, 0.0, 49.591219335384764, 60.64578015410661, 65.14094363947935, 96.1966134403505, 39.49529740740816, 83.31025841768712, 95.06833049358471, 91.29544784686007, 33.05624869336631, 28.067997533669814, 72.41247702206987, 34.08896706320407, 15.240863819850254, 88.89024443715667, 47.02480982669886, 82.23790253115463, 27.503680044284312, 65.9975401256682, 75.11757595081467, 39.600356049955295, 89.75917489705321, 92.26463817442063, 43.66673559605428, 56.61371236322917, 10.907015427538896, 67.22740100341095, 53.11565842321577, 37.0514328268435, 59.777622166017224, 59.27474627013587, 43.37436360753792, 74.4868403527238, 25.219617706851587, 66.63119041238875, 20.67842390714586, 63.60802207246285, 50.601030862547134, 56.37760671841928, 65.77703114994472, 86.4632552129894, 28.755859950229134, 83.93661968884201, 57.14595464852839, 46.43472199376116, 87.50997338532865, 40.8256355231385, 22.812165570072057, 45.33584674552659, 76.996820397585, 21.634511782216713, 29.7006239363177, 31.30884358439846, 52.72786001581745, 32.947037013068815, 82.77275965693009, 75.50905859216238, 53.00334108282815, 76.41622636293282, 75.86195783662754, 30.115963620882397, 10.472756242522435, 52.23162522276012, 60.871011291245715, 112.37677989711727, 78.37908364048337, 92.12708832463927, 28.71964401783847, 80.8345676831364, 42.18434210795228, 96.8625488203239, 63.76166288706993, 48.18488710100197], [14.401827994483387, 91.86380969781644, 82.84685593890542, 49.116055217524675, 72.30694576369892, 18.64826241185219, 10.994769249545111, 41.725894951020265, 65.23436285786401, 73.96080709987262, 17.934289103493892, 18.42121238938503, 62.271606054184865, 37.148194824271634, 24.174825399469405, 32.241941852057565, 42.24778983562199, 39.27062004310597, 93.51118211895927, 49.591219335384764, 0.0, 74.33122421823505, 16.40173965201526, 75.42706529472702, 54.02934359306761, 45.82278909478011, 52.81480992364095, 53.396099026817794, 22.538791172124885, 25.73801581139212, 32.15526840105684, 50.1236372273356, 36.92806560941623, 75.2867350354238, 16.18738865026633, 42.72415586141128, 35.60517743817707, 80.37726647723261, 92.37345206794627, 61.205145980074555, 57.34712122194692, 54.01250848079644, 9.970604242595185, 42.613497082634005, 55.43717852412499, 21.458400281527886, 75.53267730203764, 26.021933853311868, 18.403378768559726, 70.78635124311597, 39.630683203649035, 73.12828522213077, 44.56728285687323, 28.948456614499914, 29.099592506342766, 77.01191687406767, 11.23352244146829, 6.792333837895979, 56.181168598453986, 48.95316636997534, 