instance_id,num_cities,city_coordinates,distance_matrix,best_route,total_distance
2651,75,"[[21.196744257806888, 20.513844690371897], [69.43846685751943, 14.798844707545978], [65.20047651249607, 28.404694538844055], [85.31192149202576, 44.243642308960595], [73.34087979454954, 45.87090296712412], [45.54220595845367, 18.605382462343123], [81.60335628778115, 99.80042411654057], [2.5843952117664326, 92.00220915320972], [90.27588381892745, 60.555060117789154], [11.99343870683206, 38.66330308750642], [42.98478012310313, 72.70933057673142], [60.642030886758704, 23.12236294651263], [24.998940932584944, 90.4718857089469], [30.925545746163785, 24.041450983433442], [65.49274169526552, 15.553106939046357], [85.08527818878127, 10.017000821332257], [71.94051814374333, 26.76747501707609], [80.66078932732376, 40.72552759223444], [92.69046156263452, 6.44856884137085], [18.193578790083322, 25.263548548974136], [48.35127625359493, 38.21591268655469], [97.11420017547432, 33.84454916882521], [9.252153698769384, 90.54573699022005], [96.90966021156846, 76.21541455801713], [57.833904168350955, 94.75398806357265], [68.8784812093462, 91.01264601609545], [64.0130619494249, 37.92696965671306], [12.124778137284087, 16.65091393033388], [36.192752405875176, 74.94391088909562], [24.796936100807375, 17.493556900481334], [19.745971758837566, 76.91517855095145], [33.12685582048467, 46.391200356166664], [69.5406085345769, 79.65891068188716], [11.484765823061071, 18.743574668718143], [73.62663469965919, 31.729578226401557], [41.86476896065272, 67.62118632074929], [31.852590492645405, 0.868656943928503], [32.539516325255036, 8.436954862205837], [1.8704922550117131, 93.45264300113973], [84.59572671706493, 0.9065575447668839], [99.67765790415469, 85.03514186119233], [6.487256155282317, 12.592601646363788], [69.71990867110259, 87.62688504491739], [81.33820148030719, 19.767227576609457], [57.14961699435347, 63.538163412472024], [29.919393885838076, 34.80302921480056], [11.323440499687354, 34.91414019998113], [35.150298442965024, 37.470891274427686], [99.26934720363003, 91.52589080345612], [16.63414239347506, 55.28695781759269], [54.365517673503035, 23.911841274561198], [43.44830736443963, 24.58654663626548], [51.606479055678314, 74.94779958723544], [86.3548425340691, 89.3071895437212], [94.47559079837681, 69.96286729573134], [62.68151737938143, 35.166349024519825], [98.04178685050489, 0.7207225301730014], [83.81991302929941, 99.4519771520233], [4.093480804167793, 73.99333246167068], [71.65133259876532, 90.49822319153887], [58.89617245289352, 51.84934355887173], [25.669615688179903, 83.14029540590425], [67.24115215310624, 52.758858231608244], [3.136476116025988, 36.72700270136555], [86.49525562475507, 71.30451113140975], [56.46896580825525, 6.02218312389221], [62.14048399796953, 20.958957383352473], [11.428167414841528, 86.04840133581914], [95.91375809319157, 47.25198041412866], [50.30042211689165, 81.86508977441459], [52.68104459151965, 19.635566524683767], [22.004196896254413, 36.37976366766138], [91.36754254875932, 9.316006138001654], [19.634403007704382, 21.668572831021915], [45.886921065013475, 3.9318788599030485]]","[[0.0, 48.57905952353664, 44.70563682214477, 68.36562913331872, 57.98268082216271, 24.420150152967363, 99.67607764173903, 73.87154926345579, 79.8450152195465, 20.34953741916314, 56.56047430653841, 39.53144324120718, 70.06128890271943, 10.34860302450059, 44.57291002410285, 64.7451040547489, 51.127668443320594, 62.80513340289133, 72.86414480916594, 5.619491931745102, 32.41499374134994, 77.07897115882407, 71.04322052610354, 93.99526864657352, 82.78816566626043, 85.10951196593498, 46.221791200287505, 9.860162440282686, 56.458058475069585, 4.699310549449703, 56.419989384050076, 28.495001283593208, 76.38892618928124, 9.871999851424928, 53.616099172691186, 51.441898104546375, 22.349059500872333, 16.568335646519923, 75.45576396468604, 66.36171099421351, 101.59848224934672, 16.70673910733506, 82.81701316946041, 60.146091427127644, 56.06871729860752, 16.741129319928337, 17.459972447405782, 21.960034227022103, 105.53692256221494, 35.071166680492674, 33.34237410095379, 22.62120602064675, 62.35228477121465, 94.7528472769599, 88.40246143033433, 43.996389445166265, 79.3531868038211, 100.76155032310719, 56.14781592408633, 86.27559747025911, 49.022039692104286, 62.785977001697205, 56.2123509266711, 24.270141698030393, 82.72597768696501, 38.13315969155059, 40.946159151007386, 66.25860855958456, 79.3571676564827, 67.90433961307372, 31.4965480654587, 15.886452239479096, 71.05865549695183, 1.9427576432949398, 29.741661378846313], [48.57905952353664, 0.0, 14.250603909882035, 33.45089935744632, 31.316156073466583, 24.197541499807688, 85.86764837163125, 102.1265214199791, 50.2775217596507, 62.20485216606602, 63.666489737127485, 12.110253575466688, 87.75694045961623, 39.60644976895276, 4.017170468117024, 16.36119603782754, 12.227361617499401, 28.25125496362016, 24.705917607082057, 52.30247202124252, 31.512357580792912, 33.59590857698226, 96.74701019735006, 67.28046905672811, 80.79288845120972, 76.21585854548393, 23.755950456276448, 57.34360535513991, 68.72195075362204, 44.7227877273457, 79.54736324528878, 48.131175256104434, 64.86014640068339, 58.08779870211944, 17.441057518408495, 59.58614427205054, 40.08426415995726, 37.44337314915333, 103.69113355487276, 20.5605974879843, 76.46924946022561, 62.98985979760923, 72.82858414713435, 12.895290319584792, 50.264669687363785, 44.29361721897818, 61.49781623211916, 41.10596293429578, 82.32205673346535, 66.54009306663173, 17.61364537892062, 27.772063292474066, 62.73656479345939, 76.40456279736544, 60.579922114011325, 21.45906797491582, 31.880141760383733, 85.8660516540386, 88.17003222629522, 75.73171513739528, 38.52115569976968, 81.15581443273136, 38.023556102200914, 69.83407541656862, 59.02393057951208, 15.660068519034283, 9.550263975247802, 91.87869263955957, 41.88253888201538, 69.74342968239768, 17.44147582452247, 52.112820206943674, 22.604112003169046, 50.27561974204725, 25.9377380654201], [44.70563682214477, 14.250603909882035, 0.0, 25.599657920158425, 19.27004417365431, 21.965293495616837, 73.255748353655, 89.24918768584976, 40.77281028385523, 54.1869718789309, 49.56246503671255, 6.977281245166109, 73.94930481572462, 34.55153793046995, 12.854910453687852, 27.08343807484969, 6.936039861001696, 19.76927412582066, 35.18196602948845, 47.111731358707765, 19.497578077969596, 32.37402935119856, 83.6165293623975, 57.370177615319236, 66.75698569687007, 62.71589357354255, 9.596024008149454, 54.36157757653349, 54.83928077884827, 41.850913996736764, 66.47841049159712, 36.77270095888527, 51.43764592598375, 54.577603575239756, 9.058421127927435, 45.63429055683236, 43.2471371124327, 38.28118269001803, 90.78503458834331, 33.65001142114017, 66.29995173936851, 60.80513569062373, 59.39438622777315, 18.30387944290523, 36.04409763158252, 35.856568128233015, 54.268848268051386, 31.388041118534804, 71.72846971771308, 55.50986298621482, 11.729538076883095, 22.084725854119707, 48.48770353812978, 64.47186285189663, 50.834181800661135, 7.215616848056783, 42.95292738445527, 73.44657774818533, 76.23902433895803, 62.42771695960688, 24.27747551431585, 67.51796027568943, 24.439509942798225, 62.6194934374673, 47.89427816676724, 24.02532198366385, 8.050003476870447, 78.8305661465737, 36.03506417810009, 55.49797725805313, 15.285083635776873, 43.926305333978966, 32.38971086333771, 46.061289498956405, 31.175826072109224], [68.36562913331872, 33.45089935744632, 25.599657920158425, 0.0, 12.081134738604698, 47.31755109453492, 55.680422597975884, 95.52342284208417, 17.050022666174634, 73.53053857921377, 51.00864931580395, 32.476328985622956, 75.99148710093692, 58.017293983115835, 34.87042740817223, 34.22739187711426, 22.00479153994403, 5.831823177495242, 38.50857608369966, 69.75038269567607, 37.448936177706955, 15.730064216620196, 89.04477664993269, 34.010318495308475, 57.500751858481195, 49.57214608308166, 22.215800035359788, 78.21583351089588, 57.92408188833274, 66.16366469793152, 73.25519124831143, 52.2292359192548, 38.76822856835487, 78.10699305328868, 17.121557384836542, 49.33725394777776, 68.84249724057122, 63.773392672770626, 96.87103727244026, 43.3430023281105, 43.247205902607035, 84.9418403407588, 46.10007173633009, 24.796881434599563, 34.13786664736771, 56.19125635003982, 74.5743583891613, 50.616781639016004, 49.29929771497944, 69.55998964442506, 37.02785495544513, 46.24893077800738, 45.59388252824023, 45.075613957875674, 27.302955317626207, 24.383035981463482, 45.34637822490114, 55.228491971052215, 86.49554423176582, 48.22963758451483, 27.4888793660512, 71.20501572040725, 19.976526392487404, 82.51850515935433, 27.086729243219516, 47.88314980044439, 32.849536794691595, 84.89079451761273, 11.020391892887716, 51.392396304229, 40.869689515589606, 63.79426761691927, 35.44869976280702, 69.44904748225231, 56.38589301450045], [57.98268082216271, 31.316156073466583, 19.27004417365431, 12.081134738604698, 0.0, 38.93809029012946, 54.55879185985116, 84.46642836623319, 22.414701259020237, 61.76939391021764, 40.519057045036476, 26.0529621473694, 65.77378440131217, 47.70309776465684, 31.317120359725937, 37.72841359933454, 19.154685384931927, 8.947399807570909, 43.91499450668687, 58.87179175286281, 26.135783158912673, 26.642146077520714, 78.12301586325954, 38.42234758620945, 51.28374305389716, 45.36176767535163, 12.252112560374396, 67.83228480172843, 47.17227107227503, 56.229780713846075, 61.936751722067584, 40.21738969102431, 34.00105185111574, 67.54310309915638, 14.14421158242361, 38.25990563489069, 61.20849856295054, 55.3719399305749, 85.86057465284266, 46.35152574091075, 47.19601137115532, 74.67832572102904, 41.91268866534131, 27.301264128952898, 23.964329381578104, 44.809856816528665, 62.97788045835909, 39.10346148884305, 52.50393639070668, 57.48318150225727, 29.02179798087346, 36.695908639906015, 36.30220506435507, 45.34395458878583, 32.04838146344026, 15.10660392702554, 51.46526598470262, 54.596168806452546, 74.74003818308407, 44.65929108415448, 15.633020248664257, 60.510800971851694, 9.200576342019122, 70.79738136348851, 28.634001252649146, 43.27333999941877, 27.31398723674093, 73.80660762681713, 22.615088096223047, 42.736918161164446, 33.393437511948235, 52.20667329184951, 40.75807959462518, 58.907880906316926, 50.12585752871605], [24.420150152967363, 24.197541499807688, 21.965293495616837, 47.31755109453492, 38.93809029012946, 0.0, 88.8427900974593, 85.04391614005851, 61.325992778922625, 39.087593478095194, 54.16435754689369, 15.760958903563905, 74.74503345920176, 15.594793898206136, 20.182672321967758, 40.46498314128598, 27.631334406865694, 41.50440601193725, 48.69030831625764, 28.147443642925875, 19.810698412669865, 53.776414806384814, 80.57532192059328, 77.1850448889578, 77.1342724078914, 76.07492068959368, 26.730062715018796, 33.474534043444024, 57.109036649411465, 20.77504217917685, 63.76110114149949, 30.4334124783451, 65.60073653748363, 34.057720500082695, 30.999671807507575, 49.15356111980636, 22.405289636987003, 16.506570133026575, 86.65639611683548, 42.87686890511361, 85.69457445576293, 39.515093790464974, 73.13363882111663, 35.8148457971007, 46.407831180400954, 22.504133339759132, 37.90645708143965, 21.538318517222038, 90.57596945716597, 46.703469995490664, 10.296083466381488, 6.337092093178567, 56.6678336949021, 81.63587954340704, 70.93706647658699, 23.83320392765269, 55.462303006009414, 89.45029195882425, 69.17963444572065, 76.48703839235336, 35.82581988625145, 67.5253643654234, 40.46361542274994, 46.115496783145566, 66.74092027721366, 16.665262866406497, 16.764311759982235, 75.57994721169825, 57.9475697391518, 63.438404694785376, 7.212786994723747, 29.495194487308357, 46.75739498849397, 26.088261516812885, 14.677552128182423], [99.67607764173903, 85.86764837163125, 73.255748353655, 55.680422597975884, 54.55879185985116, 88.8427900974593, 0.0, 79.40282341420263, 40.192179950495145, 92.64603711624851, 47.173316336354034, 79.49152299058119, 57.36794807665272, 91.1463794754071, 85.7739025237507, 89.85091473508335, 73.66941085119957, 59.08241558900941, 94.00794001940429, 97.85982680182113, 69.98823383019455, 67.75517484463496, 72.94070022890035, 28.116465206049444, 24.299246303014815, 15.464394255981635, 64.32528913034405, 108.35642051129605, 51.768418893622005, 100.00694858549093, 65.9550641373269, 72.12847066340368, 23.477445491274338, 107.17662791470016, 68.53661902584243, 51.133733169737326, 110.73677461935746, 103.70411711236996, 79.98514819613163, 98.9391283886301, 23.338679032878968, 115.09836140929836, 17.012095132189913, 80.03363577566103, 43.73713430028038, 83.0415156026081, 95.65299997220117, 77.73581701796066, 19.50782244609068, 78.7556184407923, 80.62863547240165, 84.33821864350952, 38.95466069255987, 11.5188798651985, 32.49575692810969, 67.34686073364077, 100.43410409720961, 2.243777857866359, 81.69324805128085, 13.622544459675467, 53.05584156678158, 58.362172904360314, 49.18517895171778, 100.67426569339774, 28.91276078099829, 97.088084070356, 81.20825250188507, 71.50996618593963, 54.46215691081145, 36.07699967667607, 85.22267601160144, 87.0301095710481, 91.00972052618341, 99.72330397620578, 102.30562894897874], [73.87154926345579, 102.1265214199791, 89.24918768584976, 95.52342284208417, 84.46642836623319, 85.04391614005851, 79.40282341420263, 0.0, 93.1596498307921, 54.16243162726316, 44.77059598386978, 90.08397345603923, 22.46672538922225, 73.63345343404848, 99.0046730545562, 116.30980215445493, 95.21471696102199, 93.4088935272948, 124.25187549423367, 68.53973614793789, 70.62275191392494, 110.98737514391415, 6.82497724557113, 95.63722340633734, 55.317994604967666, 66.30147112588708, 81.83894319802633, 75.95285773511424, 37.689616779084915, 77.74918799103513, 22.850343585479397, 54.89267732147015, 68.08444403593127, 73.79731786149641, 93.16538965889822, 46.2318292544125, 95.71808394071337, 88.77196069505231, 1.6166062535089363, 122.57355439587595, 97.34290773808132, 79.50545948509287, 67.27793567360186, 106.86465535973355, 61.54319887781036, 63.39517598475461, 57.75308242295744, 63.51537359459176, 96.68612527575651, 39.31164047082565, 85.54287136428758, 78.83356435567221, 51.90392653782102, 83.81378750106819, 94.4972190905504, 82.71625650014175, 132.07733877763863, 81.57639608562556, 18.07199432869133, 69.08331067481153, 69.16118037954016, 24.727735838715628, 75.63423041009575, 55.27796343588323, 86.42584797761423, 101.46975817636556, 92.70421421675194, 10.661150702729277, 103.50339582860464, 48.78094313264738, 88.01480128025466, 58.91506716670736, 121.32376280075717, 72.37073416888431, 98.14016416963678], [79.8450152195465, 50.2775217596507, 40.77281028385523, 17.050022666174634, 22.414701259020237, 61.325992778922625, 40.192179950495145, 93.1596498307921, 0.0, 81.2858550954664, 48.82801223845105, 47.74276968423491, 71.80595884770688, 69.68289805517453, 51.3748958482972, 50.803915442216635, 38.44198930051159, 22.03770410602021, 54.160341431028066, 80.25801821053851, 47.50484425257667, 27.57197790777693, 86.39609679754503, 17.007459846230102, 47.13861173485395, 37.22248483362201, 34.66650098385853, 89.63910626346537, 55.964489901726154, 78.3695454472368, 72.40249975208805, 58.87806318582249, 28.19412611685609, 89.19776112939392, 33.288224682403374, 48.924085901907546, 83.52094304377458, 77.78036401815342, 94.32796095080285, 59.918344802787104, 26.223420030830297, 96.54497163695355, 33.99164337249782, 41.75559182904012, 33.26031357338079, 65.62067488735238, 83.01171652429112, 59.76377677348833, 32.250189720561906, 73.82993283227695, 51.30574903352586, 59.04706494544376, 41.26104475385169, 29.018261686102264, 10.302639206076094, 37.49714269350987, 60.3362014419592, 39.42904657235101, 87.22381413918326, 35.26282636167457, 32.56494720124398, 68.44021284889145, 24.318298188123222, 90.33854490223354, 11.394904415430613, 64.16184519332192, 48.574191448146856, 82.86659657906839, 14.448444758324438, 45.30071635479053, 55.56776846743833, 72.42560454507125, 51.250681668890955, 80.6373220333259, 71.94834723697123], [20.34953741916314, 62.20485216606602, 54.1869718789309, 73.53053857921377, 61.76939391021764, 39.087593478095194, 92.64603711624851, 54.16243162726316, 81.2858550954664, 0.0, 46.03906200800514, 51.07060153899474, 53.41603056561473, 23.921188011929868, 58.27741060023604, 78.50495291623353, 61.115980385629, 68.69831010400067, 86.88957705236598, 14.764659113736949, 36.360590056373724, 85.25704910639529, 51.95480335026664, 92.84894049225935, 72.43972125024371, 77.30693219607059, 52.02483435074645, 22.012780979530934, 43.61065564695664, 24.740406204033835, 39.02957526278432, 22.502038020912497, 70.65632736857864, 19.926222130172224, 62.02199117038848, 41.603549998563224, 42.69451003080189, 36.548234328615564, 55.71665651345273, 81.83314767439894, 99.19107685420519, 26.645816180484832, 75.69529504953348, 71.87320636943271, 51.554234682719986, 18.3368913246501, 3.808558776594386, 23.18753973087498, 102.03694127112949, 17.259259175652403, 44.86645407848253, 34.46104807539806, 53.71924843031749, 89.96900363206986, 88.22113201085959, 50.80856234172733, 94.04231833384617, 94.09731828335029, 36.202490390070906, 79.03115364090667, 48.721023143673996, 46.53214654962705, 57.01749306889983, 9.066148328827822, 81.33860821674476, 55.16806343735914, 53.180541631724545, 47.38846977520795, 84.35867106663916, 57.73923580131362, 44.916990452743406, 10.267902989854985, 84.62571830685671, 18.63344283641311, 48.528754107663936], [56.56047430653841, 63.666489737127485, 49.56246503671255, 51.00864931580395, 40.519057045036476, 54.16435754689369, 47.173316336354034, 44.77059598386978, 48.82801223845105, 46.03906200800514, 0.0, 52.63692490344569, 25.278425113368403, 50.13968127008493, 61.42835041456841, 75.51675408502325, 54.3055140532173, 49.42110200013386, 82.83201864688799, 53.53228834787262, 34.908382352451504, 66.63681676888818, 38.157928130741034, 54.038739043756316, 26.579379387474464, 31.709542917181373, 40.64481846112287, 63.9912947162804, 7.150174101656438, 58.1341494549136, 23.61633695926, 28.103783550667327, 27.450112682056776, 62.48642821946318, 51.16896866837532, 5.209955563505073, 72.69806073055439, 65.11560347409653, 46.050729388761056, 82.98860820332725, 58.01730789098537, 70.32844625803243, 30.61536427660711, 65.37469846874065, 16.87462327709638, 40.09478769703659, 49.30432884001237, 36.09884634802841, 59.34657050081572, 31.589478965574557, 50.10704690346957, 48.12501627723597, 8.907549382122724, 46.43760583642493, 51.56400531912509, 42.39618995113313, 90.62909951148238, 48.812674842889784, 38.912489300423175, 33.737455910323845, 26.235690657152276, 20.214350018634555, 31.40689304677306, 53.68999209881458, 43.53314824422658, 68.03674668139548, 55.18190026263654, 34.26004399202031, 58.73289867067246, 11.719494198438857, 53.952219373200045, 41.95261975537788, 79.74713338629509, 56.1284158220018, 68.83865401580256], [39.53144324120718, 12.110253575466688, 6.977281245166109, 32.476328985622956, 26.0529621473694, 15.760958903563905, 79.49152299058119, 90.08397345603923, 47.74276968423491, 51.07060153899474, 52.63692490344569, 0.0, 76.19965930244685, 29.730694777129067, 8.990163060497242, 27.73486713687206, 11.871927236266718, 26.657496038564553, 36.1264074971077, 42.50242065092215, 19.464785978986782, 38.01558114787515, 84.77517823534376, 64.29784651342284, 71.6866465429766, 68.38808119244561, 15.18355130623834, 48.94694542793659, 57.29956412924292, 36.28435307012754, 67.57332804330107, 36.0350336939571, 57.23255991119507, 49.351904677776915, 15.578321188508834, 48.298352426693604, 36.387625768324746, 31.708240810271217, 91.65392542442036, 32.66988756606097, 73.19134081009352, 55.168972251212594, 65.14016607448181, 20.966363790310336, 40.56641322695548, 32.86819722408664, 50.70867153222557, 29.252498836218148, 78.55642678431396, 54.50922319074082, 6.325969818662697, 17.255954405343292, 52.60719608469657, 71.00408406924653, 57.781853760347886, 12.215445378733502, 43.59558738554568, 79.7710738637484, 76.06309259986364, 68.26940213553434, 28.77998326569968, 69.46381821870922, 30.36231635220631, 59.09293572288539, 54.680056995807284, 17.602006195754495, 2.631669689989557, 79.88548469656412, 42.73561956095287, 59.646096495298856, 8.691090385001331, 40.84900108153055, 33.68490099756348, 41.033389452577424, 24.20718788562972], [70.06128890271943, 87.75694045961623, 73.94930481572462, 75.99148710093692, 65.77378440131217, 74.74503345920176, 57.36794807665272, 22.46672538922225, 71.80595884770688, 53.41603056561473, 25.278425113368403, 76.19965930244685, 0.0, 66.69428238190318, 85.16202975846085, 100.41591720013659, 79.13130614788112, 74.65213669142425, 107.89837692309148, 65.56249071732462, 57.23651178628789, 91.69114384332514, 15.746960411419163, 73.31028929760177, 33.113006678186096, 43.882872246580455, 65.44516667908283, 74.9351715953109, 19.142084978013745, 72.97860838374883, 14.538844318170037, 44.82376402753071, 45.83536387661996, 72.99029753038877, 76.25818834379855, 28.400891140985898, 89.86496045405205, 82.38076326595991, 23.319735252916136, 107.58124783157358, 74.87635776522464, 80.0491434020048, 44.8113711489379, 90.40608917918551, 41.94152319566379, 55.88588766970635, 57.21610261219466, 53.96439076234889, 74.2778848272172, 36.16557763011245, 72.75050064836414, 68.41971226524595, 30.805167340661885, 61.36695510197893, 72.44049083797992, 66.92293295740386, 115.71745171637636, 59.50251087751236, 26.61918444100339, 46.65239910055737, 51.38796616792432, 7.362202184092835, 56.62752731936683, 58.0213737975402, 64.41416745494764, 90.12277588034837, 78.81333279133072, 14.273510705821169, 83.04740517689476, 26.725304233600568, 76.05315889927789, 54.1749587796102, 104.83829486127782, 69.01213031145407, 89.02516778667302], [10.34860302450059, 39.60644976895276, 34.55153793046995, 58.017293983115835, 47.70309776465684, 15.594793898206136, 91.1463794754071, 73.63345343404848, 69.68289805517453, 23.921188011929868, 50.13968127008493, 29.730694777129067, 66.69428238190318, 0.0, 35.59414306314281, 55.946061707730365, 41.105463965344185, 52.459058954251695, 64.22160328020644, 12.790484941175034, 22.462667880081998, 66.9106770941314, 69.94680821962164, 84.11911695248358, 75.65925358663641, 76.9776998511604, 35.88302324675366, 20.201210375032915, 51.17425026752863, 8.96854353318948, 54.0427047937297, 22.45789533921858, 67.70838129406293, 20.149724997243386, 43.38767449770034, 44.931725279660796, 23.191330180895076, 15.687740443657892, 75.24699137302835, 58.44408969149692, 91.90801517319676, 26.98714785357478, 74.48563633036365, 50.593525711307215, 47.40983237190678, 10.808510887068186, 22.4155727317767, 14.078295418072065, 96.04699274563379, 34.35878209588831, 23.44033025857541, 12.534619572164885, 54.946859152497524, 85.62723615895543, 78.40525940436449, 33.648255390053905, 71.05241864684662, 92.11167975510394, 56.70229424165613, 77.94287836026808, 39.44153708787651, 59.332101031784035, 46.29808578938748, 30.54759586771072, 72.95059636865234, 31.259563699168165, 31.366768033359538, 65.00007425994173, 69.00866916928297, 60.98326850383512, 22.197151796438487, 15.225781595555588, 62.20991643926893, 11.537783802206402, 25.06466920633415], [44.57291002410285, 4.017170468117024, 12.854910453687852, 34.87042740817223, 31.317120359725937, 20.182672321967758, 85.7739025237507, 99.0046730545562, 51.3748958482972, 58.27741060023604, 61.42835041456841, 8.990163060497242, 85.16202975846085, 35.59414306314281, 0.0, 20.359664957860627, 12.935836753727122, 29.38912095503092, 28.68115374171519, 48.28564473827372, 28.415358555493956, 36.53071988424135, 93.73845689034903, 68.31499348399778, 79.57032966605718, 75.53545703693005, 22.42273812582324, 53.37925359646905, 66.22504787609878, 40.7420414195799, 76.53803493767683, 44.705017325378336, 64.23347491350923, 54.10213066180199, 18.10630936214091, 57.17836991421602, 36.70548793565153, 33.712826678690476, 100.57896570619158, 24.071673101431088, 77.43617806381643, 59.079708152606585, 72.19763452562654, 16.39626202972214, 48.70496252470398, 40.44777598327347, 57.52532312771732, 37.430644299709336, 83.1427866250344, 62.97572255537428, 13.917023896013216, 23.82352026316408, 60.99637534205161, 76.64784375483507, 61.64760793579592, 19.813688380955362, 35.7692600953724, 85.87727075379715, 84.76514140322232, 75.19773063075965, 36.890805338617376, 78.44685723361253, 37.24681017715554, 65.85315268642961, 59.576208848656, 13.125053905765894, 6.36088442712842, 88.84010763282059, 43.934688098041185, 68.03003485027486, 13.44641435277424, 48.21828656461324, 26.61591151192, 46.264307519501294, 22.791251493787822], [64.7451040547489, 16.36119603782754, 27.08343807484969, 34.22739187711426, 37.72841359933454, 40.46498314128598, 89.85091473508335, 116.30980215445493, 50.803915442216635, 78.50495291623353, 75.51675408502325, 27.73486713687206, 100.41591720013659, 55.946061707730365, 20.359664957860627, 0.0, 21.292324965205324, 31.025630019781676, 8.400745261317308, 68.60726394527791, 46.30945398681414, 26.691703287989355, 110.61437573333757, 67.2461596782606, 89.01120374926403, 82.60117922190088, 34.97148349198419, 73.26147262308004, 81.27719685360445, 60.750169403230686, 93.51251867151157, 63.42523194125704, 71.35567506291281, 74.11604759841428, 24.550693028546583, 72.01565527709924, 54.013065410635285, 52.569512410249345, 117.83975128945224, 9.1235868680566, 76.4242044828337, 78.64021100676351, 79.11629863443497, 10.445453826354905, 60.373139817944526, 60.478277045957014, 77.85034520483582, 56.984368937680124, 82.73383201530051, 82.06660099035857, 33.71602404401705, 44.11245861069768, 73.05366944769352, 79.30035196175916, 60.67688916113295, 33.68112547778019, 15.94653275066395, 89.4439273526051, 103.2116381700477, 81.59471826238604, 49.35396800822078, 94.21909127818769, 46.31715890312595, 86.19182305527018, 61.303727100216435, 28.89380388068742, 25.420267383799203, 105.85907533961718, 38.777566740529025, 79.8256481223429, 33.801644356681656, 68.36825346552429, 6.3212529639865, 66.47989314270812, 39.66787000190338], [51.127668443320594, 12.227361617499401, 6.936039861001696, 22.00479153994403, 19.154685384931927, 27.631334406865694, 73.66941085119957, 95.21471696102199, 38.44198930051159, 61.115980385629, 54.3055140532173, 11.871927236266718, 79.13130614788112, 41.105463965344185, 12.935836753727122, 21.292324965205324, 0.0, 16.458139664192544, 29.04166145495637, 53.767976386576656, 26.220584623990913, 26.14955536111563, 89.4287299311628, 55.39455551268369, 69.43459162457991, 64.3181006162406, 13.688640631009497, 60.665208816438735, 59.99059700136606, 48.047090287262336, 72.38137082183188, 43.492424387794415, 52.94585472741957, 60.98590792519251, 5.24074968874985, 50.730428898325414, 47.72620580923711, 43.45626437521548, 96.73014089264166, 28.791341694055525, 64.53270427888107, 66.97056472813891, 60.899908828888165, 11.718358089855835, 39.63400411114587, 42.78253165911154, 61.16206549576191, 38.31557627401257, 70.28881356906078, 62.22665102541535, 17.805484705571377, 28.575558151932842, 52.29547610760281, 64.17934746243378, 48.720338808925774, 12.50080716383419, 36.87423956119722, 73.64887557493408, 82.66499916612186, 63.73140427729656, 28.271099802630772, 72.93072941252778, 26.412800724622528, 69.52113628995158, 46.85496738864118, 25.87925940600209, 11.392082617309736, 84.71111388682046, 31.533017537744417, 59.19493988509023, 20.537561691998913, 50.85304585602109, 26.114422131657253, 52.554052975270245, 34.644687508971664], [62.80513340289133, 28.25125496362016, 19.76927412582066, 5.831823177495242, 8.947399807570909, 41.50440601193725, 59.08241558900941, 93.4088935272948, 22.03770410602021, 68.69831010400067, 49.42110200013386, 26.657496038564553, 74.65213669142425, 52.459058954251695, 29.38912095503092, 31.025630019781676, 16.458139664192544, 0.0, 36.3266144210744, 64.35235184698492, 32.40683264430919, 17.834309423172577, 87.0703537766488, 39.03277958148622, 58.65271713197853, 51.64897931191264, 16.881313733454306, 72.64139214532588, 56.10975016071825, 60.502021119432364, 70.8541165770608, 47.87039463489478, 40.4903289646927, 72.58462979304909, 11.419563753424379, 47.207072083872035, 63.014366706024184, 57.95005473924916, 94.80537754836062, 40.012924260822295, 48.218079670724094, 79.32953135812522, 48.16056686167649, 20.969244783013906, 32.759602829360034, 51.08586104177878, 69.58045821829698, 45.626718467324444, 54.10134313145918, 65.6616080202099, 31.211237702746427, 40.56150293240014, 44.892280470709785, 48.914211839605294, 32.33683306420537, 18.819104285959074, 43.61746786500066, 58.81135894079314, 83.48233091685351, 50.58153356477822, 24.442541384854966, 69.44812241449002, 18.024641693085965, 77.62736205866005, 31.13061565830359, 42.303267515242545, 27.087248057253188, 82.74852760776855, 16.590588977156607, 51.12939930894697, 35.03787341308774, 58.81735712961525, 33.18422219261182, 63.93267827959601, 50.62602592503881], [72.86414480916594, 24.705917607082057, 35.18196602948845, 38.50857608369966, 43.91499450668687, 48.69030831625764, 94.00794001940429, 124.25187549423367, 54.160341431028066, 86.88957705236598, 82.83201864688799, 36.1264074971077, 107.89837692309148, 64.22160328020644, 28.68115374171519, 8.400745261317308, 29.04166145495637, 36.3266144210744, 0.0, 76.83611783676189, 54.54472924900711, 27.750841454215333, 118.46638725748731, 69.89430877038195, 94.93590815592272, 87.85268098787974, 42.5826603967748, 81.20909549495103, 88.78965605405047, 68.78606371105752, 101.42209658993744, 71.71636452953418, 76.78326541392939, 82.13118889217836, 31.663210989846096, 79.53200712763072, 61.09322362678072, 60.183800909531115, 125.7695342498974, 9.810128512499952, 78.89658022826266, 86.42188242344058, 84.36566435337099, 17.500299411225804, 67.24859434158768, 68.87802523558116, 86.20255720934398, 65.37013737922474, 85.33130989570952, 90.3866800106841, 42.116115777465794, 52.476432696658165, 79.87514151103011, 83.10048792378467, 63.539379872153944, 41.53610031817219, 7.838680099436618, 93.42548147416844, 111.40789959441072, 86.6428839775145, 56.597564624125184, 101.84996173380019, 52.84231498363257, 94.53412011747635, 65.15116136295342, 36.224005292962644, 33.820888587392346, 113.75277483783267, 40.93052695116161, 86.51339245374591, 42.126599130101106, 76.76212891924571, 3.1578966682559333, 74.62463542977196, 46.871154579072126], [5.619491931745102, 52.30247202124252, 47.111731358707765, 69.75038269567607, 58.87179175286281, 28.147443642925875, 97.85982680182113, 68.53973614793789, 80.25801821053851, 14.764659113736949, 53.53228834787262, 42.50242065092215, 65.56249071732462, 12.790484941175034, 48.28564473827372, 68.60726394527791, 53.767976386576656, 64.35235184698492, 76.83611783676189, 0.0, 32.82149376632906, 79.38575471389133, 65.89167785344307, 93.76734039183019, 80.00172860649326, 83.01748701924926, 47.53721985077707, 10.536024698035641, 52.84040738958376, 10.19691610197616, 51.674953369989616, 25.872387476857995, 74.80222513503631, 9.355117894805296, 55.80889917623834, 48.52313594251895, 27.958528879621937, 22.11199174345539, 70.11558853948098, 70.72841197210482, 101.05591776907202, 17.250822735128466, 80.89591095916941, 63.38338046303613, 54.612444145282936, 15.116098406450861, 11.846211180949403, 20.893768396416867, 104.7090169225992, 30.06388108654698, 36.19718601136768, 25.263801118482153, 59.874424468144724, 93.5283156431315, 88.4136553506167, 45.57677190393839, 83.53494262552357, 99.04917306200507, 50.72873547990841, 84.34034750930857, 48.61589891371066, 58.35759551628967, 56.228609331416585, 18.924246934583273, 82.3704394424673, 42.839647463679974, 44.15721891666281, 61.16019227728662, 80.77077074533732, 65.07368022101909, 34.943661500635216, 11.751214784693955, 74.89160888314387, 3.8729607329211873, 34.95656359083467], [32.41499374134994, 31.512357580792912, 19.497578077969596, 37.448936177706955, 26.135783158912673, 19.810698412669865, 69.98823383019455, 70.62275191392494, 47.50484425257667, 36.360590056373724, 34.908382352451504, 19.464785978986782, 57.23651178628789, 22.462667880081998, 28.415358555493956, 46.30945398681414, 26.220584623990913, 32.40683264430919, 54.54472924900711, 32.82149376632906, 0.0, 48.9584677907217, 65.32344063358691, 61.65937718700424, 57.32777860258563, 56.646810974370474, 15.66445081247977, 42.15932088075991, 38.68818364980992, 31.372328083166348, 48.123763606778, 17.28057597434226, 46.5457826806575, 41.69306344232269, 26.094372560113452, 30.11220507308046, 40.829206988915224, 33.716436364713914, 72.19113281400388, 52.01584537902829, 69.47256777927643, 49.08309533285662, 53.83365713745855, 37.79538620253298, 26.80722256438948, 18.745187681391688, 37.174753827987224, 13.221984422214046, 73.71976475883058, 36.01939980297699, 15.517008694215122, 14.484430360245474, 36.87584386244054, 63.67565956415396, 55.99394180786972, 14.651131330105066, 62.24978817831305, 70.7663746842092, 56.91024708967792, 57.23925765964907, 17.235581603306265, 50.32551925931115, 23.839561166794393, 45.23930817800268, 50.49572763424997, 33.20140218213214, 22.089471622341705, 60.42568110249517, 48.413223386996904, 43.6926747870139, 19.078159171027135, 26.41098320550717, 51.82281123686358, 33.14322352027708, 34.37248931809394], [77.07897115882407, 33.59590857698226, 32.37402935119856, 15.730064216620196, 26.642146077520714, 53.776414806384814, 67.75517484463496, 110.98737514391415, 27.57197790777693, 85.25704910639529, 66.63681676888818, 38.01558114787515, 91.69114384332514, 66.9106770941314, 36.53071988424135, 26.691703287989355, 26.14955536111563, 17.834309423172577, 27.750841454215333, 79.38575471389133, 48.9584677907217, 0.0, 104.56942149324415, 42.371359081646844, 72.4769025337052, 63.760858860848444, 33.35193411033245, 86.71114663698035, 73.48864083759902, 74.14271124935044, 88.54898013925036, 65.20581794303973, 53.47203640061318, 86.95078756611198, 23.58259599933814, 64.75616470154824, 73.11967701256559, 69.39334004647368, 112.35875021003217, 35.236677907479255, 51.254737300298025, 93.08538153725573, 60.357160795677636, 21.143630673102926, 49.788338350373095, 67.20164191669927, 85.79742694698113, 62.06992407747036, 57.72158895494799, 83.28755362750594, 43.88745312463598, 54.45859585132863, 61.32234402300411, 56.496621617674684, 36.214571152525096, 34.458044044821605, 33.13681198044224, 66.94081473432689, 101.31524580363623, 62.11277167781936, 42.24677814972173, 86.80091733174623, 35.35746152467943, 94.02191849649246, 38.93598250474143, 49.255650732727176, 37.271963980001146, 100.33612704968033, 13.461065106092256, 67.0634187629239, 46.64976423230277, 75.1527770954576, 25.192727067422545, 78.43069149852957, 59.321176404984854], [71.04322052610354, 96.74701019735006, 83.6165293623975, 89.04477664993269, 78.12301586325954, 80.57532192059328, 72.94070022890035, 6.82497724557113, 86.39609679754503, 51.95480335026664, 38.157928130741034, 84.77517823534376, 15.746960411419163, 69.94680821962164, 93.73845689034903, 110.61437573333757, 89.4287299311628, 87.0703537766488, 118.46638725748731, 65.89167785344307, 65.32344063358691, 104.56942149324415, 0.0, 88.82114944680862, 48.7636735263563, 59.628155567961464, 75.94400403016984, 73.95063790270261, 31.132183289757208, 74.68775854040825, 17.202102802975265, 50.19586145060765, 61.263535431421296, 71.8368642894499, 87.19755923111968, 39.863739132409016, 92.48112471690084, 85.34725162911309, 7.933412142740321, 117.09755115636445, 90.59325841073505, 78.00215361362501, 60.538162245584594, 101.02472805988995, 54.9870532099084, 59.45068786049325, 55.670142719804296, 59.05635570323038, 90.02252955782305, 36.02326006669667, 80.46919700955202, 74.29664674583466, 45.13518059857881, 77.11263596460881, 87.67376321301056, 76.95176095951703, 126.3017504944703, 75.09774860403984, 17.337646948482917, 62.39919698966296, 62.94393904621418, 18.01037543285683, 69.21395919939208, 54.1650964436545, 79.60352735713388, 96.81765595167296, 87.4042068661003, 4.996104850869305, 96.8740575937913, 41.95609581707389, 83.15239527293139, 55.64680827945716, 115.50413958083446, 69.655257111908, 94.0428976595123], [93.99526864657352, 67.28046905672811, 57.370177615319236, 34.010318495308475, 38.42234758620945, 77.1850448889578, 28.116465206049444, 95.63722340633734, 17.007459846230102, 92.84894049225935, 54.038739043756316, 64.29784651342284, 73.31028929760177, 84.11911695248358, 68.31499348399778, 67.2461596782606, 55.39455551268369, 39.03277958148622, 69.89430877038195, 93.76734039183019, 61.65937718700424, 42.371359081646844, 88.82114944680862, 0.0, 43.250357431701474, 31.697082753442288, 50.47961162866712, 103.61662976267655, 60.730219949092394, 92.99732009809014, 77.16686131543723, 70.41114889525036, 27.584826540200368, 102.95836518490793, 50.210446234937066, 55.71176547031509, 99.54675385651225, 93.47424791182547, 96.5896758990059, 76.3089568972688, 9.243884515101685, 110.56253198127075, 29.48735741814892, 58.55653798259709, 41.73216664926503, 78.75710407453633, 95.03050177794574, 72.9064938845494, 15.491249322203043, 82.95877929730432, 67.4215680811198, 74.32130415383524, 45.32091206669996, 16.816621196945587, 6.709623027812564, 53.4470910612912, 75.5031802979558, 26.66982044335671, 92.84277467110562, 29.016921550321236, 45.152305229238564, 71.57581936975517, 37.82103125390727, 101.7484384468727, 11.51419972743672, 81.00950254745916, 65.28530978763786, 86.04518138588185, 28.980551037493264, 46.95039835631906, 71.81538583855917, 84.83930407741545, 67.12857748482728, 94.58764886766778, 88.47728207307189], [82.78816566626043, 80.79288845120972, 66.75698569687007, 57.500751858481195, 51.28374305389716, 77.1342724078914, 24.299246303014815, 55.317994604967666, 47.13861173485395, 72.43972125024371, 26.579379387474464, 71.6866465429766, 33.113006678186096, 75.65925358663641, 79.57032966605718, 89.01120374926403, 69.43459162457991, 58.65271713197853, 94.93590815592272, 80.00172860649326, 57.32777860258563, 72.4769025337052, 48.7636735263563, 43.250357431701474, 0.0, 11.661060086059942, 57.16198047563577, 90.49538326117056, 29.339028737591917, 84.02746861950958, 42.05845598758049, 54.30835546115737, 19.10257281826944, 89.02710581506904, 64.97296801715483, 31.483364014938203, 97.41398287597436, 89.94685251326374, 55.978540280661115, 97.58860261890695, 42.957603497030775, 96.88638542218344, 13.859029564798432, 78.58413478850561, 31.223323935557517, 66.13121313872657, 75.78938331331015, 61.61086873644383, 41.56099796023466, 57.053193133632945, 70.92700096968353, 71.62691695067774, 20.76212719097296, 29.036383028485997, 44.24039859696913, 59.78449698786642, 102.26890464191302, 26.407267143657506, 57.61109202560239, 14.457968843363162, 42.91779274360586, 34.1967733943196, 43.035883216802105, 79.74295997619517, 37.031757124116574, 88.74230256523863, 73.92058700337488, 47.21524800221274, 60.88116297891356, 14.929067316075747, 75.29494814602602, 68.4931967207571, 91.78318832194812, 82.46623435465328, 91.60450821588813], [85.10951196593498, 76.21585854548393, 62.71589357354255, 49.57214608308166, 45.36176767535163, 76.07492068959368, 15.464394255981635, 66.30147112588708, 37.22248483362201, 77.30693219607059, 31.709542917181373, 68.38808119244561, 43.882872246580455, 76.9776998511604, 75.53545703693005, 82.60117922190088, 64.3181006162406, 51.64897931191264, 87.85268098787974, 83.01748701924926, 56.646810974370474, 63.760858860848444, 59.628155567961464, 31.697082753442288, 11.661060086059942, 0.0, 53.308173286166, 93.54490906076275, 36.42198671126732, 85.7218705089066, 51.11498873945992, 57.17737429025108, 11.373025922509223, 92.28682050679943, 59.47291054022001, 35.73375205788242, 97.45181039471778, 90.217875935924, 67.05239868186102, 91.46660038480054, 31.37387194784727, 100.21161770322607, 3.4887501382802375, 72.32671897610209, 29.87328991106509, 68.39101919133202, 80.37179272537784, 63.27961609822957, 30.39519955674366, 63.29135593083924, 68.65234233115588, 71.12749412569809, 23.588161208096835, 17.55937888797419, 33.140688035844036, 56.18906698265384, 94.88482409061689, 17.160090176107808, 66.98323156852611, 2.8201658940970638, 40.41547658342