instance_id,num_cities,city_coordinates,distance_matrix,best_route,total_distance
1694,54,"[[14.325540989802832, 93.99648979252474], [67.17541772979594, 17.441828001967018], [45.10347031363866, 86.52090211907112], [66.51474998360565, 67.58036334505726], [18.673052792998647, 39.01786794425336], [57.76673314258953, 22.492546678346347], [62.74294984976443, 42.78229919849464], [22.61384148900515, 7.790457120924099], [50.83377080331988, 16.137866684111913], [23.231226942514215, 19.392446346881652], [80.37785652656687, 68.15256100473374], [43.66351591303664, 46.64561586674498], [59.45659112413648, 92.7550031834659], [2.3244293047522735, 50.35334841442781], [12.857057076997403, 2.8220359137860584], [69.83096577021468, 84.5375213827209], [71.25473375319929, 74.02441941740129], [42.02107863241229, 14.02202737686613], [92.51000863156136, 57.48829642112848], [37.1047944650003, 93.32671203403339], [5.384096846512964, 42.76234556059679], [5.7953280733833985, 52.72232055919257], [68.41134243498895, 31.28337656272623], [87.663414983628, 63.99248157790163], [32.40621308297571, 7.932360629046409], [51.73674962319568, 68.49863693919197], [94.39073232919976, 71.7372604249675], [78.68106476241967, 25.887700179162643], [18.569518662275698, 32.27372872285142], [46.02641443586714, 53.36164561677781], [56.58412676431057, 82.92195192344629], [37.78878932339477, 62.4439458618838], [48.709377696682765, 49.46666430876606], [31.69910015901355, 98.45470173695955], [71.08017166472888, 84.40814856924378], [79.83252564351882, 65.11355221031778], [36.10405566550047, 76.76072018428076], [77.96557299295934, 75.49533114364256], [7.104663635935937, 96.06183513306438], [54.84659364394263, 29.515386944439026], [53.737633599439924, 37.89040875623052], [39.33328641879418, 87.17722183126844], [92.49823861221024, 84.5314194645666], [83.8096282782362, 87.6263455912044], [99.92630312652993, 83.34617495778689], [24.39541701444481, 60.326942050166124], [6.244165739751894, 61.58350514024485], [28.11387809422253, 6.600846250343162], [75.45867369267438, 73.70817102066725], [61.25354203157505, 51.23990798497412], [17.410589991668978, 78.55071548021766], [61.70496322818315, 65.04330407342901], [84.73531906842202, 47.29701802726479], [56.31078127954665, 63.29188116089518]]","[[0.0, 93.02540359116504, 31.67278555047732, 58.49380541465412, 55.15024677382822, 83.66571015972431, 70.47793128997424, 86.60355647513649, 85.9931162155114, 75.13371108049783, 70.92825278375784, 55.70298047799045, 45.14812261022832, 45.26312484822069, 91.18627903960342, 56.30563260839562, 60.33089244956381, 84.63425691755549, 86.2882330545043, 22.78909807634049, 52.008527748298825, 42.146430196413945, 82.81430123439807, 79.23814908790682, 87.94285094314786, 45.27404368444968, 83.10179394123669, 93.70400558484718, 61.868494248271695, 51.537713748580465, 43.6856207541461, 39.32031346338469, 56.25969769114821, 17.936449256961843, 57.5588775990405, 71.59182300933428, 27.77364678014114, 66.27478060856853, 7.510440808319879, 76.1562100731449, 68.5653365274453, 25.920836154890036, 78.74362329660438, 69.77547651899086, 86.26076561489336, 35.14314795698623, 33.40524210361403, 88.47664522492465, 64.41176750140775, 63.48513660410871, 15.75085621325522, 55.52563925725823, 84.48891946423929, 52.014742077694365], [93.02540359116504, 0.0, 72.51957903640903, 50.14288791265583, 53.084883950644546, 10.67862841424227, 25.725206548627693, 45.59476984202522, 16.393588362163634, 43.98746203040741, 52.40117204662866, 37.49227590707027, 75.70769208004808, 72.72426607099567, 56.25142331274054, 67.14822414359975, 56.72944976381114, 25.385740322897895, 47.387351994036464, 81.62571903569015, 66.7779600312687, 70.79709429990534, 13.896617445866523, 50.8598208787615, 36.046186504110345, 53.33994949152136, 60.73439989614728, 14.27279476741855, 50.81848780863256, 41.683493589284026, 66.3311546189862, 53.74722821666011, 36.96734741608888, 88.44011996365023, 67.08006554567199, 49.323378531247045, 66.96387466587863, 59.04774913257664, 98.94241263835646, 17.25603456409561, 24.468724878866976, 75.08801121661723, 71.70954288001947, 72.12879778426792, 73.59350135673046, 60.57442916059951, 75.2403158529668, 40.53801628151671, 56.872785108913014, 34.31295414741967, 78.8088460049692, 47.91478265249864, 34.636433223831254, 47.11971667861155], [31.67278555047732, 72.51957903640903, 0.0, 28.586481178267892, 54.360879556251284, 65.26858758942835, 47.16160115760768, 81.87958460004569, 70.61591903204804, 70.60187394428348, 39.77031905820567, 39.90127720237491, 15.648517280619073, 56.019088627165665, 89.69577119730029, 24.806910946353494, 28.983627436855343, 72.56437126691323, 55.59021558602633, 10.502278987447879, 59.09686878932085, 51.84085417737543, 59.95365820709419, 48.15473624050226, 79.60765788987236, 19.204229654231952, 51.456683324231186, 69.3097397661579, 60.38879375940866, 33.17209848106745, 12.031538349227938, 25.163552622782564, 37.229277561587644, 17.946941593545077, 26.06247763828375, 40.796837061488965, 13.275941224987871, 34.66238606675005, 39.17829388458527, 57.832146878312614, 49.391028136283644, 5.807389925340072, 47.436506019181685, 38.721940416906534, 54.91467827620247, 33.390822324909024, 46.17271185500881, 81.70594576799563, 32.948512111818154, 38.8017185648352, 28.817000114257105, 27.145842864089538, 55.760169646168414, 25.791301513532403], [58.49380541465412, 50.14288791265583, 28.586481178267892, 0.0, 55.719333571020734, 45.92862952910349, 25.083270553631543, 74.1762944136597, 53.779397270366744, 64.77297825074709, 13.874910204510638, 30.99100757524086, 26.145364741749052, 66.46177331575018, 84.09987502818069, 17.278382327569187, 7.9995815390259635, 58.893423129768124, 27.885539029596927, 39.087337520233945, 65.97644094460792, 62.51087611398647, 36.34650344123019, 21.450849094109493, 68.71154573658544, 14.8065026608569, 28.184218723690762, 43.4315251535326, 59.54245254271765, 24.938801642284545, 18.275163956368743, 29.181562679428833, 25.399554623127912, 46.533366994516, 17.43609562596569, 13.544308978395698, 31.76616565789319, 13.920059728470488, 65.88438809800556, 39.813167429211674, 32.32256342837169, 33.5092349070187, 31.02386154042689, 26.475540021667715, 36.944454241882276, 42.7393300163704, 60.56818994673771, 72.0633642495918, 10.841761767485318, 17.16656024046111, 50.31468130161546, 5.437896503280711, 27.265421967308328, 11.068516465962867], [55.15024677382822, 53.084883950644546, 54.360879556251284, 55.719333571020734, 0.0, 42.442927399243175, 44.23038287491803, 31.475085421259053, 39.46905421470693, 20.14780693901686, 68.23718299817614, 26.128639178553758, 67.46092722846913, 19.89398420252081, 36.66011541916293, 68.4775211974163, 63.16875666532057, 34.20412776651625, 76.11210662979458, 57.35137005714369, 13.8064283131784, 18.805526193895872, 50.33606871261836, 73.37166620258961, 33.98394410003036, 44.29812398524473, 82.48469942149188, 61.42770389703333, 6.744933888028592, 30.88608669100636, 58.00705232737059, 30.23561657552915, 31.801857794580627, 60.84747423914525, 69.33097203740218, 66.49410392408966, 41.57358243348422, 69.61471305065862, 58.205170048092754, 37.40083157961526, 35.08270216719498, 52.40389890349006, 86.72739724696763, 81.27458129758767, 92.55857330604005, 22.06404522144951, 25.76208872439266, 33.7637746389777, 66.5433983840256, 44.29984567189261, 39.5530004756471, 50.289846305348185, 66.5790308696512, 44.786452452374576], [83.66571015972431, 10.67862841424227, 65.26858758942835, 45.92862952910349, 42.442927399243175, 0.0, 20.891069624258847, 38.10350678038842, 9.404675678983017, 34.67436820708617, 50.95193626322114, 27.96911667256456, 70.28277466158843, 62.04895912281127, 49.02864466875563, 63.20699799041189, 53.267814564387415, 17.879466803867885, 49.31326081047599, 73.78614159551422, 56.16765378804708, 60.12375714935484, 13.805303221731226, 51.147396627507895, 29.24303328118175, 46.39958019565733, 61.37067009905861, 21.188117764405874, 40.39917258067884, 33.026297894346044, 60.44097596930793, 44.66802587942811, 28.45415100847707, 80.31046314469376, 63.33079347990901, 47.99426331605067, 58.43206526511435, 56.72114501996177, 89.32572692360532, 7.605754406671993, 15.916274680280932, 67.25993724170473, 71.09922087316508, 70.14730321164826, 74.03103008876138, 50.44884749204634, 64.6736266591709, 33.64279945267428, 54.18528340058277, 28.958049283784778, 69.07341441854956, 42.73261764860956, 36.64104837116872, 40.82530453096947], [70.47793128997424, 25.725206548627693, 47.16160115760768, 25.083270553631543, 44.23038287491803, 20.891069624258847, 0.0, 53.24259901442825, 29.184830470190665, 45.91580842715752, 30.89725097183641, 19.46663851375324, 50.08064793154211, 60.89103719824568, 63.917328945437305, 42.35255068284148, 32.380866896848026, 35.44783747991527, 33.20156837908517, 56.67497402224975, 57.35885647392454, 57.808612253165855, 12.820136359790233, 32.724630159190745, 46.20428352384383, 27.972602135320475, 42.89489381607327, 23.226084108024256, 45.406189845849894, 19.78295040892847, 40.609393281328856, 31.769332336260828, 15.544191336417697, 63.742740826127076, 42.452568867245425, 28.120072224098855, 43.17596294291214, 36.08144556976621, 77.03458860937083, 15.439022057307627, 10.248234621995813, 50.18885830063558, 51.26759456350058, 49.54587204682286, 55.02753653871891, 42.17046083870348, 59.54492380357799, 50.08263319844285, 33.43799008329595, 8.58775186146051, 57.744285029832106, 22.285191367103707, 22.450990845675594, 21.494551514002865], [86.60355647513649, 45.59476984202522, 81.87958460004569, 74.1762944136597, 31.475085421259053, 38.10350678038842, 53.24259901442825, 0.0, 29.428619691051075, 11.618404313736018, 83.54798033788418, 44.19063423985524, 92.60865126050997, 47.15145768738357, 10.948974899685194, 90.10864940832013, 82.17587335555432, 20.383162693634745, 85.76333372910065, 86.75504955167115, 38.98585745475404, 47.976397796694314, 51.47162671604999, 85.96577554407939, 9.793399718178513, 67.33221275912182, 96.13072199609877, 58.915564428255095, 24.815058643101086, 51.23360023379933, 82.4543618794485, 56.7210972507995, 49.171976323208156, 91.11831416843309, 90.66011142488291, 80.99330248237605, 70.27718737653304, 87.45149596729613, 89.62349454155587, 38.870591548345075, 43.29777735382439, 81.12828267586971, 103.79308388665494, 100.59171640146151, 108.10126374051954, 52.566683936437535, 56.22862526635911, 5.627217490210901, 84.48503593182846, 58.145345801766226, 70.95130717061177, 69.3253509402887, 73.61960561763692, 64.92989928924932], [85.9931162155114, 16.393588362163634, 70.61591903204804, 53.779397270366744, 39.46905421470693, 9.404675678983017, 29.184830470190665, 29.428619691051075, 0.0, 27.793753189683017, 59.819573941062934, 31.339038201292638, 77.10083420849433, 59.36207040410766, 40.24353531382409, 70.98877502464143, 61.38296763064034, 9.0631296621676, 58.70917167659658, 78.40027192396869, 52.673862002177536, 58.02485319994935, 23.202532059015912, 60.386147890729255, 20.171891660335987, 52.36855576063197, 70.62932451692903, 29.504762904075818, 36.07420144582703, 37.53292412365002, 67.03119150763159, 48.1084661014012, 33.39643389909587, 84.51151965136944, 71.20918575939643, 56.91700585100882, 62.38665622185757, 65.26441049394508, 91.10475040460678, 13.966416700989774, 21.94551220040171, 71.96423501158442, 80.08499197559367, 78.72743989649227, 83.22880169096965, 51.4942805831147, 63.667408730138504, 24.64037912587827, 62.615699179309196, 36.61591096690905, 70.79881856651188, 50.09914800651623, 46.04571301648564, 47.47103037678226], [75.13371108049783, 43.98746203040741, 70.60187394428348, 64.77297825074709, 20.14780693901686, 34.67436820708617, 45.91580842715752, 11.618404313736018, 27.793753189683017, 0.0, 75.12180811364836, 34.0619095391515, 81.81895719020267, 37.35868900674263, 19.549984714056436, 80.09629492201883, 72.73863958017017, 19.54226001366956, 79.06227536061776, 75.22467360181315, 29.40530975730059, 37.61503800852825, 46.71870136584965, 78.36242721083663, 14.680392887719043, 56.78012660946743, 88.33829728802284, 55.82896055453279, 13.698867096935928, 40.90876522085489, 71.75244947265243, 45.446168517967045, 39.415666325346706, 79.51443330727201, 80.72523178347906, 72.76074859438899, 58.79480047091027, 78.37973156427944, 78.34705623651675, 33.196465745730585, 35.67653935593256, 69.67102774357775, 95.08419807978761, 91.24476814851464, 99.86097392930479, 40.95104732489508, 45.482366807493904, 13.691797372844883, 75.35186886122531, 49.597956182907325, 59.44392838100255, 59.701165775457575, 67.53827410363544, 54.96742027898439], [70.92825278375784, 52.40117204662866, 39.77031905820567, 13.874910204510638, 68.23718299817614, 50.95193626322114, 30.89725097183641, 83.54798033788418, 59.819573941062934, 75.12180811364836, 0.0, 42.54987069139898, 32.29519325219761, 80.05716376381325, 93.95283852533635, 19.485990639806754, 10.84942811194917, 66.34272440335272, 16.152883761355422, 50.062918215283666, 79.17529306071036, 76.16197128933268, 38.76253630662861, 8.38961398806922, 76.99188988437012, 28.643197677681666, 14.464119682629796, 42.298907348722054, 71.46720391520724, 37.4004378547146, 28.004936781021843, 42.96995382922218, 36.77030441444827, 57.33969876488044, 18.72674747139782, 3.087549226254301, 45.10288069675577, 7.728867003601827, 78.40847134562638, 46.3106532425011, 40.31748177054972, 45.23930210443737, 20.375737197687428, 19.773855048417285, 24.75858779143145, 56.52675336290324, 74.42416680504977, 80.74736547270393, 7.4204556735016824, 25.529928262142427, 63.82004599945771, 18.929987395603046, 21.305894787328814, 24.553010395673112], [55.70298047799045, 37.49227590707027, 39.90127720237491, 30.99100757524086, 26.128639178553758, 27.96911667256456, 19.46663851375324, 44.19063423985524, 31.339038201292638, 34.0619095391515, 42.54987069139898, 0.0, 48.739068757484894, 41.50502815626539, 53.56812546570921, 46.04923382272036, 38.86996508576693, 32.66490664578335, 50.03542317703823, 47.139596587291244, 38.475884815571796, 38.35265297444854, 29.128221950448417, 47.29592866434836, 40.31678308232062, 23.296601308595644, 56.59364904270113, 40.70773625629044, 28.918157584777262, 7.119574778912046, 38.508632051382776, 16.85525565330731, 5.780919948579984, 53.17263039423931, 46.6656392725321, 40.611106087792926, 31.04939528058705, 44.8211690105505, 61.4696055493756, 20.457418470229644, 13.34696589894147, 40.762261585150064, 61.80747734180627, 57.368375842343845, 67.17464002602382, 23.63129961096259, 40.290796757302374, 42.95782594507074, 41.75301126495121, 18.180113831285155, 41.31768992548388, 25.767591128694356, 41.07696847637924, 20.905775984023002], [45.14812261022832, 75.70769208004808, 15.648517280619073, 26.145364741749052, 67.46092722846913, 70.28277466158843, 50.08064793154211, 92.60865126050997, 77.10083420849433, 81.81895719020267, 32.29519325219761, 48.739068757484894, 0.0, 71.14762287883548, 101.28896867546723, 13.234600728498213, 22.13664242185956, 80.64042767254955, 48.33496679196995, 22.359106979063103, 73.64170322311293, 66.94883740811272, 62.12043504708289, 40.28532687407329, 89.03147556951153, 25.45520096514659, 40.769347951588735, 69.57597715978088, 73.00504951632888, 41.619782150499965, 10.244020137653159, 37.25927845286945, 44.60249857335451, 28.33663473808382, 14.310052639127486, 34.33989690489924, 28.304734604035332, 25.307680429914413, 52.45626225030423, 63.40742179608618, 55.16185454491456, 20.88202665157224, 34.0496372654376, 24.8872165443953, 41.54905098960749, 47.758403227234695, 61.67028867734633, 91.6782657827507, 24.876665008962227, 41.55396686122253, 44.38049121391186, 27.80275965949198, 52.01386835203284, 29.630586880708425], [45.26312484822069, 72.72426607099567, 56.019088627165665, 66.46177331575018, 19.89398420252081, 62.04895912281127, 60.89103719824568, 47.15145768738357, 59.36207040410766, 37.35868900674263, 80.05716376381325, 41.50502815626539, 71.14762287883548, 0.0, 48.68430872285579, 75.6682902350052, 72.88145493733921, 53.81253437794565, 90.46737644902994, 55.28457091687549, 8.18442971702822, 4.2022812001050545, 68.7833113008391, 86.4220367160502, 52.00436443191346, 52.63866349841524, 94.5170664243442, 80.1804447604704, 24.305875347865125, 43.80540327925143, 63.28371593807089, 37.468698645246775, 46.39342244354568, 56.36143610000744, 76.72731926149861, 78.9010051530126, 42.87671210415953, 79.7101117425896, 45.9577675520559, 56.50485275706554, 52.902196937094736, 52.207788291662695, 96.43368926742423, 89.6053233367765, 103.02743506873489, 24.219848647178594, 11.89456824799779, 50.78756850335465, 76.77281707193784, 58.93578127625622, 31.97942703855654, 61.17060246797596, 82.46754456800095, 55.51514954656786], [91.18627903960342, 56.25142331274054, 89.69577119730029, 84.09987502818069, 36.66011541916293, 49.02864466875563, 63.917328945437305, 10.948974899685194, 40.24353531382409, 19.549984714056436, 93.95283852533635, 53.56812546570921, 101.28896867546723, 48.68430872285579, 0.0, 99.6164988202595, 92.08728499512901, 31.240678002530142, 96.60741549803689, 93.69658034351319, 40.63340336828217, 50.39748430440825, 62.42056178193342, 96.63236831414942, 20.206061448027878, 76.32199168481687, 106.7569593495344, 69.74829643635462, 30.000573772560294, 60.452116724984435, 91.25816767935768, 64.62478950577035, 58.83120134692552, 97.47117194304852, 100.2308577760619, 91.46554756970613, 77.50710919022696, 97.57318629800379, 93.41707653717334, 49.75596617846439, 53.86104631943178, 88.41260154147959, 114.10145115892827, 110.5714171923754, 118.59675617997152, 58.6510697242597, 59.132398881579974, 15.717824121401575, 94.57170059424341, 68.45809003953144, 75.8654570333579, 79.10501973167852, 84.5251949474364, 74.46360407125444], [56.30563260839562, 67.14822414359975, 24.806910946353494, 17.278382327569187, 68.4775211974163, 63.20699799041189, 42.35255068284148, 90.10864940832013, 70.98877502464143, 80.09629492201883, 19.485990639806754, 46.04923382272036, 13.234600728498213, 75.6682902350052, 99.6164988202595, 0.0, 10.609072919090481, 75.8012184434198, 35.2987189021023, 33.885869630324606, 76.80211083712591, 71.50363556268503, 53.27306327707167, 27.20468535988927, 85.25821231879841, 24.17946385195332, 27.695285050319093, 59.31379080265549, 73.20683016490915, 39.22488870606397, 13.344991881829054, 38.920780448804884, 40.940035401178314, 40.59220471966396, 1.2558872129916843, 21.847695034253714, 34.611892495088064, 12.162772668598768, 63.77616158767457, 57.02601762496626, 49.34519689642926, 30.611704694121855, 22.667273663298705, 14.315859754275342, 30.11890829519934, 51.48340744701994, 67.60301768245199, 88.39932542082094, 12.204340446112898, 34.384636917931594, 52.761137607885104, 21.12004795958092, 40.1122778885159, 25.182784141094462], [60.33089244956381, 56.72944976381114, 28.983627436855343, 7.9995815390259635, 63.16875666532057, 53.267814564387415, 32.380866896848026, 82.17587335555432, 61.38296763064034, 72.73863958017017, 10.84942811194917, 38.86996508576693, 22.13664242185956, 72.88145493733921, 92.08728499512901, 10.609072919090481, 0.0, 66.74498964197382, 26.930096061889422, 39.227501241422026, 72.91267426394953, 68.83831206326612, 42.83551818869061, 19.232384057557937, 76.66399280723738, 20.285117118112925, 23.248774728259697, 48.70620218493249, 67.22240744460775, 32.6100953189807, 17.1578784853652, 35.41294684644028, 33.337312664502605, 46.49179328925478, 10.385196340058028, 12.368592001351965, 35.25702074639681, 6.870148805396961, 67.82978097764108, 47.43712716348036, 40.15613930968015, 34.524991111677764, 23.69986389593733, 18.51047736208853, 30.14886426856609, 48.820246327203584, 66.1902583578779, 80.04418558272866, 4.215818314770062, 24.88288160698213, 54.03405568214004, 13.109483205000922, 29.934598135108963, 18.398616604575356], [84.63425691755549, 25.385740322897895, 72.56437126691323, 58.893423129768124, 34.20412776651625, 17.879466803867885, 35.44783747991527, 20.383162693634745, 9.0631296621676, 19.54226001366956, 66.34272440335272, 32.66490664578335, 80.64042767254955, 53.81253437794565, 31.240678002530142, 75.8012184434198, 66.74498964197382, 0.0, 66.62168263476369, 79.45692454775408, 46.564732616889344, 53.0096000358709, 31.534111677448298, 67.67768583998195, 11.381110694182865, 55.336202003817, 77.93348929772166, 38.53243794653399, 29.71700299586004, 39.542992782039505, 70.42216961594143, 48.60652695435994, 36.0701487605378, 85.06127050075659, 76.14878163417261, 63.56138320459147, 63.01709875878214, 71.21076990763243, 89.16101217954025, 20.113130686223183, 26.589044547823992, 73.20455383816638, 86.71515468592092, 84.6396983767018, 90.3263663696013, 49.54602981443301, 59.51539013705092, 15.763380225132115, 68.41424198573368, 41.89341577574591, 69.06249155276528, 54.686616173675034, 54.14546461901834, 51.300234830292155], [86.2882330545043, 47.387351994036464, 55.59021558602633, 27.885539029596927, 76.11210662979458, 49.31326081047599, 33.20156837908517, 85.76333372910065, 58.70917167659658, 79.06227536061776, 16.152883761355422, 50.03542317703823, 48.33496679196995, 90.46737644902994, 96.60741549803689, 35.2987189021023, 26.930096061889422, 66.62168263476369, 0.0, 65.98583022502487, 88.36163269837667, 86.84555457951433, 35.60117325649685, 8.111343571922973, 77.89901803986457, 42.2337098593882, 14.37254663619356, 34.49401935674672, 78.12151100118987, 46.666409506314345, 44.01749447833487, 54.945157238396575, 44.52911241019214, 73.32266330240289, 34.40808556286455, 14.794022467289716, 59.60753180358997, 23.147222458499517, 93.71227690427236, 46.91499219994229, 43.44392093903857, 60.90316968190293, 27.043125604779657, 31.36875238307128, 26.90039602780376, 68.17371561073827, 86.36299198318387, 82.07553967575322, 23.533643050383652, 31.87489705654165, 77.99710364283085, 31.717959627480965, 12.818266384516308, 36.66150101556813], [22.78909807634049, 81.62571903569015, 10.502278987447879, 39.087337520233945, 57.35137005714369, 73.78614159551422, 56.67497402224975, 86.75504955167115, 78.40027192396869, 75.22467360181315, 50.062918215283666, 47.139596587291244, 22.359106979063103, 55.28457091687549, 93.69658034351319, 33.885869630324606, 39.227501241422026, 79.45692454775408, 65.98583022502487, 0.0, 59.69051695423242, 51.273768076570256, 69.49442727443952, 58.45229837397371, 85.52351675932128, 28.81887271678969, 61.21913996260581, 79.22503753110801, 63.80457052812543, 40.9487708807019, 22.08400823640982, 30.89033983966472, 45.369264248428955, 7.451027400506208, 35.126443459868185, 51.20196674838052, 16.596191253142845, 44.582074496024894, 30.124553907532494, 66.23184013596341, 57.8777596212974, 6.540826105472166, 56.08734996300489, 47.05141527206715, 63.60937879621977, 35.36259456217594, 44.27199554141976, 87.19066677756841, 43.080241449000006, 48.52278932726418, 24.620961882017482, 37.484923223118074, 66.23744865522758, 35.65053989911716], [52.008527748298825, 66.7779600312687, 59.09686878932085, 65.97644094460792, 13.8064283131784, 56.16765378804708, 57.35885647392454, 38.98585745475404, 52.673862002177536, 29.40530975730059, 79.17529306071036, 38.475884815571796, 73.64170322311293, 8.18442971702822, 40.63340336828217, 76.80211083712591, 72.91267426394953, 46.564732616889344, 88.36163269837667, 59.69051695423242, 0.0, 9.968460919048953, 64.06403371412185, 84.97414235178753, 44.08313301285346, 53.01815833617445, 93.6040963384905, 75.21435476300128, 16.84833616796114, 42.00170402156187, 65.07101541241225, 37.913447283792344, 43.84093806732635, 61.59641171214252, 77.78397749379788, 77.73123560732444, 45.82145072880873, 79.62109660622018, 53.32725324599465, 51.2056686511751, 48.59835681113505, 55.9037450154617, 96.61019216609236, 90.35121736365575, 102.88477038334445, 25.883302423937394, 18.84080057809899, 42.711789800173484, 76.6034622818951, 56.50897247292568, 37.75505209735657, 60.56798743752757, 79.48068773287477, 54.90891566317545], [42.146430196413945, 70.79709429990534, 51.84085417737543, 62.51087611398647, 18.805526193895872, 60.12375714935484, 57.808612253165855, 47.976397796694314, 58.02485319994935, 37.61503800852825, 76.16197128933268, 38.35265297444854, 66.94883740811272, 4.2022812001050545, 50.39748430440825, 71.50363556268503, 68.83831206326612, 53.0096000358709, 86.84555457951433, 51.273768076570256, 9.968460919048953, 0.0, 66.18454180710486, 82.64018504172769, 52.098749615877, 48.57475036003163, 90.61298799482644, 77.66870324425305, 24.110679237437967, 40.23616590127446, 59.08908365344941, 33.4378761478941, 43.03736693493157, 52.55907244665613, 72.56791646057498, 75.06696507699718, 38.68415211412289, 75.67796418265391, 43.359288314203354, 54.264061973585314, 50.18416350687331, 48.08258387032673, 92.35374095874882, 85.46649635903067, 98.9871755465444, 20.09461561305346, 8.872544585981515, 51.237760172108956, 72.75567086120617, 55.47802305843967, 28.319962811183387, 57.25114791775714, 79.12620353498403, 51.609365661061304], [82.81430123439807, 13.896617445866523, 59.95365820709419, 36.34650344123019, 50.33606871261836, 13.805303221731226, 12.820136359790233, 51.47162671604999, 23.202532059015912, 46.71870136584965, 38.76253630662861, 29.128221950448417, 62.12043504708289, 68.7833113008391, 62.42056178193342, 53.27306327707167, 42.83551818869061, 31.534111677448298, 35.60117325649685, 69.49442727443952, 64.06403371412185, 66.18454180710486, 0.0, 37.954286296963, 42.91432493690393, 40.78011341729261, 48.07749389075025, 11.600884462775877, 49.8516619019995, 31.440975906433938, 52.975706656971596, 43.688921228613644, 26.8104339354055, 76.5491715082045, 53.19176675202643, 35.70608085788331, 55.78485064315321, 45.23251318929629, 89.18944758276773, 13.679480876647474, 16.09256366762213, 63.005200424922855, 58.44255846836678, 58.40922329439417, 60.858259292507725, 52.73452746398809, 69.15819293526246, 47.25582434914294, 43.00613982507722, 21.201350264128923, 69.53616381513872, 34.419590752845735, 22.867201973211706, 34.21940892078065], [79.23814908790682, 50.8598208787615, 48.15473624050226, 21.450849094109493, 73.37166620258961, 51.147396627507895, 32.724630159190745, 85.96577554407939, 60.386147890729255, 78.36242721083663, 8.38961398806922, 47.29592866434836, 40.28532687407329, 86.4220367160502, 96.63236831414942, 27.20468535988927, 19.232384057557937, 67.67768583998195, 8.111343571922973, 58.45229837397371, 84.97414235178753, 82.64018504172769, 37.954286296963, 0.0, 78.71528137972784, 36.20815819757439, 10.258576804702965, 39.14916322148056, 76.02661239030408, 42.972717948095415, 36.39020477796543, 49.89865977771525, 41.57422745270244, 65.7240378558708, 26.302156141183367, 7.910728614982411, 53.11680949007776, 15.045387579189931, 86.70729990113468, 47.59846444167673, 42.805103061615725, 53.60348410047106, 21.100319642881686, 23.9460059335569, 22.911653651535918, 63.37409365867065, 81.45487901233177, 82.70397299594573, 15.599690103568586, 29.327623882384508, 71.74539423339567, 25.979712189646445, 16.95028757453068, 31.36046047376549], [87.94285094314786, 36.046186504110345, 79.60765788987236, 68.71154573658544, 33.98394410003036, 29.24303328118175, 46.20428352384383, 9.793399718178513, 20.171891660335987, 14.680392887719043, 76.99188988437012, 40.31678308232062, 89.03147556951153, 52.00436443191346, 20.206061448027878, 85.25821231879841, 76.66399280723738, 11.381110694182865, 77.89901803986457, 85.52351675932128, 44.08313301285346, 52.098749615877, 42.91432493690393, 78.71528137972784, 0.0, 63.5762807107311, 88.95586469791101, 49.63623793474386, 27.99921986716665, 47.42710005249976, 78.79092785646843, 54.7766834664241, 44.619407869007, 90.52510286293308, 85.69843180278853, 74.28959411481792, 68.92762232102419, 81.4887124708914, 91.68954510071119, 31.13515223428259, 36.77654345966883, 79.54704502342774, 97.35742060415147, 94.83376156667518, 101.2235444503867, 53.00344343479897, 59.690016154718734, 4.4941150626534085, 78.612795378514, 52.0356805034259, 72.19294116312531, 64.18782299765869, 65.48214707319227, 60.300123500542654], [45.27404368444968, 53.33994949152136, 19.204229654231952, 14.8065026608569, 44.29812398524473, 46.39958019565733, 27.972602135320475, 67.33221275912182, 52.36855576063197, 56.78012660946743, 28.643197677681666, 23.296601308595644, 25.45520096514659, 52.63866349841524, 76.32199168481687, 24.17946385195332, 20.285117118112925, 55.336202003817, 42.2337098593882, 28.81887271678969, 53.01815833617445, 48.57475036003163, 40.78011341729261, 36.20815819757439, 63.5762807107311, 0.0, 42.77675680514726, 50.41515694599228, 49.11526427595911, 16.17827043433519, 15.21607966209491, 15.205422735539367, 19.27124705323242, 36.03988365987727, 25.045569200631604, 28.29896515432715, 17.68171767458516, 27.14599243263824, 52.45715389009242, 39.10709539184393, 30.673558143564406, 22.421762487223194, 43.801245417311065, 37.343523983379306, 50.425018116648566, 28.536381448629303, 46.01515224563512, 66.25237015711141, 24.28721735613542, 19.708705255783418, 35.767716142409796, 10.550099889947916, 39.22262395503408, 6.930517392527619], [83.10179394123669, 60.73439989614728, 51.456683324231186, 28.184218723690762, 82.48469942149188, 61.37067009905861, 42.89489381607327, 96.13072199609877, 70.62932451692903, 88.33829728802284, 14.464119682629796, 56.59364904270113, 40.769347951588735, 94.5170664243442, 106.7569593495344, 27.695285050319093, 23.248774728259697, 77.93348929772166, 14.37254663619356, 61.21913996260581, 93.6040963384905, 90.61298799482644, 48.07749389075025, 10.258576804702965, 88.95586469791101, 42.77675680514726, 0.0, 48.46623391385421, 85.47646913817435, 51.737515062730786, 39.42634586485608, 57.35979120952953, 50.82091707587289, 68.14735808834901, 26.531747866598206, 15.994214341937012, 58.50275057167883, 16.849598058928553, 90.61204513007615, 57.848297335052166, 52.89880720977633, 57.181419695608284, 12.933369166593831, 19.08986093079902, 12.861160160831512, 70.91924655145667, 88.72945366613051, 92.92671229959996, 19.03437240344627, 38.964276432012646, 77.28108102308362, 33.36418069369117, 26.27836474544921, 39.00521891821657], [93.70400558484718, 14.27279476741855, 69.3097397661579, 43.4315251535326, 61.42770389703333, 21.188117764405874, 23.226084108024256, 58.915564428255095, 29.504762904075818, 55.82896055453279, 42.298907348722054, 40.70773625629044, 69.57597715978088, 80.1804447604704, 69.74829643635462, 59.31379080265549, 48.70620218493249, 38.53243794653399, 34.49401935674672, 79.22503753110801, 75.21435476300128, 77.66870324425305, 11.600884462775877, 39.14916322148056, 49.63623793474386, 50.41515694599228, 48.46623391385421, 0.0, 60.44980839597874, 42.6748622242471, 61.165190598269206, 54.85013481292957, 38.13488658684572, 86.44810416131175, 59.01200264063806, 39.24274875350578, 66.33902221227177, 49.61279047161318, 100.23766963945097, 24.108963577152736, 27.681036313121076, 72.8330496747392, 60.249482195456224, 61.95129135901518, 61.260398929762616, 64.28835767125092, 80.75453443516214, 54.12044994277038, 47.92891857438019, 30.764476091153476, 80.79272404884212, 42.67726958962341, 22.248885048981965, 43.58328048711229], [61.868494248271695, 50.81848780863256, 60.38879375940866, 59.54245254271765, 6.744933888028592, 40.39917258067884, 45.406189845849894, 24.815058643101086, 36.07420144582703, 13.698867096935928, 71.46720391520724, 28.918157584777262, 73.00504951632888, 24.305875347865125, 30.000573772560294, 73.20683016490915, 67.22240744460775, 29.71700299586004, 78.12151100118987, 63.80457052812543, 16.84833616796114, 24.110679237437967, 49.8516619019995, 76.02661239030408, 27.99921986716665, 49.11526427595911, 85.47646913817435, 60.44980839597874, 0.0, 34.6205338556038, 63.32734750902308, 35.7718096685325, 34.69882039313929, 67.47078700721957, 73.99571887253988, 69.50978370756012, 47.81790874982662, 73.45745834069173, 64.81022620062083, 36.381789656255506, 35.613809159242614, 58.698616737983116, 90.53354005611729, 85.55807441076041, 96.05894618817912, 28.651769048308935, 31.795869516375205, 27.389627442033863, 70.37889576146932, 46.70804862969407, 46.29149618455861, 54.171132963559636, 67.84992531248722, 48.85211033942683], [51.537713748580465, 41.683493589284026, 33.17209848106745, 24.938801642284545, 30.88608669100636, 33.026297894346044, 19.78295040892847, 51.23360023379933, 37.53292412365002, 40.90876522085489, 37.4004378547146, 7.119574778912046, 41.619782150499965, 43.80540327925143, 60.452116724984435, 39.22488870606397, 32.6100953189807, 39.542992782039505, 46.666409506314345, 40.9487708807019, 42.00170402156187, 40.23616590127446, 31.440975906433938, 42.972717948095415, 47.42710005249976, 16.17827043433519, 51.737515062730786, 42.6748622242471, 34.6205338556038, 0.0, 31.389122296652875, 12.261592279793346, 4.729605823813153, 47.31443378764658, 39.894562246755136, 35.79050800935076, 25.41593779862226, 38.85884563824842, 57.777234877231145, 25.425176772849778, 17.28647074980342, 34.47159928652791, 55.9569945940563, 51.00628306979111, 61.67876458447975, 22.724775111110592, 40.62297730771575, 50.0742580132616, 35.780427344723456, 15.374237717499406, 38.12288878359591, 19.551931785142987, 39.18110521222839, 14.296075662118838], [43.6856207541461, 66.3311546189862, 12.031538349227938, 18.275163956368743, 58.00705232737059, 60.44097596930793, 40.609393281328856, 82.4543618794485, 67.03119150763159, 71.75244947265243, 28.004936781021843, 38.508632051382776, 10.244020137653159, 63.28371593807089, 91.25816767935768, 13.344991881829054, 17.1578784853652, 70.42216961594143, 44.01749447833487, 22.08400823640982, 65.07101541241225, 59.08908365344941, 52.975706656971596, 36.39020477796543, 78.79092785646843, 15.21607966209491, 39.42634586485608, 61.165190598269206, 63.32734750902308, 31.389122296652875, 0.0, 27.795924913110582, 34.36957873263914, 29.334806389603745, 14.57203136919913, 29.28527190908985, 21.38677368739889, 22.63450770473286, 51.19447042635159, 53.43482201899151, 45.12141845463718, 17.76791531426556, 35.95015737920166, 27.62895677484059, 43.34425241017074, 39.32743961326151, 54.675780626101776, 81.45837115055532, 21.00338735241112, 32.024293076622996, 39.416667684116995, 18.59755400676805, 45.40512683883137, 19.631973815610202], [39.32031346338469, 53.74722821666011, 25.163552622782564, 29.181562679428833, 30.23561657552915, 44.66802587942811, 31.769332336260828, 56.7210972507995, 48.1084661014012, 45.446168517967045, 42.96995382922218, 16.85525565330731, 37.25927845286945, 37.468698645246775, 64.62478950577035, 38.920780448804884, 35.41294684644028, 48.60652695435994, 54.945157238396575, 30.89033983966472, 37.913447283792344, 33.4378761478941, 43.688921228613644, 49.89865977771525, 54.7766834664241, 15.205422735539367, 57.35979120952953, 54.85013481292957, 35.7718096685325, 12.261592279793346, 27.795924913110582, 0.0, 16.960810326387204, 36.5220324299331, 39.884111357367516, 42.12840564051431, 14.415559458324426, 42.243491851454465, 45.51569013266886, 37.08448032017886, 29.278692220456684, 24.78145297304896, 58.999833318702535, 52.46018370378374, 65.55893381387796, 13.559650694061947, 31.5563564954697, 56.67500049860444, 39.31797244038236, 26.002405358029492, 25.974969404055745, 24.057016385163156, 49.329565961276046, 18.54139100216229], [56.25969769114821, 36.96734741608888, 37.229277561587644, 25.399554623127912, 31.801857794580627, 28.45415100847707, 15.544191336417697, 49.171976323208156, 33.39643389909587, 39.415666325346706, 36.77030441444827, 5.780919948579984, 44.60249857335451, 46.39342244354568, 58.83120134692552, 40.940035401178314, 33.337312664502605, 36.0701487605378, 44.52911241019214, 45.369264248428955, 43.84093806732635, 43.03736693493157, 26.8104339354055, 41.57422745270244, 44.619407869007, 19.27124705323242, 50.82091707587289, 38.13488658684572, 34.69882039313929, 4.729605823813153, 34.36957873263914, 16.960810326387204, 0.0, 51.8572786884794, 41.489272650722384, 34.83497436663864, 30.06425834185051, 39.1588618375825, 62.4664884255714, 20.87388052211685, 12.621135053600456, 38.858682894679525, 56.09814073938325, 51.84774697578591, 61.40842525503842, 26.629200451342186, 44.160073123608576, 47.556839273576145, 36.09952193512157, 12.66887729816638, 42.72582526232978, 20.285880549402368, 36.091215229011425, 15.777134005831694], [17.936449256961843, 88.44011996365023, 17.946941593545077, 46.533366994516, 60.84747423914525, 80.31046314469376, 63.742740826127076, 91.11831416843309, 84.51151965136944, 79.51443330727201, 57.33969876488044, 53.17263039423931, 28.33663473808382, 56.36143610000744, 97.47117194304852, 40.59220471966396, 46.49179328925478, 85.06127050075659, 73.32266330240289, 7.451027400506208, 61.59641171214252, 52.55907244665613, 76.5491715082045, 65.7240378558708, 90.52510286293308, 36.03988365987727, 68.14735808834901, 86.44810416131175, 67.47078700721957, 47.31443378764658, 29.334806389603745, 36.5220324299331, 51.8572786884794, 0.0, 41.81117612351666, 58.55304347880053, 22.136677000446504, 51.6499681174685, 24.71056693950446, 72.72163074833425, 64.44944173893498, 13.618456332209247, 62.37301520599844, 53.22368305259988, 69.88003152695092, 38.820997491179014, 44.80445094812006, 91.92379770772132, 50.27216981929731, 55.701901075646774, 24.50163651087166, 44.90738594436699, 73.68818846157004, 42.92037742661755], [57.5588775990405, 67.08006554567199, 26.06247763828375, 17.43609562596569, 69.33097203740218, 63.33079347990901, 42.452568867245425, 90.66011142488291, 71.20918575939643, 80.72523178347906, 18.72674747139782, 46.6656392725321, 14.310052639127486, 76.72731926149861, 100.2308577760619, 1.2558872129916843, 10.385196340058028, 76.14878163417261, 34.40808556286455, 35.126443459868185, 77.78397749379788, 72.56791646057498, 53.19176675202643, 26.302156141183367, 85.69843180278853, 25.045569200631604, 26.531747866598206, 59.01200264063806, 73.99571887253988, 39.894562246755136, 14.57203136919913, 39.884111357367516, 41.489272650722384, 41.81117612351666, 0.0, 21.186909846032776, 35.802400077293974, 11.262640272729058, 65.02825568989162, 57.24285400077979, 49.64537988430742, 31.867420503533168, 21.41842168509219, 13.129960310195974, 28.86567318222354, 52.52971372634433, 68.73624962103034, 88.88238676662397, 11.561176391214028, 34.59327728624696, 53.98827205378651, 21.514918907022764, 39.54363489514328, 25.76881141245747], [71.59182300933428, 49.323378531247045, 40.796837061488965, 13.544308978395698, 66.49410392408966, 47.99426331605067, 28.120072224098855, 80.99330248237605, 56.91700585100882, 72.76074859438899, 3.087549226254301, 40.611106087792926, 34.33989690489924, 78.9010051530126, 91.46554756970613, 21.847695034253714, 12.368592001351965, 63.56138320459147, 14.794022467289716, 51.20196674838052, 77.73123560732444, 75.06696507699718, 35.70608085788331, 7.910728614982411, 74.28959411481792, 28.29896515432715, 15.994214341937012, 39.24274875350578, 69.50978370756012, 35.79050800935076, 29.28527190908985, 42.12840564051431, 34.83497436663864, 58.55304347880053, 21.186909846032776, 0.0, 45.25301767210847, 10.54831010256417, 79.03883936433016, 43.49167929827798, 37.709984491032955, 46.11934404264588, 23.183482346466132, 22.861391278257067, 27.13279244361502, 55.6433702248257, 73.6729797527103, 78.09324723103003, 9.64354983308111, 23.187424094631268, 63.85182383664252, 18.127698528015813, 18.478806067037166, 23.59217970719028], [27.77364678014114, 66.96387466587863, 13.275941224987871, 31.76616565789319, 41.57358243348422, 58.43206526511435, 43.17596294291214, 70.27718737653304, 62.38665622185757, 58.79480047091027, 45.10288069675577, 31.04939528058705, 28.304734604035332, 42.87671210415953, 77.50710919022696, 34.611892495088064, 35.25702074639681, 63.01709875878214, 59.60753180358997, 16.596191253142845, 45.82145072880873, 38.68415211412289, 55.78485064315321, 53.11680949007776, 68.92762232102419, 17.68171767458516, 58.50275057167883, 66.33902221227177, 47.81790874982662, 25.41593779862226, 21.38677368739889, 14.415559458324426, 30.06425834185051, 22.136677000446504, 35.802400077293974, 45.25301767210847, 0.0, 41.88063803694145, 34.83529498009927, 50.82719983254085, 42.68306668066306, 10.90556911947813, 56.927037842589414, 48.92732849637906, 64.16110570704636, 20.17823785