instance_id,num_cities,city_coordinates,distance_matrix,best_route,total_distance
89,68,"[[38.07674906161944, 35.17561252583674], [63.06479528926122, 35.38322981742733], [3.208604720277286, 2.5367943337773924], [6.084950931903343, 86.07028661944693], [12.456802195223403, 19.641627112135918], [11.68433380781696, 70.51063558819412], [15.676729982686444, 49.76151618787823], [11.571161919966045, 74.52688156528069], [65.47196354533737, 89.11634876990459], [86.4503299613831, 10.443901114165953], [82.76471924185967, 4.447356631317046], [94.13413548107353, 17.17427928143436], [25.85339004773235, 79.81311805378407], [87.10360541755959, 9.084649859255345], [72.19569396153574, 67.16335678113862], [11.62917627995469, 24.44709365675941], [44.941809487706806, 58.37974919467438], [42.750742624193535, 7.790287514084426], [35.07701019525764, 46.40518402180127], [28.300820855006936, 74.97679852169873], [25.458258625028172, 9.929918250679536], [27.635791840750954, 31.681032801326946], [85.64955436726677, 20.509365142120807], [54.59826159148983, 73.50145253824391], [64.69388117855512, 65.8677795906594], [58.94352438505505, 0.05204072305503571], [80.34423513141714, 18.461945782158672], [10.265907302909172, 77.41577922061789], [13.933700775263702, 50.448612724329976], [59.28185280496005, 46.228785518199835], [53.31152045995512, 60.038053497793996], [15.078416041520393, 68.09386303514319], [2.9617508957563654, 93.97955814605004], [94.14701093158364, 83.23350466538865], [12.863315311880086, 76.96058992427656], [65.89546001317011, 3.9385548433818696], [89.07834680336519, 82.7947569360226], [76.33685993248949, 76.0882726745903], [24.338135620221646, 72.04997303321419], [42.52503018397419, 79.93152274756119], [61.691071311459545, 49.2832952780032], [17.596499549443323, 87.48932844547492], [21.13619829967194, 92.64603633396811], [3.131710802417842, 65.67490558429499], [15.362112477489854, 30.330815635603848], [96.40405640650843, 57.18923086514857], [97.28693750293293, 63.494903790119196], [39.111364418920466, 90.32097469633668], [40.399663618689466, 38.873786669876075], [83.40769634971895, 7.83093256230959], [77.17822194501525, 45.222565102857374], [82.97491755279775, 57.036102828514245], [26.52770787859825, 94.68385320860345], [12.765643621920319, 53.43049131635507], [79.57015261195905, 29.391716458788387], [57.72293442908696, 53.494966397253506], [67.8630281842979, 23.849229132820206], [12.099086477860865, 47.57194732943718], [84.47583066745877, 19.291366097638463], [66.08609902009728, 11.764600377442813], [76.34380198441852, 58.62868856877641], [6.165675176580865, 86.91656068918532], [15.735137620898797, 76.55510894444893], [19.628034460375343, 83.66267082298123], [42.03528250905839, 26.001817768295922], [26.845836843736482, 29.542802338867048], [41.49617442593277, 35.93391395769445], [20.286003089691906, 13.93546416267306]]","[[0.0, 24.98890872396252, 47.76065266286648, 60.114415897247994, 29.961414857613548, 44.10355357277317, 26.730309395420722, 47.445426805314774, 60.49876695570749, 54.329189929688326, 54.233203751476125, 58.876808428752504, 46.280853550252324, 55.53711350993076, 46.768773595489144, 28.540764235836473, 24.19836798629045, 27.78132901468702, 11.623326083756773, 40.98418205817998, 28.223596162308066, 11.010253182327856, 49.78223194041607, 41.73524157029997, 40.62611033886204, 40.8544686488994, 45.45203003914427, 50.57345748246724, 28.568362144520624, 23.912947496386618, 29.158861957278198, 40.15637606030744, 68.49063524813863, 73.84737817325112, 48.80268002518532, 41.82863196021283, 69.77639920896593, 56.01501445415038, 39.350577659294835, 44.976423876499524, 27.507506756430484, 56.179760531721705, 59.91520568941037, 46.382783185173174, 23.225562900749864, 62.343196697747445, 65.6340511698548, 55.15506683753696, 4.367198648915448, 52.93983664825742, 40.37160434929283, 49.93722629597777, 60.618570268567126, 31.20725329528509, 41.89458189200309, 26.86207969906812, 31.86705798688846, 28.783816110421593, 49.04267589005587, 36.50478290455554, 44.88222493674101, 60.79015013420114, 47.02563477111264, 51.878221757774675, 9.991421185595987, 12.56431215181405, 3.502497806375734, 27.706579448334296], [24.98890872396252, 0.0, 68.27629071216522, 76.26191966007603, 52.9996888739681, 62.240553164558854, 49.52134744179413, 64.68245318267245, 53.787010805343435, 34.18849730640894, 36.67581292248693, 36.012078245733086, 57.95432381405578, 35.629758632367206, 33.06584008297617, 52.58537797710694, 29.27938725163903, 34.264138696817604, 30.079886784219205, 52.68951130163711, 45.410600850376795, 35.62191106749573, 27.04261808684369, 39.04716502192286, 30.52804768915562, 35.57074354983528, 24.184889800470938, 67.486723004803, 51.3890086523855, 11.486371589761918, 26.513896367866135, 58.07476318343406, 83.93989301257994, 57.05920549973748, 65.18332198786754, 31.57182679229289, 54.07918052350863, 42.81411232172756, 53.33108124887464, 49.05540086034749, 13.967782120848021, 69.15498125022785, 70.97208081820753, 67.15325931682054, 47.969499022870345, 39.83726915260648, 44.28793550437515, 59.9326510580028, 22.93233919129341, 34.24854314551118, 17.204689210400087, 29.41530006957653, 69.65287281251601, 53.43882770107184, 17.559187130294035, 18.883073886061965, 12.49224602333502, 52.40294179944507, 26.783960012341044, 23.81108844335486, 26.770942668697792, 76.76714180126359, 62.731332887596565, 64.94348785763353, 23.02718610269831, 36.686830661846074, 21.575649676622692, 47.854275813506874], [47.76065266286648, 68.27629071216522, 0.0, 83.58299887518483, 19.444908354404962, 68.50022684959525, 48.842896123759026, 72.47416796705927, 106.64307337345684, 83.61642876105282, 79.5790525582198, 92.09618944193831, 80.52587478696391, 84.1501369813474, 94.52941899612013, 23.47269140542503, 69.71438867089333, 39.88959589426624, 54.222051614984814, 76.66272573616233, 23.44579664101578, 38.02728108177114, 84.37726874080704, 87.61780382672073, 88.2680741534461, 55.79027935532523, 78.76240173825227, 75.21082300724086, 49.097556221037905, 71.08585825905197, 76.26727326360016, 66.62298160182795, 91.4430970081272, 121.58023187425059, 75.0474169222633, 62.70252593826162, 117.53702891633525, 103.71866599846679, 72.65355523958574, 86.80855543945992, 74.86944803534519, 86.1623152521697, 91.8753182601121, 63.138158073841055, 30.335051853112244, 108.03833131725146, 112.10095364293494, 94.84234537328174, 51.99569091779489, 80.3736411877077, 85.40245487411175, 96.60662135330071, 95.05188599596052, 51.78325390627702, 80.94611070801372, 74.62270059205608, 68.07653303839989, 45.904309941708206, 82.97636825109073, 63.55101646554053, 92.16863716978334, 84.43156539989516, 75.07079941172003, 82.77080106614633, 45.366487993852154, 35.88931889614594, 50.80655069122144, 20.53210191227049], [60.114415897247994, 76.26191966007603, 83.58299887518483, 0.0, 66.73355447194564, 16.53649989584983, 37.554347759099734, 12.780794625143255, 59.465080188061826, 110.35372368499995, 111.99147096058581, 111.80035208751943, 20.735075199655242, 111.76229526114032, 68.76119792325322, 61.8720966642201, 47.71395309234445, 86.4415324965839, 49.13104786600429, 24.831640191802475, 78.56640978372427, 58.503244993507316, 103.09588034826014, 50.115036678768966, 61.99312861039603, 100.96121737872606, 100.42573893477258, 9.611498035823594, 36.476108964549745, 66.46243735293115, 53.9261164065056, 20.10060246759313, 8.503584805675963, 88.10773940603721, 11.354857883114851, 101.60176357276379, 83.05800896352004, 70.95753181038606, 23.01625391592125, 36.953535659960515, 66.67325817463214, 11.598682307831501, 16.424997157801474, 20.608085666345602, 56.50623285887668, 94.82434389551942, 93.95451167662448, 33.29883386760623, 58.35245594031602, 110.0009249153225, 81.99261879242931, 82.18911603958223, 22.18332348786981, 33.3164807902363, 92.8037455139347, 61.05434322989521, 87.68118853982841, 38.96526600003981, 102.97841643651512, 95.5064017738944, 75.42776315650676, 0.8501154067480047, 13.552295352420762, 13.755425303586973, 70.00462335181221, 60.21935621488624, 61.380865202620136, 73.51940215520337], [29.961414857613548, 52.9996888739681, 19.444908354404962, 66.73355447194564, 0.0, 50.874873274995224, 30.29151123485749, 54.8923994290977, 87.39190055378731, 74.56299561320736, 71.93100204279772, 81.7145921975109, 61.64476367243884, 75.38962130182124, 76.33511629781506, 4.876215065716443, 50.55608569968955, 32.52963382797805, 35.042285719138086, 57.55878840122736, 16.22822104562919, 19.3739261898036, 73.19789573346246, 68.38701188806249, 69.75363498541519, 50.44568598849508, 67.89768183602808, 57.81567842967148, 30.842366834042693, 53.84665594736161, 57.454149277684856, 48.52310815578338, 74.94187073714188, 103.52399284290571, 57.32040431446359, 55.69808459957406, 99.29339809217, 85.24602965399502, 53.73826203125089, 67.37187729397161, 57.46861532232488, 68.04209774184616, 73.51853972003697, 46.96828777355547, 11.076984207196546, 91.96175312165032, 95.49482568034803, 75.53830725046203, 33.921666612732984, 71.92719852094704, 69.59343764259589, 79.81949265490837, 76.35002347258174, 33.79027563128195, 67.81788883788153, 56.52496181482042, 55.56576097847361, 27.93261083349417, 72.0198802058357, 54.20469562786509, 74.84343460243176, 67.56844653357884, 57.00782312490332, 64.42142974218068, 30.254562017299623, 17.466470421540354, 33.297503663362725, 9.687965846955132], [44.10355357277317, 62.240553164558854, 68.50022684959525, 16.53649989584983, 50.874873274995224, 0.0, 21.129722740861457, 4.0178401691286565, 56.91468769817388, 95.90603094283733, 97.04008460417906, 98.19743733947935, 16.949877130896663, 97.26879382883249, 60.60386937370606, 46.063574954859114, 35.40082051719913, 69.99259831784869, 33.59002982712633, 17.20622716164246, 62.12684056024438, 41.978411903767125, 89.28035001403961, 43.018021617119906, 53.212481846502676, 84.84011247273021, 86.15827389340743, 7.049322118773372, 20.187729271625578, 53.43343576362163, 42.924324621502414, 4.1666033867314045, 25.037447527342117, 83.4383875441875, 6.556821510798631, 85.85271189162593, 78.36282846377654, 64.89267423807564, 12.747088298009746, 32.24750638166996, 54.32562721591781, 17.978590459163886, 24.068936589479826, 9.825051905363784, 40.34778788689254, 85.76066243327658, 85.88961667189814, 33.83329046548697, 42.725406675977524, 95.25222257632726, 70.20638070858804, 72.55281086072273, 28.366709430753694, 17.11433782712357, 79.3678140374259, 49.08243825626767, 73.02966899993223, 22.94243750802739, 89.00570533518292, 80.06652678363727, 65.7421287292494, 17.309245261057736, 7.276308795436918, 15.364843340383851, 53.872209447824545, 43.683343913359764, 45.6540854661771, 57.22533299389219], [26.730309395420722, 49.52134744179413, 48.842896123759026, 37.554347759099734, 30.29151123485749, 21.129722740861457, 0.0, 25.103366535066055, 63.46942675901746, 80.96157921526222, 80.95783692241554, 84.95582667913389, 31.72795588729938, 82.19735998622791, 59.13727542993259, 25.63596456270982, 30.50768458265218, 49.945832627961835, 19.688469669715936, 28.198903055382946, 41.015052076178115, 21.67770836634653, 75.8411794024798, 45.590242384686825, 51.59547298124534, 65.9018015599323, 71.84392340166082, 28.1786313712349, 1.8735667771213118, 43.747993352039046, 39.01262197481737, 18.342107853259918, 46.009845987524365, 85.31095477626216, 27.344193428001162, 67.98282600961664, 80.4921881067636, 66.12676820046197, 23.912240718183018, 40.386390275806775, 46.01682630472769, 37.77662416010607, 43.2306356935051, 20.26359958929549, 19.433247493065384, 81.0683179600098, 82.75766977465643, 46.84284113564514, 27.01418334185553, 79.6596362544601, 61.668757005023274, 67.69021835549066, 46.214284422688905, 4.683567261524082, 67.06189824547224, 42.21163297971775, 58.265395737189, 4.194489818020243, 75.24457655907952, 63.125827502340044, 61.311665866259965, 38.353063703162675, 26.793656418211377, 34.13064741062745, 35.48656873064809, 23.098600342482907, 29.289013209633183, 36.12134275311026], [47.445426805314774, 64.68245318267245, 72.47416796705927, 12.780794625143255, 54.8923994290977, 4.0178401691286565, 25.103366535066055, 0.0, 55.84038833293003, 98.55718233631036, 99.89826034078764, 100.52843175928484, 15.229127897090612, 99.93916004941342, 61.0700858236337, 50.07982151154734, 37.071957095414376, 73.66097500335981, 36.65180453767543, 16.735707733778874, 66.07283196869705, 45.75848654397755, 91.68151562939309, 43.03931703492438, 53.82381766870277, 88.26461716904808, 88.7299984408498, 3.170081904046183, 24.193896342257258, 55.47154463878992, 44.18352260533364, 7.326974742842536, 21.272719251186377, 83.03358432463818, 2.7554667054568713, 89.07211254212415, 77.946914446279, 64.78451652397827, 13.005025695447204, 31.422159486813968, 56.118125111720744, 14.294394799048057, 20.488867476674873, 12.23036442357436, 44.358353776824636, 86.58645459172367, 86.42279049776857, 31.747694900825245, 45.85003474168831, 98.02467695577474, 71.85422248177392, 73.51478531079083, 25.09983611186327, 21.130179082801632, 81.61523059037492, 50.71811866945324, 75.74297765196911, 26.960103560585168, 91.46612976483581, 83.13231806543406, 66.69518304550346, 13.517523283731789, 4.631673557102884, 12.180962215421157, 57.295239416274384, 47.5066635102395, 48.83567878347209, 61.21493542813365], [60.49876695570749, 53.787010805343435, 106.64307337345684, 59.465080188061826, 87.39190055378731, 56.91468769817388, 63.46942675901746, 55.84038833293003, 0.0, 81.42140920931553, 86.41688277960391, 77.44147120475941, 40.696209500916666, 82.90356301518587, 22.95958205125986, 84.14961852197733, 36.96249151610436, 84.44040572813964, 52.42229280843358, 39.76959554894222, 88.72196661383039, 68.7778409785397, 71.51260989420119, 19.027936790588694, 23.261585953061047, 89.30325573983079, 72.20269471207371, 56.43236636558706, 64.4312528222709, 43.33198071456128, 31.518623573450515, 54.602697153965806, 62.69910279208201, 29.272276941869528, 53.994743652180745, 85.17884671353234, 24.438163880273404, 16.963983619682338, 44.53372857238573, 24.716852140828113, 40.012089380247005, 47.90310269657128, 44.4760471964254, 66.60186461860695, 77.24465081755389, 44.45374254746502, 40.8491249695101, 26.388109252583526, 56.15100417612325, 83.24067154505734, 45.42797299384565, 36.54443293645921, 39.34021041010424, 63.65089616073481, 61.36603816164309, 36.45449676491385, 65.3109033456832, 67.63579893448934, 72.36487525573102, 77.35418632337924, 32.368106147640724, 59.34707160153884, 51.29850484166686, 46.16717921961212, 67.3254932514371, 70.99989505864859, 58.33703657585926, 87.71508668766748], [54.329189929688326, 34.18849730640894, 83.61642876105282, 110.35372368499995, 74.56299561320736, 95.90603094283733, 80.96157921526222, 98.55718233631036, 81.42140920931553, 0.0, 7.0386271467276735, 10.21463937390196, 92.10905159491331, 1.508089120582289, 58.48325656669456, 76.12026300273058, 63.40980052887083, 43.78008221302464, 62.70910501797614, 86.86691117522065, 60.994236975987874, 62.53131740688909, 10.097267335778799, 70.64565840191874, 59.54115693381285, 29.40433837722339, 10.078364667467813, 101.43618049251684, 82.81931211697871, 44.92976855948791, 59.64696677805547, 91.74676128384269, 118.10397465854388, 73.1953911329205, 99.19434769828, 21.55973582145092, 72.39856912036886, 66.41886624738771, 87.48275706200138, 82.2068216196268, 46.0599547102223, 103.32883351253015, 104.99107976117772, 99.96227365029323, 73.81750493087858, 47.79333137240475, 54.14647678227617, 92.851087999452, 54.11951832118309, 4.010638845348559, 35.99343628921104, 46.721641152685, 103.37838345683967, 85.3069747333473, 20.158287295636928, 51.75574824188763, 22.917037475209387, 83.10595179233148, 9.06511357322565, 20.4070122353578, 49.23327786970062, 110.8769293243264, 96.80563118192329, 99.12722841730483, 47.06107957547415, 62.58964473299456, 51.67801132656623, 66.25638960059398], [54.233203751476125, 36.67581292248693, 79.5790525582198, 111.99147096058581, 71.93100204279772, 97.04008460417906, 80.95783692241554, 99.89826034078764, 86.41688277960391, 7.0386271467276735, 0.0, 17.065702029584628, 94.43991415408289, 6.350623727443025, 63.60032209170442, 73.89353796897181, 65.87317716551156, 40.15337484752797, 63.51831919567013, 89.1107086766913, 57.56812408215649, 61.48879372804186, 16.31901930576452, 74.57759380734358, 64.02361708631187, 24.223297181417642, 14.222076233651421, 102.86140397510673, 82.78782920987743, 47.92841345092606, 62.91117942454197, 92.91024388268788, 119.93551961334859, 79.60410596292508, 100.71928948310415, 16.876930591317066, 78.60138056988042, 71.92870238521186, 89.35199728085719, 85.54000181049828, 49.541498074077886, 105.55977425450678, 107.5968479780542, 100.45013083070386, 72.20155710688563, 54.47693838669966, 60.80713485022307, 96.33220472341684, 54.589165803793925, 3.444126252335002, 41.15612442814828, 52.589166279026934, 106.32603990375178, 85.4354614385535, 25.148088260447167, 55.07049128490501, 24.46411766117063, 82.78503473947892, 14.942306359697476, 18.213138898663182, 54.560470204572646, 112.55480074014098, 98.45045838355976, 101.29810939835248, 46.08125227765403, 61.291947300732105, 51.908535747903905, 63.19504851291534], [58.876808428752504, 36.012078245733086, 92.09618944193831, 111.80035208751943, 81.7145921975109, 98.19743733947935, 84.95582667913389, 100.52843175928484, 77.44147120475941, 10.21463937390196, 17.065702029584628, 0.0, 92.66004705201246, 10.71776362690266, 54.591236344102136, 82.82488829884541, 64.16989705000773, 52.23324959232536, 65.8952945130755, 87.60797078563003, 69.05691007198791, 68.06229209035901, 9.116518764030321, 68.81740892619909, 56.90154256047416, 39.135024754831456, 13.849889410047327, 103.26140621097163, 86.82909070737679, 45.374507605019396, 59.19281237813844, 94.03515717940981, 119.21180550786217, 66.0592266387164, 100.89276064840236, 31.186650887545305, 65.81495336752855, 61.54349384363102, 88.785265451623, 81.25251600432941, 45.64582479243424, 103.93370893480234, 104.99849972897961, 103.12008557581854, 79.86317084185737, 40.07928256911194, 46.4277978743728, 91.53111157130455, 57.95051412395218, 14.225140574083422, 32.77513297246136, 41.39436098394664, 102.85116967511854, 89.08054994528385, 19.00987554389698, 51.429251157424204, 27.105830260613924, 87.48581306541121, 9.887613891128604, 28.564960618921642, 45.11057542621992, 112.26057110268515, 98.34879662175655, 99.85922741083331, 52.841422357244255, 68.4156085709226, 55.88093446989997, 73.91912189054024], [46.280853550252324, 57.95432381405578, 80.52587478696391, 20.735075199655242, 61.64476367243884, 16.949877130896663, 31.72795588729938, 15.229127897090612, 40.696209500916666, 92.10905159491331, 94.43991415408289, 92.66004705201246, 0.0, 93.56337475740538, 48.0377517406283, 57.164017658343134, 28.70116822303663, 73.97843363469877, 34.65783064346569, 5.420323253536352, 69.88431686409933, 48.165076423707205, 84.21707888983309, 29.42965785813993, 41.26810167834991, 86.35268639376889, 82.05619133884286, 15.770759392025703, 31.691531449201722, 47.38533015788812, 33.837879719749104, 15.919830496160529, 26.920534317729295, 68.37921978203651, 13.299584894749868, 85.79228817024483, 63.29522357315534, 50.62069936996211, 7.909640737131473, 16.672060595614994, 47.07875823639671, 11.273883389419918, 13.672442706914193, 26.76123613660947, 50.582261294451015, 74.08938382245762, 73.27370482505488, 16.917119602565855, 43.44678272280422, 92.16253686846915, 61.89301028981554, 61.49521385509702, 14.886015873355934, 29.450502543638525, 73.67366095956777, 41.331742833943906, 69.97690018515513, 35.05244579724305, 84.25837052812358, 79.05233474858501, 54.75455917219609, 20.930002726282563, 10.62984738976218, 7.319433633271815, 56.19172254028966, 50.28011130377827, 46.58413093757529, 66.11248807704617], [55.53711350993076, 35.629758632367206, 84.1501369813474, 111.76229526114032, 75.38962130182124, 97.26879382883249, 82.19735998622791, 99.93916004941342, 82.90356301518587, 1.508089120582289, 6.350623727443025, 10.71776362690266, 93.56337475740538, 0.0, 59.96150449829173, 77.02203667184357, 64.86619963061949, 44.37174564796557, 64.02803199070708, 88.31501983051082, 61.65114159385051, 63.61617226516234, 11.516873870603833, 72.1534603787979, 61.04522555091174, 29.57326819214595, 11.55953136986465, 102.82594561372832, 84.05243821130918, 46.408369205206526, 61.14044772598417, 93.11130513687199, 119.52822735819176, 74.48263039324016, 100.59206685760962, 21.823558953711576, 73.73655463072102, 67.86315847880904, 88.90520862852536, 83.70501041101541, 47.55762802323005, 104.77848724986404, 106.46221917390903, 101.2607333979063, 74.82139646829746, 48.99539878754313, 55.35499964034034, 94.35356733641423, 55.39540460610544, 3.9027619576919728, 37.47615448829856, 48.128867692349466, 104.86497497588883, 86.56030394163452, 21.659405925649978, 53.24941354360694, 24.252682602023413, 84.30272787955258, 10.539556751028057, 21.18767825759355, 50.69896588265244, 112.28871223382922, 98.21263179861229, 100.57253047857523, 48.13880243470548, 63.635954274100946, 52.92372572187009, 66.99345027874972], [46.768773595489144, 33.06584008297617, 94.52941899612013, 68.76119792325322, 76.33511629781506, 60.60386937370606, 59.13727542993259, 61.0700858236337, 22.95958205125986, 58.48325656669456, 63.60032209170442, 54.591236344102136, 48.0377517406283, 59.96150449829173, 0.0, 74.11465576648433, 28.634349672129904, 66.2734223761597, 42.5287951962838, 44.584860175528114, 73.8921805596104, 56.96121656023718, 48.555136655872374, 18.704039238746685, 7.612865116851966, 68.40722726095386, 49.378397670325604, 62.77269025189648, 60.61223077005027, 24.59722682296381, 20.183705202896746, 57.124856926569315, 74.2458586594502, 27.204962226424406, 60.135820718496184, 63.5379298362223, 23.007925542730682, 9.838870834814927, 48.106391558579105, 32.30130571892125, 20.737494939755834, 58.259910354796, 57.065217553568324, 69.08002067724289, 67.72512142138392, 26.18258963615304, 25.35799774826525, 40.383760706386276, 42.559221358516886, 60.382493830875475, 22.499420538669256, 14.790298639695056, 53.31925239991158, 60.9960857534569, 38.48479508881133, 19.90692503051061, 43.53028424754506, 63.209378697714655, 49.421951089746386, 55.734633410694265, 9.48932883109287, 68.92134970656309, 57.2363471143231, 55.09615403348298, 51.028646002892316, 58.922963750550835, 43.79199240477232, 74.3493413488868], [28.540764235836473, 52.58537797710694, 23.47269140542503, 61.8720966642201, 4.876215065716443, 46.063574954859114, 25.63596456270982, 50.07982151154734, 84.14961852197733, 76.12026300273058, 73.89353796897181, 82.82488829884541, 57.164017658343134, 77.02203667184357, 74.11465576648433, 0.0, 47.551620825046754, 35.29874052418181, 32.124113183074414, 53.20897298928764, 20.049735666030948, 17.565352750754297, 74.12504352810613, 65.21251733972139, 67.31668537005018, 53.23313013762061, 68.97522242110412, 52.98622606552277, 26.10344473380314, 52.39484402442226, 54.80998302085262, 43.782847464533255, 70.07059212497856, 101.3165097842847, 52.52799624379993, 58.01232381549332, 96.96815881986518, 82.78825818936026, 49.27019152024744, 63.506500926997454, 55.88407863709022, 63.32402635775866, 68.85839999573463, 42.09441050631516, 6.967998061079337, 90.87809334181995, 94.1381088292285, 71.37673898492343, 32.184940779858636, 73.6766771300271, 68.76261776145398, 78.43633288577547, 71.79950303546214, 29.00567009937211, 68.12066910710963, 54.48314832183101, 56.237029989043606, 23.12962760134401, 73.02887498870804, 55.91423852746069, 73.18718611067156, 62.70792737463035, 52.26953391561295, 59.753379078670136, 30.44582833621926, 16.047211772961035, 31.999759669063632, 13.617452222597702], [24.19836798629045, 29.27938725163903, 69.71438867089333, 47.71395309234445, 50.55608569968955, 35.40082051719913, 30.50768458265218, 37.071957095414376, 36.96249151610436, 63.40980052887083, 65.87317716551156, 64.16989705000773, 28.70116822303663, 64.86619963061949, 28.634349672129904, 47.551620825046754, 0.0, 50.63688781049113, 15.514653594576039, 23.502862571127917, 52.220636464143816, 31.81697194657509, 55.59933885818468, 17.941933542502532, 21.123800209517388, 59.98474469076983, 53.35506321558142, 39.55740931201481, 32.00633892893589, 18.795817636051467, 8.532410850440739, 31.40360291156601, 55.04245376759686, 55.12586516446302, 37.07124803412197, 58.33437333801103, 50.43933513862567, 36.04498572990677, 24.72622892059104, 21.68685697554769, 19.059990700384496, 39.939123422758406, 41.72392069722616, 42.44176785694281, 40.76396875940063, 51.47601569492966, 52.59446010242629, 32.469000234811304, 20.02782222595026, 63.52013314700747, 34.818066881199385, 38.05683505821498, 40.707089140894794, 32.55458191051928, 45.16002866947435, 13.682772297496907, 41.44561595970159, 34.57532408900441, 55.59532825500466, 51.18645405849289, 31.40297921496489, 48.14497068633161, 34.4001945280709, 35.77727396263521, 32.50812733039042, 34.0445844429915, 22.708763076499267, 50.82522268659695], [27.78132901468702, 34.264138696817604, 39.88959589426624, 86.4415324965839, 32.52963382797805, 69.99259831784869, 49.945832627961835, 73.66097500335981, 84.44040572813964, 43.78008221302464, 40.15337484752797, 52.23324959232536, 73.97843363469877, 44.37174564796557, 66.2734223761597, 35.29874052418181, 50.63688781049113, 0.0, 39.36999367148266, 68.72283099896198, 17.42435142409532, 28.27064639455193, 44.74464196611315, 66.7706590840076, 62.08459080577513, 17.946772538642318, 39.07883019079812, 76.83081166581233, 51.479652394572796, 41.84251106973656, 53.30440018220627, 66.34967128119142, 94.93025984814247, 91.28666611320668, 75.35110514694692, 23.46303023017598, 88.15847856132989, 76.10940843832185, 66.84557786196608, 72.14158833237246, 45.611465050777475, 83.57435653385001, 87.56532780809937, 70.14482654928318, 35.471290775920934, 72.9310200396593, 77.95640336952519, 82.61089153674467, 31.17228724778184, 40.65697404209344, 50.856924188045035, 63.585647552493185, 88.39501465277601, 54.60892203009436, 42.68829680720772, 48.09453398522663, 29.80799375949664, 50.22055836186477, 43.28114809941299, 23.67137555909461, 60.93469175254197, 87.17473410757879, 73.88128030864084, 79.31757801270325, 18.22557865683309, 26.9469465633419, 28.171575226840844, 23.29007768117916], [11.623326083756773, 30.079886784219205, 54.222051614984814, 49.13104786600429, 35.042285719138086, 33.59002982712633, 19.688469669715936, 36.65180453767543, 52.42229280843358, 62.70910501797614, 63.51831919567013, 65.8952945130755, 34.65783064346569, 64.02803199070708, 42.5287951962838, 32.124113183074414, 15.514653594576039, 39.36999367148266, 0.0, 29.3641600783281, 37.722213546447094, 16.4976470977786, 56.81703670096699, 33.39591327677771, 35.43940847585106, 52.136593609919544, 53.19723880746334, 39.71457970720037, 21.526468565513422, 24.205485374033263, 22.767355901439494, 29.501568864548066, 57.399572761373356, 69.61027358383558, 37.776726568574155, 52.47086279981082, 65.11793433718216, 50.827757695065436, 27.802493243920395, 34.343680497388604, 26.769231843667203, 44.64835019867702, 48.29661125652326, 37.30716181102773, 25.437423435505977, 62.26798746801119, 64.514599722744, 44.100710703701786, 9.222395867590825, 61.83710940706344, 42.11781829944866, 49.0634891126428, 49.02979164294216, 23.39128087456403, 47.63504802800733, 23.72978926445853, 39.79565399049776, 23.007527354727863, 56.350710611929365, 46.49229640455061, 43.039077220357285, 49.769839582309636, 35.820748282580944, 40.33349940182578, 21.557247228430786, 18.7641181717593, 12.282229690729555, 35.6799187068463], [40.98418205817998, 52.68951130163711, 76.66272573616233, 24.831640191802475, 57.55878840122736, 17.20622716164246, 28.198903055382946, 16.735707733778874, 39.76959554894222, 86.86691117522065, 89.1107086766913, 87.60797078563003, 5.420323253536352, 88.31501983051082, 44.584860175528114, 53.20897298928764, 23.502862571127917, 68.72283099896198, 29.3641600783281, 0.0, 65.10896092723034, 43.30087288846637, 79.09221538444193, 26.33879334858995, 37.5157175807614, 80.94871593061772, 76.8273750021303, 18.19908606719963, 28.426150599333763, 42.264318193168066, 29.132476681844157, 14.90660222732859, 31.67291176606078, 66.3618410228643, 15.564446849246329, 80.37281230822038, 61.2782843605421, 48.048896189673044, 4.92637612348348, 15.062450769666514, 42.13151948931377, 16.46650842486463, 19.066561861723923, 26.83298926803093, 46.48305026936063, 70.38784167538913, 69.93509989117285, 18.769965227074856, 38.07636354739196, 86.86388802158204, 57.2216282856093, 57.54237926671809, 19.786660508023136, 26.562851613681406, 68.60425705075953, 36.429793831271, 64.64670602884877, 31.83586131546618, 79.09803481556064, 73.64447868131, 50.748287999043235, 25.150001885115007, 12.664417038715532, 12.274428763942273, 50.86437040525308, 45.457287508326054, 41.21242762735421, 61.56526459085169], [28.223596162308066, 45.410600850376795, 23.44579664101578, 78.56640978372427, 16.22822104562919, 62.12684056024438, 41.015052076178115, 66.07283196869705, 88.72196661383039, 60.994236975987874, 57.56812408215649, 69.05691007198791, 69.88431686409933, 61.65114159385051, 73.8921805596104, 20.049735666030948, 52.220636464143816, 17.42435142409532, 37.722213546447094, 65.10896092723034, 0.0, 21.859840692488163, 61.113965504281076, 69.93196511296081, 68.32626441167149, 34.911824464934185, 55.54517000476098, 69.17477119259983, 42.12576450916468, 49.61495024842591, 57.32913232195402, 59.082870655956945, 87.00824573886456, 100.45675922848625, 68.20369155753211, 40.878645911813834, 96.73055534039099, 83.45993009273012, 62.13015275798863, 72.05205981499134, 53.493036917198005, 77.9568429679337, 82.82895868127619, 60.04979892139735, 22.762442336943206, 85.24522773529789, 89.60226997786128, 81.54219309209219, 32.57288906824768, 57.98743892885593, 62.61410007061786, 74.34486316951836, 84.7606819967723, 45.31448259286753, 57.5052924550949, 54.21183196272125, 44.63083795772211, 39.94233134938028, 59.75542247842297, 40.669244813169, 70.43371886728082, 79.36716506257258, 67.33093729514003, 73.96289823755126, 23.089037982472682, 19.661907221063593, 30.55196451895288, 6.541912975262257], [11.010253182327856, 35.62191106749573, 38.02728108177114, 58.503244993507316, 19.3739261898036, 41.978411903767125, 21.67770836634653, 45.75848654397755, 68.7778409785397, 62.53131740688909, 61.48879372804186, 68.06229209035901, 48.165076423707205, 63.61617226516234, 56.96121656023718, 17.565352750754297, 31.81697194657509, 28.27064639455193, 16.4976470977786, 43.30087288846637, 21.859840692488163, 0.0, 59.07963101417208, 49.75864027514641, 50.41860411997348, 44.503564542102296, 54.34081574420572, 48.922182278541094, 23.237240708251313, 34.82973275323429, 38.25393656745513, 38.51729342256311, 67.00682470228219, 84.15105240128385, 47.6283986298773, 47.259361949889794, 79.9237158498755, 65.9074880907906, 40.50340568389873, 50.49553642147948, 38.335384491692146, 56.7040849711459, 61.31049153231595, 41.90505189494235, 12.347724142802784, 73.34672712431802, 76.57287038727233, 59.752251434125505, 14.651011261246907, 60.65750253652569, 51.35976516407863, 60.871162389569086, 63.01256405938991, 26.346921143597047, 51.984793911587374, 37.162936483253795, 40.98252911353349, 22.224094538877452, 58.17468396863139, 43.30231405688655, 55.665486645825474, 59.26153432559313, 46.42529785105524, 52.594817897557675, 15.478979775750032, 2.2794864351207718, 14.49817931803153, 19.207410054309], [49.78223194041607, 27.04261808684369, 84.37726874080704, 103.09588034826014, 73.19789573346246, 89.28035001403961, 75.8411794024798, 91.68151562939309, 71.51260989420119, 10.097267335778799, 16.31901930576452, 9.116518764030321, 84.21707888983309, 11.516873870603833, 48.555136655872374, 74.12504352810613, 55.59933885818468, 44.74464196611315, 56.81703670096699, 79.09221538444193, 61.113965504281076, 59.07963101417208, 0.0, 61.41941150520222, 49.96524792370676, 33.640959555245985, 5.686680774390624, 94.45122660927703, 77.71436290814226, 36.83400969430753, 51.071182090395865, 85.1150398244792, 110.61257660400892, 63.29711246966028, 92.11176567210822, 25.784026018202553, 62.37969740620496, 56.35371540669103, 80.09696829817564, 73.42150502762242, 37.442595607142984, 95.485777758556, 96.77640436462273, 94.06976427113311, 70.970313351462, 38.223969751602205, 44.532967777870475, 83.90151340839238, 48.83446109876983, 12.875114758776403, 26.12481053151658, 36.62453068777684, 94.85382128388113, 79.97415203748947, 10.763609553265345, 43.21974075968242, 18.097381167832204, 78.3712618336325, 1.6914931261612922, 21.428945282263626, 39.2387543879372, 103.57414094080441, 89.60553033904225, 91.36290882648308, 43.95875050058277, 59.49353059093655, 46.77005095579659, 65.69330262442088], [41.73524157029997, 39.04716502192286, 87.61780382672073, 50.115036678768966, 68.38701188806249, 43.018021617119906, 45.590242384686825, 43.03931703492438, 19.027936790588694, 70.64565840191874, 74.57759380734358, 68.81740892619909, 29.42965785813993, 72.1534603787979, 18.704039238746685, 65.21251733972139, 17.941933542502532, 66.7706590840076, 33.39591327677771, 26.33879334858995, 69.93196511296081, 49.75864027514641, 61.41941150520222, 0.0, 12.656796495062244, 73.57783229167839, 60.763496093228454, 44.5048265938042, 46.74441068044958, 27.671906205411567, 13.524748295697444, 39.88809617577009, 55.54891579603564, 40.7285699843615, 41.87805358916959, 70.47427493692048, 35.710527619288385, 21.891968761377317, 30.294917338565895, 13.678768932772119, 25.235433239899937, 39.55744009174921, 38.55158580988767, 52.05824322186155, 58.33677474694354, 44.87552847630474, 43.84579876020984, 22.863514814225535, 37.42559856414507, 71.7119287496735, 36.187706257098455, 32.807656798529926, 35.16603594248262, 46.39839879304582, 50.68790938811159, 20.249026348238534, 51.39355331034995, 49.78472783607876, 61.898324741362835, 62.7965709534424, 26.345163409475827, 50.256149410187405, 38.98290936039387, 36.41657785448566, 49.13291917547808, 51.9861520669773, 39.78673953838046, 68.74182172922715], [40.62611033886204, 30.52804768915562, 88.2680741534461, 61.99312861039603, 69.75363498541519, 53.212481846502676, 51.59547298124534, 53.82381766870277, 23.261585953061047, 59.54115693381285, 64.02361708631187, 56.90154256047416, 41.26810167834991, 61.04522555091174, 7.612865116851966, 67.31668537005018, 21.123800209517388, 62.08459080577513, 35.43940847585106, 37.5157175807614, 68.32626441167149, 50.41860411997348, 49.96524792370676, 12.656796495062244, 0.0, 66.06646718223429, 49.92240637157882, 55.639559988029376, 53.050415845932825, 20.371061319791362, 12.788426089482783, 49.66537856763112, 67.83161506848971, 34.1914500953062, 53.00432057066048, 61.940880438484285, 29.683745145415582, 15.492496026891425, 40.82653200224235, 26.253510736723076, 16.854138572311133, 51.82330297462109, 51.13068327323537, 61.56247251209851, 60.798842179093505, 32.87632006427376, 32.679318538317986, 35.389601786871054, 36.3164516528444, 60.979361190918986, 24.12640971260434, 20.30258124838802, 47.822828054362404, 53.39689125179896, 39.392976954789155, 14.201429678128871, 42.137893579556, 55.686173398240925, 50.603239218990694, 54.12108897182077, 13.715870136669997, 62.19808745888572, 50.111651134848124, 48.4519214726995, 45.85528329088657, 52.459302628929684, 37.870435834738686, 68.33026432019128], [40.8544686488994, 35.57074354983528, 55.79027935532523, 100.96121737872606, 50.44568598849508, 84.84011247273021, 65.9018015599323, 88.26461716904808, 89.30325573983079, 29.40433837722339, 24.223297181417642, 39.135024754831456, 86.35268639376889, 29.57326819214595, 68.40722726095386, 53.23313013762061, 59.98474469076983, 17.946772538642318, 52.136593609919544, 80.94871593061772, 34.911824464934185, 44.503564542102296, 33.640959555245985, 73.57783229167839, 66.06646718223429, 0.0, 28.229683397705106, 91.40382070305, 67.56995405403366, 46.1779842132119, 60.24982320989404, 80.95577381224771, 109.34503871806062, 90.32409096482161, 89.65662612693069, 7.964571613398638, 88.05943792963235, 78.0002351974231, 79.88263383554349, 81.54936296706633, 49.30786386740861, 96.7205032400573, 100.01520848811086, 86.14707730375773, 53.06735035840456, 68.32239718177404, 74.1297120166705, 92.42183188833162, 43.02328126121796, 25.671129078470003, 48.712220929141964, 61.844087766103094, 100.02982102393403, 70.58084484841238, 35.86466735226877, 53.4568624636586, 25.413849063740216, 66.727377340341, 31.969521500447296, 13.718616040794384, 61.106409920535874, 101.64126227088428, 87.86173304714723, 92.39288508172194, 30.972238731401347, 43.58860592151082, 39.89885772077712, 41.07497290449733], [45.45203003914427, 24.184889800470938, 78.76240173825227, 100.42573893477258, 67.89768183602808, 86.15827389340743, 71.84392340166082, 88.7299984408498, 72.20269471207371, 10.078364667467813, 14.222076233651421, 13.849889410047327, 82.05619133884286, 11.55953136986465, 49.378397670325604, 68.97522242110412, 53.35506321558142, 39.07883019079812, 53.19723880746334, 76.8273750021303, 55.54517000476098, 54.34081574420572, 5.686680774390624, 60.763496093228454, 49.92240637157882, 28.229683397705106, 0.0, 91.57798047745662, 73.71231875025524, 34.851418022698105, 49.59173716750391, 81.99362384772508, 108.12473650199222, 66.22591229989504, 89.30714364571813, 20.486483026088653, 64.9229951377536, 57.765496683559896, 77.51361072171647, 72.17202474063089, 36.0263251697862, 93.2848212626963, 94.91507212486519, 90.50324572375538, 66.05714447512902, 41.92517703346102, 48.114680406259616, 82.84847411800736, 44.85768654044596, 11.063599627456028, 26.947251917845414, 38.6637566958911, 93.30593645250508, 76.08984956736741, 10.957147931402833, 41.70174791160322, 13.594239543171673, 74.19428889630623, 4.214026546329498, 15.752742010170547, 40.36546409308226, 100.9380654611656, 86.88585090406922, 89.09316230651577, 39.04389223155735, 54.63390889710949, 42.59626148506384, 60.22856690831397], [50.57345748246724, 67.486723004803, 75.21082300724086, 9.611498035823594, 57.81567842967148, 7.049322118773372, 28.1786313712349, 3.170081904046183, 56.43236636558706, 101.43618049251684, 102.86140397510673, 103.26140621097163, 15.770759392025703, 102.82594561372832, 62.77269025189648, 52.98622606552277, 39.55740931201481, 76.83081166581233, 39.71457970720037, 18.19908606719963, 69.17477119259983, 48.922182278541094, 94.45122660927703, 44.5048265938042, 55.639559988029376, 91.40382070305, 91.57798047745662, 0.0, 27.21545108563075, 58.09639825027612, 46.42100993476706, 10.490870398981423, 18.10274766743274, 84.08261101628064, 2.6369917824236704, 92.16045592837737, 78.99578483233053, 66.08428750474648, 15.060527409601264, 32.35706993145408, 58.617268326729274, 12.45849014409709, 18.711599559980343, 13.738445088572611, 47.35995252302859, 88.48103745645186, 88.12746717014457, 31.600703575999052, 48.92370038621636, 100.95430743375096, 74.25402942599263, 75.51113415493948, 23.719876416584153, 24.115196816840623, 84.31719292059658, 53.14484650260276, 78.65623701992007, 29.90008106739063, 94.26324907758648, 86.17407433121747, 68.69674621625941, 10.347789715840236, 5.536536245297926, 11.254913576045048, 60.43747705860941, 50.66276718754562, 51.92373956358251, 64.26626424051922], [28.568362144520624, 51.3890086523855, 49.097556221037905, 36.476108964549745, 30.842366834042693, 20.187729271625578, 1.8735667771213118, 24.193896342257258, 64.4312528222709, 82.81931211697871, 82.78782920987743, 86.82909070737679, 31.691531449201722, 84.05243821130918, 60.61223077005027, 26.10344473380314, 32.00633892893589, 51.479652394572796, 21.526468565513422, 28.426150599333763, 42.12576450916468, 23.237240708251313, 77.71436290814226, 46.74441068044958, 53.050415845932825, 67.56995405403366, 73.71231875025524, 27.21545108563075, 0.0, 45.54406475225997, 40.52863256350805, 17.682342366667793, 44.89239237852213, 86.65462633824505, 26.53357608937609, 69.73671850027999, 81.81070145190228, 67.4651497824398, 23.976468289496122, 41.06952764271024, 47.771585752225356, 37.221374450640674, 42.80769241480266, 18.66877022277804, 20.16844366068473, 82.74536537392478, 84.36804954218249, 47.15633569076208, 28.8863945036