instance_id,num_cities,city_coordinates,distance_matrix,best_route,total_distance
2470,40,"[[98.26500276604129, 95.42582281784244], [65.29755864251584, 58.72973083429339], [16.362824728801662, 76.61211054480044], [35.44803168013947, 62.62381010791446], [99.5065547906035, 9.662648033066269], [80.93259722390528, 18.99197127505183], [39.318004004469955, 83.6873036229233], [65.01331236501454, 40.285752087058924], [61.15846367518094, 82.06301553383153], [55.01127288307088, 92.12102014880739], [11.414748763845939, 9.837214848545262], [40.46977251309774, 20.106382118863365], [36.36435121133326, 15.409984806991872], [75.93724322637141, 19.455095088414076], [60.11802661132369, 93.18656463635566], [10.415755606273047, 12.224158234229987], [39.71992290731761, 10.03166649531514], [49.01866681319703, 20.772756360257794], [48.86622950056773, 35.307995052473274], [36.35419809192426, 87.1934672236216], [5.114616285726847, 29.235216146980115], [44.17915913556677, 19.697262710259402], [75.1688520451011, 59.3803286340048], [69.13991131919903, 52.189143456892204], [13.68863746105009, 29.249371791010315], [0.874855043462297, 99.75750818407201], [23.578714694591508, 56.89638232386089], [24.709655407153885, 67.96252945712249], [13.877579991963461, 56.924168799302], [61.83849342377773, 0.35530668548239275], [10.482560038685218, 9.406254995408247], [33.36786731334405, 21.306011726140017], [75.88045328283273, 74.91453091284053], [94.59392929000315, 83.7943199976595], [99.86052273122533, 1.7925123152043088], [12.171213509628497, 42.734273780041455], [57.536076913230126, 61.71854257834162], [1.7725721630903246, 63.35118623077406], [61.96028415490408, 72.58707732780529], [78.4615542252159, 36.92141249610593]]","[[0.0, 49.33006729067847, 84.03524580041703, 70.86567500722266, 85.77216098824701, 78.3743959692349, 60.10442160013004, 64.39023462235204, 39.43931872904453, 43.37979794178655, 121.93595218133122, 94.93843682722918, 101.16434646393984, 79.18383874124983, 38.21264276325243, 120.9958975173208, 103.5359276275659, 89.43311431623609, 77.80997375247121, 62.45573964037549, 114.27244161602898, 93.0596222708214, 42.81016034870063, 52.1313858817176, 107.38940468551834, 97.48643173046067, 84.03903504128809, 78.51510432587827, 92.75567090272347, 101.81008604522123, 122.90290191667529, 98.51591032028983, 30.360848986456382, 12.197074990439084, 93.646903417266, 100.93829743229576, 52.86800679303157, 101.68368342982966, 42.89103506553025, 61.765221615430384], [49.33006729067847, 0.0, 52.0997858663235, 30.102460252724843, 59.8149983873807, 42.70297373988877, 36.02523696925492, 18.44616892405331, 23.697558566618582, 34.939746375875956, 72.7587473767761, 45.91494342892994, 52.09348220387791, 40.69029246657531, 34.84395137932962, 71.93594781031746, 55.0065170699414, 41.300535473686686, 28.610597414322303, 40.59436425420046, 67.02173488772672, 44.37927856093242, 9.892709989528285, 7.585707437901506, 59.43544661929972, 76.37776674710064, 41.759108073712106, 41.62478179465713, 51.45166915354122, 58.47682042393185, 73.73933374235924, 49.19390145396228, 19.337668229406244, 38.555297470558905, 66.60664635971341, 55.48209795558456, 8.317066446494012, 63.692870536606016, 14.253541765010928, 25.473388632866858], [84.03524580041703, 52.0997858663235, 0.0, 23.66257960341555, 106.74788231716764, 86.54094966855094, 24.020795421275885, 60.716342660289015, 45.12606379703215, 41.64407306974781, 66.95797302040089, 61.43323429887548, 64.38758619841207, 82.55928630508606, 46.78921051068644, 64.6620138404027, 70.55855415998458, 64.68722824474526, 52.55950226515436, 22.619021157163292, 48.69386322691062, 63.34862558775798, 61.27873331382251, 58.154124448291284, 47.438173445051376, 27.84935612997164, 20.99473760922815, 12.020184497976645, 19.844180294890545, 88.78702933477238, 67.46261581758893, 57.86135186669537, 59.54183306972048, 78.56010344628103, 112.11528821236705, 34.136160130752174, 43.784187353587726, 19.716175683777582, 45.774765958035985, 73.69941462902858], [70.86567500722266, 30.102460252724843, 23.66257960341555, 0.0, 83.11665940960447, 63.02843059002839, 21.416055772431655, 37.05529190437657, 32.232111642935465, 35.39499691426216, 58.00020109285023, 42.81296023165819, 47.22271636648283, 59.185422259796034, 39.27710038012491, 56.27379278515757, 52.7653543949542, 43.996282089556416, 30.433563460285303, 24.5863618363772, 45.11002434246883, 43.80549118690535, 39.85302676757621, 35.27073888835946, 39.84123956091954, 50.736733000481095, 13.178926918568378, 11.992274566145824, 22.310766393801376, 67.63004502077364, 58.78250544535247, 41.37012867891334, 42.259230170018235, 62.82059927339336, 88.59692880992884, 30.617052756279623, 22.106588418821158, 33.683314114091004, 28.32253916901896, 50.107647766895816], [85.77216098824701, 59.8149983873807, 106.74788231716764, 83.11665940960447, 0.0, 20.78528738899124, 95.40603377633894, 46.12546232757035, 81.9291724994377, 93.69745591001302, 88.09197899144364, 59.953425618028355, 63.40323140691589, 25.52262656827535, 92.34555104001038, 89.12761543883782, 59.7877707108487, 51.69585418059243, 56.763776911217285, 99.99624033410355, 96.39981056663032, 56.230011574680624, 55.354959482103986, 52.25548630289532, 88.02473903597824, 133.5862867986063, 89.4207054137852, 94.83381428286484, 97.80579057603626, 38.80089496513446, 89.02436396279018, 67.15574360621572, 69.39741271698294, 74.29427082605501, 7.878091743598486, 93.38733461349226, 66.86805792128195, 111.50959821487017, 73.27486772910474, 34.43736762368224], [78.3743959692349, 42.70297373988877, 86.54094966855094, 63.02843059002839, 20.78528738899124, 0.0, 76.92373103549136, 26.586626933259307, 66.09820709743748, 77.58719510823201, 70.11804917240951, 40.47816812933043, 44.711957904955426, 5.016776378032091, 77.05896465587487, 70.84086564322705, 42.175485605632296, 31.963575359762565, 35.97866827543351, 81.47808121693211, 76.50679903804806, 36.76020466920592, 40.79755101278358, 35.2295285480492, 68.02179349247763, 113.72033254978011, 68.74745244838823, 74.55960538517742, 77.04042409666982, 26.681642883341286, 71.09918210494908, 47.62098607414498, 56.150305741316764, 66.2267045366644, 25.5751393451167, 72.74492984765635, 48.713007071858556, 90.74166363428004, 56.854059274550345, 18.098920299305306], [60.10442160013004, 36.02523696925492, 24.020795421275885, 21.416055772431655, 95.40603377633894, 76.92373103549136, 0.0, 50.43752122640211, 21.900776023335755, 17.815899150338577, 78.94572353843449, 63.59135279267848, 68.3411759447754, 73.93744176269237, 22.866501705484872, 77.0864521904893, 73.65673370085288, 63.65801690435221, 49.312534997494815, 4.591005192994503, 64.30320024638304, 64.17441986658693, 43.3141124616947, 43.37603312583159, 60.16936805013805, 41.66685945299201, 31.072152999633122, 21.463279602757424, 36.9253376358761, 86.32145826656784, 79.68159771181278, 62.664421367748716, 37.60018933802892, 55.27602887940042, 101.84376965290696, 49.133480311115605, 28.539878106656843, 42.699146627806954, 25.21681728953066, 60.98578602239538], [64.39023462235204, 18.44616892405331, 60.716342660289015, 37.05529190437657, 46.12546232757035, 26.586626933259307, 50.43752122640211, 0.0, 41.95473274283313, 52.791436889250136, 61.643486598939795, 31.774082532402744, 37.94162322512301, 23.521235861639934, 53.12682741314523, 61.386857335956904, 39.43431557985117, 25.230649784784276, 16.896933157430638, 54.96979689111974, 60.909507768178926, 29.290746586707137, 21.62724762194644, 12.598394541849288, 52.497847041918284, 87.46788828393647, 44.64010440146377, 48.89160224178557, 53.77452962154624, 40.056459470076994, 62.666947347934006, 36.90074168206095, 36.2938985876775, 52.6118653850466, 51.92357439969285, 52.89879648842114, 22.699637843909308, 67.31571490763011, 32.445286153156495, 13.862683362672827], [39.43931872904453, 23.697558566618582, 45.12606379703215, 32.232111642935465, 81.9291724994377, 66.09820709743748, 21.900776023335755, 41.95473274283313, 0.0, 11.787765329759425, 87.69836633490314, 65.31957108031872, 71.11522001613268, 64.32856307677334, 11.172101589231684, 86.32663789978454, 75.15401702213872, 62.48096139956614, 48.343882355637916, 25.329293824858233, 77.01746047663373, 64.6357788527365, 26.66074393694905, 30.921703370990695, 71.01172696247728, 62.82681386009987, 45.22827611759384, 39.081188975757414, 53.5485161046327, 81.71053864530309, 88.58358799074004, 66.81115743522471, 16.365751140242608, 33.48025949759692, 89.11342806866534, 62.8211796030505, 20.664444480552024, 62.26408809701269, 9.509801310549621, 48.34419579844417], [43.37979794178655, 34.939746375875956, 41.64407306974781, 35.39499691426216, 93.69745591001302, 77.58719510823201, 17.815899150338577, 52.791436889250136, 11.787765329759425, 0.0, 93.11971611839036, 73.46811092980266, 78.94485816723714, 75.61899827220266, 5.2167344858607185, 91.50010221296053, 83.50142134915484, 71.59948374918038, 57.14439061508606, 19.296818846456162, 80.27640179124568, 73.22933380658671, 38.448418414038585, 42.35768171414905, 75.23565886896807, 54.672366749734095, 47.209965305757144, 38.753331394307565, 54.136854690488995, 92.01933007659052, 93.93901554710764, 74.04864902588118, 27.047845799346895, 40.44898791856704, 100.8498613751525, 65.37829459394673, 30.507134867328702, 60.51497829482284, 20.733154120640794, 59.9742643142701], [121.93595218133122, 72.7587473767761, 66.95797302040089, 58.00020109285023, 88.09197899144364, 70.11804917240951, 78.94572353843449, 61.643486598939795, 87.69836633490314, 93.11971611839036, 0.0, 30.816395011346778, 25.56439765176231, 65.23538849409184, 96.53560681499539, 2.5875637297159497, 28.305842060168228, 39.161725202252015, 45.29209703215181, 81.27709341692953, 20.39544369745192, 34.21589003433669, 80.74097973616584, 71.59525297733401, 19.544881861146333, 90.5358962687406, 48.605836178736226, 59.626392990020406, 47.15131779726709, 51.30751024891734, 1.026986959183342, 24.76838137359495, 91.60176922560774, 111.30332194072282, 88.81087867788895, 32.90575519956874, 69.41793051704808, 54.37569956054048, 80.57540809164269, 72.31063465899689], [94.93843682722918, 45.91494342892994, 61.43323429887548, 42.81296023165819, 59.953425618028355, 40.47816812933043, 63.59135279267848, 31.774082532402744, 65.31957108031872, 73.46811092980266, 30.816395011346778, 0.0, 6.237838710317488, 35.473449981541926, 75.67540529061235, 31.070458406711502, 10.102582309818382, 8.574826434620363, 17.366333111101195, 67.21320510635756, 36.51469132520094, 3.731879929130716, 52.4067647851161, 43.026508506199214, 28.298824265700524, 88.9497575763026, 40.48224239480613, 50.3844433258345, 45.41689244243109, 29.098577527666837, 31.839058284498016, 7.202511274614098, 65.25219909550039, 83.57976895196846, 62.15029395471431, 36.23299494525457, 44.97588958523604, 58.03090898483447, 56.710364663264805, 41.54660905836753], [101.16434646393984, 52.09348220387791, 64.38758619841207, 47.22271636648283, 63.40323140691589, 44.711957904955426, 68.3411759447754, 37.94162322512301, 71.11522001613268, 78.94485816723714, 25.56439765176231, 6.237838710317488, 0.0, 39.77909877841299, 81.32301928089923, 26.143433302201643, 6.339256207837679, 13.74376302488118, 23.49952706945642, 71.78348313466283, 34.17137624569514, 8.913583718825382, 58.64452592717945, 49.26402187579553, 26.565327518745185, 91.50961172519752, 43.41190712311446, 53.829377513509556, 47.213158678695244, 29.59012089874087, 26.56900235151971, 6.613777225022639, 71.43047900013154, 89.81704216177181, 64.93996731403662, 36.49554328594613, 50.918802932303876, 59.118101895088905, 62.64480578935042, 47.27489844321226], [79.18383874124983, 40.69029246657531, 82.55928630508606, 59.185422259796034, 25.52262656827535, 5.016776378032091, 73.93744176269237, 23.521235861639934, 64.32856307677334, 75.61899827220266, 65.23538849409184, 35.473449981541926, 39.77909877841299, 0.0, 75.40939739855264, 65.91928236669374, 37.423191974258174, 26.950806803122326, 31.371232385947472, 78.45574881194838, 71.49472186598055, 31.75900738807321, 39.932626994444234, 33.432344273863436, 63.01441720632996, 109.92197081888328, 64.36820255266137, 70.54953538337583, 72.493677555495, 23.73976964995446, 66.22155795822967, 42.609595844415665, 55.45946490060433, 66.98960961820406, 29.737016200147757, 67.88244770478785, 46.0955737074369, 86.18158301808488, 54.93962979100292, 17.647787107882017], [38.21264276325243, 34.84395137932962, 46.78921051068644, 39.27710038012491, 92.34555104001038, 77.05896465587487, 22.866501705484872, 53.12682741314523, 11.172101589231684, 5.2167344858607185, 96.53560681499539, 75.67540529061235, 81.32301928089923, 75.40939739855264, 0.0, 95.00119469502717, 85.62020625743791, 73.25950734871023, 58.962121360225254, 24.50789184115887, 84.35134925450528, 75.1979055160094, 37.005255557618895, 41.978362843833175, 79.01678812638757, 59.60646505645454, 51.498530538476096, 43.47418431731036, 58.763426171395665, 92.84719952047195, 97.37977113043826, 76.69670729011511, 24.13133462881764, 35.73236802764258, 99.66111978862041, 69.6012251275724, 31.573768803979412, 65.53122812350703, 20.681701821465428, 59.179830607117104], [120.9958975173208, 71.93594781031746, 64.6620138404027, 56.27379278515757, 89.12761543883782, 70.84086564322705, 77.0864521904893, 61.386857335956904, 86.32663789978454, 91.50010221296053, 2.5875637297159497, 31.070458406711502, 26.143433302201643, 65.91928236669374, 95.00119469502717, 0.0, 29.386072232144592, 39.538124431616424, 44.847546922291315, 79.3296923536724, 17.817917089457445, 34.58055390521637, 80.10410666868937, 71.03327746939168, 17.336944721873735, 88.05178099840428, 46.571140173662755, 57.54199855843201, 44.8338618969514, 52.77468713061248, 2.818694998674381, 24.68358755656042, 90.64055090557667, 110.49096333896134, 90.05101666620355, 30.560575633800152, 68.33753552531374, 51.852460036066844, 79.37581763231266, 72.38912264812632], [103.5359276275659, 55.0065170699414, 70.55855415998458, 52.7653543949542, 59.7877707108487, 42.175485605632296, 73.65673370085288, 39.43431557985117, 75.15401702213872, 83.50142134915484, 28.305842060168228, 10.102582309818382, 6.339256207837679, 37.423191974258174, 85.62020625743791, 29.386072232144592, 0.0, 14.206957792360173, 26.88024757376945, 77.23517071365758, 39.57655323039483, 10.644648323438151, 60.76114738790025, 51.40805950355584, 32.35657612939369, 97.77354429549635, 49.56652289859481, 59.843905403358946, 53.54188509647533, 24.14255787734525, 29.244051139612992, 12.940613225529711, 74.27900142073489, 91.9352251761746, 60.70235093291731, 42.75969963291789, 54.67127676197554, 65.44442385203953, 66.39136308922097, 47.159012258093384], [89.43311431623609, 41.300535473686686, 64.68722824474526, 43.996282089556416, 51.69585418059243, 31.963575359762565, 63.65801690435221, 25.230649784784276, 62.48096139956614, 71.59948374918038, 39.161725202252015, 8.574826434620363, 13.74376302488118, 26.950806803122326, 73.25950734871023, 39.538124431616424, 14.206957792360173, 0.0, 14.53603800813549, 67.61730251634319, 44.71217818850416, 4.957572102655602, 46.63021364454051, 37.30755766163061, 36.33268477809527, 92.50090611658445, 44.18266081343723, 53.08297957417905, 50.4164715575709, 24.1085089864002, 40.177467299640746, 15.659881425791207, 60.43912080799157, 77.77417330407854, 54.26918073086545, 42.895723124084576, 41.822286927297135, 63.60122758190531, 53.40607939876513, 33.58068960207168], [77.80997375247121, 28.610597414322303, 52.55950226515436, 30.433563460285303, 56.763776911217285, 35.97866827543351, 49.312534997494815, 16.896933157430638, 48.343882355637916, 57.14439061508606, 45.29209703215181, 17.366333111101195, 23.49952706945642, 31.371232385947472, 58.962121360225254, 44.847546922291315, 26.88024757376945, 14.53603800813549, 0.0, 53.37277538590145, 44.17105729474948, 16.299189945108083, 35.655367012284785, 26.381723710461326, 35.69551649049323, 80.35491126982986, 33.249313828136025, 40.618452569183525, 41.127418614460126, 37.28230217373111, 46.305574387354476, 20.88671270346962, 47.94211060661441, 66.64792746007126, 61.02217240648243, 37.43893447087961, 27.797181058067732, 54.810885167842955, 39.51182408573061, 29.639270595019543], [62.45573964037549, 40.59436425420046, 22.619021157163292, 24.5863618363772, 99.99624033410355, 81.47808121693211, 4.591005192994503, 54.96979689111974, 25.329293824858233, 19.296818846456162, 81.27709341692953, 67.21320510635756, 71.78348313466283, 78.45574881194838, 24.50789184115887, 79.3296923536724, 77.23517071365758, 67.61730251634319, 53.37277538590145, 0.0, 65.84125104589913, 67.948271788502, 47.75089569536992, 47.960459486822224, 62.21933649771103, 37.63826388671935, 32.88048554171354, 22.481644550975382, 37.7018406488596, 90.5003615142435, 81.9767774543188, 65.95509808537707, 41.38957750860761, 58.338842051314735, 106.42544981564241, 50.61063746843379, 33.13070744918042, 42.00408569203356, 29.47911581532482, 65.57674074747985], [114.27244161602898, 67.02173488772672, 48.69386322691062, 45.11002434246883, 96.39981056663032, 76.50679903804806, 64.30320024638304, 60.909507768178926, 77.01746047663373, 80.27640179124568, 20.39544369745192, 36.51469132520094, 34.17137624569514, 71.49472186598055, 84.35134925450528, 17.817917089457445, 39.57655323039483, 44.71217818850416, 44.17105729474948, 65.84125104589913, 0.0, 40.21207609447729, 76.2648264581082, 68.01559514605371, 8.574032860745827, 70.64962313810516, 33.25752613044529, 43.40242337003991, 29.042514214498432, 63.65255225108414, 20.54269993173904, 29.34482026486144, 84.2282819685853, 104.8009697889598, 98.6401986097844, 15.232206713443988, 61.66989565717835, 34.279274695885455, 71.48995610108, 73.74856554141628], [93.0596222708214, 44.37927856093242, 63.34862558775798, 43.80549118690535, 56.230011574680624, 36.76020466920592, 64.17441986658693, 29.290746586707137, 64.6357788527365, 73.22933380658671, 34.21589003433669, 3.731879929130716, 8.913583718825382, 31.75900738807321, 75.1979055160094, 34.58055390521637, 10.644648323438151, 4.957572102655602, 16.299189945108083, 67.948271788502, 40.21207609447729, 0.0, 50.34984396932691, 40.97269168636728, 31.95175581833861, 91.0214571308798, 42.52238012144593, 52.0441884322979, 48.000294119499436, 26.190902053331243, 35.233019037304835, 10.930329558680137, 63.67039153615483, 81.54803371405653, 58.48926686650428, 39.43618214561701, 44.093029089312424, 60.86036195578492, 55.79875354550202, 38.366052037290416], [42.81016034870063, 9.892709989528285, 61.27873331382251, 39.85302676757621, 55.354959482103986, 40.79755101278358, 43.3141124616947, 21.62724762194644, 26.66074393694905, 38.448418414038585, 80.74097973616584, 52.4067647851161, 58.64452592717945, 39.932626994444234, 37.005255557618895, 80.10410666868937, 60.76114738790025, 46.63021364454051, 35.655367012284785, 47.75089569536992, 76.2648264581082, 50.34984396932691, 0.0, 9.384096681512, 68.46671706439089, 84.55716775589094, 51.64990088195836, 51.183832372296486, 61.34046585269254, 60.51158299860153, 81.74181555100898, 56.5418069444646, 15.550492492565196, 31.19898396222251, 62.65808159878429, 65.15975447503789, 17.787130271649183, 73.50361630948697, 18.678449528029482, 22.69900442169451], [52.1313858817176, 7.585707437901506, 58.154124448291284, 35.27073888835946, 52.25548630289532, 35.2295285480492, 43.37603312583159, 12.598394541849288, 30.921703370990695, 42.35768171414905, 71.59525297733401, 43.026508506199214, 49.26402187579553, 33.432344273863436, 41.978362843833175, 71.03327746939168, 51.40805950355584, 37.30755766163061, 26.381723710461326, 47.960459486822224, 68.01559514605371, 40.97269168636728, 9.384096681512, 0.0, 60.008973467092645, 83.20376933256993, 45.80371967009719, 47.147082055224615, 55.46481523195065, 52.345557000845204, 72.60206887102717, 47.258935217118655, 23.70396888680207, 40.58071235243519, 59.0218298255829, 57.74796178848564, 15.015272909175797, 68.28579342630606, 21.62458675721747, 17.8884497695649], [107.38940468551834, 59.43544661929972, 47.438173445051376, 39.84123956091954, 88.02473903597824, 68.02179349247763, 60.16936805013805, 52.497847041918284, 71.01172696247728, 75.23565886896807, 19.544881861146333, 28.298824265700524, 26.565327518745185, 63.01441720632996, 79.01678812638757, 17.336944721873735, 32.35657612939369, 36.33268477809527, 35.69551649049323, 62.21933649771103, 8.574032860745827, 31.95175581833861, 68.46671706439089, 60.008973467092645, 0.0, 71.66303313053301, 29.36274542833086, 40.25135293439962, 27.675441978948385, 56.1540348287984, 20.100453144198084, 21.22190040264052, 77.15652087045272, 97.57467714932035, 90.44043865047539, 13.570009473177382, 54.56047102188069, 36.123764480869376, 64.87147752078886, 65.22569244337845], [97.48643173046067, 76.37776674710064, 27.84935612997164, 50.736733000481095, 133.5862867986063, 113.72033254978011, 41.66685945299201, 87.46788828393647, 62.82681386009987, 54.672366749734095, 90.5358962687406, 88.9497575763026, 91.50961172519752, 109.92197081888328, 59.60646505645454, 88.05178099840428, 97.77354429549635, 92.50090611658445, 80.35491126982986, 37.63826388671935, 70.64962313810516, 91.0214571308798, 84.55716775589094, 83.20376933256993, 71.66303313053301, 0.0, 48.503003546822036, 39.73686425253263, 44.76344288520784, 116.607730735711, 90.8606457606221, 84.91426937128766, 79.01274129496315, 95.06886059432634, 139.2670198689536, 58.13137686734367, 68.24556372489714, 36.41738834944177, 66.85553053146874, 99.84022641814849], [84.03903504128809, 41.759108073712106, 20.99473760922815, 13.178926918568378, 89.4207054137852, 68.74745244838823, 31.072152999633122, 44.64010440146377, 45.22827611759384, 47.209965305757144, 48.605836178736226, 40.48224239480613, 43.41190712311446, 64.36820255266137, 51.498530538476096, 46.571140173662755, 49.56652289859481, 44.18266081343723, 33.249313828136025, 32.88048554171354, 33.25752613044529, 42.52238012144593, 51.64990088195836, 45.80371967009719, 29.36274542833086, 48.503003546822036, 0.0, 11.123787092097947, 9.7011744962531, 68.26934819339591, 49.26277966623545, 36.9120845831869, 55.31840144045442, 75.93852615857067, 94.10287310846984, 18.18505984845406, 34.29804190282179, 22.741423561000893, 41.464958506473934, 58.404841362373276], [78.51510432587827, 41.62478179465713, 12.020184497976645, 11.992274566145824, 94.83381428286484, 74.55960538517742, 21.463279602757424, 48.89160224178557, 39.081188975757414, 38.753331394307565, 59.626392990020406, 50.3844433258345, 53.829377513509556, 70.54953538337583, 43.47418431731036, 57.54199855843201, 59.843905403358946, 53.08297957417905, 40.618452569183525, 22.481644550975382, 43.40242337003991, 52.0441884322979, 51.183832372296486, 47.147082055224615, 40.25135293439962, 39.73686425253263, 11.123787092097947, 0.0, 15.465421553016, 77.13162246030394, 60.25983340052568, 47.453085044009256, 51.64088379834222, 71.65512771499695, 100.13053494375197, 28.17228087545968, 33.4149864736913, 23.396031161209603, 37.53659261455348, 62.0710686933509], [92.75567090272347, 51.45166915354122, 19.844180294890545, 22.310766393801376, 97.80579057603626, 77.04042409666982, 36.9253376358761, 53.77452962154624, 53.5485161046327, 54.136854690488995, 47.15131779726709, 45.41689244243109, 47.213158678695244, 72.493677555495, 58.763426171395665, 44.8338618969514, 53.54188509647533, 50.4164715575709, 41.127418614460126, 37.7018406488596, 29.042514214498432, 48.000294119499436, 61.34046585269254, 55.46481523195065, 27.675441978948385, 44.76344288520784, 9.7011744962531, 15.465421553016, 0.0, 74.16390886453004, 47.639041685968394, 40.60202474210378, 64.56012256261471, 85.07134693553256, 102.13993336978314, 14.292123957959204, 43.92095597044073, 13.705391917107868, 50.569488263113044, 67.61064995610134], [101.81008604522123, 58.47682042393185, 88.78702933477238, 67.63004502077364, 38.80089496513446, 26.681642883341286, 86.32145826656784, 40.056459470076994, 81.71053864530309, 92.01933007659052, 51.30751024891734, 29.098577527666837, 29.59012089874087, 23.73976964995446, 92.84719952047195, 52.77468713061248, 24.14255787734525, 24.1085089864002, 37.28230217373111, 90.5003615142435, 63.65255225108414, 26.190902053331243, 60.51158299860153, 52.345557000845204, 56.1540348287984, 116.607730735711, 68.26934819339591, 77.13162246030394, 74.16390886453004, 0.0, 52.14740222832782, 35.34838882920613, 75.86998453979533, 89.63809191016995, 38.04918228659466, 65.290240817998, 61.513880604892094, 87.04249385547266, 72.23187331855189, 40.1672284899273], [122.90290191667529, 73.73933374235924, 67.46261581758893, 58.78250544535247, 89.02436396279018, 71.09918210494908, 79.68159771181278, 62.666947347934006, 88.58358799074004, 93.93901554710764, 1.026986959183342, 31.839058284498016, 26.56900235151971, 66.22155795822967, 97.37977113043826, 2.818694998674381, 29.244051139612992, 40.177467299640746, 46.305574387354476, 81.9767774543188, 20.54269993173904, 35.233019037304835, 81.74181555100898, 72.60206887102717, 20.100453144198084, 90.8606457606221, 49.26277966623545, 60.25983340052568, 47.639041685968394, 52.14740222832782, 0.0, 25.794214454139684, 92.5646728209383, 112.28671627628403, 89.70166828253224, 33.370771442293524, 70.3605634032489, 54.64356773474218, 81.4970698294329, 73.33639984960111], [98.51591032028983, 49.19390145396228, 57.86135186669537, 41.37012867891334, 67.15574360621572, 47.62098607414498, 62.664421367748716, 36.90074168206095, 66.81115743522471, 74.04864902588118, 24.76838137359495, 7.202511274614098, 6.613777225022639, 42.609595844415665, 76.69670729011511, 24.68358755656042, 12.940613225529711, 15.659881425791207, 20.88671270346962, 65.95509808537707, 29.34482026486144, 10.930329558680137, 56.5418069444646, 47.258935217118655, 21.22190040264052, 84.91426937128766, 36.9120845831869, 47.453085044009256, 40.60202474210378, 35.34838882920613, 25.794214454139684, 0.0, 68.41924652613476, 87.48382328068516, 69.29682448555407, 30.140811985167904, 47.087949680827805, 52.59333964255146, 58.7134906991896, 47.720869025119136], [30.360848986456382, 19.337668229406244, 59.54183306972048, 42.259230170018235, 69.39741271698294, 56.150305741316764, 37.60018933802892, 36.2938985876775, 16.365751140242608, 27.047845799346895, 91.60176922560774, 65.25219909550039, 71.43047900013154, 55.45946490060433, 24.13133462881764, 90.64055090557667, 74.27900142073489, 60.43912080799157, 47.94211060661441, 41.38957750860761, 84.2282819685853, 63.67039153615483, 15.550492492565196, 23.70396888680207, 77.15652087045272, 79.01274129496315, 55.31840144045442, 51.64088379834222, 64.56012256261471, 75.86998453979533, 92.5646728209383, 68.41924652613476, 0.0, 20.713397559594437, 76.953709036945, 71.37531913492712, 22.597571827828446, 75.0045930879846, 14.113403159430801, 38.08069234011889], [12.197074990439084, 38.555297470558905, 78.56010344628103, 62.82059927339336, 74.29427082605501, 66.2267045366644, 55.27602887940042, 52.6118653850466, 33.48025949759692, 40.44898791856704, 111.30332194072282, 83.57976895196846, 89.81704216177181, 66.98960961820406, 35.73236802764258, 110.49096333896134, 91.9352251761746, 77.77417330407854, 66.64792746007126, 58.338842051314735, 104.8009697889598, 81.54803371405653, 31.19898396222251, 40.58071235243519, 97.57467714932035, 95.06886059432634, 75.93852615857067, 71.65512771499695, 85.07134693553256, 89.63809191016995, 112.28671627628403, 87.48382328068516, 20.713397559594437, 0.0, 82.17075799617217, 92.08382850427837, 43.13495533144745, 95.04591552030344, 34.504450192179206, 49.57139278737451], [93.646903417266, 66.60664635971341, 112.11528821236705, 88.59692880992884, 7.878091743598486, 25.5751393451167, 101.84376965290696, 51.92357439969285, 89.11342806866534, 100.8498613751525, 88.81087867788895, 62.15029395471431, 64.93996731403662, 29.737016200147757, 99.66111978862041, 90.05101666620355, 60.70235093291731, 54.26918073086545, 61.02217240648243, 106.42544981564241, 98.6401986097844, 58.48926686650428, 62.65808159878429, 59.0218298255829, 90.44043865047539, 139.2670198689536, 94.10287310846984, 100.13053494375197, 102.13993336978314, 38.04918228659466, 89.70166828253224, 69.29682448555407, 76.953709036945, 82.17075799617217, 0.0, 96.77625113427597, 73.3654402078994, 115.80464749266474, 80.30129836724595, 41.13338645238115], [100.93829743229576, 55.48209795558456, 34.136160130752174, 30.617052756279623, 93.38733461349226, 72.74492984765635, 49.133480311115605, 52.89879648842114, 62.8211796030505, 65.37829459394673, 32.90575519956874, 36.23299494525457, 36.49554328594613, 67.88244770478785, 69.6012251275724, 30.560575633800152, 42.75969963291789, 42.895723124084576, 37.43893447087961, 50.61063746843379, 15.232206713443988, 39.43618214561701, 65.15975447503789, 57.74796178848564, 13.570009473177382, 58.13137686734367, 18.18505984845406, 28.17228087545968, 14.292123957959204, 65.290240817998, 33.370771442293524, 30.140811985167904, 71.37531913492712, 92.08382850427837, 96.77625113427597, 0.0, 49.17695896894752, 23.090881768678873, 58.052919266662414, 66.54471149907363], [52.86800679303157, 8.317066446494012, 43.784187353587726, 22.106588418821158, 66.86805792128195, 48.713007071858556, 28.539878106656843, 22.699637843909308, 20.664444480552024, 30.507134867328702, 69.41793051704808, 44.97588958523604, 50.918802932303876, 46.0955737074369, 31.573768803979412, 68.33753552531374, 54.67127676197554, 41.822286927297135, 27.797181058067732, 33.13070744918042, 61.66989565717835, 44.093029089312424, 17.787130271649183, 15.015272909175797, 54.56047102188069, 68.24556372489714, 34.29804190282179, 33.4149864736913, 43.92095597044073, 61.513880604892094, 70.3605634032489, 47.087949680827805, 22.597571827828446, 43.13495533144745, 73.3654402078994, 49.17695896894752, 0.0, 55.787399897420315, 11.734507118647105, 32.44646762052458], [101.68368342982966, 63.692870536606016, 19.716175683777582, 33.683314114091004, 111.50959821487017, 90.74166363428004, 42.699146627806954, 67.31571490763011, 62.26408809701269, 60.51497829482284, 54.37569956054048, 58.03090898483447, 59.118101895088905, 86.18158301808488, 65.53122812350703, 51.852460036066844, 65.44442385203953, 63.60122758190531, 54.810885167842955, 42.00408569203356, 34.279274695885455, 60.86036195578492, 73.50361630948697, 68.28579342630606, 36.123764480869376, 36.41738834944177, 22.741423561000893, 23.396031161209603, 13.705391917107868, 87.04249385547266, 54.64356773474218, 52.59333964255146, 75.0045930879846, 95.04591552030344, 115.80464749266474, 23.090881768678873, 55.787399897420315, 0.0, 60.89221920053286, 81.11555282059521], [42.89103506553025, 14.253541765010928, 45.774765958035985, 28.32253916901896, 73.27486772910474, 56.854059274550345, 25.21681728953066, 32.445286153156495, 9.509801310549621, 20.733154120640794, 80.57540809164269, 56.710364663264805, 62.64480578935042, 54.93962979100292, 20.681701821465428, 79.37581763231266, 66.39136308922097, 53.40607939876513, 39.51182408573061, 29.47911581532482, 71.48995610108, 55.79875354550202, 18.678449528029482, 21.62458675721747, 64.87147752078886, 66.85553053146874, 41.464958506473934, 37.53659261455348, 50.569488263113044, 72.23187331855189, 81.4970698294329, 58.7134906991896, 14.113403159430801, 34.504450192179206, 80.30129836724595, 58.052919266662414, 11.734507118647105, 60.89221920053286, 0.0, 39.29798419538189], [61.765221615430384, 25.473388632866858, 73.69941462902858, 50.107647766895816, 34.43736762368224, 18.098920299305306, 60.98578602239538, 13.862683362672827, 48.34419579844417, 59.9742643142701, 72.31063465899689, 41.54660905836753, 47.27489844321226, 17.647787107882017, 59.179830607117104, 72.38912264812632, 47.159012258093384, 33.58068960207168, 29.639270595019543, 65.57674074747985, 73.74856554141628, 38.366052037290416, 22.69900442169451, 17.8884497695649, 65.22569244337845, 99.84022641814849, 58.404841362373276, 62.0710686933509, 67.61064995610134, 40.1672284899273, 73.33639984960111, 47.720869025119136, 38.08069234011889, 49.57139278737451, 41.13338645238115, 66.54471149907363, 32.44646762052458, 81.11555282059521, 39.29798419538189, 0.0]]",Route_0,2273.2446298710584
