instance_id,num_cities,city_coordinates,distance_matrix,best_route,total_distance
1917,90,"[[63.258578248962124, 31.24355704913986], [92.87768135366844, 14.86159690656319], [72.74536463517917, 34.60946894251791], [19.272840398276724, 6.974053966885041], [13.153057478490126, 83.27813728883389], [40.09273656303078, 50.25742727455287], [71.07137887562898, 15.89782241235288], [55.29933245190715, 59.9175967072095], [53.47403883290234, 55.966935187994515], [28.276516394932973, 76.36274485931702], [21.157164243888303, 75.80188497027119], [48.95523068935405, 97.0999765037011], [64.26929953124795, 50.34804995015274], [5.9371769085240444, 70.01753548509123], [30.524180396062704, 53.21969533591408], [26.668832893726503, 32.272988361957914], [50.282761705189586, 53.813615880467566], [51.82825580994008, 78.13760631303516], [14.023941232556748, 60.72615638745109], [28.795602025891665, 3.828279205785312], [70.43331552188666, 86.08657362519735], [15.70846263230007, 98.14646964302692], [19.042508771327114, 82.94166782774428], [82.25371367645677, 8.012410234682221], [79.7974771895245, 73.35401747812907], [24.39368152290674, 33.89987576569398], [33.28264661879565, 55.5450454015352], [35.38389740696222, 36.31681396468056], [22.5031875550625, 33.37779835198516], [95.17975966361108, 96.69379735597849], [38.512647973092875, 98.30725687986124], [14.392407626749703, 5.987032686012217], [36.68996853030714, 18.441570477738168], [65.67656202363409, 88.47974960754529], [54.21548433573105, 10.726256489293762], [29.48513355168335, 40.53163748310664], [29.278348332936133, 8.872111653552128], [87.34265162411377, 95.08354674139422], [40.87671171592684, 15.935984591722253], [51.13880337189328, 67.38922157485413], [46.82317835864638, 97.17797358329544], [79.82033233389576, 38.3516374053539], [7.2245065608204655, 79.61386155500439], [96.22803798641065, 8.25435152502767], [89.66210994939942, 61.488455466395486], [9.62234049934777, 58.359120411982566], [80.1360145690599, 65.13616046512169], [73.38598657478447, 55.00421239859538], [41.188809013629744, 15.826099737437271], [76.62100023644155, 98.44319946278148], [22.675710638720147, 38.89541914907385], [94.01107636589909, 97.32348091411701], [69.5188949692503, 89.4261790493146], [88.99735202004054, 12.845008318653017], [21.651031369378714, 58.52320410304031], [72.19182495542864, 41.7096813426026], [19.989588102194077, 80.93911883396217], [40.85140317986807, 14.68329114942235], [10.874303457072632, 28.9023557529434], [96.49984417341109, 7.300260037325468], [65.28474507000632, 84.65603083449517], [24.746838150771232, 80.15917278047723], [5.130525145918352, 39.976967318139124], [92.80532344182345, 52.051826327897786], [91.49866607512381, 20.77792733433431], [82.50890302849302, 14.133672670850018], [56.69380199921098, 40.414928834122165], [58.82733087901346, 47.57354107184916], [98.9286500629412, 87.03590316079968], [48.233378455898254, 16.173721565326126], [78.85664108731658, 5.241076893447794], [5.500692567419174, 10.945698834010564], [10.063834100956582, 64.58530101397645], [79.01502997254653, 1.1118510909944757], [34.26248696098324, 15.21748292977394], [7.984033251324152, 47.77327090545298], [56.9887673570422, 9.853801000424955], [70.1226971074885, 15.931561005680006], [24.975338140231283, 52.980012820050135], [57.963739519402665, 20.835308720298617], [98.36274221991798, 32.41954710690575], [97.21781790350873, 2.3946745979774975], [19.418660148968403, 87.60675399705895], [51.81617994124951, 26.229994247245003], [70.04500230253373, 6.933175850227902], [19.125686336584312, 69.38243697035054], [60.64641864431075, 57.12573489396614], [79.92192971954827, 13.156459667438725], [57.73746215831723, 76.74836632568918], [32.02955266911306, 87.60418797166191]]","[[0.0, 33.84759794786321, 10.066204786894458, 50.2369775576596, 72.2368379180689, 29.9697094074414, 17.220087838763472, 29.75819456839557, 26.58914511941337, 57.09190625832317, 61.30231356444631, 67.39179278507181, 19.131210273145744, 69.20378931375939, 39.42703966558141, 36.60422371788257, 26.034196177858746, 48.26700868527747, 57.38704684752983, 44.03741805987547, 55.31033648512011, 82.0793104789704, 68.0276080582575, 30.00835470704363, 45.24186176217333, 38.95556733832619, 38.589102260068465, 28.33259197063407, 40.811234440423036, 72.81961122616526, 71.483570841161, 55.007223654575014, 29.492064738782823, 57.28724451496547, 22.42180121637372, 35.02733225451211, 40.68338228606062, 68.23186113720503, 27.115857427743183, 38.123457438646724, 67.95196577917463, 18.022666415384045, 74.0236688360004, 40.193144266268966, 40.148479006384655, 60.10074688735152, 37.86233515054214, 25.828920651733494, 26.921602925141645, 68.51529947313063, 41.297943496823585, 72.8853378837842, 58.518450665183686, 31.63844292355193, 49.75306121960849, 13.760183663193086, 65.89274898978037, 27.862589636399136, 52.436566144070696, 40.96661118589005, 53.45089061800532, 62.25665898332856, 58.78046454798514, 36.13854205511305, 30.11697139084118, 25.755060620310488, 11.278756475235475, 16.92052988046231, 66.22038891351868, 21.280426930179246, 30.32208004996382, 61.22071876843391, 62.780193497539386, 34.00272746215779, 33.130172979630146, 57.69321246791077, 22.289732893060282, 16.78014751242991, 44.023629821988514, 11.677626062127068, 35.12385629050033, 44.55881480241496, 71.40552071936786, 12.492569431501604, 25.23985311905177, 58.329120601927045, 26.013660022983863, 24.592892752326346, 45.83852517458984, 64.43425142462367], [33.84759794786321, 0.0, 28.20086215706897, 74.0262517333802, 105.05635939778956, 63.55403373500509, 21.830909075496574, 58.67005560094812, 56.941161554144905, 89.19474039164119, 94.11456467402894, 93.23268070329244, 45.582100216118654, 102.9603266974932, 73.207259180944, 68.45997492553256, 57.719900918173586, 75.42485468251184, 91.22209243085648, 65.02497205272581, 74.67761958017161, 113.54055814903919, 100.4317119584107, 12.640413255614318, 59.937092065736984, 71.08104033241068, 72.15754393335277, 61.366615773736974, 72.7696302957317, 81.86457472520328, 99.59284624334406, 78.9854168951082, 56.30164547409632, 78.48269427021403, 38.882727767229866, 68.39273426343146, 63.8807411844763, 80.41267182110789, 52.012067370595304, 67.09161861566884, 94.32392652611618, 26.87519983291261, 107.374681043512, 7.408142891331284, 46.737606256788105, 93.9334143522614, 51.864070544583505, 44.62460917357502, 51.697870260733, 85.14789467046637, 74.20203032159604, 82.46967259744038, 78.13776175112774, 4.373052168714967, 83.54383047816266, 33.89283542008989, 98.38146696355729, 52.026583719870416, 83.1967360864241, 8.384144484848754, 75.05087034854891, 94.3694082345933, 91.2707250626287, 37.19029981162975, 6.074919659471221, 10.394298324060458, 44.29724480978402, 47.21755667672379, 72.42751345725544, 44.663580827649554, 17.00423404547862, 87.46469245968312, 96.59492764610923, 19.52507652500421, 58.61627477547333, 91.05003994251656, 36.23661363448259, 22.780125794588923, 77.87003175566959, 35.42130103821789, 18.394768493899882, 13.200793048888057, 103.38319823101564, 42.60618917877663, 24.170045368154906, 91.71629500945336, 53.15177942136903, 13.06747846408236, 71.16745909636929, 94.83659272283242], [10.066204786894458, 28.20086215706897, 0.0, 60.19158586664379, 76.94077170694918, 36.20846199411341, 18.786376558373725, 30.738662461039464, 28.766740562743177, 60.99847960071139, 66.01634311150148, 66.86579101763917, 17.875866742062172, 75.6112764315171, 46.1407512397325, 46.13573364350489, 29.552796652850606, 48.29310700869759, 64.26730840424533, 53.656903330526426, 51.529000355273865, 85.3824258738443, 72.24955485686225, 28.245570155315022, 39.38111644821009, 48.35688970835703, 44.67218905439893, 37.40045802486693, 50.25727181407069, 66.01337678714943, 72.31380973353183, 64.99470323715117, 39.514459746359286, 54.3320817684157, 30.228534549291613, 43.66371117553565, 50.515275575209344, 62.21089030918834, 36.93656801446475, 39.26010280502689, 67.72575222423346, 8.003686197129884, 79.4882267837136, 35.299124094095234, 31.759348050251052, 67.44302870552151, 31.408607128641997, 20.40480230506335, 36.72371388340665, 63.95127601109615, 50.25275734224145, 66.22143001316081, 54.91158177868987, 27.162820917670874, 56.413629746757906, 7.12175696744664, 70.21117017015214, 37.60687887547868, 62.13372153881995, 36.194864126830495, 50.59959685119784, 66.171248019062, 67.82755013982741, 26.58265935687363, 23.302314437762263, 22.684464175213886, 17.06915427340897, 19.020484478905146, 58.60115562542671, 30.671065319106415, 29.997502419740446, 71.28688474922205, 69.48039132366024, 34.07930611337747, 43.092702347446085, 66.08566958674822, 29.344734673269105, 18.86114073585676, 51.1805853198687, 20.20455223187891, 25.710810799451057, 40.45607424888885, 75.18277485243499, 22.544320085585607, 27.807717562898073, 63.90797451264964, 25.56103922938772, 22.621553734587266, 44.73168686093156, 66.82976574127707], [50.2369775576596, 74.0262517333802, 60.19158586664379, 0.0, 76.5491010697593, 48.030391224745124, 52.56160415795992, 64.0384794290656, 59.74968104275016, 69.97039806388297, 68.85362007175675, 94.88796660538158, 62.49787886049952, 64.43850155495802, 47.59466353887407, 26.35786005196459, 56.17436941984538, 78.25666907778032, 54.00777219144406, 10.028902625110467, 94.21350742627281, 91.24206359504257, 75.96796303950097, 62.98943230908694, 89.83056948760012, 27.408445657587304, 50.55112144434928, 33.474822213498655, 26.600617667773435, 117.52230744058238, 93.33768879642798, 4.979240408565421, 20.853303989877826, 93.78957192860837, 35.14352556458847, 35.07709142587657, 10.18394874360866, 111.3408367011061, 23.388960140074214, 68.3039682107482, 94.31738034898136, 68.19495232150197, 73.63222117183344, 76.96584695607605, 89.03072075856981, 52.283431427808125, 84.18525169205893, 72.35418929194971, 23.636167089295384, 107.96025201236412, 32.10222859815112, 117.25537456869603, 96.5557814455347, 69.97124856606476, 51.60397922694438, 63.300732505594134, 73.96853755524708, 22.914334152571293, 23.481606460658096, 77.22769271760623, 90.28612795762285, 73.3895514848941, 35.90539472513111, 86.2498210060796, 73.53310012944428, 63.640079800066275, 50.185859353256156, 56.682237697331956, 112.93780460803363, 30.38661956369533, 59.60899692234625, 14.333388253499548, 58.342622355402234, 60.029114916730954, 17.10682978056001, 42.33217770917788, 37.82570672619501, 51.632788610508264, 46.3580276812562, 41.098905802225126, 83.08240301830283, 78.0793841785109, 80.63283188351814, 37.81349209858838, 50.77217836032356, 62.40855649207979, 65.01510652680999, 60.96338389349638, 79.67422288473826, 81.63303386245781], [72.2368379180689, 105.05635939778956, 76.94077170694918, 76.5491010697593, 0.0, 42.61588435108764, 88.85177987140156, 48.187377500758416, 48.699931186560725, 16.62954184731359, 10.952628627078845, 38.37758259586374, 60.80510549065182, 15.096770932800071, 34.716938863535546, 52.76553233056505, 47.400136685312006, 39.015330636688645, 22.568789978406723, 80.97511438296337, 57.34906517262072, 15.086331644732647, 5.899054858953695, 102.17548803886206, 67.37927598778225, 50.64152782011534, 34.26842197398151, 51.957445397950586, 50.76877739773929, 83.11654351814508, 29.478522109077115, 77.30104035208267, 68.97656542414116, 52.78044429917134, 83.36605008609284, 45.760244257451355, 76.13331502028981, 75.12298963589612, 72.82558983048501, 41.17492603082788, 36.426398244915255, 80.39226286419937, 6.969550389869743, 111.93757553531731, 79.5514006408401, 25.16790345848468, 69.3963101588926, 66.53886515577246, 73.0464286188935, 65.25456971481994, 45.39280331377897, 82.06881804893297, 56.70014156528535, 103.50450555910881, 26.172930238766323, 72.2046577095258, 7.225590515734504, 73.97601821862668, 54.423509051962235, 112.77998352550834, 52.14989397652328, 12.005985585588023, 44.038078362459885, 85.55446200709035, 100.22130826692221, 97.93462257681642, 61.098699433382, 57.97376511564239, 85.85786561266387, 75.72074702135035, 102.01344859475726, 72.73610067602601, 18.94638300771221, 105.30478625567358, 71.25910948685632, 35.87916315025701, 85.51434160390848, 88.21055025630781, 32.52295599066745, 76.85768708861363, 99.23349519706962, 116.65769791222066, 7.615425098510892, 68.91536594304579, 95.21158817562207, 15.12490604326644, 54.2177785034592, 96.82526515730083, 45.060038276567376, 19.365866497319647], [29.9697094074414, 63.55403373500509, 36.20846199411341, 48.030391224745124, 42.61588435108764, 0.0, 46.26293036350396, 18.01553307552194, 14.548461466812304, 28.655028620860907, 31.797408982837233, 47.67355892341467, 24.17673281122788, 39.45965194733418, 10.016601179431253, 22.441952515848982, 10.792733194083231, 30.249409832464604, 28.092283268210643, 47.78379473358895, 46.94974397986072, 53.73967988459194, 38.876363906897154, 59.68408042231857, 45.93385360765056, 22.672225751297905, 8.62184611932761, 14.714410136091537, 24.378558342676914, 72.04801579795927, 48.07580269793965, 51.189596056797875, 31.99730573032589, 45.99432627755064, 41.978154655780585, 14.391394258852987, 42.77493824473693, 65.1301424820727, 34.33039534976528, 20.384159729890477, 47.40080708885689, 41.4732407480145, 44.06949939743664, 70.11013078232037, 50.82576878083788, 31.529073376342424, 42.71815556439989, 33.62993406712193, 34.44876907503512, 60.466376511000604, 20.795384600712726, 71.5709492203359, 48.99071252942565, 61.57394339434313, 20.209392792163094, 33.217697634546305, 36.68109560775372, 35.58222500188569, 36.19055004915519, 70.9019041071264, 42.63685283284407, 33.609685841739996, 36.44233916875113, 52.743119773264354, 59.258843270246366, 55.7140630747242, 19.299485722842917, 18.925862446227217, 69.38530828557425, 35.042389263591666, 59.40633043373714, 52.36431514664612, 33.27195439059194, 62.69156707780062, 35.521676622977424, 32.20465589360241, 43.79416482468391, 45.607714538334754, 15.360605688781007, 34.424319991646094, 60.93917892562226, 74.52595529032315, 42.689455866747664, 26.73493337422155, 52.67000080129034, 28.379273969971184, 21.670890536690447, 54.43203491404039, 31.82932913436875, 38.2072698458587], [17.220087838763472, 21.830909075496574, 18.786376558373725, 52.56160415795992, 88.85177987140156, 46.26293036350396, 0.0, 46.76000403509559, 43.763000070909655, 74.0770349113615, 77.97387724902786, 84.1600489524117, 35.115330851544584, 84.68416386177017, 55.10896027928482, 47.32580849337989, 43.24088341114015, 65.14666902708747, 72.5533573904279, 43.96493126872811, 70.19165136725282, 99.14581416399643, 84.86389416243645, 13.682994438702407, 58.115050918159696, 50.02880525346245, 54.77125684455837, 41.1160741023564, 51.61800816576782, 84.31609331147477, 88.60804617662166, 57.53893929184847, 34.47538297907008, 72.78214206956798, 17.63140025173007, 48.33467332136926, 42.37945272899103, 80.84017104367427, 30.19469127573801, 55.214778401476536, 84.82003420585887, 24.098091093587385, 90.2006471618212, 26.29220692185163, 49.23536436470859, 74.69234328351894, 50.06577228459942, 39.174827970995324, 29.88265593449421, 82.73172045621807, 53.5819947348154, 84.5953165570708, 73.54474444861303, 18.184064096479005, 65.26326617566215, 25.836165753703675, 82.70259723143297, 30.244371662195523, 61.58575952567194, 26.84259536991526, 69.00127793181177, 79.21795392777977, 70.1997251418903, 42.183839862341244, 21.002130520025645, 11.572777672529313, 28.42187932093285, 33.9597977605725, 76.39799794874205, 22.83966688711182, 13.197595718896471, 65.7574211086842, 78.05377051761953, 16.784711515709546, 36.81517874186717, 70.68279419035987, 15.324821108622324, 0.9492815124513013, 59.160238479169074, 14.006747678674182, 31.902756935296345, 29.42738987296536, 88.37519007547066, 21.852150027589193, 9.023211005712875, 74.55842653770623, 42.52552837315639, 9.265382881457398, 62.29431779522972, 81.6459861552609], [29.75819456839557, 58.67005560094812, 30.738662461039464, 64.0384794290656, 48.187377500758416, 18.01553307552194, 46.76000403509559, 0.0, 4.351944764698389, 31.633455160538922, 37.65631771122466, 37.71971625694149, 13.116269840924792, 50.38483068549607, 25.66456783524348, 39.7986165025034, 7.900921717752652, 18.547698592838653, 41.283310054632736, 62.03595138522878, 30.229998288068213, 55.035295029789275, 42.94956477507208, 58.48663992696265, 27.940946632468407, 40.3990230368978, 22.446684833059123, 30.880762605374116, 42.18943015532205, 54.24884707297043, 41.899388825649325, 67.68960211358568, 45.459533404494394, 30.388870855734083, 49.203279150618336, 32.282941004482446, 57.29514079643142, 47.57539642902286, 46.286004290401905, 8.55191092028248, 38.212313109267036, 32.65532170752231, 51.95316865613472, 65.91092352170718, 34.39866384881065, 45.70357143809396, 25.37901074281442, 18.742155765138936, 46.29435145606436, 44.03221076432783, 38.81021321115915, 53.83121111551425, 32.75595197861645, 57.89114872251857, 33.67718064914351, 24.83715935662164, 41.09358147652315, 47.48563003209599, 54.18051654094, 66.82863371598813, 26.67767958844522, 36.64936984384353, 53.986460589093, 38.32192197418783, 53.3132767083672, 53.25906900359171, 19.552457632899003, 12.83832085712676, 51.37041853163469, 44.31088261705465, 59.535439942009425, 69.84376361313831, 45.475683332460896, 63.40780729822987, 49.40292541869044, 48.84897325041642, 50.092293128477834, 46.41662930942493, 31.107470183316472, 39.17300472663744, 51.09403089078386, 71.17616167328009, 45.32231322795538, 33.86719520292619, 54.998032991129996, 37.39138770470263, 6.032066240786794, 52.847670085413135, 17.006448259869487, 36.16669720868337], [26.58914511941337, 56.941161554144905, 28.766740562743177, 59.74968104275016, 48.699931186560725, 14.548461466812304, 43.763000070909655, 4.351944764698389, 0.0, 32.41765243136496, 37.91840735141046, 41.38051129357663, 12.170025672170196, 49.56987603702657, 23.11370435641674, 35.77600007877736, 3.849809572697186, 22.231672449309386, 39.736134526425055, 57.68418059458571, 34.56601922989329, 56.615827050452616, 43.739758382587574, 55.927686771388736, 31.547330116490006, 36.50509954546566, 20.195799328964593, 26.709183456284247, 38.33357186422925, 58.29274785133205, 44.905969062372435, 63.44576070819373, 41.1078826085729, 34.72729004256587, 45.246754033330845, 28.525707560546383, 52.9467075700692, 51.74159092858059, 41.96629190354179, 11.658556984541129, 41.744264643984174, 31.692678921346992, 51.944165812852646, 64.06555301731034, 36.60688019098929, 43.91689876212731, 28.194603071122714, 19.935207499413526, 41.97872726013806, 48.37369997176645, 35.2132599942647, 57.910407409622394, 37.10739021013723, 55.869547668800244, 31.92551197380411, 23.529232978161037, 41.771023410794754, 43.170246651285034, 50.47007939449777, 64.95895007941631, 31.02510259182441, 37.55684250256626, 50.919292886710586, 39.52566288342755, 51.80867254268199, 50.92195196263317, 15.881806461420055, 9.955239852454593, 55.05817335300153, 40.13682064646404, 56.72203449211099, 65.7902247659121, 44.25745252926222, 60.509689138883616, 45.05109970547263, 46.22203740843767, 46.24688596218343, 43.35907065726711, 28.65480145460052, 35.4173487223433, 50.689990897699616, 69.16288970324123, 46.48491100966602, 29.783118584497775, 51.758152837073624, 36.87526280969011, 7.2653870452756255, 50.32124547989682, 21.2142560223647, 38.22017465327207], [57.09190625832317, 89.19474039164119, 60.99847960071139, 69.97039806388297, 16.62954184731359, 28.655028620860907, 74.0770349113615, 31.633455160538922, 32.41765243136496, 0.0, 7.14141014546321, 29.285525454448297, 44.40996272363554, 23.22300089764008, 23.2519404503077, 44.119057948198204, 31.507745878751454, 23.618521601749208, 21.157476167957135, 72.53632302188772, 43.26370948610954, 25.149287083988046, 11.337950618048701, 87.09366262632483, 51.60873803584184, 42.64002413584671, 21.41116415641151, 40.671752434191376, 43.370922887707394, 69.92421365657198, 24.214458439230317, 71.7322057390304, 58.52904081373193, 39.31393159043639, 70.57604879406291, 35.851485481596285, 67.49806840011867, 61.96189759860376, 61.72647955751701, 24.560298979322024, 27.879247063502092, 64.0438072839709, 21.301569844134654, 96.20895243778162, 63.161978919113444, 25.925060686218092, 53.06075525312718, 49.91043186331502, 61.898406306489484, 53.148241677383254, 37.883631306888674, 68.99554210625156, 43.261843503296376, 87.87219545601747, 19.030140993137742, 55.940943297883244, 9.466592802313082, 62.948254841615544, 50.55022798428333, 97.07754252636124, 37.92608049789232, 5.183772127309763, 43.12379526636712, 68.9564188363645, 84.18261191879283, 82.54458907408396, 45.8234393961907, 41.97821483051722, 71.45376337164203, 63.41131498719273, 87.27336746192634, 69.2685214343356, 21.688936808231787, 90.75843637368946, 61.4375691254956, 35.05913423192761, 72.44192824971184, 73.50531152358946, 23.61461275332444, 62.965287111350605, 82.72293321140346, 101.11467980408587, 14.313956782238707, 55.3841894750297, 81.02512861946788, 11.509230599025507, 37.65465607386796, 81.62281056927289, 29.463469401759117, 11.85138492005884], [61.30231356444631, 94.11456467402894, 66.01634311150148, 68.85362007175675, 10.952628627078845, 31.797408982837233, 77.97387724902786, 37.65631771122466, 37.91840735141046, 7.14141014546321, 0.0, 35.019154773821825, 50.065496364931896, 16.282097943918348, 24.447827721029974, 43.876455317662526, 36.493621429550856, 30.75990006557524, 16.678143266930192, 72.3777981047446, 50.33799663773823, 22.999322021530862, 7.446359313080429, 91.25897894176406, 58.69138231138567, 42.02681786047878, 23.608618598674866, 41.96987930420864, 42.44543443233983, 76.91434609878728, 28.42014391701157, 70.14182440999109, 59.4262037125247, 46.28936195749817, 72.99102649976183, 36.24010803788274, 67.42068070878254, 68.93693654648408, 63.03004506294064, 31.139550256972388, 33.40181798840934, 69.59804834210557, 14.444726220877413, 100.98665931202014, 69.98429716927538, 20.911771667018215, 59.935485856867295, 56.21737335086863, 63.23259923865322, 59.907146693508956, 36.937693519824215, 75.96625305655024, 50.24418760319128, 92.55192810109718, 17.285737393853083, 61.37438343586401, 5.2682450414637065, 64.21328178737919, 48.01357169351198, 101.82824773812268, 45.00710264558843, 5.645504035843598, 39.24637417085332, 75.48194487404808, 89.30600648217948, 86.98852947429823, 50.15066587329385, 47.07314365501498, 78.57866867800874, 65.4877030220291, 91.14854504850652, 66.7191875362505, 15.775732290726985, 94.47821858800549, 61.98563748259602, 30.96989807122037, 75.05367120236338, 77.34390150646276, 23.139064379178134, 66.1517081272748, 88.55918082900264, 105.70639323035724, 11.932197166811575, 58.28677031185285, 84.45661493281314, 6.7332172927620135, 43.68294626938472, 85.89381219146162, 36.592540530339335, 16.046905814068886], [67.39179278507181, 93.23268070329244, 66.86579101763917, 94.88796660538158, 38.37758259586374, 47.67355892341467, 84.1600489524117, 37.71971625694149, 41.38051129357663, 29.285525454448297, 35.019154773821825, 0.0, 49.19617201533718, 50.833173839697096, 47.59393543591325, 68.55087102462421, 43.306712581338104, 19.178784022752186, 50.43064319403305, 95.42546905665556, 24.137174048295336, 33.263233969808184, 33.09423872985876, 95.10722071945536, 38.924474809834265, 67.80503248837846, 44.41218515626625, 62.279803590784915, 68.99439523887027, 46.226313506399926, 10.512138683094799, 97.44822866108048, 79.60892848402992, 18.812528626741898, 86.53374935567888, 59.825259398511946, 90.39544145190322, 38.44034436641724, 81.56504184938417, 29.79088699756917, 2.133478541092285, 66.36280469014463, 45.24618826255765, 100.63927358440007, 54.085399598065024, 55.20806264865973, 44.65340769864121, 48.67150284022675, 81.64410787229535, 27.698358300634975, 63.862224130856596, 45.05640003207222, 21.94883723542615, 93.28596434901063, 47.26189447490786, 60.06683037350799, 33.16898809292583, 82.81414157672401, 78.10936240256022, 101.60944517509105, 20.530582644583625, 29.547201222635415, 71.99752075163867, 62.86625858647783, 87.37848181236848, 89.49444954368545, 57.210839141024465, 50.50075414031035, 50.976741913736646, 80.92947429087751, 96.60306300213247, 96.4927792333542, 50.69265085589937, 100.58484852695914, 83.19026068087419, 64.12302944092917, 87.61525467257145, 83.88309310595456, 50.21559958931242, 76.79487472125867, 81.39201522629007, 106.29379819000796, 31.024672002259663, 70.9277055575064, 92.60038016541431, 40.7193285071931, 41.648815926405284, 89.4731829525836, 22.165640672270353, 19.407436108102377], [19.131210273145744, 45.582100216118654, 17.875866742062172, 62.49787886049952, 60.80510549065182, 24.17673281122788, 35.115330851544584, 13.116269840924792, 12.170025672170196, 44.40996272363554, 50.065496364931896, 49.19617201533718, 0.0, 61.55911947779673, 33.86708450205612, 41.71933535875662, 14.409489497449947, 30.447315345056495, 51.30595602644736, 58.501899839321666, 36.26619869250944, 68.13841651713342, 55.74770424683079, 45.99723407189297, 27.75605957778049, 43.13475797485645, 31.419443350232648, 32.11295749633939, 45.082120057871855, 55.708032169508684, 54.43795209975126, 66.75031234954918, 42.17396034027475, 38.15765855610204, 40.87744753578156, 36.14277461149155, 54.264354076558035, 50.33531811720804, 41.6101358677234, 21.51305324061082, 49.974082197225734, 19.64048205044966, 64.1139308881432, 52.85111551094141, 27.729108460217642, 55.23103639602084, 21.68964865308018, 10.236885825097099, 41.52678760779684, 49.655895087620685, 43.14150425317172, 55.5991403128894, 39.42915705608548, 44.921650810076905, 43.395275394223184, 11.721255107568354, 53.81920047431267, 42.665828127885284, 57.54079774700223, 53.77657691141548, 34.32300514236173, 49.50482802693055, 60.04126906352805, 28.586841633351145, 40.197394864534225, 40.54829537063663, 12.49219988487339, 6.108430430780753, 50.47047802908906, 37.74964218756001, 47.40706225882081, 70.75517251727068, 56.04401663307924, 51.396885551033314, 46.20135863587048, 56.344127354418696, 41.14353347419465, 34.910699999435025, 39.382008967893285, 30.178833343310572, 38.5200473593419, 58.18187922879265, 58.30772573385306, 27.14333801158884, 43.79737475710802, 48.992384117371586, 7.685198703906732, 40.35119848987088, 27.196352773760523, 49.26886540212062], [69.20378931375939, 102.9603266974932, 75.6112764315171, 64.43850155495802, 15.096770932800071, 39.45965194733418, 84.68416386177017, 50.38483068549607, 49.56987603702657, 23.22300089764008, 16.282097943918348, 50.833173839697096, 61.55911947779673, 0.0, 29.777309720213914, 43.063353299751434, 47.21332334745523, 46.603934093452004, 12.317689830829163, 70.02517579880784, 66.46778078725261, 29.77775951204439, 18.40605661309918, 98.33030733995565, 73.93562111519334, 40.56017635793637, 30.93909634902108, 44.753189597048944, 40.2107329692501, 93.14430484040723, 43.14475230746225, 64.58634697210621, 60.04843344311757, 62.52717396648255, 76.46077905039554, 37.73492338738147, 65.4490117496234, 85.17720489644881, 64.38621932983618, 45.27797553938016, 49.085176094884176, 80.38314348671584, 9.682287522779758, 109.39438050956214, 84.15824153738231, 12.226981340789724, 74.35923165458432, 69.09950647794044, 64.64819621973861, 76.18543990044826, 35.337864064902284, 92.20968724272272, 66.47804386830852, 100.83496691204346, 19.469074860848497, 72.0486848871762, 17.797506656897696, 65.42844788260005, 41.41054482813771, 110.15921814229422, 61.1262578011799, 21.36951480682845, 30.051396354569135, 88.70649123740405, 98.71832372587298, 94.79575604441621, 58.75839779238836, 57.45521101034891, 94.53591337568112, 68.46988361872971, 97.53582851340887, 59.07344922985272, 6.821911090964385, 100.44085797256876, 61.687672590506146, 22.33823913331151, 78.90462492442792, 83.934936936887, 25.548556938627073, 71.5936774208949, 99.7802277669124, 113.60020569969586, 22.16147554257455, 63.42106658621342, 89.94136816443036, 13.203792298330825, 56.207647645014276, 93.31090821361234, 52.23575055232466, 31.46589294005775], [39.42703966558141, 73.207259180944, 46.1407512397325, 47.59466353887407, 34.716938863535546, 10.016601179431253, 55.10896027928482, 25.66456783524348, 23.11370435641674, 23.2519404503077, 24.447827721029974, 47.59393543591325, 33.86708450205612, 29.777309720213914, 0.0, 21.298550124751543, 19.767505582713788, 32.78362269036029, 18.127461211409, 49.421654874370276, 51.700780989979584, 47.30666488453531, 31.86258671394037, 68.69965967624191, 53.228269791747515, 20.26915007245312, 3.6078232813765574, 17.587616327291748, 21.401803710814285, 77.91239616950052, 45.78977855601057, 49.91150682638406, 35.320460245688515, 49.78916911667433, 48.65151824324916, 12.73053142728155, 44.36507946565193, 70.57563834066957, 38.69431471915911, 25.0147587290314, 46.88270001886099, 51.489510995001844, 35.206914253163966, 79.61707760451864, 59.71320713167947, 21.524418718758135, 51.02289908643562, 42.89893856553227, 38.88464086671052, 64.57617304322963, 16.333504394611673, 77.30284511072621, 53.21181473632623, 71.05791406668898, 10.337310041433785, 43.22815084238376, 29.653736254680904, 39.89619001923625, 31.264207460144686, 80.38272668305665, 46.867259851956, 27.552007701896358, 28.63926626706672, 62.29209177019501, 69.067765382227, 65.03943845809721, 29.134363559504393, 28.860827868135974, 76.30666669474401, 41.06117227422488, 68.1026767764628, 49.12500100105059, 23.405186667592854, 71.17998261099804, 38.18563975809126, 23.188828611708463, 50.803298657981394, 54.391612290634015, 5.554016392531732, 42.446176522190115, 70.95573716534662, 83.85239422333923, 36.135887747828185, 34.37721933909053, 60.863266838560406, 19.77776235992105, 30.37443632585278, 63.60189062012005, 35.974450139188214, 34.417429879325184], [36.60422371788257, 68.45997492553256, 46.13573364350489, 26.35786005196459, 52.76553233056505, 22.441952515848982, 47.32580849337989, 39.7986165025034, 35.77600007877736, 44.119057948198204, 43.876455317662526, 68.55087102462421, 41.71933535875662, 43.063353299751434, 21.298550124751543, 0.0, 31.962732483378538, 52.3121376094991, 31.136410451586542, 28.52410604945894, 69.36304418488618, 66.77907795376416, 51.23939791241201, 60.64861599987245, 67.15879538789488, 2.7969762931741338, 24.19361839087431, 9.607542608549581, 4.3096642794534645, 94.04141491020097, 67.0880061883552, 29.011412980643467, 17.080142860487445, 68.41639380726453, 34.972555812519225, 8.725642366167596, 23.545925370421987, 87.32971157209022, 21.650900970052565, 42.801043097859996, 67.96215673226814, 53.497961334345185, 51.17851210440423, 73.58925144768385, 69.43843656321218, 31.161983060821647, 62.75928295467746, 51.95383522189091, 21.93923088783987, 82.9078757378463, 7.733150384776444, 93.62982610869187, 71.43259078055056, 65.28622140269988, 26.725496414306637, 46.49079457979552, 49.12234284013085, 22.59519302750094, 16.150180318197, 74.16203406271525, 65.0781976693101, 47.924740186634196, 22.8746583011982, 69.03070196152883, 65.84104873372381, 58.712419524299264, 31.109322789761332, 35.61286152358254, 90.66674150201682, 26.911261893343315, 58.773221467708545, 30.04901734638142, 36.32921047627773, 60.91913348558475, 18.669596879429985, 24.2771599781543, 37.70833313488251, 46.424999333856476, 20.77615908651417, 33.31953925694377, 71.69405912582914, 76.61509589688796, 55.806725617878, 25.86323339025921, 50.235427446287076, 37.86832761030594, 42.09673792139425, 56.58033219121928, 54.25236372175258, 55.5902776280091], [26.034196177858746, 57.719900918173586, 29.552796652850606, 56.17436941984538, 47.400136685312006, 10.792733194083231, 43.24088341114015, 7.900921717752652, 3.849809572697186, 31.507745878751454, 36.493621429550856, 43.306712581338104, 14.409489497449947, 47.21332334745523, 19.767505582713788, 31.962732483378538, 0.0, 24.373039666636956, 36.91185823454715, 54.408013321246905, 38.04718939307763, 56.220850928406286, 42.71295838050736, 55.85599527854277, 35.3969733835978, 32.66192765351447, 17.08805902193292, 22.98073616438955, 34.48662607475306, 62.08422012920234, 46.0241204875163, 59.795481233383725, 37.8938731494668, 37.9303297616535, 43.266463301186825, 24.676958624584948, 49.60770286246238, 55.46749168718957, 39.028050533515604, 13.602568775955291, 43.50214058998116, 33.339778898647246, 50.19627489111165, 64.7040569142816, 40.12027206797679, 40.913707532836646, 31.92830597488162, 23.133882498276105, 39.06086735177953, 51.821834584081145, 31.379959565034774, 61.686901837524736, 40.47571467445415, 56.36706759093221, 29.01648157941945, 25.03022740208119, 40.66287345258902, 40.25087374443198, 46.621856061666534, 65.5706564224055, 34.29743525505462, 36.6902134110548, 47.22475314643556, 42.55904321144194, 52.821468085889876, 51.117727626607184, 14.853492929862323, 10.58055745144911, 58.90791819655276, 37.695644519725256, 56.35386523203087, 61.99267721402237, 41.63641841285093, 60.02515515775292, 41.78888227300982, 42.727838656209016, 44.468368938946874, 42.762987714889725, 25.321148898866024, 33.860982905593346, 52.62500075994826, 69.61901337243683, 45.766460958214324, 27.62621135609197, 50.87555219215035, 34.830324943269396, 10.88005135609998, 50.31386123042052, 24.11587313016998, 38.40549963696486], [48.26700868527747, 75.42485468251184, 48.29310700869759, 78.25666907778032, 39.015330636688645, 30.249409832464604, 65.14666902708747, 18.547698592838653, 22.231672449309386, 23.618521601749208, 30.75990006557524, 19.178784022752186, 30.447315345056495, 46.603934093452004, 32.78362269036029, 52.3121376094991, 24.373039666636956, 0.0, 41.62120600339303, 77.79703873199865, 20.232012460823576, 41.29157384931917, 33.13584488008459, 76.44116437767434, 28.37534258333528, 52.05413211542302, 29.229495869934137, 44.937685698417795, 53.510746928661945, 47.1559658197885, 24.168579107026012, 81.2843650642812, 61.58558626992001, 17.283966932172046, 67.45360587168925, 43.74270229289639, 72.8437168027848, 39.35018687436302, 63.158357030597486, 10.770474415934126, 19.687213771375763, 48.646476440190106, 44.62817245437886, 82.7949875118271, 41.33515142055303, 46.61038287488129, 31.15071106894273, 31.621032078826236, 63.21330302912748, 32.046798426065024, 48.88578672141207, 46.340998416787215, 20.985485181124393, 75.13098605723007, 35.99152190435222, 41.73330403879566, 31.961683838765115, 64.39674996880993, 64.04167479880545, 83.74652490879964, 14.952155745853144, 27.156765518239258, 60.306818998089234, 48.57559046620985, 69.74148136616837, 70.97750090995413, 38.035167094388036, 31.355209071061847, 47.93356679383537, 62.06807678845843, 77.74598132458725, 81.61492232833146, 43.908221321350595, 81.68284799695891, 65.32609097305455, 53.33206086880194, 68.4785290977999, 64.84040912247676, 36.79651746747838, 57.629831422238446, 65.23495507023495, 88.30177830507046, 33.76457683385839, 51.9076134704647, 73.49776030810857, 33.85426177571659, 22.78724942385469, 70.79409532662953, 6.070313617115828, 21.9454964482019], [57.38704684752983, 91.22209243085648, 64.26730840424533, 54.00777219144406, 22.568789978406723, 28.092283268210643, 72.5533573904279, 41.283310054632736, 39.736134526425055, 21.157476167957135, 16.678143266930192, 50.43064319403305, 51.30595602644736, 12.317689830829163, 18.127461211409, 31.136410451586542, 36.91185823454715, 41.62120600339303, 0.0, 58.78409980915988, 61.84794475313057, 37.458209467239854, 22.77531489782298, 86.22088425204727, 66.9747781482551, 28.760751827561275, 19.943461189129778, 32.4355318329234, 28.63267897759064, 88.76901521395372, 44.855722846082976, 54.74036381944384, 47.976400438322365, 58.636636765876105, 64.15099474552262, 25.433581377913427, 54.05126169895851, 80.96952244773483, 52.22289509519226, 37.70821434798443, 49.03595551157039, 69.49664870798154, 20.07430492823174, 97.5233501713165, 75.64200993312723, 4.9976943007499015, 66.25899468612727, 59.637178590408695, 52.478044254122395, 73.0819207073963, 23.482636185669097, 87.96195739835302, 62.477045312892606, 88.95851092219876, 7.938860291162555, 61.19745926040468, 21.074932821655228, 53.288442967136056, 31.979282433188658, 98.26800581432185, 56.57127275493082, 22.19510406486702, 22.574802252160126, 79.25749292517794, 87.16762010007936, 82.83145254716102, 47.257411932613984, 46.69405758179975, 88.8876389429379, 56.17121187688082, 85.33389137331802, 50.504848500294145, 5.529506826308295, 88.19130916132474, 49.806004588594526, 14.291876389456865, 66.58808321712793, 71.78876086221142, 13.414016340984926, 59.34631918739923, 88.96233742965154, 101.606017948236, 27.416592057306197, 51.168725888165355, 77.66623486743877, 10.047835420445104, 46.761292058071504, 81.27374073257378, 46.557310092313905, 32.35167113220091], [44.03741805987547, 65.02497205272581, 53.656903330526426, 10.028902625110467, 80.97511438296337, 47.78379473358895, 43.96493126872811, 62.03595138522878, 57.68418059458571, 72.53632302188772, 72.3777981047446, 95.42546905665556, 58.501899839321666, 70.02517579880784, 49.421654874370276, 28.52410604945894, 54.408013321246905, 77.79703873199865, 58.78409980915988, 0.0, 92.1961289098693, 95.2218161182776, 79.7123019820739, 53.62160622091865, 86.22655943803645, 30.392068435309067, 51.91105349465147, 33.14981940837959, 30.21205987092459, 114.15279605236763, 94.97735627126373, 14.56407310774929, 16.60931378188065, 92.33675677396907, 26.339181977614338, 36.709834684433986, 5.0668816601644115, 108.42177304237482, 17.104085507717393, 67.37367468998598, 95.07449157796135, 61.60669902194299, 78.7957273687697, 67.57753721277994, 83.84168243306586, 57.80334419582269, 79.96558174997287, 67.87693667493471, 17.249326855000728, 106.01533780182663, 35.59715402097419, 113.99302976881437, 94.79128148608116, 60.87324622732748, 55.159583930467335, 57.60410395450428, 77.61203173082616, 16.22262696854987, 30.820159913366744, 67.79320803490957, 88.68248414115536, 76.43819596790223, 43.20605878785147, 80.14209214129487, 64.95355889282537, 54.69295968464181, 46.00969998574209, 53.061781666637685, 108.82165736288975, 23.026877764813545, 50.080970729567284, 24.357965203248753, 63.57904394212483, 50.292841687382165, 12.633320717849587, 48.62390040239896, 28.82987138867022, 43.06295644995833, 49.299972955811356, 33.76417180604152, 75.21334718631361, 68.43723290559576, 84.30160068062331, 32.12139231658277, 41.36609005399603, 66.26352593742519, 62.08939766251368, 51.97034090867916, 78.4536192504798, 83.8383046483603], [55.31033648512011, 74.67761958017161, 51.529000355273865, 94.21350742627281, 57.34906517262072, 46.94974397986072, 70.19165136725282, 30.229998288068213, 34.56601922989329, 43.26370948610954, 50.33799663773823, 24.137174048295336, 36.26619869250944, 66.46778078725261, 51.700780989979584, 69.36304418488618, 38.04718939307763, 20.232012460823576, 61.84794475313057, 92.1961289098693, 0.0, 56.037939074771074, 51.48694447088708, 78.96389555778904, 15.805236783291297, 69.59237984319203, 48.09321309897941, 60.87274173930723, 71.24262879567348, 26.923961315793292, 34.18002510197204, 97.75745401952436, 75.59404683580514, 5.3248469579533495, 77.08563710060783, 61.253618779422695, 87.49745403092733, 19.153881399644575, 76.12291356934516, 26.867623132698498, 26.085584714503103, 48.649154366149716, 63.53935419738056, 81.99525903411708, 31.222010699023272, 66.83402086424894, 23.08813938752726, 31.222290847527347, 76.10371444183322, 13.819321409417613, 67.140106381849, 26.118554551070044, 3.46253221441724, 75.55759617442568, 56.03080033830503, 44.411720571138346, 50.7056794335709, 77.28853916413603, 82.56700728376966, 82.9864273523522, 5.343615852024284, 46.06938566288279, 79.94091708680581, 40.72923718854497, 68.62192269439721, 72.9591650814058, 47.69353593268099, 40.223780975759425, 28.511143736682737, 73.35287376019623, 81.28312712601891, 99.3095996776336, 64.08415569338538, 85.40696278803871, 79.56605340708069, 73.26542173087631, 77.4092468469825, 70.15570026337133, 56.23586112060524, 66.43205474295517, 60.499608354068855, 87.87345179639571, 51.03730019486347, 62.684988889342044, 79.15435026881885, 53.95832645663027, 30.569814041120473, 73.54478446010788, 15.760292135548909, 38.433737192168394], [82.0793104789704, 113.54055814903919, 85.3824258738443, 91.24206359504257, 15.086331644732647, 53.73967988459194, 99.14581416399643, 55.035295029789275, 56.615827050452616, 25.14928708398