instance_id,num_cities,city_coordinates,distance_matrix,best_route,total_distance
1147,40,"[[88.15170609067212, 65.45706058711245], [26.17511041202598, 24.80188352846129], [95.57377579129736, 67.85164962620264], [40.62613605847053, 41.679803691854254], [90.52485893258722, 15.710500819923567], [61.367626341062035, 5.5958912533599525], [61.856625177256575, 44.99397336326605], [50.0410951419481, 28.93798392176201], [33.83591691748769, 43.011269177220925], [81.8388742689101, 89.18325907761687], [17.401783762746447, 3.1939444057412336], [66.09881774468619, 8.14440561489146], [58.961579108385756, 26.863670495436555], [90.71760066990767, 1.9831851866053074], [82.51342719272061, 42.087088417625296], [1.1956083804972595, 63.086959380795804], [10.512363076094566, 14.161868447032811], [99.09065740846503, 25.284537032328778], [74.1426805849466, 94.51456457049126], [38.60270808443771, 28.569472508320015], [4.394694711145563, 29.962465644650372], [72.77303426478299, 70.22118458309816], [14.347588208928485, 1.8227866444799679], [43.81731372151593, 54.00283735596735], [32.288313384568866, 92.52378073187913], [79.1359920919289, 94.88732023550288], [36.44180910777488, 78.80058883085172], [46.26622699757383, 74.03750666683044], [19.293883266648105, 37.013279473399365], [43.66568530457303, 8.219081977461807], [88.87455341801697, 30.89981704346413], [92.40361977959117, 54.241091005537776], [47.356058900292695, 74.20581269039455], [64.86636830511053, 42.78049378649664], [83.87659613440199, 98.56847169762142], [6.8850810519689665, 65.22186845260414], [33.08927351867151, 64.28020918044571], [38.27293719956306, 76.55066161045723], [26.361304978635967, 18.495290026134448], [90.35303332856691, 74.12341697929152]]","[[0.0, 74.12112946781542, 7.798793195557257, 53.14167622825612, 49.803133064914554, 65.58007717316032, 33.31920195583646, 52.78315666360574, 58.77089845767359, 24.551666754431665, 94.24567441544703, 61.40904090087525, 48.389185486121484, 63.52571662996693, 24.040503075719723, 86.98839180436468, 93.05409351781854, 41.635229129820964, 32.25819792493287, 61.77214062740979, 90.96759436942145, 16.099702623884795, 97.44931316591362, 45.790147156033456, 62.075163987148905, 30.780241744970304, 53.4037750723047, 42.75532029800878, 74.50133185460179, 72.49270474123631, 34.56480275646996, 11.994863220263312, 41.72320089646282, 32.50282507183789, 33.386256317043646, 81.26696537044624, 55.075007580385204, 51.09754954748637, 77.61096290994114, 8.941564445026412], [74.12112946781542, 0.0, 81.6667442567311, 22.219278369831567, 64.98879422033133, 40.092185232121096, 40.998670561838885, 24.221737212519216, 19.75524441811282, 85.10826119899505, 23.321112615527895, 43.259380227009416, 32.85123277861226, 68.4574761637133, 58.93033383362322, 45.71348329281148, 18.934930024751928, 72.91714440510343, 84.62118934617895, 12.986143023565015, 22.383433960880282, 65.07134097034637, 25.844325780878172, 34.11660947470482, 67.99725444026252, 87.84545194106187, 54.966037481736855, 53.17705850719451, 14.01675704113956, 24.102064586910977, 62.99527717547489, 72.47677138178842, 53.75296080682373, 42.66431605170193, 93.65346221410098, 44.78705632188609, 40.07921964995613, 53.1440819467315, 6.309341488636211, 80.94083920878776], [7.798793195557257, 81.6667442567311, 0.0, 60.86221021142593, 52.38502610751192, 71.03407710943817, 40.73474695724924, 59.895729277408286, 66.54778523115998, 25.370949560813457, 101.44692790857647, 66.58624587161934, 54.958778909036184, 66.047233435172, 28.885728652517567, 94.49836377925115, 100.58845130616737, 42.71214734579271, 34.20822817788199, 69.20109821946679, 98.73811366138617, 22.923536159826362, 104.67809845342666, 53.57724299809522, 67.92469216219634, 31.640610269743604, 60.13708301512732, 49.69405593602228, 82.27774351094803, 79.06005933693456, 37.55419432805604, 13.974877284080591, 48.63459273426085, 39.64224677867726, 32.86863505065105, 88.72767507146115, 62.58648585050429, 57.95738876811301, 85.008331056225, 8.160344208023846], [53.14167622825612, 22.219278369831567, 60.86221021142593, 0.0, 56.25199761894651, 41.620405524355014, 21.487610123831793, 15.842835150220756, 6.919528619876679, 62.88933188060886, 44.950327079415075, 42.112711103271735, 23.573423059256267, 63.91381969238056, 41.8892711730972, 44.86683438414168, 40.793088671639744, 60.719889867496555, 62.568927704556394, 13.265558582587046, 38.079040862620225, 42.98876001312527, 47.74038002566962, 12.729523697451707, 51.52309470701469, 65.68141920254413, 37.35587345205481, 32.845571506949575, 21.8366997839793, 33.59849337794028, 49.4380206909667, 53.27939338494592, 33.21495330163817, 24.265209211038947, 71.46273745281619, 41.142284892201914, 23.823992637519442, 34.95016848098102, 27.221445216082163, 59.37467772759272], [49.803133064914554, 64.98879422033133, 52.38502610751192, 56.25199761894651, 0.0, 30.861781203947363, 40.98035371793382, 42.58992181098346, 62.92033136983726, 73.98440738136024, 74.18657767253853, 25.571024319816512, 33.47586932510679, 13.728668685420637, 27.566418189924036, 101.11500299148544, 80.02748125120281, 12.846597717909477, 80.48885780663956, 53.49077398562274, 87.30133842145698, 57.32836927181245, 77.43284303139342, 60.39782957221147, 96.39385461842913, 79.99171845060903, 83.09834826023797, 73.21793572495811, 74.34823651358917, 47.45422541116409, 15.278705299538096, 38.57636740767571, 72.69970293647626, 37.298024887259444, 83.12426081598055, 97.19561702452229, 75.21876788452056, 80.19843196604327, 64.2239574218581, 58.4131688772279], [65.58007717316032, 40.092185232121096, 71.03407710943817, 41.620405524355014, 30.861781203947363, 0.0, 39.40111665677386, 25.945011064649222, 46.45326176889493, 86.05765539166777, 44.03140540886713, 5.373927571958839, 21.403445918252828, 29.571483531075398, 42.1752577246339, 83.2219602021005, 51.57163723435269, 42.55196641192929, 89.83168970587668, 32.34233972533589, 61.96486815989708, 65.62401898589557, 47.17118086646596, 51.490250572555354, 91.66277549371564, 91.04215568147347, 77.33190875802346, 70.08785188987395, 52.50954331224435, 17.89524646475559, 37.375388929187295, 57.70258527696748, 70.02603331435594, 37.348840154392335, 95.6585303860673, 80.7688361816788, 65.14226284766964, 74.61865787436062, 37.30733204114847, 74.40548098325492], [33.31920195583646, 40.998670561838885, 40.73474695724924, 21.487610123831793, 40.98035371793382, 39.40111665677386, 0.0, 19.93493283061084, 28.090767295829448, 48.49724992930442, 61.0202863483871, 37.092948669810596, 18.3599883937902, 51.796561719529095, 20.860331962681514, 63.30177803069392, 59.89033264457992, 42.12879106594373, 51.02191794703469, 28.469437797290915, 59.395451654036435, 27.487818634738055, 64.19392460635397, 20.16373944079336, 55.97649194766551, 52.80078203100042, 42.29420912156637, 32.963424308713876, 43.30448560960887, 41.028074898650644, 30.473163419472726, 31.915953125750008, 32.61284990960762, 3.7360467786738654, 57.92327677826397, 58.57506639572601, 34.63407878729504, 39.39562046420413, 44.295575113143975, 40.75008911530468], [52.78315666360574, 24.221737212519216, 59.895729277408286, 15.842835150220756, 42.58992181098346, 25.945011064649222, 19.93493283061084, 0.0, 21.46311159100756, 68.12189028507447, 41.57018424196508, 26.272102199680237, 9.158482974057733, 48.796918722588735, 35.03357386648927, 59.59894379823153, 42.200168806019825, 49.185437201582666, 69.86540166953489, 11.444321698521858, 45.65789564894228, 47.12795044480947, 44.82477395998158, 25.826001100586826, 66.0175341564848, 72.08209201148995, 51.6838461122935, 45.257226841029, 31.789958105522615, 21.677609378619813, 38.88298176421903, 49.34400390896486, 45.347389572556864, 20.283091571988223, 77.41605747720853, 56.38228293339994, 39.19741244754464, 49.04545461145707, 25.88015297435993, 60.55390756143039], [58.77089845767359, 19.75524441811282, 66.54778523115998, 6.919528619876679, 62.92033136983726, 46.45326176889493, 28.090767295829448, 21.46311159100756, 0.0, 66.60432843175242, 43.07551606777631, 47.503609804516366, 29.86710303526422, 70.1343683400038, 48.68628263352845, 38.32000885359817, 37.098195189029646, 67.61965830349598, 65.40049413965346, 15.208148771470844, 32.20336688352381, 47.50240629391358, 45.56628193305615, 14.847318046957042, 49.53669223056042, 68.87104968135378, 35.88406436535811, 33.423644646398785, 15.730436204673417, 36.15412337046529, 56.355468063229466, 59.63459328979603, 33.998437967507996, 31.031309521201134, 74.77079863411193, 34.92360625739821, 21.28204137825531, 33.83161234369679, 25.63012012014246, 64.51472846010721], [24.551666754431665, 85.10826119899505, 25.370949560813457, 62.88933188060886, 73.98440738136024, 86.05765539166777, 48.49724992930442, 68.12189028507447, 66.60432843175242, 0.0, 107.4537150155283, 82.55328673008026, 66.38600571591856, 87.65092508982234, 47.101001183436345, 84.76056389038214, 103.51656993489266, 66.18663536179504, 9.362383002175907, 74.4539937719904, 97.49206799635222, 21.01784299389707, 110.39441035564774, 51.80059014115834, 49.66303624301884, 6.312042914583727, 46.5692319745282, 38.662734641767784, 81.44680884710894, 89.51195634781008, 58.70656178348056, 36.504369016364045, 37.595058931038736, 49.40933702605211, 9.603880794959736, 78.69065610536246, 54.74198998473347, 45.36048270794299, 89.85849800091533, 17.299992731779643], [94.24567441544703, 23.321112615527895, 101.44692790857647, 44.950327079415075, 74.18657767253853, 44.03140540886713, 61.0202863483871, 41.57018424196508, 43.07551606777631, 107.4537150155283, 0.0, 48.94801512647366, 47.827528917273426, 73.32581364465798, 75.84327762749479, 62.046864250518986, 12.952199626828204, 84.6230840852543, 107.51272036118384, 33.06654833179365, 29.761352370384735, 86.94036063849963, 3.347862614748164, 57.2653806922663, 90.56173818029323, 110.53862514564227, 77.96721904983156, 76.49814636380017, 33.872222616049214, 26.740316598976133, 76.65489012980895, 90.72533594249616, 77.0710324070774, 61.80600033697548, 116.25489725597114, 62.91314963877002, 63.06844757061612, 76.26803396466843, 17.73144659109067, 101.74907809300605], [61.40904090087525, 43.259380227009416, 66.58624587161934, 42.112711103271735, 25.571024319816512, 5.373927571958839, 37.092948669810596, 26.272102199680237, 47.503609804516366, 82.55328673008026, 48.94801512647366, 0.0, 20.033747852548927, 25.378043854582398, 37.70338339166002, 85.03593828547451, 55.911213558280004, 37.178563573751916, 86.74392248110814, 34.25229049347563, 65.44789181326226, 62.434538944599595, 52.13590533279102, 50.98491132958328, 90.90120543875548, 87.71716566236672, 76.62789562513888, 68.8130250896114, 54.99194276757167, 22.43325673269006, 32.19538607852138, 53.073976806903836, 68.66877393615253, 34.65800824416081, 92.15509281319054, 82.24416925901141, 65.12187383636709, 73.84914005892242, 41.063496306658024, 70.29578162459676], [48.389185486121484, 32.85123277861226, 54.958778909036184, 23.573423059256267, 33.47586932510679, 21.403445918252828, 18.3599883937902, 9.158482974057733, 29.86710303526422, 66.38600571591856, 47.827528917273426, 20.033747852548927, 0.0, 40.34208044485079, 28.043573264140303, 68.18382529462146, 50.08654818831555, 40.16013679892289, 69.33332035317443, 20.430207778603446, 54.65480220619745, 45.50417916410477, 51.16105987969712, 31.07866071747102, 70.87110257809692, 70.95226467978158, 56.609041036392746, 48.85225464953493, 40.945581639514586, 24.116074478698067, 30.184043980318677, 43.219130463736406, 48.74388707220711, 16.976801793523727, 75.9100559139007, 64.67853585495915, 45.490367812256096, 53.82208645245591, 33.657208217762665, 56.735412537285484], [63.52571662996693, 68.4574761637133, 66.047233435172, 63.91381969238056, 13.728668685420637, 29.571483531075398, 51.796561719529095, 48.796918722588735, 70.1343683400038, 87.65092508982234, 73.32581364465798, 25.378043854582398, 40.34208044485079, 0.0, 40.93447833803181, 108.38753767956848, 81.12459838691238, 24.760070213658555, 94.004170899527, 58.50463830114532, 90.74405891360176, 70.55800468482431, 76.37018090185744, 70.04056772801673, 107.7570464255842, 93.62324479763191, 94.05729664592305, 84.66256472215501, 79.55158649230299, 47.46334531333446, 28.97530709272646, 52.28509712163337, 84.23972476325619, 48.298101451025, 96.8272529480718, 105.00963006652961, 84.86426390854415, 91.16332193782436, 66.44081878885899, 72.14115297421345], [24.040503075719723, 58.93033383362322, 28.885728652517567, 41.8892711730972, 27.566418189924036, 42.1752577246339, 20.860331962681514, 35.03357386648927, 48.68628263352845, 47.101001183436345, 75.84327762749479, 37.70338339166002, 28.043573264140303, 40.93447833803181, 0.0, 83.98560731963184, 77.22675148115758, 23.603607662417197, 53.09152149384013, 45.944283566925115, 79.05405012973611, 29.772514529993806, 79.16941076983703, 40.48918708171292, 71.17880294472862, 52.90814254802065, 58.91073845706804, 48.31861699475876, 63.422821377033664, 51.538227657139046, 12.869303308776237, 15.669578434417836, 47.61988024092031, 17.660676611850345, 56.497830814867484, 79.08770313552039, 54.178238948762, 56.079932525390554, 60.90676301109958, 32.98159747611128], [86.98839180436468, 45.71348329281148, 94.49836377925115, 44.86683438414168, 101.11500299148544, 83.2219602021005, 63.30177803069392, 59.59894379823153, 38.32000885359817, 84.76056389038214, 62.046864250518986, 85.03593828547451, 68.18382529462146, 108.38753767956848, 83.98560731963184, 0.0, 49.804281351455245, 104.94028663768788, 79.42902310340043, 50.89939104009084, 33.27861533518002, 71.9320864806352, 62.65998272001522, 43.57902063078738, 42.816851305599464, 84.17818223016451, 38.59032023968199, 46.38184071799706, 31.739318483043192, 69.38437435535614, 93.4002651748701, 91.63596854232313, 47.480691771612356, 66.83051858477677, 89.97268169978258, 6.076836020851059, 31.91597908619374, 39.44616065076698, 51.20282473755735, 89.83790858927019], [93.05409351781854, 18.934930024751928, 100.58845130616737, 40.793088671639744, 80.02748125120281, 51.57163723435269, 59.89033264457992, 42.200168806019825, 37.098195189029646, 103.51656993489266, 12.952199626828204, 55.911213558280004, 50.08654818831555, 81.12459838691238, 77.22675148115758, 49.804281351455245, 0.0, 89.27389306673247, 102.4957222550589, 31.56970917627478, 16.94357512524608, 83.77969982346139, 12.92137343898131, 51.928051581940196, 81.33130583468514, 105.95188070891174, 69.64553355648407, 69.73830251406861, 24.48064710650122, 33.68173816489049, 80.12984336937427, 91.17303332330317, 70.44666892256842, 61.42787315833502, 111.83373983076808, 51.18867819597893, 54.96876352077255, 68.28624303659663, 16.43068781312445, 99.8494863719911], [41.635229129820964, 72.91714440510343, 42.71214734579271, 60.719889867496555, 12.846597717909477, 42.55196641192929, 42.12879106594373, 49.185437201582666, 67.61965830349598, 66.18663536179504, 84.6230840852543, 37.178563573751916, 40.16013679892289, 24.760070213658555, 23.603607662417197, 104.94028663768788, 89.27389306673247, 0.0, 73.58803068788802, 60.57708159450671, 94.81143584649533, 52.076094141505436, 87.93089052556653, 62.28870921615165, 94.78221911505605, 72.40674069120242, 82.3944536574221, 71.8837429215934, 80.65412923520476, 57.99273479451449, 11.657621985083624, 29.718655592966194, 71.2022464169091, 38.43709754096558, 74.84652791197348, 100.48312670397225, 76.66058388540566, 79.5425082623654, 73.0455514030348, 49.61433531788424], [32.25819792493287, 84.62118934617895, 34.20822817788199, 62.568927704556394, 80.48885780663956, 89.83168970587668, 51.02191794703469, 69.86540166953489, 65.40049413965346, 9.362383002175907, 107.51272036118384, 86.74392248110814, 69.33332035317443, 94.004170899527, 53.09152149384013, 79.42902310340043, 102.4957222550589, 73.58803068788802, 0.0, 74.91224741272397, 95.03554602980664, 24.3319592769306, 110.30511668704011, 50.60462347756039, 41.90168581377288, 5.007205467280133, 40.84464155411577, 34.58911049736357, 79.46564260786438, 91.51916497260976, 65.29827088137297, 44.22006980159024, 33.615004152968694, 52.55914810379258, 10.544348008261398, 73.35970788377821, 50.985277067020654, 40.11658385369804, 89.78858478159478, 26.049461341046754], [61.77214062740979, 12.986143023565015, 69.20109821946679, 13.265558582587046, 53.49077398562274, 32.34233972533589, 28.469437797290915, 11.444321698521858, 15.208148771470844, 74.4539937719904, 33.06654833179365, 34.25229049347563, 20.430207778603446, 58.50463830114532, 45.944283566925115, 50.89939104009084, 31.56970917627478, 60.57708159450671, 74.91224741272397, 0.0, 34.23636383766824, 53.87463512666615, 36.10673129589915, 25.96243747077287, 64.26527149852969, 77.72389619414196, 50.27757483605443, 46.109344523333505, 21.074358635735756, 20.97074469564809, 50.325827751720006, 59.6118284864371, 46.46823318913104, 29.861898364902064, 83.36416992128284, 48.47067147283362, 36.13384389152209, 47.98232233324646, 15.853740968084065, 68.94387586825614], [90.96759436942145, 22.383433960880282, 98.73811366138617, 38.079040862620225, 87.30133842145698, 61.96486815989708, 59.395451654036435, 45.65789564894228, 32.20336688352381, 97.49206799635222, 29.761352370384735, 65.44789181326226, 54.65480220619745, 90.74405891360176, 79.05405012973611, 33.27861533518002, 16.94357512524608, 94.81143584649533, 95.03554602980664, 34.23636383766824, 0.0, 79.34961733163854, 29.84797519448917, 46.17447738367057, 68.49797156224311, 99.00251652259165, 58.413866654256196, 60.7933751088082, 16.483318696794527, 44.8885891456574, 84.48505876649324, 91.29634462078752, 61.66970545415872, 61.8152501628862, 104.99598430605121, 35.34724190796359, 44.73350393530491, 57.60377867338599, 24.779590055319737, 96.6386340996592], [16.099702623884795, 65.07134097034637, 22.923536159826362, 42.98876001312527, 57.32836927181245, 65.62401898589557, 27.487818634738055, 47.12795044480947, 47.50240629391358, 21.01784299389707, 86.94036063849963, 62.434538944599595, 45.50417916410477, 70.55800468482431, 29.772514529993806, 71.9320864806352, 83.77969982346139, 52.076094141505436, 24.3319592769306, 53.87463512666615, 79.34961733163854, 0.0, 89.95484193413458, 33.18837957718876, 46.221406509586714, 25.47362322742622, 37.33047144968291, 26.78012594719739, 62.95065173019316, 68.49451431327398, 42.49033848098819, 25.312512289414958, 25.727415296383022, 28.55708104818374, 30.444338931001163, 66.07734513694227, 40.12600223906613, 35.07590308102506, 69.49544433305485, 18.00788118454096], [97.44931316591362, 25.844325780878172, 104.67809845342666, 47.74038002566962, 77.43284303139342, 47.17118086646596, 64.19392460635397, 44.82477395998158, 45.56628193305615, 110.39441035564774, 3.347862614748164, 52.13590533279102, 51.16105987969712, 76.37018090185744, 79.16941076983703, 62.65998272001522, 12.92137343898131, 87.93089052556653, 110.30511668704011, 36.10673129589915, 29.84797519448917, 89.95484193413458, 0.0, 59.926808809085124, 92.45831465190285, 113.39552323712527, 80.08580789734971, 78.95419741867104, 35.536412598069724, 30.007722527648884, 79.99838898440477, 94.02352203916199, 79.55414255050582, 65.03599708421177, 119.13861892561201, 63.836765168520984, 65.20874479765423, 78.46449911427709, 20.549981986221567, 104.90094772996783], [45.790147156033456, 34.11660947470482, 53.57724299809522, 12.729523697451707, 60.39782957221147, 51.490250572555354, 20.16373944079336, 25.826001100586826, 14.847318046957042, 51.80059014115834, 57.2653806922663, 50.98491132958328, 31.07866071747102, 70.04056772801673, 40.48918708171292, 43.57902063078738, 51.928051581940196, 62.28870921615165, 50.60462347756039, 25.96243747077287, 46.17447738367057, 33.18837957718876, 59.926808809085124, 0.0, 40.20921445812548, 54.0273077448776, 25.87134605151896, 20.183784348562877, 29.833600492060402, 45.784006462253394, 50.635011569346815, 48.58689021917838, 20.51055654544239, 23.85379831503539, 59.92363366576979, 38.59865889775, 14.856487411647064, 23.219485128411957, 39.56637661717112, 50.69922014907721], [62.075163987148905, 67.99725444026252, 67.92469216219634, 51.52309470701469, 96.39385461842913, 91.66277549371564, 55.97649194766551, 66.0175341564848, 49.53669223056042, 49.66303624301884, 90.56173818029323, 90.90120543875548, 70.87110257809692, 107.7570464255842, 71.17880294472862, 42.816851305599464, 81.33130583468514, 94.78221911505605, 41.90168581377288, 64.26527149852969, 68.49797156224311, 46.221406509586714, 92.45831465190285, 40.20921445812548, 0.0, 46.90726296910985, 14.337974845671713, 23.175944377321958, 57.0111477174176, 85.06895334891074, 83.66310693366638, 71.27001049284847, 23.71887240354115, 59.46195639681298, 51.94120913059357, 37.2923400586404, 28.254926492867767, 17.05743992145743, 74.26538133487584, 60.910467806465455], [30.780241744970304, 87.84545194106187, 31.640610269743604, 65.68141920254413, 79.99171845060903, 91.04215568147347, 52.80078203100042, 72.08209201148995, 68.87104968135378, 6.312042914583727, 110.53862514564227, 87.71716566236672, 70.95226467978158, 93.62324479763191, 52.90814254802065, 84.17818223016451, 105.95188070891174, 72.40674069120242, 5.007205467280133, 77.72389619414196, 99.00251652259165, 25.47362322742622, 113.39552323712527, 54.0273077448776, 46.90726296910985, 0.0, 45.62429383530025, 38.92475026517807, 83.24952001537528, 93.64574836233473, 64.72433963705731, 42.75682278974073, 37.91686838338885, 54.02539704254092, 6.002016559004955, 78.10398949853774, 55.291007754438425, 44.78864035297304, 92.848855024793, 23.600035858823233], [53.4037750723047, 54.966037481736855, 60.13708301512732, 37.35587345205481, 83.09834826023797, 77.33190875802346, 42.29420912156637, 51.6838461122935, 35.88406436535811, 46.5692319745282, 77.96721904983156, 76.62789562513888, 56.609041036392746, 94.05729664592305, 58.91073845706804, 38.59032023968199, 69.64553355648407, 82.3944536574221, 40.84464155411577, 50.27757483605443, 58.413866654256196, 37.33047144968291, 80.08580789734971, 25.87134605151896, 14.337974845671713, 45.62429383530025, 0.0, 10.918156372511769, 45.16891169807182, 70.95021844224156, 71.01884689102332, 61.11377248296665, 11.84199376432827, 45.8846686003856, 51.38898922235967, 32.526632479792625, 14.902379678028932, 2.9008968588365787, 61.142011967417474, 54.113732393113864], [42.75532029800878, 53.17705850719451, 49.69405593602228, 32.845571506949575, 73.21793572495811, 70.08785188987395, 32.963424308713876, 45.257226841029, 33.423644646398785, 38.662734641767784, 76.49814636380017, 68.8130250896114, 48.85225464953493, 84.66256472215501, 48.31861699475876, 46.38184071799706, 69.73830251406861, 71.8837429215934, 34.58911049736357, 46.109344523333505, 60.7933751088082, 26.78012594719739, 78.95419741867104, 20.183784348562877, 23.175944377321958, 38.92475026517807, 10.918156372511769, 0.0, 45.80721259376092, 65.86977945679737, 60.63274483637467, 50.20514999237447, 1.1027513290637114, 36.37260110112673, 44.90331960947171, 40.35579429416744, 16.39624826669094, 8.379058990463001, 59.00121820727097, 44.0868900360218], [74.50133185460179, 14.01675704113956, 82.27774351094803, 21.8366997839793, 74.34823651358917, 52.50954331224435, 43.30448560960887, 31.789958105522615, 15.730436204673417, 81.44680884710894, 33.872222616049214, 54.99194276757167, 40.945581639514586, 79.55158649230299, 63.422821377033664, 31.739318483043192, 24.48064710650122, 80.65412923520476, 79.46564260786438, 21.074358635735756, 16.483318696794527, 62.95065173019316, 35.536412598069724, 29.833600492060402, 57.0111477174176, 83.24952001537528, 45.16891169807182, 45.80721259376092, 0.0, 37.72387233584138, 69.84872283439279, 75.11212327699731, 46.591525285085986, 45.935957087167296, 89.21865551060311, 30.817249465205993, 30.55811263567547, 43.856687910058106, 19.820806815669542, 80.16586002300804], [72.49270474123631, 24.102064586910977, 79.06005933693456, 33.59849337794028, 47.45422541116409, 17.89524646475559, 41.028074898650644, 21.677609378619813, 36.15412337046529, 89.51195634781008, 26.740316598976133, 22.43325673269006, 24.116074478698067, 47.46334531333446, 51.538227657139046, 69.38437435535614, 33.68173816489049, 57.99273479451449, 91.51916497260976, 20.97074469564809, 44.8885891456574, 68.49451431327398, 30.007722527648884, 45.784006462253394, 85.06895334891074, 93.64574836233473, 70.95021844224156, 65.86977945679737, 37.72387233584138, 0.0, 50.57922003385338, 67.03291409353668, 66.0898440568374, 40.54577839828669, 98.89352644420026, 67.83900437887739, 57.05006984688186, 68.54404793462727, 20.125656022209117, 80.76564763280811], [34.56480275646996, 62.99527717547489, 37.55419432805604, 49.4380206909667, 15.278705299538096, 37.375388929187295, 30.473163419472726, 38.88298176421903, 56.355468063229466, 58.70656178348056, 76.65489012980895, 32.19538607852138, 30.184043980318677, 28.97530709272646, 12.869303308776237, 93.4002651748701, 80.12984336937427, 11.657621985083624, 65.29827088137297, 50.325827751720006, 84.48505876649324, 42.49033848098819, 79.99838898440477, 50.635011569346815, 83.66310693366638, 64.72433963705731, 71.01884689102332, 60.63274483637467, 69.84872283439279, 50.57922003385338, 0.0, 23.606553741640724, 59.99328834119912, 26.787001181319575, 67.85297635117006, 88.88350123501324, 65.00959954242894, 68.15073861374843, 63.732083921424014, 43.24887853179962], [11.994863220263312, 72.47677138178842, 13.974877284080591, 53.27939338494592, 38.57636740767571, 57.70258527696748, 31.915953125750008, 49.34400390896486, 59.63459328979603, 36.504369016364045, 90.72533594249616, 53.073976806903836, 43.219130463736406, 52.28509712163337, 15.669578434417836, 91.63596854232313, 91.17303332330317, 29.718655592966194, 44.22006980159024, 59.6118284864371, 91.29634462078752, 25.312512289414958, 94.02352203916199, 48.58689021917838, 71.27001049284847, 42.75682278974073, 61.11377248296665, 50.20514999237447, 75.11212327699731, 67.03291409353668, 23.606553741640724, 0.0, 49.273449779043204, 29.82692587890813, 45.14007987660772, 86.22063522991361, 60.15792188972322, 58.54782435885764, 75.09560327960338, 19.987791046529555], [41.72320089646282, 53.75296080682373, 48.63459273426085, 33.21495330163817, 72.69970293647626, 70.02603331435594, 32.61284990960762, 45.347389572556864, 33.998437967507996, 37.595058931038736, 77.0710324070774, 68.66877393615253, 48.74388707220711, 84.23972476325619, 47.61988024092031, 47.480691771612356, 70.44666892256842, 71.2022464169091, 33.615004152968694, 46.46823318913104, 61.66970545415872, 25.727415296383022, 79.55414255050582, 20.51055654544239, 23.71887240354115, 37.91686838338885, 11.84199376432827, 1.1027513290637114, 46.591525285085986, 66.0898440568374, 59.99328834119912, 49.273449779043204, 0.0, 35.97445765628907, 43.90089741418023, 41.45613708568657, 17.379838036125328, 9.380907007757017, 59.53521670201562, 42.997053376235854], [32.50282507183789, 42.66431605170193, 39.64224677867726, 24.265209211038947, 37.298024887259444, 37.348840154392335, 3.7360467786738654, 20.283091571988223, 31.031309521201134, 49.40933702605211, 61.80600033697548, 34.65800824416081, 16.976801793523727, 48.298101451025, 17.660676611850345, 66.83051858477677, 61.42787315833502, 38.43709754096558, 52.55914810379258, 29.861898364902064, 61.8152501628862, 28.55708104818374, 65.03599708421177, 23.85379831503539, 59.46195639681298, 54.02539704254092, 45.8846686003856, 36.37260110112673, 45.935957087167296, 40.54577839828669, 26.787001181319575, 29.82692587890813, 35.97445765628907, 0.0, 58.93799488898239, 62.17270275961893, 38.366932573338985, 42.984122799284414, 45.523741316571574, 40.39738764186756], [33.386256317043646, 93.65346221410098, 32.86863505065105, 71.46273745281619, 83.12426081598055, 95.6585303860673, 57.92327677826397, 77.41605747720853, 74.77079863411193, 9.603880794959736, 116.25489725597114, 92.15509281319054, 75.9100559139007, 96.8272529480718, 56.497830814867484, 89.97268169978258, 111.83373983076808, 74.84652791197348, 10.544348008261398, 83.36416992128284, 104.99598430605121, 30.444338931001163, 119.13861892561201, 59.92363366576979, 51.94120913059357, 6.002016559004955, 51.38898922235967, 44.90331960947171, 89.21865551060311, 98.89352644420026, 67.85297635117006, 45.14007987660772, 43.90089741418023, 58.93799488898239, 0.0, 83.90285658229467, 61.278357394116284, 50.64067208558299, 98.58865624263012, 25.288434884589154], [81.26696537044624, 44.78705632188609, 88.72767507146115, 41.142284892201914, 97.19561702452229, 80.7688361816788, 58.57506639572601, 56.38228293339994, 34.92360625739821, 78.69065610536246, 62.91314963877002, 82.24416925901141, 64.67853585495915, 105.00963006652961, 79.08770313552039, 6.076836020851059, 51.18867819597893, 100.48312670397225, 73.35970788377821, 48.47067147283362, 35.34724190796359, 66.07734513694227, 63.836765168520984, 38.59865889775, 37.2923400586404, 78.10398949853774, 32.526632479792625, 40.35579429416744, 30.817249465205993, 67.83900437887739, 88.88350123501324, 86.22063522991361, 41.45613708568657, 62.17270275961893, 83.90285658229467, 0.0, 26.22110647964407, 33.36973281216796, 50.62308198723877, 83.94126889332446], [55.075007580385204, 40.07921964995613, 62.58648585050429, 23.823992637519442, 75.21876788452056, 65.14226284766964, 34.63407878729504, 39.19741244754464, 21.28204137825531, 54.74198998473347, 63.06844757061612, 65.12187383636709, 45.490367812256096, 84.86426390854415, 54.178238948762, 31.91597908619374, 54.96876352077255, 76.66058388540566, 50.985277067020654, 36.13384389152209, 44.73350393530491, 40.12600223906613, 65.20874479765423, 14.856487411647064, 28.254926492867767, 55.291007754438425, 14.902379678028932, 16.39624826669094, 30.55811263567547, 57.05006984688186, 65.00959954242894, 60.15792188972322, 17.379838036125328, 38.366932573338985, 61.278357394116284, 26.22110647964407, 0.0, 13.320449391584717, 46.27660729399386, 58.103587904161735], [51.09754954748637, 53.1440819467315, 57.95738876811301, 34.95016848098102, 80.19843196604327, 74.61865787436062, 39.39562046420413, 49.04545461145707, 33.83161234369679, 45.36048270794299, 76.26803396466843, 73.84914005892242, 53.82208645245591, 91.16332193782436, 56.079932525390554, 39.44616065076698, 68.28624303659663, 79.5425082623654, 40.11658385369804, 47.98232233324646, 57.60377867338599, 35.07590308102506, 78.46449911427709, 23.219485128411957, 17.05743992145743, 44.78864035297304, 2.9008968588365787, 8.379058990463001, 43.856687910058106, 68.54404793462727, 68.15073861374843, 58.54782435885764, 9.380907007757017, 42.984122799284414, 50.64067208558299, 33.36973281216796, 13.320449391584717, 0.0, 59.26477159291531, 52.13662752140576], [77.61096290994114, 6.309341488636211, 85.008331056225, 27.221445216082163, 64.2239574218581, 37.30733204114847, 44.295575113143975, 25.88015297435993, 25.63012012014246, 89.85849800091533, 17.73144659109067, 41.063496306658024, 33.657208217762665, 66.44081878885899, 60.90676301109958, 51.20282473755735, 16.43068781312445, 73.0455514030348, 89.78858478159478, 15.853740968084065, 24.779590055319737, 69.49544433305485, 20.549981986221567, 39.56637661717112, 74.26538133487584, 92.848855024793, 61.142011967417474, 59.00121820727097, 19.820806815669542, 20.125656022209117, 63.732083921424014, 75.09560327960338, 59.53521670201562, 45.523741316571574, 98.58865624263012, 50.62308198723877, 46.27660729399386, 59.26477159291531, 0.0, 84.7905053972903], [8.941564445026412, 80.94083920878776, 8.160344208023846, 59.37467772759272, 58.4131688772279, 74.40548098325492, 40.75008911530468, 60.55390756143039, 64.51472846010721, 17.299992731779643, 101.74907809300605, 70.29578162459676, 56.735412537285484, 72.14115297421345, 32.98159747611128, 89.83790858927019, 99.8494863719911, 49.61433531788424, 26.049461341046754, 68.94387586825614, 96.6386340996592, 18.00788118454096, 104.90094772996783, 50.69922014907721, 60.910467806465455, 23.600035858823233, 54.113732393113864, 44.0868900360218, 80.16586002300804, 80.76564763280811, 43.24887853179962, 19.987791046529555, 42.997053376235854, 40.39738764186756, 25.288434884589154, 83.94126889332446, 58.103587904161735, 52.13662752140576, 84.7905053972903, 0.0]]",Route_2,2115.5017335349894
