instance_id,num_cities,city_coordinates,distance_matrix,best_route,total_distance
2565,84,"[[17.145998443856193, 20.9077959408434], [69.06185572599803, 86.29427803647953], [58.94113732431096, 93.47895289177741], [88.43840487400125, 4.492406117780467], [60.93217802683846, 84.57754121926435], [43.12202581186108, 74.42578448518424], [70.2791340403403, 25.740445328223803], [17.16893686641968, 81.72693440734379], [99.63699469280986, 95.2091730250304], [48.532795331649204, 99.90172357843157], [64.33863219278302, 7.581744229816534], [97.37302592821118, 48.85212189952929], [27.395138727984236, 71.87982913648597], [80.51600670206986, 93.41574582884701], [94.7173244472579, 34.41412000695843], [39.236743723940535, 64.67259578644014], [64.97356596787043, 71.76087375124888], [77.08153658450324, 27.053825861285862], [28.17033411570491, 36.70362572793267], [77.42386513599877, 86.94457243387515], [1.3482790715810045, 98.62717176043556], [78.92776980233624, 36.10532961248531], [8.926928731051975, 49.618711809869176], [70.69120454253846, 41.92986144726283], [99.82817455343613, 81.5459184353598], [73.09738931487735, 16.577046164297983], [73.09777335081907, 7.767955142452987], [30.680148448222045, 8.202913187326876], [54.013247955843845, 24.718398605234437], [20.151250970399794, 57.84549825967805], [8.238738193570816, 86.75330592751575], [18.710452521510177, 21.429235329434583], [41.83261906726612, 90.13314500040757], [75.63155233032327, 35.224501230498085], [68.350529348769, 64.70030493276707], [18.833122928187706, 40.750031116494014], [65.88746717364273, 81.74396791176429], [55.00971873161446, 57.4094672947282], [36.830233579281625, 53.09341311686414], [17.807341876562887, 67.82794458614305], [27.972024344234615, 2.5080007133373328], [88.26754164841618, 0.0751726947962994], [34.453289678599305, 3.930852910127125], [87.40056699184979, 29.56200354420081], [40.005704102595615, 39.73796158034498], [18.086669223451036, 96.40106229372752], [63.428764657864974, 0.9758086916908826], [33.3400774823384, 0.08319906637176411], [77.46459277353644, 99.8339247581574], [42.665672684781555, 92.97318128943866], [90.41877209545135, 73.96818714925982], [45.62594683061082, 24.264050584318085], [96.22662241787727, 41.38289788208978], [55.1983228531004, 36.611541306191796], [77.0061430048142, 55.353918498520486], [39.79323557120343, 33.32830654398771], [15.974702396843476, 38.26700653050001], [72.60763371404474, 99.33028568406796], [96.44990233925718, 89.8825283421568], [48.25795666339548, 8.593803411757916], [56.61353330188565, 47.005418687629565], [13.82377274732094, 48.557397735648756], [65.64973665182127, 13.641826644463784], [83.50695185511142, 41.4554462555517], [24.317410231683688, 31.193943515726218], [92.12895699341723, 7.1735518418257875], [8.442058450542012, 74.39331024666593], [60.52764585882089, 37.79313842988961], [60.95817090869704, 63.79165566497247], [48.97752833663178, 79.28900251400052], [0.2725858524785796, 73.14971634671397], [59.14742605248371, 61.2033180074735], [32.86563147070919, 95.71902672332777], [10.781863898580768, 53.34077629789735], [60.31117348933163, 88.1541481206166], [72.10126416734926, 2.702739334716575], [50.79961647540947, 12.06210091586798], [44.605400719986, 10.124562733870723], [71.38182864694986, 62.0884753100894], [3.7613391581840627, 54.185266269883414], [83.61189586013626, 36.805956716680264], [41.682957651924625, 99.17828308099877], [68.11517590686056, 95.94458750761778], [1.0583486411309129, 52.14926113851905]]","[[0.0, 83.4904083004908, 83.74608322323856, 73.15785834511632, 77.2726729594116, 59.48889892791374, 53.35245634847298, 60.81914279220464, 111.02008421340454, 85.00100953805249, 49.03802947065991, 84.95446599361763, 51.99224023507185, 96.29725200444356, 78.73837315886672, 49.02406279119177, 69.81054174016482, 60.249833327503325, 19.262508031621756, 89.41072118345954, 79.30869634001158, 63.62352003695013, 29.86418920684457, 57.5240500513181, 102.53450222181588, 56.11874494345751, 57.47396394408938, 18.56306176581002, 37.06365847086628, 37.05975438859707, 66.44524415314676, 1.6490650675648082, 73.49542972336899, 60.21235806508221, 67.37720555944634, 19.913831519611122, 77.95364387898887, 52.59309199559018, 37.72774928176975, 46.92480925942053, 21.348426199835423, 74.10986505931471, 24.243739904404222, 70.78558971363266, 29.616571050938173, 75.4991266581481, 50.39224706362052, 26.380144633584983, 99.33612954004086, 76.45046460816623, 90.46714582536629, 28.677027484452655, 81.68827876522401, 41.16536179175477, 69.0635378916929, 25.82956509787022, 17.39868175252924, 96.05248505046386, 105.1029156726101, 33.460250391482894, 47.31566570178783, 27.848476852244946, 49.04494805749867, 69.46928869008461, 12.539297387128947, 76.23039770207544, 54.189102335853114, 46.55192931994014, 61.306866507168166, 66.49519964818745, 54.899274131560034, 58.20523189357681, 76.44492863289929, 33.05148140933195, 79.90809857700671, 57.89218700975127, 34.79672868372202, 29.500794764858135, 68.09826452363856, 35.868358419276284, 68.34081529661336, 82.02640748158876, 90.71040260020223, 35.140313371862604], [83.4904083004908, 0.0, 12.411627360769296, 84.06543229109234, 8.308961715629371, 28.526056775367536, 60.56606658974965, 52.093527962630716, 31.848304122774653, 24.629350272632287, 78.85411732312892, 46.940786256755885, 44.089586553778176, 13.487508224293125, 57.87705825692617, 36.83794849414042, 15.097481686174405, 59.7808201264727, 64.27557340072707, 8.387257249913407, 68.82752887428114, 51.14945556375004, 70.43654309184952, 44.3943266292837, 31.13058452861298, 69.8339312316477, 78.62996895796957, 87.01388807288384, 63.38808660585344, 56.582509031919905, 60.82484963374923, 82.11417398992499, 27.498513206789337, 51.49061095467447, 21.605685816904742, 67.80268450424686, 5.548158695676464, 32.12156356243755, 46.272831095787154, 54.47963528733424, 93.31942193698073, 88.3322845717852, 89.33916634042103, 59.62264083349157, 54.87941826519205, 51.96745834646914, 85.50422753478051, 93.31878470104158, 15.935119178654322, 27.228041204019657, 24.658677851251955, 66.30981031129384, 52.48768061932576, 51.58073160327405, 31.94397515505128, 60.5148433188842, 71.58816003294285, 13.509627564389062, 27.622104147697527, 80.43734190731293, 41.21377439774685, 66.89781719905699, 72.73253226614325, 47.10819077037103, 70.97966093813484, 82.41468603623227, 61.776960560160006, 49.24625144307888, 23.9173100747723, 21.270968286119253, 70.03387146051503, 26.978735903081883, 37.40310866959333, 66.95140569277513, 8.946147569595356, 83.64677726130094, 76.44557215765724, 79.99964825386152, 24.31672593057843, 72.76775453901786, 51.58291979867688, 30.258910187541417, 9.696632176622092, 76.09440948455791], [83.74608322323856, 12.411627360769296, 0.0, 93.74803624427959, 9.12136902239313, 24.764238639080435, 68.68082393558119, 43.39385520500249, 40.732621676817224, 12.230517827530852, 86.06662190867972, 58.89451677425729, 38.23182148990344, 21.574961965207795, 69.05497845027328, 34.90085008762013, 22.54030072767214, 68.85761821567839, 64.57770594148081, 19.60380971468436, 57.82249976642875, 60.75523126452391, 66.5217393712246, 52.87128623731213, 42.59280602066407, 78.19400698737954, 86.87223652451756, 89.83699928164033, 68.93691260435496, 52.672558057941586, 51.14653072008658, 82.5207234609324, 17.432608163943488, 60.59827630741035, 30.277834080703077, 66.24946800075897, 13.636765410347545, 36.283106859621874, 46.04219681263106, 48.476420608713504, 96.09786729696327, 97.89945937372104, 92.83596766686509, 69.9665316483693, 56.97933641619124, 40.95883649667243, 92.61193490035106, 96.84100937953937, 19.58325992274836, 16.283321348739154, 37.03392324132976, 70.48401946054624, 64.06407999991067, 56.99044797692242, 42.18841876301644, 63.124816020353876, 69.96051423036333, 14.866446078896635, 37.68078717977595, 85.55477164529756, 46.53178614570163, 63.667281267682085, 80.11848745680716, 57.53194318194987, 71.26166480485504, 92.46650001369204, 53.985356554125254, 55.7084099720488, 29.755739633106113, 17.33863304251901, 62.09087525802956, 32.276294121603655, 26.171548221150708, 62.69281328171311, 5.498231074122068, 91.7251867606819, 81.82290722896764, 84.57817509609151, 33.76585380812457, 67.74071105320724, 61.8099896634482, 18.174903856970985, 9.499596726858407, 71.12355900938189], [73.15785834511632, 84.06543229109234, 93.74803624427959, 0.0, 84.6771597279367, 83.3321763857277, 27.950640198370895, 105.09286098586836, 91.40536205296844, 103.41854539324156, 24.296976216329284, 45.25054516378633, 90.92494224840304, 89.27555509860673, 30.57341644424533, 77.7332534278686, 71.2435639384054, 25.2585850393018, 68.33595701898429, 83.1846128551247, 128.24213081074012, 33.01255990298914, 91.42460447738688, 41.43098093398297, 77.8907607731875, 19.52908813639737, 15.686433531656709, 57.877318943254615, 39.92721128431468, 86.65845503674736, 114.88621402570219, 71.75544246268714, 97.50095090318653, 33.29380035521078, 63.47057446433654, 78.48254994139484, 80.47576399621909, 62.591472428846345, 70.89048755446744, 94.86905445520969, 60.49893419870903, 4.420536772269377, 53.98803575483964, 25.09107057485611, 59.89971355421683, 115.74354318541207, 25.255663942921018, 55.27446777836089, 95.97098378504646, 99.61922799863264, 69.50399991558659, 47.15744361845999, 37.70364326060959, 46.22274221644209, 52.13050981049234, 56.549638813064064, 79.94818202896747, 96.15007392690119, 85.76512732532805, 40.38922972982052, 53.10535461086574, 86.65487184043742, 24.556776973265233, 37.29055597740539, 69.4584339971325, 4.561657301868731, 106.23347795839943, 43.45053787154103, 65.357205078308, 84.56767473187705, 111.74541552836925, 63.82859051932069, 106.820547886828, 91.74258349055194, 88.26340249682117, 16.434873703906213, 38.392429871657775, 44.193364222630606, 60.06857730123507, 98.18139237318486, 32.67201771498934, 105.60060199274484, 93.6831634639359, 99.53115119261545], [77.2726729594116, 8.308961715629371, 9.12136902239313, 84.6771597279367, 0.0, 20.500236259824042, 59.57490612338251, 43.85598289927088, 40.138440776889105, 19.71231229964589, 77.0711144594714, 51.031764434927, 35.86035271814862, 21.485814071188084, 60.479789569511595, 29.443143892510342, 13.4387418114794, 59.74763267619689, 58.01077659304903, 16.66068967592237, 61.217915131550676, 51.70489939457118, 62.6631128176066, 43.75000786822012, 39.01396266083448, 69.08009621738474, 77.767051010553, 82.1478490323532, 60.257684554039116, 48.76152307276443, 52.73834045102168, 75.96303470374782, 19.89115094264866, 51.49557418892143, 21.21641955478899, 60.77154829365192, 5.708242130237038, 27.806110207518163, 39.65039783560137, 46.26338163559148, 88.44083451457736, 88.81369483682617, 84.88238841708947, 61.05149465884901, 49.48237275128395, 44.446971496598316, 83.63900182581183, 88.88541988598513, 22.4961769205935, 20.10353176930138, 31.337160425760953, 62.2253795971075, 55.78059714540397, 48.30749675582744, 33.35254825403252, 55.43770326180754, 64.5433206318116, 18.813817654790615, 35.91171993523889, 77.0335271058611, 37.819506657180774, 59.30137084890642, 71.09241142075378, 48.673765905846345, 64.73368307509085, 83.4542784369513, 53.468974308818865, 46.78615169720006, 20.785901806417424, 13.072195334091068, 61.72666606967643, 23.4422620573311, 30.197081561379854, 59.08290353321904, 3.630118946040833, 82.63311484415978, 73.21992820256612, 76.22210743986314, 24.79825162283844, 64.74716359458854, 52.88188618880323, 24.160176902394603, 13.446382408141291, 68.09162058802889], [59.48889892791374, 28.526056775367536, 24.764238639080435, 83.3321763857277, 20.500236259824042, 0.0, 55.747383581308995, 26.960519579485904, 60.21537134995364, 26.044191280957754, 70.13037932297384, 59.97652233723748, 15.931630989530783, 41.939580811580676, 65.29171567353625, 10.49857641282978, 22.013440358325024, 58.286798126003966, 40.5772639033757, 36.514876868520965, 48.27787342839116, 52.445291155279165, 42.245656807349114, 42.61507514918336, 57.15140954141093, 65.15365640128215, 73.0876983712309, 67.38151820243006, 50.88656925759304, 28.329532084678362, 36.997453155203885, 58.34860009398651, 15.760194926085267, 50.92749673083033, 27.038164568554947, 41.52116530447294, 23.912781708989648, 20.757463565680762, 22.24087942716902, 26.160365327675073, 73.49619151441256, 86.98351035543244, 71.02592740626554, 63.0344988823462, 34.827525305038975, 33.31188848251478, 76.20539735887847, 74.98337495655207, 42.7198489890617, 18.553010170618197, 47.29895986526717, 50.22418907667342, 62.54542777655826, 39.6957672482624, 38.882765721577, 41.23206928585361, 45.21542205681288, 38.5957932076349, 55.52272818928535, 66.03201888299118, 30.559732244001996, 39.0840257094555, 64.82428006905546, 52.1343020908036, 47.14451867106885, 83.21383358162385, 34.679982565715385, 40.55744526263485, 20.765663189030207, 7.611688341846355, 42.86843657898833, 20.776117843002627, 23.634631156281504, 38.60652331970779, 21.998517358780177, 77.35626323265764, 62.83450029029285, 64.318329578975, 30.83546098179774, 44.259939352340645, 55.26916878204443, 24.79429579368495, 32.98054631429667, 47.59828179186645], [53.35245634847298, 60.56606658974965, 68.68082393558119, 27.950640198370895, 59.57490612338251, 55.747383581308995, 0.0, 77.16981277195862, 75.41742577085806, 77.28388214199553, 19.10570563423735, 35.61219694947598, 62.99110883415454, 68.44515950556415, 25.931790967792438, 49.792994847236336, 46.32525104962073, 6.928033544770181, 43.5125539996164, 61.619739996157044, 100.31917890776522, 13.49924911874014, 65.83513276725077, 16.194659501643823, 63.14583615691424, 9.586993638773958, 18.192172246331786, 43.30871382894881, 16.297963971545297, 59.52763295147143, 87.01482560651652, 51.74857916159816, 70.39619297366434, 10.890165191970596, 39.00756563106795, 53.59085486244058, 56.17545086274946, 35.15795779315529, 43.20895496190815, 67.2654931347716, 48.26632380472007, 31.341490513733472, 41.942215555156224, 17.54274133398587, 33.352826288396194, 87.84632134362744, 25.694645131152598, 44.97541756489408, 74.4410808038173, 72.68248780046932, 52.263946484621535, 24.69735574991382, 30.297829542763694, 18.590631883488303, 30.367917986190523, 31.416009347149988, 55.73047668625839, 73.62666985766144, 69.27565175963244, 27.90948910457465, 25.277415522934476, 60.89188070578904, 12.954068636372659, 20.54109097118975, 46.28413008736713, 28.6730587279428, 78.68243248826643, 15.503513561681919, 39.176204024802374, 57.629908747408805, 84.54913227043821, 37.16894216132045, 79.35220241807397, 65.58737244284933, 63.20467177197905, 23.109652867211842, 23.802283722900924, 30.04989803319289, 36.3647524253644, 72.3444875190065, 17.326513787587754, 78.80899262038744, 70.237484963145, 74.08739895411026], [60.81914279220464, 52.093527962630716, 43.39385520500249, 105.09286098586836, 43.85598289927088, 26.960519579485904, 77.16981277195862, 0.0, 83.56285849467498, 36.24933901797989, 87.87769559816431, 86.68015458947762, 14.19650262314005, 64.41645418066881, 90.8419221663281, 27.889757354578943, 48.83241677951476, 81.10899088922473, 46.34791328504572, 60.480411104323906, 23.14975670827294, 76.7820569512481, 33.149187870481036, 66.69662775121479, 82.65943589077288, 85.8632618257701, 92.72521428610037, 74.75516393380279, 67.87839430890104, 24.06693145978179, 10.24757820147509, 60.31740034687322, 26.056891530635177, 74.70176502765688, 53.93942454544543, 41.01068298085071, 48.71853328494284, 44.98070674125069, 34.7339190118758, 13.913643627993991, 79.95214915603403, 108.26828618163849, 79.69303073956642, 87.48520950441686, 47.79740345317644, 14.702797757742808, 93.06296777794782, 83.2298342497839, 62.95577194216493, 27.866854977273015, 73.65959896778635, 64.12319731080652, 88.75674018295273, 59.00536325788887, 65.39133892631169, 53.42551891127411, 43.47633295286974, 58.16637417215052, 79.6993425238553, 79.46686102492205, 52.54959411671166, 33.33779065862984, 83.58211439605472, 77.60492890660889, 51.03610329860807, 105.7223319332314, 11.399142521066642, 61.72646170384548, 47.31988209596363, 31.901880873005435, 18.948755823164294, 46.726998453501366, 21.027716682496685, 29.09585319785262, 43.61836375820862, 96.24128007031646, 77.35768634310084, 76.6789356867597, 57.66026977843591, 30.63179981816095, 80.20324829161093, 30.091307475775256, 52.892919488769685, 33.68070380740525], [111.02008421340454, 31.848304122774653, 40.732621676817224, 91.40536205296844, 40.138440776889105, 60.21537134995364, 75.41742577085806, 83.56285849467498, 0.0, 51.31918961793414, 94.46978708795514, 46.41230164104558, 75.91537419727692, 19.204909863106195, 60.99378350942947, 67.68066833705758, 41.84944479681635, 71.79066817829539, 92.36007058559487, 23.700775253965816, 98.34812826803584, 62.626961459892506, 101.52244195544937, 60.634510055119485, 13.664592043718825, 82.99013211375615, 91.37995871211342, 111.01862859423956, 83.96710989799146, 87.82953744086142, 91.78857760893521, 109.51065899796761, 58.02682053986511, 64.60976794043162, 43.69935864512193, 97.44261813789491, 36.3365154701073, 58.48428432505718, 75.62027819450354, 86.28918675506249, 117.17241707426018, 95.8109726563803, 112.16348390799197, 66.77784830110646, 81.44290095886548, 81.55903496355992, 100.95029903790969, 115.94926542758047, 22.64958576801927, 57.01518385819768, 23.15502340377, 89.16503624908374, 53.93420561032836, 73.54235512909568, 45.83226768879045, 86.0843606135835, 101.20172665180439, 27.341724972445878, 6.207310307021835, 100.7076352719684, 64.61130057719652, 97.6744449603718, 88.36495744757691, 56.12166625781666, 98.84831517292345, 88.35519920869515, 93.54045402626075, 69.47044115916523, 49.83083188540999, 53.102103165439736, 101.78362035775217, 52.87535668111169, 66.77330976768611, 98.22523562181037, 39.953643009490854, 96.5176498349976, 96.42886036594889, 101.33048526276906, 43.53544562082279, 104.2837583214626, 60.56186479755137, 58.08979466285526, 31.530396350750586, 107.57279149048944], [85.00100953805249, 24.629350272632287, 12.230517827530852, 103.41854539324156, 19.71231229964589, 26.044191280957754, 77.28388214199553, 36.24933901797989, 51.31918961793414, 0.0, 93.66324287472372, 70.65005276926502, 35.10024351496729, 32.634241479358934, 80.13511684127583, 36.434983470253506, 32.591507607180155, 78.24223174814311, 66.39751048565051, 31.663570238093474, 47.201727267478226, 70.6670669840764, 64.00785843708323, 62.06232269028011, 54.48074441449336, 86.87013954017958, 95.3523436067348, 93.4204946887358, 75.38280782109014, 50.736950523177214, 42.385043675448074, 83.94821941336471, 11.84556834469465, 70.1247867841123, 40.39656490644525, 66.18907207375378, 25.117498394419595, 42.983047597965246, 48.249019470186745, 44.41599699282731, 99.54035642451603, 107.44389385247004, 96.9981468702711, 80.36404599274141, 60.765035526946015, 30.646716372664333, 100.0411242357173, 100.96809650287288, 28.931876881709957, 9.07897716726672, 49.26442287473742, 75.69350926052005, 75.4927420551794, 63.64021078840451, 52.87001480191473, 67.14461825379888, 69.70557912484503, 24.0816192230834, 48.95338003816636, 91.30833380068447, 53.509974745315525, 61.9754471142344, 87.94179608819096, 68.11137171890327, 72.85014699151075, 102.46530703244133, 47.51785279633716, 63.256247030019715, 38.18804738324972, 20.6175182096624, 55.17896075407094, 40.12775821141822, 16.21588654459694, 59.94209402185514, 16.635375594269796, 100.01557509342894, 87.86886699849585, 89.86302375140663, 44.18053947211375, 63.988106369362235, 72.19154444781034, 6.887934551946646, 19.978201993056096, 67.3358801653778], [49.03802947065991, 78.85411732312892, 86.06662190867972, 24.296976216329284, 77.0711144594714, 70.13037932297384, 19.10570563423735, 87.87769559816431, 94.46978708795514, 93.66324287472372, 0.0, 52.86317472937111, 74.15568374743033, 87.3451960700535, 40.53197913916667, 62.36561661815458, 64.18227019222314, 23.27108883140468, 46.43522119881299, 80.43433235705473, 110.71158232347203, 32.03806890673775, 69.55259537829781, 34.930621692754166, 82.03783689783965, 12.55512975704846, 8.76112026686005, 33.664215108281525, 20.00696085923501, 66.92510462051327, 97.03264547756821, 47.683160443367825, 85.56432899282666, 29.860543528736898, 57.25928130501511, 56.31062624786827, 74.17839517844253, 50.693496744646666, 53.179168846114386, 76.1233580175428, 36.718837667893546, 25.078702596949988, 30.107519071126738, 31.85882352196928, 40.325100170199924, 100.1404780288902, 6.668301377784997, 31.89261001712857, 93.18130527847893, 88.09889157613095, 71.32554592037312, 25.069183049495184, 46.46893487933946, 30.434756005603447, 49.423136935370124, 35.57192666005245, 57.27700260810019, 92.12041709165847, 88.34337969494875, 16.1124917151009, 40.173414848998874, 65.04425574195473, 6.200289813776999, 38.92110182928407, 46.46756032305864, 27.793322463324863, 87.11034559537468, 30.450812080301816, 56.31147007529885, 73.33412849631566, 91.67124555279194, 53.87227297584343, 93.58808866406378, 70.44300139777206, 80.67299853327766, 9.168595527067787, 14.261084903664727, 19.896390383774325, 54.9598976468222, 76.42968466465547, 35.00733191588128, 94.35679900472162, 88.44350939759006, 77.39934011207703], [84.95446599361763, 46.940786256755885, 58.89451677425729, 45.25054516378633, 51.031764434927, 59.97652233723748, 35.61219694947598, 86.68015458947762, 46.41230164104558, 70.65005276926502, 52.86317472937111, 0.0, 73.66939661486765, 47.645311153398474, 14.680212839254654, 60.25043321455061, 39.68042234056222, 29.781038429791394, 70.26093162866557, 43.00004423282762, 108.15871484783652, 22.421154902416838, 88.44941927169431, 27.565146149185466, 32.78585192881568, 40.385480642150966, 47.71998162006599, 78.10440496853576, 49.62365308860868, 77.74370293464385, 96.85773588456917, 83.3055530129949, 69.20158713884068, 25.659378778658365, 33.0676611383197, 78.9566985018348, 45.53255916572185, 43.21895367597364, 60.69117115854533, 81.79718775875197, 83.45224136821949, 49.61955882200783, 77.30985459395812, 21.715400143676717, 58.08681030808579, 92.45122006834457, 58.688621039896375, 80.48991440533574, 54.731069178211506, 70.28202032233635, 26.061051014860787, 57.29165249960259, 7.55668898600446, 43.91511576593815, 21.379506052058655, 59.63573677544288, 82.08368742382905, 56.22605864348139, 41.04078958801466, 63.50608031008115, 40.80130576229547, 83.54977300637789, 47.39337479503231, 15.715559830400585, 75.15939228488297, 42.007183445784236, 92.52604648799256, 38.469249379726485, 39.36027610702256, 57.17104064713307, 100.09429833322574, 40.171489033344436, 79.73525385586193, 86.70742390331809, 54.02064578736834, 52.61584793207464, 59.351395198736135, 65.45415272574617, 29.167505682226107, 93.7634807843902, 18.288761477009853, 75.0606834759763, 55.44115894280029, 96.37109622742547], [51.99224023507185, 44.089586553778176, 38.23182148990344, 90.92494224840304, 35.86035271814862, 15.931630989530783, 62.99110883415454, 14.19650262314005, 75.91537419727692, 35.10024351496729, 74.15568374743033, 73.66939661486765, 0.0, 57.32034823778159, 77.045155919102, 13.8624608725244, 37.578615517433555, 66.91867229394609, 35.18474405376654, 52.24767895920548, 37.334424267736026, 62.73298081263151, 28.92459377623456, 52.645511485821096, 73.07515283066468, 71.74324716080321, 78.7341298198888, 63.76159434689763, 54.15463293773053, 15.7935541599795, 24.25258735244915, 51.19263804483035, 23.272824894611375, 60.58353457096584, 41.57991809386895, 32.28579314995158, 39.736136990734266, 31.17621530282811, 21.022617384980446, 10.408823990895069, 69.37422702837854, 94.13478700255554, 68.31457286005634, 73.42649238516695, 34.5271778323085, 26.228581358293614, 79.53491254091182, 72.04233745665009, 57.34441289650818, 26.04071259344056, 63.05822390478843, 50.986515189840986, 75.28503146633717, 44.9095666197703, 52.291084017924724, 40.49608252082842, 35.49997478217583, 52.89326296925945, 71.36285837954256, 66.6361630365754, 38.372527629208484, 26.983657665851428, 69.67839834966946, 63.82929300955267, 40.80212863861989, 91.52797139976151, 19.119017738743825, 47.53593916293339, 34.523842185783124, 22.81875087198087, 27.152264878114693, 33.49918865025685, 24.45881502511294, 24.89372171269839, 36.719460818583165, 82.36569313277408, 64.23340398971115, 64.10854893297243, 45.06328327786295, 29.523787649040507, 66.26085049994585, 30.811480934288042, 47.29940827653163, 32.90777758526655], [96.29725200444356, 13.487508224293125, 21.574961965207795, 89.27555509860673, 21.485814071188084, 41.939580811580676, 68.44515950556415, 64.41645418066881, 19.204909863106195, 32.634241479358934, 87.3451960700535, 47.645311153398474, 57.32034823778159, 0.0, 60.68664824593579, 50.30055890721168, 26.655223665789052, 66.4507336811976, 77.17728943711, 7.17198888540802, 79.33907018875192, 57.33241930480772, 83.92363358196533, 52.41491226767232, 22.66831774681404, 77.19599503909721, 85.96844907007437, 98.71595420543395, 73.63234164904881, 70.06529987573138, 72.5836872064827, 94.87878699397517, 38.82241552380993, 58.39588035482081, 31.18614091371256, 81.10767939489583, 18.714287816544203, 44.125081528631114, 59.45029258692988, 67.72822319117708, 105.00042001824076, 93.66188598900568, 100.6445227533972, 64.22380846802554, 67.24871105478306, 62.50067433568031, 94.00593501794776, 104.57787807617221, 7.106627029181395, 37.852921268930274, 21.823663785724452, 77.45497552143568, 54.352927350972855, 62.19085758315294, 38.22331543569846, 72.58680629693374, 84.89383609907658, 9.87543138382939, 16.320926934001957, 90.74879452480675, 52.20389544853275, 80.3749056828405, 81.14729919870054, 52.046310961057515, 83.84411087449365, 87.02055296402284, 74.54198194334614, 59.105067659706464, 35.497826115945514, 34.557784857984835, 82.7630264104407, 38.65561725189582, 47.706009711233975, 80.42918534614132, 20.87868998758843, 91.10245572502306, 86.61108121210725, 90.70277175126095, 32.63174967570779, 86.1992431300803, 56.694380259449225, 39.25827981602636, 12.656051700577853, 89.53458651954655], [78.73837315886672, 57.87705825692617, 69.05497845027328, 30.57341644424533, 60.479789569511595, 65.29171567353625, 25.931790967792438, 90.8419221663281, 60.99378350942947, 80.13511684127583, 40.53197913916667, 14.680212839254654, 77.045155919102, 60.68664824593579, 0.0, 63.19549187951634, 47.7438078049584, 19.110074396791504, 66.58636315818863, 55.30381693090212, 113.31855386413976, 15.879868570450869, 87.12732986288714, 25.174209164807234, 47.408092261799354, 28.028250005964768, 34.313599222435606, 69.19383840251236, 41.84290688418689, 78.16091606793144, 101.08380811615213, 77.10805282216384, 76.82058193836558, 19.10296874904591, 40.15545892062468, 76.14824889499948, 55.41908672207687, 45.885509134738165, 60.826238419313036, 83.8548095939233, 73.97929125249458, 34.93941900861663, 67.53505356105708, 8.779406234446247, 54.970034471855506, 98.56286488375426, 45.79404587182885, 70.32622965595078, 67.65654147154159, 78.34882328080863, 39.78695489502694, 50.12970442347188, 7.13034679640731, 39.580047339099366, 27.425555763819744, 54.934820740047, 78.83682681296665, 68.57803577338932, 55.49546061969528, 53.15224928403858, 40.13028410210945, 82.12063694066943, 35.72692026725723, 13.238305367148673, 70.47352310048711, 27.363263694876373, 95.08815475666148, 34.356249613180076, 44.75176028915524, 64.07717244278558, 102.07965062652144, 44.52952729734911, 87.08572507344698, 86.04289544101752, 63.81045247760261, 38.949940265991366, 49.278573751165226, 55.6883066017501, 36.19965891676505, 93.08001656884353, 11.360080411230875, 83.70806938439591, 67.03486210782462, 95.32333911487287], [49.02406279119177, 36.83794849414042, 34.90085008762013, 77.7332534278686, 29.443143892510342, 10.49857641282978, 49.792994847236336, 27.889757354578943, 67.68066833705758, 36.434983470253506, 62.36561661815458, 60.25043321455061, 13.8624608725244, 50.30055890721168, 63.19549187951634, 0.0, 26.695087632784382, 53.36103632183871, 30.078708545263993, 44.20743360028002, 50.87680201513185, 48.9026200505604, 33.8423448904356, 38.81513970876708, 62.896983291570464, 58.81942887593323, 66.21712357248433, 57.11427470919195, 42.59909564427538, 20.269812389002944, 38.05829879533544, 47.86770157571264, 25.59254061391606, 46.81636857415294, 29.113798810963484, 31.44195989382074, 31.649530907010313, 17.364900693059667, 11.826612463920318, 21.660459126809364, 63.17697985268337, 81.09775715265872, 60.929801905602936, 59.602915695318075, 24.946488391268865, 38.13163041728367, 68.13614725724705, 64.85800522238739, 51.93926739968531, 28.507555027238375, 52.01930456096722, 40.91054193835895, 61.56505747601902, 32.28304178419217, 38.90199568703963, 31.349228878723466, 35.19059122346472, 48.11207507239498, 62.521086188622505, 56.79976441061799, 24.780677203759364, 30.091837798225956, 57.46116596998328, 49.988872364925605, 36.652512461174545, 78.12634817453392, 32.29249031438905, 34.29005309852511, 21.73928366897793, 17.564800895436154, 39.87564634743402, 20.21066943710161, 31.693405390746637, 30.62826013335698, 31.55178109012342, 70.1451339197699, 53.86616931612237, 54.81158990437509, 32.248785455328026, 36.993085968771744, 52.39946278498267, 34.59228842171804, 42.56643409487003, 40.179892506114584], [69.81054174016482, 15.097481686174405, 22.54030072767214, 71.2435639384054, 13.4387418114794, 22.013440358325024, 46.32525104962073, 48.83241677951476, 41.84944479681635, 32.591507607180155, 64.18227019222314, 39.68042234056222, 37.578615517433555, 26.655223665789052, 47.7438078049584, 26.695087632784382, 0.0, 46.31763253328791, 50.82802882005714, 19.63554570315488, 69.06500634441126, 38.288870869811994, 60.26193558950632, 30.3740133329644, 36.20208335335188, 55.77859206648817, 64.50656073356518, 72.21947684816051, 48.30241234957257, 46.93269219641987, 58.68231168878234, 68.36336366779396, 29.547314164053066, 38.0591538302851, 7.826590171744498, 55.593280572527256, 10.024838374339453, 17.471151050451972, 33.77160411456488, 47.329912601326235, 78.5179884264157, 75.37538748796548, 74.38009809136082, 47.78823099551668, 40.606169851746294, 52.967159426674385, 70.80191979440426, 78.34772901619651, 30.726567388765606, 30.783178747888016, 25.540766380673077, 51.286241597831555, 43.58411356646509, 36.48329685329989, 20.346279532509588, 45.946830805028966, 59.352571744224086, 28.606842969377904, 36.32016129475279, 65.3413373730141, 26.128962887631182, 56.16673967493129, 58.1229803381979, 35.52330683005655, 57.4334295334941, 70.06380958227858, 56.592765121384225, 34.25745537073601, 8.923667093066008, 17.678968933978346, 64.71588453886194, 12.05843644908356, 40.061359830983385, 57.23670643352587, 17.043396028177707, 69.42499557590695, 61.358327244680055, 64.91453605623396, 11.602634277121147, 63.685466861282535, 39.613552807928066, 35.974529462966714, 24.38691706753332, 66.85634117416333], [60.249833327503325, 59.7808201264727, 68.85761821567839, 25.2585850393018, 59.74763267619689, 58.286798126003966, 6.928033544770181, 81.10899088922473, 71.79066817829539, 78.24223174814311, 23.27108883140468, 29.781038429791394, 66.91867229394609, 66.4507336811976, 19.110074396791504, 53.36103632183871, 46.31763253328791, 0.0, 49.85403057336608, 59.89172491971896, 104.20302364479603, 9.237872983138908, 71.79292896609174, 16.190515074012158, 59.04911254194379, 11.208761853357618, 19.69302360953211, 50.08438608603529, 23.186206259831387, 64.72390987257569, 91.12276779418386, 58.64144842464239, 72.25985530840863, 8.298336599971172, 38.645670829084025, 59.83697629284118, 55.82399866971795, 37.531721385606886, 47.93983206123106, 71.94413746834118, 54.90211038449029, 29.205726081842634, 48.495765922096, 10.619479452252602, 39.1855158593834, 91.04632653635788, 29.435712336862046, 51.388033179884374, 72.7811069404853, 74.36271315671117, 48.77334462729663, 31.579059087647977, 23.913523716605305, 23.87938373869919, 28.300193064145688, 37.81251777250563, 62.127132600487705, 72.41479442357432, 65.74632649387891, 34.22822210260945, 28.583303075142556, 66.81278537103972, 17.62293314669563, 15.769991483203107, 52.926303516955684, 24.932913108006865, 83.38108142963958, 19.732311892021233, 40.12020761910897, 59.315672124125285, 89.57927233573162, 38.57227157450317, 81.66979903524069, 71.32075687706435, 63.36003834072358, 24.855150942481302, 30.257084153299576, 36.623753913653374, 35.49525788853997, 78.1790663111277, 11.736679619448667, 80.34299421657246, 69.47181201043553, 80.05814122765473], [19.262508031621756, 64.27557340072707, 64.57770594148081, 68.33595701898429, 58.01077659304903, 40.5772639033757, 43.5125539996164, 46.34791328504572, 92.36007058559487, 66.39751048565051, 46.43522119881299, 70.26093162866557, 35.18474405376654, 77.17728943711, 66.58636315818863, 30.078708545263993, 50.82802882005714, 49.85403057336608, 0.0, 70.35668442924526, 67.482947401766, 50.76096172970204, 23.175592749742556, 42.840844548743085, 84.53210816877761, 49.22925445099493, 53.43919749075831, 28.611008079163387, 28.486871799681794, 22.61160031134211, 53.87243269134755, 17.966534496722364, 55.148631531393626, 47.48426101030249, 48.9720546379826, 10.176291531244315, 58.747038650019014, 33.89814805487108, 18.5369627871891, 32.80418925283885, 34.19620003603147, 70.3798119124401, 33.369599469768886, 59.65922605915638, 12.218149483118465, 60.54307747535117, 50.195954363588854, 36.983535463116716, 80.09593368124746, 58.10660653765259, 72.55009006777456, 21.434585253893268, 68.21696244601537, 27.02814560286193, 52.27589932542765, 12.103082988963454, 12.295429742629382, 76.7904429786286, 86.54533563426665, 34.549597541294204, 30.251322584793105, 18.61009763294435, 44.00627445524708, 55.540265224104765, 6.72321504457245, 70.44665147565466, 42.54077079511254, 32.375649200732894, 42.53003182968305, 47.39676832188813, 45.89773283671827, 39.494495143650575, 59.201886556926475, 24.06561188874053, 60.664567995835455, 55.551659657717295, 33.4557792493141, 31.2499280627887, 50.11610367868331, 30.0234373594073, 55.44165618280943, 63.919275701580155, 71.4498561111397, 31.203003214598937], [89.41072118345954, 8.387257249913407, 19.60380971468436, 83.1846128551247, 16.66068967592237, 36.514876868520965, 61.619739996157044, 60.480411104323906, 23.700775253965816, 31.663570238093474, 80.43433235705473, 43.00004423282762, 52.24767895920548, 7.17198888540802, 55.30381693090212, 44.20743360028002, 19.63554570315488, 59.89172491971896, 70.35668442924526, 0.0, 76.96738219576903, 50.86148188853398, 78.00673155687299, 45.51541413493861, 23.045575398934137, 70.5004052919583, 79.29471480399012, 91.57086846091752, 66.48423652346453, 64.24101844738291, 69.18539132588849, 87.97456573776124, 35.73379061528625, 51.75111738383803, 24.023589635370435, 74.61106298656658, 12.654436587270586, 37.07716810407233, 52.855878670855176, 62.60651168857394, 97.85202706950693, 87.5435773277162, 93.47592194949225, 58.24340127687224, 60.23771977256711, 60.086005186179264, 87.10046599618487, 97.40779495082437, 12.889416669498253, 35.27713235524158, 18.364481532012018, 70.28481648186133, 49.28904411087765, 55.021711644306784, 31.593415577335424, 65.50395598296302, 78.39327154559007, 13.2891676874746, 19.251536992634644, 83.60318907427776, 45.03560716824127, 74.28692302929574, 74.24232379060469, 45.89405783431747, 76.99628677587768, 81.11507537339948, 70.11436255206058, 51.974471526997014, 28.41085428660554, 29.45847633705976, 78.3748553398934, 31.569612050485816, 45.41395419304775, 74.63492107369296, 17.155386580775943, 84.40981296613539, 79.47474540623611, 83.53661171566556, 25.57990948307028, 80.61848345000278, 50.51903116924761, 37.77666136628134, 12.94804875231277, 83.91904311697476], [79.30869634001158, 68.82752887428114, 57.82249976642875, 128.24213081074012, 61.217915131550676, 48.27787342839116, 100.31917890776522, 23.14975670827294, 98.34812826803584, 47.201727267478226, 110.71158232347203, 108.15871484783652, 37.334424267736026, 79.33907018875192, 113.31855386413976, 50.87680201513185, 69.06500634441126, 104.20302364479603, 67.482947401766, 76.96738219576903, 0.0, 99.63713227314678, 49.59097778212554, 89.57134759296056, 99.95028278735644, 108.99613722993418, 115.77299846579035, 95.06263776912964, 90.7529927709679, 44.90764573822765, 13.728332627453085, 79.12626906476947, 41.36581046572521, 97.66218979912736, 75.10215599401452, 60.4605919075269, 66.71093893110105, 67.66423920956922, 57.726010358395214, 34.92124200185349, 99.73825171479832, 131.40568757376747, 100.31617282916086, 110.34035398280014, 70.44384703906651, 16.885771176762606, 115.71419705383002, 103.60689996270968, 76.12587907125933, 41.702453443823536, 92.42087561568295, 86.54701412084047, 110.80977812448116, 82.13261006390142, 87.1589744249522, 75.77569847130202, 62.107018974306776, 71.26282336008042, 95.502814286595, 101.5210582489005, 75.62442538922171, 51.600583459362575, 106.57010055087808, 100.09322509918947, 71.23777970819322, 128.8599863424085, 25.250777210730305, 84.87035445077773, 69.04239557308206, 51.40535162175341, 25.50015392619806, 68.85699834761233, 31.651237097587288, 46.25851420741485, 59.88578414180626, 119.19514099223312, 99.69426393405132, 98.5083264390067, 78.99224268506488, 44.50736818339999, 102.90366988898164, 40.338443448741096, 66.82076601840426, 46.478814909949676], [63.62352003695013, 51.14945556375004, 60.75523126452391, 33.01255990298914, 51.70489939457118, 52.445291155279165, 13.49924911874014, 76.7820569512481, 62.626961459892506, 70.6670669840764, 32.03806890673775, 22.421154902416838, 62.73298081263151, 57.33241930480772, 15.879868570450869, 48.9026200505604, 38.288870869811994, 9.237872983138908, 50.76096172970204, 50.86148188853398, 99.63713227314678, 0.0, 71.29326229805851, 10.08792240123032, 50.01673751185041, 20.380068475382725, 28.93087711217105, 55.73488861290501, 27.39334949587652, 62.668286228437445, 86.96066176492059, 61.979940657479396, 65.53666945801398, 3.411877527303378, 30.48853274888941, 60.27387356881878, 47.46509031341165, 32.03028956168858, 45.39600794346507, 68.8624063665843, 61.034977712360714, 37.221009465758996, 54.89240688243923, 10.705298139263572, 39.09121657545134, 85.65754432166408, 38.39664569455098, 58.101906854629455, 63.74538984317679, 67.44547606559638, 39.56815783620029, 35.34440977386738, 18.085989844477588, 23.734845750403423, 19.34427108093121, 39.23294058072468, 62.99017020820307, 63.540059729497266, 56.55981110162943, 41.20098920985822, 24.834192003045327, 66.28411901114282, 26.09435053685925, 7.042205362446785, 54.83076769321584, 31.801243815687297, 80.21349615751606, 18.477371559310992, 33.00665288518222, 52.55327362894781, 86.94207583616256, 31.955766621023063, 75.3360038156074, 70.29171440425377, 55.277998936048384, 34.093022987834324, 37.003646519511356, 43.04677998440753, 27.0567013559206, 77.31026067293828, 4.736234291554178, 73.2487098272776, 60.808296902549834, 79.50505952952447], [29.86418920684457, 70.43654309184952, 66.5217393712246, 91.42460447738688, 62.6631128176066, 42.245656807349114, 65.83513276725077, 33.149187870481036, 101.52244195544937, 64.00785843708323, 69.55259537829781, 88.44941927169431, 28.92459377623456, 83.92363358196533, 87.12732986288714, 33.8423448904356, 60.26193558950632, 71.79292896609174, 23.175592749742556, 78.00673155687299, 49.59097778212554, 71.29326229805851, 0.0, 62.24101691341431, 96.34512450024798, 72.17755662374563, 76.61189942071384, 46.78109600689635, 51.50535679838306, 13.916372552625809, 37.14097045714113, 29.838966503540913, 52.19390532670856, 68.24001837429222, 61.30757507436239, 13.296096446416556, 65.39522168539693, 46.73670297807499, 28.11881879855676, 20.259266915056173, 50.81471014318745, 93.53873596617487, 52.335222881604395, 80.99619403614395, 32.611646749177055, 47.67063207764982, 73.05191402802342, 55.22471235519143, 84.96457499359602, 54.935533741197474, 85.05185173899152, 44.605793069221534, 87.68731464052557, 48.064835363388816, 68.32036308374234, 34.901378220308715, 13.361598946005, 80.78658777409083, 96.34026069597437, 56.832850247794234, 47.75815696232216, 5.010535788097667, 67.1700320427291, 75.02545403858312, 24.007061617660387, 93.40326071226967, 24.779342745388835, 52.9384377731843, 53.927010857905536, 49.84352193850402, 25.0720127866297