instance_id,num_cities,city_coordinates,distance_matrix,best_route,total_distance
2664,73,"[[10.616010649187778, 59.5418312123162], [85.14256197113716, 34.38932847286876], [92.938383871425, 29.48992512446218], [42.72004724982293, 78.22216391073825], [84.15414000164635, 27.457448799966166], [13.321998925487543, 81.1465166232982], [53.338930761227054, 40.307233437988074], [23.801539779271017, 24.030358745344692], [55.35475283808391, 17.19240215088679], [3.6639351071909854, 39.68326386319509], [49.00241018105809, 75.12148586433878], [12.998916475448175, 81.2415785280597], [15.775830988316219, 24.376619414402345], [18.271279233864956, 85.43970302233596], [55.14013492699831, 79.94866396628771], [18.2322234500342, 83.9534839447638], [78.89621048108472, 91.79006708607325], [37.78589234601579, 42.73683940002558], [42.544044606532125, 91.0237480228316], [62.52618452202097, 65.46918397986894], [82.7930971381986, 92.05235509523408], [21.93718962972042, 95.24470632769587], [44.31183967127888, 75.92835473161206], [66.59013766569683, 2.052955505184073], [20.160708244738125, 19.441008206792134], [41.134774869635514, 70.05851033243579], [60.45687771212991, 56.84139401890518], [47.73724363538791, 75.15675820002463], [12.043231816876387, 0.31351505274216374], [75.16742185467675, 48.54130513768536], [69.68483783644353, 58.923931572118285], [99.27973584520107, 28.073431941354155], [4.883506680759664, 35.63139034491238], [4.412359844084424, 32.19310770766807], [58.57075024779401, 48.113610569448795], [86.09381264119313, 9.105983616495017], [66.99577279972911, 8.474253872315462], [20.788660092050005, 99.40840460548941], [46.936328497170706, 23.91337597925847], [14.866453683029068, 67.41758204924358], [68.64291337581666, 3.1857732340048184], [24.142099064615895, 26.238017330567985], [11.104603245167223, 20.221126131258316], [93.48770625684301, 9.32296966735059], [57.98197548879098, 35.46387069503146], [36.66589762006649, 83.53392810889326], [55.90685174504758, 36.31692357542901], [11.816373506188638, 12.880118669440089], [51.367415650630676, 37.50999553776643], [1.7718966418171056, 55.94034243323674], [75.13020961920046, 8.469729802246228], [98.82529133637917, 94.31255684013539], [38.457399067667644, 73.08842569666636], [46.402533193379966, 3.2210385733074443], [76.6773906798341, 49.93104196294732], [24.240119200948882, 15.143890169302399], [35.23943464187374, 37.159855862042754], [80.24377988809144, 77.19875535967992], [11.530189032712846, 43.9473470878889], [79.94989275142026, 44.963395993454], [77.83674768455268, 91.51893253838965], [61.929127351928095, 18.16376963847438], [77.21372936294686, 18.299916655304706], [28.57906540355515, 8.779046696083025], [2.2840123359809894, 18.84198148508771], [73.18817961980729, 39.79162086409994], [6.810234799916371, 58.00955983307456], [3.364014081089306, 36.00957685855277], [43.046717537178026, 82.56818262435921], [81.52383803447333, 61.791612625521466], [21.10972147981616, 67.31243939865394], [8.034767205823456, 16.734452066785632], [87.51847396850572, 17.31512679810667]]","[[0.0, 78.65656518054335, 87.63612378725178, 37.14329005054153, 80.23256236367406, 21.773488564283177, 46.853149888133224, 37.8803755949271, 61.60380827898188, 21.040295898613426, 41.42754286820137, 21.830191793567533, 35.54174822267784, 27.00560870248552, 48.977918144348294, 25.572162336364784, 75.51247847907821, 31.946990800868626, 44.838715842958145, 52.24748474652908, 79.16101298735335, 37.45483126398584, 37.469014485764546, 80.23760792378081, 41.221077835385046, 32.279955223928674, 49.913969894423616, 40.27172560553146, 59.2455094953192, 65.48203007343892, 59.07205892165298, 94.08249740685484, 24.58802115302609, 28.04350121945105, 49.2976802398672, 90.77815439990651, 76.06954078689162, 41.1439724722909, 50.87781747355625, 8.949509328968393, 80.88959581367955, 35.9457798203364, 39.32374054939811, 96.90021665486763, 53.13457262327843, 35.41493081583387, 50.898493316721705, 46.677149531890535, 46.32578971568633, 9.549297042254231, 82.28269205114071, 94.81498067308138, 30.96212413889091, 66.72860615427388, 66.75682138590228, 46.441290924016094, 33.275604122297025, 71.83170065877442, 15.621256582743895, 70.84996810723936, 74.43898506021993, 65.91797877178647, 78.33359211861035, 53.847299170431214, 41.54395219174821, 65.61514412455821, 4.102655895214777, 24.624346675474047, 39.773906127078256, 70.94350922324504, 13.057577056346497, 42.88513177108258, 87.73302360151543], [78.65656518054335, 0.0, 9.20755082915024, 60.99989522780731, 7.001994986385828, 85.6996378051202, 32.3495372039872, 62.209559212059794, 34.3954626058567, 81.65042796918533, 54.45382646952775, 86.0223164105791, 70.08564553410739, 84.13031080751507, 54.55088156153645, 83.26823469157237, 57.73960252962177, 48.08674554034505, 70.86671404420956, 38.43771516696721, 57.71087093653003, 87.73993450345691, 58.24636114001208, 37.280470280219134, 66.67903412989962, 56.64782308352157, 33.368821594699945, 55.32758052144816, 80.65155379312229, 17.31420988276772, 28.99806863675569, 15.483870128049825, 80.26866557877896, 80.76007009113036, 29.906806872805788, 25.301233269617562, 31.636957008912457, 91.48171920226848, 39.616434177189824, 77.65047926720872, 35.29731240921743, 61.54267095396879, 75.38141209808451, 26.419004086381218, 27.1818339898583, 69.03027350367014, 29.299187280593515, 76.41581002099672, 33.91900753119937, 86.11105643396475, 27.78619792028895, 61.465521886973704, 60.63929881900371, 49.72174700233843, 17.697569980050684, 63.87092007222408, 49.97997538269542, 43.088804767298896, 74.23029819063598, 11.780268144456256, 57.594848581042754, 28.321940369767873, 17.936988575674334, 62.09118839768832, 84.30456242695351, 13.11838482749082, 81.81606694023382, 81.79459700882548, 63.97860662720529, 27.640194277763413, 72.00094370505509, 79.10313947299316, 17.238715748271055], [87.63612378725178, 9.20755082915024, 0.0, 69.97651341816888, 9.01631301438568, 94.90612307505408, 41.050345257703285, 69.35207333649656, 39.544385099985234, 89.85450103806932, 63.34515861277531, 95.22894558672029, 77.33178817745708, 93.30355921280682, 63.045951089442745, 92.45155295763848, 63.86305913406649, 56.721054814631756, 79.53616026960955, 47.110603233797136, 63.37968512660124, 96.77221106719324, 67.23889161212415, 38.03968164965184, 73.46816181749405, 65.79835872867119, 42.46352662061888, 64.25420392308332, 85.99586345052712, 26.053064530088378, 37.5111735188552, 6.4976301674614545, 88.26878832360369, 88.56728586880955, 39.089332310004195, 21.502400487525676, 33.38678641911474, 100.4697786121724, 46.33882820081698, 86.79708199672203, 35.80751727332163, 68.87309857643683, 82.35701722599538, 20.174435493768947, 35.46319941423236, 78.02145196989434, 37.65557434798235, 82.80498919854291, 42.337535689369666, 94.92603947070889, 27.549585869513585, 65.08939438992144, 69.7782699508359, 53.438186711065924, 26.12009106380692, 70.18019868644897, 58.206499462805844, 49.368871292612056, 82.68198858715418, 20.202207857261058, 63.84087386837465, 33.012963938197565, 19.299768106141013, 67.60963214604702, 91.27756450647452, 22.275446192897896, 90.72721546700693, 89.81132212627557, 72.84558867105962, 34.259172086901934, 81.1781948985635, 85.85642792374095, 13.326707682064292], [37.14329005054153, 60.99989522780731, 69.97651341816888, 0.0, 65.52740146262903, 29.543139373929368, 39.373882711541796, 57.39914347790657, 62.32389273598256, 54.86917816563653, 7.005875273453074, 29.874110516277813, 60.21074199886373, 25.491863963342748, 12.539512763681683, 25.14958337193525, 38.6368060624861, 35.826723827966035, 12.802793941536601, 23.5567733521021, 42.39249362276241, 26.86436526692143, 2.7920178479458433, 79.82186120099392, 62.96148062298009, 8.31614864380836, 27.78007336232459, 5.8795383953676135, 83.73066685501557, 43.97482798435512, 33.15903651760196, 75.59030157462844, 56.9699727502991, 59.88449656898828, 34.02601607351588, 81.59859007784362, 73.85175560338621, 30.49331955429021, 54.472208273055905, 29.8757705136768, 79.38800233018564, 55.204090921243015, 66.05797970804268, 85.58302500169721, 45.40041951669354, 8.054040392019495, 43.931093548366235, 72.28153240744724, 41.62039925191125, 46.617921517064396, 76.91437244669514, 58.366935491204664, 6.672738386558681, 75.09147424711743, 44.1982890380216, 65.72956989735349, 41.738144511659485, 37.53768607906775, 46.34188519949643, 49.9220095694132, 37.54978968462863, 63.05552696577668, 69.14108635147815, 70.86828554483888, 71.84064994456119, 49.042978386048375, 41.20757204432034, 57.71308216008566, 4.358278574825648, 42.13902223349585, 24.208020753778946, 70.59608600719744, 75.60797713408732], [80.23256236367406, 7.001994986385828, 9.01631301438568, 65.52740146262903, 0.0, 88.88030272884544, 33.387034695737306, 60.44982464692801, 30.574104789912344, 81.41341190437656, 59.224188796922505, 89.19528264247847, 68.44767821646998, 87.76384875137593, 59.97616326599066, 86.81878292696764, 64.54712695689214, 48.82083743406163, 75.97416952939577, 43.73397386032644, 64.60924358766775, 92.01120147413272, 62.74422377756908, 30.884987576844978, 64.49358594317701, 60.54350683644393, 37.748860600655846, 60.01178599403048, 77.05047837947544, 22.919208125994555, 34.63380203209127, 15.138133466614503, 79.69094445088895, 79.88227568107355, 32.88140584501449, 18.45368809557483, 25.588498484612433, 95.87556563328228, 37.38617318396146, 79.98497186776471, 28.804728539202255, 60.024428948023974, 73.40707858307569, 20.395460094134073, 27.36941699871861, 73.48268296800416, 29.604046803578143, 73.79194410832194, 34.29319159228466, 87.16713400544, 21.022958694808036, 68.44595059278038, 64.57846533121047, 44.86187019374953, 23.684682182296918, 61.166278411042825, 49.86767593573618, 49.8947742202037, 74.47251170656256, 18.003718562625284, 64.3722233922083, 24.089907837866118, 11.490417521321014, 58.62995498665975, 82.32219677004547, 16.50406276053633, 83.15955243045491, 81.24151242185197, 68.75327748067996, 34.43476867990526, 74.58564863549272, 76.87094102305021, 10.685758682937157], [21.773488564283177, 85.6996378051202, 94.90612307505408, 29.543139373929368, 88.88030272884544, 0.0, 57.176934900676315, 58.06958125598485, 76.53026302990986, 42.573225461156774, 36.18553223338096, 0.33677742688655243, 56.82290489671544, 6.551856609219654, 41.835288329695516, 5.655914640907804, 66.43238959718259, 45.538833820015114, 30.846193507546193, 51.64136558061609, 70.32190839031675, 16.522120439322702, 31.426094936809356, 95.35872280599736, 62.0833126862018, 29.941516147743428, 53.03240314228693, 34.932596159053254, 80.84311589878003, 69.91391959625652, 60.58558323940853, 101.02219980784167, 46.29076442987024, 49.75759151146447, 56.023409201782535, 102.39909798126959, 90.34451712888331, 19.72935836894732, 66.37435905930968, 13.815534192957035, 95.59435697483343, 55.96443389868712, 60.9657284891327, 107.63439287360592, 63.885973778617455, 23.46566299647883, 61.83172407834956, 68.2829993299779, 57.89300222166631, 27.72645090996988, 95.40529467378128, 86.51102604924884, 26.395476311091144, 84.65637528720914, 70.62797974328399, 66.89956688331507, 49.144687539017795, 67.03812039579613, 37.242298489969286, 75.81882651554045, 65.34324616485577, 79.55802506107614, 89.62057992353077, 73.95829082112814, 63.274736243927805, 72.76116405184221, 24.035844930847578, 46.222340848203714, 29.758696724869377, 70.89501510410402, 15.875462678001536, 64.6287001237822, 97.87524322230205], [46.853149888133224, 32.3495372039872, 41.050345257703285, 39.373882711541796, 33.387034695737306, 57.176934900676315, 0.0, 33.72527413944848, 23.202563739309067, 49.67891435265841, 35.083294924335355, 57.471187220466526, 40.80160447480124, 57.15487725843341, 39.682330460505945, 56.01317774893674, 57.477445203448795, 15.74166411393044, 51.8526221007913, 26.78673900901864, 59.540788811414906, 63.278711061442564, 36.74714486543538, 40.48437062108392, 39.19430832088571, 32.157112710508805, 18.001212040066086, 35.2968592766494, 57.48767051795369, 23.329872699450554, 24.774384503533874, 47.541807609962994, 48.68050566139389, 49.59484225277492, 9.397417680331902, 45.23715593838487, 34.63882103208952, 67.47198347467621, 17.59976926351149, 47.06487537810201, 40.1523933476396, 32.40984145282921, 46.76740454067631, 50.71438430273812, 6.709398408353716, 46.33073673381313, 4.745186084694882, 49.763132794520146, 3.4221939894965407, 53.884627721918186, 38.58090812852691, 70.60866769840139, 36.00092431378454, 37.729291813659835, 25.244829211097983, 38.46991914052182, 18.371111707788646, 45.660215683218205, 41.966907347406476, 27.015239176924396, 56.769544288807275, 23.751304522220778, 32.470417309391934, 40.0883710290463, 55.38376780980167, 19.855944615560354, 49.78244577818837, 50.15936751257409, 43.49617775370996, 35.43963243425655, 42.04762870701468, 51.06998391451938, 41.19318076572757], [37.8803755949271, 62.209559212059794, 69.35207333649656, 57.39914347790657, 60.44982464692801, 58.06958125598485, 33.72527413944848, 0.0, 32.28564549025667, 25.505618215550207, 56.96829942430159, 58.222163642984086, 8.033174842373679, 61.65785713297305, 64.10120439286379, 60.18137766818205, 87.33155680601308, 23.355824438348808, 69.56576524472942, 56.716614384760625, 90.03885731758265, 71.23874720304994, 55.803892239258026, 48.10270639233167, 5.858139007275416, 49.183653557071985, 49.195302973911176, 56.45198526435741, 26.471616514256418, 56.91432451002723, 57.64406704267738, 75.5864043478407, 22.19179827076975, 21.037366022887795, 42.29540181896446, 64.0551655316789, 45.91006605360437, 75.4382346141779, 23.135084482003084, 44.29770772364686, 49.44942397201954, 2.2337719345861435, 13.256034492233303, 71.22126853567954, 36.04202242932904, 60.878292269565776, 34.376019719329065, 16.369852300608596, 30.685144950135374, 38.77566550976407, 53.63548751191953, 102.80151101388581, 51.20047015879484, 30.7218604470327, 58.878697332712626, 8.897284735362044, 17.412901350014494, 77.54098830322575, 23.39385547065929, 59.92353118697022, 86.45525597663966, 38.57628548550889, 53.71871147626153, 15.9820921757649, 22.13420985414865, 51.84069423064233, 37.99066400396056, 23.689536155603605, 61.62023767743809, 68.97663380062626, 43.36570524546841, 17.373006983394124, 64.06982162126309], [61.60380827898188, 34.3954626058567, 39.544385099985234, 62.32389273598256, 30.574104789912344, 76.53026302990986, 23.202563739309067, 32.28564549025667, 0.0, 56.37179701101048, 58.27633307880995, 76.78745905792547, 40.22566385380624, 77.67160414715863, 62.756628796414056, 76.38798485662095, 78.22411291756238, 31.00295362324276, 74.93451727112605, 48.80652718807718, 79.73001500540136, 84.9052160829598, 59.76502369090807, 18.853029384229842, 35.26580502459948, 54.745165701515596, 39.97592068208745, 58.462748982958196, 46.48424123122173, 37.08497771385021, 44.1233711755496, 45.25263463574878, 53.73400203123374, 53.10507104934836, 31.08800040857263, 31.784901483133144, 14.543708438860364, 89.18680298868573, 10.772249420865496, 64.51256516595444, 19.307015929236506, 32.496967697944775, 44.35367975652959, 38.93648808059333, 18.459384107170436, 68.92366339506965, 19.132488936906373, 43.75141441910608, 20.70515536964219, 66.12507356725106, 21.61373877429694, 88.52799544000419, 58.39422927544249, 16.593409438205697, 39.070109051220626, 31.181995249050843, 28.342992676179062, 64.96326725861657, 51.34607552007314, 37.09648239874634, 77.65225825255202, 6.645747139654516, 21.887015399364202, 28.066385367561278, 53.09637096281977, 28.7881190289802, 63.424053739969615, 55.29125591336197, 66.52428432898773, 51.70986941558304, 60.70206179732537, 47.322201539202126, 32.16395526508793], [21.040295898613426, 81.65042796918533, 89.85450103806932, 54.86917816563653, 81.41341190437656, 42.573225461156774, 49.67891435265841, 25.505618215550207, 56.37179701101048, 0.0, 57.54515531846285, 42.593842218442916, 19.519000643398115, 48.031512853117974, 65.3536654928464, 46.60565857608657, 91.51510367169523, 34.25831708311601, 64.40115083153907, 64.26257139608668, 94.88912477306913, 58.48919318627308, 54.46061657299705, 73.31948632903193, 26.113070252478437, 48.23608017417992, 59.328237460489035, 56.57583693668802, 40.25158052483286, 72.05007642097576, 68.76745517372754, 96.31806449479893, 4.231434015935667, 7.5274550029192, 55.55023937366963, 87.91845527280279, 70.60399400972169, 62.13170400442853, 46.05637191061722, 29.91134947953665, 74.527407301357, 24.497547905663904, 20.835986836153733, 94.81591283747306, 54.48167388769065, 54.88178463288336, 52.35126154891657, 28.015546472038753, 47.75295960642272, 16.366808277332566, 77.98533901445778, 109.72713142399574, 48.23370161504707, 56.179014226518056, 73.72910992708438, 32.02436905153211, 31.67617020419341, 85.27534654804772, 8.947645308566006, 76.46847147033957, 90.49056676052467, 62.112166755024425, 76.59516807787038, 39.69678017669477, 20.886915474011783, 69.52432895245882, 18.59441652034461, 3.6859094983430793, 58.224735371484016, 80.93789945904507, 32.67608916208413, 23.361338491222153, 86.78661903430924], [41.42754286820137, 54.45382646952775, 63.34515861277531, 7.005875273453074, 59.224188796922505, 36.18553223338096, 35.083294924335355, 56.96829942430159, 58.27633307880995, 57.54515531846285, 0.0, 36.519954726456376, 60.655148469634725, 32.41709448135534, 7.808541059945974, 32.01263159371172, 34.22690310740122, 34.27208191753713, 17.16369504657009, 16.615035482785643, 37.795037477811064, 33.72640160629984, 4.75946310797607, 75.15542752802774, 62.70693233412135, 9.355928956025254, 21.57235694813774, 1.2656581394467235, 83.43987872896322, 37.29763857594953, 26.270203249493203, 68.85730791919156, 59.2110233841813, 61.89602766103789, 28.65272167835078, 75.72198276256886, 69.0334312527312, 37.22727650559811, 51.249772794881295, 34.99448042231186, 74.56873418113862, 54.84185048572357, 66.71051843129163, 79.42535049136114, 40.66151785205164, 14.931802526335138, 39.414025013241464, 72.50371793139264, 37.68577258670643, 50.97683466541381, 71.58993287914498, 53.39116679578478, 10.739208212289403, 71.9474369314254, 37.422760581720624, 64.88823498863908, 40.37951025115843, 31.3103533951282, 48.74417181821688, 43.21176994874468, 33.1706990685119, 58.40617650969598, 63.43949288384527, 69.41492812568829, 73.1436347906299, 42.81531039569182, 45.530184228624414, 60.10494675693948, 9.53538502128078, 35.14724441813085, 28.965208262458845, 71.32596642614038, 69.46266852182465], [21.830191793567533, 86.0223164105791, 95.22894558672029, 29.874110516277813, 89.19528264247847, 0.33677742688655243, 57.471187220466526, 58.222163642984086, 76.78745905792547, 42.593842218442916, 36.519954726456376, 0.0, 56.9327219550383, 6.739588884033097, 42.161047432971955, 5.894228777321065, 66.73622680466619, 45.793112016176224, 31.122426581271164, 51.978059890119674, 70.62648613919578, 16.612655271007313, 31.760502297336707, 95.61828802546752, 62.214160392796494, 30.27684828124845, 53.363162282825506, 35.26721441077358, 80.93370614911723, 70.24408118049801, 60.921023023214175, 101.34708482527427, 46.3265489998752, 49.79439169828693, 56.34052089252523, 102.69570535677913, 90.61315594580911, 19.76647857712569, 66.62034780912313, 13.949572533523014, 95.85907954467133, 56.12096099160943, 61.049848757590894, 107.93855465464247, 64.18001349831563, 23.777738813866776, 62.123389570378876, 68.37168713638567, 58.177255691488995, 27.6802912244564, 95.68719639893082, 86.81599562179656, 26.732157357579634, 84.87052647809831, 70.95983213758248, 67.04676759611313, 49.374476417626326, 67.36628292072999, 37.3231410657526, 76.14814345944325, 65.64730277287842, 79.83091826308804, 89.91771234568131, 74.11855071520372, 63.312865057926814, 73.08109460185283, 24.042181130779344, 46.24678712277319, 30.077071451084, 71.23177695579727, 16.11850100676932, 64.69785268663807, 98.18225745898862], [35.54174822267784, 70.08564553410739, 77.33178817745708, 60.21074199886373, 68.44767821646998, 56.82290489671544, 40.80160447480124, 8.033174842373679, 40.22566385380624, 19.519000643398115, 60.655148469634725, 56.9327219550383, 0.0, 61.11405273466737, 68.101399106433, 59.62748234828489, 92.35126005795601, 28.6625274337449, 71.82184216559018, 62.2430270640288, 95.24347306847842, 71.13542073438612, 58.92270535005812, 55.50170928390064, 6.602075927053068, 52.2485520624544, 55.23004188353286, 60.00128659856766, 24.350878589791837, 64.11936604289065, 64.02888251932956, 83.58569584089797, 15.662458220829869, 13.792242953361457, 48.937203266226575, 71.95700703480281, 53.63177853659782, 75.19905082236525, 31.163940692401702, 43.05056830771425, 56.955951067540155, 8.570836816018426, 6.252079098557536, 79.15647748894577, 43.63812294948957, 62.73740555565123, 41.869675069613734, 12.159228303296794, 37.937401956017595, 34.53083821732038, 61.44893326813483, 108.5736994290999, 53.73354261370704, 37.22302363701475, 66.04565454781337, 12.525472616226345, 23.2861117677267, 83.34443281446826, 20.02595459110382, 67.39529340458786, 91.43110845230282, 46.56958522003, 61.737684384125295, 20.179372789926294, 14.582914233996886, 59.44577398838418, 34.807421568099606, 17.011140403745383, 64.26475925403672, 75.64841140122914, 43.26586443716769, 10.877811832055205, 72.08932999933438], [27.00560870248552, 84.13031080751507, 93.30355921280682, 25.491863963342748, 87.76384875137593, 6.551856609219654, 57.15487725843341, 61.65785713297305, 77.67160414715863, 48.031512853117974, 32.41709448135534, 6.739588884033097, 61.11405273466737, 0.0, 37.27551515453729, 1.4867321550266115, 60.956619103032025, 46.950555763085156, 24.906800224117724, 48.552222121023426, 64.85978841406434, 10.467902791321661, 27.723212912684993, 96.37459074696321, 66.02573482622076, 27.55577110608117, 50.965556965710675, 31.208684886270323, 85.35371376139925, 67.81344123093697, 57.84842386600486, 99.26358395850622, 51.576161796954935, 55.02062848838104, 54.92981468932867, 102.11137427396521, 91.09202290055002, 14.193725032716046, 67.8761664259221, 18.340929131328142, 96.45211501960102, 59.492067658067015, 65.61115771287979, 107.01059756275042, 63.831992087493624, 18.49307880247881, 61.88282297078851, 72.84613297504679, 58.246125238281444, 33.800028122539665, 95.69385947941362, 81.04120187092515, 23.66502663256989, 86.89807957093572, 68.35304575854327, 70.54876579516737, 51.17481743759923, 62.51802984513137, 42.036387785951746, 73.77386255405281, 59.874886749443895, 80.20011792366424, 89.34183421348536, 77.35054417450417, 68.48977454202222, 71.41157716172202, 29.728240696353485, 51.629099613519145, 24.94129051427109, 67.52864854445356, 18.348145433968693, 69.46364291746717, 97.13975429425423], [48.977918144348294, 54.55088156153645, 63.045951089442745, 12.539512763681683, 59.97616326599066, 41.835288329695516, 39.682330460505945, 64.10120439286379, 62.756628796414056, 65.3536654928464, 7.808541059945974, 42.161047432971955, 68.101399106433, 37.27551515453729, 0.0, 37.12455403976484, 26.543736616699782, 41.059586251079736, 16.772566238380293, 16.254509198903424, 30.185851950856158, 36.556866500508775, 11.55053524679502, 78.73273753257571, 69.89089137025822, 17.145414816724838, 23.711045490750866, 8.818455666847026, 90.54888182725291, 37.24935449470428, 25.565362406397874, 68.11273057849684, 67.00559248236284, 69.66993841272492, 32.019365175762985, 77.30986691992908, 72.45100032194622, 39.48044236177053, 56.63264023270842, 42.17816277355511, 77.94142941603187, 62.013803216321904, 74.20584091792517, 80.36494834257313, 44.57547408794499, 18.818915033685776, 43.638476419489834, 79.84446174834255, 42.60603230440785, 58.51981169226572, 74.22156772412717, 45.986022974415185, 18.03819682973258, 77.22353386436573, 36.944702138445834, 71.79463544547417, 47.190252921766124, 25.253811349523307, 56.55017416313931, 42.889311703936805, 25.475622573294448, 62.1567662064623, 65.48138373870984, 75.96449721163563, 80.79477915815382, 44.026356060257775, 53.076393401037386, 67.90736385482278, 12.37386852057158, 32.02777393223901, 36.300732922488315, 78.83496847352862, 70.5075656740801], [25.572162336364784, 83.26823469157237, 92.45155295763848, 25.14958337193525, 86.81878292696764, 5.655914640907804, 56.01317774893674, 60.18137766818205, 76.38798485662095, 46.60565857608657, 32.01263159371172, 5.894228777321065, 59.62748234828489, 1.4867321550266115, 37.12455403976484, 0.0, 61.168058313421405, 45.61970796509966, 25.31903003827666, 47.99608663879683, 65.06687425480833, 11.883538079774251, 27.286426683154946, 95.1114316261289, 64.54129359910434, 26.788003905008935, 50.17954610896119, 30.788449132203574, 83.86863545863642, 67.04952815076707, 57.217567399982514, 98.44429631699592, 50.13195556986694, 53.57354924113914, 53.96010811490466, 101.0313990447515, 89.86099219077053, 15.66492709635012, 66.54878068805306, 16.87496541100915, 95.20851197372133, 58.01725360851011, 64.12968425194, 105.98632625861259, 62.69996315988764, 18.438448158842668, 60.73400613320927, 71.36235970076615, 57.052069003510894, 32.49120582524064, 94.52607031689551, 81.25609504883084, 22.95881572509054, 85.5061055521255, 67.62665251899834, 69.07137617637191, 49.78844104476311, 62.37835754593501, 40.563632129556204, 73.00203875540824, 60.08273730154191, 78.97914863503235, 88.2564951580703, 75.88315461330653, 67.03620805426584, 70.50125721779239, 28.34694027644802, 50.196432906432875, 24.85313212754502, 67.05950355524446, 16.88799450784527, 67.98813396810681, 96.13144726942284], [75.51247847907821, 57.73960252962177, 63.86305913406649, 38.6368060624861, 64.54712695689214, 66.43238959718259, 57.477445203448795, 87.33155680601308, 78.22411291756238, 91.51510367169523, 34.22690310740122, 66.73622680466619, 92.35126005795601, 60.956619103032025, 26.543736616699782, 61.168058313421405, 0.0, 64.00216717882147, 36.36024214272609, 30.99623585842146, 3.9057036009074926, 57.06368888037218, 38.04829330109062, 90.57697623026827, 93.18929951273141, 43.56818309700544, 39.51479143460142, 35.32064806016358, 113.3017225296413, 43.40920725708722, 34.13256875214779, 66.89766588181405, 92.90682050932996, 95.39204145454822, 48.1742377993017, 82.99676581686408, 84.16142316095662, 58.60483323731885, 75.0245243372836, 68.51151569253625, 89.19557719165559, 85.41126356725628, 98.5789801175823, 83.74803821966856, 60.08365522498688, 43.029793807895395, 60.0481495638853, 103.56874281217446, 60.861816536368195, 85.04917720273394, 83.40540370732828, 20.088086476720772, 44.553887138922995, 94.3414642422547, 41.917790323070584, 94.13779660677999, 69.93120944941037, 14.653406470970628, 82.62630756972726, 46.83852444241986, 1.0936065838239517, 75.55602944672262, 73.50940724186178, 97.07030748349636, 105.78682383677727, 52.31080219049165, 79.60848296617573, 93.89662285210255, 37.01660839893924, 30.11331427427287, 62.75693243218353, 103.2215553505012, 74.97239597707079], [31.946990800868626, 48.08674554034505, 56.721054814631756, 35.826723827966035, 48.82083743406163, 45.538833820015114, 15.74166411393044, 23.355824438348808, 31.00295362324276, 34.25831708311601, 34.27208191753713, 45.793112016176224, 28.6625274337449, 46.950555763085156, 41.059586251079736, 45.61970796509966, 64.00216717882147, 0.0, 48.520774491772855, 33.59823726106531, 66.7657739526012, 54.84758396760462, 33.82698151622531, 49.848399745682016, 29.212032890361456, 27.52614605599401, 26.700412702194665, 33.91283720780407, 49.62280745577906, 37.82949340007814, 35.771003290222446, 63.217942916559004, 33.66087326169749, 34.99947070539629, 21.46904716575594, 58.861614180872046, 45.023792412055585, 59.16563366627956, 20.929721854561762, 33.68144483752648, 50.164156343972586, 21.409442421165338, 34.91201128672484, 64.95520582269445, 21.465736607293774, 40.81245931459379, 19.224580326661595, 39.570692204664695, 14.552583002142038, 38.358054941955245, 50.683654493204216, 79.91159401843277, 30.3590136862128, 40.44434465372535, 39.55129824880269, 30.738555876079847, 6.13083943860185, 54.68359777982627, 26.283593463196077, 42.222748423695585, 63.11706286186355, 34.44897029022451, 46.38660932925726, 35.183765399291104, 42.79424866757188, 35.524586647002934, 34.53617451078359, 35.073091745486614, 40.17725954749323, 47.70840885757495, 29.699407234004983, 39.51270168104456, 55.85331813287537], [44.838715842958145, 70.86671404420956, 79.53616026960955, 12.802793941536601, 75.97416952939577, 30.846193507546193, 51.8526221007913, 69.56576524472942, 74.93451727112605, 64.40115083153907, 17.16369504657009, 31.122426581271164, 71.82184216559018, 24.906800224117724, 16.772566238380293, 25.31903003827666, 36.36024214272609, 48.520774491772855, 0.0, 32.439507687818754, 40.26219395669148, 21.034708484948204, 15.198552497114282, 92.16298884383195, 75.00068257193404, 21.012549407583215, 38.591487599194004, 16.695229324282092, 95.70081476308091, 53.56344552551182, 42.0359473940851, 84.74479898546868, 66.98230666360395, 70.10755752923383, 45.80540568513569, 92.77447074063448, 86.09475010789033, 23.31521437564054, 67.25395299610847, 36.37719218550772, 91.63329507356431, 67.34851521049413, 77.46902438933766, 96.28226132695882, 57.66480450504971, 9.521030109065, 56.31519560243119, 83.96794971756256, 54.23627551385378, 53.788599139786406, 88.7526003821724, 56.377256024949396, 18.395011788627972, 87.8874491656937, 53.41999443545319, 78.05630348104471, 54.35693337049908, 40.1547066037824, 56.374167510848395, 59.33593771491793, 35.29617682211162, 75.39468073554559, 80.56514562688795, 83.421888856976, 82.6503334472111, 59.69751974680595, 48.65019820231035, 67.53986838058836, 8.47049386299569, 48.72311602896145, 31.96335971970833, 81.91330612522027, 86.34616458931526], [52.24748474652908, 38.43771516696721, 47.110603233797136, 23.5567733521021, 43.73397386032644, 51.64136558061609, 26.78673900901864, 56.716614384760625, 48.80652718807718, 64.26257139608668, 16.615035482785643, 51.978059890119674, 62.2430270640288, 48.552222121023426, 16.254509198903424, 47.99608663879683, 30.99623585842146, 33.59823726106531, 32.439507687818754, 0.0, 33.42772402573294, 50.33933091980008, 21.003728506050383, 63.54631184504279, 62.55738601634719, 21.878170016857766, 8.872473740956842, 17.679419300965513, 82.42444847963024, 21.127090746152835, 9.699827130277065, 52.43344167029012, 64.90741281019982, 66.96651305519258, 17.800600796102707, 61.092089916497606, 57.169915841613175, 53.79490349667861, 44.38387983783258, 47.69954086447687, 62.583045835185104, 54.88553956249861, 68.49500536596292, 64.11718342038348, 30.347465479985868, 31.545037947330435, 29.894311383615957, 73.05542227299752, 30.103726365121446, 61.49701063508299, 58.376358444127376, 46.363404895203075, 25.24597547306652, 64.30243960165127, 21.016433880631453, 63.2333614074821, 39.31901292637519, 21.248435949732453, 55.35143195212322, 26.908603631683235, 30.215935271244287, 47.30918201866714, 49.40307433136538, 66.07706532298329, 76.17883775814529, 27.80315426403127, 56.21310386242273, 66.09108005642025, 25.919594685447265, 19.350332556457797, 41.457460142478546, 73.10532576883911, 54.25336629962516], [79.16101298735335, 57.71087093653003, 63.37968512660124, 42.39249362276241, 64.60924358766775, 70.32190839031675, 59.540788811414906, 90.03885731758265, 79.73001500540136, 94.88912477306913, 37.795037477811064, 70.62648613919578, 95.24347306847842, 64.85978841406434, 30.185851950856158, 65.06687425480833, 3.9057036009074926, 66.7657739526012, 40.26219395669148, 33.42772402573294, 0.0, 60.93958143170867, 41.722782313281165, 91.44631114614208, 95.89172975525742, 47.10780213172261, 41.69794333259421, 38.9149593248655, 115.85144891336988, 44.17422768920829, 35.62750211632834, 66.06899321001724, 96.19370846683739, 98.623878835578, 50.173054116540676, 83.01201879439316, 85.0579476608931, 62.43926391147746, 76.99758653583606, 72.25580207923227, 89.98609377124745, 88.1559222652055, 101.48381945475991, 83.41777914495142, 61.788739461277885, 46.90716505724031, 61.88140688477933, 106.32938595795869, 62.94793438274327, 88.70463566451927, 83.9331585012552, 16.190730765960794, 48.22120634777964, 95.99622877613814, 42.56297552419279, 96.66107387456088, 72.62600972709627, 15.070781119296651, 85.97961308960195, 47.17471653835466, 4.9849713670999884, 76.77778517281733, 73.96317678823084, 99.36601596453914, 108.8185257197867, 53.136040339042346, 83.26047848997541, 97.20993893516757, 40.86225910110362, 30.287349727083384, 66.45977927503988, 106.12065967982211, 74.8864639285722], [37.45483126398584, 87.73993450345691, 96.77221106719324, 26.86436526692143, 92.01120147413272, 16.522120439322702, 63.278711061442564, 71.23874720304994, 84.9052160829598, 58.48919318627308, 33.72640160629984, 16.612655271007313, 71.13542073438612, 10.467902791321661, 36.556866500508775, 11.883538079774251, 57.06368888037218, 54.84758396760462, 21.034708484948204, 50.33933091980008, 60.93958143170867, 0.0, 29.55920167165787, 103.33725460679095, 75.82451143869173, 31.668466141502034, 54.392837453589735, 32.69814133365029, 95.44538479195411, 70.81430156005108, 59.99197103045032, 102.4394921784512, 62.004641314879514, 65.44175843875686, 59.69386862091556, 107.40554839743325, 97.77211942368858, 4.319201714136808, 75.58515484797243, 28.71139412212967, 103.22921966669777, 69.04190576716738, 75.80159967487562, 111.81243786063278, 69.80669664556468, 18.81693826197199, 68.01780299545004, 82.98407208085682, 64.80304802737798, 44.17546901206647, 101.7811079061019, 76.89375193551592, 27.637259112918084, 95.2203153883559, 71.06206997525437, 80.1339143799352, 59.588585953860665, 61.03535708011875, 52.34237983129851, 76.77033211088005, 56.023584150379406, 86.83792883103966, 94.74173580111076, 86.72038289424796, 78.8899470218763, 75.50965939796615, 40.19055731012997, 62.07868727016071, 24.623290228500892, 68.33504332594005, 27.944520739034967, 79.73165853890941, 101.85246300990062], [37.469014485764546, 58.24636114001208, 67.23889161212415, 2.7920178479458433, 62.74422377756908, 31.426094936809356, 36.74714486543538, 55.803892239258026, 59.76502369090807, 54.46061657299705, 4.75946310797607, 31.760502297336707, 58.92270535005812, 27.723212912684993, 11.55053524679502, 27.286426683154946, 38.04829330109062, 33.82698151622531, 15.198552497114282, 21.003728506050383, 41.722782313281165, 29.55920167165787, 0.0, 77.16150058411387, 61.43368348550435, 6.674489795061663, 24.999486446504115, 3.511232479470936, 82.2123289569296, 41.256725964824454, 30.5440574069094, 72.88047231631143, 56.37764433881757, 59.20084731425809, 31.256623676201023, 78.80966023721378, 71.16611936105663, 33.23631627597165, 52.08114780038, 30.650677115652243, 76.70387415607951, 53.62786651704196, 64.85380381590387, 82.79216855475974, 42.711205574367874, 10.784487760098141, 41.27359668398032, 70.92979199065712, 39.06086885295499, 47.00178069594658, 74.16493783188801, 57.52995132633312, 6.506894167322804, 72.73736881649637, 41.5137225899963, 64.01269479381214, 39.815889260662914, 35.954391185227806, 45.79761422276139, 47.2112221510819, 36.97276800089027, 60.391357959604605, 66.35940943376063, 68.96774431434969, 70.88859062618683, 46.256962107712766, 41.562646433349904, 57.185953235416406, 6.759278693728715, 39.80678710416731, 24.7501976880046, 69.4258172393876, 72.81705662878275], [80.23760792378081, 37.280470280219134, 38.03968164965184, 79.82186120099392, 30.884987576844978, 95.35872280599736, 40.48437062108392, 48.10270639233167, 18.853029384229842, 73.31948632903193, 75.15542752802774, 95.61828802546752, 55.50170928390064, 96.37459074696321, 78.73273753257571, 95.1114316261289, 90.57697623026827, 49.848399745682016, 92.16298884383195, 63.54631184504279, 91.44631114614208, 103.33725460679095, 77.16150058411387, 0.0, 49.57858704228757, 72.61357299046398, 55.130661817448065, 75.49567922579566, 54.57463321697795, 47.27299922378744, 56.9551146777234, 41.781275987010375, 70.25111809641956, 69.09779178543043, 46.753550875923786, 20.73978165479914, 6.434097650928654, 107.59116514589577, 29.39643172455073, 83.35390745479933, 2.344603190902156, 48.85440815910576, 58.38430400227378, 27.862740389873988, 34.50202472155927, 86.80212577324886, 35.890835961023626, 55.833616239563476, 38.5866939944345, 84.29267369922148, 10.682126256062356, 97.72890652543215, 76.40346200500348, 20.22136969606026, 48.92917162826563, 44.32715459337207, 47.06762191522272, 76.37612965913569, 69.18625578503179, 44.94206224516036, 90.17010193751749, 16.771504082296413, 19.41196659700941, 38.60157920637503, 66.46163666563592, 38.311108319917324, 81.88271096238961, 71.76764478002687, 83.88679532203086, 61.57696453419601, 79.54412922700813, 60.36785362244818, 25.902299762337304], [41.221077835385046, 66.67903412989962, 73.46816181749405, 62.96148062298009, 64.49358594317701, 62.0833126862018, 39.19430832088571, 5.858139007275416, 35.26580502459948, 26.113070252478437, 62.70693233412135, 62.214160392796494, 6.602075927053068, 66.02573482622076, 69.89089137025822, 64.54129359910434, 93.18929951273141, 29.212032890361456, 75.00068257193404, 62.55738601634719, 95.89172975525742, 75.82451143869173, 61.43368348550435, 49.57858704228757, 0.0, 54.790902458575864, 54.97790585898725, 62.16679259427936, 20.77870106419358, 62.22994314340935, 63.33672433342483, 79.58856241933162, 22.260309103981218, 20.263921610305648, 47.931716565584644, 66.7381973732875, 48.10190196346644, 79.96986188751939, 27.146563565112128, 48.267802612345776, 51.134693490745654, 7.877233390556556, 9.089643653044188, 74.02177612941249, 41.07530131676568, 66.18401361274944, 39.52952434161219, 10.614763009615393, 36.060322936489335, 40.86991303075446, 56.053679907630254, 108.59956458355062, 56.681692797610914, 30.849972310300814, 64.2166454427586, 5.925100604865035, 23.26640393334679, 83.34226331386282, 25.981657130065674, 65.00875988900901, 92.31333978041603, 41.78794291508342, 57.06443120406659, 13.584776792765066, 17.886729427916386, 56.798416843795536, 40.81382505659208, 23.59335503897781, 67.147669887194, 74.55875127859629, 47.88083698597501, 12.424326630374857, 67.39130489211315], [32.279955223928674, 56.64782308352157, 65.79835872867119, 8.31614864380836, 60.54350683644393, 29.941516147743428, 32.157112710508805, 49.183653557071985, 54.745165701515596, 48.23608017417992, 9.355928956025254, 30.27684828124845, 52.2485520624544, 27.55577110608117, 17.145414816724838, 26.788003905008935, 43.56818309700544, 27.52614605599401, 21.012549407583215, 21.878170016857766, 47.10780213172261, 31.668466141502034, 6.674489795061663, 72.61357299046398, 54.790902458575864, 0.0, 23.410164926828834, 8.341745927688647, 75.56905612587089, 40.264266790808826, 30.64449280993922, 71.7187792307936, 49.99380997620741, 52.74774384980448, 28.02841171017894, 75.73985470280371, 66.79380104235855, 35.71247233645564, 46.508401917997055, 26.40074241682763, 72.30947829372793, 46.999857850223805, 58.185703328315924, 80.18500685735378, 38.47878974635168, 14.197103511694975, 36.83352999773032, 64.25680611168828, 34.11909659841091, 41.818164082226694, 70.34818740385415, 62.5815824520064, 4.043356068832375, 67.0447381150054, 40.84596089696186, 57.454720413771945, 33.422694421057344, 39.75546971905495, 39.474350514721564, 46.22097078019257, 42.51569745123225, 55.90589599363668, 63.09233690999871, 62.55252595823529, 64.28463717419312, 44.0852056155667, 36.37789519933516, 50.85233761838772, 12.65493680803212, 41.22642382052855, 20.21246320561839, 62.76197652450781, 70.23754016723444], [49.913969894423616, 33.368821594699945, 42.46352662061888, 27.78007336232459, 37.748860600655846, 53.03240314228693, 18.001212040066086, 49.195302973911176, 39.97592068208745, 59.328237460489035, 21.57235694813774, 53.363162282825506, 55.23004188353286, 50.965556965710675, 23.711045490750866, 50.17954610896119, 39.51479143460142, 26.700412702194665, 38.591487599194004, 8.872473740956842, 41.69794333259421, 54.392837453589735, 24.999486446504115, 55.130661817448065, 54.97790585898725, 23.410164926828834, 0.0, 22.29891603045425, 74.42635426570466, 16.89057679316985, 9.460032278827867, 48.31987123033321, 59.48330710074154, 61.22520723641847, 8.929259809879367, 54.18414748654398, 48.8071449167689, 58.18520326880702, 35.595780973219746, 46.80109524793505, 54.27648497922634, 47.4903128326841, 6