instance_id,num_cities,city_coordinates,distance_matrix,best_route,total_distance
2340,43,"[[4.030820172619998, 29.814101033184535], [7.210517386465076, 77.43200951018942], [85.0571629065021, 86.05134108157743], [95.27233797328026, 48.200657818531134], [30.0052488011336, 26.140304579980622], [58.6400054445829, 74.48718435022843], [72.27140206888618, 28.90787961137863], [11.744437385168261, 13.89493966762717], [5.617895980126586, 47.68733575376933], [47.958647439175685, 27.054408641557238], [57.825121548069944, 90.83356112231758], [55.733366640441574, 60.30164576807173], [46.86798698349255, 99.88217929550429], [37.63505981406233, 55.069735510985815], [2.5936485322238356, 52.487302864704276], [33.80558871174891, 16.61592412875381], [84.03528409866547, 72.9124459958543], [39.48955065098393, 26.342809136448253], [17.41647885521903, 78.5591733686894], [87.74824742722683, 66.64454087829915], [15.94765493231498, 92.04684526281916], [95.60449992363107, 86.80197700257352], [88.72024120029572, 50.642907473964236], [54.63699333839849, 63.764917748657965], [99.23987002524176, 57.298024444107554], [28.66320062639558, 5.44617656295242], [63.48735203086129, 62.98718630262796], [27.581233941525795, 37.93859374443754], [3.1782245992805658, 11.826051234747014], [26.948182095685734, 74.82419199188277], [41.013392110647004, 25.396830600615484], [95.65363721133014, 18.836225711830558], [80.59719176237053, 68.15546200904802], [49.52008759459042, 32.97578836992534], [16.069333111628392, 30.680291506180446], [56.90339690347675, 28.01539438056545], [82.14510446926204, 62.264532172841356], [4.329797659976453, 62.77202734661791], [71.10063761473991, 81.22995833552585], [49.73303193001952, 68.48432074719454], [38.782093820770704, 91.54444589762976], [54.53470778215509, 95.75206206043087], [11.47872003803031, 78.35673192826164]]","[[0.0, 47.72395291775554, 98.63009370921786, 93.07566836176348, 26.232951091276803, 70.55386232602093, 68.2465988515644, 17.689533320140896, 17.94355954084614, 44.01442843496618, 81.34618227084806, 60.02202675034388, 82.12526074087732, 42.036793345303934, 22.718704708164793, 32.56883042357139, 90.87453761431303, 35.62823928528608, 50.549559200458326, 91.46086007312087, 63.36343902473252, 107.85804017616488, 87.21317109101348, 60.939664571873294, 99.0965651266304, 34.64895250662684, 68.08474694749057, 24.912434054139933, 18.008244077720242, 50.50855141085589, 37.245441401945975, 92.27813581060329, 85.6298383736722, 45.59901004849608, 12.069634614112452, 52.90316357064586, 84.58647582401235, 32.9592823711265, 84.51006326973148, 59.86717007048183, 70.83986516963448, 83.05695255730978, 49.11067324544506], [47.72395291775554, 0.0, 78.32236650829587, 92.78661631283815, 56.128769583115584, 51.51372862784078, 81.16347638005631, 63.69863165510915, 29.787280168215986, 64.79438843041754, 52.35875991702328, 51.4579076689034, 45.57109849705867, 37.75876163679263, 25.36836351928467, 66.37690908681272, 76.9575937432046, 60.43213038872773, 10.268015770615028, 81.2569716369164, 17.02736023497021, 88.8892144165373, 85.79913207086791, 49.35645873072175, 94.20604599362782, 75.11443112545224, 58.10107602351629, 44.43755148310001, 65.72975845353967, 19.90919687939224, 62.05073878504675, 106.09265442668242, 73.97065843627533, 61.37145370013937, 47.58362903750383, 70.08126800766107, 76.45420008114826, 14.940335443985699, 64.00290523142904, 43.4537153452524, 34.58215290199198, 50.746461177614414, 4.3672262851052075], [98.63009370921786, 78.32236650829587, 0.0, 39.20489797365094, 81.36366229073354, 28.83740503712215, 58.55639050516014, 102.86545575837187, 88.21787820273181, 69.69173471231552, 27.648755940646154, 39.02475927141387, 40.61656365792645, 56.64552714417705, 89.03244276318897, 86.30180174743026, 13.17857353326016, 75.11002645260992, 68.05435119052669, 19.592494226811606, 69.36908650704233, 10.574014017334601, 35.59740598879662, 37.71036172627192, 32.060916999838774, 98.37414054884893, 31.57866331683864, 74.95544587763096, 110.51495007990447, 59.183633950223566, 74.95881127394524, 68.04525701223608, 18.443259754855767, 63.8740793857089, 88.4605776088283, 64.50430721770299, 23.964397810139673, 84.01686704237807, 14.765850121260259, 39.45116516241717, 46.599959435704996, 32.0269301421061, 73.97968819190345], [93.07566836176348, 92.78661631283815, 39.20489797365094, 0.0, 68.8944998821718, 45.08779506246324, 30.02089844472386, 90.29835255699177, 89.65591150976006, 51.82421409159705, 56.743796683924366, 41.34929459391014, 70.80932747115594, 58.04515537017744, 92.77777105677664, 69.10684963904895, 27.14670983198303, 59.91231017456577, 83.56538915975082, 19.919557245772516, 90.63604963230274, 38.60274827404883, 6.992464193831639, 43.514105997574696, 9.924887410116726, 79.15000218275284, 35.05605163122023, 68.46455669978889, 99.01736071148423, 73.3280495326683, 58.8561614608761, 29.36690760120931, 24.770024759645448, 48.218928487072525, 81.11768743519382, 43.35459028612921, 19.238420447709405, 92.10249968682145, 40.92927791770833, 49.85233571965709, 71.20275029418423, 62.61541790138778, 89.05481015863322], [26.232951091276803, 56.128769583115584, 81.36366229073354, 68.8944998821718, 0.0, 56.190480257320814, 42.35666634200063, 21.986500299186936, 32.54254953165933, 17.976654552275356, 70.42132320333349, 42.766029501492035, 75.6453304941341, 29.918656221241097, 38.02052272020632, 10.25457977763726, 71.46242318085096, 9.486463496712805, 53.909321400283176, 70.53259564515564, 67.38907960611495, 89.34819667423878, 63.62254223947609, 44.97037196912749, 75.92256768034875, 20.737599371394683, 49.786985542096275, 12.044728110162593, 30.40702347087495, 48.779776038603565, 11.033221319305516, 66.05346674451071, 65.76334956784339, 20.67734924445598, 14.656780935630536, 26.963425841236187, 63.431257028960616, 44.73378928901195, 68.72918545019529, 46.714035710369, 65.99041377350007, 73.80712118365435, 55.405663546504], [70.55386232602093, 51.51372862784078, 28.83740503712215, 45.08779506246324, 56.190480257320814, 0.0, 47.574026468294676, 76.61993486874947, 59.41023461369193, 48.62056787275098, 16.36667557385713, 14.48026429329232, 27.99082326261302, 28.60498313870731, 60.20954167343118, 62.97484429581145, 25.444055863860207, 51.813326312126776, 41.42415043221112, 30.14625694755403, 46.16252250069865, 38.96187842188612, 38.384503681449516, 11.445134643044286, 44.08873123878744, 75.26798511578748, 12.479852724384187, 47.962972828514474, 83.68050392922133, 31.69361515081921, 52.15899087296671, 66.83590452696089, 22.85188698553893, 42.501398774912516, 61.08441702701009, 46.50422639082937, 26.493072800438934, 55.559369805878575, 14.16800462650812, 10.74097521763096, 26.1779836037001, 21.65752739642732, 47.3197658453312], [68.2465988515644, 81.16347638005631, 58.55639050516014, 30.02089844472386, 42.35666634200063, 47.574026468294676, 0.0, 62.36106012231289, 69.24852234472796, 24.38330150575347, 63.588403435535, 35.48344923106571, 75.3835838472335, 43.40643856509201, 73.55935385031148, 40.38206243882239, 45.54987138397089, 32.88205238312808, 73.98860434250727, 40.78711004496752, 84.61024450406818, 62.41922755241576, 27.257581421658866, 39.06386410709578, 39.157356748589436, 49.518953371223134, 35.19316239877792, 45.593474587979884, 71.17342224127707, 64.51745509056563, 31.454580774592436, 25.45912670397049, 40.12096083198879, 23.112122186769447, 56.23000977237327, 15.393898552714662, 34.787300401113704, 75.91338558838548, 52.335175660572226, 45.54418537522938, 71.02727084063716, 69.15732102607173, 78.36414475997074], [17.689533320140896, 63.69863165510915, 102.86545575837187, 90.29835255699177, 21.986500299186936, 76.61993486874947, 62.36106012231289, 0.0, 34.343275074319955, 38.53103468000308, 89.68266791453767, 63.9422260178552, 92.88417042320994, 48.63834025229291, 39.66241840541602, 22.228318746409585, 93.32219763677172, 30.409550546592243, 64.91251939790635, 92.51540179231915, 78.26485409114645, 111.12131290582448, 85.29764071110394, 65.77831002696465, 97.66923006243051, 18.911005991528267, 71.32585713262212, 28.79064824787344, 8.812508203730149, 62.79751302412696, 31.447817185879263, 84.05456634375912, 87.66359603673111, 42.32113580641013, 17.333573185837274, 47.31510188170755, 85.41587326139023, 49.43628811140801, 89.76170255013696, 66.50664509763916, 82.22214229325871, 92.36663752176807, 64.4623399137959], [17.94355954084614, 29.787280168215986, 88.21787820273181, 89.65591150976006, 32.54254953165933, 59.41023461369193, 69.24852234472796, 34.343275074319955, 0.0, 47.1004980370147, 67.72880602118772, 51.67863404388532, 66.52722525501996, 32.85724586973828, 5.6732492358615305, 41.952099374208956, 82.37471059772473, 40.03595642243782, 33.04961294149174, 84.28979923429466, 45.54635006116076, 98.12004917094055, 83.15488671921442, 51.588376099874544, 94.11397006399642, 48.11862005526846, 59.85782630889068, 24.02969382183531, 35.94417510252237, 34.51651883170798, 41.82950832018546, 94.54533965090138, 77.7228344079348, 46.30153404564676, 19.961765757396837, 54.92893483720325, 77.9031982307518, 15.139587766307582, 73.57375198838022, 48.77150607367266, 54.98463538647946, 68.57895006348053, 31.22436741305845], [44.01442843496618, 64.79438843041754, 69.69173471231552, 51.82421409159705, 17.976654552275356, 48.62056787275098, 24.38330150575347, 38.53103468000308, 47.1004980370147, 0.0, 64.53779979597661, 34.14418010738018, 72.8359369999007, 29.85690876588399, 52.0078382015012, 17.58610332808346, 58.34795028661201, 8.498939596410324, 59.8795862661731, 56.13012415567804, 72.44805352280378, 76.41923307665942, 47.09484900828376, 37.3130243058934, 59.53520040055231, 28.969466016267408, 39.144669838124585, 23.102044632628633, 47.2989338043613, 52.18612703858211, 7.1403176778255695, 48.397836522228644, 52.484008645057585, 6.123792390869427, 32.09478765826441, 8.996223461524913, 49.076131096065716, 56.38461509149489, 58.91130531510547, 41.4678918851945, 65.13965030303036, 69.01168129305493, 62.950087194589095], [81.34618227084806, 52.35875991702328, 27.648755940646154, 56.743796683924366, 70.42132320333349, 16.36667557385713, 63.588403435535, 89.68266791453767, 67.72880602118772, 64.53779979597661, 0.0, 30.603484994235878, 14.210428871444432, 41.06932937339966, 67.23801851526942, 78.00766371699326, 31.75120451738156, 67.04662744556937, 42.23172976572131, 38.47729411932967, 41.89503871055932, 37.99388241491501, 50.69316580178481, 27.255744634327446, 53.28990159235589, 90.22983472073359, 28.416217986194, 60.930865014902494, 96.06492577817444, 34.78053032805451, 67.56182315514414, 81.33027052393031, 32.13819162983993, 58.450795177105235, 73.22541712725543, 62.824928564344766, 37.51867514189547, 60.40860332549296, 16.38500879837683, 23.76910725567094, 19.056291931707445, 5.9176409344555, 47.99646028268595], [60.02202675034388, 51.4579076689034, 39.02475927141387, 41.34929459391014, 42.766029501492035, 14.48026429329232, 35.48344923106571, 63.9422260178552, 51.67863404388532, 34.14418010738018, 30.603484994235878, 0.0, 40.56123260920529, 18.839362911732614, 53.711205494126204, 48.88015671044878, 30.984364027637547, 37.64391243312327, 42.44433064182604, 32.6371706826958, 50.898531875521456, 47.87457388660678, 34.371865219414715, 3.6326694356831535, 43.610062804694536, 61.17120556063779, 8.205877003561955, 35.95342363821744, 71.4977357706236, 32.24114138951006, 37.8817076176891, 57.558744452024655, 26.074743128953127, 28.023335259127254, 49.504143100181835, 32.30744495427748, 26.48457698692534, 51.462896236736, 25.964346402684015, 10.146929902736998, 35.54515733742676, 35.47067518895167, 47.79602370654061], [82.12526074087732, 45.57109849705867, 40.61656365792645, 70.80932747115594, 75.6453304941341, 27.99082326261302, 75.3835838472335, 92.88417042320994, 66.52722525501996, 72.8359369999007, 14.210428871444432, 40.56123260920529, 0.0, 45.75371091022706, 64.85746955585219, 84.28461009047886, 45.92139467722851, 73.90859412885314, 36.360169317327774, 52.687154995315666, 31.89763931012501, 50.46126619089418, 64.62288350532981, 36.94338968456837, 67.49981020526202, 96.17469967933401, 40.46534075628296, 64.87670332117793, 98.29891670939914, 32.01095678789919, 74.71508181969904, 94.59643894164256, 46.30598065898408, 66.95893356631196, 75.74601213215823, 72.56406980229401, 51.570945241967145, 56.45051752280695, 30.579841454068266, 31.528304806400342, 11.61462295784862, 8.708414102469819, 41.42155355967615], [42.036793345303934, 37.75876163679263, 56.64552714417705, 58.04515537017744, 29.918656221241097, 28.60498313870731, 43.40643856509201, 48.63834025229291, 32.85724586973828, 29.85690876588399, 41.06932937339966, 18.839362911732614, 45.75371091022706, 0.0, 35.136440670556524, 38.644022289918645, 49.712605354259104, 28.78672324514077, 30.992655692280056, 51.43255478822153, 42.867822152565296, 66.08624014647313, 51.27662785064679, 19.096385461973558, 61.645096420760915, 50.42808602309099, 27.03751171799725, 19.863419466468, 55.29276374718167, 22.459917769733394, 29.86460136894559, 68.40338117058421, 44.910811833298354, 25.087773628122104, 32.55649777030092, 33.2145478396509, 45.08779407127077, 34.18429151925823, 42.477078004057546, 18.064108790028556, 36.492741535846505, 44.05280689038037, 35.0205412953234], [22.718704708164793, 25.36836351928467, 89.03244276318897, 92.77777105677664, 38.02052272020632, 60.20954167343118, 73.55935385031148, 39.66241840541602, 5.6732492358615305, 52.0078382015012, 67.23801851526942, 53.711205494126204, 64.85746955585219, 35.136440670556524, 0.0, 47.54935354122336, 83.96384028654869, 45.219930843201695, 29.990977482584245, 86.32342150970628, 41.75268711929718, 99.13886895533251, 86.14633920817155, 53.251237883124936, 96.76587813373067, 53.78186599708218, 61.792318923875605, 28.914431719355868, 40.665453560643805, 33.04663252093407, 47.01032210188686, 98.9573468040855, 79.56157343485513, 50.82115584039754, 25.634738525570906, 59.5686416917901, 80.1500365230511, 10.43023352867374, 74.2923131734793, 49.77977549424152, 53.245318989527604, 67.59965254547599, 27.35273031596152], [32.56883042357139, 66.37690908681272, 86.30180174743026, 69.10684963904895, 10.25457977763726, 62.97484429581145, 40.38206243882239, 22.228318746409585, 41.952099374208956, 17.58610332808346, 78.00766371699326, 48.88015671044878, 84.28461009047886, 38.644022289918645, 47.54935354122336, 0.0, 75.44746962619323, 11.265865047992685, 64.07471457829668, 73.57087007211084, 77.51599616856018, 93.51570694263455, 64.60228055969145, 51.54585354894184, 77.04984397830941, 12.296642464677502, 55.05725228641524, 22.212582736935417, 30.999650237034206, 58.61080508851417, 11.360314621732496, 61.887889302563586, 69.61162317430347, 22.684590212926263, 22.63583867321971, 25.757652557711623, 66.48687238871742, 54.76502645289121, 74.60492000632664, 54.25876901699032, 75.0936014422603, 81.8060187527574, 65.65376160212942], [90.87453761431303, 76.9575937432046, 13.17857353326016, 27.14670983198303, 71.46242318085096, 25.444055863860207, 45.54987138397089, 93.32219763677172, 82.37471059772473, 58.34795028661201, 31.75120451738156, 30.984364027637547, 45.92139467722851, 49.712605354259104, 83.96384028654869, 75.44746962619323, 0.0, 64.44418861005889, 66.85769022399273, 7.28510337894497, 70.72517572125281, 18.076665245316935, 22.75700263703595, 30.78858185526663, 21.794255977075586, 87.279809459307, 22.819471778309833, 66.40956347130111, 101.33810584275248, 57.1191035280837, 64.09849371566374, 55.310249766718876, 5.8693590419756525, 52.78480285125241, 80.01828145125342, 52.45840777719389, 10.814381527101853, 80.34794744615336, 15.378104277989417, 34.58688764632045, 48.93876429444362, 37.308605776462855, 72.76053351645288], [35.62823928528608, 60.43213038872773, 75.11002645260992, 59.91231017456577, 9.486463496712805, 51.813326312126776, 32.88205238312808, 30.409550546592243, 40.03595642243782, 8.498939596410324, 67.04662744556937, 37.64391243312327, 73.90859412885314, 28.78672324514077, 45.219930843201695, 11.265865047992685, 64.44418861005889, 0.0, 56.6901154711742, 62.87393256297453, 69.79427782651051, 82.48756579591905, 54.90132667955342, 40.37151511836692, 67.29283780662958, 23.53463634234851, 43.803023285673746, 16.62137862897182, 39.105609055603736, 50.07724442114445, 1.7935908631693012, 56.66351042663, 58.63562140872293, 12.025310178485748, 23.818487418357915, 17.493987044247422, 55.76617664361934, 50.6290052222322, 63.33924507153482, 43.36860511421387, 65.20547470499444, 71.02113167619213, 59.07668572135969], [50.549559200458326, 10.268015770615028, 68.05435119052669, 83.56538915975082, 53.909321400283176, 41.42415043221112, 73.98860434250727, 64.91251939790635, 33.04961294149174, 59.8795862661731, 42.23172976572131, 42.44433064182604, 36.360169317327774, 30.992655692280056, 29.990977482584245, 64.07471457829668, 66.85769022399273, 56.6901154711742, 0.0, 71.33383585541667, 13.567414523047239, 78.62131040844599, 76.57378419582105, 40.05292371030364, 84.54054527950362, 73.9729616313553, 48.63139044230279, 41.873066940155994, 68.23516303197657, 10.237355740102803, 58.16398373370219, 98.42704620409528, 64.0315523278222, 55.753804193401834, 47.89783011847784, 64.13961561585899, 66.74811087652124, 20.505979718806984, 53.75055343023477, 33.85058726198467, 25.00213601888964, 40.90670287665634, 5.941208825475236], [91.46086007312087, 81.2569716369164, 19.592494226811606, 19.919557245772516, 70.53259564515564, 30.14625694755403, 40.78711004496752, 92.51540179231915, 84.28979923429466, 56.13012415567804, 38.47729411932967, 32.6371706826958, 52.687154995315666, 51.43255478822153, 86.32342150970628, 73.57087007211084, 7.28510337894497, 62.87393256297453, 71.33383585541667, 0.0, 76.16168426882507, 21.63429995149968, 16.03112733096496, 33.23623589854477, 14.812655379432178, 85.06634205330758, 24.53502166140421, 66.66409012834862, 100.78271462864842, 61.34781688584863, 62.33394183439212, 48.45750908471252, 7.308931507766155, 50.94091773476135, 80.19534893223448, 49.43294208294564, 7.111939768254265, 83.50828774812909, 22.133172273092352, 38.05970834445665, 54.933500425357394, 44.16318608437348, 77.16356800564772], [63.36343902473252, 17.02736023497021, 69.36908650704233, 90.63604963230274, 67.38907960611495, 46.16252250069865, 84.61024450406818, 78.26485409114645, 45.54635006116076, 72.44805352280378, 41.89503871055932, 50.898531875521456, 31.89763931012501, 42.867822152565296, 41.75268711929718, 77.51599616856018, 70.72517572125281, 69.79427782651051, 13.567414523047239, 76.16168426882507, 0.0, 79.8293279255055, 83.72655120422714, 47.92423531175763, 90.25006173614125, 87.52920039371051, 55.71791973058715, 55.34476527134249, 81.23074630658391, 20.436031502298917, 71.20755321428466, 108.22586763848223, 68.92286127345038, 67.94481582362644, 61.36667438883869, 76.00920669560267, 72.58848736670379, 31.49586594502788, 56.20370576363905, 41.19034183429938, 22.83996507161869, 38.764536359327934, 14.401061842877589], [107.85804017616488, 88.8892144165373, 10.574014017334601, 38.60274827404883, 89.34819667423878, 38.96187842188612, 62.41922755241576, 111.12131290582448, 98.12004917094055, 76.41923307665942, 37.99388241491501, 47.87457388660678, 50.46126619089418, 66.08624014647313, 99.13886895533251, 93.51570694263455, 18.076665245316935, 82.48756579591905, 78.62131040844599, 21.63429995149968, 79.8293279255055, 0.0, 36.80857681770132, 47.000454198651006, 29.727077426950256, 105.35608106214617, 39.983189528203724, 83.75437265184263, 119.01262880499394, 69.69330894321328, 82.16313684916582, 67.96576905316506, 23.93557644283522, 70.85923822925602, 97.34210981260448, 70.3820834541773, 27.986452522055014, 94.38490214958406, 25.129398323060272, 49.39360390353343, 57.01996884021385, 42.033698969837566, 84.54861918284496], [87.21317109101348, 85.79913207086791, 35.59740598879662, 6.992464193831639, 63.62254223947609, 38.384503681449516, 27.257581421658866, 85.29764071110394, 83.15488671921442, 47.09484900828376, 50.69316580178481, 34.371865219414715, 64.62288350532981, 51.27662785064679, 86.14633920817155, 64.60228055969145, 22.75700263703595, 54.90132667955342, 76.57378419582105, 16.03112733096496, 83.72655120422714, 36.80857681770132, 0.0, 36.52197884103064, 12.448018818306998, 75.16377190866288, 28.090566310360437, 62.44499816579516, 93.93713287334465, 66.33642895845355, 53.975066906466644, 32.55360172029318, 19.304753262221727, 42.99743178548209, 75.34361606921453, 39.04248877569097, 13.352699490115809, 85.2576243500663, 35.2989817263882, 42.875616780059374, 64.55040208334684, 56.59935090253733, 82.06283359319436], [60.939664571873294, 49.35645873072175, 37.71036172627192, 43.514105997574696, 44.97037196912749, 11.445134643044286, 39.06386410709578, 65.77831002696465, 51.588376099874544, 37.3130243058934, 27.255744634327446, 3.6326694356831535, 36.94338968456837, 19.096385461973558, 53.251237883124936, 51.54585354894184, 30.78858185526663, 40.37151511836692, 40.05292371030364, 33.23623589854477, 47.92423531175763, 47.000454198651006, 36.52197884103064, 0.0, 45.069250246195416, 63.84131484651146, 8.884464822790157, 37.40338391258787, 73.11395718257822, 29.81573099592616, 40.71501715353408, 60.83545383030342, 26.328858332910002, 31.21142759137032, 50.813944040706154, 35.82129263672086, 27.548998799667068, 50.316992839174205, 24.001650475724627, 6.805997513771681, 31.98562212766214, 31.987307851039947, 45.55828788838926], [99.0965651266304, 94.20604599362782, 32.060916999838774, 9.924887410116726, 75.92256768034875, 44.08873123878744, 39.157356748589436, 97.66923006243051, 94.11397006399642, 59.53520040055231, 53.28990159235589, 43.610062804694536, 67.49981020526202, 61.645096420760915, 96.76587813373067, 77.04984397830941, 21.794255977075586, 67.29283780662958, 84.54054527950362, 14.812655379432178, 90.25006173614125, 29.727077426950256, 12.448018818306998, 45.069250246195416, 0.0, 87.57671147128374, 36.20233563723399, 74.2276746395424, 106.28047830855812, 74.38585008331225, 66.39283770843694, 38.62862963551465, 21.573905610470995, 55.35004907495165, 87.32606665396955, 51.476687731712026, 17.80160690593642, 95.06779972291663, 36.93986817025006, 50.75490363666358, 69.48352384531294, 58.96833506364505, 90.25236067816171], [34.64895250662684, 75.11443112545224, 98.37414054884893, 79.15000218275284, 20.737599371394683, 75.26798511578748, 49.518953371223134, 18.911005991528267, 48.11862005526846, 28.969466016267408, 90.22983472073359, 61.17120556063779, 96.17469967933401, 50.42808602309099, 53.78186599708218, 12.296642464677502, 87.279809459307, 23.53463634234851, 73.9729616313553, 85.06634205330758, 87.52920039371051, 105.35608106214617, 75.16377190866288, 63.84131484651146, 87.57671147128374, 0.0, 67.2583773436632, 32.51042642296218, 26.271406584544216, 69.39920974634781, 23.463926061684518, 68.3155327143799, 81.42231829462621, 34.5382289680099, 28.202234945967533, 36.15077148093704, 78.02973518389904, 62.27654187571124, 86.85688019893834, 66.46612229817887, 86.69085293100889, 93.93874513742563, 74.90831366924317], [68.08474694749057, 58.10107602351629, 31.57866331683864, 35.05605163122023, 49.786985542096275, 12.479852724384187, 35.19316239877792, 71.32585713262212, 59.85782630889068, 39.144669838124585, 28.416217986194, 8.205877003561955, 40.46534075628296, 27.03751171799725, 61.792318923875605, 55.05725228641524, 22.819471778309833, 43.803023285673746, 48.63139044230279, 24.53502166140421, 55.71791973058715, 39.983189528203724, 28.090566310360437, 8.884464822790157, 36.20233563723399, 67.2583773436632, 0.0, 43.77991897424592, 79.08636161180131, 38.408666251759996, 43.796275141833924, 54.62579265696193, 17.873379350741256, 33.102393896933556, 57.377730607034785, 35.586158760948756, 18.671742153423892, 59.157945641482065, 19.767671810963865, 14.812150706027138, 37.76065225606637, 33.96596712104858, 54.23210059092453], [24.912434054139933, 44.43755148310001, 74.95544587763096, 68.46455669978889, 12.044728110162593, 47.962972828514474, 45.593474587979884, 28.79064824787344, 24.02969382183531, 23.102044632628633, 60.930865014902494, 35.95342363821744, 64.87670332117793, 19.863419466468, 28.914431719355868, 22.212582736935417, 66.40956347130111, 16.62137862897182, 41.873066940155994, 66.66409012834862, 55.34476527134249, 83.75437265184263, 62.44499816579516, 37.40338391258787, 74.2276746395424, 32.51042642296218, 43.77991897424592, 0.0, 35.7403377331287, 36.89103024735764, 18.37712425370256, 70.70185677462815, 61.02254428801221, 22.493170892425866, 13.60907094916036, 30.955760794759346, 59.74083400313438, 34.019534294708535, 61.38469470666688, 37.73252697938469, 54.763552177560406, 63.787826979776106, 43.50766424733652], [18.008244077720242, 65.72975845353967, 110.51495007990447, 99.01736071148423, 30.40702347087495, 83.68050392922133, 71.17342224127707, 8.812508203730149, 35.94417510252237, 47.2989338043613, 96.06492577817444, 71.4977357706236, 98.29891670939914, 55.29276374718167, 40.665453560643805, 30.999650237034206, 101.33810584275248, 39.105609055603736, 68.23516303197657, 100.78271462864842, 81.23074630658391, 119.01262880499394, 93.93713287334465, 73.11395718257822, 106.28047830855812, 26.271406584544216, 79.08636161180131, 35.7403377331287, 0.0, 67.33332472287996, 40.19534740750775, 92.740737995597, 95.74287960354827, 50.93996119711135, 22.83994428386525, 56.11139786717692, 93.70063220567187, 50.95898941801575, 97.11002270979128, 73.3315047557826, 87.30783442033197, 98.39239634253084, 67.04647416584339], [50.50855141085589, 19.90919687939224, 59.183633950223566, 73.3280495326683, 48.779776038603565, 31.69361515081921, 64.51745509056563, 62.79751302412696, 34.51651883170798, 52.18612703858211, 34.78053032805451, 32.24114138951006, 32.01095678789919, 22.459917769733394, 33.04663252093407, 58.61080508851417, 57.1191035280837, 50.07724442114445, 10.237355740102803, 61.34781688584863, 20.436031502298917, 69.69330894321328, 66.33642895845355, 29.81573099592616, 74.38585008331225, 69.39920974634781, 38.408666251759996, 36.89103024735764, 67.33332472287996, 0.0, 51.389631122123326, 88.62895650307574, 54.06189228837627, 47.54765823421531, 45.46463796523091, 55.57318083390735, 56.60782008066245, 25.629006752469127, 44.61471921699617, 23.650440786005767, 20.484344202091286, 34.62646596255912, 15.867674522605775], [37.245441401945975, 62.05073878504675, 74.95881127394524, 58.8561614608761, 11.033221319305516, 52.15899087296671, 31.454580774592436, 31.447817185879263, 41.82950832018546, 7.1403176778255695, 67.56182315514414, 37.8817076176891, 74.71508181969904, 29.86460136894559, 47.01032210188686, 11.360314621732496, 64.09849371566374, 1.7935908631693012, 58.16398373370219, 62.33394183439212, 71.20755321428466, 82.16313684916582, 53.975066906466644, 40.71501715353408, 66.39283770843694, 23.463926061684518, 43.796275141833924, 18.37712425370256, 40.19534740750775, 51.389631122123326, 0.0, 55.03269865424987, 58.268153864610994, 11.393176419485725, 25.49747121749831, 16.104320183907735, 55.2362668974882, 52.36975686045963, 63.42381646263788, 43.960936360718414, 66.18523779167225, 71.6427565860832, 60.63866755685699], [92.27813581060329, 106.09265442668242, 68.04525701223608, 29.36690760120931, 66.05346674451071, 66.83590452696089, 25.45912670397049, 84.05456634375912, 94.54533965090138, 48.397836522228644, 81.33027052393031, 57.558744452024655, 94.59643894164256, 68.40338117058421, 98.9573468040855, 61.887889302563586, 55.310249766718876, 56.66351042663, 98.42704620409528, 48.45750908471252, 108.22586763848223, 67.96576905316506, 32.55360172029318, 60.83545383030342, 38.62862963551465, 68.3155327143799, 54.62579265696193, 70.70185677462815, 92.740737995597, 88.62895650307574, 55.03269865424987, 0.0, 51.56630313003124, 48.251752635550694, 80.460818747852, 39.82258481522099, 45.48074602416937, 101.3429737855209, 67.05093332614646, 67.62865760934832, 92.30849218902313, 87.21704098744777, 103.09271235830445], [85.6298383736722, 73.97065843627533, 18.443259754855767, 24.770024759645448, 65.76334956784339, 22.85188698553893, 40.12096083198879, 87.66359603673111, 77.7228344079348, 52.484008645057585, 32.13819162983993, 26.074743128953127, 46.30598065898408, 44.910811833298354, 79.56157343485513, 69.61162317430347, 5.8693590419756525, 58.63562140872293, 64.0315523278222, 7.308931507766155, 68.92286127345038, 23.93557644283522, 19.304753262221727, 26.328858332910002, 21.573905610470995, 81.42231829462621, 17.873379350741256, 61.02254428801221, 95.74287960354827, 54.06189228837627, 58.268153864610994, 51.56630313003124, 0.0, 46.940343424502544, 74.62059331222952, 46.611382129631124, 6.090902074673841, 76.4571564468268, 16.159424335970712, 30.86591178349612, 47.911866830733295, 37.95820603789081, 69.86722437218378], [45.59901004849608, 61.37145370013937, 63.8740793857089, 48.218928487072525, 20.67734924445598, 42.501398774912516, 23.112122186769447, 42.32113580641013, 46.30153404564676, 6.123792390869427, 58.450795177105235, 28.023335259127254, 66.95893356631196, 25.087773628122104, 50.82115584039754, 22.684590212926263, 52.78480285125241, 12.025310178485748, 55.753804193401834, 50.94091773476135, 67.94481582362644, 70.85923822925602, 42.99743178548209, 31.21142759137032, 55.35004907495165, 34.5382289680099, 33.102393896933556, 22.493170892425866, 50.93996119711135, 47.54765823421531, 11.393176419485725, 48.251752635550694, 46.940343424502544, 0.0, 33.52942411272324, 8.894872954706278, 43.84315499169123, 54.129272686141334, 52.860051629195716, 35.50917088411903, 59.54487513534744, 62.976241187377866, 59.216346424093146], [12.069634614112452, 47.58362903750383, 88.4605776088283, 81.11768743519382, 14.656780935630536, 61.08441702701009, 56.23000977237327, 17.333573185837274, 19.961765757396837, 32.09478765826441, 73.22541712725543, 49.504143100181835, 75.74601213215823, 32.55649777030092, 25.634738525570906, 22.63583867321971, 80.01828145125342, 23.818487418357915, 47.89783011847784, 80.19534893223448, 61.36667438883869, 97.34210981260448, 75.34361606921453, 50.813944040706154, 87.32606665396955, 28.202234945967533, 57.377730607034785, 13.60907094916036, 22.83994428386525, 45.46463796523091, 25.49747121749831, 80.460818747852, 74.62059331222952, 33.52942411272324, 0.0, 40.92092914935891, 73.23641047317813, 34.171570082058146, 74.72424835267334, 50.62004785646491, 64.96394991698808, 75.59047804855457, 47.89693831250331], [52.90316357064586, 70.08126800766107, 64.50430721770299, 43.35459028612921, 26.963425841236187, 46.50422639082937, 15.393898552714662, 47.31510188170755, 54.92893483720325, 8.996223461524913, 62.824928564344766, 32.30744495427748, 72.56406980229401, 33.2145478396509, 59.5686416917901, 25.757652557711623, 52.45840777719389, 17.493987044247422, 64.13961561585899, 49.43294208294564, 76.00920669560267, 70.3820834541773, 39.04248877569097, 35.82129263672086, 51.476687731712026, 36.15077148093704, 35.586158760948756, 30.955760794759346, 56.11139786717692, 55.57318083390735, 16.104320183907735, 39.82258481522099, 46.611382129631124, 8.894872954706278, 40.92092914935891, 0.0, 42.54582518121988, 63.02385954980114, 55.0758700406096, 41.09924737899989, 66.06301546306452, 67.77807046918636, 67.80598450300174], [84.58647582401235, 76.45420008114826, 23.964397810139673, 19.238420447709405, 63.431257028960616, 26.493072800438934, 34.787300401113704, 85.41587326139023, 77.9031982307518, 49.076131096065716, 37.51867514189547, 26.48457698692534, 51.570945241967145, 45.08779407127077, 80.1500365230511, 66.48687238871742, 10.814381527101853, 55.76617664361934, 66.74811087652124, 7.111939768254265, 72.58848736670379, 27.986452522055014, 13.352699490115809, 27.548998799667068, 17.80160690593642, 78.02973518389904, 18.671742153423892, 59.74083400313438, 93.70063220567187, 56.60782008066245, 55.2362668974882, 45.48074602416937, 6.090902074673841, 43.84315499169123, 73.23641047317813, 42.54582518121988, 0.0, 77.81696168043734, 21.946927749297288, 33.00345764005301, 52.32269144675401, 43.402173484649445, 72.47549090244908], [32.9592823711265, 14.940335443985699, 84.01686704237807, 92.10249968682145, 44.73378928901195, 55.559369805878575, 75.91338558838548, 49.43628811140801, 15.139587766307582, 56.38461509149489, 60.40860332549296, 51.462896236736, 56.45051752280695, 34.18429151925823, 10.43023352867374, 54.76502645289121, 80.34794744615336, 50.6290052222322, 20.505979718806984, 83.50828774812909, 31.49586594502788, 94.38490214958406, 85.2576243500663, 50.316992839174205, 95.06779972291663, 62.27654187571124, 59.157945641482065, 34.019534294708535, 50.95898941801575, 25.629006752469127, 52.36975686045963, 101.3429737855209, 76.4571564468268, 54.129272686141334, 34.171570082058146, 63.02385954980114, 77.81696168043734, 0.0, 69.27510580761263, 45.76116233308203, 44.886665949095494, 60.068425067587235, 17.14613974236027], [84.51006326973148, 64.00290523142904, 14.765850121260259, 40.92927791770833, 68.72918545019529, 14.16800462650812, 52.335175660572226, 89.76170255013696, 73.57375198838022, 58.91130531510547, 16.38500879837683, 25.964346402684015, 30.579841454068266, 42.477078004057546, 74.2923131734793, 74.60492000632664, 15.378104277989417, 63.33924507153482, 53.75055343023477, 22.133172273092352, 56.20370576363905, 25.129398323060272, 35.2989817263882, 24.001650475724627, 36.93986817025006, 86.85688019893834, 19.767671810963865, 61.38469470666688, 97.11002270979128, 44.61471921699617, 63.42381646263788, 67.05093332614646, 16.159424335970712, 52.860051629195716, 74.72424835267334, 55.0758700406096, 21.946927749297288, 69.27510580761263, 0.0, 24.880230108075345, 33.92457702951507, 22.030014249088087, 59.691108931827976], [59.86717007048183, 43.4537153452524, 39.45116516241717, 49.85233571965709, 46.714035710369, 10.74097521763096, 45.54418537522938, 66.50664509763916, 48.77150607367266, 41.4678918851945, 23.76910725567094, 10.146929902736998, 31.528304806400342, 18.064108790028556, 49.77977549424152, 54.25876901699032, 34.58688764632045, 43.36860511421387, 33.85058726198467, 38.05970834445665, 41.19034183429938, 49.39360390353343, 42.875616780059374, 6.805997513771681, 50.75490363666358, 66.46612229817887, 14.812150706027138, 37.73252697938469, 73.3315047557826, 23.650440786005767, 43.960936360718414, 67.62865760934832, 30.86591178349612, 35.50917088411903, 50.62004785646491, 41.09924737899989, 33.00345764005301, 45.76116233308203, 24.880230108075345, 0.0, 25.528267027480197, 27.687286022912343, 39.507681289309375], [70.83986516963448, 34.58215290199198, 46.599959435704996, 71.20275029418423, 65.99041377350007, 26.1779836037001, 71.02727084063716, 82.22214229325871, 54.98463538647946, 65.13965030303036, 19.056291931707445, 35.54515733742676, 11.61462295784862, 36.492741535846505, 53.245318989527604, 75.0936014422603, 48.93876429444362, 65.20547470499444, 25.00213601888964, 54.933500425357394, 22.83996507161869, 57.01996884021385, 64.55040208334684, 31.98562212766214, 69.48352384531294, 86.69085293100889, 37.76065225606637, 54.763552177560406, 87.30783442033197, 20.484344202091286, 66.18523779167225, 92.30849218902313, 47.911866830733295, 59.54487513534744, 64.96394991698808, 66.06301546306452, 52.32269144675401, 44.886665949095494, 33.92457702951507, 25.528267027480197, 0.0, 16.304872903211095, 30.32144488077543], [83.05695255730978, 50.746461177614414, 32.0269301421061, 62.61541790138778, 73.80712118365435, 21.65752739642732, 69.15732102607173, 92.36663752176807, 68.57895006348053, 69.01168129305493, 5.9176409344555, 35.47067518895167, 8.708414102469819, 44.05280689038037, 67.59965254547599, 81.8060187527574, 37.308605776462855, 71.02113167619213, 40.90670287665634, 44.16318608437348, 38.764536359327934, 42.033698969837566, 56.59935090253733, 31.987307851039947, 58.96833506364505, 93.93874513742563, 33.96596712104858, 63.787826979776106, 98.39239634253084, 34.62646596255912, 71.6427565860832, 87.21704098744777, 37.95820603789081, 62.976241187377866, 75.59047804855457, 67.77807046918636, 43.402173484649445, 60.068425067587235, 22.030014249088087, 27.687286022912343, 16.304872903211095, 0.0, 46.43722204255308], [49.11067324544506, 4.3672262851052075, 73.97968819190345, 89.05481015863322, 55.405663546504, 47.3197658453312, 78.36414475997074, 64.4623399137959, 31.22436741305845, 62.950087194589095, 47.99646028268595, 47.79602370654061, 41.42155355967615, 35.0205412953234, 27.35273031596152, 65.65376160212942, 72.76053351645288, 59.07668572135969, 5.941208825475236, 77.16356800564772, 14.401061842877589, 84.54861918284496, 82.06283359319436, 45.55828788838926, 90.25236067816171, 74.90831366924317, 54.23210059092453, 43.50766424733652, 67.04647416584339, 15.867674522605775, 60.63866755685699, 103.09271235830445, 69.86722437218378, 59.216346424093146, 47.89693831250331, 67.80598450300174, 72.47549090244908, 17.14613974236027, 59.691108931827976, 39.507681289309375, 30.32144488077543, 46.43722204255308, 0.0]]",Route_0,2094.467748709809
