instance_id,num_cities,city_coordinates,distance_matrix,best_route,total_distance
95,89,"[[84.64333936670175, 1.450889457634763], [35.70245213335531, 74.53111609662137], [61.88384184875103, 33.94146028436486], [46.58238864711074, 75.96715743056495], [71.11634480067123, 39.74723221710714], [47.90023253582787, 77.060768300055], [32.41862584483491, 70.17042167110593], [68.18332042201112, 42.62605964230981], [26.595403653873984, 44.2695101287069], [80.95454550164213, 75.51058634944029], [33.66587800989866, 56.93452247056007], [5.22370488848013, 4.377631802660387], [0.8591689044988526, 51.892595703399415], [74.69595581349502, 65.37812707929041], [47.746317818521455, 38.81895530048135], [42.527998364383215, 23.54222148033057], [47.88707527216706, 87.81769279836205], [83.13852870084402, 45.79535138858206], [79.48722142579877, 13.084655734217032], [82.63014791887083, 71.09829176398424], [11.236372236575576, 78.74216952606594], [21.70410287779476, 4.649146855240216], [99.937132491315, 95.42575529114555], [66.84724355137153, 1.9964129121072038], [9.362221956628147, 2.497942227746064], [14.607066637629007, 76.5830590622449], [70.24359511234462, 51.10256918832615], [53.14322177166593, 6.306661487178555], [46.04344155798557, 42.58888146839529], [38.10735730380672, 66.18465452187264], [17.134318849353882, 6.598011118795277], [17.73620318067707, 68.77507055335667], [78.24630061709101, 98.5951925297836], [10.52542725436425, 69.6844312413954], [96.60062406933741, 10.75369528266985], [34.98207624559997, 90.47988849103615], [49.518234450668984, 30.362661458592953], [29.772586386098144, 40.127967004505194], [51.25690055649352, 69.31099917371861], [12.357072884475716, 64.99305702392247], [50.074533874490434, 31.807478236837493], [59.95692822811151, 33.491474975891855], [42.39288788980984, 24.387261644713455], [28.040985337022473, 6.924297527005696], [87.56472257959629, 82.9556336248876], [17.51037043842819, 61.315128797452786], [39.091762073585365, 74.00924695145916], [6.433439980234013, 99.75144977303843], [81.87806057320323, 38.88430707270353], [25.846474516999685, 9.062395427697002], [75.77230418263883, 52.489340672186536], [45.58536334145005, 3.7627991004112515], [94.45886703644572, 22.500731396668595], [82.27603510672007, 64.84961585155172], [73.35214520543231, 0.6893823956533374], [32.339696584717124, 4.014574527737935], [95.45830552483098, 40.03501689398241], [76.3210302739702, 15.321335528299285], [74.85270822616874, 68.23185370036431], [42.03227141057582, 3.395294357964207], [47.920187454643106, 31.248499423782693], [1.6260417650191816, 20.965666540928108], [33.16745886182547, 90.69939027215547], [28.809220963888272, 16.902748197980543], [36.87937374588787, 75.49655745198012], [60.328004857978215, 64.84205713256742], [26.293001835328344, 24.90806376548583], [43.78483132047726, 20.361847510844044], [35.748003951053185, 82.90350921897152], [98.38848786161408, 70.84791234373601], [52.71731026111416, 53.58039460928769], [52.683640703336984, 12.539843417229967], [87.0891106388202, 99.92649088131624], [92.32677244374301, 24.63674044726869], [32.01374681501235, 32.785359334625056], [26.32937625245252, 8.856206898095431], [15.227051999678364, 10.680799519732421], [93.21425024025285, 94.60896335260404], [62.90408265107848, 65.90092111460892], [18.42605730927159, 47.452481984168195], [75.03498754192434, 10.506569323574034], [93.49839397246498, 52.879125814203796], [63.53758431782386, 75.74273616232237], [19.089271671216856, 46.01859273672944], [66.5758664118878, 99.10437545397032], [61.98302615847802, 20.759908457658327], [21.669257097906367, 95.84026357522607], [0.3188965683448841, 76.69470437886957], [11.890402153236657, 77.93984705322228]]","[[0.0, 87.95413559800802, 39.66902973247984, 83.67383200435293, 40.61513819674151, 84.06491347851659, 86.31219386668006, 44.34328430998912, 72.13180378095193, 74.15150641682885, 75.34676568172868, 79.47354378287466, 97.7964874063659, 64.69653892976217, 52.51440320485608, 47.55763764400581, 93.86291956615798, 44.36998714317273, 12.725174654936744, 69.67649236168619, 106.59514434466558, 63.020443827284325, 95.21121528772133, 17.804455119654556, 75.28839856188127, 102.71281520471028, 51.69760085990491, 31.87218113816476, 56.411758504063044, 79.72488925015847, 67.70495338309068, 94.9163328032895, 97.3547005754603, 100.74364059457251, 15.149879658868302, 101.94313965967838, 45.49355509957096, 67.13207772909348, 75.62835967483836, 96.24401997506952, 46.005703944923575, 40.447719530973046, 48.07471080625857, 56.866375632661914, 81.55708308691476, 89.94755510217917, 85.67182405022308, 125.61762822296767, 37.53541689058366, 59.28748889341177, 51.80365592906608, 39.12633917689591, 23.22585690763243, 63.44290849125747, 11.316844020880238, 52.366435141263175, 40.07116647947493, 16.17560208567753, 67.49484160525675, 42.65540789604535, 47.2915155820874, 85.2801162387632, 103.02941896075997, 57.932794825996396, 88.11445602484936, 67.89459206345192, 62.888798021063444, 45.02268333022403, 95.00148994301976, 70.74514748448301, 61.12901636544657, 33.8287930404131, 98.50596871698333, 24.425782074743896, 61.25131030948524, 58.78228492057799, 70.02722464567321, 93.55152187443512, 68.01765846552455, 80.62800355987044, 13.20324818455979, 52.18501208985371, 77.2316734440996, 79.26926243505513, 99.31080961410717, 29.771261468706193, 113.46844928837102, 113.0143501381767, 105.56301675892925], [87.95413559800802, 0.0, 48.30098680551856, 10.974298759198382, 49.639322835789194, 12.457326640065286, 5.458861691405927, 45.52954460718683, 31.60226459867932, 45.26269232147272, 17.71405491131476, 76.48833500737231, 41.55185906503626, 40.053346142419244, 37.68836862178679, 51.44371152573567, 18.02770538604691, 55.46102715846912, 75.45047059535831, 47.0530861329694, 24.82583405449344, 71.27021402334915, 67.54761363481761, 78.93846463250541, 76.69801733673818, 21.194946547407742, 41.737122187917706, 70.41843971810609, 33.574430975445594, 8.686022662739315, 70.42501207369995, 18.86579342953138, 48.87799932882006, 25.63928501037444, 88.18246283034, 15.965033113291875, 46.27880968813882, 34.91045653145871, 16.407025520698216, 25.21866973391562, 45.076223949526074, 47.671078799932495, 50.588220663563284, 68.03954725434497, 52.542055454874486, 22.485865709077956, 3.4292519994329096, 38.63599750452133, 58.334225017375736, 66.20644742621182, 45.73218677378866, 71.45506717107729, 78.48233702107235, 47.569213552172336, 82.88607255978704, 70.59667669030861, 68.99813674833432, 71.80297351164566, 39.653792490375665, 71.41688698421602, 44.973969831769764, 63.48589709293526, 16.365796060746458, 58.03917145012331, 1.522242258210952, 26.463100925668122, 50.507277471367, 54.76891921922967, 8.372517038697003, 62.79414833573113, 26.989592956315345, 64.27502356016632, 57.31940101581997, 75.4702747580271, 41.90840911508492, 66.34039681599582, 67.05300095896618, 60.91573583174642, 28.537851500249307, 32.12049569221714, 75.14114007093893, 61.71855131368245, 27.861489675005643, 32.999420501214296, 39.45900131348272, 59.849906783907635, 25.514904059546723, 35.44964201056566, 24.054795176641143], [39.66902973247984, 48.30098680551856, 0.0, 44.724642991376896, 10.906241263250744, 45.33007890097294, 46.698357544130076, 10.72873227846519, 36.76877049645352, 45.7349317221588, 36.39964823880885, 63.90924091907443, 63.610171912874605, 33.94722791953362, 14.95525136323559, 21.972547524005417, 55.6646917219674, 24.33673041908412, 27.292586329930117, 42.55630788919456, 67.61856051910361, 49.723747342736125, 72.3074785980557, 32.328337539647194, 61.21450305172419, 63.66631307604252, 19.08897937140127, 28.98414297323474, 18.04705445510987, 40.06176221727685, 52.44219695001023, 56.23517052822754, 66.69209211149344, 62.57193238572747, 41.74838216656371, 62.61228998086403, 12.873074510731609, 32.701767426029086, 36.931506366171895, 58.45598775246904, 12.000568078641278, 1.9787579132495379, 21.706680950239306, 43.30434181847223, 55.33440903603028, 52.137536313745784, 46.096707353967226, 86.05638723464612, 20.596128684153843, 43.79109170077705, 23.17138866966674, 34.29857128961526, 34.525679478624475, 37.02911862893556, 35.17417612109493, 42.05324018993705, 34.122954785467, 23.56144001449674, 36.660913460241744, 36.43011256728467, 14.220959258598452, 61.639059809533165, 63.60890871843918, 37.20548691040206, 48.49793321077763, 30.939740049279713, 36.719342934322036, 22.626976492261058, 55.50102934621624, 51.910262801637785, 21.672864203094537, 23.295340856997793, 70.63518838128944, 31.83315621264014, 29.892459696896303, 43.51310103051398, 52.13362042125831, 68.27986832524721, 31.975741240112608, 45.50963353458666, 26.872788232470896, 36.85261295624879, 41.83397577542837, 44.466081061319706, 65.33162027611345, 13.181924976552033, 73.81513852539734, 74.95386826564527, 66.59731263985807], [83.67383200435293, 10.974298759198382, 44.724642991376896, 0.0, 43.746976889989845, 1.7125119704387075, 15.304062277190445, 39.7269311081273, 37.47292907677301, 34.37518907562006, 23.00168342887131, 82.67769289158242, 51.673952296938516, 30.04164147644089, 37.166431798245156, 52.58147953368042, 11.922138889184719, 47.39925374373733, 70.97138183651649, 36.37508489878717, 35.45478202195013, 75.53269315496358, 56.79230336392814, 76.6963844578458, 82.35937342516287, 31.981253140393875, 34.323467771285955, 69.96877322325162, 33.38262677159528, 12.943087708447276, 75.36091344216355, 29.729253768185988, 38.918264268773996, 36.600233786768186, 82.1864923212339, 18.579198331634494, 45.698897617337344, 39.5855658346539, 8.133603403851527, 35.941662715950464, 44.29754332671324, 44.53158327517651, 51.74975909001631, 71.48916099920227, 41.57391603003464, 32.55555537525829, 7.742280020006818, 46.665090177645055, 51.19494357236754, 70.04445241039252, 37.46009942206853, 72.21124165480997, 71.76918486232493, 37.384971958591464, 79.89595284117064, 73.3486773130393, 60.66278904055217, 67.54481860225923, 29.30948469182845, 72.71436499547063, 44.73866425785404, 71.03687158839237, 19.924834394367547, 61.68054739940418, 9.714420338506933, 17.683603186482316, 54.942608812263835, 55.67563936107077, 12.864558596185768, 52.05841513225298, 23.212160882306677, 63.72008662580274, 47.06213112384445, 68.7558023486939, 45.573161088852345, 70.10038653552311, 72.42558709140812, 50.21999047866232, 19.176204231490356, 40.07325430033759, 71.37673976291063, 52.28927958584589, 16.956680840831098, 40.6544955481068, 30.578914483565775, 57.31509377915239, 31.868549879543153, 46.269212483940315, 34.7480277316351], [40.61513819674151, 49.639322835789194, 10.906241263250744, 43.746976889989845, 0.0, 43.94642014666567, 49.224830207313026, 4.109778503753402, 44.75003014642925, 37.091881750960745, 41.206072478497596, 74.78535035737488, 71.29923294902873, 25.87965197678327, 23.388455681817657, 32.86176996055242, 53.388839126936205, 13.457810046286744, 27.94574314952228, 33.398452014374804, 71.45779348683021, 60.6089535292746, 62.69557986664922, 37.99144092654986, 72.11852253720038, 67.45499727872689, 11.38882653078918, 37.964521887666606, 25.233419258681998, 42.29102214050483, 63.347691238382666, 60.7622820329032, 59.278315621367334, 67.58324625617814, 38.60147243062042, 62.28553424848052, 23.548854303605378, 41.34551147126999, 35.61479808102856, 63.95313679795398, 22.489942203579563, 12.793243408179883, 32.57246801970816, 54.15562421940328, 46.233268149397794, 57.78213089031888, 46.89839605467251, 88.22915788167353, 10.79625704462468, 54.68930758652176, 13.566107977144293, 44.121541688851444, 29.022665881634897, 27.47122770932802, 39.121789786833226, 52.7299845667481, 24.343661842803762, 24.974250337663467, 28.72862810319754, 46.55477108820798, 24.70405178738951, 71.98367471333606, 63.53141234433681, 48.08079842765737, 49.49933779107353, 27.31553617003905, 47.215812975361835, 33.50827911618028, 55.797704066712356, 41.364502794974115, 23.01914102993968, 32.86345364759408, 62.26292975675113, 26.042450006255923, 39.71751305482121, 54.40705833804061, 62.99579795149933, 59.14496570292556, 27.412710419820613, 53.25070206015259, 29.502069883091586, 25.95000490508743, 36.78469674642397, 52.4036859503668, 59.53055011706596, 21.069788156646553, 74.77594967118662, 79.85858986579427, 70.47260539030079], [84.06491347851659, 12.457326640065286, 45.33007890097294, 1.7125119704387075, 43.94642014666567, 0.0, 16.94570808203859, 39.96439433473783, 39.10450544565601, 33.09064323524112, 24.65121944162405, 84.2859676525917, 53.35071301699529, 29.23174459156383, 38.24212273442158, 53.787505553686664, 10.75693254491564, 47.10906294187574, 71.34900732436238, 35.23802135416401, 36.70239450125727, 77.00441629755817, 55.182530787925096, 77.41864553343245, 83.9332668927637, 33.29659294343613, 34.24987521655882, 70.948097698353, 34.52185763353633, 14.635240217567368, 76.88655015377356, 31.28132756274965, 37.21041890248724, 38.095753283407795, 82.27001925154737, 18.62663546212124, 46.72612880148573, 41.141747246153464, 8.445480549529206, 37.53592750213593, 45.30549467622013, 45.206716666700075, 52.960637726714864, 72.89385592628545, 40.10013974576795, 34.22672759182328, 9.322067068259853, 47.26903754633732, 51.107093343105724, 71.48529188610243, 37.156526123368174, 73.33451375838666, 71.72519831594062, 36.48024186478959, 80.50085989292421, 74.68518396381376, 60.271689652867984, 67.96689858343207, 28.361693864207886, 73.89881608578264, 45.812273222256216, 72.71836888200943, 20.07651935538727, 63.11461087134679, 11.131310976027617, 17.428322566606692, 56.451545672502895, 56.84807952626481, 13.483852603102584, 50.869082014282, 23.969401045281195, 64.69799642517643, 45.371901394303414, 68.71678211688388, 47.03926304284273, 71.53435564001192, 73.98538356746161, 48.5932027151869, 18.699136543792996, 41.77771683384904, 71.87319619052639, 51.613410657649275, 15.69280024310477, 42.351955440646115, 28.891173687283526, 58.03543654709035, 32.26040165923254, 47.582744091160656, 36.020558902344355], [86.31219386668006, 5.458861691405927, 46.698357544130076, 15.304062277190445, 49.224830207313026, 16.94570808203859, 0.0, 45.142056419397676, 26.547450638667343, 48.82881173778219, 13.294535178420746, 71.1916773541389, 36.47023779021316, 42.54807535874814, 34.89774469544729, 47.711512926860976, 23.466979054084057, 56.27301837471472, 73.98808932906428, 50.22009450310359, 22.850880272182664, 66.39155410070944, 72.08731244837944, 76.37424426765139, 71.49239284195262, 18.930756976466494, 42.359311826245545, 67.14230217352252, 30.76324045303193, 6.946078417366364, 65.38395387068336, 14.74857755957434, 53.92720439073409, 21.89859199171391, 87.46242776648907, 20.47060625548323, 43.32498571967042, 30.15875672523574, 18.857868414561914, 20.718856432515807, 42.23087161417029, 45.866144691080514, 46.85705544892988, 63.39744439381274, 56.60877696773515, 17.339904588573354, 7.698527564446397, 39.373431498729886, 58.52398354789337, 61.46042665358841, 46.820530226687076, 67.70033465055108, 78.23931810780324, 50.14052485641245, 80.64222111302111, 66.15589422783712, 69.87233955749291, 70.25555754074108, 42.47834028446747, 67.46361840836863, 41.895279492675, 58.04559554120606, 20.54262161239926, 53.389819636650834, 6.947373186540132, 28.413463455813318, 45.6749856341772, 51.0889879210073, 13.16116549078293, 65.97334073794039, 26.21575074155916, 61.08972398932107, 62.2437592249392, 75.24827011108158, 37.38725468567264, 61.61584125717337, 61.92386740980137, 65.52366187223558, 30.78297762867119, 26.681393476386816, 73.3207307740808, 63.480130646809286, 31.613925179145845, 27.585911686241843, 44.76483848585245, 57.57996684543697, 27.829655259093073, 32.7560511123483, 21.949303831797707], [44.34328430998912, 45.52954460718683, 10.72873227846519, 39.7269311081273, 4.109778503753402, 39.96439433473783, 45.142056419397676, 0.0, 41.62037662749751, 35.2774189360074, 37.36557157572889, 73.66719365046362, 67.95888513008747, 23.665819073070796, 20.788581454361253, 31.97480928595547, 49.540097643159406, 15.287336747656916, 31.63025012175071, 31.927712519291617, 67.43388095586837, 60.02135926784131, 61.61259969797048, 40.6516087606053, 71.20524862614619, 63.43100802583852, 8.723299025216027, 39.31034532744614, 22.139910079545064, 38.204331563148116, 62.482164190894345, 56.821496016797646, 56.86657547788745, 63.6913504184515, 42.7011798017103, 58.243553723522645, 22.333301800897758, 38.49188168958095, 31.600469731615274, 60.1402734113443, 21.094308565357093, 12.292850180320695, 31.587974968255736, 53.72171706315124, 44.74498058118097, 54.00952847345007, 42.79279393567348, 84.12109088784878, 14.19671159462037, 54.02710501864749, 12.444958304204848, 44.955763636739285, 33.097328999212756, 26.315224828413413, 42.25401339674072, 52.68407873866863, 27.397779378677846, 28.4915826267496, 26.460110034271317, 47.147961877412136, 23.238834613195372, 69.99317089210103, 59.4739916152308, 47.03199400195692, 45.391703027724226, 23.563881834232447, 45.4832515238844, 33.030007754655074, 51.71385403324453, 41.33793790158682, 18.95243849391741, 33.844061194303144, 60.33877960232621, 30.108501799769854, 37.48436257238169, 53.778765297415035, 61.84550112592904, 57.69549138121162, 23.86607483430728, 49.99079500360421, 32.84215280181038, 27.312603588638808, 33.440949862121144, 49.21112581055321, 56.50118640627224, 22.728225108539316, 70.67750410938991, 75.93584515349772, 66.45266156082872], [72.13180378095193, 31.60226459867932, 36.76877049645352, 37.47292907677301, 44.75003014642925, 39.10450544565601, 26.547450638667343, 41.62037662749751, 0.0, 62.697058510391464, 14.504969673821995, 45.256065499542004, 26.841483058021016, 52.52843827515611, 21.84192569202125, 26.143222236795083, 48.4745241764257, 56.56370905118959, 61.400647641731204, 62.12629144635137, 37.73942357805543, 39.92114739337461, 89.42019127682659, 58.37144304724583, 45.18679493297649, 34.46571730133038, 44.17980662822726, 46.32455637990452, 19.520519742404954, 24.754769855757168, 38.84139497150036, 26.057780503152095, 74.96062249906625, 30.06929258637422, 77.61469403541739, 46.96525679212704, 26.81150148111708, 5.219853404413364, 35.14634551513649, 25.14349735054757, 26.581418223838902, 35.059340605219184, 25.394178721980783, 37.37318036599129, 72.2071603196538, 19.315562231683852, 32.25850151573161, 59.031774544514796, 55.54432975574239, 35.215079446483244, 49.85913316313825, 44.7371457210405, 71.26941412529008, 59.36222258769581, 63.91729354211178, 40.662719307905284, 68.9929720119664, 57.538115675236575, 53.87913653752602, 43.692086251529936, 24.985858478893533, 34.15462134324217, 46.89270390787209, 27.45615861068646, 32.87686915421512, 39.51098675332197, 19.36380779019834, 29.445759547937342, 39.70334970637229, 76.5549371651726, 27.731688996671263, 41.07758344852313, 82.20211731626416, 68.60071784139119, 12.698195228971143, 35.41430242545437, 35.4604131350283, 83.49928904715543, 42.26391027535244, 8.767526990590174, 59.04514763347089, 67.45469291177179, 48.53131637583059, 7.70722435840265, 67.86235965234857, 42.48511736196251, 51.80549711114199, 41.73545311574613, 36.741375283787754], [74.15150641682885, 45.26269232147272, 45.7349317221588, 34.37518907562006, 37.091881750960745, 33.09064323524112, 48.82881173778219, 35.2774189360074, 62.697058510391464, 0.0, 50.806379740903736, 103.8992658421146, 83.50496293271844, 11.909520382694998, 49.48800031206464, 64.63211641328867, 35.28345868140355, 29.795385068721753, 62.443172990489664, 4.719744375436817, 69.79302840001493, 92.36860158252915, 27.512770903657803, 74.85552527696534, 102.25608535542095, 66.35614628148909, 26.654751170836967, 74.58319478243813, 47.98566276336521, 43.8503653452644, 93.92531264184726, 63.576143158027556, 23.242926512301374, 70.66968784728039, 66.62022752272816, 48.34819475537974, 55.01433244567391, 62.22156130003322, 30.337847590715523, 69.3990754446774, 53.51202460003613, 46.973456885653405, 64.03589436118712, 86.62519185392458, 9.956061969250493, 65.01287845159617, 41.889696302698525, 78.36462612463855, 36.6379204342293, 86.32648240500036, 23.597317169984805, 79.99202473879994, 54.70293796707133, 10.742561460526048, 75.20644288462256, 86.45856372635649, 38.32590616018448, 60.36733701079824, 9.498019115219819, 81.94851285676846, 55.23043681333508, 96.27128222896184, 50.142850079787365, 78.44752108215641, 44.07517398841668, 23.222224152220853, 74.48825174377467, 66.50542119103662, 45.80705958168416, 18.046685986471164, 35.752968601065454, 69.02578158593606, 25.174774746399645, 52.129413410286396, 64.96650521270728, 86.17839297379867, 92.32012057204027, 22.694677006577734, 20.449080053760486, 68.53516656575603, 65.27299132058809, 25.875299813082968, 17.418508271785317, 68.53531785412306, 27.629934793176375, 57.94441539784237, 62.67408712712742, 80.64434273029684, 69.10685352420583], [75.34676568172868, 17.71405491131476, 36.39964823880885, 23.00168342887131, 41.206072478497596, 24.65121944162405, 13.294535178420746, 37.36557157572889, 14.504969673821995, 50.806379740903736, 0.0, 59.7593839371383, 33.191884367292765, 41.889876382698276, 22.944118180873357, 34.548269748273235, 34.00018619167223, 50.71118514471803, 63.422443387438925, 50.97167927698697, 31.28348125341947, 53.63622439682069, 76.638464067263, 64.18098551014478, 59.615509442493234, 27.373404631476387, 37.039722832558105, 54.24525073927355, 18.94733477695269, 10.261173484788873, 52.981664973318246, 19.848252292475383, 61.01660027909905, 26.42045864162727, 78.06056021656404, 33.57117750754916, 30.941250820943395, 17.251609382939733, 21.50863198389509, 22.781684639661464, 30.010203918101805, 35.2249314749349, 33.69695666836632, 50.32556026996902, 59.85134644813174, 16.738880986584864, 17.916094272223066, 50.74342267393127, 51.48033433677783, 48.50653171061381, 42.34041528210381, 54.491341483952276, 69.86754241063785, 49.250340874023145, 68.83687664298235, 52.93656248230991, 64.06166862423225, 59.59126900950063, 42.708133606840846, 54.188979372446845, 29.376131768939715, 48.1695931422024, 33.768546301349424, 40.32530308718488, 18.8381447466751, 27.810036182895058, 32.86416529098787, 37.94672278090309, 26.052322759669593, 66.20119820502016, 19.344437043564167, 48.29661298799452, 68.57369125514043, 66.96452239359789, 24.205611284392695, 48.63485053254, 49.793545680611025, 70.46539669269906, 30.582166621799548, 17.948850291114358, 62.18486999979551, 59.96979413380655, 35.29968470145212, 18.210847709725822, 53.49171746412237, 45.93978208754389, 40.713334476671754, 38.76191378547781, 30.255495527375903], [79.47354378287466, 76.48833500737231, 63.90924091907443, 82.67769289158242, 74.78535035737488, 84.2859676525917, 71.1916773541389, 73.66719365046362, 45.256065499542004, 103.8992658421146, 59.7593839371383, 0.0, 47.71499731577065, 92.45244222075691, 54.720904366427206, 41.93914411680058, 93.71449701866872, 88.23914814530876, 74.77220174793102, 102.19297377164305, 74.60721573316256, 16.48263444689541, 131.37881929387203, 61.66952829997648, 4.545388478600487, 72.81257586059252, 80.06750838147629, 47.958328305328585, 55.91377739685357, 70.0103039101048, 12.115808236864778, 65.60177384158077, 119.2025512995141, 65.52164766682898, 91.59910231266481, 91.09972158387312, 51.35393962838019, 43.36743074968076, 79.59520903643897, 61.033717842850685, 52.57369433599736, 61.99469010698808, 42.212953597235035, 22.958958891443398, 113.81803708016865, 58.24809622956165, 77.43130585056655, 95.38148988791812, 84.0630768151645, 21.148182838566882, 85.39227946784071, 40.366341081722446, 91.05691024006939, 97.94857041769451, 68.22820211399977, 27.118422082696252, 97.02439004473341, 71.93465318054166, 94.47518065587947, 36.82167237194416, 50.44832157995485, 16.97368776747963, 90.73201954871664, 26.70496413140549, 77.84589235356816, 81.80727721666533, 29.417918186280144, 41.74273138535873, 84.2499036038791, 114.44638474692177, 68.38533774937957, 48.15669430091051, 125.82340453946017, 89.42804851169868, 39.04747533395338, 21.575611198977775, 11.823572924317638, 126.03185813348237, 84.33351117199955, 45.052689460254435, 70.07980494303865, 100.72147563566558, 92.1601142271725, 43.888763592965304, 112.85939786466739, 59.076218052882545, 92.92937747686094, 72.4832127506085, 73.86368772942434], [97.7964874063659, 41.55185906503626, 63.610171912874605, 51.673952296938516, 71.29923294902873, 53.35071301699529, 36.47023779021316, 67.95888513008747, 26.841483058021016, 83.50496293271844, 33.191884367292765, 47.71499731577065, 0.0, 75.05818181607285, 48.67571064371369, 50.39876057151578, 59.17969735144529, 82.50496613374854, 87.68367492266711, 83.99614140030734, 28.785169157989735, 51.63772585445355, 108.22004829144477, 82.72880425065556, 50.12119016131998, 28.25993051928997, 69.38892377091976, 69.36641537936308, 46.13217525535996, 39.89599584295436, 48.12982337822749, 23.871578142609962, 90.38750303570663, 20.248110091992274, 104.20573575819853, 51.51069762765958, 53.209423304638165, 31.215255867733923, 53.322904413781636, 17.43054453375707, 53.15603533725089, 61.896255146009885, 49.81559208150288, 52.54520896763534, 92.10192920355695, 19.13234545036394, 44.168738298271364, 48.18238693635653, 82.05654379953342, 49.586202692173295, 74.91551202360345, 65.70319467009938, 98.10598951041091, 82.44143662813025, 88.75246850655053, 57.30033625313274, 95.33938758212052, 83.85672061403413, 75.77608602480659, 63.61770671570827, 51.38986454719556, 30.93643549933833, 50.495474100837264, 44.78275157440692, 43.06509220986396, 60.86239397992286, 37.08159680301841, 53.26162385275983, 46.678769992106375, 99.35427562603502, 51.88560002649495, 65.07238269592703, 98.7059164258534, 95.44215076660574, 36.547150455739626, 50.00862149418885, 43.64456677893428, 101.7553394848435, 63.6066388252582, 18.11933161199508, 84.94030403785848, 92.64447777850985, 67.06275388496726, 19.153082199414985, 80.91746707908051, 68.59570059957075, 48.625685414087314, 24.80799244088577, 28.286876990380318], [64.69653892976217, 40.053346142419244, 33.94722791953362, 30.04164147644089, 25.87965197678327, 29.23174459156383, 42.54807535874814, 23.665819073070796, 52.52843827515611, 11.909520382694998, 41.889876382698276, 92.45244222075691, 75.05818181607285, 0.0, 37.83744961855133, 52.77329328109955, 34.96069486637427, 21.325152771101035, 52.512506810146235, 9.781190540267904, 64.85149480370706, 80.59866944690813, 39.24254019860076, 63.86582791246129, 90.67752988830419, 61.124668531879536, 14.953764372605994, 62.88050883920925, 36.61033035463999, 36.597486627073216, 82.27055416320492, 57.06095552089724, 33.406262666852896, 64.31485824515809, 58.85272330574143, 46.98181197341668, 43.12772293616198, 51.5332873443239, 23.76671610155475, 62.340072215113096, 41.63175329002829, 35.128300791895235, 52.18945531769625, 74.78994892021305, 21.784716992442767, 57.32974035984528, 36.63543151263225, 76.42837418717437, 27.450047856440005, 74.55020760796664, 12.933651489803802, 68.14598473878215, 47.21274955486438, 7.598481835829122, 64.70270099227021, 74.56231137513493, 32.76199626702369, 50.08316331244927, 2.858028506979052, 70.06274210258555, 43.37941049749861, 85.50835625904192, 48.63930950113467, 66.74919319995304, 39.14685827091411, 14.37794789418559, 63.092566744711476, 54.60735338402113, 42.70927268663024, 24.315727949010597, 24.944886284586417, 57.24007544423098, 36.703947034639334, 44.39263767506169, 53.703440059719206, 74.3912191014775, 80.79819405763075, 34.60302035535855, 11.803456539585511, 59.056161657797276, 54.87260512361154, 22.577792481695955, 15.229391842075486, 58.880343844613265, 34.689993965417365, 46.39400837803484, 61.15367966501139, 75.23305034181402, 64.04946822008026], [52.51440320485608, 37.68836862178679, 14.95525136323559, 37.166431798245156, 23.388455681817657, 38.24212273442158, 34.89774469544729, 20.788581454361253, 21.84192569202125, 49.48800031206464, 22.944118180873357, 54.720904366427206, 48.67571064371369, 37.83744961855133, 0.0, 16.143402805393173, 48.998939672680436, 36.073240684985024, 40.86244163009232, 47.52722551332098, 54.100269504860776, 42.9624576601884, 76.99487607232668, 41.48186340794571, 52.844628920684286, 50.242785569268804, 25.632297122591748, 32.95718163438727, 4.136681141956557, 29.01363565084331, 44.44416412587423, 42.40254498989549, 67.10773046383598, 48.35361723230343, 56.3418322307314, 53.21445180635485, 8.63994178751458, 18.021335501181735, 30.693467232093113, 44.01684061846017, 7.387922618522451, 13.322201514152123, 15.392627903498367, 37.49092320407101, 59.44368537724507, 37.68673952436863, 36.23890121986434, 73.61740798160079, 34.1318053188797, 36.94666415380159, 31.18229221677945, 35.12269653337694, 49.480770869217096, 43.242301797290736, 45.92954088680691, 38.06190876474828, 47.72748240465046, 36.995301416120654, 39.9984373846483, 35.88155627787863, 7.572452233682712, 49.45523008523209, 53.88991242643972, 28.964353454573516, 38.25358771489772, 28.905028588845152, 25.568685339163196, 18.877452244211256, 45.688154152411855, 59.920643153692545, 15.575970478011529, 26.738901971497768, 72.67727465765316, 46.781963968329976, 16.84986856505572, 36.830037712023746, 43.003005245427566, 71.97122950987462, 31.035313871083645, 30.56493839889441, 39.32254690350491, 47.86377406004669, 40.1588058934183, 29.54760689298154, 63.15761065234054, 22.995935232737654, 62.70121763722071, 60.695408843591515, 53.066852739970265], [47.55763764400581, 51.44371152573567, 21.972547524005417, 52.58147953368042, 32.86176996055242, 53.787505553686664, 47.711512926860976, 31.97480928595547, 26.143222236795083, 64.63211641328867, 34.548269748273235, 41.93914411680058, 50.39876057151578, 52.77329328109955, 16.143402805393173, 0.0, 64.49849547438009, 46.307849927653955, 38.41021804985957, 62.20741290002582, 63.45234534652268, 28.117305916918713, 91.99484286814464, 32.49073026762221, 39.27887999917973, 59.94087820411948, 39.08614932276171, 20.242220635692743, 19.368365897731042, 42.87095943746599, 30.52777790943816, 51.58142828280343, 83.11886415950248, 56.153967618378736, 55.56433436059797, 67.36165233616858, 9.766360736686494, 20.92337184414732, 46.59372001703881, 51.26847483177195, 11.19216991723645, 20.06876282469097, 0.8557731707407593, 22.046064115243077, 74.5537394816394, 45.30644804251852, 50.583874700834635, 84.32475094488463, 42.235139234548555, 22.089332275678938, 44.080830060755666, 20.01432063014501, 51.94131132951275, 57.32545032190984, 38.37160776809734, 22.025677938684378, 55.440325726459456, 34.77861370840806, 55.154783071012915, 20.15302502570452, 9.40544645016144, 40.98302928056952, 67.80637890281861, 15.240979588969033, 52.26050120631939, 44.972398824988176, 16.292349046295993, 3.41970871059387, 59.747224255479104, 73.19988165929178, 31.719298886546405, 14.972955431715803, 88.43217366466423, 49.81080075220739, 13.999467241182407, 21.86491213416494, 30.1787648398182, 87.29019377664622, 47.00472577906952, 33.95002385839298, 35.023314699507345, 58.81016225397776, 56.269853696271966, 32.474007665399455, 79.29652622130577, 19.652973622969448, 75.24688683246043, 67.87337263395571, 62.43207484591381], [93.86291956615798, 18.02770538604691, 55.6646917219674, 11.922138889184719, 53.388839126936205, 10.75693254491564, 23.466979054084057, 49.540097643159406, 48.4745241764257, 35.28345868140355, 34.00018619167223, 93.71449701866872, 59.17969735144529, 34.96069486637427, 48.998939672680436, 64.49849547438009, 0.0, 54.850179091724854, 81.13936199996742, 38.556704577576255, 37.757637050921275, 87.19263201496803, 52.60314697250226, 87.89072796655311, 93.61423054437779, 35.125147258049026, 42.98621035942187, 81.68032383283582, 45.266371177661185, 23.740918866225996, 86.8468117994612, 35.660854586554194, 32.21547864000571, 41.52960290322498, 91.16945513445229, 13.176732743050914, 57.4781811344049, 51.01416130739355, 18.810992301399303, 42.22967046882061, 56.052913486855395, 55.650869654234505, 63.66793299087231, 83.29230867398108, 39.97443327001789, 40.31290234129001, 16.371643502348654, 43.13720475931692, 59.58072943755672, 81.78132394129216, 45.00753776136238, 84.08640218481115, 80.21993040937923, 41.353755780304894, 90.77341163764227, 85.2331133769686, 67.42555942915823, 77.87304806204229, 33.32792303433561, 84.62517407182683, 56.56920306551243, 81.29745774545533, 14.999042889400135, 73.43632543015131, 16.5221024423501, 26.127697242704826, 66.5125960450326, 67.58046662233652, 13.096039584204105, 53.27631858722753, 34.57634678990889, 75.43050873077752, 41.02953287452928, 77.24454300915052, 57.275826338627915, 81.85139365094894, 83.76620693834835, 45.833111898804965, 26.567939168404518, 49.97301095075583, 81.93911735880707, 57.455163880078345, 19.767220622799346, 50.75902144645103, 21.83254725478713, 68.5232972942314, 27.41779771769401, 48.85133055075292, 37.32736679965387], [44.36998714317273, 55.46102715846912, 24.33673041908412, 47.39925374373733, 13.457810046286744, 47.10906294187574, 56.27301837471472, 15.287336747656916, 56.56370905118959, 29.795385068721753, 50.71118514471803, 88.23914814530876, 82.50496613374854, 21.325152771101035, 36.073240684985024, 46.307849927653955, 54.850179091724854, 0.0, 32.9138520232636, 25.30804699420003, 79.09116846776621, 73.94050867898693, 52.39627926523805, 46.730642874750316, 85.54302471188096, 75.12951641213189, 13.944384999910554, 49.5890619784727, 37.233411601481336, 49.43207541314205, 76.76579448129876, 69.32194224297089, 53.026004188129995, 76.44181210496554, 37.53858913645298, 65.69438156444413, 36.99313590307721, 53.666032505651685, 39.61595516820514, 73.33871003191751, 35.901091197711985, 26.244465611937056, 46.02731310410533, 67.42920815965265, 37.42295776838315, 67.43825804198677, 52.30814040996987, 93.78129444889203, 7.025048998892127, 68.05651714735978, 9.953429367892191, 56.364666949852555, 25.899601939028873, 19.07377491281401, 46.15540857483892, 65.77351031728574, 13.599939502899296, 31.227294590681296, 23.917597223073187, 59.05496782332012, 38.1043627714681, 85.2103208308526, 67.18244211781484, 61.53418723202897, 54.97336681309485, 29.71694798736765, 60.56147875397375, 46.856980451202794, 60.19034153105988, 29.32903109236408, 31.401551383745595, 45.09355844656042, 54.27510811072152, 23.067523491800944, 52.754177238564594, 67.76267554925525, 76.452602445457, 49.842641157083726, 28.524844275631022, 64.73368547685128, 36.20725782140837, 12.550166076958128, 35.79165930063459, 64.0496460782319, 55.82269994278454, 32.77695364989849, 79.2651536752729, 88.39604901680207, 78.163700898038], [12.725174654936744, 75.45047059535831, 27.292586329930117, 70.97138183651649, 27.94574314952228, 71.34900732436238, 73.98808932906428, 31.63025012175071, 61.400647641731204, 62.443172990489664, 63.422443387438925, 74.77220174793102, 87.68367492266711, 52.512506810146235, 40.86244163009232, 38.41021804985957, 81.13936199996742, 32.9138520232636, 0.0, 58.0987086976566, 94.70526665596225, 58.39560427960294, 84.84253378366029, 16.81422521402875, 70.91963094531214, 90.7826068723837, 39.12552070997794, 27.201976468445043, 44.59804645968357, 67.31941046981585, 62.689401162193334, 83.1541373416693, 85.51954038416851, 89.2147053058311, 17.271419358771666, 89.27894489179842, 34.59291346688026, 56.59404228001675, 62.91544097406228, 84.85834648184698, 34.866176610800316, 28.24660375956761, 38.778067007616315, 51.81375513262153, 70.33633183702555, 78.53221371013456, 73.09992442721389, 113.34896634934007, 25.910193380525545, 53.79134044534719, 39.57941137996077, 35.160105128860884, 17.68651048601213, 51.840028720055166, 13.830472203341936, 48.01203465520427, 31.32726438647572, 3.8765323307272133, 55.34159517139874, 38.68794391696811, 36.41981399341668, 78.25901628249422, 90.385659379005, 50.82162493347933, 75.56900263958899, 55.1897108073834, 54.492366211360824, 36.436495157827224, 82.38805403229708, 60.77706546893176, 48.54413466942236, 26.80911710605677, 87.1739241477806, 17.27150055901093, 51.39891549412412, 53.32575628186766, 64.3051156547721, 82.67190606687525, 55.358453558183996, 70.06863238577087, 5.144795049121166, 42.18901284788985, 64.65621367518366, 68.79357921377878, 86.98330454150472, 19.112989204339208, 100.95250184198663, 101.55718561141015, 93.67777653633863], [69.67649236168619, 47.0530861329694, 42.55630788919456, 36.37508489878717, 33.398452014374804, 35.23802135416401, 50.22009450310359, 31.927712519291617, 62.12629144635137, 4.719744375436817, 50.97167927698697, 102.19297377164305, 83.99614140030734, 9.781190540267904, 47.52722551332098, 62.20741290002582, 38.556704577576255, 25.30804699420003, 58.0987086976566, 0.0, 71.80181107336736, 90.15249205346734, 29.855605782770247, 70.88137788681254, 100.37029904958304, 68.24384411293448, 23.521386263389, 71.18591270424928, 46.38290156663202, 44.79311012979459, 91.92382623026262, 64.93551740363094, 27.844167591966904, 72.11858112639113, 61.94065327685377, 51.43913904675337, 52.49562257848934, 61.26240957470129, 31.424115975857354, 70.5377839602364, 51.025836920443304, 43.91295435379614, 61.65190531889255, 84.25128015475627, 12.843153159898272, 65.85055578149722, 43.63558985640553, 81.40603027158214, 32.222762840352175, 84.10016646390746, 19.832374579144457, 76.8530066857088, 50.01641200263539, 6.258701665868383, 71.0175742530566, 83.84124649374871, 33.60786624010278, 56.132644801173505, 8.288850061750852, 78.942279133189, 52.84682871266201, 95.26250744936263, 53.20489330391508, 76.37963812894228, 45.961702301910954, 23.163032117403365, 72.85198138274396, 63.89949449785525, 48.34561595614143, 15.760328918050572, 34.664889693490025, 65.77146164705107, 29.171002946186817, 47.4626197963423, 63.4815000771353, 83.92767135269914, 90.51768174548047, 25.78322905489959, 20.399272355066778, 68.41995009607119, 61.06589301277143, 21.214541715226936, 19.64934728252515, 68.3113040251565, 32.28127442273557, 54.408238998180025, 65.79054171226922, 82.50128443270145, 71.06981433606155], [106.59514434466558, 24.82583405449344, 67.61856051910361, 35.45478202195013, 71.45779348683021, 36.70239450125727, 22.850880272182664, 67.43388095586837, 37.73942357805543, 69.79302840001493, 31.28348125341947, 74.60721573316256, 28.785169157989735, 64.85149480370706, 54.100269504860776, 63.45234534652268, 37.757637050921275, 79.09116846776621, 94.70526665596225, 71.80181107336736, 0.0, 74.82880056018948, 90.25611837293651, 94.77594719463261, 76.26725795247717, 4.002916279448577, 65.1598024731557, 83.68444815381423, 50.18557872662575, 29.66042854653147, 72.38484210482568, 11.899195949041323, 69.88900502903121, 9.085596601286994, 109.13060121208953, 26.4883465959055, 61.69341760211956, 42.83278967535349, 41.11678077403859, 13.794711469936637, 60.92017765755429, 66.49299161112803, 62.651292711647585, 73.75772339171752, 76.4445573327426, 18.522008584211147, 28.254615535678603, 21.55128800686481, 81.11040210971952, 71.19498582796531, 69.67135376162854, 82.47277841415485, 100.4444274391429, 72.38533517435037, 99.75272843558744, 77.650265632366, 92.69076389638157, 90.87472088989803, 64.47871698085191, 81.39741398553576, 60.011257266764844, 58.57032310790308, 24.978944904357526, 64.28778299634759, 25.847582558955956, 51.02157894446873, 55.90002717276049, 66.8405878739664, 24.86235783963251, 87.50891699924556, 48.51580295489524, 78.10649169932329, 78.75540231883697, 97.48359072971891, 50.43538140378037, 71.49717856434172, 68.17826348705776, 83.49926723223182, 53.239552592425866, 32.10507931642809, 93.41499049871061, 86.2318807061381, 52.38714905080491, 33.65264487998219, 58.96676221253631, 77.05300437279726, 20.029725575846278, 11.10780754673905, 1.0351214819129488], [63.020443827284325, 71.27021402334915, 49.723747342736125, 75.53269315496358, 60.6089535292746, 77.00441629755817, 66.39155410070944, 60.02135926784131, 39.92114739337461, 92.36860158252915, 53.63622439682069, 16.48263444689541, 51.63772585445355, 80.59866944690813, 42.9624576601884, 28.117305916918713, 87.19263201496803, 73.94050867898693, 58.39560427960294, 90.15249205346734, 74.82880056018948, 0.0, 119.8365535286943, 45.22101444292677, 12.527956977161468, 72.2831629689742, 67.18632861560432, 31.482781827183835, 45.07579028598023, 63.684263829887044, 4.967997381677586, 64.24856666216796, 109.64889248448007, 65.9890218436