instance_id,num_cities,city_coordinates,distance_matrix,best_route,total_distance
1467,62,"[[92.34297232372268, 43.59266444934421], [85.2658729326822, 38.23464174358687], [48.775428415528886, 78.15887708572362], [54.14024713435403, 80.4538895177361], [50.33490733567216, 51.70130002234612], [71.85939802359337, 87.15710035123236], [67.38681168236755, 73.08402007217074], [78.70886140088884, 2.5919680033125614], [76.71987802284902, 38.476381230580536], [13.490990254670443, 95.78251411125466], [34.98514338077769, 37.04253634163407], [68.3945984961522, 6.304540844482586], [33.43503559899729, 86.07610429046395], [54.36545519508975, 3.533776346278661], [93.49855787770316, 48.16338131496879], [79.07476112344763, 90.2307648403434], [56.26384908463863, 82.23570717244807], [59.619204900588976, 28.311471932551047], [26.23567596438078, 63.71787010896912], [8.173113270086318, 49.43411924139157], [94.25808767000376, 47.289097188531535], [84.53647828797529, 98.17143352336257], [94.2869273827315, 86.31832709157528], [10.237722701925211, 37.04724925802395], [12.298141244019423, 9.192946636717059], [97.45095321616766, 88.05071096619753], [49.41514832516436, 27.817406870246554], [62.40050129371196, 13.815004038943957], [83.29766103862417, 0.057116499373344176], [41.63147916924904, 42.131558121986046], [9.225016853595102, 21.530570105247126], [84.58325602031557, 15.412692615690126], [79.8612334324555, 46.76417319113856], [37.43595699810831, 88.6865574705457], [52.71013450564891, 59.03490923014021], [70.56154182744186, 4.582104088456074], [48.766092457685815, 59.11772865562214], [10.995019555338391, 43.6305710311316], [9.746167818872852, 27.444036217942713], [65.92840703499418, 37.69279860220268], [51.21789560572007, 47.10538411819108], [89.40128446429621, 90.05057242276953], [81.60350057416399, 30.893436699526823], [67.66096042523473, 87.34183660505751], [66.9389795328068, 45.988160854499824], [80.24396472883674, 20.499571324754307], [68.21069589979821, 12.044142507704592], [71.33488050195024, 72.79721124497213], [12.118867399405776, 45.98484250361709], [9.414641602249485, 58.3960422473731], [37.46438589844262, 57.6231076680567], [89.89499142904604, 96.02223473625251], [0.22284129496467076, 16.04490711937948], [40.66852606960245, 72.51184143816393], [2.230161612644288, 58.837747917612205], [93.40203856191573, 71.95028941127214], [4.258358864401046, 89.64650844909806], [19.166166879095236, 9.142986506325956], [27.391250021465286, 43.796853238922786], [16.700041733735127, 98.99183167877958], [80.83496585161139, 73.0566536241315], [58.19726889668896, 77.84976614896811]]","[[0.0, 8.876583977300992, 55.61433212954903, 53.086703847922834, 42.78349558995884, 48.1397641410782, 38.63353479076365, 43.208171561821146, 16.439508189377012, 94.55905818032956, 57.730622023979194, 44.316235974600794, 72.62911034769935, 55.19969495667103, 4.714533978907494, 48.48873927558874, 52.86764496930656, 36.115921684191335, 69.10281133777451, 84.37231635552352, 4.163085608643811, 55.134230590125966, 42.769863332598874, 82.36573605258707, 87.12356494179176, 44.75052367170999, 45.7346348508226, 42.2286707214441, 44.465285240831896, 50.73253758344907, 85.99610763506655, 29.228821557751857, 12.87836454869365, 71.05096424240008, 42.5349827481305, 44.67946434476144, 46.259832224815305, 81.34796160025293, 84.1606220756976, 27.065433238852236, 41.27482446399383, 46.55094779625387, 16.6314953898109, 50.23138237862204, 25.516685771236425, 26.070614393260644, 39.719969814978676, 35.975623351514606, 80.25976281270181, 84.23923094663915, 56.643733854244175, 52.48668832123588, 96.15090990035492, 59.216274734068165, 91.39327778455647, 28.3773944325098, 99.39746312372247, 80.88031383135537, 64.9520432557079, 93.75990975868427, 31.6316435085839, 48.36815149853586], [8.876583977300992, 0.0, 54.08786470839615, 52.45254487584523, 37.43692352125604, 50.726132571928, 39.168099278383096, 36.240786299192116, 8.549413253461704, 91.99669231819007, 50.29485937510044, 36.113311182162334, 70.53538996372777, 46.46488863302935, 12.897944443991841, 52.36340976796203, 52.69925185576559, 27.4994705448495, 64.29587142296685, 77.90200182677339, 12.760998757408888, 59.94122976215882, 48.92259416706263, 75.03754545535062, 78.53476887639683, 51.28466568387595, 37.33354037980356, 33.45360856192112, 38.228226375709255, 43.80806177363443, 77.85395174645423, 22.832155567211696, 10.097674724518704, 69.5204765434513, 38.6332399889212, 36.724796035955535, 42.05160274827282, 74.46660804867565, 76.28671593460282, 19.345055733548875, 35.18458228164612, 51.98069161415294, 8.204039419174613, 52.167514140098035, 19.89954975102927, 18.43237056834525, 31.254140747231617, 37.26451073935089, 73.55644112044808, 78.48497540686937, 51.58386156143123, 57.9727060084257, 87.89028133318594, 56.248109000461184, 85.55359336955306, 34.68345554868794, 95.94476209605202, 72.21838785803968, 58.14129491019615, 91.61173143666474, 35.102784062946846, 47.979864590380224], [55.61433212954903, 54.08786470839615, 0.0, 5.835097424117998, 26.50349710070221, 24.7757477142868, 19.290872474130584, 81.27956790336926, 48.534449014586556, 39.440894492076524, 43.36733145495306, 74.48461231235449, 17.26297014933915, 74.83417708352592, 53.85060886771636, 32.61564097952535, 8.526252850670788, 51.01324621078801, 26.76907026890753, 49.73589959360693, 54.96922415097155, 40.97993537268309, 46.23714051106186, 56.34998406664913, 78.01853652876333, 49.6704649881244, 50.34553470784225, 65.77063637821895, 85.39127327760536, 36.7287860206175, 69.07242724990508, 72.24461352461923, 44.1809314770417, 15.473062602841937, 19.524550149927016, 76.73445290277486, 19.041150718831698, 51.18166871686322, 63.994361212266405, 43.951429821500795, 31.149399215069188, 42.33051615187658, 57.547408078502336, 20.99976344684266, 36.944141240796135, 65.68762682985985, 68.91217418212112, 23.187848952143494, 48.773681087440416, 44.04362813629629, 23.44477571654114, 44.832109129209144, 78.83843593755446, 9.879821721630275, 50.39610991021585, 45.05641901071309, 45.97537553691908, 75.09927776750133, 40.47260515999984, 38.24712313185037, 32.463003940910895, 9.42690976002468], [53.086703847922834, 52.45254487584523, 5.835097424117998, 0.0, 29.00331039164051, 18.94469170279456, 15.158708651114267, 81.64616113998275, 47.6649864476944, 43.44339785053104, 47.449589928581446, 75.50703570802737, 21.454954758156656, 76.92044285481228, 50.90926776691072, 26.782779522411637, 2.7721037855563484, 52.42948302083477, 32.53858383259369, 55.454517793347506, 52.05136481863936, 35.18298216376329, 40.57274409037327, 61.737898167787286, 82.6370607271933, 43.97191100492509, 52.848139648014794, 67.1488857437915, 85.52073372785729, 40.312161435608076, 74.09004981615146, 71.81318879204188, 42.385918915528265, 18.622838950522393, 21.46667041464985, 77.62851759259571, 22.002574822569255, 56.72272425766379, 69.1438994064903, 44.35619021207272, 33.476304318732566, 36.54363250093424, 56.66099869438573, 15.174106331904284, 36.76539137959817, 65.39055239281754, 69.8417569541138, 18.822330855095203, 54.34989932732412, 49.86911284969967, 28.27240612022654, 38.99711671933855, 83.99764083616414, 15.63852282489326, 56.23090392789206, 40.17212318103204, 50.72185939211325, 79.42563300348337, 45.37892853838184, 41.77827521579518, 27.70066977997324, 4.820880013008287], [42.78349558995884, 37.43692352125604, 26.50349710070221, 29.00331039164051, 0.0, 41.47791552544868, 27.34937217886402, 56.71690894830836, 29.513812956173187, 57.45108929710488, 21.224858211963163, 48.85712014297258, 38.3044753676052, 48.33586301217321, 43.30840099674177, 48.067648734923594, 31.104700131504806, 25.16509962913095, 26.928997555307507, 42.22270701319847, 44.1442329702186, 57.699400024677175, 55.947463117900625, 42.691046126279495, 57.04170125678778, 59.50799488621627, 23.901596363806302, 39.761161714696435, 61.26715942032868, 12.935595150111746, 50.993097956281325, 49.89802015250028, 29.936251504171636, 39.170041974965265, 7.708665780901259, 51.27704523780565, 7.580540468453931, 40.15922605104442, 47.28488789073106, 20.96175910821696, 4.6799691540764865, 54.74347920618269, 37.55918129000398, 39.628776962782105, 17.559475296227927, 43.2215176488024, 43.49981561949922, 29.76636261449016, 38.64121627192577, 41.46429453341134, 14.167502527226931, 59.40829493756883, 61.5028252824125, 22.945970469790375, 48.63121887881299, 47.58990820889784, 59.68992512623084, 52.751307386427115, 24.267090676546502, 58.03187545141465, 37.23311290951919, 27.30492648023892], [48.1397641410782, 50.726132571928, 24.7757477142868, 18.94469170279456, 41.47791552544868, 0.0, 14.766706373481957, 84.84206950315452, 48.922762390598514, 59.002277820528626, 62.21880890321943, 80.92676451309461, 38.43956529697114, 85.433590310395, 44.5955531804549, 7.84275959432397, 16.353631325412618, 60.10516044132948, 51.292509481269384, 74.02003897268759, 45.729191705707365, 16.793567198670726, 22.44320863281627, 79.42435423742901, 98.11193899614314, 25.607152069407377, 63.44244294589214, 73.94953562279854, 87.84782893045862, 54.23123206513446, 90.71883584281629, 72.8639595660604, 41.177881617091025, 34.45740168838716, 34.022814797293194, 82.58519503218119, 36.32502067507966, 74.8266751966207, 86.16091570225429, 49.818608989271326, 45.057869404568294, 17.778918992089473, 57.101202982321546, 4.202499940605448, 41.461935524166, 67.18278897716615, 75.20152567063893, 14.369465326678018, 72.55401998187291, 68.74988049280185, 45.335125266167964, 20.096597651126785, 100.93929010141899, 34.458004902795345, 75.16792058738505, 26.36915736854448, 67.6468598538053, 94.14233143200526, 62.108994649565204, 56.414674083138614, 16.714766397983592, 16.53118998235903], [38.63353479076365, 39.168099278383096, 19.290872474130584, 15.158708651114267, 27.34937217886402, 14.766706373481957, 0.0, 71.39550556377678, 35.844034280557366, 58.48060532354759, 48.46500446946016, 66.7870831836761, 36.352680115096554, 70.75868941055765, 36.09517315980878, 20.75136184162621, 14.403946463794531, 45.44135541586426, 42.20356307248653, 63.76189997926886, 37.2484029157843, 30.388968037012006, 29.979378028518664, 67.56232102293303, 84.36131148458674, 33.58354422156347, 48.70366469370921, 59.47839568144814, 74.74010819277785, 40.26651280703273, 77.72099189534524, 60.18055922356288, 29.126371861940633, 33.771184012191554, 20.317046251885973, 68.57544316250494, 23.27635023744898, 63.620278840249966, 73.52177875441008, 35.421257759314656, 30.599401515766193, 27.793900599446044, 44.52145065437722, 14.260451950014584, 27.09955978199687, 54.1334520839933, 61.0454374895352, 3.9584727746341866, 61.554131381708, 59.80392291798159, 33.68072708778988, 32.13689231217424, 88.11616948461395, 26.724411583316563, 66.69591680612929, 26.03991887095326, 65.2649797090758, 80.08549405923549, 49.571999089098014, 56.92418949857013, 13.448182014020656, 10.35181299475251], [43.208171561821146, 36.240786299192116, 81.27956790336926, 81.64616113998275, 56.71690894830836, 84.84206950315452, 71.39550556377678, 0.0, 35.93949314533308, 113.74466405392926, 55.66511633272271, 10.962080841200704, 94.97010221302116, 24.361617940018228, 47.91125998236837, 87.63956066554267, 82.74601964274726, 32.02979655985274, 80.55936381380175, 84.67277541797647, 47.32453692291439, 95.7569597871668, 85.16325114690818, 76.6515703757854, 66.73797023189036, 87.48978657196955, 38.65804433481207, 19.796947927456873, 5.242380591134419, 54.204349086616844, 72.01857609428195, 14.102464030486788, 44.1872342702566, 95.47633724317492, 62.142895124932764, 8.386862218330679, 63.96663997200598, 79.17910908793516, 73.30401353699304, 37.355164603180334, 52.318232142986886, 88.10979172581186, 28.449113629536065, 85.46693128913014, 44.96398195407123, 17.973280138738954, 14.126396630059913, 70.59144263236514, 79.48061938936264, 88.97068955413779, 68.77160091398528, 94.09752518953485, 79.63062804554625, 79.59808925635306, 94.93460527894067, 70.89757544243065, 114.54855014430554, 59.90198923527042, 65.81291518364273, 114.62123465205832, 70.49675339883554, 78.00295897458368], [16.439508189377012, 8.549413253461704, 48.534449014586556, 47.6649864476944, 29.513812956173187, 48.922762390598514, 35.844034280557366, 35.93949314533308, 0.0, 85.33396225500374, 41.75935807468388, 33.23157524142062, 64.33747911626061, 41.481391684256224, 19.37426303905845, 51.807930833454215, 48.304531120874174, 19.8936774446444, 56.44278003675991, 69.41707988949236, 19.627856739416963, 60.204638591579915, 50.96521369501849, 66.49751419647521, 70.7649610415627, 53.734454937281264, 29.311465304175425, 28.51715404627756, 38.97829052035506, 35.278266003543614, 69.58963140405568, 24.367323325627428, 8.863160237237855, 63.75177055679651, 31.608873078147084, 34.44919632854739, 34.74880359011513, 65.92664630537797, 67.8762881643071, 10.819882061150583, 26.92231041418892, 53.11040638577004, 9.019468775085901, 49.69805546493108, 12.332591308838511, 18.31897599489479, 27.768136853349557, 34.74071920926291, 65.03589442960646, 70.19108023571602, 43.675975034346756, 59.03481065407437, 79.71805102327058, 49.57935587720808, 77.22242617424348, 37.4004947713338, 88.70768669235711, 64.59781507502846, 49.614725262672295, 85.23203911159504, 34.82426146597528, 43.51264745763027], [94.55905818032956, 91.99669231819007, 39.440894492076524, 43.44339785053104, 57.45108929710488, 59.002277820528626, 58.48060532354759, 113.74466405392926, 85.33396225500374, 0.0, 62.54904960895942, 104.97958800577986, 22.180607212285864, 100.89871903744306, 93.10635147627933, 65.81833271464212, 44.866841104825795, 81.73220735487531, 34.5046143121844, 46.65247606114728, 94.20687612769565, 71.08564064456343, 81.34835150354962, 58.82529292021335, 86.5977833676458, 84.31521903173767, 76.87522966050615, 95.45057871764047, 118.47498906474763, 60.58310156234953, 74.37438885617792, 107.30059859535744, 82.50943537583476, 24.974267416506276, 53.745025260739844, 107.58514137717597, 50.87867262361256, 52.21163698606202, 68.44100566071731, 78.25661458634644, 61.58556950884408, 76.12639438796597, 94.07394128752298, 54.82363272388512, 73.04906004962876, 100.61551110909382, 100.03180026723335, 62.24339151101976, 49.816571727408665, 37.608042979725774, 45.065108440899294, 76.40437723999874, 80.83396405971737, 35.77908131338818, 38.62281723033656, 83.38915142698927, 11.085668580406216, 86.82520010528982, 53.81195181293345, 4.538472280901504, 71.07514181541646, 48.168815633111564], [57.730622023979194, 50.29485937510044, 43.36733145495306, 47.449589928581446, 21.224858211963163, 62.21880890321943, 48.46500446946016, 55.66511633272271, 41.75935807468388, 62.54904960895942, 0.0, 45.3984147111893, 49.058063760483385, 38.70960452454008, 59.560833347174984, 69.0860481104953, 49.952037057307905, 26.13557867500552, 28.073592781639423, 29.53703244095763, 60.15209002106967, 78.68975067783347, 77.10256247263366, 24.747421127618054, 35.92074209541743, 80.64621055524594, 17.12682271931622, 35.93215977876643, 60.844232621901156, 8.370897329080787, 30.070005241357453, 54.109360715250034, 45.9170304065925, 51.70214121049885, 28.246057700922854, 48.159732022707175, 26.023617603244418, 24.878268473306846, 27.002538622117232, 30.95009542120791, 19.098773525295545, 75.96688949536075, 47.02215067198347, 59.98106890105293, 33.182402606741825, 48.187452737878075, 41.579526626339, 50.98725493907023, 24.55262545535417, 33.314002696646135, 20.72936466907191, 80.58347371145076, 40.61179729168114, 35.92175445072738, 39.343615470269164, 68.05207467061453, 60.92054799653967, 32.072182628776964, 10.163071046765783, 64.59148655211116, 58.30285468349253, 46.94712744689488], [44.316235974600794, 36.113311182162334, 74.48461231235449, 75.50703570802737, 48.85712014297258, 80.92676451309461, 66.7870831836761, 10.962080841200704, 33.23157524142062, 104.97958800577986, 45.3984147111893, 0.0, 87.09577126690112, 14.30013977785716, 48.80954109766014, 84.60305519275813, 76.89406414808685, 23.69203555357889, 71.2296646508479, 74.07285478181862, 48.462912943450476, 93.27425289803462, 84.09886256523467, 65.78249252457049, 56.17077001662852, 86.75660251060853, 28.688376277431246, 9.609175753812643, 16.159566333682807, 44.71956756397124, 61.09722873261019, 18.575011739484918, 42.053127902559424, 88.00701191826333, 55.013581602696576, 2.7681097845880065, 56.3427995051436, 68.4685635315752, 62.34193360453446, 31.48499365393241, 44.269040355895484, 86.34048100674245, 27.91216389814154, 81.04061653890594, 39.71030752419189, 18.49071038257124, 5.742547119302248, 66.55764775938043, 68.8584363040087, 78.69027788497107, 59.918889777474625, 92.25796168096369, 68.86409234911045, 71.7784211591782, 84.48355197019131, 70.24767870568327, 105.16340046950832, 49.310194212256874, 55.56031024768404, 106.12851210237669, 67.90145285990384, 72.26828346397667], [72.62911034769935, 70.53538996372777, 17.26297014933915, 21.454954758156656, 38.3044753676052, 38.43956529697114, 36.352680115096554, 94.97010221302116, 64.33747911626061, 22.180607212285864, 49.058063760483385, 87.09577126690112, 0.0, 85.1546731948043, 71.02817238209946, 45.82843822597371, 23.149586933383166, 63.422105558387564, 23.48875081529686, 44.50617696554461, 72.13789283835312, 52.51337385987607, 60.852373869428284, 54.2396898169291, 79.73574000273902, 64.0463642987812, 60.41059367231422, 77.85027175592847, 99.42609152700471, 44.702402901340854, 68.93657223062166, 87.23220851145706, 60.834363414352474, 4.7772207241515865, 33.20776517851931, 89.55249596552623, 31.012825109518367, 48.012265242422764, 63.23671293769927, 58.28175920990541, 42.83628299425961, 56.10719569705196, 73.24839807474102, 34.24932128529649, 52.245166934798, 80.56896128215341, 81.7928964810554, 40.15877543179697, 45.40581789126547, 36.64921776066109, 28.73688710752016, 57.32933039183084, 77.50753787667446, 15.372462753723683, 41.42067380425677, 61.60827939778765, 29.39432345081481, 78.2451610422897, 42.709043697868346, 21.139442604753057, 49.15546239845319, 26.092926955547536], [55.19969495667103, 46.46488863302935, 74.83417708352592, 76.92044285481228, 48.33586301217321, 85.433590310395, 70.75868941055765, 24.361617940018228, 41.481391684256224, 100.89871903744306, 38.70960452454008, 14.30013977785716, 85.1546731948043, 0.0, 59.35656126519877, 90.14941826435252, 78.72482337310788, 25.32856262273908, 66.43349773724654, 65.11968926834166, 59.21106507897871, 99.33064376333566, 91.907593721788, 55.41127720594947, 42.44626145415044, 94.86554894835085, 24.78306376401061, 13.048586462732727, 29.14034486178451, 40.64410047512203, 48.595717499231625, 32.468817940428735, 50.188663254693346, 86.81937596181469, 55.52581235764992, 16.229978843414226, 55.865272015737986, 59.065621401802474, 50.62194517293796, 36.063009535154734, 43.68514776440629, 93.34165916632342, 38.60650373599773, 84.8561218985638, 44.27717559017345, 30.944069786308063, 16.251677524885224, 71.31188406717821, 59.890459993835066, 70.92562204493284, 56.66835012780191, 99.07806457715016, 55.56933536726571, 70.32481305548549, 76.00406639444134, 78.76975371884552, 99.6299339200065, 35.64341645482495, 48.463626624632234, 102.62028892513216, 74.39129962157604, 74.41471048520721], [4.714533978907494, 12.897944443991841, 53.85060886771636, 50.90926776691072, 43.30840099674177, 44.5955531804549, 36.09517315980878, 47.91125998236837, 19.37426303905845, 93.10635147627933, 59.560833347174984, 48.80954109766014, 71.02817238209946, 59.35656126519877, 0.0, 44.471459043739856, 50.4712485306493, 39.267147391625244, 69.03794177789655, 85.33490652930452, 1.1581270392890146, 50.80476509393637, 38.1630896769672, 83.99961348765541, 90.06776582382683, 40.082670764525005, 48.552092373883944, 46.334653821920995, 49.17591901357542, 52.21663283648592, 88.38176480289754, 33.94245450001218, 13.70891685724083, 69.17472821139715, 42.21238681226511, 49.24869977962972, 46.054220091243835, 82.6279626081823, 86.27719340483971, 29.49146181243994, 42.293897434805935, 42.08710525001254, 20.970059019347406, 46.931149581416435, 26.648504384117523, 30.675244460585265, 44.09167013654338, 33.13690045608959, 81.40884505811424, 84.70426391850093, 56.827060913588106, 47.99432822688331, 98.65067505433551, 58.17095298528087, 91.8904905807094, 23.78710391704509, 98.41068517574756, 83.95174544101089, 66.25136013274225, 92.09529547323086, 27.929224286782873, 46.12442355448337], [48.48873927558874, 52.36340976796203, 32.61564097952535, 26.782779522411637, 48.067648734923594, 7.84275959432397, 20.75136184162621, 87.63956066554267, 51.807930833454215, 65.81833271464212, 69.0860481104953, 84.60305519275813, 45.82843822597371, 90.14941826435252, 44.471459043739856, 0.0, 24.171442967999514, 64.90390976005835, 59.11770045835725, 81.80103887145034, 45.546901384594996, 9.637664318639523, 15.707233093007835, 86.98864401944066, 105.0059281265855, 18.50505527478166, 69.10224225339971, 78.21380594067925, 90.27247497889115, 60.955172466632284, 97.97297347332041, 75.02058015932863, 43.4737061715649, 41.66742835104312, 40.844521590399204, 86.07071506252151, 43.43542813099356, 82.50108650821905, 93.53409613982551, 54.15777434735489, 51.340076148203615, 10.328095352795772, 59.391186501875445, 11.773731469978294, 45.87684821632714, 69.74099501856415, 78.93779718848508, 19.0744473838094, 80.25455343974448, 76.58969783384045, 52.864757945450684, 12.272673197857586, 108.26433737123507, 42.296561769764565, 83.00972223472768, 23.225991059838872, 74.81868351232987, 100.81799174493212, 69.47872671859551, 62.986997952695944, 17.26407879824074, 24.27259381018446], [52.86764496930656, 52.69925185576559, 8.526252850670788, 2.7721037855563484, 31.104700131504806, 16.353631325412618, 14.403946463794531, 82.74601964274726, 48.304531120874174, 44.866841104825795, 49.952037057307905, 76.89406414808685, 23.149586933383166, 78.72482337310788, 50.4712485306493, 24.171442967999514, 0.0, 54.02852541814726, 35.2789097117489, 58.21222416283281, 51.62196930619389, 32.45441320376314, 38.2416300472006, 64.50117083031274, 85.25390508713856, 41.59557447448871, 54.84757159504338, 68.69535004363996, 86.5109689795243, 42.69015132794065, 76.79691012018591, 72.5761950204139, 42.603594578929474, 19.902336294779495, 23.471384971252142, 78.95888860472758, 24.303441837349713, 59.49473475394628, 71.87504348750102, 45.57931969954161, 35.49086142104571, 34.046464462872855, 57.25492707990471, 12.488663046639727, 37.78681018764631, 66.22987555260855, 71.20100349650806, 17.78260929544856, 57.12183993209115, 52.56593826298354, 30.97095204304681, 36.347243054423444, 86.72840691346522, 18.378456539157536, 58.8821185005441, 38.53615102954691, 52.53085748975762, 81.96818797191534, 48.07465515618027, 42.96583015107574, 26.229655034313218, 4.793181702280142], [36.115921684191335, 27.4994705448495, 51.01324621078801, 52.42948302083477, 25.16509962913095, 60.10516044132948, 45.44135541586426, 32.02979655985274, 19.8936774446444, 81.73220735487531, 26.13557867500552, 23.69203555357889, 63.422105558387564, 25.32856262273908, 39.267147391625244, 64.90390976005835, 54.02852541814726, 0.0, 48.66285067751078, 55.61354667154167, 39.496866456336626, 74.17064612453778, 67.57696521403479, 50.14822618614932, 51.03725183703127, 70.71080441440644, 10.216010516843465, 14.760866878905862, 36.86431724615546, 22.683762017560507, 50.84835118769648, 28.09950811265923, 27.390544040299307, 64.32143842625943, 31.490710584252145, 26.13077946983474, 32.66214173911537, 50.98025301703997, 49.88058011363951, 11.305543846073933, 20.586236496980202, 68.54698237326195, 22.135396954224095, 59.575614015193075, 19.132287681032977, 22.054625571045136, 18.39673134570293, 46.002587502976596, 50.681654373831705, 58.52845074837065, 36.74245493307214, 74.1712252115052, 60.64978665986609, 48.09158858457385, 65.00273698100496, 55.18719272738926, 82.6245119702904, 44.76470840633078, 35.75525289932319, 82.69079646973601, 49.52009488423335, 49.5586974795695], [69.10281133777451, 64.29587142296685, 26.76907026890753, 32.53858383259369, 26.928997555307507, 51.292509481269384, 42.20356307248653, 80.55936381380175, 56.44278003675991, 34.5046143121844, 28.073592781639423, 71.2296646508479, 23.48875081529686, 66.43349773724654, 69.03794177789655, 59.11770045835725, 35.2789097117489, 48.66285067751078, 0.0, 23.027846402395955, 69.97823285794361, 67.72024500490583, 71.70602119366417, 31.100747983972735, 56.278078802818264, 75.2575767496674, 42.73325636643199, 61.62946237883228, 85.4912959941235, 26.514140029848246, 45.487699491042605, 75.74846712007384, 56.2416949686213, 27.365701960567907, 26.885443601435465, 73.90413525197998, 22.99523795816414, 25.21462258335383, 39.845889424563595, 47.46385200103702, 30.00143311580157, 68.43467913501034, 64.36644646607911, 47.68800672780291, 44.39708899952177, 69.1716459618139, 66.57384188093984, 46.00405074974857, 22.665933735726153, 17.64281861836315, 12.776151846094187, 71.38683645744676, 54.308185089774085, 16.900919912788694, 24.496536732648572, 67.66899579683796, 33.989656560287074, 55.030862967511105, 19.954504868276675, 36.54012431573168, 55.39219560310741, 34.94644343071139], [84.37231635552352, 77.90200182677339, 49.73589959360693, 55.454517793347506, 42.22270701319847, 74.02003897268759, 63.76189997926886, 84.67277541797647, 69.41707988949236, 46.65247606114728, 29.53703244095763, 74.07285478181862, 44.50617696554461, 65.11968926834166, 85.33490652930452, 81.80103887145034, 58.21222416283281, 55.61354667154167, 23.027846402395955, 0.0, 86.11169454285346, 90.59077944401936, 93.68048766825866, 12.557752987333833, 40.45204356253139, 97.27164983631391, 46.56380256402069, 64.8793571151109, 89.898754592111, 34.24601652082922, 27.923369344372215, 83.641899696016, 71.73782255076847, 48.9598603958814, 45.56008591898186, 76.83761631606886, 41.732029073749345, 6.453241581682561, 22.046275240766448, 58.93668270460298, 43.10772893108746, 90.81691507968623, 75.73492383798282, 70.53934359545657, 58.86681294933622, 77.66218959783097, 70.72850689902295, 67.34421213304027, 5.240847800002756, 9.047511070162054, 30.41444038020017, 94.06868700683752, 34.32267924575708, 39.85640619527, 11.124158695511856, 88.1529785402584, 40.40249432706973, 41.7638911588135, 20.027869287003384, 50.28593611588658, 76.40529400010847, 57.531427370878134], [4.163085608643811, 12.760998757408888, 54.96922415097155, 52.05136481863936, 44.1442329702186, 45.729191705707365, 37.2484029157843, 47.32453692291439, 19.627856739416963, 94.20687612769565, 60.15209002106967, 48.462912943450476, 72.13789283835312, 59.21106507897871, 1.1581270392890146, 45.546901384594996, 51.62196930619389, 39.496866456336626, 69.97823285794361, 86.11169454285346, 0.0, 51.80272039060893, 39.02924055824908, 84.64228953898143, 90.3811346743154, 40.88647145640585, 48.887993750369205, 46.21061265456409, 48.4870183839228, 52.87873042646402, 88.84888772499443, 33.31227305275449, 14.406420691492045, 70.30294625330365, 43.17634204821228, 48.84069557775085, 47.00466094741887, 83.34340601098437, 86.81066202863772, 29.910863435207183, 43.040584143603844, 43.036406699297295, 20.711259194865598, 48.07940424383988, 27.3500659004154, 30.233662328869997, 43.8254885709688, 34.29485835494707, 82.14957447817326, 85.56736860037273, 57.72621877022574, 48.928062541377535, 99.08999431774937, 59.22860744611147, 92.74971971969036, 24.676045508193162, 99.46909808467554, 84.22542566379322, 66.95796998804236, 93.21171194233823, 29.054210779390147, 47.26877550678931], [55.134230590125966, 59.94122976215882, 40.97993537268309, 35.18298216376329, 57.699400024677175, 16.793567198670726, 30.388968037012006, 95.7569597871668, 60.204638591579915, 71.08564064456343, 78.68975067783347, 93.27425289803462, 52.51337385987607, 99.33064376333566, 50.80476509393637, 9.637664318639523, 32.45441320376314, 74.17064612453778, 67.72024500490583, 90.59077944401936, 51.80272039060893, 0.0, 15.34820476905066, 96.21055546944253, 114.61042041417139, 16.407702086216055, 78.63330645892997, 87.21243416423053, 98.12213752900591, 70.57837193063966, 107.45063130971525, 82.75875412776281, 51.61941814205305, 48.046040206394856, 50.44386674616458, 94.62695933586475, 52.95953517870362, 91.55900738824434, 102.93665658871696, 63.27658016741235, 60.97433356590043, 9.46650538204544, 67.34189791576834, 20.051515467630814, 55.07055391832402, 77.79038404619803, 87.66094585550599, 28.603030264941278, 89.26225769646676, 85.00218878473022, 62.12848470385195, 5.773449446348632, 117.70112880585853, 50.821372451088244, 91.22208388319072, 27.67935254874806, 80.72949154867428, 110.45063146926434, 78.88074603311331, 67.84139722552051, 25.386086025682992, 33.267463327304554], [42.769863332598874, 48.92259416706263, 46.23714051106186, 40.57274409037327, 55.947463117900625, 22.44320863281627, 29.979378028518664, 85.16325114690818, 50.96521369501849, 81.34835150354962, 77.10256247263366, 84.09886256523467, 60.852373869428284, 91.907593721788, 38.1630896769672, 15.707233093007835, 38.2416300472006, 67.57696521403479, 71.70602119366417, 93.68048766825866, 39.02924055824908, 15.34820476905066, 0.0, 97.42642310151771, 112.56325049858012, 3.6072445666606163, 73.72811012452028, 79.20527774337218, 86.9583833084191, 68.73912116498572, 106.92512369965405, 71.56654412738962, 42.10263337044921, 56.90027547210279, 49.72941379249811, 85.10995282904803, 53.02847317759806, 93.59373070351933, 103.0209791911689, 56.2907425531394, 58.2459989599552, 6.148102303855899, 56.85760978601611, 26.64563168975167, 48.72814956790728, 67.30017392838678, 78.7186403842852, 26.638637911027732, 91.53349146859021, 89.34740558362383, 63.657025052209356, 10.651522191579014, 117.41552642693988, 55.36742729686484, 96.07096520689878, 14.395260852371372, 90.09006571541772, 107.69940507307322, 79.26605445097186, 78.61515466646573, 18.889871682778526, 37.06993355912355], [82.36573605258707, 75.03754545535062, 56.34998406664913, 61.737898167787286, 42.691046126279495, 79.42435423742901, 67.56232102293303, 76.6515703757854, 66.49751419647521, 58.82529292021335, 24.747421127618054, 65.78249252457049, 54.2396898169291, 55.41127720594947, 83.99961348765541, 86.98864401944066, 64.50117083031274, 50.14822618614932, 31.100747983972735, 12.557752987333833, 84.64228953898143, 96.21055546944253, 97.42642310151771, 0.0, 27.93040456362832, 101.03217647337664, 40.24997725425006, 57.102475325814304, 81.8903200095399, 31.802800847626617, 15.549691478143899, 77.4294024612501, 70.29830621833078, 58.36404802185919, 47.82638346639323, 68.50510057484162, 44.4020420349832, 6.626735553231526, 9.615785297948316, 55.69442571246519, 42.19645302736038, 95.26920686880513, 71.63060561181123, 76.33461696397059, 57.40185037416122, 71.93538467064546, 63.13494253239776, 70.78786953503686, 9.133415483625567, 21.364653626930785, 34.127073389411976, 99.1127104524037, 23.267922659837197, 46.73083662963763, 23.215229191892192, 90.19160517697601, 52.93802848001884, 29.29786673361461, 18.43368257839906, 62.28075833313753, 79.25053907159091, 62.967955785807916], [87.12356494179176, 78.53476887639683, 78.01853652876333, 82.6370607271933, 57.04170125678778, 98.11193899614314, 84.36131148458674, 66.73797023189036, 70.7649610415627, 86.5977833676458, 35.92074209541743, 56.17077001662852, 79.73574000273902, 42.44626145415044, 90.06776582382683, 105.0059281265855, 85.25390508713856, 51.03725183703127, 56.278078802818264, 40.45204356253139, 90.3811346743154, 114.61042041417139, 112.56325049858012, 27.93040456362832, 0.0, 116.05838350506143, 41.52761410979548, 50.315106053535324, 71.58488110881284, 44.10665301758011, 12.714599732993749, 72.55220918941932, 77.30697569344426, 83.37352064226818, 64.16658347256912, 58.44556199190153, 61.825523251789306, 34.462270674845065, 18.428641818228982, 60.7325857416362, 54.33323288155963, 111.72667694961582, 72.6233027398683, 95.77207709440015, 65.87494970194615, 68.880147291263, 55.98520417065733, 86.78040711223841, 36.79233263320196, 49.28751553746088, 54.57857058890213, 116.44997393949728, 13.883883869998666, 69.38415650585057, 50.65540946510405, 102.54914057306803, 80.85427452528552, 6.868207345347637, 37.75224873702215, 89.90670988707639, 93.67961036141297, 82.58625057970528], [44.75052367170999, 51.28466568387595, 49.6704649881244, 43.97191100492509, 59.50799488621627, 25.607152069407377, 33.58354422156347, 87.48978657196955, 53.734454937281264, 84.31521903173767, 80.64621055524594, 86.75660251060853, 64.0463642987812, 94.86554894835085, 40.082670764525005, 18.50505527478166, 41.59557447448871, 70.71080441440644, 75.2575767496674, 97.27164983631391, 40.88647145640585, 16.407702086216055, 3.6072445666606163, 101.03217647337664, 116.05838350506143, 0.0, 77.0421279161073, 82.09430164729743, 89.12456645984217, 72.27988849468902, 110.49318977753057, 73.76895919702804, 44.87734889140496, 60.01836445481308, 53.32595624340638, 87.69292319761661, 56.63332175015725, 97.19967745325368, 106.60815356072108, 59.41035478268078, 61.75771536173471, 8.294372360844308, 59.3135377197817, 29.79842568565859, 51.96382068279031, 69.70822705865429, 81.43703762271237, 30.244313643389482, 95.13728059677939, 92.89667130422988, 67.26237656396768, 10.983521736901775, 120.98818758617891, 58.870200431663534, 99.60118655758895, 16.601725335751166, 93.20625629011904, 111.15276312929022, 82.86595160544327, 81.48875890385709, 22.38108111053302, 40.5575024849589], [45.7346348508226, 37.33354037980356, 50.34553470784225, 52.848139648014794, 23.901596363806302, 63.44244294589214, 48.70366469370921, 38.65804433481207, 29.311465304175425, 76.87522966050615, 17.12682271931622, 28.688376277431246, 60.41059367231422, 24.78306376401061, 48.552092373883944, 69.10224225339971, 54.84757159504338, 10.216010516843465, 42.73325636643199, 46.56380256402069, 48.887993750369205, 78.63330645892997, 73.72811012452028, 40.24997725425006, 41.52761410979548, 77.0421279161073, 0.0, 19.096771370256256, 43.80249295705624, 16.293570252907212, 40.67887638826533, 37.29172474685168, 35.860062079964436, 62.036719123855285, 31.390912498994833, 31.417340013353204, 31.3070506018559, 41.547111277068446, 39.67073757888221, 19.240869914776667, 19.372040782395043, 73.9720080707893, 32.334996211787335, 62.25807091811888, 25.244028215603766, 31.68543258221685, 24.537083715897467, 50.036561235666504, 41.48576006759144, 50.34971181265305, 32.112311075793414, 79.31277477144764, 50.58136832211638, 45.54224283264207, 56.468438350600536, 62.3101744025803, 76.56352549648979, 35.54904857310596, 27.210196668548335, 78.33311525858076, 55.079890888182746, 50.79726977631643], [42.2286707214441, 33.45360856192112, 65.77063637821895, 67.1488857437915, 39.761161714696435, 73.94953562279854, 59.47839568144814, 19.796947927456873, 28.51715404627756, 95.45057871764047, 35.93215977876643, 9.609175753812643, 77.85027175592847, 13.048586462732727, 46.334653821920995, 78.21380594067925, 68.69535004363996, 14.760866878905862, 61.62946237883228, 64.8793571151109, 46.21061265456409, 87.21243416423053, 79.20527774337218, 57.102475325814304, 50.315106053535324, 82.09430164729743, 19.096771370256256, 0.0, 25.019407566044638, 35.116655808095935, 53.73231900043585, 22.240216187099442, 37.289742753750446, 78.92387462072773, 46.24654618442304, 12.322703603061363, 47.30997740437514, 59.426354320451864, 54.38960702023637, 24.137008765059512, 35.11837233975747, 80.87585658668384, 25.698794592492167, 73.71477150123792, 32.49168823260938, 19.054464756564563, 6.0740688112184875, 59.65504084929825, 59.69205318904857, 69.24572401950006, 50.4079338456286, 86.6831919504727, 62.21763311689022, 62.59071391038592, 75.14996502793083, 65.88479884096076, 95.55587782746542, 43.486037070535666, 46.0929382453926, 96.6624227442047, 62.04355348552017, 64.1725636161652], [44.465285240831896, 38.228226375709255, 85.39127327760536, 85.52073372785729, 61.26715942032868, 87.84782893045862, 74.74010819277785, 5.242380591134419, 38.97829052035506, 118.47498906474763, 60.844232621901156, 16.159566333682807, 99.42609152700471, 29.14034486178451, 49.17591901357542, 90.27247497889115, 86.5109689795243, 36.86431724615546, 85.4912959941235, 89.898754592111, 48.4870183839228, 98.12213752900591, 86.9583833084191, 81.8903200095399, 71.58488110881284, 89.12456645984217, 43.80249295705624, 25.019407566044638, 0.0, 59.21426643492672, 77.12240806876775, 15.409298242325914, 46.833302034985834, 99.79215251893504, 66.43776647960678, 13.516073588242998, 68.4148020309267, 84.41752131691479, 78.48481080136773, 41.45039869516148, 56.944278344378404, 90.20020137426891, 30.8828240801539, 88.67428471659863, 48.75722814272123, 20.669277211362537, 19.269284097354515, 73.71722662829437, 84.7099562026526, 94.13889110493255, 73.58350663911386, 96.19162482513008, 84.59926196102822, 84.06503621698424, 100.1354187743183, 72.59977104973112, 119.47163026471829, 64.7719196636701, 70.9837401301495, 119.26156449044747, 73.0410657644936, 81.74182543339438], [50.73253758344907, 43.80806177363443, 36.7287860206175, 40.312161435608076, 12.935595150111746, 54.23123206513446, 40.26651280703273, 54.204349086616844, 35.278266003543614, 60.58310156234953, 8.370897329080787, 44.71956756397124, 44.702402901340854, 40.64410047512203, 52.21663283648592, 60.955172466632284, 42.69015132794065, 22.683762017560507, 26.514140029848246, 34.24601652082922, 52.87873042646402, 70.57837193063966, 68.73912116498572, 31.802800847626617, 44.10665301758011, 72.27988849468902, 16.293570252907212, 35.116655808095935, 59.21426643492672, 0.0, 38.40025399761985, 50.58411715753616, 38.50941746383723, 46.74366663659284, 20.210390465012736, 47.40158250125351, 18.42369930750352, 30.673110330981487, 35.10550355132627, 24.69905443104432, 10.799922459627517, 67.66229547898452, 41.521775832699106, 52.16802828335172, 25.599667171428397, 44.25908826314633, 40.146075030518396, 42.69279016638315, 29.763098864251567, 36.08958390842712, 16.042218477067376, 72.34342846171324, 48.9406645963805, 30.395540676937383, 42.79673588819472, 59.74401690154654, 60.45180415759784, 39.9116037454732, 14.337270800535345, 62.08596686493928, 49.93270371080439, 39.372779606633316], [85.99610763506655, 77.85395174645423, 69.07242724990508, 74.09004981615146, 50.993097956281325, 90.71883584281629, 77.72099189534524, 72.01857609428195, 69.58963140405568, 74.37438885617792, 30.070005241357453, 61.09722873261019, 68.93657223062166, 48.595717499231625, 88.38176480289754, 97.97297347332041, 76.79691012018591, 50.84835118769648, 45.487699491042605, 27.923369344372215, 88.84888772499443, 107.45063130971525, 106.92512369965405, 15.549691478143899, 12.714599732993749, 110.49318977753057, 40.67887638826533, 53.73231900043585, 77.12240806876775, 38.40025399761985, 0.0, 75.60616797117726, 75.00806501485012, 72.84081124510797, 57.424131777571944, 63.63505163186126, 54.55539522191592, 22.170767927346883, 5.936386088741955, 58.96178498020381, 49.16780427970465, 105.46669903612246, 72.98156052422374, 88.0106942332403, 62.68233589613083, 71.02643110695952, 59.743641009776944, 80.53510822099025, 24.62490222346411, 36.86595982484613, 45.82721060433323, 109.80279093676117, 10.541900359181994, 59.898115984875716, 37.95725907076646, 98.12196022594246, 68.29676967503607, 15.883283390085378, 28.736725493668132, 77.82109637830817, 88.22087099033618, 74.6333257545407], [29.228821557751857, 22.832155567211696, 72.24461352461923, 71.81318879204188, 49.89802015250028, 72.8639595660604, 60.18055922356288, 14.102464030486788, 24.367323325627428, 107.30059859535744, 54.109360715250034, 18.575011739484918, 87.23220851145706, 32.468817940428735, 33.94245450001218, 75.02058015932863, 72.5761950204139, 28.09950811265923, 75.74846712007384, 83.641899696016, 33.31227305275449, 82.75875412776281, 71.56654412738962, 77.4294024612501, 72.55220918941932, 73.76895919702804, 37.29172474685168, 22.240216187099442, 15.409298242325914, 50.58411715753616, 75.60616797117726, 0.0, 31.705091572064276, 87.13166517321393, 54.02586100606553, 17.71750876260232, 56.50663130044056, 78.81292538850488, 75.79804086746557, 29.058673635170948, 46.0181917318418, 74.79322496177737, 15.764909765302018, 73.89293500227501, 35.30127123476031, 6.686238397861271, 16.715497441894, 58.89399317579031, 78.6