instance_id,num_cities,city_coordinates,distance_matrix,best_route,total_distance
1072,47,"[[19.60786954228453, 34.77311656359164], [68.47366193906778, 93.85514434926239], [0.3900135266945881, 42.53623861321798], [70.57657822405218, 54.19244852208208], [51.6208325757162, 75.86415953547731], [62.39239215803101, 32.40089316093591], [13.98912019119971, 89.62427062445704], [20.595748266351254, 7.950127008728791], [94.75025943162929, 26.60587398201485], [87.89555182276378, 53.56708347980298], [78.48792415326996, 0.5409210388626295], [36.55094931931908, 12.537944553098013], [68.83648615577641, 24.502600157944233], [62.03627996575444, 28.628942410405944], [34.53528259671911, 76.1537489986404], [51.74919948264281, 38.5799107973713], [74.56835359825835, 90.99229446503905], [84.95386030238369, 22.232276881860948], [62.45595155617433, 37.0587977895705], [94.51684582758804, 60.690353471871795], [8.994893334977949, 54.63403171975142], [33.75770223107717, 90.72593291097475], [52.3393475801337, 35.956740401375384], [77.7951714869015, 21.012595400645175], [63.21135878159676, 90.37289832860336], [3.2529495250297247, 61.41617099624267], [98.8767272882271, 96.02069166640355], [6.303054120775831, 72.04909102907008], [25.662355184528252, 81.91508150910202], [68.10341803498115, 22.693818943857323], [41.183286204749045, 66.75078622961422], [57.51924113424944, 98.14728985921049], [19.270338750138905, 55.731170687714204], [64.59868913509241, 57.71883639395035], [16.345917822661182, 88.52863299082205], [33.35416995103617, 20.129257447339953], [7.9381526542434795, 21.734676816129237], [85.52860570946773, 71.50350976880831], [52.28299761809273, 40.371212141687565], [73.91292425641237, 45.13905505116025], [3.184337537496229, 73.82817572649664], [90.03161418596247, 63.246348445959356], [26.560338616821777, 76.15719132588752], [42.59538141601718, 96.96057919671938], [9.618983830101179, 12.090886436263283], [49.52753717924905, 52.85771958084118], [33.49361601809997, 28.120586487671993]]","[[0.0, 76.67171364872634, 20.726602562729404, 54.54282462800167, 52.089381016645014, 42.85023709770379, 55.13818500893103, 26.841174956282096, 75.58493639389148, 70.82669513458414, 68.1080321359816, 27.95479970715577, 50.28856928683537, 42.87097954429179, 43.99073085574179, 32.36598171959734, 78.62093087455493, 66.53849388393034, 42.9090022132398, 79.26574226658123, 22.518685903423243, 57.714256664404914, 32.75287193410026, 59.79225744417017, 70.65833288551143, 31.26236968420672, 100.17393505458925, 39.57924185417675, 47.52916636462147, 49.97727138003443, 38.57550986608229, 73.84820875882619, 20.960771925320334, 50.50425631732342, 53.85439513521057, 20.084904399679708, 17.498091418644435, 75.46300578318625, 33.15120916153688, 55.28554646770233, 42.36779495950096, 75.96202171786265, 41.96401399012839, 66.30012225397219, 24.78429747481544, 34.96054029613863, 15.397081268917056], [76.67171364872634, 0.0, 85.2585084732583, 39.71840501809053, 24.65143793209821, 61.754407383341295, 54.64856431737642, 98.34615712842813, 72.20058130453832, 44.72513449142081, 93.85003846412611, 87.35872345502983, 69.35349325896259, 65.54309502944471, 38.27731690889764, 57.749970464689206, 6.733585662943979, 73.49443572371445, 57.11425234371022, 42.16812517758327, 71.24619000729545, 34.85670412807754, 60.104419800424026, 73.43655409659449, 6.310140400143659, 72.8424897981431, 30.48009149933821, 65.88390120430738, 44.445169441214425, 71.16228856636401, 38.46311007703915, 11.765281477618991, 62.2447136757862, 36.34347488714717, 52.39917394308004, 81.66324214095638, 94.15895985816094, 28.115239202782078, 55.88084301027459, 49.0188018117288, 68.2918395786121, 37.4385321791527, 45.496639580662595, 26.063943071252673, 100.74357055104564, 45.16353043172083, 74.46231066715424], [20.726602562729404, 85.2585084732583, 0.0, 71.14788186204748, 61.11748631475256, 62.82531482914111, 49.012431696091774, 40.0558464183139, 95.6955198769662, 88.19806557377262, 88.672940305414, 46.98415609453617, 70.7822840214921, 63.19553032887933, 47.91697407368663, 51.51134352590807, 88.60257041693184, 86.96720671316652, 62.30716669417556, 95.86152745132802, 14.84589352526451, 58.614411930717445, 52.364330467556336, 80.341929874672, 78.96117674123907, 19.0957652194969, 112.07238511758572, 30.099377182711272, 46.79085937113136, 70.56080192598347, 47.43875432652954, 79.72664339930668, 23.034168380768534, 65.97927931370546, 48.68152855536801, 39.858605265820245, 22.12870031174304, 89.93154439386691, 51.93812797485608, 73.56896802035266, 31.416453889303433, 92.00285440158837, 42.60580214748341, 68.87163368631545, 31.813414812622064, 50.20985162366403, 36.10622555894952], [54.54282462800167, 39.71840501809053, 71.14788186204748, 0.0, 28.792070980263382, 23.277731560896427, 66.76491911261623, 68.09137729701868, 36.67950324064179, 17.3302604697383, 54.23168627006174, 53.785138498145734, 29.740797169739334, 26.952356836877676, 42.205138420795386, 24.458567506663, 37.015711962131505, 35.04509682155704, 18.960658345710037, 24.806434279545503, 61.583268096924655, 51.86834401616786, 25.790262352738633, 33.95601186615678, 36.9225054084596, 67.71006681127655, 50.50247876683873, 66.70791244130503, 52.780979632601635, 31.595572263008965, 31.963689738646462, 45.853267373752885, 51.3293081470766, 6.940502098750772, 64.18674389188423, 50.45600721259544, 70.5484181394609, 22.87435173753627, 22.92774883126289, 9.64858218532524, 70.19455739301213, 21.45860032972345, 49.19226845347185, 51.1083200292559, 74.08353288257453, 21.091316465607193, 45.33087331950924], [52.089381016645014, 24.65143793209821, 61.11748631475256, 28.792070980263382, 0.0, 44.77814221000799, 40.06852173679527, 74.66506325214932, 65.47156754336959, 42.579512175278026, 79.9714378228537, 65.0946302344207, 54.16999639911837, 48.36990057036804, 17.08800398355474, 37.284469716327656, 27.485435916627555, 63.146413788892716, 40.28965007978317, 45.500685086717944, 47.620258538012656, 23.237119734902777, 39.91388687858472, 60.77655884858234, 18.569970357982925, 50.47966406024053, 51.37514352899637, 45.47808034426736, 26.65438435229203, 55.66651365094499, 13.856260219052889, 23.0505774449981, 38.10369654906028, 22.30868693550067, 37.47944101419376, 58.65194177704725, 69.55700845052235, 34.18702012866158, 35.49912361230446, 37.960102701030245, 48.47926651320066, 40.43015335861089, 25.062207107395288, 22.945973310351278, 76.3622004648665, 23.101475385852492, 51.06901944915174], [42.85023709770379, 61.754407383341295, 62.82531482914111, 23.277731560896427, 44.77814221000799, 0.0, 74.94926060627719, 48.42312883362461, 32.87269112469902, 33.14240132367229, 35.69487321491768, 32.59320320839953, 10.193595038693935, 3.7887238429201435, 51.868400274790496, 12.306819624777825, 59.84318126380283, 24.747133204872622, 4.658338258064552, 42.80507082404529, 57.8412078948343, 64.97503927706703, 10.663383838281897, 19.155650261239447, 57.977789622325, 65.87381894806231, 73.33884013105718, 68.68765126023891, 61.65022679481844, 11.262464491534077, 40.37005485712368, 65.92674934886047, 49.02869914233494, 25.41389375717802, 72.59890479290482, 31.524774258192746, 55.48902928552702, 45.43455736639175, 12.873454960462789, 17.17508160596039, 72.26211644226207, 41.41700986369818, 56.555721992387596, 67.52684425736439, 56.54669751367148, 24.165807265622746, 29.21404264395866], [55.13818500893103, 54.64856431737642, 49.012431696091774, 66.76491911261623, 40.06852173679527, 74.94926060627719, 0.0, 81.940913284427, 102.438664218137, 82.2330917653937, 109.98153884142006, 80.32022037311863, 85.14144418320195, 77.64637548747146, 24.568266981323134, 63.492915024064494, 60.59467806181737, 97.86559742652162, 71.49938934645583, 85.56802065001915, 35.34485988796364, 19.79925492691331, 65.96168388563413, 93.69511278059046, 49.22793125136773, 30.182151103067465, 85.12825641821377, 19.18234994595363, 13.98913907378786, 86.06998659982806, 35.53475697867652, 44.35665999816165, 34.30209166784616, 59.827127643936045, 2.5990222969223815, 72.14265041352874, 68.15872031950893, 73.79878022166822, 62.388178513986254, 74.6310705956218, 19.137918962602548, 80.48761191263169, 18.422751084967178, 29.532009832213344, 77.65644696667914, 51.134707955157864, 64.52231024892858], [26.841174956282096, 98.34615712842813, 40.0558464183139, 68.09137729701868, 74.66506325214932, 48.42312883362461, 81.940913284427, 0.0, 76.465210529316, 81.30295367583882, 58.36437579573547, 16.601702035063983, 51.00150154134404, 46.31340058715058, 69.6135379785445, 43.68891366954373, 99.0406164265736, 65.92379228959079, 50.986187679534765, 90.8067186503372, 48.10370873650606, 83.81569706764874, 42.33233387281099, 58.67198733001497, 92.78794906471121, 56.2084560173712, 117.83181249452561, 65.67311698419662, 74.13828295762994, 49.74289033342519, 62.30059584928275, 97.46215938425561, 47.79942306596156, 66.43179388642588, 80.69049934847568, 17.638269249700866, 18.714393927465395, 90.85872790204174, 45.33440782317555, 65.00567378698797, 68.14010952757181, 88.76379656842909, 68.46736420232602, 91.68884587249661, 11.731804896333735, 53.42041070904752, 23.941646312091596], [75.58493639389148, 72.20058130453832, 95.6955198769662, 36.67950324064179, 65.47156754336959, 32.87269112469902, 102.438664218137, 76.465210529316, 0.0, 27.818947391780654, 30.722065696084144, 59.875423472121156, 25.998988560544568, 32.776474159976914, 77.97971116830273, 44.637077798528, 67.47533227546087, 10.728363691353803, 33.9438645012797, 34.08527869924244, 90.21951252662664, 88.49561565928515, 43.429530815656456, 17.85384475406523, 71.1402533607453, 97.8954263403714, 69.53736154851188, 99.43839350515492, 88.4999827713599, 26.932477254045807, 66.94053032398801, 80.64938257155906, 80.9042726577472, 43.32590012213844, 99.90830228964248, 61.73675052386724, 86.94866557318271, 45.834884058051394, 44.64250060860841, 27.88679504256561, 103.02554942522443, 36.94306405669978, 84.29233862720203, 87.57805573699014, 86.35982253916839, 52.29009471458762, 61.27536794069113], [70.82669513458414, 44.72513449142081, 88.19806557377262, 17.3302604697383, 42.579512175278026, 33.14240132367229, 82.2330917653937, 81.30295367583882, 27.818947391780654, 0.0, 53.85422324740019, 65.72410856986647, 34.75618182230525, 35.92510015256551, 57.9437295238735, 39.13022019500012, 39.727328500727246, 31.47258574587585, 30.326502570428275, 9.725353961590796, 78.90787215704742, 65.66343616854495, 39.678304443153166, 34.08536895832435, 44.316784549172475, 85.00575450269884, 43.850827388598866, 83.65954986909787, 68.38552300072313, 36.67270133191673, 48.53705571378781, 53.94548221932691, 68.65932669861108, 23.663914793379927, 79.63454068279715, 63.97539016102113, 86.06095395587705, 18.091926982059398, 37.978744546821574, 16.326222369344983, 87.10052631708689, 9.91216084940797, 65.36299680642016, 62.73038266593248, 88.5860938178474, 38.374571591434226, 60.05909446924165], [68.1080321359816, 93.85003846412611, 88.672940305414, 54.23168627006174, 79.9714378228537, 35.69487321491768, 109.98153884142006, 58.36437579573547, 30.722065696084144, 53.85422324740019, 0.0, 43.61924381995343, 25.832389003444753, 32.55139844984985, 87.45933027341103, 46.496495984746346, 90.53625786400346, 22.634558723155905, 39.882069501643414, 62.248538553564124, 88.06444206061245, 100.66841172672598, 44.02304303338541, 20.483392234481705, 91.12166368838696, 96.77860024140384, 97.63242234198567, 101.60744971190093, 97.01698165325263, 24.46607555187174, 75.99593581927738, 99.83330557407149, 80.94866322107909, 58.840673464396595, 107.71938732342662, 49.20120620106111, 73.6644116416555, 71.31101034224096, 47.67756562629651, 44.8321779688998, 105.07926463793639, 63.75913586206734, 91.72946348783222, 102.88355118007674, 69.83074281373023, 59.79758710321854, 52.77429024469086], [27.95479970715577, 87.35872345502983, 46.98415609453617, 53.785138498145734, 65.0946302344207, 32.59320320839953, 80.32022037311863, 16.601702035063983, 59.875423472121156, 65.72410856986647, 43.61924381995343, 0.0, 34.431219446322565, 30.140044628401363, 63.647729634214656, 30.15245949992867, 87.18031915641048, 49.36417598760234, 35.66989464991589, 75.35714725683393, 50.31318690119544, 78.23786648897988, 28.24382266311321, 42.10588520856352, 82.27428189860643, 59.1425211715549, 104.18191620916627, 66.75710987472914, 70.22640966505648, 33.14664487838421, 54.41039190874412, 88.13982791778798, 46.521761419358924, 53.17883692135541, 78.63096099514607, 8.236955128429631, 30.054484146543604, 76.65343245204126, 31.971676970921877, 49.58577998687577, 69.78411867386106, 73.69887203980655, 64.39891972809748, 84.63874053612786, 26.935675712189806, 42.356535396256184, 15.879736036089731], [50.28856928683537, 69.35349325896259, 70.7822840214921, 29.740797169739334, 54.16999639911837, 10.193595038693935, 85.14144418320195, 51.00150154134404, 25.998988560544568, 34.75618182230525, 25.832389003444753, 34.431219446322565, 0.0, 7.95421301017668, 62.00333654057364, 22.139242098336965, 66.73630011792011, 16.276489706311068, 14.084364406716277, 44.37380266309486, 66.99939849949482, 74.94031546874048, 20.08364782354411, 9.614477420436629, 66.11004643068468, 75.25830179475597, 77.5709578406, 78.55634230432379, 71.83452234141696, 1.9516860275566914, 50.493650035206905, 74.50919645300887, 58.583500970582186, 33.48547854331313, 82.79246731587475, 35.750816630079484, 60.96120424409357, 49.87697223612656, 22.931001483969855, 21.251670389626497, 82.1170933689553, 44.16233104831598, 66.74930291368462, 77.06331360865943, 60.50424133232574, 34.30522275200796, 35.527570908391105], [42.87097954429179, 65.54309502944471, 63.19553032887933, 26.952356836877676, 48.36990057036804, 3.7887238429201435, 77.64637548747146, 46.31340058715058, 32.776474159976914, 35.92510015256551, 32.55139844984985, 30.140044628401363, 7.95421301017668, 0.0, 54.908215209937225, 14.312435037560872, 63.6100664126411, 23.793545729250432, 8.440295371456802, 45.63903195683707, 59.07328808947872, 68.23279407970861, 12.15430463201232, 17.502897010162986, 61.75513664993178, 67.30885748579708, 76.80407819056965, 70.65056099674136, 64.51724594273912, 8.487393882354942, 43.4525295578133, 69.66494291835768, 50.63058863624648, 29.202531957434104, 75.33645946284308, 29.91501427991924, 54.53566059650213, 48.88883200710482, 15.264580406790815, 20.338104607293488, 74.20594194497784, 44.52082140674766, 59.308320323247116, 71.04337493614615, 54.964354172287386, 27.267238387367982, 28.54719059685056], [43.99073085574179, 38.27731690889764, 47.91697407368663, 42.205138420795386, 17.08800398355474, 51.868400274790496, 24.568266981323134, 69.6135379785445, 77.97971116830273, 57.9437295238735, 87.45933027341103, 63.647729634214656, 62.00333654057364, 54.908215209937225, 0.0, 41.329314677727695, 42.694603937414186, 73.82112254025104, 48.041429674636476, 61.94275202827217, 33.397750154831925, 14.592915239935028, 43.96344197287386, 70.08541079931419, 32.00783580670041, 34.5800602628866, 67.33882175947669, 28.529054344037053, 10.579309673041525, 63.125144263310816, 11.515713647363391, 31.81160463793802, 25.497062879970304, 35.26548476108143, 21.999789651351055, 56.0369403221083, 60.570972737626505, 51.20491897245666, 39.94209974950088, 50.124942926003136, 31.437080766994267, 56.97757285889424, 7.974944722825201, 22.31343487382751, 68.73770656570807, 27.70329735071904, 48.044456184518445], [32.36598171959734, 57.749970464689206, 51.51134352590807, 24.458567506663, 37.284469716327656, 12.306819624777825, 63.492915024064494, 43.68891366954373, 44.637077798528, 39.13022019500012, 46.496495984746346, 30.15245949992867, 22.139242098336965, 14.312435037560872, 41.329314677727695, 0.0, 57.16442736771724, 37.010736750159126, 10.814264873146591, 48.14502309843335, 45.66908683955326, 55.162501716524005, 2.68873533532058, 31.416607517277832, 53.04615587584981, 53.603927466388534, 74.29971186963179, 56.44057187550353, 50.58122641898787, 22.799745148486434, 30.08715250758901, 59.84618641950474, 36.72930860099969, 23.052285294950657, 61.22309369065329, 26.05386191165723, 46.93793489367625, 47.17002919512417, 1.8691444448086607, 23.11391505542536, 60.00821607300916, 45.54093127932967, 45.2385977196077, 59.0939491653039, 49.765685793858374, 14.449623076317614, 21.039576817188046], [78.62093087455493, 6.733585662943979, 88.60257041693184, 37.015711962131505, 27.485435916627555, 59.84318126380283, 60.59467806181737, 99.0406164265736, 67.47533227546087, 39.727328500727246, 90.53625786400346, 87.18031915641048, 66.73630011792011, 63.6100664126411, 42.694603937414186, 57.16442736771724, 0.0, 69.53990773318867, 55.27686990841521, 36.27878126642373, 74.97867670715044, 40.811520597633844, 59.35520970941194, 70.05405509197593, 11.373872816218311, 77.20514191146445, 24.823009685891336, 70.84487327370191, 49.7412552705619, 68.60376921390534, 41.25788950488535, 18.48962397943881, 65.58366638258845, 34.73495676572251, 58.274536939413586, 81.97669759802933, 96.10515740709437, 22.35933485766754, 55.30941209911955, 45.85792355055602, 73.41855842383401, 31.763972492384006, 50.247883414200665, 32.52524208679739, 102.19517024891229, 45.621138614999744, 75.09983842372895], [66.53849388393034, 73.49443572371445, 86.96720671316652, 35.04509682155704, 63.146413788892716, 24.747133204872622, 97.86559742652162, 65.92379228959079, 10.728363691353803, 31.47258574587585, 22.634558723155905, 49.36417598760234, 16.276489706311068, 23.793545729250432, 73.82112254025104, 37.010736750159126, 69.53990773318867, 0.0, 26.944046098897473, 39.62921078142244, 82.58110182923328, 85.51273307231362, 35.3845635695608, 7.261848832944028, 71.52538474926, 90.61134796379663, 75.09045466316736, 93.10029153979283, 84.12799621596906, 16.85676201653384, 62.43204971312827, 80.72018040274506, 73.73263110536635, 40.910009768451395, 95.4057472305893, 51.64252835693581, 77.01731513347643, 49.27458495495186, 37.36851938324526, 25.428778084460053, 96.6870809921539, 41.32720230994575, 79.48395921591836, 85.89854422763888, 76.01441582531648, 46.828859803899405, 51.79603200836954], [42.9090022132398, 57.11425234371022, 62.30716669417556, 18.960658345710037, 40.28965007978317, 4.658338258064552, 71.49938934645583, 50.986187679534765, 33.9438645012797, 30.326502570428275, 39.882069501643414, 35.66989464991589, 14.084364406716277, 8.440295371456802, 48.041429674636476, 10.814264873146591, 55.27686990841521, 26.944046098897473, 0.0, 39.82902666960963, 56.27587044045371, 60.85844975403581, 10.176453532292893, 22.198474704122585, 53.3194519510687, 64.01778720815663, 69.30351963982353, 66.1624403372227, 58.01598851253606, 15.435235497621465, 36.52588765078023, 61.28764127564716, 47.04949163466213, 20.770857456219122, 69.10339460945254, 33.66783374071414, 56.63054900599176, 41.45823866266072, 10.698648543925584, 14.01972827366756, 69.75035040949736, 38.02900181246974, 53.07710811086575, 63.10836443802001, 58.43921419588651, 20.41445145156185, 30.310204570365258], [79.26574226658123, 42.16812517758327, 95.86152745132802, 24.806434279545503, 45.500685086717944, 42.80507082404529, 85.56802065001915, 90.8067186503372, 34.08527869924244, 9.725353961590796, 62.248538553564124, 75.35714725683393, 44.37380266309486, 45.63903195683707, 61.94275202827217, 48.14502309843335, 36.27878126642373, 39.62921078142244, 39.82902666960963, 0.0, 85.73612652384912, 67.77764795877836, 48.89471314912324, 43.05739051910559, 43.14031743460645, 91.26678245343594, 35.5983337150886, 88.94208208821154, 72.0515784835391, 46.27532608090249, 53.676786670347916, 52.648312760901355, 75.40974951054596, 30.065362356391113, 82.97989992598608, 73.38988643601674, 94.93900597389307, 14.061038707114259, 46.8675307540166, 25.814036233824105, 92.27258229915215, 5.1624038186294685, 69.69440397542216, 63.33535932457804, 97.82410320513817, 45.66604916484927, 69.17097872508864], [22.518685903423243, 71.24619000729545, 14.84589352526451, 61.583268096924655, 47.620258538012656, 57.8412078948343, 35.34485988796364, 48.10370873650606, 90.21951252662664, 78.90787215704742, 88.06444206061245, 50.31318690119544, 66.99939849949482, 59.07328808947872, 33.397750154831925, 45.66908683955326, 74.97867670715044, 82.58110182923328, 56.27587044045371, 85.73612652384912, 0.0, 43.77010436384358, 47.197276667217615, 76.57597047339175, 64.93605864240394, 8.886356502095106, 98.95251232959815, 17.621869625615865, 31.96967253687847, 67.186270058549, 34.39343506239252, 65.17680540848765, 10.333851769547246, 55.68929993507538, 34.68258289607885, 42.236877309381065, 32.91632199898415, 78.3708390887117, 45.577274981532426, 65.60872899739337, 20.054369170515482, 81.49308023183876, 27.78113149928668, 54.041922806318446, 42.54772261306218, 40.5715479347457, 36.099171613473246], [57.714256664404914, 34.85670412807754, 58.614411930717445, 51.86834401616786, 23.237119734902777, 64.97503927706703, 19.79925492691331, 83.81569706764874, 88.49561565928515, 65.66343616854495, 100.66841172672598, 78.23786648897988, 74.94031546874048, 68.23279407970861, 14.592915239935028, 55.162501716524005, 40.811520597633844, 85.51273307231362, 60.85844975403581, 67.77764795877836, 43.77010436384358, 0.0, 57.8354734746044, 82.4575534762389, 29.455772229094855, 42.303688741708896, 65.33392606197727, 33.20515209334451, 11.965188934151888, 76.21021404587047, 25.098744106883224, 24.89351863437743, 37.875019256646816, 45.173387007150616, 17.549882142745606, 70.59782875428117, 73.66439138345697, 55.224342444481195, 53.65430525996084, 60.75035217107478, 34.93228916850831, 62.624920990577685, 16.249623822379927, 10.815516061856288, 82.25660010067062, 41.02059574298122, 62.605903414211916], [32.75287193410026, 60.104419800424026, 52.364330467556336, 25.790262352738633, 39.91388687858472, 10.663383838281897, 65.96168388563413, 42.33233387281099, 43.429530815656456, 39.678304443153166, 44.02304303338541, 28.24382266311321, 20.08364782354411, 12.15430463201232, 43.96344197287386, 2.68873533532058, 59.35520970941194, 35.3845635695608, 10.176453532292893, 48.89471314912324, 47.197276667217615, 57.8354734746044, 0.0, 29.51823911711572, 55.49161081754389, 55.296085577904876, 75.98293197595721, 58.49784687754388, 53.139731281305394, 20.601237897118885, 32.752571866695035, 62.405895066887744, 38.53034438137749, 24.97759550779828, 63.71287841670964, 24.717325629377207, 46.62331180289195, 48.63229038033304, 4.414831374383043, 23.44640938256706, 62.0520799480294, 46.53417743027051, 47.75597928704452, 61.77712541366557, 48.93473678706313, 17.133282667231615, 20.40997075616433], [59.79225744417017, 73.43655409659449, 80.341929874672, 33.95601186615678, 60.77655884858234, 19.155650261239447, 93.69511278059046, 58.67198733001497, 17.85384475406523, 34.08536895832435, 20.483392234481705, 42.10588520856352, 9.614477420436629, 17.502897010162986, 70.08541079931419, 31.416607517277832, 70.05405509197593, 7.261848832944028, 22.198474704122585, 43.05739051910559, 76.57597047339175, 82.4575534762389, 29.51823911711572, 0.0, 70.87693006388984, 84.78792234700718, 77.91435362253661, 87.83989259739633, 80.16821907593913, 9.836493154323893, 58.586792404267015, 79.75509037598681, 68.04803830258385, 39.00634915395448, 91.29307809341476, 44.44977956582613, 69.86075065268713, 51.07972629730842, 32.02541268491158, 24.436814416502255, 91.41259250115485, 43.97067689062777, 75.27240237287008, 83.70855072047942, 68.7574683526116, 42.58134666028393, 44.868155235629544], [70.65833288551143, 6.310140400143659, 78.96117674123907, 36.9225054084596, 18.569970357982925, 57.977789622325, 49.22793125136773, 92.78794906471121, 71.1402533607453, 44.316784549172475, 91.12166368838696, 82.27428189860643, 66.11004643068468, 61.75513664993178, 32.00783580670041, 53.04615587584981, 11.373872816218311, 71.52538474926, 53.3194519510687, 43.14031743460645, 64.93605864240394, 29.455772229094855, 55.49161081754389, 70.87693006388984, 0.0, 66.58455450311781, 36.10977818126608, 59.78559235567747, 38.489769244370684, 67.85565584463376, 32.29922849648392, 9.635422511878692, 55.95411097810887, 32.68351949135657, 46.901715010344965, 76.32575455977917, 88.12679937449418, 29.22521745103174, 51.18200561969791, 46.48251371494501, 62.26532843742461, 38.14676668462192, 39.31136737262907, 21.642921751885332, 94.86946842295558, 39.93288882764963, 68.98184228112444], [31.26236968420672, 72.8424897981431, 19.0957652194969, 67.71006681127655, 50.47966406024053, 65.87381894806231, 30.182151103067465, 56.2084560173712, 97.8954263403714, 85.00575450269884, 96.77860024140384, 59.1425211715549, 75.25830179475597, 67.30885748579708, 34.5800602628866, 53.603927466388534, 77.20514191146445, 90.61134796379663, 64.01778720815663, 91.26678245343594, 8.886356502095106, 42.303688741708896, 55.296085577904876, 84.78792234700718, 66.58455450311781, 0.0, 101.69257457905643, 11.061741565842787, 30.37082142824228, 75.53147565372382, 38.30363638513947, 65.52866165230556, 16.996352140874595, 61.45705859758439, 30.108327988287453, 51.094938120420444, 39.957128384411845, 82.89172458148255, 53.35574860498153, 72.5105270462799, 12.412194367986677, 86.79796189906806, 27.577745858485066, 53.02105149295988, 49.734395439135355, 47.059372639229004, 44.978815654844375], [100.17393505458925, 30.48009149933821, 112.07238511758572, 50.50247876683873, 51.37514352899637, 73.33884013105718, 85.12825641821377, 117.83181249452561, 69.53736154851188, 43.850827388598866, 97.63242234198567, 104.18191620916627, 77.5709578406, 76.80407819056965, 67.33882175947669, 74.29971186963179, 24.823009685891336, 75.09045466316736, 69.30351963982353, 35.5983337150886, 98.95251232959815, 65.33392606197727, 75.98293197595721, 77.91435362253661, 36.10977818126608, 101.69257457905643, 0.0, 95.62699723838396, 74.56079747728457, 79.52249257703387, 64.69358939130943, 41.412124804821396, 89.22120037731676, 51.400544908976485, 82.87017228315567, 100.2632300887615, 117.423321187896, 27.915310456470177, 72.57988850876903, 56.67567737978004, 98.23207836521023, 33.946923267408636, 74.99479126080317, 56.289193294601084, 122.5200268250293, 65.56206771961278, 94.26226987848655], [39.57924185417675, 65.88390120430738, 30.099377182711272, 66.70791244130503, 45.47808034426736, 68.68765126023891, 19.18234994595363, 65.67311698419662, 99.43839350515492, 83.65954986909787, 101.60744971190093, 66.75710987472914, 78.55634230432379, 70.65056099674136, 28.529054344037053, 56.44057187550353, 70.84487327370191, 93.10029153979283, 66.1624403372227, 88.94208208821154, 17.621869625615865, 33.20515209334451, 58.49784687754388, 87.83989259739633, 59.78559235567747, 11.061741565842787, 95.62699723838396, 0.0, 21.728329568309814, 79.0899984987583, 35.280343308700544, 57.48229113715497, 20.842864364711293, 60.03113575162296, 19.298559910101844, 58.54427373208001, 50.34097560442718, 79.22743012015492, 55.835859578053686, 72.76843117788125, 3.5904784482629233, 84.1900234444324, 20.669641099991434, 44.0194873122331, 60.04982670940912, 47.293389323838205, 51.66275416134769], [47.52916636462147, 44.445169441214425, 46.79085937113136, 52.780979632601635, 26.65438435229203, 61.65022679481844, 13.98913907378786, 74.13828295762994, 88.4999827713599, 68.38552300072313, 97.01698165325263, 70.22640966505648, 71.83452234141696, 64.51724594273912, 10.579309673041525, 50.58122641898787, 49.7412552705619, 84.12799621596906, 58.01598851253606, 72.0515784835391, 31.96967253687847, 11.965188934151888, 53.139731281305394, 80.16821907593913, 38.489769244370684, 30.37082142824228, 74.56079747728457, 21.728329568309814, 0.0, 72.8587795375255, 21.699197014128153, 35.75396160336466, 26.95283027809684, 45.842080877533874, 11.425194454316905, 62.2627663165819, 62.736181461295, 60.76486466715859, 49.341176370172725, 60.66789544558055, 23.888476771804005, 67.0218106184591, 5.827492909187583, 22.651586655781784, 71.64361787337297, 37.6015583968416, 54.36153365068074], [49.97727138003443, 71.16228856636401, 70.56080192598347, 31.595572263008965, 55.66651365094499, 11.262464491534077, 86.06998659982806, 49.74289033342519, 26.932477254045807, 36.67270133191673, 24.46607555187174, 33.14664487838421, 1.9516860275566914, 8.487393882354942, 63.125144263310816, 22.799745148486434, 68.60376921390534, 16.85676201653384, 15.435235497621465, 46.27532608090249, 67.186270058549, 76.21021404587047, 20.601237897118885, 9.836493154323893, 67.85565584463376, 75.53147565372382, 79.52249257703387, 79.0899984987583, 72.8587795375255, 0.0, 51.63051291799578, 76.1921982478523, 58.95876730976498, 35.1999285800559, 83.74402407829902, 34.84375436242445, 60.17291011705993, 51.82685678215865, 23.722898904598377, 23.184887026885058, 82.63903107014976, 46.101555672827004, 67.70642239849279, 78.52522913440302, 59.43779287646479, 35.424910038053575, 35.03267334392728], [38.57550986608229, 38.46311007703915, 47.43875432652954, 31.963689738646462, 13.856260219052889, 40.37005485712368, 35.53475697867652, 62.30059584928275, 66.94053032398801, 48.53705571378781, 75.99593581927738, 54.41039190874412, 50.493650035206905, 43.4525295578133, 11.515713647363391, 30.08715250758901, 41.25788950488535, 62.43204971312827, 36.52588765078023, 53.676786670347916, 34.39343506239252, 25.098744106883224, 32.752571866695035, 58.586792404267015, 32.29922849648392, 38.30363638513947, 64.69358939130943, 35.280343308700544, 21.699197014128153, 51.63051291799578, 0.0, 35.39214409472701, 24.527722944451845, 25.0969562342584, 33.03285451943547, 47.27432714815282, 55.96149579414226, 44.59927962440192, 28.619670202850408, 39.22111843793656, 38.652419612581774, 48.97387293996367, 17.387094437957835, 30.242777716358045, 63.119013219610515, 16.206289681253207, 39.38811190805917], [73.84820875882619, 11.765281477618991, 79.72664339930668, 45.853267373752885, 23.0505774449981, 65.92674934886047, 44.35665999816165, 97.46215938425561, 80.64938257155906, 53.94548221932691, 99.83330557407149, 88.13982791778798, 74.50919645300887, 69.66494291835768, 31.81160463793802, 59.84618641950474, 18.48962397943881, 80.72018040274506, 61.28764127564716, 52.648312760901355, 65.17680540848765, 24.89351863437743, 62.405895066887744, 79.75509037598681, 9.635422511878692, 65.52866165230556, 41.412124804821396, 57.48229113715497, 35.75396160336466, 76.1921982478523, 35.39214409472701, 0.0, 57.114846573896976, 41.04361623431035, 42.28192418129021, 81.67474546461376, 91.08881252345894, 38.65767092587452, 58.01287273167691, 55.48536567217773, 59.528993449145666, 47.69832400603761, 37.97391313242344, 14.970967606869822, 98.48928479736588, 45.98926513985325, 74.03357243377624], [20.960771925320334, 62.2447136757862, 23.034168380768534, 51.3293081470766, 38.10369654906028, 49.02869914233494, 34.30209166784616, 47.79942306596156, 80.9042726577472, 68.65932669861108, 80.94866322107909, 46.521761419358924, 58.583500970582186, 50.63058863624648, 25.497062879970304, 36.72930860099969, 65.58366638258845, 73.73263110536635, 47.04949163466213, 75.40974951054596, 10.333851769547246, 37.875019256646816, 38.53034438137749, 68.04803830258385, 55.95411097810887, 16.996352140874595, 89.22120037731676, 20.842864364711293, 26.95283027809684, 58.95876730976498, 24.527722944451845, 57.114846573896976, 0.0, 45.37190941078921, 32.92758374501308, 38.28642746026982, 35.83545782144718, 68.10965144928208, 36.41104189758303, 55.65972569523261, 24.212827723891696, 71.15922988651936, 21.687932524040153, 47.37005110159235, 44.694776667301646, 30.393334434413994, 31.05875039516108], [50.50425631732342, 36.34347488714717, 65.97927931370546, 6.940502098750772, 22.30868693550067, 25.41389375717802, 59.827127643936045, 66.43179388642588, 43.32590012213844, 23.663914793379927, 58.840673464396595, 53.17883692135541, 33.48547854331313, 29.202531957434104, 35.26548476108143, 23.052285294950657, 34.73495676572251, 40.910009768451395, 20.770857456219122, 30.065362356391113, 55.68929993507538, 45.173387007150616, 24.97759550779828, 39.00634915395448, 32.68351949135657, 61.45705859758439, 51.400544908976485, 60.03113575162296, 45.842080877533874, 35.1999285800559, 25.0969562342584, 41.04361623431035, 45.37190941078921, 0.0, 57.250096119311394, 48.879406956573376, 67.12135379161916, 25.06149691981364, 21.274781426364736, 15.652663496275641, 63.491994738583294, 26.02666067954701, 42.271610363776205, 44.98955355167453, 71.4470280191197, 15.835721579606465, 42.936953444881865], [53.85439513521057, 52.39917394308004, 48.68152855536801, 64.18674389188423, 37.47944101419376, 72.59890479290482, 2.5990222969223815, 80.69049934847568, 99.90830228964248, 79.63454068279715, 107.71938732342662, 78.63096099514607, 82.79246731587475, 75.33645946284308, 21.999789651351055, 61.22309369065329, 58.274536939413586, 95.4057472305893, 69.10339460945254, 82.97989992598608, 34.68258289607885, 17.549882142745606, 63.71287841670964, 91.29307809341476, 46.901715010344965, 30.108327988287453, 82.87017228315567, 19.298559910101844, 11.425194454316905, 83.74402407829902, 33.03285451943547, 42.28192418129021, 32.92758374501308, 57.250096119311394, 0.0, 70.48230426994189, 67.32104497550556, 71.24674816416564, 60.088358997927934, 72.08755581600431, 19.731463184039352, 77.90234759204651, 16.043283985177666, 27.570492483052757, 76.73317886859127, 48.71790150065826, 62.79471025276408], [20.084904399679708, 81.66324214095638, 39.858605265820245, 50.45600721259544, 58.65194177704725, 31.524774258192746, 72.14265041352874, 17.638269249700866, 61.73675052386724, 63.97539016102113, 49.20120620106111, 8.236955128429631, 35.750816630079484, 29.91501427991924, 56.0369403221083, 26.05386191165723, 81.97669759802933, 51.64252835693581, 33.66783374071414, 73.38988643601674, 42.236877309381065, 70.59782875428117, 24.717325629377207, 44.44977956582613, 76.32575455977917, 51.094938120420444, 100.2632300887615, 58.54427373208001, 62.2627663165819, 34.84375436242445, 47.27432714815282, 81.67474546461376, 38.28642746026982, 48.879406956573376, 70.48230426994189, 0.0, 25.466670504417117, 73.22216568977319, 27.71348492516138, 47.6497904191396, 61.59377088807466, 71.21387660552125, 56.438333771441656, 77.38508894546261, 25.059418762356458, 36.506575313532956, 7.992545591766979], [17.498091418644435, 94.15895985816094, 22.12870031174304, 70.5484181394609, 69.55700845052235, 55.48902928552702, 68.15872031950893, 18.714393927465395, 86.94866557318271, 86.06095395587705, 73.6644116416555, 30.054484146543604, 60.96120424409357, 54.53566059650213, 60.570972737626505, 46.93793489367625, 96.10515740709437, 77.01731513347643, 56.63054900599176, 94.93900597389307, 32.91632199898415, 73.66439138345697, 46.62331180289195, 69.86075065268713, 88.12679937449418, 39.957128384411845, 117.423321187896, 50.34097560442718, 62.736181461295, 60.17291011705993, 55.96149579414226, 91.08881252345894, 35.83545782144718, 67.12135379161916, 67.32104497550556, 25.466670504417117, 0.0, 92.18034030522253, 48.10182661613392, 70.00310999181924, 52.30995495016856, 91.99214807668461, 57.520395474906984, 82.82547853420463, 9.789171892071888, 51.94536260440253, 26.341251869919063], [75.46300578318625, 28.115239202782078, 89.93154439386691, 22.87435173753627, 34.18702012866158, 45.43455736639175, 73.79878022166822, 90.85872790204174, 45.834884058051394, 18.091926982059398, 71.31101034224096, 76.65343245204126, 49.87697223612656, 48.88883200710482, 51.20491897245666, 47.17002919512417, 22.35933485766754, 49.27458495495186, 41.45823866266072, 14.061038707114259, 78.3708390887117, 55.224342444481195, 48.63229038033304, 51.07972629730842, 29.22521745103174, 82.89172458148255, 27.915310456470177, 79.22743012015492, 60.76486466715859, 51.82685678215865, 44.59927962440192, 38.65767092587452, 68.10965144928208, 25.06149691981364, 71.24674816416564, 73.22216568977319, 92.18034030522253, 0.0, 45.54657410726878, 28.809868590081585, 82.3770755282827, 9.405200606629093, 59.15161262336243, 49.913165919316484, 96.39569754466886, 40.543093456853946, 67.74745887926504], [33.15120916153688, 55.88084301027459, 51.93812797485608, 22.92774883126289, 35.49912361230446, 12.873454960462789, 62.388178513986254, 45.33440782317555, 44.64250060860841, 37.978744546821574, 47.67756562629651, 31.971676970921877, 22.931001483969855, 15.264580406790815, 39.94209974950088, 1.8691444448086607, 55.30941209911955, 37.36851938324526, 10.698648543925584, 46.8675307540166, 45.577274981532426, 53.65430525996084, 4.414831374383043, 32.02541268491158, 51.18200561969791, 53.35574860498153, 72.57988850876903, 55.835859578053686, 49.341176370172725, 23.722898904598377, 28.619670202850408, 58.01287273167691, 36.41104189758303, 21.274781426364736, 60.088358997927934, 27.71348492516138, 48.10182661613392, 45.54657410726878, 0.0, 22.149177239538684, 59.4141972429587, 44.13875750094313, 44.071436240127895, 57.4125976713111, 51.18588569622308, 12.786924190675062, 22.430307394794458], [55.28554646770233, 49.0188018117288, 73.56896802035266, 9.64858218532524, 37.960102701030245, 17.17508160596039, 74.6310705956218, 65.00567378698797, 27.88679504256561, 16.326222369344983, 44.8321779688998, 49.58577998687577, 21.251670389626497, 20.338104607293488, 50.124942926003136, 23.11391505542536, 45.85792355055602, 25.428778084460053, 14.01972827366756, 25.814036233824105, 65.60872899739337, 60.75035217107478, 23.44640938256706, 24.436814416502255, 46.48251371494501, 72.5105270462799, 56.67567737978004, 72.76843117788125, 60.66789544558055, 23.184887026885058, 39.22111843793656, 55.48536567217773, 55.65972569523261, 15.652663496275641, 72.08755581600431, 47.6497904191396, 70.00310999181924, 28.809868590081585, 22.149177239538684, 0.0, 76.32560923031832, 24.242240802580838, 56.60735062438722, 60.54963958876019, 72.29033285537365, 25.57782017734971, 43.856000167709624], [42.36779495950096, 68.2918395786121, 31.416453889303433, 70.19455739301213, 48.47926651320066, 72.26211644226207, 19.137918962602548, 68.14010952757181, 103.02554942522443, 87.10052631708689, 105.07926463793639, 69.78411867386106, 82.1170933689553, 74.20594194497784, 31.437080766994267, 60.00821607300916, 73.41855842383401, 96.6870809921539, 69.75035040949736, 92.27258229915215, 20.054369170515482, 34.93228916850831, 62.0520799480294, 91.41259250115485, 62.26532843742461, 12.412194367986677, 98.23207836521023, 3.5904784482629233, 23.888476771804005, 82.63903107014976, 38.652419612581774, 59.528993449145666, 24.212827723891696, 63.491994738583294, 19.731463184039352, 61.59377088807466, 52.30995495016856, 82.3770755282827, 59.4141972429587, 76.32560923031832, 0.0, 87.48956812014991, 23.49173769908976, 45.69834209141374, 62.07171305689007, 50.86700486555325, 54.84374235990746], [75.96202171786265, 37.4385321791527, 92.00285440158837, 21.45860032972345, 40.43015335861089, 41.41700986369818, 80.48761191263169, 88.76379656842909, 36.94306405669978, 9.91216084940797, 63.75913586206734, 73.69887203980655, 44.16233104831598, 44.52082140674766, 56.97757285889424, 45.54093127932967, 31.763972492384006, 41.32720230994575, 38.02900181246974, 5.1624038186294685, 81.49308023183876, 62.624920990577685, 46.53417743027051, 43.97067689062777, 38.14676668462192, 86.79796189906806, 33.946923267408636, 84.1900234444324, 67.0218106184591, 46.101555672827004, 48.97387293996367, 47.69832400603761, 71.15922988651936, 26.02666067954701, 77.90234759204651, 71.21387660552125, 91.99214807668461, 9.405200606629093, 44.13875750094313, 24.242240802580838, 87.48956812014991, 0.0, 64.77107908815466, 58.19661102263536, 95.3051541847231, 41.81511525588488, 66.56098248958988], [41.96401399012839, 45.496639580662595, 42.60580214748341, 49.19226845347185, 25.062207107395288, 56.555721992387596, 18.422751084967178, 68.46736420232602, 84.29233862720203, 65.36299680642016, 91.72946348783222, 64.39891972809748, 66.74930291368462, 59.308320323247116, 7.974944722825201, 45.2385977196077, 50.247883414200665, 79.48395921591836, 53.07710811086575, 69.69440397542216, 27.78113149928668, 16.249623822379927, 47.75597928704452, 75.27240237287008, 39.31136737262907, 27.577745858485066, 74.99479126080317, 20.669641099991434, 5.827492909187583, 67.70642239849279, 17.387094437957835, 37.97391313242344, 21.687932524040153, 42.271610363776205, 16.043283985