instance_id,num_cities,city_coordinates,distance_matrix,best_route,total_distance
1689,20,"[[68.077499505372, 73.35263925378544], [39.92345507303803, 80.22232627482019], [56.06739570806562, 84.35451673607882], [75.39623122640928, 8.344796269687006], [9.201435538967374, 4.07611620814995], [61.85948809162798, 49.98951053242302], [30.44986632500679, 94.4212603760726], [51.23832643778504, 93.11843849297436], [14.933712795972854, 8.353964849172158], [4.9361483723761035, 83.41102111826598], [44.564233563628775, 88.63783370785396], [70.08753329162596, 26.447565437895847], [56.07672675491653, 75.2473351479043], [27.244580111688464, 96.70812486920111], [10.314926648735012, 0.526638123477774], [35.75466134833478, 67.77511360894508], [21.89388569275873, 40.91556024450962], [24.8449872975944, 17.142792666958496], [62.62687140547942, 69.60397663558014], [84.43362819704568, 58.12646281911886]]","[[0.0, 28.98004171261334, 16.287538222747703, 65.41852553711152, 90.91549677292994, 24.176423424328103, 43.12453564678239, 25.966219770387593, 83.95885742535471, 63.9374793734629, 28.04480067224278, 46.94812227870178, 12.149420526892035, 47.0404720909872, 92.95236018332118, 32.80052833179481, 56.436604074364766, 70.91260089088722, 6.615271582366703, 22.34635081166915], [28.98004171261334, 0.0, 16.664387694584278, 80.1542086709488, 82.11021734089668, 37.35254599497077, 17.069230017154624, 17.156224070115115, 76.08908327139783, 35.132312832644544, 9.610285654140377, 61.65708813952783, 16.90203309491109, 20.79748603990465, 85.01804317536823, 13.126764424969583, 43.24450517464481, 64.85667082606417, 25.06380781575928, 49.69288372978701], [16.287538222747703, 16.664387694584278, 0.0, 78.42883071851962, 92.95719344888846, 34.849705673893766, 27.524482542006805, 10.00630973826791, 86.41795969025759, 51.13995148691763, 12.2747522827103, 59.58002405598789, 9.107186368380765, 31.35867237000807, 95.50079401614407, 26.219911998727266, 55.26998939607933, 74.10974726237994, 16.143269640360405, 38.63358587925571], [65.41852553711152, 80.1542086709488, 78.42883071851962, 0.0, 66.33228931350057, 43.78956086468529, 97.10475472863268, 88.14859488147364, 60.4625191256014, 102.95417130361757, 86.00920846586476, 18.865113975807976, 69.63614694521377, 100.63130400754777, 65.54921664162848, 71.43820183517487, 62.63669566241294, 51.31113917422751, 62.575903743672804, 50.595344335656925], [90.91549677292994, 82.11021734089668, 92.95719344888846, 66.33228931350057, 0.0, 69.86351177127412, 92.81024127536699, 98.4664173935136, 7.152551401190895, 79.44947961887881, 91.65812321138124, 64.86600527383658, 85.2210967539757, 94.37289915358737, 3.7200345596646844, 69.01185456680439, 38.96463688801109, 20.38280513825377, 84.54689639320631, 92.63542940424084], [24.176423424328103, 37.35254599497077, 34.849705673893766, 43.78956086468529, 69.86351177127412, 0.0, 54.4127258432332, 44.41749094561163, 62.73393859339924, 66.00957487086984, 42.34169001658802, 24.938402247276024, 25.911349501401443, 58.14482590917517, 71.43820799322842, 31.587808662408776, 40.98275184674679, 49.48717150499652, 19.629471660293795, 23.995870353354395], [43.12453564678239, 17.069230017154624, 27.524482542006805, 97.10475472863268, 92.81024127536699, 54.4127258432332, 0.0, 20.829244314656542, 87.45473331759334, 27.788040094266012, 15.253307397851396, 78.686516291579, 32.005864839892425, 3.9374622435295175, 96.02924493988577, 27.169063063985583, 54.18546623540433, 77.48145739711222, 40.6356644858291, 65.05043332336268], [25.966219770387593, 17.156224070115115, 10.00630973826791, 88.14859488147364, 98.4664173935136, 44.41749094561163, 20.829244314656542, 0.0, 92.21193503984229, 47.30883263924007, 8.038615237297238, 69.28418227088545, 18.514493036510416, 24.26078545803373, 101.23223866910742, 29.698956223741583, 59.88519600086814, 80.42951640815281, 26.12716733448241, 48.23242084374438], [83.95885742535471, 76.08908327139783, 86.41795969025759, 60.4625191256014, 7.152551401190895, 62.73393859339924, 87.45473331759334, 92.21193503984229, 0.0, 75.71996427750004, 85.57725959552869, 58.04586374179461, 78.5332451102661, 89.20770732907576, 9.088466820354562, 62.96336092165955, 33.29716957104334, 13.246767781507623, 77.62861149078134, 85.48414937825976], [63.9374793734629, 35.132312832644544, 51.13995148691763, 102.95417130361757, 79.44947961887881, 66.00957487086984, 27.788040094266012, 47.30883263924007, 75.71996427750004, 0.0, 39.97129852496482, 86.54211830054629, 51.78807320149535, 25.970735354061354, 83.05872741724959, 34.55810101393552, 45.75400583446279, 69.19421919080354, 59.31992920957596, 83.42156907453081], [28.04480067224278, 9.610285654140377, 12.2747522827103, 86.00920846586476, 91.65812321138124, 42.34169001658802, 15.253307397851396, 8.038615237297238, 85.57725959552869, 39.97129852496482, 0.0, 67.22401577185447, 17.6590756033112, 19.107589987338173, 94.53358033767041, 22.64644900512874, 52.83332335843053, 74.16461128287425, 26.24017150960723, 50.204704778985445], [46.94812227870178, 61.65708813952783, 59.58002405598789, 18.865113975807976, 64.86600527383658, 24.938402247276024, 78.686516291579, 69.28418227088545, 58.04586374179461, 86.54211830054629, 67.22401577185447, 0.0, 50.77125390965795, 82.29255646034031, 65.15104740313171, 53.72813354011868, 50.318491060523705, 46.189465945611865, 43.79654442125554, 34.7758965136108], [12.149420526892035, 16.90203309491109, 9.107186368380765, 69.63614694521377, 85.2210967539757, 25.911349501401443, 32.005864839892425, 18.514493036510416, 78.5332451102661, 51.78807320149535, 17.6590756033112, 50.77125390965795, 0.0, 35.9424286257666, 87.62034531302794, 21.65226170903799, 48.44726402076903, 65.96635056185909, 8.645917547716909, 33.12458495886698], [47.0404720909872, 20.79748603990465, 31.35867237000807, 100.63130400754777, 94.37289915358737, 58.14482590917517, 3.9374622435295175, 24.26078545803373, 89.20770732907576, 25.970735354061354, 19.107589987338173, 82.29255646034031, 35.9424286257666, 0.0, 97.6600817068747, 30.158591201188795, 56.048552150480596, 79.60150836590144, 44.57063370279555, 68.98646147945303], [92.95236018332118, 85.01804317536823, 95.50079401614407, 65.54921664162848, 3.7200345596646844, 71.43820799322842, 96.02924493988577, 101.23223866910742, 9.088466820354562, 83.05872741724959, 94.53358033767041, 65.15104740313171, 87.62034531302794, 97.6600817068747, 0.0, 71.89949622010934, 42.01591749137408, 22.073043611436262, 86.64997553460854, 93.86864079220565], [32.80052833179481, 13.126764424969583, 26.219911998727266, 71.43820183517487, 69.01185456680439, 31.587808662408776, 27.169063063985583, 29.698956223741583, 62.96336092165955, 34.55810101393552, 22.64644900512874, 53.72813354011868, 21.65226170903799, 30.158591201188795, 71.89949622010934, 0.0, 30.22510064021567, 51.7943328161077, 26.93437233954967, 49.62598387459848], [56.436604074364766, 43.24450517464481, 55.26998939607933, 62.63669566241294, 38.96463688801109, 40.98275184674679, 54.18546623540433, 59.88519600086814, 33.29716957104334, 45.75400583446279, 52.83332335843053, 50.318491060523705, 48.44726402076903, 56.048552150480596, 42.01591749137408, 30.22510064021567, 0.0, 23.955239071617083, 49.821695676684385, 64.86474049848043], [70.91260089088722, 64.85667082606417, 74.10974726237994, 51.31113917422751, 20.38280513825377, 49.48717150499652, 77.48145739711222, 80.42951640815281, 13.246767781507623, 69.19421919080354, 74.16461128287425, 46.189465945611865, 65.96635056185909, 79.60150836590144, 22.073043611436262, 51.7943328161077, 23.955239071617083, 0.0, 64.65018631165125, 72.32196999103964], [6.615271582366703, 25.06380781575928, 16.143269640360405, 62.575903743672804, 84.54689639320631, 19.629471660293795, 40.6356644858291, 26.12716733448241, 77.62861149078134, 59.31992920957596, 26.24017150960723, 43.79654442125554, 8.645917547716909, 44.57063370279555, 86.64997553460854, 26.93437233954967, 49.821695676684385, 64.65018631165125, 0.0, 24.642807574900644], [22.34635081166915, 49.69288372978701, 38.63358587925571, 50.595344335656925, 92.63542940424084, 23.995870353354395, 65.05043332336268, 48.23242084374438, 85.48414937825976, 83.42156907453081, 50.204704778985445, 34.7758965136108, 33.12458495886698, 68.98646147945303, 93.86864079220565, 49.62598387459848, 64.86474049848043, 72.32196999103964, 24.642807574900644, 0.0]]",Route_4,970.7876198032184
