instance_id,num_cities,city_coordinates,distance_matrix,best_route,total_distance
1991,22,"[[91.66066000346802, 98.18551721017447], [84.13774099472823, 26.552619879775087], [91.20848335092634, 6.501652229545685], [67.40370351803382, 45.73407954729334], [0.7754550573882524, 0.4529557824289543], [23.880798599560215, 72.75734525900256], [89.48981252412275, 71.05669863325943], [29.143666355317322, 59.469645783348824], [47.80910615186102, 15.479000153942678], [37.31226214491941, 46.791441774610654], [41.56914194523312, 73.15832946013829], [3.122251828157918, 92.09176508660616], [63.88273410747464, 89.07395311369606], [83.70925698655451, 93.51279315937681], [4.709727902725113, 83.53750140099663], [48.637672130061624, 5.865905424369999], [71.26185807157684, 51.927007857296594], [86.12891484746427, 27.43185883953042], [69.69263716693136, 87.01209952856351], [94.45892710841814, 29.53961770494178], [53.16491236504313, 29.306287598588597], [38.55413565705117, 55.76527698844282]]","[[0.0, 72.02684423435194, 91.68498002132777, 57.78886787988975, 133.4607584322784, 72.39268982923149, 27.21553556624874, 73.53429944686636, 93.61264198158894, 74.80039665447981, 55.99571687240047, 88.74786497241111, 29.234119917786717, 9.222752300278058, 88.17612466157676, 101.85228620819917, 50.5565110327722, 70.9695736023599, 24.64628349334505, 68.7029098195495, 78.90672251542871, 67.96896136197746], [72.02684423435194, 0.0, 21.261154747056427, 25.454987826515307, 87.35252247470092, 75.93270543174675, 44.824744230749296, 64.09273624820244, 37.978872592254895, 51.01211014263936, 63.12034371362243, 104.2059932985659, 65.72048701394172, 66.96154421889888, 97.7552350809463, 41.08765075245283, 28.454312964548798, 2.1766567161983366, 62.16115912688641, 10.744721438966014, 31.094996369664955, 54.14096795338717], [91.68498002132777, 21.261154747056427, 0.0, 45.88955105614828, 90.63508887317992, 94.46075371704886, 64.57792072834602, 81.59442290876362, 44.31815335753991, 67.29093402437253, 83.10942686972624, 122.82040385362323, 86.97632692301201, 87.33371079929573, 115.82986122608565, 42.57555803513082, 49.611800954434486, 21.537770658032663, 83.33584919649681, 23.26613929869242, 44.35498492472902, 72.10676150995079], [57.78886787988975, 25.454987826515307, 45.88955105614828, 0.0, 80.55869700002901, 51.229875485581005, 33.60106022734665, 40.65090679821934, 36.046054916459, 30.110012600318505, 37.6764389896525, 79.25364370121832, 43.48266167499256, 50.48441886701557, 73.20951633703076, 44.06399030898237, 7.296418135761168, 26.184056640778497, 41.34143382640707, 31.531662149164745, 21.73972221093026, 30.543779855623093], [133.4607584322784, 87.35252247470092, 90.63508887317992, 80.55869700002901, 0.0, 75.90640050603002, 113.38044683842865, 65.48072320086749, 49.375564247219486, 59.010114016150546, 83.36783703274828, 91.66885417507218, 108.79434653093847, 124.65211123382612, 83.17764256977597, 48.16733173986178, 87.28064531661529, 89.51577686810634, 110.64385819368336, 98.09498884923049, 59.80944736313824, 66.98269616138633], [72.39268982923149, 75.93270543174675, 94.46075371704886, 51.229875485581005, 75.90640050603002, 0.0, 65.6310513941312, 14.291981471086382, 62.075540434955805, 29.2340957912344, 17.692887798320864, 28.367887727684764, 43.201695988273315, 63.32640089654122, 21.994129173686826, 71.3257843290595, 51.75777963707182, 77.00147852849535, 47.97835524701155, 82.75895237827682, 52.39803174584294, 22.45077291573946], [27.21553556624874, 44.824744230749296, 64.57792072834602, 33.60106022734665, 113.38044683842865, 65.6310513941312, 0.0, 61.44849185434458, 69.4705826371749, 57.543891543677375, 47.966733481267475, 88.89223566357121, 31.310444328517278, 23.188165164342564, 85.69383400302789, 76.93332758941514, 26.423538610641195, 43.75411158075879, 25.426422671175285, 41.813396281100324, 55.340719123725414, 53.181488826717676], [73.53429944686636, 64.09273624820244, 81.59442290876362, 40.65090679821934, 65.48072320086749, 14.291981471086382, 61.44849185434458, 0.0, 47.78677166005659, 15.081870376750011, 18.487090210165466, 41.7290867600792, 45.64228128389978, 64.31438069515806, 34.2969243859709, 57.03838393238872, 42.788239743311635, 65.37383527045998, 49.01842298757089, 71.84629334920338, 38.5596737128559, 10.1133219392813], [93.61264198158894, 37.978872592254895, 44.31815335753991, 36.046054916459, 49.375564247219486, 62.075540434955805, 69.4705826371749, 47.78677166005659, 0.0, 33.025031935696994, 58.015878710164806, 88.69290106866171, 75.3297989961728, 85.89583040386003, 80.55753222050272, 9.648736283056426, 43.34153709954782, 40.140734537689525, 74.80556955084913, 48.72275403950704, 14.828301934814476, 41.33568168115513], [74.80039665447981, 51.01211014263936, 67.29093402437253, 30.110012600318505, 59.010114016150546, 29.2340957912344, 57.543891543677375, 15.081870376750011, 33.025031935696994, 0.0, 26.708309415901784, 56.75452490887031, 49.93796897604888, 65.84501352079369, 49.124313095242, 42.463683741362196, 34.33582826397157, 52.51532188324785, 51.63516240631711, 59.693942324001185, 23.60163417140538, 9.059358049285208], [55.99571687240047, 63.12034371362243, 83.10942686972624, 37.6764389896525, 83.36783703274828, 17.692887798320864, 47.966733481267475, 18.487090210165466, 58.015878710164806, 26.708309415901784, 0.0, 42.85601876395027, 27.408091350266144, 46.79843467659383, 38.29286635569264, 67.66265182198727, 36.50241646744671, 63.847345101544576, 31.350565044248857, 68.55597267773818, 45.359271015483124, 17.65243714621096], [88.74786497241111, 104.2059932985659, 122.82040385362323, 79.25364370121832, 91.66885417507218, 28.367887727684764, 88.89223566357121, 41.7290867600792, 88.69290106866171, 56.75452490887031, 42.85601876395027, 0.0, 60.83537947542532, 80.59953300846749, 8.70031651667117, 97.50155055049429, 79.09623039246277, 105.2188651406263, 66.76390646400455, 110.7030234153935, 80.28875423749136, 50.74477440298843], [29.234119917786717, 65.72048701394172, 86.97632692301201, 43.48266167499256, 108.79434653093847, 43.201695988273315, 31.310444328517278, 45.64228128389978, 75.3297989961728, 49.93796897604888, 27.408091350266144, 60.83537947542532, 0.0, 20.317340141510073, 59.43144757512119, 84.59309141392295, 37.87277402514273, 65.53350550688869, 6.164917985408122, 66.92712955889414, 60.721046960903955, 41.845021265137504], [9.222752300278058, 66.96154421889888, 87.33371079929573, 50.48441886701557, 124.65211123382612, 63.32640089654122, 23.188165164342564, 64.31438069515806, 85.89583040386003, 65.84501352079369, 46.79843467659383, 80.59953300846749, 20.317340141510073, 0.0, 79.6268299075859, 94.40335266281102, 43.40870049816394, 66.1252192793923, 15.450716774620814, 64.87004382188144, 71.10156358818827, 58.85456617253321], [88.17612466157676, 97.7552350809463, 115.82986122608565, 73.20951633703076, 83.17764256977597, 21.994129173686826, 85.69383400302789, 34.2969243859709, 80.55753222050272, 49.124313095242, 38.29286635569264, 8.70031651667117, 59.43144757512119, 79.6268299075859, 0.0, 89.23307181531021, 73.67773973248696, 98.87834510132839, 65.0757353288317, 104.74106263407793, 72.72502630979075, 43.780593703858514], [101.85228620819917, 41.08765075245283, 42.57555803513082, 44.06399030898237, 48.16733173986178, 71.3257843290595, 76.93332758941514, 57.03838393238872, 9.648736283056426, 42.463683741362196, 67.66265182198727, 97.50155055049429, 84.59309141392295, 94.40335266281102, 89.23307181531021, 0.0, 51.31743316703214, 43.251400291783234, 83.8332652966545, 51.57549864940577, 23.873571593263133, 50.90800516904911], [50.5565110327722, 28.454312964548798, 49.611800954434486, 7.296418135761168, 87.28064531661529, 51.75777963707182, 26.423538610641195, 42.788239743311635, 43.34153709954782, 34.33582826397157, 36.50241646744671, 79.09623039246277, 37.87277402514273, 43.40870049816394, 73.67773973248696, 51.31743316703214, 0.0, 28.65382526958716, 35.12016673976334, 32.238164490766756, 28.968887257330945, 32.932163844314495], [70.9695736023599, 2.1766567161983366, 21.537770658032663, 26.184056640778497, 89.51577686810634, 77.00147852849535, 43.75411158075879, 65.37383527045998, 40.140734537689525, 52.51532188324785, 63.847345101544576, 105.2188651406263, 65.53350550688869, 66.1252192793923, 98.87834510132839, 43.251400291783234, 28.65382526958716, 0.0, 61.805795072587635, 8.592540468473914, 33.01725219993105, 55.37275683057222], [24.64628349334505, 62.16115912688641, 83.33584919649681, 41.34143382640707, 110.64385819368336, 47.97835524701155, 25.426422671175285, 49.01842298757089, 74.80556955084913, 51.63516240631711, 31.350565044248857, 66.76390646400455, 6.164917985408122, 15.450716774620814, 65.0757353288317, 83.8332652966545, 35.12016673976334, 61.805795072587635, 0.0, 62.58158902131137, 60.02604782612784, 44.11315217862588], [68.7029098195495, 10.744721438966014, 23.26613929869242, 31.531662149164745, 98.09498884923049, 82.75895237827682, 41.813396281100324, 71.84629334920338, 48.72275403950704, 59.693942324001185, 68.55597267773818, 110.7030234153935, 66.92712955889414, 64.87004382188144, 104.74106263407793, 51.57549864940577, 32.238164490766756, 8.592540468473914, 62.58158902131137, 0.0, 41.29467394912573, 61.75055394144346], [78.90672251542871, 31.094996369664955, 44.35498492472902, 21.73972221093026, 59.80944736313824, 52.39803174584294, 55.340719123725414, 38.5596737128559, 14.828301934814476, 23.60163417140538, 45.359271015483124, 80.28875423749136, 60.721046960903955, 71.10156358818827, 72.72502630979075, 23.873571593263133, 28.968887257330945, 33.01725219993105, 60.02604782612784, 41.29467394912573, 0.0, 30.22503789151006], [67.96896136197746, 54.14096795338717, 72.10676150995079, 30.543779855623093, 66.98269616138633, 22.45077291573946, 53.181488826717676, 10.1133219392813, 41.33568168115513, 9.059358049285208, 17.65243714621096, 50.74477440298843, 41.845021265137504, 58.85456617253321, 43.780593703858514, 50.90800516904911, 32.932163844314495, 55.37275683057222, 44.11315217862588, 61.75055394144346, 30.22503789151006, 0.0]]",Route_1,948.3612492392808
