instance_id,num_cities,city_coordinates,distance_matrix,best_route,total_distance
1112,44,"[[7.10499992458149, 28.933681541779066], [9.59282225620407, 11.337366043935281], [29.613884058528495, 62.612751316463566], [0.18074673390543472, 64.22058728501393], [4.765163781404002, 82.38749999465253], [25.795736746344478, 55.58719542225451], [48.66839447893807, 84.26799724876447], [60.60670855078959, 64.3438522416429], [98.95331594329171, 67.14855158196814], [74.29657757647587, 87.83981925761236], [80.69676468018875, 16.446639175399845], [13.969599080793515, 27.333560864571805], [9.342819240147016, 41.762816644233325], [75.84580736341493, 85.99925749261041], [67.65634407371714, 1.7489049512650623], [44.304943738026694, 25.28236878266632], [19.3679477755075, 44.62515743473495], [48.901158500859864, 41.74544555434666], [69.1667796142362, 88.81578771689452], [75.8227601058924, 38.38812123087699], [79.08702140098711, 92.98063100015287], [92.21801925431754, 71.42581128234629], [29.816051268192723, 37.2962849820796], [34.44216116550428, 20.460790270185747], [77.68266054683218, 19.011076488861168], [98.72621039775855, 83.20699972050654], [13.276696978823654, 2.6956000955514092], [46.36867857871883, 90.20414593070004], [18.53271393623288, 68.80044428337851], [33.25652306303524, 42.067199069889114], [3.202763974325662, 77.67109832481641], [38.15287965415819, 17.837283034357863], [11.223585610430643, 66.18849818163352], [89.89398103780384, 49.92073411227079], [92.21692080280238, 84.18526261330659], [92.65790125655671, 55.410636339241705], [21.503299804160246, 35.349612790625486], [74.50227520859453, 91.04796837920601], [49.27178278735099, 50.11920390021303], [46.91990727230472, 7.277572958211764], [32.45090566122264, 45.69592716702541], [29.688248653608184, 40.83405233084518], [29.63387323330331, 84.19054008145555], [76.45947733713241, 52.100526994420946]]","[[0.0, 17.771313374463276, 40.5083893267002, 35.95985260231929, 53.5050048160887, 32.553854535478656, 69.2055074516577, 64.15849916353379, 99.48110095722403, 89.35681937013688, 74.64364719722896, 7.048624529444952, 13.022846953187395, 89.34080011922258, 66.37377009439211, 37.37870924187109, 19.914876492053537, 43.71567417811522, 86.24112208346456, 69.36509925150362, 96.35052231697142, 95.13047434609595, 24.201755916294005, 28.62010257166199, 71.2717634827832, 106.48962050218603, 26.95416039330881, 72.77160344454005, 41.4722970068825, 29.264166571461686, 48.89338646580905, 32.97121313415324, 37.48178372117391, 85.40767980317736, 101.4730323114674, 89.55628432257319, 15.763096561659502, 91.65466352036422, 47.18965919134887, 45.323436388815914, 30.387296951387253, 25.526886768157684, 59.67303032555207, 73.12144873697888], [17.771313374463276, 0.0, 55.045508904348445, 53.71426490672962, 71.21395804731101, 47.12304996480136, 82.73921266527078, 73.56700465497198, 105.35742149066083, 100.19581478413383, 71.28727305883733, 16.584161845327667, 30.426477708390994, 99.81911675781375, 58.84990358512464, 37.408481379922755, 34.693373064542655, 49.697048180293564, 97.73414050488965, 71.54123303212933, 107.21504757955346, 102.16430115332153, 32.906602135566764, 26.47123937108717, 68.52088667287114, 114.4989306779655, 9.39420308906522, 87.01972522343225, 58.154337963758316, 38.785221072957995, 66.64080494079747, 29.290370421980295, 54.875368663041534, 89.08957510934907, 110.15242936594639, 94.03329465597791, 26.803870415376625, 102.79599801174294, 55.48378913108705, 37.54721288854999, 41.267453270100226, 35.69146486209083, 75.55943813719044, 78.31209901660814], [40.5083893267002, 55.045508904348445, 0.0, 29.47702002021038, 31.756882477603405, 7.996041803304535, 28.844826984225993, 31.041132073770378, 69.48762694286134, 51.31226029835514, 68.85325411938105, 38.592291087799325, 29.07981851228257, 51.810417906014386, 71.77490200880607, 40.11713716887351, 20.701032437289854, 28.41554865181185, 47.445027805271984, 52.17368041785194, 58.049973600242076, 63.22141859824783, 25.31727353489432, 42.427586307362205, 64.89771429607111, 72.1154402284813, 62.10449816323235, 32.28015173713279, 12.691724687057535, 20.86596597413775, 30.4023202852373, 45.58241991891213, 18.73470156297887, 61.60176452458457, 66.21565867117329, 63.45406657268233, 28.443985290852666, 53.13689141685469, 23.29209542902359, 57.97827527113324, 17.1530647663083, 21.77882594629877, 21.577798023749377, 48.010587059744694], [35.95985260231929, 53.71426490672962, 29.47702002021038, 0.0, 18.73642434043977, 27.030781867961434, 52.46856802030195, 60.42608754292366, 98.81595722932224, 77.78833139012515, 93.62253608990902, 39.3800097408149, 24.25479405733092, 78.73697908910779, 91.95470259847093, 58.84836124647031, 27.424980489109924, 53.654547976431346, 73.23931059786443, 79.93141115610302, 83.98416693837974, 92.31887556642107, 40.039597017699165, 55.57665295457019, 89.72428049917023, 100.35782114959662, 62.903322340564024, 52.99500323610648, 18.91480347031846, 39.809290237137546, 13.785820085625861, 59.944088880574974, 11.216816114652616, 90.84574954299285, 94.17667226125818, 92.89585213707464, 35.89128637551824, 79.01517557524653, 51.076206144993094, 73.668555085984, 37.20922183654618, 37.65133047720649, 35.58490797067824, 77.23561745650309], [53.5050048160887, 71.21395804731101, 31.756882477603405, 18.73642434043977, 0.0, 34.0667187208716, 43.94348570156469, 58.68433646609617, 95.41296325130757, 69.74485851793487, 100.56741589916878, 55.81807810126824, 40.88177866508241, 71.17234493999004, 102.26379402863788, 69.45783044233605, 40.48747727373252, 59.99802179242764, 64.72164247699243, 83.57707417116329, 75.07298411895772, 88.13716894586419, 51.582600120445946, 68.67052898466899, 96.6102085233318, 93.96462026231697, 80.14515023941954, 42.33145871783681, 19.343048368005302, 49.37088433863092, 4.96845427355343, 72.67372345504856, 17.43900433682614, 91.10985904025374, 87.47023354583392, 91.93956968334548, 49.927227342754186, 70.2728142516595, 54.97346694705493, 86.130851256696, 45.96489769379465, 48.454609401953384, 24.933986110479896, 77.82914190548333], [32.553854535478656, 47.12304996480136, 7.996041803304535, 27.030781867961434, 34.0667187208716, 0.0, 36.68442265000105, 35.89544256061505, 74.06548690320854, 58.245714911011554, 67.42481747476921, 30.62883278552491, 21.48981021470272, 58.5653744813855, 68.1973017549457, 35.51018531515193, 12.707586233956288, 26.934263566315675, 54.636862147563996, 52.90095669510394, 65.10169002768349, 68.28456169539741, 18.72752876342961, 36.17492217190696, 63.48279560406389, 77.9853035930062, 54.35298715714242, 40.26883656305984, 15.07784619255005, 15.441943978375706, 31.593372502582966, 39.72096255301479, 18.02041089775513, 64.34822223671098, 72.31613332117382, 66.86239762452794, 20.687792672845518, 60.2477659974136, 24.10443255927372, 52.72618138105766, 11.921764172406009, 15.258010355999518, 28.859705774410962, 50.78357477941371], [69.2055074516577, 82.73921266527078, 28.844826984225993, 52.46856802030195, 43.94348570156469, 36.68442265000105, 0.0, 23.227029451545786, 53.11919376849206, 25.875889962353227, 75.00368730045145, 66.67485619383052, 57.90674611895946, 27.232499575420004, 84.67551489903735, 59.1468009947193, 49.29574956871413, 42.52318875265984, 20.996813836795003, 53.31343729322886, 31.641789625566993, 45.40365137819219, 50.613758977179025, 65.37388910486693, 71.41633806435927, 50.069058811979744, 88.91922305812803, 6.36604699917983, 33.87335880170433, 44.92697572143592, 45.94173084021464, 67.25783109100627, 41.58102930084152, 53.658955190071225, 43.54860491451141, 52.61011295559637, 55.95489886224384, 26.708751413791997, 34.15412368386577, 77.01027619708353, 41.842699888311635, 47.39993150505214, 19.034678843187468, 42.509886250084215], [64.15849916353379, 73.56700465497198, 31.041132073770378, 60.42608754292366, 58.68433646609617, 35.89544256061505, 23.227029451545786, 0.0, 38.44903947960624, 27.1932524710813, 51.93990156705627, 59.53806889320564, 56.0168681372432, 26.479930309662638, 62.990672224475446, 42.32667038672586, 45.710636783673486, 25.450105830346672, 25.92586435427244, 30.087010440234536, 34.08206362157408, 32.394893243367555, 40.98335601869296, 51.09116036916357, 48.442220159930194, 42.53133849140454, 77.72153490552348, 29.520777211480617, 42.30936344891291, 35.274380543805115, 58.9307079636687, 51.64334818300603, 49.41756317329427, 32.6461432071607, 37.32140249446773, 33.272831262474995, 48.68000099577755, 30.103099365845345, 18.18848983560779, 58.68465523875298, 33.771205870455596, 38.84149655020207, 36.78596941518726, 20.03020946726489], [99.48110095722403, 105.35742149066083, 69.48762694286134, 98.81595722932224, 95.41296325130757, 74.06548690320854, 53.11919376849206, 38.44903947960624, 0.0, 32.18824793173385, 53.88864059990408, 93.84809863599591, 93.13687056001632, 29.82123515380613, 72.50251187114674, 68.8420064122897, 82.7111486458348, 56.12963798647346, 36.833501981332205, 36.90779006289881, 32.58781959427487, 7.978669816014789, 75.30683360695437, 79.63313473089961, 52.62753356689279, 16.06005397086011, 107.21318012489432, 57.41693580762485, 80.43756570579897, 70.32170958236505, 96.32700655744003, 78.28342263035977, 87.7349832553014, 19.464563794213316, 18.32016763717346, 13.319568323462596, 83.72381685164193, 34.19116137626678, 52.51907671685533, 79.32218919878748, 69.87693229967412, 74.09522533525178, 71.3835731078238, 27.063181986369734], [89.35681937013688, 100.19581478413383, 51.31226029835514, 77.78833139012515, 69.74485851793487, 58.245714911011554, 25.875889962353227, 27.1932524710813, 32.18824793173385, 0.0, 71.67948491174975, 85.44209524083496, 79.63718284725766, 2.4057806515820097, 86.34661676680791, 69.3753033162734, 69.89035246926065, 52.62716596134048, 5.221814011137489, 49.4752430094135, 7.026826980084273, 24.302216557844652, 67.3287908529763, 78.28351074618203, 68.91198291305408, 24.865035223101565, 104.75191590070705, 28.027800182069097, 58.92458135190352, 61.47697807566462, 71.81736014297908, 78.78275177466074, 66.68569576666296, 41.001658661511605, 18.289190403508456, 37.266474370912, 74.44697410165027, 3.2147367391811925, 45.26682203533491, 85.08676516208953, 59.389964628563725, 64.80312595596229, 44.81154313066196, 35.804680515939], [74.64364719722896, 71.28727305883733, 68.85325411938105, 93.62253608990902, 100.56741589916878, 67.42481747476921, 75.00368730045145, 51.93990156705627, 53.88864059990408, 71.67948491174975, 0.0, 67.6094645208441, 75.71191697146445, 69.72157845078335, 19.64881576372969, 37.449095438730026, 67.49261199731122, 40.632378425467756, 73.28188190980093, 22.47631098247858, 76.55091885834094, 56.17338046198681, 54.986859590066345, 46.42845846366678, 3.957418661373835, 69.15205458260394, 68.808114380734, 81.35470052890666, 81.27293592692055, 53.91650595134124, 98.76109833096676, 42.56660714046358, 85.44457354013014, 34.71460529188589, 68.71124436620195, 40.75858024002313, 62.138463897392384, 74.85806582318537, 46.05834454376225, 34.999255301330486, 56.41971074451733, 56.538611829866454, 84.83310080909398, 35.90479523182059], [7.048624529444952, 16.584161845327667, 38.592291087799325, 39.3800097408149, 55.81807810126824, 30.62883278552491, 66.67485619383052, 59.53806889320564, 93.84809863599591, 85.44209524083496, 67.6094645208441, 0.0, 15.152904475667635, 85.26622492105187, 59.47134777468484, 30.404613538573344, 18.114675834113015, 37.78777929210703, 82.62440896951661, 62.83324624503414, 92.46521782277024, 89.81615559884588, 18.718063969574967, 21.595387793586724, 64.25432240370424, 101.51612843052558, 24.647702208901794, 70.72772312799381, 41.71719594666973, 24.270672249897753, 51.47613442918376, 25.980961335537415, 38.95185161057442, 79.21295456474, 96.72000490278448, 83.5474180721016, 11.00062430366774, 87.8847575187764, 42.01701682650968, 38.57415534805177, 26.05254669212391, 20.720502267654304, 58.975296272203124, 67.2189519091837], [13.022846953187395, 30.426477708390994, 29.07981851228257, 24.25479405733092, 40.88177866508241, 21.48981021470272, 57.90674611895946, 56.0168681372432, 93.13687056001632, 79.63718284725766, 75.71191697146445, 15.152904475667635, 0.0, 79.87183563844943, 70.7218516972517, 38.65171808759692, 10.425746829434738, 39.55834307476009, 76.11102628138242, 66.5655399335567, 86.53044691003029, 88.02381512005424, 20.954787872064426, 32.92040845321661, 72.02760297219731, 98.52416417150788, 39.26477814688963, 60.97111318320835, 28.556741286046886, 23.915640890217993, 36.42945198489046, 37.44930893322671, 24.49798360490272, 80.96320944952465, 93.10091638548064, 84.42550487754593, 13.74796243869156, 81.69933221051033, 40.794011054636975, 51.002642843884274, 23.44041416930165, 20.36661732266687, 47.03018805212882, 67.90812947940778], [89.34080011922258, 99.81911675781375, 51.810417906014386, 78.73697908910779, 71.17234493999004, 58.5653744813855, 27.232499575420004, 26.479930309662638, 29.82123515380613, 2.4057806515820097, 69.72157845078335, 85.26622492105187, 79.87183563844943, 0.0, 84.64744067196766, 68.42051339219164, 70.01117610232296, 51.81133055031115, 7.248603601977789, 47.61114184000869, 7.697080257420382, 21.918819690943085, 67.01281950154886, 77.52130419663095, 67.01336003968538, 23.05015285155122, 104.18441778906167, 29.775530359110977, 59.83803016476185, 61.18719551079266, 73.11887572954892, 77.88973976938637, 67.59066302951416, 38.71706384646834, 16.471306343682418, 34.904301241195625, 74.28657103585387, 5.224419610585017, 44.64926682446822, 83.86782047969453, 59.22394726017636, 64.57875798862658, 46.24731683805225, 33.904284688303385], [66.37377009439211, 58.84990358512464, 71.77490200880607, 91.95470259847093, 102.26379402863788, 68.1973017549457, 84.67551489903735, 62.990672224475446, 72.50251187114674, 86.34661676680791, 19.64881576372969, 59.47134777468484, 70.7218516972517, 84.64744067196766, 0.0, 33.15285534522713, 64.57663853189638, 44.17556163860589, 87.07998329148856, 37.53828073306966, 91.94502826156224, 73.87927424892308, 51.918243293306595, 38.12238972636236, 19.96270493225934, 87.18232502536583, 54.387886977353446, 90.98073619704807, 83.12063501135147, 52.999174769073775, 99.59138232939434, 33.604915147947054, 85.65697521784773, 53.05692812879047, 86.01729473686856, 59.20016281330783, 57.088624634455286, 89.56109368587961, 51.74628406081686, 21.46080103700715, 56.30953432100532, 54.49059566121476, 90.7872870601913, 51.1153694854128], [37.37870924187109, 37.408481379922755, 40.11713716887351, 58.84836124647031, 69.45783044233605, 35.51018531515193, 59.1468009947193, 42.32667038672586, 68.8420064122897, 69.3753033162734, 37.449095438730026, 30.404613538573344, 38.65171808759692, 68.42051339219164, 33.15285534522713, 0.0, 31.559423956613873, 17.09263253382364, 68.22467445585742, 34.134051851959846, 76.11075898859356, 66.51977218204419, 18.821853985432366, 10.978255755121857, 33.96175917709735, 79.47916163457336, 38.37856454683042, 64.95456988966703, 50.5769782039433, 20.094728840729605, 66.58804820963101, 9.658011922320789, 52.60881749261537, 51.82093561520795, 75.92831124079655, 56.971229640489256, 24.925175385593946, 72.36707067607288, 25.32859784508598, 18.193699650315768, 23.605753210561986, 21.342507733946384, 60.70760212298011, 41.87036709710963], [19.914876492053537, 34.693373064542655, 20.701032437289854, 27.424980489109924, 40.48747727373252, 12.707586233956288, 49.29574956871413, 45.710636783673486, 82.7111486458348, 69.89035246926065, 67.49261199731122, 18.114675834113015, 10.425746829434738, 70.01117610232296, 64.57663853189638, 31.559423956613873, 0.0, 29.673275455569737, 66.5787913470686, 56.798296240883964, 76.84152248895961, 77.62350134545089, 12.76225834330083, 28.480669756701687, 63.6921256381342, 88.2399705382222, 42.36969571436621, 52.97625558892213, 24.18971082465575, 14.122169610708228, 36.787869966019365, 32.71794432075349, 23.050125796680405, 70.72456786762426, 82.89737506622986, 74.0793077482094, 9.518164567349064, 72.0754565541208, 30.40434006816114, 46.41069422389834, 13.126703122223242, 10.994593586088794, 40.87552726860462, 57.57884939576138], [43.71567417811522, 49.697048180293564, 28.41554865181185, 53.654547976431346, 59.99802179242764, 26.934263566315675, 42.52318875265984, 25.450105830346672, 56.12963798647346, 52.62716596134048, 40.632378425467756, 37.78777929210703, 39.55834307476009, 51.81133055031115, 44.17556163860589, 17.09263253382364, 29.673275455569737, 0.0, 51.247561019137834, 27.130135635360386, 59.466213488765455, 52.50975657230051, 19.596845355317253, 25.73128746311344, 36.67732810372114, 64.81972130765494, 52.85823198983135, 48.52482969286176, 40.672046684458074, 15.647943740543102, 58.12913029873346, 26.213083245750617, 44.911716963994174, 41.800081848612535, 60.64151495301194, 45.840920319904235, 28.134486629505226, 55.55318112924613, 8.381956286971661, 34.52476788819931, 16.917952697064305, 19.234514353278197, 46.61345654418487, 29.439576231872383], [86.24112208346456, 97.73414050488965, 47.445027805271984, 73.23931059786443, 64.72164247699243, 54.636862147563996, 20.996813836795003, 25.92586435427244, 36.833501981332205, 5.221814011137489, 73.28188190980093, 82.62440896951661, 76.11102628138242, 7.248603601977789, 87.07998329148856, 68.22467445585742, 66.5787913470686, 51.247561019137834, 0.0, 50.865033407345, 10.759048130838574, 28.875091849872963, 64.82853525575533, 76.66945155894607, 70.32224354844828, 30.08684847295034, 102.66639203229352, 22.84033601669423, 54.44651118158028, 58.948936089296765, 66.8988449899418, 77.4584412294916, 62.20456545202434, 44.07314458669471, 23.51065229949592, 40.83793499404933, 71.62708404543577, 5.783609923448712, 43.5113375779604, 84.51865944885346, 56.63371587644358, 62.13534692480701, 39.80255773958175, 37.432523425448444], [69.36509925150362, 71.54123303212933, 52.17368041785194, 79.93141115610302, 83.57707417116329, 52.90095669510394, 53.31343729322886, 30.087010440234536, 36.90779006289881, 49.4752430094135, 22.47631098247858, 62.83324624503414, 66.5655399335567, 47.61114184000869, 37.53828073306966, 34.134051851959846, 56.798296240883964, 27.130135635360386, 50.865033407345, 0.0, 54.690013025333386, 36.88215674931405, 46.01966280266579, 45.097041632898815, 19.466101114098095, 50.33189748400275, 72.01365202300833, 59.60237691822415, 64.8618438187771, 42.72493592428449, 82.56401230264755, 42.91103405684203, 70.32719462696683, 18.19341689696449, 48.643053602321814, 23.941344953391734, 54.40437759052974, 52.67640061782286, 29.02710280349206, 42.46458660749991, 43.98319890105796, 46.19930438747682, 65.04825011553092, 13.727180360752584], [96.35052231697142, 107.21504757955346, 58.049973600242076, 83.98416693837974, 75.07298411895772, 65.10169002768349, 31.641789625566993, 34.08206362157408, 32.58781959427487, 7.026826980084273, 76.55091885834094, 92.46521782277024, 86.53044691003029, 7.697080257420382, 91.94502826156224, 76.11075898859356, 76.84152248895961, 59.466213488765455, 10.759048130838574, 54.690013025333386, 0.0, 25.2395197595222, 74.35304223289877, 85.16038307185796, 73.98288466941281, 21.936763955547075, 111.72459713955224, 32.83593803101061, 65.20357031784427, 68.50264322508008, 77.41319213114143, 85.56942622255937, 72.96070379501668, 44.395327418398686, 15.803568057945768, 39.94587937291152, 81.4691306741869, 4.9754479652653885, 52.21159245446853, 91.54090555105954, 66.41363194314316, 71.82969035058889, 50.22827452793748, 40.96445887994808], [95.13047434609595, 102.16430115332153, 63.22141859824783, 92.31887556642107, 88.13716894586419, 68.28456169539741, 45.40365137819219, 32.394893243367555, 7.978669816014789, 24.302216557844652, 56.17338046198681, 89.81615559884588, 88.02381512005424, 21.918819690943085, 73.87927424892308, 66.51977218204419, 77.62350134545089, 52.50975657230051, 28.875091849872963, 36.88215674931405, 25.2395197595222, 0.0, 71.12545377023575, 77.04208684004253, 54.39284030299071, 13.459307299226246, 104.66887929267615, 49.54581609533416, 73.73206067714794, 65.86642653246065, 89.2340701907347, 76.12338457905147, 81.16358623058062, 21.6302912075339, 12.759451378242733, 16.02121483016, 79.38553800616641, 26.436275006653506, 47.94111747563862, 78.5297104873368, 65.07022978165784, 69.61198120384223, 63.872636038404124, 24.935882903254395], [24.201755916294005, 32.906602135566764, 25.31727353489432, 40.039597017699165, 51.582600120445946, 18.72752876342961, 50.613758977179025, 40.98335601869296, 75.30683360695437, 67.3287908529763, 54.986859590066345, 18.718063969574967, 20.954787872064426, 67.01281950154886, 51.918243293306595, 18.821853985432366, 12.76225834330083, 19.596845355317253, 64.82853525575533, 46.01966280266579, 74.35304223289877, 71.12545377023575, 0.0, 17.459518177092107, 51.24022963916536, 82.80340427213906, 38.35045807974255, 55.43673169514713, 33.46379767193822, 5.882046191961279, 48.35692931780041, 21.16968266976333, 34.35752847344436, 61.3900184170286, 78.05411418994568, 65.40051861453978, 8.53764426078733, 69.90065863836087, 23.301346281418866, 34.54945675088546, 8.80320660370926, 3.540075044725255, 46.89460896693503, 48.93643608814004], [28.62010257166199, 26.47123937108717, 42.427586307362205, 55.57665295457019, 68.67052898466899, 36.17492217190696, 65.37388910486693, 51.09116036916357, 79.63313473089961, 78.28351074618203, 46.42845846366678, 21.595387793586724, 32.92040845321661, 77.52130419663095, 38.12238972636236, 10.978255755121857, 28.480669756701687, 25.73128746311344, 76.66945155894607, 45.097041632898815, 85.16038307185796, 77.04208684004253, 17.459518177092107, 0.0, 43.26479465794771, 89.83053927300234, 27.63293064766357, 70.75575931609171, 50.890398517364304, 21.63891492034491, 65.18373481608704, 4.544471577475122, 51.284749406050004, 62.79166042022428, 86.01587775845076, 67.90113500229342, 19.725394023269477, 81.16256803810454, 33.159300000104516, 18.15189705238833, 25.313578030092277, 20.92055188476316, 63.9108804809165, 52.597792712674554], [71.2717634827832, 68.52088667287114, 64.89771429607111, 89.72428049917023, 96.6102085233318, 63.48279560406389, 71.41633806435927, 48.442220159930194, 52.62753356689279, 68.91198291305408, 3.957418661373835, 64.25432240370424, 72.02760297219731, 67.01336003968538, 19.96270493225934, 33.96175917709735, 63.6921256381342, 36.67732810372114, 70.32224354844828, 19.466101114098095, 73.98288466941281, 54.39284030299071, 51.24022963916536, 43.26479465794771, 0.0, 67.55699482578936, 66.4403711087189, 77.77543701741457, 77.31556977358744, 50.05263709536806, 94.80639828221518, 39.54720430696269, 81.50164267657372, 33.23436899550869, 66.77513952192184, 39.359697554930804, 58.506993957469206, 72.1070637602233, 42.12948570900296, 32.92449079535191, 52.516596479092065, 52.72291577270987, 80.97560395896453, 33.11205085651419], [106.48962050218603, 114.4989306779655, 72.1154402284813, 100.35782114959662, 93.96462026231697, 77.9853035930062, 50.069058811979744, 42.53133849140454, 16.06005397086011, 24.865035223101565, 69.15205458260394, 101.51612843052558, 98.52416417150788, 23.05015285155122, 87.18232502536583, 79.47916163457336, 88.2399705382222, 64.81972130765494, 30.08684847295034, 50.33189748400275, 21.936763955547075, 13.459307299226246, 82.80340427213906, 89.83053927300234, 67.55699482578936, 0.0, 117.404023836928, 52.823017646368726, 81.47727115145533, 77.3224621780694, 95.68372390784786, 89.11974111834563, 89.14223880574525, 34.438114838197286, 6.582389332030901, 28.451049067767514, 90.84991691962755, 25.46133982247451, 59.5024591300097, 91.91937169050435, 76.15442588604567, 81.00436304467667, 69.09933723624547, 38.254673526928556], [26.95416039330881, 9.39420308906522, 62.10449816323235, 62.903322340564024, 80.14515023941954, 54.35298715714242, 88.91922305812803, 77.72153490552348, 107.21318012489432, 104.75191590070705, 68.808114380734, 24.647702208901794, 39.26477814688963, 104.18441778906167, 54.387886977353446, 38.37856454683042, 42.36969571436621, 52.85823198983135, 102.66639203229352, 72.01365202300833, 111.72459713955224, 104.66887929267615, 38.35045807974255, 27.63293064766357, 66.4403711087189, 117.404023836928, 0.0, 93.55653285789352, 66.3134687627896, 44.151061778301674, 75.64925287737898, 29.122071126826757, 63.52608419901728, 90.00234163326844, 113.45538345375019, 95.2903491375531, 33.67434541510636, 107.49284818489242, 59.53691628044538, 33.95379322204732, 47.08161431864804, 41.51964074119509, 83.12028908952513, 80.20542709623165], [72.77160344454005, 87.01972522343225, 32.28015173713279, 52.99500323610648, 42.33145871783681, 40.26883656305984, 6.36604699917983, 29.520777211480617, 57.41693580762485, 28.027800182069097, 81.35470052890666, 70.72772312799381, 60.97111318320835, 29.775530359110977, 90.98073619704807, 64.95456988966703, 52.97625558892213, 48.52482969286176, 22.84033601669423, 59.60237691822415, 32.83593803101061, 49.54581609533416, 55.43673169514713, 70.75575931609171, 77.77543701741457, 52.823017646368726, 93.55653285789352, 0.0, 35.1135212102871, 49.89082355852633, 44.94856467035525, 72.83173894276311, 42.566758116596844, 59.30603023207671, 46.241629203853044, 57.907516315322695, 60.22712733991059, 28.14624834071418, 40.189931470875656, 82.92840501320434, 46.63352807260146, 52.11183056221453, 17.782496035681138, 48.5524659101936], [41.4722970068825, 58.154337963758316, 12.691724687057535, 18.91480347031846, 19.343048368005302, 15.07784619255005, 33.87335880170433, 42.30936344891291, 80.43756570579897, 58.92458135190352, 81.27293592692055, 41.71719594666973, 28.556741286046886, 59.83803016476185, 83.12063501135147, 50.5769782039433, 24.18971082465575, 40.672046684458074, 54.44651118158028, 64.8618438187771, 65.20357031784427, 73.73206067714794, 33.46379767193822, 50.890398517364304, 77.31556977358744, 81.47727115145533, 66.3134687627896, 35.1135212102871, 0.0, 30.519779731299867, 17.711461513874504, 54.609474519468975, 7.7618051586899215, 73.81648798531926, 75.27320224754823, 75.32483224046348, 33.5824732257064, 60.22909693341807, 35.970530939748336, 67.75615427097782, 26.972852501606628, 30.10921841684514, 18.97605824224098, 60.28596151312358], [29.264166571461686, 38.785221072957995, 20.86596597413775, 39.809290237137546, 49.37088433863092, 15.441943978375706, 44.92697572143592, 35.274380543805115, 70.32170958236505, 61.47697807566462, 53.91650595134124, 24.270672249897753, 23.915640890217993, 61.18719551079266, 52.999174769073775, 20.094728840729605, 14.122169610708228, 15.647943740543102, 58.948936089296765, 42.72493592428449, 68.50264322508008, 65.86642653246065, 5.882046191961279, 21.63891492034491, 50.05263709536806, 77.3224621780694, 44.151061778301674, 49.89082355852633, 30.519779731299867, 0.0, 46.592553884898884, 24.719691320004937, 32.669364910090124, 57.179363921834565, 72.45867634920535, 60.88161503648631, 13.537511676534615, 64.03380226244127, 17.925493740057764, 37.376545493670456, 3.7170804404868187, 3.77534543333278, 42.278829806010144, 44.35271048370011], [48.89338646580905, 66.64080494079747, 30.4023202852373, 13.785820085625861, 4.96845427355343, 31.593372502582966, 45.94173084021464, 58.9307079636687, 96.32700655744003, 71.81736014297908, 98.76109833096676, 51.47613442918376, 36.42945198489046, 73.11887572954892, 99.59138232939434, 66.58804820963101, 36.787869966019365, 58.12913029873346, 66.8988449899418, 82.56401230264755, 77.41319213114143, 89.2340701907347, 48.35692931780041, 65.18373481608704, 94.80639828221518, 95.68372390784786, 75.64925287737898, 44.94856467035525, 17.711461513874504, 46.592553884898884, 0.0, 69.293549759313, 14.006558669653069, 91.02444633106, 89.25219578398107, 92.18324009273063, 46.108760008048264, 72.54351076903886, 53.679245344726795, 82.86396702834621, 43.33434391688457, 45.37013176373264, 27.223274187324048, 77.59123771975332], [32.97121313415324, 29.290370421980295, 45.58241991891213, 59.944088880574974, 72.67372345504856, 39.72096255301479, 67.25783109100627, 51.64334818300603, 78.28342263035977, 78.78275177466074, 42.56660714046358, 25.980961335537415, 37.44930893322671, 77.88973976938637, 33.604915147947054, 9.658011922320789, 32.71794432075349, 26.213083245750617, 77.4584412294916, 42.91103405684203, 85.56942622255937, 76.12338457905147, 21.16968266976333, 4.544471577475122, 39.54720430696269, 89.11974111834563, 29.122071126826757, 72.83173894276311, 54.609474519468975, 24.719691320004937, 69.293549759313, 0.0, 55.34461928599454, 60.880944518474166, 85.58606743816945, 66.20086297361655, 24.163820117558274, 81.73789210540751, 34.1431167539617, 13.724731332510865, 28.436183997272302, 24.5051295865036, 66.89789377220171, 51.394214778630925], [37.48178372117391, 54.875368663041534, 18.73470156297887, 11.216816114652616, 17.43900433682614, 18.02041089775513, 41.58102930084152, 49.41756317329427, 87.7349832553014, 66.68569576666296, 85.44457354013014, 38.95185161057442, 24.49798360490272, 67.59066302951416, 85.65697521784773, 52.60881749261537, 23.050125796680405, 44.911716963994174, 62.20456545202434, 70.32719462696683, 72.96070379501668, 81.16358623058062, 34.35752847344436, 51.284749406050004, 81.50164267657372, 89.14223880574525, 63.52608419901728, 42.566758116596844, 7.7618051586899215, 32.669364910090124, 14.006558669653069, 55.34461928599454, 0.0, 80.33474506411102, 82.96869214103, 82.14444637738195, 32.50706655581975, 67.98665910136171, 41.302391300222595, 68.88196056201922, 29.50499251529328, 31.36545401709729, 25.749023339145243, 66.73973705034871], [85.40767980317736, 89.08957510934907, 61.60176452458457, 90.84574954299285, 91.10985904025374, 64.34822223671098, 53.658955190071225, 32.6461432071607, 19.464563794213316, 41.001658661511605, 34.71460529188589, 79.21295456474, 80.96320944952465, 38.71706384646834, 53.05692812879047, 51.82093561520795, 70.72456786762426, 41.800081848612535, 44.07314458669471, 18.19341689696449, 44.395327418398686, 21.6302912075339, 61.3900184170286, 62.79166042022428, 33.23436899550869, 34.438114838197286, 90.00234163326844, 59.30603023207671, 73.81648798531926, 57.179363921834565, 91.02444633106, 60.880944518474166, 80.33474506411102, 0.0, 34.343179272602384, 6.146403943553588, 69.92569524982899, 43.913027756922965, 40.62268308415657, 60.54097958584424, 57.59822829258017, 60.88758492266118, 69.32315770199449, 13.610194219496897], [101.4730323114674, 110.15242936594639, 66.21565867117329, 94.17667226125818, 87.47023354583392, 72.31613332117382, 43.54860491451141, 37.32140249446773, 18.32016763717346, 18.289190403508456, 68.71124436620195, 96.72000490278448, 93.10091638548064, 16.471306343682418, 86.01729473686856, 75.92831124079655, 82.89737506622986, 60.64151495301194, 23.51065229949592, 48.643053602321814, 15.803568057945768, 12.759451378242733, 78.05411418994568, 86.01587775845076, 66.77513952192184, 6.582389332030901, 113.45538345375019, 46.241629203853044, 75.27320224754823, 72.45867634920535, 89.25219578398107, 85.58606743816945, 82.96869214103, 34.343179272602384, 0.0, 28.778005159717008, 85.93798280354929, 18.997510335770233, 54.81588488212249, 89.25588027052598, 71.0873090572424, 76.08654462975436, 62.58304779201676, 35.74531136117819], [89.55628432257319, 94.03329465597791, 63.45406657268233, 92.89585213707464, 91.93956968334548, 66.86239762452794, 52.61011295559637, 33.272831262474995, 13.319568323462596, 37.266474370912, 40.75858024002313, 83.5474180721016, 84.42550487754593, 34.904301241195625, 59.20016281330783, 56.971229640489256, 74.0793077482094, 45.840920319904235, 40.83793499404933, 23.941344953391734, 39.94587937291152, 16.02121483016, 65.40051861453978, 67.90113500229342, 39.359697554930804, 28.451049067767514, 95.2903491375531, 57.907516315322695, 75.32483224046348, 60.88161503648631, 92.18324009273063, 66.20086297361655, 82.14444637738195, 6.146403943553588, 28.778005159717008, 0.0, 73.92849229943428, 39.995577156982115, 43.70760269198894, 66.39846296523525, 60.9857187619964, 64.6347735378555, 69.28427648238036, 16.533171545352303], [15.763096561659502, 26.803870415376625, 28.443985290852666, 35.89128637551824, 49.927227342754186, 20.687792672845518, 55.95489886224384, 48.68000099577755, 83.72381685164193, 74.44697410165027, 62.138463897392384, 11.00062430366774, 13.74796243869156, 74.28657103585387, 57.088624634455286, 24.925175385593946, 9.518164567349064, 28.134486629505226, 71.62708404543577, 54.40437759052974, 81.4691306741869, 79.38553800616641, 8.53764426078733, 19.725394023269477, 58.506993957469206, 90.84991691962755, 33.67434541510636, 60.22712733991059, 33.5824732257064, 13.537511676534615, 46.108760008048264, 24.163820117558274, 32.50706655581975, 69.92569524982899, 85.93798280354929, 73.92849229943428, 0.0, 76.88431705615774, 31.452018516021536, 37.86876490648144, 15.063077214728954, 9.852535954687218, 49.513052853917586, 57.45236788591459], [91.65466352036422, 102.79599801174294, 53.13689141685469, 79.01517557524653, 70.2728142516595, 60.2477659974136, 26.708751413791997, 30.103099365845345, 34.19116137626678, 3.2147367391811925, 74.85806582318537, 87.8847575187764, 81.69933221051033, 5.224419610585017, 89.56109368587961, 72.36707067607288, 72.0754565541208, 55.55318112924613, 5.783609923448712, 52.67640061782286, 4.9754479652653885, 26.436275006653506, 69.90065863836087, 81.16256803810454, 72.1070637602233, 25.46133982247451, 107.49284818489242, 28.14624834071418, 60.22909693341807, 64.03380226244127, 72.54351076903886, 81.73789210540751, 67.98665910136171, 43.913027756922965, 18.997510335770233, 39.995577156982115, 76.88431705615774, 0.0, 48.080573099696984, 88.194479248775, 61.84759755173165, 67.30330111504821, 45.389402052407625, 38.9965874224043], [47.18965919134887, 55.48378913108705, 23.29209542902359, 51.076206144993094, 54.97346694705493, 24.10443255927372, 34.15412368386577, 18.18848983560779, 52.51907671685533, 45.26682203533491, 46.05834454376225, 42.01701682650968, 40.794011054636975, 44.64926682446822, 51.74628406081686, 25.32859784508598, 30.40434006816114, 8.381956286971661, 43.5113375779604, 29.02710280349206, 52.21159245446853, 47.94111747563862, 23.301346281418866, 33.159300000104516, 42.12948570900296, 59.5024591300097, 59.53691628044538, 40.189931470875656, 35.970530939748336, 17.925493740057764, 53.679245344726795, 34.1431167539617, 41.302391300222595, 40.62268308415657, 54.81588488212249, 43.70760269198894, 31.452018516021536, 48.080573099696984, 0.0, 42.90613779179984, 17.39273654002345, 21.673228851133462, 39.32560795242971, 27.259794132308773], [45.323436388815914, 37.54721288854999, 57.97827527113324, 73.668555085984, 86.130851256696, 52.72618138105766, 77.01027619708353, 58.68465523875298, 79.32218919878748, 85.08676516208953, 34.999255301330486, 38.57415534805177, 51.002642843884274, 83.86782047969453, 21.46080103700715, 18.193699650315768, 46.41069422389834, 34.52476788819931, 84.51865944885346, 42.46458660749991, 91.54090555105954, 78.5297104873368, 34.54945675088546, 18.15189705238833, 32.92449079535191, 91.91937169050435, 33.95379322204732, 82.92840501320434, 67.75615427097782, 37.376545493670456, 82.86396702834621, 13.724731332510865, 68.88196056201922, 60.54097958584424, 89.25588027052598, 66.39846296523525, 37.86876490648144, 88.194479248775, 42.90613779179984, 0.0, 41.052672845204185, 37.722239682146004, 78.8315386409443, 53.681313398118206], [30.387296951387253, 41.267453270100226, 17.1530647663083, 37.20922183654618, 45.96489769379465, 11.921764172406009, 41.842699888311635, 33.771205870455596, 69.87693229967412, 59.389964628563725, 56.41971074451733, 26.05254669212391, 23.44041416930165, 59.22394726017636, 56.30953432100532, 23.605753210561986, 13.126703122223242, 16.917952697064305, 56.63371587644358, 43.98319890105796, 66.41363194314316, 65.07022978165784, 8.80320660370926, 25.313578030092277, 52.516596479092065, 76.15442588604567, 47.08161431864804, 46.63352807260146, 26.972852501606628, 3.7170804404868187, 43.33434391688457, 28.436183997272302, 29.50499251529328, 57.59822829258017, 71.0873090572424, 60.9857187619964, 15.063077214728954, 61.84759755173165, 17.39273654002345, 41.052672845204185, 0.0, 5.591967512817272, 38.59755037734598, 44.472162977561176], [25.526886768157684, 35.69146486209083, 21.77882594629877, 37.65133047720649, 48.454609401953384, 15.258010355999518, 47.39993150505214, 38.84149655020207, 74.09522533525178, 64.80312595596229, 56.538611829866454, 20.720502267654304, 20.36661732266687, 64.57875798862658, 54.49059566121476, 21.342507733946384, 10.994593586088794, 19.234514353278197, 62.13534692480701, 46.19930438747682, 71.82969035058889, 69.61198120384223, 3.540075044725255, 20.92055188476316, 52.72291577270987, 81.00436304467667, 41.51964074119509, 52.11183056221453, 30.10921841684514, 3.77534543333278, 45.37013176373264, 24.5051295865036, 31.36545401709729, 60.88758492266118, 76.08654462975436, 64.6347735378555, 9.852535954687218, 67.30330111504821, 21.673228851133462, 37.722239682146004, 5.591967512817272, 0.0, 43.35652184798915, 48.10905615278182], [59.67303032555207, 75.55943813719044, 21.577798023749377, 35.58490797067824, 24.933986110479896, 28.859705774410962, 19.034678843187468, 36.78596941518726, 71.3835731078238, 44.81154313066196, 84.83310080909398, 58.975296272203124, 47.03018805212882, 46.24731683805225, 90.7872870601913, 60.70760212298011, 40.87552726860462, 46.61345654418487, 39.80255773958175, 65.04825011553092, 50.22827452793748, 63.872636038404124, 46.89460896693503, 63.9108804809165, 80.97560395896453, 69.09933723624547, 83.12028908952513, 17.782496035681138, 18.97605824224098, 42.278829806010144, 27.223274187324048, 66.89789377220171, 25.749023339145243, 69.32315770199449, 62.58304779201676, 69.28427648238036, 49.513052853917586, 45.389402052407625, 39.32560795242971, 78.8315386409443, 38.59755037734598, 43.35652184798915, 0.0, 56.76624119681159], [73.12144873697888, 78.31209901660814, 48.010587059744694, 77.23561745650309, 77.82914190548333, 50.78357477941371, 42.509886250084215, 20.03020946726489, 27.063181986369734, 35.804680515939, 35.90479523182059, 67.2189519091837, 67.90812947940778, 33.904284688303385, 51.1153694854128, 41.87036709710963, 57.57884939576138, 29.439576231872383, 37.432523425448444, 13.727180360752584, 40.96445887994808, 24.935882903254395, 48.93643608814004, 52.597792712674554, 33.11205085651419, 38.254673526928556, 80.20542709623165, 48.5524659101936, 60.28596151312358, 44.35271048370011, 77.59123771975332, 51.394214778630925, 66.73973705034871, 13.610194219496897, 35.74531136117819, 16.533171545352303, 57.45236788591459, 38.9965874224043, 27.259794132308773, 53.681313398118206, 44.472162977561176, 48.10905615278182, 56.76624119681159, 0.0]]",Route_2,2153.377457934682
