instance_id,num_cities,city_coordinates,distance_matrix,best_route,total_distance
109,86,"[[70.40045104547758, 7.757082342481169], [32.85641863724765, 57.4240461285555], [94.83872012789611, 96.90100195825681], [80.34960986168474, 40.79007516255364], [12.612893229981282, 9.238993179055853], [82.99299505041209, 47.442268603821184], [44.10888330048761, 50.376582519518955], [44.497204358213274, 76.49327930176177], [85.12811805389741, 22.40253278300023], [28.495735694052403, 91.99483263042114], [0.4736793230096348, 62.62205572688722], [20.588765848327427, 90.37170687611662], [71.01797800119193, 69.29232941463026], [91.6154846956819, 69.63528543255981], [71.5088268028093, 61.85259475654795], [77.41212917915533, 69.10309282742656], [33.16000969256041, 5.014448702925833], [31.612018775882213, 61.21663737229516], [47.7575371761246, 29.43375678261926], [31.432016161627907, 34.706606383343306], [43.71984029714869, 27.34008613661644], [83.72619577564377, 64.59936197025006], [49.188868529704266, 14.701055403195085], [81.74402145672308, 46.7717587892315], [71.81286648986013, 67.39870135010804], [79.18738438188791, 34.608622546556056], [84.49689044264315, 47.72050339804525], [96.68714816633741, 56.04654558454229], [28.846744468527096, 89.2573436926929], [40.635604385164946, 54.82011501876838], [60.686541544522974, 3.150321991115035], [35.57250453806898, 21.184406335286067], [66.13498648624206, 42.98812981275682], [12.99227558246745, 36.8417347985705], [33.208901553320146, 91.87249439157067], [60.08947368046547, 90.08660203888473], [69.98366787744943, 96.68677450465898], [43.00153713133534, 88.47366217241671], [70.16366452920107, 92.92980686044507], [59.4475932335636, 30.90527004126088], [1.775010631284546, 82.5204447842955], [76.27881372854841, 16.29875756216157], [45.88806693492781, 35.68966868579573], [82.82469006237201, 41.84998791953619], [30.715674817693785, 12.577304311930737], [67.05649302766872, 76.15669731189544], [46.93178365210324, 27.26530937564766], [3.6326850400811628, 76.84570696617098], [89.73265757408281, 20.630592326629817], [96.78189847978734, 38.07302098166064], [58.81653324943675, 77.76730232402458], [87.11706015000887, 58.891577202036785], [77.31421600273836, 31.587128600367365], [84.41454760844418, 28.630401518970274], [84.31062308973597, 89.36678353529578], [70.8503614551141, 92.85090052472859], [29.74756547675962, 64.26245024796778], [1.3829917932679514, 85.8938244486707], [12.854246273019154, 74.67101202393243], [84.3092049644662, 89.69919697868865], [64.68654369151898, 77.07872101447883], [28.2613902708748, 21.633424759982233], [23.894366623392816, 30.036922846114777], [85.0984395010576, 13.097194085761787], [33.989476164416054, 10.47129848008611], [36.2690572781034, 25.027327043743153], [83.71802655201566, 27.395784055137394], [0.35919393630885477, 44.71109787890496], [60.49690357662788, 9.473932064984346], [5.6389545898721805, 39.08730017212548], [48.34730116942799, 79.42214486998986], [86.08231088955658, 11.024706624472003], [39.59004152427084, 75.79957191590194], [57.16118102419259, 25.691001988982677], [97.21899786375491, 49.66475624490769], [69.34974746135472, 16.431373849535614], [94.43570521860224, 12.294653857274318], [18.99098156400735, 70.9993592671883], [66.26810712189443, 88.77696927907921], [2.209828820660431, 97.6006134832843], [36.417228041011576, 61.59395823943823], [29.343231292387618, 80.62192809483703], [23.913054357174733, 65.84178475352218], [47.26034118640589, 1.973702163278046], [45.18826798115001, 37.57088875953449], [50.40292409409244, 56.92605239141627]]","[[0.0, 62.26043415522766, 92.43304279427656, 34.498759047262446, 57.80655583934131, 41.63515549524779, 50.0766245850289, 73.4550404081727, 20.770011894955616, 94.08508777833659, 88.88148686873846, 96.46958157374556, 61.53834553976461, 65.41398681043925, 54.10686610920923, 61.74541790828956, 37.341297666804294, 66.04897048341252, 31.346128361867493, 47.37948673556773, 33.09605758251214, 58.383389982896865, 22.31927406282249, 40.630303566666825, 59.658340868971955, 28.25270622063609, 42.37669909445832, 54.98056661885354, 91.48225582284313, 55.685502075506164, 10.750919901462163, 37.32665116951517, 35.488320526039416, 64.35538531065805, 91.97072304715076, 82.97268265918787, 88.93066881716825, 85.24005363159348, 85.17305365940133, 25.60866431475764, 101.48404522706048, 10.368961538757, 37.16297020704691, 36.286194700394134, 39.97644311446478, 68.48130681572154, 30.518015518680105, 96.07899161494404, 23.22630983554257, 40.187521748718765, 70.96208884587271, 53.7975983153116, 24.81272356145619, 25.14140719847917, 82.78669105044212, 85.09500756337049, 69.60972422871443, 104.25334598275295, 88.2555361953454, 83.11415996466756, 69.55672739153722, 44.36500109155195, 51.56750121095095, 15.638019633927023, 36.5119988638109, 38.25197240071441, 23.72838853211548, 79.19202587192052, 10.051259893039209, 71.9418791276844, 74.98148175734617, 16.018679615298932, 74.6931169667831, 22.29133788231806, 49.75427203121611, 8.737694843094802, 24.45982416982118, 81.50165116724669, 81.12520166706462, 112.7910503863502, 63.66528608367062, 83.6360032543888, 74.39698048331547, 23.851879812440497, 39.04506662745878, 53.080021663941054], [62.26043415522766, 0.0, 73.48629627119489, 50.32188592231755, 52.264707486608245, 51.12056510824551, 13.277225023255367, 22.34152067374886, 62.91928922768827, 34.84472463786519, 32.797272893919775, 35.157412499868094, 39.964493756913335, 60.01451665554843, 38.9052785614969, 46.06095389468909, 52.41047671835693, 3.9915259434277814, 31.7096141789662, 22.76205155494334, 31.985286913788933, 51.37333338939728, 45.73841772524317, 50.0346773247745, 40.2131642137517, 51.64399229394534, 52.54423916859664, 63.84559139020147, 32.08483007195489, 8.203425389745238, 60.99305593902505, 36.34127976511777, 36.2747675107211, 28.60447026227197, 34.450251551124495, 42.526248900911945, 54.03697322833456, 32.66499786821183, 51.50232656097069, 37.55444116985137, 39.94850621889354, 59.80630196838952, 25.3418038067296, 52.33908136672654, 44.897806579697836, 38.99432405706018, 33.281606073514766, 35.08885172030461, 67.73968407273836, 66.79018750785707, 32.98144362080722, 54.28048327739925, 51.42024945436796, 59.053489591332635, 60.56297242436531, 51.948067367852616, 7.511906473983232, 42.43942594922607, 26.411072145685438, 60.737752536896345, 37.40939862978148, 36.084385316038635, 28.816191594078603, 68.51349178051342, 46.96641705624052, 32.57596521905846, 59.06436897847527, 34.89539606397382, 55.34627219961241, 32.8180834516708, 26.905088549635106, 70.61086539952335, 19.570427311279545, 39.97133429158865, 64.82860621814187, 54.88316890668331, 76.34573061176225, 19.404625016833556, 45.818628498436354, 50.53088196138286, 5.483386783952054, 23.462399984690705, 12.281778706862454, 57.29060682755709, 23.371400594740113, 17.553570904784983], [92.43304279427656, 73.48629627119489, 0.0, 57.951448835893586, 120.19032570157451, 50.85752164268819, 68.8334072137004, 54.32074515333573, 75.12867430013792, 66.52414660153578, 100.3982424190833, 74.53648371628286, 36.46459317047343, 27.455574011685634, 42.10314441863847, 32.808685193720116, 110.66798087121118, 72.60158152382488, 82.27069320072471, 88.81752613530054, 86.32416165301423, 34.15968593816691, 94.02521026082283, 51.811312992319465, 37.42426588369945, 64.22853605217509, 50.256092962642356, 40.89625033918195, 66.43317215900109, 68.6205421272225, 99.77755908164947, 96.15345632410902, 61.077836470753056, 101.51825479432998, 61.8346215795275, 35.41110242459855, 24.855975454089695, 52.517745542672834, 24.992574083186696, 74.88637054972514, 94.1682242048945, 82.71149815618391, 78.3772528799687, 56.346704119289285, 105.93512601872563, 34.672443206524385, 84.52339465470669, 93.38498644674804, 76.44113591633521, 58.860065306538864, 40.78843474809579, 38.785827348567125, 67.62403639123512, 69.0618437131243, 12.946245575061589, 24.327857970563365, 72.81575016137222, 94.10170622939502, 84.94484331459542, 12.756828937499835, 36.084298048659335, 100.48755658383205, 97.48798064216285, 84.36795173891343, 105.701107535596, 92.71585922621641, 70.3892402386099, 107.93593913613189, 93.93004266029111, 106.29685924924671, 49.66852606917049, 86.32156626825483, 59.14124480664131, 80.56339769731122, 47.29617987947566, 84.41000400160864, 84.60730795860212, 80.1484531313724, 29.70319569526245, 92.63153329775791, 68.26168818466533, 67.4882753050698, 77.42819278784029, 106.18330560434543, 77.36426649655206, 59.770699862300816], [34.498759047262446, 50.32188592231755, 57.951448835893586, 0.0, 74.7243839343831, 7.158153591257038, 37.4872162875374, 50.59756680109548, 18.998311906664664, 72.87490276861975, 82.80579481401462, 77.65112156671157, 29.99096281598482, 30.967177644986634, 22.842705109979715, 28.46499186811125, 59.21785045660337, 52.845030310856465, 34.5138982018443, 49.29441718685258, 39.02104846296217, 24.0475252515824, 40.6402356337017, 6.142061763450715, 27.944498116541602, 6.2897634700926845, 8.076556923868864, 22.35341243732168, 70.72214124641832, 42.119404665261094, 42.46630752081224, 48.88119690971847, 14.383565689736374, 67.47295660360587, 69.5101426707165, 53.297473487496426, 56.849747145983436, 60.56899377403136, 53.125371564295435, 23.121498035555312, 88.96848539221742, 24.827324039469744, 34.83693567351848, 2.6924778647648155, 57.09192540999884, 37.78233605029094, 36.050941709814666, 84.76729993837009, 22.23614923013978, 16.655404307627375, 42.790053948785406, 19.325184591365506, 9.69060582757268, 12.82113029352271, 48.73793411833572, 52.92036713478671, 55.78099396823529, 90.93995254467706, 75.52179810207713, 49.06914091568655, 39.52464370006943, 55.49918805520289, 57.47020770656081, 28.097100300157713, 55.39395468776321, 46.814093437029655, 13.811345527134923, 80.08645989839214, 37.07871040567853, 74.73005723142222, 50.1655715756803, 30.31239062302383, 53.730878217045905, 27.67101809930903, 19.061380219645212, 26.727201546047056, 31.786901669863003, 68.39212025289952, 50.010306201435704, 96.60881246258246, 48.60921438898286, 64.71651383359202, 61.74684567363635, 51.005985082965324, 35.30840018943408, 34.01725664414002], [57.80655583934131, 52.264707486608245, 120.19032570157451, 74.7243839343831, 0.0, 80.08026589263228, 51.81021759523904, 74.42948540730812, 73.70031618770516, 84.26620703484078, 54.74588460573899, 81.52381109757636, 83.7708608058629, 99.44406254908864, 78.97418605069664, 88.2193369183128, 20.97691042450224, 55.34114443511165, 40.53362153947014, 31.666365598843583, 35.990161462513676, 90.1214304793702, 36.981564229576804, 78.6627064386333, 82.98908656270609, 71.24451534244318, 81.53610049545027, 96.22591805379547, 81.64848035915007, 53.50617729434212, 48.45768854480265, 25.881202578155186, 63.27415499279379, 27.605348682511945, 85.16155870751622, 93.75692800867132, 104.58738089473835, 84.86225573628575, 101.56891045880184, 51.60345606153986, 74.07854513011317, 64.05614495171278, 42.507357243860895, 77.41558882031802, 18.40801516818962, 86.26751813597636, 38.765117250243456, 68.20052703774988, 77.95656857269155, 88.97090875147487, 82.64929222513543, 89.53351321492146, 68.45217546107482, 74.37408344907212, 107.52221749208809, 101.89481711674405, 57.6296609465899, 77.47305236823587, 65.43246397169885, 107.76922339799468, 85.52130579671166, 19.962399501390568, 23.66063228999137, 72.58815421577306, 21.412073096916966, 28.440913903995725, 73.38670887607675, 37.52896692178996, 47.88458669716049, 30.652198135020203, 78.75673109046265, 73.49111581508512, 71.81975474669889, 47.48914127753613, 93.76798633199628, 57.19091682934633, 81.87984870470649, 62.08883015596911, 95.94358561089342, 88.97190394665675, 57.51250926771921, 73.31730770338648, 57.71975100018199, 35.40099014769352, 43.172344705404015, 60.84523028992201], [41.63515549524779, 51.12056510824551, 50.85752164268819, 7.158153591257038, 80.08026589263228, 0.0, 38.994670722247065, 48.227451970733846, 25.130601270493234, 70.39092440576856, 83.90389386208683, 75.74446839658418, 24.91638398253583, 23.809185698873893, 18.426709423204386, 22.36822232361991, 65.44804298998307, 53.19528134988773, 39.57074663972185, 53.1105604956656, 44.118912319078866, 17.17275272307378, 47.06066310281736, 1.4175748478276373, 22.874756448704325, 13.386005516342125, 1.5294168664856285, 16.1729221825672, 68.4128420456588, 42.995129511270406, 49.59187839508809, 54.20496519088065, 17.436507824667604, 70.79881385296045, 66.72706294208963, 48.40568629060517, 50.933917529587625, 57.29652663708568, 47.26211863924742, 28.77252627377328, 88.4694265679056, 31.85904127284494, 38.92170725043324, 5.594812760122202, 62.83696321265832, 32.840379302803164, 41.32215690412223, 84.63226921490606, 27.64577790053805, 16.670832576389145, 38.7828438274644, 12.169411667080947, 16.841436874608405, 18.86550171326871, 41.94521541116995, 47.00412113376986, 55.83900322377604, 90.21482571351928, 75.2386107546949, 42.27742192017547, 34.834544246260705, 60.511527681088445, 61.60839182205781, 34.40954867454391, 61.38564567633285, 51.82235006338759, 20.059591557131352, 82.67892343332615, 44.13239978885398, 77.80393995849745, 47.14908896780847, 36.54836101487628, 51.84547256921981, 33.76981218832848, 14.398562683824382, 33.87940079513945, 36.96336616658284, 68.19966459474732, 44.59012621797176, 95.08827218511678, 48.678253790134995, 63.08079704023717, 61.87876523379851, 57.82917158599942, 39.07226034940373, 33.94193394413172], [50.0766245850289, 13.277225023255367, 68.8334072137004, 37.4872162875374, 51.81021759523904, 38.994670722247065, 0.0, 26.119583535337725, 49.650025965920356, 44.450524411686565, 45.32088525424546, 46.398339380446814, 32.89232217724049, 51.26182608934883, 29.706156950956473, 38.207177000756914, 46.66477277001214, 16.543228589291083, 21.25828367837698, 20.155671970058833, 23.039781250218667, 42.092979260896975, 36.035392116038075, 37.8073852331178, 32.51558417189718, 38.45945657217172, 40.47525018099746, 52.883101435734496, 41.768965406524345, 5.63991555748052, 50.05135798709877, 30.414682519249904, 23.232271842193196, 33.93280682033857, 42.903616446421694, 42.8049637205903, 53.04845293318844, 38.113169556172735, 49.896177475687516, 24.787255435747877, 53.15434748418256, 46.86365945560123, 14.79428715296112, 39.64361876388215, 40.101913501455684, 34.51386838502931, 23.28303486931586, 48.36255963643862, 54.464233323562205, 54.090887907249275, 31.08965259422756, 43.842997278505074, 38.15282032100752, 45.797848895055196, 56.003711103221704, 50.19137718674435, 19.9766056227304, 55.56056406607657, 39.586255704015734, 56.23463229889432, 33.71118964635688, 32.822433689676984, 28.676269633940322, 55.40664688929148, 41.168362792967486, 26.533895779500646, 45.793027058500854, 44.11499785418978, 44.063522587022305, 40.09218516019055, 29.353174926860063, 57.53554344954077, 25.821470152705935, 27.923831434776744, 53.114884595267675, 42.30104508444275, 63.111189935017954, 32.499352430897595, 44.33532343009369, 63.1319243075181, 13.601142550258778, 33.65717469121138, 25.43705931994051, 48.5053658226313, 12.851103608770483, 9.083529331402653], [73.4550404081727, 22.34152067374886, 54.32074515333573, 50.59756680109548, 74.42948540730812, 48.227451970733846, 26.119583535337725, 0.0, 67.65116411934866, 22.278805062466716, 46.15714029258482, 27.644604969462044, 27.480995504149607, 47.61475004523592, 30.724215059816686, 33.73436129666181, 72.37233730275673, 19.985089345115515, 47.17232694931671, 43.781562057595444, 49.15933983703936, 40.99242658245143, 61.970078643072966, 47.6518012833366, 28.78987227844181, 54.38504446606948, 49.27319271224895, 56.052289466158605, 20.19550035365581, 22.014495324432662, 75.10848171547192, 56.024295584160896, 39.884692022135646, 50.64390899854963, 19.077369760885897, 20.68567827394671, 32.51671987188727, 12.073383708846453, 30.478297457309825, 47.97687688730598, 43.14524957159333, 68.06945821458973, 40.82730872843178, 51.66385388447399, 65.3848791034817, 22.56179941200886, 49.288134468496914, 40.866039009924044, 71.88105469264275, 64.8830138693469, 14.375893522013964, 46.111517265439396, 55.6194086996009, 62.32374637172569, 41.84298534213806, 31.017102718467896, 19.1610288470223, 44.12715234585574, 31.695385380417754, 41.945102860310804, 20.197825742251414, 57.21193319075862, 50.819976169430426, 75.28295900028684, 66.85293040258169, 52.11954188398601, 62.83977190482287, 54.38999007169911, 68.90270879380203, 53.936730061300224, 4.837509583709143, 77.55936496403736, 4.955953693894088, 52.356925856671324, 59.15536459065334, 65.00062603733642, 81.33460135234365, 26.091196955562577, 24.997224778053038, 47.26247651260449, 16.94921194052214, 15.706324857723121, 23.1767462637971, 74.57078718928572, 38.92852494575938, 20.43902870881349], [20.770011894955616, 62.91928922768827, 75.12867430013792, 18.998311906664664, 73.70031618770516, 25.130601270493234, 49.650025965920356, 67.65116411934866, 0.0, 89.72354724265546, 93.72291087389189, 93.72905958140717, 48.96681611522835, 47.676187439846906, 41.73478745481665, 47.33369616645433, 54.79990652027977, 66.10981467984239, 38.02628598844459, 55.0877625756179, 41.7016174734249, 42.220111079107824, 36.755168482729985, 24.603074724956336, 46.924951890579266, 13.57501174503101, 25.325838275593032, 35.57429935403677, 87.3908390761113, 55.049826617121475, 31.113313591431965, 49.57058263701141, 28.009031611567536, 73.5667745922669, 86.72762309627808, 72.16693801939061, 75.81228752193633, 78.35842621580774, 72.09737344791293, 27.05154147051134, 102.77112367003254, 10.750174835283586, 41.428608380184635, 19.58339326571679, 55.292396343817444, 56.7106148378604, 38.50463034394285, 98.00798343629198, 4.933716365365094, 19.528819692936146, 61.29891680326059, 36.543210768569686, 12.058767167231709, 6.268614820923156, 66.96924052751939, 71.88064308955433, 69.42087793973091, 105.09229415035152, 89.19364587434796, 67.3016465661524, 58.372455164544235, 56.87192854035695, 61.70782953474061, 9.305386025674695, 52.51204667780196, 48.92951425064387, 5.188537010601211, 87.65524840357082, 27.818077632200485, 81.22135538785191, 67.8532582359878, 11.417767385146384, 70.17806068978227, 28.159609310893675, 29.823115240755744, 16.870439163350493, 13.740465610950455, 82.07175133635586, 69.00192629577303, 111.93834923909313, 62.51974596201585, 80.63157930656199, 75.06165888889154, 43.026801477398074, 42.723186291104305, 48.966442608165465], [94.08508777833659, 34.84472463786519, 66.52414660153578, 72.87490276861975, 84.26620703484078, 70.39092440576856, 44.450524411686565, 22.278805062466716, 89.72354724265546, 0.0, 40.595512883651004, 8.071846712834102, 48.203161131715035, 66.96306493076685, 52.52314262089976, 54.00782631061379, 87.10535368223725, 30.935554360531953, 65.45918734271898, 57.36342571291087, 66.42295992459361, 61.6515655398673, 80.01583433674853, 69.86062084113429, 49.81308557336627, 76.56905611590386, 71.3886935176182, 77.08662709250035, 2.759900875745855, 39.106726292846105, 94.49653460334123, 71.16317256397721, 61.79296174530088, 57.29067529608282, 4.714753340488989, 31.651313147239172, 41.7523991574781, 14.927053183137081, 41.67841731906123, 68.48322526342582, 28.350682054208917, 89.51602274001188, 58.93016776510547, 73.93335332469184, 79.44854897309894, 41.68667096938752, 67.3037818038616, 29.114726449224673, 94.03624511579682, 87.00897539612966, 33.49288555819032, 67.32224892951348, 77.66810623307443, 84.51014528442681, 55.876724107979214, 42.36327626139479, 27.760621578262306, 27.790703169644885, 23.340328869021917, 55.860659636679294, 39.144156259252036, 70.36179812432047, 62.12853758269761, 97.10151103967064, 81.70843166232329, 67.4171442064318, 84.98551926318602, 55.021964288245705, 88.50860848516083, 57.633665797604955, 23.49802394552407, 99.3598256246796, 19.630845408837285, 72.23507260122199, 80.71382861721446, 85.9004457521232, 103.4417617665618, 23.046697221485523, 37.90919001813105, 26.877010234156675, 31.415970536325208, 11.404438011787658, 26.551513732492474, 91.95604574940171, 56.92632344194746, 41.34905381077622], [88.88148686873846, 32.797272893919775, 100.3982424190833, 82.80579481401462, 54.74588460573899, 83.90389386208683, 45.32088525424546, 46.15714029258482, 93.72291087389189, 40.595512883651004, 0.0, 34.27331096968821, 70.85894881428874, 91.41123605714233, 71.0393148028735, 77.21093774955213, 66.23467807768513, 31.170039856146243, 57.76873202942643, 41.68562020487779, 55.81261342357962, 83.27599435417244, 68.3344124981503, 82.80157259100034, 71.4989228522833, 83.5499838578378, 85.3343791719593, 96.4379018876815, 38.9161841753938, 40.91271811443455, 84.6314119606044, 54.30475410660239, 68.53392083622474, 28.659033470693256, 43.89969175910264, 65.6379786479925, 77.40829137919935, 49.76870749356177, 75.99509074152658, 66.96175786340577, 19.94089642553419, 88.83842836914594, 52.79981130550278, 84.9303701321722, 58.47268965667036, 67.94451856966809, 58.381974704516786, 14.570228951436182, 98.6430342037425, 99.38776677273852, 60.276588313942526, 86.72365254736904, 82.87119390341336, 90.56214399131278, 87.99950912187576, 76.59412801080283, 29.31981078942199, 23.289527015565326, 17.27587294036899, 88.09975560663791, 65.8201118325245, 49.51994293477354, 40.12878615756932, 98.05132306993491, 61.99201657737234, 51.91023702226015, 90.39088207045691, 17.911323734888086, 80.17175623984463, 24.094912068834166, 50.735851859509175, 99.95561131368908, 41.27634582629622, 67.65630480090982, 97.60916078635232, 82.93064484551326, 106.591320891288, 20.324116140457374, 70.80244510117784, 35.021617863768085, 35.958249107639794, 34.02126447054988, 23.659479220752043, 76.59774486429951, 51.253833079028155, 50.253098784138636], [96.46958157374556, 35.157412499868094, 74.53648371628286, 77.65112156671157, 81.52381109757636, 75.74446839658418, 46.398339380446814, 27.644604969462044, 93.72905958140717, 8.071846712834102, 34.27331096968821, 0.0, 54.65753006240253, 73.99185066279895, 58.36259387395901, 60.67329366186917, 86.2780255606021, 31.169378929929053, 66.72013112292053, 56.71137002601368, 67.14187827433115, 68.19493250802238, 80.89507628849644, 75.10606341506181, 56.139713834609914, 80.89078852370906, 76.83341426287413, 83.48161767186, 8.3328276230968, 40.814108086708245, 95.99688326732277, 70.79120694867173, 65.72413247595557, 54.066297958914966, 12.709059303464393, 39.501736721417004, 49.796951971176156, 22.492996471828015, 49.64085469397872, 71.03707183991658, 20.386262575599176, 92.67245142419111, 60.25097456571281, 78.91557180479451, 78.4507702676809, 48.59337574324913, 68.38400392268096, 21.69012102178378, 98.20743771012268, 92.41507456298572, 40.25212062222455, 73.60035670421728, 81.69090119638938, 88.8015720834628, 63.729780803132975, 50.322702571379004, 27.6690601992244, 19.72088203118777, 17.502417315966095, 63.72398787517686, 46.05776247089276, 69.16516893499755, 60.42526922100619, 100.66205005744946, 81.01638290388054, 67.199401150607, 89.16989633361793, 49.94123340226768, 90.20592788910088, 53.418978159861936, 29.840060175857595, 102.88513445100804, 23.945680082468105, 74.30434130313225, 86.77124113685322, 88.5709104387422, 107.46811928411215, 19.438126620134234, 45.707170194515506, 19.749491563128952, 32.843553887803864, 13.10339083959315, 24.754150630361014, 92.33406829673339, 58.24999484088501, 44.80508716444456], [61.53834553976461, 39.964493756913335, 36.46459317047343, 29.99096281598482, 83.7708608058629, 24.91638398253583, 32.89232217724049, 27.480995504149607, 48.96681611522835, 48.203161131715035, 70.85894881428874, 54.65753006240253, 0.0, 20.60036166817935, 7.455909356256974, 6.396950818365509, 74.59806775812261, 40.22494778653425, 46.14925697817632, 52.566344863993656, 50.051763586976264, 13.547056596800136, 58.793853577646956, 24.944420408249936, 2.053697873632674, 35.6328320895695, 25.436681353787527, 28.88523993739042, 46.65849046840029, 33.65313679382124, 66.94403427692815, 59.755785092600455, 26.753588971019784, 66.48325527621384, 44.03850715256887, 23.49114685705992, 27.4139639458192, 33.95356366243612, 23.652910846444012, 40.092893771908656, 70.49518825014395, 53.25406134965663, 41.9601148503612, 29.874413072543817, 69.57635887494, 7.925459597048933, 48.43980978058354, 67.80730948718468, 52.13639695968313, 40.47746061032332, 14.855989359349373, 19.166535749115543, 38.22727797549818, 42.81191957193471, 24.07650559555308, 23.55916738885478, 41.57579385132706, 71.58659749941349, 58.411898746389525, 24.35358203563261, 10.035684060585819, 64.02731438394973, 61.332060899217204, 57.932310765919226, 69.50556544967255, 56.275020447034336, 43.77912454873125, 74.812436862735, 60.73659250013406, 72.01916754419246, 24.830882972015328, 60.18346941634085, 32.09453841649299, 45.75026312208823, 32.73736504930158, 52.887272725949444, 61.62081601999969, 52.05499312450576, 20.055235326898355, 74.40376563428688, 35.44681673377666, 43.18731665081242, 47.23113475205728, 71.38783427188261, 40.90750196423899, 24.03966004350911], [65.41398681043925, 60.01451665554843, 27.455574011685634, 30.967177644986634, 99.44406254908864, 23.809185698873893, 51.26182608934883, 47.61475004523592, 47.676187439846906, 66.96306493076685, 91.41123605714233, 73.99185066279895, 20.60036166817935, 0.0, 21.560333155577588, 14.213322514380804, 87.1372199320048, 60.591167322895835, 59.495230619102855, 69.58493015669875, 63.89739146345737, 9.359562211026658, 69.41028301494204, 24.903546676092123, 19.928522177106373, 37.166178043208575, 23.041962932000356, 14.504331112349885, 65.76427540897944, 53.088958087951916, 73.32700654095918, 74.08308383325597, 36.869047880671744, 85.18817978125996, 62.496579239605815, 37.578527398817656, 34.63695367487542, 52.13636289560117, 31.667259385826853, 50.34667152184815, 90.75978245696315, 55.49773582430083, 56.94999237387762, 29.14276630953669, 83.4529810895762, 25.410094148772462, 61.57798315969127, 88.27776171794311, 49.0408501595987, 31.982313372504628, 33.79202442435515, 11.64744993274158, 40.647121971363234, 41.63236721231823, 21.040271397020906, 31.147313324004426, 62.10077927369256, 91.68556520152224, 78.92205788101691, 21.352804734780285, 27.938729335241167, 79.48534398501981, 78.44858285838241, 56.91245602860286, 82.59015807805433, 71.08513894976701, 42.97144775015417, 94.59876176974515, 67.73296486852934, 91.24222231240817, 44.36122544869115, 58.871181070094586, 52.389361181736476, 55.84083710741315, 20.741778994571145, 57.675118225473625, 57.409944027585745, 72.63731239899315, 31.763085655336535, 93.67726979063491, 55.78091502244915, 63.23400873669696, 67.80862571341699, 80.90407039348774, 56.423505614798756, 43.12771447496121], [54.10686610920923, 38.9052785614969, 42.10314441863847, 22.842705109979715, 78.97418605069664, 18.426709423204386, 29.706156950956473, 30.724215059816686, 41.73478745481665, 52.52314262089976, 71.0393148028735, 58.36259387395901, 7.455909356256974, 21.560333155577588, 0.0, 9.349796854605303, 68.56534562421601, 39.901876303402815, 40.188366656415646, 48.40511786915999, 44.30960417621257, 12.52233343848691, 52.167501384520364, 18.226102794525517, 5.554434127652669, 28.305375254075617, 19.19390015805649, 25.839080356561528, 50.70575444020345, 31.664043230636512, 59.69152943290202, 54.2708099016638, 19.61494831406619, 63.63748802836619, 48.66290834108966, 30.455882731449933, 34.86755208601994, 39.00444583343744, 31.106310833863734, 33.21460916893825, 72.73214655579382, 45.80289137602977, 36.61860233257535, 22.981580484927296, 63.96980144788726, 14.981008843170613, 42.43007612592165, 69.51233008844054, 45.07062782247649, 34.70153139135186, 20.356135011422975, 15.88661616514845, 30.817218975981035, 35.64087194539366, 30.34660726217253, 31.00529853285945, 41.83073452656717, 74.13240493127698, 60.03891769815989, 30.647723184594877, 16.684677631678994, 59.05863528559016, 57.26581700534416, 50.61389797138023, 63.621845928707934, 50.970007830822766, 36.55593470599353, 73.1853890625994, 53.52370277265869, 69.69288846693183, 29.071383882686526, 52.87589857764597, 34.83284406334035, 38.90392950430441, 28.452702922023185, 45.472507433462596, 54.60431539785524, 53.308417436084724, 27.42967528432407, 77.97609867271487, 35.092551866556896, 46.15436402673427, 47.76265477890217, 64.60240578248829, 35.81023684381082, 21.673254227855555], [61.74541790828956, 46.06095389468909, 32.808685193720116, 28.46499186811125, 88.2193369183128, 22.36822232361991, 38.207177000756914, 33.73436129666181, 47.33369616645433, 54.00782631061379, 77.21093774955213, 60.67329366186917, 6.396950818365509, 14.213322514380804, 9.349796854605303, 0.0, 77.88199011820882, 46.47414649671125, 49.52828534385238, 57.42202602488524, 53.6592867821148, 7.755709420728384, 61.28730796498028, 22.74761021799654, 5.852921746588566, 34.54012175706229, 22.52574022903813, 23.280888790205125, 52.58127442380426, 39.45270879173712, 68.0405266198814, 63.614107753225994, 28.44582993294265, 72.0466013028008, 49.72294219101125, 27.20996237324925, 28.56644066350986, 39.48807163980744, 24.904869832883637, 42.21135175925755, 76.81796037229284, 52.816495782256254, 45.93716810216373, 27.785383611442292, 73.319326355543, 12.52966624955732, 51.76341939638869, 74.18459712886666, 50.01378534694165, 36.579411169578734, 20.514987550137715, 14.087609325808685, 37.51609199898227, 41.073989404590804, 21.40575575256579, 24.63767777393613, 47.909732346589124, 77.86114820639871, 64.79754601449972, 21.720247710326806, 15.01836112834032, 68.33128508716418, 66.2594638220362, 56.53087705162719, 72.96035980741371, 60.29448975547638, 42.18132224935719, 80.82155805914036, 61.98194632647138, 77.7967634246422, 30.842293401953114, 58.72198050841711, 38.410326043346124, 47.903136975988254, 27.75177428893985, 53.28519474534594, 59.304307427001824, 58.451914554456444, 22.61085231139264, 80.42073527853573, 41.676960320861966, 49.42977351724607, 53.598387449258134, 73.58998172373451, 45.0849988786459, 29.627309582667422], [37.341297666804294, 52.41047671835693, 110.66798087121118, 59.21785045660337, 20.97691042450224, 65.44804298998307, 46.66477277001214, 72.37233730275673, 54.79990652027977, 87.10535368223725, 66.23467807768513, 86.2780255606021, 74.59806775812261, 87.1372199320048, 68.56534562421601, 77.88199011820882, 0.0, 56.22350297789621, 28.449787621780107, 29.742397169053454, 24.697046568733814, 78.14922305476597, 18.728445343561916, 64.06308722458027, 73.38827097663508, 54.720511202644595, 66.77785885134944, 81.48602478217431, 84.35324305057735, 50.36356731977144, 27.58957999308428, 16.3489345589225, 50.29263913909249, 37.67908755993732, 86.8580594491079, 89.23265828099474, 98.79168548018936, 84.03746768718229, 95.38543217511847, 36.89677056327298, 83.61936136231596, 44.57091975632275, 33.2110307302023, 61.83395042866006, 7.948053720449187, 78.80476584336581, 26.167968180002454, 77.6633283140372, 58.68840115391517, 71.6980748274499, 77.1442474267367, 76.25030012647395, 51.533496405868405, 56.43350852446093, 98.64938744148171, 95.58140449182001, 59.346191643670316, 86.89794179146786, 72.55591527741747, 98.93304183887638, 78.65864027416922, 17.32590076802731, 26.682885033889658, 52.56359257029475, 5.519531150236116, 20.25293747517939, 55.29048056319565, 51.4948295470169, 27.69824469321553, 43.79917443522586, 75.94181372138442, 53.26249303467771, 71.07657122873204, 31.679268948028305, 78.08459469774303, 37.94790243975797, 61.70666292459498, 67.48903451881235, 90.06834054572556, 97.62229051163989, 56.6731891705574, 75.70375642829292, 61.52618137010288, 14.424475302578971, 34.70735925731857, 54.70039025975459], [66.04897048341252, 3.9915259434277814, 72.60158152382488, 52.845030310856465, 55.34114443511165, 53.19528134988773, 16.543228589291083, 19.985089345115515, 66.10981467984239, 30.935554360531953, 31.170039856146243, 31.169378929929053, 40.22494778653425, 60.591167322895835, 39.901876303402815, 46.47414649671125, 56.22350297789621, 0.0, 35.64869230406864, 26.510642089099353, 35.97527019515502, 52.22384771412469, 49.72569771448664, 52.17156514875978, 40.67340742977179, 54.5105665491734, 54.5798065538957, 65.28018316670287, 28.176727150996655, 11.06076830365876, 64.93862376252584, 40.22766422840081, 39.039899940684975, 30.672963861799932, 30.697420155301998, 40.55169907282188, 52.25432118937629, 29.540929730183592, 49.91948025844731, 41.153349740525584, 36.661959375739706, 63.346179821526206, 29.247763698459263, 54.752212844086095, 48.6475914413904, 38.46447901615731, 37.24765588058711, 32.04857146066808, 70.88889692158905, 69.15735825100836, 31.843525528531593, 55.55371745201966, 54.466490812500524, 62.048125017618815, 59.74590886099587, 50.40212437398088, 3.571156980338756, 39.02252726718321, 23.084068673779868, 59.902000249791705, 36.681465290616565, 39.72477101369041, 32.12065928154228, 71.94635518354194, 50.801001199970834, 36.487726562056615, 62.119933720724305, 35.34362593765554, 59.25912691283562, 34.12195229070885, 24.72873187287091, 74.06917466222566, 16.622599883198962, 43.758775816726775, 66.61622672155679, 58.564972425002914, 79.62522244425553, 15.968476069317058, 44.27884770698875, 46.779081776024356, 4.820000738430096, 19.537469249409742, 8.981427582438936, 61.274753091656734, 27.266022261074454, 19.27452313693091], [31.346128361867493, 31.7096141789662, 82.27069320072471, 34.5138982018443, 40.53362153947014, 39.57074663972185, 21.25828367837698, 47.17232694931671, 38.02628598844459, 65.45918734271898, 57.76873202942643, 66.72013112292053, 46.14925697817632, 59.495230619102855, 40.188366656415646, 49.52828534385238, 28.449787621780107, 35.64869230406864, 0.0, 17.155919657850724, 4.54823623621571, 50.302725469512, 14.802067402191733, 38.153472022040894, 44.944364323069024, 31.85301447355325, 41.03882527825134, 55.69871954963878, 62.74137097336061, 26.366439106808535, 29.291263175174247, 14.714849750962358, 22.835316318940205, 35.54576700480987, 64.11129972699523, 61.89381467988203, 70.83056740329957, 59.231157044770534, 67.33337150661657, 11.782307155070452, 70.23239416703832, 31.40050032565189, 6.529268927148388, 37.20037643885873, 23.970086827967112, 50.55178403045859, 2.3203519214195807, 64.7680136814098, 42.88830186498742, 49.77976383163045, 49.58258785856822, 49.162335507931026, 29.635017689299094, 36.66581232585498, 70.20039733181639, 67.49083384866158, 39.20965402952618, 73.06392885905971, 57.13710683640291, 70.48366974083646, 50.56316720947614, 20.99868862130343, 23.87079215545471, 40.75814356896719, 23.433615361216404, 12.304543608394782, 36.018191639663605, 49.79959932420789, 23.67881033846467, 43.21071509530992, 49.991866989955206, 42.51683675805326, 47.07968562126127, 10.121103253430254, 53.43902537095071, 25.204870698738812, 49.725247318513645, 50.54912493496051, 62.1631568464572, 81.98362085736044, 34.10104351809646, 54.39959139064177, 43.52130353784506, 27.464555404182224, 8.533115550956857, 27.619275692661365], [47.37948673556773, 22.76205155494334, 88.81752613530054, 49.29441718685258, 31.666365598843583, 53.1105604956656, 20.155671970058833, 43.781562057595444, 55.0877625756179, 57.36342571291087, 41.68562020487779, 56.71137002601368, 52.566344863993656, 69.58493015669875, 48.40511786915999, 57.42202602488524, 29.742397169053454, 26.510642089099353, 17.155919657850724, 0.0, 14.32676664606931, 60.235023516900014, 26.74935281536674, 51.73843619004148, 51.95561708369035, 47.75546874112839, 54.63737180693469, 68.65584649585884, 54.61196362264238, 22.119205813404527, 43.03052800073038, 14.141907160461875, 35.677440766722256, 18.562941738211844, 57.19349677598321, 62.355383009422425, 72.99158232539257, 54.997728168478304, 69.92911882088974, 28.272295921258422, 56.26456362275627, 48.47766650976333, 14.489438065388446, 51.88675004699992, 22.140893276669168, 54.65540586222297, 17.19347822331294, 50.482735749313996, 59.97581980122028, 65.43653311602817, 51.03072908579986, 60.71027044486771, 45.98812242196975, 53.329812526078754, 76.05183782749886, 70.24645818029857, 29.60380517196756, 59.35549813418863, 44.07138813606454, 76.29011807618515, 53.86334281819475, 13.45217254931335, 8.866910673911113, 57.853709422073806, 24.36987383700502, 10.820601429517904, 52.79464940368796, 32.643684398839646, 38.489680872969, 26.16242540964917, 47.808014485501026, 59.56078483397191, 41.89493041022478, 27.262997764747876, 67.46608932461561, 42.09202384161429, 66.8712228901093, 38.36591265364387, 64.32073831252667, 69.35122466170318, 27.34560343667331, 45.962808770787, 32.0302063490025, 36.359027651602275, 14.051283843573321, 29.216418820377616], [33.09605758251214, 31.985286913788933, 86.32416165301423, 39.02104846296217, 35.990161462513676, 44.118912319078866, 23.039781250218667, 49.15933983703936, 41.7016174734249, 66.42295992459361, 55.81261342357962, 67.14187827433115, 50.051763586976264, 63.89739146345737, 44.30960417621257, 53.6592867821148, 24.697046568733814, 35.97527019515502, 4.54823623621571, 14.32676664606931, 0.0, 54.669572106597904, 13.771541950299518, 42.701618879552086, 48.92760747764959, 36.20467241870222, 45.586502676977915, 60.24613279659394, 63.678534552805694, 27.652567666035555, 29.546804237220602, 10.211340450092028, 27.336789306149754, 32.163093144008045, 65.38280774378384, 64.84666649086758, 74.15356921134797, 61.13779582519304, 70.71978015128099, 16.126771180333762, 69.31263027893868, 34.38019324546717, 8.626513519280794, 41.710029068686396, 19.673536718656287, 54.10786345165796, 3.212813670199015, 63.700757533359536, 46.49942645825619, 54.13665956600659, 52.638524585205296, 53.654592342210385, 33.86176972246455, 40.7151583189596, 74.12774674777546, 70.90650167718395, 39.477657418186354, 72.25613476762427, 56.50576466001483, 74.40534408972471, 53.97716601249836, 16.478157096058283, 20.00805674288448, 43.76126650418186, 19.473982211059962, 7.80147564365625, 39.99822503483318, 46.71078785227818, 24.50855592634835, 39.85161093163885, 52.28722823052524, 45.395710406578345, 48.63514161485743, 13.542123875761359, 57.970257510042096, 27.854840602813145, 52.90051027356345, 50.17617546738228, 65.44398327623828, 81.60651172431065, 35.02364772264529, 55.187331598262425, 43.297685453832194, 25.612274058147783, 10.335647157882683, 30.331386520683925], [58.383389982896865, 51.37333338939728, 34.15968593816691, 24.0475252515824, 90.1214304793702, 17.17275272307378, 42.092979260896975, 40.99242658245143, 42.220111079107824, 61.6515655398673, 83.27599435417244, 68.19493250802238, 13.547056596800136, 9.359562211026658, 12.52233343848691, 7.755709420728384, 78.14922305476597, 52.22384771412469, 50.302725469512, 60.235023516900014, 54.669572106597904, 0.0, 60.68498967251224, 17.93745941348584, 12.237798643348155, 30.33224785682726, 16.896444506766297, 15.5285850933515, 60.1645264121186, 44.186341071865996, 65.62629184592817, 64.83545598350935, 27.865677806732123, 75.98534945696177, 57.40923939241576, 34.760524128972904, 34.906433736289834, 47.20677951140726, 31.4094947665051, 41.53001772592297, 83.88779384268561, 48.871381048033165, 47.6182145818997, 22.767229349447753, 74.272537422918, 20.284254728855394, 52.418128988485314, 81.0243384897822, 44.37713698865496, 29.56515075797688, 28.17598162141092, 6.639033677093814, 33.62916943184509, 35.97554647523021, 24.774315858690205, 31.047327423546726, 53.979681718700654, 85.05208624324285, 71.58401610070794, 25.106605050565694, 22.764945720104233, 70.15993450708551, 69.09710542355378, 51.520445937937616, 73.50910511549642, 61.79098593322015, 37.20357881201851, 85.70647609280618, 59.81983816684582, 82.14914809781165, 38.35858543338822, 53.62643913079549, 45.53509432215623, 47.112211635378664, 20.127050364133467, 50.26765705431985, 53.389850002527695, 65.05081032875202, 29.821830168890045, 87.94316734667933, 47.40433397593144, 56.694174755470804, 59.826043665933405, 72.46883341949166, 47.07133143215713, 34.19532300556764], [22.31927406282249, 45.73841772524317, 94.02521026082283, 40.6402356337017, 36.981564229576804, 47.06066310281736, 36.035392116038075, 61.970078643072966, 36.755168482729985, 80.01583433674853, 68.3344124981503, 80.89507628849644, 58.793853577646956, 69.41028301494204, 52.167501384520364, 61.28730796498028, 18.728445343561916, 49.72569771448