instance_id,num_cities,city_coordinates,distance_matrix,best_route,total_distance
144,52,"[[53.86126693486833, 19.04239698412623], [70.2498484177156, 45.55511890958813], [81.0927146677797, 99.82987665549669], [14.204787530289808, 4.680860312785285], [43.39636127481589, 40.426396126414964], [98.00211354982007, 10.107976317344292], [53.88084701836385, 33.77103495034169], [11.510402740216097, 26.22665572975974], [26.185439423758762, 55.87478591578999], [69.4255278249009, 83.11122545141903], [35.72372091681631, 8.143873541578694], [31.371928036767404, 82.31907074999633], [5.678418411607266, 98.02853139631408], [44.51641541082253, 50.141187140027796], [86.49664524161683, 94.18469061167907], [32.55388963066278, 45.95640372594424], [86.88829963013261, 54.48293445429477], [66.68815662396719, 22.492830762246985], [94.08201829772513, 55.556604473700176], [30.356744048972327, 89.2340958029586], [87.84781128621593, 57.97458896583575], [65.17527027728659, 6.382066025820777], [12.967022596650303, 65.69042963029263], [90.41746353681323, 95.30538512465543], [44.744220342256114, 20.490314242282604], [98.92042505639338, 1.4877161148665774], [75.24792839825729, 97.97791900460945], [16.55422940275162, 25.418505150288407], [25.863557664737346, 48.67812141039679], [7.329581380598926, 91.79863589033413], [77.45093946963306, 64.60268755257074], [24.09352436693911, 74.37544482969312], [9.927108069484625, 76.71842705455387], [81.50940834488247, 87.79948260135917], [18.66201764106342, 26.594429758826564], [49.525868500866046, 31.18747661591148], [83.70875938942305, 74.13595156831836], [5.056135610587953, 9.64390596707232], [26.096494136419, 6.232481913154853], [5.928689288263755, 32.00064266278696], [4.96427093830839, 58.64079942909699], [87.84309357242928, 26.69000150236297], [98.44366188382777, 7.30234548119496], [86.16653864469302, 17.860261711721805], [56.6549453019715, 31.025593758892576], [96.14620093757907, 4.163744152960147], [28.782997503306973, 1.760878622597517], [3.242529618093093, 18.099159169462897], [34.20325698678431, 12.27491284015173], [5.465403526026713, 86.9188364926531], [91.06234724231312, 62.42242504661712], [69.30421230355626, 57.7248704019528]]","[[0.0, 31.16905559873113, 85.25355486595488, 42.17689052464669, 23.8073448706739, 45.03596576665939, 14.728650980979658, 42.95589914968709, 46.071426099460346, 65.93224551177053, 21.160065897456768, 67.1543580636878, 92.52240983240615, 32.47246524622455, 81.92333128501282, 34.32736643674255, 48.443953026445676, 13.282868378234696, 54.323072343014665, 74.02254507356042, 51.6797907256483, 16.979123994072218, 62.03529777273325, 84.5718562532628, 9.231305593377849, 48.3579833227374, 81.78145220767236, 37.84798283620099, 40.76944795609364, 86.36358063616055, 51.30509455189151, 62.832035471328645, 72.50334309460253, 74.10773607393253, 36.000282636079035, 12.895682953762254, 62.65917779979289, 49.70183575058267, 30.57738596863721, 49.65327915572451, 62.92018510527019, 34.83174409202907, 46.102264029833535, 32.3268932012939, 12.304537527334814, 44.82621948908885, 30.456041675861936, 50.62752477773039, 20.790290925283287, 83.36288523942753, 57.146716535103344, 41.65115018077098], [31.16905559873113, 0.0, 55.3472409149168, 69.36680665645187, 27.338865541944482, 45.018753180396814, 20.1695027596257, 61.83778753637534, 45.25668643532793, 37.565151976547256, 50.908297557409654, 53.50776437182925, 83.20413806437655, 26.13889049165059, 51.27176270585917, 37.69809462531259, 18.88237138572077, 23.335697611698833, 25.84573532865287, 59.15498963423994, 21.539069933475485, 39.5003723468242, 60.71863694011767, 53.68260135334466, 35.76005448169575, 52.57316762252898, 52.660523860805434, 57.34721192081948, 44.49602174833139, 78.08599661124019, 20.36333920424497, 54.41523165457779, 67.89686868816692, 43.71914859047561, 54.961914243522386, 25.217305341234017, 31.591237392838664, 74.43007056681428, 59.12519323133714, 65.73382187338086, 66.58409465839672, 25.795637806851108, 47.5201619602239, 31.9428574644124, 19.89795195066978, 48.82486024636076, 60.31115325603104, 72.41415951294071, 49.06046136974907, 76.86339461808743, 26.78929121205205, 12.206435968222438], [85.25355486595488, 55.3472409149168, 0.0, 116.30705098030694, 70.35473372912591, 91.30140837271514, 71.44407818984055, 101.28737465166921, 70.33390986329798, 20.3871662305052, 102.2969635960928, 52.71418164656223, 75.43580664748355, 61.699202045886736, 7.814767502374264, 72.51460971056156, 45.71579565155788, 78.66708307756285, 46.13940440094942, 51.830582540692106, 42.39689184254774, 94.79376745020852, 76.2011270478138, 10.364456815636618, 87.26957776712864, 99.94502387562551, 6.1311722922356005, 98.5000928405165, 75.27789747277289, 74.19906104911574, 35.414931578179576, 62.424640924285036, 74.82434540415453, 12.037608347108023, 96.23420708561292, 75.55292754169119, 25.826758921149395, 117.96215776143598, 108.55900043426993, 101.24443537938411, 86.55680231751631, 73.45072465791148, 94.14031758234866, 82.12649672170014, 73.01529919470552, 96.84325664117206, 111.1478064785982, 112.87409575740715, 99.32015369664016, 76.72147775309125, 38.713189090307, 43.724139095038474], [42.17689052464669, 69.36680665645187, 116.30705098030694, 0.0, 46.150745479196615, 83.97288512460663, 49.19784504370816, 21.713613461308046, 52.57712466879928, 95.92003093444194, 21.79580130934771, 79.51353616247872, 93.73626121766699, 54.6391443930777, 115.05237211604083, 45.170344607291646, 88.10868016242442, 55.423553862195334, 94.70329106742268, 86.08214292893803, 90.90388584467041, 50.998864814228575, 61.02212394155649, 118.41104881493357, 34.388890502973524, 84.7757949613147, 111.49262848983427, 20.870308826620096, 45.51577644223248, 87.38864503573055, 87.12462978336946, 70.39262906873783, 72.1644619161271, 106.951471958766, 22.362276854713627, 44.16083636856483, 98.25890191483728, 10.40815325186951, 11.992506643608337, 28.545828237469827, 54.745430643321725, 76.85702578592642, 84.27965434693802, 73.15866486401731, 49.960593222930335, 81.94304510028314, 14.867767118448182, 17.326910940517795, 21.391783805721868, 82.70103723010054, 96.13101883782633, 76.48276679543277], [23.8073448706739, 27.338865541944482, 70.35473372912591, 46.150745479196615, 0.0, 62.45794394020806, 12.418465029569635, 34.90482744553566, 23.12722590471374, 49.99512141996249, 33.18178226834218, 43.58420794064684, 68.85237251891924, 9.779145448645204, 68.90274815987571, 12.171284870756898, 45.70705603805416, 29.39592654191447, 52.89573737529564, 50.519532510823915, 47.78985750183291, 40.41456778608578, 39.550171191482306, 72.26816374726987, 19.981593654073524, 67.81697766682355, 65.77765664584317, 30.75283458461332, 19.377568799823372, 62.76877910473877, 41.76370868528477, 39.05300782973883, 49.369043124326076, 60.80142826552394, 28.33921397263248, 11.087312233168284, 52.54924899407548, 49.16843097348083, 38.32113218878034, 38.403382214613636, 42.52987250517249, 46.520968919438836, 64.24490668905995, 48.35823088857521, 16.253157710376176, 64.01191695766602, 41.3348841120483, 45.9438320871074, 29.614509580058606, 60.002538004226444, 52.49639517635485, 31.152109995774723], [45.03596576665939, 45.018753180396814, 91.30140837271514, 83.97288512460663, 62.45794394020806, 0.0, 50.06622118962515, 87.98083805450133, 85.16005838037727, 78.39703843784814, 62.30935634930236, 98.25489189177912, 127.48995524890506, 66.80851647948327, 84.86029511804838, 74.62291713570177, 45.74553278187441, 33.67415207507972, 45.61737550627175, 104.10013832727569, 48.93181440434596, 33.03761563339518, 101.58925046332381, 85.53435206570458, 54.26044719402798, 8.66903581614046, 90.76827512834461, 82.87442383014616, 81.80236755549514, 122.04454904439017, 58.24108780478663, 97.94277443481789, 110.42716485437514, 79.42278938476096, 81.0348935082219, 52.86106002421379, 65.60397539702824, 92.94713646137907, 72.0099823642652, 94.64039462598106, 104.93557584061324, 19.446574149130196, 2.840163607966446, 14.14845440925446, 46.337188537360156, 6.227223108928588, 69.72058567013255, 95.09593971505831, 63.835646097182156, 120.26200955787516, 52.77273824855523, 55.59620614938698], [14.728650980979658, 20.1695027596257, 71.44407818984055, 49.19784504370816, 12.418465029569635, 50.06622118962515, 0.0, 43.036870310834324, 35.43460749851572, 51.73095301712239, 31.407525055920757, 53.51227161805619, 80.32745466584647, 18.859333552535833, 68.65566316121777, 24.56262045495649, 38.967611024798686, 17.06531772461727, 45.724667431153925, 60.2456184270327, 41.708112982422, 29.626333143000785, 51.89208788963193, 71.56396158676023, 16.120033794754676, 55.4145853081722, 67.66887117909661, 38.24972073993367, 31.73625260569356, 74.3923571566916, 38.80902034767066, 50.35873998017081, 61.45249918546169, 60.682868723816426, 35.942587619456134, 5.063655947561127, 50.18994769863579, 54.460727107044015, 39.11958804039722, 47.98482801703297, 54.875646698919304, 34.692581709790964, 51.83084015282533, 35.99331311287145, 3.902956395198442, 51.60379647155076, 40.67618662567892, 53.00798882830643, 29.14259451776928, 71.89397733705243, 46.94002677196179, 28.489760082586507], [42.95589914968709, 61.83778753637534, 101.28737465166921, 21.713613461308046, 34.90482744553566, 87.98083805450133, 43.036870310834324, 0.0, 33.08123826568651, 81.17891343195598, 30.22038697281152, 59.50495113776677, 72.0383327850143, 40.75906874531029, 101.1989677293748, 28.84599272865033, 80.4999666267353, 55.30394174508568, 87.62600977506189, 65.7656603806567, 82.67606188178793, 57.216481439258416, 39.49064689111257, 104.872279933122, 33.72524641965743, 90.84342097578636, 95.97247500479632, 5.108159625619003, 26.64735197906411, 65.70512802985618, 76.29465382730949, 49.76586020217844, 50.516589290347675, 93.22592876770965, 7.1610651041920805, 38.33778007219025, 86.6481582642852, 17.79452595245257, 24.74916258839868, 8.030843676879458, 33.06854325985999, 76.33409709291931, 88.96921413452115, 75.12346622096713, 45.39889348120284, 87.46422356455481, 29.948568902491775, 11.593702010193338, 26.6386329137536, 60.992481678115645, 87.39934548098104, 65.81992062726289], [46.071426099460346, 45.25668643532793, 70.33390986329798, 52.57712466879928, 23.12722590471374, 85.16005838037727, 35.43460749851572, 33.08123826568651, 0.0, 51.10312009571004, 48.67462182611634, 26.948095749523816, 46.877245747053315, 19.20673932659394, 71.44991494055218, 11.786919160733445, 60.71881494006146, 52.486427107140905, 67.89732441134058, 33.61909187388133, 61.698114043728516, 63.005842840911704, 16.46430699863311, 75.36925816027507, 39.95609070960307, 90.82032534906534, 64.65138544739496, 31.942843400921753, 7.2038592344643355, 40.57174360977538, 52.00315146156872, 18.618552275983546, 26.434649881300555, 63.87431248671921, 30.231459309781275, 33.974091157400274, 60.35231984655829, 50.83051977367554, 49.64238368525614, 31.309912841092153, 21.400673415658417, 68.21596555334594, 87.06625455858948, 71.01293061276408, 39.31759325432894, 86.9973562344901, 54.17621498880165, 44.19700313854699, 44.33096356595159, 37.323624741202984, 65.20647779388746, 43.158445144206716], [65.93224551177053, 37.565151976547256, 20.3871662305052, 95.92003093444194, 49.99512141996249, 78.39703843784814, 51.73095301712239, 81.17891343195598, 51.10312009571004, 0.0, 82.19437718751605, 38.061843963560406, 65.46922922414797, 41.32175344188335, 20.348087883405537, 52.344994799680826, 33.533974481674875, 60.68016954313776, 36.97566307265112, 39.54566230412662, 31.164579601486654, 76.84678650002176, 59.08508220904643, 24.27671507987531, 67.30932669188873, 86.78909055354002, 15.966180684217948, 78.25486676615363, 55.5273256886629, 62.70069907862104, 20.173576956516808, 46.1660524691421, 59.840870855416796, 12.961478446734196, 75.96763890988589, 55.606403717067685, 16.869091416031598, 97.67735503306344, 88.2482088679413, 81.51159535392115, 68.94965836835746, 59.351168817253026, 81.17289194430424, 67.36430592107128, 53.62835823316304, 83.3468606185327, 90.93785900333937, 92.77261456858798, 79.10999650710917, 64.07335953552587, 29.936239187503805, 25.386644917225254], [21.160065897456768, 50.908297557409654, 102.2969635960928, 21.79580130934771, 33.18178226834218, 62.30935634930236, 31.407525055920757, 30.22038697281152, 48.67462182611634, 82.19437718751605, 0.0, 74.3027454551882, 94.77326585220308, 42.9078760363573, 99.9045146456475, 37.94516134273557, 69.02986803684003, 34.12753802990847, 75.19081012757036, 81.26763554515392, 72.11117109387857, 29.50419843776133, 61.88273940370243, 102.90060535890586, 15.290650995309448, 63.54626539612232, 98.14437681950949, 25.804695350351086, 41.716280630569564, 88.3422120145796, 70.20511696224375, 67.24494410051479, 73.26619018277813, 91.87679374001443, 25.130156055935288, 26.860880860077714, 81.59361665905517, 30.70424866028032, 9.815136954643473, 38.169219832858566, 59.12768629897373, 55.320772485138356, 62.725586201978345, 51.37008915118495, 31.01111533571707, 60.55342700301627, 9.429542175449255, 33.97256981914984, 4.401965044032399, 84.38637662125863, 77.51467420481156, 59.882590553877534], [67.1543580636878, 53.50776437182925, 52.71418164656223, 79.51353616247872, 43.58420794064684, 98.25489189177912, 53.51227161805619, 59.50495113776677, 26.948095749523816, 38.061843963560406, 74.3027454551882, 0.0, 30.11550415743364, 34.75908143123716, 56.38729805210197, 36.381871671363044, 62.104090032504956, 69.47240454090478, 68.18199925000259, 6.9891465868281415, 61.4994242423835, 83.12096386056365, 24.804278859655504, 60.45675829487262, 63.25830643317591, 105.3399608019698, 46.58651024043828, 58.79828703606235, 34.08893686557211, 25.84369532372031, 49.36745413962713, 10.773873618280609, 22.164104160386664, 50.43611648121993, 57.15572968532185, 54.25869029995857, 52.97270387263487, 77.29295250695837, 76.26925464211325, 56.38530485136192, 35.46864652303379, 79.26907267222263, 100.62865671023204, 84.6013440455111, 57.186114956949986, 101.50843071054845, 80.59978213458137, 70.11034230987643, 70.10135862394145, 26.31170570512157, 62.919175576127664, 45.20766395707902], [92.52240983240615, 83.20413806437655, 75.43580664748355, 93.73626121766699, 68.85237251891924, 127.48995524890506, 80.32745466584647, 72.0383327850143, 46.877245747053315, 65.46922922414797, 94.77326585220308, 30.11550415743364, 0.0, 61.65701704454351, 80.90958472223485, 58.59861289625871, 92.14805380779237, 97.09701451136432, 98.07681198603814, 26.198508615367924, 91.41185606695589, 109.26550231812242, 33.14930733508299, 84.78278890404904, 86.82345305221641, 134.21699154113426, 69.56952839711356, 73.42001890604246, 53.31887857453847, 6.444993185845783, 79.17437600443132, 29.976401242880428, 21.729517041703005, 76.51779187555044, 72.60444012390724, 79.93951140385349, 81.60630786864056, 88.38681603130534, 94.03942001638868, 66.02836304285258, 39.39420561624456, 108.81277356870174, 129.75604497350056, 113.60144789076055, 84.19026039779317, 130.364941450555, 99.00142698752107, 79.9664810954746, 90.3733893976302, 11.11173686666084, 92.5105945930139, 75.31684232579836], [32.47246524622455, 26.13889049165059, 61.699202045886736, 54.6391443930777, 9.779145448645204, 66.80851647948327, 18.859333552535833, 40.75906874531029, 19.20673932659394, 41.32175344188335, 42.9078760363573, 34.75908143123716, 61.65701704454351, 0.0, 60.845459113262265, 12.673375054174617, 42.59374768713787, 35.44034027510783, 49.86056291739962, 41.57826115656896, 44.03376037399749, 48.39058756702035, 35.17304548889674, 64.39496097257266, 29.65174798700788, 72.98600213953063, 56.85753077632507, 37.32418587344861, 18.710148674580616, 55.84087805161909, 35.96967985904725, 31.69217134182252, 43.62075038130145, 52.7885285196731, 34.96998237354545, 19.604534243213845, 45.95420053168266, 56.543288410864605, 47.615836593045834, 42.63908959206749, 40.45510525804039, 49.26620696107696, 68.87172327472871, 52.695264606076805, 22.643979734826157, 69.13436205800943, 50.87430285806645, 52.25155696146992, 39.245585306283374, 53.643051937143966, 48.13888838122475, 25.921942955971126], [81.92333128501282, 51.27176270585917, 7.814767502374264, 115.05237211604083, 68.90274815987571, 84.86029511804838, 68.65566316121777, 101.1989677293748, 71.44991494055218, 20.348087883405537, 99.9045146456475, 56.38729805210197, 80.90958472223485, 60.845459113262265, 0.0, 72.35874887555656, 39.70368792871068, 74.37808138145382, 39.365809061715616, 56.357758071804255, 36.235301997946465, 90.35431320382406, 78.85764588920048, 4.07783916987442, 84.70021306614888, 93.52582202658662, 11.87106618055067, 98.08531896408921, 75.81041583830438, 79.20301293200745, 30.934118670206125, 65.47179326512118, 78.53638892514411, 8.102062280629665, 95.76001286477779, 73.04442007465714, 20.24164629553729, 117.38697064532965, 106.6947480829281, 101.77451226024891, 88.94321930273284, 67.50811789015289, 87.69990366027675, 76.32514275957801, 69.85412350425344, 90.53664852673208, 108.96341660325642, 112.78411174939282, 97.17926810668853, 81.35634437491251, 32.08873865680423, 40.310026544958696], [34.32736643674255, 37.69809462531259, 72.51460971056156, 45.170344607291646, 12.171284870756898, 74.62291713570177, 24.56262045495649, 28.84599272865033, 11.786919160733445, 52.344994799680826, 37.94516134273557, 36.381871671363044, 58.59861289625871, 12.673375054174617, 72.35874887555656, 0.0, 54.99936214404666, 41.42085754053066, 62.27258202184805, 43.33342913063786, 56.58493216847393, 51.28628159357369, 27.80426475563736, 76.04942570646328, 28.23341772523967, 79.88730313551939, 67.29798658338346, 26.03448492504755, 7.22276186566783, 52.323761108200756, 48.61511066310653, 29.651638700958678, 38.18734506465715, 64.40097873753558, 23.83002608640532, 22.498206034083847, 58.402976094000365, 45.54913796809573, 40.24534657271178, 30.06101395703116, 30.365785910192916, 58.549896047346365, 76.39108787262046, 60.52858275546316, 28.351189935234316, 76.09604754216274, 44.35610517839348, 40.43738245814235, 33.72185109043042, 49.10913334205975, 60.78132501210498, 38.588638541235326], [48.443953026445676, 18.88237138572077, 45.71579565155788, 88.10868016242442, 45.70705603805416, 45.74553278187441, 38.967611024798686, 80.4999666267353, 60.71881494006146, 33.533974481674875, 69.02986803684003, 62.104090032504956, 92.14805380779237, 42.59374768713787, 39.70368792871068, 54.99936214404666, 0.0, 37.83401263013881, 7.273400551257927, 66.3585713491986, 3.621092907690195, 52.77451266710967, 74.76605611091743, 40.97471752940155, 54.14445168159817, 54.34395282933453, 45.02568071054543, 76.10271010626195, 61.300203804046866, 87.8752025498224, 13.837383046264573, 65.87029504556898, 80.1089391866534, 33.74796070719237, 73.7061344000697, 44.02987185751374, 19.90855489045841, 93.31152953306254, 77.61281972464539, 84.02328219550661, 82.0294722538645, 27.809328534555142, 48.57503857602905, 36.6297842981596, 38.26620632401793, 51.16375327514926, 78.45916967678342, 91.2161934356184, 67.50726484543272, 87.6457400620361, 8.969848623824427, 17.880443948553975], [13.282868378234696, 23.335697611698833, 78.66708307756285, 55.423553862195334, 29.39592654191447, 33.67415207507972, 17.06531772461727, 55.30394174508568, 52.486427107140905, 60.68016954313776, 34.12753802990847, 69.47240454090478, 97.09701451136432, 35.44034027510783, 74.37808138145382, 41.42085754053066, 37.83401263013881, 0.0, 42.937591798366704, 75.989262392321, 41.312058174866614, 16.18164285511353, 68.93469945640963, 76.58164322696875, 22.035117697632703, 38.47250927155094, 75.96886362046745, 50.219221710884575, 48.50069408276579, 91.25094563551109, 43.46351957083705, 67.12755276027137, 78.4998848805562, 66.96736725457967, 48.20096617220376, 19.239048836701457, 54.375664088725635, 62.95713527937619, 43.72735995000383, 61.49887281938151, 71.52980988983435, 21.56728076311644, 35.201746510406146, 20.021689792652843, 13.170929116381528, 34.69483809896595, 43.20433922053763, 63.59757806893072, 34.05399464233997, 88.87595687960666, 46.78112512556606, 35.32903005309532], [54.323072343014665, 25.84573532865287, 46.13940440094942, 94.70329106742268, 52.89573737529564, 45.61737550627175, 45.724667431153925, 87.62600977506189, 67.89732441134058, 36.97566307265112, 75.19081012757036, 68.18199925000259, 98.07681198603814, 49.86056291739962, 39.365809061715616, 62.27258202184805, 7.273400551257927, 42.937591798366704, 0.0, 72.07693112439675, 6.686702181685572, 57.04152270652578, 81.74556220303201, 39.91734616471236, 60.52985228536985, 54.28494145085116, 46.41433904378657, 83.17970354462327, 68.56436319537035, 94.01845644480792, 18.932099779370503, 72.4743957204475, 86.77483304776074, 34.607422772887745, 80.78975221688525, 50.784888276626134, 21.279018747136007, 100.16777761528114, 83.99345547038314, 91.24633007572164, 89.17110043584594, 29.53311613820529, 48.45097982175346, 38.51842514649482, 44.74993049960498, 51.434297330845, 84.60462302118513, 98.25921286218878, 73.88349536123883, 94.00262768032728, 7.500527009642897, 24.87249579395466], [74.02254507356042, 59.15498963423994, 51.830582540692106, 86.08214292893803, 50.519532510823915, 104.10013832727569, 60.2456184270327, 65.7656603806567, 33.61909187388133, 39.54566230412662, 81.26763554515392, 6.9891465868281415, 26.198508615367924, 41.57826115656896, 56.357758071804255, 43.33342913063786, 66.3585713491986, 75.989262392321, 72.07693112439675, 0.0, 65.43989287718459, 89.87095530205262, 29.269551227159006, 60.36680030799099, 70.23323271323726, 111.35710799789209, 45.73481033592699, 65.29118639531912, 40.804114777968216, 23.169529266160882, 53.146679244489555, 16.12474587491944, 23.958547336476254, 51.1727777202712, 63.72200866165654, 61.129905376159854, 55.44719560282278, 83.51478375392506, 83.11087556769856, 62.22859485590528, 39.758363569124995, 84.94965634665544, 106.52999620312663, 90.60329666022054, 63.87350858812506, 107.54170059819697, 87.48737281501035, 76.1272607812415, 77.05524968542727, 24.998785144546343, 66.36291093535459, 50.09727107151858], [51.6797907256483, 21.539069933475485, 42.39689184254774, 90.90388584467041, 47.78985750183291, 48.93181440434596, 41.708112982422, 82.67606188178793, 61.698114043728516, 31.164579601486654, 72.11117109387857, 61.4994242423835, 91.41185606695589, 44.03376037399749, 36.235301997946465, 56.58493216847393, 3.621092907690195, 41.312058174866614, 6.686702181685572, 65.43989287718459, 0.0, 56.35452545375175, 75.27726557155664, 37.4191321991885, 57.12259101104413, 57.56187610028952, 41.94071366800197, 78.37520916194849, 62.677523930202526, 87.33413706841365, 12.329908128041087, 65.8300628410189, 80.14341804593813, 30.490976242439178, 75.96965469295532, 46.7559695321474, 16.682967115392522, 95.86613834042409, 80.56345829211837, 85.93828271189176, 82.88621777463716, 31.284587819188246, 51.768217176696666, 40.14954456460599, 41.22187806219992, 54.44694932024412, 81.53915291296079, 93.53129736931838, 70.4712608371461, 87.3191306258815, 5.487849051727124, 18.545280331956285], [16.979123994072218, 39.5003723468242, 94.79376745020852, 50.998864814228575, 40.41456778608578, 33.03761563339518, 29.626333143000785, 57.216481439258416, 63.005842840911704, 76.84678650002176, 29.50419843776133, 83.12096386056365, 109.26550231812242, 48.39058756702035, 90.35431320382406, 51.28628159357369, 52.77451266710967, 16.18164285511353, 57.04152270652578, 89.87095530205262, 56.35452545375175, 0.0, 79.01381600279096, 92.43659989476281, 24.828823354823058, 34.09824236110612, 92.14802615647187, 52.214860243639095, 57.74397847071835, 103.16062296899754, 59.50069600501313, 79.4406030201762, 89.44027677788056, 83.03974824291099, 50.71510937064465, 29.329373851189157, 70.24300125119615, 60.20755727377577, 39.079062425738975, 64.54818996527285, 79.72665588316828, 30.434231652190846, 33.28111768499014, 23.924513033211667, 26.074880571455296, 31.050273716929723, 36.68450477615102, 63.031378196067585, 31.5276267873784, 100.25686801751012, 61.73056449582296, 51.50855971061564], [62.03529777273325, 60.71863694011767, 76.2011270478138, 61.02212394155649, 39.550171191482306, 101.58925046332381, 51.89208788963193, 39.49064689111257, 16.46430699863311, 59.08508220904643, 61.88273940370243, 24.804278859655504, 33.14930733508299, 35.17304548889674, 78.85764588920048, 27.80426475563736, 74.76605611091743, 68.93469945640963, 81.74556220303201, 29.269551227159006, 75.27726557155664, 79.01381600279096, 0.0, 82.91933665170481, 55.2525178399388, 107.28455535234528, 70.15264212818548, 40.431373387419114, 21.348050209120608, 26.709907854227147, 64.49309046796715, 14.114833709897457, 11.439309748493812, 72.01991993425767, 39.50860886573412, 50.26930455616812, 71.24408863382007, 56.60207547111823, 60.89031589380601, 34.417145170334194, 10.664957575100987, 84.42428204569879, 103.51533333005484, 87.44080347747466, 55.7699330849269, 103.46162928979336, 65.85690969285974, 48.57463111301879, 57.482128396837695, 22.51487389692993, 78.1636717757706, 56.89753138662608], [84.5718562532628, 53.68260135334466, 10.364456815636618, 118.41104881493357, 72.26816374726987, 85.53435206570458, 71.56396158676023, 104.872279933122, 75.36925816027507, 24.27671507987531, 102.90060535890586, 60.45675829487262, 84.78278890404904, 64.39496097257266, 4.07783916987442, 76.04942570646328, 40.97471752940155, 76.58164322696875, 39.91734616471236, 60.36680030799099, 37.4191321991885, 92.43659989476281, 82.91933665170481, 0.0, 87.6546631677039, 94.20220471429401, 15.40315661347977, 101.68556116428127, 79.63233316197544, 83.16185093777896, 33.32846207954483, 69.5480215948653, 82.60854879222023, 11.648691771684476, 99.348071964094, 76.0475426040813, 22.20701754926537, 120.93157286992349, 109.86887271257406, 105.57387646660442, 92.98677308899428, 68.66366033316227, 88.36829095548977, 77.56170126346487, 72.60715677937004, 91.32150431974026, 112.02402465520059, 116.44857418610788, 100.2701169134506, 85.36502034225268, 32.889283033953184, 43.10527188711256], [9.231305593377849, 35.76005448169575, 87.26957776712864, 34.388890502973524, 19.981593654073524, 54.26044719402798, 16.120033794754676, 33.72524641965743, 39.95609070960307, 67.30932669188873, 15.290650995309448, 63.25830643317591, 86.82345305221641, 29.65174798700788, 84.70021306614888, 28.23341772523967, 54.14445168159817, 22.035117697632703, 60.52985228536985, 70.23323271323726, 57.12259101104413, 24.828823354823058, 55.2525178399388, 87.6546631677039, 0.0, 57.41219289332349, 83.27547716445898, 28.617523561536498, 33.92686098195705, 80.52783335526375, 54.914760812948515, 57.706659431015915, 66.13495276662923, 76.69552264675544, 26.786965561358684, 11.717228424867336, 66.30301431514827, 41.14351275888608, 23.473889225549836, 40.4862089031724, 55.1171832967722, 43.54249643547485, 55.29514031015832, 41.505730084675164, 15.901493123574552, 53.93255510360618, 24.607974178028556, 41.57051786478429, 13.36430801274549, 77.17236564244271, 62.479362961195214, 44.60499274236866], [48.3579833227374, 52.57316762252898, 99.94502387562551, 84.7757949613147, 67.81697766682355, 8.66903581614046, 55.4145853081722, 90.84342097578636, 90.82032534906534, 86.78909055354002, 63.54626539612232, 105.3399608019698, 134.21699154113426, 72.98600213953063, 93.52582202658662, 79.88730313551939, 54.34395282933453, 38.47250927155094, 54.28494145085116, 111.35710799789209, 57.56187610028952, 34.09824236110612, 107.28455535234528, 94.20220471429401, 57.41219289332349, 0.0, 99.35162983933988, 85.77221490851139, 86.97264066957162, 128.62715450453982, 66.6666215653855, 104.45901619293379, 116.53098444972997, 88.0503522817901, 84.0937514375765, 57.63590886883467, 74.22372186076264, 94.2179827106862, 72.97833731401263, 97.86981969784364, 109.97378700847172, 27.529301871977005, 5.834142421168962, 20.753839835646286, 51.564105680064856, 3.854535707718115, 70.13795949070713, 97.10921540131204, 65.61002557643177, 126.61878761955174, 61.43930451697268, 63.55892997943604], [81.78145220767236, 52.660523860805434, 6.1311722922356005, 111.49262848983427, 65.77765664584317, 90.76827512834461, 67.66887117909661, 95.97247500479632, 64.65138544739496, 15.966180684217948, 98.14437681950949, 46.58651024043828, 69.56952839711356, 56.85753077632507, 11.87106618055067, 67.29798658338346, 45.02568071054543, 75.96886362046745, 46.41433904378657, 45.73481033592699, 41.94071366800197, 92.14802615647187, 70.15264212818548, 15.40315661347977, 83.27547716445898, 99.35162983933988, 0.0, 93.32641019913741, 69.78027024579424, 68.19886656988832, 33.44785990549706, 56.33693139475147, 68.69334441121846, 11.950175678081044, 91.0909865635668, 71.5722541201754, 25.29871681121862, 112.82635168285327, 104.08212486828783, 95.69826489688131, 80.54316533664166, 72.39202557997513, 93.59541487558973, 80.85824051891164, 69.4860624602303, 96.11366811345616, 106.8489993539772, 107.54252055020608, 95.02457743605527, 70.6534081524008, 38.913866345713544, 40.68950334941736], [37.84798283620099, 57.34721192081948, 98.5000928405165, 20.870308826620096, 30.75283458461332, 82.87442383014616, 38.24972073993367, 5.108159625619003, 31.942843400921753, 78.25486676615363, 25.804695350351086, 58.79828703606235, 73.42001890604246, 37.32418587344861, 98.08531896408921, 26.03448492504755, 76.10271010626195, 50.219221710884575, 83.17970354462327, 65.29118639531912, 78.37520916194849, 52.214860243639095, 40.431373387419114, 101.68556116428127, 28.617523561536498, 85.77221490851139, 93.32641019913741, 0.0, 25.053409773060924, 67.01802659134458, 72.41415225979762, 49.534058094707866, 51.72620926135587, 90.05865654758146, 2.413621748023328, 33.47252629526909, 82.96457366384988, 19.52035194981162, 21.427979463851017, 12.499065443385414, 35.18590590499662, 71.30020236700658, 83.86938889266345, 70.02142987594809, 40.49082437163616, 82.38110704436018, 26.631298544773667, 15.191253297338717, 22.005503708777738, 62.49202200717279, 83.19104345834289, 61.85678565694414], [40.76944795609364, 44.49602174833139, 75.27789747277289, 45.51577644223248, 19.377568799823372, 81.80236755549514, 31.73625260569356, 26.64735197906411, 7.2038592344643355, 55.5273256886629, 41.716280630569564, 34.08893686557211, 53.31887857453847, 18.710148674580616, 75.81041583830438, 7.22276186566783, 61.300203804046866, 48.50069408276579, 68.56436319537035, 40.804114777968216, 62.677523930202526, 57.74397847071835, 21.348050209120608, 79.63233316197544, 33.92686098195705, 86.97264066957162, 69.78027024579424, 25.053409773060924, 0.0, 46.93492352092939, 53.989348656013235, 25.758211288659588, 32.252583870440176, 68.02162596814888, 23.22825037910109, 29.424948758365407, 63.1994341661313, 44.23368385987508, 42.44627865584526, 25.991099910629107, 23.152432679478448, 65.76427820954889, 83.54535512042274, 67.72141457084393, 35.49255253026383, 83.19362792927663, 47.007986553141485, 38.03661185778153, 37.346273963956754, 43.34093887156695, 66.63173451761273, 44.37267337861624], [86.36358063616055, 78.08599661124019, 74.19906104911574, 87.38864503573055, 62.76877910473877, 122.04454904439017, 74.3923571566916, 65.70512802985618, 40.57174360977538, 62.70069907862104, 88.3422120145796, 25.84369532372031, 6.444993185845783, 55.84087805161909, 79.20301293200745, 52.323761108200756, 87.8752025498224, 91.25094563551109, 94.01845644480792, 23.169529266160882, 87.33413706841365, 103.16062296899754, 26.709907854227147, 83.16185093777896, 80.52783335526375, 128.62715450453982, 68.19886656988832, 67.01802659134458, 46.93492352092939, 0.0, 75.2105342770602, 24.178448485890584, 15.302282294815319, 74.28754912823392, 66.18166369046352, 73.85282171539184, 78.39482923485977, 82.18618013044085, 87.6000212376168, 59.81440037897349, 33.24209398155531, 103.5449656783492, 124.2634248636921, 108.08399052050717, 78.27103024673825, 124.77285826392936, 92.55834266633087, 73.8127147654091, 83.9417474701867, 5.223753558035214, 88.73633890569955, 70.72394483195903], [51.30509455189151, 20.36333920424497, 35.414931578179576, 87.12462978336946, 41.76370868528477, 58.24108780478663, 38.80902034767066, 76.29465382730949, 52.00315146156872, 20.173576956516808, 70.20511696224375, 49.36745413962713, 79.17437600443132, 35.96967985904725, 30.934118670206125, 48.61511066310653, 13.837383046264573, 43.46351957083705, 18.932099779370503, 53.146679244489555, 12.329908128041087, 59.50069600501313, 64.49309046796715, 33.32846207954483, 54.914760812948515, 66.6666215653855, 33.44785990549706, 72.41415225979762, 53.989348656013235, 75.2105342770602, 0.0, 54.24500466622471, 68.60217890588888, 23.549150093938927, 70.00546400304327, 43.547513253366226, 11.403658752456112, 90.89265811468015, 77.74548193862952, 78.60232567807303, 72.73143216496531, 39.31117691494218, 61.02477854000054, 47.54803931254756, 39.4955010229124, 63.264355529920635, 79.4837186147512, 87.57548883547639, 67.88636127007385, 75.36529631471092, 13.784918068274562, 10.661779038970375], [62.832035471328645, 54.41523165457779, 62.424640924285036, 70.39262906873783, 39.05300782973883, 97.94277443481789, 50.35873998017081, 49.76586020217844, 18.618552275983546, 46.1660524691421, 67.24494410051479, 10.773873618280609, 29.976401242880428, 31.69217134182252, 65.47179326512118, 29.651638700958678, 65.87029504556898, 67.12755276027137, 72.4743957204475, 16.12474587491944, 65.8300628410189, 79.4406030201762, 14.114833709897457, 69.5480215948653, 57.706659431015915, 104.45901619293379, 56.33693139475147, 49.534058094707866, 25.758211288659588, 24.178448485890584, 54.24500466622471, 0.0, 14.358861947201717, 58.964298715949894, 48.088737418605724, 50.11990349732431, 59.615716080646386, 67.47291526370736, 68.17239384781907, 46.10406806475878, 24.76908158610814, 79.61098592034642, 100.13362874176568, 83.94656052742168, 54.21674760780983, 100.60452829228112, 72.76583252970715, 60.01486740573738, 62.91806391672281, 22.45759471702276, 68.02718514864351, 48.17933096749994], [72.50334309460253, 67.89686868816692, 74.82434540415453, 72.1644619161271, 49.369043124326076, 110.42716485437514, 61.45249918546169, 50.516589290347675, 26.434649881300555, 59.840870855416796, 73.26619018277813, 22.164104160386664, 21.729517041703005, 43.62075038130145, 78.53638892514411, 38.18734506465715, 80.1089391866534, 78.4998848805562, 86.77483304776074, 23.958547336476254, 80.14341804593813, 89.44027677788056, 11.439309748493812, 82.60854879222023, 66.13495276662923, 116.53098444972997, 68.69334441121846, 51.72620926135587, 32.252583870440176, 15.302282294815319, 68.60217890588888, 14.358861947201717, 0.0, 72.43490529260465, 50.879403987524626, 60.34177057021155, 73.82683286674282, 67.25115427864668, 72.31678579871954, 44.89618684987147, 18.74647628103115, 92.59451474102659, 112.48898915079079, 96.31580556666792, 65.35538070435273, 112.68502112502756, 77.2928110063906, 58.99917081160435, 68.86434440664313, 11.133515174372233, 82.3850879045657, 62.340963270865274], [74.10773607393253, 43.71914859047561, 12.037608347108023, 106.951471958766, 60.80142826552394, 79.42278938476096, 60.682868723816426, 93.22592876770965, 63.87431248671921, 12.961478446734196, 91.87679374001443, 50.43611648121993, 76.51779187555044, 52.7885285196731, 8.102062280629665, 64.40097873753558, 33.74796070719237, 66.96736725457967, 34.607422772887745, 51.1727777202712, 30.490976242439178, 83.03974824291099, 72.01991993425767, 11.648691771684476, 76.69552264675544, 88.0503522817901, 11.950175678081044, 90.05865654758146, 68.02162596814888, 74.28754912823392, 23.549150093938927, 58.964298715949894, 72.43490529260465, 0.0, 87.72601103284983, 65.02204274436595, 13.839408416113423, 109.33159228156474, 98.60916114816136, 93.94655731641224, 81.91084705294942, 61.43683136971029, 82.2590908499711, 70.09410446877042, 61.97595330003549, 84.90684567931274, 100.90944343741468, 104.8038138244258, 89.11696019238303, 76.04910391621283, 27.115561799725526, 32.45688077052211], [36.000282636079035, 54.961914243522386, 96.23420708561292, 22.362276854713627, 28.33921397263248, 81.0348935082219, 35.942587619456134, 7.1610651041920805, 30.231459309781275, 75.96763890988589, 25.130156055935288, 57.15572968532185, 72.60444012390724, 34.96998237354545, 95.76001286477779, 23.83002608640532, 73.7061344000697, 48.20096617220376, 80.78975221688525, 63.72200866165654, 75.96965469295532, 50.71510937064465, 39.50860886573412, 99.348071964094, 26.786965561358684, 84.0937514375765, 91.0909865635668, 2.413621748023328, 23.22825037910109, 66.18166369046352, 70.00546400304327, 48.088737418605724, 50.879403987524626, 87.72601103284983, 0.0, 31.203739668948604, 80.56844858901142, 21.73569144614548, 21.676723941358144, 13.833466264937352, 34.851084255392465, 69.18114194619491, 82.08102870855271, 68.0672171269293, 38.25046099908438, 80.66557083339372, 26.8167763798642, 17.604835508377597, 21.132408409483237, 61.75098923814357, 80.78027588905312, 59.44523710835902], [12.895682953762254, 25.217305341234017, 75.55292754169119, 44.16083636856483, 11.087312233168284, 52.86106002421379, 5.063655947561127, 38.33778007219025, 33.974091157400274, 55.606403717067685, 26.860880860077714, 54.25869029995857, 79.93951140385349, 19.604534243213845, 73.04442007465714, 22.498206034083847, 44.02987185751374, 19.239048836701457, 50.784888276626134, 61.129905376159854, 46.7559695321474, 29.329373851189157, 50.26930455616812, 76.0475426040813, 11.717228424867336, 57.63590886883467, 71.5722541201754, 33.47252629526909, 29.424948758365407, 73.85282171539184, 43.547513253366226, 50.11990349732431, 60.34177057021155, 65.02204274436595, 31.203739668948604, 0.0, 54.891178983845066, 49.41338462030511, 34.22991883899259, 43.604762060072666, 52.33947755578304, 38.58026723056519, 54.43757892100583, 38.989144203113625, 7.130914534297588, 53.886338832201304, 36.0026577724685, 48.09835248443145, 24.34065513053521, 71.0444160192054, 51.97019405108592, 33.097071660991986], [62.65917779979289, 31.591237392838664, 25.826758921149395, 98.25890191483728, 52.54924899407548, 65.60397539702824, 50.18994769863579, 86.6481582642852, 60.35231984655829, 16.869091416031598, 81.59361665905517, 52.97270387263487, 81.60630786864056, 45.95420053168266, 20.24164629553729, 58.402976094000365, 19.90855489045841, 54.375664088725635, 21.279018747136007, 55.44719560282278, 16.682967115392522, 70.24300125119615, 71.24408863382007, 22.20701754926537, 66.30301431514827, 74.22372186076264, 25.29871681121862, 82.96457366384988, 63.1994341661313, 78.39482923485977, 11.403658752456112, 59.615716080646386, 73.82683286674282, 13.839408416113423, 80.56844858901142, 54.891178983845066, 0.0, 101.71263035202745, 89.0508523192912, 88.45972847293737, 80.25455875677935, 47.62573775594354, 68.43864591097922, 56.32933469963479, 50.89608832842766, 71.0689789067052, 90.85697828273146, 98.05578124702743, 79.23119890968078, 79.28067156473172, 13.830472077437227, 21.836083939158872], [49.70183575058267, 74.43007056681428, 117.96215776143598, 10.40815325186951, 49.16843097348083, 92.94713646137907, 54.460727107044015, 17.79452595245257, 50.83051977367554, 97.67735503306344, 30.70424866028032, 77.29295250695837, 88.38681603130534, 56.543288410864605, 117.38697064532965, 45.54913796809573, 93.31152953306254, 62.95713527937619, 100.16777761528114, 83.51478375392506, 95.86613834042409, 60.20755727377577, 56.60207547111823, 120.93157286992349, 41.14351275888608, 94.2179827106862, 112.82635168285327, 19.52035194981162, 44.23368385987508, 82.18618013044085, 90.89265811468015, 67.47291526370736, 67.25115427864668, 109.33159228156474, 21.73569144614548, 49.41338462030511, 101.71263035202745, 0.0, 21.315123761572625, 22.37375752085329, 48.996979580857925, 84.523664033062, 93.4168773238759, 81.52549283553945, 55.85350243623485, 91.25476521686065, 25.00212181775578, 8.647570376270401, 29.265626282123435, 77.27601431207451, 100.90907053120137, 80.24708405751437], [30.57738596863721, 59.12519323133714, 108.55900043426993, 11.992506643608337, 38.32113218878034, 72.0099823642652, 39.11958804039722, 24.74916258839868, 49.64238368525614, 88.2482088679413, 9.815136954643473, 76.26925464211325, 94.03942001638868, 47.615836593045834, 106.6947480829281, 40.24534657271178, 77.61281972464539, 43.72735995000383, 83.99345547038314, 83.11087556769856