instance_id,num_cities,city_coordinates,distance_matrix,best_route,total_distance
2421,41,"[[35.6212997549358, 91.08920903963238], [75.17416997724462, 14.370483851846927], [95.06853642818938, 74.65786895162515], [11.155544991930332, 59.711162227178235], [97.6048367576931, 26.60717071034455], [13.70648345294282, 96.21525360322704], [19.609025372348267, 27.231764442949125], [35.15507436572645, 14.517494597458269], [41.250648685935445, 37.707101519682936], [66.73991470305647, 57.80169413968763], [34.8097952793083, 23.67915584305418], [10.649501002093054, 88.38452126248356], [35.94152122604976, 74.65273669318688], [69.78156410343198, 50.939974440731405], [19.473075000449647, 15.385568960266705], [27.075130125672132, 94.95113313840882], [48.40285682227449, 37.45111028367305], [96.25019647591692, 91.45198676052587], [0.8300462175091283, 61.268829524192206], [58.706410133003736, 7.965414534855597], [27.184375472370625, 54.75570592376666], [41.62685591502924, 39.654801992891606], [9.699642022959075, 42.92017231772222], [74.60092918158695, 99.55522961871725], [77.60319480740068, 40.003404301855895], [84.74584264736406, 49.716512006259585], [93.7955876848432, 6.985096521464018], [4.90260640780863, 76.20479020397309], [78.64669820908233, 77.67752847207441], [30.380677711320125, 73.19809208335282], [21.125841647377385, 6.100471936663798], [40.91548919529091, 67.01048574736835], [31.557064594298247, 68.48719339962001], [31.33139509477767, 62.14515814008219], [1.5688028969666146, 60.9778342980742], [47.552483859379926, 66.92560395304572], [18.1143070375575, 9.40451534945982], [95.37357886217987, 3.6638017883787732], [52.88319339484099, 21.24437665246831], [66.17040643015805, 34.392920544022374], [47.0555836141975, 71.64430120422827]]","[[0.0, 86.31449668081109, 61.67627489702648, 39.78888007833455, 89.44211606660438, 22.506343692791496, 65.8343843392018, 76.57313379199913, 53.678105151527, 45.567826857372104, 67.41493759901783, 25.11784363603565, 16.439591387441173, 52.71512780252672, 77.40675864540214, 9.378244669278942, 55.13994776221393, 60.62998206562635, 45.8223346977256, 86.26985298492133, 37.300202948782484, 51.78382887583587, 54.700899794157664, 39.88840702114509, 66.1229079661686, 64.22554611838873, 102.26313861123418, 34.13479229510799, 45.06726181813453, 18.64285882978532, 86.21602948469322, 24.653871039165146, 22.964518684969782, 29.260235208709425, 45.45621443860618, 26.94870989332619, 83.53971496996895, 105.89398798589815, 71.94632432047132, 64.40277205083294, 22.557643673520797], [86.31449668081109, 0.0, 63.485073983208345, 78.44846372329762, 25.55134668639686, 102.35644983246664, 57.034181272339694, 40.019365633692374, 41.17527195995993, 44.24258908672515, 41.423835155563374, 98.19119431077313, 71.92461842555629, 36.96495421396852, 55.71034355836687, 93.84433213618735, 35.34711479777363, 79.91093156529598, 87.90053221912626, 17.669522552775902, 62.72149981001974, 42.008558945130154, 71.42827537001753, 85.18667452352004, 25.747752764503595, 36.619101900462326, 20.03250217672886, 93.60328033002835, 63.40221093044298, 73.94014092235, 54.677370934696555, 62.80626567851573, 69.50589999608007, 64.84295191261454, 87.12057838788672, 59.37169521619935, 57.27555151949722, 22.861521386578627, 23.326766583298713, 21.95371788795735, 63.803957974173336], [61.67627489702648, 63.485073983208345, 0.0, 85.23376193556349, 48.11758951606, 84.16949861656506, 89.12560349110947, 84.891033470971, 65.28188305224755, 32.964244844016505, 78.93000110891828, 85.52774126525088, 59.12701542488109, 34.66943162763027, 96.06185160998344, 70.95716927819055, 59.68273237425654, 16.835638195436246, 95.18486966938512, 75.96109336258868, 70.74146875675514, 63.88448882622654, 91.07760163507278, 32.23044390926748, 38.80683030206101, 26.993134185729982, 67.68474367896775, 90.17919883100073, 16.697158863530188, 64.70432762867395, 100.83471027833299, 54.69035558927443, 63.810534328394866, 64.95376137844985, 94.49520368003878, 48.1410757433828, 100.89575599317949, 70.99472250291618, 68.06323770166507, 49.56175932763113, 48.10743423304511], [39.78888007833455, 78.44846372329762, 85.23376193556349, 0.0, 92.57080695958406, 36.5931137541313, 33.561475101197466, 51.17074363334288, 37.28128154948618, 55.617157645463166, 43.102541000774856, 28.677824165845916, 28.941238145622144, 59.27852774864833, 45.099218661815996, 38.66896353220281, 43.39207475005597, 90.82169153477545, 10.442329833363846, 70.2759359944929, 16.777364326547637, 36.47956106122496, 16.853990494672562, 74.91906620663816, 69.30862780666259, 74.26590699677642, 98.02762192917747, 17.639132767052576, 69.84157843739524, 23.4841011116782, 54.529926910120444, 30.642036532181333, 22.209023509048567, 20.32213727629547, 9.670061123412674, 37.10505798859234, 50.78565830317765, 101.16315456294946, 56.752887448020154, 60.56111244845231, 37.83137030198437], [89.44211606660438, 25.55134668639686, 48.11758951606, 92.57080695958406, 0.0, 109.0147645563256, 77.99831223167008, 63.60922174753898, 57.43694784021112, 43.883273640678055, 62.86326833163499, 106.66616828972066, 78.17122803798507, 36.96241115748381, 78.93349441858001, 98.21067517315826, 50.382793243679295, 64.85896405952583, 102.79489615649244, 43.13470374516004, 75.83786259052181, 57.47847441701062, 89.40602486853903, 76.48920879620503, 24.073320401349594, 26.44608448637645, 19.988400985895282, 105.13623243809816, 54.475613435182204, 81.79120682492642, 79.18056193080582, 69.61400716114416, 78.20642242298226, 75.20051609134107, 102.00128585051999, 64.2714095831376, 81.33065637662799, 23.05160925587876, 45.04203531348609, 32.384275667201045, 67.70206877554268], [22.506343692791496, 102.35644983246664, 84.16949861656506, 36.5931137541313, 109.0147645563256, 0.0, 69.23555284560469, 84.46635944983433, 64.66749491524723, 65.48393986940164, 75.54359832781446, 8.40627805257293, 30.97319874128696, 72.07125344546725, 81.03512508509007, 13.428280396605096, 68.24267627419918, 82.68103331861474, 37.243189871301425, 99.06072630868562, 43.5952711549407, 63.0763972083594, 53.445490618700475, 60.98597347245377, 85.10324155867957, 84.90420204474896, 119.90114907499556, 21.8615392065317, 67.5342783008132, 28.42214767743777, 90.41969227347374, 39.91551651929019, 32.977091590056425, 38.35894830740657, 37.26927700621627, 44.759751117973245, 86.92257005471691, 123.4312995379114, 84.58987523715489, 81.08306900359904, 41.42335311583624], [65.8343843392018, 57.034181272339694, 89.12560349110947, 33.561475101197466, 77.99831223167008, 69.23555284560469, 0.0, 20.083134640998473, 24.043555197149907, 56.176875409433364, 15.610395050362728, 61.805604467316, 50.154750821522335, 55.492007208435325, 11.846975559928564, 68.12969702485995, 30.553555586528415, 99.99052986481004, 38.8737939676932, 43.58666922241054, 28.547386636562322, 25.28075797466318, 18.555916038029334, 90.85589193659982, 59.383823328808866, 68.90840904929232, 76.89976326145995, 51.133511623498805, 77.65450355555328, 47.211563952665436, 21.18566153317813, 45.1255146148276, 42.9507399196821, 36.828779661568205, 38.26547866717789, 48.54315366011738, 17.889801372337118, 79.34555078390203, 33.80856504116487, 47.1088565209824, 52.209069910267445], [76.57313379199913, 40.019365633692374, 84.891033470971, 51.17074363334288, 63.60922174753898, 84.46635944983433, 20.083134640998473, 0.0, 23.977362146418063, 53.58287104239711, 9.168165270465611, 77.82583603284951, 60.14038443987537, 50.25525673488361, 15.706007041635608, 80.83845438811082, 26.484985717553613, 98.24220086117877, 57.99909374126086, 24.44575974621754, 41.020064500061395, 25.957044891790048, 38.14041344084232, 93.74108938827094, 49.51135751008642, 60.81295195357789, 59.12230393941656, 68.70614424336725, 76.68579544853546, 58.87450538828484, 16.360490247481078, 52.808110161917405, 54.08950048864707, 47.78090473919965, 57.3288827404639, 53.85448624191435, 17.791298657581272, 61.188813776565766, 18.96146477708062, 36.83725532153981, 58.353184604271995], [53.678105151527, 41.17527195995993, 65.28188305224755, 37.28128154948618, 57.43694784021112, 64.66749491524723, 24.043555197149907, 23.977362146418063, 0.0, 32.45759286600761, 15.435927329192372, 59.19992492694844, 37.32514960129382, 31.45031097310421, 31.185149212851982, 58.973082693870246, 7.156787878540781, 76.89904386046574, 46.78653791924583, 34.48581668455024, 22.102374402891517, 1.9837008374650917, 31.978776220996156, 70.26686387261915, 36.424999876193176, 45.12269759198128, 60.86716853534034, 52.9457478130682, 54.736638101861146, 37.11827959617046, 37.46981307582647, 29.30530086997114, 32.27041413863494, 26.374423276870644, 46.00191180008497, 29.89036652504765, 36.55580239569873, 63.93932926969162, 20.157812541500952, 25.139175037581744, 34.430085564082766], [45.567826857372104, 44.24258908672515, 32.964244844016505, 55.617157645463166, 43.883273640678055, 65.48393986940164, 56.176875409433364, 53.58287104239711, 32.45759286600761, 0.0, 46.732003447530865, 63.88617866149177, 35.10696050506754, 7.505653089628419, 63.50812397408882, 54.34497174063129, 27.39331953239384, 44.757110315363974, 66.00099841333184, 50.47961925894505, 39.67264458089297, 30.983470049017413, 58.94957505493571, 42.487095377658505, 20.851618061361698, 19.737872511147216, 57.57027040052734, 64.51764597342998, 23.169382466260394, 39.48472089632832, 68.94679135402367, 27.417198902875242, 36.76972717072244, 35.673925216782465, 65.2484611339423, 21.246252202757127, 68.60566037647557, 61.24375977533854, 39.095347386548504, 23.415700308255033, 24.0643026235769], [67.41493759901783, 41.423835155563374, 78.93000110891828, 43.102541000774856, 62.86326833163499, 75.54359832781446, 15.610395050362728, 9.168165270465611, 15.435927329192372, 46.732003447530865, 0.0, 69.06883619711228, 50.986142708617834, 44.3415927240262, 17.435554831845717, 71.69044422116815, 19.350401836275864, 91.47720759713008, 50.671559219716954, 28.600172505893106, 31.99842171343875, 17.36932887638182, 31.634419728134613, 85.67679329222666, 45.80126778720899, 56.31654057836222, 61.30265346901087, 60.44321476569971, 69.55212653152277, 49.716618235775286, 22.276909904239936, 43.75938355909712, 44.92594447064881, 38.622954321992346, 49.9615350950496, 45.08471344456876, 21.965989366559455, 63.78547075789999, 18.23666277446207, 33.1401974318578, 49.5036816960261], [25.11784363603565, 98.19119431077313, 85.52774126525088, 28.677824165845916, 106.66616828972066, 8.40627805257293, 61.805604467316, 77.82583603284951, 59.19992492694844, 63.88617866149177, 69.06883619711228, 0.0, 28.77930149372304, 69.99067776002114, 73.5302828454087, 17.689592523130994, 63.39974944447054, 85.65563851950442, 28.83890481125332, 93.6840394202034, 37.473981571663266, 57.742376618002595, 45.474270275082624, 64.91971881775979, 82.60465841907964, 83.57920067248875, 116.357801968, 13.467466210667101, 68.83500942558274, 24.898734215688524, 82.9482880279634, 37.05238771674773, 28.862256866786947, 33.410251725035835, 28.87188196916808, 42.68858484253723, 79.33199016265993, 119.81556525532069, 79.318874118201, 77.44458591595591, 40.07041076353207], [16.439591387441173, 71.92461842555629, 59.12701542488109, 28.941238145622144, 78.17122803798507, 30.97319874128696, 50.154750821522335, 60.14038443987537, 37.32514960129382, 35.10696050506754, 50.986142708617834, 28.77930149372304, 0.0, 41.32122451700269, 61.51265635759504, 22.150345130319174, 39.233224343084196, 62.604721173557905, 37.57585193157489, 70.46587190686722, 21.738892225466216, 35.456712535313336, 41.177565080424706, 45.9856931814531, 54.1873719676824, 54.80581256611273, 89.02809967773237, 31.077694624832976, 42.81216540257875, 5.74795368250562, 70.13499386630276, 9.118352750245034, 7.565539244532224, 13.330145693439448, 36.9930631449512, 13.947151453122993, 67.63978085596064, 92.58292690222844, 56.0310019374437, 50.34519139945427, 11.514037817328289], [52.71512780252672, 36.96495421396852, 34.66943162763027, 59.27852774864833, 36.96241115748381, 72.07125344546725, 55.492007208435325, 50.25525673488361, 31.45031097310421, 7.505653089628419, 44.3415927240262, 69.99067776002114, 41.32122451700269, 0.0, 61.60405688665471, 61.3255378534009, 25.278421257289583, 48.39226841003567, 69.72085101393894, 44.37873178192906, 42.76774819909097, 30.33220582733136, 60.614805014750644, 48.853549674278725, 13.445686046900304, 15.01420969178697, 50.0869705758521, 69.624636927032, 28.16890836170532, 45.25321700693642, 66.16615685176902, 33.03803284487678, 42.059686826163414, 40.04961471138363, 68.94736704128678, 27.380145350262108, 66.29253211813418, 53.75860600933607, 34.16699373089857, 16.93651240373409, 30.74311851336358], [77.40675864540214, 55.71034355836687, 96.06185160998344, 45.099218661815996, 78.93349441858001, 81.03512508509007, 11.846975559928564, 15.706007041635608, 31.185149212851982, 63.50812397408882, 17.435554831845717, 73.5302828454087, 61.51265635759504, 61.60405688665471, 0.0, 79.9279065477945, 36.38434265110942, 108.07787145860267, 49.526115557134396, 39.928852692260655, 40.1182232843504, 32.86009252578335, 29.217706518785842, 100.61616213101877, 63.128033754236945, 73.75057861952871, 74.79574739861167, 62.54019689527724, 85.91743655078359, 58.83250484855762, 9.431047891242855, 55.90088693194679, 54.45920787711079, 48.239806547338695, 48.98180905385798, 58.69266060525675, 6.1334535681236035, 76.80030151045288, 33.919929815691646, 50.41745904827545, 62.65652188819002], [9.378244669278942, 93.84433213618735, 70.95716927819055, 38.66896353220281, 98.21067517315826, 13.428280396605096, 68.12969702485995, 80.83845438811082, 58.973082693870246, 54.34497174063129, 71.69044422116815, 17.689592523130994, 22.150345130319174, 61.3255378534009, 79.9279065477945, 0.0, 61.32800791106866, 69.26351008961805, 42.70014058649908, 92.55837680015117, 40.19557567087914, 57.17899056124843, 54.85552361186016, 47.74829086263908, 74.64809592197443, 73.29448841303632, 110.40671653028552, 29.035257557574514, 54.38753582164413, 22.00275982652938, 89.04961554877848, 31.180688186863925, 26.840786931073843, 33.080927844878644, 42.48244064072221, 34.70954194533594, 86.01465087730703, 114.00901264734975, 78.09444334511358, 72.0814660086142, 30.698972888604334], [55.13994776221393, 35.34711479777363, 59.68273237425654, 43.39207475005597, 50.382793243679295, 68.24267627419918, 30.553555586528415, 26.484985717553613, 7.156787878540781, 27.39331953239384, 19.350401836275864, 63.39974944447054, 39.233224343084196, 25.278421257289583, 36.38434265110942, 61.32800791106866, 0.0, 72.14889169072066, 53.20203058772354, 31.234107392702477, 27.380156702680953, 7.12533826876079, 39.08771514599217, 67.40371379772172, 29.31166906201105, 38.35691199900078, 54.668802892698395, 58.259072198982906, 50.32747422729, 40.03305693666118, 41.5559632497736, 30.492906581454534, 35.31315860933588, 30.02050640892011, 52.411213971138324, 29.486758235552305, 41.279628577121606, 57.86044369261472, 16.81462550270745, 18.0288198047545, 34.219723120252475], [60.62998206562635, 79.91093156529598, 16.835638195436246, 90.82169153477545, 64.85896405952583, 82.68103331861474, 99.99052986481004, 98.24220086117877, 76.89904386046574, 44.757110315363974, 91.47720759713008, 85.65563851950442, 62.604721173557905, 48.39226841003567, 108.07787145860267, 69.26351008961805, 72.14889169072066, 0.0, 100.08010819383821, 91.53984725219053, 78.20936426122, 75.27720560623355, 99.22870295043236, 23.11608356102251, 54.72355350516093, 43.29203171458389, 84.50254819219914, 92.61133415562757, 22.352155430086324, 68.35201659910918, 113.70378081283076, 60.492287124961194, 68.64825596300035, 71.22738923021019, 99.46476893029431, 54.52532134432482, 113.30050654464539, 87.79256163903993, 82.5215455097581, 64.50217675936422, 53.03257811677281], [45.8223346977256, 87.90053221912626, 95.18486966938512, 10.442329833363846, 102.79489615649244, 37.243189871301425, 38.8737939676932, 57.99909374126086, 46.78653791924583, 66.00099841333184, 50.671559219716954, 28.83890481125332, 37.57585193157489, 69.72085101393894, 49.526115557134396, 42.70014058649908, 53.20203058772354, 100.08010819383821, 0.0, 78.6824475318619, 27.147218080460267, 46.168667596320034, 20.379964451210366, 83.11432852100602, 79.66388550838042, 84.70724249137135, 107.6536834902833, 15.481235994957668, 79.52783618545045, 31.867650162639944, 58.783220318696934, 40.49455957175151, 31.563498465246486, 30.51393509817897, 0.7940023004163911, 47.06363007819771, 54.6685719304136, 110.71051795280228, 65.66191406550543, 70.65180221501139, 47.37563424584272], [86.26985298492133, 17.669522552775902, 75.96109336258868, 70.2759359944929, 43.13470374516004, 99.06072630868562, 43.58666922241054, 24.44575974621754, 34.48581668455024, 50.47961925894505, 28.600172505893106, 93.6840394202034, 70.46587190686722, 44.37873178192906, 39.928852692260655, 92.55837680015117, 31.234107392702477, 91.53984725219053, 78.6824475318619, 0.0, 56.41781666641629, 35.9990062328151, 60.19550159480827, 92.95875409493044, 37.195715604635694, 49.20575358366745, 35.10286889517571, 86.89914664143868, 72.50788866152965, 71.11715220234167, 37.626814090451546, 61.66714929606079, 66.33228987556114, 60.7028505547408, 77.94243266547004, 60.00594976788797, 40.61760510992654, 36.91862856112783, 14.499678896465685, 27.46132397734092, 64.73594338558856], [37.300202948782484, 62.72149981001974, 70.74146875675514, 16.777364326547637, 75.83786259052181, 43.5952711549407, 28.547386636562322, 41.020064500061395, 22.102374402891517, 39.67264458089297, 31.99842171343875, 37.473981571663266, 21.738892225466216, 42.76774819909097, 40.1182232843504, 40.19557567087914, 27.380156702680953, 78.20936426122, 27.147218080460267, 56.41781666641629, 0.0, 20.895514850467176, 21.11387599510754, 65.23286663142618, 52.53273023822607, 57.781623191773406, 81.97002327120825, 30.927988119272655, 56.336316975762486, 18.717316988874465, 49.03098639073373, 18.40443187378314, 14.41090415125094, 8.473592851077958, 26.360433226184902, 23.726909982296664, 46.24928786391517, 85.20651458143585, 42.230775888463874, 43.98356100025426, 26.078526867195485], [51.78382887583587, 42.008558945130154, 63.88448882622654, 36.47956106122496, 57.47847441701062, 63.0763972083594, 25.28075797466318, 25.957044891790048, 1.9837008374650917, 30.983470049017413, 17.36932887638182, 57.742376618002595, 35.456712535313336, 30.33220582733136, 32.86009252578335, 57.17899056124843, 7.12533826876079, 75.27720560623355, 46.168667596320034, 35.9990062328151, 20.895514850467176, 0.0, 32.09376310544281, 68.37653645473053, 35.978027790146776, 44.277364704963816, 61.55392944451737, 51.81285689960349, 53.06784763288701, 35.378366755439906, 39.32155454104959, 27.364931505211082, 30.540260173643826, 24.734846535380168, 45.37972364708468, 27.907162272162594, 38.31344146282457, 64.68432826642795, 21.578899292473537, 25.101260292476034, 32.44686647773288], [54.700899794157664, 71.42827537001753, 91.07760163507278, 16.853990494672562, 89.40602486853903, 53.445490618700475, 18.555916038029334, 38.14041344084232, 31.978776220996156, 58.94957505493571, 31.634419728134613, 45.474270275082624, 41.177565080424706, 60.614805014750644, 29.217706518785842, 54.85552361186016, 39.08771514599217, 99.22870295043236, 20.379964451210366, 60.19550159480827, 21.11387599510754, 32.09376310544281, 0.0, 86.13771990442784, 67.96616817511364, 75.35331752033503, 91.45194229347668, 33.62851971952904, 77.21250134254765, 36.66684691212523, 38.55189196405244, 39.430601261266176, 33.63657961898465, 28.940159308996122, 19.803779969728488, 44.82296713841335, 34.55583668965552, 94.23951443353207, 48.31831150619612, 57.11095565253166, 47.12262675675697], [39.88840702114509, 85.18667452352004, 32.23044390926748, 74.91906620663816, 76.48920879620503, 60.98597347245377, 90.85589193659982, 93.74108938827094, 70.26686387261915, 42.487095377658505, 85.67679329222666, 64.91971881775979, 45.9856931814531, 48.853549674278725, 100.61616213101877, 47.74829086263908, 67.40371379772172, 23.11608356102251, 83.11432852100602, 92.95875409493044, 65.23286663142618, 68.37653645473053, 86.13771990442784, 0.0, 59.62745590294719, 50.860761324250774, 94.53922179021681, 73.5057767684923, 22.248641632370685, 51.47940694250228, 107.67254394785472, 46.83875767697147, 53.08481094550478, 57.1993533890562, 82.59483579121581, 42.38290770381703, 106.38557122326154, 98.11558951610925, 81.26653517902905, 65.70540493603568, 39.21435945397591], [66.1229079661686, 25.747752764503595, 38.80683030206101, 69.30862780666259, 24.073320401349594, 85.10324155867957, 59.383823328808866, 49.51135751008642, 36.424999876193176, 20.851618061361698, 45.80126778720899, 82.60465841907964, 54.1873719676824, 13.445686046900304, 63.128033754236945, 74.64809592197443, 29.31166906201105, 54.72355350516093, 79.66388550838042, 37.195715604635694, 52.53273023822607, 35.978027790146776, 67.96616817511364, 59.62745590294719, 0.0, 12.056611441158738, 36.775021900444024, 81.21524422718254, 37.68857295444289, 57.72220905163525, 65.87184711939376, 45.55623109175488, 54.14399642590018, 51.296556528462105, 78.87430168854583, 40.34662392989059, 66.89708344325682, 40.45186349591157, 31.031912415889572, 12.735233726780516, 43.98071061724299], [64.22554611838873, 36.619101900462326, 26.993134185729982, 74.26590699677642, 26.44608448637645, 84.90420204474896, 68.90840904929232, 60.81295195357789, 45.12269759198128, 19.737872511147216, 56.31654057836222, 83.57920067248875, 54.80581256611273, 15.01420969178697, 73.75057861952871, 73.29448841303632, 38.35691199900078, 43.29203171458389, 84.70724249137135, 49.20575358366745, 57.781623191773406, 44.277364704963816, 75.35331752033503, 50.860761324250774, 12.056611441158738, 0.0, 43.67919132238605, 84.12235882977201, 28.618490608007107, 59.219555566047624, 77.13535816077405, 47.11880104047449, 56.4037639767892, 54.84135713189258, 83.93591198884609, 40.98168839328921, 77.87694531874472, 47.263102897120625, 42.73044475539565, 24.080267564149647, 43.60485712736306], [102.26313861123418, 20.03250217672886, 67.68474367896775, 98.02762192917747, 19.988400985895282, 119.90114907499556, 76.89976326145995, 59.12230393941656, 60.86716853534034, 57.57027040052734, 61.30265346901087, 116.357801968, 89.02809967773237, 50.0869705758521, 74.79574739861167, 110.40671653028552, 54.668802892698395, 84.50254819219914, 107.6536834902833, 35.10286889517571, 81.97002327120825, 61.55392944451737, 91.45194229347668, 94.53922179021681, 36.775021900444024, 43.67919132238605, 0.0, 112.66467109888353, 72.29736362717868, 91.68212251158205, 72.67513020150574, 79.99595094744522, 87.49938100868133, 83.3331131885672, 106.8690580332918, 75.70527777221399, 75.71994339590121, 3.6770987013911065, 43.32610156008799, 38.91451473429592, 79.78371218946621], [34.13479229510799, 93.60328033002835, 90.17919883100073, 17.639132767052576, 105.13623243809816, 21.8615392065317, 51.133511623498805, 68.70614424336725, 52.9457478130682, 64.51764597342998, 60.44321476569971, 13.467466210667101, 31.077694624832976, 69.624636927032, 62.54019689527724, 29.035257557574514, 58.259072198982906, 92.61133415562757, 15.481235994957668, 86.89914664143868, 30.927988119272655, 51.81285689960349, 33.62851971952904, 73.5057767684923, 81.21524422718254, 84.12235882977201, 112.66467109888353, 0.0, 73.75879631339582, 25.65486992629971, 71.95699272039224, 37.168036820710334, 27.74926020004649, 29.935833464803547, 15.587637152855837, 43.647627015835, 68.09424171079831, 115.96202765194728, 72.95741076390121, 74.17530427331799, 42.39895691263092], [45.06726181813453, 63.40221093044298, 16.697158863530188, 69.84157843739524, 54.475613435182204, 67.5342783008132, 77.65450355555328, 76.68579544853546, 54.736638101861146, 23.169382466260394, 69.55212653152277, 68.83500942558274, 42.81216540257875, 28.16890836170532, 85.91743655078359, 54.38753582164413, 50.32747422729, 22.352155430086324, 79.52783618545045, 72.50788866152965, 56.336316975762486, 53.06784763288701, 77.21250134254765, 22.248641632370685, 37.68857295444289, 28.618490608007107, 72.29736362717868, 73.75879631339582, 0.0, 48.473436901575326, 91.82550823091371, 39.21007439591411, 47.97807679262049, 49.799522456833664, 78.8662268100269, 32.90066939878472, 91.2434912844922, 75.88030227925933, 62.035947680422744, 45.04681054234627, 32.16206387364821], [18.64285882978532, 73.94014092235, 64.70432762867395, 23.4841011116782, 81.79120682492642, 28.42214767743777, 47.211563952665436, 58.87450538828484, 37.11827959617046, 39.48472089632832, 49.716618235775286, 24.898734215688524, 5.74795368250562, 45.25321700693642, 58.83250484855762, 22.00275982652938, 40.03305693666118, 68.35201659910918, 31.867650162639944, 71.11715220234167, 18.717316988874465, 35.378366755439906, 36.66684691212523, 51.47940694250228, 57.72220905163525, 59.219555566047624, 91.68212251158205, 25.65486992629971, 48.473436901575326, 0.0, 67.73287694997035, 12.217558069103575, 4.855558928366381, 11.093746540169034, 31.296306981122243, 18.281548997045842, 64.96217577951987, 95.17927677194835, 56.6175923115813, 52.78963932406504, 16.747141635690117], [86.21602948469322, 54.677370934696555, 100.83471027833299, 54.529926910120444, 79.18056193080582, 90.41969227347374, 21.18566153317813, 16.360490247481078, 37.46981307582647, 68.94679135402367, 22.276909904239936, 82.9482880279634, 70.13499386630276, 66.16615685176902, 9.431047891242855, 89.04961554877848, 41.5559632497736, 113.70378081283076, 58.783220318696934, 37.626814090451546, 49.03098639073373, 39.32155454104959, 38.55189196405244, 107.67254394785472, 65.87184711939376, 77.13535816077405, 72.67513020150574, 71.95699272039224, 91.82550823091371, 67.73287694997035, 0.0, 64.04420295772958, 63.25277406616132, 56.96630734747847, 58.25806952200366, 66.31790183209571, 4.470575307472608, 74.28770990500318, 35.18333753431439, 53.19281403225581, 70.48648858839199], [24.653871039165146, 62.80626567851573, 54.69035558927443, 30.642036532181333, 69.61400716114416, 39.91551651929019, 45.1255146148276, 52.808110161917405, 29.30530086997114, 27.417198902875242, 43.75938355909712, 37.05238771674773, 9.118352750245034, 33.03803284487678, 55.90088693194679, 31.180688186863925, 30.492906581454534, 60.492287124961194, 40.49455957175151, 61.66714929606079, 18.40443187378314, 27.364931505211082, 39.430601261266176, 46.83875767697147, 45.55623109175488, 47.11880104047449, 79.99595094744522, 37.168036820710334, 39.21007439591411, 12.217558069103575, 64.04420295772958, 0.0, 9.474216405734213, 10.748314865769126, 39.8064643766237, 6.637537426648041, 61.95435201238775, 83.53733236563772, 47.30499641152318, 41.25186546490371, 7.6923991810957], [22.964518684969782, 69.50589999608007, 63.810534328394866, 22.209023509048567, 78.20642242298226, 32.977091590056425, 42.9507399196821, 54.08950048864707, 32.27041413863494, 36.76972717072244, 44.92594447064881, 28.862256866786947, 7.565539244532224, 42.059686826163414, 54.45920787711079, 26.840786931073843, 35.31315860933588, 68.64825596300035, 31.563498465246486, 66.33228987556114, 14.41090415125094, 30.540260173643826, 33.63657961898465, 53.08481094550478, 54.14399642590018, 56.4037639767892, 87.49938100868133, 27.74926020004649, 47.97807679262049, 4.855558928366381, 63.25277406616132, 9.474216405734213, 0.0, 6.346049003611212, 30.914176582008718, 16.07146536770678, 60.592661076306854, 90.96493606487655, 51.833266381951034, 48.585006685170114, 15.816808195716902], [29.260235208709425, 64.84295191261454, 64.95376137844985, 20.32213727629547, 75.20051609134107, 38.35894830740657, 36.828779661568205, 47.78090473919965, 26.374423276870644, 35.673925216782465, 38.622954321992346, 33.410251725035835, 13.330145693439448, 40.04961471138363, 48.239806547338695, 33.080927844878644, 30.02050640892011, 71.22738923021019, 30.51393509817897, 60.7028505547408, 8.473592851077958, 24.734846535380168, 28.940159308996122, 57.1993533890562, 51.296556528462105, 54.84135713189258, 83.3331131885672, 29.935833464803547, 49.799522456833664, 11.093746540169034, 56.96630734747847, 10.748314865769126, 6.346049003611212, 0.0, 29.78547530735952, 16.91083625607516, 54.371562591858066, 86.72641087023396, 46.2315253508269, 44.54147957146146, 18.370732798322692], [45.45621443860618, 87.12057838788672, 94.49520368003878, 9.670061123412674, 102.00128585051999, 37.26927700621627, 38.26547866717789, 57.3288827404639, 46.00191180008497, 65.2484611339423, 49.9615350950496, 28.87188196916808, 36.9930631449512, 68.94736704128678, 48.98180905385798, 42.48244064072221, 52.411213971138324, 99.46476893029431, 0.7940023004163911, 77.94243266547004, 26.360433226184902, 45.37972364708468, 19.803779969728488, 82.59483579121581, 78.87430168854583, 83.93591198884609, 106.8690580332918, 15.587637152855837, 78.8662268100269, 31.296306981122243, 58.25806952200366, 39.8064643766237, 30.914176582008718, 29.78547530735952, 0.0, 46.36674324040467, 54.16235717398031, 109.92831444357851, 64.89926292835302, 69.85789016546396, 46.72066712149483], [26.94870989332619, 59.37169521619935, 48.1410757433828, 37.10505798859234, 64.2714095831376, 44.759751117973245, 48.54315366011738, 53.85448624191435, 29.89036652504765, 21.246252202757127, 45.08471344456876, 42.68858484253723, 13.947151453122993, 27.380145350262108, 58.69266060525675, 34.70954194533594, 29.486758235552305, 54.52532134432482, 47.06363007819771, 60.00594976788797, 23.726909982296664, 27.907162272162594, 44.82296713841335, 42.38290770381703, 40.34662392989059, 40.98168839328921, 75.70527777221399, 43.647627015835, 32.90066939878472, 18.281548997045842, 66.31790183209571, 6.637537426648041, 16.07146536770678, 16.91083625607516, 46.36674324040467, 0.0, 64.6164212002991, 79.30266540532088, 45.99120559235727, 37.4833633848836, 4.744788046054332], [83.53971496996895, 57.27555151949722, 100.89575599317949, 50.78565830317765, 81.33065637662799, 86.92257005471691, 17.889801372337118, 17.791298657581272, 36.55580239569873, 68.60566037647557, 21.965989366559455, 79.33199016265993, 67.63978085596064, 66.29253211813418, 6.1334535681236035, 86.01465087730703, 41.279628577121606, 113.30050654464539, 54.6685719304136, 40.61760510992654, 46.24928786391517, 38.31344146282457, 34.55583668965552, 106.38557122326154, 66.89708344325682, 77.87694531874472, 75.71994339590121, 68.09424171079831, 91.2434912844922, 64.96217577951987, 4.470575307472608, 61.95435201238775, 60.592661076306854, 54.371562591858066, 54.16235717398031, 64.6164212002991, 0.0, 77.47225874505834, 36.72952183462469, 54.164647908014175, 68.63955443571153], [105.89398798589815, 22.861521386578627, 70.99472250291618, 101.16315456294946, 23.05160925587876, 123.4312995379114, 79.34555078390203, 61.188813776565766, 63.93932926969162, 61.24375977533854, 63.78547075789999, 119.81556525532069, 92.58292690222844, 53.75860600933607, 76.80030151045288, 114.00901264734975, 57.86044369261472, 87.79256163903993, 110.71051795280228, 36.91862856112783, 85.20651458143585, 64.68432826642795, 94.23951443353207, 98.11558951610925, 40.45186349591157, 47.263102897120625, 3.6770987013911065, 115.96202765194728, 75.88030227925933, 95.17927677194835, 74.28770990500318, 83.53733236563772, 90.96493606487655, 86.72641087023396, 109.92831444357851, 79.30266540532088, 77.47225874505834, 0.0, 45.98379572974484, 42.392263676204486, 83.40249975637637], [71.94632432047132, 23.326766583298713, 68.06323770166507, 56.752887448020154, 45.04203531348609, 84.58987523715489, 33.80856504116487, 18.96146477708062, 20.157812541500952, 39.095347386548504, 18.23666277446207, 79.318874118201, 56.0310019374437, 34.16699373089857, 33.919929815691646, 78.09444334511358, 16.81462550270745, 82.5215455097581, 65.66191406550543, 14.499678896465685, 42.230775888463874, 21.578899292473537, 48.31831150619612, 81.26653517902905, 31.031912415889572, 42.73044475539565, 43.32610156008799, 72.95741076390121, 62.035947680422744, 56.6175923115813, 35.18333753431439, 47.30499641152318, 51.833266381951034, 46.2315253508269, 64.89926292835302, 45.99120559235727, 36.72952183462469, 45.98379572974484, 0.0, 18.693160158571995, 50.735721445334235], [64.40277205083294, 21.95371788795735, 49.56175932763113, 60.56111244845231, 32.384275667201045, 81.08306900359904, 47.1088565209824, 36.83725532153981, 25.139175037581744, 23.415700308255033, 33.1401974318578, 77.44458591595591, 50.34519139945427, 16.93651240373409, 50.41745904827545, 72.0814660086142, 18.0288198047545, 64.50217675936422, 70.65180221501139, 27.46132397734092, 43.98356100025426, 25.101260292476034, 57.11095565253166, 65.70540493603568, 12.735233726780516, 24.080267564149647, 38.91451473429592, 74.17530427331799, 45.04681054234627, 52.78963932406504, 53.19281403225581, 41.25186546490371, 48.585006685170114, 44.54147957146146, 69.85789016546396, 37.4833633848836, 54.164647908014175, 42.392263676204486, 18.693160158571995, 0.0, 41.86934215362271], [22.557643673520797, 63.803957974173336, 48.10743423304511, 37.83137030198437, 67.70206877554268, 41.42335311583624, 52.209069910267445, 58.353184604271995, 34.430085564082766, 24.0643026235769, 49.5036816960261, 40.07041076353207, 11.514037817328289, 30.74311851336358, 62.65652188819002, 30.698972888604334, 34.219723120252475, 53.03257811677281, 47.37563424584272, 64.73594338558856, 26.078526867195485, 32.44686647773288, 47.12262675675697, 39.21435945397591, 43.98071061724299, 43.60485712736306, 79.78371218946621, 42.39895691263092, 32.16206387364821, 16.747141635690117, 70.48648858839199, 7.6923991810957, 15.816808195716902, 18.370732798322692, 46.72066712149483, 4.744788046054332, 68.63955443571153, 83.40249975637637, 50.735721445334235, 41.86934215362271, 0.0]]",Route_1,2087.4241790228484
