instance_id,num_cities,city_coordinates,distance_matrix,best_route,total_distance
1805,71,"[[85.2228734988411, 94.89622331904287], [57.909862898164135, 93.55203930461164], [29.024010768922782, 88.62137665948408], [47.64397328767721, 81.3591511272321], [67.83607549117626, 23.12615704521377], [22.34050962700238, 18.291891472400657], [57.8775146836121, 90.06340948423068], [48.403919809283956, 53.72362001860213], [66.31169729336013, 10.295810437875808], [8.780250434259518, 52.11852685993913], [11.055073188174113, 90.99294014678988], [61.7154775513548, 36.947130627810765], [27.294333229156507, 47.495923801907566], [43.050230645888675, 11.907439290372125], [36.31564149623326, 62.133535320280586], [97.83634321053168, 92.18528881530229], [87.92255886888249, 62.87531890640668], [35.9279098130485, 7.012780576978428], [76.87700802015888, 47.947271433956814], [30.91021521416869, 20.75161575119808], [51.08089906893052, 20.798574435168383], [56.04602654895704, 66.20104366530619], [61.6163722270577, 49.73008467309262], [80.91687251505083, 46.82798038007648], [31.33619215658262, 54.46106642976724], [34.84072877486361, 44.384338221395716], [45.65984953678591, 32.004625518131355], [79.38645548404176, 24.55325394111786], [94.4541540068034, 34.72919720325331], [62.049242448928055, 14.2227940359253], [51.77196718753859, 18.734166379068363], [43.46558178537926, 68.40619005388263], [20.355591876604507, 18.823741007995654], [92.62003437479804, 42.650177889940764], [92.2545914268401, 28.122585219657882], [5.101269454211488, 76.37896063550956], [77.88523438691891, 77.87116835769476], [85.24791788253776, 27.967421157069904], [74.47647750539932, 82.32431043737738], [87.3363171702255, 93.6649770491507], [80.15696872401267, 59.17763770920428], [2.2686812272375456, 73.78560611062781], [69.38980249127953, 50.32735340068834], [60.52310097420207, 12.01457875111479], [17.169522018317394, 18.551155901306636], [76.75875257581686, 91.83030712294267], [44.318206981843055, 71.83320603376116], [63.495210067379595, 92.02950629853144], [40.4987306341421, 71.87373850173853], [36.25674303591819, 26.114106884271994], [23.84612184555698, 84.37014492482966], [98.47953507156578, 21.96150703119033], [22.16942365111493, 13.634445803674033], [49.05273557148626, 60.9272298950054], [23.704384638894147, 64.51753580912391], [51.86301944367885, 45.11837302231763], [58.151407760369565, 15.619719971156554], [25.103309535362484, 27.34682359560364], [2.3267922691792786, 64.19052809063115], [37.08804786059036, 37.047716936341835], [0.19690447322132654, 85.71766864587684], [55.51244839759566, 81.92504022179725], [79.44901435494995, 4.318165793565532], [23.818400681641783, 95.42517135121501], [32.39160465438216, 76.81126413586173], [51.35511565277777, 9.236695335323697], [31.4802267960114, 78.57363889217777], [63.66281448477537, 86.43610003489894], [93.78190386399358, 36.406722435904136], [79.54777341503572, 19.920584477243043], [83.17851589477442, 1.6661804029593386]]","[[0.0, 27.346066970175883, 56.548084607148084, 39.94278488797332, 73.8460774713807, 99.10809928447227, 27.76913283297796, 55.2342159655518, 86.68830627679081, 87.59797905968446, 74.27043976203296, 62.53554995335778, 74.8498775689754, 93.08958094094116, 58.866892792648315, 12.901503170224274, 32.13450825048361, 100.76454214147618, 47.68498247558014, 91.90912730157599, 81.58514563381384, 40.92311978939512, 50.96319242826054, 48.26072547850784, 67.37044113513316, 71.34291165284552, 74.30064561613023, 70.58468046359047, 60.87107335536962, 83.93580504370983, 83.18426564185957, 49.45091782396405, 99.97393055203514, 52.767103881154874, 67.14286113986044, 82.23357253564619, 18.53897095778874, 66.92880684770701, 16.53898486461755, 2.445937760704094, 36.0760412068037, 85.59822529909367, 47.297677568033876, 86.48378905351727, 102.2733003610932, 9.002287771510431, 46.95843384492315, 21.915962782103808, 50.30192602818519, 84.43140099369646, 62.27281886882941, 74.12969658674788, 102.85530624453472, 49.62027198561264, 68.61041558274314, 59.92256872618959, 83.77128529691227, 90.42833280645932, 88.4002262592964, 75.25563852585535, 85.51994664774968, 32.41852789129984, 90.7618970411162, 61.4067509967667, 55.84092331232378, 92.1117785948852, 56.16670576949756, 23.160523108792496, 59.11242436535901, 75.1901135834839, 93.25245466017549], [27.346066970175883, 0.0, 29.30364972750755, 15.939103224484908, 71.12196980157569, 83.24222933016004, 3.4887797910782536, 40.94711145894424, 83.67909216951743, 64.26861422464532, 46.9246236774143, 56.732692419781614, 55.30349385086176, 82.98583844342373, 38.12391363132903, 39.94986654588349, 42.916466464754734, 89.28745467625598, 49.391775090748865, 77.64587976587227, 73.07326048213734, 27.414427741573075, 43.978425609974785, 52.081284295752056, 47.268003310736596, 54.310659902152736, 62.75465696789497, 72.26393575454672, 69.25035715080685, 79.43716773629757, 75.06922054249169, 28.99915501192307, 83.6339753824292, 61.610027588175036, 73.89569567683574, 55.53073178433585, 25.394983358285927, 71.05428479611554, 20.01286124123144, 29.426670996901095, 40.945490626793664, 59.047887167529396, 44.723176145645155, 81.57932634408739, 85.35167184233865, 18.927361247297995, 25.621101248671334, 5.789145857142205, 27.804608474407942, 70.82889473159304, 35.27953569564863, 82.28670981057061, 87.54542105988823, 33.805722792067556, 44.866659516559515, 48.80967471011947, 77.93269365684773, 73.88775629712023, 62.86156282908834, 60.21865514735686, 58.24227788967068, 11.871592309345141, 91.79661882261098, 34.142882416758304, 30.519420981515694, 84.56974600949349, 30.37890951642956, 9.150576137497135, 67.47140552174034, 76.74496929135462, 95.29698783465014], [56.548084607148084, 29.30364972750755, 0.0, 19.986068244682656, 76.13146629565131, 70.64634225629972, 28.889516209563606, 39.91784429273321, 86.74829041704656, 41.74048245978267, 18.124762926867866, 61.147033479382806, 41.161810663919056, 77.98565913492702, 27.473143567387336, 68.90456128522182, 64.27984488242069, 81.90010242099235, 62.8036000705698, 67.89596610224478, 71.31927385383042, 35.112115692254186, 50.742434094044754, 66.63000129649078, 34.2384721878757, 44.61781906518453, 59.010233360936674, 81.49294562315839, 84.7671554947561, 81.399109478621, 73.49620182024572, 24.843766681456422, 70.33385691564646, 78.47168492384948, 87.51119983188995, 26.873300915865602, 50.02985260801478, 82.70447417890549, 45.88659690406452, 58.53001779198479, 59.004348590669274, 30.593263092754356, 55.64017755828853, 82.82991108008058, 71.06591827759598, 47.842479138211, 22.71024241961523, 34.63926859375761, 20.301541317053584, 62.92432908499843, 6.699515278320301, 96.2684168095443, 75.29956947904586, 34.177705924027535, 24.683872587233456, 49.13381363888723, 78.59800973776485, 61.399859538447984, 36.18850421635675, 52.2002976184452, 28.97298012997554, 27.32175414746985, 98.23294940575887, 8.566796284961354, 12.28085690813165, 82.46578608290974, 10.343598571690643, 34.707667118250995, 83.18626589648458, 85.27865757848343, 102.43981931571642], [39.94278488797332, 15.939103224484908, 19.986068244682656, 0.0, 61.63442699622454, 67.9539882096483, 13.434637436406408, 27.645977978211526, 73.4743649818348, 48.635409544572184, 37.835928710218944, 46.58792544301277, 39.50729066131917, 69.6034679346455, 22.31491439225218, 51.346657687854616, 44.31722588328495, 75.26386222708183, 44.395090092355716, 62.87520976998746, 60.65802426803213, 17.330975761124265, 34.57782203785502, 47.95297254773863, 31.45553505842299, 39.12876000433052, 49.394391839137285, 65.07299847944539, 66.072275743383, 68.66441744527907, 62.76088788684425, 13.610222485844325, 68.23000277603158, 59.33995854395047, 69.45674337592932, 42.83321079251266, 30.441745953100302, 65.30492690678136, 26.849856891388352, 41.5561730012646, 39.358790755780575, 46.002996790304124, 37.89265836403365, 70.5304306522538, 69.8107186932527, 30.9405152006813, 10.089814242335923, 19.108066017466662, 11.875501894815656, 56.40641742047792, 23.98757630337828, 78.18142020994244, 72.35736583339977, 20.480430083672537, 29.270188096356318, 36.48553614949519, 66.5738611462661, 58.52702835253832, 48.460380853189896, 45.5514079000399, 47.64683634874456, 7.888797818600367, 83.3479097426752, 27.667866469009898, 15.915967611559111, 72.21787318323508, 16.402005336497005, 16.80412697848087, 64.4160654116185, 69.22824520794664, 87.25636539047109], [73.8460774713807, 71.12196980157569, 76.13146629565131, 61.63442699622454, 0.0, 45.751684525598286, 67.67398833704593, 36.246564179976716, 12.92058524039859, 65.78866148985671, 88.48718817484207, 15.115588970059708, 47.30241428738809, 27.206575175083472, 50.15090546663851, 75.29395556132941, 44.53608293451707, 35.74593596690302, 26.41639983973371, 37.00212971646459, 16.916074537172186, 44.65927799901988, 27.32130439644313, 27.07182447078232, 48.10528068286395, 39.2505181093073, 23.887490450124048, 11.638207917453904, 29.03709084555768, 10.618724477733748, 16.65368300414383, 51.421808143339646, 47.67501555354679, 31.550467633466052, 24.924450144439447, 82.28922759828416, 55.659696892056054, 18.072357169510557, 59.56942423720938, 73.18459232030429, 38.09873578113893, 82.85808934662964, 27.24553451044653, 13.302133981876947, 50.87268693793182, 69.2811258876461, 54.08758416120137, 69.03994967373735, 55.88968707814464, 31.72037330424161, 75.40518598307592, 30.665583717094492, 46.6426379246945, 42.21060254407503, 60.50497808824388, 27.180803576790655, 12.253137826814367, 42.94069529437008, 77.31590235918823, 33.7527929655242, 92.15614347645031, 60.07645501821113, 22.104318220108535, 84.64456961469706, 64.33040677809124, 21.553171084214185, 66.30362718219209, 63.44734028140764, 29.147202731104315, 12.142469425461217, 26.380316052391546], [99.10809928447227, 83.24222933016004, 70.64634225629972, 67.9539882096483, 45.751684525598286, 0.0, 80.08763653720807, 43.98532412182008, 44.69231093488834, 36.44340668784736, 73.57175785565235, 43.57070170411911, 29.621206467396696, 21.67149681827976, 46.01515017955217, 105.64021516140477, 79.3012432722695, 17.6588727388528, 62.077944695769595, 8.915721921326112, 28.84949643840468, 58.577715343116246, 50.30858152147065, 65.15749119893367, 37.271054737820194, 28.932183742222072, 27.052369375656635, 57.38854065655381, 73.96325253411946, 39.916675917097706, 29.434780468532665, 54.3848471176536, 2.0549361071228387, 74.38103061920386, 70.60185106260856, 60.59124528919144, 81.45493651602354, 63.6471357415832, 82.5730575013639, 99.52666490722868, 70.812337822279, 59.01212298891299, 56.920179022797264, 38.69515392123497, 5.177483065473957, 91.4835708858595, 57.87651981572082, 84.44492411379152, 56.57504150435503, 15.963978396413033, 66.09540413278451, 76.22740500631767, 4.660586933883516, 50.31217643194532, 46.2457603396603, 39.89033339323945, 35.910457051539495, 9.467040672218955, 50.07228500768862, 23.859397997119785, 70.96882890856956, 71.76040092950167, 58.7932506467311, 77.14743694273253, 59.37627041314109, 30.394801198755932, 60.970677394230115, 79.69420329840806, 73.70223817063837, 57.23044356824131, 63.068829664121836], [27.76913283297796, 3.4887797910782536, 28.889516209563606, 13.434637436406408, 67.67398833704593, 80.08763653720807, 0.0, 37.55435125586785, 80.2122515200428, 62.05123265610456, 46.83166722257869, 53.254756017910104, 52.41490079348562, 79.55000960954457, 35.28444765279305, 40.01512650410331, 40.520327606805104, 85.90222416133352, 46.203353031086515, 74.37311336205511, 69.59749534421151, 23.932547947587153, 40.50624823469763, 48.990961810372944, 44.40685344011106, 51.15927146119917, 59.330377862121885, 68.95081590263615, 66.33042735378004, 75.95526488746941, 71.59007355899388, 26.014206951537293, 80.51698613174062, 58.77973464304015, 70.84101295142861, 54.521520529118554, 23.4298867136332, 67.8605241476858, 18.314453877090628, 29.67814571144875, 38.08286977733347, 57.94229233511977, 41.370121146075824, 78.093655988355, 82.28695570590834, 18.96373042435783, 22.719928327280524, 5.95180964984653, 25.157230878803606, 67.50534104545216, 34.50433247928962, 79.28677807369415, 84.35907926518017, 30.443286409870407, 42.666081128663755, 45.34567736349158, 74.444193364805, 70.76382316286397, 61.28041083717241, 56.94616393680788, 57.844085762307394, 8.47505709650223, 88.41705951705293, 34.4785692411599, 28.725441099351286, 81.08945313187496, 28.789436188971717, 6.828401542861334, 64.56132919494725, 73.414004205245, 91.94678227939245], [55.2342159655518, 40.94711145894424, 39.91784429273321, 27.645977978211526, 36.246564179976716, 43.98532412182008, 37.55435125586785, 0.0, 46.975133202568045, 39.656165961792574, 52.763041674495305, 21.41607260446746, 22.009062809473026, 42.15750180399986, 14.725934535885223, 62.632774566893346, 40.564472456274714, 48.34825071052019, 29.053105776071494, 37.32536357319066, 33.03369256725273, 14.631742762907166, 13.802797667421236, 33.23615410470711, 17.08365167158726, 16.467614749070727, 21.89165694441349, 42.55382208371048, 49.813774879390884, 41.7912680263916, 35.151182186880305, 15.490805184988272, 44.77399082920906, 45.58164003025208, 50.77690798076915, 48.87109561122763, 38.10842426569598, 44.95399841856923, 38.70113379796368, 55.776729607534364, 32.21804501130625, 50.308483628300465, 21.258925158211483, 43.43407274894985, 47.03923721157451, 47.49859096106074, 18.564755720147744, 41.17144599531293, 19.79693958284132, 30.16353956481476, 39.27206296663389, 59.29923326082038, 47.91023562776373, 7.232769673140213, 26.955067347832735, 9.274462040880561, 39.330913035197675, 35.19451418442199, 47.25100895150683, 20.152783965699854, 57.85789034501514, 29.08352248555918, 58.349779798483624, 48.409370315283034, 28.09686010046549, 44.58470617467769, 30.065508863555852, 36.09626317964726, 48.569912278684754, 45.96286358819349, 62.60391003959181], [86.68830627679081, 83.67909216951743, 86.74829041704656, 73.4743649818348, 12.92058524039859, 44.69231093488834, 80.2122515200428, 46.975133202568045, 0.0, 71.12669672227048, 97.80246035125664, 27.044742627417147, 53.90921194763862, 23.317229212529206, 59.89084307611837, 87.7478772913057, 56.84746299377571, 30.560641791629397, 39.105732391725105, 36.9132604649523, 18.500953114261794, 56.83994280473793, 39.71281986886014, 39.343494810986456, 56.3369842679039, 46.394499522465026, 29.962834778262387, 19.344870043319894, 37.26913278699349, 5.7956640240935435, 16.810996476722988, 62.44006096185705, 46.74065922603937, 41.70052389615508, 31.47741500093886, 90.07607460527265, 68.55928645229338, 25.901086379006014, 72.48978168051761, 85.9793730055366, 50.80476924829435, 90.1801644565668, 40.14970938366757, 6.038378247573146, 49.83075475530758, 82.20106516196665, 65.34955755632386, 81.78220857458099, 66.76938274679611, 33.96349183878179, 85.38344176594302, 34.21780624663458, 44.26834996261566, 53.49217135208579, 68.9592531417682, 37.701129380314825, 9.743425372054373, 44.59672937916521, 83.65828507579904, 39.61926535755167, 100.2976695900642, 72.4387350534953, 14.433341091735844, 95.14561653825697, 74.66510741494822, 14.99403411933757, 76.64915652140446, 76.1863523214766, 37.89976219453168, 16.36551210343472, 18.946241956455317], [87.59797905968446, 64.26861422464532, 41.74048245978267, 48.635409544572184, 65.78866148985671, 36.44340668784736, 62.05123265610456, 39.656165961792574, 71.12669672227048, 0.0, 38.9409145624317, 55.06641021140472, 19.082445356096883, 52.83335222407188, 29.300139170258806, 97.65415031714593, 79.86997908783965, 52.64526339082722, 68.22439274586128, 38.387738324413995, 52.63349023961642, 49.31907208472353, 52.89007867439139, 72.33036794654438, 22.677257299264532, 27.18393285081592, 42.00802134296547, 75.7963090303281, 87.42085871956671, 65.37332847980024, 54.431638172214726, 38.31918818629006, 35.249557365074025, 84.37273850844151, 86.85488368162956, 24.537798353364824, 73.74752437342718, 80.19089768578249, 72.30756262597848, 88.8659841803948, 71.72493959423734, 22.62438632965457, 60.63601325049119, 65.46487024285703, 34.59983050226583, 78.72802706194786, 40.64006558194348, 67.7245382959655, 37.36750424101976, 37.83103889612179, 35.59701320596046, 94.63301490175634, 40.746710961452344, 41.224583785505146, 19.40271127136385, 43.647762133577366, 61.397671617286534, 29.66613458195034, 13.688693728850478, 32.069622805442876, 34.678179834564794, 55.42857174125151, 85.31675516657887, 45.843335611150714, 34.164708725318306, 60.42739960713598, 34.8591720994976, 64.72860005729845, 86.44155183734121, 77.74798905768628, 89.89183036599248], [74.27043976203296, 46.9246236774143, 18.124762926867866, 37.835928710218944, 88.48718817484207, 73.57175785565235, 46.83166722257869, 52.763041674495305, 97.80246035125664, 38.9409145624317, 0.0, 74.07716312604546, 46.42955952392405, 85.31240558356329, 38.353116668485626, 86.789460892672, 81.84870786452011, 87.5861016551067, 78.64767447268244, 72.99363203539863, 80.80418129709311, 51.369485255944966, 65.26153692905675, 82.65116258337933, 41.78398717077187, 52.327040668553664, 68.38941298817421, 95.3069237231597, 100.60325765803323, 92.16322820126211, 82.94091778712269, 39.504459840490846, 72.7660150908979, 94.81490155032436, 102.69393015585196, 15.780246387768104, 68.10617696461392, 97.34882766508038, 64.0110901844974, 76.3280286962583, 76.07421005729199, 19.3207926422099, 71.10998937049065, 93.19156261049116, 72.69937131203807, 65.70901512370203, 38.386605490163845, 52.45038060201988, 35.106592476907245, 69.60163193934673, 14.403900246376157, 111.39288708707616, 78.15283381456463, 48.45378498673177, 29.341985533024495, 61.39840703511674, 88.87737085321928, 65.17807220617719, 28.18780196874194, 59.89827107287595, 12.071798426528034, 45.372734318762085, 110.40945474689545, 13.51100300329282, 25.619670362583136, 91.14920179749929, 23.904517220737976, 52.80472740328713, 99.11298440489985, 98.70425383328367, 114.80880190205053], [62.53554995335778, 56.732692419781614, 61.147033479382806, 46.58792544301277, 15.115588970059708, 43.57070170411911, 53.254756017910104, 21.41607260446746, 27.044742627417147, 55.06641021140472, 74.07716312604546, 0.0, 36.00128072554469, 31.231035594680694, 35.77019224102546, 65.99978072626182, 36.86573013780993, 39.51030198345112, 18.73166046861607, 34.80314482602743, 19.33572151758941, 29.798223146253765, 12.783338217738422, 21.59455395183472, 35.06620778430527, 27.884837790268616, 16.79915318405712, 21.5840598688583, 32.81371915419393, 22.726787554517177, 20.750553368074048, 36.36937056703199, 45.15636604444646, 31.426364417913828, 31.788521166616267, 68.99302701159519, 44.00270332875289, 25.187515362170988, 47.137369117260505, 62.23617537614758, 28.88397551873885, 69.9356480566184, 15.424837916016564, 24.96104775416846, 48.19495866259794, 56.90749674390364, 38.98337184619176, 55.11112008804573, 40.865857232268695, 27.667698974717037, 60.68797563428443, 39.700942557185826, 45.90611781440696, 27.1180787540938, 46.95711262696521, 12.800005196612062, 21.623159778177218, 37.84992393577425, 65.33925806789131, 24.62763510325362, 78.5054151771792, 45.403633358214925, 37.136608268915396, 69.68407050479372, 49.48776275025492, 29.58386930015409, 51.44838752110613, 49.52726737977751, 32.070979677549175, 24.655507489955752, 41.29657932201582], [74.8498775689754, 55.30349385086176, 41.161810663919056, 39.50729066131917, 47.30241428738809, 29.621206467396696, 52.41490079348562, 22.009062809473026, 53.90921194763862, 19.082445356096883, 46.42955952392405, 36.00128072554469, 0.0, 38.920284341643566, 17.1942918962205, 83.50637411307513, 62.54844153135886, 41.39352038665054, 49.584729041462545, 26.987638200494313, 35.756806032693035, 34.30074894021955, 34.39467743375107, 53.62669920741018, 8.052939551222408, 8.162723231686666, 24.026496035891906, 56.92060524413896, 68.36249582139638, 48.11449759997974, 37.76762177117836, 26.433851679156092, 29.499833859279843, 65.50517905946838, 67.78761976151841, 36.42474291535887, 59.00927691285808, 61.15537907433866, 58.64444776902554, 75.74048661928677, 54.13797808631161, 36.29642756545868, 42.190585750510685, 48.6114888937543, 30.664497238252437, 66.42489236542836, 29.700430703616178, 57.391144385173234, 27.724248598800383, 23.18419470768016, 37.03509612743214, 75.62631421116089, 34.24710776705028, 25.57006171007782, 17.396062951281202, 24.68345782132619, 44.36497964931825, 20.267876651253914, 30.03477840679382, 14.32067990661115, 46.85266720369796, 44.515458900404624, 67.70841565093765, 48.05512332434146, 29.755190385510595, 45.196126091680725, 31.358349449310076, 53.282302445528074, 67.40598961411531, 59.08317315555797, 72.27314336748879], [93.08958094094116, 82.98583844342373, 77.98565913492702, 69.6034679346455, 27.206575175083472, 21.67149681827976, 79.55000960954457, 42.15750180399986, 23.317229212529206, 52.83335222407188, 85.31240558356329, 31.231035594680694, 38.920284341643566, 0.0, 50.675589916845006, 97.19079819763321, 67.90618964944711, 8.642056350574785, 49.427931055893886, 15.019967774686712, 11.98098157430653, 55.827288911213195, 42.13376457141044, 51.51045288526509, 44.13649148321158, 33.498431084847624, 20.26590745634064, 38.473859484977964, 56.242296993712394, 19.13957463189256, 11.075779478009233, 56.50027747194127, 23.725131365653134, 58.32907866856809, 51.807336134664006, 74.81110024644694, 74.59685675753862, 45.15050194273281, 77.11124907436556, 92.98146288384127, 60.09477239622644, 74.10831466186015, 46.58178662570363, 17.473198801996816, 26.719843739656294, 86.7405859634519, 59.93917987236405, 82.6894358742709, 60.020556423754236, 15.747408613177825, 74.96426817278363, 56.333756019382804, 20.95210376668604, 49.38592852527849, 56.054295227384, 34.360316729362836, 15.550774196027884, 23.674175066347715, 66.2715610780176, 25.83759245134407, 85.34844768109862, 71.11800975479605, 37.181561663119474, 85.70341213954347, 65.77319201316607, 8.723759983578123, 67.66274572047728, 77.32657942058414, 56.33753226893712, 37.36684525045686, 41.414522339572535], [58.866892792648315, 38.12391363132903, 27.473143567387336, 22.31491439225218, 50.15090546663851, 46.01515017955217, 35.28444765279305, 14.725934535885223, 59.89084307611837, 29.300139170258806, 38.353116668485626, 35.77019224102546, 17.1942918962205, 50.675589916845006, 0.0, 68.46827460616508, 51.61224819358377, 55.122118422003815, 42.970624120911346, 41.73346259912839, 43.892958689997755, 20.145290230363987, 28.177518760013484, 47.154319212788344, 9.146676697142098, 17.810372404605165, 31.544657705722102, 57.16093566509776, 64.27351230930262, 54.38434837716601, 46.069547733520906, 9.511458539326824, 46.15692220277951, 59.58007950802142, 65.46686830822127, 34.31135620154815, 44.44889365009722, 59.67990473651276, 43.17310279268377, 59.977838938493235, 43.94086143648528, 35.98563959778728, 35.11817274638227, 55.658879812294366, 47.60249664547054, 50.175128194105525, 12.574763071383325, 40.40418330378753, 10.600461912189221, 36.01947659094135, 25.494229288678763, 74.01446832413737, 50.52006693642992, 12.794089973925201, 12.834611714134091, 23.04857282060513, 51.384197051957514, 36.54903145934979, 34.051036563321865, 25.09770697859983, 43.136695618197194, 27.57210658391834, 72.13255026463219, 35.56000643411222, 15.193215206793655, 54.99328562015098, 17.136459400291187, 36.585277396426285, 62.96221256998505, 60.423095328867774, 76.50117651115399], [12.901503170224274, 39.94986654588349, 68.90456128522182, 51.346657687854616, 75.29395556132941, 105.64021516140477, 40.01512650410331, 62.632774566893346, 87.7478772913057, 97.65415031714593, 86.789460892672, 65.99978072626182, 83.50637411307513, 97.19079819763321, 68.46827460616508, 0.0, 30.941193513390758, 105.29487302493867, 48.95197558275481, 97.88705867485696, 85.33542375162381, 49.20987261403731, 55.80618833785724, 48.41026664978661, 76.45513092521225, 79.07830496291918, 79.64985076554689, 70.10342715119555, 57.555552878431996, 85.78383981348442, 86.70060049117497, 59.343282988525274, 106.70137545483466, 49.809006136015434, 64.30541147491505, 94.0724928718138, 24.554852631741404, 65.44007165956289, 25.355910954484, 10.603774050615062, 37.44416261283556, 97.3227945580369, 50.6092129563982, 88.42861979236713, 109.22051808727446, 21.080579663911724, 57.25729804085395, 34.34148648134251, 60.82894781352527, 90.31859298853455, 74.40181000262527, 70.22672727553717, 109.06749127695527, 57.93881791808565, 79.12680859277643, 65.79392875057533, 86.23908878293621, 97.437778913722, 99.52778983304302, 82.03966857948191, 97.8534113232285, 43.549796478709226, 89.77040253090286, 74.08881599173091, 67.22629276947237, 95.08403480912264, 67.73781218231855, 34.65376223735033, 55.92572704718001, 74.54300287908883, 91.69820548617108], [32.13450825048361, 42.916466464754734, 64.27984488242069, 44.31722588328495, 44.53608293451707, 79.3012432722695, 40.520327606805104, 40.564472456274714, 56.84746299377571, 79.86997908783965, 81.84870786452011, 36.86573013780993, 62.54844153135886, 67.90618964944711, 51.61224819358377, 30.941193513390758, 0.0, 76.31557324063142, 18.57015872014711, 70.88592029811926, 55.92638305945844, 32.04955160240482, 29.407696929260084, 17.50990334259172, 57.20853557328235, 56.210293121667114, 52.33675869178553, 39.26124965153945, 28.89404613366625, 55.104416146438695, 57.055294455054714, 44.799702533087356, 80.65876606963037, 20.76349212595532, 35.02169334548644, 83.91492310820921, 18.04503764257427, 35.01021321963046, 23.644457608606277, 30.795238720884882, 8.601002065703941, 86.34593865335226, 22.381119214290443, 57.77149108398091, 83.49026080735466, 31.032594373800425, 44.51497776339086, 38.03501034527809, 48.26998072976425, 63.40933081985745, 67.58562959066427, 42.25387258825653, 82.14705335485532, 38.918610123784596, 64.23916856395877, 40.194520903828206, 55.851706053218486, 72.17016049501835, 85.60587033018902, 57.01940488093743, 90.65077705550713, 37.593977482504584, 59.16706125294984, 71.89461726077671, 57.25292521270248, 64.91748487089886, 58.58475996536908, 33.817829690370935, 27.109380717567735, 43.76352638074244, 61.39270787377263], [100.76454214147618, 89.28745467625598, 81.90010242099235, 75.26386222708183, 35.74593596690302, 17.6588727388528, 85.90222416133352, 48.34825071052019, 30.560641791629397, 52.64526339082722, 87.5861016551067, 39.51030198345112, 41.39352038665054, 8.642056350574785, 55.122118422003815, 105.29487302493867, 76.31557324063142, 0.0, 57.90044201640967, 14.626443553783085, 20.485633885466758, 62.51391131910357, 49.846415823365454, 60.07709131077149, 47.66994547306153, 37.38736796539431, 26.81982409243374, 46.864841807861595, 64.75740119884581, 27.098123786573517, 19.70850169869768, 61.85440344843114, 19.54471468752486, 66.96283353149612, 60.15246390359699, 75.90750089237322, 82.34882029682926, 53.586940179630545, 84.60389235162597, 100.7542927147692, 68.3913881404309, 74.77669355313226, 54.734362885758706, 25.09863369246383, 22.022970230706463, 94.13379058602317, 65.36118605853943, 89.37449130331439, 65.02181376965767, 19.104156563066795, 78.29515578461816, 64.3130643422068, 15.2690010099727, 55.488997976675066, 58.7895521499539, 41.30331578155076, 23.83197991669259, 23.035739116750324, 66.319905842303, 30.05733392036566, 86.43589618053709, 77.4299735029166, 43.60444345910291, 89.23783420623754, 69.88800870889736, 15.58667626127401, 71.69894230062306, 84.12662248577837, 64.89289980924487, 45.48960213261549, 47.552138842656234], [47.68498247558014, 49.391775090748865, 62.8036000705698, 44.395090092355716, 26.41639983973371, 62.077944695769595, 46.203353031086515, 29.053105776071494, 39.105732391725105, 68.22439274586128, 78.64767447268244, 18.73166046861607, 49.584729041462545, 49.427931055893886, 42.970624120911346, 48.95197558275481, 18.57015872014711, 57.90044201640967, 0.0, 53.40926632040548, 37.44984627145575, 27.697111577338458, 15.364420843472065, 4.192054102750236, 46.004298003204056, 42.187003518448826, 35.05251692209008, 23.52822519930569, 21.992579371328908, 36.84023625882055, 38.5184187390329, 39.17768183722548, 63.58341377548657, 16.610300383103237, 25.089604519100163, 77.20179789059915, 29.940877200060843, 21.662560998434373, 34.460750969690004, 46.89888862877454, 11.699541396783063, 78.95582287395276, 7.856401008097933, 39.47921831935587, 66.55160022921324, 43.88319502532744, 40.380854334186225, 46.06860044655716, 43.54141582355382, 46.11608181148464, 64.33428791706419, 33.79244185617329, 64.5777809329978, 30.702922645059527, 55.69471733215595, 25.173444157040734, 37.359318632296024, 55.72157845875616, 76.29926641411569, 41.25483776269409, 85.47772332903634, 40.13643207443833, 43.704851853846016, 71.19948590584153, 53.02905983808764, 46.366752009389785, 54.76168486450252, 40.69403934071023, 20.468506898827627, 28.153652863600158, 46.70811908558636], [91.90912730157599, 77.64587976587227, 67.89596610224478, 62.87520976998746, 37.00212971646459, 8.915721921326112, 74.37311336205511, 37.32536357319066, 36.9132604649523, 38.387738324413995, 72.99363203539863, 34.80314482602743, 26.987638200494313, 15.019967774686712, 41.73346259912839, 97.88705867485696, 70.88592029811926, 14.626443553783085, 53.40926632040548, 0.0, 20.170738516146347, 51.93707258960389, 42.22108169572874, 56.3971858044893, 33.712142047137185, 23.95734768717503, 18.552141155824135, 48.625079163221116, 65.06308431461689, 31.81610488599921, 20.959074344243106, 49.280784101996126, 10.72924856750613, 65.48014053575291, 61.785626838502914, 61.322941711227024, 73.95468691196382, 54.81472228271792, 75.4268913647232, 92.19687216885991, 62.46440502219248, 60.27388823170957, 48.53249318269427, 30.874889774339476, 13.915770659704707, 84.582910480322, 52.81195990528723, 78.37295177841278, 52.013566138848745, 7.572428335813935, 64.00952014612105, 67.58015110149309, 11.271891820395158, 44.08209406037527, 44.35515474887125, 32.13656585557698, 27.72037022906437, 8.787315862848018, 51.9995305025449, 17.427809100504774, 71.86024968913058, 65.93525414428775, 51.24522709032639, 75.0095576530923, 56.07921800173125, 23.464597719299565, 57.824832670051244, 73.3974402455337, 64.7914469586075, 48.6446572679983, 55.64376962850388], [81.58514563381384, 73.07326048213734, 71.31927385383042, 60.65802426803213, 16.916074537172186, 28.84949643840468, 69.59749534421151, 33.03369256725273, 18.500953114261794, 52.63349023961642, 80.80418129709311, 19.33572151758941, 35.756806032693035, 11.98098157430653, 43.892958689997755, 85.33542375162381, 55.92638305945844, 20.485633885466758, 37.44984627145575, 20.170738516146347, 0.0, 45.67315079000489, 30.790071115746603, 39.59438451753497, 39.02584807971444, 28.636190119497495, 12.448427969183133, 28.553496146031613, 45.555477108821954, 12.788488744202938, 2.1770061475905775, 48.212841880855756, 30.78870684403422, 46.93604516258043, 41.820020042499976, 72.13394256302523, 63.05357538541929, 34.91099451364153, 65.82377443591699, 81.38776303353397, 48.149458194040356, 72.04344617243841, 34.74427624405834, 12.896269111544854, 33.985767367167036, 75.53051839719184, 51.48075005930702, 72.30463865955824, 52.15989525688573, 15.748348716883598, 69.15979803996508, 47.4129002185397, 29.785871648879983, 40.1798760100958, 51.58314769336402, 24.332371762738273, 8.764281300547715, 26.79019830164914, 65.26733158234201, 21.44375239929309, 82.48436033064088, 61.286894594328245, 32.80783189842187, 79.45044232467822, 59.04837959859549, 11.565130481506996, 61.0093798244333, 66.8325471786521, 45.46416274958629, 28.480410836277628, 37.36717151862589], [40.92311978939512, 27.414427741573075, 35.112115692254186, 17.330975761124265, 44.65927799901988, 58.577715343116246, 23.932547947587153, 14.631742762907166, 56.83994280473793, 49.31907208472353, 51.369485255944966, 29.798223146253765, 34.30074894021955, 55.827288911213195, 20.145290230363987, 49.20987261403731, 32.04955160240482, 62.51391131910357, 27.697111577338458, 51.93707258960389, 45.67315079000489, 0.0, 17.387387414350545, 31.525776122447468, 27.3569548961419, 30.424222095467364, 35.73888200580119, 47.74216178373102, 49.655426436082514, 52.32377122948898, 47.65891336079421, 12.77224573223062, 59.316236682580154, 43.500589963975855, 52.545496173438416, 51.95149920161093, 24.761720645496197, 48.10987785850811, 24.487573458005162, 41.63351923721667, 25.113059626279796, 54.30956138046457, 20.737174325735122, 54.37110607028404, 61.49710894377555, 32.95263517299788, 13.010111634548794, 26.881216808155312, 16.549860330833834, 44.70546099131585, 36.97228831823725, 61.300401688240086, 62.53696054849991, 8.758951442917608, 32.38542882440441, 21.493639754204953, 50.625121596868404, 49.66993208580288, 53.756844257095864, 34.77529892487357, 59.1609929536571, 15.73304717313696, 66.16033866249644, 43.50482166433911, 25.925054553468918, 57.157166004758075, 27.505629062972353, 21.621123114672464, 48.08012078038372, 51.90580900453453, 70.00657507970733], [50.96319242826054, 43.978425609974785, 50.742434094044754, 34.57782203785502, 27.32130439644313, 50.30858152147065, 40.50624823469763, 13.802797667421236, 39.71281986886014, 52.89007867439139, 65.26153692905675, 12.783338217738422, 34.39467743375107, 42.13376457141044, 28.177518760013484, 55.80618833785724, 29.407696929260084, 49.846415823365454, 15.364420843472065, 42.22108169572874, 30.790071115746603, 17.387387414350545, 0.0, 19.517467066562848, 30.647536499405373, 27.30406723191354, 23.84958109945243, 30.81637007609193, 36.101891045996204, 35.50992910470608, 32.5216737187977, 26.04319692073343, 51.55244003801783, 31.801763262897023, 37.49112572815195, 62.48295312711822, 32.505329823281976, 32.12574471321505, 35.03949002116318, 50.90962910860174, 20.8088917733031, 64.03761815247229, 7.796341963105746, 37.73134809390019, 54.292247078512986, 44.740590216863986, 28.0673207616116, 42.34112777757422, 30.59895735690587, 34.652924835202064, 51.24963988288335, 46.15177872146508, 53.46921448220981, 16.829171908737, 40.693826484929886, 10.788687356065973, 34.285900292314, 42.82772610810313, 61.027524244503745, 27.613061178304967, 71.18607461689922, 32.76847645068262, 48.78775975162444, 59.30200333436628, 39.84315902098647, 41.77329250302567, 41.71495992363504, 36.76301796174158, 34.815706323297, 34.78708741028164, 52.67888507965779], [48.26072547850784, 52.081284295752056, 66.63000129649078, 47.95297254773863, 27.07182447078232, 65.15749119893367, 48.990961810372944, 33.23615410470711, 39.343494810986456, 72.33036794654438, 82.65116258337933, 21.59455395183472, 53.62669920741018, 51.51045288526509, 47.154319212788344, 48.41026664978661, 17.50990334259172, 60.07709131077149, 4.192054102750236, 56.3971858044893, 39.59438451753497, 31.525776122447468, 19.517467066562848, 0.0, 50.16480706083278, 46.140897357616225, 38.246431449915065, 22.32723928790223, 18.15595066491222, 37.670753122931885, 40.48071011818951, 43.222891042191115, 66.72260587969758, 12.426505186979403, 21.87317256892917, 81.37116259176679, 31.190869650487254, 19.351450802970007, 36.075866384844964, 47.27487204276412, 12.373014584914786, 83.13995175529602, 12.04653289832029, 40.3469806880233, 69.73738952639779, 45.194019224901254, 44.32520308812246, 48.44266990781323, 47.549092451844636, 49.22998801841296, 68.31167323880199, 30.443203065460732, 67.47646616188186, 34.84411083730591, 59.88479890804274, 29.104108569247984, 38.62928815351887, 59.11572787464305, 80.48514630696658, 44.90678594177381, 89.59978289083689, 43.32653198991198, 42.53514950905561, 74.97948023290049, 57.04120375421244, 47.82261159848971, 58.75175549987224, 43.2030746718662, 16.556317487540973, 26.94220456119877, 45.21839457510832], [67.37044113513316, 47.268003310736596, 34.2384721878757, 31.45553505842299, 48.10528068286395, 37.271054737820194, 44.40685344011106, 17.08365167158726, 56.3369842679039, 22.677257299264532, 41.78398717077187, 35.06620778430527, 8.052939551222408, 44.13649148321158, 9.146676697142098, 76.45513092521225, 57.20853557328235, 47.66994547306153, 46.004298003204056, 33.712142047137185, 39.02584807971444, 27.3569548961419, 30.647536499405373, 50.16480706083278, 0.0, 10.66875008116053, 26.635669677394002, 56.59774777934522, 66.13035438660657, 50.620253095980885, 41.15862349919481, 18.482114750726453, 37.29064957500611, 62.411588708566995, 66.36841840895254, 34.18574638081638, 52.10418605868042, 60.06985442454586, 51.35605696122854, 68.35905652798492, 49.04808119876799, 34.90498568263207, 38.27747174137456, 51.51291063978065, 38.60331872998048, 58.81895226050412, 21.68695329786864, 49.45290797475829, 19.676210510125337, 28.770852202012964, 30.832679573593875, 74.59524018930864, 41.84307107012789, 18.85967074291983, 12.624462854513242, 22.552972278169477, 47.19858030275284, 27.82141244149729, 30.597511435368357, 18.33871818366554, 44.12063484950374, 36.58908610884444, 69.49211569742072, 41.6482302226166, 22.375102972769152, 49.457062577901404, 24.113002648619972, 45.46881662413166, 65.00327874572038, 59.30768467031129, 73.99274640908473], [71.34291165284552, 54.310659902152736, 44.61781906518453, 39.12876000433052, 39.2505181093073, 28.932183742222072, 51.15927146119917, 16.467614749070727, 46.394499522465026, 27.18393285081592, 52.327040668553664, 27.884837790268616, 8.162723231686666, 33.498431084847624, 17.810372404605165, 79.07830496291918, 56.210293121667114, 37.38736796539431, 42.187003518448826, 23.95734768717503, 28.636190119497495, 30.424222095467364, 27.30406723191354, 46.140897357616225, 10.66875008116053, 0.0, 16.441127110889425, 48.7605749738482, 60.3902493451078, 40.620462380478095, 30.73431550771489, 25.523272809633088, 29.379641265117282, 57.80532386956937, 59.67240765470713, 43.68170445514275, 54.53620133419274, 53.01320476667843, 54.867422658437526, 72.00255665076683, 47.66973162148965, 43.87907057971036, 35.05649617522612, 41.32052238233678, 31.29895935994626, 63.31066801403887, 29.03898995048695, 55.598033591500894, 28.065639362261294, 18.32502249656266, 41.469821789517496, 67.47355797239113, 33.2583501881948, 21.809365009372303, 23.00790746289731, 17.038109833622947, 37.024195033076694, 19.62381813179804, 38.071527737035666, 7.673099435910978, 53.93179735761082, 42.8558548957292, 59.959964271263196, 52.21741436705466, 32.519282483163614, 38.834028562592785, 34.35405731361301, 50.981009172917595, 59.478605182942886, 50.962683286036714, 64.50877979818446], [74.30064561613023, 62.75465696789497, 59.010233360936674, 49.394391839137285, 23.887490450124048, 27.052369375656635, 59.330377862121885, 21.89165694441349, 29.962834778262387, 42.00802134296547, 68.38941298817421, 16.79915318405712, 24.026496035891906, 20.26590745634064, 31.544657705722102, 79.64985076554689, 52.33675869178553, 26.81982409243374, 35.05251692209008, 18.552141155824135, 12.448427969183133, 35.73888200580119, 23.84958109945243, 38.246431449915065, 26.635669677394002, 16.441127110889425, 0.0, 34.539931776136996, 48.87031245633833, 24.182756891846502, 14.610375352405665, 36.467639238307264, 28.53140676872391, 48.15170552868508, 46.75617829420773, 60.11721912583771, 56.055465217877604, 39.7933936024674, 57.98679796172287, 74.42396727755124, 43.913822695751804, 60.23656552741134, 29.980544095808387, 24.910202990729783, 31.507056461060124, 67.42591452632516, 39.85117100707631, 62.618578696402096, 40.2017825279783, 11.095792970423753, 56.72729800123028, 53.76600607201329, 29.8205233192119, 29.12093267025694, 39.23176996354724, 14.506884244982924, 20.603498650386197, 21.077629268483314, 53.97857145723778, 9.94527802670479, 70.37023785589855, 50.88341093615886, 43.683494722710314, 67.07618446108978, 46.72987466791796, 23.4694418540614, 48.67992099113148, 57.33142388767312, 48.32298179897625, 35.97798538906711, 48.2500940650727], [70.58468046359047, 72.26393575454672, 81.49294562315839, 65.07299847944539, 11.638207917453904, 57.38854065655381, 68.95081590263615, 42.55382208371048, 19.344870043319894, 75.7963090303281, 95.3069237231597, 21.5840598688583, 56.92060524413896, 38.473859484977964, 57.16093566509776, 70.10342715119555, 39.26124965153945, 46.864841807861595, 23.52822519930569, 48.625079163221116, 28.553496146031613, 47.74216178373102, 30.81637007609193, 22.32723928790223, 56.59774777934522, 48.7605749738482, 34.53993177