instance_id,num_cities,city_coordinates,distance_matrix,best_route,total_distance
1431,59,"[[44.41821652841165, 73.91999004456083], [54.65822519700063, 46.26023813481821], [70.76563773187345, 53.05804097732263], [97.43994821910732, 17.208565869974212], [85.95758847168248, 68.45515649613067], [46.42432041228233, 22.4764824902531], [70.46030108391547, 7.549393784719582], [55.59254039874975, 35.355598784032146], [54.43842649069306, 89.0286316930562], [62.38327691311408, 58.97800470965805], [4.4329925779644785, 98.12527324825925], [25.675103059533466, 52.134457125972524], [28.445966778828225, 16.56351120338917], [41.93023976453559, 89.2639834013105], [12.136092111166752, 92.99474398815366], [49.541850554088875, 73.56344542102464], [48.95185677242564, 96.62695343659736], [76.21403051495645, 74.56783215758233], [22.230507339384232, 52.78122131057563], [14.996555630612507, 15.365116183854855], [72.9998978782498, 27.805367271662675], [19.010254088823086, 93.24597737500673], [1.7694933409120317, 48.88352450823611], [5.760405756261122, 99.57212830368286], [60.820704511943724, 32.21985573333529], [92.08658735626727, 18.320123152494038], [77.46667788484801, 55.0108144491145], [84.9689455782085, 99.96779891998484], [6.453632441351765, 15.385762542743887], [65.67408317581547, 72.86317559515629], [33.56335071218092, 93.56011433248277], [29.06950823513602, 43.522944212648326], [98.45624390444613, 87.71762410102993], [16.101970484210824, 49.151243193715786], [9.6572137497432, 40.014228458251125], [27.543960896446308, 51.88258470701148], [60.53289544862081, 22.226227210278783], [4.789474097767443, 11.60328582041541], [74.79590262893872, 27.930360024260313], [30.77358201739211, 2.687164947080567], [94.01340137527986, 11.45293882526921], [92.34056109423202, 98.29152297341744], [98.16822157837936, 62.22351140936816], [3.9082619837522925, 35.34794047398441], [99.3866323079725, 70.38535243921545], [28.269559544925194, 72.28367763620346], [53.63529712451282, 44.86877660737525], [81.931991696542, 27.1672105353556], [82.41978620214445, 99.85971331232592], [98.91662512904512, 89.48913096183195], [86.97731365414305, 13.45273085606813], [39.958934010405045, 72.26430037395826], [36.739057146086616, 28.78240912620783], [73.74552674045154, 8.259166960305242], [80.7621065225403, 71.69588154608054], [27.519813448468955, 95.81024079443272], [6.960150678222455, 95.17244255537119], [22.660597885983137, 53.232155390219226], [20.632357819822044, 78.0190348140194]]","[[0.0, 29.494400370939708, 33.606658907970456, 77.63690915659903, 41.8973009530858, 51.48260795922248, 71.29688784149603, 40.15068850286816, 18.129414225254283, 23.366778134232682, 46.74092285501709, 28.73871512531723, 59.53888164150248, 15.544393217799303, 37.49642376146142, 5.136024697920561, 23.155130756474477, 31.802413217716076, 30.645423518786, 65.53096506864729, 54.25376431428868, 31.922693207624235, 49.4544052241612, 46.394595924099924, 44.81007491205705, 73.23673105619545, 38.07568410058171, 48.19595391400254, 69.76793987311008, 21.282122161868266, 22.44020039869064, 34.05236029381014, 55.77170526574643, 37.62048126482389, 48.558500624774965, 27.75585951009917, 54.14728056577204, 73.84990759638067, 55.11669331723632, 72.5278665225134, 79.76098575135984, 53.7635817816071, 55.0079144790554, 55.93620853512841, 55.08194256120418, 16.231347469266073, 30.47831322248554, 59.94252012721349, 46.0107437548645, 56.67869695841151, 73.9429927844809, 4.756733002885421, 45.78614091600225, 71.91268881341547, 36.41187990914966, 27.653916622143836, 43.067080641266585, 30.02299904531075, 24.13647121115706], [29.494400370939708, 0.0, 17.483102186229402, 51.71339754961145, 38.37009958894853, 25.168715115479966, 41.81190108848649, 10.9445924669186, 42.768958357944925, 14.880121325739951, 72.19803223741465, 29.572416499017752, 39.610327969115744, 44.847783893013045, 63.184221444319576, 27.77845239750023, 50.68894012393098, 35.5805090219806, 33.07688176100772, 50.274810722251914, 26.01920858369503, 58.97828020616109, 52.95374952486557, 72.34054450608075, 15.333247838829607, 46.70687657241403, 24.42945148475699, 61.670429344379784, 57.2443534841957, 28.79349594141145, 51.79065570008448, 25.734708348274825, 60.30739004342, 38.6644887167553, 45.43240768609963, 27.69104746191751, 24.741572942845643, 60.72887846749733, 27.230690110621474, 49.68992741835271, 52.539299360078324, 64.24338908111261, 46.34593702521884, 51.909893145571964, 50.81979479381112, 37.06185476172617, 1.7270052182427018, 33.29267249689256, 60.362306191418725, 61.86714103297675, 46.052752496955435, 29.87106316027932, 25.031402087999787, 42.52536290992734, 36.44701052216424, 56.495098511292525, 68.31917779128257, 32.748370703760685, 46.54439619632193], [33.606658907970456, 17.483102186229402, 0.0, 44.684490658860014, 21.630222689105715, 39.086205346017934, 45.50967149704998, 23.315216968478694, 39.502673622844135, 10.262063315339615, 80.19398504674122, 45.0999925074048, 55.882065575589955, 46.28553167831042, 70.93915609214595, 29.51136651474627, 48.72464645978166, 22.189098686903193, 48.53591980527235, 67.31231015128809, 25.351320432794328, 65.52625403564306, 69.12231570606609, 79.93272486289604, 23.08964402089373, 40.75911956471192, 6.979775308984619, 49.01284876455279, 74.53344609596765, 20.449138980109367, 54.994800713907104, 42.772482805191466, 44.36278138838564, 54.80309832377344, 62.485042423066965, 43.237657729223876, 32.48553146865756, 77.9188737918706, 25.448838582917826, 64.31632508410438, 47.659658407320634, 50.11531913080749, 28.894765091716653, 69.1632586838113, 33.45739160518246, 46.642703247244604, 18.987169885084988, 28.1961444498881, 48.230858482097666, 46.040225986577575, 42.79484812462172, 36.30335238229646, 41.798498634902, 44.8978713492749, 21.1494323647046, 60.81078775310518, 76.45104968822052, 48.105354945197874, 56.003544245482466], [77.63690915659903, 51.71339754961145, 44.684490658860014, 0.0, 52.517212760904876, 51.286891366534455, 28.656604211106878, 45.61272130521513, 83.70933475898082, 54.53124080780245, 123.27938728991364, 79.8123479218813, 68.99699682235786, 90.95774254194502, 114.10649701329304, 73.96012580533547, 93.05039116427253, 61.160649207117835, 83.19779932508018, 82.46399995298515, 26.638473316060676, 109.23783625537259, 100.77767084695103, 123.24323479594425, 39.57660714420184, 5.46754351789818, 42.754432816779556, 83.69358734034094, 91.00457280147636, 64.0820237321744, 99.5478712061924, 73.2595630014486, 70.51638213600046, 87.3853606538944, 90.6967844910128, 78.0239490548947, 37.246576614897954, 92.81987674707963, 25.054134799998938, 68.22957912302122, 6.698392788623522, 81.24315159869268, 45.02083633164125, 95.27441021099796, 53.21240653054959, 88.4183838655744, 51.80670531462694, 18.43017414668417, 84.00486557666274, 72.29564761930436, 11.116340166244829, 79.59397525085811, 61.7944336067464, 25.32819279089151, 56.982611147993325, 105.2000406239203, 119.43600726269823, 83.00391700496566, 97.9659077237539], [41.8973009530858, 38.37009958894853, 21.630222689105715, 52.517212760904876, 0.0, 60.63759351091656, 62.846462492631645, 44.917890257758735, 37.639413566929534, 25.407962756669274, 86.75583878747852, 62.45272832628723, 77.46179368520771, 48.697173545807, 77.79334598270144, 36.77228010095457, 46.50886282690936, 11.502248710499298, 65.62631418755363, 88.62291217416907, 42.665057242535234, 71.3899879592293, 86.43311946480489, 86.02240434888272, 44.10056639744678, 50.50827848674709, 15.901128754613136, 31.528146905654168, 95.58890939357205, 20.75695592963573, 58.09832233691603, 62.11174512399709, 22.96212198070434, 72.4737775557389, 81.42870237431143, 60.71904167725229, 52.75915956716156, 99.09792122110942, 42.0338239985208, 85.85280007514658, 57.56864546725097, 30.51149134452754, 13.708864334937928, 88.47700113509735, 13.567051069989379, 57.81493107817712, 40.01309578360571, 41.483730679097604, 31.603199738633812, 24.705560364230596, 55.01187749694018, 46.156102406182335, 63.217012818753005, 61.422240336254426, 6.123343166378556, 64.52343904838715, 83.39309655063106, 65.10183392099405, 66.02161409870368], [51.48260795922248, 25.168715115479966, 39.086205346017934, 51.286891366534455, 60.63759351091656, 0.0, 28.293927688993417, 15.80910795171396, 67.03293563427, 39.83778880572004, 86.52173805719436, 36.195655543788554, 18.925760983611983, 66.93853179457213, 78.4124212399777, 51.18199659719321, 74.19353598270196, 60.007795644943705, 38.77780016935332, 32.2222893338717, 27.10458135930486, 75.89369169193309, 51.87856444538057, 87.16244924588791, 17.38358988526229, 45.85104083233354, 44.96788535681821, 86.54820767176268, 40.59475589584815, 53.93859664933827, 72.23771354014863, 27.278985625134105, 83.4489521861828, 40.38548951972001, 40.735643679369545, 34.94548358557457, 14.110794352592222, 43.031230907960826, 28.891027285862332, 25.230194234880695, 48.849146787191074, 88.63532885834282, 65.24766368065438, 44.42172503319902, 71.41614874188437, 53.01275346987462, 23.52473211265186, 35.81616464145973, 85.34540391779358, 85.12424513411484, 41.5448354724129, 50.20585654031381, 11.5572070706362, 30.799032064408937, 60.01360511059647, 75.73123853840436, 82.71712822981665, 38.86677146145085, 61.23888023967444], [71.29688784149603, 41.81190108848649, 45.50967149704998, 28.656604211106878, 62.846462492631645, 28.293927688993417, 0.0, 31.531497653222157, 83.03954886440715, 52.05900826105324, 112.08744536804153, 63.19447630312831, 42.97043867517753, 86.5519413710371, 103.45347371492343, 69.24909086774753, 91.63746401027421, 67.26497219432139, 66.12133714595322, 56.01171820547135, 20.41455396969365, 99.95504877115656, 80.1681821613476, 112.49115575793958, 26.48685551039354, 24.159984872668097, 47.97578313440332, 93.55032000377018, 64.48458967870299, 65.4889149111905, 93.59075272632256, 54.83880070754013, 84.91594647920616, 68.4510188370895, 68.9273597328863, 61.70286923992243, 17.71899607904725, 65.7958323731957, 20.837015755969162, 39.983458323845845, 23.874383703431356, 93.34280790621948, 61.29427376322718, 72.12442794521759, 69.174347399259, 77.2695682489191, 40.936745015912564, 22.725721541314343, 93.08181549358565, 86.74031880743622, 17.540270602901593, 71.54266229465405, 39.84925636955393, 3.361024482972983, 64.96844686010057, 98.15224191653455, 108.21306657428032, 66.1190315545784, 86.3063974264254], [40.15068850286816, 10.9445924669186, 23.315216968478694, 45.61272130521513, 44.917890257758735, 15.80910795171396, 31.531497653222157, 0.0, 53.68543974455224, 24.57910014875579, 80.97735094192856, 34.30135776036912, 33.01634466352045, 55.612699904464826, 72.18541374566733, 38.68398108044492, 61.63016777508685, 44.30400772790847, 37.63877748136591, 45.251004120160935, 18.974248082848586, 68.48035926503172, 55.49707351734677, 81.28348114208254, 6.096440311729706, 40.27434534949293, 29.40757374557833, 70.97682429973982, 53.04174426571491, 38.83884425427955, 62.23383989821503, 27.75205877952888, 67.66889073660188, 41.83090863050338, 46.17095477453812, 32.555553685898104, 14.028097017787887, 56.081404375279334, 20.588911860112137, 41.026909029255975, 45.24930619669326, 72.87899271125833, 50.344546444993995, 51.68427898238191, 56.08035420088107, 45.93722118773235, 9.712432935835016, 27.582900441756195, 69.86044595101721, 69.3355293032562, 38.271916802824045, 40.08318727047423, 19.96648824996969, 32.615142659505445, 44.205465839480716, 66.65464529221283, 77.09191999615804, 37.471110388649755, 55.15780216648208], [18.129414225254283, 42.768958357944925, 39.502673622844135, 83.70933475898082, 37.639413566929534, 67.03293563427, 83.03954886440715, 53.68543974455224, 0.0, 31.08312774368082, 50.82609869332992, 46.781501598302064, 76.98572367299587, 12.510400697139964, 42.4878516836822, 16.22185076776274, 9.372136394215538, 26.139848006954384, 48.489429935741725, 83.5582114104749, 63.975122715653754, 35.67830439269344, 66.22421120720726, 49.80677688226856, 57.16616568200376, 80.10666137463791, 41.079340943041146, 32.43112664357892, 87.89660196303223, 19.686593204489828, 21.361252858155318, 52.09942040485369, 44.03733632699477, 55.316272223137695, 66.3910290552442, 45.860016204636956, 67.07983151857006, 91.97664191093872, 64.4005095914095, 89.52582724438763, 87.08712167153587, 39.01759811132123, 51.291416941180486, 73.72187012587125, 48.66120700855254, 31.067717708119645, 44.167157684949146, 67.69587546799785, 30.004480004574607, 44.48058243424028, 82.28302355381689, 22.151715668615942, 62.79231647877807, 83.04499113895626, 31.517619803477505, 27.759718120342477, 47.874137966515185, 47.866670100706706, 35.55364260407846], [23.366778134232682, 14.880121325739951, 10.262063315339615, 54.53124080780245, 25.407962756669274, 39.83778880572004, 52.05900826105324, 24.57910014875579, 31.08312774368082, 0.0, 69.93385509578349, 37.3406503852687, 54.32062479891065, 36.545413308818354, 60.67881122485997, 19.432892519618825, 39.973070775703434, 20.840644544997375, 40.62813100471383, 64.40174997210576, 32.93092718946841, 55.27669544672106, 61.448590622362126, 69.67088637596433, 26.80373423887019, 50.35225897612451, 15.596396488851381, 46.80038096484224, 70.91127348931637, 14.26980645902819, 45.01677967372055, 36.72418928303337, 46.12184591187401, 47.313048587649114, 56.03269176490811, 35.55450640246888, 36.79832959426312, 74.57486247099483, 33.43694839054332, 64.55874419919276, 57.088498498450605, 49.42662838777496, 35.93181846823176, 63.069067749342445, 38.72177543322667, 36.616753606851546, 16.60112851658052, 37.33736567680757, 45.527747613547156, 47.598470112416074, 51.74376486750303, 26.064857703380614, 39.615653473076534, 51.97596775226033, 22.35007313273792, 50.71562579477081, 66.19486575721658, 40.13609365015689, 45.88790769440042], [46.74092285501709, 72.19803223741465, 80.19398504674122, 123.27938728991364, 86.75583878747852, 86.52173805719436, 112.08744536804153, 80.97735094192856, 50.82609869332992, 69.93385509578349, 0.0, 50.659475177948416, 85.02319658678658, 38.53006623823079, 9.255272708419817, 51.36236417966835, 44.54407066516143, 75.54780233767619, 48.7117498947667, 83.43160349467195, 98.21562848658903, 15.372185315520328, 49.31373081770786, 1.9635211476631613, 86.73579488864947, 118.5411939342882, 84.81023374008613, 80.55702717025054, 82.7641807622452, 66.2468471359136, 29.48590241037238, 59.903023628521275, 94.59752084898713, 50.34501628919978, 58.34540267611486, 51.69625808644876, 94.38148277905235, 86.52272179917786, 99.38946097734022, 99.0063592307282, 124.64647285272359, 87.90772572085679, 100.37544350535481, 62.77952574246276, 98.922681446007, 35.15636483693136, 72.50600807624, 105.076836307293, 78.00607836647268, 94.87749877415109, 118.24975423688905, 43.941807344106, 76.49911510945054, 113.49072407639217, 80.77528323262773, 23.20260056909637, 3.886609983592548, 48.45242642304699, 25.820152172549378], [28.73871512531723, 29.572416499017752, 45.0999925074048, 79.8123479218813, 62.45272832628723, 36.195655543788554, 63.19447630312831, 34.30135776036912, 46.781501598302064, 37.3406503852687, 50.659475177948416, 0.0, 35.67870344586884, 40.53185402531348, 43.044951619437626, 32.07527358134841, 50.21343935005453, 55.29411816507576, 3.5047886649205746, 38.28858587763989, 53.21222432648989, 41.64825697420156, 24.1256448391356, 51.44830235727446, 40.3956018655409, 74.52445523829921, 51.87138569902049, 76.18259872052306, 41.472056692392776, 45.051061915535385, 42.170007422584035, 9.256356796953476, 81.01392617730502, 10.027184683165771, 20.086630401800818, 1.885754313271968, 45.93003273383021, 45.595891750562096, 54.76030740277849, 49.70944770874483, 79.53055354983016, 81.08488159096935, 73.19181135154902, 27.48786117044738, 75.93737369621388, 20.315567716027587, 28.888796540348135, 61.54836245939815, 74.14620113672974, 82.21734739361398, 72.48611571194634, 24.682755434139718, 25.840457151774046, 65.08307552647207, 58.45705497095217, 43.71472332605092, 46.93098797655841, 3.2081432201028566, 26.371208573767845], [59.53888164150248, 39.610327969115744, 55.882065575589955, 68.99699682235786, 77.46179368520771, 18.925760983611983, 42.97043867517753, 33.01634466352045, 76.98572367299587, 54.32062479891065, 85.02319658678658, 35.67870344586884, 0.0, 73.94041030285001, 78.15206559441461, 60.77852262990666, 82.64772414688613, 75.14179371332482, 36.7471694345506, 13.502696429106074, 45.9503221345812, 77.26081343171062, 41.90724871796443, 86.05268846359064, 35.96171251940577, 63.664859012027165, 62.29948028843109, 100.75277833324432, 22.023847563924836, 67.49507286530805, 77.16647271801713, 26.966642952515738, 99.8215742485362, 34.84730291995186, 30.049182686978895, 35.330589688910194, 32.58277680055893, 24.17092223765944, 47.72338845289485, 14.07020888699825, 65.76630162622773, 103.73999754488098, 83.3428367236413, 30.902325796487997, 89.04700230626752, 55.720445680312885, 37.89050557664965, 54.526996075531656, 99.25437254304511, 101.41133913653825, 58.613953299600134, 56.8781709331405, 14.767424091146571, 46.05444892759382, 76.00366265705414, 79.25214136455439, 81.49235781231067, 37.122229993989386, 61.950253165108144], [15.544393217799303, 44.847783893013045, 46.28553167831042, 90.95774254194502, 48.697173545807, 66.93853179457213, 86.5519413710371, 55.612699904464826, 12.510400697139964, 36.545413308818354, 38.53006623823079, 40.53185402531348, 73.94041030285001, 0.0, 30.026818162221023, 17.448309708451493, 10.174302587697255, 37.30087357686379, 41.46168577604776, 78.65409027538925, 68.8657037419534, 23.2633191823828, 56.95144435146367, 37.6100351437543, 60.09061623725725, 86.88320039424313, 49.357046280612025, 44.349767358732514, 81.95475083477788, 28.857522357849565, 9.405401288206027, 47.51464070715489, 56.547151750647416, 47.70881911113451, 58.88197152017642, 40.054138213330376, 69.57096774969311, 86.08496049290507, 69.58423062788324, 87.29270591374508, 93.63340419628878, 51.21227360007758, 62.401103548264594, 65.97431681574011, 60.47842384775323, 21.79323215906677, 45.91233771086625, 73.8657522671757, 41.85299108869605, 56.98683013062223, 88.18494700624518, 17.11359896125639, 60.7039471844529, 87.02868936161708, 42.621028597479494, 15.827630033198059, 35.465716125293184, 40.86088261343022, 24.08419905377331], [37.49642376146142, 63.184221444319576, 70.93915609214595, 114.10649701329304, 77.79334598270144, 78.4124212399777, 103.45347371492343, 72.18541374566733, 42.4878516836822, 60.67881122485997, 9.255272708419817, 43.044951619437626, 78.15206559441461, 30.026818162221023, 0.0, 42.15170374605456, 36.99450598495083, 66.6748323559311, 41.46112184854326, 77.68231049975304, 89.1855239886933, 6.8787514208412635, 45.31297886995407, 9.160314455863368, 77.87026728475732, 109.40009454697181, 75.57026095468387, 73.1658939618311, 77.81673566073708, 57.197871754116306, 21.434716111508973, 52.28957405310538, 86.48130780647267, 44.02250280460725, 53.0384753150482, 43.904579046637004, 85.73466941806309, 81.72234858902117, 90.33064770455279, 92.21070904327934, 115.55500751396725, 80.37918083978096, 91.36955759486275, 58.231015309771344, 90.13235462833319, 26.25332437751508, 63.54756292003238, 95.94129329653126, 70.61816663505192, 86.85131106412496, 109.21602581649694, 34.696712002599675, 68.7643064164262, 104.76564536899751, 71.85521133026054, 15.639242451280518, 5.615402101980833, 41.131845008615024, 17.217967251110704], [5.136024697920561, 27.77845239750023, 29.51136651474627, 73.96012580533547, 36.77228010095457, 51.18199659719321, 69.24909086774753, 38.68398108044492, 16.22185076776274, 19.432892519618825, 51.36236417966835, 32.07527358134841, 60.77852262990666, 17.448309708451493, 42.15170374605456, 0.0, 23.07105317593431, 26.691084215173404, 34.319241063408164, 67.67882185254095, 51.420634964824096, 36.326029879927106, 53.77077840207325, 50.9241248709874, 42.85446248486418, 69.7271775194677, 33.526051026516555, 44.184487612125295, 72.39639027753115, 16.147424165808037, 25.596468989927665, 36.353108709914295, 50.92110221645825, 41.40267137123945, 52.118463252765, 30.886354117801876, 52.50060039172269, 76.43190810271113, 52.155015377503375, 73.31913145753126, 76.39001153307382, 49.42881187461532, 49.93113319744186, 59.521838212239466, 49.94599626690127, 21.310752458831953, 28.98517419561142, 56.58384800271371, 42.100503055055846, 51.87962822026026, 70.81463057183305, 9.67057740450519, 46.575237312177876, 69.64529220420773, 31.27606397171202, 31.30319508720462, 47.750915399294286, 33.70405167518098, 29.250829851332323], [23.155130756474477, 50.68894012393098, 48.72464645978166, 93.05039116427253, 46.50886282690936, 74.19353598270196, 91.63746401027421, 61.63016777508685, 9.372136394215538, 39.973070775703434, 44.54407066516143, 50.21343935005453, 82.64772414688613, 10.174302587697255, 36.99450598495083, 23.07105317593431, 0.0, 35.06894564668619, 51.34665267755588, 88.07070267303666, 72.90211933328781, 30.131886273377656, 67.12384393656932, 43.2917485888414, 65.49155503743526, 89.40114457703528, 50.447973668909036, 36.171700742258714, 91.68549595844382, 29.05770109942618, 15.691131917637904, 56.70399967388127, 50.299706704180274, 57.73264321174542, 68.91349359707367, 49.60198119879805, 75.29667004471803, 95.80887275409276, 73.39711610610802, 95.6824620007483, 96.3595120733068, 43.42062245601793, 60.04870846266088, 76.05289515303338, 56.85321632262146, 31.9429568966418, 51.96964000468527, 76.89177578596767, 33.62369754692007, 50.472037670495425, 91.45428734039082, 25.969434419220345, 68.9350032088018, 91.78012724551512, 40.41596633478887, 21.44759894673126, 42.016889254269486, 50.73794232445661, 33.885817924184735], [31.802413217716076, 35.5805090219806, 22.189098686903193, 61.160649207117835, 11.502248710499298, 60.007795644943705, 67.26497219432139, 44.30400772790847, 26.139848006954384, 20.840644544997375, 75.54780233767619, 55.29411816507576, 75.14179371332482, 37.30087357686379, 66.6748323559311, 26.691084215173404, 35.06894564668619, 0.0, 58.21406347822193, 85.16185067200647, 46.8727935034089, 60.17595156018927, 78.75070015234115, 74.75913367208682, 45.05891246649891, 58.44435669080236, 19.59709333249757, 26.866463282239256, 91.48240543013378, 10.676907038449253, 46.68819197452312, 56.448127059327604, 25.838596800514402, 65.26455972193568, 74.99174212224041, 53.69726369717786, 54.640109859225696, 95.21555206392208, 46.65902799767146, 85.03919495319026, 65.57672882488568, 28.685858788776905, 25.186678224491402, 82.25766874013162, 23.547029758596757, 47.99885059533931, 37.307279478555124, 47.744256306362416, 26.042093924927393, 27.167130143196, 62.055651402822626, 36.328202284623195, 60.453109801191374, 66.35459736242343, 5.378949310568496, 53.12595128948881, 72.25406453678201, 57.64704024897879, 55.688716445657526], [30.645423518786, 33.07688176100772, 48.53591980527235, 83.19779932508018, 65.62631418755363, 38.77780016935332, 66.12133714595322, 37.63877748136591, 48.489429935741725, 40.62813100471383, 48.7117498947667, 3.5047886649205746, 36.7471694345506, 41.46168577604776, 41.46112184854326, 34.319241063408164, 51.34665267755588, 58.21406347822193, 0.0, 38.10898818098773, 56.580246558856004, 40.592690405437075, 20.828949426426746, 49.604971760862895, 43.72611430504594, 77.89376869548745, 55.2811506943459, 78.50276899024368, 40.58731474247552, 47.86051785494741, 42.324360066095366, 11.510327018555946, 83.85055250159701, 7.122900049425102, 17.918811851867112, 5.38890865095345, 48.996740701191165, 44.719257728264886, 58.14366765709575, 50.81730618502952, 82.83001152573809, 83.58592701496173, 76.5225018288937, 25.290787959243875, 79.13894776254456, 20.416070980339732, 32.386225507603086, 64.96418076479561, 76.41422445577774, 85.01900547886066, 75.75538983723324, 26.341744096011954, 28.043555476332244, 68.08825557657335, 61.51188888956529, 43.35289237014935, 45.057734421343184, 0.6231528082723856, 25.288363179958598], [65.53096506864729, 50.274810722251914, 67.31231015128809, 82.46399995298515, 88.62291217416907, 32.2222893338717, 56.01171820547135, 45.251004120160935, 83.5582114104749, 64.40174997210576, 83.43160349467195, 38.28858587763989, 13.502696429106074, 78.65409027538925, 77.68231049975304, 67.67882185254095, 88.07070267303666, 85.16185067200647, 38.10898818098773, 0.0, 59.32240351691972, 77.98421837262273, 36.03385732079716, 84.71202603320465, 48.82555546001734, 77.14664644459384, 73.98849616933123, 109.78956817989905, 8.542948138069452, 76.64358181974767, 80.36904637399199, 31.47874321360801, 110.45544336369467, 33.80420566031704, 25.220771352926498, 38.61298856919532, 46.05033212190814, 10.878229686003218, 61.105214623590626, 20.239688959348324, 79.11363373731221, 113.39701990874548, 95.46326633651988, 22.853085625560333, 100.74180581668365, 58.44566083734656, 48.615001003999346, 67.96794856708462, 108.09823756474752, 111.96851178535654, 72.00615767615983, 62.134028485808386, 25.549170672476023, 59.1771587762742, 86.59251012883776, 81.41406549229625, 80.21092910026992, 38.63483146007554, 62.906881865430115], [54.25376431428868, 26.01920858369503, 25.351320432794328, 26.638473316060676, 42.665057242535234, 27.10458135930486, 20.41455396969365, 18.974248082848586, 63.975122715653754, 32.93092718946841, 98.21562848658903, 53.21222432648989, 45.9503221345812, 68.8657037419534, 89.1855239886933, 51.420634964824096, 72.90211933328781, 46.8727935034089, 56.580246558856004, 59.32240351691972, 0.0, 84.83722701271583, 74.28364048054256, 98.34438107919571, 12.954553617632468, 21.313647534631098, 27.569702206452412, 73.14830581936027, 67.69528805774205, 45.64946496916578, 76.6741678364624, 46.65748984987943, 65.09611410363529, 60.77022758404824, 64.50854148155226, 51.43884336105114, 13.658438908049252, 70.10826881093159, 1.8003489252639648, 49.13232987758227, 26.62647639688948, 73.091445458727, 42.63863463759567, 69.50211911222705, 50.09306230141783, 63.080292170360984, 25.809837281736474, 8.954861472902184, 72.66748295752572, 66.90712558746462, 20.034128976584935, 55.3922560103, 36.27400145267734, 19.5604168925884, 44.571617945845055, 81.81137391944927, 94.33753782309759, 56.39651299271424, 72.55185497163642], [31.922693207624235, 58.97828020616109, 65.52625403564306, 109.23783625537259, 71.3899879592293, 75.89369169193309, 99.95504877115656, 68.48035926503172, 35.67830439269344, 55.27669544672106, 15.372185315520328, 41.64825697420156, 77.26081343171062, 23.2633191823828, 6.8787514208412635, 36.326029879927106, 30.131886273377656, 60.17595156018927, 40.592690405437075, 77.98421837262273, 84.83722701271583, 0.0, 47.59486375149272, 14.682597399925017, 73.97500447589246, 104.66152165331724, 69.8504199485586, 66.3003157449077, 78.86622725174489, 50.921228907565755, 14.556486641935324, 50.73035206703289, 79.63810637945863, 44.190538535342206, 54.0471873118386, 42.23451674738611, 82.26745808006201, 82.87194741184828, 85.89626565195039, 91.31962764001706, 110.97555252429598, 73.50368328113338, 85.01986363001797, 59.835214067752474, 83.56416904440968, 22.916211464132413, 59.49157217064522, 91.24444361506956, 63.753511792519475, 79.99463749395842, 104.81642703311279, 29.64924889829787, 66.85702722385128, 101.08762543809465, 65.40411232660746, 8.887522004447746, 12.203125021785429, 40.17998207649835, 15.313098976684241], [49.4544052241612, 52.95374952486557, 69.12231570606609, 100.77767084695103, 86.43311946480489, 51.87856444538057, 80.1681821613476, 55.49707351734677, 66.22421120720726, 61.448590622362126, 49.31373081770786, 24.1256448391356, 41.90724871796443, 56.95144435146367, 45.31297886995407, 53.77077840207325, 67.12384393656932, 78.75070015234115, 20.828949426426746, 36.03385732079716, 74.28364048054256, 47.59486375149272, 0.0, 50.84547115170403, 61.357341841098226, 95.34830346582311, 75.94476565174382, 97.63069161263287, 33.823678330557804, 68.25555118975801, 54.834724808907076, 27.821334157985586, 104.19412183860511, 14.334977305797777, 11.869311086586741, 25.948362951199208, 64.52711776070551, 37.4023592891232, 75.9729659510206, 54.54668456154495, 99.54891920067658, 103.17106486952551, 97.31736770136898, 13.703516572613259, 99.9571629473738, 35.35280293313956, 52.020955420161634, 83.05193817837788, 95.40986093477323, 105.29188235626334, 92.28062516776949, 44.77827663869906, 40.335161240855236, 82.64918517513499, 82.2206578110662, 53.52752270605133, 46.579038821853786, 21.338904368800847, 34.70858131828683], [46.394595924099924, 72.34054450608075, 79.93272486289604, 123.24323479594425, 86.02240434888272, 87.16244924588791, 112.49115575793958, 81.28348114208254, 49.80677688226856, 69.67088637596433, 1.9635211476631613, 51.44830235727446, 86.05268846359064, 37.6100351437543, 9.160314455863368, 50.9241248709874, 43.2917485888414, 74.75913367208682, 49.604971760862895, 84.71202603320465, 98.34438107919571, 14.682597399925017, 50.84547115170403, 0.0, 86.9940522073516, 118.5499808971982, 84.42452342195544, 79.20952806299017, 84.18921987565581, 65.59738483141477, 28.445527947496622, 60.702761845251906, 93.45077677518377, 51.47051210445523, 59.685245635219964, 52.429150698865115, 94.77559835237282, 87.97420051430639, 99.49091813155587, 100.06175648708441, 124.71400398537088, 86.58962552384133, 99.67007378813771, 64.25088901282557, 98.07006772545354, 35.37402357823021, 72.69430452471377, 105.09320920828249, 76.65991987658137, 93.70030972854907, 118.37540599817711, 43.76364702568705, 77.27134775036679, 113.84214327098812, 80.01462523267365, 22.082201447047023, 4.560331409192627, 49.32554696749, 26.186080217455743], [44.81007491205705, 15.333247838829607, 23.08964402089373, 39.57660714420184, 44.10056639744678, 17.38358988526229, 26.48685551039354, 6.096440311729706, 57.16616568200376, 26.80373423887019, 86.73579488864947, 40.3956018655409, 35.96171251940577, 60.09061623725725, 77.87026728475732, 42.85446248486418, 65.49155503743526, 45.05891246649891, 43.72611430504594, 48.82555546001734, 12.954553617632468, 73.97500447589246, 61.357341841098226, 86.9940522073516, 0.0, 34.21634106467063, 28.22261909737987, 71.92302380056009, 56.91366460770608, 40.932074634022875, 67.12369671863827, 33.70308997969692, 67.05547046407838, 47.81670267152103, 51.753792451845406, 38.651837942635964, 9.997772007491436, 59.7037832695787, 14.618684477319876, 42.13086036718362, 39.1537988313758, 73.20496274742695, 47.90674675819305, 56.99834233264486, 54.25804940812981, 51.62060503450725, 14.547346101645847, 21.70750262207172, 71.0047228229651, 68.7827671212913, 32.192750394719695, 45.15275202061096, 24.32574313418492, 27.224357405024964, 44.22687110927874, 71.78221519178727, 82.84918494989046, 43.56271886114739, 60.93166676130517], [73.23673105619545, 46.70687657241403, 40.75911956471192, 5.46754351789818, 50.50827848674709, 45.85104083233354, 24.159984872668097, 40.27434534949293, 80.10666137463791, 50.35225897612451, 118.5411939342882, 74.52445523829921, 63.664859012027165, 86.88320039424313, 109.40009454697181, 69.7271775194677, 89.40114457703528, 58.44435669080236, 77.89376869548745, 77.14664644459384, 21.313647534631098, 104.66152165331724, 95.34830346582311, 118.5499808971982, 34.21634106467063, 0.0, 39.496184382499465, 81.95732903599331, 85.6832156238782, 60.60169095698064, 95.32064571783238, 67.86998195335751, 69.68920764683581, 82.00134123408856, 85.2363527972731, 72.74743607805324, 31.794545474230578, 87.55513626859907, 19.78192182451768, 63.274592104075545, 7.1323791856536705, 79.97180310570448, 44.32261020343226, 89.80736956528214, 52.57450672118371, 83.57438753104856, 46.72614600792571, 13.467990502391201, 82.11060715879955, 71.49599351392477, 7.056641235780978, 75.0151084745408, 56.327688823194485, 20.91930553374488, 54.56386579270177, 100.86419892619107, 114.68561034019493, 77.70983212500182, 93.111046456463], [38.07568410058171, 24.42945148475699, 6.979775308984619, 42.754432816779556, 15.901128754613136, 44.96788535681821, 47.97578313440332, 29.40757374557833, 41.079340943041146, 15.596396488851381, 84.81023374008613, 51.87138569902049, 62.29948028843109, 49.357046280612025, 75.57026095468387, 33.526051026516555, 50.447973668909036, 19.59709333249757, 55.2811506943459, 73.98849616933123, 27.569702206452412, 69.8504199485586, 75.94476565174382, 84.42452342195544, 28.22261909737987, 39.496184382499465, 0.0, 45.578662477708995, 81.32033793426235, 21.39560909299394, 58.42559934076933, 49.7419058005711, 38.86254339717996, 61.64383091326261, 69.44797345978803, 50.02063067198803, 36.89962259994411, 84.65334897072987, 27.21183662166488, 70.12852129411488, 46.59487726275481, 45.76518471602693, 21.922064426865457, 76.141113485688, 26.774256671678348, 52.14123373715148, 25.899722788619673, 28.199384857531822, 45.12158032743798, 40.60609001529159, 42.63245834646208, 41.28575574104943, 48.44242290413503, 46.89950435513501, 17.007389980134555, 64.49249923156238, 81.14263214170401, 54.83493442040181, 61.31490961922587], [48.19595391400254, 61.670429344379784, 49.01284876455279, 83.69358734034094, 31.528146905654168, 86.54820767176268, 93.55032000377018, 70.97682429973982, 32.43112664357892, 46.80038096484224, 80.55702717025054, 76.18259872052306, 100.75277833324432, 44.349767358732514, 73.1658939618311, 44.184487612125295, 36.171700742258714, 26.866463282239256, 78.50276899024368, 109.78956817989905, 73.14830581936027, 66.3003157449077, 97.63069161263287, 79.20952806299017, 71.92302380056009, 81.95732903599331, 45.578662477708995, 0.0, 115.40699837834612, 33.27089299535136, 51.80341306615881, 79.44034691644049, 18.22015365566079, 85.58611215891457, 96.26155807025327, 74.89870954568015, 81.49154875096615, 119.31904635139706, 72.75220550267142, 111.35824701233064, 88.97574185277838, 7.559802667075312, 39.98564900827272, 103.66561884434817, 32.90882602623798, 63.09699634536021, 63.38532783874542, 72.86390572860874, 2.5514497884846326, 17.44535029828997, 86.53837613702129, 52.85248313015669, 85.98535839471099, 92.3928477011272, 28.58319098416353, 57.59937562185564, 78.15604598757366, 77.88806435055739, 67.9775313627369], [69.76793987311008, 57.2443534841957, 74.53344609596765, 91.00457280147636, 95.58890939357205, 40.59475589584815, 64.48458967870299, 53.04174426571491, 87.89660196303223, 70.91127348931637, 82.7641807622452, 41.472056692392776, 22.023847563924836, 81.95475083477788, 77.81673566073708, 72.39639027753115, 91.68549595844382, 91.48240543013378, 40.58731474247552, 8.542948138069452, 67.69528805774205, 78.86622725174489, 33.823678330557804, 84.18921987565581, 56.91366460770608, 85.6832156238782, 81.32033793426235, 115.40699837834612, 0.0, 82.52705493588554, 82.74156212248823, 36.09956828336155, 117.03152871135265, 35.1169205737126, 24.835947063697343, 42.152342549779426, 54.510170099506865, 4.132378630701462, 69.48404723651613, 27.43563974609907, 87.6480475433173, 119.37306909857507, 102.98223429051606, 20.12380328180849, 107.98841304968504, 60.9369134217591, 55.63593803118177, 76.39231134517516, 113.60767965164223, 118.49351977141843, 80.5468798126962, 66.01343271675917, 33.11611524965451, 67.66821560346371, 93.23400035633247, 83.13772118768347, 79.7882877881313, 41.170562061853225, 64.21808973152197], [21.282122161868266, 28.79349594141145, 20.449138980109367, 64.0820237321744, 20.75695592963573, 53.93859664933827, 65.4889149111905, 38.83884425427955, 19.686593204489828, 14.26980645902819, 66.2468471359136, 45.051061915535385, 67.49507286530805, 28.857522357849565, 57.197871754116306, 16.147424165808037, 29.05770109942618, 10.676907038449253, 47.86051785494741, 76.64358181974767, 45.64946496916578, 50.921228907565755, 68.25555118975801, 65.59738483141477, 40.932074634022875, 60.60169095698064, 21.39560909299394, 33.27089299535136, 82.52705493588554, 0.0, 38.202911046774425, 46.91208889153118, 35.990619645282926, 54.95134297648816, 64.93799341141379, 43.52116058948049, 50.89727254950904, 86.36961107820349, 45.84937846103838, 78.37549012024071, 67.6338239059724, 36.84700659433434, 34.191687359814814, 72.26624062262219, 33.80348468102392, 37.409012362507774, 30.473246369169715, 48.50196709634402, 31.768405980794288, 37.1683869352293, 63.11440859985137, 25.722121765707303, 52.729021457173445, 65.10626800016274, 15.133110186221503, 44.52320855112482, 62.80946792987539, 47.28146434984083, 45.335856750804616], [22.44020039869064, 51.79065570008448, 54.994800713907104, 99.5478712061924, 58.09832233691603, 72.23771354014863, 93.59075272632256, 62.23383989821503, 21.361252858155318, 45.01677967372055, 29.48590241037238, 42.170007422584035, 77.16647271801713, 9.405401288206027, 21.434716111508973, 25.596468989927665, 15.691131917637904, 46.68819197452312, 42.324360066095366, 80.36904637399199, 76.6741678364624, 14.556486641935324, 54.834724808907076, 28.445527947496622, 67.12369671863827, 95.32064571783238, 58.42559934076933, 51.80341306615881, 82.74156212248823, 38.202911046774425, 0.0, 50.23856102447348, 65.15537030028577, 47.71842029327203, 58.64013368438949, 42.10996947797287, 76.26191575914005, 86.86114042066168, 77.50734151114828, 90.91576177634049, 101.95978077135904, 58.96733577179324, 71.80370479577729, 65.33055543023505, 69.78376594057181, 21.925122198366314, 52.666207403229656, 82.14343007988282, 49.26089966790912, 65.47994641575443, 96.28210801910525, 22.235448677294787, 64.85550248934479, 94.2913511036825, 52.016989776263664, 6.448830262353203, 26.652014076709666, 41.775762011458966, 20.21721369975193], [34.05236029381014, 25.734708348274825, 42.772482805191466, 73.2595630014486, 62.11174512399709, 27.278985625134105, 54.83880070754013, 27.75205877952888, 52.09942040485369, 36.72418928303337, 59.903023628521275, 9.256356796953476, 26.966642952515738, 47.51464070715489, 52.28957405310538, 36.353108709914295, 56.70399967388127, 56.448127059327604, 11.510327018555946, 31.47874321360801, 46.65748984987943, 50.73035206703289, 27.821334157985586, 60.702761845251906, 33.70308997969692, 67.86998195335751, 49.7419058005711, 79.44034691644049, 36.09956828336155, 46.91208889153118, 50.23856102447348, 0.0, 82.26596390536751, 14.136293175438713, 19.726841192465855, 8.497698740104848, 37.993353234805355, 40.10467116918712, 48.31181869821875, 40.87131923099065, 72.43061853763882, 83.68287369213064, 71.58451927037541, 26.455982292289594, 75.27341438785292, 28.771856126565275, 24.602626863652688, 55.33490925112237, 77.58919842186445, 83.61525017992965, 65.24976367586196, 30.73508008296647, 16.616418240163753, 56.91643537318693, 58.87137772887984, 52.310256525497024, 56.182687463616254, 11.633697329488447, 35.512895881758716], [55.77170526574643, 60.30739004342, 44.36278138838564, 70.51638213600046, 22.96212198070434, 83.4489521861828, 84.91594647920616, 67.66889073660188, 44.03733632699477, 46.12184591187401, 94.59752084898713, 81.01392617730502, 99.8215742485362, 56.547151750647416, 86.48130780647267, 50.92110221645825, 50.299706704180274, 25.838596800514402, 83.85055250159701, 110.45544336369467, 65.09611410363529, 79.63810637945863, 104.19412183860511, 93.45077677518377, 67.05547046407838, 69.68920764683581, 38.86254339717996, 18.22015365566079, 117.03152871135265, 35.990619645282926, 65.15537030028577, 82.26596390536751, 0.0, 90.93729755640928, 100.80119896244949, 79.45251367815567, 75.67894968089763, 120.69323203027233, 64.29874567251578, 108.67898464767109, 76.39398582316413, 12.215110052661268, 25.495739620482922, 108.08286010498004, 17.357225110608937, 71.86360250406425, 62.00758825969681, 62.7646675606955, 20.114629155238763, 1.8303517229843815, 75.14679107172105, 60.504053410107595, 85.33680744845522, 83.21217431327773, 23.870038378411405, 71.39655181296942, 91.79928863476559, 83.2720091480952, 78.42588781436051], [37.62048126482389, 38.6644887167553, 54.80309832377344, 87.3853606538944, 72.4737775557389, 40.38548951972001, 68.4510188370895, 41.83090863050338, 55.316272223137695, 47.313048587649114, 50.34501628919978, 10.027184683165771, 34.84730291995186, 47.70881911113451, 44.02250280460725, 41.40267137123945, 57.73264321174542, 65.26455972193568, 7.122900049425102, 33.80420566031704, 60.77022758404824, 44.190538535342206, 14.334977305797777, 51.47051210445523, 47.81670267152103, 82.00134123408856, 61.64383091326261, 85.58611215891457, 35.1169205737126, 54.95134297648