instance_id,num_cities,city_coordinates,distance_matrix,best_route,total_distance
768,58,"[[70.54454820731075, 80.31183799742116], [40.66296473268057, 18.471600402253753], [35.90393314459524, 71.97000091679536], [67.98824098422746, 40.87592067180672], [23.288431640157768, 43.06724021137821], [53.25010434581501, 61.346858162675446], [35.88371328539156, 22.677551561631148], [7.00940698142456, 81.42568135083896], [40.617261251637295, 37.83352494447274], [44.03193567053145, 19.232542638599647], [53.7240583636131, 85.45496479701222], [64.61978151813973, 15.692102201320711], [2.820866673660327, 13.335139722264467], [12.631417974680382, 78.7319614919071], [46.952295103498706, 49.256462677849896], [87.38841741361647, 49.51350231010427], [0.24181576941941785, 78.96917114596451], [18.216574213243632, 60.3394776362076], [50.892385705853826, 43.94282149981321], [31.12635085352382, 50.059587382146056], [37.29317352962688, 33.85179363148314], [10.765108195517536, 99.78381743872954], [82.25652880594953, 67.51594339549347], [46.54612272154327, 72.91564099749066], [24.817020463505056, 53.2167210797345], [82.70920746277281, 39.90420570786076], [95.13880104499147, 34.19349069625507], [89.22755785628308, 64.01882732528638], [60.611882277025195, 64.90652773580166], [60.460415064386666, 60.8197500465661], [74.6603856829233, 50.322499761011045], [97.4532011926026, 4.784754569354255], [5.007360719483389, 10.886132940210125], [18.867311907285035, 37.56696882627997], [95.44762545216358, 7.627538225681629], [16.99878486100871, 93.23475632526382], [93.53262041407048, 1.4916431021390286], [94.23265913209443, 60.62787676246331], [29.446632919563097, 51.62610390347345], [64.36432465549453, 19.22415152645811], [78.49756176308891, 47.96779557379545], [71.4197216645759, 25.75902763178434], [24.49755277426403, 61.56347982294209], [92.5740058046028, 97.44784812896113], [40.18241200698911, 43.11521238970673], [59.234351135730634, 30.911210771234476], [90.5466912092864, 8.78864549003653], [5.032106282651383, 37.55795865177198], [41.65151526617367, 81.44379997759593], [81.51088666508635, 97.1574275189819], [33.28921012020638, 8.876366256395428], [21.0743006419428, 39.088687654454255], [60.41913888620874, 76.18302532485356], [28.442229553680278, 96.60192512199441], [5.397557344043536, 49.45170913521412], [97.6583514921941, 36.17137691217184], [97.97379984510609, 98.36762432907355], [47.282083965455904, 66.09664597956233]]","[[0.0, 68.68132218280344, 35.630863837450484, 39.51868269478989, 60.16893398800137, 25.66648103287125, 67.25388056050909, 63.54490394680958, 51.96200135052066, 66.58527573762493, 17.589219194114545, 64.89077834853684, 95.24901654249602, 57.93467582643646, 39.00039413587721, 35.10346722117049, 70.31555263601174, 56.009928054961286, 41.338999165279134, 49.68896205307079, 57.133087090062325, 62.8708154192891, 17.346625268522217, 25.11231084264679, 53.152160392063365, 42.1990009603287, 52.266425460660116, 24.78945433659021, 18.32979641838432, 21.94609837597766, 30.270456322683124, 80.177402905264, 95.47277866756312, 67.06460014095867, 76.83209413761415, 55.083124370775074, 82.10404732480282, 30.799105978651053, 50.11895830429396, 61.3995162971591, 33.307469206165926, 54.55982997929369, 49.717468988772765, 27.909493819471695, 48.015083788819524, 50.67881735142047, 74.26744098943954, 78.22898597089313, 28.915198260814226, 20.100608585299227, 80.56666083962607, 64.39451466062654, 10.934852902760712, 45.14390517598171, 72.08660050197018, 51.80288248147743, 32.83862459762563, 27.26195016333522], [68.68132218280344, 0.0, 53.709656853034346, 35.33587821130323, 30.113450446658515, 44.684715638159076, 6.36641732464046, 71.38472005547226, 19.3619784832739, 3.4538381935375813, 68.24487726179147, 24.11751812979619, 38.189103338852824, 66.4611069145057, 31.420748269904678, 56.09694824404437, 72.75867885964145, 47.50536381745223, 27.448572961943853, 32.996180471714766, 15.745025770719193, 86.63462624669033, 64.30685929164689, 54.76098158595883, 38.18792165953151, 47.193676460981166, 56.69915851529283, 66.58130057035, 50.53871573024917, 46.74724396083091, 46.586526176886046, 58.416270901414244, 36.45355146160173, 28.977294168615362, 55.84758485949259, 78.41889372190323, 55.52944661873053, 68.16790883256546, 35.00038859433335, 23.71330418531574, 47.973766394260345, 31.60830100770042, 46.0242394374145, 94.50927938652927, 24.648296953548442, 22.352635170454633, 50.814818537753894, 40.42087511564994, 62.97995833210748, 88.65670936392546, 12.101271643874043, 28.439058486957826, 60.99930314176883, 79.08030101818893, 46.94055917213367, 59.68045073864287, 98.32551276550043, 48.082821315501185], [35.630863837450484, 53.709656853034346, 0.0, 44.67935357444284, 31.536018369525813, 20.34061988525513, 49.29245350227694, 30.402360675857228, 34.46033159523559, 53.36013428305873, 22.34728425720293, 63.180707748818556, 67.32411332072783, 24.234976235872047, 25.25809021495851, 56.168909995827875, 36.34246826479601, 21.168649880111804, 31.783273844159076, 22.425242781457296, 38.143514723913846, 37.490917691304794, 46.566100899131186, 10.68412065421945, 21.785434066027506, 56.73578171120219, 70.25549302097292, 53.91317198862664, 25.697770403468144, 26.96940671846697, 44.392306987194964, 91.11624292085253, 68.45317461302344, 38.39029929818991, 87.66643484695688, 28.453373336150907, 91.0399061766526, 59.4212424614047, 21.344106256408306, 59.934284953287026, 48.890930244961545, 58.28228964397326, 15.440245931638852, 62.13387026298136, 29.17026229431194, 47.22428032123201, 83.53271624027796, 46.23049152500537, 11.080955233584953, 52.09991044388436, 63.14779102355274, 36.070746624098796, 24.874583156638696, 25.73730192792835, 37.91717855069014, 71.38031707743151, 67.45000277268818, 12.804632533617346], [39.51868269478989, 35.33587821130323, 44.67935357444284, 0.0, 44.75348965969791, 25.22443167501639, 36.903676470448225, 73.23046693465896, 27.539547986188182, 32.28529660652555, 46.80553472562039, 25.408093827146267, 70.74801262116296, 67.063087315478, 22.643862378401863, 21.23616401447483, 77.72177211742216, 53.442014023316275, 17.368769340051774, 37.988665128623055, 31.488498324326056, 82.12567946541913, 30.22043758918869, 38.552666757813, 44.900441378199766, 14.753002542994844, 27.960825846017226, 31.411824359041294, 25.137238186432537, 21.317234652012022, 11.565265728418328, 46.59137420935279, 69.75656705363483, 49.23225401805225, 43.12160398966776, 73.08469269776936, 46.9429083050935, 32.84675407597096, 40.01277285723409, 21.95294687920342, 12.678348191245842, 15.501468151213345, 48.16030590235051, 61.683407882674146, 27.89585188714056, 13.263711052423384, 39.22342291472159, 63.04350694979924, 48.36709576682351, 57.88324420070698, 47.20163371841229, 46.947971205343464, 36.109319372586256, 68.33209049961305, 63.17545271950728, 30.040775448401327, 64.8415740834089, 32.63173185007634], [60.16893398800137, 30.113450446658515, 31.536018369525813, 44.75348965969791, 0.0, 35.097667497517754, 23.96623714637714, 41.66985301736879, 18.101936669835332, 31.597243041821635, 52.18281872031321, 49.57498021992399, 36.09596951395753, 37.22289999830725, 24.459863220204646, 64.42330689434593, 42.662573151711946, 18.001497810421803, 27.61783703793104, 10.503613499734165, 16.76476218314923, 58.082732050801326, 63.83553532899388, 37.83975718639797, 10.26394396360349, 59.50490220672507, 72.39626381290826, 69.1876966572655, 43.24343241484326, 41.193542663135815, 51.881754531863635, 83.46233731270063, 37.01109589305826, 7.056860846164335, 80.39229893735845, 50.56025444599178, 81.62583127598066, 73.08528833155799, 10.544078466017575, 47.494440359313174, 55.42619860490939, 51.14875660380284, 18.535718321266298, 88.07804099083208, 16.89404847763781, 37.94572677037359, 75.48970483674098, 19.06949393303734, 42.54366203967559, 79.47076589602923, 35.623467433877394, 4.553158961145831, 49.752835540035484, 53.78219148949201, 18.99591604842439, 74.68894101163605, 92.9302787441927, 33.257313209923566], [25.66648103287125, 44.684715638159076, 20.34061988525513, 25.22443167501639, 35.097667497517754, 0.0, 42.38993762049107, 50.41191558914101, 26.69205057076635, 43.11136979715897, 24.11276504060743, 47.04919022569611, 69.62925476978742, 44.18279642897968, 13.632316906237717, 36.13104938759465, 55.860760580925046, 35.04801062934804, 17.563010258707735, 24.83672583616164, 31.789970346746845, 57.29201284891143, 29.65518963977913, 13.370867806454756, 29.57261212753932, 36.43660385866832, 49.91961814679729, 36.07653780927205, 8.177225799639745, 7.229552103997705, 24.081873371946713, 71.7856903132378, 69.81151124687896, 41.80501827199995, 68.3110248935985, 48.28039160587975, 72.14795818824207, 40.988861060832676, 25.711832204418748, 43.56430083741641, 28.573299105882526, 39.95783622026649, 28.753367573527722, 53.3821196889587, 22.43117229779169, 31.018379096573423, 64.44688596826698, 53.76697013184874, 23.203757000767673, 45.61873184252357, 56.13902224988366, 39.12426994032175, 16.477466804865685, 43.10858844833936, 49.308831105008586, 51.04798988019357, 58.05812662031419, 7.627434140379626], [67.25388056050909, 6.36641732464046, 49.29245350227694, 36.903676470448225, 23.96623714637714, 42.38993762049107, 0.0, 65.46043322698769, 15.877972336861909, 8.846559473459813, 65.26317127627053, 29.572928841131382, 34.35742256117601, 60.68579825501136, 28.791526871425013, 58.07669756374292, 66.6265059414522, 41.59986152190265, 26.0282914031731, 27.792236019869076, 11.262782250213755, 81.09451620899426, 64.505188950585, 51.35710861360437, 32.48249628445214, 49.89373225195501, 60.363749714130996, 67.48827183570506, 48.93637471653833, 45.37445950750086, 47.62219527879724, 64.11672188565976, 33.05127381629729, 22.610896982243936, 61.43584079365391, 73.04080822150897, 61.41855754073867, 69.60478909005026, 29.655601263918385, 28.689217413825908, 49.553370463319254, 35.66936201134507, 40.51863852511559, 93.83169248542956, 20.88484596118725, 24.759754279830275, 56.39984811481138, 34.252710401073955, 59.048619734727055, 87.34466711392908, 14.04293995228956, 22.10529553525809, 58.86274570592266, 74.29797229010667, 40.57414469653352, 63.23123633278289, 97.89875364136955, 44.89031760005015], [63.54490394680958, 71.38472005547226, 30.402360675857228, 73.23046693465896, 41.66985301736879, 50.41191558914101, 65.46043322698769, 0.0, 55.043291769342346, 72.37854746688126, 46.88809847764159, 87.40628514052396, 68.21924749791954, 6.234030340533577, 51.28638163843419, 86.48220909057724, 7.199634240672336, 23.87945946743545, 57.712049039523365, 39.56587965132154, 56.39486952799777, 18.73836845168357, 76.5219586318939, 40.442214063161366, 33.35950445531115, 86.33940428614483, 99.98834898148095, 84.04060268910436, 56.090175556622, 57.28537919924501, 74.45846375181566, 118.5491947220175, 70.56795362776508, 45.43343013181653, 115.18456673964342, 15.467447176981487, 117.79523306762385, 89.66852508787905, 37.302063265195024, 84.60861004586165, 78.93026285751802, 85.13204434206735, 26.463981046063296, 87.05176850608721, 50.67682206342469, 72.65780432863434, 110.70057287480526, 43.91226267064366, 34.64211302297997, 76.14432554402167, 77.16236889628246, 44.612131409846405, 53.666422503719424, 26.261840347076383, 32.01457415770315, 101.31724044378696, 92.52864529936633, 43.09138935882641], [51.96200135052066, 19.3619784832739, 34.46033159523559, 27.539547986188182, 18.101936669835332, 26.69205057076635, 15.877972336861909, 55.043291769342346, 0.0, 18.91180964716106, 49.392202463177654, 32.6552228630403, 45.041517754065964, 49.55693226932947, 13.06201211011694, 48.20749858673344, 57.63955227360681, 31.753876713791424, 11.954149361235768, 15.477531551087363, 5.186881860276202, 68.76765069573027, 51.13584425391933, 35.57957651640549, 22.05199157216622, 42.14284820304616, 54.642914918281036, 55.21440932189968, 33.65608934633059, 30.366384336640024, 36.261671404006606, 65.74606674380092, 44.656768263515126, 21.75158266991244, 62.60008364226153, 60.22564956497049, 64.19320533461035, 58.25970618430939, 17.74875127082488, 30.17004804964561, 39.21250576061461, 33.08451379187504, 28.687205509245597, 79.07825765206731, 5.2995581074947555, 19.862388307185668, 57.76290330669433, 35.58622192574558, 43.622537407070126, 72.05285571110517, 29.870007912140856, 19.58322605753707, 43.160149875543404, 60.01629992153455, 37.08651705443055, 57.06530217139507, 83.39154458174283, 29.03831731438231], [66.58527573762493, 3.4538381935375813, 53.36013428305873, 32.28529660652555, 31.597243041821635, 43.11136979715897, 8.846559473459813, 72.37854746688126, 18.91180964716106, 0.0, 66.92791972581219, 20.89004823198839, 41.63089680780936, 67.2768411524261, 30.16561409520803, 52.88403376980385, 74.0678026296223, 48.54083839477834, 25.64495381329615, 33.419467486625074, 16.09762140145599, 87.15038543906954, 61.58251626085983, 53.74194066032452, 39.04020172504375, 43.854862983937856, 53.25168218175876, 63.62747488934443, 48.59020008328444, 44.71454746710007, 43.642724296667886, 55.34049322217374, 39.9071422800899, 31.13534121825621, 52.70910057233833, 78.78527066157166, 52.58381220910125, 65.06678356343296, 35.52567899081645, 20.33239071645562, 44.87308929861701, 28.154676841012442, 46.62081464370535, 92.05415029129145, 24.190922819864017, 19.17041275843448, 47.67281689264751, 43.09068999609529, 62.256782289163496, 86.46941338573468, 14.921680250860883, 30.353245312429586, 59.261268189511526, 78.92439599180736, 49.049089822588, 56.238034997903455, 95.7710074332845, 46.976671294286376], [17.589219194114545, 68.24487726179147, 22.34728425720293, 46.80553472562039, 52.18281872031321, 24.11276504060743, 65.26317127627053, 46.88809847764159, 49.392202463177654, 66.92791972581219, 0.0, 70.608595656658, 88.2745948336003, 41.638970539322884, 36.82646240574887, 49.245078900793274, 53.87407346941714, 43.49217315808996, 41.60860982017888, 41.99391773879122, 54.155897654517844, 45.28562042826583, 33.70326925369333, 14.448439411609286, 43.30036025407733, 53.99083738837946, 65.90083184867532, 41.472960660323565, 21.6721107398588, 25.539622303406432, 40.897675986871675, 91.7601261481952, 89.07203440944625, 59.23050676478809, 88.30608346715773, 37.54025665954019, 92.92233855517132, 47.511377968813406, 41.63874656549839, 67.08007076055566, 44.93344330288889, 62.26348379022714, 37.74906201788955, 40.65891866222465, 44.452568204320876, 54.821386608321, 85.050754292754, 68.30102045454265, 12.721467684510916, 30.15054660888662, 79.25821583391857, 56.7083621289159, 11.436475190346602, 27.630157300700922, 60.26346421376103, 66.02343635036625, 46.095296911614476, 20.402047485106674], [64.89077834853684, 24.11751812979619, 63.180707748818556, 25.408093827146267, 49.57498021992399, 47.04919022569611, 29.572928841131382, 87.40628514052396, 32.6552228630403, 20.89004823198839, 70.608595656658, 0.0, 61.84384486820735, 81.7117727338223, 37.93028302570283, 40.771287517801255, 90.26909730449624, 64.39445458581743, 31.40930652958421, 47.98889387493406, 32.81033216833639, 99.85861209858574, 54.74271979919251, 60.00992030200137, 54.702438789715316, 30.223389737383417, 35.6891009850465, 54.231125910453144, 49.37735247070156, 45.318924626926965, 36.05659672148878, 34.59774096503947, 59.80583628722882, 50.7129003839451, 31.865234248906855, 90.99792597199101, 32.21188121873011, 53.8158559904875, 50.283226434546435, 3.5412752849610682, 35.13279333046422, 12.148340364742406, 60.94240333529088, 86.4027814809383, 36.731621268722606, 16.143857223928784, 26.83025085043838, 63.47288175498079, 69.64787875509087, 83.1980087634168, 32.06335853574834, 49.432874846654556, 60.63659933454677, 88.62964916547926, 68.16878241877207, 38.87091198586667, 89.15005607206402, 53.30303734235991], [95.24901654249602, 38.189103338852824, 67.32411332072783, 70.74801262116296, 36.09596951395753, 69.62925476978742, 34.35742256117601, 68.21924749791954, 45.041517754065964, 41.63089680780936, 88.2745948336003, 61.84384486820735, 0.0, 66.12859604135227, 56.902762833955755, 91.98121850515061, 65.68468302803866, 49.46145563337713, 56.98860522822287, 46.36685767420394, 40.11574538261225, 86.81293021366601, 96.15395938323178, 73.90354625226149, 45.545266637917514, 84.19063048453991, 94.64497774284474, 100.17460990774984, 77.45585546691206, 74.68002247145924, 80.80211194095192, 95.01782897313589, 3.2830459075327996, 29.06320605786516, 92.80244154468579, 81.14777937462881, 91.48164121205815, 102.92093459164283, 46.63828219508181, 61.824571817293844, 83.22489429845452, 69.71481834483237, 52.87581213722145, 123.00639698555638, 47.77800537666389, 59.088065653486154, 87.84355924175166, 24.323538753645174, 78.40031168236148, 114.97084490307424, 30.792866271210016, 31.566328306124635, 85.24915065023787, 87.11952586323196, 36.20836810698945, 97.5481535227568, 127.61114422156415, 68.99693026220183], [57.93467582643646, 66.4611069145057, 24.234976235872047, 67.063087315478, 37.22289999830725, 44.18279642897968, 60.68579825501136, 6.234030340533577, 49.55693226932947, 67.2768411524261, 41.638970539322884, 81.7117727338223, 66.12859604135227, 0.0, 45.24077405647402, 80.26410980053143, 12.391872789235103, 19.22179576916082, 51.71253149010791, 34.1199000479635, 51.20968320768804, 21.134420999818335, 70.52272768551704, 34.409835543935, 28.27572105723594, 80.1154866350005, 93.76109876663244, 77.99644198145856, 49.93263034542687, 51.07308764378494, 68.22529113744764, 112.5296597342898, 68.272854787952, 41.63463695410146, 109.15293504517453, 15.146120014651787, 111.85290045900429, 83.58540807055574, 31.89794616032595, 78.85095484856106, 72.69651162327123, 79.13404054188264, 20.87012021765753, 82.10421281247338, 45.02899164735318, 66.77318008528596, 104.70366400733471, 41.86941661967675, 29.146528348676433, 71.30132541115559, 72.84606071734693, 40.532350391809665, 47.855651134446376, 23.860372229436837, 30.16060207779518, 95.08408270136752, 87.57214967312636, 36.882514172718594], [39.00039413587721, 31.420748269904678, 25.25809021495851, 22.643862378401863, 24.459863220204646, 13.632316906237717, 28.791526871425013, 51.28638163843419, 13.06201211011694, 30.16561409520803, 36.82646240574887, 37.93028302570283, 56.902762833955755, 45.24077405647402, 0.0, 40.43693926166214, 55.359858418628725, 30.79894276837798, 6.615065874478817, 15.846309371395092, 18.182476674175227, 62.14922425457096, 39.746667198587375, 23.66266457448152, 22.486752322148337, 36.959727973857156, 50.48596319540539, 44.778624932001215, 20.77279129219981, 17.781420630794702, 27.72859027466548, 67.2909677290179, 56.847688824213016, 30.42056126434053, 63.912161727408886, 53.20999049036864, 66.71734928141935, 48.62861175234465, 17.665316528051456, 34.71481652282765, 31.571577590132005, 33.923213530940366, 25.606212607137294, 66.36075737205545, 9.140364995011135, 22.07707335441139, 59.482061159433606, 43.52191663086144, 32.62089743295567, 59.06605356236356, 42.62900512874571, 27.80385308331754, 30.106405588361575, 50.835178181142176, 41.55519644323923, 52.36719988684432, 70.81737177296603, 16.843412193755313], [35.10346722117049, 56.09694824404437, 56.168909995827875, 21.23616401447483, 64.42330689434593, 36.13104938759465, 58.07669756374292, 86.48220909057724, 48.20749858673344, 52.88403376980385, 49.245078900793274, 40.771287517801255, 91.98121850515061, 80.26410980053143, 40.43693926166214, 0.0, 91.99003535546791, 70.01389600285334, 36.91873257716414, 56.264716675001594, 52.48640374926056, 91.64189052318648, 18.719619806887387, 47.07178699452377, 62.680886604643305, 10.688011365729501, 17.168902186277375, 14.621453120805736, 30.885725921164184, 29.20528288509416, 12.753715874720811, 45.847145461559464, 90.98742861780525, 69.55473788384181, 42.6542474026928, 82.86282896178022, 48.41332659816328, 13.052699497353235, 57.98028523427277, 38.046729402530374, 9.024218720376199, 28.622968245246142, 64.0348562358443, 48.214021156116935, 47.63764331236372, 33.74458028301278, 40.84713767675078, 83.21957105913616, 55.77999755449422, 48.0050932402911, 67.66166607779473, 67.12852481480452, 37.928952557685236, 75.44516303998702, 81.99088335507035, 16.83697882972132, 49.9877540950304, 43.39952346071244], [70.31555263601174, 72.75867885964145, 36.34246826479601, 77.72177211742216, 42.662573151711946, 55.860760580925046, 66.6265059414522, 7.199634240672336, 57.63955227360681, 74.0678026296223, 53.87407346941714, 90.26909730449624, 65.68468302803866, 12.391872789235103, 55.359858418628725, 91.99003535546791, 0.0, 25.887398891764093, 61.581859377742695, 42.30388328225331, 58.381340046791614, 23.32357570738439, 82.8105644248881, 46.69833047952557, 35.59676066961541, 91.25208061948622, 104.92997366875983, 90.23289353171774, 61.98631195525462, 62.89420630941389, 79.74180415195393, 122.28401824730295, 68.24961911979649, 45.39880464617696, 118.96963808081158, 22.006883778588982, 121.26805672982564, 95.76367638979386, 40.00705776485837, 87.64224731931505, 84.17272164063841, 88.8685189502976, 29.85462892217095, 94.16312876989139, 53.672689389558265, 76.08999135447843, 114.36903737267467, 41.687353039505005, 41.483575066112984, 83.27949660111753, 77.49278399092154, 44.99383723889903, 60.241786378218904, 33.259244585268746, 29.96434939624754, 106.40316077779218, 99.63855025675326, 48.76975226628386], [56.009928054961286, 47.50536381745223, 21.168649880111804, 53.442014023316275, 18.001497810421803, 35.04801062934804, 41.59986152190265, 23.87945946743545, 31.753876713791424, 48.54083839477834, 43.49217315808996, 64.39445458581743, 49.46145563337713, 19.22179576916082, 30.79894276837798, 70.01389600285334, 25.887398891764093, 0.0, 36.55897959675237, 16.502680889403198, 32.642212630457045, 40.14200154788179, 64.44080574473007, 30.99553521999226, 9.710795624734907, 67.65279064638618, 81.24433281047384, 71.10624031747523, 42.64059207416267, 42.24657088385817, 57.32576819351765, 96.77174334536319, 51.18707476253043, 22.7818045168656, 93.50499362006096, 32.917812365603716, 95.58019901985033, 76.01663199883274, 14.21397552951612, 61.8068354795108, 61.537435574112216, 63.45378177253598, 6.399130646980782, 83.10270027797604, 27.913676634634765, 50.4824812617108, 88.82079778758992, 26.321622325590337, 31.537103285551265, 73.22384462947825, 53.62495861140422, 21.442077212571405, 45.07853667032906, 37.67663897962299, 16.81876025229156, 83.03669712750808, 88.35923823452728, 29.63020156005815], [41.338999165279134, 27.448572961943853, 31.783273844159076, 17.368769340051774, 27.61783703793104, 17.563010258707735, 26.0282914031731, 57.712049039523365, 11.954149361235768, 25.64495381329615, 41.60860982017888, 31.40930652958421, 56.98860522822287, 51.71253149010791, 6.615065874478817, 36.91873257716414, 61.581859377742695, 36.55897959675237, 0.0, 20.690842386012115, 16.934208433034403, 68.76347306413203, 39.23520801922529, 29.29700106792138, 27.675438315234587, 32.07211505695502, 45.307777715097465, 43.273911698706875, 23.10726277051942, 19.400461411470317, 24.609309572321916, 60.83801233210507, 56.552455088408266, 32.653588610111115, 57.4801634316706, 59.82032277634546, 60.168863736345926, 46.441041867931695, 22.780543037098383, 28.151479256239686, 27.897063670701517, 27.423017357636066, 31.736017475842623, 67.82437119975579, 10.741902693168711, 15.472920390620132, 52.993207450445205, 46.302610103130284, 38.62275331037492, 61.394518442332185, 39.236820386440044, 30.210607611686548, 33.61829515069955, 57.245005944174665, 45.827145346945315, 47.4072874873466, 71.96331510120727, 22.446073548312437], [49.68896205307079, 32.996180471714766, 22.425242781457296, 37.988665128623055, 10.503613499734165, 24.83672583616164, 27.792236019869076, 39.56587965132154, 15.477531551087363, 33.419467486625074, 41.99391773879122, 47.98889387493406, 46.36685767420394, 34.1199000479635, 15.846309371395092, 56.264716675001594, 42.30388328225331, 16.502680889403198, 20.690842386012115, 0.0, 17.341345973785504, 53.7315480634818, 54.02795075432207, 27.571154334363133, 7.055150115685903, 52.57302419416969, 65.94942610486589, 59.75458672744416, 33.012546117973, 31.245294424789847, 43.534828717319286, 80.30604934952787, 47.0824933338978, 17.50284417652654, 77.05650628993138, 45.427781523420556, 79.07836424743168, 63.98511455781036, 2.2968296300032707, 45.33858187979347, 47.417372512698144, 47.05393645060787, 13.277066892390145, 77.59807700964629, 11.412124589703698, 34.010586685587235, 72.3468554441487, 28.93441412291979, 33.10208280682207, 68.96961645900006, 41.23997650944951, 14.879662438752236, 39.24922216648756, 46.61967084227844, 25.735973488806827, 67.96609080300503, 82.47574110214411, 22.763895994335893], [57.133087090062325, 15.745025770719193, 38.143514723913846, 31.488498324326056, 16.76476218314923, 31.789970346746845, 11.262782250213755, 56.39486952799777, 5.186881860276202, 16.09762140145599, 54.155897654517844, 32.81033216833639, 40.11574538261225, 51.20968320768804, 18.182476674175227, 52.48640374926056, 58.381340046791614, 32.642212630457045, 16.934208433034403, 17.341345973785504, 0.0, 71.06876960866903, 56.169193487520616, 40.144753577309686, 23.035946049714124, 45.817549368762016, 57.846636717534224, 60.06022142210178, 38.83501883527179, 35.55266169410827, 40.83616907246237, 66.8140830083698, 39.62064209220123, 18.796672664429828, 63.79382297683172, 62.75506728323925, 64.8849345237395, 62.921090649406025, 19.429212675514165, 30.770361337369216, 43.55528808915433, 35.07298317983336, 30.523195476374507, 84.26404075677958, 9.7035367814668, 22.137350841972424, 58.85659300382505, 32.47325236362209, 47.79115201311814, 77.21922970884789, 25.294341176481726, 17.043382784960393, 48.23632915502208, 63.37127276094271, 35.50616419132869, 60.40972750351107, 88.56879145974037, 33.756611717476055], [62.8708154192891, 86.63462624669033, 37.490917691304794, 82.12567946541913, 58.082732050801326, 57.29201284891143, 81.09451620899426, 18.73836845168357, 68.76765069573027, 87.15038543906954, 45.28562042826583, 99.85861209858574, 86.81293021366601, 21.134420999818335, 62.14922425457096, 91.64189052318648, 23.32357570738439, 40.14200154788179, 68.76347306413203, 53.7315480634818, 71.06876960866903, 0.0, 78.43620921594724, 44.74572500015179, 48.64103927441464, 93.60299845846968, 106.86913028205072, 86.22929040983031, 60.83688209757978, 63.14920484481278, 80.80240362519405, 128.60656053845304, 89.08394897621051, 62.74218641593109, 125.15553734180283, 9.04151128063213, 128.49829810025895, 92.19555168007477, 51.654280935455034, 96.76123075395566, 85.2794546663529, 95.70084451583119, 40.612488738971926, 81.84224141988034, 63.84910775992531, 84.21818960517308, 121.01744628835587, 62.489397602371795, 35.92111332084465, 70.7945131721086, 93.65628568324836, 61.564423398806014, 54.977451307190435, 17.9612098207919, 50.61750417019754, 107.68926743348321, 87.22018976221533, 49.68214005356045], [17.346625268522217, 64.30685929164689, 46.566100899131186, 30.22043758918869, 63.83553532899388, 29.65518963977913, 64.505188950585, 76.5219586318939, 51.13584425391933, 61.58251626085983, 33.70326925369333, 54.74271979919251, 96.15395938323178, 70.52272768551704, 39.746667198587375, 18.719619806887387, 82.8105644248881, 64.44080574473007, 39.23520801922529, 54.02795075432207, 56.169193487520616, 78.43620921594724, 0.0, 36.11633753450388, 59.19260830084485, 27.61544814224422, 35.72588406091263, 7.799042686708093, 21.801370907516826, 22.801525817395742, 18.796699028223617, 64.54564976176161, 95.7829285533305, 70.10801592381094, 61.32394397389412, 70.14292896151387, 66.9802841975292, 13.815685271815903, 55.148636452890955, 51.49978768192921, 19.906278318366525, 43.14019475056675, 58.06488727976117, 31.66021561188621, 48.63771148018095, 43.24265388678886, 59.309546549859796, 82.8317106183491, 42.92729101092912, 29.65086108775339, 76.39632390582258, 67.46387116137811, 23.49446546906392, 61.17166939856337, 78.9532649964036, 34.92417486621391, 34.62454079617141, 35.003231237352935], [25.11231084264679, 54.76098158595883, 10.68412065421945, 38.552666757813, 37.83975718639797, 13.370867806454756, 51.35710861360437, 40.442214063161366, 35.57957651640549, 53.74194066032452, 14.448439411609286, 60.00992030200137, 73.90354625226149, 34.409835543935, 23.66266457448152, 47.07178699452377, 46.69833047952557, 30.99553521999226, 29.29700106792138, 27.571154334363133, 40.144753577309686, 44.74572500015179, 36.11633753450388, 0.0, 29.329189059134446, 48.96451325074896, 62.13415574865077, 43.59883253802702, 16.186151090089133, 18.43686820744697, 36.06746196772294, 85.04909361035081, 74.65338986604696, 44.89593737031474, 81.57140021389337, 35.859609902338946, 85.49338243843823, 49.24423727432925, 27.30635349448107, 56.570879096731936, 40.537506683443134, 53.3145581291034, 24.79941531675683, 52.157407986298246, 30.47232119918268, 43.87896191710801, 77.77095589008545, 54.53053513169783, 9.83293840782652, 42.5464326516483, 65.39705223544073, 42.344733940913876, 14.252591969454757, 29.81259806625573, 47.3683494652698, 62.94919279129, 57.38126375252291, 6.858595483557316], [53.152160392063365, 38.18792165953151, 21.785434066027506, 44.900441378199766, 10.26394396360349, 29.57261212753932, 32.48249628445214, 33.35950445531115, 22.05199157216622, 39.04020172504375, 43.30036025407733, 54.702438789715316, 45.545266637917514, 28.27572105723594, 22.486752322148337, 62.680886604643305, 35.59676066961541, 9.710795624734907, 27.675438315234587, 7.055150115685903, 23.035946049714124, 48.64103927441464, 59.19260830084485, 29.329189059134446, 0.0, 59.4031007699477, 72.84940712437991, 65.31005149719795, 37.6553278023872, 36.44526894048988, 49.927322914793514, 87.30217712619036, 46.736509405516735, 16.74257380149369, 84.0657834934296, 40.77459935852918, 86.00765877731168, 69.81014339135683, 4.895239983361841, 52.148672597565515, 53.93655284853886, 54.090079392786016, 8.352870232547698, 80.91601610656917, 18.388467448356806, 41.01327151939869, 79.3362686099664, 25.231719519666417, 32.86591240734343, 71.72851697381536, 45.14249731061326, 14.615378206825536, 42.366991477606604, 43.5363993772569, 19.781073347786446, 74.80911217105654, 85.96812452135629, 25.895396184879832], [42.1990009603287, 47.193676460981166, 56.73578171120219, 14.753002542994844, 59.50490220672507, 36.43660385866832, 49.89373225195501, 86.33940428614483, 42.14284820304616, 43.854862983937856, 53.99083738837946, 30.223389737383417, 84.19063048453991, 80.1154866350005, 36.959727973857156, 10.688011365729501, 91.25208061948622, 67.65279064638618, 32.07211505695502, 52.57302419416969, 45.817549368762016, 93.60299845846968, 27.61544814224422, 48.96451325074896, 59.4031007699477, 0.0, 13.678708366030392, 24.980069407513394, 33.36776718861385, 30.536351422048345, 13.165271855213865, 38.08885925536765, 82.94350809114782, 63.884664077996305, 34.6994316470399, 84.6286433050762, 39.908285278282875, 23.71203239611828, 54.53718680202783, 27.64415609416434, 9.09722161023191, 18.098026201539295, 62.11055382756153, 58.3830885566397, 42.64784749139075, 25.13847325327173, 32.087446753300746, 77.71252745211049, 58.40609540625783, 57.265760978857216, 58.35291730809336, 61.64030182038234, 42.57933665465246, 78.48271324406264, 77.89894778349793, 15.408144535611893, 60.42333239302478, 44.058200220626325], [52.266425460660116, 56.69915851529283, 70.25549302097292, 27.960825846017226, 72.39626381290826, 49.91961814679729, 60.363749714130996, 99.98834898148095, 54.642914918281036, 53.25168218175876, 65.90083184867532, 35.6891009850465, 94.64497774284474, 93.76109876663244, 50.48596319540539, 17.168902186277375, 104.92997366875983, 81.24433281047384, 45.307777715097465, 65.94942610486589, 57.846636717534224, 106.86913028205072, 35.72588406091263, 62.13415574865077, 72.84940712437991, 13.678708366030392, 0.0, 30.405484720212705, 46.210375066669855, 43.72125502784468, 26.067420838133753, 29.499664551057926, 93.09623762923448, 76.3460569379783, 26.5677474239581, 97.93739416743871, 32.74126833658004, 26.449912284611703, 67.96585139797803, 34.22206177640562, 21.602368381660597, 25.174091718280042, 75.75818280582973, 63.30633387623751, 55.6758638376781, 36.05416598387506, 25.81653796881186, 90.16948533521318, 71.36863083433289, 64.42187043669534, 66.83059694082192, 74.22609496135951, 54.48463965877246, 91.34136705878335, 91.02913847183173, 3.2031497528389994, 64.23672349769636, 57.51588203845549], [24.78945433659021, 66.58130057035, 53.91317198862664, 31.411824359041294, 69.1876966572655, 36.07653780927205, 67.48827183570506, 84.04060268910436, 55.21440932189968, 63.62747488934443, 41.472960660323565, 54.231125910453144, 100.17460990774984, 77.99644198145856, 44.778624932001215, 14.621453120805736, 90.23289353171774, 71.10624031747523, 43.273911698706875, 59.75458672744416, 60.06022142210178, 86.22929040983031, 7.799042686708093, 43.59883253802702, 65.31005149719795, 24.980069407513394, 30.405484720212705, 0.0, 28.629441155498746, 28.944474426815603, 19.99479667003983, 59.802479744166114, 99.57974100377706, 75.16824481158886, 56.733294697316175, 77.91383802467055, 62.67521304711991, 6.04562523653579, 61.051933467330095, 51.2322490734003, 19.307212031967026, 42.20108176833356, 64.77655663336452, 33.59610313359769, 53.31404551104246, 44.67333346944152, 55.24593286711492, 88.25560399569387, 50.66665077217598, 34.025194151843465, 78.54800926934044, 72.56981695533773, 31.27127622160652, 68.96748798444848, 85.08624987767188, 29.095683113516877, 35.444838898412684, 41.99690596086957], [18.32979641838432, 50.53871573024917, 25.697770403468144, 25.137238186432537, 43.24343241484326, 8.177225799639745, 48.93637471653833, 56.090175556622, 33.65608934633059, 48.59020008328444, 21.6721107398588, 49.37735247070156, 77.45585546691206, 49.93263034542687, 20.77279129219981, 30.885725921164184, 61.98631195525462, 42.64059207416267, 23.10726277051942, 33.012546117973, 38.83501883527179, 60.83688209757978, 21.801370907516826, 16.186151090089133, 37.6553278023872, 33.36776718861385, 46.210375066669855, 28.629441155498746, 0.0, 4.089583621560761, 20.249798021585452, 70.51177481894096, 77.52461461700216, 49.900507379398405, 67.0403732228919, 52.00568047084631, 71.45084039105943, 33.891938429219536, 33.876871530279516, 45.83623370146952, 24.633679748149362, 40.61201985399309, 36.26872984792382, 45.61266132689899, 29.870130231173093, 34.023215126831055, 63.602747531537865, 61.94397251168765, 25.15903198426772, 38.43031253108586, 62.33704684372962, 47.220559378482946, 11.27814470072967, 45.16065513042617, 57.336490089487924, 46.88442997592283, 50.15533739880875, 13.3828212444629], [21.94609837597766, 46.74724396083091, 26.96940671846697, 21.317234652012022, 41.193542663135815, 7.229552103997705, 45.37445950750086, 57.28537919924501, 30.366384336640024, 44.71454746710007, 25.539622303406432, 45.318924626926965, 74.68002247145924, 51.07308764378494, 17.781420630794702, 29.20528288509416, 62.89420630941389, 42.24657088385817, 19.400461411470317, 31.245294424789847, 35.55266169410827, 63.14920484481278, 22.801525817395742, 18.43686820744697, 36.44526894048988, 30.536351422048345, 43.72125502784468, 28.944474426815603, 4.089583621560761, 0.0, 17.658749364688585, 67.14452281205875, 74.62176192976793, 47.65163234051683, 63.66723088933903, 54.218501749708906, 67.92344985570911, 33.772789116772316, 32.3477636372436, 41.77839544958079, 22.14749183995052, 36.73364476067317, 35.97055181782166, 48.7124242813232, 26.919287911068082, 29.93365922070347, 60.103409667336464, 60.11163242915892, 27.91283122825108, 41.99463249870367, 58.62072583729762, 44.983386733189604, 15.363330726093336, 48.01591669984664, 56.22411097112095, 44.62318649154867, 53.076330890909325, 14.195564139572536], [30.270456322683124, 46.586526176886046, 44.392306987194964, 11.565265728418328, 51.881754531863635, 24.081873371946713, 47.62219527879724, 74.45846375181566, 36.261671404006606, 43.642724296667886, 40.897675986871675, 36.05659672148878, 80.80211194095192, 68.22529113744764, 27.72859027466548, 12.753715874720811, 79.74180415195393, 57.32576819351765, 24.609309572321916, 43.534828717319286, 40.83616907246237, 80.80240362519405, 18.796699028223617, 36.06746196772294, 49.927322914793514, 13.165271855213865, 26.067420838133753, 19.99479667003983, 20.249798021585452, 17.658749364688585, 0.0, 50.923458994833986, 80.04230702936012, 57.23260129297546, 47.486514693406825, 71.87713108341259, 52.35087206328872, 22.119554315383255, 45.23254163438649, 32.75845136141297, 4.502060870255503, 24.776320677677482, 51.40690068633589, 50.41523821886093, 35.22322614484616, 24.794367951125572, 44.46836801457304, 70.78863469492674, 45.36651687489989, 47.333284502567174, 58.56070482775602, 54.75095473564472, 29.52253195041179, 65.40568146369179, 69.2683020278042, 27.00297593316943, 53.40270849552584, 31.597390617848717], [80.177402905264, 58.416270901414244, 91.11624292085253, 46.59137420935279, 83.46233731270063, 71.7856903132378, 64.11672188565976, 118.5491947220175, 65.74606674380092, 55.34049322217374, 91.7601261481952, 34.59774096503947, 95.01782897313589, 112.5296597342898, 67.2909677290179, 45.847145461559464, 122.28401824730295, 96.77174334536319, 60.83801233210507, 80.30604934952787, 66.8140830083698, 128.60656053845304, 64.54564976176161, 85.04909361035081, 87.30217712619036, 38.08885925536765, 29.499664551057926, 59.802479744166114, 70.51177481894096, 67.14452281205875, 50.923458994833986, 0.0, 92.64696562114571, 85.14937208430355, 3.479044835485681, 119.56720251757105, 5.120111012126593, 55.93591142940295, 82.57726888022256, 36.10221509786901, 47.160272439554284, 33.43145505109769, 92.44647249929356, 92.79146219168408, 68.91420238717708, 46.295488045147856, 7.983171215398581, 98.0598882835485, 94.81791705756186, 93.73829580461302, 64.29431574047642, 83.72870639413104, 80.43155374471795, 114.86038052714589, 102.31998042690068, 31.387292790810715, 93.58431778573573, 79.22303346954875], [95.47277866756312, 36.45355146160173, 68.45317461302344, 69.75656705363483, 37.01109589305826, 69.81151124687896, 33.05127381629729, 70.56795362776508, 44.656768263515126, 39.9071422800899, 89.07203440944625, 59.80583628722882, 3.2830459075327996, 68.272854787952, 56.847688824213016, 90.98742861780525, 68.24961911979649, 51.18707476253043, 56.552455088408266, 47.0824933338978, 39.62064209220123, 89.08394897621051, 95.7829285533305, 74.65338986604696, 46.736509405516735, 82.94350809114782, 93.09623762923448, 99.57974100377706, 77.52461461700216, 74.62176192976793, 80.04230702936012, 92.64696562114571, 0.0, 30.066014875730318, 90.49894985264099, 83.21712579965356, 89.02234575269125, 102.15378091533447, 47.50813887911342, 59.93973408053746, 82.31560819857069, 68.0573631784828, 54.29605025602671, 123.12939481651696, 47.70741866042034, 57.80631653844027, 85.56504259478504, 26.67183719076788, 79.50583903211337, 115.30622598284431, 28.353168564528143, 32.45813689788516, 85.6396480299288, 88.86163461599637, 38.56755009925412, 96.03931306442458, 127.65488686030744, 69.53670236351482], [67.06460014095867, 28.977294168615362, 38.39029929818991, 49.23225401805225, 7.056860846164335, 41.80501827199995, 22.610896982243936, 45.43343013181653, 21.75158266991244, 31.13534121825621, 59.23050676478809, 50.7129003839451, 29.06320605786516, 41.63463695410146, 30.42056126434053, 69.55473788384181, 45.39880464617696, 22.7818045168656, 32.653588610111115, 17.50284417652654, 18.796672664429828, 62.74218641593109, 70.10801592381094, 44.89593737031474, 16.74257380149369, 63.884664077996305, 76.3460569379783, 75.16824481158886, 49.900507379398405, 47.65163234051683, 57.23260129297546, 85.14937208430355, 30.066014875730318, 0.0, 82.22477684566832, 55.69913786006646, 82.92368431585942, 78.81459913719799, 17.59492290973735, 49.05544939663055, 60.530520358720125, 53.86263311936084, 24.64816731996776, 94.96523801547158, 22.025360357994398, 40.91206388534033, 77.24069724675947, 13.835208558570388, 49.43982437853398, 86.45947157855441, 32.11139710269438, 2.6807512877785578, 56.72525138584614, 59.806396921835756, 17.96333321532419, 78.80339837634816, 99.77252198589554, 40.265888163411084], [76.83209413761415, 55.84758485949259, 87.66643484695688, 43.12160398966776