instance_id,num_cities,city_coordinates,distance_matrix,best_route,total_distance
2300,34,"[[60.38914191753838, 14.49346052888787], [30.804323320789052, 39.04711410846225], [92.4328794616674, 81.51990245377547], [80.22826040712442, 43.33735748773465], [57.137490936254544, 43.11717157502225], [86.60687499097567, 65.37372289295638], [43.550813044940426, 28.992683047144297], [46.736525889994866, 2.2450128055856333], [44.82157686848532, 31.26599185594636], [62.99505503442202, 48.537007350763396], [3.896031951420753, 49.661907586986906], [45.05749491359292, 81.04414239171493], [33.880768705923344, 58.21080292255104], [33.729599438880356, 79.26704214761004], [65.59155255591901, 72.25661309425269], [78.82192108577534, 51.905436979782905], [6.191387645284429, 6.2454534821075764], [95.80546431828095, 2.491593301370887], [78.71328681102638, 48.66481683561397], [29.63871802507434, 70.76328131968309], [15.25108039949986, 20.886805969204758], [73.25481024720331, 47.910089236585165], [97.82217893019961, 50.243971240691934], [80.99079097390012, 14.65015772804552], [36.75859702624993, 39.58842363041282], [20.06143865460299, 81.73534999232047], [35.6094768094603, 15.7224744113185], [71.97658724253301, 34.25984803549104], [33.26574410495415, 93.55313526935471], [55.61220992751564, 78.70408395174829], [40.71148962735687, 52.61542665909986], [38.97766519607706, 32.34123891238659], [32.69428404422305, 40.98031681352027], [35.99823278823152, 92.75835463279536]]","[[0.0, 38.44663048315562, 74.29229457290543, 35.008013571415404, 28.807812623604026, 57.23784260213215, 22.220638443925957, 18.34171191644896, 22.883769109865987, 34.14313786672187, 66.5454066192564, 68.29386982929587, 51.12631295420245, 70.04532875851633, 57.996955702346554, 41.706394351793534, 54.82176746876517, 37.394661508566784, 38.774422986277585, 64.12395263389831, 45.58858918112569, 35.80777144359926, 51.762257255128304, 20.60224497120919, 34.4696942969632, 78.40787810593945, 24.810124505767998, 22.912419431848264, 83.58295806543407, 64.38806752488922, 42.9009825212234, 27.874621587030816, 38.32177851386737, 81.97749750541279], [38.44663048315562, 0.0, 74.84662104487529, 49.60979485310766, 26.645845538194155, 61.70101379228424, 16.234672286642926, 40.102739794350725, 16.032132126732293, 33.56041242311197, 28.92628536488137, 44.349783371266156, 19.40905678210422, 40.326168325806776, 48.093888808711405, 49.709417238418155, 41.009090972771816, 74.57515962070421, 48.86480316604943, 31.73757864544045, 23.910252133371877, 43.36584103198499, 67.94676283770526, 55.802267123520345, 5.978828594139253, 44.019257760972025, 23.814456051971113, 41.44964695742487, 54.56157013016008, 46.777200590068475, 16.800328856834398, 10.572240990238507, 2.7035576995815718, 53.96178327500632], [74.29229457290543, 74.84662104487529, 0.0, 40.08565162686323, 52.158740304054426, 17.165122851373138, 71.75350302083987, 91.50226695814692, 69.22637983452657, 44.20923971734441, 94.09412948736491, 47.377773361720855, 63.021137683395125, 58.74649321442808, 28.3948121990532, 32.59255671500111, 114.4719947354089, 79.10024005085631, 35.60454849420571, 63.70880322802582, 98.14989809357964, 38.69648412051404, 31.736862195356597, 67.84161074625356, 69.69845508340012, 72.37176149667971, 86.93791247768237, 51.497307065261424, 60.37837856645009, 36.92818082142105, 59.25007077934767, 72.63608524622802, 72.19527537403461, 57.54278540821311], [35.008013571415404, 49.60979485310766, 40.08565162686323, 0.0, 23.09181925689298, 22.94097043025366, 39.38279865388319, 53.01204648419478, 37.407901670925845, 18.000547939322118, 76.59379240494421, 51.56340148977782, 48.6755520368836, 58.76280891514453, 32.412290285579374, 8.682728630380572, 82.80862196121572, 43.71528032230592, 5.538679273994928, 57.54548719457573, 68.74635397771587, 8.338997708348966, 18.900986284560574, 28.697332331029923, 43.631022673243805, 71.37543182483672, 52.473017990766614, 12.267489061369082, 68.75392552898093, 43.09008333706272, 40.59135056153378, 42.69105560874313, 47.59237911271895, 66.32292440762943], [28.807812623604026, 26.645845538194155, 52.158740304054426, 23.09181925689298, 0.0, 36.92964490937447, 19.59844361923874, 42.17479622200385, 17.091875264537578, 7.980330632257304, 53.64220842116818, 39.80428895530956, 27.725310388774467, 43.06672180196319, 30.341031787362382, 23.39760927389719, 62.889021582924684, 56.08609253229963, 22.277597167719573, 38.99345965202997, 47.420043680092355, 16.814875601133767, 41.30417788359003, 37.139612276515585, 20.682151219150498, 53.53501057310101, 34.84142397971832, 17.281520751106974, 55.80006030958858, 35.61958470651218, 18.974466228121262, 21.11634427791114, 24.536432329057323, 53.95475225060438], [57.23784260213215, 61.70101379228424, 17.165122851373138, 22.94097043025366, 36.92964490937447, 0.0, 56.36847106817242, 74.66511082647227, 53.938376464984664, 28.99987986025852, 84.18993227531892, 44.40622740204219, 53.210428550097824, 54.672027488688826, 22.113750350686708, 15.556356666812471, 99.81384096690672, 63.55136715748424, 18.47961785285965, 57.22253269584171, 84.08766377514401, 21.98308744025348, 18.833279786281803, 51.03352293077374, 56.12247744092817, 68.52735175487868, 71.17570580661196, 34.381950617267854, 60.32707125394693, 33.73970640586289, 47.63570636052238, 57.962803793580115, 59.17436710897839, 57.542616564872795], [22.220638443925957, 16.234672286642926, 71.75350302083987, 39.38279865388319, 19.59844361923874, 56.36847106817242, 0.0, 26.936715272696254, 2.6043758629290634, 27.569170445092386, 44.71821224795773, 52.07326099019357, 30.776749122871877, 51.22467588631911, 48.55473037008753, 42.06002086549525, 43.73972015316218, 58.59058232695734, 40.29134409699102, 44.02646099662796, 29.437732776253, 35.21641246249165, 58.283774799998085, 40.093141306836735, 12.585861788232037, 57.736813435963185, 15.464904087749632, 28.90964658633838, 65.37457177096141, 51.1536965883919, 23.792767246073453, 5.6680250202528395, 16.17305120440094, 64.21138794094966], [18.34171191644896, 40.102739794350725, 91.50226695814692, 53.01204648419478, 42.17479622200385, 74.66511082647227, 26.936715272696254, 0.0, 29.08408937540346, 49.06412670078777, 63.903597955134614, 78.81701572979857, 57.42334156239978, 78.1125671045855, 72.50611150484347, 59.12385571011595, 40.74201468863625, 49.06955798068527, 56.367645375579094, 70.61931856054473, 36.59029557259805, 52.80642584665994, 70.0973890911726, 36.43133674442488, 38.65345258113142, 83.84672912568841, 17.477219246053668, 40.767761428337984, 92.29645274743139, 76.97251020765701, 50.72947519677688, 31.080262951579257, 41.202042821227465, 91.14809919833047], [22.883769109865987, 16.032132126732293, 69.22637983452657, 37.407901670925845, 17.091875264537578, 53.938376464984664, 2.6043758629290634, 29.08408937540346, 0.0, 25.071164409934934, 44.869922468645015, 49.778709586384856, 29.081336397507677, 49.265939475480344, 45.9523984092112, 39.774490592766455, 46.02519809774908, 58.54334113860417, 38.09681237980997, 42.31495099419532, 31.339141039502305, 32.94654364246468, 56.295892571590166, 39.80324098323214, 11.587688060046457, 56.215839005285225, 18.068307116300065, 27.319549103863988, 63.35002372107843, 48.64987506154999, 21.74146231383227, 5.942008066915839, 15.538318462006965, 62.12215450737486], [34.14313786672187, 33.56041242311197, 44.20923971734441, 18.000547939322118, 7.980330632257304, 28.99987986025852, 27.569170445092386, 49.06412670078777, 25.071164409934934, 0.0, 59.10972787880665, 37.12775096419143, 30.679374002455518, 42.43585665248231, 23.861297031085925, 16.181347507953, 70.8183038308684, 56.53939434017957, 15.718751395943404, 40.083069658181806, 55.17264494639384, 10.278891153625354, 34.868930074973086, 38.36880359557903, 27.720549767540703, 54.271773230618614, 42.74065356015759, 16.86728190666781, 53.94704534192725, 31.057348768403617, 22.653714735238513, 28.96787755353433, 31.228837546026963, 51.81077076082234], [66.5454066192564, 28.92628536488137, 94.09412948736491, 76.59379240494421, 53.64220842116818, 84.18993227531892, 44.71821224795773, 63.903597955134614, 44.869922468645015, 59.10972787880665, 0.0, 51.76012649255558, 31.179609518004693, 42.02981966867583, 65.70280039404817, 74.95947096071274, 43.47708758417985, 103.30722292174076, 74.82389868680765, 33.28594087138891, 30.934504980230614, 69.38089790580922, 93.92795049598459, 84.67245418032506, 34.371838215619746, 35.91693307630174, 46.45027135603812, 69.80104187742486, 52.811171729538984, 59.31282384490749, 36.933740655367934, 39.1245006926332, 30.078386624926097, 53.73876670094975], [68.29386982929587, 44.349783371266156, 47.377773361720855, 51.56340148977782, 39.80428895530956, 44.40622740204219, 52.07326099019357, 78.81701572979857, 49.778709586384856, 37.12775096419143, 51.76012649255558, 0.0, 25.42204948534412, 11.466442393506846, 22.335357494612165, 44.59933438763536, 84.29364244584451, 93.51929943754959, 46.702602194217405, 18.53199355493991, 67.13663285894673, 43.50809201183182, 61.096337224948755, 75.49412536931108, 42.27822517751569, 25.0056112992609, 66.0014041807988, 53.975992165256244, 17.19070359077475, 10.811007470517485, 28.758992335508335, 49.08092436691429, 41.92802288399144, 14.808544786206582], [51.12631295420245, 19.40905678210422, 63.021137683395125, 48.6755520368836, 27.725310388774467, 53.210428550097824, 30.776749122871877, 57.42334156239978, 29.081336397507677, 30.679374002455518, 31.179609518004693, 25.42204948534412, 0.0, 21.056781863575726, 34.68225188422204, 45.38132674240912, 58.882080177152936, 83.30245042909696, 45.83754498243102, 13.249894636915354, 41.715057652697716, 40.69913819400461, 64.43581572787184, 64.16294887122056, 18.843431384478045, 27.283295217130995, 42.52348164703415, 44.99932921695918, 35.347683247586716, 29.870221038840285, 8.829891496281398, 26.36688635215271, 17.271288238170087, 34.612381936409264], [70.04532875851633, 40.326168325806776, 58.74649321442808, 58.76280891514453, 43.06672180196319, 54.672027488688826, 51.22467588631911, 78.1125671045855, 49.265939475480344, 42.43585665248231, 42.02981966867583, 11.466442393506846, 21.056781863575726, 0.0, 32.62407350323571, 52.74443012173986, 78.04169090955669, 98.73136556367022, 54.406142333758076, 9.436591490597037, 61.23485643108121, 50.45295616023506, 70.35763917812389, 80.05599276382239, 39.794064806420025, 13.889246302125851, 63.57236842937789, 59.063352409922636, 14.293621600349303, 21.88985070135516, 27.550960033206472, 47.218356636617166, 38.30072081272683, 13.680724024944935], [57.996955702346554, 48.093888808711405, 28.3948121990532, 32.412290285579374, 30.341031787362382, 22.113750350686708, 48.55473037008753, 72.50611150484347, 45.9523984092112, 23.861297031085925, 65.70280039404817, 22.335357494612165, 34.68225188422204, 32.62407350323571, 0.0, 24.273710484348662, 88.8023242080447, 76.02656411205878, 26.995421103786803, 35.98383457319739, 71.92371111807174, 25.52408161707296, 39.030368661487266, 59.62918952755139, 43.572352787303245, 46.50631919481052, 63.992450356957136, 38.52950587381045, 38.71046045661409, 11.880957863460491, 31.69848160258853, 47.97432747293845, 45.39203657659324, 36.001194160552636], [41.706394351793534, 49.709417238418155, 32.59255671500111, 8.682728630380572, 23.39760927389719, 15.556356666812471, 42.06002086549525, 59.12385571011595, 39.774490592766455, 16.181347507953, 74.95947096071274, 44.59933438763536, 45.38132674240912, 52.74443012173986, 24.273710484348662, 0.0, 85.79060834880617, 52.25101614136252, 3.2424404889594705, 52.6745266372471, 70.73476694900619, 6.852410282376669, 19.072762425951282, 37.31835779769185, 43.82957960995303, 65.89854327585452, 56.36064336542415, 18.926843493207052, 61.72435527348265, 35.45219558190824, 38.11704436720598, 44.38831573087753, 47.403767252028246, 59.18470376853304], [54.82176746876517, 41.009090972771816, 114.4719947354089, 82.80862196121572, 62.889021582924684, 99.81384096690672, 43.73972015316218, 40.74201468863625, 46.02519809774908, 70.8183038308684, 43.47708758417985, 84.29364244584451, 58.882080177152936, 78.04169090955669, 88.8023242080447, 85.79060834880617, 0.0, 89.6926652754294, 84.01683311053115, 68.64639401176184, 17.21764314452505, 78.952166047784, 101.64679766944039, 75.27011220782529, 45.233924742946634, 76.75351972465987, 30.90692310412189, 71.5017397567533, 91.4092559687938, 87.70787196476623, 57.80840642404585, 41.903818595216016, 43.6911232195373, 91.50371622444798], [37.394661508566784, 74.57515962070421, 79.10024005085631, 43.71528032230592, 56.08609253229963, 63.55136715748424, 58.59058232695734, 49.06955798068527, 58.54334113860417, 56.53939434017957, 103.30722292174076, 93.51929943754959, 83.30245042909696, 98.73136556367022, 76.02656411205878, 52.25101614136252, 89.6926652754294, 0.0, 49.235242494403124, 95.07398014125276, 82.62803772103761, 50.70869523119765, 47.79494467708569, 19.165208979249506, 69.73311521411078, 109.62084837399463, 61.63288997854685, 39.711930090881424, 110.46909536131848, 86.16171672880385, 74.48318412714086, 64.19034270181758, 73.92159977421562, 108.28200748302226], [38.774422986277585, 48.86480316604943, 35.60454849420571, 5.538679273994928, 22.277597167719573, 18.47961785285965, 40.29134409699102, 56.367645375579094, 38.09681237980997, 15.718751395943404, 74.82389868680765, 46.702602194217405, 45.83754498243102, 54.406142333758076, 26.995421103786803, 3.2424404889594705, 84.01683311053115, 49.235242494403124, 0.0, 53.82058559771347, 69.27531689074793, 5.510406531875982, 19.17403157025872, 34.09082075010803, 42.92524791486063, 67.33275172925111, 54.25068074273949, 15.902397530204485, 63.87832394348781, 37.89481919804266, 38.20659507422999, 42.957872635200445, 46.656190974409924, 61.39068264518442], [64.12395263389831, 31.73757864544045, 63.70880322802582, 57.54548719457573, 38.99345965202997, 57.22253269584171, 44.02646099662796, 70.61931856054473, 42.31495099419532, 40.083069658181806, 33.28594087138891, 18.53199355493991, 13.249894636915354, 9.436591490597037, 35.98383457319739, 52.6745266372471, 68.64639401176184, 95.07398014125276, 53.82058559771347, 0.0, 51.91018117702652, 49.24055126738762, 71.20411804887786, 76.06390757351292, 31.977561335061726, 14.564016310658491, 55.36371000560924, 55.90166197357727, 23.076671363771066, 27.16023983781435, 21.25913685307959, 39.54072934343612, 29.939296225408018, 22.895996987945246], [45.58858918112569, 23.910252133371877, 98.14989809357964, 68.74635397771587, 47.420043680092355, 84.08766377514401, 29.437732776253, 36.59029557259805, 31.339141039502305, 55.17264494639384, 30.934504980230614, 67.13663285894673, 41.715057652697716, 61.23485643108121, 71.92371111807174, 70.73476694900619, 17.21764314452505, 82.62803772103761, 69.27531689074793, 51.91018117702652, 0.0, 63.98976882904365, 87.6346362196132, 66.03487962955538, 28.501294261768884, 61.03838838202962, 21.003205108384524, 58.28054032612999, 74.86603717560082, 70.51140624103296, 40.680926844569136, 26.346818786316835, 26.608542452413836, 74.80617514312655], [35.80777144359926, 43.36584103198499, 38.69648412051404, 8.338997708348966, 16.814875601133767, 21.98308744025348, 35.21641246249165, 52.80642584665994, 32.94654364246468, 10.278891153625354, 69.38089790580922, 43.50809201183182, 40.69913819400461, 50.45295616023506, 25.52408161707296, 6.852410282376669, 78.952166047784, 50.70869523119765, 5.510406531875982, 49.24055126738762, 63.98976882904365, 0.0, 24.677978223820542, 34.14774431432584, 37.432922647453594, 63.03715607942624, 49.529927092401195, 13.70995765484766, 60.6828893682453, 35.48987822686544, 32.88172618987391, 37.647201400280025, 41.14824457614345, 58.304540758034186], [51.762257255128304, 67.94676283770526, 31.736862195356597, 18.900986284560574, 41.30417788359003, 18.833279786281803, 58.283774799998085, 70.0973890911726, 56.295892571590166, 34.868930074973086, 93.92795049598459, 61.096337224948755, 64.43581572787184, 70.35763917812389, 39.030368661487266, 19.072762425951282, 101.64679766944039, 47.79494467708569, 19.17403157025872, 71.20411804887786, 87.6346362196132, 24.677978223820542, 0.0, 39.37277207549037, 61.98630275968471, 83.8954090751533, 71.14881621295102, 30.38892568559511, 77.73813070950307, 50.908344097343935, 57.159904071362234, 61.507598078808826, 65.78341725408363, 75.03114761068053], [20.60224497120919, 55.802267123520345, 67.84161074625356, 28.697332331029923, 37.139612276515585, 51.03352293077374, 40.093141306836735, 36.43133674442488, 39.80324098323214, 38.36880359557903, 84.67245418032506, 75.49412536931108, 64.16294887122056, 80.05599276382239, 59.62918952755139, 37.31835779769185, 75.27011220782529, 19.165208979249506, 34.09082075010803, 76.06390757351292, 66.03487962955538, 34.14774431432584, 39.37277207549037, 0.0, 50.7779882196973, 90.62454962748104, 45.39398130105809, 21.582303465212313, 92.21366473320226, 68.89831522322925, 55.35145672855341, 45.58593084597623, 55.00754365607278, 90.14000618927173], [34.4696942969632, 5.978828594139253, 69.69845508340012, 43.631022673243805, 20.682151219150498, 56.12247744092817, 12.585861788232037, 38.65345258113142, 11.587688060046457, 27.720549767540703, 34.371838215619746, 42.27822517751569, 18.843431384478045, 39.794064806420025, 43.572352787303245, 43.82957960995303, 45.233924742946634, 69.73311521411078, 42.92524791486063, 31.977561335061726, 28.501294261768884, 37.432922647453594, 61.98630275968471, 50.7779882196973, 0.0, 45.33385599575581, 23.893597665504945, 35.618823011787, 54.07763053059883, 43.42227080433347, 13.613528852773895, 7.579310646723276, 4.29604546636243, 53.175367573459965], [78.40787810593945, 44.019257760972025, 72.37176149667971, 71.37543182483672, 53.53501057310101, 68.52735175487868, 57.736813435963185, 83.84672912568841, 56.215839005285225, 54.271773230618614, 35.91693307630174, 25.0056112992609, 27.283295217130995, 13.889246302125851, 46.50631919481052, 65.89854327585452, 76.75351972465987, 109.62084837399463, 67.33275172925111, 14.564016310658491, 61.03838838202962, 63.03715607942624, 83.8954090751533, 90.62454962748104, 45.33385599575581, 0.0, 67.81918042071685, 70.34988229528011, 17.72043259292111, 35.67976894414645, 35.69866300171449, 52.892360846772704, 42.66803853053418, 19.377513735296066], [24.810124505767998, 23.814456051971113, 86.93791247768237, 52.473017990766614, 34.84142397971832, 71.17570580661196, 15.464904087749632, 17.477219246053668, 18.068307116300065, 42.74065356015759, 46.45027135603812, 66.0014041807988, 42.52348164703415, 63.57236842937789, 63.992450356957136, 56.36064336542415, 30.90692310412189, 61.63288997854685, 54.25068074273949, 55.36371000560924, 21.003205108384524, 49.529927092401195, 71.14881621295102, 45.39398130105809, 23.893597665504945, 67.81918042071685, 0.0, 40.819124710526, 77.86594154435443, 66.08171057482777, 37.24406610926171, 16.956651395535058, 25.4255177267436, 77.03686112964857], [22.912419431848264, 41.44964695742487, 51.497307065261424, 12.267489061369082, 17.281520751106974, 34.381950617267854, 28.90964658633838, 40.767761428337984, 27.319549103863988, 16.86728190666781, 69.80104187742486, 53.975992165256244, 44.99932921695918, 59.063352409922636, 38.52950587381045, 18.926843493207052, 71.5017397567533, 39.711930090881424, 15.902397530204485, 55.90166197357727, 58.28054032612999, 13.70995765484766, 30.38892568559511, 21.582303465212313, 35.618823011787, 70.34988229528011, 40.819124710526, 0.0, 70.81118052553352, 47.36119668133593, 36.25511819721428, 33.05465046245893, 39.85303056431742, 68.67690487605141], [83.58295806543407, 54.56157013016008, 60.37837856645009, 68.75392552898093, 55.80006030958858, 60.32707125394693, 65.37457177096141, 92.29645274743139, 63.35002372107843, 53.94704534192725, 52.811171729538984, 17.19070359077475, 35.347683247586716, 14.293621600349303, 38.71046045661409, 61.72435527348265, 91.4092559687938, 110.46909536131848, 63.87832394348781, 23.076671363771066, 74.86603717560082, 60.6828893682453, 77.73813070950307, 92.21366473320226, 54.07763053059883, 17.72043259292111, 77.86594154435443, 70.81118052553352, 0.0, 26.830185608597976, 41.609315214775094, 61.47781956256599, 52.57592421433157, 2.845728494513939], [64.38806752488922, 46.777200590068475, 36.92818082142105, 43.09008333706272, 35.61958470651218, 33.73970640586289, 51.1536965883919, 76.97251020765701, 48.64987506154999, 31.057348768403617, 59.31282384490749, 10.811007470517485, 29.870221038840285, 21.88985070135516, 11.880957863460491, 35.45219558190824, 87.70787196476623, 86.16171672880385, 37.89481919804266, 27.16023983781435, 70.51140624103296, 35.48987822686544, 50.908344097343935, 68.89831522322925, 43.42227080433347, 35.67976894414645, 66.08171057482777, 47.36119668133593, 26.830185608597976, 0.0, 30.04412596160557, 49.25668968339322, 44.13970926378361, 24.12945551802816], [42.9009825212234, 16.800328856834398, 59.25007077934767, 40.59135056153378, 18.974466228121262, 47.63570636052238, 23.792767246073453, 50.72947519677688, 21.74146231383227, 22.653714735238513, 36.933740655367934, 28.758992335508335, 8.829891496281398, 27.550960033206472, 31.69848160258853, 38.11704436720598, 57.80840642404585, 74.48318412714086, 38.20659507422999, 21.25913685307959, 40.680926844569136, 32.88172618987391, 57.159904071362234, 55.35145672855341, 13.613528852773895, 35.69866300171449, 37.24406610926171, 36.25511819721428, 41.609315214775094, 30.04412596160557, 0.0, 20.348189991925107, 14.129804191174596, 40.418677073017456], [27.874621587030816, 10.572240990238507, 72.63608524622802, 42.69105560874313, 21.11634427791114, 57.962803793580115, 5.6680250202528395, 31.080262951579257, 5.942008066915839, 28.96787755353433, 39.1245006926332, 49.08092436691429, 26.36688635215271, 47.218356636617166, 47.97432747293845, 44.38831573087753, 41.903818595216016, 64.19034270181758, 42.957872635200445, 39.54072934343612, 26.346818786316835, 37.647201400280025, 61.507598078808826, 45.58593084597623, 7.579310646723276, 52.892360846772704, 16.956651395535058, 33.05465046245893, 61.47781956256599, 49.25668968339322, 20.348189991925107, 0.0, 10.68244099826114, 60.49053553611659], [38.32177851386737, 2.7035576995815718, 72.19527537403461, 47.59237911271895, 24.536432329057323, 59.17436710897839, 16.17305120440094, 41.202042821227465, 15.538318462006965, 31.228837546026963, 30.078386624926097, 41.92802288399144, 17.271288238170087, 38.30072081272683, 45.39203657659324, 47.403767252028246, 43.6911232195373, 73.92159977421562, 46.656190974409924, 29.939296225408018, 26.608542452413836, 41.14824457614345, 65.78341725408363, 55.00754365607278, 4.29604546636243, 42.66803853053418, 25.4255177267436, 39.85303056431742, 52.57592421433157, 44.13970926378361, 14.129804191174596, 10.68244099826114, 0.0, 51.88334296975588], [81.97749750541279, 53.96178327500632, 57.54278540821311, 66.32292440762943, 53.95475225060438, 57.542616564872795, 64.21138794094966, 91.14809919833047, 62.12215450737486, 51.81077076082234, 53.73876670094975, 14.808544786206582, 34.612381936409264, 13.680724024944935, 36.001194160552636, 59.18470376853304, 91.50371622444798, 108.28200748302226, 61.39068264518442, 22.895996987945246, 74.80617514312655, 58.304540758034186, 75.03114761068053, 90.14000618927173, 53.175367573459965, 19.377513735296066, 77.03686112964857, 68.67690487605141, 2.845728494513939, 24.12945551802816, 40.418677073017456, 60.49053553611659, 51.88334296975588, 0.0]]",Route_0,1291.6505612998396
