instance_id,num_cities,city_coordinates,distance_matrix,best_route,total_distance
2375,75,"[[12.581225667492358, 98.60930146656462], [46.99012999642008, 76.22269462921031], [15.802512399975843, 61.582162660429965], [24.079816832886625, 2.460968517490003], [20.956005820292955, 33.79087607012396], [32.22194049094193, 30.984172035491564], [38.8947132125474, 75.02306564052756], [84.51128182113663, 21.060518815245644], [32.4187915022518, 35.665730118279946], [21.819832692464836, 80.42886806105116], [83.9219548712947, 58.35795440221383], [6.278215397833053, 99.55495976271898], [53.40081644879755, 57.024802229670854], [56.60256984527013, 94.3080881139471], [50.09604429709713, 40.56402651024358], [41.61102294397252, 52.26427672667198], [94.9283320294969, 43.48479695616972], [74.23095646039094, 3.3844823556552828], [56.7755358958189, 9.497486310508618], [38.45379444238716, 95.13575911921059], [59.83140593531209, 69.99047097050392], [71.5925971549652, 14.800848572249281], [19.143260155126608, 38.68770230615942], [32.86269527614672, 28.200077382221743], [49.15854045533145, 24.451778304303097], [54.23557708174391, 60.34810263954087], [50.27591014232405, 93.56244201034669], [93.3150761823487, 37.661966441903694], [45.43448636656808, 20.16902696082463], [32.57170820483359, 27.28685227861225], [4.275062628092973, 40.45438482731482], [76.07907432223595, 44.0731411121723], [8.32506319546653, 29.730121773330065], [96.47299428597277, 92.80291298034379], [29.541084293398235, 98.22371448880206], [56.498304844868784, 61.49909683144834], [28.247068618198035, 24.584038938809137], [59.53161774439758, 20.136207337134838], [7.4552491267508625, 91.83178889182503], [24.181462882703364, 72.65936395610494], [87.83359065811392, 19.516339890780465], [30.942596425408553, 77.17924370824548], [90.38858925564905, 99.67846263266411], [20.508135454204567, 92.7519911705047], [37.249389462953175, 54.08156830398588], [83.28420526307882, 9.856141978014987], [13.308038593214599, 75.36397761401422], [16.479212417897926, 28.805165635705432], [22.668879397114594, 9.358454640818826], [56.18900238941305, 39.12176072343442], [16.039993606812043, 75.44274037705641], [84.7204811881225, 43.930953247756285], [31.05059688170144, 0.5515292120173099], [79.91232701485777, 29.93283863374333], [86.94609243470907, 97.43855328810908], [40.569900679134264, 59.30084521590891], [64.78722682827666, 32.7870827036715], [61.61735379155688, 74.08382696690366], [56.97444161535144, 37.22295944773973], [37.49337722173557, 32.08914714625038], [94.13769225951533, 84.16433550344084], [57.49259877912374, 14.032958975672527], [30.279941720147253, 42.57242275048447], [3.612172685914805, 75.0564611945611], [28.870787102525973, 1.0336191846501697], [35.58615404376768, 16.433670579364502], [91.39106309949098, 66.71851793165804], [32.72215694638159, 93.02000441133269], [87.960718662122, 97.17880988888538], [24.984850153111438, 14.689395976901864], [37.15715885370411, 17.610164634743285], [86.04617195704046, 63.2392658659234], [51.80622073824336, 20.18526457044626], [92.93181149482255, 1.8414052904589417], [37.641349053089925, 93.20050101717395]]","[[0.0, 41.05036982546661, 37.16699740874472, 96.83346285078827, 65.35721240598996, 70.41956978955108, 35.337093078310794, 105.77214505231483, 65.99562252396001, 20.393136555571346, 81.91257891084297, 6.373555371416823, 58.27100109262268, 44.23097533994819, 69.1130636100517, 54.686291225999184, 99.09468665731698, 113.43921491945487, 99.46885269753874, 26.10469903006972, 55.2414427246765, 102.49974995760329, 60.279833630802045, 73.2720741186298, 82.6875939827132, 56.5597412248589, 38.03104032271446, 101.15597988039772, 85.04242119728997, 74.07098723686484, 58.74509914669629, 83.70286476567404, 69.01055219458236, 84.09246689917933, 16.964241271808593, 57.496757574076774, 75.66477468187752, 91.44597212792628, 8.497665102661166, 28.424720935233974, 109.17240955255221, 28.220335073038274, 77.814708983191, 9.856164703930396, 50.90419752473756, 113.47261626883308, 23.256683728316585, 69.91288636438476, 89.81912055281715, 73.75910583985181, 23.42333512487027, 90.51957772221448, 99.78198420843775, 96.17657592094385, 74.37408191435541, 48.25474755624592, 84.01208865437147, 54.82737236849119, 75.75645588757037, 71.03200845998938, 82.82580687594636, 95.76110454620313, 58.76543479081202, 25.202781518412927, 98.9260510913422, 85.3349930644335, 85.0177190386117, 20.902089712575698, 75.3930651338784, 84.83160046689075, 84.6453581684977, 81.53611317518646, 87.68654287508531, 125.7785449635379, 25.637178206711884], [41.05036982546661, 0.0, 34.4530501940092, 77.23778018710543, 49.7818726832291, 47.58805887753898, 8.183818339570806, 66.71358538396943, 43.09514213751354, 25.51932133322163, 41.02570696485893, 46.92392339247633, 20.23995981653597, 20.481222066701005, 35.79367703466304, 24.554848422956315, 58.05033297246939, 77.76546658798902, 67.43891750161865, 20.750253807940666, 14.273716386103043, 66.16588670404343, 46.73675008651574, 50.05752869475629, 51.816308060675844, 17.449904707611008, 17.648319761632905, 60.27379528007612, 56.075250210595804, 51.01575789422992, 55.71309510667215, 43.35620455408091, 60.46938664714181, 52.18675597188958, 28.080492709500234, 17.526828608134835, 54.93498986383451, 57.47158403678129, 42.50471302194768, 23.085333460667965, 69.88418237730178, 16.076016915061548, 49.33152459337542, 31.217201653639275, 24.18907813642081, 75.64244318017346, 33.69303601942212, 56.385620040336946, 71.15019198807147, 38.22431882955299, 30.959962389686336, 49.66221866264043, 77.3317140086226, 56.80336103261759, 45.23927047382982, 18.098848915137815, 46.940270972678555, 14.782774801432826, 40.257493994643546, 45.14375180126433, 47.811737963890124, 63.07031846430279, 37.57088220604692, 43.39363180071601, 77.34150019953239, 60.86688807850879, 45.40674217692426, 22.03916220896813, 46.01899501717665, 65.3496685838307, 59.4316077003288, 41.15754895618889, 56.244006770716005, 87.42547856658095, 19.381579266756155], [37.16699740874472, 34.4530501940092, 0.0, 59.697817092103826, 28.26506863210798, 34.72512993666438, 26.71904959553253, 79.7677793052195, 30.78574681433837, 19.78399474222039, 68.19570339468366, 39.14901726935984, 37.8734999893526, 52.30325883086516, 40.22198872764307, 27.43906366431101, 81.16902104545326, 82.46728483573239, 66.269164510102, 40.48363142658476, 44.8245815884904, 72.80813762750637, 23.136916615590994, 37.48884443791193, 49.91282450496447, 38.4528719989564, 47.022903134545494, 81.11950031434624, 50.92250671000718, 38.17557127440102, 24.067926674492636, 62.76806315910512, 32.71795768808776, 86.50122483674645, 39.13248877929966, 40.69587721931732, 39.03496046352365, 60.24949681851384, 31.380195845335876, 13.88924763033992, 83.41468503997108, 21.736859973540074, 83.7520801669716, 31.523024881441128, 22.720639327589005, 85.02564370416601, 14.005742500398057, 32.783981711699646, 52.673168454698, 46.21188406501411, 13.862612018023224, 71.14247406166037, 62.90661570515733, 71.4964897131372, 79.66862449548886, 24.87223213652667, 56.82128894471064, 47.48990737164567, 47.838253902844706, 36.61053920438063, 81.52517975409818, 63.23756852817289, 23.894898433856827, 18.170335806778642, 61.94276326367518, 49.29278663135211, 75.7628612337565, 35.70171236133528, 80.46072349213331, 47.783332803902056, 48.8831007152239, 70.26320302265228, 54.863195182011864, 97.55965800473098, 38.427257341670206], [96.83346285078827, 77.23778018710543, 59.697817092103826, 0.0, 31.485255318942414, 29.662557485699047, 74.05902439023365, 63.228990438760206, 34.23586849346177, 78.00064671238182, 81.88745029615285, 98.7124113249246, 61.942981586671884, 97.43522382419201, 46.137697383687055, 52.79879445866305, 81.86859352236695, 50.1596419818435, 33.4443213071167, 93.7828771439178, 76.4094877937307, 49.08907142837338, 36.56153488063459, 27.19633576237054, 33.354731202795904, 65.27089836252345, 94.79300489617586, 77.67001604262647, 27.74161575549084, 26.23807774197075, 42.84539615879347, 66.59951717162281, 31.49315769284329, 115.76890373102519, 95.91834526429909, 67.3532401581278, 22.51213522322631, 39.61368772534172, 90.90390412846716, 70.19846902942825, 65.99567690113568, 75.03278211033495, 117.67792682677415, 90.36163831847028, 53.27404589081044, 59.664463459452385, 73.6945041490379, 27.418714581040007, 7.040316702334961, 48.73411004902911, 73.42327819750578, 73.46461602004665, 7.2275675680161395, 62.22517851243341, 113.89868399987961, 59.18356569477495, 50.76185999513906, 80.86346847240898, 47.85867061477902, 32.52310826417166, 107.62688365893527, 35.3599343968715, 40.58780986088358, 75.42565885661027, 4.999072138159886, 18.100613219458005, 93.05824267993516, 90.97048435981648, 114.2463964095727, 12.2618727542254, 20.012871291457422, 86.79764164968616, 32.90750893178975, 68.85478216884826, 91.74735916864753], [65.35721240598996, 49.7818726832291, 28.26506863210798, 31.485255318942414, 0.0, 11.610291621718742, 44.96543872436501, 64.81770671182566, 11.615099366445712, 46.645991186927056, 67.58884580807981, 67.38213587897239, 39.90590258980246, 70.23539335935871, 29.916841566484262, 27.71094123621291, 74.60480646007866, 61.34141459425399, 43.28056747368374, 63.79159257276468, 53.119745905401736, 54.08036174402535, 5.221585394542988, 13.153945558910767, 29.708613345629345, 42.57717870415248, 66.57549762787697, 72.46254483750498, 28.013403631313505, 13.312658163070715, 17.962633847478, 56.073858931456016, 13.267646251335883, 95.83963714047944, 65.0022633381089, 45.06662310081211, 11.744166495990799, 40.92099477684766, 59.59041862979757, 39.00208871078706, 68.38401667696427, 44.52283052788731, 95.71863823490129, 58.962816094087344, 26.02280810858452, 66.76582914814774, 42.27072479488701, 6.700670690579967, 24.492389691276397, 35.634005927295476, 41.94097014049874, 64.56569897478754, 34.73837860710532, 59.08241922651108, 91.68270473007962, 32.17861708266192, 43.842713604124064, 57.24392640979922, 36.18158251698862, 16.624696514511175, 88.84280863057339, 41.53670561022503, 12.808252916145221, 44.76222808859408, 33.69987598503155, 22.700524652291428, 77.75170025462697, 60.3865213137943, 92.23698659880237, 19.52173476947793, 22.897440515635505, 71.44184620567091, 33.71718293042721, 78.74823988889095, 61.708218376042815], [70.41956978955108, 47.58805887753898, 34.72512993666438, 29.662557485699047, 11.610291621718742, 0.0, 44.54155414609915, 53.22268416738586, 4.6856948687654585, 50.52704040126561, 58.499704682924325, 73.31459473555923, 33.56574455822836, 67.85523881930126, 20.27947727705618, 23.259357793744126, 63.94026245796961, 50.26430436348128, 32.62754527620154, 64.45356568128817, 47.78884743045616, 42.56698914032244, 15.178809503961055, 2.8568776195574843, 18.15270189842353, 36.69932719371459, 65.13052812022086, 61.45701072085225, 17.074505307669032, 3.7138269801232124, 29.50784493322767, 45.768649743971466, 23.92975943328798, 89.16139661186726, 67.2929644114632, 38.99362129307187, 7.534010224308192, 29.385316227406953, 65.69491211824743, 42.44373807511002, 56.78174714127058, 46.212783600307894, 90.01258017169373, 62.868726002157764, 23.638209694264752, 55.260732331099675, 48.24212711090094, 15.892814605101162, 23.64175604934305, 25.310875245618856, 47.31194039502494, 54.07139649659305, 30.45517681892633, 47.70197342586703, 86.0866865062929, 29.521558551509624, 32.6151553899416, 52.1696327217354, 25.526628846933942, 5.386001782598738, 81.61917730255192, 30.42942317096122, 11.749847397277193, 52.54412893538349, 30.137449213623494, 14.934357215955837, 69.12256177900511, 62.037849052540096, 86.53635925180801, 17.82961590605663, 14.255541176799102, 62.74901569687059, 22.36426692837152, 67.34232911670938, 62.45191415097229], [35.337093078310794, 8.183818339570806, 26.71904959553253, 74.05902439023365, 44.96543872436501, 44.54155414609915, 0.0, 70.65994474589456, 39.88655690089898, 17.910171539793634, 48.01227368059754, 40.81237262056295, 23.11632576572952, 26.181678294665502, 36.2338956758467, 22.920314382278235, 64.29952433206597, 79.87951365609551, 67.92146469537596, 20.117525899805337, 21.53304695764671, 68.52639668719385, 41.35672286968639, 47.20992977989381, 51.602337665193936, 21.22961712640026, 21.754082829118886, 66.01081456166357, 55.24250349486702, 48.15315626687285, 48.9235515856678, 48.37948469595977, 54.64388590065604, 60.26094442337877, 25.015204994924275, 22.198742547867052, 51.55063287704858, 58.6382899057724, 35.65070938061119, 14.901906620348887, 74.0000697911145, 8.239251498528446, 57.09209989816607, 25.541750960164467, 21.006032489200834, 78.84893749531399, 25.588945641610092, 51.36680792818129, 67.63962463489219, 39.849669169055204, 22.858572465078932, 55.37797814651566, 74.88350885899227, 60.95550191376342, 53.02253418718187, 15.811213366737725, 49.540897407930764, 22.74204397517688, 41.9013676066211, 42.95678176763688, 55.994192097844795, 63.762641558657705, 33.57467068853207, 35.28255633137289, 74.66536868928137, 58.68273832573217, 53.149151113647065, 19.026041521532843, 53.83632504152123, 61.91636282447289, 57.43918781676775, 48.60162547550845, 56.33730072330332, 90.97012368003614, 18.220594902153113], [105.77214505231483, 66.71358538396943, 79.7677793052195, 63.228990438760206, 64.81770671182566, 53.22268416738586, 70.65994474589456, 0.0, 54.10119910713062, 86.34129189457835, 37.30209119631031, 110.82323737217483, 47.553030788758456, 78.38432631795686, 39.55749469120739, 53.048154723068365, 24.725759547181234, 20.448162617789375, 30.04954779592173, 87.22633415278794, 54.80179277775106, 14.355343432151908, 67.702997380842, 52.139714121067016, 35.51502446852086, 49.59972318690812, 80.17848552432737, 18.791350628818027, 39.08696330907133, 52.311437906450266, 82.54679224105708, 24.50883327058885, 76.67791027361942, 72.73275524570568, 94.7411282537533, 49.19355111237066, 56.37443464378944, 24.99675917184656, 104.62411214844498, 79.38594254031705, 3.663635429326968, 77.58166883125608, 78.8373251243251, 96.10447415876018, 57.654801869526466, 11.271369800960567, 89.54757106523985, 68.47146866878748, 62.93982080938181, 33.5910698173599, 87.43994128387199, 22.87139120182495, 57.25961481479666, 9.99342004880723, 76.41683356867046, 58.250901623030565, 22.946691395290475, 57.75468074510724, 31.929642273565236, 48.294036855307716, 63.8338425801351, 27.917661625278292, 58.34209680897768, 97.26370161731913, 59.13494196619868, 49.143421254830805, 46.17341522729622, 88.65822591585301, 76.19640969554465, 59.86641189639929, 47.47965781243195, 42.20666523778386, 32.71677078241096, 20.982841672758823, 86.02887672041145], [65.99562252396001, 43.09514213751354, 30.78574681433837, 34.23586849346177, 11.615099366445712, 4.6856948687654585, 39.88655690089898, 54.10119910713062, 0.0, 46.00083093092042, 56.28066168739207, 69.03016285386248, 29.940863920686475, 63.43328216509239, 18.343352308571927, 18.97389966214436, 62.99667025440857, 52.82363198037976, 35.749517219628636, 59.77545993013332, 43.927659448551985, 44.38389720660469, 13.61514041252681, 7.47883823437113, 20.148744633309683, 32.942247134945596, 60.58800156828576, 60.92899512792871, 20.237492966058685, 8.3802731083183, 28.548216912173743, 44.462398220757564, 24.814092571476888, 85.8347165176828, 62.62413757715452, 35.315517815180144, 11.840910067156956, 31.24534244726554, 61.463847960299, 37.899637561769666, 57.72003785692273, 41.53975159397501, 86.36045029715788, 58.3155633464827, 19.03884903926803, 57.038803958623085, 44.05873047402576, 17.35331456540607, 28.055900076542333, 24.020138908088846, 43.017154318091166, 52.95073802485801, 35.14084605989274, 47.8382896878707, 82.3960449860898, 25.001184901752676, 32.49618772091098, 48.254597762624236, 24.604977457041088, 6.208330369769351, 78.49418726880674, 33.116047449328015, 7.230289171683034, 48.800112523985455, 34.8133802285804, 19.49113387101393, 66.64836418338582, 57.35507658678021, 82.87801068737832, 22.25466418513662, 18.666964672586428, 60.30087734079182, 24.80961962542445, 69.32467481841668, 57.77131615049147], [20.393136555571346, 25.51932133322163, 19.78399474222039, 78.00064671238182, 46.645991186927056, 50.52704040126561, 17.910171539793634, 86.34129189457835, 46.00083093092042, 0.0, 65.90750191632334, 24.644456819199814, 39.307872397998516, 37.44958682172409, 48.8748374378978, 34.422890880981505, 81.91286263533559, 93.18134611250622, 79.07693787370738, 22.20318283702696, 39.41877514860509, 82.36725699124682, 41.826892773967565, 53.38343741100848, 62.29638448400077, 38.13158302804647, 31.340694129422214, 83.31012973090141, 64.72171442083706, 54.21878519899225, 43.65522037988065, 65.31312413458204, 52.46400364939593, 75.6717353017035, 19.39779074204471, 39.508640442695, 56.213470817389016, 71.11528435556214, 18.340334361436174, 8.120498210837944, 89.82289423549723, 9.684259215937011, 71.21952869678857, 12.392736292506484, 30.5327926436868, 93.58621032123536, 9.904733920127144, 51.8992184624948, 71.0754848314763, 53.73562079532546, 7.633348487861574, 72.72268811652118, 80.4089315257992, 76.9713380715237, 67.31091367332533, 28.248157441673584, 64.15556617208543, 40.30015176297847, 55.700961101429094, 50.817207875205625, 72.41427020534552, 75.37216318739529, 38.79025517204289, 18.98372035332461, 79.707725486545, 65.45912391918647, 70.9093068716517, 16.655251085736364, 68.22886008198455, 65.81561764071536, 64.66392405305032, 66.48687899845434, 67.29394645557082, 105.98538971908437, 20.333100804241568], [81.91257891084297, 41.02570696485893, 68.19570339468366, 81.88745029615285, 67.58884580807981, 58.499704682924325, 48.01227368059754, 37.30209119631031, 56.28066168739207, 65.90750191632334, 0.0, 87.89620884939394, 30.550240347997068, 45.15264014530796, 38.220623961393514, 42.74748961251279, 18.502733597050263, 55.821125741549615, 55.895200199414404, 58.48042862864826, 26.7520090787312, 45.268471699185355, 67.69932131604301, 59.3004682676088, 48.56051646593696, 29.75301188569773, 48.69714851667471, 22.727838560177226, 54.21881049069606, 60.01884054096412, 81.63433865429081, 16.296216310486034, 80.83590063872785, 36.660384092885494, 67.42816853579323, 27.60295919883641, 65.1181259329878, 45.340825906356955, 83.47247859540616, 61.428468141954134, 39.0380828471829, 56.22324565941591, 41.82345945379965, 72.14057289959557, 46.868068445979674, 48.50600512302521, 72.63284379403025, 73.63348989089864, 78.44036098790312, 33.751263689080126, 69.99893268414098, 14.4490832439081, 78.33877257739945, 28.706520548441, 39.197431258727796, 43.36230673945479, 31.9375530794639, 27.290992969239976, 34.24699231180577, 53.34475660467577, 27.754830136876276, 51.60635700192062, 55.916442880745066, 82.02744201642052, 79.4777357556236, 63.984335705680245, 11.211003534669945, 61.829418712992876, 39.03037834399168, 73.35206409847636, 62.026837074776225, 5.32348568450378, 49.885615440697634, 57.23021789123234, 57.93010900659275], [6.373555371416823, 46.92392339247633, 39.14901726935984, 98.7124113249246, 67.38213587897239, 73.31459473555923, 40.81237262056295, 110.82323737217483, 69.03016285386248, 24.644456819199814, 87.89620884939394, 0.0, 63.47719141230377, 50.59713739580497, 73.48423188305904, 59.03233004979893, 104.89378597400584, 117.75540642627662, 103.24886392630127, 32.477641866058164, 61.17191524129798, 107.00106461153972, 62.21199568323035, 76.14626589620175, 86.48242678262717, 61.944218335198514, 44.40391212316667, 106.79961496856458, 88.51745524473625, 76.90271206743097, 59.13451258541191, 89.16497130239287, 69.85483223193, 90.44715735959754, 23.300928806199558, 63.010364921272505, 78.12342466253574, 95.62041151512219, 7.812347707317884, 32.30943119736511, 114.26924303962946, 33.301717079211535, 84.11046453004799, 15.772476231631426, 55.01856917197274, 118.2192894036327, 25.191705608737113, 71.48142212643906, 91.67367889717477, 78.37893980043782, 26.01329347667494, 96.16246233895546, 102.0556228004607, 101.33717059463527, 80.69563533427518, 52.8801798160664, 88.77642606874788, 60.919609684089224, 80.345414405331, 74.33721947781525, 89.19730371204481, 99.6841295480148, 61.83116035464599, 24.64313729693941, 101.07857757968065, 88.13684804425849, 91.22734653605939, 27.239450913475913, 81.71705714074324, 86.90283137247015, 87.56973562548188, 87.64563033510201, 91.50053434374418, 130.60162496746938, 32.00039528859511], [58.27100109262268, 20.23995981653597, 37.8734999893526, 61.942981586671884, 39.90590258980246, 33.56574455822836, 23.11632576572952, 47.553030788758456, 29.940863920686475, 39.307872397998516, 30.550240347997068, 63.47719141230377, 0.0, 37.42051083484157, 16.789242277718824, 12.714630704472588, 43.67912880440343, 57.54284185795218, 47.64697776172122, 40.93725078576324, 14.472769155938579, 45.97611496989908, 38.85652322093263, 35.393208159668696, 32.848117042645214, 3.426536287354801, 36.67102616735265, 44.362907251682905, 37.70690368681485, 36.30698854945744, 51.8451388400183, 26.116066049018464, 52.69557014179592, 55.993622070059615, 47.60921328758739, 5.441851389673473, 41.050141934213954, 37.39458727772999, 57.641317447158535, 33.13925381172754, 50.9166052165472, 30.17570476280943, 56.45732975429442, 48.56295391166088, 16.417405995478237, 55.83815395374072, 44.08805042134238, 46.47098808622446, 56.71448357703579, 18.1188541584028, 41.65394974106473, 33.94657980629124, 60.73518650686636, 37.90560227693771, 52.52196507733111, 13.031222934298892, 26.779047577367642, 18.934672188619462, 20.12172394183324, 29.57758470872805, 48.94943633113574, 43.186123570136864, 27.266208405796863, 52.95327915033543, 61.12883868118187, 44.328344941557276, 39.207486079720496, 41.51218542687883, 52.97859163936701, 50.98778052734362, 42.63062360329854, 33.23159331939819, 36.87403246765323, 67.88156500169598, 39.45937145166563], [44.23097533994819, 20.481222066701005, 52.30325883086516, 97.43522382419201, 70.23539335935871, 67.85523881930126, 26.181678294665502, 78.38432631795686, 63.43328216509239, 37.44958682172409, 45.15264014530796, 50.59713739580497, 37.42051083484157, 0.0, 54.136485223661374, 44.636627946817065, 63.65430834680492, 92.61674847856324, 84.8107781801113, 18.16763847937436, 24.531039236678065, 80.90798513302825, 67.05838649914885, 70.24137475493791, 70.25181559062537, 34.04237459644182, 6.370448265914752, 67.50252752330078, 74.97550584860159, 71.19921603555319, 75.08920940620133, 53.87841986280214, 80.62897360757916, 39.8988257629795, 27.34330137678388, 32.80915695602964, 75.26936616722334, 74.22969230412473, 49.209665632337675, 38.98455379173313, 81.0504920607508, 30.85176731700695, 34.21017436479659, 36.12796190914078, 44.639875525495135, 88.56659005920483, 47.25775871715543, 76.81482060406833, 91.47642086707414, 55.18787701020391, 44.735041481310056, 57.69291685823212, 97.17610642262827, 68.46544767211864, 30.504576301637634, 38.503941823052465, 62.0630543610338, 20.836717519123447, 57.08633990238674, 65.0873094993569, 38.88162974562055, 80.28006296503358, 58.047048348849714, 56.37913913984002, 97.30970315509724, 80.66048995321158, 44.400716725548726, 23.915126590640142, 31.4892765990096, 85.66689171520996, 79.12455671062378, 42.80417527760041, 74.2778428255522, 99.34737656934446, 18.993542142179415], [69.1130636100517, 35.79367703466304, 40.22198872764307, 46.137697383687055, 29.916841566484262, 20.27947727705618, 36.2338956758467, 39.55749469120739, 18.343352308571927, 48.8748374378978, 38.220623961393514, 73.48423188305904, 16.789242277718824, 54.136485223661374, 0.0, 14.453077267143264, 44.927329358848816, 44.326205439591696, 31.776493324455153, 55.7997847811628, 30.99504637518089, 33.55358583275225, 31.009602362143468, 21.209798596832655, 16.139499859139306, 20.21250602881781, 52.99872071327617, 43.31635568395205, 20.92094952339586, 21.986034454892167, 45.82111284560699, 26.21891940139286, 43.15308046989575, 69.85501234633556, 61.21393630978474, 21.89214721025194, 27.069128929470992, 22.50168532462914, 66.68298787827165, 41.251378348449805, 43.210270970927944, 41.3222542442973, 71.54023858856402, 59.991899495481746, 18.648337099409268, 45.215353595306475, 50.639845581258655, 35.61407298612569, 41.545602536834956, 6.26133124139893, 48.74771040389763, 34.78775396136372, 44.31398207443298, 31.65490279199855, 67.76900356321065, 21.019414536067003, 16.622626120292015, 35.444570742519055, 7.646899945985702, 15.187191894706539, 61.973007830408335, 27.542813268247635, 19.917619757340816, 57.88331685742267, 44.86830335886375, 28.15689955436458, 48.880834683983295, 55.258316833169125, 68.1099644822981, 36.05646372807351, 26.34946928339912, 42.50386051411793, 20.45039465777576, 57.743781877780094, 54.08990554752177], [54.686291225999184, 24.554848422956315, 27.43906366431101, 52.79879445866305, 27.71094123621291, 23.259357793744126, 22.920314382278235, 53.048154723068365, 18.97389966214436, 34.422890880981505, 42.74748961251279, 59.03233004979893, 12.714630704472588, 44.636627946817065, 14.453077267143264, 0.0, 54.035309873840816, 58.76473738874729, 45.375773443179554, 42.98758069890618, 25.4204704661648, 47.983364213556904, 26.2511664070678, 25.605056669983874, 28.81839844749429, 14.99091753586455, 42.19737818819874, 53.726497996142356, 32.32218943815611, 26.562773631752883, 39.15925790133713, 35.42797296586036, 40.196308982795735, 68.21449207344413, 47.51792649558412, 17.518934464297054, 30.73745010917491, 36.78804915594105, 52.27049745308283, 26.828140953587678, 56.64762248405424, 27.10296854728088, 68.02467199787135, 45.6572763236173, 4.725081512495313, 59.45674072350184, 36.532931777287295, 34.37932217913587, 46.90111268416407, 19.627613497494846, 34.51258782754655, 43.90751268642257, 52.78002324867921, 44.33602396278579, 63.99987334814904, 7.113173108681104, 30.273709939424997, 29.60314251340556, 21.500601358045316, 20.591038339060486, 61.45457460064055, 41.39876940182576, 14.910581316523752, 44.310227868434374, 52.79103978407316, 36.33361229148739, 51.83606357254519, 41.71380200640248, 64.54153377744143, 41.08894358621325, 34.93915268312243, 45.770436467443034, 33.66014080457155, 71.94643355548577, 41.128247834818325], [99.09468665731698, 58.05033297246939, 81.16902104545326, 81.86859352236695, 74.60480646007866, 63.94026245796961, 64.29952433206597, 24.725759547181234, 62.99667025440857, 81.91286263533559, 18.502733597050263, 104.89378597400584, 43.67912880440343, 63.65430834680492, 44.927329358848816, 54.035309873840816, 0.0, 45.1266726726983, 51.09572523942354, 76.53231531873155, 43.981188890420206, 36.97736357592097, 75.93674496635096, 63.919996230076876, 49.56944239897045, 44.04851170934942, 67.0940333752727, 6.042180866725636, 54.71074747233538, 64.42609678218741, 90.7039064805603, 18.858437500509915, 87.68875219847048, 49.34229980108828, 85.27509166894085, 42.4426906475982, 69.30822132877054, 42.403820811090334, 99.94484409781728, 76.52630171194238, 24.996445531759534, 72.31521349429018, 56.376744554952154, 89.25033380362314, 58.644283426371125, 35.58752764371508, 87.62507894455966, 79.81075080175425, 79.91267568137117, 38.984249975230256, 85.11568649070892, 10.217596304232723, 76.96512539327783, 20.227110049941622, 54.54103016330811, 56.61259967027205, 31.98323487358853, 45.23186828737356, 38.466978131261406, 58.55454609473035, 40.6872211838655, 47.63239322585578, 64.65482809722111, 96.61993034588774, 78.52198250151315, 65.21700335298956, 23.50144807985311, 79.51946300181629, 54.14420246763137, 75.63904927052614, 63.30090874447574, 21.65945081157794, 49.01412746962484, 41.691224060576175, 75.85149734066226], [113.43921491945487, 77.76546658798902, 82.46728483573239, 50.1596419818435, 61.34141459425399, 50.26430436348128, 79.87951365609551, 20.448162617789375, 52.82363198037976, 93.18134611250622, 55.821125741549615, 117.75540642627662, 57.54284185795218, 92.61674847856324, 44.326205439591696, 58.76473738874729, 45.1266726726983, 0.0, 18.494878329908992, 98.47995790923663, 68.14473402021352, 11.717267489304634, 65.4291343599677, 48.240509843184675, 32.74838931792946, 60.37109600084071, 93.30545885200866, 39.2319963912752, 33.33103099916583, 48.02932701123383, 79.17073165718563, 40.73060877320102, 70.97661222806953, 92.14317110896958, 104.84113994948285, 60.75981689395992, 50.63535464876018, 22.286562061983172, 110.8238292219283, 85.46321447347572, 21.101385846684046, 85.55436235285727, 97.64015431744957, 104.27220688484026, 62.75213798141381, 11.128508082894598, 94.30084654497452, 63.09893088138854, 51.90699505792212, 40.033300786163146, 92.62062786931116, 41.88133750034359, 43.273191202625334, 27.14946026066558, 94.9096567363535, 65.26642560940827, 30.88198401316918, 71.81573853096042, 37.98459999142538, 46.62196380523789, 83.19653120625848, 19.838414054381733, 58.88451722724577, 100.61751921246507, 45.42104712380572, 40.78850410492695, 65.61759918046126, 98.78009542052516, 94.79389351391222, 50.527023051152746, 39.70940071679673, 61.009789593911336, 28.020261512644712, 18.764409552340332, 96.9830736697218], [99.46885269753874, 67.43891750161865, 66.269164510102, 33.4443213071167, 43.28056747368374, 32.62754527620154, 67.92146469537596, 30.04954779592173, 35.749517219628636, 79.07693787370738, 55.895200199414404, 103.24886392630127, 47.64697776172122, 84.8107781801113, 31.776493324455153, 45.375773443179554, 51.09572523942354, 18.494878329908992, 0.0, 87.5762523721132, 60.570120808635494, 15.737565111431609, 47.62622058589413, 30.358044391850527, 16.782415457140615, 50.91401154711381, 84.31584614858129, 46.13432502402829, 15.572449527170326, 30.038089427292658, 60.947758442087455, 39.59927399263739, 52.505312518439595, 92.28045467639008, 92.81195462240404, 52.002349502951496, 32.27193076679431, 10.98992139364262, 95.97618490300015, 71.07599020275121, 32.634034269158974, 72.44419263217718, 96.24160143403661, 90.81099555822256, 48.67248464706541, 26.51109551698192, 78.91652550883553, 44.68310829342423, 34.106939870439646, 29.63008025717222, 77.51232766135335, 44.34617923461242, 27.23605396690404, 30.8693169322026, 92.97254295234254, 52.373630493182, 24.629098476266876, 64.76757367633432, 27.72618661425669, 29.701595621274542, 83.49292842238428, 4.591806994535208, 42.378861844442305, 84.40570108491492, 29.160110629779343, 22.29575196048703, 66.8766116319954, 86.91706431298584, 93.06196929263713, 32.21185536375654, 21.22960827144683, 61.19598847319391, 11.786547300584072, 36.95797399448016, 85.86216732133364], [26.10469903006972, 20.750253807940666, 40.48363142658476, 93.7828771439178, 63.79159257276468, 64.45356568128817, 20.117525899805337, 87.22633415278794, 59.77545993013332, 22.20318283702696, 58.48042862864826, 32.477641866058164, 40.93725078576324, 18.16763847937436, 55.7997847811628, 42.98758069890618, 76.53231531873155, 98.47995790923663, 87.5762523721132, 0.0, 33.004360154742045, 86.9015425513923, 59.659700405122024, 67.16878649701955, 71.48997643756681, 38.200074693950654, 11.926346730987587, 79.45437104946143, 75.29104189906992, 68.10340004706234, 64.4844043384433, 63.427538528384225, 72.0113730126708, 58.066080646084174, 9.432490157136604, 38.17105455087971, 71.28620113643196, 77.90511794909906, 31.17412438143222, 26.62494671689739, 90.31423386571893, 19.464186121040118, 52.13308994781297, 18.10328771669434, 41.07185380339395, 96.34510280289751, 31.98800370631811, 69.8758176125691, 87.2175986058158, 58.75462209227684, 29.836109918614785, 69.01114726449144, 94.8735151728834, 77.26726837993415, 48.54694455432248, 35.89733917802605, 67.68166008596283, 31.30070812406394, 60.802193525343675, 63.05392678102398, 56.7544589637241, 83.30750423398372, 53.19507682611911, 40.213390950875066, 94.58883004847573, 78.75431481505993, 60.0823935074654, 6.109671543505794, 49.54906257585544, 81.56610695069259, 77.53643700880191, 57.29241380282622, 76.1305715274135, 108.0355996803357, 2.0988786129952333], [55.2414427246765, 14.273716386103043, 44.8245815884904, 76.4094877937307, 53.119745905401736, 47.78884743045616, 21.53304695764671, 54.80179277775106, 43.927659448551985, 39.41877514860509, 26.7520090787312, 61.17191524129798, 14.472769155938579, 24.531039236678065, 30.99504637518089, 25.4204704661648, 43.981188890420206, 68.14473402021352, 60.570120808635494, 33.004360154742045, 0.0, 56.42889365712548, 51.336035424281576, 49.73679071754948, 46.772669234291676, 11.148478263349908, 25.43511978648809, 46.54340316594834, 51.85988407505837, 50.66251246967065, 62.91969219828938, 30.589127398423983, 65.37429968965495, 43.16264018003972, 41.407965715959996, 9.122115853711586, 55.31106972035671, 49.85516498202447, 56.74773097292276, 35.74970530539847, 57.72140207499313, 29.76981303895591, 42.60420520799763, 45.43573927147423, 27.623190474864305, 64.54588538152832, 46.832662560392535, 59.79667263562336, 71.11465940933299, 31.082863058423552, 44.12952566486902, 36.03560088138198, 75.16715773739813, 44.80912072145614, 38.58242406685471, 22.028928333150187, 37.53201645603162, 4.466001909816771, 32.8918235511504, 43.994293657694946, 37.11899402133982, 56.00636720557349, 40.31176509972591, 56.44702334136301, 75.58840735671888, 58.78914106721402, 31.728813986799455, 35.57064507773341, 39.121145274946215, 65.36429717613447, 57.07729822395182, 27.070144586575044, 50.44761819947098, 75.76233893741109, 32.110810005410656], [102.49974995760329, 66.16588670404343, 72.80813762750637, 49.08907142837338, 54.08036174402535, 42.56698914032244, 68.52639668719385, 14.355343432151908, 44.38389720660469, 82.36725699124682, 45.268471699185355, 107.00106461153972, 45.97611496989908, 80.90798513302825, 33.55358583275225, 47.983364213556904, 36.97736357592097, 11.717267489304634, 15.737565111431609, 86.9015425513923, 56.42889365712548, 0.0, 57.632583952377615, 40.982247769551435, 24.42186202351128, 48.74236862209937, 81.59528017050405, 31.535643410993668, 26.70326008616973, 40.96986774464635, 72.03994986926766, 29.614111297070433, 65.00510788875616, 81.87402648777677, 93.42218308130931, 49.07712349782151, 44.43586004433859, 13.188376605639428, 100.2365461227108, 74.80256316067187, 16.911703886494163, 74.45459515070532, 86.93387537454947, 93.19872777903157, 52.1769188168477, 12.694243713462102, 84.05344945965994, 56.86480522774882, 49.22549960086437, 28.788495958750794, 82.24068824276833, 31.951593662820976, 42.97321128781512, 17.268324416767904, 84.05188908055996, 54.24626621176108, 19.230644386335854, 60.11636222776857, 26.766425377571956, 38.23142774784345, 72.93541411774387, 14.120892628699602, 49.77947198809177, 90.84094321110041, 44.88529446452892, 36.04344674454461, 55.56458985243604, 87.34499105379707, 83.98835581411416, 46.607880259349045, 34.549843237545176, 50.54884859692941, 20.505916886251295, 24.966161875953507, 85.43531325605397], [60.279833630802045, 46.73675008651574, 23.136916615590994, 36.56153488063459, 5.221585394542988, 15.178809503961055, 41.35672286968639, 67.702997380842, 13.61514041252681, 41.826892773967565, 67.69932131604301, 62.21199568323035, 38.85652322093263, 67.05838649914885, 31.009602362143468, 26.2511664070678, 75.93674496635096, 65.4291343599677, 47.62622058589413, 59.659700405122024, 51.336035424281576, 57.632583952377615, 0.0, 17.2688498917872, 33.220153276083686, 41.23886091880451, 63.091037024506505, 74.17890823434449, 32.15851228286373, 17.61540798205655, 14.972790816459204, 57.18994567233754, 14.045342091245837, 94.38402304976574, 60.43716979990208, 43.76938523627007, 16.78668069964486, 44.44521790186843, 54.41418510668111, 34.34322759995835, 71.31551473186906, 40.25944728790618, 93.78576525169952, 54.08151454045459, 23.765584967990453, 70.32296716078446, 37.13756832554014, 10.235315402521854, 29.540392002381463, 37.04828503991516, 36.8858114572931, 65.78650012614257, 39.951875627890196, 61.39647485747913, 89.7155870305514, 29.732180962095644, 46.02378738601265, 55.28954938535123, 37.85952670488302, 19.50045452179553, 87.70569544573401, 45.59087783307299, 11.794775504910115, 39.546191991884676, 38.89029128502265, 27.669670896675026, 77.4949782561322, 56.00344177026418, 90.31640084511812, 24.69904614306876, 27.726578234837756, 71.26555185223638, 37.53943521442726, 82.47666283610269, 57.565827677403725], [73.2720741186298, 50.05752869475629, 37.48884443791193, 27.19633576237054, 13.153945558910767, 2.8568776195574843, 47.20992977989381, 52.139714121067016, 7.47883823437113, 53.38343741100848, 59.3004682676088, 76.14626589620175, 35.393208159668696, 70.24137475493791, 21.209798596832655, 25.605056669983874, 63.919996230076876, 48.240509843184675, 30.358044391850527, 67.16878649701955, 49.73679071754948, 40.982247769551435, 17.2688498917872, 0.0, 16.721373032185006, 38.60434696535167, 67.64213747181277, 61.188378813351996, 14.918032782247824, 0.9584641701878878, 31.103388744298133, 46.039217739122506, 24.58528877124667, 90.66309341423037, 70.10237409071654, 40.834626678409066, 5.863424210289102, 27.86139669366246, 68.51666242218626, 45.29891785161806, 55.65255282478465, 49.01678807907454, 91.75177402182258, 65.72354769885646, 26.25061253041386, 53.65471680547763, 51.057008167947096, 16.394652858814542, 21.422432861487955, 25.756548110104774, 50.14850444728094, 54.19123928449295, 27.707867411824857, 47.08152831316227, 87.85772814033454, 32.041516427421946, 32.252384914017576, 54.14932005378874, 25.744683184968473, 6.047154612764946, 82.98568215282845, 28.413718350669022, 14.602565778507932, 55.23688781757101, 27.45818242103843, 12.077481389315267, 70.06596964593538, 64.82007938194306, 88.28282799767652, 15.639659709168454, 11.427539954783523, 63.68851483166756, 20.569258162143434, 65.59785299637375, 65.17584372022463], [82.6875939827132, 51.816308060675844, 49.91282450496447, 33.354731202795904, 29.708613345629345, 18.15270189842353, 51.602337665193936, 35.51502446852086, 20.148744633309683, 62.29638448400077, 48.56051646593696, 86.48242678262717, 32.848117042645214, 70.25181559062537, 16.139499859139306, 28.81839844749429, 49.56944239897045, 32.74838931792946, 16.782415457140615, 71.48997643756681, 46.772669234291676, 24.42186202351128, 33.220153276083686, 16.721373032185006, 0.0, 36.25358467360872, 69.11969583922705, 46.090223670992906, 5.675432840418584, 16.827377946250596, 47.65091811705777, 33.312355397317454, 41.17321671801859, 83.12962860974504, 76.33572659427013, 37.767392699863194, 20.911890093214048, 11.234984878387916, 79.24159472405279, 54.29388288237352, 38.9886914440767, 55.785358516596666, 85.78444473863225, 74.06594888541595, 31.93356122928613, 37.11594803234842, 62.26805378617027, 32.968021812589896, 30.487875658856666, 16.267629796137864, 60.802272642250315, 40.54737827727211, 29.98532186152211, 31.23839640704793, 82.1886148266954, 35.89181240638114, 17.712513575831455, 51.17188958982909, 14.973021697094856, 13.942934988530364, 74.75769916392636, 13.341976028573036, 26.16790487121623, 68.08307827507893, 30.983916999915508, 15.763874028725326, 59.75000625620105, 70.51068241279484, 82.43075977265016, 26.070508463280913, 13.814515480152998, 53.527250528573994, 5.021289707008501, 49.26792288418422, 69.70676131084467], [56.5597412248589, 17.449904707611008, 38.4528719989564, 65.27089836252345, 42.57717870415248, 36.69932719371459, 21.22961712640026, 49.59972318690812, 32.942247134945596, 38.13158302804647, 29.75301188569773, 61.944218335198514, 3.426536287354801, 34.04237459644182, 20.21250602881781, 14.99091753586455, 44.04851170934942, 60.37109600084071, 50.91401154711381, 38.200074693950654, 11.148478263349908, 48.74236862209937, 41.23886091880451, 38.60434696535167, 36.25358467360872, 0.0, 33.44953366057883, 45.18703382090835, 41.13170699317938, 39.52681988402262, 53.775580079306856, 27.239910873802625, 55.18365734187722, 53.26644465647746, 45.214819993333506, 2.538646206114751, 44.20939746874857, 40.55914903584819, 56.38813335808316, 32.477945370569515, 52.87777761450457, 28.737610504894942, 53.422069469791246, 46.77127655587565, 18.10524847660063, 58.25170289925026, 43.59518216476522, 49.19857668121354, 59.96999754665961, 21.316037661162543, 41.0700704335568, 34.62444472518327, 64.13402763392908, 39.804318505283135, 49.4538102068025, 13.705745497863093, 29.51181343595973, 15.593612480462733, 23.286769346020492, 32.846153834569975, 46.46925589556653, 46.42952425926811, 29