instance_id,num_cities,city_coordinates,distance_matrix,best_route,total_distance
1927,40,"[[92.11711106905585, 30.743310399221347], [84.49744154491692, 65.19123695310107], [32.02693334189388, 85.57467441493603], [19.882748479149193, 7.848467226787714], [67.39565397324208, 30.07297224731169], [2.486843718746179, 5.116372480232156], [80.86855784860822, 24.948854860685287], [27.71915619131188, 53.31146571776056], [55.185607744728635, 45.391245504550405], [9.976002858353251, 90.20511804755627], [20.14250980241362, 77.99502657587917], [95.09298548934112, 89.65160680980155], [71.39303896423735, 32.74532914967978], [90.69725037952789, 59.995542297031555], [52.44573339607959, 45.82931146406863], [20.144542300142444, 80.06337086254084], [40.200474613415814, 46.519261073990236], [96.43609423809664, 41.79763306047042], [69.66598872306291, 98.25476208459321], [23.17257520579964, 85.96147833209415], [73.0495432804325, 89.14673896814024], [83.2467201726022, 45.2327172833087], [18.44682356169144, 71.32629370987392], [64.92379551336099, 19.224569728856157], [0.4148687959805164, 16.7003222019638], [89.52657080478194, 75.28641832694217], [49.99959473091107, 83.310263798424], [47.69282018483894, 79.834522016415], [1.8193221854308383, 71.46462615876369], [38.20305449114954, 58.87251554561279], [48.153543680895005, 94.29358222011116], [95.33472194479984, 62.457016702091316], [33.471477478934794, 9.54318988054471], [35.70622354062404, 41.408404453857614], [32.279457975974054, 4.674285426762292], [13.157064152244946, 20.542047506579266], [48.59272319077505, 39.98862002417767], [59.441466679855196, 63.7850114576745], [53.44814762953326, 90.11680879630906], [75.50479798958126, 22.945711945166238]]","[[0.0, 35.280575498687426, 81.3468373024159, 75.77583376420505, 24.73054375014967, 93.22191143927331, 12.653286709045757, 68.23795298012432, 39.73031513397199, 101.40447833744787, 86.09917484582279, 58.983414741451554, 20.820548592265855, 29.28667060935626, 42.44296920104074, 87.24975082658666, 54.26064651807822, 11.868094417953643, 71.14667246794501, 88.33116717933011, 61.4372249534316, 16.98901840921146, 84.10879737465302, 29.532317849141496, 92.77126039576115, 44.61837472075165, 67.35851670106636, 66.20773881208757, 99.05511715434022, 60.810999653462844, 77.27504322873163, 31.87651466538336, 62.359886539290216, 57.4102121833705, 65.26973870564134, 79.61629716150944, 44.49548393084794, 46.46990149640609, 70.8554941087571, 18.351334760751467], [35.280575498687426, 0.0, 56.2906631142683, 86.39011401698909, 39.06102474452743, 101.65986178054489, 40.40566932193206, 58.00778096341408, 35.37263436743919, 78.60750009587387, 65.61626527231354, 26.65661728360907, 34.99231773096255, 8.089058816996538, 37.44590970855281, 66.04904244747537, 48.071446437158514, 26.263894060357295, 36.23766944669171, 64.74675403796114, 26.550338066897215, 19.99767014831112, 66.33493089899781, 49.96060562756538, 97.06311273332545, 11.278511784946573, 38.96665970575547, 39.610679758168516, 82.91578156748662, 46.72361836276677, 46.55991207026407, 11.176878224563342, 75.5006897442159, 54.27896531833952, 79.93134072469712, 84.16055824886297, 43.86707991371558, 25.095404889791933, 39.81636327384514, 43.19203654968549], [81.3468373024159, 56.2906631142683, 0.0, 78.66920941407429, 65.81326114547151, 85.70971499870694, 77.85238776736041, 32.549525025975036, 46.379221199719694, 22.531856191286476, 14.095764762150077, 63.19769229344406, 65.88345765839217, 64.00389129733988, 44.68356825219979, 13.098308429554505, 39.90152989735355, 77.87791315323959, 39.71754163209125, 8.862802901596488, 41.17783592348857, 65.19923364728498, 19.683387268423495, 74.05767976774767, 75.78257726952512, 58.41281128053762, 18.11474848968215, 16.684404698226604, 33.34056438591858, 27.40711149925983, 18.33267340954728, 67.39660374172038, 76.04520595190235, 44.31925742429953, 80.90078310578112, 67.7149505341028, 48.5027189777488, 35.019224005241, 21.89747488400013, 76.24114148124002], [75.77583376420505, 86.39011401698909, 78.66920941407429, 0.0, 52.45383505424457, 17.609140925586594, 63.337920724298755, 46.133431669684434, 51.533989493717236, 82.9503558956148, 70.14704031148194, 111.12305519903278, 57.21157015382217, 87.94322667369208, 50.028916794958015, 72.21537816231262, 43.683409803263956, 83.74342128007338, 103.20692398816902, 78.18225798625356, 97.1396780804454, 73.57020498175334, 63.49406535563286, 46.45548004353896, 21.385828856041126, 96.9440005194294, 81.24965950680213, 77.17118745005045, 66.13095377149057, 54.21334816459073, 90.95051273933517, 93.14018453738392, 13.69400017170919, 37.103257939242866, 12.796633793630274, 14.365298812926877, 43.09584747724274, 68.51123386844542, 88.85221463038519, 57.63453122762052], [24.73054375014967, 39.06102474452743, 65.81326114547151, 52.45383505424457, 0.0, 69.54125049629427, 14.414427419317876, 45.980996672708244, 19.589148130683736, 83.14379888300404, 67.30069037609698, 65.70202332838316, 4.80838623447292, 37.92525007777568, 21.720090947714265, 68.78740806320032, 31.781412753111717, 31.317963566621092, 68.21957846022994, 71.26854711624324, 59.34371389527987, 21.93340304678991, 64.01425255638186, 11.126451431077118, 68.30265992037064, 50.33918142163405, 56.00742887207754, 53.52021575737887, 77.54691679409648, 41.007579283744484, 67.04137195628742, 42.77052553299372, 39.6525120874293, 33.65578738423656, 43.338672263082685, 55.069620955513024, 21.257240574569256, 34.63770609060763, 61.64247919033197, 10.796113008498388], [93.22191143927331, 101.65986178054489, 85.70971499870694, 17.609140925586594, 69.54125049629427, 0.0, 80.85184269580007, 54.40070408448084, 66.32665472486262, 85.41769211843165, 74.98680395676917, 125.38781175533265, 74.23895870667883, 103.88839744187794, 64.44714158512822, 76.99900574493948, 56.004617123649034, 100.85621721491945, 114.83813452684072, 83.44956936589453, 109.72783175441386, 90.17471244867608, 68.10634791135541, 64.01104732004575, 11.76779381346293, 111.80227826543148, 91.4972466701877, 87.32915995453244, 66.3516115191501, 64.539682592994, 100.1899307436795, 109.12688931174534, 31.299269025789247, 49.199987606958175, 29.795894100409594, 18.756466994557464, 57.808526798868236, 81.76697546141446, 99.10665300680397, 75.16320237758381], [12.653286709045757, 40.40566932193206, 77.85238776736041, 63.337920724298755, 14.414427419317876, 80.85184269580007, 0.0, 60.243643574724956, 32.82537526479709, 96.35421235296616, 80.63218491983564, 66.24787129784107, 12.270715931314733, 36.39881175434588, 35.26826360660579, 82.00619451266535, 46.0345024762028, 22.93969302461567, 74.15695239782185, 83.97241592322553, 64.67229169197239, 20.422799289499434, 77.7646432872721, 16.94115952932381, 80.87542502638797, 51.076721547772735, 66.02232150689429, 64.1331897590069, 91.71967421653704, 54.50834735168013, 76.6743983644266, 40.20114561028144, 49.83791469403201, 48.06821416441664, 52.64939498383416, 67.8547443414891, 35.60792101531321, 44.355014318337474, 70.70177590936406, 5.725600524425628], [68.23795298012432, 58.00778096341408, 32.549525025975036, 46.133431669684434, 45.980996672708244, 54.40070408448084, 60.243643574724956, 0.0, 28.5855881374152, 40.93850354408086, 25.820219734519107, 76.54958346633526, 48.27394752659229, 63.33180265314864, 25.83381993703948, 27.803582583466078, 14.209762611557107, 69.67485857169525, 61.47712296264131, 32.96505304673365, 57.78417432635765, 56.112178160925524, 20.261050811341324, 50.4589106624603, 45.671653568719385, 65.59767559431637, 37.367711032404344, 33.20270725028175, 31.628130446313023, 11.867493364194237, 45.794083297808996, 68.2312672824655, 44.144661851221066, 14.334437983216336, 48.85050316042061, 35.859298577266635, 24.762956541093757, 33.40658831873759, 44.906728666845986, 56.61754643439025], [39.73031513397199, 35.37263436743919, 46.379221199719694, 51.533989493717236, 19.589148130683736, 66.32665472486262, 32.82537526479709, 28.5855881374152, 0.0, 63.65682639185645, 47.86465557738631, 59.59512044893075, 20.55723782976424, 38.39742501033848, 2.774673535981064, 49.29536027185496, 15.027529207693057, 41.40672271911631, 54.810882299833175, 51.67957085754133, 47.26164831093004, 28.061560218325173, 44.97071256562696, 27.920014723625144, 61.83043688141643, 45.53046345000912, 38.27200908432435, 35.24884625474145, 59.39513122416702, 21.682983118812235, 49.40534850843522, 43.62558787703813, 41.91165166420515, 19.882389992307345, 46.71790379720399, 48.82500504503481, 8.52376025137571, 18.879697063618465, 44.759298245359076, 30.27658284833272], [101.40447833744787, 78.60750009587387, 22.531856191286476, 82.9503558956148, 83.14379888300404, 85.41769211843165, 96.35421235296616, 40.93850354408086, 63.65682639185645, 0.0, 15.888492602835225, 85.11878233911838, 84.10517025855188, 86.18896836835577, 61.423857106845624, 14.361553897263029, 53.12224385685758, 99.08901051160275, 60.230317794714004, 13.862106613211216, 63.082419640113756, 85.97159325175191, 20.69214372077408, 89.76356809575387, 74.1240197025289, 80.93738605831805, 40.61313730183687, 39.11658946381464, 20.438627053545606, 42.17224707583581, 38.395835223981095, 89.75560178817305, 84.01418917817706, 55.16487572635155, 88.390991843004, 69.7356619539288, 63.34783155692439, 56.078999128880966, 43.47223446672933, 93.90341154929715], [86.09917484582279, 65.61626527231354, 14.095764762150077, 70.14704031148194, 67.30069037609698, 74.98680395676917, 80.63218491983564, 25.820219734519107, 47.86465557738631, 15.888492602835225, 0.0, 75.85149747003403, 68.36776913524047, 72.81450990158746, 45.58652743077207, 2.0683452852976436, 37.323528320475056, 84.44502545060928, 53.507306485068405, 8.523241750231985, 54.06953745616769, 71.10211161862257, 6.880941059558134, 73.88728001444696, 64.39115314982627, 69.43691006825244, 30.32651096251324, 27.611652352652214, 19.452129293602106, 26.303112031782213, 32.40772955684428, 76.78084733645196, 69.73747433257446, 39.75940270709001, 74.31848083500827, 57.87608534506177, 47.47527336220949, 41.789143821267956, 35.44295579195946, 78.0731067310007], [58.983414741451554, 26.65661728360907, 63.19769229344406, 111.12305519903278, 65.70202332838316, 125.38781175533265, 66.24787129784107, 76.54958346633526, 59.59512044893075, 85.11878233911838, 75.85149747003403, 0.0, 61.644236571018155, 29.980070872851858, 61.14884856213439, 75.55927080818662, 69.81108077473903, 47.872818432933904, 26.842996204494348, 72.01501554214181, 22.04922302384004, 45.971423174852305, 78.80641622640807, 76.61688831979303, 119.52336887209695, 15.405960294267665, 45.53708951262049, 48.40610317650733, 95.03021904285208, 64.6824296701064, 47.16841244941807, 27.1956645008036, 101.06714952143557, 76.51270527376577, 105.67253374509794, 107.18967484065062, 68.03445193653357, 44.04669736238812, 41.64743609464977, 69.5224675857922], [20.820548592265855, 34.99231773096255, 65.88345765839217, 57.21157015382217, 4.80838623447292, 74.23895870667883, 12.270715931314733, 48.27394752659229, 20.55723782976424, 84.10517025855188, 68.36776913524047, 61.644236571018155, 0.0, 33.39501003057698, 23.025876345893593, 69.75245860806488, 34.098347048437425, 26.628909544757693, 65.53219442372934, 71.81345040369378, 56.42573026607189, 17.2175672087969, 65.5117741466963, 14.988730638132688, 72.76910668948932, 46.24466721039125, 54.90439028161787, 52.71709831764202, 79.62214533215767, 42.23985012155745, 65.78952497963758, 38.15741816677174, 44.45654161254474, 36.72325787297337, 48.14411400596523, 59.50083062583117, 23.92320342391834, 33.26111780818636, 60.11244298693853, 10.627279032635542], [29.28667060935626, 8.089058816996538, 64.00389129733988, 87.94322667369208, 37.92525007777568, 103.88839744187794, 36.39881175434588, 63.33180265314864, 38.39742501033848, 86.18896836835577, 72.81450990158746, 29.980070872851858, 33.39501003057698, 0.0, 40.79044799395838, 73.35122603385474, 52.264084401962876, 19.081358164846378, 43.65869747960472, 72.34508685110879, 34.07688121312042, 16.536366068459945, 73.13350875583073, 48.23425318063143, 100.12684209280553, 15.335624552942809, 46.90282948800513, 47.359963393946806, 89.61487602347344, 52.506207166884955, 54.647255395165665, 5.250237972270418, 76.29042501144977, 58.047349000606324, 80.45545308436853, 87.0003375357933, 46.61617904355143, 31.484664381253758, 47.90392834831142, 40.04373282703293], [42.44296920104074, 37.44590970855281, 44.68356825219979, 50.028916794958015, 21.720090947714265, 64.44714158512822, 35.26826360660579, 25.83381993703948, 2.774673535981064, 61.423857106845624, 45.58652743077207, 61.14884856213439, 23.025876345893593, 40.79044799395838, 0.0, 47.06737478460395, 12.26468071816936, 44.174724422014314, 55.181202109881205, 49.67402347259782, 47.96786953077089, 30.806764046618675, 42.49731725144266, 29.385614116436116, 59.62976510490094, 47.35725549122722, 37.56068932087711, 34.335761658990386, 56.746831379080106, 19.312666183149073, 48.653966256268724, 45.9994121724922, 40.947588539297215, 17.3134516776357, 45.830282919167274, 46.72306977722225, 6.997096836416979, 19.27037743372204, 44.29884032622788, 32.48660626887321], [87.24975082658666, 66.04904244747537, 13.098308429554505, 72.21537816231262, 68.78740806320032, 76.99900574493948, 82.00619451266535, 27.803582583466078, 49.29536027185496, 14.361553897263029, 2.0683452852976436, 75.55927080818662, 69.75245860806488, 73.35122603385474, 47.06737478460395, 0.0, 39.08257568867409, 85.35026412752549, 52.75699356873879, 6.629981523363644, 53.67910864448396, 72.07675964556138, 8.900492463147298, 75.54165236290225, 66.36366439659193, 69.54628066939287, 30.031091711441853, 27.54922841400157, 20.242334419067536, 27.841735068341723, 31.416605062102466, 77.22400418146569, 71.76839922273048, 41.66980142845397, 76.35948127968562, 59.93006578431465, 49.145545583939175, 42.535082586247114, 34.78795398157182, 79.5436035781733], [54.26064651807822, 48.071446437158514, 39.90152989735355, 43.683409803263956, 31.781412753111717, 56.004617123649034, 46.0345024762028, 14.209762611557107, 15.027529207693057, 53.12224385685758, 37.323528320475056, 69.81108077473903, 34.098347048437425, 52.264084401962876, 12.26468071816936, 39.08257568867409, 0.0, 56.43348904391649, 59.53804318722537, 42.96088756614981, 53.81601233746909, 43.06546704341095, 32.99409344531211, 36.827201522078795, 49.71985062039095, 57.10177844775037, 38.07362126914635, 34.14735500479468, 45.77536565569795, 12.51369582439564, 48.43177746650221, 57.39161335299169, 37.583363917278696, 6.805817224760263, 42.588079218106664, 37.49882230281701, 10.633866122238187, 25.851922791399417, 45.56585352807334, 42.45123634922711], [11.868094417953643, 26.263894060357295, 77.87791315323959, 83.74342128007338, 31.317963566621092, 100.85621721491945, 22.93969302461567, 69.67485857169525, 41.40672271911631, 99.08901051160275, 84.44502545060928, 47.872818432933904, 26.628909544757693, 19.081358164846378, 44.174724422014314, 85.35026412752549, 56.43348904391649, 0.0, 62.48236524758396, 85.54524212468901, 52.80973959366922, 13.629357719919527, 83.39225467862843, 38.76297407436696, 99.24691807675543, 34.194155241786284, 62.28681238646376, 61.82808170142305, 99.15878192656615, 60.68474709555065, 71.32341387286729, 20.688720438444594, 70.74526180936205, 60.73111800255243, 74.12298507213161, 85.94880318700767, 47.87755926670832, 43.03541886579976, 64.6738455437092, 28.16938217960709], [71.14667246794501, 36.23766944669171, 39.71754163209125, 103.20692398816902, 68.21957846022994, 114.83813452684072, 74.15695239782185, 61.47712296264131, 54.810882299833175, 60.230317794714004, 53.507306485068405, 26.842996204494348, 65.53219442372934, 43.65869747960472, 55.181202109881205, 52.75699356873879, 59.53804318722537, 62.48236524758396, 0.0, 48.09118761173087, 9.716199181394863, 54.73365967678323, 57.86661635896906, 79.1723417629095, 106.98992604785072, 30.364247654014523, 24.700305295276422, 28.672728851271092, 72.94437293714344, 50.40711827647699, 21.87409969829781, 44.04954528345482, 95.81119813004858, 66.21762625712189, 100.77230915688027, 96.08602688858696, 61.959872746793444, 35.95420085739639, 18.14509998476927, 75.53505627556986], [88.33116717933011, 64.74675403796114, 8.862802901596488, 78.18225798625356, 71.26854711624324, 83.44956936589453, 83.97241592322553, 32.96505304673365, 51.67957085754133, 13.862106613211216, 8.523241750231985, 72.01501554214181, 71.81345040369378, 72.34508685110879, 49.67402347259782, 6.629981523363644, 42.96088756614981, 85.54524212468901, 48.09118761173087, 0.0, 49.97857370551395, 72.57916278148619, 15.379250876693007, 78.72089536512821, 72.90419020548693, 67.20721418168854, 26.957706043064086, 25.274137127236273, 25.809303312706547, 30.979464365845708, 26.33387060715566, 75.89357771575453, 77.10915767855204, 46.282488400913024, 81.79573976814643, 66.18166204620584, 52.532729079858534, 42.51150634580068, 30.559402102324782, 81.91244322337862], [61.4372249534316, 26.550338066897215, 41.17783592348857, 97.1396780804454, 59.34371389527987, 109.72783175441386, 64.67229169197239, 57.78417432635765, 47.26164831093004, 63.082419640113756, 54.06953745616769, 22.04922302384004, 56.42573026607189, 34.07688121312042, 47.96786953077089, 53.67910864448396, 53.81601233746909, 52.80973959366922, 9.716199181394863, 49.97857370551395, 0.0, 45.08241028501087, 57.437141902137334, 70.39273774972212, 102.58790981261306, 21.531393924105107, 23.777396210314944, 27.01260429322961, 73.39210795886939, 46.160658409285425, 25.422446607683728, 34.77025255504482, 88.89965309228666, 60.60917514194626, 93.79656317282138, 91.06982346889863, 54.905889547539836, 28.781886162694313, 19.625385268437793, 66.24654145374936], [16.98901840921146, 19.99767014831112, 65.19923364728498, 73.57020498175334, 21.93340304678991, 90.17471244867608, 20.422799289499434, 56.112178160925524, 28.061560218325173, 85.97159325175191, 71.10211161862257, 45.971423174852305, 17.2175672087969, 16.536366068459945, 30.806764046618675, 72.07675964556138, 43.06546704341095, 13.629357719919527, 54.73365967678323, 72.57916278148619, 45.08241028501087, 0.0, 69.85629056508601, 31.814356936490253, 87.60829396556413, 30.702792550232033, 50.54968742481317, 49.61214261778954, 85.54843181620205, 47.06353062254073, 60.319975999873236, 21.042725044835056, 61.24799712191519, 47.69406869446798, 65.13561399481821, 74.31143286921267, 35.0485386696751, 30.180750702826302, 53.87519463122089, 23.593388184623723], [84.10879737465302, 66.33493089899781, 19.683387268423495, 63.49406535563286, 64.01425255638186, 68.10634791135541, 77.7646432872721, 20.261050811341324, 44.97071256562696, 20.69214372077408, 6.880941059558134, 78.80641622640807, 65.5117741466963, 73.13350875583073, 42.49731725144266, 8.900492463147298, 32.99409344531211, 83.39225467862843, 57.86661635896906, 15.379250876693007, 57.437141902137334, 69.85629056508601, 0.0, 69.81904155451033, 57.5251958350048, 71.18997861443943, 33.75193190826861, 30.45846790955484, 16.62807679450525, 23.35391297197761, 37.54977445675499, 77.39775831645244, 63.583741193158886, 34.53935415099759, 68.0722556039623, 51.05899741521249, 43.48361825421112, 41.682510749629145, 39.726265161925674, 74.80837611995929], [29.532317849141496, 49.96060562756538, 74.05767976774767, 46.45548004353896, 11.126451431077118, 64.01104732004575, 16.94115952932381, 50.4589106624603, 27.920014723625144, 89.76356809575387, 73.88728001444696, 76.61688831979303, 14.988730638132688, 48.23425318063143, 29.385614116436116, 75.54165236290225, 36.827201522078795, 38.76297407436696, 79.1723417629095, 78.72089536512821, 70.39273774972212, 31.814356936490253, 69.81904155451033, 0.0, 64.55829498836991, 61.22276880601589, 65.8005163609916, 63.0116880195436, 81.92190213731229, 47.81168903379762, 76.91942526395091, 52.85706119064865, 32.90862235806874, 36.684997411588355, 35.74022309005092, 51.78349373602315, 26.416845153654776, 44.89642409486645, 71.81504058587237, 11.216261088071406], [92.77126039576115, 97.06311273332545, 75.78257726952512, 21.385828856041126, 68.30265992037064, 11.76779381346293, 80.87542502638797, 45.671653568719385, 61.83043688141643, 74.1240197025289, 64.39115314982627, 119.52336887209695, 72.76910668948932, 100.12684209280553, 59.62976510490094, 66.36366439659193, 49.71985062039095, 99.24691807675543, 106.98992604785072, 72.90419020548693, 102.58790981261306, 87.60829396556413, 57.5251958350048, 64.55829498836991, 0.0, 106.6453285149923, 83.03932421164092, 78.874152126906, 54.78230989284686, 56.625443658718375, 91.10266231022776, 105.37292637756354, 33.8225356927045, 43.080959231180344, 34.05844394754787, 13.30873381705899, 53.51121816537308, 75.50567674057015, 90.56770488256302, 75.34920277842674], [44.61837472075165, 11.278511784946573, 58.41281128053762, 96.9440005194294, 50.33918142163405, 111.80227826543148, 51.076721547772735, 65.59767559431637, 45.53046345000912, 80.93738605831805, 69.43691006825244, 15.405960294267665, 46.24466721039125, 15.335624552942809, 47.35725549122722, 69.54628066939287, 57.10177844775037, 34.194155241786284, 30.364247654014523, 67.20721418168854, 21.531393924105107, 30.702792550232033, 71.18997861443943, 61.22276880601589, 106.6453285149923, 0.0, 40.33316171210211, 42.080255917731506, 87.79047531340412, 53.884316190433594, 45.53020593689063, 14.082903312776699, 86.39644422269146, 63.595201105267826, 90.90272405130071, 93.96407655518834, 54.05103556370943, 32.20863005748804, 39.00760310870445, 54.186341982314886], [67.35851670106636, 38.96665970575547, 18.11474848968215, 81.24965950680213, 56.00742887207754, 91.4972466701877, 66.02232150689429, 37.367711032404344, 38.27200908432435, 40.61313730183687, 30.32651096251324, 45.53708951262049, 54.90439028161787, 46.90282948800513, 37.56068932087711, 30.031091711441853, 38.07362126914635, 62.28681238646376, 24.700305295276422, 26.957706043064086, 23.777396210314944, 50.54968742481317, 33.75193190826861, 65.8005163609916, 83.03932421164092, 40.33316171210211, 0.0, 4.171569218125169, 49.61509642887831, 27.135989042157473, 11.13737796931746, 49.9012191630644, 75.5960306782105, 44.27263575296995, 80.6078181138909, 72.78201038649422, 43.344481849863435, 21.688347674965975, 7.630306147385541, 65.53162987222832], [66.20773881208757, 39.610679758168516, 16.684404698226604, 77.17118745005045, 53.52021575737887, 87.32915995453244, 64.1331897590069, 33.20270725028175, 35.24884625474145, 39.11658946381464, 27.611652352652214, 48.40610317650733, 52.71709831764202, 47.359963393946806, 34.335761658990386, 27.54922841400157, 34.14735500479468, 61.82808170142305, 28.672728851271092, 25.274137127236273, 27.01260429322961, 49.61214261778954, 30.45846790955484, 63.0116880195436, 78.874152126906, 42.080255917731506, 4.171569218125169, 0.0, 46.630815727045004, 23.010027557634036, 14.466398588243322, 50.71221247643523, 71.7155350101636, 40.25226714164787, 76.72439572127129, 68.61716970439959, 39.85606266297607, 19.890135334883478, 11.783429696808815, 63.323319722943246], [99.05511715434022, 82.91578156748662, 33.34056438591858, 66.13095377149057, 77.54691679409648, 66.3516115191501, 91.71967421653704, 31.628130446313023, 59.39513122416702, 20.438627053545606, 19.452129293602106, 95.03021904285208, 79.62214533215767, 89.61487602347344, 56.746831379080106, 20.242334419067536, 45.77536565569795, 99.15878192656615, 72.94437293714344, 25.809303312706547, 73.39210795886939, 85.54843181620205, 16.62807679450525, 81.92190213731229, 54.78230989284686, 87.79047531340412, 49.61509642887831, 46.630815727045004, 0.0, 38.50113279097157, 51.65289262414707, 93.94821456674164, 69.54224044048067, 45.29567911656765, 73.40823855314318, 52.169468173386306, 56.37809861809133, 58.131643861957876, 54.89480425215073, 88.22490793959759], [60.810999653462844, 46.72361836276677, 27.40711149925983, 54.21334816459073, 41.007579283744484, 64.539682592994, 54.50834735168013, 11.867493364194237, 21.682983118812235, 42.17224707583581, 26.303112031782213, 64.6824296701064, 42.23985012155745, 52.506207166884955, 19.312666183149073, 27.841735068341723, 12.51369582439564, 60.68474709555065, 50.40711827647699, 30.979464365845708, 46.160658409285425, 47.06353062254073, 23.35391297197761, 47.81168903379762, 56.625443658718375, 53.884316190433594, 27.135989042157473, 23.010027557634036, 38.50113279097157, 0.0, 36.7921757915253, 57.244004704207065, 49.555728141082376, 17.641693258320423, 54.520978931879725, 45.78784131347396, 21.55334604539294, 21.7991460471135, 34.7651941679246, 51.789528719306304], [77.27504322873163, 46.55991207026407, 18.33267340954728, 90.95051273933517, 67.04137195628742, 100.1899307436795, 76.6743983644266, 45.794083297808996, 49.40534850843522, 38.395835223981095, 32.40772955684428, 47.16841244941807, 65.78952497963758, 54.647255395165665, 48.653966256268724, 31.416605062102466, 48.43177746650221, 71.32341387286729, 21.87409969829781, 26.33387060715566, 25.422446607683728, 60.319975999873236, 37.54977445675499, 76.91942526395091, 91.10266231022776, 45.53020593689063, 11.13737796931746, 14.466398588243322, 51.65289262414707, 36.7921757915253, 0.0, 56.9177519439545, 86.01274364691075, 54.33026602219645, 91.01431181249202, 81.6335865437782, 54.306738051034365, 32.529833931286205, 6.743757647388831, 76.4107957361314], [31.87651466538336, 11.176878224563342, 67.39660374172038, 93.14018453738392, 42.77052553299372, 109.12688931174534, 40.20114561028144, 68.2312672824655, 43.62558787703813, 89.75560178817305, 76.78084733645196, 27.1956645008036, 38.15741816677174, 5.250237972270418, 45.9994121724922, 77.22400418146569, 57.39161335299169, 20.688720438444594, 44.04954528345482, 75.89357771575453, 34.77025255504482, 21.042725044835056, 77.39775831645244, 52.85706119064865, 105.37292637756354, 14.082903312776699, 49.9012191630644, 50.71221247643523, 93.94821456674164, 57.244004704207065, 56.9177519439545, 0.0, 81.40598310163699, 63.23449928253793, 85.52666454279148, 92.24983513768998, 51.86177105341984, 35.917813736157896, 50.19511138112655, 44.20824682866718], [62.359886539290216, 75.5006897442159, 76.04520595190235, 13.69400017170919, 39.6525120874293, 31.299269025789247, 49.83791469403201, 44.144661851221066, 41.91165166420515, 84.01418917817706, 69.73747433257446, 101.06714952143557, 44.45654161254474, 76.29042501144977, 40.947588539297215, 71.76839922273048, 37.583363917278696, 70.74526180936205, 95.81119813004858, 77.10915767855204, 88.89965309228666, 61.24799712191519, 63.583741193158886, 32.90862235806874, 33.8225356927045, 86.39644422269146, 75.5960306782105, 71.7155350101636, 69.54224044048067, 49.555728141082376, 86.01274364691075, 81.40598310163699, 0.0, 31.943481177910286, 5.012697983671172, 23.100871366365656, 33.99376837758182, 60.13830349370612, 83.01310387817473, 44.11833667358052], [57.4102121833705, 54.27896531833952, 44.31925742429953, 37.103257939242866, 33.65578738423656, 49.199987606958175, 48.06821416441664, 14.334437983216336, 19.882389992307345, 55.16487572635155, 39.75940270709001, 76.51270527376577, 36.72325787297337, 58.047349000606324, 17.3134516776357, 41.66980142845397, 6.805817224760263, 60.73111800255243, 66.21762625712189, 46.282488400913024, 60.60917514194626, 47.69406869446798, 34.53935415099759, 36.684997411588355, 43.080959231180344, 63.595201105267826, 44.27263575296995, 40.25226714164787, 45.29567911656765, 17.641693258320423, 54.33026602219645, 63.23449928253793, 31.943481177910286, 0.0, 36.89360680296625, 30.722458257336054, 12.96447689110917, 32.62015186785136, 51.83902510623015, 43.87251466282369], [65.26973870564134, 79.93134072469712, 80.90078310578112, 12.796633793630274, 43.338672263082685, 29.795894100409594, 52.64939498383416, 48.85050316042061, 46.71790379720399, 88.390991843004, 74.31848083500827, 105.67253374509794, 48.14411400596523, 80.45545308436853, 45.830282919167274, 76.35948127968562, 42.588079218106664, 74.12298507213161, 100.77230915688027, 81.79573976814643, 93.79656317282138, 65.13561399481821, 68.0722556039623, 35.74022309005092, 34.05844394754787, 90.90272405130071, 80.6078181138909, 76.72439572127129, 73.40823855314318, 54.520978931879725, 91.01431181249202, 85.52666454279148, 5.012697983671172, 36.89360680296625, 0.0, 24.848577805811555, 38.900190873910184, 65.05269132581124, 88.02578157224308, 46.928403406779005], [79.61629716150944, 84.16055824886297, 67.7149505341028, 14.365298812926877, 55.069620955513024, 18.756466994557464, 67.8547443414891, 35.859298577266635, 48.82500504503481, 69.7356619539288, 57.87608534506177, 107.18967484065062, 59.50083062583117, 87.0003375357933, 46.72306977722225, 59.93006578431465, 37.49882230281701, 85.94880318700767, 96.08602688858696, 66.18166204620584, 91.06982346889863, 74.31143286921267, 51.05899741521249, 51.78349373602315, 13.30873381705899, 93.96407655518834, 72.78201038649422, 68.61716970439959, 52.169468173386306, 45.78784131347396, 81.6335865437782, 92.24983513768998, 23.100871366365656, 30.722458257336054, 24.848577805811555, 0.0, 40.420973691601915, 63.341928046228404, 80.39912198710068, 62.39405033642759], [44.49548393084794, 43.86707991371558, 48.5027189777488, 43.09584747724274, 21.257240574569256, 57.808526798868236, 35.60792101531321, 24.762956541093757, 8.52376025137571, 63.34783155692439, 47.47527336220949, 68.03445193653357, 23.92320342391834, 46.61617904355143, 6.997096836416979, 49.145545583939175, 10.633866122238187, 47.87755926670832, 61.959872746793444, 52.532729079858534, 54.905889547539836, 35.0485386696751, 43.48361825421112, 26.416845153654776, 53.51121816537308, 54.05103556370943, 43.344481849863435, 39.85606266297607, 56.37809861809133, 21.55334604539294, 54.306738051034365, 51.86177105341984, 33.99376837758182, 12.96447689110917, 38.900190873910184, 40.420973691601915, 0.0, 26.152695473852408, 50.362788406272045, 31.854677612026993], [46.46990149640609, 25.095404889791933, 35.019224005241, 68.51123386844542, 34.63770609060763, 81.76697546141446, 44.355014318337474, 33.40658831873759, 18.879697063618465, 56.078999128880966, 41.789143821267956, 44.04669736238812, 33.26111780818636, 31.484664381253758, 19.27037743372204, 42.535082586247114, 25.851922791399417, 43.03541886579976, 35.95420085739639, 42.51150634580068, 28.781886162694313, 30.180750702826302, 41.682510749629145, 44.89642409486645, 75.50567674057015, 32.20863005748804, 21.688347674965975, 19.890135334883478, 58.131643861957876, 21.7991460471135, 32.529833931286205, 35.917813736157896, 60.13830349370612, 32.62015186785136, 65.05269132581124, 63.341928046228404, 26.152695473852408, 0.0, 27.005248088508164, 43.884837899192284], [70.8554941087571, 39.81636327384514, 21.89747488400013, 88.85221463038519, 61.64247919033197, 99.10665300680397, 70.70177590936406, 44.906728666845986, 44.759298245359076, 43.47223446672933, 35.44295579195946, 41.64743609464977, 60.11244298693853, 47.90392834831142, 44.29884032622788, 34.78795398157182, 45.56585352807334, 64.6738455437092, 18.14509998476927, 30.559402102324782, 19.625385268437793, 53.87519463122089, 39.726265161925674, 71.81504058587237, 90.56770488256302, 39.00760310870445, 7.630306147385541, 11.783429696808815, 54.89480425215073, 34.7651941679246, 6.743757647388831, 50.19511138112655, 83.01310387817473, 51.83902510623015, 88.02578157224308, 80.39912198710068, 50.362788406272045, 27.005248088508164, 0.0, 70.69973180494404], [18.351334760751467, 43.19203654968549, 76.24114148124002, 57.63453122762052, 10.796113008498388, 75.16320237758381, 5.725600524425628, 56.61754643439025, 30.27658284833272, 93.90341154929715, 78.0731067310007, 69.5224675857922, 10.627279032635542, 40.04373282703293, 32.48660626887321, 79.5436035781733, 42.45123634922711, 28.16938217960709, 75.53505627556986, 81.91244322337862, 66.24654145374936, 23.593388184623723, 74.80837611995929, 11.216261088071406, 75.34920277842674, 54.186341982314886, 65.53162987222832, 63.323319722943246, 88.22490793959759, 51.789528719306304, 76.4107957361314, 44.20824682866718, 44.11833667358052, 43.87251466282369, 46.928403406779005, 62.39405033642759, 31.854677612026993, 43.884837899192284, 70.69973180494404, 0.0]]",Route_2,2087.0277836064097
