instance_id,num_cities,city_coordinates,distance_matrix,best_route,total_distance
573,49,"[[98.16344375511542, 50.621140852636714], [55.71936163311552, 14.720183022781042], [50.87779854683166, 62.27152229481261], [90.53595019490243, 66.1928830760278], [42.06257617864101, 52.428020443025694], [40.681062514478015, 77.04179821226782], [14.408073332816008, 42.454782644690006], [4.24156458395567, 0.9758818150243265], [90.28380692575156, 95.54489643744446], [58.90014938559851, 42.91283547027852], [97.78836657163161, 40.86587830631201], [60.78033530038201, 62.44976641239654], [39.37832130616265, 76.0475632232713], [98.13834930802845, 30.1627837364707], [29.185925962580615, 41.65213434116125], [91.48288213954525, 9.928711010270074], [50.15605229480783, 57.21613494557338], [90.29705625555552, 51.543767441511854], [89.07843338023198, 44.67079482386617], [55.22838224688705, 65.57197931168037], [42.60882888878722, 86.76428179361848], [12.874166173277802, 31.04138631012998], [85.04252053309122, 29.7136114486788], [41.95239786800261, 23.016526210526322], [57.540665090265996, 87.24764999640139], [29.451009413810436, 33.96740284021966], [46.11954234358156, 64.10882042339459], [35.031488069974316, 5.183904783599069], [69.65252657961211, 30.160344979587695], [39.12353954084564, 98.17900805375189], [41.75309990474243, 55.181344224235154], [44.85366215607278, 7.480794566228887], [40.67410239731139, 92.30561223508728], [80.52999136025488, 64.63537441634809], [13.954204164425853, 95.47626060836234], [20.702635924878322, 71.76448771284014], [32.66026979428192, 49.73400553565239], [95.23374502728139, 2.5640737822800186], [92.73318433502892, 58.44062752942215], [29.816624312999362, 96.14066674339274], [74.87933709742093, 97.20742624443915], [94.73469495277071, 43.85926628315616], [23.394810439680146, 36.967486617107426], [16.329144368165714, 8.256920799344059], [28.53435972322722, 74.50896970124742], [45.73632122272563, 41.82012772980623], [48.88175344618427, 4.913484901981702], [73.97267447496905, 38.9640176882118], [8.567264738268287, 72.46824546451226]]","[[0.0, 55.59117628077452, 48.699729265283246, 17.339487128598453, 56.12995774706482, 63.26353838040529, 84.15254886785716, 106.23545138960708, 45.609565799360695, 40.012801159316886, 9.762470498869416, 39.20986075429705, 64.04836903394401, 20.458372506723382, 69.5581845552509, 41.2371646694503, 48.45826639397126, 7.920308839668547, 10.86020402082047, 45.46368965827315, 66.2770086080062, 87.50787197947716, 24.683666906997807, 62.623449515836455, 54.69653845090769, 70.70180777670663, 53.76323255103711, 77.78294318309173, 35.092970320948744, 75.81201106915088, 56.59436675242203, 68.57858479036155, 71.01140418403553, 22.524151165805723, 95.41057488948826, 80.29456934415799, 65.50918109710925, 48.14628573462998, 9.52008872111301, 82.1176897213531, 52.0810100656022, 7.581508164143078, 76.00507089557516, 92.14976775270094, 73.61275507831688, 53.160709259889, 67.21513826667953, 26.852967039711743, 92.22131681092584], [55.59117628077452, 0.0, 47.79718192197442, 62.1420444614776, 40.10472281242135, 64.11032803073216, 49.75771856926376, 53.28104170081543, 87.90526250998914, 28.37151851332127, 49.53179340964897, 47.9971518426565, 63.46713449670297, 45.14249031862181, 37.80678788654248, 36.08306532239877, 42.858562045616736, 50.51329859399513, 44.83153817446557, 50.85416646220264, 73.2273052661525, 45.84858177456167, 32.93403321544058, 16.073537308221212, 72.55033157672416, 32.56503952121465, 50.312960901550916, 22.78000691877885, 20.79739615141042, 85.0928715373296, 42.80376189583661, 13.05649916134748, 79.03074497643516, 55.74131034801425, 90.91684357363529, 66.93447375529458, 41.92480749382898, 41.34195794695899, 57.28438128204724, 85.44148272340159, 84.68323301635198, 48.695815090199176, 39.24052913857242, 39.91695097009361, 65.6789413840067, 28.880237169374148, 11.955091540865697, 30.34710775324919, 74.55306135468315], [48.699729265283246, 47.79718192197442, 0.0, 39.85155031511108, 13.213730514384698, 17.94810509193816, 41.505951712333385, 77.0200873802904, 51.5747120514993, 20.95511556996651, 51.563581983526085, 9.904140806797367, 17.944839939972535, 57.13607223164374, 29.928188982873074, 66.24607691584832, 5.106648500059362, 40.85293872537572, 42.06036268485243, 5.460823660527707, 25.850940545210435, 49.189404013527145, 47.193704951647995, 40.25689375566593, 25.84957921401598, 35.49972493767837, 5.100653537445859, 59.24611066420794, 37.197017639519004, 37.78240514192063, 11.55555063081992, 55.120904059007046, 31.720056331164404, 29.746265908461776, 49.657894322934666, 31.63316031776143, 22.11487463984817, 74.38030247352621, 42.03033516619063, 39.883480362007376, 42.38621518339369, 47.56509785336353, 37.35784866499152, 64.11853616756488, 25.475171785277766, 21.087776761144575, 57.392757814912564, 32.81178241307196, 43.521884547490295], [17.339487128598453, 62.1420444614776, 39.85155031511108, 0.0, 50.389874298570994, 51.02165016207406, 79.74303134203812, 108.16643768493306, 29.353096337472827, 39.27829565258537, 26.344918179919553, 29.990124042900508, 52.098154615326806, 36.823423668822706, 66.07627275939774, 56.27213998376973, 41.365664039389976, 14.6510634149087, 21.57138470286228, 35.313026999795746, 52.15545419118861, 85.24658598621059, 36.890581832104196, 64.99661028759691, 39.14067001480048, 69.06411200224018, 44.46527413111246, 82.47933527898742, 41.64686282983477, 60.55037704549788, 50.01020366201984, 74.39073045511154, 56.28568636806813, 10.126452756303093, 81.98951167544328, 70.05522507397218, 60.17049967985842, 63.801995646117916, 8.05762396283268, 67.7030743920838, 34.74235774425046, 22.724873962083144, 73.22606397869113, 94.144706467928, 62.556810322901555, 51.00037214777432, 74.09613179751157, 31.87088346567033, 82.20854924273648], [56.12995774706482, 40.10472281242135, 13.213730514384698, 50.389874298570994, 0.0, 24.652517844591596, 29.39790808598283, 63.857274350228835, 64.68656808244016, 19.34018139949175, 56.91262466020253, 21.231813366128655, 23.771580203433597, 60.334344263093264, 16.79070701510581, 65.18096304543604, 9.403743729625463, 48.24258462873801, 47.6514992178309, 18.603819612314833, 34.34060622003569, 36.18496093925662, 48.6129611592845, 29.411700601095458, 38.10482697232048, 22.35723637976776, 12.365276488815702, 47.764449797240566, 35.45496768681428, 45.84529205616565, 2.770661907970676, 45.03380147126388, 39.90175668533576, 40.357917708730305, 51.41236775934383, 28.81225458239804, 9.780648325469492, 72.89435076407715, 51.02609111928514, 45.39558110297306, 55.51697921472332, 53.36455419103872, 24.23867949924426, 51.120402546111016, 25.895578012639362, 11.226031821801989, 48.00137775405318, 34.634285664106805, 39.03263387730042], [63.26353838040529, 64.11032803073216, 17.94810509193816, 51.02165016207406, 24.652517844591596, 0.0, 43.434221604762286, 84.34370543662982, 52.941447817949445, 38.68748149287478, 67.6013413899334, 24.837635929585485, 1.6387915880879738, 74.15511987650146, 37.20976314432374, 84.17239066939241, 21.973446595873657, 55.784374228820205, 58.22531551730091, 18.52515201042114, 9.911759187124675, 53.751850008130866, 64.86829903632702, 54.040228612056, 19.70800876936123, 44.51424074733093, 14.029931480198128, 72.07964025583024, 55.11094616576031, 21.194516217557865, 21.886724577446902, 69.68603745380618, 15.26381560968459, 41.73555416619924, 32.46774339397144, 20.663676708257746, 28.461353740280202, 92.31969782019395, 55.27591642653996, 21.97277398516042, 39.701064700864805, 63.42614291442105, 43.64361305643084, 72.96831694725898, 12.407965544972216, 35.58260406690915, 72.59300870431096, 50.57913400371827, 32.43783889761763], [84.15254886785716, 49.75771856926376, 41.505951712333385, 79.74303134203812, 29.39790808598283, 43.434221604762286, 0.0, 42.70664016494266, 92.60500597048599, 44.494433852759734, 83.39543103544341, 50.49936688572854, 41.85675800693515, 84.62772803310334, 14.799634206499778, 83.65686755169169, 38.675774350590636, 76.4313245579632, 74.70323540241743, 46.91164462668622, 52.522512589903144, 11.516010032291168, 71.77438662039916, 33.71254406448716, 62.183771494682226, 17.27210299535685, 38.39940909626487, 42.59628589392739, 56.59596109298372, 60.95935996481748, 30.161496114372653, 46.369318745342355, 56.34722259053896, 69.7430046310617, 53.02342051088562, 29.97799742156463, 19.650184771758752, 90.13355567382803, 79.93979140695635, 55.85335795427391, 81.57588934513414, 80.3388991408651, 10.52957081377073, 34.25177759936304, 35.02888629460963, 31.334675723750717, 50.96845746896327, 59.66680106395144, 30.57651051828831], [106.23545138960708, 53.28104170081543, 77.0200873802904, 108.16643768493306, 63.857274350228835, 84.34370543662982, 42.70664016494266, 0.0, 127.85368979368508, 68.89317073847974, 101.6966861908312, 83.52048300635998, 82.88756856378942, 98.32843650384663, 47.715602104107376, 87.69949053121385, 72.6023846298331, 99.81311889513479, 95.42819148452337, 82.29405438542024, 93.9771064734601, 31.280287254838075, 85.75926531163363, 43.679479762769105, 101.40814612210912, 41.52055597153532, 75.75970537537728, 31.076145925435075, 71.62629991421424, 103.2724548341672, 65.9192493670779, 41.12975029231206, 98.32827401171531, 99.36022875507464, 94.9981945076036, 72.67732517537522, 56.43560431666784, 91.00603966526398, 105.51286066726152, 98.54146320512382, 119.37422271551974, 100.13985873461658, 40.770607587319056, 14.111098955461516, 77.44194541565717, 58.22428404761987, 44.8135155921275, 79.40734319792054, 71.62310899434375], [45.609565799360695, 87.90526250998914, 51.5747120514993, 29.353096337472827, 64.68656808244016, 52.941447817949445, 92.60500597048599, 127.85368979368508, 0.0, 61.27860803126225, 55.191606601577405, 44.336694388777055, 54.51159939527251, 65.85221710221926, 81.47012252695087, 85.62458168346659, 55.49171694245877, 44.00113099070797, 50.8883792272158, 46.12221330816059, 48.4768266736634, 100.7618742390772, 66.03960301456975, 87.15669560785541, 33.77806441704627, 86.55874866727852, 54.20986202938575, 105.91471829546069, 68.56230231013338, 51.228034345485426, 63.12246724604085, 99.09179629100386, 49.71534718316647, 32.4119649151107, 76.32963362010075, 73.5326267514088, 73.61460287713136, 93.11248717997022, 37.18502683731598, 60.470117540661114, 15.493924488362998, 51.876919421597684, 88.91260198742017, 114.404907259278, 65.23422754557603, 69.791326503732, 99.64026690668469, 58.885048033115666, 84.9124554303152], [40.012801159316886, 28.37151851332127, 20.95511556996651, 39.27829565258537, 19.34018139949175, 38.68748149287478, 44.494433852759734, 68.89317073847974, 61.27860803126225, 0.0, 38.942052713476656, 19.627194647000337, 38.45792447374143, 41.25772839562737, 29.7409556162875, 46.36363812416408, 16.764355335447416, 32.56161463583787, 30.22944336155757, 22.954709180171733, 46.77987246860116, 47.532330427013775, 29.285543942116465, 26.135979102797645, 44.35565326556437, 30.77779410576541, 24.75103421061787, 44.64510279706205, 16.68051644996353, 58.69807602449879, 21.084060637003425, 38.11473896165991, 52.648221103447376, 30.654832606166938, 69.15960999074238, 47.86927899715652, 27.111983365802388, 54.296894404820364, 37.22615451697077, 60.65520136548571, 56.5971468120366, 35.84704154165731, 35.999670368636025, 54.89374180973072, 43.822333120918834, 13.20910224457867, 39.29782310524581, 15.58121222644987, 58.36884046174553], [9.762470498869416, 49.53179340964897, 51.563581983526085, 26.344918179919553, 56.91262466020253, 67.6013413899334, 83.39543103544341, 101.6966861908312, 55.191606601577405, 38.942052713476656, 0.0, 42.84225255924069, 68.18712738860857, 10.708815120579045, 68.60694612115239, 31.57320785454925, 50.36038379059299, 13.043659250201491, 9.504752806054524, 49.2112151100739, 71.77356631501621, 85.48065320454, 16.936045798888237, 58.6195766899759, 61.40965900935045, 68.68466602577239, 56.65599487580448, 72.19161332002052, 30.103719635057207, 82.01436930196387, 57.83496930816685, 62.583118713395436, 76.86407092287808, 29.37414611970334, 100.05228953749055, 83.04778102153595, 65.72908542187086, 38.38690298828516, 18.287336539268747, 87.60970255878036, 60.82099683098372, 4.276129317005236, 74.49562840677481, 87.74365499387903, 76.99334427836487, 52.060791551481465, 60.69951728722323, 23.891510288253357, 94.65259965981431], [39.20986075429705, 47.9971518426565, 9.904140806797367, 29.990124042900508, 21.231813366128655, 24.837635929585485, 50.49936688572854, 83.52048300635998, 44.336694388777055, 19.627194647000337, 42.84225255924069, 0.0, 25.356385411146384, 49.376821089566334, 37.82523233471312, 60.83672939075744, 11.843406930147001, 31.46708803652662, 33.4196676476978, 6.369646465594958, 30.35455984675628, 57.28426818144025, 40.746895269147004, 43.697501768133, 25.008608384237824, 42.3411347883435, 14.754365805875175, 62.788390979411574, 33.48615407240405, 41.78032444628253, 20.368250978089325, 57.22977182612589, 35.99489035044835, 19.870223874687728, 57.30127290067757, 41.14591134168967, 30.861442914126638, 69.0893162768195, 32.203381127048026, 45.75836713895374, 37.5083559846722, 38.71053131202216, 45.24404991460818, 70.0911755567881, 34.42713065133798, 25.532417663491053, 58.75372277725683, 26.937301387349276, 53.16554015564921], [64.04836903394401, 63.46713449670297, 17.944839939972535, 52.098154615326806, 23.771580203433597, 1.6387915880879738, 41.85675800693515, 82.88756856378942, 54.51159939527251, 38.45792447374143, 68.18712738860857, 25.356385411146384, 0.0, 74.55302729824169, 35.873812883831604, 84.18187380668337, 21.697515439369628, 56.50799568698836, 58.77586864832337, 18.999007608647883, 11.193044097001453, 52.23051023726459, 65.05424027753214, 53.09347188490635, 21.338056974748223, 43.2353029279475, 13.710493817399401, 70.99685237133939, 54.97421489282412, 22.13291133205354, 21.000920663342583, 68.78503559271499, 16.309604725645233, 42.70477726912687, 31.997812652089177, 19.160531315409084, 27.157605459538047, 92.30195869801459, 56.18492318546338, 22.25216525328231, 41.328705826407834, 64.03447948728801, 42.22232830106129, 71.60192565684147, 10.952569234576574, 34.81295022543087, 71.76609450889296, 50.71448136990988, 31.01826433648656], [20.458372506723382, 45.14249031862181, 57.13607223164374, 36.823423668822706, 60.334344263093264, 74.15511987650146, 84.62772803310334, 98.32843650384663, 65.85221710221926, 41.25772839562737, 10.708815120579045, 49.376821089566334, 74.55302729824169, 0.0, 69.90308907714568, 21.30053854530288, 55.08343342882666, 22.773500849232548, 17.104515846136362, 55.63341086498012, 79.2922267331687, 85.26870978335921, 13.103529564456831, 56.638592283425076, 70.0489394620599, 68.79262888034187, 62.11513249405793, 67.87061462121315, 28.48582283281099, 90.04973371551682, 61.68650354129901, 57.91140231077777, 84.6396526861041, 38.70935000486691, 106.54961545990803, 87.90330756515849, 68.34040985772091, 27.7511354211549, 28.789794336950443, 94.97862471299253, 70.96453859523417, 14.113061224331323, 75.0526520774452, 84.69127962141462, 82.53059781525685, 53.683016089186175, 55.351055342516936, 25.718506162109037, 99.05923118531618], [69.5581845552509, 37.80678788654248, 29.928188982873074, 66.07627275939774, 16.79070701510581, 37.20976314432374, 14.799634206499778, 47.715602104107376, 81.47012252695087, 29.7409556162875, 68.60694612115239, 37.82523233471312, 35.873812883831604, 69.90308907714568, 0.0, 69.90912913737078, 26.114829373436663, 61.906499263622614, 59.968531380076904, 35.36055023233774, 47.06676290907002, 19.45922612032529, 57.11818874814504, 22.589127812080655, 53.69303752691163, 7.689302145037602, 28.125613122825893, 36.933756421659155, 42.06669690181426, 57.393759376347596, 18.465464547441407, 37.59199940735713, 51.93989815686932, 56.253376573449586, 55.937839763115534, 31.284501521434535, 8.797028308765785, 76.74757899411694, 65.7275250575205, 54.49218240957369, 71.93245637120954, 65.58591729585461, 7.448687354028323, 35.78459333945345, 32.86329515499129, 16.5512478395334, 41.68517701628247, 44.86734685104294, 37.07778169537222], [41.2371646694503, 36.08306532239877, 66.24607691584832, 56.27213998376973, 65.18096304543604, 84.17239066939241, 83.65686755169169, 87.69949053121385, 85.62458168346659, 46.36363812416408, 31.57320785454925, 60.83672939075744, 84.18187380668337, 21.30053854530288, 69.90912913737078, 0.0, 62.80133221081362, 41.631948126439845, 34.82518860748781, 66.4120626823884, 91.06249512703282, 81.39456544624234, 20.806742728731784, 51.230457531527, 84.44105887636346, 66.52677610373922, 70.66340533446012, 56.65044641065633, 29.763794061603612, 102.61391565295018, 67.23728172612697, 46.69343049277999, 96.78577351190683, 55.79233672691061, 115.45163121761345, 93.98673595044664, 71.02507441300965, 8.264796059340684, 48.52802592256573, 105.99636156802711, 88.84397470224431, 34.08602158801515, 73.2603637318494, 75.17232990614717, 90.18384715120136, 55.76567309820083, 42.89532210935782, 33.9065835250134, 103.85659814758179], [48.45826639397126, 42.858562045616736, 5.106648500059362, 41.365664039389976, 9.403743729625463, 21.973446595873657, 38.675774350590636, 72.6023846298331, 55.49171694245877, 16.764355335447416, 50.36038379059299, 11.843406930147001, 21.697515439369628, 55.08343342882666, 26.114829373436663, 62.80133221081362, 0.0, 40.539807005928076, 40.89422096248198, 9.774899805796572, 30.496779556110887, 45.552788047575966, 44.42358005426841, 35.1697765643279, 30.926111983030683, 31.132014795230415, 7.987648319907188, 54.18584149590909, 33.34858737970121, 42.42255662902782, 8.645807200565484, 50.01719128292401, 36.34802319672893, 31.26693602955352, 52.6726781527923, 32.8505449589694, 19.028522428515384, 70.84381533683556, 42.59473623416774, 43.91823660288086, 47.016424695864075, 46.53666642220316, 33.55848364808107, 59.50852333652604, 27.686453791466185, 16.017835713275467, 52.31817121362351, 30.00618730277181, 44.297337681907074], [7.920308839668547, 50.51329859399513, 40.85293872537572, 14.6510634149087, 48.24258462873801, 55.784374228820205, 76.4313245579632, 99.81311889513479, 44.00113099070797, 32.56161463583787, 13.043659250201491, 31.46708803652662, 56.50799568698836, 22.773500849232548, 61.906499263622614, 41.631948126439845, 40.539807005928076, 0.0, 6.980171510440785, 37.770393498090485, 59.28449764155498, 80.09151978049175, 22.453637930858292, 56.133853304935606, 48.453569441959615, 63.333798313897084, 45.92965590857582, 72.13542744404903, 29.722842423396024, 69.23564457641896, 48.68005405748698, 63.29808564158023, 64.21810913280582, 16.333576762381064, 88.08118426351604, 72.47248353309195, 57.665192202388006, 49.22785072477854, 7.314465058485742, 75.14496706566761, 48.19622183646006, 8.87379260856325, 68.471734736895, 85.70299342031885, 65.89409076521993, 45.609300322512425, 62.36674239134448, 20.6091131389489, 84.36582603160039], [10.86020402082047, 44.83153817446557, 42.06036268485243, 21.57138470286228, 47.6514992178309, 58.22531551730091, 74.70323540241743, 95.42819148452337, 50.8883792272158, 30.22944336155757, 9.504752806054524, 33.4196676476978, 58.77586864832337, 17.104515846136362, 59.968531380076904, 34.82518860748781, 40.89422096248198, 6.980171510440785, 0.0, 39.78297971147601, 62.69996640241533, 77.41350732903902, 15.492124677677275, 51.86299810345116, 52.98508681784549, 60.580461279417236, 47.151915743760895, 66.934944404415, 24.247041256815038, 73.20259764215527, 48.478436827767965, 57.783444938773606, 67.91211296745597, 21.71774157856787, 90.6909321202985, 73.54806504604717, 56.6449052000528, 42.55424559719342, 14.246595989238566, 78.49273679349959, 54.42161313549677, 5.714181791767318, 66.13379831769007, 81.35372931362711, 67.49741872840771, 43.435757034441295, 56.536862045439406, 16.147794195491773, 85.17479990122591], [45.46368965827315, 50.85416646220264, 5.460823660527707, 35.313026999795746, 18.603819612314833, 18.52515201042114, 46.91164462668622, 82.29405438542024, 46.12221330816059, 22.954709180171733, 49.2112151100739, 6.369646465594958, 18.999007608647883, 55.63341086498012, 35.36055023233774, 66.4120626823884, 9.774899805796572, 37.770393498090485, 39.78297971147601, 0.0, 24.665092974564054, 54.646513816058764, 46.63373658144121, 44.57822730743008, 21.79865481125519, 40.783847343229446, 9.225605579929162, 63.67600866576448, 38.23662884984932, 36.36735186912313, 17.0161256377873, 59.01034283998797, 30.438695622894723, 25.318938612343498, 50.96885143157342, 35.07669196760341, 27.57101944077477, 74.63528127094317, 38.17677773087991, 39.75175584283334, 37.24193240385249, 45.07982531769738, 42.797117850603854, 69.26879990167205, 28.150322124566753, 25.578304792416976, 60.989610928299534, 32.54738258121091, 47.1679803892834], [66.2770086080062, 73.2273052661525, 25.850940545210435, 52.15545419118861, 34.34060622003569, 9.911759187124675, 52.522512589903144, 93.9771064734601, 48.4768266736634, 46.77987246860116, 71.77356631501621, 30.35455984675628, 11.193044097001453, 79.2922267331687, 47.06676290907002, 91.06249512703282, 30.496779556110887, 59.28449764155498, 62.69996640241533, 24.665092974564054, 0.0, 63.16004471078919, 71.101316256247, 63.75113523355255, 14.9396578664725, 54.41175094183172, 22.92585961004256, 81.93152022867238, 62.732505510616406, 11.934957789311794, 31.594528285855116, 79.3152609737468, 5.869370465251552, 43.9056158697183, 29.949726091611048, 26.549484225456524, 38.34338518960149, 99.29278336181441, 57.573261152890296, 15.860551460625862, 33.91820994781715, 67.51256378536782, 53.37508140334796, 82.78905452285775, 18.662351319534086, 45.05283778865139, 82.0908188185425, 57.17128701105554, 36.92160268104597], [87.50787197947716, 45.84858177456167, 49.189404013527145, 85.24658598621059, 36.18496093925662, 53.751850008130866, 11.516010032291168, 31.280287254838075, 100.7618742390772, 47.532330427013775, 85.48065320454, 57.28426818144025, 52.23051023726459, 85.26870978335921, 19.45922612032529, 81.39456544624234, 45.552788047575966, 80.09151978049175, 77.41350732903902, 54.646513816058764, 63.16004471078919, 0.0, 72.18056772488218, 30.165243876194825, 71.79303728824948, 16.83310145384832, 46.890406647203406, 34.05225784773624, 56.78519564338681, 72.08668292812226, 37.63947902882151, 39.7214003609689, 67.27660687225944, 75.53718765357581, 64.44392529859837, 41.46873432487587, 27.219550143444373, 87.1438899626226, 84.42855678709577, 67.26784670810271, 90.67847628804093, 82.85797619457702, 12.074875594743935, 23.044928790068848, 46.202515817708736, 34.58471484754781, 44.48835323104119, 61.61003006528078, 41.65013876769097], [24.683666906997807, 32.93403321544058, 47.193704951647995, 36.890581832104196, 48.6129611592845, 64.86829903632702, 71.77438662039916, 85.75926531163363, 66.03960301456975, 29.285543942116465, 16.936045798888237, 40.746895269147004, 65.05424027753214, 13.103529564456831, 57.11818874814504, 20.806742728731784, 44.42358005426841, 22.453637930858292, 15.492124677677275, 46.63373658144121, 71.101316256247, 72.18056772488218, 0.0, 43.607449156989944, 63.76925312726255, 55.75402092878922, 51.94255126151789, 55.702871354193135, 15.396476374020187, 82.43823959580993, 50.22528597295646, 45.92866734596809, 76.72232458885195, 35.21210655876437, 96.84149290790123, 76.86284502919443, 56.07777074618083, 28.999283649603964, 29.738657713785972, 86.38549234934845, 68.2547092384949, 17.147530308404825, 62.07301237027573, 71.98553769753894, 72.10961349979223, 41.12839701096297, 43.84800283987543, 14.42607040558564, 87.61520118513374], [62.623449515836455, 16.073537308221212, 40.25689375566593, 64.99661028759691, 29.411700601095458, 54.040228612056, 33.71254406448716, 43.679479762769105, 87.15669560785541, 26.135979102797645, 58.6195766899759, 43.697501768133, 53.09347188490635, 56.638592283425076, 22.589127812080655, 51.230457531527, 35.1697765643279, 56.133853304935606, 51.86299810345116, 44.57822730743008, 63.75113523355255, 30.165243876194825, 43.607449156989944, 0.0, 66.09562268251278, 16.619458843216684, 41.30304754805964, 19.128548805085792, 28.606490124531646, 75.21569727303164, 32.16543544759138, 15.804312455556426, 69.30087648384686, 56.7482091843672, 77.68083392747496, 53.178154662140386, 28.287229373464047, 57.07192624607358, 61.91571067557183, 74.12433425298816, 81.16940910749476, 56.74848631708099, 23.216660987873034, 29.57020581278907, 53.21198628410477, 19.180550201969805, 19.38391274608277, 35.77178494872031, 59.666067838136684], [54.69653845090769, 72.55033157672416, 25.84957921401598, 39.14067001480048, 38.10482697232048, 19.70800876936123, 62.183771494682226, 101.40814612210912, 33.77806441704627, 44.35565326556437, 61.40965900935045, 25.008608384237824, 21.338056974748223, 70.0489394620599, 53.69303752691163, 84.44105887636346, 30.926111983030683, 48.453569441959615, 52.98508681784549, 21.79865481125519, 14.9396578664725, 71.79303728824948, 63.76925312726255, 66.09562268251278, 0.0, 60.23133315016067, 25.80402059376575, 85.0947785030466, 58.35801215617123, 21.416934945998076, 35.74206457888545, 80.7694946664288, 17.608631948091272, 32.24630411777877, 44.356393097760616, 39.95958842492058, 45.01452644215987, 92.69345368229158, 45.479203535308926, 29.115428622670347, 19.995666777646477, 57.148470658983484, 60.77856710442777, 89.09503206863415, 31.680273463277533, 46.93615145519642, 82.78823281514813, 51.00313795533977, 51.15490924979023], [70.70180777670663, 32.56503952121465, 35.49972493767837, 69.06411200224018, 22.35723637976776, 44.51424074733093, 17.27210299535685, 41.52055597153532, 86.55874866727852, 30.77779410576541, 68.68466602577239, 42.3411347883435, 43.2353029279475, 68.79262888034187, 7.689302145037602, 66.52677610373922, 31.132014795230415, 63.333798313897084, 60.580461279417236, 40.783847343229446, 54.41175094183172, 16.83310145384832, 55.75402092878922, 16.619458843216684, 60.23133315016067, 0.0, 34.443359939967976, 29.319473092253588, 40.38137778712418, 64.93603070065895, 24.522902346409253, 30.63955171601827, 59.40794973331202, 59.57840948933949, 63.430990508417565, 38.796309922077974, 16.089907170188727, 72.8940147111754, 67.84963072447694, 62.17433890784938, 77.86548347179075, 66.02884642278369, 6.7585537419333965, 28.86541579555541, 40.55192831669575, 18.079730885860137, 34.95259591523206, 44.801169848087305, 43.80006477682175], [53.76323255103711, 50.312960901550916, 5.100653537445859, 44.46527413111246, 12.365276488815702, 14.029931480198128, 38.39940909626487, 75.75970537537728, 54.20986202938575, 24.75103421061787, 56.65599487580448, 14.754365805875175, 13.710493817399401, 62.11513249405793, 28.125613122825893, 70.66340533446012, 7.987648319907188, 45.92965590857582, 47.151915743760895, 9.225605579929162, 22.92585961004256, 46.890406647203406, 51.94255126151789, 41.30304754805964, 25.80402059376575, 34.443359939967976, 0.0, 59.95907463204781, 41.30738834654187, 34.781054331110205, 9.938090906117413, 56.64217302619096, 28.7177973507784, 34.41447748603151, 44.92800111219039, 26.544837041198882, 19.69231628359613, 78.73982946625253, 46.95700193144899, 35.94195758413642, 43.84795892148062, 52.66381590896351, 35.39866439413359, 63.300098760970954, 20.43041244793739, 22.29198691047277, 59.259746520450015, 37.524099910854446, 38.471463974803164], [77.78294318309173, 22.78000691877885, 59.24611066420794, 82.47933527898742, 47.764449797240566, 72.07964025583024, 42.59628589392739, 31.076145925435075, 105.91471829546069, 44.64510279706205, 72.19161332002052, 62.788390979411574, 70.99685237133939, 67.87061462121315, 36.933756421659155, 56.65044641065633, 54.18584149590909, 72.13542744404903, 66.934944404415, 63.67600866576448, 81.93152022867238, 34.05225784773624, 55.702871354193135, 19.128548805085792, 85.0947785030466, 29.319473092253588, 59.95907463204781, 0.0, 42.690032470702334, 93.08509073673746, 50.44723992724842, 10.087160475137363, 87.30424391580152, 74.86381664829379, 92.71980056719683, 68.10499267303072, 44.61316120977172, 60.25923379225046, 78.52238069168615, 91.10613234143122, 100.28050445708712, 71.13547989021659, 33.84683649085555, 18.953128696170587, 69.62885395143498, 38.16813179332255, 13.85290503482263, 51.55106232151701, 72.30171240998102], [35.092970320948744, 20.79739615141042, 37.197017639519004, 41.64686282983477, 35.45496768681428, 55.11094616576031, 56.59596109298372, 71.62629991421424, 68.56230231013338, 16.68051644996353, 30.103719635057207, 33.48615407240405, 54.97421489282412, 28.48582283281099, 42.06669690181426, 29.763794061603612, 33.34858737970121, 29.722842423396024, 24.247041256815038, 38.23662884984932, 62.732505510616406, 56.78519564338681, 15.396476374020187, 28.606490124531646, 58.35801215617123, 40.38137778712418, 41.30738834654187, 42.690032470702334, 0.0, 74.55573469566134, 37.47570428940701, 33.605738849922176, 68.56955089795194, 36.15033740810201, 85.83980402057806, 64.2417036486365, 41.851585987102695, 37.62914988759018, 36.5033031864399, 77.07335447124622, 67.25050672169446, 28.579286470813773, 46.755892460264064, 57.64670919738333, 60.47730285265802, 26.60705568932909, 32.692949703851184, 9.80654531414248, 74.30590594069773], [75.81201106915088, 85.0928715373296, 37.78240514192063, 60.55037704549788, 45.84529205616565, 21.194516217557865, 60.95935996481748, 103.2724548341672, 51.228034345485426, 58.69807602449879, 82.01436930196387, 41.78032444628253, 22.13291133205354, 90.04973371551682, 57.393759376347596, 102.61391565295018, 42.42255662902782, 69.23564457641896, 73.20259764215527, 36.36735186912313, 11.934957789311794, 72.08668292812226, 82.43823959580993, 75.21569727303164, 21.416934945998076, 64.93603070065895, 34.781054331110205, 93.08509073673746, 74.55573469566134, 0.0, 43.077995339889114, 90.87904178089596, 6.074621273343555, 53.288550457611684, 25.31403340134196, 32.20336278821202, 48.87424807396541, 110.8628468670543, 66.73179827979261, 9.527513125461102, 35.768995374751334, 77.7382463930946, 63.2000259155535, 92.76619118772544, 25.930704672624877, 56.745504429346965, 93.77462635167215, 68.70864057487782, 39.93406118504437], [56.59436675242203, 42.80376189583661, 11.55555063081992, 50.01020366201984, 2.770661907970676, 21.886724577446902, 30.161496114372653, 65.9192493670779, 63.12246724604085, 21.084060637003425, 57.83496930816685, 20.368250978089325, 21.000920663342583, 61.68650354129901, 18.465464547441407, 67.23728172612697, 8.645807200565484, 48.68005405748698, 48.478436827767965, 17.0161256377873, 31.594528285855116, 37.63947902882151, 50.22528597295646, 32.16543544759138, 35.74206457888545, 24.522902346409253, 9.938090906117413, 50.44723992724842, 37.47570428940701, 43.077995339889114, 0.0, 47.80121257824216, 37.13994495099072, 39.9127297716653, 48.95364021995496, 26.797811136942098, 10.59967255182101, 75.02503949672267, 51.084165219592364, 42.66316386275926, 53.51204687277912, 54.177844759062936, 25.86061486151753, 53.369270454862864, 23.415640041776744, 13.942315384434371, 50.77081230545533, 36.07080073220446, 37.41839935362663], [68.57858479036155, 13.05649916134748, 55.120904059007046, 74.39073045511154, 45.03380147126388, 69.68603745380618, 46.369318745342355, 41.12975029231206, 99.09179629100386, 38.11473896165991, 62.583118713395436, 57.22977182612589, 68.78503559271499, 57.91140231077777, 37.59199940735713, 46.69343049277999, 50.01719128292401, 63.29808564158023, 57.783444938773606, 59.01034283998797, 79.3152609737468, 39.7214003609689, 45.92866734596809, 15.804312455556426, 80.7694946664288, 30.63955171601827, 56.64217302619096, 10.087160475137363, 33.605738849922176, 90.87904178089596, 47.80121257824216, 0.0, 84.92772463884883, 67.3754143833552, 93.26295378203402, 68.67070170449344, 43.97741073000081, 50.61943197406665, 69.92391021475925, 89.92599980853734, 94.61717385337984, 61.73743303154523, 36.46844286625727, 28.535074679459946, 68.9862007493194, 34.35067523567925, 4.776672309632412, 42.88484833337519, 74.43165597929178], [71.01140418403553, 79.03074497643516, 31.720056331164404, 56.28568636806813, 39.90175668533576, 15.26381560968459, 56.34722259053896, 98.32827401171531, 49.71534718316647, 52.648221103447376, 76.86407092287808, 35.99489035044835, 16.309604725645233, 84.6396526861041, 51.93989815686932, 96.78577351190683, 36.34802319672893, 64.21810913280582, 67.91211296745597, 30.438695622894723, 5.869370465251552, 67.27660687225944, 76.72232458885195, 69.30087648384686, 17.608631948091272, 59.40794973331202, 28.7177973507784, 87.30424391580152, 68.56955089795194, 6.074621273343555, 37.13994495099072, 84.92772463884883, 0.0, 48.51941823612548, 26.90735908042094, 28.649559677209368, 43.31931682241477, 105.0252271018098, 62.104631077826404, 11.51488052187212, 34.55467929921874, 72.59198374160592, 57.97311512648236, 87.5034828649788, 21.5428372706628, 50.738646071504036, 87.77670223667441, 62.88179872756678, 37.74082861907595], [22.524151165805723, 55.74131034801425, 29.746265908461776, 10.126452756303093, 40.357917708730305, 41.73555416619924, 69.7430046310617, 99.36022875507464, 32.4119649151107, 30.654832606166938, 29.37414611970334, 19.870223874687728, 42.70477726912687, 38.70935000486691, 56.253376573449586, 55.79233672691061, 31.26693602955352, 16.333576762381064, 21.71774157856787, 25.318938612343498, 43.9056158697183, 75.53718765357581, 35.21210655876437, 56.7482091843672, 32.24630411777877, 59.57840948933949, 34.41447748603151, 74.86381664829379, 36.15033740810201, 53.288550457611684, 39.9127297716653, 67.3754143833552, 48.51941823612548, 0.0, 73.37230882187836, 60.25061588718493, 50.13542696858522, 63.78908005533121, 13.685496255987688, 59.70283947922578, 33.05856097730108, 25.167842047210083, 63.481815617530806, 85.44166891362973, 52.92479185772447, 41.606910039162415, 67.58931165673906, 26.495602672845223, 72.38776064866178], [95.41057488948826, 90.91684357363529, 49.657894322934666, 81.98951167544328, 51.41236775934383, 32.46774339397144, 53.02342051088562, 94.9981945076036, 76.32963362010075, 69.15960999074238, 100.05228953749055, 57.30127290067757, 31.997812652089177, 106.54961545990803, 55.937839763115534, 115.45163121761345, 52.6726781527923, 88.08118426351604, 90.6909321202985, 50.96885143157342, 29.949726091611048, 64.44392529859837, 96.84149290790123, 77.68083392747496, 44.356393097760616, 63.430990508417565, 44.92800111219039, 92.71980056719683, 85.83980402057806, 25.31403340134196, 48.95364021995496, 93.26295378203402, 26.90735908042094, 73.37230882187836, 0.0, 24.65338729412867, 49.419336200371426, 123.4464994387505, 87.0503637802747, 15.876328558017969, 60.94972319348673, 95.86345390801561, 59.26551848085123, 87.25166805105987, 25.53836768672638, 62.36251726950043, 97.06466938322032, 82.43694789524694, 23.630232272255075], [80.29456934415799, 66.93447375529458, 31.63316031776143, 70.05522507397218, 28.81225458239804, 20.663676708257746, 29.97799742156463, 72.67732517537522, 73.5326267514088, 47.86927899715652, 83.04778102153595, 41.14591134168967, 19.160531315409084, 87.90330756515849, 31.284501521434535, 93.98673595044664, 32.8505449589694, 72.47248353309195, 73.54806504604717, 35.07669196760341, 26.549484225456524, 41.46873432487587, 76.86284502919443, 53.178154662140386, 39.95958842492058, 38.796309922077974, 26.544837041198882, 68.10499267303072, 64.2417036486365, 32.20336278821202, 26.797811136942098, 68.67070170449344, 28.649559677209368, 60.25061588718493, 24.65338729412867, 0.0, 25.066454729660016, 101.70340954065979, 73.2524754151989, 26.02427498449011, 59.85363874537374, 79.11666794645132, 34.9009897979208, 63.65798051830436, 8.2986793550731, 39.030117785950615, 72.54735860868385, 62.558515335361776, 12.15576031393527], [65.50918109710925, 41.92480749382898, 22.11487463984817, 60.17049967985842, 9.780648325469492, 28.461353740280202, 19.650184771758752, 56.43560431666784, 73.61460287713136, 27.111983365802388, 65.72908542187086, 30.861442914126638, 27.157605459538047, 68.34040985772091, 8.797028308765785, 71.02507441300965, 19.028522428515384, 57.665192202388006, 56.6449052000528, 27.57101944077477, 38.34338518960149, 27.219550143444373, 56.07777074618083, 28.287229373464047, 45.01452644215987, 16.089907170188727, 19.69231628359613, 44.61316120977172, 41.851585987102695, 48.87424807396541, 10.59967255182101, 43.97741073000081, 43.31931682241477, 50.13542696858522, 49.419336200371426, 25.066454729660016, 0.0, 78.36097411564384, 60.70057930499747, 46.493704133712676, 63.5309004952743, 62.35179885169028, 15.774433186309553, 44.57638630380934, 25.11616975816473, 15.284390170535726, 47.66566480961149, 42.693177660311, 33.12579897560307], [48.14628573462998, 41.34195794695899, 74.38030247352621, 63.801995646117916, 72.89435076407715, 92.31969782019395, 90.13355567382803, 91.00603966526398, 93.11248717997022, 54.296894404820364, 38.38690298828516, 69.0893162768195, 92.30195869801459, 27.7511354211549, 76.74757899411694, 8.264796059340684, 70.84381533683556, 49.22785072477854, 42.55424559719342, 74.63528127094317, 99.29278336181441, 87.1438899626226, 28.999283649603964, 57.07192624607358, 92.69345368229158, 72.8940147111754, 78.73982946625253, 60.25923379225046, 37.62914988759018, 110.8628468670543, 75.02503949672267, 50.61943197406665, 105.0252271018098, 63.78908005533121, 123.4464994387505, 101.70340954065979, 78.36097411564384, 0.0, 55.93247770690032, 114.17520936156289, 96.80736587394395, 41.29820788679923, 79.65191358257012, 79.10969923046233, 98.1064526355414, 63.17462097091593, 46.411494870812724, 42.154347787451094, 111.3448338463213], [9.52008872111301, 57.28438128204724, 42.03033516619063, 8.05762396283268, 51.02609111928514, 55.27591642653996, 79.93979140695635, 105.51286066726152, 37.18502683731598, 37.22615451697077, 18.287336539268747, 32.203381127048026, 56.18492318546338, 28.789794336950443, 65.7275250575205, 48.52802592256573, 42.59473623416774, 7.314465058485742, 14.246595989238566, 38.17677773087991, 57.573261152890296, 84.42855678709577, 29.738657713785972, 61.91571067557183, 45.479203535308926, 67.84963072447694, 46.95700193144899, 78.52238069168615, 36.5033031864399, 66.73179827979261, 51.084165219592364, 69.92391021475925, 62.104631077826404, 13.685496255987688, 87.0503637802747, 73.2524754151989, 60.70057930499747, 55.93247770690032, 0.0, 73.34702776350633, 42.68049371544905, 14.718088889086138, 72.58722942151263, 91.4110592019834, 66.17915609682353, 49.84923425676273, 69.19611975289851, 27.042467733476833, 85.32687786683184], [82.1176897213531, 85.44148272340159, 39.883480362007376, 67.7030743920838, 45.39558110297306, 21.97277398516042, 55.85335795427391, 98.54146320512382, 60.470117540661114, 60.65520136548571, 87.60970255878036, 45.75836713895374, 22.25216525328231, 94.97862471299253, 54.49218240957369, 105.99636156802711, 43.91823660288086, 75.14496706566761, 78.49273679349959, 39.75175584283334, 15.860551460625862, 67.26784670810271, 86.38549234934845, 74.12433425298816, 29.115428622670347, 62.17433890784938, 35.94195758413642, 91.10613234143122, 77.07335447124622, 9.527513125461102, 42.66316386275926, 89.92599980853734, 11.51488052187212, 59.70283947922578, 15.876328558017969, 26.02427498449011, 46.493704133712676, 114.17520936156289, 73.34702776350633, 0.0, 45.07533759523431, 83.3528687549143, 59.520626170104784, 88.9126814150849, 21.669668188538147, 56.60527986349084, 93.19805714493673, 72.24213426446998, 31.810671346908233], [52.0810100656022, 84.68323301635198, 42.38621518339369, 34.74235774425046, 55.51697921472332, 39.701064700864805, 81.57588934513414, 119.37422271551974, 15.493924488362998, 56.5971468120366, 60.82099683098372, 37.5083559846722, 41.328705826407834, 70.96453859523417, 71.93245637120954, 88.84397470224431, 47.016424695864075, 48.19622183646006, 54.42161313549677, 37.24193240385249, 33.91820994781715, 90.67847628804093, 68.2547092384949, 81.16940910749476, 19.995666777646477, 77.86548347179075, 43.84795892148062, 100.28050445708712, 67.25050672169446, 35.768995374751334, 53.51204687277912, 94.61717385337984, 34.55467929921874, 33.05856097730108, 60.94972319348673, 59.85363874537374, 63.5309004952743, 96.80736587394395, 42.68049371544905, 45.07533759523431, 0.0, 56.92329406155829, 79.24333922467044, 106.4909267