instance_id,num_cities,city_coordinates,distance_matrix,best_route,total_distance
888,49,"[[40.31694568742362, 40.75537503018197], [37.54396165261284, 26.667466386319973], [94.05413228849096, 34.70078037048617], [19.910055796005576, 75.71462671900872], [94.09724163407405, 40.04517329775019], [85.31884637565855, 81.36249042309704], [34.9630944419846, 99.67349357715352], [79.48788393010796, 94.30066571580416], [17.723225518365105, 54.7535545571645], [46.075941839716094, 54.36241293369053], [33.97076855510692, 6.494232981142645], [3.271643392728074, 91.69108378647854], [42.91475304459437, 7.078734652602215], [76.07273801570625, 73.36621685119886], [45.781551255850204, 78.04414875067036], [76.62199428699896, 3.4017810303740292], [25.053615806626283, 70.17543040180591], [17.3691535362278, 97.92551350404261], [71.08930346413455, 1.6026244383156918], [17.508620756868353, 10.148103246582085], [15.044286029378052, 51.48349352844471], [55.122151802947315, 67.881674712883], [74.56312814261058, 72.07957780369922], [19.256425668395305, 58.808619264013686], [28.264140808084658, 47.98429031153009], [63.70114275023677, 57.46791517498681], [69.77007864373095, 11.92691159661412], [29.34654491282821, 68.7818094320441], [95.21754755218154, 95.08190963458811], [92.46883923488744, 34.42786942454761], [10.676758904243222, 90.17661939866325], [47.68038349949199, 19.774383487723192], [5.449682872928207, 32.723423785584195], [93.09352377570714, 79.54462731926778], [67.16548148474583, 78.49622046987105], [50.929246831403674, 79.17436927891941], [3.2558383307872862, 75.00497871947661], [85.90115219004349, 75.63764598928351], [20.022098048963056, 82.75695480603865], [25.88178052624587, 89.7609187353509], [36.24444676194065, 1.845393972672582], [96.86349514910142, 67.68006083263242], [23.819354321376373, 28.78521786953896], [30.38322582964207, 15.050822788289665], [57.32196471529269, 56.364464871292], [41.17995829472616, 14.165342090890698], [88.84632005688276, 94.93775665557249], [55.005518700780065, 57.03032202136551], [53.98693077113865, 22.879718710908026]]","[[0.0, 14.358224486861776, 54.07719797004231, 40.479506341891025, 53.78498506655974, 60.61442803563587, 59.16086896144513, 66.34350425942218, 26.57866101118253, 14.775571636645333, 34.84393517815102, 62.9825439992038, 33.776688857639755, 48.3936327350888, 37.687060904191824, 52.08980263468096, 33.14376105874919, 61.60378152138783, 49.79835220212398, 38.17099385885752, 27.45541572630382, 30.903563914196788, 46.411277639711464, 27.739234503465852, 14.05444134799834, 28.74247154237423, 41.21367909908646, 30.097021753607525, 77.23631559853435, 52.53434426901447, 57.62811872229532, 22.235607086763455, 35.780417227454045, 65.49788765948897, 46.31646887406888, 39.8577477368584, 50.46346234032965, 57.39941384489627, 46.64776033569008, 51.08734977535732, 39.12252386278012, 62.629473585386705, 20.382717761171346, 27.557263945628826, 23.082771883074034, 26.604034327014357, 72.73809631335268, 21.92323143915005, 22.503501528290883], [14.358224486861776, 0.0, 57.07831040653062, 52.12080748089159, 58.11399589487604, 72.62220916967432, 73.05163161591686, 79.58355525837163, 34.375717150976314, 28.979384917124012, 20.487241271870314, 73.50280687639783, 20.311666871818865, 60.541224822580936, 52.03288741977247, 45.47949812449587, 45.26534736556401, 74.05897758924664, 41.87524637694996, 25.967368818407888, 33.497322374623586, 44.80629126525261, 58.58906511456416, 36.97955760526794, 23.249130245343594, 40.40873381531748, 35.437361242529775, 42.90472621260545, 89.48060435359962, 55.470406819705076, 68.95838672610628, 12.258125456398961, 32.66063916107305, 76.69255505194995, 59.69634986344357, 54.18616715260847, 59.26373679992503, 68.82220838522895, 58.762627709545654, 64.16221783841037, 24.856066017361506, 72.11684933119811, 13.887034159290677, 13.646338190519662, 35.68026238922304, 13.02012225287544, 85.39768446092762, 35.02583299310688, 16.873596708626824], [54.07719797004231, 57.07831040653062, 0.0, 84.73181026759514, 5.344566790364421, 47.47231198301653, 87.82484964526323, 61.35407015360224, 78.92097997954384, 51.85061767992132, 66.37484397831312, 107.18840876492281, 58.122401181402964, 42.642074506728235, 64.87595596284666, 35.82606306860136, 77.58557900543562, 99.38789084211659, 40.28487667900031, 80.38687261977825, 80.77261458459155, 51.153405105506444, 42.15535244981236, 78.58679794814253, 67.11761777168306, 37.94267256158523, 33.292106577252305, 73.13404409626058, 60.3923364863786, 1.6086125854961657, 100.14666798419445, 48.716751745646384, 88.62651067992508, 44.85413445693253, 51.39105092858632, 61.948816421972225, 99.34162566711062, 41.74084392027972, 88.2617583952579, 87.63040785910636, 66.49388059083539, 33.098722928286506, 70.48345845510488, 66.63411410286481, 42.64466391913499, 56.72197546681523, 60.461678939719654, 44.98224820371604, 41.77461114351237], [40.479506341891025, 52.12080748089159, 84.73181026759514, 0.0, 82.31675679922915, 65.65217627400372, 28.29525178547891, 62.40960223208478, 21.074837433234116, 33.772335216658874, 70.63403253757473, 23.06694491540319, 72.38854726578393, 56.211759472714505, 25.97616119107591, 91.89881184756693, 7.559028073990045, 22.355752639339546, 90.06611057400632, 65.61048613222943, 24.71484434749042, 36.072799202894565, 54.77382493070876, 16.918638255251736, 28.96139315815072, 47.44050778400016, 80.96230282613918, 11.709452693714917, 77.75802185073, 83.48277296557832, 17.15817600322976, 62.45399837908227, 45.35797520544054, 73.28361952124082, 47.33722130436986, 31.2115368264906, 16.66932991040797, 65.99114129426731, 7.043219317316366, 15.263021183963597, 75.65365737861191, 77.37173952583154, 47.091952921079375, 61.561224792057104, 42.1198254093944, 65.1208353028289, 71.56631368740119, 39.75920973227178, 62.87098625196931], [53.78498506655974, 58.11399589487604, 5.344566790364421, 82.31675679922915, 0.0, 42.23956578552213, 83.97847309566187, 56.18800396924547, 77.77741842536855, 50.11016448518748, 68.85389140088104, 104.48248353723284, 60.88048303977657, 37.88369932014793, 61.46810613802919, 40.59707460768889, 75.33163120865704, 96.11104663641432, 44.80172744037631, 82.21710068785448, 79.87618518393296, 47.89497299695543, 37.52045657968654, 77.15707769827395, 66.31008025423718, 35.035335903582094, 37.18127889479186, 70.8409978910628, 55.0481374068257, 5.84857223410752, 97.32491370171749, 50.65007046992345, 88.94941084813158, 39.51220466561169, 46.94467737000231, 58.262936361087455, 97.33626533433144, 36.5239646598243, 85.50686040761046, 84.40974160942524, 69.3265390381041, 27.772993493229905, 71.17420910260638, 68.4411671972153, 40.23357142878726, 58.906744429754085, 55.143158098764005, 42.62227210105949, 43.62900260943693], [60.61442803563587, 72.62220916967432, 47.47231198301653, 65.65217627400372, 42.23956578552213, 0.0, 53.58166280840465, 14.191423570108752, 72.64436266497407, 47.63412370193294, 90.78480637342454, 82.6947601616226, 85.5346918074773, 12.224193668320918, 39.67630397158718, 78.44429517350918, 61.29476590589601, 69.93921997386676, 81.0192329844043, 98.33471228105469, 76.36274148623569, 33.06921159221009, 14.207671920765058, 69.8063072649168, 66.10101111246601, 32.22228788159178, 71.15520912027564, 57.36873769959211, 16.91764606801809, 47.4761102678442, 75.16069512510067, 72.17858964792546, 93.513860373713, 7.984374423778613, 18.378252373590612, 34.45914147154297, 82.30890136816478, 5.754383012350869, 65.31163658150899, 60.02748033112407, 93.44123996048523, 17.90217290722492, 80.91079725293683, 86.11132137695408, 37.53300766249926, 80.39712796488203, 14.026080131466435, 38.87096929399596, 66.3469933198843], [59.16086896144513, 73.05163161591686, 87.82484964526323, 28.29525178547891, 83.97847309566187, 53.58166280840465, 0.0, 44.84778877703328, 48.11459240254575, 46.65393237835022, 93.18454440455817, 32.68129335986699, 92.93555968964858, 48.80651189640978, 24.184035342688137, 104.89855372209227, 31.118057425254257, 17.680559689423163, 104.51314918209634, 91.21104190538331, 52.144367224779714, 37.64448618830083, 48.26579385862418, 43.77941749945928, 52.12148994439892, 51.06061367462084, 94.39803386982243, 31.39811742660174, 60.42914663232095, 86.97069710683928, 26.077130076253315, 80.90486532993616, 73.16661333928553, 61.516811290498154, 38.541803635951254, 25.983304622711184, 40.173196479549475, 56.32413067604238, 22.569950314764, 13.443563606072917, 97.83649082010301, 69.67954754789832, 71.75883622714647, 84.74651383948931, 48.74003536461333, 85.73385193003516, 54.09093460882741, 47.118349403453436, 79.11504412490737], [66.34350425942218, 79.58355525837163, 61.35407015360224, 62.40960223208478, 56.18800396924547, 14.191423570108752, 44.84778877703328, 0.0, 73.34062332509234, 52.07131561176178, 98.90286862193528, 76.26090243039096, 94.57938021134869, 21.21118504189308, 37.42180121513953, 90.94405181484716, 59.540881124609506, 62.22440186321977, 93.07772564113492, 104.5135533489988, 77.37110277431069, 35.939560204668304, 22.76027169354498, 69.91075686665454, 69.0585149711509, 40.07334163109338, 82.94498843976478, 56.26158462465291, 15.74905266116734, 61.263830572034806, 68.93459715811147, 81.03014146836479, 96.29855626911659, 20.071225791371393, 20.04051125987469, 32.31718732860272, 78.63617687119047, 19.734191523505473, 60.57587764143753, 53.79798904041014, 102.06846785963594, 31.789439592096596, 85.97243218203683, 93.22985064451926, 43.93726560851143, 88.82098433903755, 9.380096566904772, 44.59220477083171, 75.83699811498427], [26.57866101118253, 34.375717150976314, 78.92097997954384, 21.074837433234116, 77.77741842536855, 72.64436266497407, 48.11459240254575, 73.34062332509234, 0.0, 28.355414202028804, 50.92096595419873, 39.66395456205119, 53.92125287896429, 61.24619830119367, 36.465345481393534, 78.14134377400849, 17.075388029142065, 43.17341087150127, 75.31905235604526, 44.60596755843768, 4.227294160240819, 39.636185816279, 59.42192871216122, 4.335233843379906, 12.527323479988368, 46.05797028250839, 67.40175270364907, 18.21794413703932, 87.35986590380968, 77.45992671033105, 36.11711802606846, 46.054030475208506, 25.21837645214869, 79.3427951870653, 54.84752373341487, 41.21912229919813, 24.88825973500698, 71.30480320563169, 28.097602040220135, 35.945480474195705, 56.05630288190489, 80.18900698796162, 26.674281559299438, 41.67232316289501, 39.631492250815526, 46.87879375313528, 81.69005248511361, 37.351747683683946, 48.280407312015704], [14.775571636645333, 28.979384917124012, 51.85061767992132, 33.772335216658874, 50.11016448518748, 47.63412370193294, 46.65393237835022, 52.07131561176178, 28.355414202028804, 0.0, 49.37507338951429, 56.7946972275987, 47.38923238867524, 35.509890793397304, 23.683565549154423, 59.41420136716031, 26.30569735415596, 52.171097611646076, 58.38889913186082, 52.64026039979331, 31.16491359322512, 16.26666387902566, 33.547246004506675, 27.1855696720805, 18.919320922637297, 17.89669945288558, 48.602303367395926, 22.086007265101063, 63.819862296731934, 50.494424975801124, 50.35632569215875, 34.625222223037476, 46.02975960167918, 53.33663780619102, 32.05010684276551, 25.282162625453612, 47.53605775341371, 45.151776499021835, 38.53638260674568, 40.75363007321729, 53.42935125954873, 52.50462186049765, 33.904993663340726, 42.32803392000167, 11.422838634894823, 40.494137343742494, 58.95476037597262, 9.319607385386352, 32.46141989190111], [34.84393517815102, 20.487241271870314, 66.37484397831312, 70.63403253757473, 68.85389140088104, 90.78480637342454, 93.18454440455817, 98.90286862193528, 50.92096595419873, 49.37507338951429, 0.0, 90.5590397082592, 8.963063134449689, 79.02175687225827, 72.51817037564231, 42.76318879013376, 64.30249231615541, 92.92627550532895, 37.43946404436046, 16.862771956226933, 48.80825038238669, 64.9291846219005, 77.1309089300447, 54.34433639986017, 41.88066925828576, 59.01026543052885, 36.20917839112702, 62.45899154181648, 107.69839549581, 64.825244451594, 86.86398955922856, 19.0870620945377, 38.74819710316831, 93.97797772792622, 79.28540325184792, 74.63238035672612, 75.08081792513632, 86.4729802128158, 77.52785402054178, 83.65866771483469, 5.175066831926285, 87.74508868477531, 24.493656693917718, 9.278237544642197, 55.06649063531055, 10.52702862518626, 104.08449948274472, 54.73898984428037, 25.867564486415052], [62.9825439992038, 73.50280687639783, 107.18840876492281, 23.06694491540319, 104.48248353723284, 82.6947601616226, 32.68129335986699, 76.26090243039096, 39.66395456205119, 56.7946972275987, 90.5590397082592, 0.0, 93.43888788305905, 75.07196631565958, 44.64673674976371, 114.78360055980013, 30.616623961651904, 15.414535547635667, 112.76154275854171, 82.77650149527325, 41.89564928495805, 57.055790090332025, 73.93975226328067, 36.56186178891394, 50.34787704480103, 69.44745972611048, 103.84779754990552, 34.70929761216248, 92.00840717908125, 105.99629929938584, 7.558395208034772, 84.52306182179572, 59.007870508588816, 90.63943181774721, 65.24206437623609, 49.273880581722054, 16.68611255226964, 84.17451270541478, 18.984108929041685, 22.6923740124535, 95.70503508250438, 96.62279202381335, 66.17670580474125, 81.29432642013892, 64.57094732967218, 86.29763011902504, 85.63624332543745, 62.27168104786472, 85.48125137969271], [33.776688857639755, 20.311666871818865, 58.122401181402964, 72.38854726578393, 60.88048303977657, 85.5346918074773, 92.93555968964858, 94.57938021134869, 53.92125287896429, 47.38923238867524, 8.963063134449689, 93.43888788305905, 0.0, 74.11802927475709, 71.02329568595329, 33.90719835246902, 65.57601114661603, 94.37009527347304, 28.701795665467078, 25.590869101832872, 52.42657286594246, 62.01627290009885, 72.29612200317695, 56.88319098072255, 43.45002787881976, 54.508196729595625, 27.289436284322353, 63.17725626476923, 102.37256038711213, 56.60019991951466, 89.13218675351209, 13.56063173223712, 45.40133878747579, 88.14314852591932, 75.42251063401275, 72.53973147751674, 78.65624037105773, 80.92067001182575, 79.06495214910963, 84.41839679539261, 8.478256930325717, 81.135611844843, 28.910303804108185, 14.852385787551398, 51.3483295864021, 7.295856208052346, 99.14089265042328, 51.39404337870287, 19.294149808141785], [48.3936327350888, 60.541224822580936, 42.642074506728235, 56.211759472714505, 37.88369932014793, 12.224193668320918, 48.80651189640978, 21.21118504189308, 61.24619830119367, 35.509890793397304, 79.02175687225827, 75.07196631565958, 74.11802927475709, 0.0, 30.650269854873567, 69.96659175762295, 51.11880230551833, 63.633873705925254, 71.93641508952348, 86.17589986784674, 64.83305894270126, 21.656575563214215, 1.9835226259104506, 58.65165808617534, 54.128589135739944, 20.144785072083387, 61.76173366515218, 46.9505475289932, 28.949871247562736, 42.24958029978798, 67.5220239459297, 60.64825140292946, 81.48283589734861, 18.107454371053723, 10.278918038194822, 25.805615349352504, 72.83533771586751, 10.08747319756802, 56.831859023068546, 52.80074302108861, 81.86281750230876, 21.55430241152104, 68.6868370046956, 74.08249934034954, 25.311085906174963, 68.71862665276811, 25.069817065434343, 26.658754463676186, 55.105983124464665], [37.687060904191824, 52.03288741977247, 64.87595596284666, 25.97616119107591, 61.46810613802919, 39.67630397158718, 24.184035342688137, 37.42180121513953, 36.465345481393534, 23.683565549154423, 72.51817037564231, 44.64673674976371, 71.02329568595329, 30.650269854873567, 0.0, 80.76271407802902, 22.171243457256736, 34.67755770861952, 80.52197812418812, 73.5474785026209, 40.623243093534974, 13.802995948312562, 29.393116110238317, 32.765650948245984, 34.79159033698572, 27.28540172852103, 70.33447586443522, 18.865321708058495, 52.28960724415936, 63.89117842935688, 37.14220362436581, 58.30069560209773, 60.66817714929572, 47.3357600515141, 21.38870825631078, 5.270310064981789, 42.63417425333074, 40.19171101930702, 26.187019120803434, 23.092933420523437, 76.79327178760641, 52.12273314290115, 53.93311010632237, 64.84803421642135, 24.559923369682142, 64.0443330674727, 46.259791395238246, 22.949128289204648, 55.77134205487392], [52.08980263468096, 45.47949812449587, 35.82606306860136, 91.89881184756693, 40.59707460768889, 78.44429517350918, 104.89855372209227, 90.94405181484716, 78.14134377400849, 59.41420136716031, 42.76318879013376, 114.78360055980013, 33.90719835246902, 69.96659175762295, 80.76271407802902, 0.0, 84.36834660862976, 111.56000689220988, 5.817871791656725, 59.49709063103546, 78.1259574725827, 67.9698456386852, 68.70865083407377, 79.75416093210708, 65.77295893368725, 55.58862532729437, 10.937394532241298, 80.68157303457194, 93.54699664940333, 34.838780917900834, 108.9892042522092, 33.25175102459922, 76.97568866782314, 77.90407129715034, 75.6875185820718, 80.01001438382946, 102.51639263598715, 72.82940997805379, 97.47200551503165, 100.16221821442493, 40.40753252565322, 67.39002605347407, 58.58700925211184, 47.68358084635343, 56.369646274407025, 37.04041255144212, 92.34862735409321, 57.82121086238207, 29.861951655137954], [33.14376105874919, 45.26534736556401, 77.58557900543562, 7.559028073990045, 75.33163120865704, 61.29476590589601, 31.118057425254257, 59.540881124609506, 17.075388029142065, 26.30569735415596, 64.30249231615541, 30.616623961651904, 65.57601114661603, 51.11880230551833, 22.171243457256736, 84.36834660862976, 0.0, 28.794410439636035, 82.59245883133725, 60.49964426094706, 21.203188125077517, 30.155897799974714, 49.54611578191694, 12.759773075609138, 22.42218029744735, 40.68307119794348, 73.43331663258132, 4.513470916959092, 74.453408422771, 76.30662137524615, 24.63212487138709, 55.24704649356813, 42.27253228812354, 68.68195488859624, 42.92603846441917, 27.395787666070984, 22.326388866964354, 61.09221294940431, 13.550310966172855, 19.602989824673415, 69.24036810905261, 71.85322289548044, 41.408611361408866, 55.38164955598166, 35.0997024229049, 58.28540910588187, 68.43012433905604, 32.7094842716045, 55.443855017343544], [61.60378152138783, 74.05897758924664, 99.38789084211659, 22.355752639339546, 96.11104663641432, 69.93921997386676, 17.680559689423163, 62.22440186321977, 43.17341087150127, 52.171097611646076, 92.92627550532895, 15.414535547635667, 94.37009527347304, 63.633873705925254, 34.67755770861952, 111.56000689220988, 28.794410439636035, 0.0, 110.29031447160315, 87.77752105529166, 46.50017449793323, 48.248534977096604, 62.76275267626367, 39.162395369620384, 51.115814789732866, 61.50992185885349, 100.70559310264012, 31.50894144880917, 77.9003115130457, 98.34588753823766, 10.238823456169124, 83.82344412342854, 66.28262430341121, 77.92327781288073, 53.45251822846203, 38.443273426339225, 26.917217183405466, 72.06513635484255, 15.398807991609084, 11.795144170722638, 97.91662812576317, 85.05373451978912, 69.44051821951861, 83.89028810827818, 57.65022016058459, 87.07881911468436, 71.53958362198524, 55.57798727197981, 83.50289172093876], [49.79835220212398, 41.87524637694996, 40.28487667900031, 90.06611057400632, 44.80172744037631, 81.0192329844043, 104.51314918209634, 93.07772564113492, 75.31905235604526, 58.38889913186082, 37.43946404436046, 112.76154275854171, 28.701795665467078, 71.93641508952348, 80.52197812418812, 5.817871791656725, 82.59245883133725, 110.29031447160315, 0.0, 54.25785443084959, 75.02762878066152, 68.17523331437873, 70.56251422365303, 77.1956803492645, 63.12886412483302, 56.351713619260714, 10.408230370902382, 79.0917238900142, 96.54299002816524, 39.17373173670139, 107.21486894753232, 29.634276789906046, 72.64340261421175, 80.98852711720696, 76.99364577411542, 80.14863368174561, 99.9464086699172, 75.50215413305425, 95.8847475167393, 99.07373508424118, 34.84570239847719, 70.92627550815276, 54.52835480377274, 42.870022104561265, 56.46590815555985, 32.44057341171904, 95.009255045432, 57.714103923321375, 27.298459524575986], [38.17099385885752, 25.967368818407888, 80.38687261977825, 65.61048613222943, 82.21710068785448, 98.33471228105469, 91.21104190538331, 104.5135533489988, 44.60596755843768, 52.64026039979331, 16.862771956226933, 82.77650149527325, 25.590869101832872, 86.17589986784674, 73.5474785026209, 59.49709063103546, 60.49964426094706, 87.77752105529166, 54.25785443084959, 0.0, 41.40878451974917, 68.90531904003363, 84.20643890967342, 48.691895024649384, 39.3352038660772, 66.12800986758499, 52.29172152077666, 59.81678651821196, 115.11919375688242, 78.79429801660163, 80.3195974459364, 31.670183742412284, 25.59420013064322, 102.61069689724415, 84.48235878167861, 76.69135316045035, 66.40448857563587, 94.69117469165734, 72.65234265239542, 80.0519218668251, 20.49307583988812, 98.01592846823512, 19.67656981263353, 13.77650589534705, 61.00044621949714, 24.00979859897659, 110.80772837052474, 60.03298920312719, 38.63626707937345], [27.45541572630382, 33.497322374623586, 80.77261458459155, 24.71484434749042, 79.87618518393296, 76.36274148623569, 52.144367224779714, 77.37110277431069, 4.227294160240819, 31.16491359322512, 48.80825038238669, 41.89564928495805, 52.42657286594246, 64.83305894270126, 40.623243093534974, 78.1259574725827, 21.203188125077517, 46.50017449793323, 75.02762878066152, 41.40878451974917, 0.0, 43.30283675605907, 62.98167395340718, 8.449827653891841, 13.675122797377636, 49.02349445314742, 67.52507350161709, 22.445185280365777, 91.26101988345444, 79.28086624555883, 38.938840285727096, 45.50365389343326, 21.0712274556265, 82.94040476395972, 58.70525046798379, 45.326758229451436, 26.310221677787947, 74.86066098567323, 31.667143742110568, 39.78206338841586, 53.97580701198672, 83.40690483057206, 24.33543797462679, 39.53002114161683, 42.558500870203794, 45.56004599951476, 85.64469166573383, 40.34436048505176, 48.31879047839795], [30.903563914196788, 44.80629126525261, 51.153405105506444, 36.072799202894565, 47.89497299695543, 33.06921159221009, 37.64448618830083, 35.939560204668304, 39.636185816279, 16.26666387902566, 64.9291846219005, 57.055790090332025, 62.01627290009885, 21.656575563214215, 13.802995948312562, 67.9698456386852, 30.155897799974714, 48.248534977096604, 68.17523331437873, 68.90531904003363, 43.30283675605907, 0.0, 19.88904098741896, 36.99554900710279, 33.42541937830198, 13.492422813816587, 57.840273824824806, 25.791319335516643, 48.45093951703782, 50.13912793825688, 49.72381228809972, 48.67947600893676, 60.856033208471786, 39.722154435433985, 16.053360129632736, 12.045970391055416, 52.35318455607759, 31.741171296428497, 38.12201111408496, 36.51986625651912, 68.68157046555599, 41.74183024854365, 50.083910269423924, 58.33620979624048, 11.7254125464549, 55.496208430641445, 43.235993044097825, 10.851979474557858, 45.01627228897071], [46.411277639711464, 58.58906511456416, 42.15535244981236, 54.77382493070876, 37.52045657968654, 14.207671920765058, 48.26579385862418, 22.76027169354498, 59.42192871216122, 33.547246004506675, 77.1309089300447, 73.93975226328067, 72.29612200317695, 1.9835226259104506, 29.393116110238317, 68.70865083407377, 49.54611578191694, 62.76275267626367, 70.56251422365303, 84.20643890967342, 62.98167395340718, 19.88904098741896, 0.0, 56.876618035300076, 52.19366922848856, 18.206685899401162, 60.34332254126971, 45.336681343134565, 30.91459705066178, 41.692512920052714, 66.40008350108356, 58.809143098493905, 79.53348462215756, 19.977550565296397, 9.792776888092275, 24.675826468612396, 71.36727226695294, 11.88320825843905, 55.57634697716513, 51.79288969430687, 80.00726167769864, 22.73020277522597, 66.70331463824864, 72.13974401805874, 23.328576699100115, 66.84680042673281, 26.953773607496156, 24.677523917145393, 53.32922306784786], [27.739234503465852, 36.97955760526794, 78.58679794814253, 16.918638255251736, 77.15707769827395, 69.8063072649168, 43.77941749945928, 69.91075686665454, 4.335233843379906, 27.1855696720805, 54.34433639986017, 36.56186178891394, 56.88319098072255, 58.65165808617534, 32.765650948245984, 79.75416093210708, 12.759773075609138, 39.162395369620384, 77.1956803492645, 48.691895024649384, 8.449827653891841, 36.99554900710279, 56.876618035300076, 0.0, 14.082081852814357, 44.4649340934996, 68.91678787294245, 14.187143070208807, 84.17745322918385, 77.16526720595029, 32.52018010760812, 48.286571025731355, 29.513786096806708, 76.69354006027076, 51.79651793755122, 37.655429543341334, 22.767100271202423, 68.73671299724131, 23.960572393575667, 31.65343851078088, 59.44242505371752, 78.11248113386594, 30.368156828921023, 45.15030934821163, 38.143926824939385, 49.73593750573198, 78.40961656365225, 35.793295373872894, 49.970930346018555], [14.05444134799834, 23.249130245343594, 67.11761777168306, 28.96139315815072, 66.31008025423718, 66.10101111246601, 52.12148994439892, 69.0585149711509, 12.527323479988368, 18.919320922637297, 41.88066925828576, 50.34787704480103, 43.45002787881976, 54.128589135739944, 34.79159033698572, 65.77295893368725, 22.42218029744735, 51.115814789732866, 63.12886412483302, 39.3352038660772, 13.675122797377636, 33.42541937830198, 52.19366922848856, 14.082081852814357, 0.0, 36.684059851642196, 54.980700572177234, 20.82566686121027, 81.85929648207446, 65.62027009500727, 45.71114345571014, 34.24601178618462, 27.448015192318717, 72.10342410735177, 49.43978345855824, 38.55551915148172, 36.817560957175495, 63.92756182809094, 35.736108698217905, 41.84450170541496, 46.823957954075055, 71.37082591944905, 19.706864528515126, 33.001572756959945, 30.242097411958568, 36.201375665829644, 76.64742946932157, 28.229983728215053, 35.943030461191654], [28.74247154237423, 40.40873381531748, 37.94267256158523, 47.44050778400016, 35.035335903582094, 32.22228788159178, 51.06061367462084, 40.07334163109338, 46.05797028250839, 17.89669945288558, 59.01026543052885, 69.44745972611048, 54.508196729595625, 20.144785072083387, 27.28540172852103, 55.58862532729437, 40.68307119794348, 61.50992185885349, 56.351713619260714, 66.12800986758499, 49.02349445314742, 13.492422813816587, 18.206685899401162, 44.4649340934996, 36.684059851642196, 0.0, 45.94360662600071, 36.169636379564984, 49.07235831755965, 36.85680492412919, 62.30124087238721, 40.95689268034223, 63.289196802913445, 36.75994126012545, 21.31176356950021, 25.185143937004575, 62.93793310971844, 28.687619925527297, 50.47171952169628, 49.73069713948436, 62.03011381172544, 34.69912874352113, 49.12488344006862, 53.93786531249871, 6.473910331031563, 48.8089805771706, 45.12503697907497, 8.706627669631109, 35.9264421980881], [41.21367909908646, 35.437361242529775, 33.292106577252305, 80.96230282613918, 37.18127889479186, 71.15520912027564, 94.39803386982243, 82.94498843976478, 67.40175270364907, 48.602303367395926, 36.20917839112702, 103.84779754990552, 27.289436284322353, 61.76173366515218, 70.33447586443522, 10.937394532241298, 73.43331663258132, 100.70559310264012, 10.408230370902382, 52.29172152077666, 67.52507350161709, 57.840273824824806, 60.34332254126971, 68.91678787294245, 54.980700572177234, 45.94360662600071, 0.0, 69.76060125293225, 86.96164311086825, 31.961333444477564, 98.05629612084783, 23.442215054195746, 67.59887744140934, 71.52718764479634, 66.62024324650636, 69.83693512829615, 91.66780632459995, 65.72114736224415, 86.55493396858638, 89.35499638476952, 35.00864165709887, 61.98763479652381, 48.94559792402955, 39.51054284279295, 46.14814927399812, 28.677614138004667, 85.17454657264247, 47.45850674275964, 19.211239950899632], [30.097021753607525, 42.90472621260545, 73.13404409626058, 11.709452693714917, 70.8409978910628, 57.36873769959211, 31.39811742660174, 56.26158462465291, 18.21794413703932, 22.086007265101063, 62.45899154181648, 34.70929761216248, 63.17725626476923, 46.9505475289932, 18.865321708058495, 80.68157303457194, 4.513470916959092, 31.50894144880917, 79.0917238900142, 59.81678651821196, 22.445185280365777, 25.791319335516643, 45.336681343134565, 14.187143070208807, 20.82566686121027, 36.169636379564984, 69.76060125293225, 0.0, 70.92731673606121, 71.86527140781797, 28.395401090917908, 52.32453951072995, 43.25814594712583, 64.6491729492178, 39.04666112797075, 23.95450526053431, 26.822617432498955, 56.96864136680488, 16.800297543237917, 21.263292769809272, 67.29089659433569, 67.52593886191957, 40.37669095470914, 53.740986528297036, 30.60742653449586, 55.88370224935135, 64.9950522528681, 28.221984200515344, 52.09750999633122], [77.23631559853435, 89.48060435359962, 60.3923364863786, 77.75802185073, 55.0481374068257, 16.91764606801809, 60.42914663232095, 15.74905266116734, 87.35986590380968, 63.819862296731934, 107.69839549581, 92.00840717908125, 102.37256038711213, 28.949871247562736, 52.28960724415936, 93.54699664940333, 74.453408422771, 77.9003115130457, 96.54299002816524, 115.11919375688242, 91.26101988345444, 48.45093951703782, 30.91459705066178, 84.17745322918385, 81.85929648207446, 49.07235831755965, 86.96164311086825, 70.92731673606121, 0.0, 60.71629098697295, 84.68297832217544, 89.05619271298916, 109.30164814152238, 15.681792587232964, 32.58839510808091, 47.05851061074162, 94.1277807976499, 21.56095107484319, 76.1988197908397, 69.53964001362527, 110.32168630686593, 27.451237882052734, 97.43178811667848, 102.99739868084784, 54.17670834912722, 97.30134611510368, 6.372858061985241, 55.36181521800655, 83.14517505138087], [52.53434426901447, 55.470406819705076, 1.6086125854961657, 83.48277296557832, 5.84857223410752, 47.4761102678442, 86.97069710683928, 61.263830572034806, 77.45992671033105, 50.494424975801124, 64.825244451594, 105.99629929938584, 56.60019991951466, 42.24958029978798, 63.89117842935688, 34.838780917900834, 76.30662137524615, 98.34588753823766, 39.17373173670139, 78.79429801660163, 79.28086624555883, 50.13912793825688, 41.692512920052714, 77.16526720595029, 65.62027009500727, 36.85680492412919, 31.961333444477564, 71.86527140781797, 60.71629098697295, 0.0, 98.98417817252924, 47.124626441619554, 87.0358472635459, 45.12108236408269, 50.81613402538127, 61.05560569075425, 98.00745547685436, 41.72984780267558, 87.08748935565752, 86.57703352217531, 64.98307483894553, 33.54133619944568, 68.88099371714685, 65.03916764726698, 41.430870233320775, 55.14634459364675, 60.61822414015738, 43.75352841580518, 40.1773202679979], [57.62811872229532, 68.95838672610628, 100.14666798419445, 17.15817600322976, 97.32491370171749, 75.16069512510067, 26.077130076253315, 68.93459715811147, 36.11711802606846, 50.35632569215875, 86.86398955922856, 7.558395208034772, 89.13218675351209, 67.5220239459297, 37.14220362436581, 108.9892042522092, 24.63212487138709, 10.238823456169124, 107.21486894753232, 80.3195974459364, 38.938840285727096, 49.72381228809972, 66.40008350108356, 32.52018010760812, 45.71114345571014, 62.30124087238721, 98.05629612084783, 28.395401090917908, 84.68297832217544, 98.98417817252924, 0.0, 79.53454000901594, 57.69048457061072, 83.09971352209644, 57.68368485033454, 41.72903416116411, 16.88930854285907, 76.61651971354091, 11.932593448068193, 15.210703125334028, 91.95712070114976, 89.07439953126605, 62.78241788915598, 77.66743304001399, 57.61108416735441, 81.9033543331081, 78.31442216332431, 55.3508443921438, 80.02901867021492], [22.235607086763455, 12.258125456398961, 48.716751745646384, 62.45399837908227, 50.65007046992345, 72.17858964792546, 80.90486532993616, 81.03014146836479, 46.054030475208506, 34.625222223037476, 19.0870620945377, 84.52306182179572, 13.56063173223712, 60.64825140292946, 58.30069560209773, 33.25175102459922, 55.24704649356813, 83.82344412342854, 29.634276789906046, 31.670183742412284, 45.50365389343326, 48.67947600893676, 58.809143098493905, 48.286571025731355, 34.24601178618462, 40.95689268034223, 23.442215054195746, 52.32453951072995, 89.05619271298916, 47.124626441619554, 79.53454000901594, 0.0, 44.171367649712664, 75.06554041255873, 61.87021239702423, 59.48876721654058, 70.87989039988753, 67.68700951153683, 68.78797165151502, 73.30275716201028, 21.26568395552024, 68.65808323433227, 25.505761107941826, 17.930523950428245, 37.83905580213478, 8.585853087150713, 85.69811549046157, 37.96923177705448, 7.0296262587613], [35.780417227454045, 32.66063916107305, 88.62651067992508, 45.35797520544054, 88.94941084813158, 93.513860373713, 73.16661333928553, 96.29855626911659, 25.21837645214869, 46.02975960167918, 38.74819710316831, 59.007870508588816, 45.40133878747579, 81.48283589734861, 60.66817714929572, 76.97568866782314, 42.27253228812354, 66.28262430341121, 72.64340261421175, 25.59420013064322, 21.0712274556265, 60.856033208471786, 79.53348462215756, 29.513786096806708, 27.448015192318717, 63.289196802913445, 67.59887744140934, 43.25814594712583, 109.30164814152238, 87.0358472635459, 57.69048457061072, 44.171367649712664, 0.0, 99.3663320674274, 76.83741741232257, 65.00831543024215, 42.33843220411974, 91.1815188655641, 52.11246981709377, 60.58668537442341, 43.60929038756631, 97.86956395377729, 18.78707787180075, 30.561452687722014, 57.00554751206079, 40.262327030419605, 104.04625081207807, 55.19607020831858, 49.525376961003936], [65.49788765948897, 76.69255505194995, 44.85413445693253, 73.28361952124082, 39.51220466561169, 7.984374423778613, 61.516811290498154, 20.071225791371393, 79.3427951870653, 53.33663780619102, 93.97797772792622, 90.63943181774721, 88.14314852591932, 18.107454371053723, 47.3357600515141, 77.90407129715034, 68.68195488859624, 77.92327781288073, 80.98852711720696, 102.61069689724415, 82.94040476395972, 39.722154435433985, 19.977550565296397, 76.69354006027076, 72.10342410735177, 36.75994126012545, 71.52718764479634, 64.6491729492178, 15.681792587232964, 45.12108236408269, 83.09971352209644, 75.06554041255873, 99.3663320674274, 0.0, 25.949229930071922, 42.16590259027267, 89.95231034003491, 8.185029757985456, 73.14200096812597, 67.98375571362499, 96.27558579393742, 12.449121337347595, 85.88031323459734, 89.95572406114168, 42.62539581900989, 83.48334694968563, 15.968317700791163, 44.2446615269551, 68.84938259722253], [46.31646887406888, 59.69634986344357, 51.39105092858632, 47.33722130436986, 46.94467737000231, 18.378252373590612, 38.541803635951254, 20.04051125987469, 54.84752373341487, 32.05010684276551, 79.28540325184792, 65.24206437623609, 75.42251063401275, 10.278918038194822, 21.38870825631078, 75.6875185820718, 42.92603846441917, 53.45251822846203, 76.99364577411542, 84.48235878167861, 58.70525046798379, 16.053360129632736, 9.792776888092275, 51.79651793755122, 49.43978345855824, 21.31176356950021, 66.62024324650636, 39.04666112797075, 32.58839510808091, 50.81613402538127, 57.68368485033454, 61.87021239702423, 76.83741741232257, 25.949229930071922, 0.0, 16.250390811472883, 64.00493150551773, 18.95248809097147, 47.33553061767275, 42.79295960602813, 82.65264418657486, 31.606349439732547, 65.95506439685445, 73.33657217276674, 24.222085547403637, 69.38090031464142, 27.209977459321617, 24.6708226678598, 57.156534769139505], [39.8577477368584, 54.18616715260847, 61.948816421972225, 31.2115368264906, 58.262936361087455, 34.45914147154297, 25.983304622711184, 32.31718732860272, 41.21912229919813, 25.282162625453612, 74.63238035672612, 49.273880581722054, 72.53973147751674, 25.805615349352504, 5.270310064981789, 80.01001438382946, 27.395787666070984, 38.443273426339225, 80.14863368174561, 76.69135316045035, 45.326758229451436, 12.045970391055416, 24.675826468612396, 37.655429543341334, 38.55551915148172, 25.185143937004575, 69.83693512829615, 23.95450526053431, 47.05851061074162, 61.05560569075425, 41.72903416116411, 59.48876721654058, 65.00831543024215, 42.16590259027267, 16.250390811472883, 0.0, 47.85538314237819, 35.15028557552717, 31.114092706023822, 27.19284092737435, 78.71095079462727, 47.35054693633753, 57.21899030621479, 67.33474729692526, 23.68878597623979, 65.73600415986088, 41.06322958040159, 22.51610137874339, 56.37762954975864], [50.46346234032965, 59.26373679992503, 99.34162566711062, 16.66932991040797, 97.33626533433144, 82.30890136816478, 40.173196479549475, 78.63617687119047, 24.88825973500698, 47.53605775341371, 75.08081792513632, 16.68611255226964, 78.65624037105773, 72.83533771586751, 42.63417425333074, 102.51639263598715, 22.326388866964354, 26.917217183405466, 99.9464086699172, 66.40448857563587, 26.310221677787947, 52.35318455607759, 71.36727226695294, 22.767100271202423, 36.817560957175495, 62.93793310971844, 91.66780632459995, 26.822617432498955, 94.1277807976499, 98.00745547685436, 16.88930854285907, 70.87989039988753, 42.33843220411974, 89.95231034003491, 64.00493150551773, 47.85538314237819, 0.0, 82.64773542432515, 18.471616014413925, 27.012423548884193, 80.25318141076255, 93.8938114950303, 50.58778986001111, 65.80574417126594, 57.189289021194114, 71.6917028681674, 87.8808636641379, 54.782457975262176, 72.73710518815246], [57.39941384489627, 68.82220838522895, 41.74084392027972, 65.99114129426731, 36.5239646598243, 5.754383012350869, 56.32413067604238, 19.734191523505473, 71.30480320563169, 45.151776499021835, 86.4729802128158, 84.17451270541478, 80.92067001182575, 10.08747319756802, 40.19171101930702, 72.82940997805379, 61.09221294940431, 72.06513635484255, 75.50215413305425, 94.69117469165734, 74.86066098567323, 31.741171296428497, 11.88320825843905, 68.73671299724131, 63.92756182809094, 28.687619925527297, 65.72114736224415, 56.96864136680488, 21.56095107484319, 41.72984780267558, 76.61651971354091, 67.68700951153683, 91.1815188655641, 8.185029757985456, 18.95248809097147, 35.15028557552717, 82.64773542432515, 0.0, 66.26261640285368, 61.658671798676316, 88.94427947685224, 13.5460741426201, 77.77724376269624, 82.17665905199263, 34.47064645642518, 76.01861173422552, 19.523531583575345, 36.06622622274129, 61.65968228498458], [46.64776033569008, 58.762627709545654, 88.2617583952579, 7.043219317316366, 85.50686040761046, 65.31163658150899, 22.569950314764, 60.57587764143753, 28.097602040220135, 38.53638260674568, 77.52785402054178, 18.984108929041685, 79.06495214910963, 56.831859023068546, 26.187019120803434, 97.47200551503165, 13.550310966172855, 15.398807991609084, 95.8847475167393, 72.65234265239542, 31.667143742110568, 38.12201111408496, 55.57634697716513, 23.960572393575667, 35.736108698217905, 50.47171952169628, 86.55493396858638, 16.800297543237917, 76.1988197908397, 87.08748935565752, 11.932593448068193, 68.78797165151502, 52.11246981709377, 73.14200096812597, 47.33553061767275, 31.114092706023822, 18.471616014413925, 66.26261640285368, 0.0, 9.131888603004437, 82.52178666423156, 78.30653255116387, 54.10515264871828, 68.49433028866268, 45.6929270049717, 71.78066860265434, 69.89381566843397, 43.42463995175315, 68.83961987284201], [51.08734977535732, 64.16221783841037, 87.63040785910636, 15.263021183963597, 84.40974160942524, 60.02748033112407, 13.443563606072917, 53.79798904041014, 35.945480474195705, 40.75363007321729, 83.65866771483469, 22.6923740124535, 84.41839679539261, 52.80074302108861, 23.092933420523437, 100.16221821442493, 19.602989824673415, 11.795144170722638, 99.07373508424118, 80.0519218668251, 39.78206338841586, 36.51986625651912, 51.79288969430687, 31.65343851078088, 41.84450170541496, 49.73069713948436, 89.35499638476952, 21.263292769809272, 69.53964001362527, 86.57703352217531, 15.210703125334028, 73.30275716201028, 60.58668537442341, 67.98375571362499, 42.79295960602813, 27.19284092737435, 27.012423548884193, 61.658671798676316, 9.131888603004437, 0.0, 88.52414555255257, 74.33685557326561, 61.01057037864432, 74.84558401294336, 45.86729022446611, 77.12798098773544, 63.17699651896551, 43.811917174581296, 72.54649810292386], [39.12252386278012, 24.856066017361506, 66.49388059083539, 75.65365737861191, 69.3265390381041, 93.44123996048523, 97.83649082010301, 102.06846785963594, 56.05630288190489, 53.42935125954873, 5.175066831926285, 95.70503508250438, 8.478256930325717, 81.86281750230876, 76.79327178760641, 40.40753252565322, 69.24036810905261, 97.91662812576317, 34.84570239847719, 20.49307583988812, 53.97580701198672, 68.68157046555599, 80.00726167769864, 59.44242505371752, 46.823957954075055, 62.03011381172544, 35.00864165709887, 67.29089659433569, 110.32168630686593, 64.98307483894553, 91.95712070114976, 21.26568395552024, 43.60929038756631, 96.27558579393742, 82.65264418657486, 78.71095079462727, 80.25318141076255, 88.94427947685224, 82.52178666423156, 88.52414555255257, 0.0, 89.49230351223972, 29.667103561870352, 14.44774241954586