instance_id,num_cities,city_coordinates,distance_matrix,best_route,total_distance
706,41,"[[0.43514536210375043, 70.89650229099502], [78.61897914114861, 62.61607453397854], [12.296920528105682, 53.10098188430325], [80.57061576315758, 90.11749128535203], [90.21337281938648, 77.41978969467274], [74.94935793914902, 50.18857450335364], [3.356473492657819, 5.223638732115798], [14.017474425716014, 73.26921708015166], [75.25692458601519, 26.211711453999463], [45.94879331054346, 64.41070312005999], [89.94731563617614, 49.396259703821286], [21.244771372764436, 38.39784317056322], [7.98598364624834, 77.85420422354663], [90.86846767610355, 11.208317606373818], [42.34282065839259, 84.69172806779159], [33.285977656423405, 7.841636555540532], [52.586127465491316, 97.20456720976907], [33.342507575698065, 3.7929824648207155], [6.519392892465181, 68.83834921970026], [38.972361508614526, 82.50049984090097], [6.952490059066784, 81.00536293912816], [65.95748601030333, 97.66351190436163], [25.837029911418707, 13.980123929705623], [5.06045275596313, 78.43136876295861], [28.5136592644853, 87.98085398876415], [91.93704675983481, 79.04895223373953], [83.94633146292568, 67.79391488620774], [53.41110854624193, 57.84486140793138], [29.561937911862213, 20.597889548829308], [92.07555979944516, 87.54321811417219], [86.06884895129934, 89.57307072529763], [20.481099501989817, 81.37034653057466], [55.39915324107667, 92.10643563588005], [21.16447038616698, 55.88914360030171], [69.9696302492584, 74.03642542387713], [94.56320578273592, 59.01451761808224], [69.92400700747213, 92.27654508209113], [59.052092482191554, 42.28581243486247], [26.810788179202817, 67.42818090067537], [56.40075320249508, 98.176159270654], [46.72717061696224, 37.980612320837004]]","[[0.0, 78.6210998920041, 21.386497063188333, 82.40837356919118, 90.01490656509384, 77.33812868976894, 65.73780621582631, 13.788017923651283, 87.14946459031052, 45.97344603638291, 92.05807437961022, 38.59019796955686, 10.26765674219469, 108.35527294826598, 44.119853841235354, 71.09917914677854, 58.41095114889227, 74.73805497146994, 6.422932513703472, 40.2463636551318, 12.027669994741585, 70.77888051997408, 62.32760114445427, 8.841248850587307, 32.86758305533434, 91.86435870058122, 83.56879951614992, 54.56004036863995, 58.12332137810966, 93.14010256567957, 87.646707861068, 22.617287426510526, 58.91437375220297, 25.591516774595092, 69.60534250905131, 94.87504054448416, 72.7035633412713, 65.22666681444771, 26.60270263115645, 62.26017142501559, 56.80147370204408], [78.6210998920041, 0.0, 67.00113765305636, 27.570578681578176, 18.803721634956457, 12.957965765402637, 94.64848886147125, 65.47399375024519, 36.55928147667343, 32.719439695206496, 17.40961550087245, 62.27617881197938, 72.2580144275962, 52.847019231889355, 42.46521109344665, 71.100774113, 43.29056700887606, 74.23014911741502, 72.3675827943418, 44.35363186354574, 73.9881854447041, 37.26441029364838, 71.77318340209706, 75.23948654469433, 56.15972860273335, 21.152077784255614, 7.429045259891515, 25.655432458325976, 64.59195897027838, 28.327408107358327, 27.967484760825148, 61.08793470939761, 37.53454026293911, 57.8469720561303, 14.326047979189866, 16.345934522588266, 30.90867278840787, 28.216708003295267, 52.03119274467814, 41.930528142876945, 40.29880208391425], [21.386497063188333, 67.00113765305636, 0.0, 77.66285746279672, 81.62339095490412, 62.7200927159496, 48.70494410741028, 20.241492450648018, 68.46163140946899, 35.501525829123224, 77.7387215412886, 17.211807655610762, 25.12580730992291, 89.04203131967148, 43.59737789212509, 49.88936618883808, 59.7356378906606, 53.61152432947116, 16.764383562475853, 39.697743104425, 28.411571922216176, 69.75152593067642, 41.39777879567798, 26.343784186020304, 38.46541424796495, 83.76065228650607, 73.14041541791487, 41.386964727137894, 36.803964958000925, 86.89590853717225, 82.2952652811946, 29.430218534364084, 58.131126663858005, 9.295551959930211, 61.35498547615368, 82.47855233011109, 69.68217740544745, 47.98972801210959, 20.394140968628662, 63.0628232240004, 37.60409149171142], [82.40837356919118, 27.570578681578176, 77.66285746279672, 0.0, 15.94410202336248, 40.32266031535779, 114.75621973513937, 68.65263990244725, 64.12631292830852, 43.12203088579588, 41.786854416494705, 78.70500501080423, 73.61329383411189, 79.5782850074071, 38.61092105952571, 94.8954860486307, 28.86794468680913, 98.39926334110622, 77.04794283882697, 42.28987249555678, 74.17991180354267, 16.44645823137225, 93.76920671541548, 76.40909747524483, 52.10078635531165, 15.865317845517502, 22.57736742257814, 42.18010753270642, 86.22563564127529, 11.789428299878054, 5.525120988484645, 60.72283348018415, 25.249919309376434, 68.56143153261044, 19.260881940009746, 34.10553542173003, 10.863323215934045, 52.44917869566545, 58.35172548938668, 25.47791957555886, 62.15812841072374], [90.01490656509384, 18.803721634956457, 81.62339095490412, 15.94410202336248, 0.0, 31.217450745697327, 112.94425693439126, 76.30886046224884, 53.347564338594054, 46.136637638653895, 28.024792944335715, 79.24254094887077, 82.22853669021242, 66.2147127560853, 48.419736181652986, 89.89909740532819, 42.51172796116486, 93.03333841385871, 84.13277242925852, 51.492279574132716, 83.33805213417851, 31.59361223092581, 90.38199333149824, 85.15892840764943, 62.59705050384394, 2.3717551373780603, 11.486221014408134, 41.68434326052696, 83.11031760573326, 10.293276607253356, 12.840534175122565, 69.84408952320734, 37.78528091531345, 72.32786218652754, 20.524528424168775, 18.912299887172995, 25.1471975713252, 46.961918086318796, 64.18504487299155, 39.67518271326937, 58.70688625634137], [77.33812868976894, 12.957965765402637, 62.7200927159496, 40.32266031535779, 31.217450745697327, 0.0, 84.54221757370803, 65.15681461100189, 23.978835645830475, 32.300180977326825, 15.018871389800665, 54.983669972350356, 72.45329919683394, 42.10556355841522, 47.47266454848038, 59.406232081650685, 52.06359234040272, 62.31918611288645, 70.92583600678145, 48.35705523687237, 74.6541927221549, 48.31897600337149, 61.01698662870608, 75.37980164005955, 59.870948715612876, 33.48884850527122, 19.771027858553325, 22.8585851722339, 54.181422395607775, 41.09350544126015, 40.92409587303807, 62.7622026695586, 46.252757600626346, 54.08614071197909, 24.362218318391626, 21.508144947805317, 42.386925099884024, 17.753216534480618, 51.13243517834628, 51.44763385691764, 30.749409716258896], [65.73780621582631, 94.64848886147125, 48.70494410741028, 114.75621973513937, 112.94425693439126, 84.54221757370803, 0.0, 68.87566822625647, 74.90109521233553, 72.91923133393347, 97.20696675976299, 37.689773694880834, 72.7779596297342, 87.7163924656699, 88.51617077116555, 30.043786913309017, 104.32665064064928, 30.020143527045335, 63.693292029450525, 85.08939265261941, 75.86699584755924, 111.64236167483786, 24.125742473812096, 73.22755821136288, 86.49647780686489, 115.31129551763235, 102.02825425178692, 72.6254746369706, 30.382461282809256, 121.02722596486241, 118.13620838499808, 78.04853569736825, 101.27714901801508, 53.703986229212084, 95.77323355387604, 105.88733005586026, 109.58761345254081, 66.89997529296912, 66.47939488153894, 107.0227390997017, 54.35105047503983], [13.788017923651283, 65.47399375024519, 20.241492450648018, 68.65263990244725, 76.30886046224884, 65.15681461100189, 68.87566822625647, 0.0, 77.23133490812594, 33.13732631498318, 79.59433949809356, 35.61244922078712, 7.576343981624694, 98.78071880212995, 30.541758241197574, 68.20589058179839, 45.392091636428745, 72.11382726337867, 8.709409662890954, 26.607573559592435, 10.476734073763504, 57.383328793104546, 60.45575620635203, 10.338087211313772, 20.653610711219816, 78.13363610620966, 70.14288260861194, 42.30566341667529, 54.91720212268619, 79.35245300387132, 73.87297350660943, 10.363722666066785, 45.46739650006306, 18.792192672056288, 55.95741550451245, 81.79737952154179, 59.049292147224506, 54.66340811645721, 14.063661701175324, 49.159923608069164, 48.11662759153797], [87.14946459031052, 36.55928147667343, 68.46163140946899, 64.12631292830852, 53.347564338594054, 23.978835645830475, 74.90109521233553, 77.23133490812594, 0.0, 48.146957569134585, 27.446873533336454, 55.36979773256459, 84.80758547662073, 21.652300215003873, 67.10626334782576, 45.81506343924017, 74.52483217317207, 47.53333317583572, 80.88187998884584, 66.9701218140093, 87.56620363542048, 72.0544193330417, 50.911076623979085, 87.48964091166692, 77.46198953292522, 55.40758512108045, 42.480412358521825, 38.44341106680776, 46.038536070709135, 63.59575614496016, 64.27720869162839, 77.73587355363375, 68.82184070332599, 61.69881344208371, 48.116096555145795, 38.06253520044664, 66.27972730938899, 22.824839667697432, 63.60680377440954, 74.39379644029923, 30.86185168048317], [45.97344603638291, 32.719439695206496, 35.501525829123224, 43.12203088579588, 46.136637638653895, 32.300180977326825, 72.91923133393347, 33.13732631498318, 48.146957569134585, 0.0, 46.48982122936839, 35.87419103832727, 40.27285238876116, 69.62952656348341, 20.59910220612955, 57.969010620082706, 33.45880641354003, 61.914671100355434, 39.67721849264148, 19.388433306698982, 42.380353960198654, 38.80846654531395, 54.2929677260046, 43.22540292903348, 29.317842880701363, 48.26176325446883, 38.14785744306413, 9.93963913156134, 46.77704204932912, 51.60224643050427, 47.35782520469516, 30.597923663837964, 29.263678893886187, 26.208388723241963, 25.87769574569063, 48.91298312297275, 36.760250544117504, 25.71395024133114, 19.374426767358262, 35.34613832713062, 26.441550084787377], [92.05807437961022, 17.40961550087245, 77.7387215412886, 41.786854416494705, 28.024792944335715, 15.018871389800665, 97.20696675976299, 79.59433949809356, 27.446873533336454, 46.48982122936839, 0.0, 69.57732931426075, 86.7612502667575, 38.199050285558975, 59.26177544692572, 70.26588024533244, 60.67530509283479, 72.68949848843856, 85.66337104080166, 60.781055135300576, 88.81033993806741, 53.90027421515563, 73.24227883456817, 89.71519964710598, 72.54560669901822, 29.719374223195295, 19.351628542776286, 37.50031065568992, 66.90097134191701, 38.206280363044115, 40.36358070936128, 76.47154642353097, 54.933911685092816, 69.08861948237121, 31.721375760368307, 10.668520382431252, 47.32495919239863, 31.702890626867912, 65.66103320367951, 59.201777446856674, 44.702325897591905], [38.59019796955686, 62.27617881197938, 17.211807655610762, 78.70500501080423, 79.24254094887077, 54.983669972350356, 37.689773694880834, 35.61244922078712, 55.36979773256459, 35.87419103832727, 69.57732931426075, 0.0, 41.62451056192974, 74.74442713236424, 50.87486081098034, 32.84314862289522, 66.637162259166, 36.65858161058079, 33.81510283757258, 47.532218309336, 44.94073926826887, 74.24046296139535, 24.845801484580658, 43.18119197575628, 50.11298926406443, 81.54698319047525, 69.25037667804716, 37.588026889986786, 19.647229020270668, 86.2106053075439, 82.58973876449035, 42.979288497512464, 63.64852477011531, 17.49148475606969, 60.367378753433336, 76.16193333683353, 72.61255057943274, 38.006707756282566, 29.559111147223756, 69.34976664830765, 25.48581473727407], [10.26765674219469, 72.2580144275962, 25.12580730992291, 73.61329383411189, 82.22853669021242, 72.45329919683394, 72.7779596297342, 7.576343981624694, 84.80758547662073, 40.27285238876116, 86.7612502667575, 41.62451056192974, 0.0, 106.35403312497489, 35.03061492180323, 74.44359830356152, 48.61696593161408, 78.28165732903165, 9.134359851104174, 31.332789151194046, 3.3163097330513085, 61.26258039895829, 66.32162532798259, 2.981920504568762, 22.8896155877494, 83.95956420032942, 76.62365080039956, 49.63683886079804, 61.18666008700027, 84.64593202155093, 78.95736625757345, 12.980415130945332, 49.50893607480024, 25.61515959226169, 62.10111014442533, 88.60332490523608, 63.59498921877057, 62.23229038110145, 21.51918279194168, 52.50687353214938, 55.594810001686696], [108.35527294826598, 52.847019231889355, 89.04203131967148, 79.5782850074071, 66.2147127560853, 42.10556355841522, 87.7163924656699, 98.78071880212995, 21.652300215003873, 69.62952656348341, 38.199050285558975, 74.74442713236424, 106.35403312497489, 0.0, 88.05992295890728, 57.6808260877443, 94.13231388768959, 58.00192480198391, 102.15667849244525, 88.18038944747478, 109.14906704413731, 89.97253819169858, 65.0904817007536, 109.00437620268215, 98.90472422809269, 67.84904986734833, 57.007418721332556, 59.816561007283134, 62.02140479702435, 76.34444385107348, 78.51159704969304, 99.38355951181582, 88.33220119077033, 82.79506899384255, 66.21278228349512, 47.948762749794405, 83.73008980500677, 44.47575086824862, 85.2294510797624, 93.54907174727873, 51.62567065270368], [44.119853841235354, 42.46521109344665, 43.59737789212509, 38.61092105952571, 48.419736181652986, 47.47266454848038, 88.51617077116555, 30.541758241197574, 67.10626334782576, 20.59910220612955, 59.26177544692572, 50.87486081098034, 35.03061492180323, 88.05992295890728, 0.0, 77.3819292251342, 16.170852721404607, 81.3978665305223, 39.17457846361244, 4.0201338314345785, 35.58180416717795, 26.94289508544754, 72.61247887219017, 37.80432587730815, 14.214923643226136, 49.91420821483934, 44.90421140141101, 29.038960832313297, 65.355727368574, 49.814418976402706, 43.997648305472765, 22.112585268033992, 15.014849610633007, 35.75068380129208, 29.610404971958175, 58.19181866047324, 28.605092021579992, 45.579177762973124, 23.222275808495866, 19.47961376103914, 46.916424191157176], [71.09917914677854, 71.100774113, 49.88936618883808, 94.8954860486307, 89.89909740532819, 59.406232081650685, 30.043786913309017, 68.20589058179839, 45.81506343924017, 57.969010620082706, 70.26588024533244, 32.84314862289522, 74.44359830356152, 57.6808260877443, 77.3819292251342, 0.0, 91.42335127178899, 4.049048725080436, 66.61117785897667, 74.87510152498359, 77.75849424579036, 95.57926945366762, 9.652349442006066, 76.0236183631212, 80.2811882924233, 92.25199029326048, 78.49042696302384, 53.90123736029708, 13.28873441859157, 99.03815967342243, 97.29367314258813, 74.63535419050797, 87.11801707160059, 49.55294009157534, 75.67985492107836, 79.83459427519618, 92.0412894988726, 43.015043010792546, 59.937336825726824, 93.24494003812016, 33.00035648873458], [58.41095114889227, 43.29056700887606, 59.7356378906606, 28.86794468680913, 42.51172796116486, 52.06359234040272, 104.32665064064928, 45.392091636428745, 74.52483217317207, 33.45880641354003, 60.67530509283479, 66.637162259166, 48.61696593161408, 94.13231388768959, 16.170852721404607, 91.42335127178899, 0.0, 95.37316745828208, 54.09978149014786, 20.038568330018713, 48.42357981338203, 13.379232398258573, 87.41751643254223, 51.09914614276068, 25.779073118942556, 43.33729576782294, 42.993590974214996, 39.36835067145704, 79.99185187785423, 40.65411335160207, 34.341409066732986, 35.79742120676629, 5.822719258112287, 51.90650018678187, 28.964615703379007, 56.74993384901507, 18.024635061579474, 55.298086129842844, 39.382753801018914, 3.936414694387032, 59.513059138639356], [74.73805497146994, 74.23014911741502, 53.61152432947116, 98.39926334110622, 93.03333841385871, 62.31918611288645, 30.020143527045335, 72.11382726337867, 47.53333317583572, 61.914671100355434, 72.68949848843856, 36.65858161058079, 78.28165732903165, 58.00192480198391, 81.3978665305223, 4.049048725080436, 95.37316745828208, 0.0, 70.35893132777568, 78.90860882572922, 81.59770047640632, 99.37511315993297, 12.653459850751247, 79.8170616724053, 84.32624435930198, 95.37704654717382, 81.58962153862768, 57.65721431178933, 17.224912455083132, 102.29209839884656, 100.68907893526315, 78.63627173912164, 91.02615903686673, 53.50060368672116, 79.21923626295731, 82.4462966641929, 95.74730781657155, 46.28909931254596, 63.9695383619825, 97.15897671006468, 36.714346513320365], [6.422932513703472, 72.3675827943418, 16.764383562475853, 77.04794283882697, 84.13277242925852, 70.92583600678145, 63.693292029450525, 8.709409662890954, 80.88187998884584, 39.67721849264148, 85.66337104080166, 33.81510283757258, 9.134359851104174, 102.15667849244525, 39.17457846361244, 66.61117785897667, 54.09978149014786, 70.35893132777568, 0.0, 35.211497150748215, 12.17471954520781, 66.05888976725231, 58.160089253403406, 9.703325732924421, 29.157901880571053, 86.02576361832585, 77.43398258820763, 48.163157820289996, 53.46120864914921, 87.57699364658734, 82.20732713798125, 18.76113557464492, 54.13533797076085, 19.54891866497976, 63.6628040291804, 88.59018374286144, 67.59803337639887, 58.86188695492697, 20.34033670740531, 57.869311426393075, 50.68397494338846], [40.2463636551318, 44.35363186354574, 39.697743104425, 42.28987249555678, 51.492279574132716, 48.35705523687237, 85.08939265261941, 26.607573559592435, 66.9701218140093, 19.388433306698982, 60.781055135300576, 47.532218309336, 31.332789151194046, 88.18038944747478, 4.0201338314345785, 74.87510152498359, 20.038568330018713, 78.90860882572922, 35.211497150748215, 0.0, 32.054759428212925, 30.953414661524803, 69.76803602782445, 34.15516627067757, 11.807571054935678, 53.0770295386369, 47.31745570591145, 28.572327916253535, 62.613810243766586, 53.34209103793046, 47.624577566145234, 18.525766302706185, 19.029279784556927, 32.02007600229936, 32.13209026995622, 60.34843268950879, 32.458826529077555, 44.9490453640188, 19.366947722409474, 23.44088598139861, 45.19023621432024], [12.027669994741585, 73.9881854447041, 28.411571922216176, 74.17991180354267, 83.33805213417851, 74.6541927221549, 75.86699584755924, 10.476734073763504, 87.56620363542048, 42.380353960198654, 88.81033993806741, 44.94073926826887, 3.3163097330513085, 109.14906704413731, 35.58180416717795, 77.75849424579036, 48.42357981338203, 81.59770047640632, 12.17471954520781, 32.054759428212925, 0.0, 61.31136496729909, 69.63482253661084, 3.194565882133362, 22.661453900582803, 85.00707276735397, 78.11910120948392, 51.911579275855786, 64.49999979541039, 85.37376969722709, 79.57891593301416, 13.533531929292199, 49.70224329433916, 28.858358558551505, 63.40130951204192, 90.32848270367289, 63.97227128751291, 64.91203404531436, 24.05601538770466, 52.34469385296346, 58.59312569959698], [70.77888051997408, 37.26441029364838, 69.75152593067642, 16.44645823137225, 31.59361223092581, 48.31897600337149, 111.64236167483786, 57.383328793104546, 72.0544193330417, 38.80846654531395, 53.90027421515563, 74.24046296139535, 61.26258039895829, 89.97253819169858, 26.94289508544754, 95.57926945366762, 13.379232398258573, 99.37511315993297, 66.05888976725231, 30.953414661524803, 61.31136496729909, 0.0, 92.80388149479164, 63.861756858010345, 38.67549645035368, 31.959965714464524, 34.86820022234069, 41.74849116827544, 85.22761330948711, 28.010250353304674, 21.677688018244993, 48.30702814033471, 11.93144951459992, 61.249588536637276, 23.96531904545553, 48.08359349133338, 6.689745911858241, 55.806577195813176, 49.463513744799414, 9.570472782574797, 62.704493721139755], [62.32760114445427, 71.77318340209706, 41.39777879567798, 93.76920671541548, 90.38199333149824, 61.01698662870608, 24.125742473812096, 60.45575620635203, 50.911076623979085, 54.2929677260046, 73.24227883456817, 24.845801484580658, 66.32162532798259, 65.0904817007536, 72.61247887219017, 9.652349442006066, 87.41751643254223, 12.653459850751247, 58.160089253403406, 69.76803602782445, 69.63482253661084, 92.80388149479164, 0.0, 67.71727341566934, 74.04912149355552, 92.75324600368839, 79.19984232253294, 51.81163003219526, 7.594060929530623, 98.990260468996, 96.65487897718423, 67.60272252465373, 83.53226751721895, 42.1686938648499, 74.52815415491192, 82.16680512697886, 89.85539001495492, 43.640031889668954, 53.45692657772336, 89.5718345717431, 31.818570390736273], [8.841248850587307, 75.23948654469433, 26.343784186020304, 76.40909747524483, 85.15892840764943, 75.37980164005955, 73.22755821136288, 10.338087211313772, 87.48964091166692, 43.22540292903348, 89.71519964710598, 43.18119197575628, 2.981920504568762, 109.00437620268215, 37.80432587730815, 76.0236183631212, 51.09914614276068, 79.8170616724053, 9.703325732924421, 34.15516627067757, 3.194565882133362, 63.861756858010345, 67.71727341566934, 0.0, 25.322826927680588, 86.87878909755209, 79.59985731362595, 52.55083444084033, 62.80950638920727, 87.49088325298727, 81.7710081676761, 15.698214432994757, 52.16313085416598, 27.7036333197983, 65.05779622620064, 91.58469800001403, 66.32472825007517, 64.97382859732386, 24.37513557205646, 55.006210577833365, 58.07218847303712], [32.86758305533434, 56.15972860273335, 38.46541424796495, 52.10078635531165, 62.59705050384394, 59.870948715612876, 86.49647780686489, 20.653610711219816, 77.46198953292522, 29.317842880701363, 72.54560669901822, 50.11298926406443, 22.8896155877494, 98.90472422809269, 14.214923643226136, 80.2811882924233, 25.779073118942556, 84.32624435930198, 29.157901880571053, 11.807571054935678, 22.661453900582803, 38.67549645035368, 74.04912149355552, 25.322826927680588, 0.0, 64.04923848373741, 58.994013741989676, 39.09042119969611, 67.3911179966327, 63.56340712056632, 57.57720915450178, 10.402923877104953, 27.200187688550056, 32.92246122066432, 43.73836551920506, 72.1220579157725, 41.632557718261594, 54.96028316889484, 20.623097269783216, 29.69232658614533, 53.21424774097558], [91.86435870058122, 21.152077784255614, 83.76065228650607, 15.865317845517502, 2.3717551373780603, 33.48884850527122, 115.31129551763235, 78.13363610620966, 55.40758512108045, 48.26176325446883, 29.719374223195295, 81.54698319047525, 83.95956420032942, 67.84904986734833, 49.91420821483934, 92.25199029326048, 43.33729576782294, 95.37704654717382, 86.02576361832585, 53.0770295386369, 85.00707276735397, 31.959965714464524, 92.75324600368839, 86.87878909755209, 64.04923848373741, 0.0, 13.803166182097238, 43.9756908187546, 85.4820503543974, 8.495395147350392, 12.049598148671, 71.49364496231328, 38.80097338450781, 74.46565854475543, 22.53203970280397, 20.205822962270357, 25.681571830806277, 49.3249294547338, 66.15490823126208, 40.35688551940568, 61.078158486119904], [83.56879951614992, 7.429045259891515, 73.14041541791487, 22.57736742257814, 11.486221014408134, 19.771027858553325, 102.02825425178692, 70.14288260861194, 42.480412358521825, 38.14785744306413, 19.351628542776286, 69.25037667804716, 76.62365080039956, 57.007418721332556, 44.90421140141101, 78.49042696302384, 42.993590974214996, 81.58962153862768, 77.43398258820763, 47.31745570591145, 78.11910120948392, 34.86820022234069, 79.19984232253294, 79.59985731362595, 58.994013741989676, 13.803166182097238, 0.0, 32.11516002895162, 72.0078264465983, 21.356950422224568, 21.882337844750843, 64.9011183574641, 37.49720055728503, 63.900592013150884, 15.307420247351997, 13.776640980812981, 28.213910832112447, 35.64248062492605, 57.13671383335186, 41.01023842332208, 47.68751350125145], [54.56004036863995, 25.655432458325976, 41.386964727137894, 42.18010753270642, 41.68434326052696, 22.8585851722339, 72.6254746369706, 42.30566341667529, 38.44341106680776, 9.93963913156134, 37.50031065568992, 37.588026889986786, 49.63683886079804, 59.816561007283134, 29.038960832313297, 53.90123736029708, 39.36835067145704, 57.65721431178933, 48.163157820289996, 28.572327916253535, 51.911579275855786, 41.74849116827544, 51.81163003219526, 52.55083444084033, 39.09042119969611, 43.9756908187546, 32.11516002895162, 0.0, 44.22804373494832, 48.75379146038231, 45.532485928738026, 40.470161179691836, 34.31920439471021, 32.30588962975454, 23.159261349873336, 41.16871630998228, 38.18660309883949, 16.550066607479213, 28.273964280396243, 40.44195300010024, 20.958612025527678], [58.12332137810966, 64.59195897027838, 36.803964958000925, 86.22563564127529, 83.11031760573326, 54.181422395607775, 30.382461282809256, 54.91720212268619, 46.038536070709135, 46.77704204932912, 66.90097134191701, 19.647229020270668, 61.18666008700027, 62.02140479702435, 65.355727368574, 13.28873441859157, 79.99185187785423, 17.224912455083132, 53.46120864914921, 62.613810243766586, 64.49999979541039, 85.22761330948711, 7.594060929530623, 62.80950638920727, 67.3911179966327, 85.4820503543974, 72.0078264465983, 44.22804373494832, 0.0, 91.59492310289585, 89.16617415559271, 61.447157410447424, 76.03311028395494, 36.276577475978534, 66.99596044913783, 75.50498087565079, 82.2613291938247, 36.60649144198932, 46.91103295548181, 82.08964574924714, 24.429577662921446], [93.14010256567957, 28.327408107358327, 86.89590853717225, 11.789428299878054, 10.293276607253356, 41.09350544126015, 121.02722596486241, 79.35245300387132, 63.59575614496016, 51.60224643050427, 38.206280363044115, 86.2106053075439, 84.64593202155093, 76.34444385107348, 49.814418976402706, 99.03815967342243, 40.65411335160207, 102.29209839884656, 87.57699364658734, 53.34209103793046, 85.37376969722709, 28.010250353304674, 98.990260468996, 87.49088325298727, 63.56340712056632, 8.495395147350392, 21.356950422224568, 48.75379146038231, 91.59492310289585, 0.0, 6.340416140611384, 71.86007993922283, 36.95919036160231, 77.65541214305412, 25.905705357245694, 28.63695400236879, 22.651615290764518, 56.024835229345676, 68.29425405363729, 37.22568015989765, 67.17833203103123], [87.646707861068, 27.967484760825148, 82.2952652811946, 5.525120988484645, 12.840534175122565, 40.92409587303807, 118.13620838499808, 73.87297350660943, 64.27720869162839, 47.35782520469516, 40.36358070936128, 82.58973876449035, 78.95736625757345, 78.51159704969304, 43.997648305472765, 97.29367314258813, 34.341409066732986, 100.68907893526315, 82.20732713798125, 47.624577566145234, 79.57891593301416, 21.677688018244993, 96.65487897718423, 81.7710081676761, 57.57720915450178, 12.049598148671, 21.882337844750843, 45.532485928738026, 89.16617415559271, 6.340416140611384, 0.0, 66.09869561526986, 30.774147798563348, 73.12445079101825, 22.37347067484829, 31.71717619817812, 16.369627209835983, 54.460902735241234, 63.26068219529523, 30.890274163229105, 64.88104051553465], [22.617287426510526, 61.08793470939761, 29.430218534364084, 60.72283348018415, 69.84408952320734, 62.7622026695586, 78.04853569736825, 10.363722666066785, 77.73587355363375, 30.597923663837964, 76.47154642353097, 42.979288497512464, 12.980415130945332, 99.38355951181582, 22.112585268033992, 74.63535419050797, 35.79742120676629, 78.63627173912164, 18.76113557464492, 18.525766302706185, 13.533531929292199, 48.30702814033471, 67.60272252465373, 15.698214432994757, 10.402923877104953, 71.49364496231328, 64.9011183574641, 40.470161179691836, 61.447157410447424, 71.86007993922283, 66.09869561526986, 0.0, 36.53127545272426, 25.490364817693216, 50.02900233187358, 77.38179086423624, 50.631475086558346, 54.91195047489809, 15.31172561150387, 39.65673793718836, 50.71020887123093], [58.91437375220297, 37.53454026293911, 58.131126663858005, 25.249919309376434, 37.78528091531345, 46.252757600626346, 101.27714901801508, 45.46739650006306, 68.82184070332599, 29.263678893886187, 54.933911685092816, 63.64852477011531, 49.50893607480024, 88.33220119077033, 15.014849610633007, 87.11801707160059, 5.822719258112287, 91.02615903686673, 54.13533797076085, 19.029279784556927, 49.70224329433916, 11.93144951459992, 83.53226751721895, 52.16313085416598, 27.200187688550056, 38.80097338450781, 37.49720055728503, 34.31920439471021, 76.03311028395494, 36.95919036160231, 30.774147798563348, 36.53127545272426, 0.0, 49.836791154393296, 23.21258428757647, 51.27278078651965, 14.525849860123937, 49.954363785729946, 37.76653113123605, 6.1518084727376605, 54.81612930665754], [25.591516774595092, 57.8469720561303, 9.295551959930211, 68.56143153261044, 72.32786218652754, 54.08614071197909, 53.703986229212084, 18.792192672056288, 61.69881344208371, 26.208388723241963, 69.08861948237121, 17.49148475606969, 25.61515959226169, 82.79506899384255, 35.75068380129208, 49.55294009157534, 51.90650018678187, 53.50060368672116, 19.54891866497976, 32.02007600229936, 28.858358558551505, 61.249588536637276, 42.1686938648499, 27.7036333197983, 32.92246122066432, 74.46565854475543, 63.900592013150884, 32.30588962975454, 36.276577475978534, 77.65541214305412, 73.12445079101825, 25.490364817693216, 49.836791154393296, 0.0, 52.069832598599554, 73.46524566464444, 60.84024488873569, 40.25571421410605, 12.84641142262569, 55.043503894800146, 31.211650640058526], [69.60534250905131, 14.326047979189866, 61.35498547615368, 19.260881940009746, 20.524528424168775, 24.362218318391626, 95.77323355387604, 55.95741550451245, 48.116096555145795, 25.87769574569063, 31.721375760368307, 60.367378753433336, 62.10111014442533, 66.21278228349512, 29.610404971958175, 75.67985492107836, 28.964615703379007, 79.21923626295731, 63.6628040291804, 32.13209026995622, 63.40130951204192, 23.96531904545553, 74.52815415491192, 65.05779622620064, 43.73836551920506, 22.53203970280397, 15.307420247351997, 23.159261349873336, 66.99596044913783, 25.905705357245694, 22.37347067484829, 50.02900233187358, 23.21258428757647, 52.069832598599554, 0.0, 28.818425905081384, 18.24017671586972, 33.57520001539108, 43.661820215222654, 27.691897271646177, 42.897943870077], [94.87504054448416, 16.345934522588266, 82.47855233011109, 34.10553542173003, 18.912299887172995, 21.508144947805317, 105.88733005586026, 81.79737952154179, 38.06253520044664, 48.91298312297275, 10.668520382431252, 76.16193333683353, 88.60332490523608, 47.948762749794405, 58.19181866047324, 79.83459427519618, 56.74993384901507, 82.4462966641929, 88.59018374286144, 60.34843268950879, 90.32848270367289, 48.08359349133338, 82.16680512697886, 91.58469800001403, 72.1220579157725, 20.205822962270357, 13.776640980812981, 41.16871630998228, 75.50498087565079, 28.63695400236879, 31.71717619817812, 77.38179086423624, 51.27278078651965, 73.46524566464444, 28.818425905081384, 0.0, 41.39387137371235, 39.25415576663422, 68.27283369654725, 54.68095613523573, 52.2562095107808], [72.7035633412713, 30.90867278840787, 69.68217740544745, 10.863323215934045, 25.1471975713252, 42.386925099884024, 109.58761345254081, 59.049292147224506, 66.27972730938899, 36.760250544117504, 47.32495919239863, 72.61255057943274, 63.59498921877057, 83.73008980500677, 28.605092021579992, 92.0412894988726, 18.024635061579474, 95.74730781657155, 67.59803337639887, 32.458826529077555, 63.97227128751291, 6.689745911858241, 89.85539001495492, 66.32472825007517, 41.632557718261594, 25.681571830806277, 28.213910832112447, 38.18660309883949, 82.2613291938247, 22.651615290764518, 16.369627209835983, 50.631475086558346, 14.525849860123937, 60.84024488873569, 18.24017671586972, 41.39387137371235, 0.0, 51.15927947158463, 49.761338810631905, 14.754112682493599, 59.04355623556827], [65.22666681444771, 28.216708003295267, 47.98972801210959, 52.44917869566545, 46.961918086318796, 17.753216534480618, 66.89997529296912, 54.66340811645721, 22.824839667697432, 25.71395024133114, 31.702890626867912, 38.006707756282566, 62.23229038110145, 44.47575086824862, 45.579177762973124, 43.015043010792546, 55.298086129842844, 46.28909931254596, 58.86188695492697, 44.9490453640188, 64.91203404531436, 55.806577195813176, 43.640031889668954, 64.97382859732386, 54.96028316889484, 49.3249294547338, 35.64248062492605, 16.550066607479213, 36.60649144198932, 56.024835229345676, 54.460902735241234, 54.91195047489809, 49.954363785729946, 40.25571421410605, 33.57520001539108, 39.25415576663422, 51.15927947158463, 0.0, 40.88569915298775, 55.95319892017912, 13.055207658471485], [26.60270263115645, 52.03119274467814, 20.394140968628662, 58.35172548938668, 64.18504487299155, 51.13243517834628, 66.47939488153894, 14.063661701175324, 63.60680377440954, 19.374426767358262, 65.66103320367951, 29.559111147223756, 21.51918279194168, 85.2294510797624, 23.222275808495866, 59.937336825726824, 39.382753801018914, 63.9695383619825, 20.34033670740531, 19.366947722409474, 24.05601538770466, 49.463513744799414, 53.45692657772336, 24.37513557205646, 20.623097269783216, 66.15490823126208, 57.13671383335186, 28.273964280396243, 46.91103295548181, 68.29425405363729, 63.26068219529523, 15.31172561150387, 37.76653113123605, 12.84641142262569, 43.661820215222654, 68.27283369654725, 49.761338810631905, 40.88569915298775, 0.0, 42.673225843851235, 35.550268419118524], [62.26017142501559, 41.930528142876945, 63.0628232240004, 25.47791957555886, 39.67518271326937, 51.44763385691764, 107.0227390997017, 49.159923608069164, 74.39379644029923, 35.34613832713062, 59.201777446856674, 69.34976664830765, 52.50687353214938, 93.54907174727873, 19.47961376103914, 93.24494003812016, 3.936414694387032, 97.15897671006468, 57.869311426393075, 23.44088598139861, 52.34469385296346, 9.570472782574797, 89.5718345717431, 55.006210577833365, 29.69232658614533, 40.35688551940568, 41.01023842332208, 40.44195300010024, 82.08964574924714, 37.22568015989765, 30.890274163229105, 39.65673793718836, 6.1518084727376605, 55.043503894800146, 27.691897271646177, 54.68095613523573, 14.754112682493599, 55.95319892017912, 42.673225843851235, 0.0, 60.96787738331347], [56.80147370204408, 40.29880208391425, 37.60409149171142, 62.15812841072374, 58.70688625634137, 30.749409716258896, 54.35105047503983, 48.11662759153797, 30.86185168048317, 26.441550084787377, 44.702325897591905, 25.48581473727407, 55.594810001686696, 51.62567065270368, 46.916424191157176, 33.00035648873458, 59.513059138639356, 36.714346513320365, 50.68397494338846, 45.19023621432024, 58.59312569959698, 62.704493721139755, 31.818570390736273, 58.07218847303712, 53.21424774097558, 61.078158486119904, 47.68751350125145, 20.958612025527678, 24.429577662921446, 67.17833203103123, 64.88104051553465, 50.71020887123093, 54.81612930665754, 31.211650640058526, 42.897943870077, 52.2562095107808, 59.04355623556827, 13.055207658471485, 35.550268419118524, 60.96787738331347, 0.0]]",Route_1,2115.510124903139
