instance_id,num_cities,city_coordinates,distance_matrix,best_route,total_distance
2679,85,"[[9.537457291406515, 58.39812841435917], [22.05183671763877, 36.0096468989899], [67.39911949478659, 96.74297446856774], [61.04421838198566, 0.6846936031932871], [14.206031126943607, 61.898794255677316], [18.143476669298263, 39.96205481064577], [39.44064325489583, 86.3240072098584], [75.03006432136739, 37.35595216303192], [0.03365927635781141, 23.333657680518648], [77.77958115470537, 92.30075090807186], [49.48471859944288, 89.61327710132706], [9.025101362298017, 26.120903020003695], [91.75125980113982, 57.526363139814954], [69.47116692333034, 74.97047518406688], [39.81079003628086, 76.05633091157652], [34.6061680089167, 34.203230806842996], [64.59429895341555, 14.782714187017321], [35.644715072409426, 97.31524101059422], [63.25591832063141, 94.29515340417903], [38.77305695659018, 61.63323589263572], [60.80413512900119, 39.63173318595765], [30.970197282506096, 83.81668948393342], [73.46954968498775, 26.8056623205949], [53.814327915899405, 63.24589236998228], [81.81522491605139, 19.70529829181923], [23.406335743900375, 42.04983541589694], [43.2232840948807, 96.13789057686225], [14.548683994671908, 77.68381212825015], [20.976922202221772, 55.52440545611781], [69.78849509847208, 78.85865542646991], [97.79360604690413, 20.062699211465386], [32.02957754427281, 81.9969230504489], [69.29667530153083, 63.62522053709318], [11.034116666311878, 55.77207807886854], [86.3826807779101, 99.9478739529811], [78.32176499839976, 67.0312141857242], [17.393270834826357, 20.5558884450743], [19.82978447000181, 93.1799616671287], [37.40124262506712, 89.09907721374748], [48.06366794057196, 54.88847154799742], [94.43490230770801, 60.77336635271385], [40.64248845143767, 75.72707706381897], [79.05315388381166, 77.26521044019813], [64.1799501793357, 15.268551653031459], [65.40338147876112, 30.803041866965543], [78.16726897759186, 85.53261373052995], [38.590381032030976, 3.757496979530972], [38.05490765625999, 34.58962645388207], [17.043746944400716, 6.085310726988014], [79.97641426713753, 94.72763129458333], [32.57015138837347, 20.897823016635876], [54.8491377311761, 44.02996085070099], [14.9118861110494, 70.8492123206944], [76.71460331322166, 9.947272110250916], [34.14509399922617, 22.94834076420288], [43.411200603927114, 92.15864300442868], [50.30315623683548, 82.93630459305027], [21.37450908843226, 27.019442781397686], [53.32482606852085, 26.01797198617576], [43.2856312247123, 59.88463751129537], [54.534391206151525, 76.06058588797119], [29.949396901271907, 37.76429294194041], [79.91772602318356, 20.222579125435004], [8.389073729379815, 54.195594588637164], [87.226311424072, 51.351566773560364], [0.7785262728106646, 49.17452575040133], [71.3210373753689, 78.1593419509388], [88.60161635488618, 5.147894037393774], [25.509049128092, 50.43572462799727], [11.677606038374854, 57.68443918256023], [31.816941481400494, 39.6219103996807], [43.41625970111747, 14.25821093783406], [91.0889461107211, 13.843255104517416], [43.40920104502928, 99.43911347659949], [32.44603407809702, 24.52037044906179], [57.35056755542281, 84.58100021139373], [32.06871659587252, 21.080929161393414], [40.09739173974547, 65.47719107450925], [66.74948523674664, 74.94165140028296], [70.54608170357079, 38.303943110374725], [2.094340681279816, 43.12744541707537], [26.741537869012998, 88.61225177453836], [53.80911017219853, 47.80244139100848], [7.732904672519469, 74.11008099923839], [73.84890414262773, 51.50639841352083]]","[[0.0, 25.648660725030783, 69.41396957283898, 77.35494163752367, 5.835258605274765, 20.34581970465153, 40.91522011755451, 68.78993209018891, 36.32959240832743, 76.199575335595, 50.69683612970391, 32.28129160606989, 82.21842432084996, 62.18273255252781, 35.04692270249436, 34.84011089644236, 70.23930646025876, 46.86289109382576, 64.60858656918681, 29.414047803369193, 54.59349637431451, 33.24854268045075, 71.3119649968156, 44.54146481277327, 81.98299089258636, 21.43857442773697, 50.58680238477184, 19.926113253310593, 11.794898943462677, 63.63034435268882, 96.22241384065671, 32.60059173919602, 59.98738725133071, 3.022603124629923, 87.3588560308279, 69.3239580279868, 38.64904827187754, 36.27268839188399, 41.46008671364523, 38.685741537464025, 84.93066540160707, 35.60639584066497, 72.03054113983224, 69.61294721974248, 62.309632376265846, 73.79926385442303, 61.88433550968513, 37.14955909447545, 52.84860715995059, 79.25578489519299, 44.0088389109162, 47.535172487466134, 13.561488693355471, 82.82665286148911, 43.153484549746466, 47.82470942294193, 47.58113387347796, 33.537109405816324, 54.459234246697186, 33.78089627478723, 48.33928491129221, 29.024170012932988, 80.06718922422738, 4.356612831302637, 78.00776940410584, 12.719815984953978, 64.86691243176055, 95.3243342993643, 17.84633351293057, 2.2560117417105596, 29.136262263834187, 55.64265960170024, 92.9289086576553, 53.21332051084686, 40.896275810236865, 54.51271676094422, 43.591639174624234, 31.369136450229306, 59.55589218880168, 64.23261271110955, 16.988047094221173, 34.768860190476516, 45.52194890702882, 15.815241515191127, 64.67965784156489], [25.648660725030783, 0.0, 75.79520521078, 52.61423907278625, 27.051887479864664, 5.558489594087959, 53.23443853636528, 52.99533128395803, 25.406314972906504, 79.21028904507476, 60.21554765349168, 16.354910257236874, 72.94503859729642, 61.37213551617434, 43.80773131968454, 12.68362618769283, 47.544124405031425, 62.79444411207386, 71.3791048508772, 30.59685472715791, 38.921204262375056, 48.631784625731996, 52.234993432679026, 41.84099562003439, 61.94751288355581, 6.19019748731164, 63.746653808909215, 42.34422449803337, 19.54434042781826, 64.14691017622313, 77.40233046670033, 47.05725108667132, 54.72380359751614, 22.62617601957631, 90.70035488527417, 64.25451319282847, 16.14065941764684, 57.21348098900553, 55.263838745209306, 32.14071224628253, 76.50196066375692, 43.85301119404999, 70.36456268450267, 46.957118478922126, 43.66308703166893, 74.84294209555901, 36.24533932061293, 16.06594963054059, 30.340515132604327, 82.48065455468361, 18.41201142091429, 33.76371409748324, 35.56366422962859, 60.557951018110494, 17.80012892159188, 60.07438879652009, 54.77452196880645, 9.015683157324158, 32.83037359677382, 31.951356871129903, 51.56737398780649, 8.090132235640487, 59.98076903481964, 22.74642358358618, 66.9558560448393, 25.017349429033693, 64.83865302752642, 73.35748741237275, 14.834555480173789, 24.029591813480742, 10.411806694597479, 30.488744411491535, 72.50842294891314, 66.92857567088204, 15.493315078156447, 60.04312418051453, 17.977889080306177, 34.553989867916336, 59.27546505617994, 48.54848701927968, 21.188787218369605, 52.81124252071973, 33.87616299403859, 40.70227135603273, 54.06556668834582], [69.41396957283898, 75.79520521078, 0.0, 96.26826107791001, 63.589476682997926, 75.16775364045057, 29.836743662715495, 59.87528486165664, 99.63449714696641, 11.291028936038929, 19.281035863965666, 91.62424880247688, 46.16242348069233, 21.87087345397355, 34.48264989766681, 70.61584244649961, 82.00823912076632, 31.759560595433452, 4.812270143371621, 45.30060925982145, 57.49076186332427, 38.65430399130692, 70.20026889675776, 36.14693723348049, 78.37491720078934, 70.19048711604032, 24.183406372952184, 56.182027390139304, 62.08051894841014, 18.043225414959224, 82.48447991150721, 38.32036704175677, 33.17207173972418, 69.6823356011366, 19.252194152753052, 31.65585070571884, 91.13208533197316, 47.70258583057563, 30.9564497630639, 46.10487069207992, 44.99718058184934, 34.02330449143394, 22.698013329043313, 81.53799497293467, 65.97012719202874, 15.544298992266544, 97.34599342386731, 68.73224452801578, 103.70378748999235, 12.737737314748323, 83.4598347597455, 54.18638064075106, 58.5268877222216, 87.29417040470142, 80.94120196303464, 24.422046345209242, 21.974896877317445, 83.54421364755613, 72.11180008558223, 44.04540066575443, 24.35697910947082, 69.86391484128652, 77.53764513371651, 72.74933014043856, 49.5327914853897, 81.86000705289985, 18.99296810433554, 94.01704437119773, 62.44308915423417, 68.04745579785748, 67.29715709105545, 85.90060406425465, 86.21816140310196, 24.14094763625978, 80.23604371792489, 15.776153330589013, 83.5043859271146, 41.50823472101128, 21.810999798196892, 58.523702524937555, 84.49460983608638, 41.46260478049644, 50.79236292301927, 63.814614768177826, 45.69406455096297], [77.35494163752367, 52.61423907278625, 96.26826107791001, 0.0, 77.07776530252308, 58.16515058795437, 88.3221744144275, 39.247739947704744, 65.07890515487553, 93.1320263025847, 89.67672495250459, 57.90500224508925, 64.6057101843804, 74.76222847668286, 78.30544163631701, 42.69031323147421, 14.538131119424193, 99.91294941411316, 93.63658366669821, 64.89013359859861, 38.94777955454942, 88.40461234690946, 28.925661007569687, 62.97757463803513, 28.164128162596842, 55.92571114132896, 97.10251547390192, 89.94831277793726, 67.91746623121855, 78.66149428050295, 41.54545215905932, 86.33381747973743, 63.47923263498013, 74.40181585138164, 102.44616464145535, 68.55927661878121, 47.961125989793565, 101.26205694584993, 91.52100049647879, 55.7363815945359, 68.74290047580527, 77.76625167520038, 78.66954504083338, 14.917162247650918, 30.432173846805, 86.55846816825371, 22.663118327534985, 40.96404373659515, 44.33066830138649, 95.92967304572883, 34.919093514026, 43.78574216600535, 83.97173195554937, 18.20319544729755, 34.91751533928347, 93.15796656765916, 82.94997243177806, 47.61517457401552, 26.48327795645521, 61.80615484355022, 75.65648014271923, 48.39198911017684, 27.16501907532145, 75.07316952587539, 57.031868572987584, 77.3512602810212, 78.15327341339957, 27.91648869669445, 61.1384767714561, 75.40579162370028, 48.6861434792297, 22.248265102883632, 32.79989946749797, 100.31664508449113, 37.228962330151695, 83.97757628632625, 35.43425078511796, 68.09432630513757, 74.47580715348302, 38.80068736589154, 72.63935064731076, 94.38182757475269, 47.670000497204654, 90.73799470832722, 52.409976695824426], [5.835258605274765, 27.051887479864664, 63.589476682997926, 77.07776530252308, 0.0, 22.287306137759487, 35.11946293873653, 65.5889785865041, 41.08680911109936, 70.46896644216093, 44.862883870568226, 36.15106546836319, 77.668401837532, 56.78999979650194, 29.258153102484364, 34.39781707538498, 68.98479930817112, 41.39978103876201, 58.78278251148213, 24.56846107021568, 51.644993031940665, 27.594046425417897, 68.87446944182396, 39.63119791088291, 79.69500728693887, 21.87754035690693, 44.88113954320493, 15.788736498694451, 9.299343983380288, 58.11236694610554, 93.47267798425564, 26.862866338905743, 55.11768884193298, 6.8991080913937735, 81.59167372134326, 64.32082916298367, 41.465580398927216, 31.782668803717634, 35.74735276131315, 34.575774685021514, 80.23676438456661, 29.834672468316825, 66.64289966830839, 68.35036291517878, 59.90087227801297, 68.18795619724294, 63.04765633429174, 36.25685532057611, 55.88557572994948, 73.50833857281059, 44.925722648845195, 44.39771752801944, 8.978207771998331, 81.27903942588067, 43.75733144761401, 42.05473065514317, 41.78013023429032, 35.60837311013635, 53.082139410697536, 29.149270475212376, 42.74263642915303, 28.81540767657227, 77.81345483731438, 9.652786047321243, 73.7780817196457, 18.498780922053275, 59.38458848983913, 93.57012224526396, 16.098452758676075, 4.914643640266465, 28.397248420336073, 55.882578968940294, 90.6659663794051, 47.561546447453985, 41.59139663349919, 48.74354819507815, 44.55528748663894, 26.137472681481164, 54.13807063687777, 61.08124343483764, 22.339574361927, 29.50843509731516, 42.037019803382435, 13.820886007359878, 60.5415080164435], [20.34581970465153, 5.558489594087959, 75.16775364045057, 58.16515058795437, 22.287306137759487, 0.0, 51.01960343673352, 56.94625207778334, 24.585952841467588, 79.34610303835419, 58.715562849065, 16.574747392672567, 75.67437257530676, 62.129874326736136, 42.09832818287733, 17.440878993053154, 52.836333002124135, 59.964000141155445, 70.62023785374518, 29.920221795939653, 42.6619372812717, 45.69194397283633, 56.86884049011085, 42.597496641783025, 66.81637306424923, 5.661847180451338, 61.520088300791855, 37.89265772549858, 15.818191148189744, 64.65410635076967, 82.09827929458683, 44.2691082522291, 56.36129117138778, 17.334931075542467, 90.85641130681834, 65.98610289669992, 19.420661724110047, 53.24461704420463, 52.7760222094285, 33.43674269911312, 79.07902575298978, 42.253311680184574, 71.42488500724951, 52.24103742686861, 48.139236810547715, 75.3626663762622, 41.57939280178673, 20.62348346902381, 33.89458946760477, 82.59891367080017, 23.907611284813488, 36.93038604645465, 31.05575110324523, 65.81385915512351, 23.35633153617188, 57.99087593671934, 53.675237626368855, 13.339819212910347, 37.843953167789685, 32.07861027464484, 51.25819550832029, 12.008743054760556, 64.85140540931263, 17.25520302187004, 70.01542001951246, 19.657342727040078, 65.47431334138467, 78.58991817211452, 12.804273391670478, 18.86505740361571, 13.677694915010669, 36.04720727062346, 77.48053439489432, 64.62102858809746, 21.047773382350243, 59.397359069471754, 23.460801623037373, 33.66001434170714, 59.88419028785997, 52.42883127429544, 16.358314817033616, 49.40413263098123, 36.51724352812974, 35.69968769999147, 56.889072054372726], [40.91522011755451, 53.23443853636528, 29.836743662715495, 88.3221744144275, 35.11946293873653, 51.01960343673352, 0.0, 60.53492633939218, 74.30137630026205, 38.80200541878714, 10.568951979541781, 67.45012188806535, 59.713523656145796, 32.10506254878004, 10.274345974614102, 52.34450767518128, 75.8344446961912, 11.62825400604202, 25.113870631742117, 24.69979473001894, 51.347514434274245, 8.833747627700891, 68.55946215647603, 27.188273120896802, 78.95351511404905, 47.088228947353464, 10.517636543704878, 26.34886348328699, 35.90994936365101, 31.252577314029576, 88.29286043765603, 8.581815209487143, 37.504900559598866, 41.717515823128224, 48.879081741031555, 43.40453306631987, 69.36520796831785, 20.774741726462437, 3.4438595289922485, 32.59677065412942, 60.63995198694173, 10.664865699880608, 40.635117783020846, 75.23902625293502, 61.29144612984478, 38.734711093603174, 82.57088807480754, 51.7529362969258, 83.30587840970927, 41.39770077328285, 65.785934944891, 45.01342088151172, 29.002227567610962, 84.98678581347386, 63.59652458546937, 7.0574995938524285, 11.378519996147828, 61.995294706696164, 61.883668417460605, 26.71748870207165, 18.252644861679755, 49.47857725447466, 77.50995435575364, 44.681482378692436, 59.21605924447378, 53.617564866776476, 32.90928878093391, 94.90185786340939, 38.49750825169743, 39.88748039518375, 47.320256499710624, 72.17537335163833, 89.00003715528966, 13.702388964028877, 62.19818385127212, 17.994539778702418, 65.65824042650024, 20.857158520599246, 29.58599118105514, 57.21428892508258, 57.102445364781005, 12.90361735288, 41.114035008614856, 33.978826929233286, 48.950937678588176], [68.78993209018891, 52.99533128395803, 59.87528486165664, 39.247739947704744, 65.5889785865041, 56.94625207778334, 60.53492633939218, 0.0, 76.29603864047897, 55.01355062118561, 58.16693818449799, 66.95432371754926, 26.20007361144414, 38.023067766579175, 52.32701593296679, 40.546652698213386, 24.86878106254368, 71.73787043513211, 58.1438143917863, 43.63435674256232, 14.406812300107395, 64.03024282230972, 10.665074856267294, 33.47232401769803, 18.90989123123156, 51.83668481135259, 66.83552612244004, 72.69342236816644, 57.024861841267075, 41.8323848960514, 28.587329877711856, 61.98272456772367, 26.887659075517103, 66.59305526867314, 63.613132085823906, 29.85726828533745, 60.03534046157826, 78.50726675144514, 63.97874031477914, 32.16482192940554, 30.41254715750137, 51.52522295305448, 40.11152136058925, 24.60849930784656, 11.645327642467716, 48.278698955587835, 49.565176373587796, 37.07849468813883, 65.88069534214051, 57.584511321706216, 45.53805245371036, 21.255874246941058, 68.81855728883318, 27.46039719033199, 43.3492798609393, 63.26995705893733, 51.85545787152563, 54.6421269127691, 24.488102460248243, 38.926221190208935, 43.7963615866374, 45.08251675797368, 17.816893908783697, 68.73569075890356, 18.56409630756821, 75.18623267737473, 40.97161821395398, 34.95062278161855, 51.21924827160076, 66.53406161509638, 43.27249186622265, 39.152755870737124, 28.47340175128207, 69.67207412606088, 44.47641835507632, 50.42588391954201, 45.9407637299898, 44.84524157155569, 38.48704687462721, 4.583097964580939, 73.16371995247847, 70.42009682472927, 23.65286520046477, 76.6796823370506, 14.199657335859053], [36.32959240832743, 25.406314972906504, 99.63449714696641, 65.07890515487553, 41.08680911109936, 24.585952841467588, 74.30137630026205, 76.29603864047897, 0.0, 103.92732228327706, 82.69459002100731, 9.413541701575335, 97.88390752646569, 86.53281683915135, 66.04468490439578, 36.240943420548156, 65.12445646713633, 82.10616278291428, 95.03992799871172, 54.475670017479054, 62.91802603815304, 67.935752884168, 73.51792173564905, 66.97273174377014, 81.86201481965291, 29.942900899523547, 84.6510485439478, 56.255001831530834, 38.40396469551172, 89.15583264855984, 97.81465310415572, 66.82153462522359, 80.12974120966989, 34.252900325786676, 115.43782590346714, 89.65770430961997, 17.580446962073964, 72.59747070850587, 75.6401129805101, 57.468147790717225, 101.55454923991783, 66.28836550741923, 95.66970738477002, 64.65131531410692, 65.79507793858232, 99.86776806685934, 43.24172591762839, 39.65239162261397, 24.224957277648084, 107.18182469020388, 32.62754372405361, 58.592436740101085, 49.790456580634654, 77.84062240900003, 34.11361089035443, 81.35410067391449, 77.97113468226166, 21.65679760517191, 53.3587293829388, 56.627795330659744, 75.8317792160852, 33.21437326957849, 79.94462414563729, 31.972990169867703, 91.58363291821435, 25.851601293681732, 89.9318960767044, 90.41573436270728, 37.19566535126713, 36.27061739201153, 35.713921716449356, 44.32170747155011, 91.5485281233005, 87.5983905426063, 32.434092055789726, 83.88363929733312, 32.114166394995735, 58.14791540397904, 84.34682240224657, 72.08405622885749, 19.900764829836433, 70.53088419842612, 59.080627072854504, 51.356825687654634, 79.00882036251616], [76.199575335595, 79.21028904507476, 11.291028936038929, 93.1320263025847, 70.46896644216093, 79.34610303835419, 38.80200541878714, 55.01355062118561, 103.92732228327706, 0.0, 28.422205447205094, 95.4303450586468, 37.47620376794224, 19.21895428243044, 41.297824155966005, 72.38277035710674, 78.63140392880194, 42.43220534878322, 14.65995987151192, 49.618599408287885, 55.3370689103062, 47.57202662009959, 65.63675037927617, 37.663220354458495, 72.70753854399881, 74.03785737246406, 34.768682852887196, 64.89839177480275, 67.66861642499887, 15.638010976292021, 74.95930432779603, 46.89596676553453, 29.90394177647395, 76.08745605179854, 11.510508850210195, 25.275352608468996, 93.7754326243455, 57.956465966769585, 40.50507297683831, 47.77775784887944, 35.65635566923636, 40.66755855896407, 15.089382514118721, 78.22345993840008, 62.73068257020174, 6.779231719158117, 96.82820468494236, 70.06156985341588, 105.46062622059316, 3.2735033426456788, 84.51195567058251, 53.44038181340447, 66.42676860925773, 82.36036454451859, 81.93732520704529, 34.368674346552716, 29.02837889125507, 86.27387406121994, 70.65013678638012, 47.335367216548995, 28.35633642811515, 72.53931191573999, 72.10987804043151, 79.16467304847987, 42.024711707093196, 88.25550265719784, 15.546454098684016, 87.82218914713327, 66.96931344859786, 74.6174252554842, 69.91154756581042, 85.27294944077389, 79.57837547535878, 35.103835246926714, 81.54330423594092, 21.838936500171755, 84.62710055499133, 46.254197228463816, 20.56699666165886, 54.4791590119654, 90.25668727817967, 51.17115289193986, 50.54387231900199, 72.37014134249121, 40.98328216752482], [50.69683612970391, 60.21554765349168, 19.281035863965666, 89.67672495250459, 44.862883870568226, 58.715562849065, 10.568951979541781, 58.16693818449799, 82.69459002100731, 28.422205447205094, 0.0, 75.28786219211548, 53.06628451972331, 24.77639531068921, 16.654599479932063, 57.37285506257915, 76.34076607256195, 15.838748236143926, 14.545305341451925, 29.960347147371763, 51.24728210094305, 19.400719770189657, 67.23145541074479, 26.7204882890246, 77.02199127469282, 54.24355295630591, 9.043016258973399, 36.91664459901012, 44.43811005734789, 22.976188271596264, 84.68194312381591, 19.04444271393132, 32.67862776114118, 51.221826795788374, 38.31792667942532, 36.62683183869222, 76.14974686530388, 29.868651744151695, 12.09441164950586, 34.75387036995492, 53.40654891859949, 16.46242951304521, 32.04320700918665, 75.78316457610576, 60.92657545099939, 28.97137397053891, 86.54421743452833, 56.198244712526176, 89.60657235134018, 30.91763450695067, 70.76663206627178, 45.89788353536028, 39.33663525725471, 84.19108606476016, 68.40700124774067, 6.585325232858753, 6.7269459669737826, 68.61612036266463, 63.71113919922683, 30.368086804300724, 14.46287082703559, 55.4070929774461, 75.77095028066445, 54.25185952440746, 53.743709456512434, 63.305495668076745, 24.658009816551683, 93.08347128328849, 45.931615956767466, 49.48563883641546, 53.02157195888573, 75.59902241368648, 86.44077729987866, 11.55244450441614, 67.28598120454565, 9.33784720881894, 70.7106769869197, 25.89734647149677, 22.656759868791795, 55.46376087499853, 66.38358582212093, 22.765199789192923, 42.033871404734676, 44.5372097865173, 45.229942963814565], [32.28129160606989, 16.354910257236874, 91.62424880247688, 57.90500224508925, 36.15106546836319, 16.574747392672567, 67.45012188806535, 66.95432371754926, 9.413541701575335, 95.4303450586468, 75.28786219211548, 0.0, 88.48683639607313, 77.71748543552239, 58.66264216557131, 26.827504416785793, 56.714109769378545, 76.00814164281346, 87.11320177454444, 46.32565863640364, 53.5127168959551, 61.72836471702866, 64.44808620056591, 58.17507756338495, 73.07230714161818, 21.460447097195324, 77.9223603899959, 51.857917050359326, 31.73975388846304, 80.45781843440108, 88.97499231428304, 60.426281855247055, 70.98757960048415, 29.71915753959406, 106.93276733621654, 80.47161705080308, 10.049659075816047, 67.92391716984858, 69.07572524224528, 48.49311991921269, 92.17172729508425, 58.825433866736475, 86.71602113477779, 56.21237299938963, 56.57236863586859, 91.1613443960358, 37.07057716950974, 30.239856647551672, 21.580631026532206, 98.69636248343933, 24.117419958444483, 49.199356312044586, 45.114032047428296, 69.59493524078462, 25.319541491627696, 74.45392483479759, 70.22725731602986, 12.382053338970483, 44.299844286914315, 48.10170135506456, 67.56528240927462, 23.94566083190397, 71.13757415089748, 28.081895196438126, 82.17064955670448, 24.484189218801177, 81.17131741023601, 82.29391741890917, 29.37568865191037, 31.67479433463813, 26.49047331175535, 36.37959916384622, 82.97719718832356, 80.98040686209023, 23.47555736907284, 75.84809586541785, 23.588334818899405, 50.14383948930946, 75.60138865189742, 62.715687734368814, 18.364583521576098, 64.95414376048187, 49.75637196599647, 48.006572210560286, 69.6171586843169], [82.21842432084996, 72.94503859729642, 46.16242348069233, 64.6057101843804, 77.668401837532, 75.67437257530676, 59.713523656145796, 26.20007361144414, 97.88390752646569, 37.47620376794224, 53.06628451972331, 88.48683639607313, 0.0, 28.29663555365252, 55.14682316341305, 61.72139027730118, 50.64109051239742, 68.7829860039008, 46.51804406459475, 53.13714689787277, 35.74831893471886, 66.22324984606472, 35.748879473279224, 38.36565932549719, 39.104446492361866, 70.0753277179567, 62.01463115401987, 79.79072916620572, 70.80264611674438, 30.617474219602546, 37.94780709197862, 64.54058904232366, 23.26809890391598, 80.73620446815272, 42.75986693618485, 16.452766456184335, 83.04171555470694, 80.27376720793887, 62.855076493738316, 43.76715840245671, 4.212477533190576, 54.25285703278279, 23.470491827729745, 50.456909793544824, 37.52794414756555, 31.126755032353742, 75.61196994964766, 58.39000020094846, 90.70498525758684, 39.02026831881859, 69.59923522941142, 39.2927409074005, 77.98581703990682, 49.898606609154854, 67.18712651844768, 59.46558779505134, 48.61697660009459, 76.70436252673898, 49.692751206771455, 48.52296993506694, 41.57658861540829, 64.884587356319, 39.135723111570854, 83.42870061198516, 7.655277132791449, 91.35530325818853, 29.03642200731279, 52.47308147375965, 66.62062465451463, 80.07380979417961, 62.55151429322509, 64.87222232699405, 43.68812867413747, 63.98150737184047, 67.87124097556423, 43.7648376446135, 69.93050565614466, 52.26220192979866, 30.46934519421008, 28.620988975537625, 90.80579264370387, 72.05967261862128, 39.168372095887285, 85.63938169183572, 18.88741150686577], [62.18273255252781, 61.37213551617434, 21.87087345397355, 74.76222847668286, 56.78999979650194, 62.129874326736136, 32.10506254878004, 38.023067766579175, 86.53281683915135, 19.21895428243044, 24.77639531068921, 77.71748543552239, 28.29663555365252, 0.0, 29.680246625369954, 53.6426729704473, 60.38501813392078, 40.54031826052942, 20.299569047253883, 33.470224191764345, 36.38604301284824, 39.50417915515818, 48.33048999215708, 19.560226222335444, 56.626986010727116, 56.619229898816144, 33.719591150949206, 54.989465613164924, 52.247884157495065, 3.901107889837453, 61.78207199638045, 38.09519109873237, 11.346596420546414, 61.50989590423797, 30.16404730991848, 11.889699385864546, 75.31968209558751, 52.875819141214684, 35.04422120420753, 29.352476603106396, 28.71839103276004, 28.83860518194686, 9.852932761699215, 59.93593786650486, 44.35435766915854, 13.68140934307618, 77.6203014811459, 51.16243045933072, 86.56673869290601, 22.376448318039333, 65.46401041741264, 34.2216183853048, 54.714714020474794, 65.42541026782416, 62.88269951137217, 31.217862796632183, 20.757337783314266, 67.91605114675833, 51.546599231561636, 30.22027098013538, 14.97650193376509, 54.27955695020736, 55.735650349426145, 64.51835221631764, 29.54823160099623, 73.37649410216912, 3.686582692167023, 72.3959041205859, 50.345027419706206, 60.323318214505086, 51.64650739350749, 66.06691471729644, 64.83722242391681, 35.74829122255387, 62.57853889297959, 15.468391006765897, 65.59745773296243, 30.86974427688973, 2.721834310459907, 36.682284772024154, 74.52258220964285, 44.85442305574664, 31.359242367385683, 61.74425725444583, 23.868964825800482], [35.04692270249436, 43.80773131968454, 34.48264989766681, 78.30544163631701, 29.258153102484364, 42.09832818287733, 10.274345974614102, 52.32701593296679, 66.04468490439578, 41.297824155966005, 16.654599479932063, 58.66264216557131, 55.14682316341305, 29.680246625369954, 0.0, 42.175467736879575, 66.09597885464649, 21.663273972387298, 29.70401801417305, 14.460378967028472, 42.041311321784484, 11.76347080625646, 59.6535033149615, 18.979104530347964, 70.28379206390214, 37.75642801601439, 20.36944167841646, 25.314476031870008, 27.861703833386052, 30.10840121099919, 80.60579224528149, 9.78968348856154, 31.999217725095598, 35.20721294313289, 52.34259103397097, 39.55436669254367, 59.85686494567774, 26.314621671081778, 13.263451655948423, 22.7197769297896, 56.72180045757479, 0.89450005591811, 39.26097948417375, 65.49053422643195, 51.9888536716941, 39.50973820262576, 72.30913348997592, 41.50386369380862, 73.5818042509126, 44.29328197195203, 55.63171614489167, 35.381354986330095, 25.437560824446535, 75.71194813222307, 53.40935057719606, 16.49992154500232, 12.546863605870282, 52.38809838770328, 51.83113479201391, 16.54080375064999, 14.72360178469388, 39.54146237092472, 68.74572097791958, 38.278140605996676, 53.46547521149594, 47.393555081091925, 31.58034741420975, 86.07294088615927, 29.34203911358486, 33.6006316542224, 37.301053775409855, 61.90320705579901, 80.62205710455132, 23.658044768556504, 52.05953179886933, 19.501635369687417, 55.517875488447075, 10.583021318539076, 26.961747152521394, 48.681628347516394, 50.06837376886059, 18.123368917742535, 31.531495994768513, 32.13687318535974, 41.96775425938087], [34.84011089644236, 12.68362618769283, 70.61584244649961, 42.69031323147421, 34.39781707538498, 17.440878993053154, 52.34450767518128, 40.546652698213386, 36.240943420548156, 72.38277035710674, 57.37285506257915, 26.827504416785793, 61.72139027730118, 53.6426729704473, 42.175467736879575, 0.0, 35.72736294950041, 63.120554591681845, 66.5721214501072, 27.744695754483562, 26.754478490620624, 49.74651309415238, 39.56117357724246, 34.81995975993174, 49.38506961897761, 13.674993479169462, 62.53124635305953, 47.883855494615155, 25.305114694152056, 56.84982926443706, 64.75034331649813, 47.863094725466816, 45.48719353736677, 31.95084939625802, 83.68491726070343, 54.6692775960228, 21.966651603399495, 60.799640570119244, 54.966957300184404, 24.677590825078855, 65.46334509266478, 41.96030233992332, 61.88593251544817, 35.11596028191709, 30.98434511707536, 67.32217367947649, 30.705319762169633, 3.4703179611108115, 33.152014467667975, 75.64167039358652, 13.460283806177067, 22.502054273580715, 41.60279678803101, 48.594977683579785, 11.264330389079138, 58.62046060882889, 51.1987101407774, 15.056015680868787, 20.43004213196082, 27.108443924981017, 46.359165805549786, 5.86231018277094, 47.41936219643963, 32.970147740732386, 55.34387878942823, 36.992553544103416, 57.27234358316197, 61.3165641313044, 18.60783242577353, 32.818989942117824, 6.094413273780823, 21.804163207978114, 60.040260098511915, 65.82715076879087, 9.920885207851628, 55.27411112726459, 13.365382903146795, 31.752387766679604, 51.89230920721222, 36.173101025147425, 33.7143963699717, 54.97448471700845, 23.530650569816927, 48.11163034678455, 42.88813295638847], [70.23930646025876, 47.544124405031425, 82.00823912076632, 14.538131119424193, 68.98479930817112, 52.836333002124135, 75.8344446961912, 24.86878106254368, 65.12445646713633, 78.63140392880194, 76.34076607256195, 56.714109769378545, 50.64109051239742, 60.38501813392078, 66.09597885464649, 35.72736294950041, 0.0, 87.46254278700026, 79.52370246021653, 53.49493361382214, 25.136409588992553, 76.78717313764635, 14.94394049007723, 49.647632523248255, 17.91067070992691, 49.39579145492856, 84.1153077715733, 80.38104066763127, 59.68551718903237, 64.28612540288225, 33.61654701699979, 74.6874216558055, 49.06834794321605, 67.44494850532818, 87.9081226081646, 54.021746326188556, 47.55277695850937, 90.27729597962927, 79.1352268335504, 43.37895267500814, 54.823368148758405, 65.48209368050121, 64.13361695653064, 0.6385318707507912, 16.040745416149925, 72.04008467994966, 28.244630670879, 33.11575250497583, 48.33942307587622, 81.41129677667737, 32.60276956434329, 30.828065211002052, 74.91191066054132, 13.049263498454541, 31.52509381017398, 80.22317630237043, 69.63582874769975, 44.918679440360194, 15.913266066930676, 49.882289521646214, 62.09814251716411, 41.57429735150504, 16.260367391628186, 68.64694082067294, 43.00568529820522, 72.49309998499133, 63.732612974238286, 25.86853393856224, 52.90362849004385, 68.12293590750409, 41.12591435262506, 21.18453327855683, 26.5112978059885, 87.26691420042926, 33.59066661993138, 70.17315994386261, 33.12976033056637, 56.303005691806675, 60.19752947210954, 24.26256227132721, 68.62702508868453, 82.96765720508229, 34.73647480203602, 82.17636285720701, 37.871845748209], [46.86289109382576, 62.79444411207386, 31.759560595433452, 99.91294941411316, 41.39978103876201, 59.964000141155445, 11.62825400604202, 71.73787043513211, 82.10616278291428, 42.43220534878322, 15.838748236143926, 76.00814164281346, 68.7829860039008, 40.54031826052942, 21.663273972387298, 63.120554591681845, 87.46254278700026, 0.0, 27.775879355387595, 35.81887787441612, 62.93157786468524, 14.285027472358584, 80.01449119072188, 38.611596026037084, 90.30514485915725, 56.60426648349817, 7.669476023312806, 28.81727827528825, 44.290157868583144, 38.812926530889946, 99.14857469366757, 15.739125912052817, 47.61797881858582, 48.285773684162066, 50.80621930572971, 52.33022903747813, 78.89938797630431, 16.346637734025354, 8.401829359125351, 44.20702610868525, 69.22134583113582, 22.159119146323714, 47.81523068978199, 86.86724858739318, 72.86597876379788, 44.124799107078786, 93.60410469700366, 62.77190255049203, 93.10690734231721, 44.40715345002706, 76.47924368552908, 56.640364859125526, 33.61994752160701, 96.53961730752904, 74.38201876542378, 9.322488965317362, 20.533477783140196, 71.72961750563744, 73.45670081874844, 38.20253496782964, 28.435545164798786, 59.8226718305526, 88.90094496228286, 51.01150745248036, 69.08922080581036, 59.44055507119894, 40.493807450625724, 106.29794561288713, 47.96270197143789, 46.31439051722697, 57.820171632780514, 83.41982468468383, 100.20795969649302, 8.049725254371465, 72.86511332711723, 25.165550277042637, 76.31813721668914, 32.14790433662013, 38.315587415918216, 68.55974527805068, 63.73338852650113, 12.450244413584095, 52.739573144940145, 36.298052440207215, 59.64905801935546], [64.60858656918681, 71.3791048508772, 4.812270143371621, 93.63658366669821, 58.78278251148213, 70.62023785374518, 25.113870631742117, 58.1438143917863, 95.03992799871172, 14.65995987151192, 14.545305341451925, 87.11320177454444, 46.51804406459475, 20.299569047253883, 29.70401801417305, 66.5721214501072, 79.52370246021653, 27.775879355387595, 0.0, 40.81925227269263, 54.71837671909333, 33.94357065895598, 68.25796416805987, 32.45304670043194, 76.86412913047039, 65.70816146595807, 20.117209406632604, 51.46194064227763, 57.36448735265217, 16.761862342060954, 81.8737389457136, 33.56085261304732, 31.259167087013665, 64.89332708794207, 23.807570043123764, 31.149672836574435, 86.83813465935499, 43.44045066321461, 26.3716412667011, 42.233766662763216, 45.78033693181121, 29.25988156897397, 23.228680737292194, 79.0320037656289, 63.528417463915176, 17.295388979352538, 93.83739105816484, 64.80617938837622, 99.58183131696718, 16.726088060954844, 79.5536573655732, 50.96335489660651, 53.72948542068252, 85.41487739559405, 77.05717206435479, 19.959396231948467, 17.227811582249874, 79.2469158962994, 68.99565273049355, 39.78562517678757, 20.21297819995238, 65.61297549768146, 75.92339623723953, 67.95840825535612, 49.18059961239719, 77.06682526851579, 18.03913957542345, 92.68030136686279, 57.866014433444796, 63.25082366027353, 63.06800112043051, 82.45922758248386, 85.13040218384383, 20.50250013643068, 76.27430303498085, 11.368286586511207, 79.57992324005912, 36.97015426302502, 19.666292218213986, 56.4638124139255, 79.7425414693308, 36.9539625845146, 47.44274923033984, 59.078271746566195, 44.080482101215644], [29.414047803369193, 30.59685472715791, 45.30060925982145, 64.89013359859861, 24.56846107021568, 29.920221795939653, 24.69979473001894, 43.63435674256232, 54.475670017479054, 49.618599408287885, 29.960347147371763, 46.32565863640364, 53.13714689787277, 33.470224191764345, 14.460378967028472, 27.744695754483562, 53.49493361382214, 35.81887787441612, 40.81925227269263, 0.0, 31.135743556093967, 23.51574434991813, 49.16102611386037, 15.12747477225749, 60.08810343244685, 24.892683564872296, 34.790454387088616, 29.05927120375506, 18.815425094793014, 35.47777446866558, 72.19096020197188, 21.451206708379686, 30.588548178874905, 28.351401717472612, 61.112091848527484, 39.915391485352465, 46.30813889523143, 36.797329788888156, 27.50007843691836, 11.480735974683284, 55.668486628589456, 14.217282900486568, 43.2069998579165, 52.86959587390658, 40.739109560919566, 46.07693785175034, 57.8760272067052, 27.053143068660436, 59.6467509912672, 52.84842155335471, 41.20497421023811, 23.839372166083006, 25.579087076020105, 64.11707878597097, 38.960738599679814, 30.875764862332275, 24.223210469855047, 38.74047162165391, 38.47338050410607, 4.839516796596944, 21.367453877668762, 25.447660292360208, 58.37573371265146, 31.281063679458633, 49.532116736161136, 39.98504495794493, 36.50319452858181, 75.32250112823564, 17.35851843321215, 27.381681027996052, 23.084323521840204, 47.60202013775115, 70.85784728395316, 38.08908258152752, 37.6483200148134, 29.524968878544176, 41.10277072044058, 4.065692322117765, 30.98054974720306, 39.41802891181518, 41.08275196149909, 29.540222570432494, 20.429727674368262, 33.45388942458643, 36.508463308480465], [54.59349637431451, 38.921204262375056, 57.49076186332427, 38.94777955454942, 51.644993031940665, 42.6619372812717, 51.347514434274245, 14.406812300107395, 62.91802603815304, 55.3370689103062, 51.24728210094305, 53.5127168959551, 35.74831893471886, 36.38604301284824, 42.041311321784484, 26.754478490620624, 25.136409588992553, 62.93157786468524, 54.71837671909333, 31.135743556093967, 0.0, 53.31392135720801, 18.025560177656157, 24.62693482439064, 28.957360059746858, 37.47589381512713, 59.177970108559975, 59.895972080522945, 42.88104384692312, 40.2426409735274, 41.84695985948346, 51.21312796980127, 25.45212513428162, 52.32174950284584, 65.51563809153281, 32.52074592160845, 47.41720142886493, 67.42633154338401, 54.72397557482833, 19.876809845324217, 39.724012309761335, 41.34447782246099, 41.82469719865118, 24.59594970031409, 9.954840902386469, 49.0751388363922, 42.19492498482674, 23.301291614504223, 55.139224095579934, 58.33638895017998, 33.88387858699544, 7.403134511746846, 55.503419024898115, 33.67952237185438, 31.449007244383736, 55.331640373942484, 44.559583284022004, 41.397648229676854, 15.533015097748091, 26.778314223562848, 36.96445587375945, 30.911198685374107, 27.240495924547226, 54.40077867533273, 28.904772953422455, 60.779425865044004, 39.93722411494202, 44.29260801677245, 36.911642159232656, 52.338475849913, 28.987195311906813, 30.759613833265615, 39.77707100774799, 62.285684302375465, 32.13308542576229, 45.081745031766765, 34.20316664041303, 33.11732047218464, 35.80694782030453, 9.832016555447053, 58.81377362571187, 59.66030282610419, 10.755967958225655, 63.287534081354075, 17.64011544422454], [33.24854268045075, 48.631784625731996, 38.65430399130692, 88.40461234690946, 27.594046425417897, 45.69194397283633, 8.833747627700891, 64.03024282230972, 67.935752884168, 47.57202662009959, 19.400719770189657, 61.72836471702866, 66.22324984606472, 39.50417915515818, 11.76347080625646, 49.74651309415238, 76.78717313764635, 14.285027472358584, 33.94357065895598, 23.51574434991813, 53.31392135720801, 0.0, 71.10873485619925, 30.74104744960521, 81.8259574685459, 42.44622598200991, 17.376712370410548, 17.529354903200726, 30.005314234995467, 39.13364724944505, 92.35767014469225, 2.1056676878030576, 43.31990692019085, 34.40853875415941, 57.71272337624405, 50.23866186653119, 64.7013282695481, 14.552651428849936, 8.322377324188443, 33.60101980724942, 67.51861613559396, 12.609323755232147, 48.527235581511725, 76.16912030181796, 63.21464235087683, 47.228253965302635, 80.42102650944895, 49.7342623916815, 78.96906522477911, 50.20615454643153, 62.93920567238278, 46.40245222276088, 20.640368738432365, 86.88637123410248, 60.95109387885144, 14.978876866498108, 19.352994070321003, 57.60212205211362, 61.97113176751024, 26.91492197287396, 24.80782897116284, 46.06370871607384, 80.2500557140512, 37.24669654771682, 64.95178651052234, 45.95232862977163, 40.745501313750765, 97.52004840701112, 33.82473878506241, 32.48228105793601, 44.202889883403124, 70.6631899037691, 92.25261773803733, 19.969700699076448, 59.314682375719585, 26.391440025589716, 62.745377263420956, 20.48518685708121, 36.863582944400676, 60.313022724560504, 49.89418480331076, 6.393667032180826, 42.64553912992198, 25.183129593386372, 53.68927649960489], [71.3119649968156, 52.234993432679026, 70.20026889675776, 28.925661007569687, 68.87446944182396, 56.86884049011085, 68.55946215647603, 10.665074856267294, 73.51792173564905, 65.63675037927617, 67.23145541074479, 64.44808620056591, 35.748879473279224, 48.33048999215708, 59.6535033149615, 39.56117357724246, 14.94394049007723, 80.01449119072188, 68.25796416805987, 49.16102611386037, 18.025560177656157, 71.10873485619925, 0.0, 41.403117139224186, 10.957438770238262, 52.33268771495132, 75.64254396255093, 77.84763671137647, 59.8351246955213, 52.18298816807235, 25.241380100714903, 69.01700190513895, 37.05526612882732, 68.82758558972358, 74.2733604807253, 40.517144720499694, 56.42347670231071, 85.33915880802958, 71.9818887861326, 37.86955243086356, 39.916800069752995, 58.914520873124204, 50.76753521970195, 14.812210555181052, 9.002339294