instance_id,num_cities,city_coordinates,distance_matrix,best_route,total_distance
2229,26,"[[46.812630229970544, 53.260258164872965], [6.139372596643822, 22.227372865543416], [83.65413931431554, 3.985254658502868], [54.46047268700096, 13.277613109951059], [82.1598461752103, 18.875618064136034], [83.02204347743051, 11.609608045722975], [55.06112500777742, 34.74640011297681], [63.91423432571731, 5.775648902882757], [33.27491939084255, 54.51389237798047], [0.7896026548192991, 69.5949053549347], [28.024127734976712, 35.31665616549308], [23.201797043648366, 57.78507947189026], [71.81138327020487, 28.69699079239856], [39.621858456028804, 53.3007791285925], [87.60054300902053, 37.07011812193951], [29.199378354270888, 50.0382212920766], [54.86032110558919, 70.59762171936484], [70.14886445174118, 10.297143359160632], [35.280355419870446, 74.56958645363389], [52.17184964748359, 63.43404873524704], [14.289901099028047, 23.278659739675454], [7.0053233519227875, 14.160486987525134], [76.09991905356057, 31.60811686846602], [41.389340812128005, 16.99809795162126], [43.38451300596671, 56.66537380858979], [92.39707329387642, 89.01801794598964]]","[[0.0, 51.16008069294178, 61.52497673436911, 40.70751036154665, 49.31256584215243, 55.18965721104978, 20.268216647383348, 50.470317805731604, 13.595632148014204, 48.835845093608484, 25.980390272598665, 24.040496076678004, 35.046993559766165, 7.1908859435689845, 43.883646879916284, 17.90553443063057, 19.11411790928733, 48.891809758508195, 24.229751018404126, 11.499010711138645, 44.23374451993027, 55.79797296501037, 36.42197838333267, 36.665465106026105, 4.831852672484625, 57.935816504218884], [51.16008069294178, 0.0, 79.63236738898767, 49.14292333210482, 76.09432740591299, 77.61238310690106, 50.4981574138922, 60.07157288732453, 42.17531555361652, 47.668681254718884, 25.500428325248365, 39.43953380952646, 65.9899154570439, 45.67968296860666, 82.80235124500116, 36.12765084731357, 68.65429191093531, 65.11179174022736, 59.90746366860203, 61.78170505632638, 8.218048366850851, 8.113231075196799, 70.58665892786522, 35.63573452755002, 50.72648610995483, 109.09345168173705], [61.52497673436911, 79.63236738898767, 0.0, 30.63687478736991, 14.96515400312995, 7.6505104222020455, 41.997720614399974, 19.82093238243837, 71.35270863733116, 105.69369754295094, 63.84633825607856, 80.9253164093973, 27.402933665423596, 66.1125004166614, 33.319398141560505, 71.31757656404666, 72.56921807824713, 14.907460819441193, 85.5696842534295, 67.2703031050511, 71.99745150221199, 77.3212541374384, 28.63719190875061, 44.222700991705274, 66.30865521695803, 85.4810489341159], [40.70751036154665, 49.14292333210482, 30.63687478736991, 0.0, 28.25938695560104, 28.61023535224779, 21.477187865075386, 12.068681621693349, 46.360094869783005, 77.79588482572989, 34.41801495185992, 54.38767659070826, 23.212309367667356, 42.685340463106826, 40.79641596628186, 44.60342140247587, 57.32140320806109, 15.96899608927704, 64.22291565121911, 50.20862306468352, 41.39680851701468, 47.463361287400126, 28.35970745780254, 13.59030889816039, 44.77917664828414, 84.71006191906956], [49.31256584215243, 76.09432740591299, 14.96515400312995, 28.25938695560104, 0.0, 7.316986112849658, 31.404178253093672, 22.461334416907338, 60.49646818436445, 95.88306750336216, 56.57723698529755, 70.63991608461315, 14.267096648012599, 54.72268371992556, 18.99055066054808, 61.448506830962216, 58.48444007715534, 14.759875007106675, 72.79769754910097, 53.709716808219675, 68.01261809870675, 75.30228922061843, 14.101036930735646, 40.81371325098979, 54.144178834029034, 70.88552094938012], [55.18965721104978, 77.61238310690106, 7.6505104222020455, 28.61023535224779, 7.316986112849658, 0.0, 36.29220451873828, 19.97857477045407, 65.69287608979818, 100.62042053023795, 59.889856124114566, 75.56875045167293, 20.436671730329746, 60.180809284629916, 25.86890471786337, 66.13348317605545, 65.365651255919, 12.939911196794245, 79.0140978541803, 60.3117493704775, 69.7156665560986, 76.05950776869058, 21.16261235464252, 41.97996849312127, 60.009631313269566, 77.97405406509881], [20.268216647383348, 50.4981574138922, 41.997720614399974, 21.477187865075386, 31.404178253093672, 36.29220451873828, 0.0, 30.29326608790409, 29.41755437881171, 64.49663910706045, 27.04301043698472, 39.31663165797345, 17.809169126770573, 24.13785268641483, 32.62228363013236, 30.044462633632197, 35.851783956694234, 28.72988056611036, 44.4653237457298, 28.832778145410202, 42.35329701790432, 52.27944043307545, 21.27156967935506, 22.403569195625664, 24.83515000377094, 65.87398224363588], [50.470317805731604, 60.07157288732453, 19.82093238243837, 12.068681621693349, 22.461334416907338, 19.97857477045407, 30.29326608790409, 0.0, 57.56894993584948, 89.76422794008376, 46.484092560620326, 66.04909853706415, 24.243615148477605, 53.37375317855111, 39.24773907810762, 56.25208031377057, 65.45121469016716, 7.701592363042589, 74.51513178496936, 58.84194651063477, 52.62062178030946, 57.52329665386833, 28.562340826327205, 25.165734450837498, 54.874707821045945, 87.98047578636344], [13.595632148014204, 42.17531555361652, 71.35270863733116, 46.360094869783005, 60.49646818436445, 65.69287608979818, 29.41755437881171, 57.56894993584948, 0.0, 35.81525870143638, 19.902379033958415, 10.590961185128801, 46.38503482595457, 6.461832499610927, 57.0575029404517, 6.05323602794204, 26.91869084323931, 57.574375534151265, 20.155709824333226, 20.896486847373147, 36.55230057752269, 48.150690572975776, 48.56598756129716, 38.383312343296545, 10.335993198972993, 68.45409968253885], [48.835845093608484, 47.668681254718884, 105.69369754295094, 77.79588482572989, 95.88306750336216, 100.62042053023795, 64.49663910706045, 89.76422794008376, 35.81525870143638, 0.0, 43.780334898618335, 25.3333464964755, 81.9556754431593, 42.112262348282144, 92.70383567971871, 34.4902775695934, 54.08001510622869, 91.25202340069734, 34.84766101668286, 51.750279808939275, 48.243680062529705, 55.78180638449597, 84.34832455712576, 66.44368207334145, 44.514033448230826, 93.643931888887], [25.980390272598665, 25.500428325248365, 63.84633825607856, 34.41801495185992, 56.57723698529755, 59.889856124114566, 27.04301043698472, 46.484092560620326, 19.902379033958415, 43.780334898618335, 0.0, 22.980098328161688, 44.284802324941175, 21.39944010085113, 59.602213765413325, 14.768401870019362, 44.32750619015682, 48.994586073595485, 39.91798312065203, 37.06346231108772, 18.263141548912106, 29.82236798076048, 48.218616473573945, 22.675945308468766, 26.300364649143464, 83.83145219432168], [24.040496076678004, 39.43953380952646, 80.9253164093973, 54.38767659070826, 70.63991608461315, 75.56875045167293, 39.31663165797345, 66.04909853706415, 10.590961185128801, 25.3333464964755, 22.980098328161688, 0.0, 56.64811361504463, 17.021379684245503, 67.64841539638967, 9.797182923456846, 34.15294108307229, 66.77672659292833, 20.67876318999773, 29.515670441433812, 35.63867130047813, 46.53418989811347, 59.02071401903427, 44.65830952762462, 20.21375186322536, 75.917604684765], [35.046993559766165, 65.9899154570439, 27.402933665423596, 23.212309367667356, 14.267096648012599, 20.436671730329746, 17.809169126770573, 24.243615148477605, 46.38503482595457, 81.9556754431593, 44.284802324941175, 56.64811361504463, 0.0, 40.51557611900255, 17.871956427166634, 47.65743470011757, 45.199572792079664, 18.474803230025977, 58.64137642058801, 39.90456710005525, 57.77611290633801, 66.41637858993117, 5.183260961584146, 32.59393748875735, 39.87878385257256, 63.73693552889849], [7.1908859435689845, 45.67968296860666, 66.1125004166614, 42.685340463106826, 54.72268371992556, 60.180809284629916, 24.13785268641483, 53.37375317855111, 6.461832499610927, 42.112262348282144, 21.39944010085113, 17.021379684245503, 40.51557611900255, 0.0, 50.64966464003856, 10.9211892716934, 23.051930668210915, 52.737185973961665, 21.707390760814768, 16.130264468592614, 39.28149330332661, 50.949002257997954, 42.440788174692464, 36.34568274934375, 5.047580274035718, 63.725540012776285], [43.883646879916284, 82.80235124500116, 33.319398141560505, 40.79641596628186, 18.99055066054808, 25.86890471786337, 32.62228363013236, 39.24773907810762, 57.0575029404517, 92.70383567971871, 59.602213765413325, 67.64841539638967, 17.871956427166634, 50.64966464003856, 0.0, 59.82363857926478, 46.86166479929296, 31.95861796315664, 64.37089524407443, 44.16162531756622, 74.59661213195186, 83.78806973722908, 12.731763784246288, 50.38215162336506, 48.36353331443181, 52.16887001750266], [17.90553443063057, 36.12765084731357, 71.31757656404666, 44.60342140247587, 61.448506830962216, 66.13348317605545, 30.044462633632197, 56.25208031377057, 6.05323602794204, 34.4902775695934, 14.768401870019362, 9.797182923456846, 47.65743470011757, 10.9211892716934, 59.82363857926478, 0.0, 32.88119415130806, 57.06324287066949, 25.273823588092377, 26.59290563674229, 30.632770793732472, 42.18753247436074, 50.39175991122872, 35.217111395974364, 15.656857780661761, 74.2520921783343], [19.11411790928733, 68.65429191093531, 72.56921807824713, 57.32140320806109, 58.48444007715534, 65.365651255919, 35.851783956694234, 65.45121469016716, 26.91869084323931, 54.08001510622869, 44.32750619015682, 34.15294108307229, 45.199572792079664, 23.051930668210915, 46.86166479929296, 32.88119415130806, 0.0, 62.20841782360828, 19.97877774300021, 7.651448011966811, 62.3301142494065, 73.9949389265458, 44.399346949135776, 55.26641166382822, 18.049977933134894, 41.812901860439425], [48.891809758508195, 65.11179174022736, 14.907460819441193, 15.96899608927704, 14.759875007106675, 12.939911196794245, 28.72988056611036, 7.701592363042589, 57.574375534151265, 91.25202340069734, 48.994586073595485, 66.77672659292833, 18.474803230025977, 52.737185973961665, 31.95861796315664, 57.06324287066949, 62.20841782360828, 0.0, 73.1215417195094, 56.09548800233096, 57.347567990084144, 63.26161716724666, 22.126288500065975, 29.529866109206928, 53.5382415038475, 81.80439408979524], [24.229751018404126, 59.90746366860203, 85.5696842534295, 64.22291565121911, 72.79769754910097, 79.0140978541803, 44.4653237457298, 74.51513178496936, 20.155709824333226, 34.84766101668286, 39.91798312065203, 20.67876318999773, 58.64137642058801, 21.707390760814768, 64.37089524407443, 25.273823588092377, 19.97877774300021, 73.1215417195094, 0.0, 20.231727002881005, 55.419837024047865, 66.69885109017763, 59.26149377261917, 57.894697433013576, 19.652943815602754, 58.915843652519236], [11.499010711138645, 61.78170505632638, 67.2703031050511, 50.20862306468352, 53.709716808219675, 60.3117493704775, 28.832778145410202, 58.84194651063477, 20.896486847373147, 51.750279808939275, 37.06346231108772, 29.515670441433812, 39.90456710005525, 16.130264468592614, 44.16162531756622, 26.59290563674229, 7.651448011966811, 56.09548800233096, 20.231727002881005, 0.0, 55.20414197515893, 66.84234425058825, 39.817614753912935, 47.671375289200924, 11.091990151190346, 47.67187953058434], [44.23374451993027, 8.218048366850851, 71.99745150221199, 41.39680851701468, 68.01261809870675, 69.7156665560986, 42.35329701790432, 52.62062178030946, 36.55230057752269, 48.243680062529705, 18.263141548912106, 35.63867130047813, 57.77611290633801, 39.28149330332661, 74.59661213195186, 30.632770793732472, 62.3301142494065, 57.347567990084144, 55.419837024047865, 55.20414197515893, 0.0, 11.670738935117933, 62.36872754514071, 27.81771178831044, 44.28508911964409, 102.09012472151154], [55.79797296501037, 8.113231075196799, 77.3212541374384, 47.463361287400126, 75.30228922061843, 76.05950776869058, 52.27944043307545, 57.52329665386833, 48.150690572975776, 55.78180638449597, 29.82236798076048, 46.53418989811347, 66.41637858993117, 50.949002257997954, 83.78806973722908, 42.18753247436074, 73.9949389265458, 63.26161716724666, 66.69885109017763, 66.84234425058825, 11.670738935117933, 0.0, 71.26347552312534, 34.50090857770641, 55.9473935367539, 113.55791869943113], [36.42197838333267, 70.58665892786522, 28.63719190875061, 28.35970745780254, 14.101036930735646, 21.16261235464252, 21.27156967935506, 28.562340826327205, 48.56598756129716, 84.34832455712576, 48.218616473573945, 59.02071401903427, 5.183260961584146, 42.440788174692464, 12.731763784246288, 50.39175991122872, 44.399346949135776, 22.126288500065975, 59.26149377261917, 39.817614753912935, 62.36872754514071, 71.26347552312534, 0.0, 37.66001718806264, 41.20878447882589, 59.67825381211897], [36.665465106026105, 35.63573452755002, 44.222700991705274, 13.59030889816039, 40.81371325098979, 41.97996849312127, 22.403569195625664, 25.165734450837498, 38.383312343296545, 66.44368207334145, 22.675945308468766, 44.65830952762462, 32.59393748875735, 36.34568274934375, 50.38215162336506, 35.217111395974364, 55.26641166382822, 29.529866109206928, 57.894697433013576, 47.671375289200924, 27.81771178831044, 34.50090857770641, 37.66001718806264, 0.0, 39.71742043481557, 88.25337188416562], [4.831852672484625, 50.72648610995483, 66.30865521695803, 44.77917664828414, 54.144178834029034, 60.009631313269566, 24.83515000377094, 54.874707821045945, 10.335993198972993, 44.514033448230826, 26.300364649143464, 20.21375186322536, 39.87878385257256, 5.047580274035718, 48.36353331443181, 15.656857780661761, 18.049977933134894, 53.5382415038475, 19.652943815602754, 11.091990151190346, 44.28508911964409, 55.9473935367539, 41.20878447882589, 39.71742043481557, 0.0, 58.72754591039214], [57.935816504218884, 109.09345168173705, 85.4810489341159, 84.71006191906956, 70.88552094938012, 77.97405406509881, 65.87398224363588, 87.98047578636344, 68.45409968253885, 93.643931888887, 83.83145219432168, 75.917604684765, 63.73693552889849, 63.725540012776285, 52.16887001750266, 74.2520921783343, 41.812901860439425, 81.80439408979524, 58.915843652519236, 47.67187953058434, 102.09012472151154, 113.55791869943113, 59.67825381211897, 88.25337188416562, 58.72754591039214, 0.0]]",Route_4,1096.8878136130254
