instance_id,num_cities,city_coordinates,distance_matrix,best_route,total_distance
371,67,"[[87.62587778953969, 33.77244579362885], [24.674019167656013, 68.31870839833081], [39.53868406871705, 83.22166336642415], [90.88743782570002, 23.26997944630683], [29.619628098016758, 35.47800921134042], [38.66120862567539, 36.310154101366635], [94.35356613218642, 7.958829770537923], [90.86272724333969, 45.02613962086548], [99.87705583015534, 70.55561332707454], [41.78337457265475, 99.53707387338564], [66.05485211211796, 88.39521808887282], [70.04841220422693, 72.26526810143311], [49.99800677585623, 15.320418839032001], [1.144874998637635, 26.661985824852298], [44.607696224981005, 19.042905211567785], [56.03308543483435, 42.43322303077418], [90.74838095194605, 33.54612976706787], [85.94477785376031, 70.7981281771462], [47.95585014387376, 58.1959626459486], [55.92408441879434, 23.536518087884673], [27.737861065448442, 0.3140875822832512], [17.378547614995053, 13.92871945925136], [55.505906391068116, 99.47504079726612], [62.50605305243627, 96.57867479153106], [84.211684624903, 38.64011266545997], [71.85843931856405, 1.3901934682382766], [95.76097366209623, 0.1995456772997728], [10.311660058842254, 16.638779313657626], [39.78741090627077, 42.518918799969626], [61.073424710152345, 69.67813324833412], [80.31227205001605, 58.65531190877585], [45.75911791767583, 80.2279456098931], [92.03408275354596, 65.29129118832189], [88.79260427263922, 45.37572456259554], [98.79362376572416, 43.37054613666075], [86.3360813078995, 49.799825740057614], [3.080643701436514, 19.644722202473098], [20.089351412240543, 47.654348263259706], [2.287492780760081, 38.594436639365796], [91.92460346213196, 76.68837976280706], [43.89951286561592, 97.92264824224307], [62.643807372152324, 39.803593239653345], [2.1988512003335625, 49.99013043514841], [1.5571396116138114, 91.97223964173786], [44.79505050270682, 73.67501750382507], [92.45198570538268, 36.818623788762714], [67.21125068670898, 52.857462461589236], [52.50712641814502, 71.65322093650549], [65.88754057206413, 11.392435658643008], [49.62976165946015, 59.71770291137823], [81.35184837962515, 94.33953107344433], [73.22653315387359, 49.497818933528436], [48.12248124038822, 77.08236353433429], [61.02013308844184, 59.336066018196966], [7.435305875556642, 76.81461390198723], [52.260074615377604, 9.698301606013171], [15.952387243771115, 43.06595286420835], [64.1243473694798, 64.65680507709715], [22.095743822856416, 18.450597802820933], [57.88746677107982, 1.9813792078224757], [73.31378003299542, 26.772478979528923], [4.214254737770029, 99.11929617618675], [50.45621484323135, 35.21393008279078], [89.04442873738914, 32.75298806907724], [61.34816427595322, 26.045090000187443], [87.21529445951381, 76.62430060024528], [63.42771149354076, 62.62926097484591]]","[[0.0, 71.807943598899, 68.97538197433612, 10.997252986364806, 58.031318698157634, 49.03038639233679, 26.675917278012413, 11.70994530916986, 38.76974048373804, 80.16558742789103, 58.72781625425945, 42.31624588291177, 41.9086384383407, 86.77282111748806, 45.47002651065777, 32.7584125244033, 3.130694003430561, 37.063826744673634, 46.5856122514607, 33.313329448115134, 68.60055598421742, 72.99630724553917, 73.13360071027962, 67.64338841128323, 5.945661926192408, 36.01697352084521, 34.544455518602334, 79.18996647528384, 48.63146824631418, 44.65703926737694, 25.93541700103401, 62.537501112110625, 31.825616820719322, 11.661789265662414, 14.725558746054212, 16.079194100179222, 85.71749635214657, 68.94845619220176, 85.47450819760867, 43.13069012727559, 77.63532355608716, 25.69977785614087, 86.95280425037889, 103.89919968653629, 58.53797908334263, 5.707058611351404, 27.946285280229212, 51.65539491002867, 31.199682027590473, 46.00936000290175, 60.89117558668837, 21.32201881449694, 58.61968367047186, 36.8966709892091, 91.01184570900575, 42.7820576003502, 72.27349805208883, 38.809349136971555, 67.29752955008735, 43.53211463466977, 15.93222136399628, 105.96088766639754, 37.19760369295403, 1.7468774552877269, 27.390331415675806, 42.85382175533742, 37.65988627826348], [71.807943598899, 0.0, 21.048903282638125, 80.08498480101207, 33.21100074948744, 34.93120406049915, 92.18760335936761, 70.16757682135693, 75.236297535973, 35.59938742884004, 45.993908037172645, 45.545700970864054, 58.73774803813609, 47.842482804409364, 53.1550210302501, 40.66262890988814, 74.66561129374494, 61.32090501949891, 25.387273094457083, 54.607793832029316, 68.07360413191796, 54.8770881331077, 43.83289082766671, 47.221695103034676, 66.52482734118324, 81.88892242376276, 98.45595679850418, 53.638534929352566, 29.900564428862126, 36.42478221993811, 56.471199876714046, 24.215931125177637, 67.42806108185668, 68.09973174067416, 78.20566850304768, 64.38290861943209, 53.2487633304256, 21.166836282719775, 37.2114081334205, 67.76940671643621, 35.29890737986477, 47.48490927449419, 29.00120592857843, 33.0738516156101, 20.821766236794065, 74.74027079425888, 45.25998443682809, 28.032139288403727, 70.2791211853487, 26.396332675275687, 62.36553164105029, 52.072761542174455, 25.032619218115407, 37.439656265410854, 19.218575553205365, 64.78690104999289, 26.716446722606676, 39.619918363945125, 49.93471696244614, 74.18742714122959, 63.968082009367166, 36.97672467901716, 41.960075800392744, 73.54230136944227, 55.96473650341155, 63.09036358237639, 39.169101098620295], [68.97538197433612, 21.048903282638125, 0.0, 78.93604320747858, 48.76314369921334, 46.9197150958818, 93.10835309742149, 63.97699150466568, 61.653450271828596, 16.469100020011332, 27.016158797505728, 32.417373553473475, 68.70208468351437, 68.35994220679463, 64.37862908248276, 43.99729697880825, 71.3448785355541, 48.04029316090253, 26.403302469342346, 61.89343997187971, 83.74321193958076, 72.75014586219174, 22.784303074722057, 26.568962950118017, 63.11253157333835, 87.98270310184675, 100.26773096419711, 72.71519360668684, 40.70350452088571, 25.439580628491044, 47.60242746761376, 6.903342905798715, 55.473102757321946, 62.114923644785016, 71.40909902075711, 57.506657168410094, 73.28858134243528, 40.53776565660808, 58.13123616198294, 52.7917450491898, 15.33413786669857, 49.18308181072162, 49.98597702957577, 38.97653530647629, 10.898065668468622, 70.37797647090157, 41.08230324381021, 17.37841641878739, 76.50947779282153, 25.578623966405228, 43.26601081728937, 47.66727241324422, 10.55332062967332, 32.12435855653265, 32.73648078601041, 74.61580597965104, 46.57031762670532, 30.807609502219837, 67.07866351281345, 83.28662315659625, 65.78196960673881, 38.736933752055165, 49.23347370686885, 70.6958693380935, 61.19488515239223, 48.13090871596331, 31.53938280246867], [10.997252986364806, 80.08498480101207, 78.93604320747858, 0.0, 62.47223783066799, 53.829593826147054, 15.698577955688362, 21.756174207657292, 48.13257112779281, 90.70765524644557, 69.69902453746086, 53.24287087725038, 41.65502473206161, 89.80664390812815, 46.47238577064144, 39.77506486813406, 10.277091136552958, 47.78446200784312, 55.34388424518101, 34.96436935372405, 67.1925741155349, 74.1000410131819, 84.01823696176511, 78.61086321156222, 16.757287249804676, 28.997031203739947, 23.579573063115017, 80.84818351659669, 54.60525997930403, 55.1596964945119, 36.93177337554564, 72.66894224641783, 42.03695320917261, 22.20478089874682, 21.599549934931538, 26.917421691576767, 87.88159980601608, 74.8796800367687, 89.91545612534185, 53.428468113275216, 88.20933085796676, 32.727099569991, 92.62630223900564, 112.69384515126939, 68.30209389698595, 13.638679319720856, 37.89433979659957, 61.757480201509004, 27.677986001879237, 55.051179718736584, 71.70640581263613, 31.619726722329553, 68.7358290339252, 46.82753989779219, 99.15284265222344, 40.94219862175073, 77.50575700732499, 49.28622877195279, 68.96030454693799, 39.27088730497144, 17.919289918836288, 115.17534247825562, 42.15853114928066, 9.6604417621108, 29.669343107541668, 53.480540598421676, 47.99155772299831], [58.031318698157634, 33.21100074948744, 48.76314369921334, 62.47223783066799, 0.0, 9.079793145007905, 70.34051443163322, 61.982933031933484, 78.52734849743014, 65.20368466333294, 64.24761897803008, 54.66067142794036, 28.663683768057513, 29.808284627292903, 22.243084985268208, 27.313837660752203, 61.159272262380384, 66.48333098428215, 29.194561945197908, 28.88812269053266, 35.214236204968806, 24.78338032253279, 69.03419048323282, 69.388819565006, 54.683558169611615, 54.27795459908851, 74.96164073944493, 26.97617862002566, 12.367627705872964, 46.46493092067765, 55.739855679511024, 47.57141935357183, 69.16932797263624, 59.9950487835197, 69.62279666713732, 58.49675626383958, 30.90324692175721, 15.46251617346751, 27.50923010400289, 74.7007670383122, 64.05660038337689, 33.306262082621046, 31.02419488217244, 63.08011835731082, 41.10115433484698, 62.84665790593093, 41.41467715832467, 42.80751712858846, 43.5370684427369, 31.43196137402908, 78.36390349636618, 45.805209673102354, 45.53326117292044, 39.43600624116119, 46.9133140997387, 34.31010263350497, 15.632349837662279, 45.1882482530356, 18.615627141221555, 43.83029688285146, 44.55294793763914, 68.52478677176204, 20.838260123556093, 59.487247971770664, 33.10105697464602, 70.78331779936251, 43.36100754369029], [49.03038639233679, 34.93120406049915, 46.9197150958818, 53.829593826147054, 9.079793145007905, 0.0, 62.493489868504504, 52.92416224718598, 70.14364851176376, 63.303959623848215, 58.84951651496324, 47.72763110860642, 23.85564877928994, 38.73709384952802, 18.26249158770388, 18.419394045051288, 52.16045773828304, 58.52483468407871, 23.777699144406586, 21.47493091149714, 37.61696860152067, 30.884952263761242, 65.37236995943505, 64.81412802713007, 45.6100270846949, 48.18152941009763, 67.56004150361925, 34.50593992317474, 6.310078498674713, 40.19613740360813, 47.266448584767495, 44.48766938494155, 60.733598605075336, 50.94449329711633, 60.54549104819624, 49.546591468899074, 39.29011606886185, 21.762458995686607, 36.445372149012975, 66.8385393098209, 61.83477391864316, 24.235700106401513, 38.94413000063309, 66.89528910247603, 37.86498426325835, 53.79318023933669, 32.99876233520099, 37.958422159369576, 36.90753098821156, 25.849999940967585, 72.04095581243364, 36.99562357178342, 41.85557001804768, 32.095390988946136, 51.1436043538189, 29.885110831990065, 23.692433084832096, 38.1038588101798, 24.359359090796247, 39.346077161076146, 35.94117349042927, 71.63505399125778, 11.845838035828715, 50.50863588542726, 24.90119470384887, 63.108871476938944, 36.13966035979873], [26.675917278012413, 92.18760335936761, 93.10835309742149, 15.698577955688362, 70.34051443163322, 62.493489868504504, 0.0, 37.23132304509302, 62.84000517240161, 105.59450664483744, 85.26916078446875, 68.74633458059441, 44.962302425768875, 95.06665108870372, 50.96575616241798, 51.545543275219785, 25.840032532801615, 63.3994096545556, 68.3850683151943, 41.46672687917793, 67.05292122393699, 77.20617241268576, 99.42010635706619, 94.16868386523038, 32.31406629605772, 23.434541028849715, 7.885891553580067, 84.48895490247176, 64.58997638845338, 70.12018421863203, 52.60504957411094, 87.08757374892751, 57.379361580323256, 37.8278774541111, 35.68898664551668, 42.60221832990665, 92.01796808765367, 84.2075280267521, 97.02938869523804, 68.77245743604296, 103.14601361679398, 44.93993503581716, 101.28732260125128, 125.17759309546683, 82.30834588056071, 28.922374018983408, 52.46515515337531, 76.21089149684701, 28.672360568749227, 68.40467553701465, 87.35370754638411, 46.60299500192837, 83.1587405524359, 61.24327034809272, 110.88689270782176, 42.129417161195896, 85.90258985040802, 64.253140552558, 73.01554684675, 36.952757919319176, 28.224563692972797, 128.20033577941592, 51.67028104449298, 25.356206845856516, 37.63601148881272, 69.03551120067318, 62.81134080081091], [11.70994530916986, 70.16757682135693, 63.97699150466568, 21.756174207657292, 61.982933031933484, 52.92416224718598, 37.23132304509302, 0.0, 27.07419708111584, 73.35001575770822, 49.963062713273175, 34.281275223193, 50.52083952245662, 91.57802769248644, 53.053335096653775, 34.92602417899801, 11.480579311064652, 26.23702765832152, 44.88256165751553, 41.018442145599664, 77.35577759597251, 79.79332175288096, 64.92139570355114, 58.83676447334404, 9.22050476858111, 47.594734542412915, 45.093417951627735, 85.40677168569633, 51.136817413448725, 38.666824736749675, 17.235615510908623, 57.21453241171558, 20.29897637279456, 2.0994329580403703, 8.101858393832323, 6.578647474170115, 91.37784491398526, 70.82215901254327, 88.808439707852, 31.680041538956566, 70.73601719788523, 28.698125886552333, 88.80272585779021, 100.89313301418301, 54.249322984090576, 8.359967619159345, 24.914292298688594, 46.69211468815028, 41.8925529358558, 43.772131348159604, 50.22218029233228, 18.19426442142185, 53.425931156913485, 33.096139040543505, 89.27845055330633, 52.32801284893925, 74.93598181762842, 33.17083032625687, 73.72352020675393, 54.22378815823972, 25.321170490333365, 102.14708695634428, 41.58083332930202, 12.407113220645005, 35.09116230418226, 31.80797923778447, 32.59677853093273], [38.76974048373804, 75.236297535973, 61.653450271828596, 48.13257112779281, 78.52734849743014, 70.14364851176376, 62.84000517240161, 27.07419708111584, 0.0, 64.92149765251463, 38.238631806088435, 29.87759863192031, 74.42342537597327, 108.04949822674492, 75.55303573357904, 52.08802718478818, 38.1186906702008, 13.934388507001204, 53.372020430901955, 64.36349130524171, 100.687314793158, 100.06302497348648, 52.96349863584808, 45.538901793907684, 35.55282038713482, 74.6250505894148, 70.4763675820051, 104.54178642869225, 66.30853389334378, 38.81355123389061, 22.899736640624567, 54.97549650242589, 9.44591521563585, 27.51166778882111, 27.206648143157032, 24.78226602572387, 109.36847917061756, 83.0093110307732, 102.69001719463695, 10.042525719206704, 62.30922818006102, 48.29080171412088, 99.81969117505545, 100.62543320613808, 55.17026366903639, 34.54440807809497, 37.15211124185387, 47.38264402672271, 68.23172824505042, 51.40282943238667, 30.147272753124177, 33.96588087537065, 52.1644942392403, 40.444266426424825, 92.65339833414265, 77.27217668684459, 88.31212504349612, 36.23606078265215, 93.6208584683963, 80.40865111660578, 51.21103859883346, 99.83614320848909, 60.757337815231125, 39.32409294729514, 58.86987490413775, 14.040981668908145, 37.30123006257003], [80.16558742789103, 35.59938742884004, 16.469100020011332, 90.70765524644557, 65.20368466333294, 63.303959623848215, 105.59450664483744, 73.35001575770822, 64.92149765251463, 0.0, 26.706657826683376, 39.27675829771717, 84.6163410187961, 83.44019478470119, 80.54370230721318, 58.854940665257125, 82.17284559857468, 52.689245007760746, 41.799365212842844, 77.30487794866346, 100.21216222697426, 89.01902001442916, 13.722672028795998, 20.9327859709098, 74.21995269635595, 102.65144739716501, 113.05540991729953, 88.67128089381787, 57.05307948685716, 35.54802905306457, 56.17645772164736, 19.714181936907394, 60.81042101805988, 71.71693967363167, 80.03029020974594, 66.77377875568347, 88.77324615219786, 56.235645791794774, 72.62182668837696, 55.10177544422441, 2.6616557616315974, 63.271212768547635, 63.41793196475049, 40.93136567588702, 26.03682299302246, 80.62823410652709, 53.15602510748901, 29.874874196374712, 91.38100494377893, 40.585072306526015, 39.908377197903256, 59.09821703317029, 23.33234428332486, 44.566511090365246, 41.18373477930788, 90.44758839401966, 62.09852988934675, 41.42163947515614, 83.44231184526629, 98.87595939972448, 79.30228709539567, 37.5714426575851, 64.90519998786289, 81.81516581587539, 76.05164488525358, 50.882752713196595, 42.78625916925251], [58.72781625425945, 45.993908037172645, 27.016158797505728, 69.69902453746086, 64.24761897803008, 58.84951651496324, 85.26916078446875, 49.963062713273175, 38.238631806088435, 26.706657826683376, 0.0, 16.616973515252166, 74.81810320742679, 89.57844101476674, 72.59286326546683, 47.04190469203598, 60.15141607889695, 26.556858236045887, 35.20751200459208, 65.64513249186318, 96.05455405231662, 88.96427393989141, 15.29845505517088, 8.919805960349112, 52.964526643709895, 87.19837116425998, 93.06411923868184, 90.86412914890886, 52.86410222398238, 19.368631440785318, 32.98084357451374, 21.877412238136095, 34.76653366308629, 48.658834722696575, 55.66909603892704, 43.59968541458534, 93.23294272722387, 61.42186686138727, 80.90978895706056, 28.395318249743095, 24.11702681623384, 48.71120232251849, 74.51536492654428, 64.59682655508202, 25.858527988568113, 57.939224550720525, 35.55656525436396, 21.53683681808938, 77.00296419715767, 33.04819924191669, 16.41136653867296, 39.55301088431655, 21.202608406830617, 29.492078846938398, 59.752502828866184, 79.89681188942873, 67.5647783367333, 23.816781916938087, 82.61145870003146, 86.79895007123723, 62.048803452594925, 62.76356693527715, 55.42171847418793, 60.20447155307532, 62.52752500349406, 24.214021121274794, 25.8995446645622], [42.31624588291177, 45.545700970864054, 32.417373553473475, 53.24287087725038, 54.66067142794036, 47.72763110860642, 68.74633458059441, 34.281275223193, 29.87759863192031, 39.27675829771717, 16.616973515252166, 0.0, 60.37163750768751, 82.62782094330903, 58.99025293315136, 32.96028363880806, 43.905129307545145, 15.963926221988793, 26.192110537149976, 50.73448248748813, 83.46948613575191, 78.59559493591011, 30.852166949578397, 25.456412285565698, 36.486290079365936, 70.89818335060195, 76.51538515381688, 81.62588934728757, 42.433165051874006, 9.34043185655325, 17.046340560368133, 25.56118248521415, 23.065256631735146, 32.7779237906334, 40.75772497498765, 27.748590330375606, 85.16809184752167, 55.69205626028176, 75.66549472818181, 22.318863338472735, 36.63422023615135, 33.29547277860891, 71.41249671082075, 71.27004383782867, 25.292680178370723, 41.93309788998013, 19.61408690789455, 17.551960254088296, 61.014871812922266, 23.965864938866314, 24.800015224366433, 22.988196849333487, 22.44884979326778, 15.769403612745762, 62.77816205766454, 65.04652373965784, 61.47340829045584, 9.642782469752962, 72.07965832495339, 71.32821063111976, 45.609828865576766, 71.10045789696365, 41.91247840922668, 43.84140642684128, 47.03189532353869, 17.711663126103776, 11.691292111829197], [41.9086384383407, 58.73774803813609, 68.70208468351437, 41.65502473206161, 28.663683768057513, 23.85564877928994, 44.962302425768875, 50.52083952245662, 74.42342537597327, 84.6163410187961, 74.81810320742679, 60.37163750768751, 0.0, 50.15236411313164, 6.550752065876972, 27.776362712922033, 44.64044729081076, 66.10557150748735, 42.924150084170265, 10.130285440061808, 26.84593199789981, 32.64913387994806, 84.33467469021595, 82.2152989540202, 41.405118911998024, 25.921606621414966, 48.19636857071591, 39.708238315041136, 29.051930540621903, 55.4745527086301, 52.88541988561937, 65.04579317882177, 65.30022792418973, 49.07486318956246, 56.28340678064064, 50.092765554946396, 47.11622393014948, 44.045552075896104, 53.08458392270321, 74.32271616158555, 82.82704830159014, 27.556162676478067, 59.04869326150163, 90.67535080711797, 58.58608998140578, 47.58690096034099, 41.29558583984823, 56.388653765916715, 16.367844577898815, 44.39881121681478, 85.01225489086197, 41.32383228735608, 61.79041518374651, 45.374711735187084, 74.78716156112057, 6.060128141582832, 43.91945887264225, 51.31892931071927, 28.077291504767565, 15.497533910245583, 25.976430933442057, 95.49033350896032, 19.89878750674434, 42.76116857568791, 15.61552582502194, 71.71675133133785, 49.17807959889812], [86.77282111748806, 47.842482804409364, 68.35994220679463, 89.80664390812815, 29.808284627292903, 38.73709384952802, 95.06665108870372, 91.57802769248644, 108.04949822674492, 83.44019478470119, 89.57844101476674, 82.62782094330903, 50.15236411313164, 0.0, 44.12558462326377, 57.109084810506886, 89.86756765898207, 95.59823526603509, 56.441643209613886, 54.868299894130224, 37.43525944547956, 20.63172796816633, 90.86728073660271, 93.02439232918042, 83.92598157957939, 75.09375252139279, 98.24696873113253, 13.582879558696156, 41.76946138927434, 73.76869261200318, 85.387643542862, 69.71185493824963, 98.75763929529232, 89.62325850153624, 99.06792681524594, 88.2774108612667, 7.2793673637687855, 28.276712456207054, 11.987032903800934, 103.6513347253242, 83.10259362560102, 62.88736382236806, 23.351942034713705, 65.31155499402175, 64.15265364101582, 91.87026592071966, 71.07016950017227, 68.28097910657655, 66.51895901042744, 58.68104179901076, 104.94478886449609, 75.61243757594119, 68.91378654936754, 68.21027816833606, 50.54557966489967, 53.85657076100989, 22.098700267618856, 73.5528397148637, 22.502573135932312, 61.87773480048054, 72.16898961877867, 72.52229254051885, 50.04741739450601, 88.11033909712762, 60.206449822810775, 99.52060090195711, 71.92215655530767], [45.47002651065777, 53.1550210302501, 64.37862908248276, 46.47238577064144, 22.243084985268208, 18.26249158770388, 50.96575616241798, 53.053335096653775, 75.55303573357904, 80.54370230721318, 72.59286326546683, 58.99025293315136, 6.550752065876972, 44.12558462326377, 0.0, 26.031643941175084, 48.36637581606095, 66.23713023524721, 39.29595451346766, 12.17592700517208, 25.20634737721434, 27.705259968711648, 81.1671079914787, 79.5747870966682, 44.18740133988469, 32.46877316816186, 54.51357620901578, 34.380196596908796, 23.965774858255706, 53.245155017923565, 53.32878677778721, 61.19587355744755, 66.2433041492623, 51.43659664240894, 59.39653909472273, 51.8386562521076, 41.53141311084617, 37.67975458859369, 46.61825823357648, 74.57808288449579, 78.88292200632434, 27.501044938558472, 52.49991319386718, 84.68788723984277, 54.6324335458269, 51.03971205659479, 40.67363957551968, 53.200059380176434, 22.613302718009027, 40.98365905026899, 83.78373698843383, 41.791621133603, 58.14578605629716, 43.50754982282921, 68.69757586189387, 12.078100495307742, 37.392961253819514, 49.61378369806727, 22.519743094049264, 21.620545213604377, 29.728531047246527, 89.68756048136915, 17.19613954972841, 46.50365112912195, 18.14590483772022, 71.63117004644398, 47.475924250422665], [32.7584125244033, 40.66262890988814, 43.99729697880825, 39.77506486813406, 27.313837660752203, 18.419394045051288, 51.545543275219785, 34.92602417899801, 52.08802718478818, 58.854940665257125, 47.04190469203598, 32.96028363880806, 27.776362712922033, 57.109084810506886, 26.031643941175084, 0.0, 35.834789932664734, 41.2222899330825, 17.711738766177874, 18.897019313111855, 50.74092325768438, 48.02790873986024, 57.04425380220046, 54.530993537207564, 28.432747643483065, 43.9883177811618, 57.982657802097954, 52.4957337798788, 16.245900549150157, 27.707222032769998, 29.199915586532157, 39.16625414021859, 42.644613819766, 32.891402976298586, 42.77081029104225, 31.185547844465166, 57.647869479542535, 36.32096039727287, 53.88251117660111, 49.614683603142794, 56.80052722987428, 7.114534234290207, 54.362042135421866, 73.63248495138401, 33.20155344305552, 36.84915225028306, 15.284506734244871, 29.43196671305394, 32.56748020239718, 18.432465926057716, 57.752095820628675, 18.588253272874994, 35.540689306154974, 17.623187718367515, 59.53002785427941, 32.95164170916246, 40.08569214227462, 23.650710743330553, 41.55610025631072, 40.49432551378886, 23.321263045416885, 76.8017063837652, 9.12248191361809, 34.40139147698518, 17.228492891588562, 46.27483057797609, 21.507218397237825], [3.130694003430561, 74.66561129374494, 71.3448785355541, 10.277091136552958, 61.159272262380384, 52.16045773828304, 25.840032532801615, 11.480579311064652, 38.1186906702008, 82.17284559857468, 60.15141607889695, 43.905129307545145, 44.64044729081076, 89.86756765898207, 48.36637581606095, 35.834789932664734, 0.0, 37.56043115127112, 49.384359405752804, 36.234292527893004, 71.23688822610104, 75.9471871176095, 74.75729611751568, 69.07047717689814, 8.287162399825963, 37.29388869730488, 33.72122115424982, 82.19443148650348, 51.74486845113412, 46.756012485268755, 27.191605264095934, 64.83228916789999, 31.77118667573045, 11.990178290821865, 12.698231724762824, 16.841942314686758, 88.76306262686833, 72.0537319271477, 88.60482006252234, 43.158281176250824, 79.61879534353014, 28.792757860489516, 90.06344639865576, 106.62404910205015, 61.008492936362885, 3.6893747814447386, 30.44542776117998, 53.986516332458315, 33.2993625621216, 48.741071934954206, 61.51530270413065, 23.695390638733773, 60.929229248841274, 39.35593389657073, 93.87880590430338, 45.27768360524562, 75.39938797227862, 40.94768958618246, 70.29267152457685, 45.56504316545346, 18.704214877791603, 108.57253406165364, 40.326668689905226, 1.879501769774331, 30.342022644834476, 43.222812292762995, 39.90297608580433], [37.063826744673634, 61.32090501949891, 48.04029316090253, 47.78446200784312, 66.48333098428215, 58.52483468407871, 63.3994096545556, 26.23702765832152, 13.934388507001204, 52.689245007760746, 26.556858236045887, 15.963926221988793, 66.10557150748735, 95.59823526603509, 66.23713023524721, 41.2222899330825, 37.56043115127112, 0.0, 40.02465745790576, 55.990193985604265, 91.41140596544695, 89.08118531473602, 41.819734735460614, 34.84265208115871, 32.204682482362145, 70.82292237605124, 71.27774934111777, 93.02474711976923, 54.1314714978578, 24.896557911378487, 13.385555967408017, 41.27721794541831, 8.210047976963168, 25.581413581997044, 30.288035556254716, 21.001948091371467, 97.38139284085044, 69.80380892542209, 89.64161474697863, 8.39365105594208, 50.03542641654135, 38.77623526563959, 86.29225342446516, 87.00354294166611, 41.25017034224221, 34.59697201352147, 25.938630003067072, 33.448583186090474, 62.700311570017014, 37.967831453252, 23.98525904550989, 24.808404263876888, 38.34081030878757, 27.433862025112933, 78.73966783504719, 69.76996516611172, 75.28617596138632, 22.668194368729818, 82.56490224647777, 74.31660409287566, 45.80174552590573, 86.49836394778401, 50.25607683226589, 38.17120015722558, 51.06689559356719, 5.9630946285612145, 23.953051347153004], [46.5856122514607, 25.387273094457083, 26.403302469342346, 55.34388424518101, 29.194561945197908, 23.777699144406586, 68.3850683151943, 44.88256165751553, 53.372020430901955, 41.799365212842844, 35.20751200459208, 26.192110537149976, 42.924150084170265, 56.441643209613886, 39.29595451346766, 17.711738766177874, 49.384359405752804, 40.02465745790576, 0.0, 35.56360294646095, 61.31132475539156, 53.801117546875965, 41.96386114692472, 41.048032794897544, 41.19365002491483, 61.629775118243984, 75.15925901573195, 56.072136874490766, 17.67747446122209, 17.43304345902244, 32.359682327141975, 22.14122638421723, 44.64565238762434, 42.80185734623089, 52.95537934431566, 39.28787674520624, 59.16064817919106, 29.793747420447616, 49.69727040826086, 47.69927419977919, 39.9332370411142, 23.53753045494293, 46.486972740660846, 57.39056740225464, 15.79847440940898, 49.36493387540521, 19.981742523699573, 14.20605210547627, 50.12101016603612, 2.2622274857853224, 49.21026556355266, 26.725738976383955, 18.887135951200793, 13.11393627234571, 44.59337038613067, 48.688288885989444, 35.39970103819808, 17.411570505114117, 47.41770898564849, 57.08516795063179, 40.378954097343254, 59.90030380472531, 23.11764789860421, 48.328213769544725, 34.82861883130378, 43.36943172017145, 16.094490600709403], [33.313329448115134, 54.607793832029316, 61.89343997187971, 34.96436935372405, 28.88812269053266, 21.47493091149714, 41.46672687917793, 41.018442145599664, 64.36349130524171, 77.30487794866346, 65.64513249186318, 50.73448248748813, 10.130285440061808, 54.868299894130224, 12.17592700517208, 18.897019313111855, 36.234292527893004, 55.990193985604265, 35.56360294646095, 0.0, 36.520466392314724, 39.7249065698261, 75.93967411140315, 73.3381140132079, 32.06722461617782, 27.283023297108613, 46.169167480857865, 46.131031380078916, 24.914328585052075, 46.428055688895924, 42.756442501334696, 57.595524986338965, 55.20319788204992, 39.46252065983176, 47.235432383514826, 40.18271871856891, 52.986557748759424, 43.19488189611388, 55.71018644420682, 64.19624421179013, 75.35175300136457, 17.600352569286105, 59.88484191009696, 87.40258961989363, 51.35878230242304, 38.8677488961226, 31.41843250904519, 48.237876145210585, 15.708252498809209, 36.72460529713659, 75.2305644527612, 31.19878000544363, 54.11120564844574, 36.16043893619301, 72.0396914082219, 14.315069096538585, 44.48747461628318, 41.92996916926581, 34.208525437685914, 21.64437299623242, 17.688215185450893, 91.57872476282938, 12.894167231509929, 34.37878018046159, 5.976083611867487, 61.62347343254942, 39.80636840636089], [68.60055598421742, 68.07360413191796, 83.74321193958076, 67.1925741155349, 35.214236204968806, 37.61696860152067, 67.05292122393699, 77.35577759597251, 100.687314793158, 100.21216222697426, 96.05455405231662, 83.46948613575191, 26.84593199789981, 37.43525944547956, 25.20634737721434, 50.74092325768438, 71.23688822610104, 91.41140596544695, 61.31132475539156, 36.520466392314724, 0.0, 17.107705173695877, 102.9755261395138, 102.35085698034445, 68.25083842782223, 44.133699474065, 68.02320903327202, 23.878191758318835, 43.8912226929241, 76.95862937105946, 78.53513319711348, 81.92063478386221, 91.41138392905768, 75.883020468623, 83.08297079524012, 76.69804232575045, 31.331323032317254, 47.95414456809776, 45.96853673718962, 99.76457490298964, 98.9375060481055, 52.70527625039033, 55.85651491464654, 95.3239057886183, 75.31781827995212, 74.30006118142242, 65.71875479571355, 75.51680908144755, 39.72565723255534, 63.30912118948721, 108.23697916809313, 66.99446781637815, 79.42859014439838, 67.75915856548096, 79.14874777550384, 26.256474063200084, 44.34658248710169, 73.91861524792583, 18.993854004883318, 30.19567163633943, 52.69924918882861, 101.56687107489516, 41.642797755827296, 69.35976863071537, 42.32891408165652, 96.7512981514575, 71.81188104015067], [72.99630724553917, 54.8770881331077, 72.75014586219174, 74.1000410131819, 24.78338032253279, 30.884952263761242, 77.20617241268576, 79.79332175288096, 100.06302497348648, 89.01902001442916, 88.96427393989141, 78.59559493591011, 32.64913387994806, 20.63172796816633, 27.705259968711648, 48.02790873986024, 75.9471871176095, 89.08118531473602, 53.801117546875965, 39.7249065698261, 17.107705173695877, 0.0, 93.65825421022045, 94.16744056962638, 71.25532370831655, 55.904143263803945, 79.57571819194793, 7.568706900506308, 36.32570236553027, 70.83247434748607, 77.20830100066325, 72.11826508506249, 90.61767322905243, 78.03128615030619, 86.5750297876451, 77.72951639381883, 15.398140916418159, 33.83439810980709, 28.916042952300355, 97.44685425288063, 88.08144906974978, 52.13878435516746, 39.12605966378208, 79.63107429693282, 65.73647967926895, 78.4854688902694, 63.235633365814216, 67.5731834348999, 48.57525227135938, 56.0068907628432, 102.75447355310159, 66.21297702234664, 70.23939218647068, 62.97948161235015, 63.66713262077874, 35.13712226536791, 29.172115176986928, 68.98194303684029, 6.534471961643506, 42.23400845619114, 57.39087370192616, 86.20169933546212, 39.33436488047535, 74.09690685679124, 45.60848193479886, 93.85045074176443, 67.02438539684871], [73.13360071027962, 43.83289082766671, 22.784303074722057, 84.01823696176511, 69.03419048323282, 65.37236995943505, 99.42010635706619, 64.92139570355114, 52.96349863584808, 13.722672028795998, 15.29845505517088, 30.852166949578397, 84.33467469021595, 90.86728073660271, 81.1671079914787, 57.04425380220046, 74.75729611751568, 41.819734735460614, 41.96386114692472, 75.93967411140315, 102.9755261395138, 93.65825421022045, 0.0, 7.575684082631839, 67.26745264102193, 99.43863740369504, 107.12653439885686, 94.36294886298684, 59.08528525171488, 30.31258747967483, 47.76616002710787, 21.57430320304344, 50.02835601631618, 63.51960542161673, 70.86283085391096, 58.464747295976004, 95.50543406017815, 62.767161328774016, 80.86190394635022, 42.959904765411764, 11.709752060250878, 60.09684920223933, 72.73512553543057, 54.46798566317051, 27.93498945414772, 72.73815621146234, 48.064682407797754, 27.98296520547133, 88.69229761526431, 40.18923976239735, 26.351208272094922, 53.02587404356403, 23.578527561268885, 40.51597206515942, 53.14393268283944, 89.83539571755854, 68.8946012280718, 35.869026520991845, 87.64245161675038, 97.52274544925712, 74.8517391815898, 51.29288531130515, 64.45920985387852, 74.67707011819554, 73.6619959765882, 39.08505621368646, 37.687749824098404], [67.64338841128323, 47.221695103034676, 26.568962950118017, 78.61086321156222, 69.388819565006, 64.81412802713007, 94.16868386523038, 58.83676447334404, 45.538901793907684, 20.9327859709098, 8.919805960349112, 25.456412285565698, 82.2152989540202, 93.02439232918042, 79.5747870966682, 54.530993537207564, 69.07047717689814, 34.84265208115871, 41.048032794897544, 73.3381140132079, 102.35085698034445, 94.16744056962638, 7.575684082631839, 0.0, 61.87092550783659, 95.64681963089893, 101.95502083552557, 95.47063186647016, 58.63952522686971, 26.938662908251022, 41.895618951471604, 23.40525969048711, 43.02098221523978, 57.5562758280902, 64.40413607234477, 52.498866323347535, 97.21220261628325, 64.75157375908557, 83.59693101592016, 35.51161703636556, 18.655015474664705, 56.77524866942429, 76.20663396632142, 61.122739585248624, 28.952670489424815, 66.84326875840435, 43.97366589650472, 26.85622430121084, 85.25332718111937, 39.04523182139207, 18.97834993102776, 48.285978108839565, 24.227944417755307, 37.27223988953466, 58.50987350409665, 87.48245149164217, 70.92852182511521, 31.96286349127481, 87.96015862868872, 94.70997661804095, 70.63789306193871, 58.34713795704033, 62.53663321635474, 69.12310517901027, 70.5430881797527, 31.760410266227474, 33.961922100767374], [5.945661926192408, 66.52482734118324, 63.11253157333835, 16.757287249804676, 54.683558169611615, 45.6100270846949, 32.31406629605772, 9.22050476858111, 35.55282038713482, 74.21995269635595, 52.964526643709895, 36.486290079365936, 41.405118911998024, 83.92598157957939, 44.18740133988469, 28.432747643483065, 8.287162399825963, 32.204682482362145, 41.19365002491483, 32.06722461617782, 68.25083842782223, 71.25532370831655, 67.26745264102193, 61.87092550783659, 0.0, 39.24486144450162, 40.13805261389574, 77.10559188620182, 44.59328685415629, 38.71353501794271, 20.391508506700017, 56.640513198485706, 27.77544291528856, 8.145753031356284, 15.33003424432147, 11.360116952482146, 83.32509021997231, 64.75283823932627, 81.92420457725112, 38.822155351045964, 71.69023794327103, 21.599236473455385, 82.79449105887673, 98.36711635077891, 52.73628354896066, 8.439217003068853, 22.1618543744064, 45.77165420652261, 32.836110572615205, 40.499064267741446, 55.77278793764494, 15.445495726751957, 52.727955135718496, 31.08328405826836, 85.74324975483904, 43.1107157166466, 68.40262963096269, 32.86897324308826, 65.31467378860648, 45.13122183515148, 16.11226408043778, 100.28619260232648, 33.928903125081035, 7.616669329182141, 26.1031637677422, 38.102758497301224, 31.740396590699714], [36.01697352084521, 81.88892242376276, 87.98270310184675, 28.997031203739947, 54.27795459908851, 48.18152941009763, 23.434541028849715, 47.594734542412915, 74.6250505894148, 102.65144739716501, 87.19837116425998, 70.89818335060195, 25.921606621414966, 75.09375252139279, 32.46877316816186, 43.9883177811618, 37.29388869730488, 70.82292237605124, 61.629775118243984, 27.283023297108613, 44.133699474065, 55.904143263803945, 99.43863740369504, 95.64681963089893, 39.24486144450162, 0.0, 23.932170612082018, 63.40761316695374, 52.1547975821508, 69.13435657843102, 57.88575885189868, 83.04556424238359, 67.01049826592251, 47.132715690319586, 49.87839383307828, 50.52815664819113, 71.15906821523433, 69.42917601088432, 78.8940575208448, 77.92604059419544, 100.49983280133675, 39.50314827841425, 84.9376953418749, 114.66202435621155, 77.18499076928113, 40.978870503740175, 51.676649850914174, 72.8791214270342, 11.648883237309352, 62.4196480950664, 93.4328859494729, 48.12707459061735, 79.32654231216512, 58.95076782802717, 99.19265759310245, 21.286628663742547, 69.73059285435804, 63.737589558619845, 52.605924182148605, 13.983475050975194, 25.4239736149123, 118.85585060778992, 40.0262460276148, 35.76287345108585, 26.801675404206488, 76.78544051947883, 61.81666895537537], [34.544455518602334, 98.45595679850418, 100.26773096419711, 23.579573063115017, 74.96164073944493, 67.56004150361925, 7.885891553580067, 45.093417951627735, 70.4763675820051, 113.05540991729953, 93.06411923868184, 76.51538515381688, 48.19636857071591, 98.24696873113253, 54.51357620901578, 57.982657802097954, 33.72122115424982, 71.27774934111777, 75.15925901573195, 46.169167480857865, 68.02320903327202, 79.57571819194793, 107.12653439885686, 101.95502083552557, 40.13805261389574, 23.932170612082018, 0.0, 87.01628352106292, 70.17099877496459, 77.65629519336724, 60.462707408848864, 94.36487892037447, 65.19835158587911, 45.710450781240006, 43.27738725146401, 50.4877844452716, 94.69824946487613, 89.32050549788265, 101.05176534857002, 76.58498205308555, 110.63189364221917, 51.62583932874081, 105.98572116128844, 131.51649975307754, 89.42130777180179, 36.76827821684203, 59.899439747233934, 83.52558296385062, 31.90145436683223, 75.30272080989266, 95.23633624721323, 54.20443482838296, 90.44552858959408, 68.58610676947204, 116.92430144761042, 44.525886651094034, 90.59215932521488, 71.80260728212755, 75.89246992262485, 37.9153986521883, 34.785015252362086, 134.78100305522153, 57.25843419908552, 33.23911231185909, 43.037583705330896, 76.9010519958325, 70.30582617815686], [79.18996647528384, 53.638534929352566, 72.71519360668684, 80.84818351659669, 26.97617862002566, 34.50593992317474, 84.48895490247176, 85.40677168569633, 104.54178642869225, 88.67128089381787, 90.86412914890886, 81.62588934728757, 39.708238315041136, 13.582879558696156, 34.380196596908796, 52.4957337798788, 82.19443148650348, 93.02474711976923, 56.072136874490766, 46.131031380078916, 23.878191758318835, 7.568706900506308, 94.36294886298684, 95.47063186647016, 77.10559188620182, 63.40761316695374, 87.01628352106292, 0.0, 39.22501125367141, 73.4161413881367, 81.64235843271247, 72.8018154918136, 95.10847114114584, 83.57673496212668, 92.43184115284829, 82.94195335502995, 7.830918861276094, 32.520282370696606, 23.376016536411147, 101.32436550529718, 87.95004948360719, 57.229906925033454, 34.323902592853, 75.84043692690186, 66.65010640193702, 84.5828541748216, 67.44891713429567, 69.3328649945521, 55.82295779127462, 58.32415255976516, 105.28112452233923, 70.97885418421558, 71.29575774101063, 66.29032756687253, 60.24453902047646, 42.518698411607765, 27.022459270868058, 72.12167575570325, 11.922554944095506, 49.78249453555662, 63.81190320117141, 82.70558635037534, 44.233714573081535, 80.36489648847198, 51.89608312228112, 97.53169612006046, 70.2597987717132], [48.63146824631418, 29.900564428862126, 40.70350452088571, 54.60525997930403, 12.367627705872964, 6.310078498674713, 64.58997638845338, 51.136817413448725, 66.30853389334378, 57.05307948685716, 52.86410222398238, 42.433165051874006, 29.051930540621903, 41.76946138927434, 23.965774858255706, 16.245900549150157, 51.74486845113412, 54.1314714978578, 17.67747446122209, 24.914328585052075, 43.8912226929241, 36.32570236553027, 59.08528525171488, 58.63952522686971, 44.59328685415629, 52.1547975821508, 70.17099877496459, 39.22501125367141, 0.0, 34.50677198915146, 43.61934838213158, 38.1789469155658, 56.99382127310509, 49.08839288508573, 59.01235824075939, 47.11465082147684, 43.2506141992321, 20.35647768163201, 37.7047134937915, 62.33649741602281, 55.55612134262693, 23.017120851750107, 38.323867550971904, 62.50747623718254, 31.555965216931288, 52.97217007057615, 29.30789097404247, 31.789915440056973, 40.62111176861752, 19.815903796184738, 66.43025153402766, 34.15962446755398, 35.554255854681664, 27.085880672867013, 47.147146281073184, 35.11068573800148, 23.841300284576683, 32.89942986182746, 29.871042161467276, 44.39486612767411, 37.040083610058936, 66.8509697679752, 12.930051724699936, 50.21580636269521, 27.133984616948652, 58.417302283506345, 31.036908258508703], [44.65703926737694, 36.42478221993811, 25.439580628491044, 55.1596964945119, 46.46493092067765, 40.19613740360813, 70.12018421863203, 38.666824736749675, 38.81355123389061, 35.54802905306457, 19.368631440785318, 9.34043185655325,