instance_id,num_cities,city_coordinates,distance_matrix,best_route,total_distance
2097,32,"[[19.628135547323232, 51.65546411008477], [67.10345201418264, 93.05901280317154], [45.4591798822375, 15.781559635837205], [71.18927489416616, 67.8352733199543], [19.644917137165073, 80.02377680258921], [66.4684145355767, 54.815601016669234], [24.84300568425809, 82.85535120909053], [72.01781011553486, 76.45184990564556], [46.909114667281436, 94.3089352286904], [6.9930591413759124, 13.860237929414787], [38.278283046280315, 70.19631081410188], [7.589578920201079, 34.37958480200085], [23.73340494934024, 54.03742008846969], [94.21253182757843, 66.17308836812164], [1.3634375236960539, 70.71061616178261], [29.367856030147077, 38.28967890287007], [81.18349577741998, 53.00880818194757], [30.19067668797859, 96.66002834952059], [5.916256209977999, 25.55962929049952], [61.64479818927971, 69.80777779242032], [64.22210133849909, 31.901281755621802], [44.37021124069995, 68.67344997965078], [71.9480076057493, 72.80284379628212], [86.93130273153248, 29.811630667161303], [39.28700422901562, 86.4004381971607], [9.640880188627, 94.5852912431598], [18.06640992734152, 78.36775895312711], [96.14083984507276, 96.30924929197448], [91.29806509657647, 47.68576641178255], [53.899090408283556, 54.75054182307194], [20.37582576655561, 43.62741612504368], [62.309653606667666, 23.661777113279314]]","[[0.0, 62.993329154833994, 44.206106746237516, 54.04014541812719, 28.368317656171754, 46.946759216859434, 31.632701837430847, 57.9615281879749, 50.6317135816014, 39.851276991234904, 26.29811776980849, 21.056658128295407, 4.746256540274738, 75.9841666571904, 26.39503767013063, 16.53802797460863, 61.570235611322964, 46.22746021283823, 29.478945535635994, 45.770147821368106, 48.77345082601741, 30.02968785507987, 56.43208909656158, 70.75923524535722, 39.92097621746747, 44.07624447789888, 26.757908787753454, 88.58981008008321, 71.77978337534063, 34.41043232991137, 8.062790777023677, 51.04271246245893], [62.993329154833994, 0.0, 80.25135066870368, 25.55251420357319, 49.21615497236624, 38.248683868483866, 43.47482068888792, 17.319029275721253, 20.23298215662396, 99.42688405470211, 36.79121509639399, 83.57736751771449, 58.340772024363176, 38.180559726859386, 69.43486399245145, 66.51056412445374, 42.45310969265489, 37.08800743161953, 91.10455370053056, 23.883400744142584, 61.22556858536057, 33.33850491976227, 20.827436273229775, 66.28253926282561, 28.602296816317658, 57.48283819265984, 51.19047212434236, 29.218725661374627, 51.42091782825776, 40.52029262298676, 68.02171568614705, 69.56261082341824], [44.206106746237516, 80.25135066870368, 0.0, 58.06571189291418, 69.23466348276533, 44.32882050359084, 70.17065023621814, 66.22873214317045, 78.54076029923517, 38.51407433588547, 54.8865231651734, 42.18996583436785, 43.994546882610315, 70.1155866686069, 70.43887949833793, 27.668504409379093, 51.595491862106165, 82.30707072459424, 40.73393497713631, 56.39863906411192, 24.73646423385756, 52.903099312273305, 62.87356234119468, 43.78104460575392, 70.88809322836369, 86.56199343927005, 68.31834446753955, 95.14903813462129, 55.848740430699245, 39.87246747314093, 37.47754497442673, 18.602050753330815], [54.04014541812719, 25.55251420357319, 58.06571189291418, 0.0, 52.96584214121325, 13.849129554243818, 48.71939459263623, 8.65631923337693, 35.92187293977389, 83.87167914372996, 32.99557367981923, 71.86239922373252, 49.42105164823815, 23.083180427229152, 69.88501385093512, 51.20520701314046, 17.880394837692915, 50.117377798393576, 77.76758351814432, 9.746168963445, 36.603186433701445, 26.832158231523835, 5.025179774387193, 41.15347908767514, 36.91097696499488, 67.11012106769482, 54.15692048017941, 37.85958136528313, 28.466929445358407, 21.683188831474045, 56.285228632505806, 45.05713529875735], [28.368317656171754, 49.21615497236624, 69.23466348276533, 52.96584214121325, 0.0, 53.17792808179821, 5.919285274674038, 52.49455762915699, 30.77989958105798, 67.36232913853021, 21.066120023816758, 47.20935757783585, 26.306015811288674, 75.84306646442141, 20.517004118027383, 42.851726548880194, 67.2071810942632, 19.697154871614103, 56.16777986597244, 43.224491254004946, 65.5964929006503, 27.20606710816196, 52.799196452659025, 83.95663943893575, 20.651232308626533, 17.666874598260463, 2.2878112092570104, 78.2102474432648, 78.61247056624809, 42.56858927446038, 36.40369896033232, 70.68914164841637], [46.946759216859434, 38.248683868483866, 44.32882050359084, 13.849129554243818, 53.17792808179821, 0.0, 50.18866657815112, 22.336585622887586, 44.07141543586156, 72.21260045778253, 32.113077511454115, 62.32453804199927, 42.74209412151838, 29.978801898187175, 67.01723314328108, 40.61474539038946, 14.825589914119758, 55.38077610645529, 67.24935508635613, 15.749052007395044, 23.024160140525744, 26.083913946003396, 18.80337318215589, 32.309879705118966, 41.67050522818005, 69.36135033766837, 53.828042817470845, 51.01152488352377, 25.8330425709864, 12.569492500320967, 47.43102592817582, 31.43017715933605], [31.632701837430847, 43.47482068888792, 70.17065023621814, 48.71939459263623, 5.919285274674038, 50.18866657815112, 0.0, 47.60742591311183, 24.861571803582674, 71.26672609331116, 18.45963113164565, 51.454646669250415, 28.83928514827955, 71.34724276973832, 26.43453631853201, 44.79479231739016, 63.75787758864601, 14.804279655408608, 60.34087831507487, 39.04626875446698, 64.39744069770768, 24.1337539418367, 48.16569434056005, 81.66145308014588, 14.872684213481508, 19.20146121491221, 8.12777548339289, 72.55610608107122, 75.18759615993719, 40.4244526260305, 39.4814714438978, 70.05447109769719], [57.9615281879749, 17.319029275721253, 66.22873214317045, 8.65631923337693, 52.49455762915699, 22.336585622887586, 47.60742591311183, 0.0, 30.811070791967705, 90.25479560131096, 34.31453709702043, 76.94850528704727, 53.23335839755317, 24.459325637072244, 70.88724942645224, 57.23084726902759, 25.17113423967087, 46.4529823239164, 83.42321947677358, 12.31840373863305, 45.227493826501856, 28.720954527182553, 3.6496736808301202, 48.96654278812517, 34.20935636598669, 64.95924169698598, 53.985408118720464, 31.244789545144094, 34.629695229815084, 28.270740639833118, 61.19099607391055, 53.675321035127375], [50.6317135816014, 20.23298215662396, 78.54076029923517, 35.92187293977389, 30.77989958105798, 44.07141543586156, 24.861571803582674, 30.811070791967705, 0.0, 89.80692838471677, 25.61073818985082, 71.6767251897775, 46.46405549044659, 55.03852426802936, 51.296095068253486, 58.70138698423404, 53.66967201837664, 16.88294427315955, 80.04299789165496, 28.591031540981238, 64.76461008523383, 25.760903217147394, 33.00694060774431, 75.90571673565121, 10.983664817848132, 37.269259099191935, 32.95485878840834, 49.27234539103395, 64.37467507292212, 40.17121170307757, 57.20692089723662, 72.30627600289927], [39.851276991234904, 99.42688405470211, 38.51407433588547, 83.87167914372996, 67.36232913853021, 72.21260045778253, 71.26672609331116, 90.25479560131096, 89.80692838471677, 0.0, 64.44003680049211, 20.52801578146405, 43.525224227017006, 101.70482159997007, 57.12843551788837, 33.127467788668966, 83.88582383850304, 85.98799191428937, 11.748840911889616, 78.21086751649523, 60.00535420393106, 66.34410082531934, 87.7118926736065, 81.51423015985026, 79.40390131604475, 80.7684665497943, 65.45104557036298, 121.42967627008616, 90.83776971182127, 62.22694530288106, 32.6371466319338, 56.17825018288108], [26.29811776980849, 36.79121509639399, 54.8865231651734, 32.99557367981923, 21.066120023816758, 32.113077511454115, 18.45963113164565, 34.31453709702043, 25.61073818985082, 64.44003680049211, 0.0, 47.16603039438392, 21.74081940354984, 56.07875271061214, 36.9184280535739, 33.127463976716854, 46.21977419064983, 27.67196636311323, 55.13378382074874, 23.36974513846818, 46.25571270848065, 6.2793864546681615, 33.770465885114795, 63.2300459834107, 16.2354939152123, 37.61546502172345, 21.80120133535901, 63.48197409692488, 57.60053730608505, 21.967735485595156, 32.03754269057839, 52.373367256303496], [21.056658128295407, 83.57736751771449, 42.18996583436785, 71.86239922373252, 47.20935757783585, 62.32453804199927, 51.454646669250415, 76.94850528704727, 71.6767251897775, 20.52801578146405, 47.16603039438392, 0.0, 25.437248416624204, 92.2733051288543, 36.86066570688488, 22.12650423711911, 75.91516687808308, 66.2545339488886, 8.977283782827131, 64.63067065097327, 56.68672314968222, 50.2880115208243, 74.95568140317592, 79.47311081322783, 60.9171236941518, 60.240641804124685, 45.21861843424666, 108.0583599506554, 84.75945449902873, 50.591963237446805, 15.780066305163718, 55.75982402541188], [4.746256540274738, 58.340772024363176, 43.994546882610315, 49.42105164823815, 26.306015811288674, 42.74209412151838, 28.83928514827955, 53.23335839755317, 46.46405549044659, 43.525224227017006, 21.74081940354984, 25.437248416624204, 0.0, 71.51630422576763, 27.900016306868345, 16.72538165276463, 57.45929845211174, 43.10896766661923, 33.59219191915752, 41.06066145964874, 46.14480637714782, 25.300022626129216, 51.737694539369805, 67.68207411991743, 35.906536893108765, 42.927020736462325, 24.98159766404898, 83.84356965438688, 67.86255819846541, 30.174113438778384, 10.938076635643666, 49.099965851599], [75.9841666571904, 38.180559726859386, 70.1155866686069, 23.083180427229152, 75.84306646442141, 29.978801898187175, 71.34724276973832, 24.459325637072244, 55.03852426802936, 101.70482159997007, 56.07875271061214, 92.2733051288543, 71.51630422576763, 0.0, 92.95990249311522, 70.58552615572728, 18.521718419639786, 70.91016460949254, 97.18891575786277, 32.76992892189855, 45.54099965311354, 49.904997041113816, 23.230641314041236, 37.08331030649548, 58.53169451747328, 89.21668864709385, 77.11641764969724, 30.19779076420472, 18.715640236001935, 41.90045499324257, 77.20211460079433, 53.15077820111711], [26.39503767013063, 69.43486399245145, 70.43887949833793, 69.88501385093512, 20.517004118027383, 67.01723314328108, 26.43453631853201, 70.88724942645224, 51.296095068253486, 57.12843551788837, 36.9184280535739, 36.86066570688488, 27.900016306868345, 92.95990249311522, 0.0, 42.841155780753624, 81.75937686518185, 38.78635985399853, 45.37994902422144, 60.28812122479327, 73.8740553484892, 43.05499543141537, 70.61557158405539, 94.83979423594143, 41.04104563914836, 25.26887744464625, 18.374469321424797, 98.17355045490747, 92.8352354587566, 54.90645496576006, 33.09034044743632, 76.99373033334751], [16.53802797460863, 66.51056412445374, 27.668504409379093, 51.20520701314046, 42.851726548880194, 40.61474539038946, 44.79479231739016, 57.23084726902759, 58.70138698423404, 33.127467788668966, 33.127463976716854, 22.12650423711911, 16.72538165276463, 70.58552615572728, 42.841155780753624, 0.0, 53.86569677590148, 58.376148625607776, 26.68392207413989, 45.11309735271412, 35.434870313375605, 33.88575226713757, 54.81083705948222, 58.18442831230915, 49.12264916374409, 59.65190310979271, 41.64102765938216, 88.45847565770376, 62.63894360129961, 29.54219809345171, 10.456961648314604, 36.04355057896447], [61.570235611322964, 42.45310969265489, 51.595491862106165, 17.880394837692915, 67.2071810942632, 14.825589914119758, 63.75787758864601, 25.17113423967087, 53.66967201837664, 83.88582383850304, 46.21977419064983, 75.91516687808308, 57.45929845211174, 18.521718419639786, 81.75937686518185, 53.86569677590148, 0.0, 67.1244860003146, 80.11625786266742, 25.767539335652238, 27.077972101889337, 40.00748581243091, 21.84257511537075, 23.898667942675168, 53.575339094945534, 82.74629773606232, 68.02090054109311, 45.81102860535939, 11.429754424262285, 27.339941704838814, 61.527093617978686, 34.89226491404432], [46.22746021283823, 37.08800743161953, 82.30707072459424, 50.117377798393576, 19.697154871614103, 55.38077610645529, 14.804279655408608, 46.4529823239164, 16.88294427315955, 85.98799191428937, 27.67196636311323, 66.2545339488886, 43.10896766661923, 70.91016460949254, 38.78635985399853, 58.376148625607776, 67.1244860003146, 0.0, 75.12998227002865, 41.35704437456701, 73.15622409718023, 31.373679557627337, 48.09199455401584, 87.68242079523857, 13.711395436943274, 20.654265182409016, 21.94549986109504, 65.95109602117734, 78.31086291483078, 48.150741863897856, 53.93319254375264, 79.75194895331826], [29.478945535635994, 91.10455370053056, 40.73393497713631, 77.76758351814432, 56.16777986597244, 67.24935508635613, 60.34087831507487, 83.42321947677358, 80.04299789165496, 11.748840911889616, 55.13378382074874, 8.977283782827131, 33.59219191915752, 97.18891575786277, 45.37994902422144, 26.68392207413989, 80.11625786266742, 75.12998227002865, 0.0, 71.15875938341554, 58.649707008129866, 57.77117094123222, 81.19183154254085, 81.12655100888223, 69.39172034015994, 69.12607924499451, 54.18786574336039, 114.65593845274354, 88.20214981879661, 56.16459518403364, 23.14139306221718, 56.425323329401884], [45.770147821368106, 23.883400744142584, 56.39863906411192, 9.746168963445, 43.224491254004946, 15.749052007395044, 39.04626875446698, 12.31840373863305, 28.591031540981238, 78.21086751649523, 23.36974513846818, 64.63067065097327, 41.06066145964874, 32.76992892189855, 60.28812122479327, 45.11309735271412, 25.767539335652238, 41.35704437456701, 71.15875938341554, 0.0, 37.99401180858371, 17.311789446237633, 10.729703847129993, 47.319119780810965, 27.842186158357976, 57.604970794369706, 44.41113825359452, 43.50063081795356, 36.99594066651702, 16.93270043629259, 48.87268584661791, 46.150789932625344], [48.77345082601741, 61.22556858536057, 24.73646423385756, 36.603186433701445, 65.5964929006503, 23.024160140525744, 64.39744069770768, 45.227493826501856, 64.76461008523383, 60.00535420393106, 46.25571270848065, 56.68672314968222, 46.14480637714782, 45.54099965311354, 73.8740553484892, 35.434870313375605, 27.077972101889337, 73.15622409718023, 58.649707008129866, 37.99401180858371, 0.0, 41.78863357841917, 41.62484120109434, 22.805141297103468, 59.93260482157188, 83.11675371214277, 65.49413220120016, 71.88318405590344, 31.340991836400036, 25.07295834749703, 45.3872020373645, 8.458539653992915], [30.02968785507987, 33.33850491976227, 52.903099312273305, 26.832158231523835, 27.20606710816196, 26.083913946003396, 24.1337539418367, 28.720954527182553, 25.760903217147394, 66.34410082531934, 6.2793864546681615, 50.2880115208243, 25.300022626129216, 49.904997041113816, 43.05499543141537, 33.88575226713757, 40.00748581243091, 31.373679557627337, 57.77117094123222, 17.311789446237633, 41.78863357841917, 0.0, 27.885242434753224, 57.6340828778215, 18.44139649775396, 43.330704506040135, 28.03336565605101, 58.68505252381508, 51.40725949769614, 16.871482143751876, 34.68478551365071, 48.45486855447158], [56.43208909656158, 20.827436273229775, 62.87356234119468, 5.025179774387193, 52.799196452659025, 18.80337318215589, 48.16569434056005, 3.6496736808301202, 33.00694060774431, 87.7118926736065, 33.770465885114795, 74.95568140317592, 51.737694539369805, 23.230641314041236, 70.61557158405539, 54.81083705948222, 21.84257511537075, 48.09199455401584, 81.19183154254085, 10.729703847129993, 41.62484120109434, 27.885242434753224, 0.0, 45.52739328294349, 35.37846400094008, 66.00494787324281, 54.16820884135529, 33.73194674322792, 31.70634481042014, 25.52741699688675, 59.2528102241111, 50.07736317494104], [70.75923524535722, 66.28253926282561, 43.78104460575392, 41.15347908767514, 83.95663943893575, 32.309879705118966, 81.66145308014588, 48.96654278812517, 75.90571673565121, 81.51423015985026, 63.2300459834107, 79.47311081322783, 67.68207411991743, 37.08331030649548, 94.83979423594143, 58.18442831230915, 23.898667942675168, 87.68242079523857, 81.12655100888223, 47.319119780810965, 22.805141297103468, 57.6340828778215, 45.52739328294349, 0.0, 73.97480866797999, 100.84362409828167, 84.2619193648939, 67.13232348590937, 18.39981907981466, 41.38932640923989, 67.97431457435817, 25.378067388241984], [39.92097621746747, 28.602296816317658, 70.88809322836369, 36.91097696499488, 20.651232308626533, 41.67050522818005, 14.872684213481508, 34.20935636598669, 10.983664817848132, 79.40390131604475, 16.2354939152123, 60.9171236941518, 35.906536893108765, 58.53169451747328, 41.04104563914836, 49.12264916374409, 53.575339094945534, 13.711395436943274, 69.39172034015994, 27.842186158357976, 59.93260482157188, 18.44139649775396, 35.37846400094008, 73.97480866797999, 0.0, 30.755235164158783, 22.69003213646405, 57.710858264024736, 64.83807726960042, 34.86013486779576, 46.76712614669434, 66.82949931702642], [44.07624447789888, 57.48283819265984, 86.56199343927005, 67.11012106769482, 17.666874598260463, 69.36135033766837, 19.20146121491221, 64.95924169698598, 37.269259099191935, 80.7684665497943, 37.61546502172345, 60.240641804124685, 42.927020736462325, 89.21668864709385, 25.26887744464625, 59.65190310979271, 82.74629773606232, 20.654265182409016, 69.12607924499451, 57.604970794369706, 83.11675371214277, 43.330704506040135, 66.00494787324281, 100.84362409828167, 30.755235164158783, 0.0, 18.275609564559424, 86.51713733082491, 94.16719851678727, 59.54491106054741, 52.076329489650156, 88.34106944050578], [26.757908787753454, 51.19047212434236, 68.31834446753955, 54.15692048017941, 2.2878112092570104, 53.828042817470845, 8.12777548339289, 53.985408118720464, 32.95485878840834, 65.45104557036298, 21.80120133535901, 45.21861843424666, 24.98159766404898, 77.11641764969724, 18.374469321424797, 41.64102765938216, 68.02090054109311, 21.94549986109504, 54.18786574336039, 44.41113825359452, 65.49413220120016, 28.03336565605101, 54.16820884135529, 84.2619193648939, 22.69003213646405, 18.275609564559424, 0.0, 80.10938573324401, 79.39937018095834, 42.91566072446579, 34.817019133337375, 70.35772210873508], [88.58981008008321, 29.218725661374627, 95.14903813462129, 37.85958136528313, 78.2102474432648, 51.01152488352377, 72.55610608107122, 31.244789545144094, 49.27234539103395, 121.42967627008616, 63.48197409692488, 108.0583599506554, 83.84356965438688, 30.19779076420472, 98.17355045490747, 88.45847565770376, 45.81102860535939, 65.95109602117734, 114.65593845274354, 43.50063081795356, 71.88318405590344, 58.68505252381508, 33.73194674322792, 67.13232348590937, 57.710858264024736, 86.51713733082491, 80.10938573324401, 0.0, 48.864051762671004, 59.25783966671665, 92.28062041483159, 80.13865719022212], [71.77978337534063, 51.42091782825776, 55.848740430699245, 28.466929445358407, 78.61247056624809, 25.8330425709864, 75.18759615993719, 34.629695229815084, 64.37467507292212, 90.83776971182127, 57.60053730608505, 84.75945449902873, 67.86255819846541, 18.715640236001935, 92.8352354587566, 62.63894360129961, 11.429754424262285, 78.31086291483078, 88.20214981879661, 36.99594066651702, 31.340991836400036, 51.40725949769614, 31.70634481042014, 18.39981907981466, 64.83807726960042, 94.16719851678727, 79.39937018095834, 48.864051762671004, 0.0, 38.06040408807469, 71.03825897806499, 37.64943641706838], [34.41043232991137, 40.52029262298676, 39.87246747314093, 21.683188831474045, 42.56858927446038, 12.569492500320967, 40.4244526260305, 28.270740639833118, 40.17121170307757, 62.22694530288106, 21.967735485595156, 50.591963237446805, 30.174113438778384, 41.90045499324257, 54.90645496576006, 29.54219809345171, 27.339941704838814, 48.150741863897856, 56.16459518403364, 16.93270043629259, 25.07295834749703, 16.871482143751876, 25.52741699688675, 41.38932640923989, 34.86013486779576, 59.54491106054741, 42.91566072446579, 59.25783966671665, 38.06040408807469, 0.0, 35.32043597598229, 32.20634820178874], [8.062790777023677, 68.02171568614705, 37.47754497442673, 56.285228632505806, 36.40369896033232, 47.43102592817582, 39.4814714438978, 61.19099607391055, 57.20692089723662, 32.6371466319338, 32.03754269057839, 15.780066305163718, 10.938076635643666, 77.20211460079433, 33.09034044743632, 10.456961648314604, 61.527093617978686, 53.93319254375264, 23.14139306221718, 48.87268584661791, 45.3872020373645, 34.68478551365071, 59.2528102241111, 67.97431457435817, 46.76712614669434, 52.076329489650156, 34.817019133337375, 92.28062041483159, 71.03825897806499, 35.32043597598229, 0.0, 46.4442962964479], [51.04271246245893, 69.56261082341824, 18.602050753330815, 45.05713529875735, 70.68914164841637, 31.43017715933605, 70.05447109769719, 53.675321035127375, 72.30627600289927, 56.17825018288108, 52.373367256303496, 55.75982402541188, 49.099965851599, 53.15077820111711, 76.99373033334751, 36.04355057896447, 34.89226491404432, 79.75194895331826, 56.425323329401884, 46.150789932625344, 8.458539653992915, 48.45486855447158, 50.07736317494104, 25.378067388241984, 66.82949931702642, 88.34106944050578, 70.35772210873508, 80.13865719022212, 37.64943641706838, 32.20634820178874, 46.4442962964479, 0.0]]",Route_2,1624.977379084509
