instance_id,num_cities,city_coordinates,distance_matrix,best_route,total_distance
83,46,"[[16.264605399258368, 69.11117567391486], [21.107474964940977, 29.139449307213994], [35.12695243410967, 25.404082182118103], [84.97280233914496, 85.27058332359896], [13.85240338571797, 5.463369598756451], [80.74415491499626, 68.31728643500722], [21.860155699027317, 52.30474343590775], [76.65348137233686, 32.58889923021935], [76.97209311353276, 24.904097625498423], [93.8940344946529, 86.22032633728467], [4.02191782973248, 42.17858681421915], [19.717264867128993, 54.187843979649685], [8.750542586275746, 80.11469701911993], [24.520929360402064, 52.56846628661287], [99.9154134412951, 5.621994969360644], [50.835156291592256, 50.787462376725436], [39.89682766483078, 25.636874963512778], [42.27992290012664, 79.04541434458369], [61.93007708299352, 74.7520558081482], [10.923673902438768, 87.01215789696433], [8.62176942579933, 18.229603447235355], [35.06560452251447, 76.00990483428977], [35.57397635463566, 52.854334120285685], [70.79159853949356, 43.94847110519334], [33.38390575082625, 83.36448818288642], [74.29569517801863, 43.25098089743037], [56.732624946646126, 93.52452302675597], [18.98028416704143, 76.46135941637773], [10.766105628251498, 47.263910996149995], [70.78816749525001, 17.4256475924609], [71.49979038606007, 60.830692438054626], [99.43834122168944, 41.26623502346366], [98.02825714857507, 57.29929120759938], [31.118441954507446, 9.817764765647297], [74.50333994906173, 63.2322432704807], [39.367138011038996, 67.66591238668308], [53.11664192974235, 67.2644103534864], [61.10739018737841, 24.47421708027886], [14.296925260193738, 19.641544761237583], [24.943630270140837, 56.3334257800557], [94.98555216677848, 30.55024006520227], [65.0294234476636, 7.547935092090475], [81.93054324197563, 36.77764759263521], [17.461145567156677, 9.456407331058669], [80.90658200990191, 9.008488683398074], [22.03629918638136, 51.84072519848165]]","[[0.0, 40.26403226658532, 47.603551938524774, 70.58287881858398, 63.69349995670751, 64.48443661749823, 17.713451039477565, 70.57402509366723, 75.09770179011845, 79.49246063683508, 29.584586216650536, 15.31752872555283, 13.32436197166048, 18.488594300921985, 105.0158738125871, 39.12648026588954, 49.48228724976123, 27.847546438363203, 46.01255081808446, 18.68075784875048, 51.45237928391652, 20.02673293527638, 25.241566987652973, 60.05293233579868, 22.276161294208602, 63.532330783532956, 47.26174071125853, 7.835822370227216, 22.528570163951258, 75.12797506052071, 55.852413225800426, 87.71095171349302, 82.61244072189807, 61.12564958793253, 58.534708064246864, 23.14769532907774, 36.89828097070192, 63.27190071464287, 49.50874819429577, 15.446564830389125, 87.65804706354125, 78.53687076927407, 73.19475685420716, 59.66676708531501, 88.26617768778152, 18.20936321777083], [40.26403226658532, 0.0, 14.508573881252964, 85.02637382941612, 24.762730341803678, 71.35430272574472, 23.177518856779262, 55.65301009452935, 56.02493877511855, 92.49924200064748, 21.492681767221665, 25.08694401042429, 52.451593465795455, 23.676370235550323, 82.24209278359734, 36.774604102786334, 19.113027021223253, 54.21141851934253, 61.212700606147855, 58.76189414573685, 16.5806386939299, 48.904692842932725, 27.77904649471066, 51.84418252788291, 55.597352400171154, 55.02837534632944, 73.58389109777929, 47.36969618934073, 20.86719989053467, 51.04296583177408, 59.529155417153454, 79.26401163416126, 81.91326771406925, 21.76113401433866, 63.351692934160866, 42.63453590659493, 49.78051249796771, 40.2710517559874, 11.687334086322341, 27.463219839106287, 73.89154634735618, 48.94211933111215, 61.300796957953416, 20.01793844311243, 63.09666218598511, 22.720269398178015], [47.603551938524774, 14.508573881252964, 0.0, 77.90126258077103, 29.15884866630817, 62.62964363168919, 29.994223968976616, 42.14349536609542, 41.84812759297085, 84.57059469491422, 35.339880919322326, 32.64909515023345, 60.73686172583891, 29.161472686003805, 67.74124042393031, 29.850689414688812, 4.775552553968624, 54.116148261417095, 56.15719002887313, 66.1917946951725, 27.45902167633268, 50.60585983726892, 27.453891561204863, 40.19777782853861, 57.98660945006188, 43.04302733188194, 71.46467340992177, 53.54960741875514, 32.730764929608185, 36.54281978909593, 50.774285370695964, 66.23867918783894, 70.52572930187372, 16.09352189149603, 54.6028356869383, 42.47400929940897, 45.56222122289394, 25.99707281520537, 21.612423963848304, 32.56262191062726, 60.07940498135353, 34.82814611226293, 48.165694250757625, 23.799350104899858, 48.62704977964448, 29.500191464241436], [70.58287881858398, 85.02637382941612, 77.90126258077103, 0.0, 106.8985617761872, 17.472713997272827, 71.203600789716, 53.33451921845194, 60.894367092956735, 8.97164393879481, 91.70586603931419, 72.28016225691232, 76.39644000487576, 68.73032376861615, 81.03813456251945, 48.52282460764932, 74.75307796750062, 43.14434706438199, 25.329954763555623, 74.06960580582567, 101.60695453421373, 50.759122923772445, 59.08516921410262, 43.68779577179139, 51.62409756969791, 43.35490289901995, 29.421678058587247, 66.57788582211793, 83.37350285401592, 69.31189775223942, 27.907531556647594, 46.32099399281093, 30.868075465108795, 92.70070097241762, 24.39873101278515, 48.88559151329733, 36.59285751426366, 65.31275561148526, 96.4481741843719, 66.63978230749217, 55.62886953217308, 80.24056586121507, 48.58827179702618, 101.51656555226158, 76.37042115031778, 71.26400805009001], [63.69349995670751, 24.762730341803678, 29.15884866630817, 106.8985617761872, 0.0, 91.7884594288031, 47.520925917568924, 68.40884265991319, 66.0457200547118, 113.70289693867672, 38.00849406968195, 49.07617552224765, 74.825461370039, 48.298111561890394, 86.06315623909322, 58.49784097420086, 32.94362388584919, 78.88245162720925, 84.33495565164694, 81.60136230046749, 13.796240730601314, 73.66690937054798, 52.13185447041816, 68.7253590948821, 80.31228960312929, 71.28320342372997, 97.94631256042241, 71.18293137719549, 41.91432326738622, 58.178839190335715, 79.92972955264068, 92.77282968564916, 98.85614359130145, 17.806651710199986, 83.76024636610367, 67.2321203911077, 73.21918510069503, 50.93570554719753, 14.185141896889304, 52.0651316111876, 84.92313525141385, 51.21945719857625, 74.93475250220085, 5.382134378077552, 67.14782751726416, 47.09389836167185], [64.48443661749823, 71.35430272574472, 62.62964363168919, 17.472713997272827, 91.7884594288031, 0.0, 61.02234752092253, 35.961802823104726, 43.576753124161506, 22.213468227676863, 81.05265745941468, 62.64122007922372, 72.95381492854389, 58.38729680186646, 65.56093902198597, 34.66760635188269, 59.077251686737974, 39.932316147926535, 19.884058477940815, 72.27999576510778, 87.80896580495556, 46.32176965310672, 47.74356423081767, 26.3228520298643, 49.6931733876359, 25.88247102350503, 34.813192154891134, 62.29848838050535, 73.07648048002555, 51.85634570216373, 11.895686832590213, 32.88209214966906, 20.497229296955865, 76.71313722160461, 8.050182322415456, 41.382143685667074, 27.64756809908264, 48.03974666264735, 82.36845364755625, 57.072861036033686, 40.362943242311594, 62.76835865090971, 31.561944419975998, 86.42535716448268, 59.30902016811977, 60.976137910110694], [17.713451039477565, 23.177518856779262, 29.994223968976616, 71.203600789716, 47.520925917568924, 61.02234752092253, 0.0, 58.23249136937505, 61.547713494555325, 79.61875694761284, 20.511991083473887, 2.8527265510867057, 30.74500730633258, 2.673811178645495, 90.94999871139505, 29.014699742573452, 32.19466950386288, 33.645659054225696, 45.92908046602034, 36.38971355560073, 36.556395286827886, 27.135190354097006, 13.724828847550162, 49.63983668098515, 33.12860635468695, 53.21143125829255, 53.99221555876576, 24.327674686838453, 12.185562714072546, 60.087450147161825, 50.36650810061459, 78.35957846339005, 76.33167878326998, 43.484011095063195, 53.765370831211264, 23.29076944214926, 34.65197780467625, 48.11323739071161, 33.527406734369926, 5.073272795814659, 76.29273900884559, 62.18325796449267, 62.04467877978071, 43.07355565883102, 73.21916508455803, 0.49632595418864733], [70.57402509366723, 55.65301009452935, 42.14349536609542, 53.33451921845194, 68.40884265991319, 35.961802823104726, 58.23249136937505, 0.0, 7.691403587483183, 56.33441794767975, 73.26190094859739, 60.895378841229395, 82.88251052698048, 55.82997473613983, 35.61364077141155, 31.587554678581487, 37.40831770045797, 57.79056426972847, 44.65994185489272, 85.33638540468716, 69.53059186976535, 60.124331418691945, 45.806261403686456, 12.782861320091175, 66.71144285619845, 10.919667633055273, 64.10920969881023, 72.46371808475568, 67.5018685131937, 16.258108964659197, 28.70817678599882, 24.381263191708474, 32.67238147365795, 50.91133841873438, 30.718685553094627, 51.19246285573034, 41.909114552878464, 17.53650528257, 63.68652979957626, 56.900889642317246, 18.44507931139163, 27.607401319269716, 6.737432361043563, 63.551906340706644, 23.9608978669393, 57.9108745664069], [75.09770179011845, 56.02493877511855, 41.84812759297085, 60.894367092956735, 66.0457200547118, 43.576753124161506, 61.547713494555325, 7.691403587483183, 0.0, 63.60842714249541, 74.96756665831175, 64.30904413890369, 87.76326248349045, 59.299594201611384, 29.969908750347376, 36.78434500272053, 37.08250626264118, 64.30263486197316, 52.06804376239039, 90.66313931785317, 68.67543680788351, 66.09052365121111, 49.95017308576433, 20.02215458969976, 72.92151494373076, 18.54106878535109, 71.54298605683138, 77.5963990676089, 69.87985427053772, 9.704027563290031, 36.34097290891777, 27.793017905350723, 38.636907369669274, 48.27167662068315, 38.40757074809679, 56.94475787928545, 48.61562141529353, 15.870526022104274, 62.89571629366631, 60.78456723620776, 18.877596020478475, 21.068073871005513, 12.867300280103402, 61.483201065823295, 16.375304165597434, 61.18433916789529], [79.49246063683508, 92.49924200064748, 84.57059469491422, 8.97164393879481, 113.70289693867672, 22.213468227676863, 79.61875694761284, 56.33441794767975, 63.60842714249541, 0.0, 100.08332615401336, 80.7977294134368, 85.36212815835087, 77.10431505978002, 80.82294243414275, 55.763382613983424, 81.15450034212996, 52.11042005007457, 33.959031233882904, 82.97413894714994, 109.06006413478904, 59.70792979375199, 67.1901675699639, 48.17294149027155, 60.57748337590951, 47.22774133387559, 37.872439172479666, 75.54672344656029, 91.80334881608887, 72.57126782272447, 33.854625662266244, 45.29469795610542, 29.215031574939196, 98.88440945606241, 30.074091807512637, 57.59729782884806, 44.96801635804765, 69.91098664237141, 103.77106511274428, 75.1490856074863, 55.68078588139413, 83.8004231202378, 50.86947615613412, 108.32675464075069, 78.29649925720693, 79.65859086185746], [29.584586216650536, 21.492681767221665, 35.339880919322326, 91.70586603931419, 38.00849406968195, 81.05265745941468, 20.511991083473887, 73.26190094859739, 74.96756665831175, 100.08332615401336, 0.0, 19.762747184785724, 38.22967891006372, 22.98171162436325, 102.6252742160349, 47.59823561580477, 39.50490332386896, 53.130386071625246, 66.44084429324705, 45.36169455519384, 24.38672669748659, 45.9158857309185, 33.30921760867256, 66.7931340220451, 50.580676213629694, 70.28195936274261, 73.58548641075188, 37.40402679889496, 8.44657274265861, 71.20702278928869, 70.00831614123213, 95.42078515031871, 95.21463928136974, 42.20716080600359, 73.5587337720094, 43.57623612132892, 55.13248114405287, 59.767849735218164, 24.768811884987414, 25.260196309369853, 91.70387788921025, 70.15124931475755, 78.09560844311581, 35.374480523486426, 83.73474187041917, 20.44198752126166], [15.31752872555283, 25.08694401042429, 32.64909515023345, 72.28016225691232, 49.07617552224765, 62.64122007922372, 2.8527265510867057, 60.895378841229395, 64.30904413890369, 80.7977294134368, 19.762747184785724, 0.0, 28.1508562234908, 5.069277727313595, 93.75705160047545, 31.303127028304853, 34.96244537309711, 33.57040872497144, 46.95538652060272, 33.98180139716988, 37.63117167024609, 26.679090504001323, 15.912685120464332, 52.090616400059865, 32.21883983023307, 55.663453264056926, 54.01399078267927, 22.285704621179566, 11.316540976806333, 62.92611682331315, 52.20687104931765, 80.7614883044279, 78.3727798151694, 45.81146983490718, 55.52760738060984, 23.82804739286094, 35.868021639058654, 50.95136992801042, 34.968941521621325, 5.649638624552252, 78.89265740129987, 65.02670848403248, 64.60345922921289, 44.788296450553005, 76.06120349681422, 3.2995282612491765], [13.32436197166048, 52.451593465795455, 60.73686172583891, 76.39644000487576, 74.825461370039, 72.95381492854389, 30.74500730633258, 82.88251052698048, 87.76326248349045, 85.36212815835087, 38.22967891006372, 28.1508562234908, 0.0, 31.741139339570893, 117.72933507281255, 51.29523762003426, 62.75288176742975, 33.546426183260046, 53.449235822836684, 7.231698713212713, 61.88522755010091, 26.633283755269886, 38.24426734167788, 71.81287155272013, 24.84680509451323, 75.20040288838469, 49.82071518146281, 10.862526798533409, 32.91256047017818, 88.19628009369036, 65.64557054456367, 98.65839964628096, 92.146910202197, 73.76978789719176, 67.8855478405127, 33.05069067702565, 46.1896161311534, 76.40093257643956, 60.726966866216515, 28.77090458229089, 99.46412554527463, 91.83271403799662, 85.04947000988199, 71.19317738331753, 101.30442679955786, 31.239859329892916], [18.488594300921985, 23.676370235550323, 29.161472686003805, 68.73032376861615, 48.298111561890394, 58.38729680186646, 2.673811178645495, 55.82997473613983, 59.299594201611384, 77.10431505978002, 22.98171162436325, 5.069277727313595, 31.741139339570893, 0.0, 88.81609876011004, 26.374429167532885, 31.01175357606554, 31.881195554879437, 43.49202199703575, 37.03043677487626, 37.84099348230248, 25.703914399542008, 11.056743113370462, 47.06675199340426, 32.04601870955231, 50.63934089397491, 52.1055843095793, 24.526905456438556, 14.74223465869778, 58.10055963927339, 47.699871742444515, 75.76515710746907, 73.65940498667456, 43.25678736295689, 51.107313643108135, 21.17410659373311, 32.15098053504747, 46.1286890591037, 34.47770904482052, 3.788614000707816, 73.82455792744116, 60.562251628012206, 59.54169733100861, 43.68626986359159, 71.25176119579518, 2.5890141353435223], [105.0158738125871, 82.24209278359734, 67.74124042393031, 81.03813456251945, 86.06315623909322, 65.56093902198597, 90.94999871139505, 35.61364077141155, 29.969908750347376, 80.82294243414275, 102.6252742160349, 93.75705160047545, 117.72933507281255, 88.81609876011004, 0.0, 66.69925852666346, 63.26789122285582, 93.3426391456284, 78.87871125866457, 120.5980444598233, 92.16008479357778, 95.70765680945149, 79.81675505834951, 48.136424539271204, 102.32466353046082, 45.52263772964535, 97.93675337203476, 107.5579411568363, 98.39536703487097, 31.42805548627248, 62.092253218956245, 35.647432543413856, 51.711742432138536, 68.92479793178435, 62.96597643562257, 86.69222194675646, 77.39452428550501, 43.14474414567703, 86.7587073139308, 90.51197427263689, 25.411039643122255, 34.939111940518714, 35.97402182782077, 82.54337652906936, 19.308133313770565, 90.56118076263236], [39.12648026588954, 36.774604102786334, 29.850689414688812, 48.52282460764932, 58.49784097420086, 34.66760635188269, 29.014699742573452, 31.587554678581487, 36.78434500272053, 55.763382613983424, 47.59823561580477, 31.303127028304853, 51.29523762003426, 26.374429167532885, 66.69925852666346, 0.0, 27.426248018580313, 29.524631543852202, 26.40831319302426, 53.899489719604254, 53.3102636342541, 29.746434517816894, 15.40050557197699, 21.095767082661688, 36.956849917327425, 24.64133596072424, 43.14205013141739, 40.91310141353442, 40.22367754684949, 38.873298571035406, 22.975934634374028, 49.52699623096202, 47.640242266595926, 45.467185382354465, 26.740521482149163, 20.405820689738082, 16.63415135635035, 28.2472240625642, 48.01156642950332, 26.47883739499479, 48.56750583282686, 45.50971258859604, 34.10568867327832, 53.123259529350015, 51.475948632342416, 28.81811120004311], [49.48228724976123, 19.113027021223253, 4.775552553968624, 74.75307796750062, 32.94362388584919, 59.077251686737974, 32.19466950386288, 37.40831770045797, 37.08250626264118, 81.15450034212996, 39.50490332386896, 34.96244537309711, 62.75288176742975, 31.01175357606554, 63.26789122285582, 27.426248018580313, 0.0, 53.46167993731484, 53.830893261436884, 67.87023643763472, 32.140269743277884, 50.6041782406655, 27.558612563056524, 35.91380543264557, 58.09385062004, 38.646329890962754, 69.94409789019477, 54.96025847641571, 36.281230049840296, 31.96402871131167, 47.300655821994425, 61.55866090588043, 66.19495219604991, 18.091553364247652, 51.098164454461525, 42.03237511547002, 43.67625432477315, 21.242404192471902, 26.292565248778114, 34.14493145925415, 55.30740207127788, 30.965418073315234, 43.48505559377972, 27.66165873538298, 44.2527194839344, 31.71183130420224], [27.847546438363203, 54.21141851934253, 54.116148261417095, 43.14434706438199, 78.88245162720925, 39.932316147926535, 33.645659054225696, 57.79056426972847, 64.30263486197316, 52.11042005007457, 53.130386071625246, 33.57040872497144, 33.546426183260046, 31.881195554879437, 93.3426391456284, 29.524631543852202, 53.46167993731484, 0.0, 20.113713902032718, 32.35248605647486, 69.50851854559558, 7.82692197742111, 27.03594648586575, 45.218481537016004, 9.889060619763523, 48.02344365362116, 20.45788807955565, 23.44249357394111, 44.75695067954963, 67.89488688024598, 34.43220512874102, 68.5153353286701, 59.83954079841867, 70.1216523131296, 35.89435868947163, 11.746377340267989, 16.007077633505922, 57.72771514023577, 65.66481461476674, 28.572389936926005, 71.6216816668062, 75.02952295345534, 57.95460119516456, 73.8823497557568, 79.98243400930748, 33.91016680288896], [46.01255081808446, 61.212700606147855, 56.15719002887313, 25.329954763555623, 84.33495565164694, 19.884058477940815, 45.92908046602034, 44.65994185489272, 52.06804376239039, 33.959031233882904, 66.44084429324705, 46.95538652060272, 53.449235822836684, 43.49202199703575, 78.87871125866457, 26.40831319302426, 53.830893261436884, 20.113713902032718, 0.0, 52.459158100807336, 77.69532345106578, 26.89390395843075, 34.26593440608953, 32.05288431757936, 29.81707378558277, 33.84119134136192, 19.478681530928256, 42.98379264732551, 58.08054820873372, 58.006748268312116, 16.893305502034586, 50.280911609896194, 40.09585510061257, 71.8736322477386, 17.05265433890721, 23.64951686936343, 11.564664874317847, 50.28456901350408, 72.84288283988732, 41.3187993527369, 55.194790949763274, 67.2755511988319, 42.919393354228674, 79.00004797595905, 68.42751170053975, 46.004810456838804], [18.68075784875048, 58.76189414573685, 66.1917946951725, 74.06960580582567, 81.60136230046749, 72.27999576510778, 36.38971355560073, 85.33638540468716, 90.66313931785317, 82.97413894714994, 45.36169455519384, 33.98180139716988, 7.231698713212713, 37.03043677487626, 120.5980444598233, 53.899489719604254, 67.87023643763472, 32.35248605647486, 52.459158100807336, 0.0, 68.8210618985896, 26.53078186785456, 42.12356034505413, 73.74720008548002, 22.75450524679279, 77.01333451381707, 46.2695460897804, 13.275101413309404, 39.74855921224223, 91.79346387125011, 65.99193149024613, 99.63702017917785, 92.03294447850216, 79.79224891923513, 67.8812070770913, 34.3992422277193, 46.58562100041171, 80.18353585218458, 67.45500973987293, 33.73045776228527, 101.26375236267575, 96.13529445439501, 86.97977649383682, 77.83079712818034, 104.79589609310612, 36.88522900518874], [51.45237928391652, 16.5806386939299, 27.45902167633268, 101.60695453421373, 13.796240730601314, 87.80896580495556, 36.556395286827886, 69.53059186976535, 68.67543680788351, 109.06006413478904, 24.38672669748659, 37.63117167024609, 61.88522755010091, 37.84099348230248, 92.16008479357778, 53.3102636342541, 32.140269743277884, 69.50851854559558, 77.69532345106578, 68.8210618985896, 0.0, 63.54399769451955, 43.87816578340628, 67.27962400038737, 69.6829721302541, 70.27897162888158, 89.3531159693621, 59.1458893829003, 29.113385110531354, 62.17159635996029, 75.95063069575322, 93.69277510639198, 97.5702851723576, 24.01789551290853, 79.78482891923969, 58.21706219828308, 66.21333677949985, 52.85579992918746, 5.848159712152809, 41.45243560749099, 87.23818576748965, 57.41011645258738, 75.61882212816461, 12.454057196805191, 72.87059137818694, 36.18918504297441], [20.02673293527638, 48.904692842932725, 50.60585983726892, 50.759122923772445, 73.66690937054798, 46.32176965310672, 27.135190354097006, 60.124331418691945, 66.09052365121111, 59.70792979375199, 45.9158857309185, 26.679090504001323, 26.633283755269886, 25.703914399542008, 95.70765680945149, 29.746434517816894, 50.6041782406655, 7.82692197742111, 26.89390395843075, 26.53078186785456, 63.54399769451955, 0.0, 23.161150597734515, 48.00293929819785, 7.54440236136387, 51.109168554575554, 27.860754198111838, 16.091654426375293, 37.64037470927537, 68.61644629327458, 39.4697148268062, 73.15033712885413, 65.68396066009774, 66.30972401695742, 41.45604431941842, 9.387512999650948, 20.05800651088992, 57.74168089771567, 60.07270641170094, 22.127317748372192, 75.21290611729582, 74.73199947519763, 61.118675455659265, 68.84246512889749, 81.18241794393742, 27.457458764608], [25.241566987652973, 27.77904649471066, 27.453891561204863, 59.08516921410262, 52.13185447041816, 47.74356423081767, 13.724828847550162, 45.806261403686456, 49.95017308576433, 67.1901675699639, 33.30921760867256, 15.912685120464332, 38.24426734167788, 11.056743113370462, 79.81675505834951, 15.40050557197699, 27.558612563056524, 27.03594648586575, 34.26593440608953, 42.12356034505413, 43.87816578340628, 23.161150597734515, 0.0, 36.32623443737302, 30.58865656045231, 39.894810461513124, 45.844876223283286, 28.85554130053629, 25.429968161282847, 49.95228810349526, 36.80063050864662, 64.90717325958619, 62.61225784937234, 43.26659321702283, 40.2889109830078, 15.289569192532012, 22.70232174308807, 38.175728744302766, 39.44365957012598, 11.185183800600495, 63.460286416781955, 54.039736827192414, 49.06517240659369, 47.02610645948646, 63.06745038109053, 13.575570196431329], [60.05293233579868, 51.84418252788291, 40.19777782853861, 43.68779577179139, 68.7253590948821, 26.3228520298643, 49.63983668098515, 12.782861320091175, 20.02215458969976, 48.17294149027155, 66.7931340220451, 52.090616400059865, 71.81287155272013, 47.06675199340426, 48.136424539271204, 21.095767082661688, 35.91380543264557, 45.218481537016004, 32.05288431757936, 73.74720008548002, 67.27962400038737, 48.00293929819785, 36.32623443737302, 0.0, 54.34112514514495, 3.5728400246929515, 51.53095829318387, 61.16780364976836, 60.11698546091711, 26.52282373465573, 16.897068764234223, 28.772039494934585, 30.33282000728687, 52.33416158355034, 19.637741550754114, 39.370213873502294, 29.25811193817333, 21.74926346417448, 61.50182742996605, 47.4912970629985, 27.65610216787957, 36.85378791698493, 13.247520482460473, 63.51251591327185, 36.3746513693533, 49.38994725330864], [22.276161294208602, 55.597352400171154, 57.98660945006188, 51.62409756969791, 80.31228960312929, 49.6931733876359, 33.12860635468695, 66.71144285619845, 72.92151494373076, 60.57748337590951, 50.580676213629694, 32.21883983023307, 24.84680509451323, 32.04601870955231, 102.32466353046082, 36.956849917327425, 58.09385062004, 9.889060619763523, 29.81707378558277, 22.75450524679279, 69.6829721302541, 7.54440236136387, 30.58865656045231, 54.34112514514495, 0.0, 57.29631734130271, 25.463483581668296, 15.972398113491654, 42.60066379295347, 75.80903307030707, 44.278579609064394, 78.32912207122762, 69.70141075327057, 73.58160674804745, 45.78335018318453, 16.800129472977044, 25.46749660291412, 65.08959686341869, 66.52011983278777, 28.31813173243581, 81.14251441379115, 82.15587935668589, 67.28379989179079, 75.60382733081018, 88.24522321572327, 33.503967040312716], [63.532330783532956, 55.02837534632944, 43.04302733188194, 43.35490289901995, 71.28320342372997, 25.88247102350503, 53.21143125829255, 10.919667633055273, 18.54106878535109, 47.22774133387559, 70.28195936274261, 55.663453264056926, 75.20040288838469, 50.63934089397491, 45.52263772964535, 24.64133596072424, 38.646329890962754, 48.02344365362116, 33.84119134136192, 77.01333451381707, 70.27897162888158, 51.109168554575554, 39.894810461513124, 3.5728400246929515, 57.29631734130271, 0.0, 53.253079480732374, 64.51917495353686, 63.65620438212674, 26.062436393364173, 17.800655646836567, 25.220861727180203, 27.5787875052023, 54.608196608583654, 19.982341263516112, 42.61564249652782, 32.0186990793552, 22.945549633234677, 64.47680099323364, 51.0566026560553, 24.277129152821193, 36.88592240352646, 10.009742705718166, 66.12291003882419, 34.874806060135015, 52.96062855148339], [47.26174071125853, 73.58389109777929, 71.46467340992177, 29.421678058587247, 97.94631256042241, 34.813192154891134, 53.99221555876576, 64.10920969881023, 71.54298605683138, 37.872439172479666, 73.58548641075188, 54.01399078267927, 49.82071518146281, 52.1055843095793, 97.93675337203476, 43.14205013141739, 69.94409789019477, 20.45788807955565, 19.478681530928256, 46.2695460897804, 89.3531159693621, 27.860754198111838, 45.844876223283286, 51.53095829318387, 25.463483581668296, 53.253079480732374, 0.0, 41.4293469262302, 65.21476154747937, 77.38602663724228, 35.87416526802715, 67.48856842161896, 54.932655673184286, 87.53803601257256, 35.120087194218684, 31.148481194845328, 26.50790166707561, 69.18875141389395, 85.20260022594286, 48.92563639807252, 73.68206535806779, 86.37598357329284, 62.089797535132284, 92.78845385757224, 87.90529142903621, 54.234435764105264], [7.835822370227216, 47.36969618934073, 53.54960741875514, 66.57788582211793, 71.18293137719549, 62.29848838050535, 24.327674686838453, 72.46371808475568, 77.5963990676089, 75.54672344656029, 37.40402679889496, 22.285704621179566, 10.862526798533409, 24.526905456438556, 107.5579411568363, 40.91310141353442, 54.96025847641571, 23.44249357394111, 42.98379264732551, 13.275101413309404, 59.1458893829003, 16.091654426375293, 28.85554130053629, 61.16780364976836, 15.972398113491654, 64.51917495353686, 41.4293469262302, 0.0, 30.330903766933424, 78.54471367002253, 54.7961338387735, 87.81910797794345, 81.33736466426205, 67.73997034575885, 57.07730930391665, 22.203236208009926, 35.353568325821506, 66.91304827851228, 57.01250027927936, 20.992741822199758, 88.79544832810818, 82.88294927538116, 74.41459602598925, 67.02217085443863, 91.56831403188949, 24.809571884453522], [22.528570163951258, 20.86719989053467, 32.730764929608185, 83.37350285401592, 41.91432326738622, 73.07648048002555, 12.185562714072546, 67.5018685131937, 69.87985427053772, 91.80334881608887, 8.44657274265861, 11.316540976806333, 32.91256047017818, 14.74223465869778, 98.39536703487097, 40.22367754684949, 36.281230049840296, 44.75695067954963, 58.08054820873372, 39.74855921224223, 29.113385110531354, 37.64037470927537, 25.429968161282847, 60.11698546091711, 42.60066379295347, 63.65620438212674, 65.21476154747937, 30.330903766933424, 0.0, 67.0296193761663, 62.230523241840714, 88.87484167193493, 87.83730382897838, 42.619613577005, 65.70709759599264, 35.13204682480901, 46.835754499812516, 55.25952478842071, 27.84711481803704, 16.830279361521708, 85.86187728697651, 67.24482435684077, 71.9328777475608, 38.39571451567778, 79.89470422607405, 12.164065565442195], [75.12797506052071, 51.04296583177408, 36.54281978909593, 69.31189775223942, 58.178839190335715, 51.85634570216373, 60.087450147161825, 16.258108964659197, 9.704027563290031, 72.57126782272447, 71.20702278928869, 62.92611682331315, 88.19628009369036, 58.10055963927339, 31.42805548627248, 38.873298571035406, 31.96402871131167, 67.89488688024598, 58.006748268312116, 91.79346387125011, 62.17159635996029, 68.61644629327458, 49.95228810349526, 26.52282373465573, 75.80903307030707, 26.062436393364173, 77.38602663724228, 78.54471367002253, 67.0296193761663, 0.0, 43.410877959178926, 37.272054727509285, 48.29006046246226, 40.39266029347866, 45.95700941065622, 59.25677430000065, 52.87896641730219, 11.974964764424154, 56.53468536679405, 60.129333913486, 27.527592566685893, 11.433824261618945, 22.330527116213936, 53.91919934553277, 13.161720115195203, 59.675306704144404], [55.852413225800426, 59.529155417153454, 50.774285370695964, 27.907531556647594, 79.92972955264068, 11.895686832590213, 50.36650810061459, 28.70817678599882, 36.34097290891777, 33.854625662266244, 70.00831614123213, 52.20687104931765, 65.64557054456367, 47.699871742444515, 62.092253218956245, 22.975934634374028, 47.300655821994425, 34.43220512874102, 16.893305502034586, 65.99193149024613, 75.95063069575322, 39.4697148268062, 36.80063050864662, 16.897068764234223, 44.278579609064394, 17.800655646836567, 35.87416526802715, 54.7961338387735, 62.230523241840714, 43.410877959178926, 0.0, 34.10763282202959, 26.762480143296205, 65.0612948753767, 3.845615214518193, 32.85159935832768, 19.476469736129395, 37.81263389834296, 70.48910316460763, 46.7728708989758, 38.3208403134017, 53.67418260864706, 26.217352487941035, 74.5620030854758, 52.669047178048714, 50.27381497986092], [87.71095171349302, 79.26401163416126, 66.23867918783894, 46.32099399281093, 92.77282968564916, 32.88209214966906, 78.35957846339005, 24.381263191708474, 27.793017905350723, 45.29469795610542, 95.42078515031871, 80.7614883044279, 98.65839964628096, 75.76515710746907, 35.647432543413856, 49.52699623096202, 61.55866090588043, 68.5153353286701, 50.280911609896194, 99.63702017917785, 93.69277510639198, 73.15033712885413, 64.90717325958619, 28.772039494934585, 78.32912207122762, 25.220861727180203, 67.48856842161896, 87.81910797794345, 88.87484167193493, 37.272054727509285, 34.10763282202959, 0.0, 16.09494416569699, 75.2104707965231, 33.23040485419891, 65.6162511886906, 53.11878147872158, 41.84774395112585, 87.8446807772995, 76.00317228280875, 11.60430430112113, 48.175692757257906, 18.074025761369885, 87.93250676059475, 37.20199320498414, 78.12103400299533], [82.61244072189807, 81.91326771406925, 70.52572930187372, 30.868075465108795, 98.85614359130145, 20.497229296955865, 76.33167878326998, 32.67238147365795, 38.636907369669274, 29.215031574939196, 95.21463928136974, 78.3727798151694, 92.146910202197, 73.65940498667456, 51.711742432138536, 47.640242266595926, 66.19495219604991, 59.83954079841867, 40.09585510061257, 92.03294447850216, 97.5702851723576, 65.68396066009774, 62.61225784937234, 30.33282000728687, 69.70141075327057, 27.5787875052023, 54.932655673184286, 81.33736466426205, 87.83730382897838, 48.29006046246226, 26.762480143296205, 16.09494416569699, 0.0, 82.04522364258676, 24.261526114908897, 59.57007414078672, 46.00387789258869, 49.40279251854565, 91.80981324031075, 73.09100889975507, 26.921548815490276, 59.700255116310814, 26.082067588255434, 93.70165957013184, 51.23625052622085, 76.18775241338801], [61.12564958793253, 21.76113401433866, 16.09352189149603, 92.70070097241762, 17.806651710199986, 76.71313722160461, 43.484011095063195, 50.91133841873438, 48.27167662068315, 98.88440945606241, 42.20716080600359, 45.81146983490718, 73.76978789719176, 43.25678736295689, 68.92479793178435, 45.467185382354465, 18.091553364247652, 70.1216523131296, 71.8736322477386, 79.79224891923513, 24.01789551290853, 66.30972401695742, 43.26659321702283, 52.33416158355034, 73.58160674804745, 54.608196608583654, 87.53803601257256, 67.73997034575885, 42.619613577005, 40.39266029347866, 65.0612948753767, 75.2104707965231, 82.04522364258676, 0.0, 68.81392219559346, 58.43328819960576, 61.514533985434845, 33.3788647285207, 19.479991717114117, 46.923714888579994, 67.14792103195029, 33.9868620583916, 57.52134316314983, 13.662076116296411, 49.79471676747319, 42.99319156331833], [58.534708064246864, 63.351692934160866, 54.6028356869383, 24.39873101278515, 83.76024636610367, 8.050182322415456, 53.765370831211264, 30.718685553094627, 38.40757074809679, 30.074091807512637, 73.5587337720094, 55.52760738060984, 67.8855478405127, 51.107313643108135, 62.96597643562257, 26.740521482149163, 51.098164454461525, 35.89435868947163, 17.05265433890721, 67.8812070770913, 79.78482891923969, 41.45604431941842, 40.2889109830078, 19.637741550754114, 45.78335018318453, 19.982341263516112, 35.120087194218684, 57.07730930391665, 65.70709759599264, 45.95700941065622, 3.845615214518193, 33.23040485419891, 24.261526114908897, 68.81392219559346, 0.0, 35.41482893452231, 21.763483718256918, 41.00775614658666, 74.33008385715483, 50.03757094649099, 38.569863246340596, 56.48448699582391, 27.47742675784165, 78.39421197312129, 54.60052262029986, 53.6894500845133], [23.14769532907774, 42.63453590659493, 42.47400929940897, 48.88559151329733, 67.2321203911077, 41.382143685667074, 23.29076944214926, 51.19246285573034, 56.94475787928545, 57.59729782884806, 43.57623612132892, 23.82804739286094, 33.05069067702565, 21.17410659373311, 86.69222194675646, 20.405820689738082, 42.03237511547002, 11.746377340267989, 23.64951686936343, 34.3992422277193, 58.21706219828308, 9.387512999650948, 15.289569192532012, 39.370213873502294, 16.800129472977044, 42.61564249652782, 31.148481194845328, 22.203236208009926, 35.13204682480901, 59.25677430000065, 32.85159935832768, 65.6162511886906, 59.57007414078672, 58.43328819960576, 35.41482893452231, 0.0, 13.755364840421352, 48.35453554871653, 54.1743062087239, 18.342923110593308, 66.86539557255978, 65.36607750067267, 52.59019268685123, 62.195007707791085, 71.87641312170057, 23.46901199258024], [36.89828097070192, 49.78051249796771, 45.56222122289394, 36.59285751426366, 73.21918510069503, 27.64756809908264, 34.65197780467625, 41.909114552878464, 48.61562141529353, 44.96801635804765, 55.13248114405287, 35.868021639058654, 46.1896161311534, 32.15098053504747, 77.39452428550501, 16.63415135635035, 43.67625432477315, 16.007077633505922, 11.564664874317847, 46.58562100041171, 66.21333677949985, 20.05800651088992, 22.70232174308807, 29.25811193817333, 25.46749660291412, 32.0186990793552, 26.50790166707561, 35.353568325821506, 46.835754499812516, 52.87896641730219, 19.476469736129395, 53.11878147872158, 46.00387789258869, 61.514533985434845, 21.763483718256918, 13.755364840421352, 0.0, 43.529905789874725, 61.44027774612861, 30.219282084732306, 55.6860480227688, 60.89311768286, 41.94858296137715, 67.91965572868706, 64.5448152781486, 34.69694177885864], [63.27190071464287, 40.2710517559874, 25.99707281520537, 65.31275561148526, 50.93570554719753, 48.03974666264735, 48.11323739071161, 17.53650528257, 15.870526022104274, 69.91098664237141, 59.767849735218164, 50.95136992801042, 76.40093257643956, 46.1286890591037, 43.14474414567703, 28.2472240625642, 21.242404192471902, 57.72771514023577, 50.28456901350408, 80.18353585218458, 52.85579992918746, 57.74168089771567, 38.175728744302766, 21.74926346417448, 65.08959686341869, 22.945549633234677, 69.18875141389395, 66.91304827851228, 55.25952478842071, 11.974964764424154, 37.81263389834296, 41.84774395112585, 49.40279251854565, 33.3788647285207, 41.00775614658666, 48.35453554871653, 43.529905789874725, 0.0, 47.05926421484312, 48.19571257204872, 34.41871459563512, 17.374733576042367, 24.18632062773424, 46.15765677666066, 25.123629349104128, 47.70194879239056], [49.50874819429577, 11.687334086322341, 21.612423963848304, 96.4481741843719, 14.185141896889304, 82.36845364755625, 33.527406734369926, 63.68652979957626, 62.89571629366631, 103.77106511274428, 24.768811884987414, 34.968941521621325, 60.726966866216515, 34.47770904482052, 86.7587073139308, 48.01156642950332, 26.292565248778114, 65.66481461476674, 72.84288283988732, 67.45500973987293, 5.848159712152809, 60.07270641170094, 39.44365957012598, 61.50182742996605, 66.52011983278777, 64.47680099323364, 85.20260022594286, 57.01250027927936, 27.84711481803704, 56.53468536679405, 70.48910316460763, 87.8446807772995, 91.80981324031075, 19.479991717114117, 74.33008385715483, 54.1743062087239, 61.44027774612861, 47.05926421484312, 0.0, 38.205319790154064, 81.42268814835809, 52.1540196645601, 69.77071234804647, 10.665332372815588, 67.45300774515857, 33.11623664608577], [15.446564830389125, 27.463219839106287, 32.56262191062726, 66.63978230749217, 52.0651316111876, 57.072861036033686, 5.073272795814659, 56.900889642317246, 60.78456723620776, 75.1490856074863, 25.260196309369853, 5.649638624552252, 28.77090458229089, 3.788614000707816, 90.51197427263689, 26.47883739499479, 34.14493145925415, 28.572389936926005, 41.3187993527369, 33.73045776228527, 41.45243560749099, 22.127317748372192, 11.185183800600495, 47.4912970629985, 28.31813173243581, 51.0566026560553, 48.92563639807252, 20.992741822199758, 16.830279361521708, 60.129333913486, 46.7728708989758, 76.00317228280875, 73.09100889975507, 46.923714888579994, 50.03757094649099, 18.342923110593308, 30.219282084732306, 48.19571257204872, 38.205319790154064, 0.0, 74.6367435555793, 63.14186342147872, 60.24895609531391, 47.470437495329655, 73.29052898314643, 5.351348666109306], [87.65804706354125, 73.89154634735618, 60.07940498135353, 55.62886953217308, 84.92313525141385, 40.362943242311594, 76.29273900884559, 18.44507931139163, 18.877596020478475, 55.68078588139413, 91.70387788921025, 78.89265740129987, 99.46412554527463, 73.82455792744116, 25.411039643122255, 48.56750583282686, 55.30740207127788, 71.6216816668062, 55.194790949763274, 101.26375236267575, 87.23818576748965, 75.21290611729582, 63.460286416781955, 27.65610216787957, 81.14251441379115, 24.277129152821193, 73.68206535806779, 88.79544832810818, 85.86187728697651, 27.527592566685893, 38.3208403134017, 11.60430430112113, 26.921548815490276, 67.14792103195029, 38.569863246340596, 66.86539557255978, 55.6860480227688, 34.41871459563512, 81.42268814835809, 74.6367435555793, 0.0, 37.76871300312234, 14.464226994188472, 80.34291131169888, 25.734499281580824, 75.99261982329843], [78.53687076927407, 48.94211933111215, 34.82814611226293, 80.24056586121507, 51.21945719857625, 62.76835865090971, 62.18325796449267, 27.607401319269716, 21.068073871005513, 83.8004231202378, 70.15124931475755, 65.02670848403248, 91.83271403799662, 60.562251628012206, 34.939111940518714, 45.50971258859604, 30.965418073315234, 75.02952295345534, 67.2755511988319, 96.13529445439501, 57.41011645258738, 74.73199947519763, 54.039736827192414, 36.85378791698493, 82.15587935668589, 36.88592240352646, 86.37598357329284, 82.88294927538116, 67.24482435684077, 11.433824261618945, 53.67418260864706, 48.175692757257906, 59.700255116310814, 33.9868620583916, 56.48448699582391, 65.36607750067267, 60.89311768286, 17.374733576042367, 52.1540196645601, 63.14186342147872, 37.76871300312234, 0.0, 33.764240598097075, 47.60654710020499, 15.944195834332277, 61.72730343336634], [73.19475685420716, 61.300796957953416, 48.165694250757625, 48.58827179702618, 74.93475250220085, 31.561944419975998, 62.04467877978071, 6.737432361043563, 12.867300280103402, 50.86947615613412, 78.09560844311581, 64.60345922921289, 85.04947000988199, 59.54169733100861, 35.97402182782077, 34.10568867327832, 43.48505559377972, 57.95460119516456, 42.919393354228674, 86.97977649383682, 75.61882212816461, 61.118675455659265, 49.06517240659369, 13.247520482460473, 67.28379989179079, 10.009742705718166, 62.089797535132284, 74.41459602598925, 71.9328777475608, 22.330527116213936, 26.217352487941035, 18.074025761369885, 26.082067588255434, 57.52134316314983, 27.47742675784165, 52.59019268685123, 41.94858296137715, 24.18632062773424, 69.77071234804647, 60.24895609531391, 14.464226994188472, 33.764240598097075, 0.0, 70.01966442353707, 27.78803129282919, 61.75934567294931], [59.66676708531501, 20.01793844311243, 23.799350104899858, 101.51656555226158, 5.382134378077552, 86.42535716448268, 43.07355565883102, 63.551906340706644, 61.483201065823295, 108.32675464075069, 35.374480523486426, 44.788296450553005, 71.19317738331753, 43.68626986359159, 82.54337652906936, 53.123259529350015, 27.66165873538298, 73.8823497557568, 79.00004797595905, 77.83079712818034, 12.454057196805191, 68.84246512889749, 47.02610645948646, 63.51251591327185, 75.60382733081018, 66.12291003882419, 92.78845385757224, 67.02217085443863, 38.39571451567778, 53.91919934553277, 74.5620030854758, 87.93250676059475, 93.70165957