instance_id,num_cities,city_coordinates,distance_matrix,best_route,total_distance
302,85,"[[88.56506525170244, 3.8185528272301927], [0.2269327947880373, 29.284056435714422], [78.08733695486697, 16.627191442153443], [88.60573163246765, 36.12868237503093], [94.65600955228163, 99.66526385813845], [27.745103125481872, 36.10366943714784], [86.18824193097079, 81.37039785605762], [41.98073127094961, 23.654563088247983], [56.057500645158264, 99.91247205423039], [25.86508593386081, 91.71605682118415], [0.9963527274535533, 41.48653523920879], [78.56635703566324, 8.458967735786283], [74.50756734324449, 5.405552983937422], [23.05740998144582, 1.5554257208170386], [77.7532951611613, 6.218774777874259], [28.43420484961068, 64.90544033464326], [39.76908084667038, 81.83287766980122], [2.337269912560569, 44.66888216809933], [47.54726936777162, 83.59786466114298], [30.037737218999805, 1.670070824164549], [8.468584287417046, 55.3158255132311], [93.41383436916125, 46.671377223602796], [64.64734144009586, 35.28527298739791], [78.03805976112051, 65.02852856061689], [84.7473426556676, 6.901816046331], [76.98533991573258, 7.0789559255399315], [25.43864841877187, 1.7370066330009037], [65.23592384897802, 28.396888476907446], [24.80939000359863, 66.2946147755531], [30.256181638626455, 15.694668804312851], [37.42458014609728, 88.20562934082542], [8.935175016187602, 56.06073062395554], [81.99891383280597, 44.3102153596166], [83.43300791772047, 38.105094029803745], [92.92918438909491, 0.6346262747313869], [39.00194291552608, 46.11492481717497], [92.49523152555062, 82.91000204382128], [68.78014785998353, 87.20405111838063], [20.3898005892478, 27.040663745765205], [78.72753276165459, 75.90718675381964], [1.2099401614511618, 77.55949374780488], [9.034460358565932, 44.66396262327799], [12.060046568450321, 30.916332791285573], [60.23395416624071, 61.12873241408452], [41.77729228098885, 42.233502521364294], [24.01597775257641, 35.677664323157366], [27.675062644181647, 56.47548775042208], [7.484725420462002, 45.22258711117352], [41.135934742312315, 0.5314276812532381], [67.30710769706903, 11.038884856718045], [26.206578644729607, 68.24844583368927], [96.7881673990721, 24.680175435898565], [3.9590617197217237, 57.84323217994768], [56.351651804271576, 10.984748875836237], [55.87542214792207, 7.499964211172527], [38.665505252017326, 7.746638960053998], [53.96307472802179, 93.38412779159854], [95.32239512805212, 82.92848935937354], [38.763336589787855, 54.88820556435087], [3.751600910915709, 79.56672520872826], [8.662827494580927, 50.10097602627332], [77.16449785277261, 85.07787429174188], [23.843513310548637, 29.051965311165052], [44.78418287775694, 35.28533760913697], [9.226666526203909, 13.105132055111579], [4.000498139293429, 57.215131426098274], [52.314668647898586, 66.66501159550113], [61.11592425347345, 35.03067510070146], [74.05669890934732, 43.39308957260345], [61.52638173278769, 22.225571792371134], [73.148496941105, 39.455694840586105], [44.59677029255913, 66.16170360329228], [10.391168787064121, 73.87970452404366], [79.44048184227562, 32.13541284771204], [61.395278089438065, 64.62264894853294], [1.7328831871094685, 16.13682754692045], [83.80756496288069, 21.664654552310058], [32.133003486727475, 45.456378084454826], [65.62664981779488, 75.00964352691652], [33.563004200242574, 63.74565209553133], [36.63132131952661, 75.60056171659868], [47.536500056729956, 85.52999444281302], [12.763193160666786, 73.96754152056421], [9.99736858610828, 63.491687880527], [93.86972019093902, 30.930047051067266]]","[[0.0, 91.935398623213, 16.548232939803864, 32.31015513968001, 96.04005215489623, 68.8577994678227, 77.58825914062797, 50.63168450195515, 101.44349692835851, 107.96878537255535, 95.32657715529113, 11.023049329157484, 14.146795288816769, 65.5467363284135, 11.074991553182937, 85.71655731560377, 92.01784052398929, 95.41478971473137, 89.70617691033605, 58.566749112146184, 95.22297704314052, 43.12626949668577, 39.52482751343259, 62.10860627868355, 4.9072923184313035, 12.029973699886876, 63.16072622067934, 33.88721620163725, 89.26390335915386, 59.50603363445053, 98.67384607558377, 95.23741155588387, 41.02059335373565, 34.66850040187853, 5.402122188275845, 65.15739543000909, 79.18903677985166, 85.7005500650993, 72.02175468084958, 72.7567741649846, 114.31817111634149, 89.40617772880834, 81.16222990224651, 63.93049772693989, 60.5376251562769, 71.98324584429174, 80.50059138322621, 91.04018652296023, 47.542902862594275, 22.450700523828733, 89.6648870223778, 22.42379777808788, 100.38347380329829, 33.000884408484815, 32.896284836290484, 50.053930403406454, 96.01713371528423, 79.39800731238509, 71.33247232786104, 113.71503573680592, 92.33867172409889, 82.05516596711259, 69.46657031447478, 53.91589937997966, 79.88004798497496, 100.01180238838926, 72.55183411634094, 41.56503239929901, 42.15016788264171, 32.70945969622687, 38.82880978545974, 76.28813413828547, 104.97486873317776, 29.750673669938138, 66.59831408955762, 87.70158341882079, 18.469357210797497, 70.13049327644232, 74.79533606869812, 81.34177245807554, 88.59893091344944, 91.43359805265736, 103.28022282704096, 98.65985002231564, 27.62557661069752], [91.935398623213, 0.0, 78.88243636853558, 88.64344864816691, 117.77251332764743, 28.350605281693692, 100.51036578862369, 42.131590078432616, 90.03013606163563, 67.49125549664817, 12.226712394691894, 81.06016105184901, 78.02432695011132, 35.91806857131452, 80.88475801853966, 45.43713445684757, 65.76442872593812, 15.52888874216379, 72.03612994414038, 40.63516041279383, 27.305270931289208, 94.79513462838088, 64.69933268688827, 85.62849273027432, 87.4337713237809, 79.90569161462543, 37.342610481028366, 65.01504429646177, 44.43060466671151, 32.96099577260464, 69.68082033159968, 28.157126330110184, 83.14109895165163, 83.67234693493073, 97.02833245605747, 42.27031511992058, 106.72010585186317, 89.74557972298707, 20.287287853682663, 91.30202887021203, 48.285444506149986, 17.723263134224563, 11.945162522184145, 67.93324666200901, 43.52149500370675, 24.633247488344875, 38.6364305956391, 17.513203986987588, 50.002600938695316, 69.51716443345215, 46.831246402860145, 96.67092504245551, 28.80200176207077, 59.03260743914755, 59.760363463864735, 44.061141656459036, 83.64443853417919, 109.18274653111732, 46.2669090177065, 50.4060518615123, 22.46126578414023, 95.03861861371502, 23.617720921958107, 44.95958085523828, 18.513584238327535, 28.18483183429872, 64.11293188555179, 61.15956921804341, 75.16581124812237, 61.70449453291665, 73.62755425372269, 57.694396090044805, 45.739299532511254, 79.26485088667586, 70.64264000497552, 13.23319742308985, 83.92721464863962, 35.77067702056189, 79.79945050891315, 47.94679584883932, 58.910934174347446, 73.49694345216395, 46.40874554746224, 35.57560209773605, 93.65725234292623], [16.548232939803864, 78.88243636853558, 0.0, 22.157273640926157, 84.67492180216459, 53.97845590624084, 65.24804547406202, 36.78411241645266, 86.14958882353973, 91.46311390725322, 81.00004211833163, 8.182257558587638, 11.778791116205797, 57.05655952350191, 10.413775558229911, 69.25476766250269, 75.63114614754824, 80.77381429450706, 73.60548077167239, 50.32374679967812, 79.6466014922, 33.72765367262616, 22.99472736055072, 48.40136220290675, 11.787222001997137, 9.611617915573873, 54.71381917049356, 17.42654834177186, 72.8381258128001, 47.84024474599193, 82.3221268147464, 79.6054364550315, 27.958008635932284, 22.133153810690665, 21.8183999389309, 48.96115242523304, 67.83065978756586, 71.18789848426331, 58.62973740415384, 59.283452116270986, 98.09627720764736, 74.52758083076837, 67.55577426295747, 47.949248439091065, 44.43087340244777, 57.32915840105276, 64.25950606600831, 76.17365298412507, 40.30483515064535, 12.142590882653643, 73.18720508251798, 20.361031666063102, 84.81605510418981, 22.45611647369156, 24.014067467152195, 40.409714515140095, 80.45873045072459, 68.50481250059042, 54.86603873409974, 97.40218972872121, 77.07306123533311, 68.45690333767146, 55.64860653468317, 38.17363605778538, 68.95068407355217, 84.47627215866643, 56.285112395373076, 25.03431764301686, 27.06768083496659, 17.481621790137737, 23.356641627035938, 59.79369490510263, 88.66014571832969, 15.56714271310397, 50.81524151682862, 76.35602836006052, 7.622141631448039, 54.2487121225713, 59.697398899429864, 64.82719754538552, 72.08647330730228, 75.37207637132117, 86.92042055558662, 82.65908793884002, 21.29918541117678], [32.31015513968001, 88.64344864816691, 22.157273640926157, 0.0, 63.824000575540154, 60.86063364698392, 45.30625868600291, 48.26483513586727, 71.6083735763046, 83.82329521377075, 87.77305884744196, 29.434709961407655, 33.803386160380455, 74.10730427524646, 31.817887262264765, 66.6986839004053, 66.88715816594706, 86.69015226670558, 62.76241383546049, 67.95296814436807, 82.4021167592686, 11.58733216045455, 23.973230904596164, 30.771363283595175, 29.48044912975353, 31.287699027583056, 71.9226512447289, 24.615616033735822, 70.56880814368513, 61.82409639527345, 73.01724914531474, 82.12602595368502, 10.516060261133434, 5.537442880809668, 35.75640169522094, 50.599020674201384, 46.94273191210588, 54.7882018703747, 68.81864086640485, 40.9866834904295, 96.71885285636806, 80.02773407426311, 76.72294630749589, 37.81481533140531, 47.224692281837115, 64.59132854763124, 64.23814219250214, 81.62914156230173, 59.33419046828126, 32.91093011525919, 70.18072027435528, 14.071978048944272, 87.38753000598871, 40.896736512533245, 43.48421164813466, 57.44185407296897, 66.92009942647056, 47.279334833356536, 53.255835866890536, 95.32621394838016, 81.1547466995979, 50.268531107449675, 65.14771558832985, 43.829663079422005, 82.65058890581673, 87.19337055084974, 47.4289853866905, 27.511727130601678, 16.26179464605828, 30.43990267499165, 15.811233862346885, 53.280118640209125, 86.84847445057873, 9.9973999237016, 39.39942782718071, 89.14351382169325, 15.239111005750258, 57.23788021468195, 45.16378351223313, 61.58245577858404, 65.26383827306846, 64.24306512176986, 84.7577129427293, 83.2346611161603, 7.398336622192871], [96.04005215489623, 117.77251332764743, 84.67492180216459, 63.824000575540154, 0.0, 92.28838325701918, 20.15949430225404, 92.47870875799248, 38.59930053440732, 69.24868998610566, 110.25831388271648, 92.61460667985216, 96.38907001075837, 121.45739911523009, 94.96287735328853, 74.79019153246783, 57.71108160401131, 107.45860453059622, 49.773433865138124, 117.3821919079039, 96.92855593319936, 53.00844291072485, 71.03029907288825, 38.416919284764724, 93.29115140034439, 94.25750358456355, 119.92075152132516, 77.10202832785777, 77.40898192439636, 105.82248659430546, 58.36745441721315, 96.17388830724987, 56.783654922219256, 62.57483739477692, 99.04569200788255, 77.23350273430931, 16.894015512811585, 28.720063392416858, 103.87397332933371, 28.603541748606965, 96.02516835062994, 101.76538126425774, 107.4639875682143, 51.67148297405665, 78.06770107093908, 95.31226042284631, 79.69820580753606, 102.77566749267525, 112.6584035161613, 92.75018861215034, 75.3149457036855, 75.01539563832723, 99.87501529328387, 96.5994697708733, 99.99188176268206, 107.62885382160616, 41.17484201424273, 16.750035533039984, 71.61686840638548, 93.09974632767954, 99.25445072483568, 22.77597233700191, 100.00323772593286, 81.43693265147394, 121.61755246519573, 100.1021253173387, 53.68245336214507, 72.81872963526848, 59.924028551038965, 84.2287251874267, 63.93563403923763, 60.23633442543006, 88.12183871980649, 69.2227784835624, 48.31419167435483, 124.94681703058689, 78.75140508009864, 82.75100956663671, 38.086786954422976, 70.87011931781049, 62.81699080399703, 49.194044523145465, 85.83010142071255, 92.06309298110439, 68.73971399762179], [68.8577994678227, 28.350605281693692, 53.97845590624084, 60.86063364698392, 92.28838325701918, 0.0, 73.92345483802133, 18.91119661952284, 69.80798768577976, 55.6441559841904, 27.284993899559836, 57.853516584218006, 55.93838050473393, 34.86481910028551, 58.257413257655635, 28.81001332901481, 47.28357564551364, 26.812699560135314, 51.45701475855592, 34.50983750362794, 27.21564108387033, 66.51359794068047, 36.91131216006182, 58.01748841915477, 64.0468855832618, 57.15798206367046, 34.4439725584614, 38.27474508459137, 30.333341259422305, 20.562899166465694, 52.99345715460587, 27.42439947730497, 54.870970214164636, 55.72385880885779, 74.20928158282271, 15.064583510434156, 79.89625710827717, 65.53719481584655, 11.6721269510559, 64.68019884312271, 49.22093297372298, 20.575878406125216, 16.52057688686397, 41.0095015691274, 15.312647913939715, 3.753379331215183, 20.37193871623603, 22.21795589823069, 38.009193031819514, 46.833701880009805, 32.181574031758004, 69.98171860910311, 32.22397172920599, 38.06960464041422, 40.118409751119856, 30.3871084521721, 62.99549939676287, 82.21468333059192, 21.777517447775075, 49.6460004987703, 23.665541088334567, 69.57549364791825, 8.059090157356069, 17.058719347744887, 29.52736384769892, 31.77263119826597, 39.212997647212205, 33.38806702405, 46.88176137859295, 36.52090331005484, 45.52696172908817, 34.45960104590672, 41.57147897186842, 51.84746127856533, 44.10970944673822, 32.79192524374862, 57.89200962235087, 10.33086775743597, 54.301808438353525, 28.247604822392905, 40.48418670946367, 53.24153450132574, 40.72014778145019, 32.635649764252456, 66.3267016415493], [77.58825914062797, 100.51036578862369, 65.24804547406202, 45.30625868600291, 20.15949430225404, 73.92345483802133, 0.0, 72.70090495792326, 35.378949758339516, 61.203887203954366, 94.06583058318269, 73.30872916331674, 76.85763342225442, 101.76409838242755, 75.62350678390193, 60.055171512344366, 46.42146489877662, 91.53134305922569, 38.70512070770053, 97.49369881381966, 81.97064062332795, 35.44335225305813, 50.870906499862315, 18.26149395506879, 74.4825205499486, 74.85927964933644, 100.15982283122214, 56.96658958505338, 63.20318583277827, 86.26526969194865, 49.24038078772233, 81.29339212469677, 37.296214239297626, 43.35294487858731, 81.01669653877418, 58.90242095169213, 6.49218752048319, 18.35955472143466, 85.32968353096848, 9.247099916013408, 85.06371001639795, 85.44043772371842, 89.66940408670202, 32.91428372666168, 59.19483951538319, 77.15708866187661, 63.58890390166828, 86.6077810174576, 92.54539146788542, 72.82183017979492, 61.40020810601012, 57.67269490821811, 85.52874138536824, 76.44842505085101, 79.84803072138324, 87.62915254316923, 34.39173023013137, 9.266088913908414, 54.31784380104842, 82.45637038875863, 83.59405855144848, 9.755682380539596, 81.38847320541502, 61.95263419778312, 102.87482978677258, 85.66389044322422, 36.92786687632832, 52.6876742584508, 39.8679104110313, 64.08055710227913, 43.89621029514857, 44.28492851888664, 76.16631003125342, 49.69523131032395, 29.919527895958574, 106.71516441364581, 59.753187415228254, 64.89827131302556, 21.522970656122375, 55.49817392796677, 49.8916765559666, 38.87491985429024, 73.79729038959003, 78.26044627678799, 51.021898216244914], [50.63168450195515, 42.131590078432616, 36.78411241645266, 48.26483513586727, 92.47870875799248, 18.91119661952284, 72.70090495792326, 0.0, 77.54627080575003, 69.94341251175368, 44.69562076299223, 39.61583181900178, 37.296399754683726, 29.094053705359972, 39.79551534134773, 43.41823639533514, 58.22033738436582, 44.868760121758314, 60.20121053469279, 25.019052880443994, 46.103140172764135, 56.34836135374956, 25.47643282169284, 54.881107466566895, 45.93079122747558, 38.730780771717384, 27.45942071598117, 23.733807784110656, 45.96769483904846, 14.171273093559106, 64.71165789420895, 46.28356600931898, 45.034552360490494, 43.898850596493816, 55.907623505476835, 22.657030455482357, 77.86476598429972, 68.9691681724853, 21.85483848864803, 63.88007592147286, 67.58697327966385, 39.074948955241105, 30.789294767602744, 41.68325218510004, 18.580053226028188, 21.616829838826547, 35.80314581903386, 40.683584894775045, 23.138562449404926, 28.2945344566578, 47.301567303731595, 54.817031437554874, 51.13230338762876, 19.158485043240905, 21.308061841608904, 16.249700724166644, 70.75159891085143, 79.74165435102877, 31.398917988672576, 67.73209195847517, 42.53816485627837, 70.78644354737327, 18.923282645963987, 11.963872987769093, 34.411033876155116, 50.68342782305153, 44.234476853533344, 22.261436049777153, 37.66267552515539, 19.597817942312936, 34.94431830104093, 42.58756455737172, 59.33350899929133, 38.407782095671195, 45.33551242925308, 40.94393267688405, 41.87414181417763, 23.922727261768678, 56.537365969650175, 40.96527244907361, 52.220713900951175, 62.12435570784249, 58.1812713160906, 51.08749358057912, 52.39656322729597], [101.44349692835851, 90.03013606163563, 86.14958882353973, 71.6083735763046, 38.59930053440732, 69.80798768577976, 35.378949758339516, 77.54627080575003, 0.0, 31.28519024668834, 80.28275096637044, 94.18275886876563, 96.29103132339343, 103.74543145240885, 96.17284652641874, 44.59303466265216, 24.33483824966287, 77.05658578908474, 18.400827448383737, 101.62970770499389, 65.21936708376519, 65.03929464610577, 65.19555371424009, 41.23147453967576, 97.33493291520665, 95.16320808669086, 102.83937048784533, 72.10216464790416, 45.89776407055869, 88.08147618380745, 22.005360543302398, 64.36993707586197, 61.35607441570872, 67.59859744613408, 105.90378522380996, 56.4364079136157, 40.20935485887283, 17.982483555828587, 81.13251674528587, 33.0179357095063, 59.2276162797511, 72.55042461720346, 81.83057618288962, 39.0079636034539, 59.42043316315853, 71.78279538666467, 51.88770945309275, 73.14573130479772, 100.49500042119821, 89.58274476804242, 43.516526754450325, 85.55048608095132, 66.963186020883, 88.92820966711018, 92.41268721567612, 93.79244262571807, 6.856084796282142, 42.78069198753084, 48.23144911077993, 56.12358293721005, 68.75638282801997, 25.798655428085183, 77.83927283754903, 65.60300450489281, 98.63387502273056, 67.32751596940408, 33.45747178605217, 65.0786848770019, 59.316201279734905, 77.87915724150267, 62.826141576960495, 35.64355076649668, 52.56537691916922, 71.6972354024103, 35.69122417172154, 99.8474970872005, 83.02281019967683, 59.4798094711877, 26.678071229925333, 42.591562970091594, 31.119855839265107, 16.717150273623716, 50.47312632439622, 58.71975208670935, 78.66599587048619], [107.96878537255535, 67.49125549664817, 91.46311390725322, 83.82329521377075, 69.24868998610566, 55.6441559841904, 61.203887203954366, 69.94341251175368, 31.28519024668834, 0.0, 56.04871746655397, 98.5351047024336, 99.07368000786899, 90.20433717216847, 100.01085687868789, 26.93342771337585, 17.058672418267623, 52.60223160256625, 23.152151571918974, 90.1426126364375, 40.34371213469586, 81.19024926199121, 68.47259821451505, 58.60241772007791, 103.25006341338256, 98.87729372909908, 89.98006068969879, 74.5612497075343, 25.443352954682496, 76.14810015686612, 12.080770154985405, 39.47054813289432, 73.47326343145288, 78.66511916318774, 113.10800277611497, 47.455666167527326, 67.20954472626411, 43.15160177311011, 64.90674247768781, 55.17570713120166, 28.430344547847728, 49.97168724052056, 62.347297888459934, 46.0087330618856, 51.97808664108562, 56.068891863750956, 35.2870192014437, 49.99480351274707, 92.45450456693457, 90.69866175421917, 23.47009549899546, 97.5904343551307, 40.33908955400958, 86.29585610640578, 89.40341455548023, 84.93947180585548, 28.147458766985253, 70.01099301105052, 39.02121856347594, 25.23118067965583, 45.03035248561499, 51.727121807813575, 62.696691464920015, 59.51771416949286, 80.35243924712066, 40.845734814587765, 36.42986813928843, 66.75218425663915, 68.24617736464427, 78.10669323174709, 70.47599868624154, 31.68439627480195, 23.61308059389197, 80.12600191596377, 44.681621554796806, 79.33840877596444, 90.90945955105018, 46.68238069416492, 43.12871674018429, 29.010368597325957, 19.380944426045936, 22.537026375145214, 22.060584525724018, 32.378997142074965, 91.2116728506375], [95.32657715529113, 12.226712394691894, 81.00004211833163, 87.77305884744196, 110.25831388271648, 27.284993899559836, 94.06583058318269, 44.69562076299223, 80.28275096637044, 56.04871746655397, 0.0, 84.30851548668616, 81.88855814333331, 45.61999292562112, 84.47155225121412, 36.07327050526926, 55.956695697059615, 3.453315924315985, 62.77222240558718, 49.28237871390045, 15.71889035424837, 92.56280840271926, 63.952357404654386, 80.55836438388376, 90.61087746846964, 83.4158719197183, 46.66316366340346, 65.55960151068054, 34.387520332188245, 39.00458898779247, 59.24263250852494, 16.596146252816464, 81.05176170231427, 82.50597713869962, 100.60081512278933, 38.286379766558504, 100.43877947994832, 81.76022346306988, 24.182411442476486, 85.01127925281241, 36.073590827014385, 8.643333793761517, 15.30145421838695, 62.40920872817804, 40.78777992229671, 23.741232436767273, 30.601017306689876, 7.487126537824031, 57.345504439417745, 72.96694894577114, 36.76622566251619, 97.25495096867837, 16.62285112079283, 63.202595731827266, 64.55074957504642, 50.570205188895294, 74.15412161316011, 103.02833511348885, 40.07430395604661, 38.17973625717132, 11.531843973486708, 87.7598494314146, 26.01175265154471, 44.22475462135461, 29.550670244923108, 16.012920647580597, 57.16227095326929, 60.46520495789451, 73.08521829784969, 63.52061967807783, 72.1807192216331, 50.09850642132391, 33.72802966539679, 78.99952457175692, 64.67851221583064, 25.36040530438076, 85.15047754338555, 31.388702947413172, 72.80710192869348, 39.446863897825054, 49.33171179939017, 64.0766073700091, 34.5466974229108, 23.774882318435726, 93.47139576829893], [11.023049329157484, 81.06016105184901, 8.182257558587638, 29.434709961407655, 92.61460667985216, 57.853516584218006, 73.30872916331674, 39.61583181900178, 94.18275886876563, 98.5351047024336, 84.30851548668616, 0.0, 5.079086080594911, 55.936589951661865, 2.383177312003291, 75.49461538188699, 82.99975481102295, 84.39213012370887, 81.2898371932662, 49.001184297799234, 84.3164448078811, 40.99555856471902, 30.22233691497555, 56.57202762783476, 6.3741120651173055, 2.098582314309654, 53.55126687529132, 23.98376810311316, 78.96058240030257, 48.84903701042156, 89.73391690313895, 84.34707665053268, 36.01519682510162, 30.042920880777586, 16.355767450158602, 54.619721423539836, 75.74278879267146, 79.3508541035438, 61.072016067673985, 67.44841159226246, 103.72510750418407, 78.3931521902126, 70.19560226394013, 55.76899771588265, 49.941510645011974, 60.963934615836564, 69.96792150090187, 80.02600866379333, 38.26071620310848, 11.551046187229586, 79.47533003622762, 24.39594130527076, 89.47096785578535, 22.35783305432466, 22.711191378699862, 39.90720969129784, 88.41721727590635, 76.33134653207368, 61.155167908821795, 103.21608841084893, 81.3668255296098, 76.63173005354184, 58.46931823189724, 43.13802744003172, 69.49517625583645, 89.0911376667165, 63.852131405359884, 31.78951456962518, 35.223995868240635, 21.90616683889236, 31.4666537657508, 66.9592305070215, 94.48666093502501, 23.692575784738313, 58.72993307968714, 77.21613973073133, 14.207759317796626, 59.370570944772226, 67.79696505847649, 71.28758120404594, 79.16148598149177, 83.08306194290316, 92.85165381012517, 87.92216139020101, 27.187172148936362], [14.146795288816769, 78.02432695011132, 11.778791116205797, 33.803386160380455, 96.38907001075837, 55.93838050473393, 76.85763342225442, 37.296399754683726, 96.29103132339343, 99.07368000786899, 81.88855814333331, 5.079086080594911, 0.0, 51.594012952047734, 3.346054206693744, 75.2528492896878, 83.9517623561954, 82.15936252100086, 82.70970482568259, 44.626445279062516, 82.77791122634245, 45.39069489481542, 31.464610633953825, 59.72741073686349, 10.348516879282418, 2.98992212706923, 49.20586384512965, 24.790419133912945, 78.59635282089164, 45.431828503197764, 90.72486199587337, 82.85943312161423, 39.619351670518945, 33.89577369022278, 19.029390853324298, 54.01761121207591, 79.56441218793456, 81.9987660333236, 58.28216447693536, 70.62781656228071, 102.85296941866511, 76.34101430841375, 67.45734012913162, 57.52224577440544, 49.270364041502404, 58.87105693230409, 69.29229202040254, 77.9580499120891, 33.72570177057648, 9.14226706594635, 79.26042323240178, 29.460757110322024, 87.902228897656, 18.99380677638105, 18.749490472232694, 35.918436749097985, 90.34548025221939, 80.26869078277728, 61.04246831960723, 102.50017683656904, 79.58147150355762, 79.71661095597638, 55.9106357232431, 42.145950141520096, 65.73339736661686, 87.49559546677285, 65.15555250232916, 32.51128980949532, 37.99021213970679, 21.246745928946257, 34.07725389194191, 67.71975796094534, 93.8063003904983, 27.181226127453865, 60.65143513516891, 73.56164019223155, 18.730946039532988, 58.30670847563145, 70.16836977163621, 71.27429000222921, 79.76182836311861, 84.54208768223361, 92.26653789589544, 86.80763106380694, 32.03736506456846], [65.5467363284135, 35.91806857131452, 57.05655952350191, 74.10730427524646, 121.45739911523009, 34.86481910028551, 101.76409838242755, 29.094053705359972, 103.74543145240885, 90.20433717216847, 45.61999292562112, 55.936589951661865, 51.594012952047734, 0.0, 54.894322839621374, 63.57778129682035, 81.99847092799389, 47.83402900975341, 85.61959472012887, 6.98126864137598, 55.704707350195704, 83.57915728592886, 53.54834260144828, 83.97444036316676, 61.92117313861847, 54.210063760521706, 2.38815161224503, 49.99491129065232, 64.7628908670921, 15.866332542412296, 87.83321334170215, 56.30511329353717, 72.81533432813383, 70.57684520903183, 69.87784148421672, 47.32628329167941, 106.95876845535605, 97.08890663511275, 25.62447066882762, 92.88351274081016, 79.08179496057593, 45.331987271645886, 31.352908414343016, 70.2216085538783, 44.77878879000598, 34.13570007201983, 55.11384517024136, 46.360861600355776, 18.107502023037124, 45.254521819441806, 66.76732879968907, 77.2721077670463, 59.43958329519688, 34.60373785761563, 33.35205331643468, 16.791180999231102, 96.8899924524308, 108.82924039137549, 55.59731591062175, 80.36465088370844, 50.63471595092386, 99.51671403939271, 27.50777431722898, 40.12180973587439, 18.01902275189086, 58.83169832801093, 71.38098736672522, 50.68572609364084, 65.96451764188572, 43.67054758329602, 62.81359241558358, 68.1022406712112, 73.42502959074042, 64.14192392768213, 73.80560125573368, 25.833170967124047, 63.99189334959317, 44.82923171221546, 84.89795223531902, 63.07132285300685, 75.2790358177353, 87.46973215323744, 73.14017647332555, 63.29822471099999, 76.6632353576412], [11.074991553182937, 80.88475801853966, 10.413775558229911, 31.817887262264765, 94.96287735328853, 58.257413257655635, 75.62350678390193, 39.79551534134773, 96.17284652641874, 100.01085687868789, 84.47155225121412, 2.383177312003291, 3.346054206693744, 54.894322839621374, 0.0, 76.65831581329545, 84.61851507347605, 84.65215663299679, 83.06580250255759, 47.93188059517659, 84.91696857382829, 43.37816885159476, 31.884594102841437, 58.8104432126149, 7.027321376586153, 1.153111818420453, 52.50627114436331, 25.4667098741536, 80.07598669238925, 48.43313288001156, 91.36875601589833, 84.97149064745629, 38.32731563124954, 32.3882153326328, 16.17066258270403, 55.61807340086217, 78.0952561128321, 81.48087110749869, 61.02558127288202, 69.69522151935026, 104.63452287729069, 78.74205182172211, 70.18242146356552, 57.637060616470634, 50.90514117131872, 61.28234211836384, 70.94763259496214, 80.36771285743268, 37.05640296954538, 11.504620537294139, 80.65199362023228, 26.516969573646367, 90.05927765237834, 21.92589445103544, 21.91535475294472, 39.117639102335474, 90.35360177803949, 78.69595659766573, 62.361288973826184, 104.19295842000959, 81.84827615039785, 78.86129759526177, 58.545872349041026, 43.9525589650872, 68.87177033170501, 89.6666240021431, 65.58102823449707, 33.270523153874635, 37.35765656872159, 22.79320666504031, 33.5543890110151, 68.50189674404182, 95.47595238464977, 25.971498373022197, 60.651440548934374, 76.66466466002541, 16.590038723231967, 60.17308805192732, 69.85155080978338, 72.54049509847188, 80.6526446649001, 84.87239993733743, 93.88082207346767, 88.71895040693386, 29.502307250456244], [85.71655731560377, 45.43713445684757, 69.25476766250269, 66.6986839004053, 74.79019153246783, 28.81001332901481, 60.055171512344366, 43.41823639533514, 44.59303466265216, 26.93342771337585, 36.07327050526926, 75.49461538188699, 75.2528492896878, 63.57778129682035, 76.65831581329545, 0.0, 20.37197949646572, 33.02375356522245, 26.734172186123534, 63.255697555133004, 22.1491922393693, 67.48950518440222, 46.78403120082702, 49.60400762835087, 80.84299549214913, 75.50572836099975, 63.23942104928796, 51.83860414842764, 3.8818923600669986, 49.244488361948584, 24.974500109020976, 21.411236636660128, 57.38764100593754, 61.1810992135974, 91.05130381121545, 21.558306084709294, 66.54306410975593, 46.0979734942965, 38.70986626210161, 51.48259178343914, 30.021419946333594, 28.036895446135226, 37.72760913456387, 32.02323499145149, 26.306933428482136, 29.559831211604678, 8.464065067110539, 28.745354396301618, 65.6151464782787, 66.42821971755927, 4.017213496358483, 79.31163932480122, 25.473661206210608, 60.71922934180052, 63.62710975500548, 58.06727204289895, 38.246030337013906, 69.27380670118266, 14.388744036540869, 28.7086086627958, 24.699787974247524, 52.74057781184729, 36.146177115512394, 33.83300558611976, 55.24673263008101, 25.615364036348357, 23.94520081860614, 44.27862216663882, 50.439996030330335, 54.00614177714517, 51.4495623203517, 16.211314539473598, 20.15163934015072, 60.62602571624407, 32.962286329824316, 55.59980370255993, 70.25649126812064, 19.797654754279403, 38.5405356068407, 5.258297399218163, 13.475100734173642, 28.111739795693083, 18.1025491370383, 18.490960694585798, 73.73014320316268], [92.01784052398929, 65.76442872593812, 75.63114614754824, 66.88715816594706, 57.71108160401131, 47.28357564551364, 46.42146489877662, 58.22033738436582, 24.33483824966287, 17.058672418267623, 55.956695697059615, 82.99975481102295, 83.9517623561954, 81.99847092799389, 84.61851507347605, 20.37197949646572, 0.0, 52.747540525198524, 7.975926012031253, 80.75131361266303, 41.022861186539515, 64.1411778354343, 52.778853263629, 41.795943536878944, 87.39398166566728, 83.50568097586353, 81.36774453500793, 59.19429899515025, 21.569190153806254, 66.81884407319066, 6.790334851502505, 40.18623286793341, 56.491671783379324, 61.795287759928854, 97.05231907717743, 35.726190065382454, 52.73715163268767, 29.50409316460465, 58.11835519001768, 39.40653230676208, 38.7952205887182, 48.230126915481684, 57.96796635209374, 29.111383868787104, 39.6502638744255, 48.769498420297126, 28.09381604206804, 48.81181189090296, 81.31293906760719, 75.96138717290614, 19.195787409940237, 80.7317013564524, 43.102906637502755, 72.76289585475642, 76.05784807211147, 74.09445758793812, 18.300296218372093, 55.56411695168295, 26.963435915707894, 36.08870055709012, 44.43548783932618, 37.53594565395531, 55.131192720252365, 46.81692785821547, 75.20865701367447, 43.42148015687415, 19.68390038905475, 51.44058600709774, 51.50978607380812, 63.454007405478755, 53.94451819551385, 16.397935297127134, 30.435418184548706, 63.589763851557905, 27.638458347408967, 75.9126032628657, 74.5627464379492, 37.169334128145735, 26.742669972631536, 19.122319846604896, 6.977628321337014, 8.602410918927772, 28.127948422334942, 34.967900906572595, 74.28308920917429], [95.41478971473137, 15.52888874216379, 80.77381429450706, 86.69015226670558, 107.45860453059622, 26.812699560135314, 91.53134305922569, 44.868760121758314, 77.05658578908474, 52.60223160256625, 3.453315924315985, 84.39213012370887, 82.15936252100086, 47.83402900975341, 84.65215663299679, 33.02375356522245, 52.747540525198524, 0.0, 59.6607888707808, 51.14893611783537, 12.286188121535796, 91.09857616705463, 63.01267439985949, 78.39084630825329, 90.6519242651264, 83.57832799308397, 48.75263711686194, 64.96936544017795, 31.18763364212049, 40.23643463352689, 55.91571955904997, 13.164595056349482, 79.66245134287217, 81.36093680216548, 100.72691130282077, 36.69317764595121, 97.93284072035655, 78.89167654173106, 25.231883571748142, 82.53062420425468, 32.90992559175419, 6.697192252876333, 16.84235732497132, 60.19096873859559, 39.51514188821615, 23.46930701891232, 27.953527074183764, 5.177150506775865, 58.76607253466769, 73.15775106513907, 33.552044975101154, 96.54284247334671, 13.273797757253332, 63.656690825038524, 65.17562586477786, 51.79761313413007, 70.98167988292442, 100.54865018373565, 37.83243191034621, 34.92649110719943, 8.337884768181128, 85.04117053324852, 26.578310653800088, 43.47173022511282, 32.30687398828947, 12.65601432434556, 54.60375531168142, 59.56362347609953, 71.73077542012116, 63.30128860211787, 71.00286751533211, 47.4110403346329, 30.30078265971469, 78.11525550802251, 62.33779863411977, 28.53845518278515, 84.65579403552516, 29.80613844564595, 70.18623375436077, 36.591933983722335, 46.18279724740244, 60.931116040594134, 31.098413390833617, 20.321789453103957, 92.55779299625081], [89.70617691033605, 72.03612994414038, 73.60548077167239, 62.76241383546049, 49.773433865138124, 51.45701475855592, 38.70512070770053, 60.20121053469279, 18.400827448383737, 23.152151571918974, 62.77222240558718, 81.2898371932662, 82.70970482568259, 85.61959472012887, 83.06580250255759, 26.734172186123534, 7.975926012031253, 59.6607888707808, 0.0, 83.7779632067008, 48.23916837978809, 58.88384548839786, 51.24957540421876, 35.700259691288494, 85.24159387148057, 81.98623903847691, 84.79381579673239, 57.96581983417504, 28.572952500272876, 70.07014858288818, 11.122065114983412, 47.42560048325855, 52.253566327905865, 57.942889218530745, 94.56435446066962, 38.44467952164476, 44.953225213742364, 21.53693826497628, 62.73950179782196, 32.11472173297021, 46.72911299459863, 54.763904039737916, 63.51918436317859, 25.803369452680187, 41.764854732331514, 53.38602144299604, 33.62332418652713, 55.47674607046906, 83.31349329018444, 75.20144121663438, 26.28744451020528, 76.78515574361631, 50.628380778086864, 73.14493649008462, 76.55226046057125, 76.36945838596371, 11.701859018084638, 47.77981482493666, 30.023357582091904, 43.980798774779636, 51.32291269994724, 29.654184386683436, 59.473718457132456, 48.391475665680154, 80.23524133699985, 50.915320851163735, 17.591179859201365, 50.42697985411321, 48.157800972841514, 62.944212716373286, 51.028952661489015, 17.684036791076267, 38.40596889565421, 60.54387622702694, 23.49098033065953, 81.54722257463682, 71.76720386798925, 41.13845635085502, 20.01553246124263, 24.283122040338952, 13.531990843139118, 1.9321597944467837, 36.09259039434054, 42.59405349865333, 70.14034831730567], [58.566749112146184, 40.63516041279383, 50.32374679967812, 67.95296814436807, 117.3821919079039, 34.50983750362794, 97.49369881381966, 25.019052880443994, 101.62970770499389, 90.1426126364375, 49.28237871390045, 49.001184297799234, 44.626445279062516, 6.98126864137598, 47.93188059517659, 63.255697555133004, 80.75131361266303, 51.14893611783537, 83.7779632067008, 0.0, 57.81950669406918, 77.7280339880202, 48.24734729304771, 79.4878929830791, 54.959185629933884, 47.2581573594459, 4.599575871195801, 44.195419716094406, 64.83569460975754, 14.026299100947686, 86.85026388111925, 58.34091193133819, 67.21715406870032, 64.64182739515587, 62.899970370134625, 45.33985035517485, 102.47372843625523, 93.89907436841938, 27.14313295117724, 88.77975879409999, 81.18033256198423, 47.849894157771246, 34.32988785557453, 66.68690992983153, 42.228061098123625, 34.53661828645356, 54.85632101779528, 49.045489253499824, 11.156455372265821, 38.42890386425495, 66.68851321577135, 70.60513326570278, 61.931586226250445, 27.913891308939224, 26.487235027275617, 10.552869824918053, 94.78338472721019, 104.23539293898777, 53.92871173692288, 82.21222370374946, 52.93807084152863, 95.80079982504802, 28.073769884453647, 36.70754446420445, 23.74576359555649, 61.344857780960574, 68.70665178683508, 45.59367968310322, 60.6504681084892, 37.60403373801334, 57.326180634396536, 66.11456830801254, 74.83460997574217, 58.041090969453144, 70.33009641644118, 31.787604688652173, 57.36704414616848, 43.83641002893858, 81.51848639533806, 62.17560049944916, 74.22393707482112, 85.66617471427494, 74.33259138170857, 64.98868140226963, 70.2187172976611], [95.22297704314052, 27.305270931289208, 79.6466014922, 82.4021167592686, 96.92855593319936, 27.21564108387033, 81.97064062332795, 46.103140172764135, 65.21936708376519, 40.34371213469586, 15.71889035424837, 84.3164448078811, 82.77791122634245, 55.704707350195704, 84.91696857382829, 22.1491922393693, 41.022861186539515, 12.286188121535796, 48.23916837978809, 57.81950669406918, 0.0, 85.38396803664094, 59.64290225760164, 70.24420629612754, 90.34580948147538, 83.79344478806343, 56.202072107910816, 62.82642765638615, 19.686435561585792, 45.21653964304527, 43.81995997243203, 0.8789712919987982, 74.34939689000065, 76.91471958226353, 100.61623387752122, 31.889536884868782, 88.44159668664466, 68.22275011176728, 30.685504250238424, 73.21423357821878, 23.39804887329723, 10.666883272739938, 24.662397418019953, 52.09072283362378, 35.78571227549567, 25.047531185484097, 19.241455957729233, 10.141076851639372, 63.78468492949829, 73.63707837040076, 21.951972853781957, 93.48204007549958, 5.169485298123676, 65.25360151481469, 67.33323746850374, 56.34431244653963, 59.32069030959967, 91.13749866120357, 30.297770147036925, 24.705385409162396, 5.218465827726869, 74.86593409604437, 30.433185754698812, 41.473402882459, 42.21750029189434, 4.855013571320514, 45.29109336808349, 56.420118156208005, 66.66297632096393, 62.530750523761235, 66.59605728451255, 37.72106699931238, 18.663170552892947, 74.66151467711525, 53.738737231803036, 39.753786624130015, 82.51280698327393, 25.636174434605003, 60.45569388511828, 26.47247413765608, 34.70749602002378, 49.38823793843471, 19.139753796546124, 8.317566163301032, 88.8145269920274], [43.12626949668577, 94.79513462838088, 33.72765367262616, 11.58733216045455, 53.00844291072485, 66.51359794068047, 35.44335225305813, 56.34836135374956, 65.03929464610577, 81.19024926199121, 92.56280840271926, 40.99555856471902, 45.39069489481542, 83.57915728592886, 43.37816885159476, 67.48950518440222, 64.1411778354343, 91.09857616705463, 58.88384548839786, 77.7280339880202, 85.38396803664094, 0.0, 30.937913393047246, 23.945760585274982, 40.70290007914446, 42.86554857049701, 81.48449892687297, 33.58499040101914, 71.35573725165938, 70.34518862668959, 69.71291621637916, 84.99884612953565, 11.656564511006163, 13.152874378254511, 46.039301944442975, 54.41473670654665, 36.25026565481755, 47.431172915002314, 75.61662794081005, 32.71727393585491, 97.24008355343634, 84.40324917796427, 82.86531369992751, 36.19281101798957, 51.826896595265744, 70.26324947163695, 66.46583100459262, 85.9413215950703, 69.72713770954215, 44.172793547696656, 70.586012154063, 22.248574773775353, 90.149690476055, 51.450372392285246, 54.25432691944552, 67.17525429802919, 61.142812348556106, 36.30731034648852, 55.26475527417648, 95.50612560345762, 84.82037086810244, 41.70251736127949, 71.76679767370557, 49.944818572877274, 90.63206962289634, 90.03285760453255, 45.704341570369074, 34.33163182482254, 19.632775227467988, 40.17968440416876, 21.511624144298246, 52.56404253333164, 87.36736275546293, 20.163056345152295, 36.70743933836951, 96.63206265833068, 26.788366703944234, 61.2928744353663, 39.68859990437077, 62.2386755507451, 63.72716456631129, 60.12255762859467, 85.14462116110457, 85.09541476678214, 15.747930260300096], [39.52482751343259, 64.69933268688827, 22.99472736055072, 23.973230904596164, 71.03029907288825, 36.91131216006182, 50.870906499862315, 25.47643282169284, 65.19555371424009, 68.47259821451505, 63.952357404654386, 30.22233691497555, 31.464610633953825, 53.54834260144828, 31.884594102841437, 46.78403120082702, 52.778853263629, 63.01267439985949, 51.24957540421876, 48.24734729304771, 59.64290225760164, 30.937913393047246, 0.0, 32.618592692617, 34.77974520883362, 30.78672649988749, 51.60240095020761, 6.913484679697387, 50.48407325871536, 39.57958621244687, 59.51170346279615, 59.459777393239975, 19.55828850695602, 18.996122123205673, 44.727284270318435, 27.838243914410253, 55.169011228309195, 52.08300693622129, 45.01892383999978, 42.992925763412536, 76.23262832860621, 56.39815920289025, 52.768468050101696, 26.217596807637108, 23.90223927159658, 40.63325837374912, 42.6