instance_id,num_cities,city_coordinates,distance_matrix,best_route,total_distance
1257,31,"[[86.70514045520672, 61.45545574145992], [42.114842339072375, 8.066605913756463], [16.61349869367519, 3.5721096145679865], [35.906267894256594, 8.260470092966477], [72.20056809940635, 28.19414025034499], [31.0754041329253, 16.082543783440272], [56.30310942338846, 56.318449641187996], [33.78769379211931, 82.39886484189714], [33.94973906955754, 69.7377889969787], [47.793236414140296, 77.7076920771083], [3.784149475887655, 89.93325566436252], [75.77134420126028, 18.958317560074], [95.64849935260618, 4.943750999427843], [19.79730590959311, 7.994340782627263], [25.393385304317174, 5.542530220662867], [55.899510639562145, 19.49472287248476], [11.719898181618916, 3.482520664155919], [49.96670630246422, 76.8994893773849], [61.30095721423904, 50.41469664356182], [75.44743427724873, 3.4024508930933894], [5.017019248149246, 78.62944904973801], [74.323613793845, 47.34435286807109], [49.472449164722775, 71.2178790511077], [29.601986811096857, 81.63517005261058], [64.92007140017598, 37.86170442311381], [9.433686447873512, 35.37152087788017], [86.62177516223754, 89.5418867783812], [37.23847947616022, 53.247080963218394], [98.36138924156288, 16.666202687374877], [99.22043832159426, 66.28716143509455], [40.47237359494621, 19.77067540255335]]","[[0.0, 69.56050583492623, 90.90280525744211, 73.55427894831867, 36.28632975962339, 71.78696749993524, 30.832974597561474, 56.91118120447841, 53.40158630149883, 42.169556104029965, 87.6748301021518, 43.88114235216105, 57.215001889524615, 85.6431499667354, 82.97822943385107, 52.05468212601074, 94.78210675178076, 39.85261244815675, 27.699655008654577, 59.13448503465386, 83.47391923524192, 18.772997277189745, 38.491274460703856, 60.56394163016865, 32.11314894251912, 81.55519151087123, 28.086554757816177, 50.14307494476174, 46.28115518126461, 13.415590206707487, 62.25021801936194], [69.56050583492623, 0.0, 25.894382107014223, 6.2116004344130475, 36.19763159374621, 13.642743706379987, 50.294605535309266, 74.79723337318815, 62.20935407385418, 69.87220506956369, 90.39574302344225, 35.37498410156515, 53.624664624206495, 22.317653427954994, 16.910886537069253, 17.9058352884444, 30.738680321547953, 69.27927261177808, 46.491588405462316, 33.65733244589886, 79.72053254663172, 50.795141149847666, 63.57843720216153, 74.62509754041652, 37.52101234923857, 42.58657454624484, 92.83904599518041, 45.4428678723718, 56.900150290863834, 81.55171474427885, 11.818754002601866], [90.90280525744211, 25.894382107014223, 0.0, 19.854260686369344, 60.796107422652604, 19.12217749178945, 66.01092020325112, 80.67595872965306, 68.39914004215507, 80.42549739589498, 87.3088755418708, 61.12598530937279, 79.04690208506518, 5.4491060635562905, 8.998275738198608, 42.390097281954425, 4.894420512341922, 80.55644654945594, 64.73945403381138, 58.83418020448533, 75.94789357590396, 72.43249729450653, 75.20412720536187, 79.13622576626898, 59.23935582687155, 32.599881296996, 110.86911815151394, 53.786546745139866, 82.78993225283347, 103.7163641839705, 28.838159531117626], [73.55427894831867, 6.2116004344130475, 19.854260686369344, 0.0, 41.40806000436022, 9.19358915221614, 52.207284382754445, 74.16865869202785, 61.508444498845, 70.45719737477059, 87.76260248348926, 41.27551634313888, 59.83422804021506, 16.11116013926852, 10.858540302421368, 22.933342342249798, 24.65378836245392, 70.06433398354518, 49.21248887972796, 39.838476244377155, 76.85010657988445, 54.80367103348772, 64.4024581594972, 73.64503074982916, 41.449172099673994, 37.89203931035588, 95.80569594672669, 45.00633227991841, 63.01823960533532, 85.88236771897104, 12.382816623802201], [36.28632975962339, 36.19763159374621, 60.796107422652604, 41.40806000436022, 0.0, 42.871550942869916, 32.306438538897424, 66.43569131568853, 56.471237569708045, 55.20244246857352, 92.15489520027643, 9.90206355946555, 33.02099453944337, 56.16167542613308, 52.00007498215448, 18.477130107875492, 65.33433688556792, 53.5402245418561, 24.749841289838347, 25.00339979209385, 84.00803300839381, 19.26753659201898, 48.65808761866189, 68.34166221349427, 12.10237287568465, 63.17591491169754, 63.019974747830794, 43.011597032224536, 28.588142774367853, 46.70280130576383, 32.827322256846294], [71.78696749993524, 13.642743706379987, 19.12217749178945, 9.19358915221614, 42.871550942869916, 0.0, 47.490685764852884, 66.37176322747271, 53.732179745966775, 63.85252397830027, 78.73207876129189, 44.78835935158338, 65.52676804890609, 13.87856358984925, 11.974022877554097, 25.05751843237, 23.09537168433444, 63.683452866797715, 45.74145580413971, 46.148259066150835, 67.75806063631359, 53.36392363871658, 58.123630831014644, 65.56918307703536, 40.24665626607526, 28.990146286442062, 92.09600647028293, 37.67208942272118, 67.28851647759772, 84.64188867294762, 10.094817973101609], [30.832974597561474, 50.294605535309266, 66.01092020325112, 52.207284382754445, 32.306438538897424, 47.490685764852884, 0.0, 34.45478193357461, 26.072050838424666, 23.019939848229505, 62.35540343821732, 42.12827594958784, 64.71027251691852, 60.56313389481972, 59.44413375697183, 36.82593848246664, 69.13246788227818, 21.53437255026889, 7.735165285725321, 56.272622985058035, 55.92891685050844, 20.131393162394655, 16.390574007962474, 36.79519372345756, 20.36917960435094, 51.33728308620179, 44.977975358980856, 19.310448482123988, 57.80311055427761, 44.05987215808441, 39.82903461883217], [56.91118120447841, 74.79723337318815, 80.67595872965306, 74.16865869202785, 66.43569131568853, 66.37176322747271, 34.45478193357461, 0.0, 12.662112786684428, 14.770319090877585, 30.935088760204447, 76.07450256882525, 99.1264542135057, 75.70841534195526, 77.3133920249236, 66.67730889292731, 81.94374278422076, 17.088112134158536, 42.18965133150967, 89.30827170010114, 29.01655060701092, 53.59085388486937, 19.26203505220174, 4.254805831311644, 54.33952147101655, 52.95931225038276, 53.31475327345487, 29.355313405691575, 92.14415346574113, 67.38717269130905, 62.98392696963769], [53.40158630149883, 62.20935407385418, 68.39914004215507, 61.508444498845, 56.471237569708045, 53.732179745966775, 26.072050838424666, 12.662112786684428, 0.0, 15.97378395484706, 36.301786036600674, 65.78450710618333, 89.47069006380337, 63.34465061665079, 64.76297120356737, 54.82844303430157, 69.88509431743951, 17.54517573804026, 33.48837159517662, 78.24599535380206, 30.268199397353456, 46.16834133810659, 15.59311371301051, 12.666910660609332, 44.44374255650774, 42.21465646648031, 56.27206833842112, 16.81544721132173, 83.45929517614275, 65.36184675650361, 50.3910428757929], [42.169556104029965, 69.87220506956369, 80.42549739589498, 70.45719737477059, 55.20244246857352, 63.85252397830027, 23.019939848229505, 14.770319090877585, 15.97378395484706, 0.0, 45.67564053370982, 65.07121884128546, 87.09028253522811, 75.12471945720102, 75.56165638410272, 58.774666867930335, 82.52673386557869, 2.3188710527519656, 30.452686596571567, 79.2844469417967, 42.786147185141814, 40.32112711510683, 6.703538511425581, 18.61039079031613, 43.37085667543562, 57.12973363691513, 40.59191527311965, 26.640652959054762, 79.26664813964638, 52.680030525572136, 58.39771342754027], [87.6748301021518, 90.39574302344225, 87.3088755418708, 87.76260248348926, 92.15489520027643, 78.73207876129189, 62.35540343821732, 30.935088760204447, 36.301786036600674, 45.67564053370982, 0.0, 101.09202759533663, 125.14900991003927, 83.48896304881609, 87.1134525432357, 87.62190234805834, 86.81420211921815, 47.98653580603134, 69.7846665069841, 112.35304429735976, 11.370840419959515, 82.39921521262406, 49.37292831332548, 27.11860891504737, 80.3059611623114, 54.853442653203395, 82.83855019830277, 49.649447227235115, 119.63659696609031, 98.32203720906399, 79.17583885255074], [43.88114235216105, 35.37498410156515, 61.12598530937279, 41.27551634313888, 9.90206355946555, 44.78835935158338, 42.12827594958784, 76.07450256882525, 65.78450710618333, 65.07121884128546, 101.09202759533663, 0.0, 24.32096570437651, 57.037722162209576, 52.133694407344585, 19.879071903965105, 65.89452197846752, 63.427586495555104, 34.625075950793864, 15.559238586760975, 92.55710903451556, 28.42292954358175, 58.50379173504867, 77.8459851257072, 21.796517068038593, 68.33796952907745, 71.41268861788146, 51.58004419966771, 22.706032799953157, 52.81930970403108, 35.30831702488327], [57.215001889524615, 53.624664624206495, 79.04690208506518, 59.83422804021506, 33.02099453944337, 65.52676804890609, 64.71027251691852, 99.1264542135057, 89.47069006380337, 87.09028253522811, 125.14900991003927, 24.32096570437651, 0.0, 75.91251309734615, 70.25766567780258, 42.3286296277141, 83.94132050790816, 85.23176932220167, 56.98561703376294, 20.259778779557614, 116.80602417292549, 47.46116078350228, 80.77430073955692, 101.21124233644515, 45.031410615609765, 91.42670913892782, 85.07835404427622, 75.79539634804766, 12.032275143373997, 61.44731688102287, 57.13355004619533], [85.6431499667354, 22.317653427954994, 5.4491060635562905, 16.11116013926852, 56.16167542613308, 13.87856358984925, 60.56313389481972, 75.70841534195526, 63.34465061665079, 75.12471945720102, 83.48896304881609, 57.037722162209576, 75.91251309734615, 0.0, 6.109621888776377, 37.88968163731801, 9.252082813365863, 75.22042424056781, 59.346774663716666, 55.839253577516175, 72.16491802601118, 67.242410000035, 69.84146274526671, 74.29066901806137, 54.11213705215489, 29.273103667278694, 105.43012827852968, 48.49747446240069, 79.04123214302585, 98.51947473345047, 23.793706749357106], [82.97822943385107, 16.910886537069253, 8.998275738198608, 10.858540302421368, 52.00007498215448, 11.974022877554097, 59.44413375697183, 77.3133920249236, 64.76297120356737, 75.56165638410272, 87.1134525432357, 52.133694407344585, 70.25766567780258, 6.109621888776377, 0.0, 33.54530314013019, 13.827794092605481, 75.4696212059665, 57.47055802713726, 50.099778024587295, 75.87419849713585, 64.35495036656287, 69.95035925850634, 76.20893755483921, 51.05769222016334, 33.830173975561024, 103.94617658530872, 49.15313232632163, 73.81101332275958, 95.60514619304313, 20.732004321480378], [52.05468212601074, 17.9058352884444, 42.390097281954425, 22.933342342249798, 18.477130107875492, 25.05751843237, 36.82593848246664, 66.67730889292731, 54.82844303430157, 58.774666867930335, 87.62190234805834, 19.879071903965105, 42.3286296277141, 37.88968163731801, 33.54530314013019, 0.0, 46.99179477839151, 57.71053096952404, 31.388220769950976, 25.319607737947496, 78.01245907068902, 33.39235642973879, 52.12093633348873, 67.47588410131954, 20.46256405529556, 49.103416711233486, 76.48831746522315, 38.56754802637277, 42.55598266811168, 63.7670375810847, 15.429604894235382], [94.78210675178076, 30.738680321547953, 4.894420512341922, 24.65378836245392, 65.33433688556792, 23.09537168433444, 69.13246788227818, 81.94374278422076, 69.88509431743951, 82.52673386557869, 86.81420211921815, 65.89452197846752, 83.94132050790816, 9.252082813365863, 13.827794092605481, 46.99179477839151, 0.0, 82.78206101850812, 68.270861697785, 63.72758639700737, 75.44527441652365, 76.4400780529487, 77.54568899391285, 80.17234997296279, 63.341824306035505, 31.970847638472467, 114.08990170563736, 55.925928271644615, 87.63878961270343, 107.70685877488992, 33.045556844695014], [39.85261244815675, 69.27927261177808, 80.55644654945594, 70.06433398354518, 53.5402245418561, 63.683452866797715, 21.53437255026889, 17.088112134158536, 17.54517573804026, 2.3188710527519656, 47.98653580603134, 63.427586495555104, 85.23176932220167, 75.22042424056781, 75.4696212059665, 57.71053096952404, 82.78206101850812, 0.0, 28.80814971296553, 77.7887020336912, 44.98296485058337, 38.298368589639104, 5.703068123200705, 20.908095834383953, 41.80372928198367, 58.03014618479347, 38.77401559239695, 26.859712990506413, 77.26638442593793, 50.38404134412991, 57.91237984862955], [27.699655008654577, 46.491588405462316, 64.73945403381138, 49.21248887972796, 24.749841289838347, 45.74145580413971, 7.735165285725321, 42.18965133150967, 33.48837159517662, 30.452686596571567, 69.7846665069841, 34.625075950793864, 56.98561703376294, 59.346774663716666, 57.47055802713726, 31.388220769950976, 68.270861697785, 28.80814971296553, 0.0, 49.09454209784114, 62.959939058995836, 13.379708340993425, 23.930858759332008, 44.49205192508438, 13.064287243377585, 54.0047304767709, 46.605587963268846, 24.228603670657026, 50.124210381438196, 41.10744684372304, 37.05247540185745], [59.13448503465386, 33.65733244589886, 58.83418020448533, 39.838476244377155, 25.00339979209385, 46.148259066150835, 56.272622985058035, 89.30827170010114, 78.24599535380206, 79.2844469417967, 112.35304429735976, 15.559238586760975, 20.259778779557614, 55.839253577516175, 50.099778024587295, 25.319607737947496, 63.72758639700737, 77.7887020336912, 49.09454209784114, 0.0, 103.05117472804965, 43.95627056129156, 72.61977793859428, 90.6761457080283, 36.03145185795036, 73.3473676294694, 86.86120140114079, 62.804548989856094, 26.47595973268811, 67.22828676415709, 38.61571756840509], [83.47391923524192, 79.72053254663172, 75.94789357590396, 76.85010657988445, 84.00803300839381, 67.75806063631359, 55.92891685050844, 29.01655060701092, 30.268199397353456, 42.786147185141814, 11.370840419959515, 92.55710903451556, 116.80602417292549, 72.16491802601118, 75.87419849713585, 78.01245907068902, 75.44527441652365, 44.98296485058337, 62.959939058995836, 103.05117472804965, 0.0, 76.04052400278167, 45.06902061185685, 24.76802351457006, 72.4595380820916, 43.482816133212125, 82.33114529131392, 41.018131465302794, 112.03845460033001, 95.00850608597993, 68.71271634208223], [18.772997277189745, 50.795141149847666, 72.43249729450653, 54.80367103348772, 19.26753659201898, 53.36392363871658, 20.131393162394655, 53.59085388486937, 46.16834133810659, 40.32112711510683, 82.39921521262406, 28.42292954358175, 47.46116078350228, 67.242410000035, 64.35495036656287, 33.39235642973879, 76.4400780529487, 38.298368589639104, 13.379708340993425, 43.95627056129156, 76.04052400278167, 0.0, 34.46049384201959, 56.3549825939781, 13.3546707589585, 65.98523605194421, 43.95311867381874, 37.55195582557535, 38.973882883082865, 31.28389150940839, 43.66021245912509], [38.491274460703856, 63.57843720216153, 75.20412720536187, 64.4024581594972, 48.65808761866189, 58.123630831014644, 16.390574007962474, 19.26203505220174, 15.59311371301051, 6.703538511425581, 49.37292831332548, 58.50379173504867, 80.77430073955692, 69.84146274526671, 69.95035925850634, 52.12093633348873, 77.54568899391285, 5.703068123200705, 23.930858759332008, 72.61977793859428, 45.06902061185685, 34.46049384201959, 0.0, 22.4355794655912, 36.759535069727036, 53.740710026752296, 41.422719385124935, 21.739815966478496, 73.25308086306205, 49.99174333188497, 52.22849915053575], [60.56394163016865, 74.62509754041652, 79.13622576626898, 73.64503074982916, 68.34166221349427, 65.56918307703536, 36.79519372345756, 4.254805831311644, 12.666910660609332, 18.61039079031613, 27.11860891504737, 77.8459851257072, 101.21124233644515, 74.29066901806137, 76.20893755483921, 67.47588410131954, 80.17234997296279, 20.908095834383953, 44.49205192508438, 90.6761457080283, 24.76802351457006, 56.3549825939781, 22.4355794655912, 0.0, 56.24485214006775, 50.46865932936725, 57.565375296183554, 29.397272362769204, 94.59821427014275, 71.29018276903788, 62.812267966834675], [32.11314894251912, 37.52101234923857, 59.23935582687155, 41.449172099673994, 12.10237287568465, 40.24665626607526, 20.36917960435094, 54.33952147101655, 44.44374255650774, 43.37085667543562, 80.3059611623114, 21.796517068038593, 45.031410615609765, 54.11213705215489, 51.05769222016334, 20.46256405529556, 63.341824306035505, 41.80372928198367, 13.064287243377585, 36.03145185795036, 72.4595380820916, 13.3546707589585, 36.759535069727036, 56.24485214006775, 0.0, 55.542235543449735, 56.05180812828403, 31.669864899120352, 39.59256284705971, 44.547971640512316, 30.41340590921374], [81.55519151087123, 42.58657454624484, 32.599881296996, 37.89203931035588, 63.17591491169754, 28.990146286442062, 51.33728308620179, 52.95931225038276, 42.21465646648031, 57.12973363691513, 54.853442653203395, 68.33796952907745, 91.42670913892782, 29.273103667278694, 33.830173975561024, 49.103416711233486, 31.970847638472467, 58.03014618479347, 54.0047304767709, 73.3473676294694, 43.482816133212125, 65.98523605194421, 53.740710026752296, 50.46865932936725, 55.542235543449735, 0.0, 94.29967964511171, 33.05513823462849, 90.87367744716175, 94.96018978022303, 34.73883244092814], [28.086554757816177, 92.83904599518041, 110.86911815151394, 95.80569594672669, 63.019974747830794, 92.09600647028293, 44.977975358980856, 53.31475327345487, 56.27206833842112, 40.59191527311965, 82.83855019830277, 71.41268861788146, 85.07835404427622, 105.43012827852968, 103.94617658530872, 76.48831746522315, 114.08990170563736, 38.77401559239695, 46.605587963268846, 86.86120140114079, 82.33114529131392, 43.95311867381874, 41.422719385124935, 57.565375296183554, 56.05180812828403, 94.29967964511171, 0.0, 61.286399975679096, 73.81520080893667, 26.448224216280202, 83.65278956418345], [50.14307494476174, 45.4428678723718, 53.786546745139866, 45.00633227991841, 43.011597032224536, 37.67208942272118, 19.310448482123988, 29.355313405691575, 16.81544721132173, 26.640652959054762, 49.649447227235115, 51.58004419966771, 75.79539634804766, 48.49747446240069, 49.15313232632163, 38.56754802637277, 55.925928271644615, 26.859712990506413, 24.228603670657026, 62.804548989856094, 41.018131465302794, 37.55195582557535, 21.739815966478496, 29.397272362769204, 31.669864899120352, 33.05513823462849, 61.286399975679096, 0.0, 71.23321383751848, 63.338826331327645, 33.63224346417652], [46.28115518126461, 56.900150290863834, 82.78993225283347, 63.01823960533532, 28.588142774367853, 67.28851647759772, 57.80311055427761, 92.14415346574113, 83.45929517614275, 79.26664813964638, 119.63659696609031, 22.706032799953157, 12.032275143373997, 79.04123214302585, 73.81101332275958, 42.55598266811168, 87.63878961270343, 77.26638442593793, 50.124210381438196, 26.47595973268811, 112.03845460033001, 38.973882883082865, 73.25308086306205, 94.59821427014275, 39.59256284705971, 90.87367744716175, 73.81520080893667, 71.23321383751848, 0.0, 49.628394215053945, 57.97219922836735], [13.415590206707487, 81.55171474427885, 103.7163641839705, 85.88236771897104, 46.70280130576383, 84.64188867294762, 44.05987215808441, 67.38717269130905, 65.36184675650361, 52.680030525572136, 98.32203720906399, 52.81930970403108, 61.44731688102287, 98.51947473345047, 95.60514619304313, 63.7670375810847, 107.70685877488992, 50.38404134412991, 41.10744684372304, 67.22828676415709, 95.00850608597993, 31.28389150940839, 49.99174333188497, 71.29018276903788, 44.547971640512316, 94.96018978022303, 26.448224216280202, 63.338826331327645, 49.628394215053945, 0.0, 74.93409492308577], [62.25021801936194, 11.818754002601866, 28.838159531117626, 12.382816623802201, 32.827322256846294, 10.094817973101609, 39.82903461883217, 62.98392696963769, 50.3910428757929, 58.39771342754027, 79.17583885255074, 35.30831702488327, 57.13355004619533, 23.793706749357106, 20.732004321480378, 15.429604894235382, 33.045556844695014, 57.91237984862955, 37.05247540185745, 38.61571756840509, 68.71271634208223, 43.66021245912509, 52.22849915053575, 62.812267966834675, 30.41340590921374, 34.73883244092814, 83.65278956418345, 33.63224346417652, 57.97219922836735, 74.93409492308577, 0.0]]",Route_2,1783.9520365339401
