instance_id,num_cities,city_coordinates,distance_matrix,best_route,total_distance
2675,26,"[[16.301373403016918, 41.7070997850772], [63.46828466831147, 90.82120220067898], [40.84264992961927, 21.283451383269348], [88.78930883809676, 11.374556779954059], [49.95704346950216, 11.37989531838981], [86.82037640351254, 11.69170916631337], [14.208168027916724, 99.59738439489382], [19.816560794659075, 5.986667819247515], [31.623761828802355, 9.812947285068486], [72.41257984410849, 86.93891331827749], [6.273270392061403, 82.77568267593281], [1.1784122636757544, 23.854852544579895], [73.86075472427841, 96.14559165268655], [38.314245716926266, 3.6811646689721367], [92.42245798012635, 88.15809125000642], [73.36199252584773, 18.41020563349702], [46.58384960525657, 73.7602166446957], [69.90563713091758, 95.51521011885555], [15.66174707647604, 91.53146125219565], [72.47457951951279, 80.50041121520587], [39.97311243424163, 75.54467774226346], [62.80764354536772, 65.09302964717956], [78.46634649250512, 27.680174521473646], [22.625935414344987, 73.89689289917388], [4.376542736785083, 68.88379057776586], [74.967570616455, 90.88789469755297]]","[[0.0, 68.09487920833982, 31.928038893672, 78.57839365116818, 45.3039011387361, 76.64106900468498, 57.92811546173343, 35.89297705991838, 35.383789378251386, 72.0720781147387, 42.27518599203809, 23.396723812488503, 79.22519659114867, 43.9378912666813, 89.17462713838715, 61.633266437782574, 44.095698943951106, 75.95215485753114, 49.82846693852504, 68.2667568961737, 41.29567665956165, 52.05511385126807, 63.7278472221329, 32.805226189793, 29.67783868241945, 76.55372808497972], [68.09487920833982, 0.0, 73.12604280331918, 83.38419354777764, 80.58210023261026, 82.50331421394513, 50.035791842753405, 95.40634790649871, 87.04258152966598, 9.7505170713252, 57.758116680545605, 91.45775084949727, 11.6770097585306, 90.69791517226338, 29.076387535355995, 73.08377302125768, 24.003361754970655, 7.967008037131963, 47.81181344019316, 13.697885731476896, 28.024905313616568, 25.736653038729905, 64.89785231321996, 44.21006376285821, 63.03240431091961, 11.499479345009961], [31.928038893672, 73.12604280331918, 0.0, 48.959864100561944, 13.459293901615762, 46.96757232883856, 82.71921016258149, 26.00169247791035, 14.71599001366291, 72.85121932202001, 70.54315353712325, 39.747501224012076, 81.82013987979359, 17.78295041423351, 84.45527843677347, 32.646028610375616, 52.78988791443283, 79.71832430527569, 74.62479989282521, 67.13588683645405, 54.26819309169842, 49.007551379369524, 38.16360320990337, 55.67784941858396, 59.96306584248669, 77.5196023014447], [78.57839365116818, 83.38419354777764, 48.959864100561944, 0.0, 38.832265735557385, 1.994312053849934, 115.52321791277838, 69.18286868955667, 57.18687252408864, 77.31862150603435, 109.11928051467802, 88.49535005268035, 86.07549059589047, 51.05800896293807, 76.86944086177516, 16.955897009257445, 75.321121511925, 86.23365121251514, 108.50239455316972, 71.0250247739646, 80.62769657913574, 59.67177941514936, 19.298619679165167, 91.03095350821897, 102.14121133453496, 80.7057083127697], [45.3039011387361, 80.58210023261026, 13.459293901615762, 38.832265735557385, 0.0, 36.86465167174988, 95.1856474175655, 30.619203104098265, 18.40012341959559, 78.82522638710667, 83.69964445972775, 50.348579127015036, 88.07162248301051, 13.957979550051983, 87.73940277932624, 24.438021676413047, 62.47145688727739, 86.46789916287854, 87.1805074332946, 72.69583996079507, 64.93687844684162, 55.2289663286617, 32.84021103701822, 68.23023123248548, 73.37765339016038, 83.34895580297017], [76.64106900468498, 82.50331421394513, 46.96757232883856, 1.994312053849934, 36.86465167174988, 0.0, 114.01728177155255, 67.246254935996, 55.228579618848855, 76.61413925891578, 107.42796459365796, 86.5013761657545, 85.44243712050239, 49.163131890961445, 76.67131736810298, 15.042150490476667, 73.9694376711137, 85.51308506071281, 106.94828909729095, 70.28825908990946, 79.19512445452573, 58.5517921879152, 18.039424607430444, 89.38909965510699, 100.33902474033339, 80.07824178716855], [57.92811546173343, 50.035791842753405, 82.71921016258149, 115.52321791277838, 95.1856474175655, 114.01728177155255, 0.0, 93.77857072504374, 91.4579031826426, 59.56501023979074, 18.599253996147215, 76.8550952531554, 59.75237210941589, 98.8990606025146, 79.04639511314218, 100.45164482459718, 41.421540229078644, 55.846863934331026, 8.195853109611257, 61.31614055641237, 35.247199287014304, 59.60251267461323, 96.44272173453244, 27.0439285403136, 32.24880929629403, 61.38045465540443], [35.89297705991838, 95.40634790649871, 26.00169247791035, 69.18286868955667, 30.619203104098265, 67.246254935996, 93.77857072504374, 0.0, 12.411704589267234, 96.538113049641, 77.97418494341143, 25.819616690446765, 105.11615691370268, 18.640807178322525, 109.65290299277862, 54.967786485372244, 72.86797424565435, 102.5878913640018, 85.64563129849981, 91.24234154659652, 72.41963351501816, 73.08758584474316, 62.53323592652788, 67.968310676079, 64.76451350027732, 101.24155377020509], [35.383789378251386, 87.04258152966598, 14.71599001366291, 57.18687252408864, 18.40012341959559, 55.228579618848855, 91.4579031826426, 12.411704589267234, 0.0, 87.24759201056193, 77.24123362428621, 33.52751725761764, 96.11081652112892, 9.075314468838368, 99.16876038646379, 42.61446647359796, 65.67387216261831, 93.8636235795221, 83.26284549514891, 81.6425554651135, 66.259882617085, 63.46906321094178, 50.13447463665596, 64.71254102302215, 65.05209816415456, 91.93385044779599], [72.0720781147387, 9.7505170713252, 72.85121932202001, 77.31862150603435, 78.82522638710667, 76.61413925891578, 59.56501023979074, 96.538113049641, 87.24759201056193, 0.0, 66.27021008096325, 95.15201182621809, 9.319878563416605, 89.969712128026, 20.046985255830876, 68.53528406146965, 28.99657482816995, 8.935190461250757, 56.93635496187933, 6.438800609663869, 34.382374121016106, 23.864145379083052, 59.56715717928013, 51.466535342764395, 70.39097813245692, 4.703448923996126], [42.27518599203809, 57.758116680545605, 70.54315353712325, 109.11928051467802, 83.69964445972775, 107.42796459365796, 18.599253996147215, 77.97418494341143, 77.24123362428621, 66.27021008096325, 0.0, 59.14069497998923, 68.89718792813215, 85.33795684525161, 86.31716424988639, 92.97209943012322, 41.306433206749674, 64.8950973206549, 12.83772382201536, 66.24039696747276, 34.46689405819225, 59.23522234256033, 90.81495061740955, 18.60759418170162, 14.020778932192151, 69.1716333998471], [23.396723812488503, 91.45775084949727, 39.747501224012076, 88.49535005268035, 50.348579127015036, 86.5013761657545, 76.8550952531554, 25.819616690446765, 33.52751725761764, 95.15201182621809, 59.14069497998923, 0.0, 102.51182305644879, 42.2616588501919, 111.62608291395335, 72.38862783235905, 67.46998670627814, 99.29067572348106, 69.20903375617526, 91.05966605736933, 64.62868395914607, 74.15355284217779, 77.38254238254751, 54.4444859664347, 45.14236700616763, 99.69086533225497], [79.22519659114867, 11.6770097585306, 81.82013987979359, 86.07549059589047, 88.07162248301051, 85.44243712050239, 59.75237210941589, 105.11615691370268, 96.11081652112892, 9.319878563416605, 68.89718792813215, 102.51182305644879, 0.0, 99.06172096242031, 20.207349911380547, 77.73698607022907, 35.28646436128875, 4.005038833208418, 58.38162973523172, 15.706468496120795, 39.65816377395898, 32.96108119948762, 68.62014877925098, 55.85706137943602, 74.64088365883309, 5.372933899760504], [43.9378912666813, 90.69791517226338, 17.78295041423351, 51.05800896293807, 13.957979550051983, 49.163131890961445, 98.8990606025146, 18.640807178322525, 9.075314468838368, 89.969712128026, 85.33795684525161, 42.2616588501919, 99.06172096242031, 0.0, 100.3197376337128, 38.01695942756228, 70.56528802666402, 97.11595087915917, 90.72381332602777, 84.07214191059474, 71.88265680969876, 66.11613794894465, 46.777597956636306, 71.9470052958956, 73.50612293523842, 94.59640579043263], [89.17462713838715, 29.076387535355995, 84.45527843677347, 76.86944086177516, 87.73940277932624, 76.67131736810298, 79.04639511314218, 109.65290299277862, 99.16876038646379, 20.046985255830876, 86.31716424988639, 111.62608291395335, 20.207349911380547, 100.3197376337128, 0.0, 72.30538632292499, 48.046610815903904, 23.68827598635533, 76.83479917072374, 21.36721597669649, 53.94471288744552, 37.53710565223945, 62.067313939611225, 71.23858744162055, 90.13091510376208, 17.66705747261526], [61.633266437782574, 73.08377302125768, 32.646028610375616, 16.955897009257445, 24.438021676413047, 15.042150490476667, 100.45164482459718, 54.967786485372244, 42.61446647359796, 68.53528406146965, 92.97209943012322, 72.38862783235905, 77.73698607022907, 38.01695942756228, 72.30538632292499, 0.0, 61.48733737295364, 77.18243394259618, 93.14524329332552, 62.096546852644565, 66.17526136645824, 47.8610524361324, 10.582379344976522, 75.18590263434159, 85.47850641960004, 72.495470845226], [44.095698943951106, 24.003361754970655, 52.78988791443283, 75.321121511925, 62.47145688727739, 73.9694376711137, 41.421540229078644, 72.86797424565435, 65.67387216261831, 28.99657482816995, 41.306433206749674, 67.46998670627814, 35.28646436128875, 70.56528802666402, 48.046610815903904, 61.48733737295364, 0.0, 31.893345927525623, 35.665018711617286, 26.753693545776006, 6.847346007977932, 18.393792981902894, 56.034488396373646, 23.958304046355632, 42.488072258877, 33.15106293806997], [75.95215485753114, 7.967008037131963, 79.71832430527569, 86.23365121251514, 86.46789916287854, 85.51308506071281, 55.846863934331026, 102.5878913640018, 93.8636235795221, 8.935190461250757, 64.8950973206549, 99.29067572348106, 4.005038833208418, 97.11595087915917, 23.68827598635533, 77.18243394259618, 31.893345927525623, 0.0, 54.38997943804498, 15.232979062316103, 35.98302652809556, 31.239247391570284, 68.37307802981844, 51.98770848786146, 70.7339714627184, 6.858222701271063], [49.82846693852504, 47.81181344019316, 74.62479989282521, 108.50239455316972, 87.1805074332946, 106.94828909729095, 8.195853109611257, 85.64563129849981, 83.26284549514891, 56.93635496187933, 12.83772382201536, 69.20903375617526, 58.38162973523172, 90.72381332602777, 76.83479917072374, 93.14524329332552, 35.665018711617286, 54.38997943804498, 0.0, 57.87384551867226, 29.096730616208493, 54.05299454783765, 89.5622941029134, 18.95990295868381, 25.30361286389765, 59.30931531947893], [68.2667568961737, 13.697885731476896, 67.13588683645405, 71.0250247739646, 72.69583996079507, 70.28825908990946, 61.31614055641237, 91.24234154659652, 81.6425554651135, 6.438800609663869, 66.24039696747276, 91.05966605736933, 15.706468496120795, 84.07214191059474, 21.36721597669649, 62.096546852644565, 26.753693545776006, 15.232979062316103, 57.87384551867226, 0.0, 32.87711448636888, 18.18892679382093, 53.1589943080241, 50.28413043171623, 69.08175221211411, 10.682453730555862], [41.29567665956165, 28.024905313616568, 54.26819309169842, 80.62769657913574, 64.93687844684162, 79.19512445452573, 35.247199287014304, 72.41963351501816, 66.259882617085, 34.382374121016106, 34.46689405819225, 64.62868395914607, 39.65816377395898, 71.88265680969876, 53.94471288744552, 66.17526136645824, 6.847346007977932, 35.98302652809556, 29.096730616208493, 32.87711448636888, 0.0, 25.11280069941336, 61.422632122347665, 17.42526170388112, 36.2144058634689, 38.21029193821691], [52.05511385126807, 25.736653038729905, 49.007551379369524, 59.67177941514936, 55.2289663286617, 58.5517921879152, 59.60251267461323, 73.08758584474316, 63.46906321094178, 23.864145379083052, 59.23522234256033, 74.15355284217779, 32.96108119948762, 66.11613794894465, 37.53710565223945, 47.8610524361324, 18.393792981902894, 31.239247391570284, 54.05299454783765, 18.18892679382093, 25.11280069941336, 0.0, 40.55757274102765, 41.13487178157377, 58.55393590644105, 28.517343658572702], [63.7278472221329, 64.89785231321996, 38.16360320990337, 19.298619679165167, 32.84021103701822, 18.039424607430444, 96.44272173453244, 62.53323592652788, 50.13447463665596, 59.56715717928013, 90.81495061740955, 77.38254238254751, 68.62014877925098, 46.777597956636306, 62.067313939611225, 10.582379344976522, 56.034488396373646, 68.37307802981844, 89.5622941029134, 53.1589943080241, 61.422632122347665, 40.55757274102765, 0.0, 72.485423134459, 84.77639410045376, 63.30448106167821], [32.805226189793, 44.21006376285821, 55.67784941858396, 91.03095350821897, 68.23023123248548, 89.38909965510699, 27.0439285403136, 67.968310676079, 64.71254102302215, 51.466535342764395, 18.60759418170162, 54.4444859664347, 55.85706137943602, 71.9470052958956, 71.23858744162055, 75.18590263434159, 23.958304046355632, 51.98770848786146, 18.95990295868381, 50.28413043171623, 17.42526170388112, 41.13487178157377, 72.485423134459, 0.0, 18.925420153451903, 55.03036359813811], [29.67783868241945, 63.03240431091961, 59.96306584248669, 102.14121133453496, 73.37765339016038, 100.33902474033339, 32.24880929629403, 64.76451350027732, 65.05209816415456, 70.39097813245692, 14.020778932192151, 45.14236700616763, 74.64088365883309, 73.50612293523842, 90.13091510376208, 85.47850641960004, 42.488072258877, 70.7339714627184, 25.30361286389765, 69.08175221211411, 36.2144058634689, 58.55393590644105, 84.77639410045376, 18.925420153451903, 0.0, 73.9410157843586], [76.55372808497972, 11.499479345009961, 77.5196023014447, 80.7057083127697, 83.34895580297017, 80.07824178716855, 61.38045465540443, 101.24155377020509, 91.93385044779599, 4.703448923996126, 69.1716333998471, 99.69086533225497, 5.372933899760504, 94.59640579043263, 17.66705747261526, 72.495470845226, 33.15106293806997, 6.858222701271063, 59.30931531947893, 10.682453730555862, 38.21029193821691, 28.517343658572702, 63.30448106167821, 55.03036359813811, 73.9410157843586, 0.0]]",Route_0,1386.0873295405142
