instance_id,num_cities,city_coordinates,distance_matrix,best_route,total_distance
615,99,"[[66.62118592018874, 32.908046262517196], [62.721224430871324, 26.00395756179632], [95.19721091150517, 26.19164837083333], [82.98457472012866, 27.622159809299717], [51.45172562421939, 6.096904617101629], [52.552837226591706, 70.68489235139147], [80.78227572767524, 44.489144191139204], [62.53289893826099, 57.02307318912656], [72.7583153723988, 76.2801658007353], [46.539647443398465, 35.34623512666057], [89.44470142745297, 53.71137189581043], [27.52613342552317, 12.09770419055829], [12.338823924516063, 84.20796366769868], [88.29261592742131, 44.15869507762078], [53.973923340572796, 48.44166902594254], [83.93236159483264, 28.013402232658912], [84.17772600987607, 76.61506618079527], [55.64339528962662, 4.291066911916285], [45.02535638770817, 32.31560229794572], [68.91026441559417, 55.184561789435904], [34.73921865895433, 21.989637953896445], [33.03713532027256, 93.48646420848394], [64.64360799362538, 18.675184522081544], [23.701129822626765, 14.437690519696279], [88.78688126100879, 33.75165662946959], [79.99564436889045, 83.54505282964077], [65.02213692093389, 77.43828510238723], [7.074900622657509, 59.21351786308311], [54.4426597770783, 83.34575603672637], [83.35106072964626, 54.68739793967743], [62.631407176965794, 21.811105310327317], [4.946743058757863, 92.51080523894025], [20.527563003946437, 26.538905593352336], [19.006583188492886, 99.55674996734352], [29.237561753308494, 54.076053154809465], [72.22586265506533, 9.734704037999254], [59.27607443212173, 9.508670380702721], [94.51262196285812, 59.994760824940926], [93.58562305518583, 76.88249332078583], [51.23501144584965, 86.75330204501441], [31.733545532227538, 82.13521577997636], [69.57664712192074, 4.293125465735248], [91.92294998320403, 7.357312347405109], [10.30314446474182, 12.957367667894227], [25.502126270787507, 16.158961284522235], [42.8306484085812, 55.52950018091841], [79.12601402018366, 72.25729404151731], [39.19392347655551, 73.14908039272984], [31.09306154781908, 13.065759782884633], [24.19967342157694, 66.93577500081109], [55.4761361106479, 27.8430407727165], [77.62265665100631, 24.17158015108738], [69.87711917664085, 36.04720354690796], [23.326717210979364, 57.59758773692199], [68.64330247877236, 92.83219723015719], [93.06359712620426, 90.5024312477273], [1.4415664629253921, 92.87624877570208], [52.19462059956788, 94.52956850061469], [29.5304304883333, 52.75581804866536], [38.56566960465433, 80.0666978235092], [80.65969914470435, 18.02431279331743], [59.03505204081997, 61.78348265792765], [63.830707961819996, 25.2186956810326], [69.9906419255183, 59.17878214541938], [26.960424536949933, 5.496044323245075], [99.5844896570849, 23.374623001577056], [12.593982371845913, 17.55258199018227], [16.076311348895945, 24.61896937425343], [26.581972319187706, 31.467755579495538], [54.80320196177685, 53.732162980075856], [56.944951095126626, 19.466881488299904], [82.25367714544355, 25.660146210249934], [90.33560506914455, 62.77799637363923], [44.85273626763501, 71.1638389545232], [41.7439099457897, 48.70466600012426], [35.55127718339922, 9.090146261603028], [52.12674543250275, 50.166200426302744], [73.26991904436474, 78.67986820377723], [66.48056422919653, 70.64408128937146], [36.94704109262762, 14.53801715276114], [98.8866818464953, 86.7813454595585], [90.6380423784893, 2.8953605594107312], [33.43015728219495, 37.25802437033352], [63.351358940274125, 98.30699312564438], [65.82024767384918, 14.571837057469661], [34.15333176195252, 96.25006776931163], [27.657014588450945, 50.584068606335386], [44.45790214675272, 89.05096511408634], [46.97102254996332, 57.861135034053525], [4.6365988217712655, 13.845998413405736], [64.93595263571592, 46.12587388658629], [26.580916674843525, 56.496085949921074], [52.054777063004835, 98.25946170303287], [57.15672286106781, 7.124649900285618], [11.179327583844955, 91.50685697330515], [50.88917383222251, 40.97418438063654], [96.12633366865953, 0.4857599553208747], [5.796328295200981, 78.28661946468806], [22.86135946439789, 7.592518085984179]]","[[0.0, 7.929447673424712, 29.354713504712606, 17.19596140418754, 30.80502949197626, 40.31139460980144, 18.293668133210222, 24.459121286703958, 43.804167737221825, 20.229012643528623, 30.881891417385145, 44.288751017753924, 74.68772556188661, 24.417779942475768, 20.031142925808293, 17.98984000533107, 47.10133427045942, 30.650340850978743, 21.603954338201998, 22.39381665503176, 33.69972516861497, 69.2649491123321, 14.36959177492484, 46.725638108903595, 22.18174313243396, 52.373491127429766, 44.558939942932746, 65.09791032639346, 51.887176318294486, 27.463227607430703, 11.792388770569874, 85.76844279727527, 46.53158095754266, 81.90970698782256, 42.96067820277847, 23.841480473265353, 24.525118846410813, 38.87958732173651, 51.583261471989935, 56.000410134545916, 60.336238452031154, 28.76714172664791, 35.95857711730751, 59.74739634296531, 44.39942470405571, 32.82864378060043, 41.28842484987249, 48.69903030883544, 40.693537007224826, 54.382635516833766, 12.24199394987832, 14.048423340617171, 4.522765727584663, 49.83958746848798, 59.95825901882915, 63.37439776607436, 88.56956647323061, 63.287738069001044, 42.06730539719335, 54.87303903359346, 20.459847886459883, 29.855322042495224, 8.180029315419308, 26.4859358452945, 48.211967848417736, 34.31421793255832, 56.16697433788847, 51.2200462815807, 40.06511029609409, 23.94386313667422, 16.561836579238562, 17.230984797025513, 38.139056034638315, 44.01557763757629, 29.468831925289617, 39.148838927431505, 22.537362094798475, 46.25219276941288, 37.736297036248125, 34.90004069826218, 62.79645367171969, 38.439181797380456, 33.47486656562809, 65.48063850700228, 18.353693636042838, 71.17846052147873, 42.78607733209691, 60.35924523050077, 31.761384726058797, 64.84944645841718, 13.324825639485836, 46.47169867278662, 66.95511755701364, 27.465607383952044, 80.66982256399211, 17.67933224068413, 43.837864832184756, 75.88727304999706, 50.5549045919164], [7.929447673424712, 0.0, 32.47652884361426, 20.327861261307607, 22.875584370590555, 45.823378662078284, 25.84383289427904, 31.019687309720748, 51.268316819002834, 18.684795527392776, 38.49474031427617, 37.84281059461371, 76.98111851329978, 31.360653011988013, 24.082486834058823, 21.306107285791064, 54.97149966713609, 22.837365997993302, 18.78777807715445, 29.82971469898154, 28.268487913823147, 73.7226820567877, 7.576705935299135, 40.69823480847205, 27.19274364292278, 60.078142687821035, 51.48576742984137, 64.80268704902126, 57.93631404453102, 35.33171235060244, 4.1938141520276995, 88.09683016867014, 42.19705243268107, 85.56274381764166, 43.69437283321598, 18.8421537514795, 16.85121828535359, 46.54103204174375, 59.508289367275225, 61.82568999920648, 64.11672475011069, 22.76745595309917, 34.6473397677966, 54.01729922159396, 38.49915868625567, 35.6004590061996, 49.0763513005592, 52.689624186729205, 34.17217653476464, 56.20786040246064, 7.474859986951351, 15.013670077184775, 12.331813310701428, 50.49836301050492, 67.09012315965231, 71.27911818055281, 90.70336164038164, 69.32942191277465, 42.62969436959317, 59.21377131688038, 19.633227082931104, 35.96890716985809, 1.3592608016223042, 33.96194071112016, 41.22389251942414, 36.956917124778286, 50.83469430907007, 46.66547019697403, 36.5499470857352, 28.836581897641608, 8.723456725399313, 19.535478373780663, 45.98786740620148, 48.56642622887622, 30.909058326128097, 32.00442229019239, 26.38289153012354, 53.721750902317986, 44.7981392708725, 28.209507550060938, 70.72362540026042, 36.240253582709784, 31.37866527498082, 72.30578138189932, 11.844717146726763, 75.83297759437677, 42.82149776496803, 65.6389678632449, 35.537988347516944, 59.343404880435166, 20.243431962075583, 47.28521691118998, 73.03855816043823, 19.68227465254772, 83.34984680192129, 19.081538522260427, 42.036647490870294, 77.2911413792612, 43.90660472772849], [29.354713504712606, 32.47652884361426, 0.0, 12.296131331378271, 48.140068649185324, 61.629468332056966, 23.293533644514497, 44.9169682081448, 54.88500351954549, 49.511260752709575, 28.114525574074488, 69.12317983622056, 101.15040847525499, 19.248070013851194, 46.84466733053586, 11.411205775921047, 51.61346831143222, 45.21216427564848, 50.54421626713035, 39.13556674659858, 60.60384244215496, 91.61041008603259, 31.46458135829976, 72.4558150615517, 9.911914603076518, 59.33380679144981, 59.47060506361357, 94.10624546440646, 70.19633509844448, 30.859990564182525, 32.859104223662065, 111.99722101613213, 74.67045537705914, 105.77074210334779, 71.6115587543591, 28.257987498982324, 39.60618386804861, 33.8100439753286, 50.7164566699879, 74.83574598819425, 84.6009430079491, 33.70398484335747, 19.116824999722244, 85.91943146687865, 70.41349042086063, 60.02471505307756, 48.78859580451796, 73.08466751386793, 65.43417239382659, 81.85801234133055, 39.75538806501951, 17.690269445874648, 27.170554158695325, 78.43277944981776, 71.73613319189911, 64.34616617968645, 115.05197432954172, 80.74214575548942, 70.83629833508891, 78.16426564817085, 16.674669975913442, 50.739337817009975, 31.381589255950676, 41.515323854063226, 71.30615009675701, 5.213813069381098, 83.0537586934178, 79.13652801849965, 68.81779039142386, 48.8892207339474, 38.838870615456194, 12.954441744046022, 36.907940494545265, 67.50602975337098, 58.00078746800014, 62.049164254562, 49.29344928931583, 56.88426276096235, 52.921305624990765, 59.40445609964709, 60.70192409704661, 23.738219046615086, 62.75056646603598, 78.83388381196764, 31.59154925015178, 92.92221107054151, 71.80994558069263, 80.78224529779729, 57.69507456789354, 91.39824689204158, 36.23695764474329, 75.01036442890376, 83.99428145330481, 42.55148836164648, 106.41936474930083, 46.70894476115057, 25.72267420640085, 103.47175375842318, 74.68870766006575], [17.19596140418754, 20.327861261307607, 12.296131331378271, 0.0, 38.179276881505196, 52.73034781667262, 17.010152350563427, 35.81458850600847, 49.72100086793923, 37.2544502538209, 26.877131996729513, 57.59034149130804, 90.51395087928157, 17.367564600102774, 35.708120329807365, 1.0253636397381722, 49.00743295385257, 35.94273206695957, 38.24827654682751, 30.947895137843236, 48.57303453482278, 82.66107485746055, 20.406847557934892, 60.73184559490712, 8.440230592988138, 56.00271125944763, 52.95559942920611, 82.22099807997121, 62.607987390856124, 27.067719280523505, 21.166477822965394, 101.49108077117937, 62.46640498869525, 96.26925086250434, 59.90450630788255, 20.873690600111175, 29.83607690676373, 34.36395160263873, 50.38812045973793, 67.1157712479546, 74.82206401911951, 26.907552209035963, 22.148557402174394, 74.14611542433825, 58.61430542239347, 48.899462623331175, 44.80160375034853, 63.168992663697026, 53.89450733647165, 70.71933936418455, 27.5093253848867, 6.376257943155182, 15.58161585988826, 66.76515739535134, 66.76841371434796, 63.68292729478212, 104.43829911708383, 73.65203739566807, 59.068149725946334, 68.72749594726535, 9.875409550160672, 41.720206319419255, 19.30407344606077, 34.12715491709406, 60.235125883902604, 17.134723366519275, 71.10718591392423, 66.97562885216828, 56.533549016724386, 38.417730751869165, 27.28682031722886, 2.0937307915624843, 35.91615920070942, 57.87844958663512, 46.31700010056305, 50.92497659636101, 38.21569567187474, 51.973686817409366, 46.078933257208284, 47.860728071770296, 61.2591728466866, 25.884168295347695, 50.48257296782303, 73.36081258286168, 21.56212064891982, 84.22754917370143, 59.903156558964376, 72.51070693869629, 47.02522262102005, 79.54990854913228, 25.84840795484172, 63.36462934211417, 77.11213135387337, 32.97310789300463, 96.11060320297373, 34.761923397720516, 30.151119801697483, 92.33045466327908, 63.37181992219665], [30.80502949197626, 22.875584370590555, 48.140068649185324, 38.179276881505196, 0.0, 64.5973730605638, 48.314027247597885, 52.11781890526624, 73.3461717955843, 29.658925255509722, 60.914724858775514, 24.666648689660118, 87.35649160409612, 52.97122890204666, 42.41981322637593, 39.18321810148094, 77.74189482875498, 4.564114854094295, 26.99478337833955, 52.09989120332746, 23.062672481273772, 89.30863486605297, 18.227421260734225, 28.976961138399105, 46.461803185938194, 82.54072303326288, 72.6205799502337, 69.21471808757458, 77.30673148412107, 58.12575695420751, 19.285263364750634, 98.13294871802682, 37.069923626548274, 98.93144070802624, 52.87218333762202, 21.090243099666907, 8.535840901364276, 68.98709804947525, 82.3763611775268, 80.65668857004061, 78.55336651374265, 18.21445575702828, 40.49084623420311, 41.71656367331091, 27.832116178652605, 50.178725337874766, 71.71515437488326, 68.16339185909851, 21.518367626225114, 66.66365200633213, 22.11538644161155, 31.805841074678426, 35.16412281781493, 58.679949386932606, 88.4226288877365, 94.10547686341619, 100.15822777952283, 88.43578424189381, 51.55189019860263, 75.08382480093877, 31.54946565277152, 56.20054993892603, 22.778983673712446, 56.22612506262451, 24.49867061781148, 51.139833065984405, 40.511192956311326, 39.93102575715884, 35.52723895842651, 47.75301281540793, 14.45447361928482, 36.489459288234606, 68.73646952965004, 65.40070798239606, 43.699691249698326, 16.17973288288648, 44.074465224894624, 75.79129347849627, 66.27370523952668, 16.782081342928407, 93.59516048316362, 39.316883207081794, 35.99711529805571, 92.97473686873144, 16.68169373173779, 91.79775191453822, 50.45092697939947, 83.2483616641875, 51.95779297371026, 47.45212905859141, 42.239114087240516, 56.20173143965202, 92.1645300517252, 5.796831362007614, 94.42841736157241, 34.88181629764369, 45.02560991635522, 85.41528103943921, 28.629458548861336], [40.31139460980144, 45.823378662078284, 61.629468332056966, 52.73034781667262, 64.5973730605638, 0.0, 38.51127652729545, 16.918833724319057, 20.96588734286293, 35.84660577817271, 40.6092359060204, 63.708669109778846, 42.426882087721786, 44.508099525718606, 22.288572624758753, 52.96725987371932, 32.176086651456714, 66.4657175213545, 39.100708267053285, 22.534987725166634, 51.85125656442699, 30.01290222638357, 53.396595829988435, 63.21525713005888, 51.739441898604994, 30.30662289625369, 14.18068223029217, 46.90240026269945, 12.801128799092668, 34.70519267194643, 49.90215057469842, 52.37089530733203, 54.53885161860848, 44.25986129874867, 28.626135084097545, 64.04649393173167, 61.54455339937729, 43.300143731477704, 41.4981899681313, 16.122358849452027, 23.76032014250273, 68.53960033113427, 74.56801035048248, 71.5367293392317, 60.86721713634886, 18.005745395675365, 26.6196576232416, 13.584285011879762, 61.485660199191216, 28.599961165400597, 42.9414708999906, 52.83922839913271, 38.728545425835975, 32.0225488248342, 27.375284207193776, 45.09829836647764, 55.72089643058161, 23.84736672702483, 29.180180214907505, 16.84218311267371, 59.69197874317868, 11.011548638983166, 46.84405413697955, 20.891807121210974, 70.03254596624133, 66.71010355481923, 66.4812190443474, 58.75888188045976, 47.036896587936376, 17.101437792724678, 51.405985069891834, 53.938554457451886, 38.601250625429735, 7.714981829322559, 24.49414745229168, 63.89808909324118, 20.523115565958573, 22.20624051757824, 13.927786794816713, 58.27531610849844, 49.05018817420367, 77.75540799222966, 38.51015958521739, 29.657857683653653, 57.660204252107214, 31.497936368789563, 31.99757959689408, 20.07088943398897, 13.985900286295568, 74.34127902424856, 27.504307575184132, 29.594980727223437, 27.579067041055495, 63.72676190878283, 46.317615556877314, 29.75725027641574, 82.62304630881111, 47.37042729970091, 69.72970344228547], [18.293668133210222, 25.84383289427904, 23.293533644514497, 17.010152350563427, 48.314027247597885, 38.51127652729545, 0.0, 22.139086009332, 32.7880007741377, 35.44221180988113, 12.65255321431114, 62.333153924844076, 79.13337295568093, 7.51760643639629, 27.09815879872281, 16.774179981533905, 32.30485948436187, 47.411483067131336, 37.77237618829729, 15.979255620839654, 51.246374361053256, 68.41297977288146, 30.44367109968503, 64.50850397893531, 13.392809596245428, 39.063829669831456, 36.524346154271306, 75.16371681138993, 46.942642155545165, 10.516797797139835, 29.047331661010602, 89.76139451327796, 62.87162691657154, 82.75673624919631, 52.4286788139562, 35.792224225763285, 41.062759797260334, 20.711024960933955, 34.831806881413, 51.56839987470357, 61.83045074926816, 41.72871953251297, 38.76709376441761, 77.21114475443076, 62.11677863104475, 39.52487161963286, 27.817500767623905, 50.5072567661565, 58.79155631109416, 60.872342803902264, 30.29015452805259, 20.5617752451304, 13.790895592502027, 58.93193104470986, 49.84381053521978, 47.62408467410103, 92.93148033207578, 57.63070441002737, 51.91425177255436, 55.20873259739305, 26.4651152639437, 27.78553366573976, 25.665265155479155, 18.227584133605994, 66.46242173517412, 28.272712174670396, 73.31590369071816, 67.68815017003683, 55.74252820735303, 27.574366177060643, 34.55910410307842, 18.886402174489, 20.633667043449027, 44.74897927920025, 39.26531073406042, 57.43633243625158, 29.21246966613329, 35.0063010248964, 29.80972469510921, 53.090468131094305, 46.004345545216225, 42.74551406964644, 47.90106695197555, 56.57029011757428, 33.45007547994163, 69.66671820190697, 53.47374565838576, 57.491007992687265, 36.35946892558139, 82.08024424070473, 15.930625839267003, 55.51534899082202, 60.96323666652304, 44.207150800114825, 83.9954505052445, 30.09904455960967, 46.60190917013323, 82.2506027164053, 68.67454811443024], [24.459121286703958, 31.019687309720748, 44.9169682081448, 35.81458850600847, 52.11781890526624, 16.918833724319057, 22.139086009332, 0.0, 21.80354918593786, 26.93825164639118, 27.114801837251754, 56.95403770867637, 57.08295224335733, 28.79331942582209, 12.120089137202504, 36.04855074746456, 29.194943540718082, 53.180163092494276, 30.281564754780526, 6.637086303361856, 44.719461622982266, 46.89966903975765, 38.405932587771865, 57.631771704084706, 35.08319279222218, 31.754730073279163, 20.566409098277745, 55.501239851404605, 27.537893927830776, 20.948776557192616, 35.212105670787174, 67.64277104774617, 51.90118226940374, 60.85765213202316, 33.42550531169794, 48.27155894093928, 47.6258898090623, 32.117496978046084, 36.86011724137077, 31.804540078653094, 39.73939953915908, 53.198324930268164, 57.710162886717185, 68.33544947864222, 55.14665688962592, 19.758781244426885, 22.525828577465173, 28.3682196116139, 54.04358220022065, 39.594164162415794, 30.02119573614489, 36.15136764574327, 22.224416261336906, 39.21039087535676, 36.32671738560769, 45.309943145619556, 70.83502737525983, 38.90523344691523, 33.27720526459915, 33.248108490860375, 43.005629842313034, 5.907320139334656, 31.83084568369154, 7.763054268020204, 62.613382265912726, 50.050360386507094, 63.65386919357931, 56.64133185663471, 44.108314215112664, 8.40108953364397, 37.96962860190801, 37.04783774769094, 28.392069474765513, 22.63955407006971, 22.391470730863965, 55.00521244720123, 12.46213203552906, 24.172305869847712, 14.181534575503251, 49.59451691578484, 46.980339507715215, 60.98941188698992, 35.179919367573795, 41.292032186606036, 42.57832912192616, 48.41649447149673, 35.4653082490274, 36.77623376815437, 15.584426341080986, 72.22355123757649, 11.159015176624504, 35.955844368049114, 42.546806880217765, 50.187208688323445, 61.85726016343657, 19.82783816587848, 65.7646306511563, 60.59023723792377, 63.381470652163586], [43.804167737221825, 51.268316819002834, 54.88500351954549, 49.72100086793923, 73.3461717955843, 20.96588734286293, 32.7880007741377, 21.80354918593786, 0.0, 48.61075218921373, 28.067524612998568, 78.5196705419547, 60.9373852888373, 35.680574198710374, 33.583259024184585, 49.54331210484089, 11.424320442454919, 73.99561370962363, 51.98076430793751, 21.44369382284023, 66.27905497813491, 43.28774479722782, 58.173725546479915, 78.93731185536207, 45.44875154254453, 10.254633808489592, 7.822384377526377, 67.86443431587932, 19.631245637231668, 24.051068128152263, 55.40246222241799, 69.72691730043117, 72.12658636032327, 58.575149024441615, 48.85773852693681, 66.54759189566488, 68.1190386118236, 27.174699086785306, 20.836015544121917, 23.936148284672672, 41.44047961472497, 72.05731738726489, 71.53770298181864, 88.94057081263412, 76.47029907674982, 36.417789245952726, 7.532003933888698, 33.710118646631535, 75.71033287772765, 49.44956367380631, 51.42789905309392, 52.335136519182385, 40.335995627185724, 52.8443149250941, 17.055880966847823, 24.79066964698871, 73.22232340706526, 27.493749137076936, 49.21427606610034, 34.401669281561695, 58.78925305818344, 19.962008381193, 51.83604831449552, 17.323895036477044, 84.30799878016192, 59.318126113574415, 84.07541891437086, 76.69242985025274, 64.34599263050117, 28.823575919527446, 58.97297486248532, 51.50289582676029, 22.164604492779297, 28.370726912955543, 41.50062087751916, 76.80405208364107, 33.28063800112439, 2.4536319895889527, 8.436563757550394, 71.37604840007282, 28.159657470068282, 75.5315449207777, 55.40245067307353, 23.951449879229713, 62.09713857881538, 43.46425823820503, 51.90777151283016, 31.04845735047412, 31.68982747655787, 92.40451029659282, 31.152378394401243, 50.23705769664833, 30.194799997504504, 70.89354743802124, 63.433617752164196, 41.530370522554016, 79.31491812108091, 66.9920410917028, 84.89816934110382], [20.229012643528623, 18.684795527392776, 49.511260752709575, 37.2544502538209, 29.658925255509722, 35.84660577817271, 35.44221180988113, 26.93825164639118, 48.61075218921373, 0.0, 46.67035360830483, 30.033446455491003, 59.64197217889293, 42.67282305654364, 15.058514107499803, 38.10492763229211, 55.854645059753565, 32.36204100012493, 3.3878920797197414, 29.899894790712448, 17.822704832101895, 59.687553738799366, 24.6105123039852, 30.963932642603957, 42.27731597232186, 58.67222305523838, 45.97111145541598, 46.120639922333226, 48.64577691374802, 41.58317841496207, 21.02723164060957, 70.69482138934644, 27.462658108665767, 69.86458218131935, 25.498397059320958, 36.273022711176566, 28.806185523957215, 53.93473929985675, 62.75814342405239, 51.62105163848974, 49.07575128696798, 38.66521658806128, 53.32001451390133, 42.59513510024822, 28.47329932728661, 20.521229546269915, 49.23715626325965, 38.50993080761672, 27.111189523407475, 38.690741382871, 11.668708378091198, 33.03068838555044, 23.34799656557434, 32.15529230097815, 61.58902016502178, 72.15735488939309, 73.09951695175701, 59.45288614230253, 24.339413282629415, 45.42580881385617, 38.26521816770627, 29.241463593376274, 20.03865836513179, 33.43560137939446, 35.6984573983346, 54.378992104932735, 38.326521745278775, 32.2968895797937, 20.331045225499803, 20.157595995286837, 18.984841744317634, 37.00421916559206, 51.67772662828143, 35.857306274797544, 14.19319462091177, 28.462720942675777, 15.838151262772161, 50.91474418597823, 40.541066907329004, 22.912879169806665, 73.38789127476268, 54.751508618764355, 13.248157245402677, 65.16663786985474, 28.34285025158301, 62.15060455638773, 24.26407617629491, 53.74506197319355, 22.519032002341646, 47.096981458607765, 21.32192900568284, 29.08035632068209, 63.15449891314963, 30.152614531977544, 66.36541016803669, 7.1128188935474395, 60.61429022907128, 59.19370458342164, 36.48191512503715], [30.881891417385145, 38.49474031427617, 28.114525574074488, 26.877131996729513, 60.914724858775514, 40.6092359060204, 12.65255321431114, 27.114801837251754, 28.067524612998568, 46.67035360830483, 0.0, 74.60299191917674, 82.9177812968914, 9.621898741525042, 35.86008737336529, 26.28253289237071, 23.50149446204233, 59.87399135955586, 49.30372369755465, 20.58721428111819, 63.23731690399332, 69.02080470856325, 42.925850733567124, 76.58093271951867, 19.970552343006943, 31.29429975822373, 34.050375436807066, 82.55336271083607, 45.86218096761136, 6.171311351104631, 41.67229003532322, 92.98011075614885, 74.08046229231417, 84.04360291876787, 60.20824412123814, 47.22748907729187, 53.51658505563611, 8.072471429983565, 23.53822635667309, 50.51484491191784, 64.33111545678693, 53.2625821953012, 46.420260151373434, 89.0183964082204, 74.15413987354046, 46.649496560062666, 21.223254652469286, 53.879172193730064, 71.11244378220243, 66.57175464843255, 42.697002058412515, 31.81760580273, 26.361204801766277, 66.23209577246939, 44.307303834273625, 36.968614449485536, 96.3246559537169, 55.26023611741472, 59.92189036838735, 57.29990474669733, 36.75244825168422, 31.462767646439456, 38.313303944421904, 20.20774618660734, 78.92403101374659, 31.9864602420079, 84.93227364673103, 78.92584207466906, 66.68209038240006, 34.64150570485677, 47.21142758838825, 28.958281936031668, 9.11029026544949, 47.88561332226907, 47.96282531193317, 69.96824246648195, 37.4859717813111, 29.749779713826676, 28.531881197480388, 65.5023363129551, 34.391483622265774, 50.83002135319759, 58.381005477768, 51.66848125335241, 45.71671469515121, 69.76156682662203, 61.86677840957088, 57.207507884500835, 42.67591746514223, 93.71052379785021, 25.655770255137842, 62.92543258322166, 58.159597225664385, 56.68188622648035, 86.91356301017032, 40.60498311714068, 53.64335910293385, 87.18367462285633, 80.99561780554092], [44.288751017753924, 37.84281059461371, 69.12317983622056, 57.59034149130804, 24.666648689660118, 63.708669109778846, 62.333153924844076, 56.95403770867637, 78.5196705419547, 30.033446455491003, 74.60299191917674, 0.0, 73.69222409277586, 68.70569505007424, 44.94851912295051, 58.608634350712585, 85.8597282812075, 29.18088415958038, 26.73922602023034, 59.742142542340346, 12.242505959280232, 81.57512733143248, 37.69575792878145, 4.483992482456139, 64.9751712701828, 88.64408161964757, 75.33486438577505, 51.36295183477178, 76.16287995282359, 70.21612722269995, 36.42431065205293, 83.52302490662117, 16.04768786778424, 87.87301875107681, 42.013221355730316, 44.76214430649385, 31.85532686994538, 82.34875640105177, 92.5252672126893, 78.32987417319775, 70.16377517119153, 42.76864682454754, 64.57105619075959, 17.2444301163437, 4.5376661562628895, 46.049419994337704, 79.25732728536101, 62.1563179480095, 3.6959583140857704, 54.938869176095665, 32.079873350497024, 51.53096273107668, 48.653720448812194, 45.693265360177875, 90.60176575163707, 102.18835732717922, 84.88567546365117, 86.04386388980656, 40.70748615690715, 68.85967945413678, 53.463076001712096, 58.834416239254914, 38.60288266379379, 63.40238468336871, 6.625853873298498, 72.93542075469888, 15.89732137495702, 16.96704179834647, 19.39304852272552, 49.77415621210989, 30.32773659742716, 56.383010518712936, 80.70639221222402, 61.555011510056126, 39.27104304837425, 8.570200524526753, 45.32549521813124, 80.78167172958062, 70.32158950588796, 9.73183583018141, 103.29556691426123, 63.779277041945285, 25.84374603746435, 93.35677951748292, 38.37395626602731, 84.41291402197335, 38.48658695991115, 78.79396651263215, 49.723186901375726, 22.956204544000684, 50.57085036066711, 44.40844218789805, 89.5851707389847, 30.045017877708265, 81.07423516074115, 37.14408115989743, 69.57603554616107, 69.6646031795754, 6.485122816511657], [74.68772556188661, 76.98111851329978, 101.15040847525499, 90.51395087928157, 87.35649160409612, 42.426882087721786, 79.13337295568093, 57.08295224335733, 60.9373852888373, 59.64197217889293, 82.9177812968914, 73.69222409277586, 0.0, 85.86572327897083, 54.888152963875925, 91.01353399922178, 72.23904723261904, 90.89552402726073, 61.328839651475064, 63.5821180507754, 66.12788926683986, 22.682827577730595, 83.84709642596088, 70.68941229398577, 91.59773136087883, 67.66006801224435, 53.11647593879101, 25.54273300975669, 42.11266312522175, 76.90384630803788, 80.14182343242791, 11.116655867797911, 58.24753820457411, 16.73452283378627, 34.54706024198041, 95.56528557895344, 88.22182214616952, 85.66686801763421, 81.57637455037397, 38.9793811027033, 19.505166239914175, 98.2982694111313, 110.63297758299049, 71.27967046213314, 69.31045558936191, 41.8593553262544, 67.84797171168033, 29.042990053355986, 73.57264846680297, 20.95252376532453, 70.97768829428784, 88.69242448605176, 75.03408715999036, 28.78968402139844, 56.961142104126935, 80.96980505460061, 13.924416932059566, 41.170621259946344, 35.84395067910289, 26.551789339365392, 95.12106829674761, 51.80149678192198, 78.30164659388629, 62.85055327119956, 80.05846270918083, 106.36024410332811, 66.65587005214645, 59.706088911866, 54.62963321659414, 52.268516619884174, 78.62006297962593, 91.19174101822256, 80.8872138668871, 35.03289433359593, 46.09927579898514, 78.62254433781294, 52.363349229293625, 61.18135493728687, 55.81493481490915, 73.88819797225534, 86.58610745800841, 112.8827136223655, 51.469808070664214, 52.925054184100404, 87.8034897685256, 24.91756455562341, 36.948792731484914, 32.48214661711676, 43.51487746372607, 70.78227480082623, 64.93614949132132, 31.157428850179357, 42.128393403210104, 89.16547160449733, 7.39041779946551, 57.92485778531533, 118.44726330136051, 8.824203433179362, 77.33466399922308], [24.417779942475768, 31.360653011988013, 19.248070013851194, 17.367564600102774, 52.97122890204666, 44.508099525718606, 7.51760643639629, 28.79331942582209, 35.680574198710374, 42.67282305654364, 9.621898741525042, 68.70569505007424, 85.86572327897083, 0.0, 34.58491761899418, 16.72370470004882, 32.71617863107633, 51.53056747033039, 44.85882961764483, 22.298997441022784, 57.960619844418495, 74.07021631232575, 34.766145695015176, 71.10132339948416, 10.418769000284216, 40.25077532188883, 40.60845115746113, 82.60124071966074, 51.78267353075546, 11.630672883807605, 34.028111950881055, 96.35590838807853, 70.01827889338102, 88.71019568383667, 59.881995747792, 37.98883677885787, 45.19495427418279, 17.013801851271126, 33.1491009819865, 56.45853870425038, 68.1259463686555, 44.04033524859412, 36.980009413362666, 83.99928863482745, 68.75049588042417, 46.862412436634685, 29.556012150824074, 57.01862889532857, 65.10422141818242, 68.01985481375914, 36.64862784555294, 22.656848722777152, 20.122793430108842, 66.34132823469254, 52.49004982657402, 46.58866969343061, 99.58164906954369, 61.970074681938236, 59.38775093364817, 61.33639907743263, 27.226225518679428, 34.1560855753334, 30.937170498613952, 23.676259584034476, 72.50129836156205, 23.653415490978194, 80.23819773526105, 74.81307056618635, 63.00209107551509, 34.830907760804045, 39.904407635844635, 19.459318893809776, 18.731048699555334, 51.149789253416444, 46.770160147177535, 63.33602394035408, 36.66142808415492, 37.64827772483443, 34.31094988588371, 59.27691469572, 43.91952365723677, 41.32993831109689, 55.294743193269156, 59.61631053324682, 37.15359339860327, 75.13037467532033, 60.975089788552594, 62.7439083996214, 43.53425019466425, 88.97858605888007, 23.439358194893924, 62.932861353799325, 65.11584995237885, 48.383513093163266, 90.48926828115854, 37.538761153614224, 44.36994924322099, 89.27683179900265, 74.95555097598601], [20.031142925808293, 24.082486834058823, 46.84466733053586, 35.708120329807365, 42.41981322637593, 22.288572624758753, 27.09815879872281, 12.120089137202504, 33.583259024184585, 15.058514107499803, 35.86008737336529, 44.94851912295051, 54.888152963875925, 34.58491761899418, 0.0, 36.26047582164186, 41.303873945808945, 44.182154809603134, 18.442529073467846, 16.387827419439766, 32.70602103627966, 49.67275576857089, 31.62097042018449, 45.52705329398612, 37.78542712976229, 43.69642456477798, 31.0300945406553, 48.12017310095363, 34.907234263162074, 30.033736544765162, 28.002481143442413, 65.92232681683292, 39.979870757063026, 61.93114222228777, 25.369940265745846, 42.79442051620497, 39.29238080987024, 42.152817415975434, 48.76440547008466, 38.40941112481541, 40.37188994739037, 46.82455432659836, 55.92899951556812, 56.26964164174599, 43.04435442077152, 13.206435048543531, 34.63829759728152, 28.790702881798516, 42.1306158411216, 35.05050518963305, 20.653332155397557, 33.88657257943588, 20.16269853743075, 31.985654456206657, 46.75157407563323, 57.420469480356914, 68.8046538880783, 46.12223320950139, 24.82128571625055, 35.17892450939008, 40.464134618829924, 14.26951347142184, 25.228212264210338, 19.282657295346525, 50.7351534807797, 52.0449858881776, 51.63753685525768, 44.763266339335395, 32.22472216242421, 5.355093772316904, 29.12671143074446, 36.31449100656685, 39.08583093590649, 24.484547369367945, 12.232840841153891, 43.45038820660585, 2.527068415158236, 35.87037969856411, 25.482605373710395, 37.93906073459472, 59.05155938369182, 58.469854110943174, 23.390601352771796, 50.739401316874556, 35.88176302499313, 51.75421568270016, 26.403968683316815, 41.70934653211153, 11.737417065141594, 60.258045237168766, 11.20397221502455, 28.55259088373523, 49.85474490609954, 41.43942907687753, 60.712336793467394, 8.07954246582987, 63.84821776100822, 56.67276004437239, 51.348269332710366], [17.98984000533107, 21.306107285791064, 11.411205775921047, 1.0253636397381722, 39.18321810148094, 52.96725987371932, 16.774179981533905, 36.04855074746456, 49.54331210484089, 38.10492763229211, 26.28253289237071, 58.608634350712585, 91.01353399922178, 16.72370470004882, 36.26047582164186, 0.0, 48.602283302574854, 36.91903042723136, 39.14414361803007, 31.047307698451377, 49.56057957687591, 82.92795609460597, 21.4303132384533, 61.74221594104518, 7.5162440561631625, 55.67101544378641, 52.91895354127567, 82.94887897037106, 62.70017456752862, 26.680329039835865, 22.185561661242772, 101.97373647209848, 63.421941193014355, 96.61163132229542, 60.58698624947659, 21.706057337025246, 30.827870467530918, 33.68603875292168, 49.81338696175543, 67.22717111950166, 75.19233405067484, 27.726126089434683, 22.14776630136909, 75.15281626130486, 59.62063543955357, 49.46196996828055, 44.50419013309086, 63.551217834376835, 54.912873210792945, 71.29477637461524, 28.456735438799, 7.3872845744967135, 16.18924961173209, 67.44084936544569, 66.59753384009122, 63.15265797712272, 104.93769648301158, 73.6999632189111, 59.76418031336552, 69.04840565864025, 10.511528306561479, 41.95586198563258, 20.29499602097309, 34.14165274916316, 61.260370708542006, 16.325053924317096, 72.10126982451887, 67.94089879747918, 57.45432714002324, 38.85823716164852, 28.308361703097574, 2.8906392697161114, 35.349378110207276, 58.21664113465978, 46.98929504513191, 51.9501582805322, 38.76007852512389, 51.7762344627776, 46.06452027458501, 48.87950844419836, 60.640768838376225, 25.99773398339429, 51.34136420960963, 73.24456697187412, 22.55491842249808, 84.46416006013305, 60.63290906133799, 72.68986883481297, 47.50818600381653, 80.55143279135024, 26.247384303132623, 64.0347679479526, 77.14071082573159, 33.959899935134054, 96.56305065969293, 35.49414221251788, 30.10754131918378, 92.91198023215273, 64.39471880944491], [47.10133427045942, 54.97149966713609, 51.61346831143222, 49.00743295385257, 77.74189482875498, 32.176086651456714, 32.30485948436187, 29.194943540718082, 11.424320442454919, 55.854645059753565, 23.50149446204233, 85.8597282812075, 72.23904723261904, 32.71617863107633, 41.303873945808945, 48.602283302574854, 0.0, 77.74939806774955, 59.121489725299945, 26.312770701713376, 73.67566367572957, 53.85168602272596, 61.14418740402525, 86.73779297686241, 43.1105113689657, 8.094104138510067, 19.173270006372615, 79.04213791735131, 30.487314571893734, 21.943245201611933, 58.88733295320145, 80.809796309637, 80.98743797565635, 69.09123469447552, 59.38374151840032, 67.93989901378725, 71.57765439422106, 19.57152585979962, 9.411697194998986, 34.46746682431794, 52.73389913110456, 73.78112640428412, 69.68948959809853, 97.51797977003058, 84.2482440408754, 46.413165370427635, 6.671579426542802, 45.117131422995506, 82.80396092400835, 60.754057231033514, 56.59056215615601, 52.851567254413176, 43.01463511969762, 63.753507810994904, 22.456928862065876, 16.486892187378427, 84.31902606152053, 36.65853822854507, 59.62877350113259, 45.742468784600085, 58.69627667523993, 29.191264517147065, 55.277373707483555, 22.47882015985139, 91.27833728666631, 55.42484240844099, 92.80414533845799, 85.68195120293439, 73.18162677700376, 37.235600195858986, 63.3051265159858, 50.991232905641766, 15.145427539580599, 39.70101631570424, 50.78995160468175, 83.21145555491321, 41.55487763993932, 11.101516121276761, 18.67731767854142, 78.00190775731932, 17.88034161243643, 74.00223432090525, 64.2206545578691, 30.071203166791836, 64.70208104000346, 53.73986701930631, 62.2270331472227, 41.62110029776451, 41.665917916333164, 101.32495636683691, 36.05324797207306, 61.00955508038392, 38.734528609063446, 74.55905421882997, 74.5018899476615, 48.76884416896969, 77.06127750923672, 78.39921937166828, 92.32447645039719], [30.650340850978743, 22.837365997993302, 45.21216427564848, 35.94273206695957, 4.564114854094295, 66.4657175213545, 47.411483067131336, 53.180163092494276, 73.99561370962363, 32.36204100012493, 59.87399135955586, 29.18088415958038, 90.89552402726073, 51.53056747033039, 44.182154809603134, 36.91903042723136, 77.74939806774955, 0.0, 29.96860580216353, 52.5942738066956, 27.39021755178962, 92.01555242835076, 16.967812709370854, 33.51510545712559, 44.344300748136895, 82.91095415604246, 73.74602581557313, 73.31694410365678, 79.0638073861325, 57.510911183841806, 18.86223888141041, 101.74906770042776, 41.570277881092174, 102.06765584136286, 56.3543512069193, 17.45312032521144, 6.357652374093073, 67.92435717569207, 81.90926587320811, 82.57998590009831, 81.43336188819724, 13.933251984363572, 36.408899321936815, 46.16105624502683, 32.39356440568655, 52.8161294161142, 71.9085628606025, 70.79555878339349, 26.071327580580864, 70.09327425978978, 23.55256776601586, 29.636510196794347, 34.80015962135835, 62.337411275298294, 89.49038688573272, 93.98229006643835, 103.85168604312123, 90.30438093379696, 55.05196666296858, 77.67621871989597, 28.538000998819076, 57.59237105581025, 22.472154651706255, 56.73186731974573, 28.708270267654907, 47.9061779652385, 45.045751572558544, 44.48345479041752, 39.78867567538891, 49.44823460194658, 15.231526370380886, 34.128355520072915, 68.0019877448199, 67.73777352992462, 46.53776398573104, 20.657307970768613, 46.009723985049, 76.44859774591238, 67.23218535492917, 21.320263823367487, 93.13768242288972, 35.02246880356195, 39.75233611801826, 94.33136851262611, 14.465910245676145, 94.43664897228143, 54.095096918580595, 85.49476943118513, 54.26750636933744, 51.89402664961909, 42.854436137210534, 59.74940732754733, 94.03689382575112, 3.2123749610623267, 97.89610489175037, 36.98991388054277, 40.6613902963793, 89.21923495265338, 32.94785960728457], [21.603954338201998, 18.78777807715445, 50.54421626713035, 38.24827654682751, 26.99478337833955, 39.100708267053285, 37.77237618829729, 30.281564754780526, 51.98076430793751, 3.3878920797197414, 49.30372369755465, 26.73922602023034, 61.328839651475064, 44.85882961764483, 18.442529073467846, 39.14414361803007, 59.121489725299945, 29.96860580216353, 0.0, 33.06778099183542, 14.574984357091788, 62.33451524829436, 23.894283692406113, 27.827007890712824, 43.785080921240706, 62.02723307762657, 49.35511863185252, 46.51596451245881, 51.891831666756865, 44.37743631104728, 20.501645820684814, 72.31706370891332, 25.1696663762224, 72.09957349866895, 26.884413345132923, 35.35200853454566, 26.89310521786452, 56.70207466105585, 65.91135922023038, 54.790719740601176, 51.56225483158006, 37.25620867087263, 53.1253284441946, 39.75390859796697, 25.341538292591395, 23.31741405119203, 52.51850712183091, 41.2477701593006, 23.762686640198194, 40.40130479306371, 11.367612036587499, 33.59924227098189, 25.130359360714188, 33.31680851850126, 64.96203229386975, 75.45448718585823, 74.61326052392684, 62.62568115403048, 25.649466828047036, 48.18604234865786, 38.39332415183901, 32.62863075893667, 20.099933615689764, 36.67282254615953, 32.33620962220014, 55.286889348955995, 35.63342236109496, 29.954721948655155, 18.46286164051882, 23.543052808030158, 17.526162284805636, 37.81855314757662, 54.598315801830864, 38.848620168949424, 16.71434413266777, 25.083460384596194, 19.21128782527688, 54.28996659284705, 43.924915996705415, 19.526948343277294, 76.59999711699838, 54.277691064077494, 12.604609404425064, 68.48872924015107, 27.336216060595326, 64.85226900095567, 25.207065638756802, 56.738200519532604, 25.619521064736947, 44.411462544841285, 24.23129060333339, 30.412055931241245, 66.3174588495985, 27.959866509197283, 68.18473653124427, 10.457313168