instance_id,num_cities,city_coordinates,distance_matrix,best_route,total_distance
808,36,"[[10.890817011339681, 86.55805515207571], [29.899067151225, 90.52263142557297], [43.304793130645415, 31.20490447520877], [25.697194933628474, 89.62155802257467], [71.8887847330941, 21.766963828177076], [61.857774277643344, 96.37735249484336], [66.43701700183394, 29.791781603182176], [9.953218688326693, 56.43418170929259], [19.856478969860312, 73.41079374604881], [50.4698896872401, 62.41881568816561], [81.91121042370332, 66.43459176524283], [21.66230042416135, 90.787981483828], [62.01464170553381, 14.196431858495263], [32.32743464279785, 98.08151643753416], [12.004502113647087, 76.64453718805132], [93.25149889167274, 46.658322913648185], [27.133343227596598, 1.7431600872255815], [40.43407019944076, 20.252662955676126], [79.13285611733886, 27.69984504973554], [23.193979307753576, 83.50612660874941], [71.22579022064312, 60.434232817426825], [84.5966614575906, 54.80907455398852], [36.707334129787526, 13.125973957415882], [71.68890192662577, 4.457662209347646], [72.99874918629133, 32.21611990992953], [65.61982915171028, 5.605211571766555], [52.78546614048118, 29.638416153516133], [10.47956660709234, 73.40009071212911], [81.43877752905202, 85.38177854946257], [98.7022873201765, 84.71201748990346], [46.55186824822065, 87.39362939350977], [6.293790803126253, 94.47109458046155], [99.44830446204175, 51.126685798998736], [68.89174917121979, 73.22130715355644], [94.70255989432873, 20.8958908698754], [96.48710301709083, 52.80507279981068]]","[[0.0, 19.41729740228613, 64.14543738816391, 15.119982705519089, 88.98672699411955, 51.90423232541743, 79.42159747834208, 30.138461171933297, 15.913314451517271, 46.359528424911765, 73.81632650794883, 11.572256983179376, 88.59937910078568, 24.33759921345577, 9.975877551881629, 91.51650426284668, 86.35615833712922, 72.58931631620875, 90.11806033085676, 12.676043165178564, 65.74772304452576, 80.25303280594855, 77.83805691759156, 102.16105740798051, 82.52539709028974, 97.71707964117037, 70.67536295895636, 13.164389659148378, 70.5577661200704, 87.83087254974693, 35.67083906543828, 9.151439392477563, 95.38244344645096, 59.51451065573019, 106.47031540907038, 92.01080368984212], [19.41729740228613, 0.0, 60.81370092004983, 4.297401937287282, 80.56350420239131, 32.49056355299399, 70.87494549864145, 39.49505380379015, 19.84108278675507, 34.82790833240452, 57.319252459138454, 8.24103978691274, 82.80760151886264, 7.939377261358689, 22.645462184500396, 77.05587692484855, 88.82254083248337, 71.05529366617388, 79.81646737349342, 9.705129717483247, 51.11956348071711, 65.32445918125657, 77.69552809843448, 95.67428712431104, 72.50677124688204, 92.12459515527298, 65.04363864352597, 25.890121704370394, 51.79546422346365, 69.04814508679151, 16.94421547587126, 23.933228632084365, 79.9320770550115, 42.65870453586106, 95.11769379098675, 76.5283003153843], [64.14543738816391, 60.81370092004983, 0.0, 61.01256367290733, 30.101815552982014, 67.76179668746126, 23.175346760690093, 41.819181574198545, 48.282093224354774, 32.0257218790721, 52.26458000174983, 63.39195971387275, 25.28530352692541, 67.77155470350495, 55.176701956775354, 52.28270801911603, 33.60818612108777, 11.32221906032201, 35.999104696569496, 56.034477505201906, 40.421970682252145, 47.562330000092935, 19.24510831185899, 39.00093077056902, 29.711169328891256, 33.96034613151009, 9.609216741307677, 53.4596037947436, 66.25205242523036, 77.01878670588391, 56.28246889364108, 73.29682874259714, 59.57324261555296, 49.19421117826107, 52.42142872727657, 57.40144036963746], [15.119982705519089, 4.297401937287282, 61.01256367290733, 0.0, 82.08476668352341, 36.78625092947542, 72.38325254189353, 36.73247520344938, 17.230868852106774, 36.79233066642922, 60.808313097281534, 4.2001092120908154, 83.71324027235761, 10.748533620168391, 18.865124075977427, 80.05887554968986, 87.89013224250967, 70.91698735424744, 81.79039322335458, 6.607918722776871, 54.08098502653064, 68.41824436550472, 77.28387636880394, 96.78908131713982, 74.38293728821375, 93.01915498354612, 65.8160447418379, 22.242127002345097, 55.90259171293445, 73.16998771771357, 20.973341770794896, 20.000252415353962, 83.19303663277024, 46.20322222909297, 97.3907476043954, 79.79138218268342], [88.98672699411955, 80.56350420239131, 30.101815552982014, 82.08476668352341, 0.0, 75.28167949606576, 9.7015190417608, 70.97767491896646, 73.3106132263584, 45.9493430272051, 45.778226289885026, 85.36158740474045, 12.44233317479852, 85.95935877455878, 81.22607563285439, 32.801605347040585, 49.0306257415521, 31.491144366727603, 9.363527637015597, 78.63147141099282, 38.672952470823006, 35.40157075698455, 36.22707789070902, 17.31045567476295, 10.507943847784198, 17.3349946662511, 20.66147484960733, 80.23136458182145, 64.32765357469779, 68.41815330352821, 70.34783984022165, 97.92136568245867, 40.26810650991927, 51.54155284045244, 22.8303987088717, 39.603553766496894], [51.90423232541743, 32.49056355299399, 67.76179668746126, 36.78625092947542, 75.28167949606576, 0.0, 66.74284766846176, 65.49457827429794, 47.8703627340908, 35.817120731499784, 36.03760843028034, 40.58222747219198, 82.18107035094931, 29.579471491101632, 53.61653425380506, 58.800917064594124, 100.80385153550174, 79.08187816348946, 70.81686579792287, 40.74993861694184, 37.143876680462235, 47.38120641299174, 86.96744602443445, 92.44393183455604, 65.12131055753203, 90.85006672883848, 67.3527460383565, 56.282100018297534, 22.457033079194012, 38.647097977970766, 17.747620689629155, 55.59667327091209, 58.827466339819445, 24.200810702354573, 82.31786556542592, 55.65729032900256], [79.42159747834208, 70.87494549864145, 23.175346760690093, 72.38325254189353, 9.7015190417608, 66.74284766846176, 0.0, 62.45187711618471, 63.81508241526989, 36.324544152172365, 39.77620141026845, 75.66578912884347, 16.21025406711541, 76.33447119391064, 71.81977013990068, 31.678015322904137, 48.28564943228014, 27.69743719153971, 12.867032656771764, 68.95789417020187, 31.014386425633948, 30.913389224508506, 34.08230021812102, 25.872763685472773, 6.995265933908923, 24.20037119275161, 13.652412309963852, 70.9430819602689, 57.57864690493744, 63.696781540112575, 60.937607516322764, 88.32112535968831, 39.305511532419274, 43.49884365766553, 29.632377342130283, 37.8499569514307], [30.138461171933297, 39.49505380379015, 41.819181574198545, 36.73247520344938, 70.97767491896646, 65.49457827429794, 62.45187711618471, 0.0, 19.6540052012392, 40.95627513208778, 72.64957519404832, 36.2944369572711, 67.04043018235423, 47.2769079947442, 20.314187954943883, 83.869964230513, 57.325949841674884, 47.30945580072639, 74.9098413966706, 30.136488554909516, 61.40300017955572, 74.66113126463192, 50.90563379170057, 80.70225005678441, 67.53705229788726, 75.3814017229953, 50.523405205139625, 16.974071710232593, 77.12424058356635, 93.1452262837768, 47.936922622543335, 38.21253921445004, 89.652327858692, 61.282607289216806, 91.898971434061, 86.6099507475949], [15.913314451517271, 19.84108278675507, 48.282093224354774, 17.230868852106774, 73.3106132263584, 47.8703627340908, 63.81508241526989, 19.6540052012392, 0.0, 32.52698106766088, 62.44563307298257, 17.470765432540084, 72.68872910567143, 27.643612164775845, 8.491798231187689, 78.11865106977777, 72.03611918809072, 57.00196601818286, 74.8543901080431, 10.632716215255648, 52.98299040176989, 67.35959609027421, 62.5956133971766, 86.26201028428818, 67.23914065646899, 81.80391918398513, 54.77535245150113, 9.376918471116507, 62.735029871651356, 79.65161111065774, 30.135751217899, 25.049606414952596, 82.6525265928008, 49.03563631573538, 91.43167314364318, 79.35268286316615], [46.359528424911765, 34.82790833240452, 32.0257218790721, 36.79233066642922, 45.9493430272051, 35.817120731499784, 36.324544152172365, 40.95627513208778, 32.52698106766088, 0.0, 31.69673653792103, 40.43125977621809, 49.585074381107354, 40.012209383869575, 41.01167142874129, 45.592315346080106, 65.00868852135831, 43.34399738200577, 45.02191207362407, 34.47680334501958, 20.85056296897879, 34.964906858088135, 51.1780439384382, 61.72310582764197, 37.67960114704866, 58.798862901182254, 32.86208283055187, 41.470644330737414, 38.55346518184882, 53.13521457559663, 25.28027317125475, 54.579082942172306, 50.263279949544916, 21.355531571640498, 60.668627799831164, 47.01072191498857], [73.81632650794883, 57.319252459138454, 52.26458000174983, 60.808313097281534, 45.778226289885026, 36.03760843028034, 39.77620141026845, 72.64957519404832, 62.44563307298257, 31.69673653792103, 0.0, 64.98475780456675, 55.89900533283012, 58.82243332186106, 70.64836057746855, 22.796994368278302, 84.76789526174329, 62.07353469680155, 38.83426136501371, 61.1485938663917, 12.254897487070332, 11.931651087949913, 69.89419979209009, 62.81429286544439, 35.36008740686651, 62.97318952119171, 46.92832321424534, 71.77045293100952, 18.953075736567396, 24.81943904409931, 41.10431044776177, 80.6476263766157, 23.27835158212232, 14.682161866254335, 47.30107716022339, 19.955461210481793], [11.572256983179376, 8.24103978691274, 63.39195971387275, 4.2001092120908154, 85.36158740474045, 40.58222747219198, 75.66578912884347, 36.2944369572711, 17.470765432540084, 40.43125977621809, 64.98475780456675, 0.0, 86.57122455468772, 12.92055494251174, 17.12629804582153, 84.09780081988696, 89.21273747010483, 72.99048225874343, 85.34036401615171, 7.441199542019297, 58.119614407779785, 72.49286545965795, 79.1058812746304, 99.77767728264719, 77.8851329827376, 95.85597853928826, 68.61428994234062, 20.673468047522903, 60.02044855912908, 77.27921401899512, 25.11995646058121, 15.803683433125391, 87.31369193649185, 50.39056336236818, 101.09294650893472, 83.91336267346973], [88.59937910078568, 82.80760151886264, 25.28530352692541, 83.71324027235761, 12.44233317479852, 82.18107035094931, 16.21025406711541, 67.04043018235423, 72.68872910567143, 49.585074381107354, 55.89900533283012, 86.57122455468772, 0.0, 88.98335618540284, 80.00487435932466, 45.05014559070654, 37.037669490885186, 22.414258890984012, 21.803106027855115, 79.44103231564804, 47.146362473526764, 46.468638486554404, 25.329936771563577, 13.727160853743978, 21.103548863161294, 9.316997506555817, 17.9897904539835, 78.49163768873383, 73.78787594180831, 79.48855991704765, 74.81261317433125, 97.71813905521216, 52.584434612136334, 59.42415763552831, 33.36739046677927, 51.75884218384538], [24.33759921345577, 7.939377261358689, 67.77155470350495, 10.748533620168391, 85.95935877455878, 29.579471491101632, 76.33447119391064, 47.2769079947442, 27.643612164775845, 40.012209383869575, 58.82243332186106, 12.92055494251174, 88.98335618540284, 0.0, 29.53922250038366, 79.72506780678248, 96.47827470424888, 78.24990718428204, 84.52412168576197, 17.200639378182736, 54.133169412415604, 67.85702836391441, 85.06837084138449, 101.5615635330442, 77.41063419475633, 98.28657331377188, 71.43520861065888, 32.96213150790295, 50.726791171105525, 67.70793579820918, 17.792285993118085, 26.28280345695448, 81.91438997871761, 44.21514562428286, 99.2384857019442, 78.52655216154089], [9.975877551881629, 22.645462184500396, 55.176701956775354, 18.865124075977427, 81.22607563285439, 53.61653425380506, 71.81977013990068, 20.314187954943883, 8.491798231187689, 41.01167142874129, 70.64836057746855, 17.12629804582153, 80.00487435932466, 29.53922250038366, 0.0, 86.60396949308345, 76.41399168379591, 63.15286075060099, 83.07706542578084, 13.125768901503076, 61.3997958696942, 75.8050725654955, 68.15304677343401, 93.665214995891, 75.45980677021166, 89.00106222632965, 62.23071943719844, 3.5849492652303163, 69.98184042356888, 87.07232739589703, 36.180982436602356, 18.718930849196667, 91.0910495529549, 56.990151619892906, 99.73404798265248, 87.78171744576855], [91.51650426284668, 77.05587692484855, 52.28270801911603, 80.05887554968986, 32.801605347040585, 58.800917064594124, 31.678015322904137, 83.869964230513, 78.11865106977777, 45.592315346080106, 22.796994368278302, 84.09780081988696, 45.05014559070654, 79.72506780678248, 86.60396949308345, 0.0, 79.93111008952059, 59.05031457558087, 23.638103915198357, 79.15691181068101, 25.97898258473753, 11.888690563426243, 65.73934130444079, 47.3903086269392, 24.874708002898178, 49.48602957873351, 43.8996245171197, 86.98456713182537, 40.48513804311158, 38.44209626692112, 61.969514248887755, 99.23559910876587, 7.63980799183688, 36.04149744631488, 25.80326496479544, 6.946342074751375], [86.35615833712922, 88.82254083248337, 33.60818612108777, 87.89013224250967, 49.0306257415521, 100.80385153550174, 48.28564943228014, 57.325949841674884, 72.03611918809072, 65.00868852135831, 84.76789526174329, 89.21273747010483, 37.037669490885186, 96.47827470424888, 76.41399168379591, 79.93111008952059, 0.0, 22.7927847007934, 58.11797342486627, 81.85781137126004, 73.40835034283491, 78.2177998936007, 14.873794183013, 44.638171252344556, 55.065749283125164, 38.679775599869316, 37.89692231490121, 73.56673149126507, 99.72210734306282, 109.5716434906072, 87.82415388925381, 95.04081639292725, 87.5681804656501, 82.78218392255937, 70.23123334662758, 86.12353294429187], [72.58931631620875, 71.05529366617388, 11.32221906032201, 70.91698735424744, 31.491144366727603, 79.08187816348946, 27.69743719153971, 47.30945580072639, 57.00196601818286, 43.34399738200577, 62.07353469680155, 72.99048225874343, 22.414258890984012, 78.24990718428204, 63.15286075060099, 59.05031457558087, 22.7927847007934, 0.0, 39.408838509418004, 65.5608221277334, 50.623004438880024, 56.07566360897026, 8.042279391489581, 35.0192312147364, 34.692688275959554, 29.135378597948893, 15.512876741053335, 61.00755168494638, 76.96224867567132, 86.8918495222562, 67.41911321852253, 81.69415077042767, 66.60244088718638, 60.12916730358465, 54.2723015534975, 64.8197645376552], [90.11806033085676, 79.81646737349342, 35.999104696569496, 81.79039322335458, 9.363527637015597, 70.81686579792287, 12.867032656771764, 74.9098413966706, 74.8543901080431, 45.02191207362407, 38.83426136501371, 85.34036401615171, 21.803106027855115, 84.52412168576197, 83.07706542578084, 23.638103915198357, 58.11797342486627, 39.408838509418004, 0.0, 79.01581487374467, 33.675834564569676, 27.654357579058384, 44.858919230535996, 24.405153496330573, 7.617349043751741, 25.8993190315806, 26.4186111769153, 82.4729447405684, 57.72800642516531, 60.277279666139854, 68.00638690453017, 98.81259636171194, 31.00861668855336, 46.65923042176596, 16.991452797946643, 30.519540393667363], [12.676043165178564, 9.705129717483247, 56.034477505201906, 6.607918722776871, 78.63147141099282, 40.74993861694184, 68.95789417020187, 30.136488554909516, 10.632716215255648, 34.47680334501958, 61.1485938663917, 7.441199542019297, 79.44103231564804, 17.200639378182736, 13.125768901503076, 79.15691181068101, 81.85781137126004, 65.5608221277334, 79.01581487374467, 0.0, 53.28571236916744, 67.77765245143543, 71.66572853024797, 92.73843455501009, 71.49251632037503, 88.70459570158235, 61.460445187619165, 16.241559403779977, 58.27499112005484, 75.5179366224752, 23.67918186206427, 20.145642062555627, 82.8441325133413, 46.84083348660906, 95.0448247764395, 79.46342987847659], [65.74772304452576, 51.11956348071711, 40.421970682252145, 54.08098502653064, 38.672952470823006, 37.143876680462235, 31.014386425633948, 61.40300017955572, 52.98299040176989, 20.85056296897879, 12.254897487070332, 58.119614407779785, 47.146362473526764, 54.133169412415604, 61.3997958696942, 25.97898258473753, 73.40835034283491, 50.623004438880024, 33.675834564569676, 53.28571236916744, 0.0, 14.505950610827187, 58.56274555775309, 55.978486309416155, 28.27375602133784, 55.114865238549356, 35.89467754665864, 62.114548652092196, 26.95709828252544, 36.66563406602711, 36.546018787929626, 73.31215797555237, 29.717683987925405, 12.99834672941516, 45.98303163421034, 26.388217195831277], [80.25303280594855, 65.32445918125657, 47.562330000092935, 68.41824436550472, 35.40157075698455, 47.38120641299174, 30.913389224508506, 74.66113126463192, 67.35959609027421, 34.964906858088135, 11.931651087949913, 72.49286545965795, 46.468638486554404, 67.85702836391441, 75.8050725654955, 11.888690563426243, 78.2177998936007, 56.07566360897026, 27.654357579058384, 67.77765245143543, 14.505950610827187, 0.0, 63.48912148749155, 51.9795631109888, 25.395928189401953, 52.73651767740051, 40.56493796145331, 76.41315090264241, 30.735361727186437, 33.06288972857389, 50.0915113011525, 87.77479926100726, 15.301349184779033, 24.200301221744997, 35.386907335991694, 12.058135158914009], [77.83805691759156, 77.69552809843448, 19.24510831185899, 77.28387636880394, 36.22707789070902, 86.96744602443445, 34.08230021812102, 50.90563379170057, 62.5956133971766, 51.1780439384382, 69.89419979209009, 79.1058812746304, 25.329936771563577, 85.06837084138449, 68.15304677343401, 65.73934130444079, 14.873794183013, 8.042279391489581, 44.858919230535996, 71.66572853024797, 58.56274555775309, 63.48912148749155, 0.0, 36.03955762889562, 41.00610295177664, 29.874642010476137, 23.047062203952244, 65.73328639118348, 84.98119395387216, 94.69918610903541, 74.91728436070917, 86.84475958202978, 73.35177883800651, 68.17100295224007, 58.51339863917177, 71.7499244122524], [102.16105740798051, 95.67428712431104, 39.00093077056902, 96.78908131713982, 17.31045567476295, 92.44393183455604, 25.872763685472773, 80.70225005678441, 86.26201028428818, 61.72310582764197, 62.81429286544439, 99.77767728264719, 13.727160853743978, 101.5615635330442, 93.665214995891, 47.3903086269392, 44.638171252344556, 35.0192312147364, 24.405153496330573, 92.73843455501009, 55.978486309416155, 51.9795631109888, 36.03955762889562, 0.0, 27.78934460829631, 6.176610226200819, 31.48666787257186, 92.19349856752491, 81.50934105788883, 84.67871357028386, 86.66167039078863, 111.26067843620201, 54.30084890620651, 68.82051241853905, 28.28151011792358, 54.33620237121803], [82.52539709028974, 72.50677124688204, 29.711169328891256, 74.38293728821375, 10.507943847784198, 65.12131055753203, 6.995265933908923, 67.53705229788726, 67.23914065646899, 37.67960114704866, 35.36008740686651, 77.8851329827376, 21.103548863161294, 77.41063419475633, 75.45980677021166, 24.874708002898178, 55.065749283125164, 34.692688275959554, 7.617349043751741, 71.49251632037503, 28.27375602133784, 25.395928189401953, 41.00610295177664, 27.78934460829631, 0.0, 27.61501228424231, 20.37698133055689, 74.86499610236848, 53.83141589259897, 58.45075821002839, 61.18819382988089, 91.2427166634596, 32.51443489482486, 41.21034857907296, 24.4786230162075, 31.23472021297099], [97.71707964117037, 92.12459515527298, 33.96034613151009, 93.01915498354612, 17.3349946662511, 90.85006672883848, 24.20037119275161, 75.3814017229953, 81.80391918398513, 58.798862901182254, 62.97318952119171, 95.85597853928826, 9.316997506555817, 98.28657331377188, 89.00106222632965, 49.48602957873351, 38.679775599869316, 29.135378597948893, 25.8993190315806, 88.70459570158235, 55.114865238549356, 52.73651767740051, 29.874642010476137, 6.176610226200819, 27.61501228424231, 0.0, 27.245472951891195, 87.3876089107933, 81.32982089314976, 85.745762466947, 83.98173862692444, 106.84907107248395, 56.71481603286984, 67.69521284655076, 32.857420788084674, 56.39694580229526], [70.67536295895636, 65.04363864352597, 9.609216741307677, 65.8160447418379, 20.66147484960733, 67.3527460383565, 13.652412309963852, 50.523405205139625, 54.77535245150113, 32.86208283055187, 46.92832321424534, 68.61428994234062, 17.9897904539835, 71.43520861065888, 62.23071943719844, 43.8996245171197, 37.89692231490121, 15.512876741053335, 26.4186111769153, 61.460445187619165, 35.89467754665864, 40.56493796145331, 23.047062203952244, 31.48666787257186, 20.37698133055689, 27.245472951891195, 0.0, 60.86767036369262, 62.67642862142209, 71.70394711176952, 58.09063951343221, 79.77939626047399, 51.372815891102086, 46.46375728444325, 42.81909033484881, 49.462380107131445], [13.164389659148378, 25.890121704370394, 53.4596037947436, 22.242127002345097, 80.23136458182145, 56.282100018297534, 70.9430819602689, 16.974071710232593, 9.376918471116507, 41.470644330737414, 71.77045293100952, 20.673468047522903, 78.49163768873383, 32.96213150790295, 3.5849492652303163, 86.98456713182537, 73.56673149126507, 61.00755168494638, 82.4729447405684, 16.241559403779977, 62.114548652092196, 76.41315090264241, 65.73328639118348, 92.19349856752491, 74.86499610236848, 87.3876089107933, 60.86767036369262, 0.0, 71.96367457334614, 88.9449725248402, 38.69147283983701, 21.482735465958438, 91.7144529609536, 58.412456167034875, 99.24819191973818, 88.43896811997489], [70.5577661200704, 51.79546422346365, 66.25205242523036, 55.90259171293445, 64.32765357469779, 22.457033079194012, 57.57864690493744, 77.12424058356635, 62.735029871651356, 38.55346518184882, 18.953075736567396, 60.02044855912908, 73.78787594180831, 50.726791171105525, 69.98184042356888, 40.48513804311158, 99.72210734306282, 76.96224867567132, 57.72800642516531, 58.27499112005484, 26.95709828252544, 30.735361727186437, 84.98119395387216, 81.50934105788883, 53.83141589259897, 81.32982089314976, 62.67642862142209, 71.96367457334614, 0.0, 17.27649704613619, 34.9448706248521, 75.69269909278526, 38.700832545217445, 17.47297871523048, 65.83583851108571, 35.88445147265541], [87.83087254974693, 69.04814508679151, 77.01878670588391, 73.16998771771357, 68.41815330352821, 38.647097977970766, 63.696781540112575, 93.1452262837768, 79.65161111065774, 53.13521457559663, 24.81943904409931, 77.27921401899512, 79.48855991704765, 67.70793579820918, 87.07232739589703, 38.44209626692112, 109.5716434906072, 86.8918495222562, 60.277279666139854, 75.5179366224752, 36.66563406602711, 33.06288972857389, 94.69918610903541, 84.67871357028386, 58.45075821002839, 85.745762466947, 71.70394711176952, 88.9449725248402, 17.27649704613619, 0.0, 52.21931876022684, 92.92238596915784, 33.59361615491917, 31.94846801904961, 63.94134684431141, 31.983748388099805], [35.67083906543828, 16.94421547587126, 56.28246889364108, 20.973341770794896, 70.34783984022165, 17.747620689629155, 60.937607516322764, 47.936922622543335, 30.135751217899, 25.28027317125475, 41.10431044776177, 25.11995646058121, 74.81261317433125, 17.792285993118085, 36.180982436602356, 61.969514248887755, 87.82415388925381, 67.41911321852253, 68.00638690453017, 23.67918186206427, 36.546018787929626, 50.0915113011525, 74.91728436070917, 86.66167039078863, 61.18819382988089, 83.98173862692444, 58.09063951343221, 38.69147283983701, 34.9448706248521, 52.21931876022684, 0.0, 40.87546101327462, 64.13520220448586, 26.456095655384537, 82.10017256228046, 60.74451348605655], [9.151439392477563, 23.933228632084365, 73.29682874259714, 20.000252415353962, 97.92136568245867, 55.59667327091209, 88.32112535968831, 38.21253921445004, 25.049606414952596, 54.579082942172306, 80.6476263766157, 15.803683433125391, 97.71813905521216, 26.28280345695448, 18.718930849196667, 99.23559910876587, 95.04081639292725, 81.69415077042767, 98.81259636171194, 20.145642062555627, 73.31215797555237, 87.77479926100726, 86.84475958202978, 111.26067843620201, 91.2427166634596, 106.84907107248395, 79.77939626047399, 21.482735465958438, 75.69269909278526, 92.92238596915784, 40.87546101327462, 0.0, 102.74483533318657, 66.10641313474983, 115.01922036457997, 99.3523574916638], [95.38244344645096, 79.9320770550115, 59.57324261555296, 83.19303663277024, 40.26810650991927, 58.827466339819445, 39.305511532419274, 89.652327858692, 82.6525265928008, 50.263279949544916, 23.27835158212232, 87.31369193649185, 52.584434612136334, 81.91438997871761, 91.0910495529549, 7.63980799183688, 87.5681804656501, 66.60244088718638, 31.00861668855336, 82.8441325133413, 29.717683987925405, 15.301349184779033, 73.35177883800651, 54.30084890620651, 32.51443489482486, 56.71481603286984, 51.372815891102086, 91.7144529609536, 38.700832545217445, 33.59361615491917, 64.13520220448586, 102.74483533318657, 0.0, 37.707762649649965, 30.60103026939921, 3.403776861381179], [59.51451065573019, 42.65870453586106, 49.19421117826107, 46.20322222909297, 51.54155284045244, 24.200810702354573, 43.49884365766553, 61.282607289216806, 49.03563631573538, 21.355531571640498, 14.682161866254335, 50.39056336236818, 59.42415763552831, 44.21514562428286, 56.990151619892906, 36.04149744631488, 82.78218392255937, 60.12916730358465, 46.65923042176596, 46.84083348660906, 12.99834672941516, 24.200301221744997, 68.17100295224007, 68.82051241853905, 41.21034857907296, 67.69521284655076, 46.46375728444325, 58.412456167034875, 17.47297871523048, 31.94846801904961, 26.456095655384537, 66.10641313474983, 37.707762649649965, 0.0, 58.345069538433734, 34.326756023048524], [106.47031540907038, 95.11769379098675, 52.42142872727657, 97.3907476043954, 22.8303987088717, 82.31786556542592, 29.632377342130283, 91.898971434061, 91.43167314364318, 60.668627799831164, 47.30107716022339, 101.09294650893472, 33.36739046677927, 99.2384857019442, 99.73404798265248, 25.80326496479544, 70.23123334662758, 54.2723015534975, 16.991452797946643, 95.0448247764395, 45.98303163421034, 35.386907335991694, 58.51339863917177, 28.28151011792358, 24.4786230162075, 32.857420788084674, 42.81909033484881, 99.24819191973818, 65.83583851108571, 63.94134684431141, 82.10017256228046, 115.01922036457997, 30.60103026939921, 58.345069538433734, 0.0, 31.959043877980857], [92.01080368984212, 76.5283003153843, 57.40144036963746, 79.79138218268342, 39.603553766496894, 55.65729032900256, 37.8499569514307, 86.6099507475949, 79.35268286316615, 47.01072191498857, 19.955461210481793, 83.91336267346973, 51.75884218384538, 78.52655216154089, 87.78171744576855, 6.946342074751375, 86.12353294429187, 64.8197645376552, 30.519540393667363, 79.46342987847659, 26.388217195831277, 12.058135158914009, 71.7499244122524, 54.33620237121803, 31.23472021297099, 56.39694580229526, 49.462380107131445, 88.43896811997489, 35.88445147265541, 31.983748388099805, 60.74451348605655, 99.3523574916638, 3.403776861381179, 34.326756023048524, 31.959043877980857, 0.0]]",Route_3,1982.4567002606686
