instance_id,num_cities,city_coordinates,distance_matrix,best_route,total_distance
2308,34,"[[69.91930481310054, 47.23062638807459], [68.99544081504996, 62.242963802074215], [97.41454596878437, 36.63394620285594], [27.207729525323266, 28.9791759206957], [81.27322649052331, 7.635509547059516], [48.6736059121805, 83.4384944058995], [29.533151251853717, 77.27086381266788], [81.12554333984747, 91.15405393777826], [2.249104132144508, 42.34569019062738], [1.5755631221194832, 11.911032848498115], [66.91609148663944, 7.29539475775055], [57.63270980660985, 58.76334067650958], [3.1367790289795305, 95.32082596505853], [84.42591032215442, 49.620243575479584], [20.877405915302262, 43.24305933872565], [17.42572731839076, 45.769285154714424], [98.80399871586182, 14.39562106944592], [3.743625844285836, 39.375679030286115], [13.62590041718611, 92.03435769517053], [34.10478567241177, 77.89922835464806], [29.47328913607137, 58.839810867525614], [80.18931640527994, 58.250573273455494], [7.417404430796848, 39.96044684635526], [80.84848119436924, 51.73134145221159], [20.195628242513298, 79.53152462508686], [32.59100425892101, 41.85920024855419], [84.8985811891275, 29.67340441950721], [48.42844008269397, 98.30021349054373], [28.02565627120156, 50.68359659798235], [88.01707145407866, 99.9876846686763], [52.85251055383957, 28.322161998229234], [27.679569261703453, 98.77500055882693], [53.32090618835332, 24.263681273866165], [2.0212410773238765, 15.919058224008332]]","[[0.0, 15.04073799115811, 29.46655590931888, 46.447756756668575, 41.19083411525781, 41.98082214755666, 50.33346067973615, 45.33042322361897, 67.84628701597451, 76.93075273337988, 40.04799639996821, 16.851228908070606, 82.29564414633944, 14.702104396910459, 49.20374516716102, 52.51391431224128, 43.731717507211954, 66.64023323021351, 71.94665883500363, 47.151277054422145, 42.079131982782336, 15.063610704612476, 62.923310958405935, 11.819616426154928, 59.29411470470058, 37.71278617439293, 23.078881342104612, 55.40721968911014, 42.0357085276633, 55.77487208245399, 25.471660563653735, 66.64096163851839, 28.337032391996743, 74.77005657320689], [15.04073799115811, 0.0, 38.25529140048583, 53.410601934923896, 55.97068948392884, 29.363710450097717, 42.2268880726244, 31.352679631841717, 69.6489408229339, 84.13526716927483, 54.98689878062117, 11.883578293852846, 73.69876727276653, 19.93570804181687, 51.73337077969799, 54.13702465322593, 56.37302839744953, 69.1426935388902, 62.87537796279474, 38.2423382656276, 39.66839955471, 11.884529139286547, 65.48561007444539, 15.842625118960079, 51.77176877841548, 41.72266551378314, 36.24480751959063, 41.51056220073834, 42.5692637442603, 42.266847356590745, 37.566141569690586, 55.15062059314799, 41.08670024619842, 81.43370099973592], [29.46655590931888, 38.25529140048583, 0.0, 70.62288993802564, 33.18812322171182, 67.57473618218927, 79.11537664412896, 56.90143894554029, 95.3366946109667, 98.97642687938583, 42.3191012037893, 45.52257229336528, 111.05155197195302, 18.36705135320087, 76.82196420301332, 80.50879161216432, 22.28168942597524, 93.71103657449954, 100.44771135714915, 75.5708228078216, 71.47807220060076, 27.64031655797025, 90.05859809890313, 22.41351925569441, 88.33438452441989, 65.0337976720757, 14.321260987893304, 78.75510834910847, 70.79696808259934, 64.04692580327419, 45.33057199051294, 93.40491214496623, 45.795988072098694, 97.61654164172866], [46.447756756668575, 53.410601934923896, 70.62288993802564, 0.0, 58.12598434747702, 58.53717809160855, 48.34764426176185, 82.2973031330723, 28.312482852009193, 30.79495839345355, 45.243125170277494, 42.576706017705774, 70.5735445362222, 60.82741066022968, 15.605491570941915, 19.431812454496193, 73.0664480736779, 25.664205393157946, 64.50133355625064, 49.40385525074677, 29.946456881869903, 60.529854215102404, 22.632836289112728, 58.26655366497797, 51.03635492402199, 13.95975191554701, 57.69502854582555, 72.49637788413975, 21.7198269122535, 93.48788360220979, 25.65319592750316, 69.79741950569229, 26.535521197046336, 28.371215599486273], [41.19083411525781, 55.97068948392884, 33.18812322171182, 58.12598434747702, 0.0, 82.51562140201962, 86.75320137839279, 83.51867496229481, 86.31111489733601, 79.81226500911099, 14.361163030536703, 56.328759484689115, 117.44794224351143, 42.102937032698826, 70.11100302463429, 74.36859547302507, 18.78901494522269, 83.7751594160764, 108.16342401015378, 84.62772589337116, 72.836213408182, 50.62666824016784, 80.61999766510402, 44.09787749964881, 94.33721424679263, 59.50814874148486, 22.334099648290007, 96.43064106048229, 68.47219532777835, 92.59807608469112, 35.15216471270518, 105.72930964044109, 32.52427255529748, 79.68371458847382], [41.98082214755666, 29.363710450097717, 67.57473618218927, 58.53717809160855, 82.51562140201962, 0.0, 20.10961639958833, 33.3565301207901, 61.998813890261246, 85.64113142351607, 78.29789207866509, 26.251261953670053, 47.06158099631164, 49.21281702821572, 48.870254086773926, 48.94281604302914, 85.32276742584571, 62.93039653241352, 36.08643133023404, 15.586339902788009, 31.204925831092826, 40.3444095118404, 59.93675650435644, 45.17262608984517, 28.744732126465312, 44.581249181247436, 64.83003729028916, 14.86374113185594, 38.719777308030814, 42.68236145294815, 55.27452706334884, 25.999192215535356, 59.35702072264056, 82.06897956600314], [50.33346067973615, 42.2268880726244, 79.11537664412896, 48.34764426176185, 86.75320137839279, 20.10961639958833, 0.0, 53.42768841538292, 44.31914913172619, 71.0882144781869, 79.33505208956036, 33.64689589854618, 31.977642193120783, 61.46358106920949, 35.11144264549771, 33.74817287273225, 93.5507694164028, 45.838244408337104, 21.702566224659385, 4.614616264961708, 18.431150157804677, 54.109320086721155, 43.372496719155976, 57.31954544053431, 9.607284905672808, 35.5434435781173, 73.0126630991005, 28.27128380309697, 26.629970316577214, 62.74091864185759, 54.219626774572546, 21.583875078208667, 58.10007474711893, 67.2380045096527], [45.33042322361897, 31.352679631841717, 56.90143894554029, 82.2973031330723, 83.51867496229481, 33.3565301207901, 53.42768841538292, 0.0, 92.75639618786757, 112.28381781894046, 85.05400191314152, 40.01339192063253, 78.09999582498986, 41.66473119353214, 76.97597980277571, 78.21408951499467, 78.76791733240135, 93.10725677062298, 67.50538296604255, 48.853270646487076, 60.92754442397032, 32.91679754624486, 89.74227068927382, 39.42368606754208, 62.02852361126067, 69.17791615855442, 61.59631547260422, 33.46891330417734, 66.76418144480759, 11.203847180281652, 68.90000745734243, 53.9865814120742, 72.43907648668146, 109.16865491747929], [67.84628701597451, 69.6489408229339, 95.3366946109667, 28.312482852009193, 86.31111489733601, 61.998813890261246, 44.31914913172619, 92.75639618786757, 0.0, 30.442109404983885, 73.55503017087516, 57.76575997060246, 52.98257238981405, 82.49816120702035, 18.649903450483514, 15.557984889291719, 100.51892375046396, 3.32484006241105, 50.97445607447301, 47.7371817598756, 31.830995366656662, 79.54647694939004, 5.692162487881412, 79.15776982819726, 41.28999891294598, 30.345799969139357, 83.6153268513476, 72.5495675145937, 27.091536011000514, 103.33800726714148, 52.51060925605639, 61.89487559835876, 54.178298346611136, 26.427614320458137], [76.93075273337988, 84.13526716927483, 98.97642687938583, 30.79495839345355, 79.81226500911099, 85.64113142351607, 71.0882144781869, 112.28381781894046, 30.442109404983885, 0.0, 65.50334924215248, 73.05848645583355, 83.4244028019095, 91.02837252647238, 36.800231238364006, 37.38460852115696, 97.26017615979407, 27.55008685754093, 81.02442726369787, 73.57032190961456, 54.594810404549314, 91.25500102494044, 28.651295529154588, 88.7121892243935, 70.13727777149191, 43.114386456636275, 85.19522981729396, 98.27656186236229, 46.93526528425015, 123.40839095684322, 53.839116800747576, 90.70153263818912, 53.19932755367291, 4.032728139918309], [40.04799639996821, 54.98689878062117, 42.3191012037893, 45.243125170277494, 14.361163030536703, 78.29789207866509, 79.33505208956036, 85.05400191314152, 73.55503017087516, 65.50334924215248, 0.0, 52.29847638806903, 108.70270114769146, 45.80378350197911, 58.41057402528023, 62.68601429173387, 32.668820626658444, 70.85128830403184, 100.10262885623075, 77.85552715005637, 63.70863583503688, 52.65556682163984, 67.87561704559562, 46.56892570804096, 86.02825201035076, 48.71209565597221, 28.70793012952629, 92.86371889506877, 58.26664577762192, 95.06372580809874, 25.296427598352295, 99.53905240571775, 21.742856541579954, 65.4653280846183], [16.851228908070606, 11.883578293852846, 45.52257229336528, 42.576706017705774, 56.328759484689115, 26.251261953670053, 33.64689589854618, 40.01339192063253, 57.76575997060246, 73.05848645583355, 52.29847638806903, 0.0, 65.6220709970567, 28.310277611938755, 39.897763056922564, 42.254549100794485, 60.52742827495742, 57.270540371179074, 55.16846786066385, 30.327304715304205, 28.1595245022082, 22.56243408094086, 53.620198716287966, 24.257391743945494, 42.811827110726796, 30.21319215748621, 39.87044185464284, 40.59412387358184, 30.6897357991728, 51.21187333332638, 30.81421204929919, 49.981232028043884, 34.76806220284375, 70.20162386368322], [82.29564414633944, 73.69876727276653, 111.05155197195302, 70.5735445362222, 117.44794224351143, 47.06158099631164, 31.977642193120783, 78.09999582498986, 52.98257238981405, 83.4244028019095, 108.70270114769146, 65.6220709970567, 0.0, 93.25484489904919, 55.01657585770408, 51.57062380751919, 125.30405304703866, 55.94843812485316, 10.991930730563825, 35.53209111165178, 44.99417992549009, 85.50612346929005, 55.52562768665691, 89.10191812490885, 23.244491246196656, 61.038486286503854, 104.85502490607922, 45.38955068109366, 51.10712725195348, 85.00849141309281, 83.42946083004537, 24.78467015176365, 86.9917492088373, 79.40960360891663], [14.702104396910459, 19.93570804181687, 18.36705135320087, 60.82741066022968, 42.102937032698826, 49.21281702821572, 61.46358106920949, 41.66473119353214, 82.49816120702035, 91.02837252647238, 45.80378350197911, 28.310277611938755, 93.25484489904919, 0.0, 63.867682681753934, 67.11076220172353, 38.046070185366546, 81.33008134318047, 82.53240865927624, 57.722756051278246, 55.720651434398256, 9.614120797673744, 77.61199425647594, 4.153881727910438, 70.85346759375199, 52.412701515058785, 19.952438699635636, 60.54384638072139, 56.4102772255419, 50.495302361230436, 38.08527079857822, 75.07554433929174, 40.130743002334086, 89.02976697399663], [49.20374516716102, 51.73337077969799, 76.82196420301332, 15.605491570941915, 70.11100302463429, 48.870254086773926, 35.11144264549771, 76.97597980277571, 18.649903450483514, 36.800231238364006, 58.41057402528023, 39.897763056922564, 55.01657585770408, 63.867682681753934, 0.0, 4.277370922628187, 83.09469634221023, 17.564824222635007, 49.32722501111156, 37.09465764903311, 17.80864583836244, 61.181109833609874, 13.854500522860942, 60.56881048333081, 36.2948692466932, 11.795060497389494, 65.44345970430139, 61.565816058831246, 10.317900845472476, 87.90726473105187, 35.28513134580972, 55.946992071637844, 37.58719864124398, 33.19873475471747], [52.51391431224128, 54.13702465322593, 80.50879161216432, 19.431812454496193, 74.36859547302507, 48.94281604302914, 33.74817287273225, 78.21408951499467, 15.557984889291719, 37.38460852115696, 62.68601429173387, 42.254549100794485, 51.57062380751919, 67.11076220172353, 4.277370922628187, 0.0, 87.21656868838468, 15.102254799268595, 46.42085330595274, 36.20116348417271, 17.775893456028985, 63.992582915294975, 11.571911229999868, 63.70236906510989, 33.87567217317214, 15.661238413879047, 69.36615447106614, 60.997267402482244, 11.683704496694135, 89.00995850318492, 39.48998704544025, 53.988398199059475, 41.844412582644324, 33.59068686653892], [43.731717507211954, 56.37302839744953, 22.28168942597524, 73.0664480736779, 18.78901494522269, 85.32276742584571, 93.5507694164028, 78.76791733240135, 100.51892375046396, 97.26017615979407, 32.668820626658444, 60.52742827495742, 125.30405304703866, 38.046070185366546, 83.09469634221023, 87.21656868838468, 0.0, 98.287729581113, 115.25225314334419, 90.65702568844245, 82.35310132378123, 47.64203218104633, 94.89504693094787, 41.42893464675011, 102.0880102680279, 71.68269537539742, 20.658443810805792, 97.8656095722817, 79.53861280644298, 86.2691089030465, 48.01549548370346, 110.35653196885322, 46.541275423692056, 96.79474694880851], [66.64023323021351, 69.1426935388902, 93.71103657449954, 25.664205393157946, 83.7751594160764, 62.93039653241352, 45.838244408337104, 93.10725677062298, 3.32484006241105, 27.55008685754093, 70.85128830403184, 57.270540371179074, 55.94843812485316, 81.33008134318047, 17.564824222635007, 15.102254799268595, 98.287729581113, 0.0, 53.57794125818707, 49.04960630479673, 32.262485974984884, 78.74138199217799, 3.720027217832839, 78.08854661499257, 43.39539512834006, 28.9540863962023, 81.73286309463415, 73.95156107127914, 26.785929167596073, 103.8066898733167, 50.3374889738673, 64.04068070635094, 51.82932762929018, 23.519771872511143], [71.94665883500363, 62.87537796279474, 100.44771135714915, 64.50133355625064, 108.16342401015378, 36.08643133023404, 21.702566224659385, 67.50538296604255, 50.97445607447301, 81.02442726369787, 100.10262885623075, 55.16846786066385, 10.991930730563825, 82.53240865927624, 49.32722501111156, 46.42085330595274, 115.25225314334419, 53.57794125818707, 0.0, 24.883460827826948, 36.78338848312051, 74.64604770419488, 52.44270791543255, 78.37862262521028, 14.123815294645285, 53.639738893105424, 94.7031336222225, 35.36209433867937, 43.78628109319155, 74.81511704319988, 74.81958850019392, 15.58659277092718, 78.54016848577636, 76.9948500354339], [47.151277054422145, 38.2423382656276, 75.5708228078216, 49.40385525074677, 84.62772589337116, 15.586339902788009, 4.614616264961708, 48.853270646487076, 47.7371817598756, 73.57032190961456, 77.85552715005637, 30.327304715304205, 35.53209111165178, 57.722756051278246, 37.09465764903311, 36.20116348417271, 90.65702568844245, 49.04960630479673, 24.883460827826948, 0.0, 19.614080531968916, 50.098439290743826, 46.3849917523899, 53.569873772374834, 14.004608224587662, 36.071805611250824, 70.04098626673624, 24.92723952186107, 27.886312524087682, 58.26177529513545, 53.0034215569001, 21.842190161364375, 56.97395192838531, 69.79179982783106], [42.079131982782336, 39.66839955471, 71.47807220060076, 29.946456881869903, 72.836213408182, 31.204925831092826, 18.431150157804677, 60.92754442397032, 31.830995366656662, 54.594810404549314, 63.70863583503688, 28.1595245022082, 44.99417992549009, 55.720651434398256, 17.80864583836244, 17.775893456028985, 82.35310132378123, 32.262485974984884, 36.78338848312051, 19.614080531968916, 0.0, 50.71945014403619, 29.032609871939247, 51.864638208084, 22.676463786946723, 17.264451470590384, 62.6310008243328, 43.77694738763705, 8.283687109141212, 71.55782253851528, 38.44365860074582, 39.97545255113344, 42.00259011953693, 50.949052494681176], [15.063610704612476, 11.884529139286547, 27.64031655797025, 60.529854215102404, 50.62666824016784, 40.3444095118404, 54.109320086721155, 32.91679754624486, 79.54647694939004, 91.25500102494044, 52.65556682163984, 22.56243408094086, 85.50612346929005, 9.614120797673744, 61.181109833609874, 63.992582915294975, 47.64203218104633, 78.74138199217799, 74.64604770419488, 50.098439290743826, 50.71945014403619, 0.0, 75.03519105820432, 6.552471423691544, 63.6562762797337, 50.34159740039724, 28.96259233065056, 51.11484076368441, 52.70964403779249, 42.46481151166297, 40.534069073045636, 66.3287475525484, 43.32459227017372, 88.89434834036743], [62.923310958405935, 65.48561007444539, 90.05859809890313, 22.632836289112728, 80.61999766510402, 59.93675650435644, 43.372496719155976, 89.74227068927382, 5.692162487881412, 28.651295529154588, 67.87561704559562, 53.620198716287966, 55.52562768665691, 77.61199425647594, 13.854500522860942, 11.571911229999868, 94.89504693094787, 3.720027217832839, 52.44270791543255, 46.3849917523899, 29.032609871939247, 75.03519105820432, 0.0, 74.36852152947401, 41.583087912668816, 25.245106313677802, 78.16109002404872, 71.312224880027, 23.23114255720894, 100.49664474419725, 46.902010006163636, 62.20696948117666, 48.5130902236053, 24.639540292547608], [11.819616426154928, 15.842625118960079, 22.41351925569441, 58.26655366497797, 44.09787749964881, 45.17262608984517, 57.31954544053431, 39.42368606754208, 79.15776982819726, 88.7121892243935, 46.56892570804096, 24.257391743945494, 89.10191812490885, 4.153881727910438, 60.56881048333081, 63.70236906510989, 41.42893464675011, 78.08854661499257, 78.37862262521028, 53.569873772374834, 51.864638208084, 6.552471423691544, 74.36852152947401, 0.0, 66.72045230395908, 49.25691070418716, 22.426678222739362, 56.742566989917435, 52.83321495180081, 48.785892909086336, 36.49334260949727, 70.99323248199791, 38.88752680982548, 86.58090675482312], [59.29411470470058, 51.77176877841548, 88.33438452441989, 51.03635492402199, 94.33721424679263, 28.744732126465312, 9.607284905672808, 62.02852361126067, 41.28999891294598, 70.13727777149191, 86.02825201035076, 42.811827110726796, 23.244491246196656, 70.85346759375199, 36.2948692466932, 33.87567217317214, 102.0880102680279, 43.39539512834006, 14.123815294645285, 14.004608224587662, 22.676463786946723, 63.6562762797337, 41.583087912668816, 66.72045230395908, 0.0, 39.659165025487276, 81.68417392889397, 33.902143680472044, 29.89167593807757, 70.83927330957405, 60.73607480686266, 20.64753591088172, 64.4346067550988, 66.15779795654134], [37.71278617439293, 41.72266551378314, 65.0337976720757, 13.95975191554701, 59.50814874148486, 44.581249181247436, 35.5434435781173, 69.17791615855442, 30.345799969139357, 43.114386456636275, 48.71209565597221, 30.21319215748621, 61.038486286503854, 52.412701515058785, 11.795060497389494, 15.661238413879047, 71.68269537539742, 28.9540863962023, 53.639738893105424, 36.071805611250824, 17.264451470590384, 50.34159740039724, 25.245106313677802, 49.25691070418716, 39.659165025487276, 0.0, 53.70825098899319, 58.620920747243176, 9.935410066060442, 80.31792842013861, 24.367602301617314, 57.12731849728934, 27.190644015772918, 40.09241061887576], [23.078881342104612, 36.24480751959063, 14.321260987893304, 57.69502854582555, 22.334099648290007, 64.83003729028916, 73.0126630991005, 61.59631547260422, 83.6153268513476, 85.19522981729396, 28.70793012952629, 39.87044185464284, 104.85502490607922, 19.952438699635636, 65.44345970430139, 69.36615447106614, 20.658443810805792, 81.73286309463415, 94.7031336222225, 70.04098626673624, 62.6310008243328, 28.96259233065056, 78.16109002404872, 22.426678222739362, 81.68417392889397, 53.70825098899319, 0.0, 77.71557189904526, 60.62967725542087, 70.38339994978422, 32.07454597095529, 89.7164751589826, 32.03770689308151, 84.01092514234806], [55.40721968911014, 41.51056220073834, 78.75510834910847, 72.49637788413975, 96.43064106048229, 14.86374113185594, 28.27128380309697, 33.46891330417734, 72.5495675145937, 98.27656186236229, 92.86371889506877, 40.59412387358184, 45.38955068109366, 60.54384638072139, 61.565816058831246, 60.997267402482244, 97.8656095722817, 73.95156107127914, 35.36209433867937, 24.92723952186107, 43.77694738763705, 51.11484076368441, 71.312224880027, 56.742566989917435, 33.902143680472044, 58.620920747243176, 77.71557189904526, 0.0, 51.80362720458345, 39.62457940264366, 70.11775873624798, 20.754302279439813, 74.19800756938261, 94.55306902778477], [42.0357085276633, 42.5692637442603, 70.79696808259934, 21.7198269122535, 68.47219532777835, 38.719777308030814, 26.629970316577214, 66.76418144480759, 27.091536011000514, 46.93526528425015, 58.26664577762192, 30.6897357991728, 51.10712725195348, 56.4102772255419, 10.317900845472476, 11.683704496694135, 79.53861280644298, 26.785929167596073, 43.78628109319155, 27.886312524087682, 8.283687109141212, 52.70964403779249, 23.23114255720894, 52.83321495180081, 29.89167593807757, 9.935410066060442, 60.62967725542087, 51.80362720458345, 0.0, 77.65219247469503, 33.41266901835855, 48.09264924230398, 36.57679037456178, 43.414314896484186], [55.77487208245399, 42.266847356590745, 64.04692580327419, 93.48788360220979, 92.59807608469112, 42.68236145294815, 62.74091864185759, 11.203847180281652, 103.33800726714148, 123.40839095684322, 95.06372580809874, 51.21187333332638, 85.00849141309281, 50.495302361230436, 87.90726473105187, 89.00995850318492, 86.2691089030465, 103.8066898733167, 74.81511704319988, 58.26177529513545, 71.55782253851528, 42.46481151166297, 100.49664474419725, 48.785892909086336, 70.83927330957405, 80.31792842013861, 70.38339994978422, 39.62457940264366, 77.65219247469503, 0.0, 79.82789915145572, 60.34968743552169, 83.29434899369669, 120.26145182260484], [25.471660563653735, 37.566141569690586, 45.33057199051294, 25.65319592750316, 35.15216471270518, 55.27452706334884, 54.219626774572546, 68.90000745734243, 52.51060925605639, 53.839116800747576, 25.296427598352295, 30.81421204929919, 83.42946083004537, 38.08527079857822, 35.28513134580972, 39.48998704544025, 48.01549548370346, 50.3374889738673, 74.81958850019392, 53.0034215569001, 38.44365860074582, 40.534069073045636, 46.902010006163636, 36.49334260949727, 60.73607480686266, 24.367602301617314, 32.07454597095529, 70.11775873624798, 33.41266901835855, 79.82789915145572, 0.0, 74.81496798464177, 4.085420450878724, 52.32260448246292], [66.64096163851839, 55.15062059314799, 93.40491214496623, 69.79741950569229, 105.72930964044109, 25.999192215535356, 21.583875078208667, 53.9865814120742, 61.89487559835876, 90.70153263818912, 99.53905240571775, 49.981232028043884, 24.78467015176365, 75.07554433929174, 55.946992071637844, 53.988398199059475, 110.35653196885322, 64.04068070635094, 15.58659277092718, 21.842190161364375, 39.97545255113344, 66.3287475525484, 62.20696948117666, 70.99323248199791, 20.64753591088172, 57.12731849728934, 89.7164751589826, 20.754302279439813, 48.09264924230398, 60.34968743552169, 74.81496798464177, 0.0, 78.7998404882354, 86.73786362026742], [28.337032391996743, 41.08670024619842, 45.795988072098694, 26.535521197046336, 32.52427255529748, 59.35702072264056, 58.10007474711893, 72.43907648668146, 54.178298346611136, 53.19932755367291, 21.742856541579954, 34.76806220284375, 86.9917492088373, 40.130743002334086, 37.58719864124398, 41.844412582644324, 46.541275423692056, 51.82932762929018, 78.54016848577636, 56.97395192838531, 42.00259011953693, 43.32459227017372, 48.5130902236053, 38.88752680982548, 64.4346067550988, 27.190644015772918, 32.03770689308151, 74.19800756938261, 36.57679037456178, 83.29434899369669, 4.085420450878724, 78.7998404882354, 0.0, 51.97392013642987], [74.77005657320689, 81.43370099973592, 97.61654164172866, 28.371215599486273, 79.68371458847382, 82.06897956600314, 67.2380045096527, 109.16865491747929, 26.427614320458137, 4.032728139918309, 65.4653280846183, 70.20162386368322, 79.40960360891663, 89.02976697399663, 33.19873475471747, 33.59068686653892, 96.79474694880851, 23.519771872511143, 76.9948500354339, 69.79179982783106, 50.949052494681176, 88.89434834036743, 24.639540292547608, 86.58090675482312, 66.15779795654134, 40.09241061887576, 84.01092514234806, 94.55306902778477, 43.414314896484186, 120.26145182260484, 52.32260448246292, 86.73786362026742, 51.97392013642987, 0.0]]",Route_3,1798.254056974224
