instance_id,num_cities,city_coordinates,distance_matrix,best_route,total_distance
2780,71,"[[94.2787570439148, 24.83603783704702], [10.31047524666463, 28.673248501253113], [70.29972226823821, 17.47068116764341], [65.70829444699658, 96.09072954422307], [95.67994852342116, 3.5027981163320954], [99.84149059045228, 71.68154182535808], [5.877861432070008, 24.464877581043652], [5.752608573798412, 45.783667347891786], [85.63741424077273, 16.54299526066776], [43.27122328180805, 2.4994771671487226], [76.700782703382, 96.64939034496216], [1.3423657053281635, 48.255434071523396], [25.605240097930626, 38.059460420265154], [82.98837825212424, 24.935438537952002], [37.2689085679396, 39.890398541470226], [61.731204247566865, 91.14661355434409], [30.89232550937372, 1.6234984858020218], [71.59877493513727, 1.5180915627098113], [15.536305845041909, 85.67199325940878], [13.289944846881829, 15.003131348711962], [73.09209533562614, 66.4151724339009], [76.07823330841843, 74.48503650192546], [61.17236869323634, 54.48604384201011], [3.3302033116053176, 86.84378467615342], [57.76265301476927, 39.230048864902386], [60.29049498424134, 61.027374568999825], [18.46988620819544, 52.2554368141677], [96.48299239432268, 61.5583575633763], [30.652978787869856, 82.93122004905901], [88.2027576209435, 75.00342947494335], [19.497710055019347, 33.17342870986329], [99.02693008773072, 72.8700190234059], [82.05048331710664, 79.78400902116827], [56.865474403552376, 63.05769994691738], [38.12322897853957, 33.2488204971575], [94.72069858016964, 9.154490948734939], [40.76783986066156, 84.78962175640692], [3.0091756952907, 74.0637283140063], [74.2151458072093, 92.62646587791724], [91.85744481184096, 9.856048808936924], [47.73463128679083, 33.88311696971007], [6.628204203140065, 39.81294322700932], [76.74301355075018, 13.740469260837152], [40.065086662707664, 60.397233602490076], [48.78316945632955, 56.60669067917553], [25.89290749239993, 79.60194324801583], [20.213582572885123, 90.5414808798525], [33.83426177524388, 31.64610371006318], [0.8512326170502571, 60.359180035916474], [74.99015985221301, 25.63215492178972], [79.8883285706884, 66.53386705340532], [98.85923526957293, 27.55362580215882], [32.63100155235218, 43.55754746979913], [65.2504572258031, 36.516923025400374], [29.142154799041077, 53.680416674786954], [81.68068942663355, 63.82128834272709], [38.36606461636835, 96.58938327760713], [35.97809470996606, 52.69771218107372], [15.029875751102285, 67.9481461230657], [2.8020845847792075, 26.954062990713666], [4.566780432555884, 96.09138258285874], [36.57265979885581, 53.32622760372643], [36.685131696148666, 81.60252343802752], [73.60783458669607, 58.20889824476885], [23.145691220507423, 21.636340242604867], [30.479173164137674, 43.29114860935531], [97.71711325271303, 57.52122464415954], [75.33954885539274, 92.97466471796389], [77.43370581200068, 84.61278933616858], [44.72525973651338, 45.172126492136464], [83.21932475455284, 56.15094758597493]]","[[0.0, 84.0559131391951, 25.084708243083774, 76.76915020557806, 21.37920612519862, 47.174625048098065, 88.40167478567312, 90.97077632446974, 11.976951223706905, 55.68384364474589, 73.93336716491757, 95.84174954072117, 69.93504725489744, 11.290816346104227, 58.964028012615735, 73.86769012897618, 67.50304945568134, 32.528575236357106, 99.50571387090525, 81.58353848108463, 46.66582334176433, 52.879884007734624, 44.442725003315054, 110.07542911141202, 39.25064849066063, 49.64891551970329, 80.6151867680855, 36.78841420288105, 86.15851585847028, 50.53399798885913, 75.2443823505882, 48.26808983029575, 56.29218609708426, 53.485036901630195, 56.782200066459204, 15.687773109393111, 80.36075212794313, 103.69909348325288, 70.69717554345478, 15.17441347161363, 47.415243153733144, 88.92090366361177, 20.751239526530483, 64.83610645674477, 55.49074582265667, 87.61237820288643, 99.00936983374564, 60.82691842826826, 99.95296870135208, 19.305019659050988, 44.11114817140479, 5.325980203103354, 64.42779431329865, 31.290338271001097, 71.23745603642755, 40.97024609006173, 90.96577244441866, 64.61609803934083, 90.21662300833306, 91.50118925318698, 114.56684905487052, 64.35592103449075, 80.86692505706628, 39.25601669840735, 71.20499363199947, 66.41519417159665, 32.86554016039328, 70.72175110971864, 62.10487719006892, 53.5640326822234, 33.21045942389961], [84.0559131391951, 0.0, 61.0262834611402, 87.25843868836915, 89.00280074318233, 99.32530394185459, 6.112156005158876, 17.707077164654603, 76.29738384704167, 42.08892035781145, 95.01804451867821, 21.5380820978543, 17.94521680125725, 72.77395693922892, 29.198999677426816, 80.91361264979457, 33.98972692057079, 67.0347538748443, 57.23780402363734, 13.991045066856806, 73.25288146641378, 80.15059525847533, 57.03711605853, 58.58784409041488, 48.612294832210395, 59.53815454459606, 24.953869296462113, 92.23412117861349, 57.94605186556252, 90.62942856781831, 10.230195762242834, 99.11591135713151, 88.08483750834307, 57.87623387641133, 28.186612588951302, 86.63756517588763, 63.84902823490498, 45.9739560269817, 90.40918610560875, 83.6898754302114, 37.78505239872424, 11.732515443033526, 68.09016112014122, 43.494231010827434, 47.543931175889526, 53.25921651040191, 62.65580350108851, 23.710892027393566, 33.06774150656933, 64.75113783426717, 79.21176749909661, 88.55583807171006, 26.82812424207011, 55.49707064259173, 31.304801785393835, 79.55559173805747, 73.48276980245991, 35.15681362148552, 39.557430709351515, 7.702696226071557, 67.66235905703387, 36.020434701434894, 59.136542409587705, 69.8491968829471, 14.637651687884265, 24.90902204537014, 92.04415296509652, 91.45191382297068, 87.37711548425274, 38.16530317501473, 77.91485277887917], [25.084708243083774, 61.0262834611402, 0.0, 78.75400444531947, 28.969943764173717, 61.73761810155561, 64.80042389571109, 70.48372204080793, 15.365721466509502, 30.89784307494432, 79.43702890768753, 75.51700494257742, 49.20868386357362, 14.721568981429359, 39.9209015532729, 74.17251859091924, 42.474417220983945, 16.005394494819956, 87.46685514741449, 57.063153818742826, 49.024081558558855, 57.30643859135954, 38.12408237843894, 96.42377279325495, 25.112709691524604, 44.69194749485048, 62.420438410822726, 51.27657208190082, 76.53068939480066, 60.2539276946436, 53.17349645534635, 62.404640083580574, 63.411601567918794, 47.52531217016564, 35.836802328382774, 25.798122098032344, 73.51171226769519, 87.92491480460173, 75.2577073588251, 22.863027516608955, 27.902533575966856, 67.47769177026954, 7.445165103674589, 52.50544823292966, 44.66082495201345, 76.36922761319204, 88.58873043544648, 39.12380877703848, 81.62423690304871, 9.413280967270785, 49.991375056945714, 30.28715165505185, 45.81983319303956, 19.70417230875052, 54.818703974818725, 47.727405114455905, 85.32014717868228, 49.18249518141518, 74.8513887803937, 68.16058702541847, 102.47943370937234, 49.225348683820705, 72.40741600362934, 40.87231260565675, 47.3376737871557, 47.45916844889496, 48.53616549707928, 75.67199867847853, 67.52004450914268, 37.70176662773875, 40.78086731051086], [76.76915020557806, 87.25843868836915, 78.75400444531947, 0.0, 97.31816425607657, 41.962882694857946, 93.3270774438207, 78.26547626732464, 82.00616955694127, 96.24315395902691, 11.006675245370602, 80.19468982256879, 70.53994020596679, 73.22347119946824, 62.98631497394404, 6.345197347268, 100.67874371937023, 94.75590543688308, 51.24235070766343, 96.55507213977164, 30.58037287821911, 23.965425175189658, 41.85121855840698, 63.059751371919454, 57.4131537636211, 35.47945057546894, 64.44377473166263, 46.25545101253179, 37.44392936263939, 30.833019600679705, 78.06410733576206, 40.611979489450995, 23.08627885310592, 34.19614760023725, 68.62974114462854, 91.64949085902332, 27.381404496571722, 66.45576179261273, 9.185186052249552, 90.11214250210664, 64.75213996168192, 81.59440113137788, 83.08628282959921, 43.94996880557169, 42.95869156580873, 43.0946065287323, 45.8318990360146, 71.89620127423164, 74.04851179786158, 71.06731853127401, 32.78233499996872, 76.13356333951825, 62.079324449470846, 59.57556578047104, 55.99747500055017, 36.00603056214804, 27.346776549654145, 52.60074840040121, 57.96815611293126, 93.4722948330706, 61.141514017928166, 51.74637989819849, 32.438435415996985, 38.696716618067654, 85.76147899664781, 63.47351206022897, 50.121564117385766, 10.12279217808506, 16.40818037133434, 55.07260555337205, 43.60988838904036], [21.37920612519862, 89.00280074318233, 28.969943764173717, 97.31816425607657, 0.0, 68.30563319461082, 92.2161787402162, 99.37101374843303, 16.45901687165151, 52.418328229522594, 95.06048800122598, 104.4144528161616, 78.13211676708615, 24.908513231297515, 68.81792683146142, 93.98912502220487, 64.81487377841324, 24.16282229982774, 114.78144489516042, 83.18876348567724, 66.84443098648737, 73.63902094405705, 61.56349901087042, 124.39531937115488, 52.09757906795333, 67.53880601447275, 91.31381879388648, 58.06111316679931, 102.65174622826247, 71.89053253712979, 81.75622164627123, 69.44792021337, 77.48926028113983, 71.08691675162606, 64.78890192192425, 5.7325205909322055, 98.09631682832615, 116.4762508279006, 91.67205632537816, 7.414534981246505, 56.76017281998034, 96.16984872839905, 21.52713210397987, 79.5612320736352, 70.84723912894292, 103.25362456416967, 115.19941270244813, 67.94802880949385, 110.56732575872876, 30.294814537846356, 64.97915752055904, 24.26005310356071, 74.69640325965995, 44.89862341033827, 83.33709496920292, 61.92172089380833, 109.31602638908183, 77.35923292406974, 103.23583252867839, 95.79279426978466, 129.90094446565587, 77.30488798423089, 97.87724714052652, 58.99097901288231, 74.76659569975487, 76.38228814592692, 54.0568260692076, 91.7548187935398, 83.13697161170843, 65.82334871959372, 54.10263198114431], [47.174625048098065, 99.32530394185459, 61.73761810155561, 41.962882694857946, 68.30563319461082, 0.0, 105.15976886135833, 97.58799937284508, 56.938696000295344, 89.36639868398034, 34.042412094512514, 101.24653143505486, 81.4951854111586, 49.691302740471016, 70.18550286391603, 42.79349182470728, 98.29606707261965, 75.63438860958746, 85.45815880468234, 103.45826349190556, 27.26288306592302, 23.928058405430146, 42.32004417763608, 97.69504685748721, 53.13876143723353, 40.9608658766996, 83.65830237130272, 10.665756875882812, 70.09711424582969, 12.103513650671765, 89.09544234382336, 1.4408285334742656, 19.549166592451396, 43.83273452616241, 72.70638132301471, 62.73638977611314, 60.51047818373335, 96.86161272879174, 33.09681843496617, 62.33888492520942, 64.37270934223321, 98.51052906032818, 62.37553632218905, 60.83217963053411, 53.237235973656304, 74.37153824485274, 81.83092958285016, 77.19967979821476, 99.63567157465086, 52.32718866570121, 20.60648514775741, 44.13884681395655, 72.85745600315786, 49.32636216649888, 72.95503127292346, 19.788842404824305, 66.32969594763306, 66.62521385594881, 84.89374685527874, 106.85126897158229, 98.35197365318963, 65.87763284993245, 63.930834070462495, 29.4909618760224, 91.5792981107261, 74.94761841251584, 14.318783528821392, 32.4613960160044, 25.87133511945701, 61.16001966034619, 22.748533018735593], [88.40167478567312, 6.112156005158876, 64.80042389571109, 93.3270774438207, 92.2161787402162, 105.15976886135833, 0.0, 21.319157708539375, 80.15199613073976, 43.367526166109364, 101.12610968670144, 24.219027635600927, 23.957924609588126, 77.11195258758549, 34.97634253587624, 86.98304326751486, 33.87406105041524, 69.61173363915634, 61.964478196328244, 12.019302072631813, 79.2311837440513, 86.19807718300845, 62.918621702352695, 62.43091071159466, 53.94480401875446, 65.5557081883583, 30.51023222547369, 97.90411642973278, 63.4989735474591, 96.59986418231233, 16.165987111071217, 104.97526713217779, 94.14071716388476, 63.946404235840824, 33.42037374657051, 90.15241345274418, 69.68777048069919, 49.68174062859624, 96.5193584464855, 87.211849173445, 42.9032914337967, 15.366396238121958, 71.67204977271263, 49.597384792167475, 53.60934252433835, 58.65746396803335, 67.6138329348024, 28.863997104765737, 36.244557466823565, 69.12215512630607, 85.13136391073616, 93.03266225516131, 32.867317349860514, 60.583470771150544, 37.34668754257246, 85.4107475673626, 79.10390425331653, 41.26883803714875, 44.435954014664475, 3.9568228691772664, 71.63850327974706, 42.13250730622909, 64.91377723720976, 75.67039179282925, 17.497958997477074, 30.97826689422468, 97.6072244054335, 97.56288717151371, 93.47732427400322, 44.02170501570815, 83.58055384609726], [90.97077632446974, 17.707077164654603, 70.48372204080793, 78.26547626732464, 99.37101374843303, 97.58799937284508, 21.319157708539375, 0.0, 85.06820252340361, 57.28147666751278, 87.29813966137198, 5.055677293394549, 21.302355529231114, 80.00007976442897, 32.06256044899479, 72.05137099415064, 50.81462271363563, 79.34203692922688, 41.07066199026667, 31.689948477243444, 70.42915219893246, 75.9569752269712, 56.09885175599788, 41.13151203475156, 52.42131854477093, 56.628187892261195, 14.269300979899334, 92.0914947191876, 44.72101417101151, 87.47469106351801, 18.653308908531184, 97.12759392147034, 83.53076633340014, 53.95291702551985, 34.712813930293926, 96.21339617258253, 52.41689519030749, 28.41281880078129, 82.95400399354287, 93.29971381231981, 43.63614706155726, 6.034584843533969, 77.88712436878023, 37.29480488324629, 44.370789985019776, 39.36124268093593, 47.03596114850878, 31.439623918550716, 15.377550402718812, 72.11048439783522, 76.98490610032572, 94.87454004855815, 26.97042118360794, 60.21516872479295, 24.686626390711687, 78.0412021508382, 60.37266174496179, 31.006193383305092, 24.0277299313567, 19.059370190476887, 50.321689166234165, 31.729572526714858, 47.32664617655245, 68.98346222176828, 29.759246130992207, 24.851874096377014, 92.71051920964135, 84.0793226098803, 81.52226944616477, 38.97744887584263, 78.15735803726038], [11.976951223706905, 76.29738384704167, 15.365721466509502, 82.00616955694127, 16.45901687165151, 56.938696000295344, 80.15199613073976, 85.06820252340361, 0.0, 44.63311031974421, 80.60333688276282, 90.06294456059727, 63.771625393122044, 8.800596333862176, 53.70859876201684, 78.34032638908147, 56.74166127479861, 20.562857892001375, 98.45295202592933, 72.36385498691543, 51.42586005532806, 58.725276357809456, 45.14657671727875, 108.24360472276834, 35.94029374738221, 51.19888981457199, 76.07138294864373, 46.30344920984692, 86.20141839104743, 58.51669296175092, 68.19847349088603, 57.89656933345884, 63.3426546247232, 54.69407896697448, 50.365488163681604, 11.708802259743866, 81.67545979730542, 100.67800423192007, 76.9360950226501, 9.132580859392323, 41.680940207018615, 82.3647117953253, 9.325476696362506, 63.2458003461402, 54.436523118386404, 86.86677735404619, 98.77273725092762, 53.95989705513741, 95.4387481193545, 13.999173167014929, 50.32036614175112, 17.206119151012498, 59.49340986323641, 28.540949645745417, 67.60844924030168, 47.44357351641973, 92.96238341324458, 61.426472891233516, 87.33793005765699, 83.48701797583097, 113.57989959331408, 61.32174418629206, 81.41908973323993, 43.36770985577056, 62.69894424267908, 61.30167425309928, 42.721591866702965, 77.12228035739594, 68.56236356387805, 49.93427221106807, 39.68169658882005], [55.68384364474589, 42.08892035781145, 30.89784307494432, 96.24315395902691, 52.418328229522594, 89.36639868398034, 43.367526166109364, 57.28147666751278, 44.63311031974421, 0.0, 99.90866626329445, 62.06155565165706, 39.70641473131212, 45.61605815464866, 37.86962876956961, 90.54880279112581, 12.409852888352605, 28.344546219275326, 87.6749284478835, 32.484125730650284, 70.53013902923003, 79.10891643567605, 54.98230735137358, 93.32334801877651, 39.48590169857053, 60.95219752857854, 55.59462061238238, 79.4949289309669, 81.41551054394074, 85.29751390468462, 38.80813361125601, 89.78146803528696, 86.46808586282148, 62.06530439629808, 31.177298801744197, 51.878104407445555, 82.32821402820719, 82.1125722290411, 95.291135135064, 49.140004770921585, 31.699445709284216, 52.29728096756077, 35.30893154795844, 57.98645973213443, 54.38724211308088, 79.0366758880183, 91.01125871456523, 30.636287002646053, 71.74399503833214, 39.25826941241088, 73.76459508356342, 60.973251845190866, 42.41437793283509, 40.50028823951685, 53.09537781271777, 72.35780272633895, 94.21767887932718, 50.72526513364581, 71.28184887088234, 47.284013732777176, 101.27921136943276, 51.266259008019034, 79.37675057412898, 63.43382049244271, 27.77150642509686, 42.75040356841001, 77.40637977678479, 95.99029673591288, 88.93633255308328, 42.69741470422991, 66.89044094172873], [73.93336716491757, 95.01804451867821, 79.43702890768753, 11.006675245370602, 95.06048800122598, 34.042412094512514, 101.12610968670144, 87.29813966137198, 80.60333688276282, 99.90866626329445, 0.0, 89.55928771628363, 77.7401721295136, 71.98905987414155, 69.11190815179563, 15.948944527841636, 105.49092318358052, 95.2680139987467, 62.14174503607327, 103.37816967690094, 30.44881865051151, 22.17309516121971, 44.93194220149499, 74.02291417403924, 60.461835335246214, 39.220218650179504, 73.22335977492065, 40.28295423544158, 48.04777249476666, 24.512100052639294, 85.44816689616226, 32.617715393266174, 17.693512479252423, 39.01078208838402, 74.21495744403187, 89.3312643398851, 37.839536100648694, 77.07506128970338, 4.72888063363453, 88.10680190121032, 69.12772961197095, 90.22498533479747, 82.90893183956804, 51.540208506227884, 48.81404435135842, 53.59156310444687, 56.8164618452855, 77.8650492186407, 84.08408655966784, 71.03783469172775, 30.28374467896077, 72.56184739849621, 68.99919847781322, 61.212936373618426, 64.09489672674233, 33.20367076155039, 38.334765052872626, 59.91733748115925, 68.0225123337979, 101.57980231640661, 72.13616053180344, 59.052202988071116, 42.75114652553425, 38.56472171502779, 92.16889664847805, 70.59418637192314, 44.415081907705755, 3.9187454654046463, 12.058894647853839, 60.59985777853095, 41.019693518794696], [95.84174954072117, 21.5380820978543, 75.51700494257742, 80.19468982256879, 104.4144528161616, 101.24653143505486, 24.219027635600927, 5.055677293394549, 90.06294456059727, 62.06155565165706, 89.55928771628363, 0.0, 26.31814872836531, 84.91109206974889, 36.887535855328, 74.07067636999216, 55.206317943615616, 84.38212027824709, 40.01833127643265, 35.33355747321774, 74.01215980776986, 79.20506265412327, 60.153551479901715, 38.639517346038105, 57.137609314774224, 60.315871953860864, 17.588404717804877, 96.06615751764357, 45.40398850799696, 90.88554858631635, 23.602614562480316, 100.7380360684741, 86.64785794693393, 57.46235876259062, 39.724430192175376, 101.23436572417609, 53.75048727376484, 25.86206308957611, 85.31840682608376, 98.32340684802787, 48.56753858963867, 9.960709828353318, 82.92490875118438, 40.58167584259256, 48.170253761713575, 39.81623713500161, 46.305859032508685, 36.49100115472757, 12.113706207472719, 77.04421030933278, 80.6447108911657, 99.69004321009926, 31.639356372883707, 64.97720218176028, 28.324171830799074, 81.83240236936473, 60.88452124236209, 34.91944384558988, 23.982302625021784, 21.351327572996084, 47.94449728918105, 35.593350066588016, 48.59155767311345, 72.94771717944322, 34.4087366782571, 29.556685860252177, 96.81914500633704, 86.46035336357204, 84.33118830580375, 43.492324382011944, 82.25676602447547], [69.93504725489744, 17.94521680125725, 49.20868386357362, 70.53994020596679, 78.13211676708615, 81.4951854111586, 23.957924609588126, 21.302355529231114, 63.771625393122044, 39.70641473131212, 77.7401721295136, 26.31814872836531, 0.0, 58.86479843497899, 11.80650230093415, 64.21316931612976, 36.8175582329619, 58.74246236586662, 48.66555989966134, 26.13925797294663, 55.30865957665306, 62.24424179397458, 39.17720356823034, 53.62916703563271, 32.17871164000788, 41.60038445581949, 15.888329707933348, 74.67164078504788, 45.15478355685213, 72.68635394320535, 7.821459524929885, 81.25588933253397, 70.19261669165114, 40.02641912879853, 13.410529522910213, 74.91624564378675, 49.12852949220653, 42.50752207612825, 73.0785947982061, 72.00546545903225, 22.520031061403934, 19.057874837077634, 56.62583513489433, 26.609458345058833, 29.685285237301855, 41.543478814656346, 52.75824525501132, 10.433021712715073, 33.31723850051419, 50.92453456919708, 61.298005899463526, 74.00351592748818, 8.921338757086234, 39.67521471562201, 16.016367875040054, 61.71002994102716, 59.904845480785305, 17.940861947388143, 31.704445494424938, 25.363630525326155, 61.72779580526848, 18.797831660333912, 44.930639154112725, 52.06005111692069, 16.606271617985364, 7.150229705522186, 74.69191734450177, 74.08900816342842, 69.6663641323905, 20.40012670621777, 60.38778567465008], [11.290816346104227, 72.77395693922892, 14.721568981429359, 73.22347119946824, 24.908513231297515, 49.691302740471016, 77.11195258758549, 80.00007976442897, 8.800596333862176, 45.61605815464866, 71.98905987414155, 84.91109206974889, 58.86479843497899, 0.0, 48.10323000495817, 69.53982415645967, 57.07403315318165, 26.04026119448891, 90.76734628401775, 70.40257342772664, 42.64392969277227, 50.02911913610338, 36.73113865522978, 100.88641214961346, 28.994363213388283, 42.63592090376008, 70.06438554240616, 39.03002445284408, 78.11852987714975, 50.33878692090837, 64.02288208279423, 50.54660375633455, 54.8565887652657, 46.213774141647654, 45.62887176931594, 19.664324221632516, 73.24682321311515, 93.86299429459392, 68.25719588345562, 17.494237229448185, 36.371522162454276, 77.79599171271022, 12.819201120534558, 55.67717548573541, 46.61614013361537, 79.04631249141204, 90.8010339387028, 49.61008157295155, 89.45027755570109, 8.028506168160199, 41.713781451489744, 16.085366238253805, 53.69030014027046, 21.184065362177595, 61.03842681660858, 38.90783166797964, 84.41231350319286, 54.59588442867904, 80.42668136870938, 80.21169825397655, 105.89199864718782, 54.410070973215795, 73.17888460953631, 34.57047469040841, 59.93355688365576, 55.625072684875214, 35.75988102436972, 68.46780915375575, 59.935303321251894, 43.28498328398334, 31.21636335985], [58.964028012615735, 29.198999677426816, 39.9209015532729, 62.98631497394404, 68.81792683146142, 70.18550286391603, 34.97634253587624, 32.06256044899479, 53.70859876201684, 37.86962876956961, 69.11190815179563, 36.887535855328, 11.80650230093415, 48.10323000495817, 0.0, 56.79439661941542, 38.794541515183404, 51.48760693275494, 50.678007419677414, 34.5596118244917, 44.57425647430504, 51.989928471069405, 28.007289545774036, 57.934930603125714, 20.50438058433625, 31.25324297911514, 22.501053601274634, 63.054009956329686, 43.54632984423522, 61.86422165265822, 18.99824150557984, 70.01220314467682, 59.97407434984811, 30.343850232960545, 6.696299148235877, 65.15676627303213, 45.035350176232654, 48.38952122358476, 64.39035055235118, 62.30546086105018, 12.06726082879988, 30.64080226261681, 47.35001336405368, 20.69659141398732, 20.29809416272904, 41.3088390474805, 53.445451507562005, 8.931136313915486, 41.775808041633006, 40.32605001198925, 50.262206236069474, 62.81372704143057, 5.912542832637985, 28.184169357103745, 16.00652138778162, 50.4489223444917, 56.70959902435644, 12.87219806711776, 35.80239908135896, 36.814545127815016, 65.02291743534323, 13.453856879669083, 41.71620978495089, 40.69502396579228, 23.079772802633574, 7.593787452770961, 62.966907806208305, 65.32467349626387, 60.110757573418226, 9.13749543879178, 48.74265280995395], [73.86769012897618, 80.91361264979457, 74.17251859091924, 6.345197347268, 93.98912502220487, 42.79349182470728, 86.98304326751486, 72.05137099415064, 78.34032638908147, 90.54880279112581, 15.948944527841636, 74.07067636999216, 64.21316931612976, 69.53982415645967, 56.79439661941542, 0.0, 94.6859259520886, 90.17006657244447, 46.51816963072946, 90.24624920030678, 27.2160619158741, 21.98739167674516, 36.66482877104001, 58.5592968424073, 52.06802366174776, 30.153676396713443, 58.172719265470825, 45.64155641500451, 32.145742924537295, 31.005572567216777, 71.72557558308112, 41.533180393427436, 23.28050436917518, 28.507234074185703, 62.52592212191522, 88.37994628700605, 21.906026365756297, 61.15637011325057, 12.571346776067884, 86.69340394265154, 58.949233207436365, 75.30927116346028, 78.84837089593138, 37.61575492562161, 36.887096350589644, 37.6518648514682, 41.52203144206387, 65.71567599160392, 68.22196866394363, 66.84268242405189, 30.585428785694102, 73.63802535932525, 55.78118865443589, 54.742928573588266, 49.65644019234761, 33.832755678933886, 23.990695951678273, 46.276783246754924, 52.1457857788602, 87.13968494374647, 57.37788851855348, 45.42393589542244, 26.80289921630262, 35.0135322129452, 79.50169753806556, 57.15623301041343, 49.25091294877509, 13.730579522443879, 17.00762812078931, 49.01893113222815, 41.0662386820661], [67.50304945568134, 33.98972692057079, 42.474417220983945, 100.67874371937023, 64.81487377841324, 98.29606707261965, 33.87406105041524, 50.81462271363563, 56.74166127479861, 12.409852888352605, 105.49092318358052, 55.206317943615616, 36.8175582329619, 57.07403315318165, 38.794541515183404, 94.6859259520886, 0.0, 40.70658589800527, 85.43978472374769, 22.110142028795927, 77.32258134843559, 85.73546515706771, 60.920683817187594, 89.56655490979944, 46.21976992222084, 66.28025997369774, 52.13358012911529, 88.85000233574014, 81.30807384670491, 93.10800127156631, 33.54452799631776, 98.58190011236485, 93.41425221790304, 66.69906725467817, 32.44143889075083, 64.27112148034651, 83.75040205016298, 77.62124027041602, 100.78892217267203, 61.51845785117677, 36.39156837273326, 45.24578734429701, 47.42474643717853, 59.485220742153444, 57.820703220453616, 78.13854380548739, 89.55692683278204, 30.166402063293454, 65.97232411641765, 50.20990517407686, 81.32628273545066, 72.7452563745124, 41.97007813400752, 48.96970789318796, 52.08633053738741, 80.2995826419928, 95.25951947459016, 51.32679955882669, 68.19513323207802, 37.82458371666837, 98.06740258295062, 52.01382889080301, 80.18853431648596, 70.89797022212196, 21.45982707265533, 41.669698363189816, 87.12122615423338, 101.59031073457237, 95.14894889761257, 45.69281202296996, 75.57352416936055], [32.528575236357106, 67.0347538748443, 16.005394494819956, 94.75590543688308, 24.16282229982774, 75.63438860958746, 69.61173363915634, 79.34203692922688, 20.562857892001375, 28.344546219275326, 95.2680139987467, 84.38212027824709, 58.74246236586662, 26.04026119448891, 51.48760693275494, 90.17006657244447, 40.70658589800527, 0.0, 101.11814679500199, 59.847856806163946, 64.91425969246228, 73.10431314963904, 53.98438585168293, 109.27521117255674, 40.170013609129924, 60.57418558569774, 73.46398451299387, 64.99275205733956, 91.12988374879221, 75.33782004482012, 60.96377064734605, 76.44214313735046, 78.96069936187217, 63.27869739995941, 46.12430309287806, 24.350317218253892, 88.79580113026935, 99.836879636404, 91.14593390217787, 21.907424225891386, 40.21184180890856, 75.41664753376509, 13.26083359106974, 66.79166761957201, 59.62638347224547, 90.47714746114593, 102.7891134294737, 48.30999451619544, 92.0189569423673, 24.351376621076046, 65.54210678741721, 37.69591145971751, 57.321926131073106, 35.56992186514422, 67.2567673507938, 63.11365406014294, 100.71228099626337, 62.35532396149958, 87.25246417027644, 73.34830090499219, 115.91978114789504, 62.537282492802085, 87.36405847378988, 56.72639494050464, 52.463751785428265, 58.615782386895525, 61.794162437967515, 91.53304410334448, 83.29931101996118, 51.262662677140284, 55.85504574668555], [99.50571387090525, 57.23780402363734, 87.46685514741449, 51.24235070766343, 114.78144489516042, 85.45815880468234, 61.964478196328244, 41.07066199026667, 98.45295202592933, 87.6749284478835, 62.14174503607327, 40.01833127643265, 48.66555989966134, 90.76734628401775, 50.678007419677414, 46.51816963072946, 85.43978472374769, 101.11814679500199, 0.0, 70.70455559217659, 60.69179559207455, 61.56681721897394, 55.273987311835036, 12.262219790116454, 62.76877085335323, 51.09104301052085, 33.545076217010795, 84.462023950344, 15.363125940087764, 73.44543189962626, 52.647810999866095, 84.46641273768608, 66.77427770612792, 47.111638007621465, 57.08202991397009, 110.11401460620228, 25.246957999938946, 17.07866519466512, 59.089516402719326, 107.57775646529578, 60.98212745225024, 46.71623641451194, 94.44789681580578, 35.22037143637319, 44.1604546406406, 12.004361908192807, 6.751949886845901, 57.040441204655, 29.264139983927155, 84.49581613259586, 67.13755062227872, 101.5896412228201, 45.45167945732591, 69.91221479269227, 34.76463861639818, 69.66012334718212, 25.30587462164494, 38.79651974895664, 17.731080868139554, 60.082907104638906, 15.12924854871516, 38.58466979931877, 21.53679222882494, 64.23802641874909, 64.4861814893769, 44.93801594383163, 86.86858396339862, 60.24746372243956, 61.90646198597263, 49.92228197353619, 73.84093164606053], [81.58353848108463, 13.991045066856806, 57.063153818742826, 96.55507213977164, 83.18876348567724, 103.45826349190556, 12.019302072631813, 31.689948477243444, 72.36385498691543, 32.484125730650284, 103.37816967690094, 35.33355747321774, 26.13925797294663, 70.40257342772664, 34.5596118244917, 90.24624920030678, 22.110142028795927, 59.847856806163946, 70.70455559217659, 0.0, 78.86377604213216, 86.48968845235262, 62.061476717488596, 72.52775966458042, 50.64351196473618, 65.78208477400712, 37.610717289068965, 95.3334791567439, 70.11205447081207, 95.97898360036046, 19.201459712012145, 103.43793949680739, 94.46996222466173, 64.86962570651922, 30.815534609435993, 81.64051842130604, 75.00125970816491, 59.948714150056986, 98.67756672866027, 78.73591626071999, 39.27964206803247, 25.688626935688596, 63.465630411160284, 52.70230297324822, 54.686608435156295, 65.81672406194316, 75.85498671313374, 26.439695290863018, 47.0307634900033, 62.60904626187128, 84.20665910063374, 86.4847869539427, 34.4881306321526, 56.23822613656994, 41.79982010202858, 84.026819507019, 85.35296296262234, 43.99583580678089, 52.973596715797925, 15.900313833040807, 81.55610391387924, 44.84132605204687, 70.5890486858868, 74.19559364100265, 11.880033535779855, 33.10107990203955, 94.52901682820449, 99.64794716182256, 94.65688858123843, 43.57002742911992, 81.13729694392676], [46.66582334176433, 73.25288146641378, 49.024081558558855, 30.58037287821911, 66.84443098648737, 27.26288306592302, 79.2311837440513, 70.42915219893246, 51.42586005532806, 70.53013902923003, 30.44881865051151, 74.01215980776986, 55.30865957665306, 42.64392969277227, 44.57425647430504, 27.2160619158741, 77.32258134843559, 64.91425969246228, 60.69179559207455, 78.86377604213216, 0.0, 8.604633988087228, 16.863688570154622, 72.69146976719793, 31.209337470221897, 13.889180587407166, 56.42768684592268, 23.88980359687135, 45.53963594694419, 17.380744336878312, 63.0664067425814, 26.726030347079522, 16.092809168190392, 16.570330364059306, 48.19573129533054, 61.20933035457508, 37.18168742695951, 70.49904986852526, 26.235341552380383, 59.59087854855334, 41.247249795752005, 71.58999527341064, 52.80107535063938, 33.57080412590134, 26.213168288818427, 49.006675642856514, 58.12242141573732, 52.4410682173583, 72.49425694666145, 40.827162114238284, 6.797269642883393, 46.6279455582879, 46.47118600959544, 30.909490548023136, 45.75774554557566, 8.971743595228968, 46.00413252692929, 39.56788796776233, 58.082453042318534, 80.60933426000601, 74.67527188681706, 38.79419606966582, 39.447720237914645, 8.222464535789086, 67.08045241683301, 48.48279709166423, 26.18193680199186, 26.65441197458148, 18.70836290139421, 35.439305337308824, 14.419260987732882], [52.879884007734624, 80.15059525847533, 57.30643859135954, 23.965425175189658, 73.63902094405705, 23.928058405430146, 86.19807718300845, 75.9569752269712, 58.725276357809456, 79.10891643567605, 22.17309516121971, 79.20506265412327, 62.24424179397458, 50.02911913610338, 51.989928471069405, 21.98739167674516, 85.73546515706771, 73.10431314963904, 61.56681721897394, 86.48968845235262, 8.604633988087228, 0.0, 24.942824766603433, 73.79034167729002, 39.728763318026395, 20.74515235166052, 61.74849599705025, 24.15477637516279, 46.203806821175334, 12.135601389279634, 70.05715202599666, 23.00545512100862, 7.984164322329969, 22.354286512388043, 56.04469523579377, 67.93836687532274, 36.78326199105061, 73.07027221148002, 18.23684607713897, 66.52735952892017, 49.51641793648755, 77.62384037644941, 60.74820476423722, 38.67056919491629, 32.62906311936414, 50.445511811340744, 58.12631596673393, 60.16416951675936, 76.54176280905344, 48.864997109678264, 8.816911109149975, 52.16829842561761, 53.33077465308025, 39.48187401658567, 51.340312347999976, 12.04587229549329, 43.71281063758347, 45.63670251756877, 61.397336231070724, 87.34178504411513, 74.70423069268413, 44.81501458562702, 40.03092648091216, 16.462549814969876, 74.7986544544646, 55.24792238533471, 27.495673077582133, 18.504378030305862, 10.218056722268031, 42.92150562413398, 19.6757211664537], [44.442725003315054, 57.03711605853, 38.12408237843894, 41.85121855840698, 61.56349901087042, 42.32004417763608, 62.918621702352695, 56.09885175599788, 45.14657671727875, 54.98230735137358, 44.93194220149499, 60.153551479901715, 39.17720356823034, 36.73113865522978, 28.007289545774036, 36.66482877104001, 60.920683817187594, 53.98438585168293, 55.273987311835036, 62.061476717488596, 16.863688570154622, 24.942824766603433, 0.0, 66.2777450425521, 15.632387653507072, 6.600508231831574, 42.76070179613385, 36.01191146736236, 41.72003367263557, 33.935306670098164, 46.808169547451094, 42.08251848261604, 32.80065109800971, 9.592842477769894, 31.341386328411904, 56.39539099889553, 36.532884245475245, 61.36972176082692, 40.308880261325626, 54.16096706168287, 24.59783287832341, 56.48332286242211, 43.619340082453675, 21.919386832224163, 12.569383466970505, 43.306452008839514, 54.56754255454879, 35.623516882678885, 60.60637908895343, 31.991846747781082, 22.258418593139726, 46.32121602263809, 30.56209533438718, 18.42607144785263, 32.040343900159186, 22.533042608401917, 47.88338644327137, 25.25766362262348, 48.06618200710862, 64.53758623080164, 70.25095610793099, 24.627034969619288, 36.5366698185914, 12.980772584539807, 50.250683837971074, 32.671056472933344, 36.67056963586928, 41.01320434542883, 34.23524322916226, 18.901228781076487, 22.10973034766115], [110.07542911141202, 58.58784409041488, 96.42377279325495, 63.059751371919454, 124.39531937115488, 97.69504685748721, 62.43091071159466, 41.13151203475156, 108.24360472276834, 93.32334801877651, 74.02291417403924, 38.639517346038105, 53.62916703563271, 100.88641214961346, 57.934930603125714, 58.5592968424073, 89.56655490979944, 109.27521117255674, 12.262219790116454, 72.52775966458042, 72.69146976719793, 73.79034167729002, 66.2777450425521, 0.0, 72.31845835325227, 62.53768350564731, 37.756639231147616, 96.52354602978897, 27.601489483133935, 85.69448340635692, 56.05261264068458, 96.71157966956336, 79.036212690407, 58.58159333472126, 63.89815975760023, 119.94936008707418, 37.493949054215314, 12.784087740237618, 71.12042234468463, 117.32085902175, 69.112846473834, 47.146334505400254, 103.60277714385802, 45.26446419113983, 54.59170252644191, 23.696410851019966, 17.28356017998212, 63.06569247052917, 26.60036801726854, 94.24443213573461, 79.20630844212012, 112.43273049308159, 52.27078638235439, 79.79292480171888, 42.02458586094328, 81.6629292389384, 36.366031808093226, 47.24234413741973, 22.22447955567149, 59.892050164851234, 9.329908360758912, 47.20685909282827, 33.7642128133368, 75.88743096571332, 68.15177452291442, 51.321522506845746, 98.83674061329958, 72.26986602818388, 74.13707859791305, 58.73736283003238, 85.58225267875493], [39.25064849066063, 48.612294832210395, 25.112709691524604, 57.4131537636211, 52.09757906795333, 53.13876143723353, 53.94480401875446, 52.42131854477093, 35.94029374738221, 39.48590169857053, 60.461835335246214, 57.137609314774224, 32.17871164000788, 28.994363213388283, 20.50438058433625, 52.06802366174776, 46.21976992222084, 40.170013609129924, 62.76877085335323, 50.64351196473618, 31.209337470221897, 39.728763318026395, 15.632387653507072, 72.31845835325227, 0.0, 21.9434134280228, 41.395437605425265, 44.696957961388605, 51.42690734970921, 46.97163749227489, 38.74130234536961, 53.23897214089636, 47.270734975787484, 23.844535758673842, 20.53002847689094, 47.649095647062936, 48.626107763210356, 64.89474942194921, 55.87362408966393, 45.00318552028874, 11.364457772750647, 51.13777098296819, 31.78006850948877, 27.59082391848399, 19.559621819397098, 51.43510995168424, 63.58298315173978, 25.101476678143946, 60.70708324180818, 21.94743063600637, 35.14319288961407, 42.7231544781751, 25.50151268854054, 7.964186319000172, 32.06159771373611, 34.304540878067286, 60.55015182281111, 25.611421977959708, 51.486108444856285, 56.31486403544717, 77.86534615583419, 25.45030584349299, 47.325347398482364, 24.723804376167237, 38.8313356318282, 27.584067935933884, 43.9423031291387, 56.545830974398775, 49.462545939668004, 14.327662405988901, 30.567285610532874], [49.64891551970329, 59.53815454459606, 44.69194749485048, 35.47945057546894, 67.53880601447275, 40.9608658766996, 65.5557081883583, 56.628187892261195, 51.19888981457199, 60.95219752857854, 39.220218650179504, 60.315871953860864, 41.60038445581949, 42.63592090376008, 31.25324297911514, 30.153676396713443, 66.28025997369774, 60.57418558569774, 51.09104301052085, 65.78208477400712, 13.889180587407166, 20.74515235166052, 6.600508231831574, 62.53768350564731, 21.9434134280228, 0.0, 42.730670605242516, 36.196392247281516, 36.853233414511834, 31.215773516512247, 49.3952791489781, 40.50629126691703, 28.728181777110542, 3.9815809822681043, 35.5392142356835, 62.25941675552879, 30.753511254321385, 58.74603015053573, 34.53112323818735, 60.12467797386252, 29.90753138936002, 57.70349685278611, 50.067322484874914, 20.235222247616594, 12.327245712610843, 39.09230905012348, 49.771893471675675, 39.53721478423916, 59.44301804829412, 38.326253679494016, 20.356732074743395, 51.06896889210658, 32.714559996807026, 25.007268149657115, 32.003076205144694, 21.571888476866587, 41.77723196128213, 25.699729231908492, 45.78668728212126, 66.82744864326301, 65.83780844950479, 24.936787492815743, 31.313733839091835, 13.612323199122171, 54.14231276875349, 34.68845081512516, 37.59048872134222, 35.314350769608, 29.157528482784457, 22.218583210816846, 23.441646161408894], [80.6151867680855, 24.953869296462113, 62.420438410822726, 64.44377473166263, 91.31381879388648, 83.65830237130272, 30.51023222547369, 14.269300979899334, 76.07138294864373, 55.59462061238238, 73.22335977492065, 17.588404717804877, 15.888329707933348, 70.06438554240616, 22.501053601274634, 58.172719265470825, 52.13358012911529, 73.46398451299387, 33.545076217010795, 37.610717289068965, 56.42768684592268, 61.74849599705025, 42.76070179613385, 37.756639231147616, 41.395437605425265, 42.730670605242516, 0.0, 78.5658263577366, 33.00653604786416, 73.34946847497642, 19.109669153411296, 83.15286115504874, 69.28430281443072, 39.88621418054859, 27.340543993685937, 87.58925688622423, 39.44200713634325, 26.732660692601765, 68.82843856595584, 84.7551878118479, 34.55383395489167, 17.17675986253897, 69.85098493160784, 23.07902809073427, 30.623986537995894, 28.336066401712323, 38.32573087642022, 25.706198621368614, 19.392978331571772, 62.476719436248, 63.05631318378553, 84.09891146611231, 16.61897911537865, 49.35709311753128, 10.766981214728704, 64.26020981214413, 48.593793063239666, 17.513793776382226, 16.065329047314407, 29.75969632010531, 45.9878950555931, 18.134414922729498, 34.540507545413, 55.458426360615896, 30.9740573282199, 14.986041378866629, 79.42198383140406, 69.94436396656504, 67.25868185225698, 27.194078845029715, 64.86651521580129], [36.78841420288105, 92.23412117861349, 51.27657208190082, 46.25545101253179, 58.06111316679931, 10.665756875882812, 97.90411642973278, 92.0914947191876, 46.30344920984692, 79.4949289309669, 40.28295423544158, 96.06615751764357, 74.67164078504788, 39.03002445284408, 63.054009956329686, 45.64155641500451, 88.85000233574014, 64.99275205733956, 84.462023950344, 95.3334791567439, 23.88980359687135, 24.15477637516279, 36.01191146736236, 96.52354602978897, 44.696957961388605, 36.196392247281516, 78.5658263577366, 0.0, 69.21264293651606, 15.79025796526095, 82.05143437430722, 11.5941926831