instance_id,num_cities,city_coordinates,distance_matrix,best_route,total_distance
1071,94,"[[27.698079981561563, 71.49427857795328], [17.638937409042054, 27.75693185594943], [0.966072573962462, 13.439707618732832], [35.401001788108886, 25.70717176741737], [54.405412882224404, 3.585338453166731], [84.4013178076628, 47.274160339442574], [22.9963772331781, 87.44732111567724], [78.65188614988539, 46.60548894683076], [40.6525562058723, 33.8274783963205], [25.35438437132135, 88.05283286036644], [47.28496517372378, 53.46188180696948], [70.40103868532039, 35.04628683377698], [54.96448829386203, 85.72247500569797], [78.84773247397023, 15.61249373204423], [82.75147148914304, 69.53467451415568], [58.248391807812304, 77.43763329131647], [40.811165646977976, 77.61944941101788], [81.23353408288607, 49.763954393506246], [87.37653199873503, 67.52259977162474], [10.288987685972584, 92.6553726184482], [54.606575592292884, 80.89473134235526], [45.55918276391883, 60.086916437205836], [19.44178493511266, 71.31959095936016], [12.527715205735623, 73.29117875271481], [70.24596286470484, 39.221169154810006], [79.23692786705018, 60.88636878078496], [15.096964554348514, 0.8874520804430963], [12.155084546394168, 92.9904136965268], [31.90457100191687, 71.2996204726894], [41.12735922732519, 77.92937596166894], [73.75031861222891, 70.29688489119299], [26.104505127056164, 48.06628582211386], [64.16326243382947, 73.34901678401287], [20.796221113241486, 87.6143278659728], [97.21017125186063, 21.874228026623555], [45.81432887757397, 54.08250884143677], [82.97930073535274, 72.98602317707861], [65.57558651160662, 16.054487437369247], [15.739999318185083, 52.95992390391737], [96.59237400529277, 22.18578240823802], [30.356038929594288, 97.29276111850518], [6.819107691724269, 93.28834237971537], [76.22684441338183, 6.177219907675502], [62.62258931087653, 63.48810491015057], [76.49427535688972, 80.33299195861548], [90.46825959710029, 94.79652872113493], [14.196276468806634, 50.00863850076654], [1.0620069827567802, 97.21488510265836], [86.83843983299532, 18.709485281682504], [73.22514483996899, 54.81337965373956], [60.61296191580882, 31.852412213457725], [74.32976978324555, 65.52533118703529], [79.99115101416528, 47.42317844028151], [20.064639557820406, 21.17467530014665], [45.322861213179145, 91.90624117626021], [11.877056527598384, 67.06405791309955], [42.85615249140115, 36.056282958311805], [27.940886119125697, 99.08930706564682], [48.18590674340283, 25.102203341225426], [27.717948061033127, 61.431257647288184], [10.763452355182611, 0.9592077405908506], [66.29705768856239, 39.500048916639564], [58.83954110446923, 51.07662204747388], [27.320587175167955, 71.29805102928152], [26.920393588035708, 26.698270139905055], [66.72018080819826, 51.56383346962643], [31.942407071707947, 91.82478896310421], [47.907636770091564, 57.7887366134167], [95.7750876833969, 97.52856982427406], [67.83993974768659, 81.3413703026404], [40.2785009442924, 24.595769075831164], [67.49122653696892, 90.08504976078011], [57.88320320438526, 25.932276558208777], [90.81434515015269, 43.847376796627394], [79.2119493487581, 46.64271640432586], [39.61703851644114, 50.14420021316369], [22.96447904597938, 44.89593678624371], [6.722834925993526, 29.47430027659699], [23.321006844120152, 48.12095078144021], [39.698990073811544, 47.233245032482316], [58.880182215635266, 29.407222592032266], [7.522434913684062, 34.331734108527044], [25.105783536264394, 27.633829170154932], [10.77170822146959, 55.80963282231877], [36.170450956567336, 28.444217578251706], [75.12381725933736, 82.42514234918889], [20.118036701190857, 47.66179938927261], [51.676997759607545, 85.24948613358507], [20.229549288094372, 48.13333423427909], [55.57425216153141, 32.8172556671424], [75.28493509215221, 64.06071889378629], [24.201102946585173, 78.11275160037327], [95.37257887263654, 52.19459911670232], [16.243648644599283, 2.311404281628071]]","[[0.0, 44.879191699216854, 63.913483939612426, 46.430530413050484, 72.97195200581298, 61.65931646921524, 16.631463403578973, 56.70751460204711, 39.83222677894475, 16.72359497946187, 26.623549816602797, 56.14266456304399, 30.755464487462632, 75.7565893349129, 55.088256140250955, 31.12306247672315, 14.47310379299391, 57.77760669148719, 59.81046620539515, 27.401977949538693, 28.503256800030755, 21.193086221975516, 8.258142869804713, 15.276413769915976, 53.40295806110234, 52.619203639245576, 71.72246550460638, 26.52675125479191, 4.21099257684869, 14.891474722088532, 46.06780257986073, 23.482127786565176, 36.512321003877645, 17.53543968329243, 85.40538770760838, 25.12704119906964, 55.30134419684943, 67.14369622418165, 22.057152951701976, 84.72161202165094, 25.935042841001604, 30.181330336402837, 81.37173422396509, 35.830436345269725, 49.59023631051473, 66.95588331657198, 25.375803979843763, 37.027422065225636, 79.2705277305955, 48.48676132246277, 51.52540171222307, 47.01215615897686, 57.5672054199156, 50.89530318937745, 26.968150299511837, 16.429596412272275, 38.54372446652351, 27.596096681542786, 50.71464966056097, 10.063040544069457, 72.53949152617388, 50.134936039117804, 37.23803564993994, 0.42544808112935345, 44.80275848771326, 43.817199763794015, 20.76882194465734, 24.418600822538792, 72.88527490744617, 41.33199875299582, 48.55653596705758, 43.921649399269526, 54.65379851414038, 68.9058350717716, 57.19509489152246, 24.451736517859732, 27.016268504105973, 46.96423619721271, 23.77963880158321, 27.06694647973308, 52.379803181171596, 42.28606585326959, 43.93698923588573, 23.076181951106705, 43.875834146100814, 48.66913127564457, 25.00888083084068, 27.644063245203288, 24.52575526558774, 47.67591715584206, 48.16395528706524, 7.485521593827211, 70.37268950001229, 70.12470387213281], [44.879191699216854, 0.0, 21.97651773297071, 17.8799453977537, 44.00045052439313, 69.55672249442908, 59.93033231550671, 63.85803017993108, 23.800802201283673, 60.78752996924781, 39.2381372418305, 53.26325212640541, 68.94346191989959, 62.4019548623738, 77.36292313471368, 64.16618955241056, 54.98384143037392, 67.29473803409465, 80.27851794805473, 65.31331697544697, 64.73200141433306, 42.71730332898831, 43.599948708252306, 45.82021642099872, 53.841692619542876, 69.94191890005247, 26.989452928882102, 65.46357609590319, 45.82001782824331, 55.398376393673736, 70.41402349511124, 22.003083768218527, 65.13947364770313, 59.9406064157643, 79.7883917597797, 38.56019564296636, 79.4671868216645, 49.34439717488057, 25.274429252563607, 79.14974956705116, 70.68915208372029, 66.41863052145906, 62.4357815272592, 57.44776467587477, 78.91890078349108, 98.98695731367128, 22.51644649931291, 71.40869619016934, 69.78844764885466, 61.82133793431342, 43.16873569687821, 68.11976558468479, 65.38011774365864, 7.0149933913722675, 69.8679720864015, 39.72718754410681, 26.547827881584634, 72.07244896825864, 30.66210884791303, 35.15034385641444, 27.665688361013455, 50.05510430952411, 47.34234569068509, 44.604522204146896, 9.3416376204388, 54.550316388179745, 65.64510308235951, 42.63922440664503, 104.75370849988806, 73.42637591119288, 22.859194806227144, 79.8125617484672, 40.28560904791939, 74.92357917549576, 64.40425962105385, 31.372387744400076, 17.94733639645184, 11.050368668630732, 21.141882126783212, 29.42741406448742, 41.274250238023136, 12.065307596538274, 7.467860828836131, 28.88101224374219, 18.544253989475923, 79.32921687459182, 20.058656107014645, 66.8130477511363, 20.54042462539384, 38.2713336904342, 68.1250761626712, 50.78159704730666, 81.48446843624819, 25.483753731970666], [63.913483939612426, 21.97651773297071, 0.0, 36.55482220750821, 54.34033202174504, 90.03449526774534, 77.21697468103089, 84.46925287970919, 44.61701671274431, 78.49782296757597, 61.214493695707226, 72.7190400394656, 90.22542524907935, 77.91196280594319, 99.17407315782592, 85.88945562292396, 75.54250921515415, 88.10400831313618, 101.93981911707321, 79.7623866714937, 86.1828509021022, 64.53299595530812, 60.757162892753534, 60.957937770619445, 73.92149185205562, 91.52875200579359, 18.900826099931827, 80.33373404986715, 65.61219551610802, 75.97266790521093, 92.35954243472011, 42.789492977848, 87.08048076833973, 76.77961369994077, 96.61297875975113, 60.524403216410605, 101.35054656994382, 64.66240302338433, 42.19142574826574, 96.02543074446093, 88.8544017121316, 80.06286588227118, 75.610366389923, 79.41264463275955, 100.89212509108613, 120.9527751720191, 38.88862302723135, 83.77523241313038, 86.03391200734244, 83.26556468555444, 62.424186808087995, 89.97301957094847, 86.02231868276546, 20.6054600984648, 90.13612808923354, 54.72312596452662, 47.60554878982335, 89.7969623718594, 48.63873503152201, 54.94407808143716, 15.866679797164982, 70.33689646698566, 69.03532202769777, 63.57789192854806, 29.14474668665687, 76.00691890594152, 84.2837723187562, 64.57822250535098, 126.72681678730619, 95.30346219318615, 40.8647125477089, 101.48943088752247, 58.27198330165339, 94.85430106093058, 84.99915896450194, 53.302128896520415, 38.38520861929811, 17.03668026586733, 41.26174637038413, 51.40274378848469, 60.07500004169987, 21.8966357685372, 28.003548560138327, 43.489781008981055, 38.2685716539162, 101.2835687649841, 39.21669663653339, 87.9104215866141, 39.68285855195971, 57.944306417771564, 89.92096590065455, 68.72022449226937, 102.05160482099718, 18.900885316744073], [46.430530413050484, 17.8799453977537, 36.55482220750821, 0.0, 29.164072936022336, 53.53658530464955, 62.97396884343741, 48.03518147157485, 9.67048104026571, 63.14994836606093, 30.191927979681093, 36.224600108612265, 63.123423758883355, 44.60404613852437, 64.52067093516548, 56.55125003205543, 52.19343295019095, 51.76243625323952, 66.70821358611516, 71.50297091349323, 58.43390109333175, 35.84906531971448, 48.32379731666862, 52.79606954931601, 37.373780084652154, 56.20644373827379, 32.0666869715271, 71.18572408074333, 45.726320726530055, 52.53522418747039, 58.812520923161784, 24.214764741369894, 55.65081341757435, 63.606568802065475, 61.92790071945658, 30.22576938865919, 67.07446847594196, 31.680907152591118, 33.604575836273476, 61.29261143760221, 71.76313993260305, 73.3766944708296, 45.25669503739074, 46.566229570316025, 68.35669216806625, 88.35011107452058, 32.252157466735994, 79.32540343847614, 51.911247805982924, 47.726692061459495, 25.950085040715788, 55.6860377220833, 49.59703976869847, 15.992108387715504, 66.93847985312817, 47.579071368474736, 12.754739293701597, 73.7603627073665, 12.799210190968381, 36.54093083824655, 34.92091873838638, 33.83503702166563, 34.53945762163657, 46.30141868438703, 8.538324860714551, 40.61351904076882, 66.20801447746112, 34.43316310681627, 93.82613424058924, 64.40068899167107, 5.002520760720132, 71.9325635533772, 22.483328327648838, 58.30699495825128, 48.556113470972356, 24.79805082970961, 22.866477666296525, 28.92453131471633, 25.46180998154381, 21.9509574624202, 23.768935391663447, 29.182144652980256, 10.473945178424193, 38.894218891161124, 2.8431447014612505, 69.24471283698105, 26.750227959071385, 61.726778993754245, 27.075925357229693, 21.389561091568034, 55.332835757585904, 53.58901502816298, 65.56045962002624, 30.238487325166467], [72.97195200581298, 44.00045052439313, 54.34033202174504, 29.164072936022336, 0.0, 52.99497589495324, 89.55087747470861, 49.38243426985855, 33.22240351181081, 89.32368033714025, 50.3822424321631, 35.29378582470422, 82.13903923448984, 27.241135276035624, 71.78310362078338, 73.95221389440287, 75.27186156335195, 53.40611067399282, 71.93794604170958, 99.39683072563678, 77.30965460620578, 57.18989510387713, 76.22587645804293, 81.31817591750011, 38.997890372988664, 62.450077766550876, 39.40092258850568, 98.88557894736894, 71.35483077369081, 75.52047816273388, 69.45974233939897, 52.72092619260009, 70.44278843232664, 90.5010985187569, 46.54815593461292, 51.22275804363659, 75.05279546553193, 16.74074237603531, 62.7125497369679, 46.10548995645778, 96.74426830615771, 101.54351458921353, 21.974820216402634, 60.46373638520485, 79.8631339481309, 98.081650390275, 61.41577515933768, 107.75904119258247, 35.78604552727133, 54.57558534921032, 28.940648299132597, 65.06567987649834, 50.758114725550364, 38.58333167618658, 88.78668032223649, 76.40817311321422, 34.46371501494361, 99.10287179253864, 22.39771709844136, 63.70534629052063, 43.72090210829836, 37.832230226028045, 47.69783549099702, 72.92872704220993, 35.911473051905816, 49.53372076792782, 91.05376025370398, 54.59147796608912, 102.64882227088712, 78.90809211402332, 25.318132550642066, 87.48393324095092, 22.615938366459524, 54.28298149936945, 49.6920722801377, 48.8510350429657, 51.914331885635974, 54.257410414127435, 54.31078220939187, 46.05886039163873, 26.206740756305997, 56.065626447892285, 37.90512083578825, 68.05348708756827, 30.829818484476167, 81.5166667516331, 55.842265122680814, 81.70971340942582, 56.147249091283065, 29.255275921884206, 63.97832513556868, 80.41539435395794, 63.570188858784505, 38.18302185528926], [61.65931646921524, 69.55672249442908, 90.03449526774534, 53.53658530464955, 52.99497589495324, 0.0, 73.37880875095478, 5.7881850193951685, 45.768628961001056, 71.75960201119074, 37.62859989165961, 18.58840245890043, 48.4231332371209, 32.1450376017302, 22.321569931287012, 39.92255802014802, 53.112502616889785, 4.029134914421608, 20.465854463508414, 86.90277270593018, 44.92292797939867, 40.90083340932326, 69.26704587837706, 76.43755620175399, 16.285721985251207, 14.558954018378307, 83.395563928579, 85.49557907547474, 57.733276018262025, 53.031855860963105, 25.367097383163586, 58.302194053895064, 33.007226843818515, 75.31890494142364, 28.446850230750087, 39.183023415956626, 25.75115576309829, 36.456496471051096, 68.89633200704232, 27.893521800459755, 73.63934133941885, 90.20146492884138, 41.9020348924252, 27.151519542720294, 33.99128812421139, 47.908071128795164, 70.25827495893463, 97.15717533278524, 28.668453479770776, 13.481345261986235, 28.349888735210612, 20.845654629110626, 4.412683711852219, 69.42903778348204, 59.32241068627579, 75.17585064497032, 43.03302840950885, 76.63282440778259, 42.46353348090705, 58.42454800866621, 86.99201148744325, 19.702818145488884, 25.843048257993374, 61.9302602401828, 61.05263226631541, 18.194062250021442, 68.82365746141583, 37.978218361229196, 51.52541425214626, 37.879467233873115, 49.60980143342614, 46.02959308780806, 34.03948303726501, 7.271159821158644, 5.227644445203855, 44.87614957314069, 61.48285211583858, 79.69179205573604, 61.086180445790916, 44.70234645840184, 31.153744981566668, 77.96068901548259, 62.46361335185369, 74.12269354469771, 51.77628087838894, 36.354690930795826, 64.28444986034062, 50.12989618759265, 64.1775198547797, 32.249059001315736, 19.102276877746025, 67.6393715248646, 12.02411273718647, 81.6524175885574], [16.631463403578973, 59.93033231550671, 77.21697468103089, 62.97396884343741, 89.55087747470861, 73.37880875095478, 0.0, 69.03325957598922, 56.45199898289132, 2.4345106564751484, 41.77254587826172, 70.66166090041409, 32.014609460234446, 90.9923969761733, 62.382162497065266, 36.64557793119626, 20.345853348328802, 69.36571606676537, 67.39286941713645, 13.733227936648502, 32.28220985372635, 35.46367067278491, 16.514805672500227, 17.60651161489054, 67.51507294896182, 62.19713598339999, 86.91956999472178, 12.176185875732362, 18.441912923472614, 20.47739700320321, 53.57331451570107, 39.50349857667783, 43.514073839986935, 2.206485487543216, 99.03291250848447, 40.421153067933325, 61.70154171442275, 83.12596323288388, 35.242525262626984, 98.3638102929309, 12.292164542300117, 17.199464503983705, 97.15097522197907, 46.30637887818377, 53.96886864674899, 67.8709493241333, 38.45902663098883, 24.010870549031292, 93.8120409763064, 59.8991087633045, 67.12526602577911, 55.8183736159591, 69.64435537246602, 66.33746052712507, 22.76738577474174, 23.218886961676088, 55.0949133423306, 12.64847836628991, 67.24155045250481, 26.44104365326186, 87.34894507807451, 64.60564866347146, 51.06427466452489, 16.718185186968093, 60.87565275880134, 56.563200799735746, 9.95960213196909, 38.73244746195612, 73.4736161511149, 45.257350058569, 65.18427259534111, 44.57296520282503, 70.7191016151409, 80.62401575840813, 69.46370501154983, 40.83833016371387, 42.55139628549818, 60.21378018719767, 39.327710180607504, 43.544795222036385, 68.23709032962523, 55.32367010621377, 59.8506759666803, 33.91733853051472, 60.45595459106946, 52.36881021412838, 39.889504675544615, 28.764708800708448, 39.41122811317153, 63.60630460700127, 57.280244818403474, 9.411989804530513, 80.5050866224772, 85.40330016202621], [56.70751460204711, 63.85803017993108, 84.46925287970919, 48.03518147157485, 49.38243426985855, 5.7881850193951685, 69.03325957598922, 0.0, 40.0902311021391, 67.51670914168537, 32.107535791108724, 14.201818101001914, 45.729983769067225, 30.993613990085738, 23.29279181924481, 36.97193132967509, 48.92633106879484, 4.079314896868059, 22.663736903797727, 82.426195305599, 41.87993677013021, 35.733400405919994, 64.16091430262928, 71.30590454841033, 11.188732058064934, 14.292858448982939, 78.2902736866542, 81.07641992299017, 52.868815055379216, 48.880221137800646, 24.19313138307546, 52.567681895526164, 30.416056587986425, 70.91546267443002, 30.919980799307822, 33.67804914356926, 26.733108746791757, 33.23181164879774, 63.23198833144906, 30.301537451439803, 70.01205909649494, 85.66934612599447, 40.50093535865689, 23.280057536827528, 33.79644572649614, 49.618575110261, 64.54538749009124, 92.63638771253504, 29.072438523323182, 9.839664176246714, 23.30356326023013, 19.40724401559901, 1.5691547037798397, 63.86855052349164, 56.24039523139701, 69.83860619480485, 37.317828113883394, 72.98052266494585, 37.29030963980391, 53.04780360013502, 81.8072272544234, 14.252335399202483, 20.31058953852135, 56.961608795990934, 55.42963722868412, 12.920943184132604, 65.01200296650184, 32.7150408573664, 53.72489364166189, 36.3796596818731, 44.237364986363026, 44.8891137311632, 29.303922975529765, 12.471270647623784, 0.5612990916820407, 39.19492068103569, 55.713641763449, 73.9409631748492, 55.351628967188645, 38.95795413540708, 26.204973613309278, 72.18063376691788, 56.807648954963526, 68.50134903835158, 46.20069386716233, 35.99298320452917, 58.54337983951087, 47.127519797224856, 58.44231134730181, 26.882941942345823, 17.776991081908758, 62.90942211920338, 17.630079909621088, 76.52943253967288], [39.83222677894475, 23.800802201283673, 44.61701671274431, 9.67048104026571, 33.22240351181081, 45.768628961001056, 56.45199898289132, 40.0902311021391, 0.0, 56.3420192061917, 20.72434910941574, 29.773439570147836, 53.83235154791707, 42.3161571562316, 55.20255902243618, 47.026152729051105, 43.79225824625745, 43.5980163845049, 57.606346164190164, 66.20171774110163, 49.09216797945084, 26.713911551909117, 43.07615723738735, 48.46019322188311, 30.0809178329593, 47.12682129452792, 41.69092944934339, 65.66855262847778, 38.479717734414315, 44.10445336668018, 49.24915721508217, 20.356557348939717, 45.9859250626444, 57.33497378722587, 57.80695472078481, 20.90239592599167, 57.66233546961604, 30.61105433087064, 31.4115577739057, 57.13836102752069, 64.29510384957415, 68.41269314981899, 45.05626233898942, 36.91117879217488, 58.71449244771865, 78.73264508367897, 31.01233109347937, 74.73536590358422, 48.59721763879484, 38.74766550274, 20.057883301384383, 46.2483360336114, 41.62172631182442, 24.16517614456139, 58.26623752148224, 43.962479453614975, 3.1342313834734306, 66.4882909816367, 11.527436623481211, 30.483974753904615, 44.42613808216524, 26.26439629238957, 25.06590067003214, 39.77166342608349, 15.472488504634635, 31.52934099682667, 58.647717184212254, 25.03553652989431, 84.23967310954613, 54.74233962788917, 9.239284296779989, 62.33160162364314, 18.953348201620905, 51.15274610461302, 40.63320224581682, 16.34954763084812, 20.865733745636337, 34.20783749190086, 22.465216582597883, 13.439637921887723, 18.755932696806394, 33.133958572111446, 16.735095792293773, 37.095554847925094, 7.004910028059021, 59.58188298713008, 24.75994605454903, 52.590504763721576, 24.935050086576105, 14.955853708688164, 45.972279672651126, 47.242308761322235, 57.72029109601121, 39.86298654061882], [16.72359497946187, 60.78752996924781, 78.49782296757597, 63.14994836606093, 89.32368033714025, 71.75960201119074, 2.4345106564751484, 67.51670914168537, 56.3420192061917, 0.0, 40.95710279193593, 69.56216634460053, 29.701663624020696, 90.05076914861692, 60.31042860191054, 34.5644063614968, 18.648527491591118, 67.73859746656593, 65.33174777238675, 15.752763234164375, 30.115263714110792, 34.50110664127621, 17.747118543883328, 19.55581432406576, 66.33087667052327, 60.34356025423343, 87.76684036588452, 14.092594522725076, 17.98819252182519, 18.742228132959944, 51.55036507469413, 39.993582300046214, 41.50097858699067, 4.579207236784265, 97.68757262805836, 39.6559231786376, 59.562066283785256, 82.47124859767135, 36.38610530100183, 97.02226292121334, 10.506798871961117, 19.260504705651112, 96.39306607380995, 44.63569153362364, 51.719284542268795, 65.46215838773462, 39.64674130915647, 25.96271943535441, 92.67571920105273, 58.27924980061236, 66.34496643566955, 53.90803936231085, 68.08777487537766, 67.08702824571635, 20.336883316595255, 24.943276440640442, 54.86303937120053, 11.33550855388563, 66.96312545485765, 26.726292300671005, 88.3073883296499, 63.51122205601577, 49.88482622524559, 16.869756005144453, 61.37454481693419, 55.1595521319251, 7.591422524256563, 37.74340625072506, 71.0553660603936, 43.01239525185683, 65.1884054080034, 42.18581957510157, 70.121947847759, 78.98815614362258, 67.93699323786463, 40.502934862104354, 43.223018476463764, 61.47014815665759, 39.983619527669035, 43.266689995864716, 67.55210377807005, 56.60331149822076, 60.419515136195706, 35.38754572423768, 60.58196358841166, 50.08659851182078, 40.729042731023064, 26.47147008497525, 40.247115489044226, 62.96196786256277, 55.39568058856967, 10.00676138917626, 78.66613304617977, 86.22411542141248], [26.623549816602797, 39.2381372418305, 61.214493695707226, 30.191927979681093, 50.3822424321631, 37.62859989165961, 41.77254587826172, 32.107535791108724, 20.72434910941574, 40.95710279193593, 0.0, 29.55481336111279, 33.16204078289792, 49.282699371034866, 38.93851224212158, 26.36348578621971, 25.00996107267389, 34.14937771227146, 42.485733136735696, 53.896494062820636, 28.393083889433626, 6.846123631502953, 33.07779409167368, 40.01583989746758, 27.018610471425287, 32.80321518967428, 61.64525971185752, 52.88301566887216, 23.552949827710997, 25.230425703926908, 31.36610051426237, 21.856906089844312, 26.08399999991631, 43.220864564639, 59.0788123889727, 1.596229629929511, 40.68510399920561, 41.63964436025618, 31.54895929446071, 58.39019574622796, 46.98653557139093, 56.777042750622186, 55.43889992463318, 18.323969654180633, 39.68929782899029, 59.77750373488967, 33.26839655803608, 63.64658012270923, 52.65174661749042, 25.97536270289417, 25.389066018070423, 29.613312332675996, 33.258991725251455, 42.230437253834204, 38.494397245146686, 37.93071564727638, 17.960213057074107, 49.55860500666587, 28.373985592305548, 21.12768586411168, 63.95585729763345, 23.587972347157784, 11.79820702732542, 26.77135262544968, 33.63044283583017, 19.527677646085106, 41.317148190357294, 4.37142910648207, 65.52224793013106, 34.63773749130426, 29.704259041509303, 41.82761562954307, 29.49918328542592, 44.578533261270756, 32.64710301545151, 8.354885419881201, 25.78490759316202, 47.124202676651215, 24.551921371706133, 9.815443662157222, 26.70347708063125, 44.125065027088596, 34.044153699533766, 36.58865764265496, 27.375462548498387, 40.17302760162787, 27.779182109698564, 32.08958926288921, 27.575150914886994, 22.246637211485886, 29.938832025077065, 33.77173488130072, 48.104309543666794, 59.83255537691629], [56.14266456304399, 53.26325212640541, 72.7190400394656, 36.224600108612265, 35.29378582470422, 18.58840245890043, 70.66166090041409, 14.201818101001914, 29.773439570147836, 69.56216634460053, 29.55481336111279, 0.0, 52.97511808032124, 21.19006725520642, 36.63307351607064, 44.09890112704117, 51.84626079336299, 18.274372627726205, 36.645303590921486, 83.26022724142541, 48.492730674330865, 35.27252381891309, 62.550764463474856, 69.36853269648921, 4.177761470526253, 27.309023648968072, 65.00281999413258, 82.1590713886199, 52.879884871599614, 51.922130562604764, 35.40935384095978, 46.17037209006141, 38.80733144915226, 72.27749901817197, 29.870264849670093, 31.094759164451567, 39.97044245437529, 19.595240059621425, 57.52154046769109, 29.17839303187446, 74.01503608264629, 86.22528041758166, 29.451027784524598, 29.486289867670997, 45.6947830085649, 63.030030626043335, 58.16224946837526, 93.12806198008568, 23.174970149756433, 19.96781245218765, 10.295983776996325, 30.731206821856045, 15.657512584028957, 52.212782761148894, 62.144745499144896, 66.70977553916119, 27.563396880782637, 76.83991798775047, 24.339204664566218, 50.1798057994544, 68.69185296954628, 6.056290672721646, 19.764611642415797, 56.303780597798756, 44.2747770270748, 16.922708458725907, 68.57743542625057, 31.987062254909475, 67.43795704394779, 46.36587086594384, 31.883861142728566, 55.115627831619115, 15.484230314449638, 22.229760803061975, 14.563973547894845, 34.287047916217894, 48.44835182545309, 63.92151960183475, 48.86180753423631, 33.03237410602579, 12.826892816173737, 62.88266373069448, 45.897763209475386, 63.14090265594101, 34.86144653783906, 47.61365967250859, 51.841406670477625, 53.58125538398686, 51.850257067819356, 14.993404502108207, 29.42260545698767, 63.159753401638156, 30.292613513519655, 63.28187285254586], [30.755464487462632, 68.94346191989959, 90.22542524907935, 63.123423758883355, 82.13903923448984, 48.4231332371209, 32.014609460234446, 45.729983769067225, 53.83235154791707, 29.701663624020696, 33.16204078289792, 52.97511808032124, 0.0, 74.06631371115179, 32.15837868812429, 8.911937192400467, 16.308757332637022, 44.531763621972786, 37.172248192198836, 45.210235830776284, 4.840992706138925, 27.30643944622167, 38.33152126861072, 44.22009539409162, 48.94787953422643, 34.72727307533998, 93.73580193207499, 43.42197579598794, 27.198869799895686, 15.880759853169655, 24.30753486331319, 47.44351601871635, 15.418168310208586, 34.220601826548894, 76.55910377537487, 32.93649763133717, 30.774127466341657, 70.47144029468554, 51.10719411296014, 75.9591480667606, 27.19278030738948, 48.73622905443059, 82.33793412736775, 23.5162438482971, 22.194104138128754, 36.645002764132514, 54.19894107188406, 55.11399986691919, 74.2070722941555, 35.90019154505079, 54.16538488276194, 27.98104261093221, 45.75117445838453, 73.37859284986703, 11.454254092482302, 46.95384227743023, 51.1208609903335, 30.148752442137482, 60.99808607252099, 36.502564230649234, 95.5957271822774, 47.59138370171818, 34.86188694674859, 31.18091204746188, 65.34774676994188, 36.124909661914074, 23.817104346125177, 28.811332735521802, 42.48398401042813, 13.60041648476053, 62.86614671083423, 13.264660926876218, 59.86139596700907, 55.124732077678495, 45.990943673186564, 38.747359289163654, 51.87298733299572, 74.1020531430881, 49.14452708336506, 41.40599304252281, 56.451220653798906, 69.94109435008728, 65.31334492129871, 53.364594423780616, 60.28278869926664, 20.427210944863074, 51.60319967772475, 3.321341970643116, 51.18065544390717, 52.90873316603782, 29.701047724517814, 31.690594319617848, 52.50649717749548, 91.96037267475437], [75.7565893349129, 62.4019548623738, 77.91196280594319, 44.60404613852437, 27.241135276035624, 32.1450376017302, 90.9923969761733, 30.993613990085738, 42.3161571562316, 90.05076914861692, 49.282699371034866, 21.19006725520642, 74.06631371115179, 0.0, 54.06330325273598, 65.16656134401997, 72.743679921753, 34.234694603990455, 52.606078834808834, 103.13053221045116, 69.63766390661881, 55.552694054887716, 81.43922448355661, 87.8929769445356, 25.126877952272274, 45.27554787059991, 65.42925386998431, 102.15308015728888, 72.83348470051364, 72.84380803257838, 54.92145541156625, 61.92815718228445, 59.574656981725866, 92.48914579513955, 19.40073385848288, 50.706486919124025, 57.52209781708844, 13.279503638383162, 73.3308702014692, 18.923013161114547, 94.99005433794333, 105.932338080293, 9.792519919150154, 50.550266234116975, 64.76327393745278, 80.03216883087039, 73.23186149852063, 112.73672590419366, 8.56987518906248, 39.602057380239664, 24.4180631826471, 50.11689664856693, 31.831227867692178, 59.04565925269394, 83.33458401008808, 84.45315206308881, 41.392539757421524, 97.77466630026859, 32.096762229207336, 68.6557643671257, 69.64329105980606, 26.983971728901576, 40.71894054431959, 75.86783240707341, 53.097485461552424, 37.941749278769755, 89.48979548238088, 52.30798204627754, 83.64675054497988, 66.64425493572188, 39.60157644200777, 75.33347083833553, 23.366844140244645, 30.666079642048413, 31.032360094315436, 52.26362119952555, 63.090871374594236, 73.44488087664614, 64.34296417561964, 50.323910264586345, 24.269272911229113, 73.74081659661702, 55.070042503511445, 79.0579222410375, 44.56459911836959, 66.91634747775626, 66.90541950151474, 74.74998017157282, 67.03503909885261, 28.94233437538997, 48.57904946071656, 83.02130059394938, 40.141262846025974, 64.00148664431848], [55.088256140250955, 77.36292313471368, 99.17407315782592, 64.52067093516548, 71.78310362078338, 22.321569931287012, 62.382162497065266, 23.29279181924481, 55.20255902243618, 60.31042860191054, 38.93851224212158, 36.63307351607064, 32.15837868812429, 54.06330325273598, 0.0, 25.746022436546312, 42.71244361152003, 19.828905871438458, 5.043771355535287, 76.06167392159192, 30.351047036048964, 38.37351265262292, 63.33484300356271, 70.32415851359842, 32.79171165290061, 9.335159823454896, 96.38243333955505, 74.39100449625441, 50.877522771794084, 42.4621918178666, 9.03336691231143, 60.578630812028024, 18.975529579847322, 64.53934392649589, 49.80534266742196, 40.03900508609753, 3.458860181980234, 56.17064566594937, 69.03086092691203, 49.33039799271228, 59.294120492986394, 79.56104957157665, 63.6925255637579, 21.017442796939257, 12.480230890044092, 26.41420255615879, 71.28170064380149, 86.25174009586124, 50.989245638275115, 17.534748980070344, 43.70430754773737, 9.327373346116339, 22.283124281606796, 79.17277576013642, 43.60490639947501, 70.91746359346645, 52.08108273738157, 62.27099303734942, 56.294073939671804, 55.62691853617775, 99.4226812253811, 34.24655410846045, 30.20728580300231, 55.45892563477394, 70.3709229676138, 24.08222183986943, 55.483423011943785, 36.770366806663674, 30.875115439607654, 19.019775085901678, 61.83412042633439, 25.596738049552908, 50.19561609335473, 26.92298638157248, 23.163979862805927, 47.29238629519496, 64.66491987332654, 85.93711166722287, 63.170623647581465, 48.48577021089295, 46.69101465316226, 83.058142028786, 71.26504178138484, 73.27662034723608, 62.11454841707874, 14.978159768659774, 66.34282040707485, 34.82209387446057, 66.08334223909267, 45.68117880668267, 9.25815078195222, 59.175409275867636, 21.446924403630497, 94.56351601054526], [31.12306247672315, 64.16618955241056, 85.88945562292396, 56.55125003205543, 73.95221389440287, 39.92255802014802, 36.64557793119626, 36.97193132967509, 47.026152729051105, 34.5644063614968, 26.36348578621971, 44.09890112704117, 8.911937192400467, 65.16656134401997, 25.746022436546312, 0.0, 17.438174023832552, 35.974286221473385, 30.76940754513578, 50.31584277293254, 5.0213894772379835, 21.495660062234585, 39.28591578349509, 45.9083146520581, 40.0554595824598, 26.729440749995288, 87.8747740675817, 48.64649990110487, 27.049437998131484, 17.12809293167067, 17.06751365499252, 43.54199700406409, 7.190443620967778, 38.81018168214507, 67.86245104662203, 26.458793604820606, 25.128364232306964, 61.81891601406701, 49.05223429066368, 67.25346085345078, 34.237544452209775, 53.816505305513445, 73.49334169636121, 14.619266255621941, 18.474181126610112, 36.59851268702827, 51.89353159172224, 60.509687642298786, 65.31757967594746, 27.13226831733069, 45.64650668466195, 20.012837355367967, 37.06231344520015, 67.99646592143522, 19.401287464522913, 47.517489430709205, 44.15129880939562, 37.24701166939162, 53.29400373149264, 34.471902422596145, 90.02093672883986, 38.781971721995774, 26.367638712803494, 31.531310942415818, 59.631589325366235, 27.22544262413282, 29.983246676442654, 22.203836502031074, 42.566402644690896, 10.355527728536428, 55.81379391704709, 15.66483760473002, 51.506651365826094, 46.785111397478715, 37.25315625352038, 33.04631317801566, 47.99913031725576, 70.39434867844452, 45.60032997453893, 35.44552686559687, 48.03456579444985, 66.56756903464151, 59.82350197021488, 52.17092953594625, 53.738163863908234, 17.597023349769668, 48.378965110047126, 10.208244930743033, 48.00181590068645, 44.70043760604258, 21.660693568721143, 34.053981610541, 44.8933852540082, 86.071765018638], [14.47310379299391, 54.98384143037392, 75.54250921515415, 52.19343295019095, 75.27186156335195, 53.112502616889785, 20.345853348328802, 48.92633106879484, 43.79225824625745, 18.648527491591118, 25.00996107267389, 51.84626079336299, 16.308757332637022, 72.743679921753, 42.71244361152003, 17.438174023832552, 0.0, 49.09069639594568, 47.6474523570134, 34.02473121397177, 14.178885967841005, 18.164068349920125, 22.278659037733053, 28.61271563053286, 48.38217868061528, 41.91103899417676, 80.9260128275916, 32.51826451564762, 10.920973673677878, 0.4427559678324501, 33.743262278789786, 33.01023086500228, 23.73935591300381, 22.371758983545977, 79.29929091999954, 24.06281807453111, 42.421931303239596, 66.35903166545799, 35.16611407763643, 78.64117651261846, 22.27888839723623, 37.429590044479845, 79.73871367719292, 25.989095783583288, 35.78613742396936, 52.54406753571068, 38.349826663076286, 44.31677689609939, 74.75890477203635, 39.633103144940584, 49.867151806726824, 35.63375532917463, 49.466008873883766, 60.136768030842624, 14.982250025462639, 30.799333762380186, 41.61344466358458, 25.03195723140886, 53.03251776970832, 20.820420248692905, 82.33867698132035, 45.85432790049491, 32.08650816288947, 14.89818059377329, 52.781815493162995, 36.744689258580415, 16.74653846191785, 21.06221907734625, 58.45858192990206, 27.28382899284176, 53.0263557862838, 29.4485456546434, 54.43361373156932, 60.33962917600983, 49.33739126340979, 27.50118648509681, 37.2737508326975, 58.99126779887715, 34.293834378039165, 30.406551120435907, 51.48697092084295, 54.60737944585188, 52.394859080899245, 37.1219221222666, 49.39372084226995, 34.64755035045242, 36.40970173446011, 13.277189758664132, 35.958780849191356, 47.171869665086895, 37.04429717241152, 16.617386375751245, 60.19444181707666, 79.21404264947206], [57.77760669148719, 67.29473803409465, 88.10400831313618, 51.76243625323952, 53.40611067399282, 4.029134914421608, 69.36571606676537, 4.079314896868059, 43.5980163845049, 67.73859746656593, 34.14937771227146, 18.274372627726205, 44.531763621972786, 34.234694603990455, 19.828905871438458, 35.974286221473385, 49.09069639594568, 0.0, 18.79111250192213, 82.9023667986065, 40.964865334805644, 37.13789018488748, 65.44360725464736, 72.62244717460531, 15.227509378223212, 11.300200802793686, 82.2372075605802, 81.48839778914143, 53.82500824075833, 49.0081241597467, 21.854055655715644, 55.155162153610114, 29.11441811434114, 71.31142665096506, 32.1417138940762, 35.681507954341676, 23.28759712365856, 37.16852814696633, 65.57146724823667, 31.56658888462843, 69.62404025748242, 86.20834765090734, 43.873344579425755, 23.124004253379166, 30.934230731165627, 45.96969551668013, 67.03770415765145, 93.16149731907231, 31.556219993605424, 9.467364666302455, 27.31357427663575, 17.207061339246362, 2.6500467453687, 67.52022316681585, 55.36739799949953, 71.48156797850596, 40.75197754703066, 72.6160914895613, 41.23527176743272, 54.77265661329613, 85.72010099483353, 18.123081490636253, 22.432432277556433, 58.05448442793493, 59.00799115797944, 14.624533769134194, 64.79760031608564, 34.278456228072976, 49.92910241898679, 34.30046012394479, 48.07028491249184, 42.59861204667782, 33.36445444752359, 11.260454305513049, 3.7187271239447077, 41.618232664486094, 58.47204776915786, 77.22379395647924, 57.93582891484393, 41.611570937801936, 30.233571891826923, 75.30922628507118, 60.33296631050888, 70.72071218100952, 49.85190707205926, 33.22772695115305, 61.15164000968264, 46.182375451089825, 61.025773923374814, 30.750436524408883, 15.484938008562626, 63.68950073907767, 14.346449781634858, 80.47005481172454], [59.81046620539515, 80.27851794805473, 101.93981911707321, 66.70821358611516, 71.93794604170958, 20.465854463508414, 67.39286941713645, 22.663736903797727, 57.606346164190164, 65.33174777238675, 42.485733136735696, 36.645303590921486, 37.172248192198836, 52.606078834808834, 5.043771355535287, 30.76940754513578, 47.6474523570134, 18.79111250192213, 0.0, 81.08110605524656, 35.39327542945194, 42.473286706780044, 68.04077454496009, 75.07077912725474, 33.08213073268054, 10.502033954635804, 98.30858954218196, 79.41584037796687, 55.60039875944044, 47.40555845794234, 13.905766759846667, 64.2869304716415, 23.933303555823976, 69.54577870314046, 46.69554908051125, 43.681263403161445, 7.013176034503039, 55.89497125309474, 73.10173967095042, 46.26401141849805, 64.32417225637047, 84.57760993978339, 62.35039024659917, 25.080566727668756, 16.8086185513117, 27.448606155603304, 75.24685135487556, 91.27885317483698, 48.816080233741005, 19.020673871399662, 44.594292953454435, 13.198753202727593, 21.413327395388592, 81.72527740418565, 48.61145127117447, 75.50086792251321, 54.51782539016771, 67.29823928241206, 57.75287993871922, 59.968750915185325, 101.49014302456378, 35.06576098722882, 32.936758076694126, 60.174500752812854, 72.94909568605317, 26.10300876122495, 60.527172459348435, 40.651467163589004, 31.159171625523904, 23.929831921110374, 63.72548409224185, 30.074732298407614, 50.9863847352215, 23.923518599484954, 22.419409878056754, 50.823006492127085, 68.27062650542041, 89.17786690633994, 66.92932306823242, 51.815112850727225, 47.590166300438256, 86.47722465906583, 73.95106580822869, 77.49511352789558, 64.41414976966148, 19.29286898730112, 70.12956995103714, 39.85849024963804, 69.89034915652357, 47.072772515057316, 12.577413683409908, 64.05689776814958, 17.28827260564028, 96.50071041970439], [27.401977949538693, 65.31331697544697, 79.7623866714937, 71.50297091349323, 99.39683072563678, 86.90277270593018, 13.733227936648502, 82.426195305599, 66.20171774110163, 15.752763234164375, 53.896494062820636, 83.26022724142541, 45.210235830776284, 103.13053221045116, 76.06167392159192, 50.31584277293254, 34.02473121397177, 82.9023667986065, 81.08110605524656, 0.0, 45.85151339987992, 48.00719736524813, 23.21614258416208, 19.493175856628667, 80.31222181197951, 75.91500549990704, 91.89378586953775, 1.8959351298173057, 30.385878164035518, 34.173968702185874, 67.28478651509299, 47.310857667772794, 57.229125934382445, 11.653930087810583, 112.09488205187422, 52.439638506949784, 75.30448139827797, 94.46853243398799, 40.067969457691056, 111.41919778286314, 20.595919928825715, 3.5271401862079874, 108.74866365189078, 59.912731239709395, 67.34226890085239, 80.20785618413339, 42.82535273102481, 10.292051641494282, 106.4321985022905, 73.43688656835603, 78.92719668337436, 69.55041998220125, 83.09237608109078, 72.14605643159025, 35.041881973404045, 25.640541160317518, 65.29990179027915, 18.787895857844283, 77.45713106901478, 35.75911094375319, 91.69739238402326, 77.21652895111939, 63.92142626917513, 27.316854991441545, 68.02163648166825, 69.80683452798216, 21.6693433288382, 51.29176410712976, 85.62488740883984, 58.652525364316645, 74.37392378951878, 57.25995711803394, 81.95840956654204, 94.16237916958589, 82.87061708620742, 51.646242310417605, 49.41287071429938, 63.28163515407722, 46.402028529956524, 54.11208658782672, 79.75858992975952, 58.38921666949999, 66.6883689384252, 36.84890175079125, 69.23093652857295, 65.63697690455682, 46.054661397873176, 42.04538657786353, 45.61827119528978, 75.04235749827866, 71.00793899882032, 20.125475822944516, 94.21407369166744, 90.53999448849414], [28.503256800030755, 64.73200141433306, 86.1828509021022, 58.43390109333175, 77.30965460620578, 44.92292797939867, 32.28220985372635, 41.87993677013021, 49.09216797945084, 30.115263714110792, 28.39