instance_id,num_cities,city_coordinates,distance_matrix,best_route,total_distance
1057,100,"[[66.9144087715055, 31.381925774824882], [66.29604435186516, 44.83700502277061], [73.3193344010727, 17.62141979595707], [47.707015428344604, 22.384960957910483], [45.67632905486958, 2.227595901160384], [11.731145885092642, 7.560906720894844], [7.895196868971988, 16.72560555733157], [45.202430498404254, 38.56376773151684], [83.6599165429013, 64.37431483567651], [55.4465172640834, 70.00848518408452], [56.49056073184481, 63.48757872346621], [46.67911916150427, 42.55242448627846], [2.6063707706093564, 0.803698102594641], [25.21230322075435, 25.513871507006304], [1.7337556171927004, 35.66362882201719], [73.93477917968629, 49.63805512152029], [93.21264519693719, 99.05873042370906], [72.03256487883733, 32.6836785925084], [31.26681699312207, 27.27311929588646], [6.363935956086952, 97.78184274611039], [37.93857948678588, 37.19253604925884], [55.71836558118749, 75.8876774923358], [47.66033079704345, 32.55919318770476], [10.513556451654315, 13.676831547642099], [2.3451072127312567, 78.1539207123622], [64.00892047478499, 65.90831694910668], [70.48312875248742, 20.33379299389617], [5.786131055268273, 40.220548048896255], [77.47813776863993, 9.774993586860392], [79.07898700485735, 43.6482717690881], [19.683147654113764, 19.43513908382768], [67.82066242232084, 16.884256774251995], [71.42701031590732, 97.53078231700427], [2.181688855867414, 5.219285073033353], [84.58682391392458, 67.37218680136559], [70.69063280528084, 8.583339912595257], [33.10637524537378, 71.5898863328155], [16.195229279533297, 15.712953896475701], [36.64113901146781, 12.136816313505461], [9.935887477589123, 47.17890954138767], [38.77088930070528, 44.827518977921244], [78.2295619976471, 64.10135977548238], [68.86947825154735, 62.836559102924106], [33.126886310949544, 89.82263096165121], [80.15519536465328, 34.05240771324948], [94.987559121844, 73.31050307387551], [10.85891369562556, 44.89542587585167], [61.32655293374367, 12.000098073841025], [72.65188424884079, 58.70986253582415], [90.42810214104489, 56.63444995116809], [52.82837407494242, 43.1220874605612], [37.65600851700084, 30.451275427410028], [64.18275423167617, 74.48153084764357], [48.05664417809371, 82.33800511782272], [89.39695094060764, 23.402036768931545], [8.683216433276364, 72.78147066535105], [51.15951034928384, 70.33611408927565], [65.51958161615195, 31.473673676485713], [7.823862103182988, 52.14263811088111], [32.38698601900249, 91.09815655530623], [38.195828939533186, 24.83175055366209], [63.27549041172181, 78.59556520442524], [58.058952024677644, 86.52328946055789], [70.4704112904954, 32.381116399393065], [5.06785729437299, 29.324169674826116], [84.89376086523151, 81.20609781673284], [34.88300133606066, 82.55558958475794], [24.564625819956188, 79.7975150231724], [37.734134117414605, 61.92224153991807], [33.53598960545866, 58.42389473097167], [8.355006474217452, 58.1585498634012], [44.03270093733869, 59.585930649728965], [94.57876877377817, 71.76684867670342], [40.978585248279785, 15.121056673963851], [13.917083478623882, 36.194611359804696], [90.56501500348789, 13.222513151316384], [16.612540342479875, 86.76036146491406], [57.86851950880285, 94.33291249785839], [0.43125581437312155, 57.985532270320206], [1.7428002173973445, 59.98664230712226], [10.5438484002484, 24.423936031190095], [26.731484222795654, 70.62006466914666], [99.28087655394829, 41.87068481199098], [95.80811337598976, 50.46275802716524], [84.73067892032408, 58.59471460147117], [10.919385092431211, 59.27134257861294], [52.43229069387827, 45.60895837223187], [20.927425279389023, 8.853091729074903], [56.77008062216537, 84.52716623140022], [9.336778266405299, 14.66377768579048], [75.06829508334853, 50.00931928051262], [34.29893096126314, 67.37193221787304], [45.549075343190424, 71.32500870445863], [61.25455465857538, 28.51804216430397], [88.29997275274353, 87.69866545310582], [91.5773442653626, 1.7521102818079282], [42.241395932054914, 76.24485592314203], [19.773066136960537, 62.87445428536886], [43.45962684300719, 65.16208088845666], [91.56559507377627, 78.42533988523755]]","[[0.0, 13.469281054457841, 15.17809596473627, 21.21012340736605, 36.06980704734402, 60.10518656121657, 60.81180063041924, 22.86894956972274, 36.998780607804896, 40.2929724322129, 33.75543747624283, 23.113783486552133, 71.20780686904666, 42.112939439750036, 65.32113384355146, 19.559444250574547, 72.60679807408624, 5.281106166075917, 35.88360475592769, 89.86272159223951, 29.552696568986267, 45.89241025551166, 19.290035697429225, 59.11452024671337, 79.72963197096136, 34.648427810824316, 11.610211033727643, 61.76396668169181, 24.051026774343637, 17.275422068543357, 48.718761673296136, 14.525966478337619, 66.30260020946665, 69.81983096633425, 40.09505138697964, 23.109205639110986, 52.53249682945763, 53.084384220440874, 35.87262326819966, 59.127798749508095, 31.190409820752, 34.620717119297865, 31.515333640578223, 67.5049086863772, 13.507401800077387, 50.4589671407885, 57.66136673009453, 20.1712512723984, 27.923730991151572, 34.50483666319141, 18.337060011899677, 29.27319756230846, 43.18608449440524, 54.33357440358978, 23.85672506719715, 71.44784166281391, 42.01958604665467, 1.3978413610888938, 62.63146080255257, 68.97949797264236, 29.456096533541274, 47.35366379719192, 55.84791046509452, 3.6937157198798425, 61.88077479945354, 52.96890806286092, 60.37180575423866, 64.32397219006333, 42.239783568571696, 42.95796725928184, 64.3909247875549, 36.31856886486283, 48.95159662489076, 30.61180827300546, 53.2153965571937, 29.818038868629902, 74.81342865376743, 63.59760091352991, 71.60838991129896, 71.17280638996182, 56.798359992539126, 56.16314600498619, 34.02355511776569, 34.62548664225742, 32.526225691575846, 62.55607281851624, 20.301236428898083, 51.2088958498925, 54.10475003905578, 59.955650360151466, 20.333854794460365, 48.57005205433756, 45.29820467111999, 6.343167813818452, 60.240497298635304, 38.55108757641454, 51.20000062566872, 56.69290552948396, 41.1245142805898, 53.1108632698908], [13.469281054457841, 0.0, 28.107199831239843, 29.148692578054078, 47.336396193858214, 66.08203726656964, 64.8144256059223, 22.0066819741481, 26.138296275620327, 27.410137751203113, 21.07110363477826, 19.749507896449842, 77.42936548373189, 45.40107128908062, 65.2107349872685, 9.022214352389978, 60.53510474516176, 13.439159612002646, 39.18592669795574, 79.9688280413943, 29.369775611352395, 32.80291982412326, 22.316686204601456, 63.89555827549574, 72.10921738613456, 21.19507305781376, 24.85838038790764, 60.68575847884993, 36.80195455561262, 12.838096027764305, 53.08499723778152, 27.994295756561204, 52.94299743364039, 75.3671965425475, 29.023904540605308, 36.5190449162576, 42.62945922466924, 57.95085870734821, 44.14426069569497, 56.408791864986114, 27.525156685756386, 22.66107251302368, 18.18258807541995, 55.89185617114647, 17.560854362012012, 40.42206218220674, 55.43716143881336, 33.21081605331979, 15.25951756686538, 26.86142066196204, 13.576416498217881, 32.049974549336945, 29.719756165110915, 41.70132763867443, 31.51364385888903, 64.03226609160637, 29.653317264630278, 13.385870126762466, 58.926805205620965, 57.357810088406495, 34.49394602815465, 33.89342313257416, 42.49230518852463, 13.136761424959937, 63.16279720594781, 40.84832885403483, 49.086361577046766, 54.44032101460781, 33.28194740527784, 35.46582522556568, 59.452732714989125, 26.705566220222483, 39.0528997636685, 39.038587599075214, 53.08715956223514, 39.85547682288559, 65.00783326665805, 50.208246650952496, 67.16438146717424, 66.30711001191065, 59.37171665938672, 47.224152538032286, 33.117943942709665, 30.043490392282152, 23.002398234194832, 57.22695598589402, 13.885228750837681, 57.90642116787788, 40.817311054827734, 64.4575956805969, 10.183575878680914, 39.13614964479273, 33.645966505482164, 17.079963908145732, 48.17981735038381, 49.954502100972235, 39.56108199709206, 49.89726523453261, 30.571402872370253, 42.03244499812555], [15.17809596473627, 28.107199831239843, 0.0, 26.051529850709187, 31.640252190433426, 62.40447810865335, 65.43027017344, 35.05912466285969, 47.882782225210434, 55.35198471954009, 48.85603502100455, 36.48638188255121, 72.68534232125913, 48.75015120997437, 73.8242263512672, 32.02255002097155, 83.8318518028907, 15.117123266602073, 43.145909697014474, 104.44481216639852, 40.432986653289454, 60.866664844883566, 29.69042842154338, 62.929528206402374, 93.2819628447906, 49.176297584890015, 3.9244147138096173, 71.21414292076093, 8.880430716180822, 26.65653056471449, 53.666843641207805, 5.547864710902767, 79.93176533120885, 72.21064713323662, 51.01073551271999, 9.412595819312976, 67.30287857438132, 57.1559763106726, 37.085993210344974, 69.93644646358074, 43.97461644576304, 46.73858315728491, 45.433578356760584, 82.634422471936, 17.796245644843577, 59.75605374256888, 68.15552481162166, 13.244850517338586, 41.09386348949256, 42.599606283059906, 32.71335364079372, 37.900897200956, 57.58948971819364, 69.47258403877399, 17.085235912347486, 84.97328378885341, 57.18301143210521, 15.897203561523005, 74.03628438455218, 84.10878663299012, 35.85595495231305, 61.795834895043214, 70.57157298481754, 15.032132473985898, 69.24751607078571, 64.6295491782199, 75.45726012548664, 79.01195116267756, 56.82314041320021, 56.987336171725076, 76.57429606005444, 51.17349969305836, 58.16950247790789, 32.437260542556594, 62.2381784720677, 17.797861644275798, 89.41953783993236, 78.25203379714196, 83.31826676008048, 83.17458941387919, 63.14297957627828, 70.56404284497914, 35.525040813113534, 39.80324957336131, 42.53268943949603, 75.02312804410532, 34.922355452986274, 53.12057716651085, 68.92210608159397, 64.05087927872415, 32.4350874284288, 63.227409964735365, 60.45876900661494, 16.257161168953562, 71.66058808240359, 24.1906988047136, 66.35168063313988, 70.1073460880681, 56.1401513407748, 63.48261751660729], [21.21012340736605, 29.148692578054078, 26.051529850709187, 0.0, 20.259394195743045, 38.910355606381515, 40.21205292638599, 16.3715220516901, 55.27853957572828, 48.24831549791547, 42.03065375746632, 20.193641472093063, 49.99819051699309, 22.71127822308892, 47.85251966102658, 37.82362664905067, 89.16069349624108, 26.415827471149665, 17.151507704182087, 85.98802244285655, 17.739408694493076, 54.09919045452089, 10.17433933582836, 38.19927889995732, 71.8879655370451, 46.476172657390286, 22.868288702279283, 45.55731240427791, 32.331579028865555, 37.898931215144664, 28.17869078073698, 20.852255079832663, 78.80058772115116, 48.654041847675416, 58.17190699146016, 26.809166551907087, 51.32546516986041, 32.21037634856587, 15.082376786376788, 45.181832555048636, 24.156215776702847, 51.690267743376545, 45.65283808515203, 68.99579335447447, 34.48207788065759, 69.49000397005193, 43.179898472862035, 17.12708903993598, 44.06523522139508, 54.755079638453, 21.36016689948889, 12.887519895338196, 54.63975259269985, 59.95406361793201, 41.702340056908255, 63.73903889061742, 48.07528271166736, 19.99730514533918, 49.76128282810623, 70.40033061221428, 9.820867973393552, 58.32674723543518, 64.96835979465706, 24.861522776919077, 43.20012064787268, 69.59008677643777, 61.52202765505289, 61.90130500306974, 40.775665751306754, 38.724962496715094, 53.18204839891701, 37.381984069741584, 68.08474202306002, 9.901316989893079, 36.50295803615502, 43.82645978620156, 71.49166784529915, 72.66198384280366, 59.18106221459689, 59.38514561947235, 37.21905967253381, 52.59846137852958, 55.132173778298785, 55.69630429419177, 51.787043913460536, 52.09544024960256, 23.69983717740421, 30.004298581575707, 62.79962441734808, 39.139388996062955, 38.88116249670076, 46.942563971528955, 48.98760025603956, 14.871129892474844, 76.90037827752326, 48.48010189026461, 54.13650600236403, 49.1904929120243, 42.98746677052726, 71.16248364716536], [36.06980704734402, 47.336396193858214, 31.640252190433426, 20.259394195743045, 0.0, 34.36160160309185, 40.467347741589144, 36.33926200581143, 72.83520846943946, 68.48142470500655, 62.20717886347603, 40.337295254108454, 43.09348896931735, 31.000435237763202, 55.21700877275268, 55.19322102343877, 107.87015326438781, 40.27684371584781, 28.894848675385344, 103.32510992618808, 35.81088951615817, 74.34144280019405, 30.396415197619188, 36.9797995402097, 87.42083038766404, 66.26702152168835, 30.711751568393588, 55.08804143684493, 32.685138049170746, 53.21099461088667, 31.172825051893483, 26.555398852919335, 98.72079277649998, 43.59740737867055, 75.88046081654778, 25.809123852946442, 70.49206389869808, 32.41897784053575, 13.409970480982535, 57.428213990346954, 43.155979242097324, 69.91477405385852, 64.89505828683801, 88.4894269414801, 46.921326375996905, 86.5122945184262, 55.07082827638682, 18.4507806386052, 62.593346469191424, 70.44733466906582, 41.51519225381298, 29.34112519196567, 74.58631837056556, 80.14576448538593, 48.578284491513436, 79.66391671060983, 68.32887769375583, 35.34243536389672, 62.64439873705172, 89.85868455139529, 23.809781383493682, 78.36961921541359, 85.20031281792497, 39.038203241751724, 48.81876984311218, 88.1794234650492, 81.04987657287145, 80.39151924223435, 60.22067069006611, 57.49271122600126, 67.23951762390473, 57.38187935679336, 85.01268309518503, 13.722613729613414, 46.50169694473594, 46.215607012474266, 89.38955346221934, 92.90876628953241, 71.80573877264382, 72.56901816780396, 41.5568130649512, 70.96785842824437, 66.67099827490964, 69.56886275153047, 68.57473524548419, 66.79845947781625, 43.90427800925835, 25.62041047785356, 83.04390766563776, 38.408613212243694, 56.09795679095805, 66.13039952643085, 69.0975299820228, 30.55926500548067, 95.50957403546936, 45.90347790666979, 74.09691995433988, 65.94710351234966, 62.97351164825014, 88.94897933094539], [60.10518656121657, 66.08203726656964, 62.40447810865335, 38.910355606381515, 34.36160160309185, 0.0, 9.935099879561436, 45.623505833169546, 91.65975883647292, 76.2281690106703, 71.63237995981187, 49.45469797353876, 11.35435551676642, 22.45107007962479, 29.82802041137847, 75.09845812382925, 122.51973911357057, 65.3254529197639, 27.752725456119677, 90.3804416878345, 39.5583497208961, 81.26144904347665, 43.77008858471553, 6.2359490468447625, 71.21426364401002, 78.34147047630597, 60.124388683741934, 33.1963156540079, 65.78426196580207, 76.40699980770499, 14.290966599339477, 56.859112916026305, 107.97302785844995, 9.832360931879622, 94.26207639292348, 58.96835140584595, 67.50267150526989, 9.294294685742251, 25.326798182079862, 39.65865731759321, 46.04289427368481, 87.2860938357105, 79.4996023378632, 84.99864106815409, 73.37336146047345, 106.08788698823535, 37.34470657970392, 49.79368253292235, 79.54591154636324, 92.7438600076833, 54.346846647140445, 34.58420856407617, 85.02670846067707, 83.1333643665325, 79.26486407053298, 65.29174400470667, 74.13044303431828, 58.86438857124651, 44.752627188593756, 86.05309896531621, 31.601605906469796, 87.76526738153107, 91.54956859336916, 63.76789246047702, 22.760470760622944, 103.80935604402204, 78.4870108277409, 73.3677434998189, 60.26035280610479, 55.339811699921825, 50.710154889312705, 61.23719109813125, 104.81474896567995, 30.20875000088878, 28.71702220828512, 79.03690724939369, 79.34974255533888, 98.27531852632798, 51.67523950026847, 53.36876240774559, 16.90477544474916, 64.81872839996271, 94.03252741923629, 94.39017590814579, 89.0695310987625, 51.71680705708425, 55.71568381711336, 9.286619233786077, 89.17572957530965, 7.495583515469357, 76.24606348785255, 63.927018499570266, 72.17695653463923, 53.77517589500626, 110.83702279703452, 80.05721399007196, 75.15557355209945, 55.89508945788291, 65.76162839664585, 106.74880404465475], [60.81180063041924, 64.8144256059223, 65.43027017344, 40.21205292638599, 40.467347741589144, 9.935099879561436, 0.0, 43.22886776480571, 89.50247059808643, 71.41563787181056, 67.44028116308014, 46.59632179026357, 16.77733049373258, 19.41946937486072, 19.91512197986498, 73.78655546973903, 118.56563768418538, 66.09282918917101, 25.641424946608982, 81.07069968359038, 36.35244259856199, 76.0736894157214, 42.801499664920236, 4.018809508596094, 61.67853271583295, 74.61694899120587, 62.691851416535386, 23.589414602496298, 69.92922615767128, 76.1049402736736, 12.095344378897654, 59.92567556560568, 102.78992125212541, 12.846773326527986, 91.90583142821048, 63.32111231067031, 60.37957287144291, 8.361578882161092, 29.109898254442104, 30.521601231020387, 41.74956192629224, 84.80203420786805, 76.44660245560472, 77.3292523890937, 74.30831350223328, 103.8601472642094, 28.325296012686213, 53.639912676074886, 77.17581482854692, 91.67549461824798, 52.112999056767684, 32.77346370666106, 80.64760393216785, 76.92807566843786, 81.77475558188237, 56.061403727004574, 68.89040169701686, 59.48172182055794, 35.41710439248243, 78.3014947348765, 31.366190246458945, 83.03534680853774, 85.95416807564533, 64.50389507328637, 12.911919566536758, 100.43163216587082, 71.14723035371807, 65.2375323354519, 54.158084163483196, 48.950971105423214, 41.435495637713124, 56.061811131261265, 102.6819364946995, 33.122275944977495, 20.379040833077426, 82.74400574542554, 70.5752018223807, 92.30507605882667, 41.929607301138894, 43.69633034048795, 8.141231296239637, 57.09131671481159, 94.78194692138472, 94.16409265501728, 87.50264906969218, 42.65308257435729, 53.08296144902349, 15.225486899188917, 83.58113358723713, 2.5158082393714816, 74.96686416627647, 57.11573844591954, 66.32427450167637, 54.646890349299575, 107.24785879395769, 85.01121898689239, 68.71828398751636, 47.65291194954088, 60.09093793477302, 103.95957268036788], [22.86894956972274, 22.0066819741481, 35.05912466285969, 16.3715220516901, 36.33926200581143, 45.623505833169546, 43.22886776480571, 0.0, 46.31589980426517, 33.07131036615539, 27.36088884757823, 4.2532331366895, 56.92316894477083, 23.87268271575562, 43.565313055490215, 30.7926566236036, 77.23096028490748, 27.46691754010235, 17.93544161334217, 70.81814080267597, 7.392145009766606, 38.77704385972541, 6.4881576221795605, 42.69282814772916, 58.344925848435416, 33.18747410010141, 31.168023407785924, 39.45110369572717, 43.249448511466404, 34.25599600132783, 31.892604641642134, 31.33026668750596, 64.5355514095113, 54.43012709185796, 48.79605982056856, 39.35066084631662, 35.17156610888135, 36.92664912330628, 27.77911937362709, 36.303577303665115, 8.977711392918126, 41.74877270618013, 33.9012912779059, 52.66203401947928, 35.242703372609114, 60.71156931758853, 34.922300056546455, 31.074360331178866, 34.04904766746777, 48.70226823682413, 8.884441129566827, 11.079757041812824, 40.62435717997269, 43.867190410168575, 46.72294642783298, 50.04502163055543, 32.32597706840654, 21.518737492022723, 39.76861948893638, 54.07492604057556, 15.416249906435496, 43.922435082111754, 49.65285359608138, 26.01338176408633, 41.18439192848363, 58.256072828376794, 45.18596029967637, 46.11009539849039, 24.523330717748543, 23.033247438063697, 41.73353740116254, 21.054681213589618, 59.501826574793206, 23.820192493447998, 31.374923745910603, 51.960978211340326, 56.03832141160159, 57.18939865734296, 48.80228499147094, 48.45285357173439, 37.43196700105639, 36.99705433774308, 54.179461314777924, 51.98577795477034, 44.313894613449854, 40.051602444297984, 10.094829845525789, 38.36665410099369, 47.39667215158499, 43.09935654058551, 31.983910293567114, 30.80254280460285, 32.76307483640045, 18.936401248001264, 65.35775640637895, 59.20921170804026, 37.79725033660717, 35.18042143787799, 26.65534894492854, 61.1431759398325], [36.998780607804896, 26.138296275620327, 47.882782225210434, 55.27853957572828, 72.83520846943946, 91.65975883647292, 89.50247059808643, 46.31589980426517, 0.0, 28.770467051837766, 27.183822323589574, 42.93919274258767, 103.00922577170171, 70.18730340137024, 86.81128576055094, 17.656037128882133, 35.97587121142438, 33.75635839685039, 64.1991868399812, 84.2064815555406, 53.191068424996494, 30.220651710540697, 48.0434401281654, 88.9978921454823, 82.47409141372036, 19.71077900421825, 45.96950402788714, 81.53361831885087, 54.94815983857269, 21.22625206273122, 78.18284002711138, 50.06183761882695, 35.34112803234742, 100.68773079794445, 3.1378963649428804, 57.27857543213508, 51.065888905913944, 83.18300352836046, 70.28173085805626, 75.70280328269128, 48.96020828239373, 5.437210217754007, 14.870163332793695, 56.57918290388166, 30.523779616527694, 14.428130392563054, 75.36188115140331, 56.93713824486243, 12.379935171251176, 10.281723820515943, 37.44651091032585, 57.158832706330784, 21.943465250738587, 39.87840482812152, 41.37198488904221, 75.44657598906039, 33.04269137177454, 37.57025339201856, 76.81615109131556, 57.819349017127266, 60.25444092848239, 24.854955054237152, 33.85242179219953, 34.605314548298104, 86.05361382720001, 16.8769455214243, 52.05522268319393, 61.07477785185121, 45.991196492817124, 50.47589079008476, 75.56100326652054, 39.91547118301346, 13.186011172088877, 65.17345687183973, 75.22073152941103, 51.61576503653223, 70.68582417321903, 39.53117421548456, 83.4735078293218, 82.03453917286289, 83.31861849108529, 57.270025296023235, 27.393936480718693, 18.469166173162687, 5.877951253296559, 72.91930637048866, 36.43217286090297, 83.7733351095662, 33.603581583251255, 89.41513511144153, 16.738251300662387, 49.451922182668866, 38.739493571897725, 42.28087665897459, 23.781409826906184, 63.12072690429791, 43.08600231281981, 63.90445396419112, 40.208007502353624, 16.12237755347917], [40.2929724322129, 27.410137751203113, 55.35198471954009, 48.24831549791547, 68.48142470500655, 76.2281690106703, 71.41563787181056, 33.07131036615539, 28.770467051837766, 0.0, 6.60395698280273, 28.821910736984783, 87.07114123776113, 53.79477990558444, 63.75445021539068, 27.509457457277357, 47.64658610564883, 40.84407132715162, 49.10162321951984, 56.39555991498108, 37.194279168081586, 5.885473957542698, 38.25015255825301, 72.05710352760097, 53.722508033292435, 9.493478198097588, 51.90062359204524, 57.90919751799885, 64.13630650458182, 35.40274674841987, 61.940955285139594, 54.54633913047867, 31.825351492986144, 83.87360965396998, 29.259315453535553, 63.28847865336105, 22.396043735653905, 66.99752477703781, 60.850409276272714, 50.915684691349846, 30.201947404909756, 23.536381580959247, 15.21881747655212, 29.845708213724045, 43.62749454834959, 39.678675801262266, 51.17343197203774, 58.30564119026855, 20.58357419953983, 37.45098261615242, 27.013571705835666, 43.37366764770492, 9.814783434300473, 14.374536028111734, 57.66101786040883, 46.84544538236212, 4.299507993602982, 39.82961615892229, 50.86359971745143, 31.2492595078506, 48.35828367031219, 11.620273827332046, 16.72015477406188, 40.51587680621057, 64.75509948104926, 31.504391509378557, 24.089168025555452, 32.39623935516914, 19.470897591205674, 24.784550797739165, 48.55956502663959, 15.456547032318687, 39.17173662719313, 56.762230975072875, 53.55438295364053, 66.76792271127569, 42.29306234450107, 24.44471024611448, 56.313678526150035, 54.63082059864227, 63.98594214800517, 28.72154508428813, 52.08826032929831, 44.845221493414286, 31.429862914453942, 45.803403047830585, 24.58500499204438, 70.22499455382552, 14.578886079414339, 72.03571807447831, 28.01750884049469, 21.311307279912924, 9.984617707110663, 41.89498968078968, 37.31342942555459, 77.22932975622992, 14.603682733768437, 36.379795384018486, 12.92954664957626, 37.08680661479186], [33.75543747624283, 21.07110363477826, 48.85603502100455, 42.03065375746632, 62.20717886347603, 71.63237995981187, 67.44028116308014, 27.36088884757823, 27.183822323589574, 6.60395698280273, 0.0, 23.12023072166553, 82.66060015188727, 49.19686811872789, 61.42051688550281, 22.273528262421067, 51.1255153591929, 34.502668826964026, 44.13302980567473, 60.73528674719868, 32.18082157676222, 12.424119076555078, 32.1642346800007, 67.78639580914835, 56.09662845595749, 7.898462304862919, 45.36563878758848, 55.78793691505606, 57.66732343305468, 30.06385041742589, 57.405601605407135, 47.960825900088906, 37.17576141907955, 79.65329628693594, 28.363536181434995, 56.710823361082724, 24.74808112687126, 62.49902810613412, 55.053613348422566, 49.32859507730773, 25.73294746691195, 21.74766431629768, 12.396024584758184, 35.2050601310881, 37.768296555510965, 39.730450888876966, 49.2738811009155, 51.71409367109081, 16.85274309394955, 34.62256620862859, 20.692144535776233, 38.02811713196824, 13.417780149769625, 20.651138556619326, 51.86213638445799, 48.702346928143996, 8.678855618003226, 33.2627920428568, 49.971544231853365, 36.65141637298165, 42.766461893007225, 16.561597938294383, 23.089041132329314, 34.10349278242897, 61.73680382594227, 33.47667391894949, 28.817974620862575, 35.850792768063336, 18.821631699741236, 23.50645084167676, 48.42964105050122, 13.054544356310165, 38.977659021600736, 50.7931278675346, 50.57081206530514, 60.725984972520756, 46.17227443721219, 30.876097325352738, 56.32866218012497, 54.85958291072377, 60.308113504505265, 30.601878871023107, 47.940601065645126, 41.418786801352596, 28.6608512542036, 45.765802695762375, 18.333429067270192, 65.18944525266365, 21.041444196468493, 67.87667308114428, 22.95203022058417, 22.52901759829037, 13.458878527466403, 35.29255056377351, 39.97518497449921, 71.00950952118258, 19.125554084547197, 36.722613345212075, 13.138081881150473, 38.12341462426726], [23.113783486552133, 19.749507896449842, 36.48638188255121, 20.193641472093063, 40.337295254108454, 49.45469797353876, 46.59632179026357, 4.2532331366895, 42.93919274258767, 28.821910736984783, 23.12023072166553, 0.0, 60.70719319312026, 27.406869107242056, 45.470223331695614, 28.16162574365698, 73.2006260627928, 27.206421213705376, 21.70244744794141, 68.37837844089181, 10.25306967998476, 34.53906583585623, 10.04128717149901, 46.279021096798445, 56.85922219842444, 29.082980010531625, 32.5622244019339, 40.95942045459112, 44.977099990204074, 32.41839474023948, 35.541403489538844, 33.25386722084661, 60.29160759470186, 58.08428877290144, 45.310205042286974, 41.598695823779266, 32.052980639902295, 40.61557243074409, 32.029209575201534, 37.0333557558995, 8.228982590644858, 38.20715973813042, 30.064233795180275, 49.174540521086996, 34.53835495649458, 57.26923056757917, 35.89675159578243, 33.88203012400912, 30.58835285867602, 45.95951428091832, 6.175585145936527, 15.094844624834778, 36.41215557619622, 39.80942101262513, 46.81399899210155, 48.55392730798879, 28.142624489397345, 21.85638911189295, 40.02128431764453, 50.605861042776745, 19.646589974249974, 39.68056868926122, 45.41957246144083, 25.874332636134522, 43.66330083183915, 54.354993353708814, 41.7061340050592, 43.31567366271475, 21.335476796417172, 20.60692656014432, 41.37981105024928, 17.237861283741147, 56.10578413815012, 28.017423631560284, 33.37323433288254, 52.78461473545271, 53.4634534405291, 52.97567006512988, 48.7549554409474, 48.19984140296657, 40.427711865198916, 34.43400303599548, 52.606175015458376, 49.76174684690066, 41.29499088532464, 39.475065584100214, 6.514705064459947, 42.41220067479291, 43.170666519874516, 46.60715657372964, 29.352182022699754, 27.735843666852332, 28.794766913860922, 20.233813458876966, 61.40422238818935, 60.66725852270114, 33.9834271901606, 33.71825298728683, 22.83772522414216, 57.46008857497394], [71.20780686904666, 77.42936548373189, 72.68534232125913, 49.99819051699309, 43.09348896931735, 11.35435551676642, 16.77733049373258, 56.92316894477083, 103.00922577170171, 87.07114123776113, 82.66060015188727, 60.70719319312026, 0.0, 33.49060840917364, 34.87085067744853, 86.4438330456486, 133.6545859364439, 76.3958741319885, 39.013477619682014, 97.05091362074741, 50.71994183624473, 91.97003834813788, 55.12051144686498, 15.107652037577575, 77.35066383960303, 89.4923712129887, 70.63058035011244, 39.544897713322655, 75.40733144776696, 87.65682247477463, 25.273442618016254, 67.16761275218214, 118.71145373570876, 4.435962468531153, 105.60378016539795, 68.52729064757864, 77.07745920257692, 20.172827860836232, 35.87206458501414, 46.9508471824594, 56.97340787574931, 98.6177520764719, 90.76825026911413, 94.10564423143475, 84.37592599012733, 117.43730552226431, 44.85738426123664, 59.778082652321686, 90.88177945989678, 104.06598557106892, 65.67416306092449, 45.907035924618114, 96.02121660420548, 93.34650809360011, 89.68438948180088, 72.23384107399914, 84.80662849029609, 69.99085297807687, 51.60338144908644, 95.07877929296991, 42.94131853295643, 98.65250460691047, 102.09229701752847, 74.85092746236158, 28.62649497596822, 115.04677504552907, 87.8928474994981, 81.98895094153798, 70.49422749168292, 65.39670007547701, 57.642222658021204, 71.9130843053491, 116.16665069570064, 40.95624006645995, 37.15439359137231, 88.8310197087732, 87.09030234451537, 108.63525683937712, 57.22318834055046, 59.18924428320236, 24.91825015775545, 73.86708427734251, 105.03550573897651, 105.60580977044621, 100.42013531679152, 59.05566575434475, 67.00845949602139, 20.01134118612985, 99.71623027571123, 15.407796439205327, 87.5895178124067, 73.72752650580873, 82.56713102083994, 64.86674294372641, 122.04150429881973, 88.9760282900162, 85.21914991862546, 64.40088666239392, 76.22984957697642, 118.06296143013734], [42.112939439750036, 45.40107128908062, 48.75015120997437, 22.71127822308892, 31.000435237763202, 22.45107007962479, 19.41946937486072, 23.87268271575562, 70.18730340137024, 53.79477990558444, 49.19686811872789, 27.406869107242056, 33.49060840917364, 0.0, 25.578502128278103, 54.36778364652624, 100.16432888985743, 47.36605361833168, 6.3049258363972935, 74.6854779429024, 17.272791120424753, 58.89091755259255, 23.52765393426118, 18.872431522771876, 57.392363896355036, 56.007934553334245, 45.56622496681725, 24.36519033192399, 54.584152820871054, 56.83727733417513, 8.217210545721441, 43.47346920002458, 85.57005664662134, 30.69657043629036, 72.6460753711148, 48.5275319985281, 46.747358378394686, 13.317868015183837, 17.594427901499404, 26.509295558147475, 23.597716735273735, 65.57304308239621, 57.43632945315858, 64.79395934874627, 55.602409998860985, 84.57602689415945, 24.11772046882926, 38.559837975996125, 57.90067070860003, 72.26057591460918, 32.75204785186051, 13.38744781401784, 62.5821676941232, 61.24415134847644, 64.21938063297253, 50.07431118070355, 51.7908388411948, 40.74550200382145, 31.803287492693023, 65.97556000938633, 13.001431809042522, 65.31823960366074, 69.28961983356106, 45.776144425501506, 20.501635881280144, 81.63026680039285, 57.855682549764175, 54.28750721303849, 38.5015020156095, 33.946330930350214, 36.74021609344834, 38.92444713076352, 83.37292390446291, 18.88349144425836, 15.545423533187178, 66.49852951445638, 61.847299486126666, 76.17406950631155, 40.84738747196758, 41.70359094684666, 14.708892757874978, 45.131768993662114, 75.85314032463555, 74.87466427350314, 68.09390006274965, 36.658619201673524, 33.83401002184022, 17.20295793696907, 66.92131400940352, 19.2290620807502, 55.54859931832334, 42.83297853487648, 50.12229635285771, 36.16723558754913, 88.58330906607819, 70.49070839036786, 53.51282816671416, 37.754449348290045, 43.64567935695989, 84.86685351580363], [65.32113384355146, 65.2107349872685, 73.8242263512672, 47.85251966102658, 55.21700877275268, 29.82802041137847, 19.91512197986498, 43.565313055490215, 86.81128576055094, 63.75445021539068, 61.42051688550281, 45.470223331695614, 34.87085067744853, 25.578502128278103, 0.0, 73.5409572542539, 111.29836542300126, 70.36194061405244, 30.70182998361013, 62.29053757265295, 36.23709189128973, 67.32244948304248, 46.03137873622809, 23.67496899844392, 42.494689735307944, 69.23104302222526, 70.43777518500372, 6.098135742291926, 80.04644190620517, 77.75628168452755, 24.198027888189724, 68.70330461905073, 93.19170795769439, 30.44763883279951, 88.71337878422068, 74.08368888595405, 47.69630217392879, 24.640690949549292, 42.095561787979236, 14.137774121170404, 38.15397953398645, 81.61074031999489, 72.42633080370722, 62.599729771910205, 78.43798981058814, 100.5661921771892, 12.980546475382903, 64.1191405079747, 74.56882630836023, 91.13979616020661, 51.63611759811043, 36.29844185785455, 73.53031310706413, 65.75946629366837, 88.51656598618979, 37.76280165375748, 60.37455147199924, 63.923292487880126, 17.56835633043582, 63.34514503163781, 38.036986970371316, 75.03689947661276, 75.88960950360254, 68.81498907182112, 7.162749211907462, 94.81404408097188, 57.42585198239817, 49.68952148523823, 44.559420934612085, 39.10769477853091, 23.449145732195706, 48.59503369617972, 99.61746308716327, 44.296206646066516, 12.194893203081383, 91.62202964735627, 53.21892822747487, 81.19850099726685, 22.359872076818938, 24.323015166738603, 14.281051392604839, 42.97486291512584, 97.74440314981052, 95.23129219411447, 86.10646882093441, 25.331796968824197, 51.66479496508518, 32.972744112578035, 73.59784207577798, 22.333824149664157, 74.72451748552234, 45.45225131314946, 56.49350633312827, 59.94818535374987, 101.00175734291989, 96.03052384989118, 57.33851163843826, 32.647293094919746, 51.099970683644045, 99.49031768573134], [19.559444250574547, 9.022214352389978, 32.02255002097155, 37.82362664905067, 55.19322102343877, 75.09845812382925, 73.78655546973903, 30.7926566236036, 17.656037128882133, 27.509457457277357, 22.273528262421067, 28.16162574365698, 86.4438330456486, 54.36778364652624, 73.5409572542539, 0.0, 53.04751893824488, 17.060753287409778, 48.17411495439011, 82.96772348805212, 38.08697070271127, 31.951219053456942, 31.337424316087244, 72.90720878794559, 77.05994888871385, 19.058963533410722, 29.50684106298211, 68.79627664814912, 40.020233195297514, 7.8955923626809055, 62.09231563057061, 33.31956977357619, 47.95833840840599, 84.3891764602456, 20.687326638749298, 41.18269207548856, 46.35559795054508, 66.96841132804167, 52.88816984101753, 64.04612038274487, 35.491413178541876, 15.08748955150501, 14.137106522897025, 57.27201983375066, 16.781119827029958, 31.67971488744627, 63.253911647622196, 39.69361636071757, 9.162069043933668, 17.915893584189465, 22.089322556480152, 41.04000141113604, 26.688954208456508, 41.70089448586601, 30.45336458524094, 69.23426986603599, 30.7753556491193, 20.018998559219455, 66.1583425778404, 58.69547791289191, 43.50431370084445, 30.857054740211286, 40.15672297513118, 17.60124367568698, 71.80046568023955, 33.41617271907239, 51.07450859172634, 57.85330642515283, 38.2281040451462, 41.34311522739581, 66.13097170575506, 31.513402081276638, 30.26314277415497, 47.72351517096251, 61.504877671935375, 40.0331917355953, 68.29278654120439, 47.49478893208664, 73.97599828231368, 72.92993269727852, 68.2214182393245, 51.65651729882591, 26.50955853330886, 21.888875799039067, 14.027587114315033, 63.74747147301641, 21.87671437161972, 66.88193183838568, 38.88286191380603, 73.45816363171387, 1.1927679487677034, 43.422239242839865, 35.72215192288642, 24.634184403360457, 40.68130830251407, 51.03257602741899, 41.381063188110815, 55.75565821104886, 34.201319944649825, 33.75727230033024], [72.60679807408624, 60.53510474516176, 83.8318518028907, 89.16069349624108, 107.87015326438781, 122.51973911357057, 118.56563768418538, 77.23096028490748, 35.97587121142438, 47.64658610564883, 51.1255153591929, 73.2006260627928, 133.6545859364439, 100.16432888985743, 111.29836542300126, 53.04751893824488, 0.0, 69.67239990036038, 94.81803413302528, 86.85809541397364, 82.96172820347574, 44.07628271363778, 80.60522191390262, 118.86634483731339, 93.24119544696289, 44.17926494617518, 81.94050702263483, 105.38181569955591, 90.65958519408079, 57.18460651439341, 108.38128670005958, 86.0081211792917, 21.839150912668924, 130.73819838169794, 32.83963823700178, 93.23645923300855, 66.08555880962219, 113.48216079861145, 103.70995354677493, 98.11490300167834, 76.84353635760559, 38.03301913856366, 43.642129555320935, 60.79147928927268, 66.30474333303029, 25.809330310946557, 98.56876103377823, 92.7142294712434, 45.28549470414071, 42.51556483974945, 68.99128481222436, 88.28093089821633, 38.03647339668463, 48.15233205950363, 75.75285352665362, 88.51959504832267, 50.92597411547448, 73.03865870903445, 97.42876370014143, 61.34436853326122, 92.3931524071417, 36.2625753005168, 37.32183575053639, 70.44936774046288, 112.39400605560635, 19.695693121186903, 60.61931219081051, 71.29898304385715, 66.7606470775759, 72.19759756639905, 94.20001921157666, 63.061627313081125, 27.32605172577518, 98.86318876729904, 101.19132163334748, 85.87704082742178, 77.58109268862167, 35.658667610090674, 101.46622010455755, 99.46537392666542, 111.37541244738806, 72.30838453712985, 57.509094869334895, 48.66523387629123, 41.34344359605185, 91.40687550815845, 67.23031641863683, 115.59502701602341, 39.2329819241618, 118.9860038029003, 52.297821890962226, 66.89453569298495, 55.14503795994542, 77.44228980969444, 12.376810036526644, 97.32036031877938, 55.84389958939459, 81.86985777538774, 60.20253885877424, 20.699023629661625], [5.281106166075917, 13.439159612002646, 15.117123266602073, 26.415827471149665, 40.27684371584781, 65.3254529197639, 66.09282918917101, 27.46691754010235, 33.75635839685039, 40.84407132715162, 34.502668826964026, 27.206421213705376, 76.3958741319885, 47.36605361833168, 70.36194061405244, 17.060753287409778, 69.67239990036038, 0.0, 41.123233732088245, 92.46696599739388, 34.39083650449218, 46.18158312205988, 24.372551995098185, 64.38826471066571, 83.20988327358388, 34.179752243827366, 12.446703443420189, 66.67379091924462, 23.547019191102617, 13.033586164443099, 53.99986373021008, 16.351203383678104, 64.84993105458332, 75.05623087105357, 36.89040555044119, 24.137669858057077, 55.035817792709295, 58.35934838171037, 40.923423298128746, 63.76604946627977, 35.409206734566794, 32.02301460208788, 30.318333069071393, 69.1267799240712, 8.237144251199638, 46.66337566160724, 62.38062496318476, 23.2901093780318, 26.033551565880675, 30.199921189302128, 21.857752037413302, 34.4489658943496, 42.52857839545536, 55.13979430620756, 19.689356978920717, 74.97314771032373, 43.05101978155607, 6.624429249136788, 67.09253771970464, 70.59761439877113, 34.73582405749744, 46.73957301354084, 55.62342631141064, 1.5911843746946248, 67.04892513710271, 50.19796340063835, 62.18759986876533, 66.8798835354325, 45.06967845376475, 46.3092327148023, 68.58425847555935, 38.82941599474121, 45.12012293758032, 35.676257364651136, 58.221437866777485, 26.87356820282909, 77.43169086422687, 63.255420497858914, 75.94031379496877, 75.40625202038713, 62.04099935819496, 59.087708511677334, 28.755374670151657, 29.687916260395998, 28.85522287677515, 66.64626486040758, 23.478364625963643, 56.388227173185264, 54.04341436520354, 65.23402860194629, 17.589584506872498, 51.25526380971157, 46.845785411341225, 11.55500026655365, 57.36965520384214, 36.589073771106484, 52.77395112786839, 60.35344352801119, 43.25805593986912, 49.73770045363127], [35.88360475592769, 39.18592669795574, 43.145909697014474, 17.151507704182087, 28.894848675385344, 27.752725456119677, 25.641424946608982, 17.93544161334217, 64.1991868399812, 49.10162321951984, 44.13302980567473, 21.70244744794141, 39.013477619682014, 6.3049258363972935, 30.70182998361013, 48.17411495439011, 94.81803413302528, 41.123233732088245, 0.0, 74.77722625589212, 11.954381769834182, 54.417400682047315, 17.22468786449043, 24.810418449415604, 58.526244108126335, 50.6431025718934, 39.8255365002561, 28.581484691628688, 49.413263109682276, 50.53859139065592, 13.986255008404006, 38.0014747102685, 80.9257705611286, 36.500907970756145, 66.7155030921854, 43.62963564582126, 44.354929998466545, 18.994477625618813, 16.062098403736407, 29.176172457924046, 19.091046314805798, 59.680974482518195, 51.756336661559295, 62.57716250752158, 49.356177842736095, 78.6115365742009, 26.963460575346296, 33.7172493253668, 51.97107481372816, 66.04653963836874, 26.75986800560628, 7.1359964073102775, 57.550786663020574, 57.5676988204678, 58.25888561140789, 50.80382917274359, 47.435648720532406, 34.50936889346224, 34.17696739122843, 63.83486633347691, 7.346528968772815, 60.48593744047837, 65.02615753749892, 39.534964781095674, 26.27912283455494, 76.05665836198993, 55.40061651680486, 52.95027396565759, 35.24752279335405, 31.23331481850248, 38.455960299997216, 34.743137026846334, 77.38278356643353, 15.55606211767675, 19.509133083524183, 60.94010026498466, 61.26564947040137, 72.14337420043519, 43