instance_id,num_cities,city_coordinates,distance_matrix,best_route,total_distance
2362,31,"[[39.448942574442604, 33.23103748485139], [54.57820768383738, 5.005547996460069], [10.228435254667257, 74.79610399354743], [36.03363551281765, 11.133775011724524], [76.7508068466989, 0.3369669553582977], [9.787237877627074, 58.10687183194372], [61.62716182468023, 73.50136263565015], [7.268981478744651, 4.156454591369007], [62.27052319557485, 51.869112097000546], [88.06609375786859, 85.07816634106801], [35.20813099323148, 26.15258332876671], [24.516992080410038, 40.48878709232242], [19.694481619868686, 20.208645619044784], [68.27434192467989, 58.08997540913753], [12.017016611032671, 50.82005254105153], [21.557186771416447, 82.62795250425853], [21.848357736591485, 94.6388946916208], [89.09399452478314, 89.36694332738854], [17.236841952698857, 47.11440518719149], [32.28260737823964, 37.14503139690988], [1.465464117566595, 47.65303221409023], [59.48099170801946, 41.25900239890724], [48.415877838011376, 25.883258901206297], [13.384727437988841, 91.14842172805025], [18.24141103077894, 62.4351466166823], [44.70978149061337, 95.05378083341553], [70.6530340169887, 62.55358755996892], [85.64024112518315, 99.53627270842405], [98.19495939864278, 65.1327058947914], [41.57507127501242, 13.366220670565133], [86.95269434998345, 40.819084038025096]]","[[0.0, 32.02456743829086, 50.808393026126794, 22.359636203020973, 49.73378081530798, 38.712063494278716, 45.97360652442514, 43.36912803539647, 29.46527392193865, 71.07567910210375, 8.251605668421567, 16.602351487695508, 23.660545587801046, 38.06403082207889, 32.586561842410426, 52.537321392983586, 63.88040007202035, 74.93911600702404, 26.19399383043466, 8.165519486717809, 40.62928214544476, 21.580806591769203, 11.592919310307765, 63.51194146185176, 36.092095870971235, 62.0461765239755, 42.81947297273232, 80.80854088434555, 66.84916558975867, 19.97827245575895, 48.105975546134914], [32.02456743829086, 0.0, 82.68992696152154, 19.53090687491946, 22.658768778869298, 69.46928507809582, 68.85756587017865, 47.3168452428435, 47.490687067440746, 86.79321818131032, 28.67746457317626, 46.50523562234556, 38.05270714979224, 54.82281027888848, 62.5333815829768, 84.35416707946817, 95.42211440407362, 91.14924335084085, 56.28084441953638, 39.11572811842775, 68.11586774922164, 36.58346959076041, 21.76816762501882, 95.48558796751374, 67.95970562535973, 90.58736154999579, 59.750957308181725, 99.50330565403544, 74.28119645698935, 15.459055728925888, 48.27749735329025], [50.808393026126794, 82.68992696152154, 0.0, 68.69352583579543, 99.84682774480203, 16.695062901031996, 51.415031344955985, 70.70161550003301, 56.86849632857797, 78.5138324588686, 54.68251367536237, 37.16389173813152, 55.402135749230844, 60.40216894634376, 24.042671784164686, 13.77238040510698, 22.99475899359407, 80.20028552243922, 28.5551083564889, 43.63473130126308, 28.52255263426514, 59.58650434922209, 62.05438893489778, 16.65414289708817, 14.73095543612936, 39.991708005431875, 61.65234256874573, 79.36634307244435, 88.49570968576765, 68.96551424347693, 83.9109636387473], [22.359636203020973, 19.53090687491946, 68.69352583579543, 0.0, 42.1243291417045, 53.80841210913239, 67.41472075966823, 29.598789197334114, 48.45350310069108, 90.41653455032468, 15.04147801833027, 31.533312705792042, 18.690137144415893, 56.95917753705634, 46.38748330755121, 72.94508196922102, 84.70139974252194, 94.52952090847431, 40.594644917346514, 26.280328590073637, 50.2853320584044, 38.17470154007929, 19.25791265962906, 83.1583833784692, 54.29911583598047, 84.36730934515259, 61.98790103953506, 101.36970414969029, 82.34023757406027, 5.974221616763757, 58.94037771213987], [49.73378081530798, 22.658768778869298, 99.84682774480203, 42.1243291417045, 0.0, 88.43913996939006, 74.71113326683206, 69.58672676785802, 53.52794221260792, 85.49331313740682, 48.91053021390442, 65.88277517948141, 60.4177776925189, 58.371743532607574, 82.09144613495162, 99.08653793338391, 109.1198079775767, 89.88153856527309, 75.69703260324832, 57.72568208258863, 88.9195864892066, 44.416883048760155, 38.1507697708691, 110.7338265281374, 85.32018117651923, 99.98951013521294, 62.51472396916434, 99.59680870229586, 68.25202900557763, 37.51124931783051, 41.74781805225773], [38.712063494278716, 69.46928507809582, 16.695062901031996, 53.80841210913239, 88.43913996939006, 0.0, 54.07742654695817, 54.00915788755287, 52.85267149611258, 82.79510858388639, 40.83256495175455, 22.9643760805052, 39.171788683340026, 58.487106487668584, 7.620344387103934, 27.199542170790018, 38.471538914790955, 85.24525628908364, 13.278965464648087, 30.748014625222712, 13.361687066738028, 52.472086619347266, 50.30440393741871, 33.23681619339929, 9.497736904951495, 50.83953321150745, 61.02801340732135, 86.42958613031686, 88.68645651290919, 54.883442115487746, 79.0782857641381], [45.97360652442514, 68.85756587017865, 51.415031344955985, 67.41472075966823, 74.71113326683206, 54.07742654695817, 0.0, 88.11088492457141, 21.641815478847093, 28.862423768657123, 54.22058734396921, 49.66885183344253, 67.81197059642916, 16.78379752997956, 54.54913689259014, 41.09619864901092, 45.04607103950058, 31.719765908050213, 51.64079803530918, 46.72136231747869, 65.47950867702248, 32.31370978092036, 49.41681725729277, 51.36877621829125, 44.774820032345936, 27.3989869801575, 14.188733133708398, 35.418138290848454, 37.51317415331076, 63.39023295881635, 41.34626865900927], [43.36912803539647, 47.3168452428435, 70.70161550003301, 29.598789197334114, 69.58672676785802, 54.00915788755287, 88.11088492457141, 0.0, 72.81254890111944, 114.35251105746097, 35.55876481298279, 40.21855609883325, 20.299406162399627, 81.42775123346554, 46.90453294967402, 79.76170005195576, 91.64949633556925, 118.13619322889865, 44.09924899384732, 41.39960966355789, 43.882035944688205, 64.05226823456417, 46.530861860900465, 87.20667804100464, 59.30261507265654, 98.30634477734277, 86.18447223904792, 123.44781910836652, 109.47893260215832, 35.52080500696879, 87.71341114612315], [29.46527392193865, 47.490687067440746, 56.86849632857797, 48.45350310069108, 53.52794221260792, 52.85267149611258, 21.641815478847093, 72.81254890111944, 0.0, 42.050597432375326, 37.33246474050239, 39.43147104630793, 53.057557933418124, 8.645517895432542, 50.2644551347625, 51.026287597530256, 58.84900817842651, 46.104077489214774, 45.28398926864933, 33.40768844937294, 60.95105035238651, 10.970684287027705, 29.44852737060421, 62.71112494561303, 45.279176267808644, 46.618614984813426, 13.580298361593291, 53.08768140411389, 38.29475208094568, 43.71240531464935, 27.042793735109253], [71.07567910210375, 86.79321818131032, 78.5138324588686, 90.41653455032468, 85.49331313740682, 82.79510858388639, 28.862423768657123, 114.35251105746097, 42.050597432375326, 0.0, 79.15926074040469, 77.63183023605993, 94.24824701316251, 33.467534871945126, 83.40911518545369, 66.55402509524599, 66.90438020321692, 4.410236731176244, 80.36186951675978, 73.54850629510516, 94.3414528111531, 52.3185166818618, 71.24729250508466, 74.92766162017372, 73.40430954772106, 44.48913010967599, 28.47053386934273, 14.660204661780408, 22.36996449668262, 85.46354967675164, 44.27308465138843], [8.251605668421567, 28.67746457317626, 54.68251367536237, 15.04147801833027, 48.91053021390442, 40.83256495175455, 54.22058734396921, 35.55876481298279, 37.33246474050239, 79.15926074040469, 0.0, 17.88371297028203, 16.61335945486927, 45.97141849299813, 33.85722705165394, 58.101769350469844, 69.77720534356926, 83.06468322082718, 27.610961689204213, 11.375086942643533, 40.01045950938956, 28.58978251757441, 13.21049251023875, 68.56179659227695, 40.05363884874738, 69.55326289793328, 50.80722644864168, 89.04248199220042, 74.07287295518539, 14.283871974321825, 53.78295343355175], [16.602351487695508, 46.50523562234556, 37.16389173813152, 31.533312705792042, 65.88277517948141, 22.9643760805052, 49.66885183344253, 40.21855609883325, 39.43147104630793, 77.63183023605993, 17.88371297028203, 0.0, 20.84564091886326, 47.16468483471306, 16.216794766757697, 42.24298414034761, 54.21582575481629, 80.98927954760497, 9.843749337578114, 8.454908817041668, 24.1391662984977, 34.972482062015125, 28.0085378803744, 51.86835159800566, 22.825985496423826, 58.181502955237846, 51.14088174103765, 84.98621730241373, 77.69018987033856, 32.04078143728648, 62.436575930836845], [23.660545587801046, 38.05270714979224, 55.402135749230844, 18.690137144415893, 60.4177776925189, 39.171788683340026, 67.81197059642916, 20.299406162399627, 53.057557933418124, 94.24824701316251, 16.61335945486927, 20.84564091886326, 0.0, 61.60355488038608, 31.559494652268818, 62.44709394769379, 74.4614071807127, 97.97531593904301, 27.017769905611463, 21.102181719557656, 32.94679703214785, 45.01204178388296, 29.276609035570107, 71.21983454229287, 42.25149465569662, 78.91488765043462, 66.25608025223241, 103.15869142425369, 90.44609556611452, 22.925509434522056, 70.34527241735546], [38.06403082207889, 54.82281027888848, 60.40216894634376, 56.95917753705634, 58.371743532607574, 58.487106487668584, 16.78379752997956, 81.42775123346554, 8.645517895432542, 33.467534871945126, 45.97141849299813, 47.16468483471306, 61.60355488038608, 0.0, 56.72511286858274, 52.76935574303302, 59.08633944111035, 37.57268497922779, 52.20430580983558, 41.64247393391477, 67.61919799215633, 18.98959347916491, 37.8369024115843, 64.07597561893223, 50.221257318557285, 43.8361884736191, 5.057866101733228, 44.93740106929733, 30.738305137348934, 52.08709332589189, 25.439428807986417], [32.586561842410426, 62.5333815829768, 24.042671784164686, 46.38748330755121, 82.09144613495162, 7.620344387103934, 54.54913689259014, 46.90453294967402, 50.2644551347625, 83.40911518545369, 33.85722705165394, 16.216794766757697, 31.559494652268818, 56.72511286858274, 0.0, 33.207790452820866, 44.908197422559844, 86.17843879770955, 6.401437253357285, 24.447911412564988, 11.016591023259247, 48.417379233370106, 44.121658804458825, 40.35155504053147, 13.177765223220574, 55.003996164953584, 59.79848142947895, 88.28164755631218, 87.3583989615705, 47.71234763980365, 75.60010032529328], [52.537321392983586, 84.35416707946817, 13.77238040510698, 72.94508196922102, 99.08653793338391, 27.199542170790018, 41.09619864901092, 79.76170005195576, 51.026287597530256, 66.55402509524599, 58.101769350469844, 42.24298414034761, 62.44709394769379, 52.76935574303302, 33.207790452820866, 0.0, 12.014470972919275, 67.87219164598594, 35.775374524862485, 46.73040508759333, 40.3351257405112, 56.121341873556084, 62.78016834889075, 11.806247809956806, 20.463229910635647, 26.27629829137023, 53.04132676203611, 66.27615821269673, 78.60936233800979, 72.09648532766188, 77.61799980600648], [63.88040007202035, 95.42211440407362, 22.99475899359407, 84.70139974252194, 109.1198079775767, 38.471538914790955, 45.04607103950058, 91.64949633556925, 58.84900817842651, 66.90438020321692, 69.77720534356926, 54.21582575481629, 74.4614071807127, 59.08633944111035, 44.908197422559844, 12.014470972919275, 0.0, 67.45197653320639, 47.74770340531263, 58.43302047759591, 51.2165366365386, 65.3117756672499, 73.71004393760377, 9.155131858189792, 32.40511463662298, 22.86518809394774, 58.40687768205726, 63.979595948264205, 81.84997716956356, 83.63247437185927, 84.46979735182714], [74.93911600702404, 91.14924335084085, 80.20028552243922, 94.52952090847431, 89.88153856527309, 85.24525628908364, 31.719765908050213, 118.13619322889865, 46.104077489214774, 4.410236731176244, 83.06468322082718, 80.98927954760497, 97.97531593904301, 37.57268497922779, 86.17843879770955, 67.87219164598594, 67.45197653320639, 0.0, 83.3590268360698, 77.16645511612619, 97.0505524028412, 56.491626956602154, 75.39819205727491, 75.73022374264835, 75.79848456164306, 44.74705004223765, 32.54266540958576, 10.739817158836576, 25.886788630008155, 89.63346423728692, 48.59505950215957], [26.19399383043466, 56.28084441953638, 28.5551083564889, 40.594644917346514, 75.69703260324832, 13.278965464648087, 51.64079803530918, 44.09924899384732, 45.28398926864933, 80.36186951675978, 27.610961689204213, 9.843749337578114, 27.017769905611463, 52.20430580983558, 6.401437253357285, 35.775374524862485, 47.74770340531263, 83.3590268360698, 0.0, 18.048918832183613, 15.78057279988933, 42.648023756828415, 37.72126524063726, 44.20218771684341, 15.353640512332928, 55.253471784166514, 55.60267913499297, 86.1804920661508, 82.93898926789949, 41.60876547932878, 69.99950816863726], [8.165519486717809, 39.11572811842775, 43.63473130126308, 26.280328590073637, 57.72568208258863, 30.748014625222712, 46.72136231747869, 41.39960966355789, 33.40768844937294, 73.54850629510516, 11.375086942643533, 8.454908817041668, 21.102181719557656, 41.64247393391477, 24.447911412564988, 46.73040508759333, 58.43302047759591, 77.16645511612619, 18.048918832183613, 0.0, 32.55939802764647, 27.50776013338214, 19.675109541578898, 57.21447398599098, 28.926547023405828, 59.22717212326827, 46.02047768907825, 82.09570068806623, 71.60829611616876, 25.530016154169456, 54.79340354739536], [40.62928214544476, 68.11586774922164, 28.52255263426514, 50.2853320584044, 88.9195864892066, 13.361687066738028, 65.47950867702248, 43.882035944688205, 60.95105035238651, 94.3414528111531, 40.01045950938956, 24.1391662984977, 32.94679703214785, 67.61919799215633, 11.016591023259247, 40.3351257405112, 51.2165366365386, 97.0505524028412, 15.78057279988933, 32.55939802764647, 0.0, 58.366814705584595, 51.75195048126479, 45.09897722867633, 22.359411911904992, 64.16308872500812, 70.77391029329249, 98.8800471706747, 98.29615582165731, 52.76709232225929, 85.75995207836458], [21.580806591769203, 36.58346959076041, 59.58650434922209, 38.17470154007929, 44.416883048760155, 52.472086619347266, 32.31370978092036, 64.05226823456417, 10.970684287027705, 52.3185166818618, 28.58978251757441, 34.972482062015125, 45.01204178388296, 18.98959347916491, 48.417379233370106, 56.121341873556084, 65.3117756672499, 56.491626956602154, 42.648023756828415, 27.50776013338214, 58.366814705584595, 0.0, 18.943342710919268, 67.92510390607858, 46.35873270880728, 55.785901786245596, 24.0473259747338, 63.87915594932253, 45.483238813435634, 33.145576765205256, 27.475224734526417], [11.592919310307765, 21.76816762501882, 62.05438893489778, 19.25791265962906, 38.1507697708691, 50.30440393741871, 49.41681725729277, 46.530861860900465, 29.44852737060421, 71.24729250508466, 13.21049251023875, 28.0085378803744, 29.276609035570107, 37.8369024115843, 44.121658804458825, 62.78016834889075, 73.71004393760377, 75.39819205727491, 37.72126524063726, 19.675109541578898, 51.75195048126479, 18.943342710919268, 0.0, 74.0724171143581, 47.39766811421779, 69.269735487516, 42.885943138397884, 82.52526682793307, 63.39145092457058, 14.26439204802301, 41.329954021206355], [63.51194146185176, 95.48558796751374, 16.65414289708817, 83.1583833784692, 110.7338265281374, 33.23681619339929, 51.36877621829125, 87.20667804100464, 62.71112494561303, 74.92766162017372, 68.56179659227695, 51.86835159800566, 71.21983454229287, 64.07597561893223, 40.35155504053147, 11.806247809956806, 9.155131858189792, 75.73022374264835, 44.20218771684341, 57.21447398599098, 45.09897722867633, 67.92510390607858, 74.0724171143581, 0.0, 29.121118507735563, 31.5675599491267, 64.01033884870779, 72.74074031977734, 88.7107260455961, 82.73310272796888, 89.13634493224926], [36.092095870971235, 67.95970562535973, 14.73095543612936, 54.29911583598047, 85.32018117651923, 9.497736904951495, 44.774820032345936, 59.30261507265654, 45.279176267808644, 73.40430954772106, 40.05363884874738, 22.825985496423826, 42.25149465569662, 50.221257318557285, 13.177765223220574, 20.463229910635647, 32.40511463662298, 75.79848456164306, 15.353640512332928, 28.926547023405828, 22.359411911904992, 46.35873270880728, 47.39766811421779, 29.121118507735563, 0.0, 42.00654631083203, 52.411756813768775, 76.93566049219106, 79.99904201095946, 54.33432795111073, 72.03120585396594], [62.0461765239755, 90.58736154999579, 39.991708005431875, 84.36730934515259, 99.98951013521294, 50.83953321150745, 27.3989869801575, 98.30634477734277, 46.618614984813426, 44.48913010967599, 69.55326289793328, 58.181502955237846, 78.91488765043462, 43.8361884736191, 55.003996164953584, 26.27629829137023, 22.86518809394774, 44.74705004223765, 55.253471784166514, 59.22717212326827, 64.16308872500812, 55.785901786245596, 69.269735487516, 31.5675599491267, 42.00654631083203, 0.0, 41.58503233687169, 41.17517770825845, 61.285683330907865, 81.74768433108731, 68.74493452853284], [42.81947297273232, 59.750957308181725, 61.65234256874573, 61.98790103953506, 62.51472396916434, 61.02801340732135, 14.188733133708398, 86.18447223904792, 13.580298361593291, 28.47053386934273, 50.80722644864168, 51.14088174103765, 66.25608025223241, 5.057866101733228, 59.79848142947895, 53.04132676203611, 58.40687768205726, 32.54266540958576, 55.60267913499297, 46.02047768907825, 70.77391029329249, 24.0473259747338, 42.885943138397884, 64.01033884870779, 52.411756813768775, 41.58503233687169, 0.0, 39.90407720639181, 27.662420449295805, 57.13952203804803, 27.167399034806238], [80.80854088434555, 99.50330565403544, 79.36634307244435, 101.36970414969029, 99.59680870229586, 86.42958613031686, 35.418138290848454, 123.44781910836652, 53.08768140411389, 14.660204661780408, 89.04248199220042, 84.98621730241373, 103.15869142425369, 44.93740106929733, 88.28164755631218, 66.27615821269673, 63.979595948264205, 10.739817158836576, 86.1804920661508, 82.09570068806623, 98.8800471706747, 63.87915594932253, 82.52526682793307, 72.74074031977734, 76.93566049219106, 41.17517770825845, 39.90407720639181, 0.0, 36.62275741156074, 96.78335116192098, 58.731854890021275], [66.84916558975867, 74.28119645698935, 88.49570968576765, 82.34023757406027, 68.25202900557763, 88.68645651290919, 37.51317415331076, 109.47893260215832, 38.29475208094568, 22.36996449668262, 74.07287295518539, 77.69018987033856, 90.44609556611452, 30.738305137348934, 87.3583989615705, 78.60936233800979, 81.84997716956356, 25.886788630008155, 82.93898926789949, 71.60829611616876, 98.29615582165731, 45.483238813435634, 63.39145092457058, 88.7107260455961, 79.99904201095946, 61.285683330907865, 27.662420449295805, 36.62275741156074, 0.0, 76.71753856584851, 26.78695076372321], [19.97827245575895, 15.459055728925888, 68.96551424347693, 5.974221616763757, 37.51124931783051, 54.883442115487746, 63.39023295881635, 35.52080500696879, 43.71240531464935, 85.46354967675164, 14.283871974321825, 32.04078143728648, 22.925509434522056, 52.08709332589189, 47.71234763980365, 72.09648532766188, 83.63247437185927, 89.63346423728692, 41.60876547932878, 25.530016154169456, 52.76709232225929, 33.145576765205256, 14.26439204802301, 82.73310272796888, 54.33432795111073, 81.74768433108731, 57.13952203804803, 96.78335116192098, 76.71753856584851, 0.0, 53.03572742035851], [48.105975546134914, 48.27749735329025, 83.9109636387473, 58.94037771213987, 41.74781805225773, 79.0782857641381, 41.34626865900927, 87.71341114612315, 27.042793735109253, 44.27308465138843, 53.78295343355175, 62.436575930836845, 70.34527241735546, 25.439428807986417, 75.60010032529328, 77.61799980600648, 84.46979735182714, 48.59505950215957, 69.99950816863726, 54.79340354739536, 85.75995207836458, 27.475224734526417, 41.329954021206355, 89.13634493224926, 72.03120585396594, 68.74493452853284, 27.167399034806238, 58.731854890021275, 26.78695076372321, 53.03572742035851, 0.0]]",Route_2,1684.0061197355085
