instance_id,num_cities,city_coordinates,distance_matrix,best_route,total_distance
1005,20,"[[26.308359138975113, 11.52911246424585], [82.0485215713156, 19.258616449722187], [90.39358309130914, 54.60082359801904], [20.84655507937937, 0.28105468462712446], [42.12135067684295, 20.651090456682585], [40.41116413402638, 14.738169801303103], [56.27966936341245, 51.72876343123745], [13.85212970174311, 47.5280974306335], [29.35857918156475, 62.41088465583273], [3.6247339184954597, 73.84491162689632], [79.3425412802298, 61.1693120406657], [88.89540253621077, 57.822565986201866], [26.872112530853354, 66.78357633831116], [69.25110297233185, 82.89664585788869], [70.02043310267608, 8.229848869792733], [20.060471836205085, 8.52493937439096], [91.7645678335757, 80.00070685311398], [7.376671360661547, 37.03875287139075], [85.39418941067356, 33.67852250124348], [31.051053384774708, 41.10052476626124]]","[[0.0, 56.273536763253084, 77.21455969577245, 12.504003654792248, 18.255442582177512, 14.463303831454413, 50.14271008269708, 38.093103974383205, 50.97311628363288, 66.31595342316184, 72.64140616327971, 77.84742667678208, 55.25733974683583, 83.29108037857368, 43.8364066783963, 6.932615069504668, 94.72525795596853, 31.76713011648026, 63.10096436571321, 29.949316757564397], [56.273536763253084, 0.0, 36.314069695995265, 64.07673956302773, 39.95144502388474, 41.8820244527624, 41.452915327078735, 73.82351535221281, 68.10542034498695, 95.550793251465, 41.997961072562525, 39.16705226079179, 72.82209779326874, 64.91203824986763, 16.318965241139587, 62.91049303192614, 61.51425120688864, 76.75948452833372, 14.802945106498724, 55.478020155241204], [77.21455969577245, 36.314069695995265, 0.0, 88.24639596094813, 59.0151912870254, 63.93178687115018, 34.2346000332411, 76.86753243356995, 61.53266413856376, 88.87726430779509, 12.855760013760625, 3.5530506598539855, 64.67918279086359, 35.32220297409951, 50.64911191427883, 84.08170815232064, 25.436856498710295, 84.85419236255348, 21.51131377573473, 60.85880298295131], [12.504003654792248, 64.07673956302773, 88.24639596094813, 0.0, 29.45429145419517, 24.326571993562858, 62.46897088268217, 47.76196221478213, 62.71020910957883, 75.55284357534214, 84.43435488866643, 89.1160544631121, 66.77494087529938, 95.75142903178325, 49.81218333749471, 8.281277778418135, 106.69858234704378, 39.14800305743558, 72.67591041279354, 42.07565713581], [18.255442582177512, 39.95144502388474, 59.0151912870254, 29.45429145419517, 0.0, 6.155271617730953, 34.15083813823375, 39.00669632789774, 43.66656326980703, 65.6625624882837, 55.01948118859727, 59.74554812188504, 48.58750371908156, 67.9009029897188, 30.539254129125567, 25.1739133885033, 77.37458223521523, 38.41546850166899, 45.19128851625901, 23.253620056166437], [14.463303831454413, 41.8820244527624, 63.93178687115018, 24.326571993562858, 6.155271617730953, 0.0, 40.250633228683405, 42.196702050183184, 48.93717784806017, 69.61931037606921, 60.5929294237525, 64.86128712920498, 53.77759998285367, 74.00891791232561, 30.316118653372797, 21.27803819289997, 83.04439062313524, 39.8571664579831, 48.807883824620156, 27.974728462251598], [50.14271008269708, 41.452915327078735, 34.2346000332411, 62.46897088268217, 34.15083813823375, 40.250633228683405, 0.0, 42.63498231020103, 28.962955830441857, 57.11099927089983, 24.92027325489229, 33.18012175954252, 33.037127455745704, 33.75936884528736, 45.6175860404968, 56.37730645082125, 45.37048384453909, 51.06172366759143, 34.255896940719545, 27.37594786153113], [38.093103974383205, 73.82351535221281, 76.86753243356995, 47.76196221478213, 39.00669632789774, 42.196702050183184, 42.63498231020103, 0.0, 21.492960034876866, 28.234275870788895, 66.89601441608116, 75.74608161845691, 23.2442126309829, 65.72655823399322, 68.55093469011842, 39.49417489223915, 84.4086392400186, 12.327120913238351, 72.87027537426326, 18.360737082441183], [50.97311628363288, 68.10542034498695, 61.53266413856376, 62.71020910957883, 43.66656326980703, 48.93717784806017, 28.962955830441857, 21.492960034876866, 0.0, 28.15968332205821, 49.99937969254735, 59.71336536636004, 5.030203669347396, 44.84506512900366, 67.74194419375594, 54.68226311227772, 64.83756060006334, 33.57006617112597, 62.97251979023133, 21.377462607886578], [66.31595342316184, 95.550793251465, 88.87726430779509, 75.55284357534214, 65.6625624882837, 69.61931037606921, 57.11099927089983, 28.234275870788895, 28.15968332205821, 0.0, 76.77146069040995, 86.76290962353728, 24.29615336641036, 66.24767322539601, 93.34733703097717, 67.3560112830897, 88.35453659798715, 36.996896584786775, 91.10204534960046, 42.71297075064364], [72.64140616327971, 41.997961072562525, 12.855760013760625, 84.43435488866643, 55.01948118859727, 60.5929294237525, 24.92027325489229, 66.89601441608116, 49.99937969254735, 76.77146069040995, 0.0, 10.122147367485399, 52.76993326457033, 23.956505628474943, 53.753962288320935, 79.2829977422132, 22.55943647953855, 75.9036910769305, 28.14899562321025, 52.29554499020145], [77.84742667678208, 39.16705226079179, 3.5530506598539855, 89.1160544631121, 59.74554812188504, 64.86128712920498, 33.18012175954252, 75.74608161845691, 59.71336536636004, 86.76290962353728, 10.122147367485399, 0.0, 62.66728181131904, 31.85291174707806, 53.06318933220136, 84.66701644697368, 22.362961382969843, 84.12651437010126, 24.396584374743846, 60.21291714669399], [55.25733974683583, 72.82209779326874, 64.67918279086359, 66.77494087529938, 48.58750371908156, 53.77759998285367, 33.037127455745704, 23.2442126309829, 5.030203669347396, 24.29615336641036, 52.76993326457033, 62.66728181131904, 0.0, 45.338833687928755, 72.73456240760859, 58.65549616060577, 66.22479365208433, 35.56440284186801, 67.23673156751997, 26.02081252984136], [83.29108037857368, 64.91203824986763, 35.32220297409951, 95.75142903178325, 67.9009029897188, 74.00891791232561, 33.75936884528736, 65.72655823399322, 44.84506512900366, 66.24767322539601, 23.956505628474943, 31.85291174707806, 45.338833687928755, 0.0, 74.67076028346699, 89.16764501116995, 22.69895510321647, 77.01552854086222, 51.797904460564006, 56.62295936100311], [43.8364066783963, 16.318965241139587, 50.64911191427883, 49.81218333749471, 30.539254129125567, 30.316118653372797, 45.6175860404968, 68.55093469011842, 67.74194419375594, 93.34733703097717, 53.753962288320935, 53.06318933220136, 72.73456240760859, 74.67076028346699, 0.0, 49.960832740789925, 74.9924226229396, 68.9506623243285, 29.731925141466856, 50.98130921709111], [6.932615069504668, 62.91049303192614, 84.08170815232064, 8.281277778418135, 25.1739133885033, 21.27803819289997, 56.37730645082125, 39.49417489223915, 54.68226311227772, 67.3560112830897, 79.2829977422132, 84.66701644697368, 58.65549616060577, 89.16764501116995, 49.960832740789925, 0.0, 101.24358112726267, 31.207632954857147, 70.00855230769946, 34.37966908506816], [94.72525795596853, 61.51425120688864, 25.436856498710295, 106.69858234704378, 77.37458223521523, 83.04439062313524, 45.37048384453909, 84.4086392400186, 64.83756060006334, 88.35453659798715, 22.55943647953855, 22.362961382969843, 66.22479365208433, 22.69895510321647, 74.9924226229396, 101.24358112726267, 0.0, 94.69449065838509, 46.75817024199785, 72.10655312185617], [31.76713011648026, 76.75948452833372, 84.85419236255348, 39.14800305743558, 38.41546850166899, 39.8571664579831, 51.06172366759143, 12.327120913238351, 33.57006617112597, 36.996896584786775, 75.9036910769305, 84.12651437010126, 35.56440284186801, 77.01552854086222, 68.9506623243285, 31.207632954857147, 94.69449065838509, 0.0, 78.08984742477354, 24.020290488451888], [63.10096436571321, 14.802945106498724, 21.51131377573473, 72.67591041279354, 45.19128851625901, 48.807883824620156, 34.255896940719545, 72.87027537426326, 62.97251979023133, 91.10204534960046, 28.14899562321025, 24.396584374743846, 67.23673156751997, 51.797904460564006, 29.731925141466856, 70.00855230769946, 46.75817024199785, 78.08984742477354, 0.0, 54.84763031117456], [29.949316757564397, 55.478020155241204, 60.85880298295131, 42.07565713581, 23.253620056166437, 27.974728462251598, 27.37594786153113, 18.360737082441183, 21.377462607886578, 42.71297075064364, 52.29554499020145, 60.21291714669399, 26.02081252984136, 56.62295936100311, 50.98130921709111, 34.37966908506816, 72.10655312185617, 24.020290488451888, 54.84763031117456, 0.0]]",Route_0,1199.7453981375998
