instance_id,num_cities,city_coordinates,distance_matrix,best_route,total_distance
1180,67,"[[89.95754335975137, 98.43092437339696], [17.083788795271694, 89.90943998375151], [19.33100342046957, 24.09967019259508], [38.723816950392695, 8.199486001095257], [35.74076994239348, 12.172160139139365], [68.41766892316167, 57.68312277233149], [35.88509948815608, 84.52110227854193], [66.48860777489186, 58.25844787072983], [39.166864998665254, 95.49499251740971], [38.18587659322271, 91.60241792885373], [70.05390583997018, 40.664437671684524], [51.588653145880556, 12.385475384289757], [84.33555974751023, 17.91130447825634], [23.88860258398523, 6.573837945199889], [81.86158603244758, 2.9211988914517595], [15.332016783295677, 20.11496239346373], [4.040876781799218, 2.079333634358327], [77.0570433859983, 62.70527526850312], [12.01297693391391, 0.7134282205921161], [81.56157403794214, 58.4552984160419], [5.638184227158405, 62.98080347362826], [39.822563831379924, 23.273887415100113], [88.8271232365233, 99.4850931769165], [29.666898380030005, 57.07223898429997], [26.29315970866025, 74.83876594849215], [65.21447462539453, 32.35711906786165], [96.62029460976072, 51.230721521808086], [58.27825957157076, 68.20057052258795], [53.65036284422972, 23.758403737301926], [96.36423577779664, 36.16203585104496], [96.81328919173751, 45.108225212195805], [3.8107482814139892, 50.026177897743885], [67.25362247516814, 22.523574255414747], [55.665035932819364, 5.0165615575127], [20.330554418097925, 82.32288122430523], [8.259166833183794, 27.11075894752404], [67.77125571935916, 29.31674305876516], [44.46844498080349, 65.67640164850886], [98.19849469050604, 41.208971176797704], [47.878511525579725, 8.285447946676893], [36.84901279482998, 11.544935954408963], [15.164673225192459, 64.75533166118808], [64.64361231396965, 52.11538465353708], [27.498361578537, 46.83392143047589], [71.19348814969314, 69.52278318602187], [25.626480707856793, 27.46798097921408], [79.84811004547673, 3.3635837364294985], [62.3821380769576, 61.941250289859916], [5.198514438650703, 20.028193724918474], [76.65674548929357, 54.24468597417715], [63.478596675195284, 32.54949123175746], [49.360772033862375, 66.58574042425761], [25.843422357353184, 43.60212898863804], [38.724222060487044, 94.86187887207092], [97.37250116082065, 58.424971492902166], [15.47646490132325, 95.07431864815227], [53.04505744592629, 31.437018159146536], [53.086604990868025, 26.97432475553856], [62.534128936625734, 98.05411567526598], [3.9335483635601465, 10.539950872601356], [76.1958020784634, 90.00256991901986], [14.311940615857754, 86.48609594103279], [43.79596773313784, 24.64576889583895], [97.14523185493235, 38.054895267546385], [74.21149889699974, 56.8125923890812], [82.0188526264542, 80.5432558296885], [40.934977641471605, 36.995261759360396]]","[[0.0, 73.37029235683195, 102.53410891935397, 103.76226285371526, 101.88244660887548, 46.09066636602084, 55.83289654815824, 46.525464058337214, 50.87546269315201, 52.220053428234415, 61.0992780021005, 94.21247809064955, 80.71564834525108, 113.14958799000976, 95.8522414275329, 108.17744273949003, 129.09416188894912, 37.983481982814645, 124.9962579027277, 40.84780253006423, 91.46838468202773, 90.34432121977022, 1.5456783369487808, 73.11294501786332, 67.89509323080074, 70.55471067155538, 47.66813824191836, 43.78871219021183, 83.03129949082283, 62.59760527007834, 53.76161731894566, 98.81442092954501, 79.23000584038442, 99.50989521612334, 71.46598241942898, 108.44902361686196, 72.5878875436806, 56.054587950183084, 57.81232746110178, 99.48292235505335, 101.83167975787156, 82.02450223856022, 52.78185601636712, 81.01481408650264, 34.46404495753982, 95.78217452682931, 95.60334668682353, 45.737285569140255, 115.46030121555134, 46.144716792537174, 71.00350590160939, 51.5966431353925, 84.3612311150917, 51.35748530783207, 40.68731823391667, 74.5566754243057, 76.48996722565722, 80.40840581151274, 27.426003052167157, 122.98353929702255, 16.137616983362932, 76.58287106635257, 87.03528154248121, 60.80236637248811, 44.49745468428134, 19.570168535005397, 78.59740829333235], [73.37029235683195, 0.0, 65.84812657575543, 84.5269625527987, 79.94477858599396, 60.61107794781119, 19.558207151877493, 58.673856530379844, 22.778512938977, 21.169890971732368, 72.32498567192765, 84.8560590121443, 98.52173472122787, 83.61296584757005, 108.45790475217903, 69.81645799725969, 88.79327190241895, 65.8548239999051, 89.34003384478291, 71.74083782310775, 29.26009788472962, 70.4084423650477, 72.37954939639408, 35.16555724427551, 17.661758929886, 75.02554605788325, 88.4426312308523, 46.564572754629644, 75.58487900471243, 95.78190186435761, 91.45459025372703, 42.03389345639636, 84.0111130233727, 93.24866453832297, 8.252112506509908, 63.415678602878636, 78.99806468403965, 36.567192144832845, 94.6114748563167, 87.23984768501703, 80.81868330724994, 25.227210905579227, 60.74806524847524, 44.31662921400412, 57.822792561534875, 63.02311788327102, 106.90905132672849, 53.23683013102037, 70.88475382774367, 69.43278654808013, 73.7742632565477, 39.82208693835369, 47.1285288518547, 22.199887451263745, 86.24122615935569, 5.409201578610263, 68.64573516977653, 72.50538947417864, 46.17433444116683, 80.45150480368162, 59.112086645432136, 4.404818584747635, 70.518701544199, 95.38725529398674, 66.02254601400884, 65.60707218255946, 58.041273819065324], [102.53410891935397, 65.84812657575543, 0.0, 25.077820358436064, 20.28659491830361, 59.4756169984691, 62.648124887620384, 58.2293889793845, 74.0996184498511, 70.08656928617334, 53.359201188684224, 34.318775121123345, 65.2984549089012, 18.10874115169566, 66.01970469826988, 5.645333503766945, 26.808267283892015, 69.44557893328269, 24.504485818539496, 71.0841269905169, 41.22178820330549, 20.508192637811742, 102.53132530116028, 34.5546092054125, 51.21452390003528, 46.62057905840316, 81.91293230480416, 58.83687765012224, 34.32105613250768, 77.97191515344542, 80.27991026621804, 30.21691780057194, 47.9485296486238, 41.040552552162936, 58.231790330024324, 11.473980168434124, 48.72038476932429, 48.58513730305157, 80.70197865850201, 32.635101413273155, 21.552308559216158, 40.86858349325206, 53.273940923235045, 24.156819298683253, 68.94183429748998, 7.139926598450594, 63.97113001800155, 57.31828137225309, 14.707282735028796, 64.76853155825883, 44.948965124667495, 52.02742706211477, 20.561067567148203, 73.37156878803401, 85.25668113945139, 71.0792388154622, 34.503247876303924, 33.87778440565053, 85.64911010053802, 20.51700782927561, 87.04480179060307, 62.58799492795698, 24.471058469420907, 79.05569210210803, 63.89056317158899, 84.35428144228464, 25.160047376715116], [103.76226285371526, 84.5269625527987, 25.077820358436064, 0.0, 4.967968323069057, 57.709229357948956, 76.37438987011433, 57.243194119421055, 87.29663080275766, 83.40466673978253, 45.11704286411648, 13.528729336229313, 46.634220258558315, 14.924018121769315, 43.45949189979697, 26.251759802239746, 35.21878197397392, 66.63570598880519, 27.740043898288192, 66.03574875609573, 63.99727991659646, 15.114391244738597, 104.13166366797451, 49.7048665439062, 67.78875180565703, 35.851724915862256, 72.13660205333183, 63.107102373506706, 21.561115310736348, 64.06498323350647, 68.82326507389054, 54.482974578321205, 31.92380471684165, 17.237630597738455, 76.3713940294277, 35.85709345747764, 35.912285428200825, 57.76328058159162, 68.02105118163975, 9.155098154637502, 3.8349610182949574, 61.266605352286994, 50.994528590244336, 40.23220661674556, 69.38894959157048, 23.298392978311504, 41.40764945373953, 58.71876520667654, 35.55086827237063, 59.657920749037686, 34.72350607235355, 59.34727895206314, 37.67295708297683, 86.66239287192252, 77.21572088961034, 89.93150685242374, 27.296168781119793, 23.638617780043045, 92.95582515778189, 34.86890540522747, 89.97718715275205, 82.00446940295726, 17.21066339851085, 65.60798108397837, 60.18811911526377, 84.3094368810747, 28.880545928393783], [101.88244660887548, 79.94477858599396, 20.28659491830361, 4.967968323069057, 0.0, 56.02702425436442, 72.34908610140421, 55.40194444469043, 83.39324027085138, 79.46788281484797, 44.6004615908529, 15.84931876848912, 48.932518573528355, 13.10782523834039, 47.039451110943155, 21.899892994265624, 33.26782790097215, 65.27350286252651, 26.349776056626844, 65.12814273969073, 59.0566160919704, 11.828329969271993, 102.18468173717879, 45.309038789823454, 63.3747648736731, 35.7229874827815, 72.33178928388456, 60.391400123539135, 21.330601459533813, 65.19753635352315, 69.38758527256951, 49.52224695769938, 33.16943847819899, 21.170237748278105, 71.82338345743658, 31.27939008053059, 36.33027308727978, 54.21140259271127, 68.87745477257177, 12.744853957862563, 1.2734254583160007, 56.46561505405573, 49.30350374733789, 35.628289201899186, 67.423951175764, 18.33742026271767, 44.97831109781061, 56.451083519379125, 31.536433453337665, 58.68743038414997, 34.41834764071504, 56.09226485369106, 32.951486022629695, 82.74352283213646, 77.05707528259309, 85.34289627292388, 25.895426633596067, 22.803115376190778, 89.96440614433597, 31.84907301091781, 87.71648825411656, 77.34181133561415, 14.848472206366063, 66.63650591451889, 58.9301720493028, 82.56069078465241, 25.360720961143482], [46.09066636602084, 60.61107794781119, 59.4756169984691, 57.709229357948956, 56.02702425436442, 0.0, 42.173987456953036, 2.0130265479151292, 47.80530330254267, 45.43654752944847, 17.097160986634883, 48.32279618278872, 42.83896332444111, 67.78640530799402, 56.38800594431954, 65.03424588143686, 85.06557901356088, 9.993037916665616, 80.16879302896105, 13.166567392114457, 63.00261200544467, 44.7400884339692, 46.51828194457526, 38.75558536119562, 45.48395727452002, 25.527767574703194, 28.93132519460822, 14.609049564516647, 36.99945797487523, 35.272762597139334, 31.055423022156074, 65.05907315372357, 35.1788126014297, 54.188525707760505, 54.032289216677874, 67.48121815398909, 28.373743991307837, 25.247927333418197, 34.03373699988808, 53.49754447433783, 55.904492955346385, 53.720551834242634, 6.7263073858442, 42.33314166607501, 12.160704382966015, 52.38359077474393, 55.50916415623272, 7.3864255598370185, 73.58366106210109, 8.927778574622337, 25.6143293702562, 21.033827994584623, 44.8424002098758, 47.581095949025745, 28.964334092728386, 64.81413898452959, 30.416692637370637, 34.323050519035455, 40.79746451364293, 79.87916161999154, 33.24223246488099, 61.294706941307055, 41.2030935810822, 34.79281803732557, 5.858864131715836, 26.600336116875997, 34.39892314268998], [55.83289654815824, 19.558207151877493, 62.648124887620384, 76.37438987011433, 72.34908610140421, 42.173987456953036, 0.0, 40.32743155719786, 11.45409323520134, 7.445710619312942, 55.5959922831327, 73.82513301652621, 82.36693670604842, 78.86502364815266, 93.6609926689861, 67.60606528684458, 88.37816323590998, 46.5946270771535, 87.14129024893028, 52.59055483920639, 37.13300897329678, 61.37365032310501, 55.0161694611622, 28.144379921524013, 13.629121231454224, 59.84390854836435, 69.26047485678757, 27.709445597458977, 63.30647767902004, 77.435942766134, 72.56458626080989, 47.102694332388396, 69.48149189075566, 81.92812631213236, 15.709107171948377, 63.711377919822255, 63.75145673682166, 20.707403547565292, 75.8874160992383, 77.17329151790165, 72.98253202123301, 28.636021941197793, 43.326465292521085, 38.609078893952876, 38.36185456251054, 57.96807663943429, 92.29999519597176, 34.81296841418761, 71.42129763387506, 50.78374249577591, 58.842581875792895, 22.433701330882062, 42.13309453029955, 10.7234452270712, 66.7960223848457, 22.975698932626205, 55.78874567426201, 60.06266223571742, 29.888345925148073, 80.58605575790622, 40.681681759949605, 21.662464860284324, 60.39567355431419, 76.88896027118355, 47.293492278965346, 46.304928906068824, 47.79337596799384], [46.525464058337214, 58.673856530379844, 58.2293889793845, 57.243194119421055, 55.40194444469043, 2.0130265479151292, 40.32743155719786, 0.0, 46.184823108402995, 43.73631136228672, 17.95161678448383, 48.232128842590846, 44.11808783986183, 66.97805122142223, 57.43291377861559, 63.81161560590571, 83.99888084116921, 11.46586696118919, 79.24029052229203, 15.074251626672597, 61.03338994664134, 43.98860500028297, 46.88971695619062, 36.84081125982303, 43.4808117772069, 25.932648322856206, 30.940386053666785, 12.894014907869792, 36.81132404720245, 37.15917884872622, 33.05320951136524, 63.2161715037559, 35.74306142168268, 54.33091353557422, 52.054421928567294, 66.03670432146554, 28.9701132751038, 23.236041137151997, 36.002799665275674, 53.32575741438707, 55.3232120012781, 51.73350709790075, 6.4141432741442665, 40.62953485872594, 12.207421899669297, 51.16411124841364, 56.49710089235602, 5.515988310212657, 72.23591816553922, 10.93166543310106, 25.884563320343233, 19.044856482623498, 43.206929777521324, 45.94205344962482, 30.884342324067017, 62.909832789900534, 30.001968889071822, 34.03395418856627, 39.99166261724172, 78.67776314636579, 33.195163892712216, 59.32288522489029, 40.55574065325018, 36.71528479767682, 7.857069769178973, 27.162495668055733, 33.24321128595097], [50.87546269315201, 22.778512938977, 74.0996184498511, 87.29663080275766, 83.39324027085138, 47.80530330254267, 11.45409323520134, 46.184823108402995, 0.0, 4.0142838936832215, 62.93170136443569, 84.03268803789783, 89.77438184176489, 90.22414883425976, 101.94482071421749, 79.05851586601351, 99.80140466329134, 50.10819469395363, 98.59451591029195, 56.296094834791575, 46.704870446799994, 72.22408160134728, 49.82029858926725, 39.57975940832993, 24.339514866988587, 68.29984649322154, 72.52738972863398, 33.32012716891536, 73.18408214665779, 82.41322084968012, 76.56328455413468, 57.59746602274645, 78.19011336934423, 91.97030016879046, 22.985019299655228, 75.04458146214945, 72.09557455151258, 30.286219832027673, 80.19791404436901, 87.64358190674622, 83.9820482946793, 39.00040973484881, 50.30760411897222, 50.040521693854984, 41.23421210610656, 69.36149007598218, 100.71325723323022, 40.801991637327504, 82.75920830792424, 55.74117803843267, 67.4773771660817, 30.653883884879264, 53.57595924509475, 0.7725060897062345, 69.00784404543185, 23.69413478640691, 65.54409435248242, 69.9202479399441, 23.50698056500206, 91.97143959937073, 37.43406052325815, 26.437236686139016, 71.00028929452078, 81.61406616137715, 52.196306811463245, 45.38554035847899, 58.526444630456695], [52.220053428234415, 21.169890971732368, 70.08656928617334, 83.40466673978253, 79.46788281484797, 45.43654752944847, 7.445710619312942, 43.73631136228672, 4.0142838936832215, 0.0, 60.085348636346545, 80.342755774427, 86.94925794295168, 86.22222137089624, 98.85305359461213, 75.05168357296297, 95.81369230815311, 48.43565279589442, 94.5823933233069, 54.59104927378178, 43.34223220347023, 68.34812965461823, 51.251072482963956, 35.565520490212926, 20.55375251906662, 65.1195097395012, 71.02432737952654, 30.843967250902704, 69.58419789457277, 80.3639063407368, 74.82568719611079, 53.94657710715087, 74.94545012151688, 88.33250553888702, 20.122682013801377, 71.09699033873186, 68.95505747992394, 26.676375048220788, 78.36462088495475, 83.87886896556785, 80.06864320633889, 35.36582878395031, 47.531437768647955, 46.02652774123202, 39.711619093657056, 65.35261607504822, 97.57988294657997, 38.27850487542279, 78.810123920167, 53.62469478156623, 64.2414962515479, 27.39913213001818, 49.56171824007644, 3.3036194518258855, 67.85130418581667, 22.973277389106798, 61.97314406307005, 66.32361671380036, 25.18852508562365, 88.00196335536236, 38.04357960350366, 24.41601052044295, 67.19126410723698, 79.6463605950687, 50.08170747350978, 45.206579767390714, 54.67631170345085], [61.0992780021005, 72.32498567192765, 53.359201188684224, 45.11704286411648, 44.6004615908529, 17.097160986634883, 55.5959922831327, 17.95161678448383, 62.93170136443569, 60.085348636346545, 0.0, 33.77373632141519, 26.863929505056355, 57.388188805959444, 39.54710337242779, 58.453110063889675, 76.462606933103, 23.126661182667956, 70.46156813780938, 21.188231483059912, 68.1718811058154, 34.87642868567741, 61.74385156016282, 43.59273237001242, 55.52375721382668, 9.614137343830219, 28.590546806051726, 29.948363184339012, 23.556107619969858, 26.692790854307187, 27.12585196951509, 66.90140584014598, 18.355721517035015, 38.44230285318834, 64.86784716521655, 63.263670268761736, 11.575001710635068, 35.78008034303317, 28.149856097392362, 39.244707778385234, 44.16458199056813, 59.943298459900234, 12.6647330338496, 43.000428802940895, 28.880837135815643, 46.345901362534626, 38.56527116873927, 22.617665127031717, 68.05935907756393, 15.100352161192495, 10.444474440356384, 33.16805274820991, 44.30797761171745, 62.60121179651197, 32.58438601414807, 77.06576546875326, 19.350612252637806, 21.801570809479976, 57.88024003086747, 72.65938602628286, 49.718951950538624, 72.15809763012805, 30.758365739624203, 27.216716495711985, 16.674785779878583, 41.63508243395877, 29.34918791559479], [94.21247809064955, 84.8560590121443, 34.318775121123345, 13.528729336229313, 15.84931876848912, 48.32279618278872, 73.82513301652621, 48.232128842590846, 84.03268803789783, 80.342755774427, 33.77373632141519, 0.0, 33.20985816217204, 28.303143480097553, 31.717865550624257, 37.0713993498182, 48.65190227461174, 56.3978826004151, 41.26100862346926, 54.96184659360293, 68.34714930645065, 16.03116883790766, 94.72616889916615, 49.774191837309516, 67.38156640008562, 24.177046188795305, 59.471017146302735, 56.21455042449343, 11.558293394918433, 50.69691931130344, 55.82155552992007, 60.82393179451958, 18.65937600264882, 8.421269952454741, 76.60489195675976, 45.76328615975729, 23.421025833978575, 53.76448815354301, 54.80210979985915, 5.5295005047351955, 14.763587105155123, 63.791129161707715, 41.819823641702484, 42.0361461458662, 60.407131187936685, 30.02526224236192, 29.66464955407133, 50.717592050973046, 47.01548801097579, 48.791421017904604, 23.408508970611987, 54.246033814944006, 40.463519009206415, 83.4736528458538, 64.92916094475633, 90.23045461553411, 19.10712944393765, 14.665550985451858, 86.36503557337576, 47.69082692234619, 81.42435227008897, 82.94850971500553, 14.527241408172037, 52.29073513364449, 49.85540968878263, 74.64234773686238, 26.81683029703279], [80.71564834525108, 98.52173472122787, 65.2984549089012, 46.634220258558315, 48.932518573528355, 42.83896332444111, 82.36693670604842, 44.11808783986183, 89.77438184176489, 86.94925794295168, 26.863929505056355, 33.20985816217204, 0.0, 61.500998184722185, 15.192886870057674, 69.03872138026212, 81.84062202455502, 45.381456781181875, 74.33924221165717, 40.638780015449285, 90.68923118808044, 44.83485364294124, 81.69735090704894, 67.24761205499318, 81.29979133869332, 23.964504071740105, 35.51194535304872, 56.63914875540221, 31.237315485461092, 21.858139048951024, 29.922670828178468, 86.69261996502385, 17.69366026218201, 31.436814895927743, 90.80469110200335, 76.63059128955685, 20.111195816031945, 62.216487746460196, 27.110186993638706, 37.70641164341573, 47.911405632380905, 83.54025631393891, 39.46760563249762, 63.77291640707638, 53.25841511239595, 59.481812576856065, 15.22410534679984, 49.19948019255729, 79.16535328222264, 37.13595022805142, 25.481158137539293, 59.93693761176086, 63.885433398328274, 89.45269713730075, 42.559594175552114, 103.42004495657373, 34.08871462614644, 32.53667945456482, 83.05523807660367, 80.73921159241303, 72.54933637023451, 98.00923048600067, 41.09515216766391, 23.871571992351885, 40.197099512598264, 62.67478330216162, 47.41105306413268], [113.14958799000976, 83.61296584757005, 18.10874115169566, 14.924018121769315, 13.10782523834039, 67.78640530799402, 78.86502364815266, 66.97805122142223, 90.22414883425976, 86.22222137089624, 57.388188805959444, 28.303143480097553, 61.500998184722185, 0.0, 58.08793835188726, 16.018027715294128, 20.35025278759293, 77.31507843426849, 13.242918361181163, 77.57485144630616, 59.28594715718479, 23.082087716031896, 113.35569157864681, 50.82791762223171, 68.30726381769733, 48.70939627457049, 85.34715153833191, 70.57267655324327, 34.36672337089109, 78.28268558346316, 82.47974853793932, 47.86675339676517, 46.20518410879969, 31.814569400206352, 75.8325607140531, 25.807835750874826, 49.4259747420744, 62.58308836564055, 81.98507497620098, 24.050890624323078, 13.8810679794651, 58.83190592255855, 61.114673317287576, 40.42158683476121, 78.74212281439156, 20.966292793416656, 56.051513872665836, 67.43369057446237, 23.02909212990432, 71.11249297751337, 47.35084155329761, 65.19401702333727, 37.07985514998558, 89.52582742402561, 89.93566256070108, 88.89937651663092, 38.31809742755497, 35.618860266032314, 99.30819664379501, 20.345373938392136, 98.47028200281865, 80.48404458303732, 26.88676022629655, 79.73450132956155, 71.1078500687724, 94.07763151870942, 34.87179274831257], [95.8522414275329, 108.45790475217903, 66.01970469826988, 43.45949189979697, 47.039451110943155, 56.38800594431954, 93.6609926689861, 57.43291377861559, 101.94482071421749, 98.85305359461213, 39.54710337242779, 31.717865550624257, 15.192886870057674, 58.08793835188726, 0.0, 68.7154210337157, 77.8252627710633, 59.97682400976782, 69.88349193003215, 55.53490989642398, 97.04206863694712, 46.706651750714336, 96.81479426263205, 75.21050832344298, 90.88446762514529, 33.81715119330442, 50.513656130228455, 69.40871449260734, 35.07224286474081, 36.266790475730424, 44.75822401694097, 91.16365679820764, 24.44679363844075, 26.2802165482831, 100.45245148234795, 77.47548597905327, 29.920931807357384, 73.05109493216031, 41.62749201040402, 34.4038445651909, 45.831218513180616, 90.95019600530816, 52.12030824702358, 69.88338410391685, 67.45056962682196, 61.3590383051422, 2.0615018557290217, 62.151551547176865, 78.54855707413014, 51.58672979953604, 34.86789360875515, 71.48060407658144, 69.2312988113167, 101.5574753809291, 57.63035017343821, 113.57456488354615, 40.54064957897975, 37.50403175362435, 97.07637433272296, 78.2995813314082, 87.26549311070328, 107.45253191439507, 43.8286235054703, 38.314050303704, 54.43166473934342, 77.62221625349574, 53.254380427477464], [108.17744273949003, 69.81645799725969, 5.645333503766945, 26.251759802239746, 21.899892994265624, 65.03424588143686, 67.60606528684458, 63.81161560590571, 79.05851586601351, 75.05168357296297, 58.453110063889675, 37.0713993498182, 69.03872138026212, 16.018027715294128, 68.7154210337157, 0.0, 21.278480849667424, 74.9927573829506, 19.683382681411473, 76.5266987427963, 43.94827324408034, 24.693434390678597, 108.17184630555984, 39.63999398844512, 55.81076356545941, 51.36272968222459, 87.04007455262038, 64.47174170733382, 38.49117184071549, 82.60586590385559, 85.22828720339815, 32.053399832715726, 51.97744269126574, 43.06639225102204, 62.4084172508092, 9.948184550087506, 53.24045968627498, 54.08120001534448, 85.50912446807975, 34.62963661455692, 23.16088233480065, 44.64068292740634, 58.784866067754066, 29.358520359483876, 74.57638190934435, 12.65080510546583, 66.65534469737432, 62.95357236043493, 10.133873818573345, 70.18233668495334, 49.72635782678468, 57.59765094767568, 25.732015890944094, 78.32175170915254, 90.54445247555466, 74.95949543170708, 39.375911199392725, 38.37264367668209, 91.11833518024687, 14.88643435952194, 92.67512096621427, 66.37897199999878, 28.822295384597428, 83.75704956530208, 69.37945993788969, 89.99284817354577, 30.66685688797566], [129.09416188894912, 88.79327190241895, 26.808267283892015, 35.21878197397392, 33.26782790097215, 85.06557901356088, 88.37816323590998, 83.99888084116921, 99.80140466329134, 95.81369230815311, 76.462606933103, 48.65190227461174, 81.84062202455502, 20.35025278759293, 77.8252627710633, 21.278480849667424, 0.0, 94.90450666116382, 8.08826795022908, 95.8525320904158, 60.922413114210315, 41.58771739442894, 129.1378704328977, 60.67052514838347, 76.08612939381325, 68.2565261633435, 104.81797334725958, 85.52024122693753, 54.13947901399522, 98.41358242994285, 102.2653705551247, 47.9473965293637, 66.43657270409263, 51.70765045834528, 81.8802816758382, 25.384369682271082, 69.30683712071811, 75.35897644263508, 101.96462888886866, 44.27475663159174, 34.1463236078333, 63.655475616581604, 78.58942648713027, 50.52946389770605, 95.17400958746659, 33.324491156716604, 75.8181107217681, 83.58918491754878, 17.98615310440405, 89.41078443276012, 66.7927619591835, 78.83507736155234, 46.89875827362064, 99.05319348970463, 109.02120442791355, 93.69546367543714, 57.125155257726824, 55.00221848690733, 112.39492575489271, 8.461297976162804, 113.74018077766367, 85.02938477596287, 45.71335972076218, 99.8131352498626, 88.99239193293839, 110.62166064159598, 50.796621098986385], [37.983481982814645, 65.8548239999051, 69.44557893328269, 66.63570598880519, 65.27350286252651, 9.993037916665616, 46.5946270771535, 11.46586696118919, 50.10819469395363, 48.43565279589442, 23.126661182667956, 56.3978826004151, 45.381456781181875, 77.31507843426849, 59.97682400976782, 74.9927573829506, 94.90450666116382, 0.0, 89.85387961036943, 6.192987941273404, 71.41939063967172, 54.23320768448786, 38.6172213534814, 47.723756573281726, 52.19380693231418, 32.57693999792125, 22.6800833801341, 19.56632289109461, 45.439316632760864, 32.82241972838719, 26.456859583498822, 74.33558539949117, 41.3603210560572, 61.5272758417393, 60.022870758257184, 77.46042480067321, 34.65573452851082, 32.72375800517159, 30.15049009326288, 61.748719235842024, 65.06970141896745, 61.92631278653201, 16.316833461703045, 52.03809004128665, 8.992201855754377, 62.34396270867135, 59.40729254044011, 14.694780705995635, 83.57620158606495, 8.470053696014533, 33.071823746944496, 27.96679203334143, 54.66045349844441, 50.034511550434466, 20.76147453848145, 69.56955236179712, 39.42434998123678, 43.02653531734409, 38.215907188062204, 89.8235302892633, 27.310877536742282, 67.10048698403398, 50.54527850270657, 31.799002345277795, 6.543763057775109, 18.515212703069366, 44.337438224284114], [124.9962579027277, 89.34003384478291, 24.504485818539496, 27.740043898288192, 26.349776056626844, 80.16879302896105, 87.14129024893028, 79.24029052229203, 98.59451591029195, 94.5823933233069, 70.46156813780938, 41.26100862346926, 74.33924221165717, 13.242918361181163, 69.88349193003215, 19.683382681411473, 8.08826795022908, 89.85387961036943, 0.0, 90.39430807748138, 62.59284306497446, 35.80987911840493, 125.12495702474018, 59.05909322979036, 75.48833892301117, 61.900908935606004, 98.54133714732484, 81.82292315501877, 47.58931394767443, 91.49720570315525, 95.71828957388496, 49.99023740281019, 59.39033077761716, 43.86364338902139, 82.03221876050084, 26.662898562972625, 62.666859446178435, 72.61918012990017, 95.22516721061587, 36.65613256029875, 27.095206902189233, 64.11940880737342, 73.56728148873484, 48.65076599103928, 90.75825162771417, 30.018887026621144, 67.88688097505711, 79.28365903261415, 20.481627513126593, 83.93099766905104, 60.51648472445389, 75.72330760000459, 45.06353153251214, 97.86430082663348, 103.03819972765244, 94.42443217294135, 51.259834274573194, 48.751180586527035, 109.67039816572937, 12.721545246309482, 109.96356609703835, 85.80347173565893, 39.785869782369055, 92.96174476178919, 83.76020746628772, 106.17732341501858, 46.39885310934806], [40.84780253006423, 71.74083782310775, 71.0841269905169, 66.03574875609573, 65.12814273969073, 13.166567392114457, 52.59055483920639, 15.074251626672597, 56.296094834791575, 54.59104927378178, 21.188231483059912, 54.96184659360293, 40.638780015449285, 77.57485144630616, 55.53490989642398, 76.5266987427963, 95.8525320904158, 6.192987941273404, 90.39430807748138, 0.0, 76.05814431332425, 54.588246473400226, 41.66812046728885, 51.91310253714016, 57.64560374269683, 30.79517209715666, 16.702083000656213, 25.240504372348887, 44.52987997567018, 26.760200865771655, 20.267194631752513, 78.20639985662294, 38.67565486295072, 59.382903961200846, 65.7183328516104, 79.7227888154051, 32.23706388052309, 37.78947677784767, 23.96294915161328, 60.42816062342257, 64.80582720096115, 66.69511868516365, 18.066873980016467, 55.298167641174345, 15.165303297984073, 63.944886486536916, 55.118354340394596, 19.493656000044787, 85.48660272994532, 6.464255581830302, 31.592798485904005, 33.21137963040539, 57.663932130407844, 56.21812719169583, 15.810956207871884, 75.55259288971185, 39.283319444553776, 42.44850485994923, 43.93301714443287, 91.22494669941553, 32.00034137323747, 72.85766126696468, 50.68851256396215, 25.671518061427257, 7.531406752294843, 22.092690338991712, 45.946202324760485], [91.46838468202773, 29.26009788472962, 41.22178820330549, 63.99727991659646, 59.0566160919704, 63.00261200544467, 37.13300897329678, 61.03338994664134, 46.704870446799994, 43.34223220347023, 68.1718811058154, 68.34714930645065, 90.68923118808044, 59.28594715718479, 97.04206863694712, 43.94827324408034, 60.922413114210315, 71.41939063967172, 62.59284306497446, 76.05814431332425, 0.0, 52.39476111029152, 90.8458185072127, 24.744499149608245, 23.8167858074242, 66.98615098808824, 91.73771762773762, 52.89823721364271, 61.996499390156956, 94.60688519744845, 92.9103267619539, 13.082883701506953, 73.71058015311893, 76.56722035238161, 24.28953917926072, 35.96567313600271, 70.66673571540207, 38.923712563378245, 95.08640152320739, 69.10735971296664, 60.164476955552956, 9.690353085316769, 59.997482195870894, 27.176996772071817, 65.88091810936811, 40.75159576900111, 95.19099736400365, 56.75347539428774, 42.95485995493275, 71.55386637148172, 65.35731081463844, 43.87095001174412, 27.996154605464795, 45.94658712102173, 91.84737616460363, 33.56762551746919, 56.942269188595255, 59.56357227908914, 66.83775694303567, 52.46855062749585, 75.55496872264646, 25.05459686102985, 54.0887355941096, 94.84113382625551, 68.850172932191, 78.37375988098357, 43.83049170972941], [90.34432121977022, 70.4084423650477, 20.508192637811742, 15.114391244738597, 11.828329969271993, 44.7400884339692, 61.37365032310501, 43.98860500028297, 72.22408160134728, 68.34812965461823, 34.87642868567741, 16.03116883790766, 44.83485364294124, 23.082087716031896, 46.706651750714336, 24.693434390678597, 41.58771739442894, 54.23320768448786, 35.80987911840493, 54.588246473400226, 52.39476111029152, 0.0, 90.60681390581031, 35.29116191846022, 53.31023798558152, 26.967651566811018, 63.30534570510942, 48.56973914172415, 13.83628496404471, 57.991939410603905, 61.03016536219927, 44.86129629505283, 27.44131826564725, 24.172585086312488, 62.182972756591646, 31.79574835134505, 28.594500915025094, 42.65627064065728, 61.06894901018505, 17.016216117288533, 12.100012732812157, 48.25683149449426, 38.05149682640404, 26.58874130105903, 55.88466026214098, 14.802675328281724, 44.704189315025985, 44.76716812386154, 34.77584397078865, 48.124290143285336, 25.409539863430414, 44.34967899320996, 24.67091003232289, 71.59641663860708, 67.43585098793716, 75.81579293501031, 15.539338497217805, 13.770549168101672, 78.15304042820298, 38.081157691406816, 75.99822056658972, 68.16579203361708, 4.2035695978179355, 59.19768967174714, 48.03585729722288, 71.13583728812901, 13.766393078079929], [1.5456783369487808, 72.37954939639408, 102.53132530116028, 104.13166366797451, 102.18468173717879, 46.51828194457526, 55.0161694611622, 46.88971695619062, 49.82029858926725, 51.251072482963956, 61.74385156016282, 94.72616889916615, 81.69735090704894, 113.35569157864681, 96.81479426263205, 108.17184630555984, 129.1378704328977, 38.6172213534814, 125.12495702474018, 41.66812046728885, 90.8458185072127, 90.60681390581031, 0.0, 72.79273594140419, 67.21560860659284, 71.15983475541928, 48.87962667494482, 43.72590112197865, 83.49811953080541, 63.77003727892459, 54.960191196145686, 98.35633335530616, 79.92803844587245, 100.12006542479273, 70.61388998634501, 108.30161519644211, 73.25944932364587, 55.77382862470078, 59.02481680023456, 99.97081619740429, 102.15280327728757, 81.43901323451301, 53.18582034838982, 80.82922053796682, 34.766148857271375, 95.81641647094067, 96.53997749638549, 45.922514944389086, 115.35659096901459, 46.848826435460836, 71.57459470085129, 51.380543874074164, 84.20126045912369, 50.31575117956786, 41.93992222900672, 73.48315460124755, 76.88235653169498, 80.8405602499557, 26.33190547348741, 122.95591646702599, 15.794572534089118, 75.64050746874753, 87.3425979967299, 61.99080694886969, 45.106083828258434, 20.128232679218804, 78.73142092133364], [73.11294501786332, 35.16555724427551, 34.5546092054125, 49.7048665439062, 45.309038789823454, 38.75558536119562, 28.144379921524013, 36.84081125982303, 39.57975940832993, 35.565520490212926, 43.59273237001242, 49.774191837309516, 67.24761205499318, 50.82791762223171, 75.21050832344298, 39.63999398844512, 60.67052514838347, 47.723756573281726, 59.05909322979036, 51.91310253714016, 24.744499149608245, 35.29116191846022, 72.79273594140419, 0.0, 18.08401484715337, 43.29511900207609, 67.20774206116373, 30.699344489074342, 41.04897302697913, 69.89829333414019, 68.20392528716845, 26.799020033531843, 51.05264011540398, 58.18673997205451, 26.921408806157295, 36.82365076925368, 47.14137887584184, 17.120671626050047, 70.34360637893532, 52.07507881042388, 46.090325325851204, 16.411716775622672, 35.326207303828284, 10.465452603321646, 43.352897352044664, 29.87870591236009, 73.50356217726439, 33.075582829650905, 44.395530201607606, 47.074842404165516, 41.76836241628479, 21.871336702204296, 14.002243827016297, 38.85990214990224, 67.71911497612794, 40.56508919121685, 34.69442128159409, 38.13616523274999, 52.53350418136946, 53.17385767442755, 57.00303127771591, 33.18056221661491, 35.3709847641084, 70.10695294042719, 44.545357239232345, 57.37260448311724, 23.022915209262113], [67.89509323080074, 17.661758929886, 51.21452390003528, 67.78875180565703, 63.3747648736731, 45.48395727452002, 13.629121231454224, 43.4808117772069, 24.339514866988587, 20.55375251906662, 55.52375721382668, 67.38156640008562, 81.29979133869332, 68.30726381769733, 90.88446762514529, 55.81076356545941, 76.08612939381325, 52.19380693231418, 75.48833892301117, 57.64560374269683, 23.8167858074242, 53.31023798558152, 67.21560860659284, 18.08401484715337, 0.0, 57.61561486730993, 74.18386391291486, 32.66668412546417, 57.944973613137506, 80.0365238657794, 76.53099839138751, 33.4831800962828, 66.44274822679985, 75.74857978168986, 9.568941598353527, 51.02144207406526, 61.58479533655677, 20.35411295756696, 79.38098194931669, 69.96621720595545, 64.16802123875026, 15.017285321891729, 44.5770038529733, 28.03076574097504, 45.21392669126967, 47.37547603450222, 89.31312545100208, 38.32440827765117, 58.729744478782834, 54.411459295553655, 56.31287133914952, 24.49953405045663, 31.23987439550429, 23.56812173987126, 72.94988299992785, 22.945118862533555, 50.98407343195625, 54.85338130693837, 43.03905567642904, 68.07561854046962, 52.15567722065417, 16.709575305939754, 53.15717488608072, 79.8315054955942, 51.19677884166892, 56.0169086613403, 40.57725522617848], [70.55471067155538, 75.02554605788325, 46.62057905840316, 35.851724915862256, 35.7229874827815, 25.527767574703194, 59.84390854836435, 25.932648322856206, 68.29984649322154, 65.1195097395012, 9.614137343830219, 24.177046188795305, 23.964504071740105, 48.70939627457049, 33.81715119330442, 51.36272968222459, 68.2565261633435, 32.57693999792125, 61.900908935606004, 30.79517209715666, 66.98615098808824, 26.967651566811018, 71.15983475541928, 43.29511900207609, 57.61561486730993, 0.0, 36.640665912071356, 36.50841124261932, 14.410641436913128, 31.38128441569353, 34.07456221145336, 63.89533041514292, 10.042745019746235, 28.960280805267583, 67.16504806109542, 57.19642803722737, 3.9725326731374406, 39.250125320860704, 34.15114735135782, 29.664473148273185, 35.18162007084238, 59.62069103459003, 19.766510636242586, 40.39904689481585, 37.643527890829354, 39.888756983201034, 32.47719779511294, 29.71940360242823, 61.26922455236957, 24.697998858232832, 1.7465048833112062, 37.721855810925824, 40.94545157659399, 67.88651176142784, 41.39651677021704, 80.04571652815542, 12.204150940157826, 13.268748866447352, 65.75165105337352, 65.04875672577194, 58.682088889752556, 74.30352687408818, 22.764387955075836, 32.435133896338016, 26.057947369444403, 51.032253487691285, 24.718542461460498], [47.66813824191836, 88.4426312308523, 81.91293230480416, 72.13660205333183, 72.33178928388456, 28.93132519460822, 69.26047485678757, 30.940386053666785, 72.52738972863398, 71.02432737952654, 28.590546806051726, 59.471017146302735, 35.51194535304872, 85.34715153833191, 50.513656130228455, 87.04007455262038, 104.81797334725958, 22.6800833801341, 98.54133714732484, 16.702083000656213, 91.73771762773762, 63.30534570510942, 48.87962667494482, 67.20774206116373, 74.18386391291486, 36.640665912071356, 0.0, 41.929553133548374, 51.001404690334596, 15.070861089190913, 6.125537361724961, 92.81736268078193, 41.067039538236145, 61.75015623057696, 82.38232124355926, 91.59400360576787, 36.22829690971701, 54.11555316213929, 10.145254825413714, 64.96197303552451, 71.74655187464728, 82.57077772776731, 31.98891744811941, 69.26163062631514, 31.32286715301034, 74.86514175791567, 50.72049935502237, 35.87431935599607, 96.59989456811242, 20.189781455118553, 38.04419150324901, 49.691438695175925, 71.18680404310025, 72.49574545002041, 7.233467172943046, 92.23113416156757, 47.860129405314574, 49.835277825219116, 57.91629244302919, 101.22535129963205, 43.8225526789277, 89.54108868349417, 59.13686850090496, 13.186279103441588, 23.093536058281916, 32.74792780532125, 57.476106692321245], [43.78871219021183, 46.564572754629644, 58.83687765012224, 63.107102373506706, 60.391400123539135, 14.609049564516647, 27.709445597458977, 12.894014907869792, 33.32012716891536, 30.843967250902704, 29.948363184339012, 56.21455042449343, 56.63914875540221, 70.57267655324327, 69.40871449260734, 64.47174170733382, 85.52024122693753, 19.56632289109461, 81.82292315501877, 25.240504372348887, 52.89823721364271, 48.56973914172415, 43.72590112197865, 30.699344489074342, 32.66668412546417, 36.50841124261932, 41.929553133548374, 0.0, 44.68247549867973, 49.76956185743317, 44.92443566436332, 57.419668524168095, 46.550457862867766, 63.23802595499672, 40.490344354805714, 64.73238952522618, 40.02585432065462, 14.038604187604914, 48.18891581260922, 60.81099138072443, 60.57287797142788, 43.25102309146822, 17.29887048269566, 37.46913148028677, 12.982733747269643, 52.2042384665637, 68.33076397183882, 7.484711655288714, 71.68010344378972, 23.076729797709792, 36.02836327939998, 9.062519530001461, 40.70751762281686, 33.063359567519434, 40.29791634598282, 50.53901428906484, 37.13415122050522, 41.55185455945967, 30.155374019159485, 79.23442872074295, 28.219948744962704, 47.617199018254745, 45.899428336734196, 49.187430010705214, 19.584538834770264, 26.75738475986949, 35.700990506080785], [83.03129949082283, 75.58487900471243, 34.32105613250768, 21.561115310736348, 21.330601459533813, 36.99945797487523, 63.30647767902004, 36.81132404720245, 73.18408214665779, 69.58419789457277, 23.556107619969858, 11.558293394918433, 31.237315485461092, 34.36672337089109, 35.07224286474081, 38.49117184071549, 54.13947901399522, 45.439316632760864, 47.58931394767443, 44.52987997567018, 61.996499390156956, 13.83628496404471, 83.49811953080541, 41.04897302697913, 57.944973613137506, 14.410641436913128, 51.001404690334596, 44.68247549867973, 0.0, 44.47836587148833, 48.154471110066424, 56.33811444407787, 13.659190182293266, 18.84981580668665, 67.37957893071047, 45.51482133073461, 15.175465449316729, 42.91184177514005, 47.844104704274784, 16.514436973243697, 20.77147464110887, 56.2307425226556, 30.413317816174906, 34.877022335755356, 49.01162792449983, 28.26833800043848, 33.20046146198019, 39.16852907081232, 48.59522693283462, 38.19302353882852, 13.18625798213081, 43.04162354068731, 34.16137250010907, 72.65324393952976, 55.797816255913915, 80.89008717838723, 7.702435593017011, 3.2649610890121092, 74.82495648079816, 51.444038898998066, 69.97561277599208, 74.0423853790764, 9.894267023387679, 45.7842036114262, 38.92736445237377, 63.476693673177365, 18.35471141561898], [62.59760527007834, 95.78190186435761, 77.97191515344542, 64.06498323350647, 65.19753635352315, 35.272762597139334, 77.435942766134, 37.15917884872622, 82.41322084968012, 80.3639063407368, 26.692790854307187, 50.69691931130344,