instance_id,num_cities,city_coordinates,distance_matrix,best_route,total_distance
149,33,"[[82.87303729603421, 3.8310809994045902], [33.382723040523246, 54.93402664190641], [0.5315852713073332, 55.46341360237851], [92.09152481834938, 99.7779464199994], [37.337589997200084, 13.243618049368134], [87.07886333066865, 65.6827805913575], [65.1078104560148, 90.69251725780329], [71.0563301460104, 19.798050355171327], [37.88549874637002, 74.60357273815521], [1.3200220937179319, 44.1151169618078], [56.025769637199495, 11.16681021146], [61.15240025629767, 46.89287426068979], [49.64057982888788, 46.27030737977955], [6.375612468134606, 39.52960509003663], [22.16471726845386, 80.18377614851016], [41.12347691720236, 44.58124035125318], [18.567769456881322, 15.99044652561118], [80.3900156852625, 59.142919382525875], [89.95368359967559, 29.18382851098752], [54.04737359644957, 99.08782497395043], [0.021373831016202605, 23.18212141733068], [50.575266915881855, 74.96168297351102], [54.69814026328429, 96.60683183935714], [78.56778646483812, 73.1464303728451], [65.61439530490367, 52.56804299766398], [28.34624043118491, 11.71717014646293], [1.1845675884129658, 90.45183584889777], [92.44500094884111, 84.30592357155813], [15.963012881433535, 45.16602417108654], [52.092677481444504, 40.42286491039919], [58.27411187001975, 19.49283300968633], [63.792714389008296, 97.40834925428065], [82.39510298315392, 89.88683827271188]]","[[0.0, 71.13931584187276, 97.19059878179844, 96.38870004433514, 46.49809473969699, 61.994529718732416, 88.65953075416769, 19.864004588134236, 83.86074297112474, 90.95986940409173, 27.831433736293853, 48.229701557128074, 53.90254321523618, 84.4170636041647, 97.54606182262492, 58.34039148846003, 65.44476787234478, 55.36754339538724, 26.322943575203453, 99.52269168563382, 85.08149566255173, 78.11983428507641, 96.9596037879849, 69.44892255090524, 51.70253560704537, 55.09411927216816, 119.06368570588158, 81.0421049528179, 78.6481334436402, 47.81620227605421, 29.16157760043487, 95.50269030912905, 86.05708443289146], [71.13931584187276, 0.0, 32.855402954246685, 73.87625157824483, 41.87757324938735, 54.761402406483505, 47.8032511723603, 51.51541033477868, 20.178355549687897, 33.83881792661206, 49.27754857182721, 28.910467036806008, 18.42221318962306, 31.091481547474324, 27.629576610010126, 12.92669542300971, 41.66635671569773, 47.19534235377678, 62.1558225942409, 48.75023784296196, 46.05608653011147, 26.394896912907107, 46.807795338010266, 48.717364525578226, 32.31839376521136, 43.509342013203586, 47.93992058172917, 65.96257272852125, 19.9714840284, 23.67775770590004, 43.3088841225181, 52.23825853907251, 60.19894042704868], [97.19059878179844, 32.855402954246685, 0.0, 101.7202061967139, 56.010651847844386, 87.14853298329146, 73.56071372322805, 79.03010676442992, 41.97214008893668, 11.375652476465751, 71.0055883040762, 61.22366661718214, 49.962051083562045, 16.971709035487123, 32.84948590797356, 42.02527051738739, 43.39837635003765, 79.9431527459773, 93.2036923196931, 69.0436736245803, 32.28532392357609, 53.70803088005339, 68.02055971485245, 80.01460978360026, 65.14718207879626, 51.84003142521367, 34.99451495887858, 96.33258204176477, 18.551689604622236, 53.71000218635323, 68.03000842406514, 75.9035446081976, 88.80657463381827], [96.38870004433514, 73.87625157824483, 101.7202061967139, 0.0, 102.40206719082825, 34.461675932442226, 28.47219457381789, 82.69983790458056, 59.76656550939862, 106.4791824263292, 95.66959891708004, 61.27038669668681, 68.3019045573163, 104.77156228214506, 72.62017572788046, 75.12934358619928, 111.47236312649476, 42.28629492315353, 70.62648121227427, 38.05041011349389, 119.76574264233399, 48.3678261003088, 37.52760552135645, 29.868531032243084, 54.12775044667953, 108.71136830846311, 91.38408620317819, 15.476060105773566, 93.69104749894967, 71.57467072430238, 87.11668527799186, 28.39784608810264, 13.851159402280835], [46.49809473969699, 41.87757324938735, 56.010651847844386, 102.40206719082825, 0.0, 72.27765934879194, 82.27707537904783, 34.34987656563483, 61.36240089344141, 47.43748141272586, 18.80322283685659, 41.22399339282875, 35.24380466019701, 40.61523319165542, 68.63818786346899, 31.56547974143031, 18.96974511672921, 62.9305746080405, 54.9776646970857, 87.4553870864697, 38.61701487888941, 63.12175241692927, 85.15171236643835, 72.72053372343836, 48.43540147375601, 9.120000560228325, 85.25344523871084, 89.92595847652734, 38.41760741480104, 30.926106554181256, 21.849270828824498, 88.22457472485328, 88.90648279334509], [61.994529718732416, 54.761402406483505, 87.14853298329146, 34.461675932442226, 72.27765934879194, 0.0, 33.28984969244827, 48.60174933581149, 49.995676329559686, 88.42931055222539, 62.73982510652413, 32.01940142260609, 42.17190045219615, 84.83515361325158, 66.51409798783351, 50.568493559881176, 84.6350875741535, 9.354702959166374, 36.61199386190592, 46.978466389025776, 96.87782258189377, 37.664447170125435, 44.77508427636453, 11.3200926443548, 25.153920763581283, 79.7609434707431, 89.39427352693889, 19.38083815004298, 74.01622443171973, 43.15201664448112, 54.43551197800279, 39.354242967169895, 24.65307322090456], [88.65953075416769, 47.8032511723603, 73.56071372322805, 28.47219457381789, 82.27707537904783, 33.28984969244827, 0.0, 71.14358947867787, 31.6213280962925, 78.98313846946434, 80.04262331192952, 43.97788076434129, 47.037941639913655, 77.89168544828237, 44.210212533052704, 51.97593782947591, 88.01349207864926, 35.05599695858834, 66.33729119901976, 13.88576447925101, 93.775784609233, 21.416208091670313, 11.972483054529778, 22.114161054234025, 38.1278397738601, 87.11210295961845, 63.923695968326186, 28.073306947245452, 66.99158679581666, 51.927176251695194, 71.5268793768873, 6.843381990680127, 17.30605678789648], [19.864004588134236, 51.51541033477868, 79.03010676442992, 82.69983790458056, 34.34987656563483, 48.60174933581149, 71.14358947867787, 0.0, 64.06207411109256, 73.85439993064614, 17.332514405805053, 28.84817688748112, 34.05017993524047, 67.62343892157556, 77.69701210057669, 38.861062888182246, 52.62648430343098, 40.43681991113207, 21.099829362886993, 81.09360617213687, 71.1155183882314, 58.843014153658665, 78.53139047110224, 53.87459166007471, 33.218775904657804, 43.46783165049686, 99.36810659109281, 67.96131948110849, 60.6531755371496, 28.017906735154863, 12.785861788829651, 77.94946189085887, 71.00004198028564], [83.86074297112474, 20.178355549687897, 41.97214008893668, 59.76656550939862, 61.36240089344141, 49.995676329559686, 31.6213280962925, 64.06207411109256, 0.0, 47.6086128600901, 65.97948368895437, 36.183304381740456, 30.675003783613448, 47.149296281584064, 16.68177569617002, 30.19643926996051, 61.71444911290698, 45.229036717484156, 69.0944935546917, 29.337430122893814, 63.85810529247986, 12.694820169526718, 27.69130415583374, 40.70837503365864, 35.41830424085734, 63.605794391141984, 39.976565528924894, 55.41547520572104, 36.703741663989334, 37.015736048561486, 58.76128979630128, 34.514368809303, 47.06041940649168], [90.95986940409173, 33.83881792661206, 11.375652476465751, 106.4791824263292, 47.43748141272586, 88.42931055222539, 78.98313846946434, 73.85439993064614, 47.6086128600901, 0.0, 63.861645234100834, 59.896823055997224, 48.36859668809516, 6.825387399997808, 41.658726486225525, 39.80618402835612, 32.99214870614192, 80.48539452697638, 89.88253070955601, 76.17199106417598, 20.97323984927739, 58.11703517219087, 74.8639007139631, 82.52293171419674, 64.84765520191839, 42.19056097605661, 46.3369168713695, 99.59449135011934, 14.680653431357818, 50.90673099239403, 62.048571371675806, 82.11580780094356, 93.10327176308928], [27.831433736293853, 49.27754857182721, 71.0055883040762, 95.66959891708004, 18.80322283685659, 62.73982510652413, 80.04262331192952, 17.332514405805053, 65.97948368895437, 63.861645234100834, 0.0, 36.09202119519416, 35.67949218156538, 57.18029590896727, 76.87595498382362, 36.58691664898258, 37.7673039122455, 53.80821068094148, 38.41505296430931, 87.94327084979336, 57.27879234925926, 64.02728926513576, 85.45033584211366, 65.95161740251044, 42.49710364734056, 27.68500014673417, 96.40369667437547, 81.70489772609804, 52.54494294167742, 29.519247118667906, 8.62425060120981, 86.59057966806786, 83.0191818742774], [48.229701557128074, 28.910467036806008, 61.22366661718214, 61.27038669668681, 41.22399339282875, 32.01940142260609, 43.97788076434129, 28.84817688748112, 36.183304381740456, 59.896823055997224, 36.09202119519416, 0.0, 11.528642551234537, 55.26946908799596, 51.26717832361254, 20.161880404729462, 52.61568986760845, 22.806785237726203, 33.810120135701766, 52.6763161562847, 65.56830173343917, 29.99556254278097, 50.13117842411996, 31.50468037175919, 7.21920632804699, 48.09962871376949, 74.11831143196935, 48.774615496592446, 45.22236993510504, 11.132816254211727, 27.550804064333104, 50.584429151147845, 47.955535244731], [53.90254321523618, 18.42221318962306, 49.962051083562045, 68.3019045573163, 35.24380466019701, 42.17190045219615, 47.037941639913655, 34.05017993524047, 30.675003783613448, 48.36859668809516, 35.67949218156538, 11.528642551234537, 0.0, 43.786921198983514, 43.64683708320142, 8.68297123311467, 43.386513086009536, 33.33514579626952, 43.78463310075779, 53.0010376890903, 54.72778028474977, 28.70659633971194, 50.58996552891912, 39.48555775087077, 17.17044713379857, 40.58778366761329, 65.57432866691475, 57.26191200529883, 33.69566673780578, 6.340770168551042, 28.134871763458424, 53.06017564394206, 54.54594901729615], [84.4170636041647, 31.091481547474324, 16.971709035487123, 104.77156228214506, 40.61523319165542, 84.83515361325158, 77.89168544828237, 67.62343892157556, 47.149296281584064, 6.825387399997808, 57.18029590896727, 55.26946908799596, 43.786921198983514, 0.0, 43.61258367543812, 35.11314714723181, 26.509256458064034, 76.56901449753389, 84.21596681801215, 76.28747187327515, 17.53900142787029, 56.64840330001242, 74.78553674278444, 79.63542508497827, 60.65669175823009, 35.44347655889991, 51.18613613471902, 97.01988626153619, 11.121486714560604, 45.72579082463067, 55.63206337686369, 81.52712811709982, 91.18560123164973], [97.54606182262492, 27.629576610010126, 32.84948590797356, 72.62017572788046, 68.63818786346899, 66.51409798783351, 44.210212533052704, 77.69701210057669, 16.68177569617002, 41.658726486225525, 76.87595498382362, 51.26717832361254, 43.64683708320142, 43.61258367543812, 0.0, 40.33577968273304, 64.29402461841487, 61.91044361957913, 84.8312360825042, 37.06570971293703, 61.1515846130001, 28.88649491366759, 36.44366021663058, 56.84039453010845, 51.48303836148265, 68.7450897595672, 23.358076346472632, 70.40106798602595, 35.56267834199701, 49.76557911845586, 70.62066947835842, 45.050816451479776, 61.00695679943119], [58.34039148846003, 12.92669542300971, 42.02527051738739, 75.12934358619928, 31.56547974143031, 50.568493559881176, 51.97593782947591, 38.861062888182246, 30.19643926996051, 39.80618402835612, 36.58691664898258, 20.161880404729462, 8.68297123311467, 35.11314714723181, 40.33577968273304, 0.0, 36.41693878699788, 41.879631839754474, 51.20028687450692, 56.01780853092268, 46.33902425877819, 31.816782177075016, 53.76740327230371, 47.09613995296028, 25.76032026170794, 35.260528677899856, 60.82127925061913, 64.89953224703281, 25.16725894115518, 11.73096105720532, 30.390335013309528, 57.48563092291372, 61.285759529833804], [65.44476787234478, 41.66635671569773, 43.39837635003765, 111.47236312649476, 18.96974511672921, 84.6350875741535, 88.01349207864926, 52.62648430343098, 61.71444911290698, 32.99214870614192, 37.7673039122455, 52.61568986760845, 43.386513086009536, 26.509256458064034, 64.29402461841487, 36.41693878699788, 0.0, 75.393143205396, 72.59486253320166, 90.35472657745684, 19.89193249685152, 67.0975902829754, 88.34254510519001, 82.86620861666334, 59.59283150980606, 10.671428470822645, 76.46354822498091, 100.62231232153195, 29.291621460146246, 41.4832800798677, 39.860511021727106, 93.13522711009514, 97.64530310422009], [55.36754339538724, 47.19534235377678, 79.9431527459773, 42.28629492315353, 62.9305746080405, 9.354702959166374, 35.05599695858834, 40.43681991113207, 45.229036717484156, 80.48539452697638, 53.80821068094148, 22.806785237726203, 33.33514579626952, 76.56901449753389, 61.91044361957913, 41.879631839754474, 75.393143205396, 0.0, 31.448543206741185, 47.84903630092375, 88.04713274030958, 33.751333688148705, 45.4270536054405, 14.121573545032431, 16.172444376181662, 70.41133597155265, 85.16895712946695, 27.901602991985104, 65.92565729695944, 33.92904049425282, 45.40090914220446, 41.70987333460537, 30.8092343916317], [26.322943575203453, 62.1558225942409, 93.2036923196931, 70.62648121227427, 54.9776646970857, 36.61199386190592, 66.33729119901976, 21.099829362886993, 69.0944935546917, 89.88253070955601, 38.41505296430931, 33.810120135701766, 43.78463310075779, 84.21596681801215, 84.8312360825042, 51.20028687450692, 72.59486253320166, 31.448543206741185, 0.0, 78.58646079027672, 90.13235172990971, 60.38436602063871, 76.08426061782755, 45.41309300223123, 33.75236942578862, 64.03562452402433, 107.85974541310223, 55.17836556115844, 75.6970932827213, 39.49394540270739, 33.128698416639445, 73.06833473327222, 61.17178708414901], [99.52269168563382, 48.75023784296196, 69.0436736245803, 38.05041011349389, 87.4553870864697, 46.978466389025776, 13.88576447925101, 81.09360617213687, 29.337430122893814, 76.17199106417598, 87.94327084979336, 52.6763161562847, 53.0010376890903, 76.28747187327515, 37.06570971293703, 56.01780853092268, 90.35472657745684, 47.84903630092375, 78.58646079027672, 0.0, 93.16911764678274, 24.37470518030136, 2.564921867925457, 35.69603060686848, 47.93627130185528, 91.07238643498165, 53.563575004020585, 41.14465208703526, 66.01499172835811, 58.69751592836002, 79.70713934287524, 9.888999234304224, 29.803555453304394], [85.08149566255173, 46.05608653011147, 32.28532392357609, 119.76574264233399, 38.61701487888941, 96.87782258189377, 93.775784609233, 71.1155183882314, 63.85810529247986, 20.97323984927739, 57.27879234925926, 65.56830173343917, 54.72778028474977, 17.53900142787029, 61.1515846130001, 46.33902425877819, 19.89193249685152, 88.04713274030958, 90.13235172990971, 93.16911764678274, 0.0, 72.36586972452066, 91.54636469050662, 93.09119779573534, 71.87473028261992, 30.557211514808166, 67.27977035797487, 110.80724723321971, 27.155622546728427, 54.85128895521865, 58.3694469563962, 97.85865713091619, 105.99504943716154], [78.11983428507641, 26.394896912907107, 53.70803088005339, 48.3678261003088, 63.12175241692927, 37.664447170125435, 21.416208091670313, 58.843014153658665, 12.694820169526718, 58.11703517219087, 64.02728926513576, 29.99556254278097, 28.70659633971194, 56.64840330001242, 28.88649491366759, 31.816782177075016, 67.0975902829754, 33.751333688148705, 60.38436602063871, 24.37470518030136, 72.36586972452066, 0.0, 22.03430402947552, 28.051315347108467, 26.974997573110848, 67.03728828933944, 51.762786016203655, 42.899760609412944, 45.670443536445745, 34.57213455980439, 56.000585085668064, 26.049064183288756, 35.14629750134901], [96.9596037879849, 46.807795338010266, 68.02055971485245, 37.52760552135645, 85.15171236643835, 44.77508427636453, 11.972483054529778, 78.53139047110224, 27.69130415583374, 74.8639007139631, 85.45033584211366, 50.13117842411996, 50.58996552891912, 74.78553674278444, 36.44366021663058, 53.76740327230371, 88.34254510519001, 45.4270536054405, 76.08426061782755, 2.564921867925457, 91.54636469050662, 22.03430402947552, 0.0, 33.46864871424112, 45.37157201130371, 88.88575412907869, 53.86637574657595, 39.70060246177181, 64.39384121833555, 56.244347059787195, 77.19686773719934, 9.129825228048688, 28.50052731865854], [69.44892255090524, 48.717364525578226, 80.01460978360026, 29.868531032243084, 72.72053372343836, 11.3200926443548, 22.114161054234025, 53.87459166007471, 40.70837503365864, 82.52293171419674, 65.95161740251044, 31.50468037175919, 39.48555775087077, 79.63542508497827, 56.84039453010845, 47.09613995296028, 82.86620861666334, 14.121573545032431, 45.41309300223123, 35.69603060686848, 93.09119779573534, 28.051315347108467, 33.46864871424112, 0.0, 24.315846057772326, 79.34581084071752, 79.29463804298067, 17.80762112936887, 68.57303264873708, 42.09231678415376, 57.363243793986534, 28.40675030085851, 17.17235011247136], [51.70253560704537, 32.31839376521136, 65.14718207879626, 54.12775044667953, 48.43540147375601, 25.153920763581283, 38.1278397738601, 33.218775904657804, 35.41830424085734, 64.84765520191839, 42.49710364734056, 7.21920632804699, 17.17044713379857, 60.65669175823009, 51.48303836148265, 25.76032026170794, 59.59283150980606, 16.172444376181662, 33.75236942578862, 47.93627130185528, 71.87473028261992, 26.974997573110848, 45.37157201130371, 24.315846057772326, 0.0, 55.296556677576966, 74.74211972089009, 41.559288523063714, 50.20009620778316, 18.175318530045903, 33.87992438972153, 44.87729477749872, 40.918023302254284], [55.09411927216816, 43.509342013203586, 51.84003142521367, 108.71136830846311, 9.120000560228325, 79.7609434707431, 87.11210295961845, 43.46783165049686, 63.605794391141984, 42.19056097605661, 27.68500014673417, 48.09962871376949, 40.58778366761329, 35.44347655889991, 68.7450897595672, 35.260528677899856, 10.671428470822645, 70.41133597155265, 64.03562452402433, 91.07238643498165, 30.557211514808166, 67.03728828933944, 88.88575412907869, 79.34581084071752, 55.296556677576966, 0.0, 83.28807870813172, 96.83892927799806, 35.66749444675783, 37.25466661322067, 30.9214880272916, 92.73311540615222, 95.03565940282384], [119.06368570588158, 47.93992058172917, 34.99451495887858, 91.38408620317819, 85.25344523871084, 89.39427352693889, 63.923695968326186, 99.36810659109281, 39.976565528924894, 46.3369168713695, 96.40369667437547, 74.11831143196935, 65.57432866691475, 51.18613613471902, 23.358076346472632, 60.82127925061913, 76.46354822498091, 85.16895712946695, 107.85974541310223, 53.563575004020585, 67.27977035797487, 51.762786016203655, 53.86637574657595, 79.29463804298067, 74.74211972089009, 83.28807870813172, 0.0, 91.46714675146427, 47.63619616003135, 71.37600147140571, 91.07357547728517, 62.99343715470816, 81.21250077027287], [81.0421049528179, 65.96257272852125, 96.33258204176477, 15.476060105773566, 89.92595847652734, 19.38083815004298, 28.073306947245452, 67.96131948110849, 55.41547520572104, 99.59449135011934, 81.70489772609804, 48.774615496592446, 57.26191200529883, 97.01988626153619, 70.40106798602595, 64.89953224703281, 100.62231232153195, 27.901602991985104, 55.17836556115844, 41.14465208703526, 110.80724723321971, 42.899760609412944, 39.70060246177181, 17.80762112936887, 41.559288523063714, 96.83892927799806, 91.46714675146427, 0.0, 85.91522696136063, 59.61570973054102, 73.26927301822032, 31.50598488982757, 11.49552339053241], [78.6481334436402, 19.9714840284, 18.551689604622236, 93.69104749894967, 38.41760741480104, 74.01622443171973, 66.99158679581666, 60.6531755371496, 36.703741663989334, 14.680653431357818, 52.54494294167742, 45.22236993510504, 33.69566673780578, 11.121486714560604, 35.56267834199701, 25.16725894115518, 29.291621460146246, 65.92565729695944, 75.6970932827213, 66.01499172835811, 27.155622546728427, 45.670443536445745, 64.39384121833555, 68.57303264873708, 50.20009620778316, 35.66749444675783, 47.63619616003135, 85.91522696136063, 0.0, 36.43967925053032, 49.49082583703508, 70.83036690856424, 80.0822939805999], [47.81620227605421, 23.67775770590004, 53.71000218635323, 71.57467072430238, 30.926106554181256, 43.15201664448112, 51.927176251695194, 28.017906735154863, 37.015736048561486, 50.90673099239403, 29.519247118667906, 11.132816254211727, 6.340770168551042, 45.72579082463067, 49.76557911845586, 11.73096105720532, 41.4832800798677, 33.92904049425282, 39.49394540270739, 58.69751592836002, 54.85128895521865, 34.57213455980439, 56.244347059787195, 42.09231678415376, 18.175318530045903, 37.25466661322067, 71.37600147140571, 59.61570973054102, 36.43967925053032, 0.0, 21.823756928290756, 58.174189204019974, 58.00794473237462], [29.16157760043487, 43.3088841225181, 68.03000842406514, 87.11668527799186, 21.849270828824498, 54.43551197800279, 71.5268793768873, 12.785861788829651, 58.76128979630128, 62.048571371675806, 8.62425060120981, 27.550804064333104, 28.134871763458424, 55.63206337686369, 70.62066947835842, 30.390335013309528, 39.860511021727106, 45.40090914220446, 33.128698416639445, 79.70713934287524, 58.3694469563962, 56.000585085668064, 77.19686773719934, 57.363243793986534, 33.87992438972153, 30.9214880272916, 91.07357547728517, 73.26927301822032, 49.49082583703508, 21.823756928290756, 0.0, 78.11070762337408, 74.41194923700606], [95.50269030912905, 52.23825853907251, 75.9035446081976, 28.39784608810264, 88.22457472485328, 39.354242967169895, 6.843381990680127, 77.94946189085887, 34.514368809303, 82.11580780094356, 86.59057966806786, 50.584429151147845, 53.06017564394206, 81.52712811709982, 45.050816451479776, 57.48563092291372, 93.13522711009514, 41.70987333460537, 73.06833473327222, 9.888999234304224, 97.85865713091619, 26.049064183288756, 9.129825228048688, 28.40675030085851, 44.87729477749872, 92.73311540615222, 62.99343715470816, 31.50598488982757, 70.83036690856424, 58.174189204019974, 78.11070762337408, 0.0, 20.065442652816277], [86.05708443289146, 60.19894042704868, 88.80657463381827, 13.851159402280835, 88.90648279334509, 24.65307322090456, 17.30605678789648, 71.00004198028564, 47.06041940649168, 93.10327176308928, 83.0191818742774, 47.955535244731, 54.54594901729615, 91.18560123164973, 61.00695679943119, 61.285759529833804, 97.64530310422009, 30.8092343916317, 61.17178708414901, 29.803555453304394, 105.99504943716154, 35.14629750134901, 28.50052731865854, 17.17235011247136, 40.918023302254284, 95.03565940282384, 81.21250077027287, 11.49552339053241, 80.0822939805999, 58.00794473237462, 74.41194923700606, 20.065442652816277, 0.0]]",Route_4,1836.4061180249325
