instance_id,num_cities,city_coordinates,distance_matrix,best_route,total_distance
2400,68,"[[14.788673551309884, 17.833975204515895], [25.625620036192732, 42.58178337101187], [71.23939080912514, 39.774632960944864], [79.36416008336717, 61.51607616617505], [27.59485567974539, 32.32440090882571], [69.67839058768485, 30.98761311043995], [85.0110957719553, 49.27742016402368], [17.36745277695094, 93.7012886015637], [39.52371152660382, 14.72862156685295], [61.87801336460883, 81.24500842229708], [51.64138910591844, 81.80766858263706], [22.140294361596435, 83.66418264223066], [66.27710463327625, 42.17600648517816], [15.614403040115278, 26.17819354657165], [6.330652658970637, 51.30004940741151], [49.407481370209815, 58.478727752399706], [30.637786876768757, 57.14448108990196], [37.784304454499576, 58.59940729964035], [30.444209734845796, 69.64817094707062], [70.5084551267602, 28.649731248847043], [99.48383748876074, 78.9668860591924], [9.265822877718088, 44.216108666485844], [42.17917207158186, 16.30385788839005], [52.14410821534901, 86.26991659538197], [9.056091372737185, 94.41590794667867], [89.08563984408097, 97.4078134639796], [4.013069674767788, 95.0245455165252], [76.3241624026835, 62.98047648863597], [76.08269887944361, 28.488555362939394], [49.591096936183334, 60.45144259798424], [50.81326282213385, 33.127127897711375], [15.219733258129263, 94.23504971084992], [4.861983625161892, 96.52884114777741], [32.64615495320539, 44.99225407003365], [21.770342444997315, 29.92611265582068], [46.31985064869588, 14.62328619865907], [62.931926012803366, 49.68256398949266], [36.272521144135425, 23.476587100868485], [93.7875748572161, 30.77003903451181], [39.1932336232729, 5.3855304321740345], [97.5921168043621, 12.724155785404246], [69.73306486851344, 95.487720921818], [49.56526701447348, 64.66271104028654], [81.10072234429806, 46.43926226583746], [46.085224490609576, 5.435307191709349], [64.49690042115306, 39.43774225537746], [25.987085044335945, 2.068384689252867], [54.86992849439174, 96.29298447585678], [99.79198663645037, 54.602709919141866], [2.9884103883584756, 86.07911610158204], [27.85458826465049, 5.487883529680526], [97.36829377565546, 99.88022425967532], [70.35615887832476, 69.75294792182497], [2.6335060917962227, 58.57408273378964], [81.84554374610141, 67.20881114961246], [61.578049284225536, 83.56184817116076], [71.64515191055213, 9.164786311574357], [47.0879198273378, 33.89336225154088], [96.18277582318403, 55.47978694779331], [22.23804343093988, 23.22648179837461], [41.84619600166467, 43.2590767066299], [48.8661576788285, 3.995244562510214], [89.56099972457115, 72.73950468557923], [30.638467317273832, 32.37762693537578], [21.711920360478665, 33.71134851707672], [46.962323457662755, 61.668420776080204], [41.52897776749147, 13.295495148470703], [81.0100647444328, 10.339945783060555]]","[[0.0, 27.016539714809888, 60.56464266968433, 77.96229476661455, 19.338323034813115, 56.44377048438095, 76.94074871910325, 75.91112793510888, 24.92920626201684, 78.98332139001809, 73.82923599893712, 66.23943342021272, 56.95255062024124, 8.384975189503097, 34.518346425762665, 53.389678445188586, 42.3852600106241, 46.804054253215455, 54.12768878902718, 56.759797723621055, 104.45335602055829, 26.9540135335721, 27.43320375366555, 77.96734299046847, 76.79619079719537, 108.86705165316296, 77.93906455685365, 76.32052781771482, 62.213162749358524, 55.02233365183018, 39.13632010586787, 76.40229052975602, 79.3184789233744, 32.50325757453047, 13.962932667685914, 31.69422113002699, 57.72439142308601, 22.212491449736465, 80.05103469009029, 27.39610062684281, 82.9609574984364, 95.12618126018414, 58.32959757171776, 72.21876669525903, 33.66305198861168, 54.199913001145035, 19.338000523893097, 88.1040472035915, 92.61481030572247, 69.25781881329587, 17.976209470845898, 116.40867948919615, 76.04817653033304, 42.51475576156597, 83.27363487278744, 80.6808463403512, 57.51359810928614, 36.07139063476285, 89.67835316537983, 9.196316597874842, 37.128766577200665, 36.780230970499225, 92.7659308634182, 21.511247478752445, 17.321152666236866, 54.374648199900975, 27.122715033585017, 66.64407797038125], [27.016539714809888, 0.0, 45.70006758802838, 56.9766454791324, 10.444701240121832, 45.552951356564606, 59.7617459620013, 51.782247358511086, 31.128051168752833, 53.00076408321409, 47.068995218985634, 41.229977260942526, 40.65350974796636, 19.217237701371886, 21.17318891356482, 28.60576461441566, 15.401103249103175, 20.109646518597714, 27.491965064385504, 46.995435545399424, 82.33414834016482, 16.441228124378696, 31.05719647132627, 51.10658665904388, 54.41806456182376, 83.86338706356052, 56.7216504923474, 54.64841149561315, 52.38831817382148, 29.894293835648664, 26.903677429507344, 52.6910087511344, 57.80496206883251, 7.42282153307194, 13.22985890161046, 34.78403002499742, 37.976065502001205, 21.87155750565131, 69.17780994866831, 39.59345111427299, 77.91440548527449, 68.880366707546, 32.56799140537294, 55.60905609267954, 42.40820801414136, 38.99822346342204, 40.51501116499, 61.15654258804518, 75.13423061267979, 49.03530580422571, 37.16080872104637, 91.81569889489843, 52.33634767687601, 28.006980246731608, 61.37727852516693, 54.51552879555702, 56.87260330251849, 23.15424310734979, 71.72636007087232, 19.649513333011353, 16.23471006560076, 45.04490611754868, 70.69102440044438, 11.36896857355036, 9.695445304347395, 28.627864753214205, 33.325717771466124, 64.08566771664263], [60.56464266968433, 45.70006758802838, 0.0, 23.209959681264355, 44.27585577140307, 8.92459744439513, 16.732089594854532, 76.22512640805724, 40.4127083861591, 42.513849844071075, 46.37734095798656, 65.8560084061415, 5.512792295553102, 57.26257441864816, 65.92404350849398, 28.748485729108033, 44.16108995374742, 38.38769245341874, 50.56357454424814, 11.148888064537706, 48.309227598419255, 62.13251828625358, 37.354699779014716, 50.26371671079373, 82.7794156832607, 60.33301003193065, 87.01684371809296, 23.756390213800188, 12.281416067058919, 29.936250339272856, 21.48059654913391, 78.12898965623573, 87.33269909592848, 38.94433750712238, 50.43986616014025, 35.405843102007765, 12.92985184016374, 38.5785986399912, 24.279689364704375, 47.00602688075925, 37.76499017349908, 55.7334476591512, 33.002788863205076, 11.902232707279301, 42.56666979533665, 6.750901567893997, 58.90273623318741, 58.84117057330372, 32.17332116454258, 82.4760661484132, 55.29757931759183, 65.53931396958912, 29.99132318750397, 71.13498948906324, 29.413000748140185, 44.840402941170275, 30.61253589576352, 24.857250365666136, 29.475825988599528, 51.72014454520461, 29.599007571304895, 42.198651576426506, 37.714242947090284, 41.269246255940615, 49.89723185998201, 32.691190618905416, 39.797655488690225, 31.01397875813433], [77.96229476661455, 56.9766454791324, 23.209959681264355, 0.0, 59.432438808830604, 32.02813118601947, 13.47859723450649, 69.8532720518412, 61.45182868790589, 26.362778590971686, 34.3555054316465, 61.36048751939593, 23.351858932846635, 72.88893929198387, 73.74456189743863, 30.110265440709725, 48.922083861785836, 41.68202671889269, 49.591254346177465, 34.03850963986593, 26.633290912302545, 72.20156337979938, 58.53945690758236, 36.79244269809003, 77.6248894170169, 37.18499663832958, 82.4657768044919, 3.3743227769414337, 33.190135854512846, 29.79209179968259, 40.262713746231846, 72.00721298977925, 82.31930520033849, 49.55409872055744, 65.6884588397941, 57.36601900909521, 20.249699429509768, 57.479492645800995, 33.961061423932236, 69.02420949970438, 52.08560166366461, 35.310489127753264, 29.964568062335474, 15.176493859633785, 65.21150360905891, 26.617442366620683, 79.89455652081496, 42.53705129313, 21.56596231445444, 80.22841187723348, 76.107781199163, 42.378729204045406, 12.206151810831654, 76.78703397924926, 6.210031922086759, 28.32599160938862, 52.91729997470017, 42.482584773935955, 17.86904090687486, 68.77126028100274, 41.72428139706843, 65.10586931333006, 15.163801845137787, 56.773606183785674, 64.00690294574434, 32.40219476515452, 61.292132077131576, 51.2025909807585], [19.338323034813115, 10.444701240121832, 44.27585577140307, 59.432438808830604, 0.0, 42.104761155547145, 59.8667644707262, 62.22316379760082, 21.2581526117987, 59.737431651622934, 55.016629754049106, 51.628726767247585, 39.917045438445946, 13.465032877429083, 28.499852035591474, 34.05641572674382, 25.005915509432405, 28.181568926706152, 37.43237406843314, 43.07064214298177, 85.69449881141215, 21.848710645056084, 21.664719783251748, 59.26874777439902, 64.8000079341241, 89.5375179853075, 66.98812405950017, 57.57030748270518, 48.639332326939034, 35.7066534919626, 23.23227928655303, 63.13534738985419, 68.11015796668794, 13.637819769449354, 6.298947607835565, 25.767322301118117, 39.37022180860193, 12.392969260518079, 66.21096671204717, 29.329594499050284, 72.68965658087804, 75.92913583533036, 39.0955915209847, 55.33630886364352, 32.63306758013481, 37.58138543493861, 30.298703666908587, 69.54070233048053, 75.55626228671414, 59.118918759838344, 26.837774238129786, 97.11911208580416, 56.82803166347687, 36.2231247846407, 64.498521173129, 61.482789864482775, 49.76742254040332, 19.556103639454545, 72.39112302082577, 10.557820305785851, 17.962957322619435, 35.42611166964538, 73.98096796521286, 3.0440770046109016, 6.044216379209888, 35.15921372981048, 23.585143900190328, 57.762451701785004], [56.44377048438095, 45.552951356564606, 8.92459744439513, 32.02813118601947, 42.104761155547145, 0.0, 23.866480476288814, 81.66663522053817, 34.25871385926845, 50.859135544703875, 53.92598131374555, 70.95556053219805, 11.693968208078179, 54.277483969737176, 66.52466436595968, 34.156568105717064, 46.993089711230944, 42.18582592077346, 55.081391407922396, 2.48086652962135, 56.48340727739204, 61.84392801227655, 31.1740226216871, 57.99641486259336, 87.73945377046446, 69.1974301452318, 91.72057066208164, 32.67582577614446, 6.874623940349947, 35.65973379475424, 18.986062496882184, 83.46246817978029, 92.17819256295743, 39.59187346533048, 47.919806552794256, 28.520388906131316, 19.87500874541504, 34.239854336663406, 24.110166001517477, 39.80969018479794, 33.35760759951192, 64.50013098402495, 39.224354175129875, 19.215179530247212, 34.77869785153804, 9.91224106405751, 52.39515199480831, 66.96328903767723, 38.26880536772203, 86.50218009281363, 48.984351066928625, 74.24905797058258, 38.77125936688898, 72.4984816623565, 38.21014005958786, 53.19460237141033, 21.911273801274376, 22.776583309291663, 36.0880730434708, 48.07100682943515, 30.41742714738881, 34.0842632086972, 46.244335828211234, 39.06466110685068, 48.04374049366706, 38.175013619796914, 33.247563521285315, 23.552770649264176], [76.94074871910325, 59.7617459620013, 16.732089594854532, 13.47859723450649, 59.8667644707262, 23.866480476288814, 0.0, 80.92677260703942, 57.1202381822075, 39.45967816284848, 46.602085630946206, 71.66021981346, 20.03478226041399, 73.14010686649166, 78.70643656977379, 36.77337922742598, 54.93948823772253, 48.13802304103393, 58.245279115580715, 25.21563276352521, 33.029148307846924, 75.91418339083663, 54.05394987435887, 49.48417588755186, 88.35522493090116, 48.30255343772351, 93.02408134272628, 16.224566681352844, 22.625056260437752, 37.14074709642687, 37.819620817126136, 83.01820725603477, 93.0407274418208, 52.53998168446828, 66.13520986311438, 51.94151952029881, 22.082886558889097, 55.14645630957958, 20.482913401345826, 63.448991135466535, 38.65777058950905, 48.67042350763275, 38.64083269873907, 4.8317864810817746, 58.62895466311051, 22.751955349744705, 75.58126006380347, 55.84758949510876, 15.710933954545181, 89.90042125272277, 72.00270737328613, 52.08976986746581, 25.179642815512384, 82.90051396975014, 18.208665582805406, 41.52745683849024, 42.28086860374139, 40.92476648169223, 12.777941496478642, 67.9640161404453, 43.582439469933185, 57.939036727945954, 23.899184841216783, 56.93843812611907, 65.18503044634384, 40.01557160397512, 56.43929051626176, 39.142498137591545], [75.91112793510888, 51.782247358511086, 76.22512640805724, 69.8532720518412, 62.22316379760082, 81.66663522053817, 80.92677260703942, 0.0, 82.02183819176976, 46.2206546874009, 36.27893202172206, 11.114113227378974, 71.04230248155014, 67.54584775680377, 43.81410779696374, 47.615042003865824, 38.89089793981975, 40.60775668954562, 27.377984612398667, 83.99804310075454, 83.42783262448204, 50.143987079521075, 81.27720280223771, 35.56179204392438, 8.342026684197707, 71.8139031299063, 13.4197822971488, 66.48053780446389, 87.75067350925723, 46.30243516449843, 69.19430001491875, 2.21305220302506, 12.821147066777884, 51.049082118922264, 63.92697790713611, 84.21147075403452, 63.35431585720156, 72.72489471171248, 98.99685465121203, 90.97273135718083, 113.98812551067294, 52.39607494993156, 43.35825444429605, 79.34499847566332, 92.82022347765904, 71.8729246469927, 92.03742249665478, 37.591921638060285, 91.22775146270624, 16.274347103107257, 88.83459261522795, 80.2391039728578, 58.149170205692535, 38.092122243292806, 69.7085043346089, 45.35840711236155, 100.4613798564558, 66.78543416032335, 87.59416838780567, 70.64291222242719, 56.0680444702227, 95.07545817734548, 75.17515949978868, 62.74321721970071, 60.14704739157743, 43.611477752226556, 83.95755422051054, 104.87847984475876], [24.92920626201684, 31.128051168752833, 40.4127083861591, 61.45182868790589, 21.2581526117987, 34.25871385926845, 57.1202381822075, 82.02183819176976, 0.0, 70.17224900890476, 68.16477578971416, 71.09356351393426, 38.32887921104469, 26.50938948412114, 49.388748630506356, 44.85265541267308, 43.336644955067456, 43.90525455767941, 55.66501825125637, 33.96839164201834, 87.87360997697479, 42.249872436959905, 3.0875297852206707, 72.64593111069829, 85.31318472792267, 96.39623183148103, 87.79772826025122, 60.68372671545107, 39.062710278957624, 46.818037250934346, 21.586083564672897, 83.13817099197598, 88.8409325964167, 31.035274071737653, 23.369763566347764, 6.796955385069321, 42.068070984026996, 9.332584844906512, 56.58528022317358, 9.34893403525267, 58.102991098315975, 86.22434202683985, 50.933742530436895, 52.28969843166776, 11.376253533218497, 35.13119424048814, 18.534342565016463, 82.99549187741526, 72.2648455795921, 80.16059692649924, 14.884880824995058, 102.94071661263862, 63.07389555525417, 57.30018954561722, 67.41889780364022, 72.28005879000962, 32.59974225492322, 20.603507777274856, 69.79188381802545, 19.261566655595065, 28.62482846445937, 14.22978151710599, 76.60935171649061, 19.75942699466712, 26.03082455498492, 47.525547837594296, 2.4647401542371186, 41.717837653091685], [78.98332139001809, 53.00076408321409, 42.513849844071075, 26.362778590971686, 59.737431651622934, 50.859135544703875, 39.45967816284848, 46.2206546874009, 70.17224900890476, 0.0, 10.252076017550904, 39.81128879437043, 39.31588631015035, 71.92131631730611, 63.104753004551526, 25.957998839738632, 39.456142344520565, 33.06554187143392, 33.504785480007484, 53.29866514240221, 37.67476409425709, 64.33647491862446, 67.86307818656208, 10.954387778544374, 54.43921414933107, 31.646345846904843, 59.483000519137256, 23.28699956598084, 54.635303879264434, 24.152446977669637, 49.37366839465652, 48.43280164488747, 59.0290029564278, 46.56998759190186, 65.13259037752391, 68.41425508721414, 31.580035314164725, 63.18885767145035, 59.71551431033935, 79.17865642233951, 77.26968636271393, 16.26519884517258, 20.653723856685144, 39.76119346832698, 77.43721961104808, 41.88921190195152, 86.93156205576331, 16.59984448290622, 46.33876820534984, 59.08768006746683, 83.0465858872475, 40.085299960963155, 14.28098056501208, 63.434080064048956, 24.407316595921568, 2.3361774058138103, 72.73895390302758, 49.60771373407282, 42.90295287004731, 70.26718044686993, 42.94420467501617, 78.33794996539294, 28.96016794877372, 57.99939836439567, 62.23153421860646, 24.611391453353143, 70.93109053075848, 73.44088301398804], [73.82923599893712, 47.068995218985634, 46.37734095798656, 34.3555054316465, 55.016629754049106, 53.92598131374555, 46.602085630946206, 36.27893202172206, 68.16477578971416, 10.252076017550904, 0.0, 29.5594525586475, 42.24775508361247, 66.27655858426719, 54.62396603236856, 23.435652839901316, 32.394816312214935, 27.030393759922045, 24.43713968611657, 56.406847827351136, 47.926713976762876, 56.646394325589526, 66.18370469135617, 4.490477015889575, 44.4125577160859, 40.563979509674134, 49.42815642648699, 31.043557459864605, 58.65411714432633, 21.454418805664197, 48.687583987281606, 38.48346159586813, 49.04106135500818, 41.42696786214514, 59.86631167865867, 67.39480697997637, 34.05141067219093, 60.32178022289665, 66.19018509775111, 77.4293211542538, 82.96988077864128, 22.68154677048276, 17.27020127466927, 46.030169239751096, 76.57420289927201, 44.27724955497498, 83.76453135255906, 14.84074941198346, 55.30451896933695, 48.840122870427386, 79.94073732954702, 49.168761214564526, 22.261152212865877, 54.23626193720999, 33.54724423671584, 10.090310279072053, 75.34679071461187, 48.13018630403482, 51.74062699731563, 65.5462598622906, 39.77360611728067, 77.86189852143295, 38.98882488526863, 53.70709209136078, 56.64829303017946, 20.675660994381573, 69.25444947258505, 77.26677494833969], [66.23943342021272, 41.229977260942526, 65.8560084061415, 61.36048751939593, 51.628726767247585, 70.95556053219805, 71.66021981346, 11.114113227378974, 71.09356351393426, 39.81128879437043, 29.5594525586475, 0.0, 60.57496827730808, 57.85521756804661, 36.01918781436542, 37.118817672043434, 27.847835633492142, 29.546201359250542, 16.291212182184292, 73.2534561499981, 77.4860520264941, 41.49581372120605, 70.27780567731625, 30.11675107320244, 16.935051369156845, 68.34154424604218, 21.392852065174004, 57.99747629114725, 77.16302774535438, 35.94965733286908, 58.10450088065048, 12.634769351643978, 21.54157515988851, 40.07357191795397, 53.73934341136754, 73.15255514315946, 53.091502324080615, 61.82448132320814, 89.05685392159319, 80.11460621687802, 103.56382051847011, 49.039452096989585, 33.36442788435825, 69.72823506250649, 81.81147005852235, 61.23773433248775, 81.68642507871174, 35.08155621148581, 82.91172721625962, 19.30353758608675, 78.38486395819913, 76.9559088152454, 50.182587045126745, 31.780936141315394, 61.931381827196496, 39.43788769294478, 89.4476996606095, 55.67332016990911, 79.22530669962826, 60.43777989115745, 44.95436736419682, 84.03220492645484, 68.30007393918102, 51.98586096100492, 49.9546708668967, 33.16544389147176, 72.99091192613281, 94.03240705154556], [56.95255062024124, 40.65350974796636, 5.512792295553102, 23.351858932846635, 39.917045438445946, 11.693968208078179, 20.03478226041399, 71.04230248155014, 38.32887921104469, 39.31588631015035, 42.24775508361247, 60.57496827730808, 0.0, 53.12851730978686, 60.63683091615595, 23.459814785170618, 38.6550928357645, 32.88719745341906, 45.152144766591434, 14.172665549136877, 49.56062879711204, 57.04777177350414, 35.35644816383931, 46.30350414985758, 77.48065347730406, 59.75601878142567, 81.66870959591668, 23.103448702446617, 16.83733936060403, 24.7470082632366, 17.916824697773624, 72.91775609076323, 82.01248517330261, 33.748659630312176, 46.161800000807446, 34.021234277906636, 8.218188703628623, 35.354537412715764, 29.7812368015155, 45.6845181335337, 42.98885317052583, 53.42361422930288, 28.016734255547405, 15.42449324593338, 41.92363305188276, 3.266070732404186, 56.84986371665438, 55.30615674865801, 35.744513899651366, 77.02559219646847, 53.12540004644697, 65.54722565642112, 27.876986611438042, 65.72217692654706, 29.479104562002348, 41.651758825176366, 33.44482903112551, 20.90040691033225, 32.73132664461281, 47.9429181155977, 24.454904164006628, 41.96321788002017, 38.42222264352163, 36.961070216425625, 45.36194532629028, 27.441118540431177, 38.03358671535813, 35.079835727463816], [8.384975189503097, 19.217237701371886, 57.26257441864816, 72.88893929198387, 13.465032877429083, 54.277483969737176, 73.14010686649166, 67.54584775680377, 26.50938948412114, 71.92131631730611, 66.27655858426719, 57.85521756804661, 53.12851730978686, 0.0, 26.782375978098308, 46.747156630171354, 34.418207770301386, 39.276451341047725, 45.92996953845022, 54.94966290256069, 99.09958673943933, 19.122522112723843, 28.340597354071466, 70.32378359534148, 68.55214889758776, 102.33123370253485, 69.81698300144923, 70.99354133728433, 60.51241668810676, 48.260453050580274, 35.878230426968585, 68.05800052309849, 71.16760598182368, 25.37812929688751, 7.207113680666725, 32.807627111117505, 52.83373363854692, 20.834023158936677, 78.30791682155186, 31.43717689389555, 83.07440451842976, 87.93543167049641, 51.31977446686044, 68.54902567984605, 36.8610674587516, 50.64893071100672, 26.246436236127956, 80.35595924229088, 88.84716490205243, 61.217123530786466, 24.03978084188779, 110.0712859088778, 69.96727128532169, 34.89981836361597, 77.91068976785596, 73.52238158634307, 58.55681723527858, 32.405340410211934, 85.73124324750022, 7.2515663322765995, 31.302771946029857, 39.97202036653462, 87.3845229785976, 16.25286072500504, 9.691653175891965, 47.352384768953726, 28.94009504678928, 67.28627394917855], [34.518346425762665, 21.17318891356482, 65.92404350849398, 73.74456189743863, 28.499852035591474, 66.52466436595968, 78.70643656977379, 43.81410779696374, 49.388748630506356, 63.104753004551526, 54.62396603236856, 36.01918781436542, 60.63683091615595, 26.782375978098308, 0.0, 43.670889555838485, 24.99988311119375, 32.28951589778367, 30.300448823170782, 68.05752891693035, 97.17494375737691, 7.667948919624359, 50.09840082190642, 57.63474925043528, 43.201912848398216, 94.73285496755562, 43.785873873711424, 70.9614246125529, 73.38741181213564, 44.21780225644741, 48.05161478166653, 43.845524343478836, 45.25263076357285, 27.060930194953027, 26.36719918667399, 54.261597058438504, 56.624379946737385, 40.87371457436337, 89.83426165056031, 56.463194032597585, 99.07953576141237, 77.28140907005948, 45.252542518446, 74.92790249556177, 60.69596823537583, 59.363513286368, 53.01067953763302, 66.18478302979038, 93.51966913599381, 34.939291113487535, 50.61654222056453, 103.18859185378406, 66.63163595641186, 8.159684649079843, 77.17245283176725, 63.97732796343467, 77.7262131371409, 44.31870468296667, 89.94928706234113, 32.267170304681166, 36.41443478761539, 63.61614377426967, 85.94731476483061, 30.80467376345061, 23.36548298484578, 41.93370716657328, 51.80027253659872, 85.17478898328918], [53.389678445188586, 28.60576461441566, 28.748485729108033, 30.110265440709725, 34.05641572674382, 34.156568105717064, 36.77337922742598, 47.615042003865824, 44.85265541267308, 25.957998839738632, 23.435652839901316, 37.118817672043434, 23.459814785170618, 46.747156630171354, 43.670889555838485, 0.0, 18.817057302710694, 11.623803386457531, 22.008228742803954, 36.53792722478363, 54.10550871136997, 42.60017663951298, 42.78981307931575, 27.925603015796067, 54.03439270542615, 55.586239072428405, 58.27734902364687, 27.290537911300564, 40.136986298356796, 1.981241665738278, 25.39054620686225, 49.4703616418095, 58.58423421668301, 21.51341524822413, 39.737429167283686, 43.96399910547262, 16.133291661482367, 37.38551899238702, 52.31982538560527, 54.06679626832187, 66.44727193651468, 42.22315620557708, 6.185995927447684, 33.902953450160496, 53.14735981732601, 24.295054969947703, 61.07897976033101, 38.206757780947626, 50.53337397371717, 54.004736716734705, 57.2062651521331, 63.358688746156226, 23.78981146978001, 46.77407247523057, 33.59229445608805, 27.879843136067617, 54.09601474683657, 24.69454519852492, 46.87133257239412, 44.507293815046985, 16.99443480612335, 54.486172299417596, 42.61073567743155, 32.148769064767556, 37.15463865831625, 4.019071883234677, 45.86496841336314, 57.58528983530678], [42.3852600106241, 15.401103249103175, 44.16108995374742, 48.922083861785836, 25.005915509432405, 46.993089711230944, 54.93948823772253, 38.89089793981975, 43.336644955067456, 39.456142344520565, 32.394816312214935, 27.847835633492142, 38.6550928357645, 34.418207770301386, 24.99988311119375, 18.817057302710694, 0.0, 7.293114819101595, 12.505188209464809, 49.0063358679791, 72.2218529498702, 24.978063549748292, 42.44007629237869, 36.20514950807617, 43.06888483312277, 70.97385046870428, 46.30091626578953, 46.05761338789653, 53.72524645080799, 19.239645439150994, 31.36691065407036, 40.16748259491117, 47.06930900739804, 12.317067990104915, 28.626406532499786, 45.32084662852018, 33.14500911677266, 34.1361584821818, 68.43615211062486, 52.46126801957214, 80.34953388919205, 54.75988314505089, 20.36598354978385, 51.58594349307892, 53.9672307429891, 38.20952983439559, 55.27210347243703, 46.04130759151669, 69.20089555118818, 40.02125839422092, 51.7315210100493, 79.24206140210637, 41.67160316457348, 28.040747193036573, 52.18740368268456, 40.683868072594315, 63.116203133865994, 28.48194869258399, 65.56612526733961, 34.94261532707298, 17.84468800506305, 56.18820913271767, 60.952028458921326, 24.766854163873337, 25.0755417736533, 16.939791169466194, 45.18131922719828, 68.76067846426851], [46.804054253215455, 20.109646518597714, 38.38769245341874, 41.68202671889269, 28.181568926706152, 42.18582592077346, 48.13802304103393, 40.60775668954562, 43.90525455767941, 33.06554187143392, 27.030393759922045, 29.546201359250542, 32.88719745341906, 39.276451341047725, 32.28951589778367, 11.623803386457531, 7.293114819101595, 0.0, 13.264696326349357, 44.360490673213675, 64.97435315312256, 31.94030480467789, 42.52326846999409, 31.17468602465515, 45.91439801925362, 64.32666167127469, 49.671792726525695, 38.78807056177146, 48.717865510329084, 11.951166614680588, 28.611025393639462, 42.17889144270702, 50.224706677391836, 14.544937239866165, 32.842119373954525, 44.79681658244734, 26.681697184725547, 35.15534081036269, 62.53670948999418, 53.232525514655855, 75.37581256325394, 48.800317354297974, 13.2497068303733, 44.990901147307284, 53.808241132116564, 32.87449148726407, 57.74886062241992, 41.385073506904945, 62.13635199727372, 44.33834277125867, 54.03177972987711, 72.48694801349777, 34.428580700017, 35.15080748530629, 44.89448343130492, 34.48573251775673, 59.919435433553566, 26.399733349494877, 58.48173637417682, 38.638453518881256, 15.868985652642817, 55.71734073974242, 53.67279131155457, 27.178019682520752, 29.626626544884903, 9.67754496455552, 45.45840994163709, 64.78766841392746], [54.12768878902718, 27.491965064385504, 50.56357454424814, 49.591254346177465, 37.43237406843314, 55.081391407922396, 58.245279115580715, 27.377984612398667, 55.66501825125637, 33.504785480007484, 24.43713968611657, 16.291212182184292, 45.152144766591434, 45.92996953845022, 30.300448823170782, 22.008228742803954, 12.505188209464809, 13.264696326349357, 0.0, 57.32378054971958, 69.66569207106198, 33.09552630966461, 54.61982311164265, 27.334374374792315, 32.72449240482304, 64.88000522443639, 36.64103643682478, 46.36192625629427, 61.457185474401854, 21.241071108294715, 41.81728002974262, 28.918839730094227, 37.10822985762267, 24.75404612971409, 40.65806056190287, 57.26931042016732, 38.13236381528891, 46.53798844761697, 74.32288373062661, 64.85547305314407, 88.02945487700137, 47.024424298568384, 19.760304703444085, 55.720155347283594, 66.09034130835313, 45.52203581468205, 67.7266082951087, 36.14639435551243, 70.96111652685325, 31.99682603673583, 64.21252697753766, 73.43575472613819, 39.912086673664284, 29.93443947825079, 51.459183965139964, 34.1014131522828, 73.18304074805366, 39.43880614948746, 67.24806448145397, 47.141429643420054, 28.74699263678878, 68.18852475972271, 59.19756078566188, 37.27105025265606, 36.98253755602227, 18.34460394097773, 57.43253565706178, 77.93825289904497], [56.759797723621055, 46.995435545399424, 11.148888064537706, 34.03850963986593, 43.07064214298177, 2.48086652962135, 25.21563276352521, 83.99804310075454, 33.96839164201834, 53.29866514240221, 56.406847827351136, 73.2534561499981, 14.172665549136877, 54.94966290256069, 68.05752891693035, 36.53792722478363, 49.0063358679791, 44.360490673213675, 57.32378054971958, 0.0, 58.0636620549582, 63.18996843407811, 30.902570563835884, 60.4759042665068, 90.00879406150919, 71.22349094171376, 93.95345792187649, 34.81985812490507, 5.576573417478532, 38.064218347507605, 20.197714738738995, 85.78039848140811, 94.43004173080315, 41.23871756727376, 48.75482311809042, 27.961218631207327, 22.355845913554905, 34.6245663660703, 23.37548118287305, 39.01110274589738, 31.418922382994193, 66.84248718873913, 41.6599548939417, 20.704191329588113, 33.69575164633102, 12.34989762935421, 51.85287242706455, 69.4274673480508, 39.129047005259345, 88.64023175759029, 48.53682672009409, 76.12643474385453, 41.10349881716954, 74.17867293429657, 40.19119581645223, 55.633557619500024, 19.518072619673067, 24.00035707659164, 37.13519398133496, 48.57411121045897, 32.17076425668129, 32.80598653586737, 48.030277714728555, 40.04389009796913, 49.05835071185091, 40.554336077345546, 32.79577220073448, 21.107630098263513], [104.45335602055829, 82.33414834016482, 48.309227598419255, 26.633290912302545, 85.69449881141215, 56.48340727739204, 33.029148307846924, 83.42783262448204, 87.87360997697479, 37.67476409425709, 47.926713976762876, 77.4860520264941, 49.56062879711204, 99.09958673943933, 97.17494375737691, 54.10550871136997, 72.2218529498702, 64.97435315312256, 69.66569207106198, 58.0636620549582, 0.0, 96.67940157942513, 84.9145439728059, 47.89973092505252, 91.73793950653156, 21.170505846730613, 96.81175514492556, 28.14135464135025, 55.63879184609198, 53.217546038989795, 66.8588682725244, 85.63618442623726, 96.23781738546303, 74.97700597864956, 91.89333364242421, 83.46561171969577, 46.8360304853873, 84.11209064399992, 48.53229307469404, 95.12714024070588, 66.26973608875798, 34.03008163463323, 51.92757553716402, 37.36288575654461, 90.87521642819455, 52.788625434229886, 106.37270388976513, 47.860156310879084, 24.366124740726207, 96.75717682665673, 102.61536511235397, 21.020067551980823, 30.550258873405372, 98.97400223882234, 21.19815396990098, 38.18327456121993, 75.14868956873951, 69.1155173316495, 23.7179432664096, 95.25704890863808, 67.80225191654011, 90.45936401527408, 11.715075248023437, 83.12787775322542, 89.98074667413144, 55.2968926547402, 87.58708437584174, 71.06994590593722], [26.9540135335721, 16.441228124378696, 62.13251828625358, 72.20156337979938, 21.848710645056084, 61.84392801227655, 75.91418339083663, 50.143987079521075, 42.249872436959905, 64.33647491862446, 56.646394325589526, 41.49581372120605, 57.04777177350414, 19.122522112723843, 7.667948919624359, 42.60017663951298, 24.978063549748292, 31.94030480467789, 33.09552630966461, 63.18996843407811, 96.67940157942513, 0.0, 43.15532758138353, 60.05888872444928, 50.20023740059234, 95.91955295875492, 51.07923914229284, 69.63420423621197, 68.64292280742319, 43.47083845243376, 43.001805315882784, 50.37205090144273, 52.49776928424229, 23.393211187169424, 18.988601728228844, 47.42084052043686, 53.943792594737346, 34.051277597529534, 85.58459759928576, 49.02513355355761, 93.77247621280017, 79.27840549124667, 45.18969734755678, 71.8692924224245, 53.475404609571896, 55.4373945290337, 45.34348073213817, 69.2223623055539, 91.12007358674866, 42.331044152873055, 42.95832423241735, 104.21391050667785, 66.21298446543585, 15.815784687020408, 76.13461925307051, 65.4572856813925, 71.5526092425321, 39.20548572857747, 87.64375139021114, 24.674743000565716, 32.59442625768656, 56.44381654025985, 85.21091212590932, 24.432347002232508, 16.286661055814758, 41.5404544263115, 44.687755635878254, 79.33996882236607], [27.43320375366555, 31.05719647132627, 37.354699779014716, 58.53945690758236, 21.664719783251748, 31.1740226216871, 54.05394987435887, 81.27720280223771, 3.0875297852206707, 67.86307818656208, 66.18370469135617, 70.27780567731625, 35.35644816383931, 28.340597354071466, 50.09840082190642, 42.78981307931575, 42.44007629237869, 42.52326846999409, 54.61982311164265, 30.902570563835884, 84.9145439728059, 43.15532758138353, 0.0, 70.67212550461177, 84.84474550195058, 93.69134607262134, 87.48484458928031, 57.8324051779264, 36.02660104086548, 44.76545393368968, 18.90951974258727, 82.46260970891797, 88.47949193182905, 30.23082021471138, 24.537443870047703, 4.468729157523003, 39.30413231619125, 9.291747388637154, 53.597552509761755, 11.319262469712863, 55.52844956510383, 83.84092779282368, 48.919659408790835, 49.224279300197495, 11.549140216765522, 32.144324609336536, 21.55997169527962, 80.98960223886068, 69.18120025671243, 80.02813542766584, 17.94934546355555, 100.15412208338881, 60.421418478132374, 57.88464050389717, 64.53476046556898, 69.99966924199362, 30.318481341411218, 18.261611874939767, 66.71688418854298, 21.108560662956673, 26.957275355686992, 14.007774217110667, 73.6886682004409, 19.78772138478669, 26.868738760750773, 45.61602901583349, 3.077823745441999, 39.286212255326475], [77.96734299046847, 51.10658665904388, 50.26371671079373, 36.79244269809003, 59.26874777439902, 57.99641486259336, 49.48417588755186, 35.56179204392438, 72.64593111069829, 10.954387778544374, 4.490477015889575, 30.11675107320244, 46.30350414985758, 70.32378359534148, 57.63474925043528, 27.925603015796067, 36.20514950807617, 31.17468602465515, 27.334374374792315, 60.4759042665068, 47.89973092505252, 60.05888872444928, 70.67212550461177, 0.0, 43.85127558606021, 38.58405766287575, 48.92075631612651, 33.57190850976664, 62.54391919968795, 25.944391805279423, 53.15945014788911, 37.7737052925508, 48.38227814741384, 45.65101975826259, 64.00929533631745, 71.88297172075828, 38.144611461368285, 64.76812105631636, 69.38598362222645, 81.91464507460572, 86.4551931223652, 19.857978566494626, 21.76055499842502, 49.243949132177804, 81.06136039713516, 48.43391403440724, 88.17078788639574, 10.387106716032452, 57.211295184672785, 49.156068126802374, 84.3547132391751, 47.227824789098136, 24.586358890939078, 56.730582016454534, 35.29165642757769, 9.814931415007399, 79.53296059675615, 52.62003882503697, 53.734870692955944, 69.77712649496104, 44.226455249054446, 82.33994545684668, 39.788136632190145, 58.02474881664697, 60.73319632685213, 25.14129053613024, 73.74243812036903, 81.23179127594649], [76.79619079719537, 54.41806456182376, 82.7794156832607, 77.6248894170169, 64.8000079341241, 87.73945377046446, 88.35522493090116, 8.342026684197707, 85.31318472792267, 54.43921414933107, 44.4125577160859, 16.935051369156845, 77.48065347730406, 68.55214889758776, 43.201912848398216, 54.03439270542615, 43.06888483312277, 45.91439801925362, 32.72449240482304, 90.00879406150919, 91.73793950653156, 50.20023740059234, 84.84474550195058, 43.85127558606021, 0.0, 80.0854551535522, 5.079616869176141, 74.25078943043773, 94.0158600054201, 52.88356627962296, 74.16182257297214, 6.166294753969089, 4.696277942219399, 54.76484878321988, 65.73116366675123, 88.06503415544178, 70.02626378549455, 75.98105876839472, 105.97273669706398, 93.99284793751193, 120.466469070893, 60.68643914138323, 50.26177511114767, 86.55742245823502, 96.37792283597089, 78.07869114376265, 93.88675944183247, 45.85227462303134, 99.08629282846033, 10.311103277373407, 90.89321763534116, 88.48109315567075, 66.07541050479463, 36.412718056775816, 77.70798217003959, 53.63176928338902, 105.75984227980682, 71.48005675025874, 95.43102567701752, 72.39957358568898, 60.76357744651678, 98.79644601972528, 83.3720980129143, 65.68521342165754, 62.00978586407982, 50.09271750329335, 87.37854269417795, 110.66228670017995], [108.86705165316296, 83.86338706356052, 60.33301003193065, 37.18499663832958, 89.5375179853075, 69.1974301452318, 48.30255343772351, 71.8139031299063, 96.39623183148103, 31.646345846904843, 40.563979509674134, 68.34154424604218, 59.75601878142567, 102.33123370253485, 94.73285496755562, 55.586239072428405, 70.97385046870428, 64.32666167127469, 64.88000522443639, 71.22349094171376, 21.170505846730613, 95.91955295875492, 93.69134607262134, 38.58405766287575, 80.0854551535522, 0.0, 85.1059466860106, 36.71643824911614, 70.13515959151758, 54.08874436598392, 74.8116393335924, 73.93401507829611, 84.22824264589232, 77.02471240665328, 95.31594414309157, 93.17827364813492, 54.42165179935627, 90.85731527162858, 66.80345181036962, 104.67737469428558, 85.10982333490023, 19.447594029993205, 51.323499503924396, 51.590232784083994, 101.52821100843768, 62.96932000854902, 114.32862413633612, 34.23386841766515, 44.1237209573576, 86.83934767074268, 110.44688857839918, 8.643793802081298, 33.40037492905245, 94.77357264948827, 31.054769879861134, 30.795751221533656, 89.94999977976482, 76.14390323211707, 42.5244488106301, 99.85725368693393, 71.85854679130074, 101.70307160756172, 24.672888460869025, 87.43567427728436, 92.71708431452727, 55.241994651625006, 96.62566015441456, 87.44157189627873], [77.93906455685365, 56.7216504923474, 87.01684371809296, 82.4657768044919, 66.98812405950017, 91.72057066208164, 93.02408134272628, 13.4197822971488, 87.79772826025122, 59.483000519137256, 49.42815642648699, 21.392852065174004, 81.66870959591668, 69.81698300144923, 43.785873873711424, 58.27734902364687, 46.30091626578953, 49.671792726525695, 36.64103643682478, 93.95345792187649, 96.81175514492556, 51.07923914229284, 87.48484458928031, 48.92075631612651, 5.079616869176141, 85.1059466860106, 0.0, 79.09308750686972, 98.08705031459316, 57.2071325488209, 77.59863649903014, 11.234438673018742, 1.727298538579315, 57.64619467015105, 67.476860457167, 90.85277219917221, 74.34599465324165, 78.48428226436825, 110.39974358666119, 96.29536313206484, 124.62099426492003, 65.72162733622791, 54.743434996700785, 91.12099616799465, 98.97624884015767, 82.14734614429686, 95.51808827236722, 50.872674653419914, 103.95925032153114, 9.003923259943688, 92.65652620521772, 93.48141784859511, 70.99337384615254, 36.47656004552857, 82.65354861368913, 58.69514722588837, 109.29774379318191, 74.78278065867475, 100.29477883591295, 74.07504047983217, 64.1171522197858, 101.4797178537497, 88.4028923771331, 68.0701712010094, 63.816592214629146, 54.38078206689974, 89.92819932638302, 114.45531303428048], [76.32052781771482, 54.64841149561315, 23.756390213800188, 3.3743227769414337, 57.57030748270518, 32.67582577614446, 16.224566681352844, 66.48053780446389, 60.68372671545107, 23.28699956598084, 31.043557459864605, 57.99747629114725, 23.103448702446617, 70.99354133728433, 70.9614246125529, 27.290537911300564, 46.05761338789653, 38.78807056177146, 46.36192625629427, 34.81985812490507, 28.14135464135025, 69.63420423621197, 57.8324051779264, 33.57190850976664, 74.25078943043773, 36.71643824911614, 79.09308750686972, 0.0, 34.492766307942446, 26.85242636441349, 39.26866969353746, 68.6338080568504, 78.94514403643323, 47.23710914670554, 63.78644244953443, 56.90937160583936, 18.87290312477923, 56.25558856028793, 36.639910692347065, 68.52651810261793, 54.571271334448106, 33.16871277791145, 26.811721233146045, 17.217064001749794, 65.00646025944043, 26.346621437246895, 79.01964492679488, 39.623318147151004, 24.918381708287335, 76.88744810094389, 75.197725113639, 42.478781183188694, 9.026817566569035, 73.82228073862294, 6.954456552791062, 25.318781811860365, 54.01871572352457, 41.24097591675392, 21.227926666845974, 67.12442446128632, 39.71981591739181, 65.06304334100956, 16.445439903962782, 54.988336365237515, 61.96110742305917, 29.391139420345496, 60.65725220095017, 52.84868166492935], [62.213162749358524, 52.38831817382148, 12.281416067058919, 33.190135854512846, 48.639332326939034, 6.874623940349947, 22.625056260437752, 87.75067350925723, 39.062710278957624, 54.635303879264434, 58.65411714432633, 77.16302774535438, 16.83733936060403, 60.51241668810676, 73.38741181213564, 40.136986298356796, 53.72524645080799, 48.717865510329084, 61.457185474401854, 5.576573417478532, 55.63879184609198, 68.64292280742319, 36.02660104086548, 62.54391919968795, 94.0158600054201, 70.13515959151758, 98.08705031459316, 34.492766307942446, 0.0, 41.51422809014211, 25.691647549637754, 89.59298021196261, 98.49807496095498, 46.46617500150585, 54.3313779728865, 32.83401930626931, 24.942510472131218, 40.124432421865286, 17.851268894169873, 43.52680102922556, 26.667796187705413, 67.29937620556959, 44.852466283163075, 18.638895831233736, 37.83253521709952, 15.940998071691286, 56.63564199285602, 71.04521260955993, 35.27150966615664, 93.05615345698