instance_id,num_cities,city_coordinates,distance_matrix,best_route,total_distance
2001,55,"[[81.5942089854633, 78.43992165279177], [55.660456465119545, 53.30239507223331], [99.50940298124313, 57.22365941413822], [74.8539411904039, 8.832119003495665], [35.52435942297228, 83.68685393567937], [60.26558096132169, 13.479500628980812], [63.766830528456516, 39.278890956650784], [55.458052466418216, 52.452141766593975], [92.38856822691552, 25.10055470302125], [18.40092026562531, 46.40637849126906], [18.776723168981412, 55.817779034215484], [47.79556573561092, 97.1402959859073], [94.97977332318571, 21.121972651128395], [19.866396803225317, 73.73891607182446], [39.76966640860433, 49.0622872532495], [39.31487524966407, 77.0137557130844], [24.07379020861139, 61.626119738772175], [60.95626206953789, 26.78795059243031], [20.427629812142968, 91.21015661713484], [12.311179018568962, 29.803205744302286], [61.421862064143816, 19.011512096210016], [81.24486218548981, 14.231070478050222], [17.88994320319516, 6.161377606060392], [32.13785731697367, 85.13038653642954], [49.130301497969405, 84.92167617541855], [91.36891594330825, 20.534925620916088], [35.483283726268034, 32.34289631605372], [75.99310805831887, 79.24269165387278], [51.56605617752741, 7.3499532911394105], [91.79199425017221, 5.102547454199025], [8.76579691935142, 81.38335818746502], [78.52560169120018, 62.32260741597101], [28.894191336359153, 85.71324325085239], [95.48094043453965, 30.64033801811452], [37.04320615111853, 55.09952907134436], [4.960871831046354, 2.780027914462635], [13.077250281871923, 54.838917320864], [74.3405347232492, 34.32243434934065], [80.38897567374997, 79.81105122165728], [36.93572957210145, 32.39078829695491], [31.640977471886067, 73.39640651814513], [73.71856025736366, 53.8306395815937], [7.4742060330461495, 70.51614859279593], [63.33381533367643, 81.38462719415804], [95.92069086362012, 72.47368822674109], [15.460058983943537, 41.88859799138327], [26.23854761922786, 59.66755269182579], [90.54061379684192, 28.811783483899923], [55.73935079733522, 12.789978232278399], [22.686457153982197, 51.575626716195075], [52.168314128981585, 8.5011237605638], [74.06892977313828, 87.97104918817804], [66.3999574042171, 83.40871737143519], [1.1477843662993648, 4.354696349325349], [73.97149388566521, 0.09606474322489955]]","[[0.0, 36.11723636125443, 27.768398572581425, 69.93337829400542, 46.36767556274265, 68.37226537846306, 43.02791823727295, 36.85733822458547, 54.42064183777877, 70.84870942162561, 66.76674217721805, 38.62709263883884, 58.86017847744423, 61.9065606400318, 51.11103368820335, 42.303380602862845, 59.92747709580562, 55.62239627456707, 62.4854327728519, 84.65027097273045, 62.75873997093063, 64.20980152879122, 96.34532374938156, 49.90684362606502, 33.10465875142281, 58.724215291166566, 65.20086788651636, 5.658336440217549, 77.17171478409354, 74.04299614851854, 72.88786883086266, 16.40683299527456, 53.19955890122307, 49.77591290963201, 50.2947887897134, 107.68977613458854, 72.4677930908988, 44.70982527669369, 1.8255365321682293, 64.1475055348009, 50.20719453985111, 25.838781065449044, 74.54234378641875, 18.49630414551976, 15.519150244110673, 75.56272267344896, 58.45212640871134, 50.428070131224324, 70.55769811328045, 64.74421648517973, 75.87699742817072, 12.143814035106494, 15.986063055293245, 109.3629180402215, 78.71382153700439], [36.11723636125443, 0.0, 44.023930135926776, 48.435475733489646, 36.451032146089055, 40.088278754069144, 16.197900114968682, 0.8740126214425642, 46.3065653422654, 37.892322210262535, 36.96940543661537, 44.537827323570795, 50.80933246349294, 41.217303376688456, 16.446754176336754, 28.799420978754988, 32.66499468122379, 27.038145703290095, 51.752782140710195, 49.308941929511796, 34.77151779476692, 46.7025718950095, 60.406019566060024, 39.57693408197888, 32.28655852482954, 48.46443162308264, 29.093279083729055, 32.95930380869486, 46.13448839382375, 60.238802553789306, 54.6593961125853, 24.580054860310543, 42.034462392191834, 45.817461447389014, 18.703788382702893, 71.57483821352399, 42.610918195522565, 26.630513190180856, 36.2520139178501, 28.06974697324478, 31.316204544848972, 18.065828373842447, 51.16862359854108, 29.11171924286372, 44.59175882422991, 41.78931348380066, 30.10255722788706, 42.61942551767112, 40.51249365973314, 33.01918169074305, 44.93716690266164, 39.25286572650524, 31.964472822249043, 73.26328295689495, 56.26906502240982], [27.768398572581425, 44.023930135926776, 0.0, 54.31052365273589, 69.24150824064091, 58.76758455604871, 39.994327104422396, 44.30901559322652, 32.90288959772112, 81.8266431854194, 80.74491989785997, 65.32732076145805, 36.38474037249176, 81.33733543423361, 60.29464421751576, 63.364257119841646, 75.56396847236398, 49.11900900504395, 86.07559956049279, 91.4079402552333, 53.95209890040203, 46.71141352932036, 96.27612807912429, 72.92263423568005, 57.49116452786601, 37.580988765128374, 68.69058391945214, 32.21574006097677, 69.18056855204796, 52.68936049586221, 93.90470215028468, 21.594424912588032, 76.14567947586339, 26.88682738692842, 62.502301366694056, 109.1033168768585, 86.4650450476888, 34.028488636093826, 29.59359743403139, 67.32114149237638, 69.76876758270359, 26.013076557607075, 92.99014864951093, 43.502017260282734, 15.66659610280395, 85.43685583643669, 73.31160112720283, 29.793856301417012, 62.37122326484534, 77.03028806213374, 67.93426362470969, 39.90763905531157, 42.212470274138774, 111.66975988198506, 62.575928869319746], [69.93337829400542, 48.435475733489646, 54.31052365273589, 0.0, 84.55795257554769, 15.310728596195695, 32.40262250494087, 47.737897788302845, 23.919137639537986, 67.81422083595754, 73.15946028740598, 92.36065073509107, 23.581552572236298, 85.06775148904049, 53.37951643063395, 76.88797560307198, 73.25182760429955, 22.70588850929948, 98.73380602062076, 65.96501784410539, 16.853509824072628, 8.366154922664572, 57.0265721072089, 87.4419204387065, 80.32014908879037, 20.24104922709807, 45.85635527382232, 70.41978729098086, 23.335003826265858, 17.343798470832436, 98.1393148555714, 53.61635423486258, 89.57123350821885, 30.017853261137112, 59.75219593117485, 70.15460748248769, 77.02587247816997, 25.495485142101856, 71.19441990466818, 44.64080724190532, 77.691102808573, 45.01284199070998, 91.35068809948474, 73.46141670639746, 67.03773023448136, 67.97325979112333, 70.33987354524427, 25.40194264640208, 19.52004650531484, 67.4422259587857, 22.688041630356288, 79.14282351357745, 75.05423949378255, 73.842026430777, 8.780510081085016], [46.36767556274265, 36.451032146089055, 69.24150824064091, 84.55795257554769, 0.0, 74.43924033425704, 52.62798067654587, 37.05346627018768, 81.6449184008228, 41.02494385049958, 32.5141300969193, 18.209272565541536, 86.30938889944505, 18.550829122831985, 34.8838537055224, 7.674519536804967, 24.855412461664358, 62.32388686441813, 16.86746359650098, 58.671111178325816, 69.66764302817846, 83.15329355215248, 79.5057992573287, 3.6813289561463503, 13.661860990067625, 84.3017232494449, 51.34397405011395, 40.71203992061683, 78.00422062157578, 96.65164227379871, 26.85752706267325, 48.016016764884824, 6.932920200996877, 80.05450928954035, 28.627644651326577, 86.48723183574117, 36.552375514115035, 62.79762245529627, 45.03171813297341, 51.31547832486979, 10.99881645592194, 48.47876352522756, 30.98836208042372, 27.90458897777879, 61.42842938497367, 46.36453765640819, 25.751759805837448, 77.70496510788797, 73.72253970644971, 34.582403736719776, 77.00594295391086, 38.78193177809001, 30.87685072425326, 86.46004938659921, 92.00870712171623], [68.37226537846306, 40.088278754069144, 58.76758455604871, 15.310728596195695, 74.43924033425704, 0.0, 26.03588465581365, 39.26804155379393, 34.1604333792368, 53.261891638617506, 59.27777947285302, 84.58504572016847, 35.54549943306195, 72.54854395611953, 41.063575310736475, 66.8994292868663, 60.23240531135456, 13.32636037419391, 87.34481800377797, 50.656569311186665, 5.6515605687543475, 20.992739171455526, 43.00290222748409, 76.97414038971172, 72.30476398920739, 31.893517661407216, 31.14466171101604, 67.6176929683586, 10.642043132344913, 32.62036295555121, 85.22418452348188, 52.14477382884041, 78.75200099149222, 39.174173669960815, 47.660313252943574, 56.33018345747756, 62.748226280954945, 25.15019303050596, 69.3168494579852, 30.031962425122515, 66.4033397974709, 42.534657242216106, 77.71813480627243, 67.97440897864752, 68.93185789215835, 53.052913328221464, 57.36876459733156, 33.93606504494996, 4.578449588336124, 53.51173113421277, 9.505259933221433, 75.75964126873832, 70.19776298826275, 59.8178562587498, 19.156419425295166], [43.02791823727295, 16.197900114968682, 39.994327104422396, 32.40262250494087, 52.62798067654587, 26.03588465581365, 0.0, 15.574669492027041, 31.941025152621123, 45.92240077055415, 47.93375198186877, 60.02519047069205, 36.10985295262847, 55.80986841233204, 25.91483607687733, 44.96463204722575, 45.55146632187954, 12.803237334548655, 67.63980094462642, 52.32086278484437, 20.402586183404846, 30.543000856701354, 56.581432300545906, 55.70234818492996, 47.93215856381661, 33.364822129842004, 29.121590639351716, 41.79219099789455, 34.18063713874275, 44.197649901624246, 69.26687418139076, 27.364834998438777, 58.071077458613, 32.86958113525351, 31.055509820596217, 69.21204939671934, 53.02403196692939, 11.677743039608503, 43.80812396096612, 27.701154069472036, 46.86230150879452, 17.629245946459037, 64.37876852820487, 42.10796274175993, 46.2143408506018, 48.377213105561395, 42.70912719157924, 28.7471008859779, 27.678564416403184, 42.881310461858256, 32.8906755212692, 49.77006652689305, 44.208312980059034, 71.69968138861363, 40.48986322902922], [36.85733822458547, 0.8740126214425642, 44.30901559322652, 47.737897788302845, 37.05346627018768, 39.26804155379393, 15.574669492027041, 0.0, 45.95619989982352, 37.54706780200433, 36.835410045826805, 45.34032234588688, 50.433579253151606, 41.47158922888188, 16.050438334221624, 29.39175139912494, 32.69761136995803, 26.246542962147558, 52.24283899724351, 48.73014458491357, 33.96826073954461, 46.106505462153045, 59.61709218151793, 40.14597343502163, 33.08037329058649, 48.04475832123371, 28.34383775730723, 33.75532656374731, 45.269802742978314, 59.68366114016137, 54.928881398257765, 25.09059424113488, 42.56688372529988, 45.58054786935959, 18.60417222983758, 70.8327900527748, 42.44795744617289, 26.176982775231135, 37.014333150014, 27.304474879314753, 31.71616760074011, 18.312465727179898, 51.27141368402576, 29.98526894589225, 45.14518167776654, 41.36940825918205, 30.09720283240513, 42.30428641682876, 39.66316105624675, 32.783314932380684, 44.073964674115594, 40.099345861857245, 32.83344113622692, 72.54632641818552, 55.532930000683784], [54.42064183777877, 46.3065653422654, 32.90288959772112, 23.919137639537986, 81.6449184008228, 34.1604333792368, 31.941025152621123, 45.95619989982352, 0.0, 76.99422171916329, 79.76372360569817, 84.72461386925677, 4.747995260589519, 87.32213662439437, 57.81793368301691, 74.24147981657404, 77.46628813149009, 31.477566221973298, 97.71824866818511, 80.21535507146422, 31.559678870974047, 15.566883813229994, 76.86831310452273, 85.05133082498277, 73.82306018181555, 4.678104284304695, 57.36430001437735, 56.570152092289824, 44.514731724519464, 20.006903669325588, 100.79941393294746, 39.71980676357797, 87.7806009874414, 6.344443635865313, 62.952740738210714, 90.23196780081345, 84.70333739216007, 20.2675745357125, 56.01096902176994, 55.92999929135491, 77.60643713693436, 34.26349332326036, 96.29654757649712, 63.34094632916947, 47.50462788168022, 78.73902419891894, 74.63713939022261, 4.145859939705012, 38.66154977807616, 74.56080556248219, 43.511032478163344, 65.48517564980065, 63.837682651079206, 93.56960659493706, 31.055001939151396], [70.84870942162561, 37.892322210262535, 81.8266431854194, 67.81422083595754, 41.02494385049958, 53.261891638617506, 45.92240077055415, 37.54706780200433, 76.99422171916329, 0.0, 9.41890057288764, 58.63425250362544, 80.64503651372704, 27.37179628878473, 21.53316426062471, 37.070271828958845, 16.242597607248126, 46.85978904423028, 44.849594044291585, 17.684747488209144, 51.00274637737317, 70.60178100992076, 40.24824460530889, 41.08834674983117, 49.2719293982019, 77.41873459855343, 22.12665072472789, 66.29542636458011, 51.237979951089606, 84.21553419021971, 36.2798113358658, 62.19568843344679, 40.68339163580236, 78.67590191056844, 20.569533053628692, 45.649680903312415, 9.972420629342867, 57.22990627017356, 70.41584461969532, 23.237382049671375, 30.062613454532077, 55.81362689337505, 26.4702493050014, 56.942452893405, 81.78520324857531, 5.390640567060954, 15.40412748945718, 74.25432752541225, 50.24162378888638, 6.714681945734168, 50.76460602154501, 69.47336995332124, 60.60594565580649, 45.4534340762904, 72.33763758862023], [66.76674217721805, 36.96940543661537, 80.74491989785997, 73.15946028740598, 32.5141300969193, 59.27777947285302, 47.93375198186877, 36.835410045826805, 79.76372360569817, 9.41890057288764, 0.0, 50.49399599090654, 83.72994585795958, 17.954234635592982, 22.053125290187975, 29.514151152631918, 7.861026711730752, 51.20394946899152, 35.43086061213258, 26.805993445817258, 56.332132547058855, 75.04480475503449, 49.66431899766474, 32.21410970831727, 42.052069463698665, 80.71249095876921, 28.812831937970536, 61.82589450257378, 58.517266609151456, 88.90030666580671, 27.455736774244436, 60.10192407019053, 31.56108272613789, 80.73066630742748, 18.280598555459537, 54.80767092326371, 5.782919802726092, 59.57673201477033, 66.11918608824543, 29.640739001452836, 21.782956249980572, 54.97776082972552, 18.54154689578824, 51.37118051015262, 78.92155005257513, 14.318601392604979, 8.396402881063171, 76.6771138848561, 56.724134925475255, 5.769044645585267, 57.912556610164906, 63.96140158525662, 55.03846216376676, 54.39879008526336, 78.43068377869773], [38.62709263883884, 44.537827323570795, 65.32732076145805, 92.36065073509107, 18.209272565541536, 84.58504572016847, 60.02519047069205, 45.34032234588688, 84.72461386925677, 58.63425250362544, 50.49399599090654, 0.0, 89.47141961709528, 36.437111015240674, 48.74330706573739, 21.84032358899455, 42.708071235609914, 71.57273524434373, 28.003043935331615, 76.11455460613719, 79.30815105470568, 89.40243345292441, 95.76800012853029, 19.73326526218403, 12.291305448510615, 88.13069622486884, 65.95676835816268, 33.39798847036999, 89.86947334560519, 102.01290544251188, 42.09042578348005, 46.43927806485455, 22.087088726004975, 81.82994176886257, 43.394000960948915, 103.62756000414484, 54.724474094400506, 68.1961811184872, 36.913860479430596, 65.65390154027385, 28.71833924564205, 50.475023356453484, 48.31829128470638, 22.128675957839963, 54.078361725657906, 64.01824058942277, 43.2309093132934, 80.59729992061725, 84.72354941953883, 52.02505568879556, 88.74696491320609, 27.827409952888253, 23.12314080319391, 103.8517356937243, 100.51249689466489], [58.86017847744423, 50.80933246349294, 36.38474037249176, 23.581552572236298, 86.30938889944505, 35.54549943306195, 36.10985295262847, 50.433579253151606, 4.747995260589519, 80.64503651372704, 83.72994585795958, 89.47141961709528, 0.0, 91.70911659789374, 61.877435997179205, 78.88264886133264, 81.65931895835148, 34.492066103068105, 102.32485345087906, 83.12316339215761, 33.6242093115005, 15.366597434674224, 78.52809250218368, 89.70052093184198, 78.56574467564491, 3.65826669797277, 60.54536648043527, 61.143367876459614, 45.54579402815519, 16.333521330636525, 105.18690181823922, 44.364761569524916, 92.40852982395265, 9.531550122248937, 67.16487293200525, 91.86854501174157, 88.57118966342807, 24.49959916062052, 60.47560929419804, 59.12780412832365, 82.12441473769977, 39.0114864289788, 100.48387394863691, 68.06654236588133, 51.360335068771896, 82.18660290228081, 78.81064554967358, 8.8791513076498, 40.11524511956797, 78.44583232176949, 44.6330243771971, 70.0432895560373, 68.53060955379573, 95.3183282804847, 29.722661527470674], [61.9065606400318, 41.217303376688456, 81.33733543423361, 85.06775148904049, 18.550829122831985, 72.54854395611953, 55.80986841233204, 41.47158922888188, 87.32213662439437, 27.37179628878473, 17.954234635592982, 36.437111015240674, 91.70911659789374, 0.0, 31.70293599706703, 19.722268849134984, 12.82271399796826, 62.39206830239708, 17.480252534857616, 44.580578257325534, 68.71641317008262, 85.48976371410976, 67.60643515172868, 16.74378518992808, 31.32778705107657, 89.12505171543116, 44.24384260874347, 56.39591529508318, 73.56876228088905, 99.41952859028659, 13.478160595616906, 59.759806069089024, 14.99618569913323, 87.03474386027494, 25.34698260400118, 72.50750639227111, 20.08239187135616, 67.23905660781303, 60.826420069051515, 44.73287148911377, 11.779561227701185, 57.41424023273938, 12.804398553169051, 44.134718445545566, 76.06481740282415, 32.153671249219926, 15.446927636065675, 83.745401009451, 70.72228681280305, 22.341981457410306, 72.79686400228498, 56.03988038349217, 47.52764794706476, 71.86484813915544, 91.38178747489275], [51.11103368820335, 16.446754176336754, 60.29464421751576, 53.37951643063395, 34.8838537055224, 41.063575310736475, 25.91483607687733, 16.050438334221624, 57.81793368301691, 21.53316426062471, 22.053125290187975, 48.74330706573739, 61.877435997179205, 31.70293599706703, 0.0, 27.955168110018494, 20.104984864699095, 30.741143592576428, 46.37410130249421, 33.53924194606974, 37.03871844765562, 54.16092250665513, 48.158180365350226, 36.86668273539713, 37.06099382298906, 58.96009594841728, 17.26010167438816, 47.148642978726706, 43.348282735847285, 68.10859943689776, 44.787180639567154, 40.961672456659244, 38.23046603934157, 58.6780560960803, 6.624339537327687, 57.911136316302354, 27.31033748639354, 37.582019632496966, 50.945213423465006, 16.910649764069376, 25.65589492159824, 34.28213204398984, 38.77196058036959, 40.000034672717824, 60.836101476749675, 25.3459825370203, 17.19194086526817, 54.660515928882624, 39.6321992979004, 17.267104959813235, 42.41384737529001, 51.868402931443775, 43.46089806221712, 59.07976351444173, 59.72818388057581], [42.303380602862845, 28.799420978754988, 63.364257119841646, 76.88797560307198, 7.674519536804967, 66.8994292868663, 44.96463204722575, 29.39175139912494, 74.24147981657404, 37.070271828958845, 29.514151152631918, 21.84032358899455, 78.88264886133264, 19.722268849134984, 27.955168110018494, 0.0, 21.658024242911615, 54.68986307813662, 23.627649879869264, 54.38782619756127, 62.07237010624636, 75.49694940697866, 74.02085649745283, 10.834633465357102, 12.604673675844397, 76.80808161330148, 44.83488343769218, 36.745896606206514, 70.73285518067986, 89.02286162467637, 30.860000204401995, 41.872555526988755, 13.574672616339315, 72.83625983714319, 22.03165472221357, 81.79757877691898, 34.35311371144691, 55.22088138867386, 41.16924322610479, 44.686346406660036, 8.48374459197788, 41.48578570637415, 32.49687853397158, 24.413397966351152, 56.78759172655363, 42.45973344294173, 21.722824483782734, 70.33851303863975, 66.2907006368173, 30.39083242076764, 69.70790219254842, 36.440452605860266, 27.829789972809063, 82.0735385744107, 84.36475804159001], [59.92747709580562, 32.66499468122379, 75.56396847236398, 73.25182760429955, 24.855412461664358, 60.23240531135456, 45.55146632187954, 32.69761136995803, 77.46628813149009, 16.242597607248126, 7.861026711730752, 42.708071235609914, 81.65931895835148, 12.82271399796826, 20.104984864699095, 21.658024242911615, 0.0, 50.73474903890983, 29.807880227501872, 33.92722913984487, 56.66465614345093, 74.26184865334066, 55.808400654691845, 24.849139542922384, 34.21274189080294, 78.84871705792042, 31.427435726675125, 54.82662831160481, 60.84181894352563, 88.20810270277799, 24.99366178979253, 54.45626565253881, 24.564726461302175, 77.84021950270008, 14.519026676396539, 61.87217607214517, 12.922461337610331, 57.20346877545913, 59.1784745241898, 31.939538016430426, 13.992925853664353, 50.25308651291436, 18.8302630843823, 43.95165741681737, 72.66117860200087, 21.535229981113922, 2.91927380082842, 74.12569933401494, 58.203749403628834, 10.145792379175603, 60.09631828986622, 56.51167390699638, 47.60237377586191, 61.68968861110422, 79.21949570653769], [55.62239627456707, 27.038145703290095, 49.11900900504395, 22.70588850929948, 62.32388686441813, 13.32636037419391, 12.803237334548655, 26.246542962147558, 31.477566221973298, 46.85978904423028, 51.20394946899152, 71.57273524434373, 34.492066103068105, 62.39206830239708, 30.741143592576428, 54.68986307813662, 50.73474903890983, 0.0, 76.110384716835, 48.738443437050336, 7.790364499846845, 23.860061459935892, 47.75105584025921, 65.07180867597172, 59.324391219788126, 31.048829880369723, 26.071633007333798, 54.56744997810781, 21.587304273098592, 37.6974679306637, 75.52816152310874, 39.64080637812656, 67.08328029084481, 34.738945077310426, 37.05913813521788, 60.92506938258033, 55.491048865228265, 15.359270814463498, 56.47193602454638, 24.665315157192754, 55.061184829429735, 29.90289756527952, 69.0831789819318, 54.6484204298483, 57.52997396216626, 47.936771345942255, 47.8161890040166, 29.653495016564765, 14.93852045610984, 45.596127641405566, 20.288816244044423, 62.57246685309788, 56.881851671154934, 63.877264352150895, 29.696010328233402], [62.4854327728519, 51.752782140710195, 86.07559956049279, 98.73380602062076, 16.86746359650098, 87.34481800377797, 67.63980094462642, 52.24283899724351, 97.71824866818511, 44.849594044291585, 35.43086061213258, 28.003043935331615, 102.32485345087906, 17.480252534857616, 46.37410130249421, 23.627649879869264, 29.807880227501872, 76.110384716835, 0.0, 61.94102347380917, 83.02512480321758, 98.10461485762164, 85.08663035165871, 13.194431872920218, 29.383470662435215, 100.13817630810311, 60.762052714972945, 56.83962165930692, 89.45465498446552, 111.83645589610198, 15.250059468630152, 64.88347120268293, 10.09448961561468, 96.44533353408131, 39.749903129782936, 89.77253625033096, 37.10653752623146, 78.37610771639321, 61.035257035196146, 61.092024416201234, 21.04920089522455, 65.09340643665578, 24.413790277469705, 44.016835238917736, 77.78340127987643, 49.57108940911655, 32.07339439706403, 93.85833736495158, 86.00373257509683, 39.698844585563556, 88.59037846724978, 53.739007047412024, 46.62957600640739, 88.96956456422977, 105.68217975577116], [84.65027097273045, 49.308941929511796, 91.4079402552333, 65.96501784410539, 58.671111178325816, 50.656569311186665, 52.32086278484437, 48.73014458491357, 80.21535507146422, 17.684747488209144, 26.805993445817258, 76.11455460613719, 83.12316339215761, 44.580578257325534, 33.53924194606974, 54.38782619756127, 33.92722913984487, 48.738443437050336, 61.94102347380917, 0.0, 50.28240090724774, 70.67067334975575, 24.291122813608972, 58.77239238582318, 66.28494220272754, 79.59916321235319, 23.31086580942056, 80.62041213753724, 45.22271471827384, 83.23053832485226, 51.7018554820749, 73.76897216955912, 58.31748101140703, 83.17397432149882, 35.377636155506785, 28.004984480875606, 25.047429395553642, 62.19376493124005, 84.47112528379853, 24.760130723206398, 47.68656269804348, 65.94076165326035, 40.999268567224306, 72.55310093532434, 93.86863451788285, 12.48888108687654, 32.95225052618828, 78.23571680394119, 46.64178399699047, 24.118140711184616, 45.192586959053386, 84.83818591397831, 76.15212947815995, 27.789350668710323, 68.44347051375568], [62.75873997093063, 34.77151779476692, 53.95209890040203, 16.853509824072628, 69.66764302817846, 5.6515605687543475, 20.402586183404846, 33.96826073954461, 31.559678870974047, 51.00274637737317, 56.332132547058855, 79.30815105470568, 33.6242093115005, 68.71641317008262, 37.03871844765562, 62.07237010624636, 56.66465614345093, 7.790364499846845, 83.02512480321758, 50.28240090724774, 0.0, 20.391271561026237, 45.38891842874371, 72.31361207458662, 67.04649275018139, 29.985777041938317, 29.163944373270507, 61.96867112283574, 15.268558001290836, 33.40365588389315, 81.6266401450153, 46.56596275207419, 74.210311291635, 35.989587546437974, 43.55070416564199, 58.7478041874268, 60.173120689475184, 20.032884053838277, 63.689366118265774, 27.90296966406392, 62.00498228676792, 36.92668987735752, 74.58603871968988, 62.40241223163371, 63.62682975873859, 51.34051423036434, 53.76596741659346, 30.723720831677966, 8.42605589332604, 50.60487283392477, 14.00344287503731, 70.1096717833881, 64.58932946295656, 62.03053030696994, 22.69994289462628], [64.20980152879122, 46.7025718950095, 46.71141352932036, 8.366154922664572, 83.15329355215248, 20.992739171455526, 30.543000856701354, 46.106505462153045, 15.566883813229994, 70.60178100992076, 75.04480475503449, 89.40243345292441, 15.366597434674224, 85.48976371410976, 54.16092250665513, 75.49694940697866, 74.26184865334066, 23.860061459935892, 98.10461485762164, 70.67067334975575, 20.391271561026237, 0.0, 63.866780898220966, 86.24506330626949, 77.6434591064388, 11.9262338629357, 49.215447760491635, 65.22339924690307, 30.46606800685419, 13.948904164371948, 98.8060962008983, 48.16835374690736, 88.60188351651874, 21.723949574478343, 60.19981149449446, 77.1386644957632, 79.34620682711737, 21.244590838951076, 65.58556560747837, 47.88605834909656, 77.20804600181152, 40.30844941075792, 92.79073082773463, 69.50112070284452, 60.06315400984161, 71.36230910233319, 71.34541721880464, 17.29185327774065, 25.54619067556075, 69.45288100905577, 29.635754356312, 74.08831531460775, 70.75251251843221, 80.7036841854447, 15.8965491081693], [96.34532374938156, 60.406019566060024, 96.27612807912429, 57.0265721072089, 79.5057992573287, 43.00290222748409, 56.581432300545906, 59.61709218151793, 76.86831310452273, 40.24824460530889, 49.66431899766474, 95.76800012853029, 78.52809250218368, 67.60643515172868, 48.158180365350226, 74.02085649745283, 55.808400654691845, 47.75105584025921, 85.08663035165871, 24.291122813608972, 45.38891842874371, 63.866780898220966, 0.0, 80.24404917523997, 84.72983309980205, 74.87161222704935, 31.54358179919536, 93.36410567844938, 33.69708143473481, 73.90963584161739, 75.77332253503336, 82.64845318598266, 80.30935689285079, 81.36081584036275, 52.55273684967672, 13.363922039692765, 48.91487387125962, 63.08497760847862, 96.59401370395275, 32.41487256803007, 68.62681732579169, 73.41112326802404, 65.19220911698577, 87.8844855068559, 102.40175838479804, 35.80975584642262, 54.153577610384914, 76.09967689903445, 38.42546032891792, 45.66684320508112, 34.358130411786284, 99.24162884797789, 91.21607850927711, 16.839358054370294, 56.40858398395172], [49.90684362606502, 39.57693408197888, 72.92263423568005, 87.4419204387065, 3.6813289561463503, 76.97414038971172, 55.70234818492996, 40.14597343502163, 85.05133082498277, 41.08834674983117, 32.21410970831727, 19.73326526218403, 89.70052093184198, 16.74378518992808, 36.86668273539713, 10.834633465357102, 24.849139542922384, 65.07180867597172, 13.194431872920218, 58.77239238582318, 72.31361207458662, 86.24506330626949, 80.24404917523997, 0.0, 16.99372587924876, 87.64069760610028, 52.8933927974589, 44.248705841146844, 80.17013600331644, 99.81518462346389, 23.670518132859833, 51.691562334061906, 3.2956169290959387, 83.55544007643785, 30.42884893111977, 86.71891434553862, 35.789381774265465, 66.04932994136784, 48.54344189353097, 52.957386648490505, 11.744495589421971, 52.04449074065104, 28.668303844635105, 31.42003357143488, 65.02647051272027, 46.346534215750346, 26.13728681994013, 81.13363676204335, 76.09313482906883, 34.860448528878926, 79.20393370073482, 42.027184079178625, 34.305329718601726, 86.51645361832138, 94.76755262953478], [33.10465875142281, 32.28655852482954, 57.49116452786601, 80.32014908879037, 13.661860990067625, 72.30476398920739, 47.93215856381661, 33.08037329058649, 73.82306018181555, 49.2719293982019, 42.052069463698665, 12.291305448510615, 78.56574467564491, 31.32778705107657, 37.06099382298906, 12.604673675844397, 34.21274189080294, 59.324391219788126, 29.383470662435215, 66.28494220272754, 67.04649275018139, 77.6434591064388, 84.72983309980205, 16.99372587924876, 0.0, 77.00489722887572, 54.320982921525655, 27.456533675879598, 77.6099548517739, 90.50476969915987, 40.51929076453767, 37.07831687448058, 20.25158593561839, 71.37818575710574, 32.178538372973144, 93.2640814897561, 46.955243395086654, 56.53175331304446, 31.673698846923738, 53.9277457878121, 20.945364536388556, 39.638807061987684, 44.07663229327419, 14.637298957695602, 48.41789897299984, 54.64001325902665, 34.08523358537286, 69.73617441861784, 72.43384140580878, 42.5586174379056, 76.48091495358663, 25.12436777349827, 17.335802821408265, 93.77291820450678, 88.38817338359254], [58.724215291166566, 48.46443162308264, 37.580988765128374, 20.24104922709807, 84.3017232494449, 31.893517661407216, 33.364822129842004, 48.04475832123371, 4.678104284304695, 77.41873459855343, 80.71249095876921, 88.13069622486884, 3.65826669797277, 89.12505171543116, 58.96009594841728, 76.80808161330148, 78.84871705792042, 31.048829880369723, 100.13817630810311, 79.59916321235319, 29.985777041938317, 11.9262338629357, 74.87161222704935, 87.64069760610028, 77.00489722887572, 0.0, 57.119454306177616, 60.68786749175231, 41.929835927074556, 15.438176418680555, 102.59535573451575, 43.716828233337864, 90.28457400787244, 10.910000235285908, 64.38939785485321, 88.21330103716348, 85.47718267814062, 21.91029812467286, 60.28447689544891, 55.70936418875757, 79.7606594549851, 37.68473993530563, 97.65472339160969, 66.99741075403425, 52.13783382486681, 78.85514497217379, 75.98241493596575, 8.318200558406732, 36.461625341499825, 75.37111694697066, 41.00609186230272, 69.61982679716387, 67.65029622710085, 91.6605280495219, 26.84059105588735], [65.20086788651636, 29.093279083729055, 68.69058391945214, 45.85635527382232, 51.34397405011395, 31.14466171101604, 29.121590639351716, 28.34383775730723, 57.36430001437735, 22.12665072472789, 28.812831937970536, 65.95676835816268, 60.54536648043527, 44.24384260874347, 17.26010167438816, 44.83488343769218, 31.427435726675125, 26.071633007333798, 60.762052714972945, 23.31086580942056, 29.163944373270507, 49.215447760491635, 31.54358179919536, 52.8933927974589, 54.320982921525655, 57.119454306177616, 0.0, 61.97287043652999, 29.720410003322634, 62.551638563513144, 55.84613685689557, 52.454019993026506, 53.775552721134616, 60.02180866353072, 22.81003490419772, 42.49212651811347, 31.750610950976398, 38.90764097022105, 65.34330034077341, 1.4532352104574775, 41.232923947565084, 43.85954265670256, 47.346653763584435, 56.39808044903359, 72.54764393738054, 22.182198934191025, 28.846178113275833, 55.170448179560054, 28.15359406502836, 23.10101056156813, 29.10017797414971, 67.70039492365451, 59.69555085070436, 44.29747005954158, 50.211557113480495], [5.658336440217549, 32.95930380869486, 32.21574006097677, 70.41978729098086, 40.71203992061683, 67.6176929683586, 41.79219099789455, 33.75532656374731, 56.570152092289824, 66.29542636458011, 61.82589450257378, 33.39798847036999, 61.143367876459614, 56.39591529508318, 47.148642978726706, 36.745896606206514, 54.82662831160481, 54.56744997810781, 56.83962165930692, 80.62041213753724, 61.96867112283574, 65.22339924690307, 93.36410567844938, 44.248705841146844, 27.456533675879598, 60.68786749175231, 61.97287043652999, 0.0, 75.92922160064143, 75.80478736103382, 67.26138428685198, 17.108558519591195, 47.541308294485034, 52.36376981901688, 45.82561683236712, 104.3653080749209, 67.48295608109144, 44.95064532276657, 4.432458086737887, 60.99655451237891, 44.73578587042166, 25.513642590250686, 69.07237138354054, 12.839220387037608, 21.045853840095415, 71.13071308223172, 53.466834111162875, 52.48720245984345, 69.47069745064748, 60.05885041276176, 74.64576500900122, 8.937935294005205, 10.458695413467419, 105.87744953150833, 79.1724413871163], [77.17171478409354, 46.13448839382375, 69.18056855204796, 23.335003826265858, 78.00422062157578, 10.642043132344913, 34.18063713874275, 45.269802742978314, 44.514731724519464, 51.237979951089606, 58.517266609151456, 89.86947334560519, 45.54579402815519, 73.56876228088905, 43.348282735847285, 70.73285518067986, 60.84181894352563, 21.587304273098592, 89.45465498446552, 45.22271471827384, 15.268558001290836, 30.46606800685419, 33.69708143473481, 80.17013600331644, 77.6099548517739, 41.929835927074556, 29.720410003322634, 75.92922160064143, 0.0, 40.28866995595869, 85.51495327198845, 61.22752482202884, 81.57707195460164, 49.70874249100753, 49.909269280155755, 46.828703013407036, 61.127652366911, 35.301439169877575, 77.9831481897328, 29.0015495167053, 68.98654031978307, 51.48968474402215, 77.03284674767255, 74.96407870095808, 78.79361947581317, 49.965598275941524, 58.12584534285447, 44.49299154748031, 6.856402799130976, 52.81989615344229, 1.299195170005089, 83.70269065985597, 77.49180743165871, 50.50716480439541, 23.550425430526914], [74.04299614851854, 60.238802553789306, 52.68936049586221, 17.343798470832436, 96.65164227379871, 32.62036295555121, 44.197649901624246, 59.68366114016137, 20.006903669325588, 84.21553419021971, 88.90030666580671, 102.01290544251188, 16.333521330636525, 99.41952859028659, 68.10859943689776, 89.02286162467637, 88.20810270277799, 37.6974679306637, 111.83645589610198, 83.23053832485226, 33.40365588389315, 13.948904164371948, 73.90963584161739, 99.81518462346389, 90.50476969915987, 15.438176418680555, 62.551638563513144, 75.80478736103382, 40.28866995595869, 0.0, 112.7480001123778, 58.73782796084248, 102.24586978555885, 25.802850052611827, 74.1426191143815, 86.86217771606741, 93.11131727941972, 34.03461810840105, 75.57373464257641, 61.26873478963641, 91.00657122047723, 51.97187680532877, 106.71658082860212, 81.41758800588944, 67.4975313972265, 84.73356982691097, 85.29123144719101, 23.742237176623526, 36.86312102773112, 83.27858280161028, 39.76916327076321, 84.7425252992356, 82.32017846368777, 90.64729486723061, 18.510405246149443], [72.88786883086266, 54.6593961125853, 93.90470215028468, 98.1393148555714, 26.85752706267325, 85.22418452348188, 69.26687418139076, 54.928881398257765, 100.79941393294746, 36.2798113358658, 27.455736774244436, 42.09042578348005, 105.18690181823922, 13.478160595616906, 44.787180639567154, 30.860000204401995, 24.99366178979253, 75.52816152310874, 15.250059468630152, 51.7018554820749, 81.6266401450153, 98.8060962008983, 75.77332253503336, 23.670518132859833, 40.51929076453767, 102.59535573451575, 55.84613685689557, 67.26138428685198, 85.51495327198845, 112.7480001123778, 0.0, 72.31695915744427, 20.588835966823698, 100.47074305869745, 38.60636664937871, 78.69536825591648, 26.892303192877844, 80.71416722328048, 71.6404347005185, 56.513865644963545, 24.229430085726555, 70.55504069744525, 10.943694595156373, 54.5680184290807, 87.60911914433196, 40.05807318800344, 27.872445629052137, 97.21569390874927, 83.13583185128086, 32.898109927948255, 84.82687425097089, 65.63457041255174, 57.66973673096962, 77.40444987100504, 104.20847850512331], [16.40683299527456, 24.580054860310543, 21.594424912588032, 53.61635423486258, 48.016016764884824, 52.14477382884041, 27.364834998438777, 25.09059424113488, 39.71980676357797, 62.19568843344679, 60.10192407019053, 46.43927806485455, 44.364761569524916, 59.759806069089024, 40.961672456659244, 41.872555526988755, 54.45626565253881, 39.64080637812656, 64.88347120268293, 73.76897216955912, 46.56596275207419, 48.16835374690736, 82.64845318598266, 51.691562334061906, 37.07831687448058, 43.716828233337864, 52.454019993026506, 17.108558519591195, 61.22752482202884, 58.73782796084248, 72.31695915744427, 0.0, 54.867100694046684, 35.93396312821259, 42.10655531525228, 94.64189480928016, 65.8748231089733, 28.311207626794847, 17.587433847593857, 51.24091391316594, 48.17465116367329, 9.758133276745088, 71.52226885374846, 24.375212219725157, 20.140346793022857, 66.29337386289033, 52.354420435275216, 35.59966062345238, 54.52242276024936, 56.86393986358734, 59.928780318864725, 26.032758016152197, 24.323965187205207, 96.68301467887864, 62.39296844122362], [53.19955890122307, 42.034462392191834, 76.14567947586339, 89.57123350821885, 6.932920200996877, 78.75200099149222, 58.071077458613, 42.56688372529988, 87.7806009874414, 40.68339163580236, 31.56108272613789, 22.087088726004975, 92.40852982395265, 14.99618569913323, 38.23046603934157, 13.574672616339315, 24.564726461302175, 67.08328029084481, 10.09448961561468, 58.31748101140703, 74.210311291635, 88.60188351651874, 80.30935689285079, 3.2956169290959387, 20.25158593561839, 90.28457400787244, 53.775552721134616, 47.541308294485034, 81.57707195460164, 102.24586978555885, 20.588835966823698, 54.867100694046684, 0.0, 86.4107634860274, 31.679740186999304, 86.31756477435735, 34.690050820837335, 68.60310027098501, 51.831927271749066, 53.92541645186739, 12.619401775618753, 55.006585659331215, 26.26342430910473, 34.710583660360186, 68.32157387029652, 45.83748950564951, 26.180726503458725, 83.89313157694392, 77.70756184216829, 34.69744697159086, 80.64363699603751, 45.23112512951708, 37.576499675539075, 85.95973623549665, 96.75879526290426], [49.77591290963201, 45.817461447389014, 26.88682738692842, 30.017853261137112, 80.05450928954035, 39.174173669960815, 32.86958113525351, 45.58054786935959, 6.344443635865313, 78.67590191056844, 80.73066630742748, 81.82994176886257, 9.531550122248937, 87.03474386027494, 58.6780560960803, 72.83625983714319, 77.84021950270008, 34.738945077310426, 96.44533353408131, 83.17397432149882, 35.989587546437974, 21.723949574478343, 81.36081584036275, 83.55544007643785, 71.37818575710574, 10.910000235285908, 60.02180866353072, 52.36376981901688, 49.70874249100753, 25.802850052611827, 100.47074305869745, 35.93396312821259, 86.4107634860274, 0.0, 63.34998670211487, 94.71050469220813, 85.88328935857267, 21.45867160451435, 51.43468126941171, 58.57137347805704, 76.8350327952835, 31.802378489368483, 96.6191780600668, 60.070130149954544, 41.83566146384533, 80.80757897967614, 75.08054444730446, 5.267868541615522, 43.56637799238938, 75.74511937382722, 48.64286592529944, 61.198730737076666, 60.25118615916094, 97.92690790449255, 37.35784951961264], [50.2947887897134, 18.703788382702893, 62.502301366694056, 59.75219593117485, 28.627644651326577, 47.660313252943574, 31.055509820596217, 18.60417222983758, 62.952740738210714, 20.569533053628692, 18.280598555459537, 43.394000960948915, 67.16487293200525, 25.34698260400118, 6.624339537327687, 22.03165472221357, 14.519026676396539, 37.05913813521788, 39.749903129782936, 35.377636155506785, 43.55070416564199, 60.19981149449446, 52.55273684967672, 30.42884893111977, 32.178538372973144, 64.38939785485321, 22.81003490419772, 45.82561683236712, 49.909269280155755, 74.1426191143815, 38.60636664937871, 42.10655531525228, 31.679740186999304, 63.34998670211487, 0.0, 61.37268428812471, 23.967372805778368, 42.6940087565526, 49.89504045989431, 22.708995107081577, 19.077730446936513, 36.697297984397586, 33.346632895267945, 37.17663936554703, 61.38745484565975, 25.305354011343447, 11.730621713619199, 59.60719916992333, 46.2562851603516, 14.782899904125774, 48.99163468235979, 49.51202929112876, 40.78270450014693, 62.15721481128125, 66.2501284761032], [107.68977613458854, 71.57483821352399, 109.1033168768585, 70.15460748248769, 86.48723183574117, 56.33018345747756, 69.21204939671934, 70.8327900527748, 90.23196780081345, 45.649680903312415, 54.80767092326371, 103.62756000414484, 91.86854501174157, 72.50750639227111, 57.911136316302354, 81.79757877691898, 61.87217607214517, 60.92506938258033, 89.77253625033096, 28.004984480875606, 58.7478041874268, 77.1386644957632, 13.363922039692765, 86.71891434553862, 93.2640814897561, 88.21330103716348, 42.49212651811347, 104.3653080749209, 46.828703013407036, 86.86217771606741, 78.69536825591648, 94.64189480928016, 86.31756477435735, 94.71050469220813, 61.37268428812471, 0.0, 52.68779332430761, 76.21326017655157, 107.81084083272538, 43.57968171051832, 75.48841609217267, 85.63751905163268, 67.78273300303458, 97.90854692560163, 114.59011722728023, 40.49337210375265, 60.7365619889871, 89.45135288501275, 51.75570530381149, 51.91538151126611, 47.55285003018389, 109.69700897556946, 101.36935828748406, 4.125435333824009, 69.06279472096396], [72.4677930908988, 42.610918195522565, 86.4650450476888, 77.02587247816997