instance_id,num_cities,city_coordinates,distance_matrix,best_route,total_distance
254,44,"[[26.87161795754762, 37.925963703778265], [44.59183131982864, 83.12293398787752], [81.1765622381117, 6.8946129313189], [2.8494446729160794, 97.54607155936846], [2.1921929900174275, 62.51983509855861], [54.33434473528481, 72.42588132298809], [40.88398043903915, 13.749222246165616], [2.9706465760625633, 60.48301540701729], [85.24989581561074, 97.17400856030812], [40.51388030374523, 94.98813176418678], [94.81806250082715, 37.09141788548893], [79.95776404049636, 69.98779736241305], [54.32319921653455, 76.0079286339595], [77.31631689830101, 35.30280482347532], [83.70054444606228, 14.41725626525595], [18.023177350119425, 28.428989001384185], [79.20684361378974, 35.13354600680526], [45.235057749163445, 2.6908082272879885], [48.57642056519481, 5.943450858228683], [76.8419110847424, 69.1589793359468], [53.11757938287399, 9.706212524048329], [15.142443532088256, 80.3800553503008], [40.62516318541351, 40.43474909712329], [26.269676631199147, 16.478924347348066], [51.825996644762284, 90.80693327197483], [63.1790088595322, 57.7551596096941], [72.48038744682975, 34.053205587946124], [60.93934187178777, 96.86148362986177], [85.52468983900859, 89.56653850358367], [58.39676953856586, 27.255981643369086], [77.98100040942198, 39.58610054458899], [27.432022065974117, 35.64121146400784], [95.33527063157993, 19.464412577375644], [50.33452992325661, 56.6580006601387], [55.82747630969918, 89.36583371799884], [99.49310724432671, 70.60665110147865], [47.12462181377594, 65.35954927401252], [32.776952598453136, 57.177811120615495], [13.935654493266858, 58.72545747930492], [2.1677244056115264, 50.9102049809177], [94.18876525895496, 0.9825607554050486], [31.89724785201584, 97.58087870758439], [46.712008948931626, 63.707980140736396], [33.0889160267854, 12.483634628679729]]","[[0.0, 48.546597043114296, 62.54575688308987, 64.27769496512046, 34.8415345085567, 44.095869169355396, 27.943892531659895, 32.86452516804657, 83.17664422777945, 58.67028503149432, 67.95156946528745, 62.016933844669715, 46.944918431735665, 50.51285592534398, 61.499481390228304, 12.980270786123738, 52.40966934721256, 39.733261915336655, 38.65203208309587, 58.92818901592899, 38.53835554075432, 44.04456186902287, 13.980486775674658, 21.45548485857712, 58.473224283747555, 41.36935634482004, 45.77289710899034, 68.07352878802945, 78.14686050498845, 33.28188244939926, 51.136337656720976, 2.352476474245232, 70.90910101999116, 30.02328174009402, 59.029670166703234, 79.63609756270068, 34.09964490195997, 20.137194595629772, 24.494041970801366, 27.90829407485096, 76.78810677575822, 59.86623288588907, 32.53234523127054, 26.190969895125153], [48.546597043114296, 0.0, 84.55293884581987, 44.16394163100139, 47.14039684115791, 14.46870772964059, 69.47272874284057, 47.380258893580205, 43.01756507734001, 12.546417925468205, 68.12910371736567, 37.72639674514932, 12.05499159383035, 57.945290660033415, 79.05669860116079, 60.805600004832655, 59.17077348580936, 80.43469770320942, 77.28227201379393, 35.14341580388107, 73.91010330483918, 29.576846084279968, 42.872083986620034, 69.11675175672718, 10.553529880873045, 31.44848399835642, 56.441206649857556, 21.353895370907868, 41.4369273197957, 57.547308221034356, 54.86613234739717, 50.48735512445096, 81.40825499515827, 27.0808287039277, 12.853540966548936, 56.309923063614924, 17.943045008554215, 28.508608520903547, 39.179561477992266, 53.26785857855331, 95.95257563469539, 19.240182300055423, 19.5303759837226, 71.56973993383859], [62.54575688308987, 84.55293884581987, 0.0, 119.80327331698811, 96.605879358733, 70.81561817487754, 40.8714792599208, 94.80444148053918, 90.37124167327313, 97.02536659272306, 33.13514084560157, 63.10495535774169, 74.14683751166649, 28.669266831663343, 7.934774660674281, 66.72390407895728, 28.30754550823505, 36.18651294223747, 32.61401457017424, 62.41506648551422, 28.199496646932545, 98.79582521946308, 52.6246776631636, 55.73710714030652, 88.89731832627103, 53.950969741405025, 28.516882913269708, 92.21487359121352, 82.78619142984998, 30.55330246081981, 32.84729787622675, 60.94950800059099, 18.933274585059923, 58.545928257731276, 86.27907287083787, 66.29268156260231, 67.65857985664294, 69.79199261674229, 84.89862260901661, 90.4420742747479, 14.292298219193796, 103.21070500101787, 66.44971126419473, 48.41135075247596], [64.27769496512046, 44.16394163100139, 119.80327331698811, 0.0, 35.03240243522043, 57.28628886517292, 92.0246590092249, 37.06325432626852, 82.4012911269895, 37.75119557556617, 110.05903786607021, 81.88498880996036, 55.79819896279832, 97.05431115095993, 115.96249508668704, 70.76307840029604, 98.6193475889244, 103.89447135265515, 102.38162161037458, 79.25094378369442, 101.20635455624013, 21.113738026261057, 68.47414156104472, 84.3824011395455, 49.43802815553597, 72.27013898377236, 94.23275556221967, 58.093930984300826, 83.05943119876191, 89.58907321838592, 94.88998317747648, 66.60716789289168, 121.0387271605104, 62.663128417695106, 53.605859075751845, 100.3281111644371, 54.73813595364966, 50.25188734250756, 40.372566499221584, 46.64084898504651, 132.91870863014861, 29.047824033295253, 55.39802321133215, 90.27759303586289], [34.8415345085567, 47.14039684115791, 96.605879358733, 35.03240243522043, 0.0, 53.07479383310899, 62.254534726381785, 2.1805101333121573, 89.99718738372658, 50.226905209642055, 96.05288181306945, 78.12332878968637, 53.84765990652602, 79.90244508137373, 94.6439086655672, 37.58730973920622, 81.73900685057778, 73.70346438965645, 73.15998784482744, 74.94437035446195, 73.36670708642008, 22.061197985221643, 44.32656338733016, 51.95662307437146, 57.12857768499275, 61.172656002631484, 75.83389265818508, 68.04833815446521, 87.61180968434859, 66.3512907599447, 79.18269704075209, 36.87152533149856, 102.61287600013816, 48.49789385506314, 59.97875672817434, 97.6363892603036, 45.02207388160166, 31.04778157109972, 12.341239386536293, 11.609655902741379, 110.68064619805213, 45.952878727108526, 44.53566774683909, 58.80670754150972], [44.095869169355396, 14.46870772964059, 70.81561817487754, 57.28628886517292, 53.07479383310899, 0.0, 60.19852672714983, 52.73387464314136, 39.60102398113998, 26.45865419999326, 53.73505104246253, 25.73915053550721, 3.5820646505368496, 43.6611251949641, 65.01826102366793, 57.04583605165505, 44.825879509451305, 70.3262215913697, 66.73130638051435, 22.74342084138115, 62.73147034919177, 39.990924025057176, 34.804801390901474, 62.59143384383041, 18.55141183022406, 17.130620510059313, 42.446921079813215, 25.312539328816904, 35.5898827796902, 45.352211989594934, 40.467462561229546, 45.57243576590874, 66.97755665927183, 16.267285548867086, 17.00562933395126, 45.19539168927405, 10.09520446703828, 26.40501468732057, 42.65859569614403, 56.429430309697516, 81.8078412439784, 33.70752453041079, 11.58023332508572, 63.59592109380328], [27.943892531659895, 69.47272874284057, 40.8714792599208, 92.0246590092249, 62.254534726381785, 60.19852672714983, 0.0, 60.178636639648076, 94.48825016244851, 81.2397525463204, 58.76855711272931, 68.48020075933854, 63.69269284957978, 42.3305098220866, 42.821775101204885, 27.16821432957974, 43.885432031717684, 11.883618740585199, 10.959183457503784, 66.05462858172591, 12.884365360068454, 71.43034818956878, 26.686781928212273, 14.867049113695922, 77.83070439860754, 49.33143840912593, 37.55775120191915, 85.49775151727682, 87.9832846636784, 22.116291087305893, 45.20766716930352, 25.694637105528358, 54.75040094971218, 43.93718414433366, 77.07905032704161, 81.65657940983849, 51.98626223041411, 44.17879844488789, 52.431612668563474, 53.66457974361174, 54.812295430105785, 84.31196823497838, 50.29754871442999, 7.897135000031247], [32.86452516804657, 47.380258893580205, 94.80444148053918, 37.06325432626852, 2.1805101333121573, 52.73387464314136, 60.178636639648076, 0.0, 90.0894213212546, 50.99115073768403, 94.77929439843848, 77.57162584026548, 53.64799710517189, 78.49408704287531, 92.94821448208326, 35.41241719393006, 80.3402348617892, 71.59762330212986, 71.0946602940002, 74.37900288527285, 71.36524771166107, 23.324768801498024, 42.65906237971385, 49.791614068011675, 57.501175857680416, 60.270125983844764, 74.3649038390656, 68.43802002198149, 87.52726075211582, 64.62268084337846, 77.86677232923782, 34.86365032525088, 101.06309689997107, 47.51808270059351, 60.23339308951325, 97.05191091952167, 44.42245053853465, 29.98900221873421, 11.104972241911163, 9.60642407276729, 108.90844448340454, 47.04253099957043, 43.860086408583115, 56.666133711505196], [83.17664422777945, 43.01756507734001, 90.37124167327313, 82.4012911269895, 89.99718738372658, 39.60102398113998, 94.48825016244851, 90.0894213212546, 0.0, 44.78938647989826, 60.83968701360943, 27.69651129694372, 37.47617245637406, 62.377780709815696, 82.77125431024314, 96.15253189487663, 62.33407955337533, 102.6073214281204, 98.3257771165594, 29.24954819610611, 93.1831589010282, 72.09085746546714, 72.18525006361895, 99.95180274101088, 34.024942079456196, 45.17709268666281, 64.39950397212786, 24.312562696837972, 7.612431439379557, 74.89740235020658, 58.04484464664404, 84.43454058276969, 78.361317580865, 53.48485459981693, 30.440866675407204, 30.144544351313844, 49.65577848946023, 65.978068928288, 81.01859104927716, 95.09461986796576, 96.605890181337, 53.35419934779297, 51.04060914926997, 99.46470353451664], [58.67028503149432, 12.546417925468205, 97.02536659272306, 37.75119557556617, 50.226905209642055, 26.45865419999326, 81.2397525463204, 50.99115073768403, 44.78938647989826, 0.0, 79.37867271531864, 46.699429166092074, 23.47222613430201, 70.11959491694111, 91.41528284923427, 70.2563250153847, 71.27213232323128, 92.41799309953716, 89.40894671738054, 44.57433045583897, 86.20823034814441, 29.27636760891145, 54.55349616934569, 79.79093299044182, 12.060115958977363, 43.58901545008303, 68.81077537008845, 20.51119029896146, 45.336151672844615, 70.05313617086567, 66.88176247879908, 60.771637826118614, 93.32318574333557, 39.56822095321854, 16.31307628725304, 63.82010505957055, 30.357121136390774, 38.59378703219715, 44.95980019444271, 58.423379752246476, 108.24989910222597, 8.998260471929768, 31.888315795731916, 82.83792695436686], [67.95156946528745, 68.12910371736567, 33.13514084560157, 110.05903786607021, 96.05288181306945, 53.73505104246253, 58.76855711272931, 94.77929439843848, 60.83968701360943, 79.37867271531864, 0.0, 36.09709480027311, 56.1634112323083, 17.592902995843207, 25.253055515688974, 77.28189994741695, 15.73351255862256, 60.3479602394266, 55.75379178885077, 36.76235189855101, 49.88867371417055, 90.67585340988845, 54.295931705803234, 71.58041698112211, 68.80170288450732, 37.789151053727004, 22.543346264095714, 68.70391888784184, 53.291697846053175, 37.72593785601185, 17.020872522859914, 67.40164348257804, 17.6345915853691, 48.5966648244198, 65.21411167958928, 33.83972371157754, 55.441424375354075, 65.21167465350503, 83.7257164451177, 93.67520496879926, 36.11434034091496, 87.28117658818475, 54.97848465195548, 66.45322054820068], [62.016933844669715, 37.72639674514932, 63.10495535774169, 81.88498880996036, 78.12332878968637, 25.73915053550721, 68.48020075933854, 77.57162584026548, 27.69651129694372, 46.699429166092074, 36.09709480027311, 0.0, 26.3319747501123, 34.785427271073985, 55.696440128567595, 74.58570627738628, 34.86233955211745, 75.72681875562522, 71.31947165720511, 3.2242020660740303, 65.98685462332804, 65.64316261953323, 49.19792832829254, 75.79980356841756, 34.99761073028402, 20.76449016499024, 36.7043055610796, 32.922566658577644, 20.354797162317983, 47.86318583795494, 30.4658950936294, 62.75859728236934, 52.81174224635813, 32.48414197248807, 30.948006058055913, 19.54514297828993, 33.15774281895308, 48.88890176558151, 66.97581092236973, 80.09522331245131, 70.45739191077773, 55.41833049113299, 33.83365685151354, 74.18502305613998], [46.944918431735665, 12.05499159383035, 74.14683751166649, 55.79819896279832, 53.84765990652602, 3.5820646505368496, 63.69269284957978, 53.64799710517189, 37.47617245637406, 23.47222613430201, 56.1634112323083, 26.3319747501123, 0.0, 46.75030016111562, 68.23810764934677, 59.84519265623983, 47.85301363174589, 73.87824077532787, 70.29976181220937, 23.537215015589975, 66.31267660336574, 39.42394079779463, 38.11938212340112, 65.8080730670738, 15.008216381717894, 20.287654903566175, 45.71523017877145, 21.87793636524665, 34.020125200548655, 48.92183878945958, 43.43087747966698, 48.50368299028119, 69.8509785886636, 19.75675062663876, 13.442339000606404, 45.491695838054724, 12.853306952564838, 28.61492737879181, 43.929916662627704, 57.87995581647657, 84.95922069554908, 31.11776774582121, 14.464402864466773, 66.97933047927313], [50.51285592534398, 57.945290660033415, 28.669266831663343, 97.05431115095993, 79.90244508137373, 43.6611251949641, 42.3305098220866, 78.49408704287531, 62.377780709815696, 70.11959491694111, 17.592902995843207, 34.785427271073985, 46.75030016111562, 0.0, 21.83951693511862, 59.69024829430822, 1.8980884618471194, 45.74657922275563, 41.084708913345544, 33.85949812821893, 35.22448629410541, 76.79550145949987, 37.04831457449267, 54.40678228620426, 61.07753025012962, 26.532465283672348, 4.994768453996867, 63.699892051767954, 54.881054829872454, 20.559684715217696, 4.334561846884498, 49.88544266590077, 23.990359784366653, 34.41019060669267, 58.17715499311071, 41.691385106187916, 42.60218702181655, 49.62127439651753, 67.57017851342817, 76.75221099946789, 38.24341337504861, 77.0808038343255, 41.75497155865601, 49.767233359197164], [61.499481390228304, 79.05669860116079, 7.934774660674281, 115.96249508668704, 94.6439086655672, 65.01826102366793, 42.821775101204885, 92.94821448208326, 82.77125431024314, 91.41528284923427, 25.253055515688974, 55.696440128567595, 68.23810764934677, 21.83951693511862, 0.0, 67.15538104220632, 21.198066134102614, 40.213222333163806, 36.13183439122195, 55.16971176590663, 30.943685707875314, 95.1383417138676, 50.322941130328616, 57.46786104640575, 82.77300013125169, 47.95109267911508, 22.615535122801834, 85.5284921436943, 75.17141828747442, 28.374528963559055, 25.810538668233622, 60.13819821974308, 12.682296331932154, 53.829094476592275, 79.96372420994497, 58.36654120125721, 62.71295985195568, 66.49569353123627, 82.6459712566215, 89.32712941605392, 17.04387923163043, 97.97841413158766, 61.62570257929197, 50.64855204134064], [12.980270786123738, 60.805600004832655, 66.72390407895728, 70.76307840029604, 37.58730973920622, 57.04583605165505, 27.16821432957974, 35.41241719393006, 96.15253189487663, 70.2563250153847, 77.28189994741695, 74.58570627738628, 59.84519265623983, 59.69024829430822, 67.15538104220632, 0.0, 61.54991553286755, 37.45584579757786, 37.93547279983276, 71.54422094619551, 39.77636751963267, 52.030874700699435, 25.592734109025475, 14.519256028753393, 70.94813967745166, 53.84304413621295, 54.74686788967756, 80.77625578304257, 91.0727958691373, 40.39062877030934, 60.98706161144466, 11.855062704913879, 77.83009313898539, 42.90571761823448, 71.71097589520095, 91.74041997504042, 47.01872341867141, 32.31359864393856, 30.570964089131, 27.510006542964273, 80.95988639419052, 70.52994883189744, 45.47148858697609, 21.936973536582347], [52.40966934721256, 59.17077348580936, 28.30754550823505, 98.6193475889244, 81.73900685057778, 44.825879509451305, 43.885432031717684, 80.3402348617892, 62.33407955337533, 71.27213232323128, 15.73351255862256, 34.86233955211745, 47.85301363174589, 1.8980884618471194, 21.198066134102614, 61.54991553286755, 0.0, 46.97460451629732, 42.31175334252706, 34.10752144473125, 36.43074245954743, 78.43146030515652, 38.94417567341934, 56.12787682961266, 62.042218128616625, 27.724157136118514, 6.812660859506719, 64.37421768914943, 54.798411045210486, 22.251184312669395, 4.618217564562444, 51.777310383261415, 22.48661603037356, 36.01267340767628, 59.05705585219481, 40.8640878663086, 44.07811508146084, 51.397319036151934, 69.40393660400919, 78.63796065995949, 37.29273079064102, 78.34454168979644, 43.271382760097154, 51.37977939186891], [39.733261915336655, 80.43469770320942, 36.18651294223747, 103.89447135265515, 73.70346438965645, 70.3262215913697, 11.883618740585199, 71.59762330212986, 102.6073214281204, 92.41799309953716, 60.3479602394266, 75.72681875562522, 73.87824077532787, 45.74657922275563, 40.213222333163806, 37.45584579757786, 46.97460451629732, 0.0, 4.66308798469103, 73.60034611540047, 10.552253065242429, 83.31377166446295, 38.024415843961556, 23.44776806201173, 88.36227684038253, 57.91431752698458, 41.54404841300802, 95.47115085501495, 95.76349494966627, 27.868950503910835, 49.33111954829355, 37.4523317431552, 52.8335606764936, 54.20758688171509, 87.31986815597558, 86.9281177084339, 62.69722128400661, 55.89309320697536, 64.18360040517976, 64.65218808832826, 48.98350322689683, 95.82287121876523, 61.03504446759922, 15.602185990042802], [38.65203208309587, 77.28227201379393, 32.61401457017424, 102.38162161037458, 73.15998784482744, 66.73130638051435, 10.959183457503784, 71.0946602940002, 98.3257771165594, 89.40894671738054, 55.75379178885077, 71.31947165720511, 70.29976181220937, 41.084708913345544, 36.13183439122195, 37.93547279983276, 42.31175334252706, 4.66308798469103, 0.0, 69.24695657592342, 5.897499365082393, 81.60048350689759, 35.395934062034584, 24.66955667572463, 84.92567569401551, 53.83018436379907, 36.89929462256931, 91.75473015761507, 91.4220727706005, 23.466214488629124, 44.68173221501926, 36.45603616538713, 48.67449501886303, 50.74501463321609, 83.73692000194409, 82.30333193789623, 59.433832709734716, 53.61513647775353, 63.134165845422956, 64.6202449358008, 45.88132974396757, 93.1429706700507, 57.794609384479344, 16.81180539319092], [58.92818901592899, 35.14341580388107, 62.41506648551422, 79.25094378369442, 74.94437035446195, 22.74342084138115, 66.05462858172591, 74.37900288527285, 29.24954819610611, 44.57433045583897, 36.76235189855101, 3.2242020660740303, 23.537215015589975, 33.85949812821893, 55.16971176590663, 71.54422094619551, 34.10752144473125, 73.60034611540047, 69.24695657592342, 0.0, 64.01152549572815, 62.71153676319002, 46.22482267371598, 73.0256057231019, 33.082168684727996, 17.796685128543576, 35.37567298144141, 31.942455317761503, 22.177897061627284, 45.783014997733176, 29.594808404481004, 59.705760994766514, 53.02409181353974, 29.307264012413388, 29.153446330271176, 22.69741044702423, 29.959188079950174, 45.6647452440333, 63.76562943063907, 76.87165876739266, 70.34868442416413, 53.17731769274093, 30.619020149895707, 71.59901727139246], [38.53835554075432, 73.91010330483918, 28.199496646932545, 101.20635455624013, 73.36670708642008, 62.73147034919177, 12.884365360068454, 71.36524771166107, 93.1831589010282, 86.20823034814441, 49.88867371417055, 65.98685462332804, 66.31267660336574, 35.22448629410541, 30.943685707875314, 39.77636751963267, 36.43074245954743, 10.552253065242429, 5.897499365082393, 64.01152549572815, 0.0, 80.2303122436618, 33.170821852546524, 27.688978088850693, 81.11100475152891, 49.091075351360494, 31.10778692506231, 87.505549823773, 86.18522189838438, 18.326599380174667, 38.87155017829155, 36.50167153289626, 43.33077339088029, 47.034197914613074, 79.70570111427229, 76.54771716616858, 55.9750786674742, 51.645849506971004, 62.7543593229846, 65.52600030972305, 41.98743156526898, 90.40054992724009, 54.380347905387445, 20.2203221878095], [44.04456186902287, 29.576846084279968, 98.79582521946308, 21.113738026261057, 22.061197985221643, 39.990924025057176, 71.43034818956878, 23.324768801498024, 72.09085746546714, 29.27636760891145, 90.67585340988845, 65.64316261953323, 39.42394079779463, 76.79550145949987, 95.1383417138676, 52.030874700699435, 78.43146030515652, 83.31377166446295, 81.60048350689759, 62.71153676319002, 80.2303122436618, 0.0, 47.38139394941976, 64.86270006635921, 38.13663399100489, 53.097999168811555, 73.71442749742971, 48.672306044311114, 70.97923687905887, 68.50623274924814, 74.91882926952584, 46.396097818918356, 100.70553635549336, 42.44076841065084, 41.66552657759968, 84.9149804175096, 35.33377039645597, 29.14309604873288, 21.688198374663546, 32.199618277314876, 112.03697214086884, 24.012325834194762, 35.70147829434692, 70.22819819566992], [13.980486775674658, 42.872083986620034, 52.6246776631636, 68.47414156104472, 44.32656338733016, 34.804801390901474, 26.686781928212273, 42.65906237971385, 72.18525006361895, 54.55349616934569, 54.295931705803234, 49.19792832829254, 38.11938212340112, 37.04831457449267, 50.322941130328616, 25.592734109025475, 38.94417567341934, 38.024415843961556, 35.395934062034584, 46.22482267371598, 33.170821852546524, 47.38139394941976, 0.0, 27.927791420915696, 51.60247676932989, 28.437168899451574, 32.4881426108764, 59.972012020025495, 66.55749562594484, 22.124870710843396, 37.36547576403029, 14.036985988364334, 58.591389047560014, 18.906763174240478, 51.23828028441345, 66.14966748430227, 25.758272968497955, 18.491201565603678, 32.35552328969787, 39.8586223228493, 66.52469189739327, 57.8087937559899, 24.05603821410033, 28.949262879458004], [21.45548485857712, 69.11675175672718, 55.73710714030652, 84.3824011395455, 51.95662307437146, 62.59143384383041, 14.867049113695922, 49.791614068011675, 99.95180274101088, 79.79093299044182, 71.58041698112211, 75.79980356841756, 65.8080730670738, 54.40678228620426, 57.46786104640575, 14.519256028753393, 56.12787682961266, 23.44776806201173, 24.66955667572463, 73.0256057231019, 27.688978088850693, 64.86270006635921, 27.927791420915696, 0.0, 78.59884479644114, 55.37171121587271, 49.439712329356006, 87.54051361913127, 94.0901479077828, 33.88650266168364, 56.63923197489997, 19.19750750621151, 69.13009051489132, 46.8345528143197, 78.65217784295484, 91.05757296526923, 53.143618918827244, 41.21582250904674, 44.01019954247574, 42.028766186412554, 69.66448079616072, 81.2969652502184, 51.46331374604241, 7.9034401288560705], [58.473224283747555, 10.553529880873045, 88.89731832627103, 49.43802815553597, 57.12857768499275, 18.55141183022406, 77.83070439860754, 57.501175857680416, 34.024942079456196, 12.060115958977363, 68.80170288450732, 34.99761073028402, 15.008216381717894, 61.07753025012962, 82.77300013125169, 70.94813967745166, 62.042218128616625, 88.36227684038253, 84.92567569401551, 33.082168684727996, 81.11100475152891, 38.13663399100489, 51.60247676932989, 78.59884479644114, 0.0, 34.94725495044423, 60.39527684709637, 10.941235819738875, 33.721513936675414, 63.88973712047445, 57.51224154226823, 60.31851173847518, 83.56322266355744, 34.18148726297737, 4.253070353682534, 51.77069472856987, 25.87802692712835, 38.6495011060851, 49.64775037595416, 63.7000229992741, 99.31274874181625, 21.048547817106254, 27.577275626177517, 80.53333036980004], [41.36935634482004, 31.44848399835642, 53.950969741405025, 72.27013898377236, 61.172656002631484, 17.130620510059313, 49.33143840912593, 60.270125983844764, 45.17709268666281, 43.58901545008303, 37.789151053727004, 20.76449016499024, 20.287654903566175, 26.532465283672348, 47.95109267911508, 53.84304413621295, 27.724157136118514, 57.91431752698458, 53.83018436379907, 17.796685128543576, 49.091075351360494, 53.097999168811555, 28.437168899451574, 55.37171121587271, 34.94725495044423, 0.0, 25.461701986970397, 39.17040574957496, 38.8753557612935, 30.871826469202656, 23.435308002121214, 42.03419759444585, 50.00206475182262, 12.891252728304448, 32.45427165124342, 38.5210925995609, 17.764292431215477, 30.407537818436705, 49.25291288032978, 61.394056997296005, 64.68951207592745, 50.64224001162898, 17.50994455532393, 54.35921872865658], [45.77289710899034, 56.441206649857556, 28.516882913269708, 94.23275556221967, 75.83389265818508, 42.446921079813215, 37.55775120191915, 74.3649038390656, 64.39950397212786, 68.81077537008845, 22.543346264095714, 36.7043055610796, 45.71523017877145, 4.994768453996867, 22.615535122801834, 54.74686788967756, 6.812660859506719, 41.54404841300802, 36.89929462256931, 35.37567298144141, 31.10778692506231, 73.71442749742971, 32.4881426108764, 49.439712329356006, 60.39527684709637, 25.461701986970397, 0.0, 63.85981149013657, 57.02529225090398, 15.638111994058066, 7.801901663407563, 45.07634619342476, 27.114176493005402, 31.64515390561757, 57.765095689305895, 45.45152813458393, 40.286499051524224, 45.94681838605204, 63.53114015972522, 72.3051105557729, 39.55908513697006, 75.384059796271, 39.28632057329569, 44.91029294051643], [68.07352878802945, 21.353895370907868, 92.21487359121352, 58.093930984300826, 68.04833815446521, 25.312539328816904, 85.49775151727682, 68.43802002198149, 24.312562696837972, 20.51119029896146, 68.70391888784184, 32.922566658577644, 21.87793636524665, 63.699892051767954, 85.5284921436943, 80.77625578304257, 64.37421768914943, 95.47115085501495, 91.75473015761507, 31.942455317761503, 87.505549823773, 48.672306044311114, 59.972012020025495, 87.54051361913127, 10.941235819738875, 39.17040574957496, 63.85981149013657, 0.0, 25.644795945078943, 69.65192445913682, 59.75690448206024, 69.79012970779107, 84.6958471399412, 41.57862527020971, 9.072813076773818, 46.64449651882017, 34.397941194808, 48.66121693303551, 60.52853143546175, 74.60310334740409, 101.48050062521924, 29.05100263899895, 36.077303054707876, 88.85531847792936], [78.14686050498845, 41.4369273197957, 82.78619142984998, 83.05943119876191, 87.61180968434859, 35.5898827796902, 87.9832846636784, 87.52726075211582, 7.612431439379557, 45.336151672844615, 53.291697846053175, 20.354797162317983, 34.020125200548655, 54.881054829872454, 75.17141828747442, 91.0727958691373, 54.798411045210486, 95.76349494966627, 91.4220727706005, 22.177897061627284, 86.18522189838438, 70.97923687905887, 66.55749562594484, 94.0901479077828, 33.721513936675414, 38.8753557612935, 57.02529225090398, 25.644795945078943, 0.0, 67.95976424368472, 50.546527366209574, 79.26347800414366, 70.7852778115725, 48.18007075430304, 29.69789174026255, 23.549819853020004, 45.39321041635047, 61.897927634832115, 77.94974188847571, 91.88414339634528, 89.00667006787933, 54.222985743812885, 46.63785199255776, 93.2270585456514], [33.28188244939926, 57.547308221034356, 30.55330246081981, 89.58907321838592, 66.3512907599447, 45.352211989594934, 22.116291087305893, 64.62268084337846, 74.89740235020658, 70.05313617086567, 37.72593785601185, 47.86318583795494, 48.92183878945958, 20.559684715217696, 28.374528963559055, 40.39062877030934, 22.251184312669395, 27.868950503910835, 23.466214488629124, 45.783014997733176, 18.326599380174667, 68.50623274924814, 22.124870710843396, 33.88650266168364, 63.88973712047445, 30.871826469202656, 15.638111994058066, 69.65192445913682, 67.95976424368472, 0.0, 23.142470285628846, 32.08001971923188, 37.751310063476566, 30.48734868559652, 62.16297123230429, 59.7343244315378, 39.735918015222765, 39.39150795933432, 54.471264538836095, 61.00186717032886, 44.39999552707698, 75.15195138323698, 38.278999784335255, 29.303748662861214], [51.136337656720976, 54.86613234739717, 32.84729787622675, 94.88998317747648, 79.18269704075209, 40.467462561229546, 45.20766716930352, 77.86677232923782, 58.04484464664404, 66.88176247879908, 17.020872522859914, 30.4658950936294, 43.43087747966698, 4.334561846884498, 25.810538668233622, 60.98706161144466, 4.618217564562444, 49.33111954829355, 44.68173221501926, 29.594808404481004, 38.87155017829155, 74.91882926952584, 37.36547576403029, 56.63923197489997, 57.51224154226823, 23.435308002121214, 7.801901663407563, 59.75690448206024, 50.546527366209574, 23.142470285628846, 0.0, 50.70267607754496, 26.571658239439564, 32.49272386085413, 54.48669988954075, 37.749772149364055, 40.20431269709839, 48.50643482556763, 66.84400734093093, 76.65434207998149, 41.86794627961663, 74.07500620281638, 39.491959969179184, 52.43894448728717], [2.352476474245232, 50.48735512445096, 60.94950800059099, 66.60716789289168, 36.87152533149856, 45.57243576590874, 25.694637105528358, 34.86365032525088, 84.43454058276969, 60.771637826118614, 67.40164348257804, 62.75859728236934, 48.50368299028119, 49.88544266590077, 60.13819821974308, 11.855062704913879, 51.777310383261415, 37.4523317431552, 36.45603616538713, 59.705760994766514, 36.50167153289626, 46.396097818918356, 14.036985988364334, 19.19750750621151, 60.31851173847518, 42.03419759444585, 45.07634619342476, 69.79012970779107, 79.26347800414366, 32.08001971923188, 50.70267607754496, 0.0, 69.80358148391093, 31.08424511336071, 60.76707050731925, 80.0960795927204, 35.650779613027794, 22.1899393231712, 26.740126247876677, 29.51994070608608, 75.21758325467873, 62.100407563600754, 34.050864866549354, 23.83849437712013], [70.90910101999116, 81.40825499515827, 18.933274585059923, 121.0387271605104, 102.61287600013816, 66.97755665927183, 54.75040094971218, 101.06309689997107, 78.361317580865, 93.32318574333557, 17.6345915853691, 52.81174224635813, 69.8509785886636, 23.990359784366653, 12.682296331932154, 77.83009313898539, 22.48661603037356, 52.8335606764936, 48.67449501886303, 53.02409181353974, 43.33077339088029, 100.70553635549336, 58.591389047560014, 69.13009051489132, 83.56322266355744, 50.00206475182262, 27.114176493005402, 84.6958471399412, 70.7852778115725, 37.751310063476566, 26.571658239439564, 69.80358148391093, 0.0, 58.38175792803778, 80.29367652348968, 51.31097510820217, 66.56297943929953, 73.04685882921375, 90.3732657053845, 98.33122357448129, 18.517378900339423, 100.63083530833153, 65.73975089238597, 62.63657016755327], [30.02328174009402, 27.0808287039277, 58.545928257731276, 62.663128417695106, 48.49789385506314, 16.267285548867086, 43.93718414433366, 47.51808270059351, 53.48485459981693, 39.56822095321854, 48.5966648244198, 32.48414197248807, 19.75675062663876, 34.41019060669267, 53.829094476592275, 42.90571761823448, 36.01267340767628, 54.20758688171509, 50.74501463321609, 29.307264012413388, 47.034197914613074, 42.44076841065084, 18.906763174240478, 46.8345528143197, 34.18148726297737, 12.891252728304448, 31.64515390561757, 41.57862527020971, 48.18007075430304, 30.48734868559652, 32.49272386085413, 31.08424511336071, 58.38175792803778, 0.0, 33.16586804751507, 51.099222825463016, 9.27472147026094, 17.565270405868343, 36.457543941782866, 48.50853851586045, 70.87276321313021, 44.88446633146716, 7.926214032327984, 47.42136452009239], [59.029670166703234, 12.853540966548936, 86.27907287083787, 53.605859075751845, 59.97875672817434, 17.00562933395126, 77.07905032704161, 60.23339308951325, 30.440866675407204, 16.31307628725304, 65.21411167958928, 30.948006058055913, 13.442339000606404, 58.17715499311071, 79.96372420994497, 71.71097589520095, 59.05705585219481, 87.31986815597558, 83.73692000194409, 29.153446330271176, 79.70570111427229, 41.66552657759968, 51.23828028441345, 78.65217784295484, 4.253070353682534, 32.45427165124342, 57.765095689305895, 9.072813076773818, 29.69789174026255, 62.16297123230429, 54.48669988954075, 60.76707050731925, 80.29367652348968, 33.16586804751507, 0.0, 47.524669986850554, 25.53510072787634, 39.59034531413406, 51.90141993383643, 66.01669755427379, 96.34931981819413, 25.301043421523786, 27.228977127271193, 80.17427680091293], [79.63609756270068, 56.309923063614924, 66.29268156260231, 100.3281111644371, 97.6363892603036, 45.19539168927405, 81.65657940983849, 97.05191091952167, 30.144544351313844, 63.82010505957055, 33.83972371157754, 19.54514297828993, 45.491695838054724, 41.691385106187916, 58.36654120125721, 91.74041997504042, 40.8640878663086, 86.9281177084339, 82.30333193789623, 22.69741044702423, 76.54771716616858, 84.9149804175096, 66.14966748430227, 91.05757296526923, 51.77069472856987, 38.5210925995609, 45.45152813458393, 46.64449651882017, 23.549819853020004, 59.7343244315378, 37.749772149364055, 80.0960795927204, 51.31097510820217, 51.099222825463016, 47.524669986850554, 0.0, 52.63069773314436, 68.05423597369781, 86.37847233621015, 99.29843973840997, 69.8258548133569, 72.77918082756261, 53.230029102873374, 88.24852211313822], [34.09964490195997, 17.943045008554215, 67.65857985664294, 54.73813595364966, 45.02207388160166, 10.09520446703828, 51.98626223041411, 44.42245053853465, 49.65577848946023, 30.357121136390774, 55.441424375354075, 33.15774281895308, 12.853306952564838, 42.60218702181655, 62.71295985195568, 47.01872341867141, 44.07811508146084, 62.69722128400661, 59.433832709734716, 29.959188079950174, 55.9750786674742, 35.33377039645597, 25.758272968497955, 53.143618918827244, 25.87802692712835, 17.764292431215477, 40.286499051524224, 34.397941194808, 45.39321041635047, 39.735918015222765, 40.20431269709839, 35.650779613027794, 66.56297943929953, 9.27472147026094, 25.53510072787634, 52.63069773314436, 0.0, 16.516550824039328, 33.84551263819809, 47.22188237532057, 79.7460359450757, 35.63827981592341, 1.7023307487751864, 54.70706888985626], [20.137194595629772, 28.508608520903547, 69.79199261674229, 50.25188734250756, 31.04778157109972, 26.40501468732057, 44.17879844488789, 29.98900221873421, 65.978068928288, 38.59378703219715, 65.21167465350503, 48.88890176558151, 28.61492737879181, 49.62127439651753, 66.49569353123627, 32.31359864393856, 51.397319036151934, 55.89309320697536, 53.61513647775353, 45.6647452440333, 51.645849506971004, 29.14309604873288, 18.491201565603678, 41.21582250904674, 38.6495011060851, 30.407537818436705, 45.94681838605204, 48.66121693303551, 61.897927634832115, 39.39150795933432, 48.50643482556763, 22.1899393231712, 73.04685882921375, 17.565270405868343, 39.59034531413406, 68.05423597369781, 16.516550824039328, 0.0, 18.904753993111377, 31.244323280939003, 83.24251856988265, 40.41264345323232, 15.389246340297424, 44.69526522432684], [24.494041970801366, 39.179561477992266, 84.89862260901661, 40.372566499221584, 12.341239386536293, 42.65859569614403, 52.431612668563474, 11.104972241911163, 81.01859104927716, 44.95980019444271, 83.7257164451177, 66.97581092236973, 43.929916662627704, 67.57017851342817, 82.6459712566215, 30.570964089131, 69.40393660400919, 64.18360040517976, 63.134165845422956, 63.76562943063907, 62.7543593229846, 21.688198374663546, 32.35552328969787, 44.01019954247574, 49.64775037595416, 49.25291288032978, 63.53114015972522, 60.52853143546175, 77.94974188847571, 54.471264538836095, 66.84400734093093, 26.740126247876677, 90.3732657053845, 36.457543941782866, 51.90141993383643, 86.37847233621015, 33.84551263819809, 18.904753993111377, 0.0, 14.12665389119063, 98.86760798986073, 42.806104644222025, 33.152902489451115, 50.05150954686545], [27.90829407485096, 53.26785857855331, 90.4420742747479, 46.64084898504651, 11.609655902741379, 56.429430309697516, 53.66457974361174, 9.60642407276729, 95.09461986796576, 58.423379752246476, 93.67520496879926, 80.09522331245131, 57.87995581647657, 76.75221099946789, 89.32712941605392, 27.510006542964273, 78.63796065995949, 64.65218808832826, 64.6202449358008, 76.87165876739266, 65.52600030972305, 32.199618277314876, 39.8586223228493, 42.028766186412554, 63.7000229992741, 61.394056997296005, 72.3051105557729, 74.60310334740409, 91.88414339634528, 61.00186717032886, 76.65434207998149, 29.51994070608608, 98.33122357448129, 48.50853851586045, 66.01669755427379, 99.29843973840997, 47.22188237532057, 31.244323280939003, 14.12665389119063, 0.0, 104.69308295031753, 55.335308352364684, 46.34626559408577, 49.32262564289179], [76.78810677575822, 95.95257563469539, 14.292298219193796, 132.91870863014861, 110.68064619805213, 81.8078412439784, 54.812295430105785, 108.90844448340454, 96.605890181337, 108.24989910222597, 36.11434034091496, 70.45739191077773, 84.95922069554908, 38.24341337504861, 17.04387923163043, 80.95988639419052, 37.29273079064102, 48.98350322689683, 45.88132974396757, 70.34868442416413, 41.98743156526898, 112.03697214086884, 66.52469189739327, 69.66448079616072, 99.31274874181625, 64.68951207592745, 39.55908513697006, 101.48050062521924, 89.00667006787933, 44.39999552707698, 41.86794627961663, 75.21758325467873, 18.517378900339423, 70.87276321313021, 96.34931981819413, 69.8258548133569, 79.7460359450757, 83.24251856988265, 98.86760798986073, 104.69308295031753, 0.0, 114.94115090797261, 78.66715087498112, 62.17287412073188], [59.86623288588907, 19.240182300055423, 103.21070500101787, 29.047824033295253, 45.952878727108526, 33.70752453041079, 84.31196823497838, 47.04253099957043, 53.35419934779297, 8.998260471929768, 87.28117658818475, 55.41833049113299, 31.11776774582121, 77.0808038343255, 97.97841413158766, 70.52994883189744, 78.34454168979644, 95.82287121876523, 93.1429706700507, 53.17731769274093, 90.40054992724009, 24.012325834194762, 57.8087937559899, 81.2969652502184, 21.048547817106254, 50.64224001162898, 75.384059796271, 29.05100263899895, 54.222985743812885, 75.15195138323698, 74.07500620281638, 62.100407563600754, 100.63083530833153, 44.88446633146716, 25.301043421523786, 72.77918082756261, 35.63827981592341, 40.41264345323232, 42.806104644222025, 55.335308352364684, 114.94115090797261, 0.0, 36.970939989113916, 85.10558749496671], [32.53234523127054, 19.5303759837226, 66.44971126419473, 55.39802321133215, 44.53566774683909, 11.58023332508572, 50.29754871442999, 43.860086408583115, 51.04060914926997, 31.888315795731916, 54.97848465195548, 33.83365685151354, 14.464402864466773, 41.75497155865601, 61.62570257929197, 45.47148858697609, 43.271382760097154, 61.03504446759922, 57.794609384479344, 30.619020149895707, 54.380347905387445, 35.70147829434692, 24.05603821410033, 51.46331374604241, 27.577275626177517, 17.50994455532393, 39.28632057329569, 36.077303054707876, 46.63785199255776, 38.278999784335255, 39.491959969179184, 34.050864866549354, 65.73975089238597, 7.926214032327984, 27.228977127271193, 53.230029102873374, 1.7023307487751864, 15.389246340297424, 33.152902489451115, 46.34626559408577, 78.66715087498112, 36.970939989113916, 0.0, 53.00492650597669], [26.190969895125153, 71.56973993383859, 48.41135075247596, 90.27759303586289, 58.80670754150972, 63.59592109380328, 7.897135000031247, 56.666133711505196, 99.46470353451664, 82.83792695436686, 66.45322054820068, 74.18502305613998, 66.97933047927313, 49.767233359197164, 50.64855204134064, 21.936973536582347, 51.37977939186891, 15.602185990042802, 16.81180539319092, 71.59901727139246, 20.2203221878095, 70.22819819566992, 28.949262879458004, 7.9034401288560705, 80.53333036980004, 54.35921872865658, 44.91029294051643, 88.85531847792936, 93.2270585456514, 29.303748662861214, 52.43894448728717, 23.83849437712013, 62.63657016755327, 47.42136452009239, 80.17427680091293, 88.24852211313822, 54.70706888985626, 44.69526522432684, 50.05150954686545, 49.32262564289179, 62.17287412073188, 85.10558749496671, 53.00492650597669, 0.0]]",Route_4,2482.461361068781
