instance_id,num_cities,city_coordinates,distance_matrix,best_route,total_distance
1298,43,"[[47.933724437883576, 51.95122310749555], [27.274820829559832, 39.799588624803505], [28.77760786271184, 11.806102616748749], [69.29922217010804, 59.37662833428341], [91.84936229093148, 16.29626975179913], [38.83796367760911, 46.78082507105381], [12.923339266930133, 10.754021925863022], [99.42176746940906, 96.73779778407294], [72.91619348958908, 70.33172630754984], [31.498922761136892, 85.511881030452], [50.56493248452787, 42.61898700402349], [98.21875572121726, 74.76288595489598], [18.649316609165023, 11.909510956653524], [61.045174541169125, 96.11734936517196], [97.60574831682341, 1.5016908914250782], [78.33362660461994, 55.72377249717143], [30.823311573901435, 80.93413853667535], [79.5105260943681, 27.49741335219964], [46.52383796876954, 2.895189286326616], [94.65342327407976, 79.21070640365387], [20.545114300424572, 49.974606120181406], [12.638104742077537, 40.793496097160286], [45.81937920756132, 54.78045666068443], [45.60772712318718, 86.69601237306267], [53.313440079873466, 61.69742742544875], [1.5721353304439134, 85.9925757836053], [5.795019974588134, 10.661185720234512], [9.441885164127672, 41.37355682898819], [98.05309015624046, 88.58701273713866], [54.833511878384634, 70.46365986001837], [77.61636995379271, 7.409257701137506], [43.15958620538463, 59.94803196597981], [92.58650388407901, 46.188845912162016], [60.848085130695274, 70.7801343681181], [55.36858127190381, 75.34809608989127], [98.38035642144406, 32.080155802508536], [14.590829893470625, 60.993174403197926], [87.79926437296749, 56.5724988010735], [25.55814309996647, 70.07092336457082], [36.6719054379841, 94.84562428752177], [40.46674795423462, 55.04462359286458], [33.78046570203191, 87.18307391647755], [3.5554185402276506, 33.15936558388619]]","[[0.0, 23.967739127814333, 44.48131631885626, 22.619043660767293, 56.56729573558331, 10.462594308458554, 54.06418828594786, 68.24115947488629, 31.01558733615453, 37.368709723185454, 9.696075828688281, 55.2173553606954, 49.60761286183405, 46.07121479210159, 70.7987659288656, 30.63308963595879, 33.656732092568255, 39.938492890958834, 49.0762899384159, 54.090754190697005, 27.459843043547444, 37.01723438816217, 3.5319991862224778, 34.822559420821484, 11.13237795782915, 57.51704648698812, 58.99608123669206, 39.91877646642152, 62.081655114839464, 19.756451635864515, 53.526125649857356, 9.313503518125737, 45.02305746183696, 22.832183674901497, 24.549760925449686, 54.21920318783845, 34.547148939293045, 40.13249884260665, 28.79218952452206, 44.34814787315849, 8.082379870449538, 37.968382165564115, 48.19302795564475], [23.967739127814333, 0.0, 28.033794387313453, 46.36065995882741, 68.71882859153327, 13.507180862150577, 32.397684607161366, 91.90833243900123, 54.912169232054964, 45.90704427544712, 23.46014296890849, 79.0915549101431, 29.19341972759421, 65.66678737852637, 80.08225978339422, 53.484402204533374, 41.287322303764796, 53.66481548416788, 41.62282248189523, 78.05839014452631, 12.199177472253288, 14.670422962176982, 23.83961099815985, 50.35245786997103, 34.02241961709731, 52.86227487083479, 36.19983934492303, 17.902261598893777, 85.96380727025183, 41.22822718772792, 59.86154947520275, 25.657075829439215, 65.62346037887694, 45.68323861535545, 45.309554828835076, 71.52333070339105, 24.69922476947314, 62.80556330469748, 30.31997179013076, 55.84237854281581, 20.160308341891387, 47.82800532734993, 24.631333845252996], [44.48131631885626, 28.033794387313453, 0.0, 62.48964828769645, 63.23138309063254, 36.392883505954956, 15.889138003281506, 110.47167116746172, 73.30391101120344, 73.7559985787347, 37.73753249008141, 93.73168932753332, 10.128819131637943, 90.27503634794168, 69.5952140551051, 66.2160155949762, 69.15829851739151, 53.10410742020241, 19.85782111308901, 94.24968789222743, 39.0462368218072, 33.17759095789159, 46.230045166143455, 76.75774552206876, 55.59812365319455, 79.01753309640027, 23.011088212756352, 35.32852276658931, 103.41373509315092, 64.18425940852948, 49.036281749344894, 50.244269947084156, 72.4827444843525, 67.13011197076736, 68.88152728699649, 72.4953780561845, 51.19211560459143, 74.07824353038163, 58.353699883849664, 83.41392026225438, 44.79068756205083, 75.5428116294369, 33.047249107345664], [22.619043660767293, 46.36065995882741, 62.48964828769645, 0.0, 48.62536493502335, 32.96274455795244, 74.4472835438674, 47.9919234659784, 11.536752278254687, 45.95556624502033, 25.13547598468887, 32.75784401302367, 69.41570546694847, 37.65647200854547, 64.4264526922711, 9.744938134901181, 44.10353661934059, 33.47469306367906, 60.90050149585501, 32.19046701249491, 49.652402317342094, 59.63065513589019, 23.925463832474563, 36.16124557888711, 16.153369229297592, 72.76927202063018, 80.03735406403791, 62.5060907198033, 40.98818709245995, 18.22577960737793, 52.628723695130645, 26.1458805642223, 26.76219525448278, 14.193719284339764, 21.193171968894653, 39.884956838665, 54.732270249710666, 18.711352274664723, 45.02943420047832, 48.193272051907556, 29.156094294138246, 45.1085410643486, 70.77847541341674], [56.56729573558331, 68.71882859153327, 63.23138309063254, 48.62536493502335, 0.0, 61.15158620962547, 79.12037424929994, 80.79715807102455, 57.25640091770131, 91.83123867245268, 48.962124014184845, 58.812535933336484, 73.33137350779326, 85.55876771884348, 15.87499744046942, 41.67976828004897, 88.89450459487583, 16.664708117528367, 47.26512575589916, 62.97689335952876, 78.857631983427, 82.91283025615957, 59.998266514069904, 84.22833599286476, 59.550671018589775, 114.05065884138752, 86.23864564997062, 86.13862440018674, 72.55644534291373, 65.60700673632391, 16.779661917263287, 65.39243564560095, 29.9016636197962, 62.68628788734548, 69.41156659824387, 17.08171370778028, 89.25633934699397, 40.47935176821275, 85.35946996671281, 95.99246242667974, 64.3553259759139, 91.63479555132855, 89.88984650167451], [10.462594308458554, 13.507180862150577, 36.392883505954956, 32.96274455795244, 61.15158620962547, 0.0, 44.37902999400604, 78.52449557006177, 41.424276652336495, 39.42025136022965, 12.443580412993214, 65.64353886738044, 40.293796278327626, 54.1040926710977, 74.1879538972325, 40.495477509351105, 35.08109845806529, 45.01230166370076, 44.553582256079586, 64.5527902821541, 18.569560461306757, 26.875280770317147, 10.617639491510058, 40.485205624567776, 20.785678792660413, 54.09531732362482, 48.95369725969906, 29.889261981728765, 72.48578157854278, 28.578562348108466, 55.26196802941978, 13.858274015416333, 53.75180009684395, 32.563972317820195, 33.005307020425, 61.33030417831173, 28.105415319557316, 49.93081053033746, 26.81011587248486, 48.11358157544319, 8.422784826223708, 40.71756374760788, 37.82065771416342], [54.06418828594786, 32.397684607161366, 15.889138003281506, 74.4472835438674, 79.12037424929994, 44.37902999400604, 0.0, 121.9638790475864, 84.54966243086291, 77.0310963186415, 49.318004211357604, 106.64165575607642, 5.841401494852456, 97.99290128204015, 85.1863605987735, 79.37747889700728, 72.4269133409505, 68.65999276177978, 34.50731463716866, 106.61202690835376, 39.95429487808308, 30.040828337817242, 54.95886097104898, 82.67681127511395, 65.01223582968784, 76.09001128539862, 7.128923796384041, 30.816820737279514, 115.3475138228135, 72.95000637799721, 64.7794386141957, 57.74323555837783, 87.18856890532699, 76.81090704474673, 77.29161006195152, 88.07783925069629, 50.26681774919222, 87.78232728544575, 60.64761383755081, 87.38073004348418, 52.156464202828026, 79.22385822032327, 24.28492048938808], [68.24115947488629, 91.90833243900123, 110.47167116746172, 47.9919234659784, 80.79715807102455, 78.52449557006177, 121.9638790475864, 0.0, 37.414249462243085, 68.84427383757696, 72.90977989945318, 22.007816501561187, 117.13251924229017, 38.38160810883713, 95.25341978968737, 46.11789192241754, 70.39533931202946, 72.04643203774039, 107.72477020219593, 18.164141560302017, 91.69690567153357, 103.25293704107176, 68.07080506001277, 54.742930069786865, 57.912048914972324, 98.4378499641786, 127.18156702465768, 105.64837147919023, 8.26490014875617, 51.753674848292306, 91.95141888063854, 67.22291208759165, 51.00899296819832, 46.49440029921883, 48.97144630004453, 64.66602820327675, 92.05414749294765, 41.81308193162195, 78.52997641853466, 62.778384062541136, 72.20813735426944, 66.3330479165692, 115.03292527813637], [31.01558733615453, 54.912169232054964, 73.30391101120344, 11.536752278254687, 57.25640091770131, 41.424276652336495, 84.54966243086291, 37.414249462243085, 0.0, 44.111533775251466, 35.603016560701484, 25.68763966007165, 79.73737626020566, 28.386959107018118, 73.12419499011253, 15.580144289510997, 43.4076243653616, 43.33893848330083, 72.41714545155826, 23.480703700075946, 56.188453242287274, 67.12641080092729, 31.242268353373785, 31.83617743572304, 21.420062054708644, 73.04270559698043, 89.80994014035034, 69.76792527332914, 31.066365359601356, 18.083162906816337, 63.09777107251571, 31.51629396432142, 31.141608577618154, 12.07643611131964, 18.250552329599387, 45.95221692064708, 59.06823672913975, 20.268747876833473, 47.35876851102761, 43.75590943564294, 35.870071437917055, 42.609542425361575, 78.69371959277396], [37.368709723185454, 45.90704427544712, 73.7559985787347, 45.95556624502033, 91.83123867245268, 39.42025136022965, 77.0310963186415, 68.84427383757696, 44.111533775251466, 0.0, 46.93946191356337, 67.58015245140658, 74.71560251206692, 31.39198867303258, 106.90100295247666, 55.505142951777614, 4.62732933944043, 75.30466462722296, 83.9718156987235, 63.468068638620984, 37.18714600291505, 48.53312690719737, 33.90421679715789, 14.158408369698984, 32.29553167783912, 29.930647727164082, 79.14112209770192, 49.34272561248927, 66.62517266520918, 27.766022575534002, 90.70192228662069, 28.097712557272903, 72.64980150259395, 32.83896605433685, 25.943460095727332, 85.60417880741873, 29.783394351466722, 63.302577431151185, 16.544365706249096, 10.671387583808242, 31.759654665348368, 2.8281308055764147, 59.3432835435223], [9.696075828688281, 23.46014296890849, 37.73753249008141, 25.13547598468887, 48.962124014184845, 12.443580412993214, 49.318004211357604, 72.90977989945318, 35.603016560701484, 46.93946191356337, 0.0, 57.48145012817213, 44.290839411866, 54.51522951332535, 62.4777591930044, 30.705631013816607, 43.10200033813926, 32.6574551845908, 39.92881854001932, 57.29527859013942, 30.907840694370854, 37.97073451563112, 13.054563191252813, 44.35491010449045, 19.275403573350825, 65.43364865725802, 55.00587358675256, 41.14190220732098, 66.09224242567181, 28.169958759271136, 44.40163630696569, 18.84502461679274, 42.17293392107775, 29.979884075937193, 33.07974642023562, 48.96306495064461, 40.39488606014247, 39.76299740523701, 37.13419347807831, 54.04292592428809, 16.011551312905333, 47.62012355626001, 47.951838741508936], [55.2173553606954, 79.0915549101431, 93.73168932753332, 32.75784401302367, 58.812535933336484, 65.64353886738044, 106.64165575607642, 22.007816501561187, 25.68763966007165, 67.58015245140658, 57.48145012817213, 0.0, 101.39942006380647, 42.87059884455132, 73.26375966469216, 27.53009628097684, 67.67739837081568, 50.833283940024515, 88.52869786615993, 5.700412459024383, 81.53314288514824, 92.07587778196941, 56.080229488813984, 53.94738025386114, 46.767441446303444, 97.29684047597468, 112.47744174872192, 94.84819473974417, 13.825119398071708, 43.59773765136126, 70.43415036937174, 57.01747141434894, 29.12383946392905, 37.58230076229084, 42.85417040660917, 42.683036068769034, 84.75396707215575, 20.963205498258176, 72.8119436592959, 64.74049087490329, 61.025439545287405, 65.62434220316162, 103.4021291536241], [49.60761286183405, 29.19341972759421, 10.128819131637943, 69.41570546694847, 73.33137350779326, 40.293796278327626, 5.841401494852456, 117.13251924229017, 79.73737626020566, 74.71560251206692, 44.290839411866, 101.39942006380647, 0.0, 94.27814603197196, 79.63944265573619, 74.03989717695768, 70.08998049623168, 62.82570748582817, 29.29585186000185, 101.51884129818995, 38.112275170797915, 29.502868770816658, 50.75559365388941, 79.49702316155687, 60.666614231356704, 76.02585490858122, 12.91476898227666, 30.869188408218708, 110.3829630550455, 68.83229141237736, 59.13852939930067, 53.93007339548918, 81.49711937926179, 72.43263329182624, 73.2991028668108, 82.24289405805733, 49.25116579082273, 82.31948590052913, 58.57031480847475, 84.87174207310285, 48.33878621392391, 76.77930029335485, 26.064958864229826], [46.07121479210159, 65.66678737852637, 90.27503634794168, 37.65647200854547, 85.55876771884348, 54.1040926710977, 97.99290128204015, 38.38160810883713, 28.386959107018118, 31.39198867303258, 54.51522951332535, 42.87059884455132, 94.27814603197196, 0.0, 101.43371423361054, 43.93781545481414, 33.821456093357114, 71.06099370546153, 94.34638491015318, 37.62112384181842, 61.39550173813274, 73.51172115353178, 44.051827907627484, 18.085252928887787, 35.27762384453673, 60.328711514820604, 101.76116884421788, 75.23152461418955, 37.766278449216315, 26.395009722730897, 90.24261767079952, 40.34989208462217, 59.05684476650555, 25.337981530553144, 21.53103789317705, 74.126095036871, 58.23842205457251, 47.7449110258341, 44.01983312001191, 24.40642397913709, 45.93953028885924, 28.6912116487971, 85.25713909610403], [70.7987659288656, 80.08225978339422, 69.5952140551051, 64.4264526922711, 15.87499744046942, 74.1879538972325, 85.1863605987735, 95.25341978968737, 73.12419499011253, 106.90100295247666, 62.4777591930044, 73.26375966469216, 79.63944265573619, 101.43371423361054, 0.0, 57.5451892772124, 103.77575630289475, 31.67356395383474, 51.1009139114283, 77.76507773440355, 91.0382602304304, 93.61274705386278, 74.29976384495671, 99.80915098712372, 74.7351006276875, 127.91076754160052, 92.26649545881055, 96.76069687300865, 87.08647079594402, 81.14935227080332, 20.844054139049238, 79.87715163717505, 44.96815137987118, 78.42594298736987, 85.07214491663235, 30.588274453360494, 102.13086355880604, 55.93711657890939, 99.46153557753054, 111.47207322840107, 78.3052425110018, 106.84084470811598, 99.23544174346235], [30.63308963595879, 53.484402204533374, 66.2160155949762, 9.744938134901181, 41.67976828004897, 40.495477509351105, 79.37747889700728, 46.11789192241754, 15.580144289510997, 55.505142951777614, 30.705631013816607, 27.53009628097684, 74.03989717695768, 43.93781545481414, 57.5451892772124, 0.0, 53.7846873204994, 28.250883932894954, 61.666213254282376, 28.600206776524995, 58.07378985706419, 67.37072618112792, 32.52792843948873, 45.0584524789588, 25.7234190366529, 82.51379881588431, 85.39605482020504, 70.37045351869641, 38.32557634052608, 27.740217584143714, 48.31983854566711, 35.426790513209845, 17.148158377063115, 23.074622281312344, 30.207737148046814, 30.99825780189731, 63.96022771227556, 9.50361166612477, 54.6908803838617, 57.15083812222399, 37.872968486207, 54.54055181424785, 78.10846855924048], [33.656732092568255, 41.287322303764796, 69.15829851739151, 44.10353661934059, 88.89450459487583, 35.08109845806529, 72.4269133409505, 70.39533931202946, 43.4076243653616, 4.62732933944043, 43.10200033813926, 67.67739837081568, 70.08998049623168, 33.821456093357114, 103.77575630289475, 53.7846873204994, 0.0, 72.29058345457672, 79.60266408339896, 63.85337405317257, 32.62106660795208, 44.06782185419665, 30.147920660367898, 15.867518181505478, 29.594880209115978, 29.685334746418846, 74.5969387972588, 44.968933947417106, 67.66394617341238, 26.193904679900886, 87.15215668257414, 24.343383922124843, 70.86555781130237, 31.69528084418601, 25.17288491144682, 83.37065393484181, 25.712555533788443, 61.96570574090686, 12.071927888053372, 15.090907394288406, 27.627212115002386, 6.913317142910691, 55.00878949028446], [39.938492890958834, 53.66481548416788, 53.10410742020241, 33.47469306367906, 16.664708117528367, 45.01230166370076, 68.65999276177978, 72.04643203774039, 43.33893848330083, 75.30466462722296, 32.6574551845908, 50.833283940024515, 62.82570748582817, 71.06099370546153, 31.67356395383474, 28.250883932894954, 72.29058345457672, 0.0, 41.1508325855374, 53.88480317511519, 63.10423110028635, 68.1814238182155, 43.352714225536644, 68.21930741449397, 43.080486049501204, 97.4478156899716, 75.61371835434801, 71.429418306461, 63.8417248748887, 49.548495129383035, 20.177260095121415, 48.728158996924, 22.811200018864298, 47.13470739555304, 53.595907850078724, 19.41834248689879, 73.0515774176191, 30.233487660381414, 68.72672977487046, 79.8180990498409, 47.78352648663931, 75.19053464686174, 76.16584580134948], [49.0762899384159, 41.62282248189523, 19.85782111308901, 60.90050149585501, 47.26512575589916, 44.553582256079586, 34.50731463716866, 107.72477020219593, 72.41714545155826, 83.9718156987235, 39.92881854001932, 88.52869786615993, 29.29585186000185, 94.34638491015318, 51.1009139114283, 61.666213254282376, 79.60266408339896, 41.1508325855374, 0.0, 90.2248033222916, 53.771419665581426, 50.83821963285713, 51.89004945704757, 83.80583040037148, 59.192921088565456, 94.47661728048145, 41.46260141156878, 53.4383382278476, 99.9917618472898, 68.07752122508565, 31.418503447702317, 57.15194701632391, 63.214791744188744, 69.37975083202436, 72.99077467998517, 59.505132354976176, 66.29549667494246, 67.71199584704543, 70.37144030274452, 92.47671637498904, 52.5000175041504, 85.24576841201147, 52.55668782521272], [54.090754190697005, 78.05839014452631, 94.24968789222743, 32.19046701249491, 62.97689335952876, 64.5527902821541, 106.61202690835376, 18.164141560302017, 23.480703700075946, 63.468068638620984, 57.29527859013942, 5.700412459024383, 101.51884129818995, 37.62112384181842, 77.76507773440355, 28.600206776524995, 63.85337405317257, 53.88480317511519, 90.2248033222916, 0.0, 79.66674976877115, 90.56707195023556, 54.60403796785109, 49.6136081774078, 44.89664966415312, 93.3280232166779, 112.22679102095739, 93.2344148638229, 9.97360794141254, 40.76930422263221, 73.79504876086466, 54.97877665562542, 33.08648403932204, 34.84071514528546, 39.474277315384924, 47.27767793210707, 82.10905754553752, 23.653074592940857, 69.69715472198793, 60.05253589826803, 59.331234106802796, 61.392797682854166, 102.07630703443058], [27.459843043547444, 12.199177472253288, 39.0462368218072, 49.652402317342094, 78.857631983427, 18.569560461306757, 39.95429487808308, 91.69690567153357, 56.188453242287274, 37.18714600291505, 30.907840694370854, 81.53314288514824, 38.112275170797915, 61.39550173813274, 91.0382602304304, 58.07378985706419, 32.62106660795208, 63.10423110028635, 53.771419665581426, 79.66674976877115, 0.0, 12.116665441061341, 25.72711927157367, 44.45892754771366, 34.802122259185936, 40.709557473284484, 41.98940707087959, 14.044918873480462, 86.59332691390823, 39.9436544599788, 71.19646836667327, 24.716058800744655, 72.14079146707843, 45.35636078237917, 43.086979995779146, 79.86573901373097, 12.524470040939558, 67.57701450795746, 20.71213230288421, 47.68104092580465, 20.556667157151953, 39.4923359966467, 23.904017995255924], [37.01723438816217, 14.670422962176982, 33.17759095789159, 59.63065513589019, 82.91283025615957, 26.875280770317147, 30.040828337817242, 103.25293704107176, 67.12641080092729, 48.53312690719737, 37.97073451563112, 92.07587778196941, 29.502868770816658, 73.51172115353178, 93.61274705386278, 67.37072618112792, 44.06782185419665, 68.1814238182155, 50.83821963285713, 90.56707195023556, 12.116665441061341, 0.0, 36.00877727664945, 56.515811950395346, 45.73245291715665, 46.53399277432378, 30.89957827845607, 3.248428857629291, 97.87716774670972, 51.58266182656274, 73.05259970190299, 36.034109883066236, 80.13024600608075, 56.77500051839875, 54.95374423206919, 86.18385012366431, 20.29384485956988, 76.7995888230544, 32.00148650559588, 59.15451071387397, 31.26544447034706, 50.98031342798409, 11.864869882766389], [3.5319991862224778, 23.83961099815985, 46.230045166143455, 23.925463832474563, 59.998266514069904, 10.617639491510058, 54.95886097104898, 68.07080506001277, 31.242268353373785, 33.90421679715789, 13.054563191252813, 56.080229488813984, 50.75559365388941, 44.051827907627484, 74.29976384495671, 32.52792843948873, 30.147920660367898, 43.352714225536644, 51.89004945704757, 54.60403796785109, 25.72711927157367, 36.00877727664945, 0.0, 31.916257503578635, 10.198305394452758, 54.14808372292141, 59.56894661085517, 38.76940850692962, 62.21932009609722, 18.089152838062997, 57.053300617763604, 5.81191305426421, 47.549760522667995, 21.95112043759479, 22.676310364684703, 57.25347137711392, 31.840542614891728, 42.01811720595794, 25.383381583830857, 41.096154726831536, 5.359145967609692, 34.566819978398954, 47.47329723793295], [34.822559420821484, 50.35245786997103, 76.75774552206876, 36.16124557888711, 84.22833599286476, 40.485205624567776, 82.67681127511395, 54.742930069786865, 31.83617743572304, 14.158408369698984, 44.35491010449045, 53.94738025386114, 79.49702316155687, 18.085252928887787, 99.80915098712372, 45.0584524789588, 15.867518181505478, 68.21930741449397, 83.80583040037148, 49.6136081774078, 44.45892754771366, 56.515811950395346, 31.916257503578635, 0.0, 26.159267221271932, 44.0412098786183, 85.82742285904743, 57.983558886569526, 52.47944346166113, 18.670949961289317, 85.50405067751657, 26.859781268861962, 62.030927775109284, 22.035963443092168, 14.968282389184978, 75.94631124673917, 40.2825494906159, 51.841603808345035, 26.04571757591762, 12.094010234245685, 32.0661827870243, 11.837286077113346, 68.077670396287], [11.13237795782915, 34.02241961709731, 55.59812365319455, 16.153369229297592, 59.550671018589775, 20.785678792660413, 65.01223582968784, 57.912048914972324, 21.420062054708644, 32.29553167783912, 19.275403573350825, 46.767441446303444, 60.666614231356704, 35.27762384453673, 74.7351006276875, 25.7234190366529, 29.594880209115978, 43.080486049501204, 59.192921088565456, 44.89664966415312, 34.802122259185936, 45.73245291715665, 10.198305394452758, 26.159267221271932, 0.0, 57.161323033307916, 69.73304967298816, 48.35052271430964, 52.19852571855277, 8.897047227565409, 59.47972572626962, 10.303452478566713, 42.224277863848165, 11.801120347165668, 13.804505072822163, 53.927819601066226, 38.72901382642551, 34.8645517765408, 28.99089416843379, 37.09101819098461, 14.467110886621342, 32.11004928540446, 57.36097698969837], [57.51704648698812, 52.86227487083479, 79.01753309640027, 72.76927202063018, 114.05065884138752, 54.09531732362482, 76.09001128539862, 98.4378499641786, 73.04270559698043, 29.930647727164082, 65.43364865725802, 97.29684047597468, 76.02585490858122, 60.328711514820604, 127.91076754160052, 82.51379881588431, 29.685334746418846, 97.4478156899716, 94.47661728048145, 93.3280232166779, 40.709557473284484, 46.53399277432378, 54.14808372292141, 44.0412098786183, 57.161323033307916, 0.0, 75.44965926760351, 45.307723568032486, 96.51583158841483, 55.47901820998062, 109.35293091774555, 49.069688535223264, 99.33756688632829, 61.19686755497825, 54.839425087087726, 110.80785486156714, 28.18610433359132, 91.10795087463065, 28.78936582268083, 36.199037686309694, 49.704794899034766, 32.23032471337716, 52.87042190391442], [58.99608123669206, 36.19983934492303, 23.011088212756352, 80.03735406403791, 86.23864564997062, 48.95369725969906, 7.128923796384041, 127.18156702465768, 89.80994014035034, 79.14112209770192, 55.00587358675256, 112.47744174872192, 12.91476898227666, 101.76116884421788, 92.26649545881055, 85.39605482020504, 74.5969387972588, 75.61371835434801, 41.46260141156878, 112.22679102095739, 41.98940707087959, 30.89957827845607, 59.56894661085517, 85.82742285904743, 69.73304967298816, 75.44965926760351, 0.0, 30.928132255803664, 120.76417527524937, 77.33763379777164, 71.89493270514117, 61.849042211398185, 93.78153505847771, 81.51765434315098, 81.49806349153776, 95.0306098284277, 51.0947683908154, 93.98161931013931, 62.61068569052517, 89.66828733063343, 56.32067363311818, 81.47873677028886, 22.609376633644974], [39.91877646642152, 17.902261598893777, 35.32852276658931, 62.5060907198033, 86.13862440018674, 29.889261981728765, 30.816820737279514, 105.64837147919023, 69.76792527332914, 49.34272561248927, 41.14190220732098, 94.84819473974417, 30.869188408218708, 75.23152461418955, 96.76069687300865, 70.37045351869641, 44.968933947417106, 71.429418306461, 53.4383382278476, 93.2344148638229, 14.044918873480462, 3.248428857629291, 38.76940850692962, 57.983558886569526, 48.35052271430964, 45.307723568032486, 30.928132255803664, 0.0, 100.40446239557834, 53.913206824695536, 76.16648863891777, 38.49538271172661, 83.2839398145922, 59.22283510241294, 57.12732037621461, 89.42269830544966, 20.284009110234297, 79.81783455812828, 32.91310705375693, 60.006133039920165, 33.90339477998226, 51.87367693145562, 10.105613644178135], [62.081655114839464, 85.96380727025183, 103.41373509315092, 40.98818709245995, 72.55644534291373, 72.48578157854278, 115.3475138228135, 8.26490014875617, 31.066365359601356, 66.62517266520918, 66.09224242567181, 13.825119398071708, 110.3829630550455, 37.766278449216315, 87.08647079594402, 38.32557634052608, 67.66394617341238, 63.8417248748887, 99.9917618472898, 9.97360794141254, 86.59332691390823, 97.87716774670972, 62.21932009609722, 52.47944346166113, 52.19852571855277, 96.51583158841483, 120.76417527524937, 100.40446239557834, 0.0, 46.86563630235198, 83.71073673859374, 61.91516773467896, 42.74912999804247, 41.24678552566169, 44.69044878595178, 56.50780462767155, 87.90545376806826, 33.61651447958614, 74.8222086973172, 61.69943318990294, 66.64291918660552, 64.2879560916653, 109.5537950497072], [19.756451635864515, 41.22822718772792, 64.18425940852948, 18.22577960737793, 65.60700673632391, 28.578562348108466, 72.95000637799721, 51.753674848292306, 18.083162906816337, 27.766022575534002, 28.169958759271136, 43.59773765136126, 68.83229141237736, 26.395009722730897, 81.14935227080332, 27.740217584143714, 26.193904679900886, 49.548495129383035, 68.07752122508565, 40.76930422263221, 39.9436544599788, 51.58266182656274, 18.089152838062997, 18.670949961289317, 8.897047227565409, 55.47901820998062, 77.33763379777164, 53.913206824695536, 46.86563630235198, 0.0, 67.04413660938641, 15.711746262736376, 44.88379437597789, 6.0228936169990215, 4.913656127526224, 58.04843713133247, 41.342031253033156, 35.77296735105492, 29.278002989740223, 30.402699515668665, 21.07488042813202, 26.884373894419877, 63.41177515128407], [53.526125649857356, 59.86154947520275, 49.036281749344894, 52.628723695130645, 16.779661917263287, 55.26196802941978, 64.7794386141957, 91.95141888063854, 63.09777107251571, 90.70192228662069, 44.40163630696569, 70.43415036937174, 59.13852939930067, 90.24261767079952, 20.844054139049238, 48.31983854566711, 87.15215668257414, 20.177260095121415, 31.418503447702317, 73.79504876086466, 71.19646836667327, 73.05259970190299, 57.053300617763604, 85.50405067751657, 59.47972572626962, 109.35293091774555, 71.89493270514117, 76.16648863891777, 83.71073673859374, 67.04413660938641, 0.0, 62.829871458857966, 41.56875475290715, 65.55183739187015, 71.48880935396244, 32.245873335312865, 82.72517651252619, 50.20672877416429, 81.46498221248399, 96.5482644914702, 60.40879487581892, 91.02443768092385, 78.40977349958129], [9.313503518125737, 25.657075829439215, 50.244269947084156, 26.1458805642223, 65.39243564560095, 13.858274015416333, 57.74323555837783, 67.22291208759165, 31.51629396432142, 28.097712557272903, 18.84502461679274, 57.01747141434894, 53.93007339548918, 40.34989208462217, 79.87715163717505, 35.426790513209845, 24.343383922124843, 48.728158996924, 57.15194701632391, 54.97877665562542, 24.716058800744655, 36.034109883066236, 5.81191305426421, 26.859781268861962, 10.303452478566713, 49.069688535223264, 61.849042211398185, 38.49538271172661, 61.91516773467896, 15.711746262736376, 62.829871458857966, 0.0, 51.30628998553691, 20.741683554647295, 19.652519827108037, 61.85428024896424, 28.58786735528903, 44.767120647331744, 20.30477110584949, 35.49552016213093, 5.594174784576644, 28.80478105214104, 47.81341593089724], [45.02305746183696, 65.62346037887694, 72.4827444843525, 26.76219525448278, 29.9016636197962, 53.75180009684395, 87.18856890532699, 51.00899296819832, 31.141608577618154, 72.64980150259395, 42.17293392107775, 29.12383946392905, 81.49711937926179, 59.05684476650555, 44.96815137987118, 17.148158377063115, 70.86555781130237, 22.811200018864298, 63.214791744188744, 33.08648403932204, 72.14079146707843, 80.13024600608075, 47.549760522667995, 62.030927775109284, 42.224277863848165, 99.33756688632829, 93.78153505847771, 83.2839398145922, 42.74912999804247, 44.88379437597789, 41.56875475290715, 51.30628998553691, 0.0, 40.15045071838147, 47.28039376415202, 15.252011796316099, 79.38824411283929, 11.43406793114975, 71.1558484795734, 74.12101187421092, 52.866754737893444, 71.68456497976527, 89.97945051582094], [22.832183674901497, 45.68323861535545, 67.13011197076736, 14.193719284339764, 62.68628788734548, 32.563972317820195, 76.81090704474673, 46.49440029921883, 12.07643611131964, 32.83896605433685, 29.979884075937193, 37.58230076229084, 72.43263329182624, 25.337981530553144, 78.42594298736987, 23.074622281312344, 31.69528084418601, 47.13470739555304, 69.37975083202436, 34.84071514528546, 45.35636078237917, 56.77500051839875, 21.95112043759479, 22.035963443092168, 11.801120347165668, 61.19686755497825, 81.51765434315098, 59.22283510241294, 41.24678552566169, 6.0228936169990215, 65.55183739187015, 20.741683554647295, 40.15045071838147, 0.0, 7.133809419244077, 53.91066433666909, 47.28126740514363, 30.46675189374534, 35.29706770795207, 34.11210151244247, 25.74888744118271, 31.6498411901559, 68.5402939077673], [24.549760925449686, 45.309554828835076, 68.88152728699649, 21.193171968894653, 69.41156659824387, 33.005307020425, 77.29161006195152, 48.97144630004453, 18.250552329599387, 25.943460095727332, 33.07974642023562, 42.85417040660917, 73.2991028668108, 21.53103789317705, 85.07214491663235, 30.207737148046814, 25.17288491144682, 53.595907850078724, 72.99077467998517, 39.474277315384924, 43.086979995779146, 54.95374423206919, 22.676310364684703, 14.968282389184978, 13.804505072822163, 54.839425087087726, 81.49806349153776, 57.12732037621461, 44.69044878595178, 4.913656127526224, 71.48880935396244, 19.652519827108037, 47.28039376415202, 7.133809419244077, 0.0, 61.009240760946426, 43.23064635316488, 37.47362085458888, 30.27392898148116, 27.013316957679848, 25.185226456498555, 24.619371113290736, 66.81686025224082], [54.21920318783845, 71.52333070339105, 72.4953780561845, 39.884956838665, 17.08171370778028, 61.33030417831173, 88.07783925069629, 64.66602820327675, 45.95221692064708, 85.60417880741873, 48.96306495064461, 42.683036068769034, 82.24289405805733, 74.126095036871, 30.588274453360494, 30.99825780189731, 83.37065393484181, 19.41834248689879, 59.505132354976176, 47.27767793210707, 79.86573901373097, 86.18385012366431, 57.25347137711392, 75.94631124673917, 53.927819601066226, 110.80785486156714, 95.0306098284277, 89.42269830544966, 56.50780462767155, 58.04843713133247, 32.245873335312865, 61.85428024896424, 15.252011796316099, 53.91066433666909, 61.009240760946426, 0.0, 88.6377312457047, 26.68022440868308, 82.1363084938289, 88.01952599804926, 62.300504224183726, 84.90864187840226, 94.83107896638514], [34.547148939293045, 24.69922476947314, 51.19211560459143, 54.732270249710666, 89.25633934699397, 28.105415319557316, 50.26681774919222, 92.05414749294765, 59.06823672913975, 29.783394351466722, 40.39488606014247, 84.75396707215575, 49.25116579082273, 58.23842205457251, 102.13086355880604, 63.96022771227556, 25.712555533788443, 73.0515774176191, 66.29549667494246, 82.10905754553752, 12.524470040939558, 20.29384485956988, 31.840542614891728, 40.2825494906159, 38.72901382642551, 28.18610433359132, 51.0947683908154, 20.284009110234297, 87.90545376806826, 41.342031253033156, 82.72517651252619, 28.58786735528903, 79.38824411283929, 47.28126740514363, 43.23064635316488, 88.6377312457047, 0.0, 73.3417838051271, 14.236835504250399, 40.41735098164115, 26.550864246394877, 32.46772180152008, 29.941630168133457], [40.13249884260665, 62.80556330469748, 74.07824353038163, 18.711352274664723, 40.47935176821275, 49.93081053033746, 87.78232728544575, 41.81308193162195, 20.268747876833473, 63.302577431151185, 39.76299740523701, 20.963205498258176, 82.31948590052913, 47.7449110258341, 55.93711657890939, 9.50361166612477, 61.96570574090686, 30.233487660381414, 67.71199584704543, 23.653074592940857, 67.57701450795746, 76.7995888230544, 42.01811720595794, 51.841603808345035, 34.8645517765408, 91.10795087463065, 93.98161931013931, 79.81783455812828, 33.61651447958614, 35.77296735105492, 50.20672877416429, 44.767120647331744, 11.43406793114975, 30.46675189374534, 37.47362085458888, 26.68022440868308, 73.3417838051271, 0.0, 63.688025899825526, 63.86578869917791, 47.35716960695049, 62.08895166409935, 87.43683644629532], [28.79218952452206, 30.31997179013076, 58.353699883849664, 45.02943420047832, 85.35946996671281, 26.81011587248486, 60.64761383755081, 78.52997641853466, 47.35876851102761, 16.544365706249096, 37.13419347807831, 72.8119436592959, 58.57031480847475, 44.01983312001191, 99.46153557753054, 54.6908803838617, 12.071927888053372, 68.72672977487046, 70.37144030274452, 69.69715472198793, 20.71213230288421, 32.00148650559588, 25.383381583830857, 26.04571757591762, 28.99089416843379, 28.78936582268083, 62.61068569052517, 32.91310705375693, 74.8222086973172, 29.278002989740223, 81.46498221248399, 20.30477110584949, 71.1558484795734, 35.29706770795207, 30.27392898148116, 82.1363084938289, 14.236835504250399, 63.688025899825526, 0.0, 27.15329665303287, 21.167337658049647, 18.98505426601563, 42.971885993618585], [44.34814787315849, 55.84237854281581, 83.41392026225438, 48.193272051907556, 95.99246242667974, 48.11358157544319, 87.38073004348418, 62.778384062541136, 43.75590943564294, 10.671387583808242, 54.04292592428809, 64.74049087490329, 84.87174207310285, 24.40642397913709, 111.47207322840107, 57.15083812222399, 15.090907394288406, 79.8180990498409, 92.47671637498904, 60.05253589826803, 47.68104092580465, 59.15451071387397, 41.096154726831536, 12.094010234245685, 37.09101819098461, 36.199037686309694, 89.66828733063343, 60.006133039920165, 61.69943318990294, 30.402699515668665, 96.5482644914702, 35.49552016213093, 74.12101187421092, 34.11210151244247, 27.013316957679848, 88.01952599804926, 40.41735098164115, 63.86578869917791, 27.15329665303287, 0.0, 39.98150179794707, 8.1899390678706, 70.01354309918283], [8.082379870449538, 20.160308341891387, 44.79068756205083, 29.156094294138246, 64.3553259759139, 8.422784826223708, 52.156464202828026, 72.20813735426944, 35.870071437917055, 31.759654665348368, 16.011551312905333, 61.025439545287405, 48.33878621392391, 45.93953028885924, 78.3052425110018, 37.872968486207, 27.627212115002386, 47.78352648663931, 52.5000175041504, 59.331234106802796, 20.556667157151953, 31.26544447034706, 5.359145967609692, 32.0661827870243, 14.467110886621342, 49.704794899034766, 56.32067363311818, 33.90339477998226, 66.64291918660552, 21.07488042813202, 60.40879487581892, 5.594174784576644, 52.866754737893444, 25.74888744118271, 25.185226456498555, 62.300504224183726, 26.550864246394877, 47.35716960695049, 21.167337658049647, 39.98150179794707, 0.0, 32.826610540222696, 42.9116622519903], [37.968382165564115, 47.82800532734993, 75.5428116294369, 45.1085410643486, 91.63479555132855, 40.71756374760788, 79.22385822032327, 66.3330479165692, 42.609542425361575, 2.8281308055764147, 47.62012355626001, 65.62434220316162, 76.77930029335485, 28.6912116487971, 106.84084470811598, 54.54055181424785, 6.913317142910691, 75.19053464686174, 85.24576841201147, 61.392797682854166, 39.4923359966467, 50.98031342798409, 34.566819978398954, 11.837286077113346, 32.11004928540446, 32.23032471337716, 81.47873677028886, 51.87367693145562, 64.2879560916653, 26.884373894419877, 91.02443768092385, 28.80478105214104, 71.68456497976527, 31.6498411901559, 24.619371113290736, 84.90864187840226, 32.46772180152008, 62.08895166409935, 18.98505426601563, 8.1899390678706, 32.826610540222696, 0.0, 61.90407529345862], [48.19302795564475, 24.631333845252996, 33.047249107345664, 70.77847541341674, 89.88984650167451, 37.82065771416342, 24.28492048938808, 115.03292527813637, 78.69371959277396, 59.3432835435223, 47.951838741508936, 103.4021291536241, 26.064958864229826, 85.25713909610403, 99.23544174346235, 78.10846855924048, 55.00878949028446, 76.16584580134948, 52.55668782521272, 102.07630703443058, 23.904017995255924, 11.864869882766389, 47.47329723793295, 68.077670396287, 57.36097698969837, 52.87042190391442, 22.609376633644974, 10.105613644178135, 109.5537950497072, 63.41177515128407, 78.40977349958129, 47.81341593089724, 89.97945051582094, 68.5402939077673, 66.81686025224082, 94.83107896638514, 29.941630168133457, 87.43683644629532, 42.971885993618585, 70.01354309918283, 42.9116622519903, 61.90407529345862, 0.0]]",Route_3,2094.2581568438595
