instance_id,num_cities,city_coordinates,distance_matrix,best_route,total_distance
1473,43,"[[60.13896656681327, 71.1417698679993], [56.534108334055745, 20.636468619424676], [19.455962969603068, 26.479826732451606], [79.27627356569752, 8.324246738670338], [81.08822783079994, 58.59306978428145], [33.26896837719564, 87.22831233055156], [28.53122143266038, 72.82913516111216], [61.013903928187716, 28.807645472431563], [88.833833329089, 11.75050735847668], [28.693873930224324, 37.594592458681205], [66.16548170083838, 14.189769985477174], [36.99591922396272, 47.98624734913302], [49.92623516808267, 44.40209408774858], [2.33439583438112, 75.75259666217632], [12.011865961682188, 65.11683433158841], [90.60680052084207, 95.96109636332828], [77.79836271791703, 70.59217749762323], [77.85196294763746, 96.91048931419957], [18.66227777722772, 66.9513718870941], [96.27737910861657, 88.98147215419566], [23.50934825092971, 22.68371637393869], [98.67958226027186, 18.057522807040648], [96.80766494978961, 45.675779741533205], [13.271917466944029, 0.6667531020530304], [53.39042036846615, 1.2537929248234714], [39.02416326506921, 31.121088244221994], [59.27286281824837, 34.60267613087936], [85.1140085573101, 70.75093103586757], [68.48335368587207, 62.81894739056413], [17.662770646102864, 98.98619642825565], [0.4494949509312618, 14.67923651581372], [40.644071605117645, 77.29779339615308], [60.30022787390956, 88.15073559983671], [22.23813304232236, 28.71391293425153], [97.76119969598966, 65.23998095500579], [48.08879911877288, 98.11268434523284], [64.70068725523788, 76.03270732909169], [35.87096611302567, 70.46873342268557], [55.04530917770506, 14.041373830693193], [87.8909924943336, 91.28633571765448], [74.29120718508837, 70.15808586977205], [1.7977037088800718, 75.32592124847413], [6.364696511574975, 78.18214341809714]]","[[0.0, 50.633787702358916, 60.41354108420987, 65.66793533584959, 24.420102810960337, 31.31730593632778, 31.652752709645448, 42.34316478164726, 65.95996847315638, 45.980506337533114, 57.26996748104048, 32.73803389690873, 28.62359417430915, 57.98817225337122, 48.50275931196405, 39.29742833229688, 17.667946235915313, 31.269428243638718, 41.68782973706482, 40.301858998087, 60.744644919536334, 65.59966725570918, 44.644261604633584, 84.6359750903241, 70.21304862346528, 45.24919751888522, 36.54935713296905, 24.978099956157234, 11.785506793668855, 50.789165285167705, 82.16356062348962, 20.44376568166267, 17.009730170581353, 56.89109091801407, 38.08232579556599, 29.540425915413905, 6.688091273862673, 24.277331486012944, 57.327136447016265, 34.292542576380285, 14.186386034713843, 58.4911110736767, 54.233190757124135], [50.633787702358916, 0.0, 37.53576558037096, 25.86110761479914, 45.20628668944619, 70.53892816069322, 59.23036481015565, 9.318621128059652, 33.499739436088824, 32.598414314316564, 11.589791896635184, 33.61177219763582, 24.667163227218342, 77.30068826001732, 62.93435468607115, 82.67253411873342, 54.29310604510382, 79.1970779654954, 59.82763420375795, 79.06052795186685, 33.088155009253654, 42.224305014630794, 47.42284748884728, 47.64878483725643, 19.63595913387164, 20.408954529706094, 14.232207431656498, 57.69116084861043, 43.84228529348732, 87.46233898866853, 56.40011057321465, 58.847251360627695, 67.61922731213973, 35.23434443650563, 60.738343530553934, 77.9351477251035, 55.994966509984685, 53.94645550792777, 6.761050081185887, 77.29591130996916, 52.60898340298211, 77.37577282428911, 76.344446888089], [60.41354108420987, 37.53576558037096, 0.0, 62.514755416011994, 69.49673698258516, 62.29909807415144, 47.2294262932168, 41.62308490253227, 70.9241971744354, 14.45257818056469, 48.2993233384017, 27.752048449555392, 35.35032043707925, 52.162763708544965, 39.34759124113052, 99.44892414582165, 73.14188333931253, 91.49082492326006, 40.47932686432498, 99.03527481674853, 5.553412112646108, 79.67005119193047, 79.69799502596327, 26.543496171893707, 42.28356868357792, 20.111085779343753, 40.63700525268304, 79.18907517228213, 61.0263609487782, 72.52854048699498, 22.37185186804624, 55.0581663641593, 73.9699599574211, 3.568138376045368, 87.3731060116992, 77.14340928244094, 67.10121497490178, 46.95185022979057, 37.70035376636943, 94.25092505063238, 70.10488092450362, 51.93991788198279, 53.333955489330364], [65.66793533584959, 25.86110761479914, 62.514755416011994, 0.0, 50.301468653010375, 91.33741674492359, 82.07277835175513, 27.442371771829254, 10.15313796151887, 58.44084437661453, 14.363050730345831, 57.97156764903805, 46.508448945163266, 102.30657321124392, 88.03350802858186, 88.36627327898448, 62.285467177149265, 88.59769203758766, 84.32790931010668, 82.4295189929696, 57.58597335522849, 21.707718703725046, 41.26120092200628, 66.44706338737547, 26.83409608841623, 46.25935976949087, 33.025630847153835, 62.699043550713185, 55.553213396452996, 109.61666325673208, 79.08253234342567, 79.05565866422833, 82.05095145090483, 60.5729969700321, 59.84223671811487, 95.05062908894999, 69.25953617963594, 75.8020972023909, 24.89628842535571, 83.40816261000049, 62.034462587420265, 102.43121191402274, 100.97635266235713], [24.420102810960337, 45.20628668944619, 69.49673698258516, 50.301468653010375, 0.0, 55.73740835717823, 54.450936437746236, 35.9186578477527, 47.47862739328657, 56.44558769870777, 46.84379772266307, 45.35015281618507, 34.241109472837344, 80.60158445584898, 69.38373925454006, 38.561284165182656, 12.44193708300047, 38.45384310866394, 62.98301718823079, 33.97300862649946, 67.85874325407222, 44.18807892868163, 20.345935352948345, 89.18806038779319, 63.67857731597092, 50.24037517303518, 32.42605647124013, 12.807048866571874, 13.294393320221587, 75.19570000448151, 91.82064034192746, 44.56003207139672, 36.13580704331534, 66.00073992525755, 17.949078498042958, 51.48555360842803, 23.93099337282195, 46.75074485081716, 51.60510850984318, 33.393520995212114, 13.41451030473665, 81.03687761538872, 77.24854651478076], [31.31730593632778, 70.53892816069322, 62.29909807415144, 91.33741674492359, 55.73740835717823, 0.0, 15.158580054456221, 64.67422798051899, 93.72488069090682, 49.8441334313077, 80.10498896289687, 39.41864820893904, 45.95159960135206, 32.99454240488944, 30.672167553048144, 57.999038887692734, 47.53554399111092, 45.62223094074563, 24.990192556895437, 63.03279616411349, 65.27828928680209, 95.20055951446257, 75.9195556276879, 88.8413506266989, 88.29773959328132, 56.40162110144536, 58.69974541274998, 54.40048056412815, 42.84705391787648, 19.539735056469116, 79.62717022191516, 12.369614138240216, 27.0469934496684, 59.545060793442865, 68.13761528816258, 18.387412470572766, 33.36606843751583, 16.960361947383408, 76.35795299536245, 54.77255765858917, 44.43215849172846, 33.64680390904736, 28.38437979966947], [31.652752709645448, 59.23036481015565, 47.2294262932168, 82.07277835175513, 54.450936437746236, 15.158580054456221, 0.0, 54.708465675029224, 85.83125174308115, 35.234918125126875, 69.67720354703133, 26.245384042468505, 35.57869133239176, 26.359444200795735, 18.2309815770191, 66.24549153107652, 49.31789928625997, 54.88576465198971, 11.486694475761949, 69.64509939826098, 50.39625219790055, 88.99843845071358, 73.4777343818501, 73.75808933232845, 75.76944890898851, 43.00770868018694, 49.054160731482945, 56.62093898179021, 41.187094225979905, 28.325166842102114, 64.57549128464396, 12.910849922526285, 35.27068485680504, 44.56181990913192, 69.64470656054993, 31.964929286550515, 36.31106074636288, 7.709951254042912, 64.4902917592581, 62.16309735589664, 45.837875173039826, 26.849858671019483, 22.80371733898773], [42.34316478164726, 9.318621128059652, 41.62308490253227, 27.442371771829254, 35.9186578477527, 64.67422798051899, 54.708465675029224, 0.0, 32.6327202744372, 33.49320492888692, 15.499065691188306, 30.73568543562031, 19.134346765687408, 75.14727614716737, 60.988170332292874, 73.38477699972667, 45.029603300810784, 70.15352857040558, 56.996527108476556, 69.74526578433625, 38.001239508099125, 39.169739104785776, 39.56927193911948, 55.41847250391158, 28.589023974257564, 22.111099291748406, 6.050917655930275, 48.37410719579831, 34.82185144200317, 82.48848265727939, 62.19051032440417, 52.59490958766243, 59.34738140288736, 38.775884175371644, 51.74629276538709, 70.49997693258385, 47.36875382217682, 48.66018466031449, 15.926923792531184, 68.01444423466947, 43.42977898665515, 75.30277783448018, 73.65036944001365], [65.95996847315638, 33.499739436088824, 70.9241971744354, 10.15313796151887, 47.47862739328657, 93.72488069090682, 85.83125174308115, 32.6327202744372, 0.0, 65.45786011751152, 22.799214190526257, 63.24712002487466, 50.792984856154185, 107.60306743833847, 93.539187107864, 84.22925093580653, 59.86755178203106, 85.8651501121034, 89.28147990078752, 77.58884131786932, 66.2330990525314, 11.692613731938332, 34.84976466175723, 76.3704965099394, 36.96507184084607, 53.44363980622681, 37.36405485416653, 59.11757006545826, 54.973880971056595, 112.58501503710295, 88.43284867639242, 81.35539221169118, 81.55465354965192, 68.72222657490865, 54.22934312604804, 95.49127408664953, 68.66301750202923, 79.07525134878735, 33.86609563445692, 79.54141651756193, 60.19080662956182, 107.78274959635372, 105.8976902344131], [45.980506337533114, 32.598414314316564, 14.45257818056469, 58.44084437661453, 56.44558769870777, 49.8441334313077, 35.234918125126875, 33.49320492888692, 65.45786011751152, 0.0, 44.1803927542178, 13.300768677844717, 22.296978319150433, 46.37731525518902, 32.18327496656159, 85.0873624991773, 59.161570613894696, 77.03825890827495, 31.02343339776084, 84.90077489068663, 15.786498412688344, 72.66151980953562, 68.59150176922459, 40.018771354256366, 43.938287594491776, 12.191026804836055, 30.72500813224409, 65.44138124446565, 47.111259598472934, 62.374788798215775, 36.37112153775635, 41.46265053213909, 59.622858191489875, 10.979210318932493, 74.39464358102046, 63.55000054019277, 52.66857963352767, 33.64847390776673, 35.343347992797334, 79.91934772306837, 56.03122257357309, 46.336347987503096, 46.32430741065327], [57.26996748104048, 11.589791896635184, 48.2993233384017, 14.363050730345831, 46.84379772266307, 80.10498896289687, 69.67720354703133, 15.499065691188306, 22.799214190526257, 44.1803927542178, 0.0, 44.64375944389602, 34.30011159766551, 88.68139123466851, 74.33828072088525, 85.34593067776645, 57.58954326892773, 83.5421525350709, 70.99535913165624, 80.62583381764712, 43.49359546124552, 32.74333897264701, 43.935318419476175, 54.59488183881784, 18.180805663106103, 31.98938424557011, 21.545183507262934, 59.650746930768854, 48.68438585043898, 97.68800805178037, 65.71780954960602, 68.07323256667318, 74.19316435536886, 46.26621541214779, 60.03676736519469, 85.84766745699987, 61.86028226620126, 63.914625871289175, 11.121162635399417, 80.09917769199765, 56.55510408061862, 88.77409439061644, 87.58514581133214], [32.73803389690873, 33.61177219763582, 27.752048449555392, 57.97156764903805, 45.35015281618507, 39.41864820893904, 26.245384042468505, 30.73568543562031, 63.24712002487466, 13.300768677844717, 44.64375944389602, 0.0, 13.417869615399281, 44.411612871640365, 30.29290226729589, 71.94242650455237, 46.64619462459668, 63.74007970348955, 26.37799001891184, 72.07565430069606, 28.672385152988674, 68.56094251316395, 59.856354611158366, 52.933569643152374, 49.52476112307149, 16.986682004566028, 25.988116408409677, 53.231394350036304, 34.806141979715406, 54.54141032286116, 49.44692202549389, 29.537700443038954, 46.43572889589331, 24.273753866718696, 63.16732251874003, 51.33918260242022, 39.422811785490254, 22.51061304250267, 38.44521967533978, 66.82219792792053, 43.38811965836474, 44.568735054615566, 43.01236966575524], [28.62359417430915, 24.667163227218342, 35.35032043707925, 46.508448945163266, 34.241109472837344, 45.95159960135206, 35.57869133239176, 19.134346765687408, 50.792984856154185, 22.296978319150433, 34.30011159766551, 13.417869615399281, 0.0, 56.98979893659972, 43.20416479564217, 65.67525495248086, 38.24625423712009, 59.47249651120238, 38.5474378008351, 64.30979313749435, 34.19853571300036, 55.4159299178113, 46.8987284851282, 57.06416614015372, 43.28713980328384, 17.182557667421424, 13.542084061334611, 43.959533716933144, 26.144734331423418, 63.406272333894535, 57.71824741584773, 34.18019299826436, 44.96179888320473, 31.823733709787614, 52.17663615526331, 53.742010355425535, 34.91103161608198, 29.61452809733303, 30.789255483742455, 60.32789497448527, 35.45451979741273, 57.20698057655098, 55.124399161198994], [57.98817225337122, 77.30068826001732, 52.162763708544965, 102.30657321124392, 80.60158445584898, 32.99454240488944, 26.359444200795735, 75.14727614716737, 107.60306743833847, 46.37731525518902, 88.68139123466851, 44.411612871640365, 56.98979893659972, 0.0, 14.379599035354126, 90.5560648951896, 75.64020243067365, 78.42550200145176, 18.548889084822765, 94.86984375051237, 57.13741913046469, 112.29922748883537, 99.14541589720767, 75.87827938612003, 90.31494560437774, 57.7763842567178, 70.25172583079362, 82.93057905016401, 67.40151265601834, 27.83449716554958, 61.102439975075804, 38.34082537720921, 59.27690556323223, 51.07637929315782, 96.00411441312583, 50.925818020967874, 62.36692045930239, 33.950268876521534, 81.15858185579864, 86.95532347750469, 72.17396518667655, 0.6856313486362503, 4.705955905848954], [48.50275931196405, 62.93435468607115, 39.34759124113052, 88.03350802858186, 69.38373925454006, 30.672167553048144, 18.2309815770191, 60.988170332292874, 93.539187107864, 32.18327496656159, 74.33828072088525, 30.29290226729589, 43.20416479564217, 14.379599035354126, 0.0, 84.43063566408377, 66.01395714728773, 73.11466930974463, 6.8988046326090755, 87.57966455930502, 43.963184582095224, 98.61983497034082, 86.99587421024647, 64.46239756857962, 76.09647049973707, 43.42090461567168, 56.255805696605734, 73.31893546516265, 56.518220161086624, 34.337536495613186, 51.74591478383673, 31.11557429552888, 53.50071498402299, 37.81202486862178, 85.74942216113472, 48.89040012256096, 53.80769622091127, 24.45198323067324, 66.78757294890399, 80.2650898345815, 62.483042181800805, 14.44141842767167, 14.233510611378765], [39.29742833229688, 82.67253411873342, 99.44892414582165, 88.36627327898448, 38.561284165182656, 57.999038887692734, 66.24549153107652, 73.38477699972667, 84.22925093580653, 85.0873624991773, 85.34593067776645, 71.94242650455237, 65.67525495248086, 90.5560648951896, 84.43063566408377, 0.0, 28.418974706454932, 12.79012230176069, 77.57305245375784, 8.992809106215747, 99.35613981643289, 78.32072891548181, 50.66619965440833, 122.72610152106128, 101.75722223134427, 82.85526609182071, 68.89609121983496, 25.801612340947685, 39.84782225407853, 73.00673068128494, 121.38813981562313, 53.334727507982414, 31.296806240568483, 95.89816667659656, 31.543182456575654, 42.57240625182271, 32.68436008292337, 60.38105776331971, 89.30543436080433, 5.4063851445479125, 30.528575735337927, 91.17492050217064, 86.09775406906337], [17.667946235915313, 54.29310604510382, 73.14188333931253, 62.285467177149265, 12.44193708300047, 47.53554399111092, 49.31789928625997, 45.029603300810784, 59.86755178203106, 59.161570613894696, 57.58954326892773, 46.64619462459668, 38.24625423712009, 75.64020243067365, 66.01395714728773, 28.418974706454932, 0.0, 26.318366397996055, 59.24805488457896, 26.069909948712628, 72.40523281529002, 56.53242673930398, 31.33975827096252, 95.14844777308465, 73.50890575229367, 55.32996864321532, 40.47762783513236, 7.317368156197571, 12.132291603995064, 66.50195294020132, 95.44162778405428, 37.75455777350941, 24.78886212894563, 69.57534164087579, 20.667870428370456, 40.49736369692376, 14.182681952746659, 41.92757832863106, 60.95649957780893, 23.024103896558007, 3.533917864470138, 76.14793824987404, 71.83575885555223], [31.269428243638718, 79.1970779654954, 91.49082492326006, 88.59769203758766, 38.45384310866394, 45.62223094074563, 54.88576465198971, 70.15352857040558, 85.8651501121034, 77.03825890827495, 83.5421525350709, 63.74007970348955, 59.47249651120238, 78.42550200145176, 73.11466930974463, 12.79012230176069, 26.318366397996055, 0.0, 66.33978857053523, 20.059044688840657, 91.99311709687787, 81.55721950392343, 54.62887609488104, 115.90271366263035, 98.73485012639604, 76.39269154399531, 65.0188168556257, 27.14884520112069, 35.355396621034096, 60.22497347392072, 112.92971703131627, 42.06049238098049, 19.61623534816566, 87.99813126813208, 37.408539234133436, 29.78743349126396, 24.674639469609176, 49.61421721496873, 85.95018183343353, 11.50709424298633, 26.98833213916606, 79.05785177286343, 73.89979839285519], [41.68782973706482, 59.82763420375795, 40.47932686432498, 84.32790931010668, 62.98301718823079, 24.990192556895437, 11.486694475761949, 56.996527108476556, 89.28147990078752, 31.02343339776084, 70.99535913165624, 26.37799001891184, 38.5474378008351, 18.548889084822765, 6.8988046326090755, 77.57305245375784, 59.24805488457896, 66.33978857053523, 0.0, 80.6810341558678, 44.5322289674392, 93.77301048060278, 80.98982872863637, 66.503433533562, 74.31161261432275, 41.21183818453914, 51.919723944779555, 66.56026722748022, 49.99216475523363, 32.050413380924994, 55.354147040229066, 24.295013849244416, 46.72399715434153, 38.404296739391356, 79.11743365171061, 42.859626134372256, 46.92553463387516, 17.56447512482758, 64.21209285030716, 73.38123333671297, 55.72127781764741, 18.829416759766477, 16.654150658827422], [40.301858998087, 79.06052795186685, 99.03527481674853, 82.4295189929696, 33.97300862649946, 63.03279616411349, 69.64509939826098, 69.74526578433625, 77.58884131786932, 84.90077489068663, 80.62583381764712, 72.07565430069606, 64.30979313749435, 94.86984375051237, 87.57966455930502, 8.992809106215747, 26.069909948712628, 20.059044688840657, 80.6810341558678, 0.0, 98.44073717929922, 70.96461914911987, 43.308939012789025, 121.1998195691976, 97.64956186768573, 81.39873924476571, 65.7752817008758, 21.37693784275072, 38.17048010187716, 79.24866668603514, 121.25924955647874, 56.84692826441905, 35.98674108873612, 95.46721244696911, 23.787814693593063, 49.04608320258927, 34.128550788146306, 63.179555445848514, 85.5342149524025, 8.697348819633755, 28.943248384788575, 95.46142223002087, 90.55890896508565], [60.744644919536334, 33.088155009253654, 5.553412112646108, 57.58597335522849, 67.85874325407222, 65.27828928680209, 50.39625219790055, 38.001239508099125, 66.2330990525314, 15.786498412688344, 43.49359546124552, 28.672385152988674, 34.19853571300036, 57.13741913046469, 43.963184582095224, 99.35613981643289, 72.40523281529002, 91.99311709687787, 44.5322289674392, 98.44073717929922, 0.0, 75.3124541356718, 76.81977745858059, 24.280684932111363, 36.77118559318359, 17.660654829320926, 37.69735502517896, 78.13828317041826, 60.278503080452474, 76.52614541533305, 24.409599177712394, 57.23893913598433, 75.09660065380253, 6.162731428725692, 85.58255136482575, 79.33270835020845, 67.40060270428475, 49.35805355276401, 32.69872958097749, 94.08143013529816, 69.51699760372065, 56.943807764961385, 58.08626763392133], [65.59966725570918, 42.224305014630794, 79.67005119193047, 21.707718703725046, 44.18807892868163, 95.20055951446257, 88.99843845071358, 39.169739104785776, 11.692613731938332, 72.66151980953562, 32.74333897264701, 68.56094251316395, 55.4159299178113, 112.29922748883537, 98.61983497034082, 78.32072891548181, 56.53242673930398, 81.55721950392343, 93.77301048060278, 70.96461914911987, 75.3124541356718, 0.0, 27.681621891011538, 87.16024366866677, 48.30604023118335, 61.069024533102734, 42.73911131144029, 54.41158020734458, 53.99441962706755, 114.51276775196244, 98.28816241575669, 82.93087577299409, 79.91266059098632, 77.18065696198542, 47.191395226448435, 94.70087765050661, 67.19886402409635, 81.8037728991127, 43.818708790244266, 74.01927255408143, 57.52618108532395, 112.5422936130831, 110.16809036385463], [44.644261604633584, 47.42284748884728, 79.69799502596327, 41.26120092200628, 20.345935352948345, 75.9195556276879, 73.4777343818501, 39.56927193911948, 34.84976466175723, 68.59150176922459, 43.935318419476175, 59.856354611158366, 46.8987284851282, 99.14541589720767, 86.99587421024647, 50.66619965440833, 31.33975827096252, 54.62887609488104, 80.98982872863637, 43.308939012789025, 76.81977745858059, 27.681621891011538, 0.0, 94.88958629139016, 62.1157793139424, 59.58835550281605, 39.134064376527874, 27.667757629759866, 33.10822866929106, 95.42491719490106, 101.22095937834605, 64.4538669511663, 56.00816759200547, 76.47430950643975, 19.58742447677726, 71.57623105667204, 44.18598272342386, 65.78732261886202, 52.39112517369667, 46.4739697479006, 33.262203529327046, 99.52900896914805, 96.10720170408108], [84.6359750903241, 47.64878483725643, 26.543496171893707, 66.44706338737547, 89.18806038779319, 88.8413506266989, 73.75808933232845, 55.41847250391158, 76.3704965099394, 40.018771354256366, 54.59488183881784, 52.933569643152374, 57.06416614015372, 75.87827938612003, 64.46239756857962, 122.72610152106128, 95.14844777308465, 115.90271366263035, 66.503433533562, 121.1998195691976, 24.280684932111363, 87.16024366866677, 94.88958629139016, 0.0, 40.12279764439361, 39.8828872149272, 57.16409576851639, 100.3647251224006, 83.13361500761043, 98.41744015983802, 18.99379400225425, 81.37291415895045, 99.32325595451663, 29.445478369302236, 106.33974123971095, 103.47910302958748, 91.2411388491475, 73.36915875481971, 43.86224725952433, 117.38788315396529, 92.47918169804863, 75.53574630386149, 77.82252525570571], [70.21304862346528, 19.63595913387164, 42.28356868357792, 26.83409608841623, 63.67857731597092, 88.29773959328132, 75.76944890898851, 28.589023974257564, 36.96507184084607, 43.938287594491776, 18.180805663106103, 49.52476112307149, 43.28713980328384, 90.31494560437774, 76.09647049973707, 101.75722223134427, 73.50890575229367, 98.73485012639604, 74.31161261432275, 97.64956186768573, 36.77118559318359, 48.30604023118335, 62.1157793139424, 40.12279764439361, 0.0, 33.142792170501686, 33.863714212504156, 76.39527638015912, 63.3882077401954, 104.05809747079547, 54.61670183817266, 77.10485986291975, 87.17123428073518, 41.52737887927446, 77.86525744364835, 97.00387639195586, 75.62941343505766, 71.39775392497346, 12.894218952503794, 96.41653508996852, 72.00447538727839, 90.26897920499435, 90.16312890467225], [45.24919751888522, 20.408954529706094, 20.111085779343753, 46.25935976949087, 50.24037517303518, 56.40162110144536, 43.00770868018694, 22.111099291748406, 53.44363980622681, 12.191026804836055, 31.98938424557011, 16.986682004566028, 17.182557667421424, 57.7763842567178, 43.42090461567168, 82.85526609182071, 55.32996864321532, 76.39269154399531, 41.21183818453914, 81.39873924476571, 17.660654829320926, 61.069024533102734, 59.58835550281605, 39.8828872149272, 33.142792170501686, 0.0, 20.545833830911736, 60.78485237913507, 43.27352741238538, 71.14760715197822, 41.932559232709856, 46.2051101255969, 60.86913505829799, 16.957750546929923, 67.92744871182232, 67.60208259603561, 51.73332980818207, 39.47378666114924, 23.41780862509709, 77.51015418938, 52.6084743218596, 57.79166507397416, 57.28336305334312], [36.54935713296905, 14.232207431656498, 40.63700525268304, 33.025630847153835, 32.42605647124013, 58.69974541274998, 49.054160731482945, 6.050917655930275, 37.36405485416653, 30.72500813224409, 21.545183507262934, 25.988116408409677, 13.542084061334611, 70.25172583079362, 56.255805696605734, 68.89609121983496, 40.47762783513236, 65.0188168556257, 51.919723944779555, 65.7752817008758, 37.69735502517896, 42.73911131144029, 39.134064376527874, 57.16409576851639, 33.863714212504156, 20.545833830911736, 0.0, 44.43490908940213, 29.68149433270994, 76.65922942775455, 62.1058133619461, 46.58223803509113, 53.557913998293344, 37.4999832208205, 49.193460159872274, 64.48724233692406, 41.78407308058452, 42.825492817491764, 20.991411626265442, 63.4983039955134, 38.597122032886595, 70.43987938344945, 68.54519699418985], [24.978099956157234, 57.69116084861043, 79.18907517228213, 62.699043550713185, 12.807048866571874, 54.40048056412815, 56.62093898179021, 48.37410719579831, 59.11757006545826, 65.44138124446565, 59.650746930768854, 53.231394350036304, 43.959533716933144, 82.93057905016401, 73.31893546516265, 25.801612340947685, 7.317368156197571, 27.14884520112069, 66.56026722748022, 21.37693784275072, 78.13828317041826, 54.41158020734458, 27.667757629759866, 100.3647251224006, 76.39527638015912, 60.78485237913507, 44.43490908940213, 0.0, 18.425391339188607, 73.12249795741985, 101.54858340004031, 44.94926806185497, 30.306383991961546, 75.63389856837891, 13.795724500440171, 46.038371801466944, 21.085560163137707, 49.243851034037576, 64.18800947831305, 20.722318529335528, 10.839026475358727, 83.44181918583732, 79.09915969936954], [11.785506793668855, 43.84228529348732, 61.0263609487782, 55.553213396452996, 13.294393320221587, 42.84705391787648, 41.187094225979905, 34.82185144200317, 54.973880971056595, 47.111259598472934, 48.68438585043898, 34.806141979715406, 26.144734331423418, 67.40151265601834, 56.518220161086624, 39.84782225407853, 12.132291603995064, 35.355396621034096, 49.99216475523363, 38.17048010187716, 60.278503080452474, 53.99441962706755, 33.10822866929106, 83.13361500761043, 63.3882077401954, 43.27352741238538, 29.68149433270994, 18.425391339188607, 0.0, 62.37629007448645, 83.34289230324589, 31.379334097864056, 26.620725796526443, 57.4610634050299, 29.377775111677728, 40.76255296489333, 13.744526803003545, 33.497567815272596, 50.59478948065796, 34.45357227175525, 9.359172820572839, 67.84836260320758, 63.990275521506064], [50.789165285167705, 87.46233898866853, 72.52854048699498, 109.61666325673208, 75.19570000448151, 19.539735056469116, 28.325166842102114, 82.48848265727939, 112.58501503710295, 62.374788798215775, 97.68800805178037, 54.54141032286116, 63.406272333894535, 27.83449716554958, 34.337536495613186, 73.00673068128494, 66.50195294020132, 60.22497347392072, 32.050413380924994, 79.24866668603514, 76.52614541533305, 114.51276775196244, 95.42491719490106, 98.41744015983802, 104.05809747079547, 71.14760715197822, 76.65922942775455, 73.12249795741985, 62.37629007448645, 0.0, 86.04626865725251, 31.599478157902062, 43.99272633307974, 70.42107474697063, 86.91700291097683, 30.438564880409746, 52.33954776985925, 33.83465794766849, 92.80666502573014, 70.64906934225654, 63.54399879785708, 28.486996516051764, 23.67393293896841], [82.16356062348962, 56.40011057321465, 22.37185186804624, 79.08253234342567, 91.82064034192746, 79.62717022191516, 64.57549128464396, 62.19051032440417, 88.43284867639242, 36.37112153775635, 65.71780954960602, 49.44692202549389, 57.71824741584773, 61.102439975075804, 51.74591478383673, 121.38813981562313, 95.44162778405428, 112.92971703131627, 55.354147040229066, 121.25924955647874, 24.409599177712394, 98.28816241575669, 101.22095937834605, 18.99379400225425, 54.61670183817266, 41.932559232709856, 62.1058133619461, 101.54858340004031, 83.34289230324589, 86.04626865725251, 0.0, 74.40892189909461, 94.76376633012889, 25.917501655211165, 109.66292335440777, 96.07623805239533, 88.83954127166992, 66.08440500155048, 54.59954029009278, 116.25258337238577, 92.36071237983859, 60.66166858830802, 63.77780800986435], [20.44376568166267, 58.847251360627695, 55.0581663641593, 79.05565866422833, 44.56003207139672, 12.369614138240216, 12.910849922526285, 52.59490958766243, 81.35539221169118, 41.46265053213909, 68.07323256667318, 29.537700443038954, 34.18019299826436, 38.34082537720921, 31.11557429552888, 53.334727507982414, 37.75455777350941, 42.06049238098049, 24.295013849244416, 56.84692826441905, 57.23893913598433, 82.93087577299409, 64.4538669511663, 81.37291415895045, 77.10485986291975, 46.2051101255969, 46.58223803509113, 44.94926806185497, 31.379334097864056, 31.599478157902062, 74.40892189909461, 0.0, 22.45330340372358, 51.95355632787552, 58.37599816889615, 22.106190376784905, 24.089856771983573, 8.331782291914173, 64.87503572148228, 49.27424124014764, 34.396295676993965, 38.896382588829894, 34.29078056511846], [17.009730170581353, 67.61922731213973, 73.9699599574211, 82.05095145090483, 36.13580704331534, 27.0469934496684, 35.27068485680504, 59.34738140288736, 81.55465354965192, 59.622858191489875, 74.19316435536886, 46.43572889589331, 44.96179888320473, 59.27690556323223, 53.50071498402299, 31.296806240568483, 24.78886212894563, 19.61623534816566, 46.72399715434153, 35.98674108873612, 75.09660065380253, 79.91266059098632, 56.00816759200547, 99.32325595451663, 87.17123428073518, 60.86913505829799, 53.557913998293344, 30.306383991961546, 26.620725796526443, 43.99272633307974, 94.76376633012889, 22.45330340372358, 0.0, 70.57945134066259, 43.9115826206517, 15.759423055673023, 12.892271015507541, 30.15695659668862, 74.29543507062537, 27.768368343107625, 22.792168532077618, 59.891745648518004, 54.8490143341083], [56.89109091801407, 35.23434443650563, 3.568138376045368, 60.5729969700321, 66.00073992525755, 59.545060793442865, 44.56181990913192, 38.775884175371644, 68.72222657490865, 10.979210318932493, 46.26621541214779, 24.273753866718696, 31.823733709787614, 51.07637929315782, 37.81202486862178, 95.89816667659656, 69.57534164087579, 87.99813126813208, 38.404296739391356, 95.46721244696911, 6.162731428725692, 77.18065696198542, 76.47430950643975, 29.445478369302236, 41.52737887927446, 16.957750546929923, 37.4999832208205, 75.63389856837891, 57.4610634050299, 70.42107474697063, 25.917501655211165, 51.95355632787552, 70.57945134066259, 0.0, 83.89211668465066, 74.05704834753939, 63.57780126165065, 43.92401588601631, 35.93875637419125, 90.69512692096785, 66.53677177337076, 50.89686110577552, 51.95259199018407], [38.08232579556599, 60.738343530553934, 87.3731060116992, 59.84223671811487, 17.949078498042958, 68.13761528816258, 69.64470656054993, 51.74629276538709, 54.22934312604804, 74.39464358102046, 60.03676736519469, 63.16732251874003, 52.17663615526331, 96.00411441312583, 85.74942216113472, 31.543182456575654, 20.667870428370456, 37.408539234133436, 79.11743365171061, 23.787814693593063, 85.58255136482575, 47.191395226448435, 19.58742447677726, 106.33974123971095, 77.86525744364835, 67.92744871182232, 49.193460159872274, 13.795724500440171, 29.377775111677728, 86.91700291097683, 109.66292335440777, 58.37599816889615, 43.9115826206517, 83.89211668465066, 0.0, 59.564771528860334, 34.77758510062181, 62.110714577455234, 66.67791744078237, 27.853789448212883, 23.979747797139375, 96.49206575502156, 92.30828978786128], [29.540425915413905, 77.9351477251035, 77.14340928244094, 95.05062908894999, 51.48555360842803, 18.387412470572766, 31.964929286550515, 70.49997693258385, 95.49127408664953, 63.55000054019277, 85.84766745699987, 51.33918260242022, 53.742010355425535, 50.925818020967874, 48.89040012256096, 42.57240625182271, 40.49736369692376, 29.78743349126396, 42.859626134372256, 49.04608320258927, 79.33270835020845, 94.70087765050661, 71.57623105667204, 103.47910302958748, 97.00387639195586, 67.60208259603561, 64.48724233692406, 46.038371801466944, 40.76255296489333, 30.438564880409746, 96.07623805239533, 22.106190376784905, 15.759423055673023, 74.05704834753939, 59.564771528860334, 0.0, 27.631145696328765, 30.22355812879297, 84.35862898264865, 40.38333360547109, 38.314824342517205, 51.59556266458971, 46.239887543377634], [6.688091273862673, 55.994966509984685, 67.10121497490178, 69.25953617963594, 23.93099337282195, 33.36606843751583, 36.31106074636288, 47.36875382217682, 68.66301750202923, 52.66857963352767, 61.86028226620126, 39.422811785490254, 34.91103161608198, 62.36692045930239, 53.80769622091127, 32.68436008292337, 14.182681952746659, 24.674639469609176, 46.92553463387516, 34.128550788146306, 67.40060270428475, 67.19886402409635, 44.18598272342386, 91.2411388491475, 75.62941343505766, 51.73332980818207, 41.78407308058452, 21.085560163137707, 13.744526803003545, 52.33954776985925, 88.83954127166992, 24.089856771983573, 12.892271015507541, 63.57780126165065, 34.77758510062181, 27.631145696328765, 0.0, 29.361720432714527, 62.73875799479749, 27.75722313378626, 11.246743965039759, 62.9069541910679, 58.37557615600417], [24.277331486012944, 53.94645550792777, 46.95185022979057, 75.8020972023909, 46.75074485081716, 16.960361947383408, 7.709951254042912, 48.66018466031449, 79.07525134878735, 33.64847390776673, 63.914625871289175, 22.51061304250267, 29.61452809733303, 33.950268876521534, 24.45198323067324, 60.38105776331971, 41.92757832863106, 49.61421721496873, 17.56447512482758, 63.179555445848514, 49.35805355276401, 81.8037728991127, 65.78732261886202, 73.36915875481971, 71.39775392497346, 39.47378666114924, 42.825492817491764, 49.243851034037576, 33.497567815272596, 33.83465794766849, 66.08440500155048, 8.331782291914173, 30.15695659668862, 43.92401588601631, 62.110714577455234, 30.22355812879297, 29.361720432714527, 0.0, 59.59616046765122, 56.03084605842989, 38.42149692473661, 34.41772050029971, 30.497813684767774], [57.327136447016265, 6.761050081185887, 37.70035376636943, 24.89628842535571, 51.60510850984318, 76.35795299536245, 64.4902917592581, 15.926923792531184, 33.86609563445692, 35.343347992797334, 11.121162635399417, 38.44521967533978, 30.789255483742455, 81.15858185579864, 66.78757294890399, 89.30543436080433, 60.95649957780893, 85.95018183343353, 64.21209285030716, 85.5342149524025, 32.69872958097749, 43.818708790244266, 52.39112517369667, 43.86224725952433, 12.894218952503794, 23.41780862509709, 20.991411626265442, 64.18800947831305, 50.59478948065796, 92.80666502573014, 54.59954029009278, 64.87503572148228, 74.29543507062537, 35.93875637419125, 66.67791744078237, 84.35862898264865, 62.73875799479749, 59.59616046765122, 0.0, 83.93820971080068, 59.32528938140546, 81.18560981088878, 80.52229736423463], [34.292542576380285, 77.29591130996916, 94.25092505063238, 83.40816261000049, 33.393520995212114, 54.77255765858917, 62.16309735589664, 68.01444423466947, 79.54141651756193, 79.91934772306837, 80.09917769199765, 66.82219792792053, 60.32789497448527, 86.95532347750469, 80.2650898345815, 5.4063851445479125, 23.024103896558007, 11.50709424298633, 73.38123333671297, 8.697348819633755, 94.08143013529816, 74.01927255408143, 46.4739697479006, 117.38788315396529, 96.41653508996852, 77.51015418938, 63.4983039955134, 20.722318529335528, 34.45357227175525, 70.64906934225654, 116.25258337238577, 49.27424124014764, 27.768368343107625, 90.69512692096785, 27.853789448212883, 40.38333360547109, 27.75722313378626, 56.03084605842989, 83.93820971080068, 0.0, 25.12682037369843, 87.56020331134185, 82.57273637522341], [14.186386034713843, 52.60898340298211, 70.10488092450362, 62.034462587420265, 13.41451030473665, 44.43215849172846, 45.837875173039826, 43.42977898665515, 60.19080662956182, 56.03122257357309, 56.55510408061862, 43.38811965836474, 35.45451979741273, 72.17396518667655, 62.483042181800805, 30.528575735337927, 3.533917864470138, 26.98833213916606, 55.72127781764741, 28.943248384788575, 69.51699760372065, 57.52618108532395, 33.262203529327046, 92.47918169804863, 72.00447538727839, 52.6084743218596, 38.597122032886595, 10.839026475358727, 9.359172820572839, 63.54399879785708, 92.36071237983859, 34.396295676993965, 22.792168532077618, 66.53677177337076, 23.979747797139375, 38.314824342517205, 11.246743965039759, 38.42149692473661, 59.32528938140546, 25.12682037369843, 0.0, 72.67746947133196, 68.39880373089694], [58.4911110736767, 77.37577282428911, 51.93991788198279, 102.43121191402274, 81.03687761538872, 33.64680390904736, 26.849858671019483, 75.30277783448018, 107.78274959635372, 46.336347987503096, 88.77409439061644, 44.568735054615566, 57.20698057655098, 0.6856313486362503, 14.44141842767167, 91.17492050217064, 76.14793824987404, 79.05785177286343, 18.829416759766477, 95.46142223002087, 56.943807764961385, 112.5422936130831, 99.52900896914805, 75.53574630386149, 90.26897920499435, 57.79166507397416, 70.43987938344945, 83.44181918583732, 67.84836260320758, 28.486996516051764, 60.66166858830802, 38.896382588829894, 59.891745648518004, 50.89686110577552, 96.49206575502156, 51.59556266458971, 62.9069541910679, 34.41772050029971, 81.18560981088878, 87.56020331134185, 72.67746947133196, 0.0, 5.386597102263452], [54.233190757124135, 76.344446888089, 53.333955489330364, 100.97635266235713, 77.24854651478076, 28.38437979966947, 22.80371733898773, 73.65036944001365, 105.8976902344131, 46.32430741065327, 87.58514581133214, 43.01236966575524, 55.124399161198994, 4.705955905848954, 14.233510611378765, 86.09775406906337, 71.83575885555223, 73.89979839285519, 16.654150658827422, 90.55890896508565, 58.08626763392133, 110.16809036385463, 96.10720170408108, 77.82252525570571, 90.16312890467225, 57.28336305334312, 68.54519699418985, 79.09915969936954, 63.990275521506064, 23.67393293896841, 63.77780800986435, 34.29078056511846, 54.8490143341083, 51.95259199018407, 92.30828978786128, 46.239887543377634, 58.37557615600417, 30.497813684767774, 80.52229736423463, 82.57273637522341, 68.39880373089694, 5.386597102263452, 0.0]]",Route_3,2444.8086993176375
