instance_id,num_cities,city_coordinates,distance_matrix,best_route,total_distance
1618,47,"[[30.357312423276316, 49.823099754170286], [18.52915897758365, 35.350702225725925], [6.3338425674912, 47.95313911247807], [64.5171438597435, 14.352206546182444], [8.0692154396096, 96.04579499838117], [38.51354575489726, 81.29907267186091], [62.94476880340923, 70.81711191637582], [53.67459014405623, 11.207082218334874], [87.55245025264891, 72.08886226600723], [59.40973342546009, 86.62649621325889], [29.50600121277036, 92.68988064054177], [78.30403198968243, 64.57794120475427], [76.15968708379442, 91.86485470686063], [83.5857824913075, 32.601513259033595], [18.885599341778082, 64.97475336010703], [40.52277404229835, 69.66757996793234], [25.344037902482263, 30.640745217889908], [70.59287387252219, 58.18396624997655], [31.90780820111774, 85.09052296855063], [10.736323326657072, 86.42766456950558], [34.117540362113594, 4.224842081138791], [45.99287819245197, 59.0319608778474], [54.1300688248487, 59.19790733115756], [7.674808911522735, 91.74921717898742], [2.000887299500964, 98.88707803546555], [60.46934928327905, 55.803559256253685], [98.77075551715461, 74.43503546758326], [33.46533112181697, 53.00775288700142], [42.058149992274906, 19.917754821408284], [59.3093484305373, 3.163372589355473], [87.50581449687037, 12.148579461565712], [82.25488249659001, 28.38122935880133], [10.26478624508923, 83.4638214969465], [34.125366240201224, 97.18200947595521], [88.62201864901675, 91.19066888782045], [43.480407201898416, 79.895666670089], [39.54914829570182, 11.174039074782227], [28.101454094126876, 56.87529811437783], [64.99737476234604, 9.30881967958217], [99.61976066961743, 60.58074390103929], [33.5783538551492, 25.080916597843363], [43.50974927706447, 5.915108701954019], [74.15143964716307, 94.18871451360167], [46.98926002830294, 68.44576460574594], [25.394709375154523, 84.08918954264371], [8.360770787443517, 26.509747453999722], [96.87678246437417, 29.209192307371723]]","[[0.0, 18.69105412105411, 24.0961377966116, 49.24508451348551, 51.31565865106409, 32.51555033018875, 38.76455674961213, 45.10977998877768, 61.37628183227175, 46.88851839217128, 42.87523334440662, 50.16565820769685, 62.17207318438508, 55.945089750511315, 19.004547035341663, 22.2966366271284, 19.826639830702508, 41.09506653719807, 35.30148973257811, 41.53164309836217, 45.75303724309664, 18.14590973518245, 25.55447052932302, 47.66859855166993, 56.668869854512636, 30.70017361048994, 72.70589092721784, 4.449920876479664, 32.112914152464626, 54.912207459368204, 68.44940298157069, 56.15257416687418, 39.184279597767635, 47.508573537872266, 71.45664257155637, 32.81120079303876, 39.72706556120938, 7.404214915364547, 53.30422880801114, 70.09289296831561, 24.95096661949331, 45.835556868378816, 62.33966114989923, 24.968486684428072, 34.62358066989823, 32.05246073874507, 69.64031213868655], [18.69105412105411, 0.0, 17.537022490344285, 50.55523290744065, 61.589810078444245, 50.106171890501855, 56.83847827436093, 42.63936818174673, 78.19147742297636, 65.57765180486635, 58.380411498569124, 66.53771067559936, 80.71633787816252, 65.11468577042348, 29.626195424752964, 40.75987244323009, 8.284097402655942, 56.85057919373015, 51.507650136408905, 51.66802076478484, 34.81115918681763, 36.26372684187059, 42.849900505060894, 57.43352160794127, 65.65100772799285, 46.66153580401266, 89.2541255078993, 23.127055073593375, 28.138750572011126, 51.95236318916747, 72.77442893894468, 64.10570481683857, 48.8177437277502, 63.76795619471258, 89.61646530489273, 51.05701367394044, 32.03671319046323, 23.557102155570146, 53.26795213603004, 84.9249120441942, 18.219406228129625, 38.60678771676346, 80.9675848526661, 43.64928986540983, 49.219670135048055, 13.474368247197699, 78.58796504621515], [24.0961377966116, 17.537022490344285, 0.0, 67.18868370931041, 48.12395525271353, 46.34096009122304, 61.05373225009203, 59.92844965770145, 84.72895235077182, 65.67098857038425, 50.38179213595687, 73.86536542976984, 82.48567953806825, 78.76252051792824, 21.14904134271674, 40.501851526246064, 25.71199154161127, 65.06837118123005, 45.0911631908425, 38.725585159920875, 51.80827949665904, 41.17741369259036, 49.10116146015626, 43.81660238703598, 51.11790914703988, 54.701756679369176, 96.15546635644894, 27.598311390067174, 45.41155043960092, 69.37238216063699, 88.71784216661078, 78.40321393490117, 35.72759272057164, 56.53185354572092, 92.95605361619958, 48.991757785436995, 49.55763043368135, 23.52517444844359, 70.24808491345843, 94.13670335662226, 35.572488780830156, 56.11812577478902, 82.07895531945874, 45.52813051861681, 40.85499705239196, 21.53897592337523, 92.46274659019825], [49.24508451348551, 50.55523290744065, 67.18868370931041, 0.0, 99.29859524243925, 71.81970480618726, 56.486794047659274, 11.289498576782867, 62.16226149622136, 72.45452772756649, 85.80542693769874, 52.08361264640457, 78.38213723550143, 26.394131445472667, 68.15335722488692, 60.2952760979163, 42.42462401010203, 44.250849188680306, 77.89273510647836, 89.92912935464163, 32.042150424416604, 48.36764275474183, 46.032903522111795, 96.02785167471075, 105.14003439230785, 41.64852077118689, 69.16108908031343, 49.58292384701067, 23.13831742246746, 12.341439889490418, 23.09404576920977, 22.615058103530462, 87.86201470402901, 88.22945313363732, 80.5307039807418, 68.83668683358934, 25.169456707729537, 55.98496028062148, 5.066199049189697, 58.0454250813123, 32.74620506747299, 22.63835787298752, 80.41571774069597, 56.862463322932484, 79.96131363009042, 57.457323619888435, 35.6072497748771], [51.31565865106409, 61.589810078444245, 48.12395525271353, 99.29859524243925, 0.0, 33.8278445621626, 60.3971258176702, 96.3195586997167, 83.015174771172, 52.19743266348301, 21.697878824012733, 76.96203790310818, 68.21871143937561, 98.63026302659492, 32.899905610904945, 41.82156972389666, 67.64791222138574, 73.0939528279121, 26.23540527791815, 9.98107696734242, 95.44423830645192, 52.99271754584504, 58.98617668668501, 4.3146422177862975, 6.700559358207177, 66.06974772435139, 93.24051855248595, 49.97234996000244, 83.37101518640733, 106.07872369847139, 115.53750925398587, 100.40919599260894, 12.77210195514735, 26.080912136699137, 80.6989860806375, 38.920163759237916, 90.52182679430982, 43.99566355507383, 103.75026848798421, 98.17979517827881, 75.41041114532048, 96.84819074690422, 66.10831342686271, 47.71301235994502, 21.050728114124098, 69.53665876798603, 111.14816876644394], [32.51555033018875, 50.106171890501855, 46.34096009122304, 71.81970480618726, 33.8278445621626, 0.0, 26.584885949081524, 71.71293044289317, 49.89631379230036, 21.564602958385844, 14.521927036649215, 43.16108238147987, 39.10073793378358, 66.35479498264505, 25.52919272888155, 11.803754522711676, 52.342163477530924, 39.53974503424727, 7.616486327807697, 28.24670849285835, 77.19949406936026, 23.489671801848438, 27.061731323243766, 32.5612224941683, 40.527918280496564, 33.646374439191966, 60.64689880838418, 28.738184461632713, 61.48357829744403, 80.85575450335863, 84.7468766841162, 68.65568207261279, 28.331582224060114, 16.477979274657777, 51.075461147994474, 5.161323574386309, 70.13268004014915, 26.550563391141857, 76.70716866622105, 64.52300867333935, 56.43436179713505, 75.54934859713309, 37.897260427170075, 15.396274246936143, 13.412256339299823, 62.538468130155415, 78.22801950447953], [38.76455674961213, 56.83847827436093, 61.05373225009203, 56.486794047659274, 60.3971258176702, 26.584885949081524, 0.0, 60.326543519230796, 24.640522219690112, 16.19978725075996, 39.957091856660604, 16.578124646472027, 24.85239509044679, 43.433666973939246, 44.444837350908806, 22.45144255427201, 55.02686076249609, 14.767866486959246, 34.16172107041067, 54.492303431174015, 72.56403724584007, 20.645977339103823, 14.584404372657534, 59.10094328499161, 67.09753863361351, 15.216256611890522, 36.008203160333366, 34.44140698432689, 55.01813699174712, 67.75134482957449, 63.6022143164638, 46.622790771079146, 54.17674616992237, 39.05977198381162, 32.77808693780727, 21.47746560864519, 64.0675518256184, 37.52906542960634, 61.54253167614632, 38.076741700568896, 54.35242302904573, 67.74946498116586, 25.919515415279204, 16.1307640346056, 39.826561583736314, 70.30330991503016, 53.68985495675379], [45.10977998877768, 42.63936818174673, 59.92844965770145, 11.289498576782867, 96.3195586997167, 71.71293044289317, 60.326543519230796, 0.0, 69.67281067468521, 75.63715935832052, 84.99157093290768, 58.77974136192967, 83.73324218731892, 36.77500655594062, 64.04089584828394, 59.921615998779174, 34.355311785702455, 49.93051128958311, 77.02308493719318, 86.61310966898381, 20.76607506263171, 48.43787482233832, 47.99298652759785, 92.75244135579888, 101.77403024425952, 45.11113516587309, 77.66233452225717, 46.42962651775565, 14.51955574381844, 9.820985976082186, 33.844322393415645, 33.343431751376365, 84.29381617725006, 88.16949740242464, 87.28514705048298, 69.44093173225673, 14.125480496626583, 52.34091354338197, 11.480803638169768, 67.44417812221491, 24.420114524088856, 11.459885407339033, 85.47077081645953, 57.62777455536106, 78.17642371159842, 47.82796031610123, 46.802835266034265], [61.37628183227175, 78.19147742297636, 84.72895235077182, 62.16226149622136, 83.015174771172, 49.89631379230036, 24.640522219690112, 69.67281067468521, 0.0, 31.675784302833303, 61.59376757600665, 11.914158617172477, 22.822903619879266, 39.68608301063997, 69.03438968760983, 47.09196377745766, 74.75180916849304, 21.9311049473112, 57.143410556835796, 78.14293702830025, 86.37600842052068, 43.562377158355716, 35.822231915916255, 82.26157755310759, 89.65051194584937, 31.602301375636717, 11.46101660846148, 57.354208136861146, 69.22106477205442, 74.48755552238502, 59.94030094660974, 44.02750729352165, 78.1202451689123, 59.02642919043353, 19.131727385985208, 44.75814086477225, 77.55599708074188, 61.36671311416593, 66.70880884505887, 16.675034302860947, 71.57478632778191, 79.49040929559233, 25.84551323951314, 40.726460216162636, 63.30554956510624, 91.37164660640627, 43.88176462901333], [46.88851839217128, 65.57765180486635, 65.67098857038425, 72.45452772756649, 52.19743266348301, 21.564602958385844, 16.19978725075996, 75.63715935832052, 31.675784302833303, 0.0, 30.512257061077502, 29.036757673628586, 17.549967158483152, 59.187668746442405, 45.945657159423135, 25.383500053326017, 65.53530289835922, 30.562070299162162, 27.544783623288417, 48.67381621230061, 86.19586784564059, 30.683389394276027, 27.93210243354914, 51.98792825796688, 58.70347076734966, 30.841145056914772, 41.205846371797946, 42.46565569645738, 68.92846745520743, 83.4631839927413, 79.60119254912829, 62.56526150372202, 49.246607443788896, 27.39923510242491, 29.566692073778583, 17.292989917184887, 78.02253603882684, 43.18960688646808, 77.51931914223667, 47.90853268975547, 66.74667437934961, 82.26261343963765, 16.568193865024504, 22.018336930701853, 34.109526327458944, 78.86710383804835, 68.56038616800082], [42.87523334440662, 58.380411498569124, 50.38179213595687, 85.80542693769874, 21.697878824012733, 14.521927036649215, 39.957091856660604, 84.99157093290768, 61.59376757600665, 30.512257061077502, 0.0, 56.31632930639072, 46.66098019912823, 80.84079810163624, 29.680316980653597, 25.522453092080685, 62.18856120939586, 53.65434961760024, 7.969875396524399, 19.786767246541164, 88.58515304859264, 37.478963103254706, 41.56990476198749, 21.851448579944467, 28.194619113114047, 48.159418902229945, 71.62992085110386, 39.87916193172781, 73.84672460724722, 94.35695601926707, 99.25159714882675, 83.17479850514215, 21.338803170600606, 6.443427250353979, 59.13502476030669, 18.946660229990588, 82.13219362408024, 35.842113137089136, 90.62030083491658, 77.11637911188959, 67.73149987244322, 87.89747439399005, 44.670590727884736, 29.890491817960143, 9.53281741855521, 69.47611674761775, 92.56684048677758], [50.16565820769685, 66.53771067559936, 73.86536542976984, 52.08361264640457, 76.96203790310818, 43.16108238147987, 16.578124646472027, 58.77974136192967, 11.914158617172477, 29.036757673628586, 56.31632930639072, 0.0, 27.371040600365234, 32.409702752868355, 59.419757641883564, 38.12253762312285, 62.900669671849435, 10.017228919724804, 50.728449537266634, 71.01271481282511, 74.79934903579152, 32.78366296640323, 24.765404490453733, 75.67539488296302, 83.66174011864227, 19.876259351705404, 22.71671365440608, 46.30743302350264, 57.51779037450233, 64.2848912399141, 53.230731481989935, 36.411689993556756, 70.61172307700868, 54.907010255863646, 28.54291722013078, 38.04362701940667, 65.98422366627948, 50.790053533512314, 56.84842056495559, 21.687274504682, 59.66909784296046, 68.20535189218792, 29.90053375963546, 31.552733651055622, 56.39224442448614, 79.63194813044328, 39.9486602874397], [62.17207318438508, 80.71633787816252, 82.48567953806825, 78.38213723550143, 68.21871143937561, 39.10073793378358, 24.85239509044679, 83.73324218731892, 22.822903619879266, 17.549967158483152, 46.66098019912823, 27.371040600365234, 0.0, 59.72679911533197, 63.27241640018868, 41.98462310135243, 79.56520460877145, 34.13783321440103, 44.767402818878836, 65.64891135341442, 97.20243779866851, 44.58738920226248, 39.400933129582455, 68.48497579986977, 74.49053098162025, 39.32688304290395, 28.549238420875273, 57.72938933374356, 79.6197212625838, 90.28780007604315, 80.51968173221609, 63.77556032253202, 66.42827195958714, 42.369284436023214, 12.480554256928322, 34.802252741150106, 88.60778339245657, 59.446302060159525, 83.307239396026, 39.103332870269995, 79.20394137211844, 91.94224968474118, 3.0713811499263484, 37.40812205609736, 51.357024159356456, 94.16996917803759, 65.99189398499459], [55.945089750511315, 65.11468577042348, 78.76252051792824, 26.394131445472667, 98.63026302659492, 66.35479498264505, 43.433666973939246, 36.77500655594062, 39.68608301063997, 59.187668746442405, 80.84079810163624, 32.409702752868355, 59.72679911533197, 0.0, 72.34735913787316, 56.81827169096192, 58.27474087510921, 28.69281400298534, 73.659413295405, 90.57758147290032, 57.02931216918998, 45.95427091091503, 39.68636094730932, 96.23370921269377, 105.11836766801802, 32.75216668738661, 44.504235598074516, 54.115379156349896, 43.42144618824596, 38.156904706680294, 20.825204725241992, 4.425165645995486, 89.2353231059675, 81.34478020965159, 58.80521092497182, 62.00949986875227, 48.97307220498165, 60.561764578731704, 29.800645564892243, 32.247880605414515, 50.56977647706949, 48.148235963254436, 62.3056191949934, 51.2261243018783, 77.69930372593623, 75.4712660319797, 13.717088675194255], [19.004547035341663, 29.626195424752964, 21.14904134271674, 68.15335722488692, 32.899905610904945, 25.52919272888155, 44.444837350908806, 64.04089584828394, 69.03438968760983, 45.945657159423135, 29.680316980653597, 59.419757641883564, 63.27241640018868, 72.34735913787316, 0.0, 22.140233751971717, 34.936163838524436, 52.15128981121035, 23.962932010007613, 22.94859688366512, 62.630374002152436, 27.75106032524511, 35.71476696249445, 29.02677617062632, 37.88323198510851, 42.58308420591252, 80.443365883815, 18.86206985198565, 50.66655919801681, 73.8561187930817, 86.59872156498666, 73.17617130178968, 20.40009948546169, 35.63085519083304, 74.50129129586422, 28.766964172123448, 57.632448438204975, 12.269195331966973, 72.28410617114587, 80.85364632739805, 42.51347135678675, 63.98742366420738, 62.51214786694031, 28.317197302181487, 20.19232983097466, 39.878925455119855, 85.8009324091484], [22.2966366271284, 40.75987244323009, 40.501851526246064, 60.2952760979163, 41.82156972389666, 11.803754522711676, 22.45144255427201, 59.921615998779174, 47.09196377745766, 25.383500053326017, 25.522453092080685, 38.12253762312285, 41.98462310135243, 56.81827169096192, 22.140233751971717, 0.0, 41.87466849312695, 32.1882631998505, 17.66592220194093, 34.17796193583256, 65.75544814399288, 11.959867593034087, 17.168940457129338, 39.580140413511714, 48.349920636372154, 24.291499215527207, 58.44275812995439, 18.093019066545303, 49.7735118453328, 69.10676505449806, 74.26871151169486, 58.70376157164764, 33.25480575590468, 28.2483744264744, 52.69516759998339, 10.647128791068498, 58.501643338568364, 17.83063835861248, 65.1320660193754, 59.7915079098706, 45.12422323113517, 63.82240682998799, 41.61938478366336, 6.580902201557806, 20.900745520164875, 53.823721170743596, 69.37330464470895], [19.826639830702508, 8.284097402655942, 25.71199154161127, 42.42462401010203, 67.64791222138574, 52.342163477530924, 55.02686076249609, 34.355311785702455, 74.75180916849304, 65.53530289835922, 62.18856120939586, 62.900669671849435, 79.56520460877145, 58.27474087510921, 34.936163838524436, 41.87466849312695, 0.0, 52.97250401355367, 54.84397302921805, 57.66771797004323, 27.834767538806112, 35.10606403416498, 40.5480836073283, 63.61168916602676, 72.12811257145698, 43.20827131380298, 85.4951619575004, 23.795765077519683, 19.858098247143147, 43.68807990555936, 64.85404122897806, 56.95568140521327, 54.93324328792194, 67.11819109925791, 87.58079757454372, 52.487857439860385, 24.09850222203987, 26.37906574791015, 45.02708264249125, 80.08299765697653, 9.935575146544558, 30.68143039140789, 80.12806541203523, 43.56300186846961, 53.448468344139194, 17.47845829660105, 71.54706764286354], [41.09506653719807, 56.85057919373015, 65.06837118123005, 44.250849188680306, 73.0939528279121, 39.53974503424727, 14.767866486959246, 49.93051128958311, 21.9311049473112, 30.562070299162162, 53.65434961760024, 10.017228919724804, 34.13783321440103, 28.69281400298534, 52.15128981121035, 32.1882631998505, 52.97250401355367, 0.0, 47.12215084703498, 66.18544506169218, 65.13092227017508, 24.614607093113868, 16.493999713647696, 71.31135231058245, 79.75966355906687, 10.399619587502958, 32.52829944362842, 37.48663249058904, 47.733985838371424, 56.16568056355319, 49.04390275377071, 32.00321189119068, 65.41062022402008, 53.392195013584974, 37.60973916946052, 34.7344754400926, 56.335123597148566, 42.51156745020037, 49.19440580563521, 29.125670811845964, 49.657694150937985, 58.86874473970512, 36.18017810762492, 25.737814437156278, 52.0956300256946, 69.82901109658701, 39.120089160045154], [35.30148973257811, 51.507650136408905, 45.0911631908425, 77.89273510647836, 26.23540527791815, 7.616486327807697, 34.16172107041067, 77.02308493719318, 57.143410556835796, 27.544783623288417, 7.969875396524399, 50.728449537266634, 44.767402818878836, 73.659413295405, 23.962932010007613, 17.66592220194093, 54.84397302921805, 47.12215084703498, 0.0, 21.213668222410785, 80.89586677703666, 29.621577522066904, 34.121201792650794, 25.13118507268641, 32.93582926737959, 40.90828611019272, 67.70666981672036, 32.120554381175495, 65.95846531294133, 86.38809163420474, 91.71513193927558, 75.83384384185307, 21.70406775392233, 12.293152956644233, 57.041331041315665, 12.685092809851113, 74.31040754604177, 28.47081391810457, 82.69090620247918, 72.0113725534695, 60.032854167942354, 80.02094264014221, 43.21228398429952, 22.46103671186761, 6.5896225192799855, 63.1361246106156, 85.69533670675254], [41.53164309836217, 51.66802076478484, 38.725585159920875, 89.92912935464163, 9.98107696734242, 28.24670849285835, 54.492303431174015, 86.61310966898381, 78.14293702830025, 48.67381621230061, 19.786767246541164, 71.01271481282511, 65.64891135341442, 90.57758147290032, 22.94859688366512, 34.17796193583256, 57.66771797004323, 66.18544506169218, 21.213668222410785, 0.0, 85.463356680586, 44.64917963149983, 51.229647935752915, 6.139364192614601, 15.216597073599653, 58.405562209768846, 88.84753459651867, 40.41655962868212, 73.51615414567779, 96.39647860112873, 106.82198864936952, 92.11022172600435, 3.001118621122798, 25.74302357491227, 78.03119726099123, 33.38925014711805, 80.58093467314018, 34.27667034105686, 94.29516392722667, 92.56526747080652, 65.46130036413277, 86.92737831576682, 63.88826867413188, 40.46756906215396, 14.843744372564538, 59.964990130301814, 103.4124376874914], [45.75303724309664, 34.81115918681763, 51.80827949665904, 32.042150424416604, 95.44423830645192, 77.19949406936026, 72.56403724584007, 20.76607506263171, 86.37600842052068, 86.19586784564059, 88.58515304859264, 74.79934903579152, 97.20243779866851, 57.02931216918998, 62.630374002152436, 65.75544814399288, 27.834767538806112, 65.13092227017508, 80.89586677703666, 85.463356680586, 0.0, 56.07890797243823, 58.502471729445794, 91.43158252396692, 99.96208441112489, 57.92047909719072, 95.44375037290789, 48.78727050764244, 17.587518061748312, 25.214160926715056, 53.97308059729326, 53.85846965965572, 82.75125218282814, 92.95716772423894, 102.63426906008172, 76.24786534343905, 8.820073899955801, 52.99305439858978, 31.29554282653128, 86.40907669421676, 20.86304307467217, 9.543091194760997, 98.46934261489685, 65.49815308141565, 80.33929160677881, 34.05918651993932, 67.54953904711135], [18.14590973518245, 36.26372684187059, 41.17741369259036, 48.36764275474183, 52.99271754584504, 23.489671801848438, 20.645977339103823, 48.43787482233832, 43.562377158355716, 30.683389394276027, 37.478963103254706, 32.78366296640323, 44.58738920226248, 45.95427091091503, 27.75106032524511, 11.959867593034087, 35.10606403416498, 24.614607093113868, 29.621577522066904, 44.64917963149983, 56.07890797243823, 0.0, 8.138882577684194, 50.385447237199145, 59.36097730304777, 14.832086578558703, 54.97962387756329, 13.900738020837167, 39.3116166219967, 57.43367946554382, 62.620885762174005, 47.48052546893274, 43.282933905989914, 39.95327330738749, 53.39874639854603, 21.014440983847006, 48.289774634911815, 18.02093922473144, 53.23120945927997, 53.649242800552585, 36.14960334809053, 53.174861676229526, 45.04333368439622, 9.466386712479585, 32.43685044799779, 49.738012362059564, 58.97939673447242], [25.55447052932302, 42.849900505060894, 49.10116146015626, 46.032903522111795, 58.98617668668501, 27.061731323243766, 14.584404372657534, 47.99298652759785, 35.822231915916255, 27.93210243354914, 41.56990476198749, 24.765404490453733, 39.400933129582455, 39.68636094730932, 35.71476696249445, 17.168940457129338, 40.5480836073283, 16.493999713647696, 34.121201792650794, 51.229647935752915, 58.502471729445794, 8.138882577684194, 0.0, 56.72458855226802, 65.51856101669476, 7.190832746229088, 47.16949207068563, 21.571958566101664, 41.0933279923811, 56.27338643589993, 57.68517705740207, 41.72137084663054, 50.129807561006906, 42.92994457539659, 47.04499330103485, 23.276866935557795, 50.18859597341802, 26.13203586355681, 51.05897967102101, 45.510705346226196, 39.828909662364815, 54.33091032789071, 40.31391666513691, 11.683921192818039, 38.01705949748054, 56.24361687330797, 52.21689913962176], [47.66859855166993, 57.43352160794127, 43.81660238703598, 96.02785167471075, 4.3146422177862975, 32.5612224941683, 59.10094328499161, 92.75244135579888, 82.26157755310759, 51.98792825796688, 21.851448579944467, 75.67539488296302, 68.48497579986977, 96.23370921269377, 29.02677617062632, 39.580140413511714, 63.61168916602676, 71.31135231058245, 25.13118507268641, 6.139364192614601, 91.43158252396692, 50.385447237199145, 56.72458855226802, 0.0, 9.11824786161302, 63.86981929333445, 92.72676192077267, 46.54086474666008, 79.63650625375054, 102.53573783320185, 112.7353138009028, 97.86566944712176, 8.680769792845025, 27.002726068671286, 80.94913674943923, 37.71667441064708, 86.65063668376717, 40.41581453269185, 100.41063537087054, 97.08423085278335, 71.52381381766669, 93.01417703258504, 66.5213768739664, 45.70204556086101, 19.3046858516415, 65.24307590612818, 108.94148335994842], [56.668869854512636, 65.65100772799285, 51.11790914703988, 105.14003439230785, 6.700559358207177, 40.527918280496564, 67.09753863361351, 101.77403024425952, 89.65051194584937, 58.70347076734966, 28.194619113114047, 83.66174011864227, 74.49053098162025, 105.11836766801802, 37.88323198510851, 48.349920636372154, 72.12811257145698, 79.75966355906687, 32.93582926737959, 15.216597073599653, 99.96208441112489, 59.36097730304777, 65.51856101669476, 9.11824786161302, 0.0, 72.62747852670644, 99.8113709985169, 55.63203844122713, 88.54794352961645, 111.56741236374152, 121.79761783336268, 106.82592589213101, 17.497681790336276, 32.169697014490595, 86.96237755511301, 45.620437053828624, 95.41199666476521, 49.4593695788638, 109.5117427618143, 104.86572210626858, 80.27755514606453, 101.8173497220578, 72.30336661495308, 54.319676399183756, 27.6811924445701, 72.65621859193467, 117.7133944921873], [30.70017361048994, 46.66153580401266, 54.701756679369176, 41.64852077118689, 66.06974772435139, 33.646374439191966, 15.216256611890522, 45.11113516587309, 31.602301375636717, 30.841145056914772, 48.159418902229945, 19.876259351705404, 39.32688304290395, 32.75216668738661, 42.58308420591252, 24.291499215527207, 43.20827131380298, 10.399619587502958, 40.90828611019272, 58.405562209768846, 57.92047909719072, 14.832086578558703, 7.190832746229088, 63.86981929333445, 72.62747852670644, 0.0, 42.59260059336248, 27.14836146287516, 40.33315285554851, 52.65296624411819, 51.34907703279922, 35.02275880613897, 57.32005109104031, 49.052844822276, 45.21968952229849, 29.479718327763656, 49.289439852660074, 32.38563359201043, 46.71470671043097, 39.44079366404674, 40.828989787062746, 52.69236691475907, 40.75070233574137, 18.4807511324852, 45.05893080603384, 59.77818467269249, 45.086156902620246], [72.70589092721784, 89.2541255078993, 96.15546635644894, 69.16108908031343, 93.24051855248595, 60.64689880838418, 36.008203160333366, 77.66233452225717, 11.46101660846148, 41.205846371797946, 71.62992085110386, 22.71671365440608, 28.549238420875273, 44.504235598074516, 80.443365883815, 58.44275812995439, 85.4951619575004, 32.52829944362842, 67.70666981672036, 88.84753459651867, 95.44375037290789, 54.97962387756329, 47.16949207068563, 92.72676192077267, 99.8113709985169, 42.59260059336248, 0.0, 68.73082928528702, 78.66672431514115, 81.46688025623348, 63.296931189276805, 48.9257306408059, 88.96530545078686, 68.53065869599087, 19.58948981806494, 55.55934763792797, 86.65536582637002, 72.8182294451898, 73.36256014122296, 13.88028114123485, 81.7672201060343, 88.0270366116824, 31.564514090343984, 52.12671714695277, 74.00842410386761, 102.32692006511057, 45.26548379810726], [4.449920876479664, 23.127055073593375, 27.598311390067174, 49.58292384701067, 49.97234996000244, 28.738184461632713, 34.44140698432689, 46.42962651775565, 57.354208136861146, 42.46565569645738, 39.87916193172781, 46.30743302350264, 57.72938933374356, 54.115379156349896, 18.86206985198565, 18.093019066545303, 23.795765077519683, 37.48663249058904, 32.120554381175495, 40.41655962868212, 48.78727050764244, 13.900738020837167, 21.571958566101664, 46.54086474666008, 55.63203844122713, 27.14836146287516, 68.73082928528702, 0.0, 34.187490520970606, 56.146019252568486, 67.74840143072937, 54.65241060041735, 38.2862559902472, 44.17918731194846, 67.0834946413703, 28.69253659920242, 42.273779612520045, 6.612796901008193, 53.88753603213566, 66.58647566656154, 27.927064995442784, 48.151920755219564, 57.88981799442595, 20.523860721018828, 32.11215719873713, 36.50182518052467, 67.73022698198939], [32.112914152464626, 28.138750572011126, 45.41155043960092, 23.13831742246746, 83.37101518640733, 61.48357829744403, 55.01813699174712, 14.51955574381844, 69.22106477205442, 68.92846745520743, 73.84672460724722, 57.51779037450233, 79.6197212625838, 43.42144618824596, 50.66655919801681, 49.7735118453328, 19.858098247143147, 47.733985838371424, 65.95846531294133, 73.51615414567779, 17.587518061748312, 39.3116166219967, 41.0933279923811, 79.63650625375054, 88.54794352961645, 40.33315285554851, 78.66672431514115, 34.187490520970606, 0.0, 24.048142787625693, 46.10694410492037, 41.078068421830196, 71.05575675687938, 77.67041975797376, 85.13531666588479, 59.9947724830959, 9.096573781990838, 39.50505495053893, 25.27365303820004, 70.47565327586643, 9.927999902138005, 14.077685847832702, 80.90831041661893, 48.77790052694137, 66.29964771687763, 34.33609954759484, 55.600479104650375], [54.912207459368204, 51.95236318916747, 69.37238216063699, 12.341439889490418, 106.07872369847139, 80.85575450335863, 67.75134482957449, 9.820985976082186, 74.48755552238502, 83.4631839927413, 94.35695601926707, 64.2848912399141, 90.28780007604315, 38.156904706680294, 73.8561187930817, 69.10676505449806, 43.68807990555936, 56.16568056355319, 86.38809163420474, 96.39647860112873, 25.214160926715056, 57.43367946554382, 56.27338643589993, 102.53573783320185, 111.56741236374152, 52.65296624411819, 81.46688025623348, 56.146019252568486, 24.048142787625693, 0.0, 29.593489844327024, 34.094542578258356, 94.09320472129174, 97.33312406872317, 92.77951028624304, 78.34794404010788, 21.322201736910085, 62.120074150938564, 8.373778328217519, 70.15471376342686, 33.80033753089834, 16.037436984873803, 92.22743921474004, 66.43474456653348, 87.74503172153969, 56.04293696064517, 45.71320186412334], [68.44940298157069, 72.77442893894468, 88.71784216661078, 23.09404576920977, 115.53750925398587, 84.7468766841162, 63.6022143164638, 33.844322393415645, 59.94030094660974, 79.60119254912829, 99.25159714882675, 53.230731481989935, 80.51968173221609, 20.825204725241992, 86.59872156498666, 74.26871151169486, 64.85404122897806, 49.04390275377071, 91.71513193927558, 106.82198864936952, 53.97308059729326, 62.620885762174005, 57.68517705740207, 112.7353138009028, 121.79761783336268, 51.34907703279922, 63.296931189276805, 67.74840143072937, 46.10694410492037, 29.593489844327024, 0.0, 17.060809170663383, 105.12868396378505, 100.39998245067082, 79.04997035152714, 80.79544735149022, 47.966567128529995, 74.3596489791799, 22.68687054007416, 49.924164932109, 55.456436552222975, 44.43545782971464, 83.11993194765496, 69.36111476297435, 95.04336251563566, 80.43743587331709, 19.46482857161767], [56.15257416687418, 64.10570481683857, 78.40321393490117, 22.615058103530462, 100.40919599260894, 68.65568207261279, 46.622790771079146, 33.343431751376365, 44.02750729352165, 62.56526150372202, 83.17479850514215, 36.411689993556756, 63.77556032253202, 4.425165645995486, 73.17617130178968, 58.70376157164764, 56.95568140521327, 32.00321189119068, 75.83384384185307, 92.11022172600435, 53.85846965965572, 47.48052546893274, 41.72137084663054, 97.86566944712176, 106.82592589213101, 35.02275880613897, 48.9257306408059, 54.65241060041735, 41.078068421830196, 34.094542578258356, 17.060809170663383, 0.0, 90.64582679284027, 83.96426430215982, 63.1313402101765, 64.47633043123062, 46.042014846304816, 61.19236686048532, 25.721166073284145, 36.583435195725926, 48.788282454920974, 44.78740811396439, 66.30453143197073, 53.37444250415568, 79.60185999864692, 73.91780698724646, 14.645322847656578], [39.184279597767635, 48.8177437277502, 35.72759272057164, 87.86201470402901, 12.77210195514735, 28.331582224060114, 54.17674616992237, 84.29381617725006, 78.1202451689123, 49.246607443788896, 21.338803170600606, 70.61172307700868, 66.42827195958714, 89.2353231059675, 20.40009948546169, 33.25480575590468, 54.93324328792194, 65.41062022402008, 21.70406775392233, 3.001118621122798, 82.75125218282814, 43.282933905989914, 50.129807561006906, 8.680769792845025, 17.497681790336276, 57.32005109104031, 88.96530545078686, 38.2862559902472, 71.05575675687938, 94.09320472129174, 105.12868396378505, 90.64582679284027, 0.0, 27.523007814019127, 78.73728494560227, 33.40672394017181, 77.99606723005468, 32.01712503680326, 92.16626573932926, 92.23853150754516, 62.8656187368466, 84.37434694951796, 64.7806129419552, 39.67655488372558, 15.142841844061632, 56.985891455275286, 102.20177433678776], [47.508573537872266, 63.76795619471258, 56.53185354572092, 88.22945313363732, 26.080912136699137, 16.477979274657777, 39.05977198381162, 88.16949740242464, 59.02642919043353, 27.39923510242491, 6.443427250353979, 54.907010255863646, 42.369284436023214, 81.34478020965159, 35.63085519083304, 28.2483744264744, 67.11819109925791, 53.392195013584974, 12.293152956644233, 25.74302357491227, 92.95716772423894, 39.95327330738749, 42.92994457539659, 27.002726068671286, 32.169697014490595, 49.052844822276, 68.53065869599087, 44.17918731194846, 77.67041975797376, 97.33312406872317, 100.39998245067082, 83.96426430215982, 27.523007814019127, 0.0, 54.8250060265413, 19.655392109977225, 86.17881633159404, 40.75436784357149, 93.13849040638775, 75.027783809476, 72.10316786915476, 91.7480998270479, 40.137842083389955, 31.48414732261604, 15.736781853393854, 75.2222240972985, 92.50969739423579], [71.45664257155637, 89.61646530489273, 92.95605361619958, 80.5307039807418, 80.6989860806375, 51.075461147994474, 32.77808693780727, 87.28514705048298, 19.131727385985208, 29.566692073778583, 59.13502476030669, 28.54291722013078, 12.480554256928322, 58.80521092497182, 74.50129129586422, 52.69516759998339, 87.58079757454372, 37.60973916946052, 57.041331041315665, 78.03119726099123, 102.63426906008172, 53.39874639854603, 47.04499330103485, 80.94913674943923, 86.96237755511301, 45.21968952229849, 19.58948981806494, 67.0834946413703, 85.13531666588479, 92.77951028624304, 79.04997035152714, 63.1313402101765, 78.73728494560227, 54.8250060265413, 0.0, 46.53323714444508, 93.86590249579478, 69.57214532671415, 85.2218342241745, 32.52564891355829, 86.02502183540429, 96.47299110580593, 14.77788666295538, 47.440670960383265, 63.624866576697805, 103.08001506511815, 62.528749905463876], [32.81120079303876, 51.05701367394044, 48.991757785436995, 68.83668683358934, 38.920163759237916, 5.161323574386309, 21.47746560864519, 69.44093173225673, 44.75814086477225, 17.292989917184887, 18.946660229990588, 38.04362701940667, 34.802252741150106, 62.00949986875227, 28.766964172123448, 10.647128791068498, 52.487857439860385, 34.7344754400926, 12.685092809851113, 33.38925014711805, 76.24786534343905, 21.014440983847006, 23.276866935557795, 37.71667441064708, 45.620437053828624, 29.479718327763656, 55.55934763792797, 28.69253659920242, 59.9947724830959, 78.34794404010788, 80.79544735149022, 64.47633043123062, 33.40672394017181, 19.655392109977225, 46.53323714444508, 0.0, 68.83398067768259, 27.6848255752463, 73.79351503390103, 59.3691270724764, 55.701952263494505, 73.98056378694308, 33.837899578954655, 11.975487691130352, 18.56550834108585, 63.90184060283645, 73.62262949999497], [39.72706556120938, 32.03671319046323, 49.55763043368135, 25.169456707729537, 90.52182679430982, 70.13268004014915, 64.0675518256184, 14.125480496626583, 77.55599708074188, 78.02253603882684, 82.13219362408024, 65.98422366627948, 88.60778339245657, 48.97307220498165, 57.632448438204975, 58.501643338568364, 24.09850222203987, 56.335123597148566, 74.31040754604177, 80.58093467314018, 8.820073899955801, 48.289774634911815, 50.18859597341802, 86.65063668376717, 95.41199666476521, 49.289439852660074, 86.65536582637002, 42.273779612520045, 9.096573781990838, 21.322201736910085, 47.966567128529995, 46.042014846304816, 77.99606723005468, 86.17881633159404, 93.86590249579478, 68.83398067768259, 0.0, 47.11321237547904, 25.51649023063011, 77.77853786724276, 15.134451714309213, 6.583517965330226, 89.93750555237754, 57.752972286174405, 74.27629035504118, 34.754839131983246, 60.09762384237927], [7.404214915364547, 23.557102155570146, 23.52517444844359, 55.98496028062148, 43.99566355507383, 26.550563391141857, 37.52906542960634, 52.34091354338197, 61.36671311416593, 43.18960688646808, 35.842113137089136, 50.790053533512314, 59.446302060159525, 60.561764578731704, 12.269195331966973, 17.83063835861248, 26.37906574791015, 42.51156745020037, 28.47081391810457, 34.27667034105686, 52.99305439858978, 18.02093922473144, 26.13203586355681, 40.41581453269185, 49.4593695788638, 32.38563359201043, 72.8182294451898, 6.612796901008193, 39.50505495053893, 62.120074150938564, 74.3596489791799, 61.19236686048532, 32.01712503680326, 40.75436784357149, 69.57214532671415, 27.6848255752463, 47.11321237547904, 0.0, 60.19866138580992, 71.61423394761508, 32.26265839963029, 53.2386745270264, 59.26965676310863, 22.150054352867144, 27.348169109524097, 36.218244633371675, 74.13136450221188], [53.30422880801114, 53.26795213603004, 70.24808491345843, 5.066199049189697, 103.75026848798421, 76.70716866622105, 61.54253167614632, 11.480803638169768, 66.70880884505887, 77.51931914223667, 90.62030083491658, 56.84842056495559, 83.307239396026, 29.800645564892243, 72.28410617114587, 65.1320660193754, 45.02708264249125, 49.19440580563521, 82.69090620247918, 94.29516392722667, 31.29554282653128, 53.23120945927997, 51.05897967102101, 100.41063537087054, 109.5117427618143, 46.71470671043097, 73.36256014122296, 53.88753603213566, 25.27365303820004, 8.373778328217519, 22.68687054007416, 25.721166073284145, 92.16626573932926, 93.13849040638775, 85.2218342241745, 73.79351503390103, 25.51649023063011, 60.19866138580992, 0.0, 61.86695256179074, 35.15556735377622, 21.753972584229203, 85.37208824287742, 61.818043089979696, 84.6195888823985, 59.19101980968628, 37.58086569195827], [70.09289296831561, 84.9249120441942, 94.13670335662226, 58.0454250813123, 98.17979517827881, 64.52300867333935, 38.076741700568896, 67.44417812221491, 16.675034302860947, 47.90853268975547, 77.11637911188959, 21.687274504682, 39.103332870269995, 32.247880605414515, 80.85364632739805, 59.7915079098706, 80.08299765697653, 29.125670811845964, 72.0113725534695, 92.56526747080652, 86.40907669421676, 53.649242800552585, 45.510705346226196, 97.08423085278335, 104.86572210626858, 39.44079366404674, 13.88028114123485, 66.58647566656154, 70.47565327586643, 70.15471376342686, 49.924164932109, 36.583435195725926, 92.23853150754516, 75.027783809476, 32.52564891355829, 59.3691270724764, 77.77853786724276, 71.61423394761508, 61.86695256179074, 0.0, 74.97803113306475, 78.33686903490523, 42.16789139140878, 53.21492411383173, 77.85888039363218, 97.41168324800114, 31.491239715650853], [24.95096661949331, 18.219406228129625, 35.572488780830156, 32.74620506747299, 75.41041114532048, 56.43436179713505, 54.35242302904573, 24.420114524088856, 71.57478632778191, 66.74667437934961, 67.73149987244322, 59.66909784296046, 79.20394137211844, 50.56977647706949, 42.51347135678675, 45.12422323113517, 9.935575146544558, 49.657694150937985, 60.032854167942354, 65.46130036413277, 20.86304307467217, 36.14960334809053, 39.828909662364815, 71.52381381766669, 80.27755514606453, 40.828989787062746, 81.7672201060343, 27.927064995442784, 9.927999902138005, 33.80033753089834, 55.456436552222975, 48.788282454920974, 62.8656187368466, 72.10316786915476, 86.02502183540429, 55.701952263494505, 15.134451714309213, 32.26265839963029, 35.15556735377622, 74.97803113306475, 0.0, 21.586125343112734, 80.13777525893396, 45.391215528267416, 59.57305022325954, 25.25802948355515, 63.43290727005213], [45.835556868378816, 38.60678771676346, 56.11812577478902, 22.63835787298752, 96.84819074690422, 75.54934859713309, 67.74946498116586, 11.459885407339033, 79.49040929559233, 82.26261343963765, 87.89747439399005, 68.20535189218792, 91.94224968474118, 48.148235963254436, 63.98742366420738, 63.82240682998799, 30.68143039140789, 58.86874473970512, 80.02094264014221, 86.92737831576682, 9.543091194760997, 53.174861676229526, 54.33091032789071, 93.01417703258504, 101.8173497220578, 52.69236691475907, 88.0270366116824, 48.151920755219564, 14.077685847832702, 16.037436984873803, 44.43545782971464, 44.78740811396439, 84.37434694951796, 91.7480998270479, 96.47299110580593, 73.98056378694308, 6.583517965330226, 53.2386745270264, 21.753972584229203, 78.33686903490523, 21.586125343112734, 0.0, 93.44058364397745, 62.62738955781576, 80.24550819787034, 40.73806370203547, 58.22932733796266], [62.33966114989923, 80.9675848526661, 82.07895531945874, 80.41571774069597, 66.10831342686271, 37.897260427170075, 25.919515415279204, 85.47077081645953, 25.84551323951314, 16.568193865024504, 44.670590727884736, 29.90053375963546, 3.0713811499263484, 62.3056191949934, 62.51214786694031, 41.61938478366336, 80.12806541203523, 36.18017810762492, 43.21228398429952, 63.88826867413188, 98.46934261489685, 45.04333368439622, 40.31391666513691, 66.5213768739664, 72.30336661495308, 40.75070233574137, 31.564514090343984, 57.88981799442595, 80.90831041661893, 92.22743921474004, 83.11993194765496, 66.30453143197073, 64.7806129419552,