instance_id,num_cities,city_coordinates,distance_matrix,best_route,total_distance
2534,60,"[[35.990000587768634, 1.0023886495756251], [94.5834621942696, 53.01358020798024], [58.466277961457976, 66.38390933842348], [32.048290733118826, 15.529270009987496], [68.34283001080249, 32.12725257710598], [53.02133778946623, 95.00652300931091], [19.764341174982846, 7.8825812590526905], [52.1599097977879, 59.244034416772685], [18.493636619265963, 24.144550341593884], [69.45798555435375, 70.94869662735721], [99.60644287797923, 23.947458464706195], [39.80073864862135, 56.732487699076685], [74.20679519949158, 35.7569928629153], [18.16844744032604, 11.061523694654385], [35.51622239617216, 84.96570265315437], [37.92423004456494, 93.50591828072218], [31.807011378109273, 76.7291096090458], [21.087214495140294, 41.99418603257472], [14.658472781623699, 45.451733670196795], [78.03361598210502, 89.69524400635306], [45.88344741989129, 74.28257401492027], [75.81307621180096, 46.01175742852016], [61.52646769512163, 93.15588262583951], [34.075255540199855, 53.93926016724288], [56.00521682471557, 35.8643736672535], [66.66870052340775, 36.817312229998], [55.71278969196184, 89.10859233103389], [87.8703791934417, 28.219667964300076], [43.199844642486404, 85.90714102391726], [95.93961693470104, 42.68584334129737], [21.51760930369403, 10.877708284015252], [87.08543580807333, 15.59865563456505], [4.089626844586524, 76.63242111404594], [40.34122255752087, 1.4849357640110639], [65.47498349615377, 31.454826747442976], [42.745344797893466, 53.321602311842184], [50.06623383054711, 91.06565414046351], [4.191452948763885, 93.01087362849341], [34.42717972959862, 35.81876768096447], [42.72488685761093, 76.9984479783485], [8.585667085058379, 16.235707916461305], [53.175385860606006, 70.88446236260717], [98.0458845983693, 46.86369127620233], [37.39419654727549, 14.570176770520415], [14.909599334490242, 76.0679605716691], [98.90827860946067, 85.86121930793941], [31.76419451705327, 80.00073355062908], [56.02591688988493, 91.36427848080176], [52.31379007022188, 27.608051974359928], [72.89828739762312, 4.322866469955944], [26.14609129679877, 40.58405739371634], [88.55780358961222, 23.42849914688022], [17.331461489132984, 48.8049394009632], [54.509658920229455, 98.66950523136096], [33.91115601340697, 97.60170202782655], [31.804998132785222, 47.05251628003108], [59.992497204766394, 41.06103990015709], [97.87123529892696, 74.3289142584644], [40.09268842373687, 76.15984633769523], [56.58382534963565, 95.61741920526201]]","[[0.0, 78.34767252674175, 69.13701101555708, 15.052154617785629, 44.893905223128066, 95.53451587568283, 17.624104905589583, 60.44464629338093, 29.011763129769207, 77.54090544639158, 67.62786377289255, 55.86023330273184, 51.656615301629124, 20.464455879457258, 83.96465068252469, 92.52374958794066, 75.84216285155367, 43.61674547706979, 49.30292436870813, 98.15339111189752, 73.94501915206534, 60.09759254775872, 95.62623909972737, 52.97148869604478, 40.19909054175904, 47.1581528562398, 90.28671849838764, 58.58629513430345, 85.21032112978816, 73.016894587357, 17.5206177791112, 53.13938755997707, 82.08249299047597, 4.377897251844145, 42.38767749254736, 52.75352873159451, 91.15663515722406, 97.34838950935858, 34.85143695591423, 76.29390360028826, 31.35365226914782, 71.96416951101034, 77.16340984526384, 13.640258090943366, 77.96937478901707, 105.63962727082956, 79.1112882846253, 92.55651827902808, 31.214218299025582, 37.05735025867495, 40.78738837802353, 57.15159091817087, 51.31495824449534, 99.40746152151324, 96.6216794509073, 46.239901603803766, 46.69920110520843, 95.94824942253238, 75.2693529507255, 96.83031356644445], [78.34767252674175, 0.0, 38.51255247270993, 72.90899245425676, 33.5381791290498, 59.0831399821995, 87.37681578214426, 42.87862355049294, 81.38232265953573, 30.870017449939386, 29.496945064595224, 54.90880687108632, 26.702029222775025, 87.1735597847346, 67.15561738318952, 69.64120928294793, 67.10669945576673, 74.3177332394142, 80.28191238175974, 40.242289555431036, 53.141900009167145, 20.033794252857376, 52.00162813531485, 60.51528696022676, 42.21819869167823, 32.27310049492659, 53.04506650900774, 25.68664181482892, 61.010347449098084, 10.416395944252269, 84.34483126677064, 38.15883882565668, 93.52531145118733, 74.81591915524042, 36.22269154674857, 51.83903252199969, 58.56401584378406, 98.84583358142223, 62.565484876315786, 57.13655325542444, 93.53198733020244, 45.099858255199365, 7.057584769424733, 68.90941425594734, 82.94232259198299, 33.13112481438372, 68.37080398124186, 54.38253725151734, 49.31699551172776, 53.301335914584165, 69.556931881361, 30.19247560256927, 77.36655782952295, 60.74844194369953, 75.2942849406633, 63.06084231178793, 36.597787893739884, 21.567404054995528, 59.20299031179903, 57.08817301009351], [69.13701101555708, 38.51255247270993, 0.0, 57.3071059330516, 35.651995916724374, 29.135912321899955, 70.14446020944558, 9.526179365966685, 58.15475478698683, 11.90188719493399, 59.104699746432914, 21.013145825875316, 34.435038779106776, 68.44327211660604, 29.529444512910903, 34.02321415866027, 28.5961477021178, 44.63242082337533, 48.55182563899957, 30.435161264801526, 14.856531496601809, 26.756980079565775, 26.94630429035006, 27.382316697972843, 30.618603487138344, 30.683275582257128, 22.89089152402959, 48.17790457173392, 24.783473560582138, 44.337901008141124, 66.67940065022793, 58.29406650436004, 55.33400564120611, 67.38244878607537, 35.625310720323725, 20.439461939834363, 26.072001608512533, 60.45454372884824, 38.88580882971987, 18.985779531605647, 70.73130457767962, 6.94611522697016, 44.13144201959981, 55.934743207992945, 44.62023197273939, 44.88787163657523, 29.973641118457074, 25.099286935073156, 39.2609248690095, 63.71699881732759, 41.354888784848924, 52.44680332826399, 44.7335814603972, 32.52713538569718, 39.71781205306007, 32.9321514584282, 25.368820661712494, 40.19793235910555, 20.812441872937086, 29.294056171351595], [15.052154617785629, 72.90899245425676, 57.3071059330516, 0.0, 39.90973072669986, 82.1979467331528, 14.469528865878877, 48.11920457097243, 16.060874924435225, 66.86402704904901, 68.08061264477035, 41.926192250394635, 46.760028557048905, 14.581179889523943, 69.52297985722892, 78.1977259153338, 61.200315217142624, 28.645016536517684, 34.60866365352306, 87.26535301644417, 60.36027080823606, 53.334214977030165, 83.0352569889123, 38.46343627667191, 31.423729067537195, 40.64177057669219, 77.29117145054484, 57.24641264141303, 71.25589016387954, 69.42320245347226, 11.512266408425498, 55.03718881235202, 67.19584779789089, 16.309998242087172, 37.02657351784318, 39.27705878090314, 77.65559606988406, 82.33712595566556, 20.428480819633965, 62.38949867494975, 23.473256334949106, 59.249906910656115, 73.05839001847197, 5.431258492819643, 62.917944958338104, 97.04040947396221, 64.4720894785663, 79.53536990472921, 23.59210539831011, 42.35924583596884, 25.74059690508274, 57.058942018191395, 36.38482151136864, 86.12091368246305, 82.09357078587406, 31.524185107488403, 37.85168356962, 88.26130632990254, 61.161909061398774, 83.76218777254356], [44.893905223128066, 33.5381791290498, 35.651995916724374, 39.90973072669986, 0.0, 64.71901400650994, 54.292482581774514, 31.578580778129886, 50.484310600102866, 38.8374573064857, 32.31597934814833, 37.683797244101555, 6.896455776453919, 54.417217860503364, 62.20520857552013, 68.50278700507198, 57.65580364420093, 48.27473017613606, 55.31321729487641, 58.377949346816386, 47.764997559827954, 15.7665485529483, 61.408114128703026, 40.620565422092376, 12.891189750055316, 4.979896493728582, 58.36429558050115, 19.914677868010596, 59.36704569525775, 29.54769851356829, 51.42124489871325, 24.98959361335962, 78.161270099842, 41.509536249418105, 2.9456238945223094, 33.23299128732484, 61.707123954853955, 88.4432840371998, 34.115958403054414, 51.66917057720824, 61.83413064509916, 41.619378568242446, 33.15771520120466, 35.58186088638332, 69.18017027712104, 61.81897628291437, 60.24837553915332, 60.503979924822765, 16.653927329749845, 28.175096784192537, 43.03582584085199, 22.007123120295393, 53.668472646873745, 67.96490278609814, 73.9759670780848, 39.468679417331764, 12.228679973941235, 51.50637793057839, 52.31577021295144, 64.56992681653249], [95.53451587568283, 59.0831399821995, 29.135912321899955, 82.1979467331528, 64.71901400650994, 0.0, 93.25561135887828, 35.77286189999723, 78.8262730214928, 29.136616137966495, 84.96800968636431, 40.49303669239891, 62.92321056844319, 90.89272179678015, 20.180365169073344, 15.171502127759837, 28.00199074515574, 61.8877702160309, 62.668864343100445, 25.569977415578897, 21.918748615059563, 54.03656534818592, 8.704142952698389, 45.22691797962214, 59.21737382639677, 59.76817514958175, 6.483016244712678, 75.33219559776077, 13.388819221734162, 67.67150216827747, 89.83397116674949, 86.40585729466783, 52.26777168055703, 94.37728859834681, 64.76041529474944, 42.93283877775973, 4.925757489916657, 48.870648348547725, 62.039770266850134, 20.74385856375028, 90.43987030808078, 24.12255253184197, 65.91617451452647, 81.94030351206885, 42.557887109970025, 46.78939962863374, 26.019989573060524, 4.72159303372577, 67.4021848431053, 92.83651592489296, 60.696652607225445, 79.91404070384404, 58.381106517881555, 3.9538005194155947, 19.2855905186274, 52.43777102260803, 54.394045735480354, 49.387010541864306, 22.85491623232072, 3.6144863782547874], [17.624104905589583, 87.37681578214426, 70.14446020944558, 14.469528865878877, 54.292482581774514, 93.25561135887828, 0.0, 60.72455629205977, 16.311539734477712, 80.2919248701367, 81.4422585884278, 52.79934263720265, 61.16341735443089, 3.557042566681776, 78.67610416043917, 87.52792358146039, 69.89184767530242, 34.137246140339954, 37.91452366761422, 100.44212349582935, 71.35241235593989, 67.7886035745665, 94.95057207555375, 48.22882895137207, 45.786261850417915, 55.11113845900079, 88.82542330573776, 71.07763016750427, 81.4681210614084, 83.74926679460853, 3.4705525535302737, 67.76184462044966, 70.51409184997529, 21.548501463240232, 51.43066768746988, 50.919850370480056, 88.53038073172081, 86.54097878718088, 31.550425453209577, 72.82986812018481, 13.954837131384194, 71.3129366214232, 87.45013995938865, 18.855655230539167, 68.35798761186003, 111.10549412424133, 73.10967357458385, 91.01700744559427, 38.0599634566853, 53.25305447174033, 33.31836244480322, 70.52812229152354, 40.994613054163715, 97.20855245075832, 90.82760043948363, 40.97878999583985, 52.145130696509774, 102.54658492001441, 71.2392211389565, 95.14765474952665], [60.44464629338093, 42.87862355049294, 9.526179365966685, 48.11920457097243, 31.578580778129886, 35.77286189999723, 60.72455629205977, 0.0, 48.635293070717644, 20.885941260660886, 59.13562188114444, 12.611779351446026, 32.21344869566869, 58.96587023597457, 30.636849498360444, 37.10163424895303, 26.832225561089814, 35.53969136963623, 39.95729392941079, 39.95903949272207, 16.29575568134858, 27.10286766567023, 35.18161246729453, 18.84662700471816, 23.693773926792396, 26.710725867385268, 30.07515211859596, 47.30485110678645, 28.128349072265237, 46.8063718812496, 57.25602224352125, 55.899118563153614, 51.118568985592226, 58.95587201681187, 30.814464955310317, 11.12246538204317, 31.89042114640367, 58.661505971351254, 29.380143589081165, 20.105692198905576, 61.224429571415754, 11.684637538080542, 47.52678802189202, 47.050821935370806, 40.87334242360747, 53.79483728093927, 29.100270801939743, 32.35206468788259, 31.6363566839624, 58.706175093560624, 32.014270185393805, 51.0642657750979, 36.359256267665124, 39.4954310001849, 42.4773784412721, 23.726684205100415, 19.79825030347962, 48.13604552629312, 20.778896136089116, 36.64142668867285], [29.011763129769207, 81.38232265953573, 58.15475478698683, 16.060874924435225, 50.484310600102866, 78.8262730214928, 16.311539734477712, 48.635293070717644, 0.0, 69.19532478366236, 81.11304571011677, 38.935411364265605, 56.91049868254856, 13.087067442579665, 63.15838024394046, 72.03157171162105, 54.243726096402796, 18.037076827994095, 21.64958528610312, 88.55451757227522, 57.13163006217387, 61.34894376421478, 81.32889113992451, 33.623081087131645, 39.29978254767517, 49.814010840809964, 74.87050224924694, 69.49632359947066, 66.52078113401, 79.63453655996003, 13.607112440812132, 69.12211825675843, 54.42841239476573, 31.476580883794185, 47.54668332803425, 37.94002782360443, 73.99502029410412, 70.3357870560964, 19.75259847553456, 58.143683951997986, 12.677446461979741, 58.201744872222285, 82.73282010988959, 21.18725548226456, 52.046958154913746, 101.36795289790882, 57.41098248244694, 76.98807643668796, 33.99703844464071, 57.90306708475942, 18.1333244251703, 70.06782587294978, 24.687758901782914, 82.77150937191684, 75.05766475266138, 26.494664534207644, 44.81431745413266, 93.91098739705707, 56.32148840730556, 80.98909470489396], [77.54090544639158, 30.870017449939386, 11.90188719493399, 66.86402704904901, 38.8374573064857, 29.136616137966495, 80.2919248701367, 20.885941260660886, 69.19532478366236, 0.0, 55.83946514622708, 32.88849176110235, 35.51066328428672, 78.84852694769735, 36.722196887078084, 38.771200462072024, 38.09211244679275, 56.37459690894662, 60.440728984414264, 20.61490906762166, 23.809107221576564, 25.733987523717897, 23.58109593556895, 39.258865392993386, 37.57508089228806, 34.2451677155209, 22.77525458175892, 46.52726222344363, 30.219944124906334, 38.73068133190968, 76.85573053195672, 58.08919039159636, 65.61499100395723, 75.31931996967229, 39.69420692603924, 32.00436892350426, 27.941582176066586, 68.89455662377101, 49.61118084172459, 27.409087130705643, 81.84711534016297, 16.282726394176198, 37.38121793783589, 64.85849263387311, 54.78807628054601, 33.010651216396155, 38.76546472343588, 24.438012419624055, 46.6083138263498, 66.71459301334066, 52.8954771220261, 51.21496087632515, 56.634975900264294, 31.49437566963788, 44.42926723783068, 44.59568249237513, 31.350717604851162, 28.613609214517787, 29.824096916301965, 27.826064662513406], [67.62786377289255, 29.496945064595224, 59.104699746432914, 68.08061264477035, 32.31597934814833, 84.96800968636431, 81.4422585884278, 59.13562188114444, 81.11304571011677, 55.83946514622708, 0.0, 68.20249555747915, 28.010840845890137, 82.4511638232066, 88.49170856779597, 92.9681381549772, 85.92243949765583, 80.56645456854415, 87.62757257624332, 69.19651843777794, 73.61918295147767, 32.44930794448112, 78.99297743973442, 72.06833342920746, 45.20044005640323, 35.362805422592366, 78.56606237275643, 12.489474160906084, 83.78965680403822, 19.093786431233564, 79.1750232003634, 15.049190235398264, 109.08330502198451, 63.3792652664238, 34.9473475111609, 64.00019376240489, 83.42112743923161, 117.78699256402594, 66.25152320568837, 77.78122462185128, 91.34688129577016, 66.02215833083719, 22.96930709478959, 62.91499825545792, 99.44899218248608, 61.91769710752261, 88.0030698926106, 80.27633441109269, 47.43411171760254, 33.14287525431811, 75.32064576432802, 11.06082044416261, 85.94804780232867, 87.27602303227444, 98.69558405052325, 71.63015849616069, 43.15251280456409, 50.41132842170312, 79.17083059207668, 83.59144030068478], [55.86023330273184, 54.90880687108632, 21.013145825875316, 41.926192250394635, 37.683797244101555, 40.49303669239891, 52.79934263720265, 12.611779351446026, 38.935411364265605, 32.88849176110235, 68.20249555747915, 0.0, 40.29575797777619, 50.53506679538208, 28.55646172341134, 36.82127756181469, 21.535193602231338, 23.82044336816033, 27.557012617242908, 50.480651863561526, 18.57430686969623, 37.574226729214594, 42.410741570890714, 6.370500519536453, 26.420887498429902, 33.444006776538735, 36.07499853839656, 55.88981330561146, 29.371998879581906, 57.86952456114706, 49.36530779654153, 62.67243992196675, 40.88142434163082, 55.25019563470841, 36.02952944012443, 4.5060897127310975, 35.83499280343323, 50.83446187083891, 21.5930271257227, 20.47583426356933, 51.13090910085604, 19.472020309209253, 59.07529237797793, 42.23093543507893, 31.518713926209625, 65.89525237347054, 24.617012543908054, 38.244180494683775, 31.69872571828049, 61.985612286823894, 21.147604962021482, 59.04580455159227, 23.826758866636215, 44.441712107654475, 41.29140181038071, 12.555226524046596, 25.5597611433268, 60.67797630832031, 19.429552191048987, 42.352212426914456], [51.656615301629124, 26.702029222775025, 34.435038779106776, 46.760028557048905, 6.896455776453919, 62.92321056844319, 61.16341735443089, 32.21344869566869, 56.91049868254856, 35.51066328428672, 28.010840845890137, 40.29575797777619, 0.0, 61.23857131757483, 62.59758416320019, 68.20090117537245, 58.961479109317644, 53.484506474695415, 60.33233546037079, 54.07383372496172, 47.81665434285328, 10.379804188253784, 58.7828482776601, 44.058317259642635, 18.201895120295966, 7.612302444452273, 56.466108467992484, 15.604640149231736, 58.96158362370377, 22.810622734291318, 58.26773645440335, 23.921077394985836, 81.16167773539078, 48.18143738162184, 9.734123941457977, 36.03246267555896, 60.34744995045221, 90.44420939565767, 39.77966343573927, 51.88418037210249, 68.46322385756828, 40.94214567205224, 26.299447389848265, 42.47409322942757, 71.70168446465205, 55.862302049837076, 61.30972959270472, 58.50397037721395, 23.36041333528581, 31.461349220211368, 48.30250316088007, 18.919386858976942, 58.35282763949326, 65.92390605928667, 73.8139999533122, 43.88053376786521, 15.171657208628261, 45.25261147562849, 52.87875613147619, 62.400638684363216], [20.464455879457258, 87.1735597847346, 68.44327211660604, 14.581179889523943, 54.417217860503364, 90.89272179678015, 3.557042566681776, 58.96587023597457, 13.087067442579665, 78.84852694769735, 82.4511638232066, 50.53506679538208, 61.23857131757483, 0.0, 75.91293014664019, 84.77835304468466, 67.06893667048091, 31.07006276839595, 34.5688655334049, 98.82864146892872, 69.02914187113218, 67.41232872593116, 92.8407329179252, 45.73321363012835, 45.241601256042394, 54.914799391423756, 86.6078666048281, 71.78273612014222, 78.92044905657075, 83.95506177495108, 3.354202333227227, 69.06617733681496, 67.0653097938971, 24.152494545927084, 51.514999398274334, 48.886993448721086, 86.12856474472459, 83.13273921624358, 29.61870195420322, 70.36118746047705, 10.890448186300668, 69.31283956404408, 87.53399437061233, 19.54328721403213, 65.08807053848047, 110.06323092232235, 70.26705482756806, 88.77905394499538, 37.94327373098, 55.14313087723014, 30.58141261473979, 71.46749989293741, 37.752694932438054, 94.84641311490373, 87.96041916199692, 38.487752104645566, 51.4705946270548, 101.76098024875162, 68.69107623000323, 92.87325086113799], [83.96465068252469, 67.15561738318952, 29.529444512910903, 69.52297985722892, 62.20520857552013, 20.180365169073344, 78.67610416043917, 30.636849498360444, 63.15838024394046, 36.722196887078084, 88.49170856779597, 28.55646172341134, 62.59758416320019, 75.91293014664019, 0.0, 8.873205948250707, 9.033255855491786, 45.32932284604297, 44.68108619728631, 42.77963673002309, 14.886523845192523, 56.046822175766216, 27.269248403586335, 31.05988600770428, 53.204693410211014, 57.347575308888054, 20.617101285496997, 77.20796712038039, 7.741082419791165, 73.74668203376436, 75.39888645168766, 86.4359357212114, 32.5126819744694, 83.62008770000483, 61.326513082370944, 32.45934837778021, 15.77695283912476, 32.341396954301786, 49.158999492364366, 10.744393438944163, 73.81779586164039, 22.585999698568248, 73.22377978560151, 70.42057122180137, 22.44555029743924, 63.39838121772296, 6.223233194627706, 21.48463034002646, 59.766699516995985, 88.88580208021348, 45.360002124713816, 81.24184113418954, 40.47574987850379, 23.421034052659916, 12.737531875909033, 38.09439442354129, 50.26636489701887, 63.255742043360215, 9.924069062131998, 23.60726497735872], [92.52374958794066, 69.64120928294793, 34.02321415866027, 78.1977259153338, 68.50278700507198, 15.171502127759837, 87.52792358146039, 37.10163424895303, 72.03157171162105, 38.771200462072024, 92.9681381549772, 36.82127756181469, 68.20090117537245, 84.77835304468466, 8.873205948250707, 0.0, 17.85725828393792, 54.19357574303806, 53.39007510390446, 40.2899997358138, 20.805915168269724, 60.755740296200116, 23.604833129531862, 39.75342801575998, 60.410841314870645, 63.55975644291967, 18.324009655007256, 82.20043975052913, 9.250595936713362, 77.12629339506034, 84.24130988650802, 92.12147266050039, 37.8086667357343, 92.05271900464722, 67.89242944704239, 40.472489389109064, 12.384794912029742, 33.736409408867154, 57.79305066549553, 17.19136066809123, 82.65250562606109, 27.282375658662573, 76.09277683346919, 78.9375210104399, 28.874826333397007, 61.46133420086181, 14.843720971984958, 18.22793701104527, 67.45063544150773, 95.79562316732857, 54.21667559068178, 86.45578894673203, 49.21625371344558, 17.37063847953014, 5.73412658411015, 46.854706878049676, 56.89880212980138, 62.93966096378498, 17.481087597597234, 18.778682943788933], [75.84216285155367, 67.10669945576673, 28.5961477021178, 61.200315217142624, 57.65580364420093, 28.00199074515574, 69.89184767530242, 26.832225561089814, 54.243726096402796, 38.09211244679275, 85.92243949765583, 21.535193602231338, 58.961479109317644, 67.06893667048091, 9.033255855491786, 17.85725828393792, 0.0, 36.351464359436726, 35.669968062997285, 48.01061980877976, 14.287462617683483, 53.666465014285414, 33.95710463988453, 22.902448977323438, 47.49189183880316, 52.99329146306718, 26.92095520695848, 74.1368136588176, 14.629863650843278, 72.60809234275614, 66.65042274073897, 82.41745331290792, 27.717553175636397, 75.72660337078776, 56.42067914491853, 25.837154175160403, 23.214988987051726, 32.0579928715066, 40.99416249739316, 10.921197193672597, 64.79724129248707, 22.153269046791273, 72.66038492662575, 62.40953108090831, 16.910341564305128, 67.71983085925318, 3.2719041090367473, 28.297412462858365, 53.229749909964966, 83.25357055663662, 36.585664075097476, 77.85632596181699, 31.453152884857342, 31.571999706788315, 20.978382657554786, 29.67659339730351, 45.46023325988148, 66.10781058226699, 8.305209496246844, 31.15539680347753], [43.61674547706979, 74.3177332394142, 44.63242082337533, 28.645016536517684, 48.27473017613606, 61.8877702160309, 34.137246140339954, 35.53969136963623, 18.037076827994095, 56.37459690894662, 80.56645456854415, 23.82044336816033, 53.484506474695415, 31.07006276839595, 45.32932284604297, 54.19357574303806, 36.351464359436726, 0.0, 7.299544895781812, 74.28515042814641, 40.71109389044935, 54.87313386852062, 65.21389727407406, 17.645792877365135, 35.45196026064383, 45.87452333172462, 58.46963090842144, 68.18891724564688, 49.16620819328044, 74.8555979256506, 31.119454159220503, 71.08086410183222, 38.584003362760605, 44.85215918757246, 45.62183831268119, 24.441460017250375, 56.989407295614406, 53.741689324876795, 14.700015791622858, 41.15200140496173, 28.631938154879062, 43.1775266545587, 77.11257345838841, 31.906017420760925, 34.6292512251439, 89.3332783920254, 39.47778560951023, 60.482385480195965, 34.3810976451772, 64.05868866044118, 5.251732787612756, 69.9783189444611, 7.777663022216121, 65.79628863114151, 57.067059773796935, 11.851480540240585, 38.91647189070944, 83.31458755967343, 39.09604050713386, 64.30754635381348], [49.30292436870813, 80.28191238175974, 48.55182563899957, 34.60866365352306, 55.31321729487641, 62.668864343100445, 37.91452366761422, 39.95729392941079, 21.64958528610312, 60.440728984414264, 87.62757257624332, 27.557012617242908, 60.33233546037079, 34.5688655334049, 44.68108619728631, 53.39007510390446, 35.669968062997285, 7.299544895781812, 0.0, 77.29098901260792, 42.4996046586717, 61.15716758739024, 66.87521794202854, 21.190789478728714, 42.443735872222526, 52.722073397763936, 59.928108973225434, 75.21254768285104, 49.51009888755531, 81.3281903410179, 35.247850788845625, 78.3381850787738, 32.923179887608654, 50.91839504712147, 52.7089286990751, 29.168599762331258, 57.7437380428863, 48.69733357951261, 21.990811902806556, 42.22462294354939, 29.840494799369054, 46.15599941368004, 83.39936494828171, 38.34819020105086, 30.61725680442308, 93.43958642639188, 38.551771798816944, 61.799896464605226, 41.66917201682011, 71.29838514076617, 12.47636371234839, 77.1111791683769, 4.288223093930261, 66.48494751889375, 55.590331995097614, 17.221086974461645, 45.54615200190202, 88.08095937538674, 39.873393496532145, 65.37836945928797], [98.15339111189752, 40.242289555431036, 30.435161264801526, 87.26535301644417, 58.377949346816386, 25.569977415578897, 100.44212349582935, 39.95903949272207, 88.55451757227522, 20.61490906762166, 69.19651843777794, 50.480651863561526, 54.07383372496172, 98.82864146892872, 42.77963673002309, 40.2899997358138, 48.01061980877976, 74.28515042814641, 77.29098901260792, 0.0, 35.653663694542935, 43.739887933866605, 16.866000243778597, 56.66416709917443, 58.16367398043409, 54.085459897538044, 22.32853435545875, 62.25759680696121, 35.03914025695229, 50.30416107045329, 96.98589045946937, 74.64743699886812, 75.08895305892364, 95.92588285902102, 59.579068911901786, 50.67843617645592, 28.000937276222597, 73.91656405186693, 69.31230759312564, 37.522193189679754, 101.09065757303644, 31.173339744436888, 47.276133560658266, 85.41275161934766, 64.57820322320497, 21.22383766414464, 47.27412501238636, 22.07089702324314, 67.2036372479583, 85.52668850065295, 71.44385115928097, 67.09724285742655, 73.18994856406317, 25.17764723685764, 44.825255739757736, 62.89266520191109, 51.87261103685807, 25.09293187493234, 40.28301098525342, 22.25231846939421], [73.94501915206534, 53.141900009167145, 14.856531496601809, 60.36027080823606, 47.764997559827954, 21.918748615059563, 71.35241235593989, 16.29575568134858, 57.13163006217387, 23.809107221576564, 73.61918295147767, 18.57430686969623, 47.81665434285328, 69.02914187113218, 14.886523845192523, 20.805915168269724, 14.287462617683483, 40.71109389044935, 42.4996046586717, 35.653663694542935, 0.0, 41.1706418468717, 24.513381269304034, 23.5219857531781, 39.729187429872006, 42.84474982060226, 17.78838915166996, 62.32731145802007, 11.930309384653713, 59.194370473524174, 67.92548170943526, 71.70359909803749, 41.85982823268673, 73.00830357798567, 47.09611684453829, 21.19457531547707, 17.296458616074315, 45.70526894567279, 40.13365753439004, 4.1656303497574205, 68.99683385314049, 8.04484487263484, 58.929746164719134, 60.31283250728007, 31.02526180992711, 54.27428257935689, 15.233208821850944, 19.865908345944533, 47.11539360246727, 74.99441485070336, 39.0532104851744, 66.38702889258127, 38.26650971949916, 25.867623373707442, 26.212926063377367, 30.654180442070476, 36.0934289694185, 51.98780853213357, 6.087449476209249, 23.867838342321832], [60.09759254775872, 20.033794252857376, 26.756980079565775, 53.334214977030165, 15.7665485529483, 54.03656534818592, 67.7886035745665, 27.10286766567023, 61.34894376421478, 25.733987523717897, 32.44930794448112, 37.574226729214594, 10.379804188253784, 67.41232872593116, 56.046822175766216, 60.755740296200116, 53.666465014285414, 54.87313386852062, 61.15716758739024, 43.739887933866605, 41.1706418468717, 0.0, 49.26130046526762, 42.48400845126539, 22.255801281844814, 12.967552939514226, 47.55374534980554, 21.492719760279158, 51.52925873343818, 20.399493767889, 64.67147080481331, 32.43490175100195, 77.98639774777043, 56.9288173881529, 17.854422193143183, 33.866040410425214, 51.891747913667245, 85.66547637415555, 42.62264031743392, 45.332143849255075, 73.52644192696266, 33.63207509468812, 22.24912492739186, 49.64456978311719, 67.91618984548057, 46.058310714442776, 55.63770732504322, 49.481136201875294, 29.848162817957455, 41.79066430659261, 49.962679253767654, 25.931286712193646, 58.548280300122876, 56.80382022334777, 66.46272113051106, 44.020382951489005, 16.577102405531075, 35.894620115619226, 46.74241509170449, 53.202309809148254], [95.62623909972737, 52.00162813531485, 26.94630429035006, 83.0352569889123, 61.408114128703026, 8.704142952698389, 94.95057207555375, 35.18161246729453, 81.32889113992451, 23.58109593556895, 78.99297743973442, 42.410741570890714, 58.7828482776601, 92.8407329179252, 27.269248403586335, 23.604833129531862, 33.95710463988453, 65.21389727407406, 66.87521794202854, 16.866000243778597, 24.513381269304034, 49.26130046526762, 0.0, 47.86974541226045, 57.55693885124278, 56.572759104603456, 7.083742701062187, 70.07648426969529, 19.708104102749694, 61.08592068528387, 91.48992689257618, 81.66017578706865, 59.76634058750311, 94.08707196041553, 61.827268042021814, 44.03976005174078, 11.649292482885725, 57.33519812100043, 63.41857896894374, 24.790363780658655, 93.37795053734976, 23.785641222138477, 58.962995097812275, 82.20754025958873, 49.65007045193228, 38.0868993245304, 32.53998850517586, 5.784972305336176, 66.1920805847299, 89.55793121046105, 63.36850828545598, 74.78369559645084, 62.61153838138444, 8.923880300604718, 27.97089110903209, 54.85331477094808, 52.117422270089946, 40.931612111921034, 27.354563483308603, 5.521673268786026], [52.97148869604478, 60.51528696022676, 27.382316697972843, 38.46343627667191, 40.620565422092376, 45.22691797962214, 48.22882895137207, 18.84662700471816, 33.623081087131645, 39.258865392993386, 72.06833342920746, 6.370500519536453, 44.058317259642635, 45.73321363012835, 31.05988600770428, 39.75342801575998, 22.902448977323438, 17.645792877365135, 21.190789478728714, 56.66416709917443, 23.5219857531781, 42.48400845126539, 47.86974541226045, 0.0, 28.41873895738261, 36.817030801507116, 41.29243040819626, 59.62728194336262, 33.24460155802886, 62.87955630415916, 44.85523079411289, 65.42232927650649, 37.60475344991238, 52.82725140740938, 38.619848030738396, 8.692062411344752, 40.423761776177514, 49.18976149351905, 18.123909583209585, 24.628078780834294, 45.51128400671527, 25.533406660652965, 64.3607415839017, 39.50873443817881, 29.274592386305038, 72.2657066365479, 26.163742048217312, 43.3873660119945, 32.03087052672393, 63.00011369931547, 15.531680099745847, 62.44401156234446, 17.513306054414542, 49.176820403456595, 43.66275023270457, 7.251297129753414, 28.94049019534954, 66.97510752014949, 23.0209458595074, 47.36775966482541], [40.19909054175904, 42.21819869167823, 30.618603487138344, 31.423729067537195, 12.891189750055316, 59.21737382639677, 45.786261850417915, 23.693773926792396, 39.29978254767517, 37.57508089228806, 45.20044005640323, 26.420887498429902, 18.201895120295966, 45.241601256042394, 53.204693410211014, 60.410841314870645, 47.49189183880316, 35.45196026064383, 42.443735872222526, 58.16367398043409, 39.729187429872006, 22.255801281844814, 57.55693885124278, 28.41873895738261, 0.0, 10.705978539892532, 53.24502168977331, 32.76934692773185, 51.655165486508515, 40.512822175927305, 42.58789170055191, 37.10362973394795, 66.00956124387432, 37.77970972553404, 10.4460798795286, 21.922112993896068, 55.51984226280743, 77.13876188281004, 21.578085290039716, 43.224752555287836, 51.321518066675935, 35.13423623071762, 43.4557560596667, 28.280963513362178, 57.4906790435094, 65.8813879978574, 50.35519264460643, 55.49990867384932, 9.04397475562249, 35.78047665499174, 30.229832810813406, 34.84712154787815, 40.781338787059994, 62.822935654349344, 65.57168013887565, 26.66130379147097, 6.550095019565642, 56.85318272336141, 43.3235926239534, 59.755846901306896], [47.1581528562398, 32.27310049492659, 30.683275582257128, 40.64177057669219, 4.979896493728582, 59.76817514958175, 55.11113845900079, 26.710725867385268, 49.814010840809964, 34.2451677155209, 35.362805422592366, 33.444006776538735, 7.612302444452273, 54.914799391423756, 57.347575308888054, 63.55975644291967, 52.99329146306718, 45.87452333172462, 52.722073397763936, 54.085459897538044, 42.84474982060226, 12.967552939514226, 56.572759104603456, 36.817030801507116, 10.705978539892532, 0.0, 53.426678324144255, 22.878607154869837, 54.411381965318256, 29.853411948405615, 52.07191269009957, 29.446128224250785, 74.1713108819571, 44.06260231509808, 5.493742885480672, 29.064042049844982, 56.73204121413502, 84.03048736708492, 32.256979931698986, 46.77424379816063, 61.621759221231294, 36.642055875006704, 32.94628070684207, 36.768622753659514, 64.9585864310957, 58.691525935491356, 55.52596164410636, 55.5755375199944, 17.05502649001344, 33.0862019258136, 40.697300004556205, 25.65917280072738, 50.7726930614797, 63.03599028956135, 69.04924884036788, 36.335067721523686, 7.910810027444202, 48.79260664444491, 47.47756743070534, 59.65867319655254], [90.28671849838764, 53.04506650900774, 22.89089152402959, 77.29117145054484, 58.36429558050115, 6.483016244712678, 88.82542330573776, 30.07515211859596, 74.87050224924694, 22.77525458175892, 78.56606237275643, 36.07499853839656, 56.466108467992484, 86.6078666048281, 20.617101285496997, 18.324009655007256, 26.92095520695848, 58.46963090842144, 59.928108973225434, 22.32853435545875, 17.78838915166996, 47.55374534980554, 7.083742701062187, 41.29243040819626, 53.24502168977331, 53.426678324144255, 0.0, 68.8590711023865, 12.916001094883452, 61.426942409510076, 85.3778752403938, 79.92467527269424, 53.10937573161851, 88.96173484338189, 58.47441418123191, 38.063936760593045, 5.976092705271976, 51.66890688925499, 57.38364403473347, 17.75784942715244, 86.78377134064736, 18.399927481093187, 59.805706997638694, 76.7564085211935, 42.83641464958775, 43.317383281690574, 25.622027679624637, 2.277316106370338, 61.594396357067026, 86.50988753420704, 56.82270800369769, 73.43479814512978, 55.65528541046988, 9.636315641443565, 23.3975243001402, 48.37660622702639, 48.237777633230685, 44.67407995610238, 20.289346624019398, 6.566850873562872], [58.58629513430345, 25.68664181482892, 48.17790457173392, 57.24641264141303, 19.914677868010596, 75.33219559776077, 71.07763016750427, 47.30485110678645, 69.49632359947066, 46.52726222344363, 12.489474160906084, 55.88981330561146, 15.604640149231736, 71.78273612014222, 77.20796712038039, 82.20043975052913, 74.1368136588176, 68.18891724564688, 75.21254768285104, 62.25759680696121, 62.32731145802007, 21.492719760279158, 70.07648426969529, 59.62728194336262, 32.76934692773185, 22.878607154869837, 68.8590711023865, 0.0, 72.96095671708363, 16.564505056385077, 68.58158380785932, 12.645397911713063, 96.76264326525208, 54.53225317500706, 22.627858952853884, 51.636961928329264, 73.34010761563819, 105.83035022564194, 53.98075476904641, 66.46416220718865, 80.18529087393412, 54.99115604727118, 21.240068632197623, 52.289134859722054, 87.25098568535935, 58.68887172897057, 76.34908455375684, 70.71995204101417, 35.561848998563406, 28.19965699086615, 62.950503114033346, 4.840232529276539, 73.48123781630476, 77.94945303273703, 87.8946210924488, 59.14391878426683, 30.69327511637563, 47.18134924584637, 67.68285187370937, 74.30548649837347], [85.21032112978816, 61.010347449098084, 24.783473560582138, 71.25589016387954, 59.36704569525775, 13.388819221734162, 81.4681210614084, 28.128349072265237, 66.52078113401, 30.219944124906334, 83.78965680403822, 29.371998879581906, 58.96158362370377, 78.92044905657075, 7.741082419791165, 9.250595936713362, 14.629863650843278, 49.16620819328044, 49.51009888755531, 35.03914025695229, 11.930309384653713, 51.52925873343818, 19.708104102749694, 33.24460155802886, 51.655165486508515, 54.411381965318256, 12.916001094883452, 72.96095671708363, 0.0, 68.18771263801341, 78.09952052707017, 82.88080736634866, 40.194894770427354, 84.47058932652469, 58.832272954680974, 32.58870821718588, 8.588222054389176, 39.64993870673948, 50.850809175634915, 8.921345003842141, 77.79620735758179, 18.03308894103794, 67.32368875102317, 71.57281619927949, 29.952419794709428, 55.70845289412308, 12.870887422079077, 13.93874020558596, 59.00718418352088, 86.82160650769066, 48.42532821701613, 77.2070277283629, 45.22993049120277, 17.05256107335436, 14.934607243652083, 40.491040872862996, 47.887012499006154, 55.88395379123944, 10.230550985541601, 16.535429898507118], [73.016894587357, 10.416395944252269, 44.337901008141124, 69.42320245347226, 29.54769851356829, 67.67150216827747, 83.74926679460853, 46.8063718812496, 79.63453655996003, 38.73068133190968, 19.093786431233564, 57.86952456114706, 22.810622734291318, 83.95506177495108, 73.74668203376436, 77.12629339506034, 72.60809234275614, 74.8555979256506, 81.3281903410179, 50.30416107045329, 59.194370473524174, 20.399493767889, 61.08592068528387, 62.87955630415916, 40.512822175927305, 29.853411948405615, 61.426942409510076, 16.564505056385077, 68.18771263801341, 0.0, 80.93449620311456, 28.4975834288257, 97.92237140733164, 69.20040637534254, 32.4689024187219, 54.24711934328188, 66.67063349319238, 104.64384486532218, 61.89456081948077, 63.317946382965864, 91.27059887130167, 51.22442360893453, 4.678758044417792, 64.94657000226792, 87.63691860781478, 43.27731555907872, 74.23534113761454, 62.9499285059045, 46.15790898767409, 44.75065207644797, 69.82516541432587, 20.62368719904332, 78.84596019544698, 69.64633385686454, 82.8449244042346, 64.28310167859765, 35.983821407690954, 31.70197291295727, 65.11058516640436, 65.95930605100199], [17.5206177791112, 84.34483126677064, 66.67940065022793, 11.512266408425498, 51.42124489871325, 89.83397116674949, 3.4705525535302737, 57.25602224352125, 13.607112440812132, 76.85573053195672, 79.1750232003634, 49.36530779654153, 58.26773645440335, 3.354202333227227, 75.39888645168766, 84.24130988650802, 66.65042274073897, 31.119454159220503, 35.247850788845625, 96.98589045946937, 67.92548170943526, 64.67147080481331, 91.48992689257618, 44.85523079411289, 42.58789170055191, 52.07191269009957, 85.3778752403938, 68.58158380785932, 78.09952052707017, 80.93449620311456, 0.0, 65.73756320700554, 68.02511912488475, 21.036933986258344, 48.535229989708135, 47.45630510751018, 85.11833306081549, 83.94076806617196, 28.084042665249232, 69.43846800567134, 13.99797448231076, 67.84559935306027, 84.5669432549834, 16.30031735969847, 65.52430685692947, 107.75826010598671, 69.87835952956799, 87.57232025306514, 35.04724168606876, 51.797104480842414, 30.064763810612806, 68.20491185521048, 38.157550939804025, 93.78632602434064, 87.6050859877579, 37.60913589102415, 48.901436650164705, 99.27704539435025, 67.87334611742361, 91.70854984567752], [53.13938755997707, 38.15883882565668, 58.29406650436004, 55.03718881235202, 24.98959361335962, 86.40585729466783, 67.76184462044966, 55.899118563153614, 69.12211825675843, 58.08919039159636, 15.049190235398264, 62.67243992196675, 23.921077394985836, 69.06617733681496, 86.4359357212114, 92.12147266050039, 82.41745331290792, 71.08086410183222, 78.3381850787738, 74.64743699886812, 71.70359909803749, 32.43490175100195, 81.66017578706865, 65.42232927650649, 37.10362973394795, 29.446128224250785, 79.92467527269424, 12.645397911713063, 82.88080736634866, 28.4975834288257, 65.73756320700554, 0.0, 103.02147753797686, 48.82846056346231, 26.80354102514468, 58.21567123041464, 84.05765389625243, 113.41985667870937, 56.40695758853836, 75.74821980116826, 78.50235362826204, 64.8568571009277, 33.13055827114222, 49.701881534280396, 94.15884562927629, 71.25031554920514, 84.90033791385076, 81.88481740046495, 36.78713019202397, 18.122323286622386, 65.86253874950471, 7.967077024320633, 77.25460643134458, 89.22974443861234, 97.73435245325392, 63.602453876213055, 37.18010670575366, 59.712450533259826, 76.6549158639481, 85.63498563053172], [82.08249299047597, 93.52531145118733, 55.33400564120611, 67.19584779789089, 78.161270099842, 52.26777168055703, 70.51409184997529, 51.118568985592226, 54.42841239476573, 65.61499100395723, 109.08330502198451, 40.88142434163082, 81.16167773539078, 67.0653097938971, 32.5126819744694, 37.8086667357343, 27.717553175636397, 38.584003362760605, 32.923179887608654, 75.08895305892364, 41.85982823268673, 77.98639774777043, 59.76634058750311, 37.60475344991238, 66.00956124387432, 74.1713108819571, 53.10937573161851, 96.76264326525208, 40.194894770427354, 97.92237140733164, 68.02511912488475, 103.02147753797686, 0.0, 83.43454168489059, 76.21795749030163, 45.14043424375526, 48.188863916223944, 16.378769041765707, 50.853922381725766, 38.636993826375694, 60.56382866790405, 49.42115708871029, 98.55940161777458, 70.43377411467267, 10.834685984659343, 95.26671737082202, 27.878795248869384, 53.985237288945946, 68.76742461628848, 99.81634866057591, 42.26076373002359, 99.82750219912