instance_id,num_cities,city_coordinates,distance_matrix,best_route,total_distance
1882,88,"[[14.549628368955315, 79.8677246802271], [0.11814903600266824, 37.46867705252958], [82.70073487493295, 99.58092183135233], [54.43348389318713, 42.93271620809664], [57.98073837392014, 74.1929240960615], [54.96777912439958, 94.60444342136537], [53.23566933099345, 87.25209590480605], [99.18074081510605, 28.90666663958683], [7.326872526052841, 42.08520591790781], [29.526675627323595, 73.52409098970644], [87.16490939011473, 12.773774336302179], [53.382587424061434, 56.56089606625345], [83.94825587454972, 91.91059514809842], [49.9028954239078, 45.97102181818975], [75.0841798484679, 12.422454307293396], [67.20779108830118, 67.30887676537584], [99.47451833473515, 57.32820445306629], [58.066069635144636, 66.41780809077574], [40.4844781424279, 48.55945770721352], [14.27517616160917, 6.797479331546041], [12.967134115973955, 52.422807704396725], [56.901710776242275, 35.57513199522241], [66.84565098838219, 7.7827836402668], [80.76210813007482, 66.00572368877809], [32.48501675212749, 60.85954464130723], [49.412496362733116, 52.538463302827864], [63.22643502852286, 10.711979807948635], [74.32792488309066, 13.771858282011662], [77.30484401579326, 74.21393791348852], [86.34518776966384, 26.745379233541655], [45.530666384646246, 39.65505667520664], [95.44128609106367, 88.80289778620845], [56.2411257479133, 53.63178026913433], [1.4672884883281112, 10.591499696089357], [1.1485818395368108, 10.393673699427818], [48.44111781292313, 35.24469423790917], [55.475900498024224, 92.43017974620871], [29.706814697659013, 48.377239291206145], [85.01763019587652, 94.2198623333954], [33.18810900611838, 29.237641742740482], [50.51288400335145, 21.733037514003595], [41.08258908448342, 34.08606210217167], [11.383779276997497, 51.116766602081775], [50.195968698190576, 47.866272325846715], [71.74750800229454, 59.36231189606599], [78.12537560911206, 40.47096316117834], [86.63414341751624, 0.998107778041113], [3.0431107738529084, 82.2793611024219], [94.5844142772228, 90.11712884583997], [65.86676260327071, 43.25240829940612], [3.506292958593915, 52.19370346773483], [42.58029391769432, 63.48489943261456], [18.28584197337163, 41.918098082930335], [94.4910520527331, 51.42737558435611], [12.144833369682095, 58.00472600816969], [65.02112454463483, 35.94934140794803], [31.183393214304335, 81.19663987896062], [47.31978996149554, 5.2489138056075575], [27.97306292498781, 28.09508147199272], [96.5190888664357, 24.934528821322665], [39.02888952285019, 81.78464902954792], [69.03246649708163, 22.298321349202354], [30.995854443196215, 79.98837030288146], [94.96163745906325, 11.57763861401887], [41.051773798567346, 35.25172596877195], [86.18286122184512, 60.09978444468758], [57.39185087760737, 20.802460936740253], [32.729788258310386, 17.75485175023317], [59.25941217281843, 11.412722544592224], [40.0354073825299, 3.315117758211905], [52.14180037390781, 86.36540425986118], [7.843630441859339, 68.1537320953849], [54.01860210173781, 53.79416263198723], [37.154663977355526, 33.650527726949406], [85.3153837157476, 11.265583734629537], [7.601825698480724, 54.46002499913104], [4.197443868544115, 50.106715540197285], [13.4389492035209, 97.70344103467832], [7.9521298416326385, 41.854568426772786], [28.84686099448016, 61.651539070549134], [30.7539223405054, 43.07090432497825], [3.92678721098052, 30.105080217931246], [78.05142034173123, 67.93764700899627], [10.849348742739473, 20.522159844208044], [67.63565124635278, 47.62856422670957], [92.81799716926731, 73.96259008846482], [65.42962504443177, 13.137559552076628], [2.444441630029026, 99.91299921695953]]","[[0.0, 44.7877978413005, 70.94493258794625, 54.35914626182189, 43.80028171066257, 43.02089945300116, 39.38449826643577, 98.78995207253881, 38.466698922460075, 16.265104763846608, 98.86646150507774, 45.29025247243262, 70.43578798285834, 48.97795377898141, 90.62723883305664, 54.135078848427575, 87.86504940970786, 45.5475676270084, 40.65493836701864, 73.07076076879564, 27.490503012330297, 61.28240082595783, 89.0567948364759, 67.64796780098862, 26.13405947891026, 44.297946816819646, 84.5691938912308, 89.11850699525117, 63.00938339394287, 89.31173458968115, 50.76301197340129, 81.38364459438141, 49.25957503716014, 70.50065932177598, 70.75472993211363, 56.03434574068492, 42.810921826882094, 34.94840436184726, 71.91469346868179, 53.95181423009495, 68.3593271451643, 52.91463533600774, 28.924733203338626, 47.903596228856784, 60.76240110462061, 74.79291714683349, 106.84846175815441, 11.75652743794943, 80.68839595091909, 63.040698439106485, 29.796085431734387, 32.46713991405887, 38.133101774863256, 84.84977711982677, 21.99485735172914, 66.90438188536258, 16.686765670308727, 81.49754859591445, 53.48453215694445, 98.67445698619655, 24.55420179117224, 79.26295383333766, 16.446668582156903, 105.49704764038532, 51.89365137849594, 74.31077654090417, 72.96685145028881, 64.7188318592053, 81.76216781114573, 80.68349619646713, 38.149590246417176, 13.497704637306065, 47.303599497316156, 51.44916840022881, 98.55985933493258, 26.340523249028717, 31.510083925046786, 17.870265417306168, 38.58143381430449, 23.156862458342896, 40.20677966926561, 50.88384358662803, 64.61272581307267, 59.46081175882422, 62.108689341244485, 78.49081582713026, 83.91477223782906, 23.4168438786539], [44.7877978413005, 0.0, 103.33351070833064, 54.58947998050217, 68.53283567606731, 79.20213203814758, 72.80013567920017, 99.43191194131097, 8.560258940059672, 46.52799491116716, 90.48191370826632, 56.58279971566719, 99.95703706336458, 50.50555256030946, 79.03935127251155, 73.42654553775556, 101.32171015532052, 64.77664463086992, 41.86222570598157, 33.78081980465874, 19.71604527126161, 56.81512471861393, 73.03294999169238, 85.5442059352111, 39.93428116679768, 51.54639789546905, 68.54616406737787, 77.90141238204744, 85.48684154677346, 86.89126149901966, 45.46511836337074, 108.26681244200371, 58.40406167893019, 26.91101707314987, 27.094604598204985, 48.37411922686507, 78.00799590604957, 31.535469962446435, 102.1206097318212, 34.078911289770545, 52.794314695009994, 41.10386152647898, 17.69702723847746, 51.14585036526737, 74.90057618325783, 78.06498010956392, 93.88886891973591, 44.906044205509374, 108.14682031783036, 66.00251308210954, 15.109795570049396, 49.79836919903911, 18.70460943650785, 95.3996335868625, 23.79853866880102, 64.92075639327535, 53.63938971322512, 57.14987357594827, 29.389803025373233, 97.21237612605012, 58.97415618304912, 70.56431706813187, 52.54861563654602, 98.31395204994898, 40.99361545790054, 88.99045850779333, 59.64930579863633, 38.107137399907394, 64.62663360208222, 52.53430428181067, 71.39572977507915, 31.642624194830898, 56.318561062021075, 37.23280412853001, 89.13568811930557, 18.566403028885173, 13.280085208558324, 61.69011678614425, 8.978156737863278, 37.55196008433835, 31.14378840759502, 8.290252293531555, 83.67767268883836, 20.058491783726062, 68.27764211011318, 99.62463316170722, 69.69642872644522, 62.48763884007892], [70.94493258794625, 103.33351070833064, 0.0, 63.309214798476745, 35.43485086771521, 28.175914750476306, 31.940413839456276, 72.57024833014513, 94.79966494554421, 59.215192395013105, 86.92185979561982, 52.06031489321607, 7.7711144678431845, 62.84679508198099, 87.49063019325902, 35.7982709067931, 45.460443656058274, 41.31172768654023, 66.22236883316363, 115.28583732334765, 84.18231882539739, 69.00964263776225, 93.1572963347434, 33.63111957650235, 63.41106684233279, 57.62898339944101, 90.97767424410767, 86.21658387093679, 25.93452354011749, 72.9266638645935, 70.51753899765052, 16.687943180888105, 53.02296224711904, 120.49062230652406, 120.85164001392013, 72.88944739940666, 28.148263165217763, 73.6897053965298, 5.840287909756198, 86.02137626224136, 84.23984114668356, 77.59927003509867, 86.2257646985211, 61.08162405897527, 41.6834471229312, 59.28677024767845, 98.66125343534107, 81.51491324344175, 15.1916165633892, 58.79016974938701, 92.28926316035665, 53.96825562878097, 86.45391645357192, 49.575957835575224, 81.894537646575, 66.04200669733888, 54.69934473723589, 100.74889081839495, 90.02968093326032, 75.91462900154546, 47.158640799883905, 78.48198454252146, 55.292519709776094, 88.85329250628666, 76.63472710897355, 39.634396844667094, 82.74409652726898, 95.87805406182149, 91.23117326601974, 105.29689076075448, 33.29411933841073, 81.18654037957637, 54.02862258469893, 80.13277382550186, 88.35403404315635, 87.6113091469188, 92.79258476286527, 69.28722745596404, 94.44408838998204, 65.87015871050585, 76.75840938332206, 105.03441054462242, 31.98301060112687, 106.8312198566388, 54.092552217627855, 27.543745526362194, 88.15183558453755, 80.2569802621681], [54.35914626182189, 54.58947998050217, 63.309214798476745, 0.0, 31.460826618985408, 51.6744894952679, 44.335563337195815, 46.89399821442521, 47.11423466624712, 39.44846396276286, 44.50739253076055, 13.668638177780977, 57.183515024640585, 5.455046549598826, 36.84192346625045, 27.520540107879366, 47.28556719947191, 23.764368704229287, 15.041109710809174, 54.0226343673514, 42.5384531977167, 7.760553420715066, 37.27706602620474, 35.00800091994417, 28.339131735392712, 10.83885109358515, 33.39897968256253, 35.30077077467384, 38.75066380386042, 35.78249184486365, 9.487002245384305, 61.528151273292096, 10.850693104919435, 62.05942427337077, 62.434526299540906, 9.747519328218013, 49.50843896836956, 25.31898499362862, 59.713996372224635, 25.276887045357103, 21.559162326699113, 16.015919613401874, 43.8207228191465, 6.503576784725144, 23.86853672349634, 23.81944502172802, 52.87148435578343, 64.72348038992126, 61.955354947514515, 11.437747378557386, 51.76238655154623, 23.72531028014763, 36.16187863348804, 40.94835777873569, 44.894269595491146, 12.683282625706111, 44.77381568803331, 38.349362509220775, 30.336599716783684, 45.77262167686874, 41.79442799796618, 25.276640288249887, 43.84568364876324, 51.241312652876836, 15.42944510062012, 36.093367709279654, 22.32711655341784, 33.24116819352041, 31.887295029643134, 42.152801972621575, 43.49310525536693, 52.97843039391642, 10.86936729161002, 19.614194877263795, 44.23232998320092, 48.229483277655696, 50.745699165293956, 68.41333329440525, 46.49385633720153, 31.702832692308583, 23.67996476523751, 52.110216415253994, 34.39554457259322, 49.0082633170317, 14.012430604106621, 49.35811921531382, 31.75951007768964, 77.13373559740607], [43.80028171066257, 68.53283567606731, 35.43485086771521, 31.460826618985408, 0.0, 20.632693585824533, 13.89451865134052, 61.22324162904013, 59.972657869578185, 28.46192236148869, 68.00020437553285, 18.22172891362462, 31.43609124324604, 29.355192298924003, 64.09460701337044, 11.512107081029383, 44.79009426283184, 7.775584242987344, 31.035362430561307, 80.32634775278308, 50.00162533355913, 38.632863824730634, 66.99920470438757, 24.20787182871846, 28.77170187354944, 23.287989252143756, 63.697312510832035, 62.59341579488492, 19.324117067509075, 55.279394922561686, 36.7133297116817, 40.208754848853175, 20.6346041289904, 85.08179125804001, 85.44143238219391, 40.09948839488187, 18.408468334800396, 38.28660786743426, 33.64627430421024, 51.33860031629225, 52.98875870505367, 43.52134911058038, 51.997938822296014, 27.45351038272359, 20.235389895610798, 39.28074666590831, 78.60342712898161, 55.529572209602904, 39.917532320358774, 31.929686749308797, 58.748880087718696, 18.757278097908678, 51.16003512927026, 43.02642448500837, 48.61057441432222, 38.886227050915636, 27.697468158140644, 69.76340284119317, 55.00428783687567, 62.542737098134644, 20.415848313002343, 53.05836869677204, 27.60020212771613, 72.72042954454572, 42.461827011827566, 31.527389970668043, 53.39371072373743, 61.82933358733511, 62.793221875669786, 73.1142827062966, 13.500461855287934, 50.499519124563456, 20.77999020951513, 45.57862742691401, 68.60782026071806, 54.10565727471749, 58.93036747253998, 50.36581568108754, 59.57038625920003, 31.718593120098983, 41.35069075540464, 69.75362079596907, 21.022862937501653, 71.42771747679045, 28.264510571433938, 34.838020238369594, 61.50807631709036, 61.20296169508604], [43.02089945300116, 79.20213203814758, 28.175914750476306, 51.6744894952679, 20.632693585824533, 0.0, 7.553622861956335, 79.18954385228064, 70.90787184408359, 33.03983967563827, 87.9369865315872, 38.07655877423096, 29.10540931142141, 48.896449193491925, 84.60820830650383, 29.914308481862353, 58.05486910465444, 28.356406954136784, 48.26910727111938, 96.77784291126828, 59.52599913384767, 59.06098288276763, 87.63038541032454, 38.51277942704339, 40.54864729635778, 42.431213156063095, 84.29798840109508, 83.11872270498766, 30.244291739584327, 74.76225227839971, 55.75387162019998, 40.88719479173664, 40.99244488207315, 99.60159241541656, 99.93978053582154, 59.717477600762344, 2.2328479257307183, 52.67894005634949, 30.0523119248947, 68.89972998607345, 73.00745091738938, 62.0908445742198, 61.56901069399118, 46.98113251186749, 39.03289812020321, 58.878756440917016, 98.81753235188101, 53.36739489129103, 39.869960784174744, 52.49589843063592, 66.6854963377186, 33.49441457637584, 64.19825152037086, 58.53501763875399, 56.332441788344795, 59.510425526482, 27.303227079450853, 89.68223018607684, 71.77889612970823, 81.11971610931508, 20.45471412606036, 73.66132445188467, 28.07637381013002, 92.15725159210406, 60.96228566282583, 46.529053734705336, 73.8417818211723, 80.00242482437653, 83.30234412464762, 92.50252270003601, 8.710219411876531, 54.040036257431495, 40.82131741049321, 63.50344014086024, 88.69240462586552, 62.089515011841904, 67.51055272013734, 41.64429733834619, 70.66130899880986, 42.049925910802706, 56.93870838146751, 82.25175201267278, 35.26999465195926, 86.22424623821158, 48.653963972209446, 43.11293442878841, 82.13588367715218, 52.79092484681896], [39.38449826643577, 72.80013567920017, 31.940413839456276, 44.335563337195815, 13.89451865134052, 7.553622861956335, 0.0, 74.26397989485156, 64.40237243429698, 27.39661477974343, 81.84261551692339, 30.691551483364968, 31.06387914274695, 41.415389164662635, 77.95404205969302, 24.350609356736175, 55.07695014074698, 21.38691926894091, 40.739576917503065, 89.39164030239027, 53.2412832763302, 51.80683795398724, 80.6263182373678, 34.772304572771375, 33.57314916187056, 34.923529889894574, 77.18940841425942, 76.44755434529807, 27.37368688748312, 68.97320475066618, 48.21664872040824, 42.23409845815679, 33.75438329633941, 92.5030392265419, 92.84547241111349, 52.227938427640225, 5.641913500784225, 45.440746880795615, 32.53679156616914, 61.3806285948744, 65.57560958434016, 54.53736801295947, 55.293243031206714, 39.502947724568244, 33.47429197229497, 52.99029967256209, 92.4943703101991, 50.43828928430092, 41.44788441382186, 45.77681756769197, 60.844899167140234, 26.046432641459585, 57.24213300394564, 54.63897134423078, 50.43674697946002, 52.63904989223906, 22.868568595512162, 82.21629706517291, 64.32535766732154, 75.87445929880197, 15.222534869424244, 66.84707644861308, 23.39596281121045, 86.41573874289261, 53.40866768446366, 42.69385753384066, 66.57948507188686, 72.45935483874622, 76.07822309632598, 84.9686013530285, 1.4081091465119717, 49.24616426392691, 33.46709253299281, 55.96183381831895, 82.48065292416027, 56.19401746591393, 61.51850810071289, 41.14619724747457, 64.12124803685036, 35.35820247551053, 49.57223655593689, 75.47944924177207, 31.446294445860886, 79.05368137956475, 42.15902918483526, 41.753702134531224, 75.11096494335129, 52.3454609689409], [98.78995207253881, 99.43191194131097, 72.57024833014513, 46.89399821442521, 61.22324162904013, 79.18954385228064, 74.26397989485156, 0.0, 92.79443419285977, 82.71882103138616, 20.115924510277672, 53.4997874688523, 64.81916078575775, 52.1488088460355, 29.19543640083231, 49.96998355791248, 28.42305607977584, 55.65520567932035, 61.898977766097374, 87.736942461834, 89.36327473102513, 42.80169168650297, 38.623522199189225, 41.41963379757537, 73.95475658047835, 55.09391953204926, 40.2958897841519, 29.098537485089608, 50.31206307697092, 13.016243130561534, 54.716161915394686, 60.012848850914324, 49.54938734346492, 99.41511004764662, 99.76489914300348, 51.13394113737709, 77.10609434116594, 72.15074226613663, 66.83118459334884, 65.99346177914535, 49.193711401772326, 58.3285639448829, 90.5626578434408, 52.52594165861853, 40.98937167791694, 24.02210144839697, 30.599097437433823, 109.95948537607842, 61.382789942670364, 36.27149635828268, 98.46769042119338, 66.326953586574, 81.93462031900357, 23.003815163205825, 91.77116237612978, 34.87805401163823, 85.77808917269424, 57.002170946326764, 71.21230273616415, 4.781450610760829, 80.08948892032399, 30.864035248680583, 85.19694348211621, 17.835247277228635, 58.47423863805944, 33.792831670693154, 42.56746964857589, 67.38020533533509, 43.58612807493149, 64.44453305749381, 74.25744707937464, 99.41227227171879, 51.56555274538672, 62.20722165391028, 22.437823725849753, 95.07718873309913, 97.32044375272359, 109.93020966019127, 92.14286527366058, 77.58273855144739, 69.8774292297893, 95.2614920748235, 44.38316811882407, 88.72843275773499, 36.682449824996404, 45.502975117390015, 37.25322206337087, 119.99921185621676], [38.466698922460075, 8.560258940059672, 94.79966494554421, 47.11423466624712, 59.972657869578185, 70.90787184408359, 64.40237243429698, 92.79443419285977, 0.0, 38.48681270634077, 85.04864579562954, 48.27705956287688, 91.39696821108078, 42.75297990794974, 73.9657456441643, 64.97659562396315, 93.39988025915885, 56.27203258971838, 33.783764539233864, 35.96529676015072, 11.77618620346835, 50.00045649802884, 68.69600544253969, 77.23292690714719, 31.39120920577779, 43.364390041576016, 64.10179720190516, 72.7377939677966, 77.00111631309494, 80.49350549358053, 38.28100691637696, 99.73310689739515, 50.25860670075016, 32.0341732635847, 32.28814782798862, 41.67941656925075, 69.66308408632212, 23.247612685502492, 93.56215167936344, 28.876694019795885, 47.74141122818055, 34.69055638293993, 9.900887878255023, 43.25713970466603, 66.6972013366627, 70.81690347988676, 89.3184910855921, 40.4217852864815, 99.60393673250063, 58.551525100992265, 10.806412491948636, 41.24015764203657, 10.960243445096353, 87.66339216934314, 16.632614544773062, 58.01961348775288, 45.8130750532942, 54.37228946421928, 24.939702484217115, 90.82619215061803, 50.804169760360985, 64.80047166690022, 44.68635782191692, 92.79312306235471, 34.41025158373726, 80.88752680536372, 54.400894213928474, 35.17490954678719, 60.31409379613691, 50.72443186836071, 63.000902558702904, 26.073647535574246, 48.13748308855668, 30.997434394598447, 83.85736097150424, 12.377873264015706, 8.61033915376854, 55.95306567843816, 0.6664385665634237, 29.08524190584283, 23.44777738632263, 12.453272338506427, 75.30146329322146, 21.848862548737443, 60.563005309131285, 91.24089003467093, 64.9145290388308, 58.03354038219881], [16.265104763846608, 46.52799491116716, 59.215192395013105, 39.44846396276286, 28.46192236148869, 33.03983967563827, 27.39661477974343, 82.71882103138616, 38.48681270634077, 0.0, 83.74226510420554, 29.272077303546407, 57.44364135195328, 34.26896488032712, 76.21611506846294, 38.19025203160939, 71.79838048402281, 29.410818876278956, 27.263645223802694, 68.44741733134738, 26.82317228354996, 46.79226472580231, 75.59514147094893, 51.78412295883406, 13.005480245706332, 28.910939724144697, 71.28137972015007, 74.68253643544706, 47.783148319624296, 73.59749449292153, 37.45983456393306, 67.66223325985796, 33.30714444453717, 68.9045735314099, 69.21535808094279, 42.69740435757066, 32.10611255600605, 25.14749690189917, 59.224665389003775, 44.43754810170611, 55.881429492499315, 41.09619518110399, 28.831456331425837, 32.947584655584365, 44.53262482194897, 58.77365820815396, 92.31078549241498, 27.893260155360046, 67.14043687327086, 47.29668798469539, 33.6458875059733, 16.467614204573955, 33.54541889526795, 68.61949457732364, 23.301912576002874, 51.68866132988423, 7.8493770212041, 70.55561449827371, 45.45556751586523, 82.75825628488793, 12.590825550611388, 64.68992956795553, 6.629132177876036, 90.10603304915024, 39.970011410461915, 58.22486901947915, 59.63252692256848, 55.861149074078234, 68.86114806339299, 70.99107947709766, 26.006599043431613, 22.338200535600514, 31.450350322831774, 40.59664091445633, 83.59725878164815, 29.05404716206151, 34.49555702453922, 29.042312409386433, 38.3199645775285, 11.891998865124139, 30.477905317324453, 50.40401554765995, 48.845257763144666, 56.19650562718078, 46.07463867535857, 63.292840542871204, 70.25350493687331, 37.81298554346911], [98.86646150507774, 90.48191370826632, 86.92185979561982, 44.50739253076055, 68.00020437553285, 87.9369865315872, 81.84261551692339, 20.115924510277672, 85.04864579562954, 83.74226510420554, 0.0, 55.3042250358113, 79.20216706654902, 49.90505911419694, 12.085836835784324, 58.07205840903297, 46.223627241910556, 61.028065941307084, 58.81902579772243, 73.13432376187382, 84.12702123964792, 37.891464757022675, 20.92324664396733, 53.61563480776973, 72.81573981446262, 54.83133390675939, 24.027100354344466, 12.875726884190229, 62.22631749973083, 13.995630994692622, 49.55818328815432, 76.47827157995333, 51.24116551716045, 85.72540201615651, 86.04925034147571, 44.77135552268004, 85.72826959288503, 67.59466963069117, 81.4743889695913, 56.431851907150545, 37.731145776920904, 50.771979029441326, 84.9291748288822, 50.972404210800114, 49.07329311866775, 29.134986524430268, 11.78762212700324, 109.12150839379699, 77.69841400928246, 37.1827673097475, 92.48078133300722, 67.52337480722831, 74.79115946987662, 39.34174952587383, 87.60051823621997, 32.053925132115424, 88.40598781989395, 40.549439802386075, 61.142596774240126, 15.342249617320475, 84.14022364237304, 20.481759716148716, 87.59431856336602, 7.887947086996211, 51.299898476274635, 47.33619810867577, 30.836582523315403, 54.66254242932526, 27.938669204603293, 48.06928482664573, 81.50058993631383, 96.74091696580474, 52.73850531427947, 54.192836042952244, 2.386500389925983, 89.82220093521511, 90.97993643659298, 112.46584144055687, 84.38220801050879, 76.09225094641353, 64.03214462644466, 85.02328591316066, 55.91161356001284, 76.70790229762731, 39.95307625139944, 61.449398488438526, 21.738328483830273, 121.53518902066797], [45.29025247243262, 56.58279971566719, 52.06031489321607, 13.668638177780977, 18.22172891362462, 38.07655877423096, 30.691551483364968, 53.4997874688523, 48.27705956287688, 29.272077303546407, 55.3042250358113, 0.0, 46.73180194473744, 11.146914057519952, 49.18496878787426, 17.51157746938909, 46.098317292877326, 10.913006931213086, 15.178413581612428, 63.29128898010164, 40.62674785641515, 21.278781046216952, 50.60195976816643, 28.96278513731406, 21.33510814503375, 5.651688983969182, 46.893757129504, 47.64041263227979, 29.73052718841174, 44.4465754085242, 18.640280832784708, 52.9951017403616, 4.092793752666093, 69.34250980620625, 69.71229275007438, 21.881466639704733, 35.93031410019579, 25.05023856980285, 49.18306285180199, 33.976126698023386, 34.9458857243361, 25.620462932325516, 42.35018809163126, 9.260184711511709, 18.577358221672263, 29.514259402195737, 64.75252441678677, 56.528774559807225, 53.137663614386426, 18.247478635293973, 50.0671261487873, 12.830875559176823, 38.02884528895042, 41.42775514875032, 41.263022239659726, 23.67048228784696, 33.16208824498019, 51.6689175093589, 38.15686747865776, 53.488174971662545, 29.02182552825619, 37.66752900366129, 32.40389425153137, 61.256108698049076, 24.619701357044736, 32.9906303693123, 35.9824940262837, 43.9596086065126, 45.52905271878203, 54.89317009146188, 29.830324523321217, 46.99138697916014, 2.838895659672322, 28.075442593746093, 55.41993141664546, 45.82894067524437, 49.60680188078818, 57.34285692893483, 47.75146645694365, 25.058262462198723, 26.344569851174665, 56.08731021288603, 27.16582006001491, 55.74824572311196, 16.820712839057677, 43.104181892421366, 45.06348044092977, 66.88871014247144], [70.43578798285834, 99.95703706336458, 7.7711144678431845, 57.183515024640585, 31.43609124324604, 29.10540931142141, 31.06387914274695, 64.81916078575775, 91.39696821108078, 57.44364135195328, 79.20216706654902, 46.73180194473744, 0.0, 57.17981257356646, 79.98085007127528, 29.75714550561625, 37.907869528191746, 36.328635488843354, 61.387466898103725, 109.99354763206625, 81.22564252318799, 62.491599518685945, 85.84863285451672, 26.10007476566938, 60.10518046347508, 52.37254482168495, 83.80100830140674, 78.72873025403607, 18.90255534059712, 65.20928344722566, 64.85794078836157, 11.905777020035307, 47.254129220549245, 115.82704893978745, 116.19291933148561, 66.87137787791424, 28.477095863900054, 69.55060756822266, 2.54485291759712, 80.65042838481943, 77.7355368390289, 71.98015012026904, 83.24505817956106, 55.489812240681985, 34.75987616918211, 51.768153082135306, 90.95215418946542, 81.47639641643097, 10.786305528033683, 51.90914703904853, 89.71254584795676, 50.19291238186038, 82.52758546171374, 41.83349874802353, 79.40616755357547, 59.07536051984229, 53.84161558742125, 94.0844914332389, 84.88605310347465, 68.14557434432962, 46.046544476583506, 71.19234113446096, 54.27795374373574, 81.08439109614389, 71.06571347123104, 31.889200972529856, 75.90526593973668, 90.12439017183857, 84.19885092457515, 98.881226108018, 32.286216153357195, 79.72642318802147, 48.46283733661962, 74.72533505149366, 80.65659864147946, 85.03718366169063, 90.04308061083394, 70.74686841616987, 91.00009331389218, 62.86313858242864, 72.21462815682928, 101.11061824980453, 24.68754568160214, 102.17513845844674, 47.19109378133453, 20.020069836437933, 80.92052165448708, 81.89572764977827], [48.97795377898141, 50.50555256030946, 62.84679508198099, 5.455046549598826, 29.355192298924003, 48.896449193491925, 41.415389164662635, 52.1488088460355, 42.75297990794974, 34.26896488032712, 49.90505911419694, 11.146914057519952, 57.17981257356646, 0.0, 41.94762767194067, 27.472958845066085, 50.85598681979541, 22.01609597725748, 9.767629417605146, 52.95187258998537, 37.495013061980956, 12.53227599230677, 41.7779666959906, 36.792394429933694, 22.913982833181787, 6.5857253885465585, 37.69239646235953, 40.4149501609428, 39.351354439185705, 41.20274267820267, 7.681653627907189, 62.516514806043425, 9.942855911852577, 59.98098536041373, 60.355039493374164, 10.825474453503817, 46.79221880758311, 20.338917356354226, 59.67407484969884, 23.65142899999406, 24.24565877011854, 14.800340245165394, 38.86130463739114, 1.917776428803113, 25.622524244298, 28.753417762673237, 58.06675104076827, 59.280139330373004, 62.81175759948047, 16.19369984854769, 46.812033572960225, 18.98305565265641, 31.87576288809242, 44.92076922736536, 39.62929833623981, 18.138217387379093, 39.89064966553762, 40.80395219606006, 28.2925219217284, 51.14297144944179, 37.428062979138666, 30.435788751698304, 38.91858420568848, 56.68505131002025, 13.901282585931236, 38.93401920756992, 26.259111002292638, 33.031316398607885, 35.80252022352863, 43.78234200474856, 40.45638179841529, 47.550545802042556, 8.839715699638674, 17.728845976745145, 49.58338188941455, 43.14445126457717, 45.89218086386775, 63.291883934306966, 42.15224693255047, 26.253289454748, 19.367339817933203, 48.63672099627618, 35.705350822008484, 46.61356116141488, 17.810055471404294, 51.237035941241075, 36.319630739988675, 71.84735041875321], [90.62723883305664, 79.03935127251155, 87.49063019325902, 36.84192346625045, 64.09460701337044, 84.60820830650383, 77.95404205969302, 29.19543640083231, 73.9657456441643, 76.21611506846294, 12.085836835784324, 49.18496878787426, 79.98085007127528, 41.94762767194067, 0.0, 55.44868682077492, 51.102005906121455, 56.61372894834113, 50.030214599507616, 61.06861119156209, 73.88203869971306, 29.438897154675598, 9.455152123415685, 53.8832592479318, 64.50457670998257, 47.62698301091043, 11.980477253759224, 1.5468718950330635, 61.83137387765797, 18.219672824839126, 40.18737102355865, 79.0467198598909, 45.3130139591893, 73.63965703558725, 73.96342747394218, 35.0814393957899, 82.37548633540133, 57.895179689411464, 82.39835796660665, 45.144559810860784, 26.276140111464443, 40.3164988208523, 74.53181090603124, 43.3092056033485, 47.058300112342536, 28.212899896696584, 16.245533295856514, 100.34890662282635, 80.10444178962285, 32.17835986851794, 81.88495680771595, 60.52995872109261, 64.00034521088824, 43.566163161133915, 77.71167755613794, 25.58865957206341, 81.59146810877026, 28.67614041542446, 49.6496584079033, 24.819495024137336, 78.17351224777185, 11.582572439523545, 80.67796131140145, 19.89540234869901, 40.98024287554791, 48.95210452327689, 19.57659356279136, 42.68874499750345, 15.856948956873383, 36.21270537238732, 77.4203631071481, 87.33422472545335, 46.42603596590032, 43.46584032694262, 10.29640141485047, 79.50487702836561, 80.28096214269709, 105.22823365649126, 73.30048758134075, 67.53808141658415, 53.89340608282977, 73.32155062504546, 55.59443440536171, 64.74348428194287, 35.98542418805899, 64.04433299467254, 9.681002219566603, 113.71511340641418], [54.135078848427575, 73.42654553775556, 35.7982709067931, 27.520540107879366, 11.512107081029383, 29.914308481862353, 24.350609356736175, 49.96998355791248, 64.97659562396315, 38.19025203160939, 58.07205840903297, 17.51157746938909, 29.75714550561625, 27.472958845066085, 55.44868682077492, 0.0, 33.775072272335215, 9.185046244301448, 32.64469589108863, 80.39583908618879, 56.24627917362987, 33.36533902923584, 59.5271946944514, 13.616817484638677, 35.31663832313865, 23.126556774073592, 56.73676005275915, 54.00841280156066, 12.232348395943916, 44.85127962226885, 35.13732347514894, 35.4841257425769, 17.530850443020913, 86.82554084897306, 87.19609777169006, 37.15238655832876, 27.725748326727473, 42.00869109725852, 32.270598278926855, 51.0564168848689, 48.53737782412671, 42.264424684193884, 58.12490624722609, 25.834414420007008, 9.151880838458666, 28.973561368865557, 69.09776587206328, 65.88794731315498, 35.63279192252829, 24.093817307596957, 65.47021710508388, 24.922608602024805, 55.118497324443496, 31.568946903817135, 55.84350037412817, 31.435679862330872, 38.60864160370156, 65.1687930791083, 55.471484885123196, 51.524145224565906, 31.679622410621462, 45.04752533957701, 38.36761540618263, 62.25951248006308, 41.37388255478397, 20.298381675914897, 47.5310361284696, 60.36832012195004, 56.45845183900916, 69.52366236124676, 24.292700886362198, 59.37017222297067, 18.88391390126788, 45.12288675538389, 58.89597273576224, 60.97511051046489, 65.3162935841539, 61.76502161216542, 64.49151264140586, 38.775848507238756, 43.77629329560687, 73.4071381356413, 10.861843646688461, 73.2480095557517, 19.68496293962559, 26.46043379265364, 54.200493384317625, 72.50738054772178], [87.86504940970786, 101.32171015532052, 45.460443656058274, 47.28556719947191, 44.79009426283184, 58.05486910465444, 55.07695014074698, 28.42305607977584, 93.39988025915885, 71.79838048402281, 46.223627241910556, 46.098317292877326, 37.907869528191746, 50.85598681979541, 51.102005906121455, 33.775072272335215, 0.0, 42.394345354036076, 59.638207228109465, 99.0569638543401, 86.64635273128484, 47.80836856418209, 59.324461293999825, 20.62652747685912, 67.08251400932495, 50.290631972679584, 59.05079121856185, 50.29419900937915, 27.86794671130929, 33.281954862881896, 56.76512411323679, 31.732054499302983, 43.39112566313324, 108.58055384693564, 108.95338436561762, 55.606558895894935, 56.28522933258172, 70.33954967242626, 39.62317548883128, 71.99283141441013, 60.533111152656545, 62.84755033114379, 88.30945740924393, 50.178716741876705, 27.80152325080292, 27.20206755178653, 57.775038030558036, 99.60711110314193, 33.15157131311165, 36.43637307231848, 96.10548050040751, 57.22637211188387, 82.63820271308623, 7.72364664660773, 87.33230534865054, 40.547405943631546, 72.34210378399584, 73.70460098276693, 77.24657665514154, 32.52821520275457, 65.20576449813846, 46.40917183442036, 72.13051035942756, 45.972604542172924, 62.454687425411365, 13.577547807192422, 55.723252235737604, 77.59451808676711, 61.036761402466645, 80.31451578073806, 55.52967821065557, 92.26815086892867, 45.593089083482894, 66.66630799940481, 48.189688944930644, 91.91745267149028, 95.55035751348501, 95.03830219839308, 92.8212314471026, 70.75985587596402, 70.1839790888528, 99.35022604915856, 23.90626275613624, 95.9640849743239, 33.28357670071586, 17.916809411652352, 55.78411831259421, 105.96367552328516], [45.5475676270084, 64.77664463086992, 41.31172768654023, 23.764368704229287, 7.775584242987344, 28.356406954136784, 21.38691926894091, 55.65520567932035, 56.27203258971838, 29.410818876278956, 61.028065941307084, 10.913006931213086, 36.328635488843354, 22.01609597725748, 56.61372894834113, 9.185046244301448, 42.394345354036076, 0.0, 25.060587340260927, 73.97449528431514, 47.22048306378349, 30.864646446825226, 59.28867633072859, 22.69977922618902, 26.177940315796757, 16.356055212786817, 55.944335510121086, 55.100308233004064, 20.758373729222956, 48.71970991188671, 29.553023499874786, 43.56603087038535, 12.915607908547358, 79.49841970934935, 79.86428520473328, 32.625185437999676, 26.141010984643724, 33.61115087617957, 38.72132276625327, 44.73564233055064, 45.31864224231666, 36.520958507222986, 49.125941250230426, 20.151872567959675, 15.393563016653587, 32.79656259362891, 71.38537685438831, 57.263556174871496, 43.53443808812763, 24.443538170178208, 56.38345841931214, 15.761066041619477, 46.719399646089315, 39.38898844666045, 46.68554262592541, 31.252203935028415, 30.67722543795425, 62.105685366916, 48.725972831289106, 56.56409768527626, 24.465363824506348, 45.46197279566045, 30.281293058438358, 66.0963472008007, 35.507899651345966, 28.81790054675184, 45.62032953537477, 54.86356235068654, 55.01802888467732, 65.62815179841125, 20.808737568736547, 50.25243109216725, 13.256636756854057, 38.871346118011054, 61.51660726416918, 51.86162832543869, 56.2839282759794, 54.501107389843476, 55.81003229186481, 29.605396027748952, 35.930924080706276, 65.18953985855907, 20.04305748139737, 65.84701405381995, 21.085838309086057, 35.561498881930824, 53.78667895130904, 64.92837076747763], [40.65493836701864, 41.86222570598157, 66.22236883316363, 15.041109710809174, 31.035362430561307, 48.26910727111938, 40.739576917503065, 61.898977766097374, 33.783764539233864, 27.263645223802694, 58.81902579772243, 15.178413581612428, 61.387466898103725, 9.767629417605146, 50.030214599507616, 32.64469589108863, 59.638207228109465, 25.060587340260927, 0.0, 49.30507426392811, 27.787221801953432, 20.93127424567967, 48.55562358549505, 43.89373160396928, 14.672543103401328, 9.774558551261133, 44.15459417030515, 48.534070106023265, 44.87640468779384, 50.784433709249576, 10.23486069835383, 68.11596882739678, 16.55295743773963, 54.44177554083334, 54.808209301898856, 15.510997424073667, 46.36143867986251, 10.779203721975009, 63.781456415185644, 20.653560824667867, 28.639583525150414, 14.48574875659009, 29.212848256208, 9.73619816908059, 33.07686041093562, 38.50014163764427, 66.27121254427055, 50.387378135906005, 68.21908178988569, 25.931161521768576, 37.156344299968296, 15.071869640565435, 23.1708244442271, 54.08266800444752, 29.872203787508987, 27.587353076145874, 33.93664451521356, 43.846604209640034, 23.985958505756265, 60.811305395086606, 33.25706055313923, 38.78962389494774, 32.83002477385231, 65.84387466311385, 13.319817881029746, 47.133017697584606, 32.50092494872035, 31.76568846040746, 41.621846199891735, 45.24656851042097, 39.56239068042031, 38.070467916886194, 14.511190405870106, 15.276251357264803, 58.315033485430526, 33.40786623111198, 36.320006376592865, 56.0944893271647, 33.21609890139457, 17.51675561587839, 11.171747152705072, 40.95154227567209, 42.27043135362501, 40.79621264278302, 27.16712652437387, 58.17315831646019, 43.324025931063275, 63.90798544358793], [73.07076076879564, 33.78081980465874, 115.28583732334765, 54.0226343673514, 80.32634775278308, 96.77784291126828, 89.39164030239027, 87.736942461834, 35.96529676015072, 68.44741733134738, 73.13432376187382, 63.29128898010164, 109.99354763206625, 52.95187258998537, 61.06861119156209, 80.39583908618879, 99.0569638543401, 73.97449528431514, 49.30507426392811, 0.0, 45.64407478658761, 51.43126234192306, 52.57970756949072, 89.02880613849138, 57.04651785945372, 57.67901599002338, 49.107525478640774, 60.45638585583904, 92.29148345074715, 74.7797117117014, 45.348936679673145, 115.38122055605314, 62.88555214827014, 13.358015465553043, 13.61029362019229, 44.458470563547266, 95.02872758357144, 44.35100795033019, 112.45962765593913, 29.347230155871596, 39.1949278331399, 38.253158526411525, 44.41350470422946, 54.56142496732323, 77.88536800800182, 72.18553513488978, 72.59099705030256, 76.31299868664128, 115.72267591917804, 63.171620508098094, 46.65603938680686, 63.36121281115817, 35.348879780464415, 91.79550307349912, 51.25154117303888, 58.52334867225447, 76.29628361893535, 33.08087901449666, 25.322321353207382, 84.22003170976447, 78.967220696232, 56.90902343336745, 75.07654496162064, 80.82793427690311, 39.072117074758516, 89.50894313473104, 45.33417197133997, 21.462449020592132, 45.22037106689578, 25.994544710048935, 88.11887372540252, 61.69241876896476, 61.548583628711214, 35.278281857777046, 71.1805805419703, 48.12745438851261, 44.466286433065605, 90.90980776955139, 35.62275130580504, 56.75651388799917, 39.84106469941082, 25.501635495640617, 88.3489073240257, 14.145782010144352, 67.19016144485437, 103.34469911335653, 51.54584617316971, 93.86408430857651], [27.490503012330297, 19.71604527126161, 84.18231882539739, 42.5384531977167, 50.00162533355913, 59.52599913384767, 53.2412832763302, 89.36327473102513, 11.77618620346835, 26.82317228354996, 84.12702123964792, 40.62674785641515, 81.22564252318799, 37.495013061980956, 73.88203869971306, 56.24627917362987, 86.64635273128484, 47.22048306378349, 27.787221801953432, 45.64407478658761, 0.0, 47.05413056383569, 69.96875251722355, 69.14227439281538, 21.263261103163217, 36.4455457568541, 65.31301931487512, 72.51925630353391, 67.92786078585797, 77.74103865320856, 34.97712252539145, 90.14153703133162, 43.2908762491988, 43.38323154336898, 43.65920616683853, 39.414351467440596, 58.37452386971294, 17.221600673649622, 83.29626498841081, 30.764260858622862, 48.49273480578972, 33.56657634265079, 2.052499916454618, 37.50664126532828, 59.1885890408095, 66.2453245328556, 89.8405700223971, 31.462676620149345, 89.90129179958451, 53.68861070414349, 9.46361475105747, 31.611850734269456, 11.77444595315093, 81.52999497648119, 5.6421618611439905, 54.5984707786523, 34.0553301782184, 58.356501173520215, 28.58349459145942, 87.95757283245634, 39.259811778601275, 63.64594388622399, 32.93774427625817, 91.60472922563244, 32.91797433124654, 73.61710852452957, 54.52890782931743, 39.9052586608511, 61.8449843763148, 56.07367144644239, 51.83391107515937, 16.544251935148125, 41.074367166441185, 30.6175618942282, 83.235727335374, 5.739058173671735, 9.070377607846991, 45.28309137269943, 11.697775399655058, 18.366687463028214, 20.095470438939945, 24.07921992762143, 66.90795582114166, 31.97086718853348, 54.87833393751917, 82.70503343514721, 65.54116017288592, 48.64201216082302], [61.28240082595783, 56.81512471861393, 69.00964263776225, 7.760553420715066, 38.632863824730634, 59.06098288276763, 51.80683795398724, 42.80169168650297, 50.00045649802884, 46.79226472580231, 37.891464757022675, 21.278781046216952, 62.491599518685945, 12.53227599230677, 29.438897154675598, 33.36533902923584, 47.80836856418209, 30.864646446825226, 20.93127424567967, 51.43126234192306, 47.05413056383569, 0.0, 29.51773321286404, 38.66961950553276, 35.14934522753926, 18.543002496443254, 25.654989252676028, 27.911568976159476, 43.69491010152449, 30.738947140306443, 12.080829274101673, 65.71524873685601, 18.06872766598188, 60.80425196689027, 61.17611648458691, 8.467043309350887, 56.872923168379565, 30.057550198624362, 65.03621545914548, 24.545848765368177, 15.245349689692095, 15.889050954826269, 48.09807162686534, 14.00139662478185, 28.039750764087724, 21.781026416207727, 45.60250162527748, 71.28838482330173, 66.29340512898388, 11.803081195691519, 55.921798627263804, 31.369700337198267, 39.13334310010239, 40.79524732624779, 50.062608429560456, 8.128032518816287, 52.37130740971313, 31.803973276686726,