instance_id,num_cities,city_coordinates,distance_matrix,best_route,total_distance
46,59,"[[89.13659024292758, 58.94821584184956], [88.41725498018863, 87.26437877386562], [41.708068787712726, 30.772566902307187], [28.505590368266997, 21.44494938806252], [40.418022562011735, 72.90022663422727], [11.790763605275057, 43.73105515877253], [96.81563679053787, 76.78729627570648], [31.824254087994596, 19.72216622156706], [71.65454017544559, 47.5450416209802], [10.284980225469942, 56.08608626596433], [79.47039029744786, 55.69677790976545], [92.17643229651902, 54.15113604621424], [95.03828988695211, 76.26630291242245], [46.668889133830824, 68.90513978103897], [19.287706217826152, 12.040100194050096], [2.3760954606115825, 98.81878464639179], [71.53788503254482, 18.150255712634756], [54.03138817655694, 0.4496284882082646], [60.94102768593045, 59.56534031795978], [48.04346747138948, 36.74371817728318], [25.489123970760332, 37.06453729825414], [26.8068059637146, 17.87788795187515], [24.25094285893352, 16.212218504110965], [11.57744454272901, 29.414856875628427], [83.18851029807368, 20.008492089080065], [95.02206866124119, 88.63324600205374], [53.03757787554152, 43.60602422491097], [17.627648632258687, 58.25394362471482], [45.37285222676539, 73.07843428362253], [62.4369475257177, 72.13098749240586], [67.63169404611013, 67.1849611342932], [94.76697831267693, 22.77842429033533], [24.07176484626471, 13.577258225947586], [13.13246357953889, 47.45071573864267], [27.68068556273864, 48.23222204242641], [18.726900360459098, 2.261401592630652], [23.064017627065226, 16.305211183344003], [58.33833781361262, 98.58936238618419], [54.00524796398681, 94.09016781905711], [77.06131748916957, 52.385719719227886], [37.14701760090382, 2.482663633997939], [45.283730003127175, 7.101768316758905], [9.517609606822418, 19.692796691498295], [13.58953037313072, 15.610773855937254], [9.424382367190187, 19.634564359054373], [63.972543027794984, 31.338981485557582], [94.94287924970259, 73.4386765724089], [10.036175527770174, 92.2471590599193], [79.18077136257024, 74.17139839259399], [7.5773779435093225, 68.63810099181457], [72.38191906087974, 59.70018667865213], [42.83159244324566, 24.108661107742613], [24.659842947339083, 90.73081600649586], [27.17762627909307, 76.24897113648909], [93.60713562908455, 44.132445492783155], [71.69536256436628, 55.55817979645417], [99.64340812369574, 64.53463340271679], [87.11394431941018, 77.19603517889436], [79.3731127677767, 85.98162119581818]]","[[0.0, 28.32529834640228, 55.16640137431579, 71.29244799068721, 50.676991248796554, 78.82854100842147, 19.421651490179258, 69.45060722807902, 20.87233712053939, 78.90353723410874, 10.19839546262977, 5.6791385153450555, 18.29607057464042, 43.61933025417036, 84.13820721396075, 95.4832221475062, 44.431835161142665, 68.22360247372104, 28.20231533978288, 46.708505174672815, 67.30449724547451, 74.64431553228441, 77.69499793996533, 82.99180907518708, 39.39139171154497, 30.262846393303242, 39.22399186099692, 71.51231183642113, 45.98834459251062, 29.77677601113609, 23.028341960473107, 36.60539701595881, 79.32184629017532, 76.86884790659786, 62.38317676401022, 90.39313767687696, 78.63848102795305, 50.199131985017615, 49.690723471171694, 13.743309915630775, 76.75463666540206, 67.90528309478907, 88.77032167454533, 87.09473079844146, 88.87968990346137, 37.356379562078494, 15.610459449166717, 85.82362860861876, 18.18965685635024, 82.13281308418148, 16.771537393988247, 57.94779888226456, 71.88452277816799, 64.3290707941343, 15.475555792473648, 17.76763257512078, 11.89963373990961, 18.359575351552873, 28.742485930061054], [28.32529834640228, 0.0, 73.3012474879857, 89.00339791965307, 50.10244684069672, 88.1292768914288, 13.427660805428374, 88.11763856597469, 43.11164983493134, 84.12335158596039, 32.81097090862158, 33.32593971722282, 12.837280704675717, 45.60688223543747, 102.16450753535469, 86.81350947024531, 71.14545056679579, 93.3765961202171, 39.01512267964165, 64.67132181207327, 80.49828418367869, 92.79187753570736, 95.73779342684493, 96.18172202616957, 67.45883236987919, 6.7451731816037555, 56.194069740065274, 76.50342289360631, 45.32175669012807, 30.066524692863986, 28.900217232551423, 64.79781872911377, 97.82706085341778, 85.16412143926351, 72.19723072049479, 109.91929610717679, 96.46890223109942, 32.140263093712, 35.08244037937754, 36.68076026678829, 99.0786377731642, 91.03046244112252, 103.88008829971724, 103.6022560932158, 103.98877690133301, 61.03436740305079, 15.288355486128479, 78.53930045210117, 16.02306977089274, 82.9579649179002, 31.889131124991593, 77.88900630291214, 63.851576145106336, 62.22243428913417, 43.443049268134175, 35.84556792075617, 25.35089424534637, 10.152347581958441, 9.134657922569922], [55.16640137431579, 73.3012474879857, 0.0, 16.165082273467526, 42.14740720083367, 32.60318339168833, 71.79275291067458, 14.825692166751137, 34.3235641617363, 40.350771459351286, 45.24609618684145, 55.62025899322525, 70.0984486180102, 38.45390556053116, 29.21605665967143, 78.59574972655436, 32.39044113576378, 32.73140380161993, 34.625575936663395, 8.705855732194308, 17.396639400723917, 19.705846314852447, 22.732245625325064, 30.161198482635672, 42.854315237549024, 78.67808315152601, 17.118861031689224, 36.53892036475743, 42.46430327393345, 46.26235367382871, 44.69783887665474, 53.657750568570066, 24.631643412294327, 33.0866417398377, 22.396585403855116, 36.61994879293937, 23.59883525049188, 69.82609539116308, 64.50069148114771, 41.436464236643396, 28.655223168891656, 23.939341235819622, 34.0438976940199, 31.945769218368735, 34.15101037381087, 22.271677949077056, 68.22273784674088, 69.15370057787175, 57.33813750886963, 50.977472763822206, 42.16268820302438, 6.757954264670145, 62.33485092582098, 47.741356302130946, 53.5910393158916, 38.904554933655646, 67.05505706770802, 64.93713836955935, 66.83333909063647], [71.29244799068721, 89.00339791965307, 16.165082273467526, 0.0, 52.81620582028063, 27.857780675066447, 87.91494640415313, 3.7391858369699063, 50.428629606893224, 39.140758783770764, 61.40520001515814, 71.57982088249676, 86.20893751512365, 50.81707482908384, 13.16892465515179, 81.6667673335505, 43.15823664711219, 33.05101894703938, 50.05219074762131, 24.814934377562835, 15.908192732409644, 3.950923403798857, 6.744145456063205, 18.710466227516577, 54.701783715171935, 94.54474647694272, 33.05951676872291, 38.38270018023607, 54.318701062002376, 60.99517568842168, 60.19136701849071, 66.27480431985134, 9.031022809293544, 30.20981480815923, 26.799970973816656, 21.532098929004132, 7.4851601660106954, 82.71186902109359, 76.99065072062885, 57.575949014544925, 20.838487124447347, 22.07335073909415, 19.068651039574526, 16.016443110695768, 19.166898359766364, 36.82114341108193, 84.36386086729058, 73.17152573896443, 73.13037941534866, 51.62541654641157, 58.211643162699936, 14.571537172784966, 69.39251462724859, 54.82010843134249, 68.94152358954646, 55.036977671806866, 83.17036721986591, 80.88957114312804, 82.17351667713014], [50.676991248796554, 50.10244684069672, 42.14740720083367, 52.81620582028063, 0.0, 40.87004428601152, 56.53140897826059, 53.867977183457974, 40.23189580010308, 34.506746540053136, 42.67371642778397, 55.04962648486053, 54.7238894100061, 7.41849390801147, 64.42394942193243, 46.03216122471528, 62.97622691222553, 73.71847051500197, 24.474740701060995, 36.951867528759955, 38.820981998556476, 56.68088717867092, 58.94832255362162, 52.18003759608071, 68.02095415660489, 56.825432236237134, 31.89676270578616, 27.09086100242479, 4.958033377562699, 22.032357690783428, 27.80734031472925, 73.93242902399416, 61.53385021335304, 37.31191946028083, 27.762388304577826, 73.89417017343105, 59.19592267350737, 31.322027303468573, 25.171934799308236, 41.99495275725677, 70.49349368804796, 65.97811929615868, 61.52939234147891, 63.260172247353, 61.62658931126105, 47.77188014596894, 54.527515303277426, 36.018889814878335, 38.78358637638439, 33.11606338245056, 34.582245939486434, 48.85122502145515, 23.796011055022277, 13.657312454145407, 60.470381019668494, 35.76336933436786, 59.813288197901485, 46.89310268926031, 41.09284532148274], [78.82854100842147, 88.1292768914288, 32.60318339168833, 27.857780675066447, 40.87004428601152, 0.0, 91.22469039109366, 31.26927387900591, 59.98515014549186, 12.44645239602733, 68.72925425279617, 81.05821251816049, 89.37948857769267, 43.01416251602169, 32.56563795032963, 55.88643767834248, 64.99304439052258, 60.47770050862892, 51.63790318845859, 36.91993249854441, 15.234419486390303, 29.89762169033257, 30.208317362263752, 14.317787479381847, 75.23561810342608, 94.57090928951536, 41.24700377215635, 15.651949278362277, 44.59849030717645, 58.06541227149132, 60.566452909236354, 85.58075103361644, 32.55878469702504, 3.9542424875542808, 16.515148292667117, 42.04571512035963, 29.652372148014692, 71.94519119814596, 65.71227372114859, 65.84184401248478, 48.41868874796111, 49.63349124011088, 24.145498529542987, 28.1777533248435, 24.21240651040003, 53.633027078684556, 88.29958723686195, 48.54782093017761, 73.94611309407118, 25.260909541503644, 62.66020492261787, 36.722900256407875, 48.72977244822231, 35.974579948579915, 81.81735662644347, 61.06096833202704, 90.28220210335978, 82.42260879541129, 79.7024732914421], [19.421651490179258, 13.427660805428374, 71.79275291067458, 87.91494640415313, 56.53140897826059, 91.22469039109366, 0.0, 86.48877900447135, 38.57706883844169, 88.97243742558243, 27.306913792117683, 23.10666501840044, 1.8521328516798867, 50.7624338615859, 101.00880862243484, 96.97532390476712, 63.85348275492918, 87.50960777364604, 39.79426271988147, 63.104775152283096, 81.64171122539422, 91.49620092005267, 94.52499591336814, 97.51767753791356, 58.391190956383866, 11.980960376930366, 54.931914742468194, 81.32787116998566, 51.57630988109786, 34.69258547661883, 30.723075273775194, 54.04771276095891, 96.37001512761518, 88.67642548202812, 74.79995819342625, 107.94424364253624, 95.38020730924042, 44.22479647488876, 46.17487146843162, 31.395382932878807, 95.29702276575497, 86.66954611663573, 104.31072539743874, 103.29158574045664, 104.42062112065312, 56.07332810858286, 3.8367270849082065, 88.14580111589484, 17.82782657525589, 89.60957664125121, 29.815698490465667, 75.42755230848904, 73.49068191019263, 69.64009119715173, 32.812097759180766, 32.889262133525015, 12.57473809634894, 9.71029887775422, 19.717435305363303], [69.45060722807902, 88.11763856597469, 14.825692166751137, 3.7391858369699063, 53.867977183457974, 31.26927387900591, 86.48877900447135, 0.0, 48.585636615150584, 42.26434667092531, 59.70198473925665, 69.48193562142578, 84.81305156699658, 51.37439126447905, 14.703032712748593, 84.40064628180187, 39.74472776920266, 29.403869050026838, 49.34840450135054, 23.511616570479344, 18.46325291393153, 5.345666283626267, 8.34714178335901, 22.44730604944803, 51.36505425400673, 93.50241004031425, 31.94438572330354, 41.06387069324516, 55.04957632022088, 60.69449354357231, 59.45493803950645, 63.01688064485042, 9.892471062265777, 33.44032731198827, 28.809589428383177, 21.827023986134822, 9.403048685646283, 83.20475507251543, 77.6053873834226, 55.79695002647075, 18.04251259889155, 18.45079768426612, 22.306663815521713, 18.692476993207134, 22.40004301769996, 34.18278629126911, 82.88199036326465, 75.72710844571813, 72.16203026794336, 54.59560126249291, 56.94880426944807, 11.84917022636714, 71.36916092592806, 56.71746489295964, 66.43031074456235, 53.60900260286598, 81.28711379412962, 79.75083359319777, 81.55494672449184], [20.87233712053939, 43.11164983493134, 34.3235641617363, 50.428629606893224, 40.23189580010308, 59.98515014549186, 38.57706883844169, 48.585636615150584, 0.0, 61.961054962623635, 11.29328639730266, 21.55895497894284, 37.036611626088046, 32.87151580594803, 63.268366222580944, 86.18874419518048, 29.395017384240976, 50.284723570110245, 16.1017679348451, 25.964424553060724, 47.34011643638507, 53.77229091969543, 56.82294292817863, 62.75317536637616, 29.85454784304172, 47.268191490635004, 19.029113046135002, 55.077995533106254, 36.642615385592755, 26.257051408126358, 20.047686386955533, 33.875804501885185, 58.463072249062975, 58.52215261308532, 43.979223576947184, 69.6558907099901, 57.7664771930652, 52.752667493903296, 49.77897436026947, 7.257093451999576, 56.75726406438363, 48.281238433830495, 68.09365380196415, 66.26720773529229, 68.2025460069406, 17.934588517427606, 34.82566679670922, 76.12556840758957, 27.669604818488303, 67.45961661112094, 12.176889233955517, 37.14870452027085, 63.824075996743275, 52.93497368824186, 22.216261150007117, 8.013242158245031, 32.741761680377486, 33.43911774341388, 39.2039157773294], [78.90353723410874, 84.12335158596039, 40.350771459351286, 39.140758783770764, 34.506746540053136, 12.44645239602733, 88.97243742558243, 42.26434667092531, 61.961054962623635, 0.0, 69.18650538814597, 81.91430860757991, 87.12269877863675, 38.576119043706946, 44.95662314209897, 43.45841655072578, 72.04891107487684, 70.77544519590789, 50.775391215378676, 42.42440998267741, 24.35128974322407, 41.627360523262716, 42.24894605276054, 26.702526869255383, 81.3419786988182, 90.77274791179474, 44.536912268111344, 7.656003190956898, 38.985877606288476, 54.56433403471884, 58.41087749186127, 90.81083826884105, 44.68865506497031, 9.092732570346241, 19.086480750071438, 54.48268253077611, 41.78303267177257, 64.1533604454635, 57.92902576275322, 66.87878535780659, 59.95745132859146, 60.20278972728682, 36.401378871099126, 40.60998604244647, 36.461679582866346, 59.11661014187151, 86.41800887280662, 36.16192872880687, 71.22996947300038, 12.840723647646946, 62.20202194882105, 45.62715952811372, 37.508585378111135, 26.30405704439954, 84.17524047389686, 61.412651337081854, 89.75693056897805, 79.676343207093, 75.27890187114487], [10.19839546262977, 32.81097090862158, 45.24609618684145, 61.40520001515814, 42.67371642778397, 68.72925425279617, 27.306913792117683, 59.70198473925665, 11.29328639730266, 69.18650538814597, 0.0, 12.799707498709584, 25.79660552211895, 35.36098559018516, 74.34958622750626, 88.33480492638611, 38.37533021196486, 60.82261378890716, 18.92889468234196, 36.69972685917527, 57.106370086339936, 64.83611302756553, 67.88385527408934, 72.80241380955586, 35.88144591788334, 36.423421452757594, 29.066817803115438, 61.895587832744894, 38.27223642250981, 23.66899696362219, 16.496456672017754, 36.29881003451074, 69.59210903741888, 66.84847090667581, 52.32488041844901, 80.90186037341086, 68.79952330497794, 47.81566108762155, 46.070878684808356, 4.094720764192813, 67.99271898199846, 59.41550891327685, 78.67450787844862, 77.11793193136748, 78.7840496112177, 28.870149231284568, 23.540876842912066, 78.46681172892937, 18.476890461113506, 73.04849805736966, 8.14086643069719, 48.375723573909774, 65.05059512549961, 56.18652698919846, 18.264209613942217, 7.7762629641236565, 22.02404000024529, 22.8175805292947, 30.28499951755905], [5.6791385153450555, 33.32593971722282, 55.62025899322525, 71.57982088249676, 55.04962648486053, 81.05821251816049, 23.10666501840044, 69.48193562142578, 21.55895497894284, 81.91430860757991, 12.799707498709584, 0.0, 22.29957027362081, 47.839493213360356, 84.17901003169956, 100.29605838372403, 41.49714469647288, 65.87029911057355, 31.701168891436254, 47.44193062175803, 68.84147694891936, 74.75919056680559, 77.8025293907727, 84.30943205917562, 35.30584764927431, 34.5993287987908, 40.534544634302485, 74.6615977316779, 50.48581707681513, 34.75215119183046, 27.790731768122303, 31.47948493192502, 79.27474559961486, 79.32745188665177, 64.76677303781761, 89.9298520141655, 78.79619210449546, 55.85492456781676, 55.24640777734155, 15.217864188083189, 75.48422035865474, 66.42716712398769, 89.55366055908306, 87.5286277264415, 89.66211847007061, 36.27469869732532, 19.484928747480186, 90.54462298500523, 23.86834949316842, 85.83048497333883, 20.557595120958535, 57.770784316762494, 76.78908010480674, 68.65245151753832, 10.120329660204918, 20.52934459471107, 12.789556104733926, 23.59440951907406, 34.30896057612692], [18.29607057464042, 12.837280704675717, 70.0984486180102, 86.20893751512365, 54.7238894100061, 89.37948857769267, 1.8521328516798867, 84.81305156699658, 37.036611626088046, 87.12269877863675, 25.79660552211895, 22.29957027362081, 0.0, 48.926328820614465, 99.31342327115057, 95.36716787378114, 62.68767000335074, 86.19590540526448, 37.967689437031346, 61.404788396480384, 79.83648856823652, 89.80391082782577, 92.82963725764382, 95.71191514806789, 57.49224778124421, 12.366953727993922, 53.20482697473384, 79.47862899278215, 49.76764214198198, 32.86256772343641, 28.871997923151298, 53.488566717210325, 94.68983049965479, 86.8268532613606, 72.95859476801057, 106.30218055532195, 93.678324006588, 42.95585485652125, 44.73701699556857, 29.890697386272574, 93.78392629905217, 85.20122695752603, 102.53949659377653, 101.55291050217335, 102.64937882120564, 54.621834814569, 2.8292355696263254, 86.49131290909182, 15.99529676806004, 87.79294153017211, 28.06683712282686, 73.79674014889811, 71.84948108845705, 67.86066582114753, 32.16571148250135, 31.20446472820234, 12.60314180906277, 7.9787000671250015, 18.433262964619697], [43.61933025417036, 45.60688223543747, 38.45390556053116, 50.81707482908384, 7.41849390801147, 43.01416251602169, 50.7624338615859, 51.37439126447905, 32.87151580594803, 38.576119043706946, 35.36098559018516, 47.839493213360356, 48.926328820614465, 0.0, 63.11388044724803, 53.44789725058246, 56.52013104909971, 68.85029715634505, 17.056546920782726, 32.190782922765564, 38.24142281387472, 54.75657747790229, 57.263498564798795, 52.82889292271539, 61.0292133776224, 52.2228699467735, 26.088415900761593, 30.932856793879356, 4.369908313657152, 16.094650008834773, 21.033264234706923, 66.64157909756155, 59.764575656838154, 39.81185941336473, 28.069937703612382, 72.26439355821333, 57.65364209946778, 31.89559694004606, 26.231808899894187, 34.591775619545245, 67.10150054204301, 61.81889185491082, 61.66094617224565, 62.725859223909794, 61.76360487134647, 41.35979554063663, 48.48640095476245, 43.437375267841425, 32.93563367872553, 39.092423266638015, 27.311006382893584, 44.960530995737486, 30.99610066988428, 20.828854664857886, 53.074338115030514, 28.363104787723874, 53.154501109600425, 41.28609251870101, 36.89407081101846], [84.13820721396075, 102.16450753535469, 29.21605665967143, 13.16892465515179, 64.42394942193243, 32.56563795032963, 101.00880862243484, 14.703032712748593, 63.268366222580944, 44.95662314209897, 74.34958622750626, 84.17901003169956, 99.31342327115057, 63.11388044724803, 0.0, 88.41121339333957, 52.60622764113928, 36.62598081162272, 63.195313419275905, 37.909926757162836, 25.78138930563423, 9.519276595100688, 6.4838483286375475, 19.008690245319972, 64.39571438764351, 107.71352579633006, 46.21105275617879, 46.24364946477941, 66.37855881787385, 73.97818436370514, 73.33550877480853, 76.23930823640374, 5.02494495247106, 35.94160131634553, 37.15254750581507, 9.794766436575188, 5.696639326001327, 94.95118016134717, 89.09276795657789, 70.46672387874085, 20.255853392961484, 26.460921646386524, 12.41042108352503, 6.7245013463278545, 12.448334962397919, 48.67423815363978, 97.43454411948731, 80.73885751001221, 86.29876863703758, 57.79676013926742, 71.34759478176697, 26.45684677211185, 78.87387785645943, 64.69180741234526, 80.9524318028071, 68.12037651113083, 95.98288829567895, 94.05155202739623, 95.27646408388459], [95.4832221475062, 86.81350947024531, 78.59574972655436, 81.6667673335505, 46.03216122471528, 55.88643767834248, 96.97532390476712, 84.40064628180187, 86.18874419518048, 43.45841655072578, 88.33480492638611, 100.29605838372403, 95.36716787378114, 53.44789725058246, 88.41121339333957, 0.0, 106.25801003749679, 111.10697614840885, 70.50307921077989, 77.06375765244667, 65.93784309822331, 84.54755096038467, 85.45381043884989, 70.01121349427048, 112.87917702052549, 93.20419275851856, 74.93353530855256, 43.33723804375985, 50.11274018855793, 65.7232414577892, 72.51890744313735, 119.65872988320987, 87.95919449710107, 52.48216800420061, 56.562554718838285, 97.93200213956435, 85.06750219212404, 55.96271261964972, 51.84524284171624, 87.94266261596371, 102.41906677079642, 101.25747471887803, 79.44761289137945, 83.96019403408798, 79.49728983324542, 91.36545401584618, 95.98312011444186, 10.092724581799521, 80.66258047910947, 30.625593958722884, 80.19401501928624, 84.96028363460269, 23.706130826690682, 33.533750354111504, 106.36587037318426, 81.71071364138325, 103.13259978880274, 87.453109285781, 78.05980681283184], [44.431835161142665, 71.14545056679579, 32.39044113576378, 43.15823664711219, 62.97622691222553, 64.99304439052258, 63.85348275492918, 39.74472776920266, 29.395017384240976, 72.04891107487684, 38.37533021196486, 41.49714469647288, 62.68767000335074, 56.52013104909971, 52.60622764113928, 106.25801003749679, 0.0, 24.89557463299094, 42.749299625733336, 29.961717289938747, 49.7819087945151, 44.73190828546266, 47.32664036620476, 61.00938995838314, 11.797885891485983, 74.2923872334485, 31.468357368220865, 67.19091733920779, 60.84171055167527, 54.74254713641632, 49.19004638960329, 23.685664841855157, 47.68589803654363, 65.34301961831066, 53.18250317163612, 55.14939516696484, 48.50896835183246, 81.51489391039827, 77.93756227461138, 34.67816750997131, 37.79160229790831, 28.484201411405646, 62.039455160034564, 58.00397206945172, 62.13123518421997, 15.204502200407322, 60.03834804083717, 96.29543788605208, 56.54009319608554, 81.48600485985897, 41.558502820984735, 29.318148459186542, 86.403058755539, 73.09783369276549, 34.089969311580745, 37.40825555186749, 54.23496032932445, 61.06568345385245, 68.28239111935194], [68.22360247372104, 93.3765961202171, 32.73140380161993, 33.05101894703938, 73.71847051500197, 60.47770050862892, 87.50960777364604, 29.403869050026838, 50.284723570110245, 70.77544519590789, 60.82261378890716, 65.87029911057355, 86.19590540526448, 68.85029715634505, 36.62598081162272, 111.10697614840885, 24.89557463299094, 0.0, 59.51815272072646, 36.78472700360827, 46.425342143720094, 32.32525490381639, 33.69472016986332, 51.39379131373409, 35.10964135058273, 97.24498076726464, 43.16783700739818, 68.31230563529286, 73.14310409096564, 72.17250623790838, 68.10706970006134, 46.45388493668795, 32.709535194254414, 62.304287460138056, 54.56680103331603, 35.35094598082078, 34.79048061398138, 98.23419559777369, 93.6405429794326, 56.81316059242548, 17.00632828214241, 10.989653671420328, 48.49511320798693, 43.19032520662418, 48.55766398464157, 32.44963310071698, 83.67288235782145, 101.795704010907, 77.89345821358891, 82.50844107791133, 62.02717654073624, 26.176043416836087, 94.93882498148056, 80.41557606556809, 58.94428121439283, 57.8702723206549, 78.65967339463577, 83.57312044477713, 89.2072014009624], [28.20231533978288, 39.01512267964165, 34.625575936663395, 50.05219074762131, 24.474740701060995, 51.63790318845859, 39.79426271988147, 49.34840450135054, 16.1017679348451, 50.775391215378676, 18.92889468234196, 31.701168891436254, 37.967689437031346, 17.056546920782726, 63.195313419275905, 70.50307921077989, 42.749299625733336, 59.51815272072646, 0.0, 26.213994289682958, 41.989565531942425, 53.879391026216766, 56.79485448188634, 57.84302025778096, 45.38385973427381, 44.79353184132941, 17.80910691368839, 43.333227047314466, 20.614844060826176, 12.65437730904741, 10.140199097056309, 49.9747148728893, 58.94273693036326, 49.319599862658514, 35.138154874708434, 71.17425053548075, 57.49875358425616, 39.11071838962731, 35.21460995569667, 17.646832443306938, 61.843244524621035, 54.75013568798807, 65.07063594420151, 64.60780301657405, 65.17999396729935, 28.388684686041543, 36.723226554781455, 60.49301818827071, 23.367181727138348, 54.12941991262098, 11.441686020616935, 39.81366279840678, 47.82897909143083, 37.66046749375543, 36.12822789507892, 11.476630782710336, 39.02009899156755, 31.557296563274633, 32.21120388750359], [46.708505174672815, 64.67132181207327, 8.705855732194308, 24.814934377562835, 36.951867528759955, 36.91993249854441, 63.104775152283096, 23.511616570479344, 25.964424553060724, 42.42440998267741, 36.69972685917527, 47.44193062175803, 61.404788396480384, 32.190782922765564, 37.909926757162836, 77.06375765244667, 29.961717289938747, 36.78472700360827, 26.213994289682958, 0.0, 22.556625094476185, 28.406255333737302, 31.42652870209806, 37.19520179018368, 38.92610727407431, 69.9965146820381, 8.487189347491233, 37.25334662086293, 36.432729520488785, 38.20250119632703, 36.199004034783954, 48.7659296915862, 33.33657741016989, 36.51599635113035, 23.380089993810735, 45.260261424497834, 32.275462547675616, 62.696635180663066, 57.65551242646646, 32.965251885774826, 35.95208586713674, 29.770141793877396, 42.13045985644145, 40.41874710156016, 42.239281228037015, 16.82101741240881, 59.5489277550132, 67.26950416570492, 48.6863732466417, 51.52432490385767, 33.456832961718085, 13.667783597187077, 58.833669169130964, 44.67715680337079, 46.15886856636948, 30.222443771284254, 58.60792475756812, 56.23959558825582, 58.360241329693764], [67.30449724547451, 80.49828418367869, 17.396639400723917, 15.908192732409644, 38.820981998556476, 15.234419486390303, 81.64171122539422, 18.46325291393153, 47.34011643638507, 24.35128974322407, 57.106370086339936, 68.84147694891936, 79.83648856823652, 38.24142281387472, 25.78138930563423, 65.93784309822331, 49.7819087945151, 46.425342143720094, 41.989565531942425, 22.556625094476185, 0.0, 19.23184335874908, 20.889047167313812, 15.876159330159576, 60.16749837516884, 86.56882877056157, 28.314455031935122, 22.60074633647574, 41.13834495250605, 50.93915581031145, 51.79996278587851, 70.73552238511311, 23.530006058397014, 16.14186354234146, 11.3806908734335, 35.45399727957004, 20.900496681261433, 69.74507116774508, 63.75807293113714, 53.79990497275071, 36.49400594648821, 35.91091690579714, 23.598022010030522, 24.53292264748821, 23.704005557093375, 38.90701134350519, 78.40218192297205, 57.30545663436173, 65.26647025786733, 36.30042107271016, 52.07021081420968, 21.64753890360313, 53.67268558034417, 39.22079671893799, 68.48371221341527, 49.76978297943914, 79.07884697074624, 73.54016321131739, 72.77613170345278], [74.64431553228441, 92.79187753570736, 19.705846314852447, 3.950923403798857, 56.68088717867092, 29.89762169033257, 91.49620092005267, 5.345666283626267, 53.77229091969543, 41.627360523262716, 64.83611302756553, 74.75919056680559, 89.80391082782577, 54.75657747790229, 9.519276595100688, 84.54755096038467, 44.73190828546266, 32.32525490381639, 53.879391026216766, 28.406255333737302, 19.23184335874908, 0.0, 3.050719737962866, 19.105891793859115, 56.42194659559843, 98.28348161161944, 36.74221538195798, 41.406313540471935, 58.2391482524009, 64.90690100045691, 64.01452142097487, 68.13662951823514, 5.09665242621795, 32.581279639472015, 30.36691066991163, 17.58293265544713, 4.059775455765521, 86.65206059962598, 80.92012635800712, 60.961515581110724, 18.545428237159186, 21.38975166636023, 17.384194096947212, 13.410301277802997, 17.47096339898143, 39.52838284876964, 87.9177212794392, 76.23675314676508, 76.88947632374568, 54.28047650715948, 61.856249519439544, 17.193496323739396, 72.88455650084882, 58.37226104796196, 71.77454865807904, 58.60705509733924, 86.49868502050191, 84.59074137929834, 86.0310123896083], [77.69499793996533, 95.73779342684493, 22.732245625325064, 6.744145456063205, 58.94832255362162, 30.208317362263752, 94.52499591336814, 8.34714178335901, 56.82294292817863, 42.24894605276054, 67.88385527408934, 77.8025293907727, 92.82963725764382, 57.263498564798795, 6.4838483286375475, 85.45381043884989, 47.32664036620476, 33.69472016986332, 56.79485448188634, 31.42652870209806, 20.889047167313812, 3.050719737962866, 0.0, 18.301016899066124, 59.05970325674799, 101.25886366725553, 39.737777334022304, 42.56024762063207, 60.66219211687683, 67.71321641731365, 66.93362432146135, 70.82108665179207, 2.641045328600547, 33.15817080235538, 32.20316384469138, 15.004677204878373, 1.1905625327703464, 89.15124412460028, 83.36842125041065, 64.01138850818614, 18.836385552486675, 22.921135174096005, 15.138874899948119, 10.678363725648635, 15.21641702787396, 42.50440539840263, 90.95173101002091, 77.35225785718485, 79.85331923460963, 55.0134612763401, 64.86751302541371, 20.188965916248605, 74.5197193567229, 60.10804557197978, 74.76510249220107, 61.636658176801134, 89.5493137903992, 87.5830054796219, 88.91694533336702], [82.99180907518708, 96.18172202616957, 30.161198482635672, 18.710466227516577, 52.18003759608071, 14.317787479381847, 97.51767753791356, 22.44730604944803, 62.75317536637616, 26.702526869255383, 72.80241380955586, 84.30943205917562, 95.71191514806789, 52.82889292271539, 19.008690245319972, 70.01121349427048, 61.00938995838314, 51.39379131373409, 57.84302025778096, 37.19520179018368, 15.876159330159576, 19.105891793859115, 18.301016899066124, 0.0, 72.22620325833219, 102.32215256242664, 43.821591558385165, 29.46689488300883, 55.21446886998115, 66.41804618133708, 67.59186092347, 83.45382415635873, 20.17269369310199, 18.102770206004678, 24.76706690686531, 28.078904043702178, 17.429979099213767, 83.49666671263516, 77.34994730949776, 69.39595201339216, 37.1368563449017, 40.42261249070627, 9.937875738156004, 13.94995331187275, 10.014479439366301, 52.43041675186549, 94.27561935398414, 62.85120291573197, 81.07624686472681, 39.42668400710518, 67.92926705556565, 31.701379694178907, 62.696060419735694, 49.3639537396159, 83.33953224266813, 65.55636811629265, 94.81040367363059, 89.38010851728167, 88.29525160356378], [39.39139171154497, 67.45883236987919, 42.854315237549024, 54.701783715171935, 68.02095415660489, 75.23561810342608, 58.391190956383866, 51.36505425400673, 29.85454784304172, 81.3419786988182, 35.88144591788334, 35.30584764927431, 57.49224778124421, 61.0292133776224, 64.39571438764351, 112.87917702052549, 11.797885891485983, 35.10964135058273, 45.38385973427381, 38.92610727407431, 60.16749837516884, 56.42194659559843, 59.05970325674799, 72.22620325833219, 0.0, 69.63756136705742, 38.28736408855633, 75.90086393137246, 65.16473555457877, 56.101531927076195, 49.675283224872615, 11.905185675357663, 59.46553927962209, 75.2391209455702, 62.2711613777043, 66.85999085281374, 60.23843381440904, 82.41652898028264, 79.62259402595224, 32.95189464555709, 49.26432495041936, 40.04192662376731, 73.67157709893458, 69.73777980586084, 73.76507568864163, 22.307697955999664, 54.707858698486554, 102.80899322564333, 54.31097854594758, 89.8992891961464, 41.13651703243313, 40.56466694948865, 91.80006537107056, 79.37386605218212, 26.277611794301613, 37.36138034014066, 47.46936825715726, 57.32210844783392, 66.08336418833815], [30.262846393303242, 6.7451731816037555, 78.67808315152601, 94.54474647694272, 56.825432236237134, 94.57090928951536, 11.980960376930366, 93.50241004031425, 47.268191490635004, 90.77274791179474, 36.423421452757594, 34.5993287987908, 12.366953727993922, 52.2228699467735, 107.71352579633006, 93.20419275851856, 74.2923872334485, 97.24498076726464, 44.79353184132941, 69.9965146820381, 86.56882877056157, 98.28348161161944, 101.25886366725553, 102.32215256242664, 69.63756136705742, 0.0, 61.56417925630537, 83.14323943987483, 52.02880798320549, 36.52553429227265, 34.78881350845156, 65.85531575938384, 103.28284907226593, 91.66192349789486, 78.53091502463005, 115.24343023673956, 102.02600516227989, 38.010792708855824, 41.37822586611952, 40.45332797544874, 103.78556921649475, 95.50541443298891, 109.83532250296369, 109.37796729860605, 109.94444946138366, 65.16675370576827, 15.19477578364345, 85.06269687285707, 21.449749098395447, 89.70161513986399, 36.73824023736335, 82.9895647876546, 70.39348412557544, 68.96548865983965, 44.5232892029709, 40.47338905793257, 24.537724174017466, 13.904971126156793, 15.872017347162922], [39.22399186099692, 56.194069740065274, 17.118861031689224, 33.05951676872291, 31.89676270578616, 41.24700377215635, 54.931914742468194, 31.94438572330354, 19.029113046135002, 44.536912268111344, 29.066817803115438, 40.534544634302485, 53.20482697473384, 26.088415900761593, 46.21105275617879, 74.93353530855256, 31.468357368220865, 43.16783700739818, 17.80910691368839, 8.487189347491233, 28.314455031935122, 36.74221538195798, 39.737777334022304, 43.821591558385165, 38.28736408855633, 61.56417925630537, 0.0, 38.32002911999738, 30.45276627729982, 30.033675752937505, 27.730028715756497, 46.63830807262986, 41.72223761817577, 40.08989648044498, 25.77544750358113, 53.72709197555408, 40.54317090090058, 55.23826147950335, 50.49341679698888, 25.5777856351235, 44.08674054783538, 37.31866632446019, 49.657125260883596, 48.37233191581714, 49.76687362644002, 16.433313739173855, 51.439687298290785, 64.92365209931104, 40.220749168938724, 51.89638373841183, 25.16397426842954, 22.007028585589474, 55.00947045839518, 41.64491661226811, 40.57297297055432, 22.157774082721275, 51.08923658890495, 47.8485902185795, 49.89240039024879], [71.51231183642113, 76.50342289360631, 36.53892036475743, 38.38270018023607, 27.09086100242479, 15.651949278362277, 81.32787116998566, 41.06387069324516, 55.077995533106254, 7.656003190956898, 61.895587832744894, 74.6615977316779, 79.47862899278215, 30.932856793879356, 46.24364946477941, 43.33723804375985, 67.19091733920779, 68.31230563529286, 43.333227047314466, 37.25334662086293, 22.60074633647574, 41.406313540471935, 42.56024762063207, 29.46689488300883, 75.90086393137246, 83.14323943987483, 38.32002911999738, 0.0, 31.457301947189773, 46.90890761709517, 50.79535049103326, 84.9057633826361, 45.139039112502566, 11.701129065889429, 14.195015146117287, 56.003331307848676, 42.29953027263318, 57.308866855696095, 51.06431922239746, 59.722667770268494, 59.088420496210965, 58.149839858145384, 39.404755877929425, 42.833938962036726, 39.481008501310285, 53.59351102032483, 78.79226484954802, 34.83057793836324, 63.57792293037164, 14.451251334809264, 54.77336715176116, 42.43982919135321, 33.22948986348633, 20.37211545727515, 77.28065187219231, 54.13487630411637, 82.25589260985954, 72.02185863173186, 67.68549656165351], [45.98834459251062, 45.32175669012807, 42.46430327393345, 54.318701062002376, 4.958033377562699, 44.59849030717645, 51.57630988109786, 55.04957632022088, 36.642615385592755, 38.985877606288476, 38.27223642250981, 50.48581707681513, 49.76764214198198, 4.369908313657152, 66.37855881787385, 50.11274018855793, 60.84171055167527, 73.14310409096564, 20.614844060826176, 36.432729520488785, 41.13834495250605, 58.2391482524009, 60.66219211687683, 55.21446886998115, 65.16473555457877, 52.02880798320549, 30.45276627729982, 31.457301947189773, 0.0, 17.09037752052052, 23.025834727550613, 70.49730985729681, 63.199100277125424, 41.18522329604291, 30.50159051594299, 75.66411877514021, 60.99904066779066, 28.616625747226273, 22.71587995936114, 37.84636398295227, 71.07339297449094, 65.97672616062309, 64.3088230684764, 65.67123832457764, 64.40915864812199, 45.69606567064386, 49.571336007428265, 40.20100408794194, 33.82558154469217, 38.05541270356438, 30.140789641772027, 49.03566748994514, 27.21461618137637, 18.469394987985748, 56.25314535574558, 31.620149711350965, 54.93896404970162, 41.94369328301213, 36.36632988559209], [29.77677601113609, 30.066524692863986, 46.26235367382871, 60.99517568842168, 22.032357690783428, 58.06541227149132, 34.69258547661883, 60.69449354357231, 26.257051408126358, 54.56433403471884, 23.66899696362219, 34.75215119183046, 32.86256772343641, 16.094650008834773, 73.97818436370514, 65.7232414577892, 54.74254713641632, 72.17250623790838, 12.65437730904741, 38.20250119632703, 50.93915581031145, 64.90690100045691, 67.71321641731365, 66.41804618133708, 56.101531927076195, 36.52553429227265, 30.033675752937505, 46.90890761709517, 17.09037752052052, 0.0, 7.1727657250376184, 58.99920664975164, 70.00304602685151, 55.13662984839212, 42.179956563187176, 82.415576543486, 68.31357778153341, 26.77394635820206, 23.52231192118836, 24.571279906883444, 74.09770287861608, 67.25349223625221, 74.49979986715813, 74.70344511460566, 74.60701378880545, 40.82089915237961, 32.532224762138945, 56.129326243190526, 16.867688440363068, 54.97065245065931, 15.91939910004155, 51.87016270752326, 42.107757611624365, 35.49897919751513, 41.898675164065864, 18.98357721702814, 37.97400829099857, 25.191444556085138, 21.878613920731556], [23.028341960473107, 28.900217232551423, 44.69783887665474, 60.19136701849071, 27.80734031472925, 60.566452909236354, 30.723075273775194, 59.45493803950645, 20.047686386955533, 58.41087749186127, 16.496456672017754, 27.790731768122303, 28.871997923151298, 21.033264234706923, 73.33550877480853, 72.51890744313735, 49.19004638960329, 68.10706970006134, 10.140199097056309, 36.199004034783954, 51.79996278587851, 64.01452142097487, 66.93362432146135, 67.59186092347, 49.675283224872615, 34.78881350845156, 27.730028715756497, 50.79535049103326, 23.025834727550613, 7.1727657250376184, 0.0, 52.04098545090375, 69.07425890304573, 57.96211316700074, 44.21865441103784, 81.28190099275419, 67.63894393368221, 32.750616605704884, 30.159081212445425, 17.548086640408428, 71.52414137747918, 64.10477015024283, 75.05166549569793, 74.70242464525518, 75.1607036048065, 36.0322583687507, 28.01802623322803, 62.81208098972439, 13.49783287886418, 60.07189440992032, 8.864901936443522, 49.70525790587756, 48.9998700867439, 41.45706063167426, 34.7295557534585, 12.316470521386725, 32.12124025111508, 21.903873612628132, 22.162476013885055], [36.60539701595881, 64.79781872911377, 53.657750568570066, 66.27480431985134, 73.93242902399416, 85.58075103361644, 54.04771276095891, 63.01688064485042, 33.875804501885185, 90.81083826884105, 36.29881003451074, 31.47948493192502, 53.488566717210325, 66.64157909756155, 76.23930823640374, 119.65872988320987, 23.685664841855157, 46.45388493668795, 49.9747148728893, 48.7659296915862, 70.73552238511311, 68.13662951823514, 70.82108665179207, 83.45382415635873, 11.905185675357663, 65.85531575938384, 46.63830807262986, 84.9057633826361, 70.49730985729681, 58.99920664975164, 52.04098545090375, 0.0, 71.29147679776335, 85.2813928182763, 71.75281524048224, 78.75939102962575, 71.9945627044911, 84.10912069200756, 82.13941457135861, 34.497570462437, 61.08991547747966, 51.90712288095371, 85.30519305660957, 81.49327129725165, 85.40048324208783, 31.96217114038803, 50.66055766000791, 109.5683076946138, 53.70444706136525, 98.51465048255183, 43.17762633084172, 51.95241895616706, 97.63471702770651, 86.18248017054539, 21.385496406800428, 40.08505736903247, 42.03998771572991, 54.95311914824048, 65.05086621627497], [79.32184629017532, 97.82706085341778, 24.631643412294327, 9.031022809293544, 61.53385021335304, 32.55878469702504, 96.37001512761518, 9.892471062265777, 58.463072249062975, 44.68865506497031, 69.59210903741888, 79.27474559961486, 94.68983049965479, 59.764575656838154, 5.02494495247106, 87.95919449710107, 47.68589803654363, 32.709535194254414, 58.94273693036326, 33.33657741016989, 23.530006058397014, 5.09665242621795, 2.641045328600547, 20.17269369310199, 59.46553927962209, 103.28284907226593, 41.72223761817577, 45.139039112502566, 63.199100277125424, 70.00304602685151, 69.07425890304573, 71.29147679776335, 0.0, 35.59605927723669, 34.842371128544784, 12.514638936757583, 2.9081406079438707, 91.65836501202439, 85.89727599119301, 65.68096659436891, 17.147952173872426, 22.178355109880258, 15.786806056242531, 10.67766010730679, 15.850450185356642, 43.67551845877336, 92.76909109846464, 79.91214591502583, 81.90636374390817, 57.47835423344439, 66.79218164795329, 21.513753231993917, 77.15579896578976, 62.748625278815986, 75.95253293219145, 63.48546948337543, 91.14673528194687, 89.56374921648309, 91.10779801426926], [76.86884790659786, 85.16412143926351, 33.0866417398377, 30.20981480815923, 37.31191946028083, 3.9542424875542808, 88.67642548202812, 33.44032731198827, 58.52215261308532, 9.092732570346241, 66.84847090667581, 79.32745188665177, 86.8268532613606, 39.81185941336473, 35.94160131634553, 52.48216800420061, 65.34301961831066, 62.304287460138056, 49.319599862658514, 36.51599635113035, 16.14186354234146, 32.581279639472015, 33.15817080235538, 18.102770206004678, 75.2391209455702, 91.66192349789486, 40.089