instance_id,num_cities,city_coordinates,distance_matrix,best_route,total_distance
35,42,"[[90.71046457780302, 53.37001807815992], [59.654206183635495, 26.872032136822543], [1.4772930863220068, 59.361166726730495], [17.118500022517214, 48.63347471291376], [54.06384302413558, 2.469085306497898], [76.55738158263355, 2.366369040538241], [79.62299141470011, 55.80694722023182], [42.278439323770236, 43.16299226968463], [30.38083204498968, 25.07701416848409], [0.6627000885748413, 67.81312367332279], [17.577247010189822, 97.56811688274993], [39.31797261359623, 66.78886837934328], [49.46797606751172, 27.63497186493874], [40.119958188206525, 31.25919772682957], [42.95674273703949, 17.384228300586003], [36.550357289813405, 13.986515772217878], [25.346843986498147, 30.600334330309476], [41.62017748010564, 43.9479395416319], [96.73273853918799, 61.37989932533343], [51.99485101988751, 61.00739050072256], [52.199182772497785, 17.2986686055004], [27.582205169135964, 11.860128698417416], [86.9085818211333, 34.55037180024048], [53.694968168307476, 38.90756184248209], [96.79660838877389, 91.46517810430348], [55.46609350447387, 56.23333567867858], [44.82228638536784, 36.261963614443246], [42.33736395102786, 11.555749697542328], [32.43093499750547, 47.65095611649033], [53.588423241111286, 88.28344386179167], [4.445345718810135, 85.52335906085254], [93.66085183771867, 43.984510229940945], [31.585171813377645, 41.813701555923814], [10.588142290395519, 30.302662422518246], [24.179200761552554, 20.539906511881533], [27.484146942759935, 30.17312335995319], [97.97298496927579, 34.651246600632135], [44.30490903463535, 96.13308613660305], [95.34059574342824, 38.62632920538365], [88.516166544725, 67.5344880316343], [71.39449914468688, 34.503439735125106], [19.42065182558561, 58.707300742004286]]","[[0.0, 40.824434403829954, 89.43406932795426, 73.74423428416151, 62.72064913824617, 52.93091699017732, 11.352122479343086, 49.49590332605467, 66.63451531884374, 91.19870168341504, 85.45138647050818, 53.11547583987767, 48.61312026725028, 55.21130059475695, 59.79460691032896, 66.96549466201746, 69.216048679343, 49.98631664048529, 10.021276428669019, 39.461730710737605, 52.766097819209335, 75.5529486670535, 19.199828085726963, 39.7405286176502, 38.57826284198531, 35.36049038172351, 48.97356864017753, 63.94051848753208, 58.55946753362939, 50.96070302647141, 92.06252260342137, 9.83832010825286, 60.24407602446169, 83.37679188881675, 74.19046630424832, 67.347332287589, 20.078262077791134, 63.10432295050046, 15.453623399970663, 14.333427814756957, 27.0010055180767, 71.48932779429384], [40.824434403829954, 0.0, 66.63405348568793, 47.779144839746884, 25.035094852201887, 29.769865004025185, 35.15653132048851, 23.818326054088974, 29.32835697695654, 71.80648137573425, 82.27032813649865, 44.798618409806004, 10.214761916332899, 20.02084080804456, 19.204783445415742, 26.454193725968267, 34.50935145973521, 24.83571631697708, 50.651855440266544, 34.984116569613576, 12.13369949205353, 35.411445803836635, 28.315329618011702, 13.430059308102253, 74.51062036746552, 29.658496817781614, 17.554391418008663, 23.11842409570399, 34.247192232742094, 61.71025208795937, 80.54810006309276, 38.069526594506414, 31.79817880804532, 49.18585010074178, 36.03570208316815, 32.33898444331351, 39.10044737975233, 70.94148662192538, 37.57235552090484, 49.86429659869487, 14.00260192759698, 51.30519684638414], [89.43406932795426, 66.63405348568793, 0.0, 18.966568755686634, 77.47292535259358, 94.26254108554447, 78.22648300627002, 43.89891103467749, 44.84214179733539, 8.491121126154573, 41.4605783434725, 38.56277711636051, 57.52961927050651, 47.780500498088095, 59.013626417622675, 57.34961884673762, 37.37567310846883, 43.00021790307742, 95.27683438133631, 50.54437369564691, 65.8935796685464, 54.2016148156002, 88.96111869673761, 56.08061647065549, 100.58051210975003, 54.07932967092133, 49.11579815616386, 62.8880218197661, 33.09466694351153, 59.5992281886827, 26.330014131344747, 93.45720982937839, 34.84821222622135, 30.453312555735028, 44.97184515631648, 39.0934562694448, 99.60923001714305, 56.44801807771807, 96.12623509082304, 87.42178603792696, 74.20459752735702, 17.955268407124677], [73.74423428416151, 47.779144839746884, 18.966568755686634, 0.0, 59.12790558420307, 75.32347382069086, 62.914784844333006, 25.747790658703412, 27.033244053490332, 25.271570701293125, 48.936792427463075, 28.678125854126137, 38.56715859694733, 28.82590117476174, 40.54787525768697, 39.724159408285004, 19.82170014020732, 24.94566972596679, 80.62814840357828, 37.006400133160156, 47.03747841874577, 38.23307602714238, 71.1968349374217, 37.847475519289766, 90.46079685826854, 39.09342416003438, 30.340633904024603, 44.84137364265546, 15.343924128317417, 53.87184193135703, 39.006056032491514, 76.6834042812786, 15.99355803494887, 19.459297298083424, 28.967258572261603, 21.171471563164676, 82.05455769784813, 54.7294611738107, 78.85961716988136, 73.85712619166036, 56.08513144482496, 10.333531525512122], [62.72064913824617, 25.035094852201887, 77.47292535259358, 59.12790558420307, 0.0, 22.493773083098528, 59.14556263980795, 42.36613983252525, 32.74146387177845, 84.38913091689753, 101.85822252241526, 65.98844738817779, 25.582099979385987, 31.989099666808194, 18.596482659946894, 20.961235342865674, 40.19991548955506, 43.30519785004072, 72.74007597491419, 58.57485725911616, 14.94635402618618, 28.09748813456932, 45.91280659834026, 36.440343589526336, 98.72382574123054, 53.7825336377168, 35.03376932965043, 14.8350187464495, 50.09375369823551, 85.81567548080369, 96.74713258645896, 57.37119149500918, 45.31323743914076, 51.62213255342303, 34.92343657487771, 38.39262908743805, 54.439914143210615, 94.17102444018202, 54.873642137306184, 73.62383600269375, 36.42185477467766, 66.05215796467], [52.93091699017732, 29.769865004025185, 94.26254108554447, 75.32347382069086, 22.493773083098528, 0.0, 53.528435058596706, 53.28611779147935, 51.45917925239353, 100.21616821176373, 111.9912008436182, 74.41123572029665, 37.0450830726564, 46.50248781646114, 36.8040626505641, 41.66041049764232, 58.47799549291344, 54.31054442591342, 62.366992752567675, 63.577411912876975, 28.570884123034563, 49.886865778226486, 33.80765268417845, 43.10392927003743, 91.36861648450021, 57.84887663205264, 46.43304425404451, 35.432390881321076, 63.22845178295645, 88.93433978579615, 110.06920870826684, 44.99553723234827, 59.82133143043001, 71.64061013643465, 55.44142215300918, 56.40388234687745, 38.74198481601345, 99.15855596181719, 40.83618304110283, 66.25629230953992, 32.54914235270927, 80.24279701206326], [11.352122479343086, 35.15653132048851, 78.22648300627002, 62.914784844333006, 59.14556263980795, 53.528435058596706, 0.0, 39.42695990897145, 58.0441129207507, 79.86786512314781, 74.79083961483146, 41.77435975454653, 41.26724059115666, 46.508941498213936, 53.11044267627749, 60.034992270794774, 59.84374247179328, 39.81017370055674, 17.994478092728276, 28.113319832226804, 47.2752874376657, 68.1143618574364, 22.470465641728286, 30.949177947260218, 39.578309081540574, 24.16066066486158, 39.91359987133629, 57.86524429700294, 47.89165250613088, 41.62356993452738, 80.83776063856635, 18.35297092150338, 50.03441851636607, 73.5953730655561, 65.70980202613981, 58.099501104303435, 28.005105465952084, 53.605637976872465, 23.285547474916253, 14.718144495023951, 22.837414831930197, 60.27216391133075], [49.49590332605467, 23.818326054088974, 43.89891103467749, 25.747790658703412, 42.36613983252525, 53.28611779147935, 39.42695990897145, 0.0, 21.648456361532975, 48.368364974520375, 59.75003335459862, 23.810635965697937, 17.111658490041624, 12.097907477373528, 25.787686350173995, 29.7334442100973, 21.083151926760845, 1.0244270957770356, 57.42060959025421, 20.318248066118155, 27.70170372343822, 34.58104344997714, 45.45356807430656, 12.183834329918968, 72.83770942720793, 18.567393452470963, 7.354954410005643, 31.607297497982046, 10.821975833739343, 46.51635076063241, 56.7956305221093, 51.388979436379046, 10.778058984764321, 34.20033639953615, 28.972166742185177, 19.687757143636926, 56.34121252683452, 53.00884288266631, 53.255739180516926, 52.267554220894546, 30.37651707477328, 27.642430703445633], [66.63451531884374, 29.32835697695654, 44.84214179733539, 27.033244053490332, 32.74146387177845, 51.45917925239353, 58.0441129207507, 21.648456361532975, 0.0, 52.05326524425197, 73.61312221658305, 42.65854267612766, 19.25778321908704, 11.535595848614278, 14.742200790375406, 12.691028186246404, 7.4731587286141705, 21.96439642350264, 75.63382157557709, 41.93039183722859, 23.163399754046072, 13.509936118246834, 57.316062317412054, 27.10780315959453, 93.90656876979799, 39.99983390637129, 18.266326876903555, 18.049466698860137, 22.666843123555374, 67.3323476770366, 65.77545181770023, 66.04433595912808, 16.77996242494615, 20.470905387806056, 7.684111950206581, 5.861835333140602, 68.26686651374057, 72.40749466424096, 66.35777902948628, 71.98856995548806, 42.0829940466242, 35.37119909557646], [91.19870168341504, 71.80648137573425, 8.491121126154573, 25.271570701293125, 84.38913091689753, 100.21616821176373, 79.86786512314781, 48.368364974520375, 52.05326524425197, 0.0, 34.22662002676528, 38.668840076874794, 63.215811678074246, 53.78721705798377, 65.81686358422574, 64.69333549549675, 44.65533171594261, 47.403185208562384, 96.28519441437429, 51.781345320990795, 72.1645288090301, 62.091846489246414, 92.43788605326661, 60.3982860885736, 99.00074749150713, 56.013421783521764, 54.27287317772059, 70.01192566055634, 37.62623751876855, 56.74650808496826, 18.109689269715513, 96.00239084205612, 40.400113960358134, 38.80140598161093, 52.79945894320268, 46.2186070207913, 102.8056498182246, 52.02559635038513, 99.0745824969504, 87.8539083147854, 78.18262237720629, 20.85130126933452], [85.45138647050818, 82.27032813649865, 41.4605783434725, 48.936792427463075, 101.85822252241526, 111.9912008436182, 74.79083961483146, 59.75003335459862, 73.61312221658305, 34.22662002676528, 0.0, 37.68316982682152, 76.86132559284758, 70.03603777257722, 84.10454679448704, 85.7080098817074, 67.41698997408002, 58.763814747463044, 87.03550384285833, 50.21213179451587, 87.4177485563625, 86.2899671246197, 93.69135596174968, 68.88795612650902, 79.45409416112025, 56.07253183026312, 67.08752938596048, 89.50525515145439, 52.08027444041681, 37.1888419642316, 17.81917569683564, 93.05867947416043, 57.4871880137478, 67.62757535595783, 77.31061367156447, 68.1192470467178, 102.08823266215775, 26.76615830737341, 97.57700928400594, 77.03472701771469, 82.90627317062432, 38.90451352270404], [53.11547583987767, 44.798618409806004, 38.56277711636051, 28.678125854126137, 65.98844738817779, 74.41123572029665, 41.77435975454653, 23.810635965697937, 42.65854267612766, 38.668840076874794, 37.68316982682152, 0.0, 40.44811716724521, 35.538720820226175, 49.538460909911336, 52.87483461371431, 38.791783044003, 22.956658672741888, 57.66898900204276, 13.933008741433953, 51.139079467787326, 56.168449154711176, 57.48205586463775, 31.369814398281125, 62.551689283485366, 19.291995202705206, 31.019177690960657, 55.315586622275525, 20.33939460520167, 25.800436745974203, 39.586377046131865, 58.93375325714264, 26.14488795297264, 46.439706884559016, 48.6636300229048, 38.48054330869997, 66.8822637777491, 29.764956755435847, 62.70297373388282, 49.20384369895138, 45.511014678214615, 21.475919305535786], [48.61312026725028, 10.214761916332899, 57.52961927050651, 38.56715859694733, 25.582099979385987, 37.0450830726564, 41.26724059115666, 17.111658490041624, 19.25778321908704, 63.215811678074246, 76.86132559284758, 40.44811716724521, 0.0, 10.025988797610335, 12.143883361839885, 18.792158699863975, 24.30272386833895, 18.10250969035312, 58.07476130653726, 33.46794619672613, 10.69105491223558, 26.978373648990328, 38.07389808600234, 12.039050918656356, 79.46253624168473, 29.220606181436647, 9.798337576793163, 17.589400634024987, 26.2849841921094, 60.788282098308045, 73.33554810363022, 47.120246960193484, 22.821723502875447, 38.97124641895849, 26.265226228598202, 22.129865702211774, 49.00983574474557, 68.69242258036877, 47.17104166876787, 55.827704322147525, 22.977124823129568, 43.22419826837696], [55.21130059475695, 20.02084080804456, 47.780500498088095, 28.82590117476174, 31.989099666808194, 46.50248781646114, 46.508941498213936, 12.097907477373528, 11.535595848614278, 53.78721705798377, 70.03603777257722, 35.538720820226175, 10.025988797610335, 0.0, 14.16199573350067, 17.63767537060872, 14.78779916661001, 12.777121223753783, 64.12693321728855, 32.0307360682924, 18.46087863307774, 23.098033031760792, 46.90423358552153, 15.581346848249082, 82.68617025337578, 29.31230860207317, 6.865825296356545, 19.827827731746524, 18.105546684156007, 58.59320948831918, 64.94056652144702, 55.0323620344449, 13.573508372647424, 29.547302922781242, 19.20965776598547, 12.682400536213182, 57.952383068286174, 65.00873180574105, 55.709904309983024, 60.48214339774516, 31.44236025248353, 34.37818556912627], [59.79460691032896, 19.204783445415742, 59.013626417622675, 40.54787525768697, 18.596482659946894, 36.8040626505641, 53.11044267627749, 25.787686350173995, 14.742200790375406, 65.81686358422574, 84.10454679448704, 49.538460909911336, 12.143883361839885, 14.16199573350067, 0.0, 7.25163601705573, 22.01758371377774, 26.597314931844355, 69.48004600912763, 44.54960922019304, 9.24283605125967, 16.336832062598795, 47.18517395882742, 24.053344303203236, 91.57902738737575, 40.81344142188059, 18.96969013146686, 5.861296179745499, 32.04477244811813, 71.69192002963074, 78.26920748966599, 57.25802719632195, 26.946461526611188, 34.85128742295159, 19.04086099981876, 20.073790311066414, 57.66226522024805, 78.76039717296503, 56.526939653978694, 67.75477583742644, 33.19297199169041, 47.55569252351316], [66.96549466201746, 26.454193725968267, 57.34961884673762, 39.724159408285004, 20.961235342865674, 41.66041049764232, 60.034992270794774, 29.7334442100973, 12.691028186246404, 64.69333549549675, 85.7080098817074, 52.87483461371431, 18.792158699863975, 17.63767537060872, 7.25163601705573, 0.0, 20.038405061749568, 30.387332740013594, 76.60321022945315, 49.49237362273129, 15.995502348426992, 9.216793067398061, 54.3950636794192, 30.24890443323871, 98.14557498047651, 46.28821522538476, 23.761742098036137, 6.276788176028729, 33.91554486832612, 76.22551551093684, 78.41078826078034, 64.50959819276432, 28.26668242748509, 30.663549194281266, 13.9997301414506, 18.55269347713021, 64.80563471844614, 82.51176943560237, 63.74490209776864, 74.61789774989032, 40.43585525869661, 47.889199383630014], [69.216048679343, 34.50935145973521, 37.37567310846883, 19.82170014020732, 40.19991548955506, 58.47799549291344, 59.84374247179328, 21.083151926760845, 7.4731587286141705, 44.65533171594261, 67.41698997408002, 38.791783044003, 24.30272386833895, 14.78779916661001, 22.01758371377774, 20.038405061749568, 0.0, 21.047088821770313, 77.73884204418444, 40.43148950758833, 29.966354622020027, 18.873053455719422, 61.68833245626119, 29.540246674093304, 93.85945898402252, 39.55022060180667, 20.281688854300384, 25.522029161093624, 18.463695425012293, 64.22560178009675, 58.76573215221614, 69.61278498385836, 12.831848604628286, 14.761703300067735, 10.12796122576307, 2.1795809551466854, 72.73902834292018, 68.21986360052821, 70.45240860854561, 73.17441507862154, 46.21277720899888, 28.72492496763397], [49.98631664048529, 24.83571631697708, 43.00021790307742, 24.94566972596679, 43.30519785004072, 54.31054442591342, 39.81017370055674, 1.0244270957770356, 21.96439642350264, 47.403185208562384, 58.763814747463044, 22.956658672741888, 18.10250969035312, 12.777121223753783, 26.597314931844355, 30.387332740013594, 21.047088821770313, 0.0, 57.80369891617377, 19.966439794882547, 28.67226873485605, 35.024166961020846, 46.25314959232997, 13.084570207460866, 72.81707552793426, 18.510546961071096, 8.326327365320374, 32.400128384461894, 9.907295754023902, 45.922498297879386, 55.77170989560763, 52.040687207322364, 10.259449815214372, 33.89956925497452, 29.191157551885375, 19.737601682874434, 57.114511392033336, 52.254160682748676, 53.98335738870998, 52.49341920679328, 31.236337928461754, 26.65816352130714], [10.021276428669019, 50.651855440266544, 95.27683438133631, 80.62814840357828, 72.74007597491419, 62.366992752567675, 17.994478092728276, 57.42060959025421, 75.63382157557709, 96.28519441437429, 87.03550384285833, 57.66898900204276, 58.07476130653726, 64.12693321728855, 69.48004600912763, 76.60321022945315, 77.73884204418444, 57.80369891617377, 0.0, 44.739438334806955, 62.66093273324343, 85.05294791072825, 28.571622327768154, 48.55157701290254, 30.08534657546812, 41.58633320924273, 57.668065141726956, 73.76518598037134, 65.75108987952044, 50.84518316581274, 95.39323624651469, 17.66454215899082, 68.02236062829311, 91.57885190578209, 83.25815790091428, 75.95544947034624, 26.757411827099936, 62.90040778959581, 22.79611841448578, 10.266012735425557, 36.9373856102073, 77.35826740044782], [39.461730710737605, 34.984116569613576, 50.54437369564691, 37.006400133160156, 58.57485725911616, 63.577411912876975, 28.113319832226804, 20.318248066118155, 41.93039183722859, 51.781345320990795, 50.21213179451587, 13.933008741433953, 33.46794619672613, 32.0307360682924, 44.54960922019304, 49.49237362273129, 40.43148950758833, 19.966439794882547, 44.739438334806955, 0.0, 43.70919950283918, 54.87650335160339, 43.80573520647174, 22.165126325873675, 54.174480053300115, 5.902637023456434, 25.763963887968742, 50.385829700541315, 23.688418047457663, 27.322565021976715, 53.49755292364752, 45.009266566617946, 28.017007345937767, 51.548965597434226, 49.105271200565774, 39.389423002436175, 52.99655765000369, 35.95760978765215, 48.78284012174851, 37.09999312456499, 32.845178543452086, 32.6553037965997], [52.766097819209335, 12.13369949205353, 65.8935796685464, 47.03747841874577, 14.94635402618618, 28.570884123034563, 47.2752874376657, 27.70170372343822, 23.163399754046072, 72.1645288090301, 87.4177485563625, 51.139079467787326, 10.69105491223558, 18.46087863307774, 9.24283605125967, 15.995502348426992, 29.966354622020027, 28.67226873485605, 62.66093273324343, 43.70919950283918, 0.0, 25.210579181076973, 38.760335981990984, 21.66060111995026, 86.54248380324734, 39.07148584108269, 20.347608161713936, 11.41212460722721, 36.222161410430544, 70.99836834227823, 83.27687158556552, 49.30724231670858, 32.03005289385378, 43.595671174970946, 28.206825682083693, 27.867267201677272, 48.95255795795444, 79.22868764100873, 48.12536358088299, 61.98839297584143, 25.777205439131652, 52.811995857513104], [75.5529486670535, 35.411445803836635, 54.2016148156002, 38.23307602714238, 28.09748813456932, 49.886865778226486, 68.1143618574364, 34.58104344997714, 13.509936118246834, 62.091846489246414, 86.2899671246197, 56.168449154711176, 26.978373648990328, 23.098033031760792, 16.336832062598795, 9.216793067398061, 18.873053455719422, 35.024166961020846, 85.05294791072825, 54.87650335160339, 25.210579181076973, 0.0, 63.51744719897427, 37.5957448540862, 105.48742817968493, 52.40699119784202, 29.877582693572258, 14.75829791185336, 36.11777274720577, 80.72698730268314, 77.21130598981807, 73.47355602074998, 30.219865467682933, 25.07838159234324, 9.323035014904537, 18.31325718951159, 73.98849191667867, 85.91612293365802, 72.85347612020624, 82.53836644910008, 49.31771120099942, 47.55279677853917], [19.199828085726963, 28.315329618011702, 88.96111869673761, 71.1968349374217, 45.91280659834026, 33.80765268417845, 22.470465641728286, 45.45356807430656, 57.316062317412054, 92.43788605326661, 93.69135596174968, 57.48205586463775, 38.07389808600234, 46.90423358552153, 47.18517395882742, 54.3950636794192, 61.68833245626119, 46.25314959232997, 28.571622327768154, 43.80573520647174, 38.760335981990984, 63.51744719897427, 0.0, 33.49819751782754, 57.76736315629592, 38.19399159680638, 42.1210851005168, 50.153226297719876, 56.03069973565473, 63.22559609026764, 96.94550396350526, 11.601556718286947, 55.798168912841874, 76.43855391831134, 64.27494368503483, 59.585432485818494, 11.06486297926818, 74.88326675521724, 9.365483839840694, 33.0232683453595, 15.514153664004715, 71.68108475031171], [39.7405286176502, 13.430059308102253, 56.08061647065549, 37.847475519289766, 36.440343589526336, 43.10392927003743, 30.949177947260218, 12.183834329918968, 27.10780315959453, 60.3982860885736, 68.88795612650902, 31.369814398281125, 12.039050918656356, 15.581346848249082, 24.053344303203236, 30.24890443323871, 29.540246674093304, 13.084570207460866, 48.55157701290254, 22.165126325873675, 21.66060111995026, 37.5957448540862, 33.49819751782754, 0.0, 67.97098216753528, 17.416065111828257, 9.258707901511482, 29.616157771872466, 22.99143427713304, 49.37599697227682, 67.81266741341375, 40.287060731776265, 22.299971813670787, 43.95728302905349, 34.76422425358281, 27.627840395562867, 44.48211990524773, 57.99080824812574, 41.64657714532886, 45.07789657258855, 18.239234861153697, 39.58229934263829], [38.57826284198531, 74.51062036746552, 100.58051210975003, 90.46079685826854, 98.72382574123054, 91.36861648450021, 39.578309081540574, 72.83770942720793, 93.90656876979799, 99.00074749150713, 79.45409416112025, 62.551689283485366, 79.46253624168473, 82.68617025337578, 91.57902738737575, 98.14557498047651, 93.85945898402252, 72.81707552793426, 30.08534657546812, 54.174480053300115, 86.54248380324734, 105.48742817968493, 57.76736315629592, 67.97098216753528, 0.0, 54.30924581786612, 75.82034712217593, 96.7022546429268, 77.86286637100389, 43.32517393553849, 92.54221161330518, 47.58410229207868, 81.96218996379503, 105.70124385058047, 101.50705414382215, 92.5253115989868, 56.82610909399844, 52.69884122524209, 52.858905832284194, 25.32278903452033, 62.369117294437146, 84.02450346983214], [35.36049038172351, 29.658496817781614, 54.07932967092133, 39.09342416003438, 53.7825336377168, 57.84887663205264, 24.16066066486158, 18.567393452470963, 39.99983390637129, 56.013421783521764, 56.07253183026312, 19.291995202705206, 29.220606181436647, 29.31230860207317, 40.81344142188059, 46.28821522538476, 39.55022060180667, 18.510546961071096, 41.58633320924273, 5.902637023456434, 39.07148584108269, 52.40699119784202, 38.19399159680638, 17.416065111828257, 54.30924581786612, 0.0, 22.630650280468117, 46.566621401915654, 24.58202120230607, 32.105063154698335, 58.830452780312754, 40.11076275775139, 27.896671289786237, 51.830785453154625, 47.4646241235746, 38.237730051346674, 47.672029440471505, 41.43141471606309, 43.588789909276294, 34.92883296748764, 26.942577529940063, 36.13024175065385], [48.97356864017753, 17.554391418008663, 49.11579815616386, 30.340633904024603, 35.03376932965043, 46.43304425404451, 39.91359987133629, 7.354954410005643, 18.266326876903555, 54.27287317772059, 67.08752938596048, 31.019177690960657, 9.798337576793163, 6.865825296356545, 18.96969013146686, 23.761742098036137, 20.281688854300384, 8.326327365320374, 57.668065141726956, 25.763963887968742, 20.347608161713936, 29.877582693572258, 42.1210851005168, 9.258707901511482, 75.82034712217593, 22.630650280468117, 0.0, 24.830864777779183, 16.830173481849894, 52.7549008386793, 63.694445746220566, 49.44535571387965, 14.354197865532926, 34.7489552736684, 25.948411581605153, 18.376208939169537, 53.1750991466496, 59.87335794313296, 50.57360779145893, 53.73198253185969, 26.630337909246467, 33.89743643815256], [63.94051848753208, 23.11842409570399, 62.8880218197661, 44.84137364265546, 14.8350187464495, 35.432390881321076, 57.86524429700294, 31.607297497982046, 18.049466698860137, 70.01192566055634, 89.50525515145439, 55.315586622275525, 17.589400634024987, 19.827827731746524, 5.861296179745499, 6.276788176028729, 25.522029161093624, 32.400128384461894, 73.76518598037134, 50.385829700541315, 11.41212460722721, 14.75829791185336, 50.153226297719876, 29.616157771872466, 96.7022546429268, 46.566621401915654, 24.830864777779183, 0.0, 37.42995138973134, 77.54821330573358, 83.10843687998215, 60.710171458520456, 32.11157558309898, 36.87085316037357, 20.259169876385695, 23.81647869817302, 60.238893609417666, 84.60021910599345, 59.51603863942291, 72.56790581561788, 37.025850209327444, 52.425608823731295], [58.55946753362939, 34.247192232742094, 33.09466694351153, 15.343924128317417, 50.09375369823551, 63.22845178295645, 47.89165250613088, 10.821975833739343, 22.666843123555374, 37.62623751876855, 52.08027444041681, 20.33939460520167, 26.2849841921094, 18.105546684156007, 32.04477244811813, 33.91554486832612, 18.463695425012293, 9.907295754023902, 65.75108987952044, 23.688418047457663, 36.222161410430544, 36.11777274720577, 56.03069973565473, 22.99143427713304, 77.86286637100389, 24.58202120230607, 16.830173481849894, 37.42995138973134, 0.0, 45.810897929972754, 47.0904673161773, 61.33959195901468, 5.898207877693071, 27.893922050118505, 28.339021305690075, 18.164397868469397, 66.81880545174938, 49.91500967365979, 63.55367264015328, 59.50552948361839, 41.121971232539266, 17.073670510223405], [50.96070302647141, 61.71025208795937, 59.5992281886827, 53.87184193135703, 85.81567548080369, 88.93433978579615, 41.62356993452738, 46.51635076063241, 67.3323476770366, 56.74650808496826, 37.1888419642316, 25.800436745974203, 60.788282098308045, 58.59320948831918, 71.69192002963074, 76.22551551093684, 64.22560178009675, 45.922498297879386, 50.84518316581274, 27.322565021976715, 70.99836834227823, 80.72698730268314, 63.22559609026764, 49.37599697227682, 43.32517393553849, 32.105063154698335, 52.7549008386793, 77.54821330573358, 45.810897929972754, 0.0, 49.2205255606975, 59.734370797299874, 51.4157565670858, 72.18583779488385, 73.85180579735916, 63.704337292582025, 69.61610376099178, 12.157323713068868, 64.87736850907937, 40.62593285482752, 56.65108280472817, 45.190539334530634], [92.06252260342137, 80.54810006309276, 26.330014131344747, 39.006056032491514, 96.74713258645896, 110.06920870826684, 80.83776063856635, 56.7956305221093, 65.77545181770023, 18.109689269715513, 17.81917569683564, 39.586377046131865, 73.33554810363022, 64.94056652144702, 78.26920748966599, 78.41078826078034, 58.76573215221614, 55.77170989560763, 95.39323624651469, 53.49755292364752, 83.27687158556552, 77.21130598981807, 96.94550396350526, 67.81266741341375, 92.54221161330518, 58.830452780312754, 63.694445746220566, 83.10843687998215, 47.0904673161773, 49.2205255606975, 0.0, 98.41180058433203, 51.450017683588214, 55.56131106213051, 67.91372571161396, 59.95360668034729, 106.46779386241906, 41.2474374519217, 102.28038857133159, 85.97384715859195, 84.17375667299946, 30.714178757562404], [9.83832010825286, 38.069526594506414, 93.45720982937839, 76.6834042812786, 57.37119149500918, 44.99553723234827, 18.35297092150338, 51.388979436379046, 66.04433595912808, 96.00239084205612, 93.05867947416043, 58.93375325714264, 47.120246960193484, 55.0323620344449, 57.25802719632195, 64.50959819276432, 69.61278498385836, 52.040687207322364, 17.66454215899082, 45.009266566617946, 49.30724231670858, 73.47355602074998, 11.601556718286947, 40.287060731776265, 47.58410229207868, 40.11076275775139, 49.44535571387965, 60.710171458520456, 61.33959195901468, 59.734370797299874, 98.41180058433203, 0.0, 62.11362540363877, 84.19185252124691, 73.33041169778703, 67.60259372262965, 10.281259753476286, 71.80169259198651, 5.615304397866097, 24.1053778486087, 24.200850397830063, 75.68598191411421], [60.24407602446169, 31.79817880804532, 34.84821222622135, 15.99355803494887, 45.31323743914076, 59.82133143043001, 50.03441851636607, 10.778058984764321, 16.77996242494615, 40.400113960358134, 57.4871880137478, 26.14488795297264, 22.821723502875447, 13.573508372647424, 26.946461526611188, 28.26668242748509, 12.831848604628286, 10.259449815214372, 68.02236062829311, 28.017007345937767, 32.03005289385378, 30.219865467682933, 55.798168912841874, 22.299971813670787, 81.96218996379503, 27.896671289786237, 14.354197865532926, 32.11157558309898, 5.898207877693071, 51.4157565670858, 51.450017683588214, 62.11362540363877, 0.0, 23.9453392274943, 22.52604631968045, 12.341858276853275, 66.77306714992973, 55.78877356782081, 63.83504854702827, 62.471569677972646, 40.47496103098744, 20.817522426872287], [83.37679188881675, 49.18585010074178, 30.453312555735028, 19.459297298083424, 51.62213255342303, 71.64061013643465, 73.5953730655561, 34.20033639953615, 20.470905387806056, 38.80140598161093, 67.62757535595783, 46.439706884559016, 38.97124641895849, 29.547302922781242, 34.85128742295159, 30.663549194281266, 14.761703300067735, 33.89956925497452, 91.57885190578209, 51.548965597434226, 43.595671174970946, 25.07838159234324, 76.43855391831134, 43.95728302905349, 105.70124385058047, 51.830785453154625, 34.7489552736684, 36.87085316037357, 27.893922050118505, 72.18583779488385, 55.56131106213051, 84.19185252124691, 23.9453392274943, 0.0, 16.734045336889746, 16.896501223077227, 87.49297637163109, 73.96259220755731, 85.16021251159871, 86.36542017712293, 60.951288451693436, 29.74620484616548], [74.19046630424832, 36.03570208316815, 44.97184515631648, 28.967258572261603, 34.92343657487771, 55.44142215300918, 65.70980202613981, 28.972166742185177, 7.684111950206581, 52.79945894320268, 77.31061367156447, 48.6636300229048, 26.265226228598202, 19.20965776598547, 19.04086099981876, 13.9997301414506, 10.12796122576307, 29.191157551885375, 83.25815790091428, 49.105271200565774, 28.206825682083693, 9.323035014904537, 64.27494368503483, 34.76422425358281, 101.50705414382215, 47.4646241235746, 25.948411581605153, 20.259169876385695, 28.339021305690075, 73.85180579735916, 67.91372571161396, 73.33041169778703, 22.52604631968045, 16.734045336889746, 0.0, 10.184377060117566, 75.13090247558858, 78.22642097954275, 73.42385730547362, 79.67267949806752, 49.23682221148145, 38.462888220901974], [67.347332287589, 32.33898444331351, 39.0934562694448, 21.171471563164676, 38.39262908743805, 56.40388234687745, 58.099501104303435, 19.687757143636926, 5.861835333140602, 46.2186070207913, 68.1192470467178, 38.48054330869997, 22.129865702211774, 12.682400536213182, 20.073790311066414, 18.55269347713021, 2.1795809551466854, 19.737601682874434, 75.95544947034624, 39.389423002436175, 27.867267201677272, 18.31325718951159, 59.585432485818494, 27.627840395562867, 92.5253115989868, 38.237730051346674, 18.376208939169537, 23.81647869817302, 18.164397868469397, 63.704337292582025, 59.95360668034729, 67.60259372262965, 12.341858276853275, 16.896501223077227, 10.184377060117566, 0.0, 70.6309413365495, 68.070953620825, 68.38095007312299, 71.5596184088833, 44.123357424456636, 29.65163119248333], [20.078262077791134, 39.10044737975233, 99.60923001714305, 82.05455769784813, 54.439914143210615, 38.74198481601345, 28.005105465952084, 56.34121252683452, 68.26686651374057, 102.8056498182246, 102.08823266215775, 66.8822637777491, 49.00983574474557, 57.952383068286174, 57.66226522024805, 64.80563471844614, 72.73902834292018, 57.114511392033336, 26.757411827099936, 52.99655765000369, 48.95255795795444, 73.98849191667867, 11.06486297926818, 44.48211990524773, 56.82610909399844, 47.672029440471505, 53.1750991466496, 60.238893609417666, 66.81880545174938, 69.61610376099178, 106.46779386241906, 10.281259753476286, 66.77306714992973, 87.49297637163109, 75.13090247558858, 70.6309413365495, 0.0, 81.61053220787872, 4.767678129966024, 34.216063211954996, 26.57889680926138, 82.1532883284042], [63.10432295050046, 70.94148662192538, 56.44801807771807, 54.7294611738107, 94.17102444018202, 99.15855596181719, 53.605637976872465, 53.00884288266631, 72.40749466424096, 52.02559635038513, 26.76615830737341, 29.764956755435847, 68.69242258036877, 65.00873180574105, 78.76039717296503, 82.51176943560237, 68.21986360052821, 52.254160682748676, 62.90040778959581, 35.95760978765215, 79.22868764100873, 85.91612293365802, 74.88326675521724, 57.99080824812574, 52.69884122524209, 41.43141471606309, 59.87335794313296, 84.60021910599345, 49.91500967365979, 12.157323713068868, 41.2474374519217, 71.80169259198651, 55.78877356782081, 73.96259220755731, 78.22642097954275, 68.070953620825, 81.61053220787872, 0.0, 76.88737484518775, 52.65467789468454, 67.32057046625351, 44.94347193140185], [15.453623399970663, 37.57235552090484, 96.12623509082304, 78.85961716988136, 54.873642137306184, 40.83618304110283, 23.285547474916253, 53.255739180516926, 66.35777902948628, 99.0745824969504, 97.57700928400594, 62.70297373388282, 47.17104166876787, 55.709904309983024, 56.526939653978694, 63.74490209776864, 70.45240860854561, 53.98335738870998, 22.79611841448578, 48.78284012174851, 48.12536358088299, 72.85347612020624, 9.365483839840694, 41.64657714532886, 52.858905832284194, 43.588789909276294, 50.57360779145893, 59.51603863942291, 63.55367264015328, 64.87736850907937, 102.28038857133159, 5.615304397866097, 63.83504854702827, 85.16021251159871, 73.42385730547362, 68.38095007312299, 4.767678129966024, 76.88737484518775, 0.0, 29.702768904798194, 24.29843122302799, 78.53077933105553], [14.333427814756957, 49.86429659869487, 87.42178603792696, 73.85712619166036, 73.62383600269375, 66.25629230953992, 14.718144495023951, 52.267554220894546, 71.98856995548806, 87.8539083147854, 77.03472701771469, 49.20384369895138, 55.827704322147525, 60.48214339774516, 67.75477583742644, 74.61789774989032, 73.17441507862154, 52.49341920679328, 10.266012735425557, 37.09999312456499, 61.98839297584143, 82.53836644910008, 33.0232683453595, 45.07789657258855, 25.32278903452033, 34.92883296748764, 53.73198253185969, 72.56790581561788, 59.50552948361839, 40.62593285482752, 85.97384715859195, 24.1053778486087, 62.471569677972646, 86.36542017712293, 79.67267949806752, 71.5596184088833, 34.216063211954996, 52.65467789468454, 29.702768904798194, 0.0, 37.20486051746265, 69.65708427539164], [27.0010055180767, 14.00260192759698, 74.20459752735702, 56.08513144482496, 36.42185477467766, 32.54914235270927, 22.837414831930197, 30.37651707477328, 42.0829940466242, 78.18262237720629, 82.90627317062432, 45.511014678214615, 22.977124823129568, 31.44236025248353, 33.19297199169041, 40.43585525869661, 46.21277720899888, 31.236337928461754, 36.9373856102073, 32.845178543452086, 25.777205439131652, 49.31771120099942, 15.514153664004715, 18.239234861153697, 62.369117294437146, 26.942577529940063, 26.630337909246467, 37.025850209327444, 41.121971232539266, 56.65108280472817, 84.17375667299946, 24.200850397830063, 40.47496103098744, 60.951288451693436, 49.23682221148145, 44.123357424456636, 26.57889680926138, 67.32057046625351, 24.29843122302799, 37.20486051746265, 0.0, 57.33330352238196], [71.48932779429384, 51.30519684638414, 17.955268407124677, 10.333531525512122, 66.05215796467, 80.24279701206326, 60.27216391133075, 27.642430703445633, 35.37119909557646, 20.85130126933452, 38.90451352270404, 21.475919305535786, 43.22419826837696, 34.37818556912627, 47.55569252351316, 47.889199383630014, 28.72492496763397, 26.65816352130714, 77.35826740044782, 32.6553037965997, 52.811995857513104, 47.55279677853917, 71.68108475031171, 39.58229934263829, 84.02450346983214, 36.13024175065385, 33.89743643815256, 52.425608823731295, 17.073670510223405, 45.190539334530634, 30.714178757562404, 75.68598191411421, 20.817522426872287, 29.74620484616548, 38.462888220901974, 29.65163119248333, 82.1532883284042, 44.94347193140185, 78.53077933105553, 69.65708427539164, 57.33330352238196, 0.0]]",Route_0,1961.6403418832108
