instance_id,num_cities,city_coordinates,distance_matrix,best_route,total_distance
896,23,"[[65.1333290294433, 94.46046841220677], [56.815283239941614, 56.70912135584556], [32.51016892895836, 72.68880646806385], [4.697178852536387, 83.16653935613407], [40.99002064596888, 92.34309399366263], [21.84730657463546, 99.96166979407464], [71.12362524195879, 75.97260715246516], [35.14691385420014, 39.29085532327568], [53.46719514451911, 0.8208339859852476], [99.80268159514713, 92.94727513262737], [33.849827377749754, 88.41702831301197], [62.83115756707821, 18.728564627162026], [82.9011196989921, 9.298665930546813], [47.29791875487825, 71.25889617108402], [23.59536842146862, 87.43963193484066], [87.99985314707169, 33.06254012213674], [39.9230884940276, 21.82088148321142], [86.5871296604323, 88.83997757040501], [14.522245359501195, 71.17464277946304], [48.758106497709555, 52.20900116907071], [47.04143557816095, 63.068433635312736], [70.10915596861373, 12.521626982669954], [3.132781287499531, 37.98568693092147]]","[[0.0, 38.65687636535159, 39.22085974009129, 61.482363989433985, 24.235977680461982, 43.6341948086818, 19.434110802224318, 62.7922869741532, 94.36355130715135, 34.70235959162488, 31.861899563963046, 75.76688751921516, 86.99555728427842, 29.26456584544008, 42.127120911730614, 65.51781073520895, 76.88995914336662, 22.177815014491422, 55.71096360362496, 45.313732986387244, 36.232257121055504, 82.08978370384071, 83.86577885919843], [38.65687636535159, 0.0, 29.087607635479646, 58.44905279111423, 38.9899851515859, 55.61962188352909, 23.9960525062614, 27.801334921516197, 55.98848416443151, 56.22384019700906, 39.15103480832409, 38.45404313385849, 54.11304969600741, 17.386091392710803, 45.25402767701823, 39.136149584943496, 38.76255312468909, 43.80359300749172, 44.69846041211604, 9.228714902465224, 11.660572489525434, 46.14392388067533, 56.854006125675795], [39.22085974009129, 29.087607635479646, 0.0, 29.721125541689958, 21.405581124589787, 29.28319838382585, 38.752836739661625, 33.50187404415528, 74.8612210459094, 70.27579820651117, 15.785171749566791, 61.89563838851332, 80.97874929186128, 14.856721992801873, 17.235443714614682, 68.18611324268521, 51.4052251112935, 56.43738131708872, 18.05153971317986, 26.142262723848216, 17.427256923318804, 70.94908958990085, 45.46798225395241], [61.482363989433985, 58.44905279111423, 29.721125541689958, 0.0, 37.43500394628892, 24.00423477871663, 66.81485942870638, 53.406572732415356, 95.70438695288537, 95.60710979971269, 29.62169053786299, 86.78601309170989, 107.57471398211814, 44.23364111679538, 19.37526487998284, 97.20980549235678, 70.74004841624142, 82.08624698748727, 15.50282281946923, 53.84918305375366, 46.87184582679577, 96.27788112795508, 45.20792812782214], [24.235977680461982, 38.9899851515859, 21.405581124589787, 37.43500394628892, 0.0, 20.603062860736266, 34.2932495597207, 53.37304492831297, 92.36884734790283, 58.81576423690912, 8.148395647997509, 76.78628911373453, 93.02105813288915, 22.007566343737583, 18.072572206900116, 75.65783779025558, 70.53028286903498, 45.73147903962606, 33.89168711384693, 40.878950141276555, 29.8935672307321, 84.96699734441306, 66.24121280916424], [43.6341948086818, 55.61962188352909, 29.28319838382585, 24.00423477871663, 20.603062860736266, 0.0, 54.80538940493591, 62.11141024273043, 104.06114874389192, 78.27031510767767, 16.653505713676754, 90.98622652483965, 109.30392658354926, 38.361215752394614, 12.643462831378228, 94.08322363142702, 80.20421865363792, 65.68817801627861, 29.70436745910342, 54.81339720642353, 44.674993122690694, 99.8747575405684, 64.73990970473086], [19.434110802224318, 23.9960525062614, 38.752836739661625, 66.81485942870638, 34.2932495597207, 54.80538940493591, 0.0, 51.379710777079396, 77.19804747434888, 33.3260802727548, 39.296305491012504, 57.84155448099275, 67.70615787171262, 24.28751450487482, 48.892001940543246, 46.10944502867704, 62.49706302153021, 20.11688818810263, 56.8043718979699, 32.63319472612794, 27.321594996703787, 63.459089438899966, 77.88299538126121], [62.7922869741532, 27.801334921516197, 33.50187404415528, 53.406572732415356, 53.37304492831297, 62.11141024273043, 51.379710777079396, 0.0, 42.609567567014714, 84.02011478764278, 49.143293600906375, 34.485143882917335, 56.39144971036018, 34.19945256496727, 49.51507741158088, 53.21865370469929, 18.111096879058998, 71.42276470182811, 37.973054302591436, 18.765475141119026, 26.586704899758274, 44.03350950830929, 32.04072640454147], [94.36355130715135, 55.98848416443151, 74.8612210459094, 95.70438695288537, 92.36884734790283, 104.06114874389192, 77.19804747434888, 42.609567567014714, 0.0, 103.1225410032261, 89.76599789828501, 20.20818173334851, 30.63053295583733, 70.70771227782456, 91.62500853957174, 47.24438679135552, 24.988893930017056, 94.04413697659774, 80.41372722058593, 51.6034809128246, 62.578383233410555, 20.343633324014817, 62.56819889327532], [34.70235959162488, 56.22384019700906, 70.27579820651117, 95.60710979971269, 58.81576423690912, 78.27031510767767, 33.3260802727548, 84.02011478764278, 103.1225410032261, 0.0, 66.10826057058154, 82.91749259385591, 85.33904508472048, 56.807885921695735, 76.40607773433499, 61.03677782002734, 92.97596218123972, 13.839100628428959, 88.01590949440975, 65.30815885023665, 60.634101382692165, 85.73208468522355, 111.20182463945645], [31.861899563963046, 39.15103480832409, 15.785171749566791, 29.62169053786299, 8.148395647997509, 16.653505713676754, 39.296305491012504, 49.143293600906375, 89.76599789828501, 66.10826057058154, 0.0, 75.47449549640532, 93.0899809027107, 21.800290371631725, 10.300933557989623, 77.43606817040735, 66.8725001264559, 52.738998266267465, 25.900874223849325, 39.15709406959378, 28.575685101978532, 84.11213261446844, 59.04961569822034], [75.76688751921516, 38.45404313385849, 61.89563838851332, 86.78601309170989, 76.78628911373453, 90.98622652483965, 57.84155448099275, 34.485143882917335, 20.20818173334851, 82.91749259385591, 75.47449549640532, 0.0, 22.174904044998325, 54.77880283568819, 79.12431939953152, 28.964220871428925, 23.115839854823896, 74.0267278420312, 71.30457287044534, 36.317907393431035, 47.06739109136241, 9.565319422547606, 62.727449253417845], [86.99555728427842, 54.11304969600741, 80.97874929186128, 107.57471398211814, 93.02105813288915, 109.30392658354926, 67.70615787171262, 56.39144971036018, 30.63053295583733, 85.33904508472048, 93.0899809027107, 22.174904044998325, 0.0, 71.46088474772287, 98.0978221097476, 24.304707349982213, 44.7651320628265, 79.62667220740094, 92.21879942258795, 54.83650445410849, 64.6305257929276, 13.19173279076022, 84.76988254566794], [29.26456584544008, 17.386091392710803, 14.856721992801873, 44.23364111679538, 22.007566343737583, 38.361215752394614, 24.28751450487482, 34.19945256496727, 70.70771227782456, 56.807885921695735, 21.800290371631725, 54.77880283568819, 71.46088474772287, 0.0, 28.698904197971224, 55.81764128556823, 49.9850519421023, 43.04342594114294, 32.77578168639807, 19.105775248129724, 8.19447741895796, 63.01126355607802, 55.296164610686134], [42.127120911730614, 45.25402767701823, 17.235443714614682, 19.37526487998284, 18.072572206900116, 12.643462831378228, 48.892001940543246, 49.51507741158088, 91.62500853957174, 76.40607773433499, 10.300933557989623, 79.12431939953152, 98.0978221097476, 28.698904197971224, 0.0, 84.29000988716083, 67.61963363994985, 63.00732458917495, 18.624484806892156, 43.293887924827466, 33.81824022138112, 88.18299097895482, 53.520184497682195], [65.51781073520895, 39.136149584943496, 68.18611324268521, 97.20980549235678, 75.65783779025558, 94.08322363142702, 46.10944502867704, 53.21865370469929, 47.24438679135552, 61.03677782002734, 77.43606817040735, 28.964220871428925, 24.304707349982213, 55.81764128556823, 84.29000988716083, 0.0, 49.37357783732422, 55.795325215874335, 82.77373505615545, 43.663504791925305, 50.773473539569, 27.23978997963095, 85.00974803232059], [76.88995914336662, 38.76255312468909, 51.4052251112935, 70.74004841624142, 70.53028286903498, 80.20421865363792, 62.49706302153021, 18.111096879058998, 24.988893930017056, 92.97596218123972, 66.8725001264559, 23.115839854823896, 44.7651320628265, 49.9850519421023, 67.61963363994985, 49.37357783732422, 0.0, 81.66450868231804, 55.506725592780214, 31.6464115053744, 41.85727444244917, 31.585990626322097, 40.184918060300035], [22.177815014491422, 43.80359300749172, 56.43738131708872, 82.08624698748727, 45.73147903962606, 65.68817801627861, 20.11688818810263, 71.42276470182811, 94.04413697659774, 13.839100628428959, 52.738998266267465, 74.0267278420312, 79.62667220740094, 43.04342594114294, 63.00732458917495, 55.795325215874335, 81.66450868231804, 0.0, 74.19846091788327, 52.65798539215989, 47.202059247950004, 78.07697646182712, 97.72812869791323], [55.71096360362496, 44.69846041211604, 18.05153971317986, 15.50282281946923, 33.89168711384693, 29.70436745910342, 56.8043718979699, 37.973054302591436, 80.41372722058593, 88.01590949440975, 25.900874223849325, 71.30457287044534, 92.21879942258795, 32.77578168639807, 18.624484806892156, 82.77373505615545, 55.506725592780214, 74.19846091788327, 0.0, 39.13808566560877, 33.51430081571272, 80.80891592593187, 35.08883985206491], [45.313732986387244, 9.228714902465224, 26.142262723848216, 53.84918305375366, 40.878950141276555, 54.81339720642353, 32.63319472612794, 18.765475141119026, 51.6034809128246, 65.30815885023665, 39.15709406959378, 36.317907393431035, 54.83650445410849, 19.105775248129724, 43.293887924827466, 43.663504791925305, 31.6464115053744, 52.65798539215989, 39.13808566560877, 0.0, 10.99428181078215, 45.06611790825106, 47.79092977181512], [36.232257121055504, 11.660572489525434, 17.427256923318804, 46.87184582679577, 29.8935672307321, 44.674993122690694, 27.321594996703787, 26.586704899758274, 62.578383233410555, 60.634101382692165, 28.575685101978532, 47.06739109136241, 64.6305257929276, 8.19447741895796, 33.81824022138112, 50.773473539569, 41.85727444244917, 47.202059247950004, 33.51430081571272, 10.99428181078215, 0.0, 55.56167192221419, 50.56791575548146], [82.08978370384071, 46.14392388067533, 70.94908958990085, 96.27788112795508, 84.96699734441306, 99.8747575405684, 63.459089438899966, 44.03350950830929, 20.343633324014817, 85.73208468522355, 84.11213261446844, 9.565319422547606, 13.19173279076022, 63.01126355607802, 88.18299097895482, 27.23978997963095, 31.585990626322097, 78.07697646182712, 80.80891592593187, 45.06611790825106, 55.56167192221419, 0.0, 71.65370272688735], [83.86577885919843, 56.854006125675795, 45.46798225395241, 45.20792812782214, 66.24121280916424, 64.73990970473086, 77.88299538126121, 32.04072640454147, 62.56819889327532, 111.20182463945645, 59.04961569822034, 62.727449253417845, 84.76988254566794, 55.296164610686134, 53.520184497682195, 85.00974803232059, 40.184918060300035, 97.72812869791323, 35.08883985206491, 47.79092977181512, 50.56791575548146, 71.65370272688735, 0.0]]",Route_1,1156.2057469266824
