instance_id,num_cities,city_coordinates,distance_matrix,best_route,total_distance
177,61,"[[94.94325157840647, 81.83962321823724], [48.31786759097236, 3.190151874726088], [48.83936722050052, 43.62920186792741], [81.67364160658144, 18.855621853664196], [41.99750847378372, 95.65445123224836], [42.185221681498305, 49.92140104503304], [6.225257108588544, 18.750866852565238], [53.34298991811289, 11.46890758952398], [75.68112871817095, 57.6690359506322], [37.52414511772837, 41.81367084242734], [59.36511906603214, 91.30544680497596], [31.987503977439136, 53.78610568932479], [0.5545546033795423, 63.46713839732938], [53.87623762630233, 22.765822640957467], [12.246600898623083, 56.60348947765377], [67.5197009887883, 29.452108046185366], [0.08062551654068884, 12.837533273446555], [46.79904511974193, 1.8408921576550275], [48.64801323999074, 25.468896055638613], [11.428711018194582, 45.25221366347628], [43.70330747758574, 60.180436780488535], [39.530687533382405, 18.972171255412118], [48.65141616379254, 75.9051154800282], [96.92826824669152, 45.67740695205148], [49.8519354126392, 41.050548120598194], [9.017450546146645, 59.13539682289747], [69.73565302259615, 30.700008990150074], [81.98780131646384, 52.21165574818467], [33.78343641032391, 1.7362200939049832], [35.273263092892726, 86.18184878063192], [84.1685043963011, 66.37484673109351], [82.1332502967453, 1.4010866042248549], [46.61257218979835, 95.50050185233717], [76.77022360398952, 57.7570800808453], [40.27123786276901, 50.48871822967411], [7.714811006914557, 34.35348041371561], [78.77307192678514, 19.800125143840607], [40.58148100427904, 76.20299517714375], [99.96079161283899, 26.93646680411873], [59.923910318682125, 89.46568291326668], [7.982584629991251, 93.56204684736589], [82.68034446341298, 83.99311208469862], [56.77573695790106, 4.249512423270618], [62.48287545362309, 43.85777122666734], [80.20601521567782, 76.03360211603861], [78.93115977408874, 76.77693076965716], [0.687883295414482, 55.68658343470688], [64.6487830537608, 65.7554096361108], [82.20969626178162, 94.89881123623614], [68.17765933751477, 35.305647397212994], [89.00499575553785, 62.520833436596554], [60.77144419173742, 6.7662188168449156], [7.086387783690684, 68.84204827823058], [58.001781180516865, 58.204826021361754], [89.67896459371651, 93.69409036284607], [8.076995739090286, 63.71597969276973], [70.58786656853651, 41.45990675968145], [89.15053429375106, 97.19425279190382], [25.633595946207734, 85.31384898442546], [6.816810731602829, 26.640445629012422], [4.252781283649609, 31.047846172907644]]","[[0.0, 91.43120788105918, 59.87991693928256, 64.3666604438734, 54.71838069568045, 61.661840917224325, 108.8626369445172, 81.74728979178528, 30.907064984299602, 69.99307573134138, 36.8158298730767, 68.92333423262185, 96.16014930904562, 71.94590710795532, 86.46154335788098, 59.13123432538266, 117.30390547676731, 93.36841857308004, 72.94455410550437, 91.1773931570271, 55.62959849397073, 83.80255825654739, 46.670680390889615, 36.216656063968124, 60.80275849730852, 88.87477245679084, 57.01476272289893, 32.33666878168131, 100.78233071076151, 59.82777322194147, 18.84819589869548, 81.45215961188488, 50.22423892126229, 30.169982262561653, 63.023077736054454, 99.31633603282854, 64.11219877128511, 54.653212857321655, 55.1319534592263, 35.840076014668064, 87.74720970979048, 12.450558429601912, 86.46955802756071, 49.96295726707868, 15.83969749237994, 16.793389734619062, 97.81644002968712, 34.29951529899815, 18.23967715424238, 53.6824723137576, 20.210851561600702, 82.4847165751729, 88.81309289831276, 43.855169292748, 12.970779033650462, 88.73676159394005, 47.1561902644007, 16.410978730242206, 69.39667577433681, 103.98662790403371, 103.94501439562481], [91.43120788105918, 0.0, 40.44241246780703, 36.851249773127, 92.68006039622398, 47.13193179648277, 44.87676133416087, 9.68450569662825, 60.96471823662662, 40.10337469936652, 88.80510664256943, 53.16607299922776, 76.90675634687014, 20.349505237168295, 64.45247019839437, 32.533071600897564, 49.19251458097766, 2.0315815226628704, 22.2811902381383, 55.94664346117248, 57.17680245239352, 18.063406907249146, 72.71572860647717, 64.5611175237484, 37.89146299598262, 68.3695342400994, 34.86421906921364, 59.47076827395543, 14.606971190780367, 84.01061517351876, 72.64691200209309, 33.86267653449741, 92.32610002266048, 61.5393062728468, 47.97814741334045, 51.183603327600906, 34.69021019159163, 73.42157015838168, 56.840822251742495, 87.05267074466816, 98.96471316832205, 87.80602596350333, 8.523954422675159, 43.063937482577494, 79.51743332121316, 79.70061283591443, 70.88364219287013, 64.66150538458915, 97.77082516035637, 37.75998385686771, 71.94144961616949, 12.956844713341214, 77.52552114287761, 55.86047398537061, 99.50730238093995, 72.68220965586463, 44.277838626284286, 102.48940266831077, 85.19904815794082, 47.668165452500304, 52.13236003561263], [59.87991693928256, 40.44241246780703, 0.0, 41.131737638757144, 52.4732084261083, 9.158025078508572, 49.34464442841547, 32.47409960993465, 30.29186526722483, 11.459947824471838, 48.82433597306942, 19.6760765906204, 52.2012150741251, 21.462773731584715, 38.82476897635614, 23.450903157983255, 57.66751032761697, 41.838089616000495, 18.16131392663282, 37.44584576125398, 17.329814967666916, 26.355657384020635, 32.27646085145506, 48.13249989324702, 2.770333823268594, 42.73437877869201, 24.572724488620132, 34.241454373626816, 44.51632256239727, 44.66281384416345, 42.01799964096113, 53.774495525473846, 51.91907528241801, 31.30063387719374, 10.975691568547802, 42.15765804999747, 38.26031331504567, 33.60423627032175, 53.77775967639491, 47.15771506673316, 64.51794859873317, 52.67311447733926, 40.17145635107521, 13.64542270723183, 45.09891087258261, 44.769274178065, 49.638149184218506, 27.19387245667229, 61.173128946477306, 21.053529419789104, 44.38661351061761, 38.74601889577711, 48.774982480367974, 17.21623213821425, 64.60933193908625, 45.44281650792635, 21.85641931237095, 67.03883107047515, 47.70867453264408, 45.326737058913366, 46.32768240079356], [64.3666604438734, 36.851249773127, 41.131737638757144, 0.0, 86.4422103737079, 50.24358610754798, 75.4484572205902, 29.277796582280203, 39.27329021842301, 49.761933780649024, 75.8066442564101, 60.73591172852695, 92.57696087342008, 28.0710765422309, 79.02541041730025, 17.681050722180125, 81.81465434033804, 38.80384654577603, 33.68126370370715, 75.04085775456679, 56.12028690771154, 42.1431152358106, 65.9174642732783, 30.856308751910458, 38.79736765668798, 83.07455910796322, 16.816809390318816, 33.35751329904122, 50.858093459661845, 81.76683899011347, 47.58467267189326, 17.46058535450615, 84.28354654770682, 39.209271356520496, 52.10385611545066, 75.56515230989469, 3.0504738865474175, 70.54988936963649, 19.99299653540339, 73.88390578425465, 104.93532204966371, 65.14526908563705, 28.86596765375123, 31.518137299140847, 57.19681244709144, 57.986198643672424, 88.96748158860625, 49.894247191255204, 76.04507877612504, 21.277802466193965, 44.276398410887836, 24.146542662579403, 89.78809085585304, 45.92076703042131, 75.26540749194253, 86.19117117430011, 25.176340169026545, 78.69463146576877, 86.93205778641514, 75.26053819803828, 78.37499567460065], [54.71838069568045, 92.68006039622398, 52.4732084261083, 86.4422103737079, 0.0, 45.73343542392924, 84.81636197207324, 84.94660503883995, 50.76886887537413, 54.026295567068395, 17.90384699421928, 43.04832805717879, 52.47419873649705, 73.8502294119527, 49.09270939258252, 70.9516212224796, 92.82061719815334, 93.93635409363455, 70.49993878787609, 58.94774745331472, 35.515003189708956, 76.72194775941173, 20.84012356491871, 74.26367432475763, 55.165915723064884, 49.20696653791441, 70.62920238819702, 59.046591782367074, 94.27674750445627, 11.616611947930584, 51.33895340617127, 102.44303058472343, 4.617630725215023, 51.432989974467176, 45.19871068827381, 70.23611869187734, 84.29899675329612, 19.502929945473777, 89.89940809662183, 18.964618013838518, 34.079219477694565, 42.32115280652513, 92.59189422299202, 55.700505562330854, 42.95192321056691, 41.47837240283269, 57.47969718656415, 37.510437593622925, 40.219286896969976, 65.7828125239967, 57.511220546712536, 90.84920761501797, 44.019215122567374, 40.72605030330535, 47.72173794462394, 46.59041906296385, 61.27362586443885, 47.17816054936462, 19.357316137776905, 77.4636331644093, 74.8243132140301], [61.661840917224325, 47.13193179648277, 9.158025078508572, 50.24358610754798, 45.73343542392924, 0.0, 47.589087550915806, 40.03860693091073, 34.3802506512078, 9.352054521417744, 44.80834874891242, 10.905475155136159, 43.77898401957905, 29.56527172683447, 30.67525582944944, 32.570351512444255, 56.10713205212573, 48.30137370291369, 25.292146508054245, 31.108909639940844, 10.370747258786862, 31.0628616858504, 26.776203743664414, 54.907309468778145, 11.724782771643092, 34.423810949422354, 33.592978129485104, 39.8684162239119, 48.9121831350419, 36.91334774193065, 45.092259895188235, 62.84954974921851, 45.79362251368345, 35.46153160723587, 1.9962922747800818, 37.82286827909084, 47.39158203191039, 26.33047994786201, 62.179769080870614, 43.340642623769035, 55.44660807769755, 52.92198467832451, 47.94585014690651, 21.184011783116652, 46.12404780308566, 45.5135523014262, 41.895899812694694, 27.483220655296705, 60.20735829560607, 29.819910630242802, 48.48543019231329, 46.98741768120742, 39.87378879300279, 17.85437435824791, 64.58872924841965, 36.792138793592144, 29.636246761697663, 66.63679990101754, 39.07149454044132, 42.34297318568249, 42.36839751568936], [108.8626369445172, 44.87676133416087, 49.34464442841547, 75.4484572205902, 84.81636197207324, 47.589087550915806, 0.0, 47.67711899662478, 79.61621685933419, 38.87818563775161, 89.9333753449014, 43.48748468330155, 45.074403021755785, 47.819826581474366, 38.3285483763102, 62.22158318193929, 8.527837440988492, 43.95656398942618, 42.9513929245347, 27.007356690012802, 55.866031932416476, 33.306165666727594, 71.17996282906672, 94.61540461916375, 48.995539026537756, 40.48094125779939, 64.62470415389303, 82.82262672946003, 32.38751998453391, 73.42154980281626, 91.34108197970932, 77.86551421854834, 86.72739873919392, 80.61065046411234, 46.544817279150195, 15.673554821884272, 72.55540212732029, 66.94099767253735, 94.09226575741705, 88.7926267607662, 74.8318171116534, 100.50836256433425, 52.58935532291467, 61.60581359827881, 93.5652944705719, 93.02242942492754, 37.348489503367055, 74.98490132124186, 107.57390216629652, 64.1261327448967, 93.63917505630029, 55.84727669143745, 50.09858284082018, 65.09549399969275, 112.16509280130434, 45.0032255364881, 68.25134423582278, 114.1488781980097, 69.33479794967445, 7.911724777737606, 12.454170437443727], [81.74728979178528, 9.68450569662825, 32.47409960993465, 29.277796582280203, 84.94660503883995, 40.03860693091073, 47.67711899662478, 0.0, 51.31709564690441, 34.22046913315781, 80.06334388079617, 47.40044340277947, 74.09746898592144, 11.30949348103591, 61.0413275794157, 22.89922783514494, 53.279945550915855, 11.641387145887427, 14.766261648076458, 53.83417636582248, 49.65618343848427, 15.71873604355861, 64.6067779075888, 55.40665948796868, 29.786925287277988, 65.09107186435817, 25.26963918892096, 49.80458560782476, 21.847227268269965, 76.86701899361023, 62.96724939095504, 30.499837902216473, 84.3006960656178, 51.878995660662014, 41.151140010813315, 51.04541491748357, 26.76001227400969, 65.9799833704093, 49.11684866627543, 78.2739131142747, 93.79152350351326, 78.23324491144764, 7.993961396310144, 33.65376643568585, 69.93012160321017, 70.14194414382227, 68.75873115901288, 55.451287296871094, 88.28270248260006, 28.075925299843696, 62.27421451165425, 8.79188344941016, 73.69769679921045, 46.96754632396763, 89.8959606307888, 69.12862484077829, 34.595459267260956, 92.90325637070255, 78.87259272970991, 48.937316193053405, 52.85057634337626], [30.907064984299602, 60.96471823662662, 30.29186526722483, 39.27329021842301, 50.76886887537413, 34.3802506512078, 79.61621685933419, 51.31709564690441, 0.0, 41.32006776614632, 37.38476034604076, 43.86581801811142, 75.34998427476707, 41.154435664566066, 63.443476488722375, 29.373524183296194, 87.89368416805732, 62.85663363843134, 42.04329128069999, 65.44119998902106, 32.076286964407615, 52.95565819716555, 32.60613373852806, 24.39754299481862, 30.713537154999173, 66.67980355123237, 27.616609068491417, 8.340091002868295, 69.88488041333105, 49.4547884422645, 12.15839986375311, 56.63666653780541, 47.709546119357064, 1.092647902657183, 36.130559544039485, 71.85426551863492, 37.99492753642296, 39.69247931597761, 39.166220606843744, 35.486852350632645, 76.6250683712077, 27.238685822935167, 56.66620978589991, 19.103531676383415, 18.91380152848469, 19.382320456523022, 75.01944399297881, 13.678526610722017, 37.79786187058804, 23.588624384173954, 14.179752172525516, 53.04145062904633, 69.4987387535999, 17.687464497690108, 38.64898387540972, 67.87403277007931, 16.99050288996269, 41.757246711307616, 57.17509269108462, 75.53189861973605, 76.22792508266454], [69.99307573134138, 40.10337469936652, 11.459947824471838, 49.761933780649024, 54.026295567068395, 9.352054521417744, 38.87818563775161, 34.22046913315781, 41.32006776614632, 0.0, 54.09680240954717, 13.190663034114229, 42.84417439920888, 25.104012637727855, 29.286395766835387, 32.442897632290986, 47.34589431556896, 41.03470245815289, 19.770991498463843, 26.32100411411574, 19.378341995459852, 22.929463924161755, 35.86143832044641, 59.52964220827997, 12.351387365145248, 33.356765825540414, 34.074840003617375, 45.66327641179184, 40.25164543386875, 44.42523701057668, 52.71572453777498, 60.192601120755754, 54.45066877946449, 42.360913289180175, 9.099613492936498, 30.72866481581603, 46.75542917269276, 34.52496098363485, 64.18462452607226, 52.65419010351671, 59.58689633802998, 61.79148487338222, 42.210067355076646, 25.04229554894602, 54.70599356038523, 54.1938225953021, 39.362010731606276, 36.1794532798081, 69.38898047729329, 31.336756424143626, 55.48931937854176, 42.056638093432106, 40.70614521590078, 26.229821707741827, 73.56427885997087, 36.699396991008065, 33.065613939603054, 75.71190736216354, 45.09601598795531, 34.25152768094203, 34.969795998754165], [36.8158298730767, 88.80510664256943, 48.82433597306942, 75.8066442564101, 17.90384699421928, 44.80834874891242, 89.9333753449014, 80.06334388079617, 37.38476034604076, 54.09680240954717, 0.0, 46.44604144264339, 65.06653446599921, 68.7590568580192, 58.518207394278136, 62.38856242889916, 98.34563858865968, 90.34275152256049, 66.70313164954584, 66.47405132316, 34.84334357171304, 75.00338276339608, 18.76042736175337, 59.100830765637596, 51.14739001161502, 59.74780197829622, 61.486316097738154, 45.16757964952353, 93.15078561728072, 24.630647188930208, 35.16735338187491, 92.74255648215319, 13.424825461842364, 37.79458392195873, 45.06197544487134, 76.88485415498293, 74.09237248264927, 24.102056012007598, 76.10107894030362, 1.9227529329779784, 51.43206284821018, 24.435015334393505, 87.09443501610016, 47.549998135402575, 25.837418457023528, 24.370222140510815, 68.64198005208291, 26.090640169716263, 23.125461621087755, 56.6889618862984, 41.31677936306495, 84.55092441356504, 56.90052739529445, 33.12868525086249, 30.407809008918484, 58.237876763624435, 51.093325629792645, 30.361966277553694, 34.25952271159763, 83.32398865811466, 81.65995475000749], [68.92333423262185, 53.16607299922776, 19.6760765906204, 60.73591172852695, 43.04832805717879, 10.905475155136159, 43.48748468330155, 47.40044340277947, 43.86581801811142, 13.190663034114229, 46.44604144264339, 0.0, 32.890009131127464, 37.96543982560588, 19.9409354288596, 43.066001274202904, 51.91179515309569, 54.01561774025079, 32.854785501136625, 22.25963344374575, 13.347191530710521, 35.621758083051205, 27.693619544503942, 65.44504457242324, 21.93928752465115, 23.584704159012706, 44.24805777815603, 50.0250799760284, 52.080859860411074, 32.561946861371176, 53.678051433802864, 72.517488225024, 44.203885207760884, 44.958432076400676, 8.915885325755596, 31.093255685817116, 57.826777897276116, 24.007777394980568, 73.08399920797146, 45.315284729793696, 46.45817094855786, 59.01040003174478, 55.39251363406561, 32.07085135559774, 53.10344549357222, 52.27126225210899, 31.35726503538403, 34.785390437249866, 64.90395330973688, 40.63563317671936, 57.68266496517402, 55.130617407762664, 29.098917418608348, 26.386885147196256, 70.14949656798325, 25.890438426964497, 40.52065118204951, 71.77659277106108, 32.16163466851634, 37.01959830395283, 35.86423411614054], [96.16014930904562, 76.90675634687014, 52.2012150741251, 92.57696087342008, 52.47419873649705, 43.77898401957905, 45.074403021755785, 74.09746898592144, 75.34998427476707, 42.84417439920888, 65.06653446599921, 32.890009131127464, 0.0, 67.08054102865405, 13.55778828064085, 75.10894167945965, 50.63182323183369, 77.04769385718762, 61.29312510134635, 21.213928462069358, 43.27374818660225, 59.15184730114141, 49.679083786552205, 98.00187358565246, 54.15473455098826, 9.50708119276183, 76.54873707695097, 82.20741791285779, 70.1060971722427, 41.48911648826843, 83.66449287318635, 102.50501634659207, 56.102382821333826, 76.42926773944775, 41.783421582906165, 29.981233346065032, 89.58205455755223, 42.00424841630866, 105.90604290328211, 64.81238087740108, 30.998050659554778, 84.65199912553126, 81.65505845533319, 64.9587885059793, 80.63666156325013, 79.4986969143502, 7.781697248448394, 64.13506299920424, 87.49578399389183, 73.25267141363145, 88.4555031249618, 82.71074944025746, 8.458989355899611, 57.68774369783598, 94.11072776921519, 7.526555827903596, 73.40969301912445, 94.79855411704038, 33.26014248543776, 37.35533632652072, 32.629547788946034], [71.94590710795532, 20.349505237168295, 21.462773731584715, 28.0710765422309, 73.8502294119527, 29.56527172683447, 47.819826581474366, 11.30949348103591, 41.154435664566066, 25.104012637727855, 68.7590568580192, 37.96543982560588, 67.08054102865405, 0.0, 53.64712807811613, 15.193765334625274, 54.704102332722385, 22.089349684994218, 5.885655113815213, 48.035718963742276, 38.77295267348961, 14.838685868483264, 53.39553541965486, 48.76902742708016, 18.722344782978354, 57.74994982230183, 17.733368820839317, 40.710159671569514, 29.08547479398987, 66.08829724571937, 53.097725075174715, 35.42471892586921, 73.09647320873815, 41.815340380906186, 30.88130435050674, 47.593603773991354, 25.07284825922461, 55.06615986521099, 46.27289043137162, 66.97347016050257, 84.37021244035043, 67.66430036076144, 18.741954019033233, 22.78035359323681, 59.41980745603149, 59.53947367185678, 62.55219842393507, 44.31875816175937, 77.49808334362224, 19.020459192131444, 53.05177217646656, 17.422146713553307, 65.66817050345661, 35.6783277384749, 79.45221469745896, 61.436844971168945, 25.07483445490414, 82.36423507881007, 68.6287287404727, 47.21866540847094, 50.3098333646111], [86.46154335788098, 64.45247019839437, 38.82476897635614, 79.02541041730025, 49.09270939258252, 30.67525582944944, 38.3285483763102, 61.0413275794157, 63.443476488722375, 29.286395766835387, 58.518207394278136, 19.9409354288596, 13.55778828064085, 53.64712807811613, 0.0, 61.581759533278266, 45.425432077923254, 64.75193793922976, 47.900164175088825, 11.380703250064911, 31.659421043383112, 46.48158231640429, 41.20513731110057, 85.38362878330477, 40.69465774235068, 4.103409168459528, 63.055383715265556, 69.87934773041843, 58.94279034357734, 37.48475037752127, 72.58263997199096, 89.05868316507048, 51.903733531049156, 64.53393416106174, 28.68397992586268, 22.7068276729252, 76.02801440093168, 34.45295421681917, 92.59541828277402, 57.90552297437345, 37.203720211686615, 75.57184435427604, 68.72978154771458, 51.82795206159384, 70.68246792138363, 69.66920500463137, 11.595027784456445, 53.19536010975962, 79.75817438600113, 59.84882100240664, 76.98614252278442, 69.55870875411664, 13.28194718054158, 45.78319343771048, 85.85734459808229, 8.24458150827092, 60.27463295204284, 86.9587548098278, 31.67801097626131, 30.45105282142924, 26.776707354642205], [59.13123432538266, 32.533071600897564, 23.450903157983255, 17.681050722180125, 70.9516212224796, 32.570351512444255, 62.22158318193929, 22.89922783514494, 29.373524183296194, 32.442897632290986, 62.38856242889916, 43.066001274202904, 75.10894167945965, 15.193765334625274, 61.581759533278266, 0.0, 69.45554690181655, 34.5213676219016, 19.287472002565586, 58.27385771852412, 38.8773814278155, 29.88668515151011, 50.13874820820543, 33.58755949376669, 21.134657617607736, 65.60191262040497, 2.5431673523551623, 26.968925427077494, 43.66126421316167, 65.25408983942214, 40.50273184485242, 31.62934756382779, 69.27841192601103, 29.778240554761293, 34.42408620053836, 60.00540239702765, 14.825624149266273, 53.95658572839301, 32.53848201340462, 60.492356576933304, 87.49144230958849, 56.60888827820062, 27.397145640178657, 15.260823802835361, 48.278133336357904, 48.68121031174803, 71.79651492315831, 36.41664284525339, 67.07508419351532, 5.890401694510129, 39.43549784344736, 23.66830243014586, 72.13704136176864, 30.287119183519536, 67.95634816179313, 68.61084540811375, 12.39358180545842, 71.11182126916, 69.8210562530326, 60.767971260558355, 63.28704060979263], [117.30390547676731, 49.19251458097766, 57.66751032761697, 81.81465434033804, 92.82061719815334, 56.10713205212573, 8.527837440988492, 53.279945550915855, 87.89368416805732, 47.34589431556896, 98.34563858865968, 51.91179515309569, 50.63182323183369, 54.704102332722385, 45.425432077923254, 69.45554690181655, 0.0, 47.9951752372079, 50.18308954234757, 34.34371193305443, 64.37615159320704, 39.92419286976797, 79.60302525333508, 102.26398782373815, 57.211515410265726, 47.152508001731654, 71.9089069281349, 90.87962900548833, 35.48406144246141, 81.35053999082008, 99.68457908202052, 82.8457937721584, 94.85983573397938, 88.87665689142747, 55.071744564457525, 22.830172348107386, 78.9998658706638, 75.20306547945745, 100.870349985149, 97.22701298061602, 81.1103448986412, 109.02215355636027, 57.341867457132295, 69.68712908338627, 102.04813173986197, 101.51676366432876, 42.85335298121031, 83.48262457832463, 116.10011887316483, 71.70789473616891, 101.86252469629792, 60.993740094345334, 56.440999334392565, 73.57344306694908, 120.68821479224844, 51.50299260023652, 76.09540922256589, 122.67642307100516, 76.84901194431147, 15.3589251169167, 18.68214066003409], [93.36841857308004, 2.0315815226628704, 41.838089616000495, 38.80384654577603, 93.93635409363455, 48.30137370291369, 43.95656398942618, 11.641387145887427, 62.85663363843134, 41.03470245815289, 90.34275152256049, 54.01561774025079, 77.04769385718762, 22.089349684994218, 64.75193793922976, 34.5213676219016, 47.9951752372079, 0.0, 23.700237368280174, 55.996458542812, 58.421623208779856, 18.609399386558373, 74.08738391137321, 66.59263503294366, 39.328326431121255, 68.63023497962843, 36.86375735652666, 61.44479137701878, 13.016029591146758, 85.12485310066215, 74.57283539942031, 35.33694220522483, 93.65979532496213, 63.44203347620689, 49.08383898104964, 50.83941139799346, 36.672502501323976, 74.62158179113429, 58.787406449277455, 88.60229140070291, 99.59662555812945, 89.6462764510131, 10.263324588919765, 44.848641681125365, 81.366970337844, 81.53454896557386, 70.89145021716577, 66.36021917396732, 99.56751738161891, 39.71064075428501, 73.9147992129251, 14.815086180202497, 77.88613531421599, 57.46646270512648, 101.36911519105143, 72.99262679007882, 46.21227481912367, 104.33557408430416, 86.11452119196471, 47.04887797861717, 51.6064989052683], [72.94455410550437, 22.2811902381383, 18.16131392663282, 33.68126370370715, 70.49993878787609, 25.292146508054245, 42.9513929245347, 14.766261648076458, 42.04329128069999, 19.770991498463843, 66.70313164954584, 32.854785501136625, 61.29312510134635, 5.885655113815213, 47.900164175088825, 19.287472002565586, 50.18308954234757, 23.700237368280174, 0.0, 42.15039873417546, 35.0619619326939, 11.195224927184766, 50.43621953918696, 52.3389619324122, 15.628093603227931, 52.00014205117663, 21.72678287585476, 42.74010604756853, 28.003491793519558, 62.1686944537568, 54.175659595876375, 41.23736839974892, 70.06117919884728, 42.81805160680029, 26.384879521058775, 41.88630903134936, 30.653778307628794, 51.37137097625958, 51.33376070621397, 64.98257137902375, 79.31175366097936, 67.69995147942726, 22.722722868800048, 23.012043423517802, 59.604504759893125, 59.578380224881776, 56.685824461144975, 43.34775439515668, 77.11614415438659, 21.867070074669375, 54.78624007396934, 22.28828647384678, 60.07161596206568, 34.046058294697566, 79.61291419894152, 55.757034245053546, 27.149025533431466, 82.37099617374312, 64.11771825650919, 41.84760485022567, 44.7443997039664], [91.1773931570271, 55.94664346117248, 37.44584576125398, 75.04085775456679, 58.94774745331472, 31.108909639940844, 27.007356690012802, 53.83417636582248, 65.44119998902106, 26.32100411411574, 66.47405132316, 22.25963344374575, 21.213928462069358, 48.035718963742276, 11.380703250064911, 58.27385771852412, 34.34371193305443, 55.996458542812, 42.15039873417546, 0.0, 35.559828768539404, 38.47546897738634, 48.21960356671647, 85.5006144749947, 38.65227245842154, 14.091023798933023, 60.09547526028083, 70.90147429954985, 48.922136540675346, 47.36874174459874, 75.74459167755033, 83.19887751020885, 61.34162170055095, 66.52732484562898, 29.314029659052462, 11.514140859969737, 71.99355357389904, 42.518641490154955, 90.40683534685128, 65.62480642482817, 48.432589950762626, 81.10272793867807, 61.135703730062474, 51.073204088928534, 75.35125379010414, 74.50092869667364, 14.974693742885444, 57.032947605424646, 86.45653545339675, 57.61403748946987, 79.47506012906162, 62.57696953648667, 23.986164099838312, 48.34067677679163, 92.03106868221421, 18.765517613342613, 59.28058094420231, 93.48078541655462, 42.50545118460476, 19.174658631176616, 15.914082548555852], [55.62959849397073, 57.17680245239352, 17.329814967666916, 56.12028690771154, 35.515003189708956, 10.370747258786862, 55.866031932416476, 49.65618343848427, 32.076286964407615, 19.378341995459852, 34.84334357171304, 13.347191530710521, 43.27374818660225, 38.77295267348961, 31.659421043383112, 38.8773814278155, 64.37615159320704, 58.421623208779856, 35.0619619326939, 35.559828768539404, 0.0, 41.41898000656178, 16.484820283347698, 55.16551751844067, 20.093736975075615, 34.70159621085496, 39.329106743939455, 39.105037266826656, 59.28010042248098, 27.33384485082724, 40.9365713794715, 70.22729179049767, 35.439678579882, 33.155596809653844, 10.281464404896251, 44.296766850309794, 53.48324921314275, 16.323853040984687, 65.34574248578134, 33.47735947750332, 48.89071416344525, 45.67551770191863, 57.438286116236526, 24.881752031328272, 39.79661447119408, 38.94156121878965, 43.24952526289181, 21.67471497974243, 51.84696232229188, 34.8962612012509, 45.36210331698327, 56.07494959035275, 37.62741449537793, 14.434312872630635, 56.893989345960726, 35.80131494474806, 32.76030771794983, 58.61290814323138, 30.95485234725278, 49.85523692283995, 49.04132800493224], [83.80255825654739, 18.063406907249146, 26.355657384020635, 42.1431152358106, 76.72194775941173, 31.0628616858504, 33.306165666727594, 15.71873604355861, 52.95565819716555, 22.929463924161755, 75.00338276339608, 35.621758083051205, 59.15184730114141, 14.838685868483264, 46.48158231640429, 29.88668515151011, 39.92419286976797, 18.609399386558373, 11.195224927184766, 38.47546897738634, 41.41898000656178, 0.0, 57.65889201877563, 63.30601776572189, 24.371764047484266, 50.439491665003146, 32.40188448434654, 53.92095919153136, 18.16889946896499, 67.34438666964392, 65.11181410881005, 46.083851508152655, 76.8553086926273, 53.76850564550974, 31.525246200009565, 35.33885496971794, 39.25111769772858, 57.240469719235605, 60.95266591906463, 73.38404950278326, 80.98723564628007, 78.03598938633964, 22.674840963978674, 33.85403988086769, 70.07488261798349, 69.95561046328145, 53.44821327921306, 53.09981276761841, 87.09966960222319, 32.976225321002595, 65.91049348800054, 24.498061522333103, 59.49485036974951, 43.36337741119113, 89.99008216030217, 54.69317252609574, 38.343795035593324, 92.63273305060163, 67.78161519529161, 33.60059772192791, 37.28743211965617], [46.670680390889615, 72.71572860647717, 32.27646085145506, 65.9174642732783, 20.84012356491871, 26.776203743664414, 71.17996282906672, 64.6067779075888, 32.60613373852806, 35.86143832044641, 18.76042736175337, 27.693619544503942, 49.679083786552205, 53.39553541965486, 41.20513731110057, 50.13874820820543, 79.60302525333508, 74.08738391137321, 50.43621953918696, 48.21960356671647, 16.484820283347698, 57.65889201877563, 0.0, 56.95936103825625, 34.87523637597163, 43.03573740997191, 49.880323742727995, 40.89858932911665, 75.64444371364787, 16.86968366390323, 36.77349016537211, 81.68159851296434, 19.701168793509797, 33.466677766232976, 26.762298809047632, 58.32961527778275, 63.67954213503681, 8.075430997334186, 70.92658572154633, 17.634004468169667, 44.336453214432744, 34.97690166807045, 72.11470056648083, 34.90474953039573, 31.55486064207657, 30.29229167634077, 52.05083595182374, 18.94550807263568, 38.5605840414079, 45.05098202133739, 42.51529597316065, 70.19317709863621, 42.16086458477556, 20.01823101241867, 44.71808758825988, 42.36577184521392, 40.83724109373751, 45.753753253566316, 24.866529989643176, 64.6308123668315, 63.11428831026921], [36.216656063968124, 64.5611175237484, 48.13249989324702, 30.856308751910458, 74.26367432475763, 54.907309468778145, 94.61540461916375, 55.40665948796868, 24.39754299481862, 59.52964220827997, 59.100830765637596, 65.44504457242324, 98.00187358565246, 48.76902742708016, 85.38362878330477, 33.58755949376669, 102.26398782373815, 66.59263503294366, 52.3389619324122, 85.5006144749947, 55.16551751844067, 63.30601776572189, 56.95936103825625, 0.0, 47.30315989179443, 88.93497264935895, 31.04449665294754, 16.306868473836253, 76.92917320591513, 73.76957007031973, 24.314513915042628, 46.68281375070055, 70.80967486955811, 23.50032482149279, 56.86095152329845, 89.92926256185547, 31.610834648833674, 64.08410075072904, 18.984705307026175, 57.3300585846532, 101.01620351184299, 40.87904832485801, 57.69312102829147, 34.493421964801705, 34.65735609170616, 35.93155013433812, 96.75947141975783, 38.01435723646695, 51.37492580025909, 30.56420960718299, 18.613953441151263, 53.116819255621344, 92.78019235213223, 40.89263532533922, 48.56083081276012, 90.66387777247452, 26.675908015270863, 52.10065787233243, 81.57191817910814, 92.10038366862821, 93.82307782431576], [60.80275849730852, 37.89146299598262, 2.770333823268594, 38.79736765668798, 55.165915723064884, 11.724782771643092, 48.995539026537756, 29.786925287277988, 30.713537154999173, 12.351387365145248, 51.14739001161502, 21.93928752465115, 54.15473455098826, 18.722344782978354, 40.69465774235068, 21.134657617607736, 57.211515410265726, 39.328326431121255, 15.628093603227931, 38.65227245842154, 20.093736975075615, 24.371764047484266, 34.87523637597163, 47.30315989179443, 0.0, 44.66001463162395, 22.4164200148786, 34.01888006479884, 42.47132030415163, 47.42754459038443, 42.649114960617425, 51.12888703252966, 54.54622750913219, 31.681263379028117, 13.448747917555105, 42.666004840552915, 35.888892626563056, 36.35431004710064, 52.05866653210103, 49.45169315099552, 67.16025635367801, 54.053383248560706, 37.4466988696487, 12.939132424014314, 46.31613355556719, 46.06490753980194, 51.29636975752792, 28.79716796171494, 62.8224492338628, 19.205104573844647, 44.653502502771694, 35.98125772933736, 51.00254449550086, 18.991820248117833, 66.01162619722166, 47.527543309973865, 20.739971441578817, 68.53098166696077, 50.45560196720483, 45.38362050487326, 46.68336859668206], [88.87477245679084, 68.3695342400994, 42.73437877869201, 83.07455910796322, 49.20696653791441, 34.423810949422354, 40.48094125779939, 65.09107186435817, 66.67980355123237, 33.356765825540414, 59.74780197829622, 23.584704159012706, 9.50708119276183, 57.74994982230183, 4.103409168459528, 65.60191262040497, 47.152508001731654, 68.63023497962843, 52.00014205117663, 14.091023798933023, 34.70159621085496, 50.439491665003146, 43.03573740997191, 88.93497264935895, 44.66001463162395, 0.0, 67.04678510689291, 73.29809193978242, 62.514154757068745, 37.69453880858482, 75.4989438983228, 93.16206711744628, 52.30500965684979, 67.76679138094839, 32.427831754947356, 24.81612884155883, 80.08189753161572, 35.88301732496558, 96.47519048297828, 59.2570156259697, 34.442200559366874, 77.74398978894263, 72.75516632732254, 55.605372981354854, 73.16666646661692, 72.10513475477255, 9.01532053623344, 56.023831770237166, 81.46242473311291, 63.77920712841435, 80.0591566885998, 73.6274857868817, 9.896872529636036, 48.99316901073018, 87.7529666030408, 4.6761303095489755, 64.05731088755608, 88.71182349929548, 31.006574230788235, 32.5693823811003, 28.488814905094383], [57.01476272289893, 34.86421906921364, 24.572724488620132, 16.816809390318816, 70.62920238819702, 33.592978129485104, 64.62470415389303, 25.26963918892096, 27.616609068491417, 34.074840003617375, 61.486316097738154, 44.24805777815603, 76.54873707695097, 17.733368820839317, 63.055383715265556, 2.5431673523551623, 71.9089069281349, 36.86375735652666, 21.72678287585476, 60.09547526028083, 39.329106743939455, 32.40188448434654, 49.880323742727995, 31.04449665294754, 22.4164200148786, 67.04678510689291, 0.0, 24.756132251573252, 46.167769564513236, 65.31378771900783, 38.483779006460615, 31.813947745422293, 68.80247628089022, 27.956578461455905, 35.492883428612494, 62.12835663187097, 14.159181060811054, 54.04153493385769, 30.458549745275533, 59.57914674217714, 88.1196757793841, 54.84268295720165, 29.45485007665875, 15.024296640366186, 46.52701527239763, 46.98553038001763, 73.42971746351259, 35.42255440434332, 65.3994492680568, 4.862021129053898, 37.20043598953027, 25.557451986124207, 73.34674904880383, 29.903155491131255, 66.0756382066237, 69.94172102144091, 10.79359383795085, 69.27064366338824, 70.19731445923937, 63.04966907067777, 65.48379556718618], [32.33666878168131, 59.47076827395543, 34.241454373626816, 33.35751329904122, 59.046591782367074, 39.8684162239119, 82.82262672946003, 49.80458560782476, 8.340091002868295, 45.66327641179184, 45.16757964952353, 50.0250799760284, 82.20741791285779, 40.710159671569514, 69.87934773041843, 26.968925427077494, 90.87962900548833, 61.44479137701878, 42.74010604756853, 70.90147429954985, 39.105037266826656, 53.92095919153136, 40.89858932911665, 16.306868473836253, 34.01888006479884, 73.29809193978242, 24.756132251573252, 0.0, 69.79563310475537, 57.76003892054796, 14.3300887904005, 50.810777322719495, 55.90466020640034, 7.6141216312174445, 41.75212785091124, 76.38973436135933, 32.570566485174865, 47.85465211858482, 31.013925200655077, 43.29754988424474, 84.7739756108383, 31.789000973294666, 54.18501067213985, 21.218612572780557, 23.888488660061018, 24.75471256951196, 81.37414695501211, 22.001700472714923, 42.687732207600824, 21.829639022252646, 12.470772326003733, 50.153978381822405, 76.72543062708023, 24.723415053049354, 42.18941068700792, 74.80077974538948, 15.670310098041485, 45.5493005489824, 65.35710871789257, 79.40128848115829, 80.56450940234551], [100.78233071076151, 14.606971190780367, 44.51632256239727, 50.858093459661845, 94.27674750445627, 48.9121831350419, 32.38751998453391, 21.847227268269965, 69.88488041333105, 40.25164543386875, 93.15078561728072, 52.080859860411074, 70.1060971722427, 29.08547479398987, 58.94279034357734, 43.66126421316167, 35.48406144246141, 13.016029591146758, 28.003491793519558, 48.922136540675346, 59.28010042248098, 18.16889946896499, 75.64444371364787, 76.92917320591513, 42.47132030415163, 62.514154757068745, 46.167769564513236, 69.79563310475537, 0.0, 84.45876975093027, 81.95612929789573, 48.35097535011566, 94.63787433434274, 70.61303439811849, 49.182289923960646, 41.75474704980946, 48.480634995399136, 74.77642677742145, 70.81309748807412, 91.54115480333051, 95.38168803049834, 95.69275780923725, 23.129256857991887, 50.96943075246141, 87.60797223016954, 87.57525440244511, 63.292632593267385, 71.07127586486959, 104.99700486944407, 48.06109674401306, 82.12301647977566, 27.45274942810672, 72.22135820986092, 61.44291398361847, 107.61301025108365, 67.0992674469455, 54.15290723120539, 110.35285014264569, 83.97404331430104, 36.70721114440263, 41.60806430976865], [59.82777322194147, 84.01061517351876, 44.66281384416345, 81.76683899011347, 11.616611947930584, 36.91334774193065, 73.42154980281626, 76.86701899361023, 49.4547884422645, 44.42523701057668, 24.630647188930208, 32.561946861371176, 41.48911648826843, 66.08829724571937, 37.48475037752127, 65.25408983942214, 81.35053999082008, 85.12485310066215, 62.1686944537568, 47.36874174459874, 27.33384485082724, 67.34438666964392, 16.86968366390323, 73.76957007031973, 47.42754459038443, 37.69453880858482, 65.31378771900783, 57.76003892054796, 84.45876975093027, 0.0, 52.75473393269036, 96.86916968756222, 14.677098686932926, 50.29875950056717, 36.0413556949241, 58.69964266460168, 79.364769271866, 11.302862320430673, 87.718251416463, 24.868413203519353, 28.270982552251315, 47.45758034703469, 84.70693078663136, 50.31590748078801, 46.06451045754289, 44.65942706102647, 46.10975714807218, 35.779331870455366, 47.739021702062416, 60.58949710493805, 58.71066974614275, 83.4086297807045, 33.093331974275145, 36.045794996534326, 54.9218911672412, 35.275377132675175, 56.98397421001108, 54.99121197208075, 9.678667591414246, 65.99203262708345, 63.26158814973057], [18.84819589869548, 72.64691200209309, 42.01799964096113, 47.58467267189326, 51.33895340617127, 45.092259895188235, 91.34108197970932, 62.96724939095504, 12.15839986375311, 52.71572453777498, 35.16735338187491, 53.678051433802864, 83.66449287318635, 53.097725075174715, 72.58263997199096, 40.50273184485242, 99.68457908202052, 74.57283539942031, 54.175659595876375, 75.74459167755033, 40.9365713794715, 65.11181410881005, 36.77349016537211, 24.314513915042628, 42.649114960617425, 75.4989438983228, 38.483779006460615, 14.3300887904005, 81.95612929789573, 52.75473393269036, 0.0, 65.00562871224018, 47.52632775779186, 11.357836973650256, 46.68339199200896, 82.8886912293229, 46.88619607585189, 44.681328427591296, 42.48272762893213, 33.48114480689802, 80.89152131590086, 17.681003762679758, 67.89639806936025, 31.26156093210228, 10.439965330055577, 11.646163790586034, 84.16206432640945, 19.529547450083534, 28.59114339089111, 34.94284294304791, 6.1842596276459, 64.03601289926875, 77.12159091301389, 27.41252710438984, 27.869450016072296, 76.13794890629688, 28.37583404215596, 31.219487693429507, 61.52252687928645, 86.96037686060465, 87.37573901865463], [81.45215961188488, 33.86267653449741, 53.774495525473846, 17.46058535450615, 102.44303058472343, 62.84954974921851, 77.86551421854834, 30.499837902216473, 56.63666653780541, 60.192601120755754, 92.74255648215319, 72.517488225024, 102.50501634659207, 35.42471892586921, 89.05868316507048, 31.62934756382779, 82.8457937721584, 35.33694220522483, 41.23736839974892, 83.19887751020885, 70.22729179049767, 46.083851508152655, 81.68159851296434, 46.68281375070055, 51.12888703252966, 93.16206711744628, 31.813947745422293, 50.810777322719495, 48.35097535011566, 96.86916968756222, 65.00562871224018, 0.0, 100.58040824740179, 56.6106002091843, 64.51374786522784, 81.38774087115324, 18.7033531180966, 85.56795578653062, 31.14284623039711, 90.82195717631116, 118.2876316939373, 82.59383745167935, 25.51699457961831, 46.78362214071025, 74.65739485596063, 75.44382855719095, 97.87881779074439, 66.6872213221043, 93.49775588402633, 36.66439364815386, 61.5048318305452, 22.025244691645206, 100.89754647447099, 61.717036655023215, 92.60095219294662, 96.78571557696402, 41.689386631117564, 96.0498462411831, 101.16107271083195, 79.43293594442979, 83.3324535017603], [50.22423892126229, 92.32610002266048, 51.91907528241801, 84.28354654770682, 4.617630725215023, 45.79362251368345, 86.72739873919392, 84.3006960656178, 47.709546119357064, 54.45066877946449, 13.424825461842364, 44.203885207760884, 56.102382821333826, 73.09647320873815, 51.903733531049156, 69.27841192601103, 94.85983573397938, 93.65979532496213, 70.06117919884728, 61.34162170055