instance_id,num_cities,city_coordinates,distance_matrix,best_route,total_distance
1095,52,"[[42.69152473824946, 12.393875038417868], [85.93660763853221, 99.35347156900016], [44.79974076823109, 15.423492594857091], [48.4064194458649, 99.26618468775546], [38.10293363396706, 82.17118405801551], [90.9813416498033, 97.91225786513688], [18.745935585825602, 82.94001143856275], [75.09341567009254, 27.700367811982407], [38.882859582101084, 87.8558918897711], [6.16202915874563, 52.313158341799934], [24.449813515236553, 65.24586067949882], [24.74402697527639, 32.15174278573713], [16.04143265188376, 94.29213226313102], [19.351268158722203, 93.29998870150773], [70.05022131752571, 49.36827444066931], [14.458850277576618, 21.43158448099376], [66.01180579001007, 51.083068483405455], [40.669576327018085, 98.63946213343702], [8.404616339391602, 3.054692539788395], [23.08436062810577, 51.52987408258017], [10.665326966956778, 97.27850936790142], [19.669320151728964, 11.01267112187011], [88.08270815411846, 10.599896929233344], [21.804710098963987, 59.644781073585165], [12.324227384771724, 48.478922319179276], [64.74663776679486, 10.557973751810067], [49.0068645711192, 48.308260215147655], [28.297522243590777, 88.57938419037598], [99.7505877504964, 41.17675118960046], [49.01960716005627, 55.31977224706258], [66.21824270537375, 29.01589565655677], [43.57696584450156, 90.60800566311447], [84.00214696937304, 95.6310299711761], [93.35351050751387, 29.66873270089021], [38.720553715764375, 7.717648434743307], [72.74519789051823, 38.96854225419805], [42.021391714484224, 86.77800546851566], [66.801074044746, 80.70496179881641], [78.0330030576972, 66.46776949693415], [16.141220228355234, 90.23775500483242], [97.45963892241078, 82.36775975485655], [25.66383960177022, 18.263772326479653], [64.74680782037949, 87.53797886447194], [69.73275570770407, 95.92161631762613], [58.51549449381721, 54.55298533835935], [64.31483065810107, 81.72336941474435], [12.521434839109357, 99.48142961405199], [27.471070679908983, 51.92038668073351], [44.42130833192799, 13.535679163754544], [25.490330753068257, 61.81587667859429], [24.993953137959814, 21.251019944267203], [52.21866759123061, 47.712412385792376]]","[[0.0, 97.11904356929175, 3.6909561589588495, 87.06008388078617, 69.92802029471964, 98.21048935143669, 74.49931946564698, 35.83533531287573, 75.55806983734814, 54.11056483486999, 55.91146943650133, 26.692433644620756, 86.12521085406439, 84.2055034143433, 45.99570077381269, 29.643955525043452, 45.17398806566425, 86.26928519897574, 35.536072057760926, 43.77290606787239, 90.72529134114748, 23.063599638449595, 45.42662093254675, 51.66146675153619, 47.162520986577064, 22.131392731504295, 36.46541621628827, 77.53334194112449, 63.90767271126278, 43.389829203447114, 28.806215088665216, 78.21914238426386, 92.92465480389261, 53.52623197408752, 6.134794708083555, 40.117779195424845, 74.38714901185112, 72.4408375306987, 64.59880921282335, 82.24711738288259, 88.85882552452954, 18.011045368869382, 78.3139314021055, 87.79585261018737, 45.030973785914895, 72.62331684370093, 92.16548424701217, 42.3557238676447, 2.072647568110712, 52.329870252442205, 19.790226285482223, 36.580944920805386], [97.11904356929175, 0.0, 93.46915633782609, 37.530289697478516, 50.826089490390174, 5.246564417280952, 69.166379725614, 72.4689042974874, 48.43810013448419, 92.61087646783578, 70.31326313114884, 90.88786651521926, 70.07818948848023, 66.85994382639406, 52.4489961991491, 105.7397289797343, 52.22096842024918, 45.27266209570267, 123.6311632127069, 78.97785405291015, 75.29987491407321, 110.43301324557925, 88.77951767586744, 75.42997005757286, 89.48185451809029, 91.28885614229016, 63.00332947697774, 58.63740379661756, 59.79428769235907, 57.461566288281766, 73.0492197143539, 43.25300483006467, 4.195081587971163, 70.07833673314872, 103.08481861811914, 61.80900403253272, 45.68028609039344, 26.719572649418613, 33.82212835028101, 70.38815519826423, 20.52546359530966, 101.03635924782597, 24.261357838837974, 16.563286143232155, 52.52619358564924, 27.898418266292392, 73.41528431076468, 75.28689496770104, 95.33212244478126, 71.15352007785981, 99.06563524941376, 61.67413132421886], [3.6909561589588495, 93.46915633782609, 0.0, 83.92023086519877, 67.08279616604037, 94.53643031022563, 72.36906163033483, 32.6868230967241, 72.6736675184942, 53.42022273763874, 53.81810012220513, 26.116393514296558, 83.94821385139056, 81.929075449477, 42.30644138343579, 30.930030777193682, 41.49165042558947, 83.3184003960549, 38.43946275630002, 42.133460797413036, 88.6871015225551, 25.514572040872608, 43.550916647910114, 49.842690439014454, 46.33918863962608, 20.53173089350623, 33.15279523861206, 74.99405103986777, 60.68629097511282, 40.118828527909955, 25.367413077077586, 75.19445580509952, 89.27529167654926, 50.60035001434108, 9.81511841186028, 36.54200237034666, 71.40858303384519, 68.8892508840949, 60.90950604672778, 80.11544582340619, 85.17393838022261, 19.34553959977401, 74.82235370471429, 84.27101018059659, 41.46370825944931, 69.1123172794975, 90.04235564209162, 40.40180794154626, 1.925370265558672, 50.25043896431814, 20.64532147154724, 33.13027039537217], [87.06008388078617, 37.530289697478516, 83.92023086519877, 0.0, 19.9599816234081, 42.59644490462101, 33.85687870690839, 76.37972186757833, 14.862468644691118, 63.15991762007333, 41.60891026381465, 71.16359412825885, 32.744977747701796, 29.66137742696836, 54.3898483771188, 84.91561953952962, 51.298755496488496, 7.762185427167965, 104.19594748888933, 54.03667285246033, 37.79339776572956, 92.81434982029953, 97.13865590246623, 47.72322877314549, 62.29984432426946, 90.20060655135217, 50.96146191883081, 22.772251789456796, 77.5280975068452, 43.95069016045505, 72.47319612653313, 9.914014631341557, 35.780863149752335, 82.84954023993241, 92.0594942687098, 65.02447092612952, 14.025804766299613, 26.132017008738767, 44.198082487121404, 33.504561228063736, 51.88231978455666, 84.13450984174798, 20.11365466699856, 21.58700432981626, 45.841723292040065, 23.68180556884532, 35.885630140842984, 51.76788016592852, 85.82307782870043, 43.90526951240776, 81.45249847961942, 51.694532346124376], [69.92802029471964, 50.826089490390174, 67.08279616604037, 19.9599816234081, 0.0, 55.171618055758486, 19.372260296022027, 65.84349310124749, 5.737960231388509, 43.723255578300794, 21.745672223314862, 51.77262686310708, 25.17195286372425, 21.805394995012218, 45.78930082126001, 65.1793037285677, 41.77769829708986, 16.667088452492266, 84.50685936823699, 34.12400052958473, 31.321774177595476, 73.5073606470544, 87.29505714733084, 27.804152959834628, 42.42299137213866, 76.40902342183463, 35.57517844045272, 11.713715101149834, 74.03361928390522, 28.985721952654544, 60.13281374776153, 10.057086428893495, 47.832052400196424, 76.21767277585307, 74.45609727464435, 55.37648175579303, 6.047901887184745, 28.735571522942678, 42.90696532104188, 23.39629078615371, 59.35703079420121, 65.10674569171678, 27.179008778025405, 34.48941912735559, 34.34294019701143, 26.215722068227176, 30.887824167486883, 32.064735330815445, 68.9257164700807, 23.946112209333208, 62.31461919397989, 37.237895889948604], [98.21048935143669, 5.246564417280952, 94.53643031022563, 42.59644490462101, 55.171618055758486, 0.0, 73.77073981115959, 71.98705228562301, 53.06017650167764, 96.29949973283807, 74.11840352443183, 93.33716943854822, 75.0272968324913, 71.7784121806511, 52.86426132160807, 108.18957938315725, 53.07024306712347, 50.317020539205686, 125.76515122419224, 82.22727988455615, 80.31851499930116, 112.41415652084198, 87.36046272967995, 79.05571537031669, 92.90100261946299, 91.2087202014202, 64.98009932963409, 63.37478793952459, 57.40921001811782, 59.790525942777016, 73.21147310980345, 47.963808707410074, 7.342558075461894, 68.28474142832101, 104.24134268987439, 61.700231354773265, 50.210041566409956, 29.677876934952593, 34.006107113779734, 75.23258448657676, 16.840420334801095, 103.006103325951, 28.211281963619093, 21.341627358508838, 54.166943292078194, 31.195879819774728, 78.47559669553567, 78.41432734973982, 96.37034676658699, 74.77981842075077, 101.14979407874819, 63.423728890070855], [74.49931946564698, 69.166379725614, 72.36906163033483, 33.85687870690839, 19.372260296022027, 73.77073981115959, 0.0, 78.90790036389548, 20.728279924835725, 33.111309723056785, 18.59078251494821, 51.14122928780451, 11.669832189680223, 10.377646959332669, 61.31224396069397, 61.657649056988895, 56.999362282458556, 26.965140004636783, 80.55189047636028, 31.70833739837483, 16.458698567049172, 71.93326715845643, 100.20319454693079, 23.49518800264426, 35.05431499136123, 85.76260246068047, 45.990020829017844, 11.092129313828394, 91.13683985602012, 40.980151336715, 71.84309435237243, 25.98803954004687, 66.47883178523342, 91.67398417240373, 77.82923143212491, 69.63770840343996, 23.58976592022622, 48.107086579818365, 61.53284589548742, 7.7486517054564015, 78.71578345509522, 65.04516355315873, 46.23009356241314, 52.61347632856921, 48.86144765098393, 45.58513371618177, 17.67379203233638, 32.22336268185768, 74.00125744987906, 22.174668780598136, 62.00459172444445, 48.594315747095486], [35.83533531287573, 72.4689042974874, 32.6868230967241, 76.37972186757833, 65.84349310124749, 71.98705228562301, 78.90790036389548, 0.0, 70.21318572230568, 73.19375317635634, 63.04314771554526, 50.54577807392671, 89.00336954913605, 86.08424519056211, 22.247066929086536, 60.95775721588001, 25.08438416033727, 78.8502112759759, 71.09715371091119, 57.20827890664836, 94.8266650068146, 57.8818588579347, 21.474352694489326, 62.12995799189381, 66.11897855689097, 20.02292403957027, 33.24444882292054, 76.78613336264058, 28.09962711395273, 37.982561677256136, 8.972140695704995, 70.36090895957909, 68.5123372448298, 18.365879336626012, 41.50053205030148, 11.510251170174815, 67.70469732298467, 53.64932351242255, 38.878690916899, 85.94350553886683, 59.06582501250924, 50.322284573050474, 60.7255464402319, 68.4315382181429, 31.557733419000233, 55.08777175592372, 95.22485819651011, 53.427493450158416, 33.78485715620421, 60.20244163249026, 50.51287196277177, 30.39302597135656], [75.55806983734814, 48.43810013448419, 72.6736675184942, 14.862468644691118, 5.737960231388509, 53.06017650167764, 20.728279924835725, 70.21318572230568, 0.0, 48.31085438756035, 26.823987960363397, 57.470503868404165, 23.730907575398913, 20.276125212312344, 49.52475274501848, 70.77231694132423, 45.69704874089105, 10.930587538034901, 90.111967697733, 39.61277747050494, 29.74919943504194, 79.20884215431276, 91.59210586536416, 32.97771919419988, 47.49638593363009, 81.5101415190157, 40.822918172141286, 10.610033349575062, 76.70607869581127, 34.07862574787639, 64.87964493753628, 5.441393555343486, 45.784308081701454, 79.70443718332336, 80.13840781580048, 59.469579703445525, 3.318466977857144, 28.819481257440376, 44.6114953083926, 22.86603228360206, 58.83331260615549, 70.83647079401852, 25.86590201721176, 31.886862522151528, 38.65907316981097, 26.16090565552363, 28.81107151528895, 37.70397141650946, 74.52629357612528, 29.2821143470685, 68.0375682185297, 42.30062318622177], [54.11056483486999, 92.61087646783578, 53.42022273763874, 63.15991762007333, 43.723255578300794, 96.29949973283807, 33.111309723056785, 73.19375317635634, 48.31085438756035, 0.0, 22.398612600449976, 27.418485006976685, 43.12582596157465, 43.05666369255714, 63.95602738216584, 31.976692211645453, 59.86241628828536, 57.76588296361094, 49.309488442192716, 16.940449716274887, 45.19029192260175, 43.45316046702144, 91.9292870892407, 17.275594313328284, 7.257689222748589, 71.94200307124096, 43.03160618101819, 42.487871109401944, 94.24880828711377, 42.96291097346342, 64.41669996346772, 53.53851714944966, 89.08154659227392, 90.0839854380305, 55.2160938966202, 67.90726866020444, 49.73650138853549, 66.95661482055542, 73.25155224387282, 39.21554903934753, 96.11728572247654, 39.238772898447664, 68.35908331514608, 77.09043313532392, 52.40135644775866, 65.16677709982733, 47.59504023971617, 21.31266102879696, 54.4744466172466, 21.537987331910617, 36.32489232725101, 46.2858596879476], [55.91146943650133, 70.31326313114884, 53.81810012220513, 41.60891026381465, 21.745672223314862, 74.11840352443183, 18.59078251494821, 63.04314771554526, 26.823987960363397, 22.398612600449976, 0.0, 33.095425676764854, 30.238828708356365, 28.51366801777175, 48.285556189263694, 44.938960215109105, 43.90881329116122, 37.12429559917487, 64.22764005467954, 13.78378576131484, 34.87266338257414, 54.443474966172275, 83.87685398438816, 6.194244492636584, 20.692028923865248, 67.93083998727417, 29.831712422373876, 23.64864017001634, 79.05396025542483, 26.499094160321174, 55.2920612979396, 31.766119599297113, 66.85610617375613, 77.54644733583778, 59.27182492507379, 54.981284230007326, 27.791970416425336, 45.0845103761333, 53.597119910508155, 26.336808925445986, 74.9906263071112, 46.99777106788878, 46.051995431268026, 54.69503485305091, 35.70445635485269, 43.136155205592615, 36.254108706650456, 13.663683696092166, 55.432873618497844, 3.5843362521791864, 43.9982056366781, 32.8409967230279], [26.692433644620756, 90.88786651521926, 26.116393514296558, 71.16359412825885, 51.77262686310708, 93.33716943854822, 51.14122928780451, 50.54577807392671, 57.470503868404165, 27.418485006976685, 33.095425676764854, 0.0, 62.7468178664046, 61.38558321160661, 48.46710439053427, 14.856199170099485, 45.402914674863986, 68.36841336621222, 33.370865630716416, 19.449073626823942, 66.63111524934857, 21.73966421440461, 66.90493698747127, 27.649714971341986, 20.514097917908845, 45.45876957450891, 29.149928707444374, 56.53942025801507, 75.54756737325549, 33.55683808746768, 41.59259678890276, 61.41509794863977, 86.83976443315697, 68.65439949225262, 28.14903668832814, 48.4827924549264, 57.29341940414749, 64.235584256202, 63.38221092038684, 58.7196142650968, 88.36972660979055, 13.918397132754395, 68.32172145306859, 78.0421839983549, 40.52564232997757, 63.42865811879004, 68.4300992760207, 19.955852495299567, 27.08787969492134, 29.673520332816995, 10.903587554256527, 31.57515344979221], [86.12521085406439, 70.07818948848023, 83.94821385139056, 32.744977747701796, 25.17195286372425, 75.0272968324913, 11.669832189680223, 89.00336954913605, 23.730907575398913, 43.12582596157465, 30.238828708356365, 62.7468178664046, 0.0, 3.4553378892952056, 70.2502829516204, 72.87773315687429, 66.06104286403574, 25.008893175914714, 91.5564927826603, 43.33836128856672, 6.149874839978537, 83.35844417748162, 110.42796580202587, 35.12341542879548, 45.963766385778754, 96.869016237828, 56.57946792032471, 13.522101265066595, 99.1386219084669, 51.05296111993436, 82.33285694460918, 27.78089949959695, 67.97390188606214, 100.76378889926698, 89.49571935227918, 79.22131407465216, 27.044784605907893, 52.546668738925, 67.94961342586025, 4.05560507360208, 82.28678491730112, 76.63486302047025, 49.171456745113204, 53.71604406290839, 58.16567482339543, 49.88281021159143, 6.270501702273267, 43.886233025301955, 85.59802603335288, 33.82290425316432, 73.58771440825222, 58.978492958942546], [84.2055034143433, 66.85994382639406, 81.929075449477, 29.66137742696836, 21.805394995012218, 71.7784121806511, 10.377646959332669, 86.08424519056211, 20.276125212312344, 43.05666369255714, 28.51366801777175, 61.38558321160661, 3.4553378892952056, 0.0, 67.08486691717071, 72.0347366062162, 62.92435239827617, 21.9768114085895, 90.90678008471144, 41.93660041852837, 9.553753245700303, 82.28793223506345, 107.53286020088633, 33.74451626313103, 45.36857165139604, 94.37680127970813, 53.88608383214834, 10.115313593831143, 95.8169216764082, 48.19447251526451, 79.5547479523906, 24.374806687269793, 64.69288897854507, 97.59748261541083, 87.74683007679816, 76.17622861011728, 23.58963262378085, 49.09296060842997, 64.525297350697, 4.436404279177786, 78.86971036525897, 75.30127705493192, 45.75976156554136, 50.449650335813125, 55.09234877957539, 46.42994795114691, 9.211776969128694, 42.16874027500387, 83.61131496586245, 32.0770540949237, 72.26959106537642, 56.20047206027032], [45.99570077381269, 52.4489961991491, 42.30644138343579, 54.3898483771188, 45.78930082126001, 52.86426132160807, 61.31224396069397, 22.247066929086536, 49.52475274501848, 63.95602738216584, 48.285556189263694, 48.46710439053427, 70.2502829516204, 67.08486691717071, 0.0, 62.216229233250125, 4.387404538207389, 57.36612447005798, 77.10465927302809, 47.015578091840055, 76.30174498535932, 63.3197244800296, 42.75696056060469, 49.32784144189495, 57.732844401781804, 39.17100251511634, 21.07003781000026, 57.27825946868592, 30.809297613310388, 21.85651065426177, 20.709982671552005, 49.00559852342915, 48.32079033573554, 30.51418083169722, 52.11835299318631, 10.743245705060684, 46.74508813225347, 31.504681121739168, 18.87107669134014, 67.64979556522465, 42.89804429621754, 54.20000861243827, 38.53637931256867, 46.554424326010526, 12.646388812234356, 32.85950207774962, 76.29475470247448, 42.655566411744466, 44.05469401894098, 46.26582592573075, 53.10976654707124, 17.908271481037186], [29.643955525043452, 105.7397289797343, 30.930030777193682, 84.91561953952962, 65.1793037285677, 108.18957938315725, 61.657649056988895, 60.95775721588001, 70.77231694132423, 31.976692211645453, 44.938960215109105, 14.856199170099485, 72.87773315687429, 72.0347366062162, 62.216229233250125, 0.0, 59.47199110179699, 81.53562737621829, 19.348485883836233, 31.309846146987855, 75.94173315054397, 11.649152410985721, 74.41638195884153, 38.9128519944184, 27.13144115279225, 51.449946363923395, 43.77123473407712, 68.55899538057903, 87.54742765781378, 48.40304934978995, 52.312106442987684, 75.05492589920368, 101.69477777061006, 79.32350234069212, 27.869379175059123, 60.867423191686164, 70.92142431127347, 79.07617623250003, 77.90976102196777, 68.82673514563106, 102.96770548415341, 11.644175350860186, 83.05982212965965, 92.75758440430182, 55.11819204537376, 78.23501843932085, 78.07388746485975, 33.14943346987592, 30.985387095170715, 41.863882019974355, 10.536650123771667, 46.00527925056173], [45.17398806566425, 52.22096842024918, 41.49165042558947, 51.298755496488496, 41.77769829708986, 53.07024306712347, 56.999362282458556, 25.08438416033727, 45.69704874089105, 59.86241628828536, 43.90881329116122, 45.402914674863986, 66.06104286403574, 62.92435239827617, 4.387404538207389, 59.47199110179699, 0.0, 53.88728209096931, 75.0020877854801, 42.92977036243911, 72.09196540963251, 61.26387777349414, 46.10869668783249, 45.02854907627101, 53.75069908627486, 40.5448387977033, 17.229845814270238, 53.18214808576763, 35.16305633051224, 17.512409116417718, 22.06813840744239, 45.448242017051975, 48.043451671021515, 34.729563686655816, 51.23838498408131, 13.860025791366331, 43.00777248226392, 29.63240638165457, 19.524297913736092, 63.40476938569803, 44.35874340728474, 52.01023529809638, 36.47685171111616, 44.99267540580003, 8.260448294718747, 30.687257384154176, 72.13612925987532, 38.54982963114825, 43.31230801064386, 41.918768003415984, 50.71898417976061, 14.199013483302469], [86.26928519897574, 45.27266209570267, 83.3184003960549, 7.762185427167965, 16.667088452492266, 50.317020539205686, 26.965140004636783, 78.8502112759759, 10.930587538034901, 57.76588296361094, 37.12429559917487, 68.36841336621222, 25.008893175914714, 21.9768114085895, 57.36612447005798, 81.53562737621829, 53.88728209096931, 0.0, 100.88347645315378, 50.28472031839003, 30.035099002513018, 90.10807545615761, 99.9948504224054, 43.318221671277605, 57.61543683003231, 91.31294258262336, 51.017058537364164, 15.945936487510343, 82.41680083475752, 44.117100389354015, 74.16316715643343, 8.54149909799555, 43.436877679566344, 86.79031304928213, 90.94270116616916, 67.74558419498227, 11.93823936163108, 31.69387125650835, 49.305612907218176, 25.92737810843311, 59.07520214003268, 81.76443998836953, 26.51331754337857, 29.189982555535245, 47.561478440214756, 29.0732221339329, 28.16073114217281, 48.54763189355558, 85.18643887842408, 39.82946072876684, 78.9600921151427, 52.22016760819695], [35.536072057760926, 123.6311632127069, 38.43946275630002, 104.19594748888933, 84.50685936823699, 125.76515122419224, 80.55189047636028, 71.09715371091119, 90.111967697733, 49.309488442192716, 64.22764005467954, 33.370865630716416, 91.5564927826603, 90.90678008471144, 77.10465927302809, 19.348485883836233, 75.0020877854801, 100.88347645315378, 0.0, 50.64916700192271, 94.25093352428603, 13.792134537212114, 80.03454519465042, 58.15497083679337, 45.59302580217688, 56.83944587584089, 60.79825613304338, 87.80774787706041, 98.98170461624755, 66.19075491464348, 63.375069710853104, 94.35399731108794, 119.52139929552841, 89.0203446077557, 30.672450451283648, 73.68524299781048, 90.2201790863941, 97.15817304032018, 94.17712336956787, 87.52566149717748, 119.25334241992537, 23.004279940449603, 101.54736928694295, 111.28973991495299, 71.85523133756536, 96.51275970782443, 96.5145782633317, 52.45365330456432, 37.51070757393137, 61.19475793252533, 24.623412160529575, 62.56183364434704], [43.77290606787239, 78.97785405291015, 42.133460797413036, 54.03667285246033, 34.12400052958473, 82.22727988455615, 31.70833739837483, 57.20827890664836, 39.61277747050494, 16.940449716274887, 13.78378576131484, 19.449073626823942, 43.33836128856672, 41.93660041852837, 47.015578091840055, 31.309846146987855, 42.92977036243911, 50.28472031839003, 50.64916700192271, 0.0, 47.404324987769755, 40.6608686234648, 76.81177130418106, 8.215182344257158, 11.184309280277503, 58.433226447762536, 26.12192578249889, 37.414479192644514, 77.36211950831702, 26.210691344758487, 48.65604800662614, 44.12535820115916, 75.2056423643235, 73.59118783716538, 46.518831138491834, 51.224855440562635, 40.01302178749606, 52.557937318760246, 56.94290143876823, 39.32565630859716, 80.51495025206006, 33.36595926723539, 55.06671513748294, 64.3948720176153, 35.55987132534063, 51.103804352198296, 49.1011922371715, 4.40405780705792, 43.575499823241955, 10.563642442236544, 30.33901039063277, 29.38334317309769], [90.72529134114748, 75.29987491407321, 88.6871015225551, 37.79339776572956, 31.321774177595476, 80.31851499930116, 16.458698567049172, 94.8266650068146, 29.74919943504194, 45.19029192260175, 34.87266338257414, 66.63111524934857, 6.149874839978537, 9.553753245700303, 76.30174498535932, 75.94173315054397, 72.09196540963251, 30.035099002513018, 94.25093352428603, 47.404324987769755, 0.0, 86.7344610957021, 116.21803975360763, 39.24771791954364, 48.82777536118184, 102.20195436179513, 62.19452393848016, 19.661360307150964, 105.2786348675163, 56.847044161560795, 88.01085659021798, 33.5808218077148, 73.35532261826293, 106.81019426159654, 93.85224322846788, 85.17019806650222, 33.067557796005275, 58.53122738339121, 74.07904881451523, 8.919508339101666, 88.06578814638281, 80.42564299389646, 54.951656078660335, 59.08301191368924, 64.14911484929145, 55.859033515344755, 2.8806238983884827, 48.37139976731714, 90.2902424878395, 38.436688911961895, 77.36594002537012, 64.67981205195919], [23.063599638449595, 110.43301324557925, 25.514572040872608, 92.81434982029953, 73.5073606470544, 112.41415652084198, 71.93326715845643, 57.8818588579347, 79.20884215431276, 43.45316046702144, 54.443474966172275, 21.73966421440461, 83.35844417748162, 82.28793223506345, 63.3197244800296, 11.649152410985721, 61.26387777349414, 90.10807545615761, 13.792134537212114, 40.6608686234648, 86.7344610957021, 0.0, 68.41463323368473, 48.678968852908696, 38.179449531588034, 45.07961083536402, 47.45158035697334, 78.04512058796455, 85.5738344738498, 53.14657616055072, 49.90910021781163, 83.10831969967721, 106.29665686510985, 76.00926615898706, 19.334080656191276, 59.98816156968166, 78.99367691027884, 84.13333230552503, 80.50830651638648, 79.30360272605353, 105.55985206633079, 9.408120541128973, 88.81499096220894, 98.5691460545498, 58.350528901514934, 83.62550126271573, 88.75704757139214, 41.645029758049546, 24.880242933945112, 51.13560265861423, 11.54016910825563, 49.054368078451795], [45.42662093254675, 88.77951767586744, 43.550916647910114, 97.13865590246623, 87.29505714733084, 87.36046272967995, 100.20319454693079, 21.474352694489326, 91.59210586536416, 91.9292870892407, 83.87685398438816, 66.90493698747127, 110.42796580202587, 107.53286020088633, 42.75696056060469, 74.41638195884153, 46.10869668783249, 99.9948504224054, 80.03454519465042, 76.81177130418106, 116.21803975360763, 68.41463323368473, 0.0, 82.45103811918898, 84.70046028783814, 23.33610804472174, 54.3032431206969, 98.26021009476352, 32.72741099957806, 59.378389231390365, 28.586777686268334, 91.55358300854516, 85.12898781248971, 19.783878667616698, 49.44622985809849, 32.24932958465469, 89.02105982729478, 73.26409810223323, 56.76456427883413, 107.32085595932413, 72.37784858083872, 62.887599234347036, 80.3992083061748, 87.27265639464237, 52.97257879633907, 74.98973489126983, 116.65947401470655, 73.35634581008534, 43.75998916546604, 80.87572126665982, 63.98153976710991, 51.609768542493946], [51.66146675153619, 75.42997005757286, 49.842690439014454, 47.72322877314549, 27.804152959834628, 79.05571537031669, 23.49518800264426, 62.12995799189381, 32.97771919419988, 17.275594313328284, 6.194244492636584, 27.649714971341986, 35.12341542879548, 33.74451626313103, 49.32784144189495, 38.9128519944184, 45.02854907627101, 43.318221671277605, 58.15497083679337, 8.215182344257158, 39.24771791954364, 48.678968852908696, 82.45103811918898, 0.0, 14.647728636803759, 65.21904480191574, 29.46988145718918, 29.654137435973645, 80.10385740189678, 27.556420729030602, 53.95081556816429, 37.85171590867085, 71.85771540320417, 77.57444370373955, 54.61293683148638, 54.976723694285546, 33.83675636950098, 49.68102233771637, 56.640745935044684, 31.112781480807246, 78.9936833894351, 41.56056743413704, 51.20599808339965, 60.10912019982295, 37.06221896614748, 47.90171618105911, 40.90400672901014, 9.57987009147856, 51.357178607887484, 4.277552539952016, 38.52599336573829, 32.670938658734904], [47.162520986577064, 89.48185451809029, 46.33918863962608, 62.29984432426946, 42.42299137213866, 92.90100261946299, 35.05431499136123, 66.11897855689097, 47.49638593363009, 7.257689222748589, 20.692028923865248, 20.514097917908845, 45.963766385778754, 45.36857165139604, 57.732844401781804, 27.13144115279225, 53.75069908627486, 57.61543683003231, 45.59302580217688, 11.184309280277503, 48.82777536118184, 38.179449531588034, 84.70046028783814, 14.647728636803759, 0.0, 64.70013485697157, 36.68303417792693, 43.16472160144295, 87.73078245406914, 37.327578606014384, 57.30073554717462, 52.4556319629505, 85.79653496500934, 83.18394049852108, 48.56179045766597, 61.164867414527116, 48.46381474157529, 63.294900604689175, 68.12666015018982, 41.93291716106025, 91.63237201134173, 33.02878355588095, 65.3738237961964, 74.47515248749204, 46.588919269501815, 61.710745348071676, 51.00288855686107, 15.532885718992862, 47.447369237371205, 18.74088123567802, 30.031327283334313, 39.90180317811094], [22.131392731504295, 91.28885614229016, 20.53173089350623, 90.20060655135217, 76.40902342183463, 91.2087202014202, 85.76260246068047, 20.02292403957027, 81.5101415190157, 71.94200307124096, 67.93083998727417, 45.45876957450891, 96.869016237828, 94.37680127970813, 39.17100251511634, 51.449946363923395, 40.5448387977033, 91.31294258262336, 56.83944587584089, 58.433226447762536, 102.20195436179513, 45.07961083536402, 23.33610804472174, 65.21904480191574, 64.70013485697157, 0.0, 40.90017834087474, 86.1154951750673, 46.505763580941455, 47.44426304870677, 18.516492706151936, 82.80194815521182, 87.22499371828, 34.40311433015243, 26.18061303594845, 29.515036281219402, 79.53571551846169, 70.17706634283748, 57.466797047554245, 93.33463534302551, 78.90998549239924, 39.83521612946807, 76.9800051128497, 85.50913895148905, 44.43408816425718, 71.16670567927888, 103.1254227788765, 55.68049124201135, 20.542291648114364, 64.56338167109584, 41.165728125148476, 39.20972260710581], [36.46541621628827, 63.00332947697774, 33.15279523861206, 50.96146191883081, 35.57517844045272, 64.98009932963409, 45.990020829017844, 33.24444882292054, 40.822918172141286, 43.03160618101819, 29.831712422373876, 29.149928707444374, 56.57946792032471, 53.88608383214834, 21.07003781000026, 43.77123473407712, 17.229845814270238, 51.017058537364164, 60.79825613304338, 26.12192578249889, 62.19452393848016, 47.45158035697334, 54.3032431206969, 29.46988145718918, 36.68303417792693, 40.90017834087474, 0.0, 45.28399591320282, 51.24240297923901, 7.011523610975049, 25.853952648325738, 42.64683183009159, 58.856727122017375, 48.104646259615194, 41.87369049559031, 25.509582520554403, 39.09882518554508, 36.96187446941234, 34.23864034679669, 53.27507026164541, 59.22601498693466, 38.04691928674342, 42.26957107417907, 51.92874197154204, 11.375879520779884, 36.7546371025638, 62.848069573045656, 21.83661778133402, 35.073632817238774, 27.119791026833308, 36.17615466813619, 3.2666057729307005], [77.53334194112449, 58.63740379661756, 74.99405103986777, 22.772251789456796, 11.713715101149834, 63.37478793952459, 11.092129313828394, 76.78613336264058, 10.610033349575062, 42.487871109401944, 23.64864017001634, 56.53942025801507, 13.522101265066595, 10.115313593831143, 57.27825946868592, 68.55899538057903, 53.18214808576763, 15.945936487510343, 87.80774787706041, 37.414479192644514, 19.661360307150964, 78.04512058796455, 98.26021009476352, 29.654137435973645, 43.16472160144295, 86.1154951750673, 45.28399591320282, 0.0, 85.74701269280672, 39.186816531902686, 70.61012821585228, 15.413523342606295, 56.14918453600292, 87.76529193201235, 81.53072975561842, 66.60954517207648, 13.841588006933753, 39.30050927538902, 54.429234388897854, 12.268898583159803, 69.4404972737282, 70.36491708267653, 36.46415972034895, 42.08071939541907, 45.50738034376373, 36.664034748369325, 19.176535876266403, 36.66831221366869, 76.75632965394466, 26.910326241011212, 67.40936285778392, 47.353253100706205], [63.90767271126278, 59.79428769235907, 60.68629097511282, 77.5280975068452, 74.03361928390522, 57.40921001811782, 91.13683985602012, 28.09962711395273, 76.70607869581127, 94.24880828711377, 79.05396025542483, 75.54756737325549, 99.1386219084669, 95.8169216764082, 30.809297613310388, 87.54742765781378, 35.16305633051224, 82.41680083475752, 98.98170461624755, 77.36211950831702, 105.2786348675163, 85.5738344738498, 32.72741099957806, 80.10385740189678, 87.73078245406914, 46.505763580941455, 51.24240297923901, 85.74701269280672, 0.0, 52.66552417188525, 35.66937862538006, 74.82596285289593, 56.685817138488076, 13.166513843428023, 69.60011933495976, 27.09552118324729, 73.56721054093737, 51.46017768539053, 33.3360029384267, 96.94074702007757, 41.25466801655187, 77.54902224808899, 58.0915487908295, 62.434529696595064, 43.35039279971351, 53.84905876806777, 104.92073505183255, 73.07362240592478, 61.84947876672865, 77.07502364757671, 77.36658958654925, 47.97914444108216], [43.389829203447114, 57.461566288281766, 40.118828527909955, 43.95069016045505, 28.985721952654544, 59.790525942777016, 40.980151336715, 37.982561677256136, 34.07862574787639, 42.96291097346342, 26.499094160321174, 33.55683808746768, 51.05296111993436, 48.19447251526451, 21.85651065426177, 48.40304934978995, 17.512409116417718, 44.117100389354015, 66.19075491464348, 26.210691344758487, 56.847044161560795, 53.14657616055072, 59.378389231390365, 27.556420729030602, 37.327578606014384, 47.44426304870677, 7.011523610975049, 39.186816531902686, 52.66552417188525, 0.0, 31.427487782341398, 35.705486442779964, 53.373922385471495, 51.21982834626656, 48.70351828453212, 28.814343264925114, 32.227247118517234, 30.993360791462898, 31.08142506701377, 47.960961699100245, 55.47999914707725, 43.80227172591541, 35.85188528169964, 45.58008627336373, 9.526795810703623, 30.51382973748715, 57.29195898351622, 21.815023416554123, 42.03635078009646, 24.40955183983943, 41.68827094829797, 8.252630592797088], [28.806215088665216, 73.0492197143539, 25.367413077077586, 72.47319612653313, 60.13281374776153, 73.21147310980345, 71.84309435237243, 8.972140695704995, 64.87964493753628, 64.41669996346772, 55.2920612979396, 41.59259678890276, 82.33285694460918, 79.5547479523906, 20.709982671552005, 52.312106442987684, 22.06813840744239, 74.16316715643343, 63.375069710853104, 48.65604800662614, 88.01085659021798, 49.90910021781163, 28.586777686268334, 53.95081556816429, 57.30073554717462, 18.516492706151936, 25.853952648325738, 70.61012821585228, 35.66937862538006, 31.427487782341398, 0.0, 65.6217603615643, 68.94812086363099, 27.143119844636804, 34.78129144368808, 11.901945987376386, 62.62546548971999, 51.69235195876704, 39.27125432601279, 79.09376866873815, 61.825935013983774, 41.95554513046823, 58.5405786067658, 66.99796458714692, 26.673493948619953, 52.741831285913236, 88.59310724284043, 45.01065483913284, 26.73468628475613, 52.29341800877784, 41.949199577170695, 23.356965581665847], [78.21914238426386, 43.25300483006467, 75.19445580509952, 9.914014631341557, 10.057086428893495, 47.963808707410074, 25.98803954004687, 70.36090895957909, 5.441393555343486, 53.53851714944966, 31.766119599297113, 61.41509794863977, 27.78089949959695, 24.374806687269793, 49.00559852342915, 75.05492589920368, 45.448242017051975, 8.54149909799555, 94.35399731108794, 44.12535820115916, 33.5808218077148, 83.10831969967721, 91.55358300854516, 37.85171590867085, 52.4556319629505, 82.80194815521182, 42.64683183009159, 15.413523342606295, 74.82596285289593, 35.705486442779964, 65.6217603615643, 0.0, 40.736053345630374, 78.68481040044092, 83.03250002385288, 59.30784047536288, 4.133849581758643, 25.247365792788614, 42.07100548591729, 27.4382438042935, 54.50911951819993, 74.52897549848309, 21.391289671920823, 26.690069343404623, 39.02722291971246, 22.560935226470136, 32.29835380696589, 41.9062253320283, 77.07695132956421, 34.00166261217109, 71.80334135161034, 43.757410020393806], [92.92465480389261, 4.195081587971163, 89.27529167654926, 35.780863149752335, 47.832052400196424, 7.342558075461894, 66.47883178523342, 68.5123372448298, 45.784308081701454, 89.08154659227392, 66.85610617375613, 86.83976443315697, 67.97390188606214, 64.69288897854507, 48.32079033573554, 101.69477777061006, 48.043451671021515, 43.436877679566344, 119.52139929552841, 75.2056423643235, 73.35532261826293, 106.29665686510985, 85.12898781248971, 71.85771540320417, 85.79653496500934, 87.22499371828, 58.856727122017375, 56.14918453600292, 56.685817138488076, 53.373922385471495, 68.94812086363099, 40.736053345630374, 0.0, 66.6218632371989, 98.88976357922826, 57.76985733789395, 42.90407736585862, 22.774205163831, 29.767875982790233, 68.07490575103557, 18.894931238223247, 96.8971137959111, 20.88697110541616, 14.27234975059601, 48.34227141193763, 24.104220495444423, 71.58434035499303, 71.45895971331741, 91.13884688450406, 67.58030207931476, 94.94394573035557, 57.50116062024359], [53.52623197408752, 70.07833673314872, 50.60035001434108, 82.84954023993241, 76.21767277585307, 68.28474142832101, 91.67398417240373, 18.365879336626012, 79.70443718332336, 90.0839854380305, 77.54644733583778, 68.65439949225262, 100.76378889926698, 97.59748261541083, 30.51418083169722, 79.32350234069212, 34.729563686655816, 86.79031304928213, 89.0203446077557, 73.59118783716538, 106.81019426159654, 76.00926615898706, 19.783878667616698, 77.57444370373955, 83.18394049852108, 34.40311433015243, 48.104646259615194, 87.76529193201235, 13.166513843428023, 51.21982834626656, 27.143119844636804, 78.68481040044092, 66.6218632371989, 0.0, 58.87792513556036, 22.60948930532527, 76.78838099497055, 57.530240418803515, 39.86084617311183, 98.13431730545896, 52.8587527567034, 68.64375185309842, 64.55379996693704, 70.3376474218856, 42.81253775584876, 59.60646047877717, 106.80654056354255, 69.53870851890085, 51.52315815421739, 75.09227678201955, 68.87588091497899, 44.91825551286081], [6.134794708083555, 103.08481861811914, 9.81511841186028, 92.0594942687098, 74.45609727464435, 104.24134268987439, 77.82923143212491, 41.50053205030148, 80.13840781580048, 55.2160938966202, 59.27182492507379, 28.14903668832814, 89.49571935227918, 87.74683007679816, 52.11835299318631, 27.869379175059123, 51.23838498408131, 90.94270116616916, 30.672450451283648, 46.518831138491834, 93.85224322846788, 19.334080656191276, 49.44622985809849, 54.61293683148638, 48.56179045766597, 26.18061303594845, 41.87369049559031, 81.53072975561842, 69.60011933495976, 48.70351828453212, 34.78129144368808, 83.03250002385288, 98.88976357922826, 58.87792513556036, 0.0, 46.19842828206871, 79.12923344631457, 78.20270797134684, 70.6897828408329, 85.5534586622569, 94.98904805828388, 16.78387656634862, 83.95624486974782, 93.49704071612905, 50.846715363746334, 78.30653708325248, 95.43052638562331, 45.61176314304812, 8.145433368300903, 55.69252282637632, 19.27619536727561, 42.211138597474346], [40.117779195424845, 61.80900403253272, 36.54200237034666, 65.02447092612952, 55.37648175579303, 61.700231354773265, 69.63770840343996, 11.510251170174815, 59.469579703445525, 67.90726866020444, 54.981284230007326, 48.4827924549264, 79.22131407465216, 76.17622861011728, 10.743245705060684, 60.867423191686164, 13.860025791366331, 67.74558419498227, 73.68524299781048, 51.224855440562635, 85.17019806650222, 59.98816156968166, 32.24932958465469, 54.976723694285546, 61.164867414527116, 29.515036281219402, 25.509582520554403, 66.60954517207648, 27.09552118324729, 28.814343264925114, 11.901945987376386, 59.30784047536288, 57.76985733789395, 22.60948930532527, 46.19842828206871, 0.0, 56.830423531623396, 42.1575773105889, 28.003006667743453, 76.3710839470572, 49.94292417538602, 51.4328863284301, 49.223616449358005, 57.032687585095644, 21.103538210488484, 43.57804879984418, 85.37394902836937, 47.090305464411735, 38.066694691087385, 52.48831449454489, 50.93222920923091, 22.31129111023743], [74.38714901185112, 45.68028609039344, 71.40858303384519, 14.025804766299613, 6.047901887184745, 50.210041566409956, 23.58976592022622, 67.70469732298467, 3.318466977857144, 49.73650138853549, 27.791970416425336, 57.29341940414749, 27.044784605907893, 23.58963262378085, 46.74508813225347, 70.92142431127347, 43.00777248226392, 11.93823936163108, 90.2201790863941, 40.01302178749606, 33.067557796005275, 78.99367691027884, 89.02105982729478, 33.83675636950098, 48.46381474157529, 79.53571551846169, 39.09882518554508, 13.841588006933753, 73.56721054093737, 32.227247118517234, 62.62546548971999, 4.133849581758643, 42.90407736585862, 76.78838099497055, 79.12923344631457, 56.830423531623396, 0.0, 25.513026394427648, 41.34418746034258, 26.110402965206955, 55.61339335755394, 70.43983002649438, 22.738119903559422, 29.180906663856288, 36.20093022125508, 22.85928182530801, 32.11891095087709, 37.772548626794375, 73.28163454989105, 29.939670175783032, 67.70317198161678, 40.37455879896883], [72.4408375306987, 26.719572649418613, 68.8892508840949, 26.132017008738767, 28.735571522942678, 29.677876934952593, 48.107086579818365, 53.64932351242255, 28.819481257440376, 66.95661482055542, 45.0845103761333, 64.235584256202, 52.546668738925, 49.09296060842997, 31.504681121739168, 79.07617623250003, 29.63240638165457, 31.69387125650835, 97.15817304032018, 52.557937318760246, 58.53122738339121, 84.13333230552503, 73.26409810223323, 49.68102233771637, 63.294900604689175, 70.17706634283748, 36.96187446941234, 39.30050927538902, 51.46017768539053, 30.993360791462898, 51.69235195876704, 25.247365792788614, 22.774205163831, 57.530240418803515, 78.20270797134684, 42.1575773105889, 25.513026394427648, 0.0, 18.134328606065083, 51.54895668203913, 30.703623522323735, 74.77415462803047, 7.13513363155258, 15.496494187968349, 27.43313145237105, 2.686737845383446, 57.4354853371212, 48.73808499937855, 70.79948052824575, 45.424388251135476, 72.68154208985082, 36.07152470781295], [64.59880921282335, 33.82212835028101, 60.90950604672778, 44.198082487121404, 42.90696532104188, 34.006107113779734, 61.53284589548742, 38.878690916899, 44.6114953083926, 73.25155224387282, 53.597119910508155, 63.38221092038684, 67.94961342586025, 64.525297350697, 18.87107669134014, 77.90976102196777, 19.524297913736092, 49.305612907218176, 94.17712336956787, 56.942901