instance_id,num_cities,city_coordinates,distance_matrix,best_route,total_distance
511,66,"[[39.34172528694499, 52.62868529112497], [16.534360454342544, 90.08751343442735], [1.7742632811961978, 94.59719403326976], [45.95123773016632, 30.199141434952935], [98.6763733977375, 75.29997989988567], [95.89736074785371, 95.03254877750248], [95.79527358243227, 80.3628432150424], [11.799984557555199, 31.383874858981365], [45.154275841433, 95.44568330496116], [81.81159000570199, 50.586279326003705], [31.567212413176705, 78.33295540647171], [83.24499966384265, 15.362938955690119], [11.467684446229775, 14.11687866214255], [53.79864567506053, 83.80165234636209], [98.91955038405004, 46.90711449490807], [82.48158344588713, 75.46272110235932], [67.71263852473255, 12.827223991328118], [20.45550869292361, 6.68559755794943], [14.704954909642487, 59.048576511274696], [62.99555141961367, 37.68198827712036], [60.658972673901154, 20.476548629149327], [21.53178892617276, 63.55710860930132], [42.92418363453918, 57.08642834441967], [68.9055575260397, 88.54814580844548], [4.409169834743187, 78.0269487035351], [64.77425650449769, 21.818218275262748], [79.97475892615171, 27.950320304634634], [4.255777624247125, 71.30304909084644], [63.68885684023372, 82.14333426788563], [70.58284986332005, 13.135551920867206], [33.90413836415001, 49.15155970803061], [52.55230935929027, 79.84953305433288], [6.083627701380811, 55.308550526750096], [38.780155475563085, 30.6802244970929], [45.89676562130246, 61.85401761438918], [30.089881712025125, 52.46446656114172], [89.58036947303287, 90.95122860087814], [98.97491906883256, 28.40655779031932], [82.79704928375324, 6.278301483152504], [87.7335496483122, 77.49848845700222], [98.54980497036532, 63.326127532008435], [42.45322647302825, 2.4656507841874675], [95.58471329976533, 14.275558686903212], [29.30348197608639, 46.938984460471914], [55.875313137925446, 72.69541144921536], [52.367106991713456, 86.85391625406118], [97.19305812012018, 17.571936650406794], [37.46643180938327, 17.50331891728202], [51.19775405551844, 96.10627811043761], [61.43157754429668, 57.6332132252514], [59.212879071614374, 88.15414393035103], [21.533023635423053, 6.181050786026554], [77.92710824905033, 84.65184698359025], [71.98402395556836, 79.07628836037202], [36.35524461078411, 24.113474733054264], [56.845986825864536, 81.38206908173676], [42.08185700163122, 56.535499785634535], [93.33088254397913, 94.52349278710267], [49.89986797160763, 99.02972766599272], [33.34228529344896, 12.446022642594079], [38.95235366073976, 98.0493465236173], [2.1214444483681594, 3.174815867832159], [89.87240948327643, 51.31164410183238], [32.74121837575337, 91.31692745518195], [69.26543707809199, 32.92989407405026], [51.743452284308255, 22.562730691976974]]","[[0.0, 43.855896940740976, 56.32645850391149, 23.38311553948793, 63.518407297954155, 70.68682720959073, 62.898224385905415, 34.78346521988065, 43.20973342738105, 42.518946733848935, 26.854283691565794, 57.58674631328058, 47.54073414050306, 34.362136460575464, 59.85193075981227, 48.810250495181634, 48.87806296842476, 49.673498846915884, 25.459486599350072, 27.980479666063157, 38.57699998816714, 20.895556211692895, 5.718870600166129, 46.521262026267976, 43.1897582163564, 39.95120175748567, 47.54014220773153, 39.746139268033595, 38.26091111166261, 50.3558879198605, 6.4542818239956254, 30.257132786836294, 33.365891756283425, 21.955643736411332, 11.317036284280292, 9.253300888118972, 63.186538878025665, 64.36481384493736, 63.53521277853671, 54.40841639425735, 60.16670150752232, 50.2594416062813, 68.07522325288191, 11.538588488646761, 26.000635106279184, 36.62003554096097, 67.64430749023386, 35.17539038196567, 45.06513614229062, 22.649655021546735, 40.70529405693247, 49.74467414339076, 50.14294230611228, 42.01184797744628, 28.671175420623918, 33.66238630033698, 4.771951519906645, 68.33742749364941, 47.58708974526566, 40.628064902985464, 45.42233015885607, 61.8953512522437, 50.54784508605359, 39.24725179206062, 35.82556214176589, 32.52329101544241], [43.855896940740976, 0.0, 15.4336543846329, 66.7230827331015, 83.46245526239963, 79.5169113467828, 79.85525380821464, 58.89423993166624, 29.117169181184376, 76.29852026081086, 19.082879039830452, 100.17021221285516, 76.13940210873128, 37.79072641044987, 93.01540932732605, 67.54939504579313, 92.6734507347257, 83.4940415561256, 31.092801899578436, 70.03557191116901, 82.41764267830085, 26.99697522901649, 42.255110751244885, 52.393815812655426, 17.101972669539098, 83.59296760170025, 88.80154800627682, 22.441472701023354, 47.81899739682065, 94.03639501903929, 44.46865741312335, 37.44474443206449, 36.31520447426143, 63.435805149852875, 40.73427455360936, 39.9905715462649, 73.05111523753314, 102.96108970790658, 106.83973015127387, 72.3035828417992, 86.27111286275954, 91.37493326942615, 109.52812774637614, 44.99828904584411, 43.01390204940635, 35.9783528685839, 108.46351637974173, 75.54215316573462, 35.18204633296976, 55.39893234070299, 42.722287731395085, 84.05522653449556, 61.63291289197156, 56.53240009083888, 68.88716303719693, 41.24090180991415, 42.17122478328684, 76.92453261399383, 34.543020818218594, 79.43996116423637, 23.789855097124736, 88.09965463097862, 82.95804649260245, 16.25342125582257, 77.76605874573745, 76.1529804532041], [56.32645850391149, 15.4336543846329, 0.0, 78.09426515385454, 98.80486535767344, 94.12410430103033, 95.09241358426817, 64.00342809679567, 43.38830975931741, 91.33966434455262, 33.94326554841487, 113.64659284127099, 81.06197367519998, 53.132664941416046, 108.21991726420403, 82.9445572808106, 105.04378768122102, 89.87456661910943, 37.82733130575121, 83.5905901856899, 94.66403263851944, 36.794656170959996, 55.680997545395, 67.40327626617275, 16.77843147715299, 96.25891365749254, 102.74786273649364, 23.42594933046243, 63.15469514324857, 106.63311269525425, 55.656397225023206, 52.87630346250296, 39.52427267247739, 73.85671974701872, 54.94461588500387, 50.76357918193822, 87.8817691475672, 117.59748216604449, 119.85373850195626, 87.64339476040244, 101.70243394018856, 100.71245855314996, 123.49884872905147, 55.03783082240625, 58.366186066587325, 51.18197129344288, 122.6280419945167, 84.95526160658927, 49.446524398297974, 70.18070263442709, 57.798853609288805, 90.59703636131148, 76.79951643491381, 71.90486080133668, 78.50986534257257, 56.63509743670445, 55.438205964227606, 91.55664892679222, 48.329299407533014, 88.0076983827338, 37.338020315572734, 91.4230373821999, 98.15763952495018, 31.140206432386417, 91.42162996109371, 87.66917222431606], [23.38311553948793, 66.7230827331015, 78.09426515385454, 0.0, 69.3831792396669, 81.8412237942647, 70.71651070523578, 34.17179665375807, 65.2514089828475, 41.25045765460347, 50.23708024720957, 40.13648693111306, 38.04937086181339, 54.173895812109784, 55.54096244369344, 58.16577861954335, 27.8449650782662, 34.683121900951626, 42.5278743217089, 18.614554144744304, 17.630833163597877, 41.34082067274145, 27.057147925268, 62.701731305196645, 63.350158272482524, 20.60451185511228, 34.09775932594154, 58.549488623117114, 54.88918200118057, 29.96468593833986, 22.45722069919515, 50.08727916957179, 47.115907657038136, 7.187201236570698, 31.6549230475464, 27.337288045984327, 74.79516850474086, 53.05397382691923, 43.92972129483741, 63.11093263403321, 62.16113322323077, 27.953221396310663, 52.12525668667703, 23.608687302908603, 43.63966358513765, 57.016900022582135, 52.77471418726166, 15.270096296800322, 66.11563051437386, 31.500305010526482, 59.45295152732792, 34.250808136404075, 63.14707781843141, 55.377625899152505, 11.363028784343939, 52.32960577296684, 26.619088609452337, 79.89025547310428, 68.94375447922914, 21.775190203692958, 68.21022437135865, 51.49140657899041, 48.73199254109346, 62.52910026026655, 23.473578790008883, 9.584597982004897], [63.518407297954155, 83.46245526239963, 98.80486535767344, 69.3831792396669, 0.0, 19.927297504130003, 5.825231419755929, 97.34542218242362, 57.187973320549204, 29.919691089912188, 67.17766316622846, 61.89164864875805, 106.5304055455941, 45.675911375011516, 28.393906757469036, 16.195607623165508, 69.72516122674766, 104.05016645510094, 85.5295693605559, 51.848185607261186, 66.71530089937318, 78.03321049039067, 58.651855244785686, 32.58550870566946, 94.30663829467726, 63.32181580084296, 50.90914110088655, 94.50515521448084, 35.6504952822205, 68.21775553723123, 69.85114394035442, 46.34789873692142, 94.72630998815086, 74.68921939333455, 54.465410113367525, 72.28808692445973, 18.10245489701771, 46.89437244130362, 70.82474868137473, 11.16148876658939, 11.97452128874164, 92.01022632213925, 61.102686901157604, 74.946274934213, 42.880234796212235, 47.72883405595035, 57.7470969108103, 84.18498066750243, 51.8374511320701, 41.222438827663396, 41.50417951664702, 103.5785826046942, 22.75938097053172, 26.95815320699117, 80.64726532545347, 42.270238342932494, 59.62419810837937, 19.952887515159617, 54.242496353213134, 90.65959966446123, 63.91003219625422, 120.51926647249553, 25.552887018247038, 67.85268805848588, 51.57739183098446, 70.59685926623393], [70.68682720959073, 79.5169113467828, 94.12410430103033, 81.8412237942647, 19.927297504130003, 0.0, 14.670060772833084, 105.46811069550274, 50.744766685422846, 46.62488397364321, 66.46235328002855, 80.66801702136988, 116.94321660795359, 43.57103218225644, 48.220234913213, 23.726804164294037, 86.90278470794198, 116.17511278784302, 88.80908188836008, 66.11819603391984, 82.4641810252895, 80.75234737236806, 65.16184120634266, 27.75977166747314, 93.05524977361289, 79.55492322059017, 68.9460269026324, 94.66397896127071, 34.69177964074616, 85.72014089733464, 77.12473519895119, 45.92730610788337, 98.20642891770822, 86.04415598056603, 60.00728658380566, 78.375161375463, 7.520741529283104, 66.69703171988421, 89.71585463697636, 19.341434357149904, 31.817174741800248, 106.8873523504552, 80.75759528935929, 82.14460188341775, 45.833524836238844, 44.2919069585794, 77.47144804884482, 97.08220712021067, 44.71250085971338, 50.8586326161495, 37.32376788449495, 115.86476310552955, 20.753046634286775, 28.748042073166523, 92.6001007418578, 41.36841066707215, 66.16744837563232, 2.616476327491849, 46.17084340541553, 103.60343509815773, 57.02486212865772, 131.2698197344403, 44.134085958582666, 63.26534723793027, 67.57217681537448, 84.86131136128118], [62.898224385905415, 79.85525380821464, 95.09241358426817, 70.71651070523578, 5.825231419755929, 14.670060772833084, 0.0, 97.23244273182004, 52.83940496809133, 32.896613251398996, 64.26012983240089, 66.20042997712775, 107.2365148122049, 42.13718267554065, 33.601292977032124, 14.186808723992343, 73.14160413686913, 105.37749618026643, 83.8447240294459, 53.82821892084149, 69.43290229252419, 76.1413019912918, 57.76801573109075, 28.107934967531637, 91.41595244459407, 66.25538928939274, 54.74816199493466, 91.98673377097052, 32.1557482328274, 71.79954738397686, 69.31563197982665, 43.246010707636685, 93.14449521468134, 75.6246407952685, 53.22065127243683, 71.38289669638432, 12.277578676921982, 52.05348922555027, 75.2161761760255, 8.555461470304904, 17.25795829267309, 94.4105215451727, 66.08761995968581, 74.4198406681122, 40.6496340915217, 43.91058736374523, 62.80646263580363, 85.75297999210356, 47.29476176342374, 41.20072432463029, 37.402886987256586, 104.96580440873906, 18.375714563186097, 23.845981468308295, 81.83586315774309, 38.962620037834746, 58.7611556700991, 14.373490163947611, 49.546350332665725, 92.26630079771284, 59.53091587157196, 121.37865475606291, 29.648819353432003, 63.998483103484446, 54.34810842300745, 72.67335114992895], [34.78346521988065, 58.89423993166624, 64.00342809679567, 34.17179665375807, 97.34542218242362, 105.46811069550274, 97.23244273182004, 0.0, 72.2248160151286, 72.59722608159416, 50.940744609308524, 73.21926365892386, 17.270193427568582, 67.16778195220988, 88.49174943796383, 83.29965850805392, 58.9115792105193, 26.171033600081874, 27.816803739051466, 51.58151121240286, 50.06166682439986, 33.61286935418889, 40.36504705627813, 80.80099217981581, 47.224998464112495, 53.83098804765018, 68.26118338475182, 40.625798818073406, 72.58772476288483, 61.550195317394376, 28.359905507612925, 63.321970918905826, 24.59810646198315, 26.989345056831304, 45.72767300491077, 27.908989312303646, 97.96967852051026, 87.22576238688227, 75.3051991184213, 88.83954015350936, 92.443706370322, 42.14124966785517, 85.51359688756824, 23.416529559157812, 60.409251318931645, 68.72129884511682, 86.50287075894717, 29.17938223783221, 75.77053334944104, 56.14555002017971, 73.96516759013673, 27.016927859096292, 84.91332841184833, 76.78987500868347, 25.608973315476362, 67.29756121801815, 39.36490867727667, 103.12079653775858, 77.63737835702744, 28.682973478449085, 71.98288866240328, 29.823231679535976, 80.57555163186099, 63.48626676161855, 57.48624538794851, 40.905906645046244], [43.20973342738105, 29.117169181184376, 43.38830975931741, 65.2514089828475, 57.187973320549204, 50.744766685422846, 52.83940496809133, 72.2248160151286, 0.0, 57.9320706265987, 21.850715062239928, 88.68003824889675, 88.02931843685451, 14.502020093260915, 72.4340901010791, 42.33965837590276, 85.64280206946596, 92.1324151451223, 47.45429936431675, 60.45622860819211, 76.55564497740686, 39.68504862265282, 38.424025718020175, 24.7325575947449, 44.312255399734596, 76.19676665002588, 75.94794315054905, 47.49267252132374, 22.814100523695625, 86.14853513121044, 47.641488986655844, 17.2618308001067, 56.01343565377425, 65.07836864144859, 33.59987046017234, 45.544713889378244, 44.6528601374059, 85.9703785450485, 96.78739780253451, 46.207102926193, 62.311703507531234, 93.0192566905084, 95.56054705133195, 51.030848503152335, 25.14986103784913, 11.217994217300472, 93.66085243615032, 78.32059187852757, 6.07947484748048, 41.167140345851024, 15.837009542055476, 92.3370899179759, 34.50457138627169, 31.429165988296457, 71.87285252683354, 18.288831312119342, 39.03129691715158, 48.185432121368805, 5.946933549974935, 83.83595166021408, 6.726284330264192, 101.81226623204189, 62.82933146861486, 13.081690277382002, 67.00426851584788, 73.18020243058801], [42.518946733848935, 76.29852026081086, 91.33966434455262, 41.25045765460347, 29.919691089912188, 46.62488397364321, 32.896613251398996, 72.59722608159416, 57.9320706265987, 0.0, 57.39665071391076, 35.25249452295559, 79.23561215855646, 43.45096149630258, 17.499101752990004, 24.88546255672782, 40.30541765854589, 75.44427462544951, 67.63808799461684, 22.81587244765046, 36.79713443493523, 61.65952343704956, 39.42692368848434, 40.09574766975713, 82.1226216350199, 33.43459390287875, 22.710363036109786, 80.27508071398576, 36.39067427228738, 39.09784633913972, 47.928930127531935, 41.381681003966655, 75.87505598059278, 47.412607780771076, 37.640889159234895, 51.755798671322204, 41.10575463819157, 28.044962327124, 44.3189353494789, 27.55606296841594, 21.035008260405352, 62.16651567547888, 38.835130469772714, 52.63462898782433, 34.08084771544848, 46.715298011534266, 36.421647184835045, 55.32608177759907, 54.856879613405056, 21.56395569712111, 43.84114718860609, 74.86875106039719, 34.28632523837114, 30.137379933367253, 52.60312461896685, 39.64419262404549, 40.172688591281016, 45.42216229230598, 58.00970341460546, 61.676192158446405, 63.950425236103904, 92.72737549502082, 8.093390186322198, 63.772149633866015, 21.659960605882368, 41.102459586700675], [26.854283691565794, 19.082879039830452, 33.94326554841487, 50.23708024720957, 67.17766316622846, 66.46235328002855, 64.26012983240089, 50.940744609308524, 21.850715062239928, 57.39665071391076, 0.0, 81.46052213763915, 67.28815302062952, 22.894175484126105, 74.32308461804888, 50.99520980069604, 74.81639310350957, 72.50388849048645, 25.616849874428667, 51.38328153451403, 64.75873933493811, 17.86156132976513, 24.09140318705752, 38.710491222869244, 27.159766508463395, 65.54863301620091, 69.86916687073565, 28.201667557724686, 32.34685499033551, 75.97974326691123, 29.274819859553862, 21.039826558215182, 34.34437814007739, 48.19553206203761, 21.837845266871753, 25.91063914961434, 59.36958152505554, 83.88351504020977, 88.41023321875801, 56.17253575815076, 68.64308114104514, 76.64432929292131, 90.56263299094478, 31.47548073104029, 24.95326957964683, 22.477597474917, 89.4351889640002, 61.11501832521641, 26.481109589876, 36.33675317160087, 29.338347414451125, 72.84629218282433, 46.78854916190961, 40.4236465343437, 54.43048168830048, 25.462001689031624, 24.200967384877035, 63.85048510935672, 27.648555871628208, 65.91083972126293, 21.054129997003315, 80.72050043171782, 64.2623316570866, 13.036940598232945, 59.01350795573884, 59.3076607196969], [57.58674631328058, 100.17021221285516, 113.64659284127099, 40.13648693111306, 61.89164864875805, 80.66801702136988, 66.20042997712775, 73.21926365892386, 88.68003824889675, 35.25249452295559, 81.46052213763915, 0.0, 71.78813025914324, 74.50466598679044, 35.2239485397272, 60.10463059032087, 15.737982492563232, 63.38624795742424, 81.27836528588443, 30.136026891548656, 23.157668688425034, 78.30196912053434, 58.022562611800964, 74.57676650877262, 100.70683284922002, 19.56627159047402, 13.005254465261709, 96.79149301645234, 69.58494032612585, 12.856566049057255, 59.80126659311658, 71.41821936014837, 86.88802683290369, 47.029156967192655, 59.634813498037374, 64.82275769457607, 75.85332189234718, 20.434440456997393, 9.09567466164313, 62.29746056456145, 50.34584912262416, 42.782108435999575, 12.387531169104003, 62.503871721506755, 63.5304032943897, 77.8742838872226, 14.121898084712226, 45.82857734193072, 86.87066690741378, 47.56681060770663, 76.65573913166907, 62.391305930333296, 69.49268123189898, 64.70085367493556, 47.69927677991311, 71.10157115999344, 58.22013465395837, 79.80049070255016, 90.06680487652993, 49.9878915569631, 93.80234797938456, 82.03402681328592, 36.554506734450705, 91.21206221424936, 22.450525210324127, 32.31384360225436], [47.54073414050306, 76.13940210873128, 81.06197367519998, 38.04937086181339, 106.5304055455941, 116.94321660795359, 107.2365148122049, 17.270193427568582, 88.02931843685451, 79.23561215855646, 67.28815302062952, 71.78813025914324, 0.0, 81.5345200634533, 93.39715424987459, 93.84181496451055, 56.259737543494104, 11.662114882772991, 45.04816746171803, 56.66070477846765, 49.60068789429325, 50.45416272430991, 53.25310827624799, 94.01660913336892, 64.29867557902162, 53.86001537727151, 69.88979440142748, 57.639133306372045, 85.7592531945353, 59.123309992447886, 41.6031650286137, 77.51598711033749, 41.542049757243014, 31.942377791522322, 58.857421502354704, 42.630080092320526, 109.56782781731427, 88.66629032998677, 71.75877354244226, 99.1650677164598, 100.02422651196292, 33.10369957812166, 84.11717852196892, 37.35513756583912, 73.508380403228, 83.44722525166551, 85.79497139827258, 26.218368409470298, 91.10839726968645, 66.25754287115906, 88.09722049083571, 12.81750432310634, 96.91252121532358, 88.78035962954849, 26.820189856697127, 81.14059507448681, 52.31220679029184, 114.74670713284799, 93.2052823421451, 21.938320857878427, 88.31798346400649, 14.390307164625085, 86.77990253652302, 80.0775298039235, 60.7824790394618, 41.15179086572849], [34.362136460575464, 37.79072641044987, 53.132664941416046, 54.173895812109784, 45.675911375011516, 43.57103218225644, 42.13718267554065, 67.16778195220988, 14.502020093260915, 43.45096149630258, 22.894175484126105, 74.50466598679044, 81.5345200634533, 0.0, 58.284671784527404, 29.870532192401875, 72.32543589460471, 84.01577643478045, 46.271280736108, 47.02772043310095, 63.69562659497726, 38.09188359184947, 28.843666863710304, 15.83502402457462, 49.72592408335686, 62.94767773576382, 61.681117011361295, 51.09511579436037, 10.02827481380114, 72.63199886812504, 39.955229207061564, 4.143983724682958, 55.57499250140619, 55.20363343673596, 23.326773859925066, 39.29535216272204, 36.48901476572806, 71.48085183195396, 82.76942274120884, 34.51532388215331, 49.21293909834035, 82.1234661165243, 81.1169103644872, 44.25911576505996, 11.298722698463596, 3.3712932183602122, 79.17986027153, 68.28037950412765, 12.57650398205143, 27.258922483393896, 6.946805471657712, 84.05967018846256, 24.14343672938048, 18.789280135365964, 62.184811549822854, 3.8911015488982645, 29.677031729650306, 40.960415211481774, 15.71924761307885, 74.22997083714655, 20.576908804363125, 95.76648624210695, 48.54809029220981, 22.35832293413023, 53.17102054711208, 61.27339834924541], [59.85193075981227, 93.01540932732605, 108.21991726420403, 55.54096244369344, 28.393906757469036, 48.220234913213, 33.601292977032124, 88.49174943796383, 72.4340901010791, 17.499101752990004, 74.32308461804888, 35.2239485397272, 93.39715424987459, 58.284671784527404, 0.0, 32.94889111608539, 46.20941770387515, 88.1724234849926, 85.08532888114719, 37.089576100717835, 46.50211413149463, 79.15862509841013, 56.913087491886124, 51.330451548137574, 99.50204074664616, 42.371615589225875, 26.80046957341685, 97.75679770700812, 49.82763240881385, 44.08499784613692, 65.05414156248678, 56.8781502933464, 93.21530275517895, 62.290117827470354, 55.089251373201755, 69.05365632237587, 45.02337490091585, 18.500639558430365, 43.71081660725718, 32.57236210882808, 16.423175721626208, 71.85742433997845, 32.80151784338122, 69.61607570293646, 50.178108970986486, 61.34229337562934, 29.385939404857016, 68.12539157262052, 68.54142940798286, 38.99227233192698, 57.253272255497315, 87.44876664330857, 43.1896684107842, 41.95686274217704, 66.58710363489223, 54.39400007582248, 57.647456078655665, 47.94322360763848, 71.55205145625975, 74.08066244585419, 78.81365731731098, 106.21858244178951, 10.06233767753416, 79.69820019653427, 32.783061581491175, 53.08703471339187], [48.810250495181634, 67.54939504579313, 82.9445572808106, 58.16577861954335, 16.195607623165508, 23.726804164294037, 14.186808723992343, 83.29965850805392, 42.33965837590276, 24.88546255672782, 50.99520980069604, 60.10463059032087, 93.84181496451055, 29.870532192401875, 32.94889111608539, 0.0, 64.35314469728807, 92.61493763050991, 69.73589834796081, 42.50987199393858, 59.15830883450941, 62.101699339311665, 43.61738203240006, 18.85568401079683, 78.11451228971583, 56.4914339610496, 47.57848672179872, 78.33632342463035, 19.944853109066432, 63.45278464375894, 55.2453200243025, 30.249058934991947, 79.01163353285577, 62.57225270713944, 39.033904568740475, 57.2172187589767, 17.037799963342486, 49.86293839737586, 69.1851388431168, 5.632716725847757, 20.13664933526893, 83.25167648151444, 62.57444251787626, 60.34495859596039, 26.74979667991342, 32.19691008611131, 59.73081626391045, 73.3870300428419, 37.481120944703264, 27.58612150333653, 26.50480742537415, 92.27500628442537, 10.255889955518706, 11.10209996266305, 69.02451910029016, 26.310121523198507, 44.61364817567592, 21.932175180263666, 40.21159014037176, 79.91104371539137, 49.04028439567187, 108.08928338598858, 25.256659117950125, 52.20593621790594, 44.53883586079729, 61.182037337154526], [48.87806296842476, 92.6734507347257, 105.04378768122102, 27.8449650782662, 69.72516122674766, 86.90278470794198, 73.14160413686913, 58.9115792105193, 85.64280206946596, 40.30541765854589, 74.81639310350957, 15.737982492563232, 56.259737543494104, 72.32543589460471, 46.20941770387515, 64.35314469728807, 0.0, 47.65454747647514, 70.32942450362195, 25.29842324058107, 10.405112654361972, 68.60169140041428, 50.728144710918315, 75.73031794847873, 90.87537208029488, 9.458967549927673, 19.46965944336071, 86.29133975326269, 69.43280177924834, 2.8867246561267463, 49.62330146582166, 68.71554040056361, 74.85184085427662, 33.997326401488046, 53.66152069683486, 54.649637041121935, 81.12680046113148, 34.929154390543204, 16.444690144996596, 67.69940420570508, 59.169841078091416, 27.302016345404226, 27.909679784179264, 51.36998646177211, 61.02722459530562, 75.60050598635083, 29.85979634453886, 30.605536826270043, 84.90077893638585, 45.24409793852015, 75.80495220142835, 46.65542251014135, 72.5473077359153, 66.38661961022326, 33.32665012988321, 69.41074055587102, 50.669027367772756, 85.61877575497742, 88.02366974035358, 34.37246711703254, 89.94422802140515, 66.2976147606068, 44.40840055864329, 85.92807327689906, 20.162552611266438, 18.702807273234026], [49.673498846915884, 83.4940415561256, 89.87456661910943, 34.683121900951626, 104.05016645510094, 116.17511278784302, 105.37749618026643, 26.171033600081874, 92.1324151451223, 75.44427462544951, 72.50388849048645, 63.38624795742424, 11.662114882772991, 84.01577643478045, 88.1724234849926, 92.61493763050991, 47.65454747647514, 0.0, 52.677798299480905, 52.63488836127728, 42.5030451558237, 56.88169431728034, 55.18228970963773, 95.12562240530218, 73.12368545163261, 46.83105398514924, 63.20387315520319, 66.61716242308536, 86.96546683260301, 50.54059995782642, 44.54462460685822, 79.89471866359774, 50.70249026074824, 30.191634630426506, 60.7520544971079, 46.78168435063696, 108.9905635958108, 81.46838601075017, 62.342871070641294, 97.67702039003903, 96.47211382991006, 22.39882894944546, 75.51162092549541, 41.21433959611304, 74.9123359459691, 86.28620647904661, 77.5058957172124, 20.159231153053984, 94.55762137661945, 65.38117283052958, 90.21783530268927, 1.1897923753190622, 96.85928352533392, 88.85718879204182, 23.590941165800135, 83.08928785859236, 54.33885988203382, 114.13288725086564, 96.92475771826027, 14.115647640390115, 93.21731544528087, 18.667177070975388, 82.52387621455075, 85.51842294257408, 55.41815775168179, 35.085877083711374], [25.459486599350072, 31.092801899578436, 37.82733130575121, 42.5278743217089, 85.5295693605559, 88.80908188836008, 83.8447240294459, 27.816803739051466, 47.45429936431675, 67.63808799461684, 25.616849874428667, 81.27836528588443, 45.04816746171803, 46.271280736108, 85.08532888114719, 69.73589834796081, 70.32942450362195, 52.677798299480905, 0.0, 52.80637086618189, 59.99644225799775, 8.181230003379147, 28.28736281905274, 61.70842659393598, 21.591243627370844, 62.39418672102676, 72.29971545896534, 16.104577117859947, 54.15524429067161, 72.32112396453464, 21.599990438042582, 43.1868270650145, 9.397610185405236, 37.207239595135725, 31.31771950917036, 16.734589225616258, 81.38861662658884, 89.66805546395305, 86.14659159128968, 75.32313655385016, 83.9538940397649, 63.02058440376821, 92.4454349459514, 18.96731958254938, 43.37320025624745, 46.81425656426495, 92.3287540553351, 47.37186147079972, 52.00959178184199, 46.748053607319314, 53.17978345193066, 53.30663935040134, 68.20973634130354, 60.679494004798826, 41.09983431107696, 47.69330625317277, 27.492004706519516, 86.25836876000466, 53.26513262065246, 50.19111585647837, 45.923810901866105, 57.27322117682668, 75.56458396754131, 36.96692132783208, 60.48993128372913, 51.99103031218643], [27.980479666063157, 70.03557191116901, 83.5905901856899, 18.614554144744304, 51.848185607261186, 66.11819603391984, 53.82821892084149, 51.58151121240286, 60.45622860819211, 22.81587244765046, 51.38328153451403, 30.136026891548656, 56.66070477846765, 47.02772043310095, 37.089576100717835, 42.50987199393858, 25.29842324058107, 52.63488836127728, 52.80637086618189, 0.0, 17.363373915080246, 48.87499823342525, 27.91759479412825, 51.20834067004687, 71.13423886580233, 15.9631760765466, 19.570356386044228, 67.68114032558182, 44.4667511711481, 25.692306931559415, 31.27077521220659, 43.44149096507544, 59.57904630027261, 25.207342120073783, 29.60836837886062, 36.07360202589247, 59.534565721130996, 37.15573316667479, 37.12533988958425, 46.87560392077765, 43.83750476105167, 40.76981163345321, 40.12373883641108, 34.94062852505733, 35.730065706855584, 50.30747789271907, 39.67220237093314, 32.540968719556105, 59.6035709095664, 20.012430917147483, 50.61370472882085, 52.07158796380784, 49.28609353820245, 42.35895085943348, 29.896663804914347, 44.130649293010585, 28.157370445594285, 64.42972100966475, 62.7299135428655, 38.93802965554548, 64.97917589607628, 69.97429418887326, 30.13524543245633, 61.57947197372825, 7.867265438844974, 18.846795082364977], [38.57699998816714, 82.41764267830085, 94.66403263851944, 17.630833163597877, 66.71530089937318, 82.4641810252895, 69.43290229252419, 50.06166682439986, 76.55564497740686, 36.79713443493523, 64.75873933493811, 23.157668688425034, 49.60068789429325, 63.69562659497726, 46.50211413149463, 59.15830883450941, 10.405112654361972, 42.5030451558237, 59.99644225799775, 17.363373915080246, 0.0, 58.19683115283833, 40.67930720940607, 68.56929709617769, 80.47415031030775, 4.328468371799819, 20.711273780236645, 75.92531567923977, 61.74117466549569, 12.343969018985653, 39.21833014441336, 59.92386227246661, 64.74362235049924, 24.141202190784696, 43.93196668359249, 44.245861002576625, 76.17826271273468, 39.12795411768289, 26.29989844091583, 63.12316801361118, 57.19966419718843, 25.609405223711267, 35.471955606210614, 41.02959062710246, 52.43751550919442, 66.89327297497213, 36.64936793641451, 23.382344764198955, 76.2192274899036, 37.16469618055533, 67.6930431614639, 41.65574566304525, 66.45793726202491, 59.684053842709375, 24.5743449404294, 61.024759587218966, 40.56300266507255, 80.93456390003938, 79.28657055762525, 28.472631719988502, 80.55256843924045, 61.040905688719164, 42.47620513916987, 76.14302513866626, 15.137933885132368, 9.15634530893798], [20.895556211692895, 26.99697522901649, 36.794656170959996, 41.34082067274145, 78.03321049039067, 80.75234737236806, 76.1413019912918, 33.61286935418889, 39.68504862265282, 61.65952343704956, 17.86156132976513, 78.30196912053434, 50.45416272430991, 38.09188359184947, 79.15862509841013, 62.101699339311665, 68.60169140041428, 56.88169431728034, 8.181230003379147, 48.87499823342525, 58.19683115283833, 0.0, 22.349591818395083, 53.561421673091786, 22.417857990960776, 60.10029923868417, 68.4355471651377, 18.933044141075197, 46.07240127606294, 70.34443800290619, 18.989335685123837, 35.038775410087084, 17.51240690677288, 37.12675123882656, 24.424426468008704, 14.010269795398541, 73.35562094724177, 85.04704362393076, 83.8706973410659, 67.65378921220368, 77.01836240560799, 64.5745520172199, 88.95227243322587, 18.3456060975914, 35.53851761226436, 38.64657923594276, 88.53961653479236, 48.732580362753154, 44.03995824554396, 40.33714997731172, 44.9986522146371, 57.37605783655998, 60.211460940663336, 52.785158516456264, 42.13709875865993, 39.55782841793115, 21.716544116838026, 78.19224253969001, 45.420860972346034, 52.45789676624084, 38.64182387011535, 63.42541091284721, 69.42904161180466, 29.93758258345578, 56.71443763345905, 50.92429306032355], [5.718870600166129, 42.255110751244885, 55.680997545395, 27.057147925268, 58.651855244785686, 65.16184120634266, 57.76801573109075, 40.36504705627813, 38.424025718020175, 39.42692368848434, 24.09140318705752, 58.022562611800964, 53.25310827624799, 28.843666863710304, 56.913087491886124, 43.61738203240006, 50.728144710918315, 55.18228970963773, 28.28736281905274, 27.91759479412825, 40.67930720940607, 22.349591818395083, 0.0, 40.802836360676345, 43.83961314734658, 41.488219121874565, 47.13446638231385, 41.19900397854933, 32.54259036703612, 51.92958074116797, 12.013465651368923, 24.71557689001182, 36.883430032993566, 26.729395260816545, 5.618376199148456, 13.641181641057711, 57.65088354401768, 62.96205140975875, 64.58568858679833, 49.239531685384264, 55.97449057337022, 54.622807891322694, 67.86679560326263, 16.98511498478734, 20.282310247584697, 31.229347383192632, 67.13051312010029, 39.95759761179026, 39.8873494139873, 18.51546929021339, 35.078833372421556, 55.21720013247992, 44.55397890561384, 36.442122097991124, 33.620925474398646, 28.001692144132615, 1.006497110473316, 62.78828783326181, 42.51941356544669, 45.65718560142062, 41.15502519858798, 67.61157803897527, 47.302051154178024, 35.71302074641035, 35.740730000001605, 35.6323616830835], [46.521262026267976, 52.393815812655426, 67.40327626617275, 62.701731305196645, 32.58550870566946, 27.75977166747314, 28.107934967531637, 80.80099217981581, 24.7325575947449, 40.09574766975713, 38.710491222869244, 74.57676650877262, 94.01660913336892, 15.83502402457462, 51.330451548137574, 18.85568401079683, 75.73031794847873, 95.12562240530218, 61.70842659393598, 51.20834067004687, 68.56929709617769, 53.561421673091786, 40.802836360676345, 0.0, 65.34890675249586, 66.85769123081063, 61.60051684382648, 66.91029369349359, 8.260482850014109, 75.43124436490166, 52.699054448004105, 18.52281267651606, 71.07366292365458, 65.23983572633944, 35.24175059437618, 52.99706215367958, 20.814001440156037, 67.23969893547418, 83.434410338676, 21.83090046105885, 38.92212240458285, 90.05510406267665, 78.91891123505066, 57.44255126599016, 20.520634870254344, 16.62500405591846, 76.40552961864579, 77.69032149388437, 19.2533547114528, 31.805556643312038, 9.700683125472294, 95.01839458573173, 9.826979290729273, 9.95957022538421, 72.18967867690583, 14.028039817650923, 41.76506213577259, 25.145601479131997, 21.704372685611347, 84.00166356828761, 31.423991420985985, 108.39152745819223, 42.733662847259914, 36.27017477190091, 55.61941602788133, 68.18073675475308], [43.1897582163564, 17.101972669539098, 16.77843147715299, 63.350158272482524, 94.30663829467726, 93.05524977361289, 91.41595244459407, 47.224998464112495, 44.312255399734596, 82.1226216350199, 27.159766508463395, 100.70683284922002, 64.29867557902162, 49.72592408335686, 99.50204074664616, 78.11451228971583, 90.87537208029488, 73.12368545163261, 21.591243627370844, 71.13423886580233, 80.47415031030775, 22.417857990960776, 43.83961314734658, 65.34890675249586, 0.0, 82.48251369232852, 90.65223089661481, 6.7256490520808105, 59.422436180144246, 92.68143991614564, 41.2764007417362, 48.17762651891208, 22.780022494854844, 58.50706749617816, 44.528466222891545, 36.234506424182875, 86.14621441880232, 106.79355843207503, 106.26630708962954, 83.32605559816254, 95.28154767244044, 84.59822686530403, 111.25295256843683, 39.826979521030744, 51.741561592185164, 48.763501643031645, 110.74140331284053, 68.96297797922742, 50.16008139136009, 60.55955273739026, 55.73155864751643, 73.85837404492544, 73.81582855940138, 67.58300099260327, 62.66749052867933, 52.544044466643186, 43.3718080665879, 90.43896813788281, 50.10509296593685, 71.67972539817248, 39.926532072072376, 74.88708485110888, 89.54145872825829, 31.294224862574595, 78.9941753358779, 72.91648493069899], [39.95120175748567, 83.59296760170025, 96.25891365749254, 20.60451185511228, 63.32181580084296, 79.55492322059017, 66.25538928939274, 53.83098804765018, 76.19676665002588, 33.43459390287875, 65.54863301620091, 19.56627159047402, 53.86001537727151, 62.94767773576382, 42.371615589225875, 56.4914339610496, 9.458967549927673, 46.83105398514924, 62.39418672102676, 15.9631760765466, 4.328468371799819, 60.10029923868417, 41.488219121874565, 66.85769123081063, 82.48251369232852, 0.0, 16.390788546294427, 78.17438689766793, 60.33487972934552, 10.446456424544529, 41.23197482390683, 59.30437999851079, 67.57360626472635, 27.46321981447578, 44.263132410256674, 46.28388908404787, 73.44873285012733, 34.82946363935501, 23.797270294504283, 60.22808007213176, 53.513495541184824, 29.542346727407832, 31.72027682096936, 43.46525899356105, 51.64958836526337, 66.20860495903888, 32.69571234627986, 27.64662087938783, 75.5184563720794, 35.97064589215328, 66.56864090146638, 45.98179234353491, 64.1955014441833, 57.71020132151509, 28.51154922521867, 60.08918191316161, 41.47571133408199, 78.11234110305995, 78.63119366143536, 32.79949489228774, 80.48574768547256, 65.36781556596547, 38.72698606829022, 76.52572188115948, 11.984992365537451, 13.052055675775687], [47.54014220773153, 88.80154800627682, 102.74786273649364, 34.09775932594154, 50.90914110088655, 68.9460269026324, 54.74816199493466, 68.26118338475182, 75.94794315054905, 22.710363036109786, 69.86916687073565, 13.005254465261709, 69.88979440142748, 61.681117011361295, 26.80046957341685, 47.57848672179872, 19.46965944336071, 63.20387315520319, 72.29971545896534, 19.570356386044228, 20.711273780236645, 68.4355471651377, 47.13446638231385, 61.60051684382648, 90.65223089661481, 16.390788546294427, 0.0, 87.25149409957983, 56.587219132708995, 17.540961151236107, 50.71483640127457, 58.698543630021184, 78.79322327816388, 41.28495767651033, 48.07047242285859, 55.5827701842388, 63.72897457303106, 19.005637008289465, 21.855015961130896, 50.15196706736016, 39.95597668100441, 45.35784141906673, 20.75258491966915, 54.11236156529671, 50.8223028682929, 65.05241010989825, 20.104245183725727, 43.773253388953606, 73.98209644063114, 34.99891009584693, 63.68324767354921, 62.3645533870435, 56.73848782810262, 51.74665646209795, 43.78793684393813, 58.22277798462022, 47.465613892820414, 67.89972998823431, 77.18018668524716, 49.14235284454615, 81.22014042470819, 81.70045407018665, 25.37153791374242, 79.03375389476271, 11.810407671642047, 28.740786289526092], [39.746139268033595, 22.441472701023354, 23.42594933046243, 58.549488623117114, 94.50515521448084, 94.66397896127071, 91.98673377097052, 40.625798818073406, 47.49267252132374, 80.27508071398576, 28.201667557724686, 96.79149301645234, 57.639133306372045, 51.09511579436037, 97.75679770700812, 78.33632342463035, 86.29133975326269, 66.61716242308536, 16.104577117859947, 67.68114032558182, 75.92531567923977, 18.933044141075197, 41.19900397854933, 66.91029369349359, 6.7256490520808105, 78.17438689766793, 87.25149409957983, 0.0, 60.41359687862719, 88.21982905688913, 37.00964437062881, 49.046889460720756, 16.09860305186005, 53.311786163992885, 42.69960277583372, 31.973318966704788, 87.55762064046912, 103.97992460997257, 101.96543117810386, 83.70735864332057, 94.630834671931, 78.72504369122234, 107.67130143819558, 34.942740857153936, 51.638310580274606, 50.562134874160314, 107.3516210872279, 63.2246670070554, 53.091895060096704, 58.78721382315926, 57.48253992984473, 67.37490551343028, 74.87092467180025, 68.17285823447205, 57.07216229379587, 53.54733184619614, 40.6065609667456, 92.05195990261298, 53.405539866641966, 65.65191917012643, 43.808866853850034, 68.16165740498894, 87.91964470082512, 34.813440823767905, 75.49009768339124, 68.04923131265323], [38.26091111166261, 47.81899739682065, 63.15469514324857, 54.88918200118057, 35.6504952822205, 34.69177964074616, 32.1557482328274, 72.58772476288483, 22.814100523695625, 36.39067427228738, 32.34685499033551, 69.58494032612585, 85.7592531945353, 10.02827481380114, 49.82763240881385, 19.944853109066432, 69.43280177924834, 86.96546683260301, 54.15524429067161, 44.4667511711481, 61.74117466549569, 46.07240127606294, 32.54259036703612, 8.260482850014109, 59.422436180144246, 60.33487972934552, 56.587219132708995, 60.41359687862719, 0.0, 69.35128812254199, 44.4475718494032, 11.370321622654478, 63.54894210428102, 57.17425181806061, 26.985456827865995, 44.829971202538, 27.348664117202503, 64.28644751267933, 78.23443115334328, 24.48921895123939, 39.61531236621097, 82.45899127700366, 74.989203366869, 49.21077371786269, 12.260289995568288, 12.26260992941348, 72.74611256746093, 69.7563413534916, 18.734765798605064, 24.61384454619894, 7.494278469843639, 86.87567429936954, 14.457539182914916, 8.844013120191832, 64.14507740382092, 6.885084946258483, 33.50557608661187, 32.1234807077696, 21.801066396273576, 76.01729837633752, 29.409111095519375, 100.13277768507984, 40.44961739629306, 32.27864833747214, 49.52838522364204, 60.76628187139892], [50.3558879198605, 94.03639501903929, 106.63311269525425, 29.96468593833986, 68.21775553723123, 85.72014089733464, 71.79954738397686, 61.550195317394376, 86.14853513121044, 39.09784633913972, 75.97974326691123, 12.856566049057255, 59.123309992447886, 72.63199886812504, 44.08499784613692, 63.45278464375894, 2.8867246561267463, 50.54059995782642, 72.32112396453464, 25.692306931559415, 12.343969018985653, 70.34443800290619, 51.92958074116797, 75.43124436490166, 92.68143991614564, 10.446456424544529, 17.540961151236107, 88.21982905688913, 69.35128812254199, 0.0, 51.4050648687886, 69.10756593560413, 77.06303569745351, 36.321163336655864, 54.61585534196884, 56.44859605414278, 80.10109417785391, 32.23838107032444, 14.007446271453228, 66.60881400137278, 57.45645706217161, 30.085253901972823, 25.027840312765044, 53.354083860836596, 61.348907924798425, 75.9355682689345, 26.977484926115075, 3