instance_id,num_cities,city_coordinates,distance_matrix,best_route,total_distance
540,89,"[[5.326734141493839, 72.85118234293203], [7.804432063903333, 42.499567775483705], [15.031489887930327, 79.93805164919821], [83.5930152452786, 33.034837993469026], [9.123802894133204, 76.79999806504644], [66.81353624249219, 6.989260487927185], [94.76614757384345, 19.04446959517323], [74.35925815740762, 9.286801339851136], [2.235924442079551, 68.25831253351744], [13.50435937587302, 92.36433896657135], [4.042388702561417, 9.953002569961079], [21.416049702171524, 29.61870391165987], [71.28580614314532, 22.561179553925538], [39.033235171829695, 67.83113391865268], [63.34424357818278, 92.49112760802193], [32.9526308305617, 67.47153161612492], [38.57941170236814, 11.124721829225814], [83.96944202349175, 71.97933988238778], [50.16618129428782, 78.09675972276557], [43.612323993692094, 82.59676497174996], [93.50520320356695, 95.68808389096677], [47.055691875374364, 6.982458225849786], [18.28306081861918, 35.79278839878217], [17.669630440319196, 34.245379569588565], [23.1032908306563, 18.883546707331934], [48.01764229258686, 50.632052555775594], [77.52936851457548, 93.27015008957066], [90.11268788872184, 79.16597161486644], [11.676046809635455, 26.792953202398262], [50.72829956363015, 70.61927409626603], [36.02626709672548, 38.703123892039706], [30.63380935667127, 33.62084077082943], [6.561415652785629, 91.89711138004122], [53.41503201530928, 62.826276390723045], [79.95282815653674, 42.6377391078381], [94.77302671328451, 98.1806135970359], [77.11700715449443, 20.317528206409673], [25.27602819715742, 20.938427652667237], [79.95978572716078, 92.71522999249254], [25.24958554228325, 83.49164939175849], [89.01955807466815, 74.58205805445269], [22.48681467013607, 8.569418652225401], [61.18624023805091, 16.232514872700676], [60.99590621663078, 26.894302304616], [35.29826278498865, 80.03320326742134], [43.7098357166086, 11.244121461335233], [68.04565649361055, 51.18684222071196], [69.74895870680325, 10.008487662687838], [35.44587781725368, 84.12817097189354], [9.748686525451566, 66.61417104617668], [63.16751649553686, 25.391136444148255], [46.656714391068355, 65.70814732320893], [28.008214496604623, 98.449070008046], [75.5596291707366, 13.303289114894422], [67.38931464300406, 49.4914071572698], [94.10054723739809, 64.33675651680998], [47.28912334581676, 48.83156341863397], [85.65321871361161, 66.8825205009859], [39.66496424525927, 23.866279406485358], [3.9252027055159178, 69.75424318825185], [93.83843785768924, 75.23803299147185], [79.41728120513616, 96.04614806053794], [89.09504945082418, 26.364037483791027], [51.67100027090371, 98.3362354342131], [38.21477244748789, 59.81173754540784], [87.05359345493969, 31.32911904671527], [74.48220343241225, 3.3124620109448166], [90.31639756384124, 73.95649704470081], [6.036675455210894, 91.22943580622554], [19.262243284527546, 80.68829514597783], [47.38607373053909, 1.2857406607533983], [77.56498556842328, 54.96616630913568], [22.562609704979874, 15.3349041166012], [15.22162921507264, 86.36667157838637], [84.29382035795221, 62.90810510993008], [20.569584262642636, 81.1858700661149], [7.370223554692079, 31.518909192508325], [80.03351132872841, 19.51302930923958], [26.191864188970104, 64.80852615934305], [36.12827269922791, 52.23284032833949], [39.80417433601781, 3.217802888060328], [58.41778070843158, 19.26569087320319], [42.257111400754496, 97.70345745301876], [56.78438645241229, 80.20070751806502], [80.74499526016128, 39.51924092454189], [63.05015182778061, 79.92572411872028], [87.36794811409383, 79.64375693819723], [58.64327264200847, 88.35823302776097], [75.81670049624843, 16.53703197184343]]","[[0.0, 30.452577786546314, 12.016904787094292, 87.8120267114458, 5.478218389174364, 90.10227290719197, 104.37706171301524, 93.83986308766943, 5.536023634724249, 21.15742980356154, 62.91129121198737, 46.12931027580488, 82.94385787891305, 34.07827897488578, 61.25160284639102, 28.144818525218582, 70.11345443292326, 78.64754040838953, 45.145233447353284, 39.506490240286645, 91.0876856575334, 77.97432096766397, 39.25800507774425, 40.530915321737446, 56.819993521822056, 48.12695052944414, 75.03435649255064, 85.02078873061589, 46.493808651472484, 45.456391818995705, 45.91896361673369, 46.68477006273555, 19.085907139062705, 49.12212466650275, 80.51028543026204, 92.96353770427817, 88.95857528207672, 55.6139230125959, 77.23129403300732, 22.586268991471304, 83.7107203925402, 66.53280023369929, 79.53589081324186, 72.18789055227599, 30.820025207446413, 72.58575918866146, 66.35515695062502, 89.99681823607736, 32.161052350611776, 7.645519786243662, 74.8198640739372, 41.94270159066068, 34.20089770773671, 92.07937408609162, 66.31321885741272, 89.18119386246785, 48.35063806201087, 80.54793012795659, 59.82169140330491, 3.399312061848038, 88.5438803687866, 77.63643216190908, 95.80284592285423, 52.889308315943985, 35.37866849168031, 91.66984931598175, 98.07197641659666, 84.996850584206, 18.391960663017468, 15.988081566067907, 83.00964094508504, 74.4193440427247, 60.04329827256888, 16.750444704270276, 79.59061182312277, 17.372722851032336, 41.382757916348325, 91.79357889715764, 22.361528802510776, 37.0654934535383, 77.70136045574186, 75.43251369021938, 44.5139117878754, 51.979856691330774, 82.45563915756458, 58.155327277240026, 82.32192818277629, 55.525866932617205, 90.22260741472734], [30.452577786546314, 0.0, 38.12965302168656, 76.37729014888387, 34.32579580194484, 68.86985043991487, 90.06931550244936, 74.38166931875406, 26.353770292765322, 50.189486720838886, 32.763270241689135, 18.7401384362223, 66.53889223500964, 40.21102320035361, 74.7250073103505, 35.440525945104845, 43.94861010201959, 81.67108243202854, 55.33243056643734, 53.75863044620551, 100.86446559864382, 52.93511563743199, 12.441163538307292, 12.862883111665775, 28.1384351138517, 41.02730292863493, 86.2509060332803, 90.10590517516857, 16.176746956258864, 51.31448416091844, 28.476041838358906, 24.4951476990592, 49.41318046799325, 49.934976830434564, 72.14852839841298, 103.26623513554742, 72.77551748447272, 27.75138617869863, 87.90908823416659, 44.54979388414231, 87.32229311833575, 36.970628592469886, 59.494331764791596, 55.43335848527065, 46.52617028040601, 47.60358112327599, 60.86438907996259, 69.9485144081635, 49.96989220940499, 24.192854654095008, 57.946264248898764, 45.25635874275381, 59.485625361589854, 73.77797383103312, 59.99370008514157, 89.01619125845241, 39.98918621893779, 81.57795024665594, 36.90925285509673, 27.529361639353777, 92.05247013319988, 89.41832263215818, 82.87653354804898, 71.0071071195751, 34.99285676231863, 80.03254654191987, 77.34050977897873, 88.30494238552829, 48.76192163687862, 39.870544718443334, 57.14268021775698, 70.86572446716568, 30.914766034789643, 44.489747241740446, 79.16523806399671, 40.737931901105085, 10.989240189628322, 75.79855435365839, 28.9099858928832, 29.949566656688695, 50.665970415581285, 55.69132874086318, 65.07270202640545, 61.80948041999756, 73.00142538009614, 66.7293543416782, 87.80685551153945, 68.46608569245369, 72.79918902480074], [12.016904787094292, 38.12965302168656, 0.0, 83.06981527944608, 6.689405497776876, 89.45896521063011, 100.32768297763096, 92.2571583028158, 17.324629891845134, 12.519774123152738, 70.8425538746699, 50.722769647890175, 80.35330452930374, 26.88235915256292, 49.91694987840302, 21.83074470604877, 72.73086678083232, 69.39583804258095, 35.182906306590375, 28.70423025814469, 80.03866064072707, 79.67476466664671, 44.26485040035529, 45.76876737851805, 61.58576575926751, 44.12400518229182, 63.90406623724855, 75.0851676485674, 53.250920059391795, 36.89311366778588, 46.27202110546962, 48.874496379563205, 14.654735316433827, 42.025101531594636, 74.87385043037365, 81.80161221938118, 86.07681609962654, 59.88243646430275, 66.17355882074789, 10.81838877640453, 74.1816749702534, 71.75697627035834, 78.66801380398284, 70.18808241410339, 20.2669962621842, 74.43993259080949, 60.30865530332688, 88.79270979808973, 20.839969636909927, 14.332962209194248, 72.74917879918037, 34.67917245265075, 22.6064854024453, 90.02137092403032, 60.56682238569964, 80.59352480157014, 44.812593390045905, 71.81835055116488, 61.244197287186694, 15.068495935145798, 78.94697729293543, 66.37018075566614, 91.4088937080062, 40.99935228380076, 30.700702103383843, 86.89080348903302, 96.9838560192265, 75.5221578032369, 14.436136701369431, 4.2967591981956605, 85.04707590182885, 67.33522955674438, 65.04063681128324, 6.431431190464631, 71.32523747783004, 5.676930517878176, 49.02150913701086, 88.74934431405379, 18.800438720611982, 34.82316727870254, 80.62060818882101, 74.58891065898209, 32.509138871000175, 41.75372270384738, 77.14884995061053, 48.018663522235116, 72.33705688015252, 44.41719317377903, 87.83240361521433], [87.8120267114458, 76.37729014888387, 83.06981527944608, 0.0, 86.37738607002865, 30.982624537022957, 17.904448998828613, 25.480021877137116, 88.65477642312011, 91.8281512788824, 82.83159608420428, 62.27073964723418, 16.160597668151155, 56.53632646632682, 62.80973753133963, 61.23997388414671, 50.062737582447006, 38.946321064965204, 56.106416905059596, 63.677627772673326, 63.43248924338973, 44.874296547056936, 65.36816073326904, 65.9344983680794, 62.122989342288186, 39.689660127985036, 60.53974425936679, 46.58956557613394, 72.1873359718884, 49.926740069834516, 47.903287929492016, 52.96244790044145, 96.94655519415699, 42.4056655838072, 10.269696775143544, 66.09814471991656, 14.271252538300118, 59.55832537524699, 59.79088179554164, 77.13524230849939, 41.90010575016491, 65.82191498484715, 28.006813965162653, 23.41656497009487, 67.3886448418762, 45.44780892738318, 23.900117606800894, 26.867651758134144, 70.2045263309801, 81.12062926498128, 21.808878296482604, 49.313643784956724, 85.8410847107997, 21.304208808829863, 23.09499040595407, 33.01845441275667, 39.59178072789683, 33.91032364134255, 44.874671377328774, 87.72271697074488, 43.42900358684673, 63.14952059313123, 8.647078109911687, 72.68622667148315, 52.68953661809776, 3.8581185402338174, 31.087401402111386, 41.47030322178536, 96.96183298711365, 80.05810514652558, 48.15545447084907, 22.7446763765636, 63.54524419387196, 86.7117691044345, 29.881486174843825, 79.31251315198662, 76.2378646948885, 13.98246681472332, 65.60837905520414, 51.2002449077401, 52.976581341699706, 28.69463096826268, 76.75081295626644, 54.252390046567655, 7.082280650195528, 51.193402299527406, 46.761538077359106, 60.689106881628696, 18.238658793978516], [5.478218389174364, 34.32579580194484, 6.689405497776876, 86.37738607002865, 0.0, 90.56293068836816, 103.29720359754484, 93.88128863336718, 10.972841987825982, 16.169043966437663, 67.03985066291743, 48.75626984889346, 82.49826714187701, 31.22522479103361, 56.445263169791104, 25.589711352662217, 71.978293942793, 75.00072294315703, 41.062859320052326, 34.9722832283706, 86.46953512277163, 79.456384708109, 42.017654031849716, 43.40422472229076, 59.57970645142443, 46.87741583458791, 70.36041014351447, 81.0234368778883, 50.072132817557566, 42.06109237645212, 46.638121766701396, 48.24023219945322, 15.31302252399616, 46.443275880324926, 78.63720974628716, 88.27751843674484, 88.39312884451492, 58.14988762823928, 72.60186685771501, 17.459068230969947, 79.92653472882813, 69.52684410164802, 79.86812507154805, 71.98120291043008, 26.373395049910897, 74.11994754233407, 64.24810179222735, 90.20263510085998, 27.323135735325398, 10.204976806001413, 74.58950350409366, 39.137559943307245, 28.72809282853158, 91.89967932781562, 64.34771943686978, 85.88585139049556, 47.31622366324621, 77.1693452538265, 61.11252823848162, 8.756032532201237, 84.7290334649205, 72.88063791370381, 94.54727069347379, 47.687246981126485, 33.688061758393296, 90.22556785939823, 98.3470308460047, 81.24237150189677, 14.755982832421257, 10.858491043379784, 84.65461854429623, 71.8394856259492, 62.91708275651739, 11.34481061768691, 76.44289512693292, 12.257315544011826, 45.31503117048922, 91.15911111626798, 20.859389128869122, 36.50735033817863, 79.72217156397639, 75.76339982341028, 39.176150231736024, 47.78175436188538, 80.74311146408019, 54.01686100354324, 78.29580592682414, 50.85047373981928, 89.88641539697065], [90.10227290719197, 68.86985043991487, 89.45896521063011, 30.982624537022957, 90.56293068836816, 0.0, 30.441362434375616, 7.8877508317323555, 89.01777735042614, 100.65173800501974, 62.84107518660526, 50.72497899306135, 16.201415415397847, 66.88406903095141, 85.57222255272426, 69.3156983384033, 28.535378551065527, 67.21633375054627, 73.03020521814277, 79.08723654348503, 92.62789190219397, 19.757845538064593, 56.434477626523176, 56.19625881574821, 45.29966444281946, 47.518195765975165, 86.94378052359129, 75.8441039009338, 58.5860818461824, 65.63164991688382, 44.199831147512164, 44.92453345219359, 104.11369352142884, 57.42205378123388, 37.99282853272078, 95.38131886934924, 16.846490234170993, 43.81716375127574, 86.72811379829967, 87.06421484055576, 71.14698650315677, 44.35487735500325, 10.821469952979365, 20.737779747165188, 79.55268718198803, 23.492228925598877, 44.21475264365285, 4.2109901183445215, 83.27269363804567, 82.53197581730177, 18.759597509097453, 62.08224495235866, 99.35164695795571, 10.787080189358408, 42.506046537743394, 63.508395270380156, 46.17337992290471, 62.78643349167448, 31.966837958520543, 88.85035480193666, 73.4046337471394, 89.94433618190757, 29.5270691822356, 92.59355391974236, 60.06749015141651, 31.65578352568386, 8.50454604961936, 70.97179201867066, 103.87605087224973, 87.70788545793775, 20.247381017610838, 49.16682982240337, 45.03103670808766, 94.67047196538981, 58.58734945887983, 87.42791297756483, 64.30560697847224, 18.210231376080394, 70.66249162890922, 54.66778681724136, 27.271404859715293, 14.872775598126847, 93.97916541462445, 73.8951948489111, 35.38764159374751, 73.03349087383745, 75.50602427508511, 81.778132159457, 13.123143940733042], [104.37706171301524, 90.06931550244936, 100.32768297763096, 17.904448998828613, 103.29720359754484, 30.441362434375616, 0.0, 22.619752992364024, 104.80383833416613, 109.44990390937167, 91.1781508718237, 74.108375297019, 23.742234154269198, 74.0695358472186, 79.88584119835548, 78.52446235507172, 56.74215093356226, 54.02471048571408, 74.00222943567876, 81.5819092354482, 76.65398615223673, 49.21158096656995, 78.29539413244233, 78.58079038906442, 71.66303742355883, 56.41983820718217, 76.20077556819479, 60.30132413260116, 83.45060720700404, 67.81808399458502, 61.942200858782954, 65.7679815856642, 114.40097092376433, 60.22259845123007, 27.858154972223087, 79.13614430085727, 17.694994652995597, 69.51592456487667, 75.14392383056752, 94.79446914467714, 55.834102685942064, 73.03443473637836, 33.69743708417081, 34.67057938498627, 85.18248033606982, 51.64874065717663, 41.79852583007907, 26.599035852702684, 88.06124339849333, 97.42096888890211, 32.22970161380341, 67.02250652037625, 103.73867261283563, 20.046234122049377, 40.945170511713584, 45.2971773778427, 56.04764747958907, 48.6983016837217, 55.31175511649137, 104.0363321269633, 56.20122073844375, 78.51653447069506, 9.259450739487606, 90.24619576987833, 69.71390223483415, 14.505037165905216, 25.669718591424445, 55.09202332252089, 114.3835152866966, 97.47205133507866, 50.59885226725182, 39.8277324128127, 72.29876732573129, 104.20944909554687, 45.09643176447705, 96.78162873026565, 88.28170353152936, 14.740085445360332, 82.44259345118549, 67.37854496598422, 57.19529597137774, 36.34904005109936, 94.57502445491333, 71.99096898060762, 24.815498648897066, 68.64715244294693, 61.04921769956294, 78.16175467918904, 19.114622360419897], [93.83986308766943, 74.38166931875406, 92.2571583028158, 25.480021877137116, 93.88128863336718, 7.8877508317323555, 22.619752992364024, 0.0, 93.16337477076111, 102.9815321493613, 70.32002527025203, 56.71304597466183, 13.625535741917309, 68.37665374288876, 83.93027139191646, 71.41408561276295, 35.82702002778719, 63.424837586290955, 72.93912078413915, 79.4966963349936, 88.4971685320399, 27.400633731803154, 62.02505346992426, 61.94065319281032, 52.146636595750486, 49.02357111102454, 84.04315835862928, 71.63287643689897, 65.08187411179888, 65.72742516238712, 48.319129091414034, 50.04058700549208, 106.86912918714113, 57.49031220487754, 33.816757315557275, 91.2076301866709, 11.3702293176325, 50.44723836905557, 83.61619829021433, 88.9838154878254, 66.9208109864917, 51.877403860068846, 14.891989040558094, 22.104372086020902, 80.81345646104643, 30.711857612533326, 42.37304558073339, 4.666443203641563, 84.35331515653358, 86.37680987425883, 19.611340866385202, 62.85538333110146, 100.49044433429991, 4.192023928451817, 40.80429440056513, 58.482613309640406, 47.92265024584141, 58.692592469010926, 37.63316636635832, 92.82923941889149, 68.76774969534485, 86.90666165807833, 22.55605327531876, 91.89428033588717, 62.12240357399387, 25.436389652159846, 5.975604233679032, 66.60930746220237, 106.68913089152223, 90.18788369647397, 28.13484761139586, 45.79171401280844, 52.14856026874105, 97.1522802249681, 54.53384035733749, 89.79312390940167, 70.58184877555988, 11.694994122877809, 73.50346773208769, 57.49756963476205, 35.08399293283356, 18.80715128814183, 94.06408934667807, 73.05927870503216, 30.899482869256257, 71.53847424521891, 71.5494739006293, 80.6181338775342, 7.395267567040771], [5.536023634724249, 26.353770292765322, 17.324629891845134, 88.65477642312011, 10.972841987825982, 89.01777735042614, 104.80383833416613, 93.16337477076111, 0.0, 26.609737620807746, 58.33328795011287, 43.138110290590475, 82.80165533058916, 36.799790196559314, 65.73778208971589, 30.726781080487317, 67.71333881152427, 81.81817610263663, 48.92958782796236, 43.79038317003105, 95.30201258296722, 75.91799440125607, 36.214925696877245, 37.350754873881975, 53.60330661802273, 49.057626625698106, 79.33911228535688, 88.55112975277086, 42.526367523846446, 48.549815493263786, 44.892053109116304, 44.79056058739838, 24.03128554864075, 51.46657234214112, 81.83111208839115, 97.25461118984171, 88.91285255845625, 52.630959388763465, 81.48091448098548, 27.598607737921746, 87.01372778986608, 63.0306481626275, 78.62457220671536, 71.85900639698725, 35.0965278695254, 70.50321482048041, 67.98791018508588, 89.16867102919093, 36.806975018810455, 7.690565346692486, 74.50002480567323, 44.49393129733596, 39.69499680741105, 91.63198281209836, 67.80236715686966, 91.94828722123285, 49.06311560258208, 83.428638891571, 58.06535650230286, 2.256428499884874, 91.86804102476628, 82.03124791847902, 96.43463008290567, 57.86629561516606, 36.95703089841004, 92.50839047546317, 97.1467360648279, 88.26459682158455, 23.283432149787764, 21.080796974278922, 80.77042381975427, 76.49280097778338, 56.69269170043639, 22.283204342042506, 82.23212876738387, 22.433118957798683, 37.09642550477236, 91.80722826662802, 24.20305921126687, 37.490092421635325, 75.11086003391381, 74.54312812515806, 49.6861345338078, 55.84044686121039, 83.60387812574484, 61.923329574711, 85.88998660370402, 59.88151413268485, 89.9400993310167], [21.15742980356154, 50.189486720838886, 12.519774123152738, 91.8281512788824, 16.169043966437663, 100.65173800501974, 109.44990390937167, 102.9815321493613, 26.609737620807746, 0.0, 82.95274109815702, 63.24246644671112, 90.61554311764823, 35.40623743535318, 49.84004547208245, 31.58935137608397, 85.02137167676698, 73.3544549444538, 39.34022119734251, 31.652725556769298, 80.06985883255645, 91.73743767576516, 56.77302459022976, 58.268026604892384, 74.10510317190798, 54.15487445061451, 64.03141642195246, 77.73694680319723, 65.5968700310759, 43.109970648511315, 58.195896166840974, 61.19000438730008, 6.958647078245409, 49.652380922438915, 82.99478138296053, 81.47653245797736, 96.11093537219111, 72.38945360934628, 66.45635271396937, 14.7198830834732, 77.5806338525022, 84.27498545595259, 89.83104364536234, 80.88122601596532, 25.040589718229754, 86.56131057850011, 68.33988095936797, 99.72933970444329, 23.436396795369436, 26.02260990922924, 83.37768904930093, 42.539760177758545, 15.728501683576138, 100.50624912393583, 68.85983361921326, 85.33048034429675, 55.104562636971394, 76.51654053895693, 73.32367564865555, 24.555583349210593, 82.13936036928543, 66.01567224739114, 100.34935087894299, 38.63102412091169, 40.86901483342817, 95.57608437408669, 107.92837557891653, 78.98694736986904, 7.553430235481002, 13.018572364355581, 97.17654880146613, 74.17807726206595, 77.56020714471153, 6.23867211832152, 76.67344715839019, 13.224052694204632, 61.15385471630656, 98.65820482025083, 30.33637417110636, 46.069280838896105, 92.94506528985346, 85.79410101442873, 29.244263287295343, 44.95680898107721, 85.52138622119698, 51.083311257402684, 74.95093694163947, 45.31633674118717, 98.14585239313347], [62.91129121198737, 32.763270241689135, 70.8425538746699, 82.83159608420428, 67.03985066291743, 62.84107518660526, 91.1781508718237, 70.32002527025203, 58.33328795011287, 82.95274109815702, 0.0, 26.240882336351934, 68.41522722280176, 67.63310894120055, 101.63292811135486, 64.37533132756674, 34.556893432594755, 101.17114397377237, 82.2859397585334, 82.72179878866166, 123.91165944962881, 43.11575562989302, 29.5040891063664, 27.853568849813808, 21.049289976774535, 59.9049917457255, 111.09492910432837, 110.446962321316, 18.48936649532965, 76.55044594142488, 43.00625481446757, 35.598738987586394, 81.98281811120066, 72.34114314975331, 82.64796924695783, 126.55496837887357, 73.8059838601464, 23.907049387873375, 112.30778004630608, 76.53546742641454, 106.76157608106584, 18.49624701745624, 57.487842567540504, 59.41978453280375, 76.73437426898624, 39.688453492217405, 76.13571973966349, 65.70659343108458, 80.5489586278534, 56.947781764820384, 61.1074194681219, 70.17561485545933, 91.68377587117854, 71.59567098725981, 74.67341202472028, 105.20486971636427, 58.153439717424305, 99.50526411678635, 38.24326294427527, 59.801355436516765, 111.02011367769231, 114.42641356014062, 86.62145904625496, 100.39960404037771, 60.44539076027512, 85.71930045251787, 70.75213267521801, 107.42277184086356, 81.30089654647573, 72.35416773974312, 44.201769883199674, 86.20763979897481, 19.28635399022192, 77.22709517886679, 96.14850580096652, 73.12502721234213, 21.82115517692596, 76.5901092128799, 59.15849670662922, 53.07625300190604, 36.39049637540499, 55.16710450282297, 95.71053945665197, 87.84337412190598, 82.2037243874622, 91.53194999551889, 108.62757520840943, 95.54389928252708, 72.07566355311792], [46.12931027580488, 18.7401384362223, 50.722769647890175, 62.27073964723418, 48.75626984889346, 50.72497899306135, 74.108375297019, 56.71304597466183, 43.138110290590475, 63.24246644671112, 26.240882336351934, 0.0, 50.366668120316056, 42.07796372106972, 75.57059681621719, 39.57182418534487, 25.231099231210383, 75.54700768891864, 56.36215008131505, 57.439964711958616, 97.78552563338702, 34.202205623588625, 6.923506235902933, 5.953300339244447, 10.86693990170575, 33.899934359606064, 84.85405793880433, 84.70041224803467, 10.141623312739608, 50.400939945633915, 17.204218630790866, 10.04908913721273, 64.02546516456489, 46.11591633079339, 59.96707187494453, 100.40907098422244, 56.47219254292703, 9.499822625406473, 86.07287976611926, 54.009168219285684, 81.19074799532534, 21.076502260803746, 41.96257990456379, 39.67351012730845, 52.2908939048551, 28.89010514140245, 51.37611137136224, 52.15966520388583, 56.28603802124865, 38.791647967037875, 41.964953307371275, 44.04019845201342, 69.14532474173147, 56.54838598633329, 50.084582693759735, 80.5504770851317, 32.22654046285786, 74.26308577892013, 19.134086591438113, 43.78117451237773, 85.5927887841064, 88.18587297301542, 67.75721260895273, 75.08302852489054, 34.55164780271189, 65.65982538684354, 59.22866733821113, 81.93349641854317, 63.5012396478378, 51.11498831971901, 38.434346028145264, 61.605169011243724, 14.329743069062962, 57.08504777500696, 71.14631596070417, 51.57411297290036, 14.173779039994296, 59.482194535094884, 35.51242027567049, 26.9786706749482, 32.17344716389222, 38.422818434285645, 71.20311452114804, 61.720809564658296, 60.14935090394874, 65.30080200058212, 82.77776775465979, 69.54278113933618, 55.95141595670374], [82.94385787891305, 66.53889223500964, 80.35330452930374, 16.160597668151155, 82.49826714187701, 16.201415415397847, 23.742234154269198, 13.625535741917309, 82.80165533058916, 90.61554311764823, 68.41522722280176, 50.366668120316056, 0.0, 55.58414434390647, 70.37944338243827, 59.045508312622445, 34.64824386032493, 51.01989013507193, 59.41581623142223, 66.10667992523145, 76.42804291389027, 28.80616245956896, 54.629355520268284, 54.87453714613311, 48.322663059816804, 36.46068238613246, 70.98408684555059, 59.653616491578106, 59.759780086701085, 52.270369501347, 38.778827480737235, 42.12957332990906, 94.85103144691853, 44.052725128019205, 21.867453306281675, 79.1830053427545, 6.247949792049279, 46.03838605307697, 70.68825018884623, 76.36658799416344, 54.960510892234225, 50.76525329310565, 11.91860848080549, 11.165034405241897, 67.80956264922986, 29.80788400467721, 28.80845592641213, 12.6464213815188, 71.2389984114403, 75.68013709196555, 8.597399769871457, 49.681515558764964, 87.3608714259497, 10.196769030054236, 27.210656088720064, 47.5994878310646, 35.580526326555905, 46.59188563811903, 31.647763395795565, 82.24740816995478, 57.30158885521925, 73.9334936486948, 18.21073517535316, 78.27259867326768, 49.81262229973539, 18.04161521757975, 19.512305929343327, 54.805493062274834, 94.72475110689224, 78.00777307138286, 31.997523489971574, 33.0077454676956, 49.25615624313508, 84.93722827539037, 42.392013819048394, 77.51767217533279, 64.54024029936154, 9.263561190387652, 61.792409697023515, 46.004995500185274, 36.94941626165536, 13.283309987845987, 80.55449736862282, 59.435732997714396, 19.417829544031527, 57.95271326804731, 59.30477157198322, 67.00064103548657, 7.537861615185525], [34.07827897488578, 40.21102320035361, 26.88235915256292, 56.53632646632682, 31.22522479103361, 66.88406903095141, 74.0695358472186, 68.37665374288876, 36.799790196559314, 35.40623743535318, 67.63310894120055, 42.07796372106972, 55.58414434390647, 0.0, 34.628606938389844, 6.091228363066881, 56.70822804318022, 45.12726779822735, 15.143499018246201, 15.459363338595022, 61.18173716895112, 61.37524863597826, 38.17100102616176, 39.8046040342056, 51.474551193018996, 19.404328667551937, 46.142126371534836, 52.32197468995917, 49.32086811466858, 12.022822329984784, 29.28280767131393, 35.226332640289876, 40.417698277480284, 15.227760154467672, 48.05330615189412, 63.466646971723925, 60.892663073691324, 48.86907656884834, 47.897816002090984, 20.86242416387612, 50.44013733163461, 61.52832622246413, 56.153122094085774, 46.456249332228026, 12.760897896410922, 56.77993106283264, 33.44776580100176, 65.47453010384551, 16.687197173406204, 29.309824087753785, 48.822299419914486, 7.913564777683793, 32.542419874116824, 65.63126783406008, 33.76999882525523, 55.17807111120507, 20.715775841772395, 46.629633634119344, 43.969392921647845, 35.16066399996679, 55.303457354066715, 49.26416747542783, 65.00542543236412, 33.01930231204196, 8.061054485757404, 60.31875246844376, 73.61581606879218, 51.64767969958938, 40.4506302096072, 23.583865565958448, 67.06757246118521, 40.622692921805566, 55.019411544463466, 30.175465772300416, 45.52753874350958, 22.787175833451986, 48.1780444728613, 63.369250255846836, 13.192307091106812, 15.866492047608704, 64.61793012828396, 52.29113561457038, 30.045783252916998, 21.635843473675987, 50.41263943275051, 26.8903588255431, 49.75723603470102, 28.38864856623101, 63.11979258364507], [61.25160284639102, 74.7250073103505, 49.91694987840302, 62.80973753133963, 56.445263169791104, 85.57222255272426, 79.88584119835548, 83.93027139191646, 65.73778208971589, 49.84004547208245, 101.63292811135486, 75.57059681621719, 70.37944338243827, 34.628606938389844, 0.0, 39.365344009663026, 85.05168362353017, 29.08835242171429, 19.515613041211758, 22.073673515454143, 30.32991946905093, 87.04624894896212, 72.42383489416177, 74.0184939717782, 83.88927371291446, 44.57675258693955, 14.206500113955881, 29.90166204491581, 83.58141346941356, 25.249554836036914, 60.32761542438066, 67.34748086790738, 56.78593490015258, 31.282465376066185, 52.547173345924115, 31.93960958077668, 73.47596523430897, 81.04923129306748, 16.61705337246017, 39.14324436013352, 31.304257646013788, 93.33907397782298, 76.28914073924099, 65.63884656397624, 30.688384081413318, 83.58580010907588, 41.57099078393127, 82.73092691509265, 29.124866623357175, 59.51554936901945, 67.10022389421414, 31.556325250375355, 35.834787970576045, 80.12446199749748, 43.189565392144026, 41.6967483902466, 46.51800114883501, 33.963084806238044, 72.5953032944319, 63.620659626772486, 35.03662595918611, 16.46149169957773, 70.96404759727717, 13.054880114759259, 41.22417802907547, 65.59668103518517, 89.87151132249714, 32.7265888956498, 57.32145523599156, 45.63474119590141, 92.59095956456669, 40.1291941513395, 87.2709830632498, 48.51077173988838, 36.2496894796916, 44.243421292316114, 82.76896964502599, 74.86210315878215, 46.33169236328835, 48.59463721006218, 92.32476031098932, 73.3909709801688, 21.72177538511472, 13.931480592461744, 55.75667617339942, 12.568844609056496, 27.24322507994649, 6.259388576714654, 76.97133768801704], [28.144818525218582, 35.440525945104845, 21.83074470604877, 61.23997388414671, 25.589711352662217, 69.3156983384033, 78.52446235507172, 71.41408561276295, 30.726781080487317, 31.58935137608397, 64.37533132756674, 39.57182418534487, 59.045508312622445, 6.091228363066881, 39.365344009663026, 0.0, 56.627057456134125, 51.21557731452864, 20.22873678422338, 18.504100691311674, 66.8041004974015, 62.11138647983801, 34.91044336821895, 36.57249349918193, 49.57622188036147, 22.59474773868681, 51.50392468237532, 58.34408324565815, 45.90685972010329, 18.05222096111922, 28.93213650727998, 33.93001921207159, 35.9597717646138, 20.983046927333564, 53.15765042799798, 69.02759638874066, 64.60644065141948, 47.16206094378352, 53.35650774919479, 17.775856667357537, 56.51601469341309, 59.824679017240086, 58.50276520821536, 49.32480950776887, 12.778794306999895, 57.247175560680176, 38.687356576696736, 68.23467714857682, 16.84220636273017, 23.21977817425384, 51.804430057450084, 13.817070253778532, 31.369653133346016, 68.91701388794918, 38.848038142923635, 61.22821650040719, 23.51559975938182, 52.703879338363926, 44.118855834397394, 29.11704579239146, 61.37914988787218, 54.54789124592042, 69.58302409620224, 36.09719236011904, 9.293146916001012, 65.0629552296986, 76.42703456954693, 57.7291651631992, 35.90134628776303, 19.02917626605674, 67.74129610758156, 46.331915098752944, 53.161832793970994, 25.911671742323488, 51.543599055216106, 18.477633003827243, 44.12539655531275, 67.20585727451277, 7.266330824075365, 15.56606608756539, 64.61799520154483, 54.51859260870835, 31.631356254333202, 27.01822524079144, 55.36642170737074, 32.57249884595493, 55.760109615734876, 33.10986820485543, 66.57065210975597], [70.11345443292326, 43.94861010201959, 72.73086678083232, 50.062737582447006, 71.978293942793, 28.535378551065527, 56.74215093356226, 35.82702002778719, 67.71333881152427, 85.02137167676698, 34.556893432594755, 25.231099231210383, 34.64824386032493, 56.70822804318022, 85.05168362353017, 56.627057456134125, 0.0, 75.91797804834337, 67.96695586231561, 71.6490276074909, 100.83553329664227, 9.434281813214621, 31.944567104224802, 31.173446501369227, 17.312125251538397, 40.61907652582866, 90.91188327027594, 85.35391160861316, 31.133334497203908, 60.72229595231968, 27.696332026381032, 23.858079639206522, 86.8868861496357, 53.787976111257684, 52.007978686853285, 103.61684544263905, 39.61885854388207, 16.531449866111586, 91.48413183045366, 73.58434935704014, 81.06196325565118, 16.29420920352359, 23.176674615154152, 27.407642997488388, 68.98655486640972, 5.131813211530898, 49.73161039378627, 31.18952771646657, 73.07066867995141, 62.532309157966175, 28.427196191054776, 55.1778321192677, 87.96187807919381, 37.04433343206501, 47.97929814524185, 76.90329724200274, 38.6996767371608, 72.97174397842171, 12.787717302865179, 68.10532267000872, 84.64086861452594, 94.23046332627945, 52.76425303889664, 88.18864890971338, 48.688381171835594, 52.51632092505563, 36.742915745477404, 81.3913243703421, 86.46267913839459, 72.1958705763588, 13.20465245706917, 58.66811079070691, 16.560905202206495, 78.78411644982135, 69.07478514426275, 72.33891329485145, 37.28184951213816, 42.29427949748592, 55.09448412274143, 41.18113025342903, 8.001213073712385, 21.443793083214928, 86.6568112573163, 71.43467578518477, 50.8348812472647, 73.02324998467607, 84.11408596342672, 79.7970786925153, 37.628563323607295], [78.64754040838953, 81.67108243202854, 69.39583804258095, 38.946321064965204, 75.00072294315703, 67.21633375054627, 54.02471048571408, 63.424837586290955, 81.81817610263663, 73.3544549444538, 101.17114397377237, 75.54700768891864, 51.01989013507193, 45.12726779822735, 29.08835242171429, 51.21557731452864, 75.91797804834337, 0.0, 34.352339970226026, 41.73040487701262, 25.55455504890976, 74.74770615257462, 74.99444768826207, 76.28575736565828, 80.77036346282844, 41.81194303181844, 22.24349671428771, 9.454477532837853, 85.253413613417, 33.268954461771, 58.359699902371034, 65.69675917472209, 79.92946995971306, 31.895933004547256, 29.61524477307708, 28.341210038024755, 52.114284503177025, 77.78233442004277, 21.120001947751973, 59.83773738547666, 5.681356705360653, 88.32288252025631, 60.22277627490109, 50.60082964594766, 49.33303562412594, 72.86702036338652, 26.189595350299864, 63.581512018794456, 50.02129926459578, 74.41441784587792, 51.02137596413266, 37.83606083468141, 61.905618478787595, 59.275660147212385, 27.939358299764688, 12.690483574515454, 43.37355569366786, 5.367743636652625, 65.40453607785732, 80.07516033884443, 10.39308229326601, 24.493538413223348, 45.902371010815465, 41.68783135130864, 47.34490822295649, 40.76705096080713, 69.31917348537655, 6.64778121448493, 80.27504156375822, 65.29063845933064, 79.59854148517344, 18.17870010530103, 83.54275048511484, 70.23714885494799, 9.077032642935302, 64.06482780839872, 86.62844060492743, 52.61373675754291, 58.220864557947046, 51.7561757373061, 81.72343507053832, 58.579998188998346, 49.006619458683225, 28.401023435848916, 32.61985716220566, 22.377705975452667, 8.38409997872415, 30.160951513623278, 56.0385287178174], [45.145233447353284, 55.33243056643734, 35.182906306590375, 56.106416905059596, 41.062859320052326, 73.03020521814277, 74.00222943567876, 72.93912078413915, 48.92958782796236, 39.34022119734251, 82.2859397585334, 56.36215008131505, 59.41581623142223, 15.143499018246201, 19.515613041211758, 20.22873678422338, 67.96695586231561, 34.352339970226026, 0.0, 7.950037280255921, 46.773128033559146, 71.18229430005337, 52.97319474079707, 54.57993549595872, 65.10456693548954, 27.548618107090974, 31.28858881566837, 39.9608133446927, 64.13712665941551, 7.4985844159571675, 41.85445875266186, 48.575929431443534, 45.73647660800732, 15.612260957390836, 46.30968013564955, 48.9196468167679, 63.75567903463844, 62.3425588681939, 33.18672231675491, 25.493951800562787, 39.01202398050426, 74.8344739612261, 62.83809744090597, 52.335213647706034, 14.99349240173215, 67.1636779869304, 32.30819235690118, 70.84841539029145, 15.908024896639139, 42.01694570175982, 54.285517794369106, 12.87610481206336, 30.086409333045413, 69.59181725222429, 33.390156000593606, 46.038746714599384, 29.40627785283643, 37.21678366172698, 55.23785436496663, 46.98750560495733, 43.76572073968133, 34.31919852931579, 64.74358135138867, 20.295340776312617, 21.844409111940557, 59.56419553988757, 78.63815941940653, 40.363122296661935, 46.04215966605179, 31.012407845262025, 76.86131437472825, 35.856921609628486, 68.56389489822668, 35.90979200882009, 37.35493243211344, 29.757371499629738, 63.25338061217162, 65.7579719315528, 27.410673685672126, 29.42796636134795, 75.59252188448859, 59.40693187561067, 21.14180650905477, 6.94458320134267, 49.22691154426407, 13.013139800585428, 37.23391807075604, 13.310105638451322, 66.68994838877747], [39.506490240286645, 53.75863044620551, 28.70423025814469, 63.677627772673326, 34.9722832283706, 79.08723654348503, 81.5819092354482, 79.4966963349936, 43.79038317003105, 31.652725556769298, 82.72179878866166, 57.439964711958616, 66.10667992523145, 15.459363338595022, 22.073673515454143, 18.504100691311674, 71.6490276074909, 41.73040487701262, 7.950037280255921, 0.0, 51.58179937628976, 75.69266917629267, 53.218265624078946, 54.87148457179341, 66.93276195475481, 32.26685093328016, 35.55681452133897, 46.626753966235114, 64.29612125444373, 13.931884150546768, 44.544359760562756, 50.66638918965587, 38.20034361364395, 22.067290347697735, 54.01255401110473, 53.481528032941775, 70.71963748336854, 64.32705732809332, 37.72958134994293, 18.384531039980946, 46.10913612132336, 76.98269381679546, 68.65170226129067, 58.35197749935406, 8.700313925024062, 71.35271014096406, 39.79410740647095, 77.15038351702414, 8.30879338351492, 37.44581753908166, 60.45568202429085, 17.160819297756397, 22.243736380403178, 76.30344752630667, 40.75917075165086, 53.68881256910767, 33.96480074133118, 44.88178147242258, 58.86298993183494, 41.713282799391735, 50.76232313671996, 38.24762563064951, 72.32425565288526, 17.682567510959565, 23.415615249510193, 67.19758486061421, 85.08202014845354, 47.496575854445524, 38.55453759058549, 24.424755630685645, 81.39854950538017, 43.77480108992718, 70.47870882283394, 28.639897797224954, 45.195436424375266, 23.08589350117583, 62.62936368218644, 72.8427113171338, 24.897667759353574, 31.27265488456138, 79.47025623023423, 65.0386538529792, 15.16735833610058, 13.388215741381867, 56.872738226864506, 19.620489549096877, 43.85515817565945, 16.097326841086353, 73.49156543398257], [91.0876856575334, 100.86446559864382, 80.03866064072707, 63.43248924338973, 86.46953512277163, 92.62789190219397, 76.65398615223673, 88.4971685320399, 95.30201258296722, 80.06985883255645, 123.91165944962881, 97.78552563338702, 76.42804291389027, 61.18173716895112, 30.32991946905093, 66.8041004974015, 100.83553329664227, 25.55455504890976, 46.773128033559146, 51.58179937628976, 0.0, 100.13113964830197, 96.15517212858322, 97.60245903999628, 104.18908866937717, 64.0247152067688, 16.157775152474333, 16.866812212908634, 106.96985495333455, 49.581334285629325, 80.93895083366031, 88.34678733709397, 87.02639637635234, 51.83744031187188, 54.75404963127562, 2.796440735547535, 77.13166427571596, 101.20638038087921, 13.86781146799318, 69.33673165658173, 21.577426603606217, 112.39783513424638, 85.77705296396492, 76.08836162998485, 60.27539465013383, 98.03245082103298, 51.26937710632805, 88.91204846605956, 59.198959881152945, 88.65915911036981, 76.56393442826295, 55.61993797750577, 65.55515673094416, 84.31665338272951, 53.0676226765948, 31.356979488467484, 65.81382490170348, 29.856559457591644, 89.76158939376432, 93.25846118623562, 20.452765757389407, 14.092471613716338, 69.46418405471331, 41.91793460569411, 65.91012031774235, 64.68152459684435, 94.31399704187147, 21.964297126581265, 87.58209228608608, 75.74305750320876, 105.06558195101246, 43.730596952216295, 107.18901563200065, 78.83658214251292, 34.04961942245024, 74.36342324098214, 107.41004469132935, 77.3571290993901, 74.05830604999502, 71.97548434840165, 106.93247107492572, 84.09226701613917, 51.28770460864973, 39.853195728671444, 57.600015858902765, 34.29230438292999, 17.178076941282768, 35.6241619712768, 81.10346569617462], [77.97432096766397, 52.93511563743199, 79.67476466664671, 44.874296547056936, 79.456384708109, 19.757845538064593, 49.21158096656995, 27.400633731803154, 75.91799440125607, 91.73743767576516, 43.11575562989302, 34.202205623588625, 28.80616245956896, 61.37524863597826, 87.04624894896212, 62.11138647983801, 9.434281813214621, 74.74770615257462, 71.18229430005337, 75.69266917629267, 100.13113964830197, 0.0, 40.71731109247676, 40.08500326630552, 26.746091730401997, 43.66019278212438, 91.51071377209904, 84.04977400847528, 40.5484277894164, 63.742704534378646, 33.583460829016325, 31.293476158310735, 94.07595190636101, 56.20474387671218, 48.513097512680545, 102.92738987820606, 32.886270200451236, 25.86740869