instance_id,num_cities,city_coordinates,distance_matrix,best_route,total_distance
1671,29,"[[17.911150030628153, 73.4092312923535], [9.739113729189352, 2.377318616691404], [8.681722789780133, 0.5674014503415981], [11.145758217347069, 81.48172067303071], [28.710434531814457, 95.87034757740415], [7.3194234252943025, 34.98962532773243], [57.625711231016695, 57.36163242423253], [54.591236183733635, 28.371719740582215], [70.29247733968084, 67.48201361973841], [17.579767608700834, 19.170138435805463], [99.12290010233342, 91.89983064113638], [25.211095632026336, 49.93791859900517], [27.368590737273035, 64.1253743735879], [2.2500765588573834, 71.91072854569475], [84.58177561663739, 53.87692544367933], [20.538130406989552, 9.305647775813297], [91.03154142031768, 84.79110771129088], [91.25188915200093, 36.75841491794427], [96.73064296881162, 99.97263198206188], [95.82648657905203, 34.53796832913073], [31.145844939777966, 94.82363556426212], [24.5085099158277, 50.899926501108304], [91.97506744034229, 69.56945975622517], [35.806662603514816, 94.04161500766988], [18.975397063782275, 47.44721686452383], [51.002677127912264, 0.3623602505591572], [97.700319710735, 68.60369604211535], [76.55786750938655, 14.83666293882463], [52.99195723927823, 49.43974633145708]]","[[0.0, 71.50045311517206, 73.4242092359647, 10.532597551808246, 24.922405391697854, 39.85286432565272, 42.83423631596021, 58.08447440560318, 52.715608314774, 54.240105164083175, 83.29015916653258, 24.580311741967527, 13.25266705262814, 15.732600953750335, 69.47289606599095, 64.15738808243235, 74.00093747917892, 81.98869651226273, 83.17527711546475, 87.07338717317808, 25.17407117768229, 23.456213668024386, 74.16338522156751, 27.311986892615433, 25.98381832792119, 80.19285837670847, 79.93375236583208, 82.8865684810399, 42.487636362842245], [71.50045311517206, 0.0, 2.0961573766758117, 79.11690763298982, 95.39841443779235, 32.701948721471865, 72.91365431240006, 51.840348942374725, 88.91192921078796, 18.53306911268418, 126.50589482536674, 50.0139270071785, 64.21542532238924, 69.93554728529287, 90.8495104099808, 12.830452296959196, 115.76049167503761, 88.46689968573409, 130.7377961812609, 91.89854816109718, 94.8924109625901, 50.72059285559234, 106.19574338784919, 95.29879504573233, 46.006571899097715, 41.31273074462243, 110.10498092558122, 67.97044297101564, 63.919328642561496], [73.4242092359647, 2.0961573766758117, 0.0, 80.95182842814326, 97.38480802745, 34.44917061735586, 74.97398666505318, 53.67274481200496, 90.958509211557, 20.62127602622754, 128.534894777925, 52.064077155793996, 66.24813171553706, 71.63264894078883, 92.75086720627453, 14.728589560105243, 117.79272186690099, 90.1533240035941, 132.79311805119238, 93.53186232484778, 96.89620453510148, 52.762204926626055, 108.1622175878707, 97.33031881207285, 47.99663345826509, 42.32145103826041, 112.04127801642596, 69.35980713225534, 65.96895460099533], [10.532597551808246, 79.11690763298982, 80.95182842814326, 0.0, 22.705735800129244, 46.64928474839865, 52.36568236242844, 68.61619163705066, 60.780968900752534, 62.64287475646782, 88.59184222917234, 34.537590620569844, 23.757589352368, 13.066638529886584, 78.45300103325106, 72.78462855722499, 79.95430195130858, 91.74511589715746, 87.55961568531424, 96.82221666536188, 24.04184189844071, 33.37378114222412, 81.7023817866813, 27.67509983434583, 34.92349773371614, 90.3821034297953, 87.50734616994814, 93.38258811164627, 52.70476726339976], [24.922405391697854, 95.39841443779235, 97.38480802745, 22.705735800129244, 0.0, 64.52935531834284, 48.15614570685176, 72.29025282843998, 50.34842389754808, 77.50363751797896, 70.52432426092935, 46.06553380338967, 31.77332007329358, 35.69613267850852, 69.89316316434557, 86.94960498155338, 63.298261586074524, 86.05611035101089, 68.14380010792793, 90.91878346448297, 2.6508168351798322, 45.16630317236279, 68.51387069224029, 7.328077214194397, 49.39200889355163, 98.07507187449856, 74.18271053923218, 94.1054455844507, 52.396498709868204], [39.85286432565272, 32.701948721471865, 34.44917061735586, 46.64928474839865, 64.52935531834284, 0.0, 55.05660082422473, 47.732807960870915, 70.86156092143837, 18.855525139486662, 108.01226689041137, 23.314446295743878, 35.36751309276331, 37.26749442186423, 79.5374199468966, 28.885998635245496, 97.40588455946899, 83.9511013601324, 110.5312504864379, 88.5082155630066, 64.40347151490353, 23.42226243996432, 91.44584743280856, 65.5641691868095, 17.060284533344195, 55.74292906523759, 96.4293117436349, 72.11174683943457, 47.90392825240733], [42.83423631596021, 72.91365431240006, 74.97398666505318, 52.36568236242844, 48.15614570685176, 55.05660082422473, 0.0, 29.148294567920317, 16.21323777639592, 55.33776119133987, 53.989849233831656, 33.25385438395346, 31.00389565410115, 57.25501823679737, 27.180371408463948, 60.7030996894545, 43.224132208290285, 39.43618152388883, 57.83504966311462, 44.499650334773456, 45.87575610347439, 33.74170514937996, 36.45420853842367, 42.678941005261116, 39.901659377982206, 57.38276404164739, 41.62160784005388, 46.548894413116756, 9.177578946697288], [58.08447440560318, 51.840348942374725, 53.67274481200496, 68.61619163705066, 72.29025282843998, 47.732807960870915, 29.148294567920317, 0.0, 42.14432418667042, 38.138142385137975, 77.58150530862514, 36.44576233307679, 44.93769291719315, 68.08261362938737, 39.36937862646365, 39.02728677743136, 67.16429992730335, 37.607713730798814, 83.08080547280672, 41.693746495372444, 70.46661257091613, 37.58311481975345, 55.630968190560004, 68.30369937990854, 40.40250718388356, 28.238306874500502, 58.96613434561489, 25.80175680886789, 21.1286402207049], [52.715608314774, 88.91192921078796, 90.958509211557, 60.780968900752534, 50.34842389754808, 70.86156092143837, 16.21323777639592, 42.14432418667042, 0.0, 71.50291638087548, 37.78125282152178, 48.374851387552226, 43.05493082197627, 68.18637561796046, 19.730242510576897, 76.5505361281345, 27.01321005010285, 37.19188702805101, 41.88814729012854, 41.68087988449744, 47.74958762974175, 48.69432499047794, 21.782840605532492, 43.52796622750685, 55.08934387942712, 69.83655389986481, 27.430785531829397, 53.016865828668465, 24.996627865498606], [54.240105164083175, 18.53306911268418, 20.62127602622754, 62.64287475646782, 77.50363751797896, 18.855525139486662, 55.33776119133987, 38.138142385137975, 71.50291638087548, 0.0, 109.26523044938078, 31.700054630403695, 46.00863284715332, 54.92330354979571, 75.45747240337114, 10.298547782448326, 98.49504903662479, 75.74251753343653, 113.11014116145644, 79.74157777003975, 76.86019829481423, 32.47748328654183, 89.85962511939799, 77.05814496341847, 28.3114984774699, 38.351315505401125, 94.14339852985513, 59.13708885106028, 46.586181820240085], [83.29015916653258, 126.50589482536674, 128.534894777925, 88.59184222917234, 70.52432426092935, 108.01226689041137, 53.989849233831656, 77.58150530862514, 37.78125282152178, 109.26523044938078, 0.0, 84.99268734596208, 76.94219475304013, 98.91363982721207, 40.7085448151038, 114.0059869974409, 10.770516562094068, 55.700345971440356, 8.4197990286547, 57.456501721023415, 68.03990493674723, 85.1369447560553, 23.44647042992862, 63.35245197527504, 91.64964328837974, 103.41501024809604, 23.339529177476248, 80.29889483819424, 62.69707049790713], [24.580311741967527, 50.0139270071785, 52.064077155793996, 34.537590620569844, 46.06553380338967, 23.314446295743878, 33.25385438395346, 36.44576233307679, 48.374851387552226, 31.700054630403695, 84.99268734596208, 0.0, 14.350563977938439, 31.780698133171477, 59.50120517063066, 40.900098242468964, 74.478694101509, 67.3430451199455, 87.28412338210944, 72.2751126385555, 45.27636068447875, 1.191253915970569, 69.59041126354427, 45.35859429430063, 6.714724995422329, 55.883286066757925, 74.85384996838144, 62.19798333665672, 27.785327913296907], [13.25266705262814, 64.21542532238924, 66.24813171553706, 23.757589352368, 31.77332007329358, 35.36751309276331, 31.00389565410115, 44.93769291719315, 43.05493082197627, 46.00863284715332, 76.94219475304013, 14.350563977938439, 0.0, 26.297366676464197, 58.12382669361395, 55.24362056000976, 66.933129495466, 69.49839052950807, 78.07765472796287, 74.57813419175517, 30.929773510990927, 13.531168971410953, 64.83544476316696, 31.083476486650564, 18.67101062979387, 68.00214709532165, 70.47416168613367, 69.63448875566583, 29.533448526846655], [15.732600953750335, 69.93554728529287, 71.63264894078883, 13.066638529886584, 35.69613267850852, 37.26749442186423, 57.25501823679737, 68.08261362938737, 68.18637561796046, 54.92330354979571, 98.91363982721207, 31.780698133171477, 26.297366676464197, 0.0, 84.28360886947777, 65.22153825045498, 89.71093952465458, 95.69225568586403, 98.5598693871789, 100.76342450746886, 36.8777268600618, 30.60868599047478, 89.75553202018855, 40.19727108356153, 29.634435202433792, 86.57935705433584, 95.50751479193819, 93.69683431602617, 55.49489613161423], [69.47289606599095, 90.8495104099808, 92.75086720627453, 78.45300103325106, 69.89316316434557, 79.5374199468966, 27.180371408463948, 39.36937862646365, 19.730242510576897, 75.45747240337114, 40.7085448151038, 59.50120517063066, 58.12382669361395, 84.28360886947777, 0.0, 78.02683695168773, 31.57983762145448, 18.372093435271385, 47.66979273306534, 22.37048919685482, 67.32036658397786, 60.146984751225446, 17.34694201122752, 63.183968989092556, 65.9206952271697, 63.17724703660497, 19.72242306127071, 39.856306875594605, 31.899924507567096], [64.15738808243235, 12.830452296959196, 14.728589560105243, 72.78462855722499, 86.94960498155338, 28.885998635245496, 60.7030996894545, 39.02728677743136, 76.5505361281345, 10.298547782448326, 114.0059869974409, 40.900098242468964, 55.24362056000976, 65.22153825045498, 78.02683695168773, 0.0, 103.28298823119228, 75.85571896441124, 118.4305745808047, 79.40407153034852, 86.17337084618666, 41.783345200231764, 93.46102399994147, 86.10059359931614, 38.17356975776369, 31.75013383705097, 97.31527108496249, 56.29212266165788, 51.61392005006313], [74.00093747917892, 115.76049167503761, 117.79272186690099, 79.95430195130858, 63.298261586074524, 97.40588455946899, 43.224132208290285, 67.16429992730335, 27.01321005010285, 98.49504903662479, 10.770516562094068, 74.478694101509, 66.933129495466, 89.71093952465458, 31.57983762145448, 103.28298823119228, 0.0, 48.03319820814422, 16.2159932672672, 50.48137792134923, 60.72024586643215, 74.65872945857569, 15.25086252703169, 55.994277614510956, 81.15820428709054, 93.43726972856079, 17.507281354742133, 71.43606638039358, 51.93003674246718], [81.98869651226273, 88.46689968573409, 90.1533240035941, 91.74511589715746, 86.05611035101089, 83.9511013601324, 39.43618152388883, 37.607713730798814, 37.19188702805101, 75.74251753343653, 55.700345971440356, 67.3430451199455, 69.49839052950807, 95.69225568586403, 18.372093435271385, 75.85571896441124, 48.03319820814422, 0.0, 63.45119370362229, 5.085009800713886, 83.57216282678867, 68.2250761943173, 32.81901354727786, 79.72162918262828, 73.06258820786145, 54.26483081989043, 32.49160178489669, 26.390859816755793, 40.30680533589239], [83.17527711546475, 130.7377961812609, 132.79311805119238, 87.55961568531424, 68.14380010792793, 110.5312504864379, 57.83504966311462, 83.08080547280672, 41.88814729012854, 113.11014116145644, 8.4197990286547, 87.28412338210944, 78.07765472796287, 98.5598693871789, 47.66979273306534, 118.4305745808047, 16.2159932672672, 63.45119370362229, 0.0, 65.4409100345447, 65.7866087940369, 87.31647568439374, 30.77285134661501, 61.211995114532876, 93.83388246801513, 109.6049866309479, 31.383919688087033, 87.4932802829305, 66.8329646321633], [87.07338717317808, 91.89854816109718, 93.53186232484778, 96.82221666536188, 90.91878346448297, 88.5082155630066, 44.499650334773456, 41.693746495372444, 41.68087988449744, 79.74157777003975, 57.456501721023415, 72.2751126385555, 74.57813419175517, 100.76342450746886, 22.37048919685482, 79.40407153034852, 50.48137792134923, 5.085009800713886, 65.4409100345447, 0.0, 88.4191555990736, 73.17081023576105, 35.2425711461098, 84.51664473994987, 77.92777847104686, 56.36617852269403, 34.11722519814003, 27.557596319961945, 45.35261724962034], [25.17407117768229, 94.8924109625901, 96.89620453510148, 24.04184189844071, 2.6508168351798322, 64.40347151490353, 45.87575610347439, 70.46661257091613, 47.74958762974175, 76.86019829481423, 68.03990493674723, 45.27636068447875, 30.929773510990927, 36.8777268600618, 67.32036658397786, 86.17337084618666, 60.72024586643215, 83.57216282678867, 65.7866087940369, 88.4191555990736, 0.0, 44.42236412084275, 65.86325003950533, 4.725968413514237, 48.91466907089569, 96.52578058963789, 71.53309262560224, 91.97916929199309, 50.368144938025004], [23.456213668024386, 50.72059285559234, 52.762204926626055, 33.37378114222412, 45.16630317236279, 23.42226243996432, 33.74170514937996, 37.58311481975345, 48.69432499047794, 32.47748328654183, 85.1369447560553, 1.191253915970569, 13.531168971410953, 30.60868599047478, 60.146984751225446, 41.783345200231764, 74.65872945857569, 68.2250761943173, 87.31647568439374, 73.17081023576105, 44.42236412084275, 0.0, 70.00205608532188, 44.59656423258947, 6.5220044210375665, 57.06125216633912, 75.30248652610999, 63.322149400228824, 28.52085022497793], [74.16338522156751, 106.19574338784919, 108.1622175878707, 81.7023817866813, 68.51387069224029, 91.44584743280856, 36.45420853842367, 55.630968190560004, 21.782840605532492, 89.85962511939799, 23.44647042992862, 69.59041126354427, 64.83544476316696, 89.75553202018855, 17.34694201122752, 93.46102399994147, 15.25086252703169, 32.81901354727786, 30.77285134661501, 35.2425711461098, 65.86325003950533, 70.00205608532188, 0.0, 61.268067413331686, 76.27808011247951, 80.42611136876671, 5.80613581576664, 56.862721542025334, 43.87354833509131], [27.311986892615433, 95.29879504573233, 97.33031881207285, 27.67509983434583, 7.328077214194397, 65.5641691868095, 42.678941005261116, 68.30369937990854, 43.52796622750685, 77.05814496341847, 63.35245197527504, 45.35859429430063, 31.083476486650564, 40.19727108356153, 63.183968989092556, 86.10059359931614, 55.994277614510956, 79.72162918262828, 61.211995114532876, 84.51664473994987, 4.725968413514237, 44.59656423258947, 61.268067413331686, 0.0, 49.541189307393495, 94.90374928986392, 66.9172063927079, 89.07348165143438, 47.798128008616935], [25.98381832792119, 46.006571899097715, 47.99663345826509, 34.92349773371614, 49.39200889355163, 17.060284533344195, 39.901659377982206, 40.40250718388356, 55.08934387942712, 28.3114984774699, 91.64964328837974, 6.714724995422329, 18.67101062979387, 29.634435202433792, 65.9206952271697, 38.17356975776369, 81.15820428709054, 73.06258820786145, 93.83388246801513, 77.92777847104686, 48.91466907089569, 6.5220044210375665, 76.27808011247951, 49.541189307393495, 0.0, 56.944976869464355, 81.51815783591135, 66.17544204582109, 34.074866688656826], [80.19285837670847, 41.31273074462243, 42.32145103826041, 90.3821034297953, 98.07507187449856, 55.74292906523759, 57.38276404164739, 28.238306874500502, 69.83655389986481, 38.351315505401125, 103.41501024809604, 55.883286066757925, 68.00214709532165, 86.57935705433584, 63.17724703660497, 31.75013383705097, 93.43726972856079, 54.26483081989043, 109.6049866309479, 56.36617852269403, 96.52578058963789, 57.06125216633912, 80.42611136876671, 94.90374928986392, 56.944976869464355, 0.0, 82.6894777671802, 29.36959641780808, 49.11768581575266], [79.93375236583208, 110.10498092558122, 112.04127801642596, 87.50734616994814, 74.18271053923218, 96.4293117436349, 41.62160784005388, 58.96613434561489, 27.430785531829397, 94.14339852985513, 23.339529177476248, 74.85384996838144, 70.47416168613367, 95.50751479193819, 19.72242306127071, 97.31527108496249, 17.507281354742133, 32.49160178489669, 31.383919688087033, 34.11722519814003, 71.53309262560224, 75.30248652610999, 5.80613581576664, 66.9172063927079, 81.51815783591135, 82.6894777671802, 0.0, 57.774537071418095, 48.64251888411828], [82.8865684810399, 67.97044297101564, 69.35980713225534, 93.38258811164627, 94.1054455844507, 72.11174683943457, 46.548894413116756, 25.80175680886789, 53.016865828668465, 59.13708885106028, 80.29889483819424, 62.19798333665672, 69.63448875566583, 93.69683431602617, 39.856306875594605, 56.29212266165788, 71.43606638039358, 26.390859816755793, 87.4932802829305, 27.557596319961945, 91.97916929199309, 63.322149400228824, 56.862721542025334, 89.07348165143438, 66.17544204582109, 29.36959641780808, 57.774537071418095, 0.0, 41.86556469386592], [42.487636362842245, 63.919328642561496, 65.96895460099533, 52.70476726339976, 52.396498709868204, 47.90392825240733, 9.177578946697288, 21.1286402207049, 24.996627865498606, 46.586181820240085, 62.69707049790713, 27.785327913296907, 29.533448526846655, 55.49489613161423, 31.899924507567096, 51.61392005006313, 51.93003674246718, 40.30680533589239, 66.8329646321633, 45.35261724962034, 50.368144938025004, 28.52085022497793, 43.87354833509131, 47.798128008616935, 34.074866688656826, 49.11768581575266, 48.64251888411828, 41.86556469386592, 0.0]]",Route_1,1676.7313515582741
