instance_id,num_cities,city_coordinates,distance_matrix,best_route,total_distance
1169,72,"[[25.08806774364295, 11.705064293533752], [56.53512577619557, 70.97680673385823], [49.48629360798247, 31.330399774391637], [55.81251220039418, 29.642096613411283], [93.53559695732649, 91.21518310935217], [71.2236499778351, 68.54213837965428], [47.542737211825944, 34.438895014349136], [93.81691034621691, 36.930689840668485], [25.816838668948783, 78.89291278664037], [7.568278078766855, 24.059711210118774], [32.08653074164404, 49.139886821603106], [57.10648155859085, 3.770503033051442], [39.42475296393456, 26.526059126548606], [15.007542443021936, 79.46926868016314], [12.187554365371344, 34.49426475590324], [29.475186815694833, 18.767146130715375], [11.510341227876886, 48.40456482013714], [2.9270145727066876, 63.64654365289536], [15.680924255208218, 6.285123292177008], [4.712966386939177, 32.688821227047086], [68.34175597883954, 98.57061493854606], [4.1842016352444, 60.93033558294195], [99.56933126827869, 60.86451346027959], [90.49817374775522, 61.538440793974225], [22.48034524372251, 47.455494264008145], [22.595594174517984, 5.5571895118432195], [9.271643033866395, 35.62614954921671], [84.05440592347844, 55.144547112950114], [17.787713416789476, 7.631229916504423], [74.51742610875132, 79.65841883660502], [69.39038399110609, 72.22719716838174], [55.6308333469629, 95.34095908229993], [85.03663895351654, 54.86470754395992], [30.207668287479304, 56.858089513972075], [20.140596333845828, 38.050467917695066], [28.916919253853322, 22.067247100170096], [27.92684033492553, 91.90061819155034], [65.69167046931538, 79.156894121068], [12.598383617196207, 58.006146858273986], [17.097707738116842, 45.637315467134876], [34.74909022910823, 93.08390573194791], [57.81390201956535, 98.20568521101063], [36.324494800940364, 20.76983397638855], [7.858642161353346, 90.74143805850197], [52.39904721569908, 86.56806780260143], [98.45566592314671, 76.46394277397587], [54.201139115260766, 89.86197859876998], [52.112117094987255, 95.37474142678258], [40.105405508060684, 25.552496285358995], [2.918792175392171, 8.099029607232778], [66.36784567873087, 84.1126050979511], [32.83500672858918, 7.091920240950921], [2.1142308272349974, 46.59888705222571], [21.91703087323026, 91.39958325279035], [69.83620311108587, 30.00939676641342], [11.252559112302274, 54.17212983112128], [11.131250726966059, 56.546195631761584], [50.54075432307074, 68.9627549185522], [56.40755904813864, 53.58486664245763], [87.70911554757694, 80.62732782158564], [66.45068170451475, 34.80889005608114], [24.09418903960524, 33.99222700177001], [32.02668897247328, 9.776239053679692], [79.31604602473237, 65.14251436457278], [71.34194049078121, 92.57513589231499], [94.3572945237485, 72.42765604843953], [20.522156450800022, 54.57530501403001], [45.731856192933705, 83.26526092285219], [60.569818506145424, 19.13506830769707], [18.003536244470276, 77.92576143750067], [81.56514608761599, 13.551670773948299], [84.91582610663797, 88.46040951745121]]","[[0.0, 67.09736888146132, 31.311774431730075, 35.577079919806835, 104.91388492265276, 73.20481499709605, 31.95370463918134, 73.21192518800227, 67.19180078100467, 21.437824757539722, 38.083387743771425, 32.98690779114637, 20.620437215199413, 68.5098853194876, 26.187227862777423, 8.313832667753902, 39.130652898196054, 56.47149330134676, 10.856800130341716, 29.248295853617194, 97.0386800961801, 53.479892967298355, 89.24186270245653, 82.23045288032807, 35.84541058085937, 6.633912030177439, 28.677126955287605, 73.23945457167943, 8.360101663800158, 84.02927979009849, 75.00415850211901, 89.03832561215934, 73.86870782414799, 45.44233704692122, 26.805927804698946, 11.04694240074556, 80.24578178841988, 78.72993014976498, 47.95604712906713, 34.86034312404664, 81.95029706671733, 92.48425621782431, 14.43701293263842, 80.89253045746196, 79.68913912272959, 97.85967915680999, 83.40308254737923, 87.92561694367572, 20.4272319783869, 22.460638133852, 83.34789758424346, 9.01643841471565, 41.77769799039576, 79.75758162695774, 48.3471220047348, 44.6640006544606, 46.96296201187911, 62.6600541798434, 52.29558662408627, 93.12182363921369, 47.377764811589145, 22.309312326060986, 7.2017241937658945, 76.13300663016727, 93.16323966297256, 92.11655078294368, 43.11270213483963, 74.47837097551066, 36.25133924178289, 66.59858344436282, 56.50725912451229, 97.31774602395839], [67.09736888146132, 0.0, 40.26814646505693, 41.34102600470036, 42.173768457915294, 14.888933918085344, 37.62820810130673, 50.48831088707782, 31.721883579670017, 67.81567684397814, 32.780861343438524, 67.20873235343122, 47.630177625359565, 42.38705094015291, 57.425455672649235, 58.805518081566056, 50.3660334812467, 54.106952821626884, 76.51195781337802, 64.43218169467238, 30.013576394343318, 53.3061988984191, 44.206349290409634, 35.25012594493279, 41.38816518546372, 73.69951236484698, 59.021231470721574, 31.748562558460417, 74.25647491547876, 19.968312746769428, 12.9159258286339, 24.380928293558576, 32.74043362116822, 29.87428984520422, 49.0785651905884, 56.16858868684564, 35.443474460134844, 12.27827921084584, 45.81130132570437, 46.87643074260802, 31.037963383094112, 27.25889014255974, 54.12217399446596, 52.53608958140197, 16.130547652584717, 42.27813084958819, 19.028852043690815, 24.795608947437564, 48.30428229267876, 82.63368614056995, 16.408277768974386, 68.13937455746395, 59.63150824060992, 40.193311576093826, 43.07258220387337, 48.30018643313213, 47.64193957288054, 6.323677239769225, 17.39240792452197, 32.63357466675789, 37.50248586664958, 49.196275410915476, 65.92551068393905, 23.516149659765656, 26.18643894135118, 37.849985634105465, 39.572000433354496, 16.36205182865628, 51.99850563690868, 39.15317820196257, 62.64302161297984, 33.333774426860714], [31.311774431730075, 40.26814646505693, 0.0, 6.547626229585184, 74.34062416093704, 43.09554677662608, 3.666081575999007, 44.68295904725504, 53.12660106906215, 42.54389425177495, 24.89838502171582, 28.59397091688965, 11.149721484967452, 59.21262518603884, 37.43268612736112, 23.62794398943093, 41.637724135516876, 56.67538812801218, 42.072186431751575, 44.79392971470186, 69.83391007627017, 54.115023209610825, 58.14270833469665, 50.93623518517904, 31.453774326019058, 37.24739028789075, 40.443436883209664, 41.9769937289382, 39.57841126283978, 54.42568346606873, 45.48319306144446, 64.30479819978565, 42.63438396857047, 31.989503554894785, 30.105302927489575, 22.55892636599188, 64.29277863442702, 50.49740390070059, 45.52266892408228, 35.40774394520105, 63.487641801221756, 67.39178632508512, 16.874788822708492, 72.54331695585795, 55.31441134798396, 66.59606691567073, 58.72116728941888, 64.09814854325423, 11.017496551931828, 52.04064516815542, 55.41613482674318, 29.406959122508393, 49.77186992525458, 66.09365364011379, 20.392740515477204, 44.53721012221884, 45.901477918746394, 37.647125270010896, 23.30590506448842, 62.379253217044585, 17.317342698277194, 25.53124161884448, 27.738414489703185, 45.089613241900146, 65.027586475431, 60.84727764195737, 37.13821294650356, 52.070390845598574, 16.47940028492387, 56.2342577058301, 36.6760955021291, 67.22417560904238], [35.577079919806835, 41.34102600470036, 6.547626229585184, 0.0, 72.20994463517692, 41.841563271592946, 9.560253828261503, 38.69700078376403, 57.66613672107971, 48.566131746035566, 30.70970561864142, 25.903932347951894, 16.68137711376675, 64.403358864812, 43.89396862657254, 28.49419689025498, 48.111459820780254, 62.874305386137, 46.43374369713307, 51.1902931541979, 70.05799446286021, 60.36916720997577, 53.754055927894285, 47.12188333527228, 37.79352444382138, 41.02982321713003, 46.9239959116269, 38.052326374972324, 43.93590303251578, 53.3994971236003, 44.6973085503138, 65.69911366914876, 38.603493192150296, 37.36734271216123, 36.649505993680286, 27.941926653226126, 68.21828350584758, 50.49072132903869, 51.69120094850055, 41.88893780857763, 66.84707091094783, 68.59279293474744, 21.412609987148326, 77.6704781544764, 57.02822054942839, 63.33027583475284, 60.241436815119386, 65.836718615807, 16.23077421097198, 57.112602410641344, 55.48379366448567, 32.19435062454124, 56.3119717681493, 70.44778783193411, 14.028500139395227, 50.86562639813755, 52.155974450162944, 39.6724791343668, 23.950163202258363, 60.14056124146587, 11.826512794463849, 32.015241034981486, 30.990606370535026, 42.57576496950808, 64.82075729198411, 57.587362680740135, 43.209652741969556, 54.562472232277436, 11.533846153986113, 61.32561415657114, 30.366098791654863, 65.62466619498277], [104.91388492265276, 42.173768457915294, 74.34062416093704, 72.20994463517692, 0.0, 31.810217467513745, 73.0677085819452, 54.285222175657836, 68.83072402659809, 109.0882089007638, 74.47360805333119, 94.72936462565863, 84.33662430604944, 79.40164892229518, 99.17039181328855, 96.7080876120089, 92.52508641328836, 94.70979401957614, 115.21486502228309, 106.3710239521179, 26.245609168834445, 94.34428353483271, 30.944613390415743, 29.831777925684985, 83.44914118147021, 111.21949407354703, 100.94827677065553, 37.29589474198543, 112.80079384567699, 22.254204611296245, 30.7170135149664, 38.12863925891529, 37.33080980879873, 72.04745956614265, 90.6273306344766, 94.64148436322878, 65.61233700143099, 30.342817528943183, 87.4852707145105, 88.9949039389315, 58.81620097853185, 36.39926659782806, 90.75052299801686, 85.67826455691333, 41.39820533935769, 15.550118007927136, 39.357727782186636, 41.631798055113215, 84.65443756384542, 122.96219045655891, 28.080835527876868, 103.73661364119813, 101.72747936988019, 71.61880347614695, 65.63390549507697, 90.23683346161665, 89.40030744004436, 48.412054836901156, 52.86333243737785, 12.085138195852075, 62.57205870245509, 89.98097487405676, 102.05707898226409, 29.698142773574823, 22.235284098183126, 18.80548749581325, 81.6911449389721, 48.460281611239864, 79.26086990887832, 76.69224813436409, 78.58061365435867, 9.049266658741717], [73.20481499709605, 14.888933918085344, 43.09554677662608, 41.841563271592946, 31.810217467513745, 0.0, 41.5188732682447, 38.85536118486662, 46.57163347001181, 77.65753471815673, 43.682507570304786, 66.29222571049034, 52.692701269757556, 57.268254059033225, 68.15070273638331, 64.96525247994123, 63.017466711482456, 68.47187200149934, 83.43218988077281, 75.55879421069204, 30.166450196689695, 67.47019472252117, 29.367049089447292, 20.50753633250168, 53.10890995362714, 79.57255553952817, 70.15349944992792, 18.550572764373875, 81.02800803402681, 11.593992082030184, 4.1158865939764375, 31.005043485480776, 19.438898598107354, 42.64771684298294, 59.49134674181953, 62.847235293140606, 49.19585657732877, 11.969788499909168, 59.564494232675685, 58.7728554350662, 43.962391354856386, 32.553760933575575, 59.162015686242974, 67.1411432864684, 26.06338045444779, 28.36084761264372, 27.281888919850925, 32.942970045473025, 53.07027855849496, 91.20813010629439, 16.310066499459413, 72.45562255485837, 72.50943451821996, 54.34708339602997, 38.557712393771965, 61.66870263988781, 61.27804737535755, 20.687172134892304, 21.053183328356198, 20.44070397267455, 34.06924226627255, 58.43699568379427, 70.63874769307873, 8.77748923233504, 24.033288624094062, 23.457680139585655, 52.590054954668894, 29.438102652751923, 50.542681944297875, 54.041029667133785, 55.95442850465735, 24.170502937691502], [31.95370463918134, 37.62820810130673, 3.666081575999007, 9.560253828261503, 73.0677085819452, 41.5188732682447, 0.0, 46.34121427766069, 49.479029533677966, 41.299937523228884, 21.33104494781822, 32.12499762877505, 11.336429774681122, 55.55423882231532, 35.35522620369607, 23.917359603192267, 38.644190940792214, 53.325879698356495, 42.51834882808447, 42.86551092863963, 67.42015041592698, 50.811012888398245, 58.35306161089428, 50.789318852040566, 28.24102241755916, 38.16428773680158, 38.2895053886677, 41.97411084153854, 40.05012295912945, 52.65395688642476, 43.649461044515256, 61.43678626708921, 42.69668002679312, 28.339458297994547, 27.639116909424793, 22.360204979291805, 60.71765015856998, 48.26057627601763, 42.14882213800869, 32.43924228912238, 60.024284128889676, 64.58870147706013, 17.683104717466442, 68.88253590870205, 52.35488900228117, 66.01689896657476, 55.821613286552044, 61.10692768022556, 11.588010409143989, 51.81780562972218, 53.12120275615449, 31.051157228425648, 47.0278066541067, 62.45956155744962, 22.729255960764103, 41.308323408594255, 42.597289686384734, 34.653787805727056, 21.098656255171836, 61.210369005580155, 18.911564220590193, 23.452802043645367, 29.137507649081158, 44.184334261407, 62.818982641665755, 60.28887742541327, 33.69846869426521, 48.85993550850854, 20.097561019089994, 52.57063767061277, 39.92243031405059, 65.68920613577538], [73.21192518800227, 50.48831088707782, 44.68295904725504, 38.69700078376403, 54.285222175657836, 38.85536118486662, 46.34121427766069, 0.0, 79.9051806998836, 87.20371929518772, 62.92618101429587, 49.469723780181184, 55.37836332897696, 89.5569492501003, 81.66570837898415, 66.8563512837899, 83.10247365197117, 94.73494602645758, 83.9308231312688, 89.2048556886526, 66.69680544159266, 92.7901151342139, 24.6154069541665, 24.83053401741269, 72.10878607196194, 77.82526839087612, 84.55533129429998, 20.665214475998905, 81.47942769547019, 46.88420754350423, 42.924335979863905, 69.78492695040121, 19.968028363147003, 66.65760971582054, 73.68482306005285, 66.58025813924836, 85.80905749974163, 50.73540623729431, 83.9084261116462, 77.21166607852825, 81.49963820974756, 71.0692737137815, 59.72060873347481, 101.41213188324166, 64.64757286421583, 39.80447387909246, 66.11452684408302, 71.79830740294771, 54.903451991303484, 95.36106395596421, 54.585568408373554, 67.89068227713335, 92.21092922361572, 90.20228942643918, 24.959539605465437, 84.34535759377398, 84.98050584758259, 53.841237664948494, 40.94900694141779, 44.121438418728204, 27.44836068685696, 69.78461456693036, 67.49367122152448, 31.720373721595255, 60.0119042057269, 35.50107920915878, 75.38868212938696, 66.77623012939644, 37.7101214737755, 86.18737487544672, 26.39477713431953, 52.29284186777278], [67.19180078100467, 31.721883579670017, 53.12660106906215, 57.66613672107971, 68.83072402659809, 46.57163347001181, 49.479029533677966, 79.9051806998836, 0.0, 57.7900506899327, 30.40643998830838, 81.37824155969113, 54.10603195316715, 10.82465108055843, 46.44348541598725, 60.236959809784075, 33.67811204266026, 27.502651125288224, 73.31185345000479, 50.79558545919765, 46.85702246400385, 28.1180576290544, 75.9239971740486, 66.96904363749768, 31.613975892692107, 73.40643516974873, 46.3223088764628, 62.89355381831412, 71.7125811681513, 48.7066034177542, 44.080444832664675, 34.050146924863846, 63.9088365793688, 22.46803999900056, 41.23499763452948, 56.91016412156433, 13.17772768467116, 39.8757056019383, 24.718101563460934, 34.37961601394191, 16.768106592807055, 37.37372394850273, 59.065244668679085, 21.514747800598457, 27.668064907794992, 72.67942707663312, 30.430065997584318, 31.033729115687922, 55.22103924090833, 74.40493551398784, 40.885564167957284, 72.14317163432383, 40.05892805147322, 13.100584223324365, 65.78223608535565, 28.69207815648832, 26.740274134755275, 26.643574095028807, 39.702510914976955, 61.91657397445545, 59.95423471238271, 44.93371902811002, 69.39507784202507, 55.23801810766501, 47.53670292523101, 68.84470664818465, 24.887340307347035, 20.38934406019138, 69.1286451793623, 7.872933157883691, 85.89151115102946, 59.86841663059263], [21.437824757539722, 67.81567684397814, 42.54389425177495, 48.566131746035566, 109.0882089007638, 77.65753471815673, 41.299937523228884, 87.20371929518772, 57.7900506899327, 0.0, 35.07363571606995, 53.53209852472461, 31.95180533481948, 55.90672332830305, 11.411293577497236, 22.53716698096306, 24.661949622136436, 39.85798075398645, 19.538449366230935, 9.089243342640815, 96.15243309712751, 37.02559810478996, 99.08979390761104, 91.00561942478639, 27.744051828037044, 23.836181284693627, 11.691191043790873, 82.56146059623411, 19.34765764227448, 87.02531075311524, 78.37142006481668, 85.97107372322233, 83.36842769147331, 39.85317563739457, 18.809690575806474, 21.44141770620662, 70.82979399377876, 80.08762893049257, 34.31708692389377, 23.58819694476241, 74.18312462103124, 89.56700388949646, 28.943795403948457, 66.68235903732594, 76.9226397447584, 104.9129198667785, 80.65086559942492, 84.08321550170777, 32.57135349706802, 16.624111296378626, 84.04605412656794, 30.435398913717663, 23.18967613105796, 68.85161634616868, 62.551524730011835, 30.33696889836833, 32.68128584020918, 62.15236961571735, 57.07022138479059, 98.09408279455054, 59.85551188159678, 19.28109444603598, 28.323690442616186, 82.67731805190425, 93.6025824260382, 99.35688936037668, 33.1512357248223, 70.43973176597895, 53.22983557546855, 54.86753120091799, 74.73924932006766, 100.64836376412623], [38.083387743771425, 32.780861343438524, 24.89838502171582, 30.70970561864142, 74.47360805333119, 43.682507570304786, 21.33104494781822, 62.92618101429587, 30.40643998830838, 35.07363571606995, 0.0, 51.81099231085361, 23.774665263791462, 34.807517079315225, 24.707559703758154, 30.48479119455305, 20.589324256815747, 32.56870392919247, 45.88763102787955, 31.936649553100484, 61.30120911671247, 30.29116457905825, 68.49376056790811, 59.713015158164445, 9.75274208151529, 44.60414085839298, 26.516790834970745, 52.313631073833896, 43.902446115845954, 52.26625754734218, 43.870278849192104, 51.8543466182822, 53.258685037767634, 7.943599745843287, 16.299710442267685, 27.25755415421654, 42.962578735133384, 45.05914050814156, 21.410241600271387, 15.392622295249355, 44.02460699446421, 55.40171662017339, 28.684843346411252, 48.142285471042, 42.584821909397746, 71.77371481558534, 46.339450387617255, 50.38537376220693, 24.913196198576607, 50.34986528243695, 48.972436915601186, 42.054627686744254, 30.07981785163036, 43.46608643563126, 42.320366417977894, 21.433101585143067, 22.225597195238503, 27.083287606609503, 24.723880429518246, 63.91659316030994, 37.23267838461758, 17.12685388212133, 39.3636932545014, 49.866934958492145, 58.54577744301831, 66.4828415274877, 12.778048507706464, 36.7523613421208, 41.371328428367306, 32.04617467670053, 60.947965495241974, 65.85619146167257], [32.98690779114637, 67.20873235343122, 28.59397091688965, 25.903932347951894, 94.72936462565863, 66.29222571049034, 32.12499762877505, 49.469723780181184, 81.37824155969113, 53.53209852472461, 51.81099231085361, 0.0, 28.817683099433616, 86.61768754216841, 54.42113150782817, 31.438634724928885, 63.80601448665748, 80.74995283703707, 41.50180855027215, 59.8443778412916, 95.46356691739838, 77.89745932581216, 71.15349346400339, 66.72435642556434, 55.74358954126123, 34.557106311287946, 57.471331911217575, 58.01278335590419, 39.50785669025024, 77.85959642289447, 69.55007714524635, 91.58234523483131, 58.22981561629629, 59.51334298931084, 50.414210922530785, 33.60687826011694, 92.83516930448344, 75.87366756594946, 70.16035806277772, 57.90968801512032, 92.06919598169016, 94.43783180851277, 26.84898929412909, 99.94645178542976, 82.9312767890406, 83.63068353769113, 86.14048513791717, 91.74028650538885, 27.631355683706186, 54.36029638434118, 80.87413819987556, 24.497679536893603, 69.70235374931158, 94.43067901744043, 29.16376784907462, 68.13887427601192, 69.99282519869256, 65.52204575586623, 49.81926649887318, 82.72540555137395, 32.41443421314743, 44.75672080258441, 25.788851492692526, 65.26705546178776, 89.9383739472683, 78.111636308194, 62.6062356951684, 80.304412295758, 15.750065678946957, 83.83342222091224, 26.34193449462195, 89.13887987028095], [20.620437215199413, 47.630177625359565, 11.149721484967452, 16.68137711376675, 84.33662430604944, 52.692701269757556, 11.336429774681122, 55.37836332897696, 54.10603195316715, 31.95180533481948, 23.774665263791462, 28.817683099433616, 0.0, 58.302518019897796, 28.378817601324634, 12.617234142834462, 35.46665185712545, 52.057807091206385, 31.200398798741105, 35.254613372922094, 77.63125070171188, 49.249880166737334, 69.25676678446021, 61.92221879573346, 26.92868745709504, 26.887061544131445, 31.49637573047907, 53.01720266024162, 28.725877727955663, 63.675296283627695, 54.649181706364764, 70.69743628520938, 53.698446324379574, 31.701525473650744, 22.46532205242669, 11.41470866756122, 66.37797050051866, 58.8213885202892, 41.36000502810354, 29.389403999253005, 66.72187622330256, 74.00087566102509, 6.538021769354037, 71.5544145568615, 61.42780410519794, 77.32037834867381, 65.03676101317481, 70.00793000133966, 1.1879025597962807, 40.89303840509203, 63.5778304281812, 20.5209773078903, 42.36736341863853, 67.19445263831982, 30.610291425694857, 39.47122663176532, 41.25204073285299, 43.8684241335311, 31.946748921865172, 72.51432234063309, 28.266696172318035, 17.05197504627941, 18.310866262829794, 55.52067972578128, 73.35657708231756, 71.58589750921918, 33.82407943750662, 57.08867288370708, 22.399565666966424, 55.684808730898474, 44.092487860660654, 76.8459595165412], [68.5098853194876, 42.38705094015291, 59.21262518603884, 64.403358864812, 79.40164892229518, 57.268254059033225, 55.55423882231532, 89.5569492501003, 10.82465108055843, 55.90672332830305, 34.807517079315225, 86.61768754216841, 58.302518019897796, 0.0, 45.06332556242698, 62.40240713067332, 31.260937961781092, 19.907229363072844, 73.18724328211083, 47.899776200815644, 56.65156451826225, 21.467108483085134, 86.58425403108293, 77.59091443894258, 32.87437503689794, 74.3005651126817, 44.216734808919476, 73.20629368989552, 71.89181569589346, 59.51018426866386, 54.86292969415491, 43.61378589491509, 74.22572860391018, 27.245352795897755, 41.735659798871374, 59.063210586080416, 17.928934957046707, 50.685090624865964, 21.59790833829305, 33.89645776728525, 23.980972687573775, 46.727269603666606, 62.45026895356384, 13.347980286590209, 38.059395399110954, 83.50222330067956, 40.54807565789577, 40.36995817927882, 59.47201926876664, 72.38680065012097, 51.56977139325644, 74.54058659511817, 35.308631703707135, 13.786712304571523, 73.84078114685833, 25.574306124735532, 23.24850350991042, 37.053960354263914, 48.82585015904497, 72.71079584801689, 68.12448895899114, 46.37594706514903, 71.74099056403413, 65.8850477888432, 57.83881187218442, 79.66158085129882, 25.497458592289917, 30.95792325899095, 75.60513695931752, 3.370221575277859, 93.67520652038243, 70.48410273493275], [26.187227862777423, 57.425455672649235, 37.43268612736112, 43.89396862657254, 99.17039181328855, 68.15070273638331, 35.35522620369607, 81.66570837898415, 46.44348541598725, 11.411293577497236, 24.707559703758154, 54.42113150782817, 28.378817601324634, 45.06332556242698, 0.0, 23.371018291640798, 13.926775129606307, 30.58779106342166, 28.424624805047777, 7.68954431570631, 85.20019372967825, 27.62099736966494, 91.27411983382876, 82.84890201825712, 16.55098227982975, 30.751936790211644, 3.1278909953087006, 74.77485215164764, 27.44056162296856, 76.97281159845708, 68.52691373201851, 74.7638863297137, 75.6435328677358, 28.72046593590295, 8.711914685088157, 20.839923641603797, 59.52490686771242, 69.69534347339427, 23.515471091813936, 12.176911977055754, 62.78350842564072, 78.3639502365013, 27.76602048929405, 56.41350889106856, 65.79243969483326, 95.93560832498778, 69.5034174679326, 72.80386767764828, 29.314870557554567, 27.975317533282727, 73.46756879807441, 34.310432436905934, 15.747816611854448, 57.73108336372305, 57.822839285959695, 19.700065736990517, 22.07721523947581, 51.56592635731373, 48.164923902513074, 88.49726386290061, 54.2640394525104, 11.917214069246388, 31.694984722736393, 73.79396720963183, 82.90132079670717, 90.50308487917904, 21.74198173513491, 59.193160518890636, 50.76168238861103, 43.81918015232161, 72.4695969070581, 90.56349314649846], [8.313832667753902, 58.805518081566056, 23.62794398943093, 28.49419689025498, 96.7080876120089, 64.96525247994123, 23.917359603192267, 66.8563512837899, 60.236959809784075, 22.53716698096306, 30.48479119455305, 31.438634724928885, 12.617234142834462, 62.40240713067332, 23.371018291640798, 0.0, 34.657066574743865, 52.14370308481381, 18.603294700924245, 28.407403930139523, 88.76487949789554, 49.16674156563677, 81.7641573222641, 74.51971941225844, 29.52878472328306, 14.894017214338746, 26.313669025989103, 65.59120718997131, 16.143285427076073, 75.74001856532637, 66.71731426325441, 80.91765366972088, 66.25789691535957, 38.09798547079589, 21.423843693511948, 3.3469880608093683, 73.14986064578277, 70.41701037797093, 42.71446668633707, 29.583914353643937, 74.50365638571976, 84.34194846348808, 7.13608985957683, 75.15034065990244, 71.57142135794224, 89.9290100067123, 75.27182687288227, 79.88212734720805, 12.611206372454879, 28.619063689263115, 75.04063756141095, 12.149044794719769, 39.02855000284419, 73.0246303896349, 41.8974919983604, 39.81930475589017, 41.99710195275224, 54.436727271111494, 44.018477207880636, 84.95806338645794, 40.305393813237416, 16.1480099268125, 9.345938867975512, 68.07926281563992, 84.8554324480098, 84.19702028735726, 36.91044561269118, 66.51530734335154, 31.096808303957644, 60.260605140045584, 52.35040630355651, 89.05512588549523], [39.130652898196054, 50.3660334812467, 41.637724135516876, 48.111459820780254, 92.52508641328836, 63.017466711482456, 38.644190940792214, 83.10247365197117, 33.67811204266026, 24.661949622136436, 20.589324256815747, 63.80601448665748, 35.46665185712545, 31.260937961781092, 13.926775129606307, 34.657066574743865, 0.0, 17.4926103028566, 42.32541928221287, 17.122759748707683, 75.80529194639811, 14.51093568771749, 88.93613465319127, 80.07231971339712, 11.010981928428551, 44.25811116282315, 12.973036130372805, 72.85649376594414, 41.25373002241042, 70.33275293963973, 62.590871237528496, 64.41772218235849, 73.80955155839632, 20.519554549819492, 13.47919232963398, 31.569657319282, 46.490946450040724, 62.300258392739025, 9.663033368255945, 6.235088892826026, 50.36152260859513, 68.00125979844685, 37.14055150847936, 42.49406713499922, 55.9315585090486, 91.36092259561671, 59.50816230967174, 62.08624399995967, 36.60457263110772, 41.21105293389049, 65.45540416999538, 46.491676253319085, 9.568038611051914, 44.23653240703767, 61.157897054623355, 5.7733229404770565, 8.150451636607222, 44.1136297135483, 45.195084854111805, 82.7318539818376, 56.59755634282175, 19.132922075299312, 43.73863368118358, 69.84105209653119, 74.36974935549459, 86.25964631605946, 10.922034982210695, 48.8505907770772, 57.12736416909753, 30.226852817396473, 78.24576606648434, 83.62317803516778], [56.47149330134676, 54.106952821626884, 56.67538812801218, 62.874305386137, 94.70979401957614, 68.47187200149934, 53.325879698356495, 94.73494602645758, 27.502651125288224, 39.85798075398645, 32.56870392919247, 80.74995283703707, 52.057807091206385, 19.907229363072844, 30.58779106342166, 52.14370308481381, 17.4926103028566, 0.0, 58.762188165421826, 31.009195437460637, 74.15375343431002, 2.9930428646266045, 96.68235137955563, 87.59652970823376, 25.386666197897533, 61.328835698041416, 28.72971973472117, 81.57167138502507, 57.95304774660976, 73.35916555413462, 67.01497660373731, 61.499825063176566, 82.57790903989934, 28.112580399202088, 30.84585045171443, 49.03379494955045, 37.72643656876664, 64.65271070469699, 11.195957091534659, 22.915951750581776, 43.349772609034346, 64.86065586191663, 54.348909080851946, 27.540048175776185, 54.52410735789136, 96.38469250385667, 57.587193689280696, 58.530785438999125, 53.229589491016334, 55.547514654221025, 66.66032345027949, 63.975881580976925, 17.067021210253955, 33.62814187741408, 74.8885649583909, 12.612660668828507, 10.850089073186215, 47.9096056677207, 54.4188017292831, 86.46589892377652, 69.76293106544911, 36.43388218344749, 61.227451096585, 76.40367827892037, 74.27964416534476, 91.85098816468474, 19.79586795655794, 47.0866067311207, 72.82832060891597, 20.765297162798937, 93.23868305008409, 85.66150334829919], [10.856800130341716, 76.51195781337802, 42.072186431751575, 46.43374369713307, 115.21486502228309, 83.43218988077281, 42.51834882808447, 83.9308231312688, 73.31185345000479, 19.538449366230935, 45.88763102787955, 41.50180855027215, 31.200398798741105, 73.18724328211083, 28.424624805047777, 18.603294700924245, 42.32541928221287, 58.762188165421826, 0.0, 28.591106387056573, 106.25335367053911, 55.84150658160251, 100.08084063552096, 93.00833251157896, 41.728066954236496, 6.952880531230086, 30.032893759851685, 84.0367555986023, 2.500112720541697, 94.04985087394856, 85.04741719897717, 97.60603016574747, 84.67698133134658, 52.61797415950132, 32.07687319903405, 20.597742485403113, 86.48685118268614, 88.3819535913879, 51.812800884624586, 39.37768790079298, 88.86857479804029, 101.11665302395022, 25.218323665183057, 84.81778823492394, 88.2812082665706, 108.52061814260396, 92.02661406247537, 96.25067205531091, 31.10927428483892, 12.890394537890185, 92.87777413150283, 17.173044774299832, 42.535334947189824, 85.34260553872369, 59.12389855074026, 48.09132783672953, 50.46657232206821, 71.71954586200224, 62.417341360868186, 103.5124326597655, 58.23378350977221, 28.956288096137552, 16.714422318835904, 86.68114677639596, 102.68454120708088, 102.78524153810073, 48.53224886507136, 82.63776436934572, 46.69190415879087, 71.67827816236846, 66.2837340436306, 107.45347505121856], [29.248295853617194, 64.43218169467238, 44.79392971470186, 51.1902931541979, 106.3710239521179, 75.55879421069204, 42.86551092863963, 89.2048556886526, 50.79558545919765, 9.089243342640815, 31.936649553100484, 59.8443778412916, 35.254613372922094, 47.899776200815644, 7.68954431570631, 28.407403930139523, 17.122759748707683, 31.009195437460637, 28.591106387056573, 0.0, 91.59166778465622, 28.246463942887623, 98.95251179896172, 90.50636635670793, 23.10269213795189, 32.494827528678194, 5.423046232834404, 82.45801145306096, 28.263614280214803, 84.13563868336583, 75.80535284544298, 80.73363334814235, 83.32864038566437, 35.13023419396407, 16.332759136594998, 26.431972520350126, 63.59969216465247, 76.66605604861937, 26.51691501688711, 17.917737620055625, 67.45172323830006, 84.33367554751474, 33.78388648084417, 58.13778115010458, 71.95092436068077, 103.4599196925267, 75.6164609317309, 78.5888292261175, 36.10473487806899, 24.65515996718071, 80.2853018184951, 38.02697060073812, 14.15073700448402, 61.17951791647201, 65.17833441312757, 22.456598620261047, 24.7056408003549, 58.44642343697993, 55.75818885518285, 95.84602855627065, 61.77410610016018, 19.42500085265885, 35.65144966661004, 81.3563869017522, 89.58677845708, 98.05753698753531, 26.999049298690924, 65.11931797262416, 57.47775349529298, 47.14891310244666, 79.19904072783748, 97.68811989004612], [97.0386800961801, 30.013576394343318, 69.83391007627017, 70.05799446286021, 26.245609168834445, 30.166450196689695, 67.42015041592698, 66.69680544159266, 46.85702246400385, 96.15243309712751, 61.30120911671247, 95.46356691739838, 77.63125070171188, 56.65156451826225, 85.20019372967825, 88.76487949789554, 75.80529194639811, 74.15375343431002, 106.25335367053911, 91.59166778465622, 0.0, 74.38401985184237, 48.95826331832982, 43.15424394221983, 68.67331764366479, 103.65427453528378, 86.32082000583847, 46.18128121951599, 104.04654231425809, 19.894975821844024, 26.364280390739275, 13.114809609877632, 46.78595364767399, 56.51675345725445, 77.3695029488208, 86.0644121655733, 40.961619390712805, 19.593761996787922, 68.94055144023896, 73.6741927205695, 34.03779032327069, 10.534176887343616, 84.1312458701012, 60.987728828658696, 19.955728512306642, 37.357094725441705, 16.607148827568114, 16.541305444354794, 78.287528633618, 111.64798227101234, 14.592133854361933, 98.12787996230212, 84.18518626929647, 46.97529985608928, 68.57750366904479, 72.32151739766297, 70.9865742887138, 34.547084318538865, 46.541837159052655, 26.40182132403827, 63.78976188933581, 78.2829187534213, 95.93344192959935, 35.183418679756734, 6.704243141435912, 36.88173728705635, 64.9792381794085, 27.30313956076153, 79.81484248322019, 54.4072269290144, 86.04114662666855, 19.41432600575965], [53.479892967298355, 53.3061988984191, 54.115023209610825, 60.36916720997577, 94.34428353483271, 67.47019472252117, 50.811012888398245, 92.7901151342139, 28.1180576290544, 37.02559810478996, 30.29116457905825, 77.89745932581216, 49.249880166737334, 21.467108483085134, 27.62099736966494, 49.16674156563677, 14.51093568771749, 2.9930428646266045, 55.84150658160251, 28.246463942887623, 74.38401985184237, 0.0, 95.38515234386631, 86.31611421853383, 22.72268072900951, 58.353788917656885, 25.810538367375994, 80.07949101526388, 55.00772852638717, 72.78395130244611, 66.17752865668581, 61.89383591356871, 81.07964272129232, 26.340159541016885, 27.89435204762365, 46.06568101332708, 39.02398361624127, 64.15119763899929, 8.907824544908689, 20.015871305826376, 44.362872856504175, 65.31153384515474, 51.4379658818937, 30.036699951696633, 54.60736807166278, 95.54267073591035, 57.78177915636708, 59.02120105734431, 50.4175009400311, 52.846458274893756, 66.36432178809298, 60.98724128072663, 14.480165611434826, 35.25376981756885, 72.56920665874328, 9.77931605008356, 8.214753446959106, 47.04731381792488, 52.73741530858822, 85.81598188747682, 67.52365849559396, 33.497302762652645, 58.24041288357108, 75.24982718554678, 74.23984964160807, 90.9031080819855, 17.5304073280384, 47.17050444064008, 70.18676624920964, 21.90475996260975, 90.73339210799952, 85.29654248930409], [89.24186270245653, 44.206349290409634, 58.14270833469665, 53.754055927894285, 30.944613390415743, 29.367049089447292, 58.35306161089428, 24.6154069541665, 75.9239971740486, 99.08979390761104, 68.49376056790811, 71.15349346400339, 69.25676678446021, 86.58425403108293, 91.27411983382876, 81.7641573222641, 88.93613465319127, 96.68235137955563, 100.08084063552096, 98.95251179896172, 48.95826331832982, 95.38515234386631, 0.0, 9.096157255305688, 78.24649233096774, 94.78320676426112, 93.75845302364134, 16.535746837361376, 97.5808152008323, 31.317867606467523, 32.247161732604205, 55.84994988636603, 15.722493979933692, 69.47727487675047, 82.64021180577599, 80.60391554058278, 78.07615707772761, 38.50074144024763, 87.0179061742972, 83.86558439803049, 72.38613739336972, 56.016774090105365, 74.88319345952281, 96.45455468724627, 53.71879004063418, 15.63913186254131, 53.84353112204959, 58.67830102678211, 69.15849205830477, 110.1159524918698, 40.53162234782273, 85.70275289219126, 98.49367847119976, 83.44021958190392, 42.84970403869963, 88.5699737083086, 88.54344672927407, 49.692885526890684, 43.771358660378354, 23.048504255613324, 42.13953559199265, 80.11627096880311, 84.68778135093144, 20.700165576477506, 42.45408302074909, 12.683516607804442, 79.29697339435731, 58.311810204883415, 57.11662269800437, 83.33105723801998, 50.622680362473176, 31.245138705412263], [82.23045288032807, 35.25012594493279, 50.93623518517904, 47.12188333527228, 29.831777925684985, 20.50753633250168, 50.789318852040566, 24.83053401741269, 66.96904363749768, 91.00561942478639, 59.713015158164445, 66.72435642556434, 61.92221879573346, 77.59091443894258, 82.84890201825712, 74.51971941225844, 80.07231971339712, 87.59652970823376, 93.00833251157896, 90.50636635670793, 43.15424394221983, 86.31611421853383, 9.096157255305688, 0.0, 69.46045189436855, 88.00375450975321, 85.25958086553945, 9.077666009356408, 90.51407860730254, 24.1602545385381, 23.659845756943113, 48.56276010748687, 8.623634836948172, 60.47190038984865, 74.17461539766201, 73.14523933009254, 69.54878562118377, 30.426509864626738, 77.97983330857616, 75.10309046298914, 64.05526263564926, 49.11973566236731, 67.80019758436892, 87.64763105784392, 45.585366848327816, 16.91426294806989, 46.04017285906077, 51.17015327183707, 61.92268803142109, 102.59590023282212, 33.043390061276824, 79.30614371542111, 89.63766860076387, 74.80014028677832, 37.69612245155268, 79.58724757241049, 79.52377620276535, 40.64130666330206, 35.00613306809804, 19.29156431181497, 35.95484329293224, 71.89077186542121, 78.09122909026965, 11.748588286099869, 36.47242403820956, 11.552827447070387, 70.32160590198231, 49.76020398201496, 51.9013722908938, 74.3237293507695, 48.811157332434476, 27.49463593383554], [35.84541058085937, 41.38816518546372, 31.453774326019058, 37.79352444382138, 83.44914118147021, 53.10890995362714, 28.24102241755916, 72.10878607196194, 31.613975892692107, 27.744051828037044, 9.75274208151529, 55.74358954126123, 26.92868745709504, 32.87437503689794, 16.55098227982975, 29.52878472328306, 11.010981928428551, 25.386666197897533, 41.728066954236496, 23.10269213795189, 68.67331764366479, 22.72268072900951, 78.24649233096774, 69.46045189436855, 0.0, 41.898463258469704, 17.731418737653843, 62.05228829227886, 40.09978583836828, 61.19547479987317, 53.04893024429032, 58.24064390395202, 62.993541924024484, 12.170469130531455, 9.691694667916043, 26.191460040250185, 44.77759874885077, 53.59288554135851, 14.455775169565516, 5.681422414690915, 47.24906387013444, 61.83883986289622, 30.063016181828008, 45.6888075047822, 49.243498418571185, 81.32490047517298, 52.95770649749685, 56.34089235797097, 28.113770109579065, 43.94980851750224, 57.1826588147564, 41.67057861826496, 20.384121083351573, 43.947699372481516, 50.467252671901015, 13.083438949845021, 14.54107278394361, 35.35461523709271, 34.47644184489263, 73.17897933781686, 45.75289156400098, 13.559648121244233, 38.86976912450758, 59.5241762925474, 66.5074247791495, 76.09142331426875, 7.384186377987361, 42.69627793592958, 47.46424443468713, 30.7973862598728, 68.12109025850724, 74.69666890514951], [6.633912030177439, 73.69951236484698, 37.24739028789075, 41.02982321713003, 111.21949407354703, 79.57255553952817, 38.16428773680158, 77.82526839087612, 73.40643516974873, 23.836181284693627, 44.60414085839298, 34.557106311287946, 26.887061544131445, 74.3005651126817, 30.751936790211644, 14.894017214338746, 44.25811116282315, 61.328835698041416, 6.952880531230086, 32.494827528678194, 103.65427453528378, 58.353788917656885, 94.78320676426112, 88.00375450975321, 41.898463258469704, 0.0, 32.88875235893929, 78.96892791126275, 5.236158991159766, 90.48131751277559, 81.45331346790971, 95.66844989578073, 79.56202239498703, 51.862568518437655, 32.58588890851227, 17.678833454968228, 86.50786011565961, 85.28885220573756, 53.3932331448016, 40.455447740194494, 88.36647281986352, 99.11646161353404, 20.49163888064697, 86.4496035566228, 86.31922274104377, 103.83890477024524, 90.0344819166108, 94.54320577020549, 26.578295391226018, 19.840299594092112, 89.92754483279408, 10.35379002410896, 45.86836798447995, 85.845075638208, 53.193849008303516, 49.920705790980385, 52.26193562986832, 69.29067542081484, 58.735906728146276, 99.37452556587962, 52.71556399198862, 28.474499883636376, 10.33179210613967, 82.26554926515594, 99.7413117592692, 98.0887400868968, 49.06194850777801, 81.0791649106184, 40.32865614155353, 72.5141172365214, 59.50898909813298, 103.7147780953682], [28.677126955287605, 59.021231470721574, 40.443436883209664, 46.9239959116269, 100.94827677065553, 70.15349944992792, 38.2895053886677, 84.55533129429998, 46.3223088764628, 11.691191043790873, 26.516790834970745, 57.471331911217575, 31.49637573047907, 44.216734808919476, 3.1278909953087006, 26.313669025989103, 12.973036130372805, 28.72971973472117, 30.032893759851685, 5.423046232834404, 86.32082000583847, 25.810538367375994, 93.75845302364134, 85.25958086553945, 17.731418737653843, 32.88875235893929, 0.0, 77.28796457961543, 29.26156147591785, 78.71374052636565, 70.38394491007217, 75.59783729749356, 78.16941038809044, 29.81798833065191, 11.136043524918325, 23.870079878005146, 59.28602033631904, 71.26110593301634, 22.625902909324623, 12.707113432688041, 62.8529558663753, 79.19942670929132, 30.863682559453817, 55.13339821675673, 66.74617612116585, 98.08932303866645, 70.42857921909541, 73.52006834282392, 32.437623192759716, 28.25068222769826, 74.90602598017615, 37.005869140265766, 13.100744933230946, 57.18900017219094, 60.824451079892654, 18.651472143683428, 21.00253482006485, 53.051567405228866, 50.441154805769365, 90.42976910420941, 57.18487891373575, 14.912329562590122, 34.438495732180066, 76.00943482397449, 84.2372178546768, 92.70339244099978, 22.037344326716575, 59.9902665111122, 53.88375049399522, 43.19147051144292, 75.58857848234928, 9