instance_id,num_cities,city_coordinates,distance_matrix,best_route,total_distance
551,75,"[[41.36736540560968, 3.632699528399641], [27.853024341906085, 45.42222418214374], [23.032227642958357, 53.55714847300277], [66.51432107005537, 51.63929780917718], [69.18593605998679, 80.22813058294867], [14.064395421121256, 35.80293827186855], [36.97626733185534, 24.2833126766694], [3.932077707577508, 27.32887445050427], [29.707796723922108, 72.77823403274465], [48.9863488403671, 80.29134293279971], [3.31025582826745, 92.69223200811147], [14.99985668174636, 13.531652394929228], [21.281663678922836, 38.85766047543202], [1.6580356821485065, 87.18141789681259], [5.825909250098549, 31.276171159264777], [40.104287525748106, 65.97234507308367], [8.22547969680204, 7.085869046119397], [49.94944030602924, 19.509904146469058], [61.874376714686065, 75.65165669565242], [48.04662616446752, 35.76405604520375], [58.56846314583216, 77.42466221738013], [51.00100678425452, 66.5962237921015], [15.93771137699843, 71.91498629896168], [32.484010609518876, 50.729899379147355], [82.21582904133811, 35.18789962839516], [67.38927790116949, 66.06760632779402], [91.26000520493312, 78.06006024073386], [73.99437485721221, 87.30326590100721], [35.66803792885239, 23.956314009962576], [99.98518647806998, 61.282473602293344], [62.69330607128344, 35.117281623371866], [16.479146811132527, 60.06577588139296], [79.74536191811589, 19.334866326027043], [99.11366519071726, 48.08736753565363], [92.18614462732056, 91.81880134816434], [90.8092851357436, 36.56753102692445], [51.489870524526246, 76.82146576924467], [91.42545497613044, 19.414997020110604], [10.926419055540325, 81.54561083336486], [19.493010263248202, 19.06364154771132], [14.989060006107358, 24.000002036256475], [38.20002755514561, 58.9758852414821], [5.3216780027294135, 62.42160207034468], [1.664865616537159, 20.740979070098], [9.331958834201481, 64.63998256212973], [94.57350257374159, 89.60594540563916], [51.498586844248976, 94.07512093147979], [81.06977640199827, 50.33858699868178], [5.156977547052744, 16.858229574936935], [24.765734263887108, 82.70635554746573], [28.316998698793803, 5.849563534129709], [36.306450788315324, 12.00421869286049], [72.40253166588634, 75.11330604460427], [92.31416648161198, 83.15206730141878], [82.50872946792067, 71.24776686476896], [52.93458448355513, 2.190170529930735], [51.636810416968096, 15.669821994180467], [5.408635451862409, 81.97161768637456], [0.6497247912970128, 29.00883473921777], [9.426284360700576, 88.71308764071232], [55.85666848319153, 77.29696553490064], [70.17318831299588, 77.26688422898602], [77.42216022051464, 73.11833828422576], [6.308025827585329, 79.46069669328854], [47.9748602506885, 22.970969609771295], [48.70619761078929, 73.68810025964507], [7.194004251164198, 26.20061256741768], [11.270417792967413, 63.90385310496377], [28.375688313520186, 37.73406776876107], [0.0794747603182766, 74.46762333544729], [81.16086741708092, 61.826506693291904], [32.423495964785, 80.89369733830067], [46.54172161222627, 17.695575133542196], [40.001536475265155, 36.745834608368035], [42.21783136470803, 53.41195897234525]]","[[0.0, 43.920402834810055, 53.184846330488604, 54.19412198459857, 81.49069230092934, 42.194507116278345, 21.11230839327668, 44.304734182403344, 70.12168340630846, 77.03633244893008, 96.85011055691511, 28.16442408707806, 40.5491465702225, 92.50523881430144, 45.026177157966295, 62.35243998728068, 33.3212990151011, 18.04820312608588, 74.8816913824012, 32.818235721848126, 75.77025485611472, 63.69625133332502, 72.86383184153944, 47.927656172762084, 51.6171254018488, 67.6406498858167, 89.60305535387141, 89.80693415804755, 21.10762040786491, 82.2164545456319, 38.02728829368304, 61.67751236446921, 41.465994000559675, 72.87559705763437, 101.78082764327917, 59.40712543489397, 73.88545603662163, 52.4870769386822, 83.64850843083323, 26.769411358816146, 33.32629603175193, 55.433746345811024, 68.95960152460623, 43.231721205362604, 68.90686364472755, 101.1053511888582, 91.00809434929991, 61.300255817678405, 38.55005621110025, 80.79763135629287, 13.237316843011271, 9.782391828406741, 77.92726514338541, 94.43996183236429, 79.14802061839178, 11.656819768213317, 15.82257305552797, 86.19754264506857, 47.97785421873355, 90.87851836192758, 75.0757217078235, 79.06812625762522, 78.2828347880304, 83.54066342617602, 20.435940836374947, 70.43875090993, 40.95276927789919, 67.3679316073153, 36.49228671280897, 81.98948923299734, 70.49852476954132, 77.7769540619588, 14.984606515977159, 33.14129151815299, 49.78652391094636], [43.920402834810055, 0.0, 9.456060174861074, 39.15798602055475, 54.03573550416656, 16.812404615007413, 23.023621398249528, 29.993015726895713, 27.4188157208743, 40.77343310054477, 53.261629022975846, 34.38331699844647, 9.288502442400514, 49.29510818107682, 26.178323387754197, 23.924901634740507, 43.068743119702624, 34.05436723961824, 45.51121847810315, 22.384409001123064, 44.35757230864729, 31.371441640985562, 29.048943657730486, 7.043965488821311, 55.3177723146915, 44.60209803857106, 71.31390863465333, 62.31409056412139, 22.84424953646554, 73.85523898889767, 36.332314433875155, 18.541809416926398, 58.08067612413279, 71.31046152759083, 79.31830014807498, 63.575910249203424, 39.30156319672252, 68.68646010241656, 39.89246833268212, 27.652571560192374, 24.987860654734813, 17.051750749005635, 28.224819156936775, 35.98587942104511, 26.68992515336465, 80.02389291105747, 54.09451902137368, 53.4433655673851, 36.483041649987356, 37.41173360982383, 39.57538051575408, 34.470618061859824, 53.53708009382566, 74.69123046088123, 60.45001867389252, 49.98094759132705, 38.090338880333356, 42.890660500563826, 31.771352811067416, 47.0493741225469, 42.42880179190665, 52.96299323149022, 56.78181018695604, 40.2840486033125, 30.148749762028935, 35.12569694412806, 28.218176131299636, 24.8304943083645, 7.7059020668485285, 40.18712814242445, 55.77478478697186, 35.764711920040725, 33.437022491932346, 14.9286999799144, 16.437260806475532], [53.184846330488604, 9.456060174861074, 0.0, 43.52436788709894, 53.305779117776105, 19.890550385172308, 32.42520169677011, 32.44592556475002, 20.347318070193847, 37.26034836852736, 43.82363444032682, 40.82351429696374, 14.803358456205345, 39.84278574927336, 28.151364845985224, 21.10905813294898, 48.77314421187625, 43.40220252221845, 44.68646146330061, 30.697137839497, 42.807502216945004, 30.858873793962946, 19.681015489353637, 9.86557340886326, 61.96876614551411, 46.08751960505118, 72.49429161074355, 61.12234362450401, 32.18498256158318, 77.3397602907562, 43.738196482363904, 9.236075959502017, 66.23854010060353, 76.27780570281323, 79.03302040931636, 69.87400534780015, 36.75684830932967, 76.44161203741835, 30.49433761950913, 34.67460280473263, 30.631967797021325, 16.10667136134023, 19.805103032765107, 39.15948332458294, 17.621764295305713, 80.11035999802003, 49.51807446097642, 58.12672538447283, 40.820769398407805, 29.20070749613313, 47.99940068180418, 43.62168008486337, 53.871094740761045, 75.33821254651237, 62.051690133451174, 59.43666686168088, 47.47285185648787, 33.43610417491415, 33.22041753315219, 37.69697270821239, 40.50953999499802, 52.76762020891765, 57.80056152514275, 30.833305641173098, 39.46706549590165, 32.625265573558195, 31.610589633253312, 15.665071582612933, 16.700971675647708, 31.049586532906787, 58.7138914343545, 28.904719762650604, 42.880633729838394, 23.886768640849382, 19.186153083907055], [54.19412198459857, 39.15798602055475, 43.52436788709894, 0.0, 28.713392102311715, 54.78854792722311, 40.259738464262036, 67.1381699792176, 42.44496270591545, 33.58823455096777, 75.36642003857031, 64.07755207740392, 47.00386736849389, 73.95660926950016, 64.0135943076863, 30.048729019391363, 73.36618460286151, 36.14821173806074, 24.456542333572216, 24.35321449399405, 26.981876803064686, 21.54930520895533, 54.48942091616134, 34.042459305183, 22.74172057419784, 14.45481359840744, 36.199524454996606, 36.43994819856128, 41.4468427706483, 34.83230785547191, 16.958100555924677, 50.739769371000385, 34.90897786204271, 32.79227722750138, 47.680551899016834, 28.590268150048868, 29.32363717829185, 40.73045732410378, 63.12212297662385, 57.20294617286369, 58.47036171028011, 29.249354392880463, 62.13531725794556, 71.83423956247867, 58.64162646890059, 47.209998902464925, 45.0141239880041, 14.613457104077886, 70.52975479692687, 52.039471335000336, 59.629985756442515, 49.834274586022794, 24.201241428029164, 40.72697710770309, 25.304409866697238, 51.27987358055642, 38.92484442664298, 68.21989771321897, 69.64397247231541, 68.06988928888806, 27.783114868313753, 25.887458260830346, 24.090042230371182, 66.3236626151806, 34.14065976547158, 28.342176180389217, 64.54476504196863, 56.58894031426686, 40.59446675366914, 70.2475711361734, 17.840979366171393, 44.9222021740666, 39.383766175713724, 30.409587190285922, 24.361070165357138], [81.49069230092934, 54.03573550416656, 53.305779117776105, 28.713392102311715, 0.0, 70.79535263192462, 64.55451502523053, 84.00236502171977, 40.174923074555835, 20.199686127368334, 67.04445592536705, 85.93341259993069, 63.29561682514907, 67.88494335203052, 80.06739241893513, 32.38780174652586, 95.21537513831306, 63.69258819112031, 8.62571813247794, 49.23336619973222, 10.981355378984446, 22.727088144276852, 53.89324447253474, 47.08690875311971, 46.88710393642359, 14.274047348964052, 22.18028533686308, 8.55445050459128, 65.49783840366715, 36.15980841686597, 45.575683626512514, 56.43160621526278, 61.80203157111111, 43.91694001390283, 25.75564487502651, 48.721834723699956, 18.0209905551344, 64.75209197665426, 58.27441184432172, 78.8066088166585, 78.0954788311264, 37.57372030986918, 66.30019543616852, 89.98786667624773, 61.850537171990574, 27.064218893938133, 22.462890820011904, 32.165361445974916, 90.0858028882256, 44.48927878243221, 84.86719788745692, 75.73349790757439, 6.042178195811695, 23.312323959000885, 16.066852731673524, 79.71216743570086, 66.90102404804487, 63.80112710711994, 85.56067158335134, 60.359013142132255, 13.647750828349109, 3.121481536054412, 10.880465750759125, 62.8825933782071, 61.05974303660428, 21.498643761346177, 82.2312125187768, 60.17216375796785, 58.91707473716005, 69.34613498322094, 21.954925251148154, 36.76846448873178, 66.50624736811768, 52.36830379477391, 38.03137823830276], [42.194507116278345, 16.812404615007413, 19.890550385172308, 54.78854792722311, 70.79535263192462, 0.0, 25.644797685055984, 13.208846274249215, 40.14833123461962, 56.55758994061485, 57.89683290294137, 22.29092331830351, 7.837109725275889, 52.855141003913644, 9.400227384584028, 39.853093826675654, 29.304658362659186, 39.41065093858884, 62.2391731252033, 33.98225298772255, 60.934226410466785, 48.088872851437614, 36.160604604757715, 23.708572111935855, 68.15420879904475, 61.314706425508646, 88.0046960507569, 79.0182648576828, 24.638585105574286, 89.61913331708918, 48.63374421182359, 24.382705205569657, 67.71400707086195, 85.93186539740921, 96.12899986590217, 76.74869835632802, 55.52644221241433, 79.07779811011903, 45.85017981141635, 17.597554202886887, 11.83910082635721, 33.45914239435122, 28.017643910117712, 19.509253044916143, 29.22278356775244, 96.83222558192429, 69.26013253971195, 68.56388381868243, 20.934280040041298, 48.108722755405566, 33.17139367542663, 32.574346970547055, 70.34659305851643, 91.460191837084, 77.07764096733861, 51.3878366252444, 42.62662008265546, 46.97306823622292, 15.037061911126353, 53.11304905992646, 58.89268533697453, 69.76715168414172, 73.5298948622768, 44.3414156252887, 36.257124054485665, 51.33556231101551, 11.807071345705582, 28.239471054598305, 14.440995997014767, 41.116126726075294, 71.966399574309, 48.68504006324104, 37.18404653001951, 25.95427401342486, 33.20683010254759], [21.11230839327668, 23.023621398249528, 32.42520169677011, 40.259738464262036, 64.55451502523053, 25.644797685055984, 0.0, 33.184241959753656, 49.03659921232622, 57.28124920960352, 76.24421666366219, 24.465502730910163, 21.41803440052189, 72.1356300807483, 31.925614769010743, 41.80621882546519, 33.50163961751542, 13.823481689286004, 57.084346524174144, 15.94867746795765, 57.36049120324123, 44.57662799909993, 52.071078044594195, 26.825404352424233, 46.53523353604071, 51.680541868411446, 76.4111430096562, 73.08799346785085, 1.3484777710105158, 73.06888394641341, 27.9059306360379, 41.23732075000062, 43.05441409441879, 66.54088397669533, 87.23057251375775, 55.21680746249726, 54.50598323132227, 54.6663930806979, 62.90918363327664, 18.245800733908062, 21.989032514060206, 34.71414956827983, 49.5635162541091, 35.48863506083069, 48.91695612522797, 87.0889651686886, 71.28670467553027, 51.21635346365547, 32.67413444112753, 59.685417449213276, 20.366296686182448, 12.297349440640128, 61.95731135587584, 80.79488445054915, 65.4130343689874, 27.253895432217316, 17.003639177769305, 65.76059547634524, 36.632611860398725, 70.07280116869975, 56.27536705352019, 62.524350592929345, 63.40922628176113, 63.12752762370539, 11.076610064430474, 50.7781872507044, 29.84391450662198, 47.22899453033119, 15.965361630669596, 62.288348335493374, 57.980775276474844, 56.793163133062706, 11.614482404609952, 12.824457348680959, 29.59648675990253], [44.304734182403344, 29.993015726895713, 32.44592556475002, 67.1381699792176, 84.00236502171977, 13.208846274249215, 33.184241959753656, 0.0, 52.249707915406894, 69.53352008236786, 65.36631528282128, 17.687822587076695, 20.83077148320897, 59.895727928840145, 4.378098813233795, 52.93152732434532, 20.69329766960869, 46.67691032119381, 75.44800393742156, 44.91375818266441, 74.12639587718665, 61.297706390535424, 46.17419852653089, 36.91640340211837, 78.6772521103323, 74.34719634169237, 100.9941589037019, 92.22609778008538, 31.914657057399953, 101.87760597813647, 59.27513175946532, 35.05900252980833, 76.23357678006506, 97.41893876950611, 109.305676884323, 87.36705297681517, 68.63862071067337, 87.85055789145923, 54.66603438059525, 17.619781410095396, 11.547218240786062, 46.64574663095994, 35.1202295092244, 6.967109602190698, 37.69983427946432, 109.97409453375543, 81.96117502054364, 80.49640632612739, 10.542048364857322, 59.166769880994735, 32.495925424430496, 35.81822310585893, 83.49583802818026, 104.53526905371078, 90.0175500264365, 55.07449595898261, 49.10880803943129, 54.66268938785811, 3.687289958583326, 61.629602754911, 72.06228732030029, 82.95594948450055, 86.5879161658138, 52.185936992854934, 44.25785838402765, 64.45075353112709, 3.451541634195003, 37.30389120162947, 26.566109000853878, 47.29592155679966, 84.58352434341644, 60.67084279378467, 43.68503415829217, 37.278478971233696, 46.326301722325994], [70.12168340630846, 27.4188157208743, 20.347318070193847, 42.44496270591545, 40.174923074555835, 40.14833123461962, 49.03659921232622, 52.249707915406894, 0.0, 20.69080416635787, 33.066561367954094, 61.04490917390708, 34.95146675819321, 31.531584164496827, 47.88283379319406, 12.426067178463496, 69.1156766760601, 56.98455144842451, 32.29466559823663, 41.30813524407477, 29.232299964110613, 22.17246141701138, 13.79711734788987, 22.22243066218454, 64.57651816626245, 38.274358883013306, 61.7784109295573, 46.60769843631041, 49.18439132419835, 71.21140371127883, 50.06387083801954, 18.34676458575233, 73.2116895201758, 73.6669088940702, 65.31529040302219, 71.02539615036069, 22.15415225031204, 81.58862913790705, 20.726964155091395, 54.677228425281086, 50.95053608424126, 16.205641506785522, 26.494199589508444, 59.112451219189275, 21.94096412437568, 67.01292163041951, 30.469590178498485, 56.04989487469566, 61.07200357624245, 11.090156814488914, 66.94311954083757, 61.131196422072485, 42.75854245721142, 63.46001852286867, 52.82310884819741, 74.31122646483725, 61.17395170426888, 25.98013744244621, 52.53695707744983, 25.79262110075027, 26.536435869786555, 40.713583691948564, 47.7155755994501, 24.335253958210775, 53.05138263222653, 19.02017594053666, 51.73340963897217, 20.461954420215413, 35.069475358989735, 29.67644686607639, 52.60569185433184, 8.557789844968706, 57.59757233209533, 37.47392275097706, 23.055445700066425], [77.03633244893008, 40.77343310054477, 37.26034836852736, 33.58823455096777, 20.199686127368334, 56.55758994061485, 57.28124920960352, 69.53352008236786, 20.69080416635787, 0.0, 47.32956288313009, 74.91286892090186, 49.84274893976785, 47.82721358611773, 65.30934549981616, 16.850065664655546, 83.78836351374973, 60.78906847540676, 13.697735245959333, 44.537201935885854, 10.001738493239896, 13.842511871361612, 34.09363267008104, 33.8556658782705, 56.02248613137728, 23.25903009640565, 42.33250104684728, 25.97245519721379, 57.88793388325988, 54.42626712921845, 47.20780117436222, 38.285659799988075, 68.27744082659473, 59.580566260048855, 44.71134815181089, 60.50561732556308, 4.278746119275578, 74.20921250952583, 38.080591423878026, 67.96093316991846, 65.76116413211466, 23.889191352123518, 47.17977445739373, 76.0629253360886, 42.63139369307162, 46.52902754987844, 14.010848500538625, 43.892071176367054, 77.10235831826856, 24.34071602051573, 77.25801288743585, 69.4543818025279, 23.981861565225813, 43.42215477686686, 34.720833386265916, 78.20090597554993, 64.67585264215265, 43.61009547591202, 70.47215670806406, 40.44656333436287, 7.494503852532733, 21.40162417411387, 29.32656414474413, 42.68640566220764, 57.32929710940469, 6.60918289291531, 68.35500843188551, 41.122272281935416, 47.28552629230878, 49.25239123362782, 37.096493405646086, 16.5738024064487, 62.64348608325635, 44.46277261338115, 27.71847959235568], [96.85011055691511, 53.261629022975846, 43.82363444032682, 75.36642003857031, 67.04445592536705, 57.89683290294137, 76.24421666366219, 65.36631528282128, 33.066561367954094, 47.32956288313009, 0.0, 80.01902356820295, 56.75502261687312, 5.7531646578672, 61.467560894572756, 45.472553550200814, 85.74735450880185, 86.78056602719079, 60.992929608100006, 72.40276271884538, 57.328598127512365, 54.36367695029506, 24.313505976998883, 51.107194480820574, 97.6362521122157, 69.39014168047568, 89.15861633094329, 70.88924910451196, 75.97139254691324, 101.649471908397, 82.71167733742188, 35.18387882407614, 105.94162799759802, 105.67822472049512, 88.88018052940369, 103.95221108749071, 50.72628996180098, 114.60297329630787, 13.500115033501498, 75.38601245780424, 69.6779515021111, 48.51894692222066, 30.33738380271345, 71.97006397314686, 28.69128101133266, 91.31541694324073, 48.208169721326094, 88.54588802107784, 75.85648493135807, 23.665487182574942, 90.37137963246177, 87.17398909424536, 71.29348650789976, 89.51374673322172, 82.05037057890037, 103.21432616787463, 90.92803485597148, 10.924045426496049, 63.73894816441844, 7.296533074422437, 54.75527109496158, 68.6191889675499, 76.65319098484787, 13.56687700822178, 82.80085336896931, 49.2132965146126, 66.6049469458418, 29.868627996201226, 60.404269072907226, 18.508762994343126, 83.74610870937343, 31.413152844012075, 86.56476290149175, 66.90477903353965, 55.28778602809279], [28.16442408707806, 34.38331699844647, 40.82351429696374, 64.07755207740392, 85.93341259993069, 22.29092331830351, 24.465502730910163, 17.687822587076695, 61.04490917390708, 74.91286892090186, 80.01902356820295, 0.0, 26.093443322863084, 74.8484612137599, 19.9757166994452, 58.13999223052844, 9.35095217151373, 35.45719799301026, 77.8210483265314, 39.829244849894536, 77.33395226803158, 64.12434441200095, 58.390866145135675, 41.10237483733679, 70.61855269320097, 74.19351663954362, 99.89757590598985, 94.45953702006759, 23.148375447343497, 97.48152238536052, 52.35078322107638, 46.55763039438707, 65.00505934342989, 90.93530794345348, 109.93907739308673, 79.23207145386102, 73.05560613123366, 76.65171764959486, 68.13583078351537, 7.126803848392459, 10.46835520897534, 51.023781000300616, 49.8386829862872, 15.15903617709613, 51.42165378991404, 110.0875250772039, 88.42741445600164, 75.63058063221152, 10.389821239787283, 69.86066075547028, 15.374028774769172, 21.361273513915194, 84.18650225281573, 104.04087980972358, 88.81777848131257, 39.59384780861053, 36.699293565843206, 69.10875757655334, 21.10614741234526, 75.38775042428182, 75.73172538914797, 84.29873249481753, 86.29668078411714, 66.49952485313237, 34.299439789217566, 68.9558963289228, 14.88065469057474, 50.510071459038166, 27.652663194872446, 62.73603710105492, 81.91258934511309, 69.57893578388679, 31.81552287588209, 34.11718406223446, 48.28309226376283], [40.5491465702225, 9.288502442400514, 14.803358456205345, 47.00386736849389, 63.29561682514907, 7.837109725275889, 21.41803440052189, 20.83077148320897, 34.95146675819321, 49.84274893976785, 56.75502261687312, 26.093443322863084, 0.0, 52.156229801206095, 17.215090043774953, 33.00753382652517, 34.349827813290865, 34.58579320626598, 54.786554093658914, 26.943155071805197, 53.64437564040557, 40.653010337308444, 33.48648409146956, 16.323070585534033, 61.04457103697768, 53.537773978341626, 80.2109495648161, 71.5933419028353, 20.712747054483017, 81.83591353904791, 41.580218368711066, 21.745075933138708, 61.63719253181041, 78.37734335730877, 88.50043989214457, 69.56532784608926, 48.51583528306276, 72.78851983508874, 43.92598544109661, 19.874668962082612, 16.135268057219722, 26.286384384041686, 28.460156118207685, 26.702676108637384, 28.416959338714932, 89.14640807088952, 62.944661289059475, 60.88045742945295, 27.27600525731328, 43.98689358617186, 33.74952447854982, 30.770953239256745, 62.672282385261745, 83.7114743059759, 69.26667724846368, 48.439779255976816, 38.19830869188936, 45.9430770789685, 22.862114308283974, 51.245620657881595, 51.701171463227915, 62.17434881359633, 65.76890903652311, 43.276048578995464, 31.063059892418682, 44.33130493163703, 18.938400404952027, 26.97289026827993, 7.182454043483899, 41.4439654211788, 64.13335276512169, 43.487570888964726, 32.95306332970084, 18.83861581974742, 25.498053300292693], [92.50523881430144, 49.29510818107682, 39.84278574927336, 73.95660926950016, 67.88494335203052, 52.855141003913644, 72.1356300807483, 59.895727928840145, 31.531584164496827, 47.82721358611773, 5.7531646578672, 74.8484612137599, 52.156229801206095, 0.0, 56.0603940662614, 43.90830275544389, 80.36434698657973, 83.13539278676865, 61.3102203609043, 69.25060596641431, 57.740722505761354, 53.4647455199396, 20.903900872371846, 47.73839055169914, 95.8795286431371, 69.03904143763606, 90.0650437620064, 72.33644179931704, 71.79201915480425, 101.68079415117927, 80.22455059004206, 30.901834524928844, 103.444599079554, 105.00449750630803, 90.64680818685129, 102.51688067442831, 50.89735132444036, 112.47434091889524, 10.847361504650484, 70.41390326529734, 64.57249816810958, 46.16133926151949, 25.02939781164865, 66.4404391777659, 23.81187526196338, 92.94709420591795, 50.31504428768928, 87.5420970319132, 70.41017973225155, 23.53703287959266, 85.58954867970458, 82.77755704005733, 71.76644784069022, 90.7456319485959, 82.40580028645826, 99.26125420304508, 87.24555159167252, 6.4194249637532295, 58.181321075409535, 7.91780902372644, 55.092596562489256, 69.22878099373683, 77.0582427469963, 9.012876580493346, 79.17215361057013, 48.94485837880318, 61.23157328224295, 25.184179805646064, 56.203855711301145, 12.811417826787615, 83.44801840673867, 31.401416786897, 82.72138542838724, 63.35591617771276, 52.77758408512331], [45.026177157966295, 26.178323387754197, 28.151364845985224, 64.0135943076863, 80.06739241893513, 9.400227384584028, 31.925614769010743, 4.378098813233795, 47.88283379319406, 65.30934549981616, 61.467560894572756, 19.9757166994452, 17.215090043774953, 56.0603940662614, 0.0, 48.77326830822895, 24.30902414030515, 45.6654249105391, 71.48856147467981, 42.458568599432574, 70.08181089544789, 57.343661857321784, 41.87793975605814, 33.00154405088016, 76.49000892487997, 70.71415926639897, 97.40491275704262, 88.23817228630939, 30.72674653726771, 98.82483328797717, 56.996973172402605, 30.697439805107695, 74.877768689108, 94.7904094940092, 105.46800616584653, 85.14794575425714, 64.49473792785189, 86.41741537712386, 50.52753472536924, 18.32854412158004, 11.70068241103758, 42.60701463686199, 31.149512288118977, 11.327160124057752, 33.54752293407264, 106.20027252494097, 77.65115305719803, 77.62097166106328, 14.433451047910538, 54.80675905175638, 33.94645018130449, 36.06205158238095, 79.71286625915434, 100.85299816810596, 86.47533393866202, 55.364453531674144, 48.396247788265754, 50.6971637866039, 5.6509910629207445, 57.54964878983904, 67.97786687153602, 79.09309711637175, 82.92641378193062, 48.186937413922415, 42.9594045958256, 60.311614635256404, 5.2567079956198555, 33.07881954397805, 23.456277718940672, 43.57204436829648, 81.29378157806798, 56.29680739768977, 42.920973482924, 34.61055784699237, 42.59536473962308], [62.35243998728068, 23.924901634740507, 21.10905813294898, 30.048729019391363, 32.38780174652586, 39.853093826675654, 41.80621882546519, 52.93152732434532, 12.426067178463496, 16.850065664655546, 45.472553550200814, 58.13999223052844, 33.00753382652517, 43.90830275544389, 48.77326830822895, 0.0, 66.96174615009014, 47.49405699796797, 23.824899932237024, 31.234939875786953, 21.727433104323506, 10.914564363947282, 24.88651015093964, 17.041149345411355, 52.163818975955586, 27.285156669762532, 52.56443958843966, 40.04430299932071, 42.24958197169665, 60.06427352220882, 38.24001437416415, 24.35230653144824, 61.20840794256452, 61.66019034937646, 58.1425759760287, 58.61433162391985, 15.726885263838312, 69.29248794924207, 33.073775334924974, 51.23720539630285, 48.91270012342823, 7.250976224678528, 34.96337656895127, 59.3587872788046, 30.801159117169263, 59.37543644154144, 30.324842421797364, 43.84729946529321, 60.278609936795306, 22.70018331916452, 61.267357033503785, 54.101591740686665, 33.566854812729126, 54.963754569977375, 42.731332433090266, 65.05983637758966, 51.60758580228398, 38.20687107035236, 54.064439484457324, 38.18744886375396, 19.400632320433, 32.120171377151166, 37.995905587793146, 36.388500026807755, 43.71572036184855, 11.555333626082906, 51.622451043277735, 28.90796953764036, 30.577121260787358, 40.91644400070346, 41.265369600244085, 16.78217245846492, 48.70407655846856, 29.226691084050344, 12.736968499561753], [33.3212990151011, 43.068743119702624, 48.77314421187625, 73.36618460286151, 95.21537513831306, 29.304658362659186, 33.50163961751542, 20.69329766960869, 69.1156766760601, 83.78836351374973, 85.74735450880185, 9.35095217151373, 34.349827813290865, 80.36434698657973, 24.30902414030515, 66.96174615009014, 0.0, 43.53441784490822, 87.06015958655475, 49.07302839191522, 86.4983341304254, 73.28866242197367, 65.28623868221999, 49.93273180743772, 79.14730519085063, 83.5416084997865, 109.23400680232398, 103.73224343855476, 32.213443088212976, 106.56976932508846, 61.25768687305128, 53.61896631891039, 72.56122578425608, 99.70850084503135, 119.28563648687017, 87.68838756601355, 82.06619866927203, 84.10852087083632, 74.50871237944493, 16.44458206114373, 18.2163089951962, 59.925347725875845, 55.41187069217963, 15.14937909213215, 57.56474857667063, 119.43845300880889, 97.1580760707472, 84.7177028298016, 10.242789451521839, 77.40825537269447, 20.12952029051791, 28.508439113532734, 93.52232986846177, 113.38859626174222, 98.15676404736061, 44.97634839328644, 44.2518686962501, 74.93870802803933, 23.195009962684903, 81.6360505373104, 84.84296208502873, 93.61032792857105, 95.64762197348247, 72.40022310944914, 42.805953725329154, 77.93937211353284, 19.142553682306037, 56.899516346982885, 36.678917544548625, 67.87236703941137, 91.19269812833946, 77.67328696864632, 39.7580213011514, 43.46758955292882, 57.45943421029619], [18.04820312608588, 34.05436723961824, 43.40220252221845, 36.14821173806074, 63.69258819112031, 39.41065093858884, 13.823481689286004, 46.67691032119381, 56.98455144842451, 60.78906847540676, 86.78056602719079, 35.45719799301026, 34.58579320626598, 83.13539278676865, 45.6654249105391, 47.49405699796797, 43.53441784490822, 0.0, 57.39425483133522, 16.36515064411165, 58.55259820985918, 47.09806036164121, 62.474717607616064, 35.77330480696747, 35.873658641813535, 49.71687407460187, 71.65670625230638, 71.93120863402997, 14.957573818404004, 65.18069847688464, 20.149351015587353, 52.58364079078325, 29.79643574242056, 56.8664437280226, 83.74076549954344, 44.277415849405315, 57.33225986213404, 41.476123255158306, 73.28864231010613, 30.45969929690484, 35.24754132950324, 41.177813975277445, 61.911638541632705, 48.30026602838464, 60.716585698785416, 83.09489715668434, 74.58130737116724, 43.80505684425472, 44.87088251915274, 68.02948272400401, 25.584515542327132, 15.571335110033532, 59.96565362154937, 76.45322069719069, 61.13030140106712, 17.575103365512945, 4.194454532786735, 76.71602802151702, 50.20648994143473, 80.19480515287339, 58.08820713920701, 61.1953325973603, 60.23798262061871, 74.15302141296145, 3.9847133568442485, 54.19245876020969, 43.275777190199676, 58.88029795012401, 28.24087312330056, 74.21161878024886, 52.5818222717154, 63.83673544026154, 3.8606134827566434, 19.900705754157258, 34.77250491750966], [74.8816913824012, 45.51121847810315, 44.68646146330061, 24.456542333572216, 8.62571813247794, 62.2391731252033, 57.084346524174144, 75.44800393742156, 32.29466559823663, 13.697735245959333, 60.992929608100006, 77.8210483265314, 54.786554093658914, 61.3102203609043, 71.48856147467981, 23.824899932237024, 87.06015958655475, 57.39425483133522, 0.0, 42.216434843893936, 3.7513481716323405, 14.15030171815165, 46.08839255170675, 38.534239418191895, 45.288964646539114, 11.05749323085133, 29.484157939523733, 16.81232738347507, 57.95843897094535, 40.729685041641496, 40.54264677831747, 47.9963183874845, 59.08428716399596, 46.330925342551666, 34.35374565028773, 48.62918675676067, 10.450187657746934, 63.52816790902065, 51.28774790352531, 70.69924809129637, 69.75762576175617, 28.95783420284665, 58.079618430168516, 81.48845159883503, 53.683914201093415, 35.55214487689902, 21.144291188977583, 31.76814232276352, 81.69167914138829, 37.773272567134214, 77.44953085094437, 68.59092651725608, 10.541910078347609, 31.3502306261013, 21.09907010243531, 74.00344474963518, 60.84922561425803, 56.81832312981786, 76.96759605963933, 54.050008047221965, 6.2385778456235865, 8.454539249934344, 15.752817973867039, 55.69675158042875, 54.483496122894515, 13.313770870406685, 73.7248187391607, 51.94970209497246, 50.59551041967181, 61.80624436533906, 23.72980185760792, 29.913765510949457, 59.949959987684394, 44.63276971493766, 29.681373450698285], [32.818235721848126, 22.384409001123064, 30.697137839497, 24.35321449399405, 49.23336619973222, 33.98225298772255, 15.94867746795765, 44.91375818266441, 41.30813524407477, 44.537201935885854, 72.40276271884538, 39.829244849894536, 26.943155071805197, 69.25060596641431, 42.458568599432574, 31.234939875786953, 49.07302839191522, 16.36515064411165, 42.216434843893936, 0.0, 42.968769590198804, 30.97339072202807, 48.35154772125729, 21.591004367728555, 34.174060066918756, 35.950567950128644, 60.46774428572024, 57.7024766780628, 17.10708095139877, 57.86884897825166, 14.660953224311887, 39.838164361825996, 35.703334903175744, 52.53290855263173, 71.34726036164477, 42.770206620262066, 41.201539109247435, 46.35746455618056, 58.939465001228555, 33.078887910908065, 35.0883976128832, 25.21397467299236, 50.35916952756186, 48.75408242727476, 48.29745954710328, 71.15967452360383, 58.413151949764284, 36.096335051143576, 46.87165703331973, 52.39827678699535, 35.834830293017596, 26.50210536679334, 46.27713915433154, 64.84781211844523, 49.46443467406057, 33.927834076489425, 20.41243897882384, 62.87397716727326, 47.8758736178349, 65.53724702748775, 42.26084868645699, 47.032642917076636, 47.52119950790909, 60.42770194215429, 12.793287727977765, 37.929779383377685, 41.957075307319975, 46.306993864301674, 19.76933843422146, 61.63451739746962, 42.14029315892705, 47.7573734671394, 18.13104354874353, 8.104773732461574, 18.585567694948487], [75.77025485611472, 44.35757230864729, 42.807502216945004, 26.981876803064686, 10.981355378984446, 60.934226410466785, 57.36049120324123, 74.12639587718665, 29.232299964110613, 10.001738493239896, 57.328598127512365, 77.33395226803158, 53.64437564040557, 57.740722505761354, 70.08181089544789, 21.727433104323506, 86.4983341304254, 58.55259820985918, 3.7513481716323405, 42.968769590198804, 0.0, 13.210657610975796, 42.98531755264722, 37.323036145371056, 48.4060123103961, 14.380177030452694, 32.697716324692294, 18.317902796593895, 58.16608750077776, 44.451267978137246, 42.50798491914093, 45.528468943597645, 61.82948672203752, 50.04588162979061, 36.56965613055694, 52.04590062338496, 7.104246578874482, 66.66860706836157, 47.819939173914655, 70.23460508598698, 68.94460597815609, 27.481458118490945, 55.32008624226205, 80.31848695610162, 50.86925781566506, 38.00982141917895, 18.089248915022004, 35.213130633402955, 80.75320152724738, 34.21287424785228, 77.7055072225094, 69.1044978648358, 14.025826862434283, 34.22828746261099, 24.724287406710733, 75.44514118384399, 62.14264317315838, 53.353932230807246, 75.489552939306, 50.42204165132516, 2.714799575482968, 11.60579769335243, 19.339242984179833, 52.300083604918775, 55.47458031300417, 10.54638216393126, 72.54817908991063, 49.19265568411662, 49.86929856895364, 58.56369046866873, 27.453946647234222, 26.37410687716673, 60.92787831350159, 44.715744225428445, 29.050870499453453], [63.69625133332502, 31.371441640985562, 30.858873793962946, 21.54930520895533, 22.727088144276852, 48.088872851437614, 44.57662799909993, 61.297706390535424, 22.17246141701138, 13.842511871361612, 54.36367695029506, 64.12434441200095, 40.653010337308444, 53.4647455199396, 57.343661857321784, 10.914564363947282, 73.28866242197367, 47.09806036164121, 14.15030171815165, 30.97339072202807, 13.210657610975796, 0.0, 35.4644035537169, 24.384819001015348, 44.2814628858824, 16.39679440089069, 41.85936573763623, 30.94311826947155, 45.312932372002564, 49.271551643475654, 33.58025703712944, 35.13410829832344, 55.31612659611674, 51.55003063877672, 48.29486512791971, 49.86402926454129, 10.236921473161901, 62.13054137320622, 42.77214928590686, 57.02718842436003, 55.779014141747155, 14.897470552081446, 45.86969091295942, 67.35546224201691, 41.71494260829878, 49.27483818397957, 27.483401789309788, 34.18247592600197, 67.64276077636178, 30.786780757220146, 64.84381971567295, 56.5350952654486, 23.034017395039967, 44.507000780600386, 31.849229844184478, 64.43507134727803, 50.93037056946146, 48.115143781503754, 62.8336169112297, 47.091540759392736, 11.750886110443236, 21.94163938110149, 27.214248590596384, 46.50760378495726, 43.7300853568288, 7.453915814759277, 59.58908354010811, 39.82170967589843, 36.67327482265251, 51.52631710529823, 30.53469165710026, 23.442304879251363, 49.103550416169796, 31.81248310802994, 15.84200142936453], [72.86383184153944, 29.048943657730486, 19.681015489353637, 54.48942091616134, 53.89324447253474, 36.160604604757715, 52.071078044594195, 46.17419852653089, 13.79711734788987, 34.09363267008104, 24.313505976998883, 58.390866145135675, 33.48648409146956, 20.903900872371846, 41.87793975605814, 24.88651015093964, 65.28623868221999, 62.474717607616064, 46.08839255170675, 48.35154772125729, 42.98531755264722, 35.4644035537169, 0.0, 26.880995630597365, 75.77379346736812, 51.78277271755939, 75.57254714015914, 60.06142958309866, 51.858654374813895, 84.71734413394965, 59.49921599994555, 11.861574088170384, 82.68062217923597, 86.52164300769742, 78.80346075294977, 82.79610589466083, 35.889128727839775, 91.94916154031951, 10.856425731047649, 52.970791878034895, 47.924374344573145, 25.749389464440952, 14.241646980449541, 53.12714129295599, 9.826578551438297, 80.60122636320072, 41.90044666741192, 68.61287707993249, 56.102323328723024, 13.94229673866502, 67.21522773666352, 63.27863478582955, 56.55532847974429, 77.1986715157899, 66.57436166750125, 78.93236695860554, 66.6178968441469, 14.560126191059501, 45.54843988011336, 18.01596210243289, 40.280129554684436, 54.49889696065884, 61.4962235067439, 12.233911440566665, 58.496971525256996, 32.81642307095201, 46.543059417808415, 9.271563215095512, 36.37359566830943, 16.062366713241644, 65.99876896263265, 18.77227597823048, 62.260340423119644, 42.613811247011895, 32.14042200746481], [47.927656172762084, 7.043965488821311, 9.86557340886326, 34.042459305183, 47.08690875311971, 23.708572111935855, 26.825404352424233, 36.91640340211837, 22.22243066218454, 33.8556658782705, 51.107194480820574, 41.10237483733679, 16.323070585534033, 47.73839055169914, 33.00154405088016, 17.041149345411355, 49.93273180743772, 35.77330480696747, 38.534239418191895, 21.591004367728555, 37.323036145371056, 24.384819001015348, 26.880995630597365, 0.0, 52.10381483910575, 38.12640737263529, 64.81940475968874, 55.32378763893951, 26.962249599973802, 68.32104775522745, 34.00522556143606, 18.528741329892853, 56.738729523325965, 66.68203539300288, 72.47511760113977, 60.020082688242965, 32.279909352377985, 66.74366616974507, 37.607683071917094, 34.227444763578085, 31.94621587257705, 10.03340084739549, 29.57174706474423, 43.00180274594244, 27.009404206025472, 73.25607119569808, 47.33246603344418, 48.58734159244326, 43.52076230171729, 32.89476461128618, 45.073368343465305, 38.91387147967584, 46.77647746400643, 68.05030877563247, 54.068987257203815, 52.67192087377189, 39.95045389859912, 41.341515486445054, 38.5386351944155, 44.43401096321297, 35.38488575937364, 46.09431289090699, 50.20636898907017, 38.86696403901749, 31.788749653713616, 28.111178181881186, 35.231666623901226, 24.971375151488875, 13.629745094216373, 40.16881230790403, 49.92565555451652, 30.163858661365737, 35.901055931537975, 15.876626299548516, 10.09656922700063], [51.6171254018488, 55.3177723146915, 61.96876614551411, 22.74172057419784, 46.88710393642359, 68.15420879904475, 46.53523353604071, 78.6772521103323, 64.57651816626245, 56.02248613137728, 97.6362521122157, 70.61855269320097, 61.04457103697768, 95.8795286431371, 76.49000892487997, 52.163818975955586, 79.14730519085063, 35.873658641813535, 45.288964646539114, 34.174060066918756, 48.4060123103961, 44.2814628858824, 75.77379346736812, 52.10381483910575, 0.0, 34.2546771193794, 43.81574235418483, 52.75986837199455, 47.883664990848246, 31.57018933414215, 19.522650691413443, 70.28669943520252, 16.044371994344758, 21.258719124671078, 57.501880164723666, 8.703497598223523, 51.74396927547532, 18.264765712957534, 85.03656486645342, 64.76220884220677, 68.15135748793594, 50.03257978557909, 81.57441395833018, 81.83624638435813, 78.60969231275693, 55.80354649435544, 66.4172703518678, 15.19397131905613, 79.2088593396406, 74.5554628640367, 61.366292678264784, 51.43106136664686, 41.113731074648534, 49.015689321109846, 36.06105677548562, 44.116226136290734, 36.27715168759532, 89.93364922218883, 81.79981788141852, 90.35078066385718, 49.67875579006154, 43.768323485469374, 38.23215188015793, 87.87533868319969, 36.35515538135126, 51.04077631911296, 75.55822604828653, 76.53664064530724, 53.9003128542892, 91.04546880037226, 26.65948856198525, 67.58917352287428, 39.731893449684044, 42.243030883872734, 43.954023218717076], [67.6406498858167, 44.60209803857106, 46.08751960505118, 14.45481359840744, 14.274047348964052, 61.314706425508646, 51.680541868411446, 74.34719634169237, 38.274358883013306, 23.25903009640565, 69.39014168047568, 74.19351663954362, 53.537773978341626, 69.03904143763606, 70.71415926639897, 27.285156669762532, 83.5416084997865, 49.71687407460187, 11.05749323085133, 35.950567950128644, 14.380177030452694, 16.39679440089069, 51.78277271755939, 38.12640737263529, 34.2546771193794, 0.0, 26.713864805838792, 22.239166875315394, 52.72189304320529, 32.94526902537468, 31.30454840332708, 51.26269029530245, 48.33861603631811, 36.465404644945465, 35.74924676705291, 37.66631361872938, 19.194703639674536, 52.48050841592741, 58.54590551435613, 67.10756409444946, 67.19721844153504, 30.038389499586966, 62.174595327980846, 79.83859661040168, 58.07486897841455, 35.95880250498463, 32.201474136165956, 20.84605690020933, 79.3373932504064, 45.756031818706056, 71.78339417976825, 62.36178336042569, 10.34202091837706, 30.218022395695908, 15.98223635378251, 65.49248022412475, 52.802243300623566, 63.98857410290298, 76.33819817731982, 62.22962673892695, 16.096570