instance_id,num_cities,city_coordinates,distance_matrix,best_route,total_distance
71,75,"[[40.462938857323834, 92.45524913772354], [48.396747705424744, 40.58593047425969], [34.33114248048681, 5.155186595860184], [77.7503312357467, 5.338402738143911], [54.29204768399293, 26.683287591792592], [45.03123232912279, 62.855375679436854], [49.42504257957968, 40.02382637027245], [88.6993338850263, 99.90416431225853], [5.134910568160533, 10.803348117669564], [51.36990894444493, 87.46471222366354], [75.59627546216018, 95.64316094892685], [93.8821340750524, 43.79717812737257], [98.37193300265827, 57.6331222116165], [9.153228520525492, 32.7592749051257], [67.47718545573657, 83.44966333669892], [39.307591758526385, 71.41196678559298], [40.77211884513395, 43.195690843032665], [88.59091036635311, 8.3913727362672], [58.90338985244402, 30.948683587583037], [65.72711980093294, 9.496936392636135], [26.476627944980557, 6.276129531803876], [66.39512009366626, 11.202069060266872], [38.95298211351815, 88.78324476859436], [47.89282833995887, 36.17452679887984], [42.39964049235234, 0.3526860945155641], [53.51250850410098, 38.41155695692164], [22.137627721693388, 50.69551539178357], [52.28223580193411, 75.17023888169888], [36.82564477746067, 53.42870470718516], [28.85313162177694, 7.880430739094136], [26.501980378184232, 55.08764109636375], [33.00788692790252, 93.2848333742884], [9.878201948691967, 62.913110868905456], [27.40794111618229, 49.263531672293304], [49.56195164289645, 34.923918969168795], [28.90020262940548, 90.35387632254968], [5.313611802727802, 55.071370977484094], [2.568429163041208, 35.65293766077693], [89.74076152877673, 19.749125032985592], [79.24591005087592, 70.61234601664866], [36.92050967290732, 1.051860280254624], [21.616007785639756, 37.56747546368883], [63.144932455580395, 89.46719116947833], [52.71718380341741, 71.44368706429704], [95.89446342199014, 83.7903111860962], [25.344550525221266, 38.312846128208236], [97.55678038621795, 65.62165043846178], [58.58616837634428, 56.34056480924103], [52.68911779992386, 51.809412339472274], [52.471471412281424, 98.49669323096258], [89.40893980653001, 63.682372843556244], [4.130445442375907, 58.59913295730844], [50.85752821248685, 23.786019576693473], [86.934299193376, 47.47834608271656], [85.61919542578632, 85.5542793647125], [37.09441991262737, 95.16320396435027], [32.640127838424924, 76.93057789643221], [32.03296468252569, 65.22212429384824], [50.59660114002394, 43.69739352464873], [95.26240441551947, 99.70655889991143], [74.17111246918704, 78.38053530983626], [22.33443064179973, 22.506590479061195], [44.58732680845825, 90.09024026681533], [54.3850787352249, 2.218121797919137], [54.08746092429044, 39.93487423736204], [42.25893220648565, 76.02807775963032], [85.66447810545603, 47.40797958661454], [58.99990860933318, 46.172048764757456], [72.63554496948895, 97.54403708979021], [76.44591395368306, 23.466626558653548], [49.800709755041716, 48.3530715267665], [88.2700969733666, 38.22702715149586], [76.62456571375682, 84.8778496952164], [41.29774036496984, 65.94076994990122], [92.581136658084, 9.384770350510008]]","[[0.0, 52.47257894796256, 87.51514067074477, 94.76125029246087, 67.21008240241397, 29.950322435510866, 53.191854607145075, 48.808156516569824, 88.96686193740123, 11.994476027403193, 35.27767173021404, 72.2579981189498, 67.57242134615487, 67.40851059735115, 28.475780847932345, 21.074974711021344, 49.26052857666989, 96.86607743277965, 64.21143074778166, 86.72001206332455, 87.30668673697416, 85.29101533206246, 3.97033820411663, 56.76903174007983, 92.12292294728398, 55.59686980846453, 45.60364448977142, 20.93961221741586, 39.19567678216813, 85.36795377193774, 39.89043108803109, 7.50106720913267, 42.522512452396256, 45.12158489719485, 58.24642465109143, 11.752133286547055, 51.31305427170151, 68.28247545376588, 87.83213699764292, 44.51102415533206, 91.47200828207653, 58.033391333893874, 22.877965906368193, 24.323903057780736, 56.104679530933566, 56.21357015352278, 63.08524993752103, 40.406953267290945, 42.444828902547755, 13.44261510477813, 56.77666262787155, 49.66172248894514, 69.45149801385074, 64.6723212812305, 45.680530766233694, 4.32202952602478, 17.38423968390865, 28.508026121600594, 49.79979513256324, 55.277146441645044, 36.52859889982686, 72.25965442946972, 4.754349895720474, 91.30479247728412, 54.25880003490478, 16.525058293255082, 63.815637929983176, 49.85733531137657, 32.57257046764383, 77.8087690568523, 45.07988504163101, 72.2926305159793, 36.94699228915939, 26.52761768720725, 98.06636012382664], [52.47257894796256, 0.0, 38.12058318180016, 45.86960952068199, 15.10092847988888, 22.522319673925978, 1.1719007517416373, 71.71437316482465, 52.52226922285676, 46.97296952569053, 61.40938802601797, 45.59860178430839, 52.802707237631594, 40.01637584056572, 46.9186817765171, 32.13809687107618, 8.058896601867858, 51.49815783072343, 14.257140553430787, 35.59308008554463, 40.71429836093406, 34.457984854349085, 49.11380471661461, 4.4400920163940745, 40.67774880994888, 5.558678686718053, 28.137965269802752, 34.80188796270951, 17.286621213164626, 38.09990344544106, 26.261767786675065, 54.89983062721247, 44.52169529104401, 22.711907991024045, 5.780663845933375, 53.450572530699574, 45.453103147999784, 46.09304935150252, 46.29794747095199, 43.04946512722569, 41.1660873229837, 26.950308000132495, 51.05767915386137, 31.158743714194117, 64.2078773281361, 23.16399592642093, 55.167890002270376, 18.762537052273483, 12.01628004862179, 58.053938853021386, 47.068519745751495, 47.79101358769153, 16.97917686079337, 39.14905193751433, 58.37519178750969, 55.73527962743153, 39.61318550527293, 29.575588594935052, 3.8105849219843093, 75.44294853935938, 45.74658493978386, 31.719188283859086, 49.65066339544282, 38.83231709731909, 5.727834770921391, 35.96968978594229, 37.88699095020344, 11.984645956790134, 61.901092090806834, 32.86071048801777, 7.893008904486378, 39.943064563568804, 52.5222221329912, 26.3299029632732, 54.090411536498266], [87.51514067074477, 38.12058318180016, 0.0, 43.41957531252097, 29.35808013195726, 58.68393087591681, 37.995366295367134, 109.2395029964124, 29.73754674573522, 84.05461065097691, 99.45292706862095, 70.98960564348485, 82.79587294784753, 37.36191968784453, 85.02167519543967, 66.44340425149413, 38.58194059283554, 54.35618926822824, 35.62442740551312, 31.694765864473137, 7.934098036583686, 32.629180926232614, 83.75567751105396, 33.854376230875616, 9.389604423664146, 38.391548186077976, 47.14449436587184, 72.27966033417725, 48.337926026610084, 6.118460476980646, 50.5425146947497, 88.13958047635562, 62.7210022000791, 44.648368643349215, 33.43882436413418, 85.37161026249164, 57.737704750491766, 44.03388215117839, 57.29929251032005, 79.38498639755879, 4.8520211571596406, 34.81710958651898, 89.09965548727227, 68.79107362065564, 99.86753879348626, 34.35388217703429, 87.48528183766268, 56.6414090931322, 50.13613504813645, 95.08789825558543, 80.36787472840871, 61.38678607219243, 24.904404488414492, 67.51549396331676, 95.36497518992162, 90.05042416764837, 71.79530852966577, 60.11088608234801, 41.83380045306268, 112.4836907537038, 83.3617112527324, 21.094840877770515, 85.55204649251448, 20.267873813905673, 39.99923487885002, 71.31491114662668, 66.48616293564605, 47.86367103035489, 100.01463365742649, 45.92344509888746, 45.884254098392, 63.270510109547445, 90.24653267822512, 61.1834996528897, 58.40334922269189], [94.76125029246087, 45.86960952068199, 43.41957531252097, 0.0, 31.715850557883552, 66.17206064186654, 44.781699275433986, 95.19749955280456, 72.8207727693939, 86.2592452435028, 90.33044509900131, 41.70506524734581, 56.21377183788936, 73.8746690775706, 78.78392321097441, 76.44318206645893, 52.92034064763583, 11.262272492546975, 31.797699361632997, 12.722068045792742, 51.28227745224534, 12.779804490618261, 92.02323598091364, 42.922453637473666, 35.70054210352639, 41.003726425164544, 71.76378237256559, 74.33107845448023, 63.1467109609249, 48.96323147470988, 71.42394684447784, 98.67350700303861, 89.00265698450274, 66.811475023622, 40.86425717820958, 98.05083280440239, 87.86607110889342, 81.06349009785735, 18.74671533018676, 65.29107463595402, 41.05421750681154, 64.72847439844145, 85.38718121856412, 70.68639958443406, 80.52273885007739, 61.91671639197477, 63.453647501527314, 54.48381111879158, 52.79790859724105, 96.52713526008526, 59.49741172074622, 90.86579646768956, 32.6119214624007, 43.12910957266049, 80.60090499870434, 98.59715026734204, 84.61896947164254, 75.34014674741945, 46.997204515487105, 95.97927695302491, 73.12977463112802, 58.01438363841846, 91.00911397838499, 23.572678625032626, 41.91476197681445, 79.09911225606513, 42.80751122040039, 44.93289437033733, 92.34738786094057, 18.17509293875108, 51.29759323700857, 34.53008958831314, 79.54741334730784, 70.72084765372176, 15.37289433807554], [67.21008240241397, 15.10092847988888, 29.35808013195726, 31.715850557883552, 0.0, 37.33875543798018, 14.200623704137417, 80.90215158717037, 51.65846113780933, 60.851626725117015, 72.17571790190956, 43.13073370249302, 53.86026877672575, 45.5459176798975, 58.27751945022841, 47.1719054290174, 21.341226228578673, 38.87166230540174, 6.281566651357002, 20.642953806574422, 34.49854598882106, 19.65076306341948, 63.96633187807425, 11.446992176952417, 28.89169299331889, 11.754147507752794, 40.1309582122155, 48.52858733974244, 31.94358413155375, 31.633619398411238, 39.73783007253945, 69.91982122194666, 57.31657515666773, 35.10872553489213, 9.501674276452217, 68.54698873471678, 56.610692096883724, 52.495593484224656, 36.120547111600175, 50.52185092729439, 30.96353337229533, 34.44109651375086, 63.404984955688974, 44.788096154899435, 70.65389684254866, 31.19622130177005, 58.20681400810258, 29.966540749193364, 25.17720256599615, 71.83647908588706, 51.01106175932022, 59.45424732381798, 4.493337952065344, 38.70337247892968, 66.68720910312078, 70.60635486523105, 54.713762582714345, 44.5051537511547, 17.410804859448135, 83.73152502640612, 55.387567543219625, 32.22939785020775, 64.1453291737178, 24.465342672813907, 13.253165824333447, 50.79078838532594, 37.59976394646355, 20.049333319320333, 73.19651434379215, 22.386172046543138, 22.13033330477625, 35.885453271950816, 62.332563078690896, 41.35216975925722, 42.015390432707086], [29.950322435510866, 22.522319673925978, 58.68393087591681, 66.17206064186654, 37.33875543798018, 0.0, 23.25048843301632, 57.26705713284209, 65.58300132919514, 25.412561192855843, 44.824778020673136, 52.43687152494873, 53.595730050311566, 46.82954664639852, 30.462197817495046, 10.294431151808594, 20.1157464573462, 69.74075685924808, 34.791863338950456, 57.23148435406011, 59.54397063084113, 55.8970463004084, 26.630800235591625, 26.833867196443258, 62.558064875317115, 25.87339017785334, 25.922564189072038, 14.291007908931725, 12.497751505254255, 57.30598148265797, 20.09156236867681, 32.718690839332254, 35.1530777924152, 22.255754687060822, 28.296531438637146, 31.88067842428135, 40.47320236253532, 50.428784308968055, 62.10548161031672, 35.082969663581984, 62.33344477648417, 34.463758322959485, 32.19153391727772, 11.525317458036927, 55.003089021203294, 31.46269532670393, 52.598340988482065, 15.039250377551614, 13.440852502417679, 36.40962337656429, 44.38541252776397, 41.12164843564466, 39.50139630447861, 44.63541253140255, 46.50401033082567, 33.26843488687268, 18.752354197505543, 13.211981714201361, 19.949977700351734, 62.299120009211876, 33.01761948000937, 46.29437626731485, 27.23848199155229, 61.35447009697488, 24.644769480035432, 13.461267698976465, 43.47048088494588, 21.75907429012959, 44.33171896948298, 50.38209780142637, 15.266458025780246, 49.76097835590626, 38.51140189772786, 4.84340996103045, 71.55486731128235], [53.191854607145075, 1.1719007517416373, 37.995366295367134, 44.781699275433986, 14.200623704137417, 23.25048843301632, 0.0, 71.61092674719087, 53.06083435925007, 47.48073457447417, 61.469047573283284, 44.61693812577958, 52.0181255152167, 40.92178778593136, 47.02853579111127, 32.97845008256619, 9.215954285243207, 50.344585830042426, 13.122396257971127, 34.607061901260515, 40.81098842398534, 33.44663249522988, 49.871283650488294, 4.143040871922476, 40.28840584170586, 4.393949287981064, 29.29996512281601, 35.26235762868416, 18.396618934018097, 38.162827504761985, 27.429642629663437, 55.73381259857638, 45.69323745089849, 23.877288600629004, 5.101744759535715, 54.35423611071163, 46.60736984519743, 47.06003494450178, 45.126718346305964, 42.71933603062385, 40.92893211574853, 27.917307820540927, 51.31161370369224, 31.59186350739068, 63.83503948900464, 24.141200280200504, 54.515252740062984, 18.712620851977434, 12.229236430843283, 58.55217235543623, 46.45900191226514, 48.95551597750728, 16.30087066858961, 38.242831954012516, 58.163896449029984, 56.501285089961, 40.54431737101427, 30.617618977028208, 3.855858542304484, 75.2535201986146, 45.64652336877088, 32.26073167849306, 50.29959536956633, 38.12968996566015, 4.663266805903852, 36.71047883081129, 36.98408314338161, 11.37887068648618, 62.026623819209355, 31.690193363526713, 8.337712558231972, 38.88658815438635, 52.456624626078, 27.161388141942655, 52.926365923751625], [48.808156516569824, 71.71437316482465, 109.2395029964124, 95.19749955280456, 80.90215158717037, 57.26705713284209, 71.61092674719087, 0.0, 122.155508638875, 39.347502267093766, 13.778471965184197, 56.345854475380165, 43.36358119395428, 104.09620094968099, 26.85386725053762, 57.0206060138718, 74.24869631643358, 91.51285580556554, 75.11761845774843, 93.2801665952413, 112.41829936158717, 91.46332409738943, 50.97425199128756, 75.67455049345364, 109.79143146709296, 70.84810117247576, 82.77651753941109, 44.022404523129396, 69.64802916903808, 109.77219805614942, 76.66179972069476, 56.08344502831919, 87.06956342243843, 79.50539919854889, 75.85622567472439, 60.556949226437624, 94.6739563205474, 107.45581824381468, 80.16180445448416, 30.779503590069606, 111.59222486009163, 91.57529916500427, 27.60358383979121, 45.87716087201954, 17.647270373211285, 88.3590349099443, 35.40826338622862, 52.95837930500312, 60.08195094884651, 36.25519265138169, 36.228741597880365, 94.11696184885517, 85.0057304806133, 52.45552177320995, 14.676731616265846, 51.82223317379455, 60.583993392485674, 66.43734867100525, 67.904486781125, 6.566044675999143, 25.967976874249633, 101.95432711635175, 45.190510878866135, 103.53758259008656, 69.24086583757598, 52.218563912968676, 52.58383554241483, 61.393779024559855, 16.236240785020925, 77.41345798921289, 64.58032306038913, 61.6786307619897, 19.276673918501515, 58.313147958703645, 90.60258868250483], [88.96686193740123, 52.52226922285676, 29.73754674573522, 72.8207727693939, 51.65846113780933, 65.58300132919514, 53.06083435925007, 122.155508638875, 0.0, 89.52452078311731, 110.28416832876846, 94.68190164382737, 104.33681082983674, 22.32060931655837, 95.72902565607085, 69.5785656403762, 48.158846342222176, 83.49084696873311, 57.41849794047016, 60.60629118584451, 21.816613135779562, 61.26150707825371, 84.99721315864325, 49.718570372183535, 38.70240862071958, 55.70103389851274, 43.36447163783889, 79.78700961514791, 53.11519235687532, 23.89764540598489, 49.16960724766112, 87.06375951731333, 52.325196484205534, 44.4440503200199, 50.552585659474104, 83.02454844461185, 44.2683835490782, 24.98177190000209, 85.07747611082854, 95.23421902870379, 33.24779429512477, 31.431593629434982, 97.74028260169158, 77.07998075892668, 116.46627499915571, 34.13505570503521, 107.45626221863353, 70.21876576309255, 62.79251490746408, 99.65376445327227, 99.49021690613851, 47.80633847750705, 47.53006966607785, 89.64482949504244, 109.84271405670741, 90.2108392379309, 71.6194631039477, 60.703447312754385, 56.11402260476664, 126.59678524590366, 96.6057627769919, 20.803590376014167, 88.5601739715318, 49.99285124340735, 56.96488392362227, 75.04970579202629, 88.45852300779791, 64.43898664193013, 109.91033967712032, 72.42663753567395, 58.352509329954934, 87.5415180950084, 102.94562922629727, 65.93849820263164, 87.45773162077491], [11.994476027403193, 46.97296952569053, 84.05461065097691, 86.2592452435028, 60.851626725117015, 25.412561192855843, 47.48073457447417, 39.347502267093766, 89.52452078311731, 0.0, 25.56958854190727, 60.943767684695935, 55.66968679825431, 69.10088985120102, 16.600149823899883, 20.079594916063446, 45.51987927255308, 87.39562897844905, 57.015917316004476, 79.27864511717515, 84.91914624177065, 77.72868011452566, 12.486736963539794, 51.40790999874229, 87.572660188143, 49.09992642047569, 46.9733978028795, 12.328277051201265, 37.01331419666165, 82.7083013996406, 40.82509774585818, 19.262337935565846, 48.21143929094395, 45.0944131541933, 52.571890449324556, 22.654689825164596, 56.30729138839455, 71.17615058578357, 77.83137591374593, 32.57412599688715, 87.61259110596959, 58.09499866984179, 11.944082242525983, 16.077574341382277, 44.67591268691404, 55.61677104538365, 51.09154961176075, 31.949756688638175, 35.67969621277602, 11.086841065693722, 44.86164882521889, 55.36053267758124, 63.68075400968303, 53.513879797078204, 34.30252728574899, 16.21901236755695, 21.488896814484857, 29.472871105546144, 43.774149803982596, 45.5676855756693, 24.544187751449922, 71.15206659577753, 7.273019863631756, 85.29989699924525, 47.60746357208323, 14.622123819183978, 52.73195713697151, 41.9916771565113, 23.53338193516965, 68.73544206600619, 39.143106980657485, 61.530264974528905, 25.386798661446758, 23.764020512060196, 88.28840587857755], [35.27767173021404, 61.40938802601797, 99.45292706862095, 90.33044509900131, 72.17571790190956, 44.824778020673136, 61.469047573283284, 13.778471965184197, 110.28416832876846, 25.56958854190727, 0.0, 54.97616356152534, 44.31132610534107, 91.48257544941572, 14.649266416848862, 43.63507001854772, 62.95600848684607, 88.21414332520655, 66.81338062870712, 86.70970094959617, 101.97649766745775, 84.94091628575877, 37.27987925725915, 65.60487352418829, 100.9073395313634, 61.34451286427804, 69.84352410474358, 31.02716524675408, 57.31685720165828, 99.43449255648987, 63.67888190211999, 42.65363462700675, 73.41744591418528, 66.881877806157, 66.06521295903538, 46.9946778886797, 81.15246732263758, 94.50869391357512, 77.20084956591406, 25.295484356009297, 102.19260747028765, 79.28842628662194, 13.898868492944478, 33.302663128074805, 23.505456429365935, 76.23647982810117, 37.19616740807486, 42.82566761172756, 49.45842081303661, 23.300197613537723, 34.81783555315616, 80.4961171129422, 75.99641032096419, 49.48131135313538, 14.221267742981102, 38.50484696066372, 46.85500382209616, 53.13380766755433, 57.64847326261184, 20.081529596079633, 17.32135484054085, 90.47531184672305, 31.502219361653626, 95.80267640810497, 59.716348776213586, 38.67983898453678, 49.27475444405208, 52.18074676978366, 3.5184165690174916, 72.18153504987673, 53.86802175415566, 58.79828374997365, 10.814310298432977, 45.372034788757226, 87.91470558714194], [72.2579981189498, 45.59860178430839, 70.98960564348485, 41.70506524734581, 43.13073370249302, 52.43687152494873, 44.61693812577958, 56.345854475380165, 94.68190164382737, 60.943767684695935, 54.97616356152534, 0.0, 14.546189986132294, 85.4448520626704, 47.6396987276846, 61.163365029210645, 53.113421135108524, 35.798995848044775, 37.26387472243944, 44.37579759099802, 77.1448724437482, 42.63774235005218, 70.9997037110844, 46.616746511009104, 67.3637219390803, 40.72728304380768, 72.07538587410221, 52.10393917381334, 57.863712940182445, 74.28851797567046, 68.31954088156432, 78.45190875670191, 86.15149155568336, 66.69857082885034, 45.19970463297556, 79.93858618491801, 89.28320425435439, 91.67617660840571, 24.40204549207916, 30.549505439793037, 71.21649283966595, 72.53414509150326, 55.05021030534019, 49.587121183484996, 40.043728113817274, 68.7566597234562, 22.131665485671483, 37.45853366130681, 41.964991205915275, 68.60670473603645, 20.382110682274316, 90.9640779605025, 47.45063936523435, 7.862786214726355, 42.56679056338393, 76.57227363790597, 69.63049266049639, 65.45493161543936, 43.285647949827144, 55.92641598190886, 39.80619256795046, 74.64826179478733, 67.62414972254344, 57.3483679433448, 39.98166332851556, 60.858736942755115, 8.975954367793262, 34.962975616866245, 57.793965056454304, 26.78344823224203, 44.31622879654214, 7.907056489285895, 44.55833527197625, 57.05661329468941, 34.43699178615968], [67.57242134615487, 52.802707237631594, 82.79587294784753, 56.21377183788936, 53.86026877672575, 53.595730050311566, 52.0181255152167, 43.36358119395428, 104.33681082983674, 55.66968679825431, 44.31132610534107, 14.546189986132294, 0.0, 92.62119362919461, 40.26138623608352, 60.65025114867258, 59.38163028667962, 50.20376773913465, 47.64268215665584, 58.161638681995086, 88.35426184656215, 56.3769390847014, 67.08905916824878, 54.85080969899426, 80.08711438567713, 48.80406271185068, 76.5493284755519, 49.31339218867955, 61.68972946002167, 85.48797607964777, 71.9150162647013, 74.45470453966878, 88.65110668273024, 71.45584783808641, 53.834210240766915, 76.7917252745508, 93.09357504111122, 98.29262363390494, 38.85478558996383, 23.11417323923178, 83.53272790348487, 79.3353782075384, 47.47999066930959, 47.6978807285573, 26.2742533779702, 75.53986801315574, 8.030009777029747, 39.80675535055442, 46.05252654873663, 61.45472976641261, 10.813356566851235, 94.2464384172455, 58.3373381235661, 15.295062778011495, 30.69565657340539, 71.8570848759243, 68.50592679510409, 66.77163821851065, 49.76632263510756, 42.18818842754681, 31.876870372755597, 83.75902934511468, 62.81917204098039, 70.75072875380508, 47.69006656126559, 59.051191757361444, 16.31051659715477, 41.00624963810861, 47.48939666290453, 40.59679465844514, 49.4498035232011, 21.87792532771638, 34.86005105638837, 57.67564890131185, 48.594616776114954], [67.40851059735115, 40.01637584056572, 37.36191968784453, 73.8746690775706, 45.5459176798975, 46.82954664639852, 40.92178778593136, 104.09620094968099, 22.32060931655837, 69.10088985120102, 91.48257544941572, 85.4448520626704, 92.62119362919461, 0.0, 77.27353642693033, 49.02362911796352, 33.296741627201556, 83.09115448199039, 49.783097467625325, 61.169776586783584, 31.645807881672216, 61.16655356245618, 63.45636700494225, 38.889851371117814, 46.427480088202, 44.71793838108255, 22.142794435448174, 60.48802471979049, 34.53965763928986, 31.733941911404248, 28.276052195959743, 65.05680560661334, 30.16254978946715, 24.60944987980488, 40.466660206946095, 60.88580375496995, 22.64005935685113, 7.192556341230042, 81.63096517897807, 79.66077451725624, 42.1471475284972, 13.358130843135534, 78.3000118828564, 58.26063803281294, 100.63900087014376, 17.117273777958804, 94.31396348454551, 54.769451123148286, 47.521378258795544, 78.72660500348809, 86.00707633754493, 26.323499273597708, 42.658737955853375, 79.16151850075865, 92.92123864135817, 68.37368308376259, 50.02737698019904, 39.71547453169385, 42.862519443137614, 109.07212754683712, 79.42685083821486, 16.699150496427958, 67.397439942346, 54.57730578695541, 45.50356543714295, 54.48097757019952, 77.90093620678128, 51.619705718703564, 90.70319681824822, 67.93128017413693, 43.53601065540393, 79.30558106723544, 85.2568306987364, 46.198281949917636, 86.64054085347489], [28.475780847932345, 46.9186817765171, 85.02167519543967, 78.78392321097441, 58.27751945022841, 30.462197817495046, 47.02853579111127, 26.85386725053762, 95.72902565607085, 16.600149823899883, 14.649266416848862, 47.6396987276846, 40.26138623608352, 77.27353642693033, 0.0, 30.633839904954975, 48.306758162782586, 77.97138172085991, 53.19645519829413, 73.97343139438128, 87.38878667270814, 72.25569696695014, 29.018567628311434, 51.17114009192828, 86.79856501220799, 47.153401029402715, 55.933082367379306, 17.304200769976188, 42.90425273777623, 84.86769968580217, 49.83343994456673, 35.844987246046564, 61.15057553537196, 52.67101612954681, 51.72720240832295, 39.18994464064774, 68.33474494382865, 80.60814865014493, 67.47907379138287, 17.415498688579095, 87.88121746667785, 64.87235760555016, 7.4147863944713235, 19.02632689275419, 28.41931962536435, 61.74537386639407, 34.96598454328936, 28.52986869365972, 34.92552688450664, 21.250519113490178, 29.5253725182907, 68.04673636889075, 61.93515474755786, 40.89639275029138, 18.2636780079686, 32.562547137519545, 35.44176996722073, 39.856441960851946, 43.187927503527185, 32.19169218907694, 8.396708748916227, 75.84145595597805, 23.833650388834197, 82.27980675200794, 45.52825049777092, 26.287644044704866, 40.37054101034114, 38.22937052718485, 15.008665642386344, 60.64983752646186, 39.29667352168974, 49.77380830235143, 9.258200789541887, 31.494835971802082, 78.20368750273516], [21.074974711021344, 32.13809687107618, 66.44340425149413, 76.44318206645893, 47.1719054290174, 10.294431151808594, 32.97845008256619, 57.0206060138718, 69.5785656403762, 20.079594916063446, 43.63507001854772, 61.163365029210645, 60.65025114867258, 49.02362911796352, 30.633839904954975, 0.0, 28.254257513764458, 80.00275474838648, 44.958565258468155, 67.31613811371146, 66.38758112129574, 66.02246568707682, 17.374897028847144, 36.268215616106296, 71.12652204139945, 35.92779854943764, 26.90685829631929, 13.507997527446609, 18.153726223492573, 64.38595972087754, 20.747705705267222, 22.761998457074323, 30.632001835854613, 25.14269005850182, 37.90157688133616, 21.612720453269993, 37.71744615690756, 51.26864765299491, 72.19801819322915, 39.94632225118038, 70.4005876987262, 38.189550093031265, 29.90334327562514, 13.40962956186657, 57.92492947561341, 35.92378472231305, 58.536277120980685, 24.470608368854677, 23.734476611244776, 30.11428455333198, 50.69409924967567, 37.43795311791354, 49.006447327218154, 53.302171260033255, 48.42282147210017, 23.85412746551554, 8.655064628212372, 9.551667350127476, 29.92556271570822, 62.701873994282224, 35.55314365312494, 51.767016815515284, 19.410139165828078, 70.81750346991025, 34.774299243076044, 5.4789498048794325, 52.20299142032833, 32.01313487696991, 42.35135846245804, 60.64660439751136, 25.334130651086575, 59.148686675461576, 39.672239005519145, 5.821914314949364, 81.76456251800991], [49.26052857666989, 8.058896601867858, 38.58194059283554, 52.92034064763583, 21.341226228578673, 20.1157464573462, 9.215954285243207, 74.24869631643358, 48.158846342222176, 45.51987927255308, 62.95600848684607, 53.113421135108524, 59.38163028667962, 33.296741627201556, 48.306758162782586, 28.254257513764458, 0.0, 59.14370111370055, 21.87994915568952, 41.932781021678586, 39.59059316921067, 40.98938920941558, 45.62383512336846, 10.000062412034945, 42.87390678015736, 13.60902148218415, 20.087101027565723, 33.98315045189589, 10.967644702065934, 37.27237385302122, 18.575665067329872, 50.68733073245233, 36.64983974973087, 14.677191103894849, 12.069936642164562, 48.62958823960785, 37.39435118212604, 38.94117397940217, 54.29244343887232, 47.24304806690602, 42.31946771545839, 19.965805750832054, 51.39644473412571, 30.669754928498822, 68.45725726646616, 16.18184281145576, 61.05261214814059, 22.138836290282228, 14.704117182159884, 56.52500080141751, 52.77541560823062, 39.747682432089434, 21.87351871040512, 46.36041447620606, 61.68881826862859, 52.09748448296211, 34.701179839291065, 23.69676319755592, 9.837284073531048, 78.50267148374076, 48.512535032223354, 27.71258234365492, 47.04949072479965, 43.1795535157124, 13.708802267914315, 32.86603481731051, 45.0895475295232, 18.4691912699517, 63.000164000895055, 40.765863599142676, 10.397789637005548, 47.75715176965293, 54.979999209222484, 22.751151653483902, 61.865601680532166], [96.86607743277965, 51.49815783072343, 54.35618926822824, 11.262272492546975, 38.87166230540174, 69.74075685924808, 50.344585830042426, 91.51285580556554, 83.49084696873311, 87.39562897844905, 88.21414332520655, 35.798995848044775, 50.20376773913465, 83.09115448199039, 77.97138172085991, 80.00275474838648, 59.14370111370055, 0.0, 37.28513305738179, 22.89050436354954, 62.15028829004786, 22.3730444878395, 94.48162260511647, 49.277150184380424, 46.88554036690894, 46.170398935375076, 78.77613382281027, 76.01142553783852, 68.61489628752085, 59.73996376848928, 77.6889741587176, 101.47104096075196, 95.75129448444926, 73.57913496609706, 47.193597326738555, 101.39444059843255, 95.46795636157297, 90.23890621293795, 11.415808991452986, 62.918825059390706, 52.18906735048258, 73.05397009100263, 84.97520889324457, 72.54321883975754, 75.75184358547062, 69.96711086716795, 57.92833081561579, 56.563323473236046, 56.33883982181741, 97.07513920571365, 55.29705114225562, 98.2567520407018, 40.752954250105105, 39.1220634164978, 77.22010909755409, 100.9021269534275, 88.47662238961603, 80.17814878490444, 51.866006569771216, 91.55857172842455, 71.45917330297486, 67.74334267968064, 92.79558352481375, 34.758422644373645, 46.74912309712929, 81.98399884504212, 39.1262011431239, 47.98965374071472, 90.56915173655644, 19.358827848636462, 55.69216312631766, 29.83737916805149, 77.41688809256405, 74.48877129092925, 4.112024401581752], [64.21143074778166, 14.257140553430787, 35.62442740551312, 31.797699361632997, 6.281566651357002, 34.791863338950456, 13.122396257971127, 75.11761845774843, 57.41849794047016, 57.015917316004476, 66.81338062870712, 37.26387472243944, 47.64268215665584, 49.783097467625325, 53.19645519829413, 44.958565258468155, 21.87994915568952, 37.28513305738179, 0.0, 22.510902872293173, 40.74591772728488, 21.120009642461287, 61.17887900206684, 12.187776749238404, 34.76332558223562, 9.206306568798166, 41.733183815260524, 44.71449019715118, 31.50838264864938, 37.88353612338203, 40.40471018989461, 67.50090845274237, 58.52515408284839, 36.43345923000595, 10.152091615120824, 66.55199596871034, 58.76877026388026, 56.5310339748153, 32.80813319471475, 44.57605013132593, 37.1088542649525, 37.870268909727066, 58.6720241108704, 40.9647952742363, 64.50253585005416, 34.3573367261652, 51.925901340261596, 25.393862672694887, 21.76665296279222, 67.85354214485048, 44.74464202905026, 61.35652198174339, 10.772169942134543, 32.54169050130266, 60.79066834315845, 67.81692854335178, 52.95369237217736, 43.55098720646936, 15.216186899884846, 77.77932474291372, 49.82854514937821, 37.53075690420749, 60.849596445023536, 29.083677829698246, 10.195331962972174, 48.05402947981483, 31.417578984849097, 15.223671146869869, 67.99642043697978, 19.07147947136524, 19.641066786028677, 30.255210661312482, 56.766143351229054, 39.17148199728643, 39.989911027668064], [86.72001206332455, 35.59308008554463, 31.694765864473137, 12.722068045792742, 20.642953806574422, 57.23148435406011, 34.607061901260515, 93.2801665952413, 60.60629118584451, 79.27864511717515, 86.70970094959617, 44.37579759099802, 58.161638681995086, 61.169776586783584, 73.97343139438128, 67.31613811371146, 41.932781021678586, 22.89050436354954, 22.510902872293173, 0.0, 39.38241622563258, 1.8313114987115988, 83.68496367204916, 32.08980806733313, 25.05571001602098, 31.388724273364428, 59.97805207969895, 67.03542023114699, 52.58607729975307, 36.90940387983081, 60.14253002756507, 89.94976309255944, 77.28123524469316, 55.224465187178595, 30.13045144907212, 88.84855971363966, 75.6757625424269, 68.36049009063565, 26.110579483239185, 62.592739062392816, 30.018995612977875, 52.28523086843204, 80.01193248859542, 63.29817022186637, 80.18462545496156, 49.60956112682606, 64.52217308569314, 47.38479408503627, 44.27567184052551, 89.9814921608038, 59.13450872506002, 78.77293951294337, 20.622382312625692, 43.50094182691907, 78.6156097262938, 90.3246417239631, 75.11354767010782, 65.11983304469297, 37.397912548519955, 94.92159411940858, 69.39921622012186, 45.300955529763314, 83.31969441326864, 13.476759159400034, 32.587570007657824, 70.54890927975524, 42.83392875068351, 37.286984832835586, 88.31771215041934, 17.608088806669333, 41.993449185696385, 36.51854234233867, 76.16453517060316, 61.50366595794515, 26.854251108253976], [87.30668673697416, 40.71429836093406, 7.934098036583686, 51.28227745224534, 34.49854598882106, 59.54397063084113, 40.81098842398534, 112.41829936158717, 21.816613135779562, 84.91914624177065, 101.97649766745775, 77.1448724437482, 88.35426184656215, 31.645807881672216, 87.38878667270814, 66.38758112129574, 39.59059316921067, 62.15028829004786, 40.74591772728488, 39.38241622563258, 0.0, 40.22127416756904, 83.44509259408734, 36.77727285291508, 16.989099762451016, 41.99552992167187, 44.630805091499866, 73.56852383990149, 48.274915795565505, 2.867324901286861, 48.81151814851727, 87.25349212639675, 59.019110468842726, 42.997489310551714, 36.79168397729512, 84.11266979272357, 53.18692358070242, 37.87609833184014, 64.68285867123738, 83.20904930088062, 11.677656218591364, 31.666606363206704, 90.91379043954457, 70.25224072234673, 104.05423701055042, 32.05671239479587, 92.59740235423519, 59.47663630672195, 52.5392659602189, 95.81421739950737, 85.18187980672552, 56.8950662175999, 30.017070930359147, 73.1625085784199, 98.9083835129802, 89.51898964714285, 70.92277352618424, 59.20728989261335, 44.5210523881882, 116.02037828142036, 86.45119540314595, 16.750691360625193, 85.7484843692548, 28.20193348477651, 43.534689535648305, 71.5151411197664, 72.07656134660091, 51.47279044907716, 102.27647124773415, 52.84356850412015, 48.10906193151011, 69.56502478448596, 93.23650612881453, 61.47792034207742, 66.17756205800042], [85.29101533206246, 34.457984854349085, 32.629180926232614, 12.779804490618261, 19.65076306341948, 55.8970463004084, 33.44663249522988, 91.46332409738943, 61.26150707825371, 77.72868011452566, 84.94091628575877, 42.63774235005218, 56.3769390847014, 61.16655356245618, 72.25569696695014, 66.02246568707682, 40.98938920941558, 22.3730444878395, 21.120009642461287, 1.8313114987115988, 40.22127416756904, 0.0, 82.29161416090871, 31.079872033940543, 26.334239158073416, 30.1051143988161, 59.31659071622059, 65.50649016193269, 51.550389218058115, 37.68864788713113, 59.307723184206104, 88.61313410491856, 76.60413749622465, 54.485549100555595, 29.0874839611896, 87.58354542114228, 75.20283442663542, 68.34977286336029, 24.861036579707076, 60.78423982051852, 31.1733764249776, 51.96444509385677, 78.33257980210117, 61.774901706952136, 78.35345653971082, 49.19495395994753, 62.70996658878372, 45.80898956977357, 42.85803106853254, 88.39807351806735, 57.30460874103001, 78.25197362042239, 19.994313493240167, 41.68724208555256, 76.79724115833548, 88.92695432477615, 73.88935225035652, 64.02284039261738, 36.13224755220812, 93.09331246601153, 67.62700928673907, 45.48776274430083, 81.84695109950074, 14.998413310884501, 31.257840097716727, 69.17345567206564, 41.01434036076186, 35.74337188109839, 86.56718977673941, 15.856791221674836, 40.6887138989734, 34.76870681115574, 74.38253968414625, 60.21796944709477, 26.24900070693062], [3.97033820411663, 49.11380471661461, 83.75567751105396, 92.02323598091364, 63.96633187807425, 26.630800235591625, 49.871283650488294, 50.97425199128756, 84.99721315864325, 12.486736963539794, 37.27987925725915, 70.9997037110844, 67.08905916824878, 63.45636700494225, 29.018567628311434, 17.374897028847144, 45.62383512336846, 94.48162260511647, 61.17887900206684, 83.68496367204916, 83.44509259408734, 82.29161416090871, 0.0, 53.36289026064245, 88.4977014469307, 52.4336413165698, 41.63449618289905, 19.052110989777518, 35.41848482212603, 81.53080582115832, 35.922432421111594, 7.457107800008298, 38.91794791122475, 41.17153986486436, 54.8942365831236, 10.174736302945485, 47.624549020586336, 64.39460557202797, 85.70360684127203, 44.2006968634949, 87.75492446844643, 54.07056227133964, 24.20161655824023, 22.138507391892574, 57.15996570469844, 52.27284715043601, 63.01479686471203, 37.92083181808979, 39.442942437046305, 16.64633995663493, 56.354746367241944, 46.08350752763136, 66.07841932483817, 63.31114786645783, 46.77779048315109, 6.645158598114153, 13.428992556443424, 24.55632381425893, 46.56509257400441, 57.35913032461836, 36.72237832483377, 68.32840666101067, 5.7839499802271375, 87.92991596191717, 51.13918020882112, 13.176630504182636, 62.40093289914807, 47.09132921043976, 34.80325448347536, 75.31255242225178, 41.86014934694916, 70.62654570235547, 37.873477812698106, 22.96250306696508, 95.81282116593286], [56.76903174007983, 4.4400920163940745, 33.854376230875616, 42.922453637473666, 11.446992176952417, 26.833867196443258, 4.143040871922476, 75.67455049345364, 49.718570372183535, 51.40790999874229, 65.60487352418829, 46.616746511009104, 54.85080969899426, 38.889851371117814, 51.17114009192828, 36.268215616106296, 10.000062412034945, 49.277150184380424, 12.187776749238404, 32.08980806733313, 36.77727285291508, 31.079872033940543, 53.36289026064245, 0.0, 36.240576487936025, 6.048562562728506, 29.566695260078408, 39.24197317558538, 20.49851719753119, 34.10375232962978, 28.553008054379283, 59.01820564857512, 46.47648542798211, 24.309517748139026, 2.08566357405595, 57.411860675205055, 46.58412176734537, 45.327400278171275, 44.95601556351281, 46.57229997806817, 36.79665039524501, 26.313715139194628, 55.43225374879698, 35.59758519149137, 67.6122762030563, 22.64944242061529, 57.7376932644347, 22.825788270486864, 16.35402208789011, 62.4901304301083, 49.802300201119024, 49.173256128054966, 12.738310583759967, 40.64496004180418, 62.142085070887845, 59.96890576203269, 43.516670066260744, 33.0952896265022, 7.993992189641701, 79.2476866568661, 49.71815937063007, 28.98351559317613, 54.01694640694967, 34.571473150331634, 7.246632715472897, 40.24979887929752, 39.406699779880654, 14.943817369351434, 66.16962157633499, 31.253310649916862, 12.327082508978126, 40.42940241942566, 56.54667447040294, 30.488102871834656, 52.10312803372543], [92.12292294728398, 40.67774880994888, 9.389604423664146, 35.70054210352639, 28.89169299331889, 62.558064875317115, 40.28840584170586, 109.79143146709296, 38.70240862071958, 87.572660188143, 100.9073395313634, 67.3637219390803, 80.08711438567713, 46.427480088202, 86.79856501220799, 71.12652204139945, 42.87390678015736, 46.88554036690894, 34.76332558223562, 25.05571001602098, 16.989099762451016, 26.334239158073416, 88.4977014469307, 36.240576487936025, 0.0, 39.648120847876875, 54.26739005307159, 75.4674227406497, 53.36790402481702, 15.497575359215372, 56.99693760334811, 93.40550857976604, 70.50851518009136, 51.15683595883035, 35.30536564731646, 91.00796154775882, 66.10225411655236, 53.22248732069539, 51.160566694273236, 79.33515861680227, 5.523560362537565, 42.62510922307959, 91.4973341327229, 71.83579970224577, 99.11373951777054, 41.61550003989492, 85.45377573754588, 58.28075366631816, 52.475403944242736, 98.65945425998768, 78.87029507832187, 69.69347072655583, 24.912988234520608, 64.83952232196187, 95.53659730398704, 94.95883141733466, 77.19729010832066, 65.69255650104573, 44.11296664319141, 112.54183156065695, 84.2482740757555, 29.889933519937838, 89.76421670267119, 12.129739495852535, 41.271718702095825, 75.67552247913609, 63.922193480166214, 48.73379625129574, 101.78589601628117, 41.15097787882358, 48.56761089322568, 59.48583434967595, 91.19127583346979, 65.59733933409058, 50.98785250859978], [55.59686980846453, 5.558678686718053, 38.391548186077976, 41.003726425164544, 11.754147507752794, 25.87339017785334, 4.393949287981064, 70.84810117247576, 55.70103389851274, 49.09992642047569, 61.34451286427804, 40.72728304380768, 48.80406271185068, 44.71793838108255, 47.153401029402715, 35.92779854943764, 13.60902148218415, 46.170398935375076, 9.206306568798166, 31.388724273364428, 41.99552992167187, 30.1051143988161, 52.4336413165698, 6.048562562728506, 39.648120847876875, 0.0, 33.69389824493011, 36.779264100422694, 22.44919035477023, 39.24582189677535, 31.743667271862147, 58.579142796389924, 50.042770233803594, 28.27036953655636, 5.2697740224061675, 57.478431968438976, 50.996892517381596, 51.018714216738694, 40.752578845215126, 41.22012580326016, 40.87837277811944, 31.907667286249797, 51.95634105696265, 33.04170335818196, 62.0923621555326, 28.168130937775025, 51.77148899635777, 18.63307132674971, 13.423133058398333, 60.094154119153835, 43.89952067877497, 53.349099120824754, 14.864564036974341, 34.62979581125687, 57.03749311729212, 59.07878698021193, 43.81062940419073, 34.35370902407553, 6.036769332730842, 74.16286855162359, 44.99218985959704, 35.000578535926856, 52.44373343827192, 3