instance_id,num_cities,city_coordinates,distance_matrix,best_route,total_distance
1644,46,"[[78.36767387738955, 61.34924217383188], [97.05136431878971, 54.090158888699676], [59.690412769984434, 78.16740029469226], [49.51432514922406, 42.78665074503102], [74.43933303883202, 93.97006680305687], [72.58867674786019, 58.84750469773119], [94.4414586956231, 67.36065029313745], [11.75234936562546, 25.593503189156543], [20.102165173428045, 84.6868797803222], [24.80140972623891, 74.40580118137267], [79.75975113308819, 4.235887615421441], [33.29740905371066, 15.94592511704761], [67.28003969203152, 61.7743772060959], [87.2655403029403, 20.48398753256835], [38.998738269593744, 65.48583855744408], [78.93161657347258, 74.73766887342083], [29.325871584824625, 47.8663561819703], [71.47072271042806, 4.184637130895553], [8.635793351651744, 0.12352284228694943], [1.1235685899525172, 20.264759285621203], [6.813734728391141, 55.684336979997084], [26.461766645231933, 73.08759648009858], [5.742231923360408, 38.8711042417625], [85.73478055825888, 73.34420173728246], [60.79691014652777, 9.764001872180096], [40.205266821974064, 29.563268494561], [47.1504535497626, 21.277517815595715], [98.3777973744964, 30.79942569704972], [89.14525720156936, 66.0957990769059], [62.842065684581215, 43.7387152236322], [8.97400844518459, 50.77930058390504], [52.337332902872035, 62.03152533376392], [6.011072745493329, 20.297454402355577], [24.90834201168054, 9.676760570482557], [13.152177779427298, 42.88710261001933], [68.70171438890387, 15.097841535281164], [34.842432734060104, 36.43114252416256], [14.251867716816037, 27.716422991499122], [26.497396960390894, 70.2645817125262], [45.86998841213706, 88.1636802235317], [70.4880871481175, 24.136947169748733], [69.72144509228711, 56.62229110183339], [92.91496705089347, 30.40960513426726], [57.93623965346415, 59.86513329874145], [54.05997645724867, 19.6287930747027], [2.248466308007313, 1.1660327682636584]]","[[0.0, 20.044315369963464, 25.13345430004498, 34.30868014630875, 32.85650713685997, 6.297261168352097, 17.16110678131595, 75.60472425812999, 62.76555451506252, 55.134548045923445, 57.13031724050319, 63.97491673332154, 11.095781704052134, 41.822733815740136, 39.585660541813446, 13.400298536030144, 50.86144499296656, 57.5791629421126, 92.79614145707184, 87.49049397419319, 71.77783333727554, 53.21665310232129, 76.02447963591197, 14.076694064165917, 54.49558473000292, 49.66605918534837, 50.796239408307216, 36.51980735346968, 11.776506474492276, 23.47712012194653, 70.1940486603477, 26.03928112602136, 83.19090699466294, 74.35015479860472, 67.77840016241916, 47.25063844923977, 50.15334791153855, 72.40167902591574, 52.630874081059396, 42.13209760407939, 38.03738669381785, 9.854001148843127, 34.18895843420611, 20.485265036111013, 48.28519469674066, 97.03686132261892], [20.044315369963464, 0.0, 44.44720749782397, 48.862453779592386, 45.84442184021295, 24.92098357488362, 13.524701456117013, 89.93320486916076, 82.80904889220972, 75.05185714150915, 52.76787138736546, 74.29366986472093, 30.747015809363127, 35.001958586439656, 59.160535040856594, 27.470801352037125, 68.01086741242645, 56.07967837830478, 103.58431829003356, 101.71676190137718, 90.25171022136227, 73.10125809282525, 92.56877056087812, 22.333455487769285, 57.264244019997236, 61.91160757906034, 59.72244393668727, 23.32847353034262, 14.375045254803014, 35.74113175314297, 88.13956206154027, 45.413763403603376, 97.10963683513702, 84.71815400359395, 84.64385371632136, 48.20895626060347, 64.66677684774895, 86.89839229074111, 72.38421280703358, 61.48608050488612, 40.035017001698094, 27.446970296773117, 24.039101656975927, 39.53913639700035, 55.098504190473065, 108.57510118279708], [25.13345430004498, 44.44720749782397, 0.0, 36.815081121209644, 21.616080076447986, 23.229799386142858, 36.3925959299684, 71.14824368755562, 40.12147754669314, 35.09119777488097, 76.6070943802069, 67.5877401490055, 18.064707105267864, 63.93562204549463, 24.26865059548543, 19.544487238846234, 42.897070246188, 74.91478457316252, 93.25996446362636, 82.3577019654719, 57.45808225765028, 33.614689200984586, 66.74282808017318, 26.487210834950275, 68.41234722031717, 52.36442056071847, 58.25555171595444, 61.15912642460108, 31.83255277935043, 34.57263761728804, 57.639063779737086, 17.732293824738175, 78.93289671009742, 76.8164056440234, 58.39954384030285, 63.71006827004621, 48.57301024801525, 67.89670454002994, 34.12082707201799, 17.056662681975606, 55.09881701872474, 23.765801892284063, 58.17798557659232, 18.386138814710193, 58.80876081272234, 96.06658011129979], [34.30868014630875, 48.862453779592386, 36.815081121209644, 0.0, 56.929764602235956, 28.113639596954474, 51.208678780908905, 41.49182013311973, 51.19281539094793, 40.13102120579068, 48.99946051560842, 31.359415171294362, 26.002968472402227, 43.84704131353346, 25.016608378560335, 43.4309174918037, 20.817710360363424, 44.40944549227726, 59.08635074508351, 53.37509639605457, 44.6059495191321, 38.073189596085705, 43.946873037714035, 47.38866227993703, 34.89687755087817, 16.171468859760015, 21.638638781468174, 50.312349202366924, 45.97746373273494, 13.3617025318339, 41.32069372494458, 19.450824422456087, 48.97240980227652, 41.251899756686804, 36.36228612064974, 33.68717947957218, 15.9892748987461, 38.34778570811763, 35.844325541211305, 45.52313691460642, 28.0661742286355, 24.489847702182942, 45.130997945180304, 19.042143005820567, 23.599773678858238, 62.978863539808636], [32.85650713685997, 45.84442184021295, 21.616080076447986, 56.929764602235956, 0.0, 35.17128512792464, 33.288828122786654, 92.76320592611395, 55.12445349327428, 53.354324286815675, 89.89176693766983, 88.20671513573075, 32.98208468016239, 74.59702031133942, 45.46852775652104, 19.750082062600935, 64.50408155609303, 89.83449242187842, 114.6179726253393, 103.95996187457622, 77.71112310943288, 52.32517982617487, 88.06354170143425, 23.51623788737602, 85.30402729950974, 72.93974882114334, 77.6459246970721, 67.55427427257165, 31.515694609976837, 51.5527428133726, 78.42927393995845, 38.84029919034765, 100.54889668572639, 97.76850488654468, 79.78461399629339, 79.0806435637872, 69.84727855055183, 89.51020221291894, 53.48251357524912, 29.15341450859151, 69.94481354474264, 37.64458548722581, 66.19124821075151, 37.88797408967586, 77.08400063718415, 117.57597532012545], [6.297261168352097, 24.92098357488362, 23.229799386142858, 28.113639596954474, 35.17128512792464, 0.0, 23.45245673239922, 69.33171962161856, 58.502198265636345, 50.25617851437397, 55.080423275273574, 58.17516005591256, 6.0620301938161285, 41.07517222235571, 34.23961803827162, 17.10936010380605, 44.63469427810584, 54.67429845786064, 86.82440520756579, 81.21508435972432, 65.85095768229215, 48.27496296825298, 69.76749788298359, 19.569728420453703, 50.48005555866773, 43.6606427853627, 45.371875802087594, 38.102145324425784, 18.073686058115552, 17.979764920361905, 64.12426951538552, 20.50011987620126, 76.93298208487674, 68.49216304499002, 61.542114396776796, 43.92199338836729, 43.90070876701124, 66.12357776258489, 47.484268131756394, 39.665179362270024, 34.77406045560292, 3.629406688990468, 34.95528871379618, 14.687732322412035, 43.375339489502295, 90.96646309862079], [17.16110678131595, 13.524701456117013, 36.3925959299684, 51.208678780908905, 33.288828122786654, 23.45245673239922, 0.0, 92.63899491571507, 76.3317023891231, 69.9955039377261, 64.80963045774728, 79.88785121372023, 27.729932010224445, 47.42272995459635, 55.47441002194747, 17.174853879666067, 67.9710761109214, 67.22249140560989, 109.01120819880643, 104.52871167084125, 88.40223017698149, 68.22049870745863, 93.16226201746443, 10.564522330535626, 66.70329494410154, 66.10753799516839, 66.0310098866318, 36.772515635462916, 5.445144521940572, 39.4527243050997, 87.06104875597951, 42.44003983980721, 100.17423604272217, 90.34536761405192, 84.89347282371037, 58.257494077891344, 67.14669274356064, 89.45409582401659, 68.00609048290863, 52.83894188744175, 49.417127801924046, 26.951649869174624, 36.98256231082824, 37.26679208530409, 62.52195055569836, 113.49570579826934], [75.60472425812999, 89.93320486916076, 71.14824368755562, 41.49182013311973, 92.76320592611395, 69.33171962161856, 92.63899491571507, 0.0, 59.68037014772575, 50.526413009195885, 71.28221684373, 23.606468596988222, 66.27503329018316, 75.68585836059657, 48.30904811153094, 83.23582740254189, 28.37091228050624, 63.439921664908994, 25.65994583505895, 11.889764184658153, 30.493412284673816, 49.71977327215291, 14.574505184807528, 88.05412731386718, 51.53583271992198, 28.728514551883467, 35.66025111487324, 86.781736972106, 87.35043305835241, 54.2163059727187, 25.338578663364615, 54.542372028813276, 7.810914797963924, 20.650008186249423, 17.35016139744391, 57.90845439231853, 25.506986813752263, 3.279387210305718, 47.04170155312151, 71.26738628728502, 58.75379518202493, 65.75105884087908, 81.30538326255328, 57.51083682652625, 42.72602341516606, 26.211163734875985], [62.76555451506252, 82.80904889220972, 40.12147754669314, 51.19281539094793, 55.12445349327428, 58.502198265636345, 76.3317023891231, 59.68037014772575, 0.0, 11.304135372725359, 100.15682554300112, 69.99595209066385, 52.44744625152899, 92.9135637663537, 26.9399417004083, 59.66482338614778, 37.95823649776722, 95.49523430527435, 85.33720770792058, 67.15948732168884, 31.90187882519263, 13.228299360046881, 48.01346656039411, 66.60552940590735, 85.26136230710834, 58.6749283516859, 68.93734175947792, 95.03121752378914, 71.50228554757763, 59.189959252098106, 35.686969598575494, 39.40014116274934, 65.91325349516083, 75.16393629710268, 42.37362028743522, 84.87962316019812, 50.4568297249692, 57.27005261965453, 15.77661786205562, 26.001324115960983, 78.77204753200516, 57.00608807275634, 90.81699543725453, 45.249710387545974, 73.38724407540784, 85.40776574052744], [55.134548045923445, 75.05185714150915, 35.09119777488097, 40.13102120579068, 53.354324286815675, 50.25617851437397, 69.9955039377261, 50.526413009195885, 11.304135372725359, 0.0, 89.13044406960435, 59.07401386420806, 44.316891536003865, 82.51866210669911, 16.766927893333378, 54.13122416396408, 26.92234937716432, 84.31510336244762, 76.02094466668856, 59.0922378864833, 25.962466633037494, 2.1200114935794816, 40.32328043589307, 60.942617882169735, 73.98809545080172, 47.414465632268836, 57.63761144617353, 85.52777795690952, 64.87824629954814, 48.86268174057178, 28.437970423250285, 30.188570153986333, 57.278180444287365, 64.72912893682357, 33.60257377913851, 73.7880127585587, 39.279725599540754, 47.86638562044995, 4.47504987542704, 25.162755087282488, 67.92812508447993, 48.31213934443492, 81.08712572310314, 36.184913662728626, 62.10140372222788, 76.6335366144079], [57.13031724050319, 52.76787138736546, 76.6070943802069, 48.99946051560842, 89.89176693766983, 55.080423275273574, 64.80963045774728, 71.28221684373, 100.15682554300112, 89.13044406960435, 0.0, 47.91528158939053, 58.87631936549867, 17.89797815340768, 73.57320612871332, 70.50664484571382, 66.68728509712602, 8.289186860231316, 71.24274639935543, 80.25318642880848, 89.26401431334821, 87.07027600768258, 81.72020179071998, 69.3661304773264, 19.752199510873563, 46.96843036886774, 36.79379633521629, 32.43845251027444, 62.567854128012044, 42.97303189185798, 84.71664924106067, 63.97128075052729, 75.47742372105746, 55.12059670501724, 77.0096438676478, 15.500394175403622, 55.263911649452446, 69.58892391197854, 84.83317049472382, 90.51182458304736, 21.954861066175848, 53.3395056071008, 29.293739853429674, 59.756829137735046, 29.956968419172405, 77.57205220965494], [63.97491673332154, 74.29366986472093, 67.5877401490055, 31.359415171294362, 88.20671513573075, 58.17516005591256, 79.88785121372023, 23.606468596988222, 69.99595209066385, 59.07401386420806, 47.91528158939053, 0.0, 57.05318751812854, 54.1585930487604, 49.86690464135364, 74.42412263420877, 32.166551404172125, 39.94408304902407, 29.300916415368143, 32.46241424729528, 47.75485716823988, 57.549080038689695, 35.84482702685621, 77.7447110051803, 28.185789599712884, 15.269267815048137, 14.843608810286215, 66.75390193437676, 75.05992273467885, 40.56261723982699, 42.48519581663608, 49.86382704443039, 27.63114105942844, 10.47276801746244, 33.640115751913974, 35.41446148156501, 20.543398705900785, 22.38922207285973, 54.742639859681816, 73.30398286821827, 38.082008604978135, 54.601072801436366, 61.34697434420034, 50.358403674365135, 21.08667165723367, 34.38723692691239], [11.095781704052134, 30.747015809363127, 18.064707105267864, 26.002968472402227, 32.98208468016239, 6.0620301938161285, 27.729932010224445, 66.27503329018316, 52.44744625152899, 44.316891536003865, 58.87631936549867, 57.05318751812854, 0.0, 45.87282980218667, 28.523796302549428, 17.43003656554592, 40.42217121231417, 57.742012314170466, 85.08804541543265, 78.10074934713501, 60.772219195216685, 42.35705779282541, 65.66172170643019, 21.781604626887532, 52.41288115605344, 42.07848441176938, 45.22384170714567, 43.89211949615859, 22.288167796499454, 18.57365651767285, 59.333675005734634, 14.944919248572614, 73.98798169948564, 67.1529777703595, 57.32847963183352, 46.69818134759177, 41.164036358250684, 63.0232597404847, 41.65702246605786, 33.98213662431715, 37.773902475405265, 5.701267539252301, 40.50800449061754, 9.536865913836774, 44.170355825010056, 88.89587702642142], [41.822733815740136, 35.001958586439656, 63.93562204549463, 43.84704131353346, 74.59702031133942, 41.07517222235571, 47.42272995459635, 75.68585836059657, 92.9135637663537, 82.51866210669911, 17.89797815340768, 54.1585930487604, 45.87282980218667, 0.0, 65.99129316956424, 54.890037563872646, 64.0843141807474, 22.69680784377497, 81.22306093732166, 86.14225067657244, 87.81547484029312, 80.40048858882956, 83.57114256745331, 52.88237391763154, 28.55707399079745, 47.92809909531293, 40.122934532821176, 15.162141067460999, 45.65052779514336, 33.723707868785155, 83.94861495886914, 54.27870272513851, 81.25468166606075, 63.286778503456176, 77.42538388484213, 19.32941285375071, 54.795017652194545, 73.37100590274984, 78.55491583733182, 79.33556906638674, 17.1705284855517, 40.17178439682283, 11.42076649597758, 49.10277505848254, 33.216574595690425, 87.18420870166588], [39.585660541813446, 59.160535040856594, 24.26865059548543, 25.016608378560335, 45.46852775652104, 34.23961803827162, 55.47441002194747, 48.30904811153094, 26.9399417004083, 16.766927893333378, 73.57320612871332, 49.86690464135364, 28.523796302549428, 65.99129316956424, 0.0, 40.99062251086245, 20.100012663701172, 69.37050576335783, 72.07038739827793, 58.987070522022904, 33.64437376620228, 14.661595446086135, 42.595061885755925, 47.392103990792975, 59.83379798036883, 35.94282614195012, 44.95359924214166, 68.76786965804055, 50.150228442453695, 32.271374862474, 33.433017515562526, 13.778620636268787, 55.94797707940634, 57.56033749431781, 34.3328932016115, 58.491170566589, 29.350472522450005, 45.15458287205167, 13.383569055802184, 23.695961283593057, 51.97412733067109, 31.975728107597995, 64.32186158029508, 19.754019496530344, 48.26706450729614, 74.07847127208048], [13.400298536030144, 27.470801352037125, 19.544487238846234, 43.4309174918037, 19.750082062600935, 17.10936010380605, 17.174853879666067, 83.23582740254189, 59.66482338614778, 54.13122416396408, 70.50664484571382, 74.42412263420877, 17.43003656554592, 54.890037563872646, 40.99062251086245, 0.0, 56.41628649282477, 70.94642503535604, 102.51230926278491, 94.98099920492706, 74.59234771785968, 52.49578926347616, 81.50519298755754, 6.944407164286308, 67.45698615250753, 59.50173623235645, 62.19348900218664, 48.049174406768216, 13.379101930242783, 34.925760910651164, 73.94640184706205, 29.473751162733524, 91.00078386378782, 84.56616334907307, 73.0848352215347, 60.510824681448156, 58.40587378485086, 79.96541425171449, 52.62467002444615, 35.68373631574642, 51.30035307957743, 20.322258007420494, 46.48130081480991, 25.72932502871629, 60.46144783140327, 106.26895677395912], [50.86144499296656, 68.01086741242645, 42.897070246188, 20.817710360363424, 64.50408155609303, 44.63469427810584, 67.9710761109214, 28.37091228050624, 37.95823649776722, 26.92234937716432, 66.68728509712602, 32.166551404172125, 40.42217121231417, 64.0843141807474, 20.100012663701172, 56.41628649282477, 0.0, 60.69827885250375, 52.03323430842632, 39.461602165182306, 23.831011929859514, 25.383342161364986, 25.2408917661322, 61.895764198477515, 49.418778537120836, 21.292352139186125, 32.01065522444028, 71.1298008674244, 62.53536186690316, 33.76940459666869, 20.559269888383724, 27.021831342285406, 36.105736251356625, 38.44424248829162, 16.922805247491752, 51.22726372432789, 12.696320660449901, 25.164367669249906, 22.576110728349807, 43.561245695071264, 47.51223886693083, 41.33362741543117, 65.94172593536128, 31.024567899021235, 37.53845913296111, 53.982460887493914], [57.5791629421126, 56.07967837830478, 74.91478457316252, 44.40944549227726, 89.83449242187842, 54.67429845786064, 67.22249140560989, 63.439921664908994, 95.49523430527435, 84.31510336244762, 8.289186860231316, 39.94408304902407, 57.742012314170466, 22.69680784377497, 69.37050576335783, 70.94642503535604, 60.69827885250375, 0.0, 62.966030498893225, 72.1615716386557, 82.66042087635905, 82.30081368465734, 74.31948265279362, 70.61521594409571, 12.044068480607574, 40.26914031619854, 29.726117508827343, 37.846236766669925, 64.38463437019476, 40.48430332654874, 77.95448644081176, 60.92904955998444, 67.41356431724435, 46.88516520404676, 69.99238184996938, 11.259015829839292, 48.80029443221522, 61.86875069507467, 79.93221568885936, 87.79451734229497, 19.976492398187396, 52.4668230995659, 33.87631269945789, 57.301831428993125, 23.273505062822696, 69.2880419245672], [92.79614145707184, 103.58431829003356, 93.25996446362636, 59.08635074508351, 114.6179726253393, 86.82440520756579, 109.01120819880643, 25.65994583505895, 85.33720770792058, 76.02094466668856, 71.24274639935543, 29.300916415368143, 85.08804541543265, 81.22306093732166, 72.07038739827793, 102.51230926278491, 52.03323430842632, 62.966030498893225, 0.0, 21.496579410142974, 55.590682360192055, 75.11006168075907, 38.855472742565865, 106.32742659412298, 53.044518484142245, 43.16630953954685, 43.941672174676256, 94.84006696534492, 104.08705491547958, 69.57445628025758, 50.65690681494187, 75.77879209667827, 20.343959124288606, 18.869557254594636, 43.00141256808506, 61.904322065367644, 44.77757468514031, 28.158629759266496, 72.37958982278147, 95.59003396545383, 66.3502132311197, 83.20797836400138, 89.55571394402236, 77.45704632561612, 49.43492669813885, 6.471844691294089], [87.49049397419319, 101.71676190137718, 82.3577019654719, 53.37509639605457, 103.95996187457622, 81.21508435972432, 104.52871167084125, 11.889764184658153, 67.15948732168884, 59.0922378864833, 80.25318642880848, 32.46241424729528, 78.10074934713501, 86.14225067657244, 58.987070522022904, 94.98099920492706, 39.461602165182306, 72.1615716386557, 21.496579410142974, 0.0, 35.87372959048115, 58.585633136143784, 19.17102301950241, 99.88235280431118, 60.59021042036105, 40.17264504868374, 46.03802579328992, 97.8231271881884, 99.23861080441806, 66.0318066616337, 31.50819951322649, 66.08564444128207, 4.887613511836526, 26.034998819180256, 25.621433537568848, 67.77538512367971, 37.3940335639815, 15.095679181471224, 56.06971917973636, 81.31731397086239, 69.47251452060735, 77.63722548105665, 92.35030443213506, 69.25221451585344, 52.94022790765227, 19.131825565295674], [71.77783333727554, 90.25171022136227, 57.45808225765028, 44.6059495191321, 77.71112310943288, 65.85095768229215, 88.40223017698149, 30.493412284673816, 31.90187882519263, 25.962466633037494, 89.26401431334821, 47.75485716823988, 60.772219195216685, 87.81547484029312, 33.64437376620228, 74.59234771785968, 23.831011929859514, 82.66042087635905, 55.590682360192055, 35.87372959048115, 0.0, 26.24725889370293, 16.847341433331014, 80.87275374392598, 70.8721412449174, 42.39462978229224, 53.017733733970566, 94.88538548069481, 82.98721670080772, 57.28762299906067, 5.359679521991609, 45.96395099150849, 35.39598458614448, 49.437960109755615, 14.280933717070758, 74.00936183310854, 34.00431455929039, 28.940111181913498, 24.49551173835518, 50.79664053203179, 71.06096649997995, 62.914702424492916, 89.73424250155048, 51.293172719894606, 59.43239523869327, 54.70911413899209], [53.21665310232129, 73.10125809282525, 33.614689200984586, 38.073189596085705, 52.32517982617487, 48.27496296825298, 68.22049870745863, 49.71977327215291, 13.228299360046881, 2.1200114935794816, 87.07027600768258, 57.549080038689695, 42.35705779282541, 80.40048858882956, 14.661595446086135, 52.49578926347616, 25.383342161364986, 82.30081368465734, 75.11006168075907, 58.585633136143784, 26.24725889370293, 0.0, 40.00084324344867, 59.273569359301284, 72.03318480618903, 45.6426436975419, 55.7880454672475, 83.42784225921714, 63.072222247624474, 46.74273193982827, 28.345753697078667, 28.138614719746542, 56.61298421359802, 63.429860782192904, 33.00325719945601, 71.7427687223466, 37.60227627040805, 46.98537022919711, 2.823239610321822, 24.575747662937506, 65.83679036016, 46.28721271087879, 78.97745747661081, 34.139068290278274, 60.162320819304036, 75.88804411747724], [76.02447963591197, 92.56877056087812, 66.74282808017318, 43.946873037714035, 88.06354170143425, 69.76749788298359, 93.16226201746443, 14.574505184807528, 48.01346656039411, 40.32328043589307, 81.72020179071998, 35.84482702685621, 65.66172170643019, 83.57114256745331, 42.595061885755925, 81.50519298755754, 25.2408917661322, 74.31948265279362, 38.855472742565865, 19.17102301950241, 16.847341433331014, 40.00084324344867, 0.0, 87.10454803305176, 62.2755249083446, 35.69785120591917, 44.99083352857827, 92.98655806610371, 87.73396511285836, 57.30693371861619, 12.338943212853804, 52.03372502953935, 18.57559538062094, 34.92348032934876, 8.428258449032302, 67.29832428850254, 29.202313271492734, 14.02999697548929, 37.63412418831771, 63.56095411289108, 66.40121349348955, 66.39611699983756, 87.58243383670711, 56.25801008723474, 52.008374093909566, 37.86659230768832], [14.076694064165917, 22.333455487769285, 26.487210834950275, 47.38866227993703, 23.51623788737602, 19.569728420453703, 10.564522330535626, 88.05412731386718, 66.60552940590735, 60.942617882169735, 69.3661304773264, 77.7447110051803, 21.781604626887532, 52.88237391763154, 47.392103990792975, 6.944407164286308, 61.895764198477515, 70.61521594409571, 106.32742659412298, 99.88235280431118, 80.87275374392598, 59.273569359301284, 87.10454803305176, 0.0, 68.29596763761867, 63.16412539302812, 64.80501419874398, 44.38359880101237, 8.010661150087444, 37.424072814131684, 80.00869264934289, 35.261397551784995, 95.75921360491003, 88.05338546012072, 78.71384321323399, 60.68577938785088, 62.86974636127082, 84.8038974432866, 59.31738088467695, 42.5302080345006, 51.515197388896, 23.152736513114252, 43.530847264125896, 30.894079730693033, 62.35894757470913, 110.3614640298505], [54.49558473000292, 57.264244019997236, 68.41234722031717, 34.89687755087817, 85.30402729950974, 50.48005555866773, 66.70329494410154, 51.53583271992198, 85.26136230710834, 73.98809545080172, 19.752199510873563, 28.185789599712884, 52.41288115605344, 28.55707399079745, 59.83379798036883, 67.45698615250753, 49.418778537120836, 12.044068480607574, 53.044518484142245, 60.59021042036105, 70.8721412449174, 72.03318480618903, 62.2755249083446, 68.29596763761867, 0.0, 28.56618164175541, 17.85460240460933, 43.06753000037485, 63.06266848990328, 34.03621319254197, 66.08984694458827, 52.9476954734443, 55.78926063265263, 35.888674171865055, 58.027237783834565, 9.53602515002751, 37.21251521070445, 49.88717669731409, 69.54693929875037, 79.8080356734835, 17.33494932796292, 47.700593219874335, 38.18128485747405, 50.1827341412508, 11.94572647448078, 59.17639181822668], [49.66605918534837, 61.91160757906034, 52.36442056071847, 16.171468859760015, 72.93974882114334, 43.6606427853627, 66.10753799516839, 28.728514551883467, 58.6749283516859, 47.414465632268836, 46.96843036886774, 15.269267815048137, 42.07848441176938, 47.92809909531293, 35.94282614195012, 59.50173623235645, 21.292352139186125, 40.26914031619854, 43.16630953954685, 40.17264504868374, 42.39462978229224, 45.6426436975419, 35.69785120591917, 63.16412539302812, 28.56618164175541, 0.0, 10.811534719817708, 58.18566314405473, 61.07166650014429, 26.708948925685334, 37.75594678211446, 34.66085298384508, 35.427365402063735, 25.089222906782275, 30.156163255298495, 31.957723652491886, 8.713649243627351, 26.019026949980226, 42.94767274031282, 58.87357068752451, 30.765145376311786, 40.042421057495744, 52.716494419965514, 35.10826694899464, 17.048365931828773, 47.40381526999662], [50.796239408307216, 59.72244393668727, 58.25555171595444, 21.638638781468174, 77.6459246970721, 45.371875802087594, 66.0310098866318, 35.66025111487324, 68.93734175947792, 57.63761144617353, 36.79379633521629, 14.843608810286215, 45.22384170714567, 40.122934532821176, 44.95359924214166, 62.19348900218664, 32.01065522444028, 29.726117508827343, 43.941672174676256, 46.03802579328992, 53.017733733970566, 55.7880454672475, 44.99083352857827, 64.80501419874398, 17.85460240460933, 10.811534719817708, 0.0, 52.10477410986816, 61.41857918392211, 27.39949051337217, 48.24723978976799, 41.08275606887425, 41.15105317306777, 25.085635218836472, 40.284698215862974, 22.41975117360106, 19.522287729870534, 33.522775089064865, 53.16277998492686, 66.89841786342532, 23.512155966700615, 41.93688898652657, 46.666751706016896, 40.06666008728341, 7.103506182182677, 49.200206189281516], [36.51980735346968, 23.32847353034262, 61.15912642460108, 50.312349202366924, 67.55427427257165, 38.102145324425784, 36.772515635462916, 86.781736972106, 95.03121752378914, 85.52777795690952, 32.43845251027444, 66.75390193437676, 43.89211949615859, 15.162141067460999, 68.76786965804055, 48.049174406768216, 71.1298008674244, 37.846236766669925, 94.84006696534492, 97.8231271881884, 94.88538548069481, 83.42784225921714, 92.98655806610371, 44.38359880101237, 43.06753000037485, 58.18566314405473, 52.10477410986816, 0.0, 36.483883727132614, 37.81816283467997, 91.6091309609, 55.634237808031024, 92.96183743754564, 76.44558753360386, 86.07855812289009, 33.573942970060514, 63.784471420667806, 84.18240283130089, 82.0017713407341, 77.76713765728189, 28.674458262330436, 38.57469253066905, 5.476721210326825, 49.80296125021707, 45.703963548435084, 100.59317207326993], [11.776506474492276, 14.375045254803014, 31.83255277935043, 45.97746373273494, 31.515694609976837, 18.073686058115552, 5.445144521940572, 87.35043305835241, 71.50228554757763, 64.87824629954814, 62.567854128012044, 75.05992273467885, 22.288167796499454, 45.65052779514336, 50.150228442453695, 13.379101930242783, 62.53536186690316, 64.38463437019476, 104.08705491547958, 99.23861080441806, 82.98721670080772, 63.072222247624474, 87.73396511285836, 8.010661150087444, 63.06266848990328, 61.07166650014429, 61.41857918392211, 36.483883727132614, 0.0, 34.52096583819272, 81.62122428170399, 37.031629889026306, 94.91459845622163, 85.49555063921309, 79.45811293852923, 54.94297148999722, 61.877205767078244, 84.15459760001265, 62.78640889126626, 48.57715787383218, 45.91987856876548, 21.610919235665623, 35.88474815934634, 31.824895480694497, 58.22507682877361, 108.47546644515683], [23.47712012194653, 35.74113175314297, 34.57263761728804, 13.3617025318339, 51.5527428133726, 17.979764920361905, 39.4527243050997, 54.2163059727187, 59.189959252098106, 48.86268174057178, 42.97303189185798, 40.56261723982699, 18.57365651767285, 33.723707868785155, 32.271374862474, 34.925760910651164, 33.76940459666869, 40.48430332654874, 69.57445628025758, 66.0318066616337, 57.28762299906067, 46.74273193982827, 57.30693371861619, 37.424072814131684, 34.03621319254197, 26.708948925685334, 27.39949051337217, 37.81816283467997, 34.52096583819272, 0.0, 54.326213129227035, 21.094461655620723, 61.475641251911924, 50.98219440633375, 49.697185071897444, 29.234143198837703, 28.937520006419717, 51.16367057706555, 44.99507237084709, 47.55658652788393, 21.04022231486882, 14.605217849951282, 32.89444591967397, 16.85611132440683, 25.659568141811572, 74.05415300207262], [70.1940486603477, 88.13956206154027, 57.639063779737086, 41.32069372494458, 78.42927393995845, 64.12426951538552, 87.06104875597951, 25.338578663364615, 35.686969598575494, 28.437970423250285, 84.71664924106067, 42.48519581663608, 59.333675005734634, 83.94861495886914, 33.433017515562526, 73.94640184706205, 20.559269888383724, 77.95448644081176, 50.65690681494187, 31.50819951322649, 5.359679521991609, 28.345753697078667, 12.338943212853804, 80.00869264934289, 66.08984694458827, 37.75594678211446, 48.24723978976799, 91.6091309609, 81.62122428170399, 54.326213129227035, 0.0, 44.79944720466996, 30.625511172813862, 44.08312354817154, 8.929943328185898, 69.57417176753182, 29.581159796340607, 23.65908115995727, 26.20582617885313, 52.52528132967486, 67.03578800995354, 61.02779364671752, 86.37713253145374, 49.79811684205555, 54.800534939594684, 50.06704764998136], [26.03928112602136, 45.413763403603376, 17.732293824738175, 19.450824422456087, 38.84029919034765, 20.50011987620126, 42.44003983980721, 54.542372028813276, 39.40014116274934, 30.188570153986333, 63.97128075052729, 49.86382704443039, 14.944919248572614, 54.27870272513851, 13.778620636268787, 29.473751162733524, 27.021831342285406, 60.92904955998444, 75.77879209667827, 66.08564444128207, 45.96395099150849, 28.138614719746542, 52.03372502953935, 35.261397551784995, 52.9476954734443, 34.66085298384508, 41.08275606887425, 55.634237808031024, 37.031629889026306, 21.094461655620723, 44.79944720466996, 0.0, 62.35266679683361, 59.1047454501548, 43.61175648232774, 49.70476492567231, 31.007275467458097, 51.26430441543502, 27.119836040201402, 26.92055095915858, 42.01724567246112, 18.20623990806611, 51.44404951162, 6.00341663148867, 42.4377096913708, 78.82577460449801], [83.19090699466294, 97.10963683513702, 78.93289671009742, 48.97240980227652, 100.54889668572639, 76.93298208487674, 100.17423604272217, 7.810914797963924, 65.91325349516083, 57.278180444287365, 75.47742372105746, 27.63114105942844, 73.98798169948564, 81.25468166606075, 55.94797707940634, 91.00078386378782, 36.105736251356625, 67.41356431724435, 20.343959124288606, 4.887613511836526, 35.39598458614448, 56.61298421359802, 18.57559538062094, 95.75921360491003, 55.78926063265263, 35.427365402063735, 41.15105317306777, 92.96183743754564, 94.91459845622163, 61.475641251911924, 30.625511172813862, 62.35266679683361, 0.0, 21.677313560244713, 23.691508758449377, 62.90590213668321, 33.03851103185591, 11.088363120229973, 54.00373405116258, 78.70551292845687, 64.59123075919106, 73.33829358398542, 87.49024195799815, 65.28264831996422, 48.053556120984794, 19.497910168651703], [74.35015479860472, 84.71815400359395, 76.8164056440234, 41.251899756686804, 97.76850488654468, 68.49216304499002, 90.34536761405192, 20.650008186249423, 75.16393629710268, 64.72912893682357, 55.12059670501724, 10.47276801746244, 67.1529777703595, 63.286778503456176, 57.56033749431781, 84.56616334907307, 38.44424248829162, 46.88516520404676, 18.869557254594636, 26.034998819180256, 49.437960109755615, 63.429860782192904, 34.92348032934876, 88.05338546012072, 35.888674171865055, 25.089222906782275, 25.085635218836472, 76.44558753360386, 85.49555063921309, 50.98219440633375, 44.08312354817154, 59.1047454501548, 21.677313560244713, 0.0, 35.229734824984625, 44.1276283409504, 28.539150516507423, 20.952084971700195, 60.6086558700182, 81.23784325326444, 47.818512766376855, 64.9006706019519, 71.09677835830651, 60.08090195517021, 30.803583262553868, 24.205422008909117], [67.77840016241916, 84.64385371632136, 58.39954384030285, 36.36228612064974, 79.78461399629339, 61.542114396776796, 84.89347282371037, 17.35016139744391, 42.37362028743522, 33.60257377913851, 77.0096438676478, 33.640115751913974, 57.32847963183352, 77.42538388484213, 34.3328932016115, 73.0848352215347, 16.922805247491752, 69.99238184996938, 43.00141256808506, 25.621433537568848, 14.280933717070758, 33.00325719945601, 8.428258449032302, 78.71384321323399, 58.027237783834565, 30.156163255298495, 40.284698215862974, 86.07855812289009, 79.45811293852923, 49.697185071897444, 8.929943328185898, 43.61175648232774, 23.691508758449377, 35.229734824984625, 0.0, 62.11275270512116, 22.630655771036526, 15.210484477694278, 30.456875036617898, 55.860751990912775, 60.323915922036804, 58.21286290176297, 80.73283406162402, 47.89431828520739, 47.057379390545805, 43.122367659865695], [47.25063844923977, 48.20895626060347, 63.71006827004621, 33.68717947957218, 79.0806435637872, 43.92199338836729, 58.257494077891344, 57.90845439231853, 84.87962316019812, 73.7880127585587, 15.500394175403622, 35.41446148156501, 46.69818134759177, 19.32941285375071, 58.491170566589, 60.510824681448156, 51.22726372432789, 11.259015829839292, 61.904322065367644, 67.77538512367971, 74.00936183310854, 71.7427687223466, 67.29832428850254, 60.68577938785088, 9.53602515002751, 31.957723652491886, 22.41975117360106, 33.573942970060514, 54.94297148999722, 29.234143198837703, 69.57417176753182, 49.70476492567231, 62.90590213668321, 44.1276283409504, 62.11275270512116, 0.0, 40.01950381082014, 55.892883273106264, 69.45915081103674, 76.55001302609698, 9.213932835978559, 41.53696862449837, 28.648415470747803, 46.04352134789617, 15.32677433486436, 67.89793425445231], [50.15334791153855, 64.66677684774895, 48.57301024801525, 15.9892748987461, 69.84727855055183, 43.90070876701124, 67.14669274356064, 25.506986813752263, 50.4568297249692, 39.279725599540754, 55.263911649452446, 20.543398705900785, 41.164036358250684, 54.795017652194545, 29.350472522450005, 58.40587378485086, 12.696320660449901, 48.80029443221522, 44.77757468514031, 37.3940335639815, 34.00431455929039, 37.60227627040805, 29.202313271492734, 62.86974636127082, 37.21251521070445, 8.713649243627351, 19.522287729870534, 63.784471420667806, 61.877205767078244, 28.937520006419717, 29.581159796340607, 31.007275467458097, 33.03851103185591, 28.539150516507423, 22.630655771036526, 40.01950381082014, 0.0, 22.35883951063518, 34.84739917664616, 52.89482433140067, 37.70623181940752, 40.301711923576285, 58.38388608612565, 32.90100061781955, 25.52710194625368, 48.02077272887487], [72.40167902591574, 86.89839229074111, 67.89670454002994, 38.34778570811763, 89.51020221291894, 66.12357776258489, 89.45409582401659, 3.279387210305718, 57.27005261965453, 47.86638562044995, 69.58892391197854, 22.38922207285973, 63.0232597404847, 73.37100590274984, 45.15458287205167, 79.96541425171449, 25.164367669249906, 61.86875069507467, 28.158629759266496, 15.095679181471224, 28.940111181913498, 46.98537022919711, 14.02999697548929, 84.8038974432866, 49.88717669731409, 26.019026949980226, 33.522775089064865, 84.18240283130089, 84.15459760001265, 51.16367057706555, 23.65908115995727, 51.26430441543502, 11.088363120229973, 20.952084971700195, 15.210484477694278, 55.892883273106264, 22.35883951063518, 0.0, 44.275261681947846, 68.2171273448201, 56.35002238760854, 62.54936630714505, 78.70918896099145, 54.23895210933189, 40.62136481165016, 29.137688075533184], [52.630874081059396, 72.38421280703358, 34.12082707201799, 35.844325541211305, 53.48251357524912, 47.484268131756394, 68.00609048290863, 47.04170155312151, 15.77661786205562, 4.47504987542704, 84.83317049472382, 54.742639859681816, 41.65702246605786, 78.55491583733182, 13.383569055802184, 52.62467002444615, 22.576110728349807, 79.93221568885936, 72.37958982278147, 56.06971917973636, 24.49551173835518, 2.823239610321822, 37.63412418831771, 59.31738088467695, 69.54693929875037, 42.94767274031282, 53.16277998492686, 82.0017713407341, 62.78640889126626, 44.99507237084709, 26.20582617885313, 27.119836040201402, 54.00373405116258, 60.6086558700182, 30.456875036617898, 69.45915081103674, 34.84739917664616, 44.275261681947846, 0.0, 26.37565216374655, 63.74119148325188, 45.32582519949392, 77.45781287113903, 33.114186645466255, 57.65135626761039, 73.22991263129263], [42.13209760407939, 61.48608050488612, 17.056662681975606, 45.52313691460642, 29.15341450859151, 39.665179362270024, 52.83894188744175, 71.26738628728502, 26.001324115960983, 25.162755087282488, 90.51182458304736, 73.30398286821827, 33.98213662431715, 79.33556906638674, 23.695961283593057, 35.68373631574642, 43.561245695071264, 87.79451734229497, 95.59003396545383, 81.31731397086239, 50.79664053203179, 24.575747662937506, 63.56095411289108, 42.5302080345006, 79.8080356734835, 58.87357068752451, 66.89841786342532, 77.76713765728189, 48.57715787383218, 47.55658652788393, 52.52528132967486, 26.92055095915858, 78.70551292845687, 81.23784325326444, 55.860751990912775, 76.55001302609698, 52.89482433140067, 68.2171273448201, 26.37565216374655, 0.0, 68.5964527575214, 39.54429432284085, 74.49002083861596, 30.763650255998286, 69.02250836272032, 97.32126105549695], [38.03738669381785, 40.035017001698094, 55.09881701872474, 28.0661742286355, 69.94481354474264, 34.77406045560292, 49.417127801924046, 58.75379518202493, 78.77204753200516, 67.92812508447993, 21.954861066175848, 38.082008604978135, 37.773902475405265, 17.1705284855517, 51.97412733067109, 51.30035307957743, 47.51223886693083, 19.976492398187396, 66.3502132311197, 69.47251452060735, 71.06096649997995, 65.83679036016, 66.40121349348955, 51.515197388896, 17.33494932796292, 30.765145376311786, 23.512155966700615, 28.674458262330436, 45.91987856876548, 21.04022231486882, 67.03578800995354, 42.01724567246112, 64.59123075919106, 47.818512766376855, 60.323915922036804, 9.213932835978559, 37.70623181940752, 56.35002238760854, 63.74119148325188, 68.5964527575214, 0.0, 32.49438890681893, 23.287575659852923, 37.868881150583036, 17.035441708864465, 72.00214414059039], [9.854001148843127, 27.446970296773117, 23.765801892284063, 24.489847702182942, 37.64458548722581, 3.629406688990468, 26.951649869174624, 65.75105884087908, 57.00608807275634, 48.31213934443492, 53.3395056071008, 54.601072801436366, 5.701267539252301, 40.17178439682283, 31.975728107597995, 20.322258007420494, 41.33362741543117, 52.4668230995659, 83.20797836400138, 77.63722548105665, 62.914702424492916, 46.28721271087879, 66.39611699983756, 23.152736513114252, 47.700593219874335, 40.042421057495744, 41.93688898652657, 38.57469253066905, 21.610919235665623, 14.605217849951282, 61.02779364671752, 18.20623990806611, 73.33829358398542, 64.9006706019519, 58.21286290176297, 41.53696862449837, 40.301711923576285, 62.54936630714505, 45.32582519949392, 39.54429432284085, 32.49438890681893, 0.0, 35.000633801098424, 12.223219410176265, 40.17213581687704, 87.33841912001553], [34.18895843420611, 24.039101656975927, 58.17798557659232, 45.130997945180304, 66.19124821075151, 34.95528871379618, 36.98256231082824, 81.30538326255328, 90.81699543725453, 81.08712572310314, 29.293739853429674, 61.34697434420034, 40.50800449061754, 11.42076649597758, 64.32186158029508, 46.48130081480991, 65.94172593536128, 33.87631269945789, 89.55571394402236, 92.35030443213506, 89.73424250155048, 78.97745747661081, 87.58243383670711, 43.530847264125896, 38.18128485747405, 52.716494419965514, 46.666751706016896, 5.476721210326825, 35.88474815934634, 32.89444591967397, 86.37713253145374, 51.44404951162, 87.49024195799815, 71.09677835830651, 80.73283406162402, 28.648415470747803, 58.38388608612565, 78.70918896099145, 77.45781287113903, 74.49002083861596, 23.287575659852923, 35.000633801098424, 0.0, 45.72897888420213, 40.32289923475094, 95.26594817501932], [20.485265036111013, 39.53913639700035, 18.386138814710193, 19.042143005820567, 37.88797408967586, 14.687732322412035, 37.26679208530409, 57.51083682652625, 45.249710387545974, 36.184913662728626, 59.756829137735046, 50.358403674365135, 9.536865913836774, 49.10277505848254, 19.754019496530344, 25.72932502871629, 31.024567899021235, 57.301831428993125, 77.45704632561612, 69.25221451585344, 51.293172719894606, 34.139068290278274, 56.25801008723474, 30.894079730693033, 50.1827341412508, 35.10826694899464, 40.06666008728341, 49.80296125021707, 31.824895480694497, 16.85611132440683, 