instance_id,num_cities,city_coordinates,distance_matrix,best_route,total_distance
721,51,"[[57.687996405936616, 8.416479043890446], [93.22702456012665, 57.81666683346246], [87.8786642945808, 97.76834261865567], [78.81402814658901, 58.33873559581782], [84.47558644976652, 60.04463313253302], [17.68554784638906, 21.515052741638474], [60.08367172522675, 12.423992814902007], [91.64768581665716, 92.47951185295206], [14.771308344998257, 88.95655413145809], [19.847670881972, 7.900486113726879], [94.04709945520023, 64.29744109382135], [84.43541199902529, 55.899736302766165], [81.82063092968109, 87.41199115814466], [81.31715501064632, 15.261768561525146], [95.7073820608521, 34.17334449798178], [39.608889060057095, 31.82204912299973], [28.31524816114872, 93.96085850095172], [22.990133694604474, 78.59600302730311], [2.00198539520694, 33.191644271113795], [83.98261794216855, 47.4119341460777], [39.13018820901166, 42.674969478395], [72.29090037095503, 7.3526660921697236], [32.321519090207474, 55.31935396067082], [74.3464648661975, 24.42864977490554], [92.73678904802098, 45.3811808058722], [95.90663574156092, 40.57878571600539], [78.84506881340712, 9.613720576485518], [75.13068988624376, 24.31477319655101], [97.74377546422156, 36.48025881578921], [51.72150242412027, 74.20444199169037], [1.9609316688012135, 44.90709240584738], [88.66630230725674, 7.215194730197927], [96.54085326719297, 99.57306564490649], [49.03374798832824, 73.083754337789], [48.911510297346794, 20.172271724411573], [60.805644766521695, 42.13060704491848], [13.14698066809582, 72.3569686755589], [13.661281018552396, 76.50730885541994], [72.5721807063226, 68.98208948611611], [41.452057747873326, 33.75302594386882], [36.97016966182412, 68.88800204925684], [69.04135572449562, 69.0748073476835], [76.28892548101749, 38.90729546639642], [86.65094551671439, 40.728084894733726], [46.8788649603909, 38.91696601584229], [40.49927635451331, 97.12926392572341], [8.738809945845238, 22.71064936533871], [52.119251374490226, 96.70719633481892], [18.8658273744693, 8.083721022878043], [18.997031801057574, 82.22154682319615], [36.47041229206416, 95.85503718747424]]","[[0.0, 60.855575552198104, 94.31453733039179, 54.208310399269116, 58.16391729377344, 42.09238082687394, 4.668985635049994, 90.66341042520943, 91.26086680078666, 37.84384341558857, 66.66833051886621, 54.49847668349985, 82.59948536915897, 24.6007139113231, 45.92265022401644, 29.57490208186547, 90.44666492549837, 78.28861515745982, 60.94867212928698, 47.03246368584548, 38.9619867553606, 14.641601763734707, 53.32295797185811, 23.10615032757908, 50.93924854196501, 49.95075938499533, 21.190920228775354, 23.6009176264922, 48.908497943115904, 66.05796787107629, 66.61133993359321, 31.001588999889815, 99.09120933276479, 65.24379288185612, 14.670561337647044, 33.85797037877435, 77.92488881798987, 81.08460255945273, 62.367716893656535, 30.092296571102672, 63.92208882372055, 61.711680907483405, 35.71672505377766, 43.39230685102778, 32.35918769272939, 90.36265986842449, 50.993589403800215, 88.46616121982413, 38.8235950963891, 83.33173928320416, 89.9760375092065], [60.855575552198104, 0.0, 40.308080524570535, 14.422448523370647, 9.030587070022513, 83.8112277070553, 56.20477463431342, 34.69880596953991, 84.40966762024732, 88.74770218923423, 6.532454197869296, 8.998170596517427, 31.717330239725328, 44.190093455666876, 23.773070150715593, 59.587117772358496, 74.29630748945138, 73.24617157989849, 94.49020852362067, 13.918243998941843, 56.17596195875753, 54.63457391507333, 60.95668271921435, 38.35668413012927, 12.445145382827885, 17.44490932917826, 50.30273033299094, 38.07695111071926, 21.809249089005185, 44.62362090215392, 92.17459966579827, 50.806585857399256, 41.88768676353639, 46.756065435579906, 58.14606854724556, 36.01663975735316, 81.38939616073372, 81.73155843685184, 23.479549349112695, 57.09383505487485, 57.335924048620285, 26.677561823839138, 25.386286178000432, 18.310227968593182, 50.05347729457095, 65.77002144573927, 91.49147977369853, 56.58906520855072, 89.45922839977294, 78.13891471171551, 68.32445137237579], [94.31453733039179, 40.308080524570535, 0.0, 40.4581455144808, 37.876895282101, 103.64187287857075, 89.75644631643966, 6.49440175090268, 73.6364930607241, 112.71400843505164, 34.034553636208045, 42.00995335876714, 11.99807417146046, 82.76707175397667, 64.07505448950042, 81.7244444888225, 59.68498535470177, 67.66165833638877, 107.44744737896559, 50.506901027852294, 73.56421470142465, 91.74951196535505, 69.91790200903878, 74.57768411384971, 52.61193874890704, 57.750270512569905, 88.61626958248328, 74.55157753101919, 62.0769654108233, 43.15782394055776, 100.87699714809158, 90.55657329066682, 8.84819433549715, 46.02451978495448, 86.83080852363811, 61.8749222717877, 78.93391199810725, 77.20266534921156, 32.602711685506485, 79.07838240894931, 58.52989746426931, 34.32438142940275, 59.991207002585824, 57.05346873424053, 71.72494735787548, 47.38369786277948, 109.07233316862761, 35.77515400141893, 113.16405352646099, 70.61431975512129, 51.44384425397508], [54.208310399269116, 14.422448523370647, 40.4581455144808, 0.0, 5.912979690989074, 71.36297865670348, 49.588202793698095, 36.47321445433895, 70.98535603535746, 77.59541416782372, 16.35703618340351, 6.127697281029625, 29.2283056178025, 43.1496318984427, 29.484767819739083, 47.3305143886272, 61.79856325422437, 59.38572282608863, 80.82367297848539, 12.087568423674458, 42.66334165501552, 51.40165833324915, 46.59045035000609, 34.20311450797922, 19.019503075866247, 24.648997020754027, 48.72502490668584, 34.22275555952275, 28.915883881570462, 31.396267126247057, 78.01799457180913, 52.06422703522706, 44.88329648603868, 33.23071868024496, 48.48545697600063, 24.228192319815427, 67.14664536088624, 67.63858006063856, 12.338623971160155, 44.725540255702285, 43.15316344833463, 14.517863580112364, 19.594820973281816, 19.275691738087293, 37.377262892656624, 54.52270438085014, 78.61231922751234, 46.74130813736874, 78.22629523082864, 64.40855318918373, 56.572561270917284], [58.16391729377344, 9.030587070022513, 37.876895282101, 5.912979690989074, 0.0, 77.10666522252832, 53.50412029171589, 33.21837393577302, 75.46247784134152, 83.04083055314926, 10.47378808114733, 4.145091520811537, 27.4958373961522, 44.894104828372015, 28.20419841551008, 53.00504488098207, 65.60711805843448, 64.2231595725393, 86.73510178525275, 12.642313935030753, 48.558319133496965, 54.08243675558558, 52.36769047225071, 37.028332052436845, 16.830457584559635, 22.57405819862633, 50.744257508501036, 36.93169347359842, 27.04301345380948, 35.6837527074573, 83.89167654108451, 52.99539283092765, 41.328774966855185, 37.76430318875277, 53.428538411928905, 29.684650409865796, 72.38344844839216, 72.7027203456804, 14.885200514781673, 50.42095428019631, 48.321525203509424, 17.88182106041958, 22.667343501820326, 19.438652805515595, 43.12646269453795, 57.52552208073486, 84.4386502683105, 48.89862942931185, 83.69335023277438, 69.13216776383543, 59.890581767832956], [42.09238082687394, 83.8112277070553, 103.64187287857075, 71.36297865670348, 77.10666522252832, 0.0, 43.36182974733401, 102.50049907241561, 67.50443616225905, 13.785180466241364, 87.5295339712381, 75.08562331095266, 91.95496383974918, 63.938134109024574, 79.04200759329095, 24.225339303636375, 73.2214811438402, 57.32690046161231, 19.552926146905598, 71.17548714101147, 30.126643964914038, 56.41203524019652, 36.83669956927399, 56.73577852817285, 78.75456097702494, 80.51064840393578, 62.30673087412328, 57.513326965189016, 81.44493355728444, 62.72653301084691, 28.186008472012848, 72.4068604690284, 110.95590372492589, 60.3493217563536, 31.254820297817222, 47.79480973529572, 51.04408886309671, 55.139305000927976, 72.564881616404, 26.732283497596267, 51.147756203635495, 69.99535170995438, 61.129747072793975, 71.59166627717214, 33.98641419334472, 78.9808530052303, 9.02627112087991, 82.70150178079376, 13.48309057685905, 60.7206588718992, 76.67662238028937], [4.668985635049994, 56.20477463431342, 89.75644631643966, 49.588202793698095, 53.50412029171589, 43.36182974733401, 0.0, 86.05331553180046, 88.94067245515006, 40.48947859301195, 62.00297621497577, 49.83119029468496, 78.07493381990326, 21.422273073143163, 41.73826825241825, 28.20463284139791, 87.50710372107844, 75.85951159333507, 61.68287958538824, 42.37116553594046, 36.799049723593335, 13.21872860519451, 51.095490278067004, 18.64239944077702, 46.39399003285139, 45.562891855320096, 18.9707050674032, 19.17820152210797, 44.68766437773731, 62.34380302729453, 66.58381688294904, 29.053370690438193, 94.46738580649571, 61.657987986998045, 13.596066233663302, 29.715386150669048, 76.124993024017, 79.13096583305443, 57.92047268143891, 28.320746699507684, 61.011624437087605, 57.35464139769653, 31.047955949147777, 38.819346532050986, 29.601428187207368, 86.93981536669017, 52.365161454257304, 84.65866988739523, 41.44573141050724, 80.99265723384478, 86.70827634174236], [90.66341042520943, 34.69880596953991, 6.49440175090268, 36.47321445433895, 33.21837393577302, 102.50049907241561, 86.05331553180046, 0.0, 76.95705714404896, 110.94527362451059, 28.28402902843717, 37.28400290905572, 11.056707183603153, 77.9057106106776, 58.44732915387094, 79.9209869352868, 63.34975964658748, 70.04720751539104, 107.47745273523181, 45.71476595024497, 72.37803531533652, 87.29985688402341, 70.00336701212147, 70.21575375898158, 47.1109215922263, 52.07517669682146, 83.84894970127428, 70.13731354037414, 56.33008654095371, 43.909888393486995, 101.52265245564273, 85.31642527696357, 8.617516643345361, 46.8203279230687, 83.99236675450763, 59.04442151047521, 81.03874044398405, 79.60521717782215, 30.26555390373489, 77.25542844648156, 59.54989595020192, 32.5396120630641, 55.730367732642485, 51.99209176246787, 69.80826338917869, 51.35932227790168, 108.35855236656312, 39.75387333992635, 111.44437369437848, 73.37127077709675, 55.28042768369066], [91.26086680078666, 84.40966762024732, 73.6364930607241, 70.98535603535746, 75.46247784134152, 67.50443616225905, 88.94067245515006, 76.95705714404896, 0.0, 81.21487313972644, 83.02242415125761, 77.10927663308966, 67.0671106716503, 99.29386249233302, 97.73355660306002, 62.29973578064851, 14.438883889208293, 13.224602425371309, 57.208223013203195, 80.72274045078638, 52.30047902484338, 99.83835941140669, 37.94036284131806, 87.82397004903491, 89.31645616412236, 94.46348410156479, 101.98397921779242, 88.44102431834541, 98.17429332522786, 39.78619930414396, 45.87440276343765, 110.19128808326093, 82.45585966744875, 37.76056863452577, 76.79082559524589, 65.66452200634227, 16.67886919757005, 12.49863466977153, 61.15488601573978, 61.31306478277678, 29.92551129788248, 57.7972481849008, 79.3053939591507, 86.56019573022708, 59.454651378938564, 26.994842531118984, 66.52000402298201, 38.1436928351031, 80.97641768497137, 7.950915806964105, 22.769281512153892], [37.84384341558857, 88.74770218923423, 112.71400843505164, 77.59541416782372, 83.04083055314926, 13.785180466241364, 40.48947859301195, 110.94527362451059, 81.21487313972644, 0.0, 93.19963375260872, 80.4705183363043, 100.81035270002491, 61.90869049109024, 80.28050116823026, 31.028163347006085, 86.47593630835483, 70.76532473045341, 30.953370921993226, 75.32891848438668, 39.76279879167417, 52.44609066470215, 49.03209068567271, 56.949966986344776, 81.96112506322775, 82.78186637427581, 59.02226812826232, 57.668370972865524, 82.97352901251283, 73.56735486779564, 41.10260756862019, 68.82204338385723, 119.52282653231231, 71.41908395679826, 31.548430763467483, 53.3784301351347, 64.80383779982549, 68.88517653495788, 80.68975279897636, 33.691294832947655, 63.34553705236509, 78.50042169836321, 64.39749565741721, 74.43338460429956, 41.14252640302341, 91.58746419907115, 18.513447189478157, 94.4885532103127, 0.9987951267186068, 74.32592852986497, 89.51155560357124], [66.66833051886621, 6.532454197869296, 34.034553636208045, 16.35703618340351, 10.47378808114733, 87.5295339712381, 62.00297621497577, 28.28402902843717, 83.02242415125761, 93.19963375260872, 0.0, 12.763462755573103, 26.148976218613587, 50.661115919963876, 30.169814948821003, 63.38903560304712, 72.1151482478747, 72.48131660275004, 97.15901202818365, 19.657419286581227, 59.02032208978252, 60.95932741248085, 62.375101763168466, 44.47061416756764, 18.96158792518718, 23.79143728596257, 56.757475501048425, 44.231711284596706, 28.06173628635511, 43.46958512371314, 94.10551482153448, 57.33529303897134, 35.36366066379369, 45.862851096516756, 63.120931397640476, 39.954509652491886, 81.30058551208836, 81.30781436298379, 21.979946902354556, 60.8210465961258, 57.26123614211933, 25.4580134309261, 30.98406425695613, 24.702583766101263, 53.563148344185635, 62.811606803901014, 94.9050341408722, 52.99374188958981, 93.87335082914248, 77.16078162570152, 65.65787672390704], [54.49847668349985, 8.998170596517427, 42.00995335876714, 6.127697281029625, 4.145091520811537, 75.08562331095266, 49.83119029468496, 37.28400290905572, 77.10927663308966, 80.4705183363043, 12.763462755573103, 0.0, 31.620551641470872, 40.75742814241006, 24.47638473977973, 50.883712312728626, 67.80945223326408, 65.50299801641945, 85.50396052444063, 8.4998710524931, 47.1959506761142, 50.0430533512586, 52.117124611539616, 33.048693491469294, 13.399733976868, 19.139501065421697, 46.62238935046644, 32.92700636281801, 23.542061166961897, 37.486826086415974, 83.20383480095725, 48.86803680250939, 45.31998901284192, 39.35185244120375, 50.382529881974946, 27.348762677342787, 73.1633852346701, 73.71329366236475, 17.66024409565357, 48.35334034377475, 49.21020501106145, 20.26226704053635, 18.844317131846648, 15.33256649145395, 41.21782032184116, 60.251622080946085, 82.6528345196801, 52.05365531620554, 81.1525831078919, 70.53381679738585, 62.426494901414536], [82.59948536915897, 31.717330239725328, 11.99807417146046, 29.2283056178025, 27.4958373961522, 91.95496383974918, 78.07493381990326, 11.056707183603153, 67.0671106716503, 100.81035270002491, 26.148976218613587, 31.620551641470872, 0.0, 72.15197924341919, 55.01995415469511, 69.80023500776011, 53.90467186321465, 59.48738565149335, 96.49280901449592, 40.058441667278714, 61.83748869788575, 80.62450802666245, 58.99236760111768, 63.425266654088034, 43.42524066638309, 48.90567107755423, 77.85515317180267, 63.4508804167249, 53.362795009830606, 32.86939141174614, 90.4667783442144, 80.4884424865787, 19.093891126178377, 35.78097348298632, 74.86113871910227, 49.92027033828356, 70.3045086904225, 69.02614777336944, 20.620259629174907, 67.14838976924044, 48.52527226554975, 22.35088778703224, 48.8191076251899, 46.93313374387699, 59.772020817479344, 42.44855396790645, 97.6074596949584, 31.121902042741244, 101.27330217450766, 63.037650018605426, 46.12946300070092], [24.6007139113231, 44.190093455666876, 82.76707175397667, 43.1496318984427, 44.894104828372015, 63.938134109024574, 21.422273073143163, 77.9057106106776, 99.29386249233302, 61.90869049109024, 50.661115919963876, 40.75742814241006, 72.15197924341919, 0.0, 23.763971447484106, 44.87563192735934, 94.88281660541477, 86.10032909906987, 81.31652091726019, 32.26046868465284, 50.31126864263014, 12.001132225390759, 63.286511100376245, 11.516172639820157, 32.21159784134418, 29.219929938279723, 6.165359373782743, 10.964909651121113, 26.833899981108143, 65.95560175692017, 84.71278185088448, 10.897583053607637, 85.67470924659489, 66.22386584970042, 32.77558314656377, 33.80320301305052, 88.92150778048745, 91.25970354721288, 54.427451307445295, 43.944881150714586, 69.58755655725646, 55.19545625787001, 24.17424321073201, 26.01888907593228, 41.77994959532926, 91.47888289213977, 72.95959153925382, 86.52095284912822, 62.862490326014004, 91.47354623994015, 92.23071766109754], [45.92265022401644, 23.773070150715593, 64.07505448950042, 29.484767819739083, 28.20419841551008, 79.04200759329095, 41.73826825241825, 58.44732915387094, 97.73355660306002, 80.28050116823026, 30.169814948821003, 24.47638473977973, 55.01995415469511, 23.763971447484106, 0.0, 56.14774712221905, 90.09021335423108, 85.21250378184664, 93.71053889291926, 17.684183597481724, 57.21238057847547, 35.60449978417444, 66.82006690156388, 23.478668161606624, 11.594827189412861, 6.408539554908889, 29.791151961954906, 22.816478452074556, 3.0771336927393294, 59.4747540891752, 94.35894396006596, 27.862495275885735, 65.40503191916744, 60.765517453878616, 48.84550801166103, 35.797336400957754, 90.96267934415457, 92.32403389399802, 41.79576855811591, 54.25695240237362, 68.22878842036421, 43.92253487243612, 19.987164574152985, 11.179609319954112, 49.058394055806, 83.73399982488937, 87.72072682910846, 76.22603073939283, 81.14981811250745, 90.51578637820639, 85.5198795627618], [29.57490208186547, 59.587117772358496, 81.7244444888225, 47.3305143886272, 53.00504488098207, 24.225339303636375, 28.20463284139791, 79.9209869352868, 62.29973578064851, 31.028163347006085, 63.38903560304712, 50.883712312728626, 69.80023500776011, 44.87563192735934, 56.14774712221905, 0.0, 63.15677284078841, 49.63855148711189, 37.631834849327475, 47.03267300436924, 10.86347249940573, 40.82725277599672, 24.601404344303337, 35.51565185672016, 54.83086547852923, 56.974702431641184, 45.08533751084839, 36.306439177797536, 58.32121341987926, 44.07927662500057, 39.85708285170673, 54.88284866527127, 88.49547326408444, 42.32441710230609, 14.908255274213975, 23.570507396089152, 48.407771058756616, 51.672534294627106, 49.67340531859272, 2.6694460651003813, 37.159759234878244, 47.47671102024685, 37.358075266126825, 47.87768320249778, 10.158267337876921, 65.31328421403428, 32.186633717454896, 66.08018987516483, 31.52432123109278, 54.451428154801185, 64.10985569230652], [90.44666492549837, 74.29630748945138, 59.68498535470177, 61.79856325422437, 65.60711805843448, 73.2214811438402, 87.50710372107844, 63.34975964658748, 14.438883889208293, 86.47593630835483, 72.1151482478747, 67.80945223326408, 53.90467186321465, 94.88281660541477, 90.09021335423108, 63.15677284078841, 0.0, 16.2614768027971, 66.22148590526669, 72.56485662448857, 52.4137896080113, 97.13308900469728, 38.84863034771716, 83.38825433878331, 80.68531474312263, 86.12921321980602, 98.32447534158686, 83.91819100852706, 90.1351193688644, 30.62954018444103, 55.68502461067991, 105.67431059427419, 68.45604473757265, 29.412747463104896, 76.60914796851601, 61.17189581474542, 26.397052758376578, 22.789584205187577, 50.81943505987235, 61.624336648272255, 26.524626233561722, 47.7276793827689, 73.02306839890149, 78.97329784028909, 58.089912795436284, 12.589254781456525, 73.89065729215152, 23.96190602766197, 86.39545297428387, 14.988015038722054, 8.37225267766364], [78.28861515745982, 73.24617157989849, 67.66165833638877, 59.38572282608863, 64.2231595725393, 57.32690046161231, 75.85951159333507, 70.04720751539104, 13.224602425371309, 70.76532473045341, 72.48131660275004, 65.50299801641945, 59.48738565149335, 86.10032909906987, 85.21250378184664, 49.63855148711189, 16.2614768027971, 0.0, 50.020577396689944, 68.50203855855943, 39.380477535827545, 86.63820550155052, 25.077423016977384, 74.64298299087707, 77.25166890229315, 82.23214142206342, 88.75995194483845, 75.26678890395435, 85.80118220811357, 29.065053886083028, 39.71360014783954, 96.99782944368195, 76.48362900456806, 26.6205696989246, 63.91596157716526, 52.53320837129984, 11.653892531918714, 9.559818805560216, 50.50551177297033, 48.49469283802177, 17.02018474149157, 47.0251870556188, 66.45265016345533, 74.07211476355367, 46.315196854227445, 25.496114139491024, 57.673850075357265, 34.30044926572884, 70.6327956129012, 5.3934618333855235, 21.899592946150474], [60.94867212928698, 94.49020852362067, 107.44744737896559, 80.82367297848539, 86.73510178525275, 19.552926146905598, 61.68287958538824, 107.47745273523181, 57.208223013203195, 30.953370921993226, 97.15901202818365, 85.50396052444063, 96.49280901449592, 81.31652091726019, 93.71053889291926, 37.631834849327475, 66.22148590526669, 50.020577396689944, 0.0, 83.20481210199287, 38.32018921104216, 74.88781183744048, 37.53544537617196, 72.87327207192736, 91.54992842622504, 94.19476214417568, 80.37896462984693, 73.66550251380762, 95.79825338304825, 64.45215241136121, 11.7155200655406, 90.47364122540857, 115.51662495988123, 61.671445079448674, 48.68272371236333, 59.47920149875148, 40.720186091644266, 44.85739596557825, 79.12716622587398, 39.45406643190431, 49.97002971311191, 76.03866494440317, 74.50649727304956, 84.98378896546038, 45.24061923303755, 74.63283873941158, 12.459376358428466, 80.9071424733037, 30.245610857458786, 51.89183892100672, 71.51764302977386], [47.03246368584548, 13.918243998941843, 50.506901027852294, 12.087568423674458, 12.642313935030753, 71.17548714101147, 42.37116553594046, 45.71476595024497, 80.72274045078638, 75.32891848438668, 19.657419286581227, 8.4998710524931, 40.058441667278714, 32.26046868465284, 17.684183597481724, 47.03267300436924, 72.56485662448857, 68.50203855855943, 83.20481210199287, 0.0, 45.10187675951689, 41.73057891738233, 52.262763251825035, 24.921613242118028, 8.986627336175538, 13.743148036298882, 38.14576464173892, 24.73530825026462, 17.574725655713493, 41.93588023549848, 82.05992475788834, 40.4686886234273, 53.65158817515844, 43.36433860911519, 44.40700170334634, 23.771085409254926, 75.09954897135542, 76.10276773023286, 24.40224742327164, 44.670060708677546, 51.68550847088592, 26.315801184955617, 11.468294675264652, 7.196791844966274, 38.06380129291462, 66.05008611687613, 79.19459647985293, 58.69665240269653, 76.07170802145446, 73.72133707980858, 67.85384232316675], [38.9619867553606, 56.17596195875753, 73.56421470142465, 42.66334165501552, 48.558319133496965, 30.126643964914038, 36.799049723593335, 72.37803531533652, 52.30047902484338, 39.76279879167417, 59.02032208978252, 47.1959506761142, 61.83748869788575, 50.31126864263014, 57.21238057847547, 10.86347249940573, 52.4137896080113, 39.380477535827545, 38.32018921104216, 45.10187675951689, 0.0, 48.448921015805915, 14.361003937920751, 39.66250527031039, 53.6748659361329, 56.81512985800547, 51.67511896817846, 40.41203940065669, 58.940029276523994, 33.9506823293766, 37.236218987905254, 60.919801584929914, 80.82931281284203, 31.98084884626121, 24.536618919543162, 21.682291102083404, 39.448043683492656, 42.34728351616453, 42.54916480133119, 9.21911897031203, 26.30187743651122, 39.89523006155074, 37.34925866882292, 47.56062168096292, 8.611886054861804, 54.47150251375938, 36.36220497042841, 55.57155118386431, 40.089883882892934, 44.3765226965282, 53.24653988261234], [14.641601763734707, 54.63457391507333, 91.74951196535505, 51.40165833324915, 54.08243675558558, 56.41203524019652, 13.21872860519451, 87.29985688402341, 99.83835941140669, 52.44609066470215, 60.95932741248085, 50.0430533512586, 80.62450802666245, 12.001132225390759, 35.60449978417444, 40.82725277599672, 97.13308900469728, 86.63820550155052, 74.88781183744048, 41.73057891738233, 48.448921015805915, 0.0, 62.43680473118386, 17.199260569197772, 43.176409011464344, 40.76368460225258, 6.933216522875907, 17.19818251768616, 38.68159133730771, 69.94469295675677, 79.72853587891464, 16.37597896160093, 95.35545243527594, 69.7242504362873, 26.663423800782567, 36.62535014456579, 87.88380164837588, 90.66309547506295, 61.630065280651536, 40.5957290195706, 70.95175536361677, 61.80762300537797, 31.80689924726238, 36.333586071770966, 40.52254401415737, 95.23940820989192, 65.38146409816983, 91.60309764479085, 53.430074546003965, 91.8998679491008, 95.47657857140123], [53.32295797185811, 60.95668271921435, 69.91790200903878, 46.59045035000609, 52.36769047225071, 36.83669956927399, 51.095490278067004, 70.00336701212147, 37.94036284131806, 49.03209068567271, 62.375101763168466, 52.117124611539616, 58.99236760111768, 63.286511100376245, 66.82006690156388, 24.601404344303337, 38.84863034771716, 25.077423016977384, 37.53544537617196, 52.262763251825035, 14.361003937920751, 62.43680473118386, 0.0, 52.15679891027974, 61.22721723000518, 65.27136747258987, 65.21844525819812, 52.85744160099913, 68.08071044683015, 27.07408176273855, 32.09642439990639, 74.08606300139701, 77.99047300771291, 24.39000851786935, 38.86573295301827, 31.389304878442754, 25.650404263364095, 28.233560128201486, 42.50630662117409, 23.419505552155222, 14.342878479889626, 39.211718915792105, 46.93067748023808, 56.25470388143378, 21.930678263036064, 42.60216291644957, 40.242661268524714, 45.87922950516345, 49.11477026906344, 30.02115824433205, 40.7474530426647], [23.10615032757908, 38.35668413012927, 74.57768411384971, 34.20311450797922, 37.028332052436845, 56.73577852817285, 18.64239944077702, 70.21575375898158, 87.82397004903491, 56.949966986344776, 44.47061416756764, 33.048693491469294, 63.425266654088034, 11.516172639820157, 23.478668161606624, 35.51565185672016, 83.38825433878331, 74.64298299087707, 72.87327207192736, 24.921613242118028, 39.66250527031039, 17.199260569197772, 52.15679891027974, 0.0, 27.878532603352394, 26.938223012865464, 15.48287972658989, 0.7924498452042877, 26.31872762302004, 54.676488697738655, 75.22653806244267, 22.39108704182386, 78.3535201055951, 54.8457184816125, 25.788634473896167, 22.28706127243222, 77.7335231335646, 79.96798278215432, 44.58875502164708, 34.19043741466883, 58.08288429356216, 44.96024431671483, 14.608365216541317, 20.42233652901727, 31.054473946323064, 80.19358744969317, 65.63014482351304, 75.61902744957449, 57.838203917457626, 80.02236368582673, 80.84753661929884], [50.93924854196501, 12.445145382827885, 52.61193874890704, 19.019503075866247, 16.830457584559635, 78.75456097702494, 46.39399003285139, 47.1109215922263, 89.31645616412236, 81.96112506322775, 18.96158792518718, 13.399733976868, 43.42524066638309, 32.21159784134418, 11.594827189412861, 54.83086547852923, 80.68531474312263, 77.25166890229315, 91.54992842622504, 8.986627336175538, 53.6748659361329, 43.176409011464344, 61.22721723000518, 27.878532603352394, 0.0, 5.754209473048656, 38.37044568854443, 27.454840324729595, 10.21255723340437, 50.13017177535522, 90.7770953641032, 38.38243550682134, 54.32523618900096, 51.74348633554225, 50.55832428642827, 32.096171187562625, 84.03707948961305, 84.98100856941738, 31.04213781470768, 52.58647782484655, 60.51848050582059, 33.50912560918983, 17.676068774120573, 7.660861116467252, 46.31128668562864, 73.52973438673231, 87.00352572767251, 65.45337452521734, 82.7527611916328, 82.43036071212772, 75.58779882543125], [49.95075938499533, 17.44490932917826, 57.750270512569905, 24.648997020754027, 22.57405819862633, 80.51064840393578, 45.562891855320096, 52.07517669682146, 94.46348410156479, 82.78186637427581, 23.79143728596257, 19.139501065421697, 48.90567107755423, 29.219929938279723, 6.408539554908889, 56.974702431641184, 86.12921321980602, 82.23214142206342, 94.19476214417568, 13.743148036298882, 56.81512985800547, 40.76368460225258, 65.27136747258987, 26.938223012865464, 5.754209473048656, 0.0, 35.354381979304634, 26.384806791334274, 4.491436865010265, 55.52486619750215, 94.04535901642288, 34.14017621085392, 58.99768890557801, 57.04069241717081, 51.234437918323415, 35.13527738422816, 88.65107681291737, 89.75052728810536, 36.759277153512485, 54.88070754771228, 65.38286291812861, 39.163331309126335, 19.688789590047655, 9.256894283888554, 49.05592678246737, 79.17027257748482, 88.98033575233492, 71.18801520132251, 83.61348804628034, 87.45974348759346, 81.16728795934708], [21.190920228775354, 50.30273033299094, 88.61626958248328, 48.72502490668584, 50.744257508501036, 62.30673087412328, 18.9707050674032, 83.84894970127428, 101.98397921779242, 59.02226812826232, 56.757475501048425, 46.62238935046644, 77.85515317180267, 6.165359373782743, 29.791151961954906, 45.08533751084839, 98.32447534158686, 88.75995194483845, 80.37896462984693, 38.14576464173892, 51.67511896817846, 6.933216522875907, 65.21844525819812, 15.48287972658989, 38.37044568854443, 35.354381979304634, 0.0, 15.163032643653107, 32.84770905310605, 70.05461545544772, 84.59782881112355, 10.109874063311727, 91.68328393210011, 70.12246455307162, 31.74115511095616, 37.185598362058215, 90.84577022608687, 93.40063353166425, 59.69884715967298, 44.50778965717028, 72.57373921101605, 60.26386670585974, 29.40488732449996, 32.07858129711961, 43.36494416059789, 95.54773742487518, 71.3191213918532, 91.10182675141988, 59.99875250556827, 94.094016634981, 96.08941776334474], [23.6009176264922, 38.07695111071926, 74.55157753101919, 34.22275555952275, 36.93169347359842, 57.513326965189016, 19.17820152210797, 70.13731354037414, 88.44102431834541, 57.668370972865524, 44.231711284596706, 32.92700636281801, 63.4508804167249, 10.964909651121113, 22.816478452074556, 36.306439177797536, 83.91819100852706, 75.26678890395435, 73.66550251380762, 24.73530825026462, 40.41203940065669, 17.19818251768616, 52.85744160099913, 0.7924498452042877, 27.454840324729595, 26.384806791334274, 15.163032643653107, 0.0, 25.677824668550862, 55.10870267140701, 76.01221696554151, 21.808447614143628, 78.24452490903846, 55.31242082911943, 26.5444098966526, 22.86068357234116, 78.42214454401974, 80.63838419168452, 44.74053099523729, 34.976147266872175, 58.67706565732499, 45.1723438371752, 14.63841575748329, 20.05275768299941, 31.80235284963681, 80.6305454735019, 66.41125608875467, 75.96176163182525, 58.559216252724696, 80.64850898728453, 81.31805725390893], [48.908497943115904, 21.809249089005185, 62.0769654108233, 28.915883881570462, 27.04301345380948, 81.44493355728444, 44.68766437773731, 56.33008654095371, 98.17429332522786, 82.97352901251283, 28.06173628635511, 23.542061166961897, 53.362795009830606, 26.833899981108143, 3.0771336927393294, 58.32121341987926, 90.1351193688644, 85.80118220811357, 95.79825338304825, 17.574725655713493, 58.940029276523994, 38.68159133730771, 68.08071044683015, 26.31872762302004, 10.21255723340437, 4.491436865010265, 32.84770905310605, 25.677824668550862, 0.0, 59.50767691707161, 96.15281945888236, 30.640569427626204, 63.10427319435992, 60.9301457501239, 51.48340086183614, 37.367792743896196, 91.88991239597468, 93.12373815027554, 41.109344188134266, 56.357743767779745, 68.87447265650432, 43.43078968788642, 21.591690408700806, 11.87833753693138, 50.923242851781275, 83.39804853320138, 90.06378867972019, 75.55713865238401, 83.83372861488319, 91.0676400601696, 85.32168154176176], [66.05796787107629, 44.62362090215392, 43.15782394055776, 31.396267126247057, 35.6837527074573, 62.72653301084691, 62.34380302729453, 43.909888393486995, 39.78619930414396, 73.56735486779564, 43.46958512371314, 37.486826086415974, 32.86939141174614, 65.95560175692017, 59.4747540891752, 44.07927662500057, 30.62954018444103, 29.065053886083028, 64.45215241136121, 41.93588023549848, 33.9506823293766, 69.94469295675677, 27.07408176273855, 54.676488697738655, 50.13017177535522, 55.52486619750215, 70.05461545544772, 55.10870267140701, 59.50767691707161, 0.0, 57.7446888869462, 76.50148682912231, 51.50088616764723, 2.9120378989166147, 54.10518902605124, 33.33545455351969, 38.61873750344282, 38.12982624184, 21.494737740209388, 41.734620571324854, 15.680126017525952, 18.06351211496586, 43.00519536619542, 48.38111696976136, 35.61821301456842, 25.52422023616957, 67.07549874378624, 22.506269287794254, 73.83390226991796, 33.69220900206822, 26.48290056900487], [66.61133993359321, 92.17459966579827, 100.87699714809158, 78.01799457180913, 83.89167654108451, 28.186008472012848, 66.58381688294904, 101.52265245564273, 45.87440276343765, 41.10260756862019, 94.10551482153448, 83.20383480095725, 90.4667783442144, 84.71278185088448, 94.35894396006596, 39.85708285170673, 55.68502461067991, 39.71360014783954, 11.7155200655406, 82.05992475788834, 37.236218987905254, 79.72853587891464, 32.09642439990639, 75.22653806244267, 90.7770953641032, 94.04535901642288, 84.59782881112355, 76.01221696554151, 96.15281945888236, 57.7446888869462, 0.0, 94.54364308584462, 109.24161386455008, 54.86141006097873, 53.06758132511812, 58.91017849669519, 29.641582269458755, 33.69676326542445, 74.60264053673846, 41.036108948478585, 42.4350182299653, 71.30120431662873, 74.56975410622933, 84.79305720008962, 45.31558611952334, 64.90269030915518, 23.208225214112584, 72.10483896903426, 40.51834373253182, 41.01947362144795, 61.53533399892341], [31.001588999889815, 50.806585857399256, 90.55657329066682, 52.06422703522706, 52.99539283092765, 72.4068604690284, 29.053370690438193, 85.31642527696357, 110.19128808326093, 68.82204338385723, 57.33529303897134, 48.86803680250939, 80.4884424865787, 10.897583053607637, 27.862495275885735, 54.88284866527127, 105.67431059427419, 96.99782944368195, 90.47364122540857, 40.4686886234273, 60.919801584929914, 16.37597896160093, 74.08606300139701, 22.39108704182386, 38.38243550682134, 34.14017621085392, 10.109874063311727, 21.808447614143628, 30.640569427626204, 76.50148682912231, 94.54364308584462, 0.0, 92.69296021121886, 76.87266423522472, 41.81302825657549, 44.66880629375556, 99.7327361180247, 102.11341879724615, 63.82922557805576, 54.16125344596958, 80.47375530636016, 64.8979984403341, 34.0233553044387, 33.57343399435669, 52.45180857382845, 102.00295205742823, 81.41568122624291, 96.66698134877139, 69.80587825365257, 102.3706994562642, 102.86609064861388], [99.09120933276479, 41.88768676353639, 8.84819433549715, 44.88329648603868, 41.328774966855185, 110.95590372492589, 94.46738580649571, 8.617516643345361, 82.45585966744875, 119.52282653231231, 35.36366066379369, 45.31998901284192, 19.093891126178377, 85.67470924659489, 65.40503191916744, 88.49547326408444, 68.45604473757265, 76.48362900456806, 115.51662495988123, 53.65158817515844, 80.82931281284203, 95.35545243527594, 77.99047300771291, 78.3535201055951, 54.32523618900096, 58.99768890557801, 91.68328393210011, 78.24452490903846, 63.10427319435992, 51.50088616764723, 109.24161386455008, 92.69296021121886, 0.0, 54.39309391368099, 92.59071436674489, 67.6508771310305, 87.72259641232343, 86.0293707543498, 38.86264384570229, 85.83153859750848, 67.00924916069441, 41.06538839783387, 63.95683114733147, 59.67027764977451, 78.39308327139524, 56.094834964571135, 116.69202992380153, 44.51395198829547, 120.01545661623581, 79.46143374613908, 60.18539369777945], [65.24379288185612, 46.756065435579906, 46.02451978495448, 33.23071868024496, 37.76430318875277, 60.3493217563536, 61.657987986998045, 46.8203279230687, 37.76056863452577, 71.41908395679826, 45.862851096516756, 39.35185244120375, 35.78097348298632, 66.22386584970042, 60.765517453878616, 42.32441710230609, 29.412747463104896, 26.6205696989246, 61.671445079448674, 43.36433860911519, 31.98084884626121, 69.7242504362873, 24.39000851786935, 54.8457184816125, 51.74348633554225, 57.04069241717081, 70.12246455307162, 55.31242082911943, 60.9301457501239, 2.9120378989166147, 54.86141006097873, 76.87266423522472, 54.39309391368099, 0.0, 52.911623811775414, 33.1160819103133, 35.894126066744185, 35.537756612693975, 23.893125985835262, 40.054815227367214, 12.772402252764461, 20.405294001651157, 43.71355672038119, 49.61796947677204, 34.23467460194133, 25.515166811366075, 64.50683480386431, 23.824091649694722, 71.65966623633989, 31.395916467289354, 26.007089926352624], [14.670561337647044, 58.14606854724556, 86.83080852363811, 48.48545697600063, 53.428538411928905, 31.254820297817222, 13.596066233663302, 83.99236675450763, 76.79082559524589, 31.548430763467483, 63.120931397640476, 50.382529881974946, 74.86113871910227, 32.77558314656377, 48.84550801166103, 14.908255274213975, 76.60914796851601, 63.91596157716526, 48.68272371236333, 44.40700170334634, 24.536618919543162, 26.663423800782567, 38.86573295301827, 25.788634473896167, 50.55832428642827, 51.234437918323415, 31.74115511095616, 26.5444098966526, 51.48340086183614, 54.10518902605124, 53.06758132511812, 41.81302825657549, 92.59071436674489, 52.911623811775414, 0.0, 24.97276366000839, 63.26408282338926, 66.45460911599484, 54.242286402151144, 15.494525404385643, 50.15793055197387, 52.8835387176982, 33.17414620983965, 42.97448575340993, 18.85458064092235, 77.41540110715522, 40.25281623165629, 76.60211673275569, 32.386357009791006, 68.88387738788808, 76.6985130736835], [33.85797037877435, 36.01663975735316, 61.8749222717877, 24.228192319815427, 29.684650409865796, 47.79480973529572, 29.715386150669048, 59.04442151047521, 65.66452200634227, 53.3784301351347, 39.954509652491886, 27.348762677342787, 49.92027033828356, 33.80320301305052, 35.797336400957754, 23.570507396089152, 61.17189581474542, 52.53320837129984, 59.47920149875148, 23.771085409254926, 21.682291102083404, 36.62535014456579, 31.389304878442754, 22.28706127243222, 32.096171187562625, 35.13527738422816, 37.185598362058215, 22.86068357234116, 37.367792743896196, 33.33545455351969, 58.91017849669519, 44.66880629375556, 67.6508771310305, 33.1160819103133, 24.97276366000839, 0.0, 56.43563768641973, 58.346796489344435, 29.316436981880507, 21.0889828012889, 35.83417448309434, 28.174755809745978, 15.815236932025764, 25.883327437747834, 14.292749365752355, 58.62764584030919, 55.57058614519263, 55.26352801513493, 54.01979943202781, 57.924464351441884, 58.97896178916891], [77.92488881798987, 81.38939616073372, 78.93391199810725, 67.14664536088624, 72.38344844839216, 51.04408886309671, 76.124993024017, 81.03874044398405, 16.67886919757005, 64.80383779982549, 81.30058551208836, 73.1633852346701, 70.3045086904225, 88.92150778048745, 90.96267934415457, 48.407771058756616, 26.397052758376578, 11.653892531918714, 40.720186091644266, 75.09954897135542, 39.448043683492656, 87.88380164837588, 25.650404263364095, 77.7335231335646, 84.03707948961305, 88.65107681291737, 90.84577022608687, 78.42214454401974, 91.88991239597468, 38.61873750344282, 29.641582269458755, 99.7327361180247, 87.72259641232343, 35.894126066744185, 63.26408282338926, 56.43563768641973, 0.0, 4.182084224289208, 59.5209560501728, 47.86900649610094, 24.074427579597707, 55.990657666504404, 71.45478173332984, 80.0201170811934, 47.49814518263463, 36.902773490329096, 49.84163912000537, 45.95401474376617, 64.5271692504316, 11.468783731900666, 33.108030544092976], [81.08460255945273, 81.73155843685184, 77.20266534921156, 67.63858006063856, 72.7027203456804, 55.139305000927976, 79.13096583305443, 79.60521717782215, 12.49863466977153, 68.88517653495788, 81.30781436298379, 73.71329366236475, 69.02614777336944, 91.25970354721288, 92.32403389399802, 51.672534294627106, 22.789584205187577, 9.559818805560216, 44.85739596557825, 76.10276773023286, 42.34728351616453, 90.66309547506295, 28.233560128201486, 79.96798278215432, 84.98100856941738, 89.75052728810536, 93.40063353166425, 80.63838419168452, 93.12373815027554, 38.12982624184, 33.69676326542445, 102.11341879724615, 86.0293707543498, 35.537756612693975, 66.45460911599484, 58.346796489344435, 4.182084224289208, 0.0, 59.3895868699107, 50.99270514985371, 24.522604388418557, 55.876602913011425, 73.04781213542047, 81.28741594357143, 50.164148131210936, 33.8458716031169, 54.02139662905232, 43.440199563061086, 68.62124069592784, 7.818104115793026, 29.909715161854507], [62.367716893656535, 23.479549349112695, 32.602711685506485, 12.338623971160155, 14.885200514781673, 72.564881616404, 57.92047268143891, 30.26555390373489, 61.15488601573978, 80.68975279897636, 21.979946902354556, 17.66024409565357, 20.620259629174907, 54.427451307445295, 41.79576855811591, 49.67340531859272, 50.81943505987235, 50.50551177297033, 79.12716622587398, 24.40224742327164, 42.54916480133119, 61.630065280651536, 42.50630662117409, 44.58875502164708, 31.04213781470768, 36.759277153512485, 59.69884715967298, 44.74053099523729, 41.109344188134266, 21.494737740209388, 74.60264053673846, 63.82922557805576, 38.86264384570229, 23.893125985835262, 54.242286402151144, 29.316436981880507, 59.5209560501728, 59.3895868699107, 0.0, 47.005839754361354, 35.602135369361854, 3.5320421365192027, 30.303587692693895, 31.567394476519326, 39.54817471518694, 42.67241055405693, 78.83999869035549, 34.45292248888207, 81.19719003567906, 55.18677206361759, 45.005477453268696], [30.092296571102672, 57.09383505487485, 79.07838240894931, 44.725540255702285, 50.42095428019631, 26.732283497596267, 28.320746699507684, 77.25542844648156, 61.31306478277678, 33.691294832947655, 60.82104659