instance_id,num_cities,city_coordinates,distance_matrix,best_route,total_distance
175,36,"[[11.109289282184054, 58.6922437292001], [68.22851611488781, 30.329455500764958], [20.48234795717955, 67.8898135871867], [10.908673457007122, 99.87730307313554], [91.96001999999228, 17.24799901380596], [41.733277411825455, 71.97592320948235], [33.75928354917974, 66.03888326139447], [3.606921109821215, 6.117987217391018], [98.98934601939142, 96.47102402009345], [81.56665301313168, 84.09522609042284], [92.20752539533493, 44.22103014889439], [26.641528125453707, 99.74218030356566], [96.79006405191532, 45.741509892528484], [16.512319919771922, 14.46066313522354], [36.25350149849578, 67.88135001806943], [24.541918718143307, 24.97639247416735], [10.976340381109583, 16.99860156676496], [61.57952445326688, 70.75691924528277], [89.28683102728507, 21.519890356926485], [72.19108041759944, 82.83992285570864], [65.46589185527306, 45.99172742734942], [90.01808019809022, 18.770404566188116], [41.39281641408306, 0.9917282067525401], [14.66570943374288, 11.43496464743926], [23.522712387611875, 76.29676474674773], [8.638593796871996, 19.352213320511336], [61.32985577546525, 70.9568446745209], [45.346791743482015, 42.83080761330221], [40.39962574175028, 76.98031388463268], [71.41784336637423, 49.59366372106041], [53.786003573745504, 11.088720143915843], [67.95240936633203, 42.69881587189741], [65.61073857936131, 7.891148150846394], [1.9720356147861384, 6.301180538802631], [33.90327113271837, 71.41546925193687], [34.1763439770392, 68.62736763449801]]","[[0.0, 63.77345709663954, 13.132003663472373, 41.18554794916289, 90.85409224483516, 33.38090456382644, 23.81166421548353, 53.106854321859274, 95.65636733852263, 74.89693996926476, 82.37924449247633, 43.890178129552055, 86.6540055164776, 44.56035751553343, 26.77071314640418, 36.293169597257446, 41.69385412958948, 51.892205903514736, 86.56507314465918, 65.68177536811353, 55.82063558955882, 88.43274577874189, 65.16472594206681, 47.39091210881939, 21.54094318853391, 39.41753833939529, 51.696477010083015, 37.733164861247644, 34.53081695999413, 60.991030929885184, 63.93275686577484, 59.050233153880214, 74.50610235043713, 53.18188513772897, 26.10452214281863, 25.115646503903914], [63.77345709663954, 0.0, 60.74929689572037, 90.12473281110958, 27.09813241662477, 49.36016558466446, 49.63155472741598, 69.00830194574904, 72.94474444818373, 55.39552313153127, 27.712248776963616, 80.91726598558975, 32.45448260462332, 54.09605826705292, 49.32085098168162, 44.01333974912572, 58.78369921041945, 40.970585972507244, 22.826762034358413, 52.65976735314855, 15.904051518468105, 24.66570010042541, 39.75999272144819, 56.7976763976143, 64.12177794024065, 60.59256297394177, 41.208934292875654, 26.07406977920067, 54.320803817246556, 19.526431488420325, 24.058097713106008, 12.372441591195328, 22.59049348630783, 70.47892738902898, 53.53767803190045, 51.247248717456145], [13.132003663472373, 60.74929689572037, 0.0, 33.389440352436864, 87.59937776003076, 21.640200889357615, 13.405333333604904, 64.03544771718808, 83.54779670673689, 63.197371136532745, 75.529546456891, 32.44239149292093, 79.45700027150288, 53.57644296364138, 15.771155812297769, 43.10500929574898, 51.771417219773085, 41.1970655606105, 82.97124002282155, 53.826562028463485, 50.03044472214256, 85.13480134969353, 70.08995305074055, 56.75370694960841, 8.939834655578517, 49.96171686659062, 40.96248984931929, 35.30147794641711, 21.89372398669583, 54.12184210190785, 65.84449630590252, 53.74005113581879, 75.07603808333334, 64.31011882885514, 13.876290093180529, 13.71384384352678], [41.18554794916289, 90.12473281110958, 33.389440352436864, 0.0, 115.74507620525466, 41.57695524286589, 40.83122624830329, 94.04320760733813, 88.1465122170421, 72.39906096657599, 98.52473822501516, 15.733434913626386, 101.51993574568814, 85.60025252277332, 40.81790440915143, 76.13154264104278, 82.87872912994438, 58.4425520914909, 110.8287855734675, 63.60664845404781, 76.68210574856316, 113.29884033096893, 103.47772653321331, 88.5221020171566, 26.742396412906917, 80.55708126124942, 58.12648742507321, 66.63547580202321, 37.336153799761085, 78.67530762323217, 98.59958365286684, 80.76736472805682, 107.02228097941875, 94.00188404752059, 36.589991893048484, 38.96078741950403], [90.85409224483516, 27.09813241662477, 87.59937776003076, 115.74507620525466, 0.0, 74.28237582216708, 75.94653454291723, 89.0513741953749, 79.53426378256012, 67.65037949011334, 26.974166669893137, 105.22259893878264, 28.899991137358434, 75.49917011924646, 75.27916336861429, 67.85962309008062, 80.98406364032635, 61.5319352369414, 5.039344692639263, 68.50628763474387, 39.09144086958613, 2.4675592921215603, 53.1159902388259, 77.51259132848273, 90.39038559390826, 83.34799207161839, 61.829176467328054, 53.17210870683978, 78.90769098061952, 38.31739874000961, 38.66771581446768, 34.987275502410135, 27.961317734600346, 90.65136605940795, 79.40214682888939, 77.32265343731136], [33.38090456382644, 49.36016558466446, 21.640200889357615, 41.57695524286589, 74.28237582216708, 0.0, 9.941479842895761, 76.0978763041767, 62.27573649597652, 41.636225983087265, 57.60194266086417, 31.602625358305822, 60.98765610529023, 62.80208466464787, 6.840575537200467, 50.044966810606034, 62.99599249569946, 19.88364886771683, 69.33362613246612, 32.33735073025834, 35.1911269891368, 71.84879535671013, 70.98501147338469, 66.31636977292364, 18.71615211765679, 62.16520671607595, 19.623057983471753, 29.368269423644794, 5.1790494114872, 37.177130009146886, 62.068669271072366, 39.30129634635857, 68.38853373280605, 76.77322563304624, 7.850038660375165, 8.265595403632396], [23.81166421548353, 49.63155472741598, 13.405333333604904, 40.83122624830329, 75.94653454291723, 9.941479842895761, 0.0, 67.07964477686735, 71.97969325459081, 51.10358198230539, 62.38762448871792, 34.44669321988406, 66.21829548137873, 54.385389083998106, 3.1009364598686346, 42.08429593185016, 54.074131783026615, 28.217470962272785, 71.17056454856399, 41.94374735267685, 37.51263077032205, 73.48034620592527, 65.49353559476071, 57.845937631791614, 14.4917742776168, 53.01598064546821, 28.00576364511109, 25.94002932613214, 12.798790900611168, 41.092728958235426, 58.485809745440406, 41.3996207578508, 66.29988149330393, 67.66847314529394, 5.378513673675102, 2.6218677980187226], [53.106854321859274, 69.00830194574904, 64.03544771718808, 94.04320760733813, 89.0513741953749, 76.0978763041767, 67.07964477686735, 0.0, 131.3829450160876, 110.26409016854902, 96.44640460068058, 96.41619496434164, 101.25769935048828, 15.367158485349847, 69.86066271888934, 28.17647198797715, 13.141389158526527, 86.82749721213261, 87.05323419485548, 102.90793125918357, 73.59651771665504, 87.33253734860952, 38.13203922410641, 12.27057652210965, 72.94997983368785, 14.15847698653086, 86.81022187945506, 55.588200024260296, 79.84467706007234, 80.55095048933929, 50.424681483854236, 74.0168824256948, 62.02916636947475, 1.645117131053563, 71.98353967930265, 69.5838505298851], [95.65636733852263, 72.94474444818373, 83.54779670673689, 88.1465122170421, 79.53426378256012, 62.27573649597652, 71.97969325459081, 131.3829450160876, 0.0, 21.37078861405005, 52.688280959974556, 72.42173166560762, 50.77716459976156, 116.31061484965126, 68.94313343105316, 103.21773961709467, 118.58395798793588, 45.39504305515326, 75.57652568467255, 30.0658270835492, 60.59687585669714, 78.2168132434265, 111.50630543420682, 119.75644901489896, 78.11666614072452, 118.78791769743704, 45.48857607257466, 75.8603746722311, 61.74660398594231, 54.38450760235578, 96.6099372914726, 62.08656703296569, 94.66005410756351, 132.44983651022005, 69.74222515014635, 70.54072890650524], [74.89693996926476, 55.39552313153127, 63.197371136532745, 72.39906096657599, 67.65037949011334, 41.636225983087265, 51.10358198230539, 110.26409016854902, 21.37078861405005, 0.0, 41.26959736946485, 57.110388897951054, 41.26451005215479, 95.29448363983833, 48.1266192192843, 82.1392525505347, 97.39070417629881, 24.029060272171982, 63.049772328930764, 9.459236105795183, 41.365578930183574, 65.86925632368849, 92.30454218286472, 98.76866833553692, 58.5654765426498, 97.52004677795844, 24.127681792251437, 54.90565164577871, 41.77733967186951, 35.96326101972849, 78.11347126963075, 43.57763657031966, 77.85661628942555, 111.29787348407234, 49.32113345981866, 49.85073756474295], [82.37924449247633, 27.712248776963616, 75.529546456891, 98.52473822501516, 26.974166669893137, 57.60194266086417, 62.38762448871792, 96.44640460068058, 52.688280959974556, 41.26959736946485, 0.0, 85.91564533012381, 4.828200409040128, 81.33537715395492, 60.75083148862841, 70.34906116092753, 85.67126727628374, 40.524410567498016, 22.888254705110803, 43.49801079873817, 26.800192783688885, 25.544627866203907, 66.71511969002371, 84.18823738318268, 75.80538429358305, 87.19073562570878, 40.8440235469343, 46.8813510586925, 61.2962408096492, 21.472681955593178, 50.73424194124589, 24.3028350174519, 45.02498634010276, 97.87930634402504, 64.33446652649671, 62.954644993553345], [43.890178129552055, 80.91726598558975, 32.44239149292093, 15.733434913626386, 105.22259893878264, 31.602625358305822, 34.44669321988406, 96.41619496434164, 72.42173166560762, 57.110388897951054, 85.91564533012381, 0.0, 88.52620796954731, 85.88095265778253, 33.279160725674316, 74.795263148236, 84.21340706347586, 45.396133602093215, 100.21557074705652, 48.58444216874942, 66.30567399117254, 102.8251711337247, 99.84614311779517, 89.1155686189251, 23.651945421856745, 82.38114126410116, 45.07633106666191, 59.906520751166966, 26.596763203309052, 67.22939923857787, 92.71601019048185, 70.43106086509039, 99.77580603994542, 96.6426629277791, 29.242699439450284, 32.01413777299768], [86.6540055164776, 32.45448260462332, 79.45700027150288, 101.51993574568814, 28.899991137358434, 60.98765610529023, 66.21829548137873, 101.25769935048828, 50.77716459976156, 41.26451005215479, 4.828200409040128, 88.52620796954731, 0.0, 86.15687771037132, 64.45810985879581, 75.17303110536497, 90.49944723186242, 43.19204560927692, 25.35715596728778, 44.51294463667838, 31.325171549723844, 27.80827732602316, 71.21374872011668, 89.00195878802161, 79.38342660220077, 92.01671957688811, 43.51137183745388, 51.525551462919, 64.46506346595523, 25.662982516349743, 55.22829940321937, 28.997729474359332, 49.03876243238248, 102.69371011037924, 67.92570141596266, 66.66513651227763], [44.56035751553343, 54.09605826705292, 53.57644296364138, 85.60025252277332, 75.49917011924646, 62.80208466464787, 54.385389083998106, 15.367158485349847, 116.31061484965126, 95.29448363983833, 81.33537715395492, 85.88095265778253, 86.15687771037132, 0.0, 56.95159380701482, 13.23083596726718, 6.09000828692236, 72.11325381976083, 73.11608684759591, 88.18076621631269, 58.2293759252017, 73.6319948479964, 28.29224830074158, 3.544689214316608, 62.23221886662801, 9.269456633137985, 72.11400729884313, 40.45110459628252, 66.92764831712537, 65.18392620201554, 37.42589334502419, 58.68113898221324, 49.53597926762195, 16.67324275331921, 59.55077769335586, 56.974113614934275], [26.77071314640418, 49.32085098168162, 15.771155812297769, 40.81790440915143, 75.27916336861429, 6.840575537200467, 3.1009364598686346, 69.86066271888934, 68.94313343105316, 48.1266192192843, 60.75083148862841, 33.279160725674316, 64.45810985879581, 56.95159380701482, 0.0, 44.47467316423009, 56.815393724879065, 25.48874922561107, 70.44088999168693, 38.92644961855321, 36.503689231650185, 72.81836915176379, 67.08676519152327, 60.43365939309567, 15.260805890956606, 55.83601199924185, 25.264247687313915, 26.6499081096465, 9.999074441443387, 39.63546907882939, 59.43728995370868, 40.48432765943743, 66.78826011427694, 70.4793315535212, 4.244240984135327, 2.2070626753595883], [36.293169597257446, 44.01333974912572, 43.10500929574898, 76.13154264104278, 67.85962309008062, 50.044966810606034, 42.08429593185016, 28.17647198797715, 103.21773961709467, 82.1392525505347, 70.34906116092753, 74.795263148236, 75.17303110536497, 13.23083596726718, 44.47467316423009, 0.0, 15.737536763433816, 58.886678205102335, 64.83711187896132, 74.9575263657791, 46.00452021837586, 65.76961310561335, 29.312401354710474, 16.760363284122544, 51.33049183224754, 16.868524971198518, 58.88594312297696, 27.415741492088706, 54.36795668509538, 52.94678795989168, 32.37412457185669, 46.888751203299186, 44.48093454931838, 29.29442206513036, 47.37322842071714, 44.7015635354856], [41.69385412958948, 58.78369921041945, 51.771417219773085, 82.87872912994438, 80.98406364032635, 62.99599249569946, 54.074131783026615, 13.141389158526527, 118.58395798793588, 97.39070417629881, 85.67126727628374, 84.21340706347586, 90.49944723186242, 6.09000828692236, 56.815393724879065, 15.737536763433816, 0.0, 73.82844274305855, 78.44090130517867, 89.90174629454614, 61.722869076406376, 79.06159572867239, 34.371238107288555, 6.675739642662248, 60.61091986635253, 3.31731026277127, 73.80358061669708, 42.99570671688006, 66.80969640701218, 68.67032372109614, 43.21566800477651, 62.5041874784287, 55.38829455948485, 13.982572044310222, 59.049467756742494, 56.60185202383268], [51.892205903514736, 40.970585972507244, 41.1970655606105, 58.4425520914909, 61.5319352369414, 19.88364886771683, 28.217470962272785, 86.82749721213261, 45.39504305515326, 24.029060272171982, 40.524410567498016, 45.396133602093215, 43.19204560927692, 72.11325381976083, 25.48874922561107, 58.886678205102335, 73.82844274305855, 0.0, 56.497609253307914, 16.081172103852577, 25.068278308699412, 59.25663812039246, 72.62702707740327, 75.63068383265302, 38.457909885752834, 73.79150310149159, 0.3198509433021277, 32.30122787308804, 22.075297286043323, 23.338292641483743, 60.17501933277547, 28.772744516760174, 62.994887591204545, 87.79290961021653, 27.68408723390454, 27.48580161239074], [86.56507314465918, 22.826762034358413, 82.97124002282155, 110.8287855734675, 5.039344692639263, 69.33362613246612, 71.17056454856399, 87.05323419485548, 75.57652568467255, 63.049772328930764, 22.888254705110803, 100.21557074705652, 25.35715596728778, 73.11608684759591, 70.44088999168693, 64.83711187896132, 78.44090130517867, 56.497609253307914, 0.0, 63.65855067907427, 34.151251113802886, 2.845065458522071, 52.10798477233065, 75.29951868666949, 85.58869825141205, 80.67736356690882, 56.79440920927678, 48.83525618413657, 73.93116676005167, 33.27818310735337, 37.001595396668904, 30.061677158402667, 27.318491314902833, 88.63116058393236, 74.54466781643919, 72.50020826433698], [65.68177536811353, 52.65976735314855, 53.826562028463485, 63.60664845404781, 68.50628763474387, 32.33735073025834, 41.94374735267685, 102.90793125918357, 30.0658270835492, 9.459236105795183, 43.49801079873817, 48.58444216874942, 44.51294463667838, 88.18076621631269, 38.92644961855321, 74.9575263657791, 89.90174629454614, 16.081172103852577, 63.65855067907427, 0.0, 37.45687743960245, 66.50342167907469, 87.45090069818434, 91.69425480124163, 49.10624160675684, 89.83099586280518, 16.098874115512647, 48.180339734164455, 32.32694862959517, 33.255249840973505, 74.07416516044545, 40.36427631169214, 75.23709011164817, 103.86959771017331, 39.95590669700987, 40.58468815404671], [55.82063558955882, 15.904051518468105, 50.03044472214256, 76.68210574856316, 39.09144086958613, 35.1911269891368, 37.51263077032205, 73.59651771665504, 60.59687585669714, 41.365578930183574, 26.800192783688885, 66.30567399117254, 31.325171549723844, 58.2293759252017, 36.503689231650185, 46.00452021837586, 61.722869076406376, 25.068278308699412, 34.151251113802886, 37.45687743960245, 0.0, 36.65801918724946, 51.034428487550876, 61.4396320617867, 51.74577848275702, 62.76149708592664, 25.305411943268002, 20.365893139735036, 39.85737306314178, 6.956987268527375, 36.80543041042153, 4.126261727621297, 38.100854606931996, 74.8786304134868, 40.52857850010429, 38.61875210324345], [88.43274577874189, 24.66570010042541, 85.13480134969353, 113.29884033096893, 2.4675592921215603, 71.84879535671013, 73.48034620592527, 87.33253734860952, 78.2168132434265, 65.86925632368849, 25.544627866203907, 102.8251711337247, 27.80827732602316, 73.6319948479964, 72.81836915176379, 65.76961310561335, 79.06159572867239, 59.25663812039246, 2.845065458522071, 66.50342167907469, 36.65801918724946, 0.0, 51.773522298157694, 75.70857585907453, 87.92562798111977, 81.38156614585803, 59.55198360847017, 50.738811643399664, 76.48780664587932, 36.00058492753059, 37.0374358193945, 32.5493885790609, 26.722210706528198, 88.92461703381295, 76.94397073331872, 74.8599777623281], [65.16472594206681, 39.75999272144819, 70.08995305074055, 103.47772653321331, 53.1159902388259, 70.98501147338469, 65.49353559476071, 38.13203922410641, 111.50630543420682, 92.30454218286472, 66.71511969002371, 99.84614311779517, 71.21374872011668, 28.29224830074158, 67.08676519152327, 29.312401354710474, 34.371238107288555, 72.62702707740327, 52.10798477233065, 87.45090069818434, 51.034428487550876, 51.773522298157694, 0.0, 28.694937443643884, 77.39631222614493, 37.54925449153923, 72.75027876816482, 42.02549805169553, 75.99507603151758, 57.12836755258066, 15.985628988362105, 49.445860689214754, 25.181535885811964, 39.776729917032256, 70.82087680423614, 68.01953539413962], [47.39091210881939, 56.7976763976143, 56.75370694960841, 88.5221020171566, 77.51259132848273, 66.31636977292364, 57.845937631791614, 12.27057652210965, 119.75644901489896, 98.76866833553692, 84.18823738318268, 89.1155686189251, 89.00195878802161, 3.544689214316608, 60.43365939309567, 16.760363284122544, 6.675739642662248, 75.63068383265302, 75.29951868666949, 91.69425480124163, 61.4396320617867, 75.70857585907453, 28.694937443643884, 0.0, 65.46372746374512, 9.950324087760913, 75.63330454079063, 43.89792440690236, 70.41610082341383, 68.38779877213845, 39.12182637424465, 61.781071398049185, 51.06813713079257, 13.692519647462909, 62.990036614785744, 60.42876649176446], [21.54094318853391, 64.12177794024065, 8.939834655578517, 26.742396412906917, 90.39038559390826, 18.71615211765679, 14.4917742776168, 72.94997983368785, 78.11666614072452, 58.5654765426498, 75.80538429358305, 23.651945421856745, 79.38342660220077, 62.23221886662801, 15.260805890956606, 51.33049183224754, 60.61091986635253, 38.457909885752834, 85.58869825141205, 49.10624160675684, 51.74577848275702, 87.92562798111977, 77.39631222614493, 65.46372746374512, 0.0, 58.857615678504075, 38.18238910188146, 39.95323174148657, 16.890750243461607, 54.83611196885556, 71.88849611962699, 55.702963495831625, 80.31643873194851, 73.2380603100488, 11.470965328526965, 13.127052910254765], [39.41753833939529, 60.59256297394177, 49.96171686659062, 80.55708126124942, 83.34799207161839, 62.16520671607595, 53.01598064546821, 14.15847698653086, 118.78791769743704, 97.52004677795844, 87.19073562570878, 82.38114126410116, 92.01671957688811, 9.269456633137985, 55.83601199924185, 16.868524971198518, 3.31731026277127, 73.79150310149159, 80.67736356690882, 89.83099586280518, 62.76149708592664, 81.38156614585803, 37.54925449153923, 9.950324087760913, 58.857615678504075, 0.0, 73.75233600422412, 43.57449008827271, 65.80092039502229, 69.68342341503262, 45.897428348880005, 63.74317663954556, 58.11352076703176, 14.655117012988027, 57.8695648771057, 55.499707358974696], [51.696477010083015, 41.208934292875654, 40.96248984931929, 58.12648742507321, 61.829176467328054, 19.623057983471753, 28.00576364511109, 86.81022187945506, 45.48857607257466, 24.127681792251437, 40.8440235469343, 45.07633106666191, 43.51137183745388, 72.11400729884313, 25.264247687313915, 58.88594312297696, 73.80358061669708, 0.3198509433021277, 56.79440920927678, 16.098874115512647, 25.305411943268002, 59.55198360847017, 72.75027876816482, 75.63330454079063, 38.18238910188146, 73.75233600422412, 0.0, 32.35015141571246, 21.77973164640439, 23.625261778118574, 60.341544899459, 29.023687013778954, 63.21082213985912, 87.7707566280383, 27.430418911652968, 27.25325056332283], [37.733164861247644, 26.07406977920067, 35.30147794641711, 66.63547580202321, 53.17210870683978, 29.368269423644794, 25.94002932613214, 55.588200024260296, 75.8603746722311, 54.90565164577871, 46.8813510586925, 59.906520751166966, 51.525551462919, 40.45110459628252, 26.6499081096465, 27.415741492088706, 42.99570671688006, 32.30122787308804, 48.83525618413657, 48.180339734164455, 20.365893139735036, 50.738811643399664, 42.02549805169553, 43.89792440690236, 39.95323174148657, 43.57449008827271, 32.35015141571246, 0.0, 34.5059883212223, 26.93391830866339, 32.844792787141074, 22.606002962273237, 40.390683885268906, 56.707875321033264, 30.790210213056422, 28.111232847920146], [34.53081695999413, 54.320803817246556, 21.89372398669583, 37.336153799761085, 78.90769098061952, 5.1790494114872, 12.798790900611168, 79.84467706007234, 61.74660398594231, 41.77733967186951, 61.2962408096492, 26.596763203309052, 64.46506346595523, 66.92764831712537, 9.999074441443387, 54.36795668509538, 66.80969640701218, 22.075297286043323, 73.93116676005167, 32.32694862959517, 39.85737306314178, 76.48780664587932, 75.99507603151758, 70.41610082341383, 16.890750243461607, 65.80092039502229, 21.77973164640439, 34.5059883212223, 0.0, 41.3782362092734, 67.23761772365681, 43.98155285412503, 73.54531278267396, 80.45010611232019, 8.553953413032678, 10.416378784425236], [60.991030929885184, 19.526431488420325, 54.12184210190785, 78.67530762323217, 38.31739874000961, 37.177130009146886, 41.092728958235426, 80.55095048933929, 54.38450760235578, 35.96326101972849, 21.472681955593178, 67.22939923857787, 25.662982516349743, 65.18392620201554, 39.63546907882939, 52.94678795989168, 68.67032372109614, 23.338292641483743, 33.27818310735337, 33.255249840973505, 6.956987268527375, 36.00058492753059, 57.12836755258066, 68.38779877213845, 54.83611196885556, 69.68342341503262, 23.625261778118574, 26.93391830866339, 41.3782362092734, 0.0, 42.34988139714222, 7.716745406695499, 42.104896044181025, 81.83495166710007, 43.39970422136046, 41.82357183969646], [63.93275686577484, 24.058097713106008, 65.84449630590252, 98.59958365286684, 38.66771581446768, 62.068669271072366, 58.485809745440406, 50.424681483854236, 96.6099372914726, 78.11347126963075, 50.73424194124589, 92.71601019048185, 55.22829940321937, 37.42589334502419, 59.43728995370868, 32.37412457185669, 43.21566800477651, 60.17501933277547, 37.001595396668904, 74.07416516044545, 36.80543041042153, 37.0374358193945, 15.985628988362105, 39.12182637424465, 71.88849611962699, 45.897428348880005, 60.341544899459, 32.844792787141074, 67.23761772365681, 42.34988139714222, 0.0, 34.639359188824315, 12.249441807849776, 52.03467892783231, 63.51881380554575, 60.78844219540565], [59.050233153880214, 12.372441591195328, 53.74005113581879, 80.76736472805682, 34.987275502410135, 39.30129634635857, 41.3996207578508, 74.0168824256948, 62.08656703296569, 43.57763657031966, 24.3028350174519, 70.43106086509039, 28.997729474359332, 58.68113898221324, 40.48432765943743, 46.888751203299186, 62.5041874784287, 28.772744516760174, 30.061677158402667, 40.36427631169214, 4.126261727621297, 32.5493885790609, 49.445860689214754, 61.781071398049185, 55.702963495831625, 63.74317663954556, 29.023687013778954, 22.606002962273237, 43.98155285412503, 7.716745406695499, 34.639359188824315, 0.0, 34.886346243962684, 75.35381595005416, 44.54200260205039, 42.580657459551325], [74.50610235043713, 22.59049348630783, 75.07603808333334, 107.02228097941875, 27.961317734600346, 68.38853373280605, 66.29988149330393, 62.02916636947475, 94.66005410756351, 77.85661628942555, 45.02498634010276, 99.77580603994542, 49.03876243238248, 49.53597926762195, 66.78826011427694, 44.48093454931838, 55.38829455948485, 62.994887591204545, 27.318491314902833, 75.23709011164817, 38.100854606931996, 26.722210706528198, 25.181535885811964, 51.06813713079257, 80.31643873194851, 58.11352076703176, 63.21082213985912, 40.390683885268906, 73.54531278267396, 42.104896044181025, 12.249441807849776, 34.886346243962684, 0.0, 63.65856196946941, 70.99790745672982, 68.38866515133046], [53.18188513772897, 70.47892738902898, 64.31011882885514, 94.00188404752059, 90.65136605940795, 76.77322563304624, 67.66847314529394, 1.645117131053563, 132.44983651022005, 111.29787348407234, 97.87930634402504, 96.6426629277791, 102.69371011037924, 16.67324275331921, 70.4793315535212, 29.29442206513036, 13.982572044310222, 87.79290961021653, 88.63116058393236, 103.86959771017331, 74.8786304134868, 88.92461703381295, 39.776729917032256, 13.692519647462909, 73.2380603100488, 14.655117012988027, 87.7707566280383, 56.707875321033264, 80.45010611232019, 81.83495166710007, 52.03467892783231, 75.35381595005416, 63.65856196946941, 0.0, 72.52223380673722, 70.15462262017171], [26.10452214281863, 53.53767803190045, 13.876290093180529, 36.589991893048484, 79.40214682888939, 7.850038660375165, 5.378513673675102, 71.98353967930265, 69.74222515014635, 49.32113345981866, 64.33446652649671, 29.242699439450284, 67.92570141596266, 59.55077769335586, 4.244240984135327, 47.37322842071714, 59.049467756742494, 27.68408723390454, 74.54466781643919, 39.95590669700987, 40.52857850010429, 76.94397073331872, 70.82087680423614, 62.990036614785744, 11.470965328526965, 57.8695648771057, 27.430418911652968, 30.790210213056422, 8.553953413032678, 43.39970422136046, 63.51881380554575, 44.54200260205039, 70.99790745672982, 72.52223380673722, 0.0, 2.801442379823406], [25.115646503903914, 51.247248717456145, 13.71384384352678, 38.96078741950403, 77.32265343731136, 8.265595403632396, 2.6218677980187226, 69.5838505298851, 70.54072890650524, 49.85073756474295, 62.954644993553345, 32.01413777299768, 66.66513651227763, 56.974113614934275, 2.2070626753595883, 44.7015635354856, 56.60185202383268, 27.48580161239074, 72.50020826433698, 40.58468815404671, 38.61875210324345, 74.8599777623281, 68.01953539413962, 60.42876649176446, 13.127052910254765, 55.499707358974696, 27.25325056332283, 28.111232847920146, 10.416378784425236, 41.82357183969646, 60.78844219540565, 42.580657459551325, 68.38866515133046, 70.15462262017171, 2.801442379823406, 0.0]]",Route_0,2044.2051829696973
