instance_id,num_cities,city_coordinates,distance_matrix,best_route,total_distance
666,22,"[[71.45618556227144, 83.4346716562744], [66.21909635641278, 51.63968088854707], [38.372388235004074, 50.74089641346482], [85.82715798793988, 61.808061263499106], [96.42413093548325, 14.930583436887746], [21.703914195236017, 9.139996018198904], [57.91046216747942, 4.440764565722343], [66.93550961869407, 64.78111677045284], [59.52731719390665, 9.545890068995288], [57.63002992890765, 46.09034306708364], [74.099200954493, 31.942604725429003], [10.248855626307684, 25.20974319642192], [11.716526204344879, 42.87654405014063], [73.3781991916256, 61.42224069079249], [39.7302188931681, 86.8919341341815], [37.17193595156124, 5.7589605163634205], [58.905472080100864, 73.40908422135358], [34.719027093545954, 48.48361491424442], [58.07596387776628, 98.15210909961574], [99.99423628117913, 7.888860547979492], [52.85424991027978, 5.3302575890132875], [67.49475653206366, 84.19656097999831]]","[[0.0, 32.223416039737124, 46.51258523474107, 25.966037925340462, 72.91233365439072, 89.41469305626444, 80.14689001900814, 19.193530703473936, 74.84550717980613, 39.82162047651311, 51.55985344407199, 84.4776865926433, 72.20656905792251, 22.096181873833544, 31.913784246469433, 84.90539365941585, 16.063399774854034, 50.70695395841529, 19.890532854229118, 80.75636145125115, 80.28904973152326, 4.034029660646714], [32.223416039737124, 0.0, 27.861208996229475, 22.08782561492813, 47.53842603240313, 61.545305726120574, 47.92463984355566, 13.16094924390384, 42.622378323128956, 10.225811085328154, 21.2148735054527, 61.896764485678354, 55.20256081405751, 12.122344232435418, 44.09514699099137, 54.30265214016423, 22.96510443088527, 31.65778128674778, 47.219874890289624, 55.27109875341875, 48.19939633298446, 32.58186228828665], [46.51258523474107, 27.861208996229475, 0.0, 48.72819830572423, 68.20838178730706, 44.81598978613835, 50.25374157323223, 31.827341875377993, 46.309389620001475, 19.811219297113205, 40.37054517196804, 37.98385013376776, 27.79177969637895, 36.59915185221543, 36.17652874974229, 44.99795153932857, 30.585196920789826, 4.294457753504959, 51.342516314273986, 75.05697259044445, 47.663932234202036, 44.355313400065], [25.966037925340462, 22.08782561492813, 48.72819830572423, 0.0, 48.06031380500345, 82.98021144334193, 63.799283976725505, 19.12415846918907, 58.506548041694614, 32.28195619970067, 32.085673912288804, 83.97330929054331, 76.49044441865462, 12.454936074771902, 52.479791082850696, 74.22150851317879, 29.314858106240333, 52.81649282215424, 45.72765670417049, 55.74931670583292, 65.39843251173217, 28.93651434943569], [72.91233365439072, 47.53842603240313, 68.20838178730706, 48.06031380500345, 0.0, 74.94425723404696, 39.91665043464157, 57.91937897462194, 37.28766266403434, 49.758545930523084, 28.067977607549466, 86.78616940488979, 89.19840252988985, 51.89016442599792, 91.61132930397127, 59.95782915857611, 69.47938411000298, 70.2376377839172, 91.63189537665727, 7.895030932399233, 44.615028734001186, 75.06453455777852], [89.41469305626444, 61.545305726120574, 44.81598978613835, 82.98021144334193, 74.94425723404696, 0.0, 36.51022996791869, 71.7065655509891, 37.82558082013174, 51.5365301387491, 57.142147653372426, 19.734617837434424, 35.183839926763355, 73.5096241174789, 79.81423144937422, 15.833227659539993, 74.25948833331555, 41.440481555998154, 96.15655086018523, 78.30031846860874, 31.382439708517644, 87.92206313423851], [80.14689001900814, 47.92463984355566, 50.25374157323223, 63.799283976725505, 39.91665043464157, 36.51022996791869, 0.0, 61.011552887036075, 5.355046832722457, 41.6505225847346, 31.91279485855496, 51.99018379894343, 60.093168200228924, 59.04353910496966, 84.43172750050745, 20.78037800841487, 68.97549681479319, 49.77564994664342, 93.71149067839109, 42.22479614581649, 5.133856272660848, 80.32960699606612], [19.193530703473936, 13.16094924390384, 31.827341875377993, 19.12415846918907, 57.91937897462194, 71.7065655509891, 61.011552887036075, 0.0, 55.72980875405986, 20.879103761598227, 33.61080699545573, 69.13226704938909, 59.40493611959882, 7.265693184526518, 35.05732573874616, 66.1020820119986, 11.786573938385091, 36.10415922087497, 34.52701376847759, 65.79975856056356, 61.09571615413938, 19.423496877856113], [74.84550717980613, 42.622378323128956, 46.309389620001475, 58.506548041694614, 37.28766266403434, 37.82558082013174, 5.355046832722457, 55.72980875405986, 0.0, 36.593670817443495, 26.719891910966876, 51.70805613506392, 58.282109003178675, 53.69360004647084, 79.83943658157183, 22.673859528699687, 63.86622157829109, 46.1692286466645, 88.61810468155228, 40.50083069826316, 7.893122587296513, 75.07464789840898], [39.82162047651311, 10.225811085328154, 19.811219297113205, 32.28195619970067, 49.758545930523084, 51.5365301387491, 41.6505225847346, 20.879103761598227, 36.593670817443495, 0.0, 21.711565914367036, 51.77813369803935, 46.02584413551525, 21.978897148653832, 44.55528104189068, 45.22337921516344, 27.348498513356134, 23.035663677358293, 52.06367581637757, 57.044537394173496, 41.03891620116114, 39.36237638382054], [51.55985344407199, 21.2148735054527, 40.37054517196804, 32.085673912288804, 28.067977607549466, 57.142147653372426, 31.91279485855496, 33.61080699545573, 26.719891910966876, 21.711565914367036, 0.0, 64.20434582563162, 63.33363354600179, 29.48845164114946, 64.81246585652535, 45.26815795527451, 44.16240843629874, 42.71303210244986, 68.12079415195072, 35.34311055247555, 34.05238559895782, 52.669674675124014], [84.4776865926433, 61.896764485678354, 37.98385013376776, 83.97330929054331, 86.78616940488979, 19.734617837434424, 51.99018379894343, 69.13226704938909, 51.70805613506392, 51.77813369803935, 64.20434582563162, 0.0, 17.727659443101683, 72.77814915046783, 68.36551366701501, 33.21423190541848, 68.48826760817649, 33.770732837380066, 87.22397048548153, 91.40156631376121, 47.015035574886994, 82.19816203994148], [72.20656905792251, 55.20256081405751, 27.79177969637895, 76.49044441865462, 89.19840252988985, 35.183839926763355, 60.093168200228924, 59.40493611959882, 58.282109003178675, 46.02584413551525, 63.33363354600179, 17.727659443101683, 0.0, 64.39025376155486, 52.17395463556611, 45.00769815026766, 56.205272191955096, 23.676027767190547, 72.14281359175422, 94.95837031698154, 55.695923896878426, 69.4158107175575], [22.096181873833544, 12.122344232435418, 36.59915185221543, 12.454936074771902, 51.89016442599792, 73.5096241174789, 59.04353910496966, 7.265693184526518, 53.69360004647084, 21.978897148653832, 29.48845164114946, 72.77814915046783, 64.39025376155486, 0.0, 42.20061447734614, 66.40251695218957, 18.792132605716077, 40.76689372879044, 39.78996907425533, 59.78491632399776, 59.728913119138035, 23.52200166150162], [31.913784246469433, 44.09514699099137, 36.17652874974229, 52.479791082850696, 91.61132930397127, 79.81423144937422, 84.43172750050745, 35.05732573874616, 79.83943658157183, 44.55528104189068, 64.81246585652535, 68.36551366701501, 52.17395463556611, 42.20061447734614, 0.0, 81.1732974547596, 23.44093804767247, 38.73384861530272, 21.525749680141253, 99.3641657128431, 82.61081812327458, 27.89506384186886], [84.90539365941585, 54.30265214016423, 44.99795153932857, 74.22150851317879, 59.95782915857611, 15.833227659539993, 20.78037800841487, 66.1020820119986, 22.673859528699687, 45.22337921516344, 45.26815795527451, 33.21423190541848, 45.00769815026766, 66.40251695218957, 81.1732974547596, 0.0, 71.05551231221268, 42.79500970071279, 94.72841331230298, 62.858395563754144, 15.68817252900213, 84.09477162374696], [16.063399774854034, 22.96510443088527, 30.585196920789826, 29.314858106240333, 69.47938411000298, 74.25948833331555, 68.97549681479319, 11.786573938385091, 63.86622157829109, 27.348498513356134, 44.16240843629874, 68.48826760817649, 56.205272191955096, 18.792132605716077, 23.44093804767247, 71.05551231221268, 0.0, 34.73129915893283, 24.75692557617041, 77.33812936566788, 68.3472305611923, 13.789324211687461], [50.70695395841529, 31.65778128674778, 4.294457753504959, 52.81649282215424, 70.2376377839172, 41.440481555998154, 49.77564994664342, 36.10415922087497, 46.1692286466645, 23.035663677358293, 42.71303210244986, 33.770732837380066, 23.676027767190547, 40.76689372879044, 38.73384861530272, 42.79500970071279, 34.73129915893283, 0.0, 54.88629893319761, 76.8686348034532, 46.80917169798738, 48.47332211559635], [19.890532854229118, 47.219874890289624, 51.342516314273986, 45.72765670417049, 91.63189537665727, 96.15655086018523, 93.71149067839109, 34.52701376847759, 88.61810468155228, 52.06367581637757, 68.12079415195072, 87.22397048548153, 72.14281359175422, 39.78996907425533, 21.525749680141253, 94.72841331230298, 24.75692557617041, 54.88629893319761, 0.0, 99.5218347920756, 92.96860983479625, 16.836596401399067], [80.75636145125115, 55.27109875341875, 75.05697259044445, 55.74931670583292, 7.895030932399233, 78.30031846860874, 42.22479614581649, 65.79975856056356, 40.50083069826316, 57.044537394173496, 35.34311055247555, 91.40156631376121, 94.95837031698154, 59.78491632399776, 99.3641657128431, 62.858395563754144, 77.33812936566788, 76.8686348034532, 99.5218347920756, 0.0, 47.20937157122732, 82.94022744836121], [80.28904973152326, 48.19939633298446, 47.663932234202036, 65.39843251173217, 44.615028734001186, 31.382439708517644, 5.133856272660848, 61.09571615413938, 7.893122587296513, 41.03891620116114, 34.05238559895782, 47.015035574886994, 55.695923896878426, 59.728913119138035, 82.61081812327458, 15.68817252900213, 68.3472305611923, 46.80917169798738, 92.96860983479625, 47.20937157122732, 0.0, 80.2137035967134], [4.034029660646714, 32.58186228828665, 44.355313400065, 28.93651434943569, 75.06453455777852, 87.92206313423851, 80.32960699606612, 19.423496877856113, 75.07464789840898, 39.36237638382054, 52.669674675124014, 82.19816203994148, 69.4158107175575, 23.52200166150162, 27.89506384186886, 84.09477162374696, 13.789324211687461, 48.47332211559635, 16.836596401399067, 82.94022744836121, 80.2137035967134, 0.0]]",Route_1,1166.5724944070867
