instance_id,num_cities,city_coordinates,distance_matrix,best_route,total_distance
2633,85,"[[29.506987520770878, 86.90262600057854], [86.28811278764876, 58.48948676267004], [37.87424007524592, 48.01094160871355], [82.17120353032593, 82.599684024418], [52.98251079874997, 82.30325843972902], [70.5574893750808, 77.37258483587374], [3.5575985833686485, 76.11790785247592], [27.7301437412782, 33.66366651801114], [83.70682002563865, 30.439116036474488], [56.8789724802101, 23.801952516418368], [77.929036715962, 98.53799941505093], [33.38968931414862, 86.9505927723757], [21.50726261615009, 89.6847903468163], [85.82478685812072, 74.94200727512059], [68.32638093804745, 29.478517184939257], [27.522561810147252, 95.03059634668783], [17.032715379747465, 15.231401041656522], [73.9196297812889, 4.56809326424491], [29.246384569850235, 26.91018231695158], [28.71588578101434, 15.268873917098924], [6.4987556661822765, 15.461671923210874], [30.877703237822107, 50.44508383939391], [35.740022651759, 52.138305538425165], [19.643653186556364, 98.5722126410133], [72.58181299895438, 81.33333277093199], [92.12842604567531, 82.61288652158107], [44.370852826885624, 47.72808875629775], [28.68210603797635, 18.225971694671152], [82.43495195329294, 53.34609596605346], [70.11156648081723, 28.36773424030262], [60.045291429488934, 26.000585717996326], [19.235631832389167, 65.40490774017664], [94.67613873884797, 9.231848461486026], [98.15359012560181, 88.96647986010265], [64.78020354677227, 16.231904446200517], [3.5906264963105783, 36.47950361198317], [58.15340059370426, 52.51690506296885], [53.8403239739189, 94.40826623920813], [91.63243969376414, 99.02351884731611], [52.42178221331065, 74.4156965624615], [61.88838817478026, 59.36016447578266], [11.912085234113757, 69.37509717420778], [11.214174684862964, 86.82040993441638], [19.074945525647237, 89.28115987316568], [99.6913708544653, 58.69710834481568], [30.265176643231996, 0.3876311892342166], [0.5750203951912058, 60.42087581946972], [90.9250008031401, 57.7266653781721], [86.20220907323156, 44.99156066567864], [19.11882370321575, 91.86687980667647], [28.300518111759267, 46.43186566619214], [29.246300472460685, 66.65300609431777], [66.02156070250368, 3.8513724647547765], [29.43224523671345, 89.16465294389117], [38.60578925724607, 87.08296664631766], [29.306076396425475, 67.20144897111938], [82.09933188742615, 56.84135957839658], [66.85712938957676, 43.53873545190887], [95.50046014290616, 82.61142151480279], [5.637631038976176, 9.070345440059835], [54.99596875770314, 27.871775854183678], [85.04410310924796, 99.42412116791786], [87.33905913260989, 80.55058888004942], [69.79824369281792, 85.92494388324737], [24.776061686660444, 47.68823344788509], [23.369592615779176, 35.2681154347225], [85.27972015955206, 77.1004640149463], [20.60017422760788, 99.12376975522662], [60.24078647834794, 26.268929051814784], [15.743548865729839, 2.3610389227895046], [74.68970412954602, 2.7445259965306557], [98.10373710250698, 39.085621924661915], [85.27942321081456, 40.820598243197914], [43.193466022451254, 28.176935347172403], [34.78123487291883, 66.66552968854643], [94.04701396858768, 24.67635966033448], [58.08421663488683, 48.24960114937481], [17.12103531591518, 83.96516389567653], [40.70838257038958, 3.468676776829893], [6.996807125510229, 22.098443172919847], [48.29902167775801, 53.98191518176112], [64.18837894620076, 17.735400466336504], [9.810563167865372, 91.07037529018857], [5.597532607224787, 53.39338106248697], [9.804539130283164, 57.356893254566174]]","[[0.0, 63.4933277433594, 39.78157903033518, 52.83971004416355, 23.921838874441345, 42.14220434542634, 28.101262102592244, 53.268602202452946, 78.26716936891354, 68.78168764122003, 49.80036910260525, 3.8829980720437356, 8.469712923062191, 57.57387361032587, 69.31431005611812, 8.366710664784346, 72.74869038381873, 93.54922807522864, 59.99300970139089, 71.63812029583178, 75.05457116364772, 36.48330086507423, 35.31867358975175, 15.279548964125487, 43.4333698560652, 62.76819598909988, 41.89962840099974, 68.68160799015821, 62.669052385753396, 71.2394931615172, 68.12963023679558, 23.825461969936036, 101.3891905185745, 68.67762038640429, 78.98449628777404, 56.69346558612758, 44.754829754388496, 25.464600886992873, 63.296823388705434, 26.096191725877603, 42.51049629397827, 24.835354904576455, 18.29299759282476, 10.699762781065177, 75.63992920515271, 86.51831700832115, 39.22170080975938, 67.99565452139932, 70.50450726293214, 11.513373239486302, 40.488739304629185, 20.25129783705698, 90.72389304100545, 2.2632614301707212, 9.100588760524762, 19.702201441107412, 60.57750758232184, 57.231635492417375, 66.13284255698723, 81.4101349716747, 64.2987514148044, 56.931178181323155, 58.179866642142244, 40.30311633415049, 39.498737226961985, 51.99798359162898, 56.62755588571293, 15.12242301058395, 67.97802294888612, 85.65460985400881, 95.51996480548037, 83.61805984340727, 72.34720357437499, 60.29947293713695, 20.913100015877685, 89.65223497789601, 48.06989030555873, 12.729512780884628, 84.18251085664224, 68.60240763550351, 37.906645176981485, 77.37508642520915, 20.13254247309003, 41.16468790825346, 35.512487889172434], [63.4933277433594, 0.0, 49.53486630199227, 24.45916093886765, 40.94336143173928, 24.57689780648201, 84.58781951690271, 63.60312169741206, 28.168890113034525, 45.476615592054515, 40.91158171520821, 60.06894173595415, 71.900664215633, 16.459043171751482, 34.12125681854353, 69.20001930144619, 81.65520222479945, 55.32175023162785, 65.1997793504592, 71.99015694697569, 90.65172011448925, 55.991302046581616, 50.945528943463096, 77.76958858937112, 26.640269412052668, 24.820307711229322, 43.27660302830791, 70.28230687217285, 6.42661009414246, 34.19065114085739, 41.76379249932757, 67.40814675950963, 49.96672803344504, 32.705300193064005, 47.41617259065706, 85.5763612056483, 28.76167175940395, 48.40472826062126, 40.88483321622513, 37.42422350774057, 24.41525426580546, 75.1684108430927, 80.24174343833953, 73.93062279146181, 13.404866039131294, 80.71180208196192, 85.73484980547111, 4.699215565693336, 13.49819944911143, 75.0050915773204, 59.227927220201416, 57.62301102926961, 58.27569534078466, 64.6030610359527, 55.59848081660644, 57.64417365885423, 4.50135631178103, 24.517097719191327, 25.82121375884696, 94.58727047207297, 43.77947577651548, 40.953532863127364, 22.08612041200147, 32.00968744270544, 62.45317849253752, 67.06692379234627, 18.63827593896882, 77.240211202371, 41.432204226443815, 90.14953219982839, 56.938771801109056, 22.718251442431853, 17.69765736406793, 52.68775335060639, 52.15176076077074, 34.691902685991074, 30.0052498001458, 73.70952944746008, 71.44789246840004, 87.24344793253978, 38.25557795815661, 46.36047654750588, 83.1283940244789, 80.85134521553037, 76.4919591032696], [39.78157903033518, 49.53486630199227, 0.0, 56.20144191424847, 37.47296142411801, 43.93518951585618, 44.358014323344435, 17.5711978237429, 49.085582800353265, 30.777508129398047, 64.47767291469256, 39.19703596289589, 44.772621319203765, 54.99579288186499, 35.648052375281495, 48.14566620769125, 38.84414281999809, 56.44954553706355, 22.796533361694838, 33.998800715627375, 45.20924660910619, 7.407872576969043, 4.6465058935720345, 53.74752484261701, 48.11441957482636, 64.34913586884485, 6.50276733251985, 31.171136664220967, 44.878958489418665, 37.750507407155986, 31.241179308542616, 25.494073331132725, 68.77698566462087, 72.87630723324513, 41.63938127911478, 36.1709859183047, 20.773734810680622, 49.067581639275474, 74.1095612100682, 30.14700758659549, 26.56095195268372, 33.62232334359957, 47.084327735916816, 45.350241357219794, 62.733976577982745, 48.22735262921345, 39.30951864187957, 53.93309282965979, 48.42219789259285, 47.69810225272867, 9.703073382511166, 20.541857512764906, 52.36734865804957, 42.01065618998275, 39.07887286942712, 21.01639839871737, 45.0980601280706, 29.325901536282124, 67.21587944093339, 50.5526358573663, 26.43368287553036, 69.77328293145948, 59.208081956103875, 49.56423685933341, 13.102153168707536, 19.30710793526484, 55.619060184852664, 53.95289197108449, 31.192587389097103, 50.73146073833561, 58.34746589105938, 60.88722069218933, 47.94739227352011, 20.534896373253893, 18.909265919381042, 60.826665547094684, 20.21138567534605, 41.513872477077506, 44.6323393968593, 40.309718936634056, 12.013683734396665, 40.11286945586991, 51.39732279536736, 32.7224158559503, 29.584707592035763], [52.83971004416355, 24.45916093886765, 56.20144191424847, 0.0, 29.19019786684587, 12.735812593102214, 78.88036704465453, 73.20220488716188, 52.183167504910564, 64.00679793568223, 16.49320698870227, 48.97516244134534, 61.07628393114881, 8.484614565781417, 54.89569636136698, 56.04463955655717, 93.7097016887178, 78.4666656988745, 76.82679911609641, 85.97039598249927, 101.16240425500658, 60.53876018978123, 55.53152381346208, 64.53538736538732, 9.672644739695752, 9.95723126808412, 51.42853944889614, 83.69622685437544, 29.254777003407593, 55.55663077574714, 60.770172909034486, 65.24221422063515, 74.4258872957438, 17.2038591744453, 68.60852021848908, 91.11519153398272, 38.49452490869058, 30.69334374686309, 18.954085048616616, 30.85458992556446, 30.845872780625985, 71.49289056346713, 71.08244839468597, 63.44903382802907, 29.635947549976486, 97.22683404584748, 84.55670662705782, 26.36846645654663, 37.82353696117132, 63.72976949219947, 64.8857598573045, 55.27514722450569, 80.3872349130384, 53.14599268815143, 43.795492277777825, 55.06203147033437, 25.75842471502397, 41.95567387341747, 13.329261780484865, 106.13176409982955, 61.10349677094402, 17.067959373813505, 5.559273552968287, 12.812005630241037, 67.17895272041818, 75.48448073151721, 6.316984751188601, 63.74980045957224, 60.44912859468818, 104.16752599531164, 80.2048570657833, 46.33917593624325, 41.894546641498856, 66.94101578867337, 49.997063951290194, 59.12821981890168, 41.95367839919868, 65.06449815377005, 89.33578135312624, 96.49658035080495, 44.342997158347046, 67.31090002017963, 72.8547519670842, 81.95447035606713, 76.64289009581341], [23.921838874441345, 40.94336143173928, 37.47296142411801, 29.19019786684587, 0.0, 18.2535315527227, 49.81044578585281, 54.8041234243969, 60.28160950650324, 58.63092365269261, 29.764004600757737, 20.136443830201323, 32.32921683944114, 33.65714063119988, 55.00806885800585, 28.46390930108096, 76.09876375799745, 80.50539644116282, 60.26438891001948, 71.29149877846041, 81.41582880048384, 38.77584049599816, 34.74518356602832, 37.09660763047754, 19.623287251068017, 39.147139743134915, 35.631489046381986, 68.5303461843423, 41.30331159227623, 56.59015213998166, 56.743932061926095, 37.741304910340176, 84.1295998267898, 45.65988312785817, 67.11638676742731, 67.37488212575158, 30.231853214065364, 12.135363911681573, 42.111567433273905, 7.90746792053263, 24.61097747907141, 43.05713889435348, 42.01188592944374, 34.61811796103999, 52.335150042853385, 85.00733650088956, 56.79246181966873, 45.2066529865529, 49.95709303221787, 35.18823890669416, 43.54259503651587, 28.431286976302925, 79.52807828322611, 24.529446438600893, 15.15043672050654, 28.082702776509294, 38.6794204188054, 41.1727249950031, 42.51906608702819, 87.20434155410243, 54.4687094524278, 36.34652173237584, 34.40122474567265, 17.20132199037131, 44.65202936820314, 55.5808384320778, 32.71358742666466, 36.49034560978436, 56.50246574968488, 88.19012839963138, 82.4669276150687, 62.479509994103786, 52.57282233562735, 55.004402088852935, 23.99635401105349, 70.76123856686084, 34.433689568319096, 35.89996314135251, 79.78436870547102, 75.7581990522058, 28.70598464226744, 65.5330433003858, 44.053142908462895, 55.50781177616795, 49.86640525799336], [42.14220434542634, 24.57689780648201, 43.93518951585618, 12.735812593102214, 18.2535315527227, 0.0, 67.01163764924735, 61.193554191228145, 48.74069542078655, 55.289370330557574, 22.412373468851957, 38.38207390698326, 50.57188101748053, 15.459562727143144, 47.94600672642186, 46.516775049815315, 82.01480448430146, 72.88208271663503, 65.21550006103202, 74.88384806622685, 89.08693788691414, 47.95389179007279, 43.000288844277115, 55.151091870500146, 4.448079398936222, 22.198334861066176, 39.55421698781645, 72.4697838806252, 26.80198285031216, 49.00687940607803, 52.436519707304214, 52.69875099752562, 72.28325671119246, 29.932644027311483, 61.41302655018841, 78.4653096330329, 27.778881105427274, 23.86792952741645, 30.214507682615036, 18.37517516974802, 19.990012577526706, 59.188201829045745, 60.09068478154394, 52.84190080445312, 34.60572889310215, 86.89161958012028, 72.0062941908417, 28.298368735858705, 35.96231333972364, 53.441752523682695, 52.37346392101906, 42.67931228293612, 73.66100269098897, 42.78245640101139, 33.39465010034751, 42.48683416677296, 23.553032483165524, 34.03559942411973, 25.487196795118184, 94.23260535962574, 51.889218665989155, 26.38431791967384, 17.079835866647304, 8.58599436764481, 54.562806365835385, 63.24147329181215, 14.724745465114676, 54.48713042673299, 52.134614155616795, 92.90479048161839, 74.74237328922244, 47.16659085438804, 39.405368412627176, 56.29388690309469, 37.34409479598312, 57.694453055559, 31.681709418138233, 53.84158913959607, 79.70418309873999, 84.23295711660117, 32.288741243668625, 59.97632305486429, 62.2721326674717, 69.24448134607789, 63.96521611723738], [28.101262102592244, 84.58781951690271, 44.358014323344435, 78.88036704465453, 49.81044578585281, 67.01163764924735, 0.0, 48.85360321098286, 92.25209872719229, 74.70025499937154, 77.67735394298913, 31.73800088133013, 22.50001643343771, 82.2755918167796, 79.81370765443026, 30.528826517570998, 62.35980664097674, 100.3503433073716, 55.50958455833324, 65.84485056242352, 60.727500871454026, 37.48975875005026, 40.13389771823488, 27.621675478385974, 69.22097104757204, 88.8086494958111, 49.716230249885996, 63.10877234534024, 82.09867411374266, 81.91159699876025, 75.51559720355012, 18.988657086890516, 113.0324435767038, 95.4645872483269, 85.64193343497917, 39.63841800041656, 59.478642636009155, 53.50597800822439, 91.00464082489616, 48.8938233839055, 60.69022143176477, 10.736058077359917, 13.159282214920143, 20.348446129550915, 97.69946994000104, 80.30174051236266, 15.977878059799263, 89.28214138549748, 88.31184027192617, 22.140050696526323, 38.64548055690645, 27.376883862818026, 95.52067158770132, 28.97783457948187, 36.723401038913515, 27.24862104166744, 80.87267266369157, 71.19152389569955, 92.17188026420588, 67.07981932342402, 70.52372068310422, 84.7539379554191, 83.89863999408021, 66.96268378899443, 35.4749145625018, 45.400667925855615, 81.7280280658044, 28.630736394267824, 75.48446513956559, 74.75675955119458, 102.19309959293179, 101.53995523890814, 89.0188557896149, 62.20400977752798, 32.62304271670634, 104.0892269985858, 61.23556641882443, 15.669915232870308, 81.59712940252803, 54.128834456896875, 49.91790372230285, 84.17011759584639, 16.207277642183683, 22.81590341517538, 19.7737182881639], [53.268602202452946, 63.60312169741206, 17.5711978237429, 73.20220488716188, 54.8041234243969, 61.193554191228145, 48.85360321098286, 0.0, 56.0694748829705, 30.771864095319174, 82.02809228989602, 53.58663047560916, 56.36568605578927, 71.2663242670291, 40.81139484845456, 61.367280914636105, 21.311578640281358, 54.58956863362836, 6.921599172459345, 18.42118568929476, 27.965772773597077, 17.07404750194544, 20.13629675722846, 65.41032555563001, 65.45280220024836, 80.88983188704695, 21.788097020360187, 15.467018254108098, 58.13788842476547, 42.711027757683276, 33.21131700879125, 32.85822768948374, 71.26485795791487, 89.54252042575034, 40.945979784575954, 24.30319385101222, 35.791328015900284, 66.11843848027135, 91.40795219513264, 47.64876664906804, 42.744539652131365, 39.057870582616495, 55.66342250086682, 56.28692586438276, 76.1911505184933, 33.372457491410465, 38.122814344474364, 67.62113481163462, 59.55924453856833, 58.83679860362734, 12.780932532883178, 33.02416171402964, 48.52839879509988, 55.527080273921136, 54.5151473591247, 33.57478839256584, 59.10341847366084, 40.353909257609644, 83.59843601648721, 33.059197799471484, 27.874203330104983, 87.23145839773474, 75.83934521549315, 67.08924016098922, 14.332308898287415, 4.646360128576678, 72.102074330164, 65.84725948050364, 33.34102627951566, 33.51914305401696, 56.22449254947908, 70.58215243957422, 57.992596416971914, 16.407880878177913, 33.74671626800798, 66.92308242527272, 33.676686747673386, 51.408110449776174, 32.865971590316555, 23.74080112895497, 28.91210764243561, 39.785833831533374, 60.138519935068466, 29.64985854296317, 29.710205214025915], [78.26716936891354, 28.168890113034525, 49.085582800353265, 52.183167504910564, 60.28160950650324, 48.74069542078655, 92.25209872719229, 56.0694748829705, 0.0, 27.63666664981, 68.34354905462939, 75.66611292982796, 85.90014474040984, 44.553261520367485, 15.410407414493427, 85.60800312990422, 68.38648130803968, 27.66042140243558, 54.57464982233859, 57.04506196908784, 78.64737143922797, 56.49030295822646, 52.646637835177984, 93.52116444086604, 52.095941092926886, 52.849084898314906, 42.96774247232646, 56.36381857306832, 22.94226183024652, 13.752146795809427, 24.074228687425492, 73.34262537239907, 23.876225644542757, 60.284006854758154, 23.665622166106502, 80.34357938062698, 33.76989803009119, 70.59787365117515, 69.04082673348834, 53.96937303394781, 36.22804178063399, 81.67309575951751, 91.83699652160661, 87.40517904713501, 32.465674095844875, 61.3115078018494, 88.37308430445377, 28.226095776998157, 14.764843757551228, 89.13461409998392, 57.66824370908818, 65.4017891431392, 31.93237394184866, 79.965105849883, 72.40599967048121, 65.65752074369739, 26.451133853985553, 21.342729519914204, 53.488684842119895, 80.94085881578856, 28.825409210297764, 68.99796561516126, 50.24293852356328, 57.20249633929989, 61.403308786088054, 60.53015981060497, 46.68785077511386, 93.27395349368979, 23.83369862043233, 73.53492123581375, 29.12556774664011, 16.79384665264879, 10.499916837124973, 40.576462562163194, 60.87746650959665, 11.837608366073871, 31.204666068980945, 85.43245592182886, 50.75697210680661, 77.16212090757165, 42.52029604129641, 23.288493542057523, 95.58664329434889, 81.41227833623627, 78.65185218352357], [68.78168764122003, 45.476615592054515, 30.777508129398047, 64.00679793568223, 58.63092365269261, 55.289370330557574, 74.70025499937154, 30.771864095319174, 27.63666664981, 0.0, 77.6439431659926, 67.37579082898942, 74.77771178161146, 58.76363986959554, 12.777579850521997, 77.041018615597, 40.757558286748626, 25.69679635645714, 27.80685180160978, 29.427417195679624, 51.06590375780973, 37.22797938256215, 35.35256854087927, 83.52880223012858, 59.635886128626915, 68.56566148753683, 26.998389815526995, 28.742909374064077, 39.06359557185242, 13.998139402615594, 3.8548104549566573, 56.10549864744028, 40.508193113920406, 77.13630588574395, 10.942352587657563, 54.77561610315704, 28.74321949203169, 70.67166987036457, 82.86185808100869, 50.809621445487174, 35.90933977878296, 64.02290576506928, 77.82415905767289, 75.60867046873148, 55.231995752861046, 35.447490349317874, 67.16457819615084, 48.06264856744986, 36.17805547302826, 77.83741492809784, 36.453271777111176, 50.98801187557585, 21.9456730085969, 70.89150473470326, 65.86650115505246, 51.41770989619035, 41.56523724984914, 22.115700666056473, 70.35746551114332, 53.316932767642726, 4.484324366010363, 80.69688330354896, 64.40671244523611, 63.45213648907362, 40.01438863903281, 35.41682412311727, 60.39316018146725, 83.60339320152889, 4.169864096618982, 46.387884751001515, 27.579655065376116, 43.96671205291863, 33.109211770670754, 14.367795995724316, 48.224436288583746, 37.17832562038113, 24.477339258033734, 72.1131442320006, 25.979416474080523, 49.91124487084055, 31.375877712886066, 9.498972400287226, 82.10040108102459, 59.20674555186843, 57.809482986421216], [49.80036910260525, 40.91158171520821, 64.47767291469256, 16.49320698870227, 29.764004600757737, 22.412373468851957, 77.67735394298913, 82.02809228989602, 68.34354905462939, 77.6439431659926, 0.0, 46.02196714268236, 57.112134466994654, 24.881995807713135, 69.72390611461915, 50.5283543044348, 103.19084884247022, 94.05540179042933, 86.60568573839765, 96.72477183296749, 109.56259051511141, 67.28117500934718, 62.7123951029946, 58.28539357090025, 18.016474566767712, 21.336163619698276, 60.891696700646676, 94.20871497776292, 45.41598187278924, 70.60438340196642, 74.7094688197493, 67.39968501975834, 90.86283081824975, 22.375132339499817, 83.34977554098516, 96.83726625284582, 50.090087935670326, 24.4401468422824, 13.71200139626392, 35.10705808203062, 42.334444086940195, 72.17141227706216, 67.73606660461807, 59.57762271307992, 45.39709008765008, 109.11158664365668, 86.2354854578722, 42.83059733910943, 54.18179107037131, 59.187371891593784, 71.9585924897205, 58.195030777700545, 95.43241225199978, 49.39431554187301, 40.957729019467884, 57.84610327377541, 41.904667227945005, 56.10263958434969, 23.715201978090654, 115.0239472568355, 74.29428482953847, 7.170033580240137, 20.300134473360004, 15.006630702245225, 73.55907458214175, 83.54526413510938, 22.66275515286278, 57.331855029294545, 74.40223603921345, 114.52965829295654, 95.84822807538055, 62.78219273764316, 58.18355935877704, 78.46807763777566, 53.643146163824746, 75.59980831967545, 54.06237031593696, 62.52983743256363, 102.09580403676972, 104.28032869705812, 53.50871362094413, 81.96258703098925, 68.526577680437, 85.26360919425662, 79.60421267685699], [3.8829980720437356, 60.06894173595415, 39.19703596289589, 48.97516244134534, 20.136443830201323, 38.38207390698326, 31.73800088133013, 53.58663047560916, 75.66611292982796, 67.37579082898942, 46.02196714268236, 0.0, 12.192944706238322, 53.7926164086741, 67.25780173296933, 9.985471591722952, 73.56081197756274, 91.81259335993677, 60.18320248923222, 71.83392831742727, 76.37923878016514, 36.59183319408405, 34.8915377886524, 18.00043215015083, 39.5926277083112, 58.89868324787733, 40.73071044537178, 68.88566529094545, 59.453342992204966, 69.14078084916878, 66.52386401931439, 25.77894269949172, 98.97591676942264, 64.79526718106973, 77.37245803490578, 58.61156017252697, 42.413679934735065, 21.767989147491182, 59.480866804319355, 22.78912422879947, 39.66620186428755, 27.75221653381852, 22.175896749510745, 14.503221460824607, 72.07060675040793, 86.61933327771085, 42.19749255420394, 64.53177512262434, 67.45163169734562, 15.093955196996584, 40.83707763580303, 20.716169917402652, 89.2766455801329, 4.534691397340928, 5.217779360885593, 20.166917844442576, 57.26425764074712, 54.81476900630835, 62.26215752883115, 82.67714111561466, 62.90578606015681, 53.139132239337, 54.32765919521005, 36.42299805875801, 40.19611225766047, 52.64485541438698, 52.81666723369488, 17.65666825889484, 66.356956913473, 86.41052536119292, 93.78887410354237, 80.49200839466252, 69.42997104369823, 59.5857100728137, 20.33273674046527, 86.93325683492407, 45.90845708797313, 16.54031101557846, 83.8021095752745, 70.01703748298372, 36.18317141438078, 75.75818192785162, 23.936327993583618, 43.571670063982, 37.84238840699525], [8.469712923062191, 71.900664215633, 44.772621319203765, 61.07628393114881, 32.32921683944114, 50.57188101748053, 22.50001643343771, 56.36568605578927, 85.90014474040984, 74.77771178161146, 57.112134466994654, 12.192944706238322, 0.0, 65.98555582334332, 76.2681137073835, 8.047450912032042, 74.58772520995983, 99.95953358284311, 63.249864995250384, 74.76424858184356, 75.72533650893726, 40.34302571985557, 40.15357991135999, 9.080711158354307, 51.75284089252888, 70.97436542761822, 47.78188532990576, 71.81811151295953, 70.9414127097979, 78.24423124894412, 74.43693696024273, 24.38591818673091, 108.74907029976413, 76.64969334995058, 85.25182616175444, 56.14096887645018, 52.19570025531971, 32.676261739544955, 70.74427404513227, 34.47974400889088, 50.49968550001096, 22.46221417755255, 10.684209578071231, 2.465579848232802, 84.10107738238376, 89.72560220873585, 35.979653387167865, 76.42083568313664, 78.63155140537138, 3.235143714219169, 43.783145314794034, 24.297238377952496, 96.68970141352874, 7.942033269519398, 17.295349081899026, 23.797523732429354, 68.92089525836919, 64.69983615691278, 74.33051746669898, 82.1616329804837, 70.30179371610446, 64.27895973557926, 66.46246360931902, 48.43712727626095, 42.12357818049811, 54.44853332750127, 65.00224311784943, 9.482464954695171, 74.30920087425461, 87.51375868377501, 101.91654257589063, 91.80030364194157, 80.34051118116562, 65.2189209113175, 26.57225434032343, 97.40693808242092, 55.269778985595316, 7.207851043820467, 88.32837169681035, 69.1264612348723, 44.63735709769077, 83.65639482641244, 11.778481379991394, 39.625571248874174, 34.380905563899496], [57.57387361032587, 16.459043171751482, 54.99579288186499, 8.484614565781417, 33.65714063119988, 15.459562727143144, 82.2755918167796, 71.2663242670291, 44.553261520367485, 58.76363986959554, 24.881995807713135, 53.7926164086741, 65.98555582334332, 0.0, 48.71471175039088, 61.66604297691587, 91.09174273804082, 71.37380848906805, 74.21705878236861, 82.59727251549509, 99.149026814387, 60.160462566306315, 55.031740100627545, 70.27324568915067, 14.70460466071672, 9.928658289046519, 49.5885673095636, 80.5108356885935, 21.860337736436787, 49.15351669359454, 55.31586687910616, 67.2686541754801, 66.30363037895836, 18.673114932843045, 62.36786561147218, 90.78447729897863, 35.617282701239134, 37.44250397673481, 24.771920213442154, 33.40715076547928, 28.56125009433414, 74.12204766080822, 75.55024750855978, 68.27263445290806, 21.358344809078755, 92.97970359592546, 86.4776615128804, 17.954948591232448, 29.952824568535966, 68.81959626903483, 64.20178867730066, 57.182450649370274, 73.79733141456613, 58.15842501599875, 48.75486261784011, 57.04630465780041, 18.480055783995706, 36.6870210162468, 12.346601487605845, 103.77406126425025, 56.267421404301004, 24.494557921621105, 5.809406866490989, 19.428715407032065, 66.8559274327011, 73.99100608595762, 2.2262149949157135, 69.56297671495031, 54.987358721475786, 100.89289809252293, 73.0511216227687, 37.900567139618126, 34.125767036530874, 63.28034030107575, 51.71019513120282, 50.93368579623852, 38.49706197999947, 69.29374308963395, 84.52175405404158, 94.90148921775805, 42.9826536283398, 61.161507583657674, 77.70641194947586, 83.07078678024965, 78.02765086632873], [69.31431005611812, 34.12125681854353, 35.648052375281495, 54.89569636136698, 55.00806885800585, 47.94600672642186, 79.81370765443026, 40.81139484845456, 15.410407414493427, 12.777579850521997, 69.72390611461915, 67.25780173296933, 76.2681137073835, 48.71471175039088, 0.0, 77.21416151102429, 53.23551863940951, 25.53064144378521, 39.16430083803908, 42.08212552123079, 63.39658664194326, 42.91853188042486, 39.690512148209116, 84.5218713298665, 52.02913223841341, 58.221976573354276, 30.115016015649083, 41.21029376700632, 27.725675698978343, 2.1025522995183437, 8.981784384937646, 60.83261613708669, 33.23006666496634, 66.54682645445807, 13.713063958886313, 65.11322226777375, 25.184456418690754, 66.52607126997887, 73.34629936775896, 47.66871459356241, 30.567312535357924, 69.09638090819932, 80.93143250430467, 77.47296278494525, 42.865938247342754, 47.90547902262106, 74.48272560316252, 36.175343759994924, 23.668539235743943, 79.45874073782326, 43.468215050950015, 53.93695685585387, 25.730579916267946, 71.2403579004894, 64.81964337764764, 54.27341659657813, 30.633630566799894, 14.1367760761607, 59.67860674612273, 65.92702661182896, 13.42689489799597, 71.91571282506433, 54.496224083513, 56.46561313734538, 47.20406839748799, 45.32805162531399, 50.54963432745507, 84.42897614294944, 8.69932720105508, 59.163433436910324, 27.480869107460418, 31.288774370771982, 20.39726562641028, 25.166595467702862, 50.08144090852669, 26.165085139988275, 21.383533917779523, 74.7715326181209, 37.93765453861469, 61.77201726065238, 31.64666858188006, 12.45085743036417, 84.95680028208643, 67.13292133665114, 64.8229112340115], [8.366710664784346, 69.20001930144619, 48.14566620769125, 56.04463955655717, 28.46390930108096, 46.516775049815315, 30.528826517570998, 61.367280914636105, 85.60800312990422, 77.041018615597, 50.5283543044348, 9.985471591722952, 8.047450912032042, 61.66604297691587, 77.21416151102429, 0.0, 80.48570338553239, 101.66686962949008, 68.1422216580114, 79.77064865622086, 82.29953923739797, 44.71157455891888, 43.67236281063799, 8.638301168350552, 47.09512869883407, 65.7884276367815, 50.213465669316406, 76.8133771601891, 68.94177371678329, 79.10600800857844, 76.30773426914251, 30.76287752903217, 108.9542474297691, 70.89087155382855, 87.16286888923877, 63.25320535983649, 52.39906708283672, 26.32511918437457, 64.23410209809346, 32.325613216132545, 49.53170430725146, 30.03151039691502, 18.258440556421707, 10.218524387269262, 80.79888210400829, 94.68269530340608, 43.86345566964502, 73.56257564797447, 77.11813077873003, 8.97952763320177, 48.60495694641207, 28.42989453915301, 98.97385403946505, 6.168969346212969, 13.638282461451322, 27.886239759612188, 66.61112247224763, 64.79675875433874, 69.10304309684078, 88.70239529341578, 72.56097614593128, 57.689087129013515, 61.54416274645455, 43.245186846974406, 47.42196313703438, 59.90660462655508, 60.47626795720768, 8.041984729857695, 76.14886154506625, 93.41515947150089, 103.64100585797388, 90.06410199814322, 79.21223979434158, 68.66577916159794, 29.279093926435134, 96.82572671919408, 55.87912183702918, 15.186689854543873, 92.5064915799879, 75.7654642428584, 46.00712455707539, 85.55074197478591, 18.149331853281414, 47.05703562881849, 41.63215382799111], [72.74869038381873, 81.65520222479945, 38.84414281999809, 93.7097016887178, 76.09876375799745, 82.01480448430146, 62.35980664097674, 21.311578640281358, 68.38648130803968, 40.757558286748626, 103.19084884247022, 73.56081197756274, 74.58772520995983, 91.09174273804082, 53.23551863940951, 80.48570338553239, 0.0, 57.87769140942052, 16.898746910982723, 11.683230496803198, 10.53647625754959, 37.837641905513884, 41.37732404231885, 83.38169987635479, 86.34331256472602, 100.89415417110166, 42.46655709498395, 12.0281235487472, 75.69796904806535, 54.68023120027371, 44.340241733981394, 50.22184400560937, 77.87487285436005, 109.6241678093615, 47.75796931741003, 25.14302321498629, 55.50783334439044, 87.31423728655585, 112.18840347417742, 68.95771811512022, 62.92359767305199, 54.38529841770125, 71.82507647100472, 74.07791497452861, 93.39015492144772, 19.885560955660765, 48.09308011449573, 85.24035039887187, 75.29997316506967, 76.663866674471, 33.172765504166684, 52.85218185665398, 50.29326014952733, 74.96581939466195, 75.02029722924946, 53.39963738113188, 77.23375708319873, 57.304253008277925, 103.42753079899872, 12.954016877372707, 40.012344125782406, 108.2310629308953, 95.96654767033621, 88.2143864551201, 33.36772964819141, 21.0148979720063, 92.1164188112389, 83.9681861838445, 44.59556516781396, 12.934765996013668, 58.99364711633773, 84.50759975947345, 72.88635087036809, 29.188554822824223, 54.41028886032773, 77.59129738855752, 52.68232430003479, 68.73381959766083, 26.436696069145796, 12.160416198470042, 49.791407447906714, 47.222098846952235, 76.18208121101117, 39.8384252217788, 42.741123359982375], [93.54922807522864, 55.32175023162785, 56.44954553706355, 78.4666656988745, 80.50539644116282, 72.88208271663503, 100.3503433073716, 54.58956863362836, 27.66042140243558, 25.69679635645714, 94.05540179042933, 91.81259335993677, 99.95953358284311, 71.37380848906805, 25.53064144378521, 101.66686962949008, 57.87769140942052, 0.0, 49.94865144286083, 46.453042722978374, 68.29527306076265, 62.90711966705758, 60.996782672332984, 108.54794376271563, 76.7768959405245, 80.1408136718007, 52.3059789161344, 47.254324644915506, 49.51569709971441, 24.102370354171484, 25.531333640848825, 81.80133022912406, 21.27400471573284, 87.80872675283243, 14.818016168991162, 77.23021956099976, 50.47437504026072, 92.05669558417354, 96.10187853041471, 73.08108603846186, 56.09743169026911, 89.6932736416497, 103.42832153941228, 100.9170106839698, 59.951087659320294, 43.85416219634585, 92.18983157138577, 55.81233226431604, 42.24829547825136, 103.07379142433642, 61.91670848195221, 76.4868796111644, 7.930522295390455, 95.58088351364452, 89.75395067526013, 76.898025935182, 52.90937438389694, 39.605427207667745, 80.97217623061162, 68.43026835326475, 30.019436516833462, 95.50612512549577, 77.15841317783075, 81.4611745921511, 65.37917691840549, 59.14218138268347, 73.41659526373795, 108.55293776406127, 25.652232417189076, 58.217930911015834, 1.979497936781558, 42.1465399736076, 37.9906439009726, 38.748865323148706, 73.40235395730642, 28.45090458455108, 46.463259040191204, 97.62159165929698, 33.22943962687707, 69.18075859758538, 55.660950010673716, 16.373002833007053, 107.66901698139661, 83.97510161258171, 83.05060056137359], [59.99300970139089, 65.1997793504592, 22.796533361694838, 76.82679911609641, 60.26438891001948, 65.21550006103202, 55.50958455833324, 6.921599172459345, 54.57464982233859, 27.80685180160978, 86.60568573839765, 60.18320248923222, 63.249864995250384, 74.21705878236861, 39.16430083803908, 68.1422216580114, 16.898746910982723, 49.94865144286083, 0.0, 11.653389645310774, 25.466114956439252, 23.591371097660513, 26.050442161634617, 72.30255210009145, 69.5689489820753, 84.00560931197293, 25.731979491975387, 8.702524024308234, 59.395969819220866, 40.89116714188638, 30.812335674556234, 39.77510598075226, 67.77592654121946, 92.73180167702284, 37.103610462725, 27.382290488115498, 38.617610298861734, 71.83907842245048, 95.35383148812444, 52.85709923617505, 46.02718480911819, 45.866621058182744, 62.56513379281367, 63.19491287712722, 77.28456999259625, 26.54211098633956, 44.10230949344527, 68.94858467521968, 59.75702626344276, 65.74146361223652, 19.544584522177942, 39.74282377745517, 43.406477527984826, 62.25474806974944, 60.89632525900763, 40.29131087109743, 60.73968564629304, 41.12270547102517, 86.55767197780011, 29.591097023862854, 25.767532826760323, 91.4967579856441, 79.06991876882846, 71.6044367414182, 21.253498429191783, 10.217227102916247, 75.22498969246995, 72.72935558622594, 31.001034747497297, 28.017619696176904, 51.46915812407785, 69.9255055573256, 57.73388165177332, 14.0044901472728, 40.13878688393002, 64.8391203991366, 35.874661731043986, 58.329195241135864, 26.09370767353547, 22.76393046118993, 33.10410399133668, 36.12643897484621, 67.03940271163566, 35.50532375497653, 36.12461156904909], [71.63812029583178, 71.99015694697569, 33.998800715627375, 85.97039598249927, 71.29149877846041, 74.88384806622685, 65.84485056242352, 18.42118568929476, 57.04506196908784, 29.427417195679624, 96.72477183296749, 71.83392831742727, 74.76424858184356, 82.59727251549509, 42.08212552123079, 79.77064865622086, 11.683230496803198, 46.453042722978374, 11.653389645310774, 0.0, 22.21796663987365, 35.242576512138314, 37.53256568446402, 83.79589278001133, 79.30152769234282, 92.50062862753906, 36.0371838686735, 2.95729070893653, 65.84537120699554, 43.418688630206624, 33.11648073790741, 51.02447552341147, 66.23594678581351, 101.25676227480612, 36.07717344401505, 32.88114149747691, 47.476131925326804, 83.03180602408813, 104.75367918905144, 63.72061012498809, 55.17659665288065, 56.65554790104958, 73.66092721199362, 74.63756561846155, 83.20775821352468, 14.961673947168391, 53.20349218288885, 75.31691740630421, 64.71565091391349, 77.19687886686141, 31.165759818344142, 51.3868697173782, 39.01375040626214, 73.89925120626242, 72.4918899277016, 51.93592857265563, 67.66139137096556, 47.47567308848849, 94.84301813864882, 23.896183737556747, 29.145769821664054, 101.26684406666965, 87.74040552855415, 81.7315138404691, 32.65787939044461, 20.701509893939598, 83.80103157856031, 84.24671109332007, 33.38892895771791, 18.30010189272103, 47.64925250598618, 73.36151168473373, 62.06709581259115, 19.396349644451018, 51.75330602092329, 66.00497782948132, 44.16137708351386, 69.66793246629923, 16.82452471222854, 22.76755133658489, 43.384314855829736, 35.55814287293828, 78.12348451984046, 44.58627926332057, 46.1415258080521], [75.05457116364772, 90.65172011448925, 45.20924660910619, 101.16240425500658, 81.41582880048384, 89.08693788691414, 60.727500871454026, 27.965772773597077, 78.64737143922797, 51.06590375780973, 109.56259051511141, 76.37923878016514, 75.72533650893726, 99.149026814387, 63.39658664194326, 82.29953923739797, 10.53647625754959, 68.29527306076265, 25.466114956439252, 22.21796663987365, 0.0, 42.64003041741528, 46.90657894439165, 84.14362904716334, 93.30619577114716, 108.81969523637251, 49.75356669221079, 22.354918629784176, 84.86186123113555, 64.90882947851696, 54.57380503707798, 51.541777407675234, 88.39718087081673, 117.48857591111974, 58.286537255162095, 21.21806928460315, 63.57116205977511, 92.0531848657652, 119.29093183254017, 74.72952153208013, 70.67594384106756, 54.18451401743742, 71.51436685781117, 74.8830912327665, 102.73347306597803, 28.143728788274245, 45.347774526939695, 94.41462037033041, 84.99796947075971, 77.44044104326206, 37.8743943345787, 56.01788543788119, 60.6445658975885, 77.18856362970115, 78.48867092664918, 56.54359740818991, 86.18425421980997, 66.56917285746835, 111.4916690608567, 6.449076665524195, 50.05986773076742, 114.97419053040514, 103.78690560546805, 94.72010282800719, 37.04876763226842, 26.017692902226845, 100.02890110879842, 84.84218655302497, 54.817904761670015, 16.034113206352583, 69.36664366144299, 94.60213336717335, 82.7615171615432, 38.83528926210294, 58.49558684321579, 88.03185788041391, 61.12371132624128, 69.32215545825733, 36.250937994846176, 6.65543295940259, 56.84251383723612, 57.7344132704081, 75.68120039853906, 37.942413750691166, 42.025441993092365], [36.48330086507423, 55.991302046581616, 7.407872576969043, 60.53876018978123, 38.77584049599816, 47.95389179007279, 37.48975875005026, 17.07404750194544, 56.49030295822646, 37.22797938256215, 67.28117500934718, 36.59183319408405, 40.34302571985557, 60.160462566306315, 42.91853188042486, 44.71157455891888, 37.837641905513884, 62.90711966705758, 23.591371097660513, 35.242576512138314, 42.64003041741528, 0.0, 5.148703701439604, 49.42089039305146, 51.89717422967489, 69.18394737137075, 13.763980097138097, 32.29383585853795, 51.63880097821738, 45.01894479317058, 38.05629631645297, 18.95611135627847, 75.95242683873502, 77.5238215513245, 48.165560013241816, 30.6532541206539, 27.354270405772702, 49.5988241573241, 77.78818901124961, 32.22945257402579, 32.26672036344253, 26.79626972395257, 41.34995409516511, 40.58997279271329, 69.30668625242394, 50.06120009200798, 31.90249227083712, 60.48718355654956, 55.59264214748661, 43.058523303343435, 4.7694657226692065, 16.2898194834837, 58.36149978505548, 38.74654023872206, 37.444061880323495, 16.82990740783512, 51.61944967594377, 36.636276479179536, 72.18569102988499, 48.465763402801, 33.03399711028985, 73.02701536185184, 63.98614024326535, 52.66525361222896, 6.69553983634067, 16.932574968658134, 60.58125731160936, 49.75180464111915, 38.03520892151158, 50.409503113007865, 64.7675431111661, 68.17900706352363, 55.24651897641398, 25.446973302121478, 16.683537477750036, 68.2230823403374, 27.294954029395903, 36.2331571808643, 47.99401084143191, 37.06520249777726, 17.776712635636596, 46.685377823408864, 45.76285279775711, 25.451512403545166, 22.177722040257684], [35.31867358975175, 50.945528943463096, 4.6465058935720345, 55.53152381346208, 34.74518356602832, 43.000288844277115, 40.13389771823488, 20.13629675722846, 52.646637835177984, 35.35256854087927, 62.7123951029946, 34.8915377886524, 40.15357991135999, 55.031740100627545, 39.690512148209116, 43.67236281063799, 41.37732404231885, 60.996782672332984, 26.050442161634617, 37.53256568446402, 46.90657894439165, 5.148703701439604, 0.0, 49.14469288511316, 47.007096603529064, 64.09642832025791, 9.692329006860765, 34.63900364700655, 46.710546776850336, 41.79046643711934, 35.692106799248094, 21.175402010304698, 72.90013606520942, 72.46908188103251, 46.18010118883246, 35.76005803870437, 22.416575304190943, 45.9822844756404, 72.95331047880988, 27.830976499347535, 27.12733429654704, 29.40880119070826, 42.4778246127286, 40.71015135996187, 64.28680137630822, 52.03946804506262, 36.12725223657151, 55.46721174952735, 50.96575537271648, 43