instance_id,num_cities,city_coordinates,distance_matrix,best_route,total_distance
1350,61,"[[39.39750624409149, 24.79606380105197], [11.761526759621333, 56.34289072069287], [5.682594978920507, 79.82485510863393], [17.21414605121, 25.998837400649755], [4.412370415683142, 97.1339669342462], [11.021604880326985, 26.038194944750526], [4.277093150743994, 79.53541530119239], [81.12945357548175, 5.088978571164137], [17.970250883071724, 29.449983948268034], [34.0421136723733, 65.10400553121157], [77.4290382075755, 56.55131174595586], [5.066859912102162, 31.933197793056433], [88.46496968952388, 67.42193500524962], [23.032300990509935, 20.88169699091722], [40.35435257916998, 34.56205272374381], [39.41581300311652, 85.59559315146619], [57.35426769605411, 24.08254642553852], [75.22025806704555, 95.75982777279131], [82.42390402598575, 10.104555885088507], [78.23349560097593, 61.719599556417556], [39.20743561706417, 28.84732974623162], [45.029664575549496, 78.39149067746611], [92.19422400583616, 45.72311340789894], [79.84776428017864, 45.33141748776737], [56.51897868367426, 23.52758017891573], [79.61794808181924, 26.06025006083097], [18.003785939043084, 66.64863841402811], [81.6138379528928, 19.911820757159326], [75.36304923076445, 21.64663621838209], [9.378931447500694, 70.91608054638034], [34.1641516302561, 73.09864006292138], [9.760250766317846, 15.661010173759216], [53.506465346590694, 20.428672828836746], [77.8199120884847, 4.629993149870415], [52.87889012925569, 1.185807984174314], [29.372510934194228, 94.31142669163587], [34.74798525915541, 35.485680677631706], [31.249430498921782, 95.35435889557398], [52.89073966738748, 64.5386108674574], [45.444513845564614, 35.694119905247575], [6.679660153382761, 17.211039239211313], [58.970281456968806, 14.302644645773865], [39.45328262994213, 37.01980786313237], [36.36960491932497, 67.9225761442914], [92.21760036447952, 10.47825751079018], [8.221072429702069, 99.76745392311621], [46.25700031451524, 93.89785809407046], [85.30593423798241, 91.61591019380502], [92.39676739601954, 17.446312502058557], [45.792212128497965, 65.04823174697029], [11.308053213055647, 43.430315132877396], [11.742402257586237, 70.18246213959478], [46.34921809582736, 53.281996221359506], [83.3035603573898, 28.634750772902795], [21.15852934482222, 85.70594417020587], [19.53516132198715, 87.51905307724851], [30.193046058179853, 11.8119978439145], [46.493849497310165, 84.42494401257599], [20.155123197145542, 4.989441620865032], [54.27542474644894, 56.426951662238544], [69.1637041889208, 4.976286851513423]]","[[0.0, 41.9398336997637, 64.53575066884835, 22.21594323406072, 80.3537924347045, 28.403074974098107, 65.03722025504548, 46.15110655583454, 21.92683846437999, 40.66214942817406, 49.54586961121814, 35.064682505221086, 64.99677580377116, 16.826830079255505, 9.812751629746515, 60.799532106499846, 17.970931775727443, 79.4929263847148, 45.46549582849188, 53.58713989387567, 4.055722204716553, 53.89054638371805, 56.792911632181344, 45.36434862559506, 17.168397397515598, 40.240304528189824, 47.00350274421445, 42.49793516230355, 36.103174049170555, 55.02881769952799, 48.58525366865817, 31.01316038439711, 14.76945601097692, 43.392991097407744, 27.188083624955443, 70.23450867467524, 11.657013097591475, 71.02720707584292, 41.970673041315436, 12.463303245226317, 33.58556312493555, 22.208227644325476, 12.223871313968598, 43.23267575947741, 54.72624525629463, 81.1953161347239, 69.44141871690714, 81.07080629191609, 53.506453132377644, 40.75695385691228, 33.70834754597748, 53.14818840420904, 29.32191404945954, 44.07354201182084, 63.582024227895715, 65.79275134501148, 15.91565443496838, 60.049658140973484, 27.614698758343646, 34.95519311704271, 35.76101366600534], [41.9398336997637, 0.0, 24.25605209243554, 30.830060477213216, 41.4478225921165, 30.313727426033843, 24.37026759932617, 86.24890017479746, 27.60030235181217, 23.941213125064994, 65.66784219913856, 25.311097823302262, 77.49944115643665, 37.2092275182426, 35.943769866228386, 40.25518782890645, 55.851838287907505, 74.70411973724711, 84.44616728604963, 66.68906686669244, 38.849501751134156, 39.91127351755905, 81.1307491428163, 68.97092345666528, 55.498415370956124, 74.30701339705395, 12.048827128885192, 78.7817760508705, 72.44987051152295, 14.766672682661456, 27.975573937168374, 40.731075488333865, 55.06787579354739, 83.89239564720371, 68.79637596904143, 41.85399010099096, 31.038693354121307, 43.60817631261369, 41.93783474544721, 39.50842132027813, 39.46045068891552, 63.21430858685453, 33.76706789612617, 27.19644508430437, 92.61071406370468, 43.568652792845256, 50.99326691036612, 81.56571445217507, 89.52645323929784, 35.126492979790385, 12.920535846801519, 13.839584632692723, 34.72286663143915, 76.72029451631785, 30.830059446346016, 32.130709509619074, 48.1946192438144, 44.66470597511127, 52.03488441040902, 42.51398109182764, 77.02946167978833], [64.53575066884835, 24.25605209243554, 0.0, 55.04740550137714, 17.355656790585666, 54.05099294474059, 1.4349950491689216, 106.19642043832472, 51.851847913476384, 31.952554088920564, 75.42685156240495, 47.89561535365442, 83.70635573131636, 61.44353658098413, 57.01624378038308, 34.22325840458407, 76.00767552496302, 71.34010051552374, 103.6829235606225, 74.77588822396177, 61.01330208968614, 39.37316877563327, 92.99027230799103, 81.79406810025343, 75.85328649893313, 91.41700713979077, 18.039524191591507, 96.72189692501586, 90.77483603942986, 9.645162906349087, 29.26501389243492, 64.29328326930536, 76.25633774551866, 104.20201430281146, 91.71472078440043, 27.768198972878523, 53.01659458476388, 29.913685269043405, 49.6213481067185, 59.40144763849609, 62.62175402120324, 84.45553619581193, 54.52276051441714, 32.9143862714697, 110.89300138185456, 20.10351002296655, 42.945684083097845, 80.49164636647215, 106.8196155942471, 42.74494105573363, 36.82673377304779, 11.388459352517609, 48.5623063048112, 92.98086388170722, 16.555716627432314, 15.845954583719328, 72.29461228487129, 41.06968849758848, 76.22199935000828, 53.93259673428342, 98.14356523314615], [22.21594323406072, 30.830060477213216, 55.04740550137714, 0.0, 72.27788121675894, 6.192666240752754, 55.077513660752025, 67.24870803362133, 3.533002548810602, 42.57222884438197, 67.52249200098672, 13.51936366151627, 82.41694537107229, 7.7482935457181705, 24.673828540101244, 63.59785618608421, 40.185837514778456, 90.7265386140995, 67.11885517516477, 70.7059677005092, 22.17698569622004, 59.31857371989459, 77.53102059235361, 65.54936144065027, 39.382445080543185, 62.403832249232096, 40.65746983740765, 64.68672266122158, 58.31154770811807, 45.59549670415776, 50.05690861364316, 12.744850987405732, 36.71728711649245, 64.26263596818096, 43.44721393801184, 69.38613472637553, 19.935789744379363, 70.76141301133745, 52.51793475496467, 29.84882189716195, 13.718629292232583, 43.36329979352673, 24.82017295875304, 46.09264013585209, 76.59247064196468, 74.31476405668374, 73.84960659939334, 94.5626345890094, 75.66751108909314, 48.389679266681306, 18.40484578968393, 44.52114862865709, 39.91519984017513, 66.14195886606251, 59.83725226276772, 61.56398337325492, 19.228059236425036, 65.35220706081579, 21.214241857878196, 47.95214819007043, 56.04198624508581], [80.3537924347045, 41.4478225921165, 17.355656790585666, 72.27788121675894, 0.0, 71.40231631390535, 17.599071552774326, 119.82399897894982, 69.02852798382838, 43.633016317202554, 83.53673250470861, 65.20405396218587, 89.149561333966, 78.49274161425171, 72.16003415885332, 36.85614009256653, 90.21837133303498, 70.82122006915021, 116.87565085934122, 81.87634542646907, 76.64046829721158, 44.733041491777406, 101.72870627325698, 91.50957751321143, 90.18314031108682, 103.47633614648142, 33.37786438516179, 109.19398541171674, 103.59698800123037, 26.68415813043032, 38.24742374659038, 81.64828539253527, 91.07102887791663, 118.09171156497217, 107.49443120019927, 25.119222681543583, 68.7077923259726, 26.895999678068623, 58.417544645639964, 73.88160527084611, 79.95508097738663, 99.18464401935218, 69.58144615940792, 43.296306874884976, 123.36519112798169, 4.630492927555276, 41.969577693797405, 81.08154918391196, 118.70710332956989, 52.36206358314773, 54.144553355297354, 27.930502635996945, 60.67696868459638, 104.47948346511332, 20.2739621972472, 17.920529380385986, 89.13182173632009, 43.95873229883855, 93.4796652238688, 64.36913297185512, 112.6311378955418], [28.403074974098107, 30.313727426033843, 54.05099294474059, 6.192666240752754, 71.40231631390535, 0.0, 53.92069198680762, 73.17089664156134, 7.741058420912701, 45.3440335857093, 73.08212844490065, 8.37914352533322, 87.80711072780674, 13.07081834465811, 30.546132963117994, 65.97965395539434, 46.37391728899511, 94.77643776380658, 73.15852087740517, 76.09599785340848, 28.325470740181725, 62.42928558225693, 83.52538602482349, 71.47914838488327, 45.56659093572767, 68.5963467470758, 41.20629771173436, 70.8575742659727, 64.49114085785413, 44.90793907629124, 52.442949619496275, 10.45356293194917, 42.853589198651996, 70.14502797751044, 48.67929196330204, 70.69646332145459, 25.538130561061987, 72.20730928454347, 56.87975451809246, 35.751553091743965, 9.83723344552076, 49.363941559312416, 30.47878150364827, 48.95735383418404, 82.6734621000674, 73.78242752516292, 76.46219310314598, 99.08884056947433, 81.82748632558874, 52.25684739550503, 17.394478931131378, 44.15015147232075, 44.61238576341057, 72.32857796028345, 60.5227026431463, 62.06751614164753, 23.873182460403303, 68.3175863513657, 22.944959649854272, 52.86179591960152, 61.83937002054883], [65.03722025504548, 24.37026759932617, 1.4349950491689216, 55.077513660752025, 17.599071552774326, 53.92069198680762, 0.0, 106.99793102977223, 51.92353033539712, 33.07902711087663, 76.67774176275363, 47.608768554009366, 85.054893809757, 61.57935118799098, 57.65563276375175, 35.657473107897985, 76.76071341678487, 72.77474979957083, 104.53500987338923, 76.07202346482207, 61.55819069824448, 40.76862324482691, 94.19497681466149, 82.95082761114533, 76.59041845505165, 92.38959746221045, 18.827934391321147, 97.65216394399019, 91.6750996482088, 10.01607136664691, 30.57234600134238, 64.10931794849081, 76.92293606259823, 104.97317983645665, 92.19975941547462, 29.122336896897988, 53.5616876721465, 31.268929602180705, 50.8742643275444, 60.1399676476371, 62.37066762282898, 85.12731180110528, 55.18098569347664, 34.12898101175248, 111.81423814120267, 20.612868780251517, 44.36882203143946, 81.9244252026914, 107.79672386253158, 43.97025802824895, 36.783320371628776, 11.966978436670656, 49.59138746572876, 94.00032004511763, 17.973823035127033, 17.22054344257387, 72.5127429297304, 42.498964780860014, 76.21820012374005, 55.080252850789634, 98.83995106835786], [46.15110655583454, 86.24890017479746, 106.19642043832472, 67.24870803362133, 119.82399897894982, 73.17089664156134, 106.99793102977223, 0.0, 67.69448624315143, 76.28250808780535, 51.595201421142896, 80.66058678458398, 62.76310424503373, 60.20539090120672, 50.31173780801936, 90.671620703403, 30.43049594469435, 90.86320204847031, 5.179924493731816, 56.704618910328, 48.18625156892489, 81.70956521077674, 42.113680183598184, 40.262844129622, 30.75154473599117, 21.025671850161768, 88.1727941857081, 14.830754488427031, 17.53303869354225, 97.3721971616817, 82.65018840286828, 72.14797961011686, 31.59645072808539, 3.3412172139977385, 28.518924868591846, 103.14759502859869, 55.454486762819414, 103.13028452995032, 65.81552813240711, 47.0115900561451, 75.43020678370854, 23.998344766093673, 52.50220075344135, 77.14599818333913, 12.3284762522973, 119.49747167312151, 95.41019378741657, 86.62766813641825, 16.722920277574623, 69.59764848385934, 79.65604834479781, 95.14055125794582, 59.432581386410035, 23.645932607433938, 100.47689732210377, 102.90079699053612, 51.37817239753105, 86.56685556482199, 60.97441162234342, 57.93726215010858, 11.966280032059313], [21.92683846437999, 27.60030235181217, 51.851847913476384, 3.533002548810602, 69.02852798382838, 7.741058420912701, 51.92353033539712, 67.69448624315143, 0.0, 39.109001886460106, 65.3439313058091, 13.140161701769413, 80.07105873331865, 9.951878851439224, 22.960428042753545, 60.101926486951726, 39.74808380143229, 87.6045587318247, 67.29427160178439, 68.35924776815303, 21.24573386618956, 55.92390321056636, 75.98692603690957, 63.88306970926397, 39.00101641562929, 61.74082009283729, 37.198669581894876, 64.35435286112444, 57.92085581180958, 42.346758278857685, 46.55585464820642, 16.04804971550097, 36.66342309046974, 64.7920819979977, 44.91633040386835, 65.85604216034098, 17.830367517336025, 67.22888700897178, 49.504063227270365, 28.17488880513024, 16.65140254202888, 43.70863066953001, 22.77768397223681, 42.64594446407427, 76.6328605040475, 70.99009130983929, 70.38230370846395, 91.64440320520583, 75.38829145457959, 45.18071241005181, 15.486592195371086, 41.205835486116165, 37.058475266090504, 65.33839554195707, 56.34623483465345, 58.09015178313911, 21.45915365782199, 61.93417402354245, 24.557927395842675, 45.23076869002622, 56.74267803833236], [40.66214942817406, 23.941213125064994, 31.952554088920564, 42.57222884438197, 43.633016317202554, 45.3440335857093, 33.07902711087663, 76.28250808780535, 39.109001886460106, 0.0, 44.22187006004702, 44.04393052934489, 54.472195238581286, 45.57223439686395, 31.187421203268244, 21.184470909036236, 47.1828001752993, 51.33633229103744, 73.25119179369939, 44.3207901617497, 36.62276736907598, 17.241912201430072, 61.29671211191282, 49.8910098669098, 47.26318446540895, 60.013094598996574, 16.112536958045656, 65.61556610800403, 59.9663460868875, 25.338760297994476, 7.995565931112761, 55.08374221224922, 48.73136913904114, 74.65655903978089, 66.63602722963485, 29.578347495673434, 29.626734916781043, 30.37898875828607, 18.85710404663786, 31.542924757255424, 55.15831834660652, 56.587912286189045, 28.600750132594456, 3.65534619503459, 79.80200247270741, 43.223614208832245, 31.277618213221302, 57.71360660902602, 75.3426925193654, 11.750230825121347, 31.409972308977817, 22.870676656059292, 17.065307597931877, 61.291897279551975, 24.2986958664453, 26.699925524006076, 53.43082822530045, 22.985743165159676, 61.69772523027251, 22.015406897565438, 69.63381846514638], [49.54586961121814, 65.66784219913856, 75.42685156240495, 67.52249200098672, 83.53673250470861, 73.08212844490065, 76.67774176275363, 51.595201421142896, 65.3439313058091, 44.22187006004702, 0.0, 76.43517764919379, 15.490714435420918, 65.04864669334295, 43.10521809237291, 47.839059071091576, 38.173513494602304, 39.27068166884568, 46.7145567734827, 5.230521062911762, 47.20594796451002, 39.073172734089646, 18.310122634910364, 11.47764187362636, 39.08704946532823, 30.569530076918955, 60.27699903794548, 36.87770124108212, 34.96576445807402, 69.54972043615437, 46.321317824277855, 79.06378157181261, 43.32591066123937, 51.9227898629011, 60.56441841100495, 61.116741522173825, 47.59656598004296, 60.317763852953284, 25.805523488271515, 38.18418848350945, 80.95141466311759, 46.105049316968184, 42.704070714826486, 42.60496116615, 48.38830331004727, 81.59275379460995, 48.64627910270483, 35.93844119300037, 41.871635780368166, 32.757997708367945, 67.4102752461814, 67.08608204002097, 31.251298247880694, 28.527957989503, 63.374780153199154, 65.6559363957709, 65.06031941793061, 41.6404283872596, 77.06443921432691, 23.153947433163168, 52.23312109478322], [35.064682505221086, 25.311097823302262, 47.89561535365442, 13.51936366151627, 65.20405396218587, 8.37914352533322, 47.608768554009366, 80.66058678458398, 13.140161701769413, 44.04393052934489, 76.43517764919379, 0.0, 90.63495563723187, 21.092480724690137, 35.38527966506644, 63.714231173663094, 52.87348806027072, 94.84375555225556, 80.3778693521023, 78.99738165304429, 34.27975336942576, 61.28130819672862, 88.2119002549348, 75.97167859864055, 52.13420118846279, 74.78205842549657, 37.047616286810566, 77.4851815059917, 71.04482797329287, 39.22064645930499, 50.41077288243985, 16.93552501778569, 49.78704117841595, 77.70760313358748, 56.84533589966155, 66.94630768109094, 29.892964665832114, 68.61319609320992, 57.88122697905, 40.55242868564624, 14.810235551902265, 56.71344865658188, 34.76060513476396, 47.69797898334428, 89.75280510331281, 67.90755010545392, 74.40595938895329, 100.00167602687769, 88.52334486780366, 52.48961599134025, 13.081903567351295, 38.827427015676946, 46.47584632410365, 78.30620058022501, 56.12887027255381, 57.43795829730044, 32.189872905009985, 66.86986531515805, 30.88076562563322, 54.967507053350936, 69.53474306961247], [64.99677580377116, 77.49944115643665, 83.70635573131636, 82.41694537107229, 89.149561333966, 87.80711072780674, 85.054893809757, 62.76310424503373, 80.07105873331865, 54.472195238581286, 15.490714435420918, 90.63495563723187, 0.0, 80.29587715135584, 58.26150823908953, 52.30775871764421, 53.34958651189039, 31.280322128573168, 57.63485424251076, 11.713227206693935, 62.56440548577592, 44.799072334032836, 22.016952479155375, 23.71175221819424, 54.28867954708354, 42.2972667292881, 70.46542700599362, 48.00155166178762, 47.613425614364864, 79.16318903304338, 54.59673820126527, 94.19992632795456, 58.570160627028805, 63.68787336140817, 75.19038223883265, 64.92274982548547, 62.49350971717577, 63.66975914246957, 35.69088678852694, 53.45478343461853, 95.96859334985785, 60.75850263321107, 57.67525295299394, 52.09777031783781, 57.06719410988791, 86.51771865641686, 49.824564043921384, 24.399343032314007, 50.13004964875121, 42.73872605752844, 80.8009132637565, 76.77221413641576, 44.42605543050284, 39.12909156839519, 69.74569451241479, 71.79980944532655, 80.54863248240055, 45.28440399842391, 92.54215989484749, 35.91398950447628, 65.36052190171823], [16.826830079255505, 37.2092275182426, 61.44353658098413, 7.7482935457181705, 78.49274161425171, 13.07081834465811, 61.57935118799098, 60.20539090120672, 9.951878851439224, 45.57223439686395, 65.04864669334295, 21.092480724690137, 80.29587715135584, 0.0, 22.072734407337972, 66.75558270396222, 34.470898387474584, 91.27057210957847, 60.36148839730912, 68.66517437807785, 18.030149344353514, 61.57321150112152, 73.48787358999986, 61.85293607577401, 33.59104465137103, 56.822116016918216, 46.04235974457969, 58.58956505030429, 52.33633865113813, 51.863802768917466, 53.39032910977923, 14.261938437545039, 30.47753146324111, 57.14718022404975, 35.75957112414846, 73.70294068794404, 18.72254249305927, 74.92461937523157, 52.89094903142222, 26.864756794976895, 16.759552221889404, 36.535220948664254, 23.023623965971954, 48.89507119957939, 69.96311315602289, 80.26415849086361, 76.6207963997509, 94.24083146530646, 69.44948571665137, 49.6859773715558, 25.414526673913826, 50.57694393342417, 39.918141408618254, 60.76787431378577, 64.85132259670343, 66.72905822831362, 11.555765337756773, 67.73616833267502, 16.150601623517986, 47.324390240953036, 48.796397743655234], [9.812751629746515, 35.943769866228386, 57.01624378038308, 24.673828540101244, 72.16003415885332, 30.546132963117994, 57.65563276375175, 50.31173780801936, 22.960428042753545, 31.187421203268244, 43.10521809237291, 35.38527966506644, 58.26150823908953, 22.072734407337972, 0.0, 51.04216987084104, 19.97040726263212, 70.43293999573844, 48.66226783195695, 46.608602489618775, 5.828677142171441, 44.07809176453403, 53.02774316458012, 40.935422132988435, 19.571783808354972, 40.17350595000106, 39.10366748010614, 43.78326655217928, 37.315101832238526, 47.76077944520269, 39.03059250815948, 35.961764072574226, 19.306229499845745, 47.954106598704435, 35.648811393357114, 60.750214283328596, 5.681940084524871, 61.4703513555676, 32.492384328778755, 5.214529491846994, 37.88195584855407, 27.513567992046724, 2.6177256117844676, 33.59765969238846, 57.18238944552687, 72.69313611844866, 59.628676400142076, 72.63461534174283, 54.78468310855924, 30.967360686930224, 30.369945423447604, 45.68869956737246, 19.656416181917088, 43.356283941236725, 54.62762361600421, 56.90239547720513, 24.916202504570432, 50.23944018487615, 35.81268204239594, 25.920456320774466, 41.29523316825665], [60.799532106499846, 40.25518782890645, 34.22325840458407, 63.59785618608421, 36.85614009256653, 65.97965395539434, 35.657473107897985, 90.671620703403, 60.101926486951726, 21.184470909036236, 47.839059071091576, 63.714231173663094, 52.30775871764421, 66.75558270396222, 51.04216987084104, 0.0, 64.07529222935105, 37.219214819408215, 86.88263693618553, 45.57275010813985, 56.748645980718365, 9.133149617366525, 66.1466197841823, 57.06090190268571, 64.38133666410864, 71.83779466134736, 28.59129232502687, 78.07068121650437, 73.35988607703646, 33.43205563391172, 13.555581273869592, 75.96247934241235, 66.67288795155486, 89.61195908012046, 85.47670020358026, 13.297882190317583, 50.3268511232587, 12.724909117678978, 24.99940302320319, 50.26432398820069, 75.81624441489583, 73.926055915002, 48.575799739697985, 17.933625228203205, 91.81853223782531, 34.26300449717832, 10.757762174673628, 46.283338732647245, 86.32094752384612, 21.51400768088394, 50.67501189739031, 31.676209840824445, 33.049064324743426, 71.90738440736156, 18.25761714810443, 19.97348265457185, 74.3577727384917, 7.174191244978172, 82.87536326542448, 32.735572508964545, 85.93258740598968], [17.970931775727443, 55.851838287907505, 76.00767552496302, 40.185837514778456, 90.21837133303498, 46.37391728899511, 76.76071341678487, 30.43049594469435, 39.74808380143229, 47.1828001752993, 38.173513494602304, 52.87348806027072, 53.34958651189039, 34.470898387474584, 19.97040726263212, 64.07529222935105, 0.0, 73.87033418950797, 28.703151138227636, 43.040561407610355, 18.761947516081943, 55.68983091945001, 41.013859791362606, 30.94304299837442, 1.0028435915401195, 22.35134841544357, 57.96837587582918, 24.61547687223161, 18.17277829343254, 67.04485667379578, 54.225076474025066, 48.3333499806092, 5.306258114831066, 28.235517160840732, 23.330015765482198, 75.59811065701132, 25.319468327516184, 75.90213289396212, 40.70155073939303, 16.633426449590356, 51.13837561573021, 9.912516294932862, 22.08660227019577, 48.60354182149874, 37.42363747186053, 90.23456156040417, 70.691775240912, 73.08933495612177, 35.665338718554516, 42.5660487102318, 49.94587092209905, 64.85094060705666, 31.204470594485674, 26.345556628088396, 71.46729758699647, 73.85441884616951, 29.804333969336135, 61.3119370922475, 41.81295256894597, 32.49061132118325, 22.461343352281432], [79.4929263847148, 74.70411973724711, 71.34010051552374, 90.7265386140995, 70.82122006915021, 94.77643776380658, 72.77474979957083, 90.86320204847031, 87.6045587318247, 51.33633229103744, 39.27068166884568, 94.84375555225556, 31.280322128573168, 91.27057210957847, 70.43293999573844, 37.219214819408215, 73.87033418950797, 0.0, 85.95765304647426, 34.1733337188325, 75.98819495795539, 34.83003113443359, 52.83737601475919, 50.64028413849288, 74.61390917944088, 69.83817588319185, 64.19646430027319, 76.11700225311077, 74.11332910952652, 70.37252352496242, 46.89491767954118, 103.44483136713181, 78.39816132727202, 91.16690715074246, 97.17706488832344, 45.870620039953344, 72.60149911871807, 43.97269700662065, 38.38452522841173, 67.04091441479719, 104.24838484338962, 83.06223222871208, 68.77257062888872, 47.79420287265928, 86.95893209744916, 67.11893878353547, 29.02304654449603, 10.903802856179825, 80.17505314490052, 42.53483299854947, 82.60234756003779, 68.43712304663845, 51.360521048091925, 67.61002690546756, 54.98864508177669, 56.291565683406006, 95.26115667500036, 30.88180919526833, 106.16700090145754, 44.561880413147584, 90.98534578207617], [45.46549582849188, 84.44616728604963, 103.6829235606225, 67.11885517516477, 116.87565085934122, 73.15852087740517, 104.53500987338923, 5.179924493731816, 67.29427160178439, 73.25119179369939, 46.7145567734827, 80.3778693521023, 57.63485424251076, 60.36148839730912, 48.66226783195695, 86.88263693618553, 28.703151138227636, 85.95765304647426, 0.0, 51.784865124489784, 47.10578216895742, 77.8552156725225, 36.93427666158388, 35.32093252398947, 29.176064473869804, 16.200542132608568, 85.71572133147554, 9.840663154164485, 13.530531728627745, 95.04530262260486, 79.35526663493121, 72.87578945921159, 30.705140456359466, 7.153151676178359, 30.861819620334018, 99.52510939461632, 54.011061144880834, 99.43015465188992, 61.92959017186807, 44.97000205534403, 76.07688601339292, 23.826379516252434, 50.70409344622696, 73.9183463891027, 9.800823479467347, 116.3851171820701, 91.26534073327376, 81.562288953805, 12.383835997791042, 66.03550839122845, 78.537064283614, 92.76437630988259, 56.26432545540566, 18.55106244509349, 97.30886930522024, 99.73965276861901, 52.25875890313386, 82.54991768532531, 62.47851998764215, 54.204254780279385, 14.217314901190813], [53.58713989387567, 66.68906686669244, 74.77588822396177, 70.7059677005092, 81.87634542646907, 76.09599785340848, 76.07202346482207, 56.704618910328, 68.35924776815303, 44.3207901617497, 5.230521062911762, 78.99738165304429, 11.713227206693935, 68.66517437807785, 46.608602489618775, 45.57275010813985, 43.040561407610355, 34.1733337188325, 51.784865124489784, 0.0, 51.025674717161166, 37.1543584027119, 21.231804131868287, 16.467494493209415, 43.93347913702323, 35.68621463702902, 60.431062790758205, 41.94421393403229, 40.17563755630761, 69.46600799933579, 45.514718947372124, 82.52259638491361, 48.128646929076766, 57.091104482014295, 65.62923084067323, 58.733491456063035, 50.78590463334581, 57.78234513514516, 25.499060827434473, 41.86218957042451, 84.2672137237943, 51.18045556807689, 45.97808856151393, 42.32094353337285, 53.11525506550471, 79.68298827367757, 45.36448581568047, 30.721470960899463, 46.483569296450874, 32.6116032356837, 69.37948373650518, 67.02749836523144, 32.98181774955871, 33.471073715407876, 61.910390897429295, 64.11790895764948, 69.2723141014343, 39.024835703161514, 81.1874877088258, 24.53571439355889, 57.463594153035054], [4.055722204716553, 38.849501751134156, 61.01330208968614, 22.17698569622004, 76.64046829721158, 28.325470740181725, 61.55819069824448, 48.18625156892489, 21.24573386618956, 36.62276736907598, 47.20594796451002, 34.27975336942576, 62.56440548577592, 18.030149344353514, 5.828677142171441, 56.748645980718365, 18.761947516081943, 75.98819495795539, 47.10578216895742, 51.025674717161166, 0.0, 49.88509028181754, 55.60927816427669, 43.85614509412122, 18.110473732237196, 40.506509734077284, 43.34205459673399, 43.33758507302827, 36.86568028756831, 51.570528937356066, 44.5377724871324, 32.26477521231773, 16.59325271002295, 45.578533665284354, 30.85560653546923, 66.19874419046792, 7.997149528617865, 66.98145095272163, 38.224342477117396, 9.261732036181568, 34.54648221424933, 24.53809162024043, 8.176175103614323, 39.17815927450031, 56.10258800927978, 77.3939191205862, 65.43139613944159, 77.87789331065842, 54.39750186629642, 36.79489893140916, 31.480771930056363, 49.627827147821975, 25.456982985513182, 44.096637138610234, 59.654547620766905, 61.881899571459016, 19.273343045289938, 56.05321609660597, 30.531777451512607, 31.4273740779141, 38.30410833880201], [53.89054638371805, 39.91127351755905, 39.37316877563327, 59.31857371989459, 44.733041491777406, 62.42928558225693, 40.76862324482691, 81.70956521077674, 55.92390321056636, 17.241912201430072, 39.073172734089646, 61.28130819672862, 44.799072334032836, 61.57321150112152, 44.07809176453403, 9.133149617366525, 55.68983091945001, 34.83003113443359, 77.8552156725225, 37.1543584027119, 49.88509028181754, 0.0, 57.37350032619429, 48.01321178956614, 56.05401871291747, 62.728845839743094, 29.4668066704912, 68.98024018290708, 64.34355237491833, 36.42604190953631, 12.086092800910679, 71.9655802079909, 58.579385488969685, 80.72148939082491, 77.60365830249377, 22.32914738283269, 44.12053332981205, 21.854833547559814, 15.927924555009126, 42.69938607026023, 72.20644346156969, 65.58750631567317, 41.745804274119976, 13.58656707017208, 82.69769357830648, 42.565294083780564, 15.554863659796943, 42.39178186235086, 77.18780455769651, 13.365030402388323, 48.5739731578818, 34.284544362737016, 25.14414312189075, 62.77439178717334, 24.966624263226333, 27.079181884019732, 68.21256566793912, 6.208574444432463, 77.50228135025188, 23.831178218653907, 77.28029516549451], [56.792911632181344, 81.1307491428163, 92.99027230799103, 77.53102059235361, 101.72870627325698, 83.52538602482349, 94.19497681466149, 42.113680183598184, 75.98692603690957, 61.29671211191282, 18.310122634910364, 88.2119002549348, 22.016952479155375, 73.48787358999986, 53.02774316458012, 66.1466197841823, 41.013859791362606, 52.83737601475919, 36.93427666158388, 21.231804131868287, 55.60927816427669, 57.37350032619429, 0.0, 12.352671510694801, 42.01624476455901, 23.340756438523517, 77.08500955000783, 27.8956519431155, 29.37626930306733, 86.562453031111, 64.16314175252724, 87.74445848550035, 46.222844939312544, 43.534645693264885, 59.407634629171426, 79.41908977704462, 58.35130996856361, 78.59725430483114, 43.57507115075467, 47.813346575465935, 90.1425482459647, 45.7282868225141, 53.45422737839409, 60.07665305206796, 35.24486364936181, 99.86130846004946, 66.56601645016973, 46.406867301708594, 28.27752629374505, 50.26536486571789, 80.91866008189213, 84.08778367272437, 46.463978265710004, 19.262814894374554, 81.51500887407227, 83.82266974356882, 70.66901602322514, 59.886191416491414, 82.75786405278046, 39.40060266859847, 46.80500739721654], [45.36434862559506, 68.97092345666528, 81.79406810025343, 65.54936144065027, 91.50957751321143, 71.47914838488327, 82.95082761114533, 40.262844129622, 63.88306970926397, 49.8910098669098, 11.47764187362636, 75.97167859864055, 23.71175221819424, 61.85293607577401, 40.935422132988435, 57.06090190268571, 30.94304299837442, 50.64028413849288, 35.32093252398947, 16.467494493209415, 43.85614509412122, 48.01321178956614, 12.352671510694801, 0.0, 31.93179542084254, 19.27253770218242, 65.41484208555313, 25.480873496883756, 24.105632803414764, 74.96953637726904, 53.46036956743102, 76.10908369396367, 36.2492858006408, 40.75190949691693, 51.731566875671234, 70.33343800748229, 46.16198220483591, 69.74304777827898, 33.09981047527971, 35.72759640894993, 78.38575849190661, 37.39858330356185, 41.240720196713575, 48.99704879737175, 36.98318003002496, 89.96479893955053, 59.05115220690005, 46.60521305973747, 30.578694531738712, 39.351409083891134, 68.56607166323933, 72.49768793910252, 34.429119922881604, 17.050548551719228, 71.23572630449134, 73.60303439548743, 59.90945280143033, 51.38859258131874, 72.04641848359668, 27.875713943237624, 41.74548728548668], [17.168397397515598, 55.498415370956124, 75.85328649893313, 39.382445080543185, 90.18314031108682, 45.56659093572767, 76.59041845505165, 30.75154473599117, 39.00101641562929, 47.26318446540895, 39.08704946532823, 52.13420118846279, 54.28867954708354, 33.59104465137103, 19.571783808354972, 64.38133666410864, 1.0028435915401195, 74.61390917944088, 29.176064473869804, 43.93347913702323, 18.110473732237196, 56.05401871291747, 42.01624476455901, 31.93179542084254, 0.0, 23.237400973155292, 57.81734804945695, 25.354007137687397, 18.937712242147406, 66.84200790300864, 54.378564440521146, 47.41583659596648, 4.321858786503781, 28.47540270894357, 22.63636520039668, 75.81084116674793, 24.838927557924762, 76.14221041100211, 41.171212715874816, 16.452004752094435, 50.237997183474775, 9.545067882261755, 21.75495781841717, 48.753594019940415, 38.0088991159454, 90.2507955480123, 71.11458509971918, 73.92367343620167, 36.38952513355015, 42.883890068008526, 49.39784044426921, 64.66544523318615, 31.444384306914955, 27.267141524406703, 71.52978628570679, 73.91015728802563, 28.815093233412657, 61.71703279559446, 40.816572210838956, 32.9757816930382, 22.450825535430845], [40.240304528189824, 74.30701339705395, 91.41700713979077, 62.403832249232096, 103.47633614648142, 68.5963467470758, 92.38959746221045, 21.025671850161768, 61.74082009283729, 60.013094598996574, 30.569530076918955, 74.78205842549657, 42.2972667292881, 56.822116016918216, 40.17350595000106, 71.83779466134736, 22.35134841544357, 69.83817588319185, 16.200542132608568, 35.68621463702902, 40.506509734077284, 62.728845839743094, 23.340756438523517, 19.27253770218242, 23.237400973155292, 0.0, 73.78158473268421, 6.464267884277555, 6.130591438267906, 83.34005631330241, 65.41144965408498, 70.62748802309957, 26.7118736286329, 21.505553810657823, 36.52006419511744, 84.75156084489102, 45.84923451944818, 84.5055442699961, 46.85005784407738, 35.50542290522364, 73.47314052153327, 23.76062756214874, 41.63306688298612, 60.190310943031655, 20.038705783395127, 102.61708314934876, 75.59691726257246, 65.80195864852891, 15.410974769021225, 51.61630681037288, 70.48376336142007, 80.95590972659727, 42.98641481804554, 4.495752635799122, 83.51713874922127, 85.94838993860367, 51.43766743625937, 67.10919018373816, 63.085707664883245, 39.55224462850013, 23.533480830171722], [47.00350274421445, 12.048827128885192, 18.039524191591507, 40.65746983740765, 33.37786438516179, 41.20629771173436, 18.827934391321147, 88.1727941857081, 37.198669581894876, 16.112536958045656, 60.27699903794548, 37.047616286810566, 70.46542700599362, 46.04235974457969, 39.10366748010614, 28.59129232502687, 57.96837587582918, 64.19646430027319, 85.71572133147554, 60.431062790758205, 43.34205459673399, 29.4668066704912, 77.08500955000783, 65.41484208555313, 57.81734804945695, 73.78158473268421, 0.0, 78.93395240260092, 72.9058659298821, 9.6228466346115, 17.399998291507405, 51.64972512716621, 58.28143326833495, 86.1642693227729, 74.17314244499808, 29.907821105977074, 35.37651969530184, 31.61432409796683, 34.9507046665862, 41.36636029614143, 50.717965623428775, 66.47072151410981, 36.57797845844658, 18.409949053625073, 93.07417441153027, 34.533424740834164, 39.25256801430441, 71.78400814789926, 89.19184136010263, 27.83447379755445, 24.16450646559711, 7.189772995706606, 31.33896372986332, 75.55869369357221, 19.31665883740645, 20.9265218987354, 56.17504082123847, 33.580958328896195, 61.69671629168049, 37.68440873659319, 80.12999552342792], [42.49793516230355, 78.7817760508705, 96.72189692501586, 64.68672266122158, 109.19398541171674, 70.8575742659727, 97.65216394399019, 14.830754488427031, 64.35435286112444, 65.61556610800403, 36.87770124108212, 77.4851815059917, 48.00155166178762, 58.58956505030429, 43.78326655217928, 78.07068121650437, 24.61547687223161, 76.11700225311077, 9.840663154164485, 41.94421393403229, 43.33758507302827, 68.98024018290708, 27.8956519431155, 25.480873496883756, 25.354007137687397, 6.464267884277555, 78.93395240260092, 0.0, 6.4870597602599975, 88.4268976866716, 71.2762967611281, 71.97921493177509, 28.112124268605154, 15.745733659741683, 34.2981162864835, 90.90906231988097, 49.385759703922616, 90.70915113127097, 53.07133662032073, 39.462652885743736, 74.98283285723655, 23.32795549191225, 45.499402720889904, 65.97024522948828, 14.192670390191775, 108.45930194998455, 82.00024200333435, 71.79908089186696, 11.061206911156654, 57.62364509247986, 74.13516672662847, 86.07644806289808, 48.550613015438245, 8.885081308790454, 89.35161450465377, 91.78507479011532, 52.05482658030187, 73.45309157066734, 63.24437539035085, 45.61516876721312, 19.444176603484493], [36.103174049170555, 72.44987051152295, 90.77483603942986, 58.31154770811807, 103.59698800123037, 64.49114085785413, 91.6750996482088, 17.53303869354225, 57.92085581180958, 59.9663460868875, 34.96576445807402, 71.04482797329287, 47.613425614364864, 52.33633865113813, 37.315101832238526, 73.35988607703646, 18.17277829343254, 74.11332910952652, 13.530531728627745, 40.17563755630761, 36.86568028756831, 64.34355237491833, 29.37626930306733, 24.105632803414764, 18.937712242147406, 6.130591438267906, 72.9058659298821, 6.4870597602599975, 0.0, 82.34914658953876, 65.91401871465325, 65.87529799183352, 21.890493231176784, 17.193089205339792, 30.400376684043128, 85.99593820251144, 42.908071186700774, 85.90017310737045, 48.42237278788765, 33.05223982619342, 68.82646624458228, 17.962657027960354, 39.06207551762308, 60.514058823513885, 20.219015230104766, 103.00925787331302, 77.89352441663583, 70.6722029012437, 17.543952629189675, 52.51792933233323, 67.65775034597675, 80.02070431544595, 42.92549824573534, 10.577592447204854, 83.91498621421623, 86.34771781108793, 46.22823053684678, 69.09809420492452, 57.666083869056756, 40.673802978891246, 17.785736615650467], [55.02881769952799, 14.766672682661456, 9.645162906349087, 45.59549670415776, 26.68415813043032, 44.90793907629124, 10.01607136664691, 97.3721971616817, 42.346758278857685, 25.338760297994476, 69.54972043615437, 39.22064645930499, 79.16318903304338, 51.863802768917466, 47.76077944520269, 33.43205563391172, 67.04485667379578, 70.37252352496242, 95.04530262260486, 69.46600799933579, 51.570528937356066, 36.42604190953631, 86.562453031111, 74.96953637726904, 66.84200790300864, 83.34005631330241, 9.6228466346115, 88.4268976866716, 82.34914658953876, 0.0, 24.881131516691717, 55.25638611333731, 67.05384094929103, 95.27860837269455, 82.18611389349135, 30.7747533206532, 43.57639413900668, 32.79555118351996, 43.976693532708765, 50.411434666323906, 53.77283261391369, 75.26209617220113, 45.31472057578993, 27.15616915302975, 102.54255468447306, 28.87459754228482, 43.452894755260914, 78.6981111601684, 98.74703631141931, 36.88304026901561, 27.553381120153887, 2.474710131894442, 40.96050567121195, 85.16197277469782, 18.907643762085726, 19.462982868105655, 62.66194985097743, 39.49691803156784, 66.80155708245418, 47.17658281778977, 89.00716512879657], [48.58525366865817, 27.975573937168374, 29.26501389243492, 50.05690861364316, 38.24742374659038, 52.442949619496275, 30.57234600134238, 82.65018840286828, 46.55585464820642, 7.995565931112761, 46.321317824277855, 50.41077288243985, 54.59673820126527, 53.39032910977923, 39.03059250815948, 13.555581273869592, 54.225076474025066, 46.89491767954118, 79.35526663493121, 45.514718947372124, 44.5377724871324, 12.086092800910679, 64.16314175252724, 53.46036956743102, 54.378564440521146, 65.41144965408498, 17.399998291507405, 71.2762967611281, 65.91401871465325, 24.881131516691717, 0.0, 62.40698442210856, 56.109273282949, 81.20209991921563, 74.30812105464658, 21.74723286111419, 37.617490286111384, 22.445770649089656, 20.59026953052407, 39.068461704223594, 62.28018302455991, 63.8146782023772, 36.46446269496332, 5.626336454568623, 85.39036960285605, 37.2057655628256, 24.059186603201386, 54.390911202112186, 80.54948231903549, 14.142873293793851, 37.45144508575633, 22.61059350418115, 23.26317299754488, 66.27004557752569, 18.11326386615418, 20.541559554795306, 61.41516257362779, 16.742359769542624, 69.53499687250377, 26.122949689565367, 76.58735983415642], [31.01316038439711, 40.731075488333865, 64.29328326930536, 12.744850987405732, 81.64828539253527, 10.45356293194917, 64.10931794849081, 72.14797961011686, 16.04804971550097, 55.08374221224922, 79.06378157181261, 16.93552501778569, 94.19992632795456, 14.261938437545039, 35.961764072574226, 75.96247934241235, 48.3333499806092, 103.44483136713181, 72.87578945921159, 82.52259638491361, 32.26477521231773, 71.9655802079909, 87.74445848550035, 76.10908369396367, 47.41583659596648, 70.62748802309957, 51.64972512716621, 71.97921493177509, 65.87529799183352, 55.25638611333731, 62.40698442210856, 0.0, 44.00524851987428, 68.94781240814953, 45.483497435228706, 81.05879821048396, 31.896777825850315, 82.53977632679248, 65.18633999863695, 40.923002297274664, 3.448569069664991, 49.22877489317023, 36.576965155542624, 58.64579274025073, 82.62006673877094, 84.12052633047216, 86.33085833055152, 107.12748073326512, 82.65579946437151, 61.13427757262767, 27.812407129312504, 54.557471064898635, 52.47943522403467, 74.67888811934819, 70.96628448157448, 72.51984008732398, 20.79216245017422, 77.96047634999886, 14.897508121571935, 60.36110254065494, 60.3567195182467], [14.76945601097692, 55.06787579354739, 76.25633774551866, 36.71728711649245, 91.07102887791663, 42.853589198651996, 76.92293606259823, 31.59645072808539, 36.66342309046974, 48.73136913904114, 43.32591066123937, 49.78704117841595, 58.570160627028805, 30.47753146324111, 19.306229499845745, 66.67288795155486, 5.306258114831066, 78.39816132727202, 30.705140456359466, 48.128646929076