instance_id,num_cities,city_coordinates,distance_matrix,best_route,total_distance
1131,91,"[[26.338384270074034, 54.36696555139612], [46.48275489335332, 29.95215578009156], [76.7216800357869, 17.826118297780436], [18.987354799558176, 3.453901511431645], [39.764944539332866, 83.79280387421811], [1.5926562111406084, 8.800662872724164], [71.34332381705669, 83.92020446960709], [27.56830929068439, 47.63303249890403], [12.420514451119558, 98.58756270299689], [69.35742619086396, 85.51861671372816], [15.487807534096065, 61.297613100966586], [98.63431229710352, 7.521407257086787], [41.14788280534681, 3.635482720063943], [24.0203156354862, 13.687809591319521], [50.59650800813748, 63.803840979917425], [93.52043332005692, 91.16584667180736], [33.60738341140874, 5.496813058373307], [42.67915774964672, 43.06646449974224], [2.0725867342555993, 32.63582885000109], [80.65663249846259, 45.543368236542236], [2.519556837217074, 37.78374595724379], [38.747681998246975, 73.18126730916586], [30.714073967751897, 16.33742010328748], [10.728000711760732, 42.7553200744661], [48.585481846426546, 40.103983156638265], [98.91363568973259, 58.02278438677829], [49.22041506995466, 82.52340415764414], [64.14402765737246, 48.33375431185768], [56.553127912453604, 27.186378341935523], [58.4026011431525, 95.4776813419196], [23.03727531498263, 6.053849894530394], [2.9554217750537015, 90.84050123429525], [16.413123648543415, 71.18500498581729], [96.4757871236383, 23.52616365322877], [3.8907157968457895, 44.675090831807736], [95.88891372512889, 60.523259756730376], [91.89269750076214, 68.71261075333803], [9.567719024166454, 7.1343780251513556], [17.51190290922836, 29.00761113063878], [58.462068110666365, 94.11703810347511], [18.997012049287974, 9.778333340752399], [25.89117752083213, 56.4151896564047], [4.026442830405541, 0.6805483725686123], [83.12972746592199, 76.95686031109165], [82.85833826776654, 8.998284602746065], [27.379397148752982, 65.83751504009761], [96.28830426506877, 34.874118464338736], [94.109516455612, 57.11045828993231], [63.46501718154619, 17.808945884618076], [41.21976854531928, 4.114810031266936], [33.83169616235547, 57.2415425430961], [10.995652056097349, 75.51305452797405], [57.97599833792094, 86.10713410688294], [27.721182218522678, 22.366499438777776], [52.1702685798736, 79.36544556915275], [87.64751638646845, 74.50855496977755], [56.49591185081545, 95.6355792062677], [87.01806338381934, 81.5228306056184], [30.170494646694213, 27.576577399592907], [51.856984066260594, 20.682115721853854], [6.052212698573134, 94.05459326179535], [57.57226083358622, 25.625280287270236], [10.289409504507008, 33.46417869368937], [99.521613315037, 48.29586958014587], [45.599552911421306, 13.904399216399332], [3.312953629163451, 57.718235128498286], [26.241494197296188, 62.553895515809586], [14.790121259708178, 23.696777445006813], [8.20469117473257, 14.2276865994999], [45.91941115508115, 99.58020608989307], [98.43016820300214, 10.568078661312363], [83.99937501791517, 4.023482687478719], [22.46816399449003, 80.23340408028159], [16.146926505781234, 74.49138981493495], [80.78735050685553, 20.997322454874045], [85.9585852524144, 19.9714220795251], [18.21669394007116, 69.12271548477653], [22.4137638193871, 33.39108639674151], [87.5305884647977, 46.24798148452041], [41.915230552006, 93.32171655402477], [3.028839137758499, 75.74087065769372], [58.37758509867912, 28.973934477121134], [70.14065487439231, 36.753945790293365], [38.798231124372826, 77.45977525401966], [15.761520214481962, 99.24671230253762], [84.51643083730264, 55.787329918624785], [3.0893882775495096, 35.51593486937562], [91.03891817032705, 15.932590944867597], [52.16066753684516, 78.75447422430668], [32.75803316394319, 20.923347455778018], [76.84709317161226, 37.34491255820777]]","[[0.0, 31.652466001514416, 62.23913568027253, 51.441012083880274, 32.344280509309506, 51.852087681896016, 53.84086286626936, 6.845331979660945, 46.359123295652665, 53.11368315154114, 12.87512683276221, 86.14643080937806, 52.84888454009222, 40.745149058739436, 26.029045029440212, 76.60016557598597, 49.40779445804102, 19.867616916206547, 32.57408835844911, 55.030245866936966, 29.023089297731506, 22.53815921362824, 38.28045176483847, 19.4554461660371, 26.42661570017853, 72.667270005029, 36.28184626661245, 38.28402159894483, 40.64129740086812, 52.13640720737292, 48.425762408113606, 43.3253013867791, 19.528370357586212, 76.618603098498, 24.45056758981602, 69.8224613274345, 67.10562956568673, 50.121577561112986, 26.85151075546665, 51.107722815498995, 45.18895737345778, 2.096477011776114, 58.13823286191542, 61.11922780306297, 72.4763575997144, 11.517691321889362, 72.61516642455327, 67.82664012109151, 52.1044688419308, 52.409300056066066, 8.025765757621969, 26.125782491537905, 44.814918541003046, 32.03032877744261, 35.947326050668174, 64.53288545512405, 51.11335385961513, 66.47905282260142, 27.063073869442068, 42.25953198506517, 44.571701227433756, 42.44572436661656, 26.353293711498857, 73.43461867361772, 44.81307724140839, 23.26803524102958, 8.187503278070425, 32.77228733301794, 44.04534640633643, 49.2712262265042, 84.35382506704923, 76.54577794295494, 26.15437338477357, 22.557886942270862, 63.860966205057025, 68.83038410396988, 16.84321851407617, 21.339872351835286, 61.728467958365364, 41.953674043732285, 31.625602188234605, 40.88173696009973, 47.21077604953049, 26.23977217115582, 46.10923683707063, 58.19538243979769, 29.931207333398692, 75.25530040052166, 35.51817692929433, 34.0541845188827, 53.299905844224895], [31.652466001514416, 0.0, 32.579646695323696, 38.185789314932634, 54.25812716218795, 49.623649723788034, 59.41883679915086, 25.891497716473776, 76.6228119258054, 60.09061630286812, 44.082019650396305, 56.77079723712653, 26.85196717456235, 27.732474364210514, 34.10072661333635, 77.19882864629818, 27.637636990791552, 13.654759039467478, 44.491180441358196, 37.56247883768018, 44.65530862087876, 43.91568553815087, 20.832962479749916, 37.977933889758404, 10.367307255135433, 59.472325088722336, 52.64248226686193, 25.49124791429621, 10.443272359813088, 66.60088013512008, 33.478642996089974, 74.84663880590678, 51.03264226767966, 50.40433162331205, 45.06491552122869, 58.0995776995074, 59.7028957198998, 43.39782085424563, 28.986245518881653, 65.27354800171467, 34.09470884908791, 33.530660903528634, 51.56903561447079, 59.602372828447194, 41.97913509287296, 40.65337976525302, 50.04816145357897, 54.82592281142437, 20.87713531571089, 26.367924845233812, 30.07922733243001, 57.750584087927464, 57.31907392621156, 20.23706479115649, 49.73953176008088, 60.66143995600257, 66.44227137325393, 65.59455569159283, 16.484332167140636, 10.715221970834731, 75.78754009241653, 11.90373863661491, 36.36334081711908, 56.121407133585926, 16.072042075244063, 51.32822716178367, 38.374237039467545, 32.30406761928756, 41.38198996010422, 69.63032921157058, 55.44615582085253, 45.604746177500694, 55.721669991710854, 53.888828641665384, 35.45411570027296, 40.71800864161939, 48.30427464927874, 24.313423763526146, 44.16422280871838, 63.53395557723457, 63.125662013452796, 11.93498649061306, 24.616266549900008, 48.125105855837646, 75.79927324082178, 45.97843764828993, 43.748598880511715, 46.709740784266735, 49.13150697381166, 16.428249033507374, 31.251334241227596], [62.23913568027253, 32.579646695323696, 0.0, 59.49632699449978, 75.61351667853741, 75.6692081792452, 66.31255493874747, 57.48483269349092, 103.23299277829581, 68.09189802381445, 75.09565900887195, 24.214675761857464, 38.29972829527672, 52.863592467815245, 52.88171325240673, 75.2390448496113, 44.84255056418333, 42.37886737511089, 76.10397267804936, 27.995174495818176, 76.83919565540437, 67.12836247837251, 46.03168515735414, 70.54523947046397, 35.8880051162014, 45.91573652264637, 70.29977505194331, 32.998684739238584, 22.234769233023723, 79.7831679909521, 54.96000012359235, 103.79094841742805, 80.52510640849897, 20.560040464271196, 77.62226921513485, 46.80201636753943, 53.09985767732436, 67.99976315846695, 60.25631493335779, 78.44563641436622, 58.282966095301816, 63.818934605991494, 74.68981242717771, 59.47695119045383, 10.751242812033764, 68.84587930771357, 25.951629879622054, 42.960402977411405, 13.25667397663454, 38.05766274820826, 58.25054836738815, 87.4510912774298, 70.80746925459638, 49.21040385167795, 66.25602316386502, 57.72583933592337, 80.39523558981348, 64.52353577476295, 47.56137417932534, 25.028180655878522, 103.94688070868203, 20.676730484288726, 68.24804393451328, 38.05578406428471, 31.368243133756177, 83.54772347513808, 67.44496435727582, 62.209184299891014, 68.61141649370776, 87.36424119123197, 22.889683219098195, 15.603768584661335, 82.69288555602608, 82.94729508147795, 5.1561819387301675, 9.482760478728128, 77.80857459833607, 56.494406764645085, 30.407808346418285, 83.13287124678922, 93.72701499851689, 21.4657779879974, 20.039275080731763, 70.6707932551422, 101.71260597156353, 38.75321570889645, 75.72743228122079, 14.441909625716391, 65.69252538061417, 44.07261138994743, 19.519197161654176], [51.441012083880274, 38.185789314932634, 59.49632699449978, 0.0, 82.98221175801311, 18.197895373820206, 95.99986147655703, 45.00475969035966, 95.3600381914427, 96.2899868792144, 57.9494762833669, 79.75075198144988, 22.161271922673365, 11.40454161128713, 68.1267477604306, 115.1024114324265, 14.762070457762919, 46.15687027440984, 33.72972371509329, 74.6633981352897, 38.07527530303812, 72.47327833132897, 17.4212799115443, 40.15991074460258, 47.109209389278355, 96.77795903612743, 84.65237257178815, 63.66573875308108, 44.43442096033142, 100.10962840115006, 4.812648727679351, 88.84503749577792, 67.78000474975485, 80.04594213033268, 43.89868970897086, 95.76409251756772, 97.84624737975224, 10.113132329257933, 25.596269915427854, 98.88406002840757, 6.324439202506242, 53.409370059397276, 15.215793590265873, 97.55474833945917, 64.1111746348435, 62.94554481204079, 83.44259596655161, 92.3166575283288, 46.73681364751199, 22.242235072813575, 55.7984300697291, 72.50095755368554, 91.38747826392459, 20.83185305597448, 82.8472587849422, 98.807801145589, 99.52061874155555, 103.55160549402325, 26.588834288961944, 37.11096728745633, 91.51941458956726, 44.50129223378215, 31.245335474461484, 92.17683491481773, 28.590592694566276, 56.482782818791605, 59.543528865186715, 20.673432115886285, 15.242712356074268, 99.82786230030273, 79.76071788778171, 65.01451526842422, 76.85836354861817, 71.09425277307905, 64.24181728298777, 68.97807038535484, 65.67333588927947, 30.132628787219847, 80.80537211120769, 92.746491400211, 74.027563315839, 46.93466017334805, 61.03730873425021, 76.61161902192762, 95.8471105878049, 83.86207447476663, 35.78713906672089, 73.1241784510983, 82.28392873977778, 22.244395343946334, 67.05482797125983], [32.344280509309506, 54.25812716218795, 75.61351667853741, 82.98221175801311, 0.0, 84.14835000282889, 31.578636270736624, 38.161328295848904, 31.090235535468576, 29.64276303338173, 33.09702387067482, 96.34795484143602, 80.16925004549947, 71.85125999399793, 22.735025946069914, 54.25877195578271, 78.5377472103636, 40.830470943648834, 63.543291782330044, 55.99240547384568, 59.19503624028298, 10.660184395634879, 68.05987847320212, 50.27145495666988, 44.57033693027982, 64.51869162644576, 9.540298663872914, 43.03119670125636, 59.04346291090472, 21.99769545013977, 79.51829904830258, 37.47814035158661, 26.537975275553176, 82.75377689355356, 53.07688537901078, 60.756658899283536, 54.265226926373735, 82.39166634114572, 59.132184178688185, 21.358189114769928, 76.87293976595618, 30.69226566324255, 90.47036818191064, 43.900279300574454, 86.32068521556354, 21.812706876520217, 74.75244462166899, 60.5415564933946, 70.11107586136369, 79.69127440144095, 27.206119064953747, 29.937041256987648, 18.35752175215641, 62.595871169235785, 13.17169564301609, 48.77435765251765, 20.498209549697297, 47.30761058404154, 57.02909422206095, 64.25866773428899, 35.239929194054405, 60.832239099360116, 58.324760420865836, 69.50461716639332, 70.1315318560109, 44.817750686422706, 25.17885893781542, 65.07898424552234, 76.3894962274465, 16.94460173754045, 93.82680240748853, 91.21309907221506, 17.659216973284206, 25.38359862855148, 75.00740148846262, 78.78465089415093, 26.06796112553897, 53.30475210575121, 60.75500331567962, 9.768516099985606, 37.60817821430533, 57.89247645909956, 55.994088511190625, 6.406386370717611, 28.547988808841314, 52.792064719565495, 60.627984528779756, 85.0530944218297, 13.380534903068407, 63.25871763933176, 59.43477395338834], [51.852087681896016, 49.623649723788034, 75.6692081792452, 18.197895373820206, 84.14835000282889, 0.0, 102.50902965688834, 46.71924104363286, 90.43743635904607, 102.3606784461457, 54.30474209085605, 97.05008763950934, 39.89103955687834, 22.953956310481967, 73.66632265040558, 123.42908776477024, 32.18475075720448, 53.499960465553805, 23.83999728337562, 87.18450976988147, 28.997900783587568, 74.33275300190432, 30.080885653642643, 35.16209983537411, 56.46435620801582, 109.06048914715554, 87.76927706479405, 73.99688769495215, 57.954188657470006, 103.63529984463534, 21.619821230667934, 82.05115604532881, 64.12060820006748, 96.01900283274566, 35.94795765062222, 107.55004049078642, 108.36761027058198, 8.147277586099449, 25.724369250432872, 102.53298928789805, 17.43179398928604, 53.45616240127385, 8.47700281961434, 106.27116842335472, 81.26592234434302, 62.595195609138784, 98.21960520609584, 104.37052152187205, 62.5247008379452, 39.90319847828503, 58.18826789152158, 67.3718007123435, 95.68370688922634, 29.440308983693065, 86.81868134172507, 108.27264679333021, 102.73592445921238, 112.18740513261349, 34.19397338667862, 51.64950703088155, 85.37048840699693, 58.45326239681735, 26.151912559059237, 105.59333308651048, 44.30186318717224, 48.94781198996884, 59.135228363889915, 19.9014399745027, 8.554039565652555, 101.02369360985567, 96.85363951521738, 82.54507105225069, 74.42058412588923, 67.28371563763075, 80.12838516752095, 85.1022669748202, 62.57082915979395, 32.22122671663395, 93.74235900193433, 93.64677526146811, 66.95561245850573, 60.2618373100885, 74.02846848751379, 78.09179545644663, 91.5491374323398, 95.31054127604584, 26.75716660511135, 89.7301408474189, 86.31720275848481, 33.44009871562119, 80.4860514147938], [53.84086286626936, 59.41883679915086, 66.31255493874747, 95.99986147655703, 31.578636270736624, 102.50902965688834, 0.0, 56.85957040301556, 60.720909587399596, 2.549256967014914, 60.26292674164247, 81.12690224418684, 85.77529483652746, 84.68799438936254, 28.898069940024353, 23.33074188341145, 87.03004951588957, 49.906537506276564, 86.18887514457647, 39.49074926934952, 82.8570075814851, 34.3191001763747, 78.85536561339174, 73.2718575063083, 49.37388602598785, 37.82589673362838, 22.166960606815337, 36.30737252989848, 58.63000018745869, 17.35043443193676, 91.63320084279658, 68.73714900268958, 56.387163401299546, 65.41468396306017, 78.03866524468499, 33.91021978449366, 25.564578334712905, 98.55094362960428, 76.89743028324602, 16.428699422966975, 90.75876492205113, 53.126485323310085, 107.05327091184178, 13.689684906670292, 75.8016466466026, 47.53746422665053, 55.02518152616932, 35.17189243521588, 66.57902242549383, 85.30140423034354, 46.031219965301936, 60.930465754904496, 13.545037899671863, 75.44368655271886, 19.7066454722599, 18.82566975297568, 18.91284344871678, 15.857013020413735, 69.783996541447, 66.17230013647833, 66.0729523124054, 59.89941870435065, 79.20474095648714, 45.42146227664265, 74.59862415418232, 72.90181386806641, 49.90685517400423, 82.61432007878442, 94.04006581780749, 29.859855756368272, 78.19355152046951, 80.89290317159829, 49.014015799484994, 55.995935762663485, 63.62765688879049, 65.59765724473637, 55.148930019923256, 70.33700032548401, 41.00273065801959, 30.89338283014622, 68.80240052937671, 56.45531831989257, 47.181589316062535, 33.18011760113276, 57.65621158269133, 31.06427818360119, 83.67540279056381, 70.78299251739725, 19.866028061289708, 73.87441132358397, 46.89935280726381], [6.845331979660945, 25.891497716473776, 57.48483269349092, 45.00475969035966, 38.161328295848904, 46.71924104363286, 56.85957040301556, 0.0, 53.15844088027186, 56.406097033879284, 18.238949687994587, 81.60465221326761, 46.0455123044758, 34.13013942577626, 28.138816305952226, 79.02397467729823, 42.56678758111965, 15.785793753900776, 29.579519704705476, 53.12943400548243, 26.915579965046533, 27.887105910346268, 31.453317640912758, 17.53248617649208, 22.325056018655673, 72.09786781367609, 41.06277778185159, 36.582430005378704, 35.47090887969375, 56.91980302983008, 41.825335562752045, 49.7260453522789, 26.060191379476613, 73.0026138356814, 23.86163977109311, 69.52598758051731, 67.69029131260699, 44.31887029389927, 21.166899405780274, 55.8138612808056, 38.81295382671275, 8.94086434929465, 52.523854029073135, 62.82482047091301, 67.45095291607277, 18.20546270738514, 69.89440318523967, 67.21275065484423, 46.669580882822274, 45.60918796167841, 11.469676559239218, 32.43375704657941, 49.03961712467293, 25.266995527971243, 40.1522407858866, 65.81644804561043, 56.04507721708957, 68.43092632317698, 20.22455833331633, 36.28073369540914, 51.16545432441573, 37.209921601603426, 22.34539764636796, 71.95635700212446, 38.24586839929314, 26.268490446671095, 14.979739365599881, 27.133492133527593, 38.61174486084841, 55.09330071551182, 79.97008097715063, 71.31800623872086, 32.99690454097449, 29.185944261491244, 59.512413810214106, 64.61105956320851, 23.436279237522392, 15.146034721753864, 59.97827348354359, 47.888307553798626, 37.31268097238598, 36.01907015456662, 43.94040436901013, 31.870766036770988, 52.94688103337105, 57.52895891720682, 27.31376262858743, 70.94671371017444, 39.665201615208574, 27.209198977251457, 50.34127484179705], [46.359123295652665, 76.6228119258054, 103.23299277829581, 95.3600381914427, 31.090235535468576, 90.43743635904607, 60.720909587399596, 53.15844088027186, 0.0, 58.41754246568292, 37.41588737660562, 125.40280541808804, 99.20261682861371, 85.68852587097415, 51.646043226699405, 81.43880346245172, 95.47131027559247, 63.23114612248421, 66.75860099080742, 86.42831927537404, 61.604651549403464, 36.58687738374401, 84.25995654794217, 55.85789039776788, 68.76215487649347, 95.53303753907007, 40.153329567127685, 72.11634402970489, 83.93936322780748, 46.08713116080897, 93.14077311983303, 12.231309854891144, 27.691895883935302, 112.69206933657757, 54.5830751089036, 91.73802284849285, 84.9019471665422, 91.49766898379524, 69.76597951181553, 46.25808311614153, 89.05239772501616, 44.27152371354135, 98.26618896381585, 73.94376303069706, 113.96370375935086, 36.004635722136264, 105.32430462637465, 91.61573685225825, 95.5548334417836, 98.76486234362977, 46.561057605411904, 23.1184592990957, 47.23413183391137, 77.74162925522297, 44.15351334156347, 78.9867104872549, 44.17414246486378, 76.52450188221965, 73.19577741033665, 87.31834747083587, 7.816845857911802, 85.80311682391758, 65.15824393825548, 100.57761093039018, 90.95101303035604, 41.87182346778442, 38.593323931752806, 74.92826404625757, 84.46515176151102, 33.51360054181343, 123.0653895678354, 118.59974076372212, 20.924397245660085, 24.382610497083764, 103.41310194570755, 107.64917753381, 30.02953409996917, 65.95790745383377, 91.54755584102563, 29.961098336618676, 24.70171861641442, 83.41528383500967, 84.5872968653645, 33.795966318239564, 3.4054071277008124, 83.84319343846549, 63.75813793744226, 114.07321227919134, 44.414312624203255, 80.28290600969049, 88.89007954988499], [53.11368315154114, 60.09061630286812, 68.09189802381445, 96.2899868792144, 29.64276303338173, 102.3606784461457, 2.549256967014914, 56.406097033879284, 58.41754246568292, 0.0, 59.06431096893458, 83.3108680971511, 86.6061543462342, 84.9418533195928, 28.696751318374925, 24.814151601956034, 87.64447854251313, 50.13895924948062, 85.57943019757448, 41.54145584827803, 82.13354166157355, 33.002524598395546, 79.24232855924888, 72.56796174254339, 49.93958963561036, 40.36818444385075, 20.358548944847424, 37.54854878840263, 59.72101881135435, 14.805105879204657, 91.97937563820426, 66.61492809639245, 54.850265239643775, 67.66439045863372, 77.16270975206452, 36.45116870813051, 28.111924326722793, 98.5844711801368, 76.69062547898915, 13.879541710423469, 90.95472411001924, 52.30988663652399, 107.07770648787616, 16.2166567179876, 77.70222553623063, 46.362707916472004, 57.35971928784253, 37.678766401060926, 67.96557958054599, 86.12959723680007, 45.40562099244869, 59.213241380712354, 11.396633392971488, 75.6423606746472, 18.255407469554314, 21.348275316028516, 16.363724551419377, 18.107026610765274, 69.94923533340621, 67.15681153409467, 63.87811010771744, 61.041804288464895, 78.7317922623498, 47.91044864153054, 75.4521881095358, 71.6570552858377, 48.85040441359817, 82.45926617438064, 93.92578834646511, 27.332560154538303, 80.39158838119181, 82.80002134909354, 47.18618846549322, 54.341117119669676, 65.52587719906492, 67.6168115678416, 53.70474906613769, 70.14974592823252, 43.27177623278506, 28.530027490330113, 67.04540087431566, 57.600850685111354, 48.770960390806216, 31.60394482947616, 55.326139806827925, 33.372815829106145, 83.01639019198574, 72.88554093069523, 18.479235152510174, 74.24327835195653, 48.75244489813936], [12.87512683276221, 44.082019650396305, 75.09565900887195, 57.9494762833669, 33.09702387067482, 54.30474209085605, 60.26292674164247, 18.238949687994587, 37.41588737660562, 59.06431096893458, 0.0, 99.02131876150789, 63.113871240722276, 48.36834796359589, 35.19804010392036, 83.5535879761851, 58.66897233945018, 32.73750610331598, 31.645948011670722, 67.04604371985332, 26.852885770243557, 26.119781726272368, 47.46849633069524, 19.143468642504644, 39.301730179500126, 83.49007909063847, 39.85502499246484, 50.35364327820464, 53.38480003299512, 54.86307114502538, 55.75722228539938, 32.09116595064472, 9.930595561005765, 89.36294104033911, 20.268221020871085, 80.4048350526476, 76.7638547820719, 54.485809912705, 32.353379874928144, 54.07311466522199, 51.63865512714926, 11.492091444681785, 61.69109674140826, 69.43083864718443, 85.2877961533842, 12.728731797800672, 85.01130125332651, 78.73312758395379, 64.75397147518974, 62.70571572345829, 18.78696245741734, 14.908327733290339, 49.20120618770676, 40.80792897400987, 40.89070210296503, 73.35906601586646, 53.48607796333311, 74.3346280345664, 36.77892806512683, 54.5191308531277, 34.08885740468689, 55.16898166441071, 28.314720782275757, 85.03367479187352, 56.15010179845809, 12.690114825179647, 10.826819586385096, 37.607307909021685, 47.63005106818072, 48.9043906505393, 97.22613258684602, 89.29815728060191, 20.181416113010286, 13.210230194697179, 76.73424097891888, 81.69445866498721, 8.28728232497384, 28.753140752957577, 73.59791910115261, 41.520499627770974, 19.074422202281614, 53.706174871396826, 59.91097835504554, 28.365319201794865, 37.9500862824063, 69.24820615644562, 28.60796624191234, 88.12465916865362, 40.61576862575442, 43.9128912700369, 65.86876192276108], [86.14643080937806, 56.77079723712653, 24.214675761857464, 79.75075198144988, 96.34795484143602, 97.05008763950934, 81.12690224418684, 81.60465221326761, 125.40280541808804, 83.3108680971511, 99.02131876150789, 0.0, 57.61761870485582, 74.8683712629537, 73.99556058757733, 83.80062054182379, 65.05843882214414, 66.2905001852711, 99.77425026338909, 42.057894474946025, 100.76634041542242, 88.86858674813351, 68.49000552796225, 94.70453119551387, 59.720261902729824, 50.50214959338857, 89.81666203019596, 53.43432797976161, 46.449296732919876, 96.72071511967422, 75.6112804090008, 126.87206750389656, 103.98739124791874, 16.149658145741995, 101.7680955947105, 53.072908170864125, 61.56145511098547, 89.06743416576663, 83.91961786012766, 95.4600046336616, 79.66927454237207, 87.64796412005606, 94.85486975008534, 71.1454446300128, 15.84495261174474, 92.07622581186943, 27.45313395723151, 49.79505758351261, 36.643045314740334, 57.51551737474427, 81.67907266103464, 110.92068728351472, 88.48059085762387, 72.45031938800982, 85.55976390536766, 67.88215997641647, 97.67165448819607, 74.90759571915237, 71.3407609765509, 48.59344280569762, 126.72583574866528, 44.87585418780959, 92.07523684055953, 40.784115545528145, 53.417490482517586, 107.73060357509462, 90.93566339109346, 85.39022761084256, 90.67794968433083, 106.08337874027337, 3.0535031449930283, 15.047154729730291, 105.30107610690406, 106.25039942741356, 22.363236249714067, 17.767299321798937, 101.30012101463721, 80.49106974710055, 40.28697350679302, 102.85303743427939, 117.44914509986434, 45.61595125451926, 40.82192820553964, 92.04201175650184, 123.61808627078172, 50.288307460905436, 99.56166974361946, 11.333050029478404, 85.05262774811324, 67.22571050959112, 36.934054552244376], [52.84888454009222, 26.85196717456235, 38.29972829527672, 22.161271922673365, 80.16925004549947, 39.89103955687834, 85.77529483652746, 46.0455123044758, 99.20261682861371, 86.6061543462342, 63.113871240722276, 57.61761870485582, 0.0, 19.859577857664902, 60.90572923714886, 102.00219929462563, 7.766832155923756, 39.46070358045283, 48.66106080532561, 57.59524434166008, 51.55823357346347, 69.58719076114632, 16.43787030447696, 49.555331713374265, 37.219207455133855, 79.3401587399856, 79.29987342931234, 50.26686942061442, 28.141895128123974, 93.44899546069713, 18.27136019732992, 95.20178219769775, 71.93570927485581, 58.7946952049161, 55.42874639990376, 78.948081942084, 82.52314106680129, 31.773401026678563, 34.67570396880811, 92.1232483002431, 22.986859050329496, 54.94055442407325, 37.238863339408944, 84.48964251877696, 42.053795772978674, 63.70764492600824, 63.37443050567988, 75.2629234823025, 26.43750262113108, 0.48468776637798594, 54.103015043023134, 77.94576542800294, 84.17100899268503, 23.046198731351783, 76.5279051149766, 84.76560796273273, 93.27153772213339, 90.39088685784127, 26.33778778181448, 20.13138213124519, 96.99134812652791, 27.446518734827286, 42.91848643586608, 73.49858888516236, 11.19231936383279, 66.00322699564636, 60.77482856992775, 33.12381529561121, 34.604171104577986, 96.06329905486982, 57.70026955624255, 42.85324875454043, 78.84271337009378, 75.13725697767904, 43.27494516040643, 47.69551308619733, 69.38600059057006, 35.161956207577575, 62.98555735438135, 89.68951645473513, 81.56131717773806, 30.641471546934152, 44.0160587556607, 73.86167498209727, 98.924085175792, 67.82806295790922, 49.64687537969463, 51.38418317422436, 75.92196198832598, 19.216134994470316, 49.09948350835898], [40.745149058739436, 27.732474364210514, 52.863592467815245, 11.40454161128713, 71.85125999399793, 22.953956310481967, 84.68799438936254, 34.13013942577626, 85.68852587097415, 84.9418533195928, 48.36834796359589, 74.8683712629537, 19.859577857664902, 0.0, 56.72663045846367, 104.08223954169428, 12.609690430096583, 34.80312849830257, 28.995348553678063, 64.98037399401981, 32.29391240237111, 61.28920648212169, 7.1990858083445275, 31.96256875971221, 36.07300398919073, 87.03217438891062, 73.30337025544267, 53.01182652950044, 35.22208444944035, 88.72274047678131, 7.696993499018724, 79.976668979818, 57.998248664586946, 73.12037034382354, 36.95148695710235, 85.78260186988545, 87.37499048918696, 15.868995371540704, 16.644991902054013, 87.49340039467046, 6.365342368864405, 42.76831924941964, 23.852542718933872, 86.5846137943755, 59.024609714043756, 52.257776521844924, 75.30950713043109, 82.45012123464137, 39.65940297591089, 19.68409258701891, 44.64516594075666, 63.18229793884981, 79.98466697485782, 9.434832851397585, 71.45608244514948, 88.02035982542345, 88.14817805494185, 92.57594880622604, 15.189554736793133, 28.701923760830073, 82.35091159597788, 35.612304519547585, 24.07576702933742, 83.0551850728559, 21.58032419767598, 48.65668725104436, 48.91654104475388, 13.615282799515764, 15.824836310924367, 88.64013854256159, 74.47522326381507, 60.752668903557165, 66.56369371215833, 61.31121940067245, 57.235698880940824, 62.25618868065426, 55.73787595701802, 19.76866524601222, 71.37029878435686, 81.61977161211786, 65.50743830483543, 37.6043558512943, 51.56677545340017, 65.46182391807672, 85.95657935814852, 73.70311775156215, 30.24187119240035, 67.05618635926304, 70.89111546303907, 11.344633788497413, 57.88200882517214], [26.029045029440212, 34.10072661333635, 52.88171325240673, 68.1267477604306, 22.735025946069914, 73.66632265040558, 28.898069940024353, 28.138816305952226, 51.646043226699405, 28.696751318374925, 35.19804010392036, 73.99556058757733, 60.90572923714886, 56.72663045846367, 0.0, 50.903268261146614, 60.73170390831216, 22.19736962786687, 57.67162140883936, 35.17180616893866, 54.66661301818533, 15.110618861355066, 51.46233860025848, 45.083678935380455, 23.785026530713232, 48.661745167355456, 18.770073983322984, 20.56353253124783, 37.098785569456254, 32.6215764994601, 63.988848848824716, 54.77822646981899, 34.971207419214615, 61.05079477771669, 50.47118096808477, 45.41105844168889, 41.586912452106986, 69.9627726514096, 48.01425524023666, 31.31703938079333, 62.588206720777876, 25.786537628526737, 78.44310702828629, 35.091484519960275, 63.59618464587656, 23.306009243111507, 54.080209781520836, 44.024802963608835, 47.761165220016316, 60.4210531068644, 18.00340737189436, 41.2956834796111, 23.492419241847244, 47.332164581583136, 15.64098013964794, 38.56641185611982, 32.37379378772117, 40.5029911159603, 41.5889005428151, 43.14014359184517, 53.845169312067526, 38.81061226061631, 50.449552004192654, 51.3240986888941, 50.149016426539525, 47.67356828776529, 24.387067502869503, 53.76498746741647, 65.2292972335893, 36.080791779770465, 71.56888595808091, 68.47950614632994, 32.57505611075664, 36.06934107782355, 52.38210571385311, 56.31835805214564, 32.813759081839216, 41.46326942421486, 40.8941866504418, 30.76799565585675, 49.042591686106206, 35.68847920103185, 33.37170218162966, 18.046713781865535, 49.69580970440004, 34.85434857133823, 55.29133799443859, 62.66773587457132, 15.032233015739351, 46.44295328293319, 37.27154564342613], [76.60016557598597, 77.19882864629818, 75.2390448496113, 115.1024114324265, 54.25877195578271, 123.42908776477024, 23.33074188341145, 79.02397467729823, 81.43880346245172, 24.814151601956034, 83.5535879761851, 83.80062054182379, 102.00219929462563, 104.08223954169428, 50.903268261146614, 0.0, 104.54069480166976, 69.98846952863568, 108.57472832754966, 47.40134924402345, 105.502645451879, 57.649799498454314, 97.69305091873855, 95.90706951331144, 68.01811354028627, 33.578999529908444, 45.1351684340494, 51.93805296302374, 73.89150179061251, 35.38154964141064, 110.50759049849687, 90.56559592803592, 79.65407233317879, 67.70421578423408, 100.9696817954037, 30.733984972295033, 22.51215953896597, 118.78276794451855, 98.18830348267173, 35.182360665841564, 110.35247004083391, 76.03502089799893, 127.26650597099, 17.602899236948417, 82.85643322806693, 70.82486180049774, 56.3597353981702, 34.06048292054805, 79.27523530309188, 101.55413588856041, 68.6556898887373, 83.99612743789098, 35.90261036489988, 95.19922071747085, 43.00099522364375, 17.662290909033892, 37.29334657758587, 11.63050186537386, 89.75973427151517, 81.87673254563286, 87.51590984243796, 74.7518357441673, 101.27628455290805, 43.28797866812136, 90.91612641354412, 96.20879434924368, 73.11018669403975, 103.68479801518977, 114.88366434406365, 48.338998288827234, 80.74717149779539, 87.66094998327362, 71.88840850463934, 79.14983934418606, 71.31446689634721, 71.59488556610921, 78.46370369245558, 91.61921944831671, 45.31548139845102, 51.65021517555085, 91.79683274868349, 71.43426155243965, 59.222200209955616, 56.41255008289229, 78.1776755647178, 36.50632148497936, 106.18232711284132, 75.27417010312006, 43.18185257342155, 92.87668151288338, 56.34441605488662], [49.40779445804102, 27.637636990791552, 44.84255056418333, 14.762070457762919, 78.5377472103636, 32.18475075720448, 87.03004951588957, 42.56678758111965, 95.47131027559247, 87.64447854251313, 58.66897233945018, 65.05843882214414, 7.766832155923756, 12.609690430096583, 60.73170390831216, 104.54069480166976, 0.0, 38.649395843529916, 41.604922540579395, 61.78477499589819, 44.82074293363713, 67.8793637034812, 11.220071329496829, 43.72256279983126, 37.70941069467047, 83.80861680419562, 78.59301809922447, 52.606940395341574, 31.57442688153085, 93.33466386839078, 10.584775633284284, 90.68124317423963, 67.90126013182382, 65.40255093034288, 49.17334423655565, 83.10775447854414, 85.984969132432, 24.09537471946979, 28.49249231974821, 92.03966339868916, 15.22479449015658, 51.499717559659686, 29.97045964246413, 86.94251499706183, 49.37526564221246, 60.661257228441094, 69.22372362115577, 79.52657717384614, 32.29654639559385, 7.736817161721828, 51.74521567891449, 73.57692888680671, 84.21314180684881, 17.86711177152976, 76.16531740096798, 87.65247568442322, 92.99936503431798, 92.91208790684493, 22.345652770613203, 23.741131839975083, 92.74571616830139, 31.29649409829749, 36.41292967755283, 78.59036164150312, 14.645806031818884, 60.372422502807744, 57.53057432765001, 26.178771143056935, 26.861216012355662, 94.8855672454161, 65.02085175505458, 50.41352517382627, 75.5621614751341, 71.16965067478097, 49.661001668094144, 54.31539966264561, 65.46089505939653, 30.05640704819007, 67.58971646135262, 88.21697114576097, 76.61119368546761, 34.12825986977186, 48.08001945100395, 72.14993297260374, 95.43331934672705, 71.56023473887682, 42.80765937649535, 58.371967971459426, 75.57055823097957, 15.449898360739482, 53.70264371423436], [19.867616916206547, 13.654759039467478, 42.37886737511089, 46.15687027440984, 40.830470943648834, 53.499960465553805, 49.906537506276564, 15.785793753900776, 63.23114612248421, 50.13895924948062, 32.73750610331598, 66.2905001852711, 39.46070358045283, 34.80312849830257, 22.19736962786687, 69.98846952863568, 38.649395843529916, 0.0, 41.92483476038579, 38.058161285305424, 40.505563329558534, 30.370344908056495, 29.284894472328425, 31.952671983936362, 6.607644061573017, 58.1894149631817, 39.99547642543833, 22.101696362958325, 21.08706201579111, 54.71893934486045, 41.90151769913719, 62.13158444538169, 38.478004969948266, 57.235484528174204, 38.821783933791885, 56.00015921061978, 55.495020609919976, 48.86186870033433, 28.8278003714559, 53.43464535986113, 40.85270738924326, 21.448187416916674, 57.36373642439906, 52.7712755068624, 52.67833927338402, 27.433618375199416, 54.2314956798702, 53.313371289041136, 32.71076579531619, 38.97898411556155, 16.709590481928842, 45.35003569450996, 45.678141076603794, 25.538785905262902, 37.51929119092034, 54.87037754212837, 54.35452616774426, 58.692679670511254, 19.90987832706514, 24.192799881536725, 62.77995204227278, 22.934677372970192, 33.783127209964675, 57.08249672358699, 29.30792997621753, 42.004433211427006, 25.494249364636268, 33.95560532423931, 44.946234062537194, 56.60655642811858, 64.53154460164117, 56.848173091926625, 42.30680401961894, 41.127669832405914, 44.03727268822572, 49.055986682146674, 35.7398985872917, 22.45660554457484, 44.96412889760482, 50.26105792562234, 51.37863937278826, 21.095971740389814, 28.17768118191333, 34.611579220125954, 62.2959023825645, 43.72845568295798, 40.303354011209095, 55.451902781036516, 36.92604860996293, 24.26409580981228, 34.64367139347797], [32.57408835844911, 44.491180441358196, 76.10397267804936, 33.72972371509329, 63.543291782330044, 23.83999728337562, 86.18887514457647, 29.579519704705476, 66.75860099080742, 85.57943019757448, 31.645948011670722, 99.77425026338909, 48.66106080532561, 28.995348553678063, 57.67162140883936, 108.57472832754966, 41.604922540579395, 41.92483476038579, 0.0, 79.6370317232259, 5.16728485918702, 54.67170376409318, 32.95410321373474, 13.316166631730603, 47.10862702800368, 100.11336711060814, 68.64173575054978, 64.0256873612302, 54.75240522487742, 84.39294370930888, 33.8543907414674, 58.21136731835352, 41.13015900455811, 94.84171151848342, 12.175771940817961, 97.87344896669403, 96.79455816629593, 26.58008657276145, 15.859900622950644, 83.42489257511835, 28.441189728972887, 33.65684577347545, 32.01495750482639, 92.38297404483225, 84.1728646825989, 41.74669590783155, 94.24230138448249, 95.23551815764876, 63.15747758337549, 48.43501169822366, 40.17564160050945, 43.79586255090403, 77.35872229298688, 27.628057783198983, 68.50864766599602, 95.27010957106636, 83.25182797809721, 98.00853505626594, 28.54975401460296, 51.199389403204655, 61.547559209828584, 55.94069731673281, 8.258470796779536, 98.6992890410647, 47.38631913017407, 25.113056658909105, 38.46071763470854, 15.544848806830142, 19.40263914996113, 80.0255812589179, 98.85225897720547, 86.77940418901014, 51.78328629568042, 44.15852152975282, 79.57052762729191, 84.83659556015091, 39.89893599799149, 20.355193420122227, 86.53531509807304, 72.59623428810545, 43.11564736730894, 56.42395157391819, 68.19252735794602, 57.94790010949213, 68.00291680621844, 85.63281749550232, 3.054324157859195, 90.52075058078344, 68.08630765174227, 32.844768883328264, 74.92264198706016], [55.030245866936966, 37.56247883768018, 27.995174495818176, 74.6633981352897, 55.99240547384568, 87.18450976988147, 39.49074926934952, 53.12943400548243, 86.42831927537404, 41.54145584827803, 67.04604371985332, 42.057894474946025, 57.59524434166008, 64.98037399401981, 35.17180616893866, 47.40134924402345, 61.78477499589819, 38.058161285305424, 79.6370317232259, 0.0, 78.52142593463641, 50.20172902578209, 57.855393516558415, 69.98418932954918, 32.52915022242471, 22.114565177204266, 48.536159952538604, 16.74671230681734, 30.297821890664828, 54.66879856800391, 69.85279078978543, 89.94058264042832, 69.17168470213383, 27.110937842846706, 76.77082696370503, 21.36397765690779, 25.75000884539651, 80.801510802798, 65.27394685449126, 53.404120559239765, 71.28145982675535, 55.834143316542864, 88.79672614860158, 31.510691567083253, 36.61134586567042, 57.01154445366835, 18.925698214876444, 17.741974497438655, 32.630504445989565, 57.197829271980396, 48.264085456859135, 75.83425540346806, 46.473974087742334, 57.786928830045795, 44.2199711035113, 29.79688742178906, 55.614476730875815, 36.53750833427121, 53.58783153073509, 38.046046133830174, 88.98965337121435, 30.489644844062735, 71.39644873446603, 19.064725669577847, 47.22312134780704, 78.29605382695937, 57.011975186391886, 69.39503463489129, 78.93006852885539, 64.2390410252862, 39.23225015611169, 41.654229359798386, 67.74434628570658, 70.70707263467551, 24.546393843362594, 26.11580236681463, 66.74377531896522, 59.49714031684198, 6.909974707358957, 61.51151756153962, 83.29443831689859, 27.765123593271507, 13.705463594077004, 52.63822567773045, 84.2343443152562, 10.946999322210994, 78.21270226734107, 31.378176932214476, 43.760685323978315, 53.85555905804046, 9.040313345920811], [29.023089297731506, 44.65530862087876, 76.83919565540437, 38.07527530303812, 59.19503624028298, 28.997900783587568, 82.8570075814851, 26.915579965046533, 61.604651549403464, 82.13354166157355, 26.852885770243557, 100.76634041542242, 51.55823357346347, 32.29391240237111, 54.66661301818533, 105.502645451879, 44.82074293363713, 40.505563329558534, 5.16728485918702, 78.52142593463641, 0.0, 50.65038568997305, 35.42422460489568, 9.596619198684925, 46.12432056535429, 98.49587359060862, 64.67307921819483, 62.52102110607764, 55.062973071898526, 80.32126008143977, 37.785752284206765, 53.058545577248566, 36.17561752665255, 95.03184657150875, 7.026429468282515, 96.09850307626694, 94.57353197190474, 31.449329799700326, 17.372132374515846, 79.39146283834711, 32.49322492590937, 29.889184460165286, 37.13378483812165, 89.62439677324785, 85.34004093704714, 37.48367137927062, 93.81387917752743, 93.60685077754569, 64.1353395135908, 51.29623409802581, 36.86537558595171, 38.66968987960603, 73.55655474654638, 29.54341571434859, 64.76288226420594, 92.7118174453832, 79.12194076757012, 95.1478067770554, 29.47474599903906, 52.21731017861, 56.38162744908071, 56.379326927161564, 8.889840933096806, 97.56999387101213, 49.25555057577705, 19.950271601868824, 34.29709348136128, 18.681794161997946, 24.232389170305744, 75.51390494298343, 99.69723125002766, 88.19703026068093, 46.903309075991544, 39.1555401146095, 80.0476829140857, 85.31910890765828, 35.05040833247773, 20.37338777581909, 85.43136883748689, 68.09174168319548, 37.9605411