instance_id,num_cities,city_coordinates,distance_matrix,best_route,total_distance
1765,64,"[[34.72742857520782, 35.16507087899685], [49.71144676173509, 58.19609395936672], [29.542807975896533, 64.21883360257824], [94.32099809991585, 3.049549476748048], [2.300875528477231, 76.00622685863793], [82.45383088856165, 56.894787966742065], [3.853223516462878, 97.64469393994064], [28.892869197832894, 73.51762582886042], [98.29245811508514, 63.36732390977451], [2.256619340171784, 40.66372309443512], [23.65004488020819, 12.948257471823133], [85.44397596859993, 17.81926648954815], [39.93343783740835, 77.50641986982188], [0.36019755532055164, 2.2740706876538286], [81.52818299862538, 25.189206824187437], [45.63660042947689, 25.733432822370407], [41.87592403384121, 89.05669129453561], [44.60749945222749, 81.41811654245254], [10.306046517310962, 47.95038419648742], [5.482017838463982, 46.974626858529945], [98.25310525306917, 85.23843051872632], [32.255219022471984, 52.34650133309622], [82.26256459726251, 6.181299393191986], [45.18694963754473, 13.523521162063313], [19.711795608847137, 44.61163382107502], [72.63208014965959, 67.69889421922315], [42.81823727816864, 48.16006363504892], [67.9948374488578, 92.77140507294797], [97.81987897538721, 82.92569805058153], [20.671498288935076, 32.225626792222386], [57.83708428431744, 68.11893537585064], [42.94854872484659, 98.71503004350829], [87.1918158257801, 46.86960465167343], [97.84432711540448, 14.252581495890404], [29.089803376908087, 31.352459608423665], [22.677164452235075, 24.268230989060037], [9.598121322782449, 21.005474332022978], [9.417386372399362, 24.74216248978751], [51.29577230847996, 21.523475609246823], [3.652123964686438, 69.19301555754139], [82.26700909254104, 52.47371453932301], [26.876196203497436, 52.67042644678415], [55.54435681837694, 46.72109432908537], [42.90532184033176, 80.00099950678904], [99.97722130873348, 31.784781186557588], [14.172392658468148, 75.26031742497096], [70.0403360823914, 67.64993825853897], [17.35167363108988, 35.00466581731755], [69.69558135854591, 42.236364125630374], [17.611240679096497, 26.783691533212473], [22.836040707313632, 59.4751684873156], [73.19657521941139, 80.3226514287337], [14.163908376893996, 97.95542080133023], [82.42263484964207, 51.45088475802555], [17.665016194521634, 34.34307879663487], [0.17512929562392143, 7.930978980988668], [66.24378178918559, 39.30238732439607], [41.27956028525832, 90.1868620494815], [61.931713451814865, 11.036621300177906], [90.11109652240204, 11.443097609376496], [82.16145334269405, 41.447714797171045], [88.43869853360627, 30.0584604807004], [28.37052821671554, 13.972180645582089], [5.806996088424643, 25.230583745251288]]","[[0.0, 27.47633209041392, 29.512733169887376, 67.6963827957928, 52.14864681126256, 52.44034784867043, 69.69160520354694, 38.793821084167746, 69.54049220718447, 32.93309321282236, 24.825294106926858, 53.600793925306796, 42.66019651620182, 47.57020560772497, 47.85215228431295, 14.42102031678691, 54.36366192903691, 47.296511855322365, 27.565705836132118, 31.53981074126123, 80.88790356406739, 17.35838046943584, 55.67448397764093, 24.03660240142054, 17.739977023635124, 49.95209977682262, 15.307874516004903, 66.52225366320498, 79.13112412522781, 14.359996788016097, 40.24938971302029, 64.0795140924607, 53.75414440221086, 66.49116552995608, 6.805793309894575, 16.24653763176395, 28.843998636802645, 27.372162055595744, 21.461666654002542, 46.08226964552395, 50.59249807159316, 19.185393488517633, 23.809371672941058, 45.575634215798196, 65.33729264495788, 45.057056019239724, 47.981955413231574, 17.376495321607614, 35.67597086637952, 19.058106092498505, 27.06263015951491, 59.321853685123585, 66.07182762959968, 50.39901224491603, 17.08220088958267, 43.99496729189703, 31.7867567908017, 55.41053991393941, 36.3628271002847, 60.25016756067697, 47.84828440231758, 53.953479872052235, 22.125749221514873, 30.57916692510016], [27.47633209041392, 0.0, 21.0486907736216, 70.93062412644643, 50.64546473825194, 32.7682333303934, 60.49106280799306, 25.848839637634082, 48.85546318800305, 50.589966137129004, 52.21650481250095, 53.91754668052826, 21.644817977802663, 74.58430454885016, 45.844948501686765, 32.71740730447584, 31.839784614578893, 23.77630356021679, 40.71560065832778, 45.63073204293191, 55.56600197673918, 18.410258574456172, 61.36052579715849, 44.901111729635154, 32.93200003862213, 24.8124696006336, 12.175312794953438, 39.11182063799767, 54.09227827115243, 38.95874448930049, 12.825317420051904, 41.07944706599761, 39.154404927342625, 65.17519818741138, 33.850153338768045, 43.38147422254865, 54.70119803109518, 52.371526934305976, 36.70682530663227, 47.35391748481983, 33.05465572203001, 23.49429014712093, 12.872391240318592, 22.842443879273432, 56.78208813695409, 39.42349666175, 22.419610010981145, 39.812024017056174, 25.574960644139903, 44.91282953378165, 26.905826176463737, 32.26663608309297, 53.333212505415716, 33.39939630131486, 39.94921832092273, 70.57215124886669, 25.10558208582706, 33.08331834244712, 48.71704813994225, 61.78975941437834, 36.517271689776464, 47.86989082483543, 49.10386250724374, 54.90287472074754], [29.512733169887376, 21.0486907736216, 0.0, 89.09486649751564, 29.682747905858683, 53.41552199632972, 42.15735865766772, 9.32147827776242, 68.754923191127, 36.04690446231395, 51.608106278776226, 72.64888444584012, 16.867872946177382, 68.47465519113847, 65.00608419766753, 41.71494011444991, 27.73129867901355, 22.863951166036234, 25.19355944468864, 29.602099389554322, 71.8535204874109, 12.178236621225944, 78.40744936115281, 53.05425404028545, 21.933788715879853, 43.22957550520423, 20.83557333095604, 47.89371470412431, 70.79339800959875, 33.20038279255492, 28.56180781496772, 37.0094778930924, 60.203021944640376, 84.62696890680688, 32.86949577785374, 40.536251802272524, 47.593959124420316, 44.31072282039593, 47.91748168918496, 26.36418033410883, 54.01656417431989, 11.852279366463385, 31.340890572717125, 20.679302149861286, 77.54337068806136, 18.925222113106024, 40.64261632691106, 31.65582657266254, 45.7763495117658, 39.290611600122325, 8.214808939999438, 46.52939224972719, 37.076513707402384, 54.39941734885048, 32.150313572756104, 63.48844878376649, 44.359787803564465, 28.49719032098579, 62.268683166625216, 80.33552070583025, 57.33450699087566, 68.08565940351636, 50.26032603569734, 45.64506975451793], [67.6963827957928, 70.93062412644643, 89.09486649751564, 0.0, 117.43244752906988, 55.137458824891205, 130.89178581597372, 96.15919007767653, 60.44837803618513, 99.45187727418283, 71.36082993459279, 17.23212298464903, 92.205380862718, 93.96400058710547, 25.569914854723947, 53.709674549109366, 100.73586371030466, 92.80659594945575, 95.26067944307765, 99.10487796718263, 82.28288785401455, 79.26127929081878, 12.45847808028971, 50.238021469474894, 85.40456633809602, 68.19051941057747, 68.46526754412315, 93.50442827080796, 79.95274403277139, 79.21800496052772, 74.5996042120221, 108.58642975465781, 44.39619888494234, 11.744010123178237, 71.10670493640289, 74.719952789449, 86.60474055617054, 87.63100332479576, 46.82366924059948, 112.23102441896863, 50.872848781275934, 83.7319098917646, 58.40232648505416, 92.54781157302564, 29.2866249746264, 107.88046144636645, 69.01275808694935, 83.3391046839762, 46.281935914695715, 80.2975490455181, 91.07112393150683, 80.10851095430718, 124.22674206765116, 49.84235452951741, 82.79749114058193, 94.27233404832947, 45.854098265775534, 102.01130019681366, 33.35954250777936, 9.390150240922871, 40.27745807120176, 27.642046266642858, 66.84884703168258, 91.25090045205464], [52.14864681126256, 50.64546473825194, 29.682747905858683, 117.43244752906988, 0.0, 82.39989896519508, 21.694078498623167, 26.708187179149043, 96.8200691759325, 35.34253147318247, 66.573977913276, 101.48151313313353, 37.6624524560787, 73.7576916980045, 94.12404461215601, 66.37272687563845, 41.67132210759028, 42.651365485473235, 29.17555603658326, 29.2053670574889, 96.3953524478344, 38.17126283082858, 106.15739359219349, 75.784588562934, 35.8993121109475, 70.82012509907412, 49.163659438960785, 67.79946779550697, 95.76930145441668, 47.47863438202995, 56.09349204592911, 46.56096088321226, 89.75196097128807, 113.76319201187835, 52.073079272352835, 55.605875291239826, 55.482723208909334, 51.75566657096883, 73.27257395633205, 6.945913947764361, 83.35683327265019, 33.88961444368984, 60.76583980446052, 40.800481232489076, 107.22035619374212, 11.894927484053913, 68.25292722882615, 43.67670467595661, 75.38202705504585, 51.54866889559859, 26.362262797380673, 71.02697906948069, 24.94992310802852, 83.80012614785714, 44.405796072611835, 68.10842951243173, 73.7283330723075, 41.47804575657235, 88.18665702849405, 108.99097471561005, 87.01725486777396, 97.6264400005678, 67.28929841251816, 50.89655012826404], [52.44034784867043, 32.7682333303934, 53.41552199632972, 55.137458824891205, 82.39989896519508, 0.0, 88.53592669694802, 56.08114973701938, 17.110109115801045, 81.8232253521348, 73.41105360541468, 39.18976073305782, 47.25275859600817, 98.60419560005914, 31.719090459899054, 48.23420480438148, 51.77793497597897, 45.0969893409872, 72.70010418483479, 77.60843768967437, 32.44964011448565, 50.404241335269795, 50.713849253372416, 57.18292771815751, 63.93308116153294, 14.601215685415518, 40.58664423180241, 38.68066889642299, 30.227863199365753, 66.52536459505734, 27.054864598422363, 57.52912276572686, 11.088408441523042, 45.33459106257832, 59.16189626971633, 68.10096967340321, 81.21574508372379, 79.80046085470785, 47.13761080465681, 79.75559802290634, 4.425018941665585, 55.737946745801054, 28.768452112806486, 45.80372888391645, 30.61995513253865, 70.70818537518232, 16.42461905500261, 68.68382871748858, 19.43302139595947, 71.49293415087917, 59.67360613978569, 25.19050553120635, 79.68368142490928, 5.443992591721467, 68.60153129451085, 95.74570134587265, 23.92191990967695, 52.949813563832876, 50.240708136987905, 46.092188853742144, 15.449839938828118, 27.495583530210396, 69.0460270192356, 82.92984453054142], [69.69160520354694, 60.49106280799306, 42.15735865766772, 130.89178581597372, 21.694078498623167, 88.53592669694802, 0.0, 34.77210478940347, 100.46744312342453, 57.003334844481685, 86.97931068079296, 114.1453010567837, 41.31987352314351, 95.43456926027822, 106.22239379592547, 83.16898497501555, 38.98050210132915, 43.86585028339374, 50.111509112763144, 50.69623919955052, 95.2116224205943, 53.465873247990025, 120.47230931105862, 93.72752330333972, 55.353407974401755, 75.01521206184216, 62.9841323974676, 64.32647652587194, 95.11246594493892, 67.54634492554015, 61.530704873161014, 39.10997407981605, 97.58806617783803, 125.65258442876569, 70.93338632630889, 75.75253175660464, 76.85423757292558, 73.1145607941944, 89.69523574879592, 28.452389070255762, 90.49386249012795, 50.52466732096246, 72.56160320281622, 42.85284514180532, 116.52189090231788, 24.648439377478642, 72.6664932290108, 64.07793129229505, 86.05404754580866, 72.18424134347923, 42.6293328798358, 71.47414624994741, 10.315365891402617, 91.14285711989442, 64.79089516847931, 89.78908078844249, 85.41900551284957, 38.16215324687064, 104.27880532277496, 121.94726674036716, 96.38609507232214, 108.2709634993737, 87.19052534971698, 72.44046232977509], [38.793821084167746, 25.848839637634082, 9.32147827776242, 96.15919007767653, 26.708187179149043, 56.08114973701938, 34.77210478940347, 0.0, 70.13794672595, 42.295020172153, 60.795851749901054, 79.37464903916015, 11.739021841124016, 76.74475552256044, 71.45706642732497, 50.632811859890026, 20.24900660332102, 17.588841847827542, 31.609394521966276, 35.39207193298281, 70.34358256597457, 21.436462132506783, 85.92150630010391, 62.167432407542826, 30.32900404234411, 44.124553394152194, 28.929601390026992, 43.58522612404593, 69.56611603219048, 42.102495461235875, 29.44339392087975, 28.852578847001986, 64.10057886312762, 90.92111431756403, 42.16562611260443, 49.64008337594734, 55.94473478700717, 52.51990341979887, 56.615207540419604, 25.608542987124505, 57.37285954056845, 20.944514605073167, 37.79359592320436, 15.439655543629566, 82.42945733756277, 14.823272362914413, 41.563731647179424, 40.20506540176882, 51.413798278438485, 48.07635340564741, 15.292997729440483, 44.823283465866055, 28.533280743391987, 57.8997139217879, 40.75180754572755, 71.59830186420884, 50.65346204677671, 20.767608246357366, 70.67843487622036, 87.18324615678249, 62.17733711231629, 73.71841590839945, 59.54773616331153, 53.52192046636535], [69.54049220718447, 48.85546318800305, 68.754923191127, 60.44837803618513, 96.8200691759325, 17.110109115801045, 100.46744312342453, 70.13794672595, 0.0, 98.6830067396785, 90.07536907501789, 47.32556421454251, 60.047391969491215, 115.42579108504209, 41.69663708719383, 64.72209133661877, 61.990071095050254, 56.63837834278695, 89.32687532862694, 94.2470070662944, 21.871142012887304, 66.9505450107882, 59.39022551063356, 72.83268293157172, 80.78797206653115, 26.02340290342895, 57.52086527970722, 42.22020614688065, 19.56408265355333, 83.6350327535905, 40.733463924784374, 65.66893204180906, 19.884642313962477, 49.11678678186371, 76.24932103989678, 85.1258580158915, 98.29146289823174, 96.90552859351007, 62.92532175048721, 94.81946810267385, 19.377454463632425, 72.21292184061119, 45.874798350800795, 57.830908937909825, 31.627447444940834, 84.95662838871392, 28.574869816159477, 85.76625774134128, 35.55697992838833, 88.58792809867897, 75.55673233966924, 30.28673751972215, 90.96125179234808, 19.84572529623782, 85.69242203976647, 112.69515763212542, 40.07790946519741, 63.00601673635201, 63.72288590515639, 52.56481669715187, 27.21541068248343, 34.735816685753875, 85.60932460195329, 100.03985024309674], [32.93309321282236, 50.589966137129004, 36.04690446231395, 99.45187727418283, 35.34253147318247, 81.8232253521348, 57.003334844481685, 42.295020172153, 98.6830067396785, 0.0, 35.01179359894704, 86.26705918482357, 52.69655546387071, 38.43646481532279, 80.76782440213691, 45.877405407417925, 62.542534931243026, 58.77514467512199, 10.857656648477555, 7.087362118055757, 105.84058696731735, 32.19321807885373, 87.12054189909892, 50.78980035766489, 17.896065983227864, 75.38969400318804, 41.248514776278654, 83.88518248939444, 104.49120115732971, 20.25609132836396, 61.99174755421075, 70.89278775406474, 85.16161440432751, 99.16934142295017, 28.402806080654955, 26.18799007276482, 20.9843845696164, 17.457739732774805, 52.642070605584905, 28.56340248644222, 80.87730439532689, 27.391321441663035, 53.630911905546405, 56.566229594064765, 98.1231453761116, 36.59111904608396, 72.95812541638371, 16.1209675054403, 67.45729610597142, 20.698301200878756, 27.881590011613373, 81.27304557338486, 58.51599916554699, 80.88852143178947, 16.654405962400855, 32.798858791151794, 64.00164211452133, 63.05022769161539, 66.6249354068035, 92.58646831314539, 79.90868000386814, 86.8321505504136, 37.34132663834205, 15.836254772699919], [24.825294106926858, 52.21650481250095, 51.608106278776226, 71.36082993459279, 66.573977913276, 73.41105360541468, 86.97931068079296, 60.795851749901054, 90.07536907501789, 35.01179359894704, 0.0, 61.98561646227023, 66.58006622409576, 25.619431139662538, 59.15842892692237, 25.43362604241322, 78.26031158811622, 71.60542230369224, 37.45946032123877, 38.57293118535545, 103.88207610626556, 40.32704602832977, 59.00185750652291, 21.544586207209782, 31.90735352795245, 73.46340587927796, 40.09103257689697, 91.31372033220158, 101.97061576581778, 19.506119750259277, 64.9042168399563, 87.91115701664202, 72.02926106378895, 74.20574625698285, 19.191290440907572, 11.361703074718948, 16.198002938511436, 18.4841760371586, 28.94513104379903, 59.6941341596009, 70.69802154137474, 39.85296426159686, 46.4526817675413, 69.76271142393156, 78.61712591545802, 63.028713355429865, 71.72400573528444, 22.93806071783131, 54.57091368982856, 15.095906459912122, 46.534031110973444, 83.6311403109785, 85.53481515201285, 70.2614377852846, 22.21618661897469, 24.00509831594004, 50.08758912302987, 79.22500773443174, 38.329368654845865, 66.47809332101725, 65.08305453882132, 67.00991485761615, 4.830256887164927, 21.66171574166995], [53.600793925306796, 53.91754668052826, 72.64888444584012, 17.23212298464903, 101.48151313313353, 39.18976073305782, 114.1453010567837, 79.37464903916015, 47.32556421454251, 86.26705918482357, 61.98561646227023, 0.0, 75.05841298369533, 86.49221040995113, 8.345624908887599, 40.58646542945503, 83.50416661602027, 75.58062941206599, 80.95426299149605, 85.11139633592441, 68.62519560204896, 63.41272594216238, 12.064976438002013, 40.48557270112255, 70.98274777771384, 51.49875665417898, 52.3212917494337, 76.95645205768209, 66.27224461148823, 66.35523402063436, 57.37767125406339, 91.37825724759342, 29.102870846364624, 12.903098480909161, 57.95636362373826, 63.097240597722156, 75.91274983406886, 76.34113448632554, 34.348522215890014, 96.58762419446512, 34.79976850736396, 68.15268283038019, 41.58488761310568, 75.33992975887257, 20.15566473398732, 91.5374946134036, 52.15714688029717, 70.22748456037546, 29.055233431585965, 68.42251744286614, 75.19951947272683, 63.69200855654681, 107.25041381626421, 33.767058644686365, 69.76405780354203, 85.84028449854664, 28.81270444321208, 84.7795051871446, 24.471018867695378, 7.901743089482947, 23.85536678015225, 12.60024733068425, 57.20295890754185, 79.98109894156323], [42.66019651620182, 21.644817977802663, 16.867872946177382, 92.205380862718, 37.6624524560787, 47.25275859600817, 41.31987352314351, 11.739021841124016, 60.047391969491215, 52.69655546387071, 66.58006622409576, 75.05841298369533, 0.0, 85.00557458126801, 66.83721722131234, 52.08616180298898, 11.712472950145528, 6.094934194705918, 41.84903297756833, 46.033582572161805, 58.829988918476445, 26.305447058446173, 82.93990464943622, 64.19821425305743, 38.61323301166016, 34.13779091346859, 29.48780581989119, 31.944669686899463, 58.13956177699613, 49.20744391761699, 20.215474795820924, 21.42185891006995, 56.3202338134599, 85.75965931604308, 47.410678714016264, 55.96502234831604, 64.1294649494899, 60.95323005289867, 57.124361639454285, 37.22158550613349, 49.180967775929176, 28.059189731628212, 34.517199481989984, 3.8800801656671062, 75.47002171348798, 25.858778488245793, 31.679260592496824, 48.12831985649753, 46.149344731763705, 55.41728661603728, 24.848481141576958, 33.38214296128124, 32.897268696856074, 49.84197801759539, 48.56909114926548, 80.13404440672674, 46.38730754843156, 12.751692417726224, 70.01541438780777, 82.95878482231512, 55.5286908276349, 67.85329148536454, 64.5778633333377, 62.42897619671284], [47.57020560772497, 74.58430454885016, 68.47465519113847, 93.96400058710547, 73.7576916980045, 98.60419560005914, 95.43456926027822, 76.74475552256044, 115.42579108504209, 38.43646481532279, 25.619431139662538, 86.49221040995113, 85.00557458126801, 0.0, 84.34065049002416, 50.99308118745803, 96.20176081775907, 90.67305950183055, 46.74660979506407, 44.99303018244571, 128.32032722721527, 59.36784234863761, 81.99551306766952, 46.21674846002671, 46.550548861443936, 97.48657624446, 62.51567392162815, 112.97881236927657, 126.50325884651919, 36.1890128433541, 87.40216652843844, 105.42592801022167, 97.61399275207847, 98.21731129118872, 40.877169090965026, 31.333529945442333, 20.88551455008287, 24.224942074178923, 54.45155980566708, 66.99986538780307, 96.06627930251167, 56.94638582132273, 70.85781074907936, 88.60904617521825, 103.89626295318877, 74.28168648036977, 95.54750528296222, 36.87820652872654, 80.02737246694726, 29.971986968691613, 61.45835268602198, 106.75541610111843, 96.67193590707464, 95.6692356862767, 36.440060774229416, 5.659934778771538, 75.57607362420751, 96.96934119221632, 62.19191155632135, 90.21804099009545, 90.69740812840475, 92.35688740291017, 30.354973239132736, 23.59383618710335], [47.85215228431295, 45.844948501686765, 65.00608419766753, 25.569914854723947, 94.12404461215601, 31.719090459899054, 106.22239379592547, 71.45706642732497, 41.69663708719383, 80.76782440213691, 59.15842892692237, 8.345624908887599, 66.83721722131234, 84.34065049002416, 0.0, 35.895708396061806, 75.17550940020607, 67.2668355256739, 74.77074240862049, 79.10514371164038, 62.33484010354048, 56.261386616745575, 19.02208877168091, 38.16770184556584, 64.79580557700137, 43.43056721161992, 45.01244450489008, 68.92390704178185, 59.9910141349079, 61.262119452572115, 49.032945575506375, 83.03273367038658, 22.407953649516585, 19.642462483381596, 52.7993308881252, 58.85822440777894, 72.0516300319192, 72.1121823182869, 30.45383787764375, 89.44839715556193, 27.294509067838963, 61.172355624090805, 33.74583533547427, 67.0526511118936, 19.592565317930944, 83.92805615015229, 43.98732022652613, 64.92278174760528, 20.751289926964798, 63.936827392085206, 67.9727499363464, 55.75941536771374, 99.16081580886362, 26.27690567807456, 64.51586972471763, 83.16348823306537, 20.803720440406657, 76.45028983011879, 24.172655950753036, 16.20561393783458, 16.270836267268145, 8.453688906665365, 54.328242546618604, 75.72119821515737], [14.42102031678691, 32.71740730447584, 41.71494011444991, 53.709674549109366, 66.37272687563845, 48.23420480438148, 83.16898497501555, 50.632811859890026, 64.72209133661877, 45.877405407417925, 25.43362604241322, 40.58646542945503, 52.08616180298898, 50.99308118745803, 35.895708396061806, 0.0, 63.434830735845225, 55.69419224503535, 41.73536831154534, 45.4266312545874, 79.43136238724873, 29.787863030374005, 41.5180343086268, 12.218188433118405, 32.06995444236302, 49.898455643171296, 22.60302945316918, 70.66810090899587, 77.42124877405499, 25.795443540088005, 44.10649195983857, 73.03108348446686, 46.621601068935604, 53.45518377943578, 17.474837759512496, 23.00614084989923, 36.34729106563652, 36.232776374225885, 7.0533655861886535, 60.42707667542519, 45.352282248251576, 32.82612362500109, 23.208739133831347, 54.33625563635524, 54.6765205053124, 58.67630415335069, 48.50294570227338, 29.765631947544946, 29.17501165287555, 28.04503222494032, 40.72309233502495, 61.15173749350992, 78.78163423457102, 44.884291934086576, 29.266628237898637, 48.82287087450588, 24.673314529466204, 64.60052892935593, 21.943722959644266, 46.713964541872784, 39.76183519803496, 43.0200588837444, 20.891249422241305, 39.832778451410185], [54.36366192903691, 31.839784614578893, 27.73129867901355, 100.73586371030466, 41.67132210759028, 51.77793497597897, 38.98050210132915, 20.24900660332102, 61.990071095050254, 62.542534931243026, 78.26031158811622, 83.50416661602027, 11.712472950145528, 96.20176081775907, 75.17550940020607, 63.434830735845225, 0.0, 8.112294897838293, 51.8303545197963, 55.636467854762756, 56.506333074954995, 37.94991451796368, 92.19225194559617, 75.60570534562444, 49.66499494270432, 37.44458084864642, 40.90748230054163, 26.38175006394875, 56.27890521908844, 60.65803791450334, 26.32770896701439, 9.717717382063627, 61.91349068103877, 93.42439181642078, 59.10383435901716, 67.57319704014677, 75.31815636307755, 72.04106663907756, 68.18701314996096, 43.076960263128704, 54.49544880530438, 39.356728834534806, 44.48740074680034, 9.114011937597414, 81.58328525158642, 30.94875736786674, 35.376308196088964, 59.355373101402364, 54.46169635502847, 66.83338505253028, 35.179307109177984, 32.51563690081398, 29.10572449890201, 55.301287898579766, 59.83099072365814, 91.21588392478205, 55.40111239982227, 1.2778637078964274, 80.55660128817861, 91.38108004245838, 62.36616482373317, 75.15905273670329, 76.28944524355941, 73.31261534022954], [47.296511855322365, 23.77630356021679, 22.863951166036234, 92.80659594945575, 42.651365485473235, 45.0969893409872, 43.86585028339374, 17.588841847827542, 56.63837834278695, 58.77514467512199, 71.60542230369224, 75.58062941206599, 6.094934194705918, 90.67305950183055, 67.2668355256739, 55.69419224503535, 8.112294897838293, 0.0, 47.92367663094573, 52.12635890905319, 53.78146354104368, 31.58698533725874, 84.13371848330547, 67.897068010217, 44.43549527322009, 31.20247080634928, 33.30614871640334, 25.997398697279436, 53.233731191045024, 54.706792992421285, 18.75873488622202, 17.376286547443975, 54.836335352302, 85.70512772133165, 52.415349810163974, 61.21314411119358, 69.82366286478991, 66.71212653147018, 60.26691469054414, 42.74103269010652, 47.49754808058662, 33.77615728194987, 36.37991478168128, 2.21486552982495, 74.35908873175873, 31.051798909544566, 28.920441080907402, 53.824608214149826, 46.525493830708456, 60.94028539345815, 30.910991333697535, 28.610055872667502, 34.6452690812587, 48.24955384194104, 54.2398062575994, 85.87546159824092, 47.34831951540857, 9.379023236248441, 72.48229620563788, 83.46903989509613, 54.8446211445251, 67.52028053624284, 69.3728585536707, 68.282632514579], [27.565705836132118, 40.71560065832778, 25.19355944468864, 95.26067944307765, 29.17555603658326, 72.70010418483479, 50.111509112763144, 31.609394521966276, 89.32687532862694, 10.857656648477555, 37.45946032123877, 80.95426299149605, 41.84903297756833, 46.74660979506407, 74.77074240862049, 41.73536831154534, 51.8303545197963, 47.92367663094573, 0.0, 4.921722775300942, 95.52530313377885, 22.385084756151855, 83.20094314065965, 49.00904305201369, 9.98074997393733, 65.3799519459807, 32.51286689200685, 73.05422993606759, 94.24406321192136, 18.833761861424644, 51.63303213915671, 60.35380864819073, 76.89336516618077, 93.8002797272957, 25.066324469126172, 26.718700183576747, 26.954207940230066, 23.22522920533813, 48.770268790663806, 22.260369998676094, 72.10298643013397, 17.22929654591887, 45.25500936331391, 45.71602228272987, 91.116663180499, 27.582260339346206, 62.89878997316697, 14.738808831760903, 59.6637819286409, 22.391845391635833, 17.02414189765877, 70.73317670079355, 50.15363181245497, 72.20149456123636, 15.469750966158522, 41.28181533744566, 56.60227978841514, 52.376317325292014, 63.46522967418685, 87.75891966215478, 72.14904156922749, 80.15505127782677, 38.48173353183142, 23.160975525777225], [31.53981074126123, 45.63073204293191, 29.602099389554322, 99.10487796718263, 29.2053670574889, 77.60843768967437, 50.69623919955052, 35.39207193298281, 94.2470070662944, 7.087362118055757, 38.57293118535545, 85.11139633592441, 46.033582572161805, 44.99303018244571, 79.10514371164038, 45.4266312545874, 55.636467854762756, 52.12635890905319, 4.921722775300942, 0.0, 100.35234591495293, 27.306800197201138, 86.944510616107, 51.91780120041522, 14.424642508206261, 70.27535930918421, 37.35503369561997, 77.4932094474234, 99.0896569738622, 21.171993749082393, 56.463570248660076, 63.8812199195067, 81.70986548019731, 97.98738912576377, 28.3086496961523, 28.4825118353379, 26.293329778455252, 22.578077805811784, 52.40859851735014, 22.293615856779446, 76.98165266613688, 22.13939928869847, 50.06298096281522, 49.91237294216624, 95.70828015603442, 29.590588120762536, 67.78823611786602, 16.85730393519557, 64.3881423374955, 23.554021228420307, 21.387511560384013, 75.48080566629197, 51.71476166782114, 77.07071707752293, 17.549400428039377, 39.40265861070241, 61.24422599618954, 56.11382463732226, 66.91866987883208, 91.7854592496852, 76.87836227561935, 84.66385035467148, 40.16273600458322, 21.74647147872658], [80.88790356406739, 55.56600197673918, 71.8535204874109, 82.28288785401455, 96.3953524478344, 32.44964011448565, 95.2116224205943, 70.34358256597457, 21.871142012887304, 105.84058696731735, 103.88207610626556, 68.62519560204896, 58.829988918476445, 128.32032722721527, 62.33484010354048, 79.43136238724873, 56.506333074954995, 53.78146354104368, 95.52530313377885, 100.35234591495293, 0.0, 73.74008402801934, 80.65808931697387, 89.21348046032867, 88.42665848341129, 31.04951305497613, 66.6920525861608, 31.1818613322862, 2.3529590895052213, 93.96415858231376, 43.89227568597376, 56.92286629760241, 39.931427750713894, 70.98702600517002, 87.67702200325334, 97.10349148521126, 109.4786684069657, 107.47829266635472, 79.14914147598827, 95.95207659035607, 36.456575314538505, 78.4559623910183, 57.51193250103538, 55.595034061578666, 53.4814472794058, 84.67070905175927, 33.24628406701441, 95.22852910006692, 51.6208280160489, 99.59953228721257, 79.69616863562379, 25.534184564798675, 85.04536949845058, 37.31222375743946, 95.31409615069423, 124.8828708477222, 55.98854215789961, 57.18803896632352, 82.61447811180605, 74.24313749682207, 46.65370343939211, 56.04597820229812, 99.81208816683142, 110.21444902584338], [17.35838046943584, 18.410258574456172, 12.178236621225944, 79.26127929081878, 38.17126283082858, 50.404241335269795, 53.465873247990025, 21.436462132506783, 66.9505450107882, 32.19321807885373, 40.32704602832977, 63.41272594216238, 26.305447058446173, 59.36784234863761, 56.261386616745575, 29.787863030374005, 37.94991451796368, 31.58698533725874, 22.385084756151855, 27.306800197201138, 73.74008402801934, 0.0, 68.05850778255912, 40.920086095476684, 14.736541193984195, 43.19707029202552, 11.36237718392645, 53.95825393431422, 72.3450890290977, 23.217066531372083, 30.053311063978523, 47.58558347747767, 55.208931031022715, 75.84904632880921, 21.23133637212865, 29.66695796442935, 38.67304034667147, 35.82689106144887, 36.22984383364619, 33.1955130763052, 50.01195186365452, 5.388767388404015, 23.958905301315898, 29.63437124809238, 70.77467010905089, 29.18957994221517, 40.76653349210377, 22.866021173114248, 38.7813822111885, 29.46019936433362, 11.812654889075342, 49.58688961225846, 49.065966371148335, 50.175409712584674, 23.173200935285024, 54.789330920291306, 36.40564941350172, 38.901563392406004, 50.86453096165266, 70.85471753858398, 51.08244093600632, 60.44286670084495, 38.57044608096338, 37.87850951396934], [55.67448397764093, 61.36052579715849, 78.40744936115281, 12.45847808028971, 106.15739359219349, 50.713849253372416, 120.47230931105862, 85.92150630010391, 59.39022551063356, 87.12054189909892, 59.00185750652291, 12.064976438002013, 82.93990464943622, 81.99551306766952, 19.02208877168091, 41.5180343086268, 92.19225194559617, 84.13371848330547, 83.20094314065965, 86.944510616107, 80.65808931697387, 68.05850778255912, 0.0, 37.79562732836349, 73.41314123017104, 62.26685076246636, 57.60270484039115, 87.75770302151619, 78.30538139836968, 66.87126766156503, 66.57983808660396, 100.53896335293028, 40.98579879032749, 17.548131466145158, 58.82966804578867, 62.27003296126192, 74.1611588299913, 75.17263883556727, 34.559001659496495, 100.74759426618732, 46.29241535948712, 72.31105543452462, 48.55242115857857, 83.65608574568488, 31.134343454591544, 96.99578468618841, 62.6719748677842, 71.0226035712699, 38.18241428436011, 67.8546405654234, 79.82323110889617, 74.69358904924462, 114.27999098379223, 45.269868362848705, 70.46934850566329, 82.1060802441613, 36.791410252923086, 93.46946667033859, 20.90257541832602, 9.449125559954044, 35.266560350164745, 24.662997627994923, 54.452267316715485, 78.792951400079], [24.03660240142054, 44.901111729635154, 53.05425404028545, 50.238021469474894, 75.784588562934, 57.18292771815751, 93.72752330333972, 62.167432407542826, 72.83268293157172, 50.78980035766489, 21.544586207209782, 40.48557270112255, 64.19821425305743, 46.21674846002671, 38.16770184556584, 12.218188433118405, 75.60570534562444, 67.897068010217, 49.00904305201369, 51.91780120041522, 89.21348046032867, 40.920086095476684, 37.79562732836349, 0.0, 40.19271353722302, 60.73060377362848, 34.71744334948063, 82.46470063467456, 87.10274052834097, 30.834657608406722, 56.04181617111004, 85.22091072115626, 53.63180089823208, 52.66242428730538, 24.020598740673275, 24.94271874425773, 36.36680249973999, 37.487592206213485, 10.065633888729685, 69.45670845874352, 53.777768392821834, 43.21763395528935, 34.77577817518017, 66.51662162556434, 57.75333312878886, 69.08932448226828, 59.55971663363201, 35.16023558020451, 37.75050171701203, 30.598232674991934, 51.099090225872416, 72.43385209706825, 89.95095755885691, 53.150551855599076, 34.509575490600284, 45.35791550038929, 33.28573449509326, 76.7628525236709, 16.928431295271757, 44.97229297568458, 46.33437724209846, 46.30462180861616, 16.8224054384346, 41.08328195090475], [17.739977023635124, 32.93200003862213, 21.933788715879853, 85.40456633809602, 35.8993121109475, 63.93308116153294, 55.353407974401755, 30.32900404234411, 80.78797206653115, 17.896065983227864, 31.90735352795245, 70.98274777771384, 38.61323301166016, 46.550548861443936, 64.79580557700137, 32.06995444236302, 49.66499494270432, 44.43549527322009, 9.98074997393733, 14.424642508206261, 88.42665848341129, 14.736541193984195, 73.41314123017104, 40.19271353722302, 0.0, 57.737146695801066, 23.377318083186015, 68.19542284022403, 86.99908163295245, 12.423131624230454, 44.7898522321195, 58.882290870647324, 67.51778699535045, 83.82341282545393, 16.240465833813083, 20.558391259117798, 25.681455826864017, 22.377907688439446, 39.12301923135993, 29.362516605225473, 63.04733973143329, 10.782985415218247, 35.8945994053361, 42.31249062260172, 81.28386501201577, 31.14525311662096, 55.35093005135916, 9.892624018687485, 50.0401912865837, 17.951263388192412, 15.188336650529822, 64.31095107806398, 53.631508109816515, 63.08268155098833, 10.470555298591457, 41.55901550965543, 46.83389623178608, 50.420927214881615, 53.942589189297756, 77.82167669450465, 62.52975399491386, 70.2508508126717, 31.839436886788487, 23.85306168492273], [49.95209977682262, 24.8124696006336, 43.22957550520423, 68.19051941057747, 70.82012509907412, 14.601215685415518, 75.01521206184216, 44.124553394152194, 26.02340290342895, 75.38969400318804, 73.46340587927796, 51.49875665417898, 34.13779091346859, 97.48657624446, 43.43056721161992, 49.898455643171296, 37.44458084864642, 31.20247080634928, 65.3799519459807, 70.27535930918421, 31.04951305497613, 43.19707029202552, 62.26685076246636, 60.73060377362848, 57.737146695801066, 0.0, 35.64591319300172, 25.497741475987407, 29.43264793735005, 62.91466259348902, 14.800957307848439, 42.93148866878908, 25.41348474427173, 59.094549163031886, 56.71854348863357, 66.19453233423916, 78.44460100064774, 76.42891017296716, 50.866563832247714, 68.99613578929208, 18.017712174957698, 48.16072839235197, 27.056577331161566, 32.171757087351445, 45.1395642417243, 58.946672361246875, 2.592206395391062, 64.22488548572348, 25.631298521872235, 68.56636629487382, 50.47053803019453, 12.636372136354797, 65.8330047260747, 18.96978578646885, 64.29610052214679, 93.92663849509852, 29.10621857559646, 38.583535335456375, 57.663775629251965, 58.908663756420694, 27.927287274293143, 40.82464251845744, 69.61066535335493, 79.17795939720084], [15.307874516004903, 12.175312794953438, 20.83557333095604, 68.46526754412315, 49.163659438960785, 40.58664423180241, 62.9841323974676, 28.929601390026992, 57.52086527970722, 41.248514776278654, 40.09103257689697, 52.3212917494337, 29.48780581989119, 62.51567392162815, 45.01244450489008, 22.60302945316918, 40.90748230054163, 33.30614871640334, 32.51286689200685, 37.35503369561997, 66.6920525861608, 11.36237718392645, 57.60270484039115, 34.71744334948063, 23.377318083186015, 35.64591319300172, 0.0, 51.22531582180391, 65.06788705424265, 27.283407509973266, 24.978437232138408, 50.55513435481693, 44.392338950643484, 64.63426264600614, 21.701738421082986, 31.248719681988565, 42.906267890662726, 40.79233917390205, 27.95311113000589, 44.45637748015921, 39.68391590791372, 16.567801493257573, 12.807214811003085, 31.841054959112675, 59.45838318247676, 39.433591891358404, 33.47981296462434, 28.663746365984412, 27.522387990377517, 33.050596995845716, 22.96344437609651, 44.24110610799452, 57.45126769793637, 39.740883365405445, 28.698320524166355, 58.62434571502283, 25.0442521402005, 42.05495585369059, 41.75493913576016, 59.87278287857727, 39.911706017424144, 49.08049023712382, 37.11532891442388, 43.53840858853292], [66.52225366320498, 39.11182063799767, 47.89371470412431, 93.50442827080796, 67.79946779550697, 38.68066889642299, 64.32647652587194, 43.58522612404593, 42.22020614688065, 83.88518248939444, 91.31372033220158, 76.95645205768209, 31.944669686899463, 112.97881236927657, 68.92390704178185, 70.66810090899587, 26.38175006394875, 25.997398697279436, 73.05422993606759, 77.4932094474234, 31.1818613322862, 53.95825393431422, 87.75770302151619, 82.46470063467456, 68.19542284022403, 25.497741475987407, 51.22531582180391, 0.0, 31.408136665989595, 76.84588275804929, 26.66316206900509, 25.741858064972682, 49.754389361327135, 84.00117671365305, 72.70411637667965, 82.13632780564446, 92.52310667838965, 89.77357974957539, 73.17872798448411, 68.52682125012367, 42.750423925039186, 57.435451984298844, 47.70372718704783, 28.15256741035628, 68.86393228984589, 56.59941478345579, 25.20460591969731, 76.82269329892873, 50.56365189929825, 83.02340128939606, 56.106651066611555, 13.491832459971542, 54.079968045690556, 43.76695942070906, 77.11653661144753, 108.61588610076808, 53.4976827060596, 26.840005524740278, 81.9593579219908, 84.28180414714284, 53.2429731458281, 65.96108606961234, 88.20092773026148, 91.81007656401474], [79.13112412522781, 54.09227827115243, 70.79339800959875, 79.95274403277139, 95.76930145441668, 30.227863199365753, 95.11246594493892, 69.56611603219048, 19.56408265355333, 104.49120115732971, 101.97061576581778, 66.27224461148823, 58.13956177699613, 126.50325884651919, 59.9910141349079, 77.42124877405499, 56.27890521908844, 53.233731191045024, 94.24406321192136, 99.0896569738622, 2.3529590895052213, 72.3450890290977, 78.30538139836968, 87.10274052834097, 86.99908163295245, 29.43264793735005, 65.06788705424265, 31.408136665989595, 0.0, 92.31668250183407, 42.63641744112703, 57.09786237896087, 37.589860301719945, 68.67312090655078, 85.92800600028099, 95.3264181010774, 107.78308136563581, 105.83158559133234, 77.0371690931651, 95.16382007995482, 34.193786882454305, 77.1257906608294, 55.659618254875234, 54.99238535389542, 51.18639959634059, 83.99797632844883, 31.702552587575312, 93.65659294269425, 49.46309747374144, 97.90480352434963, 78.56528074289702, 24.76051169856081, 84.99537624330122, 35.03910670192737, 93.72871983012112, 123.12069293319783, 53.85204872821254, 57.00466770537532, 80.34923634156551, 71.89706178102425, 44.335193560700546, 53.693122043251535, 97.86623464363268, 108.60523390645136], [14.359996788016097, 38.95874448930049, 33.20038279255492, 79.21800496052772, 47.47863438202995, 66.52536459505734, 67.54634492554015, 42.102495461235875, 83.6350327535905, 20.25609132836396, 19.506119750259277, 66.35523402063436, 49.20744391761699, 36.1890128433541, 61.262119452572115, 25.795443540088005, 60.65803791450334, 54.706792992421285, 18.833761861424644, 21.171993749082393, 93.96415858231376, 23.217066531372083, 66.87126766156503, 30.834657608406722, 12.423131624230454, 62.91466259348902, 27.283407509973266, 76.84588275804929, 92.31668250183407, 0.0, 51.66827250314958, 70.12209153210031, 68.11313186714281, 79.2380960542563, 8.463467462278995, 8.206268623850447, 15.764247481711216, 13.515075767295137, 32.44044079798296, 40.69701382798408, 64.83819868388869, 21.365582349333316, 37.76552450485383, 52.695627406174815, 79.30694829925696, 43.522671929149126, 60.76317954106097, 4.329468057606946, 50.03574305208819, 6.243383377771241, 27.33537573317008, 71.21943193706078, 66.05115098878329, 64.67467363961539, 3.677300310692491, 31.785705186165842, 46.11847312148285, 61.51582732753937, 46.38296356453549, 72.48290365362821, 62.17766061604696, 67.80184391904956, 19.810687975362107, 16.428148188336937], [40.24938971302029, 12.825317420051904, 28.56180781496772, 74.5996042120221, 56.09349204592911, 27.054864598422363, 61.530704873161014, 29.44339392087975, 40.733463924784374, 61.99174755421075, 64.9042168399563, 57.37767125406339, 20.215474795820924, 87.40216652843844, 49.032945575506375, 44.10649195983857, 26.32770896701439, 18.75873488622202, 51.63303213915671, 56.463570248660076, 43.89227568597376, 30.053311063978523, 66.57983808660396, 56.04181617111004, 44.7898522321195, 14.800957307848439, 24.978437232138408, 26.66316206900509, 42.63641744112703, 51.66827250314958, 0.0, 34.02630600018017, 36.23857502850801, 67.09816360576995, 46.67097491938964, 56.20590927843936, 67.42904240112425, 65.00778085652905, 47.05237117538743, 54.19560473946838, 29.01024234919759, 34.60105517010297, 21.52032064574575, 19.08247829018428, 55.64136868453077, 44.2