instance_id,num_cities,city_coordinates,distance_matrix,best_route,total_distance
998,87,"[[26.751859962922918, 55.664746440331136], [37.81877846749545, 99.14850746924945], [38.567745289143154, 6.825407889069224], [33.08724302599097, 89.88041174628772], [0.9034813597318059, 59.42431326832703], [33.4572412286628, 5.153674383588969], [92.39358213496455, 2.9544246497884896], [45.10856792328211, 59.67061973047757], [50.96479937561013, 98.5926178152255], [88.68627269780916, 64.91952469265681], [58.052673334129615, 97.23790011258224], [32.4602286559562, 65.43197115491806], [59.96267696822262, 50.77811765830263], [62.99954195995953, 48.626034702301425], [83.50939205019667, 4.994559023203937], [84.79498016321216, 48.87786440691273], [30.42356109271578, 77.91825940803477], [38.51038106271057, 29.584554545026332], [59.71954509795946, 49.396600013968325], [11.661748047929589, 84.90075654093349], [73.94498282972913, 99.06074398297771], [18.469369151281867, 50.52178753366652], [39.00506192255997, 50.43484135418681], [92.8171465722593, 98.58581076110262], [7.2113465984934955, 3.4742699719592873], [33.574797766645645, 36.80370079425216], [57.97432128880978, 10.610243386734275], [24.254889147730584, 36.76761550426829], [9.10356562762641, 35.39120515964448], [70.37516949772903, 23.719678568767755], [19.64187314411324, 13.961664771597537], [52.843042853938286, 37.20630986911586], [87.13668678473884, 17.94508907311121], [10.805615804708557, 46.40554925586602], [98.29734413856974, 75.7971391257526], [54.60648275430919, 64.82214153955638], [98.58603609029109, 31.073537872534416], [6.402690407323631, 45.34012853785916], [39.50894151504028, 92.1812613729503], [33.90334894794436, 30.882640913151548], [25.231519109380752, 44.26111044781348], [85.36284505671604, 61.850243834358665], [50.048560489893276, 87.36433931822215], [42.11520946468074, 4.74359448442867], [99.3695753868221, 92.11269265230827], [79.90060229076448, 9.838940726310097], [81.72990353338447, 75.57780735764203], [35.15444299423016, 67.798525641965], [4.794659165361703, 82.44498820694281], [85.26108933118677, 82.09174358997619], [54.32349435785814, 52.90371213262816], [88.21490412618704, 97.49270721635449], [16.327697024100107, 58.96922563870861], [75.6606807031887, 65.03428976106883], [31.497853099150518, 34.788222523898504], [61.58199839318309, 26.742858611925946], [93.75056962717369, 24.96079002885727], [35.47640197093715, 6.431803857351637], [25.07994080972994, 92.21160049075279], [4.515231298556399, 10.781623722209655], [58.81922782641502, 70.16229744534137], [43.81086610907278, 1.4709420741718882], [93.3283686615994, 57.08479060581565], [40.04817573613699, 82.0728307973181], [82.11457744813411, 84.38972133867053], [87.74161180051729, 63.548122101961866], [23.890376766398436, 59.417550026403596], [88.26287222144745, 22.975612436955352], [1.271118245828995, 13.982900214135796], [68.5425241249828, 38.51548381815837], [96.40830116869282, 31.860036650703428], [22.212666786398483, 17.600150106117862], [14.854849115626667, 39.00930178317071], [64.09819147369655, 23.962849958435417], [34.05778472052351, 44.64463236024082], [85.53714189533787, 64.7305835019224], [31.579358565286185, 91.82893248880173], [73.93602160381973, 51.913501173267576], [43.37485923025959, 19.768747195848068], [29.31715856309959, 23.291528152199557], [10.462798038849442, 59.47661287180992], [9.031764843914324, 9.884961234563072], [53.92108052338427, 94.09531871571298], [26.910314553970906, 33.3303229799992], [0.9713197698646314, 43.55062205826551], [51.8194060345904, 30.50337992233937], [90.48023458141382, 29.4151990077415]]","[[0.0, 44.86996944958761, 50.24834461121246, 34.79725320891077, 26.120356413113416, 50.954200398400275, 84.18559088688548, 18.78871331301383, 49.28558182452487, 62.62206002132921, 52.03910091417527, 11.31300807746729, 33.56840042380413, 36.92476016292278, 76.08472475815829, 58.43856235672437, 22.554383799835367, 28.608376880733267, 33.55827651690764, 32.900695497353034, 64.11242819175432, 9.74934256042731, 13.322644837783958, 78.783499904495, 55.7286057293839, 20.057206264506117, 54.815603040129645, 19.061385596714256, 26.87896517734574, 54.06921948843257, 42.304833450005596, 31.960345825819697, 71.19761135179444, 18.439507456930414, 74.32408452963105, 29.321287418081255, 75.92678314483388, 22.818554652619298, 38.68073154106023, 25.79334311529136, 11.504536068907493, 58.93647386530993, 39.33955317574641, 53.18830909541374, 81.25137153585521, 70.1768714062582, 58.47320129710792, 14.75913274254334, 34.6309112779695, 64.20059267339715, 27.709535067486925, 74.34570667157521, 10.93539005923595, 49.7982036648174, 21.409196661306634, 45.272664364160626, 73.69911828503959, 50.000002686285534, 36.5850769390695, 50.089543412641326, 35.19225862083023, 56.81529831279529, 66.59165139818107, 29.566517085154977, 62.3711044495569, 61.49713360014219, 4.719281813966006, 69.65762062372654, 48.853295725850934, 45.172522838450455, 73.61171109016061, 38.334289725784785, 20.46808989203483, 48.987332218252455, 13.221930679818515, 59.480238512474315, 36.48497081407924, 47.33304290670466, 39.55814538627669, 32.47469813930663, 16.72913219679177, 49.08961707441781, 47.06458786897367, 22.334985542033593, 28.484877780851555, 35.51726666155335, 68.92274277718849], [44.86996944958761, 0.0, 92.3261375093305, 10.406009127624024, 54.228689505344505, 94.09597044447175, 110.59706490147066, 40.14529425256183, 13.157768770731577, 61.311705498960585, 20.323900264106673, 34.139696500091716, 53.19818466144738, 56.44989906590106, 104.65466151846424, 68.80335078800684, 22.48138502763904, 69.56739078471492, 54.358953949104865, 29.785712126545207, 36.12631096654341, 52.33505070772351, 48.72810826212692, 55.00124654744168, 100.45085667282027, 62.48908937992274, 90.80346971986827, 63.83850543226621, 69.92536768753769, 82.15489532712958, 87.10452373975586, 63.73824882978611, 95.00658524547816, 59.258169041448575, 64.83011113012311, 38.211600505091354, 91.25163606527222, 62.30820357086663, 7.169321397013929, 68.37806026041935, 56.3122140386718, 60.42845966941453, 16.98335029748404, 94.50262914324215, 61.951620572366636, 98.727294139484, 49.83738364223665, 31.46299483655625, 37.00810737430127, 50.415335505383716, 49.101799787254045, 50.423319564305956, 45.56579056731795, 50.94889022007163, 64.66993409428336, 76.2054368643513, 92.90954031392755, 92.74628756078667, 14.505125414804946, 94.43427554228704, 35.794123048716465, 97.86118687106752, 69.64675785623109, 17.220596563004626, 46.68982303865927, 61.31620280395762, 42.10165499445777, 91.36146086976933, 92.67638386779367, 67.97287771089101, 89.22146869141105, 83.02821996422595, 64.37442125433134, 79.64603344350502, 54.63348310206089, 58.835666890521054, 9.618031951001274, 59.46092054071994, 79.57396794495692, 76.33189930891379, 48.18930261129346, 93.79057969623727, 16.876576906409333, 66.7160250195832, 66.69977567163558, 70.05834074686649, 87.38399893015865], [50.24834461121246, 92.3261375093305, 0.0, 83.23562681195472, 64.69344344244223, 5.376982858958309, 53.96485174066335, 53.24846265663065, 92.60079787806379, 76.72544034935272, 92.48827585691659, 58.923942648626266, 48.88336933570499, 48.41699175437504, 44.97892418861252, 62.49293034645967, 71.55781769536449, 22.759218948853185, 47.536354867483396, 82.58143105235193, 98.78717609264527, 48.09696786101727, 43.611626121785235, 106.59722826984968, 31.53496256833782, 30.39124167373481, 19.772207053721196, 33.187251284137055, 41.038307187672125, 36.01567181913808, 20.226586433292493, 33.567593385356766, 49.82558968679983, 48.34587287583224, 91.23992924426622, 60.17360063684132, 64.73149958394431, 50.17942269700587, 85.36104248600421, 24.505245438533883, 39.740241000584675, 72.23236070531765, 81.35311053317858, 4.113204241034433, 104.74150793984612, 41.44256806808196, 81.17797938472685, 61.06858211113921, 82.81873141853654, 88.57363980141197, 48.69757438187548, 103.37020628737378, 56.68860093827551, 69.02289320521821, 28.842717935034162, 30.436174024246835, 58.08645442164703, 3.1163003136413647, 86.4449116876562, 34.281559952801125, 66.49574515426413, 7.494038970760938, 74.32853707162808, 75.26198461800782, 88.95251155527498, 75.07020351215212, 54.60181829706808, 52.253562058068326, 37.977204810141835, 43.62050296189781, 63.02588786909828, 19.585291998711458, 39.97629886723827, 30.748912225691157, 38.08718267253918, 74.55959750632631, 85.29030861346152, 57.30489617367685, 13.807185696342403, 18.886674437177255, 59.68280695540694, 29.69402309446907, 88.61017006250097, 28.955245039936138, 52.556945950083445, 27.133980027278536, 56.61453176796009], [34.79725320891077, 10.406009127624024, 83.23562681195472, 0.0, 44.309913670529895, 84.72754524236917, 105.23007693244988, 32.51374764503068, 19.887422045640918, 60.94504067561066, 26.027011844057064, 24.456479598870352, 47.44763800787697, 50.95752400580782, 98.73196597224366, 65.99165832262173, 12.255133210423587, 60.53925025799559, 48.458420589516315, 21.996563391110556, 41.87640626708527, 41.98551579446458, 39.88701046770461, 60.36095881986682, 90.1974686576731, 53.07895020731916, 83.08505434921264, 53.84217305864516, 59.53394339358605, 75.94492790929975, 77.10015637771129, 56.25702298743334, 89.97795851609477, 48.8521706804239, 66.71353576911557, 33.03020714797878, 88.0246573846416, 51.92207793169924, 6.82144563041966, 59.00341508891753, 46.29074474681711, 59.31634581500857, 17.146921314759364, 85.61414504331215, 66.31991149899905, 92.72608957944183, 50.7018038489327, 22.178435689492822, 29.253304509408576, 52.75200081444621, 42.64099770114486, 55.65075076494179, 35.16224976827973, 49.29327919056123, 55.115111118957934, 69.26977478836264, 88.85154178885153, 83.48280205566665, 8.339743985570506, 84.10099952456387, 32.41819047008083, 89.0574557223188, 68.58969298542266, 10.460062354971603, 49.33383424884955, 60.66703803594327, 31.820878258803813, 86.72140582195695, 82.2964036443876, 62.41340223758395, 85.88317839101977, 73.0937249780179, 54.03970777661767, 72.84781311529935, 45.24618976050836, 58.16790998588304, 2.463828044089583, 55.76835132725541, 70.86240578190743, 66.69552425136456, 37.89797484003454, 83.53405373344545, 21.25592213075454, 56.8864393755099, 56.3727056218678, 62.26175261910731, 83.36664459601629], [26.120356413113416, 54.228689505344505, 64.69344344244223, 44.309913670529895, 0.0, 63.28546062534162, 107.51412400448785, 44.20577275610361, 63.56328848136706, 87.95462354931954, 68.5266188670841, 32.12351557971333, 59.68873666319958, 63.02795857440285, 98.92590473776599, 84.55182526167471, 34.83476928673623, 48.00718806527523, 59.664766711778064, 27.65482713662699, 83.10299378956769, 19.693028674168435, 39.14768251992448, 99.90868199849929, 56.30449812169365, 39.73797962230779, 75.09922894820866, 32.536351965967455, 25.393535936615752, 78.1097714231204, 49.17295735464926, 56.49210319378997, 95.69060433348952, 16.356664787741572, 98.76048771416988, 53.973594551703364, 101.71355840905082, 15.119707658253853, 50.630022742757006, 43.63047468994292, 28.666638109907034, 84.49419657710621, 56.53214889227766, 68.47180105795387, 103.75018949237095, 93.2697929960328, 82.42478930932774, 35.25983275295941, 23.347221233895034, 87.34997664597572, 53.81650330419902, 95.24960453085825, 15.430927827307604, 74.96739751336223, 39.280434688244725, 68.91995290071837, 99.03694378270978, 63.273160923578196, 40.737051868578405, 48.77659258189892, 58.90278425489698, 72.10850781146084, 92.45449236814473, 45.22457787622991, 84.96183689162145, 86.93599195814838, 22.98689640161265, 94.65817959386733, 45.4429001851955, 70.79702857589218, 99.4030178223729, 46.93977000121708, 24.72677407587345, 72.46438274398552, 36.29940494118674, 84.79984079848349, 44.621393850418976, 73.41773786239682, 58.106642122479435, 45.96645747134997, 9.55945974520428, 50.20175686491886, 63.34780532749645, 36.840897138374956, 15.87383616780373, 58.55639820804329, 94.46979229596623], [50.954200398400275, 94.09597044447175, 5.376982858958309, 84.72754524236917, 63.28546062534162, 0.0, 58.97735988339456, 55.74810080801306, 95.0649816803712, 81.37691798161111, 95.31232820869928, 60.286541580377275, 52.76483628204961, 52.56038093638915, 50.05240373408138, 67.43417703292353, 72.82779722706874, 24.947988448870063, 51.45041372874034, 82.67188540006599, 102.26336069531041, 47.779723735138674, 45.61975884055936, 110.69400376925142, 26.2995700367088, 31.650244727889543, 25.116953636174568, 32.92604678674949, 38.82537549996676, 41.32347927128106, 16.384294003308227, 37.45905426225536, 55.18245341561987, 47.0618031403933, 95.88919676451899, 63.3057374165477, 70.09707014857058, 48.44481208176664, 87.23774397327682, 25.73283371058372, 39.96315878282213, 76.86802128480196, 83.86814236539763, 8.667674399721696, 109.1160238115205, 46.67909068787628, 85.38037497652961, 62.66783770816655, 82.43476695591272, 92.7529254063515, 52.11013936544712, 107.35408064200192, 56.47596693770259, 73.25857220466182, 29.69925327886876, 35.455533294653875, 63.46343261718288, 2.389691414145918, 87.46005751421302, 29.484127128888495, 69.78073829194966, 10.989088471163972, 79.255237884807, 77.20101709875034, 92.98326465037978, 79.72894338141079, 55.10075403674787, 57.630535868542005, 33.375166537905066, 48.41474367032556, 68.38176462417161, 16.773646362646527, 38.629684168349854, 35.95348269255753, 39.49552397929794, 79.13105682059923, 86.69559856707065, 61.84668998467852, 17.66237526872396, 18.60435496890979, 58.98920294091616, 24.879488979641565, 91.2654634304907, 28.927249696598864, 50.29573226188333, 31.301384430427337, 61.96969701391356], [84.18559088688548, 110.59706490147066, 53.96485174066335, 105.23007693244988, 107.51412400448785, 58.97735988339456, 0.0, 73.841718245378, 104.22575513217078, 62.07590326838185, 100.34277135205352, 86.57627086298179, 57.782949240297626, 54.31303308229627, 9.115425482328247, 46.54783637347001, 97.26181177439791, 60.10460195384537, 56.78440233772662, 115.03403994240237, 97.86100056763202, 87.90587737451584, 71.44735167165848, 95.63232411901211, 85.18382176299568, 67.86326613176641, 35.26041800274938, 76.06716346604495, 89.38328467693069, 30.265595407710986, 73.57968806803056, 52.32051986073894, 15.88568439117113, 92.43698653374557, 73.0815671563086, 72.49468444483358, 28.79289868044626, 95.86960599794948, 103.72180872468587, 64.81583635135146, 78.84785984076707, 59.313984702471664, 94.43587534646886, 50.31019665106795, 89.43076224129538, 14.264329882454119, 73.40211003267656, 86.4932163990676, 118.28914151378562, 79.45808771067256, 62.8033669750273, 94.63058818657377, 94.46521480168006, 64.29540918728404, 68.71448538621952, 38.926125970198804, 22.04816392017914, 57.023307199578895, 111.79431894138071, 88.22624094364527, 75.12746124380375, 48.605359961681174, 54.138436848359426, 94.86708471532089, 82.08145639642441, 60.77200835021087, 88.77372174840538, 20.44286488725658, 91.78742124332841, 42.818943207087884, 29.18308369701903, 71.69280405525208, 85.51145702973051, 35.241780128460725, 71.70173414164657, 62.15548708910303, 107.68959063906617, 52.32277434151171, 51.82235654513575, 66.27392390288281, 99.53597914327183, 83.6494167308974, 98.92823637055861, 72.18554933261443, 100.03040187853492, 49.04292714381128, 26.529860129355793], [18.78871331301383, 40.14529425256183, 53.24846265663065, 32.51374764503068, 44.20577275610361, 55.74810080801306, 73.841718245378, 0.0, 39.36009885318325, 43.89267999015129, 39.73475078813001, 13.89869261683562, 17.312456458360234, 21.02545624774117, 66.81388260003826, 41.12778724842861, 23.422761993747443, 30.801093944700078, 17.861582660396117, 41.89569862466312, 48.817217385715054, 28.16643466574259, 11.070338193425311, 61.56704126117872, 67.78074291656688, 25.61101004767329, 50.71930733608566, 30.97456248374863, 43.42637634217889, 43.94168095936436, 52.32457459366746, 23.75852099774356, 59.223160027742146, 36.778453185874476, 55.57976738963675, 10.80502489987223, 60.64348845789925, 41.27357425886561, 32.98935640350023, 30.891821841258906, 25.150547625901268, 40.3132433422259, 28.13086616446073, 55.00852931356894, 63.219815140695594, 60.775668550847385, 39.926943785789135, 12.850971076504912, 46.302085253730695, 45.98838734436358, 11.432668438841395, 57.34689636438227, 28.789416169616047, 31.01935769021007, 28.36168628219784, 36.81862794465679, 59.75631019128335, 54.103143499302504, 38.210748918260144, 63.5448889292029, 17.26434175553607, 58.214143550313345, 48.28908464140705, 22.96664167376223, 44.50256987264449, 42.80901137469921, 21.219700286412543, 56.64642565714363, 63.317372883176, 31.570398773723525, 58.3531589743633, 47.89725152118982, 36.635741578578546, 40.443177727270914, 18.652080469612123, 40.743991296660155, 34.888344548210924, 29.852888872170368, 39.93951899562741, 39.658629749924515, 34.64631307291256, 61.482904227917736, 35.53477562263517, 32.01542844624928, 46.98883909513489, 29.9293038038246, 54.53419678006075], [49.28558182452487, 13.157768770731577, 92.60079787806379, 19.887422045640918, 63.56328848136706, 95.0649816803712, 104.22575513217078, 39.36009885318325, 0.0, 50.564678878032595, 7.21617747188314, 37.97430215880777, 48.65375860535355, 51.39547117258778, 99.09463720095793, 60.13350013570791, 29.14397992285237, 70.12293014283202, 49.96892774679687, 41.61966973464287, 22.984951026571693, 58.0237684869109, 49.62062830736087, 41.852347750214136, 104.69892418908591, 64.1894260963947, 88.26115571148416, 67.34797855267259, 75.80752899656054, 77.34804134353628, 90.24147561280542, 61.41503563312884, 88.387947882892, 65.8502099457599, 52.53573681238124, 33.96626157992992, 82.62329176777688, 69.43780792865985, 13.127915704767595, 69.82645675369103, 60.11750498877558, 50.33117912814411, 11.265599482582688, 94.26534051143118, 48.836582300695554, 93.3514643010388, 38.42099861061914, 34.61565370871256, 48.91245024531368, 38.059353054334544, 45.812191984853264, 37.26634013764246, 52.628339009349716, 41.66590856247158, 66.70804191266953, 72.62997186114615, 85.16025011224995, 93.45322939065785, 26.659769036337163, 99.33948388303872, 29.495341371529534, 97.3847968624078, 59.309120060029876, 19.800909948861573, 34.234937451253415, 50.80010444805954, 47.62048189467411, 84.31534700391573, 98.12372932560459, 62.59583402005494, 80.73629446598001, 85.94454580738936, 69.6713718621515, 75.77656787134435, 56.535230424917806, 48.39301845449084, 20.531506389095107, 52.025157194681334, 79.1884446799554, 78.35096972716127, 56.306961869881384, 98.11945638388511, 5.381941788533289, 69.55419014836185, 74.35703934396051, 68.09460088271034, 79.66796653844074], [62.62206002132921, 61.311705498960585, 76.72544034935272, 60.94504067561066, 87.95462354931954, 81.37691798161111, 62.07590326838185, 43.89267999015129, 50.564678878032595, 0.0, 44.52970693545679, 56.22837922235597, 32.016001382871096, 30.41851331121559, 60.14816376020743, 16.506878030476543, 59.69514777416214, 61.369212286871445, 32.86384789436761, 79.57403485883125, 37.18774639050529, 71.67780952960048, 51.749673965257855, 33.91876968006127, 102.04745420920774, 61.869008579210046, 62.391682100377494, 70.31310814584013, 84.88420889106638, 45.08573855484815, 85.81277642323842, 45.30738793504085, 46.99998742847513, 80.05100876675417, 14.515343261338929, 34.07992907961502, 35.26409135445041, 84.58097107707862, 56.22821524008558, 64.49556722754711, 66.73286920311244, 4.523898349067666, 44.68380588353821, 76.09209227698756, 29.21645666447056, 55.77686558578736, 12.727531627086341, 53.609191729395626, 85.7026527738091, 17.510482087950624, 36.40302579069973, 32.57659294727484, 72.6028204160093, 13.026097567239702, 64.64062736837617, 46.81986243700465, 40.27837607601261, 79.07024618198062, 69.21432552315669, 100.07835196345243, 30.32370418478195, 77.71437931811018, 9.106707041985507, 51.57422211117909, 20.5493487947683, 1.6652715324045733, 65.02906930582893, 41.94604919747945, 101.17286662504632, 33.21060043220278, 33.94936631663684, 81.59573208279168, 78.24588653335657, 47.770523794159594, 58.269571456940575, 3.154793746765327, 63.1293582232433, 19.665364352654194, 63.96652952125481, 72.50918430869632, 78.41260916976573, 96.81757999696718, 45.38552130140728, 69.38405198193765, 90.28035759205665, 50.43448104635358, 35.54961942947298], [52.03910091417527, 20.323900264106673, 92.48827585691659, 26.027011844057064, 68.5266188670841, 95.31232820869928, 100.34277135205352, 39.73475078813001, 7.21617747188314, 44.52970693545679, 0.0, 40.823894246695126, 46.49902686703493, 48.86292017336332, 95.69158010567256, 55.26159632144574, 33.713741415058806, 70.41928964214777, 47.87032960616303, 48.00336509472297, 15.996507771378127, 61.23098190065042, 50.530563123994305, 34.79059445656297, 106.66048397315308, 65.20321188058819, 86.62769215934567, 69.27442195010286, 78.8734988564891, 74.54376439828694, 91.70780197891797, 60.25721597368722, 84.45844967163721, 69.39893615041026, 45.59977806801379, 32.598429921963145, 77.5930172564184, 73.21952902581035, 19.22081125034666, 70.61310283320535, 62.319887739227354, 44.70046640005958, 12.710351103852078, 93.85733497294854, 41.633569949532706, 90.08834609147517, 32.09004281800072, 37.29618910720399, 55.274282590086074, 31.140069981877005, 44.490751844388626, 30.163307063607427, 56.61682695153297, 36.70305768162839, 67.86103969615115, 70.58333380870953, 80.61216063227575, 93.57048223547162, 33.3536321562436, 101.69043921136765, 27.086451697923522, 96.82013904641084, 53.44760877624801, 23.54020520498681, 27.27729692249476, 44.904723689895185, 50.965099699919456, 80.17196197941561, 100.77469923714006, 59.65198358034694, 75.79854363656064, 87.33084962047218, 72.50256326931226, 73.5240182842897, 57.808360056732624, 42.5690221325053, 27.020239184829016, 48.02688717235811, 78.84737079005303, 79.3334465106575, 60.75122257782499, 100.16778623805666, 5.1909418210717195, 71.0916656532197, 78.36201088288983, 67.02499389219994, 75.17622971127865], [11.31300807746729, 34.139696500091716, 58.923942648626266, 24.456479598870352, 32.12351557971333, 60.286541580377275, 86.57627086298179, 13.89869261683562, 37.97430215880777, 56.22837922235597, 40.823894246695126, 0.0, 31.16279970524398, 34.85812899639714, 79.11193252873126, 54.8904788242058, 12.651300688193134, 36.35438930511826, 31.62599343124691, 28.48877673767666, 53.40298859408164, 20.446459969857223, 16.36302981564309, 68.86315866258215, 66.90487860409338, 28.64995860635552, 60.468097029480646, 29.81564826248434, 38.05234985387543, 56.368946165665925, 53.04246107809176, 34.815902539648356, 72.4190516601809, 28.825804204187374, 66.64804934980923, 22.154648784139837, 74.51928841892378, 32.90406417644503, 27.662409152825656, 34.57945656501545, 22.37095404287389, 53.02372669517662, 28.113665537446362, 61.4515884035233, 72.03278128444393, 73.08333656071227, 50.30346762182495, 3.5859965198983383, 32.478092377037754, 55.36676715894683, 25.198405927390525, 64.31543075803698, 17.378885362995028, 43.20228243480023, 30.65885674439688, 48.42442464286358, 73.44673170472952, 59.07721254939868, 27.777998417054008, 61.38064313625933, 26.78008260036027, 64.9603741650258, 61.437821338861745, 18.28920858128319, 53.15026477831345, 55.313472225399906, 10.469747987419659, 70.11759711003786, 60.16450372806836, 45.0158787192262, 72.22486250903837, 48.91723243515376, 31.750698346457344, 52.159838037184194, 20.84863639531682, 53.0815472990438, 26.411654620246466, 43.62327854825713, 46.94953868686787, 42.257494318451684, 22.789323071004336, 60.28568012127069, 35.8072011789056, 32.57786613769672, 38.3450755785688, 39.93474970836796, 68.29003560909726], [33.56840042380413, 53.19818466144738, 48.88336933570499, 47.44763800787697, 59.68873666319958, 52.76483628204961, 57.782949240297626, 17.312456458360234, 48.65375860535355, 32.016001382871096, 46.49902686703493, 31.16279970524398, 0.0, 3.722097530633515, 51.48380359341357, 24.904904022848708, 40.1141703254869, 30.155731081405975, 1.4027487686484201, 59.138263576787836, 50.266458817117076, 41.494099565169414, 20.960426212821933, 58.00854844567377, 70.85447665256639, 29.859747076076793, 40.217057100245114, 38.35805367379163, 53.135734516392304, 28.99274265465576, 54.6005350173539, 15.32589823103076, 42.61965011100064, 49.351150104809605, 45.77661130151523, 15.030749257252133, 43.35936270756265, 53.83534049374761, 46.17981814001153, 32.785950829361454, 35.3372991214292, 27.70849178468985, 37.9056898221711, 49.37316497993542, 57.109112520760604, 45.53610736587225, 32.99752659704374, 30.08559058484097, 63.61054062528563, 40.256090682968164, 6.026485906589376, 54.593417340943866, 44.397136446742195, 21.205323960899502, 32.64847537491663, 24.08974635200147, 42.52241874892493, 50.6574102276765, 54.16215266706037, 68.3676733439899, 19.41787583532611, 51.885244126958185, 33.95649431028423, 37.093751896727944, 40.25477110651636, 30.57355448599248, 37.09246060176536, 39.67216086821705, 69.271834767297, 14.96616069440713, 41.06308941582434, 50.25774367818009, 46.61782020517677, 27.13228818291091, 26.621102236129175, 29.132877637226716, 49.90773649255589, 14.019395708489887, 35.167268216135724, 41.166253181407576, 50.258350878257154, 65.31621584346757, 43.736492715470405, 37.37491405072756, 59.4324567618807, 21.84897827727035, 37.251786748355265], [36.92476016292278, 56.44989906590106, 48.41699175437504, 50.95752400580782, 63.02795857440285, 52.56038093638915, 54.31303308229627, 21.02545624774117, 51.39547117258778, 30.41851331121559, 48.86292017336332, 34.85812899639714, 3.722097530633515, 0.0, 48.211612923233304, 21.796893005011718, 43.809005440368146, 31.020911785942857, 3.369295225158312, 62.86035736634169, 51.6087451509912, 44.570507840592576, 24.062561247071578, 58.18134381965585, 71.77049951026723, 31.71093107865757, 38.34648917622709, 40.51876389299705, 55.49717990888003, 25.975497250799915, 55.51131405251814, 15.28282007210336, 39.0374459332792, 52.24113784286884, 44.544402052675345, 18.241636974606436, 39.67982748761773, 56.69215805552496, 49.48601903158551, 34.079560897248705, 38.01941758876979, 25.980705005172307, 40.84585860958078, 48.59859980748966, 56.690993562752055, 42.30939020368754, 32.82109830484652, 33.8073060926591, 67.31663982465231, 40.19365824002573, 9.673278978291489, 54.988782235740835, 47.80421224603416, 20.725232648847758, 34.4069970640853, 21.929040689599038, 38.80295746516943, 50.37733966231479, 57.771945583405056, 69.66070654227964, 21.938223246023416, 50.90980300175872, 31.486318942253956, 40.56418840013498, 40.55152110018291, 28.8935756243173, 40.57072349770932, 36.002500167232455, 70.78520368972858, 11.530303138365964, 37.37972555454773, 51.24621645935776, 49.09575339184693, 24.68764291025167, 29.21432656618689, 27.700178751887847, 53.420204994980125, 11.41989591889064, 34.898011612002946, 42.14665079730797, 53.645545094116734, 66.43336315647306, 46.366736468589934, 39.19682553285322, 62.235521702408995, 21.293803220266007, 33.52975805218747], [76.08472475815829, 104.65466151846424, 44.97892418861252, 98.73196597224366, 98.92590473776599, 50.05240373408138, 9.115425482328247, 66.81388260003826, 99.09463720095793, 60.14816376020743, 95.69158010567256, 79.11193252873126, 51.48380359341357, 48.211612923233304, 0.0, 43.90213238780289, 90.19962043303073, 51.27941955224474, 50.373584964308336, 107.45736061535715, 94.55117702399549, 79.39101406667658, 63.603888705244316, 94.0529462383274, 76.31319033135424, 59.20544912821362, 26.14528159457906, 67.23558010731571, 80.37526424198953, 22.872208114946083, 64.49394511674564, 44.474957735628756, 13.448921728703333, 83.67024078131743, 72.33041459957103, 66.44334274791764, 30.123385157308284, 87.02418294764345, 97.66043576556483, 55.95491306581708, 70.27213199617178, 56.88588738336378, 88.90673739687317, 41.39494335209015, 88.55006844994448, 6.040811006245134, 70.60567629321615, 79.26247107714704, 110.42906390020822, 77.11708183980495, 56.099051469431316, 92.61775889676522, 86.1779831675952, 60.55057007893461, 59.940491896954015, 30.883638509580525, 22.439520911425216, 48.05448791390381, 104.98006046204306, 79.20585553282321, 69.68815064595583, 39.85459620045839, 53.00758934365335, 88.48693295160417, 79.40741342515454, 58.7063151052175, 80.72353394855875, 18.59875951795323, 82.7280119166824, 36.71048262553609, 29.801606409737357, 62.57946511928009, 76.61885532022407, 27.14020576238698, 63.38446010751048, 59.77043073256643, 101.17774850680775, 47.885661258716915, 42.767480178697745, 57.19770318489602, 91.12682968380383, 74.63801302330357, 93.88510828022699, 63.2959010713884, 91.09941477593013, 40.681140069244485, 25.3960686494863], [58.43856235672437, 68.80335078800684, 62.49293034645967, 65.99165832262173, 84.55182526167471, 67.43417703292353, 46.54783637347001, 41.12778724842861, 60.13350013570791, 16.506878030476543, 55.26159632144574, 54.8904788242058, 24.904904022848708, 21.796893005011718, 43.90213238780289, 0.0, 61.64086107088975, 50.14474966854372, 25.080800033924994, 81.52372904453705, 51.342417596782774, 66.34598073246461, 45.81638123750014, 50.35111800789993, 89.89275045696553, 52.624067798706314, 46.730702551973934, 61.73945860344739, 76.88354968424525, 28.99767670512621, 73.91933678825413, 34.01692936090109, 31.021285913913072, 74.03065838138615, 30.115796258963588, 34.14037710819675, 22.52081852257121, 78.47207572283514, 62.65787648206688, 53.97949792598329, 59.74211504315987, 12.984802599458211, 51.85096364787497, 61.3954119496718, 45.62531314238759, 39.34453579467195, 26.875298106605538, 53.12414095302336, 86.75715048320603, 33.2171496089536, 30.73627981875067, 48.73498559863603, 69.20696808820576, 18.55978197204383, 55.12804877441537, 32.074927968739075, 25.538775018635008, 65.06911872066925, 73.78142454555775, 88.86034904319824, 33.58223934209829, 62.66668883757325, 11.839440734200528, 55.71518913272265, 35.61287044674484, 14.96325829641111, 61.80983487990303, 26.133368180216117, 90.52013055453064, 19.274886737430414, 20.602807728956407, 69.96314286448157, 70.63292758488883, 32.39004487533623, 50.91348794720861, 15.870082127762162, 68.38637752819423, 11.275285875393472, 50.62575552925523, 61.09377458001074, 75.08399808475565, 85.20863391304032, 54.752313678406345, 59.936304166300324, 83.99277083642663, 37.7493068702732, 20.27603171825736], [22.554383799835367, 22.48138502763904, 71.55781769536449, 12.255133210423587, 34.83476928673623, 72.82779722706874, 97.26181177439791, 23.422761993747443, 29.14397992285237, 59.69514777416214, 33.713741415058806, 12.651300688193134, 40.1141703254869, 43.809005440368146, 90.19962043303073, 61.64086107088975, 0.0, 49.00554747180682, 40.88691396310845, 20.019013335787758, 48.38510932107809, 29.89095809999563, 28.792020151687733, 65.72752230173295, 77.97893603329236, 41.23514547787223, 72.7283535363363, 41.61043147168076, 47.571972312244554, 67.33214075861608, 64.85900702686244, 46.47683291384287, 82.54186686634222, 37.12027314632591, 67.90691847085658, 27.501309120037227, 82.70762318875842, 40.47637384300403, 16.910865219424508, 47.16416362783927, 34.05526355920974, 57.24077259220873, 21.7800143941381, 74.10280850504724, 70.39200822656825, 84.15920174218168, 51.359697141234676, 11.170955870569403, 26.025600619789678, 54.99611325832052, 34.59673952082495, 61.016377609728515, 23.61692750194135, 47.03608895854516, 43.143414154909486, 59.91468819621386, 82.5518235593244, 71.66480676134151, 15.259550354963027, 71.9622776455424, 29.43584269590495, 77.61064529525127, 66.2649850042337, 10.483018194346972, 52.094538978436056, 59.0919603934198, 19.620365569102283, 79.77518641805162, 70.26802316270098, 54.82366338399414, 80.46953340524726, 60.87440426868675, 41.90813496302388, 63.60162686731833, 33.4715078580664, 56.66940607322271, 13.958606426057528, 50.691041324666756, 59.5743392238873, 54.63793457163973, 27.175842004612285, 71.31716909069473, 28.527717525921723, 44.726133033748226, 45.26112035671141, 52.018775239520586, 77.19683218061854], [28.608376880733267, 69.56739078471492, 22.759218948853185, 60.53925025799559, 48.00718806527523, 24.947988448870063, 60.10460195384537, 30.801093944700078, 70.12293014283202, 61.369212286871445, 70.41928964214777, 36.35438930511826, 30.155731081405975, 31.020911785942857, 51.27941955224474, 50.14474966854372, 49.00554747180682, 0.0, 29.023193910001012, 61.48765158968416, 77.99071676299238, 28.982924001118832, 20.856154227885654, 87.80887278348196, 40.75998673796143, 8.74505889288954, 27.182153208619244, 15.962938779630955, 29.974622356142362, 32.40002333680304, 24.49684216275388, 16.23318663239002, 49.999947646413226, 32.41141590648412, 75.5650972835007, 38.73979900391014, 60.09410452234443, 35.765093472066475, 62.60467098130953, 4.786415477745298, 19.79215672793712, 56.88785536145051, 58.9205661287355, 25.101157035879027, 87.2560003033791, 45.858910566923875, 63.11344093676297, 38.36104674428397, 62.69749077901955, 70.30386635887297, 28.175124892013887, 84.15495714573252, 36.81752797840602, 51.350058327764664, 8.732336965214484, 23.24596227347793, 55.43336207500341, 23.350693641409016, 64.05094542063384, 38.84868614271145, 45.37623249847541, 28.60892077461315, 61.329232408298296, 52.510798474166386, 70.03522149388651, 59.810015893274006, 33.22276546309867, 50.18952572288391, 40.375417186765695, 31.331950379675902, 57.942617919903824, 20.22971676488912, 25.463897034869138, 26.19808397741063, 15.704507569063514, 58.70910990509143, 62.62907997462006, 41.87550435845188, 10.955054621440418, 11.140804329498295, 40.9902679241331, 35.45508131104378, 66.32592518580617, 12.18984512516967, 40.05286712000028, 13.340704095965675, 51.97012945965675], [33.55827651690764, 54.358953949104865, 47.536354867483396, 48.458420589516315, 59.664766711778064, 51.45041372874034, 56.78440233772662, 17.861582660396117, 49.96892774679687, 32.86384789436761, 47.87032960616303, 31.62599343124691, 1.4027487686484201, 3.369295225158312, 50.373584964308336, 25.080800033924994, 40.88691396310845, 29.023193910001012, 0.0, 59.75028860175575, 51.66130345660036, 41.265519051459215, 20.74048597078784, 59.287685713624946, 69.75651443518753, 29.019457675431653, 38.82560065934596, 37.646156130664224, 52.517887074469186, 27.80011917693817, 53.49630290843586, 13.996051476317001, 41.72406018996462, 49.005294239935886, 46.74649766785275, 16.25086883485606, 42.96904383734695, 53.470944960219875, 47.31802769335036, 31.768579843026835, 34.868283434562215, 28.50740390109053, 39.18006088771729, 47.99795345543626, 58.28198239760694, 44.40814652445788, 34.203969015719785, 30.693242060508478, 64.10100667588935, 41.48906958794901, 6.435619550796854, 55.903676213385225, 44.43520721923468, 22.33063243642866, 31.77842966806282, 22.73017227799865, 41.89533912186931, 49.332582513557035, 55.07291939848643, 67.36937476387952, 20.785205339394032, 50.49707670879392, 34.476967614748965, 38.14051429616522, 41.54583028428601, 31.392702968836076, 37.204149533124145, 38.894602553864964, 68.33994977318541, 14.008699032316008, 40.66443011541632, 49.17092786820976, 46.05145937017283, 25.807909368468334, 26.098029470651884, 30.027976188895114, 50.91535070436467, 14.437555045344721, 33.83723420621113, 40.072183418465485, 50.277567463625324, 64.26834886720343, 45.07324755329153, 36.531778859245755, 59.03837258477884, 20.478426762114854, 36.680736138593815], [32.900695497353034, 29.785712126545207, 82.58143105235193, 21.996563391110556, 27.65482713662699, 82.67188540006599, 115.03403994240237, 41.89569862466312, 41.61966973464287, 79.57403485883125, 48.00336509472297, 28.48877673767666, 59.138263576787836, 62.86035736634169, 107.45736061535715, 81.52372904453705, 20.019013335787758, 61.48765158968416, 59.75028860175575, 0.0, 63.872580809323914, 35.046500753847454, 43.99495565751339, 82.30115077355691, 81.548015230467, 52.853651902912944, 87.54390204295292, 49.75325586145092, 49.57559858712797, 84.79616831070842, 71.38653330712317, 63.01316755433148, 100.89364590194322, 38.504726285719705, 87.11258439526706, 47.406761325520336, 102.24089847632932, 39.90865789856688, 28.783188402324583, 58.41785366283117, 42.845297539336116, 77.22161508499106, 38.46578492056351, 85.74720952435902, 88.00383513792755, 101.44366624764363, 70.68566894787172, 29.058441416593023, 7.292990321625196, 73.65292656159706, 53.32762369616487, 77.58184663537135, 26.34796718498925, 67.01149068128433, 53.895613265010354, 76.64445502483296, 101.64336778038097, 82.00313577376676, 15.280586907950914, 74.46286693009272, 49.40698407685603, 89.40972952686741, 86.27377865470315, 28.526942368736794, 70.45468279307114, 79.01949548115746, 28.26540596907003, 98.50104414139557, 71.67501331477114, 73.39629563332262, 99.9764783952915, 68.12263583214994, 46.00240770016626, 80.3928420806288, 46.066668999304916, 76.57943390058024, 21.08816802583226, 70.47158408610835, 72.44239133401878, 64.08908286997368, 25.452397970181693, 75.06188351687338, 43.24801908592929, 53.777582673005135, 42.70970473444154, 67.6144369048415, 96.38983823099919], [64.11242819175432, 36.12631096654341, 98.78717609264527, 41.87640626708527, 83.10299378956769, 102.26336069531041, 97.86100056763202, 48.817217385715054, 22.984951026571693, 37.18774639050529, 15.996507771378127, 53.40298859408164, 50.266458817117076, 51.6087451509912, 94.55117702399549, 51.342417596782774, 48.38510932107809, 77.99071676299238, 51.66130345660036, 63.872580809323914, 0.0, 73.71278048064971, 59.87717828575333, 18.878138835439028, 116.57680823603803, 74.20034547514214, 89.88077150192171, 79.68399629656378, 90.8747465402412, 75.42559051789777, 100.94890293684615, 65.35489951249222, 82.18132710472112, 82.21404502924246, 33.67837306446713, 39.322506055002066, 72.31487883204777, 86.30101847299396, 35.116495018845875, 79.066972764377, 73.32122055191113, 38.92285831159927, 26.6053543995475, 99.54325271961929, 26.356883806470847, 89.42035327338047, 24.739711051500453, 49.81999875883764, 71.11856721627349, 20.39610846926486, 50.154505272068526, 14.355813913135862, 70.1931725081322, 34.069681626171004, 77.02412503282571, 73.36702207885273, 76.7011371779707, 100.29931336796996, 49.342710689557514, 112.31070061083017, 32.61761298300211, 102.13635213347939, 46.235228000182204, 37.91546815672603, 16.792295306444736, 38.09846826083165, 63.85175342333033, 77.4205993196191, 111.89159974687342, 60.78581321724789, 70.85573891193009, 96.49902008817365, 84.24855851958104, 75.7406957119528, 67.46926542612701, 36.2344873077761, 42.97842734213587, 47.14724366133543, 84.98089909725022, 87.93529875075316, 74.8123734528555, 110.29980098833522, 20.630368674816115, 80.8254184340509, 91.68712633991234, 72.03924843764327, 71.58153732205842], [9.74934256042731, 52.33505070772351, 48.09696786101727, 41.98551579446458, 19.693028674168435, 47.779723735138674, 87.90587737451584, 28.16643466574259, 58.0237684869109, 71.67780952960048, 61.23098190065042, 20.446459969857223, 41.494099565169414, 44.570507840592576, 79.39101406667658, 66.34598073246461, 29.89095809999563, 28.982924001118832, 41.265519051459215, 35.046500753847454, 73.71278048064971, 0.0, 20.535876831400447, 88.531024710249, 48.37573751911429, 20.404898368870818, 56.15667902913145, 14.921443959737559, 17.794740757335674, 58.417164896728266, 36.578919366087895, 36.86260149869839, 76.00290648102886, 8.699225995267833, 83.73379836526364, 38.86375051705474, 82.44340323093084, 13.13218663660873, 46.67092634409346, 24.978066625459036, 9.21535401539963, 67.84593606744322, 48.52441599440732, 51.52444781829348, 90.96508537642784, 73.68100453568951, 68.04189400456633, 24.018271561612636, 34.728783946825615, 73.87689767436123, 35.933158212492074, 84.08749576942606, 8.714698505333637, 59.00388832888583, 20.427590702196564, 49.235518285226036, 79.50235052205865, 47.25638396985686, 42.21066407968862, 42.11886255556163, 44.87605959410671, 55.21029712248387, 75.14614306144234, 38.2245107836765, 72.09541926759178, 70.48637452685247, 10.41738517528941, 75.03282503853819, 40.3840329927098, 51.49244777566217, 80.1419869358901, 33.133766584800505, 12.066568826452773, 52.79551677610051, 16.659521388440293, 68.55637113876335, 43.337651606655584, 55.484109447167626, 39.57313389275035, 29.311457846806498, 12.012246992760867, 41.718