instance_id,num_cities,city_coordinates,distance_matrix,best_route,total_distance
1593,23,"[[39.802241506565416, 72.08238677596633], [28.435212561951374, 34.501205620178986], [54.249268838906595, 46.81927859207183], [28.815343411578866, 56.11563238055434], [14.480136784805142, 31.523074556456354], [85.80132449094195, 28.660225234708804], [33.11927564316808, 87.38228656583703], [46.65536703285049, 74.74157032616557], [39.39423755455789, 1.7568789818665054], [78.36162340725535, 37.02832399840985], [34.61649622776717, 47.153598306543806], [5.922964668293362, 24.050530661137582], [66.45009564063398, 52.717131099269295], [41.64365987869535, 37.9507959389115], [0.6613977327482146, 13.268453827302007], [31.808568689460724, 15.183352254888515], [50.43101136385516, 96.48509619204432], [32.02313198586203, 38.212462444799286], [13.217441816768238, 87.39194336973961], [19.820871160418907, 92.61747237104058], [37.83172054213269, 91.23285179012011], [63.462109340835916, 32.99345677197222], [40.2564207590713, 49.26619337874973]]","[[0.0, 39.26263521583592, 29.10225478983665, 19.381671126944322, 47.8149223073664, 63.25661821753217, 16.695776900504505, 7.350958211870774, 70.32669133211691, 52.11154622323276, 25.46245174074546, 58.7780962682519, 32.94117874901324, 34.18122751876156, 70.64760689659875, 57.45780133748352, 26.616967812370603, 34.75178152460791, 30.67790895163142, 28.652136068832444, 19.251578198412638, 45.69172567098226, 22.820713396662182], [39.26263521583592, 0.0, 28.602454845881468, 21.617769164334895, 14.269316892500608, 57.662707616907156, 53.08812644019429, 44.17307981807739, 34.529569296257876, 49.99032733631256, 14.081594669896559, 24.819708143429988, 42.15389989722991, 13.651474421698715, 34.96018505192422, 19.610175680137832, 65.77094993504966, 5.162033805658979, 55.03644870579631, 58.751232658042646, 57.5045566835621, 35.05933263123959, 18.914169998982224], [29.10225478983665, 28.602454845881468, 0.0, 27.079637301919334, 42.60936190833816, 36.404442513307266, 45.73657429597996, 28.936511889373637, 47.44777985415979, 26.024381542794053, 19.635618912379382, 53.42141478033928, 13.551562228850392, 15.412701315057129, 63.2243447738807, 38.786812944724254, 49.812373242192784, 23.834396229047154, 57.70400294551226, 57.295629153750184, 47.35083289969983, 16.61414394770708, 14.205181778443151], [19.381671126944322, 21.617769164334895, 27.079637301919334, 0.0, 28.465629263445066, 63.25505055820977, 31.561487553601914, 25.791316506942604, 55.37857954433024, 53.0957550345134, 10.675740196374925, 39.39837246387944, 37.78788676681014, 22.237962728904098, 51.26914634807989, 41.04157591820919, 45.792255998697684, 18.188276479255123, 34.94999518245499, 37.59368103508816, 36.256229197476635, 41.653732056453684, 13.334656557660063], [47.8149223073664, 14.269316892500608, 42.60936190833816, 28.465629263445066, 0.0, 71.37862230425179, 58.88691759372598, 53.880272995885115, 38.81673371305379, 64.11826654325907, 25.490905129442034, 11.360638489938518, 56.125436802010675, 27.913663124763435, 22.895168201044402, 23.817243273868595, 74.24641161686661, 18.775105617413026, 55.883136106147084, 61.327391009218196, 64.11360199886788, 49.004037173884534, 31.292732080533202], [63.25661821753217, 57.662707616907156, 36.404442513307266, 63.25505055820977, 71.37862230425179, 0.0, 78.89029571357949, 60.46400872212025, 53.641474229568225, 11.19706341563102, 54.42326241511774, 80.0112595327566, 30.874014604409915, 45.124428506269695, 86.52001939117015, 55.64929275698474, 76.49360869436991, 54.619952625677655, 93.36934582158601, 91.89096627503244, 78.84425468636621, 22.75560214712547, 49.98944067599271], [16.695776900504505, 53.08812644019429, 45.73657429597996, 31.561487553601914, 58.88691759372598, 78.89029571357949, 0.0, 18.520623023044557, 85.85502647434494, 67.69336435315111, 40.25654019587804, 68.9242383825496, 48.08967212640136, 50.161114343630096, 80.90966593456723, 72.2108306859515, 19.559073003439735, 49.18204077721092, 19.90183616924566, 14.29177148578188, 6.085555806352922, 62.28027266438646, 38.7785430393173], [7.350958211870774, 44.17307981807739, 28.936511889373637, 25.791316506942604, 53.880272995885115, 60.46400872212025, 18.520623023044557, 0.0, 73.34500100158928, 49.27043374943506, 30.100342363782527, 65.0285330044406, 29.612618997904413, 37.13055734314852, 76.77492601143685, 61.38085011528493, 22.06890135902524, 39.350705521995586, 35.750899022232915, 32.243418594273066, 18.703451599010464, 45.00412839219142, 26.266734552045843], [70.32669133211691, 34.529569296257876, 47.44777985415979, 55.37857954433024, 38.81673371305379, 53.641474229568225, 85.85502647434494, 73.34500100158928, 0.0, 52.55979446067162, 45.647441742437806, 40.21607904586738, 57.697198828393255, 36.26374946810929, 40.40729186773136, 15.421172351091823, 95.36899659709238, 37.193316105554736, 89.54657384742944, 92.94495200403318, 89.48961486897491, 39.43331389013664, 47.51713705959189], [52.11154622323276, 49.99032733631256, 26.024381542794053, 53.0957550345134, 64.11826654325907, 11.19706341563102, 67.69336435315111, 49.27043374943506, 52.55979446067162, 0.0, 44.901640635555324, 73.5919995638435, 19.69830353058277, 36.72954941413895, 81.25180921319377, 51.42362972441002, 65.6903862738276, 46.35361874838641, 82.34232539389777, 80.72901021578203, 67.68163605719478, 15.436180646468578, 40.022142819062466], [25.46245174074546, 14.081594669896559, 19.635618912379382, 10.675740196374925, 25.490905129442034, 54.42326241511774, 40.25654019587804, 30.100342363782527, 45.647441742437806, 44.901640635555324, 0.0, 36.83843764307514, 32.31610973979705, 11.57897233758787, 47.970321347532476, 32.0933184582673, 51.804397232442525, 9.309642774530404, 45.57459756388099, 47.810818504664475, 44.19636020150371, 32.1337673506849, 6.022607961499305], [58.7780962682519, 24.819708143429988, 53.42141478033928, 39.39837246387944, 11.360638489938518, 80.0112595327566, 68.9242383825496, 65.0285330044406, 40.21607904586738, 73.5919995638435, 36.83843764307514, 0.0, 66.97243884182782, 38.329954880053315, 11.997385859759438, 27.36222484427985, 85.01607203526596, 29.69476462021828, 63.76004988071349, 69.96125570852126, 74.374948562631, 58.22996734561707, 42.59830810520239], [32.94117874901324, 42.15389989722991, 13.551562228850392, 37.78788676681014, 56.125436802010675, 30.874014604409915, 48.08967212640136, 29.612618997904413, 57.697198828393255, 19.69830353058277, 32.31610973979705, 66.97243884182782, 0.0, 28.86873584484098, 76.70952294808566, 51.07660857817156, 46.60735810394015, 37.35774671019323, 63.529977484049894, 61.37036588802533, 47.98408208577248, 19.948719033989594, 26.42002223602229], [34.18122751876156, 13.651474421698715, 15.412701315057129, 22.237962728904098, 27.913663124763435, 45.124428506269695, 50.161114343630096, 37.13055734314852, 36.26374946810929, 36.72954941413895, 11.57897233758787, 38.329954880053315, 28.86873584484098, 0.0, 47.841026564170456, 24.80091753556143, 59.190217538438276, 9.624085738244828, 57.030491253198164, 58.86152919843003, 53.41823993016756, 22.374537951610353, 11.400116297499471], [70.64760689659875, 34.96018505192422, 63.2243447738807, 51.26914634807989, 22.895168201044402, 86.52001939117015, 80.90966593456723, 76.77492601143685, 40.40729186773136, 81.25180921319377, 47.970321347532476, 11.997385859759438, 76.70952294808566, 47.841026564170456, 0.0, 31.205978507245188, 96.96403460794673, 40.07195953871873, 75.17942501102087, 81.62935848014602, 86.37175607487973, 65.82556585134267, 53.512644312058804], [57.45780133748352, 19.610175680137832, 38.786812944724254, 41.04157591820919, 23.817243273868595, 55.64929275698474, 72.2108306859515, 61.38085011528493, 15.421172351091823, 51.42362972441002, 32.0933184582673, 27.36222484427985, 51.07660857817156, 24.80091753556143, 31.205978507245188, 0.0, 83.40724751713101, 23.030109716352086, 74.56346712156228, 78.35654312315252, 76.28764472573219, 36.32005587382414, 35.1141889222062], [26.616967812370603, 65.77094993504966, 49.812373242192784, 45.792255998697684, 74.24641161686661, 76.49360869436991, 19.559073003439735, 22.06890135902524, 95.36899659709238, 65.6903862738276, 51.804397232442525, 85.01607203526596, 46.60735810394015, 59.190217538438276, 96.96403460794673, 83.40724751713101, 0.0, 61.110963558393564, 38.3084218767318, 30.853511911852436, 13.650208806750332, 64.81510464956548, 48.30266117789284], [34.75178152460791, 5.162033805658979, 23.834396229047154, 18.188276479255123, 18.775105617413026, 54.619952625677655, 49.18204077721092, 39.350705521995586, 37.193316105554736, 46.35361874838641, 9.309642774530404, 29.69476462021828, 37.35774671019323, 9.624085738244828, 40.07195953871873, 23.030109716352086, 61.110963558393564, 0.0, 52.65240095933442, 55.75661641748499, 53.33761700100079, 31.86922210126193, 13.783033468116763], [30.67790895163142, 55.03644870579631, 57.70400294551226, 34.94999518245499, 55.883136106147084, 93.36934582158601, 19.90183616924566, 35.750899022232915, 89.54657384742944, 82.34232539389777, 45.57459756388099, 63.76004988071349, 63.529977484049894, 57.030491253198164, 75.17942501102087, 74.56346712156228, 38.3084218767318, 52.65240095933442, 0.0, 8.420892615395603, 24.912151546257082, 74.05215701606254, 46.74055192889546], [28.652136068832444, 58.751232658042646, 57.295629153750184, 37.59368103508816, 61.327391009218196, 91.89096627503244, 14.29177148578188, 32.243418594273066, 92.94495200403318, 80.72901021578203, 47.810818504664475, 69.96125570852126, 61.37036588802533, 58.86152919843003, 81.62935848014602, 78.35654312315252, 30.853511911852436, 55.75661641748499, 8.420892615395603, 0.0, 18.063993733498926, 73.88897689153528, 47.92645488314798], [19.251578198412638, 57.5045566835621, 47.35083289969983, 36.256229197476635, 64.11360199886788, 78.84425468636621, 6.085555806352922, 18.703451599010464, 89.48961486897491, 67.68163605719478, 44.19636020150371, 74.374948562631, 47.98408208577248, 53.41823993016756, 86.37175607487973, 76.28764472573219, 13.650208806750332, 53.33761700100079, 24.912151546257082, 18.063993733498926, 0.0, 63.62974117543274, 42.03664579100794], [45.69172567098226, 35.05933263123959, 16.61414394770708, 41.653732056453684, 49.004037173884534, 22.75560214712547, 62.28027266438646, 45.00412839219142, 39.43331389013664, 15.436180646468578, 32.1337673506849, 58.22996734561707, 19.948719033989594, 22.374537951610353, 65.82556585134267, 36.32005587382414, 64.81510464956548, 31.86922210126193, 74.05215701606254, 73.88897689153528, 63.62974117543274, 0.0, 28.3426522969781], [22.820713396662182, 18.914169998982224, 14.205181778443151, 13.334656557660063, 31.292732080533202, 49.98944067599271, 38.7785430393173, 26.266734552045843, 47.51713705959189, 40.022142819062466, 6.022607961499305, 42.59830810520239, 26.42002223602229, 11.400116297499471, 53.512644312058804, 35.1141889222062, 48.30266117789284, 13.783033468116763, 46.74055192889546, 47.92645488314798, 42.03664579100794, 28.3426522969781, 0.0]]",Route_3,914.6567230235235
