instance_id,num_cities,city_coordinates,distance_matrix,best_route,total_distance
1336,61,"[[89.20491945249454, 17.669785753325396], [64.64610068961572, 99.7736725754626], [88.82062143090795, 25.098257328338903], [59.47535163192795, 49.96431169673677], [7.89893205444292, 55.77151732486799], [47.86586378141809, 79.65692737111686], [55.444074166858535, 88.48611569828299], [36.07493667210673, 72.08601311649147], [61.64912924662247, 60.17717783559006], [37.93802807764808, 58.725812860354154], [83.15962312415542, 14.910364794201158], [94.30680442245405, 86.15769668930305], [32.73347300354923, 98.90457977190938], [8.115396283612053, 21.031046095896677], [66.36585257203822, 83.15625813994905], [59.414474308676155, 68.85496373158053], [52.9588426201695, 99.4055677187956], [85.59032592066481, 79.07609489599437], [10.145670598171119, 2.1229094513269042], [99.91668605545189, 70.17503440119056], [1.1058777070436898, 18.053494454981156], [48.6778490768881, 3.0256524558823994], [11.163975151346218, 17.254795657511213], [32.38047565926661, 64.8732944448531], [48.74860928171365, 66.2163932917011], [29.43521131608503, 56.27851512203945], [7.848946936716439, 5.45405771012093], [97.53546124473974, 72.95870548227283], [81.50855966543425, 52.958335524401946], [17.300754550819562, 51.40971163361981], [32.9344269215489, 16.53159266354368], [49.66159831218797, 55.818578609840216], [99.70960403079302, 80.83036535742339], [1.7582250064858695, 66.40213488258026], [6.97915291812683, 82.22538092181132], [26.34520897159853, 86.96483188272519], [17.51680554870223, 25.44553262590201], [64.73409471829042, 80.38572607743895], [68.15068293799634, 90.00140853161598], [31.118184614962107, 92.33719262653563], [73.62428316214509, 83.20086213841552], [39.619908639479576, 95.93795625200138], [25.732067136762147, 44.36603818756352], [39.082427616705075, 61.493085113741984], [76.44023963612587, 92.8433339965238], [41.57662703271312, 79.0303872801289], [89.52864388265522, 81.5671077385329], [82.09611976753472, 82.85720312313877], [7.5579992929764135, 18.76471495085171], [66.16824819473334, 91.59344866080302], [2.129595750591151, 1.5677447316452597], [25.764496345312793, 84.54058491171705], [74.11864328577346, 9.517268941480205], [75.82546581328643, 92.5475332924649], [33.87346542235977, 43.2490913366597], [51.94730851317269, 83.04727470331542], [91.88818320806746, 57.99685591001818], [82.47202210062866, 91.31051940936811], [26.064743477544607, 36.0952004096498], [61.15630651092163, 62.109698530503266], [72.5501751091209, 20.43027981209573]]","[[0.0, 85.69821357724, 7.4384054010371745, 43.895143338498606, 89.79089895708815, 74.50720267008077, 78.45219730048196, 76.05209313808588, 50.65767420150091, 65.6802216276208, 6.645299972693826, 68.67767595529938, 98.93490801167133, 81.15915745525744, 69.35489198040739, 59.223247686466046, 89.41205813111391, 61.512601058038314, 80.57338389418358, 53.586780826341666, 88.0998773485776, 43.09169378502817, 78.04204766787298, 73.8727869056045, 63.19403560558152, 71.1551262677411, 82.26796627857998, 55.91299107851714, 36.11807994505834, 79.42664243574085, 56.2820025690703, 54.94546972421559, 64.02817515762214, 100.10877194926121, 104.53947364379536, 93.55825254790574, 72.10858419432103, 67.32095092844357, 75.33355513281816, 94.60068928530768, 67.35783695607118, 92.65300756336313, 68.85849893170297, 66.57886867964542, 76.24958626961124, 77.67610738544619, 63.898142026102484, 65.57388517014324, 81.65426162474512, 77.42994356382125, 88.55161050401696, 92.17587029206827, 17.14815613837228, 76.06370261970443, 60.957941887948564, 75.24855901817617, 40.41624044619679, 73.9478840816354, 65.77368567599918, 52.55121821222937, 16.881967793821975], [85.69821357724, 0.0, 78.49092364981777, 50.07703143123324, 71.8082921033927, 26.196560619894456, 14.56318070962149, 39.78590076435814, 39.70974985459957, 48.9719095996609, 86.85926272143526, 32.63666872184856, 31.924459715564268, 96.93359461785887, 16.706166797285064, 31.358196235792875, 11.693053594649161, 29.44571772476491, 111.83008727028026, 46.0444738684265, 103.51592847826942, 98.05694496886018, 98.33464699632185, 47.53006366773157, 37.132482087690946, 55.961017256417776, 110.10043788639926, 42.43527421772831, 49.75960516237619, 67.68053279183398, 89.07791040002338, 46.439052499225596, 39.85345850630492, 71.19371064865393, 60.27785169729621, 40.38594689105609, 88.01047010919096, 19.388146181605656, 10.38167815328148, 34.34271961187421, 18.84849612813527, 25.318432183774025, 67.70751772008563, 46.03156262167404, 13.679594522803479, 31.023934303213867, 30.832125436219947, 24.30370557242541, 99.10349406806489, 8.320636773787465, 116.41614000410829, 41.759144102319354, 90.75212096792214, 13.311472251619177, 64.3582424054106, 21.000754951140692, 49.87417639059604, 19.732927701291178, 74.4544756324133, 37.82530375646728, 79.73611708398505], [7.4384054010371745, 78.49092364981777, 0.0, 38.46382091559608, 86.53998318901942, 68.21979662066697, 71.63807992958364, 70.6396238288533, 44.37139451803078, 60.99057957924302, 11.655044234845043, 61.3054103557915, 92.69919876329494, 80.80764551256908, 62.249081139774184, 52.71973865483238, 82.50844536733196, 54.07440945182569, 81.96105476751308, 46.42239202612916, 87.99718717371042, 45.810938192993284, 78.05174310911134, 69.04740134388989, 57.41486970103402, 67.073358426333, 83.32050557356034, 48.64741442745078, 28.80364914994018, 76.20619388346626, 56.53896426551308, 49.77114858279953, 56.7858944406632, 96.36322520639803, 99.807485783344, 87.92411619717465, 71.30466155515914, 60.306425609219716, 68.11508932252967, 88.60386918489118, 60.05698446054884, 86.24948163774535, 65.96524131817063, 61.631740308288855, 68.86704049226175, 71.69846335754643, 56.473288928847104, 58.149073440144676, 81.50906400995945, 70.24770803073913, 89.82771819749462, 86.657170616977, 21.42230987758878, 68.68972920030349, 57.86745828723901, 68.68573229029849, 33.04130330200611, 66.51592563697298, 63.7121101112734, 46.20780345194356, 16.9268259754245], [43.895143338498606, 50.07703143123324, 38.46382091559608, 0.0, 51.902318769397766, 31.8815249594115, 38.73216468949184, 32.20169396160087, 10.441644692685298, 23.251241010359152, 42.30512864373922, 50.2313768546988, 55.76986562512678, 58.94895140466672, 33.899621117274044, 18.890750126716323, 49.86885487695799, 39.10866659887504, 68.71839054939585, 45.21033999199327, 66.52289638391034, 48.16454912853577, 58.342964759847945, 30.92588027134444, 19.472882622181523, 30.696566503301884, 68.16486170826438, 44.467000003413176, 22.23570180876676, 42.1993580511763, 42.686852618042025, 11.42725668349868, 50.710041753877164, 60.01223822676812, 61.616779102318766, 49.66532841658772, 48.59722334190073, 30.872590299013755, 40.966211641248265, 50.986174199669136, 36.122853551581834, 50.07808512832913, 34.20453061810976, 23.42613852924335, 46.11309985655498, 34.13504199642945, 43.611203752785684, 39.92043909370177, 60.5708371330022, 42.163727406070244, 75.03841290704689, 48.29016911952237, 43.01615113076871, 45.6142192217991, 26.467919487033182, 33.92865860143147, 33.39331396135321, 47.311264460613046, 36.17486676049201, 12.261159433228212, 32.29876233422497], [89.79089895708815, 71.8082921033927, 86.53998318901942, 51.902318769397766, 0.0, 46.56037419035785, 57.712957689098246, 32.55840919254982, 53.930450978402945, 30.18402146835861, 85.63764012643695, 91.59497968521048, 49.77163348950093, 34.74114560536963, 64.5624103044486, 53.15098930052958, 62.72420500868139, 81.11138031524963, 53.69563260501592, 93.13822177580006, 38.32485925062252, 66.67118068776612, 38.654861976538825, 26.11873511517677, 42.1638656142286, 21.54224619675889, 50.3174844422264, 91.26941876686281, 73.663364496005, 10.36434344961508, 46.546188787776146, 41.76269277381836, 95.16903568633897, 12.276738683672047, 26.46984875032885, 36.23931573870861, 31.81460102709909, 61.936217090981145, 69.29616826751378, 43.314920059214735, 71.21931434050185, 51.18166831586853, 21.168506352970027, 31.70404916480392, 77.92451755605373, 40.92874504117057, 85.60854126748418, 78.98643579561256, 37.00837279721088, 68.39973660836387, 54.50994592480115, 33.86499132212931, 80.7744120936385, 77.24305366141508, 28.835525594502005, 51.80952044960375, 84.01872672901666, 82.60851304919264, 26.779733979406764, 53.63320310211819, 73.68029789196858], [74.50720267008077, 26.196560619894456, 68.21979662066697, 31.8815249594115, 46.56037419035785, 0.0, 11.635456121809916, 14.01230547583029, 23.862922051818224, 23.166214115036407, 73.74121516539797, 46.89371993510961, 24.483900293782128, 70.83144514684383, 18.828034976671518, 15.813058640887945, 20.3947843586034, 37.72893332788002, 86.22260091511843, 52.90741340961766, 77.34002356302021, 76.63557669421104, 72.39512878237312, 21.409181390052733, 13.469491302875129, 29.7697683831383, 84.3055128664936, 50.11920877907588, 42.94933984291109, 41.6188791199273, 64.86721582312136, 23.905889110619988, 51.85701842327965, 47.9750338959109, 40.96730499874815, 22.727605500672418, 62.128420677128815, 16.883967617061856, 22.770203747331838, 21.006520045222246, 26.001070028525373, 18.250141852135236, 41.65755409613994, 20.176072868880752, 31.47024428212597, 6.320367977173188, 41.70654666596243, 34.37953155242305, 73.02455390519872, 21.850808124916014, 90.49710856534807, 22.634499188619056, 74.89178937861213, 30.78809943468335, 39.00407333280071, 5.305906720939719, 49.062442900877365, 36.515645975502885, 48.712553847744125, 22.01229447220519, 64.16471777233545], [78.45219730048196, 14.56318070962149, 71.63807992958364, 38.73216468949184, 57.712957689098246, 11.635456121809916, 0.0, 25.379654292048283, 28.981005356210705, 34.527340973246055, 78.62278788687043, 38.932420140553276, 24.986312229946016, 82.40261018462272, 12.152885464941187, 20.0286346221082, 11.19869672189292, 31.580769248125865, 97.52204242696082, 48.09479084539388, 88.95725788100624, 85.72789849036221, 83.87268997459441, 33.00749768864382, 23.25445733820559, 41.39795262653926, 95.70589736167213, 44.86407620977257, 44.06336991639517, 53.19372678895018, 75.3932198825936, 33.17536746495255, 44.92268522045902, 58.05060386196351, 48.86763132777246, 29.138604292233904, 73.57032566829884, 12.325615354030187, 12.796640919925293, 24.62883870584205, 18.93287892277321, 17.490973165491127, 53.191959931068446, 31.564650765850626, 21.44351453729958, 16.784424027538286, 34.779743585283796, 27.239974146080595, 84.58220787500734, 11.165277726958161, 101.96684176874702, 29.94068390756847, 81.14689328542732, 20.78211342283097, 50.11665925320986, 6.46593855564192, 47.51597674723553, 27.17512145021215, 60.0662390743153, 26.987867291827737, 70.1727545961716], [76.05209313808588, 39.78590076435814, 70.6396238288533, 32.20169396160087, 32.55840919254982, 14.01230547583029, 25.379654292048283, 0.0, 28.210985158020595, 13.489479621894008, 74.06768836248338, 59.907951895113854, 27.025930083891343, 58.20949713070787, 32.2504249729536, 23.562124208495593, 32.11579586015744, 50.00634975400983, 74.61342180596941, 63.87034369702566, 64.36107641897016, 70.20090323960223, 60.224732559993924, 8.103848024956813, 13.966904249083719, 17.14534763858704, 72.36383059111029, 61.46672004189355, 49.295863400155014, 27.92811052208616, 55.64311667543662, 21.19497110048143, 64.23265980764104, 34.78423739740873, 30.811871279588285, 17.777706516996655, 50.196998428058734, 29.836765494105673, 36.739827046326646, 20.848972696611206, 39.15984283177247, 24.11393824303815, 29.586685523822254, 11.011590505157523, 45.38969104866961, 8.859623544405505, 54.28802786787476, 47.264868852692324, 60.467979588822864, 35.86289781812564, 78.26309696322475, 16.16853544186384, 73.22684863180142, 44.7076992800518, 28.920832169901306, 19.289412729159125, 57.56407594735323, 50.222217976373926, 37.35696142744233, 26.992627988212167, 63.23573200534564], [50.65767420150091, 39.70974985459957, 44.37139451803078, 10.441644692685298, 53.930450978402945, 23.862922051818224, 28.981005356210705, 28.210985158020595, 0.0, 23.755478924590857, 50.117718521291835, 41.731416316706316, 48.331427008777744, 66.3195310231936, 23.458167246455982, 8.960895644316976, 40.179443182785526, 30.501638714030058, 77.60737291253194, 39.55202953102796, 73.75561001398128, 58.60504212496662, 66.26523731086195, 29.643002446183406, 14.244140503741937, 32.44897655380569, 76.7403381074494, 38.094570128326836, 21.13075154540004, 45.20671191053407, 52.24434165178025, 12.755323794977972, 43.30304718617956, 60.21354084371791, 58.94853323950928, 44.31642129204751, 56.16003181934337, 20.442662106597496, 30.524661128530024, 44.3441668255854, 25.95176969257835, 42.00142656512799, 39.24318396324336, 22.60503559869813, 35.858816278357324, 27.53813449540554, 35.13967042522699, 30.536256620714408, 68.12372877230119, 31.739636239728735, 83.53227230448705, 43.37375338633759, 52.17197666882188, 35.3384837090637, 32.52764383403329, 24.842839134912452, 30.31755577519915, 37.455010670923045, 42.96731487195875, 1.9943696961926316, 41.21466612003974], [65.6802216276208, 48.9719095996609, 60.99057957924302, 23.251241010359152, 30.18402146835861, 23.166214115036407, 34.527340973246055, 13.489479621894008, 23.755478924590857, 0.0, 62.9665478471549, 62.68929092768322, 40.51445055844166, 48.06542217175978, 37.48316771623136, 23.74526142383583, 43.364355464640695, 51.815783972161206, 63.05794009162294, 63.0272855089027, 54.87116533654863, 56.72611060331565, 49.36289272255941, 8.287214170926887, 13.152089612231721, 8.848003113735762, 61.18196385121982, 61.27339775541278, 43.95059746650772, 21.89571637971594, 42.489860467483844, 12.078663420741183, 65.60746022237748, 36.985187170771376, 38.86748834460338, 30.5259831974569, 39.04616987695965, 34.45549343691641, 43.48525495271675, 34.296284268736954, 43.27281871012473, 37.25013205378984, 18.84644823683636, 2.9945694230329725, 51.44342079771487, 20.62801843910296, 56.42088612253238, 50.32157646285788, 50.1979630571831, 43.326975557613444, 67.44841419876039, 28.541151534267165, 61.07796420522037, 50.78746608327423, 16.001549259392085, 28.067658336594338, 53.95507962028932, 55.18187858821249, 25.556202908277065, 23.463570393988558, 51.61926552730623], [6.645299972693826, 86.85926272143526, 11.655044234845043, 42.30512864373922, 85.63764012643695, 73.74121516539797, 78.62278788687043, 74.06768836248338, 50.117718521291835, 62.9665478471549, 0.0, 72.11408983733999, 97.96848863643542, 75.29341751900928, 70.28180908255247, 58.93939129974085, 89.73029845218575, 64.2117530953729, 74.12527421610453, 57.74931051409297, 82.11392330805208, 36.47244341707015, 72.03380930575243, 71.2377439040353, 61.77723232592243, 67.8058720589136, 75.90204010089394, 59.80196132492381, 38.083777218534145, 75.29669906087587, 50.25135533888268, 52.87343022624151, 67.9657880279872, 96.32024710488355, 101.66009756572156, 91.75905341114549, 66.4828493709944, 68.0185491774549, 76.57632228754557, 93.2910766916328, 68.9529893167168, 91.98465804067149, 64.54115649522888, 64.13071803878826, 78.22210559138237, 76.42331350796552, 66.96033008706664, 67.95516079216007, 75.6998120277796, 78.54299569843569, 82.12119608416754, 90.23617972616711, 10.527335812762173, 77.98281731181793, 56.85251764921686, 74.94562745976391, 43.96172742069904, 76.40324875546177, 60.89846091581096, 52.07612742066211, 11.959508726887483], [68.67767595529938, 32.63666872184856, 61.3054103557915, 50.2313768546988, 91.59497968521048, 46.89371993510961, 38.932420140553276, 59.907951895113854, 41.731416316706316, 62.68929092768322, 72.11408983733999, 0.0, 62.878916739587105, 108.02980817567008, 28.101697878825828, 38.94687752022117, 43.4184296355505, 11.23058686940031, 118.93250990675669, 16.93860282762719, 115.43220998744114, 94.8311043084233, 107.98305343803484, 65.48202786253586, 49.731325396343436, 71.42190898658345, 118.27103815180737, 13.588141659526254, 35.58079047208098, 84.48286324612017, 92.81359319582167, 53.978296698466956, 7.587536011611045, 94.63361862579815, 87.4161416704975, 67.96638818891444, 97.89111702443756, 30.130728567211193, 26.437034853334954, 63.4900609797631, 20.892811113980198, 55.554568196428846, 80.30589837694166, 60.48202094636592, 19.07647460795008, 53.209680951567904, 6.626033886045536, 12.648876532015572, 109.85066763106776, 28.658781308287796, 125.10834412913877, 68.56138160103653, 79.25476020687864, 19.554791960075075, 74.1170484841997, 42.473540217638316, 28.26451276733626, 12.907891175145897, 84.63588137284937, 40.954385933965035, 69.23470407554282], [98.93490801167133, 31.924459715564268, 92.69919876329494, 55.76986562512678, 49.77163348950093, 24.483900293782128, 24.986312229946016, 27.025930083891343, 48.331427008777744, 40.51445055844166, 97.96848863643542, 62.878916739587105, 0.0, 81.67213079489109, 37.136862948593084, 40.185261661651204, 20.231573469501367, 56.45365987051664, 99.38259670357945, 73.06826187330267, 86.81706503427046, 97.19563689610789, 84.45075774393038, 34.0331160509376, 36.40057864063496, 42.753478428004954, 96.70697860646713, 69.80319528979327, 67.00795802981915, 49.93927610923828, 82.37323222766084, 46.29216912829643, 69.37203582193145, 44.89849565702012, 30.683557116858275, 13.541325525929627, 75.01852155321868, 36.972797193168475, 36.51910756952703, 6.76311544301329, 43.802569592877, 7.498256522464588, 54.986109175489986, 37.9463984751913, 44.12505127276505, 21.75281361994032, 59.38248371106551, 51.905579592694224, 84.00120481331884, 34.22479846849077, 102.03458609005925, 15.965305634615207, 98.50291192033085, 43.55837329671828, 55.667162454010146, 24.912358359443274, 71.92163520764302, 50.31493832921295, 63.16241041444861, 46.49430879319523, 87.99764497273006], [81.15915745525744, 96.93359461785887, 80.80764551256908, 58.94895140466672, 34.74114560536963, 70.83144514684383, 82.40261018462272, 58.20949713070787, 66.3195310231936, 48.06542217175978, 75.29341751900928, 108.02980817567008, 81.67213079489109, 0.0, 85.16253653648602, 70.13360467169991, 90.29673481891778, 96.80698534957071, 19.01682531765175, 104.12784637321646, 7.615718249093495, 44.379125461624575, 4.853236083913673, 50.10924882093513, 60.768195626943566, 41.19367167135936, 15.579267069572099, 103.40420604114608, 80.03691799065223, 31.7369520645856, 25.223587433130145, 54.1872616156964, 109.38673355108354, 45.81429170396332, 61.2048826791765, 68.40753013245298, 10.386249924458873, 82.02837952896756, 91.43930521492696, 74.92459412012752, 90.31334500961124, 81.26241128538922, 29.23814200434737, 50.95226816410042, 99.12259536890723, 66.95952166084793, 101.45310071074299, 96.41380160517384, 2.3338698044600714, 91.37388177562819, 20.362954304736444, 65.91625181687836, 66.99996775514069, 98.48482856080038, 34.016461604304176, 75.94240673291525, 91.56610139295005, 102.3137926777752, 23.43304952149637, 67.08795602479422, 64.4375794270703], [69.35489198040739, 16.706166797285064, 62.249081139774184, 33.899621117274044, 64.5624103044486, 18.828034976671518, 12.152885464941187, 32.2504249729536, 23.458167246455982, 37.48316771623136, 70.28180908255247, 28.101697878825828, 37.136862948593084, 85.16253653648602, 0.0, 15.901216353322638, 21.066275836955644, 19.652687033313605, 98.62612463676422, 35.974582654805864, 92.18044347257445, 82.05960903477312, 85.96656343075061, 38.591094897389816, 24.44025945499337, 45.67587255119162, 97.27209361769867, 32.79534395330271, 33.78189024330872, 58.43994403582468, 74.54197656936068, 32.037178909333704, 33.4247743235316, 66.74463413467952, 59.39399488314561, 40.20145704010712, 75.60924040384064, 3.2153509299397, 7.07401606725516, 36.4237237862809, 7.258567637494215, 29.643166556075162, 56.17638011437282, 34.8378866014671, 13.976148016105508, 25.13023106124257, 23.217241444614288, 15.733109671797008, 87.2045551652266, 8.439504213821936, 103.84113929752442, 40.6249490837895, 74.04597554238305, 13.329678603186956, 51.4619974830957, 14.418955931928876, 35.838315831833484, 18.052719289172007, 61.95903928355276, 21.681721369781734, 63.030105524495134], [59.223247686466046, 31.358196235792875, 52.71973865483238, 18.890750126716323, 53.15098930052958, 15.813058640887945, 20.0286346221082, 23.562124208495593, 8.960895644316976, 23.74526142383583, 58.93939129974085, 38.94687752022117, 40.185261661651204, 70.13360467169991, 15.901216353322638, 0.0, 31.225223529725014, 28.100653549214847, 82.94927418324401, 40.523718276503494, 77.33486741640652, 66.69912551451199, 70.64480174934104, 27.32564314494987, 10.987389623545141, 32.510356337748306, 81.72318213022716, 38.341235521770884, 27.218585490597743, 45.58401268651855, 58.64237435121451, 16.280845409413097, 42.036980427029555, 57.70840019406885, 54.11313135617841, 37.703363701212226, 60.330699949852594, 12.698694483255002, 22.879979652437516, 36.7708455750701, 20.192163548053855, 33.545689945107824, 41.64387142419653, 21.623815099752413, 29.416298083773274, 20.536018110454975, 32.68733415841465, 26.65557631528279, 72.0980375875044, 23.72029001889451, 88.36926587994152, 37.12626736882645, 61.13243499411854, 28.821146655914568, 36.16633567332832, 16.036840578367162, 34.24091522064034, 32.1854391142391, 46.748333012181774, 6.966533000972806, 50.17466141610538], [89.41205813111391, 11.693053594649161, 82.50844536733196, 49.86885487695799, 62.72420500868139, 20.3947843586034, 11.19869672189292, 32.11579586015744, 40.179443182785526, 43.364355464640695, 89.73029845218575, 43.4184296355505, 20.231573469501367, 90.29673481891778, 21.066275836955644, 31.225223529725014, 0.0, 38.446081304126665, 106.2867973841075, 55.31241396037703, 96.47222291728791, 96.47494478777351, 92.17136375795687, 40.19884431477879, 33.45515451939131, 49.125389519207616, 104.21990655091815, 51.83156808507722, 54.520012122931504, 59.79215204448174, 85.25885857510455, 43.71152524919156, 50.30578331801397, 60.91576005433427, 49.0845259065971, 29.37783865643004, 82.01356462633062, 22.369866741592038, 17.867014923040834, 22.95596368147743, 26.2612436061343, 13.782288961774348, 61.40559513792891, 40.372159102862774, 24.381118047511393, 23.338869072591343, 40.68858585457519, 33.508645009208585, 92.54287498214833, 15.346582675291884, 110.25358018764517, 30.991937389772097, 92.34524038242584, 23.872894513416885, 59.31105683125248, 16.389537871151987, 56.83462828479607, 30.603228100606653, 68.78586466355056, 38.18612670526298, 81.36901381139369], [61.512601058038314, 29.44571772476491, 54.07440945182569, 39.10866659887504, 81.11138031524963, 37.72893332788002, 31.580769248125865, 50.00634975400983, 30.501638714030058, 51.815783972161206, 64.2117530953729, 11.23058686940031, 56.45365987051664, 96.80698534957071, 19.652687033313605, 28.100653549214847, 38.446081304126665, 0.0, 107.76682591044082, 16.866341412522562, 104.2179435344201, 84.5352041582626, 96.75306056333169, 55.072749209526094, 39.021583902453706, 60.60632425583429, 107.06972665382133, 13.420458678807329, 26.434790908095774, 73.68103094214811, 81.75853752917872, 42.79936367943865, 14.227841691661736, 84.78472979320452, 78.67423036361627, 59.768018651736774, 86.66164887214101, 20.897308769272346, 20.57920371150539, 56.06309741217844, 12.657009287460951, 48.96531051055938, 69.1939244539804, 49.72068822587077, 16.53060650628566, 44.01372262130787, 4.659988557006136, 5.148422677476208, 98.6230528315647, 23.106303219370524, 113.90012214972027, 60.07487441111298, 70.49843807238612, 16.63827350978972, 62.91428966333263, 33.8765832005368, 21.999939150833786, 12.625567784756939, 73.42106139275695, 29.74693110468131, 60.07809218044996], [80.57338389418358, 111.83008727028026, 81.96105476751308, 68.71839054939585, 53.69563260501592, 86.22260091511843, 97.52204242696082, 74.61342180596941, 77.60737291253194, 63.05794009162294, 74.12527421610453, 118.93250990675669, 99.38259670357945, 19.01682531765175, 98.62612463676422, 82.94927418324401, 106.2867973841075, 107.76682591044082, 0.0, 112.64957579335662, 18.31669713876199, 38.54275188992055, 15.166111047988805, 66.57324817778292, 74.82086303833745, 57.48839888768665, 4.046169583587947, 112.49304648994473, 87.61793469408863, 49.80345465653884, 26.961779738665403, 66.66883401920212, 119.23322434260196, 64.82413181520727, 80.16503458427373, 86.37463079728649, 24.459729806401562, 95.41993771833253, 105.2958311479977, 92.61999370007128, 102.97168865749893, 98.33612619138735, 45.02685512540779, 66.04660222097499, 112.36176090462854, 83.08227950879628, 112.30777839928105, 108.14293000635566, 16.841785328988795, 105.56280873014529, 8.035276213546329, 83.88456917701713, 64.39889585045954, 111.76067329929069, 47.48021781420415, 91.08309296359091, 99.0138185338176, 114.82826695411167, 37.51710855457483, 78.7432526649286, 65.0344677289167], [53.586780826341666, 46.0444738684265, 46.42239202612916, 45.21033999199327, 93.13822177580006, 52.90741340961766, 48.09479084539388, 63.87034369702566, 39.55202953102796, 63.0272855089027, 57.74931051409297, 16.93860282762719, 73.06826187330267, 104.12784637321646, 35.974582654805864, 40.523718276503494, 55.31241396037703, 16.866341412522562, 112.64957579335662, 0.0, 111.714953219478, 84.46572032814682, 103.33245067023127, 67.74398985328833, 51.32097933746891, 71.83837087178291, 112.54009690008938, 3.663203009226338, 25.204639204021117, 84.72030144510353, 85.81516113217785, 52.26549212407889, 10.657343043732357, 98.230943425577, 93.71550521081572, 75.46296800266278, 93.75749909523059, 36.634313937961466, 37.445481238966586, 72.27997687923195, 29.342164851009663, 65.57003514595897, 78.54592268008719, 61.45065697958051, 32.63426639321422, 59.00830247844082, 15.417222678134621, 21.872585268184732, 105.703112378373, 39.97130880312967, 119.45407161788955, 75.53089619671508, 65.91588216288535, 32.87728090029032, 71.32119882268975, 49.66644493206019, 14.586462536657521, 27.404835832889184, 81.33599761127597, 39.59061334638597, 56.77558040658787], [88.0998773485776, 103.51592847826942, 87.99718717371042, 66.52289638391034, 38.32485925062252, 77.34002356302021, 88.95725788100624, 64.36107641897016, 73.75561001398128, 54.87116533654863, 82.11392330805208, 115.43220998744114, 86.81706503427046, 7.615718249093495, 92.18044347257445, 77.33486741640652, 96.47222291728791, 104.2179435344201, 18.31669713876199, 111.714953219478, 0.0, 49.8891621012337, 10.089759361261546, 56.304477159146046, 67.74580943683657, 47.57839160511201, 14.290373995242163, 110.96507008606326, 87.65237701388153, 37.0797958523719, 31.86491377931158, 61.51308466260183, 116.89153247875038, 48.35304114734005, 64.44009911861451, 73.38798449856986, 17.998910548821403, 89.072201606708, 98.34382669204612, 80.11745365385556, 97.4838378698288, 86.88682275279798, 36.038856301323385, 57.699362038429015, 106.15453916772303, 73.18512833623187, 108.86948447788035, 103.72531015217248, 6.491202319555705, 98.18980047882654, 16.517504126627433, 70.91248599893939, 73.51007470729363, 105.51008799677454, 41.334403429890976, 82.51692285454644, 99.18114294768411, 109.48534677592885, 30.79688513964697, 74.47820565154389, 71.48382152564488], [43.09169378502817, 98.05694496886018, 45.810938192993284, 48.16454912853577, 66.67118068776612, 76.63557669421104, 85.72789849036221, 70.20090323960223, 58.60504212496662, 56.72611060331565, 36.47244341707015, 94.8311043084233, 97.19563689610789, 44.379125461624575, 82.05960903477312, 66.69912551451199, 96.47494478777351, 84.5352041582626, 38.54275188992055, 84.46572032814682, 49.8891621012337, 0.0, 40.12180520806499, 63.95885552376065, 63.190780454004454, 56.62284424270886, 40.901056246147576, 85.30942604622388, 59.75891896754906, 57.66748861718044, 20.74284845565206, 52.80209100457288, 93.0473716091251, 78.85448400496581, 89.50630285302574, 86.85926926312526, 38.388301090352165, 79.00875910194831, 89.12897061858075, 91.02138772656475, 83.96659348340997, 93.35278507720028, 47.281459381960644, 59.24958054366196, 94.01045817833104, 76.33575224116618, 88.52992507722729, 86.54396164893339, 44.02908282569615, 90.2782841324417, 46.57107882217788, 84.67411615529787, 26.255953507251263, 93.5476362234004, 42.861344015162345, 80.08838487643747, 69.92114261740974, 94.53181402762347, 40.061796598674675, 60.38738610406074, 29.543341104178943], [78.04204766787298, 98.33464699632185, 78.05174310911134, 58.342964759847945, 38.654861976538825, 72.39512878237312, 83.87268997459441, 60.224732559993924, 66.26523731086195, 49.36289272255941, 72.03380930575243, 107.98305343803484, 84.45075774393038, 4.853236083913673, 85.96656343075061, 70.64480174934104, 92.17136375795687, 96.75306056333169, 15.166111047988805, 103.33245067023127, 10.089759361261546, 40.12180520806499, 0.0, 52.13119335448468, 61.72392377033308, 43.08931134090982, 12.257521289672253, 102.77625786020059, 78.88664861360463, 34.701849327274175, 21.782460670209062, 54.49066291236069, 109.00541938970335, 50.03927546129691, 65.10522011873809, 71.34394866297926, 10.365646441150414, 82.79657049722806, 92.40971025285121, 77.68871739147214, 90.83046714130515, 83.67066338818762, 30.777406902123136, 52.311243935446235, 99.8730085324122, 68.85603179665267, 101.37600697687066, 96.61803664501834, 3.9093373049083033, 92.47543124189964, 18.102584840499972, 68.85167140089534, 63.42838134145599, 99.24769375250064, 34.51701545939708, 77.40756151109822, 90.42296854231078, 102.80606879038032, 24.020694160149564, 67.16543386676766, 61.468278362679996], [73.8727869056045, 47.53006366773157, 69.04740134388989, 30.92588027134444, 26.11873511517677, 21.409181390052733, 33.00749768864382, 8.103848024956813, 29.643002446183406, 8.287214170926887, 71.2377439040353, 65.48202786253586, 34.0331160509376, 50.10924882093513, 38.591094897389816, 27.32564314494987, 40.19884431477879, 55.072749209526094, 66.57324817778292, 67.74398985328833, 56.304477159146046, 63.95885552376065, 52.13119335448468, 0.0, 16.42314564249753, 9.085417638121093, 64.28406953206563, 65.65474863471216, 50.55229850553883, 20.215490368118207, 48.34487556209074, 19.50961503972195, 69.19421680587388, 30.66039119329302, 30.76234877416517, 22.901101946416905, 42.13641051641232, 35.880248067315236, 43.714183582913456, 27.492891481514924, 45.13259791876165, 31.897062608765285, 21.558035510784666, 7.506129173012145, 52.187986301624704, 16.88172022129142, 59.536514288064964, 52.86838602084323, 52.365603557198504, 43.076446165306926, 70.16201507753703, 20.75026497639638, 69.32794671954778, 51.51049082737948, 21.675681730849945, 26.704952843389872, 59.90369491639871, 56.64000254865378, 29.462979640393517, 28.90823245341839, 59.90647964568699], [63.19403560558152, 37.132482087690946, 57.41486970103402, 19.472882622181523, 42.1638656142286, 13.469491302875129, 23.25445733820559, 13.966904249083719, 14.244140503741937, 13.152089612231721, 61.77723232592243, 49.731325396343436, 36.40057864063496, 60.768195626943566, 24.44025945499337, 10.987389623545141, 33.45515451939131, 39.021583902453706, 74.82086303833745, 51.32097933746891, 67.74580943683657, 63.190780454004454, 61.72392377033308, 16.42314564249753, 0.0, 21.72023856898872, 73.24509406959176, 49.25054007965146, 35.341058910350675, 34.75924896914746, 52.1408455740823, 10.43782061199023, 53.015008868747785, 46.99075136952118, 44.732260951695764, 30.535390114107994, 51.35843303535797, 21.361314010050826, 30.694745676203315, 31.513933931210385, 30.120945088270254, 31.0918716100948, 31.736402292749563, 10.758471458572696, 38.416407471073455, 14.684541917112796, 43.5735660243933, 37.26892817680727, 62.83572334753293, 30.78049315827241, 79.70432976480382, 29.394649955396506, 62.116256547291734, 37.76883759624063, 27.363604732025376, 17.132140726282906, 43.91564223959645, 42.03550567989327, 37.70734714162861, 13.069655404537075, 51.603127070010984], [71.1551262677411, 55.961017256417776, 67.073358426333, 30.696566503301884, 21.54224619675889, 29.7697683831383, 41.39795262653926, 17.14534763858704, 32.44897655380569, 8.848003113735762, 67.8058720589136, 71.42190898658345, 42.753478428004954, 41.19367167135936, 45.67587255119162, 32.510356337748306, 49.125389519207616, 60.60632425583429, 57.48839888768665, 71.83837087178291, 47.57839160511201, 56.62284424270886, 43.08931134090982, 9.085417638121093, 21.72023856898872, 0.0, 55.21858637335727, 70.11328540867885, 52.17908777348679, 13.074795921808654, 39.90065606948334, 20.231615667350347, 74.43979863891174, 29.470379166847373, 34.31492974790827, 30.841500463273096, 33.05633382036038, 42.74539495069176, 51.34317172536851, 36.09793100023867, 51.744437763748394, 40.94629812705999, 12.474789919163934, 10.966335876185521, 59.552150814993134, 25.788789469496813, 65.19764991282956, 58.9881168947759, 43.42692263087328, 50.95547594886563, 61.14625939598411, 28.49945152442865, 64.67784193175156, 58.88545993164837, 13.764591664516756, 34.97657801631366, 62.47660676768849, 63.562131985820756, 20.462801524473623, 32.25260579089741, 56.07134809964791], [82.26796627857998, 110.10043788639926, 83.32050557356034, 68.16486170826438, 50.3174844422264, 84.3055128664936, 95.70589736167213, 72.36383059111029, 76.7403381074494, 61.18196385121982, 75.90204010089394, 118.27103815180737, 96.70697860646713, 15.579267069572099, 97.27209361769867, 81.72318213022716, 104.21990655091815, 107.06972665382133, 4.046169583587947, 112.54009690008938, 14.290373995242163, 40.901056246147576, 12.257521289672253, 64.28406953206563, 73.24509406959176, 55.21858637335727, 0.0, 112.25216398611458, 87.64927243281075, 46.9175744759937, 27.42249235050915, 65.45901603679192, 118.82747189221989, 61.251653076888054, 76.77625029466212, 83.58300075661504, 22.2064531037636, 94.07802592763753, 103.84870675988708, 89.94518639166081, 101.8379126572205, 95.89958239145652, 42.82462157177989, 64.15530303670161, 111.09298377502203, 80.9384499335904, 111.6457311221882, 107.25618673623532, 13.313836663847752, 104.02468732266288, 6.914796205015819, 81.09035513191849, 66.39414386605843, 110.48113236018638, 45.88834415448861, 89.24893734426668, 99.1127583903661, 113.75383669324384, 35.64680728409964, 77.7916205098067, 66.41186758001331], [55.91299107851714, 42.43527421772831, 48.64741442745078, 44.467000003413176, 91.26941876686281, 50.11920877907588, 44.86407620977257, 61.46672004189355, 38.094570128326836, 61.27339775541278, 59.80196132492381, 13.588141659526254, 69.80319528979327, 103.40420604114608, 32.79534395330271, 38.341235521770884, 51.83156808507722, 13.420458678807329, 112.49304648994473, 3.663203009226338, 110.96507008606326, 85.30942604622388, 102.77625786020059, 65.65474863471216, 49.25054007965146, 70.11328540867885, 112.25216398611458, 0.0, 25.629599542022678, 83.07807950445584, 85.7747789078099, 50.84968732733605, 8.166390025231639, 96.00139373710698, 91.02920548618629, 72.5549694745917, 93.06173678951177, 33.631685668778054, 33.969382145758075, 69.1865622712732, 26.01242415205708, 62.307761952350106, 77.28692016409691, 59.566916914974044, 28.989771055775723, 56.28726717672033, 11.756432863558633, 18.339943314960706, 105.03776591779157, 36.48500661716083, 119.1593405805236, 72.69945896437578, 67.62516716195816, 29.241170917237184, 70.25319127818992, 46.69110084806795, 15.992144691887255, 23.742288711559926, 80.41754475484417, 37.96240049030915, 58.16786077092802], [36.11807994505834, 49.75960516237619, 28.80364914994018, 22.23570180876676, 73.663364496005, 42.94933984291109, 44.06336991639517, 49.295863400155014, 21.13075154540004, 43.95059746650772, 38.083777218534145, 35.58079047208098, 67.00795802981915, 80.03691799065223, 33.78189024330872, 27.218585490597743, 54.520012122931504, 26.434790908095774, 87.61793469408863, 25.204639204021117, 87.65237701388153, 59.75891896754906, 78.88664861360463, 50.55229850553883, 35.341058910350675, 52.17908777348679, 87.64927243281075, 25.629599542022678, 0.0, 64.22647797903478, 60.71535199001718, 31.975145628174385, 33.28855753862872, 80.87553164831263, 80.06992204566964, 64.80306361847222, 69.65557349033885, 32.150341006150775, 39.377939617039594, 63.95220312387611, 31.253355531520718, 60.015888585128096, 56.43442825373227, 43.27607458133125, 40.20573306184892, 47.68973816805334, 29.711674447115026, 29.90464028475138, 81.47324141906009, 41.56918477767671, 94.56221620828548, 64.06901803368206, 44.065146430713455, 39.99502638642862, 48.614520734486256, 42.18070448201926, 11.537905900251397, 38.364283762508705, 57.951549413064704, 22.315054410303564, 33.73910286717313], [79.42664243574085, 67.68053279183398, 76.20619388346626, 42.1993580511763, 10.36434344961508, 41.6188791199273, 53.19372678895018, 27.92811052208616, 45.20671191053407, 21.89571637971594, 75.29669906087587, 84.48286324612017, 49.93927610923828, 31.7369520645856, 58.43994403582468, 45.58401268651855, 59.79215204448174, 73.68103094214811, 49.80345465653884, 84.72030144510353, 37.0797958523719, 57.66748861718044, 34.701849327274175, 20.215490368118207, 34.75924896914746, 13.074795921808654, 46.9175744759937, 83.07807950445584, 64.22647797903478, 0.0, 38.22165478738578, 32.65979664605558, 87.50310473434001, 21.59497579328246, 32.49832201734722, 36.68744651373126, 25.965077885084412, 55.583551276357106, 63.83599522563907, 43.19699149249813, 64.67624854341335, 49.80872622370278, 10.98637190052077, 24.002410343312476, 72.2095821776231, 36.772540134274344, 78.27091756943013, 72.02349668372723, 34.06783069748015, 63.26740595684138, 52.099767024424146, 34.194878115489594, 70.5921329541175, 71.5364396597291, 18.472965903255066, 46.91821712784081, 74.8777335622422, 76.41576130096472, 17.644879028683153, 45.1419888498357, 63.34211606831989], [56.2820025690703, 89.07791040002338, 56.53896426551308, 42.686852618042025, 46.546188787776146, 64.86721582312136, 75.3932198825936, 55.64311667543662, 52.24434165178025, 42.489860467483844, 50.25135533888268, 92.81359319582167, 82.37323222766084, 25.223587433130145, 74.54197656936068, 58.64237435121451, 85.25885857510455, 81.75853752917872, 26.961779738665403, 85.81516113217785, 31.86491377931158, 20.74284845565206, 21.782460670209062, 48.34487556209074, 52.1408455740823, 39.90065606948334, 27.42249235050915, 85.7747789078099, 60.71535199001718, 38.22165478738578, 0.0, 42.69971343552924, 92.69981902846483, 58.81348949917434, 70.6353315580441, 70.74078724539612, 17.809025084180977, 71.33420796520177, 81.47391319621526, 75.82735470702774, 78.10541526164151, 79.68730290418372, 28.751179873165928, 45.37988228165516, 87.84211749057233, 63.0934778823256, 86.2120850838786, 82.55881931278452, 25.47449536964862, 82.09000610410054, 34.246961447699135, 68.38589716513304, 41.77727150991511, 87.28152408678608, 26.733995747997746, 69.17966192193425, 72.07574790725141, 89.69872474781214, 20.734688294361455, 53.60819174321056, 39.80712581866969], [54.94546972421559, 46.439052499225596, 49.77114858279953, 11.42725668349868, 41.76269277381836, 23.905889110619988, 33.17536746495255, 21.19497110048143, 12.755323794977972, 12.078663420741183, 52.87343022624151, 53.978296698466956, 46.29216912829643, 54.1872616156964, 32.037178909333704, 16.280845409413097, 43.71152524919156, 42.79936367943865, 66.66883401920212, 52.26549212407889, 61.51308466260183, 52.80209100457288, 54.49066291236069, 19.50961503972195, 10.43782061199023, 20.231615667350347, 65.45901603679192, 50.84968732733605, 31.975145628174385, 32.65979664605558, 42.69971343552924, 0.0, 55.949909318211596, 49.05858576685336, 50.19073971521573, 38.90685164364563, 44.22453644923675, 28.82229835746473, 38.86273422909603, 40.956896382011735, 36.386806901096044, 41.35698240777874, 26.528911481618653, 12.004952172623907, 45.69385235017802, 24.57956106882347, 47.4591200382903, 42.22659585626691, 56.086556878002966, 39.39937585175951, 72.1279713009811, 37.36341965640032, 52.36371191813422, 45.09505598946889, 20.180613232940217, 27.32446453407125, 42.282731273717275, 48.33427118406015, 30.754238825159995, 13.103682933824304, 42.14520897548783], [64.02817515762214, 39.85345850630492, 56.7858944406632, 50.710041753877164, 95.16903568633897, 51.85701842327965, 44.92268522045902, 64.23265980764104, 43.30304718617956, 65.60746022237748, 67.9657880279872, 7.587536011611045, 69.37203582193145, 109.38673355108354, 33.4247743235316, 42.036980427029555, 50.30578331801397, 14.2278416916617