instance_id,num_cities,city_coordinates,distance_matrix,best_route,total_distance
344,52,"[[39.36669454737819, 75.09480686521728], [42.28229118974494, 33.24753838035927], [25.94922830908096, 43.32337717765186], [13.562913918930764, 44.033519854873845], [85.92116465194515, 96.52127841643743], [98.49666182229554, 70.8561994131305], [61.67011136128394, 89.43796143988372], [91.26019740940112, 22.815165285620044], [25.429687357471664, 56.57422992936018], [44.108692453114564, 32.20424774362771], [3.8277727781432014, 92.6702314023319], [36.61942886952889, 4.007139267259441], [11.451792832383267, 15.025074673875316], [77.02766920233597, 90.6837501765289], [88.30308351903916, 94.13433365974512], [91.44302705650166, 95.73144965586208], [3.7532968923223997, 86.9459880378899], [92.81784465328701, 20.499717590305643], [21.250596429573022, 2.7192548905351166], [40.512865405702044, 59.21068868218056], [35.30833556790305, 34.4018993724568], [50.54543133966535, 58.690684405997516], [4.535954990334234, 73.21800728760381], [35.687172350618965, 90.52625214018455], [89.62249532080652, 42.34328185561751], [51.8387942704016, 34.189966689201626], [29.965811242776454, 80.18487395090973], [47.743086771467524, 42.53163090731577], [99.39230839113789, 2.4625699334722584], [19.598131192143743, 51.135139223384094], [74.91107622938478, 78.65259686803991], [87.36909694487723, 13.693903332402169], [72.60256529150855, 52.92474826048107], [25.590131318946863, 17.199211347121512], [22.335707367843817, 24.531002415271452], [58.6408545514423, 65.67654347238391], [69.9054278277253, 25.329195687673167], [21.11226686853961, 41.75582640489394], [33.362754006698346, 61.2660649751877], [24.071894695526808, 19.536859500087978], [97.1572300916237, 6.512547029102722], [79.36316288200544, 20.26333826643265], [4.7213366177456635, 58.15188664859519], [85.16420325570418, 40.6146212844578], [20.660473343382602, 84.2965986651108], [36.71444431728826, 41.52552839530719], [0.7623937054429986, 21.43823069406634], [14.61953517868272, 15.439695954188315], [72.3383314116115, 58.92719317330458], [67.48579310158773, 69.77923240677538], [83.63009397392577, 35.75253942760565], [93.34421255660912, 97.07145469770147]]","[[0.0, 41.94871372789362, 34.48843494053854, 40.38116696505895, 51.2485352947015, 59.28169045384656, 26.51732423770522, 73.6620428917223, 23.17869580991364, 43.15190153284764, 39.647326620840595, 71.14073343185628, 66.23907051957606, 40.759835199920275, 52.509749058105825, 56.01620688041508, 37.53351286150343, 76.4045104727461, 74.60840123373414, 15.925417359967323, 40.89477959129561, 19.850929195589632, 34.88126710349205, 15.864059596167483, 59.985897524609555, 42.76399445007944, 10.690434502095286, 33.62327133336432, 94.22587839351408, 31.062224174019256, 35.72199516908805, 77.93780591328888, 39.95165331570121, 59.51213048431317, 53.35497019736611, 21.45220103390442, 58.388614354535626, 38.009363951739175, 15.07585500981877, 57.62478996000481, 89.68429273133081, 67.8690461693867, 38.56635024913782, 57.3262156571739, 20.846958628572224, 33.67389030500309, 66.10083365514508, 64.58447301501174, 36.72220813074552, 28.617110883605793, 59.22045707292919, 58.27988933062486], [41.94871372789362, 0.0, 19.190921565488978, 30.67800559345293, 76.86297844348162, 67.63480502146548, 59.441157581361686, 50.076638326162374, 28.777505009117487, 2.1033775047598833, 70.7799860995452, 29.7837027575668, 35.81309554475018, 67.12793545709789, 76.32244208625579, 79.5048245029566, 66.09089874705269, 52.11860607078668, 37.07166407541093, 26.023374900273765, 7.068847594586862, 26.751320805133677, 54.97657938744412, 57.65714736684596, 48.206093769753664, 9.602860107692276, 48.52637580477794, 10.771010279191568, 64.8788744278076, 28.888360609701486, 55.91294080472537, 49.14432517381561, 36.14569974799824, 23.15549614493353, 21.76796282142169, 36.321384424567675, 28.73565431166217, 22.815803620930495, 29.40401292519201, 22.794763781064926, 61.041122876604184, 39.28842702446076, 45.06719284607572, 43.51014011639725, 55.439242084803695, 9.976273727334421, 43.16667273645816, 32.89904743306246, 39.532394616356086, 44.38221690114126, 41.423614344069705, 81.73623497420786], [34.48843494053854, 19.190921565488978, 0.0, 12.40665493973512, 80.16638849869774, 77.59630409758415, 58.331264067459095, 68.45516371926553, 13.261033950935165, 21.29321904665953, 54.078376609131666, 40.73843079239505, 31.795747514349436, 69.65638559872676, 80.43479693621167, 83.88112860023392, 48.94478061776565, 70.65643133323165, 40.87507661456133, 21.55240572010484, 12.930029192183763, 29.002195347457636, 36.77250581119264, 48.19687706568364, 63.68080965869366, 27.45339346631132, 37.079682884676274, 21.808235344363137, 84.04458091147475, 10.067773380838037, 60.37728310964863, 68.19315202851973, 47.63108416009586, 26.126633747755804, 19.136637186363526, 39.60311186977854, 47.496716135088334, 5.084625001163588, 19.413923062304413, 23.86048626331071, 80.15994469863327, 58.17915263346141, 25.894170749203735, 59.276897830589355, 41.31314328573374, 10.91430877094564, 33.366694081958585, 30.09753519809764, 48.94310942597943, 49.24630433511184, 58.175594952552025, 86.20289866835007], [40.38116696505895, 30.67800559345293, 12.40665493973512, 0.0, 89.39061051340218, 89.06849988406249, 66.15032699393198, 80.54245112004656, 17.265275005454818, 32.75631641288913, 49.60143831767073, 46.19214245531062, 29.085163297823552, 78.76559624763831, 89.97880025741257, 93.47720560665445, 44.019410624940114, 82.67517096889127, 42.023433366730295, 30.929699946037243, 23.783008132044777, 39.78113959470811, 30.548654540089682, 51.48841584770014, 76.0783597846503, 39.52136834176578, 39.69855719788308, 34.213153707895565, 95.3668120093852, 9.319701990411938, 70.44201524738864, 79.79877808331494, 59.70539654634415, 29.406361071653855, 21.384809827989756, 50.00441183512045, 59.36607293829056, 7.885468750166292, 26.248700516879328, 26.655675671432583, 91.62877876613007, 69.96209185230299, 16.65838437829086, 71.68286756347807, 40.88387047556747, 23.286978785306832, 25.969220434899736, 28.613339786714427, 60.633086729565875, 59.7538167329298, 70.55483227742724, 95.80228674048676], [51.2485352947015, 76.86297844348162, 80.16638849869774, 89.39061051340218, 0.0, 28.580402539633287, 25.26434177050381, 73.8992312790738, 72.49127884164206, 76.71351423279425, 82.18366962146715, 104.83094530563315, 110.39618908118771, 10.638185806985542, 3.3720976796230717, 5.5780636322909265, 82.72390632698844, 76.33375338264301, 113.93463920932219, 58.77068781930662, 80.1278710605754, 51.79378679498415, 84.65574284694628, 50.59045683310895, 54.30428307292591, 71.04083609067787, 58.29133457046836, 66.12448615155373, 95.01848428135136, 80.36570411662645, 20.988373623285817, 82.84003000504272, 45.58555177425227, 99.65853654944168, 96.05056073106668, 41.177821614899855, 72.97134005403687, 84.84956078807114, 63.287570693955914, 98.75187567854039, 90.70733648675895, 76.53940699493458, 89.80880968712216, 55.911781425994, 66.39578770595304, 73.7958931545637, 113.53184718130271, 107.972891876271, 39.972598165526485, 32.48076275247565, 60.81191201684456, 7.443408771215092], [59.28169045384656, 67.63480502146548, 77.59630409758415, 89.06849988406249, 28.580402539633287, 0.0, 41.248959973268676, 48.58299473313385, 74.44969717721202, 66.72349346343121, 97.14962966722996, 91.09110165256119, 103.41142928671503, 29.224123825891155, 25.41221306041707, 25.85598263550882, 96.09987771190711, 50.67567686781811, 103.00290203451554, 59.141682146060326, 72.94984966596579, 49.47039781715021, 93.99038549127089, 65.81749723270961, 29.86197077785862, 59.341125930128676, 69.16286322719861, 58.12234132827602, 68.39949368363084, 81.32587749667753, 24.840766112087557, 58.23530538532448, 31.49668515233892, 90.52311615466816, 89.14322666531382, 40.190971733411835, 53.76027092147206, 82.67512498676605, 65.83613465163738, 90.4031006712942, 64.35759224425456, 54.09000259481534, 94.63197757649483, 33.050075629905756, 78.98807865100588, 68.39101302212015, 109.51768257525914, 100.53039952971247, 28.74994677811287, 31.029563914849838, 38.12193310903213, 26.716798892657383], [26.51732423770522, 59.441157581361686, 58.331264067459095, 66.15032699393198, 25.26434177050381, 41.248959973268676, 0.0, 72.89835498656709, 48.92231781888376, 59.867365212887165, 57.93257893341912, 89.02787243550907, 89.7728089831265, 15.408003518224241, 27.043873945558364, 30.430815022263207, 57.97040046151448, 75.64828322105959, 95.67586557176705, 36.89603061026444, 61.02385886577603, 32.69791355089719, 59.39190800876998, 26.005720453013744, 54.765359618697616, 56.11591324849727, 33.02699311295233, 48.93021416217047, 94.8033906379549, 56.8960253893126, 17.077682500440865, 79.98499983506456, 38.11473843044167, 80.7477676150864, 75.89537974963861, 23.953734169147715, 64.63554968880705, 62.59812098931271, 39.93697823844167, 79.37121612299345, 90.19955626820455, 71.40148852302632, 64.97677600986651, 54.18201636960264, 41.33066684123448, 54.02209323843164, 91.2891748869892, 87.6897942408706, 32.32209614581183, 20.500921474452795, 58.00314968158128, 32.58095925304915], [73.6620428917223, 50.076638326162374, 68.45516371926553, 80.54245112004656, 73.8992312790738, 48.58299473313385, 72.89835498656709, 0.0, 73.98196063445067, 48.077222143609575, 111.91138967536227, 57.78715626620867, 80.18769826393671, 69.34486047472738, 71.38044760392985, 72.91651358260256, 108.49064505748395, 2.7906205342400274, 72.83673416595522, 62.449386136320385, 57.13898188040413, 54.265505141571076, 100.30723156900514, 87.5965318788958, 19.596668209223647, 41.02966161715744, 83.95406629749105, 47.775285816891376, 21.91710214849471, 77.05499762093446, 58.18171988760971, 9.916555976962867, 35.42166319029439, 65.90976042259574, 68.94584414266187, 53.86203921644507, 21.502244830456977, 72.66003580236321, 69.50241463076205, 67.26823403653958, 17.336388218799588, 12.167631309416786, 93.47544224983407, 18.81440348712838, 93.61777442662645, 57.665560502626526, 90.50827820762889, 76.99473134586518, 40.76905163232537, 52.638825032021366, 15.019791214453363, 74.28552777213466], [23.17869580991364, 28.777505009117487, 13.261033950935165, 17.265275005454818, 72.49127884164206, 74.44969717721202, 48.92231781888376, 73.98196063445067, 0.0, 30.70506901304687, 42.06618637135271, 53.74485404003043, 43.83735664702973, 61.85314140732837, 73.23814127301898, 76.75316850090998, 37.31366497947709, 76.4364715579294, 54.01687826426213, 15.31186385747803, 24.27344089308416, 25.204760965555227, 26.712607079436285, 35.46767275405808, 65.75132300794522, 34.619303412161216, 24.042440205086635, 26.364415045709496, 91.64355437061737, 7.9743811682919645, 54.18359651566582, 75.33400871517574, 47.313836549481266, 39.375345466629426, 32.192252821072806, 34.43593672635296, 54.35387433423262, 15.43454575593865, 9.216662224380798, 37.06225046091991, 87.47006620259035, 65.01769478774486, 20.768360336898475, 61.82977840567307, 28.12961305516141, 18.809815456381752, 42.9303368071808, 42.53127408723072, 46.9676199420978, 44.08047323689724, 61.812863755624925, 79.0721692314169], [43.15190153284764, 2.1033775047598833, 21.29321904665953, 32.75631641288913, 76.71351423279425, 66.72349346343121, 59.867365212887165, 48.077222143609575, 30.70506901304687, 0.0, 72.65457776132331, 29.17474927831432, 36.89982493453086, 67.10820542240327, 76.08205927329755, 79.22275314039018, 68.00894118652674, 50.095683787823376, 37.30760455146333, 27.24477609235295, 9.070609350467302, 27.25734643290433, 56.99236810511762, 58.92688857956725, 46.629457043838904, 7.9810747294105395, 50.02161113131656, 10.948226571956935, 62.77615463012974, 30.97008662477579, 55.7336162713664, 47.05417565969154, 35.23123516142298, 23.834601396716963, 23.08552735790464, 36.49079769757553, 26.697151472765366, 24.901169542598794, 30.984906226980318, 23.70518907941977, 58.942436590194035, 37.22180818235605, 47.16612941979181, 41.9081060220794, 57.12645625229119, 11.897948498860842, 44.663281767396356, 33.92138843645661, 38.871947830853244, 44.253455313281776, 39.68036733756084, 81.43642291925802], [39.647326620840595, 70.7799860995452, 54.078376609131666, 49.60143831767073, 82.18366962146715, 97.14962966722996, 57.93257893341912, 111.91138967536227, 42.06618637135271, 72.65457776132331, 0.0, 94.53272775165253, 78.0185621834576, 73.22684578877488, 84.48799749189878, 87.66871642414503, 5.724727832214116, 114.57668155534587, 91.622775331326, 49.65216027661037, 66.22857654444779, 57.768064149208435, 19.465110969508302, 31.93145765847821, 99.46625692590486, 75.66372674966445, 28.966898444059044, 66.65158709836622, 131.41538210806112, 44.42823524313934, 72.4522608858983, 114.96266019425833, 79.43346596640237, 78.54600637481487, 70.60806023201384, 61.09937087684123, 94.34549055452786, 53.76830267177944, 43.110750227233055, 75.88355920749771, 127.01784984397177, 104.63437930114644, 34.52990849789885, 96.56811827707541, 18.800466311686833, 60.80554095311031, 71.29792755586725, 77.98088061388292, 76.36942629871916, 67.64866138006462, 98.02058012460783, 89.62457116833207], [71.14073343185628, 29.7837027575668, 40.73843079239505, 46.19214245531062, 104.83094530563315, 91.09110165256119, 89.02787243550907, 57.78715626620867, 53.74485404003043, 29.17474927831432, 94.53272775165253, 0.0, 27.47371114943503, 95.63294811680117, 103.89471269988067, 106.85960899437805, 89.21342537163711, 58.568481936498635, 15.422699398459738, 55.34067867371023, 30.42302429900856, 56.42892568300987, 76.28560511843955, 86.5241353296004, 65.41395020783773, 33.8028424010175, 76.46775718599079, 40.098282023599616, 62.79187923498798, 50.107613737701, 83.893948518123, 51.665870822156585, 60.72658871018952, 17.195236846858233, 25.00507265448405, 65.48326965018667, 39.529581538897666, 40.80974704577251, 57.35146471005113, 19.965290490190075, 60.58962324407513, 45.73063309456873, 62.842198865825324, 60.80051693731034, 81.86015851367951, 37.51850944132675, 39.86941081942638, 24.793117488697852, 65.51375672218546, 72.6546672751261, 56.7254181553408, 108.98930172674221], [66.23907051957606, 35.81309554475018, 31.795747514349436, 29.085163297823552, 110.39618908118771, 103.41142928671503, 89.7728089831265, 80.18769826393671, 43.83735664702973, 36.89982493453086, 78.0185621834576, 27.47371114943503, 0.0, 100.12207918587765, 110.2923194855304, 113.63149438175505, 72.33176770170368, 81.55002209677454, 15.730535670356108, 52.88586223559791, 30.734279993050745, 58.608856370143016, 58.60244209282974, 79.29553215151556, 82.80666139362323, 44.70350065837812, 67.7389719402634, 45.537552103691695, 88.83327530881778, 37.01755786706351, 89.86402077488998, 75.92897392200986, 71.94304851977692, 14.304526746264605, 14.450683646106645, 69.22700944986323, 59.35488483718644, 28.422840229445857, 51.16951635132395, 13.402357007413356, 86.12714498171071, 68.11309409711052, 43.64883677671142, 78.02784340318065, 69.88092610163358, 36.61250616236923, 12.465625689645256, 3.1947617092088647, 75.0637501654279, 78.34428489180628, 75.09550552993387, 115.92228812140863], [40.759835199920275, 67.12793545709789, 69.65638559872676, 78.76559624763831, 10.638185806985542, 29.224123825891155, 15.408003518224241, 69.34486047472738, 61.85314140732837, 67.10820542240327, 73.22684578877488, 95.63294811680117, 100.12207918587765, 0.0, 11.791585745265982, 15.273565795102233, 73.36964292697306, 71.93836299802675, 104.15773748511303, 48.20668518093423, 70.05818673669022, 41.53149623614122, 74.5660834700105, 41.34079686675471, 49.9542843251662, 61.85488657373518, 48.21871915145224, 56.35790413302162, 91.01183290937055, 69.7297961017191, 12.215916492245356, 77.68128246132586, 38.01741404038055, 89.6983709466107, 85.83354079653301, 31.03925482594826, 65.7414946182016, 74.29989194307917, 52.65002394726364, 88.69156727976711, 86.54473213824646, 70.45912960231202, 79.28762751169624, 50.72593867453268, 56.72791617388585, 63.574262632957144, 103.01133051763328, 97.75706055384848, 32.10091589993271, 22.979257227072665, 55.32657523475608, 17.52233877316849], [52.509749058105825, 76.32244208625579, 80.43479693621167, 89.97880025741257, 3.3720976796230717, 25.41221306041707, 27.043873945558364, 71.38044760392985, 73.23814127301898, 76.08205927329755, 84.48799749189878, 103.89471269988067, 110.2923194855304, 11.791585745265982, 0.0, 3.522786528233746, 84.85480971284173, 73.77289306915563, 113.36998126163687, 59.1909277325445, 79.8524077050258, 51.78699229074088, 86.3390093228461, 52.7394762993991, 51.80785552867898, 70.16389044164734, 59.98187028430534, 65.63499270601469, 92.34004100578238, 81.05122575517878, 20.470223089497466, 80.44585236150358, 44.099163273153586, 99.25687592761227, 95.89743707003447, 41.10588339488661, 71.22233319887795, 85.19456475860152, 64.02158146472833, 98.43997546059433, 88.06800442768437, 74.40998683910146, 90.99804892404066, 53.61167953012699, 68.35425181508819, 73.68225082094047, 113.78969970712124, 107.80589640476299, 38.65767777665359, 32.039515248625776, 58.568513119701215, 5.834351889030758], [56.01620688041508, 79.5048245029566, 83.88112860023392, 93.47720560665445, 5.5780636322909265, 25.85598263550882, 30.430815022263207, 72.91651358260256, 76.75316850090998, 79.22275314039018, 87.66871642414503, 106.85960899437805, 113.63149438175505, 15.273565795102233, 3.522786528233746, 0.0, 88.12873034435157, 75.24429302616977, 116.52572974403253, 62.670945005427825, 83.1409485541564, 55.17818070318523, 89.77579998185985, 55.998298323794785, 53.41919876662082, 73.18366880876745, 63.41249151671269, 68.84697158040962, 93.60702430056634, 84.56074719366178, 23.769573212371984, 82.13863837030797, 46.769399011228295, 102.48861561559939, 99.22361272303324, 44.489098740583024, 73.62299602937088, 88.65542134549405, 67.53651500282328, 101.70784160823777, 89.401704135043, 76.42878355149718, 94.5138886533221, 55.473312484872366, 71.70024914413666, 77.02921308405276, 117.22823742023274, 111.1243205459163, 41.46736898957734, 35.31949375223652, 60.48563131456968, 2.3259664266652336], [37.53351286150343, 66.09089874705269, 48.94478061776565, 44.019410624940114, 82.72390632698844, 96.09987771190711, 57.97040046151448, 108.49064505748395, 37.31366497947709, 68.00894118652674, 5.724727832214116, 89.21342537163711, 72.33176770170368, 73.36964292697306, 84.85480971284173, 88.12873034435157, 0.0, 111.11975757829322, 86.0249851367147, 46.049025045495405, 61.29112268100729, 54.661376029776726, 13.750273058329023, 32.1339492255181, 96.76218598984059, 71.38216056299021, 27.07043723824795, 62.51189273197157, 127.6098289908595, 39.15961780717717, 71.63944372535431, 111.16415758745612, 76.79626628355781, 73.08529398263187, 65.12247238359764, 58.86453310702757, 90.4031721059854, 48.409550163697155, 39.19411179136954, 70.40480116380051, 123.26326772243866, 100.81382650966412, 28.810369239684892, 93.67140022519334, 17.113499922455357, 56.120008853472385, 65.57599998544097, 72.32720748138703, 74.08751464096896, 66.00400421158115, 94.87397900704627, 90.16128462175044], [76.4045104727461, 52.11860607078668, 70.65643133323165, 82.67517096889127, 76.33375338264301, 50.67567686781811, 75.64828322105959, 2.7906205342400274, 76.4364715579294, 50.095683787823376, 114.57668155534587, 58.568481936498635, 81.55002209677454, 71.93836299802675, 73.77289306915563, 75.24429302616977, 111.11975757829322, 0.0, 73.74290387645868, 65.07188438155353, 59.16598933125209, 56.96935030062161, 102.8246571162288, 90.37493711654922, 22.076040341723267, 43.20538728761592, 86.67580973735228, 50.17109728232876, 19.197975649394028, 79.37036914345565, 60.847429885558824, 8.718254372463738, 38.2104715181135, 67.30868281006184, 70.59732950802079, 56.64814426970409, 23.415864354775284, 74.78978571557802, 72.08885408229871, 68.75269253852366, 14.644835481856058, 13.456758032721375, 95.80543075864863, 21.521793077432225, 96.31577373010222, 59.913906977170704, 92.06023493374784, 78.36184928677962, 43.54401614800755, 55.40923583992663, 17.806272393359563, 76.57354625987871], [74.60840123373414, 37.07166407541093, 40.87507661456133, 42.023433366730295, 113.93463920932219, 103.00290203451554, 95.67586557176705, 72.83673416595522, 54.01687826426213, 37.30760455146333, 91.622775331326, 15.422699398459738, 15.730535670356108, 104.15773748511303, 113.36998126163687, 116.52572974403253, 86.0249851367147, 73.74290387645868, 0.0, 59.6851497270854, 34.661361644476386, 63.174269084920475, 72.45311123744459, 88.98586118212302, 79.02392087793818, 43.886712661856976, 77.95432704890317, 47.82130622031256, 78.14213354811443, 48.444075975218304, 92.98021034724914, 67.02312301597753, 71.81654593836217, 15.116239679256573, 21.838722394663947, 73.22329948860677, 53.65167323795888, 39.036816605137076, 59.78656481402399, 17.052611199130986, 76.00135590338691, 60.70309087014283, 57.84455975760885, 74.3034853264295, 81.57947819502255, 41.77388484234582, 27.75187391867865, 14.345054693758868, 75.95583579682749, 81.45387649325555, 70.58611479032525, 118.74269280559491], [15.925417359967323, 26.023374900273765, 21.55240572010484, 30.929699946037243, 58.77068781930662, 59.141682146060326, 36.89603061026444, 62.449386136320385, 15.31186385747803, 27.24477609235295, 49.65216027661037, 55.34067867371023, 52.88586223559791, 48.20668518093423, 59.1909277325445, 62.670945005427825, 46.049025045495405, 65.07188438155353, 59.6851497270854, 0.0, 25.348829516307134, 10.046033230413368, 38.60755182019752, 31.68519888140442, 51.925573308836086, 27.464762764279875, 23.476728886338954, 18.178753237096572, 81.77492150893627, 22.419647773443142, 39.512336070876756, 65.32445317513645, 32.699570115619046, 44.58309343796351, 39.15468955188533, 19.246591091309448, 44.853966304769386, 26.09703892626887, 7.439668320833827, 42.94552642432854, 77.36716476877996, 55.011287190942234, 35.807186355889996, 48.3689538284185, 31.990941690855607, 18.088474151716323, 54.83483001575686, 50.85631086344567, 31.826728644283435, 28.969517513174942, 49.08543741125632, 64.99683719275639], [40.89477959129561, 7.068847594586862, 12.930029192183763, 23.783008132044777, 80.1278710605754, 72.94984966596579, 61.02385886577603, 57.13898188040413, 24.27344089308416, 9.070609350467302, 66.22857654444779, 30.42302429900856, 30.734279993050745, 70.05818673669022, 79.8524077050258, 83.1409485541564, 61.29112268100729, 59.16598933125209, 34.661361644476386, 25.348829516307134, 0.0, 28.67253330215884, 49.53412601521372, 56.12563131853653, 54.891652420088164, 16.53181721339919, 46.09363651759141, 14.856499329365194, 71.60220902891953, 22.95238195562256, 59.384352288681086, 56.02806417452922, 41.64079131819714, 19.757934333361984, 16.301033376947093, 39.01935168213748, 35.76692249812024, 15.98776436264483, 26.934525819888677, 18.634028385873044, 67.84616221967218, 46.26798806760632, 38.7250100115373, 50.24147147983815, 52.000393125945706, 7.261076522823183, 36.89822224399913, 28.064062785363, 44.41520717280251, 47.8220081756629, 48.3406305710693, 85.41449632534353], [19.850929195589632, 26.751320805133677, 29.002195347457636, 39.78113959470811, 51.79378679498415, 49.47039781715021, 32.69791355089719, 54.265505141571076, 25.204760965555227, 27.25734643290433, 57.768064149208435, 56.42892568300987, 58.608856370143016, 41.53149623614122, 51.78699229074088, 55.17818070318523, 54.661376029776726, 56.96935030062161, 63.174269084920475, 10.046033230413368, 28.67253330215884, 0.0, 48.248471727569786, 35.1321965317227, 42.35864137965678, 24.534831491345496, 29.757704002911364, 16.400248322881165, 74.4823351863855, 31.85626546579658, 31.498612668404203, 58.14372412900237, 22.79831524046738, 48.41806827744686, 44.30205864600309, 10.692899694338767, 38.57198975319496, 33.957334793853896, 17.374607489236137, 47.26383551100321, 69.96583311170654, 48.032515888471984, 45.82726219300963, 39.05385290785798, 39.35446047762115, 22.04401920894875, 62.177939364777714, 56.225599303415514, 21.794183397017743, 20.24677143127656, 40.258581652519155, 57.487556930525095], [34.88126710349205, 54.97657938744412, 36.77250581119264, 30.548654540089682, 84.65574284694628, 93.99038549127089, 59.39190800876998, 100.30723156900514, 26.712607079436285, 56.99236810511762, 19.465110969508302, 76.28560511843955, 58.60244209282974, 74.5660834700105, 86.3390093228461, 89.77579998185985, 13.750273058329023, 102.8246571162288, 72.45311123744459, 38.60755182019752, 49.53412601521372, 48.248471727569786, 0.0, 35.636690122745584, 90.51501541683363, 61.324926065233974, 26.366926634026917, 52.99537651630487, 118.33874976385626, 26.730548327262046, 70.58464743355206, 102.00219780833706, 71.02731727887397, 59.84466425252721, 51.838746398221986, 54.62795834546504, 81.0339821031403, 35.561818589322556, 31.206301712461435, 57.12546339374444, 114.1416621119879, 91.66955880773708, 15.06726111331928, 86.97065710463656, 19.563621316810597, 45.16490223285733, 51.917097654313075, 58.651614214409676, 69.29206026971654, 63.04369350628214, 87.51882142444704, 91.9559327357627], [15.864059596167483, 57.65714736684596, 48.19687706568364, 51.48841584770014, 50.59045683310895, 65.81749723270961, 26.005720453013744, 87.5965318788958, 35.46767275405808, 58.92688857956725, 31.93145765847821, 86.5241353296004, 79.29553215151556, 41.34079686675471, 52.7394762993991, 55.998298323794785, 32.1339492255181, 90.37493711654922, 88.98586118212302, 31.68519888140442, 56.12563131853653, 35.1321965317227, 35.636690122745584, 0.0, 72.32300940462801, 58.60590370478245, 11.818547955647592, 49.48564175404178, 108.69018576553194, 42.55017064857947, 40.98168279868932, 92.59714441108503, 52.69363652278743, 74.01895128318695, 67.33227014916335, 33.828679363093094, 73.63114271806784, 50.90169246904315, 29.352367426975988, 71.93336181782888, 104.10029128285028, 82.73130734448742, 44.7993585179331, 70.27906858988025, 16.26684559075842, 49.01149064469772, 77.41378992630337, 77.98612861195971, 48.39223065851101, 37.968290842259556, 72.79205546004775, 58.027355288984964], [59.985897524609555, 48.206093769753664, 63.68080965869366, 76.0783597846503, 54.30428307292591, 29.86197077785862, 54.765359618697616, 19.596668209223647, 65.75132300794522, 46.629457043838904, 99.46625692590486, 65.41395020783773, 82.80666139362323, 49.9542843251662, 51.80785552867898, 53.41919876662082, 96.76218598984059, 22.076040341723267, 79.02392087793818, 51.925573308836086, 54.891652420088164, 42.35864137965678, 90.51501541683363, 72.32300940462801, 0.0, 38.65339070856886, 70.6463448983199, 41.87983208905838, 41.05996140824241, 70.57413355896554, 39.1764241394588, 28.737861681188345, 20.041094019026374, 68.7922082899137, 69.60451947889548, 38.785347264635845, 26.043077365337513, 68.51274703650692, 59.356804274831546, 69.40471268576593, 36.61439315726237, 24.347028791855113, 86.36040026900572, 4.781697973318341, 80.72076106264367, 52.91437027606715, 91.28602753521373, 79.68216214709909, 23.95346397982615, 35.25287176653763, 8.90767981320018, 54.854572114057056], [42.76399445007944, 9.602860107692276, 27.45339346631132, 39.52136834176578, 71.04083609067787, 59.341125930128676, 56.11591324849727, 41.02966161715744, 34.619303412161216, 7.9810747294105395, 75.66372674966445, 33.8028424010175, 44.70350065837812, 61.85488657373518, 70.16389044164734, 73.18366880876745, 71.38216056299021, 43.20538728761592, 43.886712661856976, 27.464762764279875, 16.53181721339919, 24.534831491345496, 61.324926065233974, 58.60590370478245, 38.65339070856886, 0.0, 50.93092263585952, 9.292910300040065, 57.16611242796323, 36.42250990718448, 50.09247126280516, 41.01817915590339, 27.966519760966197, 31.26784408675303, 31.043964431511256, 32.212925070383555, 20.12253738563163, 31.644299951411654, 32.77924895750911, 31.396086735401212, 53.10179078264175, 30.847071930627703, 52.86046181968342, 33.93904934888472, 59.014932549291245, 16.809414833608034, 52.64413989763469, 41.6754832002317, 32.127268746808355, 38.87704215522589, 31.82967751018064, 75.34441771807755], [10.690434502095286, 48.52637580477794, 37.079682884676274, 39.69855719788308, 58.29133457046836, 69.16286322719861, 33.02699311295233, 83.95406629749105, 24.042440205086635, 50.02161113131656, 28.966898444059044, 76.46775718599079, 67.7389719402634, 48.21871915145224, 59.98187028430534, 63.41249151671269, 27.07043723824795, 86.67580973735228, 77.95432704890317, 23.476728886338954, 46.09363651759141, 29.757704002911364, 26.366926634026917, 11.818547955647592, 70.6463448983199, 50.93092263585952, 0.0, 41.63890292650559, 104.21513828648128, 30.844381617596042, 44.97137664976611, 87.84182593268564, 50.60639533171714, 63.13747119131436, 56.17447731886422, 32.13642422591511, 67.85512810887948, 39.43573180860885, 19.22135669512487, 60.93373375309466, 99.71107521732395, 77.65750953871556, 33.50725337233384, 67.91662077061615, 10.173278407045956, 39.24396829019564, 65.60493647437407, 66.53905817534928, 47.40590108310248, 38.9361838734941, 69.67128240702571, 65.58946838033637], [33.62327133336432, 10.771010279191568, 21.808235344363137, 34.213153707895565, 66.12448615155373, 58.12234132827602, 48.93021416217047, 47.775285816891376, 26.364415045709496, 10.948226571956935, 66.65158709836622, 40.098282023599616, 45.537552103691695, 56.35790413302162, 65.63499270601469, 68.84697158040962, 62.51189273197157, 50.17109728232876, 47.82130622031256, 18.178753237096572, 14.856499329365194, 16.400248322881165, 52.99537651630487, 49.48564175404178, 41.87983208905838, 9.292910300040065, 41.63890292650559, 0.0, 65.36950161385211, 29.430577294826644, 45.19760871021048, 49.00852185026704, 26.944583140309426, 33.65241322780697, 31.13771915648736, 25.582187557574223, 28.055180245008042, 26.64211780861573, 23.617218089117404, 33.00128552597216, 61.14844203649577, 38.674359340216874, 45.769677470048215, 37.47018661310534, 49.77730890581314, 11.07443888631813, 51.49870924130348, 42.79185214061628, 29.559102167123534, 33.648272477360884, 36.52168352143105, 71.09187753856715], [94.22587839351408, 64.8788744278076, 84.04458091147475, 95.3668120093852, 95.01848428135136, 68.39949368363084, 94.8033906379549, 21.91710214849471, 91.64355437061737, 62.77615463012974, 131.41538210806112, 62.79187923498798, 88.83327530881778, 91.01183290937055, 92.34004100578238, 93.60702430056634, 127.6098289908595, 19.197975649394028, 78.14213354811443, 81.77492150893627, 71.60220902891953, 74.4823351863855, 118.33874976385626, 108.69018576553194, 41.05996140824241, 57.16611242796323, 104.21513828648128, 65.36950161385211, 0.0, 93.46726547912775, 80.02656391753803, 16.452977341484786, 57.13249317902182, 75.25908543657384, 80.15444762124466, 75.2109529299228, 37.31432297045791, 87.58838339019982, 88.4180585702305, 77.23144491386032, 4.625785282532101, 26.796156871270288, 109.83575416373165, 40.71876714775624, 113.55839955035292, 73.85410867819752, 100.43871650020525, 85.76029896104549, 62.61127173301111, 74.4953606908975, 36.83299434276965, 94.80200704391679], [31.062224174019256, 28.888360609701486, 10.067773380838037, 9.319701990411938, 80.36570411662645, 81.32587749667753, 56.8960253893126, 77.05499762093446, 7.9743811682919645, 30.97008662477579, 44.42823524313934, 50.107613737701, 37.01755786706351, 69.7297961017191, 81.05122575517878, 84.56074719366178, 39.15961780717717, 79.37036914345565, 48.444075975218304, 22.419647773443142, 22.95238195562256, 31.85626546579658, 26.730548327262046, 42.55017064857947, 70.57413355896554, 36.42250990718448, 30.844381617596042, 29.430577294826644, 93.46726547912775, 0.0, 61.77970835086772, 77.42577054251593, 53.034637122352095, 34.46086572247576, 26.74461475928443, 41.66277336956276, 56.53999307170719, 9.500742907458791, 17.09094783256665, 31.913411622010404, 89.4795482567746, 67.26757842538856, 16.448518511952578, 66.40475211569779, 33.17847138057425, 19.62938601345155, 35.16662313709648, 36.0409640333, 53.31270790297581, 51.38901024328246, 65.8537518609578, 86.88284983798792], [35.72199516908805, 55.91294080472537, 60.37728310964863, 70.44201524738864, 20.988373623285817, 24.840766112087557, 17.077682500440865, 58.18171988760971, 54.18359651566582, 55.7336162713664, 72.4522608858983, 83.893948518123, 89.86402077488998, 12.215916492245356, 20.470223089497466, 23.769573212371984, 71.63944372535431, 60.847429885558824, 92.98021034724914, 39.512336070876756, 59.384352288681086, 31.498612668404203, 70.58464743355206, 40.98168279868932, 39.1764241394588, 50.09247126280516, 44.97137664976611, 45.19760871021048, 80.02656391753803, 61.77970835086772, 0.0, 66.1425290263726, 25.831210128907273, 78.79767889247167, 75.45406812781553, 20.8110085093516, 53.55783443496734, 65.23560039774787, 45.03947791417376, 77.96981969704197, 75.49223902115203, 58.55874482609587, 73.12235408034499, 39.39561143471478, 54.543401707081365, 53.267268587822045, 93.65634424173217, 87.35525607662603, 19.892475130502422, 11.570282035904734, 43.77711958114855, 26.058296924536776], [77.93780591328888, 49.14432517381561, 68.19315202851973, 79.79877808331494, 82.84003000504272, 58.23530538532448, 79.98499983506456, 9.916555976962867, 75.33400871517574, 47.05417565969154, 114.96266019425833, 51.665870822156585, 75.92897392200986, 77.68128246132586, 80.44585236150358, 82.13863837030797, 111.16415758745612, 8.718254372463738, 67.02312301597753, 65.32445317513645, 56.02806417452922, 58.14372412900237, 102.00219780833706, 92.59714441108503, 28.737861681188345, 41.01817915590339, 87.84182593268564, 49.00852185026704, 16.452977341484786, 77.42577054251593, 66.1425290263726, 0.0, 41.91789177476502, 61.878330440372594, 65.93014846343154, 59.392817637647, 20.984750825921036, 71.95442347966609, 71.97079713969757, 63.56631143438063, 12.139992951125455, 10.356276144035117, 93.84649470083515, 27.010860986549194, 97.1328011078089, 57.7969998050403, 86.9522607658251, 72.77050590075372, 47.66523284687797, 59.505545196269765, 22.373278025300575, 83.59137562121278], [39.95165331570121, 36.14569974799824, 47.63108416009586, 59.70539654634415, 45.58555177425227, 31.49668515233892, 38.11473843044167, 35.42166319029439, 47.313836549481266, 35.23123516142298, 79.43346596640237, 60.72658871018952, 71.94304851977692, 38.01741404038055, 44.099163273153586, 46.769399011228295, 76.79626628355781, 38.2104715181135, 71.81654593836217, 32.699570115619046, 41.64079131819714, 22.79831524046738, 71.02731727887397, 52.69363652278743, 20.041094019026374, 27.966519760966197, 50.60639533171714, 26.944583140309426, 57.13249317902182, 53.034637122352095, 25.831210128907273, 41.91789177476502, 0.0, 59.04644727477081, 57.73180933108068, 18.90866594753817, 27.727045863148636, 52.68771818083044, 40.11658452812954, 58.90651156172865, 52.50737078342403, 33.35376114593312, 68.08218696537432, 17.58789283880638, 60.68091886052845, 37.65500551845459, 78.43730644263279, 69.04462996837894, 6.0082580233181, 17.6140567014312, 20.408114686110007, 48.776506850367745], [59.51213048431317, 23.15549614493353, 26.126633747755804, 29.406361071653855, 99.65853654944168, 90.52311615466816, 80.7477676150864, 65.90976042259574, 39.375345466629426, 23.834601396716963, 78.54600637481487, 17.195236846858233, 14.304526746264605, 89.6983709466107, 99.25687592761227, 102.48861561559939, 73.08529398263187, 67.30868281006184, 15.116239679256573, 44.58309343796351, 19.757934333361984, 48.41806827744686, 59.84466425252721, 74.01895128318695, 68.7922082899137, 31.26784408675303, 63.13747119131436, 33.65241322780697, 75.25908543657384, 34.46086572247576, 78.79767889247167, 61.878330440372594, 59.04644727477081, 0.0, 8.021622997904876, 58.6719868094989, 45.05487931443792, 24.961542683332624, 44.747080934107416, 2.7874076364538896, 72.36058610171769, 53.86026176374695, 45.96333546022107, 64.01055748592917, 67.2782350590168, 26.74920635858037, 25.187017291230955, 11.11079988528042, 62.66273756539906, 67.23023940786675, 60.933268809849906, 104.73867853956341], [53.35497019736611, 21.76796282142169, 19.136637186363526, 21.384809827989756, 96.05056073106668, 89.14322666531382, 75.89537974963861, 68.94584414266187, 32.192252821072806, 23.08552735790464, 70.60806023201384, 25.00507265448405, 14.450683646106645, 85.83354079653301, 95.89743707003447, 99.22361272303324, 65.12247238359764, 70.59732950802079, 21.838722394663947, 39.15468955188533, 16.301033376947093, 44.30205864600309, 51.838746398221986, 67.33227014916335, 69.60451947889548, 31.043964431511256, 56.17447731886422, 31.13771915648736, 80.15444762124466, 26.74461475928443, 75.45406812781553, 65.93014846343154, 57.73180933108068, 8.021622997904876, 0.0, 54.872755178733975, 47.576416606669476, 17.268218441078744, 38.3544075544967, 5.287325400813184, 76.96054181987327, 57.186918431639306, 37.95563085436033, 64.85447318003696, 59.78907010596104, 22.261221654424734, 21.79387756448622, 11.9243937549091, 60.69069409658599, 63.92129972965554, 62.31311838076333, 101.51022129067798], [21.45220103390442, 36.321384424567675, 39.60311186977854, 50.00441183512045, 41.177821614899855, 40.190971733411835, 23.953734169147715, 53.86203921644507, 34.43593672635296, 36.49079769757553, 61.09937087684123, 65.48326965018667, 69.22700944986323, 31.03925482594826, 41.10588339488661, 44.489098740583024, 58.86453310702757, 56.64814426970409, 73.22329948860677, 19.246591091309448, 39.01935168213748, 10.692899694338767, 54.62795834546504, 33.828679363093094, 38.785347264635845, 32.212925070383555, 32.13642422591511, 25.582187557574223, 75.2109529299228, 41.66277336956276, 20.8110085093516, 59.392817637647, 18.90866594753817, 58.6719868094989, 54.872755178733975, 0.0, 41.89032208466715, 44.50388295976231, 25.659982223774335, 57.65313020628836, 70.59666890082615, 49.91766490556989, 54.44203224088924, 36.490929972275765, 42.29912306525669, 32.61961058948439, 72.84877862650912, 66.79533971681657, 15.270055723361098, 9.750127919582743, 38.98599883273619, 46.79704592899371], [58.388614354535626, 28.73565431166217, 47.496716135088334, 59.36607293829056, 72.97134005403687, 53.76027092147206, 64.63554968880705, 21.502244830456977, 54.35387433423262, 26.697151472765366, 94.34549055452786, 39.529581538897666, 59.35488483718644, 65.7414946182016, 71.22233319887795, 73.62299602937088, 90.4031721059854, 23.415864354775284, 53.65167323795888, 44.853966304769386, 35.76692249812024, 38.57198975319496, 81.0339821031403, 73.63114271806784, 26.043077365337513, 20.12253738563163, 67.85512810887948, 28.055180245008042, 37.31432297045791, 56.53999307170719, 53.55783443496734, 20.984750825921036, 27.727045863148636, 45.05487931443792, 47.576416606669476, 41.89032208466715, 0.0, 51.48404367480224, 51.2525666106379, 46.198094310159014, 33.11686871325094, 10.729010381638043, 72.98146880398569, 21.59801989156253, 76.82590810441818, 36.931864014242215, 69.25242794456068, 56.163441231641585, 33.68596821961603, 44.51584433140032, 17.23405220908451, 75.47402438871896], [38.009363951739175, 22.815803620930495, 5.084625001163588, 7.885468750166292, 84.84956078807114, 82.67512498676605, 62.59812098931271, 72.66003580236321, 15.43454575593865, 24.901169542598794, 53.76830267177944, 40.80974704577251, 28.422840229445857, 74.29989194307917, 85.19456475860152, 88.65542134549405, 48.409550163697155, 74.78978571557802, 39.036816605137076, 26.09703892626887, 15.98776436264483, 33.957334793853896, 35.561818589322556, 50.90169246904315, 68.51274703650692, 31.644299951411654, 39.43573180860885, 26.64211780861573, 87.58838339019982, 9.500742907458791, 65.23560039774787, 71.95442347966609, 52.68771818083044, 24.961542683332624, 17.268218441078744, 44.50388295976231, 51.48404367480224, 0.0, 23.037444393681586, 22.415215528545325, 83.81482668812411, 62.08940274115631, 23.18390359713982, 64.06210193298598, 42.54317127207386, 15.60387702833692, 28.756252071901855, 27.105244634480382, 54.027451589596986, 54.183163614110676, 62.80539913503166, 90.97951808683246], [15.07585500981877, 29.40401292519201, 19.413923062304413, 26.248700516879328, 63.287570693955914, 65.83613465163738, 39.93697823844167, 69.50241463076205, 9.216662224380798, 30.984906226980318, 43.110750227233055, 57.35146471005113, 51.16951635132395, 52.65002394726364, 64.02158146472833, 67.53651500282328,