instance_id,num_cities,city_coordinates,distance_matrix,best_route,total_distance
784,83,"[[28.03075694342172, 28.64345836171147], [67.70290937944516, 75.75003653397077], [0.5900771727296195, 7.989766986325408], [92.12970344522329, 16.448419024222193], [17.684284551824337, 24.28013865910482], [4.420809228576694, 40.48925292683315], [7.703501992533224, 61.962775342851984], [29.682185654123884, 7.672363459826482], [69.37230396055088, 31.434904654066543], [64.37372983250363, 93.16412713602129], [19.629594350692546, 95.60047540548064], [11.0837949652412, 39.552600910875], [3.5562675551821132, 89.15095356802397], [86.73631703274415, 33.48906653002973], [84.37153465747713, 8.758907575491081], [1.2434720108695507, 12.288771742483961], [66.625123137543, 86.2058815702271], [56.65857015435566, 91.78926443967427], [69.56410605317352, 8.51050809509447], [52.888953823385044, 77.50814018888728], [98.3149394492661, 55.9075538536832], [94.09431723069194, 89.51957736076693], [32.84478505353573, 15.027758923694524], [52.48925281936374, 56.79291034232501], [22.201633337486037, 6.782783990765873], [97.6526093766633, 16.53537383076945], [3.553575842638468, 97.25488924324429], [7.491859596663253, 98.27761003634842], [84.99517381346782, 98.89231263845878], [79.35515054833247, 27.196220629916457], [88.04631005006898, 8.74916024104505], [50.32932761064098, 4.822549710805846], [65.70550977744651, 26.69783816335036], [84.33610434645573, 62.22387235442345], [57.240878530103565, 74.49013316489625], [79.27368461673461, 43.03462504720752], [60.33203097608077, 50.227463491333054], [48.595243434353584, 51.897003598332766], [18.4475113783958, 67.1119859892622], [44.41287033860395, 0.39490832524373687], [3.0263560366548425, 67.01113613029219], [66.37452535239686, 21.943773128989996], [91.736635177258, 65.72715444918575], [97.68679081579123, 86.97216276564652], [25.765934538466595, 91.06639921304972], [28.328968959071087, 19.842411726374653], [79.22433178276937, 44.94204424524382], [48.0973504934722, 72.9377306618813], [28.773890648499233, 44.58039909931328], [72.1251740091801, 34.427609959871575], [54.7291533764608, 59.92387178158176], [47.628366565420585, 27.91781067742042], [15.21314263262028, 85.81240315954047], [69.84184080414701, 10.677196665900013], [65.35795450767573, 63.81478336879265], [0.2912965798404388, 72.14922042922124], [5.772394705542383, 88.63773489053898], [51.10060924190608, 4.185465858959336], [93.18915391880735, 99.97616390645851], [12.997656801698831, 12.01161578683262], [94.63583638000178, 19.20016988531792], [40.023086945168, 67.31292576080286], [69.54047410534213, 48.38737755494375], [57.50029037251465, 52.540629929055285], [15.566353876048778, 76.68170240681397], [54.73973891042318, 50.60044775191284], [68.98135418099801, 14.516323861783132], [17.879941585929238, 90.36212473361081], [85.50194111994817, 42.167814840307884], [97.42218774942548, 39.56029523247563], [59.43357122455784, 20.68886635336429], [22.509197967620754, 45.602357758678224], [54.6396152056349, 38.26423307873385], [13.32873789254202, 71.03737810928656], [7.292652542857791, 13.1501215947347], [99.37139037411286, 93.34115829166775], [82.73595771223542, 32.15602996743253], [74.03286004535258, 0.9118918199876314], [21.44934565776948, 28.8596447750311], [5.996344969697997, 96.79670005147476], [17.179120079539757, 47.5334756716554], [85.03466810233017, 42.1661443472386], [76.5976690058145, 11.373465334973531]]","[[0.0, 61.58660070182683, 34.34480854084598, 65.24870824072865, 11.228893524174245, 26.41500482636303, 39.030426309843705, 21.03601764047554, 41.43568126835377, 74.05220035556499, 67.48200993086282, 20.15462506344056, 65.26988284773448, 58.90520099211885, 59.746787306050024, 31.38525782068511, 69.30337414269374, 69.33213190488092, 46.155766429673704, 54.82414688979797, 75.38698305085697, 89.83482544212433, 14.441680575036372, 37.29087914386493, 22.624494822333475, 70.66688083709727, 72.84683138100036, 72.60000952938661, 90.44250282107451, 51.34479404929126, 63.22696981835164, 32.62915786157776, 37.724957774146404, 65.55864817168117, 54.36128027942053, 53.22540103279737, 38.84895856478607, 31.04231741844207, 39.6442456529472, 32.65507951996795, 45.79627454346006, 38.92467543883527, 73.7132243023769, 90.8526323904284, 62.464013360139305, 8.806097449134388, 53.72546888240966, 48.62767458253089, 15.954257355873837, 44.472171366817044, 41.12503660562158, 19.611039428290876, 58.58821968551085, 45.50772783748915, 51.28685777813439, 51.59679248109779, 63.990217265845224, 33.621592501524425, 96.61248147488774, 22.419016198455758, 67.27118479706989, 40.48633952088254, 45.96606317677766, 37.94111502641285, 49.62896568298358, 34.57570101668257, 43.31890284036815, 62.54784433653749, 59.041046982691434, 70.24491438223328, 32.394633487582276, 17.835130565254843, 28.294710533494552, 44.87085686429743, 25.88653044159536, 96.3082465551051, 54.81785430351623, 53.71436746959545, 6.584960977577216, 71.6266686636414, 21.785104466023185, 58.585910624278085, 51.54607265757276], [61.58660070182683, 0.0, 95.37078366028199, 64.13540447837258, 71.77055954146809, 72.44271571451426, 61.563117675542976, 77.97528457009489, 44.34656459976048, 17.729466657296776, 52.010417622292195, 67.20103022080005, 65.5314904048723, 46.34932785457266, 69.0337194984531, 91.8922681420087, 10.511247243093457, 19.47393798721636, 67.26528255898992, 14.917915661323306, 36.48041260612514, 29.767543784324168, 70.01631116889845, 24.306953313282396, 82.6247423282201, 66.3578240223206, 67.65793141431402, 64.28733999668728, 28.88922554435341, 49.93243197664931, 70.02122088956658, 73.02430917528463, 49.09284846248749, 21.43875677884925, 10.537620509013434, 34.70131104641598, 26.565609030360303, 30.56256007107133, 50.00710099030654, 78.87218309313872, 65.26426995353748, 53.82265866463204, 26.03993358305583, 32.01514115459314, 44.64639766576864, 68.38106240659108, 32.891876855206675, 19.80623648120819, 49.869978916802644, 41.55838498338481, 20.46425751388828, 51.87397323884252, 53.44555019123166, 65.10798350536712, 12.16343214177354, 67.50771375823696, 63.25726374657995, 73.46512196788103, 35.16324655358445, 83.99554118484048, 62.63601180469372, 28.93712854088704, 27.42429124926274, 25.35290889726215, 52.14487914510256, 28.293914619853116, 61.247056980157424, 51.92149113139745, 38.00751431995726, 46.828761272336926, 55.678671097446134, 54.32636640447705, 39.69678973615067, 54.57801456919166, 86.99510607765268, 36.22623708313837, 46.1132296710975, 75.10536718280461, 65.86426190478376, 65.19710220917267, 57.8690555661485, 37.79242880311281, 64.98815021333083], [34.34480854084598, 95.37078366028199, 0.0, 91.92960335172793, 23.613304198201284, 32.72447240951266, 54.439750584666406, 29.093839913147356, 72.66821314818887, 106.40970807935147, 89.65567156670113, 33.26154834726689, 81.21537103734883, 89.84090894040818, 83.78498788872895, 4.348375180223271, 102.36399697245636, 100.8267408908196, 68.97599460176468, 86.99411883369555, 108.84053934648409, 124.05705497274002, 33.01362614113464, 71.24093790950838, 21.645234297969406, 97.43799338132673, 89.31430107160458, 90.55125180389783, 124.0463346696328, 81.07295878051765, 87.4595297678345, 49.83998695220149, 67.74962354481433, 99.77341956884324, 87.3590979596095, 86.1350808724857, 73.16504664312652, 65.05644791032599, 61.76021969067886, 44.476050622113576, 59.07162999555034, 67.24810710892051, 107.89486061490287, 125.16385517921708, 86.80754930439139, 30.16506762578495, 86.88392712519696, 80.46849696603677, 46.18659654558877, 76.26420930222926, 75.02126907136456, 51.08549299306736, 79.1845739042198, 69.30388909970611, 85.5062008779326, 64.16014912649288, 80.81430035637233, 50.65359372225215, 130.52235912890276, 13.0431322934084, 94.71155134422598, 71.23341509920103, 79.91322904762742, 72.2741430622798, 70.30555351966835, 68.90468766066236, 68.701984800079, 84.16736144298214, 91.53230901763634, 101.84869116723308, 60.19820526362451, 43.53337617311009, 61.950753496231684, 64.32165067258944, 8.458946522870315, 130.54733944262304, 85.62682965100825, 73.78305139356532, 29.50696325694138, 88.97133859805895, 42.882411792647936, 91.09837378780763, 76.08287212493673], [65.24870824072865, 64.13540447837258, 91.92960335172793, 0.0, 74.85623705913254, 90.94400375747612, 95.91319055703133, 63.06117370886017, 27.24874277537404, 81.58243648166405, 107.337383273959, 84.27480348240017, 114.59019187722798, 17.873787634732018, 10.923267334425425, 90.98137023505076, 74.27373154439051, 83.27331075953174, 23.921049633719015, 72.58185709659438, 39.940962255750556, 73.097564172621, 59.30193777466538, 56.56008579853536, 70.592913876625, 5.523590414387823, 119.89752295325827, 117.72672217059419, 82.75202177192988, 16.694443419018963, 8.715083902632273, 43.38700562616609, 28.342346474519378, 46.434171840334834, 67.72053369802694, 29.531399743579318, 46.39090233618998, 56.141351575695815, 89.4195864751898, 50.344923949561974, 102.44996281385613, 26.334921973113847, 49.28030304033082, 70.74234694544855, 99.85986576683179, 63.89094542605199, 31.27995038330637, 71.62325345698945, 69.32075676216226, 26.89670062773602, 57.34907268564517, 45.95558648286561, 103.57374002305576, 23.02294135458546, 54.40862994413362, 107.40983312867935, 112.55612865591738, 42.822500995132316, 83.53446354899236, 79.25633116010506, 3.7219396943425247, 72.81687667456971, 39.11994828980349, 50.01843597873925, 97.41660497214642, 50.639614079597976, 23.228841240476875, 104.7676621284258, 26.559641461902725, 23.710107801860747, 32.969962932076, 75.47825466112276, 43.375528343446746, 95.86212299978386, 84.90114234651921, 77.23299412574535, 18.302226652494742, 23.851193232359773, 71.76176908075792, 117.79134818104299, 81.14105430440505, 26.67847301303097, 16.34011165124031], [11.228893524174245, 71.77055954146809, 23.613304198201284, 74.85623705913254, 0.0, 20.944096136970757, 38.98201031161857, 20.488236330400074, 52.180858816615434, 83.21603312526683, 71.34686162565258, 16.637745220261593, 66.39144140026377, 69.66338738733499, 68.46968629258372, 20.349280024999544, 78.93037005214015, 77.95176073626834, 54.22358460243313, 63.81683857239008, 86.61175382752965, 100.47227207589935, 17.760836304369864, 47.62841734332172, 18.071078009929625, 80.34248164910751, 74.33028421472116, 74.69612638345161, 100.48747344380102, 61.73977038198115, 72.05571401934664, 38.00390248373131, 48.08204803315641, 76.69544972602532, 63.92000997679867, 64.38155760803788, 49.92087680536917, 41.4509180611114, 42.83864681456112, 35.8458020730857, 45.17513711366508, 48.746262965565336, 84.86227519372423, 101.64000637097219, 67.27345438793827, 11.532680801069663, 64.9160361978261, 57.38044823352009, 23.131794943750076, 55.37853030469403, 51.40815127137799, 30.164228903617186, 61.58186516285797, 53.90223283950952, 61.93356876025065, 50.93098290930256, 65.45069375032065, 38.99290487688591, 106.91526334613397, 13.133207267675045, 77.11904700855249, 48.485491212412455, 57.18586680458221, 48.8259120378943, 52.444346821679616, 45.451791696952434, 52.21801826895282, 66.0822757267499, 70.13703373793028, 81.1887701055801, 41.903462559269045, 21.861308670803425, 39.512673415874694, 46.959665966686956, 15.227058010756647, 106.96825552616536, 65.52671092668653, 61.001941940267464, 5.928537880228738, 73.45243091858018, 23.25882355931429, 69.68488619403924, 60.31060507174084], [26.41500482636303, 72.44271571451426, 32.72447240951266, 90.94400375747612, 20.944096136970757, 0.0, 21.722988669467092, 41.41358923352243, 65.57955390639846, 79.80598387273075, 57.171268903022195, 6.728498786950409, 48.66937991795156, 82.61262273192847, 86.01705245312037, 28.378911374889977, 77.19706473307912, 73.21526376211774, 72.56920312495501, 60.98818782833216, 95.15162475423469, 102.20230306359163, 38.160320734628534, 50.75809801758138, 38.10884089197729, 96.25984044554406, 56.77226048126621, 57.86990208891137, 99.51454974996705, 76.10427200014813, 89.44639663702405, 58.13523697669518, 62.81733552565768, 82.81816271470821, 62.81735093094273, 74.89614057550813, 56.75295113293326, 45.62364970915426, 30.091830933213295, 56.62968674519714, 26.55851630574237, 64.66991388955998, 90.8900717039676, 104.20750562464247, 54.89683142907479, 31.58943103722801, 74.93593488467951, 54.41088093558159, 24.694332379110293, 67.9751758056125, 53.931752251630904, 44.99926856346636, 46.59036818185269, 71.89346333928287, 65.2488777310752, 31.92814459013149, 48.167448538518734, 59.135172991663325, 106.85743585236114, 29.741185776127164, 92.69291332502662, 44.5761326599015, 65.59688351060136, 54.430386790462485, 37.869731512776234, 51.324759571938856, 69.58920181157227, 51.65705746621668, 81.09850503482383, 93.00601791914383, 58.46759179994737, 18.79717128177039, 50.26807323824788, 31.820420255633636, 27.48955412544024, 108.66893190129588, 78.75725418593893, 80.0762457355428, 20.620835062741918, 56.329485303576675, 14.573797372286776, 80.63129793915805, 77.82819652540675], [39.030426309843705, 61.563117675542976, 54.439750584666406, 95.91319055703133, 38.98201031161857, 21.722988669467092, 0.0, 58.57056733483831, 68.81127832675239, 64.6918779844523, 35.68930574329955, 22.663677959523117, 27.502665119621895, 84.00558283077133, 93.32008775242193, 50.09230101575859, 63.714092930119136, 57.32554535782053, 81.7549950074795, 47.784761434526175, 90.81353591430248, 90.67938186251733, 53.244529110698615, 45.08315629197477, 57.05284618765133, 100.76949303902309, 35.53526685713566, 36.315451412858714, 85.66092024804934, 79.64089444105528, 96.36729548333962, 71.28791198307378, 67.8811365649938, 76.63304714797567, 51.096833250472166, 74.03084434528654, 53.9210497600381, 42.112400536628755, 11.914197747419143, 71.68109913683936, 6.881979434200117, 71.01978259813778, 84.11740618265577, 93.3941204076215, 34.253063977611355, 46.89919955363857, 73.51825882718535, 41.85824459973805, 27.3149827381494, 70.05952581975207, 47.069831270303595, 52.46955717588895, 25.003988672565985, 80.56912392782199, 57.68419045586902, 12.597795544362858, 26.744768501981966, 72.26013014665197, 93.55647703578747, 50.23093087067286, 96.88070596135935, 32.75942125565218, 63.30957704155233, 50.68034093373271, 16.68745797466878, 48.389152417454994, 77.49929629988107, 30.16758141807911, 80.27725451184395, 92.47331338845704, 66.17806000497879, 22.065173845570875, 52.579650331637716, 10.676689294876475, 48.81438274938941, 96.88965206264432, 80.7360605999832, 90.14873331678855, 35.84362525553621, 34.87573218882459, 17.26244557216616, 79.82490745799515, 85.47329720753216], [21.03601764047554, 77.97528457009489, 29.093839913147356, 63.06117370886017, 20.488236330400074, 41.41358923352243, 58.57056733483831, 0.0, 46.259743354088414, 92.26236986955634, 88.5008896127113, 36.908666680761506, 85.5647371440611, 62.623286920952204, 54.7001414305837, 28.810964217033916, 86.78879015575937, 88.33673273988495, 39.89072650561481, 73.59069098882726, 83.8873559354222, 104.15320022727776, 8.006489704674, 54.15709038265902, 7.533260555279502, 68.54583469370691, 93.31523549998451, 93.28301709169122, 106.67992213752305, 53.372131681050114, 58.37405680448632, 20.842886301486068, 40.73878457426515, 77.2199323433096, 72.27790742261644, 60.90817936806999, 52.443775197361724, 48.099090947529234, 60.49203776137408, 16.430289848613153, 65.05092770001629, 39.37005113634668, 84.97713493897866, 104.46570965219931, 83.48594026547681, 12.245050846520883, 61.99559136647515, 67.81361553611062, 36.91921037323077, 50.17220820121049, 57.94454861315471, 27.05445512926424, 79.4683522556684, 40.27191235048444, 66.51865750694868, 70.85964609866905, 84.42197269738551, 21.700399163715808, 112.04073631971177, 17.239565359510436, 65.96868244555851, 60.53041310851729, 56.977149200588435, 52.792123333666694, 70.4382393923011, 49.70615048644128, 39.89065605987453, 83.52777732323948, 65.61845217777982, 74.87020820465635, 32.47420962761225, 38.60228257320609, 39.480827962428336, 65.44127394249807, 23.04988128223297, 110.43426851500692, 58.43075093860874, 44.86297243551584, 22.73060808546906, 92.21803739957502, 41.77600885109021, 65.22053536339442, 47.06124449281995], [41.43568126835377, 44.34656459976048, 72.66821314818887, 27.24874277537404, 52.180858816615434, 65.57955390639846, 68.81127832675239, 46.259743354088414, 0.0, 61.93127361471142, 81.1884082193106, 58.85106008742833, 87.53795148591925, 17.485094537461315, 27.187823837283805, 70.76801642193954, 54.83982963891204, 61.67890865138078, 22.92519892249018, 48.933054926005525, 37.9023311668311, 63.126912989417875, 40.04315257968601, 30.464173521067153, 53.22404738675562, 31.96516374403513, 93.0826264260913, 91.08861980233715, 69.24287656079812, 10.84544458525181, 29.383013851616635, 32.72388094174222, 5.990423901420848, 34.23267231816451, 44.731691060078056, 15.250929548643914, 20.85393975453712, 29.161339772277383, 62.17868310067111, 39.83032386036684, 75.28248834868779, 9.953303683190207, 40.94046539527162, 62.33856915608373, 73.87442451561519, 42.64904735538981, 16.718411172875125, 46.638055401799384, 42.673588877269104, 4.0662733002140214, 32.031907639430095, 22.026546789814923, 76.74716346196537, 20.76301774235833, 32.62777263483016, 80.18628991151033, 85.54012067040823, 32.808333431304405, 72.56132965869429, 59.6268814605047, 28.070176436393716, 46.3530898425494, 16.953307012278607, 24.215621941585884, 70.3018703262862, 24.112859684857426, 16.923097167928617, 78.25522761593884, 19.374224009227646, 29.203046974948847, 14.637477499817361, 48.95781276544097, 16.238591216026, 68.62388215039047, 64.71643077047058, 68.79192848795105, 13.383096178108017, 30.8767727505471, 47.99210243294925, 91.04216866695849, 54.61952427882717, 18.986025278135635, 21.32292774435463], [74.05220035556499, 17.729466657296776, 106.40970807935147, 81.58243648166405, 83.21603312526683, 79.80598387273075, 64.6918779844523, 92.26236986955634, 61.93127361471142, 0.0, 44.81041679012552, 75.59109009894368, 60.949727480443244, 63.72753066467527, 86.7418773539001, 102.59752707866286, 7.313409134450948, 7.836704428082438, 84.81258881816109, 19.416745537511076, 50.39898771792186, 29.943213894932132, 84.25773790155725, 38.26364076940281, 96.12607433138753, 83.5431005938362, 60.95757103074894, 57.111249932906574, 21.402244298446345, 67.6476729493547, 87.67141888915111, 89.4509895738711, 66.47963002018248, 36.82113200575822, 19.989887907033513, 52.29699448576861, 43.12646999909803, 44.180721113302944, 52.80086741546101, 94.89238046596329, 66.68942352572364, 71.24845266810559, 38.749400758258794, 33.88363107519956, 38.6647425945794, 81.7025014123567, 50.45700800295486, 25.96204226784079, 60.23061663200687, 59.24578750264243, 34.611160498382624, 67.3608862943657, 49.70725479508698, 82.66797406481442, 29.365842023994148, 67.44022950344655, 58.77588540738782, 89.96320299361662, 29.6096692017206, 96.04806597921056, 79.91534311304686, 35.51391870194903, 45.07385660698935, 41.200882215487916, 51.51534016881488, 43.64035499168067, 78.78265774902562, 46.57814469233841, 55.199865760424004, 62.97278273532252, 72.64343461446327, 63.36214117727843, 55.756177730099154, 55.63437988009618, 98.2877940911666, 34.998108283388426, 63.71153218091029, 92.75652924335634, 77.31474121081352, 58.490295343810786, 65.64668721875452, 55.02425482198336, 82.69907524734589], [67.48200993086282, 52.010417622292195, 89.65567156670113, 107.337383273959, 71.34686162565258, 57.171268903022195, 35.68930574329955, 88.5008896127113, 81.1884082193106, 44.81041679012552, 0.0, 56.69563406911899, 17.319011698336144, 91.4392658632998, 108.31886602922842, 85.31640792910771, 47.92533901064314, 37.22459372638137, 100.38982949028922, 37.86182227684457, 88.13008314190314, 74.71259783078962, 81.6492737663159, 50.85060728062913, 88.85492497767966, 111.08051656686808, 16.16092374271598, 12.429467196584177, 65.44841610667756, 90.80905315285332, 110.56219034046595, 95.82852088840713, 82.88886174471202, 72.80748633938435, 43.13067640483992, 79.50211398165546, 60.95406924402278, 52.43092860932336, 28.513003162967316, 98.37840602369239, 33.06082035740436, 87.23759719640196, 78.05024434120487, 78.53262824458211, 7.629712826762203, 76.25590685962878, 78.21642651780144, 36.38699134468674, 51.83306223897273, 80.60958597156547, 50.047967890216924, 73.2453025812798, 10.738314768612799, 98.65714857922337, 55.69033256228533, 30.39623530366342, 15.508118437900835, 96.68055000191903, 73.68958850280426, 83.85153575218403, 107.0651345066802, 34.872338681267635, 68.70351174814473, 57.34404859818394, 19.350191082515497, 57.07648149480703, 94.92226203535951, 5.52282559553739, 84.8187201268802, 95.8759061575089, 84.82986352548448, 50.0809732854117, 67.17995418586506, 25.358362346344723, 83.36822522212577, 79.77379611665437, 89.48525439233295, 109.20459321690946, 66.76563463385905, 13.685629035162103, 48.129422265025546, 84.45739404042115, 101.6835815425915], [20.15462506344056, 67.20103022080005, 33.26154834726689, 84.27480348240017, 16.637745220261593, 6.728498786950409, 22.663677959523117, 36.908666680761506, 58.85106008742833, 75.59109009894368, 56.69563406911899, 0.0, 50.166325909040886, 75.89512859440792, 79.49430381122035, 28.98531243180835, 72.53528611250943, 69.32336655240648, 66.20844592138432, 56.46498267988201, 88.75109607072072, 96.88883084405008, 32.78732322284061, 44.85131223723184, 34.60443947023026, 89.5765168504357, 58.19156535810231, 58.834757554348585, 94.78445711802554, 69.38053132400003, 82.89801375957134, 52.40599478094624, 56.11396131375004, 76.68042369828316, 57.888751266670646, 68.27873419131942, 50.39187872357033, 39.49041711556093, 28.526198928567283, 51.421320032396075, 28.616314900487676, 58.02702545019195, 84.79379627776439, 98.73547354820803, 53.56525588443324, 26.189455583617256, 68.35333830351877, 49.84546299647507, 18.390710696068485, 61.25614653105181, 48.165402393538905, 38.351975923244524, 46.44373818119859, 65.46981687096488, 59.450297658287, 34.336826082541606, 49.371665462290125, 53.40580180685925, 101.9426158874452, 27.607403513039262, 85.99514563755285, 40.10134980362852, 59.12052616849155, 48.19937700500422, 37.398710035034604, 45.03217029599951, 63.078859625241726, 51.26202610103357, 74.46408410099481, 86.3383931270363, 51.899338587136185, 12.928240084571671, 43.574870837265664, 31.56471073810838, 26.67327641865565, 103.38234089140877, 72.03292086291603, 73.8626373311073, 14.892412567561216, 57.46972275795287, 10.042278137766369, 73.99704215055888, 71.31711837707087], [65.26988284773448, 65.5314904048723, 81.21537103734883, 114.59019187722798, 66.39144140026377, 48.66937991795156, 27.502665119621895, 85.5647371440611, 87.53795148591925, 60.949727480443244, 17.319011698336144, 50.166325909040886, 0.0, 100.08579469495209, 113.99117709577706, 76.89697014975404, 63.137579883464824, 53.16780252737235, 104.21092164091743, 50.68795752265367, 100.42076241344762, 90.53880009446591, 79.69984467696605, 58.66412880339074, 84.45214635912964, 118.85766262535452, 8.103936122244866, 9.939051413881423, 82.01944604229529, 97.89718890980231, 116.6319666771594, 96.4313167184688, 88.10743403681197, 85.14957272182075, 55.650490657508335, 88.65575560962158, 68.83694786795904, 58.44968893491944, 26.598218634715224, 97.70822666562302, 22.14615818586962, 91.9942314237268, 91.23843268669258, 94.15573555910758, 22.292111598667475, 73.60272214437381, 87.63608621715181, 47.400175804736264, 51.20998769893337, 87.72878243742494, 58.93120186309632, 75.4443351049589, 12.125537324217198, 102.72247925005284, 66.79348793511564, 17.312393398744327, 2.2747775621988553, 97.36322985636401, 90.2842151028955, 77.7149745173025, 114.84163006131442, 42.50562756777993, 77.56020012498902, 65.19412085968276, 17.312550301905418, 64.07721309990627, 99.25104488811792, 14.374789505639676, 94.45903207576823, 106.16046518391464, 88.3704161535256, 47.49414456735174, 72.10386071031257, 20.581612968714406, 76.0926214123832, 95.90670245834141, 97.55944162203994, 112.92954488175059, 62.89041389557959, 8.025672375448096, 43.790370829157446, 94.05478219226865, 106.69762884766813], [58.90520099211885, 46.34932785457266, 89.84090894040818, 17.873787634732018, 69.66338738733499, 82.61262273192847, 84.00558283077133, 62.623286920952204, 17.485094537461315, 63.72753066467527, 91.4392658632998, 75.89512859440792, 100.08579469495209, 0.0, 24.84296595817661, 88.08222890579637, 56.422714467426644, 65.60170678865093, 30.311931832437892, 55.527676360624014, 25.231985077381363, 56.51157678623344, 56.965929270062595, 41.42379200004816, 69.8423290470328, 20.16415469785082, 104.81149067823249, 102.35838707213489, 65.4264180681609, 9.699563299096239, 24.774564474339073, 46.33830019894966, 22.10012752311331, 28.83487622142726, 50.508101901178364, 12.116458640268691, 31.262761474256823, 42.3508399249466, 76.11742041516773, 53.72613374657748, 90.17253861487784, 23.407186079278134, 32.6235726772772, 54.59262275272592, 83.86022168101913, 59.980409271105536, 13.696737602109097, 55.219261467450025, 59.01407061465479, 14.641255554929154, 41.51213622553757, 39.50279333831808, 88.61882436771342, 28.386699944456797, 37.103685612592166, 94.69608788441113, 97.96189228747367, 46.136803986010506, 66.7995001584657, 76.80280530746258, 16.327123850848746, 57.67303805486569, 22.752069914162906, 34.89566338135357, 83.25123092008818, 36.28471274322567, 25.98468145316372, 89.30702765796575, 8.766091268475751, 12.290144463391401, 30.15435380221472, 65.35942661770825, 32.44996893290072, 82.45331028938736, 82.00590532798594, 61.171218449408904, 4.216617266293216, 34.96641433603272, 65.45089897856573, 102.6001927426409, 70.96089821954233, 8.842357634040667, 24.328830634305792], [59.746787306050024, 69.0337194984531, 83.78498788872895, 10.923267334425425, 68.46968629258372, 86.01705245312037, 93.32008775242193, 54.7001414305837, 27.187823837283805, 86.7418773539001, 108.31886602922842, 79.49430381122035, 113.99117709577706, 24.84296595817661, 0.0, 83.20297314649119, 79.45419373938779, 87.53312837174782, 14.809511949197045, 75.61487870059703, 49.16719824287085, 81.34382757857155, 51.90668956862061, 57.65193246552195, 62.20129978191402, 15.390268779852073, 119.8460731035284, 118.0003496932608, 90.13556253800104, 19.107554061087026, 3.6747883199617664, 34.269035204664426, 25.888717918389766, 53.46497651845943, 71.11024201468496, 34.652747123984646, 47.932649279934246, 56.04318283393312, 88.04009657914158, 40.824641304076714, 100.05178767245624, 22.3099310530308, 57.442369880852745, 79.33857406080537, 101.04028674234922, 57.12804245134617, 36.547408618059436, 73.72067396272446, 66.13831925850778, 28.440387325528093, 59.13141576370118, 41.43819457348787, 103.53803344271563, 14.655778263397712, 58.246593801529464, 105.29870938850986, 112.06449863543347, 33.583788457275105, 91.6424479266415, 71.44795693985719, 14.641579439173663, 73.45309973130637, 42.312834814196464, 51.37025386025178, 96.68329204191912, 51.271413122033614, 16.43184400462285, 105.26260969474185, 33.428025717944, 33.45213039138496, 27.64463667012778, 72.00269801979745, 41.887364053412846, 94.47585333942587, 77.20386537345254, 85.9019953652653, 23.454220263468457, 12.979362426656715, 66.05483710130471, 117.8699421508288, 77.57762375748239, 33.41381772095614, 8.201761972147812], [31.38525782068511, 91.8922681420087, 4.348375180223271, 90.98137023505076, 20.349280024999544, 28.378911374889977, 50.09230101575859, 28.810964217033916, 70.76801642193954, 102.59752707866286, 85.31640792910771, 28.98531243180835, 76.89697014975404, 88.08222890579637, 83.20297314649119, 0.0, 98.6838357044186, 96.90800504265995, 68.4250269428636, 83.19147680017814, 106.42118183664358, 120.77200335543176, 31.71978935616407, 67.87303148663756, 21.66934302914033, 96.5026186013246, 84.99751586291546, 86.21555926020936, 120.47622525026306, 79.5214836146268, 86.87497649634562, 49.650434956684194, 66.0528236197404, 96.9427657000842, 83.69419872178663, 83.86907400676415, 70.21967055034817, 61.73331586500562, 57.45923590605379, 44.77790681760999, 54.751400344114145, 65.84279126184057, 105.09364075036379, 121.97918935960493, 82.50615588129554, 28.119061540835016, 84.54141408744117, 76.63929897167145, 42.4343392515481, 74.2586280225602, 71.62276779681451, 48.947168466281866, 74.83900102240398, 68.61729647345463, 82.25324759514218, 59.8680211384088, 76.48317013930179, 50.51136207940124, 127.05544917883036, 11.757451914454737, 93.64775035603111, 67.316536303379, 77.25017693633941, 69.17399583403417, 65.96661628782465, 65.79996269633992, 67.77449866534168, 79.8261897324367, 89.39936707296745, 99.9704023928238, 58.79327543155447, 39.522476057631, 59.37905943770833, 59.97876625500258, 6.110197106195339, 127.27363327736681, 83.87927738818514, 73.67311862006007, 26.131803667088946, 84.64147770709282, 38.67989186157926, 88.95854054671169, 75.35975577569636], [69.30337414269374, 10.511247243093457, 102.36399697245636, 74.27373154439051, 78.93037005214015, 77.19706473307912, 63.714092930119136, 86.78879015575937, 54.83982963891204, 7.313409134450948, 47.92533901064314, 72.53528611250943, 63.137579883464824, 56.422714467426644, 79.45419373938779, 98.6838357044186, 0.0, 11.423937264950142, 77.750940058746, 16.25832256304093, 43.84327907775426, 27.668342991934484, 78.78728567830387, 32.63350588131435, 91.00260916661888, 76.26719183890691, 64.03202830405868, 60.352874704979065, 22.32497021465067, 60.36715731397227, 80.36423911048956, 82.9987931020403, 59.515148650127685, 29.813010941690397, 15.010756394974527, 44.98603669216984, 36.52464341252831, 38.75791106086367, 51.82334535006312, 88.63919733196612, 66.43223185515383, 64.26259705741153, 32.40318350747078, 31.071118193981754, 41.14727116992189, 76.62052958951149, 43.144458847789835, 22.788641637381897, 56.26185734470554, 52.06956856501065, 28.84888446867629, 61.30559492138816, 51.41348621420483, 75.5971528294801, 22.426925669890675, 67.80683054250825, 60.90130103856836, 83.47669809680427, 29.921036194749114, 91.54613165360446, 72.62482671065337, 32.628394211135905, 37.93070678512926, 34.87996188434209, 51.939463871273254, 37.536772312182435, 71.72826854987132, 48.9220510785572, 47.91331316502412, 55.89516896388355, 65.91052800458962, 59.95715970185042, 49.417143386356614, 55.412888188833136, 94.11421854569024, 33.5146265355946, 56.39987100142358, 85.61506440813604, 73.00302559122262, 61.54684539623859, 62.7731008983621, 47.73269110871919, 75.49398777850473], [69.33213190488092, 19.47393798721636, 100.8267408908196, 83.27331075953174, 77.95176073626834, 73.21526376211774, 57.32554535782053, 88.33673273988495, 61.67890865138078, 7.836704428082438, 37.22459372638137, 69.32336655240648, 53.16780252737235, 65.60170678865093, 87.53312837174782, 96.90800504265995, 11.423937264950142, 0.0, 84.27279581890924, 14.770257856555402, 54.97954399056781, 37.50448824606969, 80.37054864754765, 35.24383644194994, 91.72449080323308, 85.69515332582765, 53.385517468138445, 49.59298393569178, 29.213291506570503, 68.46456068791754, 88.77414669305558, 87.19672460539758, 65.71712783764947, 40.498867985531156, 17.308929080288856, 53.74437891013322, 41.723825477516876, 40.69901365914324, 45.486845180766615, 92.21109203099618, 59.07935370062123, 70.51802919708702, 43.70016273318998, 41.310039447831194, 30.90109171909563, 77.32344999567141, 51.998804196018206, 20.704463476679773, 54.829119251257964, 59.41022840776105, 31.92375132025117, 64.50664448381536, 41.874172627305526, 82.17643313969643, 29.295919157997147, 59.69087751873626, 50.9836737623573, 87.77993196212213, 37.43673160214248, 90.94365606992307, 81.92343619621242, 29.594432867111706, 45.27325076198289, 39.25765917466054, 43.78137354217968, 41.233488010119956, 78.2493345129629, 38.80488063876245, 57.39536835844199, 66.25358664920405, 71.15453069883446, 57.44049067954748, 53.56309514278109, 48.04284702332115, 92.84992519658809, 42.74100356394495, 65.08573419317956, 92.52330951427196, 72.10982263733318, 50.90909026949203, 59.30600153179597, 57.1634234669455, 82.85088055449884], [46.155766429673704, 67.26528255898992, 68.97599460176468, 23.921049633719015, 54.22358460243313, 72.56920312495501, 81.7549950074795, 39.89072650561481, 22.92519892249018, 84.81258881816109, 100.38982949028922, 66.20844592138432, 104.21092164091743, 30.311931832437892, 14.809511949197045, 68.4250269428636, 77.750940058746, 84.27279581890924, 0.0, 70.98404001208306, 55.43546128257279, 84.6416006683721, 37.29320438145975, 51.21270330415605, 47.3939748525582, 29.21236876785769, 110.60269112478255, 109.13796942901783, 91.68963106446499, 21.095506754761452, 18.48374473502665, 19.58514076481349, 18.59214189464837, 55.707606604772494, 67.12058448000111, 35.86349909316079, 42.72628673031201, 48.18797766642071, 77.76271254609205, 26.42815955745388, 88.59794386876757, 13.806738735764036, 61.36257546556794, 83.34936503596492, 93.4545610781591, 42.76386992635305, 37.69053976008283, 67.90941467815972, 54.450699810158106, 26.043333852341494, 53.51083802819122, 29.288565352309742, 94.49661478220762, 2.1844166165724137, 55.46399349463287, 94.0670390725383, 102.41950454180147, 18.963298891385847, 94.46750277029875, 56.67469396466829, 27.255467905918678, 65.80574544271921, 39.876876462265926, 45.65289998992773, 86.96590696398444, 44.62426337204534, 6.03402210535644, 96.80361565053137, 37.24015150287523, 41.71524897530553, 15.841090422712826, 59.91635575037685, 33.28700313125695, 84.0953393829494, 62.44405444646797, 89.91503440116506, 27.06673938145393, 8.815255613930592, 52.24095645684411, 108.79021986982401, 65.32211535107487, 37.04106021232983, 7.593914140029474], [54.82414688979797, 14.917915661323306, 86.99411883369555, 72.58185709659438, 63.81683857239008, 60.98818782833216, 47.784761434526175, 73.59069098882726, 48.933054926005525, 19.416745537511076, 37.86182227684457, 56.46498267988201, 50.68795752265367, 55.527676360624014, 75.61487870059703, 83.19147680017814, 16.25832256304093, 14.770257856555402, 70.98404001208306, 0.0, 50.30015407637792, 42.92035177467955, 65.61681754487985, 20.719085609372826, 77.0959638888796, 75.6403536206314, 53.1405082655302, 49.92261052844146, 38.57579802680177, 56.848472440268516, 77.22588309833512, 72.73064518823087, 52.401821518434545, 34.96472678652431, 5.295999910291378, 43.411718063918556, 28.277813185914138, 25.96856304004742, 35.9762835745146, 77.5776676608483, 50.95552720017127, 57.17743896180637, 40.59475300542053, 45.78661291831494, 30.32300385674777, 62.67797935198271, 41.88200970911277, 6.621790219855873, 40.81387515527965, 47.18012560230764, 17.680294958379605, 49.868572862620795, 38.5801442761418, 68.9476278718507, 18.519827187835038, 52.869949579131806, 48.413200899426144, 73.34448000521088, 46.140201749715175, 76.68839734158834, 71.71207432586145, 16.4156305929021, 33.545371425621596, 25.389781277989666, 37.3317487701359, 26.971268374350036, 65.01487732401966, 37.29417992821831, 48.08893361418229, 58.50852810272444, 57.1949464211995, 44.05574330708406, 39.282935997015954, 40.08592578930572, 78.8731719143455, 49.10500351222278, 54.29233410602301, 79.46099693883484, 57.92344143470264, 50.70468722591147, 46.62266336164925, 47.774508020226534, 70.25594916898108], [75.38698305085697, 36.48041260612514, 108.84053934648409, 39.940962255750556, 86.61175382752965, 95.15162475423469, 90.81353591430248, 83.8873559354222, 37.9023311668311, 50.39898771792186, 88.13008314190314, 88.75109607072072, 100.42076241344762, 25.231985077381363, 49.16719824287085, 106.42118183664358, 43.84327907775426, 54.97954399056781, 55.43546128257279, 50.30015407637792, 0.0, 33.87597638670613, 77.18483497500465, 45.834238416428306, 90.58961519594908, 39.37775058179177, 103.38915889204412, 100.22002541824904, 45.001173811112245, 34.40660184694411, 48.26343168344504, 70.08777776335184, 43.778789318931885, 15.33961245385154, 45.08204447724836, 22.984379079148415, 38.40526998481897, 49.88118568324133, 80.64952179732028, 77.37626811869883, 95.93332928735246, 46.62326086616556, 11.819418046177832, 31.070959070472338, 80.61949218738022, 78.73201726183201, 22.015760310488492, 53.02672121347465, 70.4575184287673, 33.8716962003384, 43.770441593412194, 57.9012469104296, 88.31878988166176, 53.44625859486455, 33.89228725012275, 99.36008401034923, 98.1600088546729, 70.0311885052909, 44.36570825860701, 95.94734022959504, 36.89129758080177, 59.39715966861752, 29.74092983403183, 40.95328748675252, 85.31643254658282, 43.897192133162974, 50.73157936564879, 87.50375040988222, 18.78705283813222, 16.371617819452464, 52.460620891011885, 76.50299019083211, 47.104359838066785, 86.32245384050186, 100.56467932157433, 37.448509046103645, 28.40492138489159, 60.11773634047132, 81.48563612346899, 100.96853551214514, 81.566821503572, 19.10999587315637, 49.54719846475969], [89.83482544212433, 29.767543784324168, 124.05705497274002, 73.097564172621, 100.47227207589935, 102.20230306359163, 90.67938186251733, 104.15320022727776, 63.126912989417875, 29.943213894932132, 74.71259783078962, 96.88883084405008, 90.53880009446591, 56.51157678623344, 81.34382757857155, 120.77200335543176, 27.668342991934484, 37.50448824606969, 84.6416006683721, 42.92035177467955, 33.87597638670613, 0.0, 96.4392876683681, 52.93407332528589, 109.60809721238061, 73.07089302796413, 90.87057224986302, 87.04417731589108, 13.063023291447596, 64.04251578983465, 80.99653494163024, 95.33604150152995, 68.9383442244276, 28.98755302690102, 39.80025297526155, 48.79038781022127, 51.80504015505503, 59.03917151209393, 78.89575011828786, 102.03652677342025, 93.80833375913028, 73.04023671475495, 23.90895339969146, 4.403996773280904, 68.34588897057306, 95.8122562312887, 46.99226453244181, 48.89456604746834, 79.28611399037246, 59.31077579992203, 49.249587957670045, 77.16127415832953, 78.96823947974087, 82.48820283200769, 38.55534952141652, 95.39777766359849, 88.32632475474578, 95.55296705193368, 10.4956906780221, 112.17910875061317, 70.32149252317745, 58.45368525484385, 47.90353925432284, 52.0246610258471, 79.57042202955513, 55.34872613057099, 79.0958213091445, 76.21903266898947, 48.12502821840659, 50.069996933929026, 77.06512889424322, 83.98304279725885, 64.68217551501945, 82.85330708546527, 115.61497639397392, 6.515518534425265, 58.47725113664145, 90.8503384764902, 94.64100229888062, 88.39801599105306, 87.62864992597468, 48.212289517256295, 80.08088113809038], [14.441680575036372, 70.01631116889845, 33.01362614113464, 59.30193777466538, 17.760836304369864, 38.160320734628534, 53.244529110698615, 8.006489704674, 40.04315257968601, 84.25773790155725, 81.6492737663159, 32.78732322284061, 79.69984467696605, 56.965929270062595, 51.90668956862061, 31.71978935616407, 78.78728567830387, 80.37054864754765, 37.29320438145975, 65.61681754487985, 77.18483497500465, 96.4392876683681, 0.0, 46.15444709693517, 13.46314562409073, 64.82535766353627, 87.28846371442663, 87.02475819846197, 98.75690567038151, 48.07583133712166, 55.55744021605615, 20.2448888243441, 34.871449336677806, 69.8486154872927, 64.27241497966423, 54.22201826481553, 44.66058541998193, 40.09261954629824, 54.03747031731306, 18.65317436253662, 59.92837570665654, 34.23557706534127, 77.70893589314659, 96.85289337674044, 76.36743377689633, 6.601020876302508, 55.18991593677441, 59.88493616275412, 29.83170666600477, 43.80985250754181, 49.94583592895001, 19.613967383787394, 72.94751999934134, 37.25197345339956, 58.62832030819426, 65.74641417092177, 78.43049713595816, 21.23276797071669, 104.20016488885055, 20.07499985720801, 61.93176113483805, 52.77562590089922, 49.59271872169597, 44.88997030071455, 64.0293130603073, 41.77086538323666, 36.14018807541561, 76.80633575423481, 59.239840649341865, 69.08028862627002, 27.184769400872224, 32.27430021442322, 31.858254072008744, 59.31233883523032, 25.62102647792137, 102.7559133872475, 52.74947182871064, 43.53981196125039, 17.92141471053517, 86.06392082687039, 36.0837176629037, 58.82410947939349, 43.90522424238532], [37.29087914386493, 24.306953313282396, 71.24093790950838, 56.56008579853536, 47.62841734332172, 50.75809801758138, 45.08315629197477, 54.15709038265902, 30.464173521067153, 38.26364076940281, 50.85060728062913, 44.85131223723184, 58.66412880339074, 41.42379200004816, 57