instance_id,num_cities,city_coordinates,distance_matrix,best_route,total_distance
2031,92,"[[73.79668006945285, 60.01010116942894], [38.32862542020362, 53.401983200417206], [7.038482937002355, 71.10743533219642], [58.91323713419839, 90.40364182462633], [8.963513211061668, 3.0358811865973334], [25.292020127057135, 17.238493273165933], [13.931008142417255, 87.09720530199156], [86.33801124728943, 93.68036371692948], [26.953445079033877, 23.349710121832967], [16.719343020094, 72.53734960121237], [31.85867416732121, 91.03217099501589], [7.523610644155154, 92.186358339534], [6.102798365684148, 64.36887098968378], [8.612650430188706, 44.32146438013136], [8.361019611444686, 57.49978339334684], [82.43738090722012, 10.482832961400401], [52.43865152874798, 40.648972684758654], [85.25043612927385, 38.93460190499249], [30.97694103551113, 10.563491831077743], [76.5999664536254, 82.5548815547548], [41.57846935591334, 83.58731508024707], [3.4067962685965347, 45.98091016493676], [16.642165833388876, 42.246285052937225], [19.309206880526432, 97.23968338180143], [57.191583349371044, 47.15204057219591], [42.67929311032843, 86.83205162048773], [8.375242242557102, 10.92745331563708], [13.535296577479405, 36.06992104867977], [84.87164323968996, 52.31569274413277], [84.15227443862294, 20.593605392423665], [64.23445661305325, 96.40996765411434], [84.05517057236472, 58.894286753434386], [46.9103244599804, 2.36978362927186], [75.62768194474229, 98.84706868312043], [61.094366371301454, 71.56164612897452], [94.51359148493462, 87.96221258801783], [50.495654832050064, 34.037321221453276], [8.255004746614036, 62.419513263718365], [26.64343648321108, 32.42568901755386], [12.473750832865582, 87.5231137862686], [51.29227915992038, 45.38940732667934], [75.80223465993613, 78.16466656546356], [15.417847613192958, 61.33329240827804], [26.065808879344733, 21.97362533874746], [71.6638977236696, 85.86214436505165], [95.13438722156808, 70.25740381716194], [60.12058363830857, 70.17296614913002], [32.32349399936656, 11.553945432271684], [45.5508225067653, 2.2816510707522775], [99.82935525684854, 47.799705045721765], [14.496300957072982, 35.69564242799176], [47.57636717663538, 98.32729878051933], [86.13572689551026, 61.00702602848222], [3.0349245044477224, 68.09113134813575], [16.9799571608795, 1.4943310356196449], [30.464299476131917, 93.11264634380983], [38.89720652371504, 59.62859322522582], [58.524780760453, 13.379169812456215], [98.74414090018173, 92.69659162025498], [41.107948539456515, 45.533861955128216], [34.57483896669867, 59.33909335555077], [63.6904868793803, 31.773992328057666], [17.573854293236923, 50.845094177022375], [78.95178556567619, 20.823910999589522], [98.39118002999217, 72.92155478813108], [32.042092138831265, 56.8569561585503], [11.51847470793086, 46.846959005469515], [48.723878085344694, 97.56873385396722], [30.43612105487562, 45.46675361029233], [49.4390830792217, 54.975583149166894], [57.85489090581102, 65.5339008993788], [29.583544714331257, 24.94401888971518], [43.359777892133756, 27.59830447510985], [21.85831011693723, 13.812936459193391], [65.18907562658926, 37.483453873606834], [10.444437465004896, 22.919297376381785], [98.64985073427167, 28.08428451205327], [52.62190318753088, 67.28868983612199], [47.979619340219784, 27.529368289813384], [13.680028960845725, 94.32315071311118], [98.32944033984822, 50.41326163725268], [11.163052748195867, 0.05738377489551416], [2.1064877264996507, 65.08613840407197], [60.6664036573621, 61.906872643255575], [27.726955734057235, 56.96035981303888], [98.105457623453, 69.62900074475243], [16.152362401031283, 85.09545942625155], [97.58699058101399, 91.25281570118717], [74.65388814404076, 64.69540984841869], [44.68228761933541, 18.473813943051155], [38.24324544975903, 10.936565736956428], [59.07589070614051, 95.12709462825936]]","[[0.0, 36.07838859614583, 67.67427657459847, 33.8420476207648, 86.3099140744566, 64.6692545044329, 65.7085221684657, 35.930092787659106, 59.48338369772072, 58.43589956454621, 52.16478846224549, 73.67110190927691, 67.83406588484723, 67.04544014561294, 65.48379459769147, 50.27536182980474, 28.82739459863612, 23.986771294260254, 65.41022264137611, 22.718396448126807, 39.923653607585905, 71.77432648056391, 59.85141318783518, 65.99186712180355, 21.001403748449487, 41.08173313241469, 81.78674004799142, 64.84262922322478, 13.485500741069172, 40.75412217282397, 37.63490929354077, 10.318995552342983, 63.60253394393301, 38.880105626487705, 17.16936120648195, 34.79239789600778, 34.8930233046672, 65.58594720490454, 54.62900488264421, 67.21210838390556, 26.83677977590422, 18.26500736201073, 58.39382599222824, 61.03285638231845, 25.93987081546142, 23.67076167054337, 17.0387628127629, 63.78106452253394, 64.26820691638312, 28.75402495147924, 64.09155846725082, 46.42965045059677, 12.379254248549705, 71.22168980999191, 81.56123684951334, 54.52956725398015, 34.90155873426204, 49.06806158513837, 41.11912523258117, 35.750729654509634, 39.22758048842654, 29.990214792442448, 56.964932119977036, 39.52382335635068, 27.7776000197437, 41.87347533601239, 63.65409000748115, 45.15856827299073, 45.73452783491352, 24.872452690373354, 16.871662786892177, 56.43076700150334, 44.462676247675034, 69.5109509400426, 24.115154833323682, 73.41140489751679, 40.459088735844965, 22.390824660518632, 41.49118741484566, 69.21991844477415, 26.34303808392325, 86.70236210396403, 71.86967254814166, 13.266570795869935, 46.170557963709065, 26.142683397272368, 62.866068417955304, 39.26940393677289, 4.7630791616931365, 50.72387016279031, 60.59916330362143, 38.077616378478155], [36.07838859614583, 0.0, 35.952135566747096, 42.34204742756827, 58.301406905168314, 38.44152808211062, 41.60062164568896, 62.66776734914802, 32.13306466840556, 28.86387592026351, 38.1823428127641, 49.5295537056847, 34.04080723382105, 31.07241528514894, 30.246476891207287, 61.54377115397385, 19.01925639966771, 49.10154215261495, 43.46473980243184, 48.11015513334802, 30.359771842060045, 35.70163128334572, 24.38754047804406, 47.7857953662001, 19.871410737378408, 33.71198279426015, 51.973943978882325, 30.250777403814766, 46.555692828057424, 56.35775424691197, 50.20755736502101, 46.05520958448797, 51.748728984183884, 58.79179715020569, 29.121337859571486, 65.96332213449038, 22.86977783600592, 31.39647287294379, 24.011425574905786, 42.810350295036145, 15.240002966393362, 44.91616498422043, 24.244780994533862, 33.736009654313605, 46.528512144493384, 59.25368999480742, 27.498278346937425, 42.27670597889172, 51.62798163597326, 61.75536649524934, 29.689967882522055, 45.86725092661885, 48.408218598570315, 38.22847626621354, 56.12637516986364, 40.481902003767075, 6.252516043347462, 44.829792348560275, 72.07011004279, 8.344577217078262, 7.024257237082608, 33.33157670812077, 20.911676308003802, 52.07275610650019, 63.1547634088017, 7.173377087483496, 27.5998645542171, 45.373595198804594, 11.19193878667655, 11.221340659276795, 22.98822461324059, 29.77133133169243, 26.289585979141783, 42.87847837864369, 31.223122220851714, 41.31249294060696, 65.41892761476107, 19.92833185492702, 27.614016114223375, 47.77128068220728, 60.0752049318483, 59.863299495329386, 38.05998872733336, 23.902081102016506, 11.182908577441207, 61.940178936128326, 38.681559906149566, 70.3152854117317, 38.040323308426046, 35.501352523698124, 42.46550329485515, 46.598647410744505], [67.67427657459847, 35.952135566747096, 0.0, 55.34739115819283, 68.09876816325881, 56.877539842260205, 17.412054657456206, 82.44969548819637, 51.743656948336515, 9.785893253307673, 31.82824192353117, 21.084504832732325, 6.803216519793092, 26.832186700704764, 13.671769985781712, 96.74883062725065, 54.67077148718762, 84.57068542281468, 65.10467625908842, 70.49712060823326, 36.725441594953764, 25.38762326485899, 30.41704654657204, 28.869794842088158, 55.58052193962014, 38.955499062713336, 60.194826695941174, 35.63475823752312, 80.06953498178886, 92.18559461727028, 62.54276574195619, 77.97904316244137, 79.464636839704, 73.98625195917853, 54.05779167992752, 89.08410706638917, 57.12021664261474, 8.77268004552821, 43.366250719878536, 17.292097507453832, 51.18413274279554, 69.12494530698075, 12.874300846017794, 52.68937669956326, 66.28835248362272, 88.10000513786544, 53.09032536647062, 64.69891763920258, 78.86817405227269, 95.67338332569328, 36.18859110701562, 48.82869059038173, 79.73952765055905, 5.012641005212679, 70.31939419214368, 32.14028923626214, 33.863580506073546, 77.35238524753251, 94.21262851491758, 42.59971997219112, 29.945697124519786, 68.9678859270533, 22.837611930813335, 87.74939267180768, 91.37070808286401, 28.779448045372675, 24.670651346635815, 49.37481633516941, 34.71158349397132, 45.365708936105975, 51.12114635770802, 51.374515357183896, 56.676987703623915, 59.180122327954685, 67.17189560580982, 48.308355031976035, 101.21084040842332, 45.74309804659149, 59.79318169438122, 24.14704069310506, 93.60709229777794, 71.16966982094638, 7.783353612233126, 54.411434777832504, 25.062973734559638, 91.07897478217458, 16.6951375238635, 92.76243090157217, 67.91875361133044, 64.70976843952951, 67.78105009016105, 57.313487418150565], [33.8420476207648, 42.34204742756827, 55.34739115819283, 0.0, 100.63846441049022, 80.52034026007685, 45.10358575043949, 27.619832394740687, 74.28094011933501, 45.820618702988675, 27.061862948562, 51.420538590709825, 58.87912818096891, 68.21815081628581, 60.317415363504175, 83.31098984891543, 50.1741702470505, 57.816175255330286, 84.58656034327123, 19.350024077313, 18.62676794865952, 71.09391018698678, 64.07787824322737, 40.18968370745394, 43.285853377911494, 16.62218984238966, 94.183615706682, 70.79061168352517, 46.09263186991922, 74.23240660735442, 8.024420646508956, 40.3107463837081, 88.84835452288738, 18.726027940795596, 18.96781818090598, 35.683971284252415, 56.99138347288239, 57.87372426194746, 66.35347048763602, 46.5287366012816, 45.65479501522127, 20.85739084398559, 52.315715848801794, 75.90534038666456, 13.535307334642159, 41.44686501419817, 20.266670270868506, 83.21231315822702, 89.1293407307678, 59.069655080147186, 70.46864137575665, 13.83144822458466, 40.065258879368784, 60.16837995252702, 98.30191002364568, 28.577626902132888, 36.711647983920166, 77.02545155406673, 39.89684841663937, 48.27344453712894, 39.46344887294189, 58.823956983684255, 57.217333611933824, 72.40775072411282, 43.17558734325626, 42.9818397993915, 64.36962112402847, 12.45638718149773, 53.2002825423209, 36.672972835171514, 24.89225000734312, 71.73000133991883, 64.70255399890438, 85.08351053305869, 53.29101651830076, 83.08646873577986, 73.91008561930964, 23.955832030204085, 63.81785228754792, 45.40270555353249, 56.15040144718261, 102.18868064754427, 62.19310860311505, 28.55064704405601, 45.72786086485305, 44.35781620950172, 43.089084561174246, 38.683075135486774, 30.14434085456434, 73.32407560390794, 82.11129482695003, 4.726252487184133], [86.3099140744566, 58.301406905168314, 68.09876816325881, 100.63846441049022, 0.0, 21.641033436212243, 84.20797003803382, 119.17732653298572, 27.13465117933707, 69.93287501464819, 90.92598866803823, 89.16210459605844, 61.39966879073591, 41.2870740586109, 54.46723457386057, 73.85029671550981, 57.48767088507772, 84.31140348462111, 23.264907620644884, 104.39330067961515, 86.9037908646891, 43.30303242417431, 39.95519337277514, 94.77019428879284, 65.3619328676962, 90.3247031193649, 7.913467849193692, 33.34889792420591, 90.50162446933946, 77.21155026434245, 108.50620815506134, 93.5890937969622, 37.952656954644695, 116.72144208519077, 86.10114001656663, 120.54583218829961, 51.82671195301324, 59.3878585479816, 34.297820502907236, 84.5601220464616, 59.879425542099774, 100.5571930665528, 58.65361529969213, 25.51718383163922, 103.88227996215457, 109.28930703644377, 84.40636250878622, 24.86455551429403, 36.59508251892772, 101.29363838455309, 33.1250923710003, 102.81734658327818, 96.52048590448037, 65.32483247305372, 8.163317369093907, 92.60727526066104, 64.02156707878302, 50.62907129999692, 126.8842153450168, 53.28548669181674, 61.854601344633544, 61.813596229889164, 48.578378115322266, 72.213380143929, 113.49588083898796, 58.560472303951514, 43.885514328782314, 102.55411668171483, 47.55472449978131, 65.84834391321361, 79.34966465530813, 30.08574740329055, 42.26601071563804, 16.80537734156447, 65.93898037556535, 19.938489812974797, 93.1185354668009, 77.68190545223449, 46.06720577544443, 91.4090318208455, 101.14783789065255, 3.702623530272955, 62.42798426387557, 78.3516593033745, 57.09567558447232, 111.26962670067967, 82.37386681190861, 125.04538486603127, 90.0950766337059, 38.912216758004696, 30.326944065205392, 104.84293953989956], [64.6692545044329, 38.44152808211062, 56.877539842260205, 80.52034026007685, 21.641033436212243, 0.0, 70.77649496578309, 97.82623670975292, 6.333032783941889, 55.959398709869745, 74.08527395509023, 77.02531307017581, 50.88711757909652, 31.8070542091772, 43.67642682959591, 57.543298523311584, 35.84675916648358, 63.763098883750125, 8.76778022005894, 83.05862949989778, 68.31847907903041, 36.126023198177876, 26.461474429859116, 80.22458770938559, 43.73102383646769, 71.73270262047068, 18.05565283613515, 22.20007253784522, 69.13856675524427, 58.95579967191515, 88.23058265204313, 72.02994502794395, 26.23794215835757, 95.8834627611383, 65.06007172443249, 98.96196448625946, 30.289004981657683, 48.2864832065885, 15.247204358374525, 71.44393542050484, 38.32084852693486, 79.14088933162516, 45.1868409340533, 4.797939631932147, 82.82243971905245, 87.68672143852042, 63.364716166913055, 9.041886361395258, 25.181862570667235, 80.55930730373643, 21.382560822330213, 84.09510391238858, 74.95092469662201, 55.51008110909088, 17.80362421856517, 76.05024377247167, 44.519901963430165, 33.45610193807656, 105.30497923758708, 32.415605507136746, 43.11184585362249, 41.05755693784064, 34.48149805547077, 53.77941657549446, 91.89173258892367, 40.18937762101716, 32.6553486650155, 83.67795121265087, 28.693143013900833, 44.80143526188835, 58.247634725676924, 8.819994802179592, 20.82713515578677, 4.850237511643255, 44.73961854158069, 15.89724020594733, 74.1552594155958, 57.02582471205225, 24.912431970109967, 77.95436326132025, 80.21863877772195, 22.244510396600862, 53.169220957904, 56.97904110898463, 39.7964268851076, 89.702630692594, 68.46971008299883, 103.46343642764619, 68.47446929298987, 19.429577725199007, 14.40307356195303, 84.89984765803126], [65.7085221684657, 41.60062164568896, 17.412054657456206, 45.10358575043949, 84.20797003803382, 70.77649496578309, 0.0, 72.7056536546171, 65.06402235884667, 14.824446344386054, 18.354431729306523, 8.18255591733187, 24.03867818580229, 43.10509181256115, 30.11697454714681, 102.77589775104309, 60.33470736179467, 86.05868447954019, 78.40901176423407, 62.833359299313734, 27.869363841330646, 42.44182796914461, 44.93278784153446, 11.480195262538992, 58.88203081184459, 28.749507736151635, 76.37209996063224, 51.028818582355086, 79.00840033703308, 96.71481293563313, 51.15822974522327, 75.58308521857391, 90.91958693307366, 62.805563827941974, 49.656177442936276, 80.5872258844951, 64.4385341715486, 25.322035836105716, 56.13003231033593, 1.518221625198686, 55.9946871050529, 62.512710060128605, 25.806780101491054, 66.24450208246708, 57.7460986986916, 82.93110205417952, 49.19254776278512, 77.75003310444382, 90.51790375383273, 94.4606773392127, 51.40467120657477, 35.47006039010809, 76.77381627050408, 21.90788638333383, 85.65715482539366, 17.593613990680705, 37.11920946138478, 86.15656279556113, 84.99776829615786, 49.65981876239052, 34.59307054791018, 74.40876035745741, 36.43467975837933, 92.84315286771434, 85.64151856879823, 35.24888695806669, 40.32248311430239, 36.33451126794339, 44.782957252820005, 47.881332431821036, 48.93141704234712, 64.09384121999776, 66.37900035846378, 73.71177773204732, 71.33662322404585, 64.27254500015259, 103.24634187351597, 43.46679933413078, 68.61220832190543, 7.230302734606822, 92.02612172737742, 87.08382231237402, 24.986123129672276, 53.09190195685316, 33.144496164164046, 85.96787839588104, 2.9902175996580636, 83.7591338037632, 64.72332342544908, 75.19847758478774, 79.9470318513683, 45.85345727733595], [35.930092787659106, 62.66776734914802, 82.44969548819637, 27.619832394740687, 119.17732653298572, 97.82623670975292, 72.7056536546171, 0.0, 92.04850641974254, 72.75840852867607, 54.543662265795795, 78.82855951049099, 85.42161899692545, 92.07351767956227, 85.96188467645307, 83.28891907611165, 62.94040851578641, 54.75656358836505, 99.8662229539224, 14.785326162931748, 45.883398098966985, 95.67039399417611, 86.61971666989027, 67.12324017294257, 54.9035437277896, 44.192567790669024, 113.6936125328489, 92.83963791250729, 41.39065401538664, 73.11943440550863, 22.271458531550163, 34.86090234140956, 99.45936115490927, 11.891425228990093, 33.56306413843501, 9.976841411751924, 69.58424413266432, 84.10824380072708, 85.53114888033755, 74.12044720101495, 59.667577515973356, 18.754717976941947, 77.94871796337641, 93.67280665763955, 16.626910763523064, 25.020217440042053, 35.212941524995266, 98.29708364846198, 100.08655973073313, 47.8231241481371, 92.32258250492768, 39.039198974175825, 32.67396386516767, 87.14478225407149, 115.3637910618964, 55.87659590653432, 58.39651553337732, 84.98151288720213, 12.445073744360418, 66.05939906215943, 62.11882850298633, 65.91895917360925, 81.01462582866172, 73.22990531452102, 24.004312650994198, 65.6049554229155, 88.2685155920944, 37.81457967301921, 73.82122680231964, 53.47514318588473, 40.04386986202637, 89.13896214140244, 78.82871999448915, 102.6471519070515, 60.04473460535115, 103.76397761795016, 66.74149382959305, 42.81701055571502, 76.4677737723198, 72.66082551870457, 44.89806782095458, 120.06888339018954, 88.95267998141384, 40.84833131549011, 69.16367916093625, 26.77575125062403, 70.70873981093396, 11.507933151495829, 31.25134050647376, 85.97223063210193, 95.70602176075387, 27.300480705107212], [59.48338369772072, 32.13306466840556, 51.743656948336515, 74.28094011933501, 27.13465117933707, 6.333032783941889, 65.06402235884667, 92.04850641974254, 0.0, 50.24102628834527, 67.85997923856533, 71.52623717220361, 46.014356745124076, 27.860352205626626, 38.88323275163249, 56.956331191957496, 30.801951772665184, 60.34424593450939, 13.404323850557782, 77.26596539874096, 61.987582516382005, 32.65908580461265, 21.526797806652695, 74.28433567041152, 38.48241079927691, 65.40114661422378, 22.348648388489934, 18.489198880244682, 64.75759281700023, 57.26519181306267, 82.02240579063114, 67.2608651612176, 28.955730870743288, 89.82779349505749, 59.07616507730949, 93.483414878413, 25.854606380135394, 43.31375287839583, 9.081271840720055, 65.78668013618804, 32.834845778505425, 73.4226374726241, 39.6966312450447, 1.6375308709267349, 76.85589769627933, 82.75851979861893, 57.3801044370602, 12.960613026329696, 28.10205614130961, 76.86807227986857, 17.538599835322092, 77.76209691691007, 70.1471020235192, 50.73352343201049, 24.02348967689045, 69.85122310245708, 38.194381742307286, 33.108320869076934, 99.81429747306126, 26.315139383514833, 36.7875162294812, 37.69056607336264, 29.051211121937257, 52.05964919753792, 86.9523878829268, 33.89144236919246, 28.113324518035697, 77.3460744772052, 22.389565530021077, 38.804635818630466, 52.29154143589215, 3.0755884866050462, 16.947516347621384, 10.812513684356448, 40.76427548491396, 16.514617389800883, 71.85256278336175, 50.88716616201346, 21.437573240992606, 72.2039669603428, 76.33458272696306, 28.140166250646505, 48.57263360614838, 51.21736383110196, 33.61954924442614, 84.87862881598535, 62.6833386489676, 97.97922992910905, 63.12526557947265, 18.387121073323698, 16.779324954556955, 78.63742391285336], [58.43589956454621, 28.86387592026351, 9.785893253307673, 45.820618702988675, 69.93287501464819, 55.959398709869745, 14.824446344386054, 72.75840852867607, 50.24102628834527, 0.0, 23.900999267271153, 21.69435498761209, 13.39533736887871, 29.357360977384243, 17.204358972641625, 90.38596981354155, 47.882539434560265, 76.32598099909944, 63.592752323532146, 60.712766443546556, 27.204372796814948, 29.70636929251672, 30.29116286618787, 24.837727130782422, 47.77463921129519, 29.63540980832453, 62.17236796282602, 36.606167471927414, 71.08903875610793, 85.11963816960277, 53.17506852324275, 68.70405254435549, 76.38705829347134, 64.51661579027646, 44.38574877915144, 79.30871006624102, 51.21612465679865, 13.191498571436526, 41.32109565153503, 15.575563592704082, 43.95791945793034, 59.35027195170614, 11.279396609603193, 51.420294002939364, 56.537193484224616, 78.448182323731, 43.46559554761258, 62.94811444210466, 75.94153926141635, 86.71346603698461, 36.908715819590576, 40.21538783188114, 70.36748334302575, 14.388612402360224, 71.04349658231588, 24.744022793885396, 25.661130543290945, 72.43883530663527, 84.46574753147917, 36.386706696694866, 22.203889376083666, 62.192762051774345, 21.70907954990788, 80.91450202029921, 81.67274070457675, 21.923990947645535, 26.211547076857094, 40.630782202068474, 30.347440863425103, 37.134849271985416, 41.7274680944978, 49.30124555671954, 52.24203812082058, 58.948839527992135, 59.817142899230745, 50.01325370650567, 93.21310578520566, 36.28418740865095, 54.7989348193727, 21.9967852205261, 84.55579964010028, 72.69262553911263, 16.402929254737366, 45.21450186620848, 19.073807918752518, 81.43806323398142, 12.570902489484928, 83.00509076783469, 58.46287315728735, 60.86700385694628, 65.25285394902292, 48.00389267827481], [52.16478846224549, 38.1823428127641, 31.82824192353117, 27.061862948562, 90.92598866803823, 74.08527395509023, 18.354431729306523, 54.543662265795795, 67.85997923856533, 23.900999267271153, 0.0, 24.362419114340284, 37.07150800120892, 52.1753556006008, 40.94582747846077, 95.11257242412461, 54.42427895863707, 74.59783475739476, 80.47350980108017, 45.53732174494307, 12.243377724298432, 53.28344450524722, 51.103862799500206, 14.00079780635476, 50.66776227099117, 11.607187302273255, 83.47596881413246, 57.93612936211257, 65.6455678474871, 87.72805796029783, 32.81938430074491, 61.29696436600276, 89.93092410247853, 44.461204073838225, 35.125874184210794, 62.73008296421798, 59.964572449142395, 37.09201251712297, 58.838069596786944, 19.69996789786683, 49.60773002559176, 45.78874511288397, 33.94590059333711, 69.30108236098158, 40.139568977823025, 66.59884994365461, 35.12608651342921, 79.47958477545481, 89.80049951406983, 80.5546994273525, 57.996408486569436, 17.328149437890584, 62.02828212291532, 36.8388360932824, 90.76563779510522, 2.5045275914568212, 32.18269153559497, 82.10401837605076, 66.90617278017262, 46.42892634877705, 31.80925528016242, 67.26660419153585, 42.650407055623106, 84.53970021689963, 68.95338103211056, 34.1757070339569, 48.642128578105385, 18.08761336399959, 45.58761804264176, 40.11419081316555, 36.4138031875908, 66.12730194648216, 64.46806037530642, 77.86409611264087, 63.07440659082466, 71.39981152727822, 91.7796147293586, 31.541473917501488, 65.5171032989362, 18.47413567796417, 77.89902793345334, 93.29909246970163, 39.476438608614764, 40.96545230374521, 34.32141335131855, 69.6184746676152, 16.790853866036645, 65.72868675597343, 50.24992862687592, 73.68283545064672, 80.34966541383612, 27.523540391509858], [73.67110190927691, 49.5295537056847, 21.084504832732325, 51.420538590709825, 89.16210459605844, 77.02531307017581, 8.18255591733187, 78.82855951049099, 71.52623717220361, 21.69435498761209, 24.362419114340284, 0.0, 27.853748580572248, 47.8772814746245, 34.696681905853126, 110.84917245628222, 68.36273120490205, 94.2189416378566, 84.92556177914499, 69.74459317375272, 35.12373765493787, 46.38848565773836, 50.765726318154435, 12.823274645330496, 67.0447409527075, 35.561082802749794, 81.26336765149532, 56.43753096990781, 87.01946978360776, 104.86884375004595, 56.86790769977647, 83.4592217525368, 98.07308661347321, 68.42901131827506, 57.403872891521694, 87.09248058247756, 72.30426750508107, 29.77582917570426, 62.74476343032053, 6.800715966091036, 64.07535382455923, 69.70350305182241, 31.846988157151536, 72.61983882406244, 64.45131580532367, 90.31349411323663, 57.017813040103896, 84.36006297816125, 97.61621397661953, 102.42326629789184, 56.9194114024243, 40.52079040875025, 84.56959018985232, 24.509758608109717, 91.1836953952751, 22.95938181991076, 45.21405298856097, 93.87061476720994, 91.22195721530763, 57.4835904477336, 42.55245904394235, 82.48861711247001, 42.54535838326522, 100.96822798764845, 92.88728557754312, 43.003750920942586, 45.515053233648025, 41.55035503342797, 52.0356089555792, 56.04951935318325, 56.952535153201325, 70.76844569343865, 73.86370952652493, 79.67356441260068, 79.4840462523687, 69.32861576427472, 111.41394662224899, 51.51455995380037, 76.27066934219029, 6.516699175031848, 99.95344073528113, 92.20083238865291, 27.636337334303214, 61.163745006953974, 40.60844893627811, 93.34830145128394, 11.168536353532769, 90.06821807668118, 72.54120488489836, 82.5488126864902, 86.8632532233944, 51.63608727923911], [67.83406588484723, 34.04080723382105, 6.803216519793092, 58.87912818096891, 61.39966879073591, 50.88711757909652, 24.03867818580229, 85.42161899692545, 46.014356745124076, 13.39533736887871, 37.07150800120892, 27.853748580572248, 0.0, 20.203907274446298, 7.230762587787983, 93.43807353630622, 52.05424924004766, 83.13393174528012, 59.2768234638148, 72.80509383753527, 40.34689362849507, 18.58455085817067, 24.504837790690424, 35.424561157178694, 53.91180947375007, 42.9235885249255, 53.48971045150132, 29.258718314919246, 79.68569525707996, 89.4873990759085, 66.37711628301051, 78.14437539073849, 74.2235880260491, 77.60448152567794, 55.45997264623227, 91.50472177844479, 53.76549652505787, 2.9037885339494682, 37.977423408912394, 24.014745362428574, 49.01335752004704, 71.05163893468746, 9.797187341650856, 46.86020318534436, 68.9943370822268, 89.22610959278367, 54.328709227987986, 58.96559370640809, 73.55929231509155, 95.17985462665524, 29.876494471451675, 53.6025347156466, 80.10350585713094, 4.82359536078231, 63.80846619290502, 37.67873880536359, 33.13522958604237, 73.13011598746728, 96.87558052841698, 39.750699415483815, 28.912899526589236, 66.17225992299659, 17.73351807656118, 84.87130537822259, 92.68383780559158, 27.005107403597417, 18.339764170417308, 54.02580245287325, 30.812345488790903, 44.34261414517181, 51.76520430725971, 45.88751913313579, 52.34650977130177, 52.95411850644957, 64.91543586896722, 41.67633600489962, 99.40587567124354, 46.61064744800248, 55.774699408486875, 30.897787902074576, 93.27653789795322, 64.51025935611796, 4.0601688719316, 54.619121727503476, 22.858044967727153, 92.15290703792952, 23.034435211643615, 95.35252439522819, 68.55186749773176, 59.956094372350975, 62.35398610662235, 61.255341265159444], [67.04544014561294, 31.07241528514894, 26.832186700704764, 68.21815081628581, 41.2870740586109, 31.8070542091772, 43.10509181256115, 92.07351767956227, 27.860352205626626, 29.357360977384243, 52.1753556006008, 47.8772814746245, 20.203907274446298, 0.0, 13.180721151857298, 81.21049074041515, 43.97960399484629, 76.82687345053786, 40.49397739049562, 78.00044441488421, 51.269408506900504, 5.463943435329006, 8.293339909243, 53.98846378814623, 48.661328435889416, 54.47647355525381, 33.39485495736014, 9.608351182292372, 76.6768652949204, 79.17857088553792, 76.20365802484737, 76.837106903673, 56.80365616678399, 86.39476820677713, 59.13000938469108, 96.35085146606167, 43.127133665878176, 18.101582357011896, 21.60135915091391, 43.37384704785073, 42.692987839278935, 75.23165931390585, 18.322472583109683, 28.355575283724168, 75.50554866281841, 90.3254332504309, 57.63130509614265, 40.446438665973616, 55.96225924179821, 91.28299621266687, 10.441367145758216, 66.59430435089368, 79.29839438581975, 24.415324988058668, 43.636855666214664, 53.46095774899524, 33.93320691096357, 58.72517643411612, 102.29290547169239, 32.51790748326285, 29.992739348859853, 56.489000016122326, 11.084264540419206, 74.16015740598036, 94.22393299182826, 26.57211494980195, 3.8499269909606877, 66.66470048251205, 21.85350217990918, 42.19369442927157, 53.616841665116, 28.55282474310962, 38.56198833132927, 33.259852321377, 56.98815908319242, 21.480414246408465, 91.48958109350964, 49.64179462313922, 42.79874685396555, 50.25780497907429, 89.92336951825067, 44.337494108378664, 21.760097436532504, 54.94396972203794, 22.91502443842177, 93.00233296093919, 41.46523759276318, 100.59316548401848, 69.11253672614153, 44.37476490162137, 44.637692801362945, 71.60831435006652], [65.48379459769147, 30.246476891207287, 13.671769985781712, 60.317415363504175, 54.46723457386057, 43.67642682959591, 30.11697454714681, 85.96188467645307, 38.88323275163249, 17.204358972641625, 40.94582747846077, 34.696681905853126, 7.230762587787983, 13.180721151857298, 0.0, 87.73768250154755, 47.188848862564384, 79.09897809799918, 52.100819259181335, 72.69327210965092, 42.236930251159635, 12.53908965527418, 17.356456849544475, 41.22041309316607, 49.91492498698529, 45.145607264640105, 46.5723322494202, 22.04568307475677, 76.68605038624868, 84.29934924371656, 68.08702814471785, 75.70699524691128, 67.27083898906157, 78.95822859142551, 54.576018946886656, 91.3795668235366, 48.22670024313311, 4.920871990713729, 31.031548067075573, 30.303711422566536, 44.60666155289699, 70.53619555755826, 8.03085380353903, 39.6934184612654, 69.36625906866024, 87.70618111216424, 53.28847933101959, 51.819110420164364, 66.57419602660148, 91.98123692194144, 22.65087725513275, 56.61033030594782, 77.85374649959881, 11.85512296807537, 56.66477546302207, 41.91456773372651, 30.61030124715234, 66.80592395416012, 96.99445305406026, 34.86466162293674, 26.278268328163314, 61.01775376141333, 11.364911413640627, 79.54983251929735, 91.34145180553229, 23.689795754736668, 11.110904109264935, 56.8742572276749, 25.1416767439573, 41.15554501079332, 50.14170260176681, 38.8622358358159, 46.03272230368169, 45.72436381228078, 60.250156828868285, 34.64319042931885, 94.95969987295533, 45.33043684194166, 49.67755253579834, 37.205540464093566, 90.24708039024102, 57.51070042718406, 9.83218955515751, 52.49071952114558, 19.37344728498524, 90.56037802289056, 28.674489675979842, 95.39675615783031, 66.68224245150276, 53.312857747793245, 55.32703371380404, 63.149130642635036], [50.27536182980474, 61.54377115397385, 96.74883062725065, 83.31098984891543, 73.85029671550981, 57.543298523311584, 102.77589775104309, 83.28891907611165, 56.956331191957496, 90.38596981354155, 95.11257242412461, 110.84917245628222, 93.43807353630622, 81.21049074041515, 87.73768250154755, 0.0, 42.54315162434467, 28.590495548378925, 51.46050308385095, 72.30806038019465, 83.74793107308551, 86.63686740338014, 73.06111972439969, 107.29360396040559, 44.51944610095145, 86.08082675670859, 74.06347325668148, 73.49963470500309, 41.90362503059883, 10.255173278691458, 87.83404197325189, 48.438477491131884, 36.44164251609563, 88.62623852247862, 64.70043034972689, 78.41485273366777, 39.687375597967765, 90.5563012366276, 59.95375856683616, 104.06783558216092, 46.7812601024, 68.00629210397328, 84.12720766142046, 57.53079559986321, 76.14531192131838, 61.10820968034532, 63.72559486039027, 50.12533234741085, 37.7872673665834, 41.1707385643704, 72.46844903812226, 94.50894377449349, 50.65937078299395, 98.099266693535, 66.07168448267201, 97.61601944893232, 65.6586059649109, 24.087366251501027, 83.8153478444398, 54.19129647241053, 68.3941306013111, 28.368283396558446, 76.39626440632426, 10.912711389792644, 64.44468705646429, 68.4853592554915, 79.69843737146, 93.38390871445986, 62.6738041784526, 55.39397511296946, 60.29028856939807, 54.79647706520938, 42.66143952729779, 60.67053162054968, 32.03962491507224, 73.05921949089723, 23.930216768408872, 64.15503165710885, 38.4437472017372, 108.42865086030271, 42.97669935264352, 72.03276924609155, 97.13173201625722, 55.84270147131898, 71.78712367042596, 61.18625492250844, 99.80354556001105, 82.17846910872557, 54.768478638039, 38.59148670660384, 44.19646459010079, 87.80894178580463], [28.82739459863612, 19.01925639966771, 54.67077148718762, 50.1741702470505, 57.48767088507772, 35.84675916648358, 60.33470736179467, 62.94040851578641, 30.801951772665184, 47.882539434560265, 54.42427895863707, 68.36273120490205, 52.05424924004766, 43.97960399484629, 47.188848862564384, 42.54315162434467, 0.0, 32.85654083804049, 36.9559355921713, 48.37224759218375, 44.29045952007444, 49.320912274054386, 35.832105644792705, 65.57490861523154, 8.054827921197875, 47.2029856759396, 53.15028458561103, 39.171912646056356, 34.467539921871904, 37.52294811578917, 56.99499607473828, 36.50336644612379, 38.6763327491758, 62.64782126673235, 32.10163202867307, 63.31542657567797, 6.891238730127347, 49.25597506971623, 27.074259242254634, 61.59852588849838, 4.877078039393373, 44.195976107318856, 42.40732253961274, 32.31556015148663, 49.13085572882887, 51.95753112373047, 30.507020028513782, 35.371459868865884, 38.98068183688772, 47.92715068875605, 38.264310362745185, 57.88290862015925, 39.36931831031814, 56.51371794527005, 52.82428389430754, 56.8797784975973, 23.315160919119876, 27.940707180013334, 69.66457480515186, 12.33884003524279, 25.854137191962174, 14.33070392861312, 36.325128764510964, 33.1055787939266, 56.152955677119735, 26.052223767523238, 41.386904999995565, 57.04085161790238, 22.523817622688167, 14.6372530989351, 25.467534259061015, 27.730875954481643, 15.897983747253825, 40.68574837904249, 13.137496870354243, 45.58349922254703, 47.88889559062639, 26.640347427822494, 13.85665859932321, 66.20534880491442, 46.91807579657119, 57.89086408856271, 55.950887226294626, 22.79460935693739, 29.609614301742635, 54.086035214733705, 57.37756497379402, 67.81682274487437, 32.737560662628724, 23.492527456941797, 32.9292678384929, 54.880950377966734], [23.986771294260254, 49.10154215261495, 84.57068542281468, 57.816175255330286, 84.31140348462111, 63.763098883750125, 86.05868447954019, 54.75656358836505, 60.34424593450939, 76.32598099909944, 74.59783475739476, 94.2189416378566, 83.13393174528012, 76.82687345053786, 79.09897809799918, 28.590495548378925, 32.85654083804049, 0.0, 61.241588455222754, 44.46975851444194, 62.45883024653166, 82.1464049471333, 68.68815034826308, 88.02118063769191, 29.237399295654008, 64.08172834114184, 81.81806528650336, 71.77233197647877, 13.386451213765476, 18.373843151961296, 61.19713280065932, 19.99544145550816, 52.9806577757427, 60.68031866706208, 40.59605548505553, 49.895016348623514, 35.09812218782114, 80.49743794263944, 58.96733294367201, 87.50593928168166, 34.56618199609392, 40.351784152252016, 73.33683764056265, 61.5669946383106, 48.85476708764063, 32.84524941028566, 40.09170596104741, 59.58994505870687, 54.03238035320762, 17.062676713345162, 70.82823238271392, 70.33368974820227, 22.090170810294676, 87.23241118357787, 77.862906324809, 77.05051115074583, 50.76281288135584, 36.977571098291676, 55.429519270767734, 44.63305326578605, 54.62929085334628, 22.717960761724985, 68.71666140880163, 19.174726177793385, 36.438881933244716, 56.14569130570296, 74.1552933371845, 69.08075616223599, 55.2021570500325, 39.23985329421396, 38.184271697697184, 57.39807673529119, 43.397452539977934, 68.18841334959058, 20.113776766874686, 76.50115956835391, 17.241626932634524, 43.227022385732624, 38.97682821805856, 90.49980398500283, 17.401723489046528, 83.66826438853606, 87.15973277417655, 33.64669189462865, 60.28166176324577, 33.27758551562995, 83.09854728003147, 53.753009874472006, 27.855090290671075, 45.435872584863425, 54.71349015413767, 61.989539977016044], [65.41022264137611, 43.46473980243184, 65.10467625908842, 84.58656034327123, 23.264907620644884, 8.76778022005894, 78.40901176423407, 99.8662229539224, 13.404323850557782, 63.592752323532146, 80.47350980108017, 84.92556177914499, 59.2768234638148, 40.49397739049562, 52.100819259181335, 51.46050308385095, 36.9559355921713, 61.241588455222754, 0.0, 85.23039740989276, 73.78937026871968, 44.883253045030074, 34.77477773378982, 87.4579796362181, 45.010325155732815, 77.16111881274006, 22.60462908984932, 30.89965845819224, 68.17540030510442, 54.11302302205629, 92.06345503849866, 71.78554303335603, 17.916739699161038, 98.93269735296727, 68.02818633924417, 100.13724544415537, 30.528689040305313, 56.615663446957704, 22.287550953955652, 79.15270973985143, 40.31820126463803, 81.11242675438136, 53.10045234056969, 12.422172342959136, 85.58805709896806, 87.63299053050261, 66.3524026138777, 1.6715870364973222, 16.762664093680154, 78.27637267191842, 30.053893109229413, 89.31980048384283, 74.74651697486617, 63.95455883849716, 16.678286336448718, 82.550746284545, 49.70024929737944, 27.691361757882273, 106.48116950182862, 36.40829712659025, 48.90811971030393, 38.98796497653238, 42.45291770629834, 49.059778935570755, 91.83249770620876, 46.305716561909264, 41.1718581316989, 88.7967674755806, 34.90745148359927, 48.096616763431875, 61.18962381292036, 14.447875684407073, 21.059902431754235, 9.68030579167629, 43.5333723670617, 23.96350628656452, 69.90422650502846, 60.71451618249003, 24.01940951702374, 85.52697599794645, 78.25831148284418, 22.426958678126333, 61.694586987769455, 59.30941699257039, 46.51055539332117, 89.41460776925084, 75.99198855996542, 104.63109330915815, 69.55530358612071, 15.824339509057541, 7.275875478577552, 89.1097856053535], [22.718396448126807, 48.11015513334802, 70.49712060823326, 19.350024077313, 104.39330067961515, 83.05862949989778, 62.833359299313734, 14.785326162931748, 77.26596539874096, 60.712766443546556, 45.53732174494307, 69.74459317375272, 72.80509383753527, 78.00044441488421, 72.69327210965092, 72.30806038019465, 48.37224759218375, 44.46975851444194, 85.23039740989276, 0.0, 35.036711859842306, 81.82234135587802, 72.2476353049868, 59.14283166337458, 40.373834154782195, 34.18927118020885, 98.91967180407691, 78.3454155636348, 31.35010648749966, 62.41984539843816, 18.57065546602899, 24.80733389149947, 85.50511546702978, 16.32117332154452, 19.00723175634987, 18.711953149407943, 55.09436219734163, 71.249328747354, 70.77139839735165, 64.31838665068048, 44.963891187859836, 4.46210305426266, 64.75806908568737, 78.89099876698074, 5.941612727468864, 22.243037380486882, 20.612663270082496, 83.67519909305068, 86.06881474826193, 41.80343046145077, 77.79880178798922, 33.032385020384, 23.563548225726358, 74.97343174100907, 100.62483966959833, 47.328280813898076, 44.12610115227891, 71.49819181557146, 24.35608229933924, 51.285857970941855, 48.011292025967656, 52.39611983278854, 67.00442173701494, 61.77575397207621, 23.82557394321028, 51.43721933699258, 74.23379486885109, 31.66215506845295, 59.21680383492923, 38.70828446498789, 25.319787514194356, 74.36098042775679, 64.22721775006666, 87.87550258180747, 46.49346214989252, 89.06714835482285, 58.7643032714441, 28.425413410940642, 62.02363564772762, 64.01102009090953, 38.79760000687167, 105.29875030231707, 76.51428206637807, 26.081002576431324, 55.169291458040256, 25.091124828710264, 60.500970005615045, 22.71803777044279, 17.96518718011187, 71.58995354394789, 81.24297635332148, 21.567423869558155], [39.923653607585905, 30.359771842060045, 36.725441594953764, 18.62676794865952, 86.9037908646891, 68.31847907903041, 27.869363841330646, 45.883398098966985, 61.987582516382005, 27.204372796814948, 12.243377724298432, 35.12373765493787, 40.34689362849507, 51.269408506900504, 42.236930251159635, 83.74793107308551, 44.29045952007444, 62.45883024653166, 73.78937026871968, 35.036711859842306, 0.0, 53.58468360398577, 48.27939516073498, 26.12101091916164, 39.63960843713958, 3.42638704087228, 79.88685625554024, 55.1753774344347, 53.40611639562908, 76.03115374275419, 26.03294408294596, 49.13263471645353, 81.39235894014199, 37.31231643760106, 22.923502132982108, 53.11559924370521, 50.345983834088756, 39.47821079166404, 53.29697166150762, 29.36962975183991, 39.41368109753887, 34.65070314581968, 34.34559149367217, 63.536520196049985, 30.171308363185013, 55.18988016579198, 22.885688962912305, 72.62548389988288, 81.40264485617122, 68.3660642440899, 55.0186891393636, 15.913575894566065, 49.9521636479464, 41.541985508353996, 85.69915303875926, 14.63751030050011, 24.108287440247615, 72.2243804553757, 57.88689767287167, 38.05636194625462, 25.23939570272562, 56.3343743