instance_id,num_cities,city_coordinates,distance_matrix,best_route,total_distance
2774,29,"[[72.0611024129203, 36.610503015977336], [68.46389010082609, 48.51900079096075], [97.25240001004036, 2.6401621896902983], [84.94040908385429, 34.44058183698957], [94.51875999521191, 30.538963604425074], [59.84975744469455, 45.036922588888196], [97.42765951932286, 74.59398693303969], [25.978460675334215, 51.21871681691713], [38.282845762813125, 32.67729384854553], [75.322528592992, 14.460021744367301], [45.97738798345235, 87.24487583122408], [90.80576419516173, 33.7046014219827], [36.95783874320565, 43.54540475920285], [54.45689330950102, 32.88301637975446], [72.0455061434588, 98.12107346250222], [34.56209808189593, 69.29412304913211], [29.955297060832986, 91.20624237765703], [89.28979068030016, 89.25864291610569], [77.09507315789324, 55.76109492052509], [77.93495866918903, 24.29273045213245], [38.96391708731323, 52.92222734701283], [29.308311834655033, 33.62846416273009], [24.955865075138085, 86.65961242912262], [25.367972566642383, 90.94997827684459], [46.520210287269535, 0.9699509561417519], [78.87596329645687, 39.47100846978774], [12.639820626875553, 55.13240249016943], [21.479987038932958, 45.79274762502804], [88.91572037270241, 65.94421313148209]]","[[0.0, 12.43994596753005, 42.29167211734209, 13.06082303099557, 23.263920024567913, 14.836491928746081, 45.67501800667534, 48.34262901382877, 34.00648109809775, 22.389299258619147, 56.957878022547796, 18.968568986737054, 35.78172693503908, 17.994508461753842, 61.51057242377543, 49.743284413977136, 68.94630955168178, 55.39543604267448, 19.801162383955475, 13.646600611651133, 36.898455619839645, 42.85666410199567, 68.73002791864543, 71.6451460077218, 43.84730461161758, 7.3908605935463205, 62.24105951242002, 51.40780921744341, 33.831120225476944], [12.43994596753005, 0.0, 54.1631436882531, 21.672045543548112, 31.656563023211763, 9.29129431364547, 38.97184677735271, 42.571119084295354, 34.08599589541827, 34.742696724096014, 44.78098005971669, 26.807196173988864, 31.896205568000322, 20.99237879849916, 49.731213405563764, 39.76100108066652, 57.49010638536667, 45.75408807342817, 11.266998195884883, 26.011791832871193, 29.82678011287691, 41.89137608667119, 57.8589189128952, 60.47847516696121, 52.36828452368848, 13.794108643735512, 56.21444489335061, 47.06293236990369, 26.868483146279274], [42.29167211734209, 54.1631436882531, 0.0, 34.10061304890025, 28.032408175350874, 56.537093692707735, 71.95403818474841, 86.25456740345889, 66.17883050045596, 24.912413376880288, 98.92969437278515, 31.72630609047425, 72.86064087029942, 52.40310700061008, 98.75217423372354, 91.5031390395647, 111.23331616569547, 86.98370163824059, 56.816822508990825, 29.017188911349585, 76.97943438294595, 74.67713155415679, 110.84248726066185, 113.86832099496401, 50.75967572425857, 41.16071748641545, 99.57270650954312, 87.19864790934643, 63.85063110899198], [13.06082303099557, 21.672045543548112, 34.10061304890025, 0.0, 10.342506031604962, 27.236432163703395, 42.05029564991919, 61.30266856780096, 46.6908706235722, 22.174904887087997, 65.62324647180995, 5.911349909539611, 48.83876387604579, 30.52328200110232, 64.97294464243718, 61.2596405020186, 79.02975870393692, 54.990334975750116, 22.71813315253664, 12.331067400735442, 49.552084083983466, 55.63802458266476, 79.52969681770287, 82.1108219334939, 50.95483104800816, 7.879257250289991, 75.20323485840731, 64.46779687719015, 31.75345468736546], [23.263920024567913, 31.656563023211763, 28.032408175350874, 10.342506031604962, 0.0, 37.57832556890945, 44.1509544282584, 71.59207235293586, 56.27655378385062, 25.04052058937058, 74.64466007865175, 4.879303290751795, 59.01209339527249, 40.13038432107524, 71.2207042337728, 71.39162199706867, 88.59435343083645, 58.952038629405344, 30.655191585301584, 17.72111438408425, 59.894499466074045, 65.28359336770949, 89.37854090421402, 91.82223094513928, 56.37541381719654, 18.013287152417046, 85.49267774675528, 74.61461171852379, 35.84586094773819], [14.836491928746081, 9.29129431364547, 56.537093692707735, 27.236432163703395, 37.57832556890945, 0.0, 47.80919134407804, 34.430790358569645, 24.85743554941213, 34.26884171172478, 44.4292015613202, 32.965070255724676, 22.940456997885782, 13.296631893869828, 54.46708510922929, 35.04108289162015, 55.002589497221585, 53.12509864096445, 20.307850360058886, 27.520828670973835, 22.32479246404144, 32.60265056114886, 54.31419735423276, 57.41952778438405, 46.038840301459565, 19.823619979580837, 48.277291232831566, 38.37721397491113, 35.80425950588509], [45.67501800667534, 38.97184677735271, 71.95403818474841, 42.05029564991919, 44.1509544282584, 47.80919134407804, 0.0, 75.17573590228113, 72.4921937413395, 64.06817136911815, 52.98278428913501, 41.42211179015363, 67.97509602568601, 59.88565615534486, 34.60892241259044, 63.08856768092653, 69.48731342257413, 16.771316118385286, 27.71447076348437, 53.94610078579193, 62.35121765219113, 79.48848712127698, 73.46931542196305, 73.89260407210541, 89.5101506022733, 39.721392836550436, 86.99270597629764, 81.22536759452633, 12.135554987468923], [48.34262901382877, 42.571119084295354, 86.25456740345889, 61.30266856780096, 71.59207235293586, 34.430790358569645, 75.17573590228113, 0.0, 22.252691029918857, 61.53079474620105, 41.204868969571095, 67.15149677943836, 13.395016263234604, 33.87062201702449, 65.74194807785906, 20.00997605163289, 40.184791004904504, 73.86041216124796, 51.31804040031386, 58.519111626049224, 13.096718152023955, 17.90265056301341, 35.4556452988348, 39.73595139074905, 54.28537508068329, 54.18629379244249, 13.900944352502302, 7.048220110689413, 64.636977806239], [34.00648109809775, 34.08599589541827, 66.17883050045596, 46.6908706235722, 56.27655378385062, 24.85743554941213, 72.4921937413395, 22.252691029918857, 0.0, 41.277198391823035, 55.107413143982214, 52.53296414159005, 10.94858339550637, 16.175355816870546, 73.63970074721213, 36.80538199788151, 59.118405622168424, 76.17845818944255, 45.158065362658434, 40.52889045222498, 20.256386412843224, 9.024798291055964, 55.60304967881331, 59.68667941972729, 32.75988045773735, 41.15769368483973, 34.08513814303029, 21.315515219147887, 60.58362740739603], [22.389299258619147, 34.742696724096014, 24.912413376880288, 22.174904887087997, 25.04052058937058, 34.26884171172478, 64.06817136911815, 61.53079474620105, 41.277198391823035, 0.0, 78.47784567531582, 24.69988728072223, 48.14362815980931, 27.83489657101617, 83.72520797656577, 68.32416381743066, 89.1524990024739, 76.09151161206344, 41.339092391305606, 10.173836613332227, 52.92721313692092, 49.84713962334558, 88.03170842921841, 91.35738130074641, 31.804961085583674, 25.262152623459187, 74.72191401119844, 62.29573815369075, 53.24844434859155], [56.957878022547796, 44.78098005971669, 98.92969437278515, 65.62324647180995, 74.64466007865175, 44.4292015613202, 52.98278428913501, 41.204868969571095, 55.107413143982214, 78.47784567531582, 0.0, 69.829394223317, 44.62057866580906, 55.01921276786705, 28.246034399870684, 21.272949230897876, 16.504539449735642, 43.359191473620236, 44.26667811174125, 70.59928421708072, 35.03188509032478, 56.14782008110219, 21.029668533636496, 20.939813465147857, 86.27663251573173, 58.00567782806734, 46.28827433955861, 48.1497828225575, 47.9313949287719], [18.968568986737054, 26.807196173988864, 31.72630609047425, 5.911349909539611, 4.879303290751795, 32.965070255724676, 41.42211179015363, 67.15149677943836, 52.53296414159005, 24.69988728072223, 69.829394223317, 0.0, 54.73975233595109, 36.35815474751223, 67.09269075177652, 66.55797493546403, 83.72107299277349, 55.57472178993342, 25.97059787857563, 15.944934933718585, 55.28918753018469, 61.497499491565, 84.50113848276602, 86.94330189538854, 55.07056950903637, 13.250343381351096, 81.04977108257792, 70.37177457575793, 32.2949659982807], [35.78172693503908, 31.896205568000322, 72.86064087029942, 48.83876387604579, 59.01209339527249, 22.940456997885782, 67.97509602568601, 13.395016263234604, 10.94858339550637, 48.14362815980931, 44.62057866580906, 54.73975233595109, 0.0, 20.49154549243124, 64.8818003603713, 25.859931687659003, 48.172513246726325, 69.48620968462798, 41.95498388245438, 45.2746046410408, 9.58901205369775, 12.524415064928561, 44.75357276166849, 48.800805202170025, 43.636088459935465, 42.11567251255858, 26.937418612843796, 15.640154837342003, 56.580279956208095], [17.994508461753842, 20.99237879849916, 52.40310700061008, 30.52328200110232, 40.13038432107524, 13.296631893869828, 59.88565615534486, 33.87062201702449, 16.175355816870546, 27.83489657101617, 55.01921276786705, 36.35815474751223, 20.49154549243124, 0.0, 67.56747289454239, 41.49182529170217, 63.26078492664442, 66.26871061527284, 32.18530199587727, 25.000251305778566, 25.329869490614524, 25.1596272348004, 61.337043860473074, 64.94564938425381, 32.88517419943465, 25.292145397458658, 47.367739549553214, 35.413803918853795, 47.75409399442173], [61.51057242377543, 49.731213405563764, 98.75217423372354, 64.97294464243718, 71.2207042337728, 54.46708510922929, 34.60892241259044, 65.74194807785906, 73.63970074721213, 83.72520797656577, 28.246034399870684, 67.09269075177652, 64.8818003603713, 67.56747289454239, 0.0, 47.28635056805013, 42.654432238058185, 19.38834764432618, 42.659886416984605, 74.06287789918541, 56.011848966547966, 77.36772215647495, 48.46441359351164, 47.225170692932245, 100.4484013451277, 59.04646702867646, 73.32844811983051, 72.7676123509837, 36.33117764266046], [49.743284413977136, 39.76100108066652, 91.5031390395647, 61.2596405020186, 71.39162199706867, 35.04108289162015, 63.08856768092653, 20.00997605163289, 36.80538199788151, 68.32416381743066, 21.272949230897876, 66.55797493546403, 25.859931687659003, 41.49182529170217, 47.28635056805013, 0.0, 22.39114979439828, 58.2554923647909, 44.63403207357674, 62.50064296624522, 16.95331765282314, 36.05054082441601, 19.845400827060335, 23.526750936622726, 69.3627345172382, 53.414762130585, 26.09867004284013, 26.897142527880103, 54.4567548848444], [68.94630955168178, 57.49010638536667, 111.23331616569547, 79.02975870393692, 88.59435343083645, 55.002589497221585, 69.48731342257413, 40.184791004904504, 59.118405622168424, 89.1524990024739, 16.504539449735642, 83.72107299277349, 48.172513246726325, 63.26078492664442, 42.654432238058185, 22.39114979439828, 0.0, 59.36644908314144, 58.978953608374574, 82.33751275244884, 39.329645836799656, 57.581413095288035, 6.7576744571264555, 4.594476825969012, 91.74412591391344, 71.20228937639055, 40.01434303300539, 46.19757986750367, 64.14438119390843], [55.39543604267448, 45.75408807342817, 86.98370163824059, 54.990334975750116, 58.952038629405344, 53.12509864096445, 16.771316118385286, 73.86041216124796, 76.17845818944255, 76.09151161206344, 43.359191473620236, 55.57472178993342, 69.48620968462798, 66.26871061527284, 19.38834764432618, 58.2554923647909, 59.36644908314144, 0.0, 35.6482377848825, 65.95075429649904, 62.07276898372678, 81.80766829975718, 64.38640340353541, 63.94419008993729, 98.10265100901866, 50.86507981455125, 83.90362444376103, 80.54472995383188, 23.317430492598668], [19.801162383955475, 11.266998195884883, 56.816822508990825, 22.71813315253664, 30.655191585301584, 20.307850360058886, 27.71447076348437, 51.31804040031386, 45.158065362658434, 41.339092391305606, 44.26667811174125, 25.97059787857563, 41.95498388245438, 32.18530199587727, 42.659886416984605, 44.63403207357674, 58.978953608374574, 35.6482377848825, 0.0, 31.479570676673482, 38.23668699533042, 52.66334495666818, 60.607057375572595, 62.56157324941601, 62.744654724392454, 16.3871439323065, 64.45831857106768, 56.50137831790488, 15.60203823464421], [13.646600611651133, 26.011791832871193, 29.017188911349585, 12.331067400735442, 17.72111438408425, 27.520828670973835, 53.94610078579193, 58.519111626049224, 40.52889045222498, 10.173836613332227, 70.59928421708072, 15.944934933718585, 45.2746046410408, 25.000251305778566, 74.06287789918541, 62.50064296624522, 82.33751275244884, 65.95075429649904, 31.479570676673482, 0.0, 48.3569041030364, 49.514712018608016, 81.83160957465661, 84.89096957551153, 39.12593077893378, 15.207419678886268, 72.2117748250135, 60.41038453947982, 43.07462288839577], [36.898455619839645, 29.82678011287691, 76.97943438294595, 49.552084083983466, 59.894499466074045, 22.32479246404144, 62.35121765219113, 13.096718152023955, 20.256386412843224, 52.92721313692092, 35.03188509032478, 55.28918753018469, 9.58901205369775, 25.329869490614524, 56.011848966547966, 16.95331765282314, 39.329645836799656, 62.07276898372678, 38.23668699533042, 48.3569041030364, 0.0, 21.574985761440136, 36.52994214824831, 40.38514019030366, 52.49891988524303, 42.11777204321039, 26.416716840323943, 18.881665473226846, 51.621262724124996], [42.85666410199567, 41.89137608667119, 74.67713155415679, 55.63802458266476, 65.28359336770949, 32.60265056114886, 79.48848712127698, 17.90265056301341, 9.024798291055964, 49.84713962334558, 56.14782008110219, 61.497499491565, 12.524415064928561, 25.1596272348004, 77.36772215647495, 36.05054082441601, 57.581413095288035, 81.80766829975718, 52.66334495666818, 49.514712018608016, 21.574985761440136, 0.0, 53.20945855058606, 57.45678596894948, 36.916499471212305, 49.910794377755586, 27.207682053679928, 14.46556121477672, 67.8037667392681], [68.73002791864543, 57.8589189128952, 110.84248726066185, 79.52969681770287, 89.37854090421402, 54.31419735423276, 73.46931542196305, 35.4556452988348, 55.60304967881331, 88.03170842921841, 21.029668533636496, 84.50113848276602, 44.75357276166849, 61.337043860473074, 48.46441359351164, 19.845400827060335, 6.7576744571264555, 64.38640340353541, 60.607057375572595, 81.83160957465661, 36.52994214824831, 53.20945855058606, 0.0, 4.310112723798885, 88.36141164434866, 71.65292273053221, 33.847450677804474, 41.01441657562274, 67.23087726443894], [71.6451460077218, 60.47847516696121, 113.86832099496401, 82.1108219334939, 91.82223094513928, 57.41952778438405, 73.89260407210541, 39.73595139074905, 59.68667941972729, 91.35738130074641, 20.939813465147857, 86.94330189538854, 48.800805202170025, 64.94564938425381, 47.225170692932245, 23.526750936622726, 4.594476825969012, 63.94419008993729, 62.56157324941601, 84.89096957551153, 40.38514019030366, 57.45678596894948, 4.310112723798885, 0.0, 92.432799791115, 74.25085456974745, 38.011900597523514, 45.32429714408198, 68.29058896896142], [43.84730461161758, 52.36828452368848, 50.75967572425857, 50.95483104800816, 56.37541381719654, 46.038840301459565, 89.5101506022733, 54.28537508068329, 32.75988045773735, 31.804961085583674, 86.27663251573173, 55.07056950903637, 43.636088459935465, 32.88517419943465, 100.4484013451277, 69.3627345172382, 91.74412591391344, 98.10265100901866, 62.744654724392454, 39.12593077893378, 52.49891988524303, 36.916499471212305, 88.36141164434866, 92.432799791115, 0.0, 50.291412611504676, 63.88624233523231, 51.34292435717759, 77.58243371172306], [7.3908605935463205, 13.794108643735512, 41.16071748641545, 7.879257250289991, 18.013287152417046, 19.823619979580837, 39.721392836550436, 54.18629379244249, 41.15769368483973, 25.262152623459187, 58.00567782806734, 13.250343381351096, 42.11567251255858, 25.292145397458658, 59.04646702867646, 53.414762130585, 71.20228937639055, 50.86507981455125, 16.3871439323065, 15.207419678886268, 42.11777204321039, 49.910794377755586, 71.65292273053221, 74.25085456974745, 50.291412611504676, 0.0, 68.06251434091146, 57.743072974177146, 28.31302327922572], [62.24105951242002, 56.21444489335061, 99.57270650954312, 75.20323485840731, 85.49267774675528, 48.277291232831566, 86.99270597629764, 13.900944352502302, 34.08513814303029, 74.72191401119844, 46.28827433955861, 81.04977108257792, 26.937418612843796, 47.367739549553214, 73.32844811983051, 26.09867004284013, 40.01434303300539, 83.90362444376103, 64.45831857106768, 72.2117748250135, 26.416716840323943, 27.207682053679928, 33.847450677804474, 38.011900597523514, 63.88624233523231, 68.06251434091146, 0.0, 12.85992594040989, 77.03835493686915], [51.40780921744341, 47.06293236990369, 87.19864790934643, 64.46779687719015, 74.61461171852379, 38.37721397491113, 81.22536759452633, 7.048220110689413, 21.315515219147887, 62.29573815369075, 48.1497828225575, 70.37177457575793, 15.640154837342003, 35.413803918853795, 72.7676123509837, 26.897142527880103, 46.19757986750367, 80.54472995383188, 56.50137831790488, 60.41038453947982, 18.881665473226846, 14.46556121477672, 41.01441657562274, 45.32429714408198, 51.34292435717759, 57.743072974177146, 12.85992594040989, 0.0, 70.38223989275328], [33.831120225476944, 26.868483146279274, 63.85063110899198, 31.75345468736546, 35.84586094773819, 35.80425950588509, 12.135554987468923, 64.636977806239, 60.58362740739603, 53.24844434859155, 47.9313949287719, 32.2949659982807, 56.580279956208095, 47.75409399442173, 36.33117764266046, 54.4567548848444, 64.14438119390843, 23.317430492598668, 15.60203823464421, 43.07462288839577, 51.621262724124996, 67.8037667392681, 67.23087726443894, 68.29058896896142, 77.58243371172306, 28.31302327922572, 77.03835493686915, 70.38223989275328, 0.0]]",Route_4,1408.1775607947015
