instance_id,num_cities,city_coordinates,distance_matrix,best_route,total_distance
1686,75,"[[37.844624793474516, 60.08460023196013], [36.57652354587538, 95.7615670664803], [79.96363015857746, 82.29955099642454], [8.618789895409495, 72.63267959866944], [56.373963091843606, 36.394800319612564], [75.79677983021301, 16.980403158333658], [62.773073795474055, 3.1653842842214286], [50.33969125809972, 91.16530377575116], [54.67867822734521, 88.13226243041747], [58.983696996597146, 19.042569893886217], [68.36023452402469, 32.61434462447402], [27.631470029783333, 19.998665721213815], [99.12645944548838, 70.39854847001212], [23.08551523156812, 14.958052306358649], [77.13974649118151, 17.018146935620493], [91.68397549967194, 81.30952692060461], [9.346293304309771, 5.800757216924657], [9.994065009550201, 23.13489340083642], [5.68533967166972, 79.36633232347697], [82.4020618841161, 45.59014553680406], [19.740150887397355, 4.250471315484871], [31.229098731771497, 55.15145867666193], [18.1212643706098, 82.26067241340783], [38.954929539754325, 63.52076695603376], [22.585491153262527, 53.848008122120014], [58.4030470681965, 90.95725342221527], [18.306011825948964, 60.318654423744974], [76.97396054940212, 77.95143148681485], [55.2248844254114, 96.30213784339848], [12.133522031714705, 38.13763132126717], [86.26288659413773, 88.69647780098184], [87.68369813758893, 62.74266144212596], [42.344110302630234, 26.556722514975426], [92.12103926408255, 77.95403320825169], [96.66857324612914, 13.1925671966582], [34.12624688417897, 24.566320485355842], [30.67917728937195, 21.064123974147876], [29.537815417249135, 84.40306419903418], [75.80251192264055, 56.16596331290137], [9.184600286079615, 11.585941765430817], [86.44583057784938, 12.161801554134065], [56.52146571138649, 26.05013971429212], [38.56477633441011, 87.89195773866501], [15.970888603633115, 41.3627977586142], [9.625329313754339, 41.23441348375837], [91.17681606838416, 61.15382795782956], [18.091032790730964, 16.81286563746084], [2.9436712184687686, 11.131867829105902], [85.72470586535445, 91.93853503906692], [49.61065656735889, 91.55363136959882], [29.448939400538375, 67.45845526401084], [32.6657460078203, 37.72060323377756], [66.40451140138686, 47.11176223593463], [67.50458587373981, 34.46067940300153], [11.632041300829565, 6.90970013055966], [19.406315020275045, 9.265912436834478], [42.560330340124196, 27.620857076148454], [1.2992453364455425, 83.78760226189014], [57.830039492491615, 3.1277299673341474], [57.15043346530915, 3.6267339821071443], [12.517863156586584, 26.05462513563076], [9.776201043660437, 61.58396744734183], [87.39823600849529, 64.88898062958486], [9.571493636706075, 97.08258511038235], [18.723022528893342, 15.24183996284666], [76.04025538661475, 43.173195241235376], [81.47461178523814, 20.02503527711702], [30.421575719761297, 67.60409569974696], [4.804887039966377, 44.96942714319936], [92.24018715733807, 91.41867283075487], [37.84025031066508, 33.97498056759858], [68.3719127961224, 99.73739248732107], [99.86370593526594, 1.2093854119095138], [48.827756970134075, 52.38797802328114], [49.17824586664275, 55.83716445483843]]","[[0.0, 35.69949640100844, 47.61842763482588, 31.80571837393696, 30.075621317978957, 57.431157722047224, 62.13875371900054, 33.498310684755815, 32.71172129089489, 46.16609825272449, 41.05870651113927, 41.36654053491723, 62.14371075639097, 47.47880203566603, 58.299451015969325, 57.872041586618096, 61.30979130732166, 46.270233576068456, 37.49673068408186, 46.855676465039046, 58.69601287376688, 8.252337285744069, 29.678091646313863, 3.611096562713654, 16.484424181462, 37.091366130564076, 19.540014791689636, 43.01544578159766, 40.17192372179215, 33.80429336035138, 56.24026683633578, 49.90990403914842, 33.82844888628773, 57.14232934243586, 75.22712059985027, 35.71238623271172, 39.672927864231795, 25.698069416413848, 38.159624089001696, 56.333976229425986, 68.25446385996011, 38.82227310966855, 27.81668114185458, 28.79177352567499, 33.93608960699269, 53.34290837696531, 47.567293509591664, 60.120267548890375, 57.50804575140078, 33.59671746533774, 11.174134026888204, 22.95580857236831, 31.368162979810176, 39.195645292960684, 59.28464838516631, 54.06024691500138, 32.80445851540934, 43.55912148894995, 60.36142701289562, 59.667452685360836, 42.42032602501465, 28.10844203874858, 49.78596645094392, 46.56415821715013, 48.74944945040936, 41.77202191859929, 59.23127982133053, 10.566194662262351, 36.333080358315186, 62.77500546003567, 26.109620030818437, 50.042574338691075, 85.51407688666946, 13.411457259862, 12.103374624910874], [35.69949640100844, 0.0, 45.427600606816284, 36.28471174432905, 62.58076067413425, 88.00397882897904, 96.23051652581546, 14.510355671468524, 19.644192356564567, 79.92425132098033, 70.69495021345406, 76.28912899396829, 67.496497637807, 81.92200743955134, 88.57709223956105, 56.970981431058384, 93.99166318241518, 77.33861150532363, 34.97240288324735, 67.94962473993532, 93.04699935969455, 40.960662294148634, 22.866367172325056, 32.32840866534399, 44.18705026128703, 22.349016950705195, 39.87495022076562, 44.1492224826211, 18.656194152566794, 62.593756028774244, 50.1861550558836, 60.84563602574888, 69.44476629951782, 58.329250710789374, 102.12097814200787, 71.23739882579913, 74.92987853587736, 13.362597034625079, 55.73589508337109, 88.52035559515801, 97.34407315069863, 72.50850861426535, 8.116889806049695, 58.170596469207624, 60.82415102877523, 64.6443156801583, 81.0839739146213, 91.06785793399112, 49.296646936595835, 13.696545055261788, 29.18678799477506, 58.17256796447328, 57.06585993007312, 68.66107971541601, 92.2869516912979, 88.18341301301264, 68.40294073895805, 37.25402248089563, 95.04072661656272, 94.4039895177014, 73.74196154888995, 43.43231057575527, 59.46396430559264, 27.037321040876883, 82.4752929755755, 65.74893901826857, 88.04465103020648, 28.822327742751696, 59.91058641216725, 55.83282347322919, 61.79950870775461, 32.04300181555604, 113.77777687416352, 45.070621771881505, 41.865992515957416], [47.61842763482588, 45.427600606816284, 0.0, 71.9967682246758, 51.61122481611552, 65.45191911589272, 80.9798219886151, 30.92214947773482, 25.948975256008808, 66.64535432937582, 51.02213757257991, 81.36372219743096, 22.55765695751591, 88.14758875587141, 65.34245201335001, 11.762084959105605, 104.10991169964349, 91.63076315052251, 74.33618371587808, 36.790303049566305, 98.58258616291181, 55.78596122675213, 61.842378008910764, 45.1038386002777, 64.04483685389192, 23.233909582564102, 65.45854957597916, 5.276766779181643, 28.426712417324822, 80.93947564629354, 8.977822908913446, 21.025493540927677, 67.24946989608365, 12.910697928692505, 71.09733000232504, 73.71696962496695, 78.6049287081765, 50.4696697048863, 26.46279105056458, 100.05041529231961, 70.43665820512162, 60.93875075479995, 41.77487416049786, 75.96636582969647, 81.4482785862969, 23.934852016940777, 90.09286466944847, 104.8661680550018, 11.229425928048611, 31.73233381556392, 52.6497113469674, 64.99517234966959, 37.709815424163224, 49.43465808340906, 101.74888524893845, 94.87413123719506, 66.24776529164092, 78.67845789041058, 82.20750014953722, 81.91369897846158, 87.82040293447207, 73.18067099679072, 18.931490291107785, 71.92767882900309, 90.81381300174418, 39.322570926668796, 62.29284367847069, 51.67563801633487, 83.91885851265198, 15.292881833492936, 64.10649917864859, 20.939107604496296, 83.49627518902871, 43.17574315439759, 40.59553900958107], [31.80571837393696, 36.28471174432905, 71.9967682246758, 0.0, 59.947814486142185, 87.23564755690253, 88.08173240254486, 45.65185395363786, 48.597843379193336, 73.54266602103819, 71.90623992687149, 55.962678838170405, 90.5352394887555, 59.461321674335615, 88.2501996378989, 83.5171403899747, 66.83588190821993, 49.51688823145053, 7.344876393341605, 78.58288537491231, 69.28066887667111, 28.580048121017967, 13.527574312953798, 31.675042549745914, 23.407960750736127, 53.04962080977371, 15.667721108706218, 68.56178583426853, 52.27208911970561, 34.67364557773367, 79.28840624483554, 79.68106534479202, 57.099834130653235, 83.67163470296416, 106.23507570700177, 54.415119594134396, 56.089006241607386, 24.00307443691082, 69.1722867242961, 61.04935987771172, 98.55848696516817, 66.81765763935601, 33.609636611521935, 32.1225600739804, 31.414395372558978, 83.3522148510163, 56.61779769764899, 61.76209857438983, 79.48608892032453, 45.14792962217328, 21.463171384289744, 42.3923244748416, 63.17045854671244, 70.17576908691215, 65.79201862078597, 64.27844023357919, 56.37457170177998, 13.341965079143838, 85.16269787976876, 84.36314928943642, 46.740966291443144, 11.10916922046784, 79.15911825941716, 24.468459778873907, 58.27352736205598, 73.5765942918513, 89.86398068361652, 22.375167613474055, 27.92492419695761, 85.70561021166138, 48.45937931068872, 65.61326967286372, 115.87459452187485, 45.01787395127423, 43.89941682561472], [30.075621317978957, 62.58076067413425, 51.61122481611552, 59.947814486142185, 0.0, 27.462057956172135, 33.83995726726656, 55.101909997770534, 51.76522941549444, 17.547381907313788, 12.568315245442637, 33.09024232596962, 54.62628335100431, 39.5936222936223, 28.401979799858832, 57.132562010493224, 56.103450865472155, 48.238159973391724, 66.4521565262659, 27.604642732765498, 48.736988866324516, 31.369992610925085, 59.72392470678623, 32.23725788352738, 38.029926354672156, 54.60016914219966, 44.96131346811771, 46.38225403339413, 59.91835671119877, 44.2747567480056, 60.23963160155579, 40.92076849676733, 17.135476187637508, 54.818092753725004, 46.497303463510356, 25.196702396270066, 29.920756251209454, 54.99974747877321, 27.719440755142482, 53.313370037687726, 38.62066083411279, 10.34571215828281, 54.489672004920465, 40.70736329773537, 46.998474610315625, 42.71121661691095, 43.00040602524475, 59.10170765463484, 62.82175234695319, 55.57192598736403, 41.10848524674665, 23.745258698746213, 14.678731965192988, 11.297415068631372, 53.583679406249296, 45.85393725406457, 16.364551012444693, 72.65880684250676, 33.29892082797828, 32.77726464700838, 45.05859212588298, 52.970232852874794, 42.123910330643575, 76.63862192073832, 43.18612111697141, 20.801675181024642, 29.966844551532578, 40.58998064097956, 52.27708704593316, 65.68114322116125, 18.691014875802153, 64.46886674691166, 55.94078257241506, 17.68408775969086, 20.731229330451423], [57.431157722047224, 88.00397882897904, 65.45191911589272, 87.23564755690253, 27.462057956172135, 0.0, 18.986091366349555, 78.4312618678581, 74.21968265348126, 16.939075713132873, 17.312490631266623, 48.25978633468917, 58.290412586384996, 52.75004567350476, 1.343496946478391, 66.26189817882708, 67.38435755354881, 66.08990110383385, 93.84891154884683, 29.362341697726688, 57.48388307305008, 58.67970413929914, 87.10900434252427, 59.35762289080355, 64.7353190957422, 75.99418605631097, 71.99578062958993, 60.98239130993542, 81.94596069358094, 67.0867997228701, 72.47575286220734, 47.28089582567938, 34.79636462250126, 63.12103458854699, 21.21271933697426, 42.35539467056026, 45.302040072548856, 81.76617277559868, 39.185560573815046, 66.83025271042585, 11.688507314697182, 21.30253167052973, 80.09163912238775, 64.60370289308779, 70.47636398338061, 46.774319591033894, 57.70599024542938, 73.08748730043898, 75.61273206549701, 79.0372027426757, 68.52850543298054, 47.858562219918674, 31.561265914130423, 19.347365148817303, 64.9502327171948, 56.91570862752171, 34.89814943925201, 100.06540110204082, 22.68700757922344, 22.93483623721926, 63.92622935760421, 79.67555943070046, 49.293261007722776, 103.93338291853593, 57.100230949398465, 26.193923674102056, 6.442636141226021, 67.98284632606007, 76.31011928681058, 76.23281207163916, 41.58742351345911, 83.08939723738561, 28.773980136646085, 44.50870197887511, 47.0998327897594], [62.13875371900054, 96.23051652581546, 80.9798219886151, 88.08173240254486, 33.83995726726656, 18.986091366349555, 0.0, 88.87392661425734, 85.351564845197, 16.323124682719705, 29.97428281257833, 38.96526246750816, 76.43210722368025, 41.40252798856371, 19.957462699992277, 83.32074931087209, 53.491738279340645, 56.43053307193896, 95.21341223520716, 46.74566868408973, 43.04660111876301, 60.80768284975054, 90.82867768030873, 64.88510008659291, 64.68206983174322, 87.90056552912363, 72.4141967285624, 76.12238856464253, 93.44212126396322, 61.542036573829904, 88.698022883766, 64.57546870649674, 31.056356090460437, 80.3408058524962, 35.34754984675491, 35.758086670999695, 36.74755876833373, 87.7732478458496, 54.578637169546546, 54.2460162718095, 25.324591553900316, 23.723293083616763, 88.11716016358322, 60.41098356147744, 65.37532965644887, 64.57114041731897, 46.71978741001033, 60.35745416095912, 91.69214639004633, 89.36291988354402, 72.41613707720106, 45.83136854998976, 44.09616167151582, 31.65095106182935, 51.277920255948594, 43.79374624769072, 31.72735645257057, 101.38527317637799, 4.9431777196497135, 5.641535945656658, 55.22231019355107, 78.87584788931488, 66.45450293112552, 107.93909737630409, 45.675461665386464, 42.150243711566695, 25.17926438132843, 72.10386228653931, 71.46949471681383, 93.04275205064947, 39.63428957442443, 96.73417062514531, 37.14217177438401, 51.15990222586074, 54.39793904879424], [33.498310684755815, 14.510355671468524, 30.92214947773482, 45.65185395363786, 55.101909997770534, 78.4312618678581, 88.87392661425734, 0.0, 5.293972773049153, 72.63888475053486, 61.26136463656027, 74.70176492787625, 53.02270151641124, 80.93414166718762, 78.84189132669998, 42.502778460547255, 94.69722532889676, 79.0942873611423, 46.18686872841765, 55.72334034015823, 92.14401756215322, 40.77023160994484, 33.426329304962, 29.897043588960656, 46.506732613244964, 8.066039416580352, 44.47102870642214, 29.73198146020431, 7.0888769576351764, 65.35782594988308, 36.00793058264857, 46.929963211582866, 65.1014445872419, 43.82030021810352, 90.6979214529935, 68.54414893906392, 72.80598340171811, 21.873406744059796, 43.281740596110986, 89.5913855841334, 86.86314903259165, 65.40794237813964, 12.22143263855084, 60.510364413781495, 64.42633835541315, 50.67898423943046, 81.0448087791765, 93.01469553260317, 35.39346190106585, 0.8260084142713657, 31.598072402170466, 56.29124582678116, 46.891288833177796, 59.24565834236853, 92.72156658960289, 87.5464680450093, 64.01886567763266, 49.59229593215376, 88.35564338934401, 87.80311731897534, 75.29867962930983, 50.204105383438325, 45.428855335555454, 41.19538998104255, 82.24345626785025, 54.44043973107358, 77.65514199516333, 30.852258468374135, 64.86507082424006, 41.901261943766364, 58.54032023017436, 19.96601408582478, 102.68736669340743, 38.80678984152516, 35.347225962940236], [32.71172129089489, 19.644192356564567, 25.948975256008808, 48.597843379193336, 51.76522941549444, 74.21968265348126, 85.351564845197, 5.293972773049153, 0.0, 69.22368670762945, 57.17887879459253, 73.30578743738222, 47.854883408544595, 79.70315536638213, 74.57692009033384, 37.629001395866645, 93.98671115391603, 78.87567837547567, 49.771364794134435, 50.77812236751551, 90.86724147531645, 40.46747082241447, 37.02593789791796, 29.205512874731816, 46.96150285125126, 4.674558521020218, 45.788291642035475, 24.509772184221543, 8.188113670097504, 65.64718924257623, 31.589247492483064, 41.64088348750826, 62.79879522544683, 38.801117897611356, 85.90174157383083, 66.80592346101135, 71.23279610727862, 25.415937958002342, 38.31527931853043, 89.04521511610217, 82.34478061307256, 62.109466481780274, 16.115693610887977, 60.709766950966035, 65.0323956513476, 45.38667196937002, 80.15679732565788, 92.76622078626566, 31.278483711193367, 6.114786093076798, 32.618185480229435, 55.008222729511694, 42.66352774714044, 55.182811922034624, 91.92452108788788, 86.39468020382854, 61.71292031223584, 53.555951375491865, 85.06292739549264, 84.54166968001394, 75.04110459963793, 52.16363123613741, 40.1350172575886, 45.986589107798444, 81.27621339731918, 49.775844555896946, 73.18890930838003, 31.777549486793994, 65.95775464214793, 37.705005588348335, 56.7145821943003, 17.949476777700294, 97.9656739789005, 36.219982707565364, 32.760160399590724], [46.16609825272449, 79.92425132098033, 66.64535432937582, 73.54266602103819, 17.547381907313788, 16.939075713132873, 16.323124682719705, 72.63888475053486, 69.22368670762945, 0.0, 16.495833575211613, 31.366801797595503, 65.18341746594461, 36.12980401217095, 18.268563752078336, 70.33123169364981, 51.373314554181185, 49.16025990484419, 80.4964049333717, 35.40047438271732, 41.93878982014184, 45.543051873680234, 75.27460983812603, 48.779724678799866, 50.36117471696979, 71.91702761738053, 57.951611064390754, 61.594671497412875, 77.35095029597638, 50.59209686458498, 74.80522088617028, 52.28181392049691, 18.25755555815352, 67.59174477990861, 38.1362351248798, 25.46379089389715, 28.37661919179454, 71.68719660998237, 40.75559930193001, 50.35425837235169, 28.311018239898704, 7.42755798965809, 71.81344252721395, 48.459201992843596, 54.117708582607705, 53.00712189223529, 40.953407268807936, 56.595615522503266, 77.64601271003139, 73.11434827188647, 56.71331292060973, 32.272332944702846, 29.033567558349482, 17.616005452192777, 48.881344353693486, 40.76704790798852, 18.528733991136903, 86.71456152034814, 15.95659912150941, 15.52445979846152, 46.991942215243114, 65.04727637464494, 53.93773636893808, 92.36779642207655, 40.43967676185255, 29.55018212746259, 22.512362964805735, 56.33841105698632, 60.06284521351761, 79.65107917749555, 25.88478754576229, 81.2391099734874, 44.60042151811858, 34.85770160433748, 38.07872188987937], [41.05870651113927, 70.69495021345406, 51.02213757257991, 71.90623992687149, 12.568315245442637, 17.312490631266623, 29.97428281257833, 61.26136463656027, 57.17887879459253, 16.495833575211613, 0.0, 42.63786593413817, 48.7258315081361, 48.59572888056602, 17.897519736858793, 53.99275573586217, 64.81985596980495, 59.13095415510979, 78.19137291646358, 19.119213501790195, 56.28873636813163, 43.43550109097478, 70.63081469869913, 42.66003870784332, 50.459841420583146, 59.18648991967724, 57.209736858008185, 46.148106366390614, 65.02824330481042, 56.4973441289753, 58.8702863316553, 35.79262103129009, 26.71204793954431, 51.1885065495087, 34.330270602793306, 35.16726606190676, 39.41154236251604, 64.72442893123555, 24.699518937077066, 62.80087112664341, 27.301928552141334, 13.536810300139066, 62.796368050479245, 53.11477193970333, 59.3640857522311, 36.53899974418133, 52.69420633314065, 68.85363871265872, 61.81330304481988, 61.849706511649124, 52.23218293779547, 36.05787552558433, 14.628737824347951, 2.03496602603939, 62.28014655511565, 54.236846519689934, 26.27869809929192, 84.35566707721524, 31.310468717998777, 31.079594761345287, 56.2263315512508, 65.35539782854714, 37.471290740847216, 87.24832426164527, 52.58951162416206, 13.056494429857507, 18.1790429009033, 51.61031400966164, 64.74511763726984, 63.46811131238496, 30.550298960132, 67.1230488787577, 44.483032429250315, 27.794140698781483, 30.120558589201096], [41.36654053491723, 76.28912899396829, 81.36372219743096, 55.962678838170405, 33.09024232596962, 48.25978633468917, 38.96526246750816, 74.70176492787625, 73.30578743738222, 31.366801797595503, 42.63786593413817, 0.0, 87.47389149137241, 6.787745474414444, 49.59791256100914, 88.66648272025385, 23.150125135255024, 17.91407211959849, 63.29417410388407, 60.454458654640725, 17.614725227707066, 35.33640877120894, 62.98413680458429, 44.97103546915356, 34.223382120942986, 77.34346205046495, 41.384364918211595, 76.11310288354622, 81.1394871558224, 23.858090141307592, 90.31629084993456, 73.71105256948427, 16.108069180022767, 86.70483931467193, 69.37178531384603, 7.940125718953234, 3.228578762999976, 64.43260584538066, 60.23722015605546, 20.27463754786696, 59.334184469420045, 29.516981349249658, 68.7679888299614, 24.339172067006654, 27.842020158743026, 75.70837722397492, 10.058293338630449, 26.231803502760425, 92.46712306175134, 74.85451055076842, 47.494576725771736, 18.42311059029539, 47.3124586110323, 42.41479938462268, 20.671302326805627, 13.522025291863446, 16.762120128936882, 69.01024911048258, 34.591647413870774, 33.75513814484957, 16.281761487830646, 45.256468600852045, 74.74761994957994, 79.1712913606589, 10.098902325083573, 53.67000389601371, 53.843148212669355, 47.6871225091457, 33.83181663737143, 96.3073400338483, 17.30770266409136, 89.54355489412546, 74.63600309801498, 38.70852789061518, 41.817000615107276], [62.14371075639097, 67.496497637807, 22.55765695751591, 90.5352394887555, 54.62628335100431, 58.290412586384996, 76.43210722368025, 53.02270151641124, 47.854883408544595, 65.18341746594461, 48.7258315081361, 87.47389149137241, 0.0, 94.10565239036711, 57.73112517964608, 13.207574267556824, 110.60448845826781, 100.88823929666769, 93.87046400134383, 29.91926352514783, 103.33321875235343, 69.58825575522832, 81.86911269561686, 60.5633295794631, 78.30989856281725, 45.61859998906928, 81.44660224592972, 23.404684343238003, 50.973956405879086, 92.78220699657305, 22.367067852160858, 13.767693798647477, 71.73800162572952, 10.303458717722854, 57.258759137937304, 79.53377116076489, 84.37366813702687, 70.98384209447545, 27.323488216239316, 107.46376476021433, 59.601317433617446, 61.4976979264044, 63.03758267166702, 88.07907686510602, 94.1328798260949, 12.192689907133122, 97.15022273648862, 112.97640543633378, 25.368839555992583, 53.84563368699604, 69.73952213540313, 74.05993880301399, 40.16217495246616, 47.86933591836476, 108.10229909646878, 100.46143845049124, 70.92008067503426, 98.73920488731066, 78.93514630983152, 78.86990533210927, 97.30073220597811, 89.78399364629892, 12.957876476348439, 93.44586514360488, 97.50371870521296, 35.695835559342456, 53.37676046010528, 68.76169001741393, 97.6892994780078, 22.11936649562184, 71.29288694434409, 42.50423399945014, 69.19309081886283, 53.42602473065793, 52.027472974913316], [47.47880203566603, 81.92200743955134, 88.14758875587141, 59.461321674335615, 39.5936222936223, 52.75004567350476, 41.40252798856371, 80.93414166718762, 79.70315536638213, 36.12980401217095, 48.59572888056602, 6.787745474414444, 94.10565239036711, 0.0, 54.093473792586835, 95.43724081635818, 16.511277131749335, 15.435245355999802, 66.71725896856681, 66.75910306814045, 11.218010218901147, 41.01009470695137, 67.48545369103113, 51.089877320567474, 38.893170190031526, 83.80457401168316, 45.61170767748296, 82.89831336852347, 87.46313111268893, 25.63667369917601, 97.10167684808602, 80.35106785238001, 22.48160658670533, 93.45799691966198, 73.60423469099334, 14.63613927319951, 9.744116925627884, 69.74411698817316, 66.91168559862832, 14.304075147381683, 63.4219881354213, 35.2277899896389, 74.55844744828426, 27.34645305068524, 29.523274914332784, 82.28289577847158, 5.32777508394124, 20.50203814019465, 99.24546803263422, 81.05841014303668, 52.88464311943581, 24.696448053304934, 53.94809071131325, 48.51191915792394, 13.99850127077167, 6.777681793135884, 23.229615755544806, 72.19521108095833, 36.70338530385342, 35.900103471118015, 15.32348520843746, 48.48828525413747, 81.42004456489909, 83.22900737090141, 4.371713395782671, 60.00248991270305, 58.60853958920794, 53.15471445191813, 35.140631563432954, 103.09507815670248, 24.06960256729388, 96.11656634469531, 77.9994641591076, 45.427550549210814, 48.49672568372579], [58.299451015969325, 88.57709223956105, 65.34245201335001, 88.2501996378989, 28.401979799858832, 1.343496946478391, 19.957462699992277, 78.84189132669998, 74.57692009033384, 18.268563752078336, 17.897519736858793, 49.59791256100914, 57.73112517964608, 54.093473792586835, 0.0, 65.91597786443762, 68.7152248566624, 67.42371340227723, 94.83157952436947, 29.05255698489811, 58.80244141376243, 59.68196580230973, 87.97595331984742, 60.17120502679785, 65.82252996118947, 76.27617828197273, 73.05027230194361, 60.93351008415085, 82.25698993779406, 68.35087299508437, 72.25659001767507, 46.92447275332358, 36.07936698237769, 62.75046907377203, 19.900003386027784, 43.67076908389103, 46.636406602057434, 82.50255097004283, 39.17064874878385, 68.17192053014064, 10.497013455855786, 22.509784447400673, 80.69154466449105, 65.8353339701454, 71.72603496874852, 46.31411946274499, 59.04907052688594, 74.4292003691686, 75.41064965260037, 79.45683879844287, 69.41640861655134, 49.05637997010293, 31.951071253972994, 19.92682260169797, 66.28303052906382, 58.25157722439815, 36.16840449442107, 101.04425654122171, 23.78672881940917, 24.060394347097382, 65.25063788170395, 80.77103201732166, 48.95766871218472, 104.76537144518026, 58.44372425631086, 26.178147997099977, 5.275645421732244, 68.85873722770707, 77.54744326584621, 75.91746545943612, 42.801689299197164, 83.18262133611053, 27.68203882899449, 45.305559281500386, 47.84100373459393], [57.872041586618096, 56.970981431058384, 11.762084959105605, 83.5171403899747, 57.132562010493224, 66.26189817882708, 83.32074931087209, 42.502778460547255, 37.629001395866645, 70.33123169364981, 53.99275573586217, 88.66648272025385, 13.207574267556824, 95.43724081635818, 65.91597786443762, 0.0, 111.71870126110417, 100.28723478610546, 86.02058689360155, 36.90566524001483, 105.42301433081234, 65.87136448622263, 73.56885989606147, 55.64882989713462, 74.3554675440247, 34.65110133763242, 76.32130948222539, 15.08845070839287, 39.42136101460099, 90.5101497987807, 9.162709655490133, 18.992912169267676, 73.70408325149519, 3.383838469519605, 68.29909528484052, 80.82501840351163, 85.73852098596267, 62.22310813422258, 29.73919427696712, 108.0163193111294, 69.34584403970328, 65.49810660643897, 53.525486596884896, 85.60498056812197, 91.32160823617653, 20.16207854777764, 97.85571282880753, 113.13595997508105, 12.185594288209181, 43.30249232944953, 63.757759561456936, 73.36992354179537, 42.52691400189468, 52.72055952292482, 109.28699097040086, 102.05068638799577, 72.77091303143155, 90.41869443912766, 85.19672739032099, 85.01283340863645, 96.5421022910995, 84.24951758241752, 16.970618830253464, 83.61368932390207, 98.42885714236688, 41.22021073374725, 62.12905941227743, 62.776751044819584, 94.17313238615945, 10.124435907290412, 71.69174304391106, 29.715963670041056, 80.51671043772195, 51.70214170875107, 49.55379199641083], [61.30979130732166, 93.99166318241518, 104.10991169964349, 66.83588190821993, 56.103450865472155, 67.38435755354881, 53.491738279340645, 94.69722532889676, 93.98671115391603, 51.373314554181185, 64.81985596980495, 23.150125135255024, 110.60448845826781, 16.511277131749335, 68.7152248566624, 111.71870126110417, 0.0, 17.34623548279307, 73.65661153120017, 83.18858542886983, 10.508837320736783, 53.98470994591212, 76.96180058358694, 64.871186701075, 49.83788397625356, 98.27611070759919, 55.24923231901445, 98.88994475988311, 101.46597961166648, 32.4567723413615, 113.08343297964954, 96.8459057100767, 38.982893967848696, 109.80780393480936, 87.634578957247, 31.083636598730948, 26.230941727006854, 81.15429888888883, 83.38514842666878, 5.7874437269332315, 77.3614990344284, 51.33745594750585, 87.13601410255605, 36.17380254229002, 35.434754938205664, 98.79370878901814, 14.06189889563347, 8.331525066481555, 115.12331941653652, 94.73528579374822, 64.85204783610051, 39.53066460522596, 70.44316423964983, 64.83654937073227, 2.54055078463225, 10.64008165493861, 39.74026942640111, 78.40091186373132, 48.55737553778098, 47.853549435313575, 20.50068342754123, 55.78486680341965, 97.89547438958506, 91.28210568759106, 13.306280260332178, 76.45118509295249, 73.51751092916506, 65.29793393755536, 39.43106737905118, 119.17141063264324, 40.07109241452851, 110.94194518898493, 90.63378335066164, 61.06680862511172, 63.954878580185685], [46.270233576068456, 77.33861150532363, 91.63076315052251, 49.51688823145053, 48.238159973391724, 66.08990110383385, 56.43053307193896, 79.0942873611423, 78.87567837547567, 49.16025990484419, 59.13095415510979, 17.91407211959849, 100.88823929666769, 15.435245355999802, 67.42371340227723, 100.28723478610546, 17.34623548279307, 0.0, 56.39627503078504, 75.81000171400224, 21.25106085436878, 38.418577657756565, 59.68173182220702, 49.69658395859038, 33.193966744203514, 83.32647876169897, 38.101450676941624, 86.55148325858431, 86.01902513018777, 15.154518186297437, 100.57462152530844, 87.20352277736175, 32.53051405912146, 98.74197683573873, 87.24288067460336, 24.17459793933411, 20.788505382719087, 64.30977323047847, 73.63289526189197, 11.577284526843119, 77.2352329133948, 46.61864087612758, 70.77967877337498, 19.182776586070126, 18.103275760078585, 89.64417691255542, 10.272727110673728, 13.92051275941143, 102.31847862000713, 79.06072369954887, 48.40527113660016, 26.958264977889016, 61.2946058088457, 58.6151297758286, 16.30766270771589, 16.761237521264295, 32.87378146300734, 61.27275888461, 51.85139384228251, 51.03225812995006, 3.859325134029192, 38.4496912827826, 87.94776568133989, 73.94889908399716, 11.768389522337333, 69.01907565282507, 71.54816409175692, 48.936623779304796, 22.44269216797307, 106.89761055132428, 29.88172561293989, 96.31155682724206, 92.50556880906997, 48.61891186788767, 51.03761908172006], [37.49673068408186, 34.97240288324735, 74.33618371587808, 7.344876393341605, 66.4521565262659, 93.84891154884683, 95.21341223520716, 46.18686872841765, 49.771364794134435, 80.4964049333717, 78.19137291646358, 63.29417410388407, 93.87046400134383, 66.71725896856681, 94.83157952436947, 86.02058689360155, 73.65661153120017, 56.39627503078504, 0.0, 83.8229459090402, 76.41943661976141, 35.197212001119475, 12.768297759446595, 36.85033991436814, 30.607188537112382, 53.976903626115785, 22.849406972561415, 71.30266061674453, 52.35444587632056, 41.72990345157787, 81.11592126502624, 83.66646415785038, 64.2862376586121, 86.44723681425972, 112.50295988428044, 61.740800938510475, 63.43374036952768, 24.378459081322355, 73.85577138382071, 67.8706576441457, 105.0652456682736, 73.66768698055931, 33.96680208643812, 39.3708160476073, 38.334928626236156, 87.4098841765547, 63.77176033482887, 68.28952255464131, 81.0207406890893, 45.58468736786859, 26.58018450156519, 49.621659358353085, 68.75445517982861, 76.40770160923807, 72.70025315640898, 71.43062391440114, 63.54021675577203, 6.227796671841628, 92.36554665361803, 91.57042446172309, 53.747758097008976, 18.24685308081507, 82.98548752535856, 18.13746965399255, 65.43647067801012, 79.11862825599891, 96.25696495656221, 27.39035567895241, 34.40817174477135, 87.38993383090916, 55.626550247410286, 65.9134776983153, 122.38493789113778, 50.88319733567979, 49.44951597210326], [46.855676465039046, 67.94962473993532, 36.790303049566305, 78.58288537491231, 27.604642732765498, 29.362341697726688, 46.74566868408973, 55.72334034015823, 50.77812236751551, 35.40047438271732, 19.119213501790195, 60.454458654640725, 29.91926352514783, 66.75910306814045, 29.05255698489811, 36.90566524001483, 83.18858542886983, 75.81000171400224, 83.8229459090402, 0.0, 75.06985916122065, 52.05853308295996, 74.0050570595018, 47.001707345885066, 60.383892127596155, 51.32374879158058, 65.76650064502265, 32.813367892343656, 57.535251266732274, 70.66263270726121, 43.278884559461645, 17.947269524814054, 44.349866705916284, 33.791711210330554, 35.399667071151036, 52.65506180512996, 57.243187581520104, 65.58255263094405, 12.46603310308567, 80.72844948953882, 33.67203953834883, 32.42864606793979, 60.919216343679054, 66.5655410303208, 72.90696266705865, 17.866855389151954, 70.45594582045842, 86.60836420205314, 46.467334467123564, 56.46165329273822, 57.29097792048788, 50.355047542483724, 16.0697522951209, 18.59569326223667, 80.65093099390889, 72.7180447566769, 43.70650867097222, 89.64771359175832, 49.05956604382937, 48.97522482960511, 72.56333639747758, 74.36610788607422, 19.93506437961674, 89.19508397035825, 70.54104978247986, 6.805455946731263, 25.58192772790714, 56.449844496324474, 77.5996574420126, 46.87262124976588, 46.05070149269836, 55.93540413505211, 47.69235664372737, 34.255575852279, 34.76813695712603], [58.69601287376688, 93.04699935969455, 98.58258616291181, 69.28066887667111, 48.736988866324516, 57.48388307305008, 43.04660111876301, 92.14401756215322, 90.86724147531645, 41.93878982014184, 56.28873636813163, 17.614725227707066, 103.33321875235343, 11.218010218901147, 58.80244141376243, 105.42301433081234, 10.508837320736783, 21.25106085436878, 76.41943661976141, 75.06985916122065, 0.0, 52.181475994010135, 78.02699705161423, 62.30710765215427, 49.6790863293004, 94.93621861224133, 56.0865216599225, 93.31420309150455, 98.65432390336508, 34.73039613660627, 107.50070872909362, 89.65300841996405, 31.757012199202066, 103.3015393780706, 77.44638949203198, 24.893643476228284, 20.0589435003258, 80.74919427582863, 76.40815816507927, 12.854134557371394, 67.17318549175816, 42.756176892694214, 85.73368517857696, 37.30324533046963, 38.34216469857737, 91.33011074857123, 12.670175278880976, 18.151455788624975, 109.74132318880626, 92.2718205359082, 63.94927528307115, 35.87925221970235, 63.36128787790705, 56.51635092834279, 8.533049804068682, 5.026539170035573, 32.663978950165934, 81.64693623599568, 38.10643203034544, 37.415481966964684, 22.969165502455734, 58.19286962498207, 90.85507852668405, 93.38738106356142, 11.038330255970818, 68.44472371500223, 63.7179765099823, 64.24775917548884, 43.371597502187335, 113.37791061114788, 34.80172480511806, 107.15782930436478, 80.18124641698802, 56.24329630869437, 59.39518789481939], [8.252337285744069, 40.960662294148634, 55.78596122675213, 28.580048121017967, 31.369992610925085, 58.67970413929914, 60.80768284975054, 40.77023160994484, 40.46747082241447, 45.543051873680234, 43.43550109097478, 35.33640877120894, 69.58825575522832, 41.01009470695137, 59.68196580230973, 65.87136448622263, 53.98470994591212, 38.418577657756565, 35.197212001119475, 52.05853308295996, 52.181475994010135, 0.0, 30.11187126473916, 11.390073869327557, 8.741334870567156, 44.94973198531211, 13.917833418464058, 51.11194716363125, 47.63587017089936, 25.57560108359002, 64.45142445695764, 56.962690890597074, 30.679022448193905, 65.02142590761304, 77.73592090498441, 30.722046572425615, 34.091770278382874, 29.30045844157494, 44.58495691531943, 48.82534357754051, 69.97855453833111, 38.556330125948236, 33.55223457117094, 20.56550865471899, 25.698385162655136, 60.24746675884318, 40.52723149805089, 52.32389308907109, 65.7499823889804, 40.77989511057433, 12.435076688368028, 17.48995931574771, 36.08249402877772, 41.76145728226499, 52.07025953048504, 47.38419112337119, 29.771308910565665, 41.42251614399482, 58.430115507134474, 57.677663347415255, 34.59387314055109, 22.39651732527704, 57.006940947529344, 47.19397442952279, 41.82319461583858, 46.38446459401443, 61.30642056791591, 12.478792499422132, 28.31806366406002, 70.9765012759233, 22.184466419157943, 58.03011399598851, 87.29522652515364, 17.814308774473876, 17.9622402634939], [29.678091646313863, 22.866367172325056, 61.842378008910764, 13.527574312953798, 59.72392470678623, 87.10900434252427, 90.82867768030873, 33.426329304962, 37.02593789791796, 75.27460983812603, 70.63081469869913, 62.98413680458429, 81.86911269561686, 67.48545369103113, 87.97595331984742, 73.56885989606147, 76.96180058358694, 59.68173182220702, 12.768297759446595, 74.0050570595018, 78.02699705161423, 30.11187126473916, 0.0, 28.021878254880495, 28.76123802788009, 41.20985972480791, 21.94279574441103, 59.01024830380449, 39.671669647151205, 44.52747257071448, 68.44487029895463, 72.24877122733949, 60.74270572944101, 74.12498786190814, 104.5948511630388, 59.873180220008116, 62.47174335452712, 11.61582887114135, 63.309242312625315, 71.23750077819851, 97.8881915409239, 68.07495464067931, 21.204918199052393, 40.95436810913351, 41.896716270525886, 76.04349095575607, 65.4478137582159, 72.73009126547092, 68.29265207132092, 32.83201040268678, 18.639255728745443, 46.854665814851394, 59.722004575358326, 68.72810032640503, 75.62988192520152, 73.00607056409596, 59.856305979838766, 16.891176369571504, 88.53705101173063, 87.78708511757422, 56.48466920994606, 22.29722427084891, 71.4218067171962, 17.111039582651056, 67.02153397168296, 69.87446165801326, 88.8083394642567, 19.134076937482273, 39.59751102045329, 74.68255275972504, 52.156940511618856, 53.20303949706628, 115.11358685033872, 42.840011179860184, 40.7766829509404], [3.611096562713654, 32.32840866534399, 45.1038386002777, 31.675042549745914, 32.23725788352738, 59.35762289080355, 64.88510008659291, 29.897043588960656, 29.205512874731816, 48.779724678799866, 42.66003870784332, 44.97103546915356, 60.5633295794631, 51.089877320567474, 60.17120502679785, 55.64882989713462, 64.871186701075, 49.69658395859038, 36.85033991436814, 47.001707345885066, 62.30710765215427, 11.390073869327557, 28.021878254880495, 0.0, 19.013699707006197, 33.63019573254163, 20.895725099190642, 40.665597225572675, 36.59685381609026, 36.92819350259746, 53.58973052001494, 48.73498063251986, 37.11909384244157, 55.09042020103606, 76.57540310625853, 39.252580501479976, 43.25568874265013, 22.907474250587065, 37.57442566550579, 59.86233015386794, 69.9509042726659, 41.38394735835155, 24.374313522375374, 31.92556556597063, 36.83621859675854, 52.2754993551502, 51.155940350456405, 63.572065230050384, 54.72642433384191, 29.989765016020794, 10.289277804474434, 26.555644928970846, 31.980227958579366, 40.737839478531214, 62.8597892840492, 57.66920814898255, 36.080499502019016, 42.76324550515343, 63.273917947653295, 62.59689727923173, 45.85444647855394, 29.2429374206086, 48.462624261185574, 44.60697191352612, 52.34677500008588, 42.300650915283526, 60.82599816313114, 9.46000534071858, 38.863576927356775, 60.14658620044088, 29.566805764147144, 46.65836333155002, 87.1354538172371, 14.87990963988955, 12.788821060441753], [16.484424181462, 44.18705026128703, 64.04483685389192, 23.407960750736127, 38.029926354672156, 64.7353190957422, 64.68206983174322, 46.506732613244964, 46.96150285125126, 50.36117471696979, 50.459841420583146, 34.223382120942986, 78.30989856281725, 38.893170190031526, 65.82252996118947, 74.3554675440247, 49.83788397625356, 33.193966744203514, 30.607188537112382, 60.383892127596155, 49.6790863293004, 8.741334870567156, 28.76123802788009, 19.013699707006197, 0.0, 51.57512383370557, 7.7577836315301365, 59.4901724753974, 53.5507527824319, 18.869541535039062, 72.58943813732233, 65.70305480156381, 33.6929859285356, 73.59546790751028, 84.50543135930454, 31.473898292040477, 33.76819235756496, 31.33602183645821, 53.26747803148636, 44.33583346201295, 76.26193525902839, 43.86766300167531, 37.607553235943136, 14.129169993688834, 18.085037036377614, 68.97930745581338, 37.30686176605501, 47.01563284571766, 73.73905800368148, 46.3904471862482, 15.24307033524539, 19.018536388622753, 44.33377430520302, 48.92436596799561, 48.199406850918216, 44.695306426698906, 32.96752420988255, 36.735317587141076, 61.76345848262631, 60.96647942338016, 29.560603365173783, 14.96405626136965, 65.74644453945852, 45.15077827363468, 38.79890312645872, 54.51021417390664, 67.91113326164707, 15.83142971360018, 19.874080678939983, 79.14121253853038, 25.05284217674963, 64.82462498368122, 93.50265814789086, 26.28284998041233, 26.667046071171807], [37.091366130564076, 22.349016950705195, 23.233909582564102, 53.04962080977371, 54.60016914219966, 75.99418605631097, 87.90056552912363, 8.066039416580352, 4.674558521020218, 71.91702761738053, 59.18648991967724, 77.34346205046495, 45.61859998906928, 83.80457401168316, 76.27617828197273, 34.65110133763242, 98.27611070759919, 83.32647876169897, 53.976903626115785, 51.32374879158058, 94.93621861224133, 44.94973198531211, 41.20985972480791, 33.63019573254163, 51.57512383370557, 0.0, 50.46281783459091, 22.672234820188493, 6.218400699520876, 70.21952311137252, 27.951417939359718, 40.662264172699885, 66.3725683635552, 36.138438450694906, 86.66946935013155, 70.69030346095057, 75.1908405296651, 29.5999830174971, 38.899553271104246, 93.39304373325928, 83.63683962264693, 64.9343804028002, 20.073689828593977, 65.26942702774946, 69.65361843348433, 44.29857902787465, 84.39460133848982, 97.1999719893476, 27.339274917961696, 8.812593113002828, 37.28986277408877, 59.13162934638726, 44.569614412080476, 57.2250022676916, 96.18481270348641, 90.52193271471361, 65.28775364057189, 57.552133496334214, 87.83139261103247, 87.33950232579325, 79.48459763444001, 56.80985903217535, 3