instance_id,num_cities,city_coordinates,distance_matrix,best_route,total_distance
1971,97,"[[60.880082542118984, 2.9391097537359356], [18.05111822531873, 63.54203884500378], [87.87370000674183, 27.197223139946825], [89.67357146307018, 85.79883907466946], [21.369853514426808, 27.324438587892207], [83.63547285497269, 97.72825027922534], [90.30258324968004, 57.97495761982645], [15.016851967883438, 35.12730476298255], [61.55944207633761, 68.2904537451733], [14.884922713516913, 51.56528925415406], [1.1681251569633733, 43.711076456580855], [67.67944281730342, 50.78389082256871], [30.95726392189817, 86.72867660525753], [81.49470944762193, 54.85959774937794], [67.22182239090364, 94.34610755126975], [9.373096383189294, 85.23831637612929], [97.01307929627923, 76.74211960937795], [84.62265220623537, 97.49754077941198], [29.51704262213719, 23.075510410627096], [74.64998639544163, 74.31608057136636], [21.31296490076253, 91.62986554045332], [49.048707819749126, 63.280354180410605], [7.794812429996911, 89.04820957417046], [7.8190195254939425, 75.74019826913126], [77.2186261815333, 35.10273413809995], [10.091521202580067, 39.67090942247855], [32.75501440231684, 51.90466282682075], [52.30941337084114, 66.47536863932618], [82.54241575864796, 6.033457100893191], [74.3012000949858, 50.495234549681896], [27.795882451172037, 61.875573720080446], [34.20842993529448, 44.54999576431503], [0.5205600476761219, 74.8129132229709], [80.87514002013727, 9.640000999217024], [84.74936132836721, 60.03158678598899], [2.8114530514456892, 95.2371413233434], [89.22816075540389, 24.046076963432505], [97.2970217749225, 17.900320866895512], [10.832522965231018, 66.22795222025168], [16.299259608271587, 38.14023709200911], [23.1374325818822, 92.10412081902373], [79.3237737328717, 44.66682709415234], [58.900684070960864, 99.25403418232528], [48.91673770880474, 13.395739645974924], [49.61978912305432, 66.73795820388955], [0.12663304777663642, 60.24649640715975], [14.793276697502556, 62.91292202355654], [33.60538263330891, 74.4862581719639], [48.20792128397677, 16.458887622450835], [42.54230544785398, 3.447198055826084], [96.12949374540388, 67.7026879798872], [43.429588305355956, 22.862470463135175], [27.158821203672222, 70.4534505356338], [98.67577376225908, 13.0368163042914], [39.5274756422747, 56.31704557818475], [28.574818064736462, 14.281386047642187], [30.54197195477132, 26.921001062869042], [23.989246825056764, 22.217583631576343], [23.978806320092193, 43.78042780618456], [57.051740118756676, 85.14282224727717], [87.91382037524086, 73.36291624832624], [95.68916650150764, 97.00977474506853], [49.48609486745078, 38.76140847215295], [52.427183894211694, 56.73188892204366], [1.1873665138360856, 64.30264192506422], [68.82285670640039, 66.39947245577804], [18.88962157854207, 51.03034437831783], [64.09671947760344, 73.21146471140308], [34.99394098058286, 57.34507790751784], [28.042865759520474, 57.32057892154759], [31.20146673065374, 56.91420075274966], [30.553670522672714, 67.32395651736347], [12.761072642288529, 73.94838573081216], [95.26241377516908, 28.853171413550726], [19.231092757835665, 53.01961637957396], [75.39748677712903, 57.824983839032974], [55.48191135970152, 21.91224379949196], [57.67329634421918, 24.1827610556387], [4.383337791143083, 24.484850093743425], [79.84909779844314, 37.97534267177697], [56.460848019213664, 38.125463395943335], [86.02189084738615, 36.55981656559807], [73.74163893262575, 45.9700261596787], [74.64289325506535, 71.7582585912745], [45.48173097147159, 70.0827831714674], [88.54113955967127, 69.15938116003252], [8.382148970978974, 22.989371205358587], [87.40045526915969, 19.68904622289357], [89.87675261321442, 21.751445061433195], [89.57605262031669, 81.24647768572251], [21.544989622618093, 35.18392107713141], [75.42900791190358, 59.58069535469252], [26.802398748896707, 27.01290632983111], [69.70803212175193, 37.31633445622818], [40.6892278343508, 58.67893106564743], [99.55024961761096, 82.13435050391948], [72.56836219573745, 34.975036730764785]]","[[0.0, 74.20940101423126, 36.29203010145141, 87.7200076800003, 46.4295429674967, 97.48224940906572, 62.4069555276164, 56.0313824268042, 65.35487503517936, 66.93325078363917, 72.3040187236127, 48.32550440167485, 88.97227988168136, 55.86322507838848, 91.62672596283257, 97.08825384077916, 82.17346115497477, 97.49362282884432, 37.270831818423616, 72.69306855010741, 97.11646081104935, 61.490220415776925, 101.15741680550427, 90.08593063004166, 36.07556987485438, 62.67936717808139, 56.46808696619356, 64.11171939060937, 21.882222599379475, 49.41367626452677, 67.58750683753647, 49.42512405006724, 93.85688883023646, 21.08801240119656, 61.88128475923866, 109.04536836816752, 35.342857880733476, 39.37043689188924, 80.68603225065412, 56.80289727949075, 96.82410249671234, 45.622057594781246, 96.33526190337835, 15.889075753613003, 64.7849308979264, 83.5171730275075, 75.63631291340857, 76.56960037701376, 18.530193322568266, 18.344814593821088, 73.73494459774876, 26.48509110922847, 75.46727554026356, 39.12132349997002, 57.49032835441326, 34.23853595703152, 38.67210964989123, 41.62443170737408, 55.04286917553977, 82.29280985257037, 75.43431250046271, 100.3043485498176, 37.590690876891216, 54.45286572993302, 85.60784676286902, 63.95549464822794, 63.84328985610203, 70.34593537988594, 60.25032527459266, 63.52658494580847, 61.59651520042645, 71.16951425118071, 85.77736524590014, 43.054422452610545, 65.13597695553466, 56.77335818700325, 19.726126523798552, 21.484324479859165, 60.465701800739474, 39.84170122976529, 35.462784949900936, 41.98169185952364, 44.91190710180787, 70.18183672036288, 68.88673392693427, 71.76530095005427, 56.1964946728731, 31.367029526271395, 34.56458932117081, 83.3996557017134, 50.86233766026825, 58.480256914672104, 41.72332937695716, 35.49262278313881, 59.284047548341604, 88.13210526888595, 34.101561526398115], [74.20940101423126, 0.0, 78.71555472241856, 75.00093975582665, 36.36933560436731, 73.9594796115651, 72.46562351580387, 28.576281855290226, 43.76667326161871, 12.388192958655145, 26.044241670610795, 51.241984180647776, 26.536555303327543, 64.03494398031219, 58.02282996372914, 23.367424372405644, 80.05768812773626, 74.7311531303374, 42.05956901590616, 57.61520505266255, 28.27659194824779, 30.998694158438717, 27.491026787527435, 15.921398718058224, 65.6474527301771, 25.163187490287072, 18.751882128802993, 34.3836474208305, 86.4081271163277, 57.74331833783609, 9.88622960637958, 24.935044055947788, 20.841139106671402, 82.77854431194392, 66.79056001181601, 35.168550094142475, 81.4008746161863, 91.44987506490249, 7.702093753538473, 25.46213936244489, 29.01143085792942, 64.11405408790448, 54.25894986774371, 58.88410472663971, 31.73003124483237, 18.224921641520364, 3.3180294446239493, 19.018703371951453, 55.91293141809393, 64.8938220560778, 78.18915350020768, 47.94678328457988, 11.433191378582203, 95.13733538594178, 22.659092117876657, 50.37221627377904, 38.69265867230009, 41.74891579374963, 20.631499145687417, 44.582982758748216, 70.54960513468394, 84.54440186323588, 40.027957706673526, 35.04414405924669, 16.880895676235053, 50.85208309628358, 12.539760217048277, 47.049922330118626, 18.04055342213821, 11.770368828817476, 14.726163912876341, 13.062033349696284, 11.673758511221276, 84.64574226836967, 10.588376383486315, 57.63064032284695, 55.98306985330724, 55.84863245403849, 41.3796111043641, 66.87784560326679, 46.0576774316487, 73.13047415391239, 58.397001005738446, 57.18509655440359, 28.199642763226095, 70.7134898191405, 41.68942094983923, 82.051298041744, 83.09858894113108, 73.6835354395642, 28.572538925993, 57.5144718060953, 37.562779890649736, 57.932929530543824, 23.15456378220472, 83.59295706290312, 61.54838340626902], [36.29203010145141, 78.71555472241856, 0.0, 58.62924975999644, 66.50396816764844, 70.65825046455393, 30.873425684912213, 73.28715099323558, 48.796452453043784, 76.94910172904139, 88.26417201443539, 31.050586400318178, 82.36185189936265, 28.38835130094455, 70.25291970263417, 97.62742070398733, 50.380800112390766, 70.37545006613367, 58.50203395547173, 48.93928204741182, 92.63852797060136, 53.003512751546246, 101.18385621439552, 93.6224989056974, 13.267543192413731, 78.77601277671783, 60.403038654027654, 52.9867077462916, 21.824930347879093, 26.963124624248632, 69.36809180883516, 56.40106319560301, 99.4878133380703, 18.900684939573885, 32.98267618338031, 108.92665570688878, 3.4299105156588294, 13.237499198161801, 86.364001600676, 72.40614665005451, 91.6716405788895, 19.44963499928489, 77.6635028183255, 41.32947928679081, 55.0166468197946, 93.76461071956751, 81.34100698787964, 71.98126912470339, 41.0936230012599, 51.17615679347103, 41.338248779489646, 44.65500135140957, 74.54795581757297, 17.81016336732798, 56.43865226184888, 60.68917734956409, 57.332393461820224, 64.07823474438285, 66.01181800428306, 65.63296174365445, 46.16571054171092, 70.24865748289135, 40.091627688680035, 46.1384003556259, 94.29386256624667, 43.58613290801046, 72.98507206649114, 51.794355198992086, 60.870042399781475, 66.98615745259147, 63.99094297585535, 69.96956846799067, 88.47360054382746, 7.572004743566803, 73.3389631952179, 33.071371637584846, 32.82010021897502, 30.350475499356556, 83.53440937980977, 13.437339812769888, 33.259490451345386, 9.543969447599961, 23.497516537289663, 46.48376197979989, 60.30132915537157, 41.96746574740315, 79.60284356714092, 7.523076578064357, 5.802475215347004, 54.07605682161929, 66.80782263448489, 34.69235699716201, 61.071579396745314, 20.79393910588003, 56.72276745810507, 56.164310498931975, 17.16821917854245], [87.7200076800003, 75.00093975582665, 58.62924975999644, 0.0, 89.91470067734109, 13.37047069061116, 27.830990550838305, 90.22876567527375, 33.120202717073695, 82.2513095038478, 98.00302948398958, 41.349586406442214, 58.72366958137734, 32.0020380234192, 24.02367238393448, 80.30243136885801, 11.657295685823842, 12.7425039499939, 86.90813495230168, 18.90930593991887, 68.60884344755632, 46.44848445290107, 81.94320953830832, 82.47026086872894, 52.2036465939473, 91.98417590901518, 66.24603626933815, 42.06514970384237, 80.08351605107724, 38.50525021260117, 66.34132213544783, 69.12198636568802, 89.82733443252337, 76.66538340645648, 26.2335498162033, 87.37338933732855, 61.754368420910325, 68.32514741636999, 81.23380171152307, 87.49361109879322, 66.83423041445471, 42.414157101390394, 33.585902903339154, 83.08627025299822, 44.35789286374444, 93.12129936459333, 78.29957690465967, 57.198044418756346, 80.79250591590153, 94.88492511823742, 19.21326669155253, 78.09924757830817, 64.37060625323382, 73.31678937237048, 58.17050003083839, 94.06276497266838, 83.44546643978725, 91.41666449215806, 77.98300489669896, 32.628426844312564, 12.559812913968134, 12.72291091976595, 61.86722195807739, 47.24596255877161, 91.05984273109941, 28.479602017552246, 78.86200469621362, 28.506444023193932, 61.639910076659426, 67.89223215410172, 65.21740076717866, 61.93935721904658, 77.82008557764298, 57.21926444616438, 77.69569001323099, 31.406100851657946, 72.46079406464315, 69.4302432527025, 105.04203541708931, 48.82219875204743, 58.1019427141903, 49.374245401502606, 42.89709561697584, 20.56840265317856, 46.903232076131644, 16.67794836629522, 102.72937566642594, 66.14886067148653, 64.04771629392033, 4.553405773733214, 84.8726904692474, 29.83787276071453, 86.07305180563826, 52.432585433744414, 55.99067182267308, 10.534573928429207, 53.625060081752224], [46.4295429674967, 36.36933560436731, 66.50396816764844, 89.91470067734109, 0.0, 93.98778672003324, 75.43988033978069, 10.062074795823742, 57.388303918501165, 25.09328931241573, 26.01214580284147, 51.91265703614267, 60.17293355608552, 66.13004832174116, 81.20533948261017, 59.143380205537454, 90.35488256992876, 94.47317510027878, 9.188584276826987, 71.04214929266715, 64.30545211617394, 45.37561946410833, 63.198937057599984, 50.276345206340444, 56.38782927271205, 16.722324055158644, 27.088914929896163, 49.900417713691745, 64.77181689749675, 57.780734127684326, 35.143630814396786, 21.483688336798018, 51.86374708049165, 62.07751972295957, 71.32124195490148, 70.40276571682492, 67.93745297368436, 76.5097959406299, 40.30531860742692, 11.945393247725077, 64.80379283441738, 60.493101323935605, 81.13217588997573, 30.868098144087796, 48.49210647530388, 39.180815546002876, 36.19104192862454, 48.72315054775851, 28.954137517556287, 31.912306972380186, 84.96709263842837, 22.506467039330666, 43.51578815206689, 78.61514775081866, 34.20921661528179, 14.9007628576171, 9.18098679447393, 5.739441511211772, 16.66151901522618, 67.94234703502735, 80.91749471445222, 101.87937160294202, 30.353373913866356, 42.77097035928333, 42.12742934922867, 61.47069044442139, 23.835299868059508, 62.69931611664542, 32.96747707126712, 30.72942445506452, 31.180356691454275, 41.04027204382349, 47.41206128497566, 73.90837223170102, 25.784034969726317, 62.042472682719, 34.538736845272076, 36.43912868075566, 17.22222341143754, 59.4412631917742, 36.71566467107898, 65.30833130385022, 55.591922468889614, 69.37132781849162, 49.088274221358596, 79.13371019348412, 13.692088172335232, 66.47059187836086, 68.73320508296861, 86.94637368481928, 7.8614335623377265, 62.951237277562576, 5.44147039616814, 49.360079964657, 36.82855444693625, 95.47932121194327, 51.76696768339794], [97.48224940906572, 73.9594796115651, 70.65825046455393, 13.37047069061116, 93.98778672003324, 0.0, 40.30849337644651, 92.88376344643707, 36.79585574109522, 82.81097219182416, 98.58356102378404, 49.58192996807194, 53.814350478340785, 42.92207168451965, 16.75848474620832, 75.30537170840202, 24.887306696193445, 1.0137800278480238, 92.20540147277102, 25.077253783937458, 62.62016683245643, 48.814975788547706, 76.33576409742616, 78.94054108415796, 62.953404937086496, 93.69827987751931, 68.47351472913165, 44.250023882489536, 91.70130789597788, 48.14650997595912, 66.3586789570052, 72.60137274897968, 86.2160159330403, 88.13148755453953, 37.713116896558134, 80.8624004159597, 73.89411899799714, 80.98849444922467, 79.32552105377194, 89.91605490681329, 60.758898188410114, 53.23631636153021, 24.781803661328528, 91.19957741051792, 46.01592053479444, 91.53473766428806, 77.14502610883974, 55.16520755604768, 88.65562992249228, 102.84729075625094, 32.52129993407346, 84.97880994629428, 62.71783544411718, 86.01656607951934, 60.501266870263635, 99.97527122250699, 88.50190042833472, 96.2264675501714, 80.43186813469308, 29.412375710539088, 24.738103402271445, 12.075087478676872, 68.14153248669233, 51.52338250141362, 88.96606956073273, 34.65408947117018, 79.82931587480682, 31.350209857674567, 63.22024386136391, 68.72639862686982, 66.4463064210098, 61.17269667100641, 74.75735792180328, 69.84956867379093, 78.40144208411958, 40.744755333855274, 80.87453161164512, 77.99342019883612, 107.91430203131623, 59.87275343270067, 65.50536191197011, 61.21496772696141, 52.69536709894146, 27.482848399190818, 47.11666235334324, 28.986994472817578, 106.06112766139786, 78.12997160069192, 76.23272593921172, 17.51968366644659, 88.13070533796497, 39.020276954194856, 90.7229749414549, 61.99655779785093, 58.04506260152705, 22.28115413543237, 63.72163485820535], [62.4069555276164, 72.46562351580387, 30.873425684912213, 27.830990550838305, 75.43988033978069, 40.30849337644651, 0.0, 78.67627708338604, 30.53813394467217, 75.68954597106418, 90.26854338761348, 23.73853248845969, 65.94424373369931, 9.34259642901172, 43.076467695895786, 85.3983171681291, 19.930808471647357, 39.92863879804369, 70.09174962069612, 22.628214414722578, 76.76079902577337, 41.59362295657011, 88.16506809758329, 84.37500850352302, 26.35011460239117, 82.27303723052016, 57.86683989225608, 38.93247930639332, 52.51799382732755, 17.663253382924257, 62.62828794303547, 57.67827699298696, 91.3472957406985, 49.24575836924888, 5.921823809812291, 95.0955740175064, 33.94588820891317, 40.680445931218095, 79.89744928024054, 76.61532515359876, 75.33894905628448, 17.25226351800657, 51.86560935613391, 60.82840525850859, 41.61586136541815, 90.20455577895454, 75.67059447660776, 59.05248177389371, 59.123131125083496, 72.48669325315531, 11.339383752357282, 58.56589800711196, 64.3649553000133, 45.71156160376652, 50.802167521488805, 75.62701363574475, 67.34744895081454, 75.33955390298547, 67.82571829944817, 42.93846104988815, 15.572265693299746, 39.40472341141303, 45.1125946350542, 37.89579259131044, 89.33958496961577, 23.072735048000723, 71.74983447867707, 30.31333773097746, 55.31222882964436, 62.263156308006444, 59.110635074634196, 60.47591547422565, 79.16966763156859, 29.54112981396622, 71.24403250476261, 14.905850965006259, 50.12981666590139, 46.974279266334484, 92.2155303746225, 22.566788786831538, 39.233473773717236, 21.83878645473586, 20.454418985525304, 20.861574159131816, 46.427451346525075, 11.322279531957667, 89.0783296272173, 38.395746617419924, 36.22601542812881, 23.282858349713123, 72.43644129907716, 14.960001236687278, 70.64645816824667, 29.17043447013438, 49.61834957130477, 25.86881515996675, 29.04305351186744], [56.0313824268042, 28.576281855290226, 73.28715099323558, 90.22876567527375, 10.062074795823742, 92.88376344643707, 78.67627708338604, 0.0, 57.14899075590535, 16.43851390668125, 16.293200139055426, 54.94066947184609, 54.00739124664721, 69.34456663356814, 78.94444591322727, 50.42782428374929, 91.95202069987224, 93.46129555899846, 18.854741475850965, 71.35734630025836, 56.852268314248875, 44.167424695382806, 54.40240647934596, 41.245798704964976, 62.20177906653059, 6.70098697576989, 24.415612835900326, 48.71792529232635, 73.5265512386204, 61.243833965423704, 29.64411429430919, 21.379985280299167, 42.25032542212388, 70.61810503206735, 74.04624315109713, 61.33648354790706, 75.03407200400515, 84.06423328402647, 31.380868080150034, 3.2744969957871883, 57.55259679104328, 65.01063507761795, 77.7047498295483, 40.267395938678, 46.86786394456046, 29.200897389388714, 27.786516738386503, 43.5277002120469, 38.08092542045966, 41.967603580081175, 87.40947458860822, 30.94688589479471, 37.3545712339661, 86.52632475808173, 32.40024365221773, 24.867061985083673, 17.5605458635477, 15.721474776995517, 12.45765484398517, 65.33363460789705, 82.31603725059541, 101.6733122470974, 34.66028585915557, 43.2005901756447, 32.28707119645341, 62.23370966066245, 16.36780417356477, 62.12275455699424, 29.878312015964852, 25.73360552229612, 27.140570957299566, 35.74936523908256, 38.886564104798, 80.49046489524925, 18.381910684716896, 64.50585783792707, 42.568284765211494, 44.03811171920732, 15.04438317558243, 64.89477189546209, 41.55230154746031, 71.01948772234508, 59.7173778002747, 69.97922247318255, 46.36803126583354, 81.0185354704377, 13.832885270485942, 74.01166025449747, 76.04550182216143, 87.67013466972315, 6.528383157121852, 65.17359048905729, 14.308828563491238, 54.73497088352938, 34.83891479552072, 96.72413177432762, 57.55171166056159], [65.35487503517936, 43.76667326161871, 48.796452453043784, 33.120202717073695, 57.388303918501165, 36.79585574109522, 30.53813394467217, 57.14899075590535, 0.0, 49.580660392959416, 65.20166368392199, 18.545461828504994, 35.72759955600409, 24.037528532367574, 26.66382654627677, 54.86934230116609, 36.447099308496306, 37.21512588345513, 55.41756457594259, 14.410778230857762, 46.524263218171896, 13.476630487173413, 57.632628155103625, 54.25432433839231, 36.69652271752916, 58.88994138480744, 33.13893778695778, 9.426429069057738, 65.69793616026635, 21.88657633393974, 34.36755220114528, 36.2172225644152, 61.386379571924316, 61.749265537022836, 24.616686177573932, 64.63319724340062, 52.18354980399431, 61.776533523686794, 50.768831334245384, 54.38308267536302, 45.20333564125783, 29.55752383658291, 31.077520937474024, 56.331763772826804, 12.040164245165112, 61.957205188706055, 47.074324972935564, 28.63245417073814, 53.523586895900344, 67.57439821367612, 34.57504795364358, 48.91209730557781, 34.46855482233631, 66.56265115113553, 25.075287597253652, 63.28479133838709, 51.70604479145227, 59.449381256021, 44.86697622275756, 17.44481874566433, 26.83809105297162, 44.60535268365302, 31.90188438889497, 14.730870995141313, 60.503637500872586, 7.505531448541997, 46.02852329447366, 5.536616795546547, 28.731987412918002, 35.26611747339143, 32.41952805388718, 31.020831493198557, 49.12527917249988, 51.87667625278574, 44.99875142574191, 17.34985710308388, 46.77472327419319, 44.27855782481726, 72.02803490653903, 35.40504859233361, 30.59284727070163, 40.06550555899695, 25.428476317795067, 13.535226824726475, 16.177306300614198, 26.995685468874978, 69.85708683657177, 55.04411663364499, 54.477053933809145, 30.86728077950962, 51.93456373621622, 16.377568430253895, 53.961912322409646, 32.02804373442167, 22.97710187829329, 40.43457598522451, 35.08722464144559], [66.93325078363917, 12.388192958655145, 76.94910172904139, 82.2513095038478, 25.09328931241573, 82.81097219182416, 75.68954597106418, 16.43851390668125, 49.580660392959416, 0.0, 15.806302346755102, 52.80030242809223, 38.66243605778578, 66.69119999838551, 67.59696355615148, 34.121151578646526, 85.90056397031657, 83.50522525554393, 32.027588600662995, 63.948896334994394, 40.576963900243975, 36.11657457471874, 38.147594675800654, 25.18636960232536, 64.4709726077381, 12.823921772422846, 17.87331394531917, 40.285269866693, 81.55172655673623, 59.425912150695794, 16.52255570774917, 20.557535701018928, 27.327402638950307, 78.18208602636884, 70.37554956706015, 45.310035674606475, 79.27309813331678, 89.02294180840153, 15.212351198196755, 13.499347184518854, 41.370288659524, 64.80705440665837, 64.89686926732007, 51.137842633071116, 37.9041004054532, 17.122221569974307, 11.348002840212382, 29.59436493219179, 48.40332291540866, 55.50028396579799, 82.8317328068695, 40.480238886399704, 22.525790124695458, 92.22445417198627, 25.096505792830893, 39.71778786689773, 29.197330895103672, 30.727455847131985, 11.970914201263843, 53.90260858243413, 76.21257400366171, 92.70667222850238, 36.89417945294171, 37.896109651093994, 18.7046304135248, 55.9406266918775, 4.040269671657724, 53.762048441961056, 20.923158761113122, 14.361574577931218, 17.170919104199747, 22.222629273321207, 22.48363286945509, 83.52473505597864, 4.583040632796722, 60.83546815673176, 50.27343823406847, 50.800076461586805, 29.04536918344353, 66.37040524644107, 43.694238568991054, 72.7023551605182, 59.12207720634574, 63.07750037766602, 35.76397987573223, 75.72839857068291, 29.306469570354523, 79.212355927699, 80.70092847825855, 80.37249425932178, 17.683487059538766, 61.072358620459816, 27.291862199498897, 56.64455876799325, 26.76688369219175, 90.01491590547103, 60.02179328617917], [72.3040187236127, 26.044241670610795, 88.26417201443539, 98.00302948398958, 26.01214580284147, 98.58356102378404, 90.26854338761348, 16.293200139055426, 65.20166368392199, 15.806302346755102, 0.0, 66.88632206939164, 52.32501037656819, 81.09654536920931, 83.22858458626555, 42.33005088774324, 101.37704397805997, 99.28565772239644, 35.06405149842438, 79.60056663075339, 51.981005334333474, 51.72530161110942, 45.818867549696435, 32.7123683028995, 76.53615004401685, 9.795404363801152, 32.63229121291987, 55.97896353771043, 89.67373177937618, 73.44706563861209, 32.233312261617904, 33.05095347262918, 31.108577447609818, 86.68359937854221, 85.15974458247454, 51.55226364790012, 90.22905338450657, 99.53371222403365, 24.503270784795955, 16.124065275526156, 53.14637533638544, 78.1614922042952, 80.11284860546418, 56.55925783252767, 53.64513979931019, 16.568186948350775, 23.544757966066268, 44.71339264920055, 54.36381347847175, 57.73216346728994, 97.9451833817003, 47.1242574404402, 37.29169951043275, 102.21864689196468, 40.37759560882477, 40.21484170933607, 33.83385150153052, 31.349223722581108, 22.810786587393515, 69.56700353229863, 91.67359075512219, 108.51257298628711, 48.57082879774289, 52.886980060213546, 20.591574458322775, 71.3577326856927, 19.173500419333823, 69.50022223242848, 36.47014959795995, 30.124246709231866, 32.80737870147569, 37.697193280204125, 32.3835035711552, 95.26013065723717, 20.320426030182503, 75.55925163828556, 58.52500727798771, 59.78452536651737, 19.49321349695975, 78.88975914438723, 55.57413314469944, 85.15457750393426, 72.6086617113095, 78.64595331462733, 51.56706870997816, 91.00362552170942, 21.94154069585171, 89.51576784637993, 91.38624620905868, 96.0461763101384, 22.089114611431025, 75.93762908805014, 30.59321604813669, 68.83757383865984, 42.26055168161859, 105.61908161836685, 71.93269242343263], [48.32550440167485, 51.241984180647776, 31.050586400318178, 41.349586406442214, 51.91265703614267, 49.58192996807194, 23.73853248845969, 54.94066947184609, 18.545461828504994, 52.80030242809223, 66.88632206939164, 0.0, 51.386243760266574, 14.403922348444981, 43.564620310212504, 67.72545662246053, 39.170037922231224, 49.69142216406846, 47.16060998024616, 24.54286927293019, 61.791940615578206, 22.433588277468672, 71.06565306917608, 64.85435650780879, 18.354691340887733, 58.6503799774756, 34.94240732976246, 21.964978517151103, 47.1541014433868, 6.628045857446705, 41.397147449767616, 34.046587948646604, 71.32818133377279, 43.20817161677845, 19.413964010634665, 78.63807968375149, 34.340325198542146, 44.255283936954385, 58.90748109640528, 52.91299657222195, 60.75649827608822, 13.153285183890992, 49.25871904994933, 41.83196088390208, 24.09737242032689, 68.21233768320367, 54.25919244446705, 41.50715354475847, 39.463223328954086, 53.596997651207616, 33.100620765508275, 36.981903124890806, 45.042339584672, 48.84274937733948, 28.690574364649642, 53.493967247556114, 44.14328091282976, 52.20025988796481, 44.258266171227845, 35.96504182253256, 30.319010939246805, 54.04976378562535, 21.806833596156636, 16.37101351927818, 67.85243431533866, 15.657387555566364, 48.79044369408245, 22.7119346835085, 33.33753449614963, 40.17196201532728, 36.98950444677871, 40.64353259327854, 59.603869060942706, 35.238852714859185, 48.49990816744889, 10.447257699142986, 31.342491532810925, 28.420821102105158, 68.54222388235686, 17.668033509452293, 16.914273681091604, 23.211412886855904, 7.741028015273563, 22.100084735043232, 29.414038435498163, 27.80052222733859, 65.48820029783096, 36.82129401316874, 36.5459090603712, 37.51573962033278, 48.70058344241033, 11.723460629517175, 47.286281684273256, 13.619480498414108, 28.121226240436826, 44.70570040089439, 16.547549679175262], [88.97227988168136, 26.536555303327543, 82.36185189936265, 58.72366958137734, 60.17293355608552, 53.814350478340785, 65.94424373369931, 54.00739124664721, 35.72759955600409, 38.66243605778578, 52.32501037656819, 51.386243760266574, 0.0, 59.74672867519834, 37.055950334179535, 21.635560125673223, 66.80645227376071, 54.73520197560308, 63.669457387302494, 45.42165273799117, 10.818232599993564, 29.616282124005167, 23.27830303756167, 25.614937241602764, 69.32064320056081, 51.47633117712845, 34.87038632465377, 29.429759931960948, 95.77445557599412, 56.493885741480476, 25.053364161817633, 42.30379649545362, 32.68605757367698, 91.83930673111864, 60.05267977538676, 29.403752165568818, 85.58391037828541, 95.59448742288654, 28.727772257572116, 50.75129106526155, 9.489212964287844, 64.09772582229309, 30.622202926315595, 75.5000817335763, 27.348101745579726, 40.64275665036586, 28.783061846965424, 12.52554756509956, 72.35626042791334, 84.08339822186977, 67.89261950566178, 65.0726606380457, 16.712604545701534, 100.08140111737129, 31.596136324856168, 72.48645361308448, 59.809117375209404, 64.8863188886595, 43.51150359855743, 26.142620795037754, 58.50378511636429, 65.54326960517362, 51.421555678159116, 36.88854476567704, 37.27162222339906, 42.97766464424237, 37.68287297317075, 35.79020161876606, 29.659579128941143, 29.552156030034364, 29.8154759373648, 19.408916747758433, 22.235944142751702, 86.51431325998553, 35.690388502615846, 53.01279904840797, 69.30099778223166, 68.0127777724933, 67.6791510644031, 69.04562976352042, 54.88811470690989, 74.49179589808608, 59.09120350105803, 46.17951521777014, 22.091761163004673, 60.2045087672686, 67.61904219899009, 87.6364415712297, 87.7128654573883, 58.87458614260646, 52.39706795173922, 52.103252292861825, 59.86013802350711, 62.79491693386925, 29.69005467206413, 68.74667642132015, 66.40724915108136], [55.86322507838848, 64.03494398031219, 28.38835130094455, 32.0020380234192, 66.13004832174116, 42.92207168451965, 9.34259642901172, 69.34456663356814, 24.037528532367574, 66.69119999838551, 81.09654536920931, 14.403922348444981, 59.74672867519834, 0.0, 41.98689987685129, 78.25850507401141, 26.8265645529407, 42.752522869809575, 60.92541388105983, 20.62534745073107, 70.52584611424975, 33.52092123594909, 81.24368282466567, 76.57745597476502, 20.214315418860064, 73.00076400044436, 48.829187106748826, 31.41190284680514, 48.83738014205695, 8.413931479714137, 54.1552207974091, 48.39710862446611, 83.39632887263963, 45.223841019119966, 6.110828868464878, 88.43868419517494, 31.769156934922368, 40.195786129463315, 71.57083261949398, 67.30515359574198, 69.22951871759602, 10.421397963210417, 49.81321078710151, 52.731165087017665, 34.01626071138388, 81.54619877198613, 67.1858404932451, 51.7551294276382, 50.819531722593325, 64.50212879906111, 19.471052311357173, 49.726950460966385, 56.529257875709035, 45.21431210122712, 41.9925334725874, 66.6866266119923, 58.10978095662338, 66.12396930842853, 58.57326283557665, 38.916994174807634, 19.58514183187345, 44.47606133441506, 35.828802733936094, 29.127761946867786, 80.8606233737327, 17.13897780308431, 62.722087086408294, 25.287963065235875, 46.567145925444926, 53.50846682523248, 50.33519302127825, 52.44377643009939, 71.33508712469363, 29.42590513835671, 62.2907978334991, 6.780091367694989, 41.97849207227414, 38.839773837875455, 82.878157157885, 16.964259701661227, 30.111882547850563, 18.851455190530913, 11.795532436430793, 18.23491495417592, 39.098337472570165, 15.941643043163012, 79.75686703612354, 35.66294335000552, 34.15272202970239, 27.59665813554105, 63.09596785538078, 7.6864489668066485, 61.373341709421005, 21.13508574283421, 40.983833845453916, 32.7095501138652, 21.796225410932404], [91.62672596283257, 58.02282996372914, 70.25291970263417, 24.02367238393448, 81.20533948261017, 16.75848474620832, 43.076467695895786, 78.94444591322727, 26.66382654627677, 67.59696355615148, 83.22858458626555, 43.564620310212504, 37.055950334179535, 41.98689987685129, 0.0, 58.561309418468205, 34.60374805509312, 17.683902557229178, 80.62969945494625, 21.36304288471031, 45.989141834909354, 35.990875589729065, 59.66269551293723, 62.248476675995, 60.080890301331436, 79.07748481262627, 54.67391593091327, 31.60946108808828, 89.63171766015738, 44.41865206958044, 51.07582899389625, 59.745600930335975, 69.50254728315464, 85.79940308354396, 38.53181745720264, 64.41653219188657, 73.66392080838305, 82.14910784531587, 63.0109811773902, 75.84330738064033, 44.14136302088236, 51.13206560486571, 9.660698047006965, 82.99420575691654, 32.74204461468044, 75.26319095792826, 61.12935101851389, 39.04457246973913, 80.17448137371518, 94.18965072662249, 39.31316916246418, 75.33910521189925, 46.64657675966077, 87.1811441766942, 47.04451505102411, 88.90416510400526, 76.75647473007872, 84.09268430065985, 66.53455047554598, 13.716086679841442, 29.469528293471882, 28.591691164232664, 58.34564938795464, 40.41918815779232, 72.54763393669965, 27.992458342202948, 64.90190270417119, 21.36444233270424, 49.068447447371994, 53.90621868610502, 51.94818253282777, 45.549423793621024, 58.15531204151563, 71.24324142765182, 63.33236931679154, 37.42504462737082, 73.37908509263147, 70.81009490976689, 93.9641976517712, 57.76773508903485, 57.24123861926825, 60.7675735886266, 48.813453663345264, 23.77568534050004, 32.57822102087182, 32.9982495118992, 92.48724771612177, 77.3359814770871, 76.04755673518416, 25.909687604522396, 74.74314256266352, 35.7210271321253, 78.53336739424061, 57.0839404569945, 44.45363936011255, 34.557983406674936, 59.611320554556485], [97.08825384077916, 23.367424372405644, 97.62742070398733, 80.30243136885801, 59.143380205537454, 75.30537170840202, 85.3983171681291, 50.42782428374929, 54.86934230116609, 34.121151578646526, 42.33005088774324, 67.72545662246053, 21.635560125673223, 78.25850507401141, 58.561309418468205, 0.0, 88.05084874381423, 76.2416174706162, 65.34518356835719, 66.18434561621451, 13.542981980971096, 45.34651305947888, 4.123865470330588, 9.624416992946024, 84.35989876691524, 45.573070016191956, 40.71666181305304, 46.85696879054519, 107.82930506442962, 73.63925845911963, 29.752593011692664, 47.66899649514463, 13.676857478144084, 104.05598268281888, 79.47930884020138, 11.959584588857862, 100.60477856558971, 110.74756112661197, 19.066301982488536, 47.6046301243246, 15.381684616410421, 80.86496771925988, 51.47253916208935, 82.00643511650192, 44.29514114435422, 26.64747923490166, 22.973932785606305, 26.51057246710257, 78.98578001613426, 88.26088298935873, 88.51085101004038, 71.0675087181631, 23.12842980643936, 114.83912573549935, 41.781891927829214, 73.50912920976123, 62.040555754372, 64.69346651246686, 43.95546936888398, 47.678739366638084, 79.43343410297108, 87.1150457315045, 61.393449289912546, 51.63594540242119, 22.479071115484288, 62.36325875659962, 35.50703592243145, 56.02963577915553, 37.87427134811463, 33.58512100839221, 35.75938027808428, 27.74060219295021, 11.78732018349764, 102.74365875571709, 33.69309605825168, 71.48923644634056, 78.33399189700329, 77.8504344995515, 60.95802946398362, 84.85667598286632, 66.60988868079974, 90.79996716199066, 75.40098067307878, 66.64726807288491, 39.16023082858049, 80.78435008141584, 62.256832168424566, 101.90670023282034, 102.52522370485639, 80.30223512023063, 51.513080608524994, 70.86393274698352, 60.77811247492649, 77.05076782036511, 41.06216064866858, 90.23055784821575, 80.7467578409606], [82.17346115497477, 80.05768812773626, 50.380800112390766, 11.657295685823842, 90.35488256992876, 24.887306696193445, 19.930808471647357, 91.95202069987224, 36.447099308496306, 85.90056397031657, 101.37704397805997, 39.170037922231224, 66.80645227376071, 26.8265645529407, 34.60374805509312, 88.05084874381423, 0.0, 24.17250900132606, 86.23120032568592, 22.494301267331007, 77.15019311967123, 49.817668146984914, 90.06297237402693, 89.19968690957643, 46.10486738444817, 94.49672949979588, 68.89120526846717, 45.86746039028358, 72.17419938564008, 34.70919809201937, 70.79572392293836, 70.57447710760677, 96.51180294774, 69.01541426415226, 20.727775704065493, 96.00006362170477, 53.26798163279106, 58.84248382403641, 86.81956003928804, 89.4696933185364, 75.45596237962616, 36.62971363869623, 44.264443603761116, 79.53629315329485, 48.437663020325004, 98.28066468789038, 83.37471226486778, 63.44781246763412, 77.56295189970199, 91.31927906629362, 9.08251328707828, 75.98820368252282, 70.13675735580894, 63.726997591917595, 61.006378983226185, 92.65602429128413, 83.06956099818731, 91.13399548126783, 80.12788625496688, 40.834794399769, 9.706468372556495, 20.310849066138136, 60.838710270578794, 48.87035298587931, 96.62974612054938, 30.027637266538036, 82.24579035614906, 33.10516980353866, 64.98168006603998, 71.65254076440802, 68.73365052631085, 67.12342966926757, 84.29831299740428, 47.920936855089, 81.31909117393452, 28.724412364878894, 68.78337874445934, 65.651387603734, 106.35361408310489, 42.3965240908706, 55.99758565023329, 41.658416933691115, 38.58084591965427, 22.91864075738986, 51.959855869372255, 11.369770678949445, 103.6571260035413, 57.85720113806343, 55.45179389131971, 8.694745968624323, 86.1540273245388, 27.575108702870583, 86.03798182389716, 47.9578787702864, 59.14942961577681, 5.959310971873734, 48.394559676832074], [97.49362282884432, 74.7311531303374, 70.37545006613367, 12.7425039499939, 94.47317510027878, 1.0137800278480238, 39.92863879804369, 93.46129555899846, 37.21512588345513, 83.50522525554393, 99.28565772239644, 49.69142216406846, 54.73520197560308, 42.752522869809575, 17.683902557229178, 76.2416174706162, 24.17250900132606, 0.0, 92.6027365246157, 25.23557331924474, 63.5810201194243, 49.35910633270922, 77.29106133634883, 79.82593529716969, 62.83256717006859, 94.33349767062973, 69.05767423942366, 44.79420239631849, 91.48773681116481, 48.122231500608336, 67.06866852689923, 73.10975537033036, 87.1077162645264, 87.93742743458836, 37.46616825669419, 81.84242000848737, 73.595708065801, 80.59998177273472, 80.14218827847974, 90.50621789210983, 61.721318935389405, 53.09578534657301, 25.78187180610739, 91.36752860828632, 46.59777188064148, 92.34293454536807, 77.92456312631776, 55.96678409482262, 88.84422284895481, 103.03505495572652, 31.939640817530854, 85.24823889475674, 63.50964250099945, 85.62186755923167, 61.068880244794784, 100.33089315009023, 88.91438542115588, 96.66168732387361, 81.01360546254413, 30.212485222896746, 24.35799435859119, 11.07725843120601, 68.4434869073569, 51.945996488532955, 89.79614807174453, 34.88156234026811, 80.49864382012359, 31.79822959162094, 63.8375222936953, 69.39351913892358, 67.08822955881446, 61.918494551437334, 75.6217516388536, 69.46404805279167, 79.0843967291355, 40.731013385158896, 81.0081471003229, 78.11097686831849, 108.48594645835539, 59.713305797357265, 65.71248578388084, 60.953786602094965, 52.6638511006107, 27.60627168387701, 47.786825065161395, 28.60779323457972, 106.60244681451283, 77.85806326263291, 75.92810143552795, 16.989209143962434, 88.66667196536206, 39.015513098929866, 91.16614175976696, 62.00180228653112, 58.62619070986683, 21.42103592072742, 63.67393045957109], [37.270831818423616, 42.05956901590616, 58.50203395547173, 86.90813495230168, 9.188584276826987, 92.20540147277102, 70.09174962069612, 18.854741475850965, 55.41756457594259, 32.027588600662995, 35.06405149842438, 47.16060998024616, 63.669457387302494, 60.92541388105983, 80.62969945494625, 65.34518356835719, 86.23120032568592, 92.6027365246157, 0.0, 68.28307728890009, 69.04351163233724, 44.698047026064856, 69.45683781632825, 56.959402678891735, 49.19446294721322, 25.549132094539587, 29.01042037415804, 49.020810464715446, 55.69669449148675, 52.51154189713693, 38.83821964446497, 21.98096076443909, 59.30897783184048, 53.086411457985655, 66.45570412483904, 76.9447171045636, 59.71900558581293, 67.97726208641798, 47.02387169238991, 20.04135169559122, 69.32278470445289, 54.285314957779185, 81.64904083226095, 21.680547306557738, 48.06797025233648, 47.38647881941738, 42.47126848848993, 51.573050224189224, 19.82747190825456, 23.556912309906696, 80.17982054387416, 13.914176706038933, 47.43659366720199, 69.88351359421078, 34.71611195895404, 8.844456480090438, 3.9797334701426963, 5.593975753650745, 21.432817493137648, 67.90074200521158, 77.06495207181305, 99.22210147634348, 25.393118075034508, 40.71395814226558, 50.02246416671155, 58.49711709235201, 29.906768802379904, 60.904580821790134, 34.70446184646429, 34.276783903101425, 33.8805880800114, 44.260587211026944, 53.56129174421286, 65.99875146330136, 31.661494703984584, 57.55467886636856, 25.99091375399348, 28.17801674449667, 25.173187260931876, 52.491149536670555, 30.862108387726146, 58.09151732774251, 49.79933503782205, 66.38036129583561, 49.644284328645654, 74.88369089821444, 21.135069188636503, 57.98239042468227, 60.374230754982584, 83.61187783850836, 14.497145853438077, 58.656091623710616, 4.7825074995327, 42.63937976162308, 37.315161593571226, 91.61111654835321, 44.665589033078994], [72.69306855010741, 57.61520505266255, 48.93928204741182, 18.90930593991887, 71.04214929266715, 25.077253783937458, 22.628214414722578, 71.35734630025836, 14.410778230857762, 63.948896334994394, 79.60056663075339, 24.54286927293019, 45.42165273799117, 20.62534745073107, 21.36304288471031, 66.18434561621451, 22.494301267331007, 25.23557331924474, 68.28307728890009, 0.0, 56.076777830753095, 27.8785351424039, 68.4591112336783, 66.84613858697548, 39.297384758353324, 73.26720488727304, 47.512738540577146, 23.676527757860615, 68.7372323363664, 23.823399360128814, 48.477554261093985, 50.214930983322496, 74.13109127304475, 64.97497831068551, 17.494117203799973, 74.8228952661171, 52.341154270909456, 60.791661883123865, 64.32796016422698, 68.65492675718123, 54.497317147242526, 30.01537139253168, 29.49478011462765, 66.13235234311736, 26.152221972732598, 75.8398535911998