instance_id,num_cities,city_coordinates,distance_matrix,best_route,total_distance
118,56,"[[25.5393615678012, 61.49882301092533], [53.852835483615415, 20.309146479148865], [65.62594750928604, 66.86700870411617], [95.44681912674065, 89.85214464797193], [78.71410351601827, 86.69317447066435], [48.36625701898161, 19.091232327165265], [91.43044944389203, 89.54800043143943], [11.565423761554927, 48.411937779551984], [78.94744133469635, 87.22232134497547], [79.97694213357217, 37.145429380932505], [53.10712001975646, 59.73881315040014], [53.83890602498453, 9.287524507079825], [10.236518442193788, 99.6053088235529], [18.687868395170206, 18.622598184955752], [70.69191154770554, 34.48012215275639], [81.96814086565698, 75.22624934458808], [39.692513524954855, 67.07091594947907], [22.175071997549832, 31.077669679107], [5.328553037010386, 97.70276375136292], [71.71907076572819, 24.793796949336855], [9.788539445910981, 13.473158597367341], [11.035185253365764, 48.31392897365164], [54.54577075808974, 16.28297902062362], [60.3388484884463, 8.676101739047471], [76.37149224591954, 0.12506355879611242], [23.942238703833073, 24.151841693473962], [23.35899754361811, 60.889926690031885], [53.50034600472399, 0.7010299491689298], [53.095479202436735, 20.15872555729605], [25.747978636612768, 54.20038768213195], [68.08601985620159, 85.84377654432758], [59.75200680004848, 52.27423871760184], [51.49380093450494, 57.94909600825756], [33.484463824781955, 94.38728457894716], [68.41929447885579, 78.9610283361277], [92.35010004126384, 60.43878267136478], [73.67158416207911, 52.80414840666968], [57.312284247115116, 47.708250131037246], [88.33787375433064, 7.694382585561332], [74.71069811895414, 33.84788694046759], [56.82743043847803, 71.97614402646876], [15.98899327559542, 98.8689403916975], [66.91259456494538, 13.824867882743586], [71.8990333915737, 49.292880798292174], [2.257867949499115, 18.166342600678874], [25.423400102673522, 49.30413984882459], [76.81560589067396, 38.50481746985638], [21.594087210043046, 99.71461368603573], [71.71073491144973, 50.128488220819825], [11.86336641890372, 85.03845358207353], [62.08214418043071, 10.917907709500996], [12.99316275943384, 96.39363761569415], [53.57438482348268, 52.80588560732513], [22.325286002631316, 12.944876492029822], [39.19223490147525, 24.037229176420126], [4.869590492041387, 57.74254772547136]]","[[0.0, 49.98241948899501, 40.444428418270775, 75.43847473410857, 58.84138447331376, 48.16088561831535, 71.61279086491605, 19.145169178463185, 59.28002488974609, 59.63671653563918, 27.623883520868247, 59.38757368289898, 41.064355208805324, 43.420198226421064, 52.61903615376263, 58.074515639755916, 15.210520373680934, 30.60661716607217, 41.46326213174024, 58.99003712311928, 50.54258442026008, 19.601340804505316, 53.72005511789576, 63.2553884859357, 79.69092707808788, 37.381115753394404, 2.263789302817172, 66.91926697044725, 49.68242422194631, 7.301416255082222, 49.019331840136545, 35.43441899018866, 26.19605857058213, 33.83453197821908, 46.29921447795922, 66.81914741218206, 48.91122793734589, 34.63666433046296, 82.69565249956149, 56.41271668515256, 32.99571956055762, 38.57117067927107, 63.123295273614055, 47.93958903563969, 49.19076949594744, 12.195234498992539, 56.195885282479985, 38.41889960269346, 47.55081733974362, 27.224016065577143, 62.40035219294648, 37.08173662114904, 29.351826001963026, 48.66020966147173, 39.871944558634034, 21.008308840657055], [49.98241948899501, 0.0, 48.023334970907925, 81.03263583034614, 70.88668295637261, 5.62012972538761, 78.77877866262081, 50.773930998348675, 71.46406239114731, 31.079404276903485, 39.43671773054931, 11.021630774300725, 90.50007997127896, 35.205388159770095, 22.008430980744386, 61.695693397989196, 48.8587535859157, 33.4580601856585, 91.34756691579612, 18.42049003136368, 44.59139957007762, 51.16267207451549, 4.085362125772748, 13.319012524359158, 30.24048785509488, 30.156427278988517, 50.76094832481771, 19.61128457511138, 0.7721495906700009, 44.0283909389077, 67.06244310464581, 32.50488184924586, 37.71380177809905, 76.82734609737055, 60.433641070392426, 55.60959520929081, 38.06189629340199, 27.616637497606455, 36.71988742662011, 24.866602642773863, 51.75255405002012, 87.20843861883982, 14.580918221366584, 34.142672918444504, 51.63944503292131, 40.60717223085953, 29.29797377924553, 85.7079638220492, 34.75770006604588, 77.15567840646023, 12.486668380958031, 86.36181243254605, 32.497932068592775, 32.37620806578626, 15.127187776541344, 61.64915099798813], [40.444428418270775, 48.023334970907925, 0.0, 37.6510406015855, 23.756613324697774, 50.79785157111987, 34.35549018465594, 57.123811766282664, 24.32695933419488, 33.00489848750619, 14.405978396645555, 58.77355993428851, 64.34116215214607, 67.31052233688484, 32.78070182484215, 18.356039545128784, 25.93423560439704, 56.2925871725882, 67.72458615214286, 42.51213119076362, 77.25748745887238, 57.657333368509015, 51.78334071743737, 58.43060045450026, 67.6014346997747, 59.68347403197014, 42.68747554966639, 67.26787462412922, 48.359863011721565, 41.841315580708866, 19.13556044680533, 15.73061077437719, 16.710677235290415, 42.313597786858615, 12.412417095468742, 27.486404247928803, 16.201737835623195, 20.88480373138076, 63.381632004285166, 34.2460960648439, 10.174338621621098, 59.05887619430393, 53.05774367196702, 18.660160185186477, 79.92038779944684, 43.871393645621716, 30.489708858906614, 54.93423226422918, 17.81018544819962, 56.750476072475166, 56.061220501691324, 60.34924892164198, 18.519053591178956, 69.15593704962438, 50.330221305130245, 61.437697760883786], [75.43847473410857, 81.03263583034614, 37.6510406015855, 0.0, 17.02829598904221, 84.99227047711717, 4.027869056182895, 93.55949568968421, 16.707646097807668, 54.9300912835991, 51.956355283570524, 90.67456341846663, 85.76665759015403, 104.71668829149745, 60.653658788709734, 19.88948418364225, 60.228954616117626, 93.93182546522671, 90.45957165124074, 69.25023211195776, 114.76537103149924, 94.07841035316784, 84.17433034339464, 88.4427472701458, 91.73231260790119, 97.10527704388095, 77.68824936657624, 98.52628004454037, 81.55249020068315, 78.28777772053316, 27.652854311572327, 51.828743387714105, 54.310885839903065, 62.12810128081893, 29.13938062331015, 29.57592825020502, 42.97342066047062, 56.836173301339464, 82.46474987175783, 59.71987605327161, 42.5559464807809, 79.96779785935706, 81.2055957658066, 46.89938269377616, 117.57140314157176, 80.91612883110363, 54.62298156439495, 74.508350586269, 46.27494542209429, 83.72195165093275, 85.69606347628572, 82.71273528656076, 55.90819316868825, 106.12015125144802, 86.58049055581162, 96.10026306763183], [58.84138447331376, 70.88668295637261, 23.756613324697774, 17.02829598904221, 0.0, 74.10137899243642, 13.032861735768817, 77.2942318376245, 0.5783104289381933, 49.563835655153156, 37.1786927952178, 81.30442851716568, 69.6843086432657, 90.75655490735537, 52.82573611724739, 11.91969508502138, 43.67742568997043, 79.30792178758756, 74.20680612475306, 62.293365784050025, 100.5579639156856, 77.80361471116088, 74.44262174057882, 80.15181616743757, 86.59980169961311, 83.13468277771655, 61.073687896215716, 89.61240141433608, 71.2961906691097, 62.13848709154258, 10.661971633676744, 39.296618814336135, 39.58745911626735, 45.87940318876695, 12.87513793935709, 29.58434535337292, 34.2621232412844, 44.47316262405052, 79.5828252382739, 52.99671375587746, 26.37456053659481, 63.89592107824248, 73.81778727727801, 38.016143249687744, 102.67172270464893, 65.09868647094352, 48.2257404678327, 58.58544308985371, 37.22933591082475, 66.87121317612434, 77.57907658683561, 66.43298156155993, 42.194238972248534, 92.83593159603411, 74.07931951294184, 79.31677560697848], [48.16088561831535, 5.62012972538761, 50.79785157111987, 84.99227047711717, 74.10137899243642, 0.0, 82.5753040618633, 47.053215582641556, 74.67967678628835, 36.40315157606625, 40.92311826796105, 11.227759089173102, 89.08643823837802, 29.68208835754692, 27.11554499175913, 65.42344177427394, 48.757398071446545, 28.80369513133508, 89.62151994302148, 24.03899234910397, 38.98465141028002, 47.40859540697369, 6.787685664902893, 15.868770956260152, 33.82319851620167, 24.94278328128363, 48.70825265710622, 19.09341282267744, 4.848204230110274, 41.764091115712304, 69.60439070791736, 35.08200694351478, 38.98352345288813, 76.75261072678894, 63.13886905482146, 60.367196112415876, 42.15353238345388, 29.982746891397927, 41.564628333119174, 30.195834683714555, 53.55749565726464, 86.09744427994669, 19.279554736307954, 38.2874801230892, 46.11766433362527, 37.93671657371687, 34.44201996567246, 84.95221420314189, 38.836527927714236, 75.3757057240931, 15.96648978114229, 85.01127960974844, 34.114548817614626, 26.756491951048055, 10.422358976994353, 58.18835090441364], [71.61279086491605, 78.77877866262081, 34.35549018465594, 4.027869056182895, 13.032861735768817, 82.5753040618633, 0.0, 89.8365069319838, 12.697805899739567, 53.63965214662542, 48.55167581563885, 88.6276939349113, 81.81444789034887, 101.59673115536434, 58.84350577750628, 17.16530913859312, 56.40951462263465, 90.63711647841889, 86.48720558363155, 67.68785207107342, 111.59203837280472, 90.35290340243895, 82.0258671644633, 86.64266644145472, 90.682048007415, 93.97508268991194, 73.85802430595649, 96.6047457984515, 79.27446884699191, 74.58981631847674, 23.636490166276527, 48.91683800736952, 50.92569739245318, 58.14770778311413, 25.329769658878096, 29.123741446192867, 40.8103903156507, 53.98716422997752, 81.9120185250902, 58.15541872667504, 38.80900748287633, 76.01508554580305, 79.59345457292608, 44.743165619877146, 114.22386075177955, 77.30781899217565, 53.094257494899416, 70.5724982916568, 44.076808915394544, 79.69477218671253, 83.92862743604204, 78.73544748636621, 52.75475931414159, 103.16764130055464, 83.78837752938666, 92.21913643227069], [19.145169178463185, 50.773930998348675, 57.123811766282664, 93.55949568968421, 77.2942318376245, 47.053215582641556, 89.8365069319838, 0.0, 77.75977214937318, 69.33303727272458, 43.05822376359018, 57.600060907881804, 51.210616362201485, 30.628972738913298, 60.74567511012487, 75.33624546224117, 33.7533797552804, 20.323422110207087, 49.683841250632305, 64.62412726047879, 34.98393357832479, 0.5392203646012264, 53.66172023775849, 62.91091817345854, 80.81737891327121, 27.23486387373981, 17.16940854552152, 63.520614209404044, 50.22936895680204, 15.318322853978007, 67.79174238951485, 48.34112279893481, 41.05158572752973, 50.93306225447286, 64.5415335220153, 81.6750201693828, 62.261277483590106, 45.752272299766496, 86.90183184990362, 64.80306513209582, 51.028629850987215, 50.6505387912864, 65.26541748879254, 60.34004069927166, 31.64532545130175, 13.886667447714627, 65.99800982388778, 52.273689804037645, 60.1698013852055, 36.627727607093355, 62.91058204128102, 48.002936970686584, 42.23812953973879, 37.063284687407226, 36.84246345249481, 11.484531559276329], [59.28002488974609, 71.46406239114731, 24.32695933419488, 16.707646097807668, 0.5783104289381933, 74.67967678628835, 12.697805899739567, 77.75977214937318, 0.0, 50.08747329096684, 37.723539446088914, 81.87961347956593, 69.81782941078905, 91.30793037017878, 53.38439236046063, 12.370544413841452, 44.12514585541511, 79.84562499495561, 74.36114837212217, 62.845604454879506, 101.10337638494488, 78.2683685979024, 75.01887640014883, 80.7204332378127, 87.13534201218327, 83.68666393119511, 61.50991864226099, 90.18585546265427, 71.87384660682241, 62.614941780680624, 10.948555260896327, 39.87271230181973, 40.13258143749646, 46.02411348642305, 13.382482519928153, 29.949778033994328, 34.82018519934926, 45.0493268107804, 80.08041748360735, 53.542321961951295, 26.865234130306135, 64.02663443622488, 74.37757532692149, 38.57878321975769, 103.19892861040901, 65.59429455205932, 48.764125196527765, 58.69808001359499, 37.7931524974957, 67.11961252654488, 78.14602861537664, 66.58888724495162, 42.7584266034785, 93.39811180281367, 74.65140528413954, 79.72819475018764], [59.63671653563918, 31.079404276903485, 33.00489848750619, 54.9300912835991, 49.563835655153156, 36.40315157606625, 53.63965214662542, 69.33303727272458, 50.08747329096684, 0.0, 35.10624347010861, 38.20025910349897, 93.62138236877111, 64.02691492822314, 9.66000287790053, 38.13284308171901, 50.18336312650883, 58.119479514364954, 96.12269628325974, 14.857835079617178, 74.07285788934917, 69.84054141315096, 32.893560351009576, 34.5855076353627, 37.195520624090996, 57.52148563320048, 61.39538095046675, 45.046691249325605, 31.798760292029524, 56.847621626680265, 50.12906391558711, 25.257254031080027, 35.27154487269985, 73.74402027150273, 43.38344771099102, 26.375658174187144, 16.880551551286896, 25.00519744591078, 30.614854807921947, 6.213462172425892, 41.821986734731695, 88.90584576138441, 26.730614770047772, 14.588117958844752, 80.00287636730225, 55.89206731155194, 3.4412182169937746, 85.57721994565975, 15.391231226872181, 83.26584512132781, 31.750695847637186, 89.42693597721502, 30.69763707081246, 62.52503670345845, 42.83943576436829, 77.8803926203733], [27.623883520868247, 39.43671773054931, 14.405978396645555, 51.956355283570524, 37.1786927952178, 40.92311826796105, 48.55167581563885, 43.05822376359018, 37.723539446088914, 35.10624347010861, 0.0, 50.45659557014394, 58.54251409770191, 53.6211526869874, 30.777042807844285, 32.753918912651464, 15.287622407249417, 42.16933411769916, 61.02501952606894, 39.59240922024136, 63.379888088835465, 43.5955923625262, 43.47964162526592, 51.572263798712044, 63.99242264087161, 46.01111647904206, 29.770385507017725, 59.03909274362905, 39.58008930493235, 27.91409632946063, 30.09711870110738, 9.993717615866766, 2.409540603458633, 39.81915630046687, 24.575521221579592, 39.24922213622465, 21.702229391673395, 12.744326296117775, 62.84766313495308, 33.720240905075194, 12.79034700788179, 53.93442491503664, 47.944566923262755, 21.500081648186814, 65.68041369930621, 29.584975162370984, 31.82726621707944, 50.90320093403751, 20.939265323562445, 48.38511152265556, 49.63901556995165, 54.33880495248774, 6.9486560365533565, 56.01065803439035, 38.31745197825803, 48.27881865356638], [59.38757368289898, 11.021630774300725, 58.77355993428851, 90.67456341846663, 81.30442851716568, 11.227759089173102, 88.6276939349113, 57.600060907881804, 81.87961347956593, 38.20025910349897, 50.45659557014394, 0.0, 100.29192573062328, 36.36947960892477, 30.309912096306274, 71.68799959489964, 59.48983734513345, 38.43707600657145, 100.84894088507657, 23.66737789045573, 44.248777706152936, 57.92425016763847, 7.031076845118973, 6.528636138550059, 24.324229328648713, 33.38800147252509, 59.931900788174644, 8.59316656887042, 10.89659101346407, 52.97419636124486, 77.87066185997303, 43.39150100415008, 48.71804654180652, 87.50012846602439, 71.1827567833821, 64.02783204473532, 47.82292000398914, 38.57740937058099, 34.53573331453328, 32.231089154312755, 62.75981433542294, 97.24940085691635, 13.838671068732843, 43.893014620600695, 52.33963029754699, 49.079226565116684, 37.169597049076074, 96.00409781768302, 44.58011423060869, 86.60340167075648, 8.402923578977784, 96.20732655991429, 43.51916502321004, 31.72513940796918, 20.786504343756302, 68.89037043636658], [41.064355208805324, 90.50007997127896, 64.34116215214607, 85.76665759015403, 69.6843086432657, 89.08643823837802, 81.81444789034887, 51.210616362201485, 69.81782941078905, 93.62138236877111, 58.54251409770191, 100.29192573062328, 0.0, 81.42250756641208, 88.86025261301057, 75.76123148801894, 43.88783847491501, 69.55980439668802, 5.263820111876112, 96.83422199368421, 86.1333152024657, 51.29759756150501, 94.37118460940208, 103.81890086627044, 119.45774967726312, 76.68815077859298, 40.878848705802326, 107.95283764228833, 90.26987376821975, 47.98137410726896, 59.46380903138859, 68.49827577896613, 58.62937339562431, 23.826345534493868, 61.736713098251805, 90.9761345291015, 78.83118785894963, 70.06734208641153, 120.61276907325434, 92.09211897714833, 54.167184051138726, 5.799414209758801, 102.81275043821952, 79.58395669781405, 81.82887071892777, 52.543781504509035, 90.36617137588333, 11.358094728843712, 78.91156485245982, 14.657418120717589, 102.72985945942918, 4.232483885280699, 63.78367091861403, 87.49953618743804, 80.92569540773627, 42.205386888135216], [43.420198226421064, 35.205388159770095, 67.31052233688484, 104.71668829149745, 90.75655490735537, 29.68208835754692, 101.59673115536434, 30.628972738913298, 91.30793037017878, 64.02691492822314, 53.6211526869874, 36.36947960892477, 81.42250756641208, 0.0, 54.3680197413896, 84.9020977864528, 52.8056304880494, 12.934040161096934, 80.20064770841402, 53.38906366529173, 10.281769488436609, 30.661681024898463, 35.93414782213125, 42.82215471317327, 60.57688707585355, 7.6276432216674035, 42.52465762916265, 39.154708597378765, 34.441883931753466, 36.27153514984861, 83.4198069273088, 53.09139641668344, 51.21330531045172, 77.1960293064836, 78.19169325078552, 84.70370509065204, 64.74246964007304, 48.35101497417161, 70.50212154763803, 58.05486084686453, 65.5837407191581, 80.29171417071979, 48.46279428801608, 61.41737796305214, 16.436334256851072, 31.412169397456488, 61.43400125369556, 81.14407609818056, 61.676944481346965, 66.76555755293985, 44.072955724001645, 77.97925523121617, 48.842258009875344, 6.742946720343398, 21.20724580417294, 41.48873649872439], [52.61903615376263, 22.008430980744386, 32.78070182484215, 60.653658788709734, 52.82573611724739, 27.11554499175913, 58.84350577750628, 60.74567511012487, 53.38439236046063, 9.66000287790053, 30.777042807844285, 30.309912096306274, 88.86025261301057, 54.3680197413896, 0.0, 42.27765637738158, 44.97913425215538, 48.63599904156381, 90.93663203848887, 9.740634065889619, 64.42447711225208, 61.2396865056935, 24.32763614840994, 27.80347791590298, 34.8213682657929, 47.87698077630525, 54.20223725839584, 37.902203048333405, 22.687812405035555, 49.07999570156752, 51.42971576787704, 20.88808512552352, 30.32095290301549, 70.5213604237191, 44.53892458552976, 33.80723568620864, 18.564708105514384, 18.81482916511552, 32.07578255256199, 4.068214211285576, 39.977187154451514, 84.4886334467102, 20.99816101031377, 14.861862663772628, 70.35167181009277, 47.63391259493952, 7.327878601723013, 81.64640371931551, 15.68149742998513, 77.56895383391573, 25.085973044483318, 84.63113498418603, 25.07674873956533, 52.944284604528086, 33.18559390055087, 69.81202183493208], [58.074515639755916, 61.695693397989196, 18.356039545128784, 19.88948418364225, 11.91969508502138, 65.42344177427394, 17.16530913859312, 75.33624546224117, 12.370544413841452, 38.13284308171901, 32.753918912651464, 71.68799959489964, 75.76123148801894, 84.9020977864528, 42.27765637738158, 0.0, 43.055059282682464, 74.32568984641537, 79.86751606518631, 51.46334319214538, 94.99125790275585, 75.86670666137549, 65.00996461159126, 69.97677068183489, 75.30943222601569, 77.30200798559986, 60.33706844220089, 79.77733807403906, 62.1776709726471, 60.02327464999549, 17.476989659502884, 31.942939824668297, 35.03120639724651, 52.13264054943143, 14.054174203018164, 18.068044911823126, 23.907811769500864, 36.94795726844826, 67.8316041755758, 42.00999107912786, 25.349921210176014, 70.0872652959166, 63.22024295932286, 27.81953503354522, 98.02836612936066, 62.203403995789124, 37.081156610858095, 65.1514109051403, 27.11294875765341, 70.78812578553182, 67.31281949242586, 72.14988517644169, 36.17842025702179, 86.233633465205, 66.7090242533469, 79.05609585616561], [15.210520373680934, 48.8587535859157, 25.93423560439704, 60.228954616117626, 43.67742568997043, 48.757398071446545, 56.40951462263465, 33.7533797552804, 44.12514585541511, 50.18336312650883, 15.287622407249417, 59.48983734513345, 43.88783847491501, 52.8056304880494, 44.97913425215538, 43.055059282682464, 0.0, 40.02967067995572, 46.03468127591181, 53.03824242609023, 61.37562430554963, 34.25006604485573, 52.91534548619212, 61.93727047663236, 76.3354087716054, 45.71780935186356, 17.46391630013109, 67.7909876420423, 48.789272348992725, 18.976315531018425, 34.03838269800967, 24.92639018305459, 14.91569587926999, 28.012923377984045, 31.090235067309166, 53.07359616175672, 36.85265115949244, 26.17955591483842, 76.75899807945758, 48.27051800833535, 17.823205102355484, 39.66070133822287, 59.80028801392814, 36.78747688760064, 61.58741741450251, 22.78740728711181, 46.841711851097145, 37.325112685589666, 36.224471812511496, 33.125425842227784, 60.45209587175344, 39.656996068974344, 19.904709026043644, 56.844073914186566, 43.03659461415202, 36.05072013537167], [30.60661716607217, 33.4580601856585, 56.2925871725882, 93.93182546522671, 79.30792178758756, 28.80369513133508, 90.63711647841889, 20.323422110207087, 79.84562499495561, 58.119479514364954, 42.16933411769916, 38.43707600657145, 69.55980439668802, 12.934040161096934, 48.63599904156381, 74.32568984641537, 40.02967067995572, 0.0, 68.72196418340185, 49.940913792452854, 21.52545003199476, 20.522809533346656, 35.591361450861015, 44.2527296584087, 62.41246504807357, 7.147724914570632, 29.835756195948395, 43.63499779886545, 32.79168983829976, 23.397131227970533, 71.46426795575954, 43.14302455965404, 39.77010710875211, 64.31181603926238, 66.56834194403073, 76.06976743148473, 55.892133999434535, 38.87415453536096, 70.17331723387642, 52.60861256147246, 53.60476797319782, 68.07293114580823, 47.94898429886525, 52.95532317747539, 23.735993428079627, 18.513666582450426, 55.14300017618991, 68.63940286696544, 53.07273864639724, 54.937213902448065, 44.71007059803012, 65.9581922489563, 38.184188001895016, 18.133415370873607, 18.41607004142331, 31.78829047566067], [41.46326213174024, 91.34756691579612, 67.72458615214286, 90.45957165124074, 74.20680612475306, 89.62151994302148, 86.48720558363155, 49.683841250632305, 74.36114837212217, 96.12269628325974, 61.02501952606894, 100.84894088507657, 5.263820111876112, 80.20064770841402, 90.93663203848887, 79.86751606518631, 46.03468127591181, 68.72196418340185, 0.0, 98.60739467416292, 84.34760140730485, 49.71742805046142, 95.13945483238831, 104.65122624560748, 120.70006953730895, 75.86967397892873, 40.99124176711372, 108.30446896760986, 91.07555706519831, 48.056317643848836, 63.86810799717267, 70.89191213559275, 60.922772527736626, 28.3504446954836, 65.81560834677798, 94.66442800199003, 81.77197296893867, 72.12322581982413, 122.44205162459163, 94.29383515748266, 57.567293979139826, 10.724036275437758, 104.05813560823282, 82.31127275268747, 79.59567448276097, 52.40448143290558, 92.815923039372, 16.389482667056217, 81.66949101511027, 14.25091358475445, 103.69465437466492, 7.775606306659256, 65.90440009475209, 86.44529127818615, 81.07625998792605, 39.96285164316487], [58.99003712311928, 18.42049003136368, 42.51213119076362, 69.25023211195776, 62.293365784050025, 24.03899234910397, 67.68785207107342, 64.62412726047879, 62.845604454879506, 14.857835079617178, 39.59240922024136, 23.66737789045573, 96.83422199368421, 53.38906366529173, 9.740634065889619, 51.46334319214538, 53.03824242609023, 49.940913792452854, 98.60739467416292, 0.0, 62.956711812569615, 65.08249051256956, 19.16653998425541, 19.730422143789227, 25.10361393749764, 47.781144695591586, 60.34589683072858, 30.20568412801816, 19.191718253601366, 54.57186903588449, 61.15798449474931, 29.973076247487054, 38.83729387370157, 79.40490342781973, 54.26764671195486, 41.18500183430351, 28.078320771125846, 27.067095566558866, 23.84480204065604, 9.535532485816587, 49.476608890900366, 92.69826542639571, 11.975793014938352, 24.499744814688267, 69.77665689771082, 52.38364278276654, 14.627602469096344, 90.1423471901621, 25.334692642852843, 84.92422502237395, 16.894101225179337, 92.60275079397749, 33.375241406253785, 50.795106941778656, 32.53563348292249, 74.52833817126117], [50.54258442026008, 44.59139957007762, 77.25748745887238, 114.76537103149924, 100.5579639156856, 38.98465141028002, 111.59203837280472, 34.98393357832479, 101.10337638494488, 74.07285788934917, 63.379888088835465, 44.248777706152936, 86.1333152024657, 10.281769488436609, 64.42447711225208, 94.99125790275585, 61.37562430554963, 21.52545003199476, 84.34760140730485, 62.956711812569615, 0.0, 34.8630665057194, 44.845343632787824, 50.77741130461242, 67.90774068342206, 17.730241830013984, 49.32045447210675, 45.53953560194942, 43.81994793072033, 43.74255237414255, 92.93063307765154, 63.260350050761026, 60.97079501211562, 84.31247010693104, 87.8989563001406, 94.98516269712954, 75.01979846405467, 58.57087853403544, 78.76161611146954, 68.0442226924735, 75.06834599169119, 85.62058850509554, 57.12513783496631, 71.69913497892169, 8.873386573107778, 39.09358112527761, 71.5486658303237, 87.0457324273971, 71.95812310695952, 71.59536544508919, 52.355996822046336, 82.98238036601715, 58.857995798943755, 12.547872178591039, 31.243829689120695, 44.541832838201316], [19.601340804505316, 51.16267207451549, 57.657333368509015, 94.07841035316784, 77.80361471116088, 47.40859540697369, 90.35290340243895, 0.5392203646012264, 78.2683685979024, 69.84054141315096, 43.5955923625262, 57.92425016763847, 51.29759756150501, 30.661681024898463, 61.2396865056935, 75.86670666137549, 34.25006604485573, 20.522809533346656, 49.71742805046142, 65.08249051256956, 34.8630665057194, 0.0, 54.02918476025047, 63.261430242119566, 81.18497250967256, 27.393402317130015, 17.607727506063235, 63.79873063905176, 50.614067278757766, 15.84666164416848, 68.28826537230464, 48.877528117524065, 41.59009529465973, 51.25157758653934, 65.05521263462636, 82.21391271648658, 62.79713798261923, 46.28106241366621, 87.32498610507436, 65.29806513826851, 51.5444482005502, 50.7971396182881, 65.66414703859475, 60.871720501935904, 31.399335393740586, 14.422248234139886, 66.50776201102462, 52.474001176131395, 60.70267664256739, 36.73386165049268, 63.279178424583414, 48.11956004597263, 42.77570776112347, 37.12729788681484, 37.177649171659624, 11.265585219065944], [53.72005511789576, 4.085362125772748, 51.78334071743737, 84.17433034339464, 74.44262174057882, 6.787685664902893, 82.0258671644633, 53.66172023775849, 75.01887640014883, 32.893560351009576, 43.47964162526592, 7.031076845118973, 94.37118460940208, 35.93414782213125, 24.32763614840994, 65.00996461159126, 52.91534548619212, 35.591361450861015, 95.13945483238831, 19.16653998425541, 44.845343632787824, 54.02918476025047, 0.0, 9.561607164431749, 27.15585297014034, 31.59897425487246, 54.4278844335531, 15.616979534479691, 4.138206956270643, 47.61347194519244, 70.86637353338082, 36.365858553042834, 41.77774317302539, 80.89413573607773, 64.19511294816311, 58.128326215309706, 41.226114923534666, 31.546810635117406, 34.86646259133436, 26.742293949875265, 55.73988338044315, 91.14310783278728, 12.608752572557737, 37.2932881279996, 52.32181035185325, 44.0285082081299, 31.460382402257636, 89.70312765781027, 37.949367417740966, 80.92652792715101, 9.250995326687741, 90.24597970007257, 36.53582209523794, 32.392940069838254, 17.200565652879465, 64.70408582938887], [63.2553884859357, 13.319012524359158, 58.43060045450026, 88.4427472701458, 80.15181616743757, 15.868770956260152, 86.64266644145472, 62.91091817345854, 80.7204332378127, 34.5855076353627, 51.572263798712044, 6.528636138550059, 103.81890086627044, 42.82215471317327, 27.80347791590298, 69.97677068183489, 61.93727047663236, 44.2527296584087, 104.65122624560748, 19.730422143789227, 50.77741130461242, 63.261430242119566, 9.561607164431749, 0.0, 18.17046834328059, 39.5501166995805, 63.982754644620876, 10.505564538547787, 13.576341494118228, 57.17507225823335, 77.55558457683644, 43.60208631668938, 50.0605915914414, 89.81962391080674, 70.74789406166717, 60.861279671714506, 46.0982249467678, 39.14931288287465, 28.016230801732615, 28.985665975243023, 63.39736122514065, 100.50700374413616, 8.350085645115167, 42.22985455980157, 58.8512104546486, 53.56982375021468, 34.07691031536267, 98.94022025466884, 42.98395218976395, 90.44932913445322, 2.8398545524115253, 99.6793863214517, 44.64522138970208, 38.25249496117423, 26.137014028841772, 74.05642919024913], [79.69092707808788, 30.24048785509488, 67.6014346997747, 91.73231260790119, 86.59980169961311, 33.82319851620167, 90.682048007415, 80.81737891327121, 87.13534201218327, 37.195520624090996, 63.99242264087161, 24.324229328648713, 119.45774967726312, 60.57688707585355, 34.8213682657929, 75.30943222601569, 76.3354087716054, 62.41246504807357, 120.70006953730895, 25.10361393749764, 67.90774068342206, 81.18497250967256, 27.15585297014034, 18.17046834328059, 0.0, 57.67246045135772, 80.6392781832734, 22.878397401675507, 30.710265324000737, 74.07348249674436, 86.11821415134374, 54.733388039014365, 62.948536549330555, 103.55995132505262, 79.23601953467349, 62.394395744067175, 52.748227307376396, 51.258297415251704, 14.15940948393658, 33.763694317470225, 74.46172249085474, 115.74281573338534, 16.647984378103803, 49.37081263560792, 76.27789362468026, 70.81164902596979, 38.38232336900676, 113.6602067436552, 50.220166635142654, 106.63762048620241, 17.907287706352797, 115.25819276496574, 57.401891245314445, 55.54583704414898, 44.205077097649024, 91.82753637182213], [37.381115753394404, 30.156427278988517, 59.68347403197014, 97.10527704388095, 83.13468277771655, 24.94278328128363, 93.97508268991194, 27.23486387373981, 83.68666393119511, 57.52148563320048, 46.01111647904206, 33.38800147252509, 76.68815077859298, 7.6276432216674035, 47.87698077630525, 77.30200798559986, 45.71780935186356, 7.147724914570632, 75.86967397892873, 47.781144695591586, 17.730241830013984, 27.393402317130015, 31.59897425487246, 39.5501166995805, 57.67246045135772, 0.0, 36.7427143725839, 37.73091939878772, 29.42543811137617, 30.102754238397008, 75.85887054306947, 45.532501638800866, 43.604391757812, 70.88068494009799, 70.58509354561865, 77.43628076227634, 57.393052538548744, 40.846839755824696, 66.46537274284624, 51.686069349647234, 58.039639291281375, 75.13919716580595, 44.19386689256938, 54.147262202184386, 22.495291382893104, 25.19587151866491, 54.78686769027705, 75.59924818830983, 54.37476799714881, 62.07317184540024, 40.37065021096337, 73.06681423261814, 41.22036288381237, 11.323012190415746, 15.250426881145534, 38.62772892028247], [2.263789302817172, 50.76094832481771, 42.68747554966639, 77.68824936657624, 61.073687896215716, 48.70825265710622, 73.85802430595649, 17.16940854552152, 61.50991864226099, 61.39538095046675, 29.770385507017725, 59.931900788174644, 40.878848705802326, 42.52465762916265, 54.20223725839584, 60.33706844220089, 17.46391630013109, 29.835756195948395, 40.99124176711372, 60.34589683072858, 49.32045447210675, 17.607727506063235, 54.4278844335531, 63.982754644620876, 80.6392781832734, 36.7427143725839, 0.0, 67.31421973057456, 50.43103297733091, 7.103320547525702, 51.21719581840726, 37.39894653565662, 28.288083125986503, 34.994257428170414, 48.54889364955001, 68.99257753386401, 50.95818072388214, 36.4222771786144, 83.97630776699924, 58.03679062281083, 35.2567754519391, 38.687497265421264, 64.125155547801, 49.90617750876068, 47.65041770633099, 11.768271523708426, 57.95431037265225, 38.86478134279454, 49.53482678292519, 26.74510957186679, 63.21933854799993, 36.98599762431716, 31.278128919407767, 47.956192488967545, 40.110007719520695, 18.75537702808059], [66.91926697044725, 19.61128457511138, 67.26787462412922, 98.52628004454037, 89.61240141433608, 19.09341282267744, 96.6047457984515, 63.520614209404044, 90.18585546265427, 45.046691249325605, 59.03909274362905, 8.59316656887042, 107.95283764228833, 39.154708597378765, 37.902203048333405, 79.77733807403906, 67.7909876420423, 43.63499779886545, 108.30446896760986, 30.20568412801816, 45.53953560194942, 63.79873063905176, 15.616979534479691, 10.505564538547787, 22.878397401675507, 37.73091939878772, 67.31421973057456, 0.0, 19.46190729363707, 60.26918924603312, 86.38303756796863, 51.95073748631643, 57.283219974304835, 95.80057330724573, 79.66933143374926, 71.25940281112285, 55.87140415093481, 47.16152693022621, 35.532524830098275, 39.352168494394725, 71.35272508854467, 105.0906286222583, 18.764954930611847, 51.9584417251178, 54.13712869422607, 56.13000252186592, 44.415399294148784, 104.02739598149465, 52.675344282975416, 94.055510705466, 13.342857681101572, 103.91297828706016, 52.10490826116073, 33.493225349303174, 27.37334904093522, 74.95788905751373], [49.68242422194631, 0.7721495906700009, 48.359863011721565, 81.55249020068315, 71.2961906691097, 4.848204230110274, 79.27446884699191, 50.22936895680204, 71.87384660682241, 31.798760292029524, 39.58008930493235, 10.89659101346407, 90.26987376821975, 34.441883931753466, 22.687812405035555, 62.1776709726471, 48.789272348992725, 32.79168983829976, 91.07555706519831, 19.191718253601366, 43.81994793072033, 50.614067278757766, 4.138206956270643, 13.576341494118228, 30.710265324000737, 29.42543811137617, 50.43103297733091, 19.46190729363707, 0.0, 43.666011352300416, 67.37389874618441, 32.79810276841545, 37.82429737741165, 76.77545765785675, 60.766192300646956, 56.244184217683504, 38.588854975557716, 27.870374038107112, 37.38162943838048, 25.585363553865847, 51.95163440006051, 87.01832690368451, 15.199685193528172, 34.6752455182407, 50.876638133338055, 40.189540130839866, 29.98705551684152, 85.5656299772928, 35.28051047277923, 76.87305271135708, 12.890029554769496, 86.13917576019887, 32.650672426859515, 31.604499804454967, 14.434091326293334, 61.141475535649796], [7.301416255082222, 44.0283909389077, 41.841315580708866, 78.28777772053316, 62.13848709154258, 41.764091115712304, 74.58981631847674, 15.318322853978007, 62.614941780680624, 56.847621626680265, 27.91409632946063, 52.97419636124486, 47.98137410726896, 36.27153514984861, 49.07999570156752, 60.02327464999549, 18.976315531018425, 23.397131227970533, 48.056317643848836, 54.57186903588449, 43.74255237414255, 15.84666164416848, 47.61347194519244, 57.17507225823335, 74.07348249674436, 30.102754238397008, 7.103320547525702, 60.26918924603312, 43.666011352300416, 0.0, 52.85653973725227, 34.058537566567495, 26.0173053929304, 40.924807699756116, 49.33488138533189, 66.89364803657793, 47.94394070865318, 32.22504055320216, 77.97630076432951, 53.024260348880865, 35.803768487656384, 45.72217619978065, 57.6602827221471, 46.41124302160346, 43.014389511244296, 4.9069944028764825, 53.42521387554949, 45.70338699394347, 46.142771152186974, 33.819650573080956, 56.511455992097446, 44.078970813946896, 27.861326553366276, 41.39724662853017, 33.02369085302231, 21.17673226180114], [49.019331840136545, 67.06244310464581, 19.13556044680533, 27.652854311572327, 10.661971633676744, 69.60439070791736, 23.636490166276527, 67.79174238951485, 10.948555260896327, 50.12906391558711, 30.09711870110738, 77.87066185997303, 59.46380903138859, 83.4198069273088, 51.42971576787704, 17.476989659502884, 34.03838269800967, 71.46426795575954, 63.86810799717267, 61.15798449474931, 92.93063307765154, 68.28826537230464, 70.86637353338082, 77.55558457683644, 86.11821415134374, 75.85887054306947, 51.21719581840726, 86.38303756796863, 67.37389874618441, 52.85653973725227, 0.0, 34.58857677789158, 32.45635424620134, 35.6406959715026, 6.890812352080416, 35.130603480617985, 33.50844007246247, 39.62816869088531, 80.73082039985484, 52.41620834991579, 17.862448525531214, 53.70060587918183, 72.02846750917124, 36.749245598494674, 94.41176117756109, 56.171560189062504, 48.1371241204511, 48.51700654602191, 35.89875177862083, 56.22842079059339, 75.16603184806121, 56.09387196218503, 36.084481275031564, 86.07144934095273, 68.22682834890801, 69.18089333539696], [35.43441899018866, 32.50488184924586, 15.73061077437719, 51.828743387714105, 39.296618814336135, 35.08200694351478, 48.91683800736952, 48.34112279893481, 39.87271230181973, 25.257254031080027, 9.993717615866766, 43.39150100415008, 68.49827577896613, 53.09139641668344, 20.88808512552352, 31.942939824668297, 24.92639018305459, 43.14302455965404, 70.89191213559275, 29.973076247487054, 63.260350050761026, 48.877528117524065, 36.365858553042834, 43.60208631668938, 54.733388039014365, 45.532501638800866, 37.39894653565662, 51.95073748631643, 32.79810276841545, 34.058537566567495, 34.58857677789158, 0.0, 10.020078312418827, 49.63358183404909, 28.058984583385488, 33.6049916074368, 13.929660376912416, 5.176919731648329, 52.957675197098204, 23.733792065091542, 19.91778651593131, 63.92392022427469, 39.110460681705604, 12.507547723604784, 66.85001555489018, 34.45685309301139, 21.926316959842097, 60.88198423657798, 12.149708771689095, 58.02426779581001, 41.42192239217125, 64.28771931826103, 6.200456571955096, 54.29141886816064, 34.92896975792656, 55.15416596424017], [26.19605857058213, 37.71380177809905, 16.710677235290415, 54.310885839903065, 39.58745911626735, 38.98352345288813, 50.92569739245318, 41.05158572752973, 40.13258143749646, 35.27154487269985, 2.409540603458633, 48.71804654180652, 58.62937339562431, 51.21330531045172, 30.32095290301549, 35.03120639724651, 14.91569587926999, 39.77010710875211, 60.922772527736626, 38.83729387370157, 60.97079501211562, 41.59009529465973, 41.77774317302539, 50.0605915914414, 62.948536549330555, 43.604391757812, 28.288083125986503, 57.283219974304835, 37.82429737741165, 26.0173053929304, 32.45635424620134, 10.020078312418827, 0.0, 40.64576004265118, 26.980986488096693, 40.932086636053654, 22.766742294679652, 11.778356096675946, 62.31389831450078, 33.464796329913725, 15.006854426922883, 54.17587130135612, 46.740632266696075, 22.165368785297673, 63.299641117404434, 27.466362455390307, 31.926067313673247, 51.36488438318124, 21.67686152543944, 48.004214748888636, 48.20835700878675, 54.40847286309059, 5.548102607859131, 53.63004789850321, 36.07413531722231, 46.62466795137794], [33.83453197821908, 76.82734609737055, 42.313597786858615, 62.12810128081893, 45.87940318876695, 76.75261072678894, 58.14770778311413, 50.93306225447286, 46.02411348642305, 73.74402027150273, 39.81915630046687, 87.50012846602439, 23.826345534493868, 77.1960293064836, 70.5213604237191, 52.13264054943143, 28.012923377984045, 64.31181603926238, 28.3504446954836, 79.40490342781973, 84.31247010693104, 51.25157758653934, 80.89413573607773, 89.81962391080674, 103.55995132505262, 70.88068494009799, 34.994257428170414, 95.80057330724573, 76.77545765785675, 40.924807699756116, 35.6406959715026, 49.63358183404909, 40.64576004265118, 0.0, 38.18915781341536, 67.95339512445503, 57.82872862969213, 52.40894277762258, 102.5892579022478, 73.24357350995325, 32.35974831779555, 18.060363467034996, 87.22237619277635, 59.238369384501404, 82.36948637701204, 45.798151568475674, 70.71377519927168, 13.029255214921651, 58.48152576892636, 23.555731660098775, 88.23244412741548, 20.589290222317054, 46.180273561026524, 82.20336419309344, 70.58122233145697, 46.49352336518792], [46.29921447795922, 60.433641070392426, 12.412417095468742, 29.13938062331015, 12.87513793935709, 63.13886905482146, 25.329769658878096, 64.5415335220153, 13.382482519928153, 43.38344771099102, 24.575521221579592, 71.1827567833821, 61.736713098251805, 78.19169325078552, 44.53892458552976, 14.054174203018164, 31.090235067309166, 66.56834194403073, 65.81560834677798, 54.26764671195486, 87.8989563001406, 65.05521263462636, 64.19511294816311, 70.74789406166717, 79.23601953467349, 70.58509354561865, 48.54889364955001, 79.66933143374926, 60.766192300646956, 49.33488138533189, 6.890812352080416, 28.058984583385488, 26.980986488096693, 38.18915781341536, 0.0, 30.26147781142899, 26.678997630356687, 33.167782889794864, 73.99786886721871, 45.54972323019608, 13.533658808685942, 56.082630525653016, 65.15358427008891, 29.87151755815997, 89.85170100822491, 52.23196308732952, 41.31831365121812, 51.218271550719, 29.01980271507978, 56.88152684609067, 68.33758657221149, 58.102942642113554, 30.074288584108245, 80.51577436570577, 62.21611307109795, 66.9984238339719], [66.81914741218206, 55.60959520929081, 27.486404247928803, 29.57592825020502, 29.58434535337292, 60.367196112415876, 29.123741446192867, 81.6750201693828, 29.949778033994328, 26.375658174187144, 39.24922213622465, 64.02783204473532, 90.9761345291015, 84.70370509065204, 33.80723568620864, 18.068044911823126, 53.07359616175672, 76.06976743148473, 94.66442800199003, 41.18500183430351, 94.98516269712954, 82.21391271