instance_id,num_cities,city_coordinates,distance_matrix,best_route,total_distance
294,67,"[[1.9618461411897936, 91.75921414192774], [52.09334947191488, 82.13442242800596], [57.81836752265392, 22.36344177980918], [6.032576740170182, 78.4064999334859], [90.0981716049858, 40.45085484983887], [50.82446627035579, 7.917480298186053], [88.24633008779495, 95.64701711119264], [17.693958317392454, 36.80124604854542], [78.34605522582113, 19.98241024459373], [89.01920218164918, 25.35623848197961], [68.97364561177571, 35.3707922468269], [30.992370272225, 46.86692782228289], [89.67879345930118, 91.70332233221782], [78.29423654746641, 68.55010388325175], [66.01891182309495, 27.517840413989735], [45.37151536878079, 81.1917314869045], [48.905391399562106, 22.496181807920625], [56.88165439696581, 28.756925040072147], [45.04270869279563, 22.274535249587124], [57.280799755155975, 92.6352629944428], [79.45971450791563, 43.9997101457873], [67.90724910459443, 95.55223058626623], [19.09691917137274, 26.203109005640822], [27.7255461420167, 70.87868656376835], [97.10997981095787, 47.79935452235849], [18.000271774652543, 8.666848373113389], [85.28266785959775, 50.525098495359735], [28.00168574014309, 55.96583747266549], [53.85116166053632, 51.5814838606794], [21.366762506702585, 42.217022572957376], [57.69485866945261, 22.629850220442826], [88.71032335419814, 38.42252364786907], [97.27029752457835, 99.51665963659806], [59.52288261250619, 39.84869313153476], [38.17917225878163, 28.311775499809897], [26.281729697634393, 68.46710331098947], [91.92317790118541, 43.478535471536375], [62.00822875501727, 59.14411783313277], [94.73962441711524, 5.26485557952352], [53.424933603404426, 41.31763798387852], [97.7618265608055, 57.91720253253199], [6.612430082584375, 48.40765207600533], [8.511579726462537, 76.89796588675046], [30.687121865342103, 16.11290801764772], [87.67334189491403, 50.237177580780525], [38.997838881250445, 11.47052952289126], [25.333012828244662, 24.80058199616796], [41.2734602822431, 51.747238378891446], [39.70070649582491, 89.53148780223032], [81.95136427969065, 73.17343307938589], [68.66151928576718, 80.78258101128493], [13.966921618840832, 78.69435943509181], [25.394395807369964, 73.92634871592185], [58.70790677711122, 15.70897692386718], [58.430564239433934, 5.468361936265154], [30.101516665180483, 74.73927361408815], [5.763908070029833, 59.638210250043386], [47.7628190114889, 80.51795482569369], [61.62673344738215, 37.29248639292299], [33.69337979099703, 51.417364251308726], [33.20623546390651, 70.53528577661558], [96.95553542385291, 79.099592931346], [2.741760178413122, 24.69609992089722], [32.524058122445595, 23.344044401422558], [62.989293871045916, 12.98911984655209], [24.947424621493507, 60.60786207756874], [7.472652710058602, 97.06681944569432]]","[[0.0, 51.047078679733254, 89.08268183307537, 13.959434957826904, 101.983133897259, 97.04118702804494, 86.37202777438877, 57.16535323496089, 104.81630109482504, 109.491270963721, 87.57988006446405, 53.46109522192367, 87.71696512478485, 79.78280907648971, 90.7207901322983, 44.677411206481935, 83.67236156298307, 83.57914674681116, 81.75623107116691, 55.325889875682385, 91.03235591449736, 66.0543953552891, 67.75849502748424, 33.16269997564859, 104.81238762003414, 84.62607367625267, 92.96564755319713, 44.26329246369844, 65.62584152313048, 53.20694996529217, 88.79773443993153, 101.83369212414345, 95.62363131413971, 77.51112895076854, 73.05663680565448, 33.674607097332796, 102.09831117558008, 68.33236840793778, 126.84238331464184, 72.06109891232462, 101.60176178673886, 43.60029661081998, 16.240557556317448, 80.91665524276729, 95.23938273910608, 88.41910221268327, 70.92016533501088, 56.092434524068096, 37.804554560412846, 82.12036452509388, 67.59684069894232, 17.742949747289238, 29.44648490329596, 94.88811294687525, 103.12529902035905, 32.88646275855686, 32.34524023613343, 47.16031198879725, 80.786899983505, 51.325968869238956, 37.77124566923093, 95.8335380371953, 67.06764909349697, 74.93119678618079, 99.64475466236391, 38.713609409506695, 7.6511216890112745], [51.047078679733254, 0.0, 60.044533134402855, 46.211385942974964, 56.408211382829535, 74.22778835234305, 38.59570212451491, 56.90707330774544, 67.46908312588963, 67.72946752005213, 49.71701424554256, 41.09802305404058, 38.78439692847858, 29.513051246374996, 56.36392745090041, 6.787615186535782, 59.72338587965586, 53.591837918232926, 60.27368935455346, 11.71227104548147, 46.937982659369204, 20.739262218418915, 64.93901934684091, 26.841785130092994, 56.61619816949447, 80.99273044158154, 45.83317809750864, 35.56969355968139, 30.603463182935638, 50.373822147208436, 59.76764190509105, 57.02221384040388, 48.40556585485617, 42.93344692453178, 55.59210060679242, 29.206768517218602, 55.50398930794508, 25.037151127145847, 87.90696829134158, 40.83849909898255, 51.692199983017446, 56.621630733098534, 43.895229026103536, 69.40509307955388, 47.784621895171746, 71.86708675141719, 63.27151709850192, 32.25602201933053, 14.43240021906893, 31.17371293842682, 16.62322851303588, 38.28130789603299, 27.93217859108957, 66.75396751330244, 76.9275316277139, 23.201916648832036, 51.502395118738036, 4.622387000025246, 45.84413416565056, 35.80637579104172, 22.164454575042754, 44.96471859647365, 75.72806783633867, 61.96180849869534, 69.99853193767542, 34.645259942822484, 47.05298141677527], [89.08268183307537, 60.044533134402855, 0.0, 76.30591388734932, 37.00189539955501, 16.049936381663212, 79.34950106469591, 42.64291742099279, 20.66531571523776, 31.344041148493947, 17.135676100389702, 36.33256055817872, 76.30927712858302, 50.52196520899453, 9.685904815944571, 60.13062280071872, 8.913964510018415, 6.4617381314240205, 12.775968178891661, 70.27387733664682, 30.60189549915367, 73.88087938384729, 38.911355756720454, 57.09033959519259, 46.80615828350987, 42.10792585660505, 39.336582235399746, 44.92388572706954, 29.486144295107884, 41.50764000216095, 0.29364586504828477, 34.81676385799129, 86.65491218929179, 17.568135544916405, 20.52025011195043, 55.85791915107549, 40.1121586625054, 37.01855032393884, 40.68833814147988, 19.45671645846669, 53.47475875209112, 57.44866333578881, 73.51988603329855, 27.841940723112707, 40.84439548176297, 21.74552449997013, 32.57664688171223, 33.721528111431084, 69.56864270311131, 56.24994887409415, 59.41691483663937, 71.38712483173194, 60.91015772016807, 6.713656425837385, 16.906167742565547, 59.25750232492167, 64.0240198161163, 59.017467274226064, 15.407141982761551, 37.764340905575224, 54.09513470294603, 68.92538544554301, 55.12598271736173, 25.313310125998584, 10.705904492794595, 50.42950100013912, 90.08488016689064], [13.959434957826904, 46.211385942974964, 76.30591388734932, 0.0, 92.23695156330294, 83.51655678265263, 84.0020039764462, 43.208621490623074, 92.96565724325527, 98.49421425767862, 76.24729691465626, 40.22108777893234, 84.69648786890309, 72.93076183068762, 78.66394386484916, 39.437413799991376, 70.45595723372499, 71.06834024826762, 68.35633002316398, 53.186822244222974, 81.08866594203133, 64.206317133305, 53.81329824053844, 22.96198805850111, 96.08272841846562, 70.75906107489375, 84.01160329735123, 31.40422076621493, 54.828811322995094, 39.304141318068915, 76.02648240811995, 91.83859833851004, 93.64806744735594, 65.93873889977465, 59.52213890245499, 22.557034395373766, 92.72086102520727, 59.19723796485153, 114.97234644192194, 60.179890077742584, 93.98971529184064, 30.00445138100305, 2.90191846477575, 66.99506093068443, 86.36391177374183, 74.61322029532127, 56.97456687937446, 44.188642199803155, 35.458543629474036, 76.09893093973349, 62.673999438905796, 7.939564959514594, 19.87339408664815, 81.88815412525997, 89.80824610510227, 24.346712673201665, 18.77021258526205, 41.783625522263904, 69.14529896818462, 38.64626075427739, 28.290700605276765, 90.92560032080272, 53.8111191405217, 61.103785439593665, 86.73811874697859, 25.972350296029987, 18.71580463396528], [101.983133897259, 56.408211382829535, 37.00189539955501, 92.23695156330294, 0.0, 50.99847439315686, 55.227218338302045, 72.4961360777096, 23.602319037489075, 15.133129825298534, 21.726772297981338, 59.453021315787765, 51.25418325426121, 30.47787195792859, 27.3326474027246, 60.50035377771155, 44.935680979534865, 35.21484076105469, 48.583673517368354, 61.645700162562896, 11.214773440323421, 59.4020087999162, 72.41668391180657, 69.39882815981142, 10.157061669319445, 78.79295798266044, 11.165995761738575, 64.00537666906759, 37.917497703434805, 68.75409766015225, 36.98057456556141, 2.4576920539600975, 59.4996528167521, 30.581218021992445, 53.31922486849793, 69.6953975205772, 3.535180041832501, 33.74141328215348, 35.490810484657246, 36.68347991292657, 19.073670560607344, 83.86405463393449, 89.35750599300363, 64.20286977365559, 10.082257272902337, 58.74609144898219, 66.62924907104114, 50.1144761180301, 70.34780039515424, 33.721470839575, 45.6746997561772, 85.19702381782571, 72.85044469353839, 39.96885348953338, 47.186991498791166, 69.10350400174066, 86.48943642571133, 58.28940366559645, 28.64608318901364, 57.46098561660721, 64.35654886698511, 39.252368002927504, 88.76573055070098, 60.06181405034702, 38.58805697860994, 68.1976889116177, 100.16158854458693], [97.04118702804494, 74.22778835234305, 16.049936381663212, 83.51655678265263, 50.99847439315686, 0.0, 95.37750007730146, 43.95341262226405, 30.049964945825085, 41.987475969939794, 32.91013594193147, 43.7077967199383, 92.35651610285733, 66.5650307735638, 24.800106699858016, 73.47687092413771, 14.704468234847832, 21.70188897656767, 15.477523948074653, 84.96344476913075, 46.06413737824469, 89.28421432378698, 36.61968681112773, 67.06469716261, 61.09756668927141, 32.83274732341898, 54.79759835249135, 53.19326967104584, 43.76877987893165, 45.21299493824727, 16.237491199286083, 48.64047529314827, 102.70163044648456, 33.09478508572011, 23.996473436947582, 65.33454496260467, 54.34788627680157, 52.433242665794886, 43.99519897617184, 33.50123824247955, 68.57906396668908, 59.95129818833051, 80.92396282752424, 21.741151652823195, 56.114137370938856, 12.34881671229738, 30.575371159410622, 44.85832596963605, 82.36858777708687, 72.29953770990322, 75.0165539211489, 79.79877955268856, 70.73796147432002, 11.084045014864955, 7.9906762583596604, 69.96136578349349, 68.5965583107339, 72.66500248095373, 31.298242110854932, 46.751620591145375, 65.04914772449949, 84.82316134266985, 50.92611021438579, 23.93499150639839, 13.179702510415883, 58.70176842782555, 99.13114752389492], [86.37202777438877, 38.59570212451491, 79.34950106469591, 84.0020039764462, 55.227218338302045, 95.37750007730146, 0.0, 91.87198666833419, 76.30955493658443, 70.29502750248051, 63.28238025557964, 75.21644119204859, 4.195793109820862, 28.86670871987326, 71.66339958551097, 45.24604976867643, 83.05873922976271, 73.87846302187035, 85.14736634901911, 31.111649452276616, 52.38939711551742, 20.339301849534966, 98.00049695313048, 65.39293147977112, 48.66172111249093, 111.80366032576097, 45.21914233349291, 72.13884660902282, 55.899900105381015, 85.60164061622739, 79.15111538429134, 57.226374530326744, 9.818661903464921, 62.75738517341633, 83.90920721791274, 67.66357525063806, 52.29789370930714, 44.95441710503311, 90.61510908443421, 64.53069881446008, 38.91122693089991, 94.31676011710958, 81.9094459571102, 98.17706942305614, 45.41345441217789, 97.52484272647943, 94.74862984290712, 64.29339834317616, 48.929308892135545, 23.33856408950391, 24.58691267157108, 76.18938984386732, 66.49927126163246, 85.2209406230159, 94.97983860947946, 61.78958703609664, 89.99991174151369, 43.21808874422724, 64.13933411447107, 70.23023977027802, 60.49802531344781, 18.699398508331594, 111.10834408599798, 91.28357714096285, 86.43058404677157, 72.34980178757988, 80.78615472834248], [57.16535323496089, 56.90707330774544, 42.64291742099279, 43.208621490623074, 72.4961360777096, 43.95341262226405, 91.87198666833419, 0.0, 62.94084601584023, 72.2376536890176, 51.29963476564508, 16.678300575615722, 90.53206321887268, 68.41332980765348, 49.20856380249283, 52.31216265636535, 34.333488287256166, 40.00483251448971, 30.967393718759848, 68.44381245469445, 62.183812388325244, 77.28552746686543, 10.690594367853818, 35.523298078186755, 80.17395374975717, 28.136065121005355, 68.967947508698, 21.76076306279681, 39.06147441380943, 6.543708885287125, 42.43701790527004, 71.03486921290772, 101.31938049128414, 41.939788285230726, 22.174649950390044, 32.80969877101561, 74.52894225773862, 49.62820250625099, 83.25009662795946, 36.01527996563597, 82.80547773715315, 16.04708474748938, 41.1346936097824, 24.430096796051707, 71.25754964934457, 33.098346284703936, 14.225719367321854, 27.91729929003086, 57.13821278961212, 73.83732261133278, 67.32050279201492, 42.058575246558014, 37.91530015178953, 46.119711459248336, 51.39280775401642, 39.91542859243333, 25.765345579772386, 53.05927826259014, 43.93552147975696, 21.670542189968113, 37.12972096104788, 89.8417929163321, 19.23805582586279, 20.025686914539627, 51.173086453503274, 24.887099874796167, 61.12621716747778], [104.81630109482504, 67.46908312588963, 20.66531571523776, 92.96565724325527, 23.602319037489075, 30.049964945825085, 76.30955493658443, 62.94084601584023, 0.0, 11.949648357404802, 18.01789007126264, 54.453179558860604, 72.61074429138765, 48.56772128228757, 14.447877778733424, 69.52626328034565, 29.54778729454014, 23.188631111771883, 33.382131857287035, 75.64510559669833, 24.04310569665383, 76.28739358314203, 59.57480353533891, 71.78347221374362, 33.5539454429575, 61.39752047764333, 31.320478930159243, 61.88184365376008, 39.98126141293484, 61.163860114969985, 20.82020311225352, 21.153151920282383, 81.75465597096972, 27.36751766190379, 41.0214189520871, 71.143934769224, 27.136804543314632, 42.43305215324884, 22.030785872253336, 32.806314111866214, 42.61479370431612, 77.16027053714004, 90.09014619993661, 47.81576075461856, 31.65989929191553, 40.2583437677164, 53.231545565340376, 48.8198894125343, 79.56467286164866, 53.31306747491926, 61.56663870663241, 87.1307398208752, 75.58985866481088, 20.097738848941777, 24.64314061813886, 72.97841863862647, 82.70882999908271, 67.8224630566598, 24.06604365058664, 54.60785435165926, 67.77312559336652, 61.97704447664295, 75.7510943814016, 45.94514123110424, 16.87412901156261, 67.09576057435228, 104.71411235379888], [109.491270963721, 67.72946752005213, 31.344041148493947, 98.49421425767862, 15.133129825298534, 41.987475969939794, 70.29502750248051, 72.2376536890176, 11.949648357404802, 0.0, 22.407936658804942, 61.88556356162239, 66.35036244124139, 44.50544793795043, 23.101642354825604, 70.87117074817702, 40.215640485262874, 32.31697149609162, 44.08433819836379, 74.38947054479318, 20.95144005226046, 73.30205911318475, 69.92741129952573, 76.34923411576521, 23.856951612660694, 72.95357577500744, 25.444708744903988, 68.26481423881606, 43.86974548897737, 69.72186625539263, 31.442768475799596, 13.069935507353911, 74.6180182006229, 32.86432883681668, 50.92586613521495, 76.12185704505423, 18.35349348645522, 43.25752508526461, 20.889875477970648, 39.009206986036524, 33.714238252352416, 85.57011018147655, 95.59302766025657, 59.059891230012816, 24.917312663079276, 51.91290494402123, 63.68861333462929, 54.554016763969834, 80.93686824945111, 48.33671929056193, 59.04671624286288, 92.07496926139768, 80.04480991483346, 31.80949991231861, 36.485509516210804, 76.87638015331218, 90.03720112219483, 68.8832643119318, 29.880116424627545, 61.15659326325149, 71.80691866586955, 54.32617723346212, 86.27996744054549, 56.530966976410326, 28.81842726453252, 73.12912994042226, 108.59211367717295], [87.57988006446405, 49.71701424554256, 17.135676100389702, 76.24729691465626, 21.726772297981338, 32.91013594193147, 63.28238025557964, 51.29963476564508, 18.01789007126264, 22.407936658804942, 0.0, 39.68297379970442, 60.01713999524937, 34.46360596422663, 8.390429324583597, 51.542400262795084, 23.84303716139417, 13.782579256714824, 27.280060285086535, 58.4460627778401, 13.579980301958921, 60.19088570634484, 50.71226928881724, 54.426246138147505, 30.759103732144645, 57.544638835859885, 22.262910963175404, 45.856922962372984, 22.16925897396935, 48.096633859954544, 17.0159524743694, 19.971217109939488, 70.10986244930469, 10.45794040916419, 31.59318449480725, 54.01819592022602, 24.33960830622549, 24.772727775134488, 39.62641904604664, 16.647144480046972, 36.56637771403438, 63.709347167302695, 73.34962550443126, 42.8570181600481, 23.8890781316318, 38.33759965645934, 44.90249630577503, 32.17900332836406, 61.565297916368905, 39.96824784424511, 45.412861412061936, 70.01907710296545, 58.186613135293996, 22.180450302365646, 31.706653927871702, 55.32557938246216, 67.7080386412074, 49.88151415093636, 7.594078399809551, 38.75809114855664, 50.15824193382824, 51.91525947890107, 67.08659854480126, 38.382484180668506, 23.167902908765804, 50.74660410635282, 87.11355749836214], [53.46109522192367, 41.09802305404058, 36.33256055817872, 40.22108777893234, 59.453021315787765, 43.7077967199383, 75.21644119204859, 16.678300575615722, 54.453179558860604, 61.88556356162239, 39.68297379970442, 0.0, 73.85389995892645, 52.034860211321735, 40.015569426769225, 37.2149427021274, 30.245819334330815, 31.59473426479858, 28.323096267571895, 52.78088696782392, 48.5520791981697, 61.0980112968437, 23.84313664306309, 24.23296716782769, 66.12418400757285, 40.34898627343055, 54.4134048263739, 9.577805113712621, 23.33990964792959, 10.689899142807212, 36.06187484424087, 58.33241011507848, 84.64489294096576, 29.38104410284559, 19.89833662656628, 22.107865472856034, 61.02494998801701, 33.357351093681125, 76.1212508167397, 23.108754084069393, 67.67768365011197, 24.4285757848562, 37.51332017819727, 30.75553463579843, 56.781080718199895, 36.290391844388594, 22.78051678071495, 11.380608196534968, 43.54422806831916, 57.34850729613551, 50.68763477063327, 36.09503158215892, 27.632400858562285, 41.700945648051736, 49.66584083251921, 27.88657885232874, 28.276862625426013, 37.598398493826316, 32.09570276270124, 5.291684430793517, 23.771671530234524, 73.4171904723543, 35.91159395662419, 23.572698447608822, 46.59945271169258, 15.01181674976036, 55.436506322155005], [87.71696512478485, 38.78439692847858, 76.30927712858302, 84.69648786890309, 51.25418325426121, 92.35651610285733, 4.195793109820862, 90.53206321887268, 72.61074429138765, 66.35036244124139, 60.01713999524937, 73.85389995892645, 0.0, 25.8007686053022, 68.40735404994462, 45.537110513184544, 80.32495636522285, 70.97817455200443, 82.53930299589364, 32.411394747090725, 48.785901552067415, 22.109143772137475, 96.29163475517501, 65.35954641860056, 44.52842822335202, 109.69442318758813, 41.412220885226084, 71.28277099473169, 53.790158232190464, 84.3529930514156, 76.11909506961736, 53.289599761928955, 10.893997145453078, 59.98567769509802, 81.67434844308444, 67.52117866272283, 48.2769855032512, 42.72893573057025, 86.58649169784053, 62.07301782337867, 34.739564119872576, 93.6724921605454, 82.50645529065983, 95.88497303382778, 41.51461184359374, 94.89921073921936, 92.82432951275737, 62.76595354861794, 50.02525403987912, 20.07660223862874, 23.68519378608142, 76.82135545045462, 66.69711067524666, 82.06300235748601, 91.72197241593145, 61.9453861002928, 89.83250749443074, 43.382731128476195, 61.216477671662595, 68.97336414956068, 60.3094982416744, 14.553520825871283, 109.76345298396195, 89.10473977654455, 83.11591340547166, 71.81279663169202, 82.38092423717127], [79.78280907648971, 29.513051246374996, 50.52196520899453, 72.93076183068762, 30.47787195792859, 66.5650307735638, 28.86670871987326, 68.41332980765348, 48.56772128228757, 44.50544793795043, 34.46360596422663, 52.034860211321735, 25.8007686053022, 0.0, 42.82908173775968, 35.26636241915105, 54.6321147096483, 45.18844716072034, 56.983263832804035, 31.963407440944323, 24.57804246763413, 28.931027541793743, 72.78454753373389, 50.62227520195258, 28.011172656571095, 84.97862365629274, 19.332330212313103, 51.843075022608446, 29.755637707811204, 62.722950121597556, 50.328958517119354, 31.877358033638732, 36.31829381223981, 34.29482042073296, 56.818495703239236, 52.012573075159615, 28.536495668642218, 18.807089710817753, 65.38710450117615, 36.879390286229736, 22.182102065890827, 74.45804014930859, 70.2801963075478, 70.82440877695102, 20.575006363990827, 69.29851858951464, 68.69433661653542, 40.6555551485568, 43.928112103783015, 5.89489237438903, 15.569930588531639, 65.12226475352047, 53.17233452490477, 56.35431671319333, 66.13525266170157, 48.58851789887791, 73.07578529974528, 32.79324492844073, 35.42378171176851, 47.77831297468604, 45.13168276123591, 21.436786021455834, 87.35760040790133, 64.33115145038926, 57.63041052651727, 53.934789770287075, 76.34723180121358], [90.7207901322983, 56.36392745090041, 9.685904815944571, 78.66394386484916, 27.3326474027246, 24.800106699858016, 71.66339958551097, 49.20856380249283, 14.447877778733424, 23.101642354825604, 8.390429324583597, 40.015569426769225, 68.40735404994462, 42.82908173775968, 0.0, 57.508273867755285, 17.835067604093453, 9.220889543961906, 21.62159445578957, 65.70109075223303, 21.267515291359906, 68.06059112145776, 46.94040810521754, 57.84932872566071, 37.12134592325385, 51.586332424655474, 30.007102843437973, 47.48260750730419, 26.96503439545101, 47.00936496822641, 9.653098416408787, 25.175628566237062, 78.48871942969076, 13.937299747318704, 27.85105800376871, 57.06036956662323, 30.426547417748562, 31.879570292981704, 36.332831790975206, 18.682684506460728, 43.95149432339955, 62.972329669943925, 75.7990107889144, 37.1269156352086, 31.38602591972459, 31.426972010743402, 40.77653578135817, 34.63237066246304, 67.36720562737766, 48.35572544084369, 53.33025375055812, 72.99620389678486, 61.67739411099012, 13.888846305966132, 23.31871609223144, 59.328939215202006, 68.28164933338061, 56.05619548631252, 10.716106331011988, 40.20108531879168, 54.103348652179974, 60.14775035341524, 63.34003583575256, 33.75390047953607, 14.841236682367931, 52.742929333204835, 90.91053261577163], [44.677411206481935, 6.787615186535782, 60.13062280071872, 39.437413799991376, 60.50035377771155, 73.47687092413771, 45.24604976867643, 52.31216265636535, 69.52626328034565, 70.87117074817702, 51.542400262795084, 37.2149427021274, 45.537110513184544, 35.26636241915105, 57.508273867755285, 0.0, 58.80183527679213, 53.68325835458313, 58.91811373675109, 16.516218331070267, 50.450488322586445, 26.722335777290464, 60.94344105581655, 20.438667411025836, 61.57856398274293, 77.51802143087869, 50.33232035365891, 30.62771147417841, 30.800505932852023, 45.77396743670316, 59.844454442942066, 60.88889403475386, 55.038955122225595, 43.69791774581894, 53.36683937248875, 22.942015586813575, 59.91112115646362, 27.620237148181076, 90.56544968178025, 40.67924382224708, 57.32755362690016, 50.76477671617192, 37.10918051621337, 66.7149509233614, 52.41783031540131, 70.0119258074967, 59.845662540853105, 29.728306878800307, 10.085118178415758, 37.448343831163065, 23.29359754449581, 31.503735901698118, 21.25725976648436, 66.82701909377056, 76.84118331668768, 16.577305963528115, 45.09231457399246, 2.4844130294340068, 46.81213341222923, 31.982679607143897, 16.172627193510433, 51.626428975649056, 70.77465940315585, 59.25716883918979, 70.44133980781179, 28.997226810748895, 41.08944156987292], [83.67236156298307, 59.72338587965586, 8.913964510018415, 70.45595723372499, 44.935680979534865, 14.704468234847832, 83.05873922976271, 34.333488287256166, 29.54778729454014, 40.215640485262874, 23.84303716139417, 30.245819334330815, 80.32495636522285, 54.6321147096483, 17.835067604093453, 58.80183527679213, 0.0, 10.139905188051936, 3.8690366875973004, 70.63737095059882, 37.362660392256615, 75.48679923898158, 30.038081260758556, 52.81526873531173, 54.442014045484605, 33.858187817440076, 45.92304882432422, 39.46115508461726, 29.5028039171627, 33.87163476684543, 8.790483612008078, 42.87284656185191, 90.94678746079724, 20.343076682082813, 12.201348574857937, 51.23627321190124, 47.86218884217785, 38.9198607612046, 48.96626920541122, 19.35648403806372, 60.34567064701599, 49.59938375033718, 67.75849859937466, 19.304184238218244, 47.67092229105588, 14.823110510735491, 23.684748082618487, 30.23029412853334, 67.66430723747803, 60.49975305755735, 61.54355304294705, 66.17349801267467, 56.54934996903981, 11.92289637064777, 19.51090892836561, 55.52410599454947, 56.92730329699245, 58.03302177026426, 19.51315384221106, 32.677822618755656, 50.53928182322256, 74.2479797136771, 46.216019811598265, 16.403260374493378, 16.99236699119838, 45.016489702273816, 85.30798223505718], [83.57914674681116, 53.591837918232926, 6.4617381314240205, 71.06834024826762, 35.21484076105469, 21.70188897656767, 73.87846302187035, 40.00483251448971, 23.188631111771883, 32.31697149609162, 13.782579256714824, 31.59473426479858, 70.97817455200443, 45.18844716072034, 9.220889543961906, 53.68325835458313, 10.139905188051936, 0.0, 13.497481720012589, 63.879584976968616, 27.241719772302837, 67.69916234095008, 37.87094126643662, 51.2281313580092, 44.507665476880355, 43.76497566670185, 35.783668639256206, 39.67842619590141, 23.024864203310997, 37.980018056497386, 6.180804723830584, 33.26391384122035, 81.4750423986415, 11.401903607790883, 18.70777903018672, 50.13236130397996, 38.00834359969626, 30.81660673226801, 44.55449720943751, 13.027679313728312, 50.214641884438784, 53.97356747714897, 68.24385640796987, 29.086503760569975, 37.54369811544821, 24.872682351860504, 31.795745550508624, 27.787951182841045, 63.15641257792608, 51.00310323902276, 53.342610510111, 65.84391880329396, 55.06109596345217, 13.175133691889563, 23.340014848754812, 53.21233087655251, 59.7216691475093, 52.558133178942214, 9.765837537199815, 32.422084825747476, 48.02037991820365, 64.34516416148301, 54.29197405367202, 24.951788975558216, 16.909374339878447, 45.102962447263195, 84.30593764026382], [81.75623107116691, 60.27368935455346, 12.775968178891661, 68.35633002316398, 48.583673517368354, 15.477523948074653, 85.14736634901911, 30.967393718759848, 33.382131857287035, 44.08433819836379, 27.280060285086535, 28.323096267571895, 82.53930299589364, 56.983263832804035, 21.62159445578957, 58.91811373675109, 3.8690366875973004, 13.497481720012589, 0.0, 71.41710496538155, 40.700288863206985, 76.76202083125445, 26.24152597786058, 51.59697320368633, 57.987215147822475, 30.273132256175668, 49.16653981570495, 37.7557983462095, 30.602060070820446, 30.955665530715972, 12.657138213685405, 46.55768571919983, 93.24197989639765, 22.77117612256091, 9.140919112427785, 49.85707248690169, 51.45277464443688, 40.585650060908684, 52.52725611516654, 20.80628405556377, 63.63729346714728, 46.47392934884765, 65.71333622734319, 15.622052467775623, 50.98313695091554, 12.380104635301244, 19.87090896861563, 29.712749171501407, 67.46876799038898, 62.87246342812035, 63.095480287256635, 64.41196397711403, 55.26270020189587, 15.160613272952153, 21.48678983876069, 54.550783595303336, 54.21133080733867, 58.306902885200955, 22.373393430688193, 31.274778156603873, 49.6910670033386, 76.9677124497279, 42.3702043973566, 12.564253337480304, 20.206406379342003, 43.28122442361334, 83.69823702932614], [55.325889875682385, 11.71227104548147, 70.27387733664682, 53.186822244222974, 61.645700162562896, 84.96344476913075, 31.111649452276616, 68.44381245469445, 75.64510559669833, 74.38947054479318, 58.4460627778401, 52.78088696782392, 32.411394747090725, 31.963407440944323, 65.70109075223303, 16.516218331070267, 70.63737095059882, 63.879584976968616, 71.41710496538155, 0.0, 53.45391716707525, 11.019533824437817, 76.62401594819026, 36.69961354184483, 59.97184566473345, 92.70196617357476, 50.570451564904864, 46.92454885879348, 41.1967862657258, 61.90167234156121, 70.00663727420871, 62.664472080456335, 40.57725411603529, 52.83416407430797, 67.09980042058575, 39.307025923058966, 60.13716175854796, 33.82314871747853, 95.06183059937563, 51.4622807549871, 53.3297032944738, 67.25596815769633, 51.24548119066593, 81.01169369234178, 52.16612180775154, 83.19844119828664, 74.98136458924334, 43.90974235819436, 17.851977466112015, 31.422914848909752, 16.431885078356363, 45.502096998475615, 36.96980159809393, 76.93952250348418, 87.17448364318219, 32.54197082517889, 61.17839176305385, 15.408475417550271, 55.51315214994511, 47.48980477286527, 32.68017195245438, 41.92015045819835, 87.12196460759677, 73.5810385247075, 79.8504541214729, 45.51045546931307, 50.00490180618967], [91.03235591449736, 46.937982659369204, 30.60189549915367, 81.08866594203133, 11.214773440323421, 46.06413737824469, 52.38939711551742, 62.183812388325244, 24.04310569665383, 20.95144005226046, 13.579980301958921, 48.5520791981697, 48.785901552067415, 24.57804246763413, 21.267515291359906, 50.450488322586445, 37.362660392256615, 27.241719772302837, 40.700288863206985, 53.45391716707525, 0.0, 52.83106870640544, 62.93159836666178, 58.300116207341816, 18.054616103816375, 70.891989830517, 8.745712026393376, 52.831022400365946, 26.707326178426175, 58.12029806528495, 30.50212882567251, 10.801794909156602, 58.30393252739191, 20.364385782007506, 44.16100612349084, 58.53675253021032, 12.474355406050298, 23.10643718066771, 41.63969986806896, 26.17256823140571, 22.992692315856203, 72.98052343060635, 78.20443120287398, 56.18219936966181, 10.313567513477143, 51.916384419802554, 57.43088329832305, 38.964268317401256, 60.44767567625126, 29.279932178739124, 38.33510935374392, 74.11494187894291, 61.79532654092087, 35.085653910539115, 43.8963546989705, 58.14767799752868, 75.33680755142966, 48.35571712437847, 19.05261304851209, 46.36355234287153, 53.324676255313534, 39.21868841614298, 79.10925283567096, 51.27974617407771, 35.11312385223572, 56.98614269496099, 89.4329645921277], [66.0543953552891, 20.739262218418915, 73.88087938384729, 64.206317133305, 59.4020087999162, 89.28421432378698, 20.339301849534966, 77.28552746686543, 76.28739358314203, 73.30205911318475, 60.19088570634484, 61.0980112968437, 22.109143772137475, 28.931027541793743, 68.06059112145776, 26.722335777290464, 75.48679923898158, 67.69916234095008, 76.76202083125445, 11.019533824437817, 52.83106870640544, 0.0, 84.80418015755073, 47.15244455596092, 55.97442856415164, 100.1986827684725, 48.263317346030654, 56.209754555404146, 46.16275730327115, 70.78602479721174, 73.63400353517119, 60.79943513801481, 29.629466924152304, 56.33100111345727, 73.51895914105629, 49.661735626306374, 57.34487386737169, 36.882910884711976, 94.19016111314474, 56.13491335187911, 48.03843390134893, 77.32830091144587, 62.25614132241055, 87.72652872345488, 49.43837025110662, 88.91280252681466, 82.5733696341091, 51.266324710493656, 28.841955370810954, 26.420593273151947, 14.788896918768206, 56.513244014301144, 47.6971850546908, 80.37146915825555, 90.58096349114537, 43.15614189436183, 71.7747287814369, 25.136179332208677, 58.59729234695303, 55.84331007213386, 42.77859131972809, 33.384011500862485, 96.26594517198752, 80.41139444248101, 82.70945253535106, 55.37739078442109, 60.45357244020858], [67.75849502748424, 64.93901934684091, 38.911355756720454, 53.81329824053844, 72.41668391180657, 36.61968681112773, 98.00049695313048, 10.690594367853818, 59.57480353533891, 69.92741129952573, 50.71226928881724, 23.84313664306309, 96.29163475517501, 72.78454753373389, 46.94040810521754, 60.94344105581655, 30.038081260758556, 37.87094126643662, 26.24152597786058, 76.62401594819026, 62.93159836666178, 84.80418015755073, 0.0, 45.50121353931994, 80.94711514794047, 17.570517137656044, 70.51320799792671, 31.06629803253247, 43.03393174320047, 16.17397961258844, 38.76298636384236, 70.677720224411, 107.17254214243201, 42.666854656521224, 19.198407675522397, 42.870347758571114, 74.84720649536749, 54.09704754195265, 78.48712832962225, 37.50815326138789, 84.81716443515683, 25.473598112001138, 51.78820256931264, 15.367008637512757, 72.66610080245361, 24.760765406475873, 6.39186562042563, 33.82752608571145, 66.59579275836862, 78.46586909903684, 73.72630703429216, 52.74133337844543, 48.136948599032266, 40.97752002319904, 44.46420324678266, 49.76806647740109, 35.99548833190047, 61.41527733471279, 43.95178486921116, 29.13443547100122, 46.52327055889034, 94.12758435471164, 16.424442214775137, 13.728157590241729, 45.8383034838008, 34.8986453599882, 71.81078629353239], [33.16269997564859, 26.841785130092994, 57.09033959519259, 22.96198805850111, 69.39882815981142, 67.06469716261, 65.39293147977112, 35.523298078186755, 71.78347221374362, 76.34923411576521, 54.426246138147505, 24.23296716782769, 65.35954641860056, 50.62227520195258, 57.84932872566071, 20.438667411025836, 52.81526873531173, 51.2281313580092, 51.59697320368633, 36.69961354184483, 58.300116207341816, 47.15244455596092, 45.50121353931994, 0.0, 73.1221936421313, 62.9674024601678, 61.04990423965386, 14.915405495381643, 32.479683163257874, 29.35856113713493, 56.79885475827957, 69.08361283866675, 75.21041115817962, 44.42894438338571, 43.83172614118749, 2.8107542955855003, 69.80045990796171, 36.2353754008116, 93.78732059020601, 39.170321788736175, 71.225561726049, 30.83360278477516, 20.134751773640595, 54.84579683556177, 63.401972435610105, 60.468121407833536, 46.14017702827142, 23.442659559051236, 22.165997824167267, 54.274351348229196, 42.11699208696427, 15.823542308891453, 3.8369918525314133, 63.27403521409124, 72.25862373611935, 4.533141107448572, 24.671073234951802, 22.23528269824892, 47.72130910431487, 20.35578798797386, 5.491436928864259, 69.71638772532349, 52.507341106758155, 47.7762275899697, 67.78446605678654, 10.639915169262943, 33.105860451099346], [104.81238762003414, 56.61619816949447, 46.80615828350987, 96.08272841846562, 10.157061669319445, 61.09756668927141, 48.66172111249093, 80.17395374975717, 33.5539454429575, 23.856951612660694, 30.759103732144645, 66.12418400757285, 44.52842822335202, 28.011172656571095, 37.12134592325385, 61.57856398274293, 54.442014045484605, 44.507665476880355, 57.987215147822475, 59.97184566473345, 18.054616103816375, 55.97442856415164, 80.94711514794047, 73.1221936421313, 0.0, 88.25927114536, 12.137338596296077, 69.5891353097297, 43.42383965177456, 75.9486497417363, 46.765967555517186, 12.588851648993383, 51.71755359690413, 38.4187830671065, 62.06936293302605, 73.78209033434513, 6.750732650695517, 36.88951858957659, 42.60049512636148, 44.1632869184494, 10.138824021663394, 90.49959410269864, 93.25452096744813, 73.5936610704981, 9.746441218346844, 68.5332360922501, 75.37158965385404, 55.975911783777306, 70.97461243755137, 29.55719011413252, 43.556952784522835, 88.69762936006563, 76.32656689886011, 50.045095141388686, 57.34117301100961, 72.22114215261308, 92.1100609458039, 59.20852206209891, 37.006148818643055, 63.51972254733545, 67.82780485591144, 31.300619443202155, 97.15514011001243, 69.0608678881593, 48.74396010989278, 73.29046484546518, 102.28457122052053], [84.62607367625267, 80.99273044158154, 42.10792585660505, 70.75906107489375, 78.79295798266044, 32.83274732341898, 111.80366032576097, 28.136065121005355, 61.39752047764333, 72.95357577500744, 57.544638835859885, 40.34898627343055, 109.69442318758813, 84.97862365629274, 51.586332424655474, 77.51802143087869, 33.858187817440076, 43.76497566670185, 30.273132256175668, 92.70196617357476, 70.891989830517, 100.1986827684725, 17.570517137656044, 62.9674024601678, 88.25927114536, 0.0, 79.24035541457387, 48.34483065591044, 55.91915811812999, 33.718651347419815, 42.07880285057262, 76.7157845911694, 120.57124528263232, 51.927205329481495, 28.16222978674809, 60.37096186052606, 81.70954417221222, 66.96756684937148, 76.8147238421898, 48.17655786674551, 93.74168233359502, 41.34022759196417, 68.88773964897625, 14.710539400497604, 81.13216976278089, 21.1839196652957, 17.721920098530994, 48.96489871693586, 83.72573545266089, 90.83414392757521, 88.13195160282484, 70.14356862189788, 65.67705425187876, 41.31226357897543, 40.556613076962684, 67.17146347315001, 52.41954147358369, 77.77140037626262, 52.17945294963635, 45.539875351876915, 63.70969218627555, 105.80503373620739, 22.130501153717763, 20.648497599819564, 45.19617395178349, 52.403547945952944, 89.02463506694284], [92.96564755319713, 45.83317809750864, 39.336582235399746, 84.01160329735123, 11.165995761738575, 54.79759835249135, 45.21914233349291, 68.967947508698, 31.320478930159243, 25.444708744903988, 22.262910963175404, 54.4134048263739, 41.412220885226084, 19.332330212313103, 30.007102843437973, 50.33232035365891, 45.92304882432422, 35.783668639256206, 49.16653981570495, 50.570451564904864, 8.745712026393376, 48.263317346030654, 70.51320799792671, 61.04990423965386, 12.137338596296077, 79.24035541457387, 0.0, 57.538791725134956, 31.44925328178236, 64.45360410879019, 39.23304846976732, 12.578598496206876, 50.43685485872822, 27.884622419336914, 52.078508199839284, 61.66868119877306, 9.682480263916945, 24.819085599145883, 46.23768610269414, 33.16161276248065, 14.504227107512742, 78.69872865066283, 81.17467651669142, 64.53582335327579, 2.4079495003399796, 60.560257192156605, 65.23581751994396, 44.02617377744299, 59.99344637981408, 22.89202138238336, 34.52213533538835, 76.67752554540834, 64.29792874803205, 43.79931789277306, 52.45135821104793, 60.260150380011375, 80.03925264721278, 48.03447187632012, 27.105446979686604, 51.59700361071666, 55.78855085135241, 30.866771283126614, 86.48779456196945, 59.3488045629789, 43.65712103331119, 61.1719191954603, 90.66713983903058], [44.26329246369844, 35.56969355968139, 44.92388572706954, 31.40422076621493, 64.00537666906759, 53.19326967104584, 72.13884660902282, 21.76076306279681, 61.88184365376008, 68.26481423881606, 45.856922962372984, 9.577805113712621, 71.28277099473169, 51.843075022608446, 47.48260750730419, 30.62771147417841, 39.46115508461726, 39.67842619590141, 37.7557983462095, 46.92454885879348, 52.831022400365946, 56.209754555404146, 31.06629803253247, 14.915405495381643, 69.5891353097297, 48.34483065591044, 57.538791725134956, 0.0, 26.218656753425126, 15.266044591186168, 44.64272129575247, 63.192614607325375, 81.82184726402409, 35.40265800726148, 29.467412092608456, 12.619029136530605, 65.12979250206159, 34.1547424799576, 83.81254096959479, 29.34128968160945, 69.78742775683538, 22.685379081573544, 28.60101803027735, 39.94330423649434, 59.94600981224776, 45.83391553694629, 31.279305683247827, 13.926111367152181, 35.54602606042607, 56.62745942636789, 47.63499578901491, 26.712549757316104, 18.148771994619306, 50.63088811799116, 58.95686289376289, 18.890505405356887, 22.538967978179787, 31.516802735759207, 38.46216158592004, 7.285876049860148, 15.471139638326585, 72.73103895741954, 40.197765185898156, 32.9337704362438, 55.41778577890228, 5.556698967320593, 45.94270253584937], [65.62584152313048, 30.603463182935638, 29.486144295107884, 54.828811322995094, 37.917497703434805, 43.76877987893165, 55.899900105381015, 39.06147441380943, 39.98126141293484, 43.86974548897737, 22.16925897396935, 23.33990964792959, 53.790158232190464, 29.755637707811204, 26.96503439545101, 30.800505932852023, 29.5028039171627, 23.024864203310997, 30.602060070820446, 41.1967862657258, 26.707326178426175, 46.16275730327115, 43.03393174320047, 32.479683163257874, 43.42383965177456, 55.91915811812999, 31.44925328178236, 26.218656753425126, 0.0, 33.80723773979232, 29.20566892120141, 37.2601581836039, 64.67613497920513, 13.03176108018085, 28.05513462823929, 32.329517827795826, 38.92475039387361, 11.123451630908894, 61.782654863083614, 10.272692078486964, 44.36538992359465, 47.34523174820461, 51.92881620192173, 42.362632259648734, 33.84888528712439, 42.77277002338962, 39.12162467865222, 12.578793524095499, 40.50232314981744, 35.43774341434183, 32.74218636234203, 48.22717725118437, 36.18121761661683, 36.19978904716179, 46.339949736652805, 33.171205339398114, 48.75751017013433, 29.57004004260605, 16.267604779006096, 20.15844996883706, 28.02605189342298, 51.13935240451133, 57.74941375849935, 35.38641451941179, 39.65950101168271, 30.280381743572352, 64.9606176521665], [53.20694996529217, 50.373822147208436, 41.50764000216095, 39.304141318068915, 68.75409766015225, 45.21299493824727, 85.60164061622739, 6.543708885287125, 61.163860114969985, 69.72186625539263, 48.096633859954544, 10.689