instance_id,num_cities,city_coordinates,distance_matrix,best_route,total_distance
2513,31,"[[80.1986085181404, 1.6908614118469556], [55.902405544833, 74.41249831494012], [80.87985850254871, 33.44450865097895], [21.40072996336584, 41.47637410568847], [89.78277040350739, 45.212034747477446], [0.6358661206610772, 99.3770550563809], [3.082896934213819, 86.65567627951994], [3.560466035992871, 90.5225522520891], [18.709522996355577, 83.08034896626408], [46.072921137672076, 93.99275591626403], [62.653553613606796, 25.98939702089166], [48.65794615831337, 9.83987892211442], [54.448560117159815, 62.859067141039205], [81.62438371950266, 84.43430588772554], [25.649795258770382, 0.5680738593701329], [68.56197150091089, 6.319072828710848], [88.06871354205033, 90.23529685627358], [33.21164333818768, 21.53604880894725], [72.78287118806044, 68.32277063625091], [33.51307765889897, 78.49854488533595], [61.205867476513134, 67.00723142098329], [43.42027226090984, 72.87664172412475], [63.093308574499794, 87.74049543104422], [43.4053042948857, 30.787183180502854], [36.334285752470976, 89.92161363711381], [36.64484610808575, 89.81079360231796], [70.9843267747421, 20.894188692504688], [87.0013332943119, 56.10646834759609], [5.401912771029904, 4.638758616818417], [46.34660139236038, 62.13321769478133], [82.51878547672369, 81.41045216056591]]","[[0.0, 76.67295450669339, 31.76095424461443, 70.99350352570187, 44.563984197498726, 125.98738987122893, 114.74254981737721, 117.3220958756291, 102.00566809092517, 98.40834450540257, 29.970782177766267, 32.57636978669132, 66.3672689266451, 82.75572752781298, 54.56036729984156, 12.52324486664481, 88.8935070815614, 51.00594435600735, 67.04330307374444, 89.88302972292855, 68.02170538471317, 80.12528525077336, 87.73329357205111, 46.90781572542183, 98.53296123596031, 98.29574085037814, 21.299548509176827, 54.83917707776337, 74.85476466209013, 69.27652430280432, 79.75334707874259], [76.67295450669339, 0.0, 47.98176042374155, 47.69857331048865, 44.72746578458938, 60.64337946734306, 54.21988469684943, 54.7650661407884, 38.18955547238661, 21.909022147161714, 48.89145875488055, 64.97772977762197, 11.64454543628182, 27.60537607503512, 79.80112437989057, 69.26022815905927, 35.84734751486464, 57.539461258151675, 17.945330967490555, 22.759125197584083, 9.108495278118854, 12.576267601525242, 15.144127360430849, 45.38001388530413, 24.968860011716856, 24.65686706005318, 55.60282198619103, 36.08675713239701, 86.13172773059985, 15.559374201715837, 27.520956355189806], [31.76095424461443, 47.98176042374155, 0.0, 60.01897695282047, 14.7558974904275, 103.85662708216998, 94.25388898956724, 96.1051065902719, 79.55417814770702, 69.8399107646949, 19.692051171011386, 39.942836400991624, 39.545287778730824, 50.9952325226899, 64.27456612470178, 29.79126732338025, 57.243980135535644, 49.133187895404276, 35.805786720644065, 65.37184492193177, 38.90401370846838, 54.38854401519735, 57.13506400419973, 37.56865171548101, 71.93032350300787, 71.65119957651677, 15.982242622238745, 23.47417455241593, 80.78794171706963, 44.89529901045678, 47.993935225104906], [70.99350352570187, 47.69857331048865, 60.01897695282047, 0.0, 68.48400262242099, 61.51153082926765, 48.751536917293855, 52.19006234683756, 41.69092610075593, 58.02316240791833, 44.06406606684069, 41.75911472000352, 39.362147290487734, 73.97480905503713, 41.12837931316454, 58.82362226557317, 82.59571769919594, 23.17572539722119, 57.972868167019776, 38.953178252035734, 47.289255097691154, 38.35149344553283, 62.2787285776839, 24.463444036898267, 50.69469717597188, 50.68134947996025, 53.685746983122044, 67.21219245725607, 40.1618234952003, 32.38829554663494, 73.00785779508215], [44.563984197498726, 44.72746578458938, 14.7558974904275, 68.48400262242099, 0.0, 104.31212761840727, 96.09601179564088, 97.40291970459629, 80.53207881813911, 65.49892885069913, 33.24912336890979, 54.244267687303704, 39.49587533982819, 40.061775131475194, 78.14167738597828, 44.30558421778309, 45.05587777240241, 61.325726474311146, 28.68976623564569, 65.37790206736824, 35.93981050222236, 53.988996223255754, 50.209534361869345, 48.56897883820085, 69.68275938839314, 69.37354171309244, 30.736608785245327, 11.243890601557977, 93.62862741046213, 46.61573994587081, 36.92006094562584], [125.98738987122893, 60.64337946734306, 103.85662708216998, 61.51153082926765, 104.31212761840727, 0.0, 12.954591378613415, 9.32499354294522, 24.33597547352457, 45.75496307341038, 96.08299492577542, 101.60229368100575, 65.03360267235587, 82.35548394354332, 101.92600951728456, 115.21173485550054, 87.90946792695973, 84.38248346036593, 78.54653984130476, 38.94641479639006, 68.6770015830239, 50.326705788817286, 63.53220945149469, 80.83189571999527, 36.92942643261579, 37.25801924340907, 105.39670881526062, 96.59884882463881, 94.85810462445424, 58.96248587446644, 83.83084934490024], [114.74254981737721, 54.21988469684943, 94.25388898956724, 48.751536917293855, 96.09601179564088, 12.954591378613415, 0.0, 3.8962548728499202, 16.030421313331768, 43.61163742179203, 85.02388238783253, 89.31826148908792, 56.61015775206318, 78.57289375389736, 88.9962931275267, 103.64110699970175, 85.06117038916369, 71.7517054973687, 72.07067253961134, 31.504518588910095, 61.35422634195585, 42.62587995016079, 60.02021607615291, 68.89981898753354, 33.41139334368808, 33.70992728663447, 94.52606743139876, 89.30598001473221, 82.04969602223865, 49.73026340652209, 79.60887365486406], [117.3220958756291, 54.7650661407884, 96.1051065902719, 52.19006234683756, 97.40291970459629, 9.32499354294522, 3.8962548728499202, 0.0, 16.87839792562844, 42.653852724497746, 87.50154926370946, 92.43092820617187, 57.92120965331246, 78.30097054245866, 92.62692183387288, 106.37397078096244, 84.50873571535367, 75.0888138987214, 72.6950595214551, 32.2759306014309, 62.25722946797885, 43.59108063180875, 59.59781187988517, 71.80477319785888, 32.77932863905509, 33.092035373035316, 96.92309326937473, 90.2598756931424, 85.9035327286587, 51.34790838330371, 79.4823664530846], [102.00566809092517, 38.18955547238661, 79.55417814770702, 41.69092610075593, 80.53207881813911, 24.33597547352457, 16.030421313331768, 16.87839792562844, 0.0, 29.459059443278402, 72.04480981249611, 79.12695180642102, 41.06311012304588, 62.9294279265128, 82.80364075565878, 91.52901253791084, 69.72725860424131, 63.229837705492244, 56.05098663563226, 15.496391814965186, 45.43439668137601, 26.734561352282473, 44.62776475827447, 57.831278749842106, 18.905955794562967, 19.15658372782446, 81.23899088284213, 73.42589181890955, 79.56240058255808, 34.67838535416039, 63.83110945009648], [98.40834450540257, 21.909022147161714, 69.8399107646949, 58.02316240791833, 65.49892885069913, 45.75496307341038, 43.61163742179203, 42.653852724497746, 29.459059443278402, 0.0, 69.99552981694504, 84.19257129194841, 32.24062507252728, 36.81399813461406, 95.63093269490356, 90.51205495610516, 42.163551537544116, 73.58931220952539, 37.045506825664184, 19.94543164943323, 30.93904648142279, 21.28207754517528, 18.132411579124376, 63.26184161463777, 10.555340762996495, 10.313942386826405, 77.22680014723586, 55.77190786946046, 98.17467980568519, 31.860713685790582, 38.55665176362192], [29.970782177766267, 48.89145875488055, 19.692051171011386, 44.06406606684069, 33.24912336890979, 96.08299492577542, 85.02388238783253, 87.50154926370946, 72.04480981249611, 69.99552981694504, 0.0, 21.370165251242174, 37.77160961681721, 61.44672299935353, 44.89456318604332, 20.538526133988015, 69.09027427826791, 29.776809616926027, 43.528353933749095, 60.0531260494987, 41.04337381386761, 50.678721643830556, 61.75266422824182, 19.837183617363728, 69.13777680985821, 68.91751248928998, 9.765394481123447, 38.72792739971969, 61.103192546943944, 39.65214324159928, 58.873769963967895], [32.57636978669132, 64.97772977762197, 39.942836400991624, 41.75911472000352, 54.244267687303704, 101.60229368100575, 89.31826148908792, 92.43092820617187, 79.12695180642102, 84.19257129194841, 21.370165251242174, 0.0, 53.33446849284391, 81.55436554718382, 24.80607540377299, 20.213023039271285, 89.5356454747669, 19.374949311744743, 63.26342253576177, 70.30917048091086, 58.528254041425676, 63.25398558519815, 79.22679938352927, 21.595828352691896, 81.02442126150649, 80.86817524592213, 24.91314985965023, 60.09003772778937, 43.567603524085925, 52.34439410882513, 79.17640679538161], [66.3672689266451, 11.64454543628182, 39.545287778730824, 39.362147290487734, 39.49587533982819, 65.03360267235587, 56.61015775206318, 57.92120965331246, 41.06311012304588, 32.24062507252728, 37.77160961681721, 53.33446849284391, 0.0, 34.69893824661167, 68.62606430056839, 58.274860254874206, 43.35634520729877, 46.46071973561533, 19.13110081328667, 26.132119888644713, 7.928963970291109, 14.898823227624128, 26.340409063667632, 33.91989445641452, 32.56544731170482, 32.30120418437203, 45.105239187419095, 33.24576111308511, 76.12606610452879, 8.134407943851022, 33.64656650951807], [82.75572752781298, 27.60537607503512, 50.9952325226899, 73.97480905503713, 40.061775131475194, 82.35548394354332, 78.57289375389736, 78.30097054245866, 62.9294279265128, 36.81399813461406, 61.44672299935353, 81.55436554718382, 34.69893824661167, 0.0, 100.83005220658319, 79.19985005561941, 8.670691038144144, 79.37243964233863, 18.37808238100917, 48.47608719290956, 26.844342607607416, 39.91407938634142, 18.823698768469836, 65.86889863075734, 45.621305551242436, 45.29972873960761, 64.42481901387188, 28.833625620618868, 110.35032597031305, 41.73560183477301, 3.153354700406739], [54.56036729984156, 79.80112437989057, 64.27456612470178, 41.12837931316454, 78.14167738597828, 101.92600951728456, 88.9962931275267, 92.62692183387288, 82.80364075565878, 95.63093269490356, 44.89456318604332, 24.80607540377299, 68.62606430056839, 100.83005220658319, 0.0, 43.29582957955519, 109.25352277904447, 22.289852396601475, 82.53620891392626, 78.32617394225936, 75.3551320684278, 74.4601829136579, 94.87385188815134, 35.049289141067376, 89.99007394108975, 89.91748534238133, 49.68270012773466, 82.75581237385266, 20.653019625029877, 64.95094086775246, 98.8411461781141], [12.52324486664481, 69.26022815905927, 29.79126732338025, 58.82362226557317, 44.30558421778309, 115.21173485550054, 103.64110699970175, 106.37397078096244, 91.52901253791084, 90.51205495610516, 20.538526133988015, 20.213023039271285, 58.274860254874206, 79.19985005561941, 43.29582957955519, 0.0, 86.15361652364719, 38.48638797283155, 62.14720054819628, 80.239025080828, 61.13235526084835, 71.1478391656587, 81.60486709008518, 35.093394379885424, 89.59915489735872, 89.38439646313724, 14.775040017396663, 53.092323511990436, 63.18240636927896, 60.07280113487784, 76.37740442248607], [88.8935070815614, 35.84734751486464, 57.243980135535644, 82.59571769919594, 45.05587777240241, 87.90946792695973, 85.06117038916369, 84.50873571535367, 69.72725860424131, 42.163551537544116, 69.09027427826791, 89.5356454747669, 43.35634520729877, 8.670691038144144, 109.25352277904447, 86.15361652364719, 0.0, 87.91407642476594, 26.717331113234575, 55.80384174447401, 35.512751549364275, 47.90413569653801, 25.099698951271797, 74.35656222006952, 51.735378764218815, 51.42561953811137, 71.41474324391619, 34.14551560553712, 118.99818195373446, 50.30369266197148, 10.424950140583888], [51.00594435600735, 57.539461258151675, 49.133187895404276, 23.17572539722119, 61.325726474311146, 84.38248346036593, 71.7517054973687, 75.0888138987214, 63.229837705492244, 73.58931220952539, 29.776809616926027, 19.374949311744743, 46.46071973561533, 79.37243964233863, 22.289852396601475, 38.48638797283155, 87.91407642476594, 0.0, 61.27707085763841, 56.96329363636113, 53.39761261745634, 52.3457026446662, 72.63568454852691, 13.765689625321617, 68.45682122706877, 68.36100977793654, 37.7781365131637, 63.940946604301736, 32.54073647069043, 42.66916034596663, 77.5637701674056], [67.04330307374444, 17.945330967490555, 35.805786720644065, 57.972868167019776, 28.68976623564569, 78.54653984130476, 72.07067253961134, 72.6950595214551, 56.05098663563226, 37.045506825664184, 43.528353933749095, 63.26342253576177, 19.13110081328667, 18.37808238100917, 82.53620891392626, 62.14720054819628, 26.717331113234575, 61.27707085763841, 0.0, 40.566772923062466, 11.651508844955963, 29.71363252181865, 21.70105204473837, 47.66510004406859, 42.367551253658604, 42.043929260609126, 47.46267109214702, 18.745738349681023, 92.71379047417284, 27.151186462589408, 16.31181886602759], [89.88302972292855, 22.759125197584083, 65.37184492193177, 38.953178252035734, 65.37790206736824, 38.94641479639006, 31.504518588910095, 32.2759306014309, 15.496391814965186, 19.94543164943323, 60.0531260494987, 70.30917048091086, 26.132119888644713, 48.47608719290956, 78.32617394225936, 80.239025080828, 55.80384174447401, 56.96329363636113, 40.566772923062466, 0.0, 29.982343020827564, 11.391150075218468, 30.990380941666146, 48.72607293377068, 11.766295713395955, 11.737757224196748, 68.71940310197806, 57.98619303412911, 79.02851143090102, 20.797193692208175, 49.092144001922996], [68.02170538471317, 9.108495278118854, 38.90401370846838, 47.289255097691154, 35.93981050222236, 68.6770015830239, 61.35422634195585, 62.25722946797885, 45.43439668137601, 30.93904648142279, 41.04337381386761, 58.528254041425676, 7.928963970291109, 26.844342607607416, 75.3551320684278, 61.13235526084835, 35.512751549364275, 53.39761261745634, 11.651508844955963, 29.982343020827564, 0.0, 18.729051617204593, 20.818997824325194, 40.357799049574545, 33.81810890340598, 33.51486563927033, 47.138423562160135, 28.004154912072366, 83.68935273196631, 15.6382159584416, 25.723398713172454], [80.12528525077336, 12.576267601525242, 54.38854401519735, 38.35149344553283, 53.988996223255754, 50.326705788817286, 42.62587995016079, 43.59108063180875, 26.734561352282473, 21.28207754517528, 50.678721643830556, 63.25398558519815, 14.898823227624128, 39.91407938634142, 74.4601829136579, 71.1478391656587, 47.90413569653801, 52.3457026446662, 29.71363252181865, 11.391150075218468, 18.729051617204593, 0.0, 24.656895684909987, 42.08946120509591, 18.459205625171506, 18.239295473950936, 58.838359294138236, 46.69633385905093, 78.11404706752907, 11.134835520107593, 40.01899119483502], [87.73329357205111, 15.144127360430849, 57.13506400419973, 62.2787285776839, 50.209534361869345, 63.53220945149469, 60.02021607615291, 59.59781187988517, 44.62776475827447, 18.132411579124376, 61.75266422824182, 79.22679938352927, 26.340409063667632, 18.823698768469836, 94.87385188815134, 81.60486709008518, 25.099698951271797, 72.63568454852691, 21.70105204473837, 30.990380941666146, 20.818997824325194, 24.656895684909987, 0.0, 60.26024633887393, 26.847766741736777, 26.529366772602994, 67.31045158680391, 39.65230529892905, 101.16420222239424, 30.59713833851828, 20.430824767614304], [46.90781572542183, 45.38001388530413, 37.56865171548101, 24.463444036898267, 48.56897883820085, 80.83189571999527, 68.89981898753354, 71.80477319785888, 57.831278749842106, 63.26184161463777, 19.837183617363728, 21.595828352691896, 33.91989445641452, 65.86889863075734, 35.049289141067376, 35.093394379885424, 74.35656222006952, 13.765689625321617, 47.66510004406859, 48.72607293377068, 40.357799049574545, 42.08946120509591, 60.26024633887393, 0.0, 59.555689641334276, 59.40951423906503, 29.299723904569248, 50.41507657329698, 46.130227340412816, 31.48372767614963, 63.97327389144478], [98.53296123596031, 24.968860011716856, 71.93032350300787, 50.69469717597188, 69.68275938839314, 36.92942643261579, 33.41139334368808, 32.77932863905509, 18.905955794562967, 10.555340762996495, 69.13777680985821, 81.02442126150649, 32.56544731170482, 45.621305551242436, 89.99007394108975, 89.59915489735872, 51.735378764218815, 68.45682122706877, 42.367551253658604, 11.766295713395955, 33.81810890340598, 18.459205625171506, 26.847766741736777, 59.555689641334276, 0.0, 0.3297405261591746, 77.23607147783164, 60.91480737520526, 90.7192209990568, 29.537119248847105, 46.9621963334273], [98.29574085037814, 24.65686706005318, 71.65119957651677, 50.68134947996025, 69.37354171309244, 37.25801924340907, 33.70992728663447, 33.092035373035316, 19.15658372782446, 10.313942386826405, 68.91751248928998, 80.86817524592213, 32.30120418437203, 45.29972873960761, 89.91748534238133, 89.38439646313724, 51.42561953811137, 68.36100977793654, 42.043929260609126, 11.737757224196748, 33.51486563927033, 18.239295473950936, 26.529366772602994, 59.40951423906503, 0.3297405261591746, 0.0, 76.99804130463946, 60.595027375294094, 90.72153232323004, 29.328693522102252, 46.63672425820114], [21.299548509176827, 55.60282198619103, 15.982242622238745, 53.685746983122044, 30.736608785245327, 105.39670881526062, 94.52606743139876, 96.92309326937473, 81.23899088284213, 77.22680014723586, 9.765394481123447, 24.91314985965023, 45.105239187419095, 64.42481901387188, 49.68270012773466, 14.775040017396663, 71.41474324391619, 37.7781365131637, 47.46267109214702, 68.71940310197806, 47.138423562160135, 58.838359294138236, 67.31045158680391, 29.299723904569248, 77.23607147783164, 76.99804130463946, 0.0, 38.68396484793546, 67.5669448288128, 48.03826625793515, 61.605696828162905], [54.83917707776337, 36.08675713239701, 23.47417455241593, 67.21219245725607, 11.243890601557977, 96.59884882463881, 89.30598001473221, 90.2598756931424, 73.42589181890955, 55.77190786946046, 38.72792739971969, 60.09003772778937, 33.24576111308511, 28.833625620618868, 82.75581237385266, 53.092323511990436, 34.14551560553712, 63.940946604301736, 18.745738349681023, 57.98619303412911, 28.004154912072366, 46.69633385905093, 39.65230529892905, 50.41507657329698, 60.91480737520526, 60.595027375294094, 38.68396484793546, 0.0, 96.47481834482511, 41.09901378030077, 25.697953843526207], [74.85476466209013, 86.13172773059985, 80.78794171706963, 40.1618234952003, 93.62862741046213, 94.85810462445424, 82.04969602223865, 85.9035327286587, 79.56240058255808, 98.17467980568519, 61.103192546943944, 43.567603524085925, 76.12606610452879, 110.35032597031305, 20.653019625029877, 63.18240636927896, 118.99818195373446, 32.54073647069043, 92.71379047417284, 79.02851143090102, 83.68935273196631, 78.11404706752907, 101.16420222239424, 46.130227340412816, 90.7192209990568, 90.72153232323004, 67.5669448288128, 96.47481834482511, 0.0, 70.58385333038471, 108.81592248141473], [69.27652430280432, 15.559374201715837, 44.89529901045678, 32.38829554663494, 46.61573994587081, 58.96248587446644, 49.73026340652209, 51.34790838330371, 34.67838535416039, 31.860713685790582, 39.65214324159928, 52.34439410882513, 8.134407943851022, 41.73560183477301, 64.95094086775246, 60.07280113487784, 50.30369266197148, 42.66916034596663, 27.151186462589408, 20.797193692208175, 15.6382159584416, 11.134835520107593, 30.59713833851828, 31.48372767614963, 29.537119248847105, 29.328693522102252, 48.03826625793515, 41.09901378030077, 70.58385333038471, 0.0, 40.98827478782072], [79.75334707874259, 27.520956355189806, 47.993935225104906, 73.00785779508215, 36.92006094562584, 83.83084934490024, 79.60887365486406, 79.4823664530846, 63.83110945009648, 38.55665176362192, 58.873769963967895, 79.17640679538161, 33.64656650951807, 3.153354700406739, 98.8411461781141, 76.37740442248607, 10.424950140583888, 77.5637701674056, 16.31181886602759, 49.092144001922996, 25.723398713172454, 40.01899119483502, 20.430824767614304, 63.97327389144478, 46.9621963334273, 46.63672425820114, 61.605696828162905, 25.697953843526207, 108.81592248141473, 40.98827478782072, 0.0]]",Route_3,1688.3076732126651
