instance_id,num_cities,city_coordinates,distance_matrix,best_route,total_distance
1684,81,"[[35.9393922866188, 12.942399442779163], [47.03678836244859, 13.890089722879761], [67.34146851337222, 96.01446965399577], [4.855374702855575, 29.939811808310214], [46.688929255253484, 65.79781591643572], [2.293637765505796, 87.49806526187251], [76.48973925358823, 46.2524090212585], [96.48991459074495, 71.57515334848686], [85.21639174372572, 3.1248775938762074], [6.358930683605724, 11.750071065319279], [21.215254266459105, 81.89550471346057], [50.513461560496594, 61.48000142311011], [90.47980550669948, 27.689788867675613], [82.74609206917225, 96.76920062819234], [61.58659876820446, 81.47786357325721], [81.8672660152929, 36.19953035017262], [29.06297788515331, 3.930622340048351], [62.48799444712162, 9.018545144856871], [40.847152080923046, 92.46269256041028], [65.22927305627275, 47.89391844476313], [18.16889865648077, 27.09526000607706], [97.71192542701867, 13.639837145679623], [42.56543536497639, 89.31870095204256], [47.25104917603562, 79.93751333679268], [98.89406068904073, 69.90148780941153], [1.094000303976006, 12.749813029973723], [5.471072530399656, 83.77445599433597], [7.003824868034981, 43.187952068066735], [68.54585947975181, 6.578609129381485], [57.95886656444118, 82.66790661226356], [64.69003107431621, 95.29265171503971], [38.9946279170867, 65.76327934004101], [92.42839538681564, 19.151755414947036], [5.513573062499743, 36.48452067986885], [63.95787146918168, 16.99176522796876], [35.382763030017685, 59.50894582851084], [13.182390225174034, 93.10749537108924], [26.39593702899856, 48.814406098504705], [96.27366101738801, 11.073665550517632], [10.599819316708093, 18.792820776726938], [31.724368970779103, 7.045132685293376], [89.14873945896214, 21.55842241596536], [88.10055806996905, 94.27306305603585], [72.69308569009192, 64.72887842314485], [10.773783565325479, 30.08353026943289], [73.67855184363269, 34.928056440360365], [57.45878038166976, 84.45172012314836], [51.21396206895179, 4.525783985606391], [89.80065667399865, 80.56379828232508], [41.63074402189121, 40.209550662241746], [52.402868396925484, 12.839548945662449], [97.04580355118082, 89.20603021345124], [49.45825455070532, 30.814865009404645], [19.20055398992091, 79.35436621290947], [69.67888874305007, 14.163586409220974], [43.66827482333522, 24.910362791089614], [70.034737734908, 40.79089426253266], [51.90097486948025, 32.20391126551421], [40.37826315685905, 25.621516938115153], [65.3107918776014, 94.96897350750835], [57.36897739405067, 53.5307238796049], [72.68115792832319, 85.23659625436028], [76.74273189683754, 73.5264961270776], [35.42459787578861, 1.9419672753904216], [72.7327619603725, 9.82074484254949], [88.06870954107958, 20.73837730075747], [66.09706554847551, 79.45822175619823], [61.20290204057515, 10.790692227113185], [99.2227752974362, 38.19079963666587], [33.827851442500666, 82.32090626718309], [79.4549047007052, 60.260832738546], [52.71175691708918, 75.19128872506163], [12.964915146747536, 81.2592773480747], [0.33479373663944934, 37.889016465715095], [91.48371659392716, 4.150851196521921], [11.664365294365808, 11.25382321986833], [14.044447899401568, 32.21188194606343], [15.866248728145393, 34.31800887582832], [13.951963357508257, 33.64282751206612], [22.316223377408704, 44.313990510780144], [81.17075940550703, 84.2599615579226]]","[[0.0, 11.13778777544444, 88.8091168773124, 35.42778819333221, 53.93744150072127, 81.79599075152352, 52.47749400705022, 84.28621228807094, 50.24546159355493, 29.604482018894146, 70.50766601516735, 50.67842046868485, 56.499045735894505, 96.00937319612538, 73.17710737579843, 51.4807121481499, 11.335660614626098, 26.837006338784857, 79.67159546358137, 45.60159861284021, 22.717700279362106, 61.77647019643667, 76.66318463976148, 67.94335042707074, 84.89775038961125, 34.845924179886865, 77.10706027394738, 41.85762195161652, 33.2216725944037, 73.1197893700023, 87.2247859269692, 52.909165726541566, 56.82924927221144, 38.47027356025171, 28.309583871296553, 46.56987307717087, 83.33260915163858, 37.11978447893545, 60.36320194983664, 26.006179805618135, 7.2487362182672355, 53.902416257357466, 96.62020523498626, 63.503333644623424, 30.44874756586374, 43.6762324117482, 74.67708489324754, 17.439951198018868, 86.45050249954696, 27.85478451181463, 16.463797370576334, 97.72479151146445, 22.409477065419356, 68.48896289038031, 33.76158939890931, 14.246675821849193, 44.02307627783426, 25.015554286220965, 13.433673922765978, 87.12656292273715, 45.89813937912616, 81.09505678585812, 73.04344799089968, 11.01247116476329, 36.925557265837355, 52.709040858075866, 73.03314230265082, 25.3549752322931, 68.13419316058913, 69.41063185074921, 64.28556564444652, 64.46887956351742, 72.07650384541085, 43.474373357119575, 56.235782943973625, 24.333684988821382, 29.16678840160009, 29.32316099866013, 30.198588595568676, 34.20186335957074, 84.45159108916175], [11.13778777544444, 0.0, 84.59724472523678, 45.13164341502815, 51.90889176763104, 86.1399070599084, 43.75838235773919, 75.98143364824168, 39.668273299125005, 40.73411083103328, 72.74261537167509, 47.71673660427488, 45.582095553874616, 90.24467516520922, 69.13612772561974, 41.3627043920969, 20.548694693907258, 16.200978860757186, 78.81602320570282, 38.56458047330745, 31.744788206635743, 50.675754980714, 75.56102427566866, 66.04777114885785, 76.33120861588839, 45.9569364244628, 81.31133612107041, 49.60849628987536, 22.71778793805219, 69.63964308007365, 83.29474219379966, 52.49289614497288, 45.695548077571466, 47.27246258781165, 17.203006843102667, 47.083928668232595, 86.14823057306558, 40.567876676926666, 49.31735874879541, 36.76532993224198, 16.772704745293144, 42.80443611878323, 90.26436497572648, 56.94583416787078, 39.714393280659905, 33.94671714603897, 71.3271449196785, 10.25373113141907, 79.2094176600071, 26.86892888729794, 5.467947591282116, 90.4068166242245, 17.097120137620664, 71.13668139859595, 22.643752120235575, 11.523597613640522, 35.3915097194061, 18.94878280710005, 13.489341808251316, 83.11272225257169, 40.96503395009068, 75.81528661607597, 66.62540093744242, 16.661350423020192, 26.01619931696928, 41.59949036176646, 68.2823117999593, 14.501208279945795, 57.56649837095079, 69.69399305159133, 56.578972019167146, 61.56331916978861, 75.49503285452313, 52.50737840377372, 45.501452683266045, 35.47052600092554, 37.73834388919476, 37.2679811904679, 38.53279506830352, 39.20102131745531, 78.21155184017708], [88.8091168773124, 84.59724472523678, 0.0, 90.94158745657073, 36.60018498455626, 65.60296813996493, 50.595983397425066, 38.03829767755412, 94.59381160301376, 104.01614677380742, 48.23870657204848, 38.41628969585795, 72.13629213765651, 15.423101041597336, 15.634303378481968, 61.553438222302844, 99.72300527417445, 87.13120618763155, 26.731328506927316, 48.166885080201865, 84.66285540202765, 87.79490152636309, 25.664861914307377, 25.731177073256575, 40.95673197191939, 106.40361876774334, 63.069515881117134, 80.19521307988511, 89.44396964233059, 16.314532305862055, 2.747934065844135, 41.45694015725632, 80.8531430443317, 85.82833728289377, 79.09511074498022, 48.518162845936814, 54.23703771878273, 62.48505859947825, 89.73300376581003, 95.82691588943834, 95.83381814619253, 77.58389031497573, 20.832001731908196, 31.74000669612497, 86.87227261049627, 61.414236984934334, 15.210677217717976, 92.89927916536371, 27.260564533218798, 61.44290306905323, 84.50579393317739, 30.47461841687187, 67.6076755068943, 50.94218976272949, 81.88425136300548, 74.94140452551972, 55.28921213144823, 65.65208455043057, 75.38025096242188, 2.2840117756670026, 43.638506323521455, 12.028085386573784, 24.37401703767063, 99.33942991113325, 86.36216904352854, 78.07758065279647, 16.602948027153776, 85.44456821382956, 66.03025470595021, 36.20326238616722, 37.74993892639299, 25.448640934037034, 56.342925518809324, 88.70435599776283, 94.98301184150452, 101.41157235143854, 83.13448505015481, 80.35018061267418, 82.10152863539729, 68.5580939291028, 18.14986906729447], [35.42778819333221, 45.13164341502815, 90.94158745657073, 0.0, 55.09848223959348, 57.6152326799146, 73.46824492540401, 100.64984135920109, 84.71678556677801, 18.25177659529269, 54.470539602521875, 55.49274237625514, 85.65398854528397, 102.63104336348925, 76.64595595123839, 77.26587526031138, 35.5314788409874, 61.31246412753681, 72.14234995045346, 62.98696331386258, 13.614014654735016, 94.2763394834116, 70.34131894615346, 65.55275259031514, 102.17734587874817, 17.59670410525098, 53.83816488747401, 13.421216727794876, 67.83969075491159, 74.8347033771644, 88.60688340623086, 49.48544670933426, 88.23500502895482, 6.577722956623865, 60.504190220680414, 42.50006029150946, 63.714169807008524, 28.639939506673073, 93.34470819123197, 12.540097805831389, 35.30027174280122, 84.70902567053962, 105.20707091221264, 76.23801012565326, 5.920153584108251, 69.00371219188112, 75.75398627884358, 52.8676785262332, 98.8862423984158, 38.18239548115621, 50.529032709515306, 109.59726189683755, 44.61146275147752, 51.454663110190005, 66.71564479462191, 39.13740631645319, 66.07643570663008, 47.10004927163057, 35.78439987901888, 88.78991686601024, 57.56917230570759, 87.51040646815125, 84.06896677275768, 41.45306627845681, 70.79630326845947, 83.72052013631526, 78.75669889855455, 59.512457669046384, 94.72742525331158, 59.859698171128784, 80.52610872351813, 65.86295986198996, 51.956252650650185, 9.144698297780138, 90.38550828663163, 19.887898893615063, 9.465799962092476, 11.849386328533058, 9.821417945196036, 22.616327062681595, 93.67345734589924], [53.93744150072127, 51.90889176763104, 36.60018498455626, 55.09848223959348, 0.0, 49.415005090698855, 35.63861960366716, 50.13497549804542, 73.5680811478999, 67.4363960208469, 30.133763489491113, 5.768064610648957, 58.05051738286653, 47.53257473725863, 21.628787562813176, 45.973621628764455, 64.32902768361514, 58.93637289729635, 27.297289370794818, 25.773899451502437, 48.07577330994656, 72.96438095258952, 23.87959871357528, 14.150866473279619, 52.366171055598485, 69.94989747179136, 44.96744713101854, 45.67399099560068, 63.12400376502175, 20.28820955723984, 34.55408811540068, 7.694378848069816, 65.32957769884071, 50.543834789480286, 51.77110148522241, 12.937514509961296, 43.22622756718613, 26.46208122084577, 73.84699220140551, 59.261230363876706, 60.62850692014956, 61.31850797128401, 50.25696668869985, 26.02611725271582, 50.649855766867354, 41.00465555975191, 21.539680485986356, 61.43889500062331, 45.57033329105613, 26.083415354857095, 53.265628139189594, 55.53160618450388, 35.092392576679295, 30.649483367074396, 56.5210747779468, 40.99888018317626, 34.2107132952991, 33.99582105465298, 40.668900971145355, 34.60823894289903, 16.264838618538562, 32.45708139095734, 31.03165401678828, 64.84176560747312, 61.73907764117584, 61.177113570871576, 23.733572046434553, 56.88970963702915, 59.346038855640856, 20.938477433773535, 33.230518045979636, 11.15848486357209, 37.099405887328814, 54.107365177566905, 76.20315762417786, 64.8210399479483, 46.836707011219, 44.056961835674095, 45.88738623494781, 32.48974524167005, 39.11326414655784], [81.79599075152352, 86.1399070599084, 65.60296813996493, 57.6152326799146, 49.415005090698855, 0.0, 84.88972632037832, 95.53260015062149, 118.30054067751048, 75.85700515648516, 19.733632602938833, 54.79134103795852, 106.5543528257884, 80.98488349355183, 59.597802416189396, 94.67577301993477, 87.75029964013633, 98.90599402518863, 38.87185344542332, 74.35981868296605, 62.454165522614026, 120.66353003587624, 40.31293088091024, 45.588713363588866, 98.19002620962208, 74.75787812506898, 4.895033979702301, 44.55975755980628, 104.58162010053081, 55.87439601300597, 62.88136032182875, 42.6539986070976, 113.1171631590194, 51.11506347581799, 93.66758277404416, 43.33913955566658, 12.248699370876825, 45.57791478396718, 121.1318853220128, 69.20551474936921, 85.66704325146652, 109.04973722493071, 86.07396916168923, 73.9899867372836, 58.037416389638445, 88.65332360061537, 55.24919165531689, 96.32028649325203, 87.78133296319308, 61.51106844841543, 89.91567745955437, 94.76755808477851, 73.73931290265796, 18.766023830835145, 99.59275996726181, 75.02720234847062, 82.28254035836594, 74.28547207038768, 72.65773134128253, 63.45846029019549, 64.70759859382107, 70.42383997442175, 75.74874494712272, 91.74696954396737, 104.85912609241998, 108.69323288397621, 64.30798146771804, 96.71774653766332, 108.7495477973061, 31.956370374037537, 81.8274278623913, 51.89839580863996, 12.361174522704191, 49.647706819035996, 122.07222556288302, 76.81793396713981, 56.52117837087364, 54.884735269162086, 55.102660450266015, 47.600086624857255, 78.9435597994484], [52.47749400705022, 43.75838235773919, 50.595983397425066, 73.46824492540401, 35.63861960366716, 84.88972632037832, 0.0, 32.2683807120715, 44.001573048056706, 78.15843930827545, 65.77004607810333, 30.11057244798808, 23.244199722353187, 50.90273258688032, 38.24834956860245, 11.400796623412914, 63.564387213189804, 39.77951076611954, 58.35909804931736, 11.379483826972955, 61.38661748576056, 38.909652148529176, 54.82302340253044, 44.604789543272055, 32.57656437550385, 82.50419013549144, 80.32157264514412, 69.55345566119918, 40.461285492701144, 40.859291567792404, 50.439850481349964, 42.267687832823235, 31.440200146031998, 71.64515203302221, 31.831320823422203, 43.19165732369192, 78.76052029954825, 50.15927481872244, 40.360222404445985, 71.38284482876604, 59.50755325369831, 27.749653343096988, 49.40439583189538, 18.86251573465352, 67.67584112601003, 11.668064793717372, 42.67745030157751, 48.7849992226432, 36.802879718813045, 35.37888757028143, 41.189762879833495, 47.618960015199306, 31.129068896453, 66.16487223665357, 32.803661705725915, 39.15011449072696, 8.455482722230832, 28.31903287773665, 41.58933053117049, 49.98272221256084, 20.459164236751512, 39.16978613595807, 27.275260452163355, 60.413252553497216, 36.62486905385421, 28.018536142228065, 34.7941613798756, 38.61632750489525, 24.120125904328177, 55.86567072169716, 14.318803761901316, 37.454655284838076, 72.53195232348358, 76.61280612095837, 44.691839610293904, 73.66973677874994, 64.00430308079719, 61.78703351286337, 63.79635538073697, 54.20818470220562, 38.294725478712486], [84.28621228807094, 75.98143364824168, 38.03829767755412, 100.64984135920109, 50.13497549804542, 95.53260015062149, 32.2683807120715, 0.0, 69.3724193629176, 108.17871662326543, 75.97884007559688, 47.07171470893184, 44.294995505313864, 28.69900130381759, 36.28091957494705, 38.27866969841075, 95.51007469817758, 71.20013906865495, 59.434050123259134, 39.217707680486775, 90.07020844167852, 57.94820250882015, 56.768679228338506, 49.9439178669623, 2.9293471625328316, 112.07497992949834, 91.83274249989, 93.88074057226, 70.74899982665721, 40.096020213686494, 39.670547266528516, 57.7882848783055, 52.58049628086592, 97.50921607185546, 63.54274221638825, 62.28705592481329, 86.04525186725017, 73.69679304965838, 60.50187427985855, 100.81211781278576, 91.42592338196019, 50.552608493447295, 24.198686078478136, 24.762078791578098, 95.23029929440085, 43.16674625419381, 41.10030911744041, 80.90444863365452, 11.20454859525222, 63.192797274483546, 73.44071668128694, 17.639638079163376, 62.23646962679504, 77.67986492569493, 63.36338947237254, 70.48211337271147, 40.58998632599874, 59.48334429588348, 72.52760940479529, 38.979591003420026, 43.08188902549601, 27.449807213910475, 19.843360677720757, 92.61616224066077, 66.16652681697146, 51.529549710971686, 31.398535641440905, 70.28459268240536, 33.496023650549226, 63.57676748454755, 20.450071217926958, 43.927252638438254, 84.08452764783281, 101.88504838568056, 67.60989971197122, 104.0866786957785, 91.36039685473271, 88.81593500819913, 90.83707798658294, 79.02472693705, 19.889215039804107], [50.24546159355493, 39.668273299125005, 94.59381160301376, 84.71678556677801, 73.5680811478999, 118.30054067751048, 44.001573048056706, 69.3724193629176, 0.0, 79.32775760897421, 101.49363179626877, 67.89413701069701, 25.122467839165378, 93.6769001250439, 81.83860658607935, 33.243785856824985, 56.15919437249876, 23.480105640174685, 99.74905819730782, 49.02807289843967, 71.20355020833799, 16.331035986929013, 96.16901405921121, 85.68283518917912, 68.16299802425925, 84.67122370493722, 113.41812215253424, 87.87636515929032, 17.024538392671293, 84.08368536356708, 94.42579133256177, 77.84613557884255, 17.57480609393669, 86.40257572872004, 25.381395882018566, 75.24994153794168, 115.26390968909013, 74.48072843241081, 13.617871851722054, 76.24380187488953, 53.63548172919883, 18.84831380419731, 91.19380531835311, 62.86402876594462, 79.17367533772904, 33.831404557033046, 85.93334803385684, 34.03127623975242, 77.57449273016746, 57.22745550799384, 34.22136984260304, 86.89015951202373, 45.22587510028957, 100.8415874996819, 19.05956693647511, 46.91325382989805, 40.61048423901095, 44.22111713628475, 50.165292353948765, 93.97643779279309, 57.58669834035459, 83.06302684218352, 70.90973701329862, 49.80584316532268, 14.166003345322178, 17.842956278078137, 78.6913468251998, 25.207387839966064, 37.759736081766434, 94.40758990628814, 57.42570942740379, 79.05769348103978, 106.42020623637497, 91.72475691838649, 6.3507466184125345, 73.9998672417571, 76.88627584142561, 76.04244719532996, 77.52395771903976, 75.18626339559967, 81.23588487158183], [29.604482018894146, 40.73411083103328, 104.01614677380742, 18.25177659529269, 67.4363960208469, 75.85700515648516, 78.15843930827545, 108.17871662326543, 79.32775760897421, 0.0, 71.70141011224422, 66.50329743966863, 85.61773288648425, 114.2945791198042, 88.94976318176823, 79.3680336400255, 24.01286192225412, 56.195489434855816, 87.77223184903185, 69.08035114606443, 19.363630009579538, 91.3725388966976, 85.60258946869293, 79.50907267931406, 109.29015305354757, 5.3590088540922425, 72.02985711844347, 31.44449475587134, 62.40158757316834, 87.70343654367123, 101.89151119895213, 63.107173934853925, 86.38713842643836, 24.74889143461285, 57.836954772144075, 55.88642914625021, 81.64306516651925, 42.13367483068062, 89.91727451061472, 8.2210376410712, 25.798098857478664, 83.36879628060971, 116.15394033295185, 84.89389936551467, 18.857535691498168, 71.19796625729677, 88.86351565683454, 45.433073464057955, 108.1566026174653, 45.321548904450516, 46.05682535954717, 119.2624606406258, 47.12767855445009, 68.81313836429628, 63.36593836569486, 39.562361386097095, 69.98555433520896, 49.92431639555276, 36.738698840972226, 101.9838598108481, 65.93669551160149, 98.98942979459727, 93.64937889081153, 30.67591741547029, 66.40186577220983, 82.20266181772521, 90.29417714953796, 54.85236186308917, 96.55467758656374, 75.72835921071491, 87.72864649374847, 78.57081263409661, 69.82240892998406, 26.8241438372351, 85.46330978198998, 5.328592528347961, 21.857558861721817, 24.48879158756171, 23.172115354959004, 36.2635359523332, 104.1849026297209], [70.50766601516735, 72.74261537167509, 48.23870657204848, 54.470539602521875, 30.133763489491113, 19.733632602938833, 65.77004607810333, 75.97884007559688, 101.49363179626877, 71.70141011224422, 0.0, 35.7096307071734, 87.95361100526722, 63.30300807124177, 40.373504690583836, 75.93937451803868, 78.35885176223178, 83.75255409827436, 22.295220806044412, 55.61781835722921, 54.88485312444191, 102.52110443108877, 22.6038508961633, 26.10931532623244, 78.59932193557094, 72.01382880676852, 15.85590478194074, 41.233958788143646, 88.95403841467594, 36.75172988306392, 45.49219456428664, 24.007391005843026, 94.9109558705555, 48.048936133174614, 77.71374861978455, 26.49294855758473, 13.792593636170226, 33.484303180124684, 103.19640171250956, 63.98934426286689, 75.58452013887226, 90.85990265554294, 68.0209365961075, 54.26472322118041, 52.85361866694852, 70.41547266018607, 36.33355780108359, 82.98190257716126, 68.59832990257749, 46.41671021425883, 75.7719757044447, 76.1821238080734, 58.36864584373623, 3.242900257989162, 83.28467220234947, 61.249036988676494, 63.819518694899976, 58.402636141895705, 59.447309525943, 45.99273881304098, 45.95272013427731, 51.57423903866102, 56.15461759028485, 81.20636424978574, 88.59359237237149, 90.6067255535111, 44.947940243889896, 81.57760926397262, 89.41629931532583, 12.619769174077675, 62.12822155965303, 32.20211470137095, 8.274834188713928, 48.70897904736166, 104.79450342616084, 71.28440674088118, 50.19843458960504, 47.87723854222197, 48.79627293072719, 37.597637462339776, 60.00211040161608], [50.67842046868485, 47.71673660427488, 38.41628969585795, 55.49274237625514, 5.768064610648957, 54.79134103795852, 30.11057244798808, 47.07171470893184, 67.89413701069701, 66.50329743966863, 35.7096307071734, 0.0, 52.33628868163686, 47.794037808546626, 22.858890134847105, 40.27608808535449, 61.417052051951465, 53.81072228364845, 32.45558024537894, 20.028398804541194, 47.20679179702922, 67.20399027923064, 28.951067542784312, 18.743614395575317, 49.108082888579, 69.40399420577539, 50.257929863525526, 47.198385085904626, 57.78693840746579, 22.457991494728976, 36.664293842163204, 12.289426277016332, 59.569640655222, 51.47585863701443, 46.475319445351154, 15.258541810318498, 48.92757157751035, 27.241003917882242, 68.07932542582284, 58.440518723759524, 57.58632593635675, 55.555532296211155, 49.88160698366947, 22.41630942620756, 50.645635627007124, 35.23673069671498, 23.99869399699553, 56.95852512908668, 43.67693902335834, 23.050699478349312, 48.67713503693894, 54.16633201187635, 30.683286217494327, 36.055389294282136, 51.05053113197112, 37.2047718867241, 28.445023792914984, 29.308951671772405, 37.263295026630715, 36.61246011651107, 10.49710011421187, 32.492807823152724, 28.86334452258733, 61.42028425097636, 56.235007786219086, 55.41007658368782, 23.792123057836083, 51.804152387086894, 53.99059329710437, 26.697432455752608, 28.967110717490442, 13.886392690381234, 42.43952278126312, 55.4475723168926, 70.46412749198744, 63.49741142439506, 46.761220847362566, 44.0250292014535, 45.95270832280539, 33.0114551602322, 38.19419451829463], [56.499045735894505, 45.582095553874616, 72.13629213765651, 85.65398854528397, 58.05051738286653, 106.5543528257884, 23.244199722353187, 44.294995505313864, 25.122467839165378, 85.61773288648425, 87.95361100526722, 52.33628868163686, 0.0, 69.5109736136159, 61.05714025539225, 12.10749918810521, 65.85229463870063, 33.64753822424463, 81.60226307444859, 32.338773028638485, 72.3133508701421, 15.80204739685006, 78.06349768477374, 67.81261008172952, 43.042156286846335, 90.62574165087061, 101.84289159751967, 84.90248763241657, 30.443059935814826, 63.87648159083176, 72.35509332751033, 64.03369572485461, 8.757569169627116, 85.42018475401574, 28.598263843914925, 63.62501740177009, 101.26384711915387, 67.47585977382067, 17.597281488051983, 80.37392758180088, 62.27682676096575, 6.274184519807899, 66.62576993932262, 41.08846014311768, 79.74195841348067, 18.29411495821798, 65.66814250577565, 45.58922661171431, 52.87837095370279, 50.427921267282635, 40.8703164338501, 61.8656631713574, 41.14041496784918, 88.03385853780254, 24.812019086631693, 46.89397204582652, 24.282499022141415, 38.84203231497951, 50.14421496650897, 71.83291677819041, 42.000962615113096, 60.23642499368157, 47.850923959176384, 60.7785011663734, 25.18452479216397, 7.3576835028500565, 57.22314786521134, 33.80409063755201, 13.664214135184809, 78.70198782502803, 34.38635393030462, 60.686225644444285, 94.22445714126977, 90.72015978061806, 23.560335824379013, 80.51095939460568, 76.56900951667794, 74.90738385248139, 76.75903395114568, 70.16151373058572, 57.33099316703393], [96.00937319612538, 90.24467516520922, 15.423101041597336, 102.63104336348925, 47.53257473725863, 80.98488349355183, 50.90273258688032, 28.69900130381759, 93.6769001250439, 114.2945791198042, 63.30300807124177, 47.794037808546626, 69.5109736136159, 0.0, 26.10649623525403, 60.576045536342185, 107.24214827696365, 90.05869229019243, 42.11967692037512, 51.91947762488092, 94.99827319943353, 84.46577556088944, 40.86557375841856, 39.28363230482988, 31.34694375311149, 117.15938537740679, 78.36001552333195, 92.77845244468371, 91.30163963751697, 28.517591783775483, 18.11633338572941, 53.6242274571696, 78.21901814115276, 97.97502043167853, 81.95996847455932, 60.26285361156083, 69.66000789284034, 73.9932584188328, 86.75667037120378, 106.2327655990042, 103.21639693455228, 75.48281296352688, 5.9077075869426885, 33.58042858959798, 98.11723509440134, 62.502379156332935, 28.127716906514795, 97.48396348245441, 17.674330169913354, 69.92471558268872, 89.24627529692648, 16.176628053803512, 73.87864720994519, 65.8886323085652, 83.63276453196883, 81.79711716190286, 57.40339112438283, 71.55485899328636, 82.80716044646331, 17.527992196947046, 50.135454727890995, 15.306987388214552, 24.005491994227352, 105.97890355179746, 87.52314404416518, 76.21690332596744, 24.017911516064206, 88.63640867884192, 60.851541910855666, 51.00732766918214, 36.65641608586574, 36.9819898075661, 71.48405677375813, 101.28424447988422, 93.02959063535967, 111.20023225954309, 94.27387393682162, 91.50445233217252, 93.36793415297018, 80.02073542879775, 12.608042477655824], [73.17710737579843, 69.13612772561974, 15.634303378481968, 76.64595595123839, 21.628787562813176, 59.597802416189396, 38.24834956860245, 36.28091957494705, 81.83860658607935, 88.94976318176823, 40.373504690583836, 22.858890134847105, 61.05714025539225, 26.10649623525403, 0.0, 49.612830230171426, 84.091382068711, 72.46492490355791, 23.46893940448921, 33.780918376542914, 69.58853536134129, 76.85725115950184, 20.573852046052547, 14.418067171452229, 39.06224764142998, 91.55817495141821, 56.16250191804417, 66.67380692380135, 75.22186933265965, 3.817937057745801, 14.15908413284392, 27.51990742282033, 69.5396302609178, 71.89287250148405, 64.5296816513193, 34.19465388433266, 49.781680771447704, 48.01337446845593, 78.48530682047348, 80.80263776163723, 80.19965209347409, 65.95461339481326, 29.4398907548878, 20.096829483894755, 72.2725375546377, 48.09469693519497, 5.08750502815913, 77.64801443024045, 28.228860743352612, 45.84004569344842, 69.2499757288697, 36.291593564621294, 52.09449257780589, 42.43920396268127, 67.7989459147683, 59.337580652852765, 41.55478941942284, 50.216866552317555, 59.74717532091879, 13.995701539191579, 28.263597561390437, 11.713979440197367, 17.11527433835093, 83.72818575963406, 72.51882251314609, 66.2615075563031, 4.941989846725914, 70.68821270974334, 57.36071554635664, 27.771546123254453, 27.738759062700108, 10.875837494385092, 48.62217496290033, 75.17826289420057, 82.90539486304203, 86.16057821632145, 68.46453866727659, 65.68410997241368, 67.5074008215796, 54.06769686548453, 19.780784035622816], [51.4807121481499, 41.3627043920969, 61.553438222302844, 77.26587526031138, 45.973621628764455, 94.67577301993477, 11.400796623412914, 38.27866969841075, 33.243785856824985, 79.3680336400255, 75.93937451803868, 40.27608808535449, 12.10749918810521, 60.576045536342185, 49.612830230171426, 0.0, 61.88356218816644, 33.38206289677924, 69.62896788754087, 20.33670382857813, 64.34570492796361, 27.56797035246588, 66.07783424036174, 55.77897116297812, 37.75888866805162, 84.1083212058607, 89.99862181738628, 75.18891446560512, 32.47859057984924, 52.25821999204282, 61.53904770842998, 52.077618530763345, 20.054029117465298, 76.3542248144622, 26.26184787858671, 52.00132563435142, 89.19713361496504, 56.88763863662786, 28.962964262777607, 73.36240520259618, 58.00249156043753, 16.35181632271985, 58.40709829102842, 29.968137848523536, 71.35606984588931, 8.286838099569824, 54.07446706916354, 44.07778637356513, 45.06802587754927, 40.43584999760367, 37.60105661058365, 55.13689354220198, 32.853289712657954, 76.08847911747652, 25.182123935428663, 39.83225115732618, 12.692097859764173, 30.23149974621332, 42.816255393632915, 61.05705761740704, 30.00893891033673, 49.89006328195159, 37.67709150188545, 57.7105020922432, 27.91557789454744, 16.658485988257187, 46.04360547269686, 32.7509540814226, 17.469369073148968, 66.59554541389984, 24.18193043859116, 48.68676341616031, 82.3280921358383, 81.54997485716352, 33.460334087168945, 74.50325881371404, 67.93994404601811, 66.02783054134645, 67.96340974745802, 60.10134060865188, 48.06547793720919], [11.335660614626098, 20.548694693907258, 99.72300527417445, 35.5314788409874, 64.32902768361514, 87.75029964013633, 63.564387213189804, 95.51007469817758, 56.15919437249876, 24.01286192225412, 78.35885176223178, 61.417052051951465, 65.85229463870063, 107.24214827696365, 84.091382068711, 61.88356218816644, 0.0, 33.81003831165452, 89.31290063019642, 56.927781537623325, 25.598464806292395, 69.33214875328525, 86.44906203680023, 78.15275693328542, 96.0652653998322, 29.326469807354325, 83.25632571091045, 45.03048044610446, 39.57157784382078, 83.87211883057103, 98.06277239839912, 62.62519576045686, 65.16792943805832, 40.178735229230234, 37.25918748147011, 55.936479385687385, 90.57984184144216, 44.96295309923792, 67.5891928743663, 23.701754506676576, 4.096727621075964, 62.6181928789158, 107.9221593028988, 74.8332429460086, 31.91346458834088, 54.3267002536297, 85.38131404245735, 22.15897826379262, 97.78399296232945, 38.394132180250956, 24.982383040169157, 109.05759842171801, 33.74507096109368, 76.06581719069484, 41.88514973660227, 25.562945996999698, 55.11229219861442, 36.34491674112071, 24.464884819768198, 97.98921064342177, 57.10866555026494, 92.26704191873259, 84.3619854602464, 6.665205013459103, 44.065219666657036, 61.352889052353696, 84.11861816875643, 32.86389026837331, 78.07789009270323, 78.5349644056347, 75.58067803164344, 75.08227036616229, 78.98650840035916, 44.480120234381566, 62.421127206245174, 18.87699635033353, 32.02164717555523, 33.12924570403504, 33.334035102861144, 40.94307171183723, 95.74979704497146], [26.837006338784857, 16.200978860757186, 87.13120618763155, 61.31246412753681, 58.93637289729635, 98.90599402518863, 39.77951076611954, 71.20013906865495, 23.480105640174685, 56.195489434855816, 83.75255409827436, 53.81072228364845, 33.64753822424463, 90.05869229019243, 72.46492490355791, 33.38206289677924, 33.81003831165452, 0.0, 86.2047086662165, 38.97190343850367, 47.863868124858634, 35.52578856877662, 82.73465648106522, 72.53733211666164, 70.93753848778834, 61.50727499149269, 94.01795356097065, 65.16165623558648, 6.530774572221695, 73.7884912702137, 86.30220408419922, 61.415821494112286, 31.608694354678605, 63.24922532491868, 8.107575282025996, 57.305969421786095, 97.47817272518562, 53.72473506416913, 33.848113470014525, 52.80074982888249, 30.826855324282285, 29.462583840539892, 89.01874094594882, 56.6373120941952, 55.83988901695178, 28.22288699648623, 75.60064074742807, 12.136255967063793, 76.58136042421732, 37.52204312782431, 10.784703866778884, 87.31709415514605, 25.393969390505745, 82.5889231474343, 8.841968694087624, 24.63192470796883, 32.65632408442846, 25.488157753872414, 27.649573054485778, 85.99676924778515, 44.80556205767076, 76.89663124406279, 66.06416032679843, 27.973297773409943, 10.276126982260326, 28.137651829545593, 70.53207380564517, 2.1890563662256346, 46.90910952315668, 78.70603498559208, 53.97821858293867, 66.89100696786635, 87.58572242465192, 68.53119342931348, 29.401468452943053, 50.87276037654609, 53.70947843812414, 53.043850152111105, 54.42519265957602, 53.47466366847293, 77.52623072441114], [79.67159546358137, 78.81602320570282, 26.731328506927316, 72.14234995045346, 27.297289370794818, 38.87185344542332, 58.35909804931736, 59.434050123259134, 99.74905819730782, 87.77223184903185, 22.295220806044412, 32.45558024537894, 81.60226307444859, 42.11967692037512, 23.46893940448921, 69.62896788754087, 89.31290063019642, 86.2047086662165, 0.0, 50.80219925778969, 69.18962651386788, 97.19385260104859, 3.5829011537780024, 14.06733850408574, 62.27721540640409, 89.07556477078818, 36.42735866066918, 59.77767850482662, 90.240202672389, 19.716708760223053, 24.010238389288432, 26.763604243255926, 89.63882064221814, 66.19680908728608, 78.93013507565728, 33.40372690838295, 27.6722752805035, 45.97837021402061, 98.46964816887012, 79.63762394731206, 85.90334514263054, 85.79311667001478, 47.28807269171625, 42.22946760308464, 69.25003524908149, 66.24300086684934, 18.44239339653992, 88.54586743050919, 50.37885763874884, 52.25901696894121, 80.4573152589041, 56.29293274219782, 62.24633103648455, 25.306193481951432, 83.43871441381064, 67.61121201983293, 59.34551285181767, 61.26424504869821, 66.84282022321926, 24.591687951163742, 42.29265772023219, 32.64384162620288, 40.584137118860234, 90.68299620234023, 88.5798150821398, 85.87347022467958, 28.402013854945057, 84.17049479991167, 79.70666062157345, 12.333953570126962, 50.274430263676706, 20.95400291977819, 30.048887647856333, 67.9671781163846, 101.79903236652207, 86.29319500516176, 65.94349953655811, 63.283882411723994, 64.67710337340036, 51.591596483136556, 41.149460550126484], [45.60159861284021, 38.56458047330745, 48.166885080201865, 62.98696331386258, 25.773899451502437, 74.35981868296605, 11.379483826972955, 39.217707680486775, 49.02807289843967, 69.08035114606443, 55.61781835722921, 20.028398804541194, 32.338773028638485, 51.91947762488092, 33.780918376542914, 20.33670382857813, 56.927781537623325, 38.97190343850367, 50.80219925778969, 0.0, 51.45156004921253, 47.20661808139775, 47.219298434780136, 36.742461913873306, 40.22003276601325, 73.13303874732217, 69.70262193731858, 58.415314227176395, 41.44821503189332, 35.525892861825824, 47.4018005727834, 31.742253612254817, 39.571507315041266, 60.79588130049498, 30.928296678444685, 32.026910901186724, 68.943060208457, 38.84424390470076, 48.16103245442764, 61.897100912464516, 52.831826542352175, 35.57666684882396, 51.711901270897755, 18.415329932055872, 57.294068302526846, 15.475913205486325, 37.37450227042769, 45.57657324260807, 40.878771281561114, 24.818140156014934, 37.32727524833289, 52.143860535272935, 23.246915729850716, 55.753051509862715, 34.02255691431695, 31.513814039024904, 8.575863997928252, 20.586885578953872, 33.37113366210523, 47.0751256448533, 9.672529318012375, 38.07894659963263, 28.099622294850615, 54.77134724366912, 38.80552658936928, 35.483281609334135, 31.576230100279485, 37.32105383445323, 35.35121934564684, 46.596853647976324, 18.84964627871964, 30.030561674974454, 62.006534191500684, 65.66118724007869, 51.01717100894596, 64.89758024480541, 53.53328492709954, 51.195834707944634, 53.22082376960174, 43.06211463401635, 39.70667549330963], [22.717700279362106, 31.744788206635743, 84.66285540202765, 13.614014654735016, 48.07577330994656, 62.454165522614026, 61.38661748576056, 90.07020844167852, 71.20355020833799, 19.363630009579538, 54.88485312444191, 47.20679179702922, 72.3133508701421, 94.99827319943353, 69.58853536134129, 64.34570492796361, 25.598464806292395, 47.863868124858634, 69.18962651386788, 51.45156004921253, 0.0, 80.67305319727656, 66.83522728715023, 60.316458913878314, 91.37245166861851, 22.301210789832965, 58.084129038866145, 19.586567093379706, 54.39458746038615, 68.348815622018, 82.55361892336076, 43.91954824958777, 74.68314481750161, 15.758029124547408, 46.89041093841602, 36.701010275821666, 66.20030577135772, 23.225104248788536, 79.73108172069539, 11.234832406797416, 24.202445765282885, 71.19546594302808, 96.97058425596485, 66.25085815925462, 7.976057069648479, 56.05956026351622, 69.52307762995343, 40.01696469964746, 89.386762678144, 26.878296213949273, 37.08355406413619, 100.39578627373163, 31.50966920893052, 52.26928825097971, 53.108448110767576, 25.592810723693567, 53.64359850901047, 34.11673025555284, 22.258207253528496, 82.63896829550764, 47.28086212454543, 79.69944411133933, 74.74458929041774, 30.503234103006758, 57.23306782604551, 70.18827195074596, 70.98583622717672, 46.019174022586206, 81.809791090194, 57.402742158468484, 69.68450151594256, 59.21517571830613, 54.41343785310571, 20.84611418950511, 76.82127586040797, 17.12483791778228, 6.57197946773429, 7.580916694434521, 7.788015380134031, 17.711154184140923, 85.0707797151952], [61.77647019643667, 50.675754980714, 87.79490152636309, 94.2763394834116, 72.96438095258952, 120.66353003587624, 38.909652148529176, 57.94820250882015, 16.331035986929013, 91.3725388966976, 102.52110443108877, 67.20399027923064, 15.80204739685006, 84.46577556088944, 76.85725115950184, 27.56797035246588, 69.33214875328525, 35.52578856877662, 97.19385260104859, 47.20661808139775, 80.67305319727656, 0.0, 93.63987288108073, 83.31675642005456, 56.274068443515986, 96.62202439407082, 115.87596689625512, 95.3994266360406, 30.008671145828387, 79.65663853826051, 88.077395702526, 78.51480276392978, 7.635242805098718, 94.98639768150622, 33.92007636278859, 77.38798108536689, 116.01875290344404, 79.5186802091407, 2.941741179612251, 87.26438145816338, 66.31627050720842, 11.663281982628495, 81.20403624933124, 56.88613610039418, 88.47957704415218, 32.10593911626029, 81.45329003089209, 47.38276650273569, 67.38994544812856, 62.056817386545035, 45.3161241740655, 75.56912896884022, 51.21912079643013, 102.3837622646371, 28.0379289359216, 55.206348537979395, 38.77120866193029, 49.429424828860206, 58.57225862093063, 87.54577018136345, 56.73478915453562, 75.84612868459534, 63.45170605476614, 63.37626790034613, 25.26942962382132, 11.974175752680456, 73.01752610077988, 36.62002751772414, 24.597406907329773, 93.79906270604258, 50.068313691107136, 76.24694326627827, 108.41791569998782, 100.3510262724836, 11.350393808670756, 86.0806346818881, 85.70395349049994, 84.41742462547651, 86.11533469413897, 81.39665578031611, 72.53145624728548], [76.66318463976148, 75.56102427566866, 25.664861914307377, 70.34131894615346, 23.87959871357528, 40.31293088091024, 54.82302340253044, 56.768679228338506, 96.16901405921121, 85.60258946869293, 22.6038508961633, 28.951067542784312, 78.06349768477374, 40.86557375841856, 20.573852046052547, 66.07783424036174, 86.44906203680023, 82.73465648106522, 3.5829011537780024, 47.219298434780136, 66.83522728715023, 93.63987288108073, 0.0, 10.486260432532985, 59.581391366140366, 87.07855375258085, 37.50640486975901, 58.24666628857492, 86.7231528025013, 16.768744420578795, 22.91693310677614, 23.824536787712248, 86.07970160348646, 64.53131879261603, 75.4242796034991, 30.662881182242266, 29.626311023100094, 43.61250483541989, 94.90447338095426, 77.43190804731783, 82.98475014065434, 82.22809475841889, 45.80385468076048, 38.888747551382, 67.22733499067286, 62.66073912276027, 15.66841498605041, 85.23283276898823, 48.039717452005654, 49.11804444491945, 77.10924575090253, 54.48048469314247, 58.90848645424737, 25.40089857591477, 79.89637411065416, 64.41777921914556, 55.76298588477103, 57.87271808699258, 63.73472345254266, 23.43665553865276, 38.72885435361977, 30.391122458298828, 37.64945326907703, 87.66803949015619, 85.02936327822395, 82.30315153662484, 25.51404846480946, 80.70937565355489, 76.3158991373174, 11.1943960647171, 46.959478840641005, 17.39343603978004, 30.678088369681205, 66.5465216123594, 98.2169072531489, 83.95833053871485, 63.8328716492775, 61.13855326985478, 62.59819217538504, 49.35032470024214, 38.93535525113382], [67.94335042707074, 66.04777114885785, 25.731177073256575, 65.55275259031514, 14.150866473279619, 45.588713363588866, 44.604789543272055, 49.9439178669623, 85.68283518917912, 79.50907267931406, 26.10931532623244, 18.743614395575317, 67.81261008172952, 39.28363230482988, 14.418067171452229, 55.77897116297812, 78.15275693328542, 72.53733211666164, 14.06733850408574, 36.742461913873306, 60.316458913878314, 83.31675642005456, 10.486260432532985, 0.0, 52.609147935683424, 81.51478536496688, 41.9557931335729, 54.50109464902846, 76.3871571167784, 11.05044798468266, 23.235713121479034, 16.403578920464106, 75.73573117612254, 60.25097080687293, 65.12514964369964, 23.625888057048556, 36.52563414225434, 37.46442988798129, 84.53073999249717, 71.28805003972418, 74.52769253934656, 71.85773937291833, 43.29192029268787, 29.64118415177102, 61.77386610950372, 52.1944834954581, 11.161354724067179, 75.51578379606089, 42.554216372337436, 40.12354481219492, 67.29545353675915, 50.65000462363204, 49.17221099627522, 28.056556110013535, 69.49257119374185, 55.1436630016708, 45.29408625077794, 47.95955145384198, 54.74908814260324, 23.496789170237072, 28.2788083352384, 25.97634906834