instance_id,num_cities,city_coordinates,distance_matrix,best_route,total_distance
2706,96,"[[89.62614208464025, 31.050756357602673], [11.85338547449042, 8.069156639409314], [44.49107709718232, 79.62790441558822], [63.32777595529745, 74.58129358577098], [76.38626713776316, 71.06029619325504], [82.45032482848299, 24.256836487268718], [34.62566401896747, 0.3184700337702684], [25.022914637210835, 42.72365550236648], [64.51319617665874, 52.88933005548094], [5.502524783059092, 87.52100045909353], [80.35612069332383, 38.71212860905406], [17.13456352970667, 34.85658994915324], [5.530137448431405, 14.705926029819006], [23.58333814085336, 32.242185614615], [83.40968995962827, 88.87672445379515], [90.42648792523612, 10.541564131876214], [95.81186350032478, 29.2420943022799], [57.098984188272915, 22.370545508971684], [65.79297093308779, 12.698704336949728], [16.29258897520639, 45.08569997799546], [18.73867470565799, 4.954212700128058], [42.47606244839417, 20.518924800071193], [0.8429412309617024, 41.790533061233184], [72.52536356768908, 69.76633364209816], [1.986489653218726, 84.92404456757512], [13.546791501289468, 31.415027743142907], [82.50720046853652, 39.77855912890868], [11.238015616792541, 78.50236302542567], [46.25995146349467, 36.16563081247851], [60.45072253948979, 87.20888030088501], [70.71043753124826, 34.40249119058218], [21.740957741122237, 68.03041074316705], [31.51783567297408, 38.928937279134615], [24.546766732173108, 78.69936878647552], [35.287931795714265, 14.523429605525884], [47.56069356587306, 52.76391718072124], [94.06023466086285, 36.331824037596924], [11.04866827685268, 49.509997069001834], [91.39608310100846, 51.67741453894107], [27.93220367372432, 15.029568812068483], [11.173057514350548, 82.82335110269842], [60.293378452852984, 81.36559156620608], [40.34732403794513, 81.50953651293696], [31.87902682998588, 28.746540863099135], [91.9888897378372, 67.1695185937533], [71.26409719192861, 4.582744208075407], [4.531719466934869, 42.85108637804361], [92.00339493974994, 42.179517050947936], [86.03063664114445, 49.49921190014768], [99.19591335484222, 63.36254154434955], [57.153511937282396, 38.3753128482199], [27.451426212222508, 37.09716120902423], [32.08486417627494, 7.0164745793315], [60.26115783324328, 55.84105360353983], [60.65004357459692, 76.80075800958474], [36.904896585024495, 68.45112095150725], [43.092451664207864, 14.667273815537406], [52.99581305839416, 94.49884839580291], [38.91216644970802, 92.16977450402726], [90.70346953091737, 18.19020814917315], [32.65296079980967, 34.78360449440135], [12.702419081124273, 21.109527769392244], [90.19188724875625, 53.8386948492927], [93.66016304481502, 84.90137614858767], [46.817105209017015, 56.78412247912055], [80.49814086411568, 41.11892864497349], [37.88755021191296, 6.580031598224323], [18.833243949255063, 52.800119134863486], [43.0843392854584, 23.996158480546537], [15.358687494903378, 61.482996585598826], [94.52892872236302, 8.444067533394573], [37.80598937042544, 99.61924055124136], [7.0496931942460765, 70.0301609670545], [46.945961371959164, 14.929061404434297], [19.21469099130678, 62.07256351374324], [80.46941271652591, 9.07219697992675], [93.94413148427545, 94.85409956915036], [35.29006094731882, 43.88945091013983], [17.118608170103233, 44.31695432062901], [90.37749839046094, 41.838894416861116], [85.68002981823078, 47.684921702264326], [75.08477662382091, 30.04266824838968], [27.62567278444552, 91.62633863458578], [9.348301275568893, 0.20621905848167144], [39.642538200364505, 26.33032135388501], [58.223285910134635, 75.67271851799394], [63.12433768471627, 59.75271311741637], [21.11552059029036, 21.241902138746937], [30.05376828534223, 62.32137342087236], [47.894811439251185, 94.14394833908764], [14.004106351767753, 4.556712146447184], [87.42797572604532, 38.83444985290514], [49.626660324624005, 36.7225021124712], [60.32336622503578, 59.86635245514352], [7.335229607426264, 86.04651457345726], [67.05896176605009, 78.72683237815008]]","[[0.0, 81.09719844944625, 66.30922563919367, 50.85775980561778, 42.14329800181279, 9.88178630098237, 63.004174545363014, 65.64932270075698, 33.280374897751166, 101.31964990457107, 12.026218082621542, 72.59141361561078, 85.66966484244756, 66.05354991544314, 58.15915115684234, 20.524802537816477, 6.444719378128312, 33.665443130781796, 30.080190499861274, 74.6645140216004, 75.53848437897568, 48.312001466101194, 89.43041740631915, 42.32413673493603, 102.87390272005396, 76.0802226523209, 11.262942375254807, 91.63161761366581, 43.66678863482723, 63.28459520661097, 19.21036192115658, 77.30390088365019, 58.63992674504696, 80.65801486934974, 56.796070524055224, 47.33881401150291, 6.8957126401259075, 80.71655937696377, 20.702456833216605, 63.74025797734951, 93.99621293027153, 58.240824722416306, 70.53006736735506, 57.79306817672381, 36.19596057496289, 32.213667282529016, 85.90872219531593, 11.379835047436924, 18.79556254277768, 33.69913921925095, 33.28844899467887, 62.46802626498751, 62.35900387213596, 38.42995104897626, 54.15419592257, 64.63990252767826, 49.33358738578412, 73.2628240505304, 79.41940382477999, 12.90559315366178, 57.095337295847294, 77.56343975459511, 22.794960151133598, 54.00150532142928, 49.948170839006245, 13.590014697934643, 57.23371610529841, 74.05855256230655, 47.07341881577008, 80.26067565460122, 23.132222037876264, 85.94745634361625, 91.31409472285884, 45.6235342102092, 76.94234831548661, 23.80971996977104, 63.94928957717913, 55.83226478636636, 73.71115575516328, 10.814271084262547, 17.095825769252855, 14.57626670656949, 86.68021320716707, 85.99951863913816, 50.206007248978764, 54.56426379014085, 39.065943714366426, 69.2092398356523, 67.28089782100818, 75.64558699519297, 80.1288129641673, 8.088128322972652, 40.39959456452183, 41.09733874029838, 98.97639970250096, 52.7473776812533], [81.09719844944625, 0.0, 78.65032293482794, 84.10396683000253, 90.17968994212627, 72.42906063872496, 24.055141092209006, 37.072507196174946, 69.15130951930654, 79.70526279907406, 75.04409679377873, 27.303066219288926, 9.166797343703974, 26.868701483161573, 107.93594270513564, 78.61199162687703, 86.58706209180626, 47.45201709692728, 54.137894226956504, 37.281778504494596, 7.55712137931482, 33.05669481817995, 35.473385942452595, 86.53109600509343, 77.4856724278673, 23.40720661599206, 77.44319065904996, 70.43589455580825, 44.42098202554338, 92.86978535037053, 64.47943149094831, 60.7710134770128, 36.592576607019744, 71.76175022734931, 24.307110087435923, 57.20693551465708, 86.929537106852, 41.448652876530545, 90.71229741736097, 17.52072293877502, 74.75729018623262, 87.85670317466942, 78.77432278874872, 28.78507477900703, 99.57184253932103, 59.512920768635674, 35.54418981309726, 87.10649060022021, 84.96301589249708, 103.3734762440342, 54.502885810732764, 32.95335983097223, 20.25884670903974, 68.0107827060411, 84.29203324542237, 65.37246991745593, 31.928269710015044, 95.72246844185526, 88.34642920387498, 79.49699012773307, 33.85681700796337, 13.067981377125005, 90.72911047829481, 112.2298481293953, 59.963402125286024, 76.1865465296942, 26.076718101853604, 45.27225894626279, 35.057693358097644, 53.52873471371672, 82.67639330249767, 95.157529987084, 62.146934894761664, 35.756778049830174, 54.50281435803813, 68.62335815452681, 119.45926878966506, 42.80620561157466, 36.62820507167983, 85.47766666678463, 83.78414084164409, 66.94060082722312, 85.03274492783832, 8.252347196116421, 33.25217505594435, 81.97810222909028, 72.800415869407, 16.103054706907443, 57.22374472336122, 93.31588370538182, 4.118600078679232, 81.5967031086599, 47.411333030219375, 70.93862508064102, 78.10814351150407, 89.66695486345151], [66.30922563919367, 78.65032293482794, 0.0, 19.50101291571657, 33.025854392826204, 67.1331486811756, 79.92066539492586, 41.72448846201557, 33.404140630223075, 39.77949442493108, 54.40957693277625, 52.46760365806589, 75.71537555764942, 51.79324178453113, 40.00248866303297, 82.96375342123167, 71.92046285871174, 58.62904118420044, 70.23737256021619, 44.59056648859342, 78.98953388487979, 59.143315389166666, 57.76527015087372, 29.718206473994893, 42.83327041320842, 57.28900669476303, 55.07445829023679, 33.27210455080278, 43.498254485385544, 17.66865807065203, 52.27612134563938, 25.535657230563473, 42.716635155696935, 19.965913311199806, 65.75173399792567, 27.0387935274478, 65.81528665644835, 45.00536690933231, 54.60136877921212, 66.68688965455705, 33.47090241466646, 15.897555936962554, 4.55095910393739, 52.421150015073636, 49.10451693003864, 79.67791836867322, 54.3073163320439, 60.49629792793373, 51.31542769768502, 57.071719260159405, 43.152213930502896, 45.8171782193535, 73.66365360138283, 28.539616640321718, 16.404418746764154, 13.508168764343928, 64.97568530656696, 17.13112689324942, 13.726716625900895, 76.8776673486768, 46.38051566004285, 66.59518889355256, 52.475207275098114, 49.45107195040807, 22.961898439326223, 52.720488010049735, 73.3457448695304, 37.12215598420363, 55.64952890233627, 34.32104025372454, 87.01106382831065, 21.079466748547187, 38.65195865504005, 64.74539940246325, 30.774757330534538, 79.19942225600376, 51.74400068671874, 36.90387184498593, 44.67790563323901, 59.44386373536087, 52.12373711544937, 58.263797477362395, 20.697929518183518, 86.84940297671258, 53.51766707969536, 14.290453259678431, 27.24374477310107, 62.89150899666993, 22.537788285443984, 14.909759845830633, 81.02554716842154, 59.22569711723912, 43.2116623364376, 25.3215385573883, 37.70617401753606, 22.585866138892477], [50.85775980561778, 84.10396683000253, 19.50101291571657, 0.0, 13.524851740430972, 53.83514519035278, 79.61644422806891, 49.821396054817974, 21.72432974571702, 59.25534311013619, 39.70593810305968, 60.92507655483795, 83.22035001687215, 58.07082228606218, 24.65040798404352, 69.53723562924927, 55.77507449839147, 52.58098574214783, 61.93167233667157, 55.51845509852715, 82.68082209863701, 57.94422900423285, 70.56619974396482, 10.381688549884062, 62.20712099965085, 65.8898544542832, 39.737647770519914, 52.23713159882989, 42.03657668262618, 12.951192323687227, 40.85143637446117, 42.09961419296354, 47.780360096804756, 38.9990412667121, 66.28106732969327, 26.918372912836272, 49.06634221954982, 57.97995350710609, 36.22730381104542, 69.27665162710218, 52.8019523101825, 7.431976001722352, 24.00211908110547, 55.586404621051535, 29.603949935574285, 70.44701632966927, 66.81154322441623, 43.26853645264768, 33.83091345212626, 37.58169338759923, 36.72866152383006, 51.886150858633826, 74.43872852087621, 18.989490285369065, 3.4779696708319725, 27.124667200573576, 63.23889716142668, 22.437879733023177, 30.091139036953955, 62.684791739814486, 50.24739139335159, 73.6352938349474, 33.940180876505224, 32.03994086529633, 24.276357797072308, 37.6105211148834, 72.6042472433488, 49.539710726825966, 54.48534318346168, 49.72523335315612, 73.12759126278466, 35.752767427563704, 56.461804854015185, 61.86075212328876, 45.85229103387431, 67.7146767618936, 36.71985686677611, 41.57045428780305, 55.23782597600891, 42.47060380022418, 34.97196124395807, 46.064261761839674, 39.56227662228605, 91.89905003665324, 53.75078426246385, 5.219868485301536, 14.829975921639416, 68.02179932153685, 35.4607561801765, 24.917340442972762, 85.65200750076235, 43.11213826582817, 40.26175184146711, 15.018520909367965, 57.15432213590661, 5.577386433938553], [42.14329800181279, 90.17968994212627, 33.025854392826204, 13.524851740430972, 0.0, 47.19466745434556, 82.14836542028291, 58.661394338529966, 21.706078052645854, 72.76990940722312, 32.5908527551543, 69.43682543338362, 90.53400549555383, 65.53621151354588, 19.15081157804201, 62.12603906638463, 46.109823285667936, 52.37070846638766, 59.315203181662895, 65.4670130955333, 87.7112261231046, 60.86322538593108, 81.01551161886152, 4.071967026046151, 75.68044931642642, 74.30038363796264, 31.874957232954415, 65.57193786197068, 46.100244773125, 22.687405103377486, 37.09460485483271, 54.72924305063306, 55.18695831243556, 52.399324732153396, 69.89628353100179, 34.14192696258862, 38.967113137540785, 68.79983442751907, 24.51511118627926, 74.07589808461287, 66.26561831138177, 19.10968809134979, 37.523220051194805, 61.41130457785872, 16.08042233055854, 66.67459443368419, 77.19349415189052, 32.832820236012466, 23.61978448276428, 24.073541226480483, 37.9236998309348, 59.566040613465745, 77.87313651877788, 22.173057865060358, 16.750571151297724, 39.56749191147714, 65.48779368463188, 33.11312536428163, 43.01067654584681, 54.77434156752149, 56.82077475591971, 80.93646748799601, 22.072124943000443, 22.135107276396333, 32.83511037113405, 30.22239229781051, 75.09897287701021, 60.38033242986295, 57.65458747854243, 61.774510478355104, 65.19162723047529, 48.0005326579559, 69.34422589379069, 63.383334737940004, 57.873728563039926, 62.1224317126978, 29.57065571645808, 49.266144527926066, 65.02200961230737, 32.398223311532156, 25.155161644380506, 41.03827091607639, 52.92029538265455, 97.54173011363463, 57.886719248509, 18.739485766075223, 17.428144130531678, 74.40919170428627, 47.14943500330895, 36.66903385978518, 91.18256782631546, 34.06500404961648, 43.53344299648394, 19.57858938085439, 70.65856300092088, 12.073707076597989], [9.88178630098237, 72.42906063872496, 67.1331486811756, 53.83514519035278, 47.19466745434556, 0.0, 53.48124503045147, 60.323551336215324, 33.78698376898726, 99.61585403380566, 14.606202835982636, 66.17026105050108, 77.51087096110113, 59.40612697666104, 64.6270090771752, 15.865934373008109, 14.261259101539864, 25.42141943147101, 20.274561834986105, 69.35912029104212, 66.57150776752135, 40.14864426868574, 83.46972848392907, 46.57917117461076, 100.77171680273831, 69.27435749992448, 15.521826844879769, 89.51966338555627, 38.09937672163949, 66.68539811072091, 15.516419145880276, 74.8448599122516, 53.0036696203452, 79.4783704120996, 48.15631346046862, 45.05485566843936, 16.750979990931025, 75.73584803568103, 28.842931400228956, 55.293471612792956, 92.25229249167543, 61.256348073963714, 71.0671114918651, 50.770204122449115, 43.96001030598339, 22.631871238300796, 80.10652401951577, 20.309692935602612, 25.495022046678045, 42.54022688121833, 28.96998648959212, 56.47789645482403, 53.23447854000047, 38.59950650967429, 56.88686976527924, 63.462751383674366, 40.509281556826345, 76.1676342062228, 80.6705546347822, 10.242967190804867, 50.89784188823922, 69.81887931145884, 30.578066205334753, 61.6718790338808, 48.246768538885746, 16.97472162262644, 47.94069578773927, 69.72698160608067, 39.36684862669109, 76.72727543557818, 19.898149009741076, 87.59342803425983, 88.20687322864157, 36.70922516819023, 73.68021849404533, 15.313304338490397, 71.52678621392931, 51.08355937499035, 68.34209192744333, 19.286493764322877, 23.649654778915856, 9.366277249964195, 86.85846125350794, 76.95672840133396, 42.85797400123583, 56.83786009121578, 40.41597502007961, 61.40885962190887, 64.763478207615, 77.96340108398317, 71.2248532663007, 15.40401960190861, 35.111049129031265, 41.9242164447351, 97.2637745929245, 56.60277828227389], [63.004174545363014, 24.055141092209006, 79.92066539492586, 79.61644422806891, 82.14836542028291, 53.48124503045147, 0.0, 43.47887475906973, 60.47280299357164, 91.93714456917581, 59.71053245819072, 38.71460090992536, 32.45841272235919, 33.77952896778073, 101.10611066053782, 56.729565497693805, 67.67811350649757, 31.485618180307192, 33.53611816654685, 48.375681054010066, 16.549517802942166, 21.672266338943764, 53.490226871131334, 79.11632565813635, 90.68306868138593, 37.56746954465876, 62.046274377819586, 81.60700473068705, 37.68787046566099, 90.64699136747961, 49.63699605788613, 68.92693646535591, 38.73534274965839, 79.02625803996784, 14.22038941250656, 54.01703357111485, 69.49409941852178, 54.54980348527038, 76.55469720034021, 16.162265888735707, 85.77342334347149, 85.01451330774596, 81.39242390663416, 28.560448647128002, 88.08860515664445, 36.88575361305751, 52.10248508267106, 71.02500449132035, 71.1422278313943, 90.24340447882088, 44.22473535064345, 37.4718802927266, 7.1637231055496065, 61.15501475238002, 80.7886669358449, 68.1707636906642, 16.660572108941828, 95.95522937363224, 91.95127098619461, 58.856769315870736, 34.52154474209194, 30.214181279171438, 77.14933329800577, 103.14717680121358, 57.7667823612284, 61.39186880029932, 7.060244667231918, 54.806240739796536, 25.14323204058197, 64.12733966638704, 60.451852385604994, 99.35168591777688, 74.96768650361052, 19.1117531133765, 63.64798623045764, 46.672015492077875, 111.60495434380782, 43.5760461470217, 47.35360201754674, 69.5141185424832, 69.64286762353177, 50.204260300040225, 91.57579781638364, 25.277611982598508, 26.491233184805182, 78.96271603447173, 65.91360748459137, 24.906103398865824, 62.171233372271594, 94.75911909933949, 21.05258503907089, 65.357209419003, 39.373638919325295, 64.85616547053534, 89.96702413089581, 84.85157681668899], [65.64932270075698, 37.072507196174946, 41.72448846201557, 49.821396054817974, 58.661394338529966, 60.323551336215324, 43.47887475906973, 0.0, 40.777730137719765, 48.865608921101845, 55.478428604855324, 11.140772128260078, 34.13153274214704, 10.579867272168677, 74.42527330272816, 72.89248523558982, 72.06127790662778, 37.988463041399804, 50.6329456268805, 9.04421584602572, 38.288673013162565, 28.242918299645815, 24.19797163848784, 54.66067229152799, 48.07857852826014, 16.11168718748945, 57.559679552500164, 38.342396286926835, 22.226547662516463, 56.868838550963105, 46.43911631046511, 25.51868142921124, 7.522226110303247, 35.978864116699, 30.010386833514975, 24.673028464440478, 69.33258300050677, 15.53492816845401, 66.97437788295387, 27.84647913664703, 42.42409845315425, 52.31830311212692, 41.70350212209336, 15.568108685358675, 71.28844256582225, 59.941438741639466, 20.491591400728662, 66.98269051190121, 61.38281769851202, 76.99089138216098, 32.423500222789585, 6.128222132313631, 36.398817298954114, 37.60053080060696, 49.300519587612804, 28.338736271134277, 33.37167544081439, 58.84856536258459, 51.35980919198742, 70.11294695116663, 11.011903307443145, 24.879009795505826, 66.11005287343275, 80.56073477742018, 25.93614223982813, 55.49843126803775, 38.36483282113931, 11.825698396389685, 26.01795927867133, 21.102373424218445, 77.49952351677949, 58.31393142027645, 32.69070096726108, 35.39999207913423, 20.20187375352986, 64.85934635769136, 86.41595529923966, 10.333120162175094, 8.063291006173337, 65.36057236391835, 60.85967289091989, 51.642980774756964, 48.971897732304, 45.31474269811921, 21.965308958266142, 46.77505110919467, 41.733766203179734, 21.834226705182147, 20.2331420210071, 56.27761703143925, 39.725680625576466, 62.52613509633365, 25.32504973065115, 39.242756543330685, 46.7944902718948, 55.34670724954606], [33.280374897751166, 69.15130951930654, 33.404140630223075, 21.72432974571702, 21.706078052645854, 33.78698376898726, 60.47280299357164, 40.777730137719765, 0.0, 68.42230581665495, 21.260086972853998, 50.694324605789866, 70.26360053345154, 45.84275136150931, 40.646894504618956, 49.64707411285489, 39.22752012305889, 31.406476236677303, 40.21099624573178, 48.84796414655369, 66.28033110788269, 39.159652697092135, 64.63036948346792, 18.68229312382665, 70.25533405044611, 55.305696499865086, 22.263793583869948, 59.11237029256923, 24.756071152932403, 34.55915538753092, 19.497923264382948, 45.373083487651655, 35.827173782451446, 47.57597694043169, 48.22922760600633, 16.952966500227937, 33.87002345318503, 53.57122021181379, 26.910190423083282, 52.645327750028684, 61.16548053084783, 28.78722513979684, 37.458051122449795, 40.59388228458951, 30.965101668755885, 48.77602793125669, 60.81565492870037, 29.502730765580417, 21.782863568635953, 36.22953256326161, 16.273341623526317, 40.28606942569336, 56.177536310012826, 5.176147406908019, 24.22148498402015, 31.69207380770591, 43.81522427966221, 43.174090962132325, 46.88673628176254, 43.4736642053508, 36.64548944087602, 60.780856004058116, 25.696234523524055, 43.293380240870434, 18.11963144101699, 19.850964863843114, 53.41793843497943, 45.68003933980617, 35.972368163941354, 49.900068418546596, 53.63138596859516, 53.82340968698187, 59.965508914282594, 41.82809743154813, 46.21997781021001, 46.631984701789776, 51.25643211750617, 30.577597310171928, 48.16360241977975, 28.126042323977483, 21.79726388143743, 25.173960134997117, 53.490608667958895, 76.28024523931758, 36.38585674936425, 23.63568829111384, 7.002496338128488, 53.71143211686455, 35.72695918551516, 44.47599623399792, 69.90858394274309, 26.881718310140496, 21.976698464801217, 8.138397667164604, 66.09628390576428, 25.962616368734146], [101.31964990457107, 79.70526279907406, 39.77949442493108, 59.25534311013619, 72.76990940722312, 99.61585403380566, 91.93714456917581, 48.865608921101845, 68.42230581665495, 0.0, 89.36087953892788, 53.93370430225445, 72.81507966486116, 58.16066696909115, 77.91896029464871, 114.62073605168459, 107.48119632002853, 83.10701777444389, 96.0901342176151, 43.785616498934225, 83.62099081933654, 76.52660080068436, 45.967242328703435, 69.33461698555072, 4.371119185833728, 56.67971772545294, 90.60386736553635, 10.687921980618855, 65.56326579077303, 54.949084211413165, 84.10498149268197, 25.368677387835774, 55.11791908974837, 20.988195176901975, 78.84044534013717, 54.56138194165699, 102.28782802226453, 38.41348833906277, 93.07236975673459, 75.88213332118212, 7.3636167018854985, 55.13553032757919, 35.35954940167149, 64.4217118759872, 88.84860233681982, 105.84582540490926, 44.68046202726866, 97.66396805125129, 89.05297976288887, 96.7578534238876, 71.29602432640489, 54.99379818364941, 84.77971133910158, 63.262365797489984, 56.1798222410793, 36.739206023303375, 81.97968095073381, 48.00315399046107, 33.73151725633956, 109.8451626074126, 59.31592626804708, 66.80061513727438, 91.14157024123654, 88.19655104038256, 51.494176600162206, 88.1901054541834, 87.1792997916576, 37.192037769114656, 73.80920220197558, 27.841005533537665, 119.0750264299765, 34.49465520445863, 17.55913426763538, 83.58916228802357, 28.907549966818, 108.50921183817485, 88.74509641918563, 52.830004985612895, 44.73838392241425, 96.3878413354658, 89.52846186763894, 90.25213817386954, 22.500832851839114, 87.39943391044919, 70.07024850455717, 54.03573298081508, 63.963670188346235, 68.09320459660267, 35.182165373578805, 42.9065193946314, 83.39874114393642, 95.30036580276376, 67.28615586851565, 61.40117435871014, 2.3522150412322596, 62.181446801090324], [12.026218082621542, 75.04409679377873, 54.40957693277625, 39.70593810305968, 32.5908527551543, 14.606202835982636, 59.71053245819072, 55.478428604855324, 21.260086972853998, 89.36087953892788, 0.0, 63.33901221640974, 78.5826032327779, 57.14025727192158, 50.25744682661798, 29.916433596744234, 18.126266451965254, 28.424315939552, 29.812473451553295, 64.37979891389246, 70.25885379478545, 42.02251155600356, 79.57274836390285, 32.0263080512728, 90.9798892388841, 67.20665255863364, 2.40092029293071, 79.75321438211894, 34.19113053376727, 52.42289385680428, 10.564666504052134, 65.53853061526934, 48.838766259277484, 68.65612402814332, 51.149142808007085, 35.679024685867894, 13.909298669889782, 70.14354513239081, 17.028781788689873, 57.52504423479962, 82.04935210414281, 47.136307963656975, 58.586021652803666, 49.490823074153916, 30.743200230038653, 35.31967965511137, 75.9372819684369, 12.152439260429986, 12.188572400862279, 31.025483806213, 23.205053284633436, 52.929337969049186, 57.747109798730214, 26.40468904976417, 42.88441634230531, 52.65374195680818, 44.347898163867896, 62.134889864256024, 67.64112098405278, 22.98296863611242, 47.86465047971818, 69.9061864083072, 18.04315133099787, 48.067079494791265, 38.098064545279634, 2.4109865494882983, 53.25458794364985, 63.11525837641143, 40.07175396883482, 68.87073943837369, 33.42190911225525, 74.29798086579495, 79.71606778720526, 41.01064534408634, 65.45215309631084, 29.640148145072803, 57.76292011783436, 45.36247796626429, 63.4854082556111, 10.497841462203, 10.43336112016781, 10.146260948951321, 74.70216703213508, 80.77633000317208, 42.554728883111935, 43.08071009113914, 27.196333247503645, 61.76291373867775, 55.56728442493066, 64.2372418233495, 74.62695411790689, 7.072912843413631, 30.79380372976677, 29.13438583730872, 87.02065633862804, 42.16623001011215], [72.59141361561078, 27.303066219288926, 52.46760365806589, 60.92507655483795, 69.43682543338362, 66.17026105050108, 38.71460090992536, 11.140772128260078, 50.694324605789866, 53.93370430225445, 63.33901221640974, 0.0, 23.253213994322167, 6.958577728948815, 85.50185562431787, 77.2199887470521, 78.87737376482171, 41.869514259626, 53.46599391984507, 10.263703675213273, 29.945372560845367, 29.116322044053597, 17.705833055988222, 65.47389505409664, 52.30883437943606, 4.9715649996486615, 65.55766500526482, 44.0422840542445, 29.154790520178654, 67.94889209128316, 53.57779839365925, 33.49210733447966, 14.948663161744554, 44.46493014155097, 27.257699627095306, 35.30469880279625, 76.93981540525361, 15.866961311125083, 76.14271750416614, 22.57653205986489, 48.335801736729046, 63.44896009380627, 52.108825293764724, 15.960322611002292, 81.53094817101191, 62.02025596887032, 14.924598876421548, 75.22610702438138, 70.43490092117916, 86.8714821530688, 40.173344925318624, 10.55735834290225, 31.600372042552983, 47.960930465162036, 60.439310368492485, 38.98023322642282, 32.88495769111401, 69.59330578709236, 61.31121522822966, 75.43309759328251, 15.51856890017071, 14.44387839146103, 75.48306336808213, 91.43657915131041, 36.90352237113377, 63.672284540094836, 35.07492278545057, 18.023755291453348, 28.130763115459608, 26.685562876962933, 81.77719183205798, 67.9816795857272, 36.590773534244896, 35.85841372969035, 27.295350287639923, 68.3822933390555, 97.46492133054419, 20.278428529386517, 9.460377826206955, 73.57499631462082, 69.73555079211086, 58.149815475152906, 57.73099461469581, 35.51442077172751, 24.06878019205859, 57.91579627531694, 52.29604455059787, 14.184771527699594, 30.35160922696608, 66.79209321703553, 30.46116145195105, 70.40587452491623, 32.5456292354518, 49.90752346953417, 52.119433308146036, 66.46084343461168], [85.66966484244756, 9.166797343703974, 75.71537555764942, 83.22035001687215, 90.53400549555383, 77.51087096110113, 32.45841272235919, 34.13153274214704, 70.26360053345154, 72.81507966486116, 78.5826032327779, 23.253213994322167, 0.0, 25.168203262573474, 107.54781280060683, 84.99842489303845, 91.4444653708163, 52.13532723439519, 60.296252275939565, 32.22981582337203, 16.418324194022205, 37.40043220078917, 27.487192407141052, 86.71798434696689, 70.30747905222377, 18.532696033481187, 80.95742808243604, 64.05127045203135, 46.03734005196807, 90.95575322527142, 68.09130780076298, 55.73411311311957, 35.52625413682632, 66.75921588188956, 29.758353942381618, 56.700778989212886, 91.13318592634285, 35.23886410491577, 93.48717337363165, 22.404403937907205, 68.35075819206173, 86.27006186813216, 75.33232278105568, 29.856370116575125, 101.13132250769458, 66.50888868230916, 28.162863659312954, 90.73269788095212, 87.6977942249998, 105.54972197726919, 56.790955846642, 31.335448200336817, 27.64563573513643, 68.46592811661125, 83.02994766921533, 62.23280074084321, 37.56233410264052, 92.84342098831853, 84.35050492247909, 85.24457003188347, 33.74552887535212, 9.614974729957893, 93.26835194604425, 112.66899586397214, 58.95072792841195, 79.4848931765163, 33.36213903603515, 40.350219217455006, 38.686257180098366, 47.798480371204356, 89.21880810709192, 90.84052840172431, 55.34509934090883, 41.416425010616976, 49.30380667049269, 75.15074105233322, 119.33467250996686, 41.68130481522785, 31.797887510119217, 89.08014724010769, 86.66959906710998, 71.2254413303106, 80.0310099715892, 14.993994706732082, 36.03862444254295, 80.58236581972064, 73.11843083499949, 16.900389089456432, 53.55967979436821, 90.02868982028065, 13.221750694410282, 85.37822659453309, 49.28724938738, 71.00536623863336, 71.36342152290032, 88.79455316386338], [66.05354991544314, 26.868701483161573, 51.79324178453113, 58.07082228606218, 65.53621151354588, 59.40612697666104, 33.77952896778073, 10.579867272168677, 45.84275136150931, 58.16066696909115, 57.14025727192158, 6.958577728948815, 25.168203262573474, 0.0, 82.38120757472808, 70.2774760918072, 72.2908045569155, 34.939201598652126, 46.51452204318265, 14.768577609192501, 27.714693387841983, 22.23442996540639, 24.66366944679461, 61.671578041019046, 56.93682575747818, 10.070573895884957, 59.403859111666364, 47.87912908880821, 23.013522416293245, 66.1856597544396, 47.17658759526503, 35.83561668772058, 10.37636250861474, 46.46717188418478, 21.23562636549819, 31.560339663080985, 70.5954537170975, 21.337648910405754, 70.54286996126541, 17.75350130577909, 52.081372556427816, 61.324840578622386, 52.04135939516066, 9.002109922446051, 76.8064976308855, 55.12258595719628, 21.8062594111112, 69.1379398625658, 64.78788502647717, 81.76636278864608, 34.1258233363832, 6.207486878776105, 26.619775396621492, 43.61386279322397, 57.96039186884155, 38.58174332003041, 26.258008972739926, 68.85481639962099, 61.857003543824774, 68.57528788498625, 9.418963058553112, 15.56696727956912, 70.02219666208302, 87.65701190614324, 33.79518600687178, 57.60287610749039, 29.37952742531444, 21.09957405854469, 21.172765741340463, 30.375481963069053, 74.83065713440517, 68.86182788694485, 41.24672709994149, 29.078453090832564, 30.148574154046486, 61.423723869206775, 94.1854182395868, 16.51381687350794, 13.69645110597815, 67.48004640844111, 63.98810213741349, 51.54838544958725, 59.52157675389732, 35.056232366609244, 17.11280355724039, 55.55301224713216, 48.16969761593026, 11.273702143143698, 30.76725540796273, 66.50470631718947, 29.29585504513655, 64.18407665591167, 26.42589385978538, 45.96655585596845, 56.20415327736321, 63.64709132655157], [58.15915115684234, 107.93594270513564, 40.00248866303297, 24.65040798404352, 19.15081157804201, 64.6270090771752, 101.10611066053782, 74.42527330272816, 40.646894504618956, 77.91896029464871, 50.25744682661798, 85.50185562431787, 107.54781280060683, 82.38120757472808, 0.0, 78.64879399171294, 60.91061501775831, 71.52150079540915, 78.18848724833201, 80.1396223424666, 105.94964932940385, 79.67653754228483, 95.0493420044544, 21.992625991046555, 81.5190850440596, 90.45811831929261, 49.1064591021529, 72.91349636723488, 64.4869169924781, 23.019467611510407, 55.934900570705, 65.09686112831957, 72.02462068593304, 59.736272893949476, 88.56701453464426, 50.885021288996754, 53.61343732853905, 82.37631142484928, 38.04695958352054, 92.36424568509214, 72.48982270610074, 24.305986401158325, 43.68801685735876, 79.18995025400315, 23.34106799365992, 85.16449101206787, 91.32411285813993, 47.48137471166875, 39.46464058394571, 30.00297282970883, 56.91906059042831, 76.23942845695696, 96.61955418651648, 40.338692196608044, 25.764907706672776, 50.79272669632205, 84.45426139515831, 30.92914783473218, 44.61920861186625, 71.06182384176574, 74.17756521984627, 97.93830252535872, 35.688397535258495, 10.99434366471478, 48.671884699850644, 47.846464641106806, 94.04791790451655, 73.9705267702523, 76.39124130424794, 73.35772122258697, 81.19759706997225, 46.851885335955785, 78.6513957998771, 82.44913809723548, 69.56623416746807, 79.85867414122102, 12.112120850861691, 65.87376926496587, 79.87540697327371, 47.55110733634156, 41.2543216765781, 59.420117398314794, 55.85174079958733, 115.53158797866338, 76.33882442017871, 28.437663787607846, 35.49230273226573, 91.95125190558257, 59.59900205703364, 35.903345857662586, 109.21080308952511, 50.20334518467342, 62.13981010067403, 37.075329089281986, 76.12708851549176, 19.244911577025103], [20.524802537816477, 78.61199162687703, 82.96375342123167, 69.53723562924927, 62.12603906638463, 15.865934373008109, 56.729565497693805, 72.89248523558982, 49.64707411285489, 114.62073605168459, 29.916433596744234, 77.2199887470521, 84.99842489303845, 70.2774760918072, 78.64879399171294, 0.0, 19.46052668195134, 35.3644921603148, 24.72778625891944, 81.78711570222023, 71.90522276042944, 48.97745429596579, 94.87734132801762, 61.87102372519206, 115.56118158846235, 79.66297261192976, 30.290542918183903, 104.35269202466512, 51.06148975772534, 82.31903716042885, 30.952649050431134, 89.56935603971564, 65.39168344965302, 94.79253135036659, 55.28214562314559, 60.168126304884346, 26.044992250782165, 88.42724137790653, 41.1472757727325, 62.655229232029654, 107.26491951979644, 76.96783190718922, 86.85836608830004, 61.312530354603766, 56.649504198716905, 20.06750491466826, 91.77045535618078, 31.677226845824457, 39.20486995449107, 53.543986377318234, 43.37981672044626, 68.34513979707485, 58.4480223619141, 54.42417556520495, 72.64239403743849, 78.85478749343436, 47.513497757523524, 91.92323428797002, 96.52403869318877, 7.6536575644078795, 62.65346724205041, 78.4392295546565, 43.29776629155891, 74.4300900035708, 63.56219366406391, 32.148830397588014, 52.688079449336854, 83.1346982549696, 49.21691931559795, 90.72047289275694, 4.607549508640496, 103.45892568758848, 102.42354735622094, 43.701330891254635, 87.90087553519116, 10.064908670183724, 84.38588417543576, 64.43684607790092, 80.71444862349938, 31.29736862648281, 37.44539859800219, 24.812520376194545, 102.56063103600236, 81.73427499026597, 53.18171118226474, 72.6575081577516, 56.277389706994654, 70.13207131097157, 79.53624285017517, 93.79926518815954, 76.65636867637475, 28.45133490421668, 48.47749421931203, 57.78522890178942, 112.2726803368594, 72.07823585949205], [6.444719378128312, 86.58706209180626, 71.92046285871174, 55.77507449839147, 46.109823285667936, 14.261259101539864, 67.67811350649757, 72.06127790662778, 39.22752012305889, 107.48119632002853, 18.126266451965254, 78.87737376482171, 91.4444653708163, 72.2908045569155, 60.91061501775831, 19.46052668195134, 0.0, 39.31800106119726, 34.27561323314731, 81.08227217961216, 80.80951443795772, 54.04443875196954, 95.79436054534487, 46.738368105695734, 109.10398875795524, 82.29376471364574, 16.97148047261106, 97.87394863038573, 50.03326237927926, 67.90109401961152, 25.626378630735726, 83.61239484853343, 65.01966580291217, 86.74523627715293, 62.28792338358881, 53.679153789605365, 7.302908414534114, 87.15266574840804, 22.86575410207423, 69.35159766714034, 100.17324273000142, 63.07473144683216, 76.2115519656846, 63.93475719768797, 38.11960967499687, 34.79477515087822, 92.28905330576647, 13.486339019713252, 22.494959707556603, 34.28785081361498, 39.72258584961059, 68.81025695584921, 67.49154476611541, 44.39996969973676, 59.14541464994414, 70.76283291347303, 54.69699970352005, 78.04907514037869, 84.83789518856153, 12.175379931973813, 63.40154040354635, 83.50639730032677, 25.23047545206996, 55.70085699966354, 56.205423725095734, 19.37961028974857, 62.199639516130866, 80.50272294774231, 52.98784438411385, 86.67288681820764, 20.83755837721335, 91.20100957621815, 97.68515373226076, 50.91894835475117, 83.33646587791628, 25.341972181492885, 65.63858360768927, 62.269042387552865, 80.12415265723727, 13.719026834073134, 21.042621896218893, 20.74254200982436, 92.41834528520351, 91.2087147358609, 56.24474665562786, 59.73863097121155, 44.714340031231956, 75.12354303936219, 73.60954960674911, 80.6740016091847, 85.45102235700159, 12.739813939823588, 46.78706544962541, 46.87513868002343, 105.14207962258757, 57.23171027130268], [33.665443130781796, 47.45201709692728, 58.62904118420044, 52.58098574214783, 52.37070846638766, 25.42141943147101, 31.485618180307192, 37.988463041399804, 31.406476236677303, 83.10701777444389, 28.424315939552, 41.869514259626, 52.13532723439519, 34.939201598652126, 71.52150079540915, 35.3644921603148, 39.31800106119726, 0.0, 13.004995854510517, 46.70267800497729, 42.12887361549558, 14.73968586708169, 59.5136815005158, 49.843092936914424, 83.36862298461622, 44.48141349741905, 30.79961676281971, 72.48454577366681, 17.543916579254578, 64.9249089992682, 18.166985963368283, 57.749574262000316, 30.472536772903815, 65.05830610412069, 23.179716013641116, 31.854921591089653, 39.510142174527566, 53.45260916476226, 45.11300883525443, 30.076419741191398, 75.9192495024247, 59.081465909477814, 61.46574960707114, 26.013449711825444, 56.78251050022801, 22.738872037251607, 56.4160427057141, 40.13369212343476, 39.66112774263321, 58.75793720187587, 16.004860226158755, 33.10363883201217, 29.350531410641604, 33.619551666693845, 54.54592611393717, 50.31123738532857, 15.985097689115257, 72.24491740361765, 72.1296936619031, 33.86350034455584, 27.4170037182229, 44.41447015391293, 45.66601204260443, 72.43496793580017, 35.916727512740145, 29.98370229566312, 24.86804224287758, 48.88993584669098, 14.108610466142204, 57.2017149854099, 39.93679427081367, 79.62148287224414, 69.11129050030178, 12.588072052012977, 54.87686128674726, 26.889087065092653, 81.31070340649481, 30.638087776397718, 45.60784281549203, 38.554845567121, 38.17975656492946, 19.553777048522118, 75.26646641476427, 52.64394633415598, 17.899925454334237, 53.31402912785266, 37.86464498530197, 36.00115954194376, 48.24429866919445, 72.36116465209727, 46.63154677695235, 34.50953308789415, 16.180676199466767, 37.63418895185052, 80.81497575501746, 57.22964461737424], [30.080190499861274, 54.137894226956504, 70.23737256021619, 61.93167233667157, 59.315203181662895, 20.274561834986105, 33.53611816654685, 50.6329456268805, 40.21099624573178, 96.0901342176151, 29.812473451553295, 53.46599391984507, 60.296252275939565, 46.51452204318265, 78.18848724833201, 24.72778625891944, 34.27561323314731, 13.004995854510517, 0.0, 59.154081014155445, 47.68735622962878, 24.59337450158886, 71.16769531767982, 57.46337464068978, 96.37306067956894, 55.49742360745118, 31.822696374085734, 85.47727561377003, 30.53253163115331, 74.70144536804827, 22.253894974406904, 70.72607440038601, 43.16028286863249, 77.8288961039693, 30.559565361412957, 44.018600820695845, 36.845115625286155, 65.96976539235457, 46.63538572472572, 37.93244820294439, 88.88645018162994, 68.88676882539973, 73.36492057287435, 37.51917725375033, 60.442499682129444, 9.787851212276129, 68.2796241491655, 39.44749225092579, 41.99810079301256, 60.68427278141308, 27.09111434365952, 45.446218207025666, 34.18368318579866, 43.495554444242444, 64.30803205560012, 62.79213961876456, 22.78571571991575, 82.7951134893779, 83.8941514241264, 25.508617259901296, 39.82465425585492, 53.75266176439777, 47.83101438120106, 77.39383833956686, 47.995912042048005, 31.999237059948655, 28.56835069984606, 61.75224228471744, 25.36364369396455, 70.16782821296898, 29.049220375031993, 91.31511787633406, 82.08330280167996, 18.97852107108855, 67.87719891351408, 15.117853651665971, 86.84467056842256, 43.6267141713984, 58.04228908660523, 38.12544646552615, 40.24339096838369, 19.67614640003657, 87.67162656064232, 57.810577935004034, 29.490101976851232, 63.42733317286072, 47.129622804840544, 45.48692996690107, 61.153085718621874, 83.3886795904252, 52.424980032924275, 33.928610729973585, 28.95673424694986, 47.48371936426311, 93.79343680337486, 66.04026366857035], [74.6645140216004, 37.281778504494596, 44.59056648859342, 55.51845509852715, 65.4670130955333, 69.35912029104212, 48.375681054010066, 9.04421584602572, 48.84796414655369, 43.785616498934225, 64.37979891389246, 10.263703675213273, 32.22981582337203, 14.768577609192501, 80.1396223424666, 81.78711570222023, 81.08227217961216, 46.70267800497729, 59.154081014155445, 0.0, 40.2059648128776, 35.904048877025055, 15.797143426283421, 61.41057414184146, 42.32916462025523, 13.9436968957496, 66.42695626930902, 33.79677619331575, 31.26676267895469, 61.02706842373933, 55.45658835038243, 23.582715583808167, 16.42296757404003, 34.612283675160604, 35.9843774322768, 32.19703998980503, 78.25878263472855, 6.860984553262738, 75.39221134014686, 32.231221680125024, 38.083328567609314, 57.0289400945563, 43.650041773894, 22.581079814366777, 78.85191813646865, 68.28144800545212, 11.971280196022501, 75.76656280316685, 69.87756707086781, 84.89407594665678, 41.408263918500225, 13.723570969160102, 41.21482595475281, 45.26491664671925, 54.52915444497621, 31.157826019656603, 40.540267517003954, 61.55311441885749, 52.23557560798864, 79.12235225137417, 19.333777116548205, 24.243476517301946, 74.41586661821553, 87.01166350747377, 32.68943530137831, 64.32797344987567, 44.1478