instance_id,num_cities,city_coordinates,distance_matrix,best_route,total_distance
25,87,"[[90.94090626388957, 68.66658081036076], [75.2702632016089, 71.52003847853797], [84.11627658396507, 5.4052988163283855], [30.771423988208813, 17.001571814060945], [60.211068595577565, 87.7389703125212], [69.1992012409008, 36.29492633336391], [72.0639301337638, 4.016487601166796], [18.506359846130806, 79.42701049230921], [84.21502049341422, 39.68431684831779], [52.64906652780043, 6.230155953997663], [31.733740961225244, 93.84100818072115], [21.44717744663839, 82.0642973354275], [52.44566364782208, 88.35235422635934], [92.29711373629421, 56.94010892094572], [89.24682405562417, 12.718849547827949], [45.868737820067494, 64.13207794606566], [50.17402674077858, 76.53461021305681], [42.72784229572858, 3.1138689806926356], [47.1560202738643, 69.30949201636403], [90.73265126329416, 35.849937834505], [70.68126194788138, 30.334652959428745], [19.1501433300624, 23.341061354648385], [58.125676491855316, 41.19872876796615], [17.626897155610067, 67.19147367015475], [85.6387879811574, 25.92627689329603], [47.57979876128338, 12.391031786704554], [3.552355942491392, 37.60600427771939], [91.07260511902896, 91.10251779572722], [63.32960975597474, 64.41847740481829], [7.97419935000534, 23.702490534756958], [53.24421825702043, 18.297090639557013], [45.657554879470865, 65.05815014571992], [53.80803582761664, 34.45392763213625], [30.298955873831456, 69.71052493744871], [77.10247980401832, 68.90303723099964], [21.623597722001055, 98.27337078895314], [34.81007685414569, 75.05889219451646], [67.42525836441031, 11.560215173776244], [26.781380351049368, 16.70039318281994], [51.57166611681835, 94.39262079981474], [65.172819262966, 28.047689874067117], [42.77485444373386, 38.12269630981076], [48.22583441295269, 15.586421941060713], [22.28796861161414, 29.133449461044382], [84.42976232114171, 39.3753957518133], [65.25802768246338, 71.62723146373646], [36.19943817760106, 5.803224900310222], [48.325378394227606, 55.693532335643226], [22.421196389578, 47.74540363999442], [85.3106386511463, 60.29263564486169], [69.65889464214861, 1.7533095503046048], [43.68129924247953, 68.02082721730245], [16.327320876478733, 76.18823949105963], [86.31231514558147, 27.268015377142575], [9.416796892796365, 8.527593390757248], [59.922794590886774, 89.34883426793644], [46.188613766517314, 66.79040889217698], [79.46747473644163, 32.62656569755693], [92.65459222180864, 23.260582825364672], [89.14147474747061, 72.40305194389668], [74.34385888224122, 48.095201585670054], [18.832004522015023, 73.13549788315886], [11.855663964069496, 4.526254524741713], [83.63581438386932, 28.551551495365878], [10.376025696373691, 47.79851424542378], [33.293028760257, 71.4541582191024], [85.90640455250363, 82.7161015343029], [68.23785656969193, 60.448472373006744], [87.23682432745875, 48.5890343196805], [26.88230568649157, 54.814105136188054], [30.47302488693977, 72.59653934255526], [23.81395857732185, 8.896387405354933], [99.73678577776468, 28.516667811193454], [11.851493704537553, 29.18903703890723], [54.51927092073129, 48.35136230701148], [83.07370144874696, 23.116796613021762], [77.87586347057463, 66.72811027554759], [70.52472811596088, 86.86122933629639], [15.838983349558678, 30.016319876930652], [40.6864397149773, 69.18319797488554], [76.31399214965874, 72.89364842438269], [70.69201215931467, 9.161776117955133], [13.747689055404667, 46.276012595419715], [29.421428111412972, 89.88005157743632], [35.28007711508473, 39.40537947938672], [82.37575461693946, 46.18685608186174], [92.61609847159488, 53.439747963150054]]","[[0.0, 15.928316755058733, 63.628337789043265, 79.30724905020475, 36.16737430949235, 38.99520163923665, 67.34964572865104, 73.22943644250314, 29.752464835085803, 73.24323954617662, 64.33692731707482, 70.7734212329155, 43.236713323932655, 11.804636448508155, 55.973373562372956, 45.29969188034915, 41.51920462549272, 81.37356797770082, 43.78960579838914, 32.8173037641738, 43.35654368812418, 84.90180420080091, 42.79395051656583, 73.32884747903772, 43.067923530246276, 71.04310706723422, 92.74436986586093, 22.436323517897936, 27.936178646911813, 94.36759968573438, 62.91363784390414, 45.42689384567534, 50.49114481105086, 60.65093541282567, 13.840446471271305, 75.37540232945925, 56.493642607445445, 61.758583956819834, 82.56469840011039, 47.02941848775881, 48.10289605191858, 57.034177721124934, 68.13281609342764, 79.22180459046308, 30.00614133102182, 25.85296316710358, 83.35724230392839, 44.546416268172536, 71.64248945600431, 10.090731937074285, 70.21616544208159, 47.26401859259385, 74.99174937066998, 41.65651300419813, 101.30586467033977, 37.28107911316776, 44.791603061700556, 37.82224636832356, 45.43832493144787, 4.147188241933216, 26.4318676032307, 72.2472485996724, 101.82562057580068, 40.774746404097186, 83.2236515842506, 57.715235150552346, 14.924317071626012, 24.14468412933408, 20.416368337126467, 65.5392660184577, 60.59545570652672, 89.880493575564, 41.10210469383911, 88.39463581694545, 41.70423987928352, 46.22419011759488, 13.208066141774488, 27.347130839455403, 84.46384727001448, 50.257121897403, 15.225462788322663, 62.855703750253454, 80.37493594388899, 65.0742463201735, 62.8835893128266, 24.05618104779606, 15.318704497758658], [15.928316755058733, 0.0, 66.70390358414247, 70.37336071828406, 22.132173233049617, 35.74445857711158, 67.57965635304603, 57.311961496502796, 33.06844197609215, 69.09766493177173, 48.924988065744074, 54.84620274028095, 28.359992916520284, 22.416243776218742, 60.439424823297635, 30.315534888746264, 25.59232334467788, 75.7523147090795, 28.201013653088197, 38.87726230749264, 41.440257152488385, 73.96405675124252, 34.83272421176208, 57.80565822143525, 46.75785924949938, 65.29166296920161, 79.33233853480982, 25.163217327742416, 13.892853356762448, 82.55469763299298, 57.60059750186554, 30.30954461878029, 42.8313410615484, 45.00769736417088, 3.194638196691742, 59.94752294125632, 40.61465455835545, 60.4708567132459, 73.18719334995451, 32.93597616332064, 44.629625444122595, 46.59757562659699, 62.12866156184475, 67.85091354255222, 33.42416012631425, 10.012809317415114, 76.45409704477697, 31.249081810096953, 57.950471306181754, 15.061995669808024, 69.9920275635425, 31.782182484246288, 59.12751094572584, 45.608863828205806, 91.13027577607222, 23.524683888570607, 29.46373584408033, 39.119289482722536, 51.2951260396459, 13.899288562011082, 23.44314843233325, 56.46137398144621, 92.24737657465204, 43.77525922488693, 69.09394165430207, 41.97728613849165, 15.442776006433462, 13.116185385460883, 25.865605287954104, 51.190649940431875, 44.81017088487266, 81.05228534300069, 49.476263154391184, 76.2486328231837, 31.102913628502744, 49.02823137304218, 5.4545145214078286, 16.05840092236107, 72.48886592169943, 34.66268412131412, 1.725159239119906, 62.526100687933116, 66.5002855058739, 49.3883160283857, 51.289046646107565, 26.310798896966293, 25.055436662215964], [63.628337789043265, 66.70390358414247, 0.0, 54.59072124364089, 85.73384647273829, 34.30288945456132, 12.132100046860714, 98.91347215514973, 34.279160252216045, 31.47801928356283, 102.78523594880227, 99.01524145622895, 88.78762146237354, 52.180099166558676, 8.93367458894521, 70.08358444349714, 78.8127861719788, 41.45181713174119, 73.82280443776047, 31.155295839461207, 28.31911573944176, 67.39651361750727, 44.23438618146267, 90.76546138171372, 20.57738035294987, 37.19831551052698, 86.76076729338513, 85.97908959445186, 62.567090110815265, 78.30966192165064, 33.455676375702474, 70.97560106734021, 41.98109448100851, 83.85383780666089, 63.88392700083809, 111.936650402168, 85.33887978108693, 17.78969040126017, 58.4368846088424, 94.75175536237305, 29.52172840610929, 52.72135509756295, 37.306555822157364, 66.22510701948477, 33.97154337255896, 68.85475956815797, 47.9184906693639, 61.72434547017322, 74.8262480461962, 54.90033009806398, 14.911502882362788, 74.53651312973824, 98.00799562522472, 21.972732210232873, 74.76470416941963, 87.3604127455038, 72.15704640447846, 27.615371249298953, 19.791765989289356, 67.18594749443582, 43.79415424680344, 94.07133487035887, 72.26595917213847, 23.151238779114415, 85.05768228315779, 83.33939253292802, 77.3315251048453, 57.287652922250935, 43.29633737676777, 75.61056517872518, 85.97826036902399, 60.403288457755, 27.89508351466954, 76.07801948296866, 52.156946934950824, 17.742156495613756, 61.639516230164574, 82.5820731553281, 72.57748362310812, 77.16068397536388, 67.93786113216093, 13.93994250564081, 81.37661430396987, 100.63553201273271, 59.50613299197606, 40.8186823613854, 48.78068549087874], [79.30724905020475, 70.37336071828406, 54.59072124364089, 0.0, 76.6190069169403, 42.99915805210633, 43.286065607729356, 63.61892165528289, 58.05794458728545, 24.385541673716652, 76.84546203324292, 65.72746629710194, 74.57014694681448, 73.35187281328045, 58.63202301689725, 49.489529126842235, 62.61504335693096, 18.325507598217847, 54.813990105943056, 62.85387560027679, 42.078096663184326, 13.23794892612241, 36.52064532131345, 51.88260627587281, 55.588469958131036, 17.429243869313005, 34.13825277349234, 95.53628965555342, 57.51867867302891, 23.761644785369676, 22.51010553674831, 50.30935910800953, 28.901041653204334, 52.71107061597775, 69.57247189394192, 81.7850110595579, 58.19762165871038, 37.05552504775478, 4.001394356265423, 80.13753512383649, 36.13132603497526, 24.29370788219841, 17.511684454628014, 14.803765411814977, 58.136092664101845, 64.60099477969949, 12.444529386077798, 42.487752638757776, 31.85764423635583, 69.6321918630488, 41.77014335533605, 52.62726765643471, 60.923671470207466, 56.48177098842649, 22.97451650639769, 77.99954354087349, 52.12118607871047, 51.141429314536694, 62.19888849061244, 80.47600155459628, 53.52915929629933, 57.38961049807428, 22.659203842147992, 54.11142025989856, 36.93810951582752, 54.51094070757651, 85.78033281689767, 57.37043435918665, 64.70014855481932, 38.01201017312456, 55.59576833283245, 10.681776034106854, 69.92008697497101, 22.505512003636316, 39.32899182387477, 52.65856247469107, 68.49494029714586, 80.37846066078633, 19.808115775277084, 53.11524871117634, 72.0975016387835, 40.683113898566276, 33.864442031778076, 72.89098230568771, 22.852976850366733, 59.28564545850613, 71.78094763255798], [36.16737430949235, 22.132173233049617, 85.73384647273829, 76.6190069169403, 0.0, 52.22332993384657, 84.5573440807861, 42.52495041653782, 53.71628641555867, 81.85884615241848, 29.123754142266623, 39.17704902623171, 7.7895926612616115, 44.47565801412706, 80.4431079377518, 27.622234147070007, 15.042602648260587, 86.41221544014472, 22.58494978853831, 60.199989203046194, 58.35135473670838, 76.37467028934853, 46.58693962101176, 47.28225116781776, 66.83844687671098, 76.39935089853182, 75.65397546032581, 31.04428914084048, 23.528082973912543, 82.63994948514318, 69.79048399426881, 26.94855033065203, 53.668376182608945, 34.92505304391703, 25.3004376970873, 39.99958127052038, 28.390046891947765, 76.51958748261515, 78.51129534493022, 10.904601780764501, 59.89714459026825, 52.59083769879497, 73.14120640861965, 69.80521890708869, 54.08863531336165, 16.88371774095204, 85.38164188854736, 34.178644307409265, 55.02326613838571, 37.192602808402256, 86.5031518137996, 25.730107694880367, 45.37843867282539, 65.86358221552092, 94.09835424521366, 1.6354705306808968, 25.208559360165136, 58.37967385919044, 72.18063922015182, 32.74383594392395, 42.087577266396266, 43.8803868556231, 96.24240866611058, 63.65429491780931, 63.865260757419826, 31.46070522880668, 26.181663444145368, 28.44645150046012, 47.57214480263458, 46.84926022820191, 33.371311920525926, 86.83836995910505, 71.20086679475898, 75.93907538274848, 39.79673636326325, 68.5472487750391, 27.449976638769975, 10.350942079044668, 72.80649917685473, 26.93562362321197, 21.901774561688534, 79.27310783283818, 62.27377056951268, 30.863995044826552, 54.38465168616297, 47.09407078882997, 47.18604258715893], [38.99520163923665, 35.74445857711158, 34.30288945456132, 42.99915805210633, 52.22332993384657, 0.0, 32.405312506097005, 66.55930327587306, 15.393595937499844, 34.31905268194022, 68.6674031105785, 66.1444714119959, 54.68689807181534, 30.97962436375628, 30.94735169798709, 36.32103430987869, 44.51055406864441, 42.446618374676326, 39.6971456704717, 21.53804737275478, 6.1417719455557975, 51.69826704686772, 12.110748477502696, 60.11904179209989, 19.436278023362412, 32.23033878310154, 65.65993620930098, 59.01116741025407, 28.729535831067984, 62.50656202257641, 24.051685422796922, 37.1689676677509, 15.500878974980631, 51.28188100769622, 33.55220869568415, 78.13299960530189, 51.81946473452148, 24.798242064252904, 46.72491047001892, 60.71303070073039, 9.177617394933856, 26.48748471908474, 29.474128829631507, 47.45472050061845, 15.538960153657351, 35.551436466667234, 44.930259497541414, 28.49600665121278, 48.15906112477734, 28.904471412281623, 34.54467553778549, 40.71481437141185, 66.23376909075716, 19.347966015220393, 65.91631549461655, 53.858786353449545, 38.20290031412703, 10.903866760629663, 26.83373765899515, 41.24913341776829, 12.872994922580803, 62.402581817057055, 65.55554725500573, 16.382174853219954, 59.93745503433344, 50.25360493541605, 49.336154588004774, 24.172669895276517, 21.828901433465255, 46.19177018575659, 53.080352693507805, 53.014150818640594, 31.51262247074694, 57.78627191938695, 18.996262858564982, 19.135434642142, 31.645902614819427, 50.58367346170981, 53.72833286494449, 43.52718669292446, 37.283866596303696, 27.17418490130059, 56.34263294015311, 66.7355743405564, 34.0614430145894, 16.47640230817432, 29.022335960946883], [67.34964572865104, 67.57965635304603, 12.132100046860714, 43.286065607729356, 84.5573440807861, 32.405312506097005, 0.0, 92.49410953044665, 37.68080466407676, 19.540656499065893, 98.46303192589353, 93.02427778222724, 86.58761331354323, 56.65943356840998, 19.260917604844327, 65.57493654489673, 75.74989094188413, 29.34997052834883, 69.88261871990663, 36.903789810405556, 26.354460706625563, 56.33212213880562, 39.70886516600801, 83.39346151996223, 25.774321182185272, 25.87674012275125, 76.30263054921913, 89.136448099211, 61.03022795879334, 67.0450020764856, 23.62450376756548, 66.50850487173527, 35.49247008248479, 77.84612781939518, 65.08188154659008, 106.9045703517166, 80.21765911932673, 8.855794796264483, 47.02542690532754, 92.67026673361823, 24.999721832746005, 44.956461462774016, 26.49751286864504, 55.75399643545805, 37.45885998388429, 67.95243184630421, 35.908971211242076, 56.868583516557855, 66.15602097713375, 57.81418619318583, 3.302449182929713, 70.01520710537473, 91.18843886346298, 27.26994718296982, 62.809341492778, 86.19174299158976, 67.89769650993351, 29.552479445308517, 28.183515859843364, 70.4866278994497, 44.13763815187416, 87.24147801760857, 60.210424159584925, 27.12706886838811, 75.64564370110816, 77.78831667858204, 79.90771759509926, 56.561539443396214, 47.084271675233005, 67.98365343910731, 80.20615248284768, 48.49611507426521, 36.96005640982563, 65.2625064331665, 47.68014452667266, 22.046243869570482, 62.98036350772711, 82.85903919314977, 61.94542694383945, 72.32736028580872, 69.00816118551558, 5.325049563113055, 72.01841032853467, 95.86936214157849, 51.043368925533564, 43.41282877179752, 53.52616451974615], [73.22943644250314, 57.311961496502796, 98.91347215514973, 63.61892165528289, 42.52495041653782, 66.55930327587306, 92.49410953044665, 0.0, 76.79264145828041, 80.76821115917615, 19.563408203211978, 3.95015063666438, 35.09327718117024, 77.1410143954489, 97.23266947466489, 31.347004481811584, 31.799482793369293, 80.06482235931202, 30.38366703897886, 84.35400662268836, 71.63993284100302, 56.08964385558585, 55.055351920316745, 12.267102997460956, 85.84341211145494, 73.06905837200442, 44.414173340847206, 73.49950628268589, 47.26922675397424, 56.71109705530113, 70.31063865574627, 30.718911754784802, 57.17330241511152, 15.279902244790504, 59.53368195672011, 19.102420485521645, 16.878733534864093, 83.65979045544745, 63.270091539746815, 36.29440687833987, 69.40888287312542, 47.906222979070584, 70.41922972525171, 50.435531583009414, 77.13641706226302, 47.39783748625391, 75.71992357193831, 38.11104633285056, 31.9225650270549, 69.49054588547189, 93.00422374325683, 27.638353614368476, 3.9035686787601853, 85.54652737250693, 71.4796999155877, 42.588304192597654, 30.4300982928616, 76.854012007548, 93.01950312328933, 70.98348717001225, 64.02740466370463, 6.299934552519535, 75.19544534231288, 82.64477101748791, 32.65676205973201, 16.79916518599555, 67.48025004624374, 53.22975366758132, 75.3316502025722, 25.999068806209852, 13.778839150180264, 70.73004593046261, 95.86576599048949, 50.676831195993756, 47.56706501565427, 85.67252645253333, 60.71243717170409, 52.54691472651804, 49.482635787345885, 24.431365861951623, 58.17565790303112, 87.5245420955484, 33.49079887452793, 15.113066636626904, 43.3945680927155, 72.00144063572472, 78.53401284089615], [29.752464835085803, 33.06844197609215, 34.279160252216045, 58.05794458728545, 53.71628641555867, 15.393595937499844, 37.68080466407676, 76.79264145828041, 0.0, 45.99554685947658, 75.41373825377555, 75.73549278134053, 58.11944508177122, 19.05472621793279, 27.430921855133775, 45.476701920398376, 50.16705469463307, 55.30446285830115, 47.44492070822781, 7.561876306450258, 16.44928068956144, 67.08606591844104, 26.133260682395726, 72.0459703666468, 13.83151391797477, 45.6843833362876, 80.68943447314406, 51.87347930846401, 32.37250500202753, 77.89789201857832, 37.63780062743463, 46.157443286806696, 30.85355227228782, 61.7131687427798, 30.0719446637503, 85.73426063254092, 60.763550233040085, 32.754560100060644, 61.86181186373461, 63.70704126080096, 22.316283629644563, 41.46957946412488, 43.31200819282444, 62.819428184240806, 0.3762263898788624, 37.1445469828664, 58.765844984276136, 39.29836371310297, 62.31739578672069, 20.637421902154756, 40.628095136737734, 49.456449309873115, 77.07967389387777, 12.592187541532137, 81.02786971418493, 55.28721850322215, 46.69847786009258, 8.505941571667107, 18.465248717941016, 33.08754414839482, 12.968531667807294, 73.44331344746064, 80.44852903371995, 11.147822393688406, 74.2834931329739, 60.01976393486189, 43.06501217109225, 26.199616823514113, 9.403472319108433, 59.295452445931325, 63.019175504575664, 67.7951685592453, 19.121756785370206, 73.12065992318651, 30.93469281674801, 16.606785839188255, 27.77681901685098, 49.12316334763619, 69.05615556151865, 52.582519265477224, 34.13628498559631, 33.38408673366359, 70.77496204744055, 74.30982136380723, 48.93573836672028, 6.757656061693491, 16.118002244396408], [73.24323954617662, 69.09766493177173, 31.47801928356283, 24.385541673716652, 81.85884615241848, 34.31905268194022, 19.540656499065893, 80.76821115917615, 45.99554685947658, 0.0, 90.07281649559212, 82.00228582967567, 82.1224501693457, 64.3697675726504, 37.16852163619094, 58.29755936366835, 70.34800715451348, 10.399131442723487, 63.318055838890345, 48.246149120467244, 30.10293752365082, 37.61596654398195, 35.39483495291653, 70.30529571251824, 38.422114746920805, 7.978337340240796, 58.26603511764627, 93.16483307807243, 59.16041545588513, 47.970055587372734, 12.081602471789447, 59.241996385588116, 28.247557373649393, 67.29996056848586, 67.27450831049376, 97.13152480926776, 71.10291474365636, 15.70813090340933, 27.906326447002908, 88.1690478531753, 25.156493573726614, 33.3861377614766, 10.349139846503828, 38.03100209232173, 45.91970760320237, 66.60152690912032, 16.45516766806967, 49.651987695848895, 51.35406433304864, 63.16272638109923, 17.58909907306026, 62.43803252228141, 78.82513976732199, 39.69642095467228, 43.293271493033636, 83.43633383959153, 60.903872502633426, 37.62974177688686, 43.4796219564399, 75.56816804290709, 47.15237068318319, 74.96611542130958, 40.8289722232538, 38.18930794881995, 59.286915859908305, 68.03548096057641, 83.40353951603483, 56.414858063119915, 54.686264875254906, 54.993873135021744, 69.97337827298465, 28.958111828431765, 52.09550762709182, 46.81401679989078, 42.16270495478806, 34.796796444786196, 65.54688216142934, 82.5887962861554, 43.82651957157579, 64.07955945499742, 70.73930967317371, 18.279559180885652, 55.82999017907085, 86.8149078454537, 37.4469925251489, 49.80174565069998, 61.855551246973064], [64.33692731707482, 48.924988065744074, 102.78523594880227, 76.84546203324292, 29.123754142266623, 68.6674031105785, 98.46303192589353, 19.563408203211978, 75.41373825377555, 90.07281649559212, 0.0, 15.63663350191743, 21.426830461043373, 70.9196622106455, 99.4412356534427, 32.9001317913334, 25.289435546227068, 91.39083133211274, 28.976576480308523, 82.72747824472448, 74.49809758979751, 71.61417060765343, 58.88755252872633, 30.152955606140715, 86.70735159180136, 82.97708239260189, 62.90124104932064, 59.40202125455823, 43.173883797429845, 74.05354464945295, 78.54670019140923, 31.973825399738537, 63.35692408831496, 24.173101369101555, 51.77088814454234, 11.039059498366868, 19.03238617318691, 89.68842351381574, 77.29942016514511, 19.845592733915936, 73.80333794260694, 56.80172941625692, 79.97355446621691, 65.39335417870149, 75.78504868653692, 40.216037549711864, 88.15097127404184, 41.599427232343096, 47.02688852533179, 63.21374269793775, 99.5914731328344, 28.450411137058406, 23.43028002902173, 86.08591133758532, 88.18403900750869, 28.5447433163908, 30.670478797804222, 77.62549393496865, 93.23597246587379, 61.2799630065523, 62.51640560904559, 24.39616690853919, 91.50007194386868, 83.40586538031015, 50.75493324905834, 22.441087978176075, 55.30317376485132, 49.47334538946997, 71.61238301773913, 39.32728805133042, 21.28184346422469, 85.3130209972614, 94.29572391701639, 67.64008521947622, 50.87718798490202, 87.39396801114476, 53.518265129618804, 39.41393151102723, 65.77411463949662, 26.232773759601635, 49.2563770164361, 93.21115404008077, 50.85200948034027, 4.58649843873435, 54.551023567167974, 69.53798788695839, 73.06793608135072], [70.7734212329155, 54.84620274028095, 99.01524145622895, 65.72746629710194, 39.17704902623171, 66.1444714119959, 93.02427778222724, 3.95015063666438, 75.73549278134053, 82.00228582967567, 15.63663350191743, 0.0, 31.62982463164428, 75.17272321616844, 96.98238607688539, 30.298136960896578, 29.25421867080977, 81.76818962050845, 28.698948730610585, 83.28411556881058, 71.41394250384748, 58.768144515434415, 54.91181099319038, 15.355631712186787, 85.27625813892482, 74.41288751955202, 47.924570506894874, 70.20961193207289, 45.44791631273789, 59.89675810785712, 71.25523457326466, 29.586338362125904, 57.5671126463522, 15.197686461602737, 57.190309039449886, 16.210033508150094, 15.087835555952411, 84.17131058940483, 65.5811991861745, 32.5495372790822, 69.49622747951481, 48.84397718027185, 71.66871274041755, 52.937525315074836, 76.08645290647681, 45.03690644788898, 77.67483740329622, 37.65441452011746, 34.33271293358044, 67.47256427458599, 93.67083021924175, 26.29781787508175, 7.793650434126751, 84.91241726128581, 74.51427301743165, 39.15913166749063, 29.076284827114442, 76.2262697965423, 92.34918927172077, 68.38024239185494, 62.8646034979609, 9.303901820446935, 78.12902926440364, 82.04291883797013, 36.009919353541655, 15.902806211864993, 64.46252250571011, 51.542327669620924, 73.81646747627845, 27.786932070294117, 13.080686657327707, 73.20617935977653, 94.85046863514054, 53.73890860357317, 47.2263205743295, 85.27975317741303, 58.475595250699286, 49.31142399404905, 52.34924830931878, 23.15322727755428, 55.62794403090247, 87.97631127606348, 36.60715020482497, 11.165782016327238, 44.84565069085003, 70.70701738088232, 76.70971350893213], [43.236713323932655, 28.359992916520284, 88.78762146237354, 74.57014694681448, 7.7895926612616115, 54.68689807181534, 86.58761331354323, 35.09327718117024, 58.11944508177122, 82.1224501693457, 21.426830461043373, 31.62982463164428, 0.0, 50.74314957983457, 84.11154758603726, 25.097365129382442, 12.034093559607635, 85.79064878415913, 19.763879380640905, 64.97997497422547, 60.81603987156617, 73.04149419392871, 47.494493783793594, 40.744685125217785, 70.70218266929146, 76.11700958310995, 70.46806064791323, 38.72472087799111, 26.29240845936087, 78.46856703250516, 70.05981477052465, 24.26310706404777, 53.915641953788636, 28.94813404113334, 31.404370946517098, 32.379411939856446, 22.084611256468637, 78.2395097003074, 76.10951950000667, 6.1031706483272465, 61.633051463437326, 51.15215621139903, 72.88818738396587, 66.4557390411119, 58.49551289938446, 21.068611809537327, 84.13262503047221, 32.91770644896916, 50.50141651542908, 43.214053140638995, 88.2932039291211, 22.140123620920573, 38.11168287863691, 69.84444527889545, 90.68338225211293, 7.5432393315469595, 22.45146230897676, 61.93175099789969, 76.50945458691561, 40.012033134526625, 45.8276040532395, 36.89757169239668, 93.13626074474202, 67.44598957839186, 58.43345252991024, 25.541582790345032, 33.9321164429651, 32.0627506581612, 52.83508750288182, 42.16988762486206, 27.037798667216418, 84.45723887686988, 76.26768385812704, 71.75085179987295, 40.05470261597251, 72.06770897328407, 33.38117717321158, 18.14045273638131, 68.87047223648891, 22.488572629142258, 28.437100600160612, 81.26547172782618, 57.16600180700874, 23.074862539840442, 51.86967994786231, 51.70821578040836, 53.22174283148626], [11.804636448508155, 22.416243776218742, 52.180099166558676, 73.35187281328045, 44.47565801412706, 30.97962436375628, 56.65943356840998, 77.1410143954489, 19.05472621793279, 64.3697675726504, 70.9196622106455, 75.17272321616844, 50.74314957983457, 0.0, 44.32633582511144, 46.982108389010655, 46.45749604658349, 73.17360710839785, 46.805127466390395, 21.148117156966137, 34.27966358438847, 80.49456675436214, 37.622841100470396, 75.37062905023151, 31.72051511089925, 63.12098329467703, 90.826425880555, 34.18434731688623, 29.917257261159534, 90.63715113894145, 54.9400719621919, 47.3407968214121, 44.57619843833092, 63.299724356219805, 19.338783676523185, 81.87297724201697, 60.274785083019005, 51.74885453944175, 76.88657908693592, 55.32858872087284, 39.62952471398385, 52.976874037803334, 60.435131240250485, 75.32921552364284, 19.246152005099507, 30.770501185606662, 75.9073784979321, 43.989401702862175, 70.47826920582449, 7.749210898534324, 59.64957492329625, 49.86260860464699, 78.37027470672425, 30.26963741843634, 95.98394959595761, 45.80853652699869, 47.14893613843428, 27.490871592987613, 33.68142320167796, 15.781655944761043, 20.013788887269456, 75.22906948449743, 96.01061906957909, 29.680436303696077, 82.42956641191277, 60.76297944380889, 26.556410884673948, 24.313709497328063, 9.764577609762203, 65.44934685911944, 63.77571462241386, 83.65489655480738, 29.38095853787266, 85.09770721291986, 38.74186335471935, 35.0583483596338, 17.42921196566859, 37.004191958620204, 81.0600772188238, 53.04295337287826, 22.58263931299653, 52.43614687965668, 79.27001367565693, 70.98162906704654, 59.65240315069477, 14.630988120987292, 3.514865302712896], [55.973373562372956, 60.439424823297635, 8.93367458894521, 58.63202301689725, 80.4431079377518, 30.94735169798709, 19.260917604844327, 97.23266947466489, 27.430921855133775, 37.16852163619094, 99.4412356534427, 96.98238607688539, 84.11154758603726, 44.32633582511144, 0.0, 67.26795983073033, 74.82736664676084, 47.50022437497055, 70.52755899643977, 23.178760273515504, 25.59290187166397, 70.89693951370751, 42.18565332052516, 89.98155759896393, 13.691386394389415, 41.66831483710067, 89.23515190631039, 78.40492921040246, 57.832114932840256, 82.01146197861682, 36.432189036168424, 68.11333771287121, 41.57308420601657, 81.99330598831781, 57.48171920636485, 109.05263336832616, 82.76255411155832, 21.852303375815925, 62.592206758723165, 89.94455200975669, 28.53999040827212, 52.96224494783772, 41.121096321652125, 68.94147817303308, 27.08829155334498, 63.60550142388243, 53.49627101730775, 59.34128474959047, 75.44881711817952, 47.736345473284246, 22.448386270388912, 71.6556054028738, 96.67273350671016, 14.842155128956724, 79.93997663867565, 82.04909056322836, 69.1212196306634, 22.180009815254273, 11.07885483112697, 59.68429537266588, 38.3872980875758, 92.7815617783285, 77.82358430147602, 16.79755578934322, 86.32025086340575, 81.12129000863916, 70.0769126611247, 52.14876422177985, 35.926456191420655, 75.24190118852155, 83.90290342934766, 65.54442082688843, 18.963395234353413, 79.12840347274253, 49.75619471251982, 12.092342448430378, 55.19328753554683, 76.46966298520906, 75.41825745078758, 74.47371060047635, 61.54887944505384, 18.892692129311158, 82.6208362193462, 97.63672003163401, 60.20449032366444, 34.166051229156636, 40.86004867644062], [45.29969188034915, 30.315534888746264, 70.08358444349714, 49.489529126842235, 27.622234147070007, 36.32103430987869, 65.57493654489673, 31.347004481811584, 45.476701920398376, 58.29755936366835, 32.9001317913334, 30.298136960896578, 25.097365129382442, 46.982108389010655, 67.26795983073033, 0.0, 13.12853073746465, 61.09899385453693, 5.3350456953222665, 53.034424468747495, 41.92764349830188, 48.7625914619251, 26.00328921749334, 28.407067189577592, 55.14834652008545, 51.769330565593485, 49.9430551675344, 52.63833436257582, 17.463220591063006, 55.41252190712557, 46.424603100766355, 0.9498462788112156, 30.72173593579735, 16.538959480239626, 31.59602333868156, 41.87427247557466, 15.546358158081587, 56.81975302064507, 51.12819119262874, 30.79324349531023, 40.92347276178611, 26.192747993418088, 48.602845814874506, 42.201382350521236, 45.824075809989424, 20.787541644491316, 59.12487169718963, 8.78886425710339, 28.606123364548658, 39.62833403453809, 66.76138336037691, 4.4617550835141895, 31.90683854965804, 54.72332277896056, 66.48761313227297, 28.868690845170327, 2.6775070569786132, 46.05944446491573, 62.124031465306615, 44.056086663037085, 32.680482293014975, 28.496429916634582, 68.6275701075568, 51.88762795392574, 39.070678482185684, 14.552021092679647, 44.140465449582436, 22.67038649102988, 44.1916823220696, 21.149686107564406, 17.569151472166745, 59.47600185751734, 64.57727177457966, 48.76667924982082, 17.99618595720686, 55.37565007690746, 32.11223250200875, 33.53404509436964, 45.44965458824517, 7.236713839552232, 31.680887431383788, 60.31524709387419, 36.750521677227745, 30.55277635132624, 26.898500935689878, 40.6791502266529, 47.95457901334895], [41.51920462549272, 25.59232334467788, 78.8127861719788, 62.61504335693096, 15.042602648260587, 44.51055406864441, 75.74989094188413, 31.799482793369293, 50.16705469463307, 70.34800715451348, 25.289435546227068, 29.25421867080977, 12.034093559607635, 46.45749604658349, 74.82736664676084, 13.12853073746465, 0.0, 73.79736381402445, 7.830114685655472, 57.44775530609093, 50.546837152056284, 61.57950131361567, 36.21951478506167, 33.86162790967179, 61.7976754517602, 64.19601757233231, 60.737274783222304, 43.415638250509645, 17.884910922243684, 67.61699713469427, 58.3183912845697, 12.333193169295718, 42.23730422883796, 21.01396159259223, 27.98897087353464, 35.884546932243666, 15.434659043503727, 67.2255680768313, 64.24445059875912, 17.912619516480973, 50.753770510999054, 39.118063351752745, 60.97931704262423, 54.99547507405734, 50.53971348878469, 15.862201946704271, 72.09866846045297, 20.922906772282463, 39.98797328708944, 38.70895548078884, 77.27808878295828, 10.707007577561743, 33.84847811263435, 61.09969930821953, 79.28496781830582, 16.101018996447365, 10.527724158489628, 52.78278572271205, 68.13751123788316, 39.18586196430687, 37.32265731190587, 31.525804056244667, 81.56899052227129, 58.498420116928585, 49.08812584109794, 17.628927513642143, 36.26311706175438, 24.18813301387749, 46.41773558634329, 31.84783525555541, 20.09074105716494, 72.5932667550263, 69.00862175023505, 60.91157392074627, 28.516251673686384, 62.73636430092378, 29.38637778339899, 22.820826211561762, 57.81735501104389, 12.002398488122575, 26.392316956342363, 70.42788155014571, 47.354628147151196, 24.673288290814398, 40.00511855159059, 44.248587084988195, 48.31875531453521], [81.37356797770082, 75.7523147090795, 41.45181713174119, 18.325507598217847, 86.41221544014472, 42.446618374676326, 29.34997052834883, 80.06482235931202, 55.30446285830115, 10.399131442723487, 91.39083133211274, 81.76818962050845, 85.79064878415913, 73.17360710839785, 47.50022437497055, 61.09899385453693, 73.79736381402445, 0.0, 66.34356991666002, 58.10431901342626, 39.01749288032714, 31.06520883317203, 41.07979847744745, 68.81857939296783, 48.59789310647976, 10.469347222863991, 52.19603556172702, 100.39531071089255, 64.67370282055478, 40.39439361465029, 18.469552872266437, 62.01352420944396, 33.24108850474093, 67.7465261272558, 74.22823157595447, 97.47163650736579, 72.3793988288489, 26.1017839329613, 20.949541485390398, 91.70618165333983, 33.548061276364336, 35.008858894600785, 13.630572059537522, 33.087867936693286, 55.2625411791627, 72.12274323882583, 7.0606441343525095, 52.8767757044048, 49.03400609783213, 71.29309856278144, 26.965398243846387, 64.91396080719709, 77.69717598918679, 49.83000162292491, 33.748098580873275, 87.93256292480568, 63.77051571276403, 47.125363228099445, 53.83837327520619, 83.39793854211126, 54.980840187453, 73.98675271332247, 30.90446938335618, 48.1719614722238, 55.166634478760386, 68.98848338410276, 90.55884090513332, 62.753625986167286, 63.63206851980503, 54.07398125687312, 70.55509925113859, 19.778081723083513, 62.41251337160586, 40.413652292126216, 46.74899561987696, 45.03227136909034, 72.67843619690407, 88.2399412275098, 38.036201172718584, 66.10085898261534, 77.44189487106242, 28.61069689644849, 51.98865186991275, 87.78058498811696, 37.04784663732609, 58.54262694180972, 70.86277019441034], [43.78960579838914, 28.201013653088197, 73.82280443776047, 54.813990105943056, 22.58494978853831, 39.6971456704717, 69.88261871990663, 30.38366703897886, 47.44492070822781, 63.318055838890345, 28.976576480308523, 28.698948730610585, 19.763879380640905, 46.805127466390395, 70.52755899643977, 5.3350456953222665, 7.830114685655472, 66.34356991666002, 0.0, 54.940554551603306, 45.52444481083672, 53.827741554818495, 30.175293999369515, 29.604984611512563, 57.9916094347094, 56.92003779972153, 53.91095137277242, 49.02654788053648, 16.896952999466716, 60.12664696332784, 51.37442212726649, 4.507694115541387, 35.48464004989217, 16.86183405180612, 29.949217750781035, 38.61102012275942, 13.619027914334868, 61.20311257291648, 56.41669284938612, 25.468829532932418, 45.0237866226704, 31.49302844239328, 53.73372088929022, 47.24970252692813, 47.80566875781957, 18.24978324164104, 64.44449281550546, 13.66608050761718, 32.81495726175091, 39.205594018460275, 71.20545726432982, 3.7059874811294278, 31.58679903622702, 57.45172918274147, 71.54500808539814, 23.760592676476733, 2.69845421251154, 48.88422212532628, 64.73501438157848, 42.09926959438256, 34.48513718506837, 28.581255906690917, 73.77657497806746, 54.69904106857432, 42.60856915905678, 14.027905290082199, 41.0040176142376, 22.868351290026112, 45.119931524135595, 24.9226752973317, 17.0037353309432, 64.76569348803365, 66.549165341198, 53.44212293577451, 22.21397445309221, 58.51363028907434, 30.828108889814995, 29.226015622338473, 50.246494191112134, 6.470813147730479, 29.377431832390677, 64.58862625747427, 40.57903114956505, 27.159964650641623, 32.175984406615555, 42.13176924550314, 48.15046714267993], [32.8173037641738, 38.87726230749264, 31.155295839461207, 62.85387560027679, 60.199989203046194, 21.53804737275478, 36.903789810405556, 84.35400662268836, 7.561876306450258, 48.246149120467244, 82.72747824472448, 83.28411556881058, 64.97997497422547, 21.148117156966137, 23.178760273515504, 53.034424468747495, 57.44775530609093, 58.10431901342626, 54.940554551603306, 0.0, 20.79607128116978, 72.66723768521477, 33.04276574675802, 79.54082695188985, 11.154662236624535, 49.117094295365504, 87.19797968746391, 55.253625772389675, 39.58646406326823, 83.6452140829605, 41.39426353874492, 53.71111598568742, 36.95099551511152, 69.27316145075525, 35.7531670446663, 93.1275805719863, 68.29843651616198, 33.66341026512408, 66.75679824301197, 70.43314905936882, 26.72414797745957, 48.01162053996202, 47.089696910389456, 68.77343818190289, 7.221860047371412, 43.92005448559082, 62.26296080013797, 46.8203485134089, 69.33943303556302, 25.036846786580497, 40.08345392400972, 56.998209188243855, 84.63646832486783, 9.653432781023383, 85.78332400826397, 61.73636843684044, 54.23544989934996, 11.71726632429264, 12.735215608468598, 36.58773009901978, 20.45822573061642, 80.99330830356287, 84.86903004920224, 10.17995760543712, 81.24011171059418, 67.57936624803753, 47.1140102013156, 33.33322201271846, 13.210048645781862, 66.60710376321236, 70.57999216073397, 72.14295053251107, 11.612548712039015, 79.1618886663158, 38.31050155867061, 14.859084683384378, 33.44784784774327, 54.86813299729874, 75.1205204457998, 60.13093647969543, 39.7509021897848, 33.37491859922162, 77.68775605634622, 81.7209843030165, 55.56643901630573, 13.29246404585663, 17.690358779522814], [43.35654368812418, 41.440257152488385, 28.31911573944176, 42.078096663184326, 58.35135473670838, 6.1417719455557975, 26.354460706625563, 71.63993284100302, 16.44928068956144, 30.10293752365082, 74.49809758979751, 71.41394250384748, 60.81603987156617, 34.27966358438847, 25.59290187166397, 41.92764349830188, 50.546837152056284, 39.01749288032714, 45.52444481083672, 20.79607128116978, 0.0, 52.003524010764735, 16.603339101434415, 64.60023882629227, 15.593632180367145, 29.25151521121562, 67.52157115673845, 64.09789601138361, 34.86766236464526, 63.05680992629719, 21.188520459951643, 42.800784715843584, 17.368770351835327, 56.40203841961447, 39.09926219349323, 83.79930667743591, 57.33235993037793, 19.054686392142823, 45.96838744041304, 66.847587066898, 5.964322339277492, 28.972766506065152, 26.86552705508653, 48.40819899329594, 16.454673887731495, 41.64719089484932, 42.31769290904664, 33.806187195274234, 51.30466028493473, 33.33915699754166, 28.59962282929821, 46.359958113526304, 71.11189990295065, 15.929032931424933, 65.02985872287684, 59.98681701328165, 43.919380181921795, 9.080220215669545, 23.083970880001246, 45.9405011914596, 18.134268769615833, 67.23286266253247, 64.23802929664491, 13.07669222884381, 62.78302294702473, 55.57601725288082, 54.549254093280396, 30.212784537605142, 24.643641868635896, 50.1756130850574, 58.333261251272184, 51.53778570325901, 29.112343344844646, 58.84092170762537, 24.203548700076094, 14.34119963671035, 37.09779004860673, 56.52679311380035, 54.843202475853445, 49.08053392742881, 42.9301263044029, 21.17287957060294, 59.1232498205821, 72.44327701581702, 36.544793981711, 19.699073648817286, 31.85878950074882], [84.90180420080091, 73.96405675124252, 67.39651361750727, 13.23794892612241, 76.37467028934853, 51.69826704686772, 56.33212213880562, 56.08964385558585, 67.08606591844104, 37.61596654398195, 71.61417060765343, 58.768144515434415, 73.04149419392871, 80.49456675436214, 70.89693951370751, 48.7625914619251, 61.57950131361567, 31.06520883317203, 53.827741554818495, 72.66723768521477, 52.003524010764735, 0.0, 42.87176775793938, 43.876861090418664, 66.53888492393638, 30.465528970900813, 21.137160830781955, 98.81525939247227, 60.32561117002522, 11.181786748888014, 34.46516481463171, 49.42629223654006, 36.395951825352135, 47.69091290898873, 73.71815887925996, 74.9731216756205, 54.03672403800879, 49.69180081579751, 10.116039355341467, 78.0991628598037, 46.2627177330177, 27.867969196769796, 30.0920295823069, 6.587693638342866, 67.22000100550868, 66.76444580207473, 24.459234703837748, 43.56462693086454, 24.622585373971088, 75.78014240984454, 54.928726428637674, 50.97115937410984, 52.922514713362204, 67.27687783237333, 17.725035006596414, 77.58501901661819, 51.17543048162847, 61.02787116465031, 73.50449294888723, 85.47435518423619, 60.490608320894836, 49.79545281943969, 20.179355422500464, 64.69583432313325, 25.983689925688097, 50.148691889020846, 89.34088542618322, 61.535059466790834, 72.6171898938826, 32.40893116998605, 50.54017964519173, 15.178925461374616, 80.75267081147744, 9.35249196523882, 43.318475737874124, 63.92395151449244, 73.01469865777894, 81.69553049182221, 7.451366099970624, 50.64892448895028, 75.6515994356581, 53.456677527090605, 23.562650542889397, 67.32708601245024,