instance_id,num_cities,city_coordinates,distance_matrix,best_route,total_distance
2244,36,"[[94.38275875159425, 72.54409994967622], [22.303475531533444, 28.868580343950324], [88.99639354101168, 48.803086234642336], [43.28554081840213, 79.78394957177757], [1.4430894205958222, 66.8362214589523], [52.90729470170707, 41.71056134153229], [75.95930284990307, 26.867268250754517], [8.335415619756237, 92.74819908401459], [20.01736469009635, 87.31813643432012], [64.41201419811345, 41.260622681819136], [48.87154019328135, 10.162314339303414], [92.79662214213381, 62.991013884426096], [34.83277153260481, 63.08332052297383], [86.30444744029657, 1.6175301362745031], [17.655446545231325, 18.96765764773155], [68.75084778300558, 71.4631182626863], [43.18904759666303, 80.2904644011331], [29.25418319999912, 37.26618182754697], [4.612834290384704, 93.56016913536622], [20.57268045500423, 77.76232913052927], [22.490966948384848, 28.276834176591038], [71.73991115359664, 1.5942091575844697], [80.29454739521611, 90.20581883266784], [15.985512427137971, 46.477429849293074], [23.95367300633737, 12.495839260832254], [27.791273749385958, 75.14179340639646], [11.203831535729435, 1.4273468436028613], [21.204601883143958, 66.4684049108157], [79.78269058176784, 6.769805726866873], [13.314693395858335, 41.544706946495616], [22.22846255202401, 90.6648119010336], [14.410018475719566, 76.95053871472133], [75.00258472727884, 38.73891607773155], [41.57071534618424, 83.9553060451706], [74.10878410840594, 96.50159092891825], [16.46794874851041, 98.01430235935072]]","[[0.0, 84.27914381593993, 24.344376401937293, 51.60756827310091, 93.11477869930314, 51.68095607913409, 49.25237741889398, 88.38750410481362, 75.81875749424715, 43.32322101435361, 77.21889788517473, 9.683867136322494, 60.296826824821565, 71.38513444084552, 93.58159866205693, 25.654695112381745, 51.776463996968005, 74.06931119169052, 92.19715018257872, 73.99430771304408, 84.42760536519418, 74.47540232020161, 22.592344126358487, 82.61718659806616, 92.55295635833633, 66.64213296477251, 109.43640393001012, 73.42994425211525, 67.37521629703514, 86.79281990514832, 74.39491018664773, 80.09404403463844, 38.96641633289797, 54.03080189307539, 31.384636716920994, 81.97224425747072], [84.27914381593993, 0.0, 69.6084034993263, 55.069246293266055, 43.32086657183795, 33.18900757393844, 53.69313787918407, 65.38893169394164, 58.49424681061054, 43.89409689170512, 32.492867643644914, 78.31745775871293, 36.436680746200636, 69.56108209830806, 10.93766171053049, 63.02105243152847, 55.50150701087375, 10.901011318670033, 67.06683567815526, 48.924373496264906, 0.6207387195731804, 56.4610705763366, 84.41102559097726, 18.70797259700559, 16.455692093639563, 46.59749109557724, 29.601070805870854, 37.61587870506521, 61.580971106079055, 15.539703662759738, 61.79627708530466, 48.72557218812863, 53.61547945810665, 58.35900854672522, 85.19397935025316, 69.39152863186115], [24.344376401937293, 69.6084034993263, 0.0, 55.22043054651377, 89.39113506618135, 36.77943670575289, 25.517559528890047, 91.85513759478738, 79.00326267375993, 25.71537408091097, 55.7055931558446, 14.688057339767067, 56.014489557606574, 47.262281770153386, 77.32841338873698, 30.386825674155187, 55.58568094630877, 60.845968311205674, 95.51848795697273, 74.29967874479166, 69.60099704614821, 50.2639459181621, 42.30730897763058, 73.04791193899328, 74.49007771085344, 66.63178058694416, 91.08316741414613, 70.05562432891811, 43.031255994526994, 76.02896689256997, 78.80584168904245, 79.72080297198927, 17.237001075087296, 59.0328172277677, 49.96787232500172, 87.6476987518307], [51.60756827310091, 55.069246293266055, 55.22043054651377, 0.0, 43.79993609882815, 39.270358275955076, 62.191236418983195, 37.27711116511794, 24.457554906767925, 43.936028406471216, 69.8453683608286, 52.28144855342758, 18.71791439302643, 89.22228115392625, 65.99638699082251, 26.79026114982522, 0.5156241016463904, 44.77320147775734, 41.053166207569966, 22.802652808295893, 55.5463521643741, 83.20629000989828, 38.44843204467186, 43.06525056455701, 70.01007714837264, 16.174731091111994, 84.66990765082316, 25.785104108393092, 81.62785763607211, 48.58488830676242, 23.702187876746674, 29.014203550117383, 51.871626626171775, 4.510082175336197, 35.06496626920872, 32.427288002336795], [93.11477869930314, 43.32086657183795, 89.39113506618135, 43.79993609882815, 0.0, 57.2700901130116, 84.55875640287748, 26.812958525260914, 27.649819942368087, 67.96467273845705, 73.90121576066014, 91.43442219424972, 33.59992763349768, 107.02769633506345, 50.53948876755316, 67.4666029217786, 43.86047967345061, 40.59364705233623, 26.91127388198601, 22.03000413060814, 43.92993849319538, 95.9070556053783, 82.2416591888374, 25.01924184915956, 58.818394323616296, 27.626243733053425, 66.13314573710105, 19.76493520911537, 98.71710798534984, 27.93914256521262, 31.620143242388156, 16.44508019654996, 78.7429864779048, 43.62670534768873, 78.48781644466627, 34.60952363808857], [51.68095607913409, 33.18900757393844, 36.77943670575289, 39.270358275955076, 57.2700901130116, 0.0, 27.417484010084255, 67.76055542296639, 56.22987108301897, 11.513514471632785, 31.805332939083062, 45.21079632211688, 27.990770314843214, 52.180656974308505, 41.95154904020492, 33.708052711280025, 39.785088247770574, 24.06703540065875, 70.85715725877795, 48.42785602517252, 33.250834869813424, 44.31691725481948, 55.694269087848326, 37.22822909703021, 41.13164469761847, 41.814612109312165, 57.98203351316893, 40.22451429351611, 44.08109919947278, 39.59294868842491, 57.772912250559614, 52.19095977353605, 22.294226088563846, 43.73941570894202, 58.749979372831845, 67.06666225553735], [49.25237741889398, 53.69313787918407, 25.517559528890047, 62.191236418983195, 84.55875640287748, 27.417484010084255, 0.0, 94.410206924741, 82.36387502553814, 18.452873136343747, 31.824556099420708, 39.85499114985138, 54.799580476285, 27.28683366471773, 58.83658307273803, 45.17467944256157, 62.67318019922342, 47.84877851198965, 97.66402410467728, 75.21957964699807, 53.486912606513954, 25.622856636482297, 63.48674141177242, 63.09844669716163, 53.95482839040775, 68.19522568648753, 69.57341925134065, 67.57460545743537, 20.45791518330356, 64.34107786101372, 83.40941058972571, 79.35142334792086, 11.910135670676729, 66.64547253728198, 69.65890692839831, 92.7422324255085], [88.38750410481362, 65.38893169394164, 91.85513759478738, 37.27711116511794, 26.812958525260914, 67.76055542296639, 94.410206924741, 0.0, 12.882294611660885, 76.12854544709316, 91.9978573365003, 89.54990495929253, 39.77580785368748, 119.93318450660364, 74.36686944522333, 64.05528166390857, 37.013116802165264, 59.29459567214529, 3.8101059195352436, 19.347530822065416, 66.0070945159958, 111.03684043329272, 72.00403004846629, 46.898913278829426, 81.75800401785153, 26.239587200357075, 91.36589004536715, 29.26163934005518, 111.78996924489117, 51.44502710902727, 14.048389773080913, 16.92533228628663, 85.79926624198946, 34.37877420586801, 65.88037608184312, 9.688649998673194], [75.81875749424715, 58.49424681061054, 79.00326267375993, 24.457554906767925, 27.649819942368087, 56.22987108301897, 82.36387502553814, 12.882294611660885, 0.0, 63.9701452085385, 82.3746582823047, 76.7374042226313, 28.4046225492593, 108.34468726884816, 68.39127581555222, 51.247770445061406, 24.213943564163884, 50.897121491724484, 16.62114704455048, 9.571929211289536, 59.09309672390452, 100.11899680088693, 60.34631276639954, 41.03923911373838, 74.92576778037206, 14.446348728857762, 86.34179812338859, 20.883506332863966, 100.29919121655445, 46.26156773776095, 4.0111333104900595, 11.786832231066823, 73.37107790533928, 21.814113613220034, 54.865448974211766, 11.2697080273701], [43.32322101435361, 43.89409689170512, 25.71537408091097, 43.936028406471216, 67.96467273845705, 11.513514471632785, 18.452873136343747, 76.12854544709316, 63.9701452085385, 0.0, 34.76508469802778, 35.747669433881725, 36.75815199015566, 45.28634915554643, 51.799159343464204, 30.512558335703158, 44.426825860069954, 35.384016705714004, 79.44296367132611, 57.04613708839119, 43.88568065397267, 40.33760572549846, 51.45762418730701, 48.70668486765343, 49.64161698863613, 49.89000261255777, 66.46653719156015, 50.02312229219896, 37.76074875728835, 51.09811050359897, 64.96326609620425, 61.432643461419644, 10.886651842064456, 48.42066625667168, 56.08557675169407, 74.29410184379162], [77.21889788517473, 32.492867643644914, 55.7055931558446, 69.8453683608286, 73.90121576066014, 31.805332939083062, 31.824556099420708, 91.9978573365003, 82.3746582823047, 34.76508469802778, 0.0, 68.70432533576216, 54.75143761582956, 38.39577948212508, 32.43421917393895, 64.44358332603721, 70.35799992328607, 33.45833720049676, 94.41416860188026, 73.28429205676093, 32.00110113206787, 24.420786571762807, 85.9905110648384, 48.99263655631778, 25.026894407927955, 68.31332471177498, 38.6672462513321, 62.73623602754866, 31.096757596654424, 47.42514016771446, 84.79684958696545, 75.15492927487291, 38.7227795406592, 74.1532714608747, 89.95214929310752, 93.63740992570314], [9.683867136322494, 78.31745775871293, 14.688057339767067, 52.28144855342758, 91.43442219424972, 45.21079632211688, 39.85499114985138, 89.54990495929253, 76.7374042226313, 35.747669433881725, 68.70432533576216, 0.0, 57.9639241080115, 61.715904269027796, 87.0876120032433, 25.4946232983789, 52.53743846500736, 68.55223213776158, 93.3319542956129, 73.71899013772268, 78.4089243964626, 64.90726236963553, 29.949081477540524, 78.56618250452627, 85.37630998105442, 66.13120868889409, 102.21285916387377, 71.67642299329697, 57.707769505964215, 82.32448650616618, 75.80042377585494, 79.61989680879483, 30.07976089577071, 55.34975223854544, 38.36918117747224, 83.98033768465224], [60.296826824821565, 36.436680746200636, 56.014489557606574, 18.71791439302643, 33.59992763349768, 27.990770314843214, 54.799580476285, 39.77580785368748, 28.4046225492593, 36.75815199015566, 54.75143761582956, 57.9639241080115, 0.0, 80.17092246324795, 47.34186524255118, 34.9379007195122, 19.128856476601687, 26.41297594372113, 42.91949333655287, 20.465177527745762, 36.92982036479469, 71.71504564251939, 52.93772737038928, 25.119211389986752, 51.74406289799593, 13.963862621470998, 66.02867479911453, 14.042286292028685, 72.05350214401564, 30.445682148639374, 30.325027147818606, 24.68579718785781, 46.970883746088276, 21.93261649857912, 51.56923463441463, 39.46441698472797], [71.38513444084552, 69.56108209830806, 47.262281770153386, 89.22228115392625, 107.02769633506345, 52.180656974308505, 27.28683366471773, 119.93318450660364, 108.34468726884816, 45.28634915554643, 38.39577948212508, 61.715904269027796, 80.17092246324795, 0.0, 70.80757197189075, 72.01760230424784, 89.71269859679373, 67.27227524986371, 122.99174169492906, 100.59172731832489, 69.1583601917052, 14.564554957658203, 88.79191287897446, 83.40961109876311, 63.2926273899567, 93.96599802480085, 75.10085671235804, 91.88920421131282, 8.3113931613888, 83.19665644424808, 109.70483229600477, 104.13390945135475, 38.80372913778398, 93.7049418584282, 95.66461831109207, 119.0356007442962], [93.58159866205693, 10.93766171053049, 77.32841338873698, 65.99638699082251, 50.53948876755316, 41.95154904020492, 58.83658307273803, 74.36686944522333, 68.39127581555222, 51.799159343464204, 32.43421917393895, 87.0876120032433, 47.34186524255118, 70.80757197189075, 0.0, 73.25649058496734, 66.42628554095664, 21.66487200852901, 75.72418705052691, 58.8669996556172, 10.490139427804685, 56.80639070046004, 94.86059542457832, 27.56041085580147, 9.030619568356547, 57.08124491762068, 18.689190440900955, 47.63315540843406, 63.313363858341184, 22.990547904358753, 71.84284517904459, 58.07363687752866, 60.659681152942916, 69.24835395914471, 95.9087594126483, 79.05556394828999], [25.654695112381745, 63.02105243152847, 30.386825674155187, 26.79026114982522, 67.4666029217786, 33.708052711280025, 45.17467944256157, 64.05528166390857, 51.247770445061406, 30.512558335703158, 64.44358332603721, 25.4946232983789, 34.9379007195122, 72.01760230424784, 73.25649058496734, 0.0, 27.043070621038094, 52.243822359504634, 67.83778027065318, 48.58822763429891, 63.285319845902926, 69.93281747055805, 22.012401627104126, 58.382062662331016, 74.05354050181433, 41.124437453034155, 90.64584026435173, 47.80787237095438, 65.62717609644507, 62.99427393756032, 50.329289346868386, 54.61719063647458, 33.316026525715635, 29.913447726332016, 25.605323570005698, 58.638442240446516], [51.776463996968005, 55.50150701087375, 55.58568094630877, 0.5156241016463904, 43.86047967345061, 39.785088247770574, 62.67318019922342, 37.013116802165264, 24.213943564163884, 44.426825860069954, 70.35799992328607, 52.53743846500736, 19.128856476601687, 89.71269859679373, 66.42628554095664, 27.043070621038094, 0.0, 45.224654080768794, 40.79472143286695, 22.757230293530338, 55.98060621016909, 83.7153056448126, 38.40745199571795, 43.39762241555998, 70.47063809519577, 16.235770769012852, 85.10255787787719, 25.96854215940009, 82.12418619882492, 48.925563457652004, 23.387458422458753, 28.9721870202245, 52.33194352241319, 4.006253056012726, 34.91175631868823, 32.06480244164775], [74.06931119169052, 10.901011318670033, 60.845968311205674, 44.77320147775734, 40.59364705233623, 24.06703540065875, 47.84877851198965, 59.29459567214529, 50.897121491724484, 35.384016705714004, 33.45833720049676, 68.55223213776158, 26.41297594372113, 67.27227524986371, 21.66487200852901, 52.243822359504634, 45.224654080768794, 0.0, 61.4508672282033, 41.41625811557816, 11.249420663120674, 55.47546046599027, 73.53722828210451, 16.152545130619544, 25.331112869068964, 37.903852792725054, 40.12776206331696, 30.291345172865086, 59.01829388845113, 16.503730257423094, 53.8588381266107, 42.369769977074085, 45.77210054687109, 48.28634676921315, 74.30187692151033, 62.079158657273965], [92.19715018257872, 67.06683567815526, 95.51848795697273, 41.053166207569966, 26.91127388198601, 70.85715725877795, 97.66402410467728, 3.8101059195352436, 16.62114704455048, 79.44296367132611, 94.41416860188026, 93.3319542956129, 42.91949333655287, 122.99174169492906, 75.72418705052691, 67.83778027065318, 40.79472143286695, 61.4508672282033, 0.0, 22.456367435913307, 67.68708481443628, 113.85860636260448, 75.75601206792251, 48.43678505725294, 83.33962815038086, 29.605347831905114, 92.36827479245127, 31.76870221854792, 114.81757041257481, 52.73832248577255, 17.85198735622081, 19.283792175601448, 89.21931827456123, 38.18557799897794, 69.55816992472207, 12.664242637926032], [73.99430771304408, 48.924373496264906, 74.29967874479166, 22.802652808295893, 22.03000413060814, 48.42785602517252, 75.21957964699807, 19.347530822065416, 9.571929211289536, 57.04613708839119, 73.28429205676093, 73.71899013772268, 20.465177527745762, 100.59172731832489, 58.8669996556172, 48.58822763429891, 22.757230293530338, 41.41625811557816, 22.456367435913307, 0.0, 49.52266182170474, 91.75874888846234, 61.004441041547146, 31.619409127195453, 65.35400378357421, 7.679537527165882, 76.90776846858557, 11.311589144411792, 92.44329980280345, 36.93771152651631, 13.008292585730551, 6.2158994803743735, 66.97343686401528, 21.89224594134858, 56.72102191547974, 20.66376640506751], [84.42760536519418, 0.6207387195731804, 69.60099704614821, 55.5463521643741, 43.92993849319538, 33.250834869813424, 53.486912606513954, 66.0070945159958, 59.09309672390452, 43.88568065397267, 32.00110113206787, 78.4089243964626, 36.92982036479469, 69.1583601917052, 10.490139427804685, 63.285319845902926, 55.98060621016909, 11.249420663120674, 67.68708481443628, 49.52266182170474, 0.0, 56.01268591339804, 84.71394839697822, 19.328285525860576, 15.848637466456717, 47.163732420113476, 29.12549391629114, 38.21322820998454, 61.19553798784008, 16.131969630183814, 62.388529980306885, 49.339955833817655, 53.543675251730974, 58.85685201014011, 85.55125061785822, 69.99708005893844], [74.47540232020161, 56.4610705763366, 50.2639459181621, 83.20629000989828, 95.9070556053783, 44.31691725481948, 25.622856636482297, 111.03684043329272, 100.11899680088693, 40.33760572549846, 24.420786571762807, 64.90726236963553, 71.71504564251939, 14.564554957658203, 56.80639070046004, 69.93281747055805, 83.7153056448126, 55.47546046599027, 113.85860636260448, 91.75874888846234, 56.01268591339804, 0.0, 89.02358771941152, 71.575529875856, 49.013978569124696, 85.67805949321496, 60.536309587986814, 82.23429185983707, 9.564157086653358, 70.77816290086183, 101.90660339598948, 94.68523115449801, 37.28772306043943, 87.71277362045018, 94.93694051192995, 111.13876102038638], [22.592344126358487, 84.41102559097726, 42.30730897763058, 38.44843204467186, 82.2416591888374, 55.694269087848326, 63.48674141177242, 72.00403004846629, 60.34631276639954, 51.45762418730701, 85.9905110648384, 29.949081477540524, 52.93772737038928, 88.79191287897446, 94.86059542457832, 22.012401627104126, 38.40745199571795, 73.53722828210451, 75.75601206792251, 61.004441041547146, 84.71394839697822, 89.02358771941152, 0.0, 77.7677566965052, 95.9850772357793, 54.621594681703264, 112.4950848112464, 63.67956093062354, 83.43758314086563, 82.79012411981188, 58.06789890855008, 67.20471413486709, 51.738254203876174, 39.2250440237904, 8.826121103201212, 64.30246581426044], [82.61718659806616, 18.70797259700559, 73.04791193899328, 43.06525056455701, 25.01924184915956, 37.22822909703021, 63.09844669716163, 46.898913278829426, 41.03923911373838, 48.70668486765343, 48.99263655631778, 78.56618250452627, 25.119211389986752, 83.40961109876311, 27.56041085580147, 58.382062662331016, 43.39762241555998, 16.152545130619544, 48.43678505725294, 31.619409127195453, 19.328285525860576, 71.575529875856, 77.7677566965052, 0.0, 34.90329614717894, 31.000350619495954, 45.303139526602784, 20.66102559555582, 75.14502880391667, 5.609369798259701, 44.62621604895821, 30.51380908892232, 59.5222598552231, 45.37834078679274, 76.68592701829178, 51.53913050219333], [92.55295635833633, 16.455692093639563, 74.49007771085344, 70.01007714837264, 58.818394323616296, 41.13164469761847, 53.95482839040775, 81.75800401785153, 74.92576778037206, 49.64161698863613, 25.026894407927955, 85.37630998105442, 51.74406289799593, 63.2926273899567, 9.030619568356547, 74.05354050181433, 70.47063809519577, 25.331112869068964, 83.33962815038086, 65.35400378357421, 15.848637466456717, 49.013978569124696, 95.9850772357793, 34.90329614717894, 0.0, 62.76338702038936, 16.884015574379767, 54.042531721618566, 56.12189112520907, 30.935814212193698, 78.18800825405529, 65.15742186037558, 57.39939432354799, 73.59901883792958, 97.83916129536769, 85.84546347010355], [66.64213296477251, 46.59749109557724, 66.63178058694416, 16.174731091111994, 27.626243733053425, 41.814612109312165, 68.19522568648753, 26.239587200357075, 14.446348728857762, 49.89000261255777, 68.31332471177498, 66.13120868889409, 13.963862621470998, 93.96599802480085, 57.08124491762068, 41.124437453034155, 16.235770769012852, 37.903852792725054, 29.605347831905114, 7.679537527165882, 47.163732420113476, 85.67805949321496, 54.621594681703264, 31.000350619495954, 62.76338702038936, 0.0, 75.55767910179843, 10.890909708046268, 85.89433114873313, 36.58326936355189, 16.489662567873918, 13.502946059634981, 59.61608308214433, 16.356986756533313, 51.00541849706805, 25.521938697489777], [109.43640393001012, 29.601070805870854, 91.08316741414613, 84.66990765082316, 66.13314573710105, 57.98203351316893, 69.57341925134065, 91.36589004536715, 86.34179812338859, 66.46653719156015, 38.6672462513321, 102.21285916387377, 66.02867479911453, 75.10085671235804, 18.689190440900955, 90.64584026435173, 85.10255787787719, 40.12776206331696, 92.36827479245127, 76.90776846858557, 29.12549391629114, 60.536309587986814, 112.4950848112464, 45.303139526602784, 16.884015574379767, 75.55767910179843, 0.0, 65.80543018660602, 68.78663950925187, 40.17285550490179, 89.91589213771732, 75.591217380698, 73.90828172477977, 87.93754421368209, 114.00063572877481, 96.73029983325262], [73.42994425211525, 37.61587870506521, 70.05562432891811, 25.785104108393092, 19.76493520911537, 40.22451429351611, 67.57460545743537, 29.26163934005518, 20.883506332863966, 50.02312229219896, 62.73623602754866, 71.67642299329697, 14.042286292028685, 91.88920421131282, 47.63315540843406, 47.80787237095438, 25.96854215940009, 30.291345172865086, 31.76870221854792, 11.311589144411792, 38.21322820998454, 82.23429185983707, 63.67956093062354, 20.66102559555582, 54.042531721618566, 10.890909708046268, 65.80543018660602, 0.0, 83.63800105280866, 26.14271172151801, 24.218059416591267, 12.491656926261939, 60.523941618519615, 26.843440332269875, 60.834568785532426, 31.89952239064594], [67.37521629703514, 61.580971106079055, 43.031255994526994, 81.62785763607211, 98.71710798534984, 44.08109919947278, 20.45791518330356, 111.78996924489117, 100.29919121655445, 37.76074875728835, 31.096757596654424, 57.707769505964215, 72.05350214401564, 8.3113931613888, 63.313363858341184, 65.62717609644507, 82.12418619882492, 59.01829388845113, 114.81757041257481, 92.44329980280345, 61.19553798784008, 9.564157086653358, 83.43758314086563, 75.14502880391667, 56.12189112520907, 85.89433114873313, 68.78663950925187, 83.63800105280866, 0.0, 75.01525448027894, 101.73918234909902, 95.91100844531573, 32.32450198542714, 86.12639845478108, 89.91099204332885, 111.05995992763276], [86.79281990514832, 15.539703662759738, 76.02896689256997, 48.58488830676242, 27.93914256521262, 39.59294868842491, 64.34107786101372, 51.44502710902727, 46.26156773776095, 51.09811050359897, 47.42514016771446, 82.32448650616618, 30.445682148639374, 83.19665644424808, 22.990547904358753, 62.99427393756032, 48.925563457652004, 16.503730257423094, 52.73832248577255, 36.93771152651631, 16.131969630183814, 70.77816290086183, 82.79012411981188, 5.609369798259701, 30.935814212193698, 36.58326936355189, 40.17285550490179, 26.14271172151801, 75.01525448027894, 0.0, 49.922339601767845, 35.42277036357369, 61.75166717843645, 50.9613745140948, 81.95230663393758, 56.55756558949983], [74.39491018664773, 61.79627708530466, 78.80584168904245, 23.702187876746674, 31.620143242388156, 57.772912250559614, 83.40941058972571, 14.048389773080913, 4.0111333104900595, 64.96326609620425, 84.79684958696545, 75.80042377585494, 30.325027147818606, 109.70483229600477, 71.84284517904459, 50.329289346868386, 23.387458422458753, 53.8588381266107, 17.85198735622081, 13.008292585730551, 62.388529980306885, 101.90660339598948, 58.06789890855008, 44.62621604895821, 78.18800825405529, 16.489662567873918, 89.91589213771732, 24.218059416591267, 101.73918234909902, 49.922339601767845, 0.0, 15.78636616840949, 74.03652226044346, 20.472914105790093, 52.20762161039269, 9.338015275065956], [80.09404403463844, 48.72557218812863, 79.72080297198927, 29.014203550117383, 16.44508019654996, 52.19095977353605, 79.35142334792086, 16.92533228628663, 11.786832231066823, 61.432643461419644, 75.15492927487291, 79.61989680879483, 24.68579718785781, 104.13390945135475, 58.07363687752866, 54.61719063647458, 28.9721870202245, 42.369769977074085, 19.283792175601448, 6.2158994803743735, 49.339955833817655, 94.68523115449801, 67.20471413486709, 30.51380908892232, 65.15742186037558, 13.502946059634981, 75.591217380698, 12.491656926261939, 95.91100844531573, 35.42277036357369, 15.78636616840949, 0.0, 71.63509746975507, 28.049424590229986, 62.818677642470874, 21.164054807254676], [38.96641633289797, 53.61547945810665, 17.237001075087296, 51.871626626171775, 78.7429864779048, 22.294226088563846, 11.910135670676729, 85.79926624198946, 73.37107790533928, 10.886651842064456, 38.7227795406592, 30.07976089577071, 46.970883746088276, 38.80372913778398, 60.659681152942916, 33.316026525715635, 52.33194352241319, 45.77210054687109, 89.21931827456123, 66.97343686401528, 53.543675251730974, 37.28772306043943, 51.738254203876174, 59.5222598552231, 57.39939432354799, 59.61608308214433, 73.90828172477977, 60.523941618519615, 32.32450198542714, 61.75166717843645, 74.03652226044346, 71.63509746975507, 0.0, 56.23354703379553, 57.76958962559984, 83.30591232320847], [54.03080189307539, 58.35900854672522, 59.0328172277677, 4.510082175336197, 43.62670534768873, 43.73941570894202, 66.64547253728198, 34.37877420586801, 21.814113613220034, 48.42066625667168, 74.1532714608747, 55.34975223854544, 21.93261649857912, 93.7049418584282, 69.24835395914471, 29.913447726332016, 4.006253056012726, 48.28634676921315, 38.18557799897794, 21.89224594134858, 58.85685201014011, 87.71277362045018, 39.2250440237904, 45.37834078679274, 73.59901883792958, 16.356986756533313, 87.93754421368209, 26.843440332269875, 86.12639845478108, 50.9613745140948, 20.472914105790093, 28.049424590229986, 56.23354703379553, 0.0, 34.87312981593741, 28.77158786406164], [31.384636716920994, 85.19397935025316, 49.96787232500172, 35.06496626920872, 78.48781644466627, 58.749979372831845, 69.65890692839831, 65.88037608184312, 54.865448974211766, 56.08557675169407, 89.95214929310752, 38.36918117747224, 51.56923463441463, 95.66461831109207, 95.9087594126483, 25.605323570005698, 34.91175631868823, 74.30187692151033, 69.55816992472207, 56.72102191547974, 85.55125061785822, 94.93694051192995, 8.826121103201212, 76.68592701829178, 97.83916129536769, 51.00541849706805, 114.00063572877481, 60.834568785532426, 89.91099204332885, 81.95230663393758, 52.20762161039269, 62.818677642470874, 57.76958962559984, 34.87312981593741, 0.0, 57.660681550414786], [81.97224425747072, 69.39152863186115, 87.6476987518307, 32.427288002336795, 34.60952363808857, 67.06666225553735, 92.7422324255085, 9.688649998673194, 11.2697080273701, 74.29410184379162, 93.63740992570314, 83.98033768465224, 39.46441698472797, 119.0356007442962, 79.05556394828999, 58.638442240446516, 32.06480244164775, 62.079158657273965, 12.664242637926032, 20.66376640506751, 69.99708005893844, 111.13876102038638, 64.30246581426044, 51.53913050219333, 85.84546347010355, 25.521938697489777, 96.73029983325262, 31.89952239064594, 111.05995992763276, 56.55756558949983, 9.338015275065956, 21.164054807254676, 83.30591232320847, 28.77158786406164, 57.660681550414786, 0.0]]",Route_4,1918.926024224192
