instance_id,num_cities,city_coordinates,distance_matrix,best_route,total_distance
179,52,"[[30.28257067332151, 9.317741306495853], [61.34654075336895, 84.77022523102715], [87.01959510408696, 98.8172343320205], [51.2347079724252, 26.938897543895944], [17.088334892361324, 39.640299077999096], [65.87438777072502, 73.70381246510742], [15.157370102710132, 89.18022691475855], [13.097052996038261, 67.28218452428733], [45.452123704657446, 68.23825084142032], [88.92809349042489, 72.17022939987271], [12.384513038095967, 76.10785623581783], [49.55451092262499, 0.12114231832343059], [62.3882033277361, 56.271514042656555], [9.308739646107767, 95.49172065504997], [25.56831732378191, 11.396340666884786], [98.54004896848441, 28.3012621256741], [56.48917548011584, 6.434475423752017], [9.604815257085452, 15.952822587107606], [28.462599700114268, 99.17325614105104], [3.4759983955825913, 93.71036903786366], [54.84374252173784, 47.75601666469302], [69.66781382899865, 87.9320395329246], [11.172488188046948, 32.62585611227633], [92.3792219059312, 3.4480156962841346], [92.26802324790948, 75.76679292720281], [60.30934600847734, 79.45724029342523], [23.00687254445316, 31.354373646270297], [10.209425444165475, 12.86925782132018], [57.76186443106474, 46.25189573559246], [44.71520010528632, 99.53231054468402], [39.0262914909584, 92.56754280046391], [39.95119143521809, 62.06326595763214], [15.176850629825422, 17.534514045101655], [72.48541512433579, 97.35920119233793], [14.04620703328564, 41.989559397994704], [58.872612820883774, 96.97842857169532], [23.97201142290991, 67.61921771138788], [83.26359418178538, 81.27542203093306], [6.5207048118031015, 97.80287506281579], [75.80248568779425, 26.060059086504282], [75.61047289438106, 28.559040608706688], [23.53343942141075, 22.853508474833983], [59.63375138791561, 47.65417529866222], [63.73618453174947, 28.994208402601906], [77.6559972834494, 61.8113185265766], [29.903814124392238, 90.48310311201074], [3.1413125251237406, 21.235744040741046], [60.43373499068741, 15.738831503494888], [41.750478379052836, 81.21447409789788], [11.607863220429193, 29.70477158345185], [44.78334770196882, 36.561206761858166], [74.91887084058256, 0.5908256124131706]]","[[0.0, 81.59686003465904, 105.96815178667227, 27.37694658911684, 33.06879749325218, 73.56863192649988, 81.28215240648584, 60.45840467118519, 60.84194098667167, 85.96355394014066, 69.14665515689023, 21.353807948981316, 56.88082649099994, 88.68966289665977, 5.1521607064080035, 70.84812916306831, 26.364737010827366, 21.71621220779545, 89.8739441691878, 88.54777203683258, 45.61526252341453, 87.9284098802298, 30.140727734967523, 62.37345407337598, 90.87173813770634, 76.2965042132691, 23.206657409907425, 20.384906890782197, 46.035240292809405, 91.36174962834427, 83.70771829719087, 53.62436571336768, 17.195875443558403, 97.63390158437205, 36.483793685079824, 92.20513327253798, 58.642009762994455, 89.35824901621811, 91.62011332177353, 48.50121511438252, 49.24272858604806, 15.125070759866842, 48.28223255584283, 38.811179286037515, 70.7093855025325, 81.16624553066066, 29.642649730423692, 30.82731108953222, 72.80558421732111, 27.64734529687493, 30.862257604589868, 45.48140664220331], [81.59686003465904, 0.0, 29.264725940598026, 58.70870143552927, 63.20995982132164, 11.956876269255762, 46.39921982368018, 51.32099606014475, 22.93335279755202, 30.323290493152406, 49.72239731348765, 85.46648001111865, 28.51774185164381, 53.13081222987481, 81.63215180190672, 67.61731174441636, 78.48620066779772, 86.09901894904552, 35.89987296062525, 58.55703069718667, 37.58108594271043, 8.901722040082076, 72.36346302948905, 87.04211086094617, 32.20558760385726, 5.41327829378979, 65.75091907262225, 88.23125113358938, 38.684772345905856, 22.23782036442082, 23.643005063121436, 31.19882965576302, 81.56151754829736, 16.80942705765555, 63.77700948734458, 12.456345700976337, 41.12192239684407, 22.193937919879122, 56.353546901055964, 60.463691192852394, 57.9927326202861, 72.55005476364295, 37.15554884525617, 55.82718379635793, 28.162204625530446, 31.957503524956273, 86.1654158767944, 69.03742850313854, 19.91604947520561, 74.20337073299993, 50.97498235231304, 85.26652018316798], [105.96815178667227, 29.264725940598026, 0.0, 80.29354548438394, 91.60944722493811, 32.82992158133205, 72.50552595567369, 80.36791398370649, 51.603574584138926, 26.715262266063633, 78.01353298315298, 105.56775602190372, 49.16140534790355, 77.78197797193546, 106.85818728596878, 71.45084459576337, 97.29686873645534, 113.39999502905707, 58.55807768591268, 83.6995377772535, 60.35340453587733, 20.4834513506091, 100.66817857775331, 95.51970196062136, 23.64040708062791, 32.98858553991, 92.99928075744236, 115.26862899102174, 60.15920233756622, 42.310438076253305, 48.398510678961486, 59.71841269827195, 108.48161388380764, 14.607130050773575, 92.49054008350839, 28.206981729266236, 70.34425384561479, 17.939418099116626, 80.50528096352545, 73.61677861305697, 71.17852102185529, 98.99989701747567, 58.031397068289394, 73.60279993193397, 38.17217270140975, 57.72062179249976, 114.25608922159158, 87.2286018144738, 48.571082929298306, 102.29106418874024, 75.2310678073211, 98.96895926325949], [27.37694658911684, 58.70870143552927, 80.29354548438394, 0.0, 36.43213410511974, 49.00283147109864, 71.94134687102947, 55.5163177046186, 41.70221653110986, 58.878389017313026, 62.66517490028494, 26.870337874036476, 31.381568624023643, 80.35717999412714, 30.00557753491658, 47.324954558954666, 21.166973219391203, 43.05510202573987, 75.7388373102482, 82.09338430053265, 21.127649629516, 63.7176801305058, 40.46384746672396, 47.378186508169854, 63.78006216726707, 53.29657944598696, 28.571088921483415, 43.37082623661457, 20.38616370453335, 72.8855787788824, 66.7545092948588, 36.89226208718157, 37.26407794554524, 73.5568604577101, 40.11866179656055, 70.45476206097199, 48.97083899710728, 63.073825356819185, 83.791678515531, 24.58349159305843, 24.42954725493103, 28.00090504217735, 22.353224884843957, 12.669302225823209, 43.75123168609253, 67.02889745206079, 48.43036904186323, 14.493570208615377, 55.09799289673921, 39.723253696059224, 11.58485580511487, 35.42824389201353], [33.06879749325218, 63.20995982132164, 91.60944722493811, 36.43213410511974, 0.0, 59.50127645457874, 49.57754607773772, 27.92855460280101, 40.27837336402132, 78.86157037603296, 36.76967045127602, 51.145051930992175, 48.25635078891596, 56.390632150854586, 29.48951150436298, 82.2371904003578, 51.52720605251752, 24.841489662218258, 60.6097919200196, 55.75722527499178, 38.617815541629945, 71.39113251247788, 9.17603685412852, 83.53800957451948, 83.4092866476743, 58.76601577146544, 10.182614998093507, 27.640695453683556, 41.20739272871409, 65.95677917408221, 57.293691343629796, 32.02342350505906, 22.188274020450418, 80.00192597376918, 3.843639676409623, 70.94777639816405, 28.813276288388575, 78.18342794562305, 59.11480398943309, 60.26420514580302, 59.56202586875892, 17.981538063938967, 43.29358701771306, 47.84726870624638, 64.49802966688227, 52.43307381784446, 23.092143231664014, 49.498523835555375, 48.338735502114005, 11.346817894976319, 27.865651688335614, 69.77988439369908], [73.56863192649988, 11.956876269255762, 32.82992158133205, 49.00283147109864, 59.50127645457874, 0.0, 53.02579830002661, 53.166571935095476, 21.140984684884383, 23.10465806776843, 53.54387103454362, 75.3707352111386, 17.777471987319256, 60.6167096686333, 74.20781870369355, 55.93243244139825, 67.92087982147515, 80.63151755211221, 45.25852900617029, 65.52725618023986, 28.195092507544757, 14.725234353074148, 68.40830589978451, 75.08916840768042, 26.474136097132188, 8.004475097795144, 60.25859963478307, 82.45866279248791, 28.62552649403598, 33.38895829024837, 32.81250670114472, 28.41679839886849, 75.66525197968058, 24.56182197041934, 60.761452962857554, 24.304991408294416, 42.34184026363198, 18.966121665321168, 64.05953870327576, 48.667179538700125, 46.18270000229034, 66.17030544755342, 26.78673438412917, 44.760703842960005, 16.740302708980792, 39.6916460109619, 81.78225317239837, 58.21975369711756, 25.266045248512484, 69.86251702646747, 42.71305572783248, 73.67028926591223], [81.28215240648584, 46.39921982368018, 72.50552595567369, 71.94134687102947, 49.57754607773772, 53.02579830002661, 0.0, 21.994753172402714, 36.828500616492256, 75.70640425091622, 13.363218604378572, 95.47085338332343, 57.56505007405681, 8.604733084276038, 78.47751768412472, 103.24204322185524, 92.4942026592324, 73.43761713099725, 16.640005040779734, 12.529031591292721, 57.367005766585, 54.52473243379591, 56.694586520570574, 115.38295557112302, 78.26859548898113, 46.18698298258514, 58.35618214732406, 76.4712113172253, 60.481274414507524, 31.318220733977913, 24.10807576618108, 36.74320546466578, 71.64571551804237, 57.90855175390629, 47.20374756356325, 44.405341964577694, 23.29323978049443, 68.56342828768527, 12.204181596172402, 87.53276889825432, 85.61253334818086, 66.8535123702615, 60.84867669103144, 77.34505824987595, 68.22855374282629, 14.80388792412217, 68.99882892285585, 86.2762295039766, 27.76052279292684, 59.58127882123392, 60.38592410953992, 106.8621494896613], [60.45840467118519, 51.32099606014475, 80.36791398370649, 55.5163177046186, 27.92855460280101, 53.166571935095476, 21.994753172402714, 0.0, 32.36919312189451, 75.98841809885926, 8.854388423339818, 76.41826894571811, 50.50596366249327, 28.462769484891393, 57.26045736445378, 93.91495020386347, 74.73499847097449, 51.44802349268008, 35.399724213342296, 28.12496450324133, 46.087496326402984, 60.22181907828546, 34.70972556361285, 101.78636164545235, 79.62431230706801, 48.75687227944407, 37.269452879921715, 54.489494265049025, 49.36819246298548, 45.163899908594246, 36.21705057125801, 27.356568906133205, 49.79112648156445, 66.57029733996985, 25.310428269106634, 54.56435455314417, 10.880179785067611, 71.54826481395997, 31.2211611953962, 75.04155458590034, 73.53509054929688, 45.63798217632949, 50.50666335621256, 63.484571024665634, 64.79033617963378, 28.648731960415276, 47.110417632716604, 69.9819884176534, 31.86106525122663, 37.60690959802265, 44.13388433925514, 90.93775077005387], [60.84194098667167, 22.93335279755202, 51.603574584138926, 41.70221653110986, 40.27837336402132, 21.140984684884383, 36.828500616492256, 32.36919312189451, 0.0, 43.65341228583503, 33.991139496327875, 68.24053087743019, 20.737251086152835, 45.26693968103262, 60.21933666590918, 66.43260401714898, 62.7815511736667, 63.393970775399836, 35.29332059737549, 49.10014156167713, 22.532741086597397, 31.21289735387822, 49.43011298283695, 79.9995444721658, 47.41737441045491, 18.61727098447355, 43.17649472330472, 65.63362833746115, 25.197807991786373, 31.30273516967396, 25.163580167913217, 8.269866634231278, 59.05472957237217, 39.73447614253727, 40.9307391145251, 31.719195199225087, 21.48903035626687, 39.99593894719035, 48.88478681924694, 51.96291304595907, 49.839399580464345, 50.40043214487414, 24.996454342496794, 43.29436161059061, 32.838924045382434, 27.14006970042926, 63.2411289290289, 54.59521689255424, 13.493870761146313, 51.28608964864235, 31.68410300072098, 73.78660669041953], [85.96355394014066, 30.323290493152406, 26.715262266063633, 58.878389017313026, 78.86157037603296, 23.10465806776843, 75.70640425091622, 75.98841809885926, 43.65341228583503, 0.0, 76.64479508460639, 82.10572424324644, 30.937597189461332, 82.96465187627732, 87.79479931987257, 44.90964237017377, 73.30397501151366, 97.22437605063718, 66.22114007241859, 88.12512792457166, 41.92608692014135, 24.8876079868421, 87.2335463835327, 68.80881443290542, 4.908197224139663, 29.531901990867976, 77.53413088380175, 98.5557402140407, 40.53509410021726, 51.9948403792229, 53.909556080122705, 50.00887566170736, 91.78402483989623, 30.08065776894287, 80.7351829201009, 38.97151093332127, 65.11531544076605, 10.723389635105734, 86.30185532485056, 47.94193765917604, 45.59928514920925, 81.9060421678656, 38.199416067687835, 49.98800922360241, 15.309055731174396, 61.799893998907336, 99.76819927806733, 63.217332550898384, 48.03671231209019, 88.21413218165996, 56.716497370359896, 72.93743459857244], [69.14665515689023, 49.72239731348765, 78.01353298315298, 62.66517490028494, 36.76967045127602, 53.54387103454362, 13.363218604378572, 8.854388423339818, 33.991139496327875, 76.64479508460639, 0.0, 84.59071718997913, 53.79451193371347, 19.626374646939674, 66.04084298880153, 98.53043596708828, 82.45969465689076, 60.21922278667514, 28.116143823428253, 19.7284081993977, 51.05499951436061, 58.49092117709047, 43.49888893961316, 108.06759863196824, 79.88423829280633, 48.041731742354045, 45.99683386250875, 63.275993358234814, 54.31834309726303, 39.92465887023644, 31.316220093392428, 30.93820088389866, 58.63986327249508, 63.74745558875898, 34.15873835561643, 50.95806325834538, 14.364090741028553, 71.06720678358303, 22.473497476328323, 80.78750679713242, 79.11012493536832, 54.40886062902234, 55.155257986084344, 69.68995607219449, 66.8188419988193, 22.662163032327598, 55.64517456592355, 77.15663858269887, 29.806668153210197, 46.40958360289311, 51.12359506326999, 98.04778335049525], [21.353807948981316, 85.46648001111865, 105.56775602190372, 26.870337874036476, 51.145051930992175, 75.3707352111386, 95.47085338332343, 76.41826894571811, 68.24053087743019, 82.10572424324644, 84.59071718997913, 0.0, 57.59833248914239, 103.51458504927425, 26.504104986974784, 56.512848892963966, 9.378046034490357, 42.97231997346942, 101.27284913425147, 104.31765274710845, 47.92762486190479, 90.08495225861415, 50.29648186528018, 42.953742063721194, 86.87179399093174, 80.06174442040863, 40.99136302494983, 41.35879834067997, 46.855171138918884, 99.52888674810231, 93.04397007063717, 62.682138014945025, 38.53633405115343, 99.90528745313907, 54.89812377354058, 97.3044753511058, 72.18347776618091, 87.87672848852243, 106.74094519138492, 36.9023519898065, 38.56977072070538, 34.55223050896961, 48.58991986685229, 32.16790032723382, 67.78916857649845, 92.4739630552079, 50.9903068374974, 19.0333846650492, 81.4679776541266, 48.11589334441505, 36.75108563195252, 25.36870821394813], [56.88082649099994, 28.51774185164381, 49.16140534790355, 31.381568624023643, 48.25635078891596, 17.777471987319256, 57.56505007405681, 50.50596366249327, 20.737251086152835, 30.937597189461332, 53.79451193371347, 57.59833248914239, 0.0, 65.99737927712077, 58.047266868042605, 45.70876213082075, 50.18494742299907, 66.42050087815252, 54.69466204828092, 69.80197528236715, 11.376844221810712, 32.48663730474431, 56.410695938184794, 60.7435854465873, 35.67729722454078, 23.27873599509688, 46.60207184016149, 67.87032272301002, 11.036111752157474, 46.731483572539744, 43.1645760810523, 23.1724813714375, 61.06936214156069, 42.31018460578356, 50.40756723156594, 40.858441809329165, 40.05713643062584, 32.572647390034504, 69.61344222644486, 33.055634645291335, 30.70520471060896, 51.24895876354273, 9.046852077796276, 27.31059238294421, 16.241766098370462, 47.17698982093578, 68.83094688731077, 40.5797769868316, 32.37386210162247, 57.30998818973419, 26.42777241289178, 57.07325724350543], [88.68966289665977, 53.13081222987481, 77.78197797193546, 80.35717999412714, 56.390632150854586, 60.6167096686333, 8.604733084276038, 28.462769484891393, 45.26693968103262, 82.96465187627732, 19.626374646939674, 103.51458504927425, 65.99737927712077, 0.0, 85.65282716647603, 111.6995267705886, 100.78286785795737, 79.53944912199192, 19.504462527922964, 6.098695276830144, 65.97070503138964, 60.83063878411884, 62.8934852217457, 123.98688900612022, 85.27200894545032, 53.46182198351176, 65.58382518750604, 82.62737197574351, 69.0815869789153, 35.636270973596375, 29.861073386210293, 45.34778313330506, 78.17775124000049, 63.204270488935215, 53.71149650140573, 49.586165656508435, 31.4942528018179, 75.30885509661732, 3.621404828769022, 96.13622569471593, 94.21201351160768, 74.01791642862952, 69.43369176802824, 85.93175136434756, 76.19525650643108, 21.195361342957206, 74.51165828403931, 94.73272125830401, 35.44440973228895, 65.82711171970895, 68.7841063359308, 115.37274026064286], [5.1521607064080035, 81.63215180190672, 106.85818728596878, 30.00557753491658, 29.48951150436298, 74.20781870369355, 78.47751768412472, 57.26045736445378, 60.21933666590918, 87.79479931987257, 66.04084298880153, 26.504104986974784, 58.047266868042605, 85.65282716647603, 0.0, 74.90427216624103, 31.316442579180855, 16.601051946269532, 87.82461933098757, 85.22716598763324, 46.68058010764975, 88.33164095003983, 25.65018952271881, 67.28203951221552, 92.69523123960035, 76.41482272468376, 20.121731529960094, 15.429356587802928, 47.44822646313086, 90.19175298523145, 82.27928733584626, 52.66881796778427, 12.068958218199997, 97.93277008103696, 32.69103941259584, 91.83392547803342, 56.245534006625554, 90.61915351626801, 88.4810755400368, 52.330644073179776, 52.90345549626282, 11.636469492808628, 49.75021980014922, 42.02940680105822, 72.4899744528439, 79.20550818320584, 24.490496176935462, 35.13480575944328, 71.66891998774277, 23.02374690180828, 31.662088971080017, 50.519662390073606], [70.84812916306831, 67.61731174441636, 71.45084459576337, 47.324954558954666, 82.2371904003578, 55.93243244139825, 103.24204322185524, 93.91495020386347, 66.43260401714898, 44.90964237017377, 98.53043596708828, 56.512848892963966, 45.70876213082075, 111.6995267705886, 74.90427216624103, 0.0, 47.396543352887406, 89.78841659333784, 99.66789067536553, 115.39291563340221, 47.83152382332664, 66.25281560917101, 87.47452651985257, 25.60546129587735, 47.878125703816195, 63.863297371148356, 75.59485584787518, 89.6685329925976, 44.554299244465554, 89.28032601876772, 87.59019443330769, 67.62046383900754, 84.05561076740271, 73.80950408238569, 85.59543683623428, 79.30989018765867, 84.29883661616196, 55.13285489177942, 115.31710150662832, 22.847752077746595, 22.931025024721585, 75.20418535950911, 43.4538288268018, 34.81076204671956, 39.48502874223192, 92.61486965937719, 95.66002540663634, 40.123631791146636, 77.6199931006794, 86.94351475373219, 54.387586970284175, 36.411925902175696], [26.364737010827366, 78.48620066779772, 97.29686873645534, 21.166973219391203, 51.52720605251752, 67.92087982147515, 92.4942026592324, 74.73499847097449, 62.7815511736667, 73.30397501151366, 82.45969465689076, 9.378046034490357, 50.18494742299907, 100.78286785795737, 31.316442579180855, 47.396543352887406, 0.0, 47.84080022580134, 96.88121798823259, 102.11502607715387, 41.354289017553, 82.55622002283862, 52.34109828326458, 36.014085774193546, 78.01984489852734, 73.12262230033427, 41.738063410946076, 46.72495786936678, 39.83775467387226, 93.83940217377418, 87.88548010302931, 58.03505193011895, 42.77755301476905, 92.32109964059065, 55.36758588735898, 90.57531796915934, 69.2888060737639, 79.48607919548702, 104.139485852071, 27.53484129755796, 29.242441748733878, 36.81935884155992, 41.339472848811056, 23.695161790362754, 59.28430734426208, 88.15301046869547, 55.36309271109123, 10.105968127353696, 76.21861579655025, 50.555305097602165, 32.320989234397906, 19.333957540999435], [21.71621220779545, 86.09901894904552, 113.39999502905707, 43.05510202573987, 24.841489662218258, 80.63151755211221, 73.43761713099725, 51.44802349268008, 63.393970775399836, 97.22437605063718, 60.21922278667514, 42.97231997346942, 66.42050087815252, 79.53944912199192, 16.601051946269532, 89.78841659333784, 47.84080022580134, 0.0, 85.33027947338537, 77.99870784931842, 55.29921964723439, 93.74738113452895, 16.746571152026007, 83.71363444173993, 102.03390124453746, 81.26352507082936, 20.4162414406247, 3.1422802457970884, 56.89582778027134, 90.6546740738691, 82.06971802773066, 55.200321873799666, 5.79217800687762, 102.86383386440225, 26.412830682626616, 94.82860698100056, 53.62679097993402, 98.45129613558312, 81.90813651594621, 66.96482509577304, 67.19868728583893, 15.544324907569727, 59.227275930309965, 55.68018393951852, 82.06073985174405, 77.24514269606651, 8.347821671031129, 50.82937018563989, 72.74906745427633, 13.897060924580744, 40.770511932888716, 67.09632484581157], [89.8739441691878, 35.89987296062525, 58.55807768591268, 75.7388373102482, 60.6097919200196, 45.25852900617029, 16.640005040779734, 35.399724213342296, 35.29332059737549, 66.22114007241859, 28.116143823428253, 101.27284913425147, 54.69466204828092, 19.504462527922964, 87.82461933098757, 99.66789067536553, 96.88121798823259, 85.33027947338537, 0.0, 25.57681333266119, 57.79011344463731, 42.7110597180406, 68.75684988922549, 115.10280731767392, 67.96318558083318, 37.455794362595874, 68.0379730859018, 88.21314242441508, 60.49063812639735, 16.256566057903097, 12.459014125923387, 38.84763971555213, 82.71272779547063, 44.06017559238759, 58.97293913928678, 30.489115534311214, 31.871973962966667, 57.649644075340575, 21.984646815204492, 87.10111588759081, 84.90753430639147, 76.478758520835, 60.215084392438705, 78.54504776464323, 61.773009867578594, 8.808851155791272, 81.94768682875866, 89.35019141763586, 22.340223191805194, 71.48393168068628, 64.70421580393759, 108.98018506687544], [88.54777203683258, 58.55703069718667, 83.6995377772535, 82.09338430053265, 55.75722527499178, 65.52725618023986, 12.529031591292721, 28.12496450324133, 49.10014156167713, 88.12512792457166, 19.7284081993977, 104.31765274710845, 69.80197528236715, 6.098695276830144, 85.22716598763324, 115.39291563340221, 102.11502607715387, 77.99870784931842, 25.57681333266119, 0.0, 68.92349119601886, 66.44355139694946, 61.5674725360864, 126.69283950283518, 90.58695050069471, 58.593353547084725, 65.34313434704087, 81.1210472229257, 72.10590779821513, 41.64813033693672, 35.56865742442374, 48.290566787411734, 77.06925993472292, 69.10581432364607, 52.78988028446488, 55.49292840445668, 33.17882950855003, 80.75077924334636, 5.100866860176201, 99.03375788358962, 97.20122430968492, 73.64099150169832, 72.6282741285427, 88.42777550370971, 80.7478894988938, 26.624137348505585, 72.47539777818011, 96.55953823165694, 40.26267761035928, 64.52010330916856, 70.51470666158242, 117.36836622768885], [45.61526252341453, 37.58108594271043, 60.35340453587733, 21.127649629516, 38.617815541629945, 28.195092507544757, 57.367005766585, 46.087496326402984, 22.532741086597397, 41.92608692014135, 51.05499951436061, 47.92762486190479, 11.376844221810712, 65.97070503138964, 46.68058010764975, 47.83152382332664, 41.354289017553, 55.29921964723439, 57.79011344463731, 68.92349119601886, 0.0, 42.82366055852092, 46.217964185150144, 58.069881715203515, 46.745912919737535, 32.16893534192806, 35.813407875463426, 56.65075642546109, 3.2829583072363246, 52.75767223285208, 47.52120191796482, 20.651524403658616, 49.86784066861763, 52.646980231546486, 41.20304517071735, 49.38701883926526, 36.70981526594432, 43.94585878652764, 69.56869992343918, 30.16593261172745, 28.280399220381863, 40.00587449838272, 4.791091378996719, 20.762489594576326, 26.79459792088509, 49.473264949276256, 58.1073672403381, 32.501510141058965, 35.92912383735097, 46.85284098046097, 15.051090083121707, 51.25978954322911], [87.9284098802298, 8.901722040082076, 20.4834513506091, 63.7176801305058, 71.39113251247788, 14.725234353074148, 54.52473243379591, 60.22181907828546, 31.21289735387822, 24.8876079868421, 58.49092117709047, 90.08495225861415, 32.48663730474431, 60.83063878411884, 88.33164095003983, 66.25281560917101, 82.55622002283862, 93.74738113452895, 42.7110597180406, 66.44355139694946, 42.82366055852092, 0.0, 80.50141021373086, 87.48347467074564, 25.66637276197499, 12.625495716903634, 73.33672830677469, 95.75866095349099, 43.34727232516999, 27.517253118562955, 30.99017234117918, 39.398871719686205, 89.02289966734588, 9.83922019329775, 72.14204476922826, 14.08451346147233, 50.007170364756725, 15.137892851022626, 63.9139325287354, 62.17536620863055, 59.66965894005557, 79.77214869024381, 41.50889972457987, 59.23556503036348, 27.314888628611147, 39.845747550930426, 94.20281953378642, 72.78136779130124, 28.71416556333593, 82.22756592244004, 57.08063694476585, 87.49892141533772], [30.140727734967523, 72.36346302948905, 100.66817857775331, 40.46384746672396, 9.17603685412852, 68.40830589978451, 56.694586520570574, 34.70972556361285, 49.43011298283695, 87.2335463835327, 43.49888893961316, 50.29648186528018, 56.410695938184794, 62.8934852217457, 25.65018952271881, 87.47452651985257, 52.34109828326458, 16.746571152026007, 68.75684988922549, 61.5674725360864, 46.217964185150144, 80.50141021373086, 0.0, 86.28951252886104, 91.85655249308495, 67.87937345606215, 11.90249220779047, 19.780057276935878, 48.5411056170917, 74.84375169296872, 66.0972023724312, 41.1676433499926, 15.613568584843186, 89.160983477915, 9.79475365818115, 80.10340487228328, 37.26074544404569, 86.97072971680849, 65.34281052922715, 64.96265286609669, 64.56618976952119, 15.757280658179036, 50.73799767920329, 52.68900301201523, 72.60749408962543, 60.8138438328139, 13.936801481360916, 52.07534960697091, 57.40964450224298, 2.9533516965237268, 33.84046190582742, 71.34314599462695], [62.37345407337598, 87.04211086094617, 95.51970196062136, 47.378186508169854, 83.53800957451948, 75.08916840768042, 115.38295557112302, 101.78636164545235, 79.9995444721658, 68.80881443290542, 108.06759863196824, 42.953742063721194, 60.7435854465873, 123.98688900612022, 67.28203951221552, 25.60546129587735, 36.014085774193546, 83.71363444173993, 115.10280731767392, 126.69283950283518, 58.069881715203515, 87.48347467074564, 86.28951252886104, 0.0, 72.31886272140062, 82.49775247809319, 74.77491337316091, 82.70813293592451, 55.050282333174195, 107.25693772771342, 103.86927021567816, 78.64124835122138, 78.47697475301224, 95.99517857443507, 87.30127037992618, 99.35104923966865, 93.79493384043529, 78.35942729234159, 127.57164435594868, 28.03734455912136, 30.195273066569047, 71.5284203368441, 55.013183749326416, 38.380093170901695, 60.19176405908435, 107.13674915234618, 90.99344894174196, 34.228325805665605, 92.79489061063842, 84.93191163290943, 57.98146827896499, 17.692580210376104], [90.87173813770634, 32.20558760385726, 23.64040708062791, 63.78006216726707, 83.4092866476743, 26.474136097132188, 78.26859548898113, 79.62431230706801, 47.41737441045491, 4.908197224139663, 79.88423829280633, 86.87179399093174, 35.67729722454078, 85.27200894545032, 92.69523123960035, 47.878125703816195, 78.01984489852734, 102.03390124453746, 67.96318558083318, 90.58695050069471, 46.745912919737535, 25.66637276197499, 91.85655249308495, 72.31886272140062, 0.0, 32.17104991536733, 82.27739655064588, 103.39107019425015, 45.40709363661851, 53.16080150317907, 55.829626514808574, 54.08176718935125, 96.61287284536175, 29.2845296847868, 85.20301659449065, 39.56244335609471, 68.78028942289966, 10.55579165242117, 88.53356162987295, 52.36290018948158, 50.060422119123324, 86.7424848925789, 43.07336729071132, 54.78814181587019, 20.20560735371717, 64.07701900882462, 104.48543370690871, 67.94687676067292, 50.810427765513744, 92.8857966856661, 61.578181186776845, 77.15192253577987], [76.2965042132691, 5.41327829378979, 32.98858553991, 53.29657944598696, 58.76601577146544, 8.004475097795144, 46.18698298258514, 48.75687227944407, 18.61727098447355, 29.531901990867976, 48.041731742354045, 80.06174442040863, 23.27873599509688, 53.46182198351176, 76.41482272468376, 63.863297371148356, 73.12262230033427, 81.26352507082936, 37.455794362595874, 58.593353547084725, 32.16893534192806, 12.625495716903634, 67.87937345606215, 82.49775247809319, 32.17104991536733, 0.0, 60.87167080184508, 83.33043531781007, 33.302921337198796, 25.420185523378564, 24.996968644652657, 26.77694532285087, 76.62484039219173, 21.650331709707388, 59.5323873158108, 17.579995475964207, 38.21702059863251, 23.02614370736929, 56.83115551241619, 55.59942749676093, 53.14838864089869, 67.50147969557146, 31.810240036070972, 50.57925276117505, 24.744390585690972, 32.342943898915294, 81.59611925977336, 63.71853020385489, 18.641873251636547, 69.62142320070332, 45.61936339050591, 80.20816405115661], [23.206657409907425, 65.75091907262225, 92.99928075744236, 28.571088921483415, 10.182614998093507, 60.25859963478307, 58.35618214732406, 37.269452879921715, 43.17649472330472, 77.53413088380175, 45.99683386250875, 40.99136302494983, 46.60207184016149, 65.58382518750604, 20.121731529960094, 75.59485584787518, 41.738063410946076, 20.4162414406247, 68.0379730859018, 65.34313434704087, 35.813407875463426, 73.33672830677469, 11.90249220779047, 74.77491337316091, 82.27739655064588, 60.87167080184508, 0.0, 22.4827524859943, 37.81329958414471, 71.55055950314093, 63.2745909610135, 35.07343738019917, 15.883883737284268, 82.49099002445897, 13.906858105866649, 74.78547927526824, 36.27768471280937, 78.24949568082073, 68.4631073426683, 53.06040457666225, 52.67781939835617, 8.517158055293315, 40.090045993001745, 40.797637614645524, 62.56318666900198, 59.529609870969374, 22.294105498437755, 40.55385541452421, 53.26680370295586, 11.517751539898757, 22.390309988463297, 60.342782954789016], [20.384906890782197, 88.23125113358938, 115.26862899102174, 43.37082623661457, 27.640695453683556, 82.45866279248791, 76.4712113172253, 54.489494265049025, 65.63362833746115, 98.5557402140407, 63.275993358234814, 41.35879834067997, 67.87032272301002, 82.62737197574351, 15.429356587802928, 89.6685329925976, 46.72495786936678, 3.1422802457970884, 88.21314242441508, 81.1210472229257, 56.65075642546109, 95.75866095349099, 19.780057276935878, 82.70813293592451, 103.39107019425015, 83.33043531781007, 22.4827524859943, 0.0, 58.10021486808965, 93.27986488142332, 84.74802887014904, 57.48585113557998, 6.814684776910855, 104.96118054539244, 29.37197400378606, 97.17231298048512, 56.45322737263437, 100.0815411143192, 85.01368123795426, 66.90625374463806, 67.25671930372995, 16.649763048704877, 60.43802179836421, 55.90284402129318, 83.33285881900782, 80.07357820339425, 10.952456888574542, 50.30621952146955, 75.27221670798295, 16.893494364666132, 41.91258217874066, 65.86404346090976], [46.035240292809405, 38.684772345905856, 60.15920233756622, 20.38616370453335, 41.20739272871409, 28.62552649403598, 60.481274414507524, 49.36819246298548, 25.197807991786373, 40.53509410021726, 54.31834309726303, 46.855171138918884, 11.036111752157474, 69.0815869789153, 47.44822646313086, 44.554299244465554, 39.83775467387226, 56.89582778027134, 60.49063812639735, 72.10590779821513, 3.2829583072363246, 43.34727232516999, 48.5411056170917, 55.050282333174195, 45.40709363661851, 33.302921337198796, 37.81329958414471, 58.10021486808965, 0.0, 54.854517154546194, 49.961593813966545, 23.816370438490075, 51.363132805632866, 53.185896777871555, 43.9229576961161, 50.738692292546396, 39.97895214647351, 43.324192022924144, 72.68534865241038, 27.077191187274597, 25.131851237378743, 41.46166428215263, 2.3388776693601403, 18.26253741265732, 25.256131127647542, 52.27303963674596, 60.07672208209609, 30.629821761144658, 38.45447137911153, 49.03059397414743, 16.197263635351433, 48.77802982624587], [91.36174962834427, 22.23782036442082, 42.310438076253305, 72.8855787788824, 65.95677917408221, 33.38895829024837, 31.318220733977913, 45.163899908594246, 31.30273516967396, 51.9948403792229, 39.92465887023644, 99.52888674810231, 46.731483572539744, 35.636270973596375, 90.19175298523145, 89.28032601876772, 93.83940217377418, 90.6546740738691, 16.256566057903097, 41.64813033693672, 52.75767223285208, 27.517253118562955, 74.84375169296872, 107.25693772771342, 53.16080150317907, 25.420185523378564, 71.55055950314093, 93.27986488142332, 54.854517154546194, 0.0, 8.992867782476473, 37.77069076512855, 87.15591041645645, 27.855111675624183, 65.20548554822854, 14.385918390277247, 38.062125149540016, 42.653167104924336, 38.23362940932834, 79.77838716859598, 77.40622020301521, 79.5506484733859, 53.98058992801922, 73.0576601210206, 50.07963016599663, 17.35699599108599, 88.64953725110111, 85.2550260616333, 18.55620400311464, 77.27859310953983, 62.97114065762473, 103.44892056705555], [83.70771829719087, 23.643005063121436, 48.398510678961486, 66.7545092948588, 57.293691343629796, 32.81250670114472, 24.10807576618108, 36.21705057125801, 25.163580167913217, 53.909556080122705, 31.316220093392428, 93.04397007063717, 43.1645760810523, 29.861073386210293, 82.27928733584626, 87.59019443330769, 87.88548010302931, 82.06971802773066, 12.459014125923387, 35.56865742442374, 47.52120191796482, 30.99017234117918, 66.0972023724312, 103.86927021567816, 55.829626514808574, 24.996968644652657, 63.2745909610135, 84.74802887014904, 49.961593813966545, 8.992867782476473, 0.0, 30.518295260564837, 78.73214866616875, 33.80048734054066, 56.410433649927874, 20.33057755248243, 29.138467240358796, 45.65578759405557, 32.92448738026609, 75.99824899013126, 73.72578030642148, 71.41480971902112, 49.41536181954551, 68.20665407824752, 49.378127761186605, 9.357589546368802, 79.84959129310553, 79.755435656431, 11.675331394288133, 68.58205460547646, 56.30145089325818, 98.73192876197515], [53.62436571336768, 31.19882965576302, 59.71841269827195, 36.89226208718157, 32.02342350505906, 28.41679839886849, 36.74320546466578, 27.356568906133205, 8.269866634231278, 50.00887566170736, 30.93820088389866, 62.682138014945025, 23.1724813714375, 45.34778313330506, 52.66881796778427, 67.62046383900754, 58.03505193011895, 55.200321873799666, 38.84763971555213, 48.290566787411734, 20.651524403658616, 39.398871719686205, 41.1676433499926, 78.64124835122138, 54.08176718935125, 26.77694532285087, 35.07343738019917, 57.48585113557998, 23.816370438490075, 37.77069076512855, 30.518295260564837, 0.0, 50.95662576377513, 48.00290361161597, 32.77227352361741, 39.71257694509891, 16.917529185900957, 47.382182016721465, 48.93789017591231, 50.80891855363611, 48.92971970505638, 42.50820700813809, 24.393135507965074, 40.73436465909279, 37.705647608293816, 30.143605204213653, 54.971390115677735, 50.650644793500476, 19.235545397467543, 43.016466759313296, 25.955823188854136, 70.72198756393131], [17.195875443558403, 81.56151754829736, 108.48161388380764, 37.26407794554524, 22.188274020450418, 75.66525197968058, 71.64571551804237, 49.79112648156445, 59.05472957237217, 91.78402483989623, 58.63986327249508, 38.53633405115343, 61.06936214156069, 78.17775124000049, 12.068958218199997, 84.05561076740271, 42.77755301476905, 5.79217800687762, 82.71272779547063, 77.06925993472292, 49.86784066861763, 89.02289966734588, 15.613568584843186, 78.47697475301224, 96.61287284536175, 76.62484039219173, 15.883883737284268, 6.814684776910855, 51.363132805632866, 87.15591041645645, 78.73214866616875, 50.95662576377513, 0.0, 98.26623144588177, 24.481168235083313, 90.66782885216918, 50.85108056586325, 93.26686441801603, 80.73375155963554, 61.222157299747316, 61.43096032105169, 9.905769933486901, 53.69925529319673, 49.89322102015336, 76.57727588296551, 74.42029360747692, 12.591794191073284, 45.292494497904016, 69.0021376776128, 12.6827772856815, 35.193176961176874, 62.09828948180888], [97.63390158437205, 16.80942705765555, 14.607130050773575, 73.5568604577101, 80.00192597376918, 24.56182197041934, 57.90855175390629, 66.57029733996985, 39.73447614253727, 30.08065776894287, 63.74745558875898, 99.90528745313907, 42.31018460578356, 63.204270488935215, 97.93277008103696, 73.80950408238569, 92.32109964059065, 102.86383386440225, 44.06017559238759, 69.10581432364607, 52.646980231546486, 9.83922019329775, 89.160983477915, 95.99517857443507, 29.2845296847868, 21.650331709707388, 82.49099002445897, 104.96118054539244, 53.185896777871555, 27.855111675624183, 33.80048734054066, 48.00290361161597, 98.26623144588177, 0.0, 80.50427488489628, 13.618126682532349, 56.903575952172844, 19.36122661164025, 65.96620235484002, 71.37626091461239, 68.87109758381645, 89.14815854819932, 51.33960323069307, 68.92257449560996, 35.92195542955421, 43.1332061007372, 102.97274053846024, 82.50531947812324, 34.71726587291244, 91.0120770640719, 66.8116806123152, 96.79896806836483], [36.483793685079824, 63.77700948734458, 92.49054008350839, 40.11866179656055, 3.843639676409623, 60.761452962857554, 47.20374756356325, 25.310428269106634, 40.9307391145251, 80.7351829201009, 34.15873835561643, 54.89812377354058, 50.40756723156594, 53.71149650140573, 32.69103941259584, 85.59543683623428, 55.36758588735898, 26.412830682626616, 58.97293913928678, 52.78988028446488, 41.20304517071735, 72.14204476922826, 9.79475365818115, 87.30127037992618, 85.20301659449065, 59.5323873158108, 13.906858105866649, 29.37197400378606, 43.9229576961161, 65.20548554822854, 56.410433649927874, 32.77227352361741, 24.481168235083313, 80.50427488489628, 0.0, 70.94492503933436, 27.484558902088427, 79.58910532528556, 56.31837523567687, 63.777636624659344, 63.01220251637819, 21.35874582741436, 45.93813310951426, 51.36120141985873, 66.62662793974604, 51.02046143067601, 23.444350622636517, 53.30012631307549, 48.02208433642357, 12.524437400459785, 31.212799118769663, 73.61614196659349], [92.20513327253798, 12.456345700976337, 28.206981729266236, 70.45476206097199, 70.94777639816405, 24.304991408294416, 44.405341964577694, 54.56435455314417, 31.719195199225087, 38.97151093332127, 50.95806325834538, 97.3044753511058, 40.858441809329165, 49.586165656508435, 91.83392547803342, 79.30989018765867, 90.57531796915934, 94.82860698100056, 30.489115534311214, 55.49292840445668, 49.38701883926526, 14.08451346147233, 80.10340487228328, 99.35104923966865, 39.56244335609471, 17.579995475964207, 74.78547927526824, 97.17231298048512, 50.738692292546396, 14.385918390277247, 20.33057755248243, 39.71257694509891, 90.66782885216918, 13.618126682532349, 70.94492503933436, 0.0, 45.607184086284576, 29.008695009722032, 52.35839936636686, 72.91114952960093, 70.43698324793536, 82.11796975037862, 49.330125611643645, 68.15796741237595, 39.86905016167355, 29.688054007379407, 94.03686560393133, 81.25459515764392, 23.273799614504107, 82.21740374984793, 62.03827917350815, 97.71413613531547], [58.642009762994455, 41.12192239684407, 70.34425384561479, 48.97083899710728, 28.813276288388575, 42.34184026363198, 23.29323978049443, 10.880179785067611, 21.48903035626687, 65.11531544076605, 14.364090741028553, 72.18347776618091, 40.05713643062584, 31.4942528018179, 56.245534006625554, 84.29883661616196, 69.2888060737639, 53.62679097993402, 31.871973962966667, 33.17882950855003, 36.70981526594432, 50.007170364756725, 37.26074544404569, 93.79493384043529, 68.78028942289966, 38.21702059863251, 36.27768471280937, 56.45322737263437, 39.97895214647351, 38.062125149540016, 29.138467240358796, 16.917529185900957, 50.85108056586325, 56.903575952172844, 27.484558902088427, 45.607184086284576, 0.0, 60.84392905187618, 34.865473946918726, 66.43464253031752, 64.74741800592075, 44.76785754145696, 40.87006992743735, 55.43537505179849, 53.99724095558526, 23.620828497369185, 50.84628448889671, 63.41160586685338, 22.380904439401167, 39.87953592961019, 37.38598349463581, 84.19256399408438], [89.35824901621811, 22.193937919879122, 17.939418099116626, 63.073825356819185, 78.18342794562305, 18.966121665321168, 68.56342828768527, 71.54826481395997, 39.99593894719035, 10.723389635105734, 71.06720678358303, 87.87672848852243, 32.572647390034504, 75.30885509661732, 90.61915351626801, 55.13285489177942, 79.48607919548702, 98.45129613558312, 57.649644075340575, 80.75077924334636, 43.94585878652764, 15.137892851022626, 86.97072971680849, 78.35942729234159, 10.55579165242117, 23.02614370736929, 78.24949568082073, 100.0815411143192, 43.324192022924144, 42.653167104924336, 45.65578759405557, 47.382182016721465, 93.26686441801603, 19.36122661164025, 79.58910532528556, 29.008695009722032, 60.84392905187618, 0.0, 78.50240615786518, 55.71718267324816, 53.26900727152116, 83.55124996823577, 41.09449722645638, 55.80900488354468, 20.255776168849437, 54.14838426642301, 100.12164077278881, 69.39918708923368, 41.51316054339423, 88.28406292860876, 58.99229115974904, 81.11497091696852], [91.62011332177353, 56.353546901055964, 80.50528096352545, 83.791678515531, 59.11480398943309, 64.05953870327576, 12.204181596172402, 31.2211611953962, 48.88478681924694, 86.30185532485056, 22.473497476328323, 106.74094519138492, 69.61344222644486, 3.621404828769022, 88.4810755400368, 115.31710150662832, 104.139485852071, 81.90813651594621, 21.984646