instance_id,num_cities,city_coordinates,distance_matrix,best_route,total_distance
607,53,"[[30.50492388877606, 34.21327407800406], [86.5272057113889, 7.138530060173897], [35.409294243335985, 38.24912680553033], [92.0072523491378, 26.380658921099588], [48.72519630613865, 0.9572623328674257], [64.83881996531628, 78.86938188601262], [23.912662936895956, 66.28027459890575], [43.068454472953974, 68.68104153453876], [75.94798319152139, 73.0304804564168], [35.10633615606819, 66.61870768209445], [97.06264605996496, 57.24155276271937], [46.446841515213286, 21.942760420015674], [48.956176643375, 60.79320000246088], [14.053982062498438, 24.13389031705153], [1.7677218102322811, 80.22522498992679], [95.84758646379218, 19.075035207483747], [31.58282040728473, 79.05610990130263], [51.56870669485525, 81.59478866101819], [75.68825546604131, 35.6410185884081], [56.70458421422786, 47.88459860400527], [18.58643803849874, 11.925932192764577], [7.727553006376797, 34.03533529820526], [98.40409440135217, 83.37773140616237], [5.918858153354023, 1.0568042082228613], [87.95276769896397, 54.659379220382135], [27.616426870152523, 93.6562255040562], [51.22369062918397, 14.108091462732508], [90.88467930766247, 73.54338801234033], [38.74737587412071, 79.05628702437012], [7.129494118781077, 84.85076178521193], [65.46941647368747, 4.492380555812492], [9.486326474777307, 34.267094130062816], [79.32168638497411, 24.586653372354085], [3.732530252094146, 35.36218430547615], [80.86117161076669, 37.13281752038839], [18.416477865399415, 24.684261377689776], [72.39423397275664, 75.86618815871216], [91.55259114891574, 81.65232520060911], [27.488429049995723, 79.53372064484165], [85.71851978054976, 33.24564682521832], [6.094057265519304, 67.49863894655982], [50.60154465010266, 97.66462744183441], [56.751546664170725, 38.501158490127686], [42.06624605263938, 99.07521520794303], [35.85592335767085, 84.78818313091632], [70.92416018833292, 28.68315400064907], [5.997689147944884, 35.98599544415243], [7.152605776979836, 54.350771928842434], [83.26697306628094, 3.444050721462011], [65.30776380410893, 40.485524128566006], [35.739616410848264, 1.8112807591696312], [86.0103203500005, 42.09145597766566], [90.01951767699458, 91.83440943371951]]","[[0.0, 62.22168291072885, 6.3514530473717175, 61.99908278549281, 37.92018781804186, 56.3292498117554, 32.737599589236716, 36.68609129053307, 59.76493244216975, 32.73049223465326, 70.42891451526201, 20.117411439819726, 32.35647061043134, 19.293197349639176, 54.24874570000902, 67.07331681446314, 44.855788763323766, 51.85258788413609, 45.2058835419471, 29.5521118613255, 25.274016563910276, 22.77806590831904, 83.8298349077951, 41.277428730145026, 60.97784822321073, 59.5130900665273, 28.87015177024275, 72.05950823126962, 45.594230170479534, 55.77244730357092, 45.889511366735796, 21.01866631948275, 49.75689024467523, 26.797034458093233, 50.44081104175919, 15.392615447117542, 59.07350972074309, 77.31287893564607, 45.42072344348964, 55.22207415337115, 41.27718405767667, 66.55785761070024, 26.594570119586418, 65.88425894946612, 50.85719832065525, 40.795795017493894, 24.571265650841053, 30.835848956807496, 61.07846543074094, 35.363523394439376, 32.82211414327891, 56.06170516816147, 82.83828893367088], [62.22168291072885, 0.0, 59.84070606792569, 20.007259538786723, 38.30404659812419, 74.93798222484294, 86.1297098215443, 75.34018700385937, 66.73581554267399, 78.62567873004676, 51.19871470330277, 42.72705033869454, 65.50118954526933, 74.43930693070129, 111.9188772591344, 15.144294387706681, 90.50427485290949, 82.25467219754015, 30.493846833799815, 50.493869476814076, 68.10922941247222, 83.26357786237098, 77.15877336264457, 80.8374485333081, 47.54222682929022, 104.66991682714493, 35.98489910092157, 66.54767265494432, 86.34278143562146, 111.09989903608796, 21.22339734300063, 81.67775744989721, 18.877407551896066, 87.47304123767684, 30.524764088775434, 70.33437235930172, 70.16574575870018, 74.68306478062114, 93.4164908860541, 26.119638564084322, 100.56258804193367, 97.39418581129112, 43.24585915127056, 102.12311692137578, 92.72026465329398, 26.601237759379792, 85.54051260672831, 92.35433339596551, 4.92730093300548, 39.5257729621295, 51.0662198725874, 34.95674756996831, 84.76784900965285], [6.3514530473717175, 59.84070606792569, 0.0, 57.82896671798539, 39.5979343349323, 50.16076262402862, 30.297157919684025, 31.380952335717957, 53.41467835179542, 28.371198471593576, 64.5123866708118, 19.690734736864655, 26.301202616402335, 25.598618311672837, 53.793570383065806, 63.406884130475426, 40.98599482014108, 46.25984233077985, 40.363311876658734, 23.37373936116286, 31.23970335182732, 28.00062207839625, 77.49152082743365, 47.465299756343036, 55.04646207615374, 55.95243844627519, 28.859742210749825, 65.75107012186061, 40.94346240976504, 54.51109499784663, 45.200983018862665, 26.227025034460603, 45.98870909161562, 31.80804637124787, 45.46558371608192, 21.74307665740277, 52.7534744982539, 70.96412768681547, 42.03757597540528, 50.557422660452396, 41.41155731862522, 61.32704287901507, 21.343740496095506, 61.189280415196194, 46.54119939605362, 36.78061362721986, 29.498547046356165, 32.5223526018919, 59.17559246461279, 29.98199384735691, 36.43934326017188, 50.74669778925902, 76.50920871252707], [61.99908278549281, 20.007259538786723, 57.82896671798539, 0.0, 50.196468694439595, 59.10321274416198, 78.92307925099244, 64.68638424590853, 49.33665954595746, 69.69085185089168, 31.27222048840147, 45.77604153333826, 55.11459065528563, 77.98564173963044, 105.08287285291718, 8.253502526632216, 80.16118207376564, 68.43884932967573, 18.763366447373645, 41.33639799655543, 74.8301750554426, 84.62660215171356, 57.35491138610955, 89.73577454241729, 28.567899249744457, 93.12454168973377, 42.590078875079044, 47.17608700991651, 74.9088528693915, 103.06787458345478, 34.39990498168031, 82.89691832310099, 12.811792994740347, 88.73045902924478, 15.486898668569756, 73.61032436921961, 53.23051844345379, 55.273536254888356, 83.59381873388637, 9.310006242904272, 95.24581550309722, 82.43686552825169, 37.280977631331375, 88.19638668135983, 81.02105054754773, 21.208447813367712, 86.54425140805766, 89.34561134466395, 24.545477743283357, 30.196190340619538, 61.39789245037498, 16.81643058306019, 65.48392585432805], [37.92018781804186, 38.30404659812419, 39.5979343349323, 50.196468694439595, 0.0, 79.56096555908053, 69.87673249164399, 67.95961298833323, 77.04303275761988, 67.05892004153291, 74.19184859467788, 21.10881404814196, 59.83638348626748, 41.70430651438369, 92.13259094823424, 50.485377567235304, 79.9580580240371, 80.68764591716595, 43.93141822493519, 47.60089832022301, 32.07267479351619, 52.67794289106895, 96.23474756145296, 42.80645388998596, 66.50353160231042, 95.07196179797192, 13.38606666221253, 83.94145369310691, 78.73382093063654, 93.63931701384772, 17.113327258880638, 51.470708174649864, 38.65867724122554, 56.639550268271584, 48.387929299620154, 38.49141329170711, 78.55934389011716, 91.35578208437555, 81.39570065024937, 49.102400703105154, 79.02638051654567, 96.72556616234893, 38.392270559801794, 98.34365406509022, 84.81297936089094, 35.51786967452481, 55.25081005139322, 67.66939596509326, 34.63117754621051, 42.86566254490912, 13.013632570863278, 55.51758605859881, 99.81922080776546], [56.3292498117554, 74.93798222484294, 50.16076262402862, 59.10321274416198, 79.56096555908053, 0.0, 42.818640232978034, 24.036453415354558, 12.550150496747206, 32.15741923596708, 38.80899329748883, 59.82395091300772, 24.06255826755023, 74.66641680241054, 63.085669791250304, 67.35656979440905, 33.25652378038764, 13.547093721537179, 44.56906599957053, 32.034709086977, 81.36773494903633, 72.6070833121186, 33.866692536506115, 97.60306934100565, 33.472060123386974, 40.05193243671734, 66.17700872756372, 26.584826492262028, 26.092113526786754, 58.0184728785593, 74.37967450069247, 71.08630394587067, 56.18156312009492, 75.01236487291995, 44.70633688076403, 71.35167223368477, 8.130403027373417, 26.858338450879018, 37.35629863240927, 50.174565920113466, 59.83511460380579, 23.578830842618764, 41.17034672658822, 30.44447113749828, 29.581083549223454, 50.55382117102036, 72.80977618829034, 62.68063131155009, 77.64391417229507, 38.386722244388565, 82.36937899959622, 42.43640256499769, 28.322420033600938], [32.737599589236716, 86.1297098215443, 30.297157919684025, 78.92307925099244, 69.87673249164399, 42.818640232978034, 0.0, 19.30564765171427, 52.471323912401985, 11.1987881973636, 73.70629907502637, 49.73534324565152, 25.637581133826853, 43.28407670976637, 26.169831082974877, 86.04050121205633, 14.901452388761681, 31.61314753865548, 60.162081003077915, 37.59934835031174, 54.61467943760489, 36.078995190676366, 76.42837425262807, 67.66001847762462, 65.0859449292644, 27.62536072587107, 58.88827495183843, 67.3647073267793, 19.577926382165288, 25.030736104120184, 74.46279349311409, 35.113571556436135, 69.34347792296572, 36.92107883809562, 63.974267438728376, 41.95755434054415, 49.420162574411734, 69.36468718468007, 13.727342619317353, 70.08031515571479, 17.8602105182344, 41.197985514718845, 43.01245838403618, 37.48413943910794, 22.02689600710272, 60.196547667633915, 35.19502287774402, 20.57213041857122, 86.43682758009714, 48.77420965668053, 65.54485483379275, 66.6424639586994, 70.87404356169007], [36.68609129053307, 75.34018700385937, 31.380952335717957, 64.68638424590853, 67.95961298833323, 24.036453415354558, 19.30564765171427, 0.0, 33.16596188398954, 8.22487379909418, 55.19270448614953, 46.86022215640352, 9.842932306545652, 53.16284690317816, 42.88378120139665, 72.43198628662715, 15.47778516149795, 15.46024426335474, 46.4294576008536, 24.868374954624414, 61.810286887327095, 49.49044632133191, 57.25404561660268, 77.15652908649488, 47.02348974526259, 29.36877544857767, 55.17893399028056, 48.06281068262219, 11.239103132882121, 39.40899293719444, 67.985199100982, 48.08408361239671, 57.08425256989994, 51.550569166206934, 49.22986803867889, 50.43249562365041, 30.193172660088514, 50.18929875141716, 18.987307235393597, 55.44993479660296, 36.9932983759655, 29.94654737465808, 33.136873004067056, 30.41069244536879, 17.648246810793516, 48.741884945860306, 49.42881427501962, 38.669171371055405, 76.6275790263761, 35.91064022427488, 67.27017744510316, 50.50752325236833, 52.34960153682767], [59.76493244216975, 66.73581554267399, 53.41467835179542, 49.33665954595746, 77.04303275761988, 12.550150496747206, 52.471323912401985, 33.16596188398954, 0.0, 41.34187904145244, 26.365113801477044, 58.99383441278676, 29.63627260033437, 78.87803181505335, 74.52835384938302, 57.50812362096665, 44.77249020412973, 25.839823867903988, 37.39036396280009, 31.664235003150495, 83.809979601759, 78.57893127649534, 24.725341916448766, 100.42055778719373, 21.945664986387804, 52.54865074591232, 63.89944105726669, 14.945499825260693, 37.68548168164809, 69.82623782609758, 69.33448996311513, 76.939924181276, 48.561159951015185, 81.44919998478561, 36.23232844728191, 75.14806054914438, 4.54646804483748, 17.828067654598232, 48.893972231184094, 40.96701566259963, 70.0726211709364, 35.345199736782874, 39.50667349702147, 42.73523510904854, 41.780579626220906, 44.63097759787255, 79.15388497481784, 71.28629226074497, 69.97027094448494, 34.240158454568856, 81.78561710157543, 32.53419531489401, 23.486077317408842], [32.73049223465326, 78.62567873004676, 28.371198471593576, 69.69085185089168, 67.05892004153291, 32.15741923596708, 11.1987881973636, 8.22487379909418, 41.34187904145244, 0.0, 62.661913243130854, 46.09281208133046, 15.025132986077454, 47.4147795462775, 36.00833958611139, 77.13559671979361, 12.92687654440506, 22.255171202298254, 51.05398511836528, 28.591102849165182, 57.133236601308674, 42.559063930789385, 65.47878339632072, 71.7653959737991, 54.1827543049732, 28.055767875503683, 54.92844373318056, 56.20653665200426, 12.959573686037611, 33.393285061495796, 69.1490937653994, 41.26756347895324, 61.00566191233216, 44.28640819137767, 54.43273542744962, 45.13368095579624, 38.41748584633337, 58.41394832067559, 14.994334546910627, 60.62470059468333, 29.02561981169691, 34.69799158455443, 35.483964131741864, 33.19435534159167, 18.184931098526253, 52.17300788266002, 42.25726434231266, 30.527254867620936, 79.43855631675926, 39.93832137962548, 64.81052096883141, 56.5048819394264, 60.42589775565705], [70.42891451526201, 51.19871470330277, 64.5123866708118, 31.27222048840147, 74.19184859467788, 38.80899329748883, 73.70629907502637, 55.19270448614953, 26.365113801477044, 62.661913243130854, 0.0, 61.70870611644536, 48.237398332050084, 89.36753107958495, 98.02740319323976, 38.18585382201583, 69.01798657348616, 51.602118344836086, 30.3882814564628, 41.42856197205761, 90.62020024844654, 92.29998580662716, 26.170581150111595, 107.06967845331972, 9.468764647776425, 78.41432108115285, 62.94207907832875, 17.43321845495947, 62.26197368984101, 94.07571546857217, 61.48664346185402, 90.53970124509232, 37.16293993193394, 95.86040517752045, 25.823419745924213, 85.11872293460245, 30.909668366677653, 25.024917904704804, 73.058280991514, 26.542281416726723, 91.54502697708747, 61.58456714738539, 44.45432613356983, 69.09890974065132, 67.11989085656796, 38.714371795431816, 93.51270017655868, 89.95650036277266, 55.53820144033972, 35.90455462294231, 82.6621377641176, 18.753115373068987, 35.30256917108671], [20.117411439819726, 42.72705033869454, 19.690734736864655, 45.77604153333826, 21.10881404814196, 59.82395091300772, 49.73534324565152, 46.86022215640352, 58.99383441278676, 46.09281208133046, 61.70870611644536, 0.0, 38.93139373994529, 32.466881490975105, 73.4375204779884, 49.48391101528996, 59.01587763024936, 59.87151222563023, 32.29090532474445, 27.896240851474726, 29.606400146245104, 40.56369891682882, 80.46000116544167, 45.59320785226751, 52.84996739922791, 74.14449129952149, 9.176073513647271, 68.09806308251213, 57.6301717188546, 74.18403090999618, 25.814223123227187, 38.96112002305502, 32.98098838958991, 44.77268502223531, 37.61760160667206, 28.164110386123237, 59.841484226548054, 74.83154933787041, 60.63118094527604, 40.86587763483143, 60.8579104556474, 75.835761375548, 19.503012455906376, 77.25674856100521, 63.7315832467039, 25.388423248545685, 42.81759424785139, 50.934430125486934, 41.20587758984501, 26.449356807659647, 22.80177937728989, 44.39863500362956, 82.36152445015958], [32.35647061043134, 65.50118954526933, 26.301202616402335, 55.11459065528563, 59.83638348626748, 24.06255826755023, 25.637581133826853, 9.842932306545652, 29.63627260033437, 15.025132986077454, 48.237398332050084, 38.93139373994529, 0.0, 50.61687636719711, 51.03287043321246, 62.76312284142008, 25.206494894754982, 20.96500426877389, 36.70471724542591, 15.055557443956033, 57.53547502292035, 49.150612717772866, 54.36136154774319, 73.6250484909678, 39.47604173854697, 39.1837130132183, 46.7401431217541, 43.824269873626356, 20.922713990210656, 48.25181499119028, 58.672560537763474, 47.55526642849583, 47.2543987449343, 51.88366556348822, 39.72080566991626, 47.291951218542145, 27.86642250691451, 47.429501713172826, 28.496864751767724, 45.93841049697286, 43.383455244996235, 36.90812102091558, 23.615734342778904, 38.897092844297774, 27.338175716101905, 38.90562112690161, 49.60674395576458, 42.29708520294832, 66.8293025134064, 26.07251622061535, 60.44455527177065, 41.506201890804434, 51.47576769508742], [19.293197349639176, 74.43930693070129, 25.598618311672837, 77.98564173963044, 41.70430651438369, 74.66641680241054, 43.28407670976637, 53.16284690317816, 78.87803181505335, 47.4147795462775, 89.36753107958495, 32.466881490975105, 50.61687636719711, 0.0, 57.42116348848143, 81.94989771790408, 57.65162944599524, 68.62295099117517, 62.699263624353094, 48.81772227416063, 13.022188707691372, 11.749992226250813, 103.07654514276787, 24.469003745380117, 79.95521240877072, 70.83286665817565, 38.49810225971665, 91.34689103455469, 60.21821450368605, 61.11044930422127, 55.039402262307775, 11.115093210768253, 65.2692747156758, 15.251457417735212, 68.06006673355452, 4.397076066514736, 77.97317252062193, 96.51116392305802, 57.00548715876226, 72.24147059000198, 44.0892484226484, 82.11268862489385, 45.04997688868514, 80.00555674611296, 64.45361030220258, 57.05184449364492, 14.330954311173322, 30.994982319325587, 72.23923854928775, 53.79894117101664, 31.12178713640928, 74.16325764285644, 101.75521062758214], [54.24874570000902, 111.9188772591344, 53.793570383065806, 105.08287285291718, 92.13259094823424, 63.085669791250304, 26.169831082974877, 42.88378120139665, 74.52835384938302, 36.00833958611139, 98.02740319323976, 73.4375204779884, 51.03287043321246, 57.42116348848143, 0.0, 112.20680301862694, 29.83801156984841, 49.819813328911806, 86.32494863255243, 63.74931345378792, 70.33962334388383, 46.572797828989614, 96.68778001523332, 79.27717693011095, 89.89702222406996, 29.129835703026043, 82.56735552065332, 89.36710277833683, 36.998124691018866, 7.081256451595114, 98.961455269604, 46.60178805689667, 95.44772429400335, 44.906045157282385, 90.07069103138038, 57.9825811529661, 70.76090320465877, 89.79621026065514, 25.730001149881264, 96.20196070968103, 13.44184402494302, 51.85436347150978, 69.02259572667661, 44.48924799696192, 34.39223853917066, 86.25078579936402, 44.44099520129843, 26.42885348526478, 111.97087423674475, 74.94385072261798, 85.45663387110245, 92.47161590354655, 89.01209264565509], [67.07331681446314, 15.144294387706681, 63.406884130475426, 8.253502526632216, 50.485377567235304, 67.35656979440905, 86.04050121205633, 72.43198628662715, 57.50812362096665, 77.13559671979361, 38.18585382201583, 49.48391101528996, 62.76312284142008, 81.94989771790408, 112.20680301862694, 0.0, 87.90727772899757, 76.61160986092581, 26.092727562559286, 48.6021148532406, 77.59120265797077, 89.38093127362485, 64.35349618516747, 91.71604452807223, 36.44960496573016, 101.08335711454323, 44.89947226439847, 54.693984172984614, 82.8141571164349, 110.44159595082812, 33.69698842089019, 87.68731881633363, 17.420772319573196, 93.54386568142522, 23.466489558671427, 77.63401314504242, 61.443427611084516, 62.724510421672626, 91.25912035044824, 17.41850238953527, 101.98304468206607, 90.68367166898157, 43.65632364052275, 96.39741374397023, 88.97874719417716, 26.711292070055876, 91.42748286918159, 95.4524866112383, 20.06488249304968, 37.29731630995304, 62.53803068163634, 25.030529951713277, 72.99241689091454], [44.855788763323766, 90.50427485290949, 40.98599482014108, 80.16118207376564, 79.9580580240371, 33.25652378038764, 14.901452388761681, 15.47778516149795, 44.77249020412973, 12.92687654440506, 69.01798657348616, 59.01587763024936, 25.206494894754982, 57.65162944599524, 29.83801156984841, 87.90727772899757, 0.0, 20.146477124915172, 61.888282860563876, 40.03456173519794, 68.37665328060149, 50.950406560023815, 66.9608771643674, 82.11291400975664, 61.42289007840695, 15.129297845741954, 67.85284726649526, 59.557540006831665, 7.164555469025414, 25.130522418519625, 81.90269303798898, 49.94307737680675, 72.42873062117549, 51.81503445624567, 64.69867341290187, 55.94327920139255, 40.935889851520706, 60.02594219738775, 4.122153879828699, 70.91736369802399, 27.986642909908706, 26.608058870962935, 47.73016724626914, 22.597937749715953, 7.149550498755321, 63.915379228610334, 50.09624437929123, 34.744627084144206, 91.58840062744925, 51.23535784954595, 77.35659365698933, 65.7931485012579, 59.81749348419641], [51.85258788413609, 82.25467219754015, 46.25984233077985, 68.43884932967573, 80.68764591716595, 13.547093721537179, 31.61314753865548, 15.46024426335474, 25.839823867903988, 22.255171202298254, 51.602118344836086, 59.87151222563023, 20.96500426877389, 68.62295099117517, 49.819813328911806, 76.61160986092581, 20.146477124915172, 0.0, 51.89895583546876, 34.099181098289286, 77.08164247934913, 64.6834473486561, 46.86931220372606, 92.57578307300838, 45.26937349782312, 26.817717418144596, 67.48757911511326, 40.13191691031637, 13.070214786834311, 44.558332277667006, 78.34545977896238, 63.33117237666322, 63.40469517922769, 66.52633675589735, 53.2439233956336, 65.86257201193307, 21.59906132491955, 39.98392585138493, 24.16832167985248, 59.19332099186668, 47.60929717495763, 16.09891676052259, 43.40417942379533, 19.89628283170745, 16.034005377374548, 56.34070164961163, 64.47386803162684, 52.105915868065935, 84.33455953196793, 43.344357425741876, 81.33860235056646, 52.409331652501685, 39.79088713201734], [45.2058835419471, 30.493846833799815, 40.363311876658734, 18.763366447373645, 43.93141822493519, 44.56906599957053, 60.162081003077915, 46.4294576008536, 37.39036396280009, 51.05398511836528, 30.3882814564628, 32.29090532474445, 36.70471724542591, 62.699263624353094, 86.32494863255243, 26.092727562559286, 61.888282860563876, 51.89895583546876, 0.0, 22.589489276990285, 61.8305982203087, 67.97966826661842, 52.865897222876384, 77.8706407169623, 22.629986775058644, 75.34364563795658, 32.591131972615685, 40.835289952716444, 57.004509632058195, 84.39136557116471, 32.782042670299134, 66.21618435534926, 11.636185396106484, 71.95626546467243, 5.383727843587378, 58.310436785467616, 40.35981720174086, 48.66947177462372, 65.19043304313733, 10.31232311861825, 76.53927356630493, 66.90494088455169, 19.151484028770497, 71.79371015458601, 63.26182469515006, 8.432584623748202, 69.69142015175179, 71.04357921981159, 33.07690584515639, 11.455297511285698, 52.3483039262697, 12.17181851579275, 57.99208783319519], [29.5521118613255, 50.493869476814076, 23.37373936116286, 41.33639799655543, 47.60089832022301, 32.034709086977, 37.59934835031174, 24.868374954624414, 31.664235003150495, 28.591102849165182, 41.42856197205761, 27.896240851474726, 15.055557443956033, 48.81772227416063, 63.74931345378792, 48.6021148532406, 40.03456173519794, 34.099181098289286, 22.589489276990285, 0.0, 52.402469006232344, 50.89746241266057, 54.75958022079465, 69.07989794074533, 31.974155555632276, 54.232487742598984, 34.218308391196445, 42.73935393168128, 35.974094711977415, 61.84000952709552, 44.26857657163115, 49.142652472643604, 32.47041057053318, 54.43206188296758, 26.441284218370342, 44.7686802931911, 32.08012567857838, 48.524663283973865, 43.07262063696895, 32.49780556019634, 54.27831994991474, 50.15275030361125, 9.383557632499071, 53.2424658747542, 42.38562504489702, 23.893342498258857, 52.08421991754021, 49.97209185647854, 51.77376553456677, 11.34729052015692, 50.61897363862678, 29.872841711973827, 55.14953003966799], [25.274016563910276, 68.10922941247222, 31.23970335182732, 74.8301750554426, 32.07267479351619, 81.36773494903633, 54.61467943760489, 61.810286887327095, 83.809979601759, 57.133236601308674, 90.62020024844654, 29.606400146245104, 57.53547502292035, 13.022188707691372, 70.33962334388383, 77.59120265797077, 68.37665328060149, 77.08164247934913, 61.8305982203087, 52.402469006232344, 0.0, 24.63211500906311, 107.12711084543571, 16.69148056018012, 81.47291074600523, 82.22762031732131, 32.7101219158183, 94.99340267772062, 70.09242437117636, 73.81932223386396, 47.46863550697034, 24.123423206103237, 62.040827303440636, 27.747008660711316, 67.18280665033974, 12.759461197533147, 83.5681472589505, 100.9248699856344, 68.19133745095178, 70.43611737617769, 56.95950590832426, 91.52098619641964, 46.50610894458277, 90.25684968156474, 74.8808569326186, 54.954905536738785, 27.154433197734125, 43.938588357120004, 65.23430021678308, 54.7588583960236, 19.91325442756065, 73.86432651268589, 107.1823194449901], [22.77806590831904, 83.26357786237098, 28.00062207839625, 84.62660215171356, 52.67794289106895, 72.6070833121186, 36.078995190676366, 49.49044632133191, 78.57893127649534, 42.559063930789385, 92.29998580662716, 40.56369891682882, 49.150612717772866, 11.749992226250813, 46.572797828989614, 89.38093127362485, 50.950406560023815, 64.6834473486561, 67.97966826661842, 50.89746241266057, 24.63211500906311, 0.0, 103.23229733484197, 33.028092435444805, 82.83378694817463, 62.850758567477236, 47.84358927777648, 92.06516107600558, 54.672804071822355, 50.8189457140682, 64.86068895400831, 1.7739775278434444, 72.21493975880814, 4.209600348647348, 73.19918419141777, 14.20196106559853, 77.01688047593808, 96.40547052405138, 49.60438782166643, 77.99496462115052, 33.50314909672491, 76.72591464535031, 49.22697970565462, 73.54815986004377, 58.02634558327693, 63.42284291919102, 2.6072023269580695, 20.323570793785866, 81.49865443700244, 57.94036254165639, 42.697369791485656, 78.6962053937669, 100.56192331231975], [83.8298349077951, 77.15877336264457, 77.49152082743365, 57.35491138610955, 96.23474756145296, 33.866692536506115, 76.42837425262807, 57.25404561660268, 24.725341916448766, 65.47878339632072, 26.170581150111595, 80.46000116544167, 54.36136154774319, 103.07654514276787, 96.68778001523332, 64.35349618516747, 66.9608771643674, 46.86931220372606, 52.865897222876384, 54.75958022079465, 107.12711084543571, 103.23229733484197, 0.0, 123.81540283250904, 30.56098791116807, 71.53000290387311, 83.81093913086309, 12.379657238341442, 59.81303325348284, 91.28648572072828, 85.48445232310844, 101.57865989817373, 61.81042915302291, 106.15176786961814, 49.460551961528836, 99.21160326839716, 27.072793012050575, 7.065417425199212, 71.0197719720271, 51.712181426535025, 93.66583439739085, 49.891874699742296, 61.227783968443255, 58.48387943929273, 62.56407175829811, 61.209832395780595, 103.85047120427429, 95.75697652214134, 81.3543222583552, 54.17664205306849, 102.8587510762728, 43.10640525483016, 11.90867457395687], [41.277428730145026, 80.8374485333081, 47.465299756343036, 89.73577454241729, 42.80645388998596, 97.60306934100565, 67.66001847762462, 77.15652908649488, 100.42055778719373, 71.7653959737991, 107.06967845331972, 45.59320785226751, 73.6250484909678, 24.469003745380117, 79.27717693011095, 91.71604452807223, 82.11291400975664, 92.57578307300838, 77.8706407169623, 69.07989794074533, 16.69148056018012, 33.028092435444805, 123.81540283250904, 0.0, 97.99386900858377, 95.10750397599249, 47.14725808212755, 111.68480467824293, 84.62641960599034, 83.80270261665211, 59.64957821396185, 33.40135007626223, 77.08196283234808, 34.37497830266732, 83.17348786030703, 26.729145717023936, 100.07706788961468, 117.59580872968785, 81.3871783640722, 86.047124210148, 66.44206572740934, 106.44065944226135, 63.13510821109377, 104.47125225080566, 88.922278925718, 70.63217747961845, 34.929280191865494, 53.3082463471201, 77.3849457355778, 71.28580552221551, 29.830301002803164, 89.99158273214383, 123.7477052021064], [60.97784822321073, 47.54222682929022, 55.04646207615374, 28.567899249744457, 66.50353160231042, 33.472060123386974, 65.0859449292644, 47.02348974526259, 21.945664986387804, 54.1827543049732, 9.468764647776425, 52.84996739922791, 39.47604173854697, 79.95521240877072, 89.89702222406996, 36.44960496573016, 61.42289007840695, 45.26937349782312, 22.629986775058644, 31.974155555632276, 81.47291074600523, 82.83378694817463, 30.56098791116807, 97.99386900858377, 0.0, 71.8416873735786, 54.712265911782005, 19.110256244644535, 54.92157768156921, 86.27816139321118, 54.974801839843636, 81.07297755475372, 31.286808795071433, 86.40272060063275, 18.906906148331686, 75.72188120682678, 26.302028763127097, 27.231927246566197, 65.38095372168945, 21.52997442758877, 82.85948988584705, 56.961085293685485, 35.13693628120768, 63.861877166839726, 60.18160861426309, 31.06022779081661, 84.0555183313866, 80.80075126556216, 51.429238226829504, 26.715058853796332, 74.29087883718748, 12.717145762249805, 37.23243648801723], [59.5130900665273, 104.66991682714493, 55.95243844627519, 93.12454168973377, 95.07196179797192, 40.05193243671734, 27.62536072587107, 29.36877544857767, 52.54865074591232, 28.055767875503683, 78.41432108115285, 74.14449129952149, 39.1837130132183, 70.83286665817565, 29.129835703026043, 101.08335711454323, 15.129297845741954, 26.817717418144596, 75.34364563795658, 54.232487742598984, 82.22762031732131, 62.850758567477236, 71.53000290387311, 95.10750397599249, 71.8416873735786, 0.0, 82.97715668571009, 66.38823689829889, 18.359091190458162, 22.29911668347199, 96.86609348931013, 62.09484250486371, 86.27884825350561, 62.99710911560822, 77.65242103489962, 69.58283478803399, 48.18233532807183, 65.0532606805846, 14.123084894615033, 83.81701030745783, 33.873761643953195, 23.332015031989076, 62.37737268210914, 15.43252162860615, 12.105018707116113, 78.0836716973881, 61.58916508497117, 44.313504200036625, 105.9963196103183, 65.17484456928594, 92.20347110334477, 77.90232507470881, 62.429678487407834], [28.87015177024275, 35.98489910092157, 28.859742210749825, 42.590078875079044, 13.38606666221253, 66.17700872756372, 58.88827495183843, 55.17893399028056, 63.89944105726669, 54.92844373318056, 62.94207907832875, 9.176073513647271, 46.7401431217541, 38.49810225971665, 82.56735552065332, 44.89947226439847, 67.85284726649526, 67.48757911511326, 32.591131972615685, 34.218308391196445, 32.7101219158183, 47.84358927777648, 83.81093913086309, 47.14725808212755, 54.712265911782005, 82.97715668571009, 0.0, 71.45312098777927, 66.13566765808093, 83.35960394731394, 17.18728021189553, 46.350760027198916, 29.9882914682743, 52.03024866873532, 37.5302316668013, 34.46982128468721, 65.28594345624532, 78.6679332915727, 69.59795683859794, 39.44793104123617, 69.9087574497045, 83.55885213695936, 25.01157554706487, 85.45917685483757, 72.3314843559446, 24.505937011980038, 50.239764057977716, 59.68026349763883, 33.7711965182616, 29.902007812807835, 19.772913489877688, 44.645025444150164, 86.87057442915071], [72.05950823126962, 66.54767265494432, 65.75107012186061, 47.17608700991651, 83.94145369310691, 26.584826492262028, 67.3647073267793, 48.06281068262219, 14.945499825260693, 56.20653665200426, 17.43321845495947, 68.09806308251213, 43.824269873626356, 91.34689103455469, 89.36710277833683, 54.693984172984614, 59.557540006831665, 40.13191691031637, 40.835289952716444, 42.73935393168128, 94.99340267772062, 92.06516107600558, 12.379657238341442, 111.68480467824293, 19.110256244644535, 66.38823689829889, 71.45312098777927, 0.0, 52.42795499385842, 84.51501492435081, 73.57973372934624, 90.37875361518267, 50.30372423529067, 95.1488381511254, 37.76506785508441, 87.40054047760366, 18.635771226410935, 8.13639776258356, 63.67863559923941, 40.62754175487174, 85.0058149632237, 46.95279682249052, 48.91859149592957, 55.09186532893274, 56.16590957745177, 49.1005388880491, 92.82434397773552, 85.90353106756547, 70.51203115072143, 41.79714070644149, 90.47913114566242, 31.827400207398878, 18.311470975444113], [45.594230170479534, 86.34278143562146, 40.94346240976504, 74.9088528693915, 78.73382093063654, 26.092113526786754, 19.577926382165288, 11.239103132882121, 37.68548168164809, 12.959573686037611, 62.26197368984101, 57.6301717188546, 20.922713990210656, 60.21821450368605, 36.998124691018866, 82.8141571164349, 7.164555469025414, 13.070214786834311, 57.004509632058195, 35.974094711977415, 70.09242437117636, 54.672804071822355, 59.81303325348284, 84.62641960599034, 54.92157768156921, 18.359091190458162, 66.13566765808093, 52.42795499385842, 0.0, 32.14446117838456, 79.20759813084035, 53.50028796253608, 67.92065712002488, 55.99298193830733, 59.42347252222161, 58.04879487779477, 33.797748307874215, 52.86899066967268, 11.269065021128894, 65.61176049562006, 34.63839553509006, 22.063355376318, 44.37193500700882, 20.292175459543767, 6.419901138734441, 59.77288665798925, 54.10722685064933, 40.107255872554205, 87.74511275779989, 46.83116438180672, 77.30354202686813, 60.001538770614054, 52.840447929236205], [55.77244730357092, 111.09989903608796, 54.51109499784663, 103.06787458345478, 93.63931701384772, 58.0184728785593, 25.030736104120184, 39.40899293719444, 69.82623782609758, 33.393285061495796, 94.07571546857217, 74.18403090999618, 48.25181499119028, 61.11044930422127, 7.081256451595114, 110.44159595082812, 25.130522418519625, 44.558332277667006, 84.39136557116471, 61.84000952709552, 73.81932223386396, 50.8189457140682, 91.28648572072828, 83.80270261665211, 86.27816139321118, 22.29911668347199, 83.35960394731394, 84.51501492435081, 32.14446117838456, 0.0, 99.30264837448196, 50.63854354343981, 94.0397542903833, 49.605026604966035, 87.82575061246548, 61.21604179775747, 65.88026131898006, 84.48366296950705, 21.041795503754475, 94.01767304342461, 17.382988709792247, 45.32123487355289, 67.90164817166882, 37.72150196987652, 28.726497400569297, 84.9974092732603, 48.87787200828562, 30.499998612907948, 111.46285617504088, 73.1640989550846, 87.82991806122489, 89.72481808319866, 83.18369635908046], [45.889511366735796, 21.22339734300063, 45.200983018862665, 34.39990498168031, 17.113327258880638, 74.37967450069247, 74.46279349311409, 67.985199100982, 69.33448996311513, 69.1490937653994, 61.48664346185402, 25.814223123227187, 58.672560537763474, 55.039402262307775, 98.961455269604, 33.69698842089019, 81.90269303798898, 78.34545977896238, 32.782042670299134, 44.26857657163115, 47.46863550697034, 64.86068895400831, 85.48445232310844, 59.64957821396185, 54.974801839843636, 96.86609348931013, 17.18728021189553, 73.57973372934624, 79.20759813084035, 99.30264837448196, 0.0, 63.40851625968488, 24.406252922575796, 69.02454566225488, 36.08745282557716, 51.20245192176075, 71.70894999322717, 81.44930361105949, 84.10563671975837, 35.167833397741916, 86.5749494802083, 94.35105300076077, 35.10837835333964, 97.43521435594468, 85.5825618085391, 24.798140028072154, 67.29587008013601, 76.72489556944252, 17.828404755001397, 35.99350657874874, 29.85044904010579, 42.84412683944131, 90.72671865333699], [21.01866631948275, 81.67775744989721, 26.227025034460603, 82.89691832310099, 51.470708174649864, 71.08630394587067, 35.113571556436135, 48.08408361239671, 76.939924181276, 41.26756347895324, 90.53970124509232, 38.96112002305502, 47.55526642849583, 11.115093210768253, 46.60178805689667, 87.68731881633363, 49.94307737680675, 63.33117237666322, 66.21618435534926, 49.142652472643604, 24.123423206103237, 1.7739775278434444, 101.57865989817373, 33.40135007626223, 81.07297755475372, 62.09484250486371, 46.350760027198916, 90.37875361518267, 53.50028796253608, 50.63854354343981, 63.40851625968488, 0.0, 70.5031093431363, 5.857080626425575, 71.43235183539966, 13.098789540235517, 75.41809762768305, 94.76408560828733, 48.71491735759349, 76.23903626624114, 33.40423717552803, 75.56261241925, 47.454487043450534, 72.53649920795145, 56.98891184781887, 61.69106741484855, 3.8891145683493917, 20.218812186192384, 79.96026398423685, 56.16673158693483, 41.74464102173659, 76.92296326154772, 98.99288194856999], [49.75689024467523, 18.877407551896066, 45.98870909161562, 12.811792994740347, 38.65867724122554, 56.18156312009492, 69.34347792296572, 57.08425256989994, 48.561159951015185, 61.00566191233216, 37.16293993193394, 32.98098838958991, 47.2543987449343, 65.2692747156758, 95.44772429400335, 17.420772319573196, 72.42873062117549, 63.40469517922769, 11.636185396106484, 32.47041057053318, 62.040827303440636, 72.21493975880814, 61.81042915302291, 77.08196283234808, 31.286808795071433, 86.27884825350561, 29.9882914682743, 50.30372423529067, 67.92065712002488, 94.0397542903833, 24.406252922575796, 70.5031093431363, 0.0, 76.35334041004084, 12.64026303483654, 60.905286733875414, 51.74534070647179, 58.361682057277186, 75.53718797917597, 10.76557685902142, 84.87475580157663, 78.51902212439188, 26.514612191943044, 83.28573514528469, 74.252924123005, 9.343434251970542, 74.20480827066223, 78.06586289312294, 21.507555273698717, 21.193492336687072, 49.174326847441385, 18.739155225597216, 68.09334981950472], [26.797034458093233, 87.47304123767684, 31.80804637124787, 88.73045902924478, 56.639550268271584, 75.01236487291995, 36.92107883809562, 51.550569166206934, 81.44919998478561, 44.28640819137767, 95.86040517752045, 44.77268502223531, 51.88366556348822, 15.251457417735212, 44.906045157282385, 93.54386568142522, 51.81503445624567, 66.52633675589735, 71.95626546467243, 54.43206188296758, 27.747008660711316, 4.209600348647348, 106.15176786961814, 34.37497830266732, 86.40272060063275, 62.99710911560822, 52.03024866873532, 95.1488381511254, 55.99298193830733, 49.605026604966035, 69.02454566225488, 5.857080626425575, 76.35334041004084, 0.0, 77.14896279157927, 18.155890381968035, 79.71827824261507, 99.27305898385883, 50.15443500106475, 82.01330507829427, 32.22310547935387, 77.96344612316649, 53.111856117405225, 74.35606279151466, 58.94778829190987, 67.52277082067394, 2.349486148115867, 19.294128032284366, 85.70002826866582, 61.78800852858122, 46.36935079497526, 82.55251565296643, 103.12398561828343], [50.44081104175919, 30.524764088775434, 45.46558371608192, 15.486898668569756, 48.387929299620154, 44.70633688076403, 63.974267438728376, 49.22986803867889, 36.23232844728191, 54.43273542744962, 25.823419745924213, 37.61760160667206, 39.72080566991626, 68.06006673355452, 90.07069103138038, 23.466489558671427, 64.69867341290187, 53.2439233956336, 5.383727843587378, 26.441284218370342, 67.18280665033974, 73.19918419141777, 49.460551961528836, 83.17348786030703, 18.906906148331686, 77.65242103489962, 37.5302316668013, 37.76506785508441, 59.42347252222161, 87.82575061246548, 36.08745282557716, 71.43235183539966, 12.64026303483654, 77.14896279157927, 0.0, 63.67343501799342, 39.64798902809212, 45.78529257119525, 68.16513943525388, 6.221248046484232, 80.69823107355842, 67.67381351870615, 24.14842380104734, 73.0883498263835, 65.5477401730668, 13.043811161098308, 74.8722659423085, 75.69287041251172, 33.77455979099948, 15.910661079940091, 57.30240573338447, 7.148554265635968, 55.46295574995444], [15.392615447117542, 70.33437235930172, 21.74307665740277, 73.61032436921961, 38.49141329170711, 71.35167223368477, 41.95755434054415, 50.43249562365041, 75.14806054914438, 45.13368095579624, 85.11872293460245, 28.164110386123237, 47.291951218542145, 4.397076066514736, 57.9825811529661, 77.63401314504242, 55.94327920139255, 65.86257201193307, 58.310436785467616, 44.7686802931911, 12.759461197533147, 14.20196106559853, 99.21160326839716, 26.729145717023936, 75.72188120682678, 69.58283478803399, 34.46982128468721, 87.40054047760366, 58.04879487779477, 61.21604179775747, 51.20245192176075, 13.098789540235517, 60.905286733875414, 18.155890381968035, 63.67343501799342, 0.0, 74.3854003377227, 92.70518519452698, 55.594635354453494, 67.84439672316209, 44.55236218260612, 79.76222385811695, 40.74903858525039, 78.05975625817095, 62.58287041352358, 52.659736470438794, 16.791530785423298, 31.73289559283756, 68.24026140425086, 49.48204322285051, 28.69258391013284, 69.79926909126264, 98.16383088596123], [59.07350972074309, 70.16574575870018, 52.7534744982539, 53.23051844345379, 78.55934389011716, 8.130403027373417, 49.420162574411734, 30.193172660088514, 4.54646804483748, 38.41748584633337, 30.909668366677653, 59.841484226548054, 27.86642250691451, 77.97317252062193, 70.76090320465877, 61.443427611084516, 40.935889851520706, 21.59906132491955, 40.35981720174086, 32.08012567857838, 83.5681472589505, 77.01688047593808, 27.072793012050575, 100.07706788961468, 26.302028763127097, 48.18233532807183, 65.28594345624532, 18.635771226410935, 33.797748307874215, 65.88026131898006, 71.70894999322717, 75.41809762768305, 51.74534070647179, 79.71827824261507, 39.64798902809212, 74.3854003377227, 0.0, 20.013046533621484, 45.055322774316835, 44.65475490748789, 66.82611249525658, 30.8235829048747, 40.50727228990361, 38.189603138219546, 37.61183506409289, 47.20593002253635, 77.45276583585418, 68.69776695919977, 73.23375209816716, 36.08336800612177, 82.62983903266773, 36.416072579755, 23.78307625902236], [77.31287893564607, 74.68306478062114, 70.96412768681547, 55.273536254888356, 91.35578208437555, 26.858338450879018, 69.36468718468007, 50.18929875141716, 17.828067654598232, 58.41394832067559, 25.024917904704804, 74.83154933787041, 47.429501713172826, 96.51116392305802, 89.79621026065514, 62.724510421672626, 60.02594219738775, 39.98392585138493, 48.66947177462372, 48.524663283973865, 100.9248699856344, 96.40547052405138, 7.065417425199212, 117.59580872968785, 27.231927246566197, 65.0532606805846, 78.6679332915727, 8.13639776258356, 52.86899066967268, 84.48366296950705, 81.44930361105949, 94.7640856082873