instance_id,num_cities,city_coordinates,distance_matrix,best_route,total_distance
1553,67,"[[43.153383950220245, 33.94461458218092], [90.11783638956238, 76.7743235144226], [98.69808170657375, 97.91044719533193], [99.15812730251562, 95.315379845955], [89.33350714246335, 5.589718019332124], [30.74560519324133, 43.2859438657773], [41.88102020997826, 31.62039419369612], [17.55016225608931, 1.920365049010686], [84.69467507416728, 93.05346802836956], [92.99136265698189, 52.37043675009372], [87.05943951930603, 32.69506634242176], [50.56381761675215, 56.10005263429021], [55.4903833695446, 97.41349031892868], [94.47603905374416, 24.113165824706464], [33.80898199254234, 5.72686381500559], [86.96117987711534, 59.01761060960402], [50.3602711536409, 18.465428978466903], [89.70394187070873, 92.18361644241719], [83.38470770245372, 93.3376060818789], [52.59544672098352, 87.26932357396248], [52.36031696699499, 34.54268941828692], [14.459466218961603, 67.45822629454688], [72.09663545065601, 99.53779673309117], [13.750284457580852, 86.73571197911531], [10.978951339235532, 50.24544149978174], [74.11377867714828, 64.07910565972557], [52.58335501925523, 47.164553093201256], [79.49096153893989, 6.560986939211578], [21.603115626199187, 30.539986724093726], [38.945484728624436, 67.16925100959148], [45.61370515619696, 74.19292601981824], [0.30057050618507164, 24.99273765005373], [41.91860864233028, 74.97867153325001], [89.14700717456465, 96.6294556470857], [85.40928116617108, 38.31658612546679], [61.156552090961924, 81.75747835576543], [15.172532668350659, 68.09400601962481], [46.511423666540594, 5.759192313201334], [97.55342415976612, 11.430758193371027], [27.534115381737323, 70.25882568935641], [38.90429625884237, 2.3475312776056523], [68.0205979199628, 38.54151472617517], [42.123206820148205, 84.9670936030647], [63.982738873877274, 76.00900236295097], [96.830013742902, 76.91689690433671], [16.522510938278533, 95.80510288394812], [10.540565542212166, 93.87114242312074], [32.881058956072096, 98.47632836244617], [80.5006403290839, 89.9996264113742], [93.25211797492608, 7.121707037123759], [9.546055129646769, 5.081828549118505], [4.124645625481282, 81.30137031544021], [24.71024502480571, 33.41615100196852], [80.60785776236085, 64.82538850966174], [86.66031280086636, 50.1182333165288], [36.18141474978209, 5.757902309729945], [49.59294723083857, 92.02924781497357], [64.47641380595549, 84.73747566098257], [46.33024835321458, 8.07598940444947], [89.50342324811953, 97.83305215647692], [80.91230692454653, 8.568099876255664], [52.96649183251903, 82.45459908199393], [64.80227913849292, 72.94374555427615], [38.91092104754523, 18.423881255522446], [41.06513748556006, 12.405385297189897], [56.031726338936615, 0.4954238004300504], [64.38267357473865, 98.12920473584025]]","[[0.0, 63.56133856478932, 84.71623923863898, 83.08370542421498, 54.19044138167361, 15.531046534818973, 2.649699964473524, 41.000945346193795, 72.24635232292027, 53.135064168015965, 43.923832784026644, 23.361891242083157, 64.6567841912907, 52.25583519135557, 29.724725504284788, 50.47551994545139, 17.07467159617003, 74.5569297945225, 71.73623108402214, 54.15419779135523, 9.226337793781463, 44.119191796490014, 71.6950301771327, 60.42716462110947, 36.068144837742565, 43.20455524767974, 16.238569167201753, 45.500358327215565, 21.817551551202275, 33.49004152868018, 40.32343926325762, 43.77784508946543, 41.05263085265738, 77.74832909224048, 42.48146636711477, 51.08995992692856, 44.148714296181595, 28.384757515558864, 58.874766278059774, 39.53079152952679, 31.881505917463933, 25.28853142337082, 51.032877935266875, 46.93905352589325, 68.75898220505938, 67.34926436354924, 68.22598232040816, 65.3441867667161, 67.35712219357036, 56.82738354041036, 44.300259232249324, 61.366967733468265, 18.45070858199629, 48.543380670329356, 46.41593261994455, 29.03616888058403, 58.440504729452236, 55.087079599476134, 26.06296675401659, 78.93072024631175, 45.49399699741875, 49.49258209551946, 44.60500957797738, 16.09011045573711, 21.6402211515636, 35.84271288051416, 67.60432198576439], [63.56133856478932, 0.0, 22.811320302753, 20.627593889736197, 71.18892632888574, 68.1654854653086, 66.07320007570506, 104.25537121454965, 17.158706966399517, 24.572481405339115, 44.18523174377817, 44.63122088297513, 40.31173165516168, 52.84119093740442, 90.65554926889521, 18.03511390376355, 70.57330356086328, 15.414850541392902, 17.879523241030988, 38.96247878010864, 56.6492823553436, 76.22977531307455, 29.033418611274165, 77.01449375428244, 83.46702766934726, 20.427883386207682, 47.80769599275173, 71.01297840616643, 82.65519257568269, 52.065986904444266, 44.5789334760463, 103.67484692727693, 48.23266446576468, 19.87885261704518, 38.74491008338534, 29.386864759568347, 75.44631509673064, 83.33467519644621, 65.76526054350381, 62.921966332066624, 90.34475134385607, 44.15920759956005, 48.68886884320311, 26.14630066795798, 6.713691383597905, 76.01606732587491, 81.39314008139355, 61.21295373852288, 16.35234224145884, 69.72310021212506, 107.850015158765, 86.11226980242854, 78.47346132138381, 15.271435467493866, 26.879390134536898, 89.17662059097374, 43.30103182075909, 26.84947567868632, 81.46664333042332, 21.06768984791775, 68.82463741794008, 37.58308040754114, 25.603725635948678, 77.63325505641093, 80.92915097157903, 83.54838981070016, 33.44143473426854], [84.71623923863898, 22.811320302753, 0.0, 2.635529642813326, 92.79446261687754, 87.18586713622523, 87.30721392913416, 125.69439407387989, 14.821796245422881, 45.89617842112107, 66.24578395455343, 63.757481700728086, 43.2105561376004, 73.9179571001362, 112.73157635079485, 40.625208950090084, 92.99491840164839, 10.66260483463698, 15.981561226580624, 47.31475947883318, 78.50261885281787, 89.57389182713888, 26.65117651107592, 85.6796531541098, 99.83285331171751, 41.82042115452045, 68.56904393143269, 93.34686579751052, 102.38365464780388, 67.19668138040316, 58.141825259043365, 122.47066006093121, 61.23540557936399, 9.636595045070175, 61.05751794019303, 40.86911851522939, 88.68786561035851, 105.90231845308558, 86.48726409579241, 76.34737896609273, 112.72784783214729, 66.82647794104574, 58.03659940614337, 41.04666020198814, 21.07649951337845, 82.20253588402593, 88.25000645502799, 65.81945537024252, 19.842579423126356, 90.95193159290825, 128.70600717346963, 96.02081153055641, 98.15148607293354, 37.707788460555655, 49.28492251860073, 111.35719633808716, 49.45606876846929, 36.66946594845614, 103.9837476565787, 9.194984184851162, 91.09549280331848, 48.27278273842639, 42.09823776083521, 99.46164459012412, 103.11484795987228, 106.34897584550018, 34.31610540425507], [83.08370542421498, 20.627593889736197, 2.635529642813326, 0.0, 90.26193855393753, 85.9496095963638, 85.66048210307632, 124.02616154642611, 14.639251874062667, 43.38544829433214, 63.778381206772345, 62.44396545827165, 43.718118986895234, 71.3559894605699, 110.89009422564165, 38.292213020839704, 91.03376139137393, 9.95939577458032, 15.89692910412211, 47.252748538787216, 76.70303093109516, 89.16212308673161, 27.38892377617341, 85.83769754676763, 99.02962393188703, 40.03653610274298, 66.99038386374022, 90.90731361896331, 101.04766890040192, 66.46628389043838, 57.56008337920004, 121.3181377253726, 60.74491090985113, 10.096995663432883, 58.63355059751747, 40.34769400321482, 88.2869373069827, 103.88448454478623, 83.89996914167197, 75.88036630005386, 110.78603261633235, 64.75196905645645, 57.96610373826041, 40.125355607418975, 18.54519580105521, 82.63706747308565, 88.62932964924599, 66.35240300187367, 19.399975637640175, 88.39120357642356, 127.17081921083262, 96.06120498297209, 96.81942835565577, 35.689663373302245, 46.89325561016271, 109.48336908682104, 49.67399459740292, 36.25897555094378, 101.98772494220788, 9.977574065931115, 88.64536391378013, 47.94858568562495, 40.99773559539603, 97.68330674691268, 101.23666658849037, 104.16674385112876, 34.889107074897964], [54.19044138167361, 71.18892632888574, 92.79446261687754, 90.26193855393753, 0.0, 69.66740771607519, 54.12332785566931, 71.877066956693, 87.58667894492432, 46.92350745555709, 27.20057520110026, 63.67403496587187, 97.86195474257222, 19.224041017875738, 55.52469452499024, 53.48053518142412, 41.045061288096875, 86.59469074946492, 87.94930400074067, 89.56139261474391, 46.960529645437816, 97.12792760279882, 95.51623547715066, 110.89407507686651, 90.1863074678386, 60.43714587160889, 55.48910336722298, 9.890352231956292, 72.17978833015677, 79.56752909369483, 81.34999221681772, 91.12266993931702, 84.04165318182751, 91.03992865533364, 32.96130224292332, 81.21248986850898, 96.98781445817576, 42.822418833540674, 10.083887449098201, 89.44975298363258, 50.533326480778435, 39.24361101804549, 92.35572646611651, 74.84341694013571, 71.72003945135462, 115.93212166831331, 118.3297829829094, 108.69591200809113, 84.87079692624451, 4.2074340407103765, 79.78906848943319, 113.985983236655, 70.35962179591814, 59.87488301068645, 44.60868348831452, 53.15235847707664, 95.1372924429796, 82.959282957613, 43.07507181532672, 92.24349063332276, 8.932377712339173, 85.03393289346829, 71.6822584225747, 52.030307845260815, 48.74719304511721, 33.689173903123255, 95.84414795635193], [15.531046534818973, 68.1654854653086, 87.18586713622523, 85.9496095963638, 69.66740771607519, 0.0, 16.127074029307472, 43.4192448708377, 73.39828746156981, 62.905185264809525, 57.301087452317866, 23.60006201675491, 59.515504971666964, 66.55196178821548, 37.683799857163734, 58.37530450093636, 31.63531381240361, 76.59678744690197, 72.63638209306754, 49.11164083332833, 23.31609451421926, 29.146827623358185, 69.81531819275446, 46.655367065438625, 20.956030442376147, 48.09526014816387, 22.17951593255877, 61.031403609348864, 15.685806926680849, 25.251740227567684, 34.2972585256992, 35.5181859157678, 33.60453828098139, 79.0964853994582, 54.889088052404745, 49.03962333899321, 29.290963379422433, 40.70403068765779, 74.01376580939134, 27.16339486658762, 41.74347691727761, 37.57571942941138, 43.2061113987682, 46.64231568773054, 74.14978122449352, 54.411014272493304, 54.471147779219066, 55.23168206440336, 68.24757620853455, 72.21437644628567, 43.69182246173093, 46.409569449177674, 11.568854028694021, 54.31566907287094, 56.33058410832477, 37.91967732678374, 52.260233273167785, 53.441528213894344, 38.50483080851648, 80.17398708713121, 61.008414615350425, 45.03278088773205, 45.16018424682857, 26.168579255220926, 32.5592021437898, 49.70328490208332, 64.33689168869836], [2.649699964473524, 66.07320007570506, 87.30721392913416, 85.66048210307632, 54.12332785566931, 16.127074029307472, 0.0, 38.39378048548339, 74.88011487442, 55.16186518911677, 45.191199270617794, 25.97392246417989, 67.18590822005052, 53.12809506240792, 27.12254996227153, 52.752519019992455, 15.650904331044085, 77.16823002581015, 74.37452735126398, 56.67100031435483, 10.879130015827903, 45.12529039209621, 74.33543550737363, 61.879209340124525, 36.08088479577592, 45.7440560995401, 18.872224200208258, 45.193822351224604, 20.306666260349605, 35.669855473204784, 42.7358561748084, 42.10533967123601, 43.358293632751725, 80.37569032230476, 44.04030526980406, 53.71474041237879, 45.20694267908196, 26.27246465168907, 59.22024960580611, 41.216041374632724, 29.423823490251745, 27.040329736921173, 53.3472491533319, 49.58663633582923, 71.2121130714176, 69.01254104969176, 69.69490479156647, 67.45898929088735, 69.99721289072595, 56.91375368020836, 41.83115385950778, 62.39986546599405, 17.264421883578787, 51.013131587189775, 48.449510804078976, 26.48308873319187, 60.8991249051413, 57.72327221632081, 23.961106567737367, 81.55985130947315, 45.330449103144026, 52.02887724830892, 47.254666209147686, 13.52661978330398, 19.23232257198328, 34.19073362666892, 70.2121519672959], [41.000945346193795, 104.25537121454965, 125.69439407387989, 124.02616154642611, 71.877066956693, 43.4192448708377, 38.39378048548339, 0.0, 113.19729705352275, 90.75563041801898, 76.01724715716436, 63.44556711946954, 102.7540624596134, 80.06316835697733, 16.6984625662962, 89.87761021407435, 36.74564445344492, 115.55787495789446, 112.65566711085131, 92.26384277992813, 47.7070531289815, 65.61069774536064, 111.82343540851222, 84.90042488796864, 48.769804458154695, 84.0425590813299, 57.22203375413372, 62.114394364963374, 28.905175589246433, 68.66714602195611, 77.52990074406956, 28.807686352425563, 77.01517594360313, 118.72623991432808, 77.0035384115489, 90.96967569243323, 66.21634150090317, 29.21457268639725, 80.56655319044376, 69.06391621322396, 21.358406073356377, 62.356823842932194, 86.6059677082241, 87.43632168843412, 109.13191394866126, 93.89036194181985, 92.21756831425533, 97.76548698293811, 108.26226938208026, 75.88043264329765, 8.605845824442953, 80.50831319750554, 32.299401202644695, 89.06915818141944, 84.2570318362496, 19.022362148564575, 95.63655588878167, 95.1879556174882, 29.431022186856072, 119.90210721902238, 63.709918814262096, 87.97772020202392, 85.30582118627107, 26.99348186739454, 25.746644628909433, 38.50793725745629, 107.00198573062787], [72.24635232292027, 17.158706966399517, 14.821796245422881, 14.639251874062667, 87.58667894492432, 73.39828746156981, 74.88011487442, 113.19729705352275, 0.0, 41.520405330825, 60.40470813573408, 50.30378057428459, 29.527960450103308, 69.63074284562357, 101.07071565906146, 34.111239119274515, 82.11106418679313, 5.084230091224879, 1.3404286435339232, 32.61620437664819, 66.85074365899726, 74.75360166806132, 14.168878611465217, 71.22514023472812, 85.24397375203164, 30.845891837227576, 56.00829750667404, 86.64887719708237, 88.81711669693256, 52.56406669910455, 43.39403478112666, 108.41876177793823, 46.438024588917635, 5.7105996691626, 54.74154640050877, 26.108286352345676, 73.86679246089287, 95.27985758120042, 82.62937848522617, 61.537998860178895, 101.60868936210396, 57.00506908832745, 43.332659284299396, 26.823461950026456, 20.1904772664209, 68.22767369146476, 74.1586175160583, 52.0966239734998, 5.188051278144767, 86.35680272020463, 115.69928449317787, 81.42261016459966, 84.58570464596376, 28.522386805009383, 42.98020604224087, 99.87017683692612, 35.11666733379816, 21.86169750417638, 93.23626499869107, 6.7800061532527325, 84.56999314542652, 33.45166116589809, 28.286186629637648, 87.55413956322195, 91.69323747371389, 96.8945621874606, 20.936583007653287], [53.135064168015965, 24.572481405339115, 45.89617842112107, 43.38544829433214, 46.92350745555709, 62.905185264809525, 55.16186518911677, 90.75563041801898, 41.520405330825, 0.0, 20.550131697640957, 42.59115650912023, 58.610580293337286, 28.296247527787827, 75.3536799185117, 8.97485513404847, 54.469803696730054, 39.94867222623624, 42.078459839620095, 53.38316519141075, 44.370152679346816, 79.96811959455876, 51.58826875164978, 86.3719897638696, 82.0399367074662, 22.2138718946304, 40.74197228779771, 47.757371392527034, 74.6515261897956, 56.035362268250125, 52.16189670812331, 96.64947675778978, 55.85300782098875, 44.42566626173979, 15.968678001407081, 43.324974069327, 79.39144117203841, 65.82547255060823, 41.193078125857085, 67.8575395935842, 73.67293820302153, 28.544319503102116, 60.41615112062947, 37.4203425695578, 24.844797207127183, 87.94347903816656, 92.30624310532922, 75.75620009204265, 39.64812806220827, 45.24948103540246, 95.91314724226743, 93.4574358353539, 70.86307905616762, 17.563513794462363, 6.719718192512394, 73.48536281582103, 58.78982698205491, 43.136150915857634, 64.33706283104078, 45.596218274201284, 45.43730078907056, 50.07042148541454, 34.898215781965085, 63.851881684236176, 65.52509594183324, 63.6948324849822, 53.96593312987227], [43.923832784026644, 44.18523174377817, 66.24578395455343, 63.778381206772345, 27.20057520110026, 57.301087452317866, 45.191199270617794, 76.01724715716436, 60.40470813573408, 20.550131697640957, 0.0, 43.35578163724787, 72.00749758316627, 11.342617209012655, 59.689992246350634, 26.32272766365699, 39.36129492586716, 59.54730040636805, 60.7537758495505, 64.54545957677581, 34.748277898778944, 80.49368554779782, 68.49697885072398, 91.07482416504988, 78.07852681680107, 33.94919820128669, 37.389389528121825, 27.20793937792022, 65.49179113263465, 59.1897124006011, 58.649989383650265, 87.10009885023757, 61.85141777031117, 63.96846156095682, 5.858712082154889, 55.48044565153164, 80.1299713394944, 48.67938885518335, 23.712750044901963, 70.38679016660043, 56.920037833315085, 19.91628600288656, 68.93206687116134, 49.0778072683492, 45.28834749585718, 94.64848126577503, 97.9675985178459, 85.22013467134224, 57.67868281708448, 26.312468006870294, 82.28496619048087, 96.12883450936384, 62.35336412094588, 32.77164185293712, 17.427737935400184, 57.568951793240394, 70.17323660356206, 56.730991689291635, 47.59165853720398, 65.18381894595281, 24.897745881847573, 60.31865532681037, 45.992796898166524, 50.21898599942086, 50.270736780841894, 44.716171180405325, 69.2521637278846], [23.361891242083157, 44.63122088297513, 63.757481700728086, 62.44396545827165, 63.67403496587187, 23.60006201675491, 25.97392246417989, 63.44556711946954, 50.30378057428459, 42.59115650912023, 43.35578163724787, 0.0, 41.606143578071425, 54.32719502514871, 53.086558266830515, 36.51410856164269, 37.63517409124209, 53.23507212083339, 49.63714549387111, 31.235412078726583, 21.63209002251319, 37.848808419178646, 48.48195392371275, 47.89342175240326, 40.01547337899656, 24.864954315841466, 9.160877871083631, 57.36635499520847, 38.62692363001753, 16.04720573094027, 18.75781652316955, 59.11056636191564, 20.763956505049478, 55.95797552652962, 39.121068633721244, 27.758053215132552, 37.36840869114618, 50.503703969066386, 64.83339408759035, 27.03401633975824, 55.00252712827278, 24.759673504012042, 30.075737146621226, 24.009034278855655, 50.733636862999795, 52.3001106662859, 55.031953721979264, 45.91762949500502, 45.22603737204424, 64.97052658633103, 65.46232525852854, 52.83656979877744, 34.39428163273497, 31.28539330756436, 36.58878416847333, 52.35633306037057, 35.94231010435869, 31.838064173777354, 48.210307588864346, 57.078333331004465, 56.39430233859922, 26.463842537531924, 22.055470470812384, 39.437087724817026, 44.71519739344292, 55.87282679035931, 44.24263109674657], [64.6567841912907, 40.31173165516168, 43.2105561376004, 43.718118986895234, 97.86195474257222, 59.515504971666964, 67.18590822005052, 102.7540624596134, 29.527960450103308, 58.610580293337286, 72.00749758316627, 41.606143578071425, 0.0, 83.02300235528246, 94.21528880887946, 49.64528790805685, 79.11456528835306, 34.61096886937431, 28.19053320360147, 10.549160021009266, 62.94866894202376, 50.80210630464478, 16.74157357964504, 43.08422921968902, 64.85439392049125, 38.18392401771969, 50.33295646139298, 93.96917112982727, 74.9694097492943, 34.47386955998383, 25.233774567019065, 91.05317600731456, 26.220491284346565, 33.66575465245498, 66.23884457488819, 16.649810166193454, 49.85139160285188, 92.09306195512691, 95.72005863085982, 38.97343622200436, 96.501994042042, 60.19066195742722, 18.26456131724501, 23.027640058624428, 46.14190482640382, 39.00105116481387, 45.08918219845319, 22.63429201765304, 26.085979590997205, 97.87009108310717, 103.13106739770564, 53.83344151174718, 71.0146207211684, 41.14452453735403, 56.64279155970893, 93.66740672438277, 7.985600813433684, 15.538020807444154, 89.80588590488915, 34.01562749556526, 92.41091710478463, 15.170314944954585, 26.181669382585167, 80.7108227617359, 86.22334740776644, 96.91957836213814, 8.921046587702868], [52.25583519135557, 52.84119093740442, 73.9179571001362, 71.3559894605699, 19.224041017875738, 66.55196178821548, 53.12809506240792, 80.06316835697733, 69.63074284562357, 28.296247527787827, 11.342617209012655, 54.32719502514871, 83.02300235528246, 0.0, 63.392017747182074, 35.704248685366906, 44.47581262776604, 68.23752016905749, 70.10735168342157, 75.78050063038512, 43.387890122444794, 91.00245158982358, 78.67472690321826, 102.16765996136473, 87.49091089228914, 44.85418591994123, 47.815932811309324, 23.078811315860815, 73.15577212872293, 70.26712556454225, 69.96792161494646, 94.17957593208962, 73.14084469321153, 72.71183445885968, 16.850615621748634, 66.58119087731473, 90.6827460395256, 51.356330407296404, 13.050431503138935, 81.30586122323994, 59.68217023953357, 30.134160310277174, 80.27465084902383, 60.19152104627082, 52.8561747837195, 105.90791464737165, 109.13908105124398, 96.55993742669322, 67.35233817880236, 17.035482222035768, 87.03616471240345, 106.92925243965153, 70.38331868913698, 43.009435340167634, 27.15417301473492, 61.11611016290478, 81.4069169327279, 67.64084903468142, 50.746509138202285, 73.88740453365178, 20.630654488268487, 71.60143395928358, 57.13980700207022, 55.85562011071015, 54.67903191541294, 45.11942950037362, 79.89984143881308], [29.724725504284788, 90.65554926889521, 112.73157635079485, 110.89009422564165, 55.52469452499024, 37.683799857163734, 27.12254996227153, 16.6984625662962, 101.07071565906146, 75.3536799185117, 59.689992246350634, 53.086558266830515, 94.21528880887946, 63.392017747182074, 0.0, 75.26659175149895, 20.88578979397353, 102.95152555770737, 100.66476414424697, 83.67857551687928, 34.271034920659666, 64.69285025605664, 101.32342050232097, 83.45528639741674, 50.03113089573708, 70.91869121812748, 45.492407885958905, 45.6895941836193, 27.652743846760334, 61.6567158104224, 69.47627769824604, 38.65213493414086, 69.7250236044682, 106.42170000914237, 61.03016364946897, 80.79940555309534, 65.09207071667302, 12.702482812943424, 63.99912748069372, 64.83631740264143, 6.114091581804324, 47.40502060739191, 79.6752179246997, 76.48551891179466, 95.07718577103499, 91.72192341676806, 91.16377052015248, 92.75410618942188, 96.34318592324126, 59.459498846142765, 24.27149955088185, 81.19523297790985, 29.145902616494258, 75.38415214356256, 69.02069873908599, 2.3726357865839747, 87.73388765307095, 84.75357313002198, 12.739721437687804, 107.63559224329808, 47.188937707959845, 79.08321909526603, 74.01819815915727, 13.683714188982206, 9.861766663577496, 22.8302065455243, 97.32904615074277], [50.47551994545139, 18.03511390376355, 40.625208950090084, 38.292213020839704, 53.48053518142412, 58.37530450093636, 52.752519019992455, 89.87761021407435, 34.111239119274515, 8.97485513404847, 26.32272766365699, 36.51410856164269, 49.64528790805685, 35.704248685366906, 75.26659175149895, 0.0, 54.62697094319657, 33.279223041647136, 34.505843598339936, 44.48778372518638, 42.38208915858355, 72.99138631722116, 43.16063211409471, 78.28236296676616, 76.4869270168041, 13.808491942834314, 36.363853129788886, 52.9858615945536, 71.29271789454705, 48.70273320670536, 44.04433974526659, 93.10076904330332, 47.78690918284029, 37.67530660920771, 20.759113764847463, 34.39448211988128, 72.36014663959385, 66.87781318890093, 48.751452920171396, 60.48091360922941, 74.30317593881988, 27.892940818475637, 51.80559328378757, 28.57824600382254, 20.43962650664887, 79.4665065905755, 83.99332696827666, 66.94512592812951, 31.64844189518364, 52.27581381245687, 94.35131226507828, 85.78145110365988, 67.30983304115298, 8.607844447376316, 8.904461645830892, 73.58791391644966, 49.86133774865256, 34.16249644765301, 65.16073486010853, 38.89860542276705, 50.81084527175817, 41.290813069063645, 26.17162808159514, 62.902132209179555, 65.41518367919409, 66.19272954863104, 45.16088730242022], [17.07467159617003, 70.57330356086328, 92.99491840164839, 91.03376139137393, 41.045061288096875, 31.63531381240361, 15.650904331044085, 36.74564445344492, 82.11106418679313, 54.469803696730054, 39.36129492586716, 37.63517409124209, 79.11456528835306, 44.47581262776604, 20.88578979397353, 54.62697094319657, 0.0, 83.56013157279719, 81.8318783456133, 68.84019117728329, 16.201187811556192, 60.738472024017746, 83.9356798161163, 77.46691336870417, 50.60491622539657, 51.42797507244206, 28.785097304446992, 31.469236765294138, 31.189243959768376, 50.02359073045632, 55.929275118330594, 50.4834565715053, 57.14025069957792, 87.25838616551061, 40.280287274712, 64.20625511938813, 60.837263242517096, 13.276372892198285, 47.714570979044, 56.60025909989094, 19.774377034073222, 26.738293895508754, 67.00985469822017, 59.13403812225565, 74.67269299416738, 84.41812113639187, 85.27385633990114, 81.89790521912568, 77.62463047514078, 44.36654765950469, 42.95254346491851, 78.0133872593913, 29.68918876348669, 55.35487641921023, 48.16215366918233, 19.039989573471644, 73.56782059985791, 67.75876072413095, 11.143677060742364, 88.49523131117337, 32.1151679600804, 64.04222260950294, 56.36007959157458, 11.449425490618943, 11.096109197663631, 18.843738748387725, 80.8884722168757], [74.5569297945225, 15.414850541392902, 10.66260483463698, 9.95939577458032, 86.59469074946492, 76.59678744690197, 77.16823002581015, 115.55787495789446, 5.084230091224879, 39.94867222623624, 59.54730040636805, 53.23507212083339, 34.61096886937431, 68.23752016905749, 102.95152555770737, 33.279223041647136, 83.56013157279719, 0.0, 6.423738207712589, 37.43248170605476, 68.68058524175795, 79.20275269250916, 19.081436191161487, 76.1487868417617, 89.19884893707788, 32.13902168293672, 58.34941330499408, 86.22957526452461, 91.8567342116769, 56.587449575429304, 47.619469919597755, 111.83727913461149, 50.78826834097268, 4.480587292926753, 54.03795948899582, 30.391739315786502, 78.32777469079058, 96.61663787818318, 81.13346096153406, 65.92255892510781, 103.20429347672743, 57.858815071015805, 48.124884933291376, 30.38418049287949, 16.847956130702393, 73.27098332467119, 79.18136078435833, 57.17025665535339, 9.4588885035066, 85.13587954171194, 118.37232894981035, 86.2684138407361, 87.62303135586826, 28.83073675310327, 42.17534985560363, 101.6566031930799, 40.11129168541985, 26.30348237011321, 94.63281785568573, 5.652993154541998, 84.07643817177684, 38.00386840978036, 31.46848325899046, 89.55685065467163, 93.4360714963877, 97.67570203879909, 26.00993364603972], [71.73623108402214, 17.879523241030988, 15.981561226580624, 15.89692910412211, 87.94930400074067, 72.63638209306754, 74.37452735126398, 112.65566711085131, 1.3404286435339232, 42.078459839620095, 60.7537758495505, 49.63714549387111, 28.19053320360147, 70.10735168342157, 100.66476414424697, 34.505843598339936, 81.8318783456133, 6.423738207712589, 0.0, 31.381565358996482, 66.47822986501028, 73.62357782486988, 12.878778640584887, 69.94667902331173, 84.25869808453167, 30.692180957784636, 55.5038210343217, 86.86393318873729, 88.0937348310423, 51.57157497795688, 42.345807443334905, 107.58250273446833, 45.34851540044955, 6.636291793331729, 55.05825582738604, 25.06372398590833, 72.73334975777033, 95.02430022805123, 83.12330754414722, 60.43110761008064, 101.28030763717196, 56.90929183596526, 42.10198254498811, 26.01378290969415, 21.223005075029626, 66.90771178720358, 72.84609603876454, 50.764406855341996, 4.411343660931335, 86.77872454456049, 115.07053872160235, 80.1687495965281, 83.86461321322854, 28.647119339913452, 43.34332441092899, 99.49047883286673, 33.81707966583738, 20.772236791755937, 92.96545721994448, 7.592609257586695, 84.80555375653056, 32.306465267334524, 27.590146765720913, 87.12051346718161, 91.32891319009681, 96.78768723476499, 19.596854815288413], [54.15419779135523, 38.96247878010864, 47.31475947883318, 47.252748538787216, 89.56139261474391, 49.11164083332833, 56.67100031435483, 92.26384277992813, 32.61620437664819, 53.38316519141075, 64.54545957677581, 31.235412078726583, 10.549160021009266, 75.78050063038512, 83.67857551687928, 44.48778372518638, 68.84019117728329, 37.43248170605476, 31.381565358996482, 0.0, 52.727158423223074, 42.97479010146605, 23.039353192452396, 38.848827171540684, 55.701889839590656, 31.635815416794554, 40.10477230360232, 85.0717598246985, 64.6431918001781, 24.296797720807312, 14.823524826150415, 81.32113644470964, 16.280509787584954, 37.73100375047166, 58.93316752642378, 10.181992087270292, 42.04958144263075, 81.73687561115548, 88.16296123867625, 30.28906348465847, 86.01836087605109, 51.111003165833786, 10.722316511815308, 16.014532661008612, 45.42983224233364, 37.0690736923913, 42.56990771751424, 22.677170045541075, 28.03844474805164, 89.86993576267484, 92.77949371947989, 48.83682038109819, 60.64444467307356, 35.89464296411969, 50.404549480739696, 83.14765325652193, 5.627777711360471, 12.14774187775852, 79.44077597475777, 38.38998688320505, 83.64046379178335, 4.829000559987148, 18.82097083753329, 70.19231561167251, 75.74666517657994, 86.84191211344792, 16.027343377865016], [9.226337793781463, 56.6492823553436, 78.50261885281787, 76.70303093109516, 46.960529645437816, 23.31609451421926, 10.879130015827903, 47.7070531289815, 66.85074365899726, 44.370152679346816, 34.748277898778944, 21.63209002251319, 62.94866894202376, 43.387890122444794, 34.271034920659666, 42.38208915858355, 16.201187811556192, 68.68058524175795, 66.47822986501028, 52.727158423223074, 0.0, 50.198675831909476, 67.92559342509581, 64.92184697321201, 44.260522411639045, 36.68259779190435, 12.623834148184857, 38.97496053258674, 31.016561111386167, 35.27676636619088, 40.22011975968015, 52.928430737547764, 41.762398426562946, 72.16666208975728, 33.26373898098177, 48.02718029165102, 50.086147253763784, 29.371742516210556, 50.76000692161639, 43.49692719360135, 34.8940209921658, 16.16276595663297, 51.453075336159536, 43.06432166197896, 61.42578767433033, 70.97486628792993, 72.58620354569732, 66.83525777086687, 62.18801861756152, 49.23463886757264, 51.97117797230992, 67.17926933964327, 27.673011531304, 41.41214103671303, 37.67077490482049, 33.02000675104541, 57.553129641682034, 51.63638609121457, 27.14494312223481, 73.3844694723794, 38.59916362323312, 47.9157441306176, 40.366366383864445, 20.992908973891982, 24.85239049403031, 34.24464254199887, 64.71307432531081], [44.119191796490014, 76.22977531307455, 89.57389182713888, 89.16212308673161, 97.12792760279882, 29.146827623358185, 45.12529039209621, 65.61069774536064, 74.75360166806132, 79.96811959455876, 80.49368554779782, 37.848808419178646, 50.80210630464478, 91.00245158982358, 64.69285025605664, 72.99138631722116, 60.738472024017746, 79.20275269250916, 73.62357782486988, 42.97479010146605, 50.198675831909476, 0.0, 65.9631875864448, 19.290525993072762, 17.561148715812767, 59.74994101355784, 43.18870302822449, 89.09303645433438, 37.60303365201934, 24.487723642079636, 31.873857377919006, 44.763735921176846, 28.470363524464837, 80.18222618469323, 76.70144348568292, 48.837346758881516, 0.9553426715396383, 69.5276834825715, 100.21817713417296, 13.37123059781258, 69.548201423673, 60.868473260140156, 32.7390130956482, 50.256047455257665, 82.91184203175216, 28.421850148937278, 26.702058365026932, 36.075999429906034, 69.78217105443473, 99.24100728447935, 62.56961406488363, 17.275449432145603, 35.55195291895955, 66.20076690326458, 74.25387265066695, 65.41233085441146, 42.8730286610264, 52.917553841684345, 67.39433812955406, 80.95817150069952, 88.79204371678898, 41.32411182812343, 50.640791208271914, 54.79270605327287, 61.14472213876331, 78.81795309032685, 58.59211168096089], [71.6950301771327, 29.033418611274165, 26.65117651107592, 27.38892377617341, 95.51623547715066, 69.81531819275446, 74.33543550737363, 111.82343540851222, 14.168878611465217, 51.58826875164978, 68.49697885072398, 48.48195392371275, 16.74157357964504, 78.67472690321826, 101.32342050232097, 43.16063211409471, 83.9356798161163, 19.081436191161487, 12.878778640584887, 23.039353192452396, 67.92559342509581, 65.9631875864448, 0.0, 59.73432889264851, 78.51819913618846, 35.5160194761823, 55.89029220318818, 93.27037695724802, 85.50025339319482, 46.332726516460745, 36.65662380053156, 103.49705684319837, 38.90840439577932, 17.296636198868573, 62.651920674548535, 20.876425592426568, 65.03126518839025, 97.20611970951325, 91.71094990032547, 53.320505814110945, 102.70189423926, 61.132319607707046, 33.32734333203756, 24.888541182058123, 33.517832728413225, 55.6993385839425, 61.816346653954994, 39.22993952205945, 12.712355843144188, 94.80658244830784, 113.28947446284091, 70.37583853340617, 81.34827614512311, 35.740623804143006, 51.52081080732969, 100.42196809488082, 23.723285825334468, 16.646839992979576, 95.02193906607448, 17.49006619476955, 91.39585225687277, 25.647573702730657, 27.57627951900376, 87.63993909483847, 92.49330239856795, 100.33679754158058, 7.841513835849929], [60.42716462110947, 77.01449375428244, 85.6796531541098, 85.83769754676763, 110.89407507686651, 46.655367065438625, 61.879209340124525, 84.90042488796864, 71.22514023472812, 86.3719897638696, 91.07482416504988, 47.89342175240326, 43.08422921968902, 102.16765996136473, 83.45528639741674, 78.28236296676616, 77.46691336870417, 76.1487868417617, 69.94667902331173, 38.848827171540684, 64.92184697321201, 19.290525993072762, 59.73432889264851, 0.0, 36.59535663042185, 64.47536928399526, 55.442618848880464, 103.68135395691789, 56.741752654466836, 31.900540929111127, 34.24323375847755, 63.19089874636638, 30.523474366835302, 76.04309278448139, 86.48366064010705, 47.66693844727606, 18.6958816602251, 87.35267013361978, 112.66677544252816, 21.482126914050593, 88.05730720280204, 72.5806280777488, 28.427992091464677, 51.364985893844164, 83.65793774409543, 9.48362225338745, 7.824107817311515, 22.446126747674302, 66.83010658672788, 112.51191632677461, 81.76204635062264, 11.05373205046957, 54.43433032958886, 70.35621779729294, 81.58867554154605, 84.02714600078305, 36.23145037564726, 50.76547199673356, 85.13992014891834, 76.56166792612802, 103.05781311339928, 39.44919325552875, 52.882175624342125, 72.79810334356974, 79.19026872401595, 96.04742387336135, 51.89846341568142], [36.068144837742565, 83.46702766934726, 99.83285331171751, 99.02962393188703, 90.1863074678386, 20.956030442376147, 36.08088479577592, 48.769804458154695, 85.24397375203164, 82.0399367074662, 78.07852681680107, 40.01547337899656, 64.85439392049125, 87.49091089228914, 50.03113089573708, 76.4869270168041, 50.60491622539657, 89.19884893707788, 84.25869808453167, 55.701889839590656, 44.260522411639045, 17.561148715812767, 78.51819913618846, 36.59535663042185, 0.0, 64.63262865672546, 41.71832066303531, 81.25408981619886, 22.387001020973745, 32.68856555653874, 42.10757873351199, 27.417637916817842, 39.61054230784275, 90.89401367247693, 75.38018034395867, 59.25200489445506, 18.334595162776406, 56.93490103953133, 94.87738921539604, 25.97323628648655, 55.443977964524265, 58.22998666119149, 46.6428748496678, 58.933543600972, 89.89867323401052, 45.895683876243126, 43.62790349260039, 52.970942653672175, 80.08533235234955, 92.88988331497644, 45.186337827984794, 31.80333663974348, 21.720346335617343, 71.13901506551275, 75.68146836979253, 51.13027777302147, 56.893999234560766, 63.652799710268475, 55.02705598695144, 91.81869840387807, 81.41053388982071, 52.91864878122739, 58.413728029775584, 42.34154730480399, 48.34302897260989, 67.11793200225628, 71.72734715750804], [43.20455524767974, 20.427883386207682, 41.82042115452045, 40.03653610274298, 60.43714587160889, 48.09526014816387, 45.7440560995401, 84.0425590813299, 30.845891837227576, 22.2138718946304, 33.94919820128669, 24.864954315841466, 38.18392401771969, 44.85418591994123, 70.91869121812748, 13.808491942834314, 51.42797507244206, 32.13902168293672, 30.692180957784636, 31.635815416794554, 36.68259779190435, 59.74994101355784, 35.5160194761823, 64.47536928399526, 64.63262865672546, 0.0, 27.37994213679194, 57.76891964262693, 62.307641850970164, 35.30379437869358, 30.241421146762526, 83.52325343685702, 33.99013841987322, 35.85419422264525, 28.129980256526764, 21.918361754151746, 59.07782922526454, 64.5221070244743, 57.63042140474775, 46.987806634897055, 71.06683423271502, 26.25443586194704, 38.20608234377042, 15.651210906670752, 26.092838473473776, 65.75175297770818, 70.20768392997665, 53.696425442084895, 26.69579363490834, 60.086781316116685, 87.46238980597512, 72.07693906649632, 58.14573007265287, 6.536818894317346, 18.770228424306904, 69.57173990428652, 37.181737739337876, 22.795768308379866, 62.516186604454, 37.09676622195495, 55.925769994011716, 28.01546893059006, 12.856355009038781, 57.65102514863241, 61.33829196118747, 66.10480478411483, 35.41332593258318], [16.238569167201753, 47.80769599275173, 68.56904393143269, 66.99038386374022, 55.48910336722298, 22.17951593255877, 18.872224200208258, 57.22203375413372, 56.00829750667404, 40.74197228779771, 37.389389528121825, 9.160877871083631, 50.33295646139298, 47.815932811309324, 45.492407885958905, 36.363853129788886, 28.785097304446992, 58.34941330499408, 55.5038210343217, 40.10477230360232, 12.623834148184857, 43.18870302822449, 55.89029220318818, 55.442618848880464, 41.71832066303531, 27.37994213679194, 0.0, 48.71004899442816, 35.15894537400009, 24.211142988097386, 27.912523394955002, 56.78977862683675, 29.788621986946524, 61.511602512044405, 33.99746971268441, 35.639447053113365, 42.86737254334957, 41.84820487994718, 57.438760575463874, 34.0706594177941, 46.85810594753484, 17.682343143787534, 39.22303875717878, 31.01528987354757, 53.31949709499215, 60.549876628929944, 62.84187802607996, 54.964340725990844, 51.12942719455819, 57.07344216547015, 60.192731179447556, 59.275364243290696, 31.07939543853603, 33.1251847029664, 34.204725967494376, 44.536887786504685, 44.96424547592062, 39.41026969697617, 39.58556749910865, 62.69280848190774, 47.877089687868214, 35.292125746528505, 28.5283871008655, 31.82705874553779, 36.61787925351216, 46.79635556006254, 52.3127100753662], [45.500358327215565, 71.01297840616643, 93.34686579751052, 90.90731361896331, 9.890352231956292, 61.031403609348864, 45.193822351224604, 62.114394364963374, 86.64887719708237, 47.757371392527034, 27.20793937792022, 57.36635499520847, 93.96917112982727, 23.078811315860815, 45.6895941836193, 52.9858615945536, 31.469236765294138, 86.22957526452461, 86.86393318873729, 85.0717598246985, 38.97496053258674, 89.09303645433438, 93.27037695724802, 103.68135395691789, 81.25408981619886, 57.76891964262693, 48.71004899442816, 0.0, 62.65776197009105, 72.91980090072059, 75.64223478867468, 81.30711817662242, 78.05550119880529, 90.58459180621486, 32.30239289724776, 77.39937267940846, 89.01220550874777, 32.98928300068551, 18.707411044732584, 82.20053846564917, 40.804786571810325, 33.975335157792095, 86.85543537918218, 71.15849785180338, 72.46100191380546, 109.22242444574059, 111.25295662916092, 103.05781390915591, 83.44474823633182, 13.772575412169175, 69.96054489601804, 106.14238777035722, 61.00923486358048, 58.275105727373564, 44.14332689649933, 43.31699190853813, 90.54675519694088, 79.60527641112274, 33.19530285229543, 91.819601820649, 2.459415590589568, 80.39519797404519, 67.98844042929011, 42.27845725476735, 38.867736573513554, 24.230698965560563, 92.80624373208977], [21.817551551202275, 82.65519257568269, 102.38365464780388, 101.04766890040192, 72.17978833015677, 15.685806926680849, 20.306666260349605, 28.905175589246433, 88.81711669693256, 74.6515261897956, 65.49179113263465, 38.62692363001753, 74.9694097492943, 73.15577212872293, 27.652743846760334, 71.29271789454705, 31.189243959768376, 91.8567342116769, 88.0937348310423, 64.6431918001781, 31.016561111386167, 37.60303365201934, 85.50025339319482, 56.741752654466836, 22.387001020973745, 62.307641850970164, 35.15894537400009, 62.65776197009105, 0.0, 40.52728424384732, 49.82055317571503, 22.012959839141914, 48.8622140723894, 94.49865177885069, 64.27831873317575, 64.71248554345895, 38.10061367520074, 35.13561698714642, 78.31737981689248, 40.15921969920062, 33.07786866449474, 47.10209244672631, 58.166864328609925, 62.15676833444433, 88.3736612239592, 65.46256893335465, 64.29008707829789, 68.86609122750299, 83.69209740392537, 75.37901140944356, 28.16896386947135, 53.686264329657135, 4.233978513526963, 68.24257007288605, 67.93928645384582, 28.752017551074747, 67.56004664562082, 69.10490216963254, 33.40751814302313, 95.59711517843215, 63.248272578135754, 60.653015945871935, 60.533019841159124, 21.127236928399284, 26.601392139640037, 45.69469331205982, 79.98995543011539], [33.49004152868018, 52.065986904444266, 67.19668138040316, 66.46628389043838, 79.56752909369483, 25.251740227567684, 35.669855473204784, 68.66714602195611, 52.56406669910455, 56.035362268250125, 59.1897124006011, 16.04720573094027, 34.47386955998383, 70.26712556454225, 6