instance_id,num_cities,city_coordinates,distance_matrix,best_route,total_distance
116,84,"[[88.58716457277512, 52.59243018360873], [83.35536570399636, 42.430614667390145], [40.94380545611688, 25.545210863225055], [25.636226256284477, 68.98662667837367], [52.63817916967852, 74.41985838193415], [56.10963383094444, 79.2162336095905], [12.883887599616816, 33.19851474766825], [71.759837189889, 99.58942272346125], [18.84068423882247, 71.84716804483428], [63.00211742028794, 46.33892667076815], [33.10074109723301, 66.22160507326173], [76.34972437493647, 83.06015620335194], [81.6418021724435, 29.789813568838262], [34.33495903443775, 35.48350976659835], [28.213686182075893, 23.732044409287944], [5.400127219625017, 58.83753328139419], [26.280493752661794, 53.15566978500769], [94.34957256626659, 39.69144235917719], [72.0818745774335, 72.69173615675008], [59.28592963842725, 23.50621614937074], [28.477667703366627, 82.04830346893274], [41.450155506803846, 24.26613683099147], [97.72633382687826, 65.03880808408664], [30.079642120503113, 95.71277398405506], [89.94138040220372, 69.21813125302273], [19.239435228531697, 23.3797591415013], [99.7622726581715, 86.64440880757344], [56.48436491023342, 97.8658230163505], [93.97058762890809, 66.82104706885272], [82.68817743311907, 73.98568019103125], [62.98549568404413, 12.955175270262487], [55.81407631554567, 73.21716919287405], [68.96118457398572, 9.63506000275448], [10.472990909340618, 19.061236911942014], [55.51690714273798, 82.09509037629063], [48.57496214510275, 30.519585101256254], [21.51055747015247, 41.97993164670011], [11.96797964087094, 67.21501898924902], [90.13513388830361, 89.1978730017807], [22.05914302457671, 79.87736221597795], [95.61816779185692, 50.18870132912229], [77.18809602709115, 50.10633064340285], [42.08343450928423, 76.72893092609729], [20.169668877038593, 46.649403667061826], [68.34303960674616, 61.39675390189985], [88.79103060324803, 26.37211383313748], [57.476085179449235, 46.54945068476286], [80.5808862507008, 37.74512127761883], [56.30643563270154, 92.52546218545419], [2.4781859030537645, 65.09946390895814], [51.69988069467381, 4.255665674334375], [1.600992127673151, 4.172569195502296], [16.78491898039104, 6.237357284959888], [5.623526213181873, 46.62932573732661], [23.87607648775254, 67.41000847014517], [35.50253113553473, 48.95497444105112], [74.57837653676258, 50.891351495059055], [88.6296685170492, 66.27083361742294], [84.10163358017844, 55.16384898402755], [50.62104952534289, 14.663900439893718], [5.871333235644382, 86.72463537561177], [34.64358257354071, 27.96658029672907], [63.6518799853977, 52.92256549203995], [98.75017712866874, 80.85084833145825], [7.94578442444659, 36.419281249277745], [56.79086126356416, 5.961980453500903], [73.10618090320098, 88.96231086644953], [48.087970421336564, 7.476395887099674], [78.5447451869119, 96.39008166313158], [67.22200840247044, 74.40471863505068], [19.64506330158251, 27.015516396141102], [68.96680594229166, 54.28175498346713], [58.102292066104155, 3.505267833027681], [45.54802407814418, 82.87393245451189], [27.9303255701155, 53.5093013664187], [39.61245943239374, 68.069666185463], [58.59083030168888, 39.43140961721602], [23.19821085117757, 65.01318102704793], [71.14953294097668, 5.835872991016777], [85.1019501029675, 81.7251138301775], [47.89595641977268, 62.025648595719076], [17.263556112275637, 14.040291218075263], [95.29505955614366, 6.136565243602298], [5.766394074973502, 6.088837686893866]]","[[0.0, 11.429532535892074, 54.78541540304133, 65.05067496679473, 42.05670188287598, 41.995439180366674, 78.14800125666127, 49.91869644373522, 72.35548665497979, 26.33820312739846, 57.135782118388285, 32.833477906091744, 23.836891226671028, 56.88599971530428, 66.91695420470694, 83.42112739765844, 62.309216553689275, 14.129431436883266, 26.00781994770573, 41.28644106148351, 66.93877863312487, 54.99342250473221, 15.441396876469728, 72.68076934768787, 16.680762469449324, 75.24950308551428, 35.8388098146024, 55.50017878134306, 15.212980716097505, 22.19164696803532, 47.18641146510091, 38.722799138446355, 47.22832565069216, 85.00685295517692, 44.31759114543326, 45.69668295557745, 67.91094422547441, 78.00204871032663, 36.63815842692256, 71.90580760361823, 7.430539594984288, 11.667024240697096, 52.394346812515735, 68.67512855068061, 22.075794703173447, 26.22110887962541, 31.692536380689035, 16.86840461692819, 51.34873421772846, 87.01253990172654, 60.80390213735199, 99.55439284510035, 85.46552085811031, 83.17766469731308, 66.38588364573592, 53.209110041845705, 14.111690577055823, 13.678469471525652, 5.170317488577732, 53.66562456838395, 89.48137339726999, 59.29875649252063, 24.937469935327744, 30.030401602875088, 82.24720626671332, 56.43938116389524, 39.52757361971131, 60.62706720236182, 44.93422373028505, 30.532700923279236, 73.53361031922022, 19.692950288572906, 57.78301618451814, 52.6244904421819, 60.66376818629417, 51.36211227981568, 32.756564716889265, 66.55817245327594, 49.90237106020534, 29.3404154086409, 41.77032476006801, 81.07604173024505, 46.93765271540556, 94.98349404475518], [11.429532535892074, 0.0, 45.64928591215008, 63.535193652903196, 44.34926450362587, 45.776759018731404, 71.07363009684939, 58.32311394217781, 70.9047088504062, 20.72509634269593, 55.6016053622463, 41.229099624584045, 12.756416126397664, 49.51022658553999, 58.22577908620345, 79.66307918704726, 58.07381350950848, 11.330297854181529, 32.29283319831961, 30.618141873460154, 67.68399370474673, 45.67269311897324, 26.789086105271426, 75.34780172500881, 27.585261181118884, 66.88637856098137, 47.15979419032135, 61.60448854061734, 26.600303179577526, 31.56211812268118, 35.82922176497131, 41.30780266159143, 35.81537178593377, 76.5373658573739, 48.45874955391293, 36.76342063852076, 61.84645034814903, 75.56735794319589, 47.256128795623624, 71.829560883613, 14.510831254514112, 9.846412088273125, 53.66327238180082, 63.326380475533036, 24.188517364918994, 16.95352181526453, 26.204998962148625, 5.445326853582795, 56.93099652965759, 83.9940172779641, 49.592302445015136, 90.26325743172607, 75.7731895655133, 77.84515428255347, 64.511673055523, 48.29555928543246, 12.190964133685739, 24.416680973246134, 12.75508415908785, 42.92465346016793, 89.25096950765851, 50.81383774154642, 22.3228219893877, 41.389788276854176, 75.64880090405093, 45.118002810321684, 47.6470832291171, 49.65467330034289, 54.173481965108195, 35.81380379621055, 65.54866807891129, 18.640820228935553, 46.399357262102434, 55.36295724077619, 56.5214328623889, 50.703084835467415, 24.945489464533065, 64.25617155864771, 38.57664412308699, 39.33329660118798, 40.51339360555284, 71.9314796223808, 38.2075164445343, 85.67831273169098], [54.78541540304133, 45.64928591215008, 0.0, 46.0595113845532, 50.25424904055874, 55.77258316534749, 29.08491104440865, 80.20082993224193, 51.307106782530475, 30.314150883598238, 41.42562859472261, 67.53923327936, 40.91874373500037, 11.935101009967694, 12.858596708855622, 48.700429100518114, 31.26259989162976, 55.24755040868886, 56.50109906768971, 18.45510820782205, 57.861939688189885, 1.375652846384209, 69.16646405318092, 71.00364046510967, 65.63601394029807, 21.812126630276158, 84.80992909702167, 73.97148052019594, 67.19772527455413, 63.94584943882174, 25.38395367817961, 49.93736643453044, 32.2196591080248, 31.153048925345153, 58.3974671172546, 9.109278317838486, 25.450956259338795, 50.7540283222438, 80.4453117978194, 57.52054542310663, 59.97155591747272, 43.782384629545426, 51.19640567318465, 29.613370367246517, 45.122623708013265, 47.85436994467601, 26.730027372436055, 41.47211096671602, 68.71946211322879, 55.17375120115431, 23.852418931574128, 44.773281903984305, 30.926445084211274, 41.1346815451781, 45.21027151882554, 24.0338198587228, 42.115451044809134, 62.70979097862813, 52.34368971057633, 14.562004302439593, 70.51950291460257, 6.74950652297217, 35.569315361688716, 80.00181336515347, 34.74355765846933, 25.191905268254196, 71.10658877500855, 19.42990395477356, 80.2049025140878, 55.47788252803845, 21.34943127405184, 40.138230207904925, 27.931572664629154, 57.51331279287171, 30.843816502082998, 42.54529095784744, 22.45537801364243, 43.2738581216797, 36.0672146450274, 71.45714265228058, 37.13697268458799, 26.32712261201074, 57.712687920714444, 40.19951154746603], [65.05067496679473, 63.535193652903196, 46.0595113845532, 0.0, 27.543156461845907, 32.14457072630684, 37.99225048321092, 55.35267483448068, 7.373065049239966, 43.6935709013883, 7.960171247371299, 52.63005913658994, 68.35945210169915, 34.61396820287734, 45.3279220350824, 22.638546795280444, 15.844061245984253, 74.69760227350827, 46.59319783207209, 56.575350459301895, 13.367168364250746, 47.43419199828586, 72.19812242152273, 27.09300452787344, 64.30557086363916, 46.053287634853625, 76.20018389017835, 42.25654552303907, 68.36866737950571, 57.270548007735464, 67.33863284688, 30.472940851946763, 73.48238210674053, 52.1772771378205, 32.629540461944515, 44.78726260749411, 27.320005846754228, 13.782581737248258, 67.59144593562984, 11.463142893491375, 72.46263960500133, 54.90046316047202, 18.1783919635886, 22.99640801163666, 43.376008061072554, 76.18744002222445, 38.95129629184759, 63.20559565107671, 38.66184838083477, 23.48201157051483, 69.78116791219696, 69.12708967553978, 63.370469857020154, 30.005950549578372, 2.3630176009036954, 22.329600608325862, 52.18019794938291, 63.05195714496266, 60.077225607847, 59.7929760069435, 26.55725792811905, 41.99734126082614, 41.27037666717029, 74.0703015222899, 37.06189040650376, 70.30446155264391, 51.501694661069685, 65.47968622442187, 59.58406431701528, 41.93725071056814, 42.39655801917322, 45.75775767549238, 73.0879866010859, 24.276263184818596, 15.64642101164998, 14.00628110308144, 44.26642952985399, 4.6617796451117215, 77.84265396719249, 60.81481207343026, 23.322752899657967, 55.58058461239881, 93.82155018465697, 65.96167137762792], [42.05670188287598, 44.34926450362587, 50.25424904055874, 27.543156461845907, 0.0, 5.920828724908398, 57.267817046328155, 31.60925140815822, 33.89527104437797, 29.932422919463317, 21.1877994078621, 25.236721705954363, 53.226413060673785, 43.02379702924935, 56.265534237462255, 49.74175718221936, 33.865813104487444, 54.276175422874196, 19.520340610110445, 51.34580364236412, 25.33620904474743, 51.386454040831964, 46.053727265904406, 31.020571378329958, 37.66413130974777, 60.99645749811645, 48.683876388607594, 23.759343475549787, 42.02511061749161, 30.053134717267604, 62.32956143810639, 3.3959952836553113, 66.80950985046965, 69.58793050585433, 8.197332548461624, 44.087909076151526, 44.95862185672685, 41.3034482868853, 40.30398651839566, 31.06222464122694, 49.33992697684724, 34.5520773441801, 10.804371840154793, 42.72472721614545, 20.402056064173085, 60.129979402991395, 28.287187201380064, 46.10673725917347, 18.47346731311016, 51.018571889457306, 70.17046631124374, 86.8301566231619, 77.03447099863568, 54.61402106868543, 29.603995447767886, 30.693496830317304, 32.1708392310852, 36.90249192201678, 36.88824828280511, 59.7899934903238, 48.358509235519485, 49.81678985562125, 24.154403475392822, 46.55828591669584, 58.66390722137935, 68.5837139489919, 25.108206212867255, 67.09792523208745, 33.968233304529406, 14.583837091217513, 57.75566927836288, 25.926188704987997, 71.12478950734362, 11.033660663924802, 32.36864878546156, 14.491180614650185, 35.49120457889151, 30.906266572545913, 71.03825216422292, 33.27556431336887, 13.27046015910654, 69.97896889314879, 80.51221998007851, 82.86188887051895], [41.995439180366674, 45.776759018731404, 55.77258316534749, 32.14457072630684, 5.920828724908398, 0.0, 63.135533469751, 25.69038146555752, 37.990495271815085, 33.5920175276643, 26.42478979346115, 20.60186899618152, 55.631489448544535, 48.85373677848029, 62.102167002797785, 54.651125220162456, 39.60972840938148, 54.995472885228835, 17.253450132536578, 55.80049193756829, 27.776719960495736, 56.871903790126, 43.965317161175655, 30.81714316370003, 35.27816784917153, 66.91131015013035, 44.28013847485416, 18.653353811647918, 39.8383291802157, 27.088330865468613, 66.61685468761448, 6.006340659738022, 70.7580530894231, 75.5071308211885, 2.939241604578857, 49.27610834225524, 50.82950195399783, 45.74401367391728, 35.45938210275346, 34.05690847961273, 49.025726777215645, 35.940061480960864, 14.24503218845973, 48.500304054650655, 21.614580123801108, 62.13352307681297, 32.69534976025859, 48.1528332815676, 13.310683537435683, 55.45823107188635, 75.0901635895075, 92.75097621604796, 82.89963563058083, 60.089546737079964, 34.3276735454081, 36.61142564780387, 33.81410066726327, 35.00194333094476, 36.90622245824048, 64.78524735872536, 50.796288681199115, 55.563642080716534, 27.354020913391498, 42.67186307174843, 64.43085845293916, 73.25742062256504, 19.592565791036588, 72.18691986992076, 28.253765740530532, 12.109316453380782, 63.67558230192578, 28.054145844374016, 75.73718390369433, 11.177046184506208, 38.14341069455966, 19.90986510443546, 39.862119311831016, 35.845340913647284, 74.90578008239335, 29.1006680813047, 19.052052638336217, 75.87437789364054, 82.92246690582668, 88.78095417127483], [78.14800125666127, 71.07363009684939, 29.08491104440865, 37.99225048321092, 57.267817046328155, 63.135533469751, 0.0, 88.73629529119685, 39.105010265762544, 51.81223201007996, 38.72009374983978, 80.70994812442063, 68.84235658466879, 21.572428420053363, 18.017124777449883, 26.70891126193423, 24.036578242424724, 81.72402300458367, 71.16260393979772, 47.40348254601228, 51.278336907862794, 29.93023617333346, 90.62033415064701, 64.83615180913158, 85.06039013673484, 11.69619371064965, 102.00155578345414, 77.99270722593475, 87.78113465505764, 80.84696496507368, 54.03669055228166, 58.68981007628202, 60.82680030600955, 14.341375368342499, 64.87256325727957, 35.79147197674131, 12.309862542279259, 34.02883260128647, 95.4132232870674, 47.57205180652795, 84.46080486829803, 66.48988990702358, 52.4167022274113, 15.297353416336259, 62.216221620644234, 76.21347720987166, 46.54794920719082, 67.84950447352624, 73.52009500790491, 33.555166296549, 48.418693006289374, 31.14176047413038, 27.241917288670045, 15.267597430557414, 35.934030100665474, 27.565722509561045, 64.18135583941356, 82.65108349086778, 74.52813730844734, 42.043136392833844, 53.98352997150918, 22.379845027549525, 54.46491741157106, 98.20267090801438, 5.895608520459627, 51.6686668754277, 82.07512149439637, 43.59994089440628, 91.12915202244848, 68.19518026366705, 9.162039373842415, 59.914912573344736, 54.096146025651905, 59.45244264315182, 25.276933134232817, 43.936474082674536, 46.12996411905535, 33.44485393309389, 64.37079765660806, 87.00735239192407, 45.35249286379711, 19.652455955697384, 86.74070771102143, 28.028437423674124], [49.91869644373522, 58.32311394217781, 80.20082993224193, 55.35267483448068, 31.60925140815822, 25.69038146555752, 88.73629529119685, 0.0, 59.75005810634977, 53.96585017787402, 51.06796417949492, 17.154699532905546, 70.49566419330031, 74.23065122295004, 87.46776041659506, 77.87379277032812, 64.99587749565818, 64.01612450074532, 26.899614322885952, 77.09897983889374, 46.70157449338983, 81.19282111965741, 43.220410913795604, 41.860089183741586, 35.39751204765103, 92.55433779925205, 30.84979379895196, 15.37240544992482, 39.586410270519956, 27.838467129832544, 87.07744771548641, 30.818225875986236, 89.99788791384486, 101.19716516340829, 23.872252528613675, 72.8572638794521, 76.4450362971707, 67.99388388897816, 21.110088450144545, 53.467039659631325, 54.86028812714985, 49.779939692683456, 37.46052537376846, 73.92016696572166, 38.3452012308925, 75.17204181226109, 54.9296295760462, 62.47022112861036, 16.99138482202686, 77.39188887769026, 97.42138927202728, 118.43411450101691, 108.33674239968282, 84.72770209552776, 57.69202059787809, 62.27711935521088, 48.77956852429517, 37.34594474670377, 46.108042034087966, 87.51681369350402, 67.13268732021605, 80.66875426105265, 47.3659638758436, 32.8574591265898, 89.79253924585844, 94.81649743740617, 10.712056189911156, 95.10608281947253, 7.501383855554698, 25.590256155902946, 89.34719658185114, 45.39367554613483, 97.0499529099167, 31.08804853213496, 63.59562621051568, 45.0216497798313, 61.58254040970246, 59.61332101560374, 93.75553614965987, 22.296760061049074, 44.50305531230816, 101.43223625956428, 96.37086314327522, 114.44428310903938], [72.35548665497979, 70.9047088504062, 51.307106782530475, 7.373065049239966, 33.89527104437797, 37.990495271815085, 39.105010265762544, 59.75005810634977, 0.0, 50.999044683588515, 15.329585133076163, 58.591985807107, 75.58307667217682, 39.52705649069198, 49.01957045805421, 18.705591935686154, 20.117725338599158, 82.07059711503051, 53.24788863389677, 63.02908460063315, 14.033339382937125, 52.6796234078259, 79.1789080265991, 26.379562564841024, 71.14928551552825, 48.469049177332494, 82.26336855794925, 45.76043160873774, 75.29783712344465, 63.88329688889876, 73.60048362948703, 36.998765179458736, 79.88999274556551, 53.445044833199454, 38.08103515674512, 50.91263492067788, 29.98633077142655, 8.287995738648972, 73.37537402511424, 8.65115572521201, 79.77387517986122, 62.26623863142268, 23.749885241068593, 25.232786802221284, 50.59342193142353, 83.432796381638, 46.18082621037699, 70.53227727913578, 42.79339173370052, 17.699233398465413, 75.15542551556426, 69.8359385524762, 65.64200970982152, 28.4716145822656, 6.711449932156259, 28.313771737487933, 59.54692762828058, 70.0114121571113, 67.3596662983102, 65.42108002565317, 19.73684624305484, 46.639442287581026, 48.64343579578967, 80.41513111732226, 37.0652668244012, 76.0333734629368, 56.90054693969086, 70.70360710193548, 64.5517583228248, 48.44887607416196, 44.83886723843924, 53.114704301609855, 78.81680768556791, 28.894143604536083, 20.467020639235574, 21.11246468297381, 51.29186588979697, 8.10502416632148, 84.22414574946434, 66.99350092999389, 30.670361683528405, 57.82838698763466, 100.81247356187174, 67.04547020308341], [26.33820312739846, 20.72509634269593, 30.314150883598238, 43.6935709013883, 29.932422919463317, 33.5920175276643, 51.81223201007996, 53.96585017787402, 50.999044683588515, 0.0, 35.90840022153499, 39.07182245302214, 24.926110649682357, 30.65364653809977, 41.48862583407934, 58.942382394033345, 37.34897095600216, 32.04453138683715, 27.87315120034323, 23.133151998462786, 49.669882419525855, 30.84955613345543, 39.439279530994106, 59.34362795094946, 35.34376737595296, 49.4195884872952, 54.55126857730834, 51.937483042507075, 37.12901026237874, 33.9394157144605, 33.38375553847829, 27.822793820905304, 37.184463284086874, 59.18936974307022, 36.531241641029155, 21.41014659051149, 41.71990393943322, 55.13886514409099, 50.72563319721326, 52.925927589302184, 32.84246499215354, 14.677715139820027, 36.893680398816834, 42.83357379644302, 15.976971262552015, 32.615052629901214, 5.530040929980289, 19.566977403994137, 46.66934987173027, 63.36484864472072, 43.57455003893655, 74.48556833327707, 61.18958488858706, 57.37932607246313, 44.43914453778867, 27.623738917260802, 12.439226138011248, 32.466171467347586, 22.87069819696251, 34.00879487641134, 69.9637904143622, 33.789785585911076, 6.61562480193482, 49.68899787304599, 55.94282052450577, 40.851897004625506, 43.804622805811235, 41.62605049266517, 52.40888659341483, 28.381264215744356, 47.468182253946836, 9.933077608150226, 43.11299824796977, 40.49014722144704, 35.7972744333678, 31.92649590302987, 8.19592861656515, 43.966791490004155, 41.31437688083388, 41.7203169484986, 21.777725889638344, 55.993016016577904, 51.566112672085325, 69.9714062319114], [57.135782118388285, 55.6016053622463, 41.42562859472261, 7.960171247371299, 21.1877994078621, 26.42478979346115, 38.72009374983978, 51.06796417949492, 15.329585133076163, 35.90840022153499, 0.0, 46.41132791372959, 60.69192732587339, 30.76286392711249, 42.76968635799507, 28.66790061067923, 14.738875085907097, 66.74780063760812, 39.51444499975584, 50.10258027145068, 16.48809236123484, 42.77819580593479, 64.63641577605908, 29.645506957246347, 56.919569971528894, 45.02843061029766, 69.71980136532386, 39.34654231133431, 60.872798091559375, 50.19158001896255, 61.07709145556764, 23.766226332572224, 66.9926002582817, 52.30789045332341, 27.46729028945382, 38.91125476157011, 26.869891831369728, 21.156097891151372, 61.488461104252856, 17.561224078603765, 64.54055037715834, 46.9403550759999, 13.823627509180612, 23.458126452228388, 35.57103868401125, 68.47912307674876, 31.323330879894762, 55.364919517307015, 35.07701751648951, 30.643108318399737, 64.69702960226711, 69.58675907458806, 62.16362307714074, 33.74692204278239, 9.300899945227107, 17.43287494297137, 44.22002845347925, 55.52894924131713, 52.18586977128919, 54.45326541611362, 34.08540602768036, 38.2861238632764, 33.3202122014076, 67.25967000776215, 38.99936346300239, 64.74908611563329, 46.01711544676884, 60.62686405496501, 54.546260068461855, 35.08880491097693, 41.45084624345573, 37.80125166759323, 67.51604629774933, 20.790258796350148, 13.723551371932592, 6.768885103981234, 36.979172789886064, 9.97599087557274, 71.3732947248283, 54.26310460924482, 15.378701089550598, 54.53169669010157, 86.47742630247592, 66.05388891410054], [32.833477906091744, 41.229099624584045, 67.53923327936, 52.63005913658994, 25.236721705954363, 20.60186899618152, 80.70994812442063, 17.154699532905546, 58.591985807107, 39.07182245302214, 46.41132791372959, 0.0, 53.53256477895817, 63.4726538974465, 76.39962710611543, 74.97053286272102, 58.31986079417083, 46.95572249906123, 11.212433997880273, 61.95034194225973, 47.882749043075485, 68.37189935301659, 27.959406640638743, 47.96883622245378, 19.39934968727267, 82.60348007103642, 23.685317896234366, 24.775800217942393, 23.962543422962078, 11.068970235255303, 71.36743627265383, 22.772730062677983, 73.7959028161945, 91.845553417493, 20.855158255950684, 59.430203000310954, 68.51947954002348, 66.30292171794638, 15.0900325695125, 54.3837972279069, 38.102564969560525, 32.964488257254814, 34.84627719955533, 66.94730417280327, 23.095670595410958, 58.0372315710687, 41.100436420390515, 45.512142568102995, 22.165862061725054, 76.02361911864459, 82.5697433749155, 108.67669647396406, 97.20961102352878, 79.55752959249085, 54.75774690999767, 53.21331241876043, 32.217536676848674, 20.800922600399108, 28.95334268787017, 73.07538923588776, 70.57359297348387, 69.09923566970149, 32.70335802365714, 22.509138696205213, 82.79172795172119, 79.54041633134892, 6.73468662375337, 80.69468111392777, 13.509442221212794, 12.579022154872463, 79.72716123482603, 29.710332568918744, 81.6207635928516, 30.80226323597093, 56.72469658106422, 39.67797155141637, 47.10462660272444, 56.13177979434162, 77.39917253180927, 8.853462222914807, 35.38456473014569, 90.8565740194362, 79.22224795643686, 104.43462256548693], [23.836891226671028, 12.756416126397664, 40.91874373500037, 68.35945210169915, 53.226413060673785, 55.631489448544535, 68.84235658466879, 70.49566419330031, 75.58307667217682, 24.926110649682357, 60.69192732587339, 53.53256477895817, 0.0, 47.648248489071136, 53.77043932748341, 81.58776268602075, 60.090246352173466, 16.109924924834228, 43.95414857963935, 23.222158239214576, 74.54780319019713, 40.56944005529104, 38.74537098646139, 83.69284951014727, 40.29237191078336, 62.73072770153427, 59.67240945683815, 72.57575154209435, 39.02961959030764, 44.20825180520969, 25.128923941008036, 50.52728608816767, 23.812017007970667, 71.97292583802647, 58.46667531352665, 33.07489192549648, 61.35442582405134, 79.0891114308475, 60.012117186645376, 77.8386523560786, 24.727584147752623, 20.798951042545962, 61.38521964163866, 63.742206975975876, 34.29075331625872, 7.924149079821313, 29.40862652425253, 8.025737557034287, 67.658276692882, 86.68131025768308, 39.35112921479285, 84.04031462284172, 69.0009673438825, 77.8610778880637, 68.935898690677, 49.961342286563195, 22.252345596869763, 37.144247197046674, 25.492988130185125, 34.512031855238206, 94.77730686758035, 47.03357125534076, 29.304632941505247, 53.85095880921975, 73.99360022082362, 34.428692903288976, 59.78495853379642, 40.29575950173066, 66.67223914196502, 46.88731391790002, 62.05878145294316, 27.577358896239073, 35.28435744893721, 64.19255794084586, 58.71572889935027, 56.849034886364485, 24.986149734331107, 68.23737232355313, 26.151079955355343, 52.05043743271111, 46.6683100770033, 66.27673815193913, 27.31094274317239, 79.49096685607822], [56.88599971530428, 49.51022658553999, 11.935101009967694, 34.61396820287734, 43.02379702924935, 48.85373677848029, 21.572428420053363, 74.23065122295004, 39.52705649069198, 30.65364653809977, 30.76286392711249, 63.4726538974465, 47.648248489071136, 0.0, 13.25016676789877, 37.18379897860271, 19.421113528621362, 60.161952545429074, 53.00265789666437, 27.67682236952843, 46.93173632285515, 13.283654482741436, 69.94270552896411, 60.379400379717495, 65.0392095905375, 19.348788545260753, 83.05522836462049, 66.19780349105955, 67.36801497764196, 61.80979580052541, 36.44693547459423, 43.41867723542202, 43.21015910997788, 28.966956493838527, 51.19877315518961, 15.080392457590106, 14.375979018011526, 38.82229314117607, 77.45251662459467, 46.05985013007802, 63.02280804991113, 45.27933568976282, 41.96693506570071, 18.036979565318493, 42.75565185830241, 55.213053407357165, 25.650862902905267, 46.30119513272503, 61.1271635172373, 43.49665198732917, 35.73120136403031, 45.29776582680286, 34.107790032159684, 30.798954337815275, 33.59597511001777, 13.521966761025885, 43.09215983210541, 62.41614204431999, 53.51670437400603, 26.432799246287885, 58.61596154028718, 7.523262400307312, 34.111618528587755, 78.78778922260713, 26.405760827220984, 37.091619510452176, 66.05444581763068, 31.201662617036547, 75.26031950393957, 50.95506369260185, 16.955823435158393, 39.40480736512437, 39.843369292770895, 48.69892185884099, 19.129780255206022, 33.01074977344713, 24.57505247530442, 31.559921496220028, 47.26833208710494, 68.6700322449684, 29.80580117543192, 27.408838345514205, 67.65631536266439, 40.99036045848447], [66.91695420470694, 58.22577908620345, 12.858596708855622, 45.3279220350824, 56.265534237462255, 62.102167002797785, 18.017124777449883, 87.46776041659506, 49.01957045805421, 41.48862583407934, 42.76968635799507, 76.39962710611543, 53.77043932748341, 13.25016676789877, 0.0, 41.86709712271437, 29.48706433709268, 68.034240281975, 65.73788381973594, 31.073064087948374, 58.31685654212843, 13.247240274841594, 80.85948866939562, 72.00491109417402, 76.67654354552887, 8.981162791481314, 95.2741613498119, 79.3413410922179, 78.61699713220025, 74.11408844709682, 36.40356637035509, 56.66179586252825, 43.11709167553793, 18.345264005658645, 64.4337722733444, 21.462811267111796, 19.440095759998766, 46.41866068021017, 90.11126677245602, 56.48163518429457, 72.41076464488637, 55.62459702349807, 54.78174786492, 24.288095226954578, 55.03630935523334, 60.63484661219208, 37.10689995434216, 54.209685171057195, 74.30839051561927, 48.719394194440085, 30.511156341753686, 33.027390987965404, 20.896908798394975, 32.16521132583416, 43.89281720693972, 26.25497019885536, 53.733718213661646, 73.88937344973192, 64.12036340506579, 24.172736027327282, 66.83746892150764, 7.699016936401628, 45.91243950308441, 90.76317709599039, 23.911374286956146, 33.65159890154992, 79.18537582381322, 25.675538609732158, 88.38781521301007, 63.948175233077656, 9.176191277243742, 50.93232359078667, 36.089489499807556, 61.629880673654334, 29.77860515751875, 45.779435736794696, 34.1941654788597, 41.58469950894216, 46.516232525172946, 81.23712619725747, 43.05568351909862, 14.623112817212517, 69.3506419640162, 28.55107119515331], [83.42112739765844, 79.66307918704726, 48.700429100518114, 22.638546795280444, 49.74175718221936, 54.651125220162456, 26.70891126193423, 77.87379277032812, 18.705591935686154, 58.942382394033345, 28.66790061067923, 74.97053286272102, 81.58776268602075, 37.18379897860271, 41.86709712271437, 0.0, 21.639622902110187, 90.98668377887489, 68.10575869926211, 64.43587256025796, 32.73091394198246, 49.94783270610759, 92.53423277719288, 44.371858566233634, 85.17617216058404, 38.06284531036856, 98.37396412818701, 64.28690955448296, 88.92953924038356, 78.75854912706001, 73.62924308890169, 52.42461437524171, 80.37967024527772, 40.09847501944343, 55.2503899704256, 51.63305685290412, 23.31790504593306, 10.645137491483043, 90.00984159011882, 26.836490254617473, 90.63165638358113, 72.31698531470596, 40.81381069427912, 19.149147873099743, 62.99491908048799, 89.48768757258169, 53.506096580997315, 78.0835217739677, 61.043662980626145, 6.910102476947043, 71.57406962947474, 54.796822225004526, 53.81813819050107, 12.210251371259753, 20.367818543481118, 31.683113653007958, 69.63312418357751, 83.56081915865379, 78.78720111627871, 63.215833875663314, 27.89108277429988, 42.522881125552445, 58.55128985969313, 95.91046792459272, 22.56232245979906, 73.7348739229289, 74.10541093572266, 66.78486648672369, 82.22122005627911, 63.751723528238465, 34.864867167743334, 63.729724302954445, 76.41451288305092, 46.79318441153312, 23.15167149585981, 35.43608264742651, 56.62021308714454, 18.83906595439745, 84.45211866050182, 82.92298785201086, 42.61525054092203, 46.3414915768857, 104.20408289461419, 52.74996718795742], [62.309216553689275, 58.07381350950848, 31.26259989162976, 15.844061245984253, 33.865813104487444, 39.60972840938148, 24.036578242424724, 64.99587749565818, 20.117725338599158, 37.34897095600216, 14.738875085907097, 58.31986079417083, 60.090246352173466, 19.421113528621362, 29.48706433709268, 21.639622902110187, 0.0, 69.38793058383588, 49.7938186398361, 44.36720521850749, 28.976056573715073, 32.63010499578984, 72.4273224670466, 42.72634604233607, 65.65600625546222, 30.5970809030911, 80.75312670379846, 53.95620107896164, 69.05571189470763, 60.130824971137514, 54.436540356757064, 35.70288864350476, 60.956417585063164, 37.580679864494044, 41.13706275458418, 31.771617061640335, 12.151107565782695, 20.062735612249234, 73.32431710947931, 27.05307095959492, 69.40112349943546, 50.99884742356446, 28.380126451151053, 8.926011396926718, 42.862258819953034, 68.0068091206716, 31.887412175770766, 56.44481934367117, 49.51300576048458, 26.630885772779422, 55.1122094869331, 54.849083345297764, 47.86955178511625, 21.66341327113134, 14.455704539537347, 10.133696998817575, 48.35093193253812, 63.71363367562092, 57.85600223527899, 45.54205707519649, 39.286248024372895, 26.541128157529744, 37.372113220524774, 77.5814276959278, 24.824751103869186, 56.19721379542854, 58.94709935743547, 50.61780420459677, 67.82894919154928, 46.127320525389386, 26.969177897455154, 42.70116293761485, 58.97278407786581, 35.41769135526807, 1.6873056395489963, 20.004214493909647, 35.10431832502418, 12.251572990432406, 65.21038143046802, 65.39248320885979, 23.364604649249546, 40.1412257516515, 83.50931974886836, 51.343110242155845], [14.129431436883266, 11.330297854181529, 55.24755040868886, 74.69760227350827, 54.276175422874196, 54.995472885228835, 81.72402300458367, 64.01612450074532, 82.07059711503051, 32.04453138683715, 66.74780063760812, 46.95572249906123, 16.109924924834228, 60.161952545429074, 68.034240281975, 90.98668377887489, 69.38793058383588, 0.0, 39.81042281172117, 38.618915091359355, 78.31482320313356, 55.10252603891091, 25.571301605578903, 85.2585101707027, 29.853936343290595, 76.86093767504536, 47.26392261111145, 69.41204877886989, 27.132251681089677, 36.22268467299418, 41.213266025925975, 51.07796815670126, 39.34407662154584, 86.37642228783326, 57.498219703352234, 46.68445056728201, 72.87495662702686, 86.85778101838105, 49.68549253395022, 82.70921567793545, 10.573636069417343, 20.07451556022137, 64.05876010926434, 74.50551212430636, 33.87418346973506, 14.432667845523685, 37.505817552208896, 13.905570416526144, 65.10540621752861, 95.32008836806486, 55.449891668062406, 99.31711596795117, 84.47160051786544, 88.99688492985885, 75.72867724169251, 59.571698916366145, 22.723075432015918, 27.187889620034213, 18.558437979186145, 50.38414018182792, 100.20239558198223, 60.84634443740164, 33.42769733539104, 41.393985317986484, 86.46572525333754, 50.48102014783591, 53.65538344668992, 56.37326540314928, 58.86024352150713, 44.055831478545485, 75.77230894923053, 29.27733020549671, 51.21820545952784, 65.16378277595801, 67.84135611173859, 61.656103848403944, 35.75968771356075, 75.52288873629885, 41.04194702809971, 43.03891330593397, 51.54372145375405, 81.24183335947447, 33.56819512409564, 94.74235880735738], [26.00781994770573, 32.29283319831961, 56.50109906768971, 46.59319783207209, 19.520340610110445, 17.253450132536578, 71.16260393979772, 26.899614322885952, 53.24788863389677, 27.87315120034323, 39.51444499975584, 11.212433997880273, 43.95414857963935, 53.00265789666437, 65.73788381973594, 68.10575869926211, 49.7938186398361, 39.81042281172117, 0.0, 50.82274673095102, 44.59677352661093, 57.30044400596638, 26.76201782903885, 47.89734558419937, 18.194171575870122, 72.27720576706594, 30.99808884446198, 29.614472087699056, 22.662320036054375, 10.684940403688534, 60.42516707065972, 16.276281521432683, 63.13385077505962, 81.68160745281621, 19.047866460332873, 48.28110662307415, 59.16648587020105, 60.362859403584274, 24.46165826947135, 50.536193899741086, 32.56291870715436, 23.1554321854566, 30.26888415729902, 58.078224681747855, 11.897710329110227, 49.24127645885234, 29.945753849872332, 35.965248378575836, 25.342477425868616, 70.01654143818136, 71.40673229963001, 98.2976654451177, 86.45193907331819, 71.38600215850934, 48.49428437268187, 43.605988389076266, 21.942864294130505, 17.749858413168255, 21.25326881267348, 61.8691904739258, 67.68129760324852, 58.32636860693381, 21.49150803438857, 27.888518649144693, 73.68262376657525, 68.45929728225558, 16.302785186369796, 69.4891937148378, 24.563800118358966, 5.152922298028076, 69.54089608567507, 18.671664612515862, 70.58467345182315, 28.420456431324077, 48.138602848762844, 32.796744513448445, 35.89230554264431, 49.48305556634053, 66.86236385712314, 15.846901239087307, 26.4333891317146, 80.2810066749407, 70.4871813320275, 93.98770684966267], [41.28644106148351, 30.618141873460154, 18.45510820782205, 56.575350459301895, 51.34580364236412, 55.80049193756829, 47.40348254601228, 77.09897983889374, 63.02908460063315, 23.133151998462786, 50.10258027145068, 61.95034194225973, 23.222158239214576, 27.67682236952843, 31.073064087948374, 64.43587256025796, 44.36720521850749, 38.618915091359355, 50.82274673095102, 0.0, 66.15379801032233, 17.851955588020083, 56.59170316386591, 77.88962848103246, 55.03940264913683, 40.04669406950635, 74.99843809304511, 74.41236388086354, 55.49054043258129, 55.64028658964163, 11.180843105888519, 49.83204408800621, 16.912111958944056, 49.0149041393609, 58.709979677656584, 12.802818779406579, 42.05064692401219, 64.41620788021125, 72.57456291887242, 67.5539765702651, 45.077561431439385, 32.06327576064281, 55.933739432233345, 45.44985131363981, 38.957978542964156, 29.643959797538653, 23.11419898717629, 25.616822526805755, 69.083527037345, 70.40680370173246, 20.691346794468107, 60.83865481876166, 45.87536804684458, 58.43228335766456, 56.40390660493331, 34.83230315290336, 31.36565908824607, 51.863932733312694, 40.22467997161179, 12.380092668481481, 82.7628397189037, 25.042765765652998, 29.73857984306189, 69.61202245352406, 52.93918927285398, 17.72076669750706, 66.89917548544727, 19.55375739514895, 75.38540859183911, 51.51348271505106, 39.79589768000683, 32.262255912128936, 20.03594099251745, 60.93648979446534, 43.397684604482876, 48.71289879556522, 15.940356021000161, 55.00137798841354, 21.283470362096697, 63.686002856152065, 40.16812375392285, 43.075324857467166, 39.97952238358084, 56.282375211365625], [66.93877863312487, 67.68399370474673, 57.861939688189885, 13.367168364250746, 25.33620904474743, 27.776719960495736, 51.278336907862794, 46.70157449338983, 14.033339382937125, 49.669882419525855, 16.48809236123484, 47.882749043075485, 74.54780319019713, 46.93173632285515, 58.31685654212843, 32.73091394198246, 28.976056573715073, 78.31482320313356, 44.59677352661093, 66.15379801032233, 0.0, 59.22047130161276, 71.30708725738761, 13.758054967611047, 62.78854431992429, 59.39143905276992, 71.43261921451904, 32.1647168970918, 67.23980887723553, 54.8067993891355, 77.23115016767466, 28.727481066285556, 82.96139444046074, 65.50983849706941, 27.039279917822427, 55.309222201122644, 40.669583787966694, 22.194506716215585, 62.07060077727358, 6.775724682719638, 74.31608843742772, 58.24942450760861, 14.608648624239034, 36.36076115376526, 44.896930591237286, 82.08251845949799, 45.837503914473125, 68.39237775708652, 29.735688645732772, 31.03604704717661, 81.18476255588367, 82.3831638056407, 76.70736557859276, 42.15229254507275, 15.344520917485367, 33.83071285663731, 55.64198964131156, 62.18674904515085, 61.78025147905813, 70.92945178199105, 23.08493963968611, 54.43207958052958, 45.667645246498104, 70.28271110120494, 50.03564629042945, 81.18352960783267, 45.160908856229916, 77.10728482500127, 52.08069555521435, 39.49111704321598, 55.737084185644655, 49.09533104202979, 83.944188694253, 17.09031099727963, 28.54425028649611, 17.871370600813496, 52.18239361356937, 17.834462741112596, 87.3454214152518, 56.62520471320478, 27.89223269739319, 68.92638122729367, 101.12940153288089, 79.28204331194095], [54.99342250473221, 45.67269311897324, 1.375652846384209, 47.43419199828586, 51.386454040831964, 56.871903790126, 29.93023617333346, 81.19282111965741, 52.6796234078259, 30.84955613345543, 42.77819580593479, 68.37189935301659, 40.56944005529104, 13.283654482741436, 13.247240274841594, 49.94783270610759, 32.63010499578984, 55.10252603891091, 57.30044400596638, 17.851955588020083, 59.22047130161276, 0.0, 69.49402109121178, 72.34577067907682, 66.12171121783358, 22.22839986791842, 85.38941281833046, 75.1195131704772, 67.5967171957706, 64.59572311172103, 24.325063781576162, 51.014956535254264, 31.159671524088623, 31.411394583266283, 59.515219647846585, 9.479898992184769, 26.671447216757056, 52.094195189422884, 81.15637671902363, 58.89498920880836, 60.05125231894347, 44.10120189852626, 52.46661611501597, 30.884781777670774, 45.84659135943874, 47.387694542261684, 27.44770478889366, 41.3871611766715, 69.85731570154653, 56.44621346956611, 22.482789469686843, 44.62854784035247, 30.551772204297663, 42.2333941875744, 46.58585529303535, 25.39513611299633, 42.501542142815, 63.168829338558716, 52.66704090923875, 13.27811134197169, 71.88126761995152, 7.747432925747108, 36.25062031785324, 80.53025551590683, 35.640451749045205, 23.882616979869013, 72.02568207746191, 18.05425123904588, 81.10408128870685, 56.374336244413705, 21.977741787350826, 40.71981562168545, 26.614043915575852, 58.75088284167582, 32.21720772449163, 43.842060977672475, 22.886420233505504, 44.64812531817459, 34.953220812802556, 72.15963698120059, 38.30573166146592, 26.259465127275345, 56.815095335877764, 40.04678556510864], [15.441396876469728, 26.789086105271426, 69.16646405318092, 72.19812242152273, 46.053727265904406, 43.965317161175655, 90.62033415064701, 43.220410913795604, 79.1789080265991, 39.439279530994106, 64.63641577605908, 27.959406640638743, 38.74537098646139, 69.94270552896411, 80.85948866939562, 92.53423277719288, 72.4273224670466, 25.571301605578903, 26.76201782903885, 56.59170316386591, 71.30708725738761, 69.49402109121178, 0.0, 74.27628883331336, 8.8358498162179, 88.85758048916173, 21.70131400508967, 52.71160127983757, 4.157163131558276, 17.498361872506354, 62.60695362299509, 42.70272731479784, 62.426029130490925, 98.62597477934015, 45.52529480009069, 60.061918829974196, 79.62761046404131, 85.78596159393696, 25.323639829313084, 77.1084071462832, 14.999001122243289, 25.392874875388458, 56.857639913464624, 79.70700391405126, 29.608149855957443, 39.685676106053705, 44.293778944901405, 32.23215338876701, 49.710402534119446, 95.24816723721167, 76.24319503493565, 113.7751306447554, 100.0456058676905, 93.9246304789177, 73.88831504592547, 64.26889859043868, 27.128922843405334, 9.17971713474005, 16.826980538416922, 68.96766727452395, 94.38016867400393, 73.16955363269743, 36.164509386199555, 15.845152946283635, 94.23175880376435, 71.87339199506157, 34.32908264668574, 76.00919957160748, 36.75371678865973, 31.