instance_id,num_cities,city_coordinates,distance_matrix,best_route,total_distance
457,80,"[[41.630270836333594, 27.562270816225265], [76.58867522743942, 15.619872407240498], [29.9227603500408, 77.25378725779328], [71.76880596746552, 88.35935440727604], [82.92798399498558, 19.557578185055903], [94.80352394107653, 89.9558131518094], [76.5184825238181, 51.628607452392764], [21.267336078667498, 16.652301400806092], [25.890828273325816, 32.991975771490345], [44.33331825651926, 53.76984031130871], [77.64387074171934, 23.025729704507736], [79.41027408152965, 31.09071378322802], [94.33502646165704, 82.56405008721862], [16.587055624588267, 81.44608736788754], [56.11326159601131, 90.01357287575698], [22.9090185987334, 14.164320749981075], [30.769828459403904, 75.84163689287168], [63.51326844838717, 60.011883074018954], [83.90079038686476, 56.71700927185841], [22.91225923818042, 9.318984806363261], [3.0757465352068913, 7.091793630969779], [64.93814304255582, 97.15786770974455], [99.09529661419893, 15.635673702570053], [35.622520885331355, 0.6426784402444041], [23.447250022757537, 73.20198878575208], [43.11138837610081, 42.6086812278815], [82.38589639476736, 90.1933369993192], [59.41736492122297, 98.14415753646159], [63.760356424561934, 95.45396138654951], [5.509249999637134, 49.598163826478725], [86.91832958100272, 62.441473992338224], [60.541772417483706, 71.48189865152293], [35.81178690786226, 97.34871121084515], [11.153457059070327, 61.309552121050146], [80.47855609307713, 15.054152338356309], [54.9373894680425, 2.4042735199005016], [79.19436481315972, 80.28571170584613], [74.62290507828979, 80.26614690500409], [17.438104237842566, 67.30411318077661], [78.42894175023608, 11.598874030825513], [70.88232275514261, 42.197621401838646], [59.965261603039465, 48.234126630160056], [38.054099104110364, 71.23850676938142], [76.65966894645516, 50.49821522957729], [4.534050283769552, 87.3467690616918], [37.61855933623741, 64.48589463680337], [26.686574754287072, 91.12747620860677], [98.38960690983849, 65.276207174178], [54.79350610687875, 43.82343027816873], [55.69351284066792, 75.84435195693426], [98.72249788953602, 4.596983300834889], [90.41713772608745, 50.191234425541], [20.8362034807159, 39.46912814263296], [45.21823370348264, 35.15693845462439], [6.51707183838941, 67.05214699895879], [65.85850053059399, 88.5344369491085], [40.83664232878229, 9.510724873952448], [30.056796458012524, 53.27323895852053], [54.499114490377806, 15.783009793754065], [4.402432812673207, 8.956271070510546], [30.740836820106267, 48.93885381865874], [31.567540156944297, 74.4915128859668], [79.12560278641293, 33.849598498860445], [88.2925813200175, 33.712948949427854], [53.55716057647585, 23.29737958919903], [14.650316093714089, 57.632946601098425], [15.847311095860073, 34.679413680163876], [76.25123249206733, 25.014506830141205], [40.25558557939133, 70.59221199877992], [98.41504404624519, 14.981827652547953], [7.258490972629694, 15.10337781727844], [9.175685035366875, 19.257784690449043], [89.4197268413751, 59.44274297906752], [62.30298338270379, 56.87142342157918], [98.88517787046978, 79.30877525191315], [47.925779116041575, 18.571660046996506], [88.03632684191567, 61.064711691244334], [72.62076649672868, 66.32540402867112], [35.21000333401123, 19.038573279946768], [11.861957555050374, 53.642112221561476]]","[[0.0, 36.94199395445526, 51.05205782384565, 67.85732586116026, 42.06633114800713, 81.97773460472901, 42.383674614597396, 23.10144031419573, 16.64967711685278, 26.346596823791128, 36.29820358369686, 37.94441401548344, 76.17733907468899, 59.41909048710681, 64.1086745322018, 23.02151930958126, 49.48582016482546, 39.138764929035474, 51.34973804692884, 26.137739814800806, 43.65193902082971, 73.39485004921542, 58.68963201760747, 27.58183302760595, 49.1284652950292, 15.119132760929219, 74.72396848328087, 72.78862169991255, 71.40743894468535, 42.312039977344476, 57.162637089808676, 47.81818274720293, 70.0285800097197, 45.47213623177348, 40.812281181596845, 28.460573329436958, 64.736561350918, 62.17887478078751, 46.526067524109465, 40.11199593585196, 32.70895944881941, 27.63145868764983, 43.822398283230946, 41.87023140716757, 70.35848072369575, 37.1409184754977, 65.29815762460852, 68.14663034308288, 20.92118710385425, 50.288508975217, 61.53801118462445, 53.779441936025115, 23.96177139907219, 8.399550825716057, 52.84304178221436, 65.60954318583353, 18.068983289437853, 28.19573003133234, 17.445862753895067, 41.61844723741421, 23.990374612616964, 47.995961392249676, 38.018816491777734, 47.065933127624, 12.666491071006051, 40.40004331770888, 26.747237904587283, 34.71458032724251, 43.05189424090149, 58.1616541949729, 36.560132190107396, 33.50021834743052, 57.44733771536812, 35.86624416451737, 77.17399238603794, 10.975632396524762, 57.23578931557918, 49.62853330215179, 10.671141199109714, 39.5766421433162], [36.94199395445526, 0.0, 77.307483927171, 72.8989943779524, 7.462731567122617, 76.53504295445809, 36.00880345926005, 55.330972111830825, 53.5916193175846, 49.958263624779065, 7.480652370003758, 15.72604060068429, 69.25645029437112, 89.06898972712425, 77.15999762038243, 53.69938702073547, 75.67052026328052, 46.27760660921282, 41.74256444654346, 54.04497033037272, 74.00593768423953, 82.3661312563737, 22.50662693359168, 43.61814004180421, 78.35630925083986, 43.00144807426743, 74.79845850369465, 84.29182364690752, 80.85819393521284, 78.78330393227625, 47.947514367876416, 58.12115850453313, 91.33650810717948, 79.80798587292233, 3.930803015312862, 25.365926535140133, 64.71831572600001, 64.67615525616445, 78.54967086329636, 4.422104568874195, 27.18343613596248, 36.606385495499445, 67.66347645010686, 34.87841507495133, 101.6691530379361, 62.50246444032305, 90.50755694115655, 54.23128437264599, 35.643654043498955, 63.74633909646132, 24.72671004984804, 37.23446584653666, 60.639303302407384, 36.95675244319815, 86.92127743648408, 73.69986683403883, 36.270229389544, 59.85809681620103, 22.090163135731085, 72.49315261966652, 56.676086746699156, 74.11324210754898, 18.405404500172448, 21.54856924682789, 24.277454224991846, 74.84289368668843, 63.66144382669454, 9.400692715944198, 65.8942449956036, 21.835692728272374, 69.33210811353803, 67.51107799773894, 45.662674808585, 43.655142338232416, 67.47896246734096, 28.814487046675016, 46.864508372918614, 50.86054695642931, 41.51965803473129, 75.06822697479204], [51.05205782384565, 77.307483927171, 0.0, 43.294631948167215, 78.34798194603123, 66.11244168814311, 53.17716770339454, 61.21647210834757, 44.44507208139347, 27.55285726310922, 72.23563250236838, 67.67601767201147, 64.63078923354752, 13.979141630928325, 29.133391229508046, 63.478132908856026, 1.6467219058020068, 37.757191291031276, 57.75280925374841, 68.29556727895462, 75.12301578387482, 40.277157840903186, 92.63709673408734, 76.82284337626388, 7.6386716683457205, 37.07051767960093, 54.03529023851829, 36.143315691705276, 38.421728831736544, 36.88974105363091, 58.88887446908243, 31.158282976913345, 20.94007169227614, 24.627329943056946, 80.15412071330364, 78.91882777075556, 49.36480094387843, 44.801531774823836, 15.964418325723809, 81.62975722657343, 53.913082984908485, 41.76951740778713, 10.114458427800374, 53.853498119496784, 27.321326478101494, 14.907863831450614, 14.246127274248542, 69.50662919824481, 41.6670464790391, 25.809265619162268, 100.06205597899391, 66.27179988437004, 38.86188338447254, 44.789465103556566, 25.53232693420485, 37.664711332789935, 68.61658196811356, 23.980922884909855, 66.20161376329652, 72.90979244907139, 28.3267489270035, 3.2148810737641402, 65.61130470916984, 72.820605604886, 58.9056771675095, 24.864129617543753, 44.84078006942526, 69.82313191638858, 12.294058001807285, 92.56883859592628, 66.1539303445796, 61.59527131123095, 62.10573500063972, 38.261202270665876, 68.99302867622167, 61.38159934926029, 60.32638542217653, 44.07436090183446, 58.45482081794452, 29.727155861537547], [67.85732586116026, 72.8989943779524, 43.294631948167215, 0.0, 69.70087277489675, 23.08997428856938, 37.036565705443486, 87.705757574984, 71.905044706908, 44.14907101324564, 65.59724767780928, 57.776199545008346, 23.298494791607144, 55.613117445990476, 15.742696983301022, 88.8379527067393, 42.86734664610079, 29.525125414106927, 33.888391104055586, 92.92116112576143, 106.41030424115162, 11.138751829870852, 77.6882927235889, 94.87238358945211, 50.643049883494385, 53.9849208517863, 10.774326024834293, 15.757552734981555, 10.699005200091666, 76.7643058478006, 30.020736015629904, 20.2705400796284, 37.0636716394173, 66.37704668792065, 73.82081276723893, 87.5875134464515, 10.969167272004741, 8.581718324976581, 58.26790139982164, 77.0488725178272, 46.17024416819797, 41.82532203974543, 37.81276084501064, 38.17573051707494, 67.24238024436954, 41.66751044142288, 45.16713483790492, 35.23490781878572, 47.6614030782817, 20.372538757958644, 87.99225148615675, 42.48017961731976, 70.60017153152852, 59.45948158825421, 68.6424496532043, 5.9128981264324, 84.69890865090049, 54.50621280734975, 74.60273481029029, 104.13010071740086, 56.897013269712495, 42.52597795734193, 55.003963026588586, 57.08997093505255, 67.56274561528153, 64.85856938084109, 77.51612493630773, 63.5032429260026, 36.17671085921324, 78.06589163259358, 97.61157127557784, 93.23586072617032, 33.8780965254398, 32.87995734434876, 28.586895743146503, 73.74830312326866, 31.77467161744546, 22.050415098819492, 78.37038181669752, 69.23956521880858], [42.06633114800713, 7.462731567122617, 78.34798194603123, 69.70087277489675, 0.0, 71.39285633342762, 32.705238531086664, 61.72905421803612, 58.5979536445366, 51.57545058707077, 6.320595528525773, 12.057673895119699, 64.03074354866158, 90.72654708474043, 75.38618258799255, 60.2607951573617, 76.73570520623879, 44.87183931826853, 37.172162581304114, 60.88280555673173, 80.81940120962153, 79.65826580970251, 16.636205459692956, 50.9468377073114, 80.09794318564646, 46.00776715043621, 70.63783888422044, 82.0280419331484, 78.27936464833134, 83.04274296482613, 43.069146468274624, 56.54447386524208, 90.94721768910078, 83.03499289110806, 5.126455052311449, 32.828482190125364, 60.84279836688828, 61.274012858937326, 81.04724520119505, 9.142338482828379, 25.645067977348894, 36.73732503019224, 68.44402037094017, 31.56920642443269, 103.63871497865799, 63.808287722639434, 91.0238782764237, 48.262354064074614, 37.15347122196256, 62.52933168283485, 21.75513889762432, 31.53582594872518, 65.20628059585462, 40.80888760879544, 89.96866989914663, 71.0575422506098, 43.273783110746066, 62.70652480373247, 28.678353994792534, 79.23793221067086, 59.88954573304307, 75.20393854689085, 14.789183463109385, 15.137814437248721, 29.607961477003283, 78.17655411984904, 68.763991924121, 8.62305519344934, 66.52418684238172, 16.14888609059671, 75.80047542843431, 73.75290826786686, 40.410012321565965, 42.63465370554609, 61.845271341487376, 35.016087459373956, 41.82029768596025, 47.89016878958662, 47.72080305749945, 78.81710204294038], [81.97773460472901, 76.53504295445809, 66.11244168814311, 23.08997428856938, 71.39285633342762, 0.0, 42.46548523632164, 103.83147769518159, 89.40826803650467, 62.10206351044199, 69.0947882852605, 60.84449083451516, 7.40659510782592, 78.67802328999983, 38.69030545906406, 104.46611995722157, 65.57075665651527, 43.30957212096859, 34.98124758101089, 108.03079202798997, 123.61403997512119, 30.72150006215843, 74.44395502948606, 107.14115527980027, 73.29671519512227, 70.09870027817678, 12.419899011545638, 36.321195381485296, 31.526304627557654, 97.99085272511505, 28.621934761272666, 38.92496800805763, 59.45317468316725, 88.41912666616034, 76.25918630866573, 96.2007316486717, 18.361827541283837, 22.38631299833767, 80.61332196005341, 80.0495899448221, 53.41412496152025, 54.3544262130019, 59.75646222409885, 43.42927017413927, 90.30717017729775, 62.60061442204661, 68.12702518703075, 24.938783897174776, 61.0655244527794, 41.57795455921986, 85.4487459845744, 40.00577589929539, 89.55484274622722, 73.90275824368267, 91.20896638007308, 28.97990149298281, 96.87020459866687, 74.4160598877171, 84.4159355759463, 121.3807360934427, 76.06851407840608, 65.09941803011125, 58.25551076434428, 56.618478851892995, 78.38755804224044, 86.42513772206298, 96.38238368814115, 67.53932768967812, 57.88286991091417, 75.06091911982894, 115.18255021033603, 111.04205520425802, 30.984394823482088, 46.377386519813655, 11.402601231348854, 85.40035289372322, 29.673063545639433, 32.41096979668561, 92.63175810373038, 90.54274299919939], [42.383674614597396, 36.00880345926005, 53.17716770339454, 37.036565705443486, 32.705238531086664, 42.46548523632164, 0.0, 65.3913692203928, 53.94889633085189, 32.256312205041525, 28.62500854325545, 20.740480582165137, 35.69917154363035, 66.93921151827726, 43.47158395625205, 65.40296171012028, 51.76108715426038, 15.47303794656817, 8.966063933585454, 68.29151736049694, 85.89157848623427, 46.97890805545564, 42.48769015127494, 65.360880009134, 57.2884499819655, 34.60336701088598, 39.00852356294184, 49.55950587809875, 45.6446210305073, 71.03825592588274, 15.002496513030888, 25.483493427301262, 61.215708406043376, 66.07803904236815, 36.78821753717637, 53.74735927075446, 28.781764543191354, 28.700206963571986, 61.12456607825174, 40.07529678314989, 10.986800936750535, 16.89768099191747, 43.17472574412858, 1.1391752206481485, 80.35885485539315, 40.96966997355588, 63.587574768752305, 25.77989643258577, 23.084527091487026, 31.938717009506746, 52.009537285909786, 13.972782745390766, 56.994465841153165, 35.369781675703834, 71.68042319974495, 38.414521563290556, 55.20063181337112, 46.49078494571176, 42.06850888844405, 83.79530367645211, 45.85659844324207, 50.43113784691516, 17.969146764201547, 21.43828869237289, 36.467530459378594, 62.158845758554165, 62.99417601627338, 26.615442406820925, 40.922072188415285, 42.690114502115684, 78.30095037461884, 74.71895703137007, 15.083196576672245, 15.15148623461664, 35.58736784505894, 43.70702986852584, 14.889620577516578, 15.204868293817503, 52.61654473961497, 64.68786920661668], [23.10144031419573, 55.330972111830825, 61.21647210834757, 87.705757574984, 61.72905421803612, 103.83147769518159, 65.3913692203928, 0.0, 16.98121428561757, 43.70070055046774, 56.73565236213215, 59.908839011697985, 98.4034856740615, 64.96260251157427, 81.2164680196185, 2.980800096546162, 59.94726680540363, 60.53736139495135, 74.35139820722806, 7.515537537331084, 20.550845212176693, 91.58758424371769, 77.83460010173533, 21.503008119163628, 56.5916881541694, 33.924862188377546, 95.62302197700357, 89.9797050290908, 89.52853396892698, 36.52050284217727, 80.04187200747356, 67.44454080507585, 81.99665606689479, 45.78821453948369, 59.2327836254606, 36.56061807106693, 86.05086614936693, 83.02733334935807, 50.796348816468566, 57.38454749438711, 55.805109773764954, 49.94938562892739, 57.109099357393625, 64.91422358343658, 72.6478534531458, 50.55111417056739, 74.67208186782928, 91.17087731734426, 43.15407653085373, 68.47525462156187, 78.38770812850264, 76.85411567583857, 22.820899585326654, 30.266600230748097, 52.51394797075971, 84.58967642781991, 20.83170330049103, 37.660956989514965, 33.24314612522567, 18.537902929300657, 33.64771438491458, 58.74920075438725, 60.3599706254348, 69.1624840100571, 32.96649557094475, 41.511422940119935, 18.824278152078733, 55.61614284038299, 57.18450467057617, 77.16579117195825, 14.09421531950493, 12.369178150773061, 80.47217069978538, 57.45869930465791, 99.75150665464511, 26.72744886422242, 80.19077450273781, 71.44642706518684, 14.145397261102708, 38.166834421101655], [16.64967711685278, 53.5916193175846, 44.44507208139347, 71.905044706908, 58.5979536445366, 89.40826803650467, 53.94889633085189, 16.98121428561757, 0.0, 27.7821002016628, 52.70392267566988, 53.55320603628954, 84.51034739963889, 49.33924519178937, 64.53571113937987, 19.06231314779128, 43.126535926653894, 46.319794854503726, 62.67402108535729, 23.859639031890563, 34.5159005333656, 75.11294481591734, 75.2338714049563, 33.78139841569497, 40.28419319377947, 19.723810840916858, 80.39706741146024, 73.2723375383824, 73.04519703151688, 26.290192366054253, 67.76155887609308, 51.78959445093585, 65.11693187366318, 31.922957892712805, 57.459425145414954, 42.181871061752766, 71.25983768071595, 67.89449584528668, 35.33795858865899, 56.726697152215166, 45.923615789470475, 37.328141790605464, 40.134054002500875, 53.70236124471132, 58.39996164138915, 33.60664519673008, 58.14094618714014, 79.36210998359576, 30.865598855042414, 52.196993708060354, 78.17114363045597, 66.7791817098899, 8.216004785360417, 19.448281777088134, 39.18466157113915, 68.4279169588818, 27.834268474192108, 20.704707855398674, 33.38536431281905, 32.2407543327711, 16.668098342495608, 41.885995732767576, 53.241682300634814, 62.40591787341646, 29.315714868411796, 27.083695417826494, 10.18428613058755, 50.988335173696626, 40.250764176722676, 74.72701859932063, 25.82955535920714, 21.633862764565162, 68.81543459965165, 43.54392104281301, 86.44895017997479, 26.33409509049028, 68.19194596401286, 57.40038820199446, 16.77928678170546, 24.96472209011433], [26.346596823791128, 49.958263624779065, 27.55285726310922, 44.14907101324564, 51.57545058707077, 62.10206351044199, 32.256312205041525, 43.70070055046774, 27.7821002016628, 0.0, 45.329827309096174, 41.77003243985362, 57.699890294963716, 39.189663703288886, 38.11004087225427, 45.0288551436666, 25.906224345016913, 20.1701161923782, 39.67707972706276, 49.34308791095968, 62.29789134658681, 48.03206976584171, 66.73146886282375, 53.83654260180685, 28.527815208987917, 11.227848623767123, 52.675134683728984, 46.86799006765127, 45.9888656285184, 39.047549996243376, 43.458950979106135, 24.00897742377291, 44.40421697772192, 34.025732075238764, 52.96586366217723, 52.4487156950642, 43.799360758302186, 40.24317747073012, 30.10862134365568, 54.230083334390564, 28.961455252742727, 16.58317758297467, 18.562944297373008, 32.491483185661636, 52.07102721739839, 12.646019439509706, 41.31586276563357, 55.26733955378986, 14.434216376795659, 24.826157281838412, 73.3222526094573, 46.22255766386584, 27.50681317998484, 18.633925804157244, 40.081019998267415, 40.88900403924092, 44.39702739869915, 14.285156196794949, 39.32356425653394, 60.02275902046963, 14.42546297667421, 24.3382991348805, 40.09138431976988, 48.31868893283563, 31.837872567179165, 29.93332937718939, 34.29135449229515, 42.96070824324193, 17.309537630380245, 66.55330938737225, 53.56900353686348, 49.26602436659964, 45.44189766898415, 18.235368999203924, 60.234064990174716, 35.38103544197396, 44.30765292661117, 30.948698004977107, 35.90955004979911, 32.47161191363632], [36.29820358369686, 7.480652370003758, 72.23563250236838, 65.59724767780928, 6.320595528525773, 69.0947882852605, 28.62500854325545, 56.73565236213215, 52.70392267566988, 45.329827309096174, 0.0, 8.256158243935532, 61.833698524845936, 84.50368549220055, 70.36290402563789, 55.447530222489604, 70.6165412068176, 39.5935532914808, 34.26735125934288, 56.42184110322104, 76.25152763370359, 75.21309328562924, 22.688688804650255, 47.61086879748782, 73.85750248108282, 39.698669104877574, 67.3347924701946, 77.29801882564033, 73.74686918359473, 76.87325779990415, 40.492178065957425, 51.38562129733864, 85.28674467860888, 76.72435187416804, 8.460584302856402, 30.672931829310237, 57.28097040605342, 57.32008020603686, 74.73492867187906, 11.453792693932307, 20.3292882912552, 30.78955174469828, 62.38446834449451, 27.49010938681324, 97.37680396984732, 57.62786504217346, 85.05582808520145, 47.06897508521214, 30.897953218568254, 57.19812119841679, 27.998700263540073, 30.01867745591782, 59.13963486386961, 34.62063204325384, 83.65014609682325, 66.560391193803, 39.21004232351775, 56.3865361141702, 24.25153054220786, 74.58054636544355, 53.58530201843954, 69.07789138818896, 10.924818787038722, 15.086805234023211, 24.088241950053074, 71.8738296497334, 62.88579437574679, 2.4278953333776014, 60.50168679657506, 22.274335021907387, 70.82983371902026, 68.57178620648975, 38.27361549056037, 37.16011044321333, 60.15791173760286, 30.05002007297401, 39.43307361063527, 43.59006048211744, 42.62077567957756, 72.5577217181535], [37.94441401548344, 15.72604060068429, 67.67601767201147, 57.776199545008346, 12.057673895119699, 60.84449083451516, 20.740480582165137, 59.908839011697985, 53.55320603628954, 41.77003243985362, 8.256158243935532, 0.0, 53.59340056267968, 80.51347977909789, 63.361298237870884, 58.98215537133383, 66.09491712290901, 33.00225479034353, 26.01675915941643, 60.5477816594577, 80.01817458674482, 67.63365585830223, 25.02715277466539, 53.33338716244032, 70.0372725349932, 38.0824457921479, 59.17748219698333, 69.97057049831974, 66.23856553939208, 76.18324663241832, 32.237262028160764, 44.5810292625785, 79.31551113717013, 74.64697757126488, 16.072104076048713, 37.70721331902577, 49.19547171659774, 49.40791560759726, 71.77715605303105, 19.516527100838935, 14.003190731885974, 25.923061438205817, 57.63834219009035, 19.601452522686866, 93.65464561732017, 53.49565894158966, 79.90119719547917, 39.10067816535164, 27.714749409986254, 50.64951029910415, 32.785358672496095, 22.044975302714956, 59.17025920111384, 34.43297559451216, 81.28126236832699, 59.020605702874256, 44.19978493070997, 54.1094277985592, 29.23853063348419, 78.20556122179889, 51.838887199360016, 64.59532918203112, 2.7735325165596394, 9.261290360729912, 27.00221353454225, 69.98815815223082, 63.664189545362696, 6.848345398758241, 55.6188636433066, 24.91339988405778, 73.90179102756501, 71.22440388938402, 30.06703683559976, 30.940335882325297, 52.00243580243499, 33.882150605923705, 31.1905328074839, 35.88287627736094, 45.81395011199935, 71.2133459197495], [76.17733907468899, 69.25645029437112, 64.63078923354752, 23.298494791607144, 64.03074354866158, 7.40659510782592, 35.69917154363035, 98.4034856740615, 84.51034739963889, 57.699890294963716, 61.833698524845936, 53.59340056267968, 0.0, 77.75600819180156, 38.940964282124064, 98.89488142791711, 63.91967800467377, 38.191373424110004, 27.87369371603615, 102.30372068432158, 118.42431197727933, 32.82005892066278, 67.0974495596544, 100.78824060162844, 71.50332188271962, 64.9637791342663, 14.177014077110744, 38.23588413496234, 33.180721227572185, 94.74580846157136, 21.44587282704435, 35.56400004692568, 60.361873499845274, 85.85410399084724, 68.9172552060598, 89.31832723468901, 15.31112213178095, 19.84560627613669, 78.3964432986852, 72.72592208808197, 46.68487845070846, 48.57802364242666, 57.40915184593527, 36.6146968908351, 89.92824763827161, 59.52795433809383, 68.18830754125547, 17.75694611121924, 55.35672908650486, 39.22143441899129, 78.09041816255612, 32.60903319648197, 85.20122814251947, 68.26341307167921, 89.17742030151946, 29.09567061236317, 90.54758654731695, 70.63740134644316, 77.75993328997167, 116.21521644004186, 71.93660250710131, 63.28446249971549, 51.03356113468438, 49.223380884132546, 71.94006239968554, 83.49379011314907, 91.94161118437175, 60.32390515734864, 55.38872478541335, 67.7052681310683, 110.15110229082646, 106.11218907668281, 23.63799933891577, 41.062913301321466, 5.59470214546705, 79.04963138589852, 22.40301694782076, 27.114621731443552, 86.78280108083563, 87.39728591197111], [59.41909048710681, 89.06898972712425, 13.979141630928325, 55.613117445990476, 90.72654708474043, 78.67802328999983, 66.93921151827726, 64.96260251157427, 49.33924519178937, 39.189663703288886, 84.50368549220055, 80.51347977909789, 77.75600819180156, 0.0, 40.444069607581675, 67.57812763811154, 15.249947882235203, 51.589674971798026, 71.71238520036562, 72.40391650093275, 75.57192911673387, 50.83982391797502, 105.53966258236701, 83.01529878294045, 10.725084084175798, 47.030674496510684, 66.37772083172156, 45.97021798730147, 49.20915405580044, 33.71954939443321, 72.85371250585884, 45.06996988149618, 24.949624005277066, 20.856750588678082, 92.14126583176731, 87.85417714761334, 62.618061575798095, 58.04784303752084, 14.167558634113146, 93.29015001880235, 66.99565742245055, 54.63243624398688, 23.77033145386683, 67.57580677437554, 13.419872659507659, 27.01799929396387, 13.990338685548494, 83.38538494397513, 53.620865201396036, 39.50562536661579, 112.48117918997497, 80.173230292672, 42.19147263727494, 54.42820652290146, 17.56673255897592, 49.778710137077205, 75.91270534276899, 31.22728463406305, 75.82192271335357, 73.50672418150671, 35.45489747770687, 16.51608376851914, 78.59068414113207, 86.14020500633659, 68.90617444383989, 23.89176915151669, 46.77252387654325, 82.1239141983745, 26.0385468248428, 105.41972068186736, 66.99535229388864, 62.62837538936708, 76.08380353837198, 51.9024099523252, 82.32587095366284, 70.25175585708713, 74.29938648440964, 58.038020458553575, 65.12689149671147, 28.202616646408334], [64.1086745322018, 77.15999762038243, 29.133391229508046, 15.742696983301022, 75.38618258799255, 38.69030545906406, 43.47158395625205, 81.2164680196185, 64.53571113937987, 38.11004087225427, 70.36290402563789, 63.361298237870884, 38.940964282124064, 40.444069607581675, 0.0, 82.79873671175062, 29.036758990160898, 30.900833198716843, 43.36828223634148, 87.25779679348906, 98.43271548091253, 11.35427149668824, 85.90417463500519, 91.68984255126546, 36.73823174459075, 49.15559438531326, 26.273249787738997, 8.776303647240098, 9.384875410212382, 64.76242180668088, 41.34214375666753, 19.05346838895845, 21.585970650133774, 53.34139885198531, 78.81993595044106, 87.61719014488772, 25.04732737562469, 20.919350250339086, 44.8496082069515, 81.52824403657273, 50.04488368333244, 41.95664467808249, 26.050651761667204, 44.537830491795, 51.6481062786972, 31.523267088758924, 29.447761869382205, 48.98190109568649, 46.208992931426586, 14.175436870305465, 95.4543911621048, 52.56019936407355, 61.63774592447195, 55.928096452434055, 54.653537092943374, 9.856851676960972, 81.9395120356322, 45.042108208184274, 74.24811086047805, 96.14726199641107, 48.279317358766676, 29.04181101947534, 60.69563299671687, 64.84804447625045, 66.76514134689921, 52.608752196431894, 68.4340262118478, 68.04716348689871, 25.07299636983701, 86.13479894739098, 89.43336031013557, 84.90887854111912, 45.2094709957211, 33.71520022541336, 44.09115006389306, 71.90953885258911, 43.094299606496094, 28.87260053017838, 73.98916659615199, 57.280546954836744], [23.02151930958126, 53.69938702073547, 63.478132908856026, 88.8379527067393, 60.2607951573617, 104.46611995722157, 65.40296171012028, 2.980800096546162, 19.06231314779128, 45.0288551436666, 55.447530222489604, 58.98215537133383, 98.89488142791711, 67.57812763811154, 82.79873671175062, 0.0, 62.17623065332675, 61.24299206366101, 74.36886126797565, 4.845337027313865, 21.0565742844132, 93.02889948009047, 76.2004844955785, 18.559847821137765, 59.04012144438479, 34.88864267377325, 96.52932354578311, 91.57222470753206, 90.97712611960442, 39.475425044854894, 80.17403206531964, 68.56769572095875, 84.17912001431563, 48.58874425362772, 57.576413986703955, 34.11913321577401, 86.83362563210285, 83.92721534668793, 53.42067430810132, 55.57916321444206, 55.56351192213094, 50.338025570211435, 59.0494383825237, 64.87899737863921, 75.45402707259659, 52.427391573062316, 77.0558059373656, 91.15779805167817, 43.546335341359196, 69.85162354870613, 76.41477336250362, 76.51983178953853, 25.389561628604216, 30.633169550069017, 55.36983008765702, 85.88115149255356, 18.521761449268336, 39.75673794173549, 31.63153984022465, 19.22543884858388, 35.645554095808144, 60.945386261686295, 59.56353328825436, 68.24338164692821, 31.980015172736802, 44.24621566248169, 21.69646862487474, 54.43453243131871, 59.033975783447964, 75.51045090857319, 15.678674789377972, 14.647451166518254, 80.45998900381007, 58.10147227052961, 100.0808509657994, 25.402026424271067, 80.25716758923035, 72.05578733093044, 13.231498901614104, 40.994311522166655], [49.48582016482546, 75.67052026328052, 1.6467219058020068, 42.86734664610079, 76.73570520623879, 65.57075665651527, 51.76108715426038, 59.94726680540363, 43.126535926653894, 25.906224345016913, 70.6165412068176, 66.09491712290901, 63.91967800467377, 15.249947882235203, 29.036758990160898, 62.17623065332675, 0.0, 36.36913482993005, 56.46813700645451, 66.98510755898627, 74.11816998658435, 40.272266110704926, 91.06661079805191, 75.35537124943792, 7.783822781272607, 35.450577476377205, 53.5741520236528, 36.3054234569576, 38.379919325933834, 36.425495229420356, 57.72537175248867, 30.089466006829085, 22.090169549254593, 24.412773597672842, 78.52436489029473, 77.31181891716219, 48.62803226555166, 44.075714603274854, 15.831114359208916, 79.99077234167372, 52.35391080890272, 40.181437746181025, 8.616809488384648, 52.42295758091628, 28.647584936659346, 13.261146134838725, 15.821815458626197, 68.44021290751887, 40.02877268330357, 24.923684529146904, 98.45489296185403, 64.92876596310326, 37.70459253199014, 43.17407904180752, 25.796343467890157, 37.31383230099959, 67.09046601971336, 22.579658986756936, 64.57644852862875, 71.89500479436877, 26.902798695550377, 1.5681768989542149, 64.04383029807586, 71.30002415496996, 57.27269402261688, 24.31861593613716, 43.78367440357248, 68.20524366349036, 10.841404422772099, 90.99336004653762, 65.13001693498074, 60.56434066580342, 60.899378501030284, 36.79957688022023, 68.20353270756821, 59.78442013484838, 59.14228060709793, 42.919222995409505, 56.976338849833866, 29.160357984219072], [39.138764929035474, 46.27760660921282, 37.757191291031276, 29.525125414106927, 44.87183931826853, 43.30957212096859, 15.47303794656817, 60.53736139495135, 46.319794854503726, 20.1701161923782, 39.5935532914808, 33.00225479034353, 38.191373424110004, 51.589674971798026, 30.900833198716843, 61.24299206366101, 36.36913482993005, 0.0, 20.65205181486984, 64.94776273022946, 80.3319981182248, 37.17330281487871, 56.879949776448385, 65.59417854103442, 42.18133142955054, 26.81619184338741, 35.59629540622889, 38.35162032278286, 35.442939601273466, 58.93141526189172, 23.530826561169725, 11.84867275309175, 46.4909756281683, 52.37588943092477, 48.05224799910422, 58.24244482184172, 25.630546435727393, 23.101065546498646, 46.64865889774918, 50.6586296169154, 19.278248890934652, 12.30056500431968, 27.824564386488387, 16.22768381223782, 65.00572411156293, 26.278370182847727, 48.21188136296156, 35.271406162913664, 18.387502799887194, 17.658302542796637, 65.65440544785625, 28.640239558852098, 47.36387499377366, 30.862219109299886, 57.429363083167914, 28.618808379749105, 55.35879651614991, 34.128358333767906, 45.13810145786402, 78.10740302048957, 34.59254618729893, 35.074053594669415, 30.466540953542378, 36.13375544390213, 38.04048961427796, 48.920828402197394, 53.979417335902546, 37.24341649115488, 25.55118730295945, 56.97227247656519, 71.98176042055155, 67.92252576446664, 25.912709370409257, 3.3656019920392195, 40.293200715372436, 44.27484509532867, 24.545648108568187, 11.081835026085539, 49.79846314511786, 52.04259695396598], [51.34973804692884, 41.74256444654346, 57.75280925374841, 33.888391104055586, 37.172162581304114, 34.98124758101089, 8.966063933585454, 74.35139820722806, 62.67402108535729, 39.67707972706276, 34.26735125934288, 26.01675915941643, 27.87369371603615, 71.71238520036562, 43.36828223634148, 74.36886126797565, 56.46813700645451, 20.65205181486984, 0.0, 77.24101018827832, 94.84381762153565, 44.66592689621221, 43.80124600566716, 73.99406654777115, 62.66087369426183, 43.16040125615353, 33.51058671410652, 48.12116723302804, 43.659919140165066, 78.71411286902459, 6.471092575769324, 27.634139734893086, 62.95623446539805, 72.89215291186625, 41.80317374821007, 61.552837933327176, 24.03402122206526, 25.310887757325094, 67.30063461306779, 45.44873216196805, 19.50110570194096, 25.394267779838746, 48.09150643457485, 9.54501121293583, 85.07209659679933, 46.929739940013626, 66.76486130634997, 16.828121492533526, 31.835175159286248, 34.0808706573131, 54.18653080346543, 9.222175447811848, 65.38066629433425, 44.2851763596716, 78.07083301866184, 36.57694529693166, 63.89799789214391, 53.954010380891084, 50.39891723832475, 92.74199140913304, 53.72597477453581, 55.26935912741726, 23.360669769519287, 23.41953498510477, 45.13986617388237, 69.25653132389331, 71.53273141069252, 32.61233504447271, 45.79765445303364, 44.18697708698421, 87.2108730740546, 83.58848530768411, 6.155345955471477, 21.598358991335854, 27.10940350425249, 52.43347311996915, 6.000431492700278, 14.817563523224276, 61.56668971629797, 72.10442724021891], [26.137739814800806, 54.04497033037272, 68.29556727895462, 92.92116112576143, 60.88280555673173, 108.03079202798997, 68.29151736049694, 7.515537537331084, 23.859639031890563, 49.34308791095968, 56.42184110322104, 60.5477816594577, 102.30372068432158, 72.40391650093275, 87.25779679348906, 4.845337027313865, 66.98510755898627, 64.94776273022946, 77.24101018827832, 0.0, 19.961152690838794, 97.37476192141777, 76.44446181671563, 15.389250901125452, 63.8852440910277, 38.93852469941856, 100.38811861601768, 96.034025488167, 95.32995979343168, 43.87797845265131, 83.17917947445949, 72.66504056169035, 88.96982940833833, 53.303738315341754, 57.85128071362048, 32.76312253761477, 90.57566855827729, 87.79231574034277, 58.2429522394334, 55.56347660127294, 58.15609803106395, 53.73372541911149, 63.74403905193138, 67.70903240039176, 80.1629196085577, 57.093460245583465, 81.89551100717348, 93.9576540079062, 46.97840630778873, 74.1635696435175, 75.9571562302967, 78.91419015994187, 30.221534552462916, 34.134386556321836, 60.015999422077506, 90.1080878685469, 17.925408598750916, 44.53112248931078, 32.24148017323154, 18.51337990634291, 40.38589664112565, 65.74475115223595, 61.33262590988701, 69.78289190151031, 33.682421212535644, 49.01528954138212, 26.32612476071584, 55.600319058237076, 63.68044707091218, 75.71484862874335, 16.688309183865435, 16.955035062343757, 83.28045617277637, 61.748389184527035, 103.29789510014444, 26.669986422733377, 83.17911055127112, 75.63509454229997, 15.674977191127232, 45.67985104126416], [43.65193902082971, 74.00593768423953, 75.12301578387482, 106.41030424115162, 80.81940120962153, 123.61403997512119, 85.89157848623427, 20.550845212176693, 34.5159005333656, 62.29789134658681, 76.25152763370359, 80.01817458674482, 118.42431197727933, 75.57192911673387, 98.43271548091253, 21.0565742844132, 74.11816998658435, 80.3319981182248, 94.84381762153565, 19.961152690838794, 0.0, 109.26506212690222, 96.39892055438145, 33.17956611140605, 69.17771359149339, 53.51917340714445, 114.87369751578296, 107.0743243505817, 107.19372447997328, 42.57597264078703, 100.46474928001774, 86.30428584526015, 96.01020524038337, 54.81619051882406, 77.81127221448718, 52.073053035947645, 105.60015952495718, 102.34003064618565, 61.901540726758235, 75.4878652688302, 76.35542496868091, 70.20760990996212, 73.0635747475867, 85.43249424791873, 80.26822367044674, 66.98722823400642, 87.28955925813966, 111.66986146172943, 63.43453149425088, 86.57680756034644, 95.67928262283434, 97.39651129256724, 36.928655824351566, 50.632416283454155, 60.05902676414625, 102.83276885259319, 37.83829382373812, 53.485539610987274, 52.1526606247576, 2.2883121730598575, 50.1650642063149, 73.17447956382124, 80.61985336861643, 89.27818793653451, 53.01880967973144, 51.84957862909462, 30.40048751756505, 75.33840583289796, 73.58426166129807, 95.6652198385596, 9.03774486269127, 13.609577075172593, 100.97477324935697, 77.36845046063429, 119.97807952799597, 46.29592590532941, 100.65473704696576, 91.351685272879, 34.28317377362711, 47.37224572437754], [73.39485004921542, 82.3661312563737, 40.277157840903186, 11.138751829870852, 79.65826580970251, 30.72150006215843, 46.97890805545564, 91.58758424371769, 75.11294481591734, 48.03206976584171, 75.21309328562924, 67.63365585830223, 32.82005892066278, 50.83982391797502, 11.35427149668824, 93.02889948009047, 40.272266110704926, 37.17330281487871, 44.66592689621221, 97.37476192141777, 109.26506212690222, 0.0, 88.388795986031, 100.86916011444026, 47.9101068523264, 58.753901701101405, 18.78639893795686, 5.608186755741381, 2.071346923079166, 76.11648153830154, 41.08961660817599, 26.049634580004213, 29.126981356242762, 64.63663184981695, 83.56150139607801, 95.27989653621475, 22.088673735480956, 19.47112856087432, 56.102587693662926, 86.61606692248532, 55.28075566308056, 49.175827304008926, 37.343876205357795, 48.10943087468155, 61.19568676544024, 42.58893610276655, 38.723998995055794, 46.210828962151496, 54.290661026546545, 23.232071395270598, 98.53375033452349, 53.43261000677666, 72.61523081253827, 65.06143291412879, 65.72195964940575, 8.672405432708508, 90.90051696186204, 56.058620926524654, 82.04170170078646, 106.97707166840215, 59.11454181079908, 40.34055996074642, 64.8785092650975, 67.60685988684101, 74.7321782587559, 63.96158947275586, 79.4573281651551, 73.0249992255894, 36.262414512493855, 88.7333334226366, 100.29896098375374, 95.80122471772813, 44.96419218388268, 40.37253595968878, 38.353504079494705, 80.406545512046, 42.851394448778535, 31.77520290703616, 83.58460655372004, 68.63455719687728], [58.68963201760747, 22.50662693359168, 92.63709673408734, 77.6882927235889, 16.636205459692956, 74.44395502948606, 42.48769015127494, 77.83460010173533, 75.2338714049563, 66.73146886282375, 22.688688804650255, 25.02715277466539, 67.0974495596544, 105.53966258236701, 85.90417463500519, 76.2004844955785, 91.06661079805191, 56.879949776448385, 43.80124600566716, 76.44446181671563, 96.39892055438145, 88.388795986031, 0.0, 65.21949988817178, 95.06054694434005, 62.14290881968994, 76.40712801803609, 91.55319856782727, 87.28984503943018, 99.55801753931989, 48.36384462481461, 67.86144022223337, 103.35290561750443, 99.09525878732083, 18.62582064575452, 46.09762156904108, 67.64373215882351, 69.10858133298196, 96.63086828184028, 21.0569222573727, 38.74930914933162, 50.92954715336537, 82.56938196765998, 41.457860419562586, 118.67733779104246, 78.52218356405348, 104.60418369738626, 49.64554925977422, 52.50903029879423, 74.2212892091069, 11.044983688284484, 35.62860113120133, 81.807818749932, 57.30460439969095, 105.89797650983974, 80.11812714222668, 58.5797387950892, 78.63142388518524, 44.596425506365286, 94.92814584966601, 76.03574146141324, 89.57682567568553, 27.028424446505134, 21.059120068934483, 46.17817201756018, 94.31185326361968, 85.39842577703503, 24.69440779712861, 80.5129349617963, 0.9435349560759079, 91.83834825037339, 89.99253432644588, 44.862857343515586, 55.26356274990976, 63.67344824021567, 51.25367827589441, 46.75573018359018, 57.18696971752997, 63.97585812655666, 95.15327010831656], [27.58183302760595, 43.61814004180421, 76.82284337626388, 94.87238358945211, 50.9468377073114, 107.14115527980027, 65.360880009134, 21.503008119163628, 33.78139841569497, 53.83654260180685, 47.61086879748782, 53.33338716244032, 100.78824060162844, 83.01529878294045, 91.68984255126546, 18.559847821137765, 75.35537124943792, 65.59417854103442, 73.99406654777115, 15.389250901125452, 33.17956611140605, 100.86916011444026, 65.21949988817178, 0.0, 73.5737095598199, 42.6289634669466, 101.02541134487161, 100.3630062754324, 98.89851951751913, 57.47563512338947, 80.31407797785147, 75.09436874403225, 96.70621797927882, 65.41562998807301, 47.11427039098122, 19.395034560218512, 90.78280856537087, 88.6618672122178, 69.09717715272963, 44.186286210570124, 54.49832027172669, 53.455729033126005, 70.63769213466011, 64.57261083108783, 92.10913274391598, 63.87441133832909, 90.92496775054892, 90.09550557385256, 47.24514793767921, 77.83403123173049, 63.223758389245155, 73.87495810457926, 41.54670117930114, 35.82334223420062, 72.50754911369579, 92.94716606163534, 10.28733736092371, 52.92403224310086, 24.198252408472566, 32.30804422564985, 48.54226401287056, 73.96007854038085, 54.72858188069126, 62.191462900819914, 28.89440750386866, 60.726633686279584, 39.36442896842245, 47.37803526835935, 70.10279975518831, 64.40894475961088, 31.837556742966115, 32.34126322797819, 79.696844093394, 62.237599899495464, 100.9480983297958, 21.744391105450482, 79.98768128305392, 75.38627606564636, 18.400519494936418, 58.08187626887157], [49.1284652950292, 78.35630925083986, 7.6386716683457205, 50.643049883494385, 80.09794318564646, 73.29671519512227, 57.2884499819655, 56.5916881541694, 40.28419319377947, 28.52