instance_id,num_cities,city_coordinates,distance_matrix,best_route,total_distance
558,89,"[[94.67702236077128, 69.75754838691414], [6.397493294381118, 40.744050103271626], [35.52852547030615, 60.15093251939443], [27.32254040981109, 38.16600797478692], [69.99139469558796, 80.6645422594779], [15.502130396365787, 29.10544509221349], [27.72208257638059, 77.4761209014034], [33.74617966431291, 47.75386168968052], [69.41327073053199, 89.58680334439268], [93.97734205813046, 64.9766645366925], [27.590104844017315, 65.35710403998618], [20.116723505530842, 58.344924014898744], [46.70090022825435, 90.63262818950697], [26.708016567664995, 31.099416488061138], [82.81798306632622, 35.541157019660005], [71.0653053662623, 42.47849391238396], [67.29293501679734, 82.6942706256479], [54.90080573174085, 55.24452530175324], [8.970938405621654, 4.461061979272163], [10.288133234249496, 12.194106499630774], [21.78415368513126, 57.23175602869092], [40.450256646845176, 45.18027344998147], [81.79116730006974, 93.81362976666176], [42.62603585217576, 69.993615808946], [48.41202501064057, 36.3176955971945], [99.36549222108921, 52.84065480934057], [36.9940086812424, 31.921131411163795], [45.015751398174544, 74.35134471579909], [82.63455118845663, 93.8021922389147], [10.337916376154277, 48.88373189684607], [6.93001585830233, 37.28834787666623], [77.14985391860336, 95.11081726324947], [13.114862130166106, 66.63655840910306], [87.29275243958577, 1.418874943033388], [1.5471941091167452, 21.94599686197686], [79.46340779067607, 77.70440790910516], [74.65186622187622, 9.672575281879968], [56.98797110701168, 13.139087818440798], [8.707841462145293, 97.2667859526311], [46.78515887367843, 1.9739402488431979], [1.3552255203747476, 30.438029714687286], [46.58045064992318, 28.50019975087855], [6.491789855447905, 89.54138842142791], [20.247694074516932, 36.302974967723564], [61.344468634534756, 8.77591352906768], [20.134535367763885, 96.4406916662933], [40.269430143724584, 93.42649988129956], [91.4353013165025, 69.14914742331926], [75.26644661165372, 15.607298714678697], [89.82167622288769, 76.44085505278161], [6.813913674944649, 66.77273395029262], [61.853140239299286, 14.897785075026782], [20.178312430144974, 54.07875011249761], [34.00567005071231, 1.9764524077799495], [26.849411999785712, 6.686796457543709], [42.317928309232045, 91.54780836603989], [36.9517538858097, 28.25847894072615], [4.576707532470969, 13.614692689245178], [71.25957820476779, 38.047760757103546], [22.364853952798057, 24.660653067616334], [11.424013031534063, 57.780668539268575], [92.57972461594547, 42.0451344153509], [61.634595113303114, 39.346274212912306], [37.83950848329932, 2.4830799776658585], [42.612106732602484, 47.24240530461137], [2.5335509813481316, 28.188738341562537], [74.61273164972913, 80.52591405606356], [50.35038461792145, 50.32072247379122], [3.1418298973531655, 95.9874982740301], [54.63085971435662, 61.46443038978936], [32.842103895474715, 64.98454463262374], [43.33630444890979, 98.19806914265689], [36.638469042136855, 88.10136650550989], [89.73246734520578, 64.53117272949345], [56.04863149293324, 80.92057837021802], [62.22190425055596, 42.64363105931683], [21.408386425248693, 30.290624241551466], [33.73015047248581, 68.85201890814957], [97.29467334788782, 17.507572460973975], [89.45871787989171, 75.13114715562412], [53.637991201666004, 9.344821397582702], [63.687523038912964, 56.130960910033146], [54.173417766446875, 55.03628970419015], [47.966816582203634, 84.441537337168], [83.46690436293278, 58.655763061722], [68.40323409538723, 81.32884318357013], [70.87356937118243, 74.77135253602233], [88.88780902528514, 0.6722376554678666], [95.58337853079948, 85.33230408947284]]","[[0.0, 92.92501458078202, 59.92354923423215, 74.39523952843547, 26.98782556191231, 89.0014439200752, 67.39837033039309, 64.78217208438267, 32.11629646461599, 4.831811556260618, 67.23108218934274, 75.42868261105643, 52.320906448940654, 78.19358612068147, 36.213233094882526, 36.07852536417154, 30.28608627644949, 42.34117674781807, 107.74583037923337, 102.15201637715741, 73.96124510826886, 59.536413757620714, 27.2899305970984, 52.051521825454216, 57.08479424860636, 17.554573134828985, 68.9849586266134, 49.87328742254444, 26.891746129724968, 86.88383631692086, 93.56167020697637, 30.82190578656487, 81.62185099545654, 68.7364657975539, 104.68576488426878, 17.164109197766457, 63.33412090982084, 68.01554720468172, 90.2632716880334, 82.99547048171902, 101.26688656286338, 63.36757078200284, 90.37718494470367, 81.60228790789529, 69.49689869230251, 79.17431718916528, 59.333003932887216, 3.2983188234854115, 57.52408183080947, 8.260809531074402, 87.91379291759881, 63.92965562366648, 76.13069352539385, 90.96862076157853, 92.62021634728488, 56.71234574460679, 71.09415858849394, 106.16066587040659, 39.41937749796704, 85.22194357853371, 84.11010173135566, 27.79166324568835, 44.907099608976495, 88.07018271537059, 56.724660487171725, 101.08602913576681, 22.771329801347306, 48.40083692626487, 95.21922983513157, 40.89585490997017, 62.0188576680379, 58.691843867467384, 60.86845927480087, 7.194694351703446, 40.209026591632565, 42.29065150119832, 83.22217921532673, 60.953598553358546, 52.315505167700316, 7.490411562941599, 73.0335516099656, 33.853108490721304, 43.095909809830594, 48.963893384486, 15.77708410740445, 28.709002300417026, 24.32576013762326, 69.32744874798333, 15.601105624324614], [92.92501458078202, 0.0, 35.003487265528214, 21.083261085496385, 75.08548454541759, 14.776723025158974, 42.47332260566546, 28.232748797059163, 79.72830582707462, 90.87050958237246, 32.479673772767384, 22.316093745087187, 64.13450579792273, 22.484134699966866, 76.59739782410013, 64.69106749382877, 73.94643888953809, 50.62445158594724, 36.37413706119849, 28.813822358596788, 22.552023515937226, 34.34051207423693, 92.19862453271719, 46.56226358149376, 42.24705302799286, 93.7516755575669, 31.843219813109116, 51.19394603021361, 92.88302020945876, 9.043304360908019, 3.496492265120962, 89.22803318087449, 26.749673464241113, 89.94727540928204, 19.413711851398457, 81.88220753200982, 74.9939728998401, 57.63185220047329, 56.56993350316719, 55.98468495106143, 11.473383134659944, 42.0069272059872, 48.79742942797328, 14.544800102086585, 63.56989739694731, 57.36568840627298, 62.63184988917658, 89.65644620978766, 73.31295248036734, 90.74059830578751, 26.03201468848541, 61.1829894169097, 19.176162295639, 47.593466514725705, 39.72628229046768, 62.219767801542964, 33.00685273612001, 27.19038974506924, 64.91810252279768, 22.66345663402841, 17.76266501406079, 86.19205193027234, 55.25478436111778, 49.52274380618122, 36.79302714921107, 13.136434205375418, 78.96781270514835, 44.98410062890243, 55.33929806159476, 52.49563596549272, 35.87365335271864, 68.30402677213091, 56.189251917053106, 86.6634011730819, 63.87009431648323, 55.85672087056725, 18.292102799645733, 39.20627575722782, 93.82020696470785, 89.89793920514829, 56.72368293614535, 59.320355126251386, 49.867896205580955, 60.311516555000004, 79.12347049744034, 74.10693167074318, 72.90419533271972, 91.70824577013884, 99.71075427927309], [59.92354923423215, 35.003487265528214, 0.0, 23.46646752379134, 40.10607858925282, 36.94426598606058, 19.002702521699895, 12.524540779169719, 44.884813161874476, 58.647692623153574, 9.493299950054704, 15.517258344171587, 32.46468433016708, 30.36102700865679, 53.3097913133517, 39.68850981949545, 38.95099237259663, 19.983945414079127, 61.69819374563469, 54.19349187974391, 14.050955382214681, 15.75893621875261, 57.213715270293115, 12.13478751190826, 27.09257726011889, 64.2541709474077, 28.267814058603747, 17.07803157141409, 57.89114733419663, 27.59559016225457, 36.61382974469874, 54.35557490363489, 23.333144826756563, 78.28786483791778, 51.13069518074609, 47.3117150689122, 63.864703404631825, 51.67805481266978, 45.79231012673549, 59.256005815661375, 45.28433528881654, 33.524825651446086, 41.31502043199969, 28.32364537860254, 57.49656944301213, 39.4198116461393, 33.61159859898257, 56.62627885508687, 59.69286129148587, 56.68428172594499, 29.46824027234336, 52.35296263209533, 16.507587333131436, 58.194408879939786, 54.164018088342154, 32.1225746763687, 31.924194185448254, 55.889503944712786, 42.01497746597291, 37.852901914994, 24.220769418959428, 59.85531930363234, 33.38204127153526, 57.714139162434826, 14.72437429415426, 45.93745964012835, 44.07624127912058, 17.785402388825098, 48.302769022297866, 19.147439782565062, 5.5299789275255735, 38.84000537857744, 27.972463866181794, 54.38063827388996, 29.19679674122643, 31.922438426911032, 33.03053643372407, 8.884990544585028, 75.05673308043306, 55.972068783299676, 53.93712706844125, 28.444495351629552, 19.333690280487286, 27.290008578187596, 47.961689946875175, 39.105630889729774, 38.249559602922034, 79.90574625279922, 65.12055628039273], [74.39523952843547, 21.083261085496385, 23.46646752379134, 0.0, 60.222558417987464, 14.893484905656747, 39.31214331788852, 11.540800671104916, 66.45094262216693, 71.84479026385453, 27.192412470270945, 21.426909478781422, 55.93091333072192, 7.093261224065509, 55.55748372792985, 43.954829325084496, 59.8364322110055, 32.438194651586926, 38.377137473771235, 31.059792241063725, 19.853878119074214, 14.884114140807796, 77.86840903987799, 35.315628172234184, 21.170324026187817, 73.52232426549787, 11.512418591251445, 40.27937822433696, 78.4525559548507, 20.083502175520874, 20.411402323988444, 75.66685189964522, 31.818710912462098, 70.33333574450684, 30.454182593207122, 65.43664967428457, 55.244373364622696, 38.81216962452028, 61.9629645393009, 41.09329974277275, 27.092860508918488, 21.547504622057488, 55.437801946823285, 7.3160332594536985, 44.95852813045091, 58.71631950173321, 56.756884336015695, 71.20674856476583, 52.98597461001521, 73.28782911387997, 35.198700850851736, 41.63859413449465, 17.442917065867093, 36.801469453468535, 31.482766845366545, 55.447978062916555, 13.815964813472508, 33.46849257934935, 43.93719691332099, 14.386565475285861, 25.248724360998043, 65.37237728930498, 34.33234810449596, 37.20051031782356, 17.78065878497985, 26.721525147687768, 63.48798178177188, 26.038792088445792, 62.67400977528697, 35.8965289445498, 27.380640780303306, 62.13122408872058, 50.79691484602617, 67.75043094050488, 51.508655569852564, 35.18543313611196, 9.84880126202295, 31.347866493873912, 72.95800398710377, 72.30024941348418, 39.02773047586234, 40.56046715190165, 31.710818665725625, 50.67159713735702, 59.76637572434163, 59.587362225128835, 56.89150528893546, 72.08373680972237, 82.9710883992612], [26.98782556191231, 75.08548454541759, 40.10607858925282, 60.222558417987464, 0.0, 75.01613442836081, 42.38939463813557, 48.95741525275415, 8.940971434153937, 28.660690471859294, 45.079785335785076, 54.64108513655328, 25.333966717459408, 65.80389437488576, 46.910993005194136, 38.20114621965136, 3.376608043361547, 29.561852739752172, 97.62410815291167, 90.84426235191903, 53.60068615585082, 46.17155152428256, 17.667289995612165, 29.37229197630616, 49.31847528956773, 40.45993472900776, 58.86210652794608, 25.76119603871574, 18.23313612863577, 67.59110431789608, 76.53908635458826, 16.12260524642868, 58.58092084947001, 81.11234658308435, 90.18024266722449, 9.923780904764948, 71.14477753282877, 68.76609646106516, 63.4925853353212, 82.04108864354608, 85.05072769506735, 57.17683910871352, 64.11706646936418, 66.65121457302628, 72.40679713289411, 52.293339080045364, 32.34598490019117, 24.340202328639993, 65.270752334905, 20.275098004004192, 64.68675634326469, 66.26837508309566, 56.46368309689184, 86.52622644450467, 85.63841162037332, 29.736614181560945, 61.95170165062605, 93.67370828593955, 42.63564653003485, 73.5168211210124, 62.87932785443435, 44.74026498381448, 42.15489738602526, 84.53451857986983, 43.20491462773577, 85.46502603642209, 4.623415731090239, 36.14576982244572, 68.58321438032263, 24.58841862987912, 40.32284876505541, 31.904833505626037, 34.17197688912665, 25.495010526542625, 13.945113847341132, 38.806631782028916, 69.98457193605334, 38.13677412332007, 68.80604522347052, 20.238456792391148, 73.17059784950283, 25.33052332056434, 30.116701731239633, 22.34608987920399, 25.806505431194605, 1.7214963868041413, 5.958852009817199, 82.19393694415854, 26.01418146171979], [89.0014439200752, 14.776723025158974, 36.94426598606058, 14.893484905656747, 75.01613442836081, 0.0, 49.8903749186113, 26.08847974267504, 81.02102040926543, 86.28501161727183, 38.21389672243207, 29.601378299554042, 68.98519767972718, 11.381906993626922, 67.62279503759733, 57.14984555956382, 74.52549674631217, 47.28114986316475, 25.495138513790977, 17.69686806752919, 28.819319622364464, 29.678428363738544, 92.63576834831743, 49.06677849356304, 33.690914515181554, 87.15746460780329, 21.67553740184254, 54.020785419928785, 93.2332076717869, 20.441373128360347, 11.85078249034566, 90.31694730730892, 37.606961012291464, 76.94439277801816, 15.684321653887952, 80.32997070078842, 62.26016123728756, 44.45221641338977, 68.49912955659879, 41.40949680662854, 14.209528470234075, 31.08421322320839, 61.1039236281544, 8.62118384749145, 50.14787960342522, 67.49440426443634, 68.924721442717, 85.84488652429394, 61.269678049670574, 88.1137669606489, 38.65630297527628, 48.479621663371965, 25.40733441447936, 32.838441251253435, 25.126810509734288, 67.95686682686443, 21.466338753981066, 18.955956181764723, 56.46997428330574, 8.17637760587981, 28.96376151296443, 78.15619675020976, 47.2554640432069, 34.752104743323116, 32.617482163671326, 13.000938554977818, 78.34620481552625, 40.79814722101306, 68.01460186049196, 50.77559834732947, 39.849522767286274, 74.4884685260962, 62.66788296051304, 82.25038055941785, 65.7938202857329, 48.64174902557006, 6.023994513173228, 43.72700362477506, 82.61071802161649, 87.10879451948732, 42.95143918615577, 55.24681501530799, 46.560467879413245, 64.15636331718815, 74.11094246078375, 74.33579272990188, 71.77305453168591, 78.70136665247965, 97.84920017795967], [67.39837033039309, 42.47332260566546, 19.002702521699895, 39.31214331788852, 42.38939463813557, 49.8903749186113, 0.0, 30.326596221364518, 43.41455745415106, 67.42400031448237, 12.119735467787846, 20.58747631223318, 23.09305530857702, 46.38778979551141, 69.23943563144572, 55.708786171266226, 39.913424425948094, 35.11305790246843, 75.38437661156908, 67.56984530111966, 21.09723462013562, 34.71351577949954, 56.48344995465372, 16.676801423106788, 46.066144742697276, 75.76070442579521, 46.4889845140745, 17.57370784803276, 57.288042507924324, 33.462425845491566, 45.24784126449361, 52.47939686804304, 18.189749975983478, 96.60936481896036, 61.38989706871807, 51.741828822427365, 82.4604474374947, 70.68059180146662, 27.44470419443724, 77.87156195433887, 53.92395732419558, 52.48122425153245, 24.41917298653346, 41.84608021730217, 76.48649120756875, 20.426106259870085, 20.294100634865455, 64.25505995274878, 78.02703192029755, 62.108222534851436, 23.48859338138795, 71.28097370258246, 24.583438080398313, 75.76069834811858, 70.79470325634036, 20.274395200834118, 50.075574012182, 67.92636012050015, 58.73762941471547, 53.08647229781923, 25.564387624932, 73.90445544287007, 51.02885179047989, 75.6724421039216, 33.701489257309944, 55.35077419073787, 46.98972450234343, 35.34764089788121, 30.7710889309532, 31.31224233588155, 13.50015170235941, 25.946157010196284, 13.870753106962347, 63.34713491825168, 28.53520038086859, 49.025911966519956, 47.60602749784648, 10.51056682744822, 91.85081485055942, 61.7811544119008, 72.89381518313787, 41.82258675310692, 34.68744956748282, 21.409490444430187, 58.83613706922066, 40.86318095664948, 43.23617217692061, 98.18392217505634, 68.31453068636083], [64.78217208438267, 28.232748797059163, 12.524540779169719, 11.540800671104916, 48.95741525275415, 26.08847974267504, 30.326596221364518, 0.0, 54.97396104168333, 62.64517428515516, 18.64862993457354, 17.26072641463329, 44.793006166548444, 18.080549901724766, 50.56868640258501, 37.69013993531515, 48.43776389648961, 22.44166316033489, 49.88064841390789, 42.60018933633136, 15.261734718833969, 7.1810865901502785, 66.55691603601633, 23.946993740394895, 18.597658847750907, 65.8161807207477, 16.162417560361117, 28.886490793956238, 67.16041703752471, 23.435515715528762, 28.785996954095317, 64.23830772965255, 27.967972729400394, 70.81077921326354, 41.26524636723686, 54.65437005766165, 55.88791968948701, 41.69368584837476, 55.48376383226724, 47.6005901849074, 36.72889798701974, 23.13918775121005, 49.889870256496636, 17.701184139402084, 47.75925038037438, 50.553776057060034, 46.136132003015625, 61.5287982055978, 52.51032354198743, 62.98733922388957, 32.970660493650456, 43.23798102677592, 14.969677179054116, 45.7781447398567, 41.642157136717216, 44.624932944750526, 19.757167170871245, 44.9036854221409, 38.74872211271455, 25.745501731637873, 24.470716760660924, 59.10986024910263, 29.12818640827103, 45.455461912043376, 8.880667227976607, 36.837782790603825, 52.38399075558942, 16.801440308093937, 57.12363716369534, 24.982985307466713, 17.254384592793645, 51.34772204239499, 40.45103809185182, 58.446065513551254, 39.96786775567312, 28.930629924131864, 21.381903661265422, 21.09816330750685, 70.3793226847057, 62.075781701933444, 43.25434709248964, 31.091153636096216, 21.68653532189474, 39.347325941742504, 50.901885211469995, 48.25340199564667, 45.91718499731799, 72.50709351699173, 72.36006147625855], [32.11629646461599, 79.72830582707462, 44.884813161874476, 66.45094262216693, 8.940971434153937, 81.02102040926543, 43.41455745415106, 54.97396104168333, 0.0, 34.77143270447186, 48.334827331365126, 58.36269863830346, 22.736436032047546, 72.41901100123677, 55.683194946621775, 47.137268015653326, 7.211298830162695, 37.28275340555057, 104.40147211527379, 97.3930768014828, 57.57935287345441, 53.01694146284824, 13.07969361606634, 33.18808446155649, 57.259498443226576, 47.40690882539706, 66.15389838347616, 28.76383404896403, 13.877022752707422, 71.74006912011849, 81.48181136755478, 9.506284721260567, 60.79658340337505, 89.9625447882151, 95.81796834401902, 15.562666102189022, 80.08574610721452, 77.45089592684592, 61.18930687237717, 90.48781810832756, 90.1691462736891, 65.21434513528895, 62.921497264677356, 72.50117443457604, 81.21271747706123, 49.75308577448053, 29.39569209331152, 30.044427281571004, 74.21069177115396, 24.27589279977414, 66.62703104665347, 75.07066686187183, 60.703401578164815, 94.49482407591438, 93.1884821847128, 27.166212868606145, 69.38957738754105, 99.87763275495739, 51.57210255655495, 80.18078642077478, 66.1391277514492, 52.88567736338077, 50.839143991310465, 92.64966857356829, 50.11337582916709, 90.78887211448951, 10.446727169100175, 43.64881136845508, 66.5798225116875, 31.770859856934113, 44.07631311031361, 27.46201138120105, 32.80844629536636, 32.25917507587641, 15.928497645860158, 47.49081149059927, 76.29223927346645, 41.27004188231041, 77.28381548976654, 24.71408398597157, 81.77796225735901, 33.942268333462515, 37.76229748265794, 22.055025681722803, 33.97401759053443, 8.319499986301276, 14.887244700586034, 91.0222919588599, 26.51368149065185], [4.831811556260618, 90.87050958237246, 58.647692623153574, 71.84479026385453, 28.660690471859294, 86.28501161727183, 67.42400031448237, 62.64517428515516, 34.77143270447186, 0.0, 66.38832728076973, 74.15774373132602, 53.78931513830788, 75.31819227312006, 31.479841103367065, 32.11119908707884, 32.03078432806381, 40.27021511434835, 104.34666652471904, 98.94383308980376, 72.60743801606459, 57.0705350656978, 31.30612430353608, 51.59579875460683, 53.82875270999119, 13.278361882437645, 65.87691972879797, 49.850997867782105, 30.97692612291826, 85.173564028761, 91.34484045640002, 34.51422196187228, 80.8795147597221, 63.90834340209577, 101.9557286787181, 19.304137879583774, 58.58341322082486, 63.681613699560884, 91.17861412055335, 78.71750390736251, 98.85228255989556, 59.808007811931994, 90.86884781783901, 79.10904793565123, 64.98791304313026, 80.26671229795762, 60.777733861512424, 4.885855561852976, 52.79613518124985, 12.19414706830255, 87.18193111447597, 59.49671008243263, 74.59933855490513, 86.98061951753, 88.90369910528241, 58.09234642601158, 67.82435299992886, 103.10444028095255, 35.23155763328541, 82.18107588375231, 82.86636526220047, 22.97408122691083, 41.26705935836068, 84.00538357457606, 54.340512976576896, 98.5663149368614, 24.834800117674117, 46.022907918132766, 95.98313434450614, 39.50292978415119, 61.1352386705127, 60.565472128364476, 61.82635522081879, 4.268187469958283, 41.14359577709987, 38.82231593622815, 80.43242326949567, 60.3717025224711, 47.58486512935648, 11.11447172484362, 68.7180121844008, 31.555025096926233, 41.02637494135601, 49.9584800380236, 12.264709372868015, 30.355044796367004, 25.094226933188875, 64.50552428292626, 20.41889847063888], [67.23108218934274, 32.479673772767384, 9.493299950054704, 27.192412470270945, 45.079785335785076, 38.21389672243207, 12.119735467787846, 18.64862993457354, 48.334827331365126, 66.38832728076973, 0.0, 10.248028948762446, 31.68713652653367, 34.26904194944175, 62.76232332902503, 49.127628294272796, 43.32311241067056, 29.122819776176623, 63.67889208773133, 55.907624963515005, 9.986508356979943, 23.926721402012575, 61.21706484141366, 15.734562677933047, 35.73289244005463, 72.85854606339645, 34.73323585580727, 19.609934297821066, 61.95977821143875, 23.853930424503442, 34.85246547166461, 57.80529542272165, 14.531677642569518, 87.47858749416943, 50.62368443689783, 53.322560623362754, 72.9079976888605, 59.92458392788789, 37.0778595685965, 66.22594318978378, 43.67620227150979, 41.46160425748535, 32.09390138950606, 29.96753930598525, 65.88465826378285, 31.965214467254167, 30.80026417016805, 63.957710290717216, 68.9062892213074, 63.21090105984158, 20.824363796687937, 60.99260992043099, 13.495774675802517, 63.70452478626963, 58.67498289482412, 30.04765842985603, 38.261579385032434, 56.629441002082835, 51.50556410862444, 41.03052971413713, 17.853428225026477, 69.0441786530893, 42.84379285250655, 63.7039494595913, 23.53301619032389, 44.825420245264816, 49.4087060042367, 27.27861994292595, 39.19106018980141, 27.319504609430886, 5.265196534653164, 36.42076043785949, 24.47803851950646, 62.14785096653597, 32.43623702365679, 41.41573837297033, 35.60718534317158, 7.065025849590688, 84.54764658251382, 62.63590981065986, 61.772713964285835, 37.257822230929754, 28.516516871556796, 27.91820150969117, 56.277212931914406, 43.82702329111251, 44.295444192597046, 89.11532122523717, 70.86673326507068], [75.42868261105643, 22.316093745087187, 15.517258344171587, 21.426909478781422, 54.64108513655328, 29.601378299554042, 20.58747631223318, 17.26072641463329, 58.36269863830346, 74.15774373132602, 10.248028948762446, 0.0, 41.823609276245016, 28.03146133589725, 66.71926063501733, 53.36198644932215, 53.08941149538348, 34.92198231057643, 55.02453192320492, 47.18579387960206, 2.0048606857735187, 24.223141714181196, 71.14608987900097, 25.344844896576607, 35.85837250951, 79.43968984342348, 31.353780800207986, 29.600119824974698, 71.87278099601971, 13.606587565155635, 24.844891974783426, 67.85653152839201, 10.852523376937574, 88.05222272198134, 40.862076793623714, 62.424502819732105, 73.09637010331465, 58.33572255411511, 40.5595109213583, 62.36099145890773, 33.62719964746085, 39.887797893193394, 34.04200652777394, 22.04233814930275, 64.47335704743888, 38.095771815405925, 40.457984998206896, 72.13231442591234, 69.77102962536839, 72.01557576980667, 15.747784913944702, 60.24601533574918, 4.266618445697208, 58.054348910804826, 52.09502123132916, 39.94152005083355, 34.47625886180396, 47.352779125299875, 55.02332617264113, 33.759209110372595, 8.711004513057718, 74.27361355769274, 45.658321882631455, 58.60582502284519, 25.086015790577374, 34.907928760954896, 58.83715852128465, 31.28037842851637, 41.292982574078735, 34.654825324395475, 14.353392212856406, 46.12398633856662, 34.035480682273445, 69.89006698744868, 42.435388311950184, 44.93747707702603, 28.084019101101024, 17.196640278856634, 87.31623688529078, 71.34486296254354, 59.369061340596055, 43.6270123273171, 34.21703501157733, 38.166227364928005, 63.35094344663357, 53.47754337379694, 53.34871091403329, 89.75299970184085, 80.14695692284532], [52.320906448940654, 64.13450579792273, 32.46468433016708, 55.93091333072192, 25.333966717459408, 68.98519767972718, 23.09305530857702, 44.793006166548444, 22.736436032047546, 53.78931513830788, 31.68713652653367, 41.823609276245016, 0.0, 62.80062652995612, 65.87498666709715, 53.96707223583823, 22.069196123652613, 36.325697188909565, 94.06959573774198, 86.47827059471568, 41.670883352737, 45.880138366721155, 35.234154086698226, 21.0374274028072, 54.3418793429924, 64.82123495999573, 59.508517016128486, 16.36825947163451, 36.073167418358814, 55.364581966122046, 66.53822574778367, 30.77650009694418, 41.2775159140209, 98.01424505789578, 82.19921227978699, 35.22102754600345, 85.64920704117681, 78.17334984831237, 38.5679214325978, 88.65872797914106, 75.36325298351709, 62.132545189958236, 40.223915289339594, 60.427504788890396, 83.15621342190848, 27.193847525701134, 7.012098578770928, 49.625664595604306, 80.27945255785367, 45.39612039749241, 46.478664453815824, 77.23572255716417, 45.162303594671585, 89.56051793899618, 86.26113986063551, 4.47749903388676, 63.131452928913234, 87.78502149566278, 58.03703082375536, 70.31745622393139, 48.20487551224481, 66.82522785932163, 53.41633970174575, 88.59383225489943, 43.582446859383694, 76.48525425753911, 29.685282614049203, 40.476764677320496, 43.8869825997928, 30.226941961347578, 29.15288023393796, 8.279879321220879, 10.375924396805408, 50.328935471275024, 13.479762293490408, 50.4365483694285, 65.42834779306527, 25.350252264897122, 88.92133407558617, 45.481060723937624, 81.5832750275116, 38.456604108723674, 36.37221235943509, 6.319189042678781, 48.72636825612742, 23.612532916169716, 28.911900644013215, 99.36099405141752, 49.168995521204195], [78.19358612068147, 22.484134699966866, 30.36102700865679, 7.093261224065509, 65.80389437488576, 11.381906993626922, 46.38778979551141, 18.080549901724766, 72.41901100123677, 75.31819227312006, 34.26904194944175, 28.03146133589725, 62.80062652995612, 0.0, 56.285499015562905, 45.79358549612488, 65.64422730904506, 37.11899298842932, 32.003216598685086, 25.04043359132627, 26.592171696812503, 19.675357561576522, 83.46991099649398, 42.02549320061309, 22.322509253073964, 75.84055783069242, 10.318761998196594, 46.96703578087132, 84.02032707358639, 24.171513292287774, 20.723710666586992, 81.49747471265783, 38.048157688355566, 67.46439629224085, 26.77409340466584, 70.39287271058441, 52.51401949708775, 35.2058099299773, 68.57205761598725, 35.37492062658463, 25.3614164894541, 20.04169563686034, 61.839792253371854, 8.29534734455053, 41.20706973494666, 65.671096359075, 63.785400073125125, 75.08264390125478, 50.96986208968294, 77.71216176502624, 40.84557391771223, 38.69977491327683, 23.889052093934215, 30.023370616571036, 24.413029501121844, 62.43138173397414, 10.630384771540879, 28.20479402392689, 45.0901445150235, 7.766642510353872, 30.7488207109236, 66.77492539974635, 35.88699696601217, 30.705127056307944, 22.661336498665012, 24.349062274685707, 68.83197214182877, 30.46998803447173, 69.03497890231141, 41.25189981863734, 34.435867009828925, 69.12835269210197, 57.86048904165493, 71.34258000098684, 57.81885380635762, 37.34307309823586, 5.360991003948952, 38.40012179754774, 71.88333839955989, 76.65796645331193, 34.619155699389985, 44.65492262904761, 36.43243283634904, 57.422281692204365, 63.09456062327012, 65.2800618170938, 62.11146474377737, 69.22528296643739, 87.66425487700302], [36.213233094882526, 76.59739782410013, 53.3097913133517, 55.55748372792985, 46.910993005194136, 67.62279503759733, 69.23943563144572, 50.56868640258501, 55.683194946621775, 31.479841103367065, 62.76232332902503, 66.71926063501733, 65.87498666709715, 56.285499015562905, 0.0, 13.647420132930941, 49.64315904210147, 34.17003822050079, 80.12089810305197, 76.19490720939555, 64.77353174178006, 43.45039479122468, 58.28151877454718, 52.93736428546955, 34.41472013386132, 23.939354272873107, 45.96674030047146, 54.17784960758552, 58.261323981463505, 73.69792650926543, 75.90807758636043, 59.83871747933732, 76.32462941810815, 34.41444021135221, 82.40005775143811, 42.29648804388256, 27.126905194684795, 34.19125944323412, 96.44877581266952, 49.245532396728834, 81.62244039038059, 36.915224974130496, 93.49712702275299, 62.57492653694867, 34.31457534580679, 87.39546862140445, 71.84074243781865, 34.69517535331496, 21.316294465720816, 41.49502400326812, 82.17073665012362, 29.422328935799978, 65.3251153468931, 59.23876515945478, 62.9686832534952, 69.115840661621, 46.44080510974211, 81.25556617978617, 11.82707847442738, 61.42447546269601, 74.7776358944277, 11.730017904727209, 21.522426490121152, 55.8202439400834, 41.87399793653292, 80.62039503516152, 45.72695612473924, 35.67324633419007, 100.01024724919652, 38.29530030018837, 58.004323744241475, 74.05870362920156, 69.96515659031091, 29.80320626542155, 52.68671621738631, 21.786316808249616, 61.63364871621533, 59.32308849440434, 23.12541315400742, 40.14307758293871, 39.21377213742836, 28.105418073824865, 34.64926145831232, 60.048738542128866, 23.12371318211931, 48.0030956516339, 41.008258421600324, 35.39328078602752, 51.40149460757076], [36.07852536417154, 64.69106749382877, 39.68850981949545, 43.954829325084496, 38.20114621965136, 57.14984555956382, 55.708786171266226, 37.69013993531515, 47.137268015653326, 32.11119908707884, 49.127628294272796, 53.36198644932215, 53.96707223583823, 45.79358549612488, 13.647420132930941, 0.0, 40.392319501417894, 20.597635929125595, 72.80821065670744, 67.90440908608244, 51.44210973600424, 30.734033590826705, 52.443686821201446, 39.571125628133444, 23.476084570277866, 30.137600343632784, 35.66947099104243, 41.163793317344755, 52.61149550057568, 61.06425179426576, 64.34495299665636, 52.982857533317876, 62.784281086014246, 44.149998283417496, 72.48690383707834, 36.213162541199615, 33.00138960653432, 32.54185135778203, 83.00729033790142, 47.22440450851642, 70.74226466700111, 28.193985495949487, 79.90403584922845, 51.19147049689807, 35.07646777055521, 74.20149674414907, 59.532220208310484, 33.55980473294158, 27.19762340935155, 38.797466694902376, 68.69098509477533, 29.078505571942756, 52.19245150391701, 54.8983782616775, 56.88664898633462, 56.87010909617491, 36.958669083229466, 72.48346475543582, 4.434990217473103, 51.85758787530192, 61.573048484448, 21.51878333235424, 9.937257977985059, 51.996025947348656, 28.8492524034765, 70.00570314872942, 38.21243793356172, 22.14968375438787, 86.46856115115, 25.110889825123962, 44.35690983035702, 62.237999290759504, 57.15464603106841, 28.89262153835651, 41.27098680285184, 8.844942824607358, 51.130751664997, 45.710793163590544, 36.21500604511906, 37.47683801656459, 37.43730136253994, 15.518425409546172, 21.048375277762016, 47.90028389871604, 20.383907741263517, 38.941446582585684, 32.2934278263876, 45.4467237421447, 49.371904544949096], [30.28608627644949, 73.94643888953809, 38.95099237259663, 59.8364322110055, 3.376608043361547, 74.52549674631217, 39.913424425948094, 48.43776389648961, 7.211298830162695, 32.03078432806381, 43.32311241067056, 53.08941149538348, 22.069196123652613, 65.64422730904506, 49.64315904210147, 40.392319501417894, 0.0, 30.117327015594054, 97.58017331313441, 90.66322610663555, 52.14775956734524, 46.12840086290232, 18.27125849651771, 27.744594918120935, 50.072701884663246, 43.81651860805751, 59.12644588321514, 23.788176111569857, 18.94072620901842, 66.23463351969124, 75.5339647444876, 15.853374424409319, 56.50764287544209, 83.69995603529566, 89.5145530780654, 13.153673915285674, 73.39156531481764, 70.31440632278697, 60.370285652483815, 83.28469618409362, 84.13379967515418, 58.017276104859754, 61.185474379469944, 66.07122677942469, 74.15731769797543, 49.121062171787955, 29.076632549537997, 27.682561534572645, 67.55914954568686, 23.380534353559153, 62.53964624598509, 68.01437215939639, 55.12382130913294, 87.3121308111028, 86.09770428671473, 26.49785067818665, 62.32048370148932, 93.30226834186463, 44.82237277992655, 73.3923240875036, 61.1720852408505, 47.87247646482125, 43.71573633672448, 85.44787557178404, 43.19696794376691, 84.64414256298109, 7.634212006509845, 36.53897417770555, 65.5139236296964, 24.719107334302304, 38.7362125110069, 28.535730525470246, 31.127688157742107, 28.86920047910883, 11.383336327885365, 40.37039859481611, 69.65295366170491, 36.305212283892, 71.75938907557342, 23.420562900081467, 74.609645439815, 26.80687259972609, 30.61185459154614, 19.40494253300249, 28.973214014165766, 1.7598738998850487, 8.694456477245645, 84.81717087950861, 28.413173261274526], [42.34117674781807, 50.62445158594724, 19.983945414079127, 32.438194651586926, 29.561852739752172, 47.28114986316475, 35.11305790246843, 22.44166316033489, 37.28275340555057, 40.27021511434835, 29.122819776176623, 34.92198231057643, 36.325697188909565, 37.11899298842932, 34.17003822050079, 20.597635929125595, 30.117327015594054, 0.0, 68.47271616944002, 61.99700885048053, 33.17622233977667, 17.609870362693496, 47.017734574312335, 19.18868537408548, 20.008227255603877, 44.52961865927364, 29.404660909170936, 21.51243471340511, 47.495834729952655, 45.01456209337332, 51.22129429058579, 45.654587721066854, 43.31100900455841, 62.82068805786056, 62.89196983266152, 33.28314508338474, 49.667967736749745, 42.15713610961805, 62.44726045410198, 53.885238756120415, 59.012637489634066, 28.0086996816828, 59.32712396502028, 39.49203054522023, 46.913246228388566, 53.9056367939013, 40.889367008926904, 39.091020503134885, 44.5630907811012, 40.850356066670706, 49.44945684561387, 40.94135320220785, 34.742057694835154, 57.21970189511865, 56.07792543249929, 38.42209215380656, 32.41010892248633, 65.31123810582065, 23.73474557749429, 44.65379490027361, 43.55070063750925, 39.923988378599056, 17.265523656092007, 55.45140193436358, 14.664448422633638, 58.943574527914016, 32.05789513899542, 6.704488541398234, 65.87094523418054, 6.2257602071135985, 24.11336358260751, 44.48308238435184, 37.59102226933096, 36.048390688102565, 25.701696542303907, 14.573298159005182, 41.76648571671105, 25.166655048979795, 56.75665265995338, 39.871380974304955, 45.917072195730164, 8.83131751913521, 0.7566077690236669, 30.009093910380802, 28.76905514718935, 29.371877894936755, 25.227488184883963, 64.29036453329769, 50.599863259987714], [107.74583037923337, 36.37413706119849, 61.69819374563469, 38.377137473771235, 97.62410815291167, 25.495138513790977, 75.38437661156908, 49.88064841390789, 104.40147211527379, 104.34666652471904, 63.67889208773133, 55.02453192320492, 94.06959573774198, 32.003216598685086, 80.12089810305197, 72.80821065670744, 97.58017331313441, 68.47271616944002, 0.0, 7.844423482347971, 54.30400202799438, 51.46845305358004, 115.26780602770171, 73.66940474563476, 50.69955047188429, 102.52687629056425, 39.23452409392381, 78.63765106270522, 115.79363283138613, 44.44369731894105, 32.8906683457999, 113.42725710150656, 62.31343723572595, 78.38087429682267, 18.995655483091724, 101.6551816829817, 65.8873595593821, 48.794913279066684, 92.80609690220227, 37.895923845563864, 27.0703146541985, 44.63581024308329, 85.11643862990049, 33.779766742534974, 52.55097156604859, 92.65461766417631, 94.3103638322936, 104.8089669289503, 67.22598457187362, 108.24939915076449, 62.3489953368361, 53.90224911592536, 50.86767350893474, 25.15772392853643, 18.01648445243933, 93.25300602052835, 36.73204444315112, 10.153729371078969, 70.7668070695616, 24.236758319156607, 53.376006021742654, 91.66783313924273, 63.16991982273397, 28.93625323238074, 54.42399786054681, 24.585414017335324, 100.4724178158678, 61.768657339375316, 91.71186971608174, 73.03569280882478, 65.06092909215562, 99.83789308292529, 88.0976321632102, 100.652087719049, 89.7906834429966, 65.52536871297058, 28.668037949986875, 68.9870561510527, 89.28210117319621, 107.10996024428152, 44.9332472846171, 75.25744540872475, 67.83153986010596, 88.9806436998396, 92.12336603342796, 97.16405486715523, 93.677492913896, 80.00663347121089, 118.49840752045662], [102.15201637715741, 28.813822358596788, 54.19349187974391, 31.059792241063725, 90.84426235191903, 17.69686806752919, 67.56984530111966, 42.60018933633136, 97.3930768014828, 98.94383308980376, 55.907624963515005, 47.18579387960206, 86.47827059471568, 25.04043359132627, 76.19490720939555, 67.90440908608244, 90.66322610663555, 61.99700885048053, 7.844423482347971, 0.0, 46.48169920850079, 44.69721354663018, 108.5100477327112, 66.23083286600055, 45.11517123015355, 97.9128069946107, 33.20179656660981, 71.20063009553266, 109.05908421051012, 36.68965917188662, 25.317936381142058, 106.5160580228641, 54.5157863940915, 77.7548519004257, 13.095929994792083, 95.27233701719076, 64.41310614917278, 46.709397844921675, 85.0873557668701, 37.900985194568094, 20.313482579348154, 39.787196188201044, 77.44039155208176, 26.085060685050887, 51.17063051878909, 84.82003741580523, 86.58856679081995, 99.1399998708314, 65.06789600462744, 102.24103461906745, 54.68909192832145, 51.63583857428762, 43.03648469733315, 25.82483316075798, 17.45297734627172, 85.57404847527268, 31.12896927584549, 5.885443795420997, 66.2263432499325, 17.356899684147876, 45.600711195195466, 87.53850512635637, 58.083554979247566, 29.212708094667658, 47.67832329104527, 17.7753141653235, 93.84503122297998, 55.30481743546064, 84.09757521142276, 66.28606345175979, 57.40654972092266, 92.13502705777283, 80.35080782909755, 95.13448756304037, 82.56725220486399, 60.20207735522985, 21.24015031527739, 61.31596211990119, 87.16863508779123, 101.13877871354269, 43.443395486402046, 69.1515871617658, 61.330015980798116, 81.48235662681904, 86.68228235572667, 90.31598288485732, 87.10055564347142, 79.43967834853062, 112.35868821274754], [73.96124510826886, 22.552023515937226, 14.050955382214681, 19.853878119074214, 53.60068615585082, 28.819319622364464, 21.09723462013562, 15.261734718833969, 57.57935287345441, 72.60743801606459, 9.986508356979943, 2.0048606857735187, 41.670883352737, 26.592171696812503, 64.77353174178006, 51.44210973600424, 52.14775956734524, 33.17622233977667, 54.30400202799438, 46.48169920850079, 0.0, 22.2184975217102, 70.27855411976155, 24.438680760545566, 33.859141381023896, 77.70550726267408, 29.52909425519342, 28.85805691858757, 70.99413835605552, 14.167069401936326, 24.867346848762832, 67.08341108168344, 12.790892223750305, 86.06075880361425, 40.67701233931261, 61.20478599904289, 71.11167767797167, 56.42226644661036, 42.116428651582005, 60.65044488870094, 33.69339513540469, 37.952057510907736, 35.74589118840384, 20.98510387948925, 62.553874310423744, 39.24362208597265, 40.641910982464594, 70.66333266992036, 67.77131475310465, 70.69719908449723, 17.752136368986214, 58.28969703287003, 3.538385570251768, 56.590759320875186, 50.798127719858755, 39.99034068788411, 32.7033160560761, 46.88863846875834, 53.064520218113145, 32.57627911382437, 10.37467200959076, 72.4061208700391, 43.680065725714094, 57.05428947095164, 23.0995834602344, 34.84368781908359, 57.73626631473328, 29.390337434307362, 43.00632271184698, 33.11829749877626, 13.504961828591204, 46.28967501177925, 34.25760551637992, 68.33926260518052, 41.655908865007234, 42.988662004225965, 26.94375220724863, 16.665453748134496, 85.32203314420735, 70.00167742037107, 57.51369813265209, 41.917825720005, 32.46358729578755, 37.761144517041316, 61.6991857904944, 52.47864582520929, 52.12876536076717, 87.76035368331829, 78.96813527707114], [59.536413757620714, 34.34051207423693, 15.75893621875261, 14.884114140807796, 46.17155152428256, 29.678428363738544, 34.71351577949954, 7.1810865901502785, 53.01694146284824, 57.0705350656978, 23.926721402012575, 24.223141714181196, 45.880138366721155, 19.675357561576522, 43.45039479122468, 30.734033590826705, 46.12840086290232, 17.609870362693496, 51.46845305358004, 44.69721354663018, 22.2184975217102, 0.0, 63.83004183190768, 24.908552229576344, 11.91364938528255, 59.41116414731734, 13.702207763907081, 29.526177218187698, 64.37084505186372, 30.33922611151322, 34.43673956367877, 61.96708517751917, 34.75048140140674, 64.10366145062883, 45.31313146740477