instance_id,num_cities,city_coordinates,distance_matrix,best_route,total_distance
979,61,"[[53.85568741394317, 59.02907044709897], [4.593739980199385, 5.579999012752889], [6.081590332032993, 64.3155274354086], [75.55150591064265, 20.842191676604727], [61.0605900987823, 25.976874015092534], [72.08109252286157, 80.38682560409032], [36.65386510331194, 8.350113318183173], [46.82397059745003, 27.4291541998137], [45.970538142550765, 32.1216794708923], [44.81994837120372, 38.23143886956276], [42.05520746397722, 2.5734548810948055], [84.96297205796098, 63.91582914944129], [22.174780260345905, 69.0425314430563], [10.279362930845492, 84.96734106463589], [50.538896291260095, 69.94050791121218], [77.09688095928612, 12.102955918640346], [23.584172237251234, 5.810721700698062], [82.10709516006804, 30.37071540137355], [68.45310299353578, 79.02356336124839], [3.9351954489734053, 67.97085858778497], [36.21603680040445, 63.78749074654109], [99.76309518911758, 83.90633350503161], [43.94781805738523, 17.833680521572028], [1.7938646864911978, 63.25443782471145], [47.62993209528762, 79.57954153646], [67.63823523132888, 17.01266939558038], [15.041270794010709, 20.034972623577417], [98.70281907781889, 65.05076767457633], [7.885035981155664, 23.219073468581406], [72.55041193429845, 12.57211934488749], [64.14934367711126, 52.91902172186775], [59.73763677978871, 80.71310352584138], [32.69478700669265, 87.08865936700494], [8.327196827138616, 7.436134080392842], [81.05340717491572, 46.234751867654985], [11.20700973746629, 93.04404843690239], [15.64706038902849, 40.3896169595834], [21.922298004292852, 86.02439415499435], [81.44917865576996, 65.78882866589744], [2.1710065140767676, 46.81472055110822], [70.94507482414564, 70.85954911558538], [94.58975821120117, 17.122133498664247], [9.22968729501924, 4.058093668074192], [48.69446117326635, 55.96841647541204], [86.65059701841761, 68.12869982780965], [9.482341134500615, 34.75690172749763], [76.33361617012679, 0.637500264829749], [61.00216807540537, 92.51388118404888], [76.68803185876554, 15.868007317660737], [77.31188777837247, 51.296853903293304], [4.492507634802834, 61.84941517715312], [59.85762200459641, 92.218124157324], [84.86668970234133, 16.79211188626255], [4.593428682435585, 52.78267235199217], [25.193086511641237, 99.96759154620725], [62.4544869721619, 17.89904450191169], [25.930334486964036, 52.829023831401166], [23.538536232995188, 84.13740249091374], [73.81797969356847, 82.63671268011238], [50.36756729353839, 99.01929756722484], [26.07773657147654, 34.20065566612139]]","[[0.0, 72.6879818275261, 48.06569441380231, 43.91977061044548, 33.828365489304105, 28.077020795130302, 53.518776018151016, 32.37282422376515, 28.038959826972683, 22.675671087829294, 57.675712878004376, 31.488784805687004, 33.225732184444176, 50.71183232821308, 11.40441015067253, 52.36614652760031, 61.22546263105115, 40.24230800494251, 24.75609598659095, 50.71499870036008, 18.270189859819734, 52.21463689320959, 42.370107697559924, 52.23300790860532, 21.47281749753468, 44.21918793533612, 55.01907489785754, 45.24959730181488, 58.27226335707482, 50.07735047509244, 11.970465934497255, 22.467634920088177, 35.1443343428167, 68.8089713485948, 30.056788719167955, 54.55207086077328, 42.51268522973228, 41.814935863665106, 28.40941903822366, 53.10834758399761, 20.784787407657035, 58.44190181809718, 70.80457735665316, 6.000488233623493, 34.03394409750276, 50.57797973810453, 62.568624321771196, 34.23893596381187, 48.8282021306372, 24.69778346768298, 49.443683745288176, 33.72738509002264, 52.39888292130709, 49.65669768009698, 49.97506578551722, 42.01926210792143, 28.60534764922755, 39.36442548483226, 30.91623982406571, 40.142063313856, 37.256740779928116], [72.6879818275261, 0.0, 58.754370031156384, 72.58056951242602, 60.037802026519714, 100.7502062423894, 32.179576693530045, 47.547638851728905, 49.15791114062866, 51.80988676149929, 37.5819218994153, 99.30902548361688, 65.8527600013807, 79.59068027350679, 79.07738294933931, 72.79597803882706, 18.99183377845352, 81.38120084086678, 97.32407404481522, 62.39433499454081, 66.2425977006048, 123.25672738588176, 41.21766819975161, 57.74236048114651, 85.6040076485016, 64.07272690897486, 17.835278584736784, 111.32515930296316, 17.943510721822886, 68.31543756586855, 76.07794031621594, 93.19781514616335, 86.21676494006259, 4.169404923640807, 86.59612945865393, 87.71371203268305, 36.52239578210256, 82.28960829287897, 97.63125330659115, 41.30583370171307, 93.08017671449541, 90.73314810985933, 4.879365059507948, 66.96167727991764, 103.1778452994734, 29.583611565721892, 71.9099306745552, 103.63112770565029, 72.82465266895368, 85.89505131426183, 56.26950722611866, 102.7631324209847, 81.05219264265372, 47.202673340265775, 96.60926819815909, 59.15762777725171, 51.8432311055102, 80.8094731222182, 103.58442201946879, 104.04876636108246, 35.78692633915373], [48.06569441380231, 58.754370031156384, 0.0, 81.9512055585325, 67.0264333038491, 67.92805690039911, 63.77140081575058, 54.95949490458819, 51.25984787523858, 46.701606609214984, 71.45757239689758, 78.88239437105958, 16.773053656298533, 21.074123966791102, 44.81174464920442, 88.14376964520446, 61.06678857943237, 83.25939975992831, 64.08222774279774, 4.23892165857752, 30.13907242600434, 95.70801447499338, 59.95342604613662, 4.417069432708323, 44.26347060221673, 77.63234448343134, 45.17790841135002, 92.62414691962613, 41.13600545576692, 84.23469906170496, 59.17553819800558, 56.10572004747155, 35.02681508812939, 56.92370452601861, 77.12125365847103, 29.182149389907213, 25.7671769798028, 26.87383325479881, 75.38198714714314, 17.93239826121527, 65.19275910873202, 100.30409868293397, 60.339612517094075, 43.4227016975007, 80.6591911819407, 29.753612549753676, 94.8168670579933, 61.73667478735201, 85.62961982064084, 72.4102281092236, 2.9337507544019847, 60.583962286024075, 92.00851541159751, 11.628472447850433, 40.451439548966334, 73.02323851702462, 22.932780240799083, 26.41309695785744, 70.17039455859066, 56.26365982405453, 36.14901611537752], [43.91977061044548, 72.58056951242602, 81.9512055585325, 0.0, 15.373730964980584, 59.64568046925408, 40.854356953562046, 29.473027677062436, 31.65849805341961, 35.31026121027207, 38.154275693973, 44.08983942115767, 71.91903499594818, 91.50129744004943, 55.10240736161304, 8.874819754465614, 54.097586441154505, 11.565833942291585, 58.61279156532512, 85.73218280766665, 58.23725476298467, 67.55210611036124, 31.746562416993854, 85.08224410697122, 65.03607116735573, 8.791194102336092, 60.515619111677665, 49.903722237255, 67.70820275100496, 8.797764569860027, 34.04309517879445, 61.92418382624708, 78.90052494544902, 68.548013188038, 25.981782667436814, 96.71257574594138, 63.01304966787175, 84.40859826224029, 45.331917237812405, 77.84131260343908, 50.22902798714504, 19.39829589182988, 68.4126418905425, 44.21710665163176, 48.571634485084594, 67.51854330491311, 20.219823231251155, 73.13353750705177, 5.1023721216234, 30.505497794035815, 82.04251102440571, 73.08092589416648, 10.157548689583725, 77.81544210308772, 93.79125390402996, 13.423636629722472, 59.03742952362694, 81.9245550901297, 61.81883159036761, 82.13337110884531, 51.245511147652984], [33.828365489304105, 60.037802026519714, 67.0264333038491, 15.373730964980584, 0.0, 55.51481158750536, 30.10632687111841, 14.31050147830774, 16.293198032657486, 20.345338618366206, 30.148376345284692, 44.840697809117536, 58.023762860519206, 77.83706209386929, 45.20516724812874, 21.204910466911716, 42.557673748684174, 21.500260868708597, 53.55931755994154, 70.89996794207981, 45.242618914121614, 69.66854510511843, 18.951479288270242, 70.01543761682935, 55.259646576983265, 11.11856015634204, 46.40133555643644, 54.255935787919746, 53.247018879661006, 17.655125419557, 27.118623153127317, 54.75221480942674, 67.3740980938329, 55.8978515085151, 28.462156449030214, 83.56665219911385, 47.645732651336814, 71.6764297591997, 44.7290316960235, 62.467582817318615, 45.958215396840004, 34.67869005490437, 56.274998155077455, 32.440927294879074, 49.31150852988203, 52.32021266061546, 29.586300671619544, 66.53703281733087, 18.611988659681526, 30.086642514736404, 66.9834842560113, 66.25217243714586, 25.516469851798917, 62.50672878097434, 82.22593322269309, 8.197211607469514, 44.217336069794754, 69.21381075257914, 58.07829462733248, 73.82097517022217, 35.93648042806541], [28.077020795130302, 100.7502062423894, 67.92805690039911, 59.64568046925408, 55.51481158750536, 0.0, 80.27687313042938, 58.67228620497451, 54.87518001160568, 50.202057838250525, 83.40548205510036, 20.910201925516503, 51.17941982531447, 61.971242544013684, 23.94142376345575, 68.46783911340042, 88.95811683370101, 51.01109691715696, 3.8756666481595077, 69.2677379806425, 39.5201232246055, 27.904842007784115, 68.58846179835501, 72.34509733178086, 24.4644835183743, 63.529699008050905, 83.04148012313202, 30.723134566387078, 85.96095369255093, 67.81633022902312, 28.590083768053262, 12.347767286575355, 39.95241717341693, 96.88324215346422, 35.31099787197159, 62.176034328369774, 69.17063453688077, 50.47461586502804, 17.345389946642282, 77.55324856796236, 9.59476594296155, 67.14954428932334, 98.87555035535658, 33.81114062343045, 19.040275964206618, 77.46414414660157, 79.86262485942831, 16.425834650082376, 64.68308745817579, 29.556516583627484, 70.08460881325544, 17.011550692592575, 64.86724218038249, 72.91484106410478, 50.81231644580081, 63.22495015025757, 53.75244092904796, 48.68723239350148, 2.8423175224836075, 28.611993802275435, 65.1879670823441], [53.518776018151016, 32.179576693530045, 63.77140081575058, 40.854356953562046, 30.10632687111841, 80.27687313042938, 0.0, 21.62038035569279, 25.532092626197052, 30.977064622808804, 7.908494293852744, 73.62960403666347, 62.395620966012004, 81.02971030675872, 63.136129095909176, 40.616762046110786, 13.31410460376933, 50.50646531582472, 77.49792301338586, 68.00841573255826, 55.43910632177466, 98.4455043714373, 11.96410450461827, 65.03617822857447, 72.0701428534382, 32.17252041764835, 24.56908972195141, 84.05377382231953, 32.384124274310054, 36.14398164672419, 52.367823501633936, 75.95566382176742, 78.83801705559036, 28.341409521678273, 58.36578770300492, 88.43418509775553, 38.312082139859484, 79.05892089264003, 72.84110197586783, 51.65843150995178, 71.29738163374408, 58.596211893394056, 27.75800715357238, 49.11699043399905, 77.93043440966977, 37.8894469329125, 40.422358229513925, 87.61495122979971, 40.733932267715666, 59.13964266657757, 62.42217725788176, 87.01871968977795, 48.94633587553034, 54.79164065612542, 92.33153179055226, 27.510982817248863, 45.75333418804148, 76.9137507311121, 83.06425379209459, 91.70041766616382, 27.93036044172094], [32.37282422376515, 47.547638851728905, 54.95949490458819, 29.473027677062436, 14.31050147830774, 58.67228620497451, 21.62038035569279, 0.0, 4.769501061409539, 10.986603623030401, 25.309027844738175, 52.78125501808988, 48.365853138998894, 68.16268258510112, 42.67336250269205, 33.931422833851286, 31.74027176225052, 35.40553150573707, 55.944637141775644, 59.01759761645874, 37.87422469025068, 77.40944835616538, 10.017253542940297, 57.5426918483706, 52.15661485658589, 23.27523937419255, 32.63148675708623, 64.08432507324636, 39.16587045905581, 29.708269362902907, 30.82047855957652, 54.82647198249732, 61.30979029270485, 43.378824836757666, 39.05515115904, 74.6584372100431, 33.76349100865247, 63.667067180309125, 51.67561957273334, 48.67943492062603, 49.67923984578468, 48.8651731000301, 44.266653447054914, 28.600493461295528, 56.943947759183665, 38.053819450584584, 39.857394576125294, 66.61113248051208, 32.02377667062898, 38.71924822573737, 54.55920749338398, 66.08696314068442, 39.50183724934752, 49.25667013845571, 75.69491422143471, 18.306720978760286, 32.88916853949098, 61.30282928043685, 61.45364952903061, 71.6777908763308, 21.823369546627475], [28.038959826972683, 49.15791114062866, 51.25984787523858, 31.65849805341961, 16.293198032657486, 54.87518001160568, 25.532092626197052, 4.769501061409539, 0.0, 6.217155035188556, 29.806499135787362, 50.3118063324068, 43.924792583903695, 63.76930246813988, 38.093748578647734, 37.00808708656015, 34.54585180931137, 36.178952835219306, 52.01204124761103, 55.24611912814819, 33.134180240032194, 74.66786180843567, 14.430464667456462, 54.044677077031494, 47.48686407970976, 26.415360731720487, 33.207048365225035, 62.16927136907786, 39.11217033760736, 32.99507526746246, 27.6224259500786, 50.50405425879513, 56.54745305600323, 45.01552284062715, 37.81516246187945, 70.14298216929319, 31.43043259939742, 59.023897736959306, 48.91023274924147, 46.19831627947719, 46.090671801022395, 50.88039838146751, 46.23261802140013, 24.001804566323628, 54.32653776127698, 36.58323273358969, 43.73979935468533, 62.234780679302496, 34.75264419681515, 36.74190402670806, 51.03102277069275, 61.68009210548273, 41.807968720017115, 46.248695269242056, 70.95611518118893, 21.771630955858786, 28.81672904793481, 56.64653697240365, 57.682307348665894, 67.04196575517005, 20.001142376535956], [22.675671087829294, 51.80988676149929, 46.701606609214984, 35.31026121027207, 20.345338618366206, 50.202057838250525, 30.977064622808804, 10.986603623030401, 6.217155035188556, 0.0, 35.76500544395218, 47.65658668814494, 38.23777012773366, 58.114512787686074, 32.220667665341864, 41.52707548831556, 38.75643288223085, 38.10672236099105, 47.143646633965794, 50.5568601347869, 26.96551653235927, 71.44890049690072, 20.41639431700188, 49.773430200793456, 41.443474790151114, 31.159435059400014, 34.8981521299868, 60.188372241964124, 39.8692722305425, 37.78067347061862, 24.276544501542308, 45.024762735900595, 50.339323921275664, 47.750096463931236, 37.10682626991598, 64.29814780518184, 29.25260887320632, 52.994990020194905, 45.837869099980146, 43.504079877148875, 41.79851445217655, 54.061416414586766, 49.340492556632164, 18.15522580536376, 51.41643102211755, 35.50801168140905, 49.05522885439753, 56.643161795406215, 38.93196393642141, 35.02043969516598, 46.73447636610285, 56.04189340720217, 45.424511364899786, 42.7774623152312, 64.78090963986465, 26.914368140277286, 23.87272501022352, 50.598972307756306, 53.03502769644541, 61.040477068535246, 19.170751586178824], [57.675712878004376, 37.5819218994153, 71.45757239689758, 38.154275693973, 30.148376345284692, 83.40548205510036, 7.908494293852744, 25.309027844738175, 29.806499135787362, 35.76500544395218, 0.0, 74.85962291736864, 69.3784514442257, 88.30887144687152, 67.89913703487557, 36.314325979927204, 18.75257419151452, 48.75286043354296, 80.87934207828808, 75.69647103795427, 61.49190272689952, 99.7258113577094, 15.377140873925772, 72.82278086732009, 77.2076093185675, 29.37655911675867, 32.16609047242137, 84.33484757469583, 39.92295312255099, 32.09253475103222, 54.980241501136184, 80.11537303684678, 85.03197786969533, 34.0767420759964, 58.54202281475123, 95.58524782263237, 46.12431404670038, 85.84517056310109, 74.48535727921367, 59.56541843634399, 74.145904147767, 54.51186175255778, 32.85907677781697, 53.80614847278071, 79.28580522096043, 45.790456121698405, 34.33303400082883, 91.91445805730524, 37.096868466877986, 60.14152574609193, 70.175464996511, 91.39525530967435, 45.11089910959847, 62.64463575212987, 98.8430522583849, 25.51478594224795, 52.77910324213369, 83.63937268519872, 86.1336110301945, 96.80338784037389, 35.43387370323901], [31.488784805687004, 99.30902548361688, 78.88239437105958, 44.08983942115767, 44.840697809117536, 20.910201925516503, 73.62960403666347, 52.78125501808988, 50.3118063324068, 47.65658668814494, 74.85962291736864, 0.0, 62.99714363065562, 77.59386332801937, 34.947299560539676, 52.40657612937236, 84.51958695510025, 33.666462380635146, 22.378994828612637, 81.12917999056707, 48.747104198609236, 24.872955375030774, 61.69122530678069, 83.17173714340404, 40.4858957983865, 50.000529007284115, 82.55043232526741, 13.786641417870195, 87.16211420570113, 52.82279986253825, 23.540112573546658, 30.30620343052342, 57.17467296666997, 95.1997794131994, 18.108152623038066, 79.29940186836627, 73.19957834917815, 66.80505393864742, 3.981817582703429, 84.53967987821868, 15.643423213160094, 47.77368485157668, 96.53226879102208, 37.1290486008534, 4.538320984660759, 80.9170482222493, 63.86401717295868, 37.30909684868526, 48.755182474058984, 14.757290636030113, 80.49699193872793, 37.83250591773158, 47.12381562428931, 81.13698714314603, 69.80092255932603, 51.226715394945586, 60.06471135990585, 64.66740558287376, 21.787205763275832, 49.285855230203325, 65.95803585191516], [33.225732184444176, 65.8527600013807, 16.773053656298533, 71.91903499594818, 58.023762860519206, 51.17941982531447, 62.395620966012004, 48.365853138998894, 43.924792583903695, 38.23777012773366, 69.3784514442257, 62.99714363065562, 0.0, 19.87713548091204, 28.37832694068706, 79.11101317822443, 63.24751496334347, 71.32595407845035, 47.34241389229374, 18.271040933673586, 14.992409344257116, 78.99923559898433, 55.64540940284386, 21.186876772269144, 27.54983369547678, 69.09437229310338, 49.5240121431107, 76.63207489838703, 47.99985512793885, 75.67437947606007, 44.96478110429671, 39.3340875404493, 20.888591982005384, 63.14351718859209, 63.14180482457876, 26.38872502127432, 29.387082793560907, 16.98373953099651, 59.363632696302716, 29.903620870057395, 48.80413081965579, 89.1047515810851, 66.26124496877094, 29.567312321384513, 64.48229241304519, 36.55957351988243, 87.24922806304201, 45.370368118464945, 76.15264024178595, 57.92244553538524, 19.089360566001965, 44.239175620481966, 81.61116255356453, 23.94758737257995, 31.072005326501, 65.10077594997577, 16.642776710100645, 15.156350560223306, 53.40245135951652, 41.151424616433935, 35.05979714176849], [50.71183232821308, 79.59068027350679, 21.074123966791102, 91.50129744004943, 77.83706209386929, 61.971242544013684, 81.02971030675872, 68.16268258510112, 63.76930246813988, 58.114512787686074, 88.30887144687152, 77.59386332801937, 19.87713548091204, 0.0, 42.972499822783995, 98.86252747216695, 80.26698162885631, 90.22202974333537, 58.47659810786485, 18.14190942607595, 33.485774754554555, 89.49002221427628, 75.10321729805686, 23.312096592997825, 37.737162064251564, 88.92624828042783, 65.10674494906532, 90.63871961020497, 61.79467090822609, 95.49215502774022, 62.682290946479384, 49.640904395000184, 22.515577448514044, 77.55577998402181, 80.67948193043688, 8.1298050760801, 44.89972897901236, 11.69082111574491, 73.70860199561696, 39.00471632803662, 62.284495608446505, 108.21836693463635, 80.91605609036115, 48.13166733353767, 78.20553199589709, 50.216764752145174, 107.11996275353978, 51.28111962025498, 95.8375147479, 75.0137393623092, 23.83120205857193, 50.105664632266645, 101.05014195161543, 32.68306516255579, 21.15246239931098, 84.97293670664959, 35.746669008936536, 13.285122306271449, 63.58134670472881, 42.47966114007599, 53.16808211738252], [11.40441015067253, 79.07738294933931, 44.81174464920442, 55.10240736161304, 45.20516724812874, 23.94142376345575, 63.136129095909176, 42.67336250269205, 38.093748578647734, 32.220667665341864, 67.89913703487557, 34.947299560539676, 28.37832694068706, 42.972499822783995, 0.0, 63.64360902809139, 69.56426257953153, 50.619360516429765, 20.085335398750296, 46.64530470105893, 15.58858313714016, 51.167040579388754, 52.52203130971623, 49.201439403248344, 10.068418044663614, 55.62143006183992, 61.24250050649735, 48.41149675202547, 63.26329295674505, 61.44622712258691, 21.79392736835346, 14.165650103388261, 24.748158204407723, 75.4229694432149, 38.64062944706499, 45.61546760368369, 45.72412239358252, 32.826834971111396, 31.187850140875476, 53.61207702115727, 20.42686366164259, 68.77687919260232, 77.7620939429973, 14.093306212342375, 36.157123474342804, 54.06964828284673, 73.94778186303996, 24.880458945600445, 60.06340492652243, 32.62482042764344, 46.75185226205117, 24.14810208959331, 63.270446501496686, 49.044646138704856, 39.294221267351915, 53.38815613089064, 29.97305792690303, 30.505266086089243, 26.51620899724306, 29.079294377341572, 43.309183475767384], [52.36614652760031, 72.79597803882706, 88.14376964520446, 8.874819754465614, 21.204910466911716, 68.46783911340042, 40.616762046110786, 33.931422833851286, 37.00808708656015, 41.52707548831556, 36.314325979927204, 52.40657612937236, 79.11101317822443, 98.86252747216695, 63.64360902809139, 0.0, 53.881371606732436, 18.942367403698665, 67.47653368400631, 92.05354298102229, 65.89791013013428, 75.29596470147978, 33.640772520095744, 91.0330619114173, 73.63009358945871, 10.656982003956397, 62.56049585794565, 57.18642611427908, 70.09884132181408, 4.570612094205798, 42.82043845322812, 70.77213938525053, 87.14586432539994, 68.92785127729779, 34.360349160044, 104.36922720648006, 67.64773197204813, 92.24214673991783, 53.862003563490845, 82.57598479751316, 59.07776199921287, 18.19870594658811, 68.34234254467499, 52.25778487038061, 56.83447431897588, 71.30867588469266, 11.490833150292794, 82.00583323675014, 3.7871849207903616, 39.19448771400944, 88.01196074738826, 81.9489611356937, 9.075137001298883, 83.13597248579858, 102.04997830488976, 15.747836185943134, 65.39593324924037, 89.76334320196595, 70.60992873808064, 90.93352877028028, 55.59911355582916], [61.22546263105115, 18.99183377845352, 61.06678857943237, 54.097586441154505, 42.557673748684174, 88.95811683370101, 13.31410460376933, 31.74027176225052, 34.54585180931137, 38.75643288223085, 18.75257419151452, 84.51958695510025, 63.24751496334347, 80.26698162885631, 69.56426257953153, 53.881371606732436, 0.0, 63.467517660667774, 85.86816133599851, 65.19175489774504, 59.336917271938454, 109.09698843322647, 23.6480360684834, 61.43775732636198, 77.5888996384886, 45.45595778822662, 16.59248261671397, 95.66710066760221, 23.441706219083578, 49.430851987109556, 62.16691294273644, 83.17114765054089, 81.78695771799578, 15.34331333411549, 70.26247347809155, 88.10702267703445, 35.47813047239328, 80.23088603880242, 83.3410600061225, 46.258529894632105, 80.46368772245711, 71.90091290357282, 14.461083741459493, 56.09207569312739, 88.66174108672621, 32.19849342118968, 53.0025098957786, 94.43275002317515, 54.04783900104297, 70.39641780672942, 59.20157788303001, 93.71233834093266, 62.25863696923251, 50.665693410357875, 94.17061507841228, 40.706620048062874, 47.0768012141443, 78.3266940848216, 91.79143915163006, 96.98035298867097, 28.499231808068405], [40.24230800494251, 81.38120084086678, 83.25939975992831, 11.565833942291585, 21.500260868708597, 51.01109691715696, 50.50646531582472, 35.40553150573707, 36.178952835219306, 38.10672236099105, 48.75286043354296, 33.666462380635146, 71.32595407845035, 90.22202974333537, 50.619360516429765, 18.942367403698665, 63.467517660667774, 0.0, 50.532475861473706, 86.74454837094997, 56.76856623026027, 56.371949964202216, 40.16600145118621, 86.78452736241067, 60.08480126112283, 19.692264997464378, 67.85758893939287, 38.446379257691945, 74.5658102020815, 20.201985443506956, 28.825456739598682, 55.08855335096039, 75.22301087255568, 77.26233505652077, 15.898990891674904, 94.62964010665229, 67.21097090654833, 81.97281114792288, 35.42422336968407, 81.60994775996537, 41.99924229693486, 18.202796468700097, 77.48206656774441, 42.09093026070827, 38.03036677556263, 72.75708575638286, 30.288564541808356, 65.62919320502118, 15.482079602718509, 21.468518496510097, 83.75519527940173, 65.7277797093563, 13.856184015028427, 80.68868759102494, 89.90511414570655, 23.275901349074307, 60.499620306754444, 79.50555160099535, 52.919220579654215, 75.6308499395045, 56.16010564698494], [24.75609598659095, 97.32407404481522, 64.08222774279774, 58.61279156532512, 53.55931755994154, 3.8756666481595077, 77.49792301338586, 55.944637141775644, 52.01204124761103, 47.143646633965794, 80.87934207828808, 22.378994828612637, 47.34241389229374, 58.47659810786485, 20.085335398750296, 67.47653368400631, 85.86816133599851, 50.532475861473706, 0.0, 65.4577930940086, 35.65622449812886, 31.688437253427534, 65.91441990744701, 68.49904650330849, 20.83059187802787, 62.01624770889646, 79.57686633769053, 33.32092949605724, 82.35673520603484, 66.57764153539536, 26.45693554544571, 8.877719149124937, 36.65655379051597, 93.48735007139678, 35.126540174427994, 58.93801145983159, 65.42980933883089, 47.054515667995304, 18.548751577258287, 73.69345879303421, 8.535868567869448, 67.19309313463356, 95.53656165739646, 30.363526219943388, 21.209593117216166, 73.73661293029413, 78.78119937956103, 15.411200670758381, 63.690174380277334, 29.107533135425786, 66.22619666335092, 15.747340347898547, 64.3596098599968, 69.04087458947384, 48.06330557323474, 61.4181585523149, 49.9433653516082, 45.204752603361904, 6.468133425259641, 26.961379563960307, 61.68277501579887], [50.71499870036008, 62.39433499454081, 4.23892165857752, 85.73218280766665, 70.89996794207981, 69.2677379806425, 68.00841573255826, 59.01759761645874, 55.24611912814819, 50.5568601347869, 75.69647103795427, 81.12917999056707, 18.271040933673586, 18.14190942607595, 46.64530470105893, 92.05354298102229, 65.19175489774504, 86.74454837094997, 65.4577930940086, 0.0, 32.55078009589654, 97.1438404091856, 64.14629055874029, 5.179760829295466, 45.21052455340032, 81.57704532073274, 49.205630498380536, 94.81260158438812, 44.92575554829367, 88.18768759317012, 62.06691099030418, 57.23877413555001, 34.53410507311257, 60.69384274612761, 80.12288633815027, 26.10640021634951, 29.964857251909795, 25.48462290896362, 77.54468935500064, 21.229567570370634, 67.07211392852128, 103.94153449319319, 64.13168611217125, 46.34059219344018, 82.71555216917473, 33.67399227257576, 98.87017986210309, 62.12084451218171, 89.48565424774333, 75.24733489912943, 6.146760634841911, 60.95283159516711, 95.75578768942125, 15.202442965614445, 38.41469578748267, 77.01749181988582, 26.703207692900342, 25.409606680668666, 71.40511753392792, 55.85669806005322, 40.38215859426138], [18.270189859819734, 66.2425977006048, 30.13907242600434, 58.23725476298467, 45.242618914121614, 39.5201232246055, 55.43910632177466, 37.87422469025068, 33.134180240032194, 26.96551653235927, 61.49190272689952, 48.747104198609236, 14.992409344257116, 33.485774754554555, 15.58858313714016, 65.89791013013428, 59.336917271938454, 56.76856623026027, 35.65622449812886, 32.55078009589654, 0.0, 66.65580592716123, 46.59971153986117, 34.426299226860536, 19.485016652647097, 56.34925435750396, 48.60713484176775, 62.49955062223969, 49.48173489136101, 62.79491288456297, 29.973208904095664, 28.97830280649615, 23.565730610125467, 62.87497748047216, 48.15068456679988, 38.48892831093394, 31.15354375287252, 26.434652295204234, 45.27739475251499, 38.04128041094232, 35.441784543524754, 74.73384051697919, 65.54284045556749, 14.72579360464712, 50.62105254409162, 39.46473847309484, 74.81538259159144, 37.941505124991, 62.72367396840481, 42.95212423563302, 31.782675149103405, 36.97601204977889, 67.64208499156315, 33.48276231256365, 37.82201907543473, 52.86024750379098, 15.029426775859745, 23.975777956938504, 42.06185061123433, 37.9676971536078, 31.275644543443597], [52.21463689320959, 123.25672738588176, 95.70801447499338, 67.55210611036124, 69.66854510511843, 27.904842007784115, 98.4455043714373, 77.40944835616538, 74.66786180843567, 71.44890049690072, 99.7258113577094, 24.872955375030774, 78.99923559898433, 89.49002221427628, 51.167040579388754, 75.29596470147978, 109.09698843322647, 56.371949964202216, 31.688437253427534, 97.1438404091856, 66.65580592716123, 0.0, 86.49243107674079, 100.1222798405408, 52.31240601336522, 74.20760692338503, 106.10060447369884, 18.88535274276928, 110.11140401681145, 76.34854445090893, 47.20755011972066, 40.15263426696827, 67.14376486573053, 119.19821688811527, 42.06186501631021, 89.0262776077732, 94.70592341235412, 77.86960823893965, 25.761279478831664, 104.40308196351623, 31.6337933334059, 66.98427267633468, 120.7147022942088, 58.211103650410756, 20.515148859543242, 102.79241799240208, 86.50224896663597, 39.70515517865489, 71.84477975523924, 39.59084331125675, 97.79055424255992, 40.76190199105132, 68.74752097290276, 100.1296544813887, 76.28007737295582, 75.82146430020782, 80.1066522172297, 76.22490918939566, 25.97616128523325, 51.65578243360646, 88.8829932216276], [42.370107697559924, 41.21766819975161, 59.95342604613662, 31.746562416993854, 18.951479288270242, 68.58846179835501, 11.96410450461827, 10.017253542940297, 14.430464667456462, 20.41639431700188, 15.377140873925772, 61.69122530678069, 55.64540940284386, 75.10321729805686, 52.52203130971623, 33.640772520095744, 23.6480360684834, 40.16600145118621, 65.91441990744701, 64.14629055874029, 46.59971153986117, 86.49243107674079, 0.0, 61.967741436865374, 61.85555202451903, 23.70463931690348, 28.990242524133123, 72.30189109533785, 36.46267555009263, 29.082510251070623, 40.48558761467611, 64.83162972374056, 70.16325821047089, 37.10711021927164, 46.72735384509048, 82.02779999122875, 36.189821126922716, 71.6595908406166, 60.87732155962744, 50.84488827717778, 59.50289583776543, 50.64693872001036, 37.35124357757056, 38.429008667133736, 65.97815015601458, 38.39615235289314, 36.66808605342836, 76.6027625188867, 32.79916875325759, 47.25404872729994, 59.11096698424803, 76.066860830713, 40.93212579281038, 52.63268939583007, 84.24796315375, 18.50678434442589, 39.36119621636518, 69.37378706381212, 71.355865442951, 81.43904220543412, 24.232574929117895], [52.23300790860532, 57.74236048114651, 4.417069432708323, 85.08224410697122, 70.01543761682935, 72.34509733178086, 65.03617822857447, 57.5426918483706, 54.044677077031494, 49.773430200793456, 72.82278086732009, 83.17173714340404, 21.186876772269144, 23.312096592997825, 49.201439403248344, 91.0330619114173, 61.43775732636198, 86.78452736241067, 68.49904650330849, 5.179760829295466, 34.426299226860536, 100.1222798405408, 61.967741436865374, 0.0, 48.65649069449086, 80.45981779683116, 45.204158446425936, 96.92560158260532, 40.49608335220867, 87.03554667445643, 63.20622268549657, 60.51682189659181, 39.024826928075555, 56.19935463822542, 81.06629870390776, 31.241450033195573, 26.734080578302912, 30.391195091871232, 79.69562209105506, 16.44404269010887, 69.56815062403642, 103.63043644354849, 59.66153383358945, 47.463165274955614, 84.99660847426239, 29.516473937508195, 97.35016908367585, 66.04345702559777, 88.62623805977618, 76.45884922586573, 3.0424927941778184, 64.88678632718516, 95.18320223508303, 10.8395309254148, 43.5359533971723, 75.74181671672973, 26.29179399282307, 30.148448615396344, 74.58649824950224, 60.32022693391926, 37.865930484344204], [21.47281749753468, 85.6040076485016, 44.26347060221673, 65.03607116735573, 55.259646576983265, 24.4644835183743, 72.0701428534382, 52.15661485658589, 47.48686407970976, 41.443474790151114, 77.2076093185675, 40.4858957983865, 27.54983369547678, 37.737162064251564, 10.068418044663614, 73.63009358945871, 77.5888996384886, 60.08480126112283, 20.83059187802787, 45.21052455340032, 19.485016652647097, 52.31240601336522, 61.85555202451903, 48.65649069449086, 0.0, 65.6882461622846, 67.87913178901427, 53.099200132018616, 68.96491229569935, 71.49143266270575, 31.363581998776144, 12.160652758419666, 16.71662075332184, 82.15458744909093, 47.21232555652566, 38.83197418566228, 50.5841306233517, 26.503180485200367, 36.52294072767137, 56.03612592961986, 24.892451632716526, 78.14187793773931, 84.72347897045927, 23.635110509712224, 40.666129234041364, 58.85837014015506, 83.99849617463367, 18.604134949713345, 70.02522941324408, 40.999133075321154, 46.638983370148836, 17.58551026221922, 72.99888656113164, 50.697266436109814, 30.316408477000486, 63.43698559772824, 34.445068353130445, 24.518757127428277, 26.365889562300083, 19.63157561211936, 50.23684320028279], [44.21918793533612, 64.07272690897486, 77.63234448343134, 8.791194102336092, 11.11856015634204, 63.529699008050905, 32.17252041764835, 23.27523937419255, 26.415360731720487, 31.159435059400014, 29.37655911675867, 50.000529007284115, 69.09437229310338, 88.92624828042783, 55.62143006183992, 10.656982003956397, 45.45595778822662, 19.692264997464378, 62.01624770889646, 81.57704532073274, 56.34925435750396, 74.20760692338503, 23.70463931690348, 80.45981779683116, 65.6882461622846, 0.0, 52.683725996008235, 57.207230800118985, 60.07465582213737, 6.621779573038179, 36.075455668037975, 64.18850959693798, 78.30510164927331, 60.079191948846706, 32.154267870388985, 94.68502421008479, 57.00494661775235, 82.78022149532705, 50.693745880891946, 71.93135817565033, 53.948323826355406, 26.95174527418305, 59.82791576102141, 43.317626967676055, 54.537312620551276, 60.80267921112162, 18.540653001755317, 75.79228436209786, 9.121900584340487, 35.62281377095057, 77.44492679301887, 75.60686720202519, 17.229866194334345, 72.48545194926419, 93.18320534759985, 5.258983442029503, 54.97599684929895, 80.3150872804318, 65.91437095678538, 83.80550718836903, 44.97445853917415], [55.01907489785754, 17.835278584736784, 45.17790841135002, 60.515619111677665, 46.40133555643644, 83.04148012313202, 24.56908972195141, 32.63148675708623, 33.207048365225035, 34.8981521299868, 32.16609047242137, 82.55043232526741, 49.5240121431107, 65.10674494906532, 61.24250050649735, 62.56049585794565, 16.59248261671397, 67.85758893939287, 79.57686633769053, 49.205630498380536, 48.60713484176775, 106.10060447369884, 28.990242524133123, 45.204158446425936, 67.87913178901427, 52.683725996008235, 0.0, 95.0035602770628, 7.832636522134395, 57.99133981684498, 59.10129869461994, 75.36312561277492, 69.33861507527484, 14.276187231535696, 71.02133892014146, 73.10968956961564, 20.36365701633015, 66.34721011104895, 80.64381916376016, 29.71192692669787, 75.55377476097206, 79.60179949052994, 17.00103420161702, 49.23159158259436, 86.26066426076626, 15.73648294569768, 64.28851791427049, 85.82305206078432, 61.78743197152384, 69.67736333099964, 43.12451750750777, 84.96418481439333, 69.90068148083732, 34.373961690367004, 80.57470403417621, 47.46130273493365, 34.5546162289579, 64.66316598216741, 85.87013082073025, 86.52439431268056, 17.957453965386975], [45.24959730181488, 111.32515930296316, 92.62414691962613, 49.903722237255, 54.255935787919746, 30.723134566387078, 84.05377382231953, 64.08432507324636, 62.16927136907786, 60.188372241964124, 84.33484757469583, 13.786641417870195, 76.63207489838703, 90.63871961020497, 48.41149675202547, 57.18642611427908, 95.66710066760221, 38.446379257691945, 33.32092949605724, 94.81260158438812, 62.49955062223969, 18.88535274276928, 72.30189109533785, 96.92560158260532, 53.099200132018616, 57.207230800118985, 95.0035602770628, 0.0, 99.98880120661731, 58.63409357968803, 36.62133151768745, 41.99516872018193, 69.58971883942371, 107.17835183183996, 25.798143176683357, 91.86479423566868, 86.63966416115761, 79.5936016527853, 17.269419267603375, 98.23921951812723, 28.359025157465155, 48.10479439370789, 108.28456766079677, 50.82641993702472, 12.439040272827569, 94.2232030789323, 68.18687745545341, 46.642916821742155, 53.88501436045074, 25.4311243535461, 94.26468819235991, 47.40268551377848, 50.20295145297639, 94.9056559085636, 81.38098900378056, 59.47458767064807, 73.79163594943803, 77.5497842949217, 30.47163751618345, 59.07755570533996, 78.9058427493633], [58.27226335707482, 17.943510721822886, 41.13600545576692, 67.70820275100496, 53.247018879661006, 85.96095369255093, 32.384124274310054, 39.16587045905581, 39.11217033760736, 39.8692722305425, 39.92295312255099, 87.16211420570113, 47.99985512793885, 61.79467090822609, 63.26329295674505, 70.09884132181408, 23.441706219083578, 74.5658102020815, 82.35673520603484, 44.92575554829367, 49.48173489136101, 110.11140401681145, 36.46267555009263, 40.49608335220867, 68.96491229569935, 60.07465582213737, 7.832636522134395, 99.98880120661731, 0.0, 65.53600902765852, 63.62200285084599, 77.42257875973593, 68.51895904627591, 15.789131766660079, 76.70288127128887, 69.90395295664094, 18.843475971401997, 64.35489904917402, 84.99333588588239, 24.277658330115003, 79.03279963883465, 86.91882151747181, 19.208103343935875, 52.32522003670433, 90.66911351303776, 11.647869534174395, 72.07728892128509, 87.31093916710313, 69.19458371353652, 74.88958208330845, 38.779022023535134, 86.38297687572255, 77.24947148575932, 29.74627804529826, 78.67594066979754, 54.82816511306972, 34.67537971893574, 62.89733604062638, 88.75589510593569, 86.89326464181298, 21.250164760076302], [50.07735047509244, 68.31543756586855, 84.23469906170496, 8.797764569860027, 17.655125419557, 67.81633022902312, 36.14398164672419, 29.708269362902907, 32.99507526746246, 37.78067347061862, 32.09253475103222, 52.82279986253825, 75.67437947606007, 95.49215502774022, 61.44622712258691, 4.570612094205798, 49.430851987109556, 20.201985443506956, 66.57764153539536, 88.18768759317012, 62.79491288456297, 76.34854445090893, 29.082510251070623, 87.03554667445643, 71.49143266270575, 6.621779573038179, 57.99133981684498, 58.63409357968803, 65.53600902765852, 0.0, 41.21226127355175, 69.33513490510444, 84.50553576682314, 64.42825236910923, 34.71993312817356, 101.18668076813562, 63.33880793501083, 89.21010365922174, 53.95559470638829, 78.26759511235923, 58.309532466924075, 22.504119914202256, 63.89055330852017, 49.521157007420186, 57.31796275481033, 66.85615995382985, 12.519894842851826, 80.77157434502352, 5.289874872661771, 39.016364756761874, 84.02458105923485, 80.6510570221011, 13.01917950981737, 78.96227039435445, 99.40163395276312, 11.415070410191484, 61.5958600884162, 86.73957407971814, 70.07605844548321, 89.24793117468133, 51.259176142200815], [11.970465934497255, 76.07794031621594, 59.17553819800558, 34.04309517879445, 27.118623153127317, 28.590083768053262, 52.367823501633936, 30.82047855957652, 27.6224259500786, 24.276544501542308, 54.980241501136184, 23.540112573546658, 44.96478110429671, 62.682290946479384, 21.79392736835346, 42.82043845322812, 62.16691294273644, 28.825456739598682, 26.45693554544571, 62.06691099030418, 29.973208904095664, 47.20755011972066, 40.48558761467611, 63.20622268549657, 31.363581998776144, 36.075455668037975, 59.10129869461994, 36.62133151768745, 63.62200285084599, 41.21226127355175, 0.0, 28.142035126725666, 46.44301101492616, 72.0055910825468, 18.177646333388232, 66.42972596555798, 50.09448540363088, 53.657143701377834, 21.561915987810956, 62.278220673668244, 19.18448552835092, 46.98974402432682, 73.50890386480437, 15.752847411518816, 27.15954178582582, 57.60506722228261, 53.682529579433755, 39.71973829342092, 39.115168025939916, 13.262126362286883, 60.321555134504564, 39.532750057981254, 41.64567253147756, 59.556071075950776, 61.08320468719682, 35.060966098163256, 38.219115153242974, 51.22328551649352, 31.250978837605526, 48.116242510246174, 42.42433847925898], [22.467634920088177, 93.19781514616335, 56.10572004747155, 61.92418382624708, 54.75221480942674, 12.347767286575355, 75.95566382176742, 54.82647198249732, 50.50405425879513, 45.024762735900595, 80.11537303684678, 30.30620343052342, 39.3340875404493, 49.640904395000184, 14.165650103388261, 70.77213938525053, 83.17114765054089, 55.08855335096039, 8.877719149124937, 57.23877413555001, 28.97830280649615, 40.15263426696827, 64.83162972374056, 60.51682189659181, 12.160652758419666, 64.18850959693798, 75.36312561277492, 41.99516872018193, 77.42257875973593, 69.33513490510444, 28.142035126725666, 0.0, 27.78422998994279, 89.51283476258719, 40.535401818698396, 50.07268680149506, 59.74916313496491, 38.18651142553937, 26.34625268852559, 66.80581777398478, 14.923109663671791, 72.51539034761697, 91.7989297184363, 27.097071146162193, 29.709840882122794, 68.0996859326488, 81.77731207088834, 11.868335718880024, 67.02389421379218, 34.26616465286539, 58.376904957034206, 11.505646274113113, 68.68305812186553, 61.81417856965595, 39.54821439907219, 62.8727865298614, 43.82300296333332, 36.36070274072082, 14.211133971222116, 20.56489587763436, 57.41425509345831], [35.1443343428167, 86.21676494006259, 35.02681508812939, 78.90052494544902, 67.3740980938329, 39.95241717341693, 78.83801705559036, 61.30979029270485, 56.54745305600323, 50.339323921275664, 85.03197786969533, 57.17467296666997, 20.888591982005384, 22.515577448514044, 24.748158204407723, 87.14586432539994, 81.78695771799578, 75.22301087255568, 36.65655379051597, 34.53410507311257, 23.