instance_id,num_cities,city_coordinates,distance_matrix,best_route,total_distance
1665,60,"[[21.534777669623416, 68.11351742511104], [71.45305065921256, 5.331415652778615], [69.00372448288816, 11.104900679923546], [42.06169703440297, 88.43938945782392], [31.240664997211255, 27.059843698187603], [58.65302703082745, 41.94599431462491], [28.779089487641272, 59.96035309152934], [11.129624969830553, 51.54758178449354], [61.858019683228385, 95.19502249757566], [37.03438582925499, 57.23788236996946], [80.02876435143122, 90.63301882311178], [12.498689193570167, 68.66084963202626], [56.73232849095632, 36.16113181136898], [24.28350946631359, 96.97935770395917], [91.56652244436609, 61.52447804470755], [91.5603460715873, 3.4074752086515225], [56.57700883134441, 73.28568778070816], [88.44623976729923, 40.88954938299896], [65.35225449421517, 95.08334507605218], [16.961171379408245, 53.742292165475625], [50.263989124314215, 8.413436763540261], [64.25366765450467, 3.646719145133326], [70.06914570434914, 26.642825066807795], [79.62010497752338, 82.09057845952744], [49.36963819152549, 59.08435241866253], [29.304933587220226, 57.878691275560655], [31.135296897550802, 42.454891643968175], [5.783818437677624, 92.21278034636423], [92.46659214541121, 91.95842665356028], [59.27264775839799, 52.194336933049854], [18.874111683538132, 34.83945257225264], [2.3005411125831987, 67.0554179119623], [84.22724044889162, 89.74124826870374], [14.205011946871437, 15.234103538509148], [83.32029701906455, 73.91469190656565], [46.591720237406435, 20.98304047945834], [74.73521212458239, 37.1978162786567], [38.29703894854665, 10.269865747968831], [61.52951667729597, 75.13623461355222], [24.68648174557474, 34.33744065052549], [92.48822305839313, 38.63043581189658], [13.472550970400166, 61.951469406580316], [41.610594582755056, 83.73496639273984], [95.37747962288188, 95.77834624438911], [79.37248674716116, 51.188820883999966], [47.7146540453557, 14.776085461364563], [71.08033846781431, 55.87703004343223], [26.006950503539482, 28.354205543098775], [99.9443438112525, 99.29325506778316], [14.021631546623158, 65.57887297759606], [95.8692265297078, 76.21810582708261], [99.77826779541866, 45.59570334801509], [38.67528515824081, 71.38120838150206], [85.14433948397375, 94.7663352789157], [54.66579817875935, 77.75933510674236], [81.61712372100706, 41.32062192529068], [20.705587759192944, 77.86134285745501], [28.024298990023656, 12.693304959179997], [41.96071044907937, 2.9015956357092088], [27.709167979300787, 49.114042767702536]]","[[0.0, 80.2086421853322, 74.18411753711322, 28.887635633578277, 42.18540476625196, 45.414796062278526, 10.90661003094279, 19.56265386789553, 48.57336475351161, 18.934552832183336, 62.679138643938515, 9.052649749757748, 47.53759070703503, 28.996418080413076, 70.34103152606737, 95.34386256774143, 35.42187616401491, 72.23772003604935, 51.4523359896818, 15.0814452212339, 66.25305443378738, 77.33609533724679, 63.83888474282142, 59.74331329634866, 29.2626943562519, 12.85017467956312, 27.395894700165073, 28.790053665703837, 74.83249294885587, 40.95811453639007, 33.3802716484114, 19.263318263266793, 66.31819984568956, 53.38499675509005, 62.05726409248514, 53.37726321168853, 61.53102309870415, 60.22342934879619, 40.60662144282225, 33.92280355255246, 76.83517107385518, 10.147429976715614, 25.437533146471043, 78.85485010674815, 60.26313918430228, 59.416054863445034, 51.03424554403853, 40.01003888010531, 84.38149146574959, 7.929173168803436, 74.77495998325826, 81.4192587652091, 17.44920631873635, 68.96773922466754, 34.506612681108784, 65.78561815702966, 9.783029007777277, 55.79886949335863, 68.33603349169393, 19.977565741444725], [80.2086421853322, 0.0, 6.271549097048881, 88.15206734886428, 45.70733580021969, 38.78747188812062, 69.32090426242084, 75.99243185223557, 90.37440154483099, 62.28102259709453, 85.73159492719064, 86.52302551317486, 34.16388531145483, 103.07429795329746, 59.68426935328424, 20.19913056626582, 69.56349416828617, 39.41001586449096, 89.95903817319929, 72.89017678790721, 21.41203359928452, 7.393870297168402, 21.356295655765468, 77.1924209429346, 58.112436854559036, 67.36230361330435, 54.805781976488745, 108.90738997692354, 89.1392616119392, 48.419991798296195, 60.2931925398609, 92.69262123539488, 85.3709538838078, 58.09820275853551, 69.60242321836711, 29.377867690786545, 32.034982015504895, 33.52177504101624, 70.50666122315415, 55.03145876790794, 39.386586821157685, 81.04053819692814, 83.89093486968046, 93.55760554161947, 46.53621259289962, 25.548253591781688, 50.546988520645485, 50.945037773008835, 98.186460633463, 83.2353531583281, 74.97381201464096, 49.2293691755033, 73.73572425048812, 90.47682707863174, 74.34793448558165, 37.396943047940674, 88.52059269517191, 44.048313085790085, 29.59226514455408, 61.89059467316788], [74.18411753711322, 6.271549097048881, 0.0, 81.89319872598779, 40.995229825369016, 32.5316767832295, 63.28409350574218, 70.60468716291601, 84.39318505893384, 56.12744973330604, 80.2886858747848, 80.65671870851259, 27.89985444591452, 96.82107208816478, 55.23779171449481, 23.83383176036861, 63.41035835222369, 35.568760154806775, 84.05779176418953, 67.27833593528273, 18.932027343171143, 8.842370252299913, 15.57440902993342, 71.77516272803999, 51.84134579316647, 61.349665730649896, 49.161364314180894, 102.83600859791802, 84.18906592496808, 42.22600651041541, 55.464466399149835, 87.06190355296162, 80.09638319219302, 54.95406456170779, 64.4207584798407, 24.492357587595443, 26.714980722985853, 30.71803736963875, 64.46608028755155, 50.03767497919519, 36.18254769421823, 75.29332495612529, 77.62415868254921, 88.68577870178994, 41.40328356326075, 21.603289513259377, 44.8202620851903, 46.32775724006026, 93.45858855162254, 77.3979599313811, 70.43780721149469, 46.2243224372629, 67.47627362269044, 85.20419644462773, 68.17910060613676, 32.74274959006817, 82.39619277116424, 41.01019802292588, 28.2598446860773, 56.124284218838305], [28.887635633578277, 88.15206734886428, 81.89319872598779, 0.0, 62.32610506047379, 49.36504859707824, 31.424245028226533, 48.143520390743134, 20.917288738844324, 31.60392226459935, 38.030385357605944, 35.56911680429817, 54.297731535333384, 19.72295644296681, 56.34838236583932, 98.38974894461799, 20.98401656217056, 66.42674985035254, 24.219665832661704, 42.82434995036973, 80.44520308977998, 87.64861949146773, 67.84712633216436, 38.09122482034335, 30.25101987580753, 33.116329612968386, 47.26478878767054, 36.47359256059734, 50.527587256237744, 40.123816585008655, 58.40049099571738, 45.14669156553427, 42.18563603648276, 78.32629692890202, 43.74058654899183, 67.60828446063984, 60.77217628342868, 78.26012450494184, 23.579014620184626, 56.823577598393705, 70.8785326467069, 38.97369858391631, 4.726001459709667, 53.81851874343089, 52.72285925538204, 73.87989089490094, 43.616382257964965, 62.193120296674444, 58.8914866221985, 36.1780110882529, 55.17798477627762, 71.88034487874386, 17.391070324381914, 43.54473933623428, 16.520500192161926, 61.52080976502357, 23.832298950254206, 77.03582193195611, 85.53785343486835, 41.86260840625908], [42.18540476625196, 45.70733580021969, 40.995229825369016, 62.32610506047379, 0.0, 31.193510101258237, 32.99246690277468, 31.68758822577741, 74.69822620379921, 30.72915910263766, 80.13630409534443, 45.62790102263687, 27.06766249600197, 70.26478813662206, 69.47675940466544, 64.79119122287565, 52.713935349420815, 58.853534678085644, 76.09728824154283, 30.263129286152115, 26.637855627232497, 40.47261723421522, 38.83072003663462, 73.27313273759734, 36.79984820441436, 30.879579370337588, 15.395408526223287, 69.94966898161103, 89.22129916545755, 37.65016344847398, 14.610063486971956, 49.367770125327496, 82.07640134063712, 20.737926732819368, 70.05472769315284, 16.51007069478148, 44.66043123232748, 18.212516929571187, 56.822125088253465, 9.79391318609218, 62.3309070230786, 39.15522213759401, 57.616013156514796, 93.9987424518006, 53.84124631732074, 20.5495263103338, 49.16939913300575, 5.391394994510404, 99.68882184413735, 42.192543530823045, 81.19966564766659, 70.99986683285364, 44.94059350220178, 86.5434869030943, 55.849577381206586, 52.356063537979246, 51.88236857777465, 14.722175302298167, 26.429913430398507, 22.335155423352305], [45.414796062278526, 38.78747188812062, 32.5316767832295, 49.36504859707824, 31.193510101258237, 0.0, 34.88508659122437, 48.48364905195052, 53.3453932437528, 26.480322650970777, 53.172817317586755, 53.3282888889693, 6.095384898645825, 64.88401053849817, 38.29641243649514, 50.67651429737282, 31.40837846996635, 29.811937224109112, 53.55798441454984, 43.32855260269792, 34.56600024465834, 38.70660995106673, 19.092269498288204, 45.29024170602297, 19.49114226626824, 33.39403271879143, 27.522435360622698, 72.95137418326436, 60.37052736406056, 10.26705684559407, 40.40872482203428, 61.69348282076836, 54.20725682496377, 51.85702607881328, 40.379101456044566, 24.18513086713299, 16.768478525228353, 37.652933109882476, 33.31465509031692, 34.80827900765282, 33.99725604234569, 49.41148096041741, 45.130507321462495, 65.16599981950742, 22.687570472140045, 29.289109762226868, 18.66847144329633, 35.36245232779151, 70.66598302827278, 50.50222189930032, 50.592718178239814, 41.28687205364441, 35.574457093406, 59.091268856525325, 36.03461353492094, 22.97261037455821, 52.2486402524253, 42.353734379906584, 42.46290735528382, 31.763238682892798], [10.90661003094279, 69.32090426242084, 63.28409350574218, 31.424245028226533, 32.99246690277468, 34.88508659122437, 0.0, 19.55193900435311, 48.329054936320674, 8.69262702050488, 59.72722659495898, 18.45941694058589, 36.71221192353427, 37.29097668636826, 62.80691223236793, 84.49682937894745, 30.826755658318266, 62.64075651350791, 50.70720821089382, 13.35393088543662, 55.84519223104722, 66.55577408734412, 53.05588012706039, 55.44867654760408, 20.60917448870505, 2.147050985217643, 17.663320578265086, 39.61062426281253, 71.27394128617132, 31.46693666351715, 27.00311515731421, 27.412651620309113, 62.93964698483347, 47.04084539252469, 56.298018533076394, 42.85464633720116, 51.284483910623045, 50.593832572566555, 36.09567648729345, 25.947698936317515, 67.1849616468736, 15.435500172001158, 27.01628695117125, 75.61927136718538, 51.34814138337745, 48.9915670946922, 42.497872798502655, 31.727485204477528, 81.31156498812366, 15.790830585850948, 69.03188402711936, 72.43774211440753, 15.111936484292507, 66.24573800009865, 31.415369608468477, 56.02943368976688, 19.637384366535013, 47.27307423725607, 58.561565327210424, 10.898953145819167], [19.56265386789553, 75.99243185223557, 70.60468716291601, 48.143520390743134, 31.68758822577741, 48.48364905195052, 19.55193900435311, 0.0, 66.92136513102753, 26.52237085814607, 79.21340035641082, 17.167943186943532, 48.128467783746885, 47.29768430423791, 81.05327219993042, 93.73670976774257, 50.37866564487841, 78.0477583176574, 69.53744486186771, 6.230865684914819, 58.241333470863836, 71.53080841677894, 63.985264019005655, 74.99213623824369, 38.975652948827886, 19.246422803348146, 21.975075045860056, 41.015070663788684, 90.82256664702481, 48.147366858870974, 18.415717640964495, 17.84504701912357, 82.47434478813244, 36.44347276783779, 75.5763239786969, 46.81614450116359, 65.20419071941033, 49.41576897593427, 55.646865378151354, 21.90838477590578, 82.37763132679669, 10.664435282618372, 44.329642864151275, 95.1528325292969, 68.24380479533342, 51.871064133087806, 60.10683963696777, 27.554809317265153, 100.83503161181369, 14.326228903163882, 88.25777489299578, 88.84822300834897, 33.943130957602214, 85.70903463592241, 50.81785503053304, 71.22554449183843, 28.002019304831496, 42.368441532190964, 57.59329648680013, 16.757188265013838], [48.57336475351161, 90.37440154483099, 84.39318505893384, 20.917288738844324, 74.69822620379921, 53.3453932437528, 48.329054936320674, 66.92136513102753, 0.0, 45.35369096758132, 18.734669447920446, 56.03932401489299, 59.25599513761908, 37.61685353893616, 44.90323707775526, 96.4737375154352, 22.53681484490326, 60.46501349902273, 3.496018987475614, 61.106921372313, 87.55264226232566, 91.57964280293456, 69.04220711363234, 22.073018088792214, 38.20916337516983, 49.51981411763631, 61.03611306285184, 56.153448812828834, 30.779218002252666, 43.07833686447191, 74.09730877661073, 65.87055943232556, 23.024458538747158, 93.08360600610453, 30.22386174040345, 75.76594336393413, 59.409578473268745, 88.13286595887674, 20.061477652484932, 71.31176972226139, 64.32543684830797, 58.70508840529844, 23.265663737045248, 33.52453521288001, 47.36351271800117, 81.65317033404548, 40.38509247715804, 75.84849354119517, 38.306182213637804, 56.262210606638384, 38.94721501561884, 62.43426684914331, 33.23457420835954, 23.290265404113114, 18.860838925143558, 57.38356236239418, 44.653993137553826, 89.16980460184385, 94.41387375098029, 57.35504132647641], [18.934552832183336, 62.28102259709453, 56.12744973330604, 31.60392226459935, 30.72915910263766, 26.480322650970777, 8.69262702050488, 26.52237085814607, 45.35369096758132, 0.0, 54.44035013877266, 27.06445252482261, 28.848541717271242, 41.736910639685945, 54.70035490093117, 76.62110071972128, 25.287272931313268, 53.948556206813016, 47.26712105854801, 20.375305868312488, 50.58506590012319, 60.107421163059364, 45.026135647964246, 49.307200065458225, 12.472686257643964, 7.755969830742069, 15.91653432846469, 46.90246742714866, 65.40829987414213, 22.80301831344797, 28.835485334060895, 36.09465296855147, 57.30300447530794, 47.80687971394797, 49.19859297775542, 37.49341544185053, 42.69609528159025, 46.984985668872824, 30.337475971115545, 26.017320503953083, 58.49243652684752, 24.028690448454576, 26.889350090051703, 69.9234148841959, 42.76804805220654, 43.78438449807716, 34.07313912925645, 30.917165408587266, 75.67243346191998, 24.477724240404882, 61.82060629538995, 63.814849812274204, 14.238195857494052, 61.016001330783574, 27.05543797216853, 47.33898708240811, 26.305071163023673, 45.44668350447923, 54.55914891498615, 12.367556663806512], [62.679138643938515, 85.73159492719064, 80.2886858747848, 38.030385357605944, 80.13630409534443, 53.172817317586755, 59.72722659495898, 79.21340035641082, 18.734669447920446, 54.44035013877266, 0.0, 71.01469756175865, 59.24449677751762, 56.10534252098713, 31.311771078287894, 87.98450338444121, 29.170442767785726, 50.45063571766149, 15.336405880993446, 73.06467680495952, 87.44141763701806, 88.40514695120673, 64.76062770360268, 8.552209647177612, 43.992048926916794, 60.38007105402067, 68.64184655261978, 74.26175085605338, 12.508247924858036, 43.68464995246001, 82.78172248703002, 81.22548831859142, 4.292138891351902, 100.08877462888371, 17.03926765417482, 77.26030935968761, 53.696764950463404, 90.55259950592594, 24.132394935991186, 78.94276639320577, 53.474356013970066, 72.47317308186716, 39.032536372966895, 16.188188742296372, 39.449657176630815, 82.45287177486165, 35.88945641616485, 82.44396251383719, 21.717043929457223, 70.60206657853539, 21.41751523180272, 49.17725766538284, 45.61515588772338, 6.5767327648694245, 28.44313248404987, 49.33797090776186, 60.68241086151424, 93.69665636893026, 95.6346137253635, 66.79195712982433], [9.052649749757748, 86.52302551317486, 80.65671870851259, 35.56911680429817, 45.62790102263687, 53.3282888889693, 18.45941694058589, 17.167943186943532, 56.03932401489299, 27.06445252482261, 71.01469756175865, 0.0, 54.88940247364342, 30.672787422746463, 79.38923135040393, 102.51218689470268, 44.320281925900446, 80.86578730013551, 59.09016526021159, 15.571676343338753, 71.1053347942675, 83.09882645656636, 71.27321973380181, 68.45174996464692, 38.09430638412236, 19.967593481513866, 32.157042475699406, 24.490466096857308, 83.29251225403983, 49.58779325892393, 34.41704390270107, 10.323741341661254, 74.76207776586008, 53.45398708683553, 71.01621641311134, 58.61320884702246, 69.73741645872505, 63.836211111158136, 49.45657341949454, 36.42305164867526, 85.44092276023179, 6.77968950395042, 32.78310588556975, 87.20236536669908, 69.11856905210443, 64.37182605899899, 59.96028414679396, 42.50998331368629, 92.65574334219964, 3.4377221396115347, 83.71235641716244, 90.27583183786834, 26.31757070900468, 77.19382674136297, 43.13754186439513, 74.32930809969733, 12.328919646813409, 58.08106934500065, 72.05754771439433, 24.767646708606254], [47.53759070703503, 34.16388531145483, 27.89985444591452, 54.297731535333384, 27.06766249600197, 6.095384898645825, 36.71221192353427, 48.128467783746885, 59.25599513761908, 28.848541717271242, 59.24449677751762, 54.88940247364342, 0.0, 68.93317384841745, 43.08967858473743, 47.80996579632198, 37.12488087680901, 32.0644678916624, 59.549394122110655, 43.483814660034746, 28.491647804740083, 33.37300666471919, 16.38501927575949, 51.31631691679642, 24.076612125795037, 34.98448770935756, 26.359427900169592, 75.74653774358057, 66.25915567400872, 16.2332032715182, 37.88128054657857, 62.58814896503756, 60.22291144702462, 47.3973961813713, 46.176307456457586, 18.253941827226935, 18.032707334468583, 31.78391981613117, 39.2692201722406, 32.09769685006421, 35.84105827908377, 50.36417242845341, 49.919300607741704, 71.04688566546791, 27.173667487655635, 23.208590215665314, 24.384052850030717, 31.70168686722911, 76.50453094362832, 51.86142235606156, 56.002303125774986, 44.067720960852384, 39.579168858448796, 65.12919654148894, 41.64950257727505, 25.414038873764476, 55.107473622384596, 37.07950721073222, 36.39227179216936, 31.782412563051704], [28.996418080413076, 103.07429795329746, 96.82107208816478, 19.72295644296681, 70.26478813662206, 64.88401053849817, 37.29097668636826, 47.29768430423791, 37.61685353893616, 41.736910639685945, 56.10534252098713, 30.672787422746463, 68.93317384841745, 0.0, 76.05295738534298, 115.24699535054421, 40.053215796877225, 85.22278191398752, 41.11248815204419, 43.85271338740701, 92.29792887862824, 101.53125117884366, 83.92587389559179, 57.30457704372893, 45.44607001700545, 39.42178097634496, 54.95329280516291, 19.10389562002815, 68.36770079677626, 56.83254247236688, 62.37490997307959, 37.13075639299805, 60.37914468016601, 82.36420758329085, 63.382340544461634, 79.20288188882058, 78.22536031430933, 87.83458888055074, 43.17854883507806, 62.64321319015428, 89.75789459509186, 36.65828395020712, 21.8092131870251, 71.10411395375826, 71.63496827743961, 85.47746196322221, 62.28438442907674, 68.64678986019693, 75.69620845711229, 33.034778332678314, 74.53552486549913, 91.32216855802928, 29.366451203738567, 60.90105170432009, 35.951254999567595, 79.9064339836638, 19.44993612877529, 84.36902389832655, 95.72412836038438, 47.98774333300779], [70.34103152606737, 59.68426935328424, 55.23779171449481, 56.34838236583932, 69.47675940466544, 38.29641243649514, 62.80691223236793, 81.05327219993042, 44.90323707775526, 54.70035490093117, 31.311771078287894, 79.38923135040393, 43.08967858473743, 76.05295738534298, 0.0, 58.11700316425242, 36.913305424061186, 20.86950993335987, 42.58386314779084, 75.01013814535021, 67.28062101841697, 63.99864851705307, 40.97397858608369, 23.784057193097627, 42.267378126854624, 62.36823877730039, 63.36862115105018, 91.10677364969627, 30.447255268628542, 33.61466756337858, 77.43563240967624, 89.43716631770819, 29.155637226493504, 90.15321446503214, 14.883468456897742, 60.550317863840675, 29.58174233815002, 73.92342763698379, 32.977289645155636, 72.19470095612725, 22.912588281982245, 78.09513878724923, 54.67083794101352, 34.46521262458186, 15.985002831666748, 64.09679064672805, 21.250350652359487, 73.47329073136306, 38.686798894122305, 77.65080954255845, 15.310648577150497, 17.92089911384257, 53.801841182151875, 33.85654303611388, 40.314191485766386, 22.520797877750173, 72.71977183934476, 80.13799115544597, 76.794393842591, 65.05213772845383], [95.34386256774143, 20.19913056626582, 23.83383176036861, 98.38974894461799, 64.79119122287565, 50.67651429737282, 84.49682937894745, 93.73670976774257, 96.4737375154352, 76.62110071972128, 87.98450338444121, 102.51218689470268, 47.80996579632198, 115.24699535054421, 58.11700316425242, 0.0, 78.146007426676, 37.61121564753909, 95.34846186526819, 89.99239224974096, 41.59866281751872, 27.307726449397247, 31.650484613283577, 79.58391856758733, 69.85678554928901, 82.72151934899762, 71.94363973248619, 123.46657407384856, 88.55558866466255, 58.50344724269752, 79.19127395427071, 109.62834210040478, 86.64464674091649, 78.25418107167835, 70.98708343688028, 48.281236562488225, 37.74748047170746, 53.703559375496376, 77.76159489024876, 73.68023135230679, 35.23517999614018, 97.59663416538557, 94.59113866386156, 92.44970700034308, 49.31126554306978, 45.29558486582596, 56.324815987366165, 70.13976778462117, 96.25161919309497, 99.38578847465169, 72.93801739734901, 42.98116832983961, 86.12350474325956, 91.58387660429325, 83.00245017179616, 39.19533600660269, 102.7802275896165, 64.21102641218619, 49.60221535403311, 78.52428453544154], [35.42187616401491, 69.56349416828617, 63.41035835222369, 20.98401656217056, 52.713935349420815, 31.40837846996635, 30.826755658318266, 50.37866564487841, 22.53681484490326, 25.287272931313268, 29.170442767785726, 44.320281925900446, 37.12488087680901, 40.053215796877225, 36.913305424061186, 78.146007426676, 0.0, 45.444005804206434, 23.49771903843002, 44.174188042246094, 65.1787018116792, 70.06080961075013, 48.55506564250172, 24.66800315931565, 15.925580604957903, 31.323180384992813, 39.972724407367544, 54.20500920907769, 40.45656148847879, 21.26291489434276, 53.848133254941565, 54.63287664642171, 32.17640097148979, 71.87052631647354, 26.75068427688902, 53.24728071012794, 40.39869820163932, 65.6136504500235, 5.286951630643219, 50.338570423900514, 49.90592947018225, 44.56970712982457, 18.253245710619275, 44.84859215637377, 31.747524943864956, 59.17697944235135, 22.658506896036275, 54.34488533646937, 50.56796712792886, 43.247602595455355, 39.401490419199675, 51.31358508196236, 18.002742909072442, 35.74228025125015, 4.864796661350556, 40.605083288040206, 36.162072245889775, 66.98278954532482, 71.88571906488177, 37.651303537775135], [72.23772003604935, 39.41001586449096, 35.568760154806775, 66.42674985035254, 58.853534678085644, 29.811937224109112, 62.64075651350791, 78.0477583176574, 60.46501349902273, 53.948556206813016, 50.45063571766149, 80.86578730013551, 32.0644678916624, 85.22278191398752, 20.86950993335987, 37.61121564753909, 45.444005804206434, 0.0, 58.90924925182647, 72.63131555640418, 50.125663636858654, 44.41068508320091, 23.25267167316625, 42.1357977531248, 43.1048912331113, 61.53312147885434, 57.332316096714116, 97.29928024705433, 51.22688219011426, 31.28732478582361, 69.83469537073003, 90.0318503230059, 49.03354402109125, 78.54910444915468, 33.420582397080885, 46.347275020274054, 14.199337038504364, 58.75804088521763, 43.558528799587684, 64.09552926555031, 4.630466828800439, 77.87591724592401, 63.476825838971415, 55.32469707848902, 13.726178904625872, 48.38362402105216, 22.939030155835127, 63.68516066516584, 59.52477832231271, 78.41291353061595, 36.09996721463466, 12.270401149616964, 58.368563381138216, 53.97787142853522, 50.00499308300629, 6.842707761584084, 77.17324307816268, 66.67712596460903, 60.03323301223501, 61.29138749298721], [51.4523359896818, 89.95903817319929, 84.05779176418953, 24.219665832661704, 76.09728824154283, 53.55798441454984, 50.70720821089382, 69.53744486186771, 3.496018987475614, 47.26712105854801, 15.336405880993446, 59.09016526021159, 59.549394122110655, 41.11248815204419, 42.58386314779084, 95.34846186526819, 23.49771903843002, 58.90924925182647, 0.0, 63.64573497713137, 87.97345485299401, 91.4432253077021, 68.60287050717353, 19.297241817563417, 39.38745353822453, 51.80343240545267, 62.77383449993287, 59.63756128556173, 27.29381654166922, 43.31776353359801, 76.08905534397864, 69.00060334138388, 19.616398575893474, 94.82584982122594, 27.766210205658385, 76.4382939821977, 58.64106358216372, 89.02421560428266, 20.31010931088456, 73.1010942306563, 62.63618566214772, 61.55667976017132, 26.31448487223891, 30.033267731818796, 46.079237911159126, 82.2212922326963, 39.622545153556764, 77.4650308779842, 34.847323935366454, 59.20596866867762, 35.87733036523065, 60.28413618537797, 35.68545889910421, 19.79462359968755, 20.35489302351874, 56.169176347442274, 47.85313167354365, 90.4516167494131, 95.10330836883489, 59.4153070940963], [15.0814452212339, 72.89017678790721, 67.27833593528273, 42.82434995036973, 30.263129286152115, 43.32855260269792, 13.35393088543662, 6.230865684914819, 61.106921372313, 20.375305868312488, 73.06467680495952, 15.571676343338753, 43.483814660034746, 43.85271338740701, 75.01013814535021, 89.99239224974096, 44.174188042246094, 72.63131555640418, 63.64573497713137, 0.0, 56.24751373883105, 68.8922828781748, 59.622462662409056, 68.77330365383452, 32.84579621292174, 13.018381736641444, 18.119361046598378, 40.061348949578615, 84.62589142964774, 42.33978269631766, 18.99938644520615, 19.803368323654258, 76.29317720859876, 38.60669638997349, 69.35747448526381, 44.17168772702764, 60.09625168340015, 48.425934204239724, 49.43721448527784, 20.88608825440662, 77.02404649050361, 8.919700854514064, 38.822088706823735, 88.97273313246487, 62.46352937129339, 49.64012450621211, 54.161253236519535, 26.95145751731952, 94.66307161813731, 12.19612806387289, 82.04659266145057, 83.21681541695487, 27.975598339911993, 79.57334054913636, 44.70410757101629, 65.83836316886223, 24.40797534224155, 42.51367007435824, 56.654685396071315, 11.702141829566441], [66.25305443378738, 21.41203359928452, 18.932027343171143, 80.44520308977998, 26.637855627232497, 34.56600024465834, 55.84519223104722, 58.241333470863836, 87.55264226232566, 50.58506590012319, 87.44141763701806, 71.1053347942675, 28.491647804740083, 92.29792887862824, 67.28062101841697, 41.59866281751872, 65.1787018116792, 50.125663636858654, 87.97345485299401, 56.24751373883105, 0.0, 14.779468942817358, 26.917556075375934, 79.31016798921567, 50.67880776931809, 53.722373485782846, 39.047759432295834, 94.87262813490783, 93.59927904359014, 44.69813363036557, 41.03241057102616, 75.75865823908123, 88.13464338587755, 36.69838321150543, 73.36984337549211, 13.095056179832618, 37.78069955941935, 12.110087740538045, 67.66715498660005, 36.41789204830364, 51.922566989779966, 64.96099491787749, 75.81697740463066, 98.32524819984575, 51.74010166700644, 6.854371437027154, 51.8277250805941, 31.401244914327403, 103.57257849852051, 67.68600727131496, 81.71481399121464, 61.92079408953621, 64.02529439327148, 93.13142285619463, 69.48546279602313, 45.452193393807356, 75.47655763275644, 22.647761236848762, 9.966184293753532, 46.532346663257755], [77.33609533724679, 7.393870297168402, 8.842370252299913, 87.64861949146773, 40.47261723421522, 38.70660995106673, 66.55577408734412, 71.53080841677894, 91.57964280293456, 60.107421163059364, 88.40514695120673, 83.09882645656636, 33.37300666471919, 101.53125117884366, 63.99864851705307, 27.307726449397247, 70.06080961075013, 44.41068508320091, 91.4432253077021, 68.8922828781748, 14.779468942817358, 0.0, 23.720047902757162, 79.93476377733731, 57.40091912178014, 64.51760080831598, 51.01863124677473, 106.12572951051345, 92.70882801213456, 48.8024769052457, 55.06623937384331, 88.65017184203194, 88.38105880324125, 51.37251614648691, 72.8088205599218, 24.7485842821628, 35.15023319042617, 26.788293053153186, 71.54139934650377, 50.07476996725361, 44.956095812199, 77.31859876339159, 83.22761624200433, 97.24673970575684, 49.88817623951813, 19.93493831855211, 52.67455563102792, 45.533188521468404, 102.08860954351663, 79.74239230090443, 79.15901545580542, 54.97012362024894, 72.40314000951153, 93.48371309407017, 74.73022872811826, 41.48267779763147, 86.04792638599697, 37.34177109776382, 22.305406295497516, 58.333335014470215], [63.83888474282142, 21.356295655765468, 15.57440902993342, 67.84712633216436, 38.83072003663462, 19.092269498288204, 53.05588012706039, 63.985264019005655, 69.04220711363234, 45.026135647964246, 64.76062770360268, 71.27321973380181, 16.38501927575949, 83.92587389559179, 40.97397858608369, 31.650484613283577, 48.55506564250172, 23.25267167316625, 68.60287050717353, 59.622462662409056, 26.917556075375934, 23.720047902757162, 0.0, 56.26432421470719, 38.482753386349344, 51.355626053446066, 42.022208799052734, 91.82604389358224, 69.04906529215025, 27.738855898317727, 51.84704630791432, 78.90349440160018, 64.66732294877377, 57.01719361195906, 49.09401598648538, 24.150003480973837, 11.540364609501557, 35.742699458189584, 49.239577916427876, 46.03035191019326, 25.422781924533286, 66.70738265433152, 63.79186259328521, 73.62222527353917, 26.249915527797157, 25.308947156991778, 29.251688009757267, 44.0954177783688, 78.55324589890188, 68.24470433793155, 55.88696299724216, 35.23980037634058, 54.6543449471404, 69.77158527016856, 53.386896460244095, 18.67601448093529, 71.1343617225574, 44.298512914817344, 36.79307145917223, 47.95126002335703], [59.74331329634866, 77.1924209429346, 71.77516272803999, 38.09122482034335, 73.27313273759734, 45.29024170602297, 55.44867654760408, 74.99213623824369, 22.073018088792214, 49.307200065458225, 8.552209647177612, 68.45174996464692, 51.31631691679642, 57.30457704372893, 23.784057193097627, 79.58391856758733, 24.66800315931565, 42.1357977531248, 19.297241817563417, 68.77330365383452, 79.31016798921567, 79.93476377733731, 56.26432421470719, 0.0, 38.00496253667581, 55.83754966905976, 62.62399128044197, 74.52688227097717, 16.198970971490255, 36.16357660262077, 76.95936979268991, 78.76782978447244, 8.930758410156512, 93.5356757343079, 8.974215401425685, 69.4622587922879, 45.15774877485514, 82.86018682353671, 19.381235341855227, 72.7878089517415, 45.32518573481667, 69.14537305251726, 38.04506396531482, 20.872226585740293, 30.902749651846147, 74.49294440941826, 27.569507297072178, 75.90762877909405, 26.627180974686212, 67.64463123106346, 17.27772803456744, 41.69205484978713, 42.32220312674684, 13.827218730696538, 25.32739814485265, 40.81883682401275, 59.06612204002215, 86.47605891101732, 87.68765589819343, 61.49957143157696], [29.2626943562519, 58.112436854559036, 51.84134579316647, 30.25101987580753, 36.79984820441436, 19.49114226626824, 20.60917448870505, 38.975652948827886, 38.20916337516983, 12.472686257643964, 43.992048926916794, 38.09430638412236, 24.076612125795037, 45.44607001700545, 42.267378126854624, 69.85678554928901, 15.925580604957903, 43.1048912331113, 39.38745353822453, 32.84579621292174, 50.67880776931809, 57.40091912178014, 38.482753386349344, 38.00496253667581, 0.0, 20.10089524498883, 24.67853658712868, 54.74683936608432, 54.20380242109324, 12.064075259776471, 38.95885400729603, 47.73926879336725, 46.42087567348348, 56.208498163334745, 37.048430522093845, 38.20244494333264, 33.502728324140364, 50.05453588755917, 20.137665375790718, 34.95236550214077, 47.72394645749451, 36.01140417678108, 25.84290090182943, 58.84870989287101, 31.024350753355993, 44.33916432775043, 21.9463305202829, 38.602553063237856, 64.6108094730944, 35.93967683575451, 49.55579907014887, 52.1821194691589, 16.296682281107014, 50.52754846025384, 19.411447370313685, 36.816442576860574, 34.266647882829275, 51.06616090930599, 56.66916595491128, 23.84497943699469], [12.85017467956312, 67.36230361330435, 61.349665730649896, 33.116329612968386, 30.879579370337588, 33.39403271879143, 2.147050985217643, 19.246422803348146, 49.51981411763631, 7.755969830742069, 60.38007105402067, 19.967593481513866, 34.98448770935756, 39.42178097634496, 62.36823877730039, 82.72151934899762, 31.323180384992813, 61.53312147885434, 51.80343240545267, 13.018381736641444, 53.722373485782846, 64.51760080831598, 51.355626053446066, 55.83754966905976, 20.10089524498883, 0.0, 15.532025782985189, 41.61817547898893, 71.76923766667709, 30.502061847301892, 25.290483696725538, 28.521036528911015, 63.495529993448265, 45.239015205989595, 56.345477217890505, 40.74459522877827, 49.91601745552099, 48.45057509406751, 36.554706364459456, 23.990009970909085, 66.05015826470442, 16.347839644121116, 28.635227526113468, 76.17063204668104, 50.51251572906849, 46.86952565709048, 41.823332012475646, 29.708112531539083, 81.88462841644446, 17.113506931908475, 69.04447277679711, 71.53574370095457, 16.43537212115285, 66.92337058920933, 32.22442322172247, 54.870163998313465, 21.754427432442238, 45.20353041004759, 56.414977913410034, 8.908733430837296], [27.395894700165073, 54.805781976488745, 49.161364314180894, 47.26478878767054, 15.395408526223287, 27.522435360622698, 17.663320578265086, 21.975075045860056, 61.03611306285184, 15.91653432846469, 68.64184655261978, 32.157042475699406, 26.359427900169592, 54.95329280516291, 63.36862115105018, 71.94363973248619, 39.972724407367544, 57.332316096714116, 62.77383449993287, 18.119361046598378, 39.047759432295834, 51.01863124677473, 42.022208799052734, 62.62399128044197, 24.67853658712868, 15.532025782985189, 0.0, 55.84393385338685, 78.81705243934294, 29.775280149906788, 14.433695822876915, 37.90288951835983, 71.09679312669759, 32.05629195015387, 60.93433572498283, 26.456405933000354, 43.91570845609696, 32.97220710130201, 44.63046912497148, 10.367267117967963, 61.472009979414516, 26.30758708320964, 42.588454220103145, 83.48921398502911, 49.02150553131998, 32.26439826075492, 42.13976916482158, 15.004308889523049, 89.24844252909777, 28.767969244656676, 73.00983685501505, 68.71478845085541, 29.89286240846594, 75.18951932466612, 42.42744652652544, 50.49456809626295, 36.91064372567578, 29.923742245528036, 41.00796024771987, 7.488835226735972], [28.790053665703837, 108.90738997692354, 102.83600859791802, 36.47359256059734, 69.94966898161103, 72.95137418326436, 39.61062426281253, 41.015070663788684, 56.153448812828834, 46.90246742714866, 74.26175085605338, 24.490466096857308, 75.74653774358057, 19.10389562002815, 91.10677364969627, 123.46657407384856, 54.20500920907769, 97.29928024705433, 59.63756128556173, 40.061348949578615, 94.87262813490783, 106.12572951051345, 91.82604389358224, 74.52688227097717, 54.74683936608432, 41.61817547898893, 55.84393385338685, 0.0, 86.68314688258147, 66.8021756780855, 58.84772312620316, 25.39736414629232, 78.48234787288361, 77.43793116559542, 79.66633888508098, 82.09117303829561, 88.20964211886181, 88.15753377260684, 58.302583874022325, 60.88403423756057, 101.92507751502153, 31.222804930915984, 36.816181474750444, 89.6645826664148, 84.25115639285251, 88.06041499715214, 74.72564672268193, 66.98427163489605, 94.42636104874681, 27.87878380679541, 91.49431875305359, 104.91953287131503, 38.933314443509005, 79.40159282743117, 50.9740132096961, 91.32744373379936, 20.703211289135428, 82.57109628103699, 96.3600292134937, 48.3551665636331], [74.83249294885587, 89.1392616119392, 84.18906592496808, 50.527587256237744, 89.22129916545755, 60.37052736406056, 71.27394128617132, 90.82256664702481, 30.779218002252666, 65.40829987414213, 12.508247924858036, 83.29251225403983, 66.25915567400872, 68.36770079677626, 30.447255268628542, 88.55558866466255, 40.45656148847879, 51.22688219011426, 27.29381654166922, 84.62589142964774, 93.59927904359014, 92.70882801213456, 69.04906529215025, 16.198970971490255, 54.20380242109324, 71.76923766667709, 78.81705243934294, 86.68314688258147, 0.0, 51.79788388794401, 93.15809347894721, 93.54184412998629, 8.532455471270584, 109.59697392097668, 20.229460649214897, 84.51040950757928, 57.55976273470075, 98.017148889235, 35.21489434246209, 88.96247182815883, 53.327995228631686, 84.50133741179144, 51.51657778573983, 4.802608831342965, 42.82074673316483, 89.21799008955375, 41.943283463504464, 91.99120017824796, 10.47456337238376, 82.76166199085473, 16.103900784395194, 46.93572960035302, 57.592765337357555, 7.842176667627002, 40.379626363602966, 51.78704695954873, 73.1325476246606, 102.15561004834646, 102.38145943903099, 77.64769935541098], [40.95811453639007, 48.419991798296195, 42.22600651041541, 40.123816585008655, 37.65016344847398, 10.26705684559407, 31.46693666351715, 48.147366858870974, 43.07833686447191, 22.80301831344797, 43.68464995246001, 49.58779325892393, 16.2332032715182, 56.83254247236688, 33.61466756337858, 58.50344724269752, 21.26291489434276, 31.28732478582361, 43.31776353359801, 42.33978269631766, 44.69813363036557, 48.8024769052457, 27.738855898317727, 36.16357660262077, 12.064075259776471, 30.502061847301892, 29.775280149906788, 66.8021756780855, 51.79788388794401, 0.0, 43.968553855777394, 58.878456701274764, 45.08328123812521, 58.28508085453183, 32.40467952533353, 33.68903306873938, 21.540346527297004, 46.878965955880496, 23.05263816789149, 38.92392097812607, 35.878320140916166, 46.82788165074298, 36.14912763944245, 56.59615491898331, 20.12497428319105, 39.16264498050411, 12.368661545797687, 40.926256590873685, 62.22937368540753, 47.18898466089374, 43.777289199293506, 41.039581135448245, 28.149376228644645, 49.8168593540744, 25.976762590252033, 24.84981456899793, 46.32724155511238, 50.3665645815818, 52.24440178629984, 31.713427249519256], [33.3802716484114, 60.2931925398609, 55.464466399149835, 58.40049099571738, 14.610063486971956, 40.40872482203428, 27.00311515731421, 18.415717640964495, 74.09730877661073, 28.835485334060895, 82.78172248703002, 34.41704390270107, 37.88128054657857, 62.37490997307959, 77.43563240967624, 79.19127395427071, 53.848133254941565, 69.83469537073003, 76.08905534397864, 18.99938644520615, 41.03241057102616, 55.06623937384331, 51.84704630791432, 76.95936979268991, 38.95885400729603, 25.290483696725538, 14.433695822876915, 58.84772312620316, 93.15809347894721, 43.968553855777394, 0.0, 36.22915489270758, 85.3536092389521, 20.153664755717458, 75.36700294780776, 30.988158706686807, 55.910861394331235, 31.319557791543478, 58.67975986714249, 5.834009059610348, 73.71166086470184, 27.644860552417022, 53.92326887713539, 97.80753584487529, 62.668614389756314, 35.13282771924371, 56.285609003609075, 9.64032253927571, 103.5696634800671, 31.120066361362372, 87.40961420437861, 81.61604870934775, 41.56183812824071, 89.34749220688728, 55.88524974397624, 63.07686672399581, 43.06085633528073, 23.962007049572705, 39.408346175146775, 16.78755923287628], [19.263318263266793, 92.69262123539488, 87.06190355296162, 45.14669156553427, 49.367770125327496, 61.69348282076836, 27.412651620309113, 17.84504701912357, 65.87055943232556, 36.09465296855147, 81.22548831859142, 10.323741341661254, 62.58814896503756, 37.13075639299805, 89.43716631770819, 109.62834210040478, 54.63287664642171, 90.0318503230059, 69.00060334138388, 19.803368323654258, 75.75865823908123, 88.65017184203194, 78.90349440160018, 78.76782978447244, 47.73926879336725, 28.521036528911015, 37.90288951835983, 25.39736414629232, 93.54184412998629, 58.878456701274764, 36.22915489270758, 0.0, 85.00959335931874, 53.171092232872944, 81.30959652389662, 63.90909567933408, 78.34703529751287, 67.23352430911342, 59.77768099391309, 39.64336481813467, 94.56107857965468, 12.282674570660513, 42.70231423881356, 97.40802376826895, 78.68820562922427, 69.25005599240146, 69.68225656195382, 45.38477371356494, 102.82796482446727, 11.813727011665101, 94.01624189744406, 99.81195593925439, 36.631058783134634, 87.35553714515028, 53.44804945851083, 83.38704936112403, 21.342768236372304, 60.14109280706696, 75.42308628299838, 31.104521557470463], [66.31819984568956, 85.3709538838078, 80.09638319219302, 42.18563603648276, 82.07640134063712, 54.20725682496377, 62.93964698483347, 82.47434478813244, 23.024458538747158, 57.30300447530794, 4.292138891351902, 74.76207776586008, 60.22291144702462, 60.37914468016601, 29.155637226493504, 86.64464674091649, 32.17640097148979, 49.03354402109125, 19.616398575893474, 76.29317720859876, 88.13464338587755, 88.38105880324125, 64.66732294877377, 8.930758410156512, 46.42087567348348, 63.495529993448265, 71.09679312669759, 78.48234787288361, 8.532455471270584, 45.08328123812521, 85.3536092389521, 85.00959335931874, 0.0, 102.24689286347675, 15.852521334754298, 78.38445968416289, 53.39392144244687, 91.78934605725907, 26.99061111347464, 81.3307066584246, 51.774114996486425, 76.01643172632791, 43.03781972699392, 12.67968397103064, 38.85689502208486, 83.38431867327661, 36.3266611142404, 84.6047940480687, 18.39206818149593, 74.24720803536391, 17.84408085058719, 46.804525