instance_id,num_cities,city_coordinates,distance_matrix,best_route,total_distance
183,98,"[[38.72342614392029, 38.533614876477984], [30.43645889665325, 71.18586963525757], [12.556582595902377, 4.811002979580293], [49.09084408062924, 66.56311616175581], [40.08668043234276, 47.17385843012636], [90.2548884919472, 46.25541393599766], [15.671529240510084, 20.649947303440687], [0.7829086307051925, 40.37579481625816], [19.42300172970922, 48.49383706947056], [29.817128294094054, 20.240676224971367], [24.598666103780154, 93.96645000475104], [36.40226419096576, 99.74895104007574], [36.992229284548486, 28.72832378291086], [41.04119825330571, 6.759383600603641], [88.79987141460236, 71.64904582249511], [30.328107452120577, 6.845165184181323], [16.645276791347275, 83.30499499166942], [65.35061532684348, 12.540270178642665], [89.76708536728819, 94.51710973695279], [75.87992115887477, 88.25229676099873], [78.29473925436324, 76.74808208485805], [94.46003753875353, 6.522784258386805], [66.64293077927894, 0.21846594926646645], [4.829061171707716, 11.353570511104927], [40.36825581405504, 32.508832552765746], [24.266698058174217, 16.773061031493995], [72.1315658135792, 26.883196225150417], [86.62030341264493, 77.4485964083746], [78.52934012246267, 13.72206914791063], [48.09816073865909, 63.44963150852241], [9.053250457324857, 99.1714736318569], [8.244723901340379, 65.10468240196809], [8.597669780537675, 84.3353601516558], [18.086740131195423, 20.36077785115816], [39.18706658724436, 59.38937634814631], [21.610713293953378, 33.74557610315945], [51.31736304703058, 77.80994506007754], [28.689898948569958, 28.962787508626864], [29.896546741406393, 44.76305213105771], [3.5788934605189504, 93.32761730167803], [9.121953122613203, 49.69674070987671], [18.873851392494313, 58.570368011636674], [80.09525759242263, 43.578632277682], [21.61288017876104, 42.25174549120214], [38.654842831767645, 97.56271910035099], [95.23724925741112, 70.6290916336348], [22.55710330144908, 34.122746792607785], [31.366287996701768, 73.21339625799406], [46.33329476715392, 22.25076797171769], [0.2806574834320119, 81.44393426232793], [93.1401683173056, 0.8473830591951392], [61.63146814020089, 93.37849136154792], [13.973935328673592, 65.98907236543667], [67.97778154224623, 32.77446796079092], [1.3839814224395508, 74.28688648197402], [88.46503439264706, 11.354641085228668], [59.322942986880115, 84.69894224275698], [50.58362574915517, 87.13055895156721], [69.69544571834182, 68.16509238650119], [64.39865682241113, 24.986414347486786], [75.59391690955222, 63.50765878986346], [52.684305724040634, 20.72819326342257], [47.54085935982953, 86.16968950366625], [72.80865605686321, 28.330476898889245], [2.2801674998137234, 5.329958000839207], [37.35407283038617, 54.87716210752287], [34.13758352649684, 53.53934178596763], [20.887146111235054, 18.706859533304332], [70.11062810777524, 49.82750880911083], [66.65163087033945, 65.13393654000198], [39.27236108827582, 44.30824923387724], [2.3405621944591615, 63.094589975329804], [97.17508110380606, 46.983128249431374], [78.75565387534132, 57.021768770984046], [6.474263976893335, 13.624067593469224], [15.857447096379095, 27.443525225985777], [88.58340262591022, 63.1175677212782], [31.08551305328303, 82.47244557294063], [68.76933222675208, 0.40809823178329374], [71.68569146453966, 64.25933113095587], [61.12306470521476, 84.98690154896013], [21.424773585171796, 32.71065275291525], [47.15224600994482, 6.60148509134676], [5.31345289803512, 53.96660729206252], [96.65216241138927, 20.30349566812464], [89.45139870601699, 33.4865495762509], [28.769314029077144, 85.4697708382626], [40.1984476576868, 68.71379319677396], [50.02624976417515, 98.35360781775246], [62.651500094672684, 55.0730920471744], [84.52261954600411, 63.823711450902266], [27.56720779425228, 24.299026802177714], [70.76136944956534, 85.40872136949484], [56.25097963926359, 80.35197244202026], [48.685230637572616, 65.23650856270741], [57.93481345922289, 31.450069858169105], [78.64640765084947, 65.14300202752278], [17.855669956501284, 4.822294416985217]]","[[0.0, 33.68743930591224, 42.683934383034945, 29.88538601015195, 8.747129296018468, 52.10679219105426, 29.175597966594598, 37.98521417737578, 21.718941242667807, 20.34585328507026, 57.20409125709317, 61.25932724438069, 9.95694611793624, 31.85865409466941, 60.03567387552209, 32.78169031392521, 49.9191461891475, 37.211035626056756, 75.76019300202528, 62.068933051330184, 55.011219994698074, 64.27490277424602, 47.408326024003536, 43.44632077142089, 6.245275549715242, 26.125058671429752, 35.38129521284712, 61.712937377207425, 46.905475044049005, 26.621298494440627, 67.50754950159813, 40.43479837758562, 54.821173525547245, 27.497723817374943, 20.860914386090812, 17.769925615494973, 41.24605871365962, 13.866232526719099, 10.803688652273813, 65.09624320425483, 31.63641230296927, 28.20420348124973, 41.678299365278065, 17.50986232081728, 59.029144065821995, 64.9917827973054, 16.757259665599005, 35.45158273458334, 17.973347039066976, 57.611995036445926, 66.19240060120703, 59.43684770212778, 36.96402902203707, 29.8158528801044, 51.696523699421846, 56.6826623185187, 50.55272045102117, 50.02326766729022, 42.8636262575317, 29.030055331783583, 44.5324146963339, 22.62607339927284, 48.44525502465715, 35.57958575936337, 49.3010540507645, 16.4008129246901, 15.690818735616023, 26.66895410102224, 33.357285370386194, 38.56892183927009, 5.800666473327918, 43.89708745431088, 59.05920964412966, 44.095250215497074, 40.74915957807783, 25.413443022513643, 55.59125823598482, 44.59774163960027, 48.54185299062284, 41.812957463839055, 51.57181061735605, 18.25240445094131, 33.02583711199997, 36.802222313200765, 60.72952932385323, 50.97842748070591, 47.98006965880559, 30.216201811460973, 60.8784475597458, 29.08791893677963, 52.31782775522302, 18.085483281087093, 56.77768417245809, 45.34302770009594, 28.500562801246982, 20.475693214271843, 47.978161041840664, 39.647400613661674], [33.68743930591224, 0.0, 68.74091139990138, 19.218635130230123, 25.87862936484915, 64.80564898695098, 52.648671338204586, 42.76205974608157, 25.223492635534225, 50.94895781080056, 23.516689109300057, 29.179452567653087, 42.96069511987588, 65.29343458262854, 58.365250388572164, 64.3407956843578, 18.35946358873636, 68.25177400520447, 63.75319601463881, 48.54246797615655, 48.18042347397603, 90.99633636909607, 79.66982485306335, 65.08181648299026, 39.93186431271347, 54.76147997410075, 60.83756086577191, 56.53181521260259, 74.93339436492536, 19.28172949476948, 35.21981877032079, 23.009866150599766, 25.49199503567767, 52.30397220525445, 14.687763234321743, 38.466470662295556, 21.90640393517268, 42.25918995821442, 26.42833309150681, 34.807841226937235, 30.26699222524807, 17.1127079537639, 56.816862307104415, 30.24961291280356, 27.62752291120478, 64.80318227619675, 37.89141485145446, 2.2305708599374885, 51.45243984025073, 31.852790282278065, 94.22981411910204, 38.28369183857843, 17.263295864055152, 53.7102102451455, 29.21750764307787, 83.34921405688267, 31.890940631948766, 25.693217968487144, 39.3750319549346, 57.33952002620082, 45.80557756401573, 55.144753089480126, 22.73929139295294, 60.2659752992688, 71.62246744160703, 17.71517213468067, 18.03048165361648, 53.340752487705515, 45.05795467808786, 36.71736067956296, 28.292749000063903, 29.23778750240041, 70.99166419163771, 50.35242155727755, 62.35020320472579, 46.10791992154802, 58.70404211660812, 11.305223027226155, 80.49162753096661, 41.82673933133152, 33.64723254493715, 39.516487524784516, 66.71251955767096, 30.4576497131735, 83.5076964865071, 70.02857883474609, 14.380862477149758, 10.070133389794355, 33.49396817616323, 36.019862312245515, 54.58492600451941, 46.97455303398385, 42.759652975140675, 27.39355621007981, 19.19407635766182, 48.32280297720383, 48.58719386635573, 67.5455429033474], [42.683934383034945, 68.74091139990138, 0.0, 71.75009229749195, 50.52244856306788, 88.06058107144058, 16.1423371880624, 37.46296594004525, 44.21920064684557, 23.15170089343114, 89.96502381186106, 97.88682502089071, 34.19267558267078, 28.551173639526034, 101.3921252413767, 17.887563042231566, 78.60040840999349, 53.356831459806365, 118.3581316504079, 104.74872178063943, 97.44972340161532, 81.9213410945043, 54.28097692735683, 10.12520504809398, 39.25122839171453, 16.739702416025548, 63.53235663861578, 103.73839559366245, 66.57185468285135, 68.56888895580083, 94.42548256584313, 60.44766251635823, 79.62283827088493, 16.50388260143391, 60.728753627682146, 30.31809368250482, 82.6513378358291, 29.04466547358989, 43.5527334155898, 88.97072503502812, 45.01695381977485, 54.129263930874586, 77.87426854668122, 38.520458534794976, 96.35351592280887, 105.67929519856055, 30.970772346562875, 70.94147181641813, 38.01330935449521, 77.60995100084332, 80.68100501724066, 101.25484872081914, 61.19448555670479, 62.07628102911464, 70.36849725139402, 76.18997475938947, 92.56984014211011, 90.67836184230742, 85.31465479919025, 55.62955944433762, 86.13363408495955, 43.169330664032366, 88.56147861016966, 64.67981145447222, 10.28951026731635, 55.8707062041799, 53.29343865802237, 16.20163935670299, 73.06814594529472, 81.02549327926813, 47.684014953924944, 59.17215211511075, 94.54511325027916, 84.3106227161504, 10.708160797808619, 22.87196470976087, 95.81092242460154, 79.84122324699348, 56.38491634540897, 83.84721364239121, 93.73834805394024, 29.27516471169562, 34.64196520479562, 49.68638005676654, 85.51072373806416, 82.06765329425576, 82.27204563522811, 69.6249904964917, 100.76802507547505, 70.96321833631396, 93.06777227066652, 24.59881991794447, 99.41724911875356, 87.26762515565655, 70.40256340713319, 52.61961345778532, 89.48639608853652, 5.299099390634012], [29.88538601015195, 19.218635130230123, 71.75009229749195, 0.0, 21.377985835636537, 45.900776921387944, 56.78793603394269, 54.94936238653171, 34.737295759369935, 50.17214926547535, 36.753360224070654, 35.528857231657305, 39.722134815921564, 60.34304621239435, 40.03340520520597, 62.596117729063444, 36.51034570472914, 56.416735540922424, 49.3556720348599, 34.46846683232016, 30.928967395844268, 75.25427011211669, 68.62716925019186, 70.76156695005984, 35.153631081151595, 55.63531087015404, 45.88432089669245, 39.07625875071649, 60.48802607726954, 3.2679055836032, 51.63636199465219, 40.87214898598552, 44.22159903637738, 55.64090695768912, 12.228955456286652, 42.803604095337434, 11.465101263219157, 42.77830381285125, 29.04589200023016, 52.798448561641045, 43.38187254254392, 31.256210104650126, 38.59482033417859, 36.68897987234626, 32.70910430471613, 46.32518610084198, 41.90962854217973, 18.931088551129672, 44.39806617783508, 51.028159510171704, 79.11321345334692, 29.602898488309087, 35.12160028491401, 38.70903194252731, 48.32805988912504, 67.81078515252952, 20.823161039276016, 20.62154455956323, 20.66678340897483, 44.30520584186582, 26.678618576055374, 45.97557094456601, 19.667744427016164, 44.99188048908908, 77.07619022962629, 16.562406876362374, 19.829742817071757, 55.548806266534804, 26.86841778017022, 17.618847495364076, 24.324508427689075, 46.87877483832406, 51.917913832778574, 31.161486649192994, 67.96113420958736, 51.330313364470584, 39.642577924601774, 24.027041176930343, 69.01977465213923, 22.711991409172853, 22.00477678033714, 43.71956925115468, 59.99296094629357, 45.55361691960509, 66.34780696884164, 52.182694705757086, 27.756551923695618, 9.148777287250683, 31.804250400265722, 17.77391475406797, 35.53751610338836, 47.42910676349119, 28.71878314642985, 15.537055664951714, 1.3872310503449712, 36.20969228103612, 29.589661405760925, 69.192233467956], [8.747129296018468, 25.87862936484915, 50.52244856306788, 21.377985835636537, 0.0, 50.17661447527678, 36.050207616272736, 39.88734318970617, 20.705795351398503, 28.824642318965317, 49.28919977146512, 52.70403481693292, 18.70329854137266, 40.42574526235306, 54.5161423210196, 41.49256855794607, 43.06922838743399, 42.869007937283556, 68.62598690584691, 54.484806849347954, 48.31656510687684, 67.88940855787109, 53.94481731844814, 50.261244936128435, 14.66772881802915, 34.270691921694485, 37.92869167019896, 55.51520356915295, 50.959398448491655, 18.140689237124814, 60.55432075980688, 36.54346239796414, 48.708674812898884, 34.6834061676227, 12.248599229126535, 22.840318035254594, 32.62971093941417, 21.483243058177948, 10.471428348166523, 58.84715768457643, 31.067334490802228, 24.080376793465962, 40.16978836714583, 19.11827637609524, 50.40919993967105, 59.93107045898285, 21.85446383151331, 27.46093178536624, 25.69398039708697, 52.52577996140615, 70.4330525893447, 50.98083935856765, 32.18520983745008, 31.388787281627287, 47.2547902417463, 60.195360810526836, 42.16830222112397, 41.31251357088142, 36.29477765151133, 32.91435660789224, 39.08397211697171, 29.292889394858886, 39.70188439607177, 37.759776433441424, 56.39365587771007, 8.173618039305579, 8.712699486877632, 34.336455034541046, 30.14099026825416, 32.0665089694225, 2.979065635354334, 40.96631707833553, 57.088719281722895, 39.903268603172094, 47.49087286161427, 31.246468542780722, 51.05030782944233, 36.42816586742602, 54.86101385217248, 35.922289398417966, 43.27072559112822, 23.610402064213098, 41.18300250434284, 35.43047826736277, 62.62323966774159, 51.227120101569284, 39.933190324308036, 21.540224735691485, 52.13599318975823, 23.907508823174634, 47.452821734080885, 26.07671599613141, 49.018785075678984, 36.906257169172434, 20.00485929577833, 23.78641165877743, 42.5410705646849, 47.83171334100594], [52.10679219105426, 64.80564898695098, 88.06058107144058, 45.900776921387944, 50.17661447527678, 0.0, 78.85630855359588, 89.66496027592775, 70.86724716272653, 65.79885588600074, 81.16084339777608, 75.90562334905125, 56.072361775458745, 63.10248583977751, 25.435282877969044, 71.72438073957395, 82.4078054016359, 41.9157934490237, 48.264160963103436, 44.38893840636167, 32.7543581927933, 39.95453841059885, 51.73900972146478, 92.2806081893867, 51.74596235132511, 72.27482555848601, 26.528053904135362, 31.404216937438363, 34.58188843405853, 45.52835174697378, 96.92169722637735, 84.1484522607555, 90.09985389261398, 76.67316229154599, 52.729720298273726, 69.7747721688633, 50.11805385521324, 63.94750085994566, 60.37678827688602, 98.63326236310013, 81.20588606504545, 72.43556137201234, 10.506343800812422, 68.75866975359084, 72.76678002605786, 24.87770253270041, 68.77638934773415, 64.76573229078546, 50.0532658594444, 96.61052845487501, 45.49960557828245, 55.13514866840543, 78.7921385070066, 26.03853679519757, 93.18691741040097, 34.94663822569712, 49.3425791928335, 56.96127252486095, 30.045377297774333, 33.480069588410295, 22.64031890759342, 45.4223258407852, 58.46056515969703, 25.013484242769486, 97.02806025652747, 53.598795128171105, 56.5880510488648, 74.63783579844073, 20.45852116375573, 30.2243674220303, 51.01969767494988, 89.51249420066907, 6.958349941415877, 15.752675747331995, 89.91105498356967, 76.73894997356209, 16.94479552189439, 69.37354229382353, 50.632059856446354, 25.864185906492263, 48.464330077432166, 70.15016232045826, 58.5685227895322, 85.2907379715367, 26.728770555016837, 12.794119464570633, 72.9262754724753, 54.86370446857083, 65.82222405563728, 28.977551626787154, 18.479826428860928, 66.42159473564547, 43.73761273363751, 48.154346836150076, 45.69812258023163, 35.549760384337645, 22.16974991634445, 83.41672636599944], [29.175597966594598, 52.648671338204586, 16.1423371880624, 56.78793603394269, 36.050207616272736, 78.85630855359588, 0.0, 24.713965358914667, 28.09547549232867, 14.151518483909319, 73.8579944280022, 81.77050668617781, 22.79983370360223, 28.92348294727619, 89.15527173918177, 20.13423190075247, 62.66261393452222, 50.336651233885206, 104.62556630057199, 90.52694686985308, 84.07536594266615, 80.04502342784285, 54.91383436942259, 14.28221744996476, 27.3963768189354, 9.429060089412655, 56.80307317348506, 90.8835248913355, 63.23843676601429, 53.696362990164154, 78.79994740478017, 45.070843238463645, 64.07707310190631, 2.4324601987737524, 45.31803018022116, 14.379478463445697, 67.36386873763124, 15.446075946100054, 27.996302386716245, 73.67683188411544, 29.77605001541172, 38.05539612002046, 68.38231766625799, 22.403958041297738, 80.27332788116914, 93.96072940216173, 15.130348846737709, 54.85655492658096, 30.703525726256057, 62.71194291201777, 79.95956222402847, 86.03346502655438, 45.37089470659375, 53.693091092089226, 55.50725418443374, 73.3845835991765, 77.50948119290534, 75.09012057346801, 71.94631723631188, 48.91970879724203, 73.67140542851364, 37.01285919042253, 72.85939074846962, 57.651034645482135, 20.347742909276448, 40.51709429082568, 37.71879412600943, 5.565810760764725, 61.76524573655507, 67.65941220987833, 33.41727867643043, 44.48890169387469, 85.65200164075131, 72.8183780223768, 11.573792551636648, 6.796121426138809, 84.37795958970655, 63.715086041398, 56.8252508644311, 70.98848306222247, 78.7723667137745, 13.362650800958896, 34.47310283165704, 34.889677245769626, 80.98137426280263, 74.88823336317631, 66.12988348283302, 53.96019837899906, 84.95943549472625, 58.241484832600285, 81.26774604303932, 12.442787044792855, 85.02111098308167, 72.18741995882998, 55.47851768802726, 43.621414926029765, 77.10685591746815, 15.977642709779584], [37.98521417737578, 42.76205974608157, 37.46296594004525, 54.94936238653171, 39.88734318970617, 89.66496027592775, 24.713965358914667, 0.0, 20.3311505027256, 35.33283051422712, 58.64425485542693, 69.23806879532468, 38.0365414264429, 52.44800269178195, 93.40771898617929, 44.69028861979383, 45.7660458349231, 70.31219794495006, 104.16076848232865, 89.06020844979426, 85.62141769312284, 99.60637933529385, 77.13723860200305, 29.30291545228372, 40.359494631146674, 33.295306095426625, 72.61322950082885, 93.50107465071729, 82.18837327570164, 52.64157123168453, 59.374492851023, 25.83014843859329, 44.648783592680616, 26.457957001828365, 42.85318694123657, 21.85765877842243, 62.88916192502896, 30.150569553582947, 29.442349613900305, 53.02558849928935, 12.506785973613917, 25.657839031615982, 79.376992041961, 20.91427516381189, 68.59028873830587, 99.18106891713802, 22.65427472124255, 44.87372462689899, 49.02401733125197, 41.07121052241788, 100.46073239258243, 80.69592948502861, 28.810469835769204, 67.62345092911038, 33.916418243404586, 92.36007006284174, 73.42667785085534, 68.30899936948468, 74.30466221780708, 65.4507177134303, 78.30561978932992, 55.49579503907549, 65.44758778617164, 73.02600890112507, 35.07780583523004, 39.34132311242455, 35.85823902853709, 29.558807840817646, 69.96904733733342, 70.36799095537027, 38.689819697566975, 22.77213073264188, 96.61836144947374, 79.72977768617154, 27.350437566501398, 19.861654178556375, 90.69793261516791, 51.86883302833532, 78.86425402962844, 74.8172969337798, 75.0405575606465, 22.01910515097435, 57.36566435058513, 14.326060697578926, 97.9480015802128, 88.93572303755465, 53.07264418318664, 48.545101390373326, 76.06795282130008, 63.59035426563693, 86.96058865188904, 31.238776407870862, 83.21628117457517, 68.37252137355298, 53.96932037400977, 57.844695448721986, 81.70764366144533, 39.44021513542618], [21.718941242667807, 25.223492635534225, 44.21920064684557, 34.737295759369935, 20.705795351398503, 70.86724716272653, 28.09547549232867, 20.3311505027256, 0.0, 30.104467521309736, 45.766210558389744, 53.99427804747427, 26.445288282695866, 47.00118112641274, 73.13900286215824, 43.05267936639311, 34.92180510393852, 58.326706257947635, 84.0620706968138, 69.05156673439177, 65.3007185302069, 85.97747389333196, 67.529498415432, 39.904667659773004, 26.348131585690826, 32.08845628218742, 56.96676685125834, 73.17004470301576, 68.57576162602574, 32.341003872665006, 51.72769653677258, 20.021840022044866, 37.440654223191295, 28.164776158186218, 22.568363606296792, 14.909637266504625, 43.3207164247866, 21.617985128430945, 11.118178869254391, 47.551063255785365, 10.371045249822082, 10.091483633306572, 60.871026520141605, 6.615079356524083, 52.703120362415774, 78.97955192840743, 14.708869039043144, 27.453573416410652, 37.58806389042373, 38.106931761317774, 87.77474140922733, 61.61320335484028, 18.324180273728857, 51.03592075997908, 31.475191050126014, 78.39720755604822, 53.87777791385257, 49.63648624828069, 53.98404310847797, 50.74848248024488, 58.14281172073516, 43.32718914685856, 47.01152810057342, 57.06653293574931, 46.443484168235145, 19.033395633962893, 15.55557891235642, 29.82293998770116, 50.705168850439, 50.07430799214669, 20.285862379375995, 22.47202095703525, 77.76675438858689, 59.94238258311276, 37.196379295580286, 21.350147740735135, 70.68956464924548, 35.924365077264426, 68.90064305280211, 54.5888224943704, 55.41334683327936, 15.909619660182939, 50.238233872340615, 15.133756379124293, 82.21337243977523, 71.61839889983227, 38.138867729278644, 28.990787835041576, 58.502611303515934, 43.726304062329454, 66.88023092348092, 25.52874725269611, 63.23240216078576, 48.69538732079587, 33.713425951490635, 42.114720032816805, 61.519155575321285, 43.69965865467548], [20.34585328507026, 50.94895781080056, 23.15170089343114, 50.17214926547535, 28.824642318965317, 65.79885588600074, 14.151518483909319, 35.33283051422712, 30.104467521309736, 0.0, 73.91022978626832, 79.78051001876604, 11.114055753459958, 17.542092157810284, 78.24183312458543, 13.405253289060429, 64.4251967285946, 36.358285905483875, 95.45148468377859, 82.14232413585746, 74.45243905628054, 66.08242032205061, 41.916925376301066, 26.521390357262998, 16.181283991874047, 6.544587911690716, 42.83263585799023, 80.61852662545621, 49.14643241820266, 46.917054084151026, 81.61623246699816, 49.780997193046446, 67.51587907500073, 11.731002977277136, 40.25439683999404, 15.802770892296655, 61.4530781054953, 8.794650148919013, 24.52250450849541, 77.65401421131959, 35.99930569215439, 39.8612666859176, 55.43059153985008, 23.490356689091684, 77.82546827788094, 82.57593253636962, 15.665881594684258, 52.99536737754714, 16.63803545482953, 67.957647857591, 66.22618226649482, 79.75770948814683, 48.41407349897847, 40.16629671257491, 61.069113995285825, 59.31726991567828, 70.89048708186907, 70.03930202199908, 62.34604931358974, 34.90564632953104, 62.98846050043624, 22.87237365197234, 68.26979884834027, 43.74604364191891, 31.314752557623684, 35.44702649356266, 33.5777822608682, 9.06074916493198, 49.98946678648436, 58.07052093577714, 25.858257824748843, 50.90598794199721, 72.47242611501242, 61.219507143922215, 24.262498311462306, 15.708396890620342, 72.74546599774, 62.24469387888569, 43.71047175525869, 60.750461411332076, 71.91755938768958, 15.03103230546196, 22.05751212176811, 41.687750410133766, 66.8350636398474, 61.08763678847369, 65.23750990652289, 49.5723195008158, 80.68481066849567, 47.86849865568684, 69.94406145354687, 4.640296505948662, 76.963010542442, 65.66670716453139, 48.79170230489642, 30.26969977831429, 66.33639562848238, 19.514173903570857], [57.20409125709317, 23.516689109300057, 89.96502381186106, 36.753360224070654, 49.28919977146512, 81.16084339777608, 73.8579944280022, 58.64425485542693, 45.766210558389744, 73.91022978626832, 0.0, 13.143905280674495, 66.40492091142379, 88.74361551292327, 67.96956151687696, 87.30947695955408, 13.301241466535549, 91.05462166498124, 65.17074570269267, 51.59863047910043, 56.389187488538695, 111.9241077602908, 102.74436581424203, 84.945424464193, 63.448551618653795, 77.19410277968042, 82.21641863083137, 64.18351020241643, 96.68339184786109, 38.516262269675984, 16.393663976664502, 33.17307725728489, 18.675914304119445, 73.89316716080468, 37.52859511519459, 60.294954311825684, 31.223731653543897, 65.13228327105006, 49.487795480982015, 21.029478100916048, 46.8970767293027, 35.8560472436914, 74.95868089923673, 51.80082606014808, 14.508937094645646, 74.39382854574933, 59.87851695574087, 21.82864965822063, 74.9368609737417, 27.352859882991414, 115.62481634362769, 37.037469163468025, 29.926886968348448, 75.00804172015228, 30.433645941639753, 104.42041932191644, 35.939700961093294, 26.869081381073798, 51.95603513114876, 79.63846169082223, 59.39910409270252, 78.43880036938282, 24.2308420346713, 81.43883653902346, 91.40318974026441, 41.117792123040054, 41.53723660200126, 75.3510539978369, 63.40019570415597, 50.98789737136071, 51.78082877183818, 38.059097878356326, 86.45674373592774, 65.55828548668491, 82.36135236855782, 67.09477200838089, 71.03309120364938, 13.198155978194533, 103.461166300315, 55.67495728877218, 37.6120191383868, 61.33796777427249, 90.2291585957894, 44.406157967458334, 103.04337519583949, 88.67747900013015, 9.465086421952135, 29.682484067056734, 25.803278173181134, 54.41242016263029, 67.07805068479186, 69.73063957439746, 46.94922682628171, 34.456101802941205, 37.49096059457272, 70.84911084223808, 61.25315926248038, 89.398816952452], [61.25932724438069, 29.179452567653087, 97.88682502089071, 35.528857231657305, 52.70403481693292, 75.90562334905125, 81.77050668617781, 69.23806879532468, 53.99427804747427, 79.78051001876604, 13.143905280674495, 0.0, 71.0230776213816, 93.1052058792357, 59.45682396495385, 93.1021417930111, 25.704906956272033, 91.88776333700454, 53.620670478854834, 41.11761738341017, 47.791415961786235, 109.82633208347794, 104.02314828016563, 93.86485203608876, 67.35697902772883, 83.85863275822956, 81.15418177265113, 54.94685869064529, 95.78786423460245, 38.137050154779324, 27.355109803469656, 44.64383971648547, 31.791103384500364, 81.47355683813981, 40.45553600806384, 67.64048699560092, 26.52885518217066, 71.20506670970218, 55.369426928281015, 33.445585554572624, 57.003851895504056, 44.75400490976944, 71.16306894906006, 59.36880094283425, 3.139063654542467, 65.64694722239364, 67.07076236324576, 27.009197022904093, 78.1318996774168, 40.494988706843415, 114.0206556450474, 26.02105855701974, 40.53096771212695, 74.04454523959495, 43.29661487480746, 102.58696834133782, 27.420070774249467, 18.982487575221192, 45.890914827052534, 79.83254281985987, 53.379929812426525, 80.68076001179753, 17.56316162341068, 80.16248385216495, 100.39553640049803, 44.881882555142994, 46.265070689769544, 82.51387449889805, 60.23623653887774, 45.969809803212364, 55.51494278988109, 50.03740328957513, 80.4833357304187, 60.161629984673404, 91.17664583381578, 75.16757353810809, 63.75523078317196, 18.076102561559, 104.4807739725929, 50.04431397734787, 28.792986702380148, 68.69103771297206, 93.76573212948323, 55.34019503641722, 99.70772595354919, 84.88177967355004, 16.19126046389618, 31.266468161141287, 13.69525339696572, 51.81654911591527, 60.05157316036512, 75.96544799471441, 37.23157666788413, 27.75273470634776, 36.63304451560268, 71.61276316893603, 54.60896779576272, 96.72148828122945], [9.95694611793624, 42.96069511987588, 34.19267558267078, 39.722134815921564, 18.70329854137266, 56.072361775458745, 22.79983370360223, 38.0365414264429, 26.445288282695866, 11.114055753459958, 66.40492091142379, 71.0230776213816, 0.0, 22.33894541923928, 67.27718902774541, 22.875383058095288, 58.24612876397471, 32.65350116631434, 84.3406769706091, 71.10102628238693, 63.33872841464433, 61.60872479703891, 41.133636999713815, 36.55614085637307, 5.068510795774412, 17.460453958842024, 35.18774598357899, 69.54574542244369, 44.16468334463221, 36.45423053144882, 75.78142185621168, 46.364410188633244, 62.43711639034696, 20.674461179134546, 30.739509677179896, 16.179117868844795, 51.12939472073012, 8.305640387494872, 17.53457224890062, 72.72908451240954, 34.877310701451826, 34.911648789315365, 45.589502209382275, 20.479436359870093, 68.85447162330868, 71.75065642988521, 15.410148012121727, 44.83941222281692, 11.367243889239166, 64.23920214577822, 62.68921688189731, 69.18624328095683, 43.79732002724899, 31.248611671924095, 57.8232647903407, 54.32581813627881, 60.26085715647571, 59.962881272943875, 51.23240266675629, 27.660696965388116, 51.9585645589272, 17.6137262188247, 58.401918567207154, 35.81863633473096, 41.861805439073756, 26.15134177204608, 24.974699532766543, 18.968485699324688, 39.26835811928134, 46.95794653353674, 15.745890832215206, 48.80346590284933, 62.890488463754295, 50.445045969291805, 34.05120793093146, 21.1737980880436, 62.002171457062445, 54.06773458929315, 42.56547247084358, 49.65973017648512, 61.21539667728941, 16.06874671458207, 24.34795536267535, 40.503281692167036, 60.251849344752955, 52.674521061806935, 57.334179589787, 40.11380810273728, 70.83477865283194, 36.775603236453364, 59.083197560498355, 10.413918658990816, 65.97743779549027, 55.099006942996766, 38.33502101939678, 21.118705775011552, 55.327202776122974, 30.62198790020611], [31.85865409466941, 65.29343458262854, 28.551173639526034, 60.34304621239435, 40.42574526235306, 63.10248583977751, 28.92348294727619, 52.44800269178195, 47.00118112641274, 17.542092157810284, 88.74361551292327, 93.1052058792357, 22.33894541923928, 0.0, 80.5702123951447, 10.71343422971918, 80.33922832097718, 24.98732494852863, 100.37744055148558, 88.62748732226767, 79.28583879002196, 53.41936324829453, 26.42408583192709, 36.50240300836461, 25.75824087290409, 19.536058775668884, 37.03483211222611, 84.10956922079933, 38.12925085590742, 57.12779470083694, 97.79173374136923, 66.93117825154148, 84.0869471298174, 26.681549303568044, 52.6626427445631, 33.253546149856206, 71.7898450101006, 25.407592164901946, 39.60406644644341, 94.32647224672131, 53.50191440726658, 56.35396501123797, 53.673798300547, 40.4619240246789, 90.83468737259781, 83.76485867393463, 33.02143866288655, 67.15459542534633, 16.370377981142678, 85.08351069035761, 52.433333215914956, 89.03274141189442, 65.12136940674814, 37.44815260529805, 78.31129223913891, 47.64595077780588, 80.05496231862979, 80.93567661920717, 67.76228279276003, 29.627614157324576, 66.43987585399063, 18.18487269603906, 79.67585756123142, 38.39900313008332, 38.787378908846286, 48.25883859279332, 47.286619504048026, 23.429212511473043, 51.960515403906236, 63.745452306076274, 37.590505387158956, 68.34760206943827, 69.05767471793266, 62.838583098938265, 35.24197542124615, 32.58918589214631, 73.73266653245595, 76.36480485818642, 28.446234188123785, 65.1561887326647, 80.76401379669504, 32.531100309954056, 6.1130873233702, 59.20298773564131, 57.236546945891334, 55.29818178712103, 79.66130931333664, 61.960141195582, 92.03386909499301, 52.92654881564857, 71.74239688384752, 22.117583559900627, 84.07738642120196, 75.14789805570365, 58.97461636098383, 29.91695543659361, 69.44637265151583, 23.266306903056403], [60.03567387552209, 58.365250388572164, 101.3921252413767, 40.03340520520597, 54.5161423210196, 25.435282877969044, 89.15527173918177, 93.40771898617929, 73.13900286215824, 78.24183312458543, 67.96956151687696, 59.45682396495385, 67.27718902774541, 80.5702123951447, 0.0, 87.28396259719769, 73.08999026050454, 63.590211268595276, 22.888509126327815, 21.03789572028051, 11.677241648136887, 65.37176321524178, 74.78808567775314, 103.37621252432633, 62.27019900786473, 84.7107087104871, 47.768333671808, 6.1955874356942, 58.83042103946457, 41.51938880860814, 84.36235882563517, 80.82054493421417, 81.19935786820876, 87.35464136154422, 51.105086815871836, 77.1430877378276, 37.98545923035198, 73.7246596377729, 64.7491954724686, 87.93506436472548, 82.64668392078651, 71.13859774702125, 29.389086722287068, 73.33684652405813, 56.44503834992738, 6.517679037698836, 76.1336157434646, 57.45488400915967, 65.1429196979704, 89.05948054273097, 70.9345728629677, 34.78923597774419, 75.03969623252817, 44.0997985321722, 87.45568035563335, 60.29533446671119, 32.23645616553755, 41.232980507446264, 19.41950083622425, 52.65757732507834, 15.513845983654631, 62.42809712374777, 43.73962926970718, 46.17593942960754, 109.01321284596284, 54.11068540793299, 57.58408718954176, 86.11047176278856, 28.73094660828777, 23.086602352216314, 56.57290373690006, 86.8814759638983, 26.04902353370095, 17.743831038354184, 100.71943078903246, 85.29200030851744, 8.534223885510713, 58.72046613589452, 74.00334528775407, 18.64143338333936, 30.72302109182622, 77.81775030394058, 77.23800786477543, 85.33844801205345, 51.94250662562593, 38.16805742444932, 61.6009761284535, 48.689979453436614, 47.08001027239715, 30.95964415568257, 8.918000985347538, 77.40454376370526, 22.68735824862267, 33.69230309058072, 40.62394661746078, 50.681450957617564, 12.059080904610477, 97.46227179755995], [32.78169031392521, 64.3407956843578, 17.887563042231566, 62.596117729063444, 41.49256855794607, 71.72438073957395, 20.13423190075247, 44.69028861979383, 43.05267936639311, 13.405253289060429, 87.30947695955408, 93.1021417930111, 22.875383058095288, 10.71343422971918, 87.28396259719769, 0.0, 77.67448377093628, 35.482534840861724, 105.92148959141396, 93.28498702117132, 84.77744722315501, 64.13274036011632, 36.914489513370576, 25.894537644114642, 27.557728533661844, 11.632016153535439, 46.35786685102158, 90.29759590757367, 48.68932777382339, 59.32824286686638, 94.74580081314599, 62.304471553015055, 80.47945226886026, 18.235209339340173, 53.28578876024203, 28.277642555890782, 74.00370823994474, 22.17820877320613, 37.92034276167781, 90.52477546740234, 47.811698427071796, 52.978265254922036, 61.85561282370956, 36.46342160938581, 91.09889741712473, 91.00321952111697, 28.36291529293347, 66.37635056788035, 22.2148287915224, 80.42279277416002, 63.09776842765924, 92.02128519905908, 61.36334983121667, 45.714622404366125, 73.39038222567862, 58.31155671897502, 83.07774124261057, 82.80115019651421, 72.86920333216834, 38.599316776317906, 72.52331823248629, 26.31611806141632, 81.17055492448534, 47.6047857808232, 28.088837433697083, 48.54314491192838, 46.84931415165063, 15.160196036730913, 58.56731864452314, 68.68026805193055, 38.51600108555478, 62.827545542418854, 77.9716228214888, 69.73463128231441, 24.798374269602647, 25.17324864897327, 80.99544865659074, 75.63107299413839, 38.97644921133014, 70.75900088828324, 83.99083494240602, 27.35494107313497, 16.825903191226086, 53.349444690517885, 67.67574843069806, 64.84849212602458, 78.6400562766553, 62.65102351864796, 93.60455055053431, 58.058028225446996, 78.63586888795054, 17.670875821559747, 88.35768804261983, 77.94386451589396, 61.20892870484504, 36.980150764681916, 75.71853085412675, 12.635414643885124], [49.9191461891475, 18.35946358873636, 78.60040840999349, 36.51034570472914, 43.06922838743399, 82.4078054016359, 62.66261393452222, 45.7660458349231, 34.92180510393852, 64.4251967285946, 13.301241466535549, 25.704906956272033, 58.24612876397471, 80.33922832097718, 73.08999026050454, 77.67448377093628, 0.0, 85.90608988727573, 73.97641790785728, 59.440885660833366, 61.99717194232592, 109.31900509639802, 96.96977215921984, 72.91522773983628, 56.06273140180846, 66.9670388968154, 79.1337326650792, 70.21966786462133, 93.12046425650774, 37.19569017575763, 17.58931517416228, 20.045465003851714, 8.113299634756848, 62.96072019912064, 32.864709070747, 49.807545213834935, 35.10483070849696, 55.661013618513145, 40.756318709618476, 16.46764498394445, 34.440022573949804, 24.83482064751508, 74.86042985543244, 41.35270702097096, 26.22410520965216, 79.60764198271904, 49.536281961806985, 17.847928056491337, 67.88959455126847, 16.470103585930783, 112.47544707701613, 46.10024664998688, 17.520766010876315, 72.03027284426602, 17.726630176931117, 101.66086272096815, 42.70042483203347, 34.15327904598926, 55.16826147411786, 75.37534180846706, 62.184215782407186, 72.21265623800184, 31.028108174572445, 78.59085703856142, 79.28721686803644, 35.170952729141085, 34.52498958260037, 64.73725789701236, 63.08158108744951, 53.20547728878533, 45.08581953872184, 24.760559982013923, 88.34210426656027, 67.44261947821761, 70.41932366009371, 55.86702497905773, 74.71697376357496, 14.46421659942736, 97.92248284971318, 58.2424635407214, 44.5095768052049, 50.81959323109899, 82.54758386490397, 31.450774641675928, 101.8346240904001, 88.21909595922408, 12.315783913655427, 27.70658816379861, 36.61625465011429, 53.97789294241513, 70.61766116085218, 60.00827325304007, 54.15696768898349, 39.71563974376068, 36.78354039923067, 66.28543655169487, 64.60648741641064, 78.49203361558284], [37.211035626056756, 68.25177400520447, 53.356831459806365, 56.416735540922424, 42.869007937283556, 41.9157934490237, 50.336651233885206, 70.31219794495006, 58.326706257947635, 36.358285905483875, 91.05462166498124, 91.88776333700454, 32.65350116631434, 24.98732494852863, 63.590211268595276, 35.482534840861724, 85.90608988727573, 0.0, 85.53575996742447, 76.44067798307286, 65.49956834998935, 29.724881804840187, 12.389388148559906, 60.53318737233292, 31.9822102131084, 41.30138952314852, 15.865081691537295, 68.30439550433479, 13.231607462528158, 53.75323488250377, 103.31678809856561, 77.61507758087363, 91.51738508291747, 47.906515619127106, 53.65976175432391, 48.60909409975843, 66.76123597325834, 40.17097460632296, 47.909275260786, 101.69730123021145, 67.39633339890159, 65.41299177016917, 34.36254352243128, 52.87495854497323, 89.11498801971165, 65.32627393116579, 47.927945587724984, 69.54252463294016, 21.35303839408589, 94.77243448334904, 30.149342689316523, 80.92372989310503, 74.13728955685787, 20.404037889850308, 88.9065513782357, 23.144806871018247, 72.40999093974774, 76.03798498392648, 55.794250571064744, 12.48249693233744, 51.98653603733877, 15.082356692384892, 75.752747790062, 17.46290353288231, 63.48125700396507, 50.756465696043314, 51.52841184077005, 44.889051214704736, 37.5898375410178, 52.60975558557934, 41.10084959444506, 80.78369913448881, 46.89463822308002, 46.45749428786685, 58.88632579062105, 51.68830343990028, 55.65811200894227, 77.87558275349475, 12.604650784130524, 52.10560867564543, 72.56987378496054, 48.33553460868004, 19.14287893989112, 72.94245868585611, 32.24987627707399, 31.931087987923515, 81.5898502946259, 61.54751194586096, 87.17089592669191, 42.61837818520066, 54.74995063472489, 39.57087618571768, 73.06905938309427, 68.41951719724165, 55.2686944541986, 20.311933469259476, 54.257031723899935, 48.117948684345656], [75.76019300202528, 63.75319601463881, 118.3581316504079, 49.3556720348599, 68.62598690584691, 48.264160963103436, 104.62556630057199, 104.16076848232865, 84.0620706968138, 95.45148468377859, 65.17074570269267, 53.620670478854834, 84.3406769706091, 100.37744055148558, 22.888509126327815, 105.92148959141396, 73.97641790785728, 85.53575996742447, 0.0, 15.234868275607806, 21.15072265989159, 88.11937991447437, 97.09253702322904, 118.87237782941061, 79.27969980127544, 101.65843716465784, 69.89533465726605, 17.356162707174644, 81.57282330514599, 51.97583556981425, 80.84792049978158, 86.66594660372901, 81.80551357526163, 103.13696452737771, 61.581620251700556, 91.31522520588847, 41.922672839945974, 89.59794564409412, 77.84566554153115, 86.19639967197968, 92.26322579708774, 79.48596645994469, 51.848555798356614, 85.88750773320211, 51.20290102527682, 24.506327792822262, 90.35851240886875, 62.165113540585295, 84.31440160509992, 90.4363239655556, 93.73044001002833, 28.15864713643007, 80.98426087238535, 65.47463306257956, 90.66882041734195, 83.17266094690949, 31.98815746839199, 39.87360831616498, 33.12551186979091, 74.01401737630003, 34.09493733930744, 82.58290828256943, 43.0433919130923, 68.32465653859748, 124.93321749138924, 65.71490950505368, 69.09282843609309, 102.42870724488009, 48.821478296799164, 37.385760708089336, 71.208474587164, 92.9019467086605, 48.107772728409444, 39.07879498725739, 116.10933796383316, 99.80731620721231, 31.421845006720243, 59.90493188434201, 96.4230868798081, 35.2486875165002, 30.187825158427227, 92.14504709773439, 97.6994451892091, 93.68435987818205, 74.53230708263482, 61.031376615615976, 61.665082902534344, 55.882564265237356, 39.92558993875528, 47.865284875241606, 31.138226026810617, 93.80513813824702, 21.075577719190218, 36.38654226161661, 50.44871052027666, 70.64520545586299, 31.40871975420348, 114.96265289939097], [62.068933051330184, 48.54246797615655, 104.74872178063943, 34.46846683232016, 54.484806849347954, 44.38893840636167, 90.52694686985308, 89.06020844979426, 69.05156673439177, 82.14232413585746, 51.59863047910043, 41.11761738341017, 71.10102628238693, 88.62748732226767, 21.03789572028051, 93.28498702117132, 59.440885660833366, 76.44067798307286, 15.234868275607806, 0.0, 11.754926701133831, 83.81487898102841, 88.51710206881745, 104.697845268048, 6