instance_id,num_cities,city_coordinates,distance_matrix,best_route,total_distance
2088,44,"[[77.5294476862627, 98.19562648062104], [18.78261820784398, 47.49521520254545], [99.48226643452948, 87.29243845691357], [14.789039927842184, 24.835521061157696], [14.139971244624883, 33.93797605013068], [99.91455102983039, 81.99552509746783], [46.19602803948285, 48.68634432859079], [40.771569085509455, 80.55569711722028], [53.78455925075559, 55.555697146508265], [92.56211443268691, 58.87731826149416], [44.01848883220366, 37.23830588460358], [53.76189749620073, 85.35943988998727], [77.8342053427822, 26.118083068921905], [94.21467116308936, 41.98212544575154], [55.57087037741668, 72.23391530863654], [25.106466709480536, 25.05038761131708], [49.763672928700565, 8.598014141387456], [22.119003037159835, 66.17815448061516], [64.37549895222897, 86.23696610190075], [73.65395580463607, 28.866047397222506], [58.44233560794506, 8.9212936354796], [29.067363607174336, 62.419569834978915], [58.339954170272954, 65.23087378144619], [78.75287062123203, 26.268983418894955], [41.8464060036695, 57.57634715661637], [82.60310831465299, 79.0799897228322], [87.0441204316737, 34.287257247339475], [53.634686240862074, 95.5681899545132], [38.767696102883285, 13.365418347184853], [93.72095379612982, 99.09593923575646], [56.92921262323453, 6.748087104225453], [86.03816940366724, 95.03938516483113], [33.04875022049446, 50.69617877678117], [72.20929663038916, 96.30981266351709], [9.451528896652295, 94.8917397250501], [97.80423811781878, 61.836987200391945], [13.17576079222571, 15.6832274102374], [40.66972781805688, 59.25591158728882], [70.76488305107851, 22.23645945753071], [33.37081752910037, 28.25374456975377], [0.9436886279617362, 96.06884663911796], [92.68979266292381, 69.2543656107601], [52.21089101001045, 84.78744134014613], [39.33268945815487, 62.89448183030382]]","[[0.0, 77.5997530764913, 24.511339418207474, 96.5301187860434, 90.2622366352178, 27.632157652392042, 58.59140044384117, 40.77142071566163, 48.805566285340966, 42.094066455063576, 69.56133478854538, 27.012295871078432, 72.07818769568628, 58.63748273134618, 34.00278759757959, 89.99108235675132, 93.8012280558163, 63.99559273483177, 17.777399285361238, 69.4378137127442, 91.29197309969459, 60.237030325214604, 38.143303238156605, 71.9370471023572, 54.066674731512734, 19.777502391045385, 64.61275923151493, 24.038782149504367, 93.26648700242612, 16.216517294503277, 93.73911746250569, 9.075252310968049, 65.07480295176482, 5.644492980781577, 68.15804203774069, 41.62953011208914, 104.640780851473, 53.6184701827328, 76.25978225477252, 82.7154850230037, 76.61528361254268, 32.67158766495313, 28.649759875605408, 52.01118295865942], [77.5997530764913, 0.0, 89.97917649472461, 23.00892014110494, 14.33013971532921, 88.16270133268941, 27.439275267257113, 39.70528208098926, 35.918062948054576, 74.65230293323938, 27.24065628662244, 51.54851589244779, 62.801844888614546, 75.63325175945702, 44.33259275782527, 23.318690903899757, 49.72743711482486, 18.978505836796767, 59.830042932622135, 57.94747261770792, 55.324864295522936, 18.124909630772922, 43.35131386327076, 63.615910669098575, 25.1707673495716, 71.2085173204067, 69.5275689147866, 59.377416141841756, 39.55055463402467, 90.98565195399848, 55.816584576210005, 82.36356757727721, 14.620830701637809, 72.36901887232376, 48.30631184996243, 80.31253225515144, 32.302312879684486, 24.846721042093048, 57.794122538701906, 24.14642316264026, 51.74577354230955, 77.04369579933787, 50.08152905846635, 25.679619176803353], [24.511339418207474, 89.97917649472461, 0.0, 105.23216783233781, 100.64793096232839, 5.314523601303246, 65.80162388679067, 59.09593613004332, 55.63722846132368, 29.245641717164247, 74.71041971162151, 45.761213044636776, 64.89175838400689, 45.61548010394254, 46.42165252435351, 96.98367119369327, 93.08464405340938, 80.19281458661098, 35.12263009725366, 63.880707590431506, 88.4664471021246, 74.67876628379642, 46.68407109903144, 64.44819559585383, 64.84549706628187, 18.77099605896574, 54.44498793321699, 46.58850365127416, 95.66328111067823, 13.13451003857884, 91.09420905574754, 15.516408356013113, 75.84654441130552, 28.725039939388562, 90.35088865848543, 25.5106992790247, 112.14585156354389, 65.15336934821768, 71.11236539421431, 88.63572108510724, 98.92864426808683, 19.274588761918892, 47.33770109628091, 64.9094130152996], [96.5301187860434, 23.00892014110494, 105.23216783233781, 0.0, 9.12556721425099, 102.53593858645714, 39.436793388649974, 61.480320763213655, 49.64251953697212, 84.89696740499606, 31.75200394667048, 71.98630687458771, 63.058209992838435, 81.25538098513381, 62.528117451729486, 10.31966390096333, 38.56010353350103, 41.987399267394494, 78.92372502402924, 59.00274115435429, 46.46367245806872, 40.2048659906329, 59.40089774362067, 63.97989099165215, 42.47425988024275, 86.84014193654015, 72.87065236121022, 80.69755068311117, 26.580805259245327, 108.3736902314259, 45.85792648979973, 100.0251017802528, 31.657394672591543, 91.68238783891644, 70.25925417687823, 90.88801696029017, 9.293392741194756, 43.06475693234647, 56.036150247644706, 18.89356268090641, 72.566386333569, 89.67475133957201, 70.67267989509216, 45.28658992565263], [90.2622366352178, 14.33013971532921, 100.64793096232839, 9.12556721425099, 0.0, 98.31991943530976, 35.286047442470064, 53.68848965139155, 45.155500479748994, 82.29218269158012, 30.060239357788987, 64.91582228793682, 64.17247216360317, 80.47773547094378, 56.418953966222546, 14.115709370712926, 43.716836473063495, 33.21285976208253, 72.5175330833627, 59.72971470272934, 50.87763641538288, 32.15630929181092, 54.156107126067994, 65.06642923835231, 36.42003728203932, 82.0061127959119, 72.90498587917149, 73.19915148780038, 32.0897952959366, 102.85277317779185, 50.697231074759685, 94.3542955795809, 25.266168704134852, 85.21908561633795, 61.133810594369045, 88.19333520505624, 18.280195559736264, 36.67186719692976, 57.82132934874071, 20.05332731343187, 63.5168241889055, 86.1238748341294, 63.52214615441541, 38.38166590943553], [27.632157652392042, 88.16270133268941, 5.314523601303246, 102.53593858645714, 98.31991943530976, 0.0, 63.207446046792825, 59.16050555800699, 53.169922358546394, 24.259221158682625, 71.60711166406128, 46.275083478331936, 60.08186243212721, 40.41733269506103, 45.4054076016575, 94.015946322936, 88.89491092780466, 79.38725653850736, 35.79125653520076, 59.26516904795231, 84.0225443304325, 73.50198630064307, 44.82745406313534, 59.60926241088188, 62.99369585987331, 17.55523840344017, 49.41383212261076, 48.22906920319802, 91.91860214348537, 18.187490491936618, 86.65977291959877, 19.04458591022323, 73.82875048364336, 31.184610785791605, 91.3776270494509, 20.268696818849694, 109.183050682984, 63.458956026605215, 66.48946585309425, 85.53506557257768, 99.96644428899276, 14.646988718706282, 47.78529036840415, 63.521742776656616], [58.59140044384117, 27.439275267257113, 65.80162388679067, 39.436793388649974, 35.286047442470064, 63.207446046792825, 0.0, 32.32770332252924, 10.235908073126259, 47.472833464236984, 11.65329400702854, 37.44540450698076, 38.862587141873064, 48.48439582238085, 25.345133022365644, 31.67693241197394, 40.24676766218375, 29.76015045924584, 41.719807744398366, 33.86416937714521, 41.60806779564605, 21.95433050775951, 20.523069865068592, 39.52829453756329, 9.897038048665664, 47.426249846615256, 43.311665413078025, 47.468316645208375, 36.093599537096075, 69.28019794197581, 43.28993728715619, 61.12283225808354, 13.300013103707707, 54.26495074198779, 59.03470827403671, 53.25736339165984, 46.685584235465946, 11.927101331567286, 36.100208396533425, 24.12420273377862, 65.52004080754698, 50.84007915339728, 36.59874016946422, 15.77899197507652], [40.77142071566163, 39.70528208098926, 59.09593613004332, 61.480320763213655, 53.68848965139155, 59.16050555800699, 32.32770332252924, 0.0, 28.184000985956434, 56.14456961425956, 43.43890964378654, 13.85007497613367, 65.85660809372436, 65.90967752286883, 16.97855621654333, 57.673519190331845, 72.51735013620667, 23.550625309223594, 24.27802138621073, 61.26231504377108, 73.78173047357491, 21.584891444636668, 23.313051382417243, 66.25425684823145, 23.004473456537674, 41.85756068613203, 65.43636249117291, 19.76954031185597, 67.22015373476597, 56.10149658473668, 75.55549444297564, 47.527279785659395, 30.842061648742792, 35.16422713258688, 34.44513078920067, 60.02595636805217, 70.49798551194978, 21.300028996807345, 65.5799692272309, 52.82296246782388, 42.742459800875594, 53.134000726966654, 12.19695639332352, 17.71973193907932], [48.805566285340966, 35.918062948054576, 55.63722846132368, 49.64251953697212, 45.155500479748994, 53.169922358546394, 10.235908073126259, 28.184000985956434, 0.0, 38.91955745790603, 20.758202091265453, 29.803751359092313, 38.01261106176003, 42.64781117430784, 16.773606305883618, 41.868925250640984, 47.12951856346828, 33.39976122865722, 32.457792107187075, 33.273567935448504, 46.8664322455106, 25.652534158765008, 10.693954637551693, 38.48542806902682, 12.107953147178183, 37.20082138024308, 39.478411134337584, 40.012773493345115, 44.78309730206882, 59.081877851623304, 48.90880946079744, 50.98290877759191, 21.297621813835793, 44.72548355336325, 59.26838808436333, 44.46556794082797, 56.911232240352476, 13.62682613141678, 37.396563967006315, 34.08984402401687, 66.58432916223893, 41.24646293379322, 29.27407215155095, 16.208463873464304], [42.094066455063576, 74.65230293323938, 29.245641717164247, 84.89696740499606, 82.29218269158012, 24.259221158682625, 47.472833464236984, 56.14456961425956, 38.91955745790603, 0.0, 53.14819322504874, 46.976159913989264, 35.91766691424657, 16.975820570102623, 39.32875311316515, 75.46208085501755, 66.0281380774312, 70.82043598129755, 39.28149210753401, 35.47104229638896, 60.49598088703311, 63.59348180909569, 34.80695219020846, 35.41184428762888, 50.73239209097906, 22.52398137616437, 25.201574523729025, 53.49359523553511, 70.46397999866329, 40.23531262139809, 63.143965922406466, 36.745842505827646, 60.073051887858995, 42.607849390118325, 90.57818711752387, 6.019925328282478, 90.37656017350402, 51.8937676553608, 42.6341627078023, 66.64392616572036, 98.87945049402089, 10.377832790105252, 47.95368296239244, 53.38079510702241], [69.56133478854538, 27.24065628662244, 74.71041971162151, 31.75200394667048, 30.060239357788987, 71.60711166406128, 11.65329400702854, 43.43890964378654, 20.758202091265453, 53.14819322504874, 0.0, 49.09763283863845, 35.59721953459597, 50.419842766754556, 36.85308940001697, 22.49910959586356, 29.210844757370072, 36.29190426041874, 53.05917982891324, 30.79538301196555, 31.77893230627963, 29.285358110034796, 31.443413092233865, 36.42531144167042, 20.45370055995024, 56.916600100706034, 43.12671634373308, 59.11722784613116, 24.443518234094817, 79.35176007686263, 33.11102882852801, 71.46060677944867, 17.362301344903333, 65.45352975543383, 67.22196927181439, 59.14390880463316, 37.628383980502356, 22.27081411194452, 30.66634963494907, 13.931806996912673, 72.91413400777616, 58.25739349620009, 48.24972265218182, 26.08056901086638], [27.012295871078432, 51.54851589244779, 45.761213044636776, 71.98630687458771, 64.91582228793682, 46.275083478331936, 37.44540450698076, 13.85007497613367, 29.803751359092313, 46.976159913989264, 49.09763283863845, 0.0, 63.94540142231789, 59.312884820573515, 13.249595405921534, 66.77061854082143, 76.86548173692769, 37.002628010748, 10.649816342078386, 59.893216469711845, 76.58130779598487, 33.70545418974417, 20.642620388335533, 64.15785831601686, 30.23043465350227, 29.51689238175644, 60.95961124720611, 10.209542623616546, 73.53886872483736, 42.25420209467006, 78.67513375852272, 33.696573546410974, 40.380393027649006, 21.4526734626554, 45.324094095452004, 49.93028688045842, 80.63503629364223, 29.202724132023857, 65.37287033973402, 60.637089147089014, 53.89299194670163, 42.12783449989812, 1.6531193124589323, 26.699745040515722], [72.07818769568628, 62.801844888614546, 64.89175838400689, 63.058209992838435, 64.17247216360317, 60.08186243212721, 38.862587141873064, 65.85660809372436, 38.01261106176003, 35.91766691424657, 35.59721953459597, 63.94540142231789, 0.0, 22.803234442159688, 51.20865226640485, 52.73854752429159, 33.08938810609175, 68.62210350511262, 61.60695476031996, 5.00257875008315, 25.918606803434585, 60.794759595643086, 43.70167303546403, 0.9309762668571655, 47.7989966493374, 53.17617880190927, 12.31088716144843, 73.54545581600709, 41.095286855017136, 74.68705555266679, 28.499394103676977, 69.40785912926485, 51.086395245066356, 70.41674872857682, 96.98456726609186, 40.9223938863452, 65.49504305147808, 49.79271099868439, 8.064881866741029, 44.514648217367785, 103.94835681589947, 45.622662637724765, 64.02068288727709, 53.24349942735154], [58.63748273134618, 75.63325175945702, 45.61548010394254, 81.25538098513381, 80.47773547094378, 40.41733269506103, 48.48439582238085, 65.90967752286883, 42.64781117430784, 16.975820570102623, 50.419842766754556, 59.312884820573515, 22.803234442159688, 0.0, 49.076614890097176, 71.15214451368152, 55.59127747781846, 76.04757184539251, 53.37477980966798, 24.387999496195714, 48.71014874804768, 68.27782081282139, 42.74926453742959, 22.04472971828746, 54.64078098430618, 38.87261151124124, 10.51797482326037, 67.21756828259528, 62.396177515071166, 57.115947707079094, 51.29954070339582, 53.683591440212886, 61.78353025047855, 58.615135475027074, 99.92105669009113, 20.17673229783177, 85.19939572543481, 56.26228439626589, 30.655894829813505, 62.37341554308804, 107.81859576398236, 27.314837324395207, 59.97176515633917, 58.73124011474038], [34.00278759757959, 44.33259275782527, 46.42165252435351, 62.528117451729486, 56.418953966222546, 45.4054076016575, 25.345133022365644, 16.97855621654333, 16.773606305883618, 39.32875311316515, 36.85308940001697, 13.249595405921534, 51.20865226640485, 49.076614890097176, 0.0, 56.16373542426353, 63.90032440900647, 33.995583062455935, 16.541067555001955, 46.98691249433154, 63.377704089833, 28.26229375327816, 7.530631824980676, 51.47989995068792, 20.07997077879775, 27.88567056357193, 49.3002467235083, 23.414465235401984, 61.219658608985945, 46.65830252287297, 65.4999144218862, 38.057138165090244, 31.16279819397577, 29.265783119854287, 51.38453722574897, 43.49429232421242, 70.6776175215499, 19.76038031429758, 52.255177855507036, 49.26558397795887, 59.60061188793911, 37.2383150537136, 12.995402155115652, 18.732419418294064], [89.99108235675132, 23.318690903899757, 96.98367119369327, 10.31966390096333, 14.115709370712926, 94.015946322936, 31.67693241197394, 57.673519190331845, 41.868925250640984, 75.46208085501755, 22.49910959586356, 66.77061854082143, 52.73854752429159, 71.15214451368152, 56.16373542426353, 0.0, 29.642172851044286, 41.23612671976806, 72.70388078133362, 48.69720687109294, 37.032793949376966, 37.578510937760754, 52.14341912144412, 53.66024253024796, 36.5809186860524, 78.89906019847312, 62.62262138623057, 76.06983473719906, 17.976865556678288, 100.94895518791405, 36.71050750593395, 92.79618619188267, 26.847466768243134, 85.42003421521298, 71.57437769899198, 81.47527156791762, 15.168567299409343, 37.57968822122534, 45.74504535441377, 8.86346378527694, 75.01640732066659, 80.75578999616438, 65.59851678859947, 40.42970295402187], [93.8012280558163, 49.72743711482486, 93.08464405340938, 38.56010353350103, 43.716836473063495, 88.89491092780466, 40.24676766218375, 72.51735013620667, 47.12951856346828, 66.0281380774312, 29.210844757370072, 76.86548173692769, 33.08938810609175, 55.59127747781846, 63.90032440900647, 29.642172851044286, 0.0, 63.872531928031606, 79.00197669216102, 31.329519433784053, 8.684681659762305, 57.663654729913375, 57.27855960955321, 33.950504238719134, 49.61411311827365, 77.75691222220387, 45.27437440074285, 87.05628193892119, 11.984975978923169, 100.60873216398309, 7.400485737893483, 93.74406497973628, 45.29507817423454, 90.53819980176581, 95.24534650873541, 71.7097214892606, 37.2676208198416, 51.46768317415172, 25.041126517105813, 25.594402646375762, 100.17253817773818, 74.30911605592503, 76.22871960890095, 55.289346348608035], [63.99559273483177, 18.978505836796767, 80.19281458661098, 41.987399267394494, 33.21285976208253, 79.38725653850736, 29.76015045924584, 23.550625309223594, 33.39976122865722, 70.82043598129755, 36.29190426041874, 37.002628010748, 68.62210350511262, 76.04757184539251, 33.995583062455935, 41.23612671976806, 63.872531928031606, 0.0, 46.775713470544474, 63.62424609964795, 67.80658229764339, 7.899789437025825, 36.23333605549434, 69.28302023125052, 21.521187630850058, 61.844840882940176, 72.33464035325508, 43.093067574183024, 55.37476030373408, 78.80621743032573, 68.87440453309681, 70.1329485020898, 18.95127819398252, 58.45472040055577, 31.383672167065775, 75.80963357363949, 51.28078823199136, 19.800172639923993, 65.55375049400558, 39.55836443090241, 36.631235551681485, 70.63780449108724, 35.381171252389365, 17.524083607274633], [17.777399285361238, 59.830042932622135, 35.12263009725366, 78.92372502402924, 72.5175330833627, 35.79125653520076, 41.719807744398366, 24.27802138621073, 32.457792107187075, 39.28149210753401, 53.05917982891324, 10.649816342078386, 61.60695476031996, 53.37477980966798, 16.541067555001955, 72.70388078133362, 79.00197669216102, 46.775713470544474, 0.0, 58.116366667065314, 77.5429921798538, 42.59028981446684, 21.85597665148955, 61.66739627370313, 36.45533030177652, 19.58234035961159, 56.68014334713723, 14.228028545382674, 77.2400287347098, 32.03917773683724, 79.8368903728122, 23.38276870789807, 47.3762888984628, 12.760510331339193, 55.60168696302159, 41.38646605588732, 87.17363839501255, 35.915747072645, 64.31865265923008, 65.75214254604734, 64.18925483219077, 33.01678281991121, 12.250665631826934, 34.23468824637137], [69.4378137127442, 57.94747261770792, 63.880707590431506, 59.00274115435429, 59.72971470272934, 59.26516904795231, 33.86416937714521, 61.26231504377108, 33.273567935448504, 35.47104229638896, 30.79538301196555, 59.893216469711845, 5.00257875008315, 24.387999496195714, 46.98691249433154, 48.69720687109294, 31.329519433784053, 63.62424609964795, 58.116366667065314, 0.0, 25.08359207978266, 55.801461197389614, 39.45781600661658, 5.7222088055599984, 42.84858850201743, 51.00516968432904, 14.445969160225117, 69.6415606918755, 38.17486891824269, 73.04055117565032, 27.729428447164786, 67.32220568113055, 46.10138128710675, 67.45923593863765, 92.09421082915011, 40.86953642152855, 61.89829411840355, 44.84978418411073, 7.231747895595888, 40.28779150162559, 99.01009634804862, 44.649516604475345, 59.891629868506406, 48.33098047414947], [91.29197309969459, 55.324864295522936, 88.4664471021246, 46.46367245806872, 50.87763641538288, 84.0225443304325, 41.60806779564605, 73.78173047357491, 46.8664322455106, 60.49598088703311, 31.77893230627963, 76.58130779598487, 25.918606803434585, 48.71014874804768, 63.377704089833, 37.032793949376966, 8.684681659762305, 67.80658229764339, 77.5429921798538, 25.08359207978266, 0.0, 61.03240562491355, 56.309673220271975, 26.710675269404355, 51.40757835742464, 74.20232863234621, 38.22949391583772, 86.78017131901834, 20.170316906467452, 96.82999334092331, 2.6480875730128335, 90.43149745270665, 48.88737267841955, 88.46627873776067, 98.94956666435178, 65.95020845040983, 45.76883813165162, 53.380140052343336, 18.14218334040842, 31.65951164980209, 104.40685034541893, 69.37555685331102, 76.1216346994953, 57.25629764387585], [60.237030325214604, 18.124909630772922, 74.67876628379642, 40.2048659906329, 32.15630929181092, 73.50198630064307, 21.95433050775951, 21.584891444636668, 25.652534158765008, 63.59348180909569, 29.285358110034796, 33.70545418974417, 60.794759595643086, 68.27782081282139, 28.26229375327816, 37.578510937760754, 57.663654729913375, 7.899789437025825, 42.59028981446684, 55.801461197389614, 61.03240562491355, 0.0, 29.40727780931504, 61.445215480708754, 13.66604297094174, 56.06822230304707, 64.44168948294102, 41.25996070304599, 50.00406212213919, 74.33197694628936, 62.25428997293532, 65.64849629089284, 12.381007118492244, 54.861415803429985, 37.93708988259599, 68.73934331966086, 49.36424559608682, 12.025954797443138, 57.90825059851966, 34.43578562646767, 43.85447438720431, 63.98849828094507, 32.18609228094485, 10.276305573021496], [38.143303238156605, 43.35131386327076, 46.68407109903144, 59.40089774362067, 54.156107126067994, 44.82745406313534, 20.523069865068592, 23.313051382417243, 10.693954637551693, 34.80695219020846, 31.443413092233865, 20.642620388335533, 43.70167303546403, 42.74926453742959, 7.530631824980676, 52.14341912144412, 57.27855960955321, 36.23333605549434, 21.85597665148955, 39.45781600661658, 56.309673220271975, 29.40727780931504, 0.0, 43.985407337630726, 18.18320403488606, 27.93740613213578, 42.20706771350007, 30.700037440892082, 55.43553691685369, 48.97609409446207, 58.499799394919705, 40.69076649571527, 29.170230648864017, 34.03320587766425, 57.18255935386971, 39.60995043694934, 67.04307290403689, 18.65307139749809, 44.753754264302614, 44.617999387508895, 65.1560578010518, 34.58467711244033, 20.494505358765842, 19.15032216924541], [71.9370471023572, 63.615910669098575, 64.44819559585383, 63.97989099165215, 65.06642923835231, 59.60926241088188, 39.52829453756329, 66.25425684823145, 38.48542806902682, 35.41184428762888, 36.42531144167042, 64.15785831601686, 0.9309762668571655, 22.04472971828746, 51.47989995068792, 53.66024253024796, 33.950504238719134, 69.28302023125052, 61.66739627370313, 5.7222088055599984, 26.710675269404355, 61.445215480708754, 43.985407337630726, 0.0, 48.3966750384093, 52.951172953300464, 11.534189984869652, 73.71094364497402, 42.01566580244401, 74.34923676462157, 29.280325157717048, 69.1552148044297, 51.82233586647223, 70.34583229906339, 97.52824538502132, 40.348946658997015, 66.42601571523305, 50.38316381246625, 8.948139187557597, 45.425433621298716, 104.52889412991846, 45.18828253183464, 64.25641290302273, 53.80871506376952], [54.066674731512734, 25.1707673495716, 64.84549706628187, 42.47425988024275, 36.42003728203932, 62.99369585987331, 9.897038048665664, 23.004473456537674, 12.107953147178183, 50.73239209097906, 20.45370055995024, 30.23043465350227, 47.7989966493374, 54.64078098430618, 20.07997077879775, 36.5809186860524, 49.61411311827365, 21.521187630850058, 36.45533030177652, 42.84858850201743, 51.40757835742464, 13.66604297094174, 18.18320403488606, 48.3966750384093, 0.0, 46.08161701678551, 50.84501055480078, 39.77868361485445, 44.317995000291035, 66.44430175034157, 53.01889357084578, 57.93436949865186, 11.168503221744505, 49.21571372422032, 49.4152464864344, 56.119800681202896, 50.76454844598672, 2.0507335832030167, 45.66383664701761, 30.522952387626766, 56.166758898190054, 52.167289387103104, 29.11814204429248, 5.882289288930858], [19.777502391045385, 71.2085173204067, 18.77099605896574, 86.84014193654015, 82.0061127959119, 17.55523840344017, 47.426249846615256, 41.85756068613203, 37.20082138024308, 22.52398137616437, 56.916600100706034, 29.51689238175644, 53.17617880190927, 38.87261151124124, 27.88567056357193, 78.89906019847312, 77.75691222220387, 61.844840882940176, 19.58234035961159, 51.00516968432904, 74.20232863234621, 56.06822230304707, 27.93740613213578, 52.951172953300464, 46.08161701678551, 0.0, 45.01234798635353, 33.33212000946387, 78.99334310472507, 22.896391048676822, 76.75319574064291, 16.32488736743247, 57.107575066231455, 20.122080406739528, 74.84093137769399, 22.986854575639015, 94.0175837581435, 46.383213275887165, 58.0631596661203, 70.76104615078862, 83.4079257798035, 14.08133837152506, 30.923484225691528, 46.198482807943876], [64.61275923151493, 69.5275689147866, 54.44498793321699, 72.87065236121022, 72.90498587917149, 49.41383212261076, 43.311665413078025, 65.43636249117291, 39.478411134337584, 25.201574523729025, 43.12671634373308, 60.95961124720611, 12.31088716144843, 10.51797482326037, 49.3002467235083, 62.62262138623057, 45.27437440074285, 72.33464035325508, 56.68014334713723, 14.445969160225117, 38.22949391583772, 64.44168948294102, 42.20706771350007, 11.534189984869652, 50.84501055480078, 45.01234798635353, 0.0, 69.79643978321049, 52.61498350220639, 65.15171037549574, 40.80825363185949, 60.76045575844553, 56.43361329918259, 63.772010926173415, 98.45564258848657, 29.576472965954014, 76.17509095500058, 52.66894711145981, 20.25426614480583, 54.01135732141875, 105.97286985148591, 35.41994187236774, 61.34836970408903, 55.63051270553788], [24.038782149504367, 59.377416141841756, 46.58850365127416, 80.69755068311117, 73.19915148780038, 48.22906920319802, 47.468316645208375, 19.76954031185597, 40.012773493345115, 53.49359523553511, 59.11722784613116, 10.209542623616546, 73.54545581600709, 67.21756828259528, 23.414465235401984, 76.06983473719906, 87.05628193892119, 43.093067574183024, 14.228028545382674, 69.6415606918755, 86.78017131901834, 41.25996070304599, 30.700037440892082, 73.71094364497402, 39.77868361485445, 33.33212000946387, 69.79643978321049, 0.0, 83.5363576874725, 40.24119607446856, 88.8811823414824, 32.40779775899295, 49.36879732147804, 18.589409763767055, 44.18833531392803, 55.5764640135625, 89.54625558424351, 38.55738200557526, 75.30595156054282, 70.29835654284726, 52.69337611653393, 47.09266067268297, 10.874361293684027, 35.666767649432344], [93.26648700242612, 39.55055463402467, 95.66328111067823, 26.580805259245327, 32.0897952959366, 91.91860214348537, 36.093599537096075, 67.22015373476597, 44.78309730206882, 70.46397999866329, 24.443518234094817, 73.53886872483736, 41.095286855017136, 62.396177515071166, 61.219658608985945, 17.976865556678288, 11.984975978923169, 55.37476030373408, 77.2400287347098, 38.17486891824269, 20.170316906467452, 50.00406212213919, 55.43553691685369, 42.01566580244401, 44.317995000291035, 78.99334310472507, 52.61498350220639, 83.5363576874725, 0.0, 101.83114819605134, 19.329504781500162, 94.36702020202881, 37.76628147246702, 89.43217091374048, 86.63705175657041, 76.38590367451602, 25.696680559902102, 45.92989325554277, 33.20414647268021, 15.836304999897871, 90.94235862732967, 77.6605879688084, 72.67616430245957, 49.53228590531967], [16.216517294503277, 90.98565195399848, 13.13451003857884, 108.3736902314259, 102.85277317779185, 18.187490491936618, 69.28019794197581, 56.10149658473668, 59.081877851623304, 40.23531262139809, 79.35176007686263, 42.25420209467006, 74.68705555266679, 57.115947707079094, 46.65830252287297, 100.94895518791405, 100.60873216398309, 78.80621743032573, 32.03917773683724, 73.04055117565032, 96.82999334092331, 74.33197694628936, 48.97609409446207, 74.34923676462157, 66.44430175034157, 22.896391048676822, 65.15171037549574, 40.24119607446856, 101.83114819605134, 0.0, 99.40703200398067, 8.68796909245236, 77.61219684566034, 21.69133226182522, 84.3742334271222, 37.482031930317554, 115.9534760588196, 66.34501021785458, 80.21446762169087, 93.06318011192634, 92.82663530298402, 29.859383947072867, 43.90692911758072, 65.33474432471776], [93.73911746250569, 55.816584576210005, 91.09420905574754, 45.85792648979973, 50.697231074759685, 86.65977291959877, 43.28993728715619, 75.55549444297564, 48.90880946079744, 63.143965922406466, 33.11102882852801, 78.67513375852272, 28.499394103676977, 51.29954070339582, 65.4999144218862, 36.71050750593395, 7.400485737893483, 68.87440453309681, 79.8368903728122, 27.729428447164786, 2.6480875730128335, 62.25428997293532, 58.499799394919705, 29.280325157717048, 53.01889357084578, 76.75319574064291, 40.80825363185949, 88.8811823414824, 19.329504781500162, 99.40703200398067, 0.0, 92.96604045602788, 50.017109534918575, 90.85583994671767, 100.11710118347403, 68.59704529342591, 44.65648082212175, 54.96764937737461, 20.768135552873957, 31.898139168859963, 105.41620834063119, 72.01287341518528, 78.18186086558268, 58.839232389926586], [9.075252310968049, 82.36356757727721, 15.516408356013113, 100.0251017802528, 94.3542955795809, 19.04458591022323, 61.12283225808354, 47.527279785659395, 50.98290877759191, 36.745842505827646, 71.46060677944867, 33.696573546410974, 69.40785912926485, 53.683591440212886, 38.057138165090244, 92.79618619188267, 93.74406497973628, 70.1329485020898, 23.38276870789807, 67.32220568113055, 90.43149745270665, 65.64849629089284, 40.69076649571527, 69.1552148044297, 57.93436949865186, 16.32488736743247, 60.76045575844553, 32.40779775899295, 94.36702020202881, 8.68796909245236, 92.96604045602788, 0.0, 69.09557509814354, 13.887105825510556, 76.58678282397447, 35.22555327564255, 107.73268010326596, 57.78193898772876, 74.38776288846759, 85.05393431919705, 85.10070769044141, 26.629144285667692, 35.346670503831845, 56.69829510070619], [65.07480295176482, 14.620830701637809, 75.84654441130552, 31.657394672591543, 25.266168704134852, 73.82875048364336, 13.300013103707707, 30.842061648742792, 21.297621813835793, 60.073051887858995, 17.362301344903333, 40.380393027649006, 51.086395245066356, 61.78353025047855, 31.16279819397577, 26.847466768243134, 45.29507817423454, 18.95127819398252, 47.3762888984628, 46.10138128710675, 48.88737267841955, 12.381007118492244, 29.170230648864017, 51.82233586647223, 11.168503221744505, 57.107575066231455, 56.43361329918259, 49.36879732147804, 37.76628147246702, 77.61219684566034, 50.017109534918575, 69.09557509814354, 0.0, 60.11781758742328, 50.100663286413145, 65.70685523712206, 40.259687929888884, 11.460729703200816, 47.2489396645552, 22.444745052863176, 55.5824969644784, 62.46167018407792, 39.107567334232414, 13.72175242919752], [5.644492980781577, 72.36901887232376, 28.725039939388562, 91.68238783891644, 85.21908561633795, 31.184610785791605, 54.26495074198779, 35.16422713258688, 44.72548355336325, 42.607849390118325, 65.45352975543383, 21.4526734626554, 70.41674872857682, 58.615135475027074, 29.265783119854287, 85.42003421521298, 90.53819980176581, 58.45472040055577, 12.760510331339193, 67.45923593863765, 88.46627873776067, 54.861415803429985, 34.03320587766425, 70.34583229906339, 49.21571372422032, 20.122080406739528, 63.772010926173415, 18.589409763767055, 89.43217091374048, 21.69133226182522, 90.85583994671767, 13.887105825510556, 60.11781758742328, 0.0, 62.773787059412605, 42.93572784006387, 99.92799709370796, 48.65938743793179, 74.08743473603948, 78.3585085570431, 71.26601538307416, 33.93299180684197, 23.080322100673474, 46.8770267172578], [68.15804203774069, 48.30631184996243, 90.35088865848543, 70.25925417687823, 61.133810594369045, 91.3776270494509, 59.03470827403671, 34.44513078920067, 59.26838808436333, 90.57818711752387, 67.22196927181439, 45.324094095452004, 96.98456726609186, 99.92105669009113, 51.38453722574897, 71.57437769899198, 95.24534650873541, 31.383672167065775, 55.60168696302159, 92.09421082915011, 98.94956666435178, 37.93708988259599, 57.18255935386971, 97.52824538502132, 49.4152464864344, 74.84093137769399, 98.45564258848657, 44.18833531392803, 86.63705175657041, 84.3742334271222, 100.11710118347403, 76.58678282397447, 50.100663286413145, 62.773787059412605, 0.0, 94.33354594833375, 79.29601709000171, 47.37602970870865, 95.06901255623667, 70.80081049677084, 8.588883904483692, 87.09697759566319, 43.93699914869541, 43.78022692135343], [41.62953011208914, 80.31253225515144, 25.5106992790247, 90.88801696029017, 88.19333520505624, 20.268696818849694, 53.25736339165984, 60.02595636805217, 44.46556794082797, 6.019925328282478, 59.14390880463316, 49.93028688045842, 40.9223938863452, 20.17673229783177, 43.49429232421242, 81.47527156791762, 71.7097214892606, 75.80963357363949, 41.38646605588732, 40.86953642152855, 65.95020845040983, 68.73934331966086, 39.60995043694934, 40.348946658997015, 56.119800681202896, 22.986854575639015, 29.576472965954014, 55.5764640135625, 76.38590367451602, 37.482031930317554, 68.59704529342591, 35.22555327564255, 65.70685523712206, 42.93572784006387, 94.33354594833375, 0.0, 96.39579200989901, 57.19278117484894, 47.95131405851538, 72.6601670404837, 102.73162243491407, 9.0097200174973, 51.04386981522909, 58.481110604636584], [104.640780851473, 32.302312879684486, 112.14585156354389, 9.293392741194756, 18.280195559736264, 109.183050682984, 46.685584235465946, 70.49798551194978, 56.911232240352476, 90.37656017350402, 37.628383980502356, 80.63503629364223, 65.49504305147808, 85.19939572543481, 70.6776175215499, 15.168567299409343, 37.2676208198416, 51.28078823199136, 87.17363839501255, 61.89829411840355, 45.76883813165162, 49.36424559608682, 67.04307290403689, 66.42601571523305, 50.76454844598672, 94.0175837581435, 76.17509095500058, 89.54625558424351, 25.696680559902102, 115.9534760588196, 44.65648082212175, 107.73268010326596, 40.259687929888884, 99.92799709370796, 79.29601709000171, 96.39579200989901, 0.0, 51.52181119885596, 57.96077857319351, 23.787774554659, 81.31095478619307, 95.87673394746973, 79.36708243339932, 53.97302531034134], [53.6184701827328, 24.846721042093048, 65.15336934821768, 43.06475693234647, 36.67186719692976, 63.458956026605215, 11.927101331567286, 21.300028996807345, 13.62682613141678, 51.8937676553608, 22.27081411194452, 29.202724132023857, 49.79271099868439, 56.26228439626589, 19.76038031429758, 37.57968822122534, 51.46768317415172, 19.800172639923993, 35.915747072645, 44.84978418411073, 53.380140052343336, 12.025954797443138, 18.65307139749809, 50.38316381246625, 2.0507335832030167, 46.383213275887165, 52.66894711145981, 38.55738200557526, 45.92989325554277, 66.34501021785458, 54.96764937737461, 57.78193898772876, 11.460729703200816, 48.65938743793179, 47.37602970870865, 57.19278117484894, 51.52181119885596, 0.0, 47.70909980797292, 31.849779452758746, 54.16041337419025, 52.97222129874892, 28.01887683945133, 3.8764500498785823], [76.25978225477252, 57.794122538701906, 71.11236539421431, 56.036150247644706, 57.82132934874071, 66.48946585309425, 36.100208396533425, 65.5799692272309, 37.396563967006315, 42.6341627078023, 30.66634963494907, 65.37287033973402, 8.064881866741029, 30.655894829813505, 52.255177855507036, 45.74504535441377, 25.041126517105813, 65.55375049400558, 64.31865265923008, 7.231747895595888, 18.14218334040842, 57.90825059851966, 44.753754264302614, 8.948139187557597, 45.66383664701761, 58.0631596661203, 20.25426614480583, 75.30595156054282, 33.20414647268021, 80.21446762169087, 20.768135552873957, 74.38776288846759, 47.2489396645552, 74.08743473603948, 95.06901255623667, 47.95131405851538, 57.96077857319351, 47.70909980797292, 0.0, 37.87510866497647, 101.61801310595716, 51.87856166588924, 65.24473890774105, 51.391220819590856], [82.7154850230037, 24.14642316264026, 88.63572108510724, 18.89356268090641, 20.05332731343187, 85.53506557257768, 24.12420273377862, 52.82296246782388, 34.08984402401687, 66.64392616572036, 13.931806996912673, 60.637089147089014, 44.514648217367785, 62.37341554308804, 49.26558397795887, 8.86346378527694, 25.594402646375762, 39.55836443090241, 65.75214254604734, 40.28779150162559, 31.65951164980209, 34.43578562646767, 44.617999387508895, 45.425433621298716, 30.522952387626766, 70.76104615078862, 54.01135732141875, 70.29835654284726, 15.836304999897871, 93.06318011192634, 31.898139168859963, 85.05393431919705, 22.444745052863176, 78.3585085570431, 70.80081049677084, 72.6601670404837, 23.787774554659, 31.849779452758746, 37.87510866497647, 0.0, 75.16918755347396, 72.1095814484828, 59.59032840396806, 35.15002979874851], [76.61528361254268, 51.74577354230955, 98.92864426808683, 72.566386333569, 63.5168241889055, 99.96644428899276, 65.52004080754698, 42.742459800875594, 66.58432916223893, 98.87945049402089, 72.91413400777616, 53.89299194670163, 103.94835681589947, 107.81859576398236, 59.60061188793911, 75.01640732066659, 100.17253817773818, 36.631235551681485, 64.18925483219077, 99.01009634804862, 104.40685034541893, 43.85447438720431, 65.1560578010518, 104.52889412991846, 56.166758898190054, 83.4079257798035, 105.97286985148591, 52.69337611653393, 90.94235862732967, 92.82663530298402, 105.41620834063119, 85.10070769044141, 55.5824969644784, 71.26601538307416, 8.588883904483692, 102.73162243491407, 81.31095478619307, 54.16041337419025, 101.61801310595716, 75.16918755347396, 0.0, 95.58432925126507, 52.493772445896965, 50.7371054082597], [32.67158766495313, 77.04369579933787, 19.274588761918892, 89.67475133957201, 86.1238748341294, 14.646988718706282, 50.84007915339728, 53.134000726966654, 41.24646293379322, 10.377832790105252, 58.25739349620009, 42.12783449989812, 45.622662637724765, 27.314837324395207, 37.2383150537136, 80.75578999616438, 74.30911605592503, 70.63780449108724, 33.01678281991121, 44.649516604475345, 69.37555685331102, 63.98849828094507, 34.58467711244033, 45.18828253183464, 52.167289387103104, 14.08133837152506, 35.41994187236774, 47.09266067268297, 77.6605879688084, 29.859383947072867, 72.01287341518528, 26.629144285667692, 62.46167018407792, 33.93299180684197, 87.09697759566319, 9.0097200174973, 95.87673394746973, 52.97222129874892, 51.87856166588924, 72.1095814484828, 95.58432925126507, 0.0, 43.35686705287956, 53.7347986327787], [28.649759875605408, 50.08152905846635, 47.33770109628091, 70.67267989509216, 63.52214615441541, 47.78529036840415, 36.59874016946422, 12.19695639332352, 29.27407215155095, 47.95368296239244, 48.24972265218182, 1.6531193124589323, 64.02068288727709, 59.97176515633917, 12.995402155115652, 65.59851678859947, 76.22871960890095, 35.381171252389365, 12.250665631826934, 59.891629868506406, 76.1216346994953, 32.18609228094485, 20.494505358765842, 64.25641290302273, 29.11814204429248, 30.923484225691528, 61.34836970408903, 10.874361293684027, 72.67616430245957, 43.90692911758072, 78.18186086558268, 35.346670503831845, 39.107567334232414, 23.080322100673474, 43.93699914869541, 51.04386981522909, 79.36708243339932, 28.01887683945133, 65.24473890774105, 59.59032840396806, 52.493772445896965, 43.35686705287956, 0.0, 25.399798253328914], [52.01118295865942, 25.679619176803353, 64.9094130152996, 45.28658992565263, 38.38166590943553, 63.521742776656616, 15.77899197507652, 17.71973193907932, 16.208463873464304, 53.38079510702241, 26.08056901086638, 26.699745040515722, 53.24349942735154, 58.73124011474038, 18.732419418294064, 40.42970295402187, 55.289346348608035, 17.524083607274633, 34.23468824637137, 48.33098047414947, 57.25629764387585, 10.276305573021496, 19.15032216924541, 53.80871506376952, 5.882289288930858, 46.198482807943876, 55.63051270553788, 35.666767649432344, 49.53228590531967, 65.33474432471776, 58.839232389926586, 56.69829510070619, 13.72175242919752, 46.8770267172578, 43.78022692135343, 58.481110604636584, 53.97302531034134, 3.8764500498785823, 51.391220819590856, 35.15002979874851, 50.7371054082597, 53.7347986327787, 25.399798253328914, 0.0]]",Route_3,2187.3318033923874
