instance_id,num_cities,city_coordinates,distance_matrix,best_route,total_distance
31,97,"[[10.764571693551783, 42.30331421681929], [98.2038207056003, 40.24457725461361], [61.05306103474096, 19.12229089330666], [64.60228465351993, 35.946259399328994], [58.54436794951995, 63.71779176487359], [98.70497130997899, 13.428824585212883], [9.253940915793956, 54.32060269348155], [51.798781672422436, 55.492598307746846], [90.35242548612233, 92.09071060886066], [78.85408164331697, 50.76343185690777], [56.80198676295546, 85.36816099221038], [45.952353018060336, 78.19733708899702], [89.95411999084007, 98.12134251058072], [50.59543117669718, 85.8545717421828], [88.59852050864046, 88.31184671485127], [82.77552660464082, 61.93694418538943], [38.01257877514792, 7.658791654260511], [42.327181082324635, 0.20479719548882613], [61.57347456862177, 60.36678362036352], [31.344789669786078, 14.20169254091811], [43.96885677739451, 84.1611687186409], [89.79203307502904, 2.9871023021762033], [12.702581651468847, 22.551582926337932], [69.09886569721738, 29.943022958895703], [5.061941731959885, 76.64365386877938], [4.234107811918153, 97.65635751593607], [12.084791525229843, 19.695481465484587], [27.753123066653007, 51.137655133837455], [79.92312691761897, 39.17165228123153], [17.815237263076945, 7.457829723965559], [63.26697989086312, 38.992110423706094], [88.42879628664491, 56.965837264788654], [10.660558790217634, 78.34544721919963], [61.74684140484469, 43.24050327441472], [26.80075182161622, 19.78887217578564], [57.316156326919945, 89.91473114156291], [23.595584510006738, 98.08719007228476], [71.5222182837121, 41.022846085226405], [50.3029959622868, 33.640286134588315], [30.314799501992585, 40.341851513063865], [22.15681871791847, 14.043096464098227], [26.150210456643443, 81.31519867078728], [19.54947223598151, 68.48627569142074], [82.79792639061026, 29.410107943887898], [31.455940518417368, 26.35436557743863], [92.35915309988117, 27.372328274328396], [31.902548087682238, 28.110550028737048], [40.7281199184481, 10.970118198075951], [84.70929291042076, 72.70890670245781], [49.05832032743327, 91.0556646665402], [78.53255786823678, 51.63129339888906], [50.7727248857954, 35.850673461378776], [66.88970854536463, 79.2358788295208], [72.24198575057021, 10.440560507323138], [45.60301447955505, 1.716211956985092], [68.29759773558764, 63.21421479062691], [87.99026064078377, 59.11373821482867], [75.15220985529794, 0.8235392931781438], [15.852988492911969, 17.534559893251533], [10.101913415737396, 70.56654500943942], [36.26037167732697, 97.79094831958876], [30.117765766442417, 22.226020404308578], [31.94962582073222, 24.146780449096095], [13.813090068140843, 61.903964369433886], [13.427469764601286, 34.29588000013077], [64.86608074147098, 31.96535744542164], [73.19115728495038, 65.5505586131786], [88.22402119145517, 65.0261242738592], [92.15835535716008, 75.14217016601101], [17.235541011896004, 26.295251094192373], [0.16984577509032706, 20.752149316784497], [89.74147810284327, 24.706291381166622], [1.2984912515490832, 55.03487535812932], [40.16128041835637, 75.79432948452242], [69.9512628462401, 72.24926792265605], [95.60182966157056, 61.4721094876995], [67.42671983383123, 14.01503045125665], [18.00733942746462, 91.4557327375903], [55.961959216088395, 23.978786428432997], [66.72238475061401, 11.084607636103671], [71.47875429904167, 55.108915212941604], [33.81093162783011, 83.49229618329662], [8.246224055188057, 72.37785699050183], [1.4181396068925767, 29.644713022569825], [16.261204463026356, 47.89569161605404], [77.08580791287586, 59.74128163485709], [18.3944953790554, 47.990372324306406], [75.27184746972168, 10.212366479275714], [7.316164355084909, 56.41382778009139], [40.55630649739088, 16.189751823001508], [45.729465324866666, 74.03270905305371], [25.236441791024365, 72.29358205000837], [51.77849805099903, 92.32656615545702], [40.86227091697931, 77.4537396933306], [82.98014446012792, 83.96426179109471], [34.69621457884116, 88.8189333827556], [47.52496980925418, 48.43148709589694]]","[[0.0, 87.46348189770733, 55.37410949662427, 54.21172827638405, 52.35922821163382, 92.55944055677224, 12.111863096899201, 43.101781905406675, 93.87764010032335, 68.61308152009578, 63.03986527635088, 50.264906569990266, 96.8846574135023, 59.01872075203431, 90.41520143633099, 74.63951401871286, 44.076034684467224, 52.61638002393839, 53.92433159772195, 34.831688342151836, 53.42849924361312, 88.26723158521514, 19.84658085334514, 59.62941100570085, 34.81061498869028, 55.7369389272789, 22.6463480966861, 19.148275567126166, 69.2294234206754, 35.5516479859232, 52.6067195049894, 79.03620286791771, 36.04228308591638, 50.990882991420044, 27.64162031283246, 66.58751424598611, 57.240507469396306, 60.77113803287581, 40.47635172799071, 19.648377625141357, 30.470037737019663, 41.93620164962605, 27.61742111640488, 73.17813168500952, 26.124733616789694, 82.94944277141934, 25.460726645901648, 43.35416237196471, 79.95199716231728, 61.99357110868274, 68.40695246678821, 40.525163720493524, 67.18664536577259, 69.2438265341402, 53.48859659407659, 61.21531547220225, 79.03415330328704, 76.59203402289221, 25.286027293057863, 28.270998051538026, 61.06482911738554, 27.88626629107687, 27.901007810293112, 19.83630385644961, 8.438603490589731, 55.08036520820617, 66.61466025301243, 80.72355550523378, 87.76866456275857, 17.266485712412933, 24.014598181852026, 80.91357709717491, 15.86503476294274, 44.56247959340376, 66.33117331206972, 86.97587626272635, 63.33108265513837, 49.68317553144567, 48.77081255761165, 64.0771759888179, 62.04994267785152, 47.198166719218065, 30.179797843486504, 15.735182774457584, 7.841406556092684, 68.57542622056339, 9.51621591624234, 72.04871653788558, 14.52577385860313, 39.61648146312456, 47.215445389436105, 33.29941724451851, 64.6874631576361, 46.27552171206378, 83.37099917112171, 52.310862711098956, 37.26769878139512], [87.46348189770733, 0.0, 42.73558148956209, 33.87534149561174, 46.085398906339606, 26.820435178325152, 90.0567354881169, 48.84598032292478, 52.437257276470994, 22.024048309124687, 61.239282026639124, 64.58039837712693, 58.461761163836286, 65.930496363154, 49.017590569476305, 26.619373432241364, 68.44573783898035, 68.74142013933452, 41.79336606616753, 71.75208620840793, 69.78608971788043, 38.19525639360642, 87.3126790797999, 30.874268039058315, 100.0015119740906, 110.12002294812432, 88.53672980588506, 71.28786673408882, 18.312152614273554, 86.81759707302429, 34.959283735179824, 19.368831630200443, 95.47512240810997, 36.57987031759194, 74.27539374734383, 64.33447975616832, 94.40422006347221, 26.692950570748316, 48.35396232251995, 67.88909089290601, 80.43422223736754, 82.93683556429703, 83.57092834099534, 18.83420571432997, 68.1778372340987, 14.137005808578994, 67.40247300710712, 64.50155140790915, 35.157288958522344, 70.68979283745892, 22.729185778794236, 47.63418143740603, 50.00895138761839, 39.52589389887334, 65.20183853341457, 37.70923521987609, 21.456049136318622, 45.66612526535083, 85.4248468226646, 93.17385790357879, 84.54925014609003, 70.4299600180612, 68.18179670435363, 87.12591157465086, 84.98480262904019, 34.35040591557575, 35.58125944812461, 26.715566080650643, 35.417363570554, 82.16109795327554, 99.95306392295996, 17.69320689449481, 98.02752569859685, 68.06409748615081, 42.69083332934107, 21.38640881728186, 40.43784197482034, 95.15281422688443, 45.26533787900152, 42.91135791303191, 30.580675554577905, 77.56809496382118, 95.52443070598801, 97.36439383819173, 82.2990395305412, 28.74181528721312, 80.18432359470246, 37.78636103867869, 92.31473739032702, 62.46495434186308, 62.41150393198586, 79.6955274406195, 69.7699373043391, 68.35623674217098, 46.294396360643745, 79.9542626081633, 51.33586875590383], [55.37410949662427, 42.73558148956209, 0.0, 17.1942695275993, 44.66600764543169, 38.07994099228587, 62.62643210881035, 37.52920126963426, 78.63105641564356, 36.30479494757441, 66.38212814926216, 60.97452308651535, 84.11968476648404, 67.54671960607065, 74.47111502059626, 48.00999944758111, 25.734716582045998, 26.618229614294133, 41.24777582559444, 30.113015053948473, 67.24526499230625, 32.95865326137896, 48.47193930966693, 13.484183887132145, 80.2727390795552, 96.93293075949433, 48.97162409179575, 46.193824437173035, 27.532821840264926, 44.78358023741001, 19.99277781780551, 46.70722516434523, 77.76108620425416, 24.128188901411054, 34.25879474000307, 70.89100121382309, 87.39861469123633, 24.274216181331337, 18.064774697955016, 37.35117769162292, 39.226469155643805, 71.31736644250972, 64.49302968790464, 24.055734223072776, 30.467892068448805, 32.374905670585214, 30.504773517636323, 21.898884698395882, 58.57595667535868, 72.926566263847, 36.91027029784736, 19.63476749745451, 60.39627396394765, 14.162078900761854, 23.27392365921289, 44.68311834437023, 48.21751322378481, 23.10043955398726, 45.227949848684716, 72.40532249260917, 82.48293827711862, 31.09060356786723, 29.533970890353388, 63.73293059591085, 49.984345051357195, 13.397144387740473, 47.98872184219382, 53.34250645467721, 64.07625307875524, 44.40074795536568, 60.905027204932246, 29.226808503868572, 69.71601202677452, 60.40021900131979, 53.86699995131699, 54.65459311538407, 8.167474255248658, 84.17280414558792, 7.035969486189487, 9.835933282535105, 37.466414426307544, 69.8972903312869, 74.99811565711367, 60.556132812226856, 53.237383522228555, 43.66865444824816, 51.508439593014934, 16.779768793023827, 65.40881277120428, 20.705475893184573, 57.00847838662208, 64.1094097408494, 73.78945341440114, 61.72702750569896, 68.44909186726639, 74.51379288025767, 32.28061700536446], [54.21172827638405, 33.87534149561174, 17.1942695275993, 0.0, 28.424573254898533, 40.86597738702206, 58.3185703357073, 23.36640865237322, 61.76786506362624, 20.558752809351525, 50.03367869983173, 46.184126233433055, 67.14504088063134, 51.83658539326289, 57.60185821754503, 31.714072880384403, 38.822587370326325, 42.11451483248991, 24.607634867262533, 39.73521310441134, 52.4444070096015, 41.48288155485004, 53.60034075933856, 7.500539236767273, 72.12024924956248, 86.32759109774915, 54.97431098190427, 39.857737191384444, 15.656671642594763, 54.77790091710055, 3.3256950058405828, 31.773028030793064, 68.61050150593802, 7.833233678094294, 41.109816909504914, 54.45809038319268, 74.45162672206095, 8.582378098504838, 14.484031544184322, 34.56809031529709, 47.76364857354985, 59.471864445797934, 55.57525138962037, 19.333976675092174, 34.506297347195435, 29.05092151524385, 33.62545334736121, 34.55117032898129, 41.9020765329992, 57.25959636494463, 20.977912274676264, 13.829890095029636, 43.35001105503691, 26.62528326275497, 39.149309253784104, 27.517207888815935, 32.92004701466048, 36.67296537530234, 52.110311406253935, 64.56666818708963, 68.02962280355372, 37.11370368143935, 34.719214166617, 57.03809896855354, 51.20142020565824, 3.9896326576066725, 30.82504282271269, 37.4649833603134, 47.91300922978762, 48.33994584727146, 66.1996991006987, 27.53753671503344, 66.1191766305508, 46.746458449146395, 36.69495872120518, 40.15645419406601, 22.11235485561288, 72.4733782220081, 14.760610860457392, 24.951884754815282, 20.359106380604306, 56.645679755962504, 67.10638471269336, 63.49760367141181, 49.796073783842, 26.870828721052817, 47.75165385390256, 27.85808348594072, 60.83272913710147, 31.121193053906545, 42.50601082950146, 53.57982314404633, 57.820312112112376, 47.81693395198054, 51.41472828642544, 60.74448684011837, 21.15456435205714], [52.35922821163382, 46.085398906339606, 44.66600764543169, 28.424573254898533, 0.0, 64.35723954826764, 50.17821598672632, 10.637515763980183, 42.623644236260276, 24.089414915043463, 21.720367857826574, 19.18895705418735, 46.58515672625411, 23.520685015154893, 38.83451589667897, 24.296511434174935, 59.70063534086197, 65.55072561807559, 4.517160888706451, 56.49478861764132, 25.107313420646538, 68.29812016747269, 61.612710710811264, 35.38548333149354, 55.022248456837396, 64.0424125205568, 64.00356275724144, 33.261999324938614, 32.5509492728935, 69.45534835646399, 25.172651456163205, 30.63768833655657, 50.068228285959535, 20.726195506014577, 54.19785181296639, 26.225715176060028, 49.01706849573392, 26.143549083833815, 31.1861597054173, 36.65164549361748, 61.576205569254554, 36.86529763185951, 39.28537044075666, 42.01490528629222, 46.14984850629535, 49.64304997789361, 44.470914422870536, 55.67527063799613, 27.666648623033836, 28.936903674653475, 23.358321407533538, 28.930515350593282, 17.619754135816546, 55.00989096420897, 63.33778120765314, 9.766221430462728, 29.803655907910112, 65.05003771513653, 62.89232692480138, 48.92419465113903, 40.713099703427645, 50.295514733546085, 47.6775129956472, 44.768037601860584, 53.86263448551908, 32.37562567480399, 14.761011894742323, 29.708476071915637, 35.502345997037494, 55.739265632149795, 72.4819375435702, 49.95154496215866, 57.90063416099856, 21.995014673159986, 14.244414225078918, 37.12544353176283, 50.49020357648704, 49.11867313765554, 39.82282486208327, 53.26473533522883, 15.5374098782615, 31.666605395484346, 51.03822105958486, 66.51601806808068, 45.146481231041925, 18.963059582484455, 43.120343107216485, 56.059246392468246, 51.746272652277895, 50.818155569852784, 16.450509048091575, 34.39421643233651, 29.397941554044454, 22.390462723254853, 31.733684346433055, 34.623716289739704, 18.844050674058114], [92.55944055677224, 26.820435178325152, 38.07994099228587, 40.86597738702206, 64.35723954826764, 0.0, 98.35458482164059, 63.004378308931486, 79.10409176861194, 42.28392981606229, 83.25339774824357, 83.53322062871581, 85.14340838460971, 86.94835652892577, 75.56194380154463, 51.056682968691355, 60.96605442068801, 57.90794532149773, 59.84914409278466, 67.3646153071235, 89.43772548949293, 13.728438812046234, 86.48488738921256, 33.90044597758771, 112.98288202157094, 126.56627257553768, 86.84656892702971, 80.34998861536225, 31.86613965584363, 81.1098135481249, 43.6959130661191, 44.733334842952814, 109.3891515194873, 47.48304489344584, 72.18494985511175, 86.96624579369056, 113.17446192675487, 38.734120418956586, 52.45240123693561, 73.4950788716165, 76.55061720978199, 99.36172859291077, 96.42051626062829, 22.548514271611722, 68.47993685997463, 15.31961826822023, 68.39676023299552, 58.02896289245401, 60.909828022176875, 92.14508264033775, 43.20132969625452, 52.91728974819367, 73.09431806299818, 26.631172090553655, 54.378333128178255, 58.336896091563936, 46.92458159717591, 26.713775274840817, 82.95365042684524, 105.42874827810203, 104.95854393167023, 69.14908111139907, 67.61028567672855, 97.75720269053384, 87.793429546357, 38.5833327407711, 58.03128349593644, 52.651036557193876, 62.059610079412515, 82.47916709209164, 98.80689272161288, 14.405744264292878, 105.92018607560979, 85.538412099826, 65.47228654042145, 48.14339739062446, 31.28374422479706, 112.25108546141254, 44.02575130252609, 32.068383123128676, 49.78450408974997, 95.49935307971357, 107.97116919078886, 98.62901530805965, 89.35848932718352, 51.10999808223224, 87.43153393583518, 23.652841175217922, 100.99319054422735, 58.21417300536945, 80.49369569705487, 94.14183183402957, 91.79840694375251, 86.28422650378229, 72.26699164406041, 98.89787380308694, 62.0046686665693], [12.111863096899201, 90.0567354881169, 62.62643210881035, 58.3185703357073, 50.17821598672632, 98.35458482164059, 0.0, 42.56098035438955, 89.46253546341715, 69.69098258491968, 56.787036726675026, 43.78209561249625, 91.8206061364753, 51.99528844959709, 86.31898389627774, 73.91503378828835, 54.81226013389192, 63.42207517741436, 52.66773115912601, 45.79882695551506, 45.77755742697397, 95.50660998629147, 31.955652706351, 64.61951265531424, 22.713244394674916, 43.625524299687875, 34.740649608584306, 18.771012104255494, 72.27464665256656, 47.638380383241405, 56.14597986131248, 79.21903173437809, 24.065986959390926, 53.64954058414469, 38.734106230962055, 59.80734511917405, 46.05645353009544, 63.67235426133057, 45.96412093346324, 25.277761945075067, 42.293755610427525, 31.846383411229116, 17.511831904444108, 77.6482488417448, 35.707691115299326, 87.36524358308709, 34.639951898280536, 53.57133981783092, 77.6636328596568, 54.16505698797146, 69.33079511534018, 45.44169570104678, 62.790546224610544, 76.76556450887875, 63.94120012716144, 59.709712332149614, 78.8820777614397, 84.8794300268285, 37.37325746874925, 16.268057631262902, 51.17634464604419, 38.28003918121077, 37.756504898361726, 8.848345342585132, 20.45502045947216, 59.93719284460658, 64.91594216365239, 79.6924197841445, 85.47911795215772, 29.139771316156146, 34.775880242329436, 85.7627604321325, 7.987450456797644, 37.63488511239169, 63.289824825385864, 86.64353374765344, 70.77154343957783, 38.15284876515758, 55.697978309832806, 71.91643279110465, 62.22980666214818, 38.13179111836669, 18.085351144459615, 25.890139304445395, 9.506904058273793, 68.04811489303198, 11.118522942489975, 79.39710629293306, 2.8524672237286377, 49.33355733282095, 41.46119894609832, 24.05136838470693, 57.033246604224935, 39.169229669698886, 79.46256737455734, 42.86541857362288, 38.72148415396525], [43.101781905406675, 48.84598032292478, 37.52920126963426, 23.36640865237322, 10.637515763980183, 63.004378308931486, 42.56098035438955, 0.0, 53.15830391687246, 27.46551058755012, 30.291604561185686, 23.44538101919761, 57.21048570413951, 30.38581055770862, 49.30845611475865, 31.63997977853978, 49.780844200233624, 56.09324531141821, 10.92255939222753, 46.07933037587507, 29.71859103770177, 64.80983152988954, 51.12360854279195, 30.855691659264213, 51.30009121791404, 63.56241648979608, 53.46620042260237, 24.43684160920133, 32.51695057460701, 58.84063462879525, 20.09441889652004, 36.65962907153723, 47.059601414330395, 15.782196461381503, 43.58506115778533, 34.8615067360401, 51.085414530663584, 24.461963967365683, 21.903445441387035, 26.288906754293613, 50.957896060206565, 36.395822492700766, 34.768572174858086, 40.51226082113842, 35.5368511951001, 49.35476995271868, 33.84725511489177, 45.87821690941084, 37.14166157683591, 35.66849894827815, 27.01119148218121, 19.668706215706074, 28.133244459538243, 49.47333325086965, 54.13212779906778, 18.21631940307491, 36.37218448408071, 59.44820116228177, 52.27726778993373, 44.337937385277826, 45.0620971427204, 39.70808048899979, 37.101877112248594, 38.522959146884624, 43.836724838196155, 26.91255037252735, 23.638872643447296, 37.65217379336075, 44.88876097896726, 45.244918933139054, 62.228978924488906, 48.86148694614882, 50.502364725734964, 23.400677857969214, 24.704221286027735, 44.20929276849826, 44.324046368382994, 49.3478328502206, 31.787613726495216, 46.848517205223864, 19.683712436980013, 33.279811152541214, 46.71121102889619, 56.624396408709806, 36.34050612190307, 25.641470435594073, 34.23638032087852, 51.0027863196162, 44.49215556861021, 40.87917550372879, 19.508262541163184, 31.429778151979477, 36.833973432572336, 24.53362994873614, 42.22455454836094, 37.4585425600384, 8.253772433734174], [93.87764010032335, 52.437257276470994, 78.63105641564356, 61.76786506362624, 42.623644236260276, 79.10409176861194, 89.46253546341715, 53.15830391687246, 0.0, 42.897038128162144, 34.2173145039949, 46.52302938257143, 6.043771041462087, 40.24311151593716, 4.16605268803498, 31.09114063815377, 99.3388569094917, 103.67953117107623, 42.83264595473181, 97.71693926961511, 47.056488189685645, 89.105370505517, 104.23621504252863, 65.68141962486929, 86.67801440359797, 86.29797833396438, 106.61562609935834, 74.80524992368187, 53.93697250415526, 111.46465001148282, 59.6077403087606, 35.17750810865065, 80.86857166494904, 56.60938259025089, 96.26199180550111, 33.10785354868793, 67.02561885626758, 54.428884705549166, 70.85484405746219, 79.2619767071632, 103.64396198608587, 65.10020024714981, 74.63395699487789, 63.13420948288086, 88.26133354782976, 64.74948623513951, 86.6593856183569, 95.0953322521698, 20.186611105710565, 41.30707495041962, 42.15060748642759, 68.7713201702691, 26.753425693119087, 83.63453257488005, 100.84671433424366, 36.33548455499426, 33.061465954087716, 92.52428392151813, 105.39822447192337, 83.08690866983983, 54.39157099415698, 92.245808408424, 89.59500351197411, 82.27702908315189, 96.2168969456496, 65.30399575425292, 31.60520201211285, 27.148147972307534, 17.04448314974721, 98.36219440396657, 114.98733847932976, 67.38718877768056, 96.45588695764008, 52.77047546652592, 28.45857137891621, 31.065334036735948, 81.37198419436491, 72.34787262754581, 76.30162767484498, 84.3822703178499, 41.51949728481378, 57.191548836878376, 84.43947483965066, 108.66834782675038, 86.27113501321166, 34.96410583411041, 84.39658489598764, 83.25555279205997, 90.37621717575685, 90.77780020992243, 48.138342241320856, 68.058927641831, 38.57464848328521, 51.609265804308244, 10.972223927445464, 55.75229447092759, 61.15814547146626], [68.61308152009578, 22.024048309124687, 36.30479494757441, 20.558752809351525, 24.089414915043463, 42.28392981606229, 69.69098258491968, 27.46551058755012, 42.897038128162144, 0.0, 41.03391484053316, 42.838567936070014, 48.64136668307905, 45.05484906913495, 38.792235655402216, 11.841668308959836, 59.38045438972605, 62.3729909770203, 19.769768485307928, 59.94909178325049, 48.29480035605844, 49.01241115518405, 71.91612733770346, 22.992469741971085, 78.19888620742026, 88.13107835186064, 73.64343585410188, 51.10232881694261, 11.640971245114057, 74.84060194421106, 19.53258173732042, 11.40811085784445, 73.56034346413756, 18.688288392308596, 60.57204382358382, 44.68452151037688, 72.75327894369791, 12.191604959946737, 33.29214040871078, 49.645455458262106, 67.54970506665583, 60.91886812401512, 61.89617024129325, 21.714473365133664, 53.31403472568379, 27.009825653970125, 52.130600978187104, 55.109860908882155, 22.713154012137736, 50.112387861473245, 0.9255059124565139, 31.795486476961212, 30.884081016524785, 40.86139701441975, 59.255913185439795, 16.32364383821027, 12.377293037853136, 50.0769080915724, 71.22707118872057, 71.54735443414644, 63.44928237036734, 56.4766530317213, 53.930270796443885, 65.98819629103969, 67.46719058982478, 23.43142699047188, 15.834387578766732, 17.06517395505618, 27.772766887665234, 66.29884176501874, 84.21333655585578, 28.240219040216623, 77.67312811133466, 46.08338857634536, 23.25728561070261, 19.878703184139958, 38.484147434960214, 73.19965429731472, 35.23445047041796, 41.49201321991847, 8.560296667334729, 55.678217674534295, 73.84208100427044, 80.26409785372473, 62.65853659156075, 9.150332159063556, 60.523147889192266, 40.70898309876412, 71.76071755512665, 51.595144463552415, 40.4808530971819, 57.77887737458756, 49.604247394591496, 46.430057233099326, 33.45623264336667, 58.293553846610905, 31.415779708287033], [63.03986527635088, 61.239282026639124, 66.38212814926216, 50.03367869983173, 21.720367857826574, 83.25339774824357, 56.787036726675026, 30.291604561185686, 34.2173145039949, 41.03391484053316, 0.0, 13.005201568959363, 35.52052331258527, 6.225586531645234, 31.9325045036271, 34.98066169980015, 79.94865812153566, 86.38471237820247, 25.452621993993436, 75.58263766017464, 12.889765536066204, 88.74109525222019, 76.75076554076095, 56.772873430326555, 52.470461064833884, 53.98501339461365, 79.45142154894964, 44.89503328171683, 51.65950579646633, 87.12052774687446, 46.8245042950415, 42.50820007674986, 46.672795974753726, 42.41687320179508, 72.11599836148346, 4.57555138354832, 35.55894896259471, 46.72464200209834, 52.13453671716077, 52.239253768686176, 79.2940886750596, 30.918568762332225, 40.89924070067098, 61.70164161579128, 64.22655299396659, 68.02814631130524, 62.437297023399026, 76.1146370084809, 30.644321751035267, 9.607916939178235, 40.12971412271686, 49.883199277406405, 11.805380776668459, 76.5018881019313, 84.39825565493815, 24.958894285139237, 40.767672767180706, 86.51314204079755, 79.2352061735987, 48.9896385609954, 24.00590750851533, 68.54908874823285, 66.0734234016019, 48.975644581666906, 67.0054222475648, 54.008231209244784, 25.716575869513296, 37.431840797328796, 36.80548449004268, 71.09931302896592, 85.92105887213104, 69.02805599492005, 63.25145240501167, 19.198212348674005, 18.574412962051913, 45.56807091005115, 72.13982388959475, 39.269367089886416, 61.39512159456362, 74.94304901352155, 33.6307814425789, 23.06745510470747, 50.263407069057905, 78.56508880814285, 55.206349187726765, 32.682875424881125, 53.59323166321329, 77.3920487091394, 57.33410879347232, 71.06035760164337, 15.845920663119156, 34.166185679570326, 8.582239874010227, 17.796421149956664, 26.21577527720519, 22.373488640516275, 38.083866952843216], [50.264906569990266, 64.58039837712693, 60.97452308651535, 46.184126233433055, 19.18895705418735, 83.53322062871581, 43.78209561249625, 23.44538101919761, 46.52302938257143, 42.838567936070014, 13.005201568959363, 0.0, 48.30239630459452, 8.954966070352233, 43.82920152827464, 40.253527676057544, 70.98398697647802, 78.07674526133958, 23.705444005443407, 65.64162877395644, 6.285025460845502, 87.05456314396214, 64.82281428834834, 53.518593791063616, 40.919917725909926, 46.03330814807726, 67.59792032943726, 32.610402609268554, 51.739902918830374, 76.12998873805692, 42.85844259444366, 47.48710159121784, 35.29210501558472, 38.3594329173489, 61.46814298403266, 16.32278619064635, 29.92375895203504, 45.119405925754464, 44.76894999641963, 40.95815997035958, 68.4250980473294, 20.046094653719514, 28.132131576902655, 61.13746809289165, 53.831586178637345, 68.82421532313485, 52.02002745675459, 67.4299011662252, 39.143623464466415, 13.228137473518364, 42.03836849146486, 42.620134975547614, 20.963096751757593, 72.67823306843063, 76.48192295485876, 26.903604132050738, 46.16675669014219, 82.70027947149536, 67.71960042645274, 36.65355381734824, 21.85964554526662, 58.16805347307733, 55.834926721953615, 36.03340419031585, 54.63703840049079, 49.95122659314064, 30.03154114770621, 44.27611971687731, 46.30689686308292, 59.316792077871845, 73.45738606591821, 69.12871651208322, 50.30374741603856, 6.269845883449193, 24.725031845251067, 52.39087486661844, 67.67951621782778, 30.930710301466025, 55.134775341627616, 70.25320400372173, 34.41907010778181, 13.245780655946488, 38.15256885167154, 65.88363581259946, 42.42350788047851, 36.192789290324136, 40.88882778885845, 74.03775377269133, 44.353989135276315, 62.24193079084977, 4.170588160145068, 21.540735863169086, 15.283294146136635, 5.144110504507779, 37.47418791110646, 15.476400110828541, 29.80736401266775], [96.8846574135023, 58.461761163836286, 84.11968476648404, 67.14504088063134, 46.58515672625411, 85.14340838460971, 91.8206061364753, 57.21048570413951, 6.043771041462087, 48.64136668307905, 35.52052331258527, 48.30239630459452, 0.0, 41.22596330291093, 9.902719713420831, 36.88960402553123, 104.31393392684299, 108.8851466281692, 47.232062749540795, 102.35995922094298, 48.05757885194627, 95.13437828776036, 108.06751935442766, 71.296738274225, 87.56696317065958, 85.72127331648642, 110.51808900062387, 77.95146501431691, 59.797046751250484, 115.86151626842577, 64.87271794752616, 41.18376165965171, 81.72242582334744, 61.70540560189075, 100.61969896530742, 33.653902333748206, 66.3585442693709, 59.99977745439916, 75.69688413727229, 83.03805229112491, 108.00752528478812, 65.98018901618708, 76.38750952126784, 69.08288400554115, 92.58799047236054, 70.78988063033457, 90.9477655820267, 100.09263200803372, 25.94802699253774, 41.5016895259129, 47.87250513319716, 73.57185566650372, 29.809861015690963, 89.45188221635203, 106.1177165092095, 41.079344223702144, 39.05700880048006, 98.41727010333634, 109.47697119433795, 84.47272790813479, 53.694764812561864, 96.64620636363536, 94.00402744626697, 84.31580466975453, 99.64947495858642, 70.75326192706196, 36.6313101372353, 33.14040904985722, 23.084648907695627, 102.21046490879641, 118.52091778208566, 73.41535908042006, 98.5711121923572, 54.56942718553014, 32.70288270826307, 37.08184064593221, 87.07097958593555, 72.25489317049943, 81.56338404290854, 90.08388723785164, 46.81247739097314, 58.01781274755402, 85.66742265852201, 111.92706825690136, 89.18106192891155, 40.47990277360027, 87.37215830226847, 89.12663571153657, 92.56645448892932, 95.67094402445608, 50.35953079781118, 69.68106688321876, 38.612919385868416, 53.26499274103328, 15.781611742816834, 56.03544348091539, 65.33999170694582], [59.01872075203431, 65.930496363154, 67.54671960607065, 51.83658539326289, 23.520685015154893, 86.94835652892577, 51.99528844959709, 30.38581055770862, 40.24311151593716, 45.05484906913495, 6.225586531645234, 8.954966070352233, 41.22596330291093, 0.0, 38.082450013923264, 40.09503023688897, 79.20169315183784, 86.04793919393188, 27.751482483963464, 74.19381575480963, 6.839524988596393, 91.67001195465582, 73.77761474973678, 58.893788945873325, 46.45578186926344, 47.83988348212369, 76.55125467688607, 41.55761468834556, 55.13083263356127, 84.97405646481432, 48.545426433817696, 47.601706852254694, 40.6347263264572, 44.048981616514794, 70.2201069837448, 7.851945038855751, 29.641671195037933, 49.475388265307515, 52.21510451838697, 49.82681731536827, 77.23757285282569, 24.8631197546377, 35.573997164439085, 64.98444576573011, 62.50275702963383, 71.86362967392085, 60.69428244754587, 75.53174970875934, 36.559049108589484, 5.423474658438574, 44.178227990059675, 50.004212585904014, 17.58722749154028, 78.45920223562817, 84.28634415978236, 28.73938871605596, 45.97222474914375, 88.50599899675424, 76.64633939513492, 43.28335409875535, 18.653981254631137, 66.84255624982366, 64.46330400812293, 43.8927352867165, 63.55907527397637, 55.74673852812222, 30.377949033829953, 43.00854578382603, 42.921232670556826, 68.26562054107278, 82.34722259280971, 72.60526965071797, 58.13812837707196, 14.494135929078343, 23.659089408540424, 51.18672064286318, 73.7849034067976, 33.065945145313385, 62.108070581775664, 76.48938595648177, 37.16730525672153, 16.9499194960339, 44.44184046952438, 74.68570293851712, 51.18315840640904, 37.197365227311884, 49.70510903117062, 79.56549967229775, 52.34359886039296, 70.38445253533352, 12.784133177959434, 28.757238812061352, 6.579236955340872, 12.857230952050811, 32.439835482955175, 16.17320402275443, 37.5488348348126], [90.41520143633099, 49.017590569476305, 74.47111502059626, 57.60185821754503, 38.83451589667897, 75.56194380154463, 86.31898389627774, 49.30845611475865, 4.16605268803498, 38.792235655402216, 31.9325045036271, 43.82920152827464, 9.902719713420831, 38.082450013923264, 0.0, 27.010048897486836, 95.20426876811243, 99.51828488932432, 38.875180506526554, 93.649904680422, 44.82226023520362, 85.33309136164266, 100.42213813968706, 61.539874263914925, 84.34753534043352, 84.88035115251628, 102.77429787150727, 71.3027552733787, 49.90011185291161, 107.4599704568362, 55.44477737260927, 31.346468935989375, 78.57260970420461, 52.46368906414231, 92.27330195878108, 31.323402549582404, 65.73384992679335, 50.27772546790233, 66.74973210853912, 75.48584353400493, 99.65112643947364, 62.8390365314655, 71.83887759260354, 59.18666845130698, 84.28525325839561, 61.05544419008947, 82.69600601871655, 90.95778263913466, 16.080355354938604, 39.63528689592076, 38.03664805740838, 64.67584953931492, 23.529677216494452, 79.57055639435181, 96.68204330595667, 32.28031278722838, 29.204443498309242, 88.5155760626082, 101.49550117162028, 80.47740712593624, 53.189615436865665, 88.24587873869429, 85.59353362404471, 79.31101346055424, 92.56571465768903, 61.14045755710597, 27.485688595231952, 23.28873374268112, 13.642316685585616, 94.54487281195686, 111.28316686566014, 63.61582367122637, 93.42725475451532, 50.0285365084309, 24.611514699088087, 27.738381955587663, 77.2545277036899, 70.66115528180482, 72.13797736850151, 80.26588173956381, 37.356673505437094, 54.99916329089837, 81.9169309354249, 105.08211736466805, 82.8622524775491, 30.802917723859533, 80.95941230902542, 79.22833475060108, 87.31726652750731, 86.65824195477133, 45.1846175674201, 65.35547277994655, 37.03825084919639, 48.95557182965148, 7.104058283247312, 53.9046910893518, 57.249276418066444], [74.63951401871286, 26.619373432241364, 48.00999944758111, 31.714072880384403, 24.296511434174935, 51.056682968691355, 73.91503378828835, 31.63997977853978, 31.09114063815377, 11.841668308959836, 34.98066169980015, 40.253527676057544, 36.88960402553123, 40.09503023688897, 27.010048897486836, 0.0, 70.35509463129446, 73.8032968604748, 21.260113234365, 70.16961558412041, 44.71994833612049, 59.3659432764682, 80.38298511448964, 34.794569246129925, 79.09291108231444, 86.28227485788888, 82.34999209948096, 56.07218147277796, 22.943293125792547, 84.78097135466555, 30.117250725040126, 7.528038397451994, 73.95814731783004, 28.13827471558435, 70.06879038585633, 37.82771600167168, 69.34771679015276, 23.74945152017465, 43.07163919753447, 56.73161301835918, 77.25573373805989, 59.849337304280105, 63.56435867846507, 32.526843954368964, 62.44853734437899, 35.868629328139185, 61.092429030348235, 66.07270056729313, 10.944159565471255, 44.55053177683913, 11.14491910385166, 41.28768385538368, 23.486429171637695, 52.56265798875649, 70.76957148248691, 14.534161294562786, 5.929919309730759, 61.58703772532144, 80.31312369807623, 73.1841790574493, 58.72962838608118, 65.95299268448485, 63.33536662648745, 68.96244442244668, 74.6537434880726, 34.914814374950126, 10.242965610063786, 6.2633159653288555, 16.199242840280696, 74.60442344730157, 92.30322764498884, 37.87672093125133, 81.76885619858697, 44.81072533840403, 16.456177010691842, 12.834723269489757, 50.319933279261356, 71.17778408890851, 46.47353156800582, 53.326011438202755, 13.199963794387422, 53.49920336787079, 75.25709002287975, 87.53178058610685, 67.98023112401377, 6.098674677930416, 65.87430491736636, 52.26602280100923, 75.66121969632908, 62.251651829535746, 38.970734969700054, 58.46371720176033, 43.40904171527976, 44.69330984805839, 22.02826796117657, 55.08413190821396, 37.74916059438808], [44.076034684467224, 68.44573783898035, 25.734716582045998, 38.822587370326325, 59.70063534086197, 60.96605442068801, 54.81226013389192, 49.780844200233624, 99.3388569094917, 59.38045438972605, 79.94865812153566, 70.98398697647802, 104.31393392684299, 79.20169315183784, 95.20426876811243, 70.35509463129446, 0.0, 8.61265501808203, 57.73428987776426, 9.341785887409692, 76.73389696959669, 51.989773696332385, 29.36649768485014, 38.24845355618589, 76.45034791489225, 96.12776373993304, 28.585521742459765, 44.67290007275393, 52.4361938978916, 20.198341264882455, 40.243777665884295, 70.51935716528673, 75.7940385004808, 42.771175157987386, 16.517987682966208, 84.49063668381267, 91.57043717319495, 47.28695452306461, 28.741823360135363, 33.577346641334586, 17.092819395797463, 74.60550969404413, 63.567830837362955, 49.78802186640083, 19.811965817319603, 57.81153575978165, 21.344950119635875, 4.282411374533367, 80.0755929033004, 84.12518549558264, 59.795063470036716, 30.94516971340758, 77.18269256938855, 34.34225589330085, 9.639967201251698, 63.27390783960564, 71.73130564972055, 37.763380034225314, 24.26063147955613, 68.82144050367604, 90.14918687851228, 16.569014029164578, 17.567389476700342, 59.39826610751827, 36.24861460257701, 36.2204321953143, 67.74207752642381, 76.23778460457656, 86.52035307966193, 27.910623759991854, 40.04383168220073, 54.465551246578826, 59.936779441395245, 68.16940981239738, 72.05559773377225, 78.81874773112075, 30.093080032867324, 86.15182491555905, 24.25948242734444, 28.913477381497376, 58.06461168328061, 75.94981400836939, 71.236179651292, 42.69114330224269, 45.739812013183894, 65.109930101547, 44.84981154342191, 37.346671177514544, 57.613569633197756, 8.902125146590153, 66.82100903819885, 65.88539903301299, 85.77955801060477, 69.85309955241578, 88.56978455679051, 81.2278700746976, 41.86762802885047], [52.61638002393839, 68.74142013933452, 26.618229614294133, 42.11451483248991, 65.55072561807559, 57.90794532149773, 63.42207517741436, 56.09324531141821, 103.67953117107623, 62.3729909770203, 86.38471237820247, 78.07674526133958, 108.8851466281692, 86.04793919393188, 99.51828488932432, 73.8032968604748, 8.61265501808203, 0.0, 63.16553192641926, 17.79117760152769, 83.9724205821252, 47.54632894762785, 37.10789301400906, 40.013562309230124, 85.03879628357771, 104.63215968369535, 35.979006370878786, 52.97696843735177, 54.14675372100952, 25.562509083755778, 44.078689200178225, 73.12437756450221, 84.31332132895147, 47.21435380002313, 24.99211872614385, 90.95351355221011, 99.6585949401029, 50.18429348267649, 34.37361696993887, 41.89606712477282, 24.461031142595935, 82.70786907004829, 71.98044405169497, 49.90822979948975, 28.31931845861782, 56.93217867678413, 29.789327187154264, 10.883433874221943, 83.98267260815052, 91.09988120617712, 62.892875748912964, 36.63271358907882, 82.76007261728097, 31.61750130726937, 3.6076944199417684, 68.15166356606842, 74.53442269704804, 32.830859807960834, 31.64180065075438, 77.39020242651634, 97.77455224940813, 25.179437920024366, 26.09429468913493, 67.96940941573331, 44.69222797132294, 38.94528450576115, 72.26792900238584, 79.42496066227648, 89.99308749749711, 36.19809644255226, 46.898130020322746, 53.37076708536955, 68.48131760233042, 75.62055618256872, 77.15889874575156, 81.19034263231939, 28.648025902618432, 94.43615798742674, 27.40638135188788, 26.711350344769755, 62.16330425809101, 83.721765344594, 79.81517519908135, 50.40097537096117, 54.34939326019475, 68.94022859364955, 53.44375207040891, 34.43112670748204, 66.22104206017787, 16.082747627168793, 73.90626568373902, 74.08701823750502, 92.60533304705572, 77.26283115979764, 93.10376652284037, 88.9420979176495, 48.5059854698358], [53.92433159772195, 41.79336606616753, 41.24777582559444, 24.607634867262533, 4.517160888706451, 59.84914409278466, 52.66773115912601, 10.92255939222753, 42.83264595473181, 19.769768485307928, 25.452621993993436, 23.705444005443407, 47.232062749540795, 27.751482483963464, 38.875180506526554, 21.260113234365, 57.73428987776426, 63.16553192641926, 0.0, 55.18141920145391, 29.598907577481974, 63.94305961053369, 61.79282788519442, 31.340656094354856, 58.808926606705555, 68.39821124395823, 64.05688540932012, 35.05699628230472, 28.03468091154443, 68.6596004539754, 21.44165605871816, 27.069812350513686, 53.994049096719785, 17.127157807059934, 53.43883554536084, 29.85307289587925, 53.52708843382378, 21.75236586837938, 29.005677993679143, 37.1228052930145, 60.82398170297897, 41.15390301626071, 42.80120236098181, 37.533893004621945, 45.430281073221465, 45.12640121050594, 43.82725731499623, 53.61491737691048, 26.222015416788373, 33.14266895630345, 19.07666888565078, 26.789846043576826, 19.603701122688985, 51.05335331956606, 60.786060506480936, 7.302170679593482, 26.446487652818938, 61.07192478539151, 62.64951904371293, 52.47243790704983, 45.18098362607895, 49.43864313419891, 46.79167708433263, 47.78511538428144, 54.751527779270496, 28.591646755305273, 12.721716663776764, 27.05477944136921, 33.966851199697636, 55.91709649796355, 73.07342115995462, 45.44344980132711, 60.510353325610915, 26.391120281628556, 14.538939769420168, 34.04630223100324, 46.71986196452753, 53.52131246850252, 36.818140151176316, 49.55042023843775, 11.214265322687563, 36.13236944676722, 54.663164295761014, 67.54635405537192, 46.997127123925225, 15.524939243589005, 44.91770030202098, 51.99145101744931, 54.401117373479686, 48.92168733966053, 20.923435350057733, 38.244326008724045, 33.4270738275316, 26.849916657958445, 31.860422028938206, 39.13964653212711, 18.433984623540237], [34.831688342151836, 71.75208620840793, 30.113015053948473, 39.73521310441134, 56.49478861764132, 67.3646153071235, 45.79882695551506, 46.07933037587507, 97.71693926961511, 59.94909178325049, 75.58263766017464, 65.64162877395644, 102.35995922094298, 74.19381575480963, 93.649904680422, 70.16961558412041, 9.341785887409692, 17.79117760152769, 55.18141920145391, 0.0, 71.0893478476119, 59.51342114090402, 20.426761594700654, 40.904275326828724, 67.74796402987337, 87.7477645122143, 20.028211235055387, 37.11017921882888, 54.62008549239979, 15.11715826535411, 40.41770710114419, 71.32570283844196, 67.39628084180056, 42.042089369071775, 7.201725920769175, 80.04358875126736, 84.24266660483433, 48.30734982872154, 27.152762414327025, 26.160443246145572, 9.189339635030672, 67.31423592558708, 55.55128694448085, 53.6