instance_id,num_cities,city_coordinates,distance_matrix,best_route,total_distance
2330,39,"[[65.47199131056412, 79.86486505813842], [79.71571120941968, 81.509366941183], [20.057998594135164, 3.9038977869205627], [58.8301475207571, 85.70232380580342], [98.64716063855352, 1.912339668920493], [7.7099915222895055, 30.595682280940284], [82.35966224665623, 59.68803107173285], [4.184910735230907, 46.35058183131553], [86.74127450278264, 28.702893026338195], [20.434708581151064, 40.384182315114046], [32.72836219715769, 41.049681737776986], [79.84710148924535, 94.72601960719894], [35.29939050936354, 55.44710045919775], [67.46263832912608, 87.04709815641529], [30.75379795588853, 62.229936660558224], [24.504132036628768, 92.05063732889364], [71.03992509375033, 86.43823569166693], [17.830881476417883, 67.39550364651888], [31.330778831550997, 82.30810985950991], [70.54731825721157, 9.815235820185453], [60.77014496816725, 92.72683351679987], [33.428915543951, 33.08184980949146], [87.80128048682111, 10.675658022135359], [94.98840098703018, 40.46819371696275], [39.861805938467576, 52.404901585263985], [38.110972311420355, 6.547646848993216], [1.0941151153754158, 73.65181174875113], [40.94249549548961, 70.48281761556827], [94.52832004559122, 1.0691624159401614], [0.9435977813232799, 81.9069975827165], [50.68397045841768, 39.39584428026698], [5.787689671874574, 5.093433348794307], [27.48708255639779, 42.45225636846113], [44.59885730802674, 59.73315727660926], [74.00166325061095, 83.17993541237772], [59.84718173835507, 84.88615066100927], [41.12767689214358, 82.79090877758532], [53.76030853150219, 45.94238072497018], [97.0783903234785, 2.8989221490187678]]","[[0.0, 14.33833822311327, 88.50140836860673, 8.842511722292974, 84.71828654132136, 75.92035952940157, 26.311557524416926, 69.85208247185683, 55.406947124828115, 59.89224612171788, 50.78152915883473, 20.676017681852727, 38.81511390061725, 7.452995896315343, 38.94025743880516, 42.741765748781106, 8.61458577644226, 49.24591678751418, 34.22852370022041, 70.23325067224243, 13.694436522146972, 56.70457847775648, 72.70311908981488, 49.22718916364808, 37.54905043705827, 78.25624477700754, 64.6769895312725, 26.262501388032234, 83.98233739564344, 64.56069916530112, 43.086276277294004, 95.67122274729843, 53.31563168555033, 28.999541053071233, 9.151229144676599, 7.5400127207593375, 24.519530508372966, 35.88730216736026, 83.20288953187516], [14.33833822311327, 0.0, 97.8859107182492, 21.302292314719285, 81.8173974657539, 88.18745349166288, 21.980927555830213, 83.31291610952984, 53.271777020372, 72.1492763868152, 62.006427843884296, 13.21730574284104, 51.49807063092993, 13.446347534626067, 52.620959525570996, 56.2088681271931, 9.978126672093222, 63.47387878634084, 48.391524789579655, 72.27799019425547, 22.017403038886428, 66.99023711345653, 71.29369361849635, 43.7907861617439, 49.34980920935677, 85.7333877666718, 79.01326816413273, 40.310631932892946, 81.79266400231947, 78.77311701371205, 51.150667267836084, 106.32378508712004, 65.2172334376818, 41.32065748856438, 5.95324643304106, 20.153439697308414, 38.60930900637471, 44.030596596879306, 80.50505981886899], [88.50140836860673, 97.8859107182492, 0.0, 90.5221632063375, 78.61439241373819, 29.409601121428732, 83.6263524267893, 45.317501084472745, 71.14527005215079, 36.482229505229945, 39.24725951141686, 108.73543413689741, 53.749435059626734, 95.7078452170261, 59.29862506564528, 88.2588000964714, 97.01068891100101, 63.53065453217532, 79.2104541396187, 50.83419437134652, 97.70871391055601, 32.09570538733058, 68.08090024577488, 83.37573351773804, 52.38833987423497, 18.245527373583915, 72.28001368720744, 69.77760942001511, 74.52425445253834, 80.31092015526733, 46.87886963780579, 14.319801380944936, 39.257702911013276, 60.9849158528745, 95.88852432988638, 90.22917696536481, 81.65226173611376, 53.88023517809696, 77.0269479998674], [8.842511722292974, 21.302292314719285, 90.5221632063375, 0.0, 92.76936981181808, 75.16656364007491, 35.07679417635284, 67.33989530562768, 63.46625968646491, 59.396495515603924, 51.72196478029961, 22.872241692271373, 38.32851504144453, 8.736607786242809, 36.59555113924324, 34.90811400812236, 12.231935034397605, 44.900773718488345, 27.708048769592246, 76.7863413179984, 7.287477394533817, 58.43061585792212, 80.425910774772, 57.909807620345354, 38.32122530550513, 81.82143426689717, 58.98020243058214, 23.48619730079057, 91.85385962742917, 58.01083641765216, 47.01755253923699, 96.4950545642655, 53.413070073669275, 29.612957152908134, 15.379770243683463, 1.3040311353830014, 17.940284385244805, 40.08187047990735, 91.21036894690612], [84.71828654132136, 81.8173974657539, 78.61439241373819, 92.76936981181808, 0.0, 95.3535676851082, 60.02760299178256, 104.3928830106796, 29.316955399130144, 87.16232175329519, 76.66172142713762, 94.69858186743177, 82.93919817078593, 90.66643003003506, 90.8169653930669, 116.71375838050865, 88.92011332018413, 104.01593984639698, 104.85692692485416, 29.190013864915162, 98.39685263737458, 72.28386995466417, 13.94377512819019, 38.72906406771989, 77.49333349450582, 60.7133936609688, 121.0914883265544, 89.61996889703121, 4.204259234416628, 126.27403331541281, 60.87265995670562, 92.91394246942501, 81.89775063250634, 79.1483799059099, 84.9224508561845, 91.59744359536852, 99.24632966270636, 62.87665709528234, 1.8532094569954636], [75.92035952940157, 88.18745349166288, 29.409601121428732, 75.16656364007491, 95.3535676851082, 0.0, 80.11827567678615, 16.144443452708543, 79.05394576303654, 16.054069800119287, 27.114663484333462, 96.52182551094029, 37.131764325690035, 82.20183182124586, 39.13748925395645, 63.70835624595364, 84.43382768532703, 38.16620581092744, 56.851708498322, 66.18426237633572, 81.70471123254367, 25.838809605166002, 82.53133910504228, 87.83500008965292, 38.85075568012084, 38.76245143276267, 43.56145205775918, 51.917077012594696, 91.70189497997406, 51.755532672904465, 43.86576930611364, 25.57459569575342, 23.05887418900318, 47.00830637325035, 84.61494795795019, 75.27112036201848, 61.97647428270371, 48.54021888888607, 93.56185775247069], [26.311557524416926, 21.980927555830213, 83.6263524267893, 35.07679417635284, 60.02760299178256, 80.11827567678615, 0.0, 79.30434619939695, 31.293406744156197, 64.86399974788307, 53.015601576308896, 35.1279604043721, 47.25097531742775, 31.15188394533498, 51.66842859251319, 66.29178425445662, 29.046684775017283, 64.98745018220488, 55.817693493708994, 51.25258214692932, 39.46732475507227, 55.696560524358624, 49.31352675508623, 22.997547480469258, 43.11741835857201, 69.15090018448812, 82.45651169763545, 42.800807448235275, 59.868589386360654, 84.39347146455977, 37.61811126363503, 94.04167738041788, 57.515840700503574, 37.76083190274801, 24.93442834251275, 33.78989507932979, 47.263300504369354, 31.731150883318932, 58.665525212302676], [69.85208247185683, 83.31291610952984, 45.317501084472745, 67.33989530562768, 104.3928830106796, 16.144443452708543, 79.30434619939695, 0.0, 84.42152639391006, 17.310512794836573, 29.031502943544748, 89.80506717165372, 32.416932346573404, 75.23481408527779, 30.952539119384326, 50.013656402795625, 77.9526326489695, 25.08189091112057, 45.05376761827132, 75.75487205630034, 73.16177590512453, 32.113409453364234, 90.90873158957538, 90.99382578964621, 36.18695398932856, 52.29962989618928, 27.475628701967832, 43.97140936283906, 101.05611584704032, 35.70384868262306, 47.01628366368885, 41.288269535408624, 23.626005862132576, 42.5720612977311, 78.93529132772441, 67.69991490580546, 51.8908990023816, 49.57707832054811, 102.5536214824143], [55.406947124828115, 53.271777020372, 71.14527005215079, 63.46625968646491, 29.316955399130144, 79.05394576303654, 31.293406744156197, 84.42152639391006, 0.0, 67.32765556417172, 55.40611777791369, 66.38209747404, 57.97861726536956, 61.44682322933167, 65.25841083676427, 88.80539741803018, 59.83228364309228, 79.0301232673528, 77.09631834441213, 24.87946570207254, 69.09098729378493, 53.49189546336941, 18.058372423420483, 14.367929411992101, 52.53065564601299, 53.43932282881189, 96.7255974675061, 61.992662930709926, 28.709948549828926, 100.95502995119206, 37.60941878661082, 84.32609016929814, 60.828482272145614, 52.33412487525237, 55.9468126168668, 62.288447276083716, 70.75389554570444, 37.21483645684934, 27.79749766666111], [59.89224612171788, 72.1492763868152, 36.482229505229945, 59.396495515603924, 87.16232175329519, 16.054069800119287, 64.86399974788307, 17.310512794836573, 67.32765556417172, 0.0, 12.311653370360848, 80.5162574350373, 21.162473197674526, 66.2499350278386, 24.16031018934386, 51.826467957510886, 68.4241461086467, 27.136532491454187, 43.316740962928, 58.70037596434115, 66.08101515074033, 14.905484715860487, 73.62643157174139, 74.55373974031133, 22.845345335590974, 38.175403492459466, 38.48108267372684, 36.42110886661283, 83.87809040217746, 45.8698984951853, 30.26540361849782, 38.20958159326664, 7.349347520485391, 30.95624195142453, 68.56307399556938, 59.44550636529549, 47.1861143429145, 33.785931711500425, 85.31939217281746], [50.78152915883473, 62.006427843884296, 39.24725951141686, 51.72196478029961, 76.66172142713762, 27.114663484333462, 53.015601576308896, 29.031502943544748, 55.40611777791369, 12.311653370360848, 0.0, 71.42355941528024, 14.6251787141929, 57.6388085893649, 21.27209680630703, 51.65980480935257, 59.39609988547019, 30.266107511075134, 41.282092126490184, 49.049608043808426, 58.79514943401927, 7.9985699114972775, 62.893621660851295, 62.26275418285619, 13.409960380075544, 34.919377186728504, 45.42713362830315, 30.55783816704463, 73.60486882884805, 51.76477090670101, 18.03161241729899, 44.92940723317819, 5.425700679846154, 22.135512471757004, 58.97833207657872, 51.546739770479554, 42.577911199755114, 21.593546952504774, 74.80913431565364], [20.676017681852727, 13.21730574284104, 108.73543413689741, 22.872241692271373, 94.69858186743177, 96.52182551094029, 35.1279604043721, 89.80506717165372, 66.38209747404, 80.5162574350373, 71.42355941528024, 0.0, 59.39134653282662, 14.571916909303887, 58.8739998530188, 55.40759819887812, 12.093540353921, 67.7714441882155, 50.08031596073707, 85.41854114586464, 19.181423699276056, 77.16638942247144, 84.42589795853762, 56.330902893676424, 58.222855399830706, 97.55680345846297, 81.52395414639801, 45.83995211969991, 94.80055420324838, 79.93803989997652, 62.545315677756825, 116.2703616494989, 73.98728205433532, 49.66829101092983, 12.941453103712488, 22.28945515081602, 40.51716564180927, 55.320558469811736, 93.42983004631276], [38.81511390061725, 51.49807063092993, 53.749435059626734, 38.32851504144453, 82.93919817078593, 37.131764325690035, 47.25097531742775, 32.416932346573404, 57.97861726536956, 21.162473197674526, 14.6251787141929, 59.39134653282662, 0.0, 45.08918234764979, 8.165125755105898, 38.16223941102433, 47.30577422868101, 21.163958669419333, 27.152600329488305, 57.66006833980216, 45.15016976210324, 22.443331152492107, 68.99949644091797, 61.539788909254234, 5.483667434873346, 48.980215961204195, 38.74806289241517, 16.059807728949174, 80.40538688324175, 43.364117075748936, 22.23349106934181, 58.36464921325898, 15.16239191204753, 10.239646760583044, 47.612771919708926, 38.33081959738054, 27.95805385774232, 20.76403601052403, 81.10459827747611], [7.452995896315343, 13.446347534626067, 95.7078452170261, 8.736607786242809, 90.66643003003506, 82.20183182124586, 31.15188394533498, 75.23481408527779, 61.44682322933167, 66.2499350278386, 57.6388085893649, 14.571916909303887, 45.08918234764979, 0.0, 44.31061347193565, 43.24891521336757, 3.628731747778452, 53.38067492143329, 36.4413128307792, 77.2934396322294, 8.777748068296388, 63.80080184263604, 79.03326662237032, 54.104176813615034, 44.293201870394405, 85.68361546299829, 67.70682810114141, 31.268088616868845, 90.1374315197092, 66.71733949512654, 50.51896368181637, 102.56803823450316, 59.88943958187597, 35.62027300521883, 7.596959563711812, 7.916114777074621, 26.676681613645655, 43.32841604538295, 89.20766946604294], [38.94025743880516, 52.620959525570996, 59.29862506564528, 36.59555113924324, 90.8169653930669, 39.13748925395645, 51.66842859251319, 30.952539119384326, 65.25841083676427, 24.16031018934386, 21.27209680630703, 58.8739998530188, 8.165125755105898, 44.31061347193565, 0.0, 30.468549562669004, 47.000146614106896, 13.9170705474184, 20.086461757561537, 65.80900487135163, 42.790674285663876, 29.270586280211273, 76.89121477155372, 67.82077618629471, 13.397280456924296, 56.16623018466533, 31.782951667995057, 13.111811530488094, 88.36192604267468, 35.718829221882096, 30.30853923916895, 62.35291952703032, 20.0456495838293, 14.068389238158796, 48.05497164968151, 36.874503559344646, 23.029783728494753, 28.188366522747152, 88.98944227095414], [42.741765748781106, 56.2088681271931, 88.2588000964714, 34.90811400812236, 116.71375838050865, 63.70835624595364, 66.29178425445662, 50.013656402795625, 88.80539741803018, 51.826467957510886, 51.65980480935257, 55.40759819887812, 38.16223941102433, 43.24891521336757, 30.468549562669004, 0.0, 46.87301022542491, 25.542276522172525, 11.896215698881663, 94.24773874550897, 36.272316375371666, 59.64033586559497, 103.0942105993398, 87.34289128744565, 42.516379318198474, 86.57890899791724, 29.774916876153906, 27.118086960405563, 114.80860457148195, 25.651358671533327, 58.804006417800124, 88.94863989308533, 49.688000439739824, 38.05545296882904, 50.28613077947855, 36.061905543564784, 19.02852638559349, 54.60673209552496, 114.95673658120218], [8.61458577644226, 9.978126672093222, 97.01068891100101, 12.231935034397605, 88.92011332018413, 84.43382768532703, 29.046684775017283, 77.9526326489695, 59.83228364309228, 68.4241461086467, 59.39609988547019, 12.093540353921, 47.30577422868101, 3.628731747778452, 47.000146614106896, 46.87301022542491, 0.0, 56.51396257929977, 39.92335452166049, 76.62458333198593, 12.042211027634746, 65.28010381243821, 77.59453079788952, 51.83410322140309, 46.15563827376953, 86.41077546793606, 71.10491523642301, 34.065094075979836, 88.54142177179037, 70.24263108320268, 51.25769677637766, 104.28245823604713, 61.90005226253781, 37.58046405785337, 4.403227636611616, 11.299843882201927, 30.133794750955445, 44.02839331638231, 87.50324896080511], [49.24591678751418, 63.47387878634084, 63.53065453217532, 44.900773718488345, 104.01593984639698, 38.16620581092744, 64.98745018220488, 25.08189091112057, 79.0301232673528, 27.136532491454187, 30.266107511075134, 67.7714441882155, 21.163958669419333, 53.38067492143329, 13.9170705474184, 25.542276522172525, 56.51396257929977, 0.0, 20.115492851602443, 78.06734240266992, 49.854354094811725, 37.69251260421982, 90.07218008535673, 81.72125082910128, 26.647322244672896, 64.13847333019504, 17.867868907460107, 23.31690824509202, 101.39862239748273, 22.26575412733439, 43.16603271422259, 63.45538930795109, 26.74710833102039, 27.843061649431853, 58.34642243784167, 45.51145153350709, 27.92416830976072, 41.84686620995295, 102.17620409532066], [34.22852370022041, 48.391524789579655, 79.2104541396187, 27.708048769592246, 104.85692692485416, 56.851708498322, 55.817693493708994, 45.05376761827132, 77.09631834441213, 43.316740962928, 41.282092126490184, 50.08031596073707, 27.152600329488305, 36.4413128307792, 20.086461757561537, 11.896215698881663, 39.92335452166049, 20.115492851602443, 0.0, 82.42059057666205, 31.228609978235045, 49.27095347337987, 91.21472311766149, 76.17658066167797, 31.096306671241127, 76.06325511830487, 31.451348614446008, 15.238852774486066, 102.92568094134428, 30.38982828575892, 47.07450013850068, 81.32991867986613, 40.04076745712515, 26.185308678305315, 42.679789794461335, 28.63270034623663, 9.808787203570967, 42.72645618405188, 103.09494415214284], [70.23325067224243, 72.27799019425547, 50.83419437134652, 76.7863413179984, 29.190013864915162, 66.18426237633572, 51.25258214692932, 75.75487205630034, 24.87946570207254, 58.70037596434115, 49.049608043808426, 85.41854114586464, 57.66006833980216, 77.2934396322294, 65.80900487135163, 94.24773874550897, 76.62458333198593, 78.06734240266992, 82.42059057666205, 0.0, 83.4860835716303, 43.80766081989724, 17.27540271560698, 39.204213457579264, 52.49266897619983, 32.60051649897135, 94.33374715839868, 67.50556282005532, 25.526109119227602, 100.20928109766643, 35.63095539898554, 64.93154020265985, 54.031092982450446, 56.25941261834385, 73.44597773592533, 75.82964576312082, 78.68268006133626, 39.83684594069132, 27.41775300391001], [13.694436522146972, 22.017403038886428, 97.70871391055601, 7.287477394533817, 98.39685263737458, 81.70471123254367, 39.46732475507227, 73.16177590512453, 69.09098729378493, 66.08101515074033, 58.79514943401927, 19.181423699276056, 45.15016976210324, 8.777748068296388, 42.790674285663876, 36.272316375371666, 12.042211027634746, 49.854354094811725, 31.228609978235045, 83.4860835716303, 0.0, 65.61300867871184, 86.38910630099181, 62.464825931892015, 45.42044512851317, 89.10830668469092, 62.65049875653693, 29.798186639888314, 97.67672730078226, 60.797077215439806, 54.2763791090407, 103.45377332613161, 60.29341051018764, 36.74361463478425, 16.31613739445893, 7.894819109306687, 22.012477201372516, 47.306689060847816, 96.88829826908623], [56.70457847775648, 66.99023711345653, 32.09570538733058, 58.43061585792212, 72.28386995466417, 25.838809605166002, 55.696560524358624, 32.113409453364234, 53.49189546336941, 14.905484715860487, 7.9985699114972775, 77.16638942247144, 22.443331152492107, 63.80080184263604, 29.270586280211273, 59.64033586559497, 65.28010381243821, 37.69251260421982, 49.27095347337987, 43.80766081989724, 65.61300867871184, 0.0, 58.808090428889415, 62.00103486504169, 20.365716504877735, 26.944119624191085, 51.87929385129283, 38.14821459150293, 68.97789054916286, 58.64461548357324, 18.373988306250894, 39.33686341955305, 11.095489999651088, 28.897401072063428, 64.46678243516112, 58.1516154155064, 50.301704442194165, 24.05740626589304, 70.44334434044876], [72.70311908981488, 71.29369361849635, 68.08090024577488, 80.425910774772, 13.94377512819019, 82.53133910504228, 49.31352675508623, 90.90873158957538, 18.058372423420483, 73.62643157174139, 62.893621660851295, 84.42589795853762, 68.99949644091797, 79.03326662237032, 76.89121477155372, 103.0942105993398, 77.59453079788952, 90.07218008535673, 91.21472311766149, 17.27540271560698, 86.38910630099181, 58.808090428889415, 0.0, 30.64718395239748, 63.55724182438338, 49.86148015063217, 107.16402598330082, 75.97790514023264, 11.727651898701014, 112.33058702136186, 46.93126678927802, 82.20334732031988, 68.17297613023796, 65.3688580412901, 73.80582413161659, 79.3008754967015, 85.90130769688271, 49.01560467709701, 12.105469332563018], [49.22718916364808, 43.7907861617439, 83.37573351773804, 57.909807620345354, 38.72906406771989, 87.83500008965292, 22.997547480469258, 90.99382578964621, 14.367929411992101, 74.55373974031133, 62.26275418285619, 56.330902893676424, 61.539788909254234, 54.104176813615034, 67.82077618629471, 87.34289128744565, 51.83410322140309, 81.72125082910128, 76.17658066167797, 39.204213457579264, 62.464825931892015, 62.00103486504169, 30.64718395239748, 0.0, 56.40413527731252, 66.22420548841036, 99.58558844043478, 61.82101218983134, 39.40171749976939, 102.76964277365445, 44.31740626186321, 95.95905673898149, 67.53047085929951, 53.94668602548912, 47.589242896615744, 56.63797479930425, 68.49956065646074, 41.58993064336848, 37.6273600133253], [37.54905043705827, 49.34980920935677, 52.38833987423497, 38.32122530550513, 77.49333349450582, 38.85075568012084, 43.11741835857201, 36.18695398932856, 52.53065564601299, 22.845345335590974, 13.409960380075544, 58.222855399830706, 5.483667434873346, 44.293201870394405, 13.397280456924296, 42.516379318198474, 46.15563827376953, 26.647322244672896, 31.096306671241127, 52.49266897619983, 45.42044512851317, 20.365716504877735, 63.55724182438338, 56.40413527731252, 0.0, 45.89066604808463, 44.20820108588629, 18.11018878745854, 74.99190543442137, 48.83646787397422, 16.92202165409213, 58.30454893093486, 15.88045734839817, 8.725994909211026, 45.96338286455321, 38.13721001047838, 30.412363643149543, 15.327509588916344, 75.66095114805927], [78.25624477700754, 85.7333877666718, 18.245527373583915, 81.82143426689717, 60.7133936609688, 38.76245143276267, 69.15090018448812, 52.29962989618928, 53.43932282881189, 38.175403492459466, 34.919377186728504, 97.55680345846297, 48.980215961204195, 85.68361546299829, 56.16623018466533, 86.57890899791724, 86.41077546793606, 64.13847333019504, 76.06325511830487, 32.60051649897135, 89.10830668469092, 26.944119624191085, 49.86148015063217, 66.22420548841036, 45.89066604808463, 0.0, 76.63691449664637, 63.9978404674176, 56.682721503484274, 84.0264569791493, 35.172210008589715, 32.35597838885609, 37.44339752576333, 53.57976456812072, 84.62062010263415, 81.29811793489945, 76.30291931531362, 42.38922954346082, 59.08019616542419], [64.6769895312725, 79.01326816413273, 72.28001368720744, 58.98020243058214, 121.0914883265544, 43.56145205775918, 82.45651169763545, 27.475628701967832, 96.7255974675061, 38.48108267372684, 45.42713362830315, 81.52395414639801, 38.74806289241517, 67.70682810114141, 31.782951667995057, 29.774916876153906, 71.10491523642301, 17.867868907460107, 31.451348614446008, 94.33374715839868, 62.65049875653693, 51.87929385129283, 107.16402598330082, 99.58558844043478, 44.20820108588629, 76.63691449664637, 0.0, 39.97419095784701, 118.31395367880903, 8.256557916053922, 60.2712623075517, 68.71885396999198, 40.86564555064131, 45.67703510040829, 73.52751672429204, 59.817499182093556, 41.06347723996056, 59.5108435212151, 119.24324917552687], [26.262501388032234, 40.310631932892946, 69.77760942001511, 23.48619730079057, 89.61996889703121, 51.917077012594696, 42.800807448235275, 43.97140936283906, 61.992662930709926, 36.42110886661283, 30.55783816704463, 45.83995211969991, 16.059807728949174, 31.268088616868845, 13.111811530488094, 27.118086960405563, 34.065094075979836, 23.31690824509202, 15.238852774486066, 67.50556282005532, 29.798186639888314, 38.14821459150293, 75.97790514023264, 61.82101218983134, 18.11018878745854, 63.9978404674176, 39.97419095784701, 0.0, 87.69091241905932, 41.598361821953176, 32.577542043608624, 74.24036602336967, 31.09277249119647, 11.354478372306144, 35.413632587003974, 23.76642936494835, 12.309484156624473, 27.68626688102969, 87.85682451905781], [83.98233739564344, 81.79266400231947, 74.52425445253834, 91.85385962742917, 4.204259234416628, 91.70189497997406, 59.868589386360654, 101.05611584704032, 28.709948549828926, 83.87809040217746, 73.60486882884805, 94.80055420324838, 80.40538688324175, 90.1374315197092, 88.36192604267468, 114.80860457148195, 88.54142177179037, 101.39862239748273, 102.92568094134428, 25.526109119227602, 97.67672730078226, 68.97789054916286, 11.727651898701014, 39.40171749976939, 74.99190543442137, 56.682721503484274, 118.31395367880903, 87.69091241905932, 0.0, 123.66428682417195, 58.234539007805346, 88.83183120743158, 78.78507465989742, 77.03515783247575, 84.63759614527937, 90.70870340138093, 97.6220903156602, 60.62702767102113, 3.138611014917273], [64.56069916530112, 78.77311701371205, 80.31092015526733, 58.01083641765216, 126.27403331541281, 51.755532672904465, 84.39347146455977, 35.70384868262306, 100.95502995119206, 45.8698984951853, 51.76477090670101, 79.93803989997652, 43.364117075748936, 66.71733949512654, 35.718829221882096, 25.651358671533327, 70.24263108320268, 22.26575412733439, 30.38982828575892, 100.20928109766643, 60.797077215439806, 58.64461548357324, 112.33058702136186, 102.76964277365445, 48.83646787397422, 84.0264569791493, 8.256557916053922, 41.598361821953176, 123.66428682417195, 0.0, 65.43166533996062, 76.96615409751871, 47.552425682487254, 48.9638731950872, 73.06915423646907, 58.978873811280884, 40.19379943455308, 63.898815326988306, 124.43542229148457], [43.086276277294004, 51.150667267836084, 46.87886963780579, 47.01755253923699, 60.87265995670562, 43.86576930611364, 37.61811126363503, 47.01628366368885, 37.60941878661082, 30.26540361849782, 18.03161241729899, 62.545315677756825, 22.23349106934181, 50.51896368181637, 30.30853923916895, 58.804006417800124, 51.25769677637766, 43.16603271422259, 47.07450013850068, 35.63095539898554, 54.2763791090407, 18.373988306250894, 46.93126678927802, 44.31740626186321, 16.92202165409213, 35.172210008589715, 60.2712623075517, 32.577542043608624, 58.234539007805346, 65.43166533996062, 0.0, 56.500720563332074, 23.397377271645983, 21.228162943699427, 49.60606246635667, 46.4040129253341, 44.43483283924032, 7.233325332220065, 59.02937844556679], [95.67122274729843, 106.32378508712004, 14.319801380944936, 96.4950545642655, 92.91394246942501, 25.57459569575342, 94.04167738041788, 41.288269535408624, 84.32609016929814, 38.20958159326664, 44.92940723317819, 116.2703616494989, 58.36464921325898, 102.56803823450316, 62.35291952703032, 88.94863989308533, 104.28245823604713, 63.45538930795109, 81.32991867986613, 64.93154020265985, 103.45377332613161, 39.33686341955305, 82.20334732031988, 95.95905673898149, 58.30454893093486, 32.35597838885609, 68.71885396999198, 74.24036602336967, 88.83183120743158, 76.96615409751871, 56.500720563332074, 0.0, 43.203533524142266, 67.02093825208163, 103.68533163339238, 96.381048025807, 85.35697033480253, 63.008004745370926, 91.31707345763276], [53.31563168555033, 65.2172334376818, 39.257702911013276, 53.413070073669275, 81.89775063250634, 23.05887418900318, 57.515840700503574, 23.626005862132576, 60.828482272145614, 7.349347520485391, 5.425700679846154, 73.98728205433532, 15.16239191204753, 59.88943958187597, 20.0456495838293, 49.688000439739824, 61.90005226253781, 26.74710833102039, 40.04076745712515, 54.031092982450446, 60.29341051018764, 11.095489999651088, 68.17297613023796, 67.53047085929951, 15.88045734839817, 37.44339752576333, 40.86564555064131, 31.09277249119647, 78.78507465989742, 47.552425682487254, 23.397377271645983, 43.203533524142266, 0.0, 24.31958822323521, 61.82515715679782, 53.36488924280891, 42.58253975535655, 26.504025565238162, 80.04633885823547], [28.999541053071233, 41.32065748856438, 60.9849158528745, 29.612957152908134, 79.1483799059099, 47.00830637325035, 37.76083190274801, 42.5720612977311, 52.33412487525237, 30.95624195142453, 22.135512471757004, 49.66829101092983, 10.239646760583044, 35.62027300521883, 14.068389238158796, 38.05545296882904, 37.58046405785337, 27.843061649431853, 26.185308678305315, 56.25941261834385, 36.74361463478425, 28.897401072063428, 65.3688580412901, 53.94668602548912, 8.725994909211026, 53.57976456812072, 45.67703510040829, 11.354478372306144, 77.03515783247575, 48.9638731950872, 21.228162943699427, 67.02093825208163, 24.31958822323521, 0.0, 37.606866424168004, 29.414018326781164, 23.317568435846265, 16.55650042784882, 77.35781581752508], [9.151229144676599, 5.95324643304106, 95.88852432988638, 15.379770243683463, 84.9224508561845, 84.61494795795019, 24.93442834251275, 78.93529132772441, 55.9468126168668, 68.56307399556938, 58.97833207657872, 12.941453103712488, 47.612771919708926, 7.596959563711812, 48.05497164968151, 50.28613077947855, 4.403227636611616, 58.34642243784167, 42.679789794461335, 73.44597773592533, 16.31613739445893, 64.46678243516112, 73.80582413161659, 47.589242896615744, 45.96338286455321, 84.62062010263415, 73.52751672429204, 35.413632587003974, 84.63759614527937, 73.06915423646907, 49.60606246635667, 103.68533163339238, 61.82515715679782, 37.606866424168004, 0.0, 14.256946284371569, 32.87628812410665, 42.38334484160557, 83.53188865928529], [7.5400127207593375, 20.153439697308414, 90.22917696536481, 1.3040311353830014, 91.59744359536852, 75.27112036201848, 33.78989507932979, 67.69991490580546, 62.288447276083716, 59.44550636529549, 51.546739770479554, 22.28945515081602, 38.33081959738054, 7.916114777074621, 36.874503559344646, 36.061905543564784, 11.299843882201927, 45.51145153350709, 28.63270034623663, 75.82964576312082, 7.894819109306687, 58.1516154155064, 79.3008754967015, 56.63797479930425, 38.13721001047838, 81.29811793489945, 59.817499182093556, 23.76642936494835, 90.70870340138093, 58.978873811280884, 46.4040129253341, 96.381048025807, 53.36488924280891, 29.414018326781164, 14.256946284371569, 0.0, 18.83639828198027, 39.4165858778693, 90.04481401938878], [24.519530508372966, 38.60930900637471, 81.65226173611376, 17.940284385244805, 99.24632966270636, 61.97647428270371, 47.263300504369354, 51.8908990023816, 70.75389554570444, 47.1861143429145, 42.577911199755114, 40.51716564180927, 27.95805385774232, 26.676681613645655, 23.029783728494753, 19.02852638559349, 30.133794750955445, 27.92416830976072, 9.808787203570967, 78.68268006133626, 22.012477201372516, 50.301704442194165, 85.90130769688271, 68.49956065646074, 30.412363643149543, 76.30291931531362, 41.06347723996056, 12.309484156624473, 97.6220903156602, 40.19379943455308, 44.43483283924032, 85.35697033480253, 42.58253975535655, 23.317568435846265, 32.87628812410665, 18.83639828198027, 0.0, 38.95378546149384, 97.53569531681423], [35.88730216736026, 44.030596596879306, 53.88023517809696, 40.08187047990735, 62.87665709528234, 48.54021888888607, 31.731150883318932, 49.57707832054811, 37.21483645684934, 33.785931711500425, 21.593546952504774, 55.320558469811736, 20.76403601052403, 43.32841604538295, 28.188366522747152, 54.60673209552496, 44.02839331638231, 41.84686620995295, 42.72645618405188, 39.83684594069132, 47.306689060847816, 24.05740626589304, 49.01560467709701, 41.58993064336848, 15.327509588916344, 42.38922954346082, 59.5108435212151, 27.68626688102969, 60.62702767102113, 63.898815326988306, 7.233325332220065, 63.008004745370926, 26.504025565238162, 16.55650042784882, 42.38334484160557, 39.4165858778693, 38.95378546149384, 0.0, 61.06713957863095], [83.20288953187516, 80.50505981886899, 77.0269479998674, 91.21036894690612, 1.8532094569954636, 93.56185775247069, 58.665525212302676, 102.5536214824143, 27.79749766666111, 85.31939217281746, 74.80913431565364, 93.42983004631276, 81.10459827747611, 89.20766946604294, 88.98944227095414, 114.95673658120218, 87.50324896080511, 102.17620409532066, 103.09494415214284, 27.41775300391001, 96.88829826908623, 70.44334434044876, 12.105469332563018, 37.6273600133253, 75.66095114805927, 59.08019616542419, 119.24324917552687, 87.85682451905781, 3.138611014917273, 124.43542229148457, 59.02937844556679, 91.31707345763276, 80.04633885823547, 77.35781581752508, 83.53188865928529, 90.04481401938878, 97.53569531681423, 61.06713957863095, 0.0]]",Route_0,2256.766250634116
