instance_id,num_cities,city_coordinates,distance_matrix,best_route,total_distance
534,92,"[[60.48138193707442, 40.073581183868555], [65.55350854944254, 66.75530926124135], [62.396110666160496, 14.240036060074512], [11.097478648867554, 9.805597675668142], [36.37600283072284, 12.518459399947258], [92.67712530462661, 54.74499863825544], [75.9049689163081, 45.09953140849139], [6.173419538304737, 67.64556751184936], [63.73224486278085, 88.07344521289312], [41.197351120865555, 42.19436604243397], [82.66242743901392, 31.671176709821637], [3.3801096155243404, 63.34129517359005], [15.478800258195902, 17.86991070176852], [36.72678946426586, 62.59551801256791], [82.16305050192366, 49.271261292435206], [92.24858677574565, 86.41365994619228], [98.61523398087887, 40.63251894922729], [63.86742892698304, 99.43014295608427], [18.299828059107025, 44.86736286886136], [84.71676609568442, 88.98353954523411], [97.53723977911794, 6.864401244966956], [13.278617501365597, 70.98812603336856], [96.80698591465546, 32.273235413918876], [5.285399589779239, 57.26399837296127], [28.507209886551433, 50.60222867897893], [15.886015651289032, 58.754966188293764], [36.70020758904642, 52.36186870875926], [26.141385351375824, 23.493742509868266], [84.50748687955499, 92.02853470020773], [73.33672787937735, 62.250348981110406], [32.624211243109066, 64.98932506832502], [13.945450097559686, 37.69773104912419], [96.73182047590775, 42.77101983713648], [45.52689220648515, 86.4019195261141], [86.10370948537995, 29.647846084062312], [68.30647151659448, 38.003081356734036], [3.839276757178234, 54.962855771511734], [2.1322447410206724, 30.851113030675425], [53.72811460794755, 35.512182881525526], [73.80438113866109, 89.73812162747548], [51.58720447509712, 12.175323398124505], [35.7882272118233, 14.769960145064264], [75.63115866172808, 83.28902623606416], [6.985020820035837, 71.46587304140509], [36.75454244128677, 80.19896513730171], [62.2463530014409, 28.300859665683753], [30.271449901358384, 50.02422778181336], [15.890423565473832, 97.47083136463606], [14.647164226824605, 91.47923569995515], [82.1481236905982, 34.316338182846394], [77.24729008912577, 31.792591670086313], [26.04045545659106, 70.51435836079317], [7.816143878341963, 86.62706108643916], [32.15870287375272, 66.73511233564291], [98.8584522014115, 63.44154789662188], [89.77800543821434, 35.326890151613576], [72.33576187849367, 9.529757169165443], [37.394984567909454, 5.908040007850046], [16.91515102623331, 13.035254860357648], [77.21945869447438, 84.1210496825516], [41.43266594628561, 76.30930051742928], [18.458698282119023, 57.60732514598793], [11.607550485283069, 79.20735444132369], [73.50370518958388, 26.370376357489366], [0.5965802904148276, 52.849708038329], [85.50556464279391, 28.952851734165197], [16.863198691689085, 24.375291114996845], [73.52827352923354, 73.10183413751491], [68.9840966123878, 88.87135234340546], [93.41651091066085, 92.69033644338374], [14.033726150490434, 30.513253015803276], [1.8942669586132332, 11.511504725540366], [80.37350712757116, 52.27724152877335], [35.65266258604042, 76.55507058742042], [93.43391170944535, 50.60190742138735], [4.513488440107483, 11.22793521053741], [82.55674312006862, 44.79379759428315], [54.19332004547197, 87.24382020719518], [19.378687925479987, 71.9449161625088], [66.32933922046986, 21.838671177862857], [45.112830160373406, 48.10935223740185], [14.050930422023644, 57.767385101146495], [49.78734252467375, 63.20623024879224], [66.11178200305339, 92.7360933303201], [30.505860815966212, 38.08298332330145], [35.10688935961286, 89.70596539178968], [63.29981250799833, 87.98136331844192], [61.30372064648264, 5.8192615204712865], [7.022753871778686, 41.10766414170834], [57.59407707230962, 57.02652981823202], [85.70307243279626, 64.18991213871512], [25.120482633548626, 93.75518827413921]]","[[0.0, 27.159548625976036, 25.904405798417585, 57.92167754504061, 36.61084591193797, 35.381017242444706, 16.22181281381256, 60.906232932078, 48.109822869831675, 19.400298269274455, 23.71917326772994, 61.659888217927396, 50.18202208602013, 32.73405416481645, 23.55190164584369, 56.18325553899902, 38.13794807176067, 59.453063332655354, 42.453077985032344, 54.585143328802545, 49.759282878917006, 56.4252607758685, 37.1536660165161, 57.810958393871786, 33.66303753960327, 48.35018965678343, 26.76838179019586, 38.13300953192216, 57.241339201594975, 25.633356183478348, 37.37400503543274, 46.59654081618855, 36.350659822703044, 48.682149671680264, 27.662241799318952, 8.094380548360549, 58.56636045509964, 59.073477385037734, 8.149415567466795, 51.42051035530615, 29.281720922872232, 35.35569442056839, 45.79399988935445, 62.026902557143316, 46.615548370359214, 11.904288924701989, 31.806530167872328, 72.68285834233153, 68.87174187820308, 22.418598198520563, 18.699477626136872, 45.965403641970056, 70.29120706619005, 38.89744712292769, 44.93174145703917, 29.678666147979655, 32.76356984879209, 41.234281215236464, 51.2746288738728, 47.120512461974435, 40.93752479716281, 45.533922726837545, 62.6107307906881, 18.90393412511138, 61.23249860703896, 27.383943170820565, 46.35711618203239, 35.51178499297947, 49.53300543060477, 62.07451694976362, 47.42135176004677, 65.17854135458093, 23.337222851234827, 44.12895164983955, 34.59356691297704, 62.96408813050967, 22.57436631050348, 47.587510671082484, 52.01166646370272, 19.149687916922943, 17.342606497811783, 49.687599307619614, 25.484935387693127, 52.96264334866731, 30.041543674127308, 55.74260879907174, 47.99061512355166, 34.26418912735563, 53.46862857963835, 17.197063609275293, 34.8960039286116, 64.28147586473328], [27.159548625976036, 0.0, 52.61010436015638, 78.7954874482815, 61.58703372336159, 29.66375140036591, 24.002613318854355, 59.386762251560945, 21.395792153352495, 34.5899166880047, 39.033465929321736, 62.267062137110834, 69.98041585166492, 29.125308521082303, 24.115737957747523, 33.15234461031306, 42.13641966504913, 32.7183071303959, 52.07679442091665, 29.34833319529082, 67.89609654748904, 52.445981465835075, 46.53808401975823, 61.01090017326274, 40.41472821778207, 50.307706567413604, 32.244132912035816, 58.52246246325506, 31.590967358205248, 8.992951143169206, 32.97661779592521, 59.226130624296765, 39.33615733346601, 28.054494417968243, 42.41785687600331, 28.88372231155879, 62.83079153581278, 72.8791328846634, 33.40618038403135, 24.418979559863725, 56.338552575613015, 59.903660120550555, 19.362924076419674, 58.75761368568889, 31.78226442865009, 38.59639842674389, 39.04808253830281, 58.394051993409626, 56.592653505908935, 36.43718013661344, 36.866463731373784, 39.69145770630428, 61.06136093935269, 33.39481178316309, 33.469393272697246, 39.68087419960063, 57.626059838082966, 67.04694361723935, 72.46746902845047, 20.92040470848251, 25.94405127981337, 47.975064017551134, 55.3644273936511, 41.16003440544559, 66.42867057392563, 42.74471122184166, 64.55084981717945, 10.191921040120954, 22.380533864717382, 38.06537186892729, 62.99027400585643, 84.2874663250611, 20.718272204063382, 31.46578954002546, 32.22187566489718, 82.51771521264278, 27.774412335127362, 23.427184287238088, 46.46553646999893, 44.923337920765796, 27.66754500023859, 52.28095575329993, 16.160691598974985, 25.986781449288845, 45.28178316212061, 38.12780136479391, 21.345362884861483, 61.084061845014475, 63.903450167533, 12.56987266800644, 20.31221768014558, 48.61916341759154], [25.904405798417585, 52.61010436015638, 0.0, 51.48993970311802, 26.076998254486632, 50.57263925280978, 33.686758591196394, 77.54445039656147, 73.84549791096879, 35.08321494706371, 26.731409612830124, 76.77123176386634, 47.05751805856016, 54.746385139330904, 40.22335952840172, 78.10379193565535, 44.81504263906259, 85.20281151686368, 53.68906115041834, 78.00514708684037, 35.90680916287845, 75.05247397928166, 38.84976981016716, 71.50310939218375, 49.70580095023612, 64.3798721854324, 45.973400564269404, 37.41705748331158, 80.87004067475344, 49.241113429551156, 58.83754184276588, 53.83056718754741, 44.64255820880057, 74.10740824510414, 28.27456191541002, 24.487030999152086, 71.32496647524172, 62.51129029516554, 22.970380625025864, 76.35515411232123, 11.00433966322491, 26.613159929918947, 70.30597086854638, 79.65667138507058, 70.76772107426903, 14.061621095243616, 48.08848309555813, 95.34224782192204, 90.8066949463304, 28.16380523726102, 22.99238436299428, 66.99651495505012, 90.65789632859851, 60.58080441181106, 61.2396204857215, 34.5604336892014, 10.9992451310524, 26.352959310007925, 45.49691404378847, 71.43589932011317, 65.51381232076403, 61.73506272505524, 82.46350891695796, 16.447608088347433, 72.86898328459867, 27.395507079773257, 46.64728789440272, 59.905227842980025, 74.92152513804206, 84.36062388081565, 51.026834373001634, 60.56333854120008, 42.07155551437044, 67.81132312054079, 47.807225212296075, 57.96094122158256, 36.605784308369365, 73.46317631144356, 71.97466114464683, 8.55625750627696, 38.02423389578661, 65.05295202664819, 50.56351656454468, 78.58395014541762, 39.81801313105461, 80.2484148716793, 73.74686449500467, 8.491334394659164, 61.54736453667946, 43.05512251467093, 55.11991098562273, 87.81874445043904], [57.92167754504061, 78.7954874482815, 51.48993970311802, 0.0, 25.42367800983369, 93.13854469205911, 73.79480031209056, 58.04919007854176, 94.32006452766879, 44.215773646364646, 74.83077870659295, 54.08908107359383, 9.1776425964024, 58.68251240402473, 81.28870836416145, 111.59882416524273, 92.78823510316386, 104.00589776102191, 35.79387120010621, 108.11542888449094, 86.48978518124967, 61.221394487014855, 88.60538573518778, 47.81296957661097, 44.35610265779316, 49.18303329816477, 49.66423193230902, 20.33923395498987, 110.22540851079211, 81.38904154901446, 59.23380778855137, 28.03715473251924, 91.76033761072479, 83.97845580229828, 77.58640013688355, 63.78061579260276, 45.736850060264906, 22.875513886692353, 49.781519113237295, 101.59411402817946, 40.559012530914906, 25.184875606733694, 97.79780227077242, 61.79726424019454, 74.92336821737823, 54.39009159410059, 44.55535188062456, 87.7961589063837, 81.75073954298284, 75.15963385392608, 69.70814485045702, 62.520765988589304, 76.89151057463165, 60.70045144207061, 102.85331124954094, 82.71615117673129, 61.23890447172398, 26.584765813074437, 6.654021146718808, 99.47312527582024, 73.09559548997944, 48.36520137077579, 69.40363114014654, 64.56724404703151, 44.30648150381029, 76.83215862684175, 15.669061699036472, 88.90454262650674, 97.99109194428529, 116.81739165514107, 20.9147923507888, 9.359979929382197, 81.25889891800874, 71.1227754814528, 91.88921099893977, 6.735871965242991, 79.56507155976189, 88.62240041052593, 62.68870176588497, 56.52745598477025, 51.22715834376176, 48.05263708084221, 65.94340851016284, 99.51904683563157, 34.2971695247455, 83.42973429089109, 94.00284035163003, 50.364249338844694, 31.5661645920663, 66.27028064949972, 92.32360631749695, 85.11273936612123], [36.61084591193797, 61.58703372336159, 26.076998254486632, 25.42367800983369, 0.0, 70.37682152431931, 51.225632382834355, 62.85852437272765, 80.35496163468058, 30.065010134514324, 50.09251125039527, 60.59446843684205, 21.571534632310954, 50.07828721665824, 58.71304949832944, 92.64041396962446, 68.29437925995826, 91.15601596915165, 37.05670856963855, 90.4640142524319, 61.422026005966536, 62.86645468989187, 63.577943438371285, 54.48659346913961, 38.88819081542311, 50.57325513156311, 39.84472830971303, 15.006806265540739, 92.94348729736836, 61.96253737086015, 52.604825673181665, 33.72129025850372, 67.51327378097288, 74.44799833831884, 52.595253562518046, 40.853650837835396, 53.48051352531456, 38.84225994004846, 28.806372605320934, 85.81235189234525, 15.215071402447037, 2.3269584833931125, 80.9286129228828, 65.86825789839637, 67.68156432220546, 30.304441524362257, 37.99931878838882, 87.38743880134972, 81.89594996685823, 50.69748087868865, 45.1879884142424, 58.9096582556678, 79.42134717635429, 54.380429149435145, 80.60531881582521, 58.068910751314135, 36.083744425960234, 6.688495220909911, 19.467712513395202, 82.43251071071853, 63.99094664356925, 48.51840492588249, 71.13989705803658, 39.627539487669665, 53.91453138114872, 51.80543499712278, 22.832739294427608, 71.06783036401187, 83.02440629663693, 98.39283221193183, 28.68780097067932, 34.4964355618119, 59.30043120179353, 64.04069638507369, 68.59995611379303, 31.88863866607702, 56.34144326542196, 76.82015582192201, 61.80948533470075, 31.369869436491758, 36.647562057458956, 50.45665600459776, 52.43199544182504, 85.5516531481006, 26.22981987549971, 77.19793863985788, 80.12204063396108, 25.812213537984764, 40.975063785332786, 49.30694684200679, 71.43597709601596, 82.01276030647895], [35.381017242444706, 29.66375140036591, 50.57263925280978, 93.13854469205911, 70.37682152431931, 0.0, 19.347875025300983, 87.46036695880441, 44.14285281754254, 52.98759787503419, 25.153437771497156, 89.7098284754975, 85.55322028011578, 56.4984135626445, 11.853588886403148, 31.671560654750685, 15.310885592421307, 53.167290020060264, 75.03032742792203, 35.15174251974207, 48.12662796668123, 81.04296532678437, 22.848104758795923, 87.42802229881771, 64.30350369690913, 76.895736952989, 56.02762376897396, 73.50949394961626, 38.16811566319856, 20.7456322230869, 60.92042934259273, 80.55610475418062, 12.64186383654154, 56.79176983779619, 25.943724903358902, 29.56722104489074, 88.83811567266544, 93.64450419381686, 43.4387688152224, 39.758007104137725, 59.16552073486059, 69.52949322945966, 33.24645079245716, 87.30821503045362, 61.442979132213964, 40.31531209068112, 62.58397558494595, 87.8731719362643, 86.24429835246183, 22.982385493908293, 27.656695399305548, 68.47713833459227, 90.65236938206367, 61.69475083017986, 10.669525350647518, 19.633334744735013, 49.5801283493915, 73.76424345644799, 86.48456204767307, 33.19475609170384, 55.59688597812654, 74.2736011159561, 84.67988434584123, 34.245280382617274, 92.10004829842629, 26.7706205428361, 81.67050020368522, 26.52643839385241, 41.544766527449134, 37.952540787405916, 82.2919298985509, 100.55178946877626, 12.548659107576743, 61.05299818003355, 4.211642256152338, 98.31867408865332, 14.193256771406416, 50.37039478299055, 75.2894287736718, 42.154859962607766, 48.02493077274334, 78.68426362143913, 43.7164260579326, 46.357747363648556, 64.36527699369223, 67.35429654525598, 44.358566752153834, 58.12072154027488, 86.7332014728327, 35.15715656585848, 11.74069011984605, 78.01086375893635], [16.22181281381256, 24.002613318854355, 33.686758591196394, 73.79480031209056, 51.225632382834355, 19.347875025300983, 0.0, 73.28582893459583, 44.66466700370071, 34.828992503927815, 15.03276274007461, 74.78380280421788, 66.27800617497944, 42.907333783707074, 7.521098015370524, 44.42939411656429, 23.145417248653867, 55.648160078568935, 57.605608714853204, 44.75995911164537, 43.93040315434889, 67.76635760610932, 24.523625008134267, 71.65959690365344, 47.71611088818441, 61.55278750839787, 39.87173000749297, 54.251491805809955, 47.71094911298567, 17.342041558969708, 47.63221469338725, 62.40006907697112, 20.9566149944005, 51.27099383478566, 18.51401870368529, 10.396959462772834, 72.73753607226892, 75.136091583954, 24.160507419997714, 44.68798726447615, 40.93112679279832, 50.29150880623543, 38.19047639452434, 73.79121368222901, 52.580663187708076, 21.650708095405733, 45.89848245919672, 79.65236162703415, 76.83485931228435, 12.46010584535048, 13.374470880469952, 55.96769721535582, 79.75351914620192, 48.804038303416625, 29.38183050407805, 16.96955095085826, 35.7483996608995, 54.94535369547141, 67.1410190960741, 39.04365213180907, 46.5014984692992, 58.79216711396385, 72.78393784986714, 18.882460549667673, 75.70613340557193, 18.78527888557197, 62.573355088241925, 28.10298274366655, 44.31558169995463, 50.710342405559786, 63.56736740447685, 81.275700801195, 8.455019592899601, 51.08521420081203, 18.372261081107332, 79.0191654826915, 6.658796679803649, 47.408193121432404, 62.577113430113464, 25.15472724440985, 30.938888644986573, 63.13791725445923, 31.780228936027942, 48.63279286294552, 45.938121025334844, 60.45012198681474, 44.69610135158552, 41.90627701804086, 68.99778658563193, 21.852735553897276, 21.4579931248175, 70.33091064412183], [60.906232932078, 59.386762251560945, 77.54445039656147, 58.04919007854176, 62.85852437272765, 87.46036695880441, 73.28582893459583, 0.0, 61.076317506070666, 43.294796912985674, 84.52647587124267, 5.131212399288081, 50.637990888433464, 30.967909418910068, 78.17953148383401, 88.09753520148824, 96.3078078355119, 65.87000801207755, 25.804968327266486, 81.39021033840713, 109.73467009909872, 7.852167571063724, 97.29154758838331, 10.419479699797536, 28.094013417300605, 13.167281995475232, 34.13907201138431, 48.45723175871212, 82.04117987408573, 67.37965843125373, 26.583829779204606, 30.9398992857463, 93.91255029226511, 43.59468490456418, 88.50241852473422, 68.84179786723368, 12.895712450701703, 37.015712532779716, 57.393409299039234, 71.14792979659171, 71.68932866418444, 60.604180449420426, 71.19757948830666, 3.905564105178868, 33.057417774986675, 68.49948833868339, 29.85341992569697, 31.368240804233267, 25.2952186854936, 82.96380655860595, 79.60484251466684, 20.073093361847913, 19.052444504040533, 26.001228406584794, 92.7803269054727, 89.63383116775931, 88.06192682270337, 69.183151310163, 55.65672504965085, 72.93134574747073, 36.308053195547224, 15.864878934583475, 12.775159339572673, 78.97473501514142, 15.811976269807884, 88.2650298880161, 44.571158811591864, 67.57549261107675, 66.3001892623261, 90.76671990900203, 37.95514721181891, 56.29692843928132, 75.77491960917476, 30.796185083887952, 88.90939119816815, 56.44204643469973, 79.7283858469606, 51.86523260748832, 13.88753080994808, 75.61088826723098, 43.56536935277412, 12.634621698421737, 43.8392745559971, 64.97800997878387, 38.288563337318195, 36.384156311804496, 60.63801913663807, 82.83623731687645, 26.551491183979856, 52.50569476511932, 79.60469360267757, 32.25993639618265], [48.109822869831675, 21.395792153352495, 73.84549791096879, 94.32006452766879, 80.35496163468058, 44.14285281754254, 44.66466700370071, 61.076317506070666, 0.0, 51.11468811886336, 59.49426614945416, 65.22315136874131, 85.18762336197912, 37.12707092818196, 42.95700261313516, 28.564604727331165, 58.88517992303261, 11.357502294140959, 62.69665101217127, 21.004247262588102, 87.96412054626671, 53.2679701639811, 64.86603047249076, 66.07008201106441, 51.42854419102363, 56.11447996795912, 44.78892425119377, 74.72356201371336, 21.148366691264933, 27.551377334209647, 38.73740257853493, 70.826813499578, 56.04713851368756, 18.281927235979666, 62.56223351929692, 50.278871170389465, 68.43594641454482, 84.07707960777968, 53.50484950004544, 10.208774496734137, 76.86369039428125, 78.44914942538533, 12.824773469368486, 59.127479990176155, 28.10344933284122, 59.79105165174851, 50.66919919011884, 48.75603277060624, 49.20309492176371, 56.824036720746534, 57.88083381376791, 41.58115582472607, 55.93480469567428, 38.10791261291098, 42.901990716000576, 58.826700696073374, 79.01348895315326, 86.28328396826774, 88.44529544686617, 14.054407400174826, 25.212423926881943, 54.56994128567888, 52.87335179007718, 62.471994870445606, 72.2967758723519, 63.00255572212698, 79.08326197411986, 17.891654921397024, 5.3121184652426585, 30.04116068722216, 76.04681773724529, 98.41578248667876, 39.47530630610133, 30.350220672162646, 47.81532346361879, 97.01594466771981, 47.1962883353096, 9.57493416793821, 47.194994038769416, 66.28567108036441, 44.08867577070032, 58.19527716282646, 28.510325871342612, 5.234738242632749, 60.025318631067144, 28.671869485913447, 0.44212760233724036, 82.29002652068974, 73.6325400898612, 31.647876063761732, 32.45212498769077, 39.02755932236581], [19.400298269274455, 34.5899166880047, 35.08321494706371, 44.215773646364646, 30.065010134514324, 52.98759787503419, 34.828992503927815, 43.294796912985674, 51.11468811886336, 0.0, 42.77955198222481, 43.328239829832, 35.39947720088185, 20.88523218051356, 41.57247854240489, 67.53943007782237, 57.43912114986413, 61.561892325078546, 23.053014431910086, 63.89965756422817, 66.50104861289432, 40.106561823872944, 56.487700562571575, 38.94562981065227, 15.22274083934455, 30.247597928504902, 11.117662093062307, 24.008236623267372, 66.02433055508817, 37.88379587715635, 24.35382689343977, 27.62038804302209, 55.537463177075935, 44.419057970926254, 46.62613199299305, 27.431209888495786, 39.47986892232997, 40.678642127747665, 14.201112821364239, 57.65090720631883, 31.766208052005624, 27.952757650848316, 53.61397390784509, 45.02560012486104, 38.263404204604726, 25.22082472103685, 13.441802420666118, 60.794146106434084, 55.981343332108025, 41.701667796557075, 37.52059447434855, 32.120919213024195, 55.57489888287583, 26.1523496222172, 61.45116202779137, 49.063654562341135, 45.1284533011534, 36.48500306278132, 37.94573765740293, 55.27602586206026, 34.115746031712185, 27.47008629853322, 47.38689282776264, 35.97358979532938, 41.97569421791929, 46.24451845009181, 30.160742791184926, 44.72762153104453, 54.32167408274263, 72.64078520972753, 29.56874909549114, 49.86151224398248, 40.45288095469542, 34.805194838932785, 52.908836824893264, 48.006516428994814, 41.440998430738745, 46.886549551361284, 36.893756871329295, 32.341477072919524, 7.093520832103472, 31.296119238038703, 22.69992047880209, 56.34886922934983, 11.454755903245523, 47.90037366450265, 50.84257978233259, 41.562174203046375, 34.191870644326215, 22.109855363589674, 49.64436803474158, 54.009111171801315], [23.71917326772994, 39.033465929321736, 26.731409612830124, 74.83077870659295, 50.09251125039527, 25.153437771497156, 15.03276274007461, 84.52647587124267, 59.49426614945416, 42.77955198222481, 0.0, 85.3737800672662, 68.58654900631896, 55.37506407360496, 17.60716770637599, 55.5754795005273, 18.297477730384724, 70.31734832763108, 65.70147279994889, 57.34916948914134, 28.92466337085061, 79.74920429430041, 14.157365897440878, 81.49967459727989, 57.368739892152725, 72.0598419631767, 50.404666340842375, 57.10953185561167, 60.38555214551535, 31.969586313772684, 60.11590546691746, 68.9807388489751, 17.92077949972029, 66.14001955117291, 3.9920281742213155, 15.69033100046142, 82.19240473987938, 80.53435807039146, 29.18814463814169, 58.73870169087022, 36.684571397364785, 49.82812226351287, 52.09454031213108, 85.50255977862352, 66.80179754038667, 20.69239310516135, 55.51260227193699, 93.74484014590293, 90.57085596366353, 2.694696191411746, 5.416498325554047, 68.6646959648745, 92.85534659060117, 61.482564817478995, 35.660450129678146, 7.999730684917036, 24.431178458563704, 52.08532035816985, 68.33741243914572, 52.731537846051324, 60.76557684915507, 69.24451338087925, 85.4896703247286, 10.582092308116142, 84.75454829948536, 3.9335378265367527, 66.20248069638743, 42.425607155801934, 58.81289677201308, 61.95956880018708, 68.6384690084981, 83.24606970843473, 20.732801632075073, 64.99601465588034, 21.780666625747916, 80.77860353864047, 13.123046447093616, 62.44044187120395, 75.01203754278208, 19.06431052492439, 40.99007038861515, 73.40674093920748, 45.55470129230154, 63.26806387282063, 52.54920271472325, 75.03043315470097, 59.54618352895866, 33.53380197363081, 76.22602910036741, 35.655520208798244, 32.66058290772817, 84.64927586171977], [61.659888217927396, 62.267062137110834, 76.77123176386634, 54.08908107359383, 60.59446843684205, 89.7098284754975, 74.78380280421788, 5.131212399288081, 65.22315136874131, 43.328239829832, 85.3737800672662, 0.0, 47.05342836660555, 33.35501822077701, 80.02947974419635, 91.81470606050424, 97.90514506650162, 70.43522365801363, 23.74624545555527, 85.28291964858307, 109.7961962386168, 12.508176548327198, 98.45712545186176, 6.368961162460408, 28.17188284769716, 13.320364084241263, 35.08242771619058, 45.89012013943244, 86.05003807900314, 69.96512418705007, 29.29050157539887, 27.734794041184575, 95.59120329809713, 48.04314392603738, 89.32212764470275, 69.69546290209604, 8.391011934103837, 32.51413696263194, 57.52722049327092, 75.20884566592572, 70.29851109751603, 58.39058719167703, 74.95415974325729, 8.88842788813649, 37.39029022415787, 68.50596128041491, 30.008140000433933, 36.35014712132841, 30.309902947374848, 83.94550714389395, 80.32235706122917, 23.768552945527805, 23.704541635072747, 28.978016233896906, 95.47839521879547, 90.82622579037253, 87.46750025817121, 66.75020986453448, 52.09505771170784, 76.70754636837074, 40.20156969452316, 16.132025553345652, 17.87239827087044, 79.27274118094422, 10.854558310706143, 89.03457421486665, 41.232792330014405, 70.82395796149004, 70.39649798802972, 94.69910127152691, 34.51347413963897, 51.85108394517744, 77.78429496693686, 34.87293414557935, 90.95042205439216, 52.12568305738267, 81.32004033181069, 56.15436810418455, 18.165263611099803, 75.39942510647452, 44.425578777161256, 12.038890737111378, 46.40742945712411, 69.27710212769567, 37.0646556130595, 41.25147741165554, 64.78814515716051, 81.63289208680702, 22.530051177027453, 54.5804958652686, 82.32733663715493, 37.38514026313758], [50.18202208602013, 69.98041585166492, 47.05751805856016, 9.1776425964024, 21.571534632310954, 85.55322028011578, 66.27800617497944, 50.637990888433464, 85.18762336197912, 35.39947720088185, 68.58654900631896, 47.05342836660555, 0.0, 49.51622960829204, 73.7077611211063, 102.91669292409568, 86.19630471402667, 94.83422836625864, 27.1444399715297, 99.25242627059254, 82.79316840786181, 53.16376213340891, 82.59376214300445, 40.691517059855336, 35.229875072237185, 40.887083370089144, 40.49744802154685, 12.054800084410239, 101.31367671746833, 72.91888020591338, 50.1418420891059, 19.887021457275456, 84.98304849010417, 74.8299676816249, 71.60026232645713, 56.534126076268265, 38.87627915937596, 18.618328552183694, 42.12196358066354, 92.55762057608001, 36.55468751952276, 20.544646909565955, 88.87050634938741, 54.26482717429267, 65.86021737186276, 47.91668483816474, 35.39382135838709, 79.60198492577447, 73.61402274823283, 68.66792310696908, 63.31814417162939, 53.693448667910815, 69.18281601536562, 51.63358482599924, 95.02073707770909, 76.32246079559275, 57.46540042181386, 24.96808933810034, 5.043510744880984, 90.56004814705125, 63.943454912775515, 39.84898868157934, 61.4594873010455, 58.64424531580829, 38.01403284152137, 70.89837312734042, 6.651055054912197, 80.12681644404117, 88.90456373629353, 108.03880251976095, 12.725656920042377, 14.998962348309442, 73.4519393501703, 62.055883782501645, 84.54811062720363, 12.8200585682759, 72.27963823914438, 79.44528533793883, 54.215452957588816, 51.00517985920989, 42.339101934619926, 39.92301686644023, 56.85470906196374, 90.38055178934631, 25.186918307134363, 74.4693268077594, 84.86733765481155, 47.38292386802989, 24.72848368632162, 57.50597674817131, 84.12485325735246, 76.49534228476224], [32.73405416481645, 29.125308521082303, 54.746385139330904, 58.68251240402473, 50.07828721665824, 56.4984135626445, 42.907333783707074, 30.967909418910068, 37.12707092818196, 20.88523218051356, 55.37506407360496, 33.35501822077701, 49.51622960829204, 0.0, 47.349652947262264, 60.41501354686035, 65.67003039851731, 45.75373105195595, 25.570302920116966, 54.766463620472656, 82.48556385004024, 24.904871768241442, 67.29837165570754, 31.89021948665423, 14.539617514692718, 21.191689206823423, 10.233683826923391, 40.5092536057715, 56.118602235143925, 36.611565555416135, 4.74989055462361, 33.74743277670266, 63.19505102945791, 25.38083058723236, 59.36016607355418, 40.02579492274161, 33.76160578149231, 46.951994337440155, 31.977368535599325, 45.950720727418144, 52.56451235627024, 47.83476648254541, 44.065533302665855, 31.036365773468415, 17.60346900190506, 42.74776852956684, 14.131834521331733, 40.625627690822036, 36.356278660921, 53.50522978870306, 50.899226341366116, 13.300592730561572, 37.5944210050671, 6.164710557525044, 62.13742254911386, 59.64905348564837, 63.9059769527579, 56.691415992475484, 53.37340818530946, 45.85853001419198, 14.49872767020156, 18.93687470290255, 30.11526650087935, 51.62172428539801, 37.421555646448, 59.25536180159024, 43.073750504015926, 38.27181610403917, 41.604727306279756, 64.18272831575196, 39.296906365331736, 61.829451215549405, 44.84978029351219, 14.000816284795599, 57.961577000135264, 60.63270838249355, 49.165901821728085, 30.20957615760069, 19.707051346311125, 50.37292443343091, 16.738419203209254, 23.18416379156231, 13.074823734154272, 42.094323453283955, 25.289608738367757, 27.158800294759104, 36.75005708262917, 61.86734880041138, 36.661391060012434, 21.59762305499077, 49.00222837834065, 33.25103621029884], [23.55190164584369, 24.115737957747523, 40.22335952840172, 81.28870836416145, 58.71304949832944, 11.853588886403148, 7.521098015370524, 78.17953148383401, 42.95700261313516, 41.57247854240489, 17.60716770637599, 80.02947974419635, 73.7077611211063, 47.349652947262264, 0.0, 38.48734622814614, 18.58230907335092, 53.39141483947942, 64.01488500423815, 39.79430244848553, 45.107731876215574, 72.22663860366455, 22.43608094429531, 77.2920245291062, 53.67234582470074, 66.95211727155439, 45.56777304107355, 61.66771797971526, 42.82149940387156, 15.695881251703996, 51.97262860365646, 69.19239558811586, 15.953125008350073, 52.16218817797711, 20.015174684825894, 17.859917699698524, 78.53029849257118, 82.12327156613158, 31.588887571614354, 41.321110087944156, 48.0727674314134, 57.8010727932416, 34.6391966242291, 78.3858210235647, 54.94047205302022, 28.921144232429608, 51.897063225414925, 81.94668776834641, 79.62353925252236, 14.954930558963149, 18.156778133888537, 60.00845646805182, 83.20407623875937, 52.966223907111896, 21.8982524497288, 15.888141023880573, 40.938524053366464, 62.32614770421915, 74.63468729843625, 35.19867683300853, 48.887828660950746, 64.24744704901073, 76.64364458725262, 24.48335745035738, 81.64492846391718, 20.591507175520583, 69.88476212676477, 25.346707389575275, 41.73550091789539, 44.85372290161355, 70.66447276452988, 88.70668986899456, 3.4983399877576917, 53.9223741477604, 11.349137917908683, 86.46819731997105, 4.494738595942073, 47.16164810883393, 66.75305842654367, 31.674175811511972, 37.0684348200675, 68.639966648824, 35.24726694146368, 46.33394915722564, 52.85492228889938, 62.042304897976464, 43.06151119595453, 48.199459812334474, 75.58246156421166, 25.763901981111008, 15.332902476187188, 72.33722629968436], [56.18325553899902, 33.15234461031306, 78.10379193565535, 111.59882416524273, 92.64041396962446, 31.671560654750685, 44.42939411656429, 88.09753520148824, 28.564604727331165, 67.53943007782237, 55.5754795005273, 91.81470606050424, 102.91669292409568, 60.41501354686035, 38.48734622814614, 0.0, 46.22171640710262, 31.223692138874068, 84.8204793464967, 7.958178429148808, 79.7248669519401, 80.46243312063216, 54.33198479021732, 91.71858424210076, 73.11239113267087, 81.2172740808931, 65.15479197071417, 91.26378301580554, 9.563024945386427, 30.684263128049707, 63.3566751227988, 92.22051258774735, 43.87230812367678, 46.72169604435106, 57.09743549708375, 54.00749024393369, 93.83687538059475, 105.86855870114863, 63.83405943064332, 18.741418490962268, 84.64442464819328, 91.21727864435307, 16.90864432611351, 86.56391865456764, 55.84094723554158, 65.40054730573976, 71.8704130250583, 77.15458592088585, 77.76657919269243, 53.06741268846654, 56.64362278229583, 68.09041374288964, 84.43271258031447, 63.230051268488204, 23.90414719172032, 51.14647417163413, 79.42074729953082, 97.41700322239613, 105.16423762271442, 15.202984993224428, 51.8107700117609, 79.21333579974595, 80.96238369162064, 62.90124394471566, 97.60445256472924, 57.85510200375449, 97.6305072393832, 22.9707386561274, 23.39394696241516, 6.384411847250541, 96.1375052599722, 117.36369100499218, 36.142946462893505, 57.44815418298269, 35.83136355340559, 115.54367435731722, 42.73341521149404, 38.06432045855046, 74.29244043054332, 69.58258811126203, 60.7371347756322, 83.27954443747097, 48.389482912188186, 26.890625273923305, 78.40930118149802, 57.23646441512602, 28.99119220501896, 86.33100136892811, 96.51982102144002, 45.437192474262886, 23.167622334285888, 67.52836740152762], [38.13794807176067, 42.13641966504913, 44.81504263906259, 92.78823510316386, 68.29437925995826, 15.310885592421307, 23.145417248653867, 96.3078078355119, 58.88517992303261, 57.43912114986413, 18.297477730384724, 97.90514506650162, 86.19630471402667, 65.67003039851731, 18.58230907335092, 46.22171640710262, 0.0, 68.29766134294258, 80.42697514766202, 50.308931634763, 33.7853199598259, 90.57483642611949, 8.552624292734894, 94.80012708478914, 70.81334729065065, 84.69088888043207, 63.01625297399664, 74.47278961480124, 53.297082127917115, 33.261591152725046, 70.3425126527349, 84.72063079832779, 2.849637253808978, 70.09429407250182, 16.649362845351206, 30.422607123144967, 95.85322436469653, 96.97753922636971, 45.17821739562102, 55.01762111498608, 54.96769540221223, 67.94192172332002, 48.45456977611465, 96.67880682173912, 73.43193325597761, 38.402673401495505, 68.98606393398737, 100.36925832393263, 98.16325861823492, 17.63688920376458, 23.1243019453909, 78.48581275917348, 101.783950944441, 71.39899094727443, 22.810325658040995, 10.307584840948564, 40.71845336364482, 70.38258574346594, 86.23521635611972, 48.466808286182925, 67.39939784668765, 81.93420690190482, 95.17539030921846, 28.8790164227091, 98.7771035236911, 17.557848854814793, 83.35282077277895, 41.03184145878396, 56.61262534966619, 52.31675719896751, 85.18468764920968, 101.0097962137256, 21.641630311630347, 72.48941379849047, 11.235426426677845, 98.58888405223843, 16.588892931372012, 64.38881768324168, 85.19915756644352, 37.35756569335622, 54.02231252539632, 86.28282027401748, 53.79345151498512, 61.41055979032334, 68.15707479656965, 80.2590367639964, 59.06853694571502, 51.03049990058556, 91.59371253251967, 44.17577284542404, 26.86400360571578, 90.68349613799546], [59.453063332655354, 32.7183071303959, 85.20281151686368, 104.00589776102191, 91.15601596915165, 53.167290020060264, 55.648160078568935, 65.87000801207755, 11.357502294140959, 61.561892325078546, 70.31734832763108, 70.43522365801363, 94.83422836625864, 45.75373105195595, 53.39141483947942, 31.223692138874068, 68.29766134294258, 0.0, 71.08799631232198, 23.32008540288348, 98.4991000027301, 58.035990282657615, 74.80016474026691, 72.17920691078449, 60.286899930579025, 62.90219411931471, 54.345932284264265, 84.7914575685351, 21.927056278921444, 38.36671347237497, 46.500629974439406, 79.39203140174699, 65.50056842874814, 22.49688629426648, 73.23947794602816, 61.58724702276237, 74.70420793018617, 92.27305301107587, 64.71716399034405, 13.880860805129519, 88.1147402463448, 89.19522477440121, 19.97300643972853, 63.38460967700538, 33.24074027280207, 71.14775350327248, 59.746416301711896, 48.01699642179492, 49.85831308166401, 67.63128989667284, 68.94823441310314, 47.61304989906667, 57.49491682718438, 45.545673067706495, 50.19512609950845, 69.1417746030448, 90.29835008245986, 97.1965742719586, 98.32900431277821, 20.31366623162097, 32.21633040979654, 61.73411462355578, 56.03620320876486, 73.69251872239359, 78.56804187657193, 73.72419884430784, 88.55861587050752, 28.04481705547015, 11.733215561186089, 30.307973173849035, 85.04666749177542, 107.56560673687038, 49.95845004178603, 36.32274735679553, 57.08216437344925, 106.31330915039834, 57.74444301837084, 15.559397314530626, 52.294223082412245, 77.6305190952869, 54.64026477687782, 64.94204274099947, 38.864131084098716, 7.060270612537442, 69.83171358226971, 30.359978022195538, 11.462841863621561, 93.6459808176512, 81.44217959500531, 42.86515310409109, 41.456835327535764, 39.16032376919809], [42.453077985032344, 52.07679442091665, 53.68906115041834, 35.79387120010621, 37.05670856963855, 75.03032742792203, 57.605608714853204, 25.804968327266486, 62.69665101217127, 23.053014431910086, 65.70147279994889, 23.74624545555527, 27.1444399715297, 25.570302920116966, 64.01488500423815, 84.8204793464967, 80.42697514766202, 71.08799631232198, 0.0, 79.73359833028668, 87.87942027729652, 26.599000427862887, 79.51091674045354, 17.973645156304826, 11.708088214191836, 14.095815559876128, 19.868104706540993, 22.766678897421517, 81.28733120843997, 57.71679606496808, 24.699824217163258, 8.388338802325343, 78.46000311353389, 49.66318977673485, 69.49100681117564, 50.47556587659029, 17.63594400374356, 21.397336513540917, 36.64263746487423, 71.3732471177736, 46.65639156017137, 34.809449229241714, 69.0152568970781, 28.905113842644692, 39.8609909784377, 46.96537110348505, 13.035067520511937, 52.658618741853644, 46.75477132757387, 64.71421000809012, 60.38007056704073, 26.789656404475416, 43.055545859101514, 25.88951289363988, 82.6721977036208, 72.11206876180766, 64.56491710147482, 43.38725434830117, 31.86221007322647, 70.79812711276618, 39.034902738586624, 12.740952812500634, 34.98602006976344, 58.22032772355943, 19.419650253396135, 69.06433735591965, 20.54236862450043, 62.027143710372165, 67.12113056599146, 89.04803672249257, 14.974648415517521, 37.171974759210585, 62.514381824099495, 36.12799034787236, 75.35260796549076, 36.35483809990092, 64.25695717197677, 55.53473600840172, 27.099037454891043, 53.26494704210773, 27.008287186496016, 13.58174159391436, 36.43868307167489, 67.65647268317966, 13.964778604751714, 47.885045533737504, 62.32026664871462, 58.08690899489043, 11.887293078975683, 41.13250960510725, 70.1181735528329, 49.36132901047926], [54.585143328802545, 29.34833319529082, 78.00514708684037, 108.11542888449094, 90.4640142524319, 35.15174251974207, 44.75995911164537, 81.39021033840713, 21.004247262588102, 63.89965756422817, 57.34916948914134, 85.28291964858307, 99.25242627059254, 54.766463620472656, 39.79430244848553, 7.958178429148808, 50.308931634763, 23.32008540288348, 79.73359833028668, 0.0, 83.11388223784289, 73.66983088108054, 57.98475670326909, 85.53052833447802, 68.06349412893668, 75.1760523965881, 60.38821628162652, 87.86346649816481, 3.052178448930627, 29.054582212490374, 57.35291273712684, 87.40030504069243, 47.748911082149675, 39.27481352437544, 59.35190081610163, 53.556557817711855, 87.7415249817998, 100.99298084446006, 61.801961979260405, 10.938443196776628, 83.64849024861955, 88.89126663905078, 10.722674305987121, 79.6811951676033, 48.76006199137735, 64.70940505050201, 66.94864022950395, 69.34767154356058, 70.11403287044051, 54.72751436527199, 57.676664177728135, 61.51438924218534, 76.93671872481428, 57.07313310955556, 29.195558280168086, 53.8948250561433, 80.41264079291125, 95.60799982401244, 101.80963094226921, 8.936074414021459, 45.10154831795819, 73.31165241906973, 73.75995663199696, 63.60928343613905, 91.55249553825657, 60.03586996303077, 93.69275518775075, 19.427067008869447, 15.733069472893929, 9.456527009946145, 91.73258168572184, 113.40847650160018, 36.96236210711279, 50.613763877431595, 39.3590944019526, 111.70720546209841, 44.24250210992619, 30.572984515015484, 67.52317487910426, 69.61702963473073, 56.913714776352236, 77.25353473941473, 43.41122326734764, 18.97964944347015, 74.36187783366357, 49.61513648950273, 21.44038847984447, 86.3971517851511, 91.2603910856311, 41.91528039451009, 24.813237599392725, 59.78700221696437], [49.759282878917006, 67.89609654748904, 35.90680916287845, 86.48978518124967, 61.422026005966536, 48.12662796668123, 43.93040315434889, 109.73467009909872, 87.96412054626671, 66.50104861289432, 28.92466337085061, 109.7961962386168, 82.79316840786181, 82.48556385004024, 45.107731876215574, 79.7248669519401, 33.7853199598259, 98.4991000027301, 87.87942027729652, 83.11388223784289, 0.0, 105.88374525338445, 25.419325807972584, 105.12146026850759, 81.71990317918906, 96.7447834857806, 75.96817775433763, 73.30690977235292, 86.15511643428805, 60.44226983527587, 87.13327747300615, 89.09703434445952, 35.915650613312266, 95.03311564370541, 25.491390187942383, 42.70895939168159, 105.32221798985661, 98.3741603293772, 52.344386909765376, 86.20500048887023, 46.25593625209266, 62.25301932082346, 79.50219930889651, 111.2342326654863, 95.24964334285623, 41.29126347277278, 79.92156851920244, 121.9660927342311, 118.45013649173207, 31.47115720190865, 32.1418222304434, 95.72412031096677, 120.04981030648337, 88.65018406291884, 56.59257129259714, 29.501169338147253, 25.34203248712134, 60.14985859256856, 80.85790393783768, 