instance_id,num_cities,city_coordinates,distance_matrix,best_route,total_distance
886,84,"[[9.068761181954898, 1.478954971718105], [72.35118929545666, 58.4754511956874], [15.12670406564407, 22.988098853498563], [89.26984272656618, 17.44214959199225], [62.13454615873163, 63.97419718221513], [63.20841375592067, 98.25085742861232], [59.03309246535326, 65.27236502681521], [92.0426937590461, 32.18506953577523], [49.004688868263415, 16.996802080995387], [85.80255903612472, 95.0605983877124], [0.13517022620351815, 41.24845821594432], [9.027907238173693, 17.652165781094954], [94.96970461616442, 18.419440892435667], [33.53496878388857, 52.985404274105875], [22.284861236068064, 38.0310453790212], [43.11344706485178, 16.484599354127948], [32.68584811088099, 15.23856299455103], [87.5076201177993, 2.6470624006301735], [93.43648815378313, 75.6262638662193], [51.26483607444952, 22.04528939820528], [7.719523084449209, 99.41468934661076], [88.3637414212822, 2.2797614061770166], [67.29516554849363, 89.17934687990454], [64.47841883473873, 79.57396539434485], [76.5504077441781, 73.24561988305797], [68.77818806014034, 12.979947763436584], [28.069490440508048, 2.241831270286432], [3.3915194777491275, 43.556871936840416], [50.67890954365515, 44.761176919322395], [90.07114147880556, 2.8946090193264107], [15.273689346843788, 31.339468129799876], [48.247870938140224, 68.91941958111964], [43.094238312122876, 25.00505081024872], [19.844945862102527, 1.410300885952076], [9.46940810933058, 55.031530006583274], [7.6551037162776225, 8.545327823254356], [90.33471249858454, 2.6592369884446687], [50.607186247702664, 28.955592336317615], [62.13018075107344, 67.51885585425423], [94.33572162298113, 96.9542699664506], [85.43006445896249, 94.4483258183513], [36.56073757554383, 73.59205816381689], [57.87150435889906, 20.80185170171731], [40.99475171324157, 79.12373380983836], [19.300053961089468, 54.87711818482125], [27.152752081892938, 75.38482854907542], [88.04231635726656, 85.74064943549298], [20.473496712515594, 97.91731807168628], [65.49633715418226, 66.71619313951564], [4.562113434861226, 1.7929066333548183], [15.660512194524435, 60.318478185252324], [94.44033655918696, 78.09064850784425], [96.45502207509246, 48.06939327114004], [9.778717747888265, 98.60537382753462], [38.78250640939833, 5.721535905094299], [54.486645316732265, 0.5119296543750762], [74.66186298741275, 92.72365007662448], [17.308347476582785, 81.39477359168184], [97.30858427820262, 72.80685933255896], [69.632588547048, 47.46883971841186], [22.756851068970796, 61.99028281362368], [90.82566484838196, 19.28549040628439], [71.38354191891567, 89.74048984237382], [32.7947360879447, 36.39220024510891], [1.1529072728680312, 3.1241817063993094], [10.324822657188204, 6.849572491173451], [65.36247500172003, 4.330619993688245], [99.77114689007735, 98.55316508149447], [32.08787058873044, 11.765832673923848], [94.8810405504585, 53.156605954103], [64.72412509195526, 72.17061040115811], [78.7433817748919, 53.10468645711304], [8.422185123640624, 20.36295187410503], [41.94522218772695, 94.09769338183804], [99.14416076193876, 69.47073083420966], [94.64256699540641, 7.743481016205134], [15.768224378992802, 35.09077417015909], [15.548528901761859, 22.034724725640764], [93.89995251252519, 50.05163200303131], [68.04693349727815, 46.75185568660689], [74.9925747237736, 58.73939607535529], [29.002335353301245, 59.38970429127311], [79.83088929079773, 22.96748395700763], [44.79630211550032, 18.193153853535392]]","[[0.0, 85.16610998366349, 22.34596031745277, 81.7743056430939, 81.98556479131062, 110.88689321085863, 81.0310654444019, 88.47337994520542, 42.84485849052332, 121.01900560475163, 40.760549992084286, 16.173262408347505, 87.55542328215479, 57.022010085232516, 38.86798957733715, 37.20497278854624, 27.333013151690025, 78.44755615137274, 112.3197968778858, 46.94127020091304, 97.94502800547505, 79.29902384078116, 105.26952505974924, 95.75521298659872, 98.51003408407364, 60.80697734073397, 19.01603777351515, 42.45918239311376, 60.03961345149038, 81.01474983074459, 30.498383229204233, 77.99499283940705, 41.36677748313629, 10.776403372375258, 53.55407370896522, 7.2063897138021655, 81.27452189361576, 49.803678155417884, 84.71589434849419, 128.00777443653539, 120.30940343041328, 77.1758279386748, 52.48887577032856, 83.95225162093278, 54.369506034776265, 76.0861937285692, 115.48530456700776, 97.11037982586278, 86.25525244217553, 4.517570094888281, 59.20760655023764, 114.70683270347816, 99.03043741100886, 97.12901357514664, 30.015098674128403, 45.42817778917006, 112.37459405598972, 80.33946009281841, 113.46336995068651, 76.0463456329295, 62.04018537968438, 83.67355616503879, 108.04272504902619, 42.2120430772973, 8.085017879913167, 5.515543760124287, 56.365895797185225, 132.8545258603636, 25.213076978846512, 100.17148746761872, 89.97127141098565, 86.71660109905034, 18.895062836850904, 98.28068168743171, 112.85592228336556, 85.80280023379403, 34.27298056716327, 21.552889826631926, 97.75293333988544, 74.35092702042215, 87.31957001313955, 61.24542649044831, 73.95292862655212, 39.44390479426582], [85.16610998366349, 0.0, 67.334938078799, 44.38437421460175, 11.602413731958775, 40.81266084881676, 14.952248687197079, 32.847214735246716, 47.59766186039683, 38.97964010816795, 74.2423241644202, 75.3417459483618, 46.0008825646563, 39.20254570820428, 54.07967210095543, 51.167149706848946, 58.67510368637077, 57.8491693174978, 27.179775628297985, 42.0926475854371, 76.50668923426959, 58.43250274035129, 31.117400057156804, 22.519498576080753, 15.35549799366548, 45.63559104888988, 71.57575611472652, 70.55494361467339, 25.64700817966323, 58.33718130329678, 63.19970393392707, 26.26873486618752, 44.45488592722705, 77.54570896803594, 62.9760192318997, 81.72270620369129, 58.64176732693383, 36.663656877319916, 13.647424060347179, 44.31635314027099, 38.27668590879395, 38.85187563740408, 40.36039363898767, 37.54434381849282, 53.17302850809264, 48.25790887541371, 31.45794817730108, 65.16867230805117, 10.719086979006391, 88.3644140143213, 56.72062780546797, 29.54126592469607, 26.254157693547892, 74.3352196876373, 62.528649827033824, 60.65403334517793, 34.32605918976016, 59.62390271182442, 28.779520904809747, 11.337384453256483, 49.71873314381132, 43.32619615925889, 31.2800093194379, 45.30323347073925, 90.18291632589768, 80.70007131569395, 54.59400034227625, 48.560037322920266, 61.66784653065231, 23.149175196460728, 15.675761353998785, 8.348966317530698, 74.42768422393436, 46.834463529810094, 28.961344829496888, 55.41334061445578, 61.224791043547484, 67.4868044395805, 23.136765676642156, 12.488767338560123, 2.6545402389920456, 43.3584939408775, 36.28721054922052, 48.8050743945921], [22.34596031745277, 67.334938078799, 0.0, 74.35026942590004, 62.36663751125178, 89.31032210823057, 60.95678885999498, 77.46388668435236, 34.40368426931503, 100.9431605653284, 23.62597745924497, 8.103548882800261, 79.97360422336594, 35.195206242245014, 16.659215295031938, 28.732443151288333, 19.19319790005024, 75.18480413305646, 94.35676287281889, 36.150428417307026, 76.78469941655071, 76.10846786306551, 84.27828717279885, 75.08363365493537, 79.36428537840533, 54.57696238389599, 24.452470995373925, 23.680983583161726, 41.68964191272432, 77.5913463789053, 8.352662657023739, 56.627713345846225, 28.04016881232713, 22.08762483333373, 32.5389993331049, 16.260948521310624, 77.9070417688779, 35.97882146956547, 64.7480898527366, 108.37464155192869, 100.24533166417815, 54.95615061468423, 42.8006732274029, 61.80910451583822, 32.16094531047379, 53.75912121380398, 96.20067110165073, 75.11974496932127, 66.70266986681088, 23.682203200818684, 37.33419574828266, 96.57610096566549, 85.10797048402918, 75.80615563497389, 29.28704800040415, 45.325303718306635, 91.69232384574771, 58.44740560490627, 96.10291530927307, 59.751134854454314, 39.741533651229624, 75.78945819109587, 87.29669815050833, 22.177224570662823, 24.28666714954157, 16.837758111112556, 53.58856406870931, 113.46700372839746, 20.337660338128675, 85.26953153859952, 69.84857632476728, 70.38530053674911, 7.200136867247872, 75.99873254370321, 96.01858208476096, 80.96400947624738, 12.119665759951591, 1.0425250212989705, 83.2926137025962, 58.01091985066167, 69.72860046423874, 38.95651450115152, 64.70418850912937, 30.054559487583667], [81.7743056430939, 44.38437421460175, 74.35026942590004, 0.0, 53.86609112199529, 84.90727496637861, 56.58613412224355, 15.001412977353793, 40.26761663717317, 77.69585349067113, 92.25903843009509, 80.24221032426155, 5.783037596835835, 66.10369979663587, 70.07774521923143, 46.16632715452641, 56.62688619869817, 14.899665550704666, 58.333113134757866, 38.28275625791559, 115.62850819566064, 15.189438273773877, 75.0274077374752, 66.89527063613501, 57.23470383252675, 20.97186582368907, 63.05975576402756, 89.76115600401336, 47.28201960618132, 14.569592183849869, 75.28988097703896, 65.8233354893531, 46.79085292956585, 71.25192262370733, 88.21037855633844, 82.09822812522938, 14.821216302162396, 40.34055490234939, 56.95821066554738, 79.6733356615342, 77.10184870772832, 77.01338843633486, 31.577575120908325, 78.32689349111209, 79.35457273170542, 84.94637717338016, 68.30953009544127, 105.87346205126246, 54.70933133134969, 86.14115280709467, 85.18634335979321, 60.86850110869555, 31.45878029505255, 113.60593258577971, 51.82995189656571, 38.684663229600005, 76.68570523426905, 96.2725034215848, 55.94526298437794, 35.87790227506381, 80.05319626832883, 2.4121541891774987, 74.47798170964157, 59.569640670389774, 89.27260788239624, 79.65248824356513, 27.26672770866019, 81.78798336475137, 57.46301864091872, 36.15256469823361, 59.98080256830892, 37.18363774327658, 80.90040065321729, 90.08713616750224, 52.95729810650938, 11.087395465660332, 75.59075240539289, 73.8642258364189, 32.936548995696235, 36.186610058242394, 43.69557127136806, 73.42867144539457, 10.937237393776593, 44.47988109117402], [81.98556479131062, 11.602413731958775, 62.36663751125178, 53.86609112199529, 0.0, 34.29347794061195, 3.3621800613476864, 43.646831836959784, 48.77774905593908, 39.07095050640037, 66.03318731960488, 70.47017589423828, 56.15499489400673, 30.63803837710481, 47.55044178468928, 51.15724887650488, 56.941969200118955, 66.36874522432231, 33.40033279280386, 43.31493859254964, 64.93861117262422, 67.03860149081794, 25.728030701336632, 15.774869488953172, 17.139905021570428, 51.42520249351235, 70.5075387612554, 62.19011459884953, 22.368990989291575, 67.16523988065309, 57.10486355354342, 14.740928507282515, 43.37196896445184, 75.51590172287034, 53.41898596919071, 77.71981219260248, 67.48906374486928, 36.867095245916985, 3.5446613601366783, 46.09339325904367, 38.35822843938657, 27.322571901469075, 43.38231136851263, 26.007679043491564, 43.789845490874846, 36.795766400833706, 33.83771564917347, 53.73805445563982, 4.33822319930006, 84.74135887550051, 46.61759447130491, 35.2553299718923, 37.82668178118791, 62.77301302649886, 62.75898586116107, 63.9214344884734, 31.360240889604455, 48.09225063073624, 36.26608440805423, 18.12863659145153, 39.42763988376781, 53.10612775347795, 27.37600701382234, 40.268983225658765, 86.1480392383535, 77.11984307166833, 59.73086157472669, 51.10986925819831, 60.237164918673884, 34.487000085915376, 8.59576108945909, 19.849425279532486, 69.18784897139177, 36.26339512090505, 37.41555098171656, 64.9512498668044, 54.62680587656257, 62.68314250101414, 34.682544053028316, 18.208936559622437, 13.88279659174679, 33.447884356451844, 44.662188591494605, 48.95425042593439], [110.88689321085863, 40.81266084881676, 89.31032210823057, 84.90727496637861, 34.29347794061195, 0.0, 33.24175490215364, 72.08400677820275, 82.48616436177555, 22.818263599384828, 85.01474910484286, 97.11681822326763, 85.91760391957833, 54.12462088357787, 72.80908538179294, 84.19933874929391, 88.44584806966938, 98.64348459766407, 37.75723395147192, 77.13583892504398, 55.50109451789095, 99.21311295236734, 9.94956500805009, 18.72002160682266, 28.342030772199415, 85.45262091314991, 102.23735636075766, 81.05240829278367, 54.937549970772174, 99.06775586136636, 82.30960953662327, 32.92644966594437, 75.95741070467447, 106.10600237154527, 68.96224322552736, 105.51422794172575, 99.36595987486521, 70.43170237134174, 30.75091067235392, 31.154300410983375, 22.544644743597836, 36.30640476549143, 77.63266767280791, 29.313710772848648, 61.71892186242992, 42.69503502132031, 27.806977945189246, 42.73621863489249, 31.617552803819944, 112.8872216549252, 60.82489899666348, 37.17347206971931, 60.19565025577926, 53.430872137630864, 95.69900883135347, 98.12730123245206, 12.717370813585445, 48.8972764759474, 42.54666460206574, 51.18674969624531, 54.32456346097402, 83.65549442131707, 11.800808316987993, 68.93101811113584, 113.5780362518531, 105.59767561699843, 93.94493589163372, 36.563982881471624, 91.91380589356545, 55.105778318724084, 26.124254360023706, 47.744235094284456, 95.22634446105924, 21.664996821258086, 46.03991311536526, 95.81070490785793, 78.99220015503761, 89.89084218377668, 57.14136752716138, 51.725800657994505, 41.23132338388125, 51.77108288272398, 77.09664723042566, 82.14768260136245], [81.0310654444019, 14.952248687197079, 60.95678885999498, 56.58613412224355, 3.3621800613476864, 33.24175490215364, 0.0, 46.73759622060127, 49.30617462795036, 40.049259509345724, 63.60906651214384, 69.05216814703672, 59.04774841448024, 28.30412895345642, 45.74409245612268, 51.319403630700435, 56.54695951930638, 68.79481996525008, 35.92766143337593, 43.91953864462124, 61.63424950923761, 69.4863661381337, 25.294379473612224, 15.303181118370414, 19.246535469542277, 53.19270430612489, 70.22530054037442, 59.72894846450606, 22.147261904581953, 69.6731291897477, 55.37442417860152, 11.385166240030589, 43.307085631956895, 74.9271250651564, 50.61060668333325, 76.53531523286698, 70.00139441078419, 37.28141459550475, 3.826052389514914, 47.434362291961826, 39.345099040930634, 23.962972023257354, 44.48568131800125, 22.742958344344775, 41.070372602245705, 33.44574743452947, 35.5033200904602, 50.522622496502436, 6.622550228325965, 83.64645356778357, 43.65457266070188, 37.65609281006652, 41.186685384269914, 59.4733797973286, 62.89982102275045, 64.91982879909034, 31.588471297564837, 44.73126873128474, 39.01002278849351, 20.71991386547784, 36.424411505235895, 55.90671065350331, 27.4084427447959, 39.01942161547766, 84.92651251490554, 76.06390888830025, 61.26954684812284, 52.6041892874638, 59.908213013003845, 37.84001849656535, 8.942798309348797, 23.16350376003817, 67.66327904906944, 33.50962347445683, 40.33018813923443, 67.65801631597493, 52.752035384132434, 61.322107001714855, 38.04429843393593, 20.59753859978314, 17.244847267446957, 30.60150437564388, 47.140760654904916, 49.18473669914216], [88.47337994520542, 32.847214735246716, 77.46388668435236, 15.001412977353793, 43.646831836959784, 72.08400677820275, 46.73759622060127, 0.0, 45.63938357665405, 63.184423790765024, 92.35333180945791, 84.27728088072621, 14.07337644291586, 62.095151235787135, 70.00236161633168, 51.38653467578954, 61.72859312548644, 29.88412217963599, 43.463548263691116, 42.01962420802298, 107.8434925831257, 30.130750814238787, 62.13523800961595, 54.82241058907531, 43.88598547131208, 30.167431572886258, 70.63404462905152, 89.37756201251946, 43.23333345394425, 29.356738505143394, 76.77366137015042, 57.161166705801534, 49.4722544416397, 78.48312676518921, 85.67559897096554, 87.6361953844475, 29.575192097416586, 41.56116944582305, 46.29508494486286, 64.80977782104935, 62.61341668660218, 69.22995138804329, 36.01732684803712, 69.34789536060217, 76.19987346883153, 77.95462596710698, 53.70477779259235, 97.17447434111435, 43.555798079353295, 92.60958643544102, 81.3985647465238, 45.96815062364303, 16.48576300019075, 105.73087804125275, 59.47239837724523, 49.128856739681666, 62.984228281475744, 89.48082189797461, 40.961682207324266, 27.125752461608823, 75.42465602050761, 12.956863088239682, 61.15085413485887, 59.397141656834314, 95.42268330399543, 85.55523284941071, 38.57077173497367, 66.81656302268372, 63.336609124614576, 21.16273971520628, 48.426724773783356, 24.789152292633787, 84.45206883463719, 79.64251157103972, 37.955913532080146, 24.579474978223665, 76.32979627007377, 77.16467298562213, 17.962835646794144, 28.071119844144146, 31.55691393478785, 68.65987867819757, 15.300067067586186, 49.27469155453154], [42.84485849052332, 47.59766186039683, 34.40368426931503, 40.26761663717317, 48.77774905593908, 82.48616436177555, 49.30617462795036, 45.63938357665405, 0.0, 86.30202513676828, 54.55614243689198, 39.982153157118574, 45.98702614751908, 39.17258897881103, 34.00571392890868, 5.91346612568933, 16.41328633607257, 41.090032169624, 73.56356827243864, 5.531318973414931, 92.18011203684182, 42.020546213674486, 74.46382551841245, 64.4619088099399, 62.63143086758081, 20.1773731912667, 25.612334857141864, 52.78255898111721, 27.814807657667437, 43.42033370625436, 36.65368191739461, 51.92813285150512, 9.953163993734334, 33.06402322295996, 54.86054094758035, 42.204450113353964, 43.74627556793871, 12.065681175213422, 52.19919975089436, 91.91354199062773, 85.58940656507498, 57.94717365718298, 9.648772956243311, 62.64115850834589, 48.13817282671067, 62.343153402380494, 79.05474627793477, 85.80302345505002, 52.383130017368316, 46.97127790401736, 54.66810531316835, 76.13708788968172, 56.71895666096969, 90.54631849416378, 15.219219479321145, 17.372474361036076, 79.95527556786645, 71.77573958037041, 73.81076345762283, 36.79749071518501, 52.08994430382286, 41.88355436421277, 76.10819386234051, 25.277342405495492, 49.82210952891375, 39.988727392294386, 20.68838649718063, 96.06598568666108, 17.707111047273052, 58.41379169177474, 57.36941519434178, 46.777870514954365, 40.72186850590202, 77.4234041436952, 72.57740585453621, 46.566510183564844, 37.84249460210019, 33.83334604022446, 55.7512912752924, 35.326623042459836, 49.17127580831107, 46.874857908559996, 31.39910308519649, 4.375131612247972], [121.01900560475163, 38.97964010816795, 100.9431605653284, 77.69585349067113, 39.07095050640037, 22.818263599384828, 40.049259509345724, 63.184423790765024, 86.30202513676828, 0.0, 101.16643680280644, 109.02482560091468, 77.1874574027507, 67.09860617384925, 85.36315276622837, 89.4234192201447, 95.87983267519303, 92.42926412629272, 20.879900192930315, 80.77183701148951, 78.20433882790014, 92.81618051937004, 19.4193906445105, 26.354406781402353, 23.69589818275738, 83.82757549895123, 109.30887767544381, 97.18134223923025, 61.34902243495483, 92.2647841395806, 95.05105944172018, 45.757139634543954, 82.04742778078106, 114.54599494431118, 86.19208923024111, 116.58437637097381, 92.51244242503476, 74.89049399470497, 36.317063144613805, 8.740758307026153, 0.7166797814975131, 53.718294836123974, 79.33791826583904, 47.55757825686793, 77.7000338640289, 61.86223221410355, 9.585299230049332, 65.39149204166249, 34.86757743223184, 123.68861033530013, 78.27465522946386, 19.041806622879996, 48.18348604142659, 76.10643781663764, 100.95718614488649, 99.59988559896436, 11.3831645801369, 69.84419649848577, 25.05229567936231, 50.26373880696258, 71.19274587519062, 75.94141545690474, 15.369177257112765, 79.06838960244885, 124.97146976746593, 116.09510660922838, 93.00390322300251, 14.398592595948697, 99.11249038499415, 42.87614031698859, 31.116746738104148, 42.545628794668396, 107.55212997197074, 43.867906053106374, 28.85896148540444, 87.76345894955223, 92.20188635571073, 101.33314844723228, 45.73155186661617, 51.46840642216695, 37.89571873244329, 67.07218571105439, 72.34001650446278, 87.12127831853155], [40.760549992084286, 74.2423241644202, 23.62597745924497, 92.25903843009509, 66.03318731960488, 85.01474910484286, 63.60906651214384, 92.35333180945791, 54.55614243689198, 101.16643680280644, 0.0, 25.216379364115568, 97.54359509941048, 35.40201189856496, 22.382148180987276, 49.60222762888226, 41.6660686912011, 95.51969827710916, 99.43324116386516, 54.61688770330911, 58.65861277105425, 96.45123175043767, 82.50960586384461, 74.8925773490364, 82.84387050156383, 74.235925134356, 47.97752798459948, 3.991564148909926, 50.66565677931717, 97.77267856280592, 18.093171244790113, 55.50237898207085, 45.92744076212021, 44.44720503098809, 16.646352899200224, 33.55658113062802, 98.10751969697309, 51.947463391478095, 67.33138289129113, 109.43893889397769, 100.52584192679598, 48.712733595122224, 61.24988160829288, 55.71392914352144, 23.516656673918693, 43.53437157981669, 98.5252324048259, 60.20803270007704, 70.1476133900819, 39.70312804879562, 24.59068736052559, 101.2462907103082, 96.56106366035492, 58.1619616010162, 52.495512217122446, 67.92310066364693, 90.5755116519775, 43.66514233483183, 102.16949192179827, 69.77524130591517, 30.691427659737837, 93.31204514864915, 86.18472950657504, 33.018638429782534, 38.13785846206363, 35.876348138712736, 74.95017056206605, 114.93979848038121, 43.476433493427514, 95.49127670135296, 71.609444812927, 79.49730228749925, 22.469512479476577, 67.38784833072819, 102.9527895622309, 100.27079106722249, 16.802066984504027, 24.63207624821387, 94.17712177555097, 68.13438907267442, 76.87368805589207, 34.094252178934205, 81.76552853787855, 50.26095662516259], [16.173262408347505, 75.3417459483618, 8.103548882800261, 80.24221032426155, 70.47017589423828, 97.11681822326763, 69.05216814703672, 84.27728088072621, 39.982153157118574, 109.02482560091468, 25.216379364115568, 0.0, 85.9452223666685, 43.00039311459194, 24.311428649280614, 34.10553088045161, 23.780741047068467, 79.90130450203495, 102.40021768028916, 42.464781791925425, 81.77299143907629, 80.8114187587106, 92.25622486826269, 83.12080668319015, 87.46382231283077, 59.93267622514788, 24.496128277473524, 26.510802854711525, 49.696121357141756, 82.3759145488458, 15.045000489659238, 64.54871698820077, 34.85082253106617, 19.514264010298795, 37.381971495908935, 9.209727851576103, 82.67759367226319, 43.088326665601315, 72.84598980789083, 116.474232872931, 108.32792726004693, 62.34844269247566, 48.945045725694214, 69.2865991487936, 38.61624113966553, 60.51091100694366, 104.30397142388497, 81.07710028514208, 74.80616523928374, 16.476025461526916, 43.178764024415536, 104.63313660991273, 92.56731678561788, 80.95668971389358, 32.05738762092696, 48.582759927516506, 99.71731996813295, 64.2781902439401, 104.09379500912529, 67.54229372204124, 46.415003185386034, 81.81406296835303, 95.31501268112022, 30.26633518096861, 16.52507021855503, 10.880165963418696, 57.888229436316045, 121.57017409844431, 23.799387117688536, 92.90492867192599, 77.93798487904849, 78.21207459314255, 2.7776357792358666, 83.2314142235013, 103.95240657783437, 86.18614737367417, 18.69590697735624, 7.856546937559387, 90.84596568102495, 65.80301978761928, 77.71420622858697, 46.270940118123846, 71.00221739393346, 35.77248579837427], [87.55542328215479, 46.0008825646563, 79.97360422336594, 5.783037596835835, 56.15499489400673, 85.91760391957833, 59.04774841448024, 14.07337644291586, 45.98702614751908, 77.1874574027507, 97.54359509941048, 85.9452223666685, 0.0, 70.49136536686237, 75.28413835415398, 51.89234104380366, 62.365028384279505, 17.448513642987173, 57.227365372471375, 43.855014669195725, 119.0496721938822, 17.439266144287632, 75.97923668979223, 68.33443038219593, 57.83753452534193, 26.75039485699065, 68.82843678186619, 94.96554339737162, 51.53214128158458, 16.27932202209294, 80.73649703586366, 68.7980929226566, 52.29181831081558, 77.0262307374323, 93.00938539770483, 87.87114224368254, 16.427634614435544, 45.59652972804534, 59.06933957036198, 78.53738798890875, 76.62503557850411, 80.34690490197252, 37.174619615973825, 81.2299619566239, 83.99439424043018, 88.56745701388786, 67.67668599885288, 108.94768225176195, 56.579640040962204, 91.92374113728205, 89.69658482148336, 59.67355569111785, 29.687132633739374, 116.99268389204082, 57.604149445972794, 44.26688433787278, 77.02937059398933, 99.98589361176101, 54.43768586792204, 38.5465565628177, 84.33928196961122, 4.233569103888598, 75.11989812360346, 64.72052835255764, 95.05543865198442, 85.43194892235306, 32.78845711160279, 80.27744141611556, 63.23286766373325, 34.73727821574496, 61.67644043158356, 38.293077870956964, 86.5693384821939, 92.40559310265485, 51.221677918944316, 10.680970850152127, 80.93706088693865, 79.50341771931973, 31.65027462788414, 39.084029126855754, 44.99760554396313, 77.6547248429422, 15.80722699187807, 50.17391278660278], [57.022010085232516, 39.20254570820428, 35.195206242245014, 66.10369979663587, 30.63803837710481, 54.12462088357787, 28.30412895345642, 62.095151235787135, 39.17258897881103, 67.09860617384925, 35.40201189856496, 43.00039311459194, 70.49136536686237, 0.0, 18.71357180766211, 37.736666598749395, 37.75639061802961, 73.80376517890407, 64.03749328238612, 35.66004630780544, 53.1235893836686, 74.68103191288233, 49.49497314815614, 40.79765536760835, 47.547916100157536, 53.315298513475625, 51.037061579953, 31.583615342557902, 19.014537079759652, 75.53427428820451, 28.319973132776937, 21.68783838017823, 29.568223042242696, 53.36110959395223, 24.152387896312412, 51.42652827943256, 75.88764062559528, 29.476982052055973, 32.076585888787314, 75.03327725797314, 66.42495628985635, 20.827612952782104, 40.34907706470433, 27.18199095488797, 14.360062030936348, 23.29091878568398, 63.592114488099924, 46.791868205751875, 34.78596888068623, 58.82259907360406, 19.3202011208838, 65.8766810933885, 63.111807693562525, 51.43482366394612, 47.55428376428766, 56.50166624272638, 57.18871922231917, 32.71689936520784, 66.7829627513701, 36.51671722735736, 14.044773369054152, 66.46734574400233, 52.758419266390014, 16.609706932756684, 59.453674601742556, 51.64519200783188, 58.140159833114275, 80.39684144986133, 41.24496546354431, 61.34631065683071, 36.617422155942364, 45.208570353466186, 41.168875424970466, 41.96370667606149, 67.64859247468426, 76.0326915165712, 25.216561885117763, 35.797438234392345, 60.43623317428949, 35.07039829216312, 41.85500581669576, 7.846006916002951, 55.17597118081123, 36.569363102648595], [38.86798957733715, 54.07967210095543, 16.659215295031938, 70.07774521923143, 47.55044178468928, 72.80908538179294, 45.74409245612268, 70.00236161633168, 34.00571392890868, 85.36315276622837, 22.382148180987276, 24.311428649280614, 75.28413835415398, 18.71357180766211, 0.0, 29.967971635241653, 25.053498382789055, 74.20265849388092, 80.47331524261864, 33.09657589406213, 63.08804024702937, 75.13037143684856, 68.1327838908878, 59.21241851361856, 64.69015222832769, 52.812753487349504, 36.25368645467271, 19.68484498145053, 29.18075821227656, 76.35148295354732, 9.69194187676263, 40.35058281659329, 24.55008571877348, 36.70193611049376, 21.28972325831362, 32.91560944090694, 76.69385298490535, 29.740846356399825, 49.569955153057485, 93.07670427273992, 84.67718832265662, 38.31952864454894, 39.538010616643106, 45.151622829528975, 17.108455320311098, 37.669636026942065, 81.24191789490042, 59.91366036604197, 51.86587850468901, 40.33978791931545, 23.25105720857586, 82.5299001692358, 74.84638392928514, 61.851862477497995, 36.2777714132343, 49.443290169011874, 75.72734856753311, 43.64835178674959, 82.69169399180296, 48.27918022820551, 23.963886013124423, 71.05798752468071, 71.30601020604631, 10.636883132527917, 40.805007165319985, 33.396508414262094, 54.69368774269186, 98.32116474968768, 28.034985122385805, 74.15516053355692, 54.46651279942867, 58.436112095038716, 22.45741118420659, 59.41379310413769, 83.0409883438817, 78.44089582473362, 7.149248261786356, 17.356855929689132, 72.61691126260202, 46.58561784565174, 56.62984062898655, 22.390104266072896, 59.484924372403036, 30.005114741408928], [37.20497278854624, 51.167149706848946, 28.732443151288333, 46.16632715452641, 51.15724887650488, 84.19933874929391, 51.319403630700435, 51.38653467578954, 5.91346612568933, 89.4234192201447, 49.60222762888226, 34.10553088045161, 51.89234104380366, 37.736666598749395, 29.967971635241653, 0.0, 10.501782065642026, 46.50075300459626, 77.65400791780833, 9.86744224974697, 90.1672317468592, 47.42748739361115, 76.61123825300376, 66.6087841510753, 65.87749077610978, 25.902924798705268, 20.716589333315227, 48.070151591478385, 29.2711643314481, 48.884689852491285, 31.555019190927748, 52.685602214908116, 8.52047310847772, 27.72467533678245, 51.16431588486089, 36.336292401211125, 49.2035420849505, 14.54928839848941, 54.46220245834132, 95.38914665392541, 88.70760255957656, 57.48216987337538, 15.376570584078488, 62.67495540767062, 45.178127376856324, 61.02442776099085, 82.55303609660538, 84.52132884479055, 54.99278846331806, 41.25592272210694, 51.72110368482221, 80.18575233477456, 61.99131254743084, 88.62858330554171, 11.601749082314427, 19.608054870740766, 82.50875954885213, 69.85151311396257, 78.16207434972472, 40.78342820196042, 49.85136134204703, 47.79435862640133, 78.52148594036947, 22.422942925930325, 44.03620850341672, 34.174956228160504, 25.352287045344408, 99.72634772231682, 11.992918561092825, 63.440679404934215, 59.73234660651713, 51.09327770726729, 34.90738135900398, 77.6218855344142, 77.11660655545883, 52.265259500121616, 33.07492925198674, 28.118118802248404, 60.877046712526266, 39.21460890499835, 52.931527715021396, 45.16604369881534, 37.285363836094355, 2.398157542560268], [27.333013151690025, 58.67510368637077, 19.19319790005024, 56.62688619869817, 56.941969200118955, 88.44584806966938, 56.54695951930638, 61.72859312548644, 16.41328633607257, 95.87983267519303, 41.6660686912011, 23.780741047068467, 62.365028384279505, 37.75639061802961, 25.053498382789055, 10.501782065642026, 0.0, 56.24920064485576, 85.65812677258562, 19.786619673017125, 87.80055599461406, 57.166059354229276, 81.63972302181085, 71.76218750271548, 72.72494923126148, 36.162941608435624, 13.792236716838822, 40.74413223295934, 34.57361700306592, 58.69791388682592, 23.71544684374132, 55.89106295593137, 14.27301197489442, 18.87086652771402, 46.07041686338725, 25.910182593070445, 59.00534728276529, 22.568368451821776, 60.00164786172656, 102.3629018247104, 95.1637477444847, 58.482007205916666, 25.792779258595136, 64.42323283701121, 41.83771674688631, 60.40023519673885, 89.63750760278391, 83.57582226805833, 61.04485724942242, 31.172586147295075, 48.18776625519803, 88.1135715816938, 71.72427040220109, 86.45670459790618, 11.302346970002894, 26.308715064530134, 88.12448323270509, 67.91989197819564, 86.54598068663822, 49.029097141943616, 47.79443783851141, 58.2804934068513, 83.95265695675596, 21.153917498178412, 33.779943633587465, 23.88285202831638, 34.4491678487765, 106.96616396412357, 3.523837822147989, 72.84243230753972, 65.32770632606191, 59.62499235466188, 24.798885115006172, 79.400871870113, 85.77782550877966, 62.40842305969792, 26.08287333279606, 18.435713274792818, 70.42099368430273, 47.36553574065485, 60.68098215604317, 44.30453186795196, 47.7743773072967, 12.465660966912035], [78.44755615137274, 57.8491693174978, 75.18480413305646, 14.899665550704666, 66.36874522432231, 98.64348459766407, 68.79481996525008, 29.88412217963599, 41.090032169624, 92.42926412629272, 95.51969827710916, 79.90130450203495, 17.448513642987173, 73.80376517890407, 74.20265849388092, 46.50075300459626, 56.24920064485576, 0.0, 73.2196375485645, 41.107549256339055, 125.4197514467309, 0.931586660919706, 88.86157536820014, 80.3000156658771, 71.44380184172941, 21.390655556185333, 59.439511032674986, 93.53678903605815, 55.945978981939355, 2.5754458054409315, 77.72383740623262, 77.02826255283262, 49.72351686215917, 67.67397628687647, 93.9898663678051, 80.07005626731515, 2.8271185949801185, 45.31865804697153, 69.65891195462005, 94.55407113936344, 91.82476900382262, 87.34287185920186, 34.754794372025906, 89.51049210596322, 85.90838613454254, 94.51715569089866, 83.09530736683523, 116.49032284418824, 67.74474216749826, 82.949904526552, 92.13033765020874, 75.761449576769, 46.29518488455842, 123.48999876724406, 48.82201443228512, 33.08993152995085, 90.9879394403674, 105.49473871802866, 70.84106156744825, 48.25462128729397, 87.83097347405332, 16.96604571883165, 88.57342152877453, 64.28245489250695, 86.35603090324656, 77.29712358753612, 22.20904811965955, 96.68699302557125, 56.16494110351967, 51.04489513023731, 73.16154298656073, 51.213120380979, 81.04541176434157, 102.17215869305747, 67.82928380193673, 8.768178240173635, 78.73458791632403, 74.52511160049767, 47.833619271737696, 48.20737614246256, 57.47152563044786, 81.50212116322345, 21.722148338024162, 45.452586779583875], [112.3197968778858, 27.179775628297985, 94.35676287281889, 58.333113134757866, 33.40033279280386, 37.75723395147192, 35.92766143337593, 43.463548263691116, 73.56356827243864, 20.879900192930315, 99.43324116386516, 102.40021768028916, 57.227365372471375, 64.03749328238612, 80.47331524261864, 77.65400791780833, 85.65812677258562, 73.2196375485645, 0.0, 68.18628208109263, 88.95665960192946, 73.52171232046413, 29.44579438102602, 29.225915315721853, 17.053069441429276, 67.32453256249104, 98.27573117242287, 95.58526184819527, 52.73389916212132, 72.80947173967368, 89.83731626631229, 45.683617261842045, 71.39222177785273, 104.51662192185802, 86.45584765613452, 108.89581211605645, 73.03292424377561, 63.3443026863045, 32.3390622601434, 21.346954467643133, 20.454164282875993, 56.91211643119393, 65.34970727947878, 52.558234529954895, 76.98530977605712, 66.28417577869065, 11.462891642786584, 76.29213077145995, 29.326462422790772, 115.5422828316765, 79.26809407869982, 2.660996670969117, 27.72170023696309, 86.75633719734623, 88.73403356004076, 84.61237179703447, 25.393053486445094, 76.34637848267829, 4.789798567911694, 36.87093938492827, 71.98299158625963, 56.401233607038535, 26.18289160012526, 72.2269606299473, 117.3576210465843, 107.87855309613767, 76.62388041375213, 23.78593493307115, 88.55398099017906, 22.51604446420977, 28.91956661958832, 26.890682848447337, 101.39756097677429, 54.70415138851536, 8.394528784276813, 67.89349625431282, 87.60984603735936, 94.54410221637671, 25.57883097698984, 38.4494594679629, 25.006883980212457, 66.44837028811635, 54.38804484394769, 75.2624064428438], [46.94127020091304, 42.0926475854371, 36.150428417307026, 38.28275625791559, 43.31493859254964, 77.13583892504398, 43.91953864462124, 42.01962420802298, 5.531318973414931, 80.77183701148951, 54.61688770330911, 42.464781791925425, 43.855014669195725, 35.66004630780544, 33.09657589406213, 9.86744224974697, 19.786619673017125, 41.107549256339055, 68.18628208109263, 0.0, 88.78185812300514, 42.035757097225016, 69.02139622611605, 59.02666627238758, 57.10371245744987, 19.720494839880953, 30.499196922250963, 52.48430837197363, 22.723442867917992, 43.27444855928414, 37.171822676092575, 46.97112047884858, 8.690158537676888, 37.59005522550825, 53.24424727856759, 45.651481015149294, 43.615069320490214, 6.94152648854012, 46.75361976547419, 86.40866016614574, 80.05911886489208, 53.60298389866885, 6.722663395247358, 57.99502952183243, 45.822224706230145, 58.53630524120319, 73.55054008117617, 81.88205734305474, 46.883102116304656, 50.90484563972594, 52.2733666303936, 70.74748136743777, 52.14793277937298, 87.07780740022959, 20.54929395309897, 21.77304840050804, 74.45032932468894, 68.37692879859974, 68.53293902096199, 31.364490140582927, 49.07451179614952, 39.6569749698109, 70.62154407850562, 23.387570296216886, 53.565042000354026, 43.66914827339994, 22.63963196332981, 90.5887257362191, 21.75829119638846, 53.575062395990734, 51.90086961223111, 41.46994839005938, 42.875669091430424, 72.65262640000161, 67.39141063911556, 45.67460194513346, 37.81790732964099, 35.71630873517148, 51.01086531109979, 29.86725986213824, 43.69740319795551, 43.4767094208464, 28.580934889599437, 7.5286705222494765], [97.94502800547505, 76.50668923426959, 76.78469941655071, 115.62850819566064, 64.93861117262422, 55.50109451789095, 61.63424950923761, 107.8434925831257, 92.18011203684182, 78.20433882790014, 58.65861277105425, 81.77299143907629, 119.0496721938822, 53.1235893836686, 63.08804024702937, 90.1672317468592, 87.80055599461406, 125.4197514467309, 88.95665960192946, 88.78185812300514, 0.0, 126.24850168280035, 60.44848559239853, 60.126754225903895, 73.63770012452285, 105.82591894788247, 99.28084164688639, 56.02523878577272, 69.5162952522009, 126.8775589241656, 68.49307389537748, 50.71990198945438, 82.39031972599125, 98.75163813873937, 44.41764210989337, 90.86938435753508, 127.22769778223139, 82.4853684183479, 63.07030887736881, 86.6511368234292, 77.86907606627143, 38.71206445701295, 93.24805342920111, 38.97388506286841, 46.018517363951254, 30.90444303358359, 81.47840503249063, 12.841571712231403, 66.38788969574132, 97.67282987509611, 39.89452387508668, 89.30405482067228, 102.51989177811396, 2.212526671331527, 98.70823640842548, 109.40255754153749, 67.27590116970863, 20.41232267621476, 93.4568162502595, 80.81830837484472, 40.33246133402178, 115.4440094665171, 64.39485561908714, 67.82772618715438, 96.51415598152703, 92.60177344049346, 111.19213169306619, 92.0556552815321, 90.9732841889234, 98.67593630731682, 63.18041221470637, 84.78799956895585, 79.05486026401721, 34.63623716857124, 96.20345641323206, 126.32983020451988, 64.82551701418305, 77.7750104907102, 99.3165537396113, 80.0797758252303, 78.61388528478825, 45.33163935653773, 105.09150464250794, 89.28395920416104], [79.29902384078116, 58.43250274035129, 76.10846786306551, 15.189438273773877, 67.03860149081794, 99.21311295236734, 69.4863661381337, 30.130750814238787, 42.020546213674486, 92.81618051937004, 96.45123175043767, 80.8114187587106, 17.439266144287632, 74.68103191288233, 75.13037143684856, 47.42748739361115, 57.166059354229276, 0.931586660919706, 73.52171232046413, 42.035757097225016, 126.24850168280035, 0.0, 89.41712836371522, 80.90057234178101, 71.94239307895796, 22.317882707421397, 60.29426291138978, 94.46734015405349, 56.78747412630293, 1.814732085963731, 78.65508417837393, 77.78256299642882, 50.65339761801768, 68.5243117913408, 94.90555789419356, 80.95147634678749, 2.0071693264644392, 46.22939989215738, 70.31599497868648, 94.86267505535989, 92.21524129079945, 88.1419019325728, 35.67694423552443, 90.27079971250463, 86.8117207852671, 95.34744914193828, 83.46150696407173, 117.28438758660381, 68.3737662589987, 83.80304219265739, 93.02823327012183, 76.05403087024213, 46.49902374187614, 124.31504154404442, 49.7005500674294, 33.923190734062615, 91.4758901047092, 106.33933496946933, 71.09206534946405, 48.917367945416125, 88.71082475351787, 17.18301154588437, 89.09380558563167, 65.20408604739707, 87.21492210915304, 78.17260399411944, 23.092515624107456, 96.94687800419426, 57.06977471533265, 51.292577426884954, 73.78050036044098, 51.727404015271816, 81.96129696868125, 102.88445733016749, 68.0503035543503, 8.323213476012858, 79.6660006102699, 75.4474237467143, 48.09159233763625, 48.89314731031658, 58.021361978409644, 82.37306663410477, 22.37836968639268, 46.382731989897174], [105.26952505974924, 31.117400057156804, 84.27828717279885, 75.0274077374752, 25.728030701336632, 9.94956500805009, 25.294379473612224, 62.13523800961595, 74.46382551841245, 19.4193906445105, 82.50960586384461, 92.25622486826269, 75.97923668979223, 49.49497314815614, 68.1327838908878, 76.61123825300376, 81.63972302181085, 88.86157536820014, 29.44579438102602, 69.02139622611605, 60.44848559239853, 89.41712836371522, 0.0, 10.009865909820265, 18.426697048326805, 76.21382933222046, 95.37706856498492, 78.51806289679779, 47.42440074756341, 89.24013148380517, 77.79258036616108, 27.80762640222368, 68.585896182349, 99.77438941419446, 67.15572664059862, 100.29347937218438, 89.53518939107536, 62.49311373639367, 22.267778053273737, 28.13611739062818, 18.88482717810042, 34.46111768853576, 69.02381644808762, 28.15718597659226, 58.99299644650349, 42.44646151215793, 21.030190365190936, 47.63004107844548, 22.535062892224836, 107.57242103092932, 59.15308249613471, 29.322679631751228, 50.401642020539356, 58.28371772302459, 88.19397906824135, 89.58777298255359, 8.17498111966362, 50.58934237795569, 34.18864800387451, 41.775949467882874, 52.18147814576738, 73.74846147586443, 4.126706043632632, 63.06157691340844, 108.53704336694837, 100.11898780976702, 84.87073551561404, 33.80174302865685, 85.04355237231886, 45.371999773334295, 17.201958191804692, 37.