instance_id,num_cities,city_coordinates,distance_matrix,best_route,total_distance
745,53,"[[46.249320924412785, 7.475430242947311], [15.926903158641338, 80.12891593339478], [91.06566577744225, 71.31805705128714], [34.60283812361783, 79.26407080525404], [33.15185424142234, 78.30054680588809], [76.0584104682209, 78.91703814026071], [95.14502944451499, 46.865059218202745], [89.2664440319412, 23.703276025329977], [70.50664377386025, 15.022082133857506], [66.56159714982726, 70.25254184219911], [23.453348609001402, 5.834416839977397], [96.06591251225855, 47.359189509523404], [72.37111983797287, 45.251453585007084], [93.28145744451226, 48.688548335989566], [13.627323527494683, 47.761335178552365], [23.303211989375715, 35.08184083693101], [91.68019884677928, 61.746914673985806], [75.3570418216175, 80.5413305716063], [96.74690201940113, 80.99686663712956], [38.20742355619483, 76.59072436085246], [0.9889436592313117, 76.31184595546777], [19.121805098065114, 20.016698607722173], [23.387943088010278, 43.33174983504976], [18.95454628388048, 97.86693929106266], [89.14533123984077, 94.33346327571056], [84.07379590794821, 63.30169204189148], [35.99107996323889, 87.8573872753441], [32.64696403308746, 57.83671056297596], [75.24730161658113, 49.953124960181874], [80.69277657657925, 72.26942931859797], [68.49755822422698, 1.573994020021341], [64.53397684196497, 27.65216866376846], [38.29826846748298, 72.21620431794204], [23.559949661912416, 91.20477456265527], [65.1658566446891, 85.76153606363371], [84.33403215538962, 64.73686758392014], [58.672847984230984, 51.61399145436933], [28.95804085290772, 59.819313918195064], [48.18803341690351, 23.316758790500046], [83.234020551798, 9.085848915977623], [85.41087923948176, 67.69701738260339], [0.39836430830904046, 7.0021586754519305], [88.74679557337333, 26.74736095009799], [97.0906104436278, 30.63007593961401], [63.297921391834535, 39.92747603753568], [18.176116091298777, 16.366166193294074], [3.438387887347205, 22.03329561817754], [9.743860975688657, 76.01436493082711], [22.450901193269914, 26.657375243753954], [98.98640177744808, 51.47985788881208], [31.942619647841465, 93.60880579227448], [3.140451052373916, 13.993600512824244], [88.87677547909801, 49.14602871937728]]","[[0.0, 78.72723799381016, 78.00247280551183, 72.72722650708799, 72.02597288246923, 77.41114363180694, 62.78800189917718, 45.97625320951078, 25.40412695970685, 65.98146941530214, 22.854961798124474, 63.815413895581834, 45.92794702597008, 62.534334318007424, 51.83771648756472, 35.89760188567202, 70.77682312131154, 78.65039864277293, 89.19309001211198, 69.58157798070899, 82.38297080303361, 29.886209647696145, 42.52432540640411, 94.42261186110542, 96.8730385778308, 67.43339242707837, 81.03388503567868, 52.1659148148625, 51.431871759775035, 73.3799288189773, 23.017623953008407, 27.229201518324338, 65.22719573155327, 86.74912488605167, 80.53911899334508, 68.77003297876955, 45.85364337127949, 55.12595146316385, 15.95952055295048, 37.01974412162181, 71.83499987668782, 45.853399095251675, 46.6630760314862, 55.86568121230428, 36.657742076563224, 29.44741101252815, 45.21844127994065, 77.65458244184533, 30.566514287920064, 68.6847097201388, 87.3134587846483, 43.5988670186679, 59.61156481082846], [78.72723799381016, 0.0, 75.65358472752582, 18.695948863636215, 17.32171681648843, 60.143718035282056, 85.91854104798017, 92.53399966791136, 84.9579183656541, 51.588903853157035, 74.67476130968912, 86.58011197771992, 66.3504858792046, 83.49984301437769, 32.44916563490084, 45.647003261033646, 77.95165025780642, 59.4315696186327, 80.8246593205151, 22.559707196455516, 15.417932975026382, 60.197060312040385, 37.54595250751843, 17.994557386359336, 74.5835596889949, 70.19369241805357, 21.501173459359894, 27.865800830446513, 66.55439905872325, 65.24101385966136, 94.52274610294066, 71.52941084656217, 23.72949622075791, 13.451321247240474, 49.56007415180841, 70.11740475780834, 51.38401227110315, 24.130695879371867, 65.33300639622766, 97.86401495451429, 70.58735746279197, 74.75732837580792, 90.29023836344592, 95.06672678162889, 62.13025944054872, 63.802407581807955, 59.422757538599875, 7.426946922450896, 53.86806302513347, 87.861532183598, 20.93348048629192, 67.36002748844619, 79.25669165242428], [78.00247280551183, 75.65358472752582, 0.0, 57.01920765184054, 58.33322149344008, 16.821481073518182, 24.790932030745907, 47.648762534186915, 59.9325468977219, 24.527223690578246, 94.1250900037291, 24.47508531737573, 32.07731073751686, 22.737730700480775, 80.94205332093692, 76.8427843646586, 9.590850707829949, 18.21619172648695, 11.223003173658205, 53.12056843895236, 90.21504195632184, 88.36146483399176, 73.23597162617068, 76.84306541774744, 23.09538067258328, 10.637121426203695, 57.504429802115716, 59.95407756469765, 26.583471706742056, 10.416426429653713, 73.30452787272193, 51.0944255906666, 52.77504038254918, 70.37402391257345, 29.654918632381026, 9.41418854851185, 37.914968622324146, 63.16310764526628, 64.36315709757066, 62.723061120586586, 6.714800002388791, 111.16246821470567, 44.63097702233144, 41.1316394661636, 41.909619476265135, 91.28305846277041, 100.53620014674549, 81.45729705750088, 81.86917868438107, 21.360997279898115, 63.18553681877468, 104.96159631922285, 22.27981330911907], [72.72722650708799, 18.695948863636215, 57.01920765184054, 0.0, 1.7417613854214464, 41.45702485814908, 68.66624266518447, 77.9430030694053, 73.5942685854423, 33.20496849489999, 74.2712945753392, 69.25049432168875, 50.82618649698131, 66.16678124009768, 37.846988843738075, 45.60428703255242, 59.704906549203486, 40.774213806875444, 62.16821743365466, 4.487740784909583, 33.743288704964876, 61.23653726208827, 37.64180602688288, 24.309170150416126, 56.58595359947448, 51.98243164650964, 8.704728793040914, 21.5164404679391, 50.11091656479234, 46.61767300203456, 84.76202027791686, 59.66289892084714, 7.957928590364126, 16.26424888519856, 31.246042243829802, 51.80956758417955, 36.65913614367141, 20.24752593835216, 57.57307750010371, 85.38134885268242, 52.10809694197029, 79.9482956268449, 75.4292578667693, 79.18325041388806, 48.69060989235581, 65.00756572355475, 65.16582376554967, 25.070487293061333, 53.9919807847379, 70.12279056164972, 14.58931746815835, 72.45768484029652, 62.07057865972599], [72.02597288246923, 17.32171681648843, 58.33322149344008, 1.7417613854214464, 0.0, 42.910984943354336, 69.50786755207542, 78.29245917739325, 73.48159220010243, 34.365408554261, 73.11224934125855, 70.11095719962375, 51.28736059357368, 67.02566400075656, 36.24707914326756, 44.32665450764319, 60.82425387131158, 42.264630254672355, 63.65218175770373, 5.336878665476367, 32.224334720680865, 59.94872175244329, 36.30634548669745, 24.174516916066338, 58.24365954248341, 53.08492994551775, 9.969674140013645, 20.47006370041863, 50.75039916112173, 47.921953994207264, 84.4765215455895, 59.58268059883366, 7.968990080105808, 16.0786730628166, 32.87191370426379, 52.94892567421406, 36.925510939595036, 18.951096004897206, 57.00266334758669, 85.43358699207064, 53.32392080462823, 78.4617821158612, 75.81905086180326, 79.7536101834729, 48.798339365496275, 63.719229711341676, 63.63091732008638, 23.519370235924494, 52.740189278526316, 71.08823392981286, 15.355944825916522, 70.965256731126, 62.89080037495026], [77.41114363180694, 60.143718035282056, 16.821481073518182, 41.45702485814908, 42.910984943354336, 0.0, 37.30453560582517, 56.77157455544564, 64.13569611759752, 12.855464180788728, 90.04644395717654, 37.36573227226652, 33.866911516092614, 34.79073070509534, 69.77333619398401, 68.59034545155895, 23.213216321560996, 1.7692495247886375, 20.7927720431799, 37.9224069122021, 75.11465817871833, 81.92085832146276, 63.56485568153848, 60.16602079586751, 20.22210817990017, 17.552362733240443, 41.05265906677237, 48.2590291277818, 28.975268148411555, 8.103582681268135, 77.71172987677473, 52.54426146448121, 38.350091236269854, 53.9173149685493, 12.864481358437832, 16.418378461834937, 32.36841270771062, 50.82487470089021, 62.19444493484946, 70.19889150513109, 14.606763430673848, 104.38482875091557, 53.69050507028631, 52.66862590169018, 41.02457841868491, 85.2230695508117, 92.24656006033645, 66.3780459652005, 74.86546210850823, 35.75600153298017, 46.497860557752894, 97.63237966338187, 32.41332262342769], [62.78800189917718, 85.91854104798017, 24.790932030745907, 68.66624266518447, 69.50786755207542, 37.30453560582517, 0.0, 23.896149629732584, 40.26195770265104, 36.932193885995034, 82.60272825392009, 1.045079121051334, 22.831002647856536, 2.6072999754307413, 81.52263298355193, 72.80172367930786, 15.279878038709134, 39.05964293784587, 34.16937625168009, 64.23010300837615, 98.65334124881765, 80.62484175178922, 71.84402353412531, 91.6852305184282, 47.84606318511477, 19.817545524155175, 71.96916491649506, 63.453804562077586, 20.135931136684956, 29.227549215707633, 52.548723193070984, 36.14099756360849, 62.24335138348389, 84.20471485794994, 49.10892701687716, 20.88729749504235, 36.780054076300466, 67.4427918584175, 52.53077125809656, 39.61238270922536, 22.994002721959635, 102.7909596905953, 21.11064139898003, 16.351145754355095, 32.59399257083702, 82.79128032902817, 95.00907635159069, 90.23880318005604, 75.45055847254983, 6.004374086487406, 78.60993860758127, 97.70043624536707, 6.6703695280137225], [45.97625320951078, 92.53399966791136, 47.648762534186915, 77.9430030694053, 78.29245917739325, 56.77157455544564, 23.896149629732584, 0.0, 20.671072374321398, 51.79135275342574, 68.19574515858697, 24.61371598086062, 27.38203673510544, 25.305812872558317, 79.37295988500196, 66.93743137193975, 38.12013449524613, 58.515262235198435, 57.779864805091414, 73.51262315674259, 102.76467633456545, 70.24144947408091, 68.74048203728545, 102.19594861796985, 70.63029108910874, 39.937427878623865, 83.39073333969408, 66.11245622933974, 29.758879736386135, 49.31712703858913, 30.348834240615407, 25.045731899330963, 70.36518408910445, 94.20082646762265, 66.57376323591977, 41.32897679736518, 41.41227058362395, 70.29560218878365, 41.080228994377116, 15.813263684041072, 44.162366993623905, 90.4237961739068, 3.0881203910618242, 10.44979124625415, 30.620072405952737, 71.46795021123414, 85.84430124428677, 95.18556213217113, 66.88081538841024, 29.428151124274898, 90.40356151179151, 86.67158972393796, 25.445736504010373], [25.40412695970685, 84.9579183656541, 59.9325468977219, 73.5942685854423, 73.48159220010243, 64.13569611759752, 40.26195770265104, 20.671072374321398, 0.0, 55.37117546576502, 47.94190003977416, 41.2184998740494, 30.28681510699377, 40.64631698287334, 65.6286199886389, 51.2889646167479, 51.298434774649486, 65.69854090517639, 71.00157282093025, 69.5265225100821, 92.67764443778363, 51.6270068806869, 54.969166263230214, 97.57504349481022, 81.47205563309902, 50.14965951929704, 80.59966389643654, 57.15284557742825, 35.251263661268354, 58.146505150050416, 13.597334248419678, 13.971107187062643, 65.63952355314932, 89.48628226572829, 70.94078058100327, 51.601904633447525, 38.45785421095679, 61.09892290558523, 23.81012450836634, 14.043681300309034, 54.74289943247673, 70.56550164137228, 21.683756616136844, 30.827208023754686, 25.927674864485795, 52.34778590823267, 67.43373089323697, 86.09398547031779, 49.444255892117205, 46.26300929405131, 87.53888902742914, 67.37404319345278, 38.75442515944712], [65.98146941530214, 51.588903853157035, 24.527223690578246, 33.20496849489999, 34.365408554261, 12.855464180788728, 36.932193885995034, 51.79135275342574, 55.37117546576502, 0.0, 77.5113922017885, 37.34448026193198, 25.667196339062503, 34.33593962750008, 57.51427389014698, 55.75182594222311, 26.519612454460354, 13.535842068113075, 32.04049227724314, 29.053944961357754, 65.85201631032143, 69.09539648481206, 50.87920446844312, 55.03622660227214, 33.0138731828816, 18.84121594511271, 35.277288781600284, 36.115858093048274, 22.07957852482049, 14.274384998433842, 68.70582854638134, 42.6485994969871, 28.331461637636455, 47.83448277808643, 15.57167278484156, 18.60865681747018, 20.239266882902793, 39.02409116289341, 50.40392420163307, 63.39821784265907, 19.02172811704977, 91.53242240201715, 48.83527202285815, 50.01960072706067, 30.500183532406428, 72.42165600039897, 79.43321253737423, 57.109138929410115, 62.01848150767667, 37.467073784232674, 41.76109037116475, 84.77800570794624, 30.71566505988443], [22.854961798124474, 74.67476130968912, 94.1250900037291, 74.2712945753392, 73.11224934125855, 90.04644395717654, 82.60272825392009, 68.19574515858697, 47.94190003977416, 77.5113922017885, 0.0, 83.64742184826785, 62.822377603597666, 81.92949023289142, 43.06294521130589, 29.247809344669395, 88.21060314614205, 90.96766638984653, 104.98256441444236, 72.27819713811381, 73.97105855992751, 14.829004866370507, 37.49739003751487, 92.14241374671073, 110.21577837135914, 83.5303917736348, 82.97567346247978, 52.80872197865622, 68.03729840570665, 87.69243409262857, 45.24524309212166, 46.51486118069688, 68.02141835021088, 85.37042427844943, 90.15696153941681, 84.71101659594262, 57.75969691849564, 54.264820549282916, 30.28922106329688, 59.86902829073737, 87.55408013178725, 23.08453859403494, 68.56081568827982, 77.69987799660124, 52.43974318867991, 11.779937499281743, 25.748831553299333, 71.50646939405075, 20.847074075435994, 88.25388608718619, 88.18396157306623, 21.89031944383849, 78.46094893014391], [63.815413895581834, 86.58011197771992, 24.47508531737573, 69.25049432168875, 70.11095719962375, 37.36573227226652, 1.045079121051334, 24.61371598086062, 41.2184998740494, 37.34448026193198, 83.64742184826785, 0.0, 23.788353255424784, 3.085512099117666, 82.43956983717194, 73.79121816185949, 15.041313764551164, 39.11408711379647, 33.64456968442183, 64.82350942399997, 99.38755617056088, 81.65786841745272, 72.78947389536135, 92.18023426744817, 47.48133149995731, 19.949291908384573, 72.45060060532471, 64.27862376894281, 20.979586763037098, 29.272057594956962, 53.44434754174055, 37.18372813114027, 62.88856719364688, 84.73222514195643, 49.290502873077905, 20.96713409041055, 37.63435417789308, 68.25482502305223, 53.575458761903974, 40.36714073939956, 22.95989931683085, 103.83144859384944, 21.87274443978674, 16.760466780059527, 33.60017272571543, 83.8295167633626, 96.02738786166303, 90.95392053071663, 76.47048453742947, 5.050659901454148, 79.06215083133975, 98.73400587755546, 7.407866470410456], [45.92794702597008, 66.3504858792046, 32.07731073751686, 50.82618649698131, 51.28736059357368, 33.866911516092614, 22.831002647856536, 27.38203673510544, 30.28681510699377, 25.667196339062503, 62.822377603597666, 23.788353255424784, 0.0, 21.19093766558447, 58.79739033818226, 50.110683532399094, 25.395684056672685, 35.41597306049513, 43.26561349643945, 46.36063024156737, 77.84704907843245, 58.9260755441372, 49.02077995101339, 74.97812791970671, 51.869237929941335, 21.51194402068678, 56.024752448472526, 41.670100163214464, 5.511636358082431, 28.27049669914024, 43.848887712534406, 19.26540007575272, 43.45177766909901, 67.03907847540191, 41.14586978190669, 22.864658970193247, 15.103792236325479, 45.79211702521273, 32.64892807699946, 37.7618004469457, 25.95840248245653, 81.50512928405719, 24.7095973263888, 28.719991296173166, 10.519870102286752, 61.41219959262063, 72.73791579052468, 69.77485411718422, 53.270704696818186, 27.334342005788464, 63.03092209480331, 75.96011373861597, 16.95890278351347], [62.534334318007424, 83.49984301437769, 22.737730700480775, 66.16678124009768, 67.02566400075656, 34.79073070509534, 2.6072999754307413, 25.305812872558317, 40.64631698287334, 34.33593962750008, 81.92949023289142, 3.085512099117666, 21.19093766558447, 0.0, 79.65953034200926, 71.28883030282005, 13.156175755671825, 36.549752551445465, 32.493641494135495, 61.73880980108031, 96.33771157849112, 79.50930136145236, 70.09849241804149, 89.12353145836661, 45.831929916111264, 17.27208730701827, 69.40018224618643, 61.320719690748724, 18.07843827504345, 26.73074697629315, 53.23554159538135, 35.62228109916138, 59.80553206927281, 81.66221978391322, 46.52841526840421, 18.374029769975078, 34.7320322787646, 65.27936783136856, 51.741130595246304, 40.857371299006616, 20.57347556388023, 101.80876226277766, 22.404884784090473, 18.455841131233463, 31.23729857143477, 81.7652046237344, 93.713817790676, 87.89328914293006, 74.17776140246113, 6.3512045205279595, 76.0281694649109, 96.58747557442264, 4.428375720016317], [51.83771648756472, 32.44916563490084, 80.94205332093692, 37.846988843738075, 36.24707914326756, 69.77333619398401, 81.52263298355193, 79.37295988500196, 65.6286199886389, 57.51427389014698, 43.06294521130589, 82.43956983717194, 58.79739033818226, 79.65953034200926, 0.0, 15.949683203310668, 79.2959505865897, 69.89339180952945, 89.5179584217953, 37.885551309772794, 31.22275310278208, 28.283461354239975, 10.718718231229548, 50.38800319298001, 88.72391224658702, 72.14019796403343, 45.911120609999564, 21.523473560255887, 61.65894616474036, 71.40323291739881, 71.72177590501381, 54.73450401345549, 34.73753227931725, 44.564441962694225, 64.0330825681435, 72.71593597991932, 45.20997936254805, 19.504505761423303, 42.331784546026476, 79.62967730865022, 74.50040466733634, 42.852255847665376, 78.00334732128928, 85.20328811704668, 50.284566630749175, 31.722990864693756, 27.672123682494618, 28.51867759161006, 22.87427917451267, 85.44003540980297, 49.37044291529197, 35.35865380305735, 75.2621910072957], [35.89760188567202, 45.647003261033646, 76.8427843646586, 45.60428703255242, 44.32665450764319, 68.59034545155895, 72.80172367930786, 66.93743137193975, 51.2889646167479, 55.75182594222311, 29.247809344669395, 73.79121816185949, 50.110683532399094, 71.28883030282005, 15.949683203310668, 0.0, 73.3923599186804, 69.10981411594906, 86.61504026125806, 44.10354785990559, 46.881125127115425, 15.63466257956951, 8.250344104115696, 62.935518440012515, 88.57730764151813, 67.00316314797661, 54.27928053682435, 24.598573098934914, 54.03094982205664, 68.38478530046443, 56.2610409599849, 41.8948206695073, 40.04763001628776, 56.123520953469566, 65.73364835309623, 67.85412015125516, 39.04258129845192, 25.375572189058094, 27.52583319427767, 65.32605460993325, 70.15063843155865, 36.236729951563674, 65.97216221482897, 73.92156912124868, 40.28718109628008, 19.405246448178694, 23.767115284156528, 43.11992032239579, 8.467470355648286, 77.43926768591736, 59.161178077969, 29.176202778462592, 67.06484630216781], [70.77682312131154, 77.95165025780642, 9.590850707829949, 59.704906549203486, 60.82425387131158, 23.213216321560996, 15.279878038709134, 38.12013449524613, 51.298434774649486, 26.519612454460354, 88.21060314614205, 15.041313764551164, 25.395684056672685, 13.156175755671825, 79.2959505865897, 73.3923599186804, 0.0, 24.893282712427023, 19.90558041411499, 55.49483204134646, 91.8533667903754, 83.70263697357743, 70.73153817545823, 81.20145761645973, 32.6849920232096, 7.763678144514337, 61.506379681228, 59.162593830546626, 20.227050877270308, 15.213374464258909, 64.48422447593454, 43.581751624227955, 54.39886503107474, 74.21680307200545, 35.77306784296917, 7.931329236723668, 34.52768952504657, 62.75177087606302, 58.03830920184267, 53.33409579771532, 8.6433842088353, 106.43947400305804, 35.12226666426496, 31.583701595414905, 35.80002201031833, 86.38438814040607, 96.76667163806971, 83.16924672351529, 77.61424760328475, 12.601311689427229, 67.70345983908835, 100.59655040244424, 12.908970114595194], [78.65039864277293, 59.4315696186327, 18.21619172648695, 40.774213806875444, 42.264630254672355, 1.7692495247886375, 39.05964293784587, 58.515262235198435, 65.69854090517639, 13.535842068113075, 90.96766638984653, 39.11408711379647, 35.41597306049513, 36.549752551445465, 69.89339180952945, 69.10981411594906, 24.893282712427023, 0.0, 21.39471038335693, 37.35908760528116, 74.48827132111781, 82.61738874908598, 63.91666544629605, 59.00354413409543, 19.502303700032726, 19.318046962278324, 40.0400254586286, 48.3699339924977, 30.58840246628414, 9.843496112399668, 79.26470057518766, 53.98520336969442, 37.982369721392594, 52.88334136522787, 11.450362469784018, 18.17601182277838, 33.39391070849765, 50.81603354334716, 63.34671761998723, 71.8883346068999, 16.311223992148516, 105.00863363417464, 55.43533776547608, 54.43786682069019, 42.366349449234555, 85.95411561036283, 92.71182738911456, 65.76916388881159, 75.51516641020186, 37.455518237170395, 45.3384049270112, 98.20303640065781, 34.18257123976758], [89.19309001211198, 80.8246593205151, 11.223003173658205, 62.16821743365466, 63.65218175770373, 20.7927720431799, 34.16937625168009, 57.779864805091414, 71.00157282093025, 32.04049227724314, 104.98256441444236, 33.64456968442183, 43.26561349643945, 32.493641494135495, 89.5179584217953, 86.61504026125806, 19.90558041411499, 21.39471038335693, 0.0, 58.705064760231636, 95.8724987058104, 98.71289968865047, 82.46331232258261, 79.6005650873835, 15.350853012679, 21.76526642309036, 61.14193861129542, 68.15566652324965, 37.7617096380182, 18.273015785106704, 84.2972011374716, 62.31636502842745, 59.104507398759466, 73.89540837963706, 31.938448642717194, 20.45646370884411, 48.09352289735826, 71.0198453772843, 75.39866418679738, 73.16961415266121, 17.47545142936145, 121.48356895234718, 54.836215865384496, 50.36796343558297, 52.96724600397245, 101.73738664434272, 110.3774502189587, 87.14559354383458, 92.04714044253211, 29.601843939432946, 66.02011831969037, 115.11561724617104, 32.80876053470033], [69.58157798070899, 22.559707196455516, 53.12056843895236, 4.487740784909583, 5.336878665476367, 37.9224069122021, 64.23010300837615, 73.51262315674259, 69.5265225100821, 29.053944961357754, 72.27819713811381, 64.82350942399997, 46.36063024156737, 61.73880980108031, 37.885551309772794, 44.10354785990559, 55.49483204134646, 37.35908760528116, 58.705064760231636, 0.0, 37.21952470150133, 59.70662628088402, 36.411212391993985, 28.694086586251498, 53.93955156829222, 47.75272235887789, 11.482589958315936, 19.560975017597098, 45.62361525086423, 42.704552592304495, 80.90118719299795, 55.570402568499425, 4.375463221618018, 20.691035614113126, 28.475619429165928, 47.62539177110604, 32.29041318567256, 19.152840223526756, 54.20081162476047, 81.14371599718937, 48.03399059269372, 79.19654939049708, 70.98301909602961, 74.69679311269692, 44.4266458249712, 63.468501520288186, 64.69465876217023, 28.469397341127028, 52.360360493634836, 65.76199364827848, 18.134576466425415, 71.7502088821288, 57.62460015601167], [82.38297080303361, 15.417932975026382, 90.21504195632184, 33.743288704964876, 32.224334720680865, 75.11465817871833, 98.65334124881765, 102.76467633456545, 92.67764443778363, 65.85201631032143, 73.97105855992751, 99.38755617056088, 77.84704907843245, 96.33771157849112, 31.22275310278208, 46.881125127115425, 91.8533667903754, 74.48827132111781, 95.8724987058104, 37.21952470150133, 0.0, 59.14342126445116, 39.867303840646805, 28.060380011200994, 89.97959414278277, 84.0973054148946, 36.85714408650373, 36.654616104419844, 78.79775313439606, 79.80627866266262, 100.7132541049581, 80.03583844957858, 37.53345172070719, 27.041627807361195, 64.86888933443666, 84.14501708796699, 62.74883931303546, 32.46958593560725, 70.96642401569439, 106.22423146823772, 84.86034691453834, 69.31220336148121, 100.7872945684723, 106.40655276119291, 72.15421734318075, 62.360912584396175, 54.33379062558032, 8.75996987312319, 54.09419638790581, 101.09465578839557, 35.45863613852012, 62.35537426006125, 91.99050281470281], [29.886209647696145, 60.197060312040385, 88.36146483399176, 61.23653726208827, 59.94872175244329, 81.92085832146276, 80.62484175178922, 70.24144947408091, 51.6270068806869, 69.09539648481206, 14.829004866370507, 81.65786841745272, 58.9260755441372, 79.50930136145236, 28.283461354239975, 15.63466257956951, 83.70263697357743, 82.61738874908598, 98.71289968865047, 59.70662628088402, 59.14342126445116, 0.0, 23.702142246686545, 77.85042035830612, 102.10913633972773, 78.05351860591051, 69.90659105816839, 40.165697162045554, 63.610227025268486, 80.75476701440792, 52.70766879008106, 46.04960092632982, 55.610476924316174, 71.32628747758382, 80.26480134487592, 79.07292881281018, 50.622859546059935, 40.99999657778443, 29.25296610418846, 65.03737114436113, 81.65570493848254, 22.802313142665113, 69.94956121559188, 78.68785411614273, 48.455838746844655, 3.7710362775116533, 15.812534234208641, 56.77749967721559, 7.428422914417718, 85.83871035091187, 74.70054568463601, 17.078682261652784, 75.59281556875993], [42.52432540640411, 37.54595250751843, 73.23597162617068, 37.64180602688288, 36.30634548669745, 63.56485568153848, 71.84402353412531, 68.74048203728545, 54.969166263230214, 50.87920446844312, 37.49739003751487, 72.78947389536135, 49.02077995101339, 70.09849241804149, 10.718718231229548, 8.250344104115696, 70.73153817545823, 63.91666544629605, 82.46331232258261, 36.411212391993985, 39.867303840646805, 23.702142246686545, 0.0, 54.71509751637193, 83.21783985681061, 63.887176524148934, 46.274954873671, 17.20823508033462, 52.280356497852736, 64.1968319704733, 61.47021675937975, 44.03232175786758, 32.50583814787774, 47.87333373425538, 59.5456196588184, 64.5957029410776, 36.243896586544466, 17.403038772189714, 31.869175496624774, 68.95168393564138, 66.63715833912322, 42.99255663823237, 67.43012348268955, 74.78914155864341, 40.054905421186106, 27.464628921290252, 29.182338918128295, 35.4163000070096, 16.70068308553126, 76.0362980495133, 50.99965535931817, 35.646710078019254, 65.74642961327041], [94.42261186110542, 17.994557386359336, 76.84306541774744, 24.309170150416126, 24.174516916066338, 60.16602079586751, 91.6852305184282, 102.19594861796985, 97.57504349481022, 55.03622660227214, 92.14241374671073, 92.18023426744817, 74.97812791970671, 89.12353145836661, 50.38800319298001, 62.935518440012515, 81.20145761645973, 59.00354413409543, 79.6005650873835, 28.694086586251498, 28.060380011200994, 77.85042035830612, 54.71509751637193, 0.0, 70.27966808035544, 73.72430392345514, 19.75941829516469, 42.307227702151984, 73.92298632145088, 66.83443421219886, 108.29054132791596, 83.71140008530966, 32.12693251117617, 8.099023344998056, 47.77055570706317, 73.29446653154159, 60.966209276483156, 39.34071300963718, 80.07700158362006, 109.60808738568923, 72.98402823815816, 92.74017600713074, 99.64412920128977, 103.08268678938053, 72.9610602860973, 81.50449048425911, 77.40473295666371, 23.714378128387953, 71.29534703934172, 92.50329299415405, 13.66827533382083, 85.35117202358917, 85.22232842725373], [96.8730385778308, 74.5835596889949, 23.09538067258328, 56.58595359947448, 58.24365954248341, 20.22210817990017, 47.84606318511477, 70.63029108910874, 81.47205563309902, 33.0138731828816, 110.21577837135914, 47.48133149995731, 51.869237929941335, 45.831929916111264, 88.72391224658702, 88.57730764151813, 32.6849920232096, 19.502303700032726, 15.350853012679, 53.93955156829222, 89.97959414278277, 102.10913633972773, 83.21783985681061, 70.27966808035544, 0.0, 31.443461904356457, 53.54730608666187, 67.26127010102945, 46.50558736764633, 23.62768026692509, 95.02973043790801, 71.07822322218288, 55.44904811068523, 65.65996474097183, 25.465528425474854, 29.985114230620287, 52.47404604619112, 69.38109562405232, 81.98092803144216, 85.45232207539075, 26.89695859310883, 124.51016385311497, 67.5872773400854, 64.19695491001794, 60.233711849854124, 105.43020873135853, 112.12936449536726, 81.48731707620851, 95.01684003662757, 43.96905916644313, 57.207301474075415, 117.69168604799549, 45.18823258304678], [67.43339242707837, 70.19369241805357, 10.637121426203695, 51.98243164650964, 53.08492994551775, 17.552362733240443, 19.817545524155175, 39.937427878623865, 50.14965951929704, 18.84121594511271, 83.5303917736348, 19.949291908384573, 21.51194402068678, 17.27208730701827, 72.14019796403343, 67.00316314797661, 7.763678144514337, 19.318046962278324, 21.76526642309036, 47.75272235887789, 84.0973054148946, 78.05351860591051, 63.887176524148934, 73.72430392345514, 31.443461904356457, 0.0, 53.99008928514391, 51.71639062473408, 16.002851140044918, 9.58392422669972, 63.66260977574645, 40.653327615567974, 46.635474068273844, 66.63713380427924, 29.359066072749755, 1.4585786714879883, 27.96087445783769, 55.22565900633166, 53.72692841287224, 54.22234657871695, 4.594200331523338, 100.85244325580186, 36.851811996719015, 35.16919048529374, 31.27284662015251, 80.90394175750649, 90.58228066257556, 75.40922542378365, 71.69509820495813, 19.030017776186035, 60.30075192019559, 94.77074548482872, 14.948291436189493], [81.03388503567868, 21.501173459359894, 57.504429802115716, 8.704728793040914, 9.969674140013645, 41.05265906677237, 71.96916491649506, 83.39073333969408, 80.59966389643654, 35.277288781600284, 82.97567346247978, 72.45060060532471, 56.024752448472526, 69.40018224618643, 45.911120609999564, 54.27928053682435, 61.506379681228, 40.0400254586286, 61.14193861129542, 11.482589958315936, 36.85714408650373, 69.90659105816839, 46.274954873671, 19.75941829516469, 53.54730608666187, 53.99008928514391, 0.0, 30.206359291096554, 54.56907585943675, 47.341589679397224, 92.20355242931136, 66.62856227097508, 15.81043083223985, 12.873927225979248, 29.249960456624876, 53.58730686882943, 42.75565858683446, 28.90669812877836, 65.68301453777472, 91.85233089560259, 53.37374892881576, 88.3425684459848, 80.73165950858223, 83.71450165676526, 55.16284963696727, 73.67745672565717, 73.43356728280932, 28.795376066881744, 62.679964213371214, 72.74431396847304, 7.033409264520126, 80.83948796682448, 65.53980524417804], [52.1659148148625, 27.865800830446513, 59.95407756469765, 21.5164404679391, 20.47006370041863, 48.2590291277818, 63.453804562077586, 66.11245622933974, 57.15284557742825, 36.115858093048274, 52.80872197865622, 64.27862376894281, 41.670100163214464, 61.320719690748724, 21.523473560255887, 24.598573098934914, 59.162593830546626, 48.3699339924977, 68.15566652324965, 19.560975017597098, 36.654616104419844, 40.165697162045554, 17.20823508033462, 42.307227702151984, 67.26127010102945, 51.71639062473408, 30.206359291096554, 0.0, 43.32366194337923, 50.16675665860049, 66.71400435178978, 43.90772318782348, 15.450148298942866, 34.58325498371483, 42.8634372854892, 52.1456151367801, 26.759463158722156, 4.1879434443881225, 37.85699285424884, 70.25451443538691, 53.67733598535567, 60.20069642300121, 64.13843432919306, 69.95130113311593, 35.499603776590995, 43.92279010345454, 46.20633551982803, 29.240028180131574, 32.80412547808572, 66.64330856251753, 35.779028747396566, 52.84744655279696, 56.897448503079254], [51.431871759775035, 66.55439905872325, 26.583471706742056, 50.11091656479234, 50.75039916112173, 28.975268148411555, 20.135931136684956, 29.758879736386135, 35.251263661268354, 22.07957852482049, 68.03729840570665, 20.979586763037098, 5.511636358082431, 18.07843827504345, 61.65894616474036, 54.03094982205664, 20.227050877270308, 30.58840246628414, 37.7617096380182, 45.62361525086423, 78.79775313439606, 63.610227025268486, 52.280356497852736, 73.92298632145088, 46.50558736764633, 16.002851140044918, 54.56907585943675, 43.32366194337923, 0.0, 22.97108264225759, 48.84771587687419, 24.740816062954462, 43.13786913076584, 66.1307866807211, 37.200508578178066, 17.353031949773232, 16.65746051240823, 47.32903280865325, 37.96972475838421, 41.64038821412863, 20.448570326435885, 86.29686507034687, 26.846672426600172, 29.16351083057394, 15.598119248028642, 66.2208729666849, 77.0456810045781, 70.49743941876527, 57.70746790935353, 23.788143893188412, 61.49076312201064, 80.57595979427748, 13.653349849430796], [73.3799288189773, 65.24101385966136, 10.416426429653713, 46.61767300203456, 47.921953994207264, 8.103582681268135, 29.227549215707633, 49.31712703858913, 58.146505150050416, 14.274384998433842, 87.69243409262857, 29.272057594956962, 28.27049669914024, 26.73074697629315, 71.40323291739881, 68.38478530046443, 15.213374464258909, 9.843496112399668, 18.273015785106704, 42.704552592304495, 79.80627866266262, 80.75476701440792, 64.1968319704733, 66.83443421219886, 23.62768026692509, 9.58392422669972, 47.341589679397224, 50.16675665860049, 22.97108264225759, 0.0, 71.73958407125583, 47.453205973931496, 42.39454152025853, 60.18892930409149, 20.569934054118075, 8.366494395919375, 30.19146184892555, 53.21173041615434, 58.76157145370598, 63.23466417587727, 6.570193577826567, 103.47467931195831, 46.229059373375826, 44.75181231359494, 36.72305718390907, 83.86601019655573, 92.15155832059196, 71.04768235264285, 73.97685803743917, 27.692291404360763, 53.21603883099397, 97.00739877561998, 24.528952144526443], [23.017623953008407, 94.52274610294066, 73.30452787272193, 84.76202027791686, 84.4765215455895, 77.71172987677473, 52.548723193070984, 30.348834240615407, 13.597334248419678, 68.70582854638134, 45.24524309212166, 53.44434754174055, 43.848887712534406, 53.23554159538135, 71.72177590501381, 56.2610409599849, 64.48422447593454, 79.26470057518766, 84.2972011374716, 80.90118719299795, 100.7132541049581, 52.70766879008106, 61.47021675937975, 108.29054132791596, 95.02973043790801, 63.66260977574645, 92.20355242931136, 66.71400435178978, 48.84771587687419, 71.73958407125583, 0.0, 26.377664227971156, 76.82655125402569, 100.26497635755774, 84.25344189266154, 65.11791230853045, 50.99535542115022, 70.39808750241338, 29.752724543538147, 16.540595089349786, 68.25184720118298, 68.31518999113052, 32.30681067233874, 40.76540851922696, 38.704338336374754, 52.45050901508379, 68.20028348040391, 94.83335785319022, 52.43539489068132, 58.482175316100076, 99.02863279010461, 66.52667196928732, 51.753366860117985], [27.229201518324338, 71.52941084656217, 51.0944255906666, 59.66289892084714, 59.58268059883366, 52.54426146448121, 36.14099756360849, 25.045731899330963, 13.971107187062643, 42.6485994969871, 46.51486118069688, 37.18372813114027, 19.26540007575272, 35.62228109916138, 54.73450401345549, 41.8948206695073, 43.581751624227955, 53.98520336969442, 62.31636502842745, 55.570402568499425, 80.03583844957858, 46.04960092632982, 44.03232175786758, 83.71140008530966, 71.07822322218288, 40.653327615567974, 66.62856227097508, 43.90772318782348, 24.740816062954462, 47.453205973931496, 26.377664227971156, 0.0, 51.71330261835265, 75.61616639245148, 58.11280282087255, 42.039470553433176, 24.668234288962015, 47.9621981910429, 16.911110112128753, 26.35146796151732, 45.16010366053003, 67.37803579494445, 24.229718692522148, 32.692542318034164, 12.337382388345638, 47.711896893140924, 61.35342471300262, 73.08117968679409, 42.09483186808441, 41.889477888132696, 73.56952184876808, 62.89452673175281, 32.47395672809371], [65.22719573155327, 23.72949622075791, 52.77504038254918, 7.957928590364126, 7.968990080105808, 38.350091236269854, 62.24335138348389, 70.36518408910445, 65.63952355314932, 28.331461637636455, 68.02141835021088, 62.88856719364688, 43.45177766909901, 59.80553206927281, 34.73753227931725, 40.04763001628776, 54.39886503107474, 37.982369721392594, 59.104507398759466, 4.375463221618018, 37.53345172070719, 55.610476924316174, 32.50583814787774, 32.12693251117617, 55.44904811068523, 46.635474068273844, 15.81043083223985, 15.450148298942866, 43.13786913076584, 42.39454152025853, 76.82655125402569, 51.71330261835265, 0.0, 24.037134628591726, 30.08892332006562, 46.639382675049134, 28.97541484362646, 15.521686231702182, 49.889510156405166, 77.48976441157477, 47.32886164181842, 75.42727944408013, 67.91516475989211, 72.01350948633694, 40.83558032285023, 59.36436451925521, 61.10266442333122, 28.805905839752917, 48.23635512904023, 64.13303039680089, 22.316757599575727, 68.01429055163234, 55.59153149241892], [86.74912488605167, 13.451321247240474, 70.37402391257345, 16.26424888519856, 16.0786730628166, 53.9173149685493, 84.20471485794994, 94.20082646762265, 89.48628226572829, 47.83448277808643, 85.37042427844943, 84.73222514195643, 67.03907847540191, 81.66221978391322, 44.564441962694225, 56.123520953469566, 74.21680307200545, 52.88334136522787, 73.89540837963706, 20.691035614113126, 27.041627807361195, 71.32628747758382, 47.87333373425538, 8.099023344998056, 65.65996474097183, 66.63713380427924, 12.873927225979248, 34.58325498371483, 66.1307866807211, 60.18892930409149, 100.26497635755774, 75.61616639245148, 24.037134628591726, 0.0, 41.960461642082734, 66.28754937964557, 52.91829301593941, 31.846295363374086, 72.21720844039358, 101.51114562419076, 66.16760640408359, 87.33006102333928, 91.6737860541651, 95.26831681240083, 64.87270413080005, 75.03201294500026, 72.03867535993406, 20.53370038177089, 64.55692640870924, 85.24798345697674, 8.720580384698037, 79.86564544044107, 77.68671596059404], [80.53911899334508, 49.56007415180841, 29.654918632381026, 31.246042243829802, 32.87191370426379, 12.864481358437832, 49.10892701687716, 66.57376323591977, 70.94078058100327, 15.57167278484156, 90.15696153941681, 49.290502873077905, 41.14586978190669, 46.52841526840421, 64.0330825681435, 65.73364835309623, 35.77306784296917, 11.450362469784018, 31.938448642717194, 28.475619429165928, 64.86888933443666, 80.26480134487592, 59.5456196588184, 47.77055570706317, 25.465528425474854, 29.359066072749755, 29.249960456624876, 42.8634372854892, 37.200508578178066, 20.569934054118075, 84.25344189266154, 58.11280282087255, 30.08892332006562, 41.960461642082734, 0.0, 28.450933852702978, 34.75937232325241, 44.542168944213536, 64.711642617424, 78.77575481415197, 27.132780451714837, 101.96993473625983, 63.55103103089198, 63.70767458108344, 45.87210743561728, 83.8078342204127, 88.72186331148876, 56.27259500882221, 72.92372210357158, 48.1566478438754, 34.137415232304086, 94.8566682532986, 43.62227699294507], [68.77003297876955, 70.11740475780834, 9.41418854851185, 51.80956758417955, 52.94892567421406, 16.418378461834937, 20.88729749504235, 41.32897679736518, 51.601904633447525, 18.60865681747018, 84.71101659594262, 20.96713409041055, 22.864658970193247, 18.374029769975078, 72.71593597991932, 67.85412015125516, 7.931329236723668, 18.17601182277838, 20.45646370884411, 47.62539177110604, 84.14501708796699, 79.07292881281018, 64.5957029410776, 73.29446653154159, 29.985114230620287, 1.4585786714879883, 53.58730686882943, 52.1456151367801, 17.353031949773232, 8.366494395919375, 65.11791230853045, 42.039470553433176, 46.639382675049134, 66.28754937964557, 28.450933852702978, 0.0, 28.82197514011934, 55.59390925980865, 54.97416336117719, 55.661889155037876, 3.1499343601354943, 101.87488871002999, 38.244935550531565, 36.41433132562042, 32.52727878194502, 81.95483274929187, 91.47513498309266, 75.43789222285167, 72.66064708327083, 19.759560764288533, 59.82013808445367, 95.74589685924172, 16.239174037038875], [45.85364337127949, 51.38401227110315, 37.914968622324146, 36.65913614367141, 36.925510939595036, 32.36841270771062, 36.780054076300466, 41.41227058362395, 38.45785421095679, 20.239266882902793, 57.75969691849564, 37.63435417789308, 15.103792236325479, 34.7320322787646, 45.20997936254805, 39.04258129845192, 34.52768952504657, 33.39391070849765, 48.09352289735826, 32.29041318567256, 62.74883931303546, 50.622859546059935, 36.243896586544466, 60.966209276483156, 52.47404604619112, 27.96087445783769, 42.75565858683446, 26.759463158722156, 16.65746051240823, 30.19146184892555, 50.99535542115022, 24.668234288962015, 28.97541484362646, 52.91829301593941, 34.75937232325241, 28.82197514011934, 0.0, 30.826888905419946, 30.177221756556598, 49.111038531674005, 31.202340271444648, 73.39026550973489, 39.02296293505196, 43.77498352617655, 12.568450446002162, 53.6879360717408, 62.65670872578244, 54.67562524080295, 43.98706766779487, 40.313776941041105, 49.78021231564451, 67.0756358418764, 30.304588368372436], [55.12595146316385, 24.130695879371867, 63.16310764526628, 20.24752593835216, 18.951096004897206, 50.82487470089021, 67.4427918584175, 70.29560218878365, 61.09892290558523, 39.02409116289341, 54.264820549282916, 68.25482502305223, 45.79211702521273, 65.27936783136856, 19.504505761423303, 25.375572189058094, 62.75177087606302, 50.81603354334716, 71.0198453772843, 19.152840223526756, 32.46958593560725, 40.99999657778443, 17.403038772189714, 39.34071300963718, 69.38109562405232, 55.22565900633166, 28.90669812877836, 4.1879434443881225, 47.32903280865325, 53.21173041615434, 70.3980875