instance_id,num_cities,city_coordinates,distance_matrix,best_route,total_distance
1266,70,"[[91.97091987269724, 60.57205915340032], [60.23751154630976, 98.70244146553675], [94.64087554063522, 98.39587199065876], [76.20014230941628, 78.2435003140145], [83.80383193576857, 84.39213381182722], [90.52660170569436, 53.74964988224422], [98.67015809254795, 43.11482798703362], [77.07266147390331, 69.63795909999972], [33.22264556922744, 32.66845081081192], [59.709676174185546, 41.81702265928057], [89.04928261190776, 25.28007495279283], [13.789320699455132, 36.36943909238748], [95.47959788192544, 17.4641044326308], [90.15689560646132, 14.038758136421848], [78.58226525662087, 58.451155733735405], [16.5301330768857, 18.156193092323026], [59.25896503146536, 99.81637779325658], [30.948264937249814, 48.72329655229277], [68.1358776165083, 87.6712948605311], [6.632674756927404, 46.124426902292335], [8.181151010614872, 45.85305807734235], [23.557459711686747, 37.08391253405128], [29.083621780692436, 5.682574234834325], [30.317113426237306, 65.66078619294109], [44.27000408537518, 83.08508761754565], [57.71461120160926, 67.55949449097616], [7.8677889055153605, 83.44254662642899], [56.815179221004456, 59.71212496724591], [12.784084672760454, 6.898725206014744], [52.216353717915034, 3.300355780088482], [73.78094095092959, 48.84861483016678], [71.45224254309238, 21.516314493360046], [74.15144098189809, 32.90851057674696], [20.691864514074044, 12.187303922179627], [73.22733796934986, 11.59120420777363], [65.47325750782409, 71.69647077774354], [75.9581531768738, 69.18874845048816], [29.993091757296387, 1.9119361915565958], [19.964932710016704, 87.34166974802055], [84.58488694933965, 63.715033035835155], [43.168133991836136, 39.13944823290683], [90.91996130375792, 5.257795797175713], [78.10332926289799, 11.129751632099328], [64.70779967936897, 79.49162687853541], [94.76125242631933, 32.908702804915556], [17.102600785388923, 14.688996641383866], [28.126461976646222, 65.58156132355268], [12.101674168854926, 7.318236309658788], [29.801972648197562, 5.006894741977897], [4.502888738171807, 55.273080603287326], [73.49638195908912, 46.19287254035874], [70.11769112986858, 82.70198911451672], [55.68885460495252, 65.90246377574805], [31.858229498871772, 22.999975568052978], [62.89396488211108, 33.32704383230757], [64.17450135475376, 51.69886078342524], [16.92525572211504, 17.831792709031458], [94.82015086662082, 6.608901291969516], [38.84379907387192, 13.498052821544837], [48.33500759716276, 5.114044843218712], [94.13613993407427, 38.967116295623185], [23.610916361783474, 88.38926178083611], [78.0682956801918, 26.345026587478426], [11.965795726127215, 17.35744856451985], [44.74215666866376, 29.76190409475844], [19.54342786640343, 98.43129160467798], [66.05956612200393, 96.63887807103089], [74.64352228424274, 86.95541498170691], [3.6877084278961747, 42.30889823545174], [31.263785497017473, 99.9658614489145]]","[[0.0, 49.60781449811033, 37.91793086148967, 23.685380673392924, 25.181288332858532, 6.973616223358668, 18.698521672107486, 17.439857945493273, 65.03822792921329, 37.316742072031474, 35.4127111797383, 81.84209960101971, 43.25050961064339, 46.568645971031, 13.555600456790149, 86.54720102974065, 51.09000425759782, 62.16234865694901, 36.089857512394595, 86.5525860798074, 85.07275920433158, 72.33321894409377, 83.4725572624809, 61.86345441551496, 52.746694849787595, 34.961678111407366, 87.15730511974833, 35.16625637701007, 95.66285405532034, 69.71709645012172, 21.640574853138904, 44.11765304622068, 32.90601385449924, 86.14980134395441, 52.444694810552704, 28.73810440496446, 18.183949837629356, 85.33616586067596, 76.8210533555725, 8.026940087641727, 53.30167652712654, 55.32424644362903, 51.35028570857117, 33.18475200422382, 27.80372709229925, 87.80957025541478, 64.04068953433739, 95.995135589119, 83.38144574826603, 87.62839519370915, 23.410885476077528, 31.10140521857992, 36.671534921936846, 70.8886239739758, 39.846708413257325, 29.178322976785346, 86.36308287420974, 54.03832458204488, 70.9820613711982, 70.56687743797686, 21.71316959363613, 73.80302732292195, 36.94283039652911, 90.93031649596664, 56.38990803787697, 81.72553505558486, 44.409612473322966, 31.564539786783175, 90.1524734531579, 72.36869366932706], [49.60781449811033, 0.0, 34.40472989239963, 25.94944804655246, 27.57093327840825, 54.205003955486106, 67.57996073381175, 33.58818852306814, 71.34627464379628, 56.887867625208365, 78.87307561055376, 77.73569075911568, 88.55321593911204, 89.79481509191663, 44.23455653394852, 91.64078273164688, 1.4827027429421118, 57.92905051168516, 13.56725403314875, 75.08612483427989, 74.1816823530891, 71.70961797604937, 98.09821887855938, 44.57556737515165, 22.335242011860178, 31.24497035379586, 54.54770609268882, 39.140224056355635, 103.34287610233285, 95.73869085193107, 51.66070566908127, 77.99659215821664, 67.24908009881904, 95.12479815139781, 88.07441880068814, 27.50882564857067, 33.43944749338946, 101.40575348354966, 41.8443274547812, 42.62526759614324, 61.960582735538296, 98.35300975162822, 89.37652626582548, 19.724068370615466, 74.30144501483241, 94.4398191314108, 46.13146654773793, 103.28664866283721, 98.51485930480285, 70.65732491729993, 54.15766310810406, 18.805116964290196, 33.11387649340974, 80.84705926926303, 65.42934632126565, 47.16817238023494, 91.73883220795074, 98.37265414768052, 87.84918199704401, 94.34223647230212, 68.68352116575753, 38.05087581147228, 74.52202594310326, 94.58946251190432, 70.66048199493031, 40.69498702290323, 6.176942072377395, 18.58832366280617, 79.8630825273781, 29.001259131869375], [37.91793086148967, 34.40472989239963, 0.0, 27.316272188909608, 17.70723572653409, 44.83539224477424, 55.427691130101095, 33.699550432034705, 89.95717240872855, 66.49326944015799, 73.32929624620026, 101.90315156225593, 80.93611341813026, 84.47620217473536, 43.05182134474648, 111.98077584097294, 35.41041411808282, 80.77198398055258, 28.592507227909024, 102.3608683863689, 101.17327344578904, 93.87229824777852, 113.54958873243748, 72.17431824917773, 52.646413071379285, 48.108535368877654, 88.05208971759009, 54.10374835292219, 122.76914140335786, 104.1297136039531, 53.759348612262045, 80.30055455147986, 68.61786526476232, 113.57981088302651, 89.40687859563103, 39.54248306361385, 34.67131639283658, 116.13994065515358, 75.48968025407812, 36.109327010603195, 78.49055280164445, 93.21237278270117, 88.81928956776721, 35.40281787902708, 65.48727982254844, 114.10094229566693, 74.16836385089478, 122.91401663086378, 113.69074016756858, 99.92212868949413, 56.32266648897288, 29.115022469071402, 50.72555088310713, 98.11320931135448, 72.40040562221562, 55.75671091198473, 111.93877091639472, 91.78714577589035, 101.59209340253503, 104.14284748345993, 59.430899046647056, 71.73135540919796, 73.93223063416771, 115.76871293112595, 84.85578173701258, 75.09745602703889, 28.635262801607933, 23.03862395705583, 106.85610526710731, 63.39653310154954], [23.685380673392924, 25.94944804655246, 27.316272188909608, 0.0, 9.778639466936196, 28.375978358589464, 41.700422404941875, 8.64966064527991, 62.64303922442068, 39.98529414282233, 54.49976910507795, 75.15682043050359, 63.76387982924436, 65.70418465125127, 19.935180303175134, 84.68172465747388, 27.429774521445683, 54.02938863099563, 12.40627563165556, 76.6241960381588, 75.33740057629821, 66.82337687742061, 86.51620946505865, 47.577064160657244, 32.295118742994035, 21.350944727679337, 68.52985192070855, 26.81769315548806, 95.45508525681969, 78.68733715048916, 29.494267711225262, 56.92553173508455, 45.3812568315106, 86.28203744442723, 66.71855920115729, 12.56700653677851, 9.057984878012453, 89.22779388793083, 56.96644175072096, 16.77439429993976, 51.18828442773468, 74.45526264170641, 67.14072819622358, 11.559920373751083, 48.9873317701914, 86.7853348859043, 49.713211923346286, 95.59815213723597, 86.69711958090245, 75.28702644776384, 32.16446891707424, 7.541507457782231, 23.937713051461575, 70.83821184964789, 46.84594348073266, 29.14161848935948, 84.63501991307966, 74.01500182881534, 74.7493769267139, 78.25843718083782, 43.177938259623765, 53.5589690109212, 51.9320861525964, 88.50515566126214, 57.793338998026194, 60.14590766355171, 21.005266202456177, 8.849888308895512, 80.92804639904803, 49.9112926785736], [25.181288332858532, 27.57093327840825, 17.70723572653409, 9.778639466936196, 0.0, 31.371283919441048, 43.87281196314276, 16.217099839793104, 72.34497769324618, 48.92002076364162, 59.344336337596324, 84.90118368890016, 67.93883003858703, 70.63964104473207, 26.46127552165288, 94.40842335911204, 28.988925363811244, 63.76501324536879, 16.00742608084646, 86.13828935169002, 84.87667658889553, 76.60086922894303, 95.86185982036804, 56.67179581182676, 39.55542837915583, 31.04811081243993, 75.94198013559523, 36.571713275792206, 105.11437998032885, 87.02669271270831, 36.92966402898384, 64.077534405545, 52.38064635471823, 95.8992069374402, 73.5651926921697, 22.29775367012137, 17.108407337714155, 98.48136249074714, 63.907001311238176, 20.691847269752312, 60.81994327106155, 79.45365158505354, 73.48382388915206, 19.7148019554013, 52.636572191302264, 96.47580820277183, 58.76910040915728, 105.26910802607829, 96.01154612176471, 84.47815606291515, 39.56547847186561, 13.790106571624738, 33.64996059961118, 80.41979051428048, 55.18030404789439, 38.133459328631595, 94.35583163793315, 78.55947138330619, 83.94864665019648, 86.85075066156587, 46.585285283223236, 60.32548480781179, 58.329778271943404, 98.2565645270753, 67.1585919567441, 65.77611635457541, 21.560188176819665, 9.512186040427151, 90.49636436070445, 54.79961197216909], [6.973616223358668, 54.205003955486106, 44.83539224477424, 28.375978358589464, 31.371283919441048, 0.0, 13.394661151694532, 20.819387060132684, 61.05866312964511, 33.04648985379193, 28.50787905770111, 78.68088728103145, 36.62202861254031, 39.712612679704584, 12.83632854364017, 82.11194514679488, 55.67592409308386, 59.78998611717271, 40.64507993928654, 84.23974717660917, 82.7232096349568, 69.01168582763724, 78.01079119812857, 61.376360653643175, 54.77445326545821, 35.59969843913701, 87.83021946116186, 34.23464787434686, 90.76843117314382, 63.34671559197806, 17.448131667756314, 37.45422656732122, 26.504697249380207, 81.26696204686611, 45.56971656162557, 30.8181510761449, 21.22746940020987, 79.69601236793783, 78.14968285360017, 11.60227717492378, 49.560896445069, 48.493449499710415, 44.393619192859774, 36.45901696085851, 21.266813155846922, 83.16741274530396, 63.51197970902574, 91.13915418472452, 77.867430629465, 86.03720145309543, 18.631512778421854, 35.422613933935466, 36.896605651270775, 66.23836024409954, 34.36052176109903, 26.431778767874828, 81.89780579789583, 47.33587162024989, 65.50803884880708, 64.38596656827606, 15.216834935745176, 75.34992805258915, 30.10353412729299, 86.58055528182395, 51.68778729365302, 83.87526497908027, 49.37734019652524, 36.808899029295, 87.58929263304054, 75.15330728955742], [18.698521672107486, 67.57996073381175, 55.427691130101095, 41.700422404941875, 43.87281196314276, 13.394661151694532, 0.0, 34.20421529911126, 66.27596616872576, 38.98209140079311, 20.264245873122068, 85.14843996159107, 25.84839053639517, 30.29675685803127, 25.273036765334425, 85.84822167861769, 69.05293541136038, 67.95373229032468, 54.015007400152555, 92.08667669313166, 90.53042751860619, 75.35442521348862, 79.01556591488935, 71.97540515049, 67.50554355706393, 47.69589648622666, 99.3548949002333, 45.02565405840004, 93.20956875833323, 61.18127277193791, 25.541132345397614, 34.7463769621193, 26.558170189822842, 83.88757961815794, 40.510195654893344, 43.805758902771906, 34.57867110841828, 80.08881153273741, 90.28026381588845, 24.955226130619707, 55.64421194936196, 38.64221055386078, 38.0268268139625, 49.76658805441654, 10.929068338176805, 86.3787838114661, 74.0349050685347, 93.6776301182059, 78.7085862063794, 94.94892165970222, 25.36125712755099, 48.80969878813233, 48.64842026553259, 69.77421508153178, 37.090925026076334, 35.54765748711513, 85.56553591499507, 36.708381052629996, 66.7558731845718, 63.06890592785262, 6.144984372350504, 87.65651216279792, 26.564317680644024, 90.44937284516092, 55.55654699535734, 96.54507021823136, 62.675949502688496, 49.99276243920165, 94.98586877563733, 88.17969761896092], [17.439857945493273, 33.58818852306814, 33.699550432034705, 8.64966064527991, 16.217099839793104, 20.819387060132684, 34.20421529911126, 0.0, 57.35475950594382, 32.79447762896598, 45.94628755297128, 71.49528406176054, 55.325639795493586, 57.118021067119564, 11.288200615521403, 79.47181875339747, 35.043754590066996, 50.64467460014832, 20.126283918444962, 74.26087748673837, 72.881834023102, 62.63898759932736, 79.95773373431737, 46.9243985317899, 35.45193361604634, 19.469312403770893, 70.56827207734126, 22.55854096473113, 89.82890724438651, 70.84146843121127, 21.048331505632508, 48.4487542523598, 36.8454327968228, 80.49454668601022, 58.173982727443075, 11.780646955736433, 1.2016317871054456, 82.48211966054106, 59.78891247780384, 9.56632556185261, 45.60346641311855, 65.85251050245675, 58.51728477294676, 15.810900540060564, 40.76670845030137, 81.33754762877027, 49.11399808757229, 90.02764597643159, 80.07304479103726, 73.97784566436786, 23.7162783538467, 14.800016645484009, 21.707628187484996, 64.95726569638603, 38.9809954287935, 22.09465507472215, 79.38255031679785, 65.48003900359737, 67.92006329026962, 70.6341862086325, 35.097904431625174, 56.65482806135423, 43.30437960537542, 83.49943562293916, 51.33577021670801, 64.33248569883845, 29.16055374148815, 17.48699503681578, 78.3085493500093, 54.938463567440785], [65.03822792921329, 71.34627464379628, 89.95717240872855, 62.64303922442068, 72.34497769324618, 61.05866312964511, 66.27596616872576, 57.35475950594382, 0.0, 28.02247592798646, 56.31342203519979, 19.78260422074077, 64.08666210728457, 59.90470996878701, 52.17511831637292, 22.11889683946343, 72.01898381107185, 16.21514350975226, 65.14788274030867, 29.800836236143784, 28.30035898185162, 10.626011476099416, 27.30144780952019, 33.12002884963781, 51.61280264707973, 42.62911340420888, 56.75277581168032, 35.88827045135509, 32.89093384604834, 34.97493323755064, 43.666612325238006, 39.82301130285318, 40.929499418188236, 24.01036967074692, 45.21753795148185, 50.6289276298952, 56.214373163575715, 30.925607663368957, 56.257691200521464, 60.01641531651187, 11.86535071546571, 63.87741581534649, 49.78143560728618, 56.424504839727184, 61.539075837490344, 24.147807686486225, 33.305313852795024, 32.99589077672898, 27.87225658933836, 36.54851187791144, 42.483924323427416, 62.16590176382935, 40.115211157246044, 9.764273896859272, 29.678627571622386, 36.33419711915704, 22.039313497881235, 66.883127767677, 19.977525517182357, 31.42656160464134, 61.238280369600346, 56.54373628895069, 45.28927055918739, 26.196955071879458, 11.880536594894942, 67.17047138617257, 71.90604227215069, 68.28443092486407, 31.068484650681526, 67.32591337201376], [37.316742072031474, 56.887867625208365, 66.49326944015799, 39.98529414282233, 48.92002076364162, 33.04648985379193, 38.98209140079311, 32.79447762896598, 28.02247592798646, 0.0, 33.679120317602425, 46.242353028840206, 43.272993022573935, 41.21486565620544, 25.15688776087236, 49.23726025976858, 58.00110633851083, 29.57896880260424, 46.622045749333864, 53.251495854673784, 51.68634720531705, 36.46073348972723, 47.36722042353936, 37.847692193067644, 44.061736910947765, 25.81966576566091, 66.48507743183545, 18.12768047005797, 58.4918681082539, 39.23880106369588, 15.730345859990043, 23.45221987288312, 16.968387026642567, 48.99295724064474, 33.110833294737574, 30.43025286870596, 31.831185615618338, 49.754309515886426, 60.432922530578594, 33.14059398321091, 16.756850019595436, 48.06931418924193, 35.777577853225026, 38.00469762609041, 36.16588392928926, 50.510322398637285, 39.52534271797442, 58.79360606848685, 47.42843290144194, 56.82301359834475, 14.464484732655551, 42.188947099489305, 24.418752627159964, 33.6122647725696, 9.067493317222347, 10.843679661666286, 49.048933619252885, 49.7228040575292, 35.17597020461523, 38.4251436666597, 34.54422344318289, 58.92447638111724, 24.008781156322243, 53.64465383554615, 19.218546348588937, 69.41543741376408, 55.188376793816495, 47.54465502127602, 56.02412705030503, 64.73373269787733], [35.4127111797383, 78.87307561055376, 73.32929624620026, 54.49976910507795, 59.344336337596324, 28.50787905770111, 20.264245873122068, 45.94628755297128, 56.31342203519979, 33.679120317602425, 0.0, 76.07256972184092, 10.121183213629942, 11.295751870138124, 34.78331572020837, 72.86821489541802, 80.26906915287444, 62.6523175452766, 65.80300016015498, 85.01167130762819, 83.44400723435461, 66.54704687992279, 63.08678556809449, 71.27460654057975, 73.12047096763679, 52.62519310061576, 99.86645098123573, 47.1657024713217, 78.44905630541834, 42.89257168579277, 28.081992967517948, 17.995046873500595, 16.737344929876468, 69.59998033233995, 20.92173784717725, 52.06064503141395, 45.81865644267655, 63.511444538922866, 92.8670498610457, 38.693369347695445, 47.92871818038365, 20.109477898583094, 17.889816790533676, 59.425585008080155, 9.530087201433762, 72.72204593962367, 73.0465596578565, 79.01621411170848, 62.619849678804975, 89.70882400858619, 26.062191420810127, 60.46223103755935, 52.56516556133539, 57.23648669670767, 27.365203337349698, 36.286457354722344, 72.50760072697396, 19.542662210811436, 51.56943496674367, 45.43479900204841, 14.601753940415048, 90.91176623288251, 11.032506332594432, 77.48956032497837, 44.5332258185757, 100.90671108283226, 74.97069992172688, 63.33540477726734, 87.04354754698673, 94.43055851449392], [81.84209960101971, 77.73569075911568, 101.90315156225593, 75.15682043050359, 84.90118368890016, 78.68088728103145, 85.14843996159107, 71.49528406176054, 19.78260422074077, 46.242353028840206, 76.07256972184092, 0.0, 83.84934743184485, 79.56548126627732, 68.45237668786041, 18.418316490579166, 78.05768755344569, 21.143489813543198, 74.73572541960044, 12.09865150825045, 11.017740072747362, 9.794233612750112, 34.287013873320426, 33.63258758086544, 55.78013873054472, 53.87254125680041, 47.44409332781137, 48.95003049405275, 29.487853032084374, 50.69715117950494, 61.27580540059429, 59.545175000999464, 60.461256943455, 25.14797750322951, 64.3959534518544, 62.603741834730826, 70.29986343050788, 38.07731217740694, 51.34497523337656, 75.89330476900918, 29.50911081525744, 83.16892489721516, 69.0893155313586, 66.72491724304896, 81.0458538312194, 21.932154700328123, 32.540769893330314, 29.100180994891943, 35.21383549917522, 21.061469106977327, 60.509776143763794, 72.93552294252083, 51.261783898396565, 22.477277862991926, 49.19880333121735, 52.665525717007114, 18.801021831291447, 86.32314317580284, 33.9238440711575, 46.58652329703753, 80.3888007621259, 52.938886405853886, 65.05594108644303, 19.099241533633712, 31.65023812361651, 62.32802970210132, 79.77834186879234, 79.13390428379465, 11.718350796807552, 65.95348251996262], [43.25050961064339, 88.55321593911204, 80.93611341813026, 63.76387982924436, 67.93883003858703, 36.62202861254031, 25.84839053639517, 55.325639795493586, 64.08666210728457, 43.272993022573935, 10.121183213629942, 83.84934743184485, 0.0, 6.329625325576812, 44.33348874394573, 78.952498248726, 89.96572220435438, 71.7037657559944, 75.34406828498737, 93.35518107124155, 91.79842871849505, 74.55018999919095, 67.43315279769362, 81.04979650278233, 83.23782752428464, 62.73549492960286, 109.67672454280962, 57.269821978771986, 83.3677104347324, 45.52274235464264, 38.15519893149685, 24.36666187549753, 26.33286839477609, 74.97365994753045, 23.01421361393749, 61.98007762206289, 55.285853544523086, 67.30789271259171, 102.88507564477973, 47.51676675620208, 56.62428616048314, 13.030128787888042, 18.494829994411933, 69.24100739732242, 15.461294870571832, 78.42611106719198, 82.77520506724666, 83.99295686348556, 66.84857911443522, 98.52045617890947, 36.17463060347197, 69.99434199895784, 62.68634545406934, 63.86175995194794, 36.24163799273438, 46.38995161642009, 78.55520267193745, 10.875215197457786, 56.77449490755611, 48.735370779139146, 21.544939044648878, 100.9726959544573, 19.545439945945407, 83.51387026112496, 52.206549564197516, 111.0044472765825, 84.46409325533948, 72.54780691475439, 95.09476719907052, 104.5476468937853], [46.568645971031, 89.79481509191663, 84.47620217473536, 65.70418465125127, 70.63964104473207, 39.712612679704584, 30.29675685803127, 57.118021067119564, 59.90470996878701, 41.21486565620544, 11.295751870138124, 79.56548126627732, 6.329625325576812, 0.0, 45.895894457754174, 73.74180246781738, 91.17281474107219, 68.61981602165018, 76.85490028450452, 89.47505579028645, 87.932771949793, 70.47385332669676, 61.64227920181486, 79.0293193191281, 82.90357307308192, 62.58570952972427, 107.64935177884406, 56.54844373801336, 77.70155688291914, 39.43092699852542, 38.46944259953723, 20.14392948985336, 24.74352713131473, 69.48970015314332, 17.105567573802404, 62.71916626370063, 56.9484479000383, 61.373798188504345, 101.49004141290764, 49.987794193754134, 53.27277317162916, 8.81405518825754, 12.399628238010743, 70.2263092443188, 19.423565932047264, 73.05718857112899, 80.65007908669526, 78.34400428429585, 61.0269717557233, 95.06249650569058, 36.21408273166307, 71.52767998758173, 62.272705201591876, 58.983369586529896, 33.396187757988635, 45.75334023253382, 73.32980425052006, 8.772042085538603, 51.31594526071184, 42.763545503479804, 25.243958206514677, 99.78158520394008, 17.25046351165307, 78.26149632261023, 48.05950303129925, 110.03800039743963, 86.04336756249315, 74.54866596611626, 90.97318919627098, 104.17228759146485], [13.555600456790149, 44.23455653394852, 43.05182134474648, 19.935180303175134, 26.46127552165288, 12.83632854364017, 25.273036765334425, 11.288200615521403, 52.17511831637292, 25.15688776087236, 34.78331572020837, 68.45237668786041, 44.33348874394573, 45.895894457754174, 0.0, 73.98750652863053, 45.656013050035284, 48.61717012208567, 31.031331671663622, 72.99788912535423, 71.51943058805213, 59.02786043227605, 72.35080441407156, 48.80065217359584, 42.239340273493596, 22.768856376118162, 75.00071189237119, 21.80357947424659, 83.58859767612907, 61.12914220561289, 10.735991192858272, 37.616747883717494, 25.924099316452594, 74.10561707842571, 47.16492662209332, 18.63556961225072, 11.053590437407042, 74.54925303305292, 65.35023699183337, 7.98372541095064, 40.337361587453415, 54.60542358678243, 47.323827675246456, 25.203218466090984, 30.235352279380592, 75.46440029523554, 50.95714639285443, 83.87040264722626, 72.35886939358915, 74.14751639061767, 13.271462457662048, 25.68563674137166, 24.075511267736022, 58.650845625882425, 29.619989322690717, 15.911541337907186, 73.83440578260807, 54.32576069129855, 59.99939296352487, 61.316751333260655, 24.930920767349093, 62.595042878852546, 32.11024281256102, 78.2716218154219, 44.36469439598645, 71.30214291764004, 40.18855721379548, 28.77510193688334, 76.61440543208548, 62.948465568097205], [86.54720102974065, 91.64078273164688, 111.98077584097294, 84.68172465747388, 94.40842335911204, 82.11194514679488, 85.84822167861769, 79.47181875339747, 22.11889683946343, 49.23726025976858, 72.86821489541802, 18.418316490579166, 78.952498248726, 73.74180246781738, 73.98750652863053, 0.0, 92.16365251873046, 33.796898382475, 86.57656867382256, 29.667857752868205, 28.927872917677533, 20.19014321140298, 17.696927587536234, 49.46480761924276, 70.60638631055353, 64.31832886115743, 65.85851626269411, 57.87728757316647, 11.86437785378195, 38.65491231250963, 64.95906214197022, 55.02479917317006, 59.479794853760914, 7.276513346427457, 57.07602054867104, 72.53958066941286, 78.33269610698191, 21.09803637044318, 69.2706866473534, 81.89662643625097, 33.9098818788821, 75.49976951227744, 61.97281152372472, 77.99437798330644, 79.60995275394569, 3.514138657862554, 48.82253983376068, 11.70779891879831, 18.682766730680672, 39.016893070626516, 63.49180188166855, 83.89151424441238, 61.75039947957888, 16.07522219423081, 48.782779869930714, 58.26745562003572, 0.511231369785488, 79.13701304345238, 22.794691509369116, 34.375102533697024, 80.34791114205555, 70.58910276617124, 62.08061251793767, 4.633699199583904, 30.505914230114332, 80.3316337855569, 92.80461507510253, 90.05830854368985, 27.35472603766834, 83.12582240346701], [51.09000425759782, 1.4827027429421118, 35.41041411808282, 27.429774521445683, 28.988925363811244, 55.67592409308386, 69.05293541136038, 35.043754590066996, 72.01898381107185, 58.00110633851083, 80.26906915287444, 78.05768755344569, 89.96572220435438, 91.17281474107219, 45.656013050035284, 92.16365251873046, 0.0, 58.412316257107484, 15.043357885966593, 75.18212565854762, 74.30331728739012, 72.18005042666277, 98.85203241551282, 44.76868561736634, 22.463415171946973, 32.29383144082981, 53.936586197943484, 40.17864089065227, 103.89227433586822, 96.77262463816973, 52.996232376152996, 79.24377533436525, 68.54522985150973, 95.74066967501965, 89.32411038863148, 28.79837845335789, 34.88430254245824, 102.18498433644936, 41.22668209901117, 44.09885955764009, 62.77423535510042, 99.71832386308783, 90.66657445352041, 21.04246417997792, 75.74331246131425, 94.99384226477044, 46.273701010105434, 103.8254123970645, 99.28017161910326, 70.58564454328449, 55.4813874770499, 20.268552793110864, 34.1013086617575, 81.557096310201, 66.58862331122938, 48.367943315143926, 92.26925346680291, 99.7608721580783, 88.69967433422806, 95.33029273114755, 70.13593910396112, 37.434774666308925, 75.84082256579183, 95.05850236824264, 71.54276350698143, 39.73968238498147, 7.50630932465341, 20.05215615099904, 79.97046183179808, 27.995578624655693], [62.16234865694901, 57.92905051168516, 80.77198398055258, 54.02938863099563, 63.76501324536879, 59.78998611717271, 67.95373229032468, 50.64467460014832, 16.21514350975226, 29.57896880260424, 62.6523175452766, 21.143489813543198, 71.7037657559944, 68.61981602165018, 48.61717012208567, 33.796898382475, 58.412316257107484, 0.0, 53.8503956252977, 24.45408042178411, 22.94732545312112, 13.787648900603244, 43.08109413315616, 16.949245043863232, 36.85378432593848, 32.729797511271734, 41.690942656191844, 28.10429868358916, 45.598598805015556, 50.15550965524562, 42.83285933910586, 48.79336096898515, 46.00675902296521, 37.948287275029976, 56.26999465377215, 41.46977026692002, 49.44415800416456, 46.82110437213548, 40.149873413228626, 55.69236378229762, 15.529821258476646, 74.066551971654, 60.30650637553646, 45.67708765966952, 65.74343121312367, 36.74283584907158, 17.092795647475985, 45.49255980143893, 43.73142775227951, 27.244404809527847, 42.623295365143974, 51.853596755646, 30.120102317174783, 25.739410987076592, 35.4622664642964, 33.35920815854987, 33.92535625672903, 76.50647097022133, 36.09926945511726, 46.94747762071372, 63.93661392203173, 40.33888299928379, 52.16401311089772, 36.66265889625705, 23.447939206391037, 50.999559613201605, 59.40291594833837, 58.06005851031057, 28.005043241651244, 51.24353627930185], [36.089857512394595, 13.56725403314875, 28.592507227909024, 12.40627563165556, 16.00742608084646, 40.64507993928654, 54.015007400152555, 20.126283918444962, 65.14788274030867, 46.622045749333864, 65.80300016015498, 74.73572541960044, 75.34406828498737, 76.85490028450452, 31.031331671663622, 86.57656867382256, 15.043357885966593, 53.8503956252977, 0.0, 74.22119777480074, 73.09811331383503, 67.42639389395192, 90.81425546523283, 43.75752982842357, 24.30253518215029, 22.65143059047558, 60.41626294718613, 30.164107699110684, 97.91848135403873, 85.8596913718751, 39.230947283868595, 66.23805329043921, 55.09219132613346, 89.15585941061352, 76.25026663728038, 16.19520145966635, 20.069691495926953, 93.85914826171985, 48.172072675971144, 29.05980709923859, 54.57772768075456, 85.50496650682504, 77.18780947865412, 8.868973257304752, 60.89213473358186, 89.05510202941889, 45.70240330199222, 97.96145147195871, 91.12020257374178, 71.40589303866152, 41.82337295074849, 5.349914429138937, 25.07609197319264, 74.15151577666306, 54.59647670805883, 36.18989521011245, 86.6030245175065, 85.34144415201237, 79.74770027983264, 84.89861002362785, 55.20969706731488, 44.53074950226415, 62.12539021117061, 89.99508364633711, 62.45609432752401, 49.76950575051472, 9.204814938902821, 6.546901795689151, 78.81188704335779, 38.867821457658394], [86.5525860798074, 75.08612483427989, 102.3608683863689, 76.6241960381588, 86.13828935169002, 84.23974717660917, 92.08667669313166, 74.26087748673837, 29.800836236143784, 53.251495854673784, 85.01167130762819, 12.09865150825045, 93.35518107124155, 89.47505579028645, 72.99788912535423, 29.667857752868205, 75.18212565854762, 24.45408042178411, 74.22119777480074, 0.0, 1.572074981477892, 19.187997441297025, 46.255685806615, 30.702149263750577, 52.75091467914187, 55.39698866788664, 37.338553355814945, 51.9895113748096, 39.705106945051334, 62.544167234826624, 67.20350327718752, 69.3335096783358, 68.80003079117087, 36.73403235141428, 75.01594922444956, 64.15717891579338, 73.0615144014482, 50.00453396721163, 43.31985930184269, 79.91230699858626, 37.19717339419016, 93.67191794400925, 79.5781487141921, 66.97828132321544, 89.11398075188893, 33.13314996691223, 28.992464002453154, 39.189671890428784, 47.196057205331336, 9.393287658025606, 66.86374223465049, 73.2684472420547, 52.89309523793781, 34.22088341274136, 57.69840361734476, 57.81121103479358, 30.106649971702552, 96.63595452448239, 45.84797504163654, 58.48876816063884, 87.7956918825092, 45.54752414021465, 74.12336078124082, 29.257156764764243, 41.473663501166946, 53.876670654816095, 77.99528956414919, 79.32619346045182, 4.819863658508405, 59.208037379470525], [85.07275920433158, 74.1816823530891, 101.17327344578904, 75.33740057629821, 84.87667658889553, 82.7232096349568, 90.53042751860619, 72.881834023102, 28.30035898185162, 51.68634720531705, 83.44400723435461, 11.017740072747362, 91.79842871849505, 87.932771949793, 71.51943058805213, 28.927872917677533, 74.30331728739012, 22.94732545312112, 73.09811331383503, 1.572074981477892, 0.0, 17.70109552626843, 45.283341930947905, 29.70432502460424, 51.85199456080941, 54.08080121699339, 37.59079468687551, 50.57017337351922, 39.22533680860251, 61.23586816786163, 65.66814905624194, 67.79017710541588, 67.22827135134713, 35.91519114805727, 73.51789624608683, 62.851153107089615, 71.68177221467391, 49.056935816642934, 43.129600154644294, 78.46388350580291, 35.62529347628686, 92.16119600092131, 78.06932190069483, 65.77853236971283, 87.54239141451686, 32.41590645451721, 28.05404195240718, 38.733744855118715, 46.21546264513031, 10.11268696905965, 65.3161149160129, 72.06926335495845, 51.56511000343842, 32.90695102733562, 56.12836212293926, 56.297679277568136, 29.353886966583808, 95.11267075339606, 44.57627565593435, 57.20139332274307, 86.23036770797891, 45.24827382671343, 72.558778122815, 28.74583964906775, 39.94536733113251, 53.79193225942557, 77.00071719300804, 78.14506087020037, 5.722944629214903, 58.830294097202106], [72.33321894409377, 71.70961797604937, 93.87229824777852, 66.82337687742061, 76.60086922894303, 69.01168582763724, 75.35442521348862, 62.63898759932736, 10.626011476099416, 36.46073348972723, 66.54704687992279, 9.794233612750112, 74.55018999919095, 70.47385332669676, 59.02786043227605, 20.19014321140298, 72.18005042666277, 13.787648900603244, 67.42639389395192, 19.187997441297025, 17.70109552626843, 0.0, 31.883891139489023, 29.365466562899822, 50.44915860045949, 45.77632678053976, 48.941686984788255, 40.22576170667544, 32.050134847735315, 44.30192899421483, 51.58300386663037, 50.361297950152576, 50.76598193944009, 25.06098075114585, 55.82987537098521, 54.3595740698882, 61.45366681373726, 35.755912513366, 50.38599418921898, 66.58500923201522, 19.71810773708731, 74.50240484233393, 60.40588012124453, 59.09115598276269, 71.3260995234608, 23.306596954468795, 28.861596771955902, 31.894051224307006, 32.67918316370903, 26.342408964170957, 50.76287134932981, 65.18331121242504, 43.16173575584383, 16.34809039374499, 39.515499509242716, 43.166431218789896, 20.362471547339535, 77.50546729649805, 28.106315117317074, 40.44748841876831, 70.60379988599504, 51.30537709585619, 55.55857188012273, 22.880123572553966, 22.414352382882416, 61.47856025062815, 73.16572263994085, 71.39294464828879, 20.545254723646927, 63.352402925549086], [83.4725572624809, 98.09821887855938, 113.54958873243748, 86.51620946505865, 95.86185982036804, 78.01079119812857, 79.01556591488935, 79.95773373431737, 27.30144780952019, 47.36722042353936, 63.08678556809449, 34.287013873320426, 67.43315279769362, 61.64227920181486, 72.35080441407156, 17.696927587536234, 98.85203241551282, 43.08109413315616, 90.81425546523283, 46.255685806615, 45.283341930947905, 31.883891139489023, 0.0, 59.99089440349435, 78.87823074502109, 68.17981237584617, 80.60226343552029, 60.730812858149385, 16.34484423656447, 23.25506937520355, 62.138212089534235, 45.230601984525094, 52.6532044347392, 10.617584392284051, 44.53739537851144, 75.37930833545276, 78.93196980387964, 3.878768733987281, 82.16664998890568, 80.30041537757043, 36.30063225274122, 61.837798491965486, 49.32143006075831, 81.95644149862287, 71.09720981964048, 14.988679349932777, 59.906634099613115, 17.06053736299689, 0.9861900151147789, 55.348267893288615, 60.11303964587344, 87.26846575803678, 65.83519962719743, 17.53826778577473, 43.67328702950201, 57.869408645702464, 17.188059074489466, 65.74305543615911, 12.503710102750581, 19.259778854486505, 73.07318836818669, 82.88755436996632, 53.16422870940179, 20.720102785659677, 28.722880101773363, 93.23808167092122, 98.18487494249952, 93.17177242577236, 44.56949657356406, 94.3084904010382], [61.86345441551496, 44.57556737515165, 72.17431824917773, 47.577064160657244, 56.67179581182676, 61.376360653643175, 71.97540515049, 46.9243985317899, 33.12002884963781, 37.847692193067644, 71.27460654057975, 33.63258758086544, 81.04979650278233, 79.0293193191281, 48.80065217359584, 49.46480761924276, 44.76868561736634, 16.949245043863232, 43.75752982842357, 30.702149263750577, 29.70432502460424, 29.365466562899822, 59.99089440349435, 0.0, 22.32239767321901, 27.463211348138774, 28.638491153526985, 27.15757833905479, 61.321993678463336, 66.09387268596744, 46.60207515795286, 60.33931743975441, 54.718916567272295, 54.3328512300113, 69.02758192484426, 35.67049137722259, 45.77718893957837, 63.749673462230085, 24.02557714832684, 54.30264448904045, 29.47083468054134, 85.56416551113456, 72.5062490704328, 37.067660501192016, 72.28932160228142, 52.65687680088309, 2.1920835644484735, 61.120007806140464, 60.65607898773565, 27.825862496304662, 47.36505983334687, 43.29536444652139, 25.372892198047595, 42.688637855076834, 45.89904297283214, 36.62319044653177, 49.668445420118886, 87.45151199032016, 52.855038746641306, 63.17081920020391, 69.17673132632802, 23.697187208966994, 61.853895269456615, 51.67188101255488, 38.68864960741189, 34.49606246345878, 47.29867969739206, 49.17612975314747, 35.41801634401356, 34.31813480257332], [52.746694849787595, 22.335242011860178, 52.646413071379285, 32.295118742994035, 39.55542837915583, 54.77445326545821, 67.50554355706393, 35.45193361604634, 51.61280264707973, 44.061736910947765, 73.12047096763679, 55.78013873054472, 83.23782752428464, 82.90357307308192, 42.239340273493596, 70.60638631055353, 22.463415171946973, 36.85378432593848, 24.30253518215029, 52.75091467914187, 51.85199456080941, 50.44915860045949, 78.87823074502109, 22.32239767321901, 0.0, 20.53780666092837, 36.40397020853424, 26.526907136639917, 82.43618707072034, 80.17947310164566, 45.19990557073845, 67.30221327407918, 58.400249610186485, 74.71562352385655, 77.13561142998779, 24.068206190333665, 34.60125770966918, 82.41911633868807, 24.674987051561914, 44.72682410851032, 43.95945107286663, 90.73756587307135, 79.51266735147593, 20.751299930960478, 71.18311423288554, 73.59411024588519, 23.81149689836421, 82.31292247715136, 79.40735568183541, 48.52763333605846, 47.06608860866317, 25.850525913665564, 20.630867875035293, 61.35367012971809, 53.129227710291694, 37.165632598269596, 70.75116790179186, 91.67292083548837, 69.798274423704, 78.07693490952862, 66.58098000212136, 21.329138968218462, 66.04361468320768, 73.23717917289379, 53.325273830208815, 29.101710402093126, 25.661064853296335, 30.619112359484134, 57.5292998510796, 21.310144230247918], [34.961678111407366, 31.24497035379586, 48.108535368877654, 21.350944727679337, 31.04811081243993, 35.59969843913701, 47.69589648622666, 19.469312403770893, 42.62911340420888, 25.81966576566091, 52.62519310061576, 53.87254125680041, 62.73549492960286, 62.58570952972427, 22.768856376118162, 64.31832886115743, 32.29383144082981, 32.729797511271734, 22.65143059047558, 55.39698866788664, 54.08080121699339, 45.77632678053976, 68.17981237584617, 27.463211348138774, 20.53780666092837, 0.0, 52.316125985740534, 7.898745870687638, 75.48828481561165, 64.49393570888742, 24.662197170876436, 48.048901539654125, 38.351793431994295, 66.60903287600354, 58.07834543954743, 8.792676799599574, 18.316148401556056, 71.26068025901176, 42.618924014092904, 27.143905441905975, 31.926462825143183, 70.59813691266477, 60.000130860704644, 13.830418229385243, 50.72603858476586, 66.66802031642257, 29.654186789953872, 75.56155908940835, 68.49776000988487, 54.61175124225085, 26.563072522248866, 19.57374606790289, 2.61714359180151, 51.51798910477783, 34.62205052630343, 17.12570823048769, 64.31652855173833, 71.35682087328823, 57.26034426841743, 63.14595114088596, 46.30390746012555, 39.961746797126864, 45.96634460583239, 67.92053837103866, 39.961761927742735, 49.092841578375385, 30.253079546045814, 25.744703574258907, 59.63638851053734, 41.83083551481192], [87.15730511974833, 54.54770609268882, 88.05208971759009, 68.52985192070855, 75.94198013559523, 87.83021946116186, 99.3548949002333, 70.56827207734126, 56.75277581168032, 66.48507743183545, 99.86645098123573, 47.44409332781137, 109.67672454280962, 107.64935177884406, 75.00071189237119, 65.85851626269411, 53.936586197943484, 41.690942656191844, 60.41626294718613, 37.338553355814945, 37.59079468687551, 48.941686984788255, 80.60226343552029, 28.638491153526985, 36.40397020853424, 52.316125985740534, 0.0, 54.396506604923275, 76.70154210777838, 91.59457382711533, 74.43979936624183, 88.75720235895183, 83.34993300569306, 72.40004508324226, 97.1312826085945, 58.79081825195706, 69.56628830868253, 84.47940260303663, 12.709998007242767, 79.21292776266266, 56.64696717812382, 114.06366030554966, 100.8075961879137, 56.97715850782742, 100.51936815369663, 69.37097653920371, 27.007936437138742, 76.24195961297855, 81.44482735568012, 28.369726279347876, 75.46290774751556, 62.25430709894686, 50.936321333981674, 65.02957508711091, 74.42743891143152, 64.63828167379246, 66.23298826674741, 116.03500465806259, 76.49670201761386, 88.16433508080233, 97.05819023810933, 16.502001482339768, 90.48888299686185, 66.21203701559052, 65.12549716159498, 18.999553183377543, 59.669306173352034, 66.8680702005703, 41.34549676508819, 28.64249621161793], [35.16625637701007, 39.140224056355635, 54.10374835292219, 26.81769315548806, 36.571713275792206, 34.23464787434686, 45.02565405840004, 22.55854096473113, 35.88827045135509, 18.12768047005797, 47.1657024713217, 48.95003049405275, 57.269821978771986, 56.54844373801336, 21.80357947424659, 57.87728757316647, 40.17864089065227, 28.10429868358916, 30.164107699110684, 51.9895113748096, 50.57017337351922, 40.22576170667544, 60.730812858149385, 27.15757833905479, 26.526907136639917, 7.898745870687638, 54.396506604923275, 0.0, 68.76039907865584, 56.5989125234133, 20.145791708816343, 40.90432202655144, 31.92146168703409, 59.695079200730696, 50.84271795960855, 14.784683430032908, 21.360239804792226, 63.72037506493607, 46.05792453762323, 28.056727184807855, 24.68758537205659, 64.25270520588576, 53.04179796237806, 21.29605957820599, 46.45780786170628, 60.0347480235568, 29.28297765370648, 68.87972925841272, 61.0112739036378, 52.500293812753625, 21.471672290973938, 26.561074462367657, 6.291971209785703, 44.39179263041448, 27.076265281810098, 10.879890861033285, 57.83742928939432, 65.3018394418606, 49.58539067790848, 55.25272539883896, 42.699057288