instance_id,num_cities,city_coordinates,distance_matrix,best_route,total_distance
763,39,"[[44.215691295478635, 16.743317323680508], [13.460741728356407, 14.682423140711176], [31.980493809443043, 98.78552930744662], [28.600858649970252, 9.775979013533664], [8.466977036463541, 89.77434792846003], [38.76886285926568, 26.32566240924328], [63.429710416269316, 5.421757874160327], [98.44889482990165, 22.117268374513223], [95.07089103213893, 71.15595651416527], [12.027069713507954, 98.09240815211508], [91.82294221865628, 11.141886946853031], [38.72993536846702, 53.59790104663292], [2.6494224919326403, 6.863119010229468], [29.20021379570745, 29.292106717150933], [2.0247062895087597, 96.43316287819371], [26.96503293697422, 8.345755380353514], [13.749530443072967, 69.78310069487517], [15.915352689724294, 45.958039658572936], [53.40840730563895, 31.90515320221413], [66.47136388804485, 57.65546546288621], [2.2099924266887783, 2.842238674858788], [66.70314917243986, 85.00563028612461], [69.03501288738143, 45.435309678626666], [86.6489086745601, 44.730009023925774], [67.58675804623779, 2.343001277177703], [64.91845023273044, 15.594778193999904], [32.95243839551546, 67.60419466124824], [57.77212265627205, 34.05731847413962], [96.00485190609179, 21.926617132969916], [79.20279085205149, 63.14701745175471], [36.047207394611824, 26.53278993304905], [25.221304174544645, 78.89776801055082], [14.609843676058299, 22.76870031539119], [69.04570654672543, 98.11459022441007], [64.54353451256974, 26.219461595247473], [78.49889482279013, 8.876036225506024], [37.62368155576621, 93.42688191885641], [16.11886936749104, 80.07192830823236], [81.20631486892226, 51.510605065364125]]","[[0.0, 30.82392265286215, 82.94953046709493, 17.09873684443603, 81.31114316235475, 11.022217442617753, 22.301485133128008, 54.49880471627703, 74.47809506109492, 87.48589565158608, 47.935648141324265, 37.260620760836126, 42.72438438364866, 19.568767968061007, 90.1695663751143, 19.186043375168627, 61.167030148176345, 40.67442889955816, 17.73096993542788, 46.5737998010879, 44.24611536684527, 71.87091993811384, 37.93717371627176, 50.83141596950609, 27.451336275445797, 20.734593551511125, 52.093086963969036, 21.9898037071276, 52.04789864792684, 58.11540691553122, 12.749819732384346, 64.99201860449094, 30.2127697085377, 85.07534137963923, 22.428074373743904, 35.174311023426704, 76.96638013724551, 69.28163083881431, 50.76485525701051], [30.82392265286215, 0.0, 86.11802183072999, 15.915286185716315, 75.25778932527135, 27.857961444460802, 50.81985589228606, 85.31273698142782, 99.24452851955269, 83.42230526093596, 78.44214340660237, 46.399855256969175, 13.342643692943122, 21.474958327377898, 82.5467525356642, 14.917078780790447, 55.10143433568403, 31.37179152589177, 43.502165645468764, 68.24081204221339, 16.33307466567109, 88.20491717392245, 63.51566456607963, 79.11615004760115, 55.51474555800296, 51.465795983977436, 56.397164288964625, 48.362020728254876, 82.86138106278217, 81.67517324570771, 25.506462404768698, 65.28339257271433, 8.167515768700007, 100.25275466610167, 52.36940877016205, 65.2968260097232, 82.36830366934869, 65.44351020994526, 77.1088689063657], [82.94953046709493, 86.11802183072999, 0.0, 89.07368846823266, 25.181081408036928, 72.77715483077044, 98.5182574015091, 101.46955488567428, 68.8751879449834, 19.96545892505883, 106.12505207462083, 45.6889123223148, 96.48855506992949, 69.5490168174087, 30.048008815176534, 90.57873677495716, 34.256516032621164, 55.216233317733064, 70.22919752337918, 53.67776327900227, 100.4559494006691, 37.35703966450343, 64.95601064213092, 76.88065333350573, 102.80548266395938, 89.47407470413883, 31.1964790737129, 69.67746691903793, 100.03204891599408, 59.16121081645168, 72.36709546809529, 21.00499211908504, 77.9762641838134, 37.07128477019843, 79.53732333341975, 101.23081832668397, 7.782073616684481, 24.531408281941793, 68.2502741465154], [17.09873684443603, 15.915286185716315, 89.07368846823266, 0.0, 82.493104062554, 19.42370536479783, 35.09997374770243, 70.92993431044775, 90.47522778564635, 89.85812225670237, 63.23683701173095, 44.97731701473781, 26.114398175404144, 19.525328861113174, 90.64082628506848, 2.172893325546839, 61.81760754015242, 38.341408085628984, 33.24326729694799, 61.04605138451438, 27.286527355075915, 84.32843514292391, 53.91204589307661, 67.75957737194558, 39.688153267254165, 36.7807814255593, 57.9917129534938, 37.95452660390509, 68.4904103767876, 73.54606234570342, 18.336816021851096, 69.20435754055181, 19.093436223686158, 97.15706846163093, 39.52548630414327, 49.90615103297153, 84.13610931143113, 71.39552187420983, 67.14992952855724], [81.31114316235475, 75.25778932527135, 25.181081408036928, 82.493104062554, 0.0, 70.3131565109589, 100.6790023264452, 112.57986473412613, 88.58263045443064, 9.047893995483015, 114.5918009784246, 47.16547419456564, 83.11507577816329, 63.93722396583887, 9.265131888530572, 83.50325596324953, 20.677411260793626, 44.444877885689635, 73.27056607467506, 66.30332951568303, 87.1569932689685, 58.43109115020347, 75.06288883168739, 90.2297451066473, 105.54330335886006, 93.21682998267251, 33.031099192386655, 74.4001663694654, 110.75285147926436, 75.58154592537257, 68.99394005487333, 19.975171302407066, 67.28663777154127, 61.15016034838035, 84.75732343106765, 107.00002965055248, 29.384594994264013, 12.356714884329747, 82.18956920557305], [11.022217442617753, 27.857961444460802, 72.77715483077044, 19.42370536479783, 70.3131565109589, 0.0, 32.328480122666356, 59.82822742124057, 71.96994960337834, 76.5871353111768, 55.18407717779468, 27.272266419281483, 41.029313521040336, 10.01792577001105, 79.15298266033123, 21.508311361004207, 50.14494926611709, 30.12827846939364, 15.66674755991763, 41.82086946285987, 43.451377395827144, 64.98971443127148, 35.794112033750224, 51.295406827396036, 37.49185402167782, 28.265753056365345, 41.68630492646627, 20.51590574209111, 57.404791102408005, 54.68742744079731, 2.7295256509873855, 54.28961810209197, 24.419463287133954, 77.91237013803456, 25.774890444937473, 43.393143395873544, 67.110990902349, 58.323951368732466, 49.34793480647393], [22.301485133128008, 50.81985589228606, 98.5182574015091, 35.09997374770243, 100.6790023264452, 32.328480122666356, 0.0, 38.795403695069126, 72.95306149579818, 105.97207601135393, 28.963692595944025, 54.13889228998516, 60.79737594740284, 41.730708031174345, 109.7891177331145, 36.58172310164236, 81.3049981972496, 62.45641945445952, 28.316015682597573, 52.32219284688748, 61.27403846673839, 79.65116539871975, 40.404254030997365, 45.653803524031275, 5.17298629239345, 10.281375815958953, 69.24968992426761, 29.189101221811494, 36.517806919844816, 59.84142093679181, 34.57567275299946, 82.816703466726, 51.81019012309584, 92.86280515711769, 20.827507872705787, 15.460024502125012, 91.71070266698138, 88.37965618047383, 49.398274274312605], [54.49880471627703, 85.31273698142782, 101.46955488567428, 70.92993431044775, 112.57986473412613, 59.82822742124057, 38.795403695069126, 0.0, 49.15489644090149, 115.06934309656364, 12.820383983683858, 67.50840208887634, 97.00632955153579, 69.61938042110509, 121.73937863959796, 72.79833158304818, 97.19060601892367, 85.90790390658637, 46.09173684971744, 47.80717453928282, 98.15015591275285, 70.4467063195581, 37.53541662468738, 25.506385728751276, 36.65369184803004, 34.15894601768124, 79.74237435941015, 42.39297808419403, 2.4514676643445767, 45.31945308217673, 62.557712757145325, 92.66231797287716, 83.84158193850088, 81.48705669965459, 34.15261992100084, 23.944367377478386, 93.72709082057138, 100.68254913675065, 34.07748238254243], [74.47809506109492, 99.24452851955269, 68.8751879449834, 90.47522778564635, 88.58263045443064, 71.96994960337834, 72.95306149579818, 49.15489644090149, 0.0, 87.30319974688395, 60.10189445870401, 59.01346114995109, 112.5846206257135, 78.0482417445333, 96.41851303940206, 92.64733818814547, 81.33294794336088, 83.0694544591381, 57.23974240765195, 31.62587882559851, 115.2818742684212, 31.56805730177613, 36.59806858848105, 27.73554556139583, 74.09858550899843, 63.21561691929494, 62.2199097574745, 52.607100915954355, 49.23819796482185, 17.77469291522913, 73.99339312309534, 70.27731091484773, 93.88986475697604, 37.471030930879856, 54.32502251882468, 64.44702886498663, 61.6131154463363, 79.4538625742489, 24.045089014860167], [87.48589565158608, 83.42230526093596, 19.96545892505883, 89.85812225670237, 9.047893995483015, 76.5871353111768, 105.97207601135393, 115.06934309656364, 87.30319974688395, 0.0, 118.01599216514944, 51.892236382204565, 91.70999653661583, 70.91120049195271, 10.139051678770914, 90.98134110355139, 28.36166003028442, 52.27916528334757, 78.05874594635186, 67.8183419305979, 95.7547376995072, 56.220435963386244, 77.60589928969475, 91.73856599405389, 110.70152611654629, 97.99671975089416, 36.97840202527166, 78.69626788357024, 113.37325797363832, 75.72158108283396, 75.48341522399258, 23.292102377779436, 75.36797518584248, 57.01864114798489, 89.01516456063788, 111.25675059566512, 26.018333398518447, 18.479191492381904, 83.40043368643688], [47.935648141324265, 78.44214340660237, 106.12505207462083, 63.23683701173095, 114.5918009784246, 55.18407717779468, 28.963692595944025, 12.820383983683858, 60.10189445870401, 118.01599216514944, 0.0, 67.98073631283316, 89.27611368954099, 65.19997387150178, 123.84799120689416, 64.91815422613365, 97.6434819950672, 83.51123659567392, 43.66680338855186, 52.97372471537479, 89.99647177448962, 78.0183092791335, 41.17436782595824, 33.98429884196191, 25.783968124930002, 27.270495585516322, 81.57038931392623, 41.043578242543724, 11.567141990189612, 53.51450101933, 57.86028421890635, 95.00861860313947, 78.08357942394652, 89.90580392978342, 31.168884196788323, 13.515336418258931, 98.53111312649686, 102.38387201281263, 41.74142042162588], [37.260620760836126, 46.399855256969175, 45.6889123223148, 44.97731701473781, 47.16547419456564, 27.272266419281483, 54.13889228998516, 67.50840208887634, 59.01346114995109, 51.892236382204565, 67.98073631283316, 0.0, 59.041877184113154, 26.107225651941608, 56.41040239102334, 46.7564927750651, 29.7654383117419, 24.059772751087184, 26.192228760681672, 28.036595465549862, 62.52874135362287, 42.05884147838595, 31.385117831043136, 48.732612403158264, 58.81990280026996, 46.15274268500263, 15.151096728992208, 27.284414305171964, 65.4483482536552, 41.5841033943703, 27.197743821360373, 28.680418147672757, 39.14356193523272, 53.858904532893575, 37.62872370364958, 59.84659830899952, 39.84434106392098, 34.81572094827855, 42.527633604282705], [42.72438438364866, 13.342643692943122, 96.48855506992949, 26.114398175404144, 83.11507577816329, 41.029313521040336, 60.79737594740284, 97.00632955153579, 112.5846206257135, 91.70999653661583, 89.27611368954099, 59.041877184113154, 0.0, 34.75635205849196, 89.57222241768153, 24.360770142198497, 63.891599539557, 41.284352053931435, 56.60015914986987, 81.56655357274508, 4.044821065709936, 101.04024925822641, 76.77799492765809, 92.14019230636973, 65.09446223153758, 62.87824494915366, 67.88041723572108, 61.465734827549205, 94.56291649899475, 95.01734279096618, 38.75961804014121, 75.4882805426997, 19.900733442684768, 112.8507755181025, 64.85020509675937, 75.87617734562723, 93.36211140481518, 74.43759640104484, 90.35808403775157], [19.568767968061007, 21.474958327377898, 69.5490168174087, 19.525328861113174, 63.93722396583887, 10.01792577001105, 41.730708031174345, 69.61938042110509, 78.0482417445333, 70.91120049195271, 65.19997387150178, 26.107225651941608, 34.75635205849196, 0.0, 72.43224165135139, 21.0652716050803, 43.33871490212276, 21.312926955564762, 24.348811982258823, 46.8360838301498, 37.78978127752659, 67.1600094575779, 42.98155674855703, 59.48681678251942, 46.90182366937045, 38.254532056244045, 38.49539286828556, 28.96655345437826, 67.20944955788653, 60.38553380672902, 7.382083070412024, 49.764981202939225, 15.982294306853158, 79.52482334892912, 35.47663269449545, 53.35893444709944, 64.68557953112924, 52.43769496146535, 56.553481039516804], [90.1695663751143, 82.5467525356642, 30.048008815176534, 90.64082628506848, 9.265131888530572, 79.15298266033123, 109.7891177331145, 121.73937863959796, 96.41851303940206, 10.139051678770914, 123.84799120689416, 56.41040239102334, 89.57222241768153, 72.43224165135139, 0.0, 91.55004780431756, 29.115241984341253, 52.351581842879604, 82.48726424641791, 75.2135725282086, 93.59110761278025, 65.68020611191308, 84.20903883375875, 99.16890514563642, 114.67929691386028, 102.422983092396, 42.2804212570614, 83.65715986505897, 119.93120164910914, 84.05012917356548, 77.74054745959184, 29.078724638543004, 74.73177856644963, 67.04208882037045, 94.01365714743476, 116.25210509706334, 35.725687750050156, 21.594800983617734, 91.03715361142652], [19.186043375168627, 14.917078780790447, 90.57873677495716, 2.172893325546839, 83.50325596324953, 21.508311361004207, 36.58172310164236, 72.79833158304818, 92.64733818814547, 90.98134110355139, 64.91815422613365, 46.7564927750651, 24.360770142198497, 21.0652716050803, 91.55004780431756, 0.0, 62.84263604800555, 39.20177753867874, 35.416059545494974, 63.183840447055346, 25.359430726921552, 86.34728891234427, 56.084919997020734, 69.89977779835493, 41.06284948314922, 38.639490371620745, 59.56015152879026, 40.12681464679959, 70.36289085329143, 75.7097198291779, 20.328652653334068, 70.57355791065409, 18.991367572457257, 99.14245710446112, 41.612656182024395, 51.53659009520406, 85.74616541536781, 72.54159597814184, 69.32042205548544], [61.167030148176345, 55.10143433568403, 34.256516032621164, 61.81760754015242, 20.677411260793626, 50.14494926611709, 81.3049981972496, 97.19060601892367, 81.33294794336088, 28.36166003028442, 97.6434819950672, 29.7654383117419, 63.891599539557, 43.33871490212276, 29.115241984341253, 62.84263604800555, 0.0, 23.923300762804804, 54.84127478694272, 54.09871771234079, 67.92819698486372, 55.09819546674483, 60.40943218133117, 77.08421854575951, 86.29376620280222, 74.52940794008272, 19.32613011788327, 56.69497456082895, 95.16396864305035, 65.78880527092113, 48.65979632540317, 14.65191976573478, 47.02227112657654, 62.13163759831451, 66.91652636691974, 88.89404192550407, 33.60064704613885, 10.558112548942821, 69.88778048848027], [40.67442889955816, 31.37179152589177, 55.216233317733064, 38.341408085628984, 44.444877885689635, 30.12827846939364, 62.45641945445952, 85.90790390658637, 83.0694544591381, 52.27916528334757, 83.51123659567392, 24.059772751087184, 41.284352053931435, 21.312926955564762, 52.351581842879604, 39.20177753867874, 23.923300762804804, 0.0, 40.040139387710326, 51.891618193424335, 45.24167541555948, 64.06336398743511, 53.122232126921155, 70.74421532181648, 67.61808711082938, 57.647473626997744, 27.546657070256618, 43.515702415818986, 83.61720608422999, 65.58018593085022, 27.975558989190333, 34.229029155673196, 23.226058920057874, 74.45226838650976, 52.48153514673241, 72.74458553412215, 52.19715057058099, 34.114495714277986, 65.52664133680403], [17.73096993542788, 43.502165645468764, 70.22919752337918, 33.24326729694799, 73.27056607467506, 15.66674755991763, 28.316015682597573, 46.09173684971744, 57.23974240765195, 78.05874594635186, 43.66680338855186, 26.192228760681672, 56.60015914986987, 24.348811982258823, 82.48726424641791, 35.416059545494974, 54.84127478694272, 40.040139387710326, 0.0, 28.874199836461973, 58.872155446709, 54.73948143564909, 20.67017020451339, 35.628750442654315, 32.786376075473406, 19.9627007464438, 41.14447988668438, 4.865575713010032, 43.74960885179038, 40.5142481643947, 18.173429765636495, 54.79798015846616, 39.85979567272961, 68.03098322346528, 12.502725581410688, 34.05690521135508, 63.514413098782725, 60.914266504278864, 34.0161345195943], [46.5737998010879, 68.24081204221339, 53.67776327900227, 61.04605138451438, 66.30332951568303, 41.82086946285987, 52.32219284688748, 47.80717453928282, 31.62587882559851, 67.8183419305979, 52.97372471537479, 28.036595465549862, 81.56655357274508, 46.8360838301498, 75.2135725282086, 63.183840447055346, 54.09871771234079, 51.891618193424335, 28.874199836461973, 0.0, 84.46309071428843, 27.35114696454921, 12.486172495339453, 23.962486051478315, 55.32370918894915, 42.08934490286012, 34.964204250005146, 25.150533579052862, 46.35490823520509, 13.865293930756787, 43.52298508228069, 46.398306476571435, 62.5036291838703, 40.540942472923035, 31.495060966239492, 50.24036442056164, 45.95414030542315, 55.11688952525519, 15.964901807211206], [44.24611536684527, 16.33307466567109, 100.4559494006691, 27.286527355075915, 87.1569932689685, 43.451377395827144, 61.27403846673839, 98.15015591275285, 115.2818742684212, 95.7547376995072, 89.99647177448962, 62.52874135362287, 4.044821065709936, 37.78978127752659, 93.59110761278025, 25.359430726921552, 67.92819698486372, 45.24167541555948, 58.872155446709, 84.46309071428843, 0.0, 104.45185583845912, 79.24489294020154, 94.25770993362401, 65.3786717580947, 63.99201469401759, 71.68827608004862, 63.73014610468614, 95.71671309595504, 97.79855496222268, 41.30616583153628, 79.46045564234653, 23.469558677531627, 116.37797752030473, 66.5730051931099, 76.52714120940409, 97.26102492454652, 78.47217225629471, 92.78485246266112], [71.87091993811384, 88.20491717392245, 37.35703966450343, 84.32843514292391, 58.43109115020347, 64.98971443127148, 79.65116539871975, 70.4467063195581, 31.56805730177613, 56.220435963386244, 78.0183092791335, 42.05884147838595, 101.04024925822641, 67.1600094575779, 65.68020611191308, 86.34728891234427, 55.09819546674483, 64.06336398743511, 54.73948143564909, 27.35114696454921, 104.45185583845912, 0.0, 39.63896897454874, 44.94395387782992, 82.6673514715008, 69.4337924821928, 37.97262750659108, 51.725174829320224, 69.5525102599983, 25.180150856608563, 66.02166178794536, 41.92910022891956, 81.1612464771292, 13.31662140767667, 58.82582396219699, 77.03800819908527, 30.274294639693252, 50.82431286886239, 36.50011684582674], [37.93717371627176, 63.51566456607963, 64.95601064213092, 53.91204589307661, 75.06288883168739, 35.794112033750224, 40.404254030997365, 37.53541662468738, 36.59806858848105, 77.60589928969475, 41.17436782595824, 31.385117831043136, 76.77799492765809, 42.98155674855703, 84.20903883375875, 56.084919997020734, 60.40943218133117, 53.122232126921155, 20.67017020451339, 12.486172495339453, 79.24489294020154, 39.63896897454874, 0.0, 17.628011056699286, 43.11663815107208, 30.123137409218653, 42.348691164353134, 16.00972767436734, 35.77751866607534, 20.422739801004035, 38.01973913588509, 55.130546784782304, 58.95654521515545, 52.679281631166, 19.73378310296606, 37.76434213259125, 57.35732509552465, 63.24407952615316, 13.603301289097926], [50.83141596950609, 79.11615004760115, 76.88065333350573, 67.75957737194558, 90.2297451066473, 51.295406827396036, 45.653803524031275, 25.506385728751276, 27.73554556139583, 91.73856599405389, 33.98429884196191, 48.732612403158264, 92.14019230636973, 59.48681678251942, 99.16890514563642, 69.89977779835493, 77.08421854575951, 70.74421532181648, 35.628750442654315, 23.962486051478315, 94.25770993362401, 44.94395387782992, 17.628011056699286, 0.0, 46.476058484984826, 36.346588555257135, 58.365565952871684, 30.7859561215417, 24.648090300957495, 19.86531827224025, 53.774259223781854, 70.29072733140849, 75.31219002293004, 56.21197590464602, 28.83206431997092, 36.7686019752433, 69.10034966477633, 78.88940171756374, 8.69472886353202], [27.451336275445797, 55.51474555800296, 102.80548266395938, 39.688153267254165, 105.54330335886006, 37.49185402167782, 5.17298629239345, 36.65369184803004, 74.09858550899843, 110.70152611654629, 25.783968124930002, 58.81990280026996, 65.09446223153758, 46.90182366937045, 114.67929691386028, 41.06284948314922, 86.29376620280222, 67.61808711082938, 32.786376075473406, 55.32370918894915, 65.3786717580947, 82.6673514715008, 43.11663815107208, 46.476058484984826, 0.0, 13.517746041439235, 73.88206453247949, 33.19826777269384, 34.51240456147192, 61.90363964343261, 39.74781919202866, 87.4955084067504, 56.77818804246051, 95.78270083999884, 24.069619165999107, 12.718304708814985, 95.88565724612532, 93.22408306037065, 51.019070849226715], [20.734593551511125, 51.465795983977436, 89.47407470413883, 36.7807814255593, 93.21682998267251, 28.265753056365345, 10.281375815958953, 34.15894601768124, 63.21561691929494, 97.99671975089416, 27.270495585516322, 46.15274268500263, 62.87824494915366, 38.254532056244045, 102.422983092396, 38.639490371620745, 74.52940794008272, 57.647473626997744, 19.9627007464438, 42.08934490286012, 63.99201469401759, 69.4337924821928, 30.123137409218653, 36.346588555257135, 13.517746041439235, 0.0, 61.047565996038294, 19.797358193098166, 31.72469942090264, 49.651362975809064, 30.873755259462563, 74.720358168837, 50.81752701851815, 82.62296062364042, 10.63129621325496, 15.15156654946553, 82.4793353959997, 80.86224075225905, 39.43654592203425], [52.093086963969036, 56.397164288964625, 31.1964790737129, 57.9917129534938, 33.031099192386655, 41.68630492646627, 69.24968992426761, 79.74237435941015, 62.2199097574745, 36.97840202527166, 81.57038931392623, 15.151096728992208, 67.88041723572108, 38.49539286828556, 42.2804212570614, 59.56015152879026, 19.32613011788327, 27.546657070256618, 41.14447988668438, 34.964204250005146, 71.68827608004862, 37.97262750659108, 42.348691164353134, 58.365565952871684, 73.88206453247949, 61.047565996038294, 0.0, 41.730200439452055, 77.85915449297266, 46.46462666406174, 41.187836572285654, 13.686315623232696, 48.442464163991886, 47.26106477065188, 52.06432065072106, 74.32009342254132, 26.24179280968487, 20.947874080999313, 50.86688727248358], [21.9898037071276, 48.362020728254876, 69.67746691903793, 37.95452660390509, 74.4001663694654, 20.51590574209111, 29.189101221811494, 42.39297808419403, 52.607100915954355, 78.69626788357024, 41.043578242543724, 27.284414305171964, 61.465734827549205, 28.96655345437826, 83.65715986505897, 40.12681464679959, 56.69497456082895, 43.515702415818986, 4.865575713010032, 25.150533579052862, 63.73014610468614, 51.725174829320224, 16.00972767436734, 30.7859561215417, 33.19826777269384, 19.797358193098166, 41.730200439452055, 0.0, 40.11103963896571, 36.1314838600057, 22.991095513089498, 55.409581287515664, 44.61406982892087, 65.04173858241403, 10.357799910290108, 32.61435359052971, 62.6953327002641, 62.06720412362016, 29.21948968573635], [52.04789864792684, 82.86138106278217, 100.03204891599408, 68.4904103767876, 110.75285147926436, 57.404791102408005, 36.517806919844816, 2.4514676643445767, 49.23819796482185, 113.37325797363832, 11.567141990189612, 65.4483482536552, 94.56291649899475, 67.20944955788653, 119.93120164910914, 70.36289085329143, 95.16396864305035, 83.61720608422999, 43.74960885179038, 46.35490823520509, 95.71671309595504, 69.5525102599983, 35.77751866607534, 24.648090300957495, 34.51240456147192, 31.72469942090264, 77.85915449297266, 40.11103963896571, 0.0, 44.51326384466287, 60.134316020299025, 90.86265823637508, 81.39936405681149, 80.81709449299358, 31.752842482417858, 21.835205412925713, 92.30736111451574, 98.80611022515623, 33.07883069917261], [58.11540691553122, 81.67517324570771, 59.16121081645168, 73.54606234570342, 75.58154592537257, 54.68742744079731, 59.84142093679181, 45.31945308217673, 17.77469291522913, 75.72158108283396, 53.51450101933, 41.5841033943703, 95.01734279096618, 60.38553380672902, 84.05012917356548, 75.7097198291779, 65.78880527092113, 65.58018593085022, 40.5142481643947, 13.865293930756787, 97.79855496222268, 25.180150856608563, 20.422739801004035, 19.86531827224025, 61.90363964343261, 49.651362975809064, 46.46462666406174, 36.1314838600057, 44.51326384466287, 0.0, 56.59510615188899, 56.232437676836184, 76.17517521900028, 36.4128755689035, 39.73082151129143, 54.27554580913808, 51.436295764940986, 65.31488159194582, 11.80763319689099], [12.749819732384346, 25.506462404768698, 72.36709546809529, 18.336816021851096, 68.99394005487333, 2.7295256509873855, 34.57567275299946, 62.557712757145325, 73.99339312309534, 75.48341522399258, 57.86028421890635, 27.197743821360373, 38.75961804014121, 7.382083070412024, 77.74054745959184, 20.328652653334068, 48.65979632540317, 27.975558989190333, 18.173429765636495, 43.52298508228069, 41.30616583153628, 66.02166178794536, 38.01973913588509, 53.774259223781854, 39.74781919202866, 30.873755259462563, 41.187836572285654, 22.991095513089498, 60.134316020299025, 56.59510615188899, 0.0, 53.47233966816397, 21.76531492653655, 78.82166630593605, 28.498049650124006, 45.97724129380303, 66.91266556778653, 57.12773402192857, 51.60655226480867], [64.99201860449094, 65.28339257271433, 21.00499211908504, 69.20435754055181, 19.975171302407066, 54.28961810209197, 82.816703466726, 92.66231797287716, 70.27731091484773, 23.292102377779436, 95.00861860313947, 28.680418147672757, 75.4882805426997, 49.764981202939225, 29.078724638543004, 70.57355791065409, 14.65191976573478, 34.229029155673196, 54.79798015846616, 46.398306476571435, 79.46045564234653, 41.92910022891956, 55.130546784782304, 70.29072733140849, 87.4955084067504, 74.720358168837, 13.686315623232696, 55.409581287515664, 90.86265823637508, 56.232437676836184, 53.47233966816397, 0.0, 57.12333441106838, 47.85252866127222, 65.73615265241258, 87.98604768631654, 19.102725346576996, 9.177852244469433, 62.324779314778034], [30.2127697085377, 8.167515768700007, 77.9762641838134, 19.093436223686158, 67.28663777154127, 24.419463287133954, 51.81019012309584, 83.84158193850088, 93.88986475697604, 75.36797518584248, 78.08357942394652, 39.14356193523272, 19.900733442684768, 15.982294306853158, 74.73177856644963, 18.991367572457257, 47.02227112657654, 23.226058920057874, 39.85979567272961, 62.5036291838703, 23.469558677531627, 81.1612464771292, 58.95654521515545, 75.31219002293004, 56.77818804246051, 50.81752701851815, 48.442464163991886, 44.61406982892087, 81.39936405681149, 76.17517521900028, 21.76531492653655, 57.12333441106838, 0.0, 92.9530327243607, 50.0527844776578, 65.38208448760334, 74.31160986993721, 57.3230939232779, 72.53404072570667], [85.07534137963923, 100.25275466610167, 37.07128477019843, 97.15706846163093, 61.15016034838035, 77.91237013803456, 92.86280515711769, 81.48705669965459, 37.471030930879856, 57.01864114798489, 89.90580392978342, 53.858904532893575, 112.8507755181025, 79.52482334892912, 67.04208882037045, 99.14245710446112, 62.13163759831451, 74.45226838650976, 68.03098322346528, 40.540942472923035, 116.37797752030473, 13.31662140767667, 52.679281631166, 56.21197590464602, 95.78270083999884, 82.62296062364042, 47.26106477065188, 65.04173858241403, 80.81709449299358, 36.4128755689035, 78.82166630593605, 47.85252866127222, 92.9530327243607, 0.0, 72.03595681067178, 89.73785315237956, 31.769769651201788, 55.917687209135146, 48.164424915807494], [22.428074373743904, 52.36940877016205, 79.53732333341975, 39.52548630414327, 84.75732343106765, 25.774890444937473, 20.827507872705787, 34.15261992100084, 54.32502251882468, 89.01516456063788, 31.168884196788323, 37.62872370364958, 64.85020509675937, 35.47663269449545, 94.01365714743476, 41.612656182024395, 66.91652636691974, 52.48153514673241, 12.502725581410688, 31.495060966239492, 66.5730051931099, 58.82582396219699, 19.73378310296606, 28.83206431997092, 24.069619165999107, 10.63129621325496, 52.06432065072106, 10.357799910290108, 31.752842482417858, 39.73082151129143, 28.498049650124006, 65.73615265241258, 50.0527844776578, 72.03595681067178, 0.0, 22.260873409277234, 72.39831372186902, 72.42262329884319, 30.286798893743654], [35.174311023426704, 65.2968260097232, 101.23081832668397, 49.90615103297153, 107.00002965055248, 43.393143395873544, 15.460024502125012, 23.944367377478386, 64.44702886498663, 111.25675059566512, 13.515336418258931, 59.84659830899952, 75.87617734562723, 53.35893444709944, 116.25210509706334, 51.53659009520406, 88.89404192550407, 72.74458553412215, 34.05690521135508, 50.24036442056164, 76.52714120940409, 77.03800819908527, 37.76434213259125, 36.7686019752433, 12.718304708814985, 15.15156654946553, 74.32009342254132, 32.61435359052971, 21.835205412925713, 54.27554580913808, 45.97724129380303, 87.98604768631654, 65.38208448760334, 89.73785315237956, 22.260873409277234, 0.0, 93.91287753596647, 94.65792426024869, 42.72044690153414], [76.96638013724551, 82.36830366934869, 7.782073616684481, 84.13610931143113, 29.384594994264013, 67.110990902349, 91.71070266698138, 93.72709082057138, 61.6131154463363, 26.018333398518447, 98.53111312649686, 39.84434106392098, 93.36211140481518, 64.68557953112924, 35.725687750050156, 85.74616541536781, 33.60064704613885, 52.19715057058099, 63.514413098782725, 45.95414030542315, 97.26102492454652, 30.274294639693252, 57.35732509552465, 69.10034966477633, 95.88565724612532, 82.4793353959997, 26.24179280968487, 62.6953327002641, 92.30736111451574, 51.436295764940986, 66.91266556778653, 19.102725346576996, 74.31160986993721, 31.769769651201788, 72.39831372186902, 93.91287753596647, 0.0, 25.31425948343954, 60.46834040857772], [69.28163083881431, 65.44351020994526, 24.531408281941793, 71.39552187420983, 12.356714884329747, 58.323951368732466, 88.37965618047383, 100.68254913675065, 79.4538625742489, 18.479191492381904, 102.38387201281263, 34.81572094827855, 74.43759640104484, 52.43769496146535, 21.594800983617734, 72.54159597814184, 10.558112548942821, 34.114495714277986, 60.914266504278864, 55.11688952525519, 78.47217225629471, 50.82431286886239, 63.24407952615316, 78.88940171756374, 93.22408306037065, 80.86224075225905, 20.947874080999313, 62.06720412362016, 98.80611022515623, 65.31488159194582, 57.12773402192857, 9.177852244469433, 57.3230939232779, 55.917687209135146, 72.42262329884319, 94.65792426024869, 25.31425948343954, 0.0, 71.07830011533326], [50.76485525701051, 77.1088689063657, 68.2502741465154, 67.14992952855724, 82.18956920557305, 49.34793480647393, 49.398274274312605, 34.07748238254243, 24.045089014860167, 83.40043368643688, 41.74142042162588, 42.527633604282705, 90.35808403775157, 56.553481039516804, 91.03715361142652, 69.32042205548544, 69.88778048848027, 65.52664133680403, 34.0161345195943, 15.964901807211206, 92.78485246266112, 36.50011684582674, 13.603301289097926, 8.69472886353202, 51.019070849226715, 39.43654592203425, 50.86688727248358, 29.21948968573635, 33.07883069917261, 11.80763319689099, 51.60655226480867, 62.324779314778034, 72.53404072570667, 48.164424915807494, 30.286798893743654, 42.72044690153414, 60.46834040857772, 71.07830011533326, 0.0]]",Route_3,2059.195388745411
