instance_id,num_cities,city_coordinates,distance_matrix,best_route,total_distance
2262,59,"[[99.82400245190635, 16.706968247173837], [54.37338688906682, 26.386022446847523], [20.23091637296438, 94.76441786217885], [96.43764029976354, 55.80855724941307], [76.68647306368499, 22.276239194629788], [36.652238546970814, 22.600389466343373], [50.9867995513557, 28.380080593955103], [90.28274226876182, 76.51515046871754], [48.14094532870003, 0.1734726226082728], [62.90919268947645, 94.89663509099293], [38.0787060972777, 5.270363011481328], [55.459329094115596, 52.24275511880219], [76.30060777503724, 78.73825375709376], [53.01093033118066, 49.14787468954576], [2.390058123353378, 25.171239893535223], [41.31779275665078, 88.722978901421], [64.50105007254714, 77.39131723932172], [1.8360313047108723, 27.18814739507437], [29.221327200600566, 14.995384449806926], [87.4340902287787, 22.66049304760215], [48.726072059987814, 77.77437614075676], [25.93455692864738, 54.21091996408288], [11.645136865915207, 23.23694003654735], [14.493865516654958, 67.34421116219752], [52.57086296292503, 37.57857112634488], [50.389006012635754, 65.67983997646925], [9.000250639559237, 8.697252159662295], [46.145875363561714, 83.72198856134293], [33.75353895160281, 12.674038636095464], [28.396223577766577, 68.58048563651128], [42.77290787246697, 6.460000893533991], [74.23302782601446, 12.027080270561463], [63.749474723516045, 49.353259071011976], [6.832407897894733, 96.55082098671105], [14.703717327721888, 63.90979813694505], [87.91343117809804, 4.5216534901876715], [94.91511936252633, 32.2144770123212], [1.0414871421302818, 63.07932696657229], [72.20040730532334, 48.379908294773834], [17.16879067031549, 70.11435338480521], [87.06368525446383, 86.00131202357252], [58.53146816257349, 52.30519780752644], [48.14425374514416, 40.91538415506426], [94.43823247501541, 14.359913746437558], [87.25082434661797, 10.34792915248267], [80.12832876810565, 89.08119963949825], [72.10241311740224, 49.32285832653], [88.83571333308748, 48.547736380121286], [9.480287604002168, 34.09891052612474], [16.847355265632192, 4.2329311132823015], [31.187774647564503, 72.23269363224284], [92.89174672476186, 39.26563787426778], [1.196199063302883, 29.778305648160032], [54.40214360410715, 99.27593779941884], [50.182061809810506, 76.01069334118982], [83.78553906758181, 73.85754531128477], [80.24164239088985, 10.65093877857467], [78.7984069618023, 69.40102571045152], [72.73597339998301, 23.225019252183476]]","[[0.0, 46.46980250916989, 111.48105126867486, 39.24795168063554, 23.798362235182996, 63.446072916512925, 50.21288618482441, 60.56446405713366, 54.26319997169478, 86.46575727387007, 62.79552182471284, 56.84203014257375, 66.34177024422061, 56.95503605637515, 97.80090695859091, 92.78621860738727, 70.21610340509703, 98.54693098150749, 70.62341872025705, 13.746067890350425, 79.62554111074276, 82.86251597748466, 88.42031931407118, 99.2238007709031, 51.65736151131751, 69.58563816165459, 91.17625483136148, 85.86241480077867, 66.1934337256563, 88.27677724767088, 57.96402101872073, 26.01536726199889, 48.653384829639755, 122.56621670750299, 97.33226643423617, 17.039471934167814, 16.265914093168064, 109.1255285628744, 42.026636078577454, 98.40849974417314, 70.45943353718557, 54.51887137374812, 57.0687640234436, 5.874962389105677, 14.089790128852654, 75.00632594313947, 42.8051725951378, 33.683482792830006, 92.00253512134208, 83.90903157999814, 88.28384873094062, 23.599782728044307, 99.49021792473592, 94.23789043749312, 77.3385678736036, 59.358409399942666, 20.49742223997534, 56.733934797938126, 27.861197153420207], [46.46980250916989, 0.0, 76.4284845624871, 51.33309818438287, 22.68841407009634, 18.120985503709583, 3.9300434717686534, 61.66369499160964, 26.9432940839017, 69.04030725263644, 26.671852119728598, 25.879526559456878, 56.7587802806197, 22.802592076133664, 51.997520769899054, 63.68943929859774, 52.001054397244864, 52.54347853187515, 27.611098140997477, 33.26995152718257, 51.697727804508496, 39.78683163261811, 42.8441369392338, 57.165981560145354, 11.336764902176975, 39.495308417832085, 48.69922060350849, 57.92326783068169, 24.762807372962893, 49.549830853049876, 23.05683083942129, 24.506826774725717, 24.807357401175718, 84.75401841552234, 54.60509523063805, 40.03729762088253, 40.95855166593848, 64.73553990811031, 28.311370005940013, 57.41383897998699, 67.9899871932291, 26.250586493537853, 15.808366499196259, 41.83083960787759, 36.58068247441453, 67.77906958944288, 28.989943276531164, 40.97308272993998, 45.55083979403815, 43.577086926919506, 51.375965915932525, 40.61463452981359, 53.2852783644271, 72.88992102515732, 49.80135708283246, 55.844607428478824, 30.278036606674885, 49.465868144826835, 18.63267357540397], [111.48105126867486, 76.4284845624871, 0.0, 85.58635316296996, 91.87908318979724, 74.00882931284255, 73.16286342553943, 72.38987547808856, 98.62259699290748, 42.678481120397784, 91.25639403166751, 55.21895385927947, 58.31507720861561, 56.17293232617959, 71.84362632034951, 21.93525336843489, 47.557011712584, 70.03516350318255, 80.27406915308198, 98.56592996548521, 33.17582576701546, 40.952627600183426, 72.04093068415948, 28.013951666938762, 65.69698023757103, 41.8977689322995, 86.7968021581436, 28.16949315036217, 83.1967047597829, 27.427550903191246, 91.13622461423307, 98.80129084752338, 62.89704495178563, 13.517073110694177, 31.34577304317946, 112.80372038122614, 97.41778726960897, 37.04293696871294, 69.65881649566857, 24.839530844150424, 67.40482935447976, 57.1814448491635, 60.65371245392232, 109.41485294587743, 107.78595284577328, 60.166427357790084, 68.96076788682204, 82.72000854178921, 61.61071172506347, 90.59469398774235, 25.054567248778383, 91.43145436642277, 67.71643259764777, 34.46776149718034, 35.337986592168114, 66.90506248195655, 103.32649515369441, 63.8236054709848, 88.73931804386535], [39.24795168063554, 51.33309818438287, 85.58635316296996, 0.0, 38.916898146109844, 68.38915608670237, 53.085782054860346, 21.601985383796894, 73.6738310837687, 51.49790897216287, 77.20022200797733, 41.13316100303503, 30.516734111569495, 43.934540294155084, 98.91204642506086, 64.19935160001356, 38.54557463734502, 98.83618914488335, 78.6368095780546, 34.34906220274595, 52.525145820512364, 70.5211827022919, 90.833247692905, 82.75175851243502, 47.50396349744964, 47.09478678566364, 99.32155948156462, 57.518877492558964, 76.09128240363103, 69.22973742736292, 72.90530516294895, 49.090350798900246, 33.31946943323438, 98.43286914558809, 82.13442803305723, 51.99046680265464, 23.643153178851907, 95.67282858552151, 25.35011417169642, 80.54940300612691, 31.614450399205555, 38.06772141162825, 50.53768682609174, 41.496839396349436, 46.37958919960792, 37.05485628436794, 25.184669394999474, 10.512317218511805, 89.62639091643165, 94.84017441542487, 67.28519319695691, 16.91867437767497, 98.7345234820259, 60.46814164772685, 50.47479414629519, 22.04181561593694, 47.97416861418285, 22.268761789003182, 40.29213275870436], [23.798362235182996, 22.68841407009634, 91.87908318979724, 38.916898146109844, 0.0, 40.03554678954592, 26.41458117155063, 55.91706387584459, 36.10234679083989, 73.91573144232605, 42.187195864254655, 36.7230679238337, 56.46333306202244, 35.81363033609224, 74.35279619511691, 75.27358609979503, 56.44604823497774, 75.01143561939853, 48.0203177584144, 10.754483983480618, 62.143601672083776, 59.9631622517089, 65.04843088421872, 76.80522463197649, 28.560882568300705, 50.74868800402938, 69.03487231062311, 68.61711319428778, 43.99362552732732, 66.9031496565202, 37.4203594046883, 10.538721563124133, 30.008847552672364, 101.96226714120787, 74.66736394722466, 21.006425256077375, 20.76179464326853, 85.94798349465248, 26.486342263101562, 76.35993508869863, 64.56447506103109, 35.09049099591572, 34.0892359621593, 19.436902294333176, 15.933929160467473, 66.8935655405697, 27.432338800349935, 28.944699056838697, 68.23816323329515, 62.500247882449706, 67.57054755985328, 23.47872573045814, 75.86212803320211, 80.15949678417, 59.91556874755735, 52.0675319064362, 12.156761028688093, 47.1720867563837, 4.0628353634525975], [63.446072916512925, 18.120985503709583, 74.00882931284255, 68.38915608670237, 40.03554678954592, 0.0, 15.455887833412406, 76.04625160648068, 25.198352776170907, 76.91667421477156, 17.38863498375582, 35.105220357128836, 68.72738165805382, 31.182940345113764, 34.358496464477405, 66.28698386322388, 61.462200331673806, 35.11717257338107, 10.632711071930743, 50.78188725001873, 56.47960925190965, 33.37805173493905, 25.01520200028537, 49.929981727425236, 21.85745934769682, 45.21656595386403, 30.95043880464481, 61.85449875259826, 10.34093323396636, 46.71542600672303, 17.261944741927117, 39.03985899289966, 38.078553550415656, 79.7363695059423, 46.77825166064462, 54.35577765482781, 59.05077442565298, 53.913541868113164, 43.9119106063231, 51.35349558118939, 80.99994407559907, 36.89276795198057, 21.621874196353136, 58.37059648780681, 52.060922664384144, 79.43468097874698, 44.39375202725837, 58.2784681732217, 29.504760710931553, 27.011051962833267, 49.93221387565623, 58.65673690700543, 36.17531225270356, 78.70323272722123, 55.09733820727745, 69.63364160575576, 45.197627141340945, 62.980942076986025, 36.089140794868555], [50.21288618482441, 3.9300434717686534, 73.16286342553943, 53.085782054860346, 26.41458117155063, 15.455887833412406, 0.0, 62.138201341026324, 28.34980810351022, 67.57658973562748, 26.470321557565352, 24.278195072732363, 56.362527366273994, 20.866201786877383, 48.70256601105109, 61.112642460797105, 50.84030177583185, 49.16521864068118, 25.551631601967443, 36.89334193895914, 49.44600409896655, 35.983984256782726, 39.6764201717876, 53.38480781458395, 9.33388905903306, 37.304549415699796, 46.37115509340351, 55.553229649254355, 23.316625503726794, 46.11297744023995, 23.408500818833556, 28.42195891514969, 24.551172945107115, 81.22105729417557, 50.78211185379768, 43.963628912578535, 44.09534983788726, 60.815885510964264, 29.154935465571384, 53.71598691320124, 67.98343911204154, 25.086515464213488, 12.853556007174307, 45.65733349147242, 40.49985160416755, 67.33390363310218, 29.74002480541406, 42.88676502566087, 41.89863422390855, 41.81610316827689, 48.11499825861733, 43.295726751134794, 49.81022917296297, 70.97807509291985, 47.63741044084687, 56.07100062393409, 34.20772279874405, 49.56009932398663, 22.351761016422003], [60.56446405713366, 61.66369499160964, 72.38987547808856, 21.601985383796894, 55.91706387584459, 76.04625160648068, 62.138201341026324, 0.0, 87.2008189508363, 32.9725672868908, 88.32372915825273, 42.44784189042733, 14.157763708700328, 46.24019624400031, 101.79057461001412, 50.463822246891944, 25.79657575551972, 101.27178241043048, 86.67859032741464, 53.9299447838638, 41.575743987737944, 68.10409425996056, 94.98652899410747, 76.34173149143211, 54.20556292174155, 41.3390148157497, 105.858919210942, 44.72137671741183, 85.27155673316899, 62.39310940873483, 84.64578162179555, 66.45528219469118, 37.97081288211176, 85.82182938923592, 76.62299862604216, 72.03247352577816, 44.54221128580274, 90.247010863282, 33.4449202408445, 73.39359727966313, 10.017464205382012, 39.928250841020066, 55.16335356594793, 62.293992895438414, 66.23664924343791, 16.156042377537485, 32.71001559152562, 28.00482357637146, 91.25883020682515, 103.04113401572536, 59.2499336261791, 37.34076984711883, 100.60191272574778, 42.49083195758153, 40.10385330943192, 7.0197232573825215, 66.62520595331284, 13.50928304977176, 56.10460928310404], [54.26319997169478, 26.9432940839017, 98.62259699290748, 73.6738310837687, 36.10234679083989, 25.198352776170907, 28.34980810351022, 87.2008189508363, 0.0, 95.86750564253289, 11.279492452524673, 52.581069983467856, 83.4589205765403, 49.21594062637061, 52.13474895506622, 88.81199509775105, 78.93192354478985, 53.60911970766862, 24.034163607797154, 45.27269954103323, 77.6031094745865, 58.42233649005006, 43.17253252365566, 75.12678680625169, 37.666504540775435, 65.54493070205842, 40.05806783089812, 83.57233286040778, 19.059423205262238, 71.19953276887483, 8.266575096898917, 28.6584155758527, 51.597263347772895, 104.8569909084171, 71.97476923519028, 40.009465223841076, 56.69611378964411, 78.58438440436146, 53.876879557183145, 76.4918372506161, 94.2411677536222, 53.157123092931556, 40.74191166678473, 48.422039495133355, 40.411659239314616, 94.486912440874, 54.67919214529307, 63.214978739317424, 51.43521937983343, 31.555791580514082, 74.0266258089552, 59.42080115290288, 55.50004811163067, 99.3000564348526, 75.86468350166838, 81.85279244350855, 33.76732220546817, 75.71217907520094, 33.708889151716015], [86.46575727387007, 69.04030725263644, 42.678481120397784, 51.49790897216287, 73.91573144232605, 76.91667421477156, 67.57658973562748, 32.9725672868908, 95.86750564253289, 0.0, 93.00226723728838, 43.299583650094576, 20.98626420603453, 46.807314342767796, 92.32657463631027, 22.456682341928072, 17.577547127403054, 91.18316921229474, 86.71264115007813, 76.28584938654222, 22.233593104794572, 54.97682334433354, 88.10854280248502, 55.70619327869573, 58.24295251951417, 31.78641519874479, 101.66861684258082, 20.146501751716897, 87.23879591482051, 43.401437292058134, 90.7001005203792, 83.63965780857778, 45.551127024411876, 56.101177559289816, 57.30577561877575, 93.77019378108245, 70.38062434790017, 69.56977853908586, 47.435561985411475, 52.02255148913123, 25.74036292568177, 42.8158265353468, 55.964085578499, 86.48840289153604, 87.98294554974069, 18.174650939835153, 46.491767340181134, 53.10748425969948, 80.9383173218853, 101.6936580412889, 38.98592829516039, 63.196213476806435, 89.71560851785745, 9.568081121777192, 22.774078602769038, 29.63891254511969, 86.01018055914211, 30.04152505910835, 72.34214633309041], [62.79552182471284, 26.671852119728598, 91.25639403166751, 77.20022200797733, 42.187195864254655, 17.38863498375582, 26.470321557565352, 88.32372915825273, 11.279492452524673, 93.00226723728838, 0.0, 50.08484477406423, 82.81572760335783, 46.348757821868745, 40.862262478738984, 83.51545235021327, 76.80867333759716, 42.354701609212576, 13.154056518625499, 52.329442624981326, 73.28163700268999, 50.42478035510696, 31.961405981384242, 66.4033683592298, 35.40964448016761, 61.651021006869556, 29.279688199166966, 78.8653077809665, 8.574466956757778, 64.04624965239547, 4.842599363627436, 36.780269272860934, 51.0126463424242, 96.48032524474844, 63.12664613148974, 49.840349013908586, 62.899627599441196, 68.65589487795303, 54.979299630528125, 68.13198698627858, 94.42994393423534, 51.28928894409493, 37.03893602383773, 57.08779331946766, 49.43358060107871, 93.76794283254353, 55.66179104981852, 66.70235999741473, 40.60732313414142, 21.25668184547662, 67.31596139407668, 64.49921035041149, 44.282711947146325, 95.41227752888975, 71.76827679873871, 82.42157579178979, 42.504867868099865, 75.96601830230048, 39.03198505857665], [56.84203014257375, 25.879526559456878, 55.21895385927947, 41.13316100303503, 36.7230679238337, 35.105220357128836, 24.278195072732363, 42.44784189042733, 52.581069983467856, 43.299583650094576, 50.08484477406423, 0.0, 33.71009263036145, 3.9462566279622227, 59.575283951988396, 39.1253086532718, 26.7245747390195, 59.18776422539594, 45.56094122291183, 43.560252281959094, 26.40455305996191, 29.590299834253212, 52.54541606263726, 43.66031585715861, 14.945953591379709, 14.36187402892578, 63.676187062441834, 32.82807576634889, 45.13119375553489, 31.612230523301008, 47.50795583756903, 44.381891212244696, 8.779276847603258, 65.78588120545642, 42.392685492195525, 57.711110565697034, 44.24806560309005, 55.486329957234844, 17.180957053077123, 42.255879559724164, 46.243653538650676, 3.0727735916140078, 13.484052073144134, 54.35498670058953, 52.59159260887696, 44.33543210142113, 16.897279162152124, 33.58029464353602, 49.429458351804776, 61.610289108009226, 31.44369566420322, 39.618069888038576, 58.729368894616286, 47.045062591397866, 24.346754143688884, 35.63107248632768, 48.41530996305498, 28.967547452454475, 33.77145885650057], [66.34177024422061, 56.7587802806197, 58.31507720861561, 30.516734111569495, 56.46333306202244, 68.72738165805382, 56.362527366273994, 14.157763708700328, 83.4589205765403, 20.98626420603453, 82.81572760335783, 33.71009263036145, 0.0, 37.656335573181636, 91.28085409368548, 36.37983071453749, 11.876186254741086, 90.56702829860652, 79.24400322379215, 57.17228067637997, 27.591376913083035, 56.02079239759914, 85.20989228479777, 62.84821075614172, 47.51021219813628, 29.0160865100601, 97.13433983578763, 30.5637939301844, 78.5794730512976, 48.96948313502234, 79.67592169385615, 66.74320605721462, 31.953229157286156, 71.71553768522033, 63.356609827683236, 75.11964738048496, 50.109498543072704, 76.87091274773152, 30.633980856255082, 59.75737152634328, 12.984446550023053, 31.85041238979779, 47.15240966471176, 66.88455795088217, 69.26141597230449, 11.028507493179877, 29.71347045903299, 32.6893898817451, 80.35935634294177, 95.31910792808293, 45.579491279798766, 42.81767504526834, 89.6534925519844, 30.022311684277128, 26.260579375940427, 8.935631560617537, 68.20127722284545, 9.665548529307928, 55.62756352227716], [56.95503605637515, 22.802592076133664, 56.17293232617959, 43.934540294155084, 35.81363033609224, 31.182940345113764, 20.866201786877383, 46.24019624400031, 49.21594062637061, 46.807314342767796, 46.348757821868745, 3.9462566279622227, 37.656335573181636, 0.0, 56.01206762138355, 41.26643114830343, 30.4912265862401, 55.68752026457032, 41.621362383828355, 43.43426439553885, 28.94540716142019, 27.545678864123577, 48.81091479989851, 42.5989547166633, 11.577670068977433, 16.73858904986381, 59.77618915566309, 35.24908977162995, 41.2454584069593, 31.360965494906136, 43.89842449438652, 42.75898502510001, 10.740508293852205, 66.17775496171978, 41.0530991760578, 56.65407473344794, 45.19625001335602, 53.8043528715568, 19.204837904149336, 41.52411593697971, 50.177345099140354, 6.35964049449139, 9.563390684971692, 54.09642862052723, 51.74752279933255, 48.27031944731089, 19.09228467862888, 35.82980942070654, 46.05852992262332, 57.664168406216426, 31.767262859875956, 41.08695803648367, 55.31678390155559, 50.147364691658375, 27.01135914800133, 39.4670034980287, 47.154276092547605, 32.78999965310267, 32.57409642787488], [97.80090695859091, 51.997520769899054, 71.84362632034951, 98.91204642506086, 74.35279619511691, 34.358496464477405, 48.70256601105109, 101.79057461001412, 52.13474895506622, 92.32657463631027, 40.862262478738984, 59.575283951988396, 91.28085409368548, 56.01206762138355, 0.0, 74.52645204628256, 81.14623712109353, 2.0916169786889816, 28.6960804694177, 85.0810863028498, 70.10075699006204, 37.385109904776975, 9.45505147885315, 43.87552460132594, 51.69192434672781, 62.808006489277524, 17.75068778828301, 73.09419752565383, 33.761634571402546, 50.60319414440555, 44.50713447049418, 73.03547924051496, 65.95261978884669, 71.51768360731933, 40.648519010898596, 87.98097951995271, 92.79274835041878, 37.93206703079015, 73.56716075714235, 47.31061599666413, 104.25891236188811, 62.35470786773114, 48.38723484065748, 92.68091051847132, 86.14569162369855, 100.63658220332886, 73.77745666359922, 89.55061078869088, 11.400642833290696, 25.444571429626393, 55.17326259166971, 91.59261812037904, 4.759238838585569, 90.53597786393821, 69.7762541501231, 94.84503494317792, 79.19411794719642, 88.28652063383394, 70.37283261949584], [92.78621860738727, 63.68943929859774, 21.93525336843489, 64.19935160001356, 75.27358609979503, 66.28698386322388, 61.112642460797105, 50.463822246891944, 88.81199509775105, 22.456682341928072, 83.51545235021327, 39.1253086532718, 36.37983071453749, 41.26643114830343, 74.52645204628256, 0.0, 25.804456510443167, 73.11186617685503, 74.7133365776846, 80.56652487059256, 13.219474446704623, 37.78526374969834, 71.89497752848767, 34.30123587604756, 52.36775759692794, 24.76435263539477, 86.30492725816192, 6.951279453504232, 76.42420592394949, 23.930879318813666, 82.27584646010261, 83.46061086804093, 45.31175559816117, 35.36264809893002, 36.38685134203392, 96.23417647026787, 77.88378653511455, 47.747017482874526, 50.80648804370167, 30.48696845183972, 45.826784209842245, 40.28107993566325, 48.29251168720984, 91.38734362654777, 90.84322657300038, 38.8121891626023, 50.00062351682769, 62.22541994678537, 63.225118269671654, 87.9623242430747, 19.353210977749665, 71.45558977001711, 71.3036940517656, 16.809675148620926, 15.497660146346847, 44.994339561242, 87.23708798035489, 42.167929950489885, 72.64354612180082], [70.21610340509703, 52.001054397244864, 47.557011712584, 38.54557463734502, 56.44604823497774, 61.462200331673806, 50.84030177583185, 25.79657575551972, 78.93192354478985, 17.577547127403054, 76.80867333759716, 26.7245747390195, 11.876186254741086, 30.4912265862401, 81.14623712109353, 25.804456510443167, 0.0, 80.2948493963568, 71.67922484649927, 59.34127945631309, 15.779628177453958, 44.99672445030158, 75.67327223747746, 51.00649809320424, 41.5618108066401, 18.33871552828035, 88.31315482344199, 19.416226151980204, 71.65009134634933, 37.16435455851873, 74.18466015297986, 66.08475516715052, 28.0481295518042, 60.76807446442848, 51.589976795949354, 76.53840528743343, 54.46065096628563, 65.05343336740047, 30.015695073506066, 47.88838045977423, 24.14962766870518, 25.78661079564706, 39.97547348641879, 69.77960100546166, 70.79807988698343, 19.515767726600295, 29.079530702519353, 37.73762039113126, 70.01083331628692, 87.30993121814534, 33.710320631229, 47.53524043743732, 79.21176070560932, 24.10237600150086, 14.385393537073728, 19.605587464776338, 68.5714544370762, 16.37861937817308, 54.7887013885181], [98.54693098150749, 52.54347853187515, 70.03516350318255, 98.83618914488335, 75.01143561939853, 35.11717257338107, 49.16521864068118, 101.27178241043048, 53.60911970766862, 91.18316921229474, 42.354701609212576, 59.18776422539594, 90.56702829860652, 55.68752026457032, 2.0916169786889816, 73.11186617685503, 80.2948493963568, 0.0, 29.976956142092206, 85.71771897022442, 68.97566571438101, 36.207308303212535, 10.574998416119403, 42.10380296607806, 51.78787549902659, 61.95967842693346, 19.83026084762377, 71.8292243974036, 35.062610391368096, 49.18098696320774, 45.88555241590777, 73.96744595874344, 65.76143742027219, 69.5423918688511, 38.9108850682521, 89.01173357992337, 93.21470175404616, 35.89997314009859, 73.48629899502083, 45.58237236516261, 103.55067035706563, 62.009989372080575, 48.29998441674145, 93.48652972556832, 87.05905938413268, 99.80197271711454, 73.67027786744138, 89.58335065540233, 10.305013412060159, 27.427756043897983, 53.76370507114592, 91.85319312322419, 2.6680151935798526, 89.21796729164726, 68.70938551799586, 94.30670455719692, 80.13063782738026, 87.77889474385114, 71.01062014790405], [70.62341872025705, 27.611098140997477, 80.27406915308198, 78.6368095780546, 48.0203177584144, 10.632711071930743, 25.551631601967443, 86.67859032741464, 24.034163607797154, 86.71264115007813, 13.154056518625499, 45.56094122291183, 79.24400322379215, 41.621362383828355, 28.6960804694177, 74.7133365776846, 71.67922484649927, 29.976956142092206, 0.0, 58.715242222022866, 65.73915781147596, 39.35303145238031, 19.412514138318592, 54.381042522334795, 32.4838596965236, 54.92708492468624, 21.179197520955732, 70.77984489403879, 5.0921105391339045, 53.591453284808, 16.01555840920939, 45.109467109381946, 48.70992219097317, 84.57276710778754, 51.02333645281921, 59.61930987121421, 67.91296987535395, 55.7330145755329, 54.42175813958366, 56.42131133952101, 91.58373292153016, 47.44582738237988, 32.0924217492344, 65.22000120045107, 58.21530193823845, 89.89010413229624, 54.9287082695491, 68.40786032327658, 27.470954714079753, 16.399560459605464, 57.271078896834425, 68.13932435583914, 31.685052726304118, 87.96183938313186, 64.51527194756758, 80.26211558355106, 51.20494868962132, 73.60611821466006, 44.28601723837803], [13.746067890350425, 33.26995152718257, 98.56592996548521, 34.34906220274595, 10.754483983480618, 50.78188725001873, 36.89334193895914, 53.9299447838638, 45.27269954103323, 76.28584938654222, 52.329442624981326, 43.560252281959094, 57.17228067637997, 43.43426439553885, 85.0810863028498, 80.56652487059256, 59.34127945631309, 85.71771897022442, 58.715242222022866, 0.0, 67.34872515617025, 69.1203445791914, 75.79114554464368, 85.53894461354854, 37.92088697477984, 56.77149350481587, 79.66705271818486, 73.71039900265708, 54.601564603357396, 74.79381938414537, 47.508706102121465, 16.95103288441762, 35.685638142152236, 109.34537830890608, 83.61346968449801, 18.14517203653133, 12.134430621091765, 95.38010276497118, 29.89236384210561, 84.78844958450027, 63.34190199537465, 41.4025371517854, 43.32357672510476, 10.86082986426175, 12.313927726560843, 66.82128713731132, 30.756170849351232, 25.92515987768617, 78.78853176748243, 72.95246528802632, 74.97366929306175, 17.479040280938985, 86.53113387033082, 83.43282251208949, 65.06886730759601, 51.326894373867205, 13.998596345400783, 47.53159390441715, 14.708954012729324], [79.62554111074276, 51.697727804508496, 33.17582576701546, 52.525145820512364, 62.143601672083776, 56.47960925190965, 49.44600409896655, 41.575743987737944, 77.6031094745865, 22.233593104794572, 73.28163700268999, 26.40455305996191, 27.591376913083035, 28.94540716142019, 70.10075699006204, 13.219474446704623, 15.779628177453958, 68.97566571438101, 65.73915781147596, 67.34872515617025, 0.0, 32.78245916602582, 65.94943283825674, 35.78592329820993, 40.379266435188335, 12.20832315922738, 79.6855692395259, 6.483171176034072, 66.79993032109012, 22.312112448491476, 71.56242226717372, 70.52171088886769, 32.14751192678285, 45.90897491754097, 36.738905056518995, 83.07593207646202, 64.87782748604768, 49.897536101696105, 37.61753786678397, 32.47365020025705, 39.210394788489744, 27.291479214188648, 36.86358369384115, 78.17285750546503, 77.65618000010528, 33.37582933792394, 36.82312028014222, 49.62841720984761, 58.71778175493849, 80.15358208579188, 18.392991087688355, 58.596328737145434, 67.54784681846871, 22.238141602553227, 2.2870249603091373, 35.27758198351006, 74.15380648757564, 31.21631502717101, 59.59956123423427], [82.86251597748466, 39.78683163261811, 40.952627600183426, 70.5211827022919, 59.9631622517089, 33.37805173493905, 35.983984256782726, 68.10409425996056, 58.42233649005006, 54.97682334433354, 50.42478035510696, 29.590299834253212, 56.02079239759914, 27.545678864123577, 37.385109904776975, 37.78526374969834, 44.99672445030158, 36.207308303212535, 39.35303145238031, 69.1203445791914, 32.78245916602582, 0.0, 34.11121455299689, 17.417599079061173, 31.402672290935694, 27.010298151851202, 48.56196749004103, 35.768709267035284, 42.26640498469925, 14.578896402184167, 50.63279900014752, 64.12658280551466, 38.12564592482001, 46.44953515589832, 14.839137304902142, 79.43805168773328, 72.40277271088709, 26.42562328797967, 46.63185186291217, 18.15923601540158, 68.90137413121887, 32.65257109218887, 25.885167666631094, 79.25185335322365, 75.38996360929356, 64.44300823851215, 46.42589893193309, 63.15557873475223, 25.98530166537379, 50.79740744993837, 18.77180392367043, 68.60485931868853, 34.76980000207781, 53.30346446173984, 32.60631246024687, 61.09603933130711, 69.61847091315018, 55.002963128487494, 56.129302745100034], [88.42031931407118, 42.8441369392338, 72.04093068415948, 90.833247692905, 65.04843088421872, 25.01520200028537, 39.6764201717876, 94.98652899410747, 43.17253252365566, 88.10854280248502, 31.961405981384242, 52.54541606263726, 85.20989228479777, 48.81091479989851, 9.45505147885315, 71.89497752848767, 75.67327223747746, 10.574998416119403, 19.412514138318592, 75.79114554464368, 65.94943283825674, 34.11121455299689, 0.0, 44.19916991389272, 43.36585568028513, 57.46727026550354, 14.778293091815636, 69.63290925941456, 24.502169878974076, 48.33876326101002, 35.36104940248095, 63.58384268669474, 58.28313772858283, 73.47167821749002, 40.787697906310335, 78.5309790324945, 83.75252924621029, 41.22927580914497, 65.56759589022646, 47.201722781846534, 98.11892698129918, 55.16603730829399, 40.55506034288621, 83.26763042318971, 76.69645742144309, 95.00217942643755, 65.84494957686785, 81.23436161428393, 11.075602703386194, 19.703183281741342, 52.74939394793891, 82.81262444777718, 12.327601764643838, 87.23583441448685, 65.34648897982723, 88.12878819204879, 69.7415801219299, 81.49039508235758, 61.09083769713175], [99.2238007709031, 57.165981560145354, 28.013951666938762, 82.75175851243502, 76.80522463197649, 49.929981727425236, 53.38480781458395, 76.34173149143211, 75.12678680625169, 55.70619327869573, 66.4033683592298, 43.66031585715861, 62.84821075614172, 42.5989547166633, 43.87552460132594, 34.30123587604756, 51.00649809320424, 42.10380296607806, 54.381042522334795, 85.53894461354854, 35.78592329820993, 17.417599079061173, 44.19916991389272, 0.0, 48.33064308766449, 35.933706219510434, 58.903697716381906, 35.638200289642015, 57.963460773616696, 13.957217997695492, 67.13114997227922, 81.41715104022245, 52.43843433481164, 30.19476759780457, 3.440818305379104, 96.6287036773647, 87.75919491188981, 14.112254289569513, 60.74281643498846, 3.850832703605766, 74.9297414204106, 46.53474368127309, 42.78821712692668, 95.9084854484456, 92.42375896443444, 69.14028806975232, 60.36152677571358, 76.68127412214041, 33.6212132123322, 63.155146927318164, 17.394937853611477, 83.27445019816152, 39.850033753990694, 51.11072124260865, 36.72540357868913, 69.59712311026858, 86.81530566362034, 64.33742718322347, 73.06604016563284], [51.65736151131751, 11.336764902176975, 65.69698023757103, 47.50396349744964, 28.560882568300705, 21.85745934769682, 9.33388905903306, 54.20556292174155, 37.666504540775435, 58.24295251951417, 35.40964448016761, 14.945953591379709, 47.51021219813628, 11.577670068977433, 51.69192434672781, 52.36775759692794, 41.5618108066401, 51.78787549902659, 32.4838596965236, 37.92088697477984, 40.379266435188335, 31.402672290935694, 43.36585568028513, 48.33064308766449, 0.0, 28.18584415515164, 52.273596045119135, 46.58857626320484, 31.21421825875145, 39.31325339752639, 32.624612446571945, 33.49818012234173, 16.23590579820887, 74.63064066004829, 46.12216641097254, 48.3927363521411, 42.682661066284034, 57.49404422115041, 22.40508638046875, 48.08205330246509, 59.451800861165836, 15.88717557506572, 5.543391593201214, 47.87465592970293, 44.09316935629713, 58.41176820956183, 22.79056237299314, 37.88749079491709, 43.230842261697084, 48.868197327907446, 40.720322598873054, 40.35616262168028, 51.96345092783293, 61.72453842013325, 38.50629025089147, 47.85937705643655, 38.61048326565937, 41.23775794063704, 24.75189144980616], [69.58563816165459, 39.495308417832085, 41.8977689322995, 47.09478678566364, 50.74868800402938, 45.21656595386403, 37.304549415699796, 41.3390148157497, 65.54493070205842, 31.78641519874479, 61.651021006869556, 14.36187402892578, 29.0160865100601, 16.73858904986381, 62.808006489277524, 24.76435263539477, 18.33871552828035, 61.95967842693346, 54.92708492468624, 56.77149350481587, 12.20832315922738, 27.010298151851202, 57.46727026550354, 35.933706219510434, 28.18584415515164, 0.0, 70.4275825627466, 18.53438111358916, 55.55496143526592, 22.183241973900273, 59.70757315357432, 58.712485897777846, 21.096430224965868, 53.387214835237195, 35.72916003265831, 71.75239548815895, 55.700137238336104, 49.41599221496556, 27.839268355004997, 33.514886491809, 41.92844289563082, 15.65824840173485, 24.86598449433942, 67.63186512428815, 66.48619410314528, 37.84244907550845, 27.184975570961488, 42.09107123156259, 51.68054127797535, 70.00546367016483, 20.28859721540603, 50.04191284051966, 60.900348296878384, 33.834938484609054, 10.332925875396631, 34.38318316609407, 62.60479107688088, 28.65207297138024, 47.97706487627612], [91.17625483136148, 48.69922060350849, 86.7968021581436, 99.32155948156462, 69.03487231062311, 30.95043880464481, 46.37115509340351, 105.858919210942, 40.05806783089812, 101.66861684258082, 29.279688199166966, 63.676187062441834, 97.13433983578763, 59.77618915566309, 17.75068778828301, 86.30492725816192, 88.31315482344199, 19.83026084762377, 21.179197520955732, 79.66705271818486, 79.6855692395259, 48.56196749004103, 14.778293091815636, 58.903697716381906, 52.273596045119135, 70.4275825627466, 0.0, 83.71683527390465, 25.070702282510855, 62.946051646330275, 33.84667885922144, 65.31770797192632, 68.19375657471166, 87.88031120678612, 55.50634887611095, 79.02357677906345, 89.07538679374447, 54.961368038944975, 74.62555192770525, 61.95793225353408, 109.8627211355995, 65.99238162802754, 50.69774164993137, 85.62543124774368, 78.26798208730348, 107.33490816459306, 75.04880269401728, 89.22870724209105, 25.406193797058684, 9.028134548049609, 67.29813180706815, 89.2872293254218, 22.4791912040841, 101.32043316621828, 78.91160203012734, 99.19023726591193, 71.26817515603634, 92.50259860830816, 65.37047018714293], [85.86241480077867, 57.92326783068169, 28.16949315036217, 57.518877492558964, 68.61711319428778, 61.85449875259826, 55.553229649254355, 44.72137671741183, 83.57233286040778, 20.146501751716897, 78.8653077809665, 32.82807576634889, 30.5637939301844, 35.24908977162995, 73.09419752565383, 6.951279453504232, 19.416226151980204, 71.8292243974036, 70.77984489403879, 73.71039900265708, 6.483171176034072, 35.768709267035284, 69.63290925941456, 35.638200289642015, 46.58857626320484, 18.53438111358916, 83.71683527390465, 0.0, 72.12060170525226, 23.33056470254558, 77.33557815182247, 77.000311741399, 38.61471581153134, 41.353689866470596, 37.16358690120384, 89.5389400992868, 70.93280557121051, 49.60368246960926, 43.90787255462156, 32.01310938377138, 40.981245487582214, 33.770070332352304, 42.85322504726584, 84.51774475226313, 84.10332588569023, 34.402445883573776, 43.093410320815515, 55.314105636560186, 61.69939383367811, 84.71666621102285, 18.861300989002885, 64.51002717198372, 70.2167666995289, 17.609409477903615, 8.703727649762403, 38.91081500541136, 80.63435772384891, 35.65498277591382, 66.08264983473254], [66.1934337256563, 24.762807372962893, 83.1967047597829, 76.09128240363103, 43.99362552732732, 10.34093323396636, 23.316625503726794, 85.27155673316899, 19.059423205262238, 87.23879591482051, 8.574466956757778, 45.13119375553489, 78.5794730512976, 41.2454584069593, 33.761634571402546, 76.42420592394949, 71.65009134634933, 35.062610391368096, 5.0921105391339045, 54.601564603357396, 66.79993032109012, 42.26640498469925, 24.502169878974076, 57.963460773616696, 31.21421825875145, 55.55496143526592, 25.070702282510855, 72.12060170525226, 0.0, 56.16254663229798, 10.95277502720789, 40.48465850986459, 47.382711768597005, 88.09121360671257, 54.66259009167586, 54.77002199700851, 64.20722428431974, 60.08969483417367, 52.469713304828005, 59.78665096812587, 90.65793247848887, 46.73943253030755, 31.696470923287794, 60.70810656673609, 53.54783216868313, 89.37939014742007, 53.045001032013374, 65.73407126005516, 32.37616200984859, 18.89633147030058, 59.61389545579108, 64.84165920660031, 36.776845033557265, 89.02951090952851, 65.43262330470179, 79.03557758806002, 46.532103911335795, 72.43611803921061, 40.385063915800906], [88.27677724767088, 49.549830853049876, 27.427550903191246, 69.22973742736292, 66.9031496565202, 46.71542600672303, 46.11297744023995, 62.39310940873483, 71.19953276887483, 43.401437292058134, 64.04624965239547, 31.612230523301008, 48.96948313502234, 31.360965494906136, 50.60319414440555, 23.930879318813666, 37.16435455851873, 49.18098696320774, 53.591453284808, 74.79381938414537, 22.312112448491476, 14.578896402184167, 48.33876326101002, 13.957217997695492, 39.31325339752639, 22.183241973900273, 62.946051646330275, 23.33056470254558, 56.16254663229798, 0.0, 63.76240017449123, 72.79629305244627, 40.24349149832154, 35.31766988743908, 14.467205988929486, 87.44044817183759, 75.81061983441631, 27.90240764118704, 48.237639214383876, 11.331725374389013, 61.199315777179, 34.24934977634519, 33.99033002885405, 85.44833149495048, 82.79429126652674, 55.64611380911135, 47.760728780920985, 63.67293745896238, 39.329272251807346, 65.37571515793115, 4.596888145188598, 70.84513254506705, 47.38618475289852, 40.2308172909993, 23.018052350436847, 55.64012607140108, 77.74175101625914, 50.40886207692957, 63.42816208307342], [57.96402101872073, 23.05683083942129, 91.13622461423307, 72.90530516294895, 37.4203594046883, 17.261944741927117, 23.408500818833556, 84.64578162179555, 8.266575096898917, 90.7001005203792, 4.842599363627436, 47.50795583756903, 79.67592169385615, 43.89842449438652, 44.50713447049418, 82.27584646010261, 74.18466015297986, 45.88555241590777, 16.01555840920939, 47.508706102121465, 71.56242226717372, 50.63279900014752, 35.36104940248095, 67.13114997227922, 32.624612446571945, 59.70757315357432, 33.84667885922144, 77.33557815182247, 10.95277502720789, 63.76240017449123, 0.0, 31.94888918697678, 47.74775339150852, 96.99523392148411, 63.94027417165371, 45.18212074440819, 58.15585318114814, 70.33675825013127, 51.2177348132391, 68.61084031539417, 91.04116177524975, 48.47797750009446, 34.87154702881515, 52.26580516332039, 44.64751997623479, 90.67353501717271, 51.936927375750926, 62.39518831842652, 43.27017321456792, 26.021032219646244, 66.78519612862827, 59.90081656884146, 47.669340797116526, 93.54163387187148, 69.94422336416112, 78.89527812923404, 37.70238754732017, 72.5217842419747, 34.33440164575573], [26.01536726199889, 24.506826774725717, 98.80129084752338, 49.090350798900246, 10.538721563124133, 39.03985899289966, 28.42195891514969, 66.45528219469118, 28.6584155758527, 83.63965780857778, 36.780269272860934, 44.381891212244696, 66.74320605721462, 42.75898502510001, 73.03547924051496, 83.46061086804093, 66.08475516715052, 73.96744595874344, 45.109467109381946, 16.95103288441762, 70.52171088886769, 64.12658280551466, 63.58384268669474, 81.41715104022245, 33.49818012234173, 58.712485897777846, 65.31770797192632, 77.000311741399, 40.48465850986459, 72.79629305244627, 31.94888918697678, 0.0, 38.77045923762195, 108.10692073750752, 78.96553185792447, 15.60400163519767, 28.901209274593807, 89.23751184558556, 36.409609329668655, 81.42762712992808, 75.07871025460155, 43.23037969051582, 38.92503351785415, 20.33942985764787, 13.12564568808644, 77.27931084656606, 37.35658683333663, 39.33187952146719, 68.41113255231058, 57.912556292166265, 74.0108755619951, 33.0164627310816, 75.16305181483754, 89.47417006663736, 68.35460268251497, 62.564022234606824, 6.164188056443466, 57.55529777520891, 11.29756652516949], [48.653384829639755, 24.807357401175718, 62.89704495178563, 33.31946943323438, 30.008847552672364, 38.078553550415656, 24.551172945107115, 37.97081288211176, 51.597263347772895, 45.551127024411876, 51.0126463424242, 8.779276847603258, 31.953229157286156, 10.740508293852205, 65.95261978884669, 45.31175559816117, 28.0481295518042, 65.76143742027219, 48.70992219097317, 35.685638142152236, 32.14751192678285, 38.12564592482001, 58.28313772858283, 52.43843433481164, 16.23590579820887, 21.096430224965868, 68.19375657471166, 38.61471581153134, 47.382711768597005, 40.24349149832154, 47.74775339150852, 38.77045923762195, 0.0, 73.94026201480821, 51.1603278733154, 50.929064889250924, 35.56733411742256, 64.19265258875632, 8.506801586721974, 50.997874112263844, 43.43537956430263, 5.9951259181250025, 17.740367946606902, 46.54389400700297, 45.53821687506649, 42.97180612479707, 8.352993715867568, 25.099168001786285, 56.37233204455634, 65.08189306293025, 39.79614098977272, 30.838808647605028, 65.54457336293707, 50.790220027832106, 29.911427499198965, 31.652865882014, 42.069718211406816, 25.067574847638465, 27.630455560709777], [122.56621670750299, 84.75401841552234, 13.517073110694177, 98.43286914558809, 101.96226714120787, 79.7363695059423, 81.22105729417557, 85.82182938923592, 104.8569909084171, 56.101177559289816, 96.48032524474844, 65.78588120545642, 71.71553768522033, 66.17775496171978, 71.51768360731933, 35.36264809893002, 60.76807446442848, 69.5423918688511, 84.57276710778754, 109.34537830890608, 45.90897491754097, 46.44953515589832, 73.47167821749002, 30.19476759780457, 74.63064066004829, 53.387214835237195, 87.88031120678612, 41.353689866470596, 88.09121360671257, 35.31766988743908, 96.9952339214