instance_id,num_cities,city_coordinates,distance_matrix,best_route,total_distance
1447,58,"[[70.83804868084572, 5.591654684618675], [88.34472954233196, 66.36354369782221], [54.34761208958923, 22.327255550177018], [11.17944318656937, 67.92151519697404], [38.51932265011082, 25.403591500375654], [98.77416298783146, 8.340867085547732], [16.436163380784485, 75.38271961573945], [40.90428978250088, 94.0881677726787], [10.617580332301968, 99.9093895220912], [89.31469388077255, 27.08507592858774], [93.33275856371888, 63.0440642546775], [55.519917208541855, 37.39693712515659], [1.7104528324985657, 35.40492852454341], [38.90936730824773, 77.03535085001772], [96.22461769011026, 19.073003924423617], [61.23131576223131, 95.93060734535364], [32.640482301482606, 55.89662947260282], [69.40084509181833, 97.53571209868383], [68.22823393221962, 20.554427234498263], [5.7002565652818245, 66.14747221756487], [50.90387281125584, 2.3772284969408752], [99.89965254193747, 71.35750508459215], [68.05983821280255, 43.63983059340886], [62.996361790978504, 97.61545912210447], [70.2320117690579, 66.87532144980474], [4.490107681341304, 95.50780328689406], [28.059553784631696, 89.2535438020373], [35.185952610930094, 40.054925490380924], [56.13868914460549, 15.584438777475484], [75.11818041355276, 34.42473502468009], [42.440169400657, 30.281474218614857], [81.45780624751004, 88.24893775127734], [18.031770993899254, 91.17549702811138], [81.85504149931693, 92.75696413858974], [84.17191790409223, 85.40531823399662], [21.07057742812277, 74.755327283436], [61.80551844776328, 54.510572463370366], [26.360119224479927, 51.05956167889813], [91.21888206360545, 60.340915641495144], [85.79306374438005, 29.20710923720995], [84.56965104355697, 83.30720589131339], [44.84021942387333, 49.537352222020026], [10.931948351182363, 86.18501837929101], [7.437350173675938, 42.69244787465502], [48.41582396622264, 31.373921333981347], [8.815057486802525, 85.04848842630294], [23.09209624186567, 28.549305733976137], [65.1842469560731, 65.89080387850312], [98.53331550910467, 97.70401075029595], [18.286391346815535, 93.85584676553584], [49.810178772099746, 42.34439223412689], [88.37144579595501, 22.8670895095483], [19.914652335798756, 19.909093598648077], [12.450503906538192, 49.55200564602197], [76.27261725347417, 11.807653898738868], [76.9526163762287, 21.610447220098973], [40.04815802879806, 19.261411759653214], [23.471130857284685, 90.97820429530236]]","[[0.0, 63.24323180403621, 23.494995963003017, 86.27954984242429, 37.90795289436305, 28.071064308258702, 88.48930934537196, 93.42196075082892, 111.90326140461563, 28.34349263260758, 61.6992004658117, 35.30185749964406, 75.28250663219686, 78.25370544560009, 28.744123980176198, 90.84831140537561, 63.16363325304816, 91.95528939608218, 15.188669968156407, 88.93783783505135, 20.191679061330394, 71.90079205273551, 38.149471076162854, 92.35730959933461, 61.28666325494333, 111.74508067176912, 93.96441515957335, 49.586177396627356, 17.774332749842074, 29.149031708545, 37.630130696470765, 83.33670076704777, 100.56389527771245, 87.85878045459533, 80.9197933613028, 85.20806770633283, 49.74582514197363, 63.60516311720219, 58.41968798872493, 27.952498444254367, 78.91934998977123, 51.05988110173635, 100.41927667698778, 73.45826996687907, 34.16842745477018, 100.7980151833855, 52.97857789719736, 60.5636266041704, 96.18583026963262, 102.72411738365226, 42.34306354389318, 24.6142369937911, 52.8978388251515, 73.08637247409067, 8.256705263029781, 17.146126454572197, 33.6879744843098, 97.6447016408045], [63.24323180403621, 0.0, 55.632712219682595, 77.18101251965415, 64.50030120854092, 58.95255790249213, 72.47197680240265, 54.94770336145337, 84.65715265932283, 39.29044236346337, 5.991608906767736, 43.77822062491958, 91.99963996931265, 50.57412883193118, 47.94254675422334, 40.11668555038074, 56.67909185994226, 36.4770453968806, 50.031475560711236, 82.64475543274935, 74.13545903104334, 12.587926590958558, 30.46053107715794, 40.23955722102751, 18.119946512109305, 88.77491466875617, 64.48452931446253, 59.312721711513575, 60.13107794320313, 34.56919295146458, 58.38787870528437, 22.943412678670324, 74.56235758006893, 27.17956389382982, 19.49362804751156, 67.7955276875513, 29.065833079525177, 63.84593786523556, 6.673290149573946, 37.24394743002159, 17.359115939443907, 46.64507605554339, 79.91013421523527, 84.29902024207155, 53.09040566496029, 81.69513998253775, 75.41765539601121, 23.165306744465312, 32.95500203412996, 75.25953413810355, 45.40739191034364, 43.49646239305926, 82.70847236232063, 77.73391342601956, 55.87558506972895, 46.180297603347114, 67.46235730451889, 69.38634824428874], [23.494995963003017, 55.632712219682595, 0.0, 62.78795520781987, 16.124471757499162, 46.576147189281585, 65.20859000478787, 73.00925583552986, 89.05786427446705, 35.28928539577594, 56.37109327206835, 15.115210950006663, 54.237404667635026, 56.84465756133175, 42.00325882249839, 73.92454782910258, 39.97627232723615, 76.70014185272436, 13.993376396530627, 65.47348003799078, 20.24507149016743, 66.92498605737163, 25.342671529014506, 75.78333899007929, 47.29528865092885, 88.55034338083836, 71.9040337437055, 26.104395711927456, 6.9766421039946485, 24.036753485786317, 14.319803979647578, 71.278543836859, 77.83906904049769, 75.61086247742377, 69.77342767315416, 62.09721202701608, 33.03613559093028, 40.11041226850066, 52.9578030419981, 32.18926554814147, 68.05825432776396, 28.823252352764605, 77.21873950917478, 51.14013816399563, 10.817960627787887, 77.50591320768353, 31.868812017347196, 44.891150555358884, 87.37294553336311, 80.10462535155483, 20.524961927725844, 34.02811603339396, 34.51776679667989, 49.965535040500576, 24.318056467187535, 22.6163664849387, 14.624424247968543, 75.27489526325947], [86.27954984242429, 77.18101251965415, 62.78795520781987, 0.0, 50.54940993276517, 105.9371916110637, 9.127030107262351, 39.60126528495387, 31.992808468568295, 88.16309983868864, 82.29797540129344, 53.83147316352856, 33.867243571793374, 29.18922219081436, 98.07578069983542, 57.35589935923522, 24.600286107604983, 65.32022885711412, 74.14988568828618, 5.759228639643283, 76.64257190375864, 88.78671958445226, 61.846419019433505, 59.722050864691106, 59.06183520299829, 28.385744663150337, 27.202822982368083, 36.781235931076615, 68.99640110364902, 72.18169019974675, 48.92857741938451, 73.15908981272653, 24.24256726054342, 74.91221343009727, 75.05720974047472, 12.022292802020075, 52.37225297193226, 22.68872851029216, 80.39761977429009, 84.05948846836012, 74.98561253623075, 38.353947713208306, 18.265180047950395, 25.50507984836063, 52.17542209452256, 17.289405187438078, 41.13492653225531, 54.04297011306438, 92.29136498679298, 26.890486534470284, 46.33058332177317, 89.37844561677703, 48.80057895779699, 18.4134319586645, 85.94118186237574, 80.44144036872825, 56.579222009255986, 26.12846145434872], [37.90795289436305, 64.50030120854092, 16.124471757499162, 50.54940993276517, 0.0, 62.62413551164256, 54.64045360798519, 68.7259709711576, 79.55891630246153, 50.823194786859446, 66.49299170455905, 20.805301118119075, 38.14340886078374, 51.63323259660092, 58.0515065671011, 74.09382292150126, 31.05456695270998, 78.46471340880919, 30.10205646871446, 52.31782597334216, 26.14556321557956, 76.67663967164383, 34.71602621222516, 76.24748697840248, 52.2072699549915, 77.9268116991819, 64.70102915444015, 15.025742693949988, 20.170717286773897, 37.694262429111866, 6.258336764202225, 76.11340827370591, 68.88892022390343, 80.09033233742736, 75.39473897056725, 52.345511121994505, 37.27550476528445, 28.3914605779116, 63.22863418197566, 47.42650465955099, 73.9828446646832, 24.94778833071473, 66.74912039979338, 35.566748062710424, 11.557922677620105, 66.63225268739322, 15.744676328547797, 48.479197130256765, 93.96291801872486, 71.37984841683623, 20.358638497407465, 49.916610707237375, 19.3990531907187, 35.53490138490459, 40.12680865301831, 38.620020846305195, 6.329590001134903, 67.27910462720388], [28.071064308258702, 58.95255790249213, 46.576147189281585, 105.9371916110637, 62.62413551164256, 0.0, 106.17982939320464, 103.44815996396596, 127.10773920856657, 20.99587866555961, 54.97316311284479, 52.107436936409066, 100.76620093410394, 91.11929467146537, 11.030817846084176, 95.29652657146019, 81.45682449824567, 93.90693361588171, 32.89718579730649, 109.564390445265, 48.240332366237624, 63.02668793010633, 46.79088128166926, 96.17694028079273, 65.12247495232828, 128.403885656809, 107.45890939418852, 71.05801854430109, 43.2464213628423, 35.21325997718294, 60.455844009056804, 81.76280308476045, 115.67588245880499, 86.09491340149964, 78.4356755073688, 102.21901844672475, 59.146617602402735, 84.07544589189244, 52.54604951530479, 24.574559998098437, 76.3001973360219, 67.86767018219943, 117.37106356727931, 97.58301326439275, 55.37584217893734, 118.22309348981669, 78.33362125899782, 66.63540863455208, 89.36346822474181, 117.43548498390555, 59.61301429057651, 17.866943300007947, 79.70348979145427, 95.65632262759192, 22.76704133706198, 25.539413726035853, 59.73275445203869, 111.80105611832501], [88.48930934537196, 72.47197680240265, 65.20859000478787, 9.127030107262351, 54.64045360798519, 106.17982939320464, 0.0, 30.799074667306375, 25.207408541681332, 87.42964367746649, 77.88022063943548, 54.501921844010326, 42.60364223494527, 22.533887475574684, 97.65747038659248, 49.28307383905625, 25.34339481502314, 57.41090997972871, 75.42254449067404, 14.161549691211299, 80.73304606467157, 83.56049530116286, 60.60210232859856, 51.59599579380669, 54.464384026332745, 23.403573221736313, 18.097043075801995, 39.99509512350984, 71.7783041262383, 71.56211025951906, 52.06083619625426, 66.28237782547671, 15.873178070309516, 67.68673420270174, 68.47324239368614, 4.676688433154339, 49.94021331496036, 26.269771822536715, 76.28047509286718, 83.32206563615358, 68.5927811349338, 38.40277874601351, 12.123780007453346, 33.906231073983655, 54.40103875262219, 12.308872480716849, 47.30401777937853, 49.6635894456504, 85.07750834088982, 18.56555332379911, 46.961217824012586, 89.06501143322573, 55.58257882551216, 26.13639733456023, 87.30515559220693, 80.95491561196742, 60.88618469517883, 17.10876704458557], [93.42196075082892, 54.94770336145337, 73.00925583552986, 39.60126528495387, 68.7259709711576, 103.44815996396596, 30.799074667306375, 0.0, 30.841066647841497, 82.66185058190777, 60.93012967308969, 58.544958770054585, 70.56826073751041, 17.169108325014232, 93.20736820115661, 20.410354449631548, 39.075364512816726, 28.704341594552528, 78.44621674391564, 44.9444815618405, 92.25447438247663, 63.22290608123837, 57.29274417152454, 22.371889278545392, 40.00817768798193, 36.44184439747297, 13.724461074754702, 54.334985520797375, 79.96825864101584, 68.77728927043093, 63.825175820389866, 40.971750083693074, 23.057228077138692, 40.97238300718819, 44.13025628046719, 27.697199626292775, 44.75765197354495, 45.42019198104005, 60.58411691870618, 78.89584136368408, 44.97658183039247, 44.72434134082519, 30.99679049852963, 61.33152591136832, 63.162487697737845, 33.33818579365985, 67.91624751160163, 37.21031645835678, 57.74234950741392, 22.619091553317023, 52.504601376251685, 85.58956063077169, 77.09150358801116, 52.849670459208994, 89.5600443917577, 80.94752514256321, 74.83165357662854, 17.70838510261339], [111.90326140461563, 84.65715265932283, 89.05786427446705, 31.992808468568295, 79.55891630246153, 127.10773920856657, 25.207408541681332, 30.841066647841497, 0.0, 107.22227534997477, 90.55856070481286, 76.96769817024769, 65.1165294597456, 36.3819578288993, 117.74160726640343, 50.76988203434009, 49.21515273082042, 58.83116997219919, 98.06221213023395, 34.11813495939331, 105.52491552204943, 93.73632445844497, 80.4106725033337, 52.42898877315659, 68.15519121044362, 7.544526656732539, 20.439410116766236, 64.70055471898647, 95.8272856006234, 91.91608882827182, 76.55536404799774, 71.79347980991862, 11.456487300342697, 71.59562181019535, 74.97071868106244, 27.239530014142638, 68.41971644813722, 51.323807449188116, 89.78994356841994, 103.19964023058188, 75.79275205316488, 60.89771069713302, 13.727971099788252, 57.30525521579982, 78.26760263079892, 14.969818635753349, 72.44221908131169, 64.30229603692169, 87.94339194734752, 9.770160811458963, 69.64042421773848, 109.45857474753873, 80.53870433323767, 50.390730493522206, 109.8749274992596, 102.62095971369477, 85.85019056892178, 15.651831543097272], [28.34349263260758, 39.29044236346337, 35.28928539577594, 88.16309983868864, 50.823194786859446, 20.99587866555961, 87.42964367746649, 82.66185058190777, 107.22227534997477, 0.0, 36.18278161269805, 35.333007396247076, 87.99842610446237, 70.96285585860616, 10.580186427977663, 74.3530989441991, 63.57729056631597, 73.21102041605884, 22.074604538417884, 92.28892095708576, 45.67131375316422, 45.52020796560577, 26.941209911187233, 75.28073828950531, 44.129495750750245, 108.98109947625719, 87.27605963796701, 55.66091653137858, 35.11284587064573, 15.981601617854324, 46.98338011749942, 61.6664307086666, 95.8584225407981, 66.09420031076218, 58.54655248012409, 83.24489350487053, 38.84472413576204, 67.3650832193248, 33.310310830825784, 4.111557391117141, 56.422011033572915, 49.820513736552364, 98.1664810127822, 83.35160149387006, 41.12312919998479, 99.19651530140395, 66.2387832539785, 45.696422075569345, 71.21809419016367, 97.48515578802531, 42.3491847393058, 4.322166861738811, 69.77005438469784, 80.08037606881801, 20.087194593333198, 13.520078391938355, 49.883877915436344, 91.74806071036865], [61.6992004658117, 5.991608906767736, 56.37109327206835, 82.29797540129344, 66.49299170455905, 54.97316311284479, 77.88022063943548, 60.93012967308969, 90.55856070481286, 36.18278161269805, 0.0, 45.69010944777429, 95.70041134401662, 56.19307445174219, 44.06605264570132, 45.95679869608061, 61.11168645893861, 41.98107017956405, 49.35186329896916, 87.68743665708439, 74.03158317266863, 10.594215164591262, 31.86290612993222, 45.99432913123844, 23.416298472778607, 94.58811219048559, 70.33866703511038, 62.526406770542614, 60.2977184509506, 33.92398653996156, 60.526382161759145, 27.862163241425367, 80.38417903341652, 31.852698606583644, 24.1649887465044, 73.20503059354915, 32.661710786200814, 68.03648081766605, 3.4315428429033963, 34.66679279689552, 22.076842219762433, 50.33843086710776, 85.58853475483694, 88.27349246388668, 54.959339208664765, 87.33519610358587, 78.25368367568463, 28.292094871388162, 35.04793408492623, 81.12535469229545, 48.19430851746107, 40.48214327392173, 85.1518879155987, 81.9998461213704, 54.00202003339925, 44.553941224660605, 68.9649861427242, 75.23937270871984], [35.30185749964406, 43.77822062491958, 15.115210950006663, 53.83147316352856, 20.805301118119075, 52.107436936409066, 54.501921844010326, 58.544958770054585, 76.96769817024769, 35.333007396247076, 45.69010944777429, 0.0, 53.84632350218154, 42.978066622562494, 44.638987099161646, 58.81165380165625, 29.42290194077603, 61.71995150854599, 21.099086552887346, 57.52036034926582, 35.32262530281182, 55.88274406639034, 14.007974073685507, 60.68086696060911, 32.9457261074821, 77.33637065734165, 58.678609521817506, 20.506950490177626, 21.82127317267375, 19.822358739034097, 14.889916557598301, 57.08502479176838, 65.55527905398709, 61.30474176063887, 55.908333909618946, 50.81738212978894, 18.231437064254187, 32.20188081724115, 42.43633162611102, 31.36138839424238, 54.32899607084577, 16.169280240505557, 66.0935990795242, 48.373295181953736, 9.313692072229568, 66.72341615230093, 33.61315447679681, 30.08819888305852, 74.07493207955604, 67.63093911721434, 7.555026476979464, 35.92129455159463, 39.66811764964201, 44.75176033326223, 32.94671417906127, 26.61905064300849, 23.838469170624247, 62.43458094795759], [75.28250663219686, 91.99963996931265, 54.237404667635026, 33.867243571793374, 38.14340886078374, 100.76620093410394, 42.60364223494527, 70.56826073751041, 65.1165294597456, 87.99842610446237, 95.70041134401662, 53.84632350218154, 0.0, 55.82876768451415, 95.91485348930999, 84.88869724892655, 37.10224428113372, 91.88157308055438, 68.15535628984739, 31.00036332921704, 59.25218593705798, 104.56436630557393, 66.85846657251346, 87.32761736184706, 75.40284921650318, 60.16711756248177, 59.94954952532381, 33.79691638593775, 57.924819566919496, 73.41427141851536, 41.05069543561299, 95.6667637576075, 58.109738751235454, 98.55156559714487, 96.43615604559764, 43.85508302171995, 63.05904012606128, 29.200575207235175, 92.91696484989623, 84.31072542492619, 95.7093250686809, 45.386145086264655, 51.6105948934649, 9.268510745240336, 46.87900075416784, 50.14936138191138, 22.453824590298133, 70.41527630094973, 115.13401922570063, 60.75583577604376, 48.5977344332158, 87.56326346464128, 23.906354377164085, 17.761995612938367, 78.20708237050043, 76.4962148684502, 41.59799001462282, 59.681790254576256], [78.25370544560009, 50.57412883193118, 56.84465756133175, 29.18922219081436, 51.63323259660092, 91.11929467146537, 22.533887475574684, 17.169108325014232, 36.3819578288993, 70.96285585860616, 56.19307445174219, 42.978066622562494, 55.82876768451415, 0.0, 81.51485501096424, 29.245514199733847, 22.048683876821816, 36.742278491565955, 63.6371799546177, 34.94840393284931, 75.61549705945656, 61.25400252573536, 44.32844151520409, 31.681606015193044, 32.929230987551385, 39.06298673036982, 16.34021702762917, 37.167400726817974, 63.82056193334646, 55.91728469363854, 46.887008259007104, 44.001297564506366, 25.215427059694107, 45.73292092268841, 46.029934178209004, 17.983907580151115, 32.11852079986118, 28.84831451801654, 54.9089200483177, 66.97478396597128, 46.08901904410607, 28.13032056985458, 29.435563310312215, 46.582430671809696, 46.640528123488416, 31.142862062527385, 51.00081014044999, 28.540676721269293, 63.10474388769707, 26.61270787330316, 36.3633098089255, 73.35323949883542, 60.20139919000421, 38.149780027050234, 75.17090458440245, 67.22506037211284, 57.78516143719216, 20.802459155410684], [28.744123980176198, 47.94254675422334, 42.00325882249839, 98.07578069983542, 58.0515065671011, 11.030817846084176, 97.65747038659248, 93.20736820115661, 117.74160726640343, 10.580186427977663, 44.06605264570132, 44.638987099161646, 95.91485348930999, 81.51485501096424, 0.0, 84.44893358370282, 73.47735482195755, 82.92111522672616, 28.03555097626432, 102.03266889648782, 48.298228057550375, 52.41349962299607, 37.37357054911048, 85.28208638734098, 54.41210456658046, 119.40476908453049, 97.83549516791594, 64.544245810516, 40.23744219181701, 26.098991211995873, 54.93993705981688, 70.73449329003887, 106.3620740030228, 75.07203682294647, 67.41842102716336, 93.53422316114062, 49.40137302350086, 76.83871434917685, 41.57039723950769, 14.54363806663669, 65.28300659325868, 59.736361643311675, 108.53046543321383, 91.87522520001242, 49.36591259614267, 109.51345017938846, 73.7439217113091, 56.17304520716923, 78.66489255105998, 108.01315062962071, 51.92164918350267, 8.721662354528574, 76.3145455225907, 89.14634981965372, 21.233643879919537, 19.438329483806484, 56.17677560693042, 102.29089737953396], [90.84831140537561, 40.11668555038074, 73.92454782910258, 57.35589935923522, 74.09382292150126, 95.29652657146019, 49.28307383905625, 20.410354449631548, 50.76988203434009, 74.3530989441991, 45.95679869608061, 58.81165380165625, 84.88869724892655, 29.245514199733847, 84.44893358370282, 0.0, 49.19507233754383, 8.325717430717045, 75.70023376437896, 63.013757811887665, 94.12168066848518, 45.81569189728141, 52.734751845246066, 2.440105119296436, 30.417464836494617, 56.74278330986864, 33.83709458951829, 61.647812324861015, 80.50740120886056, 63.05408265743875, 68.28554650784, 21.636057060001182, 43.46046182819816, 20.86648208209439, 25.239907636693207, 45.40129281464771, 41.42401475411072, 56.82790764382954, 46.53901898681367, 71.10066570522417, 26.533528939314415, 49.20368035129133, 51.23478180149824, 75.68416186739611, 65.81643061382528, 53.533957856344024, 77.42635127956156, 30.298769898302005, 37.34413132946596, 42.99501325164745, 54.789824056060056, 77.94141579924292, 86.52362237582088, 67.30930322686292, 85.45707722085854, 75.96476481921844, 79.54176087639686, 38.08356417177778], [63.16363325304816, 56.67909185994226, 39.97627232723615, 24.600286107604983, 31.05456695270998, 81.45682449824567, 25.34339481502314, 39.075364512816726, 49.21515273082042, 63.57729056631597, 61.11168645893861, 29.42290194077603, 37.10224428113372, 22.048683876821816, 73.47735482195755, 49.19507233754383, 0.0, 55.5440138486471, 50.15535190954309, 28.824564865742484, 56.54978084578365, 69.01329332906738, 37.48012662649054, 51.59399351576631, 39.1619045149985, 48.59515080952304, 33.669996133913195, 16.044905863127514, 46.660887727115714, 47.5961877473701, 27.425718694824244, 58.56451970442321, 38.18393565450566, 61.48786147464958, 59.38224960106102, 22.12494478860727, 29.19795348045306, 7.927180155633763, 58.74674968236184, 59.47711664530562, 58.719487956289306, 13.757688505167506, 37.264553517171386, 28.452561936023688, 29.158611405402944, 37.64945880164015, 28.96632168586031, 34.04379737850826, 78.03667469482478, 40.58253447761685, 21.873765360839368, 64.7834145610837, 38.17131759049819, 21.163399516361725, 62.02903326363853, 56.027738841668274, 37.3766349014498, 36.260086844185594], [91.95528939608218, 36.4770453968806, 76.70014185272436, 65.32022885711412, 78.46471340880919, 93.90693361588171, 57.41090997972871, 28.704341594552528, 58.83116997219919, 73.21102041605884, 41.98107017956405, 61.71995150854599, 91.88157308055438, 36.742278491565955, 82.92111522672616, 8.325717430717045, 55.5440138486471, 0.0, 76.99021519824777, 71.01398863225316, 96.93954293749832, 40.1929817051694, 53.91256201183736, 6.404979776586385, 30.671654549228766, 64.94240714141135, 42.16274040713722, 66.89319619055436, 83.01744382559359, 63.369419678710784, 72.45695650903977, 15.218885967425672, 51.76131865999394, 13.339544228445531, 19.11363511574756, 53.429960740910424, 43.69040658391856, 63.34458651715961, 43.12168388170812, 70.26736654631658, 20.79766965058059, 53.91722251795477, 59.5604745949746, 82.74816211383366, 69.41004011549028, 61.859262966544925, 83.0880525897952, 31.924597352230315, 29.132956544954347, 51.24674419434013, 58.565143176145256, 77.04081314754248, 92.05854209814545, 74.4699768098194, 86.00303026856007, 76.29990233555556, 83.59692776283327, 46.395469156560225], [15.188669968156407, 50.031475560711236, 13.993376396530627, 74.14988568828618, 30.10205646871446, 32.89718579730649, 75.42254449067404, 78.44621674391564, 98.06221213023395, 22.074604538417884, 49.35186329896916, 21.099086552887346, 68.15535628984739, 63.6371799546177, 28.03555097626432, 75.70023376437896, 50.15535190954309, 76.99021519824777, 0.0, 77.3852292393595, 25.11063603722971, 59.86678107093016, 23.0860175292734, 77.23843034192859, 46.36421428779978, 98.38982325233013, 79.58072305501842, 38.367457397421084, 13.071261547175453, 15.487310958007319, 27.561562280016894, 68.97512839967615, 86.64306314017611, 73.47718162706971, 66.78202693856908, 71.84415169708197, 34.558227283796384, 51.80253137300686, 45.95143698799083, 19.580402247405704, 64.84561004692561, 37.24257192347127, 87.12197676475624, 64.69639484553043, 22.57416756448587, 87.68927793263275, 45.83872825269048, 45.4384518213156, 82.8882151215883, 88.69772120009883, 28.53116419927969, 20.275536761964396, 48.317891325838886, 62.86505166267081, 11.8835241745212, 8.788061631515903, 28.209724687433397, 83.44283463048333], [88.93783783505135, 82.64475543274935, 65.47348003799078, 5.759228639643283, 52.31782597334216, 109.564390445265, 14.161549691211299, 44.9444815618405, 34.11813495939331, 92.28892095708576, 87.68743665708439, 57.52036034926582, 31.00036332921704, 34.94840393284931, 102.03266889648782, 63.013757811887665, 28.824564865742484, 71.01398863225316, 77.3852292393595, 0.0, 78.16655874413988, 94.34336566416461, 66.29714439352001, 65.36878363453295, 64.53585975397674, 29.385259924355264, 32.15320693507867, 39.3729255454384, 71.41887587831789, 76.32286817470357, 51.343850728316546, 78.91565822188367, 27.90104431774072, 80.66979811952072, 80.8001625398461, 17.616524409250736, 57.29937038738731, 25.582708408605587, 85.71552605213147, 88.2011801448744, 80.71454543713766, 42.51861685001431, 20.709269787367326, 23.519261492037064, 55.080119275810304, 19.155949428406974, 41.42581574650825, 59.48454413919657, 98.04994623677787, 30.4329559660178, 50.1225683079935, 93.3151491247062, 48.37392587362732, 17.91578493662325, 89.06892807274225, 84.02645639471856, 58.12126117188415, 30.534721688899506], [20.191679061330394, 74.13545903104334, 20.24507149016743, 76.64257190375864, 26.14556321557956, 48.240332366237624, 80.73304606467157, 92.25447438247663, 105.52491552204943, 45.67131375316422, 74.03158317266863, 35.32262530281182, 59.25218593705798, 75.61549705945656, 48.298228057550375, 94.12168066848518, 56.54978084578365, 96.93954293749832, 25.11063603722971, 78.16655874413988, 0.0, 84.61007617019585, 44.68701691353443, 96.0028586154421, 67.33187172601379, 104.05547344682034, 89.82960020383433, 40.82477025230258, 14.206818976750686, 40.16684412925843, 29.15958169655633, 91.14545133295653, 94.68742034729071, 95.53256752443717, 89.44510332982783, 78.28546926068027, 53.26097474423494, 54.51940392344245, 70.60516268948611, 44.01247714574877, 87.6529854884597, 47.548345525024196, 92.85203492657536, 59.28453005360221, 29.10324006946555, 92.76855929529187, 38.189953428186044, 65.09918082023272, 106.56340472454058, 97.11970807933076, 39.98212530426969, 42.70425540481568, 35.6047479926617, 60.86149175946783, 27.06485022743448, 32.37983544996105, 20.072921757604888, 92.75067786024535], [71.90079205273551, 12.587926590958558, 66.92498605737163, 88.78671958445226, 76.67663967164383, 63.02668793010633, 83.56049530116286, 63.22290608123837, 93.73632445844497, 45.52020796560577, 10.594215164591262, 55.88274406639034, 104.56436630557393, 61.25400252573536, 52.41349962299607, 45.81569189728141, 69.01329332906738, 40.1929817051694, 59.86678107093016, 94.34336566416461, 84.61007617019585, 0.0, 42.21425417691255, 45.2916440249846, 30.004314342517176, 98.41858642434477, 74.03558597887736, 71.88681692780945, 70.89186725401343, 44.476407961392795, 70.63166792994353, 25.00844242011978, 84.23243338427906, 27.99187088215403, 21.08797503600235, 78.90227042990838, 41.65311742389651, 76.28937977890635, 14.025727041948205, 44.448303877587804, 19.43718846208223, 59.22550334297373, 90.19483100199355, 96.80373373010357, 65.18643704295933, 92.10779815640429, 87.93146556512511, 35.14319574352507, 26.3819111832379, 84.65754414873895, 57.88537034357726, 49.841949735324064, 95.1027828320656, 90.1267629665109, 64.06575975339372, 54.784452493052974, 79.34862528851463, 78.9068486534509], [38.149471076162854, 30.46053107715794, 25.342671529014506, 61.846419019433505, 34.71602621222516, 46.79088128166926, 60.60210232859856, 57.29274417152454, 80.4106725033337, 26.941209911187233, 31.86290612993222, 14.007974073685507, 66.85846657251346, 44.32844151520409, 37.37357054911048, 52.734751845246066, 37.48012662649054, 53.91256201183736, 23.0860175292734, 66.29714439352001, 44.68701691353443, 42.21425417691255, 0.0, 54.2126117111333, 23.336802979331846, 82.0450926696699, 60.66822551396712, 33.06877528973084, 30.48309047737314, 11.607677673147892, 28.893132662970675, 46.57765546784463, 69.01048538483417, 51.01764833282097, 44.76555673544738, 56.35747300365529, 12.541512848404492, 42.35468065144689, 28.552890464308913, 22.864180140548935, 42.96597005458331, 23.95686661613182, 71.22983085602114, 60.62989023633345, 23.15901175957955, 72.28153973729063, 47.43228603491418, 22.436016518307284, 62.061005426633116, 70.70391992754398, 18.29557952742498, 29.052851404794765, 53.6759424830692, 55.92273129809212, 32.874567870796206, 23.75658298813555, 37.13437129621237, 65.03133435795498], [92.35730959933461, 40.23955722102751, 75.78333899007929, 59.722050864691106, 76.24748697840248, 96.17694028079273, 51.59599579380669, 22.371889278545392, 52.42898877315659, 75.28073828950531, 45.99432913123844, 60.68086696060911, 87.32761736184706, 31.681606015193044, 85.28208638734098, 2.440105119296436, 51.59399351576631, 6.404979776586385, 77.23843034192859, 65.36878363453295, 96.0028586154421, 45.2916440249846, 54.2126117111333, 0.0, 31.580226324667485, 58.54420537560601, 35.923560256359785, 63.92678539337402, 82.31716693925847, 64.34287916059863, 70.40186480890459, 20.701609937677798, 45.423424984481876, 19.474464661359324, 24.443643697433306, 47.75308390169144, 43.12133302357886, 59.24243290187928, 46.75363346550377, 72.10680934507066, 25.88692565160763, 51.392118741598296, 53.30439121127822, 78.123881984826, 67.82723208118168, 55.61962323290992, 79.76518007781706, 31.800009305360327, 35.537064045234466, 44.86776283914309, 56.822233830980785, 78.9380367629885, 88.84994615893436, 69.74940364850143, 86.82878783189649, 77.27573277732353, 81.64543339334912, 40.078635605491044], [61.28666325494333, 18.119946512109305, 47.29528865092885, 59.06183520299829, 52.2072699549915, 65.12247495232828, 54.464384026332745, 40.00817768798193, 68.15519121044362, 44.129495750750245, 23.416298472778607, 32.9457261074821, 75.40284921650318, 32.929230987551385, 54.41210456658046, 30.417464836494617, 39.1619045149985, 30.671654549228766, 46.36421428779978, 64.53585975397674, 67.33187172601379, 30.004314342517176, 23.336802979331846, 31.580226324667485, 0.0, 71.70646392920082, 47.7420260158087, 44.13116701306767, 53.19188272568991, 32.816386201971255, 45.951019111764076, 24.14228521650387, 57.57919476791132, 28.371715640412422, 23.18796592794911, 49.78896582975126, 14.963048058178282, 46.63562171317141, 21.980609273353462, 40.75586522050234, 21.80767585655913, 30.746516801819748, 62.36474899230071, 67.29027343702963, 41.66887879979931, 64.04924879547248, 60.75405432200192, 5.142879004546891, 41.84939518526649, 58.53457292373876, 31.91892465513596, 47.60003724077913, 68.83068515496964, 60.322466140767304, 55.3979866433165, 45.76106822744643, 56.37507802739881, 52.60730885636349], [111.74508067176912, 88.77491466875617, 88.55034338083836, 28.385744663150337, 77.9268116991819, 128.403885656809, 23.403573221736313, 36.44184439747297, 7.544526656732539, 108.98109947625719, 94.58811219048559, 77.33637065734165, 60.16711756248177, 39.06298673036982, 119.40476908453049, 56.74278330986864, 48.59515080952304, 64.94240714141135, 98.38982325233013, 29.385259924355264, 104.05547344682034, 98.41858642434477, 82.0450926696699, 58.54420537560601, 71.70646392920082, 0.0, 24.385129717100778, 63.38183140188031, 95.15944599288515, 93.37808033041182, 75.46311144011565, 77.30923458059054, 14.217788955761215, 77.41382370532793, 80.31968055600389, 26.562703877768882, 70.46864016369949, 49.5372949093892, 93.5873404500512, 104.90925934376921, 81.00362857249068, 61.16709808992739, 11.331885529295182, 52.89752362473834, 77.73431266493601, 11.31823564751774, 69.4944197252556, 67.53477027618565, 94.06884854062048, 13.894833691940649, 69.8588370819103, 110.96284144694754, 77.15621481335802, 46.640146278403904, 110.26533312003751, 103.49702604432326, 84.13017987284691, 19.51400798991146], [93.96441515957335, 64.48452931446253, 71.9040337437055, 27.202822982368083, 64.70102915444015, 107.45890939418852, 18.097043075801995, 13.724461074754702, 20.439410116766236, 87.27605963796701, 70.33866703511038, 58.678609521817506, 59.94954952532381, 16.34021702762917, 97.83549516791594, 33.83709458951829, 33.669996133913195, 42.16274040713722, 79.58072305501842, 32.15320693507867, 89.82960020383433, 74.03558597887736, 60.66822551396712, 35.923560256359785, 47.7420260158087, 24.385129717100778, 0.0, 49.7120669858689, 78.83891727873772, 72.25449890591037, 60.70014082724923, 53.40770168624106, 10.210305181596008, 53.90944678361501, 56.24416633836298, 16.09484615434656, 48.43412215045048, 38.23177145054768, 69.46251374519171, 83.29905447374811, 56.82209101011425, 43.11573509655912, 17.40030793273393, 50.92357936880136, 61.35493812848821, 19.698556507271114, 60.907143701400315, 43.86411357600157, 70.97859876921638, 10.802587495770087, 51.70646176414183, 89.69217151744212, 69.82114431618497, 42.65975351605248, 91.22699902969764, 83.46328584940362, 71.011444004201, 4.901844426053627], [49.586177396627356, 59.312721711513575, 26.104395711927456, 36.781235931076615, 15.025742693949988, 71.05801854430109, 39.99509512350984, 54.334985520797375, 64.70055471898647, 55.66091653137858, 62.526406770542614, 20.506950490177626, 33.79691638593775, 37.167400726817974, 64.544245810516, 61.647812324861015, 16.044905863127514, 66.89319619055436, 38.367457397421084, 39.3729255454384, 40.82477025230258, 71.88681692780945, 33.06877528973084, 63.92678539337402, 44.13116701306767, 63.38183140188031, 49.7120669858689, 0.0, 32.21524310347661, 40.32718514799439, 12.171442436865956, 66.81128090950293, 53.92196937514704, 70.39537438887194, 66.75539616917179, 37.461469554074796, 30.291368650973755, 14.106642144996833, 59.59203453029269, 51.75668859901988, 65.64685392892427, 13.532231316985419, 52.11758045584363, 27.873669682127147, 15.823695182890024, 52.15213145516213, 16.69253269742289, 39.590280065991934, 85.65223533252343, 56.392679498096015, 14.802352812433488, 55.893813531001236, 25.27977758413208, 24.639301111693616, 49.860027715805266, 45.65800018338967, 21.354420029481165, 52.2533958031767], [17.774332749842074, 60.13107794320313, 6.9766421039946485, 68.99640110364902, 20.170717286773897, 43.2464213628423, 71.7783041262383, 79.96825864101584, 95.8272856006234, 35.11284587064573, 60.2977184509506, 21.82127317267375, 57.924819566919496, 63.82056193334646, 40.23744219181701, 80.50740120886056, 46.660887727115714, 83.01744382559359, 13.071261547175453, 71.41887587831789, 14.206818976750686, 70.89186725401343, 30.48309047737314, 82.31716693925847, 53.19188272568991, 95.15944599288515, 78.83891727873772, 32.21524310347661, 0.0, 26.74280934214799, 20.09109986868448, 76.94925017168292, 84.65308794365184, 81.34451087223707, 75.23840191527044, 68.7820216767763, 39.33645685726268, 46.316817370787135, 56.86617761476308, 32.633710842597665, 73.4485723486492, 35.78345636468108, 83.83371191397907, 55.737461143957304, 17.57698512162087, 84.05224748273051, 35.498803890823936, 51.11313418093723, 92.41714367791687, 86.94371602942891, 27.498093616413893, 33.04523570850233, 36.481275773307004, 55.33943556239853, 20.48509617046856, 21.668695035785515, 16.505311929813143, 82.16683785696371], [29.149031708545, 34.56919295146458, 24.036753485786317, 72.18169019974675, 37.694262429111866, 35.21325997718294, 71.56211025951906, 68.77728927043093, 91.91608882827182, 15.981601617854324, 33.92398653996156, 19.822358739034097, 73.41427141851536, 55.91728469363854, 26.098991211995873, 63.05408265743875, 47.5961877473701, 63.369419678710784, 15.487310958007319, 76.32286817470357, 40.16684412925843, 44.476407961392795, 11.607677673147892, 64.34287916059863, 32.816386201971255, 93.37808033041182, 72.25449890591037, 40.32718514799439, 26.74280934214799, 0.0, 32.93962680216662, 54.196269750494984, 80.49538575842969, 58.71996466864172, 51.77827755835112, 67.43663737474374, 24.097050322163287, 51.51762794164007, 30.510342695344963, 11.881782399322402, 49.78781231483349, 33.8400076868473, 82.4560447712239, 68.18394134786185, 26.876073076542035, 83.41983288348206, 52.35679615474511, 32.99691687190132, 67.47247800326785, 82.23082932380164, 26.51821859399555, 17.584885929394815, 57.080060951618755, 64.46760423064549, 22.646524746079127, 12.94492669889618, 38.20775893070544, 76.58794039802108], [37.630130696470765, 58.38787870528437, 14.319803979647578, 48.92857741938451, 6.258336764202225, 60.455844009056804, 52.06083619625426, 63.825175820389866, 76.55536404799774, 46.98338011749942, 60.526382161759145, 14.889916557598301, 41.05069543561299, 46.887008259007104, 54.93993705981688, 68.28554650784, 27.425718694824244, 72.45695650903977, 27.561562280016894, 51.343850728316546, 29.15958169655633, 70.63166792994353, 28.893132662970675, 70.40186480890459, 45.951019111764076, 75.46311144011565, 60.70014082724923, 12.171442436865956, 20.09109986868448, 32.93962680216662, 0.0, 69.8756238864703, 65.60374933421485, 73.86960798118942, 69.13882420309234, 49.341494378503576, 31.017187903971482, 26.273502472558796, 57.2968832285846, 43.36620467704412, 67.72459998349544, 19.40487252717636, 64.1714441432264, 37.13798084074628, 6.074692435575488, 64.26565176238661, 19.425456046567277, 42.25301672867134, 87.70541301829397, 68.00813068309505, 14.136160340917145, 46.5258557354435, 24.798895111772264, 35.64734797911095, 38.54758831528447, 35.58504890330545, 11.276679254218335, 63.591803444014744], [83.33670076704777, 22.943412678670324, 71.278543836859, 73.15908981272653, 76.11340827370591, 81.76280308476045, 66.28237782547671, 40.971750083693074, 71.79347980991862, 61.6664307086666, 27.862163241425367, 57.08502479176838, 95.6667637576075, 44.001297564506366, 70.73449329003887, 21.636057060001182, 58.56451970442321, 15.218885967425672, 68.97512839967615, 78.91565822188367, 91.14545133295653, 25.00844242011978, 46.57765546784463, 20.701609937677798, 24.14228521650387, 77.30923458059054, 53.40770168624106, 66.81128090950293, 76.94925017168292, 54.196269750494984, 69.8756238864703, 0.0, 63.49351696979071, 4.525494199972303, 3.9309762201589473, 61.87644889570565, 39.04471421414583, 66.47409125321407, 29.56579610238247, 59.200776784166514, 5.839887996397464, 53.28634458259993, 70.55605144271513, 86.91617621166496, 65.77644020121946, 72.71321629107737, 83.4901321562264, 27.653478665166293, 19.5184892335338, 63.419753147184835, 55.75661058527931, 65.74636485244115, 91.96680973158871, 79.1167512650579, 76.61694369999518, 66.7906067950445, 80.46140508369518, 58.05086923276602], [100.56389527771245, 74.56235758006893, 77.83906904049769, 24.24256726054342, 68.88892022390343, 115.67588245880499, 15.873178070309516, 23.057228077138692, 11.456487300342697, 95.8584225407981, 80.38417903341652, 65.55527905398709, 58.109738751235454, 25.215427059694107, 106.3620740030228, 43.46046182819816, 38.18393565450566, 51.76131865999394, 86.64306314017611, 27.90104431774072, 94.68742034729071, 84.23243338427906, 69.01048538483417, 45.423424984481876, 57.57919476791132, 14.217788955761215, 10.210305181596008, 53.92196937514704, 84.65308794365184, 80.49538575842969, 65.60374933421485, 63.49351696979071, 0.0, 63.84286096525783, 66.39136989562694, 16.698991556038074, 57.100417332037225, 40.97132720808631, 79.41740763848547, 91.8241465009063, 67.00148869178992, 49.52199521541526, 8.67826933797099, 49.62708743954703, 67.0777096398328, 11.067431602613766, 62.830301030830874, 53.503940948618244, 80.76583535601146, 2.692416431206474, 58.2609989299762, 98.0495200854193, 71.29127225627758, 41.99601858671047, 98.44415013620731, 91.16447869296253, 75.20875586040188, 5.442936720726011], [87.85878045459533, 27.17956389382982, 75.61086247742377, 74.91221343009727, 80.09033233742736, 86.09491340149964, 67.68673420270174, 40.97238300718819, 71.59562181019535, 66.09420031076218, 31.852698606583644, 61.30474176063887, 98.55156559714487, 45.73292092268841, 75.07203682294647, 20.86648208209439, 61.48786147464958, 13.339544228445531, 73.47718162706971, 80.66979811952072, 95.53256752443717, 27.99187088215403, 51.01764833282097, 19.474464661359324, 28.371715640412422, 77.41382370532793, 53.90944678361501, 70.39537438887194, 81.34451087223707, 58.71996466864172, 73.86960798118942, 4.525494199972303, 63.84286096525783, 0.0, 7.708087556685199, 63.39408491245159, 43.18298103152526, 69.41440607089926, 33.74139461076563, 63.67175258455697, 9.831939580247965, 56.90370732646197, 71.22693038986122, 89.6908499847123, 69.90035202470719, 73.44562520909788, 87.038538206554, 31.618127044840996, 17.39649660489017, 63.57814738759631, 59.73525452552144, 70.19300606627681, 95.62125313931091, 81.75364381366705, 81.14156942509923, 71.31522026692885, 84.55419401190306, 58.41100074846259], [80.9197933613028, 19.49362804751156, 69.77342767315416, 75.05720974047472, 75.39473897056725, 78.4356755073688, 68.47324239368614, 44.13025628046719, 74.97071