instance_id,num_cities,city_coordinates,distance_matrix,best_route,total_distance
1058,73,"[[32.0779953676264, 15.651028470982842], [86.5567100553561, 20.115368423549597], [36.38862461227321, 34.68143628265538], [42.559191493228, 48.17013691492934], [45.46963922620928, 76.84415941396803], [95.4676245706717, 65.36217486746011], [47.928067942515504, 29.412994146701443], [31.051672459170266, 36.23650635830052], [50.635946136578255, 79.14198764345397], [89.74227726397196, 39.3626358707312], [99.95146619020048, 57.81220044826397], [67.82620776324639, 88.08111184329775], [9.602974088531369, 78.75439351261122], [43.283859656097455, 70.3623719668308], [98.00648750214303, 22.449231414044814], [1.373654796690016, 12.16340937798166], [26.447163345658787, 15.29606530908425], [63.648162842567935, 28.409709779647464], [67.11449321506556, 28.352538132727524], [74.60422523173321, 68.60718019642596], [79.83149059044679, 65.9145206465154], [1.09478211340025, 63.73948843082089], [79.9326044544912, 60.82203993792298], [13.186289489468306, 50.852295513092216], [90.95823282575367, 16.142099777639128], [89.13380046960651, 70.94713967770949], [86.55214544171133, 17.545579192624672], [5.094958170491259, 42.8481248665254], [66.70965013765885, 64.91478224846756], [76.11106994215164, 81.77317538474975], [91.39636911980757, 25.007194652212274], [39.11807550116063, 13.724847475901914], [96.96059881343544, 89.69342076556764], [67.16878689638686, 98.0389455029136], [42.168826379358514, 17.377800809260137], [62.099465965891234, 83.90743778216633], [28.746382431967156, 18.07959640453123], [3.410190934764934, 47.689932818049265], [89.2571776384637, 93.51842645131663], [13.730718464206904, 43.45603650890189], [45.578923131344105, 44.70899944258059], [42.34027551145406, 12.688886119636756], [44.49273843175461, 86.85510415516843], [94.3733683143541, 88.2991234307883], [78.23654158530616, 86.22588834073119], [75.21585868661127, 22.09654320455393], [59.75487450114571, 42.03163371745392], [51.882172242245986, 96.18832832854594], [37.45710713434806, 61.47238133199385], [66.73683385574624, 49.68907034350415], [90.68958307536586, 57.26774207393795], [15.260235523522125, 99.72283402926982], [99.3594557290524, 67.29358385351996], [63.41333441890775, 54.72947086601816], [76.24561629009825, 80.03048563775172], [48.27504551078247, 94.58321573316972], [19.127838304351886, 24.425157133732444], [64.74381989713027, 32.38892602856982], [87.3021963789476, 31.321985692953668], [33.8749144914966, 89.00043877307728], [19.975303204564266, 30.514308293542957], [20.13519452173098, 79.02944227815412], [8.470262138022855, 76.09681298432132], [24.203914163005813, 47.54648078213409], [17.542386258887, 63.9818077263998], [76.99579831782965, 60.861978614774074], [67.01024726372768, 89.6179978528425], [68.78217039504031, 34.93769505568394], [88.15944061519161, 91.95500052427847], [68.07601168222008, 96.2670466822145], [40.48062558485944, 58.88336962615236], [84.44827291741532, 4.664218365242389], [55.21526644125026, 50.907393399885336]]","[[0.0, 54.66132714487584, 19.51250742378774, 34.16647313101658, 62.64132342025072, 80.55708017642874, 20.990867059007083, 20.61104651786674, 66.14755803038564, 62.34909567989745, 79.90226820310353, 80.77160185859167, 66.98627666225956, 55.84713512412518, 66.27806302530331, 30.901780156390934, 5.642009225969143, 34.050835865392855, 37.26774113225811, 67.91784914161373, 69.3311975352781, 57.20541482120204, 65.80641220886518, 39.950291017171935, 58.882285232094, 79.45454556173497, 54.5070853076075, 38.3114388757511, 60.218510014441165, 79.44211709774278, 60.05170530646268, 7.298828776755509, 98.44809844080942, 89.54960928432483, 10.237510108203761, 74.56692369233356, 4.1228129912611235, 42.992259800588094, 96.60636911399438, 33.312775953971375, 32.04123479935411, 10.681230315840848, 72.27825564710005, 95.69983903779988, 84.32924898612755, 43.61673889584253, 38.23540207375324, 82.93649431961934, 46.13600786167096, 48.57801333794015, 71.88371905189953, 85.7374220279825, 84.81596804142809, 50.0901999744546, 78.07363987312878, 80.57688638395535, 15.642630908960388, 36.70440446105361, 57.404627667041346, 73.37141752755448, 19.167478829454023, 64.49382783459018, 64.89235651194274, 32.85302167152791, 50.469279325129165, 63.73098959515429, 81.80082384713272, 41.46289874565526, 94.69648701068998, 88.28816212165358, 44.041338720848636, 53.51033514136803, 42.17042305614561], [54.66132714487584, 0.0, 52.239899788385316, 52.18095126317381, 70.04500779180417, 46.11591797711463, 39.731823964798515, 57.7987913962331, 69.09734479008696, 19.50910409588162, 40.00588252509226, 70.49946095335599, 96.7492260570976, 66.312147806832, 11.685218014198698, 85.55341346704613, 60.302431859373456, 24.363859175672893, 21.11517843833377, 49.94314469949811, 46.29028970738451, 95.95209728799502, 41.24211295254533, 79.54858453123543, 5.929609298335215, 50.897056534130314, 2.5697932848918894, 84.57419958620324, 48.998910869864396, 62.53636187562567, 6.881298112388342, 47.867137018510235, 70.35159038002688, 80.29928660493616, 44.47222159592098, 68.31972556667827, 57.84616104493872, 87.59965892295038, 73.4527157632388, 76.4749098587551, 47.79148154106516, 44.83576388537954, 78.88960663026197, 68.63034746542604, 66.63201968340805, 11.512600196343534, 34.621685018319546, 83.60274398164204, 64.1963669042874, 35.601001921549695, 37.381539658735235, 106.86690722966759, 48.88449966954805, 41.63834679412067, 60.795887405543475, 83.73139269851042, 67.5664637548821, 25.02883124196125, 11.231385510326296, 86.72095767974236, 67.38858722847962, 88.78449089750642, 96.08025542980802, 68.12001967720197, 81.77555494274878, 41.85328273060991, 72.19888991702108, 23.14380320789602, 71.85750820627936, 78.36207190963016, 60.21597360648878, 15.594343374729657, 43.936714601338366], [19.51250742378774, 52.239899788385316, 0.0, 14.833102857441657, 43.12957278093822, 66.57053369317069, 12.68523688827955, 5.558893884998807, 46.68754435524678, 53.55862097609984, 67.64072057825582, 61.966498887352174, 51.57418572283568, 36.341070947453446, 62.82028225869776, 41.630633515066904, 21.78589589387063, 27.971717463492144, 31.370909345892752, 51.101743911620204, 53.50502932694784, 45.716799023780716, 50.787885759906125, 28.281531843263902, 57.63288244239552, 64.00980252241882, 53.00958800269464, 32.34174333265637, 42.818451597408085, 61.60766636259569, 55.85197316953426, 21.133587404181835, 81.82470589849035, 70.4385715700672, 18.243534006994324, 55.53599361441882, 18.276349550206202, 35.45134792829698, 79.1004128383048, 24.297619639483745, 13.601970805582766, 22.783643499199396, 52.79932082963198, 78.97522951730541, 66.39336332005733, 40.81585034824932, 24.495041053236733, 63.42828854152593, 26.812243314140144, 33.85620894887627, 58.81101341847322, 68.38707660310504, 70.91458059328684, 33.64905096415825, 60.37479658779132, 61.06971576087922, 20.07799805628927, 28.447718764559436, 51.02428537769981, 54.377134625923006, 16.93405076496468, 47.232611885062376, 49.94665544943449, 17.71938313559627, 34.83808931061, 48.31524969569228, 62.89443195516619, 32.39455937250856, 77.20413557930274, 69.25949687665165, 24.545428281509313, 56.66359648588685, 24.854056548716017], [34.16647313101658, 52.18095126317381, 14.833102857441657, 0.0, 28.821350979469944, 55.63154194943366, 19.510387980647593, 16.578134170687186, 32.00764757239888, 47.998079727140464, 58.19658567367684, 47.236723329653444, 44.96119457107959, 22.204063604329747, 61.12256223757048, 54.70587592664853, 36.61013568636823, 28.90015905046311, 31.55471540265901, 38.00732725924968, 41.28059391537763, 44.2911046581968, 39.45684536904023, 29.495107168277404, 58.036732891981174, 51.84579111324518, 53.6026448302707, 37.8403566408116, 29.38754498222586, 47.48571092292478, 54.05175124633844, 34.61674802475293, 68.43753517010822, 55.61052288813864, 30.794810403160877, 40.73054136323788, 33.10942950838566, 39.15194555448301, 65.09354248999388, 29.2113608006047, 4.593283332076963, 35.48192613437899, 38.733258243296, 65.53658885264713, 52.164293594135145, 41.788637225364546, 18.258497627521432, 48.91487173326005, 14.247139057946033, 24.225308026324015, 48.98266033484857, 58.33449731332969, 59.933098034997016, 21.86138465529083, 46.36655083500438, 46.76371320306149, 33.35944209772256, 27.2250684931917, 47.81000612635485, 41.743624865005195, 28.666361724896472, 38.14619728988017, 44.06761101839896, 18.365869237292898, 29.594754230830475, 36.70099093111954, 48.12254466069592, 29.372472487742726, 63.21785350100436, 54.44649521980019, 10.913010187856099, 60.39420577683086, 12.948699013970103], [62.64132342025072, 70.04500779180417, 43.12957278093822, 28.821350979469944, 0.0, 51.29945913585567, 47.49483456507576, 43.09128975077103, 5.6542675621470835, 58.00802604765109, 57.710353762618034, 25.02169571892074, 35.917497997632566, 6.840409405801958, 75.62359829368947, 78.28189617035446, 64.42066808540373, 51.73349623068254, 53.10307937099472, 30.27659043458313, 36.05820063127047, 46.26943208381487, 38.0053191649594, 41.446250243735975, 75.85480994476843, 44.060569888044064, 72.13940624384054, 52.78110680254695, 24.360790280187157, 31.035342349652232, 69.25558052916055, 63.438079268592695, 53.069976790037025, 30.332688093347976, 59.557897638798934, 18.067679394390936, 61.09780015267516, 51.17583530326455, 46.85487916362037, 46.066537120348734, 32.135345794912226, 64.2315499480556, 10.058496397254125, 50.22739212176268, 34.08352575462012, 62.30681385530558, 37.62950826453547, 20.37933881845736, 17.334711763527185, 34.491918326405575, 49.27554604052505, 37.895142488514054, 54.729569852557134, 28.47868758811219, 30.940482204409676, 17.959521806477262, 58.665511809427784, 48.45370796838491, 61.82419541104703, 16.799189549810542, 52.881152351525955, 25.428518432672675, 37.006924103466375, 36.202003199795165, 30.746894952750928, 35.345845727161226, 25.043337299339104, 47.95441444236238, 45.28528085031389, 29.80430548519617, 18.64082151933435, 82.03217523771225, 27.707274876534182], [80.55708017642874, 46.11591797711463, 66.57053369317069, 55.63154194943366, 51.29945913585567, 0.0, 59.601619431819444, 70.69455037367942, 46.90162717176669, 26.622464758634983, 8.781056280398989, 35.77985495266711, 86.90276015558801, 52.422774551640295, 42.987981353173794, 108.09155284957053, 85.26687160922938, 48.76436014890663, 46.62202557702876, 21.11424854360287, 15.64588673444827, 94.38679200363062, 16.184859442965084, 83.55091083658863, 49.42621172775383, 8.444475097657527, 48.640647508330105, 93.13485534279253, 28.761454303378848, 25.377098830744266, 40.55982678857536, 76.43091822345328, 24.377007590016667, 43.22725474602289, 71.71653953165605, 38.175395024143, 81.77631918003323, 93.73835515242595, 28.833039283974113, 84.62151450808085, 53.9947792516389, 74.81303740372749, 55.320746797580306, 22.96303564756309, 27.059282339768494, 47.77079551999384, 42.65811374030222, 53.38486107390263, 58.14078282048295, 32.727733507282416, 9.399442684527177, 87.25755070935047, 4.344731342301337, 33.771762043395825, 24.179432234696645, 55.50683514306474, 86.62333627908201, 45.06869548377573, 35.00583803582466, 65.97294487415975, 83.14724523396535, 76.56219181524237, 87.65713619402376, 73.45689468531587, 77.93746325992757, 19.01210486579206, 37.39207498772939, 40.46927768538622, 27.578758658450777, 41.296628900155866, 55.367363805950845, 61.69009672875573, 42.76906641785092], [20.990867059007083, 39.731823964798515, 12.68523688827955, 19.510387980647593, 47.49483456507576, 59.601619431819444, 0.0, 18.203654671854146, 49.80266457242961, 42.98166436534455, 59.27013483868533, 61.950657804312556, 62.4770878827022, 41.211894089732596, 50.560281812771, 49.64737211621033, 25.70441483686427, 15.752078059349165, 19.21570924261504, 47.41098594017533, 48.47875631108079, 58.066038881512256, 44.8421510953861, 40.82443892032736, 45.03012022228536, 58.50638972014186, 40.40612454017498, 44.890734346867575, 40.16372477965195, 59.463183407826065, 43.69100910285104, 17.99260717020322, 77.70404697929335, 71.27219980754813, 13.34221653445883, 56.3069525820373, 22.2796535746813, 48.12367255803963, 76.27320472630818, 36.96844262513813, 15.475343594098854, 17.63290145023096, 57.544743383495316, 74.99828097158296, 64.39183582767116, 28.25161903471038, 17.29460661570013, 66.89230296461737, 33.72603337101281, 27.656625627817643, 51.033657115151726, 77.52845193390513, 63.875869670678156, 29.676884461219693, 58.00012059698009, 65.17114526431354, 29.228953886153736, 17.077051395502995, 39.420378471703096, 61.222174732847336, 27.97445172555279, 56.8703414634103, 61.1252597554298, 29.860656558609666, 46.02491198999444, 42.824894316799366, 63.15672599892554, 21.573500161867873, 74.36441291949151, 69.82409310087344, 30.396832541737496, 44.116065940761665, 22.696089117185682], [20.61104651786674, 57.7987913962331, 5.558893884998807, 16.578134170687186, 43.09128975077103, 70.69455037367942, 18.203654671854146, 0.0, 47.16380073512173, 58.77380180047826, 72.19897611214576, 63.56280016429221, 47.6216063343242, 36.25191177237609, 68.35960947684819, 38.21385521768677, 21.440699044390133, 33.52297615067241, 36.9145499207789, 54.26495533713429, 57.09864437105229, 40.66730015712705, 54.71557341494224, 23.08231360309108, 63.18687483001537, 67.66359183235225, 58.56324153936811, 26.78552810684185, 45.75953321606469, 64.06198192027537, 61.38061466340022, 23.913210651715243, 84.86240787956605, 71.58203293770444, 21.891593963678464, 56.89009741998076, 18.302670329184433, 29.920435801186354, 81.6645529144649, 18.765315422104674, 16.81737646469713, 26.113655006076, 52.3727476594502, 81.9765409273464, 68.74118260137759, 46.37255549483337, 29.282371976519787, 63.46755611148675, 26.03610913838417, 38.136625724828804, 63.237593711273036, 65.42081688299402, 75.0366265085875, 37.27287084569721, 62.93175017526587, 60.83570558603271, 16.783497593062005, 33.91112904895627, 56.46480279448042, 52.83941009742845, 12.467137063363674, 44.16338817617253, 45.81227058782855, 13.221471746763243, 30.859399891245715, 52.12750315112631, 64.36305412390567, 37.75284605547638, 79.78626307758752, 70.52990476730085, 24.531318205902036, 62.032300534592935, 28.26860804351275], [66.14755803038564, 69.09734479008696, 46.68754435524678, 32.00764757239888, 5.6542675621470835, 46.90162717176669, 49.80266457242961, 47.16380073512173, 0.0, 55.78263136231012, 53.73062757823797, 19.37557834629799, 41.034802598599896, 11.451411574372647, 73.87852731446327, 83.14387105806433, 68.27443893312234, 52.37443842996419, 53.39579286255195, 26.181301929606153, 32.0522339176681, 51.880284451481074, 34.553070377752654, 46.9338200428761, 74.79888150867829, 39.3603902601172, 71.30281135107813, 58.23423443471891, 21.465724624747356, 25.61064391691933, 67.76420805983318, 66.42336615736491, 47.51111645248814, 25.108361952373198, 62.341855059601045, 12.414580214473846, 64.86731552171321, 56.74067066154454, 41.21021130155059, 51.33695489535003, 34.80235851371216, 66.96889466950539, 9.860586555975605, 44.68573860399621, 28.495166576337535, 62.11565690064706, 38.21430652296467, 17.091834607749668, 22.043066589036457, 33.56654469591617, 45.63744571357716, 40.92691216467767, 50.14344482958109, 27.554176212073482, 25.625078225401854, 15.62067145431046, 63.14025974128391, 48.83524211477635, 60.259161074328794, 19.44533981401713, 57.48674824655002, 30.50095925589651, 42.27550112974008, 41.19379040675509, 36.40075219684051, 32.07803823655747, 19.43873780135376, 47.78394016846641, 39.65079995372984, 24.44224894148075, 22.6614681668929, 81.79371344420443, 28.603539755627107], [62.34909567989745, 19.50910409588162, 53.55862097609984, 47.998079727140464, 58.00802604765109, 26.622464758634983, 42.98166436534455, 58.77380180047826, 55.78263136231012, 0.0, 21.085871374737618, 53.421007136239744, 89.29735989133046, 55.851304413195976, 18.824463370203954, 92.45978238439076, 67.7161078660829, 28.29963599402063, 25.164237782304, 32.93028988861612, 28.34124693154211, 91.93807338207053, 23.59524747800017, 77.4133809029631, 23.25235137311535, 31.590364428767, 22.049056740348608, 84.71904899875437, 34.40078628242441, 44.54731950320442, 14.450422569803756, 56.74597781252758, 50.84576751433441, 62.868686795790474, 52.40769220019915, 52.42484519567315, 64.6023757711496, 86.73276776629733, 54.15796317306342, 76.1216986144865, 44.48578932295454, 54.39153147255298, 65.59767761343859, 49.15513013951395, 48.2550140977524, 22.56401543701187, 30.105944163333756, 68.28284466515922, 56.767771313004175, 25.216773689938005, 17.930148255059514, 95.86932806463264, 29.540277196506786, 30.485289060644213, 42.84896570649794, 69.05681537413, 72.1770549454617, 25.95294780337024, 8.402740624751848, 74.73335065500224, 70.32583856819124, 80.1161750113493, 89.18822910477093, 66.04734934490538, 76.28189748560987, 24.99388853200474, 55.15747089819334, 21.42209562983292, 52.61617804162909, 60.889564245945, 52.98838903480883, 35.09995241316678, 36.405987182870106], [79.90226820310353, 40.00588252509226, 67.64072057825582, 58.19658567367684, 57.710353762618034, 8.781056280398989, 59.27013483868533, 72.19897611214576, 53.73062757823797, 21.085871374737618, 0.0, 44.13886298987538, 92.74387028472425, 58.04071360217207, 35.41641598202931, 108.6342350519062, 84.91468826908034, 46.71655264965844, 44.11505976325068, 27.550212557616106, 21.69011320232508, 99.03421999232614, 20.243862253704354, 87.04387494026162, 42.62951484883928, 17.016125299366493, 42.437513874707534, 96.02958227394902, 33.992131482147414, 33.800781250895376, 33.90218416507749, 75.12919615459093, 32.02120385909708, 51.89311206097409, 70.5249894553425, 45.97537745895947, 81.54044258595282, 97.07048021887739, 37.273346817919126, 87.40776156316593, 55.92912761059779, 73.17897776973228, 62.60320071940363, 30.993025809928465, 35.76137036309966, 43.44488981366849, 43.183240612095524, 61.5092205424407, 62.60145236257243, 34.19352341908959, 9.277872264384348, 94.493945620859, 9.499847770547296, 36.667946424821835, 32.49029880206686, 63.42365504540836, 87.44800447075123, 43.42719470236381, 29.355331790670213, 73.06720806351396, 84.50657703395532, 82.58818664871488, 93.29060912240794, 76.44001987425258, 82.63970298284015, 23.157371058294157, 45.79009339259862, 38.66222959583891, 36.121775485049994, 49.94817112735066, 59.48048659613956, 55.3629569400923, 45.26592458299414], [80.77160185859167, 70.49946095335599, 61.966498887352174, 47.236723329653444, 25.02169571892074, 35.77985495266711, 61.950657804312556, 63.56280016429221, 19.37557834629799, 53.421007136239744, 44.13886298987538, 0.0, 58.965520555324815, 30.270127079719643, 72.2384455383545, 100.89320761768474, 83.72507578915835, 59.81749145192411, 59.73281388899331, 20.61978502773846, 25.20881950917856, 71.0323714908617, 29.826529164288882, 66.1173610658602, 75.56660664920346, 27.342028255257226, 72.978915504767, 77.33843020329154, 23.19322159225757, 10.412924838321548, 67.33402955565809, 79.70577713473139, 29.178969857179112, 9.97951168087702, 75.2147552721814, 7.086263245331476, 80.17134719865422, 76.0320364523855, 22.109971956993697, 70.12645229229125, 48.74506957214564, 79.58341813663446, 23.365656119506244, 26.548055717482768, 10.574351258171676, 66.39706498942766, 46.75147972300408, 17.886845105652437, 40.37705799623529, 38.407493878567706, 38.369228389506745, 53.839679911407494, 37.76859869254886, 33.64231572039192, 11.648992327383958, 20.604011755404777, 80.14743762554869, 55.777420841944306, 60.00760396741063, 33.96373767458729, 74.85750421981864, 48.54240894227382, 60.55370921921923, 59.5479706976673, 55.76055204175269, 28.722162255840423, 1.7400603849031315, 53.15201418963744, 20.698970305888533, 8.189745489630653, 40.003612527542906, 85.05687019587937, 39.25456895619833], [66.98627666225956, 96.7492260570976, 51.57418572283568, 44.96119457107959, 35.917497997632566, 86.90276015558801, 62.4770878827022, 47.6216063343242, 41.034802598599896, 89.29735989133046, 92.74387028472425, 58.965520555324815, 0.0, 34.710633503874924, 104.8115092097068, 67.09754737712517, 65.65581566104005, 73.86115086858304, 76.4717062577815, 65.78851410592708, 71.39262472606895, 17.25794614955263, 72.57979203704136, 28.131249919570834, 102.65952196924944, 79.91311254918872, 98.32443197089745, 36.18815186773411, 58.75974208012321, 66.57657139013614, 97.87196154201503, 71.4141657455878, 88.0398598068971, 60.71010418122947, 69.48108280173115, 52.74879642867413, 63.623117552586166, 31.675720693199036, 81.01091785549174, 35.53888406790844, 49.53138163745017, 73.73182604239814, 35.81783311201407, 85.30604671658594, 69.03904563579195, 86.69003764453663, 62.15926481201018, 45.732621613978424, 32.77988213439859, 64.10203540313213, 83.88512589864087, 21.71819754594022, 90.48522616718769, 58.930058434212704, 66.6548585679837, 41.786130725131, 55.15785496048503, 72.04352470209504, 91.0329745537617, 26.345939618935873, 49.34258843265392, 10.535811268095784, 2.888904745257347, 34.45462622132868, 16.770914000786203, 69.72755028306558, 58.426132104330726, 73.63477669654206, 79.65785873742007, 61.03924267609936, 36.71902711435734, 105.31463720752555, 53.44096395975706], [55.84713512412518, 66.312147806832, 36.341070947453446, 22.204063604329747, 6.840409405801958, 52.422774551640295, 41.211894089732596, 36.25191177237609, 11.451411574372647, 55.851304413195976, 58.04071360217207, 30.270127079719643, 34.710633503874924, 0.0, 72.73400192487574, 71.71878776008252, 57.582744564451964, 46.63400807203274, 48.298294323824585, 31.36950745457069, 36.81728817119805, 42.70574727405281, 37.870152237871935, 35.86790784483937, 72.19891809016025, 45.85366971004578, 68.27706901866094, 47.06831195373379, 24.050860554783263, 34.75387992450933, 66.1203877494384, 56.79051802973885, 57.05157118102923, 36.55793309217738, 52.99630251215556, 23.18395671034007, 54.26625898788212, 45.8688233362681, 51.4757110256501, 39.96672418503199, 25.755831149923452, 57.681204224639025, 16.536976837695043, 54.14669840370566, 38.3841259609938, 57.87264283056519, 32.77079583685002, 27.21968040455902, 10.629345155615267, 31.263835318438336, 49.181012036516854, 40.58768584242983, 56.15950440861812, 25.486925100027385, 34.35039770298073, 24.729763625829634, 51.901262741557844, 43.617800150543346, 58.836771905499305, 20.878356817158107, 46.164455833083444, 24.71798546169279, 35.2827207841681, 29.74238071458419, 26.52046479014952, 35.0250236570398, 30.556842068014046, 43.6471257335329, 49.80019452207108, 35.85670054810141, 11.816328363559085, 77.52906748959687, 22.822240444642983], [66.27806302530331, 11.685218014198698, 62.82028225869776, 61.12256223757048, 75.62359829368947, 42.987981353173794, 50.560281812771, 68.35960947684819, 73.87852731446327, 18.824463370203954, 35.41641598202931, 72.2384455383545, 104.8115092097068, 72.73400192487574, 0.0, 97.17871419008193, 71.91595552488994, 34.871503778294155, 31.45098315232246, 51.75154215257713, 47.11222644709642, 105.34117887068618, 42.41624314375818, 89.4494272822579, 9.458213544966828, 49.30285672380633, 12.459845791421873, 95.12448232096743, 52.752393658391604, 63.23558838475149, 7.087795211227909, 59.531167829109265, 67.25232252266551, 81.63803436320097, 56.06749332761425, 71.17882638531954, 69.39780878708038, 97.90583400201164, 71.60573235667978, 86.85442479936683, 56.95741197191537, 56.515409382383474, 83.73671705479208, 65.95004043705703, 66.77059779797473, 22.79335760217131, 42.97273993068897, 86.9764730945131, 72.03494771597077, 41.47047219490639, 35.57900750391561, 113.21727729302243, 44.864757535719356, 47.31490356448892, 61.55596115635238, 87.61579775526683, 78.90339398098108, 34.71602778590291, 13.90351095745301, 92.42251813148573, 78.44686856691553, 96.25621295203881, 104.37815221967664, 77.95313821343426, 90.55068461379267, 43.7834238897206, 73.97573990050599, 31.7808501224407, 70.19983099693995, 79.6549008773008, 68.09310696821913, 22.363628325287372, 51.39022848260681], [30.901780156390934, 85.55341346704613, 41.630633515066904, 54.70587592664853, 78.28189617035446, 108.09155284957053, 49.64737211621033, 38.21385521768677, 83.14387105806433, 92.45978238439076, 108.6342350519062, 100.89320761768474, 67.09754737712517, 71.71878776008252, 97.17871419008193, 0.0, 25.268446017471717, 64.35881158860285, 67.70484270559014, 92.45872436091084, 95.10422682532253, 51.576832981855404, 92.40763442111152, 40.4520487585064, 89.67288663772189, 105.62845315767274, 85.34836272874622, 30.90954324173589, 83.97320779222464, 102.13324995388173, 90.93432748017757, 37.776704240175675, 123.07626307383416, 108.18321086361344, 41.12707019054425, 93.9937750801506, 28.004776148510423, 35.58484715689191, 119.75872573672109, 33.64410104666003, 54.89372624619039, 40.96999070775285, 86.24444702249603, 120.18982348226628, 106.73871910224207, 74.50730315168637, 65.57802710796481, 98.03722425281596, 61.10147500482783, 75.36922719257232, 100.0586621549033, 88.65376455372571, 112.43021534293993, 75.23823122742003, 101.05320706400094, 94.8301899741989, 21.57687396379263, 66.5195411036507, 88.03843084057311, 83.42817850110384, 26.12999836393641, 69.44826656340125, 64.32605951283028, 42.109173403483, 54.28235702778558, 89.94586836782725, 101.52524585783593, 71.15178187018671, 117.89177510663168, 107.34349641169028, 60.92708633947127, 83.41240939902102, 66.33261220827333], [5.642009225969143, 60.302431859373456, 21.78589589387063, 36.61013568636823, 64.42066808540373, 85.26687160922938, 25.70441483686427, 21.440699044390133, 68.27443893312234, 67.7161078660829, 84.91468826908034, 83.72507578915835, 65.65581566104005, 57.582744564451964, 71.91595552488994, 25.268446017471717, 0.0, 39.444670550904185, 42.71186253608803, 71.84133615148419, 73.56707426645515, 54.67639781384088, 70.23750263578603, 37.94860052426446, 64.5166169276382, 83.82515465116518, 60.147062982983954, 34.8573184811918, 63.89902122401113, 82.98017704510707, 65.67119127754334, 12.767957563046433, 102.50420030606863, 92.22057713643744, 15.858887452715372, 77.32145313407294, 3.6103259916751225, 39.75002830248884, 100.3186706357704, 30.898089720847835, 35.08767485654415, 16.105539346462066, 73.79931450063278, 99.7166777252938, 87.82470890216496, 49.2405538643242, 42.71058698421227, 84.7968035599175, 47.47073860472065, 52.97297749899512, 76.73793158002904, 85.16470296213919, 89.55414181030609, 54.05082124847258, 81.67270713615503, 82.23690571869835, 11.700975882513422, 41.9380470527312, 62.92984323540615, 74.07770349305015, 16.537227494955573, 64.04517382532272, 63.402680502459425, 32.32833842126449, 49.493399253741856, 68.05451456686336, 84.67061730011925, 46.66954511213596, 98.41238496306775, 91.04537790770176, 45.790732250617864, 58.967490034697825, 45.779585451478894], [34.050835865392855, 24.363859175672893, 27.971717463492144, 28.90015905046311, 51.73349623068254, 48.76436014890663, 15.752078059349165, 33.52297615067241, 52.37443842996419, 28.29963599402063, 46.71655264965844, 59.81749145192411, 73.86115086858304, 46.63400807203274, 34.871503778294155, 64.35881158860285, 39.444670550904185, 0.0, 3.4668018184648366, 41.66379640626937, 40.84741038492894, 71.84092635948619, 36.27316066875334, 55.227441699822414, 29.93884061963451, 49.58780765056331, 25.349985252732353, 60.30709417299996, 36.63322290505997, 54.7994846212972, 27.956038002490025, 28.589689852410743, 69.75250262548964, 69.71818458002538, 24.146737055566536, 55.51933244787256, 36.39842741345499, 63.248243137464165, 69.96403808706368, 52.13581495776434, 24.334425558411418, 26.479621580842043, 61.50442592259976, 67.31106980847156, 59.62827599175322, 13.178302597268575, 14.16737469952845, 68.79229366145562, 42.17951693997232, 21.502350444411118, 39.54774881210163, 86.17977257149926, 52.79443249640107, 26.320808650803112, 53.13567853669823, 67.93574630986024, 44.698276888221876, 4.127302549716934, 23.832638409026334, 67.5106121830474, 43.7235406144729, 66.75129759270999, 72.92914738438844, 43.841358992357335, 58.233296203440545, 35.090014609968385, 61.30055579280041, 8.304975936930365, 68.10878587866915, 68.00164716280992, 38.28026550362205, 31.56727643680007, 24.026225462849467], [37.26774113225811, 21.11517843833377, 31.370909345892752, 31.55471540265901, 53.10307937099472, 46.62202557702876, 19.21570924261504, 36.9145499207789, 53.39579286255195, 25.164237782304, 44.11505976325068, 59.73281388899331, 76.4717062577815, 48.298294323824585, 31.45098315232246, 67.70484270559014, 42.71186253608803, 3.4668018184648366, 0.0, 40.94547952287255, 39.6563305490001, 74.90553053912028, 34.908058141693886, 58.433639620040765, 26.78840651187955, 47.94945226742073, 22.239889514498405, 63.69101005559762, 36.56448540177054, 54.17289799538595, 24.51123865609236, 31.58747756252837, 68.21652220367814, 69.68642852067651, 27.253094378385782, 55.780797532566496, 39.71958278752471, 66.57456693239412, 68.825078814521, 55.47921295268631, 27.042829094079618, 29.310609976817954, 62.72395093332617, 65.85316515230144, 58.93237331253688, 10.23570198105077, 15.533243178111922, 69.52494540602024, 44.45767158415659, 21.339874258607757, 37.30782600049251, 88.2189502153647, 50.55830939971454, 26.63533661981608, 52.47844954782326, 68.85802382595752, 48.14710137725, 4.681080989052909, 20.404925333015694, 69.15950726980401, 47.18873260720547, 69.10284451078917, 75.62183295664099, 47.00771456911916, 61.04783894498958, 33.97799156791994, 61.26554840965191, 6.793043417833373, 66.99375368900242, 67.92131469046384, 40.51536222993994, 29.352962579205176, 25.501237106013495], [67.91784914161373, 49.94314469949811, 51.101743911620204, 38.00732725924968, 30.27659043458313, 21.11424854360287, 47.41098594017533, 54.26495533713429, 26.181301929606153, 32.93028988861612, 27.550212557616106, 20.61978502773846, 65.78851410592708, 31.36950745457069, 51.75154215257713, 92.45872436091084, 71.84133615148419, 41.66379640626937, 40.94547952287255, 0.0, 5.880027090254904, 73.67043267615826, 9.43398293331522, 63.93276750586869, 54.95487446746692, 14.71679200665246, 52.440822785454124, 74.12872006773038, 8.715395488563127, 13.251943641605228, 46.721888187587574, 65.35546853589928, 30.731693429818502, 30.35645816453079, 60.634185168985326, 19.760234980552898, 68.23473067357267, 74.20324627242465, 28.901197279796442, 65.86473908675683, 37.59775532345405, 64.55864050621713, 35.209208541365044, 27.903255124922, 17.989235635975223, 46.51465843014243, 30.44278055263682, 35.735296617532235, 37.82609863278238, 20.488795168827554, 19.680487643639545, 67.00666405614918, 24.790057933121055, 17.827699050743167, 11.540627011228791, 36.98621536443407, 70.92024159877705, 37.536509272042, 39.38812258050959, 45.549552673422774, 66.5986937684213, 55.457180359150925, 66.55671020849634, 54.62366168286084, 57.24899595145321, 8.1060328994252, 22.34105995627197, 34.169146201860336, 26.997492071554174, 28.419813267502214, 35.4820031123764, 64.6962722464145, 26.252888900500835], [69.3311975352781, 46.29028970738451, 53.50502932694784, 41.28059391537763, 36.05820063127047, 15.64588673444827, 48.47875631108079, 57.09864437105229, 32.0522339176681, 28.34124693154211, 21.69011320232508, 25.20881950917856, 71.39262472606895, 36.81728817119805, 47.11222644709642, 95.10422682532253, 73.56707426645515, 40.84741038492894, 39.6563305490001, 5.880027090254904, 0.0, 78.76674442262242, 5.093484443962495, 68.32608181185124, 51.00096344109111, 10.57639935899971, 48.83361238941611, 78.215138511916, 13.159869822036734, 16.289212992246853, 42.51065437514527, 66.19172269920135, 29.306013706860917, 34.530026602913786, 61.43524597523312, 25.262022174328116, 69.98477157782203, 78.56430896139159, 29.16880511792509, 69.81185848725508, 40.28538825766619, 65.10421936317299, 41.07718882562855, 26.69338213016008, 20.37389309726131, 44.0604040491681, 31.200365409134534, 41.2027648064744, 42.6065837045651, 20.85030629355661, 13.880380113463767, 72.8865490656841, 19.57659923948768, 19.86608141192537, 14.564304382005673, 42.63453182617851, 73.52755052065152, 36.76415783663192, 35.3900398345598, 51.42923781746059, 69.54091028315221, 61.11995528244274, 72.08400657213484, 58.58167074819809, 62.319081328751324, 5.793904697826268, 26.94882394676636, 32.88846607042366, 27.339739279642572, 32.54945654092484, 39.97408737368636, 61.42405236226218, 28.830059999244416], [57.20541482120204, 95.95209728799502, 45.716799023780716, 44.2911046581968, 46.26943208381487, 94.38679200363062, 58.066038881512256, 40.66730015712705, 51.880284451481074, 91.93807338207053, 99.03421999232614, 71.0323714908617, 17.25794614955263, 42.70574727405281, 105.34117887068618, 51.576832981855404, 54.67639781384088, 71.84092635948619, 74.90553053912028, 73.67043267615826, 78.76674442262242, 0.0, 78.89178497913538, 17.67156733072266, 101.69046750081154, 88.3335666076107, 97.14338988183229, 21.2708833869987, 65.625393114241, 77.1534659283585, 98.25765719387061, 62.827025633091694, 99.3169744565417, 74.44613397284286, 61.939350912655506, 64.25198543999095, 53.380115586519665, 16.215713162778336, 93.05586029018406, 23.89739126621223, 48.38386418255419, 65.63044051340489, 49.17025831664398, 96.45760890142571, 80.3522820791656, 85.0180503157399, 62.54788082097971, 60.26845117312847, 36.43293092144247, 67.12892972015288, 89.82823531786684, 38.67119381104943, 98.32892593262825, 62.96651791208029, 76.8963228473884, 56.367657110687354, 43.252835293460784, 70.95109423914566, 92.1011007432122, 41.38420823115339, 38.21500584624392, 24.41966407084453, 14.391010239526326, 28.217822042045277, 16.449389069738814, 75.95554175704693, 70.8134577314912, 73.56035504273743, 91.52251025146546, 74.46158177442075, 39.68408441432585, 102.16502318570706, 55.6209446770191], [65.80641220886518, 41.24211295254533, 50.787885759906125, 39.45684536904023, 38.0053191649594, 16.184859442965084, 44.8421510953861, 54.71557341494224, 34.553070377752654, 23.59524747800017, 20.243862253704354, 29.826529164288882, 72.57979203704136, 37.870152237871935, 42.41624314375818, 92.40763442111152, 70.23750263578603, 36.27316066875334, 34.908058141693886, 9.43398293331522, 5.093484443962495, 78.89178497913538, 0.0, 67.48678659787028, 46.020229613809335, 13.68136151299273, 43.77979416946627, 76.96580360343744, 13.841858996737283, 21.296812027631823, 37.6048007991154, 62.321515638557074, 33.5187891007883, 39.34479760387646, 57.56305106556038, 29.171157364434148, 66.68542422557051, 77.64104589900771, 34.00001994258958, 68.44171084775257, 37.94476899991472, 61.073592426320474, 43.97390744803951, 31.0407116240948, 25.460403432174623, 39.01168783691613, 27.572090091256744, 45.1397951016891, 42.48047570969903, 17.264743661142383, 11.328972696404696, 75.47043847812691, 20.476411577603642, 17.60697817356676, 19.55909680756356, 46.28194063943243, 70.86573688627749, 32.235712229019825, 30.406645418216474, 53.99382340268522, 67.18211496077095, 62.5079173756863, 73.0765698495426, 57.28810864833249, 62.470180558184694, 2.9370776942807497, 31.562549130314146, 28.183887057977948, 32.20158486917333, 37.375490568958995, 39.49958328017666, 56.33908222056938, 26.631691918371004], [39.950291017171935, 79.54858453123543, 28.281531843263902, 29.495107168277404, 41.446250243735975, 83.55091083658863, 40.82443892032736, 23.08231360309108, 46.9338200428761, 77.4133809029631, 87.04387494026162, 66.1173610658602, 28.131249919570834, 35.86790784483937, 89.4494272822579, 40.4520487585064, 37.94860052426446, 55.227441699822414, 58.433639620040765, 63.93276750586869, 68.32608181185124, 17.67156733072266, 67.48678659787028, 0.0, 85.16614854680142, 78.56097750205548, 80.57224194260311, 11.381405460347182, 55.339892195945595, 70.1115454618986, 82.36981118281787, 45.28691779653885, 92.34049985562244, 71.6986050321056, 44.27786399828619, 59.03508502104849, 36.27900631549156, 10.274854780787546, 87.21914212496405, 7.416269288908096, 32.97002882720528, 48.025000963067406, 47.710543651209186, 89.40697226288205, 74.04610973756587, 68.37075943422855, 47.39659465091198, 59.604758312240584, 26.49261806526191, 53.56317666755646, 77.76836420574176, 48.91452531726508, 87.72759282032125, 50.376468028845224, 69.48269910919856, 56.0679425556003, 27.08681681633105, 54.76381062763055, 76.64594350466673, 43.39700495032916, 21.44118540021307, 29.021352156080603, 25.68124950882984, 11.502889397119413, 13.833281245746903, 64.58983799881231, 66.33097397430085, 57.82885509315817, 85.50091080776357, 71.24170987666398, 28.451343277561357, 84.9211914229936, 42.02901306705343], [58.882285232094, 5.929609298335215, 57.63288244239552, 58.036732891981174, 75.85480994476843, 49.42621172775383, 45.03012022228536, 63.18687483001537, 74.79888150867829, 23.25235137311535, 42.62951484883928, 75.56660664920346, 102.65952196924944, 72.19891809016025, 9.458213544966828, 89.67288663772189, 64.5166169276382, 29.93884061963451, 26.78840651187955, 54.95487446746692, 51.00096344109111, 101.69046750081154, 46.020229613809335, 85.16614854680142, 0.0, 54.835398711694076, 4.624214582402638, 89.92059669827182, 54.468048595315274, 67.28949643918045, 8.87591519491654, 51.896483697152455, 73.79583468272021, 85.28206773628132, 48.80505238631646, 73.6543919908359, 62.24201332378391, 93.05872021735476, 77.39502256774567, 81.91544490645423, 53.622285523912225, 48.74043965725866, 84.61306729681436, 72.23779629035361, 71.22905900946236, 16.830856783333054, 40.54525296942545, 89.07489666539036, 70.12278428616946, 41.37723289698444, 41.12651975272775, 112.76491446194763, 51.83680998514474, 47.409984557640726, 65.56055928022484, 89.30208929086662, 72.30639402061591, 30.84079779156675, 15.613953339956511, 92.55724063099716, 72.42331582599175, 94.7138881125157, 101.97466814790548, 73.77244883019115, 87.62718861034185, 46.848875553166664, 77.28009841114775, 29.06978064566289, 75.86454479832915, 83.32828547931727, 66.14230855533698, 13.19550452711889, 49.861661490615546], [79.45454556173497, 50.897056534130314, 64.00980252241882, 51.84579111324518, 44.060569888044064, 8.444475097657527, 58.50638972014186, 67.66359183235225, 39.3603902601172, 31.590364428767, 17.016125299366493, 27.342028255257226, 79.91311254918872, 45.85366971004578, 49.30285672380633, 105.62845315767274, 83.82515465116518, 49.58780765056331, 47.94945226742073, 14.71679200665246, 10.57639935899971, 88.3335666076107, 13.68136151299273, 78.56097750205548, 54.835398711694076, 0.0, 53.46392807234826, 88.61197237582914, 23.221366330686024, 16.935009876608152, 45.995627681797956, 75.99975966375334, 20.31457178824972, 34.87732449805012, 71.24172133027405, 29.980403082933325, 80.25968719720996, 88.82249097269795, 22.571623967765543, 80.25824275020629, 50.8474910192172, 74.72387895208553, 47.39079819631062, 18.125794089275754, 18.76673684739173, 50.794585137176995, 41.221690600918784, 44.99779339141641, 52.53809741298265, 30.87927501286669, 13.767584331263555, 79.28016260867386, 10.858752029837614, 30.406498574331984, 15.767449548825027, 47.20277479221671, 84.05432528136294, 45.624631419206764, 39.667462760561435, 58.133175448865344, 80.11062100432936, 69.47036229987116, 80.82775235855378, 69.0179757203525, 71.92945459186207, 15.781050975834539, 28.949137317876733, 41.36265161566304, 21.030444466884234, 32.932175138167835, 50.1264997204336, 66.44832447968156, 39.39617216827452], [54.5070853076075, 2.5697932848918894, 53.00958800269464, 53.6026448302707, 72.13940624384054, 48.640647508330105, 40.40612454017498, 58.56324153936811, 71.30281135107813, 22.049056740348608, 42.437513874707534, 72.978915504767, 98.32443197089745, 68.27706901866094, 12.459845791421873, 85.34836272874622, 60.147062982983954, 25.349985252732353, 22.239889514498405, 52.440822785454124, 48.83361238941611, 97.14338988183229, 43.77979416946627, 80.57224194260311, 4.624214582402638, 53.46392807234826, 0.0, 85.29649568252175, 51.357239197965264, 65.07073205525035, 8.896190662872788, 47.58769780075757, 72.89476624028526, 82.79430299518778, 44.383636180202, 70.72361563866427, 57.808229617601334, 88.43792543207803, 76.02098867929833, 77.29367390271103, 49.15949904311973, 44.47782492810542, 81.07283126030984, 71.1845176248693, 69.18189164930476, 12.215673163265803, 36.29959498472392, 85.94584942454807, 6