instance_id,num_cities,city_coordinates,distance_matrix,best_route,total_distance
1326,80,"[[42.91924326772188, 72.35002792024456], [10.033475318300633, 58.30645035377221], [29.86471004002752, 56.377789096566765], [75.3089639853074, 93.44769478558148], [33.82034971004333, 8.695732187693661], [32.96070350412968, 4.462157815806645], [62.48670758215401, 25.0256925307756], [54.16959989147969, 65.26742790691507], [68.7384284771324, 32.49926284066584], [38.369188969472646, 26.07281290777248], [55.015013734603954, 29.225894907131988], [46.5625247536241, 6.617153610281223], [32.99893423196292, 63.16076204717751], [62.4393096309396, 85.21589169354917], [63.07902859189687, 26.72973746120527], [60.92136945514537, 7.728827288175499], [89.94734888768966, 65.36732089510802], [80.95317648293758, 88.34933961849298], [39.11706080418911, 68.63741956968383], [33.77090325414969, 28.346748961498314], [57.98636787433622, 7.545240519179918], [47.11866656008866, 5.621721227681153], [87.46881663384924, 80.79428832882225], [83.77788811267502, 45.00290073830786], [59.63732222305269, 51.432337049866405], [38.198392400400735, 11.704582263076457], [89.38757530952881, 8.701855857419682], [35.63399744114285, 16.885198649670375], [86.62868701715894, 22.15220480942971], [98.21785274104083, 36.75695774236376], [60.626297000078175, 67.46178146811424], [93.49376216704522, 48.089605239053824], [50.0382731227032, 40.00596764486555], [94.75808220058101, 63.2092215854139], [5.2065196489456955, 94.69579313434267], [56.67793413266469, 43.321420648933106], [27.52548881880378, 16.633972417141763], [9.56945028713383, 44.83433451729816], [18.39801678385886, 34.68549895318366], [81.34782367228429, 90.93811821217898], [32.26957002130748, 79.23183862357781], [40.00198399633646, 2.246531432091281], [47.93810757291128, 72.04775034905455], [89.85855057981973, 18.67285500860155], [87.71966456500147, 19.53272044822293], [76.9548873551522, 88.39563484689661], [63.621384697648764, 81.06821942208545], [26.28579774802856, 8.174084914973879], [77.44207597701607, 66.54467693561358], [94.60183481982506, 94.06166071656713], [45.012569909975944, 22.683060611958517], [43.68838693431568, 80.21315038861749], [90.37669840360103, 27.96512434947147], [78.13383725414303, 66.92607413785468], [29.81719598090239, 99.21997464759329], [73.77703305089184, 27.751432601011395], [15.039873692984651, 22.01080665238986], [4.9725888005500485, 94.03375764950523], [7.067956338499803, 55.53814386408311], [99.70469998016587, 41.71416579633443], [92.73873683906336, 89.84377475085381], [18.66106385672579, 73.49834585253559], [96.23744814112317, 54.308003632824985], [96.60779376641644, 12.889386758636768], [75.78149841680133, 39.60407161299503], [20.677319153223582, 0.8623500170662712], [72.93173059872797, 35.38828440568297], [95.09288526861278, 98.1197703675857], [76.65784253813638, 3.673630327892874], [23.03992608110237, 22.903743483129634], [36.761376922425335, 41.2983218207395], [46.33712571984291, 63.290745463253614], [85.0616568758793, 40.56720120248124], [16.62565270514953, 17.69144434878821], [13.364818285000968, 43.35398477968965], [53.8775530376227, 42.672835912827914], [18.761189122198928, 77.25470641690693], [86.37914564781465, 87.49712697753583], [20.321298190988678, 16.92519748909317], [64.02013472360196, 36.951660767518014]]","[[0.0, 35.758856308454654, 20.62845730619661, 38.65495511993157, 64.30131592106814, 68.61439660552355, 51.21013942327748, 13.294124533437545, 47.483826744541275, 46.50036154082662, 44.788374734077166, 65.83376234907857, 13.522393968927082, 23.378696316468456, 49.87612500870463, 67.08186132180623, 47.54367377056317, 41.262065515885126, 5.314137018430123, 44.94419522168759, 66.53329026892048, 66.86031760353278, 45.34280561403139, 49.165986450706306, 26.777676435892946, 60.82891180900753, 78.80606378754482, 55.94123785516039, 66.56077612190126, 65.7632333022806, 18.36939588710847, 56.09233522120511, 33.11825510460154, 52.63857485112788, 43.835861412202185, 32.12415935754735, 57.8035164748514, 43.23565745184208, 44.94337871793213, 42.688088415985845, 12.679702631051994, 70.16416907169216, 5.027958894417174, 71.30594268871273, 69.25854255619167, 37.628268231355726, 22.462981165630392, 66.29647932184903, 35.00754316327652, 56.05787427493016, 49.71106172707967, 7.9006504119909415, 64.97868660538475, 35.629859728351306, 29.894107784588805, 54.23318075450706, 57.54386540491366, 43.70506515522606, 39.59740168242388, 64.52243130970874, 52.8016393483989, 24.28534336610656, 56.28805922493535, 80.11259764856187, 46.392084108816384, 74.86782540119397, 47.61218204861059, 58.190794335869164, 76.51627713756322, 53.292797791468026, 31.656401716186494, 9.682588449999344, 52.783814743653956, 60.65404902156221, 41.40331573519444, 31.635743684291317, 24.650911773272018, 46.02388211286166, 59.854648524679654, 41.21033871872521], [35.758856308454654, 0.0, 19.9247987400945, 74.13363933419629, 55.01853097168827, 58.522351552198316, 62.120450869248366, 44.68168193829032, 64.12708049425972, 42.917596054781214, 53.563210353585866, 63.29419286541992, 23.472891707922187, 58.91086065593223, 61.73264549006093, 71.74729071294816, 80.22520228497899, 77.02064144535333, 30.863957452910935, 38.223673195074355, 69.82965221424351, 64.4281933048691, 80.6345765875137, 74.93479065666502, 50.07788994621295, 54.451782925669036, 93.5825249742996, 48.694012216048634, 84.69920853274563, 90.77921046828641, 51.41452803962494, 84.0833122859279, 43.99194829454732, 84.86634301716298, 36.70808860504415, 48.992414242817375, 45.19475582056768, 13.48010476001297, 25.058230164918058, 78.42551898696438, 30.53384649668638, 63.56749186408843, 40.318537571663185, 89.12274973592278, 86.82480135573421, 73.37461694937384, 58.22166403297358, 52.70096819650526, 67.91014519186312, 91.81635201241005, 49.92557415944784, 40.156650536349204, 85.88148554510224, 68.64369752549649, 45.445704674885874, 70.68840260099049, 36.63929279317131, 36.083972327742515, 4.056824329498846, 91.19337936053087, 88.51419724171097, 17.47080343984535, 86.29665408703967, 97.7641155044137, 68.3562836316052, 58.42188010562282, 66.94350489588936, 93.91593939059324, 86.16003326034436, 37.71630171708023, 31.680548611978505, 36.64421141484424, 77.09675082834922, 41.14651279859046, 15.319075452060027, 46.54796506342738, 20.86167289737039, 81.73589774276647, 42.64091213975506, 58.05675182110346], [20.62845730619661, 19.9247987400945, 0.0, 58.64604099541189, 47.8458528637542, 52.00786427848775, 45.24542720219582, 25.87959329026779, 45.62181497136056, 31.475669074139862, 37.01031118490747, 52.487501942925256, 7.4720869463644615, 43.505639863152595, 44.521881391492364, 57.71687430085711, 60.751421159143135, 60.26783094043146, 15.359184027820683, 28.30190022736764, 56.35109084935962, 53.60855753615352, 62.56515428919766, 55.10008035435024, 30.180555530788887, 45.4438738497435, 76.26248160212735, 39.911769909676515, 66.28378159139858, 71.11349478218015, 32.697555247958235, 64.1665821611115, 25.98093888020753, 65.25195951247576, 45.566388783859644, 29.823107538993014, 39.81259750593478, 23.348424187963175, 24.536513727418157, 62.00747808007754, 22.98022913968953, 55.072292303871784, 23.920605845925333, 70.85847131636285, 68.59121552201837, 56.94407121080998, 41.82260672889461, 48.33638081218262, 48.65152986118604, 74.90640496664986, 36.94309659856716, 27.553919699386988, 66.8504319637808, 49.40824788762222, 42.842211898715036, 52.4190842959042, 37.42813453853888, 45.139668446508736, 22.812211279149384, 71.36277771450423, 71.225806009752, 20.460575540168985, 66.40500263460993, 79.66103415857364, 48.88465048515854, 56.27052627705431, 47.90957698594468, 77.44099588771518, 70.47925652629401, 34.162690260230846, 16.581747417250934, 17.864194469842296, 57.41670166037449, 40.88894604975971, 21.02060671845369, 27.648550967376742, 23.64601136709902, 64.51584783769516, 40.59043845866254, 39.29335181900364], [38.65495511993157, 74.13363933419629, 58.64604099541189, 0.0, 94.36207012711951, 98.54847008239571, 69.61307816656917, 35.22783211672661, 61.30157659806313, 76.83698124125651, 67.35194129648856, 91.46529751384607, 52.033036740416186, 15.277126213620505, 67.8296185251272, 86.91793325546917, 31.666855075600356, 7.605942422092261, 43.879421283330814, 77.22398355754227, 87.6316380368132, 92.23933271828945, 17.549094318346068, 49.179474846300124, 44.8429553127864, 89.77266269987427, 85.90730185762115, 86.23177363850276, 72.18852416040508, 61.14455699836108, 29.847083622056967, 48.86760861983483, 59.115361932885435, 35.95321210725045, 70.11355397796399, 53.47671111981819, 90.46329887354099, 81.76149740462351, 81.80373812003418, 6.539556628454659, 45.326372005788976, 97.79690707262472, 34.743652695628384, 76.17720875527162, 74.94964256199752, 5.3134144731486685, 17.025008660224294, 98.36086299078745, 26.98745145812888, 19.302637622920685, 76.97730148358323, 34.278478064711614, 67.19377688015713, 26.671637946832405, 45.85651721371777, 65.71412083724162, 93.46439017518001, 70.3388167643686, 78.06387881550168, 57.197114930843306, 17.798461207369577, 60.05798125004016, 44.38374558994989, 83.32635322758797, 53.84569662601122, 107.50191943850945, 58.10805772210714, 20.328104476019977, 89.78419751049462, 87.79807166899465, 64.8496227359625, 41.81876378983104, 53.772312766051975, 95.82661688198141, 79.66465319509764, 55.11253640286011, 58.82060620460173, 12.568141440923595, 94.23022859994956, 57.61284167501305], [64.30131592106814, 55.01853097168827, 47.8458528637542, 94.36207012711951, 0.0, 4.319970319532332, 32.99132732186674, 60.1202855905963, 42.25967695488955, 17.96259649828667, 29.50764925236539, 12.910596955359212, 54.471223604597846, 81.69687679315186, 34.36998161356021, 27.11826278191733, 79.7615759831126, 92.55377105414746, 60.17525267595547, 19.651078983006308, 24.19338886961174, 13.648984373442465, 89.86856959421445, 61.75731642010627, 49.9292846422114, 5.312291085277891, 55.567225936908585, 8.387888829995534, 54.49584520458078, 70.24578831686212, 64.5910780072987, 71.50379981686392, 35.261195161288065, 81.76263062917978, 90.63532288017026, 41.48984775884425, 10.131186089520094, 43.52131318282306, 30.22112389390312, 94.98774047334713, 70.55315179903285, 8.933352832813506, 64.90600351425104, 56.919442517516714, 54.977963370724815, 90.62374314573273, 78.26799214765053, 7.552588241486267, 72.45243550743199, 104.79375308551245, 17.913993118565923, 72.19500858636597, 59.748891636846864, 73.17416143662844, 90.61271275443545, 44.268004945366116, 23.021674296795208, 90.08202872500202, 53.94350825415559, 73.69507831927729, 100.28150953050879, 66.55210504091775, 77.30700798077397, 62.92733801610055, 52.11586559599962, 15.300363670468775, 47.35179467485738, 108.40194748331298, 43.13087407979506, 17.834940947215518, 32.734973527479134, 56.01147343391407, 60.34452831221831, 19.405680672817642, 40.24454296686064, 39.45548102447102, 70.19338476646082, 94.72110034861741, 15.809759361262593, 41.35727886084014], [68.61439660552355, 58.522351552198316, 52.00786427848775, 98.54847008239571, 4.319970319532332, 0.0, 35.98116002561956, 64.39796702398293, 45.45464621376793, 22.277166079480015, 33.160749003457155, 13.771475889584279, 58.698616681312515, 85.96600348031107, 37.456089082505635, 28.15084314662697, 83.40813294750046, 96.64541755002435, 64.46987634845166, 23.898328766501336, 25.214862207159975, 14.205368886447737, 93.79620752257712, 65.00721566293475, 54.01703179141271, 8.937902262193994, 56.585924939219694, 12.707416890679122, 56.50831989177676, 72.81105430375835, 68.80652326498893, 74.61638801065199, 39.43356186348793, 85.26507793524215, 94.4055277209227, 45.52526042343001, 13.33021490317606, 46.65901176276746, 33.548803168205836, 99.09291157616872, 74.77287498543214, 7.381641500516493, 69.22524792812064, 58.64562146105982, 56.79494409297058, 94.76453334051763, 82.51403544898042, 7.637589255934359, 76.37297740256595, 108.75522971306799, 21.846024411118396, 76.50683673727683, 62.04019589087939, 77.08665808740456, 94.80994404742054, 46.993223742265904, 25.08208956825045, 93.84245340691473, 57.26421837925465, 76.43607240154635, 104.22779753902303, 70.5015953910846, 80.55156582630315, 64.20257227331746, 55.39471619461647, 12.800005753903273, 50.53818667948194, 112.39286632039388, 43.70425305798633, 20.94072364085017, 37.03171744641139, 60.33018644001008, 63.388354610282185, 21.020178561967295, 43.54966041325563, 43.5611124173955, 74.16455582369657, 98.73366226747358, 17.750547162489692, 44.9472587565292], [51.21013942327748, 62.120450869248366, 45.24542720219582, 69.61307816656917, 32.99132732186674, 35.98116002561956, 0.0, 41.09223219078648, 9.743627010799537, 24.1402395414162, 8.571342307589122, 24.3403760025149, 48.20593639971167, 60.190217824993184, 1.804054684178355, 17.36755108449474, 48.80096105608168, 65.9613125563264, 49.47851175857136, 28.90721076168153, 18.050464260385688, 24.752591524670628, 61.10844499704356, 29.195945200495405, 26.55992981320337, 27.701520411926605, 31.46624108825385, 28.05950253560236, 24.31238578841917, 37.60767631521601, 42.476849834134526, 38.64429457818451, 19.477478352832662, 49.99423477591453, 90.19391801986883, 19.195716093989077, 35.95424570039537, 56.503260233172306, 45.134515799176036, 68.5579284938795, 62.05950109858553, 32.00707695323697, 49.221292990884606, 28.09940094863242, 25.82392031427322, 65.00059857487697, 56.05401245691173, 39.930972340470596, 44.13036494110624, 76.14030667682802, 17.630468277765434, 58.301220947678445, 28.044461974464056, 44.72666593645105, 81.06841855552783, 11.614693630075621, 47.54252394400323, 89.83310587225223, 63.26332014503731, 40.78828383339682, 71.53019681819504, 65.34741898498896, 44.68295236167872, 36.21516864780163, 19.730195133396812, 48.289668483393164, 14.713321045319981, 80.03691047344702, 25.62677557275668, 39.50381296220045, 30.439958961223443, 41.53339945456948, 27.40742285234001, 46.44381068373483, 52.42982266690745, 19.63515244448937, 68.11601027739053, 66.88444302345121, 42.93646199962097, 12.024147253835434], [13.294124533437545, 44.68168193829032, 25.87959329026779, 35.22783211672661, 60.1202855905963, 64.39796702398293, 41.09223219078648, 0.0, 35.86088967339054, 42.25956495558483, 36.05144692714288, 59.14154434256321, 21.2752232775975, 21.59465921522194, 39.55415913222236, 57.93338375585928, 35.77788844866188, 35.3572428689168, 15.42516699363549, 42.1810782021081, 57.848237956395614, 60.06101885673379, 36.741274205131916, 35.87898817910831, 14.876347889114914, 55.89327242333175, 66.63309788560761, 51.81127933276226, 53.96771997943189, 52.469948428625706, 6.819393309065806, 42.91232142734181, 25.597055210346294, 40.64063372313599, 57.12628035147827, 22.08888804881084, 55.45377938183161, 49.05797234088297, 47.06230483684899, 37.385026262238505, 25.97337242211878, 64.59376697981604, 9.20892333205991, 58.69203885375784, 56.72098646823453, 32.46664875007585, 18.411986544857367, 63.53862003514532, 23.307498969927558, 49.637420001419834, 43.55777239476239, 18.254600668146313, 51.98476539677878, 24.021569051447905, 41.782951145196044, 42.33085563620705, 58.32898725956616, 56.98989056964824, 48.09598521059815, 51.26598771248226, 45.733741909831096, 36.450022517948526, 43.47197760367645, 67.41260634256366, 33.55118498857358, 72.59302257825921, 35.28145072191745, 52.47848788991025, 65.57070197535229, 52.571269239942964, 29.623711339240575, 8.078052062993699, 39.5527544423624, 60.60546330037504, 46.316618957373905, 22.596479344006564, 37.38248786908424, 39.13584493274411, 59.01422514764766, 29.980255255274468], [47.483826744541275, 64.12708049425972, 45.62181497136056, 61.30157659806313, 42.25967695488955, 45.45464621376793, 9.743627010799537, 35.86088967339054, 0.0, 31.04174555358618, 14.108403517894391, 34.08304980731434, 47.08969083028066, 53.0916364020842, 8.081845715258588, 25.97462009757422, 39.11684477627936, 57.17019455043429, 46.726778131888764, 35.21322467108929, 27.171861129253173, 34.493714623208945, 51.799970341718875, 19.55827975064436, 21.006937760157818, 36.94742946257622, 31.507203049971288, 36.60194468572831, 20.666953344185995, 29.78530545096789, 35.89128565370277, 29.255517807721443, 20.150593720711605, 40.25076329701464, 88.90844628000923, 16.204154512345834, 44.16122547556625, 60.44106198038038, 50.387862405424066, 59.783749165807166, 59.278252980132635, 41.72542389331978, 44.684854413097916, 25.243397377749904, 22.98735619940758, 56.49703178002478, 48.837768995409434, 48.92790754710673, 35.14034292232643, 66.77458064172332, 25.676335231952205, 53.88988445186554, 22.108214248736754, 35.685838117933805, 77.24322444751164, 6.923108264016012, 54.71327534629509, 88.61476378707268, 65.83340468647384, 32.30827149944689, 62.16436155616386, 64.71991389935047, 35.09725427181073, 34.07710025192997, 10.00415622960946, 57.539242977751755, 5.092173238030287, 70.7149800315644, 29.893715206227906, 46.695043773197334, 33.16557349221039, 38.07799584170457, 18.20822382243006, 54.17575922079318, 56.42749058821992, 18.00964208093109, 67.08780949804823, 57.75776971034817, 50.86029902311303, 6.487383389598763], [46.50036154082662, 42.917596054781214, 31.475669074139862, 76.83698124125651, 17.96259649828667, 22.277166079480015, 24.1402395414162, 42.25956495558483, 31.04174555358618, 0.0, 16.94182422899446, 21.110505204090092, 37.4747329184991, 63.85353926696755, 24.71857042862368, 29.07064934036284, 64.84107447070834, 75.4437656251199, 42.571176311729864, 5.1298164388384695, 26.983414291004053, 22.24411178303581, 73.5201558012289, 49.1965261288808, 33.09741616509485, 14.36924574663502, 53.89458130079898, 9.586111226786812, 48.41849150557489, 60.794847693605924, 46.99388871305506, 59.358720629519176, 18.174166443139985, 67.51903531080802, 76.21598291460172, 25.154017938674016, 14.376284038832354, 34.37178554098844, 21.749162728350125, 77.81176564730805, 53.50782528160221, 23.882162979054897, 46.96018607255549, 52.01839805252164, 49.78194703790062, 73.30068386015512, 60.51585021106994, 21.59566639792957, 56.25533109841515, 88.23034560568487, 7.45821231580454, 54.40101110759782, 52.04192425471351, 57.01066747843667, 73.64539262349044, 35.447611859878826, 23.68030502524289, 75.72333136511979, 42.98805523146164, 63.2984741611312, 83.80204836360178, 51.35748602253127, 64.38914050394993, 59.712124511897244, 39.78411567862656, 30.798858692470727, 35.79591168139722, 91.69701086214981, 44.35926478592638, 15.653411823592082, 15.310165944151903, 38.06129950175432, 48.8904269896327, 23.302976380700052, 30.395023516904995, 22.71717675765757, 54.809304695380554, 77.96090237546768, 20.233764587939294, 27.862525887592717], [44.788374734077166, 53.563210353585866, 37.01031118490747, 67.35194129648856, 29.50764925236539, 33.160749003457155, 8.571342307589122, 36.05144692714288, 14.108403517894391, 16.94182422899446, 0.0, 24.13710324379276, 40.450994604325274, 56.480084186369204, 8.441512756224224, 22.293697632101317, 50.26401010357069, 64.5629150619487, 42.497213833434046, 21.26229356629879, 21.883320591572232, 24.88994402947012, 60.93068621570981, 32.805744245263725, 22.682411873541938, 24.28569846367856, 40.03385027868437, 22.97643524758207, 32.39539211083055, 43.85432938313289, 38.64543337821035, 42.85386386796126, 11.873412119056958, 52.291280183355305, 82.26295434132169, 14.193278345331795, 30.236244675725196, 48.05124997460771, 37.0217738909218, 67.09556903750038, 54.9358682163765, 30.875186079446788, 43.402694666464164, 36.40657510648159, 34.11087534832649, 63.10638778305256, 52.55184328134728, 35.61666120159535, 43.539230734067274, 75.9657352477367, 11.952303672469887, 52.23018950958614, 35.384153021213415, 44.224241259248394, 74.39153996431861, 18.819867372458564, 40.62104528284314, 81.87981049388617, 54.692364714993644, 46.40177762250997, 71.3975254585887, 57.2857712214512, 48.2535105098817, 44.68602521214647, 23.215370722735752, 44.53726471052003, 18.946867485709536, 79.70321111885657, 33.48626977951486, 32.59410727535155, 21.884669256246884, 35.15280620103655, 32.11582152995743, 40.0847426077887, 43.981151695211395, 13.494963477084465, 60.17563073261895, 66.17586612710213, 36.809795641804904, 11.865060562677233], [65.83376234907857, 63.29419286541992, 52.487501942925256, 91.46529751384607, 12.910596955359212, 13.771475889584279, 24.3403760025149, 59.14154434256321, 34.08304980731434, 21.110505204090092, 24.13710324379276, 0.0, 58.14766240275138, 80.18624524394885, 26.025197947376498, 14.401813758291983, 73.03304129733974, 88.6728095644198, 62.46557710529352, 25.215092597756836, 11.46148057438962, 1.1402540669633745, 84.70874825213012, 53.46446345492485, 46.68351952873997, 9.7898233037946, 42.875761667578786, 14.995514601058973, 42.972493228669755, 59.805356805288746, 62.44884649822062, 62.629907306779415, 33.569237843019486, 74.33353156769131, 97.30450091659556, 38.07262436121589, 21.511517756613905, 53.188725073674725, 39.76269004314727, 91.21426474107565, 74.00797953302288, 7.883085262289002, 65.44505495210997, 44.94313950480164, 43.136087261115875, 87.2434278204967, 76.3804026115564, 20.33641298624169, 67.41553779112307, 99.77132421040568, 16.140499614444774, 73.65209711882792, 48.73825671186501, 68.07285559021742, 94.10466778951503, 34.45703426471979, 35.080508603377666, 96.80591631884529, 62.87355741255232, 63.685877965185, 95.17832226424183, 72.46782317640383, 68.86229149125568, 50.43679073087504, 44.06682631239977, 26.517195050975626, 39.02708013863674, 103.57569582266348, 30.238923292087353, 28.610586467160886, 36.03950509165067, 56.67404007340335, 51.33019487279888, 31.919527305518166, 49.514467372137624, 36.79024143842872, 75.91164686265202, 90.14950577412783, 28.193221527861542, 34.99929242622371], [13.522393968927082, 23.472891707922187, 7.4720869463644615, 52.033036740416186, 54.471223604597846, 58.698616681312515, 48.20593639971167, 21.2752232775975, 47.08969083028066, 37.4747329184991, 40.450994604325274, 58.14766240275138, 0.0, 36.78538361021852, 47.244381984382485, 62.06739707704098, 56.99114697696452, 54.16709139257285, 8.21128798499999, 34.82257088873621, 60.970960914710645, 59.24616493449671, 57.25302907271179, 53.9278229166692, 29.10600741567603, 51.71820572312099, 78.39292892831212, 46.350526705454776, 67.51186673854366, 70.36098502196118, 27.96014916949328, 62.343916899969216, 28.74862733500213, 61.75916698059091, 42.034230027714095, 30.89165750511825, 46.84763342975219, 29.74556544980989, 32.00042810023825, 55.76017060258841, 16.08761867015462, 61.31546458627058, 17.38267704321177, 72.19549739352478, 69.9840291919609, 50.684559978222325, 35.47409621339954, 55.394953411778744, 44.571781747458395, 68.91866872926312, 42.22288189693779, 20.125812958067428, 67.31226288191702, 45.29168848654025, 36.19931313796224, 54.00623996459539, 44.89818130432123, 41.69673723089402, 27.02813205673885, 70.06864972868253, 65.42803055632865, 17.675977082750027, 63.85515619730284, 81.0758791791686, 48.83917958403604, 63.505230805203176, 48.640916315555145, 71.25862065805258, 73.78901757493715, 41.47058459938807, 22.183828967371458, 13.338824830389257, 56.75381996606356, 48.327458032813475, 27.889190284815005, 29.251869008981554, 20.03378780230129, 58.66605175759317, 47.94215144934773, 40.61073589372538], [23.378696316468456, 58.91086065593223, 43.505639863152595, 15.277126213620505, 81.69687679315186, 85.96600348031107, 60.190217824993184, 21.59465921522194, 53.0916364020842, 63.85353926696755, 56.480084186369204, 80.18624524394885, 36.78538361021852, 0.0, 58.489652736518494, 77.5019308955578, 33.921350009863005, 18.777160640305667, 28.61421025117843, 63.686552106886275, 77.79819242204955, 81.05525323046045, 25.417057208175528, 45.52383522054684, 33.899553061901216, 77.40500424624071, 81.1209387459017, 73.40032951866941, 67.54372348154344, 60.2359728631216, 17.846440673046157, 48.40186120614042, 46.879877761853784, 39.09982851185541, 58.0125915681258, 42.28877098876599, 76.95748524567048, 66.52737922849987, 67.0295163800091, 19.75539874520987, 30.757471925651476, 85.94968483844957, 19.587873993783838, 71.97076146232601, 70.38021973846769, 14.859769957469629, 4.312828159665591, 85.10297534854536, 23.951978176591524, 33.35679325316323, 64.91568547262644, 19.406816393701348, 63.70359529038014, 24.100531602769383, 35.5009385563212, 58.57224625319812, 79.00372967332919, 58.139304803335385, 62.82320814528306, 57.28096956159707, 30.650817129931106, 45.31926393492864, 45.79969116847635, 79.99130342866181, 47.52317469044357, 94.12536237394775, 50.92034314298267, 35.11076881470268, 82.77262268804849, 73.72323404941264, 50.873462352351304, 27.202800663288777, 50.05273376587746, 81.59927787749955, 64.50368168815827, 43.396028287445446, 44.39773284960728, 24.048280249027663, 80.23431811003542, 48.29011280640016], [49.87612500870463, 61.73264549006093, 44.521881391492364, 67.8296185251272, 34.36998161356021, 37.456089082505635, 1.804054684178355, 39.55415913222236, 8.081845715258588, 24.71857042862368, 8.441512756224224, 26.025197947376498, 47.244381984382485, 58.489652736518494, 0.0, 19.123024874583873, 47.06133751955109, 64.1596487899771, 48.274524544157224, 29.352698973095787, 19.848932366824307, 26.462832529816282, 59.31135996795644, 27.610709545619404, 24.941206249238704, 29.065466554339785, 31.892697369679052, 29.157240597794495, 23.99041927779896, 36.54151213553345, 40.805824354401594, 37.16584413052432, 18.609663916815823, 48.314751365501955, 89.2670824834999, 17.78364308228051, 36.95914855921125, 56.489391968024, 45.383774161117074, 66.7567601996322, 60.87440647658804, 33.64487129904835, 47.78043303912631, 27.965266899436482, 25.670177152567792, 63.20777133233241, 54.3411885401704, 41.20745172109829, 42.32642833429223, 74.34564682447417, 18.51411685249355, 56.89000300805764, 27.325609927548264, 42.923102707975254, 79.75703101282424, 10.746681365118246, 48.27037094719772, 88.91675589410863, 62.985430811010886, 39.572375429990146, 69.73578705590252, 64.50006451218879, 43.12819903537843, 36.2730395982769, 18.085939829175267, 49.66917249669936, 13.116637222441488, 78.23952848587079, 26.75758330510002, 40.221486295140586, 30.080931495492347, 40.21192134060659, 25.975206429648853, 47.32448492758695, 52.42011355714913, 18.407866269995488, 67.20746523442565, 65.08126522624549, 43.867442518358565, 10.265154496220335], [67.08186132180623, 71.74729071294816, 57.71687430085711, 86.91793325546917, 27.11826278191733, 28.15084314662697, 17.36755108449474, 57.93338375585928, 25.97462009757422, 29.07064934036284, 22.293697632101317, 14.401813758291983, 62.06739707704098, 77.5019308955578, 19.123024874583873, 0.0, 64.53451345826421, 83.07189838448124, 64.69377473498653, 34.091736668270265, 2.9407377273572775, 13.962610900522106, 77.73884838861674, 43.72387216050132, 43.7223689063671, 23.068166677282804, 28.482830974829376, 26.894057333994088, 29.477109684547308, 47.261612574693764, 59.73368298386096, 51.864758398919896, 34.06252450108015, 64.98459264159598, 103.28309463516183, 35.84465713994658, 34.562790009556906, 63.35485986858833, 50.34776727583521, 85.67978832817178, 77.02990484758206, 21.625823818478306, 65.61622476807054, 30.93755313834086, 29.282768218335367, 82.24480249818578, 73.38907630486409, 34.63843359381386, 61.09204460264711, 92.67001605134104, 21.83389560455315, 74.50471650769829, 35.73687342528367, 61.648869270355505, 96.63384320546555, 23.794386102621043, 48.052956079028235, 102.85332790634435, 72.01333804072303, 51.5669463913381, 88.06366710534844, 78.17648624400768, 58.453785871405536, 36.05762407830342, 35.168944162769314, 40.82563036645326, 30.154507836051863, 96.6344404639217, 16.250575604525093, 40.80786485010834, 41.35959625471375, 57.44411994821388, 40.75674518520095, 45.40224951577039, 59.42034504690922, 35.64686646093236, 81.31007732335235, 83.73219216052834, 41.62858406824484, 29.386669473595926], [47.54367377056317, 80.22520228497899, 60.751421159143135, 31.666855075600356, 79.7615759831126, 83.40813294750046, 48.80096105608168, 35.77788844866188, 39.11684477627936, 64.84107447070834, 50.26401010357069, 73.03304129733974, 56.99114697696452, 33.921350009863005, 47.06133751955109, 64.53451345826421, 0.0, 24.67930959018952, 50.93536818354335, 67.27789971684345, 66.06736930086008, 73.51076594308482, 15.624802281443644, 21.27843637528691, 33.35987846467893, 74.54960774553449, 56.66822985056342, 72.80423286305314, 43.34235543794969, 29.781774858463407, 29.395762430797443, 17.637928037030026, 47.28564863781625, 5.2726224630884495, 89.67255669354766, 39.91084659345337, 79.19234728390406, 82.95908698287704, 77.85037650634852, 26.978093137972444, 59.32074701824258, 80.49082889724085, 42.53709549948655, 46.69455031977069, 45.88870422628155, 26.440637286884872, 30.652481222402816, 85.57954974984968, 12.560573944551319, 29.069389004274246, 61.97645067036056, 48.582818098110124, 37.40466077169048, 11.915904027295397, 69.0046190821982, 40.94428124189933, 86.55008473320154, 89.6798441572062, 83.46020866514733, 25.586669311742902, 24.635109905326733, 71.7485052135174, 12.722965335403394, 52.898913951180255, 29.400958030919043, 94.65320009059825, 34.47134889426184, 33.15417758133365, 63.10881424031122, 79.24492812314564, 58.37862905491902, 43.659635022221366, 25.276786251477507, 87.45890655356176, 79.68356769398653, 42.61537071616819, 72.17187316885884, 22.4156282893635, 84.81996378036924, 38.466481185535784], [41.262065515885126, 77.02064144535333, 60.26783094043146, 7.605942422092261, 92.55377105414746, 96.64541755002435, 65.9613125563264, 35.3572428689168, 57.17019455043429, 75.4437656251199, 64.5629150619487, 88.6728095644198, 54.16709139257285, 18.777160640305667, 64.1596487899771, 83.07189838448124, 24.67930959018952, 0.0, 46.24738227290565, 76.33136833954215, 84.00462325917385, 89.37915252638699, 9.976590929056254, 43.43837887611367, 42.62898921485981, 87.76326333959454, 80.09282585248467, 84.62240503220171, 66.43998853667387, 54.404438366271734, 29.14570491506671, 42.167671285043006, 57.38303637446468, 28.681020842887936, 76.01206150181278, 51.1546760120102, 89.42936711148567, 83.6013877549559, 82.4193897085446, 2.6186868868167745, 49.530014763809135, 95.34512962736449, 36.82032845919839, 70.24327864926191, 69.14848107507996, 3.9985571394616524, 18.799088217334862, 97.0391352214154, 22.085541457633216, 14.795826665806517, 74.85844908489918, 38.14265480125134, 61.11510630805411, 21.60798411562097, 52.27866876499846, 61.02133536277813, 93.51665328044395, 76.19292823426777, 80.8430598296863, 50.2638943068486, 11.879931366498633, 64.03795211648449, 37.31516468957828, 77.06666937077217, 49.01884746653655, 106.24101056725779, 53.56507223301032, 17.186991638053385, 84.78458372583769, 87.39033485242376, 64.5500846180778, 42.734109461531354, 47.95844412349186, 95.55400818032938, 81.19586270840657, 53.09832742870644, 63.17384092926448, 5.492486482787552, 93.6890214706633, 54.11514847518542], [5.314137018430123, 30.863957452910935, 15.359184027820683, 43.879421283330814, 60.17525267595547, 64.46987634845166, 49.47851175857136, 15.42516699363549, 46.726778131888764, 42.571176311729864, 42.497213833434046, 62.46557710529352, 8.21128798499999, 28.61421025117843, 48.274524544157224, 64.69377473498653, 50.93536818354335, 46.24738227290565, 0.0, 40.643813042173434, 63.93985525825291, 63.52168080429803, 49.85661189689878, 50.529001338529, 26.778648084102908, 56.940248642034774, 78.22657110047994, 51.869298246119286, 66.46976618514549, 67.15107932033743, 21.541340874616104, 58.129496169081676, 30.64364400376111, 55.905175032282784, 42.76638439565318, 30.81045396313103, 53.27966832516514, 37.94269554576614, 39.7745106653182, 47.75728732209014, 12.614667855760644, 66.39678543991664, 9.45733694655674, 71.2120530277634, 69.09040865517973, 42.68592495239446, 27.477020843716772, 61.80983861153368, 38.382109891587156, 61.03238636544588, 46.330984608918946, 12.445664569655918, 65.4353577609472, 39.05428974815342, 31.965296194854375, 53.60016423990374, 52.47620385781649, 42.55371847761225, 34.62276882434459, 66.30025350375765, 57.66275783258153, 21.025613319043696, 58.890328667896576, 80.08138072508311, 46.76768413149511, 70.23876511597068, 47.422957335742964, 63.26532962881421, 75.03068842712095, 48.47724609849595, 27.440399273281983, 8.984222915011975, 53.84090515001774, 55.689818005499475, 36.089196022452064, 29.86690033209209, 22.104731270498945, 50.886080879508164, 55.02212831874201, 40.30074939135461], [44.94419522168759, 38.223673195074355, 28.30190022736764, 77.22398355754227, 19.651078983006308, 23.898328766501336, 28.90721076168153, 42.1810782021081, 35.21322467108929, 5.1298164388384695, 21.26229356629879, 25.215092597756836, 34.82257088873621, 63.686552106886275, 29.352698973095787, 34.091736668270265, 67.27789971684345, 76.33136833954215, 40.643813042173434, 0.0, 31.923212248258302, 26.355069166559403, 75.06137679939471, 52.70793039622119, 34.67010250432825, 17.221044467692202, 58.9842015762379, 11.61198757750674, 53.21952350020594, 64.99339127868036, 47.44679063163783, 62.90151230873418, 20.01411258954297, 70.24833089331945, 72.23655358193174, 27.367368448860788, 13.273821448522503, 29.283968364524988, 16.628451217282436, 78.62088056711504, 50.907232800397885, 26.833704967782907, 45.94003918680011, 56.91580102871816, 54.66402789411048, 73.96435073001874, 60.58551551266395, 21.516579169833303, 58.01941940855774, 89.54804220151529, 12.587789119675811, 52.806061011454254, 56.607081552100475, 58.79144703229212, 70.98342003844758, 40.01055889240794, 19.773609517879862, 71.72256287770747, 38.11061965815211, 67.27520630621568, 85.20029095393235, 47.612749851554156, 67.64655182805517, 64.71016037316745, 43.49272834854248, 30.44395062971825, 39.78886301119421, 92.89058076207978, 49.47779647737285, 12.032463576758255, 13.292335095418073, 37.13479283060537, 52.72647209949774, 20.18650868222713, 25.330326304075165, 24.688340018160222, 51.159357118546176, 79.16056080644415, 17.644934525007635, 31.44933245208678], [66.53329026892048, 69.82965221424351, 56.35109084935962, 87.6316380368132, 24.19338886961174, 25.214862207159975, 18.050464260385688, 57.848237956395614, 27.171861129253173, 26.983414291004053, 21.883320591572232, 11.46148057438962, 60.970960914710645, 77.79819242204955, 19.848932366824307, 2.9407377273572775, 66.06736930086008, 84.00462325917385, 63.93985525825291, 31.923212248258302, 0.0, 11.036614441053286, 78.95972257978481, 45.47833358090728, 43.918138532448516, 20.220388154028907, 31.422501291727976, 24.22526123413351, 32.151918319999844, 49.71817371653084, 59.974670529101395, 53.89453181906361, 33.41962022089957, 66.71310038240624, 101.88685489219652, 35.800098652558084, 31.78789392754424, 61.11198278444618, 47.998241321192296, 86.60328900751392, 76.15984532281436, 18.748716795046352, 65.2804818413457, 33.75884824215585, 32.05883040824063, 83.0457162907358, 73.73860482376995, 31.70680670782018, 62.12453682107804, 93.94564057691585, 19.936725678540352, 74.06117325396549, 38.289752773263324, 62.7056929126773, 95.90494837429976, 25.644401049078052, 45.317259030342235, 101.44320759462796, 69.971447068115, 53.9252694781219, 89.33518839372609, 76.78731431161137, 60.41441182035179, 38.989414421944645, 36.66654227119243, 37.9028513694893, 31.600616446983643, 97.88073911853904, 19.068647870108908, 38.17246923243941, 39.871929201612375, 56.94968098456538, 42.70270672787122, 42.587019283562775, 57.213187756566164, 35.36707957270768, 79.98765082113293, 84.84370323096445, 38.81547458178052, 30.019058849557005], [66.86031760353278, 64.4281933048691, 53.60855753615352, 92.23933271828945, 13.648984373442465, 14.205368886447737, 24.752591524670628, 60.06101885673379, 34.493714623208945, 22.24411178303581, 24.88994402947012, 1.1402540669633745, 59.24616493449671, 81.05525323046045, 26.462832529816282, 13.962610900522106, 73.51076594308482, 89.37915252638699, 63.52168080429803, 26.355069166559403, 11.036614441053286, 0.0, 85.31734557257722, 53.80312095492061, 47.490307028021114, 10.796874059649237, 42.380984842330086, 16.08612906846543, 42.82871237808312, 59.837528200794175, 63.29809736985563, 62.882196724969496, 34.50797739882939, 74.738438035722, 98.44195418994047, 38.89276196128077, 22.47581567510639, 54.291552599959644, 40.860480898372515, 91.92672511858454, 75.09290945925409, 7.876488866840896, 66.43108329996616, 44.688139130954475, 42.91802579696377, 87.98704931507321, 77.23026476534965, 20.988639387361843, 68.05230114299809, 100.38064636562295, 17.19083897560296, 74.67026263903173, 48.687626580448125, 68.7034533259896, 95.1838953156496, 34.64668280549928, 36.02292426870649, 97.94375965199123, 63.99772369443763, 63.78052575668208, 95.78384577745223, 73.60075626028474, 69.15930015868287, 50.01992276997169, 44.45624891684435, 26.8662700613792, 39.40003246817022, 104.19891916609069, 29.603343993811055, 29.63872528116197, 37.14960670740755, 57.67431978244751, 51.58349624418004, 32.79484883602448, 50.62653440771814, 37.66254964587621, 77.04174903103035, 90.80180221174636, 29.08380179930996, 35.59810019723084], [45.34280561403139, 80.6345765875137, 62.56515428919766, 17.549094318346068, 89.86856959421445, 93.79620752257712, 61.10844499704356, 36.741274205131916, 51.799970341718875, 73.5201558012289, 60.93068621570981, 84.70874825213012, 57.25302907271179, 25.417057208175528, 59.31135996795644, 77.73884838861674, 15.624802281443644, 9.976590929056254, 49.85661189689878, 75.06137679939471, 78.95972257978481, 85.31734557257722, 0.0, 35.98119479676634, 40.45635010781344, 84.8584833024674, 72.11796207949331, 82.2874244605969, 58.648101224747684, 45.33021357124562, 29.97126289431614, 33.25501863899888, 55.36002792409959, 19.03596503654248, 83.4286362173707, 48.50045625925836, 87.80517460508032, 85.7987736237921, 83.04694967067985, 11.847524616476164, 55.22135525024374, 91.77608792134035, 40.486774204572555, 62.167381367491664, 61.26208145234572, 12.97394225997959, 23.849005182513817, 94.95817892025629, 17.423746814530265, 15.06330370524863, 71.96837967218376, 43.784286519039526, 52.909132889738316, 16.71733246861156, 60.524501486827916, 54.78147023806406, 93.2815603082114, 83.55184710475834, 84.2743802674103, 40.95085857975301, 10.472118385114717, 69.19347959782789, 27.900038987567306, 68.51712603638717, 42.81620441145329, 104.16438401862119, 47.67632601890227, 18.928781007320577, 77.87472665373848, 86.61637905378511, 64.27422354642088, 44.70111866935938, 40.29904411733137, 94.87213918636566, 83.02517028671063, 50.80962629557607, 68.79874067445454, 6.79083417618882, 92.67173246318353, 49.71937926812031], [49.165986450706306, 74.93479065666502, 55.10008035435024, 49.179474846300124, 61.75731642010627, 65.00721566293475, 29.195945200495405, 35.87898817910831, 19.55827975064436, 49.1965261288808, 32.805744245263725, 53.46446345492485, 53.9278229166692, 45.52383522054684, 27.610709545619404, 43.72387216050132, 21.27843637528691, 43.43837887611367, 50.529001338529, 52.70793039622119, 45.47833358090728, 53.80312095492061, 35.98119479676634, 0.0, 24.982085036193123, 56.44704104435561, 36.73192684696521, 55.753379984874556, 23.027838778918337, 16.628534341932106, 32.25519329783255, 10.194407943343718, 34.107637854472856, 21.261109589949765, 92.96689462893235, 27.152069552975906, 63.001019994985676, 74.20862927637242, 66.18894435302802, 45.999450187543395, 61.844377443347014, 61.19180416896078, 44.89892826790338, 27.023059859456474, 25.773391038230614, 43.92587748418737, 41.31575778903737, 68.27665874547267, 22.454189746084595, 50.23862809555689, 44.731701941937175, 53.356628315203764, 18.271018623262954, 22.638039711960335, 76.49344676915054, 19.940668365402125, 72.48138393282281, 92.81325405953568, 77.43000051993937, 16.262813833436223, 45.72746212186102, 71.0787675289755, 15.55074197522594, 34.58155952536607, 9.648295398286734, 77.00694787472743, 14.494136057072437, 54.30866413246213, 41.938092966189, 64.63337205451884, 47.16223308389209, 41.66840473596557, 4.617736741035753, 72.49371262629852, 70.43237413573027, 29.990985973977963, 72.5765121588816, 42.57376897145485, 69.3908943899704, 21.33521230385749], [26.777676435892946, 50.07788994621295, 30.180555530788887, 44.842