instance_id,num_cities,city_coordinates,distance_matrix,best_route,total_distance
405,69,"[[15.061653734795744, 36.92729519579198], [42.50062998189292, 43.18173072692919], [35.952607748975836, 26.85748115452532], [9.431299161646244, 51.04364304112718], [14.676953983685515, 99.64229659115742], [80.13816992760368, 89.74492514821863], [61.33077260171355, 30.61126027343841], [68.75105775726443, 46.11520146804764], [22.20842644648605, 56.191586515914636], [90.69243340956056, 13.63727432797559], [64.00712910355169, 69.44521976165693], [45.5198681694711, 93.3433367144807], [37.79568768279433, 95.67628753234723], [49.847226474839616, 88.99193093143657], [91.9982579344726, 99.42213355073905], [82.86502912248653, 70.51798632206028], [78.90607827009384, 85.48253659339404], [80.84510575304895, 91.24495807110509], [96.97160920262823, 16.87429622465888], [96.58693499273132, 45.55734297956252], [27.00793347018785, 28.81222246034988], [49.53419711853707, 95.15959980226083], [28.672481188951203, 85.86593550198981], [98.86022691875297, 73.04731768668667], [91.43651360005887, 71.6445896872597], [77.4842332140831, 58.95230687008357], [60.91941930800166, 44.39845233181025], [0.9975509625926748, 38.45730615035775], [30.593419562993375, 2.917875824843852], [57.990537069941354, 4.133041857633124], [1.4572550234325243, 54.21125721760119], [6.453795006326956, 62.77368139077913], [32.00123874389386, 34.09154049369864], [48.70091004063809, 92.70605631707603], [56.769023400366216, 60.315859487740596], [77.50400717169924, 21.14673778323537], [40.87261950039706, 3.9994459756035883], [36.93154202661258, 21.301313917540643], [35.22386617042758, 41.542803748569035], [28.442760625194865, 1.0186749757133406], [89.03879230421448, 97.3493397429709], [44.041912938002525, 93.59597415526267], [9.122889070151386, 10.013573701546852], [9.662417276553036, 58.23453773551165], [60.09153588004727, 17.797464189586197], [65.62869755219813, 60.06793340586071], [69.0793865751945, 58.88842178133196], [84.98432672499632, 1.9219577730325121], [79.73330908901272, 98.07336961825528], [5.242962873770807, 4.319802078518132], [76.94747755893569, 27.812221553278647], [69.82306891193217, 69.6079395901365], [53.20590206406936, 76.49460916164907], [87.94592128169906, 9.287037450072312], [30.938022569097544, 61.583033793409825], [33.58384448566522, 85.22140821023686], [90.46150344806016, 89.5681339196047], [37.44199395582935, 9.013418554082463], [58.28547875650979, 12.359810534154803], [22.636888529721556, 60.59484511476666], [31.7816611944723, 4.978936297481251], [25.9908163346095, 87.44448846229567], [45.18799553224915, 2.3533924944320272], [78.77604900111378, 18.036218243256563], [53.98913178429859, 82.95094173668386], [49.30016691561237, 20.097502467746686], [51.69520571322504, 77.95831782959937], [18.330438084775945, 70.06950749881491], [16.118945779340066, 90.45276857938114]]","[[0.0, 28.142767832996004, 23.191229256947086, 15.197768556925894, 62.71618127659873, 83.81321491020537, 46.69821900095719, 54.46989742927402, 20.547245077117136, 79.13557926897448, 58.76287073607602, 64.11296723118558, 62.99428863087018, 62.61599128927245, 99.12036060663166, 75.66790762472868, 80.21048567003434, 85.31043933583973, 84.32890116963796, 81.98078560818787, 14.441883707389275, 67.67095054101502, 50.796113424219804, 91.25161309483671, 83.89523083135224, 66.19425630748206, 46.46238104443407, 14.147081688750557, 37.388184707083454, 54.021774095357934, 21.99579522247569, 27.242079788990026, 17.17530334552802, 65.13731462867827, 47.81767062560829, 64.40553931914684, 41.8383700449779, 26.878677512199303, 20.683755207899388, 38.32079106336568, 95.51670271832177, 63.648995266984436, 27.56115618786375, 21.980681039914504, 48.92484767826297, 55.61038623495063, 58.31129000564819, 78.19561270413942, 89.00149113094703, 34.05371195064403, 62.553495169342284, 63.77175793587872, 54.9595852884463, 77.94934447510383, 29.325151886339004, 51.72420035209408, 91.95757303414071, 35.777983978667535, 49.717807193273636, 24.85029378831191, 36.059066623346055, 51.68591114277133, 45.85794607371871, 66.45597755340918, 60.278724175412634, 38.15124779220098, 55.005108389424116, 33.303020695806566, 53.53591474332692], [28.142767832996004, 0.0, 17.58856785713107, 33.991032731222724, 62.94404216255957, 59.8724935832789, 22.640472576889156, 26.41382609503959, 24.10456122754731, 56.527204260609146, 33.94554994026719, 50.252388147069134, 52.704980563843385, 46.39554852361619, 74.9199444922138, 48.74992910706117, 55.8096303698315, 61.484735055969054, 60.491062871774865, 54.13845143057108, 21.130698356350877, 52.451596165207384, 44.868240842705696, 63.78367699761563, 56.61143917695742, 38.37399597376246, 18.458933113898034, 41.771111496607226, 41.98761331078644, 42.00877674971576, 42.49951861597034, 41.027050132448174, 13.887720289698077, 49.910943669357195, 22.297206532128563, 41.36154408046791, 39.21609180504635, 22.578028709482616, 7.459046400730349, 44.44487553284547, 71.4137971182986, 50.43779826283121, 47.05528906331109, 36.12388700733595, 30.883668142832267, 28.63653873027531, 30.872810787559146, 59.22189927017774, 66.32770472185435, 53.83663489310821, 37.72011559148441, 38.011316525050546, 34.99072334147797, 56.6932512179046, 21.732506636991975, 42.97491764374032, 66.7228880129687, 34.54074919837863, 34.62877726988461, 26.415616160949632, 39.6780769957965, 47.24156717349426, 40.916685305977936, 44.138450619460876, 41.39535986076544, 24.064814498247333, 35.971533653554545, 36.154539356465555, 54.13450176191864], [23.191229256947086, 17.58856785713107, 0.0, 35.8935960303405, 75.83061915404035, 76.85827552776149, 25.654280519365958, 38.034170355353574, 32.39432445705265, 56.31360743095724, 50.997761206779664, 67.17068900564313, 68.84348229796765, 63.669068460412014, 91.68829632018691, 64.08599683714198, 72.67666582211228, 78.49257009888771, 61.83027187183269, 63.45239532577404, 9.155774763847573, 69.6393493764317, 59.45584855341632, 78.04402314384811, 71.30462046189416, 52.48765332424384, 30.512740769492435, 36.8294981621147, 24.532134056247276, 31.655496680892718, 44.02452071935083, 46.47745036721079, 8.24287155892916, 67.07126107549858, 39.4054087817906, 41.94200023651031, 23.381537329160935, 5.64174677606804, 14.703392941067577, 26.908023126360906, 88.24536881834801, 67.22695371984872, 31.67887344381686, 40.93523903390193, 25.78316812810281, 44.537674442511495, 46.079980825074365, 55.00808842390746, 83.59696513333444, 38.09237806299705, 41.00598590406734, 54.54181731338122, 52.55017261169394, 54.88192001090534, 35.085753100114495, 58.4119766893916, 83.08938368140669, 17.90611184377248, 26.6259193429242, 36.27007175774276, 22.27257327347279, 61.40051093187385, 26.186690294291616, 43.72255482042461, 58.921918836363005, 14.961772874648393, 53.47078547727325, 46.667119950275755, 66.61632479937482], [15.197768556925894, 33.991032731222724, 35.8935960303405, 0.0, 48.88093719833786, 80.60552592872577, 55.776676208981804, 59.52414044891095, 13.775206120875454, 89.45729908488072, 57.594611203213496, 55.60259794193146, 52.882998122820844, 55.43933381987136, 95.69629577461299, 75.97211818940707, 77.54213255561105, 81.95167784745959, 93.97260315610791, 87.32814177277704, 28.340327003328852, 59.619292728872686, 39.78460931111092, 92.09611727805603, 84.55326249061497, 68.51093924844967, 51.91517192275031, 15.15070905974314, 52.5730426172673, 67.51743544915816, 8.58016080788581, 12.102038286142092, 28.227220081418594, 57.252589623207385, 48.23726913843636, 74.34862823093168, 56.58368229608042, 40.50764741783798, 27.48676882002488, 53.51572756606855, 92.09544240345008, 54.85066516664248, 41.03122843390514, 7.194607848157171, 60.59511525356709, 56.917355898297195, 60.161739382909, 90.11770046758896, 84.58231364621663, 46.91118710030176, 71.40121350313792, 63.18068502264841, 50.63563503830858, 88.9278358959758, 23.950321692075757, 41.85050868966347, 89.72196166014133, 50.50879916691992, 62.31508454070069, 16.297639449003615, 51.20054580154875, 39.990488323818546, 60.40928598849216, 76.79963816376623, 54.803979400001374, 50.46969617870378, 50.10626224305506, 21.004242236640373, 39.972537985134394], [62.71618127659873, 62.94404216255957, 75.83061915404035, 48.88093719833786, 0.0, 66.20520186764622, 83.31784182719869, 76.08652056201693, 44.098608634521874, 114.78334795098127, 57.83882455931672, 31.47955290342792, 23.456450620349067, 36.74749455116351, 77.32161739393693, 74.14741424881525, 65.77141635842388, 66.69887257513331, 116.71740299661126, 98.15511803299212, 71.89542722922113, 35.14430209099819, 19.638302029769868, 88.28429274219343, 81.70619061231615, 74.83601798483286, 72.0433753222431, 62.69552713116168, 98.02523883733292, 104.87175129425093, 47.31532287918292, 37.77453018053934, 67.80141936125908, 34.72378169072644, 57.60478246662915, 100.54248537239098, 99.16535567289907, 81.44063024822633, 61.625698121608885, 99.57969759462875, 74.39718173100468, 29.980974456937304, 89.80064367189331, 41.7102873621663, 93.60053867186146, 64.51519506436631, 67.97428178280816, 120.3843481542129, 65.07527081339526, 95.78819420144684, 95.06407200558517, 62.7945586189135, 44.947694863197746, 116.3289062244205, 41.38755653874106, 23.77882524745114, 76.45120464094174, 93.44431806799338, 97.57015837413037, 39.850521010123174, 96.19627222952606, 16.637007075919065, 101.9610441135241, 103.77015951311353, 42.708882569144485, 86.75333507056281, 42.90158384073084, 29.797614011479045, 9.301976425360143], [83.81321491020537, 59.8724935832789, 76.85827552776149, 80.60552592872577, 66.20520186764622, 0.0, 62.052465830913725, 45.09123098772046, 66.94536364201896, 76.83597458887736, 25.928527085980686, 34.80481837931831, 42.75589856831279, 30.300301245186613, 15.30718948718176, 19.41934441976743, 4.436891484452255, 1.6582692878544447, 74.7896599640691, 47.14980689334261, 80.8431585409002, 31.079283346100752, 51.61166222879681, 25.086361093615185, 21.337167420727514, 30.906774670002527, 49.25102001245981, 94.30618978961455, 99.96808882286042, 88.4302674527146, 86.33265851785646, 78.46550259421329, 73.58303722522723, 31.57640902635692, 37.57907549501747, 68.64874451281642, 94.30838058673717, 80.94035219141867, 65.88428636191213, 102.68769552686229, 11.706758732454777, 36.30110669268893, 106.77199313853573, 77.1993278897618, 74.68804907768435, 33.03405254413447, 32.77835397432597, 87.9565735706429, 8.338279174332602, 113.60785048186578, 62.01483929165799, 22.625196050640444, 30.015294868068587, 80.83583780758941, 56.6899164294566, 46.773576117741165, 10.324847219842773, 91.32655473394237, 80.4114175677248, 64.46801166745473, 97.58906087621062, 54.19619829905673, 94.12117014701604, 71.72164261504429, 27.017224254468374, 76.16919269494659, 30.78841219328715, 64.86384027509756, 64.02313724637882], [46.69821900095719, 22.640472576889156, 25.654280519365958, 55.776676208981804, 83.31784182719869, 62.052465830913725, 0.0, 17.188159423149116, 46.7430322011844, 33.91494249253312, 38.92607472707116, 64.69388003181041, 69.19073633329312, 59.49936586322319, 75.33545604706802, 45.34612428667096, 57.61725726132687, 63.696581595561916, 38.19651050672772, 38.29337246574292, 34.369955238573034, 65.61743159449644, 64.18444618919446, 56.65049788055928, 50.89292449685537, 32.621299973308645, 13.793327241339526, 60.841253021761524, 41.37279799632337, 26.688072689551856, 64.35680199451507, 63.60742096747616, 29.535299333653725, 63.36621437337574, 30.052832982238378, 18.73901551371735, 33.566719955029136, 26.115082879566664, 28.303166009487203, 44.241862939649934, 72.26137008883664, 65.31446127196303, 56.12421754429224, 58.58894434749381, 12.873580610338077, 29.76856984993346, 29.319598930638882, 37.182881822457816, 69.92703015585893, 61.94419403053969, 15.865563068415826, 39.91065138969722, 46.59715899548748, 34.10408506730978, 43.39320234227341, 61.254879622411835, 65.76102515755292, 32.204665999298996, 18.50376264950541, 48.9513230108634, 39.11733653210534, 66.92479611719071, 32.5437604300768, 21.505100574336094, 52.85207607621419, 15.977314429252296, 48.317574530277845, 58.36079199828826, 75.0007693356975], [54.46989742927402, 26.41382609503959, 38.034170355353574, 59.52414044891095, 76.08652056201693, 45.09123098772046, 17.188159423149116, 0.0, 47.62089945563739, 39.19489401479486, 23.807448680017377, 52.632546285728665, 58.434032791861206, 46.85903079056403, 58.15549263954234, 28.190425614551092, 40.65601451799376, 46.72216741521681, 40.63779107349789, 27.841466691989453, 45.18718300344858, 52.6748587162153, 56.44832288012953, 40.396793828340044, 34.1522996245146, 15.52609508738627, 8.017592431443674, 68.18490334137265, 57.636917815666415, 43.33924931302603, 67.77906760261432, 64.48607523795653, 38.66675084283106, 50.72194967685853, 18.580307734861638, 26.458236944880582, 50.506872605035625, 40.35109164201641, 33.83754418697606, 60.485167763353495, 55.104710305213175, 53.525373540725916, 69.70542323499507, 60.31870145670109, 29.612186067799307, 14.297827169841247, 12.777439375101043, 47.080376056970074, 53.106130360241266, 76.02718938551597, 20.054435203357528, 23.51718419345265, 34.125654240464385, 41.5301872215448, 40.854369007329765, 52.59304416986138, 48.57469290415094, 48.546882201819415, 35.34055405509329, 48.33401166551803, 55.30758170811792, 59.46888438483316, 49.70225172025072, 29.81492492657586, 39.68357619431182, 32.484732041439486, 36.12320789414315, 55.82156989527782, 68.81830474959966], [20.547245077117136, 24.10456122754731, 32.39432445705265, 13.775206120875454, 44.098608634521874, 66.94536364201896, 46.7430322011844, 47.62089945563739, 0.0, 80.62833680231172, 43.849633271287814, 43.859729342767054, 42.45002152185546, 42.89249189291965, 82.0944625175884, 62.3255098623326, 63.816796211909974, 68.31543762201144, 84.47119515950506, 75.13487651653077, 27.796849529356997, 47.59415722865966, 30.370231995507822, 78.48320959887889, 70.93182189931593, 55.344705172967096, 40.46750526297122, 27.647892123585216, 53.92954997364418, 63.170020679175686, 20.84545081207677, 17.074319452234896, 24.1725300056971, 45.11272760370783, 34.805811143466904, 65.46558386232373, 55.428978310385986, 37.869529365633944, 19.59562470993044, 55.52402264312893, 78.48731395185526, 43.310383824780914, 47.99625147770778, 12.711254689356839, 53.93735819971393, 43.59295823988927, 46.94848052744387, 82.98196345994546, 71.15613732397209, 54.57571781439854, 61.658349575494356, 49.4687043182298, 37.054773285177134, 80.75552581885444, 10.260290064609475, 31.179010298119213, 75.97681512654748, 49.57661859482318, 56.769519014127354, 4.424055384501286, 52.09973479717201, 31.48095223045017, 58.537267880062224, 68.23289565528485, 41.54607470748802, 45.13031470001853, 36.650521737180384, 14.409562260567906, 34.79813746713384], [79.13557926897448, 56.527204260609146, 56.31360743095724, 89.45729908488072, 114.78334795098127, 76.83597458887736, 33.91494249253312, 39.19489401479486, 80.62833680231172, 0.0, 61.85977885050228, 91.61668533368571, 97.61385862688364, 85.71263151581394, 85.79479733386638, 57.416754130021275, 72.80563080875265, 78.22993313271017, 7.064443318468486, 32.459758650304614, 65.46750784433614, 91.32299800884233, 95.20217417915002, 59.968876116638505, 58.01208745185205, 47.200728031420404, 42.80984046776193, 93.0656000724191, 61.04749765222828, 34.05502105501496, 98.02634925942985, 97.52197034039187, 62.15330510649797, 89.52742775307831, 57.70344928311774, 15.176515674468599, 50.74348818610588, 54.304428411682515, 62.0925158437458, 63.51575246640405, 83.7283967656717, 92.57248369973367, 81.64999552950889, 92.49205056628713, 30.882391573458502, 52.763595001993856, 50.14768328955886, 13.031927098663893, 85.14432801862034, 85.95596142191775, 19.74469397523684, 59.73479508982799, 73.18664205105352, 5.144695303160334, 76.61191464523075, 91.57335394399381, 75.93121075665009, 53.45081238141529, 32.432123329030006, 82.68355727161402, 59.543647019882144, 98.15194399696307, 46.882617842474076, 12.702398393203593, 78.4316061281419, 41.89336788948719, 75.21954802534789, 91.7652184001767, 107.05991413420044], [58.76287073607602, 33.94554994026719, 50.997761206779664, 57.594611203213496, 57.83882455931672, 25.928527085980686, 38.92607472707116, 23.807448680017377, 43.849633271287814, 61.85977885050228, 0.0, 30.21421537514461, 37.082456468582855, 24.136626939350812, 41.01363984758331, 18.888388528862443, 21.89004836515273, 27.545345305685256, 62.05126066193425, 40.39894069073035, 54.95435330530199, 29.50754312231819, 38.9637940744173, 35.0387433675566, 27.517419245395715, 17.08020948806686, 25.23637276762182, 70.21721816964099, 74.44705149666989, 65.58871825448152, 64.37826001246428, 57.93872357880234, 47.689198520169136, 27.845050893467967, 11.650553342285843, 50.148869169766485, 69.41437056571009, 55.23516167703365, 40.08766698680257, 77.11690046032118, 37.48631849785974, 31.334785691262873, 80.89746817705792, 55.48898174458479, 51.79597017070264, 9.516458565677025, 11.712121048556053, 70.70667386911614, 32.66318571644486, 87.71856850795393, 43.597696704821324, 5.818215671259116, 12.89807723930841, 64.74621741833558, 33.9908778231216, 34.27045912890626, 33.2380143234749, 66.01294571982493, 57.37143217111797, 42.30633447282923, 72.07206453018088, 42.06202218514738, 69.68122469094288, 53.4883766070676, 16.815611685433495, 51.492639657694426, 14.968510155779622, 45.68095705656214, 52.29335722080163], [64.11296723118558, 50.252388147069134, 67.17068900564313, 55.60259794193146, 31.47955290342792, 34.80481837931831, 64.69388003181041, 52.632546285728665, 43.859729342767054, 91.61668533368571, 30.21421537514461, 0.0, 8.068805593725898, 6.13683649706848, 46.87421984549611, 43.768226684929736, 34.29914289638445, 35.38750631603188, 92.1672165619483, 69.93816205166507, 67.13386949364838, 4.406092204589198, 18.432199460833523, 57.07120342062771, 50.78556832555534, 46.9517152664674, 51.31030970965967, 70.67328406516667, 91.64912899261545, 90.07771251131348, 58.930751929765414, 49.60505920768613, 60.774408240106844, 3.244249326274698, 34.8906541264507, 78.96413138224814, 89.46467309811521, 72.55213569986026, 52.81385114453224, 93.89073845303695, 43.702915441762265, 1.4993923244802203, 90.9317848243838, 50.18350874823012, 76.9383672520743, 38.879525260668295, 41.73957439361518, 99.57565975998669, 34.53885856286735, 97.71089406652277, 72.67751843732343, 33.97079102668478, 18.519037155815127, 94.15642000792812, 34.947776220402304, 14.437256803438235, 45.099919486138326, 84.71592027919476, 81.98348813181495, 39.951150912705046, 89.4259782834033, 20.4004969613737, 90.990549446714, 82.32336032953164, 13.406352954923191, 73.34332207576985, 16.578106039818067, 35.79016952586987, 29.542674583289873], [62.99428863087018, 52.704980563843385, 68.84348229796765, 52.882998122820844, 23.456450620349067, 42.75589856831279, 69.19073633329312, 58.434032791861206, 42.45002152185546, 97.61385862688364, 37.082456468582855, 8.068805593725898, 0.0, 13.781154176059067, 54.33185055086584, 51.6157500923418, 42.35536297147899, 43.27688848544496, 98.54716394589208, 77.25489863654784, 67.7287150247508, 11.749875317782875, 13.396861710446943, 65.12256312811826, 58.77806313926876, 54.072464360998914, 56.25054086076011, 68.03024839342505, 93.03760319660111, 93.74432127030744, 55.13465722339971, 45.44112374766225, 61.856743418319894, 11.302484158192255, 40.129133304240355, 84.44764308397414, 91.72846225262067, 74.37999359988056, 54.19454153750218, 95.118562118372, 51.270409350241046, 6.583542639466814, 90.33399095101898, 46.833380527136086, 81.00750565279695, 45.19547899942647, 48.290960674903566, 104.96019246968612, 42.00607208175847, 96.98292286257258, 78.3479042586137, 41.295422419835994, 24.605111103056732, 99.89068254748562, 34.77610560886862, 11.271385219088815, 53.01884278987785, 86.66359073334303, 85.79899112247672, 38.21644664095841, 90.89652378184154, 14.391577518705061, 93.61521753218784, 87.79163042679417, 20.59519500970434, 76.44936752033615, 22.519392795227844, 32.165247171425, 22.297226056192862], [62.61599128927245, 46.39554852361619, 63.669068460412014, 55.43933381987136, 36.74749455116351, 30.300301245186613, 59.49936586322319, 46.85903079056403, 42.89249189291965, 85.71263151581394, 24.136626939350812, 6.13683649706848, 13.781154176059067, 0.0, 43.42232812494827, 37.8346656006005, 29.269996861606163, 31.079650111262882, 86.14906083745387, 63.80567202754439, 64.36793158566864, 6.175607393450604, 21.404244563804994, 51.541293193319326, 45.062168743035976, 40.818906835587946, 45.94748946079705, 70.28541171122386, 88.2012020501502, 85.24872176336942, 59.59265559661083, 50.6989793150581, 57.72808803614696, 3.8869999675291975, 29.499632982838705, 73.26573381759658, 85.46499908917806, 68.91178808076388, 49.6514082077094, 90.53974222273776, 40.07274777453295, 7.409377792220003, 88.85973535737637, 50.60470458871809, 71.92772740637692, 32.94924069269309, 35.72250334559596, 93.89247062355301, 31.235403993603597, 95.70219295229788, 66.91323074263352, 27.834751685458667, 12.940778691071587, 88.34240539436223, 33.29873322923654, 16.694742744854906, 40.61836412192207, 80.93486415596985, 77.0953045142997, 39.329339861823854, 85.9333923237307, 23.90654477280594, 86.7637296079226, 76.62630054912097, 7.324542992135651, 68.89660040596941, 11.187298393559422, 36.76093114962516, 33.759901737239396], [99.12036060663166, 74.9199444922138, 91.68829632018691, 95.69629577461299, 77.32161739393693, 15.30718948718176, 75.33545604706802, 58.15549263954234, 82.0944625175884, 85.79479733386638, 41.01363984758331, 46.87421984549611, 54.33185055086584, 43.42232812494827, 0.0, 30.312795904522417, 19.12374261742703, 13.829642164811135, 82.6975191287469, 54.059889200975036, 95.96614933488617, 42.67746073674472, 64.76051656650472, 27.252844442441138, 27.7832233512378, 42.993764491451216, 63.19414296635821, 109.53464679881083, 114.38367862004391, 101.17576821599637, 101.20126751650521, 93.06430133722466, 88.7002181560975, 43.81513469165949, 52.634585938804726, 79.60603549815485, 108.25580912520923, 95.57826981610246, 81.07618872718197, 117.14325374410774, 3.6131580350437336, 48.30895526423603, 121.91069411132021, 92.0630691748046, 87.63917822855186, 47.37200421976636, 46.564540738511624, 97.7521330084154, 12.33888707814918, 128.7281425039669, 73.17448657965883, 37.15676479062497, 45.0612721590095, 90.22614355841571, 71.83418276364054, 60.11575749139813, 9.97311000049155, 105.59413661114941, 93.36166005886002, 79.48935710516552, 112.0069463487224, 67.08536597816286, 107.766141048204, 82.45298065876155, 41.424555887483464, 90.08620356695975, 45.66214409836282, 79.300216503812, 76.40758811221217], [75.66790762472868, 48.74992910706117, 64.08599683714198, 75.97211818940707, 74.14741424881525, 19.41934441976743, 45.34612428667096, 28.190425614551092, 62.3255098623326, 57.416754130021275, 18.888388528862443, 43.768226684929736, 51.6157500923418, 37.8346656006005, 30.312795904522417, 0.0, 15.479375202989823, 20.825163824183992, 55.467477757903254, 28.483757069305938, 69.70929546336552, 41.45061491682726, 56.32398952096898, 16.19394546408532, 8.645205682442855, 12.756092889038062, 34.11509703924997, 87.92139212576708, 85.45230310047803, 70.89218014997995, 83.02490649105738, 76.80267546136147, 62.562058209141284, 40.736930207643766, 28.019366634392046, 49.66146130189127, 78.6643418309245, 67.32136421196932, 55.76057399804799, 88.27195243115321, 27.53246952639504, 45.164453641147716, 95.3870387738898, 74.22604320752107, 57.42896001482281, 20.156754003367997, 18.03581747104006, 68.62875895007163, 27.73277517610316, 102.01659064025793, 43.113800122394615, 13.073672444572276, 30.255310912863344, 61.44139130014515, 52.69010710071617, 51.42786962756851, 20.5088894303745, 76.45955780723003, 63.1389555438677, 61.040131476609325, 83.09559288550233, 59.339553039638815, 77.88434189132892, 52.640818184279034, 31.438763134506218, 60.57082769014757, 32.04553672988837, 64.53614935568635, 69.65942280335841], [80.21048567003434, 55.8096303698315, 72.67666582211228, 77.54213255561105, 65.77141635842388, 4.436891484452255, 57.61725726132687, 40.65601451799376, 63.816796211909974, 72.80563080875265, 21.89004836515273, 34.29914289638445, 42.35536297147899, 29.269996861606163, 19.12374261742703, 15.479375202989823, 0.0, 6.07991191272051, 70.94683963622691, 43.66501780084795, 76.84362001890537, 30.924956826640503, 50.235060171494716, 23.511757006878867, 18.66817034782544, 26.568303154980164, 44.84887824942257, 91.0006094784223, 95.66104849506168, 83.99523889756412, 83.52372798248096, 75.92776471585638, 69.57800263802837, 31.056906236264837, 33.51732141513628, 64.35107467561181, 89.9224001159515, 76.68827183489533, 61.95833903837984, 98.39049927254506, 15.604259376467455, 35.79578038503615, 102.78744016116937, 74.41194816390419, 70.25137743600172, 28.673871275217245, 28.351557493438413, 83.78135494889884, 12.617978724332422, 109.60677006382512, 57.70356447891161, 18.289447477064094, 27.226492549335486, 76.72986935590606, 53.59216922107499, 45.32298603625861, 12.256425113201546, 86.98733414544098, 75.97461543590839, 61.527383344112394, 93.28204728307168, 52.951621323967075, 89.70709950802183, 67.44644369126429, 25.04522299151089, 71.77543225046774, 28.231993434959488, 62.505756932713346, 62.98354715642807], [85.31043933583973, 61.484735055969054, 78.49257009888771, 81.95167784745959, 66.69887257513331, 1.6582692878544447, 63.696581595561916, 46.72216741521681, 68.31543762201144, 78.22993313271017, 27.545345305685256, 35.38750631603188, 43.27688848544496, 31.079650111262882, 13.829642164811135, 20.825163824183992, 6.07991191272051, 0.0, 76.09901088048215, 48.32352802273719, 82.43959967914041, 31.554673495412004, 52.449181477934886, 25.606614500468684, 22.278966784035326, 32.467072332041454, 50.90803551786423, 95.71921542365932, 101.62138270601133, 90.06007581650064, 87.60094658378227, 79.65350406870391, 75.18135729810564, 32.177385320783166, 39.19524053546094, 70.17779867776567, 95.96655166267435, 82.58640588278581, 67.4655589568198, 104.33977159313945, 10.217630591020702, 36.87820871476071, 108.36334330622796, 78.46440587600485, 76.32329277454765, 34.69215971242172, 34.42931292436051, 89.41885445756998, 6.918330440172415, 115.20272024685165, 63.55236870235081, 24.2826247525409, 31.328874437355605, 82.26495203727664, 58.056409670126634, 47.643572174116755, 9.761498033789268, 92.98309634025745, 82.04756713120379, 65.78469409030016, 99.2423705107847, 54.98578577095541, 95.77651037686763, 73.23797227548249, 28.107544267791223, 77.8270107680455, 32.03516007824724, 66.00366187276371, 64.73100763260952], [84.32890116963796, 60.491062871774865, 61.83027187183269, 93.97260315610791, 116.71740299661126, 74.7896599640691, 38.19651050672772, 40.63779107349789, 84.47119515950506, 7.064443318468486, 62.05126066193425, 92.1672165619483, 98.54716394589208, 86.14906083745387, 82.6975191287469, 55.467477757903254, 70.94683963622691, 76.09901088048215, 0.0, 28.68562611120329, 70.97485473604624, 91.53631422267982, 97.0804675390575, 56.204761515827954, 55.049271832686365, 46.37150852404306, 45.35790521628013, 98.37096203918387, 67.82953435054453, 41.010529714440295, 102.55262312811573, 101.49004012958109, 67.21296406025378, 89.89169169784974, 59.189672443159964, 19.93091281667957, 57.557435788494246, 60.203057664487105, 66.49299987989635, 70.33920537323978, 80.86508649113023, 93.2082003428498, 88.11621384542903, 96.61037507752623, 36.8916257078814, 53.36729713661698, 50.429781175315604, 19.16422099566078, 83.00872550994704, 92.58379923393774, 22.816749518246258, 59.311722134102034, 73.95957568863373, 11.79107875296182, 79.74525552457303, 93.21661028262183, 72.9847622161968, 60.04638614590953, 38.948649141451085, 86.238837496637, 66.26634824028842, 100.09208254717049, 53.781030948705215, 18.23262114519574, 78.82649584460182, 47.78028325794819, 76.03427127531424, 94.94295285743655, 109.32037676798478], [81.98078560818787, 54.13845143057108, 63.45239532577404, 87.32814177277704, 98.15511803299212, 47.14980689334261, 38.29337246574292, 27.841466691989453, 75.13487651653077, 32.459758650304614, 40.39894069073035, 69.93816205166507, 77.25489863654784, 63.80567202754439, 54.059889200975036, 28.483757069305938, 43.66501780084795, 48.32352802273719, 28.68562611120329, 0.0, 71.5656098561108, 68.36917451134359, 78.9756650279367, 27.583809845255978, 26.590811971625744, 23.331058117289327, 35.68633775906242, 95.8527039902234, 78.57014851719062, 56.61850100501272, 95.52249076893115, 91.76265706755824, 65.59555462523309, 67.2017302983749, 42.46504318965857, 30.984444165962923, 69.50642958871515, 64.39814326360425, 61.49424965415848, 81.40836227188403, 52.33913819301111, 71.19472893386761, 94.41037476695017, 87.84408373402535, 45.853298974318925, 34.19019888716951, 30.56767707828186, 45.151604187855504, 55.154127316261494, 100.22103582599186, 26.46880470908026, 35.98243633935178, 53.282534256348285, 37.28541512651851, 67.576641441159, 74.44882459827524, 44.43501581834479, 69.52397041793432, 50.68607017987379, 75.46347356402016, 76.4613013289971, 82.0874224609548, 67.14486067588433, 32.78170170320188, 56.68204359577156, 53.705138618816854, 55.36325973908329, 82.00564320657283, 92.14497559734497], [14.441883707389275, 21.130698356350877, 9.155774763847573, 28.340327003328852, 71.89542722922113, 80.8431585409002, 34.369955238573034, 45.18718300344858, 27.796849529356997, 65.46750784433614, 54.95435330530199, 67.13386949364838, 67.7287150247508, 64.36793158566864, 95.96614933488617, 69.70929546336552, 76.84362001890537, 82.43959967914041, 70.97485473604624, 71.5656098561108, 0.0, 70.06716088229105, 57.07798954891311, 84.37710426117856, 77.36700601556241, 58.79014818880313, 37.32183587840033, 27.741082127030822, 26.141401993799878, 39.61039864784208, 36.02704727964182, 39.697018788251576, 7.266656483807503, 67.47597526080693, 43.33822354210827, 51.074583841706904, 28.423641490812834, 12.44555157152912, 15.151542828069495, 27.83055893699391, 92.4400556744677, 66.98575176989542, 25.94733143018993, 34.15464197110936, 34.869035664569395, 49.68382921019293, 51.71638939410036, 63.908907906411514, 87.04637694801089, 32.76572296201117, 49.94955520929223, 59.13904259479076, 54.40536333835328, 63.989617971991805, 33.005630970371996, 56.79118631133469, 87.85007865779944, 22.379952062881085, 35.34072293158596, 32.08178823981953, 24.306665869814132, 58.64108750518202, 32.10271545750847, 52.87778411119463, 60.48955271240703, 23.93512098433558, 54.99818270493308, 42.15996317490085, 62.594943715797484], [67.67095054101502, 52.451596165207384, 69.6393493764317, 59.619292728872686, 35.14430209099819, 31.079283346100752, 65.61743159449644, 52.6748587162153, 47.59415722865966, 91.32299800884233, 29.50754312231819, 4.406092204589198, 11.749875317782875, 6.175607393450604, 42.67746073674472, 41.45061491682726, 30.924956826640503, 31.554673495412004, 91.53631422267982, 68.36917451134359, 70.06716088229105, 0.0, 22.83820018418415, 54.05562168924272, 48.04955595243539, 45.74027305579646, 52.02227769735105, 74.63883791602063, 94.1662821647673, 91.41850981404357, 63.15187346109921, 53.8959066859893, 63.53512805591125, 2.5911856336214454, 35.58692105864131, 79.12151425912722, 91.57071896919274, 74.92578534253123, 55.493660817318585, 96.47467243038638, 39.565237289724266, 5.710526305315515, 94.24924179496081, 54.34352800841075, 78.07917410090316, 38.6064501694387, 41.20209686317611, 99.74953423593155, 30.339354283602113, 101.06226932646646, 72.7128413797413, 32.62706940938277, 19.02270466629735, 94.07208681706464, 38.38233308203073, 18.79312111472541, 41.307491985202006, 86.99072318915503, 83.26097545158767, 43.797117210252765, 91.91139538652153, 24.775264311911368, 92.90791991586265, 82.48091830610467, 12.996067660580307, 75.06246216579865, 17.33649502204305, 40.039821548459294, 33.745122347124216], [50.796113424219804, 44.868240842705696, 59.45584855341632, 39.78460931111092, 19.638302029769868, 51.61166222879681, 64.18444618919446, 56.44832288012953, 30.370231995507822, 95.20217417915002, 38.9637940744173, 18.432199460833523, 13.396861710446943, 21.404244563804994, 64.76051656650472, 56.32398952096898, 50.235060171494716, 52.449181477934886, 97.0804675390575, 78.9756650279367, 57.07798954891311, 22.83820018418415, 0.0, 71.34869734848783, 64.35503431189137, 55.73984698489163, 52.53015494478381, 54.895171919160994, 82.9702995561679, 86.83210410971614, 41.745505057772114, 32.0456270904263, 51.88129340459964, 21.164243785972126, 37.97659896004036, 81.07461059519822, 82.77055927195559, 65.0907247329703, 44.804694548748024, 84.84757150532505, 61.44884124722403, 17.203863806419744, 78.33113903625261, 33.53918115402935, 74.96981915737558, 45.06993277162727, 48.58502083400913, 101.08222071479773, 52.49980565242754, 84.84523678321617, 75.50303952663626, 44.24582806340719, 26.262339903611934, 96.83836185765712, 24.38835773752944, 4.953474019526493, 61.8998347724778, 77.35123603018134, 79.24695598395694, 25.98184728050238, 80.94673335358814, 3.111776958508093, 85.12994216850419, 84.32815692820321, 25.4839162221719, 68.92741256000853, 24.34288934726734, 18.880810184632093, 13.365264268251932], [91.25161309483671, 63.78367699761563, 78.04402314384811, 92.09611727805603, 88.28429274219343, 25.086361093615185, 56.65049788055928, 40.396793828340044, 78.48320959887889, 59.968876116638505, 35.0387433675566, 57.07120342062771, 65.12256312811826, 51.541293193319326, 27.252844442441138, 16.19394546408532, 23.511757006878867, 25.606614500468684, 56.204761515827954, 27.583809845255978, 84.37710426117856, 54.05562168924272, 71.34869734848783, 0.0, 7.5550754647807805, 25.60473465557189, 47.542216695037304, 103.79581997067032, 97.86978901786794, 80.12183823016623, 99.20754058052054, 92.97578319931709, 77.38008061817769, 53.87414105317229, 43.97453173710625, 56.12270766988154, 90.16746199120585, 80.70198831842059, 71.00789257376996, 100.73105246144033, 26.211616774090455, 58.54310232944348, 109.66331512834277, 90.41939888568197, 67.4948717778298, 35.676308109858404, 32.97533600779816, 72.46625027579347, 31.49828980988023, 116.13640053376443, 50.26313267898091, 29.24014136087763, 45.78428984324569, 64.68767582307021, 68.88291260466559, 66.40191701770605, 18.533103489135716, 88.72733275835856, 73.00194321261635, 77.23380987833767, 95.56588577820524, 74.27805547550723, 88.76001059652089, 58.56274638882932, 45.951027713087534, 72.52504725427474, 47.42000788403127, 80.58482638288626, 84.55216925289004], [83.89523083135224, 56.61143917695742, 71.30462046189416, 84.55326249061497, 81.70619061231615, 21.337167420727514, 50.89292449685537, 34.1522996245146, 70.93182189931593, 58.01208745185205, 27.517419245395715, 50.78556832555534, 58.77806313926876, 45.062168743035976, 27.7832233512378, 8.645205682442855, 18.66817034782544, 22.278966784035326, 55.049271832686365, 26.590811971625744, 77.36700601556241, 48.04955595243539, 64.35503431189137, 7.5550754647807805, 0.0, 18.861605739704892, 40.91020709825763, 96.33587987608631, 91.78912403073458, 75.34216904499849, 91.65253981749242, 85.44445841355656, 70.30493155506161, 47.64364793114445, 36.47156433002679, 52.38461398442348, 84.45456088508436, 74.19728661782835, 63.765031543525396, 94.63737497786383, 25.81633674321612, 52.231326347105856, 102.82954300531428, 82.86635217550361, 62.305862907355866, 28.28537324869292, 25.740259292597298, 70.0205406757013, 28.904072454731466, 109.37072374894186, 46.16501555976998, 21.70919010246178, 38.53702566776126, 62.45517236984096, 61.32945722920083, 59.42441690808058, 17.95004408477396, 82.6926341890523, 67.92404692324087, 69.68131216428351, 89.45954816238677, 67.32589466068929, 83.30783535708902, 55.083072288493064, 39.1170039946933, 66.57757815306853, 40.23971565023158, 73.12304124656336, 77.63042970167446], [66.19425630748206, 38.37399597376246, 52.48765332424384, 68.51093924844967, 74.83601798483286, 30.906774670002527, 32.621299973308645, 15.52609508738627, 55.344705172967096, 47.200728031420404, 17.08020948806686, 46.9517152664674, 54.072464360998914, 40.818906835587946, 42.993764491451216, 12.756092889038062, 26.568303154980164, 32.467072332041454, 46.37150852404306, 23.331058117289327, 58.79014818880313, 45.74027305579646, 55.73984698489163, 25.60473465557189, 18.861605739704892, 0.0, 22.0501188582812, 79.18495827076013, 73.0657639898807, 58.1820935156634, 76.1746609090514, 71.13315721387099, 51.833970432492016, 44.3598387580176, 20.76003837586607, 37.80557425816796, 66.03201631942062, 55.33640784202374, 45.7059013870475, 75.90370042467671, 40.09787985927595, 48.15155727922139, 84.0730216972502, 67.82561396400884, 44.679156176117125, 11.907911168528107, 8.405089430089474, 57.521405761715826, 39.185659275270325, 90.57323953675558, 31.144710950195414, 13.123869365747833, 29.95279174164558, 50.75515642559289, 46.62049387932823, 51.1596502697726, 33.25264513767073, 64.00994837564915, 50.39298450712883, 54.87193409030166, 70.72375711297559, 58.85045788952578, 65.16505257347565, 40.93647635722918, 33.585030395345264, 48.00038977196384, 32.035954676476365, 60.189397970236485, 68.97809500013432], [46.46238104443407, 18.458933113898034, 30.512740769492435, 51.91517192275031, 72.0433753222431, 49.25102001245981, 13.793327241339526, 8.017592431443674, 40.46750526297122, 42.80984046776193, 25.23637276762182, 51.31030970965967, 56.25054086076011, 45.94748946079705, 63.19414296635821, 34.11509703924997, 44.84887824942257, 50.90803551786423, 45.35790521628013, 35.68633775906242, 37.32183587840033, 52.02227769735105, 52.53015494478381, 47.542216695037304, 40.91020709825763, 22.0501188582812, 0.0, 60.21567506848955, 51.38389327293656, 40.37179252669366, 60.266409558988094, 57.481764704476085, 30.70005861194645, 49.82887287019361, 16.44960901534683, 28.560300839751562, 45.09937801228529, 33.30009098178128, 25.85374595444267, 54.189837079143054, 59.95411258061914, 52.011982992753104, 62.170736066886654, 53.09159553592684, 26.613867834514885, 16.361843988722292, 16.62962057443678, 48.81979474547593, 56.876701683543054, 68.60150149376119, 23.065162100753668, 26.735617144500058, 33.01002319778115, 44.30850103458475, 34.55711200933785, 49.12990308884722, 53.972538110422725, 42.465163565183154, 32.14672939922921, 41.567719470398735, 49.01945728242273, 55.43436237767975, 44.891700243374906, 31.840643996889185, 39.170439421508746, 26.935908940553222, 34.80446363143323, 49.72750139530107, 64.25015543501495], [14.147081688750557, 41.771111496607226, 36.8294981621147, 15.15070905974314, 62.69552713116168, 94.30618978961455, 60.841253021761524, 68.18490334137265, 27.647892123585216, 93.0656000724191, 70.21721816964099, 70.67328406516667, 68.03024839342505, 70.28541171122386, 109.53464679881083, 87.92139212576708, 91.0006094784223, 95.71921542365932, 98.37096203918387, 95.8527039902234, 27.741082127030822, 74.63883791602063, 54.895171919160994, 103.79581997067032, 96.33587987608631, 79.18495827076013, 60.21567506848955, 0.0, 46.24896264862857, 66.53086189633537, 15.760656777325403, 24.921009287301423, 31.30956029409018, 72.23944464058368, 59.90203245200069, 78.44038257727176, 52.70071364523925, 39.819339312469054, 34.36511236900933, 46.42079962317807, 105.92229131607365, 69.95062406601699, 29.581531991796567, 21.592100347386634, 62.60134282320474, 68.14839924652198, 71.0814098503088, 91.58935628126663, 98.75927617773688, 34.40047538262284, 76.69230193486739, 75.54676620937732, 64.59526565552504, 91.7110880820597, 37.83161533744689, 56.99778738721906, 103.03453551882305, 46.85232056013204, 62.952251336697984, 30.956930754596424, 45.480354998334235, 54.99461196171038, 57.06389377301921, 80.41464784750218, 69.19386711025895, 51.674220837560114, 64.2696049536474, 36.05218786822436, 54.149650916805896], [37.388184707083454, 41.98761331078644, 24.532134056247276, 52.5730426172673, 98.02523883733292, 99.96808882286042, 41.37279799632337, 57.636917815666415, 53.92954997364418, 61.04749765222828, 74.44705149666989, 91.64912899261545, 93.03760319660111, 88.2012020501502, 114.38367862004391, 85.45230310047803, 95.66104849506168, 101.62138270601133, 67.82953435054453, 78