instance_id,num_cities,city_coordinates,distance_matrix,best_route,total_distance
2047,84,"[[96.55072533551163, 63.18499471998095], [55.78481305640343, 65.88672829469817], [22.188782896283175, 93.90132534755531], [53.8706931085689, 39.13310495682176], [72.19700231292862, 72.10130882433691], [34.98922816916489, 47.04825962294493], [53.856523671384274, 10.720533850970938], [59.596850633741575, 96.32729816197761], [19.08547200105357, 19.80394556982511], [97.26387958774679, 26.34376441904903], [51.1097182057964, 83.23571952585654], [10.931778444664907, 32.845898275939156], [51.86048622250743, 16.421673556230477], [76.09263951717328, 79.23255520020174], [79.37033043724104, 22.28666635949219], [7.198954947429803, 58.81808928697053], [66.03901672848973, 44.743694907439526], [52.57224045271879, 43.97895729908944], [24.370680925166035, 78.69645014747118], [56.33388482264273, 54.72032671615891], [22.683173185368787, 26.247727686621346], [17.654745996394926, 7.916041871588386], [98.87761143501992, 42.68100453935697], [65.97709077367425, 54.37034842098256], [47.21584993810543, 68.60675638969909], [21.458688875005638, 36.9366585863703], [66.3361573750757, 82.567784107724], [76.80490874258845, 88.7629660875737], [10.282696925074198, 40.63204254897859], [52.67763005249924, 32.95885741636049], [41.166276814878685, 46.48323987376821], [80.83829277139144, 84.71375943681886], [20.884480844548627, 32.71754856869718], [3.9035689937613416, 10.686147722678818], [51.304506721531986, 8.538971344750589], [53.99881398856235, 22.466940535584577], [15.686523433747935, 19.53006112238731], [68.297184690488, 50.21614547588006], [56.8109076600225, 19.456087315729654], [9.040355107680186, 97.1875997469742], [79.7450221140526, 96.06876400897471], [67.96759768630577, 11.179488871192023], [39.594257799986934, 41.75424477486324], [57.925026923032604, 64.60078372251505], [20.429446042286624, 65.04276148120736], [89.2058588254691, 19.902925361118516], [30.30331323066051, 16.77830046128015], [81.70190367716852, 65.62885160000657], [73.91776487732265, 81.55209415252787], [58.79544199852255, 17.761373642881516], [18.264605647415134, 16.35099048172367], [54.78600336588425, 65.21815527748711], [58.07518913331526, 18.361675618424545], [82.80766675198444, 67.72977201326691], [47.08744046766974, 54.09508664434938], [40.09304016732037, 65.88440541028456], [26.195420837723336, 93.05486830251375], [17.649636166054307, 51.397781799461875], [64.91156049263272, 83.49033778278337], [45.05923326433398, 78.5717957130438], [59.58251764351942, 97.27196360682296], [63.090980299173225, 64.5878547663923], [1.116286570756897, 86.99529328235643], [27.332731413746348, 38.583537621638186], [90.51271000227187, 6.570648448811478], [80.26720379505635, 39.91696120613253], [11.906087339570304, 13.59246061197833], [80.80565415306631, 56.609827559497184], [63.0878801855189, 62.78076126965202], [7.52563199012366, 69.64512648525097], [19.6885678808819, 51.30346777116082], [28.681172809519538, 95.35212555177694], [12.4213772534019, 41.15745253457179], [49.28057305149004, 59.88229403841149], [2.6631887905180562, 97.25936515900422], [3.3832496285284175, 58.66776754812629], [60.005154899150746, 12.490796090086286], [67.86280620522568, 27.119965321772487], [8.266544752131521, 45.380338074544156], [32.95442797888727, 59.709801034890276], [95.9461232225726, 60.779255790878274], [51.5677925853345, 92.00316536493955], [32.11800694262028, 68.02946242275819], [34.603012827957926, 27.446069341202485]]","[[0.0, 40.85534197943641, 80.45614613289398, 48.99059656783159, 25.93461937773961, 63.64127711598842, 67.64107117730364, 49.63870599557874, 88.785026325051, 36.8481320974861, 49.66806513448843, 90.83537218362954, 64.68404500525276, 26.001105221063987, 44.360333988180045, 89.45841902551908, 35.65173068584265, 47.98936346732184, 73.8279355024809, 41.097991012365334, 82.58799523264739, 96.32877402332167, 20.635600603016368, 31.81894278094769, 49.631899319699826, 79.54740152619048, 35.89725116893222, 32.31299881166641, 89.16730554105334, 53.277273447593025, 57.84795374840524, 26.65273433092728, 81.56988310858098, 106.48767306246701, 70.94651626112632, 58.89503456015685, 91.89544263248048, 31.087837005752245, 59.0886660168488, 93.8841948681131, 36.92931008588608, 59.34279926662725, 60.85487850070396, 38.651636916843266, 76.14394564623167, 43.90084955938464, 80.88449098937637, 15.048586016344794, 29.147920005842806, 59.06578342502736, 91.22576658383348, 41.814181123787115, 59.07196307324207, 14.475035746962007, 50.29157960077123, 56.5221817751715, 76.43348885673741, 79.7766899574074, 37.59446380589785, 53.741300696171, 50.28488667433594, 33.48914084007814, 98.35986183384551, 73.45993720331603, 56.935418088184086, 28.399902418143, 98.10267162884686, 17.062827717836633, 33.46528664474214, 89.2591762654109, 77.775072685378, 75.1065940249475, 86.96527941340015, 47.38538940165662, 99.87958870211314, 93.27692035510954, 62.49384364276395, 46.083435739096835, 90.06165854313791, 63.691176850652404, 2.4805490339782503, 53.42238480383398, 64.61458091499853, 71.51775913819183], [40.85534197943641, 0.0, 43.743695437784645, 26.822009933628454, 17.549386523504623, 28.059655249111174, 55.199885048390264, 30.678329881787224, 58.91064842254537, 57.30758197989601, 17.967860434703468, 55.70898636854148, 49.62047945535031, 24.300594876512946, 49.57057626128216, 49.097365159516315, 23.498437262153455, 22.142065231815675, 33.92545757251112, 11.179892844642355, 51.64270453179989, 69.3866161328485, 48.94379314182033, 15.378866358145432, 8.990310437373433, 44.90422404889973, 19.737996098096183, 31.067131798937616, 52.04076983043221, 33.074148013217666, 24.29396971978716, 31.339016376646185, 48.14797682347188, 75.75465385687824, 57.52250317957791, 43.456504250995614, 61.292849680747956, 20.05309476841122, 46.441977691022664, 56.25645654137722, 38.53630623119084, 56.04732185108768, 29.060468687655067, 2.4968317599788428, 35.36543873169359, 56.84607666789565, 55.32580336189762, 25.918373533742713, 23.962629847315053, 48.21943225495564, 62.14141360388619, 1.2019195801790243, 47.580210744134725, 27.085631467649634, 14.652204706374281, 15.691773061013665, 40.17013770644999, 40.79486839052233, 19.828882615359877, 16.61171265354726, 31.614167009877814, 7.420724507880356, 58.60221244927556, 39.43330027692197, 68.73444663752277, 35.69056260294065, 68.26443439306466, 26.685265155797627, 7.9361086593519445, 48.405310805186716, 38.930841286423856, 40.03519639204944, 49.91918112570968, 8.852026252761839, 61.69399734549153, 52.89647666854715, 53.56245757309081, 40.60467743871388, 51.75420623000608, 23.651234918300368, 40.48477627010577, 26.454707461948853, 23.763607074073505, 43.890237202557266], [80.45614613289398, 43.743695437784645, 0.0, 63.27164767466781, 54.55330172992236, 48.57016745882908, 89.0049991843, 37.48664930273966, 74.16233699417535, 100.99650579025717, 30.824919249219512, 62.08450148081398, 82.96689954424242, 55.86410812177502, 91.64272344903002, 38.15138784394274, 65.87348205178006, 58.44140077590723, 15.360628530713722, 51.97151757756329, 67.65540405780955, 86.10474124606576, 92.22091783504716, 58.99249141657281, 35.583272804501966, 56.969345234895954, 45.57894064593537, 54.8573052413632, 54.58361817458203, 68.14362918468471, 51.07465227908761, 59.364773864258495, 61.19767760926307, 85.20043916906019, 90.19122382343147, 78.19686318233286, 74.65496849217662, 63.51676673474848, 82.10228370009638, 13.55288724738693, 57.597035194913595, 94.54418074953837, 54.9751632001061, 46.21256189241299, 28.912142338365623, 99.83512241015664, 77.5487367412039, 65.8873608280532, 53.1826201677103, 84.48277774918165, 77.6495563727389, 43.42007631974218, 83.63057355901047, 66.02726167152855, 46.95188801905388, 33.249213993701076, 4.095074739597355, 42.74523443827654, 43.97299611831087, 27.53274375816624, 37.5453405980223, 50.32165845734514, 22.17528760297989, 55.55643837792285, 110.88194687494105, 79.29321878854955, 80.96448346669818, 69.47368856776667, 51.392856192288576, 28.343803163027737, 42.67116761024976, 6.652514413217213, 53.64064067761282, 43.48861442982832, 19.81225016393558, 39.93809806050279, 89.76498351495691, 80.90652910685915, 50.47885617652387, 35.84633103775283, 80.85305648969266, 29.440265311796622, 27.71178055199361, 67.60483825634363], [48.99059656783159, 26.822009933628454, 63.27164767466781, 0.0, 37.719438957967554, 20.473382516003415, 28.412574639021702, 57.48012366367862, 39.79482391098936, 45.23865453578193, 44.188953305533026, 43.39676670400877, 22.800220349560938, 45.845183084029586, 30.561969787751, 50.653230410904, 13.399508174298642, 5.016798204287804, 49.35087640047946, 15.780646235025847, 33.744545431156745, 47.81317656147961, 45.14654237803362, 19.461203786296963, 30.21560964816391, 32.48634166992018, 45.18804213861649, 54.672674734326186, 43.61376187853473, 6.2884602365484, 14.677420640585893, 52.96081093033929, 33.60430870135863, 57.497329226545304, 30.701568755460634, 16.66665687759853, 42.92214045606621, 18.19223588540646, 19.895473979185052, 73.34905296330528, 62.539189099212194, 31.306985976561148, 14.515060422397434, 25.78837498547841, 42.30398688728723, 40.229016188862985, 32.48320609705158, 38.426564664221154, 46.91754182485476, 21.93180455376059, 42.27077245861264, 26.101104250563623, 21.192688918165544, 40.68313914113439, 16.427824335808356, 30.09079255388487, 60.60921759579351, 38.241172368107094, 45.710664582447826, 40.4110399909663, 58.41876260794029, 27.073196777348873, 71.23072708084403, 26.543651504112425, 49.019903874594405, 26.408146603679505, 49.12588575178317, 32.10806688979359, 25.380468606809345, 55.48736926385817, 36.28409315545757, 61.604303498637286, 41.49872007637032, 21.250836446642754, 77.46528657130894, 54.13487777492801, 27.339426534048595, 18.441658081659195, 46.03005832000561, 29.340936734609137, 47.31699129497917, 52.9201912163773, 36.168754889177926, 22.53509052292887], [25.93461937773961, 17.549386523504623, 54.55330172992236, 37.719438957967554, 0.0, 44.85614485241348, 64.06225638495677, 27.306819326424687, 74.5375667394877, 52.17375974867719, 23.846355123687687, 72.76273024668417, 59.277277858259666, 8.125925430397482, 50.32847345468927, 66.3414657857776, 28.042108082028616, 34.29282626701298, 48.27890747063017, 23.53161778449195, 67.48459215277408, 84.2294854424153, 39.7166112268737, 18.790270258340342, 25.224390392882984, 61.73272290190545, 11.995691236577777, 17.287094157841327, 69.4528324229466, 43.73942610125349, 40.23917719948332, 15.288747863700836, 64.68427499258738, 91.84669317761073, 66.90790026525531, 52.865343786951804, 77.18270731254552, 22.229911207131202, 54.847527349539746, 67.95648665479558, 25.12790303518742, 61.068453475580185, 44.54080428325253, 16.122876862795216, 52.24655943532824, 54.89965788634189, 69.39536324035345, 11.499384873318899, 9.606162976057062, 55.96811926789606, 77.56804371253027, 18.722197709763968, 55.56414117563504, 11.47591102827065, 30.898448719247305, 32.700371152424296, 50.54895798159884, 58.34424722996176, 13.519898044484231, 27.898489376878253, 28.154699175339235, 11.805576173818972, 72.62436866131881, 56.00217665155233, 68.04213839536443, 33.18072307186139, 84.01356882945478, 17.722722090118843, 13.032601914092515, 64.71799572848509, 56.47730410508035, 49.33789513003948, 67.31008537610656, 25.97050350750217, 73.94510816482493, 70.11271346716977, 60.84450979177249, 45.1896727051184, 69.29006914229599, 41.1525103202548, 26.30987702125076, 28.664406286329946, 40.285305050492624, 58.372925733529705], [63.64127711598842, 28.059655249111174, 48.57016745882908, 20.473382516003415, 44.85614485241348, 0.0, 40.935052208734405, 55.08138272311805, 31.546507072570822, 65.62627774721062, 39.615684434904956, 27.93685657116362, 34.96608531712327, 52.20459085413674, 50.821439761916444, 30.179930020774783, 31.135195327903954, 17.848891778450337, 33.38205369730491, 22.68160005682211, 24.16818400497295, 42.79970488610481, 64.03747678734625, 31.841177948723846, 24.784250295760007, 16.891417025035075, 47.37369090819506, 59.06494626467321, 25.526075445620048, 22.613951793643956, 6.202836229377201, 59.336553667432355, 20.10754028745456, 47.8384927460808, 41.82288366354485, 31.074195099787598, 33.613176862932484, 33.45826457549131, 35.17831247278319, 56.45615503409825, 66.37839213100911, 48.72516363493192, 7.016615360161797, 28.881516004945265, 23.147124069939526, 60.63260024036897, 30.630511364646726, 50.27238259058436, 52.018704015798264, 37.74198600098218, 34.957621933186395, 26.871126070308136, 36.82229888921494, 52.09921326901134, 14.00087539724891, 19.515360233273384, 46.83950351548886, 17.876794846905558, 47.152635475483464, 33.09287431216118, 55.92182337003688, 33.12621123177944, 52.375009982961465, 11.413740014786613, 68.71167325306301, 45.836126514884, 40.64630214448899, 46.80350917766339, 32.20319631961704, 35.564975848132285, 15.881341304879854, 48.71401262563912, 23.324011299699965, 19.208200798693802, 59.717065743915356, 33.674186611327755, 42.66163236427875, 38.44228201664309, 26.77468526983295, 12.824002602181611, 62.48426450168043, 47.91442735098381, 21.17675098447946, 19.60599464784742], [67.64107117730364, 55.199885048390264, 89.0049991843, 28.412574639021702, 64.06225638495677, 40.935052208734405, 0.0, 85.79900610983213, 35.9379242961391, 46.133327226996116, 72.56719020141897, 48.29146408752189, 6.040460200697096, 72.03014589229156, 28.013028342008127, 67.00972733976454, 36.1384646237333, 33.28321068707321, 74.09547974609193, 44.06948026075654, 34.82630512893698, 36.31024486411208, 55.21204605920854, 45.30137369746653, 58.26588459325936, 41.67619099240549, 72.92303221091957, 81.34647876079825, 52.85240514781172, 22.269549280656943, 37.947509896593616, 78.75921086682041, 39.63614845903357, 49.95296651281553, 3.357380747082431, 11.7472684712106, 39.17341814147684, 42.052776701358475, 9.221620198640798, 97.3911826059942, 89.18819844979281, 14.118535673545564, 34.15411309775351, 54.03363808710924, 63.78302229851563, 36.52248361874432, 24.319750376391532, 61.565319342106804, 73.61768356499637, 8.600368551259518, 36.0345205392791, 54.50554718237734, 8.728355274048683, 63.93920488650736, 43.89957081161938, 56.85495759895604, 86.85665915491383, 54.45711343329381, 73.60474307674461, 68.4191936139382, 86.7406306165174, 54.653119323744974, 92.73279644088235, 38.468929473674606, 36.890344877431104, 39.36947288064898, 42.04862746571126, 53.21731777143706, 52.87234836827138, 74.95771568755649, 53.051142574615895, 88.29668512934066, 51.412813360404314, 49.37426443809695, 100.54713750467864, 69.61672652326348, 6.398397797128803, 21.566578379133468, 57.26908595982945, 53.26204937435038, 65.40191153656254, 81.31484781895526, 61.29336345488771, 25.503749081908154], [49.63870599557874, 30.678329881787224, 37.48664930273966, 57.48012366367862, 27.306819326424687, 55.08138272311805, 85.79900610983213, 0.0, 86.58519094316246, 79.47641200613859, 15.601950135647153, 79.98860783048525, 80.27926368582358, 23.75586849214178, 76.63553784798941, 64.43974102044886, 51.98432098925516, 52.81755332550398, 39.392002158407614, 41.734721980355545, 79.20710688298702, 97.85545656862995, 66.48987132316977, 42.43928717369782, 30.359802607625454, 70.58163678702273, 15.321308115268563, 18.79724404292572, 74.38983300021161, 63.745077425497534, 53.142414302804966, 24.208947639414006, 74.46373491851627, 102.15746800110489, 88.17909782327453, 74.07219750337805, 88.46430043653497, 46.924771866675954, 76.92167792775403, 50.56381471659167, 20.14983012107764, 85.55827740924899, 58.123333318606285, 31.77053214847235, 50.12791455627479, 81.95961276203346, 84.77118831756034, 37.82893061363102, 20.576570129466745, 78.57001178147364, 90.02535346099093, 31.478929817296773, 77.98047032639435, 36.831514857538444, 44.045942291801545, 36.15478311096841, 33.561351426953074, 61.467310354103844, 13.893656561942123, 22.947770828413724, 0.9447741726431679, 31.93119492252699, 59.2204583585616, 66.14616595375824, 94.9317993520967, 60.07819583913499, 95.49587555494449, 45.025446336268764, 33.72769521920441, 58.50940177798586, 60.164909501662464, 30.93105392563887, 72.58951133056983, 37.876957490284475, 56.941290815764546, 67.66246510458296, 83.8374963368026, 69.69921764528411, 72.32145631864853, 45.284211164291506, 50.842235731275785, 9.1194241918616, 39.444319719383174, 73.27561403442348], [88.785026325051, 58.91064842254537, 74.16233699417535, 39.79482391098936, 74.5375667394877, 31.546507072570822, 35.9379242961391, 86.58519094316246, 0.0, 78.45146680191388, 71.0573169504102, 15.3810028606723, 32.94907162865819, 82.35032963389175, 60.33595991770254, 40.78471156754902, 53.16602730592522, 41.30126939266526, 59.129185084859586, 51.05485216983379, 7.380093615962204, 11.973689124031775, 83.00689936713071, 58.255129535391966, 56.329676963406975, 17.29630057665823, 78.5616108307758, 89.92708095188745, 22.61190997707416, 36.076097186966095, 34.63158508908671, 89.59182333975151, 13.038311824444573, 17.70944427429202, 34.131595957572614, 35.01475390352477, 3.4099654035983042, 57.85062289166202, 37.727039388533356, 78.03290528495103, 97.44692684465679, 49.63711781374286, 30.04040495960779, 59.28969332873735, 45.258775185453715, 70.12045668280227, 11.618712931109512, 77.59342451860552, 82.5797444623104, 39.7624674445214, 3.5491858800267546, 57.76658535089954, 39.01638354161612, 79.73332392521, 44.271803602273664, 50.64313082115424, 73.59517004294769, 31.62644640566146, 78.46009775383149, 64.25182086616452, 87.41455556341053, 62.78601184581047, 69.55263354075583, 20.51073780859115, 72.64275931691824, 64.4029324122717, 9.49347720801488, 71.86135146179272, 61.5078744042516, 51.16417903301593, 31.505295166887535, 76.15513753248024, 22.3692292781661, 50.17985794535004, 79.17722784729729, 41.91606429756157, 41.56804787085666, 49.32294067750201, 27.770506663957658, 42.24719209975688, 87.10072189085196, 79.16961847554428, 49.9554545844164, 17.297286754045984], [36.8481320974861, 57.30758197989601, 100.99650579025717, 45.23865453578193, 52.17375974867719, 65.62627774721062, 46.133327226996116, 79.47641200613859, 78.45146680191388, 0.0, 73.25913710074751, 86.57661019277802, 46.47489662353956, 56.96881248910145, 18.347728629626744, 95.74065189924958, 36.24292348248156, 48.04521450146512, 89.7453180630689, 49.80455560762693, 74.58076823505965, 81.71410593925566, 16.416745878020496, 42.00419699403633, 65.50546360512695, 76.54172944110374, 64.16902984475189, 65.68657568315608, 88.14692864368807, 45.07430646146917, 59.60318371071914, 60.63708618194068, 76.6448803036365, 94.66418834393438, 49.287671994874614, 43.4384123181906, 81.86141697827684, 37.536115816549575, 41.035143885026635, 113.14698085081675, 71.89218271132646, 32.98829165234287, 59.69311670486139, 54.873899578596216, 86.02989336195107, 10.315818260102375, 67.6403396472041, 42.25509636785665, 59.94164448889274, 39.41418681123442, 79.62876875892313, 57.58114476922536, 39.99333945989391, 43.838153635178564, 57.33943606300333, 69.51235264349754, 97.47357185644837, 83.4633544887008, 65.66889216401289, 73.8450563721033, 80.31621553579578, 51.28740091175167, 113.6792311568711, 70.99420774249703, 20.89388441492641, 21.751290973703675, 86.3049734735089, 34.45152772346036, 49.95651783933637, 99.63915414474685, 81.49181417690164, 97.29204271292329, 86.12604459707468, 58.542554395766096, 118.22991638169084, 99.28954557166774, 39.75068926375794, 29.411317615601305, 91.01053095320184, 72.44996870725275, 34.460695696072115, 79.9955580010868, 77.34133526615301, 62.670561663586646], [49.66806513448843, 17.967860434703468, 30.824919249219512, 44.188953305533026, 23.846355123687687, 39.615684434904956, 72.56719020141897, 15.601950135647153, 71.0573169504102, 73.25913710074751, 0.0, 64.44688455656903, 66.81826390625712, 25.301614214682914, 67.18220959132252, 50.24316666388851, 41.28583187492429, 39.28399612885216, 27.121598057350667, 28.98999040931071, 63.684375443802026, 82.41534449042051, 62.66144373691617, 32.469191799214535, 15.138321324545347, 54.97987435647406, 15.241082228587276, 26.2829463964005, 59.00778727089081, 50.30130426873951, 38.07383336717991, 29.765294348965238, 58.869776374643614, 86.55553646216605, 74.69700215803454, 60.83741755211602, 72.89179405446123, 37.22500872537543, 64.03393667464178, 44.32252557318407, 31.37941459976401, 74.00194914147595, 43.05018671126828, 19.84210838862379, 35.66879339761015, 73.90777189732451, 69.63831586644008, 35.29707650887189, 22.870102478306386, 65.92389793558574, 74.51421608176392, 18.388792620028163, 65.2469107172556, 35.28731146318701, 29.416920351005565, 20.553230805415666, 26.77943046524517, 46.18691772326939, 13.804190703096783, 7.63940791937341, 16.395257796458843, 22.165141583970467, 50.134594857023934, 50.58816511514059, 86.19819537415782, 52.21756206728307, 79.91938554093613, 39.88466791623816, 23.7040435722587, 45.65388034384976, 44.79907800241141, 25.492095707842697, 57.16089816158043, 23.42494939147512, 50.435392823190455, 53.67867423136499, 71.30198444572541, 58.56316100937345, 57.17138634321526, 29.716719268231653, 50.14574736015795, 8.779404232545806, 24.32931054899377, 58.18037805099612], [90.83537218362954, 55.70898636854148, 62.08450148081398, 43.39676670400877, 72.76273024668417, 27.93685657116362, 48.29146408752189, 79.98860783048525, 15.3810028606723, 86.57661019277802, 64.44688455656903, 0.0, 44.101182274486895, 79.98537213966048, 69.24834133396884, 26.23906776497613, 56.37699243445671, 43.1030518578108, 47.77946427916986, 50.39684397999054, 13.477059526379682, 25.82045764588931, 88.49406113169479, 59.10404692950092, 50.94480166978347, 11.29381083274442, 74.44401342843891, 86.40594752618682, 7.8131523381832855, 41.746004434325556, 33.167785237400736, 87.0470893638444, 9.95352996217926, 23.247586383719323, 47.12519374343073, 44.30002612093351, 14.139275759780693, 59.93759522649681, 47.793111795630395, 64.36949611755155, 93.44727527220881, 61.01244113342167, 30.0149356177746, 56.71629529751362, 33.56849251982679, 79.33695360507848, 25.167917265810306, 77.99443989203478, 79.62115299129732, 50.18439171896181, 18.051380499149214, 54.50831190575586, 49.31829150884297, 79.8938543749649, 41.93757149189655, 44.06724564711757, 62.11359634382901, 19.73073730591903, 74.01807970292468, 57.05734719470549, 80.73173055629532, 61.0584485549802, 55.0318167998092, 17.375608293102573, 83.80640441550095, 69.69505821421241, 19.27807406622137, 73.80435516625747, 60.136136983137455, 36.956528928875265, 20.429469716592713, 64.97745338636949, 8.443982401994033, 46.921175855060284, 64.94200713532332, 26.902587607848528, 53.12745487636498, 57.218250847691536, 12.8146654931242, 34.73710356304287, 89.48581608318922, 71.76954712606195, 41.06993382075148, 24.27932226717239], [64.68404500525276, 49.62047945535031, 82.96689954424242, 22.800220349560938, 59.277277858259666, 34.96608531712327, 6.040460200697096, 80.27926368582358, 32.94907162865819, 46.47489662353956, 66.81826390625712, 44.101182274486895, 0.0, 67.32313202896276, 28.128093950732314, 61.580097780439424, 31.67282148352767, 27.566473865343433, 68.07229388506516, 38.55902136854861, 30.787447699355532, 35.2473890489931, 53.85315707486855, 40.48926336752361, 52.391368721864524, 36.67606702940527, 67.71154256408356, 76.52115276161031, 48.112935159131304, 16.557360117562165, 31.907113381155845, 74.18572818478096, 35.00097786630067, 48.298676655495875, 7.902284945531566, 6.412308358676339, 36.30726727673118, 37.57966722651092, 5.8064050214264835, 91.41497941880019, 84.38724050159772, 16.938699477211212, 28.146039228647265, 48.55929684749679, 57.89577253840723, 37.50727888001308, 21.560122684015965, 57.54873210362876, 68.76405477214652, 7.063172653804961, 33.59595493080805, 48.88410047171907, 6.510463905968648, 59.91868615049053, 37.974570695214226, 50.84323582471708, 80.81671929883706, 48.92555987852728, 68.32668776355563, 62.52115422725241, 81.21821944940699, 49.45811368801049, 86.92300960933505, 33.05690510033134, 39.88780639227967, 36.86421225251123, 40.05444339871385, 49.52686613060164, 47.699259835152354, 69.26987253845915, 47.45283866570016, 82.26358138641172, 46.55429172420446, 43.53712765750815, 94.63142426423046, 64.30221555561452, 9.043640058413144, 19.249095862662426, 52.335800209864, 47.23664910765644, 62.539095703448226, 75.58205854298491, 55.255129714885975, 20.47822478603291], [26.001105221063987, 24.300594876512946, 55.86410812177502, 45.845183084029586, 8.125925430397482, 52.20459085413674, 72.03014589229156, 23.75586849214178, 82.35032963389175, 56.96881248910145, 25.301614214682914, 79.98537213966048, 67.32313202896276, 0.0, 57.040139495148004, 71.85464628065321, 35.924320668188116, 42.379539132988484, 51.72473691785078, 31.484245779954044, 75.23272586110399, 92.20104377118578, 43.07169373276795, 26.841267710649536, 30.76973475275732, 69.09277410220788, 10.310804801500273, 9.556990066522589, 76.29513825213645, 51.86056088031685, 47.87868488129566, 7.250160321867427, 72.19131960250218, 99.54833941914227, 74.91351230467072, 60.91364489784288, 84.93107004739623, 30.045318258334373, 62.80932491401565, 69.41464160541445, 17.227821269289723, 68.53638553012512, 52.31400979003119, 23.32704190303659, 57.443375193404826, 60.761513291475026, 77.44156724115828, 14.71477475391894, 3.1796761864101173, 63.858430955138914, 85.42934321815919, 25.502473395284635, 63.48143428904238, 13.319369797775206, 38.38220808262323, 38.39458628718373, 51.776334086561164, 64.73298425817737, 11.964332019530236, 31.04043986082727, 24.454128075721286, 19.583421386903375, 75.37714244834262, 63.48126706641109, 74.07895197384305, 39.53660225685395, 91.80705581816174, 23.108446786048603, 20.971058361645092, 69.23404733639904, 62.940076436010955, 50.07681822650418, 74.18721642749658, 33.0653824292069, 75.60985459124404, 75.56166931158897, 68.6532560804496, 52.758432313515634, 75.80469467914959, 47.350218847657914, 27.10507469701373, 27.650616647912692, 45.379263963256896, 66.3568326582484], [44.360333988180045, 49.57057626128216, 91.64272344903002, 30.561969787751, 50.32847345468927, 50.821439761916444, 28.013028342008127, 76.63553784798941, 60.33595991770254, 18.347728629626744, 67.18220959132252, 69.24834133396884, 28.128093950732314, 57.040139495148004, 0.0, 80.89037211682003, 26.11593491346734, 34.4774290373671, 78.78467587962541, 39.782158698164686, 56.82537992953299, 63.36661748150636, 28.221676805622216, 34.76696022531359, 56.386712588833944, 59.735923033635466, 61.67416658853741, 66.52578307700801, 71.48184337190285, 28.747102737213268, 45.221940283584715, 62.44435013273573, 59.408735942126796, 76.35315393230412, 31.252033198811365, 25.37215689854016, 63.7434400302603, 30.044473043166878, 22.736308710172683, 102.74461179143486, 73.78304905200412, 15.91828212923285, 44.28456349341986, 47.43822900391827, 72.81559945036871, 10.120268762388058, 49.375239466958085, 43.40485289914261, 59.51572399523284, 21.066663438635015, 61.39333718096668, 49.47223340690581, 21.653835583370267, 45.57292104310174, 45.320641939469056, 58.68107345037743, 88.51954257205107, 68.24149136322083, 62.88835682382947, 65.91864057726545, 77.55225553412309, 45.32557535822208, 101.54261066025461, 54.529805841071685, 19.265145764827572, 17.653092595900347, 68.02215308501867, 34.3531592278023, 43.64504449296436, 86.04931400331043, 66.36179281783943, 88.92666657413525, 69.55766602810549, 48.15417655931083, 107.26085560395636, 84.2473796241014, 21.701822457021464, 12.48134178721184, 74.76005626025555, 59.623208651970366, 41.909859789738086, 75.05578821505533, 65.7661422566797, 45.06364571423522], [89.45841902551908, 49.097365159516315, 38.15138784394274, 50.653230410904, 66.3414657857776, 30.179930020774783, 67.00972733976454, 64.43974102044886, 40.78471156754902, 95.74065189924958, 50.24316666388851, 26.23906776497613, 61.580097780439424, 71.85464628065321, 80.89037211682003, 0.0, 60.49992931854981, 47.73819095544178, 26.268182342041587, 49.305506709989665, 36.063686295463796, 51.964814995701005, 93.08803123668054, 58.946175872735125, 41.196721815489155, 26.117752988923602, 63.72799004399316, 75.7739034914862, 18.44564340274184, 52.31643873822488, 36.137618417561065, 78.05983479140404, 29.470864338647335, 48.244620086928116, 66.88265394215207, 59.259031563258475, 40.194377416139005, 61.70078698902209, 63.330190676647305, 38.41367058080367, 81.55087141526269, 77.21569911552544, 36.614620528448334, 51.05461715661878, 14.62164281251566, 90.77181427644767, 47.97035768251612, 74.81360740340455, 70.48570476123761, 65.9382390991234, 43.88511258215804, 48.015497725872784, 65.00086623928618, 76.13209172062967, 40.167126248470865, 33.644519107991876, 39.15383446969436, 12.817086296911947, 62.76515501976654, 42.70374212877524, 64.98259837019567, 56.189044231126196, 28.826267180787863, 28.54480751192073, 98.34112494513755, 75.47331735379677, 45.46993055201882, 73.63981659269716, 56.029231062999976, 10.83196438247336, 14.57600657770585, 42.38185331096879, 18.41661709549537, 42.09507232454838, 38.70794318095428, 3.818665173311412, 70.24751133165651, 68.44613876867741, 13.480092938780862, 25.77090493008561, 88.76883490793693, 55.40616416644758, 26.567057559799824, 41.65556413970412], [35.65173068584265, 23.498437262153455, 65.87348205178006, 13.399508174298642, 28.042108082028616, 31.135195327903954, 36.1384646237333, 51.98432098925516, 53.16602730592522, 36.24292348248156, 41.28583187492429, 56.37699243445671, 31.67282148352767, 35.924320668188116, 26.11593491346734, 60.49992931854981, 0.0, 13.488472369816089, 53.74978880896225, 13.91843265445649, 47.13629146177245, 60.80553989897369, 32.90331280972074, 9.626852688895278, 30.39337610935525, 45.25876100428097, 37.82525632953371, 45.31667095109068, 55.90771756329875, 17.815977340479478, 24.933495693544845, 42.62187970839335, 46.72858126088326, 70.85711245483664, 39.0882052977092, 25.322327447580985, 56.31252888695147, 5.920053865347895, 26.918787021183363, 77.45457108125844, 53.12360399960116, 33.61956798286563, 26.613193849701478, 21.450892913183345, 49.922790806865116, 33.96713712398801, 45.377348875998095, 26.105857535047004, 37.64216953602115, 27.93769918394209, 55.57463467041027, 23.363087064504697, 27.55782088140535, 28.452545832060284, 21.133167537944274, 33.4682437584922, 62.62173431258212, 48.8447440732653, 38.76304285880053, 39.8056744487138, 52.92358068941338, 20.061944055755156, 77.46068974885954, 39.19341858848409, 45.344714558498936, 15.024602005529012, 62.45617217182345, 18.943565792773406, 18.27689716144716, 63.591646370922625, 46.812335216247476, 62.90327300353176, 53.737439436927474, 22.583680349390264, 82.30668981798786, 64.18430454392815, 32.81245145821903, 17.717845596013316, 57.77597972151848, 36.312179022312066, 33.93485275781942, 49.425437541055274, 41.14440270158895, 35.880777464597784], [47.98936346732184, 22.142065231815675, 58.44140077590723, 5.016798204287804, 34.29282626701298, 17.848891778450337, 33.28321068707321, 52.81755332550398, 41.30126939266526, 48.04521450146512, 39.28399612885216, 43.1030518578108, 27.566473865343433, 42.379539132988484, 34.4774290373671, 47.73819095544178, 13.488472369816089, 0.0, 44.72842797889882, 11.380992281859076, 34.75273867887592, 50.19726375250449, 46.32355840363553, 16.960867359170607, 25.203559419107325, 31.900580918506517, 40.97002518320358, 50.91983558117495, 42.42177895988163, 11.020603812544234, 11.677646925711121, 49.58118412141752, 33.62935377877689, 58.96652229079715, 35.46265293596806, 21.559266622185536, 44.25273600877979, 16.916748731173133, 24.88649135404668, 68.74725211119664, 58.75123850854319, 36.23288773341697, 13.167284440994575, 21.30521175756461, 38.42971609489091, 43.83694000450424, 35.15367480121515, 36.29401056387601, 43.21310016613681, 26.94605593124818, 44.04904489765409, 21.354256648295646, 26.201671032356078, 38.44843563898945, 11.507349990593987, 25.210694094279713, 55.715183332894384, 35.70192217696805, 41.393332878310865, 35.399290198345476, 53.75210235523802, 23.13807560656656, 67.06802778767167, 25.809753389449494, 53.28096095866092, 27.991263043896723, 50.76490116150971, 30.929994062563676, 21.54266723359731, 51.845435427576604, 33.68952916660102, 56.6567341933054, 40.24987832014471, 16.240418520610316, 73.00489914751674, 51.33534810278873, 32.35355488183868, 22.760206754838016, 44.32785286465893, 25.145934281680688, 46.51390905897099, 48.03471115631232, 31.572178657629145, 24.417811647617242], [73.8279355024809, 33.92545757251112, 15.360628530713722, 49.35087640047946, 48.27890747063017, 33.38205369730491, 74.09547974609193, 39.392002158407614, 59.129185084859586, 89.7453180630689, 27.121598057350667, 47.77946427916986, 68.07229388506516, 51.72473691785078, 78.78467587962541, 26.268182342041587, 53.74978880896225, 44.72842797889882, 0.0, 39.95623728762746, 52.47586273847367, 71.09831205920534, 82.75503015739422, 48.195980804311, 24.97405988932099, 41.86119789168473, 42.14366429606863, 53.39178766422504, 40.58781121237045, 53.7885746021809, 36.328817176290435, 56.78731547361299, 46.11087703994235, 71.02326313768164, 75.14986895519631, 63.55772195426427, 59.80030252100167, 52.35136566730136, 67.54101641998942, 24.01960664085642, 58.03546287405492, 80.36934248244368, 39.95602370926723, 36.39480659803237, 14.211141635958967, 87.52301897311021, 62.20171530298626, 58.80162611728885, 49.62930818423396, 69.98676820355314, 62.64375863748048, 33.26794661194309, 69.11062791658092, 59.45712187638256, 33.485493132469564, 20.281545071493625, 14.47390229563319, 28.113870886603085, 40.823330030312775, 20.68892787503775, 39.811093244955465, 41.21060600427688, 24.690841503841206, 40.222126925388075, 97.86163334581687, 68.03139004529878, 66.28646578821078, 60.60301230613396, 41.86084890469142, 19.122817095350772, 27.790244080041937, 17.204414069031035, 39.39495145347056, 31.21658526875044, 28.56216078137651, 29.010694564184167, 75.18646397170649, 67.46627860162387, 37.00414200512522, 20.836831765086966, 73.78393994414571, 30.277905352492198, 13.183538506027176, 52.261861323114466], [41.097991012365334, 11.179892844642355, 51.97151757756329, 15.780646235025847, 23.53161778449195, 22.68160005682211, 44.06948026075654, 41.734721980355545, 51.05485216983379, 49.80455560762693, 28.98999040931071, 50.39684397999054, 38.55902136854861, 31.484245779954044, 39.782158698164686, 49.305506709989665, 13.91843265445649, 11.380992281859076, 39.95623728762746, 0.0, 44.080146202023734, 60.71834039358985, 44.21440887929551, 9.649554695482285, 16.612389630448003, 39.14764545329057, 29.589294337448926, 39.72359645982713, 48.15798643581754, 22.066484655020748, 17.259951689569526, 38.73076316427878, 41.722685539266685, 68.46858358069117, 46.45441021070266, 32.33780258325287, 53.763954285744276, 12.78312138615864, 35.267465620287616, 63.562152508972325, 47.516045877526075, 45.06825751275347, 21.17390832524836, 10.007755184759727, 37.35881935515388, 47.8833803313891, 46.01291138073335, 27.613987320651457, 32.08015868939492, 37.04083524980027, 54.05067973663756, 10.61133080754789, 36.40032486598364, 29.49757272354431, 9.267559460667535, 19.707909280462584, 48.763347813765336, 38.82667123058881, 30.021493245227365, 26.38200790445327, 42.67546622217266, 11.959366584442991, 63.95824124814435, 33.18829404063103, 59.047299751205564, 28.1414887214364, 60.541973534732925, 24.544606486933873, 10.516038158588929, 51.03915352658777, 36.80426848630626, 49.148912076452504, 45.95932850993578, 8.740429827936644, 68.48440263457509, 53.09757109870526, 42.38881315716529, 29.911468993456587, 48.966361609575046, 23.90593767845771, 40.07293416491183, 37.586243400019924, 27.632260760872178, 34.872853525410584], [82.58799523264739, 51.64270453179989, 67.65540405780955, 33.744545431156745, 67.48459215277408, 24.16818400497295, 34.82630512893698, 79.20710688298702, 7.380093615962204, 74.58076823505965, 63.684375443802026, 13.477059526379682, 30.787447699355532, 75.23272586110399, 56.82537992953299, 36.063686295463796, 47.13629146177245, 34.75273867887592, 52.47586273847367, 44.080146202023734, 0.0, 19.008834388670238, 77.94642396093971, 51.62601182651734, 48.95037835729596, 10.758838487770577, 71.25680166793194, 82.6880722477766, 18.991585651060344, 30.736081484202533, 27.40622325778164, 82.46389999678465, 6.715197419515651, 24.38926617525869, 33.656808888604516, 31.543045357036885, 9.69949234831824, 51.52788659463535, 34.79696307582019, 72.23982234917344, 90.17223362148307, 47.72557934043203, 22.94421179841906, 52.08594015815872, 38.860441751973646, 66.82457797338726, 12.154694002149606, 70.95127532007507, 75.38936487354509, 37.096012774814184, 10.83831843000858, 50.49045387213237, 36.25995877110189, 73.04597681022409, 37.027606761800584, 43.29168152542457, 66.89940149839228, 25.64881511500319, 71.13334734984373, 56.90778645748879, 80.03751438850227, 55.702389717492466, 64.46237138095108, 13.1829662243341, 70.62601158303264, 59.18419152331441, 16.622315243619152, 65.57499449127577, 54.47203769409426, 45.968307316811796, 25.234059762821737, 69.36421126054151, 18.09984394382789, 42.880132151280975, 73.77975624572908, 37.72990901024612, 39.77667012201523, 45.18805194186974, 23.95612563913616, 35.00298598403151, 80.99312490186378, 71.81990547298196, 42.83374190504346, 11.979924867299621], [96.32877402332167, 69.3866161328485, 86.10474124606576, 47.81317656147961, 84.2294854424153, 42.79970488610481, 36.31024486411208, 97.85545656862995, 11.973689124031775, 81.71410593925566, 82.41534449042051, 25.82045764588931, 35.2473890489931, 92.20104377118578, 63.36661748150636, 51.964814995701005, 60.80553989897369, 50.19726375250449, 71.09831205920534, 60.71834039358985, 19.008834388670238, 0.0, 88.35019241265027, 67.03022901467175, 67.50719735681096, 29.26886017476616, 89.12217699714691, 100.17468197147647, 33.53630581672581, 43.05513927531538, 45.16880387134306, 99.44873054140551, 25.010916049519476, 14.027414422622732, 33.65552611366387, 39.14869001830297, 11.779615580062053, 65.98450849872859, 40.821289115864325, 89.68622400280842, 107.82441656970934, 50.41857922919076, 40.32823023519817, 69.533125088813, 57.19406484680641, 72.54823997086677, 15.444283097324472, 86.2137275248813, 92.6703592801759, 42.30233356714868, 8.456966764128001, 68.28076211219185, 41.748335149536835, 88.4453808655131, 54.761187715060345, 62.159538420546745, 85.5661316922796, 43.481740228118674, 89.13293846162985, 75.78417693241099, 98.70369184811064, 72.63708257082351, 80.79015189898415, 32.15833791286156, 72.8703849485078, 70.31627627971463, 8.078911193281854, 79.7441030147831, 71.23417099170317, 62.55460684708006, 43.435068293358384, 88.12860385592255, 33.650847407832735, 60.83324996401748, 90.59236283206647, 52.720141006304075, 42.596778169132506, 53.75537169264208, 38.62268520682625, 54.006238130715225, 94.46723841548591, 90.66829140515264, 61.82887066379598, 25.858571529721818], [20.635600603016368, 48.94379314182033, 92.22091783504716, 45.14654237803362, 39.7166112268737, 64.03747678734625, 55.21204605920854, 66.48987132316977, 83.00689936713071, 16.416745878020496, 62.66144373691617, 88.49406113169479, 53.85315707486855, 43.07169373276795, 28.221676805622216, 93.08803123668054, 32.90331280972074, 46.32355840363553, 82.75503015739422, 44.21440887929551, 77.94642396093971, 88.35019241265027, 0.0, 34.915398038265735, 57.80209520397676, 77.63174016329327, 51.47719317009195, 51.095512369285395, 88.61860483139307, 47.21184622980175, 57.83645163023193, 45.740239419115866, 78.62696022473197, 100.21845937926666, 58.55662834164969, 49.22108129438821, 86.3523207790683, 31.495092455983507, 48.05210033430092, 105.07950107205107, 56.71251039506672, 44.1335976251352, 59.29059707809884, 46.449875109088005, 81.57305208837064, 24.746387404840597, 73.30337272443082, 28.663716118153296, 46.1947567143605, 47.19712184818749, 84.80404673355847, 49.517603592212225, 47.50018341913161, 29.76044142948536, 53.03303761926964, 63.19828819757866, 88.43204724787743, 81.69434602283056, 53.09514381178254, 64.68822705868635, 67.26274755010064, 41.95942152750571, 107.33607420627, 71.66211755453665, 37.066553562013105, 18.814547777545886, 91.70708