instance_id,num_cities,city_coordinates,distance_matrix,best_route,total_distance
1602,74,"[[66.01441214745695, 58.522783309525416], [94.35463797658272, 75.6327555777851], [97.58614078044467, 21.476875708237575], [53.33225518789101, 50.83135674433148], [9.607595882162245, 69.84152331533538], [76.6128206173141, 98.44531151718158], [89.35453768009384, 66.21296434251825], [7.859969558796498, 25.43270107924639], [72.02998524266057, 21.75760953290251], [18.05379816332969, 99.01364006006688], [21.15788267032578, 43.99329068854267], [37.632494780697655, 27.46619761100293], [33.83607922515226, 13.183676106513676], [91.90559467774338, 78.36117206683834], [42.31781569638295, 13.895307934274237], [98.71454707119301, 98.78545583710189], [42.47713565368617, 63.21363511665782], [16.279180099040257, 86.35736243795735], [63.41713433663272, 11.477927662916098], [71.6199331043802, 57.200646943692156], [80.81815361333184, 97.36539166114366], [35.84454534685383, 86.53255502650119], [40.08529088801704, 60.5905951023774], [42.34871901342668, 83.66350246441118], [98.11282798534191, 35.59345720226719], [38.03438351006877, 7.183736603074031], [78.98829870787802, 12.832870696363763], [55.69021952644421, 57.00933244584117], [20.92202070008896, 89.41311040397434], [16.42045905281012, 50.45382382052792], [82.23594409968614, 13.014097044653926], [26.726307281057636, 91.53708711394673], [59.021572572297444, 65.16612736812526], [66.11900756331883, 7.207585768360547], [12.719174870073624, 86.74000052637277], [56.384391929762124, 6.8649725779763475], [47.70093841895607, 25.91912277666856], [15.374960390880544, 69.75965804754209], [52.344473108540015, 63.88088104592693], [48.8660686827363, 60.032400818058086], [93.05871405254531, 68.88001454094926], [98.90671384634648, 50.41770232765086], [49.687340896249744, 60.39312712512307], [75.27318406135399, 66.18339268860267], [18.5366183251347, 33.071245790683555], [53.637236958948144, 14.496595274582758], [13.949852003943942, 79.17298863970484], [15.411327602049852, 30.675206518966835], [4.049760368876987, 81.06207728918115], [25.914969391008256, 26.907467163200426], [59.53784349464275, 76.08442121446886], [35.13844123637799, 25.257766011873095], [9.880405638692801, 92.33435221345577], [7.690131596852745, 58.526079365683884], [6.7651919682294785, 67.73798552453417], [63.834766131603274, 68.37850703111764], [59.85994007359059, 92.61810357594824], [84.79589285234928, 56.29493274604482], [53.930485412004415, 72.34328287052118], [79.457167927097, 45.20511662631363], [58.14627831227883, 31.811716123367805], [27.14410849936233, 43.6458450001299], [92.5695597308011, 32.460570484033944], [63.59864824205118, 26.293566236214627], [60.73048764426391, 0.7699862293051085], [11.914371825110493, 37.61881704616009], [54.59207368447137, 22.161708878730312], [31.508822935402225, 42.16055923615847], [19.623999007881853, 80.46170580282914], [57.106703233172894, 98.08484929571796], [52.94406713566816, 13.263489134777618], [76.39916178443357, 88.9667165518673], [37.006075889185865, 47.892904885147956], [39.910392704573205, 16.982532740017863]]","[[0.0, 33.104675667743116, 48.674154526588055, 14.832233404138364, 57.531233226012446, 41.30538125456587, 24.57438390274416, 66.90958626986445, 37.25406182537708, 62.76726833411928, 47.150974460300716, 42.07189975105978, 55.59747972367874, 32.617709933453156, 50.528608151558096, 51.8688887782783, 24.000155737425786, 56.99436026631752, 47.11649705609394, 5.759332406482929, 41.56800434162876, 41.16756216249913, 26.011443152916303, 34.527102269650825, 39.44695545963943, 58.46862166389985, 47.49620876534276, 10.434533376848268, 54.65835777303148, 50.246077367184725, 48.313337955803625, 51.31763283398619, 9.645404377466548, 51.31530413911422, 60.30417617309216, 52.547756364756026, 37.39494618456162, 51.871200372504454, 14.682521741190657, 17.214663185961438, 28.95973936890226, 33.876184094043346, 16.43385048095976, 12.017062595009435, 53.86948735887466, 45.73291701318828, 56.01026158764172, 57.759498773930474, 65.93661989472935, 51.063622319708024, 18.717827529362534, 45.385977520759674, 65.5305186800105, 58.32428064373854, 59.961571391267576, 10.093866792799597, 34.646333003334476, 18.913152450119036, 18.358308567601448, 18.92268291855505, 27.845801124616628, 41.619992781794636, 37.20772501154029, 32.31962791254332, 57.994012007659435, 57.998191078855456, 38.11295776668115, 38.18845458378928, 51.31653487354393, 40.55248874233823, 47.108785039773124, 32.16638146088016, 30.894625548628525, 49.06131111631572], [33.104675667743116, 0.0, 54.252206727618294, 47.93688844468303, 84.94468503014838, 28.899563866912228, 10.664589532230412, 100.00686544612347, 58.31742004793805, 79.80278137622463, 79.74221420202514, 74.4138349710716, 86.96196571007071, 3.666342812303215, 80.74245051121709, 23.55963362641773, 53.34332010936447, 78.80859290136553, 71.2247925673243, 29.26789084175956, 25.603591155309324, 59.516691503826785, 56.315438604232945, 52.622319435382245, 40.21528821910505, 88.64106983657881, 64.65253222914559, 42.91583790675461, 74.71443942914708, 81.90064010103472, 63.780554542672434, 69.47329612358583, 36.850723424958005, 74.02198787038226, 82.38761877225323, 78.5541059624822, 68.17633730773122, 79.1977445773629, 43.62293556436415, 48.089302397003074, 6.875967592089083, 25.62265218768719, 47.195483934778224, 21.293011589027426, 86.94742215399431, 73.45431806401665, 80.48268669371419, 90.8472755247282, 90.46794158147155, 84.01274883723141, 34.819724005870675, 77.74443729386931, 86.10946091607154, 88.33671398160521, 87.94451913703284, 31.370156190411233, 38.44978842643213, 21.571300383190447, 40.55777041771573, 33.87884038801251, 56.84477819857499, 74.43398229915702, 43.209073932597455, 58.14023141882006, 82.06715372238817, 90.78247080693355, 66.63493343717533, 71.20382290384887, 74.8864951840201, 43.4914377201784, 74.86495023713877, 22.36500929007591, 63.70523439986556, 80.02514906052025], [48.674154526588055, 54.252206727618294, 0.0, 53.104537912849075, 100.39603329105114, 79.77480974305557, 45.48710713923146, 89.81333061668765, 25.5576974188154, 111.0735942891796, 79.6760163494151, 60.252067562183505, 64.28722663124925, 57.167226417222956, 55.78591155039707, 77.31681487424346, 69.13001903643199, 104.02066820364493, 35.60196572340214, 44.16369292031183, 77.71893107326517, 89.68983230135932, 69.54301390646658, 83.17661516784078, 14.126403381235502, 61.243004657424535, 20.50849951608917, 54.934722166686875, 102.43397528324978, 86.1831271898046, 17.528467156222668, 99.64712351981623, 58.275008637338175, 34.551311238397595, 107.05922362813759, 43.71603620461098, 50.08260150654767, 95.34099460080175, 62.00732345790979, 62.13029809762626, 47.61885303080951, 28.97093989910106, 61.71523033002789, 49.965395005580476, 79.89528407873192, 44.49978047185869, 101.60644786482227, 82.68802338070309, 110.90288863658684, 71.87661742099918, 66.555668072403, 62.56205167538985, 112.75228580140926, 97.23135275613198, 101.92416310466554, 57.78337400527783, 80.5254029626637, 37.092958064168286, 67.0313928189415, 29.861163302585442, 40.77145665675983, 73.8481083803364, 12.075083285654777, 34.32710527687495, 42.27427633901252, 87.17920776247678, 42.99952094994153, 69.2389102880595, 97.76147365426229, 86.64506034000766, 45.3913478353611, 70.73730766770733, 66.08896170847676, 57.8505923463829], [14.832233404138364, 47.93688844468303, 53.104537912849075, 0.0, 47.67842556607094, 53.00069259759409, 39.16884844174845, 52.084743158889765, 34.56715039043726, 59.716848171614124, 32.892999168248366, 28.149833714767173, 42.396329258288304, 47.38980112947023, 38.5433467541549, 66.02384445320087, 16.466767678924, 51.33251848568848, 40.625080528052074, 19.365098017333096, 54.045268228520676, 39.754189141109464, 16.45371679868382, 34.62062765867069, 47.30214881505747, 46.25083374239451, 45.84885506789744, 6.61266811433424, 50.38824282516387, 36.913726783221556, 47.59798697321857, 48.62954810549804, 15.42251539591679, 45.459151229147174, 54.21118880053285, 44.07219617122119, 25.540773868692117, 42.4150541498214, 13.08685592242144, 10.227709124994, 43.63422489496614, 45.57633587716005, 10.23292983501764, 26.77852437055776, 39.066070774659316, 36.33604140442672, 48.5203233607919, 42.944931492296924, 57.81574837574049, 36.387635992986674, 26.004357161172223, 31.385082587967663, 60.08795105639989, 46.28619882987978, 49.54114929647405, 20.45006648668545, 42.29353237478071, 31.934482269277755, 21.520242681245158, 26.7238777780606, 19.619417626238352, 27.156041795629097, 43.32495649870418, 26.59890955213649, 50.605085330639255, 43.474271328322985, 28.69731435834886, 23.48286449108598, 44.87988547250916, 47.403997894169954, 37.56987312585517, 44.568911222777665, 16.588508969229494, 36.41276258396349], [57.531233226012446, 84.94468503014838, 100.39603329105114, 47.67842556607094, 0.0, 72.85517717571129, 79.82945049505165, 44.443196219024045, 78.79478065271896, 30.370227663661694, 28.311486270021504, 50.80416505387517, 61.62086542267749, 82.7378088941595, 64.80692475159364, 93.68991397172316, 33.53111311552246, 17.812438852869818, 79.3837245672073, 63.287611135239146, 76.34465836652637, 31.096109994594542, 31.850738855970178, 35.53910876054864, 94.90050654302533, 68.80465457017668, 89.7979309228273, 47.83589995444494, 22.606707635759246, 20.54989042021703, 92.21840023203418, 27.635986837786092, 49.634669532459, 84.35964546414064, 17.182562551900155, 78.44816499609097, 58.14017556478984, 5.767945500652232, 43.15054960630682, 40.46537496181154, 83.45665715214372, 91.38718340633386, 41.17836994055848, 65.76740370883927, 37.83887882888473, 70.7224883130301, 10.292299710320345, 39.59398531683734, 12.521596027372903, 45.926719983378845, 50.319016294266135, 51.37640975968355, 22.49448325708724, 11.47675655676037, 3.5361181042591263, 54.24690230704191, 55.17309765729963, 76.39888819432538, 44.39343799647146, 74.06696462936365, 61.66254882106267, 31.523686922169244, 90.99463215046723, 69.3646761737789, 85.93269050568834, 32.30517009025821, 65.55126198522449, 35.29730186275224, 14.59851388479645, 55.26165634123707, 71.26797101392958, 69.47579644748335, 35.10581942768515, 60.92891251205643], [41.30538125456587, 28.899563866912228, 79.77480974305557, 53.00069259759409, 72.85517717571129, 0.0, 34.65942235664004, 100.28856271597668, 76.82451441890653, 58.56178026749963, 77.71919142031041, 80.97839473115697, 95.3907546727331, 25.243644664037173, 91.24061852265325, 22.10434369983567, 49.056253525185525, 61.532647360000794, 87.96278753469173, 41.54577332890152, 4.341779877292323, 42.473121332606, 52.60456237789575, 37.31662548508486, 66.42744845053491, 99.080628103787, 85.6453905324553, 46.41869879701746, 56.418488568640555, 76.98248685285527, 85.61607281316414, 50.362563251426586, 37.64247740795103, 91.83922207983515, 64.95700325804302, 93.7877806933669, 78.07653287304868, 67.62353318255748, 42.23331084119286, 47.386010079957494, 33.83155621865174, 52.94968290528085, 46.61491387117077, 32.28972023111813, 87.44491833316918, 87.0359948712195, 65.55966797150461, 91.31489406863751, 74.6161815214625, 87.68087188081033, 28.134751800392724, 84.12217877661882, 67.01163356082817, 79.64849124356589, 76.2996140063575, 32.66942620314886, 17.737400004020955, 42.93736253840121, 34.58040239553484, 53.3161201104907, 69.1451315698375, 73.82502969293176, 67.88669657854507, 73.31604892315592, 98.95816121351143, 88.80175508260295, 79.39837105999992, 72.12727602111457, 59.75898144146185, 19.50944767073118, 88.40900834056643, 9.481002721935544, 64.22024637331744, 89.34904890812804], [24.57438390274416, 10.664589532230412, 45.48710713923146, 39.16884844174845, 79.82945049505165, 34.65942235664004, 0.0, 91.12845057992885, 47.71182964848656, 78.48362748475148, 71.72515355027481, 64.62570428114066, 76.77502614802764, 12.413172145688101, 70.35332534446391, 33.890662105751026, 46.97325618424329, 75.80108614146882, 60.56957266250753, 19.893166272720563, 32.300829413151405, 57.23814327061991, 49.58900800914505, 50.14048533138898, 31.847478182469768, 78.21897437035538, 54.377323473129024, 34.89975869314394, 72.25826013329932, 74.6172254590228, 53.67302727011772, 67.55447014859301, 30.351023704016146, 63.4154914866015, 79.3368643665522, 67.89119705294826, 57.953567617026415, 74.06454544603605, 37.083466559813736, 40.95748389769409, 4.564436368181579, 18.45899162005979, 40.09185710247393, 14.081384669794135, 78.18920136652197, 62.85147890364768, 76.5103185962693, 82.03981074924013, 86.58753482701219, 74.62908905526662, 31.408293696466444, 67.94640081635508, 83.65682618912821, 82.02538278835148, 82.60342435225942, 25.611487950201074, 39.587405394978475, 10.915520757809379, 35.95058114060338, 23.22256647519348, 46.447834522229506, 66.1771287852866, 33.905168602512255, 47.50709616377572, 71.42912308561677, 82.55061809128479, 56.11543469476874, 62.64698640576955, 71.17144551517578, 45.340267720713996, 64.2601687676093, 26.183487242961196, 55.461572556101714, 69.77362587775391], [66.90958626986445, 100.00686544612347, 89.81333061668765, 52.084743158889765, 44.443196219024045, 100.28856271597668, 91.12845057992885, 0.0, 64.27516791686638, 74.28370428914963, 22.832651614880376, 29.841889454815128, 28.719277257291324, 99.32316015270014, 36.33805995128567, 116.76977727786485, 51.24204489655357, 61.50363784195664, 57.28293165728134, 71.23577286574856, 102.45588609194901, 67.20363557437493, 47.692230466955806, 67.67791418847632, 90.82301150674071, 35.26357840258608, 72.2356901622563, 57.31331835123038, 65.30015281281872, 26.44501018361297, 75.40561859089189, 68.74393465663061, 64.77850559842238, 61.04318420026484, 61.49956781764215, 51.95555897238278, 39.843938130962, 44.95947287586284, 58.797394490040105, 53.652953202766966, 95.63731024213595, 94.41271065246082, 54.513854957344726, 78.7728402192576, 13.127764249420986, 47.065450394060655, 54.08424146899428, 9.192761912662895, 55.75970939287079, 18.115130525159007, 72.36158792609598, 27.279032595427804, 66.93215285971614, 33.09381409482096, 42.31944742041791, 70.55154215339932, 84.95807932258877, 82.8951967033469, 65.75024802216767, 74.27723225023722, 50.689295526606806, 26.5253958719161, 85.00062126525741, 55.74532617335369, 58.33987646880348, 12.842881300399887, 46.846440056729556, 28.967041694760034, 56.27240664612667, 87.77001434466735, 46.6975970866841, 93.4568991194233, 36.79614476035497, 33.145662895537924], [37.25406182537708, 58.31742004793805, 25.5576974188154, 34.56715039043726, 78.79478065271896, 76.82451441890653, 47.71182964848656, 64.27516791686638, 0.0, 94.24395484293451, 55.51933299838394, 34.86796994271763, 39.144434997511524, 59.991692274423606, 30.734814227103115, 81.51904652438063, 50.91142284428436, 85.33041866506963, 13.410930619371353, 35.44540934534037, 76.11680906122412, 74.19689767201673, 50.28383702195606, 68.65360256110436, 29.525334312574827, 36.98781839113772, 11.3167614440108, 38.85449667659387, 84.78968591639173, 62.577089397805814, 13.439144571863846, 83.19614611466135, 45.315761285156796, 15.70486703778202, 87.9800168577002, 21.600352441195145, 24.68239680071703, 74.2562354456353, 46.49612232157196, 44.73842507640781, 51.601632620509854, 39.290704491517765, 44.6306730400628, 44.54400686483948, 54.67667390712816, 19.774112305929922, 81.66901269762546, 57.316628730504995, 90.21269794073159, 46.401677993478664, 55.74456092693658, 37.05721406885256, 94.04066595014604, 74.10490632210613, 79.83538198998014, 47.33571273169255, 71.89798060753671, 36.82112290286877, 53.72617835971759, 24.595703517556824, 17.14183121668066, 49.93832979669377, 23.160904414018844, 9.574045478906347, 23.83608562473874, 62.17286289328284, 17.442593149888204, 45.36788458066749, 78.69280978659124, 77.77243647813161, 20.890724049794496, 67.3509745285088, 43.70043351672287, 32.47259741983544], [62.76726833411928, 79.80278137622463, 111.0735942891796, 59.716848171614124, 30.370227663661694, 58.56178026749963, 78.48362748475148, 74.28370428914963, 94.24395484293451, 0.0, 55.10784141654577, 74.1779069685648, 87.26891260799923, 76.68515033966938, 88.50916907711347, 80.66107166667813, 43.337509943650026, 12.780087344068225, 98.59175023118719, 67.9533458033733, 62.785993962338196, 21.732191996279838, 44.291275162254905, 28.737952316023488, 102.13504711781647, 93.97848136525164, 105.54685388363478, 56.39913182995287, 10.019823860621802, 48.58727765442044, 107.30922260391051, 11.450382454451564, 53.141440095797385, 103.62729350550721, 13.382840994497736, 99.80286236983466, 78.87814261397004, 29.37637886806718, 49.09339206190286, 49.68835907336666, 80.83175610163822, 94.33323453872381, 49.92218990783198, 65.96880524170916, 65.944161813518, 91.70230082060674, 20.26064714818979, 68.38950321152055, 22.767777240334865, 72.53342803772395, 47.39910435778047, 75.70874444571434, 10.555436111297201, 41.7929199229063, 33.25055182179752, 55.08546454205055, 42.29250983732895, 79.242634724365, 44.703966720607376, 81.64392820330674, 78.25283090909726, 56.10905873212064, 99.90950801586668, 85.80525919569114, 107.11262924170349, 61.70102793853079, 85.09562212217355, 58.42354397661055, 18.61826510116083, 39.06394817063587, 92.57655887249219, 59.204071887484616, 54.52080699899972, 84.89295196359775], [47.150974460300716, 79.74221420202514, 79.6760163494151, 32.892999168248366, 28.311486270021504, 77.71919142031041, 71.72515355027481, 22.832651614880376, 55.51933299838394, 55.10784141654577, 0.0, 23.335759035884685, 33.31619754077568, 78.65360783026486, 36.791729118695486, 94.95903092732009, 28.704218987875247, 42.644065401514226, 53.320663762602855, 52.161794383049056, 80.0495414804008, 45.00318956461676, 25.17374218594892, 44.97529596636738, 77.41201980980911, 40.49394464071001, 65.69116221506027, 36.90392434108023, 45.42043211872075, 8.011346383803057, 68.48532709124105, 47.868778250396865, 43.38142489652627, 58.092089290350295, 43.57169943091131, 51.180259478870965, 32.11244858589135, 26.40734513291737, 36.988101781303115, 32.01556849167395, 76.08599462161423, 78.01380527923297, 32.90721230689909, 58.48817377397662, 11.232189969824244, 43.874405925890045, 35.91053959525678, 14.504973667698755, 40.826251220568906, 17.73570521877357, 50.02861232642913, 23.37682405137427, 49.639094648819324, 19.813688846640293, 27.766167875682278, 49.15236675930922, 62.14677526292742, 64.81609936765891, 43.33319221084601, 58.31187858021587, 38.94267801593217, 5.99630037461608, 72.33692871490399, 45.98368001805088, 58.602432652572524, 11.228375081152343, 39.930728682167874, 10.51193935236211, 36.50065889868059, 64.94778219780302, 44.21178831939005, 71.23347494013414, 16.320913552393087, 32.8821787224987], [42.07189975105978, 74.4138349710716, 60.252067562183505, 28.149833714767173, 50.80416505387517, 80.97839473115697, 64.62570428114066, 29.841889454815128, 34.86796994271763, 74.1779069685648, 23.335759035884685, 0.0, 14.778470543212007, 74.40341253796659, 14.35692441649323, 93.90129767974345, 36.07422671948676, 62.64290336957092, 30.339288273827183, 45.15842602354944, 82.1638512830789, 59.093411997560004, 33.215085697776786, 56.39485653674707, 61.02395474736615, 20.286442248185157, 43.86840292344924, 34.62482113834785, 64.16120282989324, 31.279089156655726, 46.886361577024076, 64.99249039293493, 43.344865352969606, 34.955582734454445, 64.29663460103649, 27.857568442893452, 10.186608750698982, 47.792621112583845, 39.274310636657034, 34.4492492506843, 69.18937790931528, 65.43165511328162, 35.06425533356551, 53.998543352574146, 19.90148393217613, 20.600057207618278, 56.87231142987925, 22.45168165088767, 63.24807008164471, 11.73083888608642, 53.325190751052624, 3.3312870200522546, 70.5553395093065, 43.14233845827129, 50.74058813877749, 48.58370185601027, 68.83916163866049, 55.27641528854301, 47.744918892047906, 45.43096445855943, 20.968997255993834, 19.28178509430562, 55.163619041237254, 25.992617988954088, 35.30162852421471, 27.649548454790907, 17.769775386991633, 15.919284545472127, 55.97168756174361, 73.2546159679891, 20.88447212744769, 72.6991629977551, 20.43631010459697, 10.728282624853005], [55.59747972367874, 86.96196571007071, 64.28722663124925, 42.396329258288304, 61.62086542267749, 95.3907546727331, 76.77502614802764, 28.719277257291324, 39.144434997511524, 87.26891260799923, 33.31619754077568, 14.778470543212007, 0.0, 87.29361147619484, 8.511537665174647, 107.40987051055357, 50.7707066600201, 75.25046895705687, 29.630194046973095, 58.00959692712809, 96.40475376005621, 73.37637204837134, 47.81703268802519, 70.99204856604926, 68.07127676149561, 7.322911505247343, 45.15358223499028, 48.972355486349535, 77.31558420460672, 41.13839735103607, 48.400161951499285, 78.67531934219757, 57.76230876882362, 32.831404444783736, 76.52748860181613, 23.416925932035156, 18.826203078485186, 59.511802537015086, 53.97005866970586, 49.20064623755626, 81.29823239715569, 74.97039548142514, 49.799545801584216, 67.27557963323788, 25.091610784759894, 19.84463666436218, 68.92061666654403, 25.405218136099297, 74.12625808795998, 15.845706736279329, 67.94913113278497, 12.144125899009206, 82.69645594079014, 52.3406544733536, 60.90160599651001, 62.82030385875966, 83.58869302038251, 66.7494048959103, 62.47915038214112, 55.73738769725216, 30.62661676589904, 31.188558894216794, 61.81602048942899, 32.52198846470649, 29.621088781162214, 32.827387469511336, 22.614516984766258, 29.070188815129395, 68.76275520890968, 88.03255733321579, 19.10815459713215, 86.91769219261576, 34.853686193250184, 7.164397809180736], [32.617709933453156, 3.666342812303215, 57.167226417222956, 47.38980112947023, 82.7378088941595, 25.243644664037173, 12.413172145688101, 99.32316015270014, 59.991692274423606, 76.68515033966938, 78.65360783026486, 74.40341253796659, 87.29361147619484, 0.0, 81.33139284841042, 21.529356707168812, 51.69739294345496, 76.047969351463, 72.69773555346707, 29.31340800651341, 22.00208425911913, 56.653444304418954, 54.78263676119794, 49.83972946609532, 43.215820946410595, 89.26552924769182, 66.78933160073426, 42.04110432124877, 71.8387995142527, 80.47872878255107, 66.05862817419629, 66.49770103445962, 35.432585488960484, 75.68210434537832, 79.62847385396016, 79.8339676203954, 68.58731784163994, 77.01249267342082, 42.1279143545414, 46.77974618747951, 9.551022579978891, 28.807172208980667, 45.882802784770035, 20.61396113067948, 86.22171485843452, 74.4523429540507, 77.95996961243388, 90.14058023820525, 87.89734075116871, 83.67942622918096, 32.447725823158656, 77.73339980004761, 83.20685909407833, 86.5197961416475, 85.80058429784027, 29.79303637567334, 35.07398002884916, 23.183329739460333, 38.448978063453964, 35.41591931520846, 57.50255029210989, 73.47927616261049, 45.90540355181541, 59.264819188506316, 83.6198506230639, 89.76934457870662, 67.4587170908761, 70.41487347296197, 72.31211042804227, 39.99982861463316, 75.86638881306395, 18.78635235746015, 62.78751841146496, 80.4415215783657], [50.528608151558096, 80.74245051121709, 55.78591155039707, 38.5433467541549, 64.80692475159364, 91.24061852265325, 70.35332534446391, 36.33805995128567, 30.734814227103115, 88.50916907711347, 36.791729118695486, 14.35692441649323, 8.511537665174647, 81.33139284841042, 0.0, 101.91628192161663, 49.31858451859127, 76.99844080671987, 21.237348574130973, 52.287345231065885, 91.92132993538466, 72.92511840343712, 46.7486257630274, 69.76820137433695, 59.865625178237174, 7.9619709261300855, 36.68587053868079, 45.140229217165384, 78.49024482938043, 44.80176519881632, 39.927853784727596, 79.19179887368504, 53.92320853944261, 24.722911682387817, 78.6284221996232, 15.72559004144137, 13.17384278069482, 62.02211755165256, 50.98128458720063, 46.59947378394078, 74.81949429535415, 67.35123373816023, 47.078201868554224, 61.806958437919974, 30.549336180728, 11.335380195874697, 71.17525526709183, 31.709999969773847, 77.30342142573198, 20.937279066695204, 64.529180747548, 13.440568113073308, 84.8815011570963, 56.48877998912341, 64.52149241953676, 58.578137046666185, 80.65360922678035, 60.017624270268655, 59.59043440076824, 48.576080579325776, 23.906859082301725, 33.396644229739124, 53.571510638045204, 24.629060939435067, 22.611956087857948, 38.563898711299224, 14.798337532731733, 30.261506169812534, 70.32847674367788, 85.47859421648242, 10.645018301830598, 82.44546405353728, 34.4100447284426, 3.9149256011695743], [51.8688887782783, 23.55963362641773, 77.31681487424346, 66.02384445320087, 93.68991397172316, 22.10434369983567, 33.890662105751026, 116.76977727786485, 81.51904652438063, 80.66107166667813, 94.95903092732009, 93.90129767974345, 107.40987051055357, 21.529356707168812, 101.91628192161663, 0.0, 66.54322559291323, 83.36694328912002, 94.1727764358689, 49.632795979191194, 17.95264551709346, 64.05287421414305, 69.97311674591519, 58.359061391042864, 63.19486337767674, 109.8770094989596, 88.18714059808848, 59.96946928462575, 78.35507653060384, 95.4372232211461, 87.33996991638706, 72.35223228918956, 52.01722283316283, 97.20584078200578, 86.83488373719301, 101.1988995833887, 88.9488097806687, 88.24955323040298, 58.03889299990685, 63.14008291848746, 30.43556909690464, 48.36813525060157, 62.27068210039961, 40.15460149594042, 103.66705195013888, 95.58543770827902, 87.00403668458546, 107.60312465771034, 96.30960486134228, 102.3045637604636, 45.27859401596818, 97.20206995817864, 89.0680718440254, 99.53020449246893, 97.04962295990985, 46.27290410254704, 39.341030983583686, 44.71211790796082, 52.00769837138131, 56.935923646170856, 78.30240252596657, 90.34768597267396, 66.60894299199758, 80.5493662823349, 105.11812904054855, 106.18676058592325, 88.41940542495475, 87.88053408852012, 81.18543347345904, 41.61374194151372, 96.99970939215099, 24.37999306086712, 79.98741874831212, 100.74545547070942], [24.000155737425786, 53.34332010936447, 69.13001903643199, 16.466767678924, 33.53111311552246, 49.056253525185525, 46.97325618424329, 51.24204489655357, 50.91142284428436, 43.337509943650026, 28.704218987875247, 36.07422671948676, 50.7707066600201, 51.69739294345496, 49.31858451859127, 66.54322559291323, 0.0, 34.956615819696694, 55.81278501007588, 29.756657574741205, 51.34565349915905, 24.243829729231635, 3.5498253900121663, 20.450270545256966, 62.114446703204635, 56.20576103970229, 62.21966289801763, 14.597224292982597, 33.92691388843817, 29.013155288514994, 64.03714915334915, 32.40843296839156, 16.65925025161541, 60.79157565810733, 37.934497484353926, 58.03949988608326, 37.65858157190805, 27.881504984263238, 9.88987186863853, 7.137136464456526, 50.89797568764368, 57.8621913769462, 7.742242890158034, 32.9302330874565, 38.49301240793295, 49.97897390021166, 32.68802345365109, 42.32383844944898, 42.370155289607716, 39.90542798639356, 21.371122731622766, 38.65882092421058, 43.70998709565253, 35.10140780892747, 35.997398078284505, 21.97326287841725, 34.15822968003544, 42.880597632641816, 14.64683203959105, 41.131855357612736, 35.094195362146095, 24.859608439388577, 58.77926449199467, 42.5348066900172, 65.05685317673237, 39.86448601077369, 42.80224726967039, 23.738910840982843, 28.631482618735742, 37.81568227448308, 51.03502462289646, 42.59019910993186, 16.268290315009576, 46.30230011917535], [56.99436026631752, 78.80859290136553, 104.02066820364493, 51.33251848568848, 17.812438852869818, 61.532647360000794, 75.80108614146882, 61.50363784195664, 85.33041866506963, 12.780087344068225, 42.644065401514226, 62.64290336957092, 75.25046895705687, 76.047969351463, 76.99844080671987, 83.36694328912002, 34.956615819696694, 0.0, 88.48116456023293, 62.55168264412689, 65.47103030850327, 19.56614958859897, 35.08072419182572, 26.208352500029115, 96.3001557691229, 82.10817196416768, 96.63479933521332, 49.137937412619785, 5.558197952444955, 35.903816579801436, 98.63837638561087, 11.660703841376797, 47.707238005598626, 93.53446182298858, 3.5805096197295674, 89.03633000993631, 68.11833607238641, 16.622316454460684, 42.495853628646664, 41.89163295761325, 78.74359988996241, 90.10531894403672, 42.31130727397152, 62.34806780449067, 53.33391280125153, 80.99132218736058, 7.5525489900842215, 55.68891860813338, 13.326618166037342, 60.22572941408656, 44.461728263252304, 63.94397871634721, 8.756067688797728, 29.126484024371102, 20.9092603120561, 50.840662905203665, 44.02816734269438, 74.82171880878334, 40.17480824960431, 75.39871007745447, 68.76104598297833, 44.071764101133546, 93.40816991721171, 76.46431638026922, 96.44230248579423, 48.93360152468289, 74.7593455748836, 46.747186377168106, 6.778390715522049, 42.47847211549732, 81.77425179034032, 60.176581215152176, 43.6934629427267, 73.28916157813518], [47.11649705609394, 71.2247925673243, 35.60196572340214, 40.625080528052074, 79.3837245672073, 87.96278753469173, 60.56957266250753, 57.28293165728134, 13.410930619371353, 98.59175023118719, 53.320663762602855, 30.339288273827183, 29.630194046973095, 72.69773555346707, 21.237348574130973, 94.1727764358689, 55.81278501007588, 88.48116456023293, 0.0, 46.45269600413748, 87.63248224211665, 79.95901920537727, 54.37305418798758, 75.19730935115528, 42.25340131549642, 25.743428605798808, 15.63000417467082, 46.182399612736475, 88.76782858595173, 61.055777523687325, 18.881404006783587, 88.06637157296574, 53.86783595811611, 5.053309690636377, 90.74504232065314, 8.410637334772408, 21.34354540455414, 75.53019643864397, 53.55999766555365, 50.68797071334981, 64.60358214532741, 52.68601621603795, 50.8055505465995, 55.97547515431807, 49.80494057044241, 10.235172048762394, 83.84290847789745, 51.70196317080324, 91.46824023144757, 40.55222638523881, 64.72285459143143, 31.457406574315375, 96.9739279949716, 72.93166262334965, 79.84132191231238, 56.9021119885121, 81.21811237786076, 49.654962091361114, 61.60022704801574, 37.347100998015186, 21.005829580948873, 48.482030786726604, 35.9184521676695, 14.81675044105392, 11.039840587402486, 57.75708306402997, 13.857304087798287, 44.26696529848444, 81.71046657790562, 86.83651544956071, 10.624187797931466, 78.56873067659869, 44.98438144967783, 24.14265062521625], [5.759332406482929, 29.26789084175956, 44.16369292031183, 19.365098017333096, 63.287611135239146, 41.54577332890152, 19.893166272720563, 71.23577286574856, 35.44540934534037, 67.9533458033733, 52.161794383049056, 45.15842602354944, 58.00959692712809, 29.31340800651341, 52.287345231065885, 49.632795979191194, 29.756657574741205, 62.55168264412689, 46.45269600413748, 0.0, 41.20453832709872, 46.262719342681585, 31.716327155466892, 39.45993786955176, 34.18689994275041, 60.246829473204514, 44.97546420883066, 15.930862371892053, 60.06597309902839, 55.61026486023261, 45.443931183741704, 56.51927780085274, 14.905286528221032, 50.294794437284956, 65.89288831625808, 52.59089111942164, 39.378319681944646, 57.63007648310859, 20.400217785893744, 22.929395459181613, 24.413704266564444, 28.117196533872747, 22.163721047625863, 9.69721422225671, 58.31008753170652, 46.335875837377905, 61.714034495706336, 62.15308779330479, 71.65958485533086, 54.832658601000176, 22.418158266177304, 48.48965756879998, 71.03623369569212, 63.94353987618394, 65.7051972997907, 13.621798006433515, 37.31881121340765, 13.207052414824497, 23.285531612436763, 14.328817022404616, 28.742602207453864, 46.49550118049607, 32.4184860691578, 31.930998241538866, 57.4717277545326, 62.834720575558464, 38.95735074596846, 42.8381301790612, 56.961864627271765, 43.3837739628066, 47.74161503349835, 32.123577091097324, 35.84345370555484, 51.21515071213575], [41.56800434162876, 25.603591155309324, 77.71893107326517, 54.045268228520676, 76.34465836652637, 4.341779877292323, 32.300829413151405, 102.45588609194901, 76.11680906122412, 62.785993962338196, 80.0495414804008, 82.1638512830789, 96.40475376005621, 22.00208425911913, 91.92132993538466, 17.95264551709346, 51.34565349915905, 65.47103030850327, 87.63248224211665, 41.20453832709872, 0.0, 46.259872352390595, 54.877607161190866, 40.83673794508953, 64.14731209041882, 99.81573970702979, 84.55232385710028, 47.539715889600885, 60.4217304879129, 79.67282009553159, 84.36320900333894, 54.40493519460567, 38.88294698309311, 91.34820664906549, 68.92292682875272, 93.74078388960909, 78.74845572926054, 71.02737547943207, 43.954100293710084, 49.13947432260445, 31.004000218451367, 50.31184299007096, 48.33296851371252, 31.671181652346178, 89.51383597560184, 87.21261172978276, 69.2988693112559, 93.4111004279895, 78.48047056973029, 89.323450237372, 30.09537010737412, 85.35892337428217, 71.1159296194432, 82.80217257793967, 79.75979139136842, 33.59575763260852, 21.48914746892561, 41.262634488728914, 36.72945180144159, 52.17802769123464, 69.36352287894907, 75.93874381606051, 65.96007396728936, 73.12807760677941, 98.66198191109946, 91.19969475246408, 79.64547176376591, 74.02015681539798, 63.48589728020152, 23.722362833804883, 88.60076018589598, 9.490270405791824, 66.08347071929317, 90.1933972688787], [41.16756216249913, 59.516691503826785, 89.68983230135932, 39.754189141109464, 31.096109994594542, 42.473121332606, 57.23814327061991, 67.20363557437493, 74.19689767201673, 21.732191996279838, 45.00318956461676, 59.093411997560004, 73.37637204837134, 56.653444304418954, 72.92511840343712, 64.05287421414305, 24.243829729231635, 19.56614958859897, 79.95901920537727, 46.262719342681585, 46.259872352390595, 0.0, 26.28629314775555, 7.108849252092422, 80.44955382035079, 79.37902982762567, 85.3992208655254, 35.5734656055557, 15.198004510987435, 40.975236104155954, 86.93172920328304, 10.401327167184325, 31.52298878421217, 84.90579373812558, 23.126300900138663, 82.27277186798749, 61.76214233480931, 26.463824011971187, 28.024024519384923, 29.526568426727074, 59.875481511862404, 72.67131264342251, 29.578584814587057, 44.370102081612664, 56.193201750717805, 74.20080439040471, 23.09850241859253, 59.477388726294315, 32.26196643836665, 60.446237115053265, 25.894707514744226, 61.27885729843547, 26.604462057772533, 39.71188351798743, 34.624335887973075, 33.361983127471746, 24.77444419212373, 57.537363719406954, 22.987750484914542, 60.08342544369482, 59.09092572911513, 43.76034161456287, 78.36776613646609, 66.32515358439414, 89.30021461745663, 54.45371399629422, 67.04532535941459, 44.583320863831524, 17.319391843575126, 24.197827606323234, 75.23795360090455, 40.627602153348725, 38.657104343793634, 69.66876426912279], [26.011443152916303, 56.315438604232945, 69.54301390646658, 16.45371679868382, 31.850738855970178, 52.60456237789575, 49.58900800914505, 47.692230466955806, 50.28383702195606, 44.291275162254905, 25.17374218594892, 33.215085697776786, 47.81703268802519, 54.78263676119794, 46.7486257630274, 69.97311674591519, 3.5498253900121663, 35.08072419182572, 54.37305418798758, 31.716327155466892, 54.877607161190866, 26.28629314775555, 0.0, 23.18366151012148, 63.18268722346763, 53.44622302686631, 61.59743710474418, 16.01059774104344, 34.61167884697769, 25.744482861559895, 63.56257337149712, 33.706791761203476, 19.4812283889213, 59.392761254934236, 37.85096709380115, 56.14359456254512, 35.498015163497406, 26.35663386265602, 12.693050472849551, 8.798502119070127, 53.61807564988465, 59.69461907281735, 9.604080276770002, 35.629583365774295, 34.952251368994, 48.04489632036016, 32.068154222518466, 38.778021330822284, 41.44443319337951, 36.54245639110148, 24.868865082775045, 35.67744571875499, 43.81781838991969, 32.46087754092553, 34.07806012482469, 24.993782157879384, 37.64037791304913, 44.916485204127035, 18.16081168842754, 42.27123903457117, 33.97680299892594, 21.32132166738365, 59.547432866499314, 41.58321972989723, 63.28293130891806, 36.34973545863764, 41.0758571851339, 20.327863256435617, 28.522368517949104, 41.17702728146679, 49.04286987784845, 46.085805710628605, 13.065714747450718, 43.60841309167315], [34.527102269650825, 52.622319435382245, 83.17661516784078, 34.62062765867069, 35.53910876054864, 37.31662548508486, 50.14048533138898, 67.67791418847632, 68.65360256110436, 28.737952316023488, 44.97529596636738, 56.39485653674707, 70.99204856604926, 49.83972946609532, 69.76820137433695, 58.359061391042864, 20.450270545256966, 26.208352500029115, 75.19730935115528, 39.45993786955176, 40.83673794508953, 7.108849252092422, 23.18366151012148, 0.0, 73.62312884505934, 76.60135819318405, 79.74607950768979, 29.806717620658663, 22.184710772725374, 42.13261705870296, 81.13155496628394, 17.4943729115697, 24.9025486898078, 80.06580927948313, 29.78883560107983, 78.07057260538042, 57.991892865185115, 30.346343170073784, 22.164548497929005, 24.513359862171527, 52.820972274756365, 65.60556383611069, 24.40011761386403, 37.27699875883925, 55.915942042763554, 70.0820354128838, 28.751701894534275, 59.44226243382491, 38.38720680382005, 59.08735625973309, 18.785858325452388, 58.849113469835196, 33.60617515830133, 42.814807272212796, 38.984734022160396, 26.36818738859972, 19.667936955478297, 50.50545688676418, 16.195205604286578, 53.44234671167109, 54.20489485791816, 42.808796874158276, 71.72079953365711, 61.17899210553316, 84.9071519473915, 55.193863282476194, 62.70861462236819, 42.89519371199922, 22.949169945610826, 20.634275917974936, 71.19285974480917, 34.46094503287756, 36.167381529917115, 66.72553603062254], [39.44695545963943, 40.21528821910505, 14.126403381235502, 47.30214881505747, 94.90050654302533, 66.42744845053491, 31.847478182469768, 90.82301150674071, 29.525334312574827, 102.13504711781647, 77.41201980980911, 61.02395474736615, 68.07127676149561, 43.215820946410595, 59.865625178237174, 63.19486337767674, 62.114446703204635, 96.3001557691229, 42.25340131549642, 34.18689994275041, 64.14731209041882, 80.44955382035079, 63.18268722346763, 73.62312884505934, 0.0, 66.45699146886426, 29.72863801416551, 47.5217573423507, 94.10088097409655, 83.03296717471925, 27.602589498918558, 90.69578306601785, 49.01702837286763, 42.77104443731692, 99.53916257622112, 50.661506140784304, 51.331777255729264, 89.51471395406614, 53.80446687627084, 54.97731592997769, 33.668070439320665, 14.845487472554225, 54.40635466651331, 38.1758233392906, 79.61617106021853, 49.22556023391525, 94.77648488075504, 82.84761526701563, 104.47610301895725, 72.7184791409045, 55.92448117859558, 63.81692486160135, 104.90228557962018, 93.28541783931142, 96.838325610142, 47.43253120727312, 68.66654008782142, 24.614870526288712, 57.46850513033039, 20.986129921752013, 40.145070162564835, 71.42408623655487, 6.367322995661689, 35.7451615653454, 51.08926991043149, 86.2222472851676, 45.546327161952114, 66.9269775039627, 90.40827399488835, 74.74407236007315, 50.38694702589276, 57.62107351901858, 62.3322674466844, 61.10556424706034], [58.46862166389985, 88.64106983657881, 61.243004657424535, 46.25083374239451, 68.80465457017668, 99.080628103787, 78.21897437035538, 35.26357840258608, 36.98781839113772, 93.97848136525164, 40.49394464071001, 20.286442248185157, 7.322911505247343, 89.26552924769182, 7.9619709261300855, 109.8770094989596, 56.20576103970229, 82.10817196416768, 25.743428605798808, 60.246829473204514, 99.81573970702979, 79.37902982762567, 53.44622302686631, 76.60135819318405, 66.45699146886426, 0.0, 41.3416966999822, 52.86131427162886, 83.9910880786085, 48.36798712216739, 44.584426220782014, 85.10793341640529, 61.663763618229055, 28.084634179477515, 83.48687871707774, 18.35277688815819, 21.0821483459407, 66.5522005700686, 58.47516440583985, 53.94725862347337, 82.66866191632272, 74.66335374762373, 54.4704567226315, 69.76881599044846, 32.4087330691188, 17.231568056815586, 75.91124466548465, 32.61367531307452, 81.32013177916855, 23.149638135352077, 72.17827326299151, 18.30456283888481, 89.68430079344387, 59.638995502322395, 68.15115114304666, 66.41129174439043, 88.17814910375036, 67.81259722619048, 67.07050413897534, 56.226972244032495, 31.79663013256552, 38.053691523523305, 60.108267122517944, 31.91734982567535, 23.584938768783154, 40.10672178076234, 22.327040945943477, 35.580346573914795, 75.55529781265258, 92.8803836575897, 16.101616585368774, 90.33444537575849, 40.72215366089298, 9.976763815549136], [47.49620876534276, 64.65253222914559, 20.50849951608917, 45.84885506789744, 89.7979309228273, 85.6453905324553, 54.377323473129024, 72.2356901622563, 11.3167614440108, 105.54685388363478, 65.69116221506027, 43.86840292344924, 45.15358223499028, 66.78933160073426, 36.685