instance_id,num_cities,city_coordinates,distance_matrix,best_route,total_distance
2405,68,"[[85.24356693166433, 12.33419755882812], [77.55180687702847, 62.283666682596774], [18.167999755781985, 66.47461818915984], [90.92255324214584, 73.21226734048787], [5.423868967155565, 84.42180307102224], [68.35380240020879, 70.06237767108345], [78.87003160205856, 70.13525217044993], [79.40924118634406, 67.30353681391948], [3.7132785047463313, 31.06005843578008], [81.29134045725446, 78.8561088288698], [2.833452376272072, 74.92419123111229], [58.34825356878574, 19.048989644349966], [37.81547090075925, 10.293972026887], [53.836996713694305, 76.43375464154065], [0.6990170617036662, 26.215246846150965], [90.19141687402418, 49.3274606796526], [4.452752708317298, 55.42027138124854], [85.6262935685158, 55.880723782308706], [51.055090613069154, 11.00758151301643], [71.77302308259145, 42.27435317596815], [72.09891908367133, 41.57690106139433], [55.24766918754583, 41.00706143133205], [23.019414571650675, 50.83656180851675], [13.753077310051765, 48.34945722165743], [80.16452672304918, 67.22675979056764], [5.326252509328944, 29.159267098163845], [34.243985250223815, 50.30826033501402], [70.11534540223147, 93.05975562614442], [64.56195789808363, 90.04372896199197], [18.57229963178587, 66.55367240929571], [4.744319751738246, 14.472484557736486], [50.192611614651874, 65.15823187625838], [91.62692655545611, 71.28387595852156], [46.78535736700869, 91.6154577798099], [65.04153599242974, 51.25958852463432], [89.29288216875665, 16.959652964721794], [42.656616641370825, 56.68089252956534], [67.6821220878615, 41.34627315299737], [75.79786421443451, 38.92605811382208], [40.477069421582776, 28.066518831616882], [25.836803251111906, 18.805900612995085], [66.39007157701496, 33.628619755697144], [46.37598553887401, 9.606166273535543], [33.94329513439553, 21.62041368228399], [33.246816306201744, 22.022583303170894], [1.8974405669425098, 61.544743157410174], [80.93400587702153, 46.059985910853264], [44.65688767782699, 38.377669485927626], [35.08762019994713, 91.10255378006194], [87.86484838524127, 5.478076171362057], [49.97937665244048, 6.730432900151295], [48.93922772672191, 36.63647930465734], [47.396345044291046, 68.54894888843141], [45.639338477860036, 53.35423462630137], [75.77631803272301, 72.19994355493377], [33.89922509503083, 30.701272603110695], [11.844078864678654, 23.470712961160878], [29.455542209213124, 35.759206787192646], [70.65289754675337, 66.80387088468214], [52.82164136961644, 25.123814889823638], [97.58860407124999, 52.12477829665735], [11.226920674493035, 60.40275159839388], [56.69411961492933, 46.36943717331079], [67.8525733847248, 10.92247987282251], [89.71973009096581, 74.4844244104348], [39.92978884453105, 41.703581917044495], [49.38263746697357, 50.22815709738771], [91.58625877673073, 85.2686730215879]]","[[0.0, 50.538229475164734, 86.19928571627236, 61.142377005275726, 107.55374029584989, 60.14820799492704, 58.151387488291455, 55.278093446173, 83.65312783488373, 66.63921347918449, 103.48398083244308, 27.720864229659625, 47.47195817888639, 71.38015039950675, 85.67651044499509, 37.32268392517696, 91.56181201954467, 43.548208066587975, 34.21420499032746, 32.830907236449576, 32.06115211882981, 41.49562632527378, 73.17292661728034, 80.04991589576416, 55.12703545272615, 81.66921151500055, 63.58448533574548, 82.13086394238923, 80.41455230937493, 85.93491337304258, 80.52764163828802, 63.39517387155156, 59.29428187872704, 88.1166959500071, 43.85553689000579, 6.147502875254229, 61.483962867202536, 33.913196182072255, 28.219644710706874, 47.45045028185065, 59.758233837842944, 28.441285199271384, 38.963201075100535, 52.13397832858322, 52.891652403169715, 96.78974417836996, 34.000016418367935, 48.22386300237146, 93.38133075915141, 7.340130580482612, 35.70665616379027, 43.687594842943504, 67.76806380324882, 57.01875439219978, 60.60970504287861, 54.53064170096828, 74.23952332687736, 60.506485270438496, 56.3900074953447, 34.853343722292635, 41.66161611641411, 88.25559365056633, 44.42373777279754, 17.448197711358993, 62.31120873755266, 53.99906686333205, 52.17239146887477, 73.20974969817463], [50.538229475164734, 0.0, 59.531509494920144, 17.26879181355653, 75.44889999120602, 12.046228911904265, 7.961476690837382, 5.352490854617924, 80.16883424458032, 16.98911269281607, 75.78004592346409, 47.30765010295931, 65.4362647712481, 27.615524806326345, 84.89571374278331, 18.100359523138778, 73.42055512881076, 10.30509646317566, 57.71752665430859, 20.827072985645355, 21.4127094917564, 30.82480314762035, 55.720893931682525, 65.30268055494781, 5.591106730143824, 79.45915020657282, 44.933036523796765, 31.661784692706377, 30.64893528740753, 59.133875433609674, 87.10246447532849, 27.509792628397996, 16.706668158926952, 42.50798024398651, 16.674446822575657, 46.820071214214835, 35.34211906200043, 23.14703276125959, 23.423368521964647, 50.451455523562906, 67.56299092277939, 30.752171456506733, 61.21152575663486, 59.625518370700995, 59.86557461819044, 75.65797479285804, 16.57247983432154, 40.664141588002906, 51.31993183629979, 57.734166127867475, 62.01935739893485, 38.42470437142872, 30.79944219404682, 33.138201462600826, 10.073971790962027, 53.87945352382437, 76.31481440144675, 54.925382545226256, 8.247860084646629, 44.63670766627907, 22.465000668603114, 66.3515513860321, 26.23558306570985, 52.268983545184376, 17.231275184201387, 42.8830517780029, 30.640453923064527, 26.93095535862994], [86.19928571627236, 59.531509494920144, 0.0, 73.06586733274689, 22.011685867769557, 50.313882827361766, 60.812308880779646, 61.2468510051159, 38.250882460027604, 64.32618014288893, 17.508387359369333, 62.15820975018254, 59.51712464159552, 37.03325185371518, 43.88601528163946, 74.03646145004605, 17.615521136843146, 68.28507891793517, 64.48374138252292, 58.81455051750797, 59.40067657632813, 44.98331170981148, 16.373302448797627, 18.655106547529698, 62.00108928875086, 39.463222111050186, 22.79886917997922, 58.354916264656346, 52.03750892127398, 0.4119562591562956, 53.70676947156081, 32.05165577058484, 73.61618631015904, 38.0921904328385, 49.28108690989599, 86.66302948453153, 26.37440841544217, 55.52550796321062, 63.875851773163504, 44.4170765090685, 48.28164436311322, 58.34576097561146, 63.48000697242239, 47.5474458433589, 46.93989895671263, 17.001022444141334, 66.00249037324241, 38.61476025794701, 29.879905746910136, 92.61872838150354, 67.68553298828814, 42.862372810314824, 29.30186028487356, 30.443700760907365, 57.89212109813659, 39.07945374609434, 43.46639898008173, 32.72376983524524, 52.48593052872571, 53.951494980217866, 80.70656909307068, 9.22204655750376, 43.456647536153135, 74.52916830481415, 71.99866047129794, 32.972408197425494, 35.189502773517695, 75.78560057630628], [61.142377005275726, 17.26879181355653, 73.06586733274689, 0.0, 86.23038156037926, 22.7875035818945, 12.439103675161476, 12.940998838183694, 96.86209948049523, 11.163028552047878, 88.10573406291654, 63.20400026896096, 82.33513271978315, 37.22521300752782, 101.73006643194861, 23.895994426143286, 88.2812637232481, 18.122714163159483, 73.88394626287399, 36.38487375521417, 36.81203067672981, 48.06113440151282, 71.49481407317582, 81.07581231562878, 12.311029007184537, 96.26730249411287, 61.13144531680666, 28.755220210296915, 31.275854699904837, 72.6560120288824, 104.29309665021948, 41.51861789893941, 2.053006353264795, 47.820178565812334, 33.937400623384924, 56.27621568581247, 51.01849653889496, 39.44057841607053, 37.473995801351016, 67.6970120929788, 84.83046382274358, 46.569387077423414, 77.65392963064738, 76.86582607634654, 77.11598007510875, 89.78642329102631, 28.93125412593467, 57.91339238723917, 58.631067675054496, 67.80317258305557, 78.07802520433081, 55.68112689032119, 43.775305128214605, 49.44604132451993, 15.180027683306719, 71.12555536890288, 93.42177124171474, 71.97864398647332, 21.258562678237208, 61.352903310422455, 22.116021971183528, 80.71850806292989, 43.49854250382049, 66.42470619723306, 1.7507618751933696, 59.942132745041384, 47.47456083288594, 12.074660367227715], [107.55374029584989, 75.44889999120602, 22.011685867769557, 86.23038156037926, 0.0, 64.54742147990822, 74.82275283914154, 75.93991270775159, 53.38915536180434, 76.07134928932244, 9.844535985810715, 84.11061300917842, 80.89592827289206, 49.06770685404427, 58.39800863974348, 91.74502736402638, 29.017786048234765, 85.12944331370613, 86.43990002230717, 78.60418426833242, 79.25432440097201, 66.08517882280724, 37.91532217693222, 37.021478180855475, 76.69312508432765, 55.262622188277554, 44.65795450500431, 65.26562148401348, 59.40471036143441, 22.184483818361024, 69.95261930485002, 48.73731110159331, 87.1984648166769, 41.98239381836686, 68.22022203978177, 107.6343489429622, 46.43097691241157, 75.7072741509067, 83.79953470201754, 66.3674990021654, 68.71778911943001, 79.35253828309871, 85.2904177567273, 68.973706425453, 68.32114625990951, 23.147258316112197, 84.6959845091663, 60.49208208314484, 30.406752000785577, 114.14301163111722, 89.56082996556462, 64.6298972258976, 44.873558449798715, 50.818085334197875, 71.40616877801429, 60.80083305648975, 61.28828991502939, 54.2731019557203, 67.5663947829131, 75.9131097443192, 97.65979831068583, 24.71012429678983, 63.848423253036245, 96.43388225022184, 84.87958351245959, 54.91361329528416, 55.691819444069566, 86.16655155227203], [60.14820799492704, 12.046228911904265, 50.313882827361766, 22.7875035818945, 64.54742147990822, 0.0, 10.51648169867165, 11.394469256140951, 75.49555109549416, 15.643196561218788, 65.70048324290822, 51.98535145003895, 67.11819428455661, 15.85345677887607, 80.62097035373584, 30.113422066389585, 65.55711577188558, 22.348562776613704, 61.536285058210744, 27.997595886360696, 28.730615667853268, 31.874474577317017, 49.2426513844598, 58.75959576795952, 12.146354918016947, 75.13678526386283, 39.41706201294826, 23.06474423348109, 20.337956734612952, 49.905000055070595, 84.47723065512633, 18.81168511128915, 23.305157498111235, 30.491524778589767, 19.092301810989866, 57.08190985586627, 28.972564617529027, 28.72395886948105, 32.01381657762646, 50.40599568727929, 66.59520746307984, 36.486640768683216, 64.32711660361727, 59.4197516435632, 59.50060769030958, 66.99998601359951, 27.099378770178063, 39.56595127301145, 39.36150262474535, 67.46712470260584, 65.94357246941246, 38.65509528322296, 21.01203192233608, 28.197675707132017, 7.7241780289373665, 52.310749272501106, 73.24023535259765, 51.86310999714356, 3.9879449557244673, 47.547055125690825, 34.29914138958183, 57.93780278512554, 26.40650738140768, 59.14202179596765, 21.81873881441513, 40.15153600091346, 27.446336817324628, 27.766498655281836], [58.151387488291455, 7.961476690837382, 60.812308880779646, 12.439103675161476, 74.82275283914154, 10.51648169867165, 0.0, 2.8825958503050213, 84.70778182394068, 9.050750103110579, 76.1872385487625, 55.05406063618309, 72.570350444221, 25.813251811819406, 89.66423134090218, 23.688350537780757, 75.85817067116393, 15.77462060804382, 65.34334227444205, 28.750603866807815, 29.350083182245964, 37.502899911567056, 59.09086961928264, 68.66468231790004, 3.1835586286578517, 84.18859065149165, 48.83230097218997, 24.53930294746759, 24.516696785614226, 60.404008098340256, 92.69824623812286, 29.106101562093592, 12.808501296347822, 38.611210208819564, 23.399101882240878, 54.18745394299268, 38.63199731390064, 30.886479763242445, 31.36003836288846, 56.95434899746715, 73.80532257657605, 38.58087106964493, 68.69958710991209, 66.12186630130513, 66.30465051159342, 77.4504784734242, 24.163576624295143, 46.68065204283735, 48.54407569386995, 65.2798371408818, 69.67668943138104, 44.92238644749218, 31.513636788525982, 37.22742960951879, 3.719410458964254, 59.81147199668184, 81.67042034891679, 60.195550152377535, 8.866757770122078, 52.0052701153387, 25.976183792908007, 68.3396811767805, 32.50515397501057, 60.2290360934107, 11.688937354321446, 48.21516752447878, 35.578066939137976, 19.76671091040511], [55.278093446173, 5.352490854617924, 61.2468510051159, 12.940998838183694, 75.93991270775159, 11.394469256140951, 2.8825958503050213, 0.0, 83.92537453738586, 11.70488008593743, 76.95404996250052, 52.65041806070635, 70.5700517484354, 27.153279082806506, 88.78934031868098, 20.96174195397318, 75.89260281674275, 13.005091229122701, 63.03326453526915, 26.16814591273844, 26.745104157358046, 35.71114922541891, 58.74498967115188, 68.3373176832421, 0.7591778140005835, 83.32631351180169, 48.257017793992226, 27.381733077896218, 27.158022018790607, 60.841562721038414, 91.46567976750295, 29.29528591437591, 12.849705657510846, 40.68645101884895, 21.53692710784175, 51.30490230076199, 38.2569729923277, 28.483413754545328, 28.606351410267617, 55.274384469339985, 72.26359265495671, 36.104000002695436, 66.48445341540739, 64.45230786759201, 64.66323701808747, 77.72543302960821, 21.29820091775599, 45.21539422649686, 50.30705015618146, 62.40100060709331, 67.34402604709696, 43.23066199476879, 32.03711239542685, 36.53750621569518, 6.096960686568848, 58.402802244322515, 80.5379885920921, 59.07974947757373, 8.770588348306005, 49.86009833131606, 23.682988515524237, 68.5306476473964, 30.890342758977013, 57.553280987900266, 12.564685755167766, 47.05300041369858, 34.542228118403976, 21.70313056581159], [83.65312783488373, 80.16883424458032, 38.250882460027604, 96.86209948049523, 53.38915536180434, 75.49555109549416, 84.70778182394068, 83.92537453738586, 0.0, 91.11980097369596, 43.87295567776218, 55.93966637155315, 39.92730733415785, 67.6103500542829, 5.705959287097852, 88.38646050473685, 24.37143403343997, 85.59093097450041, 51.41350994084833, 68.97745456684618, 69.18959326518585, 52.485581750047615, 27.637600754871787, 19.993020542882203, 84.5743675177234, 2.492928568695096, 36.09179035088198, 90.84710749360688, 84.74452886563161, 38.478398378242716, 16.619586433258583, 57.64558819474827, 96.67866884523634, 74.31123984453411, 64.56915813518188, 86.7334422108182, 46.61556311882053, 64.79057927329984, 72.51249166779706, 36.88546599866347, 25.290605590787514, 62.72940217376661, 47.753283241982686, 31.669556335715743, 30.885365658229226, 30.538717556465187, 78.66408685137525, 41.59238588490946, 67.74548371644654, 87.95410467925203, 52.27315292304442, 45.56844250943369, 57.56411390501189, 47.4849954920829, 82.9793457049879, 30.188078753462143, 11.122413372384544, 26.167654382059006, 75.88499671128224, 49.46584974206612, 96.20966257624177, 30.28941169270705, 55.1484052541106, 67.2262688097452, 96.34721207566655, 37.748115360742986, 49.52884366025407, 103.24841188702719], [66.63921347918449, 16.98911269281607, 64.32618014288893, 11.163028552047878, 76.07134928932244, 15.643196561218788, 9.050750103110579, 11.70488008593743, 91.11980097369596, 0.0, 78.55635033607095, 64.05682431344209, 81.18446795137103, 27.56100125536864, 96.26101464547679, 30.84075909806061, 80.33310055090891, 23.38076424145663, 74.28090914609281, 37.7997779397368, 38.39583235821449, 45.94369599962225, 64.65842838828574, 74.10852030114103, 11.683812230871087, 90.77703820318713, 55.031202836251516, 18.073362935868584, 20.125483473798337, 63.91422395620914, 100.02348450827533, 33.98180055021518, 12.812612951155643, 36.78945303583873, 32.02536616569931, 62.41150469507469, 44.54640392052477, 39.90236330164887, 40.306168651171866, 65.15663567329364, 81.73881087658026, 47.61904642162782, 77.5540879192939, 74.28164103470257, 74.41992961956734, 81.25930544376975, 32.79806955379965, 54.59475416272473, 47.79915459041187, 73.67188529666915, 78.62920707655968, 53.189814018201254, 35.427507110754895, 43.83390049929813, 8.644073605484662, 67.5640499854471, 88.82828501176009, 67.41137104080855, 16.075848563087042, 60.80857816207113, 31.30758427803806, 72.45377362546805, 40.74809331026686, 69.2501148271078, 9.494702547844257, 55.59755577132762, 42.86869425189003, 12.128739535929464], [103.48398083244308, 75.78004592346409, 17.508387359369333, 88.10573406291654, 9.844535985810715, 65.70048324290822, 76.1872385487625, 76.95404996250052, 43.87295567776218, 78.55635033607095, 0.0, 78.7650385882318, 73.4901820274911, 51.02587889169083, 48.75568763959065, 91.03080015090798, 19.571025090047556, 84.95474209929503, 80.06659348377397, 76.28024865060907, 76.87487651929727, 62.430936384090494, 31.427487347122497, 28.73072739016017, 77.71322609703353, 45.832764845663576, 39.906962165856335, 69.68322484703906, 63.55319673432498, 17.826297940929287, 60.48190021692845, 48.35559870259983, 88.8680648607433, 47.014554462574786, 66.5571866025774, 104.09188583399484, 43.802994870201545, 73.02620451470425, 81.36136050250835, 60.10560179344718, 60.64995212999311, 75.79424824951667, 78.50093361594439, 61.71802830138159, 61.020921222937794, 13.412149300693592, 83.26367038446898, 55.54140790522514, 36.084217557861116, 109.78661668949549, 82.90432347685926, 59.93072171457097, 45.01660935553999, 47.933359081912336, 72.99372011054248, 54.043952174063165, 52.2364988852616, 47.35643223011686, 68.3038560094565, 70.56129620810758, 97.45948903464488, 16.772671793126023, 60.961836050884315, 91.23434196343862, 86.88739062701477, 49.797058774230926, 52.694598722662995, 89.35361742800778], [27.720864229659625, 47.30765010295931, 62.15820975018254, 63.20400026896096, 84.11061300917842, 51.98535145003895, 55.05406063618309, 52.65041806070635, 55.93966637155315, 64.05682431344209, 78.7650385882318, 0.0, 22.321413431377863, 57.56181626908076, 58.09294029511546, 43.94056050529789, 65.0199596138417, 45.83304600216037, 10.856079892544724, 26.82614298915569, 26.392945930995683, 22.175899984159546, 47.52448431048571, 53.35960218926296, 52.88711856967837, 53.97731288738015, 39.4735070051476, 74.94036249864747, 71.26614295913508, 61.958222990951484, 53.79894162035353, 46.82495824755037, 61.935074263362075, 73.481922036837, 32.89867337491342, 31.01508289447212, 40.77238752175414, 24.172090381189477, 26.449702505412443, 20.017368844742045, 32.51235909674564, 16.65041894551549, 15.2480200351536, 24.540053336681627, 25.276954165706368, 70.65821505820708, 35.20951755758709, 23.686522842712044, 75.71507887718725, 32.48690600919291, 14.892445772974268, 19.94616654517965, 50.6970439522328, 36.583689754589564, 55.93533170156549, 27.083771736253876, 46.71391550705788, 33.376940043517024, 49.314632166353675, 8.212608852432414, 51.32068688675505, 62.69412764754353, 27.370477020322507, 12.504889293007881, 63.6966009052802, 29.197095640502415, 32.442607095448444, 74.09326188517429], [47.47195817888639, 65.4362647712481, 59.51712464159552, 82.33513271978315, 80.89592827289206, 67.11819428455661, 72.570350444221, 70.5700517484354, 39.92730733415785, 81.18446795137103, 73.4901820274911, 22.321413431377863, 0.0, 68.05262767658706, 40.38710360322058, 65.32115241634939, 56.11999517647652, 66.06078034490743, 13.258837378340488, 46.64611590070884, 46.4109520295419, 35.31537056120578, 43.15813792433199, 45.02464590336621, 70.95621785004984, 37.56925165361157, 40.17335906490633, 88.84512832795033, 84.11538680827881, 59.4596798478216, 33.334081737642926, 56.243049535661235, 81.3353621819404, 81.81468638502653, 49.1878069791324, 51.90717843631611, 46.63885810998852, 43.08436210922324, 47.56530831945048, 17.97074084762129, 14.694944944289919, 36.89191765732893, 8.58810151452115, 11.970047023246257, 12.587014231919545, 62.5839152221579, 56.02156555869553, 28.905000371708507, 80.85461059460665, 50.280543349047434, 12.67514947618212, 28.59485365590344, 59.03757683453201, 43.76527297977854, 72.6180089633946, 20.779675118230927, 29.12283821918392, 26.802361633356398, 65.35797776591073, 21.097615777139232, 72.95645140901713, 56.72601513662445, 40.716612860156644, 30.04367733391923, 82.54978073434634, 31.48069144442725, 41.5756957802939, 92.26322895957807], [71.38015039950675, 27.615524806326345, 37.03325185371518, 37.22521300752782, 49.06770685404427, 15.85345677887607, 25.813251811819406, 27.153279082806506, 67.6103500542829, 27.56100125536864, 51.02587889169083, 57.56181626908076, 68.05262767658706, 0.0, 73.1132231999861, 45.34749207555019, 53.66907894414801, 37.85480777952127, 65.48528943049972, 38.58193554491441, 39.350959964844904, 35.454768207375466, 40.06169804205279, 48.94331779033957, 27.89099479364845, 67.73602790059553, 32.65620233536106, 23.268187397510047, 17.327902164139847, 36.62260074318431, 79.05245044708668, 11.84985047924745, 38.13921928795992, 16.739466169930846, 27.555042009228, 69.2408014372096, 22.69749898504938, 37.72027112621641, 43.4638585516806, 50.17845311628566, 64.07012091355374, 44.607838561394, 67.2427933300984, 58.311763046935205, 58.17672297084566, 54.0314737509181, 40.70397686348009, 39.14766939782856, 23.805730146763764, 78.69309370296841, 69.80998706718566, 40.097521934521694, 10.180970272564961, 24.492158840848877, 22.344103836508253, 49.88962467801598, 67.59059796681653, 47.422296094872195, 19.378059293899472, 51.31998503311918, 50.05126848847906, 45.52594467593061, 30.199773775696933, 66.99375725576243, 35.93564307166713, 37.41116582237785, 26.581472098906808, 38.769350898433906], [85.67651044499509, 84.89571374278331, 43.88601528163946, 101.73006643194861, 58.39800863974348, 80.62097035373584, 89.66423134090218, 88.78934031868098, 5.705959287097852, 96.26101464547679, 48.75568763959065, 58.09294029511546, 40.38710360322058, 73.1132231999861, 0.0, 92.42869712623742, 29.445271087227386, 89.95933979701181, 52.60235002730536, 72.86569307959383, 73.03373486941008, 56.518609567721334, 33.23265405407859, 25.696921175788358, 89.42433348774512, 5.484392685796841, 41.30058340681601, 96.36812229320745, 90.29147435657036, 44.12077522826831, 12.420021739763994, 62.977551435625024, 101.48431432971527, 80.00711438930581, 69.04475934102067, 89.07602905779224, 51.85167045906073, 68.67084036214912, 76.16693223933588, 39.8211081903738, 26.20699727376612, 66.10803840101137, 48.60295265446375, 33.56031162516571, 32.81672840556755, 35.34981652717856, 82.65268960378909, 45.60941693962323, 73.43663000802242, 89.5986182813035, 52.99256377929406, 49.35301420338546, 63.030014828793426, 52.499115675586346, 88.04086240202194, 33.501913983357845, 11.47801676414488, 30.298925887158973, 80.87633644186566, 52.134050182765506, 100.29404713573595, 35.771807833331756, 59.51170387150449, 68.87284550916782, 101.26500309075493, 42.17750559177909, 54.28365089507487, 108.38725870517962], [37.32268392517696, 18.100359523138778, 74.03646145004605, 23.895994426143286, 91.74502736402638, 30.113422066389585, 23.688350537780757, 20.96174195397318, 88.38646050473685, 30.84075909806061, 91.03080015090798, 43.94056050529789, 65.32115241634939, 45.34749207555019, 92.42869712623742, 0.0, 85.95487697138164, 7.986589264957203, 54.77285068854382, 19.72266602959189, 19.68272467647959, 35.92067017787551, 67.18895206451141, 76.44459592450602, 20.5164186631518, 87.22873468638156, 55.95602803330285, 48.12028955677099, 48.11115951875256, 73.66166116177378, 92.28258647808214, 43.0176445061381, 22.003292025141036, 60.60000578110106, 25.223989104971942, 32.380277035369915, 48.100209907333806, 23.882372288070705, 17.75847779233476, 54.06980664740372, 71.2255707134517, 28.512412109520334, 59.1402845138801, 62.70192702421895, 63.15254438558708, 89.13522448087974, 9.81713042248935, 46.832587760079115, 69.14901887551184, 43.91106287359609, 58.57913412154427, 43.160214523392725, 46.91357779867404, 44.73368526999945, 27.03600465091898, 59.29372426779818, 82.50379855332945, 62.232981488836714, 26.214092606012436, 44.52321406602783, 7.908436272816925, 79.73740482973172, 33.627649735422104, 44.42934254760475, 25.161385346860428, 50.836549642575825, 40.81871789669832, 35.96826835617234], [91.56181201954467, 73.42055512881076, 17.615521136843146, 88.2812637232481, 29.017786048234765, 65.55711577188558, 75.85817067116393, 75.89260281674275, 24.37143403343997, 80.33310055090891, 19.571025090047556, 65.0199596138417, 56.11999517647652, 53.66907894414801, 29.445271087227386, 85.95487697138164, 0.0, 81.17484679502608, 64.37596538709488, 68.59179228395548, 69.0481189250996, 52.800228798672585, 19.12410327818042, 11.682998355606383, 76.62679618134386, 26.275527546722255, 30.22664707344785, 75.68557890053188, 69.36786261224266, 17.98094056981872, 40.948824855966215, 46.764971585298404, 88.60581547570824, 55.69686647932415, 60.73147406149852, 93.15077420958876, 38.224656768829874, 64.77677499122397, 73.22693498386809, 45.232501292810895, 42.40153021262237, 65.65902488776489, 62.10064152475111, 44.856688164136386, 44.096526704941105, 6.636171688319844, 77.0519112698882, 43.667181589941755, 47.02893134463494, 97.22037115542568, 66.65863679272888, 48.289515470128165, 44.90561541506711, 41.23837236391239, 73.27078796383395, 38.44637351708302, 32.79338325925378, 31.80718383946848, 67.1717612861572, 57.07385273718565, 93.1941365310548, 8.409189066028077, 53.01960030150015, 77.45702492949223, 87.37218872555114, 38.036399183776886, 45.228891155574495, 92.10415278507942], [43.548208066587975, 10.30509646317566, 68.28507891793517, 18.122714163159483, 85.12944331370613, 22.348562776613704, 15.77462060804382, 13.005091229122701, 85.59093097450041, 23.38076424145663, 84.95474209929503, 45.83304600216037, 66.06078034490743, 37.85480777952127, 89.95933979701181, 7.986589264957203, 81.17484679502608, 0.0, 56.645979300448396, 19.417683286975073, 19.687285360977718, 33.8243499717426, 62.80975137465489, 72.2667225723121, 12.59219719409392, 84.62938521240554, 51.68359466008003, 40.28485971009592, 40.134986734066665, 67.89808491600716, 90.86548279835029, 36.62810359875166, 16.5307196820806, 52.7786845126109, 21.097088318911545, 39.093396188500066, 42.97712653548748, 23.09206671614769, 19.59741593931011, 53.02907163159742, 70.35144394716293, 29.414084553448934, 60.67883776947708, 62.007267116775395, 62.36973075922572, 83.92021175164297, 10.884137821600193, 44.55164563445521, 61.60141893045567, 50.45233407743145, 60.71617395243432, 41.428030916225495, 40.27422117812177, 40.06669096490929, 19.061451991990364, 57.52994328648534, 80.58674834009648, 59.66597652308515, 18.534231331366843, 44.968129275203125, 12.538101892033314, 74.53667166296935, 30.455463592582053, 48.34406710855586, 19.048724356876676, 47.84518675328782, 36.68179545407147, 29.9862092598178], [34.21420499032746, 57.71752665430859, 64.48374138252292, 73.88394626287399, 86.43990002230717, 61.536285058210744, 65.34334227444205, 63.03326453526915, 51.41350994084833, 74.28090914609281, 80.06659348377397, 10.856079892544724, 13.258837378340488, 65.48528943049972, 52.60235002730536, 54.77285068854382, 64.37596538709488, 56.645979300448396, 0.0, 37.50791564503214, 37.11234315360546, 30.291030198271287, 48.70674288513571, 52.781207620687105, 63.30841394983841, 49.19969841269488, 42.74525259476773, 84.23688378209901, 80.18196846817368, 64.34671649580466, 46.44020941899387, 54.15751845113277, 72.65882977186733, 80.72087919637148, 42.61272958651174, 38.69826685553775, 46.43905365387739, 34.59616143576603, 37.30477424135086, 20.072415768100115, 26.39651110005534, 27.328977520964884, 4.8844640411009275, 20.135683528427723, 20.939553439023957, 70.50162597507264, 46.05888222069591, 28.107983144392264, 81.67107623787454, 37.22275777759313, 4.410347013742294, 25.716089861567177, 57.6575700022948, 42.69156123974512, 65.9973049253023, 26.118292257057597, 41.14405288527305, 32.85092761192229, 59.13797379228186, 14.226339877984907, 62.09663232500896, 63.45207599771236, 35.808650963465695, 16.797698346893604, 74.32539223024159, 32.64991240792428, 39.25621796219377, 84.60192258309168], [32.830907236449576, 20.827072985645355, 58.81455051750797, 36.38487375521417, 78.60418426833242, 27.997595886360696, 28.750603866807815, 26.16814591273844, 68.97745456684618, 37.7997779397368, 76.28024865060907, 26.82614298915569, 46.64611590070884, 38.58193554491441, 72.86569307959383, 19.72266602959189, 68.59179228395548, 19.417683286975073, 37.50791564503214, 0.0, 0.7698361225893166, 16.57387551909698, 49.49975514591327, 58.33713222823347, 26.325651543848323, 67.72871475558945, 38.379321839545966, 50.8124492355794, 48.31058604572687, 58.479075900042446, 72.5657699530636, 31.454507840612845, 35.15295002103398, 55.30757670917216, 11.227082110501096, 30.78602782406918, 32.48558911574636, 4.194854404829796, 5.235496725217914, 34.37003451130839, 51.58395640222386, 10.184540897152859, 41.37897958492044, 43.100737038283725, 43.524737696600475, 72.48410144257929, 9.912346894821516, 27.394688227277722, 61.07382384373483, 40.16108617767583, 41.693324325316844, 23.519520236232257, 35.84099345772031, 28.38544070422395, 30.192173323352996, 39.60253486771272, 62.80967473567764, 42.816075484984786, 24.555079316470348, 25.559652429862822, 27.63105312579115, 63.20181442153499, 15.625077367244124, 31.596042243451933, 36.87238779051133, 31.848349196936333, 23.761152430731496, 47.340002615747366], [32.06115211882981, 21.4127094917564, 59.40067657632813, 36.81203067672981, 79.25432440097201, 28.730615667853268, 29.350083182245964, 26.745104157358046, 69.18959326518585, 38.39583235821449, 76.87487651929727, 26.392945930995683, 46.4109520295419, 39.350959964844904, 73.03373486941008, 19.68272467647959, 69.0481189250996, 19.687285360977718, 37.11234315360546, 0.7698361225893166, 0.0, 16.86088195396846, 49.94536094871331, 58.73759247037767, 26.88808805807766, 67.91749873701973, 38.848843615990866, 51.52105277151186, 49.04935464059854, 59.06723369950815, 72.60365999843948, 32.186417475812284, 35.55063196845634, 56.07703242188713, 11.981698235531034, 30.02734204728091, 33.0904779562713, 4.4228141419605596, 4.550732184285312, 34.38708775174799, 51.56260100815459, 9.786016327840048, 41.03409793117991, 43.05941276272982, 43.495485205025965, 72.9860418429864, 9.907411791859635, 27.627887547780606, 61.827392976498956, 39.391492548306864, 41.27408994368679, 23.68077428809282, 36.574697922949966, 28.962302942523603, 30.84305423578554, 39.717702793444715, 62.91645108663849, 43.03839167447079, 25.26837914766803, 25.343983124874597, 27.585897754761806, 63.71666060590786, 16.133079342028207, 30.947132180564367, 37.32824766209142, 32.16937967045616, 24.307893398841305, 47.84064532731812], [41.49562632527378, 30.82480314762035, 44.98331170981148, 48.06113440151282, 66.08517882280724, 31.874474577317017, 37.502899911567056, 35.71114922541891, 52.485581750047615, 45.94369599962225, 62.430936384090494, 22.175899984159546, 35.31537056120578, 35.454768207375466, 56.518609567721334, 35.92067017787551, 52.800228798672585, 33.8243499717426, 30.291030198271287, 16.57387551909698, 16.86088195396846, 0.0, 33.69390854816404, 42.1391970856302, 36.17073916156361, 51.30807025918246, 22.971004331216637, 54.134376961071446, 49.913432427511225, 44.69577233375633, 57.04973333939466, 24.67453425953884, 47.33007357436166, 51.31101735799661, 14.178650809957347, 41.681583234037596, 20.104814983393535, 12.439078885604188, 20.655292068877838, 19.6374198972602, 36.84956684701395, 13.363926540115125, 32.630093280176794, 28.804834051634703, 29.059386388999606, 57.1668021193448, 26.178616050525864, 10.912302918685873, 53.99986971136166, 48.23058337214823, 34.679131616867245, 7.674530721200525, 28.63911408374887, 15.645213483147492, 37.341951188783725, 23.705808329249834, 46.812339939192995, 26.32059635404284, 30.046571164972963, 16.06745566888878, 43.776230937845874, 48.10425237654254, 5.554033888719081, 32.61848643592575, 48.052646284712516, 15.333707933501787, 10.928275361001356, 57.26764665933016], [73.17292661728034, 55.720893931682525, 16.373302448797627, 71.49481407317582, 37.91532217693222, 49.2426513844598, 59.09086961928264, 58.74498967115188, 27.637600754871787, 64.65842838828574, 31.427487347122497, 47.52448431048571, 43.15813792433199, 40.06169804205279, 33.23265405407859, 67.18895206451141, 19.12410327818042, 62.80975137465489, 48.70674288513571, 49.49975514591327, 49.94536094871331, 33.69390854816404, 0.0, 9.594305366813849, 59.44915838501617, 27.98129892844639, 11.236996456579892, 63.25207345976733, 57.12254250494376, 16.334148184875982, 40.69797544076984, 30.716329062357303, 71.58968750146207, 47.19892364863608, 42.02425062157859, 74.42995002118064, 20.488433485847903, 45.659862258264376, 54.10568218733782, 28.69223884658053, 32.15432996648279, 46.65969522800328, 47.38644239988837, 31.191577034242574, 30.57523677007966, 23.6812781254804, 58.1112343989893, 24.968064408887873, 42.03560034707947, 79.13483749758211, 51.69323130429142, 29.554679106872705, 30.13243095630803, 22.75960531160664, 56.918230317219546, 22.886680589591734, 29.559732936883112, 16.39360769952857, 50.23846792521834, 39.36137797666833, 74.58031593086389, 15.184692931055588, 33.969706537712106, 60.026211490711624, 70.76830855697617, 19.21905512107531, 26.37024227649419, 76.72667337264807], [80.04991589576416, 65.30268055494781, 18.655106547529698, 81.07581231562878, 37.021478180855475, 58.75959576795952, 68.66468231790004, 68.3373176832421, 19.993020542882203, 74.10852030114103, 28.73072739016017, 53.35960218926296, 45.02464590336621, 48.94331779033957, 25.696921175788358, 76.44459592450602, 11.682998355606383, 72.2667225723121, 52.781207620687105, 58.33713222823347, 58.73759247037767, 42.1391970856302, 9.594305366813849, 0.0, 69.04225637544951, 20.95888291865547, 20.584319708202685, 71.94244955457808, 65.72636185402126, 18.831313134886283, 35.054343377340814, 40.1294725323581, 81.18081028847757, 54.43416509931317, 51.370953448564286, 81.80209000618474, 30.080349069898812, 54.3818577996977, 62.756322651632615, 33.54950586985377, 31.919244504027446, 54.656712498645, 50.64875847241452, 33.49756206538275, 32.75836000733103, 17.73898795058039, 67.21992890507465, 32.47278931496127, 47.78064446669848, 85.61839711803137, 55.17687875839365, 37.08448506894316, 39.241418519642956, 32.27663935622345, 66.45094497504326, 26.78293656238103, 24.95187750538278, 20.12664427846667, 59.81768071912342, 45.450887333500745, 83.92048973014232, 12.315168398346968, 42.98666762638317, 65.78399584248258, 80.33659716900154, 27.007182106317664, 35.67905646452522, 86.14541562095347], [55.12703545272615, 5.591106730143824, 62.00108928875086, 12.311029007184537, 76.69312508432765, 12.146354918016947, 3.1835586286578517, 0.7591778140005835, 84.5743675177234, 11.683812230871087, 77.71322609703353, 52.88711856967837, 70.95621785004984, 27.89099479364845, 89.42433348774512, 20.5164186631518, 76.62679618134386, 12.59219719409392, 63.30841394983841, 26.325651543848323, 26.88808805807766, 36.17073916156361, 59.44915838501617, 69.04225637544951, 0.0, 83.96369029035229, 48.93803993812014, 27.718761138615104, 27.641531001511385, 61.595904772026664, 92.03923714881974, 30.043210597358787, 12.159227011542944, 41.339781524697266, 21.992166943574436, 51.08922490882177, 38.96227194327801, 28.73343025247783, 28.63559772137278, 55.75498846756946, 72.77417908253996, 36.31212784143717, 66.7966938748449, 64.93335856800041, 65.15127874925301, 78.47306600603103, 21.18075576185507, 45.74999936580395, 51.0096171356074, 62.22696266415366, 67.60879271231872, 43.712521748541356, 32.794845853313745, 37.208004216820704, 6.632415266251724, 58.94564741363521, 81.1312222865252, 59.67920913052283, 9.521025397197656, 50.202503411344466, 23.05793391608393, 69.2745307852228, 31.398852153880036, 57.63467820731608, 11.99898358765095, 47.6473161984656, 35.16357774308364, 21.35337435024639], [81.66921151500055, 79.45915020657282, 39.463222111050186, 96.26730249411287, 55.262622188277554, 75.13678526386283, 84.18859065149165, 83.32631351180169, 2.492928568695096, 90.77703820318713, 45.832764845663576, 53.97731288738015, 37.56925165361157, 67.73602790059553, 5.484392685796841, 87.22873468638156, 26.275527546722255, 84.62938521240554, 49.19969841269488, 67.72871475558945, 67.91749873701973, 51.30807025918246, 27.98129892844639, 20.95888291865547, 83.96369029035229, 0.0, 35.826180117424705, 90.99944500929514, 84.94578558911138, 39.67113954682367, 14.698306947541917, 57.523174846858765, 96.03274968704174, 74.96421232869866, 63.67369385091775, 84.84824972483736, 46.37883086729553, 63.53564029326777, 71.14519142611618, 35.16779817351139, 22.975528052853743, 61.227159923586974, 45.46871818794767, 29.593401957716875, 28.818225801130765, 32.56648293752749, 77.47365142869816, 40.39650734086084, 68.72197444611137, 85.86861250118586, 49.96953170905314, 44.24929727909663, 57.63193313987316, 47.01639452354686, 82.55732288602185, 28.614551252126212, 8.651110250603956, 25.015631619444562, 75.39686164615605, 47.66651694340293, 95.07763259749186, 31.795804888561875, 54.174234881483144, 65.13156846349807, 95.79472294288634, 36.80712649986197, 48.83506098425158, 102.90312975965197], [63.58448533574548, 44.933036523796765, 22.79886917997922, 61.13144531680666, 44.65795450500431, 39.41706201294826, 48.83230097218997, 48.257017793992226, 36.09179035088198, 55.031202836251516, 39.906962165856335, 39.4735070051476, 40.17335906490633, 32.65620233536106, 41.30058340681601, 55.95602803330285, 30.22664707344785, 51.68359466008003, 42.74525259476773, 38.379321839545966, 38.848843615990866, 22.971004331216637, 11.236996456579892, 20.584319708202685, 48.93803993812014, 35.826180117424705, 0.0, 55.80721126147218, 49.980865663590954, 22.572442127212824, 46.415871101185324, 21.791749303071043, 61.09646801268358, 43.169092824786354, 30.812240376887804, 64.36233887519286, 10.553805380541375, 34.6182929882918, 43.08456085857646, 23.09862340900826, 32.60489805568593, 36.21576004980019, 42.47170695878904, 28.689422443059225, 28.30324841873561, 34.24262693143618, 46.882895193383426, 15.83564128714363, 40.80301579061374, 69.8923627837207, 46.33173411953872, 20.071565658540305, 22.487936478373655, 11.795424306305506, 46.948700307437406, 19.61001854878307, 34.95725611550481, 15.31679293763474, 39.97141556190752, 31.295136990787828, 63.37065938654951, 25.133324800945317, 22.79304413395677, 51.77621943528194, 60.514834338670866, 10.313527679204027, 15.138864140627607, 67.15926435276292], [82.13086394238923, 31.661784692706377, 58.354916264656346, 28.755220210296915, 65.26562148401348, 23.06474423348109, 24.53930294746759, 27.381733077896218, 90.84710749360688, 18.073362935868584, 69.68322484703906, 74.94036249864747, 88.84512832795033, 23.268187397510047, 96.36812229320745, 48.12028955677099, 75.68557890053188, 40.28485971009592, 84.23688378209901, 50.8124492355794, 51.52105277151186, 54.134376961071446, 63.25207345976733, 71.94244955457808, 27.718761138615104, 90.99944500929514, 55.80721126147218, 0.0, 6.319535553353892, 57.95910640091649, 102.22196519621832, 34.28425803683405, 30.609427616513187, 23.374651612217978, 42.10697699480646, 78.4793191962729, 45.57854172044295, 51.770694849481025, 54.43113287822196, 71.43212325092, 86.45359610416605, 59.5477755749483, 86.76438660277533, 80.07494488259523, 80.03479424193347, 75.14571545351748, 48.22884787924323, 60.31802064351399, 35.08236269000499, 89.36215883842624, 88.64654082264705, 60.26619343096022, 33.42054194948991, 46.64336300944493, 21.614309398391615, 72.11232748316765, 90.76439479729605, 70.26074645874525, 26.261386975272877, 70.10252665130248, 49.29961775572324, 67.3374077239615, 48.58101623948145, 82.16843801229554, 27.006940382005475, 59.57033156477625, 47.58561768914322, 22.84077689760737], [80.41455230937493, 30.64893528740753, 52.03750892127398, 31.275854699904837, 59.40471036143441, 20.337956734612952, 24.516696785614226, 27.158022018790607, 84.74452886563161, 20.125483473798337, 63.55319673432498, 71.26614295913508, 84.11538680827881, 17.327902164139847, 90.29147435657036, 48.11115951875256, 69.36786261224266, 40.134986734066665, 80.18196846817368, 48.31058604572687, 49.04935464059854, 49.913432427511225, 57.12254250494376, 65.72636185402126, 27.641531001511385, 84.94578558911138, 49.980865663590954, 6.319535553353892, 0.0, 51.641373183715004, 96.38030304068788, 28.736145841382925, 32.930906655243675, 17.845947941148243, 38.78710539100924, 77.15504377327854, 39.911437338060104, 48.79731167636343, 52.33795815363503, 66.49252911771482, 81.0830795561751, 56.44472115602368, 82.46775783243592, 74.96167409618586, 74.88333826465114, 68.84064151527528, 46.93201048126148, 55.36780221624809,