instance_id,num_cities,city_coordinates,distance_matrix,best_route,total_distance
2251,70,"[[14.75684772348982, 40.05181433491332], [86.9324377086031, 79.95929601024855], [4.167697210742361, 82.21343077246463], [54.43557156249662, 27.703283686093982], [45.66419594384982, 37.39305460183142], [54.6099221285683, 35.90905362036803], [59.255822015975646, 97.64791232319727], [77.2922335086082, 78.141490808149], [29.019351384372914, 0.9968107153930039], [35.667374078624434, 83.05070683182313], [32.018894478049354, 94.93453775235614], [99.90167392605571, 60.696887202633064], [60.46260110643439, 52.86524572031311], [82.59926316603912, 85.34736729182329], [3.0505783119869956, 87.04062009357263], [14.209249219426901, 8.78787892968469], [84.45411957976555, 74.46010875913926], [28.527398632975085, 86.04742281878964], [82.05642962557152, 78.44866681895486], [40.3084834452796, 60.63535464351008], [6.121126243421826, 37.94904812352923], [4.385938503238041, 84.6208971503012], [72.08727786651025, 87.61052470828994], [83.54539364355485, 43.878633845789224], [30.331448349668012, 38.12027778650291], [59.92586667715456, 82.52812516191076], [37.44364377934143, 68.6555722715536], [21.3094928005626, 20.02211180446801], [15.221705327761182, 60.580010785402635], [66.22016147029748, 94.29629832687542], [92.26379719971425, 20.7490277189878], [66.5689849729287, 20.22488394581413], [68.99404187535994, 30.70621939654129], [12.573656653014986, 80.22342733461252], [28.185325651745007, 14.449104131393941], [42.93958035196841, 83.82586229959028], [28.17881126188012, 5.05973870023827], [92.62725116508751, 12.343840908279303], [87.53240032308199, 87.47638252972189], [28.674233484110413, 27.504746262300518], [53.6908307167778, 55.52781243966554], [89.74475472161582, 70.23779076101758], [36.37784071539486, 41.27518782509845], [83.31178702967381, 52.087558054875885], [80.21011293219604, 68.30498670523892], [32.3866627165396, 77.55369367205871], [43.18257001312785, 17.749240676898314], [63.32749557930908, 78.09645494246003], [23.196248081767003, 16.754133880549116], [96.66989390851185, 50.589859698560126], [58.38602705798217, 2.3398335030188955], [28.22489385413156, 68.26606798351557], [54.29394917075982, 67.34004827444011], [24.045951535016364, 59.9886697427332], [47.61343816889207, 33.66227089542232], [13.116814759878782, 38.667882017909285], [37.159350712780196, 94.64366507321053], [26.31893329542593, 30.74726135641984], [99.2810173788282, 12.315486296362543], [96.80558873946987, 49.74143069902418], [14.560666594253991, 89.74125564625788], [6.849230781058624, 78.310526501547], [47.91713354874405, 93.79123024371184], [2.223728985295892, 88.80585224071972], [62.14785232581664, 43.182947917506674], [41.46755409662105, 16.007270882579007], [5.184192621483286, 66.87645848783501], [75.61012132448167, 53.70985551754234], [9.89420737474308, 27.447120057460307], [49.012966827289404, 63.93823708606203]]","[[0.0, 82.47377088121048, 43.47104794238134, 41.555833942745, 31.021495407746677, 40.0678175831265, 72.78371532533443, 73.22225023262635, 41.57778635759062, 47.81375187547602, 57.533395414073425, 87.61198812250872, 47.467882996515634, 81.57377305698007, 48.42504114773369, 31.2687307248625, 77.72798999968946, 48.01274905848197, 77.48259162467562, 32.81109903210606, 8.88804316039511, 45.75979568419867, 74.48898678840025, 68.89490980737048, 15.693916595381642, 62.00384870883601, 36.508433044677716, 21.07430048576259, 20.53345908759971, 74.77256652915288, 79.87443137982243, 55.476163665207395, 55.03647312664375, 40.230893778883456, 28.91059994595463, 52.061825684681395, 37.47791966543364, 82.65307933506317, 86.86409341402266, 18.738264157298676, 41.897035086744886, 80.83550809363986, 21.65557620227397, 69.60343978688977, 71.2907544880019, 41.43912801335201, 36.13068611940284, 61.696859823587396, 24.779132207584524, 82.58811981995856, 57.66887191255319, 31.263914910400448, 48.0398803328033, 21.99467329090464, 33.47210481971579, 2.1459209630783125, 59.009679775590094, 14.841042042335335, 88.95863729276951, 82.61891168244117, 49.6898285856273, 39.06737081449876, 63.14688732021067, 50.33920219298748, 47.4943292902406, 35.93886343198441, 28.48152488250669, 62.367162809475, 13.51012912556044, 41.761739521963136], [82.47377088121048, 0.0, 82.79543099232264, 61.53646994539219, 59.28703640758047, 54.63669891225878, 32.846342311802516, 9.810094432286544, 97.92343770281973, 51.35818892692294, 56.91884657447353, 23.221573614546173, 37.8779594336741, 6.914312239959591, 84.1802321605657, 101.75476771772333, 6.03184227002728, 58.72149416919253, 5.104650367985834, 50.469870428738254, 91.07869667615005, 82.67802039387661, 16.700900314863823, 36.23929151797018, 70.38590371897774, 27.12846774307582, 50.763322339398385, 88.87540125884881, 74.28314636862565, 25.19023664832952, 59.44980458459505, 63.10998488354829, 52.41804652012351, 74.35925016720785, 87.99322937036344, 44.162448225512605, 95.19418210099072, 67.85485000315434, 7.540990974667728, 78.39322769680206, 41.25411282355538, 10.1201181461733, 63.657108819252045, 28.10592264971553, 13.4540914140023, 54.59879570186805, 76.05354632066862, 23.67833334023236, 89.7618760275742, 30.94158758873668, 82.70234894454398, 59.86073243044953, 34.99308999577823, 65.98133112311004, 60.74041701607462, 84.57970832767744, 51.89403514731755, 78.07574061138253, 68.76170745756912, 31.789911847087634, 73.02985682957521, 80.1001777319672, 41.39464172239167, 85.1694011409555, 44.34834215204838, 78.46602551283677, 82.78850290023175, 28.587199486523147, 93.23313550594264, 41.165041005336725], [43.47104794238134, 82.79543099232264, 0.0, 74.1499516333053, 61.08048401235745, 68.47272010154224, 57.20948099132577, 73.23782153949482, 84.93376294890305, 31.510802496613124, 30.61887901305815, 98.12214808553988, 63.485684768146996, 78.4941532619305, 4.954766530904908, 74.10900370508216, 80.65992573180007, 24.659573159152824, 77.97966455951516, 42.09239597691577, 44.30746501750115, 2.417338127396273, 68.13367786496984, 88.14973253725263, 51.27131765327529, 55.75905751359048, 35.93193770403964, 64.51047442874899, 24.293948954168226, 63.217908926354085, 107.41878642019367, 87.95737974757449, 82.79763152590682, 8.638302369551296, 71.89471775483776, 38.80539727597898, 80.80362490849448, 112.7246746439801, 83.53066733965284, 59.946730360800956, 56.25533732954086, 86.41092943547775, 52.09062372642398, 84.68385418876166, 77.30390549723559, 28.601104245505514, 75.35112543594575, 59.30287710553605, 68.16894672675465, 97.75840956858457, 96.53713706230212, 27.807870092929765, 52.28631410313502, 29.817528365194644, 65.15172701324785, 44.45561293294266, 35.25563679144039, 56.03074026318421, 118.03502156301346, 98.16419783025684, 12.832846914738385, 4.735323012918989, 45.255481662327654, 6.873065784397527, 69.89332571182489, 75.9903607773521, 15.370620735011146, 76.9186178084371, 55.064886343211505, 48.42603546911854], [41.555833942745, 61.53646994539219, 74.1499516333053, 0.0, 13.070145012311942, 8.207621965839154, 70.11052623976342, 55.375443411372764, 36.86760022943783, 58.442984914068354, 70.86994380434257, 56.17601211496072, 25.873720616389587, 64.15632392433159, 78.49418464631128, 44.451654033875286, 55.56360243879473, 63.837857073067084, 57.77547671323337, 35.834284089624326, 49.38887845858905, 75.79301083759196, 62.4536649231623, 33.30200736261432, 26.258760860847516, 55.099061546404556, 44.3375185387582, 34.004962808639235, 51.172321520897796, 67.6277025947383, 38.46214152795292, 14.252935966455153, 14.86494805680808, 67.16238090441482, 29.40660956389159, 57.287883920953256, 34.67200010109745, 41.164509875764594, 68.32439841943449, 25.762103110917742, 27.834493695514066, 55.28040075353066, 22.589338753152933, 37.79455855277155, 48.0918420407577, 54.50887778211999, 15.023748403744422, 51.171652523581876, 33.102555988895, 48.036791583134615, 25.669256004238683, 48.29429672219005, 39.63701759635569, 44.338190741626605, 9.058202503867589, 42.748825484356004, 69.13380119088488, 28.280932578307002, 47.41200606358011, 47.75875081428043, 73.7476644454349, 69.4661993659461, 66.40863433576757, 80.37163920985518, 17.294486962311243, 17.46328126370414, 62.930405621122844, 33.53659696580832, 44.54210079812949, 36.63845643599288], [31.021495407746677, 59.28703640758047, 61.08048401235745, 13.070145012311942, 0.0, 9.067980805280865, 61.768763775119645, 51.58263092803721, 40.02171185057248, 46.73925175438644, 59.13726858128211, 59.03196279776282, 21.40984571086007, 60.52945808676266, 65.4278317456061, 42.51669964461799, 53.6528161384001, 51.584080574004204, 54.86308382571887, 23.85137663940505, 39.546978267992564, 62.72450596948911, 56.74481088332817, 38.432380583224266, 15.349983789802899, 47.33465798512272, 32.32526084874018, 29.914899613184666, 38.26722059373395, 60.50228809851957, 49.482789615000314, 27.05099421508256, 24.26922899992307, 54.12415929127438, 28.843296792809806, 46.51267742046869, 36.75842753259009, 53.22585520570111, 65.27852843220172, 19.658012773446625, 19.83169956445646, 54.9715595151405, 10.065155328768968, 40.4137296756554, 46.35696201145393, 42.298579398502184, 19.79994678723727, 44.3706992654105, 30.508584524239204, 52.68526254678222, 37.29039147419536, 35.45803452875103, 31.165607178180053, 31.271557602969004, 4.209310194781957, 32.572338062771856, 57.87888036019728, 20.454968951266164, 59.191620799787316, 52.61106774542425, 60.891409004791974, 56.398945267200766, 56.44315674715527, 67.30787420974231, 17.470941369189486, 21.793658437273752, 50.07895539729255, 34.102733600480114, 37.12699417128919, 26.755578475354934], [40.0678175831265, 54.63669891225878, 68.47272010154224, 8.207621965839154, 9.067980805280865, 0.0, 61.91341582962231, 47.938147652584085, 43.28674180011297, 50.805074491959246, 63.20096761381183, 51.63118703445883, 17.937845515785774, 56.81153113927707, 72.61406905552244, 48.65976251600489, 48.75305091805669, 56.51684791082572, 50.62538360218554, 28.56433284183095, 48.53168968791758, 69.96636499977782, 54.57563628805255, 30.012925894754453, 24.37896226966291, 46.92117962966323, 36.97317400677929, 36.89598235162325, 46.47674418659677, 59.53039561425584, 40.5911405753027, 19.72339632252918, 15.296155884753004, 61.08036781828446, 34.04098604670936, 49.31751647420865, 40.6236858579881, 44.72847591006153, 61.18070759082239, 27.263388043879093, 19.64027562517876, 49.12146837191745, 19.00537263406751, 32.94755005366412, 41.29002603076896, 47.203276410956924, 21.456075654976413, 43.078682862644605, 36.79306819711536, 44.548482502046355, 33.78093408603411, 41.75100113218559, 31.43258283778751, 38.909950026233346, 7.3483889670540234, 41.58472187278252, 61.272155382799276, 28.758027549418994, 50.5189387252956, 44.40505530212169, 67.09581837796618, 63.86680311778132, 58.267828084031024, 74.44719293785549, 10.475205482687898, 23.849586864960703, 58.32566246115986, 27.52956437088108, 45.50933382910067, 28.58253023086039], [72.78371532533443, 32.846342311802516, 57.20948099132577, 70.11052623976342, 61.768763775119645, 61.91341582962231, 0.0, 26.567134204770866, 101.27032930852886, 27.739741964382656, 27.37174863372698, 54.93144395477627, 44.79892346740316, 26.38597454700766, 57.19741312567738, 99.62579613438949, 34.243662687257064, 32.84520300358649, 29.807360421529008, 41.58041684380711, 79.92027453388943, 56.39509944149631, 16.29096097153614, 59.00100505781539, 66.18276713406927, 15.134626643910934, 36.281219674879196, 86.40421753073201, 57.558950276450716, 7.728864108998448, 83.6837193192429, 77.76765185834034, 67.6463094183002, 49.82807682514166, 88.81113347354683, 21.38384457700204, 97.6644791735735, 91.59932796377721, 30.050372694818183, 76.51991441565293, 42.48613823776924, 40.99865585092423, 60.8381960262488, 51.52121246433571, 36.056755145501285, 33.551890329134, 81.49936908216007, 19.970929155077723, 88.56690275178933, 60.11882477563069, 95.31204767322065, 42.73419332790563, 30.71134652420889, 51.55534434973901, 65.03620076977609, 74.8829217204487, 22.29976559500106, 74.56899984825097, 94.2530593427064, 60.86884229715618, 45.38911915843757, 55.86040901460571, 11.976637792767843, 57.71344437791123, 54.54169219071025, 83.5560698597435, 62.21433497609021, 46.883002695317636, 85.81794820855774, 35.231495668074125], [73.22225023262635, 9.810094432286544, 73.23782153949482, 55.375443411372764, 51.58263092803721, 47.938147652584085, 26.567134204770866, 0.0, 91.00314728180547, 41.913354966323176, 48.287489608036864, 28.55697797288236, 30.36651268309627, 8.949258052085739, 74.7731092597645, 93.7517273836475, 8.052650860866171, 49.40154735840403, 4.774088577153022, 40.91775375263942, 81.73590984572883, 73.19365107683034, 10.805284181280275, 34.82880099711174, 61.70099540905408, 17.91181894387659, 40.96208922765476, 80.6965270191833, 64.50702325513589, 19.584907076334105, 59.31308910179586, 58.90094574456515, 48.15563267443384, 64.75205517907173, 80.42517342128482, 34.81977682514787, 88.05152318925278, 67.56103535966834, 13.85645047772842, 70.19821810119957, 32.68645993520003, 14.749025696480086, 55.07369456714731, 26.740277420121338, 10.260157566878014, 44.90941764969438, 69.35915959475327, 13.964810548775947, 81.82165501783474, 33.68361767050653, 78.12384970390333, 50.051251699963174, 25.40850730156217, 56.25559044792131, 53.471785989075194, 75.3435475837159, 43.39320265868984, 69.60237294766868, 69.40150924927337, 34.45771969483325, 63.79501572873486, 70.44320553707931, 33.28379248302426, 75.82221954104921, 38.09792648487015, 71.72216491943585, 72.98267269535282, 24.48947333801207, 84.33512407383681, 31.64568438708705], [41.57778635759062, 97.92343770281973, 84.93376294890305, 36.86760022943783, 40.02171185057248, 43.28674180011297, 101.27032930852886, 91.00314728180547, 0.0, 82.32276765044521, 93.98560432130984, 92.67363584906695, 60.65486380286037, 99.92909156639372, 89.87721795423792, 16.734391834060922, 92.03189492964495, 85.05203487672735, 93.87077118171489, 60.697614652921416, 43.47179044015724, 87.17679084621926, 96.73045923138243, 69.368148594558, 37.14664730263174, 87.19270567495828, 68.18120501772698, 20.528127067813863, 61.15989508890878, 100.44249429207832, 66.2571505804977, 42.186417041379976, 49.80587158190988, 80.91549700845817, 13.478122906134507, 83.99062186249068, 4.148962702599172, 64.61207324263559, 104.41500484745202, 26.510182068859592, 59.85241884420291, 92.09716569009827, 40.94502445751385, 74.55154614094879, 84.5629033496731, 76.63090181935972, 21.937198352138125, 84.38841092259553, 16.79886202705366, 83.88126376764447, 29.39736978586751, 67.27394842115496, 70.99458051907759, 59.20113290776756, 37.58686409004229, 40.89010007535617, 93.99996234137946, 29.87275633749397, 71.16750751026504, 83.49258621045439, 89.91457096570791, 80.4296269805331, 94.69915768542856, 91.80649842658454, 53.63923700671736, 19.50055550993098, 70.05885228772433, 70.3517230487324, 32.640312462967216, 66.04065272280081], [47.81375187547602, 51.35818892692294, 31.510802496613124, 58.442984914068354, 46.73925175438644, 50.805074491959246, 27.739741964382656, 41.913354966323176, 82.32276765044521, 0.0, 12.431284758367847, 68.01278209942653, 39.063606411532476, 46.9880502104729, 32.85992656593776, 77.30083266366245, 49.53730828213734, 7.7433556079400265, 46.61677001699907, 22.890782203309815, 53.91790407071326, 31.320819103166695, 36.704241321479536, 61.8607796546651, 45.24616621970854, 24.264120729065567, 14.504310843950902, 64.64327146669832, 30.380216448877448, 32.55666053934844, 84.17038867903683, 70.01423838882458, 62.053300889608984, 23.266140502654174, 69.00841210845024, 7.313402086667517, 78.34966294223742, 90.79586161513632, 52.0535066323225, 55.98444204388932, 32.89915963834418, 55.57457975949514, 41.781559941236985, 56.82170947475526, 46.920058041620415, 6.4015795488251, 65.73248551452143, 28.100301301158588, 67.45935493845973, 69.10147626646537, 83.8473748348436, 16.55222213984735, 24.36748021379377, 25.824697803375, 50.812656410512034, 49.783158437877695, 11.688570274563892, 53.13232305927772, 95.13236588104915, 69.62319418417016, 22.14173760726817, 29.205388076219325, 16.291576051355943, 33.935219106498515, 47.86077651950582, 67.2938659323535, 34.50841435421217, 49.56116033138418, 61.2863360311265, 23.310756006527384], [57.533395414073425, 56.91884657447353, 30.61887901305815, 70.86994380434257, 59.13726858128211, 63.20096761381183, 27.37174863372698, 48.287489608036864, 93.98560432130984, 12.431284758367847, 0.0, 76.02820832264578, 50.7825735743961, 51.48094340678199, 30.024611196493517, 87.9683482313254, 56.29080807792626, 9.548369236607448, 52.68338318741766, 35.28670071258825, 62.59425235412291, 29.49493919936463, 40.73225398175678, 72.5374761069713, 56.8393139464556, 30.54043501140729, 26.833038063608832, 75.67405662238266, 38.241065446371834, 34.20722165624211, 95.56640729280274, 82.31185288339529, 74.1109870658106, 24.383068793636127, 80.5766794742767, 15.577677948644906, 89.9567993192603, 102.44313596085121, 56.01226125172397, 67.51269167761536, 44.972912071661106, 62.78697518445969, 53.83610542113868, 66.83430627685736, 55.05930007788248, 17.38473452258769, 77.98844617043724, 35.54925506435712, 78.67664608378202, 78.39771807299292, 96.2756715661334, 26.93699538823608, 35.46313453588192, 35.84384898582806, 63.22563150110019, 59.35676174801685, 5.148679172045634, 64.43986350553308, 106.53685203068278, 78.99197857033775, 18.214277363542323, 30.164046822113274, 15.939296019846223, 30.418952527020203, 59.883062308360884, 79.49082100545097, 38.82469620930653, 59.99724563126622, 71.02149904461709, 35.34924539514966], [87.61198812250872, 23.221573614546173, 98.12214808553988, 56.17601211496072, 59.03196279776282, 51.63118703445883, 54.93144395477627, 28.55697797288236, 92.67363584906695, 68.01278209942653, 76.02820832264578, 0.0, 40.20914166180357, 30.116765874441125, 100.36995060412579, 100.18850628681051, 20.68944665512021, 75.74256946815629, 25.170983764851567, 59.59322224828841, 96.50002749441872, 98.46630878294276, 38.70380487682262, 23.460212076081397, 73.14177725129439, 45.54852485027265, 62.96305422892165, 88.49388842035076, 84.68004925544771, 47.574832729114846, 40.67147204382766, 52.43139517947122, 43.06648202995626, 89.48445882032424, 85.335174745275, 61.478692189885955, 90.7725802333597, 48.89718102763399, 29.498140609855305, 78.58159130555809, 46.49904691515315, 13.93527353287025, 66.42649917380251, 18.69077033214964, 21.110204935444067, 69.58756112243593, 71.1446209546791, 40.50204290245687, 88.40072354612937, 10.611145416489334, 71.61769789217074, 72.07533072537831, 46.0890024450606, 75.859028410842, 58.86365667773988, 89.53708086553722, 71.33710710418147, 79.44431890980437, 48.38538176146686, 11.384540864042892, 90.14800536171427, 94.70479113859636, 61.6248974000034, 101.64199350348498, 41.618374724462406, 73.56431313534009, 94.9188514782544, 25.276434470935577, 95.95254582445362, 50.99183129924668], [47.467882996515634, 37.8779594336741, 63.485684768146996, 25.873720616389587, 21.40984571086007, 17.937845515785774, 44.79892346740316, 30.36651268309627, 60.65486380286037, 39.063606411532476, 50.7825735743961, 40.20914166180357, 0.0, 39.308014817941526, 66.81389507357426, 63.89199342624186, 32.27895705133376, 46.05338243837799, 33.47842387604781, 21.600070633634896, 56.35147594370291, 64.44387858016947, 36.63833404685033, 24.770436094164296, 33.54549814536492, 29.66773500984413, 27.914276079120107, 51.104181193180864, 45.8939674779409, 41.82919580187097, 45.19698586932418, 33.206643020563774, 23.74464001014329, 55.15270711491576, 50.17591499273112, 35.57549768211905, 57.68543653448217, 51.735374371278404, 43.93978630887076, 40.66516013557394, 7.276409536662493, 34.04775824535865, 26.728358069814433, 22.862416658344223, 25.066906968953983, 37.386866393684556, 39.137364305670545, 25.39333651083409, 51.89213298818116, 36.278718742581844, 50.568067389472276, 35.7275117419046, 15.734426449173897, 37.106812525608454, 23.105307405894884, 49.42862147452654, 47.83803719359624, 40.68163325027552, 56.13512653621719, 36.47699234287553, 58.87977326738679, 59.34522551715272, 42.80566510931156, 68.43605353172417, 9.827866625807442, 41.464709332685054, 57.02645463156449, 15.171049220990835, 56.59720449647609, 15.928128041679038], [81.57377305698007, 6.914312239959591, 78.4941532619305, 64.15632392433159, 60.52945808676266, 56.81153113927707, 26.38597454700766, 8.949258052085739, 99.92909156639372, 46.9880502104729, 51.48094340678199, 30.116765874441125, 39.308014817941526, 0.0, 79.56670388460196, 102.65743648606392, 11.044133767437048, 54.07639606910639, 6.920024311157559, 48.98156406772039, 89.97503035361572, 78.2166984324655, 10.752846898808667, 41.47952526848287, 70.44375379564895, 22.847998479718886, 48.14193580647758, 89.57580563936384, 71.78549469472664, 18.66436012912218, 65.31729245502625, 67.06644210109667, 56.30947602031501, 70.21282167953365, 89.37248074757129, 39.688857609587174, 96.99324146719287, 73.68904537135667, 5.372945941790349, 79.08019748180882, 41.531955386838575, 16.71398673300576, 63.86530275750773, 33.26744054979855, 17.20903178269656, 50.813842527332, 78.25076626435163, 20.59069585553357, 90.7400125133108, 37.49755970175613, 86.46693858651419, 56.994235007829595, 33.547791858260425, 63.8087285905768, 62.412796285988186, 83.70654085525389, 46.38110387000358, 78.41330944745486, 74.9128598129256, 38.33539365845541, 68.18032618233333, 76.07617586756902, 35.695222878434755, 80.44990747652582, 46.862548655923696, 80.62174930510092, 79.58811229991454, 32.400312574868394, 92.94333632604238, 39.829513654092636], [48.42504114773369, 84.1802321605657, 4.954766530904908, 78.49418464631128, 65.4278317456061, 72.61406905552244, 57.19741312567738, 74.7731092597645, 89.87721795423792, 32.85992656593776, 30.024611196493517, 100.36995060412579, 66.81389507357426, 79.56670388460196, 0.0, 79.04433841890884, 82.36993259904206, 25.49617254598321, 79.47166918378801, 45.66606550174537, 49.1875055587208, 2.763737679768496, 69.03905182323543, 91.33658824434518, 56.01290709696933, 57.05401858878337, 38.9986273560962, 69.46127274674645, 29.125593174967623, 63.584912542362815, 111.14663127539065, 92.18964465552324, 86.73007026762737, 11.71166675593933, 76.81981328746326, 40.018335190505006, 85.74551303253162, 116.63442519294149, 84.48294584834913, 64.81583122380704, 59.64471652923724, 88.307504193714, 56.614319831875584, 87.5418652457501, 79.4016230392634, 30.831925355356145, 80.07416574255367, 60.936892319037476, 73.11660655861, 100.46508938997832, 101.17428100549658, 31.404298590299852, 54.899868733636566, 34.24344776097436, 69.53485918405124, 49.40901643588542, 34.94588169801284, 60.912712807304054, 121.83654223593177, 100.90208872836983, 11.822671637747856, 9.520729736018708, 45.37156065435852, 1.9492881629895185, 73.59336386230035, 80.75642840398606, 20.27672861395522, 79.8487767558453, 59.98516904454566, 51.44182402148389], [31.2687307248625, 101.75476771772333, 74.10900370508216, 44.451654033875286, 42.51669964461799, 48.65976251600489, 99.62579613438949, 93.7517273836475, 16.734391834060922, 77.30083266366245, 87.9683482313254, 100.18850628681051, 63.89199342624186, 102.65743648606392, 79.04433841890884, 0.0, 96.16227733739194, 78.57510117448926, 97.2412734306674, 58.04593668011254, 30.26204755179347, 76.46662073006199, 97.78995698747431, 77.71011519863835, 33.47110585998942, 86.76193304765368, 64.21820455791209, 13.28990019512265, 51.802026886323446, 100.08408855044652, 78.96569850743312, 53.59428152252351, 59.00667042949143, 71.45427026396735, 15.079130718528358, 80.35005211701926, 14.458481705503056, 78.49858530408585, 107.5554047297601, 23.65495492543334, 61.18346722807879, 97.37404302764571, 39.33028970375292, 81.54767283105706, 88.87294373879186, 71.12774169497804, 30.327534060307762, 84.94869530716016, 12.009469867311973, 92.45087083819679, 44.6448764140009, 61.10722762202171, 70.95871831681647, 52.13714311627629, 41.64823183565808, 29.899966515043452, 88.87026033988006, 25.077059735625088, 85.14487507478277, 92.19191236021834, 80.95413946171465, 69.91114644185498, 91.4428302305574, 80.91062197318888, 59.00110540039902, 28.198134777810775, 58.785497545565136, 76.07924208232706, 19.15168048986421, 65.2139614201172], [77.72798999968946, 6.03184227002728, 80.65992573180007, 55.56360243879473, 53.6528161384001, 48.75305091805669, 34.243662687257064, 8.052650860866171, 92.03189492964495, 49.53730828213734, 56.29080807792626, 20.68944665512021, 32.27895705133376, 11.044133767437048, 82.36993259904206, 96.16227733739194, 0.0, 57.114481202030916, 4.653763263528016, 46.259712667460846, 86.42404407205707, 80.71031682278027, 18.051931021261627, 30.594973291424843, 65.19084948212446, 25.82107819456489, 47.36747279323623, 83.37109453234754, 70.6100864106656, 26.94348984272455, 54.275881301267184, 57.108122456062155, 46.40492255117687, 72.11114193775022, 82.26480320614225, 42.55789358834361, 89.34943587166886, 62.65166248098103, 13.37532037767433, 72.91228812795406, 36.12217858319157, 6.768957783990335, 58.4171855436675, 22.40169521866224, 7.476437649243423, 52.15927848252253, 70.13888623490372, 21.437286563873116, 84.15762803901842, 26.814435154687413, 76.6868929527258, 56.56935536873641, 30.989210064247185, 62.117383345793115, 54.969986184932, 79.81287210758084, 51.421504331017516, 72.73591212302422, 63.88889574397809, 27.632803611699295, 71.54444926354252, 77.700350592843, 41.33574247648593, 83.47237563025477, 38.41653744311098, 72.5574191096962, 79.6318596505749, 22.55635863187735, 88.1442091954137, 36.970056693614254], [48.01274905848197, 58.72149416919253, 24.659573159152824, 63.837857073067084, 51.584080574004204, 56.51684791082572, 32.84520300358649, 49.40154735840403, 85.05203487672735, 7.7433556079400265, 9.548369236607448, 75.74256946815629, 46.05338243837799, 54.07639606910639, 25.49617254598321, 78.57510117448926, 57.114481202030916, 0.0, 54.06568460448249, 28.010126174292193, 53.061235292071025, 24.183570304620858, 43.58791537062913, 69.31945281400901, 47.9610865840855, 31.595082711065544, 19.544203564420222, 66.41867101307791, 28.733787602937408, 38.58481978004471, 91.24806247185775, 76.02479144952991, 68.55799013630084, 16.983545170630798, 71.59913583826528, 14.582397369491433, 80.98843431034796, 97.67808905316416, 59.02230214338463, 58.54286069941586, 39.555592928556784, 63.22585825661501, 45.45527986075692, 64.45619928900283, 54.64336187112143, 9.329381227322502, 69.85281477555942, 35.696843524948676, 69.49806513909672, 76.81561328793522, 88.87349548926484, 17.78392782596544, 31.8414979069577, 26.441293084315745, 55.753753660187414, 49.82275566256871, 12.182199210517895, 55.344242491078745, 102.18841925081705, 77.33069447521542, 14.446937557791282, 23.01743960651634, 20.87889780467518, 26.447910499886547, 54.47658318098907, 71.22549056813014, 30.206475138183233, 57.11830735419256, 61.49139208202491, 30.14091236190684], [77.48259162467562, 5.104650367985834, 77.97966455951516, 57.77547671323337, 54.86308382571887, 50.62538360218554, 29.807360421529008, 4.774088577153022, 93.87077118171489, 46.61677001699907, 52.68338318741766, 25.170983764851567, 33.47842387604781, 6.920024311157559, 79.47166918378801, 97.2412734306674, 4.653763263528016, 54.06568460448249, 0.0, 45.38948227213438, 86.06038237315695, 77.91534905554667, 13.539705564729463, 34.60208365998511, 65.58851004516995, 22.503417446818123, 45.67499711851035, 84.28435598901189, 69.18214538744606, 22.403901747164106, 58.59555192213917, 60.248401090214095, 49.49714395415964, 69.50543514606446, 83.65428780139048, 39.48470752494883, 91.04247652034587, 66.94468071998715, 10.558688651268348, 73.78984961746524, 36.46879168455059, 11.248503385840813, 58.89313224249155, 26.390982882106456, 10.310341002199362, 49.67782927756836, 72.08049177928073, 18.732245559867952, 85.26861301708652, 31.458964899057456, 79.70472047767727, 54.786125639210056, 29.90245352761775, 60.87681874366377, 56.49903468471215, 79.59385238331627, 47.728667102243236, 73.36274654246637, 68.33947606840005, 32.27449612639279, 68.43391403100001, 75.20732571222963, 37.428408850283475, 80.50174769146744, 40.497189775789074, 74.47405416108276, 77.73838709203808, 25.564891459178856, 88.36596682118561, 36.08909814244012], [32.81109903210606, 50.469870428738254, 42.09239597691577, 35.834284089624326, 23.85137663940505, 28.56433284183095, 41.58041684380711, 40.91775375263942, 60.697614652921416, 22.890782203309815, 35.28670071258825, 59.59322224828841, 21.600070633634896, 48.98156406772039, 45.66606550174537, 58.04593668011254, 46.259712667460846, 28.010126174292193, 45.38948227213438, 0.0, 41.029792784828224, 43.19416030504678, 41.683948648018415, 46.37044420087529, 24.626609900187336, 29.396175360709822, 8.516524943468006, 44.837452418943755, 25.086839164395165, 42.47910295341566, 65.50018093754869, 48.19356889142993, 41.456174438518836, 33.95457567028091, 47.75081874957629, 23.339286970237588, 56.883899609210886, 71.19918366497748, 54.31886507715334, 35.11399982724893, 14.323903303884336, 50.36021939088747, 19.755151518191965, 43.84459996045395, 40.6320475939062, 18.681151975807243, 42.98231199873615, 28.892299030651518, 47.09978911613052, 57.24963369397189, 61.03413281198167, 14.29128837735209, 15.509550871744018, 16.275384649624193, 27.944759980994363, 34.956497242331466, 34.15380235420021, 33.000085359481716, 76.24020878532016, 57.53781787251812, 38.860050769083074, 37.84089440089014, 34.017696030345796, 47.37114582899218, 27.956118000001695, 44.64313278598939, 35.674461216257626, 35.97454899089208, 45.01652034346369, 9.310051738685603], [8.88804316039511, 91.07869667615005, 44.30746501750115, 49.38887845858905, 39.546978267992564, 48.53168968791758, 79.92027453388943, 81.73590984572883, 43.47179044015724, 53.91790407071326, 62.59425235412291, 96.50002749441872, 56.35147594370291, 89.97503035361572, 49.1875055587208, 30.26204755179347, 86.42404407205707, 53.061235292071025, 86.06038237315695, 41.029792784828224, 0.0, 46.70409369714265, 82.56994257318475, 77.65099593234417, 24.210927617207787, 69.87305777433323, 43.863318730360504, 23.49598953995657, 24.392232588949767, 82.38268410703634, 87.84304446796403, 62.99277435373854, 63.28872006945068, 42.76398351848429, 32.23470587990131, 58.824150158654966, 39.60111289742366, 90.2160533691134, 95.29298190662512, 24.854095991978173, 50.71380224913816, 89.64080622667879, 30.438987761633225, 78.47480854195828, 80.06660324845743, 47.52269305547968, 42.208800447016344, 69.88836073967305, 27.21735063450544, 91.4268529642243, 63.24267564742495, 37.51930484136222, 56.430946816968294, 28.40852482709847, 41.713168279620476, 7.032523017167972, 64.63475047744338, 21.443347274828586, 96.62217555151584, 91.44797441717328, 52.475314209737846, 40.368045197617924, 69.75138371824741, 51.005923483473275, 56.2706650268601, 41.603023333321566, 28.942579618908614, 71.2539366427339, 11.159150251180359, 50.151250548736535], [45.75979568419867, 82.67802039387661, 2.417338127396273, 75.79301083759196, 62.72450596948911, 69.96636499977782, 56.39509944149631, 73.19365107683034, 87.17679084621926, 31.320819103166695, 29.49493919936463, 98.46630878294276, 64.44387858016947, 78.2166984324655, 2.763737679768496, 76.46662073006199, 80.71031682278027, 24.183570304620858, 77.91534905554667, 43.19416030504678, 46.70409369714265, 0.0, 67.76731678705036, 89.0289355057445, 53.249197950842856, 55.579342530828825, 36.71108111463991, 66.77881219527288, 26.370021992508885, 62.58661612411775, 108.63762586566676, 89.51858904654486, 84.14867496660042, 9.293894193505746, 74.09784992921779, 38.56183839256135, 83.04263199119445, 114.06358805201015, 83.1954801050565, 62.06590018149041, 57.24840586574439, 86.56212367778558, 53.873298804297974, 85.3680720077232, 77.55974704371037, 28.87881440558554, 77.311040970944, 59.30156403228501, 70.42531720306745, 98.35873085438003, 98.41840782520478, 28.9097946948199, 52.815123465346716, 31.51607112994635, 66.82363591670652, 46.77507669653374, 34.27174382334618, 58.16721494283456, 119.30275953875228, 98.7824322929598, 11.390485628507015, 6.774111496766866, 44.486626654917195, 4.710520046481008, 71.08827136079941, 77.99279405574649, 17.76238478029683, 77.64262175748632, 57.43850462035593, 49.1868283625663], [74.48898678840025, 16.700900314863823, 68.13367786496984, 62.4536649231623, 56.74481088332817, 54.57563628805255, 16.29096097153614, 10.805284181280275, 96.73045923138243, 36.704241321479536, 40.73225398175678, 38.70380487682262, 36.63833404685033, 10.752846898808667, 69.03905182323543, 97.78995698747431, 18.051931021261627, 43.58791537062913, 13.539705564729463, 41.683948648018415, 82.56994257318475, 67.76731678705036, 0.0, 45.20803795310998, 64.75209524810023, 13.18069449102061, 39.490145665021075, 84.53742966911815, 62.96302107662192, 8.895089863833986, 69.83947101785361, 67.61121310425361, 56.98831522259326, 59.970328643018, 85.32276876131594, 29.392378943308636, 93.50179522403332, 78.01899892562741, 15.445704963599674, 74.14443354120783, 36.98282972197019, 24.77091790167047, 58.49895166349826, 37.25413756636315, 20.94479045231969, 40.95459307302885, 75.60476931122905, 12.93256777396671, 86.08693811808041, 44.43911170614359, 86.36443163908902, 47.93867684058501, 26.972110798568906, 55.4160257274675, 59.24004489365532, 76.63483406734078, 35.628993230920074, 72.99432912084087, 80.05524516305866, 45.222374699863806, 57.56605787093029, 65.8975929315254, 24.947885626987322, 69.87377383673801, 45.52583617661445, 77.87549962711961, 70.04230376949029, 34.08321870965059, 86.53099604403839, 33.0575412153444], [68.89490980737048, 36.23929151797018, 88.14973253725263, 33.30200736261432, 38.432380583224266, 30.012925894754453, 59.00100505781539, 34.82880099711174, 69.368148594558, 61.8607796546651, 72.5374761069713, 23.460212076081397, 24.770436094164296, 41.47952526848287, 91.33658824434518, 77.71011519863835, 30.594973291424843, 69.31945281400901, 34.60208365998511, 46.37044420087529, 77.65099593234417, 89.0289355057445, 45.20803795310998, 0.0, 53.52459844077581, 45.295311381107254, 52.3380169503643, 66.65163912198115, 70.33535651969619, 53.31139241836262, 24.71819653916974, 29.115259498803756, 19.62789700157673, 79.73663816088295, 62.696366300354946, 56.96150572282435, 67.61926548660561, 32.81650958973311, 43.77967465125736, 57.26210275426608, 32.046814029805155, 27.07835355145892, 47.23934779834946, 8.212247482910998, 24.653008162046035, 61.2472481370843, 48.08224951887587, 39.74446732238341, 66.1646270177817, 14.740863599252151, 48.564036703138335, 60.45746141522584, 37.4977995452789, 61.6418434817466, 37.35611725228919, 70.6210780021513, 68.76593178527234, 58.7137182218137, 35.26814621673469, 14.49845374252132, 82.83883536409336, 84.070545553649, 61.3240588722355, 92.90677098842745, 21.40884754850489, 50.47135280894016, 81.66625841734025, 12.634138923448527, 75.46185714769582, 39.93590094110676], [15.693916595381642, 70.38590371897774, 51.27131765327529, 26.258760860847516, 15.349983789802899, 24.37896226966291, 66.18276713406927, 61.70099540905408, 37.14664730263174, 45.24616621970854, 56.8393139464556, 73.14177725129439, 33.54549814536492, 70.44375379564895, 56.01290709696933, 33.47110585998942, 65.19084948212446, 47.9610865840855, 65.58851004516995, 24.626609900187336, 24.210927617207787, 53.249197950842856, 64.75209524810023, 53.52459844077581, 0.0, 53.365592891485704, 31.3526319966703, 20.222247497331228, 27.06924344288047, 66.66142072598811, 64.32243903174044, 40.41539534924188, 39.36704713262904, 45.69479585042701, 23.768262554189047, 47.41271399393209, 33.13054619390015, 67.41803724934948, 75.55113488286206, 10.744108648555256, 29.132164479727518, 67.53869715737085, 6.819993987677029, 54.79052112129798, 58.30092480437302, 39.48693701082676, 24.085897968104373, 51.834678283801196, 22.52605576378122, 67.50022097908416, 45.467566238193335, 30.21930241492959, 37.78884005852192, 22.753769730713056, 17.84771687226929, 17.223341140003985, 56.934291609216785, 8.394143693003727, 73.62017612826355, 67.48231276104346, 53.97631806981848, 46.5475094254957, 58.38245688058887, 57.957496026141904, 32.21667566383664, 24.758794912925524, 38.20081673454619, 47.88729643853619, 23.056389886020156, 31.867948710630888], [62.00384870883601, 27.12846774307582, 55.75905751359048, 55.099061546404556, 47.33465798512272, 46.92117962966323, 15.134626643910934, 17.91181894387659, 87.19270567495828, 24.264120729065567, 30.54043501140729, 45.54852485027265, 29.66773500984413, 22.847998479718886, 57.05401858878337, 86.76193304765368, 25.82107819456489, 31.595082711065544, 22.503417446818123, 29.396175360709822, 69.87305777433323, 55.579342530828825, 13.18069449102061, 45.295311381107254, 53.365592891485704, 0.0, 26.417760505438572, 73.47262100413695, 49.80142333946771, 13.345712666754828, 69.73090155264069, 62.65640339759993, 52.60933109801133, 47.408263269659834, 75.11467931808842, 17.035787178751637, 83.72112295302512, 77.4287692245083, 28.046496232538924, 63.27903920543242, 27.710874409268083, 32.25241702406028, 47.500677527911876, 38.38657833842798, 24.773944249812583, 27.984865971299246, 66.90771150100858, 5.586660909876267, 75.33447292736093, 48.68445684185234, 80.20307491127932, 34.76144348104458, 16.198647299653018, 42.37210593303253, 50.393130573171995, 64.14677131426919, 25.789543549632867, 61.73073649136827, 80.49001517713447, 49.346542261807, 45.93506971743724, 53.24394253346236, 16.46411878701916, 58.04262702089067, 39.40786967873846, 69.03429117020593, 56.93527507700061, 32.8098843207002, 74.41158549492864, 21.556329042899904], [36.508433044677716, 50.763322339398385, 35.93193770403964, 44.3375185387582, 32.32526084874018, 36.97317400677929, 36.281219674879196, 40.96208922765476, 68.18120501772698, 14.504310843950902, 26.833038063608832, 62.96305422892165, 27.914276079120107, 48.14193580647758, 38.9986273560962, 64.21820455791209, 47.36747279323623, 19.544203564420222, 45.67499711851035, 8.516524943468006, 43.863318730360504, 36.71108111463991, 39.490145665021075, 52.3380169503643, 31.3526319966703, 26.417760505438572, 0.0, 51.23987026534714, 23.64379922648696, 38.54263617167313, 72.80306471571224, 56.51386618651912, 49.35160588723992, 27.42866257081415, 54.99143244889993, 16.135148538054683, 64.26715466867229, 78.8431456325389, 53.508003428198336, 42.07485042361914, 20.888014783213283, 52.325038185791094, 27.401120207152132, 48.76869549533847, 42.76790612177984, 10.234726275170408, 51.228799231895344, 27.55184294395767, 53.821441742287945, 61.92026061906615, 69.54394744193075, 9.226974789927462, 16.901579664961645, 15.956608565660854, 36.44112867525492, 38.61419657186569, 25.98964774704012, 39.50695153753815, 83.65444436116005, 62.302369624878665, 31.116501863665732, 32.08171204740737, 27.230411117776086, 40.57679362561321, 35.484539047169875, 52.80185123067005, 32.308473112508004, 40.988467371869696, 49.56922412235457, 12.49409808829981], [21.07430048576259, 88.87540125884881, 64.51047442874899, 34.004962808639235, 29.914899613184666, 36.89598235162325, 86.40421753073201, 80.6965270191833, 20.528127067813863, 64.64327146669832, 75.67405662238266, 88.49388842035076, 51.104181193180864, 89.57580563936384, 69.46127274674645, 13.28990019512265, 83.37109453234754, 66.41867101307791, 84.28435598901189, 44.837452418943755, 23.49598953995657, 66.77881219527288, 84.53742966911815, 66.65163912198115, 20.222247497331228, 73.47262100413695, 51.23987026534714, 0.0, 41.01224604995068, 86.7964454567586, 70.9580278722165, 45.259946401225164, 48.866822850536884, 60.8318438382137, 8.850733976430522, 67.3704628507575, 16.463904307094815, 71.72989963812873, 94.5280493811863, 10.499010608883422, 48.05419672453575, 84.8822683914044, 26.052799258834476, 69.80313268694374, 76.16113878202239, 58.58828044527947, 21.99084923120026, 71.68083348025458, 3.7735295417386028, 81.32390341386579, 41.07715129450319, 48.737070896162436, 57.67981860073555, 40.06012930381125, 29.63024606658886, 20.366264270375083, 76.28626487171373, 11.837369935222481, 78.35145641136006, 81.13506281240568, 70.04502604179075, 60.05529506689117, 78.42097539234939, 71