instance_id,num_cities,city_coordinates,distance_matrix,best_route,total_distance
2409,74,"[[57.2969776036688, 87.27007898352333], [30.281504248660983, 31.17312551551249], [42.41840076946962, 6.6034982294316595], [37.015037473162785, 89.84346682540625], [99.59396928756263, 8.805249436006768], [85.06932569124743, 79.73815581228648], [80.43103621488518, 6.643146146400458], [89.03521301155907, 36.97304952202741], [42.12087294645129, 78.02166469158895], [75.36625683627379, 5.9669607433075145], [92.35349550763208, 40.44750847903208], [66.27746528754069, 30.002920387329933], [5.064929733277824, 59.25338693082829], [12.454544724672079, 22.272208843510032], [40.95894192608426, 8.797233916248137], [39.91242291348291, 80.5603313555328], [59.365291280919486, 80.1367866543779], [46.01311334190896, 93.28528108143242], [43.87762338861146, 59.38212031655085], [18.364287880149288, 90.76029510694342], [0.9821298151848401, 21.4033330253946], [86.63347979358609, 79.02339256025294], [5.272624620707345, 32.397385336110595], [89.27593464574541, 16.386548919333578], [75.4470678117934, 28.27370871080358], [1.521106906705072, 69.13106631936083], [0.13550858076857297, 84.7255015199872], [14.506843417365944, 96.03133103443973], [62.81811904647101, 93.20954434220847], [31.400575796375463, 75.3763739803761], [17.580209034160454, 73.89920281027504], [83.47735740126441, 6.355730908915991], [49.326712215238956, 69.35973602117708], [61.20360663106802, 71.34873142885803], [26.273398719520426, 21.64387537650836], [72.47037017214512, 1.188644242326986], [81.78348863532764, 33.1837540244762], [19.15874673603146, 36.39683308375778], [91.86013259575397, 84.32132180753942], [64.29225462589694, 88.1495826898101], [45.483975197936545, 84.18068173572485], [72.65248762864053, 64.71732313303094], [96.68032979870803, 76.120495624626], [99.82499015542743, 75.2604752596238], [50.43924196769273, 61.576444003093634], [38.12071441409813, 80.03149828052302], [10.062140854171563, 46.618961123357096], [9.517105663919123, 27.13752450995215], [96.66906305087176, 52.51050356197632], [27.365395382016022, 8.616782974473235], [11.985563877036675, 95.2289481902452], [26.47614266316014, 13.8393005456107], [70.91811475701742, 64.3301668725718], [94.9771924727082, 98.8992240708287], [6.834803905846442, 32.33918813980373], [15.758990367562442, 70.90419502997595], [24.515664686654926, 68.25359567815366], [43.72262672880488, 93.13038477817574], [18.5418436775771, 64.71503378562981], [60.55597496307017, 92.12199167756002], [43.77592792810693, 82.431475906957], [48.92697049504739, 43.143641008996255], [92.17913705862135, 27.45144976333712], [75.89722081806983, 41.836431130203955], [76.69956850021492, 47.95122449409277], [94.29115354924956, 71.45890381511073], [26.296636695833755, 97.81925448146556], [22.88261708813192, 49.63888995871554], [68.08791335777474, 64.48114913737747], [70.04062838745023, 1.7517630087790836], [82.83776401188084, 4.615435829838843], [3.518378951197576, 98.12614574002072], [16.724111008549936, 75.92043777889049], [89.96568513031778, 25.201568393022043]]","[[0.0, 62.263183254531015, 82.02724729727045, 20.444545004528255, 89.13902053213403, 28.775565762553597, 83.88019412560463, 59.47358034839712, 17.77209384068391, 83.28682901616777, 58.49198711104754, 57.967030394196854, 59.27159402538757, 78.96560586258653, 80.15559133806327, 18.63446953920044, 7.427097745455309, 12.787034408200782, 30.948623655341166, 39.088821134641854, 86.65904629381046, 30.473565556113943, 75.61445504279311, 77.7632852177676, 61.725177034326215, 58.651270509981835, 57.21807769686009, 43.677856188021536, 8.109269484882647, 28.497084855589616, 41.907064264205204, 85.04436495550465, 19.60371177585685, 16.39362858900265, 72.5896758957523, 87.4084964356437, 59.37103477352567, 63.58153664462049, 34.688713609613984, 7.050349451416236, 12.21029898047304, 27.284033510075556, 40.93118174687241, 44.191203120164545, 26.59307083735342, 20.496978326317553, 62.31888306149895, 76.80390790901127, 52.52036934321831, 84.15604902429068, 46.005084642414594, 79.63669435899443, 26.679110648755053, 39.4339397985869, 74.59111034965113, 44.645789736636026, 37.897771885251835, 14.785336847050708, 44.84072333837093, 5.8448370874763835, 14.360740373029827, 44.91324467591001, 69.2461800392112, 49.09363914902117, 43.84555680864081, 40.23135983407487, 32.74608740122056, 50.99465263254726, 25.214670689537066, 86.46261043049286, 86.51081900671633, 54.86339269900384, 42.13041489493323, 70.14089005982818], [62.263183254531015, 0.0, 27.403847214100146, 59.05547746911286, 72.83227093862368, 73.21384804906317, 55.82737181956898, 59.03928702039681, 48.32138526671797, 51.65254745324578, 62.76102515262005, 36.01497731714642, 37.7409156147853, 19.925531447664575, 24.792906247902582, 50.31749889464848, 56.950037579086874, 64.07342189791177, 31.314562799961575, 60.76718543664725, 30.88530698395273, 73.92694504758609, 25.038827295897974, 60.819286951682564, 45.25853234234163, 47.62316374765162, 61.454357294932535, 66.74898311942884, 70.0510425571405, 44.21741168335581, 44.573989961904, 58.700101087586496, 42.6724403848847, 50.697689555368385, 10.337868162461609, 51.75876278594508, 51.541216737340555, 12.288321913235329, 81.34284380451196, 66.3554655876758, 55.14450234975869, 54.0417748264214, 80.18148236439141, 82.34069977553152, 36.478708379088324, 49.483267932328566, 25.443987378219223, 21.152927080243753, 69.73228567611068, 22.744060318043974, 66.61748908971904, 17.746612772120667, 52.44734030588783, 93.66085895563593, 23.47567803087929, 42.30202470556023, 37.52607324697478, 63.398468032493504, 35.5370122650347, 68.05371307633995, 53.00488614545353, 22.15731600904924, 62.00941717095084, 46.84548734694678, 49.35728207870068, 75.63186588197279, 66.76515315312339, 19.892913001521517, 50.38600011233672, 49.4611415561375, 58.88523857249437, 72.10389582311856, 46.756014225586725, 59.982171867826644], [82.02724729727045, 27.403847214100146, 0.0, 83.41515873491288, 57.217945993742234, 84.66273995356251, 38.012656122183614, 55.636650054867836, 71.41878620938526, 32.95400429947908, 60.323550262599085, 33.41837693546799, 64.55457054865343, 33.813328161851835, 2.634861738146407, 73.99927763874905, 75.46086140903377, 86.75628759277258, 52.79879051708629, 87.52694903613937, 43.999996143007785, 84.85054100002064, 45.22315002038286, 47.86790743042277, 39.50304885574842, 74.71469344471707, 88.8306837189205, 93.68240130366135, 88.97615258635005, 69.6498449832631, 71.73316961986362, 41.05970419202653, 63.13533201627948, 67.4153482621779, 22.065222317465345, 30.53590523762163, 47.49863304155944, 37.79754367015454, 92.11158964918639, 84.42884207041759, 77.63773017898937, 65.50814188430387, 88.18712983660123, 89.49467581846584, 55.55500572010674, 73.553662719896, 51.46032283537917, 38.783262561466216, 71.0674855090078, 15.187043381097066, 93.70500489343188, 17.507496356904156, 64.37858316246891, 106.21171118993773, 43.91489611641681, 69.60821626800131, 64.19690393381782, 86.53671533616371, 62.82547686457848, 87.42073163309684, 75.84012841925914, 37.115273328155276, 53.95153342768464, 48.60237599785506, 53.71064073571306, 83.04821560175208, 92.62950645165091, 47.26194859860241, 63.314661423269065, 28.04508501022686, 40.46822601778657, 99.44650172233095, 73.92587256719688, 51.055190371804386], [20.444545004528255, 59.05547746911286, 83.41515873491288, 0.0, 102.388062705976, 49.105314649420876, 93.8469088879897, 74.17128614820552, 12.877288595485409, 92.22843541542818, 74.17752785439436, 66.61216615303279, 44.23304615948262, 71.89640261727035, 81.14213610140713, 9.724785166871385, 24.367057376995234, 9.63387018350866, 31.224809312139467, 18.67327058870833, 77.3461204512021, 50.78448410103826, 65.63256091430934, 90.15054165973022, 72.5799977283005, 41.09528734270332, 37.2329587891214, 23.343274473022113, 26.021712021462385, 15.518342543803964, 25.138259912684127, 95.5455348070379, 23.898965722700286, 30.449008445187474, 69.04032935111432, 95.48171649081716, 72.21175301945672, 56.35059695515993, 55.122396034682914, 27.329760684320654, 10.187739747265542, 43.60448314604878, 61.2230924314528, 64.48064670082029, 31.292712339266796, 9.874069486462714, 50.93934166575485, 68.47022312987501, 70.3729558399714, 81.79785915234366, 25.602303764118606, 76.73135992345706, 42.43049756717829, 58.66530619948512, 64.9429639401314, 28.469554873525553, 24.94708111605571, 7.469644118071735, 31.188091253614633, 23.65094952439773, 10.032310258306858, 48.195102236647436, 83.28170072799855, 61.77782496905661, 57.704609611213534, 60.15434838680319, 13.360288318670209, 42.616115578134036, 40.10948484148103, 94.07889208825873, 96.76538396980365, 34.505490898402584, 24.60838138973077, 83.56043394008225], [89.13902053213403, 72.83227093862368, 57.217945993742234, 102.388062705976, 0.0, 72.40471309649699, 19.284519557998888, 30.081760184239037, 89.96704365415069, 24.393399380271717, 32.46008345497249, 39.4883614821386, 107.14827994770592, 88.17390945645448, 58.63502790934677, 93.33101713192308, 81.89343524421258, 100.03891178277084, 75.24846223278453, 115.39016705280908, 99.4133119569568, 71.40421494380145, 97.22707923255062, 12.803825238015065, 31.017636231907293, 115.14117646705974, 125.12341940124571, 121.85322441309125, 92.06817126221344, 95.29980870361608, 104.70663606856034, 16.30169683524172, 78.69970126479926, 73.38601423082797, 74.43612284679648, 28.172722687916888, 30.19146745412786, 85.03599540844564, 75.91106254293985, 86.84315907165207, 92.7865682884584, 62.06451014129974, 67.37827294095203, 66.45562737578607, 72.11786320966604, 94.08580971219241, 97.18963470556018, 91.92341197790294, 43.803017187278456, 72.22881978847593, 123.06213229478202, 73.29091513175617, 62.49256827331033, 90.2121881657801, 95.69800955728728, 104.32920365074978, 95.76459519401133, 101.15500664719058, 98.46497373136411, 92.00893727581321, 92.39304608874825, 61.2067798733171, 20.066402857270678, 40.652119897263375, 45.34932139139458, 62.87766107140686, 115.30824801069299, 86.9023460822716, 63.972160881183406, 30.383410426371523, 17.272085956687924, 131.18209319504493, 106.63893246598263, 19.014287553122536], [28.775565762553597, 73.21384804906317, 84.66273995356251, 49.105314649420876, 72.40471309649699, 0.0, 73.24202459874047, 42.94860391508162, 42.982739965472426, 74.4065774452078, 39.9601563783239, 53.16697903970333, 82.58528397194225, 92.6025997250722, 83.5364612332231, 45.16438686735811, 25.70712530633461, 41.33899280503277, 45.94697508751402, 67.60953796625778, 102.34064715389188, 1.7197280489427453, 92.78287585012171, 63.49111477061417, 52.356252369321155, 84.21885305310617, 85.08012051098889, 72.41913741181696, 26.011430296557243, 53.84570415574025, 67.74122998081444, 73.39969106021579, 37.218893259416426, 25.29733163289509, 82.65534736370955, 79.5535005392693, 46.67021588742577, 78.88393165956066, 8.19270827958231, 22.415146311602587, 39.833855076538725, 19.48854232237995, 12.161532864604304, 15.420092636270315, 39.103586466468556, 46.949527693647156, 81.99365118121325, 92.05956965173117, 29.595590108596994, 91.58598827041106, 74.70743530207227, 88.1806113769984, 20.920394214054404, 21.571100133458373, 91.47296067913975, 69.87103438324822, 61.633115956712906, 43.46149228645573, 68.2026396740408, 27.46386270466454, 41.38113908482091, 51.43372777484163, 52.76787893338974, 38.995746456260484, 32.870379341656594, 12.393067524844797, 61.49109773647084, 69.08800570151625, 22.82859210546363, 79.42127677865744, 75.15585755674707, 83.59829596218397, 68.45175922506685, 54.75594673727819], [83.88019412560463, 55.82737181956898, 38.012656122183614, 93.8469088879897, 19.284519557998888, 73.24202459874047, 0.0, 31.52673305503265, 81.00963843494105, 5.109717883930888, 35.845222112619844, 27.31304857723801, 91.91239003307689, 69.75006090398199, 39.530827485194365, 84.29417710085167, 76.45312815535232, 93.2279623342183, 64.16814930919999, 104.53695996200393, 80.80836494331002, 72.6455117490198, 79.4485221360388, 13.159260079800632, 22.197323665153306, 100.65543756282743, 112.0010088290649, 111.06865801648448, 88.34000310038829, 84.42892074004175, 92.05217887304806, 3.0598497167869563, 70.00606842978615, 67.50190230760936, 56.196722115389896, 9.650067091247386, 26.57504457357197, 68.11442831255883, 78.5144777612763, 83.08886489284788, 85.04920046060444, 58.592796918930674, 71.35223635242805, 71.3054226835539, 62.58733846057122, 84.71135437382718, 80.9311263813802, 73.81602191052869, 48.65683910627983, 53.10233026273137, 111.94742965920403, 54.43266644502411, 58.46612724411702, 93.39579527941919, 77.95313966873138, 91.16992880163664, 83.20081889407538, 93.95504123328026, 84.86822896056728, 87.75905134573433, 84.18710050482973, 48.216099822509925, 23.895676865266108, 35.48412025122799, 41.47627259150361, 66.2811081281184, 106.0359181712301, 71.83630370476122, 59.14040304098366, 11.484171882178893, 3.1470538312399357, 119.51860132216994, 94.11649937805096, 20.86443304344642], [59.47358034839712, 59.03928702039681, 55.636650054867836, 74.17128614820552, 30.081760184239037, 42.94860391508162, 31.52673305503265, 0.0, 62.33734122565169, 33.88536416029388, 4.804462901059234, 23.801213868717326, 86.87589947093964, 77.97892966642573, 55.72436115860761, 65.67267045471105, 52.37759500714911, 70.8658484968984, 50.41204572746983, 88.81130247069565, 89.41902220541847, 42.1188754845468, 83.88747175042009, 20.587907955153646, 16.134318099000623, 93.23549115904963, 100.91310182379375, 95.09131658341887, 62.04739612291968, 69.25725042462363, 80.43232179961743, 31.117679187909605, 51.241218739268476, 44.22991996689788, 64.60672498441625, 39.432444503433146, 8.182069835719496, 69.87884203776332, 47.432468405936376, 56.84409852172668, 64.22827145675359, 32.22015532511212, 39.88696963978347, 39.77871617368141, 45.770907799714095, 66.68070318254634, 79.55997572018609, 80.12407221562036, 17.31150324108912, 67.87668420729639, 96.59398615542618, 66.69938249009347, 32.812209905706936, 62.21059567441323, 82.33091720888446, 80.75102129666311, 71.70247334559097, 72.15869163658306, 75.75574440885096, 62.068291588352736, 64.14726350873633, 40.58013451262042, 10.027218975288585, 14.009258350924009, 16.513281055790735, 34.88408028398501, 87.39788107322767, 67.3542089358629, 34.57578498361903, 40.016662388194746, 32.945766616615884, 105.13244068675735, 82.1327859318094, 11.808198267911866], [17.77209384068391, 48.32138526671797, 71.41878620938526, 12.877288595485409, 89.96704365415069, 42.982739965472426, 81.00963843494105, 62.33734122565169, 0.0, 79.35449521644098, 62.730643105739595, 53.75258838503861, 41.537828271624896, 63.151348817893314, 69.23418158587594, 3.364829858809778, 17.373649720528356, 15.752064010545743, 18.722146955545576, 26.956409977432774, 69.9859390669548, 44.5238770442383, 58.64612750542375, 77.60468632836266, 59.87899789132175, 41.561806287725226, 42.517199450821415, 32.967904219316246, 25.671924049562083, 11.041844679796622, 24.88451078922188, 82.74276325699829, 11.267347862691798, 20.215804787513818, 58.56276605001555, 82.60995710693176, 59.862854227604984, 47.5382566622247, 50.1366096803453, 24.375087457368235, 7.017403202317906, 33.30442912599535, 54.59257070183123, 57.770142028096586, 18.429339290025123, 4.476683966862684, 44.876409111679244, 60.43344573196187, 60.218970315416826, 70.95605488132338, 34.701980607917335, 66.06158833243326, 31.88633325461505, 56.830124049622206, 57.723438326582205, 27.305809409118513, 20.133517579450366, 15.193387964312471, 27.074656919891947, 23.209312947057466, 4.710163685848826, 35.53589030606245, 71.15600075758444, 49.499624275711156, 45.82485744517998, 52.58144167381246, 25.344644688840773, 34.288371060859646, 29.285367492950265, 81.21952133933488, 83.94247824395995, 43.52404738624789, 25.48353726367443, 71.26772499455375], [83.28682901616777, 51.65254745324578, 32.95400429947908, 92.22843541542818, 24.393399380271717, 74.4065774452078, 5.109717883930888, 33.88536416029388, 79.35449521644098, 0.0, 38.43792983282621, 25.696954835649233, 88.21405674993376, 64.99034263967387, 34.523524813703744, 82.59022508213447, 75.87617527512917, 92.12000922531527, 62.00575222216313, 102.17208042013405, 75.96894063971594, 73.9201768328092, 74.91117821344785, 17.37949810901596, 22.306894344555324, 97.17412413468563, 108.91544072515669, 108.69893742641517, 88.14036620642723, 82.16232564391193, 89.18529493606668, 8.12041221965107, 68.53248748952088, 66.8981060928703, 51.53517604984331, 5.5873489380045935, 27.963095330679273, 63.916049019983575, 80.0715544706932, 82.9253693085367, 83.72775470172726, 58.81300557050394, 73.31990290904879, 73.48347290105724, 60.940714622318744, 82.90226867175404, 76.92342100494108, 69.16865966835836, 51.1870191623811, 48.0739457316292, 109.4751782047892, 49.5198646789651, 58.532467892992884, 94.9789153639486, 73.43060954811614, 88.14686955685737, 80.40775841592449, 92.72961671365064, 81.73340820629161, 87.41872685212105, 82.73313096781813, 45.6195289082495, 27.28105954362437, 35.873400014305936, 42.00542968103888, 68.17144800367024, 104.13775245168272, 68.27715461710707, 58.96511279737978, 6.791922431542671, 7.59276228173081, 116.85646296139222, 91.28192710853483, 24.14774188099974], [58.49198711104754, 62.76102515262005, 60.323550262599085, 74.17752785439436, 32.46008345497249, 39.9601563783239, 35.845222112619844, 4.804462901059234, 62.730643105739595, 38.43792983282621, 0.0, 28.0900119694607, 89.29140372559668, 81.94012358459604, 60.35842955003218, 66.02351591627291, 51.60872426424897, 70.27987786591719, 52.04257586954307, 89.47502078015121, 93.33491890611923, 38.99765906329151, 87.45217296923762, 24.25698158864914, 20.833355424211945, 95.25371021293238, 102.29710543597037, 95.65386856543743, 60.46627895885126, 70.25157696833485, 81.91495726468253, 35.22832845273223, 51.838412224327705, 43.87711427176061, 68.70339008651996, 44.006784638993174, 12.825255321304263, 73.30674743088531, 43.876587184368894, 55.343663809268506, 64.10415257345556, 31.25945640582294, 35.934433443038166, 35.6057002225573, 46.93864682956112, 67.14228767136038, 82.52244469502078, 83.89888649795512, 12.811712359844828, 72.36468920740053, 97.26258567102425, 71.04802845416081, 32.09138388830146, 58.5105703389467, 85.90222041370563, 82.42771362420893, 73.31541294857902, 71.69690964981952, 77.69860185606701, 60.67400206527325, 64.20618033283395, 43.51013910903726, 12.997228281850418, 16.514783764532474, 17.359469599853057, 31.07187087023898, 87.49300449435715, 70.07627588479599, 34.15310176786213, 44.66793879978678, 37.07406878447919, 105.91743543855284, 83.53521720102701, 15.431795990882511], [57.967030394196854, 36.01497731714642, 33.41837693546799, 66.61216615303279, 39.4883614821386, 53.16697903970333, 27.31304857723801, 23.801213868717326, 53.75258838503861, 25.696954835649233, 28.0900119694607, 0.0, 67.84220148251538, 54.37527635691258, 33.025880214075094, 57.019007911341475, 50.60812875793828, 66.44773235254094, 36.944421846581385, 77.37655427900424, 65.8591962997048, 53.07894138570069, 61.05181444622807, 26.727049309168912, 9.331226257840754, 75.65974989930594, 85.84473963395064, 83.90439977383771, 63.301219484217114, 57.22890625845706, 65.5614702181269, 29.240825209828575, 42.851919053349086, 41.655973549391554, 40.86806791948376, 29.472267993322863, 15.828912239611261, 47.550560012536984, 60.0413324256694, 58.18054140595266, 58.03101804061428, 35.2949099423735, 55.2373507352775, 56.3354479682213, 35.32331682394172, 57.4078498618821, 58.619582998263155, 56.83263954926731, 37.81852079301536, 44.40175737258637, 84.86486470686538, 42.95821096178991, 34.639507484332164, 74.63494491022237, 59.48855469037733, 65.00023519675625, 56.631812169770576, 67.03579269933444, 59.02220249250322, 62.38200437220414, 57.053243706318845, 21.76506852736797, 26.027035998782015, 15.250300750111807, 20.75480319551294, 50.03364160231234, 78.7243407393601, 47.6307059706038, 34.52572924581925, 28.50068928542201, 30.31118384352928, 92.62546491233424, 67.55703755866917, 24.169913948812116], [59.27159402538757, 37.7409156147853, 64.55457054865343, 44.23304615948262, 107.14827994770592, 82.58528397194225, 91.91239003307689, 86.87589947093964, 41.537828271624896, 88.21405674993376, 89.29140372559668, 67.84220148251538, 0.0, 37.71225188777497, 61.920945473466915, 40.84524037953365, 58.17770748506814, 53.24400022842096, 38.812907145270316, 34.19880392553088, 38.0696182777739, 83.93021792851785, 26.856804702379318, 94.49369899348511, 76.89854239918665, 10.494152196760753, 25.944706869456976, 37.970605822216456, 66.99590660623947, 30.879070014503945, 19.264790130021034, 94.58684277107352, 45.40092158113572, 57.426896158163565, 43.17724535093617, 88.96632927259364, 81.02692786894517, 26.852518158845765, 90.34272853374209, 65.90042597189536, 47.48756955840519, 67.80805690388678, 93.15514416733633, 96.10252820803053, 45.43374082009071, 39.043755097647406, 13.586788968379476, 32.42299322323628, 91.8519663207787, 55.329706563321885, 36.63517687799282, 50.20835867993262, 66.04858569528776, 98.26498559230441, 26.97232936083781, 15.814685017821905, 21.432098537519785, 51.401055632614835, 14.54155410637431, 64.4949709565927, 45.119454671188144, 46.72689304301239, 92.73752382680914, 72.9421949880973, 72.52075804220418, 90.05716883663612, 44.023988011959375, 20.24619803079316, 63.239433604530575, 86.76565086064072, 95.04693289234093, 38.90351136798837, 20.34028249512643, 91.47493980713895], [78.96560586258653, 19.925531447664575, 33.813328161851835, 71.89640261727035, 88.17390945645448, 92.6025997250722, 69.75006090398199, 77.97892966642573, 63.151348817893314, 64.99034263967387, 81.94012358459604, 54.37527635691258, 37.71225188777497, 0.0, 31.528964605679825, 64.4316715645974, 74.49112368392935, 78.543198026985, 48.62669433816214, 68.74258523063563, 11.505270489768192, 93.39813307132894, 12.413668893040601, 77.04652452997892, 63.27776833563774, 48.117487324895194, 63.65667614357915, 73.78766859239104, 86.99767345235313, 56.38266088305422, 51.8808147647852, 72.78443645681915, 59.80628688658034, 69.17352171043336, 13.83313155712366, 63.611445514418335, 70.18236446574802, 15.634939543768928, 100.77370591962462, 83.8270633667238, 70.1683852830768, 73.65717926258063, 99.96809921469452, 102.18292965340957, 54.65949255274685, 63.20512465611514, 24.46401322056183, 5.6832952386590225, 89.47871011807584, 20.218905088811653, 72.95824668358544, 16.3621255070786, 72.01986430493514, 112.61299593738805, 11.529334717267124, 48.74412212203057, 47.53691775845884, 77.45046190311078, 42.87713373826968, 84.81002153603914, 67.82452697503719, 42.022071845805385, 79.89264771754667, 66.39075194313553, 69.18695631911365, 95.48068656087577, 76.80468484904704, 29.286172991343552, 69.83313215228111, 61.133016683888684, 72.5641729125856, 76.37849698331883, 53.81785636901027, 77.56647493830076], [80.15559133806327, 24.792906247902582, 2.634861738146407, 81.14213610140713, 58.63502790934677, 83.5364612332231, 39.530827485194365, 55.72436115860761, 69.23418158587594, 34.523524813703744, 60.35842955003218, 33.025880214075094, 61.920945473466915, 31.528964605679825, 0.0, 71.77072771070391, 73.67581340880221, 84.63908531220635, 50.669018478861716, 85.02036103901904, 41.91729048137269, 83.77276865009769, 42.78411375569768, 48.90940081096728, 39.60762423488027, 72.07991511830922, 86.20704455788079, 91.15646557179048, 87.19668443139987, 67.26175923025158, 69.17247650265796, 42.58845608207524, 61.13784622328123, 65.74599828192783, 19.51157031303042, 32.416982384743065, 47.55361160841736, 35.17081722865706, 91.07589726926417, 82.7117811283753, 75.51913751667944, 64.2770349130463, 87.3916164944105, 88.78386161914314, 53.623885594670355, 71.29078450213042, 48.83743815359597, 36.39993580486524, 70.81290517171736, 13.594744211942235, 91.1586412136277, 15.335380999019455, 63.09880093508324, 105.05398622581616, 41.45697051508017, 67.02471318352615, 61.68825107210704, 84.37842311864705, 60.24389293625906, 85.59824156975435, 73.68810625658571, 35.25854732482027, 54.5113580667824, 48.08608826341388, 53.01346400756511, 82.28492979356615, 90.22141286955679, 44.66312111729751, 61.940935618501896, 29.922953526435013, 42.087090354754864, 96.85788684199026, 71.36421740891805, 51.6794259750586], [18.63446953920044, 50.31749889464848, 73.99927763874905, 9.724785166871385, 93.33101713192308, 45.16438686735811, 84.29417710085167, 65.67267045471105, 3.364829858809778, 82.59022508213447, 66.02351591627291, 57.019007911341475, 40.84524037953365, 64.4316715645974, 71.77072771070391, 0.0, 19.457478712173657, 14.11179539357633, 21.546216317943536, 23.84033103681386, 70.81749905320977, 46.7463296618491, 59.32609034003465, 80.96314373040272, 63.2186831216954, 40.05647568120963, 39.994394061305094, 29.745508914763203, 26.166266537644816, 9.96619061690332, 23.304471893785752, 86.0478137105571, 14.631547385739806, 23.198449890134384, 60.474554699409055, 85.78977004803353, 63.22757487274541, 48.79682012672127, 52.08367873349197, 25.533760595346294, 6.644481299074991, 36.3718675227293, 56.941262661158355, 60.14652266056507, 21.707185409678857, 1.8681230601841876, 45.20017646268726, 61.464392960167174, 63.30962832723971, 73.02946017555686, 31.544853391403596, 68.06048471252454, 34.99673078789205, 58.038296258881665, 58.47570035703896, 26.012098579085624, 19.710806856348412, 13.13483521641561, 26.604043150560816, 23.66068956361917, 4.292767514127627, 38.48728081573042, 74.51417792275156, 52.86252102288715, 49.15941344971715, 55.13512790255247, 21.98317679025444, 35.3008473624354, 32.440689921470884, 84.37119893628717, 87.23652941756899, 40.41143737754251, 23.647968652783323, 74.63190802389205], [7.427097745455309, 56.950037579086874, 75.46086140903377, 24.367057376995234, 81.89343524421258, 25.70712530633461, 76.45312815535232, 52.37759500714911, 17.373649720528356, 75.87617527512917, 51.60872426424897, 50.60812875793828, 58.17770748506814, 74.49112368392935, 73.67581340880221, 19.457478712173657, 0.0, 18.739358617980578, 25.89640962637408, 42.35494317918158, 82.81432314474335, 27.290909680169243, 72.14615044920559, 70.41831720349808, 54.29919327365953, 58.88187790832354, 59.40726776098157, 47.591142934131206, 13.52105813696905, 28.3670026784342, 42.24808339535215, 77.62110485883878, 14.728132604254128, 8.978269208114602, 67.20486606679532, 80.02844671152077, 52.030403090556646, 59.41169718666577, 32.763166002758624, 9.406373802278404, 14.458354803525292, 20.354592652987208, 37.53055679336117, 40.75249251069765, 20.59516146271346, 21.244837770431435, 59.61749131195042, 72.75825312059438, 46.41963922486043, 78.35243623470961, 49.725364842210624, 74.00711290912004, 19.57848204525733, 40.25216223136286, 71.021563821301, 44.57297642573604, 36.81992261720669, 20.33535213594162, 43.639252236576894, 12.044204709263695, 15.7573426856154, 38.437629551901196, 62.0684557407808, 41.715967296700974, 36.55663521563442, 35.98779662272212, 37.49940778897317, 47.551101134636, 17.92158257407403, 79.10862629485585, 79.08496321342528, 58.67277611529767, 42.849128962681874, 62.88292541828107], [12.787034408200782, 64.07342189791177, 86.75628759277258, 9.63387018350866, 100.03891178277084, 41.33899280503277, 93.2279623342183, 70.8658484968984, 15.752064010545743, 92.12000922531527, 70.27987786591719, 66.44773235254094, 53.24400022842096, 78.543198026985, 84.63908531220635, 14.11179539357633, 18.739358617980578, 0.0, 33.97034923562075, 27.763881277411777, 84.82219010208955, 43.051313973665046, 73.26065294232323, 88.23313841922375, 71.36429231651317, 50.625731870290046, 46.66930945235794, 31.62571477299091, 16.805176368727324, 23.113961302076532, 34.412934750018394, 94.65894715310857, 24.15391570581553, 26.68264036837149, 74.31115222327578, 95.8215891960426, 69.94078426218896, 62.90828658759512, 46.71511254750915, 18.986900854265443, 9.119962523018682, 39.06129137304871, 53.495763227178315, 56.75043357638065, 32.016260922734475, 15.425716170388691, 58.9085549071059, 75.54789392082154, 65.02774579114757, 86.69770444942509, 34.083015776398234, 81.81293935925083, 38.19237796124662, 49.28485975444549, 72.45250979170774, 37.63276457808516, 32.995841750347914, 2.2957181424494557, 39.63495537418651, 14.589313430364205, 11.081971184820766, 50.226234506108774, 80.40768055249121, 59.4982692265141, 54.7433577418013, 52.98263782441753, 20.23107427022691, 49.396632627975485, 36.290147599465534, 94.63459415045043, 96.01248019870651, 42.76957354919357, 34.049720125213156, 81.03838905267826], [30.948623655341166, 31.314562799961575, 52.79879051708629, 31.224809312139467, 75.24846223278453, 45.94697508751402, 64.16814930919999, 50.41204572746983, 18.722146955545576, 62.00575222216313, 52.04257586954307, 36.944421846581385, 38.812907145270316, 48.62669433816214, 50.669018478861716, 21.546216317943536, 25.89640962637408, 33.97034923562075, 0.0, 40.441564533828114, 57.29233502847284, 47.05149128639848, 47.10118737181128, 62.52700076585173, 44.32113597168923, 43.463967106647225, 50.55353181218103, 46.96602348893866, 38.769021034545545, 20.285286955863096, 30.038303644834524, 66.18109176708249, 11.368613995983882, 21.056815448473664, 41.64233251577625, 64.8384594683475, 46.07829224782446, 33.75420406615249, 54.0766581883685, 35.274977816452825, 24.850533487148052, 29.265290039995858, 55.392228806799544, 58.156942868748125, 6.918807326314789, 21.436856374940138, 36.143949585342995, 47.12068693302145, 53.236784448685654, 53.383266565439165, 47.980188916844604, 48.75407638471466, 27.48947686234476, 64.59696161358315, 45.86382731465899, 30.38775622967544, 21.297617704048402, 33.74862038863699, 25.890957874029, 36.743252278162274, 23.049579933258535, 17.005414326712295, 57.90167480126998, 36.511721796821185, 34.75550978209067, 51.839875799703215, 42.26706017578323, 23.145643809646327, 24.74142751149554, 63.29108084075279, 67.21073044575536, 55.946117984837905, 31.793539895068033, 57.37960931292913], [39.088821134641854, 60.76718543664725, 87.52694903613937, 18.67327058870833, 115.39016705280908, 67.60953796625778, 104.53695996200393, 88.81130247069565, 26.956409977432774, 102.17208042013405, 89.47502078015121, 77.37655427900424, 34.19880392553088, 68.74258523063563, 85.02036103901904, 23.84033103681386, 42.35494317918158, 27.763881277411777, 40.441564533828114, 0.0, 71.50194128956785, 69.27075462202049, 59.81321663158566, 102.76145079254033, 84.63461020272238, 27.413797315399133, 19.201748055390652, 6.531745366470956, 44.521252533821226, 20.164568724948936, 16.87931316948343, 106.60132400641422, 37.63848628584217, 47.032074539309676, 69.56747451663837, 104.64486981979081, 85.65659990594214, 54.36926675999997, 73.77736487304703, 46.00210808999383, 27.906428512607434, 60.21166848017147, 79.67261857546738, 82.92219504138122, 43.36473042657701, 22.481625179998137, 44.915287053423846, 64.23495599441597, 87.14748629634036, 82.63520146836599, 7.788259130690733, 77.34753772632477, 58.825644049930766, 77.04400894805322, 59.5479196948112, 20.02628985597778, 23.332187119802995, 25.468856947513718, 26.045866531116115, 42.21365509469112, 26.74174039199818, 56.58112155217978, 97.24526650681378, 75.52206855518304, 72.35759456862726, 78.34176814531334, 10.618430448274587, 41.36889242167853, 56.240843197172254, 102.92212082199076, 107.60002743671168, 16.572771870617583, 14.930222559864793, 97.08092879926038], [86.65904629381046, 30.88530698395273, 43.999996143007785, 77.3461204512021, 99.4133119569568, 102.34064715389188, 80.80836494331002, 89.41902220541847, 69.9859390669548, 75.96894063971594, 93.33491890611923, 65.8591962997048, 38.0696182777739, 11.505270489768192, 41.91729048137269, 70.81749905320977, 82.81432314474335, 84.82219010208955, 57.29233502847284, 71.50194128956785, 0.0, 103.22899308781035, 11.801590227040395, 88.43621483433101, 74.78120788605528, 47.73077646220681, 63.327827930319394, 75.84362837350983, 94.76192034718729, 61.95458825493655, 55.05735716714446, 83.85638260701994, 68.09563301511719, 78.2379006081237, 25.292412763793244, 74.29133295298185, 81.65560547872433, 23.562564518476, 110.53273135942689, 91.99583549168098, 76.95069690112456, 83.742115617849, 110.23662441764591, 112.56332799752634, 63.717225207099744, 69.40126963675296, 26.80064366471217, 10.282352100567742, 100.61632695960823, 29.318467971138208, 74.64112147886138, 26.592466573222488, 82.05946047792047, 121.82234989080425, 12.403496325425747, 51.65937424109025, 52.42875522248462, 83.49562880516146, 46.73592808186492, 92.46713852642846, 74.53685920738765, 52.64360112149677, 91.39734047681691, 77.65167324746649, 80.23665660067765, 105.88736505026715, 80.49979695993542, 35.73342997988473, 79.74261361306601, 71.80014226429863, 83.55943000040065, 76.76472204420153, 56.744380185141715, 89.06458167211711], [30.473565556113943, 73.92694504758609, 84.85054100002064, 50.78448410103826, 71.40421494380145, 1.7197280489427453, 72.6455117490198, 42.1188754845468, 44.5238770442383, 73.9201768328092, 38.99765906329151, 53.07894138570069, 83.93021792851785, 93.39813307132894, 83.77276865009769, 46.7463296618491, 27.290909680169243, 43.051313973665046, 47.05149128639848, 69.27075462202049, 103.22899308781035, 0.0, 93.7740545360385, 62.692557364831444, 51.967934573595066, 85.6853204282491, 86.6857143393425, 74.10480177484592, 27.720359122780312, 55.353179027830485, 69.24313340085301, 72.73616815882248, 38.538048275049384, 26.562734658605855, 83.28114059922223, 79.11284168745193, 46.09549734329648, 79.81142257842193, 7.442173998480737, 24.133331478977645, 41.47142823808728, 20.003293838084897, 10.457820310384522, 13.717707251503128, 40.17983157945654, 48.523238576052265, 83.14575830265296, 92.94664309290569, 28.34865454212686, 92.0314973429282, 76.38672256328978, 88.70102063898179, 21.51426455498161, 21.556117913681465, 92.45130402437172, 71.33803067042987, 63.044519813704355, 45.170217402440926, 69.5787326686705, 29.182350094217888, 42.99284573042726, 52.049374778768396, 51.86925484667768, 38.7057793771073, 32.62149938179223, 10.763896010439726, 63.19666969361656, 70.1970190879173, 23.56724163314955, 79.03307820986295, 74.50470779145881, 85.28209171383837, 69.97819783544992, 53.92487690384154], [75.61445504279311, 25.038827295897974, 45.22315002038286, 65.63256091430934, 97.22707923255062, 92.78287585012171, 79.4485221360388, 83.88747175042009, 58.64612750542375, 74.91117821344785, 87.45217296923762, 61.05181444622807, 26.856804702379318, 12.413668893040601, 42.78411375569768, 59.32609034003465, 72.14615044920559, 73.26065294232323, 47.10118737181128, 59.81321663158566, 11.801590227040395, 93.7740545360385, 0.0, 85.5155130834602, 70.29549904573598, 36.92475055755519, 52.57967006896378, 64.30046533208343, 83.72336956721539, 50.297746445760374, 43.28830659373424, 82.42662188021393, 57.50633010332427, 68.15777366581365, 23.59386549933357, 74.09131209429749, 76.51490500535017, 14.450604474825736, 100.96282343525135, 81.18881841556345, 65.56266087686751, 74.73034402546695, 101.32659541902103, 103.8142297857211, 53.77211905123546, 57.861953985980314, 15.006421412948963, 6.758827948449372, 93.58336648404185, 32.459321751910466, 63.18915131691701, 28.17785812420818, 73.00022542356797, 111.66648578966151, 1.5632629441574064, 39.90912501391604, 40.693518047380714, 71.88115109917614, 34.93569200239073, 81.38352061515604, 63.13410001602358, 44.95757916862892, 87.04713770602298, 71.25257310121157, 73.10082232450402, 97.21162851473571, 68.7170287935022, 24.645107351238256, 70.53459008725171, 71.65227477029784, 82.39045798599014, 65.75216591188169, 45.00436239330486, 84.99820162781666], [77.7632852177676, 60.819286951682564, 47.86790743042277, 90.15054165973022, 12.803825238015065, 63.49111477061417, 13.159260079800632, 20.587907955153646, 77.60468632836266, 17.37949810901596, 24.25698158864914, 26.727049309168912, 94.49369899348511, 77.04652452997892, 48.90940081096728, 80.96314373040272, 70.41831720349808, 88.23313841922375, 62.52700076585173, 102.76145079254033, 88.43621483433101, 62.692557364831444, 85.5155130834602, 0.0, 18.235737600084043, 102.38600445017092, 112.32198360784048, 109.241513726607, 81.25139156979569, 82.63992148275399, 91.9129067571628, 11.586233556179103, 66.34831515968585, 61.71626290025925, 63.22150753195133, 22.658404706592094, 18.392467114643825, 72.91660656330039, 67.98390578965683, 75.98761269625945, 80.70799313949664, 51.109712646676925, 60.19110778654877, 59.81155218574646, 59.58536159033317, 81.65498231055288, 84.78693221557184, 80.48014833921648, 36.8727331050791, 62.396186860766505, 110.40799489329707, 62.851430750090444, 51.33809553843074, 82.70940636629949, 83.97039201868476, 91.52548734339905, 82.9703748614884, 89.24528113297927, 85.66769563006196, 80.9981072245462, 80.20089146702583, 48.414676340227686, 11.43943245697788, 28.75215623618539, 33.97784174379304, 55.300241359477766, 102.94502176129076, 74.25490422123964, 52.55495044458672, 24.169691050945897, 13.416748655185817, 118.47244425229, 93.85121755110472, 8.841963811986265], [61.725177034326215, 45.25853234234163, 39.50304885574842, 72.5799977283005, 31.017636231907293, 52.356252369321155, 22.197323665153306, 16.134318099000623, 59.87899789132175, 22.306894344555324, 20.833355424211945, 9.331226257840754, 76.89854239918665, 63.27776833563774, 39.60762423488027, 63.2186831216954, 54.29919327365953, 71.36429231651317, 44.32113597168923, 84.63461020272238, 74.78120788605528, 51.967934573595066, 70.29549904573598, 18.235737600084043, 0.0, 84.465208023743, 94.12032652503474, 91.13071014864138, 66.15249878928212, 64.48840620112789, 73.69029146781428, 23.34273552552921, 48.68608237103506, 45.36886342600769, 49.61858948052529, 27.248145736901453, 8.01615704906265, 56.87143605630641, 58.401400920216645, 60.90607639605527, 63.430091847606825, 36.55060479056468, 52.346599054586946, 52.93429255695765, 41.64689101718411, 63.81320740342862, 67.90977072066909, 65.93975146570087, 32.21483053789509, 51.944604657731496, 92.25164809048412, 51.0539288301344, 36.33977973163441, 73.27611608935081, 68.73260420853363, 73.34865338094255, 64.74873887742876, 72.199921000899, 67.57347635703341, 65.56178676662418, 62.738543569362434, 30.40444783650104, 16.752261072981586, 13.570190756019802, 19.717337177623445, 47.11751949623063, 85.1607175605275, 56.74057146025553, 36.94774548632163, 27.06738241999451, 24.785807754281045, 100.26514469208703, 75.62140204071382, 14.840090800729449], [58.651270509981835, 47.62316374765162, 74.71469344471707, 41.09528734270332, 115.14117646705974, 84.21885305310617, 100.65543756282743, 93.23549115904963, 41.561806287725226, 97.17412413468563, 95.25371021293238, 75.65974989930594, 10.494152196760753, 48.117487324895194, 72.07991511830922, 40.05647568120963, 58.88187790832354, 50.625731870290046, 43.463967106647225, 27.413797315399133, 47.73077646220681, 85.6853204282491, 36.92475055755519, 102.38600445017092, 84.465208023743, 0.0, 15.655870846023644, 29.870614229801667, 65.85663824672021, 30.52517860569397, 16.752011423588204, 103.23550615471795, 47.806152206048246, 59.72368719265803, 53.55099675664025, 98.23426426457591, 87.94463702794553, 37.18354964593751, 91.60722364662503, 65.58903072097998, 46.467458641210705, 71.26818681798918, 95.41556384271487, 98.49478725158714, 49.49804295309536, 38.18835799867741, 24.077876593414818, 42.74802392887796, 96.58869843198231, 65.80201923604191, 28.11768656611986, 60.66245273631126, 69.56287324481711, 98.08253231455829, 37.17361531756164, 14.347867816137821, 23.011293797212552, 48.54828072942128, 17.584277737862475, 63.353755178826795, 44.29865454783615, 54.06165162865723, 99.78010256199843, 79.22627992443837, 78.10497287183583, 92.79924774192138, 37.90565942384236, 28.91814407090645, 66.72901506011814, 96.09836282980928, 103.80108525550814, 29.063787196958454, 16.650132087649865, 98.75345161164216], [57.21807769686009, 61.454357294932535, 88.8306837189205, 37.2329587891214, 125.12341940124571, 85.08012051098889, 112.0010088290649, 100.91310182379375, 42.517199450821415, 108.91544072515669, 102.29710543597037, 85.84473963395064, 25.944706869456976, 63.65667614357915, 86.20704455788079, 39.99439406130509