instance_id,num_cities,city_coordinates,distance_matrix,best_route,total_distance
760,60,"[[13.779919207806357, 82.10101161447976], [90.31144961388058, 54.34094688338453], [19.54774211818072, 17.205747948560568], [82.81263095952218, 89.23922955559938], [72.02550972148073, 94.47773231168381], [70.78738525838476, 56.3682850466053], [13.357065387768296, 82.41684160941615], [10.28133523077016, 34.67512789762556], [98.6235323924769, 12.856481074985115], [11.816488047591456, 35.16506388130838], [85.54793727460638, 73.95060714076197], [96.51129612187597, 76.57317574375763], [46.91247034844257, 59.019464511884564], [67.40562350783259, 98.93023301773675], [80.20612971944529, 72.19302279262382], [9.932879821664631, 89.16777015847272], [21.281758582810085, 91.52539763370419], [9.514239003430758, 66.52089695431296], [43.232368851790135, 30.539115305230503], [33.54056556259414, 92.47426947236283], [79.47288127096003, 30.624578389623103], [13.40092059827932, 10.388385380403342], [46.751256409669985, 97.52210256575916], [98.97912050076029, 2.2154637095613383], [0.848695005277289, 99.9606768576181], [1.548540827254763, 98.56557295963164], [60.213782503366566, 17.720879256159538], [85.42304158682575, 33.517345704512906], [21.220683567107955, 61.597064928196296], [78.88694316499347, 13.089357363450427], [14.503878734607788, 10.609222515063477], [9.574310663561114, 56.622254537683425], [25.720886244224094, 68.86293494161247], [96.99512951034461, 2.3701952371239288], [87.74268055531739, 53.88503983239259], [26.857862560279745, 38.63969726291086], [69.66039935495003, 47.20507511294284], [84.22603261658863, 60.46934246288811], [94.67717415694536, 75.45451660016286], [15.925881931098607, 54.20556630695926], [20.244156892566423, 67.04301478713187], [98.3415383612323, 68.9294003537062], [29.345546237286456, 23.717066625608684], [3.470722041175056, 83.48170160406983], [20.866365312263525, 6.872483460889722], [15.729600994832726, 68.7086440451495], [0.11169788968549144, 30.890929435204594], [5.893887654131957, 94.61087948148098], [59.561533663496114, 21.269589731862084], [21.15790027238822, 55.39056836171387], [37.84439074143591, 37.202165682352394], [13.986484155346425, 6.648382344948511], [1.7545555869334595, 86.08108874546073], [41.89714359438137, 7.563663175904944], [46.204843805482, 90.11058658103147], [13.167110897586499, 19.773585108965776], [72.18023016385746, 23.753963645032393], [72.84613053577726, 64.4314657357618], [84.49237641217415, 73.08063893608218], [87.5433224064936, 6.430242759365012]]","[[0.0, 81.41066478152884, 65.15107848220634, 69.4007885198029, 59.5460496548951, 62.546178157620794, 0.5277820940713154, 47.55475303446492, 109.51366904576345, 46.97699704676639, 72.22933967801265, 82.9158470710605, 40.37974444862417, 56.20443803396397, 67.16107269416258, 8.046041781995866, 12.045606910725137, 16.153513562997563, 59.38077080197909, 22.31787675710036, 83.45890271375531, 71.71362772398541, 36.39943849850747, 116.79299921239414, 22.049585074849755, 20.51068983180464, 79.37824074030367, 86.56274936406781, 21.81230854276107, 94.87640903314875, 71.49545458301432, 25.82352039141503, 17.82788175195046, 115.24658045206938, 79.16205612385527, 45.386324454579835, 65.88136645360822, 73.69249625767154, 81.16983278460867, 27.97786669699152, 16.38687393304444, 85.58129922508766, 60.423288368677895, 10.401242765546483, 75.56155878849287, 13.533542336827828, 53.00276210547191, 14.788045432557269, 76.13421116968664, 27.710690777181203, 50.94119311745433, 75.45291202308148, 12.666901127851714, 79.66426187104553, 33.399536318783866, 62.33043902320376, 82.55285777314104, 61.6524952633763, 71.28547346505266, 105.6745234698331], [81.41066478152884, 0.0, 79.91573874066309, 35.69485137496393, 44.10597626473988, 19.6290394310469, 81.91601257560899, 82.41094371838231, 42.309001684351976, 80.80330117144052, 20.179936204462734, 23.080513357001163, 43.650428731939215, 50.12864757373418, 20.51375403084749, 87.59921290329243, 78.40779056604008, 81.7100999030089, 52.75383428603314, 68.3892065141839, 26.075672536984342, 88.58361663497935, 61.335981593626016, 52.84121984500156, 100.42282721115332, 99.16991241221669, 47.40146536255867, 21.389691421235558, 69.47075069415986, 42.80435708571968, 87.51714985557273, 80.76936282091592, 66.20293810378, 52.39876528732043, 2.608912745834132, 65.36732325568582, 21.849177163478313, 8.636523166749964, 21.560203546608207, 74.38569087795187, 71.20932550112894, 16.652486299231263, 68.22509374538672, 91.59964820373494, 84.11821891452188, 75.95316231182716, 93.19816805831744, 93.53070211798492, 45.158299290377, 69.16151452776312, 55.195381036654034, 90.00045035720277, 94.07316346931607, 67.32057113839538, 56.78784905274137, 84.53491288229885, 35.55706206041398, 20.1706703212893, 19.622376796829617, 47.990604266831404], [65.15107848220634, 79.91573874066309, 0.0, 95.87110426264469, 93.40704288243326, 64.49190136049013, 65.50428394254341, 19.774871236188716, 79.19530749887934, 19.552731734370326, 87.04024819259787, 97.20020641900742, 49.97214468035252, 94.70622086710031, 81.87209769611255, 72.60150285993298, 74.33987585691864, 50.32549161422328, 27.179776095073283, 76.55814418026087, 61.409179386195596, 9.179316269920884, 84.79827833631327, 80.83348621284695, 84.84122006238329, 83.32702066522825, 40.669302930756444, 67.8647426977783, 44.42282922415044, 59.481807742563156, 8.303897014469879, 40.6587054229517, 52.024731392252605, 78.85550987804037, 77.43332668524714, 22.646236863729285, 58.40580489682144, 77.81400819965897, 95.0649809756213, 37.176665124366224, 49.84213237289252, 94.25390466458063, 11.764107975976799, 68.19803961627969, 10.41705918674424, 51.64423015181692, 23.770654336269484, 78.6001407718468, 40.219626103081325, 38.218753502257634, 27.10394939906674, 11.932542001498206, 71.13655921412631, 24.340615134122576, 77.62548915397404, 6.87795336241673, 53.03826851138548, 71.21086032642327, 85.67268506617481, 68.84410251304598], [69.4007885198029, 35.69485137496393, 95.87110426264469, 0.0, 11.991826204949316, 35.00150749733634, 69.78983139527155, 90.76359429767743, 78.00197990804715, 89.24386646566789, 15.5313835823087, 18.65696509067743, 46.92606664955673, 18.20141276713369, 17.244332800100906, 72.87978617121134, 61.573328803310424, 76.73836654198135, 70.79760279503203, 49.37815217018765, 58.70972031351653, 105.04970805487332, 37.00038810238564, 88.51266127573511, 82.66218137311355, 81.79751234796335, 75.00388244016222, 55.782995469561435, 67.51042326099264, 76.25099382657731, 104.15739838206152, 80.17305419586519, 60.61897967495626, 88.019159213029, 35.69627599626467, 75.44036568609467, 44.04374343637708, 28.804584835951946, 18.187514853527954, 75.5062564044228, 66.388898899705, 25.566308441011973, 84.56880620961242, 79.55053512654666, 103.06124727496318, 70.15438582615714, 101.2124916083053, 77.10608078878563, 71.83651900835567, 70.33518096032361, 68.77498560421441, 107.50947180078148, 81.11957492791082, 91.3508360649801, 36.618155925459696, 98.36652999411744, 66.34280667907652, 26.734926153579515, 16.24566390132623, 82.94400361560422], [59.5460496548951, 44.10597626473988, 93.40704288243326, 11.991826204949316, 0.0, 38.1295544562996, 59.895337423458614, 85.95751612420902, 85.84569566059277, 84.51697419606622, 24.580864808062078, 30.333593284341518, 43.450586899535026, 6.416238085082111, 23.7388041379506, 62.31926175705286, 50.82956383517509, 68.47805203117619, 70.1226903779352, 38.53705736380451, 64.2859907661877, 102.50785685591828, 25.456945431718143, 96.11879806599275, 71.38768545091334, 70.59542184646754, 77.66035919864449, 62.41524329343495, 60.5166807430776, 81.67708886593581, 101.69889363653756, 73.02868930269622, 52.917256161674906, 95.43207164439974, 43.52925615879867, 71.81923494570758, 47.33178494073034, 36.13064265996002, 29.580071631149753, 69.05805957983112, 58.60010432110569, 36.67765844766054, 82.63565266486765, 69.43105648925832, 101.44918768966411, 61.9134496652183, 95.99415519827798, 66.13175610421574, 74.26158387188843, 64.15076053108986, 66.69962089426718, 105.2735636532062, 70.77083169044886, 91.98790061321921, 26.187377688084265, 95.1053138441694, 70.72393790527583, 30.057470846234292, 24.76405398975976, 89.40449053035778], [62.546178157620794, 19.6290394310469, 64.49190136049013, 35.00150749733634, 38.1295544562996, 0.0, 63.06162810653782, 64.27733003971565, 51.65392697690591, 62.66692353730511, 22.956740753997597, 32.71020021639602, 24.021663441862188, 42.696085624267695, 18.41562032495842, 69.13086904958892, 60.719269083243404, 62.10856608012707, 37.76804123457358, 51.87453796231617, 27.16939957792977, 73.53473668613718, 47.65891507820791, 61.051633841675375, 82.4118742544117, 81.08408404473136, 40.06773077617834, 27.13609892707905, 49.841730062289706, 44.03031250952299, 72.53774817553685, 61.21360144489003, 46.76650093167274, 60.02199231822408, 17.136176510531637, 47.371993722952844, 9.23225397803326, 14.050477385121402, 30.57787187712391, 54.90411550764337, 51.6581822044925, 30.282222028336147, 52.75915167841741, 72.57182996258139, 70.29895167833983, 56.423789913694996, 75.1275477703611, 75.32371512627049, 36.85021243938278, 49.63911471703712, 38.11274090417156, 75.48782081090539, 75.15572018212801, 56.7145235309842, 41.74738623104231, 68.25883152339733, 32.644049647918955, 8.321857661794768, 21.613180123539397, 52.6741824539648], [0.5277820940713154, 81.91601257560899, 65.50428394254341, 69.78983139527155, 59.895337423458614, 63.06162810653782, 0.0, 47.84068712024569, 110.04096579522144, 47.27688522954498, 72.68561831518046, 83.35930973640964, 40.9072421108896, 56.514942543210324, 67.62635487159784, 7.569681833840818, 12.073382089668804, 16.35384881605136, 59.86511708465449, 22.550510737576904, 83.98654439449474, 72.02846957984256, 36.65161527909076, 117.31750653166627, 21.546356648900787, 20.00556863769895, 79.88190961453788, 87.08998579214928, 22.25532727070773, 95.39635712841815, 71.81677617974879, 26.070480538431063, 18.345911046608304, 115.7704252632035, 79.66984031927059, 45.81167854846681, 66.40733329702496, 74.18964371707455, 81.61760876039718, 28.32798744394493, 16.845966299297, 86.04807794601608, 60.838270052862605, 9.943526113755736, 75.91666242287562, 13.911995028311175, 53.201122032752565, 14.296628326608916, 76.64097664317553, 28.129565772627405, 51.41980184876029, 75.77107355248619, 12.167371973950633, 80.10951495071392, 33.73677902034328, 62.64354450132558, 83.07525483162311, 62.148391914036544, 71.74536329893748, 106.1958753212523], [47.55475303446492, 82.41094371838231, 19.774871236188716, 90.76359429767743, 85.95751612420902, 64.27733003971565, 47.84068712024569, 0.0, 90.99668756899332, 1.6114376932111303, 84.89773055272592, 95.86997741002347, 43.9828010158235, 85.97617603241885, 79.35407564602835, 54.49375635557528, 57.90477081371623, 31.855006567788795, 33.20959525284882, 62.303551763967384, 69.31000645468512, 24.48627523661013, 72.66221422260811, 94.45065860544953, 65.96345658492412, 64.48449944223253, 52.73230354941146, 75.15062537135917, 29.05959455157199, 71.92131067756225, 24.433535878464905, 21.958512050987764, 37.51247640417688, 92.53588921364457, 79.80777365664488, 17.044033224508127, 60.68667756173593, 78.31449276167899, 93.73161777653011, 20.329754841437857, 33.866471873471426, 94.48785401771838, 21.989162060939318, 49.279469244106764, 29.74945208741965, 34.466851048502086, 10.850883911100185, 60.09612312087508, 51.070993832924245, 23.39720369458144, 27.678655116343325, 28.270595940442984, 52.10833697004454, 41.648419631982314, 66.05746398217994, 15.178395128650711, 62.854952251747825, 69.28054021942047, 83.55993005833031, 82.26292116631397], [109.51366904576345, 42.309001684351976, 79.19530749887934, 78.00197990804715, 85.84569566059277, 51.65392697690591, 110.04096579522144, 90.99668756899332, 0.0, 89.62776252211972, 62.47770344232825, 63.7516958329457, 69.3185038609275, 91.56008196060277, 62.12910673935101, 117.0019003906353, 110.32020852295544, 104.02084262283476, 58.145133517017165, 102.83377266574068, 26.123796059541217, 85.25834303680853, 99.29249960624169, 10.646957005360873, 130.94678212553595, 129.4974996634249, 38.71655015893106, 24.51783605357033, 91.47046255832988, 19.737963058536323, 84.1496660870083, 99.2230155624885, 91.9321417684371, 10.611969026522122, 42.44685583659001, 76.25670858001445, 44.929822921239136, 49.742060364849856, 62.722306996271776, 92.45890028198131, 95.28644677756425, 56.073628356578, 70.12411628121365, 118.49885692500442, 77.98708392923612, 99.95432942600907, 100.14900331387621, 123.62268672095635, 39.95772943968807, 88.37461593172542, 65.4737842104663, 84.86442378368119, 121.43081090006766, 56.972775142040625, 93.3590688188335, 85.73591022978223, 28.60075801650359, 57.658073929339096, 61.85983155019084, 12.808887235924438], [46.97699704676639, 80.80330117144052, 19.552731734370326, 89.24386646566789, 84.51697419606622, 62.66692353730511, 47.27688522954498, 1.6114376932111303, 89.62776252211972, 0.0, 83.31053337391873, 94.27535331545037, 42.43536736150269, 84.59402328896738, 77.7702567125931, 54.035546311723955, 57.14961563288352, 31.440238840750986, 31.754636935920647, 61.2885029133164, 67.80858022769154, 24.82728789144898, 71.47613807422849, 93.1826198796975, 65.71730324043091, 64.22659333570613, 51.445093914534546, 73.62499371215121, 28.055116693964724, 70.61007554108716, 24.702457649166128, 21.574021189511374, 36.453789970418725, 91.27378797239415, 78.19989903017414, 15.43748763133092, 59.083669027840926, 76.70364175985246, 92.13649278596232, 19.47890784184327, 32.973161148343884, 92.87957121563046, 20.936201235759583, 49.03212509229464, 29.70471991706849, 33.77105599690218, 12.460751899624006, 59.74012209386863, 49.7259849847416, 22.278532578257593, 26.107498968458316, 28.59912601730758, 51.900713605978716, 40.82503103519785, 64.81951462697812, 15.450624611400073, 61.43284602622121, 67.68411585994257, 81.97179747520164, 80.99532941429825], [72.22933967801265, 20.179936204462734, 87.04024819259787, 15.5313835823087, 24.580864808062078, 22.956740753997597, 72.68561831518046, 84.89773055272592, 62.47770344232825, 83.31053337391873, 0.0, 11.272670637050608, 41.42026466364717, 30.87272676272211, 5.623522979164964, 77.13105058223482, 66.62593327313851, 76.39583670755101, 60.62313877004769, 55.20772390315127, 43.749869403141666, 96.15273293259649, 45.39601130833397, 72.9816928136738, 88.6029647792568, 87.53168081205494, 61.67334672246651, 40.43345433307538, 65.50271425480408, 61.22467286139309, 95.18082401479523, 77.92473127557864, 60.042988295037134, 72.48995501706725, 20.185239396027193, 68.49368749289943, 31.10847705368454, 13.5459192836728, 9.252281324945415, 72.36779137007704, 65.66809395977347, 13.743680233550645, 75.37982058216487, 82.62875420907368, 93.18358454111956, 70.01484312609236, 95.67385663985739, 82.28981999089366, 58.74166126248336, 67.01158037702733, 60.21691042775706, 98.23762535305019, 84.66687308869966, 79.45198624267765, 42.532622059193464, 90.41091606246465, 51.94611257482256, 15.872931283129574, 1.367864544263231, 67.54984210211876], [82.9158470710605, 23.080513357001163, 97.20020641900742, 18.65696509067743, 30.333593284341518, 32.71020021639602, 83.35930973640964, 95.86997741002347, 63.7516958329457, 94.27535331545037, 11.272670637050608, 0.0, 52.613461168368204, 36.7012014553728, 16.883251798343842, 87.48969069281176, 76.70105773578302, 87.57588855461724, 70.4114963021598, 64.94734551107965, 49.00593004366198, 106.24387509458796, 53.989990620057455, 74.3986525155226, 98.47999015406273, 97.47610183243322, 69.14551537699337, 44.460700500581304, 76.76561882791127, 65.88484661356209, 105.24476059209299, 89.19685363032842, 71.20905801843622, 74.20455788437566, 24.32365371581057, 79.31298504391677, 39.792662537831994, 20.25490423903273, 2.1483485894493772, 83.63204488840563, 76.86026602921747, 7.8598402571731665, 85.46932916940969, 93.29671031086251, 102.86078972038905, 81.16361947595102, 106.67591184106676, 92.39520265435777, 66.51143940335245, 78.27411527159802, 70.65325342949735, 108.1657123213137, 95.23255896201871, 88.00578663445411, 52.09607122268204, 100.8585480114631, 58.153847141728896, 26.598142494086623, 12.516079431724085, 70.71389962527016], [40.37974444862417, 43.650428731939215, 49.97214468035252, 46.92606664955673, 43.450586899535026, 24.021663441862188, 40.9072421108896, 43.9828010158235, 69.3185038609275, 42.43536736150269, 41.42026466364717, 52.613461168368204, 0.0, 44.86467172667086, 35.805172700161506, 47.711743301709944, 41.395278399029294, 38.14314088303873, 28.71712795456092, 36.02820856697482, 43.2024295305182, 59.05934154856499, 38.50297556088005, 77.05602225156827, 61.62835603197642, 60.18123291329505, 43.387763818467505, 46.18898311038992, 25.82076551777136, 55.96375304215214, 58.25691667590297, 37.415034201696464, 23.36615387578993, 75.61357323980656, 41.151772529588094, 28.592345245876253, 25.632948932086023, 37.34172030332319, 50.513145487669064, 31.358288819278034, 27.849170572932433, 52.37514548956569, 39.431663916807445, 49.85565704658062, 58.28985520901974, 32.65350733308966, 54.60335876387431, 54.307208967023975, 39.81270963719514, 26.008974740868158, 23.626777096678165, 61.86154552000722, 52.6456909135686, 51.6996421029953, 31.099173732478747, 51.75894448861884, 43.383352077489896, 26.492347724567512, 40.1243811908246, 66.4566955505531], [56.20443803396397, 50.12864757373418, 94.70622086710031, 18.20141276713369, 6.416238085082111, 42.696085624267695, 56.514942543210324, 85.97617603241885, 91.56008196060277, 84.59402328896738, 30.87272676272211, 36.7012014553728, 44.86467172667086, 0.0, 29.64340348029252, 58.295985692794225, 46.71447851240921, 66.34589259259715, 72.53751596678622, 34.4749418409017, 69.36339931186261, 103.71194106457497, 20.702311745200063, 101.73805735660576, 66.56490476370718, 65.85809226021081, 81.52718390455122, 67.8488996291447, 59.386986090642985, 86.60529218335653, 102.95239432021356, 71.65490763625793, 51.39707904477236, 100.99197869962778, 49.42332767487057, 72.65720624593153, 51.77427908137986, 41.97816414349214, 35.98397888123924, 68.1942783904738, 56.92976918791333, 43.09386021641551, 84.294661044279, 65.77483370097, 103.15295345682067, 59.864478138476045, 95.69649553195084, 61.66320185253604, 78.05578300844783, 63.51814152524607, 68.4413674588025, 106.62806578361591, 66.89666081116661, 94.86059578221756, 22.962125843573126, 95.95619395497594, 75.32773954870254, 34.925120768538235, 30.986426689767505, 94.66665260128299], [67.16107269416258, 20.51375403084749, 81.87209769611255, 17.244332800100906, 23.7388041379506, 18.41562032495842, 67.62635487159784, 79.35407564602835, 62.12910673935101, 77.7702567125931, 5.623522979164964, 16.883251798343842, 35.805172700161506, 29.64340348029252, 0.0, 72.29434071440394, 62.014693668871445, 70.91908364136253, 55.6965618478095, 50.882254715780974, 41.574910984541724, 91.00961032428806, 41.96177820739928, 72.45194240390549, 84.07523450271566, 82.96100103448727, 58.02506672693637, 39.025942239180374, 59.92960187465799, 59.11838563703438, 90.05193080162702, 72.32774493368517, 54.5869145642945, 71.81293589475293, 19.798531222638754, 63.022720212543895, 27.122130413430124, 12.393720175003692, 14.834030772811454, 66.74952319346502, 60.18272815142224, 18.426727273946657, 70.26177679543851, 77.56131162414883, 88.24953540097792, 64.57060981306928, 90.11648531671113, 77.6200336208112, 54.94902529624337, 61.39231121024116, 54.94430826348105, 93.17264271260053, 79.67137415520926, 75.13010410213413, 38.433403907470066, 85.10010277119791, 49.09946552438474, 10.696324412176294, 4.37718781057622, 66.17082162274895], [8.046041781995866, 87.59921290329243, 72.60150285993298, 72.87978617121134, 62.31926175705286, 69.13086904958892, 7.569681833840818, 54.49375635557528, 117.0019003906353, 54.035546311723955, 77.13105058223482, 87.48969069281176, 47.711743301709944, 58.295985692794225, 72.29434071440394, 0.0, 11.59118011451572, 22.650742284966753, 67.42533010351562, 23.838115776110374, 90.9016892255161, 78.8556831993698, 37.754307364161996, 124.45857373385262, 14.107063790695053, 12.594277980998047, 87.36605401466764, 93.78557599778381, 29.791916693801962, 102.67710428798436, 78.69141909321452, 32.54749082286042, 25.720565312267677, 122.9376034136066, 85.43556723914018, 53.287345507555855, 72.9948242348944, 79.6434071622292, 85.84665832482469, 35.472126697429104, 24.40957261146907, 90.69554849671707, 68.2689256566344, 8.607604706613296, 83.01840348748293, 21.264473134322408, 59.09861063702086, 6.777971439273679, 84.10211761541386, 35.59354499537988, 58.987087488645244, 82.61889053487012, 8.741429484576585, 87.64099745526734, 36.28421521887984, 69.46951251691401, 90.2978333472155, 67.601493118938, 76.2752536724501, 113.44108267436067], [12.045606910725137, 78.40779056604008, 74.33987585691864, 61.573328803310424, 50.82956383517509, 60.719269083243404, 12.073382089668804, 57.90477081371623, 110.32020852295544, 57.14961563288352, 66.62593327313851, 76.70105773578302, 41.395278399029294, 46.71447851240921, 62.014693668871445, 11.59118011451572, 0.0, 27.635114822934103, 64.81632451341987, 12.29547503489807, 84.23251476898666, 81.5188466842528, 26.16592802853653, 118.37712763259506, 22.105746373938405, 20.951466574155653, 83.4434504289708, 86.48143311729392, 29.92839502360787, 97.31685210704407, 81.19955080582156, 36.814314264470944, 23.09313901713624, 116.9665108122219, 76.37964836817766, 53.178851428710665, 65.61085178005287, 70.18874693576015, 75.13428141996339, 37.702191248852365, 24.50436057345172, 80.30435076990914, 68.28612176306349, 19.543133538524827, 84.65393333755442, 23.48256157667979, 64.22390679073827, 15.694163563268274, 80.0076229128728, 36.13504154414312, 56.792026849394226, 85.18995688048955, 20.27195491591227, 86.45557791338457, 24.963210276952204, 72.20921068423691, 84.75624858479512, 58.24916823950611, 65.84672603693689, 107.85073121424747], [16.153513562997563, 81.7100999030089, 50.32549161422328, 76.73836654198135, 68.47805203117619, 62.10856608012707, 16.35384881605136, 31.855006567788795, 104.02084262283476, 31.440238840750986, 76.39583670755101, 87.57588855461724, 38.14314088303873, 66.34589259259715, 70.91908364136253, 22.650742284966753, 27.635114822934103, 0.0, 49.311265357046665, 35.36724350282654, 78.63051134523946, 56.266909897512875, 48.45276271458343, 110.1778279243443, 34.54432707066999, 33.019897148837096, 70.36963434921323, 82.77306750835692, 12.699801815141035, 87.56427071435934, 56.13387429393738, 9.898824692691967, 16.374997915159202, 108.48142114984671, 79.24237472995448, 32.83538600829184, 63.17168335922528, 74.95647681593486, 85.63022295859359, 13.884398942178317, 10.742613505983591, 88.8599459814453, 47.17466096764323, 18.005360080828332, 60.71905799676151, 6.589154878861779, 36.84972679421636, 28.322324450316117, 67.47156814638326, 16.10773299770793, 40.7699092578808, 60.03931197430058, 21.04314115408505, 67.26520589835778, 43.61965081732333, 46.88981379618872, 75.86855101291397, 63.366349175899025, 75.26454214403878, 98.48565671354866], [59.38077080197909, 52.75383428603314, 27.179776095073283, 70.79760279503203, 70.1226903779352, 37.76804123457358, 59.86511708465449, 33.20959525284882, 58.145133517017165, 31.754636935920647, 60.62313877004769, 70.4114963021598, 28.71712795456092, 72.53751596678622, 55.6965618478095, 67.42533010351562, 64.81632451341987, 49.311265357046665, 0.0, 62.68886960779337, 36.24061318938742, 35.99954473886049, 67.07535428150302, 62.52942954421389, 81.33713184702002, 79.7818303862795, 21.27617411603056, 42.29565843140507, 38.06718434366502, 39.69562597670499, 34.96465030628213, 42.58162788365113, 42.135106201800696, 60.69532512008145, 50.26131753120986, 18.268658526115427, 31.244119648155124, 50.75725530966324, 68.2932007330901, 36.13509555774172, 43.13922306285725, 67.16274674344139, 15.472045453456392, 66.2110715900456, 32.562978628892076, 47.04588360336313, 43.12210613367747, 74.15762363240158, 18.776733683023462, 33.23968835716723, 8.568929247328423, 37.76359216305018, 69.32041407024025, 23.014217932290308, 59.645584893719544, 31.93456397478276, 29.73242266608245, 45.007402710908785, 59.26355926467173, 50.445003125779216], [22.31787675710036, 68.3892065141839, 76.55814418026087, 49.37815217018765, 38.53705736380451, 51.87453796231617, 22.550510737576904, 62.303551763967384, 102.83377266574068, 61.2885029133164, 55.20772390315127, 64.94734551107965, 36.02820856697482, 34.4749418409017, 50.882254715780974, 23.838115776110374, 12.29547503489807, 35.36724350282654, 62.68886960779337, 0.0, 77.04000203377029, 84.52039793119326, 14.142240685117779, 111.48478142833002, 33.538108117101125, 32.566756437210316, 79.36957761501235, 78.53477050691009, 33.24426646573817, 91.42351028154154, 84.04927934674787, 43.12479969532497, 24.87252506210716, 110.20538044754711, 66.53568902394228, 54.247762021965855, 57.913231226882495, 59.944406939791854, 63.461459944202815, 42.1280277416288, 28.697442366619892, 68.94582610618654, 68.88505738147717, 31.38569365600329, 86.53497050522127, 29.699080975354466, 70.0713705019753, 27.729116497020144, 75.81027105778898, 39.09643574231822, 55.43941169009389, 88.02525206376255, 32.42257222953837, 85.32082663707274, 12.88297093934685, 75.5014381445374, 78.83846848778803, 48.283809701292675, 54.517886369788194, 101.58677216905956], [83.45890271375531, 26.075672536984342, 61.409179386195596, 58.70972031351653, 64.2859907661877, 27.16939957792977, 83.98654439449474, 69.31000645468512, 26.123796059541217, 67.80858022769154, 43.749869403141666, 49.00593004366198, 43.2024295305182, 69.36339931186261, 41.574910984541724, 90.9016892255161, 84.23251476898666, 78.63051134523946, 36.24061318938742, 77.04000203377029, 0.0, 69.1014290347071, 74.47136009540648, 34.46115444663889, 104.8296580968586, 103.38366203974596, 23.182284975102615, 6.616079694395916, 65.97433940336778, 17.545007834160465, 67.98224592754943, 74.57673456284444, 65.96551281655675, 33.246644201946836, 24.686811190069154, 53.22200977488703, 19.266490934885883, 30.220893274410347, 47.33808067638185, 67.78114867909737, 69.52944916458858, 42.69994854903674, 50.60102208797917, 92.57539458245259, 63.23674348288746, 74.25363181161825, 79.36163034209774, 97.5095637826522, 21.99949036528111, 63.35606733503502, 42.144938941231764, 69.73755217927079, 95.47545594536614, 44.08788804687009, 68.15678606971395, 67.18779085506094, 10.019386564980495, 34.45024611437135, 42.751753280974, 25.504860256658702], [71.71362772398541, 88.58361663497935, 9.179316269920884, 105.04970805487332, 102.50785685591828, 73.53473668613718, 72.02846957984256, 24.48627523661013, 85.25834303680853, 24.82728789144898, 96.15273293259649, 106.24387509458796, 59.05934154856499, 103.71194106457497, 91.00961032428806, 78.8556831993698, 81.5188466842528, 56.266909897512875, 35.99954473886049, 84.52039793119326, 69.1014290347071, 0.0, 93.29806841124899, 85.96758079175379, 90.4475194121803, 88.97019341115882, 47.38364175728551, 75.64479306180336, 51.80229294073006, 65.54169971294154, 1.1248491856858258, 46.39195620843099, 59.758300677843586, 83.9778728999955, 86.13162149887593, 31.29258554436431, 67.23538943766417, 86.7427158596256, 104.11258725264462, 43.889870973640015, 57.066425472366824, 103.15987097731632, 20.78183895867669, 73.76477289300375, 8.251934990364033, 58.366731303990214, 24.432718901458188, 84.55639571452045, 47.425761002801714, 45.665820990625946, 36.28308210062341, 3.78556566243097, 76.58343920645031, 28.635882744838888, 86.20746337793197, 9.388111680265975, 60.279730551438185, 80.33920287636002, 94.78561993060175, 74.24798070586955], [36.39943849850747, 61.335981593626016, 84.79827833631327, 37.00038810238564, 25.456945431718143, 47.65891507820791, 36.65161527909076, 72.66221422260811, 99.29249960624169, 71.47613807422849, 45.39601130833397, 53.989990620057455, 38.50297556088005, 20.702311745200063, 41.96177820739928, 37.754307364161996, 26.16592802853653, 48.45276271458343, 67.07535428150302, 14.142240685117779, 74.47136009540648, 93.29806841124899, 0.0, 108.6789087062578, 45.96729041460849, 45.21475783953302, 80.92882583191262, 74.78045111962975, 44.07287690779527, 90.34152326385835, 92.70243840172013, 55.27135663007388, 35.547494401217854, 107.60265913272721, 59.87061130040459, 62.152109964954974, 55.28681653138246, 52.69977118545723, 52.76241031518165, 53.165082763070025, 40.393082534351095, 58.983894510525786, 75.82969126095608, 45.5009616864026, 94.27290719492265, 42.33861708412068, 81.33241452024521, 40.960954596694265, 77.32107679542192, 49.2959030017341, 60.97398659797588, 96.60001722384867, 46.42843829127917, 90.08930696082427, 7.431630771633471, 84.69195237155714, 78.02801436675675, 42.1418165421492, 44.9641777796975, 99.80841433104213], [116.79299921239414, 52.84121984500156, 80.83348621284695, 88.51266127573511, 96.11879806599275, 61.051633841675375, 117.31750653166627, 94.45065860544953, 10.646957005360873, 93.1826198796975, 72.9816928136738, 74.3986525155226, 77.05602225156827, 101.73805735660576, 72.45194240390549, 124.45857373385262, 118.37712763259506, 110.1778279243443, 62.52942954421389, 111.48478142833002, 34.46115444663889, 85.96758079175379, 108.6789087062578, 0.0, 138.50526019355217, 137.02576913856674, 41.751279517217995, 34.111216512266076, 97.83940452421905, 22.84594391326371, 84.89123428443516, 104.65810484735893, 99.0386505764927, 1.9900156018665862, 52.87724160128437, 80.79728112298261, 53.69965124517157, 60.09299453285207, 73.36528886781126, 97.98372928704593, 101.98924390884868, 66.71698324672377, 72.87766182216676, 125.40357091343832, 78.25145593599068, 106.5449460514616, 102.94197194701201, 131.155531449409, 43.78134158002676, 94.25356265203008, 70.43808982133547, 85.108160599156, 128.3980493829443, 57.33197471805916, 102.52159238570489, 87.58988879551917, 34.38149942570322, 67.48158321078488, 72.33075980641769, 12.18777422220717], [22.049585074849755, 100.42282721115332, 84.84122006238329, 82.66218137311355, 71.38768545091334, 82.4118742544117, 21.546356648900787, 65.96345658492412, 130.94678212553595, 65.71730324043091, 88.6029647792568, 98.47999015406273, 61.62835603197642, 66.56490476370718, 84.07523450271566, 14.107063790695053, 22.105746373938405, 34.54432707066999, 81.33713184702002, 33.538108117101125, 104.8296580968586, 90.4475194121803, 45.96729041460849, 138.50526019355217, 0.0, 1.5608007754727504, 101.42779660026468, 107.55248186079704, 43.437134323463766, 116.77582937618213, 90.38886234382748, 44.20808995870665, 39.82079167095044, 136.99649254983578, 98.35410033166339, 66.60885328061649, 86.70757850931804, 92.25695594060632, 96.97595264022462, 48.17521880696722, 38.20675880008684, 102.31224084678732, 81.39507743930116, 16.686271338559585, 95.21616918562678, 34.614027763055844, 69.07367931234289, 7.3535230216394085, 98.18087703997841, 48.97916281357125, 72.85130217050602, 94.23261543102186, 13.909117497402145, 101.10481328241009, 46.41340875698764, 81.12775759998966, 104.38223530249313, 80.28670852581975, 87.85671219640348, 127.52999852130239], [20.51068983180464, 99.16991241221669, 83.32702066522825, 81.79751234796335, 70.59542184646754, 81.08408404473136, 20.00556863769895, 64.48449944223253, 129.4974996634249, 64.22659333570613, 87.53168081205494, 97.47610183243322, 60.18123291329505, 65.85809226021081, 82.96100103448727, 12.594277980998047, 20.951466574155653, 33.019897148837096, 79.7818303862795, 32.566756437210316, 103.38366203974596, 88.97019341115882, 45.21475783953302, 137.02576913856674, 1.5608007754727504, 0.0, 99.88731191159779, 106.14237488722797, 41.87676904976622, 115.27103672995571, 88.9053449676755, 42.704273108323775, 38.29554788988867, 135.51236838906945, 97.08645510057049, 65.05130547963354, 85.30607253388528, 91.03235922811393, 95.95344325195683, 46.63172876316527, 36.649662123956496, 101.22839077225709, 79.8434243391377, 15.205852678830157, 93.70592833251213, 33.0535727521384, 67.68989506407524, 5.875511854466728, 96.64458785139198, 47.41948966278175, 71.29415455470392, 92.75490480146487, 12.486183891609478, 99.54575495491964, 45.44966655923387, 79.64401119945357, 102.88640545175338, 79.04735020363083, 86.77074232552587, 126.03182744835988], [79.37824074030367, 47.40146536255867, 40.669302930756444, 75.00388244016222, 77.66035919864449, 40.06773077617834, 79.88190961453788, 52.73230354941146, 38.71655015893106, 51.445093914534546, 61.67334672246651, 69.14551537699337, 43.387763818467505, 81.52718390455122, 58.02506672693637, 87.36605401466764, 83.4434504289708, 70.36963434921323, 21.27617411603056, 79.36957761501235, 23.182284975102615, 47.38364175728551, 80.92882583191262, 41.751279517217995, 101.42779660026468, 99.88731191159779, 0.0, 29.749539421492276, 58.699075237859546, 19.238968894864772, 46.25982019152652, 63.856660631514444, 61.68686855464405, 39.85612860652685, 45.44982660185043, 39.37276142270441, 30.960561610891016, 49.030799116850616, 67.23762522008685, 57.38075048562789, 63.48420295477556, 63.843859530536655, 31.445226555839678, 86.85770355293386, 40.8155231614338, 67.66531284684605, 61.528130124591335, 94.14203689681797, 3.60815390324101, 54.2620255256765, 29.663280476341406, 47.534864051616296, 89.9477595779248, 20.944409741578607, 73.7327613074521, 47.091431391499, 13.40126773311127, 48.38858446039058, 60.44959151233015, 29.56995474834822], [86.56274936406781, 21.389691421235558, 67.8647426977783, 55.782995469561435, 62.41524329343495, 27.13609892707905, 87.08998579214928, 75.15062537135917, 24.51783605357033, 73.62499371215121, 40.43345433307538, 44.460700500581304, 46.18898311038992, 67.8488996291447, 39.025942239180374, 93.78557599778381, 86.48143311729392, 82.77306750835692, 42.29565843140507, 78.53477050691009, 6.616079694395916, 75.64479306180336, 74.78045111962975, 34.111216512266076, 107.55248186079704, 106.14237488722797, 29.749539421492276, 0.0, 70.07434200171213, 21.448153539231832, 74.5272417826019, 79.28976475472054, 69.38053063410446, 33.22737126448345, 20.499358259004346, 58.78876321117162, 20.876178445503612, 26.97856481983976, 42.94607400399131, 72.5110865448113, 73.29568539433154, 37.69484279563724, 56.927418303503, 95.98239181938544, 69.83919483785793, 78.07434367607166, 85.35176287477184, 100.28612164505935, 28.615120451153885, 67.88553791181236, 47.72112650112736, 76.32249294722138, 98.80972943991377, 50.676399170071704, 68.85391746389051, 73.5514138210535, 16.45283208519692, 33.37456380078172, 39.574237945846086, 27.169960189799525], [21.81230854276107, 69.47075069415986, 44.42282922415044, 67.51042326099264, 60.5166807430776, 49.841730062289706, 22.25532727070773, 29.05959455157199, 91.47046255832988, 28.055116693964724, 65.50271425480408, 76.76561882791127, 25.82076551777136, 59.386986090642985, 59.92960187465799, 29.791916693801962, 29.92839502360787, 12.699801815141035, 38.06718434366502, 33.24426646573817, 65.97433940336778, 51.80229294073006, 44.07287690779527, 97.83940452421905, 43.437134323463766, 41.87676904976622, 58.699075237859546, 70.07434200171213, 0.0, 75.35512715932225, 51.42835347456073, 12.664388663888396, 8.546618699051898, 96.17478230496683, 66.96754000542093, 23.63934256954179, 50.53251860385821, 63.015440701511054, 74.75215700309764, 9.092259137994047, 5.532808889897744, 77.46863485933258, 38.741549592308516, 28.17797822071497, 54.72572848485062, 8.984795231513605, 37.26199180456664, 36.39811292246741, 55.644640728687065, 6.206814108047223, 29.520480169412522, 55.42284148944052, 31.27934719307461, 57.854338680724354, 37.91080558183182, 42.59182429683948, 63.4742129062983, 51.703197218864666, 64.30536204295092, 86.2674370247954], [94.87640903314875, 42.80435708571968, 59.481807742563156, 76.25099382657731, 81.67708886593581, 44.03031250952299, 95.39635712841815, 71.92131067756225, 19.737963058536323, 70.61007554108716, 61.22467286139309, 65.88484661356209, 55.96375304215214, 86.60529218335653, 59.11838563703438, 102.67710428798436, 97.31685210704407, 87.56427071435934, 39.69562597670499, 91.42351028154154, 17.545007834160465, 65.54169971294154, 90.34152326385835, 22.84594391326371, 116.77582937618213, 115.27103672995571, 19.238968894864772, 21.448153539231832, 75.35512715932225, 0.0, 64.43081603016817, 81.84958253198948, 77.05401718515232, 21.042976248820747, 41.745799702881925, 57.96417080878288, 35.341354080477494, 47.67985805552562, 64.33307455267233, 75.19732621300132, 79.68672117226015, 59.13198521446013, 50.66851304024603, 103.16340696335371, 58.35269467201182, 84.1567283167531, 80.76159505860933, 109.42460747588841, 20.98541526874734, 71.56839278072312, 47.601666299243966, 65.21928962241036, 106.19415268100035, 37.40024824153349, 83.66832954429137, 66.05887717642516, 12.5981675818654, 51.696262044131046, 60.25259120249838, 10.921387681197755], [71.49545458301432, 87.51714985557273, 8.303897014469879, 104.15739838206152, 101.69889363653756, 72.53774817553685, 71.81677617974879, 24.433535878464905, 84.1496660870083, 24.702457649166128, 95.18082401479523, 105.24476059209299, 58.25691667590297, 102.95239432021356, 90.05193080162702, 78.69141909321452, 81.19955080582156, 56.13387429393738, 34.96465030628213, 84.04927934674787, 67.98224592754943, 1.1248491856858258, 92.70243840172013, 84.89123428443516, 90.38886234382748, 88.9053449676755, 46.25982019152652, 74.5272417826019, 51.42835347456073, 64.43081603016817, 0.0, 46.27634122617876, 59.32382547464262, 82.90167685295717, 85.06890416959665, 30.63214701836412, 66.19288628174445, 85.71586961090738, 103.11483629362188, 43.61952871263054, 56.72498306335316, 102.12735341132002, 19.80127954164636, 73.70297656946771, 7.378648535459376, 58.112349609956695, 24.869308495964425, 84.44175696602689, 46.301573373782546, 45.27300452214937, 35.38310510737499, 3.994490205751592, 76.54115123920467, 27.562046211521412, 85.58865622717985, 9.26134385511143, 59.15526801193793, 79.37664776582008, 93.81400576039293, 73.15889695516955], [25.82352039141503, 80.76936282091592, 40.6587054229517, 80.17305419586519, 73.02868930269622, 61.21360144489003, 26.070480538431063, 21.958512050987764, 99.2230155624885, 21.574021189511374, 77.92473127557864, 89.19685363032842, 37.415034201696464, 71.65490763625793, 72.32774493368517, 32.54749082286042, 36.814314264470944, 9.898824692691967, 42.58162788365113, 43.12479969532497, 74.57673456284444, 46.39195620843099, 55.27135663007388, 104.65810484735893, 44.20808995870665, 42.704273108323775, 63.856660631514444, 79.28976475472054, 12.664388663888396, 81.84958253198948, 46.27634122617876, 0.0, 20.261938696314193, 102.88676059723895, 78.21627960902569, 24.941802908110752, 60.819580091835654, 74.7507837822212, 87.16163989487286, 6.795795727589854, 14.914350898617865, 89.61632971321158, 38.388190210541204, 27.544213381095737, 51.015195975147066, 13.563495507738105, 27.416092574212165, 38.166492354535976, 61.225267431984236, 11.648888318711007, 34.297773670581094, 50.168268625271665, 30.479033487624807, 58.74956097772718, 49.63128389742599, 37.02340681499372, 70.70944563975532, 63.75191737883935, 76.70459564145398, 92.72758402182383], [17.82788175195046, 66.20293810378, 52.024731392252605, 60.61897967495626, 52.917256161674906, 46.76650093167274, 18.345911046608304, 37.51247640417688, 91.9321417684371, 36.453789970418725, 60.042988295037134, 71.20905801843622, 23.36615387578993, 51.39707904477236, 54.5869145642945, 25.720565312267677, 23.09313901713624, 16.374997915159202, 42.135106201800696, 24.87252506210716, 65.96551281655675, 59.758300677843586, 35.547494401217854, 99.0386505764927, 39.82079167095044, 38.29554788988867, 61.68686855464405, 69.38053063410446, 8.546618699051898, 77.05401718515232, 59.32382547464262, 20.261938696314193, 0.0, 97.47462329533259, 63.80470446189966, 30.244616230439426, 48.98717898354587, 59.104183834570435, 69.27061852952843, 17.628969476014824, 5.771193443300383, 72.62068253294328, 45.29114246816105, 26.622887630646296, 62.180241622742855, 9.992476500619697, 45.80069574096997, 32.497177125400604, 58.39791028803986, 14.224116923111241, 33.90256142803996, 63.3115056461819, 29.510164784147907, 63.39772883049191,