instance_id,num_cities,city_coordinates,distance_matrix,best_route,total_distance
2677,45,"[[41.70407880810089, 73.30273835905669], [68.2017635389007, 54.272862671762425], [58.67409663140132, 78.1962987128043], [99.57441940061288, 86.57683302626157], [74.11698891832042, 77.21328659119467], [88.99268956687297, 15.428252631072404], [19.9138078744996, 54.50323743488374], [93.73872903527833, 58.21073774699551], [87.44694083645997, 93.74884824281203], [26.39780939451789, 46.64349156071121], [76.98425398311048, 75.49454292771605], [77.74044731580078, 71.30373683781232], [73.32950126300048, 4.539097673629344], [2.487272399256213, 49.865750272111576], [66.51275297166255, 15.455510697436537], [54.666087019221045, 11.90770315937505], [18.034990111368842, 24.963941045137783], [86.20304333368288, 81.95849064164194], [43.25931264830017, 85.97762452153584], [73.35723424090094, 19.871189487751582], [57.190604220595, 1.6368592600535692], [57.08221952800863, 69.20040036315982], [50.92264548576478, 15.617471023856222], [22.734728547669302, 51.96457562840933], [68.32489578557352, 78.60996962002498], [73.44819067659441, 71.42990109379933], [2.087641839250187, 60.70952191380884], [26.868405108256223, 11.821420748201783], [85.84791838444377, 6.825984726571754], [66.5247641642853, 9.67420588334228], [41.271172762288764, 7.494888976723335], [34.583506202026214, 12.415238277453767], [10.97273401719695, 94.2021610626733], [6.909904625795294, 6.7940315115953664], [83.77602798192987, 16.42802015874103], [5.30183237795433, 31.872327168023517], [39.66884515351213, 91.07598770514215], [8.461514636487767, 47.74217738447379], [96.77984738097663, 73.36557572008074], [13.556412075155698, 54.248092116592126], [36.02996690474287, 91.86384502090004], [71.52790582811969, 47.706767739556696], [0.2587849535564679, 41.975939884850334], [56.83291170719389, 38.50291653039197], [27.358807932365515, 66.97966632467754]]","[[0.0, 32.62305112595594, 17.66149591226363, 59.37320868478693, 32.647957505624284, 74.73733207556523, 28.779109478191447, 54.17908551036232, 50.104419325286, 30.740808759957506, 35.34819327273402, 36.09177000792122, 75.68755264748245, 45.68643469889512, 62.94260927137581, 62.74841833891349, 53.82253325039525, 45.3329889972687, 12.76994485225001, 62.10356401720971, 73.32005657652454, 15.915916217229336, 58.41722382246593, 28.55089207052074, 27.144697460194582, 31.79931064884218, 41.5698349593041, 63.245945556178384, 79.79873022834383, 68.29829109548606, 65.80927326731678, 61.30244873107091, 37.164518320595306, 75.06026008181806, 70.74448725978984, 55.1507254405525, 17.88939821086495, 41.9334037497457, 55.075804419244825, 33.99074412151664, 19.409024354772573, 39.30158228461432, 51.95267736443498, 37.946135299862725, 15.676990669454684], [32.62305112595594, 0.0, 25.750868503995754, 45.030989734645885, 23.690777549345867, 44.058669229947135, 48.28850520339857, 25.838797705607803, 43.917311917058484, 42.49444535060793, 22.96719075743849, 19.520173233235468, 49.99741068352123, 65.86210583822515, 38.85408049349443, 44.474951145059556, 58.100929795012256, 33.02332615495611, 40.340027025038886, 34.78583039139175, 53.77540780589708, 18.613856143697245, 42.34155434259853, 45.52559126434683, 24.337418436665388, 17.94126431237162, 66.4267090131253, 59.250075447593915, 50.622060483337734, 44.63017492945501, 53.976249801103314, 53.686571377797435, 69.78187938130097, 77.5301965517931, 40.92419599426229, 66.76964378298015, 46.56820206761076, 60.096149537585674, 34.36915139525772, 54.64535707794965, 49.478343268977646, 7.360490825133105, 69.04681490898638, 19.440730265939816, 42.77393928259521], [17.66149591226363, 25.750868503995754, 0.0, 41.75008692212174, 15.474147311455221, 69.70684820378304, 45.42819760058394, 40.3602662619696, 32.70716069199405, 45.13688466182598, 18.508412859200185, 20.2739521953933, 75.10102629020015, 62.92518726427761, 63.22856169493367, 66.40965322524619, 66.97179168579052, 27.78483389632679, 17.2674432556561, 60.14493242305483, 76.57381092156982, 9.135658697075018, 63.057074700514335, 44.49428586048276, 9.659660860177835, 16.24986127924439, 59.22680329683554, 73.60181001905687, 76.36843789917106, 68.97035730254912, 72.81175109735607, 70.05358277229752, 50.31508347220312, 88.19192330064067, 66.67403687387619, 70.67183973282027, 22.958352995743354, 58.72611766902859, 38.41072929301379, 51.079565962248985, 26.449166965363546, 33.08824428455319, 68.73327456221988, 39.73606109070422, 33.26349573382711], [59.37320868478693, 45.030989734645885, 41.75008692212174, 0.0, 27.124836747940208, 71.93117195295066, 85.87507532965304, 28.960156136189227, 14.08948326200857, 83.363589249674, 25.16212883319775, 26.64563386714561, 86.13353440930251, 103.79603898918826, 78.43032753252919, 87.133445199622, 102.19993633605286, 14.146476038393534, 56.318294535226414, 71.67275408120842, 94.92727180646253, 45.907814826112755, 86.03619099454544, 84.27542021580858, 32.249087408801735, 30.1994929478356, 100.86024778616712, 104.28104419856497, 80.92351101297464, 83.70360668885769, 98.25081395705355, 98.60913210282617, 88.92920937714844, 122.27840249194054, 71.90580726297655, 108.99497064148754, 60.07428916516111, 99.04388872299377, 13.50359035157132, 91.89257354676133, 63.76401758696931, 47.93212804544301, 108.8707257008647, 64.32680566574435, 74.82742466811574], [32.647957505624284, 23.690777549345867, 15.474147311455221, 27.124836747940208, 0.0, 63.550585294226906, 58.76845385026967, 27.315005908723695, 21.23940717803468, 56.67126664042957, 3.342946115705944, 6.931971512201443, 72.6784553470508, 76.67270721270424, 62.224169642319026, 68.14071332220365, 76.6497534253971, 12.984208593960735, 32.07818268142053, 57.34713007109037, 77.44868537989942, 18.82524140308788, 65.81809829122162, 57.250625202522116, 5.958109292505165, 5.821927421363013, 73.89588005541103, 80.67542866625897, 71.35815979914777, 67.96447086219081, 77.06816855800683, 75.90575288441208, 65.38974524209215, 97.34302062843669, 61.547913456889084, 82.40951626534853, 37.132857296679184, 71.96657266430616, 22.987171044869285, 64.76869324629897, 40.807598657173536, 29.619892065806567, 81.83339719090115, 42.3937740155848, 47.86496080510862], [74.73733207556523, 44.058669229947135, 69.70684820378304, 71.93117195295066, 63.550585294226906, 0.0, 79.36464158104039, 43.04492912446069, 78.33584770789949, 69.94648072080489, 61.25489168360385, 56.99721651988329, 19.07640331744364, 93.10815454684935, 22.4799531211002, 34.50666473374574, 71.59556177269504, 66.58869795880818, 84.07589213630244, 16.254450195651202, 34.66374422196959, 62.52776958938078, 38.07051431144171, 75.66386387561795, 66.47621425335846, 58.11898206518002, 97.99428895806166, 62.2288996827553, 9.159071944833665, 23.19303183870767, 48.37645527529233, 54.4925452692809, 110.87128624474266, 82.53564901315814, 5.311599872091427, 85.2910731811529, 90.30737206646016, 86.77246031222573, 58.45830337549914, 84.83874055812525, 92.99166508762806, 36.700425183505295, 92.62011404899886, 39.58145305633014, 80.3510026019943], [28.779109478191447, 48.28850520339857, 45.42819760058394, 85.87507532965304, 58.76845385026967, 79.36464158104039, 0.0, 73.91795818987092, 78.10852716154106, 10.189105992096241, 60.80847576883728, 60.217746630557784, 73.14131228147673, 18.03303706686128, 60.79627165814328, 54.97363409825365, 29.598986256091845, 71.74993844185687, 39.18736576530704, 63.683424584372204, 64.68704265270156, 39.96870554552647, 49.73581043247219, 3.795049039468148, 54.08112396557465, 56.14661240558756, 18.8756499901229, 43.24469792193371, 81.36600859418984, 64.67011145882937, 51.63256588350031, 44.5712880910622, 40.69333285597051, 49.4496696604982, 74.35122949672956, 26.938224281090218, 41.567145201779994, 13.299133558794757, 79.14654657656578, 6.362513692162997, 40.6883961478502, 52.059649517504326, 23.307790756094256, 40.23717804289931, 14.528912681398594], [54.17908551036232, 25.838797705607803, 40.3602662619696, 28.960156136189227, 27.315005908723695, 43.04492912446069, 73.91795818987092, 0.0, 36.09077300850806, 68.32715889305996, 24.071608915874673, 20.672968900665897, 57.42108956146411, 91.63223861803112, 50.68790006180882, 60.585826445938174, 82.68255909195183, 24.914701012422725, 57.612251126996085, 43.42034420379606, 67.35257348108492, 38.26842528343273, 60.39373627014154, 71.27820583078703, 32.5882123083397, 24.216775724169082, 91.68514441569185, 81.38555740252343, 51.98709201039497, 55.645258642143695, 72.97219866324738, 74.81021427663812, 90.25293614958676, 100.91046738782985, 42.954055703020884, 92.27565530628709, 63.27461574596196, 85.91736757886063, 15.456956840950577, 80.28017509625724, 66.80443739623625, 24.56937226419981, 94.87923169559583, 41.83823095877198, 66.95661307167066], [50.104419325286, 43.917311917058484, 32.70716069199405, 14.08948326200857, 21.23940717803468, 78.33584770789949, 78.10852716154106, 36.09077300850806, 0.0, 77.10973400267609, 21.04013970314821, 24.454018942690112, 90.31988538924344, 95.62359305352258, 81.0437346471196, 88.16210867235067, 97.7209412646805, 11.855792397005116, 44.86578209528037, 75.20923011890295, 96.95392936736678, 39.04667198929917, 86.24694926196277, 77.02983744773343, 24.389306117304972, 26.345785391192237, 91.53036113536002, 101.8914244029294, 86.93756998366695, 86.63880749741674, 97.8363278456205, 97.00360215654919, 76.4755503487753, 118.52153540330715, 77.40791985831952, 102.84222237961606, 47.85280149105956, 91.40739201759739, 22.41831713810415, 83.78615622624201, 51.45151548245683, 48.71641255947536, 101.40122566371366, 63.16115697405276, 65.78124973323551], [30.740808759957506, 42.49444535060793, 45.13688466182598, 83.363589249674, 56.67126664042957, 69.94648072080489, 10.189105992096241, 68.32715889305996, 77.10973400267609, 0.0, 58.23548352247365, 56.9578279593134, 63.05048521809116, 24.12668088662369, 50.81238873075627, 44.78471296915604, 23.2366016646133, 69.45369080620836, 42.795844515059414, 54.05500661538111, 54.53249640578983, 38.083423690133905, 39.548470711974105, 6.460038463202808, 52.72320450010252, 53.17992550136506, 28.086250309705893, 34.82525055182246, 71.55242350473398, 54.56098040348867, 41.878753827552835, 35.19345045668691, 49.997599894323834, 44.35941724685843, 64.84778084335737, 25.753204534565842, 46.37205088996361, 17.969913193621046, 75.2841354665626, 14.924189583633236, 46.23482264880223, 45.142620220127874, 26.552488346142066, 31.504990312763358, 20.358868392431003], [35.34819327273402, 22.96719075743849, 18.508412859200185, 25.16212883319775, 3.342946115705944, 61.25489168360385, 60.80847576883728, 24.071608915874673, 21.04013970314821, 58.23548352247365, 0.0, 4.258483772374795, 71.04950688534613, 78.78220153111417, 60.94536671955709, 67.38981205162038, 77.64249762620885, 11.259160587654613, 35.31666274917663, 55.74148114391639, 76.4640177316993, 20.873600697412503, 65.30291859671297, 59.13265063462843, 9.202736977030339, 5.3874907838172, 76.34198947505573, 81.03002404377393, 69.23825122028578, 66.64621291495166, 76.80740268841129, 76.00540827833059, 68.61119255991386, 98.13345355528658, 59.45571718572474, 83.91225938421945, 40.437867865059914, 73.92942310616888, 19.909746842811153, 66.89172445953245, 44.10450862570929, 28.31840717794976, 83.72750054641699, 42.1243043745573, 50.35065063433015], [36.09177000792122, 19.520173233235468, 20.2739521953933, 26.64563386714561, 6.931971512201443, 56.99721651988329, 60.217746630557784, 20.672968900665897, 24.454018942690112, 56.9578279593134, 4.258483772374795, 0.0, 66.91018971579942, 78.24722105615776, 56.965651785193735, 63.720600435231546, 75.57855710515403, 13.60659068180181, 37.4736124187787, 51.618983753811094, 72.63449512918777, 20.765028284543977, 61.80740000434946, 58.306365462803875, 11.917787046521845, 4.294110440626781, 76.39099663133597, 78.26947429075102, 64.98547225686268, 62.64176429685844, 73.49542197864463, 73.00942972651654, 70.58516395891036, 95.80432066997831, 55.20663470108511, 82.47538422256852, 42.89975286134184, 73.175935915149, 19.150716289952502, 66.41148542706189, 46.50249697189944, 24.401078303226473, 82.8464101607969, 38.89754308519813, 50.56685844271006], [75.68755264748245, 49.99741068352123, 75.10102629020015, 86.13353440930251, 72.6784553470508, 19.07640331744364, 73.14131228147673, 57.42108956146411, 90.31988538924344, 63.05048521809116, 71.04950688534613, 66.91018971579942, 0.0, 84.10188360653177, 12.869970107727752, 20.065377595237795, 58.9462228666822, 78.48242155400908, 86.81272889663612, 15.33211689606942, 16.397773798738633, 66.67126989403518, 24.995950510209806, 69.34700415558946, 74.23974775606416, 66.8909087198905, 90.722208380722, 47.02834980373904, 12.725589165903488, 8.524891982194957, 32.194302733356274, 39.538408213738876, 109.2146114659345, 66.45786292127248, 15.826446169190982, 73.31349922440407, 92.85296498253233, 77.9381920850042, 72.71177905492023, 77.74192124966137, 94.95718383886235, 43.205248350538895, 82.10265974207599, 37.75815750679225, 77.53792142407191], [45.68643469889512, 65.86210583822515, 62.92518726427761, 103.79603898918826, 76.67270721270424, 93.10815454684935, 18.03303706686128, 91.63223861803112, 95.62359305352258, 24.12668088662369, 78.78220153111417, 78.24722105615776, 84.10188360653177, 0.0, 72.68649633951352, 64.52473971863336, 29.356968999406902, 89.65642357116127, 54.46491281436051, 76.95599501067377, 72.92791263027118, 57.917501207618955, 59.320569767120055, 20.355946265358174, 71.83886691116109, 74.16511662111485, 10.851133028479955, 45.186398850734996, 93.81587668024429, 75.60529473463205, 57.441107355992585, 49.32250067650751, 45.14111629832589, 43.29818278861396, 87.89734682750252, 18.21222179956139, 55.50453154262975, 6.340436271916292, 97.17680532291843, 11.90507342297633, 53.74897503410291, 69.07438215311504, 8.19849158336927, 55.52082944652774, 30.190717156586288], [62.94260927137581, 38.85408049349443, 63.22856169493367, 78.43032753252919, 62.224169642319026, 22.4799531211002, 60.79627165814328, 50.68790006180882, 81.0437346471196, 50.81238873075627, 60.94536671955709, 56.965651785193735, 12.869970107727752, 72.68649633951352, 0.0, 12.3665044582478, 49.40145483299007, 69.35671471458302, 74.25692577188605, 8.145252790686932, 16.669060707937827, 54.565997894408966, 15.590948738584819, 57.00374763646454, 63.180452225216946, 56.40241729219965, 78.73068319019742, 39.810563011264975, 21.173505614834806, 5.7813172912596364, 26.467128095933287, 32.073666077703685, 96.3624856944197, 60.22890296715698, 17.290645989448947, 63.37419556063958, 80.24370336557436, 66.42571127212044, 65.3427320741122, 65.64478969658491, 82.2644139375451, 32.63886240313126, 71.36470726086426, 24.997644739740153, 64.71298189112014], [62.74841833891349, 44.474951145059556, 66.40965322524619, 87.133445199622, 68.14071332220365, 34.50666473374574, 54.97363409825365, 60.585826445938174, 88.16210867235067, 44.78471296915604, 67.38981205162038, 63.720600435231546, 20.065377595237795, 64.52473971863336, 12.3665044582478, 0.0, 38.888335119957055, 76.8224735378001, 74.94309676111457, 20.31689196124131, 10.576550548466274, 57.34362082380731, 5.2702686954976565, 51.226601349681744, 68.08638195633054, 62.41521821431934, 71.73639530450221, 27.797815818471403, 31.593202900615832, 12.067175879753934, 14.10307260710161, 20.08899311004026, 93.17449703731819, 48.02918482043448, 29.45881750218685, 53.24862296899823, 80.5762653732358, 58.47197663890374, 74.50261009854164, 59.01452288255106, 82.09926670988949, 39.57137801947443, 62.16311911289274, 26.683337562574998, 61.47038813939482], [53.82253325039525, 58.100929795012256, 66.97179168579052, 102.19993633605286, 76.6497534253971, 71.59556177269504, 29.598986256091845, 82.68255909195183, 97.7209412646805, 23.2366016646133, 77.64249762620885, 75.57855710515403, 58.9462228666822, 29.356968999406902, 49.40145483299007, 38.888335119957055, 0.0, 88.85528776515561, 66.02223882000088, 55.55615910007466, 45.57756971228982, 59.00466471484028, 34.18997481548866, 27.40660156365614, 73.53210859602775, 72.31672171860203, 39.1415951201653, 15.83524740137045, 70.19671431330254, 50.84323149663813, 29.070396701040856, 20.768325063770224, 69.59746096185064, 21.30523737296618, 66.2928805052048, 14.48651458035693, 69.56167333783067, 24.70828774720735, 92.43089735373958, 29.62463780710595, 69.27781998417878, 58.126828555597136, 24.60490955754596, 41.092366412097775, 43.03782928453631], [45.3329889972687, 33.02332615495611, 27.78483389632679, 14.146476038393534, 12.984208593960735, 66.58869795880818, 71.74993844185687, 24.914701012422725, 11.855792397005116, 69.45369080620836, 11.259160587654613, 13.60659068180181, 78.48242155400908, 89.65642357116127, 69.35671471458302, 76.8224735378001, 88.85528776515561, 0.0, 43.13139740749414, 63.40226948479112, 85.40073823504335, 31.79294334714898, 75.13878729547619, 70.19873160960624, 18.189028362839498, 16.5389680503645, 86.75782063056933, 91.86842692992829, 75.1333451857937, 74.91496842479279, 86.9695404492641, 86.60739323565655, 76.22012139345482, 109.25702614688332, 65.57539908554115, 95.15056334888052, 47.41898726221746, 84.93822094375108, 13.627434487240752, 77.75216536939342, 51.14150607601368, 37.263120945090186, 94.78934493670344, 52.44989564427777, 60.72074783699668], [12.76994485225001, 40.340027025038886, 17.2674432556561, 56.318294535226414, 32.07818268142053, 84.07589213630244, 39.18736576530704, 57.612251126996085, 44.86578209528037, 42.795844515059414, 35.31666274917663, 37.4736124187787, 86.81272889663612, 54.46491281436051, 74.25692577188605, 74.94309676111457, 66.02223882000088, 43.13139740749414, 0.0, 72.63570497400217, 85.48359824998447, 21.73816931265114, 70.77625216408963, 39.725886365317066, 26.125960207412838, 33.51126099592703, 48.30717841691231, 75.94606249213, 89.88198607496626, 79.77150449952715, 78.50791347885465, 74.07222345398257, 33.31765539498414, 87.1281864011322, 80.49069317907302, 66.09200791461613, 6.2357649076181305, 51.69947934207812, 54.98646572604856, 43.462921313396315, 9.322608628866993, 47.57911137456119, 61.523927320130866, 49.377023910478655, 24.7739473211484], [62.10356401720971, 34.78583039139175, 60.14493242305483, 71.67275408120842, 57.34713007109037, 16.254450195651202, 63.683424584372204, 43.42034420379606, 75.20923011890295, 54.05500661538111, 55.74148114391639, 51.618983753811094, 15.33211689606942, 76.95599501067377, 8.145252790686932, 20.31689196124131, 55.55615910007466, 63.40226948479112, 72.63570497400217, 0.0, 24.369052609122882, 51.94465467683229, 22.834292049068782, 59.938497784267426, 58.95395425038531, 51.55879183562001, 82.14088017813417, 47.18061053954759, 18.060857057040824, 12.274409231259979, 34.39023343259766, 39.48408786439116, 97.04081205056532, 67.72192904600283, 10.972997678225521, 69.10546308612655, 78.7720181821096, 70.62751864049771, 58.39750135650715, 68.97760336552635, 81.09418806239806, 27.895624371111943, 76.3675538323214, 24.903704298546344, 65.84120148324264], [73.32005657652454, 53.77540780589708, 76.57381092156982, 94.92727180646253, 77.44868537989942, 34.66374422196959, 64.68704265270156, 67.35257348108492, 96.95392936736678, 54.53249640578983, 76.4640177316993, 72.63449512918777, 16.397773798738633, 72.92791263027118, 16.669060707937827, 10.576550548466274, 45.57756971228982, 85.40073823504335, 85.48359824998447, 24.369052609122882, 0.0, 67.56362803781865, 15.321384140857232, 60.99251104227287, 77.77423845427411, 71.66155040034566, 80.7831414108431, 31.986888747019304, 29.12333562957367, 12.317689823878624, 16.96304247819642, 25.04504611822285, 103.46219900982302, 50.54448711159867, 30.42307014915835, 60.05520929071432, 91.13928756481452, 67.08371285975412, 81.92873085197157, 68.351185409399, 92.67513976844614, 48.24929724560684, 69.77444711861638, 36.86779248333176, 71.83048450948311], [15.915916217229336, 18.613856143697245, 9.135658697075018, 45.907814826112755, 18.82524140308788, 62.52776958938078, 39.96870554552647, 38.26842528343273, 39.04667198929917, 38.083423690133905, 20.873600697412503, 20.765028284543977, 66.67126989403518, 57.917501207618955, 54.565997894408966, 57.34362082380731, 59.00466471484028, 31.79294334714898, 21.73816931265114, 51.94465467683229, 67.56362803781865, 0.0, 53.93580136572261, 38.42946513980553, 14.660755882019023, 16.517133078844655, 55.64619117250111, 64.84768217480874, 68.68794040226389, 60.27046937312781, 63.69897436607142, 61.07983901767134, 52.45162239766744, 80.07381629399445, 59.139525887636, 63.832542968856885, 27.960095290665038, 53.14535047914699, 39.915540117937056, 46.02246664753209, 30.93265368939843, 25.896990096141145, 63.00852295659755, 30.698496185522874, 29.80625532591582], [58.41722382246593, 42.34155434259853, 63.057074700514335, 86.03619099454544, 65.81809829122162, 38.07051431144171, 49.73581043247219, 60.39373627014154, 86.24694926196277, 39.548470711974105, 65.30291859671297, 61.80740000434946, 24.995950510209806, 59.320569767120055, 15.590948738584819, 5.2702686954976565, 34.18997481548866, 75.13878729547619, 70.77625216408963, 22.834292049068782, 15.321384140857232, 53.93580136572261, 0.0, 45.996420235093254, 65.35207108336748, 60.18660595561438, 66.46917055761392, 24.35192965319708, 36.01478749572933, 16.69576316881283, 12.614565582865193, 16.649977990842544, 88.15638907557049, 44.888466701741486, 32.863379791789356, 48.430144919103256, 76.2930911790715, 53.244195850396004, 73.74094223472012, 53.74532803236623, 77.68720244039368, 38.135281793694524, 57.110381234264686, 23.6363039166614, 56.5095527000763], [28.55089207052074, 45.52559126434683, 44.49428586048276, 84.27542021580858, 57.250625202522116, 75.66386387561795, 3.795049039468148, 71.27820583078703, 77.02983744773343, 6.460038463202808, 59.13265063462843, 58.306365462803875, 69.34700415558946, 20.355946265358174, 57.00374763646454, 51.226601349681744, 27.40660156365614, 70.19873160960624, 39.725886365317066, 59.938497784267426, 60.99251104227287, 38.42946513980553, 45.996420235093254, 0.0, 52.80568501353336, 54.32084440226865, 22.422673236692813, 40.35542300167199, 77.59360231343938, 60.877274844386555, 48.178343630938976, 41.28611893605496, 43.844704796036766, 47.86233496150551, 70.63205370985521, 26.600833014361392, 42.620028857994505, 14.884666011863887, 77.07582259024112, 9.45811507761548, 42.05609421981488, 48.978598154090065, 24.595546028971306, 36.65927386694558, 15.710985289698819], [27.144697460194582, 24.337418436665388, 9.659660860177835, 32.249087408801735, 5.958109292505165, 66.47621425335846, 54.08112396557465, 32.5882123083397, 24.389306117304972, 52.72320450010252, 9.202736977030339, 11.917787046521845, 74.23974775606416, 71.83886691116109, 63.180452225216946, 68.08638195633054, 73.53210859602775, 18.189028362839498, 26.125960207412838, 58.95395425038531, 77.77423845427411, 14.660755882019023, 65.35207108336748, 52.80568501353336, 0.0, 8.82051781822683, 68.61340859068805, 78.60884733719489, 73.89179120974156, 68.95926330677916, 76.0871777918192, 74.29820878422234, 59.43388674392943, 94.49513270824815, 64.07286730711333, 78.46218033710203, 31.250133515326525, 67.35313652754317, 28.934200138841003, 59.942371353080205, 34.90884765442466, 31.06874892553014, 77.2984319273948, 41.72099478191252, 42.585024465632586], [31.79931064884218, 17.94126431237162, 16.24986127924439, 30.1994929478356, 5.821927421363013, 58.11898206518002, 56.14661240558756, 24.216775724169082, 26.345785391192237, 53.17992550136506, 5.3874907838172, 4.294110440626781, 66.8909087198905, 74.16511662111485, 56.40241729219965, 62.41521821431934, 72.31672171860203, 16.5389680503645, 33.51126099592703, 51.55879183562001, 71.66155040034566, 16.517133078844655, 60.18660595561438, 54.32084440226865, 8.82051781822683, 0.0, 72.16130860876737, 75.64950332093301, 65.78312289039297, 62.14257578824853, 71.57545847752706, 70.66253693885255, 66.49630447543855, 92.76388924158822, 55.96312294538081, 78.79548086191143, 39.07701246395587, 69.1691861833802, 23.411814129408548, 62.30762155445343, 42.634135791126944, 23.800725830160324, 78.89375730049704, 36.88161883201264, 46.3037340961215], [41.5698349593041, 66.4267090131253, 59.22680329683554, 100.86024778616712, 73.89588005541103, 97.99428895806166, 18.8756499901229, 91.68514441569185, 91.53036113536002, 28.086250309705893, 76.34198947505573, 76.39099663133597, 90.722208380722, 10.851133028479955, 78.73068319019742, 71.73639530450221, 39.1415951201653, 86.75782063056933, 48.30717841691231, 82.14088017813417, 80.7831414108431, 55.64619117250111, 66.46917055761392, 22.422673236692813, 68.61340859068805, 72.16130860876737, 0.0, 54.80996865327647, 99.5952785363627, 82.19942953488872, 66.08438737118978, 58.209269301655475, 34.65114341788246, 54.13071515963623, 92.91847947679523, 29.015768499652804, 48.31634389318079, 14.44916186419963, 95.53423202341567, 13.163691190101362, 46.072478543188986, 70.64716469158489, 18.82264097155515, 59.07772757620915, 26.037406680369873], [63.245945556178384, 59.250075447593915, 73.60181001905687, 104.28104419856497, 80.67542866625897, 62.2288996827553, 43.24469792193371, 81.38555740252343, 101.8914244029294, 34.82525055182246, 81.03002404377393, 78.26947429075102, 47.02834980373904, 45.186398850734996, 39.810563011264975, 27.797815818471403, 15.83524740137045, 91.86842692992829, 75.94606249213, 47.18061053954759, 31.986888747019304, 64.84768217480874, 24.35192965319708, 40.35542300167199, 78.60884733719489, 75.64950332093301, 54.80996865327647, 0.0, 59.19068649156032, 39.71444756328071, 15.038570186878088, 7.737919884900454, 83.90029042974481, 20.58194315522077, 57.0937676043668, 29.44751105930431, 80.281614638, 40.362289010435966, 93.14125171938893, 44.46607248132794, 80.56502900143137, 57.29074212503648, 40.21650045864144, 40.121987399589415, 55.16042557853141], [79.79873022834383, 50.622060483337734, 76.36843789917106, 80.92351101297464, 71.35815979914777, 9.159071944833665, 81.36600859418984, 51.98709201039497, 86.93756998366695, 71.55242350473398, 69.23825122028578, 64.98547225686268, 12.725589165903488, 93.81587668024429, 21.173505614834806, 31.593202900615832, 70.19671431330254, 75.1333451857937, 89.88198607496626, 18.060857057040824, 29.12333562957367, 68.68794040226389, 36.01478749572933, 77.59360231343938, 73.89179120974156, 65.78312289039297, 99.5952785363627, 59.19068649156032, 0.0, 19.531939298848524, 44.58176402026042, 51.56820446423212, 115.06906371891061, 78.93802022579818, 9.823024701214155, 84.35040747180338, 96.07585443990007, 87.5373652028676, 67.43162641645758, 86.45760899872529, 98.55590278147488, 43.31629230864569, 92.52577537680635, 42.956939148229964, 83.90137931692006], [68.29829109548606, 44.63017492945501, 68.97035730254912, 83.70360668885769, 67.96447086219081, 23.19303183870767, 64.67011145882937, 55.645258642143695, 86.63880749741674, 54.56098040348867, 66.64621291495166, 62.64176429685844, 8.524891982194957, 75.60529473463205, 5.7813172912596364, 12.067175879753934, 50.84323149663813, 74.91496842479279, 79.77150449952715, 12.274409231259979, 12.317689823878624, 60.27046937312781, 16.69576316881283, 60.877274844386555, 68.95926330677916, 62.14257578824853, 82.19942953488872, 39.71444756328071, 19.531939298848524, 0.0, 25.347451565758412, 32.05865279136271, 101.14842193658785, 59.68439395860161, 18.52620065130875, 65.1229910637031, 85.7175038698463, 69.42990277926538, 70.51213124086603, 69.22772318206557, 87.66452784029903, 38.36022924664517, 73.7196176079402, 30.4142493187214, 69.41100722474856], [65.80927326731678, 53.976249801103314, 72.81175109735607, 98.25081395705355, 77.06816855800683, 48.37645527529233, 51.63256588350031, 72.97219866324738, 97.8363278456205, 41.878753827552835, 76.80740268841129, 73.49542197864463, 32.194302733356274, 57.441107355992585, 26.467128095933287, 14.10307260710161, 29.070396701040856, 86.9695404492641, 78.50791347885465, 34.39023343259766, 16.96304247819642, 63.69897436607142, 12.614565582865193, 48.178343630938976, 76.0871777918192, 71.57545847752706, 66.08438737118978, 15.038570186878088, 44.58176402026042, 25.347451565758412, 0.0, 8.302693614872968, 91.84849711877185, 34.36841499304888, 43.43343815492609, 43.45173115601693, 83.59645637475037, 51.92608102397661, 86.14035250662076, 54.35043664758263, 84.53159754095148, 50.32360370098464, 53.581329075552986, 34.69388262732279, 61.09003708704531], [61.30244873107091, 53.686571377797435, 70.05358277229752, 98.60913210282617, 75.90575288441208, 54.4925452692809, 44.5712880910622, 74.81021427663812, 97.00360215654919, 35.19345045668691, 76.00540827833059, 73.00942972651654, 39.538408213738876, 49.32250067650751, 32.073666077703685, 20.08899311004026, 20.768325063770224, 86.60739323565655, 74.07222345398257, 39.48408786439116, 25.04504611822285, 61.07983901767134, 16.649977990842544, 41.28611893605496, 74.29820878422234, 70.66253693885255, 58.209269301655475, 7.737919884900454, 51.56820446423212, 32.05865279136271, 8.302693614872968, 0.0, 85.12678369255688, 28.238735625103736, 49.355917755554735, 35.15671671295358, 78.82495907247322, 43.93576071972764, 87.08230871088857, 46.82014895049978, 79.46177296058326, 51.09188502597036, 45.29924467699973, 34.28706756143212, 55.04064928040274], [37.164518320595306, 69.78187938130097, 50.31508347220312, 88.92920937714844, 65.38974524209215, 110.87128624474266, 40.69333285597051, 90.25293614958676, 76.4755503487753, 49.997599894323834, 68.61119255991386, 70.58516395891036, 109.2146114659345, 45.14111629832589, 96.3624856944197, 93.17449703731819, 69.59746096185064, 76.22012139345482, 33.31765539498414, 97.04081205056532, 103.46219900982302, 52.45162239766744, 88.15638907557049, 43.844704796036766, 59.43388674392943, 66.49630447543855, 34.65114341788246, 83.90029042974481, 115.06906371891061, 101.14842193658785, 91.84849711877185, 85.12678369255688, 0.0, 87.50250107443593, 106.53232657489475, 62.587277610841944, 28.865892575998576, 46.527801432655444, 88.30075873152892, 40.03752012369629, 25.166101046684346, 76.34625356441327, 53.31385263750094, 72.14957892617922, 31.77369412129434], [75.06026008181806, 77.5301965517931, 88.19192330064067, 122.27840249194054, 97.34302062843669, 82.53564901315814, 49.4496696604982, 100.91046738782985, 118.52153540330715, 44.35941724685843, 98.13345355528658, 95.80432066997831, 66.45786292127248, 43.29818278861396, 60.22890296715698, 48.02918482043448, 21.30523737296618, 109.25702614688332, 87.1281864011322, 67.72192904600283, 50.54448711159867, 80.07381629399445, 44.888466701741486, 47.86233496150551, 94.49513270824815, 92.76388924158822, 54.13071515963623, 20.58194315522077, 78.93802022579818, 59.68439395860161, 34.36841499304888, 28.238735625103736, 87.50250107443593, 0.0, 77.46750710493936, 25.129799230903124, 90.42453386282635, 40.977532185965174, 111.8408561712664, 47.91726128627458, 89.91580060054886, 76.48096537729069, 35.805084410996024, 59.141863558604896, 63.56467796107479], [70.74448725978984, 40.92419599426229, 66.67403687387619, 71.90580726297655, 61.547913456889084, 5.311599872091427, 74.35122949672956, 42.954055703020884, 77.40791985831952, 64.84778084335737, 59.45571718572474, 55.20663470108511, 15.826446169190982, 87.89734682750252, 17.290645989448947, 29.45881750218685, 66.2928805052048, 65.57539908554115, 80.49069317907302, 10.972997678225521, 30.42307014915835, 59.139525887636, 32.863379791789356, 70.63205370985521, 64.07286730711333, 55.96312294538081, 92.91847947679523, 57.0937676043668, 9.823024701214155, 18.52620065130875, 43.43343815492609, 49.355917755554735, 106.53232657489475, 77.46750710493936, 0.0, 79.97953484915993, 86.70503235607507, 81.56501923753031, 58.403634752159654, 79.75683231543194, 89.27625675968274, 33.59131653447119, 87.33742660161283, 34.8314881165458, 75.75204055474023], [55.1507254405525, 66.76964378298015, 70.67183973282027, 108.99497064148754, 82.40951626534853, 85.2910731811529, 26.938224281090218, 92.27565530628709, 102.84222237961606, 25.753204534565842, 83.91225938421945, 82.47538422256852, 73.31349922440407, 18.21222179956139, 63.37419556063958, 53.24862296899823, 14.48651458035693, 95.15056334888052, 66.09200791461613, 69.10546308612655, 60.05520929071432, 63.832542968856885, 48.430144919103256, 26.600833014361392, 78.46218033710203, 78.79548086191143, 29.015768499652804, 29.44751105930431, 84.35040747180338, 65.1229910637031, 43.45173115601693, 35.15671671295358, 62.587277610841944, 25.129799230903124, 79.97953484915993, 0.0, 68.45556944551502, 16.181339186465927, 100.44857840853683, 23.84979964299576, 67.40326747115763, 68.09274787259002, 11.292268029778183, 51.955912581040614, 41.46125219127161], [17.88939821086495, 46.56820206761076, 22.958352995743354, 60.07428916516111, 37.132857296679184, 90.30737206646016, 41.567145201779994, 63.27461574596196, 47.85280149105956, 46.37205088996361, 40.437867865059914, 42.89975286134184, 92.85296498253233, 55.50453154262975, 80.24370336557436, 80.5762653732358, 69.56167333783067, 47.41898726221746, 6.2357649076181305, 78.7720181821096, 91.13928756481452, 27.960095290665038, 76.2930911790715, 42.620028857994505, 31.250133515326525, 39.07701246395587, 48.31634389318079, 80.281614638, 96.07585443990007, 85.7175038698463, 83.59645637475037, 78.82495907247322, 28.865892575998576, 90.42453386282635, 86.70503235607507, 68.45556944551502, 0.0, 53.401466224313204, 59.794023682188026, 45.14590850512133, 3.7231913809740242, 53.81346474156503, 62.96004718008932, 55.30400522027826, 27.058634859442765], [41.9334037497457, 60.096149537585674, 58.72611766902859, 99.04388872299377, 71.96657266430616, 86.77246031222573, 13.299133558794757, 85.91736757886063, 91.40739201759739, 17.969913193621046, 73.92942310616888, 73.175935915149, 77.9381920850042, 6.340436271916292, 66.42571127212044, 58.47197663890374, 24.70828774720735, 84.93822094375108, 51.69947934207812, 70.62751864049771, 67.08371285975412, 53.14535047914699, 53.244195850396004, 14.884666011863887, 67.35313652754317, 69.1691861833802, 14.44916186419963, 40.362289010435966, 87.5373652028676, 69.42990277926538, 51.92608102397661, 43.93576071972764, 46.527801432655444, 40.977532185965174, 81.56501923753031, 16.181339186465927, 53.401466224313204, 0.0, 91.9602438069378, 8.263468183041514, 52.02635020339524, 63.06640113228994, 10.026677872221985, 49.24587287988391, 26.966436075886772], [55.075804419244825, 34.36915139525772, 38.41072929301379, 13.50359035157132, 22.987171044869285, 58.45830337549914, 79.14654657656578, 15.456956840950577, 22.41831713810415, 75.2841354665626, 19.909746842811153, 19.150716289952502, 72.71177905492023, 97.17680532291843, 65.3427320741122, 74.50261009854164, 92.43089735373958, 13.627434487240752, 54.98646572604856, 58.39750135650715, 81.92873085197157, 39.915540117937056, 73.74094223472012, 77.07582259024112, 28.934200138841003, 23.411814129408548, 95.53423202341567, 93.14125171938893, 67.43162641645758, 70.51213124086603, 86.14035250662076, 87.08230871088857, 88.30075873152892, 111.8408561712664, 58.403634752159654, 100.44857840853683, 59.794023682188026, 91.9602438069378, 0.0, 85.39097354774577, 63.503810476240886, 36.00048581853178, 101.49691980541242, 53.020398673545714, 69.71413455628579], [33.99074412151664, 54.64535707794965, 51.079565962248985, 91.89257354676133, 64.76869324629897, 84.83874055812525, 6.362513692162997, 80.28017509625724, 83.78615622624201, 14.924189583633236, 66.89172445953245, 66.41148542706189, 77.74192124966137, 11.90507342297633, 65.64478969658491, 59.01452288255106, 29.62463780710595, 77.75216536939342, 43.462921313396315, 68.97760336552635, 68.351185409399, 46.02246664753209, 53.74532803236623, 9.45811507761548, 59.942371353080205, 62.30762155445343, 13.163691190101362, 44.46607248132794, 86.45760899872529, 69.22772318206557, 54.35043664758263, 46.82014895049978, 40.03752012369629, 47.91726128627458, 79.75683231543194, 23.84979964299576, 45.14590850512133, 8.263468183041514, 85.39097354774577, 0.0, 43.81786773950109, 58.33937788968563, 18.095098990172353, 46.0517749347631, 18.777622672082547], [19.409024354772573, 49.478343268977646, 26.449166965363546, 63.76401758696931, 40.807598657173536, 92.99166508762806, 40.6883961478502, 66.80443739623625, 51.45151548245683, 46.23482264880223, 44.10450862570929, 46.50249697189944, 94.95718383886235, 53.74897503410291, 82.2644139375451, 82.09926670988949, 69.27781998417878, 51.14150607601368, 9.322608628866993, 81.09418806239806, 92.67513976844614, 30.93265368939843, 77.68720244039368, 42.05609421981488, 34.90884765442466, 42.634135791126944, 46.072478543188986, 80.56502900143137, 98.55590278147488, 87.66452784029903, 84.53159754095148, 79.46177296058326, 25.166101046684346, 89.91580060054886, 89.27625675968274, 67.40326747115763, 3.7231913809740242, 52.02635020339524, 63.503810476240886, 43.81786773950109, 0.0, 56.6564307191895, 61.38713657639016, 57.27260428706678, 26.35168585327653], [39.30158228461432, 7.360490825133105, 33.08824428455319, 47.93212804544301, 29.619892065806567, 36.700425183505295, 52.059649517504326, 24.56937226419981, 48.71641255947536, 45.142620220127874, 28.31840717794976, 24.401078303226473, 43.205248350538895, 69.07438215311504, 32.63886240313126, 39.57137801947443, 58.126828555597136, 37.263120945090186, 47.57911137456119, 27.895624371111943, 48.24929724560684, 25.896990096141145, 38.135281793694524, 48.978598154090065, 31.06874892553014, 23.800725830160324, 70.64716469158489, 57.29074212503648, 43.31629230864569, 38.36022924664517, 50.32360370098464, 51.09188502597036, 76.34625356441327, 76.48096537729069, 33.59131653447119, 68.09274787259002, 53.81346474156503, 63.06640113228994, 36.00048581853178, 58.33937788968563, 56.6564307191895, 0.0, 71.49916068132116, 17.339369345350676, 48.190806475894014], [51.95267736443498, 69.04681490898638, 68.73327456221988, 108.8707257008647, 81.83339719090115, 92.62011404899886, 23.307790756094256, 94.87923169559583, 101.40122566371366, 26.552488346142066, 83.72750054641699, 82.8464101607969, 82.10265974207599, 8.19849158336927, 71.36470726086426, 62.16311911289274, 24.60490955754596, 94.78934493670344, 61.523927320130866, 76.3675538323214, 69.77444711861638, 63.00852295659755, 57.110381234264686, 24.595546028971306, 77.2984319273948, 78.89375730049704, 18.82264097155515, 40.21650045864144, 92.52577537680635, 73.7196176079402, 53.581329075552986, 45.29924467699973, 53.31385263750094, 35.805084410996024, 87.33742660161283, 11.292268029778183, 62.96004718008932, 10.026677872221985, 101.49691980541242, 18.095098990172353, 61.38713657639016, 71.49916068132116, 0.0, 56.68062904694377, 36.872721371356526], [37.946135299862725, 19.440730265939816, 39.73606109070422, 64.32680566574435, 42.3937740155848, 39.58145305633014, 40.23717804289931, 41.83823095877198, 63.16115697405276, 31.504990312763358, 42.1243043745573, 38.89754308519813, 37.75815750679225, 55.52082944652774, 24.997644739740153, 26.683337562574998, 41.092366412097775, 52.44989564427777, 49.377023910478655, 24.903704298546344, 36.86779248333176, 30.698496185522874, 23.6363039166614, 36.65927386694558, 41.72099478191252, 36.88161883201264, 59.07772757620915, 40.121987399589415, 42.956939148229964, 30.4142493187214, 34.69388262732279, 34.28706756143212, 72.14957892617922, 59.141863558604896, 34.8314881165458, 51.955912581040614, 55.30400522027826, 49.24587287988391, 53.020398673545714, 46.0517749347631, 57.27260428706678, 17.339369345350676, 56.68062904694377, 0.0, 40.983509759117695], [15.676990669454684, 42.77393928259521, 33.26349573382711, 74.82742466811574, 47.86496080510862, 80.3510026019943, 14.528912681398594, 66.95661307167066, 65.78124973323551, 20.358868392431003, 50.35065063433015, 50.56685844271006, 77.53792142407191, 30.190717156586288, 64.71298189112014, 61.47038813939482, 43.03782928453631, 60.72074783699668, 24.7739473211484, 65.84120148324264, 71.83048450948311, 29.80625532591582, 56.5095527000763, 15.710985289698819, 42.585024465632586, 46.3037340961215, 26.037406680369873, 55.16042557853141, 83.90137931692006, 69.41100722474856, 61.09003708704531, 55.04064928040274, 31.77369412129434, 63.56467796107479, 75.75204055474023, 41.46125219127161, 27.058634