instance_id,num_cities,city_coordinates,distance_matrix,best_route,total_distance
507,75,"[[30.068541714615314, 64.25318371125468], [33.240203397457826, 17.330886008556202], [80.03623938988582, 79.15854362263183], [76.71615275032832, 68.75733744126768], [95.52416717749608, 37.89338332291907], [89.17297586647605, 34.67769213360897], [77.77467095431781, 73.65655462381605], [73.53838042820595, 59.8798252427879], [96.16088360377962, 99.05531763846427], [13.579124654947094, 74.03066106878694], [54.263174414474825, 8.737170255117954], [1.8783049748322345, 89.105721618154], [3.624370834746571, 68.05350869539093], [87.66100363745352, 34.977531357790866], [44.23536386364949, 88.47003456898078], [91.3819113103216, 78.13553577247882], [80.76199508161032, 6.157667747694107], [54.47524719694384, 93.69740883686067], [39.57740006186909, 30.30261031152873], [37.10830493924162, 62.414132524176516], [33.65980365101214, 10.954001159175853], [43.8897023183868, 8.68920228996286], [1.9934600999473973, 75.26758795849011], [7.394463121910732, 61.94906079095335], [54.13375175351256, 81.27942962020902], [76.57136295810645, 53.41597557848991], [2.3201286498787277, 82.02246910945587], [3.4411682680935862, 56.1695099096425], [93.22621644070792, 41.26959621139825], [26.797383108801974, 98.39118083116483], [92.67665855126343, 11.799793097468669], [18.628245230050478, 91.5606710708768], [3.6794330666577, 37.660948352114474], [54.00094558334191, 28.948179111650198], [38.193125254765214, 45.03360439905043], [52.131714156659456, 26.76587268852121], [63.0995652672454, 6.047164681368566], [19.792662590732313, 12.867767174162314], [76.81058179187171, 15.10775065831017], [8.924322223248682, 73.41572479883638], [82.16799111148758, 70.00912652453884], [66.65451636052035, 26.79172829606211], [2.025708854797581, 44.06202743403076], [67.75746465122602, 91.33325238279427], [26.39285174523519, 96.04675287379142], [1.6326758835936483, 10.52112828276497], [39.85990449382019, 86.93254092486451], [63.50903591909389, 86.14071345675067], [32.47529127949238, 59.02179510533158], [74.77087905718611, 88.01163464215306], [8.876260392485424, 21.354088515109627], [64.2088309450105, 43.276818090828314], [88.21600784535117, 97.69421982289576], [92.13117485338927, 75.4555468429671], [23.579515388080907, 36.90564400553659], [2.152386018863417, 44.3741466122686], [56.5846500569971, 60.80380687877075], [50.14503913082672, 42.7568572285772], [27.11227432079135, 51.620657691829166], [0.21376828016889116, 33.514358408436905], [72.12459013434083, 84.58124949743649], [55.05223803532011, 94.55401287458095], [6.777839889338, 58.711877809957016], [35.99161054042561, 31.602119810567718], [19.281515223695735, 83.87845863128166], [12.193547047686026, 88.30149568650167], [44.12762373468294, 63.72202297252703], [64.14059530943025, 86.23954525912669], [67.63910556425226, 7.567517158085712], [12.876983833817967, 94.46163467265842], [57.30103274830566, 63.88362794025399], [84.90055427161532, 81.4373614685967], [65.1793416323305, 10.516524038913722], [16.19930196939491, 60.835214275547344], [59.362399958181825, 11.89448057320699]]","[[0.0, 47.029368053707394, 52.14346138352269, 46.86456034321419, 70.56399918690707, 66.09117821972184, 48.624049106942984, 43.68927948684086, 74.69528888947158, 19.17028790719465, 60.55912814384852, 37.5810868371164, 26.715850042788237, 64.60615675811741, 28.05627764454356, 62.865324225135865, 77.10327612588209, 38.24460309309658, 35.257053496262515, 7.276013711332227, 53.420033910655995, 57.257143762336824, 30.158370456504812, 22.790849533529943, 29.47927041106047, 47.74890013096588, 32.95029485716281, 27.8273749892332, 67.20965087820701, 34.294362889305596, 81.6770131720902, 29.607081071099664, 37.463742960756306, 42.65211958055465, 20.86626671541855, 43.49806968041835, 66.92525060275732, 52.40281218082804, 67.82397732767737, 23.044092021182166, 52.41644307969639, 52.363099436676464, 34.55550993134021, 46.408889572764835, 32.00533919276609, 60.7925344604924, 24.702712982515, 39.966618708614035, 5.758460750427843, 50.62373904133223, 47.84814684273792, 40.06953036132122, 67.07779598082482, 63.065548216540485, 28.106856647841006, 34.270801928351865, 26.73952509221893, 29.41356491064971, 12.973828676811225, 42.850704519520775, 46.711256323177956, 39.27245001053897, 23.940820006961587, 33.18395272058513, 22.394449227485833, 29.963924028764293, 14.069112231315613, 40.55002996647088, 68.00597077137202, 34.75773542474164, 27.234998427903477, 57.46168781237578, 64.19031752221532, 14.284198478522724, 59.99636593238272], [47.029368053707394, 0.0, 77.54049413466475, 67.34120639767595, 65.59045997670925, 58.56096582887898, 71.80459418121575, 58.60337278655434, 103.14017026773678, 60.011853072538685, 22.711610705390967, 78.32749006227554, 58.73569605115401, 57.210380096999714, 71.98383159834896, 84.12885136466598, 48.8176350428495, 79.26394447699431, 14.436955806393307, 45.24888204061777, 6.390674827828395, 13.71460990181889, 65.82568191470551, 51.563396041218795, 67.27523015908797, 56.389033314471085, 71.70112932511235, 48.95325526633663, 64.58624936471094, 81.31593527716537, 59.69325916752601, 75.65428151720413, 35.87688082098664, 23.790122218095945, 28.141997817276945, 21.116537415403787, 31.92027346782219, 14.1688314083579, 43.627058165981374, 61.129135601691395, 71.89523930309208, 34.727854059566475, 41.09621140035281, 81.65654629879865, 79.01312499195707, 32.33277896846565, 69.91574078627819, 75.1730974197096, 41.69792551031523, 81.97905371592947, 24.69388339565653, 40.40108023056953, 97.36839577834267, 82.74432135281933, 21.82888094829569, 41.2042514001303, 49.34428071041273, 30.5328263292726, 34.83302968246722, 36.778393051820466, 77.6827324525213, 80.24447755459224, 49.11866411969561, 14.534041265183273, 67.99576749702325, 74.02559815067133, 47.651584552974974, 75.5197824415876, 35.75762634167755, 79.77351127085927, 52.40306565850774, 82.33123373513747, 32.657986469462806, 46.722787796139485, 26.681897556481907], [52.14346138352269, 77.54049413466475, 0.0, 10.918244608059299, 44.075949924139124, 45.40953757341249, 5.948661591639531, 20.344315015630663, 25.610266833084033, 66.65465683940498, 74.98947062883927, 78.78838151721622, 77.21460649917941, 44.83412622742874, 36.99197956434619, 11.391699451251316, 73.00448342281544, 29.40651158510908, 63.433586525351274, 46.07800841217943, 82.47807832685754, 79.19911748322363, 78.1397142001323, 74.65248796055215, 25.98917126741806, 25.974702658447825, 77.76886226342215, 79.97062330136842, 40.11917036196582, 56.60627308093114, 68.5345275673984, 62.64786119235742, 86.90461601732461, 56.55897124169345, 53.99405224224103, 59.36037816676849, 75.04748270947873, 89.57541843439229, 64.13196508994577, 71.34342808666824, 9.394477028415594, 54.04955003218535, 85.54185129480581, 17.291380583328976, 56.23899580989341, 104.20275214706463, 40.92154591087613, 17.941548153864428, 51.6481599479452, 10.300545618223099, 91.67931959383216, 39.21740793602492, 20.26030365483343, 12.649096766825712, 70.51715543800886, 85.29858668989472, 29.78041979514231, 47.10166265917029, 59.65971203561605, 91.95117475013205, 9.591659551266744, 29.34656363482192, 76.05826214315621, 64.81930866863176, 60.937788819407615, 68.45600394911024, 39.08599299050995, 17.401496628410012, 72.65647938992096, 68.88069542717055, 27.39001040779472, 5.371645003507127, 70.2314335857527, 66.41459912993076, 70.36946649481492], [46.86456034321419, 67.34120639767595, 10.918244608059299, 0.0, 36.14311926926173, 36.28490962428894, 5.012263938576492, 9.429128261159896, 36.00090501630311, 63.35686433842438, 64.08242118712175, 77.55488507037117, 73.0951705552322, 35.50866175989603, 37.9946321833749, 17.407902747877113, 62.73027567223109, 33.41653843610742, 53.460761216776724, 40.11256482508212, 72.07686787800077, 68.45258730330166, 75.00576083688696, 69.65521720507283, 25.821843995324752, 15.34204510124461, 75.56938613042351, 74.34834734436052, 32.06490481789482, 58.05211655556345, 59.151497048659, 62.40350170228921, 79.38102944995792, 45.83393637417218, 45.242006552343604, 48.65878885717383, 64.17146735318465, 79.77423015354853, 53.64966988552656, 67.95169504129711, 5.593703373008311, 43.154940363403, 78.66715163055645, 24.28847520747321, 57.24636948050131, 95.02096903079003, 41.09405136045251, 21.83139245878616, 45.29938860797682, 19.35231382654936, 82.76061263595754, 28.384678351355216, 31.13823741278078, 16.807406570523366, 61.951857154493624, 78.44931678598417, 21.64569354629634, 37.175920301600776, 52.480573054103544, 84.2299376749659, 16.476608874944453, 33.68669862409876, 70.65606035610857, 55.12711252542459, 59.39179988734776, 67.4176591715657, 32.97524245858808, 21.53537172040774, 61.859412314589264, 68.81969474002645, 20.01749057682335, 15.091965995034787, 59.3724713696522, 61.03318166288403, 59.45197412339214], [70.56399918690707, 65.59045997670925, 44.075949924139124, 36.14311926926173, 0.0, 7.118869355043885, 39.92554367411822, 31.093061079299137, 61.16524844244945, 89.55943745303651, 50.52280954425545, 106.7344888091281, 96.72231247402048, 8.386389779875289, 72.03151391323243, 40.454778672522096, 35.00110524055097, 69.27555914700672, 56.45937110525279, 63.35361159736429, 67.47540133931152, 59.3211779307548, 100.72151874633222, 91.35381959924362, 59.96261754026853, 24.498156218605953, 103.12307700128572, 93.87915365597924, 4.084041020489169, 91.56065941098073, 26.24850007581748, 93.7718539134731, 91.84502822638933, 42.47581205743492, 57.773965806078735, 44.796500667844036, 45.44817323945673, 79.75927689366259, 29.485307085250888, 93.60218955789104, 34.782300103624614, 30.930623702561288, 93.70172825989359, 60.22299705526934, 90.3379940197649, 97.80006382092088, 74.18456118644711, 57.90313890054369, 66.49489105524619, 54.24516644921, 88.21228952341917, 31.774701466008427, 60.245740421385484, 37.71509678123966, 71.9514318833149, 93.59641985433082, 45.17934817022217, 45.63900350256381, 69.77553400610118, 95.41094275380202, 52.22352969426909, 69.63048175677066, 91.15547334002332, 59.86405679811423, 89.03689756535834, 97.39081087699329, 57.52150297078718, 57.63922238510911, 41.197509874042005, 100.15250359032885, 46.222297875169176, 44.821191237240086, 40.86931442565147, 82.57579456319142, 44.53780812537655], [66.09117821972184, 58.56096582887898, 45.40953757341249, 36.28490962428894, 7.118869355043885, 0.0, 40.611243220332504, 29.657850356543864, 64.7557682387327, 85.22374378659893, 43.492584571931545, 102.87259090569708, 91.82869352245282, 1.5414160962223558, 70.0928318531994, 43.513946839324255, 29.73443103098761, 68.46356209369014, 49.78817610979953, 58.991864560299476, 60.36990809065518, 52.21088457002406, 96.1655219523147, 86.2058739017117, 58.304966882834826, 22.58149495390167, 98.91888078886801, 88.38462007274964, 7.738343396578779, 89.1634634471137, 23.14463343117597, 90.62136786290249, 85.54557661346158, 35.635642742996794, 52.021054268842676, 37.87679970624226, 38.72376327876159, 72.72757865471004, 23.14760023420209, 89.10937990089985, 36.01916250467524, 23.859368058866597, 87.65108040769105, 60.56795049991015, 87.79240058689939, 90.81213409106155, 71.84948316029582, 57.50722021910793, 61.70302089057649, 55.24427405631144, 81.39460012368079, 26.40366449733933, 63.02379352124168, 40.88501407537601, 65.63128695275151, 87.55914736270073, 41.76808411624972, 39.8553980594047, 64.33191088604151, 88.96681381132974, 52.73530594996577, 68.91588014106928, 85.82890255511977, 53.270223981668195, 85.47240311784746, 93.81548256416096, 53.59717252390992, 57.31705482742659, 34.621801764155535, 96.92883051889048, 43.229705579262955, 46.954448805215726, 34.0507933455607, 77.52014606954465, 37.51993023701145], [48.624049106942984, 71.80459418121575, 5.948661591639531, 5.012263938576492, 39.92554367411822, 40.611243220332504, 0.0, 14.413342078078536, 31.355222503842835, 64.19663636287198, 69.04575972754454, 77.45279291097873, 74.36169128992782, 39.922505115978815, 36.66502840866146, 14.325441083475736, 67.56496011215438, 30.732702208139642, 57.78058489721284, 42.19176909704792, 76.66636634257769, 73.27310535748467, 75.79833340489736, 71.34731295836819, 24.839510540057656, 20.276315992404577, 75.9169050973064, 76.36272883048646, 35.88405402300111, 56.66114726778696, 63.62647389936779, 61.7969017160746, 82.37589421970668, 50.63624056889901, 48.84641276015242, 53.44433820044513, 69.18372883356797, 84.007082876827, 58.55674097577821, 68.85076992593788, 5.7100782606538, 48.16606466092588, 81.32491191966636, 20.31772786954702, 56.04830347930303, 98.91251423665496, 40.171897241973795, 18.956860624168442, 47.604726499454436, 14.665984047929838, 86.50167015150171, 33.271014516721195, 26.207458180737447, 14.468779395948363, 65.48086986381125, 81.09370751059413, 24.783262703418522, 41.45102958695963, 55.24725501099491, 87.33320983808393, 12.299283367496677, 30.87090408622353, 72.55269385998, 59.28237195838843, 59.379597412450075, 67.19641442507574, 35.083025891886834, 18.553158006626024, 66.86172716078312, 68.1510172295985, 22.686558957959225, 10.550789932868744, 64.38404913479513, 62.896047840508615, 64.44816144986656], [43.68927948684086, 58.60337278655434, 20.344315015630663, 9.429128261159896, 31.093061079299137, 29.657850356543864, 14.413342078078536, 0.0, 45.2382233777205, 61.606481050758404, 54.65441177123416, 77.39069345164735, 70.39018282841498, 28.628180645041674, 40.939795420815145, 25.52768225446412, 54.20563452805014, 38.820510155521525, 45.035095542616745, 36.51812034494847, 63.11922962168577, 59.15677469198238, 73.1810007185719, 66.17627620511608, 28.8874138945125, 7.140051506069604, 74.58107041178276, 70.19533882310975, 27.091539481099023, 60.5627388719082, 51.74904038347408, 63.39399766431243, 73.30723713758739, 36.58521686008208, 38.33663178497381, 39.43068874148145, 54.83542837514532, 71.40543249440589, 44.89149100177464, 66.01664255704799, 13.306875102798916, 33.79659367537352, 73.24114228413488, 31.980260569173364, 59.4200936473771, 87.21646238898053, 43.19825421285303, 28.11088758948577, 41.07205261673662, 28.1587953036462, 75.26899865100046, 19.044693225342687, 40.563051956880955, 24.25479556507159, 54.988191456161736, 73.05057335574874, 16.97889029245678, 28.990419980941148, 47.155033420958674, 77.9207070556558, 24.741850440158444, 39.29423301827943, 66.77075613056728, 47.004133366304536, 59.32741209875684, 67.60902257313609, 29.660665749103156, 27.984874566066104, 52.643888734299196, 69.82625996160404, 16.723692646009738, 24.368552738620217, 50.06604673164596, 57.34703729670441, 50.03550464764978], [74.69528888947158, 103.14017026773678, 25.610266833084033, 36.00090501630311, 61.16524844244945, 64.7557682387327, 31.355222503842835, 45.2382233777205, 0.0, 86.29009414477062, 99.56297395152187, 94.80611316730067, 97.59158956178672, 64.63907992904609, 52.9934695782767, 21.45870102084591, 94.16527556879079, 42.028555404263116, 89.04282887757394, 69.49664375716968, 108.01956748962648, 104.39497687220904, 97.12548446560058, 96.209935570072, 45.631809151043775, 49.66587221417339, 95.37402801250569, 102.157418313523, 57.860192466016635, 69.36667988750487, 87.32506162116846, 77.8940289134187, 111.00489752041945, 81.80752560923139, 79.23765840388766, 84.64237480939478, 98.70950960591469, 115.15380599760582, 86.14887220445424, 90.9263788043989, 32.24100275313291, 78.0554421711992, 109.02152582187807, 29.434410135199027, 69.83286999227586, 129.51403298353986, 57.59133584132152, 35.11310522289721, 75.22325169856829, 24.07270713123692, 116.85925918136593, 64.28199344213262, 8.06062268564963, 23.941339440661505, 95.55436643472797, 108.75489912169134, 55.04049724655859, 72.71158495784982, 83.77205624889295, 116.19581006092417, 28.05783406287986, 41.354352673577, 98.0659045787789, 90.38957527382131, 78.36309291908113, 84.6531647069311, 62.8959604788328, 34.489750421425775, 95.8306290247206, 83.4104902520262, 52.41312588213827, 20.909026669650945, 93.80284598556953, 88.62635521414849, 94.61046409637602], [19.17028790719465, 60.011853072538685, 66.65465683940498, 63.35686433842438, 89.55943745303651, 85.22374378659893, 64.19663636287198, 61.606481050758404, 86.29009414477062, 0.0, 76.9313450257462, 19.083150467196095, 11.611351089153684, 83.74527887470798, 33.88658303074068, 77.9109979892103, 95.50016388012605, 45.37922219191342, 50.87290779151036, 26.240542301533768, 66.1959114620816, 72.02942005622546, 11.651506825790692, 13.572586472429213, 41.19735943741767, 66.27961484729585, 13.807026718343309, 20.53774282708669, 86.12169645634854, 27.715650446022547, 100.6434339484825, 18.242666177269772, 37.69296879573875, 60.55042350456995, 38.035224740176794, 60.993953617705785, 84.10725188409315, 61.47770037374978, 86.42989380358978, 4.69524571180744, 68.70666155391139, 71.05289560747015, 32.118536993228446, 56.874178595668155, 25.47351370170139, 64.62335795163673, 29.276917405355004, 51.37751850454437, 24.131538919255608, 62.76861021946479, 52.8860872845966, 59.23821416054861, 78.29832913470877, 78.56497241040718, 38.448338153449214, 31.78174327451294, 44.99360940033948, 48.11566177548907, 26.179274077663027, 42.66384338394646, 59.488540445951756, 46.2733951942762, 16.760745657455526, 47.984379092233596, 11.379647403607477, 14.337940786316155, 32.240949356746356, 52.01460533270717, 85.67281385835895, 20.443035100854985, 44.88393397013723, 71.70498959889682, 81.83292732612318, 13.453071962654631, 77.181689694325], [60.55912814384852, 22.711610705390967, 74.98947062883927, 64.08242118712175, 50.52280954425545, 43.492584571931545, 69.04575972754454, 54.65441177123416, 99.56297395152187, 76.9313450257462, 0.0, 95.9337197986264, 77.99177157846401, 42.473186219142065, 80.3609770730552, 78.70154868377315, 26.624074254982336, 84.96050326317345, 26.090997933430966, 56.3516266415285, 20.722288147641784, 10.373582999812454, 84.60744361052099, 70.90967065657162, 72.5423748164982, 49.93847135447768, 89.82658310028577, 69.51764634857106, 50.759012820767765, 93.76679211968755, 38.53537883817672, 90.16418615701548, 58.269201368709005, 20.212709936045247, 39.69480585114772, 18.154262151430082, 9.236770717611774, 34.71711417008031, 23.430106148198053, 78.9868782512805, 67.32704820483153, 21.89777206196212, 63.0602754736217, 83.6911503794489, 91.64997601055059, 52.660724281512614, 79.51081799721528, 77.95379692567656, 54.80196481724332, 81.88410501168084, 47.10794615368801, 35.9430571381773, 95.21634085486016, 76.71588643664153, 41.65272913838934, 63.13104110572154, 52.118364311040374, 34.268033792246975, 50.75593433906768, 59.45794611535212, 77.91889711509634, 85.82047016051253, 68.93713360849753, 29.268685733676577, 82.88503905150563, 90.00186347032819, 55.911210109760624, 78.12926196245616, 13.426973690708694, 95.19191441741579, 55.230067702972484, 78.89212157742426, 11.060235377969827, 64.52181473168523, 5.997558635837205], [37.5810868371164, 78.32749006227554, 78.78838151721622, 77.55488507037117, 106.7344888091281, 102.87259090569708, 77.45279291097873, 77.39069345164735, 94.80611316730067, 19.083150467196095, 95.9337197986264, 0.0, 21.124497980603255, 101.43240296228892, 42.361828758154665, 90.17339144418881, 114.46840702027315, 52.79698781777783, 69.8500370058657, 44.19947766494558, 84.36678889706714, 90.72912480355667, 13.838612787615787, 27.71122927600281, 52.838267992777645, 82.78170621138757, 7.09701868828102, 32.97327074133402, 103.11515806664084, 26.592860091448916, 119.24993751208395, 16.928888781275763, 51.476293172657435, 79.59710788983274, 57.10619658266726, 80.0728536956539, 103.18317010158505, 78.31442974697902, 105.31166039503566, 17.19948718000567, 82.52947136685242, 89.88320936208866, 45.043935370443016, 65.91680797016197, 25.47824401818166, 78.58497721154427, 38.04371980165021, 61.70201188066042, 42.90941860893085, 72.9007845133542, 68.11207799030214, 77.36525619576267, 86.76382447985374, 91.27928457601372, 56.53132438005831, 44.73241467801452, 61.59368936964422, 66.91707447497107, 45.18720202129652, 55.6162777064644, 70.39184204637742, 53.452324876810586, 30.786217432733363, 66.86091412370149, 18.17129619207373, 10.346545238422102, 49.28830584026476, 62.32822606677351, 104.75190537996609, 12.233427209515348, 60.89197618200042, 83.3756416807722, 100.91225504398763, 31.690890494377882, 96.26004840927345], [26.715850042788237, 58.73569605115401, 77.21460649917941, 73.0951705552322, 96.72231247402048, 91.82869352245282, 74.36169128992782, 70.39018282841498, 97.59158956178672, 11.611351089153684, 77.99177157846401, 21.124497980603255, 0.0, 90.31154925951849, 45.45423284514397, 88.3347789961877, 98.90049646525, 56.95104249501623, 52.13205002102848, 33.95550627975715, 64.51729214201946, 71.73156762879908, 7.39613476345319, 7.17480871324993, 52.212283469568185, 74.40108222058267, 14.029714990922024, 11.885410818314126, 93.51934935586706, 38.17542204706104, 105.33181127331487, 27.88732561249849, 30.392610221385787, 63.773239570009316, 41.532093325092994, 63.699538798846035, 85.91906337227395, 57.5054756136712, 90.32981107243569, 7.539419490951219, 78.56796247371165, 75.3348111215702, 24.04468534292621, 68.22756179598206, 36.083589657943364, 57.56684501274631, 40.85868031984586, 62.556535136976706, 30.231563983391837, 73.89284419720542, 46.99381011474971, 65.45503192395817, 89.6343506044311, 88.81578984804786, 36.99185408819007, 23.725069609208777, 53.45417992756644, 52.95368876808646, 28.665662425191144, 34.70713345020139, 70.4659226868712, 57.85414632116781, 9.85953521612244, 48.7477379762128, 22.261518611493024, 21.98662680268615, 40.734202631739066, 63.1897566902092, 88.07066160044411, 27.982136532827777, 53.83838723155242, 82.37078067566426, 84.25864367084901, 14.499402310877963, 79.12372798467703], [64.60615675811741, 57.210380096999714, 44.83412622742874, 35.50866175989603, 8.386389779875289, 1.5414160962223558, 39.922505115978815, 28.628180645041674, 64.63907992904609, 83.74527887470798, 42.473186219142065, 101.43240296228892, 90.31154925951849, 0.0, 68.90017481518717, 43.31810821086527, 29.634116446389577, 67.44863558060904, 48.310328291191944, 57.51819215896401, 59.1038036270036, 51.05881965285667, 94.6689847660682, 84.6769208598023, 57.165919931306476, 21.516420605594682, 97.44891539521055, 86.84515314388149, 8.4000996224752, 87.89579764350304, 23.71422242196503, 89.25902437919359, 84.02443050865018, 34.195797939428246, 50.47965527512632, 36.465898441018226, 37.95036720304268, 71.37894219368712, 22.639342730577106, 87.61826131083191, 35.45963686414934, 22.545063306217685, 86.11580448135868, 59.76719967025633, 86.50570069572457, 89.43706629520935, 70.59934913619372, 56.577281192719106, 60.19625792038011, 54.57812219993658, 79.9539490148132, 24.877350427112233, 62.71914414036439, 40.72409812774185, 64.11048864762206, 86.02336929743535, 40.40713129069065, 38.31403794781186, 62.79444462715777, 87.45947545413276, 51.97989032132629, 67.91677807445896, 84.2935666549703, 51.77952863949538, 84.06577855426352, 92.40553108909695, 52.16704864134626, 56.400387207338326, 33.94385483238016, 95.55630887159879, 41.920045944924624, 46.54176505705706, 33.222974062638535, 75.99601681121088, 36.519011538103925], [28.05627764454356, 71.98383159834896, 36.99197956434619, 37.9946321833749, 72.03151391323243, 70.0928318531994, 36.66502840866146, 40.939795420815145, 52.9934695782767, 33.88658303074068, 80.3609770730552, 42.361828758154665, 45.45423284514397, 68.90017481518717, 0.0, 48.26591759737097, 90.0528762442098, 11.496984492290677, 58.353627749482015, 27.01305240583553, 78.23412241088354, 79.78158108884945, 44.257011083948335, 45.3939865796943, 12.234495590235378, 47.69071072174889, 42.408230844738, 52.033549634413696, 68.02929528794944, 20.062709586745278, 90.69115148851199, 25.792955602297027, 65.01035890535708, 60.31764139459819, 43.85467037059938, 62.20736243661097, 84.55405120457375, 79.45532380372444, 80.26935606855838, 38.386220240935224, 42.186364334329284, 65.62645703810247, 61.26765928011343, 23.695722012849643, 19.384578895766957, 88.83141907198853, 4.637729121318422, 19.413916950082466, 31.709590263721, 30.53895575535649, 75.86050627955649, 49.410183190222675, 44.93754152870109, 49.6325054891997, 55.54773128062983, 60.95428089130139, 30.297277502966335, 46.093587887239515, 40.633444005241465, 70.41326025670227, 28.15904102256478, 12.41046167025097, 47.8394606572937, 57.462328510288366, 25.372763577059935, 32.04226006733399, 24.748246117929227, 20.029810819662597, 84.21966782770349, 31.925652223529067, 27.84246925681293, 41.26882845263459, 80.71802778026903, 39.36628073858177, 78.05538220241415], [62.865324225135865, 84.12885136466598, 11.391699451251316, 17.407902747877113, 40.454778672522096, 43.513946839324255, 14.325441083475736, 25.52768225446412, 21.45870102084591, 77.9109979892103, 78.70154868377315, 90.17339144418881, 88.3347789961877, 43.31810821086527, 48.26591759737097, 0.0, 72.75710347518083, 40.053386239488155, 70.51025559338052, 56.504750849983076, 88.57313534944632, 84.13265209832879, 89.43444713561554, 85.53299612154686, 37.38060270909634, 28.816817983211532, 89.14656124283239, 90.64259803771054, 36.91204357842051, 67.6864272934859, 66.34837697082793, 73.98195851624828, 96.59149505483936, 61.77971069826397, 62.648103105480466, 64.64843588178034, 77.43787409446315, 96.87570464279784, 64.69022600310706, 82.59255785892263, 12.285554635240766, 56.987986691747594, 95.63228998493598, 27.06093501109392, 67.41208764906114, 112.36829339216338, 52.26762368857722, 28.999656072644573, 61.93000053082067, 19.325209478768617, 100.15645354153291, 44.198489736060765, 19.813254819275553, 2.782756999681378, 79.35407278716104, 95.40303759192437, 38.87464748621026, 54.33351196693182, 69.5242763241568, 101.50211708589958, 20.30742830343086, 39.86742468006442, 86.80511154103732, 72.34254778803262, 72.32875139811618, 79.83823504791035, 49.40361368883386, 28.421193979495257, 74.45512793526659, 80.18456923491914, 36.94080616902004, 7.273928923953807, 72.51831082943114, 77.14742945301279, 73.5739525996992], [77.10327612588209, 48.8176350428495, 73.00448342281544, 62.73027567223109, 35.00110524055097, 29.73443103098761, 67.56496011215438, 54.20563452805014, 94.16527556879079, 95.50016388012605, 26.624074254982336, 114.46840702027315, 98.90049646525, 29.634116446389577, 90.0528762442098, 72.75710347518083, 0.0, 91.40130953279792, 47.7404348362158, 71.20698345101795, 47.345762764568626, 36.959094154964966, 104.78865957106258, 92.17089716154973, 79.70158373314308, 47.443746233036855, 109.12650683932475, 92.08525731927716, 37.25861423253503, 106.86065824752595, 13.183049118381337, 105.61380519248307, 83.27171221747435, 35.15055018743496, 57.649346300328105, 35.275928006570375, 17.662775486175274, 61.337467658001025, 9.783539803835042, 98.40882826250753, 63.8669367730059, 24.995707843142256, 87.38502876363756, 86.16262548022723, 105.05261239939763, 79.24953592660799, 90.54038409041434, 81.82268756744972, 71.59763770794387, 82.07292712933598, 73.4744176971522, 40.64281689461762, 91.8395485185882, 70.22431413539118, 64.9251417237864, 87.40692131521605, 59.75570712804072, 47.71685930936578, 70.32194531136334, 85.06706392467075, 78.8978005947038, 92.05924961225223, 90.75020779470806, 51.49570343966013, 99.09778372461105, 107.0011239857853, 68.23292575022211, 81.78861801095992, 13.198405382650119, 111.38206914399682, 62.31134113271635, 75.39336813594467, 16.180813227024686, 84.60481922566623, 22.155218185376416], [38.24460309309658, 79.26394447699431, 29.40651158510908, 33.41653843610742, 69.27555914700672, 68.46356209369014, 30.732702208139642, 38.820510155521525, 42.028555404263116, 45.37922219191342, 84.96050326317345, 52.79698781777783, 56.95104249501623, 67.44863558060904, 11.496984492290677, 40.053386239488155, 91.40130953279792, 0.0, 65.1217807598002, 35.780638063596754, 85.32147563262969, 85.66474736258775, 55.62370245231151, 56.785190259115616, 12.422673905527622, 45.94379389078874, 53.445866147878554, 63.34682636097582, 65.19442578949328, 28.0730414457744, 90.36906159332987, 35.910627929556426, 75.63266249985584, 64.75096688103388, 51.3154300118533, 66.9725516781866, 88.07351567125676, 87.95631100885964, 81.70190661232327, 49.862144692917646, 36.4420469296767, 68.00518131720727, 72.21236154086546, 13.490979810308142, 28.18049594506826, 98.54253391211402, 16.105020341387497, 11.777647632028275, 41.06575517420831, 21.07701830904182, 85.51504892572214, 51.351520169898684, 33.9766600358423, 41.84177836411486, 64.65176561132421, 71.90595245413655, 32.96116851999119, 51.124265276403314, 50.19148604636017, 81.03275666732442, 19.864633578891304, 1.0328063250236346, 59.15259964787761, 64.78788268888746, 36.537796229992665, 42.62461784272049, 31.711150547282664, 12.208140041776876, 87.13004882193091, 41.60528278904112, 29.947397137867508, 32.80256197403079, 83.86678265827895, 50.447713669183635, 81.94878482698903], [35.257053496262515, 14.436955806393307, 63.433586525351274, 53.460761216776724, 56.45937110525279, 49.78817610979953, 57.78058489721284, 45.035095542616745, 89.04282887757394, 50.87290779151036, 26.090997933430966, 69.8500370058657, 52.13205002102848, 48.310328291191944, 58.353627749482015, 70.51025559338052, 47.7404348362158, 65.1217807598002, 0.0, 32.20630822584226, 20.233304806983476, 22.039404643915763, 58.60376914374255, 45.135786888321896, 53.014370517819515, 43.62087739525827, 63.74204316731803, 44.44011412082973, 54.75828958777202, 69.27757406786226, 56.230645532311236, 64.74115457854832, 36.64436072724994, 14.486999319569355, 14.795891441484077, 13.042979544745476, 33.78785134729155, 26.370619864280336, 40.2143454704961, 52.89945010844837, 58.2285658051946, 27.303782147849265, 39.993137812157904, 67.2224316124555, 67.05314754402491, 42.791460879709454, 56.63063526065461, 60.75044820953383, 29.584312132907687, 67.59373087044693, 31.978680700429017, 27.83949451501249, 83.1104277431417, 69.28698955972847, 17.307003437915817, 39.982994009731335, 34.92233589596088, 16.33350120955611, 24.694908460037126, 39.494440531336444, 63.288942584685074, 66.08867786258062, 43.39236830721207, 3.8140020228346003, 57.291312295544145, 64.13849164613737, 33.72775827235971, 61.09248114213087, 36.115699860285325, 69.49311213151422, 37.971198303246624, 68.32972327922676, 32.35658545280519, 38.454848527135695, 27.024164397072116], [7.276013711332227, 45.24888204061777, 46.07800841217943, 40.11256482508212, 63.35361159736429, 58.991864560299476, 42.19176909704792, 36.51812034494847, 69.49664375716968, 26.240542301533768, 56.3516266415285, 44.19947766494558, 33.95550627975715, 57.51819215896401, 27.01305240583553, 56.504750849983076, 71.20698345101795, 35.780638063596754, 32.20630822584226, 0.0, 51.57554925774466, 54.151227863133464, 37.393363645031904, 29.717481172912432, 25.41191204429806, 40.475916007170234, 39.93374604493542, 34.24136976278418, 59.96925384869151, 37.425434050613326, 75.1641755010503, 34.51135054021437, 41.59578826431415, 37.48774927546452, 17.414350203934443, 38.684638473487, 62.0707715211452, 52.4849863231246, 61.75892285752768, 30.255113853913098, 45.69528697586692, 46.28103599037174, 39.59278102462622, 42.138895149823604, 35.29835815918742, 62.86019524383528, 24.672325602011753, 35.49576367709988, 5.7421919799601415, 45.53791391653196, 49.82946471031508, 33.176427075714365, 62.10218881927118, 56.54727845815014, 28.87405640406592, 39.33646348198947, 19.54280347929051, 23.58738880056508, 14.71121093185435, 46.865806076802244, 41.44298859603051, 36.80973572161112, 30.555585415965858, 30.832241790760808, 27.901823001274455, 35.92910703444967, 7.140127014060906, 36.03324873847651, 62.77165764833726, 40.177099403405194, 20.246127361765282, 51.43911289786791, 59.00292253367085, 20.968533282728977, 55.2039851673692], [53.420033910655995, 6.390674827828395, 82.47807832685754, 72.07686787800077, 67.47540133931152, 60.36990809065518, 76.66636634257769, 63.11922962168577, 108.01956748962648, 66.1959114620816, 20.722288147641784, 84.36678889706714, 64.51729214201946, 59.1038036270036, 78.23412241088354, 88.57313534944632, 47.345762764568626, 85.32147563262969, 20.233304806983476, 51.57554925774466, 0.0, 10.47760185647185, 71.68678233040586, 57.36169645293103, 73.24512570220475, 60.36904168323987, 77.67176041507393, 54.38389610876829, 66.8370618444794, 87.70606139081741, 59.022915264498714, 81.99623761378749, 40.15076149641046, 27.157917727552277, 34.37979583636768, 24.315154924227112, 29.84588092585946, 13.998574982683627, 43.350239780919814, 67.18118011393189, 76.42350477843428, 36.59897085500418, 45.791455069612844, 87.31251063252658, 85.40248816261787, 32.03005294965465, 76.23109441289245, 80.89510722603796, 48.08238642588748, 87.33841880323327, 26.877236343387665, 44.47479694171269, 102.47070288587054, 87.05946614748099, 27.84061741213466, 45.93063779170187, 54.86849472164657, 35.82156673005796, 41.19037622885831, 40.34361165342022, 83.06931742269207, 86.29367420444439, 54.80378415652691, 20.77936782511616, 74.32840423216464, 80.27101022295993, 53.796276668542845, 81.2218678100272, 34.14763875293229, 86.0549269628188, 57.96941524989658, 87.14079759028195, 31.52257382871081, 52.84888400841241, 25.719797014314654], [57.257143762336824, 13.71460990181889, 79.19911748322363, 68.45258730330166, 59.3211779307548, 52.21088457002406, 73.27310535748467, 59.15677469198238, 104.39497687220904, 72.02942005622546, 10.373582999812454, 90.72912480355667, 71.73156762879908, 51.05881965285667, 79.78158108884945, 84.13265209832879, 36.959094154964966, 85.66474736258775, 22.039404643915763, 54.151227863133464, 10.47760185647185, 0.0, 78.66369270669473, 64.56403806728272, 73.30949224136064, 55.39472168874123, 84.29589241119922, 62.3735802922771, 59.12337688104338, 91.31589308640967, 48.88601920427106, 86.63614460565434, 49.56034526903892, 22.64207106747889, 36.78813062536378, 19.866976917496586, 19.390698730039542, 24.456649977615978, 33.540752353883384, 73.5669798298747, 72.28665506898326, 29.08501686735664, 54.80721400867083, 86.02156180007037, 89.09254415485822, 42.29671660961299, 78.34704404917122, 79.89777739683934, 51.61064501517628, 85.12165030731458, 37.23359314643673, 40.114463163970626, 99.4319591867096, 82.37101697390821, 34.765949954407084, 54.9128293131261, 53.63854686262337, 34.63718163554246, 46.093296184336126, 50.238188566242826, 80.9741422882695, 86.58734261059266, 62.28610117137905, 24.23595764642155, 79.11376075783447, 85.68992658884093, 55.03333497871626, 80.1508225882282, 23.775877104111196, 91.20690140908854, 56.80042611429937, 83.51158387798351, 21.36791629738394, 59.0420599021424, 15.801208217271073], [30.158370456504812, 65.82568191470551, 78.1397142001323, 75.00576083688696, 100.72151874633222, 96.1655219523147, 75.79833340489736, 73.1810007185719, 97.12548446560058, 11.651506825790692, 84.60744361052099, 13.838612787615787, 7.39613476345319, 94.6689847660682, 44.257011083948335, 89.43444713561554, 104.78865957106258, 55.62370245231151, 58.60376914374255, 37.393363645031904, 71.68678233040586, 78.66369270669473, 0.0, 14.371986625225894, 52.485733812955466, 77.71329717832583, 6.762775443942134, 19.152870388012136, 97.36159033401162, 33.910693652156375, 110.6869615893465, 23.284772569897235, 37.64441322863591, 69.64385243670975, 47.16470628757694, 69.75859018059738, 92.33321768129146, 64.88874511981405, 96.00420679453757, 7.173997974232715, 80.34679109692416, 80.81436237912413, 31.205577187866357, 67.69793104678271, 32.04846341460739, 64.74746485995472, 39.62245245743866, 62.469119782994255, 34.54081379304804, 73.88479840909649, 54.351065878217604, 69.95828561446046, 89.09142246305201, 90.13791072304208, 44.01813861071256, 30.893850126847767, 56.47476413451172, 58.09924419267363, 34.498291825793316, 41.791141176484075, 70.74687053971398, 56.45529294972442, 17.233160722611824, 55.34028678955878, 19.313827784913652, 16.550665376465904, 43.687387379468774, 63.108242423258275, 94.3008502337332, 22.064961321774376, 56.467000433440994, 83.13634806241988, 90.47185144420014, 20.250909938663174, 85.48301585767985], [22.790849533529943, 51.563396041218795, 74.65248796055215, 69.65521720507283, 91.35381959924362, 86.2058739017117, 71.34731295836819, 66.17627620511608, 96.209935570072, 13.572586472429213, 70.90967065657162, 27.71122927600281, 7.17480871324993, 84.6769208598023, 45.3939865796943, 85.53299612154686, 92.17089716154973, 56.785190259115616, 45.135786888321896, 29.717481172912432, 57.36169645293103, 64.56403806728272, 14.371986625225894, 0.0, 50.57889145546038, 69.70119808288963, 20.704844646975225, 7.002267389273143, 88.28776887585236, 41.28560786815288, 98.9343312881989, 31.670890796174785, 24.57058921054017, 57.10711338387765, 35.13815951526337, 56.914658526580375, 78.91818797760742, 50.623005967310355, 83.74190030172808, 11.568269202418604, 75.20668286553895, 68.90422293298998, 18.67537107241264, 67.1351075752034, 39.033208626231364, 51.74969018502828, 40.965585105969424, 61.10713001698694, 25.251075728854783, 72.24153362181944, 40.62200754797333, 59.80405536910392, 88.37329056735376, 85.80638368173392, 29.818260196509694, 18.340037642884678, 49.20351712258089, 46.860990457669445, 22.25911024845108, 29.32737079917844, 68.5726279844312, 57.74379975437055, 3.2953873616618625, 41.698125465580354, 24.94394710766416, 26.78585506290116, 36.775922605707805, 61.72642184625648, 81.15891344084804, 32.971586157930325, 49.94405111651795, 79.91863380093876, 77.35889102885253, 8.875012179712689, 72.15349929000995], [29.47927041106047, 67.27523015908797, 25.98917126741806, 25.821843995324752, 59.96261754026853, 58.304966882834826, 24.839510540057656, 28.8874138945125, 45.631809151043775, 41.19735943741767, 72.5423748164982, 52.838267992777645, 52.212283469568185, 57.165919931306476, 12.234495590235378, 37.38060270909634, 79.70158373314308, 12.422673905527622, 53.014370517819515, 25.41191204429806, 73.24512570220475, 73.30949224136064, 52.485733812955466, 50.57889145546038, 0.0, 35.774550559070754, 51.81895065328898, 56.57071758690418, 55.93753270140189, 32.25041209326114, 79.45423560611621, 36.96410311713972, 66.69490372052294, 52.331419025938644, 39.59625511504014, 54.55030745911136, 75.76463224876707, 76.54714863087887, 69.9494797494966, 45.88823783901028, 30.21486899274111, 55.907773537617636, 64.03423428309318, 16.931772064990756, 31.426602892216, 88.10845689069532, 15.35253669645024, 10.560683392888036, 31.056258697765863, 21.707455120430783, 75.09518646928018, 39.31546392665326, 37.829162265478345, 38.4411468719925, 53.875729318976056, 63.74999841204336, 20.621785304471754, 38.72852194513608, 40.12235031683356, 72.03378822213445, 18.291317069766684, 13.306320965132338, 52.45833378211586, 52.886410331186894, 34.949010614475135, 42.523995374447274, 20.20854092014747, 11.168691288778962, 74.93891259136998, 43.311562304128024, 17.68178681548626, 30.7672078625388, 71.61978680559136, 43.092788509014404, 69.58167802161182], [47.74890013096588, 56.389033314471085, 25.974702658447825, 15.34204510124461, 24.498156218605953, 22.58149495390167, 20.276315992404577, 7.140051506069604, 49.66587221417339, 66.27961484729585, 49.93847135447768, 82.78170621138757, 74.40108222058267, 21.516420605594682, 47.69071072174889, 28.816817983211532, 47.443746233036855, 45.94379389078874, 43.62087739525827, 40.475916007170234, 60.36904168323987, 55.39472168874123, 77.71329717832583, 69.70119808288963, 35.774550559070754, 0.0, 79.57120879082164, 73.1820150495463, 20.61355564322255, 67.08366535572729, 44.623841054268524, 69.37162738652073, 74.57515890833697, 33.28808802580537, 39.282989649517006, 36.15970710036224, 49.24726976016773, 69.77089665619064, 38.3089718236539, 70.54156284815538, 17.511564893109433, 28.4111666391213, 75.13022621807683, 38.92819908007905, 65.84273809875954, 86.34682822765011, 49.71007277396417, 35.23539210616214, 44.45097018123439, 34.64247924624753, 74.90388183155065, 15.988580685427532, 45.78384723805213, 26.97870359632859, 55.5042967483931, 74.96625107165214, 21.308419554551204, 28.495041586593594, 49.49166207704036, 78.90853332171082, 31.480916234905745, 46.4264025099626, 69.99416006207926, 46.07125578648781, 64.88520268268867, 73