instance_id,num_cities,city_coordinates,distance_matrix,best_route,total_distance
2777,87,"[[35.207850592429246, 20.80471302213479], [3.436021536630429, 64.78805555768832], [78.0156358083108, 80.99391655940916], [20.314894887719436, 89.66146888685329], [2.31815111415965, 18.118025189554242], [77.27282079851891, 72.79722140202513], [44.18159929911869, 89.78466245752716], [49.927269420327704, 69.28783709063143], [44.226580473640034, 39.61699909407393], [15.749491209539546, 44.76835441318201], [69.328455107062, 81.02308435464177], [30.879357044715437, 55.588957477657374], [86.72897454357215, 32.28128934876619], [62.87057473297584, 81.06794477902247], [41.788932203288596, 29.649581569872176], [53.93922593949174, 65.56713193628299], [6.686611202064552, 62.8419194411411], [30.817391242726455, 1.033678507771174], [82.92665159071203, 27.311689098865287], [50.953018071661816, 28.02298075185049], [12.908594557094432, 60.8323693803497], [21.87044967255173, 16.941965643725553], [36.0273837685504, 93.67350318582761], [44.98173031431543, 70.78321157872548], [4.033165601289246, 28.54615591217683], [86.65465371546178, 83.32110659066302], [90.80900523427734, 31.62559646298242], [6.622035599387665, 0.5556508997897502], [29.209020464951685, 76.89515521646626], [47.59067260033033, 66.95449838298109], [76.89262050393071, 15.044221441220884], [82.60498955599772, 17.9629265362404], [95.99601569379944, 15.861200174300416], [96.37265432748268, 98.82051779936127], [38.784050226188235, 93.67257424935099], [95.18406208777662, 16.251116613024774], [86.81112863242038, 88.64620200740177], [71.08661276349747, 9.800735618331313], [49.30244071605658, 92.56083972766115], [15.410309503986808, 25.378548972805305], [28.477582538395662, 19.632269757813226], [66.68542856419732, 35.39370452253171], [74.80788444192085, 93.97497106549442], [63.226108528334365, 34.71142652116771], [37.16419190866389, 11.121782647237488], [81.08474257492439, 24.320412948917713], [72.9703518282493, 37.179452658907366], [89.35763177287018, 71.9685265099904], [18.20675710635442, 13.557789317036528], [47.473430771862915, 79.12301104480301], [70.66766664651242, 69.90345801754465], [87.37689175797249, 67.60678303230854], [70.8076789369079, 32.31443751778961], [75.6242995108483, 28.868909473948147], [49.46488599096354, 8.544804194048883], [20.563852747527477, 53.089409221015046], [15.0051278964926, 16.170478729492878], [25.111163962625362, 85.20611768944202], [94.67164380749556, 32.490968905296505], [94.81917085018796, 17.758815570740506], [30.96729245813703, 39.91212634593831], [55.43578805106934, 2.6632266049554154], [5.4996623683494565, 98.67194835762726], [65.40409955408974, 79.13727650720013], [8.440557283262118, 16.12433066325717], [43.69344202622282, 6.7285083901098774], [41.37295811829793, 90.70971133431888], [89.37349291180792, 29.223260571785104], [25.30026304835441, 92.05899962292862], [65.10506425611543, 90.14202687360778], [75.11858974502823, 91.21189639355704], [64.59173444960336, 2.7418390605854603], [56.06314597610185, 2.231227981784023], [89.0713473282975, 92.9303956153823], [31.982116383751947, 11.559378774479057], [24.959150070177895, 24.75508406342878], [84.36700844012327, 36.48645182099612], [1.6281437105420293, 51.751818158000894], [40.150671746719254, 39.40462121031848], [59.73764449931498, 63.47277739996823], [9.536629060583234, 62.562423758267116], [65.28213451087514, 16.572693991216102], [97.76713048888232, 27.409277907088846], [27.81243454691881, 10.138460393392423], [73.49241104845069, 47.01803780930531], [54.91334234937339, 75.91703278080327], [76.98246146234516, 34.4533994223427]]","[[0.0, 54.25848820369708, 73.85964187254423, 70.44893865656098, 32.99925185940772, 66.87811784187844, 69.56120750792138, 50.668280117567924, 20.862396696514036, 30.868816928939847, 69.21320609814052, 35.052525140625086, 52.783880279589404, 66.30899945452605, 11.02462402059794, 48.52358776346029, 50.79948641351245, 20.25265264279102, 48.16040600303175, 17.3209032087515, 45.8199748282423, 13.885498932589966, 72.87339853847259, 50.92522992377193, 32.12150249158018, 80.96340541500949, 56.64432818868201, 35.03103389354915, 56.41031526639408, 47.782182555127626, 42.08091379507577, 47.48225492079365, 60.988845993904036, 99.13424741725697, 72.9555645831717, 60.14882530516867, 85.2371159308592, 37.52829723863706, 73.1272807543984, 20.319020853678275, 6.831627279587054, 34.694042542883246, 83.19885421694649, 31.27969721891653, 9.878583501227062, 46.011404716099555, 41.15991493865606, 74.49788327536368, 18.481208913644448, 59.59419721247081, 60.564720049825205, 70.08596588026272, 37.41418896785313, 41.21311208327535, 18.803415190545536, 35.450645713942656, 20.727424630378273, 65.18806642340853, 60.601248172714214, 59.68908605563905, 19.572316603227534, 27.17136329401524, 83.34196293794814, 65.68486442167449, 27.173405567287222, 16.436082222473534, 70.17633033888266, 54.815953432523536, 71.93979183964585, 75.50832058117682, 80.93230856712216, 34.49173881210854, 27.927006500596686, 90.0188334192172, 9.791913323549538, 10.983683068929532, 51.59980360476394, 45.665304450576194, 19.245468702324697, 49.216608039006786, 49.01752769020093, 30.37058672935627, 62.90694539144565, 12.979257437401676, 46.39877116593121, 58.52925930305896, 43.94775026988432], [54.25848820369708, 0.0, 76.32004190066806, 30.059658285575765, 46.683416422151375, 74.26991088430431, 47.802013176267465, 46.708502048637804, 47.93174086018698, 23.503403355705743, 67.8630161566051, 28.94408522125632, 89.41144149368202, 61.62386637260052, 52.01594092965246, 50.509213169092966, 3.7886381401707694, 69.38558928196053, 87.88195667684496, 60.079411491700185, 10.26533451776465, 51.274520580435045, 43.549580673184416, 41.976038564361815, 36.246818770055995, 85.25734409601596, 93.45473221532077, 64.3113714186233, 28.475065160712617, 44.20776724821507, 88.71482945060205, 91.97998806874702, 104.69570046607508, 98.97184549523469, 45.648642392592706, 103.7956520625636, 86.72150618647267, 87.17917094959017, 53.619548197413266, 41.18850302680487, 51.6345307774684, 69.7460777543572, 77.1091359790225, 66.92875403498857, 63.385000786810004, 87.56114422044736, 74.81482502236119, 86.22112426015536, 53.317115529244234, 46.31181664509501, 67.42597011914194, 83.9881832050936, 74.78954532193384, 80.63084107379765, 72.67709189909087, 20.741767718773108, 49.975123797858565, 29.777660425280562, 96.78347264581947, 102.77465345217117, 37.10502301173512, 81.01524603407981, 33.94667590147954, 63.60772622123693, 48.920379175147374, 70.6510503940325, 45.94718049460256, 93.00593329862765, 34.95353268401435, 66.67754263187967, 76.39770905904787, 87.1191953790858, 81.74943977256989, 90.14100247594236, 60.40009572105179, 45.45199520958131, 85.73683814581734, 13.160999497571277, 44.63501181042087, 56.316984159882566, 6.493908612531013, 78.41978564755637, 101.46689674378817, 59.839683846671434, 72.27496967975654, 52.66658041007286, 79.55671051895263], [73.85964187254423, 76.32004190066806, 0.0, 58.34811021904814, 98.40470976825776, 8.230284663476404, 34.95739177842969, 30.43006117106764, 53.4204975579843, 72.0372411743069, 8.687229667530865, 53.54662194410451, 49.48577898425446, 15.145241997172755, 62.83800434135318, 28.594740704886448, 73.60247788396865, 92.85103100853176, 53.90639684806029, 59.483655898813836, 68.15727991301466, 85.17590235697051, 43.86097612196169, 34.57596576219927, 90.68722895117153, 8.946979593228237, 50.999032641928686, 107.55166541304257, 48.97841918458599, 33.50796396290865, 65.95925598091489, 63.197847044992024, 67.56896332288588, 25.58843177456331, 41.22942721050256, 66.98048227514491, 11.658394683511212, 71.52957690958758, 30.955472601562665, 83.7406471999348, 78.86235109338776, 46.98673146754033, 13.371516178748504, 48.588054100829005, 80.93797357314087, 56.75654524222964, 44.1039923060015, 14.494776231602483, 90.13730209538559, 30.599453850240636, 13.303793499282659, 16.335496840546284, 49.21022578716218, 52.17983186008673, 77.87181260033283, 63.869937424909075, 90.40133958849464, 53.071892557461844, 51.28312133252517, 65.42963233085386, 62.46006803662216, 81.52022150044101, 74.63966246041035, 12.747468728143602, 95.12494271275506, 81.81298085614424, 37.908870946024365, 53.00190316745592, 53.86414937993301, 15.823109053694338, 10.620733862772093, 79.39514317998436, 81.76474131194448, 16.26985831121009, 83.30810253521636, 77.31621407823613, 44.95836242290433, 81.7933326616805, 56.2443329680379, 25.31946452309411, 70.91610742302392, 65.66761738081003, 57.10897514065879, 86.83810848576879, 34.2756458592682, 23.653556010975056, 46.55198368077067], [70.44893865656098, 30.059658285575765, 58.34811021904814, 0.0, 73.77226526628934, 59.40208891351932, 23.867022355479534, 35.94408989009861, 55.46366075549222, 45.12465665122441, 49.768973996873505, 35.6727332061392, 87.76853069498804, 43.41468119984105, 63.73822164115104, 41.36583991371136, 30.083522876945246, 89.2479000154371, 88.36134402013889, 68.83311566247244, 29.765252610103975, 72.73613890368308, 16.216618822873745, 31.06189577206536, 63.246946080812904, 66.64205725643507, 91.31036130446805, 90.15176756244854, 15.559056350379588, 35.490485475567716, 93.64172495349509, 94.9775598180207, 105.70767100125461, 76.60725127544134, 18.899700133746787, 104.85452788600841, 66.50398385861118, 94.63352500168008, 29.132184340046887, 64.46975066232403, 70.5033204915715, 71.38078622810833, 54.663444929856425, 69.72000725832676, 80.3267148881199, 89.23243793044385, 74.3435213920243, 71.2736958950716, 76.1328725910862, 29.13151498049801, 54.09048546005867, 70.59547147210284, 76.40813600580998, 82.18798890188633, 86.1953320789709, 36.57290702442988, 73.6825573647547, 6.546323497290132, 93.7944144288977, 103.54167610478773, 50.87701501907842, 93.81988753314108, 17.340122689768865, 46.30113392444919, 74.4896676839205, 86.16514610364, 21.08413714743173, 91.77073054840642, 5.531911905254719, 44.792747270381085, 54.82562170615631, 97.54722226042234, 94.4562569690144, 68.83411678935066, 78.96873139008191, 65.07232819752389, 83.24815727981151, 42.26507172525938, 54.02970277525552, 47.328646174740754, 29.163834815084964, 85.81387798643894, 99.3689291549381, 79.87566576118358, 68.16384994328313, 37.2285117971444, 79.11475232526399], [32.99925185940772, 46.683416422151375, 98.40470976825776, 73.77226526628934, 0.0, 92.77939968513105, 82.99792281276655, 69.89261617569002, 47.101192451208455, 29.843608100990533, 91.90988689898572, 47.11489414980389, 85.59080069537305, 87.34579773768789, 41.12078978252231, 70.11528433362439, 44.93673509019922, 33.22772320591744, 81.13109025001275, 49.6332391514497, 44.00764356299644, 19.587636278321988, 82.73416840334586, 67.77759841993601, 10.568215793556142, 106.60247415148983, 89.51584074684598, 18.082046686035497, 64.63644381184572, 66.5928097897069, 74.63779038964893, 80.28698825200799, 93.7050456024157, 123.93200510013929, 83.89428873098502, 92.88467456256105, 110.06037877070422, 69.26960822343389, 88.02985917147602, 14.970631814037642, 26.20322096712174, 66.64529617869512, 104.92396139850635, 63.127808801818176, 35.54144016163634, 79.0104141506961, 73.17835392322938, 102.35110007127592, 16.53008020513527, 75.89866652428415, 85.75189401225863, 98.40795960048249, 69.94536113550548, 74.09030237253569, 48.1088471050016, 39.444940476185195, 12.835587913670057, 70.85431243039355, 93.4652294905113, 92.50171719354915, 35.996612965137366, 55.32028699357832, 80.61672625223842, 87.76779547152559, 6.4388411351462045, 42.91428423011018, 82.4307639626766, 87.76080439695228, 77.43026003516184, 95.5492191515977, 103.16306447772, 64.14379378637614, 56.04386494729829, 114.55569746677821, 30.380366658642497, 23.59375731463083, 84.07980783405132, 33.6408700788398, 43.40989273845611, 73.17138627001644, 45.02678078652315, 62.982944149145816, 95.9001305564144, 26.71389043336824, 76.81787556692647, 78.1471651411743, 76.43038460648626], [66.87811784187844, 74.26991088430431, 8.230284663476404, 59.40208891351932, 92.77939968513105, 0.0, 37.196802200411305, 27.569819702391076, 46.82927665483114, 67.60722940923141, 11.43581075196807, 49.482096018319325, 41.6048025328132, 16.608117199467888, 55.864346169304696, 24.42807488787961, 71.2847881551665, 85.48750215059873, 45.83556971968984, 51.9371219974733, 65.46687180214025, 78.67167420491609, 46.22775375150539, 32.353836870259514, 85.56987723723772, 14.098615121531077, 43.339716071982664, 101.04641486902554, 48.23817952672506, 30.251732742712385, 57.754251416988, 55.0929389040561, 59.9355365399408, 32.280266359151014, 43.785452112201185, 59.315044730073495, 18.497824265677057, 63.29949755683453, 34.24825209085598, 77.94549889901124, 72.16292233684543, 38.8730748626594, 21.320717437521946, 40.5935696546645, 73.57011524402877, 48.62645067685592, 35.876687270125004, 12.113190806302251, 83.65470813910481, 30.463408551333195, 7.211236225303433, 11.35926495964855, 40.995778444962774, 43.95923351568284, 70.01181582653811, 60.0358636014369, 84.16563173316199, 53.617340021091955, 43.9011734743815, 57.76764247037343, 56.79464263229213, 73.45497413660009, 76.29474271579377, 13.455959375481921, 89.16107359897637, 74.1124113612838, 40.12053633780645, 45.22296239775345, 55.427094992660905, 21.18717952258502, 18.540252600101606, 71.19386592954444, 73.6845284537954, 23.33559367531238, 76.16640516698875, 71.02652395502568, 36.997290250245, 78.51768061683865, 49.93114957406045, 19.860203014865128, 68.50505641167707, 57.488903626852235, 49.80042313458844, 79.82762766921252, 26.05489981914276, 22.576082467003804, 38.34492133977694], [69.56120750792138, 47.802013176267465, 34.95739177842969, 23.867022355479534, 82.99792281276655, 37.196802200411305, 0.0, 21.286910890563114, 50.167683528889675, 53.24333536097157, 26.6294875631968, 36.69190493917048, 71.53262933149954, 20.621808113113467, 60.18266203148774, 26.10938647690349, 46.17126307179879, 89.75154154121468, 73.5122539264739, 62.13177479604511, 42.61732159605352, 76.18297629238754, 9.03406404277994, 19.018289753313592, 73.22602960897117, 42.962051928390416, 74.54255121472487, 96.81186564096876, 19.756454992298263, 23.08328773038469, 81.58519738024552, 81.4537824141978, 90.2740938600937, 52.967470269329176, 6.652021805112724, 89.48985179881555, 42.644728435943044, 84.3878445164719, 5.824961549455504, 70.5403045831412, 71.88862457938632, 58.86254018200586, 30.91161639057765, 58.27310398703329, 78.97526616942604, 75.14925114304278, 59.967494279320434, 48.56221381043662, 80.53091714189935, 11.158268920015882, 33.11757922184314, 48.55606683418095, 63.33857333017477, 68.55196830260321, 81.41147148245305, 43.63873923782573, 79.18531763813948, 19.612357739872404, 76.36630091417807, 88.04479696352587, 51.59348566911668, 87.84532628135834, 39.689747988443145, 23.74365904083589, 81.87347900523812, 83.05758861171951, 2.9570560879117327, 75.56448005952917, 19.01781975296726, 20.926516555140065, 30.969894648811024, 89.40372879121, 88.35595644853593, 44.999834613291554, 79.17084305914443, 67.81112460705391, 66.75002895045039, 57.07270650705969, 50.5410420648718, 30.566416825541445, 44.06046121670197, 76.19202657059792, 82.23197523289946, 81.31092828104745, 51.84696586307318, 17.535149322074314, 64.322975892909], [50.668280117567924, 46.708502048637804, 30.43006117106764, 35.94408989009861, 69.89261617569002, 27.569819702391076, 21.286910890563114, 0.0, 30.21351488795779, 42.063351675723226, 22.67425929106849, 23.46235854554608, 52.190517105592924, 17.50143107195852, 40.46509401184242, 5.471694614765872, 43.718467236313984, 70.87889395170467, 53.39434636601268, 41.277603236573015, 37.97205844867244, 59.39086960042922, 28.06897810820489, 5.166672227724463, 61.36899339731361, 39.31708801555601, 55.58561587548084, 81.23704016554774, 22.070730138457016, 3.3021438829707606, 60.57639802582312, 60.844719053352634, 70.54597731549957, 55.039558583055175, 26.810198438438995, 69.72138123677871, 41.65531613885938, 63.13820596350416, 23.281388761258924, 55.85200179832904, 54.090335869515265, 37.81068791274735, 35.04995845568951, 37.0457459027183, 59.54986177213686, 54.70701387683476, 39.521285374765405, 39.52138118810958, 64.12510527327109, 10.13666467934668, 20.749531710994926, 37.48733327377698, 42.462027478125826, 47.8960026010084, 60.744792730826404, 33.535045909431034, 63.56893681568368, 29.482719469381955, 57.93158505986139, 68.34122381685647, 34.963024871464995, 66.85194462297471, 53.265732542753774, 18.345128176439154, 67.43519629686867, 62.8691515088234, 23.066706266053554, 56.224326046421375, 33.541247530727134, 25.79268670731414, 33.39561342481777, 68.14261800378475, 67.33674929995104, 45.72996182877785, 60.45331601381239, 51.054608764196324, 47.560766387419335, 51.38401993164077, 31.441826496261218, 11.404314025683027, 40.946733852181204, 54.90590308829049, 63.58039026577366, 63.148354571992, 32.423137725766885, 8.295008062223635, 44.10693215466632], [20.862396696514036, 47.93174086018698, 53.4204975579843, 55.46366075549222, 47.101192451208455, 46.82927665483114, 50.167683528889675, 30.21351488795779, 0.0, 28.93926527365977, 48.42073942761971, 20.814702204657053, 43.13080267214144, 45.45084619804894, 10.26116665841227, 27.708209550124796, 44.143473108019556, 40.84701927063789, 40.609311229625796, 13.403962999049746, 37.827346962914824, 31.842640065952246, 54.67478816813591, 31.175359691915702, 41.69021669239759, 60.91133236998518, 47.26293275488363, 54.22075910529811, 40.18940199231649, 27.543710411051354, 40.876540617291816, 44.06587275923074, 56.959743725994706, 78.89404062068135, 54.32887207426852, 56.05915979189546, 64.94079211253707, 40.13067283596286, 53.18660186771877, 32.14204309704556, 25.444456028925647, 22.852485085713255, 62.36990675996015, 19.622607078804965, 29.35736181258057, 39.90626092708686, 28.84694133369515, 55.528669329604305, 36.825448025358554, 39.63921060150187, 40.20448522396901, 51.43323214463432, 27.565960913586267, 33.18641576340727, 31.51065122459332, 27.229221767590815, 37.46508518507853, 49.43447059180576, 50.94589994305785, 55.112524782928375, 13.262572102456392, 38.61641666042347, 70.62054388387801, 44.8368112293154, 42.80823432217873, 32.89281163702557, 51.17234022996588, 46.32789120140597, 55.75274801075787, 54.66890813961584, 60.13609285751564, 42.125015417920984, 39.21479522520295, 69.66614215590555, 30.6130194336838, 24.333318572080824, 40.262318407679956, 44.2931219081914, 4.081438020563024, 28.45507451736095, 41.59188913791253, 31.21500205812146, 54.91465152865695, 33.740308689033604, 30.18715311681239, 37.840445624309346, 33.16037546404016], [30.868816928939847, 23.503403355705743, 72.0372411743069, 45.12465665122441, 29.843608100990533, 67.60722940923141, 53.24333536097157, 42.063351675723226, 28.93926527365977, 0.0, 64.69243244352614, 18.60102929596522, 72.06950706289844, 59.481566666913515, 30.11029358134094, 43.48614704937157, 20.21854462738987, 46.25757762747026, 69.40825628679804, 38.98327644759711, 16.31328509697729, 28.49164867912794, 52.94248297076165, 39.131784988962835, 20.010797334553075, 80.7084677741407, 76.20146148314575, 45.14502849570948, 34.83231628288881, 38.808321486633425, 67.98533916106813, 72.02908178520111, 85.29436240451894, 97.06560048682893, 54.05750296559965, 84.39836433462669, 83.51659609157065, 65.45938730281173, 58.394538041854446, 19.39277182986083, 28.174936746647155, 51.7914449959633, 76.8712230523114, 48.53010396300902, 39.88334486516811, 68.46030514907162, 57.72190502557796, 78.47297445163548, 31.30714821423989, 46.76163784161678, 60.396849475185164, 75.180305473685, 56.44912826483219, 61.949858906168636, 49.48609335707692, 9.613429675897088, 28.60756141934416, 41.50727183907312, 79.8713989210424, 83.5555469550414, 15.973866967109142, 57.86055603553352, 54.86944898029619, 60.388764979550295, 29.56181002112265, 47.20057491921312, 52.6039003513953, 75.24721635511477, 48.24543882141844, 67.04284259562603, 75.37700214653951, 64.43440631683971, 58.60544245783244, 87.72500668260038, 36.963957891687414, 22.030633364060286, 69.11550897907003, 15.753768471786145, 24.98373962159265, 47.79971829533516, 18.84750805649467, 56.99542103580042, 83.83454353726026, 36.67075349352235, 57.786727428586154, 50.04045763332486, 62.09569181870847], [69.21320609814052, 67.8630161566051, 8.687229667530865, 49.768973996873505, 91.90988689898572, 11.43581075196807, 26.6294875631968, 22.67425929106849, 48.42073942761971, 64.69243244352614, 0.0, 46.10019470460491, 51.754619668732616, 6.458036186309489, 58.28946826094907, 21.810888095870045, 65.22695275290708, 88.77728925630872, 55.40600082960509, 56.095166174533844, 59.92383195065957, 79.74115659472555, 35.62294834649513, 26.41245923045963, 83.76934314173809, 17.47793078184493, 53.865813312104024, 102.01520913218516, 40.33123894665721, 25.89317090570363, 66.41104538779052, 64.4426091266909, 70.40759857841718, 32.3749494006249, 33.060100788156944, 69.74181111401002, 19.072383079785492, 71.2440459116515, 23.11192444251222, 77.48213176684587, 73.74025973973507, 45.705862787713116, 14.063268297464608, 46.71197153890733, 76.94629170717319, 57.90857656317011, 43.99462980863689, 21.980740107473462, 84.64628781574932, 21.937464923616535, 11.199981134986835, 22.488735107016787, 48.73110279704299, 52.532805124442575, 75.15093128542995, 56.19854668720994, 84.59837076207606, 44.414711572089765, 54.75073920500398, 68.20662939816447, 56.228904205672144, 79.5818666812971, 66.22384150045511, 4.353945078158046, 88.98979903391457, 78.59286172041577, 29.586154770977007, 55.54300392064419, 45.39023156767598, 10.049484710375221, 11.719110456434873, 78.42442149850395, 79.90072000314503, 23.055711975982863, 78.86669391424834, 71.6569821177812, 47.00712418121653, 73.75729921804609, 50.827546825697674, 19.999923057775373, 62.576820402021994, 64.57728337709072, 60.68936067605441, 82.14748856342449, 34.25903851003885, 15.292718479445554, 47.19448450804731], [35.052525140625086, 28.94408522125632, 53.54662194410451, 35.6727332061392, 47.11489414980389, 49.482096018319325, 36.69190493917048, 23.46235854554608, 20.814702204657053, 18.60102929596522, 46.10019470460491, 0.0, 60.51799045222116, 40.8976381112747, 28.14018572479478, 25.126112293210827, 25.25657159336642, 54.55531416134201, 59.23280152520191, 34.10036568531887, 18.720087413465297, 39.68312474909478, 38.430909447305915, 20.730226470614195, 38.10552599724936, 62.289291319903036, 64.5430507742259, 60.14218549899501, 21.371571921010442, 20.209987324833303, 61.32777539118363, 63.9629522700187, 76.27892195079686, 78.47509029506146, 38.895321578648065, 75.3827620518528, 64.97033545271653, 60.93590627433382, 41.307748535467056, 33.94053938651183, 36.036813296427844, 41.10867304571827, 58.33696562603026, 38.49913804726266, 44.909116966004014, 59.14645055438822, 45.940850117722626, 60.72889672031351, 43.90004426130041, 28.796092793351086, 42.28492055892837, 57.76157511475698, 46.216600572616976, 52.115936541695824, 50.582351115616184, 10.614017636719236, 42.494795185643426, 30.17363469061677, 67.84521299630273, 74.29279525079106, 15.677077756054207, 58.34510512613288, 50.0027299757636, 41.790922153689344, 45.39775880299019, 50.51281281962146, 36.65491801861922, 64.16162329749925, 36.894312080564575, 48.63449021838146, 56.798798287625274, 62.68446629969517, 59.002292513896556, 69.14253926027051, 44.04338632461412, 31.39707948752616, 56.79643099843025, 29.501815531925793, 18.65181001184317, 29.915804708877932, 22.45309042807829, 52.01749622799541, 72.5814616621773, 45.55385492814267, 43.466458741040796, 31.477977939424324, 50.716940476062305], [52.783880279589404, 89.41144149368202, 49.48577898425446, 87.76853069498804, 85.59080069537305, 41.6048025328132, 71.53262933149954, 52.190517105592924, 43.13080267214144, 72.06950706289844, 51.754619668732616, 60.51799045222116, 0.0, 54.308019569791135, 45.01703334716727, 46.72381545079276, 85.67807211262921, 64.05090421280308, 6.257362581923954, 36.02849224692298, 79.14930620237834, 66.64775390193428, 79.62195191612201, 56.79111212275247, 82.78011861798511, 51.039871352421336, 4.1323823150289085, 86.16053506102706, 72.79383315135796, 52.28803021467464, 19.84616766135212, 14.900428376689733, 18.854638160872085, 67.2344367312993, 77.89483698901002, 18.12332594525268, 56.364972530020204, 27.387200990347853, 70.95329187728997, 71.65193512897257, 59.608911809838055, 20.28375861720896, 62.8348848409596, 23.628167038661864, 53.892415064624274, 9.758734936945965, 14.604509674597464, 39.77419555843206, 71.0342434038086, 61.115829441001175, 40.90712880056689, 35.3314350218429, 15.921330113903668, 11.617148703208699, 44.1818177891853, 69.35993940959942, 73.51100867668647, 81.22679382863417, 7.945436460793097, 16.623884050155773, 56.28139001725656, 43.08704168947866, 104.9091071360854, 51.480421772829125, 79.93824861159803, 50.04999174598234, 73.96653785119027, 4.042897154366009, 85.7138334318586, 61.76939730188881, 60.063445470916946, 36.91390689572047, 42.93482537391845, 60.69432264390068, 58.53730482538656, 62.2266420552401, 4.823098100981616, 87.29978751740033, 47.119848771458514, 41.248525117951786, 82.91926978870099, 26.584335904726665, 12.065545249213608, 62.94015855814308, 19.80854281237225, 54.0028939667413, 9.985618629522232], [66.30899945452605, 61.62386637260052, 15.145241997172755, 43.41468119984105, 87.34579773768789, 16.608117199467888, 20.621808113113467, 17.50143107195852, 45.45084619804894, 59.481566666913515, 6.458036186309489, 40.8976381112747, 54.308019569791135, 0.0, 55.57232878742458, 17.889778926988086, 59.066282747942275, 86.21421199220664, 57.375789699784114, 54.367236139237384, 53.90434096443938, 76.11275487742479, 29.655640338727935, 20.63459453530233, 78.86937947710118, 23.89056615475164, 56.78997892129106, 98.21470165081567, 33.91920412498668, 20.80059562505743, 67.49629479452423, 66.11876024116728, 73.13832361214234, 37.91494673607142, 27.185241343426657, 72.42501417693573, 25.11135407802001, 71.73923879211905, 17.781476176108832, 73.1695673136551, 70.4075285563134, 45.83327756948248, 17.580975247322048, 46.35788163053251, 74.5203577210686, 59.59897884178407, 45.035599673498474, 28.006492166449746, 80.94737608771274, 15.519497717057115, 13.61765056664882, 27.960015194932115, 49.3953651005351, 53.734502719296785, 73.75173496912163, 50.721368052574306, 80.63982949204474, 37.98549166143029, 58.06057680835533, 70.91374080509138, 52.07322546957346, 78.75643392739627, 60.01102005086374, 3.1853144263983872, 84.73664976852442, 76.77313476388467, 23.560797576026754, 58.22607622484994, 39.14500742957337, 9.345154321266946, 15.903258348322186, 78.34501405824057, 79.13007646683967, 28.76105395212096, 76.06272153426872, 67.88530328382468, 49.49349630499281, 67.8975009672472, 47.45552151747398, 17.871909997141344, 56.45320247103209, 64.540320689817, 64.00798492452513, 79.12057222060874, 35.668187105025865, 9.478894535759435, 48.703810794151465], [11.02462402059794, 52.01594092965246, 62.83800434135318, 63.73822164115104, 41.12078978252231, 55.864346169304696, 60.18266203148774, 40.46509401184242, 10.26116665841227, 30.11029358134094, 58.28946826094907, 28.14018572479478, 45.01703334716727, 55.57232878742458, 0.0, 37.917015470625785, 48.31049816585881, 30.647098053630696, 41.20409806808522, 9.307325073516374, 42.50223709631583, 23.62687979513429, 64.28264135403771, 41.25735664682135, 37.77188716342764, 69.95402465094669, 49.05988376281851, 45.64172891757083, 48.89170081455638, 37.75337084377555, 38.02085581356942, 42.456194408999394, 55.933240224905276, 88.11356955540549, 64.09347008340944, 55.05051097475131, 74.21320229146066, 35.38828579934384, 63.35833972862141, 26.72215288776949, 16.659488762896085, 25.550547539025686, 72.30495792613799, 22.026683888004086, 19.096270727822972, 39.655526108653824, 32.07771638451486, 63.668471629102804, 28.549339050333263, 49.79893320129537, 49.54145609594779, 59.32125419459265, 29.140849665256713, 33.8443722021673, 22.457334985113082, 31.62166216723363, 29.984302335159725, 58.00583297474785, 52.95899044169588, 54.34700108555398, 14.914010595899626, 30.2407015266279, 77.98075546015453, 54.83345766241975, 35.98675481192409, 23.00005985595845, 61.061546666379606, 47.586470424020426, 64.55084563522034, 64.83037831703824, 70.00560462063113, 35.27030475103119, 30.911475091192237, 78.99422894310763, 20.577392295836788, 17.527055442616504, 43.123489780633584, 45.84100560149986, 9.89164777528181, 38.29053210973381, 46.08108330895826, 26.88746070959471, 56.0230099495085, 24.000548666682327, 36.149327006553584, 48.09290158888879, 35.51987004013085], [48.52358776346029, 50.509213169092966, 28.594740704886448, 41.36583991371136, 70.11528433362439, 24.42807488787961, 26.10938647690349, 5.471694614765872, 27.708209550124796, 43.48614704937157, 21.810888095870045, 25.126112293210827, 46.72381545079276, 17.889778926988086, 37.917015470625785, 0.0, 47.33113544663173, 68.55060795612569, 47.9973931851716, 37.66272328960578, 41.302913796719416, 58.24786011724309, 33.32869926615711, 10.365530122061092, 62.138293541565425, 37.2223431636575, 50.113954698581935, 80.40776808393551, 27.20123479273221, 6.498377886642268, 55.49254730973226, 55.56875358946646, 65.11108367063866, 53.910884950235506, 31.931101429707955, 64.29001381445416, 40.1647290791433, 58.343155838392384, 27.389049591663024, 55.67404783475377, 52.51958537573952, 32.755173686655496, 35.24920185879621, 32.22298472958895, 56.971026197020535, 49.37783815262906, 34.176659979419874, 35.99223977840482, 63.10135536260133, 15.018933569150033, 17.281332482518135, 33.49981599922474, 37.286544390915864, 42.62630581800591, 57.197601165763565, 35.63157447913298, 62.89589285838748, 34.881899586387675, 52.470586295810286, 62.90313990262612, 34.43673967890111, 62.92170534947723, 58.67128930962434, 17.76491347218717, 67.19166203639627, 59.72402957609003, 28.10801283869975, 50.75888357346472, 39.01293694413022, 26.992617629521096, 33.259876657563474, 63.722000615761985, 63.371505947511075, 44.53104706213069, 58.300532258540336, 50.05465062276762, 42.08961753061412, 54.10464137905666, 29.573657099067603, 6.16506112854405, 44.50414453537885, 50.29032237331327, 58.111161073444215, 61.27762118000885, 26.95173354047364, 10.395640926436535, 38.71763234381357], [50.79948641351245, 3.7886381401707694, 73.60247788396865, 30.083522876945246, 44.93673509019922, 71.2847881551665, 46.17126307179879, 43.718467236313984, 44.143473108019556, 20.21854462738987, 65.22695275290708, 25.25657159336642, 85.67807211262921, 59.066282747942275, 48.31049816585881, 47.33113544663173, 0.0, 66.35173842973757, 84.11266864532223, 56.319386259025464, 6.53845305229728, 48.34619643056451, 42.56133798418309, 39.109848742176716, 34.398258234842494, 82.54868218045428, 89.72756542995907, 62.28630201588304, 26.54717225547503, 41.110285141628026, 84.93234764319949, 88.19140647505897, 100.91262415326445, 96.63356493122089, 44.50589700040134, 100.01250782495873, 84.17718985691324, 83.43097375937585, 51.95501080898902, 38.465660515721495, 48.39339063897797, 65.979258764196, 74.89842969825075, 63.15092548670957, 60.03212036657858, 83.77940328149705, 71.07810121794606, 83.17326853507524, 50.61263916993263, 43.916267992921675, 64.36956410332097, 80.83084374936072, 71.01717031843019, 76.85421442959398, 69.12421802863715, 16.961405852840898, 47.40697309569947, 28.97622314443335, 93.07280032860321, 98.99411257604848, 33.396510201633326, 77.44648032627133, 35.84968367629053, 60.936705689432976, 46.75050190185358, 67.21770918016965, 44.49445456902194, 89.25992735295733, 34.64254334490889, 64.48264513070605, 74.07962796602891, 83.45671309164955, 78.17735033545902, 87.70724682189558, 57.181828928643235, 42.24325633489529, 82.02959702777474, 12.189275607397605, 40.85523585168536, 53.05478409785671, 2.86368986285537, 74.66107804987384, 97.72989859626904, 56.77988206746921, 68.6542797137495, 49.96775146031508, 75.81170511651555], [20.25265264279102, 69.38558928196053, 92.85103100853176, 89.2479000154371, 33.22772320591744, 85.48750215059873, 89.75154154121468, 70.87889395170467, 40.84701927063789, 46.25757762747026, 88.77728925630872, 54.55531416134201, 64.05090421280308, 86.21421199220664, 30.647098053630696, 68.55060795612569, 66.35173842973757, 0.0, 58.360164964124245, 33.67292537657526, 62.42281977611642, 18.25161261533052, 92.78621200641922, 71.1732103038151, 38.39702014661235, 99.44355535149693, 67.34136316922623, 24.200077378009322, 75.87852466266519, 68.0213015203415, 48.15830213745674, 54.484445283641875, 66.84391134654975, 117.72747536896759, 92.98081877235792, 66.14105183743493, 103.9771749031456, 41.21251620889885, 93.37514816589687, 28.810603701822977, 18.745194084324734, 49.67018712496912, 102.82629699745425, 46.7388025879172, 11.918545373570602, 55.39926543634944, 55.52827275460302, 91.9712586758767, 17.77305389864637, 79.84589851003804, 79.56815304807824, 87.3553395309588, 50.77114332084959, 52.74902000500391, 20.10338452750159, 53.05595302849897, 21.889504176270528, 84.36563605855318, 71.18234816132129, 66.15102419991081, 38.878736819493824, 24.67226962429812, 100.86733432895795, 85.4190401039003, 26.989821795026927, 14.079196396384106, 90.29513195944023, 64.98822646928888, 91.19236693731918, 95.47744377160701, 100.47241994595639, 33.81751131485141, 25.274142058642756, 108.80500914377035, 10.589945739176914, 24.434076024513935, 64.22196382536625, 58.51787642315243, 39.489737513034704, 68.81149699646697, 65.10497163161477, 37.805813451559814, 71.95790317123998, 9.587847408486226, 62.73530597511695, 78.66467826740508, 56.99202974443159], [48.16040600303175, 87.88195667684496, 53.90639684806029, 88.36134402013889, 81.13109025001275, 45.83556971968984, 73.5122539264739, 53.39434636601268, 40.609311229625796, 69.40825628679804, 55.40600082960509, 59.23280152520191, 6.257362581923954, 57.375789699784114, 41.20409806808522, 47.9973931851716, 84.11266864532223, 58.360164964124245, 0.0, 31.98154430646115, 77.62837314601165, 61.93053331925405, 81.26150190076108, 57.70260234503229, 78.90314340934978, 56.133348800981366, 8.985616045013904, 80.85963147142004, 73.103378895907, 53.10540216536802, 13.67114822857227, 9.354294624230798, 17.375902125376182, 72.76199263155264, 79.70154536257883, 16.510008352756262, 61.45739691538349, 21.1381174948805, 73.40326433287956, 67.5440114260227, 54.98794960788809, 18.141011512740224, 67.15584518549812, 21.044417570263604, 48.541897233869435, 3.5128851145013202, 14.017869404332084, 45.11752025174892, 66.16520612281785, 62.78012383084063, 44.32089226859376, 40.540094137178734, 13.110949238201705, 7.466544126626672, 38.36516292267162, 67.48043815989479, 68.82920854868972, 81.81928544972041, 12.836268207139172, 15.25416031715129, 53.46537216072969, 36.92281518883598, 105.29589384927397, 54.707689953927776, 75.32154561574724, 44.304763410048906, 75.80249774622482, 6.724274571689516, 86.6776492328573, 65.30896048792147, 64.37547919892015, 30.656919569240472, 36.75156409939062, 65.90578070706918, 53.324299789204545, 58.02385252497757, 9.287136203429318, 84.8926810271019, 44.45248540482176, 42.95758788625156, 81.4168883033512, 20.6556287462466, 14.840799759532104, 57.72778104622439, 21.84822816858861, 56.100133057686925, 9.291793294442035], [17.3209032087515, 60.079411491700185, 59.483655898813836, 68.83311566247244, 49.6332391514497, 51.9371219974733, 62.13177479604511, 41.277603236573015, 13.403962999049746, 38.98327644759711, 56.095166174533844, 34.10036568531887, 36.02849224692298, 54.367236139237384, 9.307325073516374, 37.66272328960578, 56.319386259025464, 33.67292537657526, 31.98154430646115, 0.0, 50.23777605280374, 31.12209312555005, 67.32581715214714, 43.17515046700666, 46.92276918607755, 65.82164924193098, 40.018477640568335, 52.150649240052466, 53.49103540613565, 39.07644344271387, 29.005364462240863, 33.212226508715545, 46.65598076993312, 84.11441380408438, 66.76790325306935, 45.770755292636984, 70.43421788014054, 27.15532826023608, 64.55896255972876, 35.64094768325756, 23.99060719105418, 17.373436873840667, 70.1335845075232, 13.977269267162459, 21.81243279244088, 30.358356837546868, 23.845418082593746, 58.36201971761952, 35.79887387130816, 51.21836217332205, 46.28867836126005, 53.79196944986037, 20.313152371009753, 24.685779778131728, 19.53494046846561, 39.393238065654266, 37.851454559052534, 62.75119579590551, 43.94634403871655, 45.05099828476731, 23.25469869201746, 25.75290968180565, 84.00764351208724, 53.117840567714396, 44.14620251183565, 22.497910959118993, 63.41453886790493, 38.43921901636975, 68.98315412579291, 63.710723605088, 67.65215380366922, 28.72543663117673, 26.293115413582466, 75.27270109132473, 25.118624582601058, 26.19847939184195, 34.469190516777445, 54.73573746089272, 15.691794851126353, 36.522017248042616, 53.92856758630339, 18.34210033854609, 46.81813486880727, 29.246242054624876, 29.47603142178546, 48.057511256167516, 26.81197880624635], [45.8199748282423, 10.26533451776465, 68.15727991301466, 29.765252610103975, 44.00764356299644, 65.46687180214025, 42.61732159605352, 37.97205844867244, 37.827346962914824, 16.31328509697729, 59.92383195065957, 18.720087413465297, 79.14930620237834, 53.90434096443938, 42.50223709631583, 41.302913796719416, 6.53845305229728, 62.42281977611642, 77.62837314601165, 50.23777605280374, 0.0, 44.79600860874012, 40.162401375329104, 33.58132364511715, 33.483918815783376, 77.09879728441908, 83.19561026833334, 60.603660073574765, 22.884863416557483, 35.21827651833584, 78.67979453494375, 81.82528096870493, 94.4771168638591, 91.70250102183579, 41.809308316704005, 93.57745805318959, 78.96324352608863, 77.38804459892586, 48.28258349366183, 35.54197460983163, 44.04363286184317, 59.490113006918065, 70.21363211446857, 56.6935258040861, 55.31253416931586, 77.33763715681937, 64.55133736748303, 77.25586894751176, 47.57054179385587, 39.10595191337511, 58.46704249142786, 74.77579801196472, 64.541276790426, 70.39120979948027, 63.79930968677975, 10.888361216970894, 44.71107165515382, 27.257701787417453, 86.53572212451263, 92.54552148243584, 27.636445836973294, 72.05700075425139, 38.558086225265995, 55.595392523231446, 44.93074763465882, 62.248972744525624, 41.26591275106824, 82.74065772078646, 33.59547416400058, 59.86257154026142, 69.23148967651166, 77.75382088347875, 72.77643218371207, 82.65015546187583, 52.83584804011569, 38.03664554100985, 75.49191093411989, 14.481194073804312, 34.659474335941006, 46.903429224322736, 3.789886470623261, 68.57044955986319, 91.2034767106852, 52.839349492780435, 62.138833086992264, 44.631221213383206, 69.29148920493208], [13.885498932589966, 51.274520580435045, 85.17590235697051, 72.73613890368308, 19.587636278321988, 78.67167420491609, 76.18297629238754, 59.39086960042922, 31.842640065952246, 28.49164867912794, 79.74115659472555, 39.68312474909478, 66.64775390193428, 76.11275487742479, 23.62687979513429, 58.24786011724309, 48.34619643056451, 18.25161261533052, 61.93053331925405, 31.12209312555005, 44.79600860874012, 0.0, 78.02658288412653, 58.591902655021435, 21.279707113241326, 92.75334735914814, 70.48498745813437, 22.38359762491266, 60.400658615780436, 56.23862817005527, 55.054888212179605, 60.743120565195994, 74.13344449012372, 110.70083920887127, 78.57261724467152, 73.31686734819647, 96.74083572239117, 49.73155814641405, 80.4408369569402, 10.625881105396033, 7.133858768800525, 48.464925468943896, 93.46901050225942, 45.011601385318656, 16.363773455326548, 59.672221079523084, 54.961403557510415, 87.0772194584226, 4.9875136721348285, 67.24578089622085, 72.01449894893317, 82.8131491715479, 51.2948857059946, 55.06113294845486, 28.84380758746703, 36.17105020175403, 6.908533501957122, 68.34103221074865, 74.44316872555952, 72.95329440988787, 24.70588657286224, 36.47621593589013, 83.35342075388449, 75.9172929273204, 13.454758881123977, 24.09476508164837, 76.30221582594082, 68.61115836123794, 75.1952951561837, 85.014592054822, 91.38592361388511, 45.01945988102418, 37.22292684710963, 101.4406335513309, 11.455044525595675, 8.401481392385623, 65.48134694492809, 40.26756489688959, 28.96096362665217, 59.99200685710503, 47.258325504284, 43.4132553727, 76.61508196794361, 9.03298776366478, 5