instance_id,num_cities,city_coordinates,distance_matrix,best_route,total_distance
1543,93,"[[52.69879568883945, 4.700044411725257], [76.3609866795346, 7.220474676031985], [37.631842265684604, 0.8842855686032491], [4.995082951729158, 44.9619509540645], [44.767470806859755, 38.721402262999824], [3.3909641073596175, 53.81555452615068], [31.695812042171625, 51.78042922631859], [66.00384769506145, 6.339659857858493], [72.60028888138966, 23.224375744744343], [53.597739026633306, 22.198024356888226], [51.29936730671072, 48.97762916261451], [6.3749410391413575, 25.48067310130724], [26.438040135976017, 82.28291044901358], [9.846546095230224, 87.1617228208554], [12.144912609296677, 94.9136812428522], [47.01763394365845, 83.80560059589176], [7.573288638295739, 50.57252418068474], [34.02623959526164, 72.09755992152297], [52.60931737974133, 20.981557953445208], [52.08975316569462, 22.045223801783997], [98.4965265029524, 50.2868129205307], [61.200835428605096, 95.81974760101731], [33.4611046212514, 72.26385587527308], [39.607730021583706, 26.675141470584517], [35.90198183514249, 51.42711868059187], [17.401542296921825, 47.108635911342986], [58.6374906665656, 41.654740172748006], [69.91132922550268, 56.90876907452805], [55.90990302819986, 38.79309271789471], [33.72049143547382, 52.731890307320015], [44.36562564787969, 78.73848023390502], [62.7987535826653, 96.89864181682837], [32.76510675920839, 72.17905639231986], [73.9772888417669, 75.26270706887678], [14.57409016935307, 90.11830158669329], [95.99599301745081, 53.10579337592854], [13.406588441068411, 97.91533604593474], [40.42077433105099, 54.761092896196914], [4.324024964225737, 84.02032162629625], [15.908350534095861, 69.78670547695076], [56.089197779984744, 22.528694905205192], [56.05044156316708, 14.115127633319203], [20.82532410890996, 88.77076132946881], [76.40721846427022, 4.080289119166691], [62.0278727256809, 10.24668579296797], [67.58628578052816, 52.05004067601142], [80.55686289999687, 57.24072957047211], [6.236525854728459, 77.752148881135], [26.893890602374913, 73.51030294173003], [0.5226588690265377, 13.54646341872935], [79.65325006232699, 19.39951076441916], [99.95729489777119, 18.711729513434015], [84.91831090724983, 15.259776473687559], [5.701450215232507, 85.98012357246563], [98.31461657507722, 37.293923745532055], [73.00304731363596, 88.11242801661572], [30.605443670384812, 18.055430668571937], [38.311922177364096, 22.38416402585831], [50.9931957600403, 74.17348955441884], [47.74806195342883, 54.81836645003902], [50.4797309966679, 3.041157008048345], [10.974924518268626, 36.936721636288006], [4.073048849282335, 70.58309837941906], [73.55477692261793, 17.34927049177125], [95.46077831571873, 79.67583145849541], [37.651071981586796, 14.227131279460181], [27.579602185186282, 56.26267574404421], [76.26571386324822, 83.86183613390197], [97.15707214855495, 36.30516441642985], [65.16425381556729, 60.031444843629835], [63.68884793195243, 52.78481698817949], [61.92473887750278, 55.380556210602535], [78.4672929185402, 67.09720616548442], [69.58528493373498, 83.55139241428368], [48.43200378073212, 51.57925069185285], [37.849738837771284, 48.70003529112851], [8.640716071142428, 17.494012792061785], [12.595293597093072, 61.82878784723008], [69.61346764625115, 88.62055202252236], [28.970355379271073, 0.3300486737539132], [78.74566480414, 89.7123738533667], [57.84938792480817, 66.64248472865444], [52.34963300410138, 48.5126855367529], [86.21646723368562, 38.41028434217518], [48.47891073131342, 89.69721910888549], [40.01435243093623, 8.152252349841282], [27.30576668117647, 7.537687061240672], [73.54535315490175, 60.917944826155704], [75.48841204092899, 34.80000102161668], [35.021543019956944, 7.229077457888455], [29.957233249702785, 35.4929688651495], [9.546823044912712, 10.411578075960314], [77.94586743298194, 49.669651472173825]]","[[0.0, 23.79604696577497, 15.542622076225795, 62.42327552547045, 34.93363285471455, 69.59594520564978, 51.552768658457, 13.405698329422108, 27.18860574999378, 17.521055940949715, 44.29969425593012, 50.77138995872217, 81.90682746125059, 92.93139244240228, 98.90964413608863, 79.30929717240741, 64.34746138521913, 69.93632423827573, 16.28175941282174, 17.355868773078374, 64.61877135010667, 91.51549043217348, 70.2492517902774, 25.57891497016023, 49.65432937180727, 55.17594339922689, 37.42883429694575, 54.97292280447811, 34.243936005542615, 51.64527328295862, 74.50591722760402, 92.75015101295169, 70.36170131698441, 73.70117795616395, 93.54021504014482, 64.94431329453086, 101.15813434841765, 51.544722172371166, 92.90761443528369, 74.76503396176409, 18.14815706231089, 9.993864224434772, 89.90997516193598, 23.71652181752667, 10.853428443189575, 49.635264756602666, 59.46928203444133, 86.57570378314747, 73.4897598682125, 52.920774585103345, 30.702067057877414, 49.29191685124498, 33.90582696425221, 93.88930583374118, 56.063928556176684, 85.84805398314194, 25.816323237070826, 22.79715368115407, 69.49437855763568, 50.36224745238302, 2.7705875777748608, 52.72650930925576, 81.88430897195599, 24.39210678985798, 86.31312647253691, 17.810091885085292, 57.35572187834978, 82.59533219803988, 54.547428502911764, 56.71817627590802, 49.324705797761, 51.513418678210265, 67.50867532696728, 80.63924975369343, 47.07298051581017, 46.43806290914624, 45.87809942136205, 69.79960033225436, 85.60816389270771, 24.127489348762282, 88.91307860941367, 62.15621057301961, 43.8140324203431, 47.53750710709061, 85.10186329073136, 13.145829772629718, 25.55108878287504, 59.95857974629366, 37.75412562082153, 17.857246990174584, 38.28031946793867, 43.52831675886275, 51.572087322746825], [23.79604696577497, 0.0, 39.24403036684621, 80.73110457891485, 44.614556862489955, 86.57785895032669, 63.091737770565025, 10.394525611474897, 16.43982047791596, 27.248714431140293, 48.70056176682791, 72.32898057424583, 90.14804410392938, 103.99410541562051, 108.69131817659259, 82.01410770070493, 81.30896382359401, 77.46784494640382, 27.450122176315432, 28.44056896274817, 48.422015788933116, 89.88693647459067, 77.91688724817233, 41.58468389987204, 59.92627509819407, 71.18484030073101, 38.727780096721986, 50.10513627868869, 37.61750965350108, 62.365862356120914, 78.34876033813107, 90.69789318559958, 78.231822710577, 68.08397318300156, 103.39086171838323, 49.90987824149731, 110.40296253485808, 59.597057346899035, 105.29739001873166, 87.00031295096957, 25.402500502367495, 21.448880677681768, 98.6643758933081, 3.14052586511642, 14.649099267136622, 45.68025135234631, 50.195928888329206, 99.4593237064508, 82.7123625935246, 76.10170890766392, 12.616176846569356, 26.245660579763182, 11.741301943653019, 105.81045500157127, 37.23404630880557, 80.96161974689136, 47.02091010840213, 40.95935527066275, 71.59770259890095, 55.53610323665032, 26.216523260948247, 71.82194969756713, 96.12683308175427, 10.510343375777575, 74.93050625092371, 39.338921346177756, 69.17196656725025, 76.64142067462869, 35.75466889973956, 53.98486266417611, 47.293682355855196, 50.27721853899788, 59.91376719780237, 76.63105856577853, 52.418785710691225, 56.60097312901243, 68.49511396220451, 83.95315051674821, 81.67926055688272, 47.88893301724719, 82.52636015020612, 62.23869027502068, 47.76601075129656, 32.7098566790423, 87.06218198175719, 36.358575753662215, 49.056245604251515, 53.77123852645078, 27.593326366111395, 41.33944455470164, 54.33822098716807, 66.89032518311646, 42.478753014568994], [15.542622076225795, 39.24403036684621, 0.0, 54.84522444433742, 38.504085425095056, 63.040915051333776, 51.24113478487042, 28.89172547149887, 41.49544418118127, 26.630533613063704, 49.997709335515566, 39.774063834926864, 82.1646964245644, 90.64115435107927, 97.42233231746269, 83.45080929072616, 58.072693260617406, 71.30449364998798, 25.064419364962745, 25.62843137027936, 78.3908125743078, 97.81737775069278, 71.50131544009183, 25.866433472372528, 50.57242723160011, 50.4574632877483, 45.86357196479645, 64.65839489574967, 42.08521313621176, 51.99493035344115, 78.14486205516668, 99.2578965674664, 71.46068472451317, 82.78370051940904, 92.16490409289553, 78.31640933192372, 100.00943795263292, 53.94894354739376, 89.5600981730893, 72.24578577494087, 28.44563987875202, 22.67818294799385, 89.47900130320636, 38.90686620684136, 26.130840785674152, 59.28914893971087, 70.84212148850368, 83.03212813590964, 73.41554335020132, 39.209976285060755, 45.919628453020984, 64.82499366294263, 49.423322989777745, 90.88922698579388, 70.76765398160062, 94.12688766486957, 18.553126455242243, 21.510631844811307, 74.49720255201278, 54.87461144551239, 13.027675895954022, 44.83714319854687, 77.35707545403915, 39.51648975916827, 97.73583553844475, 13.342859567787817, 56.28333349277877, 91.53059560842888, 69.26681493298916, 65.24124566604685, 58.07437219571413, 59.66563784690918, 77.79257602104904, 88.627721693472, 51.83264393795291, 47.816246197744356, 33.412100150477954, 65.88672952290396, 93.38349325901227, 8.679201208586296, 97.88143681030297, 68.79600213131359, 49.85055513979623, 61.38946462737258, 89.47287889818138, 7.6485093855408754, 12.283956544990092, 69.9558468481501, 50.82711510441765, 6.860761347735813, 35.44940878306476, 29.656999294464512, 63.28690663584965], [62.42327552547045, 80.73110457891485, 54.84522444433742, 0.0, 40.2590025170084, 8.997749356284528, 27.557586612590036, 72.2063068230701, 71.01398485349667, 53.669493491713204, 46.478085385497685, 19.53008436023069, 43.042472401444066, 42.47772875568968, 50.46083058151167, 57.22520344539043, 6.17459929821459, 39.738511926041376, 53.312049000482524, 52.374462726926716, 93.6529449677078, 75.79974994203246, 39.442469522285535, 39.146426890169735, 31.57585774482884, 12.59080973526819, 53.74426061075545, 66.00640494285878, 51.28716911038611, 29.757705726605643, 51.87382347949046, 77.70897114351759, 38.88373761233703, 75.34374924693417, 46.161167465004674, 91.36458724353608, 53.61729587815008, 36.75598988607185, 39.064134937203534, 27.117666685131628, 55.801967232676034, 59.650449721052425, 46.581202234406035, 82.28610680330226, 66.76742277941403, 62.99126675549735, 76.55292935780564, 32.8136901396028, 35.98008029078906, 31.732245969334357, 78.91311845797976, 98.52358003730448, 85.26395214680632, 41.02425428528716, 93.6340429381856, 80.54220562770891, 37.14635123418292, 40.24634441240949, 54.4898189511225, 43.874436064171356, 61.85633494506681, 10.008137227467085, 25.637732783493696, 73.91137774182425, 96.89734535768291, 44.844651408486015, 25.254046998159655, 81.19546722281063, 92.5676628519593, 62.02756458647554, 59.212796594497995, 57.8751506202665, 76.73418508514872, 75.23987762010245, 43.93807855294545, 33.06662498503961, 27.708812094944957, 18.500091584490995, 77.98467213359292, 50.66379761855644, 86.26557061328431, 57.12812878905084, 47.48748389564692, 81.48519865638538, 62.386597080208546, 50.80652661018145, 43.569968285450265, 70.38276270063703, 71.22200974774444, 48.22196643136095, 26.697763376335818, 34.848911086172144, 73.10252663621415], [34.93363285471455, 44.614556862489955, 38.504085425095056, 40.2590025170084, 0.0, 44.043713957805174, 18.477187234239267, 38.72416486550324, 31.856295969201945, 18.734878015650906, 12.15959958638216, 40.611614726558706, 47.26069216758127, 59.71545560793373, 64.97540704222598, 45.1403164971375, 39.0366017718776, 35.061972961994066, 19.395789073916323, 18.212928018658143, 54.959713879087424, 59.41613007534852, 35.39675282641858, 13.10478248770743, 15.49297016042787, 28.622364184024587, 14.176809309622538, 31.03214345986818, 11.142662847294678, 17.84179162729644, 40.01909555276458, 60.90745734837906, 35.54534234705808, 46.78119736120905, 59.609407767660684, 53.2097002018497, 66.9882582208217, 16.61822631514804, 60.72614269907568, 42.401673159116754, 19.758169784399623, 27.06980199851765, 55.48121061648249, 46.91567277220331, 33.29761181298064, 26.42633002797251, 40.29697346349468, 54.84553674159131, 39.11179463743268, 50.90560803317241, 39.87923125317377, 58.70522708184055, 46.50309500930894, 61.315093612186566, 53.56616949941971, 56.89218932036595, 25.05285202438942, 17.56642995388938, 35.99458493316805, 16.37058885995945, 36.13460692922443, 33.839640506452405, 51.68368850881682, 35.85354947350577, 65.16959948408919, 25.507105740468056, 24.55848332232059, 55.043601678057136, 52.44529086651105, 29.498248624156734, 23.57537159924273, 23.914415274010647, 44.055240976201304, 51.24111547381005, 13.369856698407654, 12.141998711341115, 41.901604640939055, 39.61060785894258, 55.74270091829338, 41.51439372370823, 61.27476520596724, 30.833802904195213, 12.383796337640433, 41.45016404251836, 51.110749255103954, 30.936468135659936, 35.73982659103608, 36.343541574752145, 30.970205327105223, 32.96588585277449, 15.158031491713501, 45.187832148402876, 34.93809043760771], [69.59594520564978, 86.57785895032669, 63.040915051333776, 8.997749356284528, 44.043713957805174, 0.0, 28.3779166183645, 78.57692896596224, 75.66869137835762, 59.33286156759027, 48.15205726586084, 28.491571098999497, 36.62728582229077, 33.965298154747444, 42.02008607792971, 52.9404305259281, 5.292360938530457, 35.675647513339854, 59.16517243937858, 58.145730454469714, 95.17100407109943, 71.45861360290749, 35.27822519902649, 45.25766403729262, 32.5986333990332, 15.533159965425261, 56.569109084331316, 66.59224393045602, 54.625207589092575, 30.34888063975342, 47.95909834634527, 73.3855425873407, 34.64185989983737, 73.77268865713219, 37.98620476778606, 92.60774881363433, 45.22282013416089, 37.041880190020436, 30.219175338461046, 20.29193499027343, 61.28598059226392, 65.94804365098142, 39.061789402514535, 88.3457414107562, 73.05158023617741, 64.2195948591753, 77.24187828218432, 24.105139928512262, 30.66383324020429, 40.37111434625069, 83.66839503233363, 102.74889183269386, 90.18456795627712, 32.247447154617305, 96.35073472196834, 77.60230447311797, 44.9378944343823, 46.9830354629081, 51.77275322919057, 44.36843203315225, 69.2487646856021, 18.504363140571602, 16.7814113371445, 79.07433528048556, 95.63265452437952, 52.354543706471055, 24.312108388931442, 78.8258091644842, 95.38708916298748, 62.085236681622526, 60.30669294196354, 58.55469254563793, 76.2420974136541, 72.56657746217908, 45.096522146365245, 34.83641331947277, 36.698968508970424, 12.203753095406109, 74.81181608329624, 59.287474175649514, 83.46803313192508, 55.94863772336867, 49.24501680027641, 84.24598695231911, 57.62305774594397, 58.53554251857951, 52.09183044628411, 70.51299348777857, 74.56294839675763, 56.309798152521985, 32.27202815826952, 43.838336772141936, 74.67008853634677], [51.552768658457, 63.091737770565025, 51.24113478487042, 27.557586612590036, 18.477187234239267, 28.3779166183645, 0.0, 56.937727660642906, 49.8861144601647, 36.80778563689465, 19.80290552436531, 36.507857792359864, 30.952310514054368, 41.583967569761604, 47.35731303775787, 35.5016876730024, 24.152746634074717, 20.450346996230095, 37.228284639338156, 36.05683397345077, 66.81741047167034, 53.00950827862924, 20.55935371486305, 26.322498350482523, 4.220982429366689, 15.038344334660465, 28.781654328924983, 38.5580811657972, 27.47713798529049, 2.2370974127925094, 29.786921474550155, 54.80005547290808, 20.426634119438475, 48.36466326802879, 41.98744832697667, 64.3138388185834, 49.62786845297524, 9.220050046247017, 42.292143357869, 23.947232100663616, 38.0880719982877, 44.85334907447319, 38.554535103000966, 65.37899686049029, 51.430397129474756, 35.89148639297996, 49.165202844891716, 36.36901806486548, 22.25412009497811, 49.33154791948322, 57.86570436703611, 75.84964694938432, 64.54759842876811, 42.95725713031165, 68.17568451022947, 55.01183347126562, 33.742620391816146, 30.131600041431394, 29.56075386746083, 16.337190388457962, 52.23363157636786, 25.48903361833419, 33.414928006676824, 54.20034716370397, 69.59974417741444, 38.0225631386355, 6.085533455039644, 54.915324068153744, 67.265595928764, 34.47050700898219, 32.008797856542174, 30.442551337211764, 49.21559792558324, 49.44700453911791, 16.737400835033803, 6.881834188757771, 41.31701589099389, 21.582384387394093, 52.867222871538814, 51.522517145662384, 60.436090774572335, 30.08139333879565, 20.910726174577135, 56.13610795855862, 41.46511011209546, 44.414141123798586, 44.46001273680832, 42.835479251239335, 46.9694236356611, 44.675311201277644, 16.379988438160655, 46.92504191901372, 46.298196578057066], [13.405698329422108, 10.394525611474897, 28.89172547149887, 72.2063068230701, 38.72416486550324, 78.57692896596224, 56.937727660642906, 0.0, 18.127511326862894, 20.13452897082359, 45.10230781151567, 62.62575266586671, 85.63194753217726, 98.41670785272714, 103.66360090640276, 79.75868784679476, 73.28489965803148, 73.12091930882207, 19.844359959685665, 20.982534769872036, 54.65461040412515, 89.608900391396, 73.51890741374298, 33.320966982571235, 54.21255639923496, 63.43731944576177, 36.07517309062241, 50.71985034360998, 33.986953722546865, 56.51950227540403, 75.56323077533274, 90.61568209595042, 73.753915387746, 69.3827226373557, 98.3050393880274, 55.557177981510875, 105.60575813058279, 54.76430242625786, 99.19014943475862, 80.83988145461055, 18.983812543921474, 12.630447052803019, 93.99992278319894, 10.64588556656909, 5.574336607593657, 45.73776366237093, 52.94061908821461, 93.12290990119206, 77.72698396369591, 65.87658239189265, 18.89089438552626, 36.13730322685425, 20.912326485716918, 99.89485773798837, 44.74541583721764, 82.07176376590499, 37.286811249869686, 32.004200550469335, 69.47480207108406, 51.80211101774835, 15.870674853815993, 62.9631842862986, 89.23364409655076, 13.350208182269352, 79.0310371096589, 29.429442673709975, 62.99785836181666, 78.19842525158505, 43.2256273210639, 53.69834906997407, 46.50281544985639, 49.21024937780816, 62.02271277654634, 77.29474973799636, 48.532363195879704, 50.86310305511973, 58.43756034507112, 77.01634226484971, 82.3600301821525, 37.517928776623855, 84.34075730166298, 60.85167131264814, 44.32833939749511, 37.9087713257397, 85.17984562014549, 26.05262665502233, 38.716621021691054, 55.09685557889359, 29.999132987278323, 30.9950684246421, 46.36026142125317, 56.60367612021689, 44.94552267709788], [27.18860574999378, 16.43982047791596, 41.49544418118127, 71.01398485349667, 31.856295969201945, 75.66869137835762, 49.8861144601647, 18.127511326862894, 0.0, 19.030246928346855, 33.4209413622008, 66.26377271622869, 74.95908037488732, 89.5880381792265, 93.77744421235515, 65.76136432684699, 70.54383022979094, 62.26190978363865, 20.11639066096808, 20.5444025138087, 37.45651650708893, 73.4849341972404, 62.743496523716125, 33.172529662544484, 46.283479224947335, 60.144488593736256, 23.12224182333791, 33.79155009801363, 22.82441517582474, 48.80913915544976, 62.281714853905314, 74.32339857321092, 63.114201983495406, 52.05654671500081, 88.55414756812308, 37.950732426019854, 95.30285264635307, 45.056472180877414, 91.42097817305833, 73.36229565426694, 16.52574056402298, 18.89115791612525, 83.52829245478978, 19.518933515349453, 16.739068667459637, 29.258489124100876, 34.934501538030844, 85.89195006677012, 67.95402355784731, 72.72445761357827, 8.023331822723454, 27.726697498787964, 14.668623254351262, 91.72643294218449, 29.311752415794196, 64.88930221532559, 42.31175980146351, 34.298659550517165, 55.34147333732476, 40.19718189083792, 29.944638914247115, 63.13251113916476, 83.29964727419981, 5.952134840068714, 60.90458791732088, 36.088754063801545, 55.84255991124906, 60.748143533315435, 27.823418853617266, 37.55069843758264, 30.874479206974303, 33.88196142548907, 44.26338199345997, 60.40231112342681, 37.2572803351617, 43.088397018887804, 64.21576141134506, 71.35054374597998, 65.464348869021, 49.2719119725709, 66.77139760199788, 45.85543879159343, 32.39734056364729, 20.396375483184677, 70.7140706562182, 35.90281546040886, 47.933974832041294, 37.7054146851112, 11.930480121739997, 40.841299046475505, 44.37283595580966, 64.3421117006037, 26.98013747835645], [17.521055940949715, 27.248714431140293, 26.630533613063704, 53.669493491713204, 18.734878015650906, 59.33286156759027, 36.80778563689465, 20.13452897082359, 19.030246928346855, 0.0, 26.878053242633076, 47.33675561914556, 65.93817392478238, 78.32272340156531, 83.7012758226724, 61.957979574447265, 54.068126227928175, 53.600440665711226, 1.5674080077472627, 1.5157075464716665, 52.96112876267538, 74.01327724356497, 53.963613025846485, 14.6889390226497, 34.16840320477624, 43.93976815725034, 20.098827998948803, 38.35321399869649, 16.75536917756868, 36.433802185322264, 57.28922296749228, 75.26513746587212, 54.14888854368664, 56.843527353530135, 78.3326830199878, 52.4681058091887, 85.72304167963111, 35.12813446917353, 79.05627955558595, 60.70562227412227, 2.5133065334685587, 8.446831901760685, 74.20215958824792, 29.12944699715663, 14.625376837991743, 32.96698831563326, 44.21295679668462, 73.00236478888975, 57.84501235399801, 53.77558591408428, 26.205368412949085, 46.49045786292765, 32.07986138713204, 79.76346696483847, 47.19624260504839, 68.7115317798338, 23.362506890645193, 15.2869501446746, 52.04068243333547, 33.14069160616537, 19.40895516755027, 45.0991520331397, 69.23734776353288, 20.537618548075464, 71.10704865010975, 17.827824497042894, 42.86424989229056, 65.69827064744084, 45.78675466427014, 39.56200159356486, 32.208420675479026, 34.21139206082011, 51.326710764122, 63.402187628802814, 29.83188364111734, 30.827846073103935, 45.202451679334324, 57.02453810448479, 68.32609856203688, 32.935032803877974, 72.04585733297668, 44.64735799675999, 26.34424342535874, 36.42552406865393, 67.693010682677, 19.539501085803256, 30.10304468714787, 43.556165471224546, 25.258887166246534, 23.856748088193697, 27.12248260884007, 45.60047713304989, 36.70860462144177], [44.29969425593012, 48.70056176682791, 49.997709335515566, 46.478085385497685, 12.15959958638216, 48.15205726586084, 19.80290552436531, 45.10230781151567, 33.4209413622008, 26.878053242633076, 0.0, 50.69823487674182, 41.56112787517292, 56.3592174794175, 60.35886184621243, 35.090181457915705, 43.755155648621354, 28.8598707417887, 28.02670106064414, 26.944000599877032, 47.2153131759959, 47.87716711300122, 29.33346161210408, 25.181249763665853, 15.591006326043912, 33.949310393107666, 10.366906848349506, 20.23136443171617, 11.179526923486218, 17.975298429761892, 30.55789635886185, 49.28142995621106, 29.695539051143935, 34.71589615274884, 55.14799097266446, 44.88685876398658, 61.893148612412965, 12.3203992584549, 58.60608401265043, 41.055349532739044, 26.879148039241585, 35.18475123502339, 50.12145924122881, 51.44098883893218, 40.189386693847915, 16.57417949342982, 30.401971592998617, 53.46618244047367, 34.60461495116482, 61.91640837238744, 40.973256586423496, 57.302867284553464, 47.61435664553716, 58.72269268036322, 48.44525400944657, 44.7502201914822, 37.20780610531958, 29.595373269611873, 25.197720569513514, 6.835640553229787, 45.94378388517835, 42.08377526144591, 51.933818029495285, 38.67371626031459, 53.78298844900087, 37.33460952533069, 24.81328597977075, 42.89785957826745, 47.57646956327252, 17.731946283849755, 12.961246440924187, 12.405482489579065, 32.656014037430104, 39.11163367650073, 3.871719020216843, 13.452492866007875, 53.01866298772526, 40.78182930248086, 43.66884019668211, 53.52730014745665, 49.11841478853076, 18.840113913311495, 1.1485776466329247, 36.48112722853306, 40.81715302034372, 42.356380306293566, 47.88487937066203, 25.24787168263738, 28.037742863119817, 44.809699094644856, 25.245252017861244, 56.83850146469225, 26.655484686201074], [50.77138995872217, 72.32898057424583, 39.774063834926864, 19.53008436023069, 40.611614726558706, 28.491571098999497, 36.507857792359864, 62.62575266586671, 66.26377271622869, 47.33675561914556, 50.69823487674182, 0.0, 60.24136546489109, 61.77866894139784, 69.67234165365946, 71.08885745163883, 25.120450385254976, 54.20081594080022, 46.45276733110689, 45.84371668675715, 95.40299304055982, 89.18219607679774, 54.058546484890975, 33.25424812316083, 39.30730436404275, 24.276628897158997, 54.70808476989892, 70.8843977210075, 51.292621060982775, 38.60580222826156, 65.41931012792486, 91.01743172270841, 53.63934981640744, 83.95432290463307, 65.15557583717789, 93.78208905695233, 72.77516376544142, 44.90503031850073, 58.575564070485875, 45.320088277386006, 49.801822241407535, 50.95911082522323, 64.91878648582035, 73.22906742498684, 57.70028747430362, 66.72900432621967, 80.69484938888364, 52.27165904162978, 52.22904013847616, 13.291898560641355, 73.53020541699223, 93.82683811691419, 79.20560383022767, 60.503199065851355, 92.69550597756313, 91.44419757150595, 25.34268105287183, 32.08674387776878, 66.04376600766673, 50.71918162995606, 49.48499145899854, 12.345075781220574, 45.161127904663694, 67.67015633001903, 104.27560401469523, 33.23911205590567, 37.37872845638349, 91.06635121157167, 91.42518767275199, 68.19046212421878, 63.48543294892806, 63.08552171324531, 83.24207484070068, 85.83563372399183, 49.496790589894125, 39.11267923534184, 8.30183590484154, 36.87652683656624, 89.36305476886876, 33.809860370873785, 96.76380025490862, 65.90837138505661, 51.42125920375233, 80.88166758860795, 76.78872993469001, 37.84024530214167, 27.569008144858934, 75.94514132649853, 69.73895429959643, 33.96687428330919, 25.619730138449153, 15.399300644557583, 75.54802564924378], [81.90682746125059, 90.14804410392938, 82.1646964245644, 43.042472401444066, 47.26069216758127, 36.62728582229077, 30.952310514054368, 85.63194753217726, 74.95908037488732, 65.93817392478238, 41.56112787517292, 60.24136546489109, 0.0, 17.293943583339804, 19.074324767613803, 20.635849063525377, 36.897526290468974, 12.701265149651666, 66.6542689582292, 65.47204956291544, 78.84272772140693, 37.30546738263847, 12.23539493910707, 57.14599463165739, 32.27454226075753, 36.31649601003177, 51.840648476548935, 50.336606110801085, 52.53527337536165, 30.435125896640155, 18.274608281339248, 39.18827740241176, 11.921394165691666, 48.05479604586336, 14.217829056890588, 75.42952319720693, 20.351694359929493, 30.87016839896807, 22.182160954590252, 16.341037354334357, 66.70650211850243, 74.32187384809929, 8.578740597984522, 92.80392645607346, 80.34832821197648, 51.06079253532707, 59.63185223114481, 20.70335672398113, 8.78444318807765, 73.459554426626, 82.37827701158875, 97.19246815609704, 88.94966305363953, 21.063607155976573, 84.79534872392469, 46.928489945090966, 64.36253888066912, 61.06430133718271, 25.85958961328864, 34.76231014952724, 82.80856470100059, 47.91017412247575, 25.240412788179874, 80.22695609032212, 69.0719570208642, 68.97333659861397, 26.04526402273338, 49.85268373307392, 84.3512573648605, 44.66371399184061, 47.51589417528498, 44.53136480213502, 54.20008080896889, 43.16588676413301, 37.76836188253794, 35.468808425582196, 67.18888303485689, 24.69803156424711, 43.63809392502484, 81.99197627601278, 52.83260853774059, 35.08982312045819, 42.565699049682685, 74.15030456974955, 23.254503854184044, 75.36359018615467, 74.75025999048646, 51.72582233207074, 68.26833579123326, 75.54306300659918, 46.9220987765159, 73.82954443781516, 60.96458754021557], [92.93139244240228, 103.99410541562051, 90.64115435107927, 42.47772875568968, 59.71545560793373, 33.965298154747444, 41.583967569761604, 98.41670785272714, 89.5880381792265, 78.32272340156531, 56.3592174794175, 61.77866894139784, 17.293943583339804, 0.0, 8.08550233500363, 37.3222899649052, 36.65974845242906, 28.488358703391203, 78.79383751162905, 77.61859949843762, 96.0134261780434, 52.07902097802798, 27.921207243010713, 67.4118282806599, 44.224966530886576, 40.75938834904824, 66.71912575789845, 67.25339681283084, 66.79339211307656, 41.89723896653618, 35.5319274574397, 53.83998392762125, 27.38139361349625, 65.22529218860045, 5.575933192872521, 92.6365669450371, 11.327581334899442, 44.548672839162506, 6.3534747270740555, 18.402084141641087, 79.47207769010919, 86.43266179462381, 11.09606108472094, 106.45584874560336, 92.94521918805225, 67.57742050394144, 76.78030176887785, 10.078309772173991, 21.839716560923026, 74.20337788705628, 97.28665531064019, 113.16072036506603, 103.95027542292607, 4.310220022013879, 101.55489588909043, 63.163656373896934, 72.15685306034705, 70.75598744231208, 43.14789661179308, 49.825872854159904, 93.4201547199598, 50.23767492485471, 17.555171853877095, 94.51199487555196, 85.9408827519987, 78.05476476855998, 35.62600719340468, 66.50109096205004, 101.04215700612811, 61.61250498522333, 63.88086663239132, 61.009677220718004, 71.49399781242104, 59.84773515898236, 52.48761632624309, 47.576046613923836, 69.67814468470772, 25.481624893380058, 59.784722917527404, 88.9126521745965, 68.94631519924828, 52.2045204517761, 57.44789360604094, 90.6039050396529, 38.715479317734214, 84.57300374953414, 81.51571292773642, 68.8932065174814, 83.96787763552179, 83.8033905333301, 55.44456576762363, 76.75072997873858, 77.73784780064982], [98.90964413608863, 108.69131817659259, 97.42233231746269, 50.46083058151167, 64.97540704222598, 42.02008607792971, 47.35731303775787, 103.66360090640276, 93.77744421235515, 83.7012758226724, 60.35886184621243, 69.67234165365946, 19.074324767613803, 8.08550233500363, 0.0, 36.599127707138436, 44.57620391356844, 31.612780055166503, 84.2812369837229, 83.09875075424915, 97.2016388663114, 49.06428966060085, 31.102968203571077, 73.5574921437101, 49.55279469094567, 48.093185742061976, 70.697062303324, 69.14717808847382, 71.16807460339417, 47.37941629245267, 36.05289830782762, 50.692718153947496, 30.692923840430975, 64.87991628030973, 5.375552963647956, 93.69580125869031, 3.256034008014247, 49.1096192923925, 13.410129279482558, 25.407250464267392, 84.67990579980648, 91.95706464492943, 10.634143541670895, 111.26701702882747, 98.26906852353643, 70.07879523618442, 78.09895153128959, 18.150130221125803, 25.993017418938756, 82.19307098801869, 101.29050088097138, 116.26586743558822, 107.89213152407214, 11.014838186457485, 103.65931861439297, 61.236995396074896, 79.0441768152231, 77.10540355555858, 44.037991042204816, 53.62106406586279, 99.54958066243854, 57.988763716381506, 25.634590830255508, 98.93133603738974, 84.69784852321324, 84.62200370423534, 41.61886433305168, 65.0662772391427, 103.25708457109049, 63.465116072990675, 66.57040237173544, 63.56806649653793, 71.91949955063477, 58.55337718862945, 56.52102137137523, 52.881368775659965, 77.49893196946863, 33.08795874685909, 57.812094698421326, 96.06851239803746, 66.80354624927365, 53.741600424723, 61.39602547837988, 93.16238009942249, 36.70655114180335, 91.12766440290775, 88.68154179655339, 70.1835037149606, 87.32727792612208, 90.61969962360295, 62.033054302285564, 84.54203397726246, 79.85479250238335], [79.30929717240741, 82.01410770070493, 83.45080929072616, 57.22520344539043, 45.1403164971375, 52.9404305259281, 35.5016876730024, 79.75868784679476, 65.76136432684699, 61.957979574447265, 35.090181457915705, 71.08885745163883, 20.635849063525377, 37.3222899649052, 36.599127707138436, 0.0, 51.5780354859283, 17.488697594395944, 63.07239695452605, 61.96830266477139, 61.42951657271337, 18.587709181697456, 17.804251134636676, 57.60899266610014, 34.23337279522656, 47.15697298901747, 43.7231758301274, 35.3208271356513, 45.88244015893921, 33.79925250624724, 5.719165740187987, 20.505400885469, 18.393234116410827, 28.280806601633866, 33.05198521170153, 57.80447924602595, 36.45253097176351, 29.784257322721423, 42.6941489294446, 34.12208866134009, 61.94475313908224, 70.27342054602231, 26.658768080871965, 84.96983563803694, 75.07477083066675, 37.83497091595914, 42.7851872916652, 41.227940218059445, 22.60438452720272, 84.25039503806477, 72.2026858698817, 83.9036337379737, 78.32618539729009, 41.37336810143328, 69.243891503297, 26.33990262777191, 67.76757952765888, 62.03533096296366, 10.420300133448075, 28.99643544479128, 80.83861369456058, 59.12502615350857, 44.93408454383751, 71.55881335232979, 48.61885673049569, 70.20609571402571, 33.711270934776316, 29.248133981819176, 69.06703049025468, 29.908364958793143, 35.21673453743261, 32.09680553909234, 35.61251878312494, 22.569082679840992, 32.257372338328686, 36.282930091704934, 76.61601988134657, 40.839659811567, 23.103148226075945, 85.40416870555049, 32.273176363644325, 20.295305875506443, 35.693417703438755, 59.97735630281054, 6.070131675078365, 75.97680601857797, 78.77405883857149, 35.03661903187148, 56.675691394972944, 77.51045151045676, 51.236389964444676, 82.40597193811723, 46.06320276909944], [64.34746138521913, 81.30896382359401, 58.072693260617406, 6.17459929821459, 39.0366017718776, 5.292360938530457, 24.152746634074717, 73.28489965803148, 70.54383022979094, 54.068126227928175, 43.755155648621354, 25.120450385254976, 36.897526290468974, 36.65974845242906, 44.57620391356844, 51.5780354859283, 0.0, 34.10404342561167, 53.88756041111848, 52.87270071527644, 90.92368676377522, 70.16569676128294, 33.774145245320824, 39.96611483660014, 28.34158058401724, 10.420800925110335, 51.83704853091245, 62.659231591258894, 49.75121401800014, 26.236216880213828, 46.33570052366466, 72.08301570799885, 33.18840060095649, 70.84558118947837, 40.16067395752754, 88.4589854256707, 47.700830410984295, 33.11346288475925, 33.60525060740192, 20.94416433502655, 56.03793179870994, 60.65621253188516, 40.431692586251756, 83.06405851090246, 67.76042332956867, 60.03118257195638, 73.28756425979536, 27.21247753507307, 29.99045439377404, 37.69138569608867, 78.53201642859113, 97.72366575901414, 85.0249529279672, 35.45704265404686, 91.70774135942374, 75.43406193706001, 39.84772936940917, 41.70668100037864, 49.419570020722766, 40.39850971878252, 64.0327545960057, 14.05369124784287, 20.314397809032986, 73.87382068021154, 92.5808475674413, 47.17690786804855, 20.799769386954708, 76.33365950617264, 90.71279856037773, 58.36257748041629, 56.159150940038195, 54.56369960977459, 72.79440196598968, 70.23598390080865, 40.871115734208296, 30.33429826653048, 33.095729588749855, 12.325745638174343, 72.77799278622902, 54.60898103958996, 81.22459579150012, 52.78190780447935, 44.82369853107003, 79.57807246645157, 56.60398989507325, 53.40320292080636, 47.34308709420891, 66.77829755927418, 69.72256789303046, 51.3036162703202, 26.989515832649268, 40.20940723363975, 70.37837043681881], [69.93632423827573, 77.46784494640382, 71.30449364998798, 39.738511926041376, 35.061972961994066, 35.675647513339854, 20.450346996230095, 73.12091930882207, 62.26190978363865, 53.600440665711226, 28.8598707417887, 54.20081594080022, 12.701265149651666, 28.488358703391203, 31.612780055166503, 17.488697594395944, 34.10404342561167, 0.0, 54.38912057704695, 53.21209330173493, 68.05972802400298, 36.072161662516436, 0.5890941207338729, 45.764059405949546, 20.75537400398409, 30.013778226807386, 39.146889449241854, 38.967153157039704, 39.85074981683115, 19.368083063217107, 12.28839804614422, 37.986197813587296, 1.2637633104834392, 40.07623351016274, 26.516659809460933, 64.81463982565425, 33.041301090163934, 18.478180738574736, 32.00584010234588, 18.26466403459724, 54.25722535171489, 62.024413954339174, 21.26640107934878, 80.14047976707164, 67.89419775236281, 39.091939423062364, 48.844900585496895, 28.3591707580272, 7.2709177548282105, 67.45903070129903, 69.70587112378857, 84.83484509129376, 76.29244097345114, 31.543925991313852, 73.10464079502495, 42.1386703636736, 54.150286970175145, 49.897783584780846, 17.093480784739416, 22.064880145925798, 70.98946515254427, 42.04340228501079, 29.99145260949413, 67.52688693197743, 61.90018374191976, 57.98384189621306, 17.09686201649737, 43.84713652266299, 72.57132763609171, 33.394117186368575, 35.39565471841602, 32.523598744175544, 44.721479829809034, 37.3582117365891, 25.07044186710218, 23.707874330850235, 60.21604573295144, 23.764114254274133, 39.23595377103535, 71.94537953130946, 48.06358976258371, 24.439726710653396, 29.866252623328812, 62.118052101699355, 22.773399098030538, 64.22507186270595, 64.90872006074967, 41.06999062844176, 55.76934322552343, 64.87611768626472, 36.83005429054558, 66.36567027384402, 49.31475222300364], [16.28175941282174, 27.450122176315432, 25.064419364962745, 53.312049000482524, 19.395789073916323, 59.16517243937858, 37.228284639338156, 19.844359959685665, 20.11639066096808, 1.5674080077472627, 28.02670106064414, 46.45276733110689, 66.6542689582292, 78.79383751162905, 84.2812369837229, 63.07239695452605, 53.88756041111848, 54.38912057704695, 0.0, 1.1837786995212631, 54.44661541182514, 75.32973391768964, 54.74055290173372, 14.19359598898195, 34.72847864491318, 43.84303398375247, 21.534143499300804, 39.87636032600926, 18.114762937670577, 36.94416530569263, 58.34227047931062, 76.59783438487939, 54.90880204075341, 58.33552394290856, 78.90860427833792, 53.98490644958966, 86.34616475457081, 35.911245628610004, 79.40626668628498, 61.064747540592585, 3.808306755961166, 7.6804427598220695, 74.87054375785009, 29.188918860375345, 14.280989640298609, 34.490001466520155, 45.77982991405457, 73.30304078345864, 58.48548729716076, 52.61464269147876, 27.09016737210256, 47.40235327697292, 32.81173335961823, 80.157105327309, 48.52903926794778, 70.16023044471073, 22.197582731112654, 14.366029840123874, 53.21647711500943, 34.18422755533634, 18.066353374285814, 44.58688054898834, 69.39799835362935, 21.258075822296675, 72.67231554473297, 16.41253743592537, 43.257876915940535, 67.1829924805118, 47.109610165812036, 41.018533555501996, 33.67793465294134, 35.638015640280386, 52.87048239785293, 64.83184139642321, 30.881527647097887, 31.403170933143763, 44.106698723518335, 57.18057615374343, 69.74363515735828, 31.389255486373873, 73.53253505053237, 45.96061980966201, 27.532352278425414, 37.857641564665386, 68.83968584407299, 17.9784377611708, 28.653225691379085, 45.0913804448877, 26.72830599465447, 22.326229567738434, 26.901634933265196, 44.3407588224151, 38.27463230835387], [17.355868773078374, 28.44056896274817, 25.62843137027936, 52.374462726926716, 18.212928018658143, 58.145730454469714, 36.05683397345077, 20.982534769872036, 20.5444025138087, 1.5157075464716665, 26.944000599877032, 45.84371668675715, 65.47204956291544, 77.61859949843762, 83.09875075424915, 61.96830266477139, 52.87270071527644, 53.21209330173493, 1.1837786995212631, 0.0, 54.324727035924745, 74.3349997094583, 53.56246403895972, 13.313040200870411, 33.54608303989546, 42.795403957084396, 20.6737998124055, 39.154506282677076, 17.17802835610729, 35.76452540906059, 57.21702081365035, 75.6155862138597, 53.729350721478085, 57.54272102755167, 77.72624324618668, 53.7821241695623, 85.16255729516696, 34.734610371301464, 78.24626215337358, 59.902779308894715, 4.0285607269368064, 8.864168196902233, 73.6869179882372, 30.233722838878684, 15.426332018145416, 33.77027626091505, 45.266985352887865, 72.15109116726897, 57.30170905994518, 52.26274143450606, 27.690181628995227, 47.98347356791247, 33.522477516332174, 78.99079730773046, 48.67505364342746, 69.29820592831098, 21.851636179839833, 13.78199939118038, 52.139797933260326, 33.059479149338365, 19.072145293215538, 43.72854722560811, 68.27539206715694, 21.9726926519055, 72.12719848604843, 16.419442287237555, 42.09015940226648, 66.37597935901975, 47.26953719507003, 40.1733189602688, 32.85516076146519, 34.75588195914323, 52.205897351852144, 63.94608986666621, 29.759668595374237, 30.220142018063946, 43.686752524063735, 56.058400840320196, 68.84297274882243, 31.71837613825623, 72.72812950557724, 44.967644754175794, 26.46873756382146, 37.847692394240944, 67.74828892391312, 18.407334371643785, 28.717844771900847, 44.400801915455254, 26.649232241983018, 22.6018138666522, 25.89768879883003, 44.1049046721077, 37.83711998976162], [64.61877135010667, 48.422015788933116, 78.3908125743078, 93.6529449677078, 54.959713879087424, 95.17100407109943, 66.81741047167034, 54.65461040412515, 37.45651650708893, 52.96112876267538, 47.2153131759959, 95.40299304055982, 78.84272772140693, 96.0134261780434, 97.2016388663114, 61.42951657271337, 90.92368676377522, 68.05972802400298, 54.44661541182514, 54.324727035924745, 0.0, 58.85759690414323, 68.64835406887354, 63.44605093844901, 62.6049304719435, 81.15723795496048, 40.783028550236196, 29.342184763513817, 44.11038543332882, 64.82216536409906, 61.15269250239637, 58.71110273641702, 69.2812374727556, 34.999832913816675, 92.89522490165828, 3.7681983121950684, 9