instance_id,num_cities,city_coordinates,distance_matrix,best_route,total_distance
2462,26,"[[65.33742164919015, 0.6798260935632072], [12.724381368141714, 4.417577764602909], [88.71016666906819, 95.0065005443696], [64.01040330113929, 28.355889167255654], [37.43273549528971, 28.092167867852], [96.17707929342272, 62.84977250535716], [62.7055640489455, 21.223295276767338], [21.25332183720179, 26.84261260195856], [23.37507573121226, 45.16887941065421], [57.090477806183216, 27.995136033562538], [27.46245764797243, 66.98036678705832], [13.882350047141367, 21.04781325334336], [17.887864084712803, 68.24666583889729], [31.69608798119612, 79.13376646974346], [55.065627930027425, 60.384442097896795], [63.50255673441669, 68.51295778540421], [68.2271336531626, 93.8872573673368], [4.502831482986869, 22.074014124719387], [2.2159489400601973, 10.520244878260065], [53.0621026550297, 97.59702571643582], [89.54436842803297, 3.66623484113221], [25.635983460336632, 73.50992899261217], [82.73977284582145, 31.097707169711917], [19.370292307210047, 91.61960195667646], [71.13281196645075, 60.05739996297197], [82.85727495742408, 22.589263317042175]]","[[0.0, 52.74564242825738, 97.17925047412459, 27.707858902395657, 39.11659482749107, 69.3987515770911, 20.711368870966094, 51.263039844679774, 61.1564742279262, 28.533107784956343, 76.35623480989184, 55.33967197691848, 82.56354126511475, 85.36252158594283, 60.581770512539144, 67.85794341400357, 93.252215416692, 64.48688736636606, 63.883911580519644, 97.69148908245865, 24.390467596200065, 82.94834586988108, 35.04410530080089, 101.89710405097685, 59.6597253391808, 28.052962399568454], [52.74564242825738, 0.0, 118.23786406307002, 56.59769251941533, 34.21971624998389, 101.87577814784842, 52.73092795760899, 23.992186498553764, 42.12013623272136, 50.2419323580989, 64.27529434159268, 16.670501608305212, 64.03759862893328, 77.08718769311788, 70.17885054427525, 81.77188290322725, 105.28712684572719, 19.47674581271042, 12.151942149124467, 101.53591127885244, 76.82366125140423, 70.28842341952027, 74.92652633644585, 87.45490926989181, 80.66805178770345, 72.44882965943847], [97.17925047412459, 118.23786406307002, 0.0, 71.0801118975959, 84.30244875046786, 33.01226957230833, 78.23171183728259, 95.89964303424736, 82.17336909319015, 74.09674552492777, 67.3553712313689, 105.20974083333023, 75.70922861061386, 59.18233567231582, 48.27672232073956, 36.569542060828, 20.51358932074085, 111.40028220113948, 120.90978908687363, 35.74206609327578, 91.34407496555355, 66.63674043595215, 64.18706624398214, 69.42254142972287, 39.12036592096597, 72.65337286752248], [27.707858902395657, 56.59769251941533, 71.0801118975959, 0.0, 26.5789761827248, 47.16484954004518, 7.250965527479559, 42.7838523426405, 43.97620365197395, 6.929322598870144, 53.175206655634874, 50.65796775038609, 60.98001875399505, 60.18810345860069, 33.25413070989122, 40.16027973181989, 65.66689449818898, 59.83822405237816, 64.31690910629233, 70.10135717416473, 35.51847977947379, 59.25777088845033, 18.92899494161961, 77.42762340051932, 32.49176036977101, 19.709351712444054], [39.11659482749107, 34.21971624998389, 84.30244875046786, 26.5789761827248, 0.0, 68.25678726991454, 26.18964058124955, 16.227594235808464, 22.118586644689493, 19.65798178700851, 40.14596437417421, 24.581366656296932, 44.65854571929842, 51.3629624587364, 36.792796449351954, 48.098605353990536, 72.64494999757946, 33.47531557335136, 39.357267852694555, 71.24045467545672, 57.55213715530269, 46.92479498260964, 45.40661735889938, 66.04533848677393, 46.44858681442299, 45.75664699081792], [69.3987515770911, 101.87577814784842, 33.01226957230833, 47.16484954004518, 68.25678726991454, 0.0, 53.41447312502088, 83.12692100437461, 74.91826014596454, 52.36991597666764, 68.8386594654298, 92.30290493275808, 78.47501306562049, 66.50538850378676, 41.18530426284072, 33.16166600119987, 41.767510433961846, 100.33359448921061, 107.55032998069649, 55.3739362538369, 59.55404254856754, 71.34202925110415, 34.478324461113694, 82.01820294180706, 25.199457739409844, 42.406671499325235], [20.711368870966094, 52.73092795760899, 78.23171183728259, 7.250965527479559, 26.18964058124955, 53.41447312502088, 0.0, 41.831389070675876, 46.046479896126755, 8.796989300269201, 57.75626495877474, 48.82352936245503, 64.96016940485433, 65.69026015924156, 39.8994241092175, 47.296378059228495, 72.87344590174072, 58.208949489771435, 61.42921799806727, 76.98014710902474, 32.071354689808, 64.09403927316711, 22.335476989496936, 82.66550532780812, 39.737969176119165, 20.197953392013435], [51.263039844679774, 23.992186498553764, 95.89964303424736, 42.7838523426405, 16.227594235808464, 83.12692100437461, 41.831389070675876, 0.0, 18.44868273699368, 35.85568376430015, 40.61517793313341, 9.376082583924784, 41.54060580120425, 53.323692084874516, 47.62695003093864, 59.341515965701056, 81.86283276455231, 17.41604026590932, 25.076707418089313, 77.57567603502227, 72.11665224193092, 46.87265878962133, 61.633509452374284, 64.80435286361602, 59.92650194188862, 61.75061149638961], [61.1564742279262, 42.12013623272136, 82.17336909319015, 43.97620365197395, 22.118586644689493, 74.91826014596454, 46.046479896126755, 18.44868273699368, 0.0, 37.83735982675265, 22.191162035920822, 25.92176061687142, 23.721166035443524, 34.96931222945441, 35.15401039078241, 46.423708671636774, 66.22074788587156, 29.82506337864438, 40.598479300627325, 60.24973105861887, 78.10790486411477, 28.431088532917865, 61.009549676616636, 46.62304060569948, 50.02468805051561, 63.62366766952105], [28.533107784956343, 50.2419323580989, 74.09674552492777, 6.929322598870144, 19.65798178700851, 52.36991597666764, 8.796989300269201, 35.85568376430015, 37.83735982675265, 0.0, 48.9659861066706, 43.76308488045873, 56.18745922592133, 57.09671231753803, 32.452537101898336, 41.02205060325373, 66.8266171320896, 52.919941708896175, 57.58980586152932, 69.71836812336684, 40.56045425936481, 55.32613842170849, 25.836259088445402, 73.96543150741724, 35.00251300903587, 26.327766621200773], [76.35623480989184, 64.27529434159268, 67.3553712313689, 53.175206655634874, 40.14596437417421, 68.8386594654298, 57.75626495877474, 40.61517793313341, 22.191162035920822, 48.9659861066706, 0.0, 47.89800409805965, 9.657968481533834, 12.869683354515105, 28.380296547520686, 36.072670781755704, 48.844033110577655, 50.43535409878912, 61.847648038507074, 39.908916653865504, 88.67267307445704, 6.780205789966645, 65.90255561582336, 25.9340519326615, 44.215690834237094, 70.98701185451606], [55.33967197691848, 16.670501608305212, 105.20974083333023, 50.65796775038609, 24.581366656296932, 92.30290493275808, 48.82352936245503, 9.376082583924784, 25.92176061687142, 43.76308488045873, 47.89800409805965, 0.0, 47.368510933931965, 60.75612907551799, 56.95114350066349, 68.66662112800766, 90.87871106051652, 9.435489214859597, 15.714153196509146, 85.99322614680183, 77.6328557607552, 53.762640246292, 69.58696028859465, 70.78484916306412, 69.27743676862133, 68.9921469058473], [82.56354126511475, 64.03759862893328, 75.70922861061386, 60.98001875399505, 44.65854571929842, 78.47501306562049, 64.96016940485433, 41.54060580120425, 23.721166035443524, 56.18745922592133, 9.657968481533834, 47.368510933931965, 0.0, 17.583970180865983, 38.00000903541386, 45.615469929923165, 56.493203083320914, 48.073619211247674, 59.815956075497844, 45.811250626266386, 96.46391388784387, 9.366711956933992, 74.73831146181992, 23.419900431057403, 53.87103628588914, 79.40795145443481], [85.36252158594283, 77.08718769311788, 59.18233567231582, 60.18810345860069, 51.3629624587364, 66.50538850378676, 65.69026015924156, 53.323692084874516, 34.96931222945441, 57.09671231753803, 12.869683354515105, 60.75612907551799, 17.583970180865983, 0.0, 29.961184252641715, 33.53286494856848, 39.39775109765367, 63.20829484057358, 74.67860431924035, 28.238245785690065, 95.08823208353034, 8.267551921392934, 70.09223036567839, 17.544837611206585, 43.80825216542919, 76.25449422560223], [60.581770512539144, 70.17885054427525, 48.27672232073956, 33.25413070989122, 36.792796449351954, 41.18530426284072, 39.8994241092175, 47.62695003093864, 35.15401039078241, 32.452537101898336, 28.380296547520686, 56.95114350066349, 38.00000903541386, 29.961184252641715, 0.0, 11.715568058459116, 35.99533114000123, 63.43725463820823, 72.66035186882466, 37.266479483502515, 66.3757378923211, 32.223941097198946, 40.293562011494245, 47.43197441208932, 16.070512108153633, 46.91323036811864], [67.85794341400357, 81.77188290322725, 36.569542060828, 40.16027973181989, 48.098605353990536, 33.16166600119987, 47.296378059228495, 59.341515965701056, 46.423708671636774, 41.02205060325373, 36.072670781755704, 68.66662112800766, 45.615469929923165, 33.53286494856848, 11.715568058459116, 0.0, 25.810399189760915, 75.08357388979607, 84.37536989708384, 30.901231185838697, 69.88042238636615, 38.19485688894435, 42.07102877696187, 49.81539690026246, 11.389348225182953, 49.83563816302025], [93.252215416692, 105.28712684572719, 20.51358932074085, 65.66689449818898, 72.64494999757946, 41.767510433961846, 72.87344590174072, 81.86283276455231, 66.22074788587156, 66.8266171320896, 48.844033110577655, 90.87871106051652, 56.493203083320914, 39.39775109765367, 35.99533114000123, 25.810399189760915, 0.0, 96.01004422506637, 106.33689518968099, 15.612192234862745, 92.70521778260843, 47.21484497951059, 64.44489359411149, 48.909438837151626, 33.954413828837794, 72.78354889793782], [64.48688736636606, 19.47674581271042, 111.40028220113948, 59.83822405237816, 33.47531557335136, 100.33359448921061, 58.208949489771435, 17.41604026590932, 29.82506337864438, 52.919941708896175, 50.43535409878912, 9.435489214859597, 48.073619211247674, 63.20829484057358, 63.43725463820823, 75.08357388979607, 96.01004422506637, 0.0, 11.777920680900001, 89.78712656412681, 87.01097255018416, 55.60812396399358, 78.7556095143823, 71.11701750110355, 76.69610093716854, 78.3561375638116], [63.883911580519644, 12.151942149124467, 120.90978908687363, 64.31690910629233, 39.357267852694555, 107.55032998069649, 61.42921799806727, 25.076707418089313, 40.598479300627325, 57.58980586152932, 61.847648038507074, 15.714153196509146, 59.815956075497844, 74.67860431924035, 72.66035186882466, 84.37536989708384, 106.33689518968099, 11.777920680900001, 0.0, 100.83499942354341, 87.59697656800941, 67.20266603161517, 83.11148037883918, 82.89377066396827, 84.87322159129506, 81.53946693420573], [97.69148908245865, 101.53591127885244, 35.74206609327578, 70.10135717416473, 71.24045467545672, 55.3739362538369, 76.98014710902474, 77.57567603502227, 60.24973105861887, 69.71836812336684, 39.908916653865504, 85.99322614680183, 45.811250626266386, 28.238245785690065, 37.266479483502515, 30.901231185838697, 15.612192234862745, 89.78712656412681, 100.83499942354341, 0.0, 100.7668059947921, 36.50178410248392, 72.82117463438823, 34.2179438207088, 41.66262157771647, 80.70883912368744], [24.390467596200065, 76.82366125140423, 91.34407496555355, 35.51847977947379, 57.55213715530269, 59.55404254856754, 32.071354689808, 72.11665224193092, 78.10790486411477, 40.56045425936481, 88.67267307445704, 77.6328557607552, 96.46391388784387, 95.08823208353034, 66.3757378923211, 69.88042238636615, 92.70521778260843, 87.01097255018416, 87.59697656800941, 100.7668059947921, 0.0, 94.67007595805948, 28.262841243425733, 112.5175352839403, 59.320729219528545, 20.069833725887204], [82.94834586988108, 70.28842341952027, 66.63674043595215, 59.25777088845033, 46.92479498260964, 71.34202925110415, 64.09403927316711, 46.87265878962133, 28.431088532917865, 55.32613842170849, 6.780205789966645, 53.762640246292, 9.366711956933992, 8.267551921392934, 32.223941097198946, 38.19485688894435, 47.21484497951059, 55.60812396399358, 67.20266603161517, 36.50178410248392, 94.67007595805948, 0.0, 71.13114171821442, 19.16296272740021, 47.443987410504086, 76.59758738653474], [35.04410530080089, 74.92652633644585, 64.18706624398214, 18.92899494161961, 45.40661735889938, 34.478324461113694, 22.335476989496936, 61.633509452374284, 61.009549676616636, 25.836259088445402, 65.90255561582336, 69.58696028859465, 74.73831146181992, 70.09223036567839, 40.293562011494245, 42.07102877696187, 64.44489359411149, 78.7556095143823, 83.11148037883918, 72.82117463438823, 28.262841243425733, 71.13114171821442, 0.0, 87.62756879166427, 31.199124146925026, 8.50925516953538], [101.89710405097685, 87.45490926989181, 69.42254142972287, 77.42762340051932, 66.04533848677393, 82.01820294180706, 82.66550532780812, 64.80435286361602, 46.62304060569948, 73.96543150741724, 25.9340519326615, 70.78484916306412, 23.419900431057403, 17.544837611206585, 47.43197441208932, 49.81539690026246, 48.909438837151626, 71.11701750110355, 82.89377066396827, 34.2179438207088, 112.5175352839403, 19.16296272740021, 87.62756879166427, 0.0, 60.62615801916433, 93.78584444750267], [59.6597253391808, 80.66805178770345, 39.12036592096597, 32.49176036977101, 46.44858681442299, 25.199457739409844, 39.737969176119165, 59.92650194188862, 50.02468805051561, 35.00251300903587, 44.215690834237094, 69.27743676862133, 53.87103628588914, 43.80825216542919, 16.070512108153633, 11.389348225182953, 33.954413828837794, 76.69610093716854, 84.87322159129506, 41.66262157771647, 59.320729219528545, 47.443987410504086, 31.199124146925026, 60.62615801916433, 0.0, 39.259703210095346], [28.052962399568454, 72.44882965943847, 72.65337286752248, 19.709351712444054, 45.75664699081792, 42.406671499325235, 20.197953392013435, 61.75061149638961, 63.62366766952105, 26.327766621200773, 70.98701185451606, 68.9921469058473, 79.40795145443481, 76.25449422560223, 46.91323036811864, 49.83563816302025, 72.78354889793782, 78.3561375638116, 81.53946693420573, 80.70883912368744, 20.069833725887204, 76.59758738653474, 8.50925516953538, 93.78584444750267, 39.259703210095346, 0.0]]",Route_2,1392.9778204099443
