instance_id,num_cities,city_coordinates,distance_matrix,best_route,total_distance
2385,64,"[[77.28689962444307, 63.821303883212586], [3.4821467564775443, 55.527872794046694], [88.79848131538702, 85.54190429238491], [7.20497645815562, 84.9429869522716], [58.23959867988632, 8.456203223977642], [39.91444565697251, 78.52987766782591], [42.19649173192662, 44.927674288076105], [9.095719828105997, 68.94210510267266], [8.945424802667024, 8.39734576712683], [18.170534419152386, 76.03786105761193], [24.296948093287483, 13.368748118525476], [63.280388379685306, 39.25247192719771], [33.07483563004162, 86.06756682311743], [7.382903581273414, 23.24895951365954], [73.88371127929733, 83.46831668829667], [94.98795313752112, 35.33400353019233], [10.220028886178678, 29.724211306832792], [12.062726010676283, 45.13226611300203], [99.75293939637052, 2.1514186244750433], [55.710868189792095, 58.84886157711281], [25.030045138458558, 57.10951061967741], [90.97248272244585, 51.01469076068925], [35.05054795343645, 37.8649768380429], [53.651997971565144, 28.587916515442835], [44.769350391450594, 23.704462007694705], [70.65209270869782, 50.52162494212159], [11.244703296202674, 35.91583977412469], [77.9155111720077, 85.69871776869708], [78.88042771723704, 93.2308929261726], [10.615273995852704, 50.061966445197214], [32.340616557312586, 81.15737008282268], [33.82105563559388, 52.9503023436218], [83.36544074542228, 52.417653629847216], [25.007339770668835, 96.01124684323113], [49.55968479807103, 81.43648963569923], [90.44258656119449, 88.1983597119493], [50.13610268709516, 58.45228589137251], [41.10214336699245, 39.787637171318266], [82.45274812011704, 75.12429981156072], [43.07461505307294, 0.3531147425820724], [88.68054012073137, 18.64477110111502], [18.929496915329292, 35.389459991340054], [70.90094863208229, 17.49021479036006], [94.31980666911886, 80.9681747320695], [50.39942916895348, 25.282811894163515], [88.79805913187255, 63.48826412509037], [57.06401722479669, 28.057476342265588], [53.7566236995694, 61.7202586987854], [53.33114128437947, 73.87317246512536], [14.916234469791434, 41.63402184242635], [52.42616083741943, 85.02014220478664], [5.761582953975086, 49.349430663067785], [34.68140414271013, 24.097527411346174], [98.78134685926221, 21.997771813821064], [24.287559819621794, 40.57846305239827], [11.611238996921902, 86.72668910294924], [21.322903048901466, 56.304003919264744], [3.4182973624613977, 99.54604352810648], [37.08467811664272, 39.327018596802056], [82.39387712817631, 35.14337509355888], [77.30315994312934, 28.738724684139328], [33.64607127948058, 92.47529289825064], [17.097761305605275, 1.4621815143942896], [23.607288847622186, 90.418344014369]]","[[0.0, 74.26925706597721, 24.582534351897348, 73.1956381921436, 58.54992779055948, 40.16269983863286, 39.85355649551741, 68.38318219522687, 87.9907512984693, 60.36546118668084, 73.1669006208619, 28.280909832118617, 49.49346237066501, 80.82501958208907, 19.939578808883443, 33.53883684441131, 75.2368053068794, 67.84889797465503, 65.6345769458422, 22.14159693781227, 52.68611780708269, 18.743119388253557, 49.57459345423572, 42.42640877506047, 51.64060427788771, 14.862776414429447, 71.69579222661147, 21.886443082294605, 29.45272923615598, 68.0766114806846, 48.17372263825875, 44.804667927982265, 12.922534629882609, 61.39499007470894, 32.849554199751225, 27.700414250605682, 27.676562801941333, 43.43908057302236, 12.427538277410834, 72.10195176542213, 46.591138191404994, 64.91499209000558, 46.769115734709715, 24.16888707201772, 46.990971816773744, 11.515976236775337, 41.08547593649763, 23.62389205799277, 25.97919205124693, 66.19951175190849, 32.67180863100263, 72.97469451330832, 58.251237432614026, 47.02360148574166, 57.87192470994447, 69.55536694551948, 56.466615902276295, 82.05380809465395, 47.07641262728408, 29.12910604340762, 35.082582967296055, 52.20702045806103, 86.66829013066683, 59.9074549358369], [74.26925706597721, 0.0, 90.4417991271238, 29.649762257547692, 72.20886799596147, 43.08601433630604, 40.13931632756169, 14.541452164770089, 47.44611664662557, 25.22713520597617, 47.01752596741993, 61.97352962841608, 42.52528831362372, 32.51375318798102, 75.74330790418706, 93.70755016161011, 26.668858275908097, 13.47942797764676, 110.07775149969977, 52.33419827470391, 21.605867325605, 87.60666469797961, 36.17377292576449, 56.945370446043405, 52.12832874812539, 67.35624809012967, 21.092394913971724, 80.3156623872299, 84.29957591186992, 8.986525269953283, 38.596404113869, 30.448206209926845, 79.94381853385242, 45.85016367151125, 52.86204629620439, 92.8949880590048, 46.74552166721237, 40.78013195704695, 81.36569198124977, 67.910363508485, 92.83926659739006, 25.380628383521078, 77.40903224267483, 94.33286501057015, 55.821099037995175, 85.68647929860016, 60.21328361833259, 50.65440430105443, 53.117532656030576, 17.993817163170164, 57.14289517823807, 6.5855126257807175, 44.28611828020416, 101.02576508977658, 25.619329896618027, 32.240475798757934, 17.857630430972527, 44.0182170415608, 37.30412565027175, 81.50207934008112, 78.53152516256368, 47.696689560030876, 55.75377954091634, 40.278608791328686], [24.582534351897348, 90.4417991271238, 0.0, 81.59570293138808, 82.92195497658116, 49.384384775318054, 61.81634987590135, 81.4130427010143, 111.03059733461144, 71.26453339906024, 96.79572438955098, 52.85720968577844, 55.72612501836217, 102.51296145846545, 15.05822468889568, 50.587971498995394, 96.385621523123, 86.72551527649219, 84.10691560019251, 42.512453137267705, 69.8198715439295, 34.59558868383658, 71.84657091446516, 66.92557071205009, 75.91069515048277, 39.44250733961343, 92.07244302514977, 10.884099852906482, 12.549435580387353, 85.85708996005856, 56.62786092795528, 63.91189131893844, 33.566857341572984, 64.64454248446059, 39.45297937584257, 3.1240738556289926, 47.20833555962198, 66.09382432174269, 12.198147929273516, 96.68403079585885, 66.89723715771751, 86.00548035134108, 70.36585905273921, 7.169660783653928, 71.45379921601024, 22.053640171335577, 65.66228497295405, 42.37219116300565, 37.337534885576076, 85.9446830245647, 36.37606263228657, 90.58157448892283, 81.87838232410672, 64.32351340622155, 78.63440748409387, 77.1963347042902, 73.5378030717883, 86.52104788760302, 69.35512310661878, 50.80384532887011, 57.954668725289864, 55.58651104655429, 110.50064720328507, 65.37332207966261], [73.1956381921436, 29.649762257547692, 81.59570293138808, 0.0, 91.94977297641132, 33.33222683774059, 53.156668337734196, 16.112204394676606, 76.56542525765036, 14.126030178210634, 73.58673222127943, 72.3330836161831, 25.894290750262417, 61.69428401122229, 66.6950397686034, 100.83105786840761, 55.3010282447355, 40.10599985609717, 124.17555810299145, 55.07926026895918, 33.052011712066744, 90.37767638195642, 54.69657108278558, 73.0288968245246, 71.84176449940507, 72.18287001182215, 49.19329784994818, 70.71457309908456, 72.15302972589011, 35.04733543239153, 25.419112853846883, 41.61667381288658, 82.81493602114794, 20.962598038519467, 42.49960990397946, 83.30124361298556, 50.446395728367555, 56.462585295802604, 75.88566239585609, 91.8807784761404, 105.04151988228743, 50.92166939740343, 92.77420624024971, 87.20546298753779, 73.65525937059385, 84.36667749645697, 75.64314419384405, 52.02260055422349, 47.435892258455546, 43.99011205950504, 45.221250199395904, 35.62281058704704, 66.76169579220517, 111.12304767538774, 47.53972691511672, 4.753603151596388, 31.92972283604327, 15.086026644905612, 54.53084576831168, 90.1852101247465, 89.84806300081289, 27.493037813492506, 84.0649276963625, 17.2920613773809], [58.54992779055948, 72.20886799596147, 82.92195497658116, 91.94977297641132, 0.0, 72.43018074929567, 39.84406457834146, 77.93372283342804, 49.294209015235815, 78.56723481371385, 34.296306305269766, 31.206084772661427, 81.58914792466403, 52.964413288539326, 76.62607536215673, 45.52864707681002, 52.5186371775311, 58.96979869855509, 41.989376826633546, 50.4560649851664, 58.90686519380752, 53.690469909995066, 37.451409039944096, 20.647807639280867, 20.345932883190937, 43.85851926753317, 54.429328781361455, 79.70914367617314, 87.25131424484437, 63.23856287764959, 77.17653100277974, 50.75421264165845, 50.63513662754338, 93.64971273516352, 73.49464681004083, 85.99909272681799, 50.64854321093711, 35.71205857687292, 70.92892011321089, 17.19409117513466, 32.10074502549735, 47.65169903410059, 15.553878860062662, 80.99239112741768, 18.563486130027822, 62.94717811164681, 19.636494076470683, 53.4523775925594, 65.60085989299814, 54.56813662531654, 76.7843266025383, 66.52967897798803, 28.27789865223012, 42.743507405375176, 46.73949635215893, 91.10693105606288, 60.43388492962117, 106.31431740253798, 37.42376124630125, 35.994920610470786, 27.835230281413864, 87.54455448334886, 41.73208744127128, 88.97858960031832], [40.16269983863286, 43.08601433630604, 49.384384775318054, 33.33222683774059, 72.43018074929567, 0.0, 33.679605197541775, 32.275675740036014, 76.66584822120592, 21.88624734173912, 67.00655963629548, 45.70209930665143, 10.178262284019455, 64.14266241582604, 34.32636285537643, 69.99267653636575, 57.129252194459696, 43.48699512294209, 97.02738963218995, 25.236270707025604, 26.084046911339215, 58.000074650933975, 40.954751377179065, 51.79690943813453, 55.0399518739526, 41.584434191453916, 51.36059143583458, 38.67134919639933, 41.646939954179096, 40.851724925726636, 8.016645409503965, 26.295324217800943, 50.693561902731574, 22.97433511882939, 10.073680123011815, 51.44484977404878, 22.529801685398056, 38.760441490514836, 42.6744084549634, 78.2406092261674, 77.22925584099961, 47.97357304799223, 68.45439219525049, 54.45997245165915, 54.26955769813536, 51.14545731863617, 53.30638892786068, 21.775426123207744, 14.201852868669617, 44.56696915483008, 14.09491222095249, 44.92122569796254, 54.68331992421531, 81.61612003427109, 41.0427756406129, 29.466238730867936, 28.97645458703845, 42.114701326279985, 39.304856489686635, 60.71977193421909, 62.26616152788567, 15.289444832477056, 80.3743172610977, 20.180658940620052], [39.85355649551741, 40.13931632756169, 61.81634987590135, 53.156668337734196, 39.84406457834146, 33.679605197541775, 0.0, 40.89442490093002, 49.397351687945594, 39.30763724304288, 36.28166869710783, 21.834344956748524, 42.1390005557299, 41.01161535704011, 49.894498687379865, 53.65609859045892, 35.406771425075384, 30.134460246668237, 71.71159401622329, 19.402005736040426, 21.049561160658737, 49.154339245330895, 10.047199000519893, 19.955357858849, 21.37859539773414, 29.0002329450837, 32.23703411724876, 54.20448631118624, 60.65403605840344, 31.995847693849043, 37.54635978144154, 11.597865783038806, 41.84473865871267, 53.89803642197924, 37.24392850138341, 64.80769925962886, 15.682874135165788, 5.255243087192287, 50.32298054961852, 44.583208265466205, 53.399978975163556, 25.14618419892026, 39.70843776354974, 63.37000577793264, 21.288701253752844, 50.161754148251035, 22.486593628470516, 20.38694538914826, 31.01325983145758, 27.47836572143646, 41.37695147857485, 36.70224117267812, 22.144334724252552, 61.05428942556292, 18.429473150693063, 51.793969961358414, 23.772412170109632, 66.98443563243868, 7.582742420101203, 41.371032177387825, 38.65954270513655, 48.31030661683099, 50.19158625777965, 49.14223739331059], [68.38318219522687, 14.541452164770089, 81.4130427010143, 16.112204394676606, 77.93372283342804, 32.275675740036014, 40.89442490093002, 0.0, 60.544945879848925, 11.51963595058128, 57.61488824303674, 61.78553733794641, 29.46658164397523, 45.72523694103905, 66.39649583607526, 92.23329243925511, 39.234006482130255, 23.993990047540027, 112.60429503388143, 47.69534171853958, 19.847242007270225, 83.81644520644561, 40.490011165615826, 60.114245054986796, 57.611216532534705, 64.25341338450211, 33.09610749767716, 70.83041542061812, 73.89080233091495, 18.941190052217284, 26.25905410495128, 29.446221935545974, 76.08579986839732, 31.39933253696659, 42.34905082702198, 83.59495241261966, 42.35976076771649, 43.294273848985576, 73.61707092280642, 76.5442023887236, 94.14651044342388, 34.96402673846691, 80.4187995696411, 86.06841074758847, 60.10100073026891, 79.88871805143381, 63.02785435038756, 45.24103668239085, 44.50941402385776, 27.921493549640555, 46.217208863350294, 19.874339244155653, 51.63006285256678, 101.22886013339496, 32.17589459026605, 17.961605294393205, 17.584811942041313, 31.126101153230724, 40.748437207181915, 80.71538895288072, 79.17428044587336, 34.00780328406924, 67.9527244140182, 25.919384120778066], [87.9907512984693, 47.44611664662557, 111.03059733461144, 76.56542525765036, 49.294209015235815, 76.66584822120592, 49.397351687945594, 60.544945879848925, 0.0, 68.26669727032734, 16.13642180540514, 62.48461472450474, 81.33198451877752, 14.933583074517138, 99.26042376278693, 90.16041378398108, 21.36492006346858, 36.8669491501433, 91.0220649763396, 68.79216628889996, 51.299025487514115, 92.4374184260631, 39.367737243185005, 49.054427238005694, 38.95717459201782, 74.71390606893786, 27.614383824449405, 103.59717625070417, 109.9437827084686, 41.69806965047031, 76.4287651061908, 51.02708054595234, 86.46459551312681, 89.0740185138894, 83.5717335707971, 114.06133964370812, 64.82413883284943, 44.937789701600664, 99.27644724376533, 35.06438763082353, 80.390909565452, 28.77943582219454, 62.61922388572791, 112.05048101520005, 44.76107063428443, 97.01264090229488, 51.97999298690353, 69.6518240256132, 79.1023116563688, 33.7687311667971, 88.10009841113045, 41.07566318687791, 30.14691254925797, 90.85958661809026, 35.65116290679543, 78.37469357349627, 49.47979247169302, 91.31612257023778, 41.814617520896235, 78.16665039352124, 71.32006484699154, 87.63117670188261, 10.703134759009567, 83.3211522408737], [60.36546118668084, 25.22713520597617, 71.26453339906024, 14.126030178210634, 78.56723481371385, 21.88624734173912, 39.30763724304288, 11.51963595058128, 68.26669727032734, 0.0, 62.96785418829677, 58.207076698770955, 17.96477643410929, 53.87987662672825, 56.206492033655366, 86.93514730053467, 46.99111289879917, 31.50335097152283, 110.06768452771266, 41.28847736053766, 20.13294160348985, 76.98235335753387, 41.738518739387914, 59.248894444336415, 58.705039538748835, 58.35573892943529, 40.715399158257334, 60.52102444267893, 63.097476091347474, 27.05233928848214, 15.066539100318328, 27.892188542999403, 69.34183448555235, 21.111088251336053, 31.8500227948821, 73.28797478675607, 36.48355805866482, 42.89449172962741, 64.28870501454182, 79.67681003272685, 90.91549746215574, 40.655485894465656, 78.79291507808563, 76.30871285199389, 60.12301283516839, 71.73381092772537, 61.76423173800182, 38.358356163674244, 35.22717916372946, 34.55741050635525, 35.41368825630514, 29.432199941383143, 54.50144106639477, 97.04861837105898, 35.983147536619676, 12.54094898398375, 19.98405728410831, 27.753614922075894, 41.29686169664367, 76.13801107846768, 75.72235933352347, 22.57612470356726, 74.58339507883669, 15.37389309137625], [73.1669006208619, 47.01752596741993, 96.79572438955098, 73.58673222127943, 34.296306305269766, 67.00655963629548, 36.28166869710783, 57.61488824303674, 16.13642180540514, 62.96785418829677, 0.0, 46.79397156436682, 73.2268362736711, 19.588350593322815, 85.86499051961442, 74.02493255291508, 21.579175852370835, 34.03817364889144, 76.28522205846318, 55.274542929232375, 43.74690543866866, 76.56920997046515, 26.75266587521898, 33.06572303836553, 22.933517773263652, 59.40652900637195, 26.05249386083834, 90.03651934754832, 96.73323328172027, 39.16095603119537, 68.2641770636514, 40.71127680817268, 70.8089249023556, 82.64555191780299, 72.60456804543361, 99.87350128812811, 51.9633263777293, 31.31089725592562, 84.8283280612776, 22.847483201210373, 64.59940666034905, 22.665420435837536, 46.78588840395179, 97.3287377993304, 28.692933519517872, 81.68451022038508, 35.90876712308574, 56.619264055799505, 67.11013142418275, 29.781260664603934, 76.97515757768434, 40.47430391271441, 14.931297082184415, 74.98256937090586, 27.20971655350902, 74.44672404311564, 43.03813581698157, 88.67042517350426, 28.937136094879648, 62.04343271601565, 55.1896246979252, 79.65708713816541, 13.913828326616297, 77.05268235167364], [28.280909832118617, 61.97352962841608, 52.85720968577844, 72.3330836161831, 31.206084772661427, 45.70209930665143, 21.834344956748524, 61.78553733794641, 62.48461472450474, 58.207076698770955, 46.79397156436682, 0.0, 55.71380912328178, 58.14328178181, 45.46945551082659, 31.948772393484564, 53.90908550541138, 51.55405821284316, 52.02629271662718, 21.00752539487934, 42.21329872133162, 30.086573101223962, 28.263917511801203, 14.36797285568046, 24.174348799064525, 13.466099449660613, 52.14255110974431, 48.69743906937357, 56.187464446046455, 53.7629932648549, 52.089250041191704, 32.48819545379845, 24.01523137090654, 68.45717478684819, 44.359317587240824, 55.97753961267926, 23.268113430773706, 22.18470089231654, 40.67391564359019, 43.834156374940626, 32.708485776713886, 44.51880989985767, 23.05794384263814, 51.99658977520363, 19.00185547853393, 35.19268594575394, 12.805123837041986, 24.402941136177706, 36.02194363857003, 48.422754603787546, 47.03715444387958, 58.39830094544339, 32.36625160047566, 39.47204997173574, 39.01536788982792, 70.16767271606449, 45.29001345285103, 84.96343164767012, 26.19581633374352, 19.550195112246655, 17.526465799226393, 60.916840217728286, 59.673621416397815, 64.74489395250995], [49.49346237066501, 42.52528831362372, 55.72612501836217, 25.894290750262417, 81.58914792466403, 10.178262284019455, 42.1390005557299, 29.46658164397523, 81.33198451877752, 17.96477643410929, 73.2268362736711, 55.71380912328178, 0.0, 67.86938040602993, 40.89156921689093, 80.04454112487748, 60.80226888968672, 46.01312415913311, 107.18157234510902, 35.40124129624501, 30.05474460272548, 67.68191530301529, 48.24306292571007, 61.05186163846251, 63.45012622307551, 51.725856530003945, 54.696895741070996, 44.842192549928036, 46.36232853640175, 42.436248271665335, 4.964786971780389, 33.12567057285859, 60.51001256639906, 12.804735912286729, 17.122999971047868, 57.40730898791448, 32.46060034151086, 46.97094376398233, 50.57601541011086, 86.29578717397317, 87.39466662718486, 52.615217564949596, 78.31773768864805, 61.456897719260546, 63.20544259050398, 60.124059641412565, 62.774608172275784, 31.945700346901557, 23.643628581928542, 48.00077828169182, 19.37965132846258, 45.76281563468971, 61.99086099645964, 91.77300393061648, 46.330063436516525, 21.473714690501005, 31.99964993751118, 32.575751661372024, 46.91223385497503, 70.89175662658933, 72.40677325043244, 6.433137929590195, 86.10074405721515, 10.419390780905351], [80.82501958208907, 32.51375318798102, 102.51296145846545, 61.69428401122229, 52.964413288539326, 64.14266241582604, 41.01161535704011, 45.72523694103905, 14.933583074517138, 53.87987662672825, 19.588350593322815, 58.14328178181, 67.86938040602993, 0.0, 89.71470561182306, 88.4346820915536, 7.069523730827079, 22.37811086065061, 94.74877174957538, 60.02453823337335, 38.183223100500285, 88.08038131548143, 31.290997228135115, 46.57610500637227, 37.38922154327741, 68.89694167678728, 13.242482870337776, 94.20626857943763, 100.04682384626767, 27.007139041515206, 63.05768352580928, 39.76362219353665, 81.38893456941788, 74.86635565075414, 71.86563528914837, 105.43877618240165, 55.38149710722724, 37.556823486428634, 91.24983556209402, 42.40422119986949, 81.42790834744571, 16.75456861487709, 63.77856370180122, 104.35292484609408, 43.06457975112744, 90.81645879982202, 49.91327365492732, 60.254151546607275, 68.36703507522098, 19.868608182470663, 76.44981383433155, 26.15077962121962, 27.31168615043284, 91.4070068665415, 24.20907051986691, 63.61840122321695, 35.874218400043254, 76.40002049461648, 33.77424158187618, 75.94816175814606, 70.13543876910352, 74.04079423816782, 23.85460450716546, 69.10106288238309], [19.939578808883443, 75.74330790418706, 15.05822468889568, 66.6950397686034, 76.62607536215673, 34.32636285537643, 49.894498687379865, 66.39649583607526, 99.26042376278693, 56.206492033655366, 85.86499051961442, 45.46945551082659, 40.89156921689093, 89.71470561182306, 0.0, 52.55759819105951, 83.31562469972711, 72.74260782577574, 85.3326131915291, 30.600160063754167, 55.51096605864121, 36.677839975729775, 59.89723849553274, 58.49085865756155, 66.4782997390268, 33.10480109596377, 78.64402953676175, 4.607613194953615, 10.966999132010393, 71.54634437100052, 41.60732139050949, 50.362342844309225, 32.4660880002217, 50.460130684739966, 24.40873993943696, 17.221197914402747, 34.492763163902836, 54.613486959303685, 11.960393388955888, 88.64162230438741, 66.490888144588, 73.0174098256535, 66.04549040671988, 20.58846047141875, 62.746031542929536, 24.93271490022901, 57.907368580694026, 29.63237555035342, 22.68203972440432, 72.29987238253486, 21.513591829338118, 76.18873112983462, 71.14570615433777, 66.32134003952011, 65.56918319241032, 62.3576602748354, 59.16534838946054, 72.27632986536156, 57.468452553625795, 49.06855309574804, 54.83630977834035, 41.23340021392281, 99.74793391632232, 50.754522284830934], [33.53883684441131, 93.70755016161011, 50.587971498995394, 100.83105786840761, 45.52864707681002, 69.99267653636575, 53.65609859045892, 92.23329243925511, 90.16041378398108, 86.93514730053467, 74.02493255291508, 31.948772393484564, 80.04454112487748, 88.4346820915536, 52.55759819105951, 0.0, 84.95334455258718, 83.50209125333623, 33.522962802714204, 45.7781383518153, 73.26855806285201, 16.186659775105362, 59.99081901496421, 41.882823203462465, 51.54759255087611, 28.686197847802344, 83.74527107485076, 53.17962687902264, 60.095775033653325, 85.64847854555671, 77.61745746164749, 63.65314865656929, 20.662378736048993, 92.62296747173768, 64.72377298512147, 53.059405498222965, 50.4593248880584, 54.06954177015903, 41.718090116727915, 62.599179319232086, 17.841354714150338, 76.05847643965893, 29.9764004282835, 45.639062227279325, 45.70736180310242, 28.826674755278187, 38.61570617027567, 48.95157800360483, 56.74995608776583, 80.3191780407303, 65.42337915598682, 90.32041482327313, 61.3444231143544, 13.865241156247214, 70.89463993127916, 97.94327231241283, 76.59164785325186, 111.8400104589438, 58.04079106512636, 12.595518636801252, 18.87457584650844, 83.83288984956904, 84.936342694294, 90.1636501093648], [75.2368053068794, 26.668858275908097, 96.385621523123, 55.3010282447355, 52.5186371775311, 57.129252194459696, 35.406771425075384, 39.234006482130255, 21.36492006346858, 46.99111289879917, 21.579175852370835, 53.90908550541138, 60.80226888968672, 7.069523730827079, 83.31562469972711, 84.95334455258718, 0.0, 15.51785054711337, 93.68244745271284, 54.0153840485588, 31.13344182461814, 83.5119351706901, 26.130953686836428, 43.44683077609811, 35.06983031180958, 63.91061532927314, 6.275844223969988, 87.839761472583, 93.52726328691647, 20.341595383961153, 55.988304319674725, 33.112833893761234, 76.58487840642142, 67.91638714918734, 64.97513568456965, 99.27177238079729, 49.179215294828445, 32.48041771492606, 85.31549545168274, 44.06909513008431, 79.23891606060398, 10.389892973852422, 61.90189570581713, 98.48206136483392, 40.42412937623151, 85.52495600704667, 46.87363063504567, 54.02945619431531, 61.70655381372977, 12.802262842063934, 69.56290353454801, 20.125281983384067, 25.10016834805252, 88.89772161517291, 17.768235914673415, 57.01945229892148, 28.805540959911678, 70.15234712008161, 28.529340793719, 72.37701089576903, 67.09036932591388, 66.9811742440035, 29.086861831794664, 62.15300857074647], [67.84889797465503, 13.47942797764676, 86.72551527649219, 40.10599985609717, 58.96979869855509, 43.48699512294209, 30.134460246668237, 23.993990047540027, 36.8669491501433, 31.50335097152283, 34.03817364889144, 51.55405821284316, 46.01312415913311, 22.37811086065061, 72.74260782577574, 83.50209125333623, 15.51785054711337, 0.0, 97.65719008071349, 45.75265354943222, 17.652358237199742, 79.12870922772834, 24.10919847439939, 44.75916717101687, 39.100819264568955, 58.83671539663175, 9.25265775987347, 77.34485318001653, 82.32911491483182, 5.137807187941381, 41.34006484099595, 23.120263808396523, 71.67394226506009, 52.49984481446029, 52.192131244944775, 89.43204659288507, 40.33614927630868, 29.527153925134748, 76.5132491660303, 54.469346052921416, 81.0671131286152, 11.919513990984834, 65.00784139294049, 89.72424234845164, 43.170634021654436, 78.90027891104538, 48.13174271364914, 44.872515001032546, 50.29037479622061, 4.514446090370037, 56.74724248918447, 7.58214222125548, 30.88793992301016, 89.75145697067897, 13.045446867436217, 41.596873252568365, 14.510637628689944, 55.096146137770916, 25.686552628128677, 71.03695349120018, 67.26858420001575, 52.03078875224922, 43.95938886370849, 46.73441753980539], [65.6345769458422, 110.07775149969977, 84.10691560019251, 124.17555810299145, 41.989376826633546, 97.02738963218995, 71.71159401622329, 112.60429503388143, 91.0220649763396, 110.06768452771266, 76.28522205846318, 52.02629271662718, 107.18157234510902, 94.74877174957538, 85.3326131915291, 33.522962802714204, 93.68244745271284, 97.65719008071349, 0.0, 71.79348211037642, 92.75722506647242, 49.645903992780674, 73.90438213467839, 53.14306371477355, 59.056995681637076, 56.449412194912405, 94.72984742484263, 86.35406455835373, 93.4405285883441, 101.19754930598062, 103.85741011789267, 83.2318441664965, 52.87007181430845, 119.9857158859341, 93.83754734872697, 86.54916949588099, 75.04410796351505, 69.68788145284269, 74.99558658307487, 56.70684568211911, 19.86526369414362, 87.39105359469931, 32.67592445335162, 79.00379721605768, 54.50532383505989, 62.307447528973945, 49.934636302352125, 75.26026684432202, 85.4341460654304, 93.57426173721933, 95.43086144742739, 105.17617328214872, 68.67267572443605, 19.870121463504685, 84.68566146714772, 122.15537534555419, 95.30883010285453, 136.9893288395869, 72.86519199951861, 37.28010507615244, 34.79766430393614, 111.93087275657552, 82.65805171312734, 116.5727678974691], [22.14159693781227, 52.33419827470391, 42.512453137267705, 55.07926026895918, 50.4560649851664, 25.236270707025604, 19.402005736040426, 47.69534171853958, 68.79216628889996, 41.28847736053766, 55.274542929232375, 21.00752539487934, 35.40124129624501, 60.02453823337335, 30.600160063754167, 45.7781383518153, 54.0153840485588, 45.75265354943222, 71.79348211037642, 0.0, 30.73008696473817, 36.12140212990577, 29.447788558928114, 30.33090408479296, 36.808227787090466, 17.1050594883353, 50.03162309340176, 34.841942360844534, 41.46025287409069, 45.94368446004023, 32.308485156607716, 22.670617430695085, 28.392531040673113, 48.20528535390407, 23.41021141364652, 45.47180776917915, 5.588853432018072, 24.01551824958895, 31.305239688129603, 59.84502728769331, 51.993924243472726, 43.62582716227205, 44.05991611288678, 44.496226187705844, 33.98368837825446, 33.410870393329645, 30.821103435660785, 3.473325921636984, 15.211607995343472, 44.278130577520486, 26.376603876981328, 50.84456985027724, 40.61888211667441, 56.6839390794206, 36.348751989287145, 52.17231605467533, 34.48200178397155, 66.26291257169188, 26.982166517701955, 35.69219880348996, 37.05195550675886, 40.219300666328, 69.16793384127106, 45.02523767772055], [52.68611780708269, 21.605867325605, 69.8198715439295, 33.052011712066744, 58.90686519380752, 26.084046911339215, 21.049561160658737, 19.847242007270225, 51.299025487514115, 20.13294160348985, 43.74690543866866, 42.21329872133162, 30.05474460272548, 38.183223100500285, 55.51096605864121, 73.26855806285201, 31.13344182461814, 17.652358237199742, 92.75722506647242, 30.73008696473817, 0.0, 66.22349963292166, 21.6970633298023, 40.406651856189306, 38.80125570957372, 46.09524337935226, 25.282549982497454, 60.11834398081202, 64.84302555875067, 16.04535777055009, 25.13451808229772, 9.725270127063459, 58.523772115559844, 38.90174284965493, 34.54714358491016, 72.42456153310974, 25.14194047932118, 23.629634809463553, 60.18221869745054, 59.5558139593522, 74.370166718377, 22.560524992124265, 60.612114212691054, 73.28237786946953, 40.700668272785876, 64.08625519522154, 43.24576352990201, 29.09424880756799, 32.89334889501504, 18.487290746252366, 39.1094683020691, 20.772396970206493, 34.39389140495869, 81.68285442786444, 16.547713380414034, 32.51525210688242, 3.793645149005824, 47.6227568208887, 21.483277189068495, 61.42573019913049, 59.47587768148039, 36.400198662070785, 56.20984222853357, 33.339205413123395], [18.743119388253557, 87.60666469797961, 34.59558868383658, 90.37767638195642, 53.690469909995066, 58.000074650933975, 49.154339245330895, 83.81644520644561, 92.4374184260631, 76.98235335753387, 76.56920997046515, 30.086573101223962, 67.68191530301529, 88.08038131548143, 36.677839975729775, 16.186659775105362, 83.5119351706901, 79.12870922772834, 49.645903992780674, 36.12140212990577, 66.22349963292166, 0.0, 57.44717368641195, 43.54054185570004, 53.6710166825294, 20.32637115208394, 81.14489579359977, 37.06030538947524, 43.913842003700346, 80.36285633270252, 65.92629859716887, 57.18419545874314, 7.735334023326635, 79.85042356767879, 51.385850958378235, 37.18744447550287, 41.50816492835538, 51.11846515425411, 25.57066925756896, 69.71944500576012, 32.450958378094846, 73.71797366042975, 39.07373759734031, 30.139936622821626, 48.04479435543577, 12.661680395126815, 40.94896489850192, 38.72504806566167, 44.038401095965476, 76.63256388522741, 51.40223398628635, 85.22717014277255, 62.395666599894575, 30.04929190973349, 67.49662059195919, 87.02616750874185, 69.85013086881717, 100.10508266559701, 55.140703349193146, 18.041372867598806, 26.13558971763874, 70.74813763299568, 88.95462684436347, 78.0430473234407], [49.57459345423572, 36.17377292576449, 71.84657091446516, 54.69657108278558, 37.451409039944096, 40.954751377179065, 10.047199000519893, 40.490011165615826, 39.367737243185005, 41.738518739387914, 26.75266587521898, 28.263917511801203, 48.24306292571007, 31.290997228135115, 59.89723849553274, 59.99081901496421, 26.130953686836428, 24.10919847439939, 73.90438213467839, 29.447788558928114, 21.6970633298023, 57.44717368641195, 0.0, 20.786480967352325, 17.1748450091889, 37.78439797312321, 23.885505544959386, 64.22983608223213, 70.61475075638967, 27.310239267703253, 43.37712578113437, 15.135345948107801, 50.45898599167252, 59.0072431665695, 45.92376051079291, 74.8446883396184, 25.52275956238902, 6.349679504236617, 60.29283314861697, 38.36046728975469, 56.970100653184296, 16.31001134982945, 41.23569033397097, 73.28526930699044, 19.846889661683488, 59.5428233229722, 24.09937541381091, 30.314876586843194, 40.38279639709909, 20.484049397098158, 50.25456739301398, 31.460072320304693, 13.772397426361525, 65.67634981068522, 11.099771214044535, 54.19287895856283, 22.987952373515956, 69.31921281632036, 2.5050452341666682, 47.42149231522932, 43.22697882489788, 54.628373350516945, 40.58898934191388, 53.7847987867627], [42.42640877506047, 56.945370446043405, 66.92557071205009, 73.0288968245246, 20.647807639280867, 51.79690943813453, 19.955357858849, 60.114245054986796, 49.054427238005694, 59.248894444336415, 33.06572303836553, 14.36797285568046, 61.05186163846251, 46.57610500637227, 58.49085865756155, 41.882823203462465, 43.44683077609811, 44.75916717101687, 53.14306371477355, 30.33090408479296, 40.406651856189306, 43.54054185570004, 20.786480967352325, 0.0, 10.136545563541873, 27.75050966050975, 43.03576536984275, 62.0512827636686, 69.39155616262305, 48.09671954455154, 56.72497180393001, 31.413247478948634, 38.08864729045788, 73.25586608549676, 53.00677983010325, 70.0496420180381, 30.070618182427257, 16.820600267694292, 54.72767288495384, 30.151037470660143, 36.41242790348348, 35.382383657051996, 20.510613897878827, 66.31411701215143, 4.63712414900923, 49.53059537657809, 3.4530048018708404, 33.13250737715245, 45.28639260795641, 40.87371084533544, 56.44553811358773, 52.197052792844985, 19.49479480593684, 45.60798327284159, 31.71818775141796, 71.746374773544, 42.583469556799784, 86.93952188751891, 19.74346475898191, 29.47998735791172, 23.651642769772046, 66.94650075909577, 45.51942132297065, 68.74362742132762], [51.64060427788771, 52.12832874812539, 75.91069515048277, 71.84176449940507, 20.345932883190937, 55.0399518739526, 21.37859539773414, 57.611216532534705, 38.95717459201782, 58.705039538748835, 22.933517773263652, 24.174348799064525, 63.45012622307551, 37.38922154327741, 66.4782997390268, 51.54759255087611, 35.06983031180958, 39.100819264568955, 59.056995681637076, 36.808227787090466, 38.80125570957372, 53.6710166825294, 17.1748450091889, 10.136545563541873, 0.0, 37.27031764974132, 35.67940175809252, 70.29904495689198, 77.44346449241318, 43.141847139515264, 58.78188556867628, 31.227941575064786, 48.105151114432594, 74.95870994773357, 57.93042652844815, 79.02852234038075, 35.159825011707554, 16.4959671042359, 63.749809287187304, 23.412764615974535, 44.20173136327375, 28.35907624633098, 26.86032939276689, 75.72569255084326, 5.847133947927354, 59.34035814068706, 13.042529138934679, 39.063690040409234, 50.8940445657029, 34.823521448860426, 61.79190387289867, 46.68265564201808, 10.095601018712284, 54.03895404110593, 26.537438766484456, 71.21278999798989, 40.15552298042127, 86.38202981016099, 17.410297595132093, 39.324976093426216, 32.921004915408446, 69.66458583513027, 35.50261798907971, 69.98981998251776], [14.862776414429447, 67.35624809012967, 39.44250733961343, 72.18287001182215, 43.85851926753317, 41.584434191453916, 29.0002329450837, 64.25341338450211, 74.71390606893786, 58.35573892943529, 59.40652900637195, 13.466099449660613, 51.725856530003945, 68.89694167678728, 33.10480109596377, 28.686197847802344, 63.91061532927314, 58.83671539663175, 56.449412194912405, 17.1050594883353, 46.09524337935226, 20.32637115208394, 37.78439797312321, 27.75050966050975, 37.27031764974132, 0.0, 61.17652227106015, 35.91914680922501, 43.49467862562312, 60.03857832338158, 49.05423615982773, 36.911024989844364, 12.853954375505, 64.44182780989077, 37.42483841635772, 42.55819533111868, 21.995482028327398, 31.43911575666703, 27.286389993371955, 57.24855185494032, 36.62183401864732, 53.89071656326203, 33.03234756847443, 38.56362376935142, 32.359976275081976, 22.302686590011657, 26.254023837739755, 20.269836483166532, 29.074217615659062, 56.44001579097211, 39.01707684974465, 64.90109625927448, 44.63320923065257, 40.0607680449577, 47.418734466321006, 69.25770049535987, 49.66693929695555, 83.20923539099168, 35.384891318493295, 19.34838674821048, 22.775676477464557, 55.94243359912773, 72.62847514212756, 61.6843721136635], [71.69579222661147, 21.092394913971724, 92.07244302514977, 49.19329784994818, 54.429328781361455, 51.36059143583458, 32.23703411724876, 33.09610749767716, 27.614383824449405, 40.715399158257334, 26.05249386083834, 52.14255110974431, 54.696895741070996, 13.242482870337776, 78.64402953676175, 83.74527107485076, 6.275844223969988, 9.25265775987347, 94.72984742484263, 50.03162309340176, 25.282549982497454, 81.14489579359977, 23.885505544959386, 43.03576536984275, 35.67940175809252, 61.17652227106015, 0.0, 83.20655962263423, 88.65442197533173, 14.160122917480923, 49.918269411039404, 28.281877589437602, 73.98452967173733, 61.65118095811235, 59.49930563719699, 94.89871761359211, 44.94921968374453, 30.107433345699164, 81.28892289944439, 47.72683410953692, 79.33850665233655, 7.702800052207871, 62.43693829470652, 94.50495058769972, 40.5728214457202, 82.3089398908998, 46.488314711486694, 49.73058829756165, 56.67475070565339, 6.795421055746338, 64.08701087132205, 14.509513184764156, 26.247884746639812, 88.63620356284312, 13.85121518588154, 50.81217135624507, 22.743072515921686, 64.10971423749243, 26.064160060920017, 71.15336702261618, 66.44720216524385, 60.834143580907174, 34.94728681227945, 55.886997503659245], [21.886443082294605, 80.3156623872299, 10.884099852906482, 70.71457309908456, 79.70914367617314, 38.67134919639933, 54.20448631118624, 70.83041542061812, 103.59717625070417, 60.52102444267893, 90.03651934754832, 48.69743906937357, 44.842192549928036, 94.20626857943763, 4.607613194953615, 53.17962687902264, 87.839761472583, 77.34485318001653, 86.35406455835373, 34.841942360844534, 60.11834398081202, 37.06030538947524, 64.22983608223213, 62.0512827636686, 70.29904495689198, 35.91914680922501, 83.20655962263423, 0.0, 7.593729422500431, 76.15313499035798, 45.80059888194217, 54.92521936147442, 33.72433783737521, 53.90382970575061, 28.6743697054802, 12.774029421088521, 38.91096999327207, 58.84769639303094, 11.50672995492188, 92.1832956574108, 67.9125732980705, 77.52658444686975, 68.56824313173216, 17.07275455742064, 66.38686957101761, 24.73325900793426, 61.29679855433511, 34.03848326928457, 27.28066649659697, 76.88046755891322, 25.498381228527258, 80.79269787784332, 75.25885106791984, 67.0312883247334, 70.08419616373975, 66.312240451759, 63.77125133212832, 75.77323601425809, 61.785851228932785, 50.75330959295186, 56.96328454557704, 44.78510108154893, 103.89702950005241, 54.512914836153456], [29.45272923615598, 84.29957591186992, 12.549435580387353, 72.15302972589011, 87.25131424484437, 41.646939954179096, 60.65403605840344, 73.89080233091495, 109.9437827084686, 63.097476091347474, 96.73323328172027, 56.187464446046455, 46.36232853640175, 100.04682384626767, 10.966999132010393, 60.095775033653325, 93.52726328691647, 82.32911491483182, 93.4405285883441, 41.46025287409069, 64.84302555875067, 43.913842003700346, 70.61475075638967, 69.39155616262305, 77.44346449241318, 43.49467862562312, 88.65442197533173, 7.593729422500431, 0.0, 80.76934707006174, 48.08039077056593, 60.439002225971954, 41.05893135143814, 53.94478633568563, 31.60401737612091, 12.609913072070093, 45.11970443962912, 65.44753894629427, 18.45562752330419, 99.54063442062974, 75.2272010114922, 83.3051347035095, 76.1598477607668, 19.716710677184434, 73.67570151847761, 31.352565778186822, 68.72794188679119, 40.30044165676548, 32.054443977025194, 82.18062498806697, 27.699181640571172, 85.27571864172295, 82.05471291978407, 73.96082832218936, 75.84628927573974, 67.5829003407179, 68.3846750206108, 75.72591527876212, 68.20932745887583, 58.1936771025637, 64.51145276762851, 45.24066681361135, 110.62818023952678, 55.344650255295825], [68.0766114806846, 8.986525269953283, 85.85708996005856, 35.04733543239153, 63.23856287764959, 40.851724925726636, 31.995847693849043, 18.941190052217284, 41.69806965047031, 27.05233928848214, 39.16095603119537, 53.7629932648549, 42.436248271665335, 27.007139041515206, 71.54634437100052, 85.64847854555671, 20.341595383961153, 5.137807187941381, 101.19754930598062, 45.94368446004023, 16.04535777055009, 80.36285633270252, 27.310239267703253, 48.09671954455154, 43.141847139515264, 60.03857832338158, 14.160122917480923, 76.15313499035798, 80.76934707006174, 0.0, 37.93302831042667, 23.384840939665956, 72.78829592868694, 48.15047171486255, 50.01027732539871, 88.46911507865978, 40.401650471873054, 32.171587559227234, 76.08379093027033, 59.36816284391431, 84.15002043039769, 16.86442256329074, 68.52212469129749, 89.2280365172372, 46.86987841995513, 79.32725484355393, 51.39730860889883, 44.68883342098394, 48.90418029508821, 9.461950709328272, 54.49976431982658, 4.905713400802968, 35.402411140882016, 92.52489083735142, 16.639358047955646, 36.678247420688315, 12.394206379004558, 50.004703352873584, 28.563411207652692, 73.31256533190471, 70.01396126000513, 48.26290381165273, 49.030212492313375, 42.39610430704867], [48.17372263825875, 38.596404113869, 56.62786092795528, 25.419112853846883, 77.17653100277974, 8.016645409503965, 37.54635978144154, 26.25905410495128, 76.4287651061908, 15.066539100318328, 68.2641770636514, 52.089250041191704, 4.964786971780389, 63.05768352580928, 41.60732139050949, 77.61745746164749, 55.988304319674725, 41.34006484099595, 103.85741011789267, 32.308485156607716, 25.13451808229772, 65.92629859716887, 43.37712578113437, 56.72497180393001, 58.78188556867628, 49.05423615982773, 49.918269411039404, 45.80059888194217, 48.08039077056593, 37.93302831042667, 0.0, 28.245891211083595, 58.56196705392445, 16.565464172275114, 17.22133034363763, 58.52704035990083, 28.84787990019586, 42.287340342068696, 50.47399000144338, 81.51408715552047, 84.1546910075705, 47.692344503008314, 74.43390271073434, 61.97947887644887, 58.720413