instance_id,num_cities,city_coordinates,distance_matrix,best_route,total_distance
424,71,"[[15.581885472167068, 14.05661033496588], [31.175356019756162, 14.27001346992094], [67.41331714036004, 87.10460398945455], [74.89586817896323, 10.41872359745356], [52.89848684031811, 64.0788128086948], [40.537470886604424, 17.2664630167378], [88.22744070102112, 42.48141153856058], [59.7564109529284, 63.93478590027941], [54.88135548221471, 23.959140825612536], [78.12769152898622, 0.9405453016323784], [28.007815118291536, 74.35108187259631], [53.445310063678384, 22.692382590453697], [85.57623197485242, 1.3398681644633093], [69.93438808512516, 27.873153777335837], [50.842631138264025, 45.23455937717203], [50.487567215950676, 11.914412917338202], [64.00438438827273, 29.861449936732008], [88.32810852344207, 96.15321753726109], [35.25777164899808, 68.76456623085497], [52.31669975497864, 50.032807958378335], [96.67865028685227, 49.2921115242393], [19.014568150572366, 14.424913913830261], [70.0160161746716, 75.13780530052598], [43.14561062934297, 35.27645157944062], [36.393625674226385, 46.03147632187865], [84.19513490056865, 92.19325914572795], [79.02645308701423, 11.645122759943705], [82.50675003095978, 90.62374412776119], [68.64692833811456, 15.271588117798684], [9.098832108132072, 52.3745597053133], [74.26195539285507, 59.2418131919192], [48.39258888506212, 41.660533739618444], [26.98179653187963, 66.50653394828448], [91.13787619257504, 50.41293485990237], [17.785441715023463, 24.160856569498968], [70.87115017841316, 85.86322224446809], [76.82695606939713, 93.36218490586916], [48.39211637671741, 66.9820693629615], [94.37894812362367, 41.981784545432845], [33.06203518261979, 31.963752237979946], [20.662439331041472, 86.7972096541947], [76.63544951104888, 12.966345371352494], [76.35095991247634, 75.04296436795762], [26.444381045429843, 73.65484511801094], [8.249227086492938, 16.043936437007943], [65.01577098719882, 62.7048411624867], [65.67972246827797, 85.87651418284746], [32.864179573163796, 15.342984057359942], [92.59865359498153, 97.92733899708898], [41.81023436894088, 84.34731789889675], [73.481888013942, 72.72940025699972], [13.459455196705184, 47.16762409137944], [0.15540774574369642, 14.466782624680196], [70.10654201609398, 68.96742180848754], [14.711253230829557, 45.50932618832294], [89.64776564309534, 55.05965000341053], [42.26913467311854, 37.50979989021689], [9.969205626666788, 66.00613410730536], [81.16313787609387, 91.69387960234921], [77.36890280135228, 95.77001615925802], [5.3392416473342585, 62.18190775887204], [66.72281636107815, 53.61457587599967], [45.94442802642437, 15.237857219426887], [49.899199063767874, 41.3233052481322], [82.81958520323117, 13.629347279146863], [19.184621616317877, 57.59922337962187], [50.833795581077844, 99.90978731452903], [26.654444050997807, 64.51224844678012], [7.688927612295904, 3.045342647847582], [89.1227489530296, 19.519091046931525], [84.3417306301899, 13.516753301930207]]","[[0.0, 15.594930734586068, 89.56844693149911, 59.42543869806164, 62.40792800592104, 25.161168446953276, 78.00862784315824, 66.62748006021744, 40.527872547036324, 63.906251785375964, 61.56157101286939, 38.83575007960728, 71.14017201110086, 56.081114584024746, 47.06787324075286, 34.971354388619254, 50.93654244368976, 109.68986225879675, 58.13863547719498, 51.4172478438071, 88.42073177410178, 3.4523843784880155, 81.816789009091, 34.785637941268845, 38.15128549759553, 103.98612351896004, 63.490380626984745, 101.69298635332018, 53.078950115630796, 38.86251696518682, 74.06114475972441, 42.87795291031148, 53.674504741192656, 83.84801766711526, 10.341733514431102, 90.62611271415768, 100.20146121928958, 62.27050236937191, 83.598997824032, 25.024415378476327, 72.91780863982075, 61.063297974648606, 86.09422620924853, 60.58005776931972, 7.597193168325709, 69.35675453595715, 87.56649964688468, 17.33010232938664, 113.86782556279384, 75.02472829466925, 82.43122328082157, 33.17896837232292, 15.431929767565878, 77.3830432841319, 31.46476338782281, 84.65815889532651, 35.52831786375792, 52.2518439408692, 101.62896361846724, 102.44372212020849, 49.203211324687075, 64.65467848446852, 30.385511918694647, 43.83093272600937, 67.23905724237666, 43.691404858175666, 92.808755857467, 51.65629652570923, 13.54794448818999, 73.74345596077971, 68.7619644263556], [15.594930734586068, 0.0, 81.35150522471316, 43.889812224992966, 54.339772765604096, 9.829949372539017, 63.6460788066749, 57.30153856269745, 25.609638799266502, 48.80775073101324, 60.16450860573373, 23.809392153537047, 55.916401550010505, 41.07685471001301, 36.68248647282977, 19.455342588855864, 36.34333494217986, 99.85637799901039, 54.647254258417234, 41.54436044223655, 74.2780513474073, 12.161774366711917, 72.20446636880233, 24.17762265954647, 32.1872779321746, 94.25035368221398, 47.92303769357154, 92.00437052935824, 37.48495543261636, 44.03781729179666, 62.28095869343574, 32.35233698178358, 52.404580075264924, 70.01296017222873, 16.646879056104048, 81.86173475148424, 91.32163034870655, 55.45248122185394, 69.01185630725811, 17.794042538330014, 73.28516632754537, 45.47878242376657, 75.7244131567035, 59.57298342436522, 22.994655695569083, 59.08558384900036, 79.48611355679823, 2.0008475394326237, 103.7852089624203, 70.87968138707531, 72.16191899399814, 37.36450088751725, 31.020572351629387, 67.13749862809415, 35.31233976618448, 71.29387866916595, 25.751885322647173, 55.913567164869015, 92.15874012707086, 93.68081021546227, 54.433945477252436, 53.02467847751349, 14.800750300630309, 32.90080385604307, 51.64820288377218, 44.957737297741346, 87.86708775270611, 50.44522594358355, 26.03085773467062, 58.1846471431482, 53.17171043043147], [89.56844693149911, 81.35150522471316, 0.0, 77.05006697947499, 27.218878708333456, 74.83098987973209, 49.23877581853541, 24.402227001824983, 64.377011278696, 86.82766165282877, 41.4179419575193, 65.90932777117465, 87.66687736206622, 59.28507816423316, 45.029859764544995, 77.07169288373656, 57.34456825551988, 22.788284396491775, 37.018050878374275, 40.027814297689524, 47.81468718508087, 87.31996480339002, 12.246563318929468, 57.22830559732214, 51.47060398956975, 17.53635705146086, 76.3478764206469, 15.498260022856726, 71.84360768923557, 67.87308111874951, 28.692141030964535, 49.26410076550599, 45.37607682617486, 43.69362980726789, 80.15510812480943, 3.6739131666163964, 11.303712523403933, 27.689754030782044, 52.5662828142083, 64.9655609074398, 46.751888381317656, 74.7096320188173, 15.012148702994761, 43.12017785736105, 92.46625343822163, 24.51727255566614, 2.124512899505096, 79.64529491385821, 27.4122739913704, 25.75112568384776, 15.603654533386413, 67.12660859908105, 98.99434058952708, 18.336052947590957, 67.1392186108652, 39.003202127369825, 55.604626656310664, 61.196171277013576, 14.495482776228112, 13.198600453303088, 66.89044502554722, 33.497145764470545, 75.00494977728967, 49.017054648795614, 75.07307402971227, 56.53825746237546, 20.94882467164849, 46.60150495940392, 103.1162553712872, 70.98662542573, 75.50988645264955], [59.42543869806164, 43.889812224992966, 77.05006697947499, 0.0, 57.993878641768234, 35.03414048687348, 34.72386476070454, 55.61629338151614, 24.164511524153184, 10.014017474177363, 79.28326402489732, 24.713744122120904, 14.01769548769259, 18.145892582784032, 42.316670865941106, 24.454084371380915, 22.285511586386026, 86.78034646039815, 70.53662913068979, 45.59708901315003, 44.56040714879233, 56.024720023522356, 64.90279263693321, 40.32351044854206, 52.447028843439846, 82.3015858030424, 4.308803382422464, 80.56532033593683, 7.911987309606243, 78.03551844651155, 48.82720474253683, 40.9691898173445, 73.76720634369066, 43.16641934211845, 58.74050586702883, 75.55177516831307, 82.96593803640874, 62.46487768164965, 37.09201019809907, 47.05590124827124, 93.674638707189, 3.0848857213493064, 64.64062025628326, 79.66400486049928, 66.88361375104397, 53.21141240883555, 76.0185207813842, 42.31915864158794, 89.28127676420684, 80.99442091896374, 62.3267179119644, 71.58850834902924, 74.85000472717128, 58.744256802695844, 69.66734002849142, 47.01521869750618, 42.407902022638794, 85.4718182640954, 81.51643793172452, 85.38711285793818, 86.70381496214245, 43.962261430547585, 29.349785957864718, 39.74829095518478, 8.54946758027209, 73.00508580406606, 92.66948701120324, 72.47995883359036, 67.61020342344464, 16.88848200031659, 9.94093081644338], [62.40792800592104, 54.339772765604096, 27.218878708333456, 57.993878641768234, 0.0, 48.41684426367028, 41.40752012032208, 6.859436338699365, 40.16864259694536, 67.99230539565553, 26.92703196594235, 41.390042544638035, 70.7390288465252, 40.01339372157583, 18.956065785366068, 52.22008377492825, 35.97455881949413, 47.7914796935726, 18.25242771782852, 14.058048529855828, 46.209839279973316, 60.11347287617587, 20.379183630529237, 30.408791603203333, 24.456426484266427, 42.07020647257511, 58.58295376913828, 39.76534455905365, 51.28507182053212, 45.33651172473156, 21.90420858848644, 22.86662093100263, 26.030149182728852, 40.607968653267946, 53.16360755521894, 28.241407931084353, 37.816498000588986, 5.360622480188774, 46.99901409969373, 37.74734334796141, 39.43714383991264, 56.35536996919676, 25.888822155802927, 28.133967160644218, 65.58129111726753, 12.194932274548739, 25.268552973491914, 52.69302109154675, 52.171121949546844, 23.103282049538873, 22.327316611610808, 42.911834274691124, 72.40984692261205, 17.88898154969705, 42.46281483945479, 37.83985716453585, 28.616351531189235, 42.97252323181447, 39.51559707498008, 40.039151178724865, 47.597059279900904, 17.33817583490658, 49.33353703982652, 22.952316909309733, 58.655099517946134, 34.330886785974606, 35.89041214633408, 26.247621766172212, 75.95385918745062, 57.42617843019145, 59.541577419437886], [25.161168446953276, 9.829949372539017, 74.83098987973209, 35.03414048687348, 48.41684426367028, 0.0, 53.945591570193656, 50.47078380643049, 15.82842258551339, 40.98243864368419, 58.443528158308965, 14.001889709665573, 47.771816209484626, 31.251890017527582, 29.80621985154977, 11.29817937677363, 26.63324472927787, 92.23375241481192, 51.76803896895695, 34.819299153890405, 64.63338291298736, 21.709669354666158, 64.94672347415225, 18.19785924075518, 29.061958701867955, 86.71802814473725, 38.89731632267343, 84.5145613719821, 28.180154791637964, 47.127130841349036, 53.8448779137017, 25.627593823896085, 51.07191882585862, 60.49040926277653, 23.773672284374282, 75.00431638196235, 84.30590504027673, 50.332265696549264, 59.243158164730204, 16.48916157411434, 72.31556960500862, 36.35319893124954, 67.97595239931364, 58.122842474113384, 32.311379712627314, 51.61233752050793, 73.0716903842545, 7.910699772339533, 96.00283151507885, 67.09292823094873, 64.50947238334263, 40.33978640640148, 40.47899744077334, 59.55937463948911, 38.27078309275024, 61.96891183229724, 20.317267218862938, 57.53237678923596, 84.79319051639133, 86.71425622636224, 57.064108842283055, 44.797964530179044, 5.77498285648826, 25.814213383508267, 42.43825870571181, 45.63634221154681, 83.28225112954087, 49.24330081361091, 35.79479095888931, 48.637470923499606, 43.96445717427687], [78.00862784315824, 63.6460788066749, 49.23877581853541, 34.72386476070454, 41.40752012032208, 53.945591570193656, 0.0, 35.64893836316638, 38.14493297652563, 42.75100584842866, 68.1328055530099, 40.01752464086439, 41.22687835517552, 23.410189423119174, 37.48604819215898, 48.56582600326009, 27.313364640084306, 53.671900405823294, 59.13197155566458, 36.6961156416181, 10.853965992141697, 74.68325639426259, 37.39112243321211, 45.653946714650935, 51.95524362562192, 49.875116867899116, 32.17972776005666, 48.48103225872706, 33.52269313439747, 79.74466175548027, 21.816183063829204, 39.84330884301916, 65.78932615930424, 8.448650599207273, 72.78542405947569, 46.7249646423447, 52.142345059378684, 46.76681834218404, 6.1717639863005225, 56.15908762767389, 80.80172877328178, 31.70983113488726, 34.65985456666383, 69.20209116449267, 84.23452227392471, 30.785852540695835, 48.90331820041838, 61.656994160141345, 55.6179680849698, 62.508488695915105, 33.6507376673714, 74.91469978891857, 92.42024898288196, 32.09167663379511, 73.57851647919111, 12.658175453820705, 46.22642983549879, 81.7175864113063, 49.716912487921974, 54.383666920680895, 85.19720120808032, 24.215619260437954, 50.29974565323067, 38.34573401544953, 29.35449732348206, 70.67856182764895, 68.5295778450597, 65.39565498823565, 89.67527875672216, 22.979768041179224, 29.224136762603592], [66.62748006021744, 57.30153856269745, 24.402227001824983, 55.61629338151614, 6.859436338699365, 50.47078380643049, 35.64893836316638, 0.0, 40.27180608041156, 65.61842956521033, 33.41365827403558, 41.72248584641878, 67.71105437044807, 37.47042206693215, 20.716031053265162, 52.83966946816407, 34.33711551648105, 43.06238775553161, 24.970184336237768, 15.7675075204042, 39.719764227828655, 64.11805657571408, 15.191021788817288, 33.12429340280321, 29.43379401026636, 37.360306989540334, 55.7274025518795, 35.06962245924055, 49.46865793402055, 51.95987994689303, 15.245812944546492, 25.005574604612356, 32.87535913827917, 34.170701136284805, 57.82324543969388, 24.584420850442353, 34.02021932333151, 11.765760821843788, 40.995784522583186, 41.65017036222451, 45.28828807844795, 53.69063114359224, 19.969243451884292, 34.70116551002698, 70.33152530810432, 5.401262077339419, 22.727187668823426, 55.536972504128705, 47.26633651764129, 27.17971148813465, 16.301348479062757, 49.23967736916565, 77.45555455470922, 11.508806941177312, 48.667892904929545, 31.181102007486132, 31.687295834741093, 49.83027490987866, 35.05446106736301, 36.382437449310416, 54.44539371712102, 12.451407119516334, 50.617800577564374, 24.666651242319762, 55.34028515796032, 41.06348064189717, 37.06499415660612, 33.107003424790946, 80.11583564451011, 53.245992871218974, 56.0929225011618], [40.527872547036324, 25.609638799266502, 64.377011278696, 24.164511524153184, 40.16864259694536, 15.82842258551339, 38.14493297652563, 40.27180608041156, 0.0, 32.71464319683202, 57.10984936220806, 1.9149158912186985, 38.12882031505428, 15.553561904931708, 21.655362589217063, 12.821109379188764, 10.86585980325414, 79.56550761007088, 48.914324979539735, 26.199495734641843, 48.87507808078944, 37.11236877778907, 53.369594824315165, 16.303656950218816, 28.792084810115938, 74.26434249834453, 27.103888637369252, 72.16184419349801, 16.277732277627944, 53.88390739921593, 40.25511920494651, 18.853206704652177, 50.87893524002261, 44.88138269738819, 37.0964621960669, 63.93581805794678, 72.79005366626807, 43.509569109543605, 43.415153012724275, 23.241268085010283, 71.55108047169277, 24.37380066617758, 55.41210104388174, 57.25665498643683, 47.299110554306054, 40.04916568697172, 62.85193595287997, 23.643058018479692, 83.02944608789181, 61.78661778566781, 52.196915765863565, 47.4806014995606, 55.54308435682848, 47.513699729918386, 45.58560742223269, 46.647025056190685, 18.511846877676536, 61.52276691337862, 72.6548478971085, 75.24952890626508, 62.573164817376224, 31.932194158456806, 12.487171821096311, 18.06477480264198, 29.786730513047104, 49.05009646201758, 76.05842125128324, 49.409645482231134, 51.61891322449334, 34.52806204901066, 31.256313939013836], [63.906251785375964, 48.80775073101324, 86.82766165282877, 10.014017474177363, 67.99230539565553, 40.98243864368419, 42.75100584842866, 65.61842956521033, 32.71464319683202, 0.0, 88.8881819538466, 32.899276287455464, 7.459236792225069, 28.151298737868547, 52.02340053715695, 29.738901164755493, 32.185191152196936, 95.75751386241208, 80.23669886980785, 55.46402031152106, 51.78814562247996, 60.63158873410135, 74.63935066971852, 49.017348398170384, 61.44041270240653, 91.45420522305002, 10.742241428080824, 89.79004569021367, 17.183237729839473, 86.0839199306241, 58.42928849035541, 50.42116408448362, 83.15528511326244, 51.15449377704664, 64.65578062313763, 85.23214447325502, 92.43079237933244, 72.427117366214, 44.141665799691054, 54.7115412919819, 103.3132228900151, 12.11803010216504, 74.12371608816161, 89.21061584994176, 71.49204303017882, 63.1407214361801, 85.84329177942261, 47.49963954270983, 98.06042471068812, 90.97058540904031, 71.93902408361659, 79.49165744756638, 79.1368190824847, 68.49813695851219, 77.51142416540767, 55.3316329174966, 51.21666214182845, 94.22902974734268, 90.80408372547919, 94.83250657591233, 95.12446011301594, 53.8945699912797, 35.21612667159804, 49.27083404769519, 13.528472266852429, 81.75873832364927, 102.6638574213075, 81.79765673113765, 70.47020387355118, 21.588275747918924, 14.027661587664689], [61.56157101286939, 60.16450860573373, 41.4179419575193, 79.28326402489732, 26.92703196594235, 58.443528158308965, 68.1328055530099, 33.41365827403558, 57.10984936220806, 88.8881819538466, 0.0, 57.58200552793748, 92.97720121893018, 62.59421155962768, 37.002712128876986, 66.36020557985563, 57.22831771944053, 64.13946457543823, 9.15265134879261, 34.38459420215246, 73.10017508643516, 60.59722846174261, 42.015567231031234, 41.9044100958504, 29.535095686797206, 58.95216869769698, 80.83896788320132, 56.87647530821436, 71.70721097363058, 28.991674064247835, 48.65938236973309, 38.52545831988194, 7.91136184714665, 67.51621652347022, 51.220656321171006, 44.38237114461025, 52.390176195023734, 21.675379654377846, 73.84374520476193, 42.687596020533704, 14.452011701205988, 78.31176605059301, 48.34809561894765, 1.7114531014960563, 61.56399117874984, 38.79721279000341, 39.39553519530028, 59.20759987950069, 68.7591180507869, 17.042051280999083, 45.50297964948336, 30.831723165454445, 66.04457504489164, 42.44156691383619, 31.759178657175973, 64.58825624108223, 39.50525653061989, 19.87535120687856, 55.912976763728665, 53.807877891914146, 25.728447714899648, 43.91872040685905, 61.77455310653631, 39.62406743134477, 81.80133979270511, 18.933396592843824, 34.26766417418881, 9.931478058514037, 74.14422186434473, 82.10713949182616, 82.91155269047532], [38.83575007960728, 23.809392153537047, 65.90932777117465, 24.713744122120904, 41.390042544638035, 14.001889709665573, 40.01752464086439, 41.72248584641878, 1.9149158912186985, 32.899276287455464, 57.58200552793748, 0.0, 38.57882858737537, 17.283809883477296, 22.69192966392367, 11.176442771646162, 12.762820111863263, 81.32222266678751, 49.53213763790465, 27.36370991894119, 50.76088342615381, 35.409420032046064, 55.00100602948162, 16.26169120224682, 28.904553909751325, 75.99949716577673, 27.864616059496743, 73.88665084630836, 16.9161871817221, 53.36329961068422, 42.06178312972569, 19.629588618368885, 51.18591024544354, 46.788444722008904, 35.69009143264464, 65.5302593181005, 74.43737185874207, 44.577024584922604, 45.25089780991483, 22.3927709321081, 72.00101017586435, 25.147134380995197, 57.14238538457127, 57.67341462685535, 45.682466578939234, 41.65179956450106, 64.35771384978456, 21.853983414147407, 84.81322405844828, 62.74317520105728, 53.89960661191535, 46.88183055269154, 53.92099947007616, 49.18308555593848, 44.95486707664376, 48.561896480280865, 18.55970775082078, 61.36980305884572, 74.36050409001635, 76.89394525900279, 62.23838378770073, 33.652254175109206, 10.575120795720602, 18.96539433547546, 30.740635143538324, 48.91096305295405, 77.26155318277314, 49.66539722936423, 49.796111429945434, 35.818283388844584, 32.23012529704416], [71.14017201110086, 55.916401550010505, 87.66687736206622, 14.01769548769259, 70.7390288465252, 47.771816209484626, 41.22687835517552, 67.71105437044807, 38.12882031505428, 7.459236792225069, 92.97720121893018, 38.57882858737537, 0.0, 30.800690344290437, 55.974699139294195, 36.64744726844077, 35.76066603253964, 94.85327640006375, 84.1310724935125, 58.967778228950216, 49.2207409087857, 67.83563601323053, 75.42052665744555, 54.33276471566411, 66.45501186681358, 90.86388766679056, 12.210564104792237, 89.33662309732466, 21.92473813944031, 91.94200580280997, 58.99701765798384, 54.84869538879125, 87.63562172005717, 49.387222652215804, 71.5289364931067, 85.79298814922947, 92.43731177033115, 75.44240870359047, 41.58429004700643, 60.791143602349855, 107.31615763665903, 14.66671617327378, 74.27820699644273, 93.41323078735464, 78.71261213279625, 64.717790962555, 86.84650603554982, 54.54033116060317, 96.8424180163536, 93.83868742610986, 72.40675692389556, 85.44596366222406, 86.42356793853247, 69.37432752319468, 83.50321092336695, 53.87385587867013, 56.42489377701584, 99.48943855608799, 90.4617199838811, 94.78614404268706, 100.6962183938694, 55.57064284883041, 41.99802357228879, 53.58662070295456, 12.59485602671714, 87.02276124799108, 104.51347208769768, 86.38591738632721, 77.90597425152316, 18.521930981594632, 12.2393024809846], [56.081114584024746, 41.07685471001301, 59.28507816423316, 18.145892582784032, 40.01339372157583, 31.251890017527582, 23.410189423119174, 37.47042206693215, 15.553561904931708, 28.151298737868547, 62.59421155962768, 17.283809883477296, 30.800690344290437, 0.0, 25.805301542900914, 25.1567138504678, 6.2544596458969295, 70.71418569581645, 53.615066351745746, 28.309595820526567, 34.2640819471114, 52.66576893574859, 47.264722010751356, 27.79293823837404, 38.14062690538807, 65.88205259655506, 18.6014686705114, 63.99766303720758, 12.667162652772666, 65.58417311728027, 31.66576435633699, 25.57617952314592, 57.7707814087103, 30.945591595133422, 52.28091198583912, 57.99763412452363, 65.85074556580068, 44.649487663829454, 28.223925623949828, 37.098563372900585, 76.8099557023973, 16.343719316199063, 47.6042374707409, 63.145419266369544, 62.80915116694296, 35.177254586634405, 58.15919529913438, 39.130621159543246, 73.6291912077319, 63.089612738394266, 44.99630655942012, 59.6799348981804, 71.055167895703, 41.09462862701262, 57.97093410016593, 33.58158471236067, 29.295583193639438, 71.06298119360069, 64.8010020501204, 68.30267879355448, 73.14112073987674, 25.940990817628325, 27.113998279935867, 24.13121160880409, 19.207142638359766, 58.81477714519056, 74.52589620646997, 56.70605623558825, 67.01430858373524, 20.928056691925715, 20.33906964000712], [47.06787324075286, 36.68248647282977, 45.029859764544995, 42.316670865941106, 18.956065785366068, 29.80621985154977, 37.48604819215898, 20.716031053265162, 21.655362589217063, 52.02340053715695, 37.002712128876986, 22.69192966392367, 55.974699139294195, 25.805301542900914, 0.0, 33.322038210375204, 20.237693605790675, 63.22871787106471, 28.22320087861277, 5.019568480838889, 46.015262476877375, 44.29740226159186, 35.52214535338375, 12.586025410191677, 14.470965258632546, 57.59782106267491, 43.84721281793922, 55.34251997852905, 34.85358870289599, 42.3500219852824, 27.288603994569335, 4.3331704674943285, 31.966174783156113, 40.62662115691039, 39.20304481274554, 45.29712817967622, 54.69418141957337, 21.88513680968365, 43.65766187916745, 22.187021311196865, 51.364363868063585, 41.309891245763836, 39.232841408034666, 37.456471392583346, 51.63613595489368, 22.496413910571633, 43.26554945406031, 34.881671344398825, 67.23164757373591, 40.142148305456054, 35.61603889948988, 37.433121465713455, 59.294609380064536, 30.56709049766959, 36.13242264629309, 40.029624901463286, 11.540223168083257, 45.84861208173701, 55.477937638527465, 57.0742978977231, 48.55688491176063, 17.95563864727477, 30.393988452740256, 4.0234280086910035, 44.960149277267476, 33.98697519322824, 54.675228651273265, 30.930530070354102, 60.35041123506172, 46.11564519071521, 46.132514444766564], [34.971354388619254, 19.455342588855864, 77.07169288373656, 24.454084371380915, 52.22008377492825, 11.29817937677363, 48.56582600326009, 52.83966946816407, 12.821109379188764, 29.738901164755493, 66.36020557985563, 11.176442771646162, 36.64744726844077, 25.1567138504678, 33.322038210375204, 0.0, 22.467765448425705, 92.34761919095426, 58.85479253876892, 38.1622557817292, 59.41976530087668, 31.572967637247718, 66.17067071725883, 24.488551957377965, 36.91359104084801, 87.06832530245744, 28.540156340680067, 84.97285971257553, 18.467079403407137, 57.879623978820625, 52.963235833326316, 29.819802785742677, 59.437538089238025, 55.98735403336294, 34.91997128297706, 76.7066936798074, 85.60083508394523, 55.10751038318498, 53.20244500588664, 26.563606190404045, 80.60379333805919, 26.169033425140455, 68.2211777238432, 66.25674131404435, 42.4397259815761, 52.827420021656245, 75.50625142874107, 17.953798820030354, 95.76829876750902, 72.95081788030402, 65.01693221064899, 51.12602055501032, 50.39683390905924, 60.331998108319134, 49.077111162404, 58.26690848214563, 26.882456505172478, 67.5844059467352, 85.47370320671862, 88.05889164599594, 67.5662070808582, 44.749155361674525, 5.628978213183588, 29.414777327165627, 32.3774672727059, 55.38028810134842, 87.9960555330897, 57.745563138461435, 43.70793931734473, 39.376495493020094, 33.89206212649369], [50.93654244368976, 36.34333494217986, 57.34456825551988, 22.285511586386026, 35.97455881949413, 26.63324472927787, 27.313364640084306, 34.33711551648105, 10.86585980325414, 32.185191152196936, 57.22831771944053, 12.762820111863263, 35.76066603253964, 6.2544596458969295, 20.237693605790675, 22.467765448425705, 0.0, 70.61332740642078, 48.37168801453886, 23.312778824601203, 38.015237231132865, 47.56437962896594, 45.67371313746887, 21.550189918345353, 31.997245976202773, 65.52038496160145, 23.611376999266806, 63.51687909314236, 15.310691761699777, 59.341888937237655, 31.119503658008462, 19.569019838040024, 52.091594271994445, 34.038065603694925, 46.56916819711989, 56.421192596613544, 64.78241803250455, 40.270129116400895, 32.703465154930726, 31.013684871849772, 71.55560729913974, 21.094747318015443, 46.83809532286632, 57.69415319265925, 57.44180746687263, 32.85895996620203, 56.04011224273874, 34.35837899868712, 73.82816186959118, 58.83272985907638, 43.9031233471551, 53.4255887272341, 65.67866929184066, 39.579203677554105, 51.717200334994914, 35.95180508375825, 23.041665243447188, 65.00952805234941, 64.16909053126211, 67.24990300307236, 66.97918308435403, 23.908175678572402, 23.23814725302958, 18.17499326597124, 24.849405191947668, 52.70858763525538, 71.27576010764027, 50.947972291171205, 62.37414754540437, 27.164252719584777, 26.091315801379658], [109.68986225879675, 99.85637799901039, 22.788284396491775, 86.78034646039815, 47.7914796935726, 92.23375241481192, 53.671900405823294, 43.06238775553161, 79.56550761007088, 95.75751386241208, 64.13946457543823, 81.32222266678751, 94.85327640006375, 70.71418569581645, 63.22871787106471, 92.34761919095426, 70.61332740642078, 0.0, 59.72100866823057, 58.51421828251031, 47.59931516845725, 107.16287833100198, 27.874365959960652, 75.81186417331735, 72.17603100252357, 5.723874686787015, 85.01846197591489, 8.028903467121904, 83.24173731388944, 90.5198824726389, 39.50073967204217, 67.55959085324078, 68.13439544599343, 45.82650165307392, 100.79269754380088, 20.263992641771672, 11.834963917168423, 49.455427958417225, 54.50831874361255, 84.70316592619643, 68.30942592910141, 84.00460687085749, 24.27127680451206, 65.84658296440416, 113.27013803554902, 40.77081018954984, 24.870866947864275, 98.01296470201099, 4.624398573033236, 47.992623205292084, 27.73239043782146, 89.47012694863193, 120.19608484123285, 32.72755681972474, 89.35460320619472, 41.11475145945294, 74.56862279451352, 83.95811040345637, 8.439342343755545, 10.965903216570402, 89.67274900124126, 47.71084450946461, 91.3437020699195, 66.95595838977592, 82.70751472234778, 79.16585278504193, 37.68202913208661, 69.31660561831058, 123.17367358507758, 76.63824630266643, 82.7325596728696], [58.13863547719498, 54.647254258417234, 37.018050878374275, 70.53662913068979, 18.25242771782852, 51.76803896895695, 59.13197155566458, 24.970184336237768, 48.914324979539735, 80.23669886980785, 9.15265134879261, 49.53213763790465, 84.1310724935125, 53.615066351745746, 28.22320087861277, 58.85479253876892, 48.37168801453886, 59.72100866823057, 0.0, 25.33546518427302, 64.4336932431101, 56.71542536053484, 35.33770986843509, 34.404532066082815, 22.761448573766746, 54.25651273087489, 71.96060239637497, 52.060441954210084, 63.05818338498414, 30.86944171522999, 40.14983405899853, 30.118964144053994, 8.57848902361565, 58.81639616447459, 47.90379138310671, 39.505401754080054, 48.30155212680596, 13.254746565310807, 64.90478335648926, 36.86626058021032, 23.199136930172777, 69.46620528243547, 41.57004215568757, 10.079220283594776, 59.23619067128386, 30.368714041206395, 34.90435294289789, 53.47517858731262, 64.33073960213896, 16.904346105191383, 38.42919438051816, 30.685412005220932, 64.65620817941212, 34.84936077582999, 31.031687168826696, 56.09007198675364, 32.031541181527416, 25.43856362387702, 51.313312698869595, 50.02640995280653, 30.634128517377913, 34.922360265099584, 54.58308531150728, 31.102961290910475, 72.81496053298679, 19.57066766767628, 34.822942407034716, 9.596845955587304, 71.26750669044992, 72.98323510268814, 73.90234003532491], [51.4172478438071, 41.54436044223655, 40.027814297689524, 45.59708901315003, 14.058048529855828, 34.819299153890405, 36.6961156416181, 15.7675075204042, 26.199495734641843, 55.46402031152106, 34.38459420215246, 27.36370991894119, 58.967778228950216, 28.309595820526567, 5.019568480838889, 38.1622557817292, 23.312778824601203, 58.51421828251031, 25.33546518427302, 0.0, 44.3681336794771, 48.75401611852051, 30.716879614857582, 17.374087870520533, 16.41812848793606, 52.855825333187994, 46.765642280977005, 50.587184491461684, 38.40597310813225, 43.28126482884506, 23.799160119700236, 9.246276099787881, 30.21987705657159, 38.8230374450564, 43.14818247030234, 40.34955041172719, 49.781397843534286, 17.39769573402802, 42.825830007384305, 26.40516772188567, 48.514053995082506, 44.33197760549096, 34.68650436336734, 35.033948035862764, 55.65236324437587, 17.940090180571193, 38.25364887095348, 39.77165351990763, 62.58212131740295, 35.886925298302536, 31.03386047540976, 38.96273518701149, 63.13273748309933, 25.980725342609524, 37.876529614058626, 37.667991999688724, 16.055506692392207, 45.25988739720198, 50.67308834874192, 52.14887430700061, 48.5230068752735, 14.84470468161079, 35.37364052382211, 9.03879123842283, 47.49355714298064, 33.985073842985166, 49.89901877274597, 29.4653281786181, 64.80324021781273, 47.80974981446005, 48.56979359880935], [88.42073177410178, 74.2780513474073, 47.81468718508087, 44.56040714879233, 46.209839279973316, 64.63338291298736, 10.853965992141697, 39.719764227828655, 48.87507808078944, 51.78814562247996, 73.10017508643516, 50.76088342615381, 49.2207409087857, 34.2640819471114, 46.015262476877375, 59.41976530087668, 38.015237231132865, 47.59931516845725, 64.4336932431101, 44.3681336794771, 0.0, 85.13184552959102, 37.13348818220023, 55.3373748804612, 60.373139180166724, 44.680494890280045, 41.57999313372922, 43.6937822869053, 44.081441086465375, 87.63404611797117, 24.5255942485884, 48.88542426102251, 71.79127915516976, 5.653001195257317, 82.79926530083611, 44.76017427533451, 48.33488524001668, 51.42493524925795, 7.6635181592153785, 65.93440492545415, 84.76494979539547, 41.48844639093374, 32.8073378702895, 74.3397293782921, 94.47329799567412, 34.386614283659036, 47.95155934678616, 72.282985053404, 48.80606237283959, 65.11075609536981, 32.975692306435235, 83.24630849655942, 102.61354629683227, 33.0634960754961, 82.05463816894999, 9.093835218571856, 55.67062292414514, 88.30564163282554, 45.15131295453344, 50.329533747250906, 92.24442756929662, 30.266081415683786, 61.103629553630725, 47.45333423690117, 38.26103028661264, 77.93800476640035, 68.29275075294925, 71.65920755145406, 100.28925352798696, 30.716842176705786, 37.842777944404155], [3.4523843784880155, 12.161774366711917, 87.31996480339002, 56.024720023522356, 60.11347287617587, 21.709669354666158, 74.68325639426259, 64.11805657571408, 37.11236877778907, 60.63158873410135, 60.59722846174261, 35.409420032046064, 67.83563601323053, 52.66576893574859, 44.29740226159186, 31.572967637247718, 47.56437962896594, 107.16287833100198, 56.71542536053484, 48.75401611852051, 85.13184552959102, 0.0, 79.29188408082891, 31.89190859971536, 36.069466695036304, 101.47128560316136, 60.07623134388478, 99.18426733057854, 49.639581333786346, 39.22368464285802, 71.13949857850497, 40.06054280175165, 52.68749257170217, 80.6034069660615, 9.813222263305493, 88.27534761615759, 97.84357387456399, 60.21042209355141, 80.24444459107022, 22.470918534343916, 72.39105379919671, 57.63933891840897, 83.43865927214831, 59.69411084943444, 10.886404464124572, 66.68629572522384, 85.34030588472656, 13.880006820791394, 111.29812498634172, 73.54444219239214, 79.78785660010836, 33.2106059821438, 18.85920688056647, 74.73469716881105, 31.380873247076984, 81.48760865976858, 32.76716076644874, 52.36831923822492, 99.1611707146579, 100.11120832281622, 49.67640301074067, 61.74063938788078, 26.94212741694943, 40.95587727076007, 63.80997670709732, 43.17464436482546, 91.21472915383637, 50.66664370559326, 16.055054524972185, 70.29301285400595, 65.33347467673333], [81.816789009091, 72.20446636880233, 12.246563318929468, 64.90279263693321, 20.379183630529237, 64.94672347415225, 37.39112243321211, 15.191021788817288, 53.369594824315165, 74.63935066971852, 42.015567231031234, 55.00100602948162, 75.42052665744555, 47.264722010751356, 35.52214535338375, 66.17067071725883, 45.67371313746887, 27.874365959960652, 35.33770986843509, 30.716879614857582, 37.13348818220023, 79.29188408082891, 0.0, 48.07230194870966, 44.470704172271375, 22.179628349205917, 64.12884459859283, 19.895545572552024, 59.88187005491463, 65.03128988898058, 16.453284321417335, 39.85348565573376, 43.89126229011975, 32.51848995450943, 72.9841230015858, 10.759452717761974, 19.455511153634898, 23.110799881337822, 41.14455207510997, 56.82953078293422, 50.712101683350234, 62.522854440752845, 6.335653633496852, 43.596864092944806, 85.48228805736434, 13.400785394618318, 11.581161926480398, 70.39658805913335, 32.083303429727465, 29.671219212766434, 4.220507369965162, 63.09497306859659, 92.52825299654688, 6.171047509684699, 62.74124304456214, 28.080917138263857, 46.75207187087518, 60.73719515888989, 19.95900595004197, 21.903266118640836, 65.9616588964367, 21.773712817823405, 64.55575215344643, 39.34598765397672, 62.82691929449388, 53.772042257508666, 31.330634845201956, 44.64446657189164, 95.29947082743983, 58.8090861405495, 63.264367096136276], [34.785637941268845, 24.17762265954647, 57.22830559732214, 40.32351044854206, 30.408791603203333, 18.19785924075518, 45.653946714650935, 33.12429340280321, 16.303656950218816, 49.017348398170384, 41.9044100958504, 16.26169120224682, 54.33276471566411, 27.79293823837404, 12.586025410191677, 24.488551957377965, 21.550189918345353, 75.81186417331735, 34.404532066082815, 17.374087870520533, 55.3373748804612, 31.89190859971536, 48.07230194870966, 0.0, 12.698813253393993, 70.1753975865597, 42.9636422716628, 67.91628735011133, 32.411599266352844, 38.098929501449526, 39.275507236172125, 8.263612154735382, 35.16513800544691, 50.3226656685781, 27.68925097917705, 57.686453432353936, 67.14451166492483, 32.13677055324552, 51.67026573366631, 10.613786822650649, 56.2128233077303, 40.24065291889277, 51.807053191377065, 41.854894101119775, 39.845291102884374, 35.08020052961044, 55.39090658075856, 22.428797382312112, 79.81689766446792, 49.08903290042267, 48.1976461064149, 31.979177726755562, 47.76190810656277, 43.150588596398336, 30.219602966079865, 50.53538721336981, 2.399177938187734, 45.22153510402928, 68.0313057546121, 69.50327389888373, 46.40285667744061, 29.869238906149175, 20.23310758997193, 9.065064590622987, 45.19536904459708, 32.74805544341948, 65.08898736419809, 33.56620910354737, 47.91681076127219, 48.60238326858971, 46.5897496478836], [38.15128549759553, 32.1872779321746, 51.47060398956975, 52.447028843439846, 24.456426484266427, 29.061958701867955, 51.95524362562192, 29.43379401026636, 28.792084810115938, 61.44041270240653, 29.535095686797206, 28.904553909751325, 66.45501186681358, 38.14062690538807, 14.470965258632546, 36.91359104084801, 31.997245976202773, 72.17603100252357, 22.761448573766746, 16.41812848793606, 60.373139180166724, 36.069466695036304, 44.470704172271375, 12.698813253393993, 0.0, 66.45219693728954, 54.77206664436674, 64.14741293311138, 44.56956646699487, 28.022142363226056, 40.106400934249, 12.770288062232773, 22.534651375367833, 54.91930574703341, 28.715649367770133, 52.68080940132298, 62.249901059420736, 24.14313831942386, 58.12656555349533, 14.456844610926241, 43.69571189356584, 52.08365646236156, 49.37868971606077, 29.360483176044156, 41.12614399882299, 33.124436560112756, 49.450000076568216, 30.890784179909232, 76.49957990980836, 38.69681337664389, 45.698121906978606, 22.962295339232675, 48.05765627691559, 40.77521702748445, 21.688658684578595, 54.0139921117463, 10.350873161332924, 33.124566842372104, 63.94813755021713, 64.44296455625968, 35.00301705411574, 31.262808680077452, 32.24073204810388, 14.302705598590567, 56.615083543969384, 20.735539362578404, 55.77984315466913, 20.889964026363675, 51.68914179078874, 59.019208862187064, 57.932961101017945], [103.98612351896004, 94.25035368221398, 17.53635705146086, 82.3015858030424, 42.07020647257511, 86.71802814473725, 49.875116867899116, 37.360306989540334, 74.26434249834453, 91.45420522305002, 58.95216869769698, 75.99949716577673, 90.86388766679056, 65.88205259655506, 57.59782106267491, 87.06832530245744, 65.52038496160145, 5.723874686787015, 54.25651273087489, 52.855825333187994, 44.680494890280045, 101.47128560316136, 22.179628349205917, 70.1753975865597, 66.45219693728954, 0.0, 80.71380022593824, 2.3052160114721065, 78.47732284576044, 84.99990304829409, 34.41606958354251, 61.93043386059658, 62.71502163484503, 42.35324254501038, 95.0718420421753, 14.751201173041617, 7.460324840169213, 43.78881393326271, 51.233799715599375, 79.00751476357276, 63.76143627966119, 79.58676214924718, 18.85904801967027, 60.653296410829014, 107.54766507321702, 35.176907130613664, 19.563275913402133, 92.41662056135719, 10.173435908734636, 43.10497172165534, 22.21745848863322, 83.8501293691008, 114.47305749666343, 27.164829642028323, 83.71021089607761, 37.53180131500148, 68.9062421789295, 78.70993643976763, 3.072846544292288, 7.706531996054287, 84.37377028929568, 42.350876236170556, 85.93747996078457, 61.3511485179004, 78.5759529674936, 73.64179620343582, 34.242134398575445, 63.852716909785045, 117.47574545219625, 72.84103300408452, 78.67664241753764], [63.490380626984745, 47.92303769357154, 76.3478764206469, 4.308803382422464, 58.58295376913828, 38.89731632267343, 32.17972776005666, 55.7274025518795, 27.103888637369252, 10.742241428080824, 80.83896788320132, 27.864616059496743, 12.210564104792237, 18.6014686705114, 43.84721281793922, 28.540156340680067, 23.611376999266806, 85.01846197591489, 71.96060239637497, 46.765642280977005, 41.57999313372922, 60.07623134388478, 64.12884459859283, 42.9636422716628, 54.77206664436674, 80.71380022593824, 0.0, 79.05526611162037, 10.994807183609133, 80.92440428976316, 47.834562591864014, 42.88774337992642, 75.62024010486954, 40.615635224130294, 62.50684015894538, 74.66481940395889, 81.74665762519926, 63.250614582192654, 34.000178707416744, 50.255093444899096, 95.1535299727153, 2.731762670726903, 63.454271599962595, 81.3023982863418, 70.9137876727396, 52.947087325452344, 75.42171233000124, 46.310146557125755, 87.34314778745934, 81.67408471292397, 61.335398907864594, 74.57130355029102, 78.92150250481181, 58.01216063657529, 72.68582534703468, 44.694892954203276, 44.9453221151411, 87.88642091647404, 80.07726827197871, 84.14122154090406, 89.35195447097959, 43.735734491884585, 33.27654012973485, 41.583547741107175, 4.280770747620502, 75.45080620862, 92.65784881045158, 74.41612935954372, 71.85401004002833, 12.803693482687287, 5.635173133692012], [101.69298635332018, 92.00437052935824, 15.498260022856726, 80.56532033593683, 39.76534455905365, 84.5145613719821, 48.48103225872706, 35.06962245924055, 72.16184419349801, 89.79004569021367, 56.87647530821436, 73.88665084630836, 89.33662309732466, 63.99766303720758, 55.34251997852905, 84.97285971257553, 63.51687909314236, 8.028903467121904, 52.060441954210084, 50.587184491461684, 43.6937822869053, 99.18426733057854, 19.895545572552024, 67.91628735011133, 64.14741293311138, 2.3052160114721