instance_id,num_cities,city_coordinates,distance_matrix,best_route,total_distance
1523,26,"[[53.71878284410172, 24.22758063554141], [56.972020645446634, 35.205855799963935], [46.65301453334667, 94.11875520468197], [25.13937708769196, 16.32035260038227], [93.35517340033971, 74.01222675703303], [15.951939420904305, 31.647027963153008], [13.115422557473199, 46.33897208515907], [78.81253736887288, 13.885866196024367], [29.23146160866764, 48.47714336891562], [90.15613743541245, 38.65773985352502], [90.18185563574345, 70.00502512036934], [75.14642113961223, 67.4706882718392], [27.061457612187013, 35.135322211555874], [25.820446291452768, 79.4959362706155], [20.647047448641853, 30.45117475147433], [89.00881910345727, 3.40959881819789], [9.598908755825985, 89.06731854063644], [69.12458063871807, 15.718251267971429], [26.535370460291762, 5.062162181003171], [23.355218241992503, 23.851880520618106], [20.157618158071557, 87.60451524857167], [90.30577208910714, 88.39866770118144], [47.38299450787239, 38.94190525732729], [17.59145069397261, 42.032189517649975], [14.252767357193207, 26.267223462418077], [75.66996525288496, 56.84907186561412]]","[[0.0, 11.45015640844595, 70.24742959336912, 29.653105884367555, 63.636109605858074, 38.488734206252, 46.23360788867754, 27.141252249997393, 34.4625912265342, 39.19069155640495, 58.52461107064331, 48.260854125964904, 28.802635553177954, 61.91048632509597, 33.65223329568467, 40.972857187824665, 78.42674863314635, 17.59963897284246, 33.26035437823577, 30.36588885448297, 71.71462623500976, 73.86837074959818, 16.020410822347653, 40.27639787432103, 39.51868572301123, 39.3194112267387], [11.45015640844595, 0.0, 59.80979521292464, 37.01323313325208, 53.19462596206068, 41.17417053493744, 45.247623960487836, 30.52130612307332, 30.75167783082465, 33.363169973030445, 48.10275798198048, 37.031449441798834, 29.910646197527907, 54.14823924034095, 36.634828641901024, 45.13710683561474, 71.73052975317671, 22.966311083528336, 42.837272783024645, 35.4824204145782, 64.03842395401074, 62.774311810373874, 10.291136371409479, 39.96783859215001, 43.64440112513599, 28.601432380341556], [70.24742959336912, 59.80979521292464, 0.0, 80.71820144133405, 50.84647607311614, 69.60799320192919, 58.37531799047281, 86.43813618816814, 48.85352840147946, 70.48720398777006, 49.761752243030905, 39.01273755182078, 62.15202708077698, 25.452362034429324, 68.77405851610344, 100.11076482141682, 37.3968416760367, 81.55740494129422, 91.3005824955968, 74.028514708181, 27.28445255614863, 44.02593148667845, 55.18167848911541, 59.64549285452769, 75.1904673269643, 47.233597420210394], [29.653105884367555, 37.01323313325208, 80.71820144133405, 0.0, 89.34062463557926, 17.86941489128483, 32.33717672148559, 53.7283431591031, 32.41611247910582, 68.74691262456653, 84.33604258709316, 71.5336375009227, 18.912891767575612, 63.17925472285148, 14.82771594857691, 65.16128594978306, 74.38835399097248, 43.98932435761762, 11.344410474561556, 7.739969999940539, 71.45802800586073, 97.16965856300288, 31.725591571258217, 26.796823515207464, 14.74647454038446, 64.77590158076009], [63.636109605858074, 53.19462596206068, 50.84647607311614, 89.34062463557926, 0.0, 88.23871428868507, 84.877715800201, 61.86006383003606, 69.02094535414255, 35.49892357966954, 5.1115174451411605, 19.348136464420033, 76.8522638576022, 67.75699547427692, 84.75869767309399, 70.73628395345357, 85.09857610920727, 63.1293054286111, 96.01561055362575, 86.11651442509529, 74.44885761300915, 14.706071242735653, 57.8218702759928, 82.23663697014618, 92.39467507068584, 24.644278708163416], [38.488734206252, 41.17417053493744, 69.60799320192919, 17.86941489128483, 88.23871428868507, 0.0, 14.963256664265222, 65.32161695560103, 21.43824839175502, 74.53464351686495, 83.55487063705534, 69.19047119263305, 11.644294362728981, 48.85596641220001, 4.845008183275626, 78.32407084458379, 57.770673949972725, 55.507258093724175, 28.61405426045724, 10.750481894019053, 56.115310895851344, 93.53737779842919, 32.26649126597254, 10.513780372802161, 5.641762328229013, 64.81809644019705], [46.23360788867754, 45.247623960487836, 58.37531799047281, 32.33717672148559, 84.877715800201, 14.963256664265222, 0.0, 73.27560969649875, 16.257259644180667, 77.42269097299722, 80.61834266265272, 65.53162758616433, 17.888925742972816, 35.50777241783303, 17.582590185109567, 87.19368514049667, 42.87280560141219, 63.83301913848371, 43.403571714528134, 24.70875761127519, 41.86212573972511, 87.90544952463567, 35.05685503622928, 6.21153797078748, 20.103946029771247, 63.43132514166179], [27.141252249997393, 30.52130612307332, 86.43813618816814, 53.7283431591031, 61.86006383003606, 65.32161695560103, 73.27560969649875, 0.0, 60.455268835652355, 27.245604911118626, 57.25924725517517, 53.71008811297167, 55.94384360176614, 84.33767255473883, 60.47837353300567, 14.619040303068136, 102.1899073413317, 9.859723153174551, 53.016600537306715, 56.34568028037873, 94.20636266069434, 75.39397875481394, 40.19479142741015, 67.38128056204584, 65.73630588737896, 43.07798510738001], [34.4625912265342, 30.75167783082465, 48.85352840147946, 32.41611247910582, 69.02094535414255, 21.43824839175502, 16.257259644180667, 60.455268835652355, 0.0, 61.71091321631862, 64.64054629070188, 49.68841169435438, 13.51714130797315, 31.20577732684801, 19.9656633014741, 74.86264783515747, 45.088795193380385, 51.61982136376564, 43.49861490929501, 25.31667052461945, 40.165729984338945, 72.96437148137996, 20.503631688937425, 13.305160060636748, 26.788837670421408, 47.187114845769266], [39.19069155640495, 33.363169973030445, 70.48720398777006, 68.74691262456653, 35.49892357966954, 74.53464351686495, 77.42269097299722, 27.245604911118626, 61.71091321631862, 0.0, 31.34729581681238, 32.48811443954302, 63.19292719948797, 76.20262096261409, 69.9918659671477, 35.2668085570718, 95.02943078829455, 31.121480007533783, 71.94626348639001, 68.42204524618982, 85.41416464845517, 49.74115291863818, 42.77408685029393, 72.64310478234673, 76.90803914851423, 23.254542456816704], [58.52461107064331, 48.10275798198048, 49.761752243030905, 84.33604258709316, 5.1115174451411605, 83.55487063705534, 80.61834266265272, 57.25924725517517, 64.64054629070188, 31.34729581681238, 0.0, 15.247529431001938, 72.11158594567937, 65.05742392106542, 79.99747888916217, 66.60575665116362, 82.80689801153015, 58.22767937675126, 90.93102068024031, 81.21522161394019, 72.20204905057805, 18.39405998354029, 52.88345610366733, 77.793614270498, 87.62546285573708, 19.587599866379875], [48.260854125964904, 37.031449441798834, 39.01273755182078, 71.5336375009227, 19.348136464420033, 69.19047119263305, 65.53162758616433, 53.71008811297167, 49.68841169435438, 32.48811443954302, 15.247529431001938, 0.0, 57.94600603739947, 50.7706449058246, 65.8834282197922, 65.54379649742184, 69.01370022444631, 52.10160553051615, 79.10662663126284, 67.71210443650676, 58.55885451468204, 25.84156040576738, 39.80828203559033, 62.926082365465405, 73.52389124138031, 10.634511437745138], [28.802635553177954, 29.910646197527907, 62.15202708077698, 18.912891767575612, 76.8522638576022, 11.644294362728981, 17.888925742972816, 55.94384360176614, 13.51714130797315, 63.19292719948797, 72.11158594567937, 57.94600603739947, 0.0, 44.37796963353584, 7.94266297748934, 69.59882987925856, 56.68863061144408, 46.328489752778246, 30.07776125170592, 11.876542706611733, 52.92144383105801, 82.68510921806165, 20.674983344299374, 11.715281032433595, 15.57901542052105, 53.23789946170778], [61.91048632509597, 54.14823924034095, 25.452362034429324, 63.17925472285148, 67.75699547427692, 48.85596641220001, 35.50777241783303, 84.33767255473883, 31.20577732684801, 76.20262096261409, 65.05742392106542, 50.7706449058246, 44.37796963353584, 0.0, 49.31686007904628, 98.90349440516263, 18.8347986073284, 77.08982524213228, 74.43720737501262, 55.698638130969265, 9.890231317313386, 65.0969728186681, 45.930087274162275, 38.35685974260253, 54.47115808520756, 54.752671241362336], [33.65223329568467, 36.634828641901024, 68.77405851610344, 14.82771594857691, 84.75869767309399, 4.845008183275626, 17.582590185109567, 60.47837353300567, 19.9656633014741, 69.9918659671477, 79.99747888916217, 65.8834282197922, 7.94266297748934, 49.31686007904628, 0.0, 73.51583946837769, 59.64824960790906, 50.66685562145822, 26.06289138206021, 7.133363399643237, 57.155436058240475, 90.61042907796276, 28.05179797583392, 11.977335869947186, 7.641483251116369, 61.027620433220264], [40.972857187824665, 45.13710683561474, 100.11076482141682, 65.16128594978306, 70.73628395345357, 78.32407084458379, 87.19368514049667, 14.619040303068136, 74.86264783515747, 35.2668085570718, 66.60575665116362, 65.54379649742184, 69.59882987925856, 98.90349440516263, 73.51583946837769, 0.0, 116.80401880700285, 23.385590957936685, 62.49530183172432, 68.76250567916814, 108.76245595029337, 84.99896420923909, 54.72891442506964, 81.19202561134597, 78.17249053897524, 55.07905501760586], [78.42674863314635, 71.73052975317671, 37.3968416760367, 74.38835399097248, 85.09857610920727, 57.770673949972725, 42.87280560141219, 102.1899073413317, 45.088795193380385, 95.02943078829455, 82.80689801153015, 69.01370022444631, 56.68863061144408, 18.8347986073284, 59.64824960790906, 116.80401880700285, 0.0, 94.46370352087445, 85.69544929617481, 66.65050192475708, 10.659556168637819, 80.70963314897438, 62.770966162235716, 47.70937107992534, 62.972298208933, 73.50782220587239], [17.59963897284246, 22.966311083528336, 81.55740494129422, 43.98932435761762, 63.1293054286111, 55.507258093724175, 63.83301913848371, 9.859723153174551, 51.61982136376564, 31.121480007533783, 58.22767937675126, 52.10160553051615, 46.328489752778246, 77.08982524213228, 50.66685562145822, 23.385590957936685, 94.46370352087445, 0.0, 43.902084896409825, 46.48645457573966, 86.9792984776814, 75.70393519601778, 31.812492390605076, 57.8626548657242, 55.87662039853285, 41.648366868135916], [33.26035437823577, 42.837272783024645, 91.3005824955968, 11.344410474561556, 96.01561055362575, 28.61405426045724, 43.403571714528134, 53.016600537306715, 43.49861490929501, 71.94626348639001, 90.93102068024031, 79.10662663126284, 30.07776125170592, 74.43720737501262, 26.06289138206021, 62.49530183172432, 85.69544929617481, 43.902084896409825, 0.0, 19.05693793382388, 82.78837946450945, 104.93634868917025, 39.78015107245062, 38.036516954878586, 24.50544761755655, 71.38692051149411], [30.36588885448297, 35.4824204145782, 74.028514708181, 7.739969999940539, 86.11651442509529, 10.750481894019053, 24.70875761127519, 56.34568028037873, 25.31667052461945, 68.42204524618982, 81.21522161394019, 67.71210443650676, 11.876542706611733, 55.698638130969265, 7.133363399643237, 68.76250567916814, 66.65050192475708, 46.48645457573966, 19.05693793382388, 0.0, 63.83277434870399, 92.99819565867034, 28.37327754838478, 19.072090907269846, 9.417456856109638, 61.85181801266606], [71.71462623500976, 64.03842395401074, 27.28445255614863, 71.45802800586073, 74.44885761300915, 56.115310895851344, 41.86212573972511, 94.20636266069434, 40.165729984338945, 85.41416464845517, 72.20204905057805, 58.55885451468204, 52.92144383105801, 9.890231317313386, 57.155436058240475, 108.76245595029337, 10.659556168637819, 86.9792984776814, 82.78837946450945, 63.83277434870399, 0.0, 70.15264911641077, 55.76083507757261, 45.64451870683958, 61.620861943341716, 63.46272904356813], [73.86837074959818, 62.774311810373874, 44.02593148667845, 97.16965856300288, 14.706071242735653, 93.53737779842919, 87.90544952463567, 75.39397875481394, 72.96437148137996, 49.74115291863818, 18.39405998354029, 25.84156040576738, 82.68510921806165, 65.0969728186681, 90.61042907796276, 84.99896420923909, 80.70963314897438, 75.70393519601778, 104.93634868917025, 92.99819565867034, 70.15264911641077, 0.0, 65.4853891086857, 86.23933461651255, 98.20578339358168, 34.77907185556933], [16.020410822347653, 10.291136371409479, 55.18167848911541, 31.725591571258217, 57.8218702759928, 32.26649126597254, 35.05685503622928, 40.19479142741015, 20.503631688937425, 42.77408685029393, 52.88345610366733, 39.80828203559033, 20.674983344299374, 45.930087274162275, 28.05179797583392, 54.72891442506964, 62.770966162235716, 31.812492390605076, 39.78015107245062, 28.37327754838478, 55.76083507757261, 65.4853891086857, 0.0, 29.951392949662765, 35.471953846071166, 33.478639904663694], [40.27639787432103, 39.96783859215001, 59.64549285452769, 26.796823515207464, 82.23663697014618, 10.513780372802161, 6.21153797078748, 67.38128056204584, 13.305160060636748, 72.64310478234673, 77.793614270498, 62.926082365465405, 11.715281032433595, 38.35685974260253, 11.977335869947186, 81.19202561134597, 47.70937107992534, 57.8626548657242, 38.036516954878586, 19.072090907269846, 45.64451870683958, 86.23933461651255, 29.951392949662765, 0.0, 16.114619484986374, 59.938750870227565], [39.51868572301123, 43.64440112513599, 75.1904673269643, 14.74647454038446, 92.39467507068584, 5.641762328229013, 20.103946029771247, 65.73630588737896, 26.788837670421408, 76.90803914851423, 87.62546285573708, 73.52389124138031, 15.57901542052105, 54.47115808520756, 7.641483251116369, 78.17249053897524, 62.972298208933, 55.87662039853285, 24.50544761755655, 9.417456856109638, 61.620861943341716, 98.20578339358168, 35.471953846071166, 16.114619484986374, 0.0, 68.60992383842608], [39.3194112267387, 28.601432380341556, 47.233597420210394, 64.77590158076009, 24.644278708163416, 64.81809644019705, 63.43132514166179, 43.07798510738001, 47.187114845769266, 23.254542456816704, 19.587599866379875, 10.634511437745138, 53.23789946170778, 54.752671241362336, 61.027620433220264, 55.07905501760586, 73.50782220587239, 41.648366868135916, 71.38692051149411, 61.85181801266606, 63.46272904356813, 34.77907185556933, 33.478639904663694, 59.938750870227565, 68.60992383842608, 0.0]]",Route_3,1374.7301561181791
