instance_id,num_cities,city_coordinates,distance_matrix,best_route,total_distance
1422,72,"[[1.3386894830406226, 58.58066031104823], [23.146077063952188, 5.825015262184008], [21.087824716323333, 95.73921123075327], [88.09022627623949, 96.10627174520985], [94.30082924340392, 46.108282897122], [27.211744899210878, 97.0974557026858], [77.63875874486237, 78.31925954948925], [73.90017962262881, 43.19110056720407], [47.44388919286489, 76.89544987765366], [16.25370791254539, 37.41266882547427], [6.116749656915211, 44.39475389868925], [26.74432074841461, 3.2899597482677456], [33.25420983227989, 19.761841615439035], [31.23738955447257, 34.18481596987577], [28.67972021793781, 97.85448272656814], [91.59466729228113, 84.59359850139515], [41.31706673298392, 30.50782034621118], [33.90789229120546, 75.96898869079102], [87.14779605822692, 94.60411616105978], [64.41865947227639, 49.64764541307729], [93.8906043868609, 14.320788614458602], [30.586849657842674, 81.54156369554703], [48.659989312012485, 79.02227482552621], [47.05346062894742, 70.77162958778798], [52.77487495934206, 39.16072163498296], [29.06713466786052, 77.60315610838508], [35.99432555162439, 79.3216675298428], [69.78594052152457, 81.60067622337185], [62.70898787358882, 41.23783526093641], [35.736642861269885, 78.62062920290906], [91.15806714333698, 91.72103162410853], [14.212710499476877, 25.91740521397269], [50.80925303053916, 52.87064942580749], [16.10445864947483, 85.58708305206714], [40.393795428518395, 20.346888635182424], [16.028145367662326, 73.70097229225779], [22.963535427599034, 58.19685307687313], [19.84064016342798, 16.164342617511963], [81.06894768989835, 0.27060148017514773], [66.57963594550519, 4.433165045079113], [28.516337635877232, 25.64089901251765], [13.624347950470517, 96.30231776307873], [68.20896290313526, 77.99793831967933], [13.985507467521973, 52.29777894130279], [97.18098177867999, 98.58778509818347], [47.97108785641271, 95.87477469310696], [31.491103512981866, 4.643998294849105], [94.40770725285905, 76.06283071249189], [92.9963135916648, 34.45232868125242], [89.62250333165598, 6.3245400347956116], [24.369026945161142, 95.68661152586621], [44.93398391699771, 6.3127593719032316], [2.092158061454119, 49.12382406714886], [69.69891767338325, 84.0580383925778], [18.791604732713164, 84.1505585644601], [3.666505457670155, 87.07738154416546], [39.642330509614624, 14.796674058274084], [22.60840062311099, 92.37162805244455], [85.28601213416052, 1.37144483320073], [76.99151568938937, 59.35769026953772], [63.34105631972244, 7.205926807444718], [52.46600228763452, 4.37874132870869], [19.32734965871784, 94.82070945192966], [6.109178068468646, 64.8645112642985], [14.182530730492648, 90.73072629380974], [8.019619286866654, 31.78116832523934], [68.56511329631577, 39.38501953708905], [12.864984644458177, 5.0022690805636145], [57.085084309415215, 16.455138107980126], [35.6020699343958, 70.20636319544296], [80.35662985890143, 68.3205520599372], [70.28456064741964, 54.681081174487]]","[[0.0, 57.08520156420443, 42.080711126533984, 94.51984262306735, 93.79509383321036, 46.39998409277196, 78.81188279221973, 74.17552426769159, 49.60968612228683, 25.894818753677317, 14.968961211967047, 60.84823472143791, 50.25436422924166, 38.58872227840877, 47.85357968608395, 93.92983808991116, 48.85033256007717, 36.920278105685234, 93.06391428802795, 63.709350718793665, 102.59041473238406, 37.18410894243891, 51.54769656795509, 47.31236659509906, 54.980134544529975, 33.626210293865405, 40.38814791208199, 72.21459206648524, 63.77371798212574, 39.809792134568895, 95.73820979133909, 35.10881158154279, 49.79900482958127, 30.779454321723165, 54.6545752611319, 21.08089060251859, 21.628251665793275, 46.275978494878785, 98.77741156049841, 84.78403351396013, 42.704243741384246, 39.671915064774225, 69.63234989961694, 14.121494376973537, 103.85718572258823, 59.711234668150645, 61.79264989691488, 94.69671773923261, 94.7802534522632, 102.59012571384805, 43.67205123618084, 68.06234763338452, 9.486804870059528, 72.95353036107929, 30.958422882990792, 28.591639481669027, 58.17393203210316, 39.92781127086884, 101.58763367596477, 75.65681653733785, 80.52115707015605, 74.51073839378381, 40.459029358716656, 7.889508485727322, 34.620673024735794, 27.619695757576437, 69.91326543256989, 54.80419223923466, 69.87288570696954, 36.181987335005964, 79.6159556403311, 69.0560632244371], [57.08520156420443, 0.0, 89.93775091362245, 111.21352340907886, 81.76637700832313, 91.36294675037361, 90.69105695472123, 63.02541755164103, 75.10918952221282, 32.330861574565375, 42.16186346005577, 4.401575180706442, 17.216546600957003, 29.49148409285713, 92.19568367517965, 104.35372159035931, 30.650052730266804, 70.9647354348529, 109.4438156801693, 60.19841336774494, 71.25283370501833, 76.08127761450775, 77.51644035806218, 69.20712175262422, 44.59971955180131, 72.02194406211123, 74.61122826863344, 88.97880454044031, 53.097003041558764, 73.87640865732219, 109.56165579894427, 21.98884199202005, 54.57602952227152, 80.07229138730213, 22.54703073676875, 68.24815378002155, 52.372155937455005, 10.85484238780002, 58.18857666253633, 43.455854428882034, 20.530683072345877, 90.97695088949142, 85.08580670604461, 47.3670117202496, 118.68487091354751, 93.40899493310523, 8.42818293062851, 100.05783655672369, 75.48893042407589, 66.47830303432775, 89.86991760021243, 21.79336548937667, 48.146176891760064, 91.03610754490673, 78.44649235549193, 83.55477686156277, 18.778099991665563, 86.54828294901249, 62.299324395178, 75.92811438596823, 40.21869309248667, 29.355573975192062, 89.07758563920677, 61.448498887816626, 85.37754346816267, 30.042163815456238, 56.47267249925755, 10.313960084155267, 35.56481019946977, 65.57522184554078, 84.72744225304454, 67.8892613818719], [42.080711126533984, 89.93775091362245, 0.0, 67.0034069896265, 88.44983368633524, 6.272736759335013, 59.173159929800505, 74.50133398173607, 32.399528956825684, 58.52652590259717, 53.4825802215878, 92.62213583713624, 76.94531577979158, 62.38555315404468, 7.881069141204193, 71.38234748972413, 68.29609497841402, 23.563018310568264, 66.06972267620293, 63.26131266558469, 109.22089666855149, 17.082291133614206, 32.24407268426524, 36.02213738029839, 64.84747210217435, 19.8137801215285, 22.175200299526864, 50.70901946529572, 68.5763895605991, 22.53072843224884, 70.18535916508314, 70.15947399275184, 52.16394245320733, 11.309272474951252, 77.82494980078532, 22.611597259403972, 37.589186562449115, 79.58464163469982, 112.74746365608102, 102.01126878424746, 70.4908233746863, 7.484689332308483, 50.35031706479941, 44.018188850309734, 76.14645707316056, 26.883604938914228, 91.68732752981037, 75.91419580994592, 94.48234091602208, 112.6587129253133, 3.2816238046863955, 92.55122689995596, 50.33715995242129, 49.99488131154277, 11.813953480233215, 19.455838666872573, 83.04194126555241, 3.694965162370408, 114.13449348290285, 66.69960818373248, 98.09932737643483, 96.5987861643154, 1.985678208107548, 34.31627825711714, 8.530416542838907, 65.27947032145744, 73.68777274659706, 91.10876889528437, 87.07334235660008, 29.36987645606615, 65.30370689137231, 64.07877082147641], [94.51984262306735, 111.21352340907886, 67.0034069896265, 0.0, 50.38224367839595, 60.886549749602146, 20.630341160779277, 54.78478588832215, 44.95753991403765, 92.7654267187779, 96.921266742908, 111.25730491856486, 93.997131399217, 84.06254652726471, 59.4362218831147, 12.034232507881917, 80.56603055634322, 57.80342104823518, 1.7733150072157176, 52.14160561033012, 81.99091191806914, 59.31921310240973, 42.9721600318957, 48.22717312921615, 67.00723629573339, 61.85540098714748, 54.73304130939071, 23.355067510787173, 60.454549746738984, 55.196425531960855, 5.35182011147144, 101.90370121975764, 57.08931601878435, 72.75028571474137, 89.52336926648455, 75.46483252781243, 75.35655170365497, 105.11288235619813, 96.09252857603171, 94.16296505755454, 92.27359840220562, 74.46613639010252, 26.891938806283967, 86.0853843080756, 9.423361614951355, 40.119806311027396, 107.55839419719352, 21.01547273610547, 61.84883497755057, 89.79480620779442, 63.72258123217169, 99.6259811440007, 97.99499031326356, 21.986363024497013, 70.32238637513125, 84.90515588063103, 94.64908494129828, 65.58823868940704, 94.7763211303486, 38.38801397786517, 92.28105300434207, 98.40236364590255, 68.77489273802185, 87.73220539341001, 74.10292807833491, 102.70842727661886, 59.98775282452273, 118.14726522471756, 85.47293090843881, 58.53043498088934, 28.841891962470356, 45.08977868992087], [93.79509383321036, 81.76637700832313, 88.44983368633524, 50.38224367839595, 0.0, 84.26648789131951, 36.26529484504044, 20.608164830853262, 56.06623298909022, 78.53003789707981, 88.20072604091558, 79.98306469067856, 66.48928266823003, 64.18073300426396, 83.56912795118231, 38.58034252914578, 55.232721475253776, 67.37186789905915, 49.020523535677356, 30.091047792488677, 31.790141195082544, 72.90396822374863, 56.2709261902268, 53.29722798583726, 42.10312917935164, 72.4386771453539, 67.10273684076198, 43.13571319766665, 31.9650700188876, 66.98370390556765, 45.72089019309257, 82.59405732591938, 44.0141659303878, 87.59707778080953, 59.74627795133606, 82.99379223272193, 72.35428817943856, 80.25558745218069, 47.70928344806193, 50.05277220935049, 68.89494276897624, 95.01650261893411, 41.20358736915859, 80.55346530872764, 52.55847628972584, 67.99373973142913, 75.26186646575495, 29.95473848545812, 11.728726689972799, 40.05786975704323, 85.72320363997295, 63.40953485184665, 92.25796729653797, 45.22651871484245, 84.55091793798366, 99.46380091293719, 62.991811625866625, 85.3235103968203, 45.636077915073095, 21.798145137405978, 49.718214457218515, 59.08897854870318, 89.40874197690555, 90.16409174124219, 91.70662032424138, 87.46264004430645, 26.59942378168311, 91.22226240030847, 47.58487855272427, 63.45283144573765, 26.226429376415517, 25.500471124644996], [46.39998409277196, 91.36294675037361, 6.272736759335013, 60.886549749602146, 84.26648789131951, 0.0, 53.80989106249383, 71.3141294619484, 28.59126968278725, 60.68238920131022, 56.767716192510846, 93.80866048811755, 77.57131292377956, 63.0413043412078, 1.6516783740424694, 65.58587607696016, 68.06717006709307, 22.16417172303179, 59.98789019965633, 60.29791860891413, 106.29227119978654, 15.917823603417121, 28.048874346991383, 32.96578231638847, 63.325656513793064, 19.582394845012274, 19.82706150900666, 45.3068682113156, 66.18422360863903, 20.348636385919576, 64.17194141073124, 72.3572697308378, 50.12836306384468, 15.995639605520175, 77.87436035911018, 25.931994417253883, 39.1318817381183, 81.26808708640445, 110.79728331987462, 100.68019471827772, 71.46846476750272, 13.610642901260816, 45.22790563717347, 46.71128765645206, 69.98510692427601, 20.79531843627094, 92.55244295429448, 70.41131162754316, 90.84063747895934, 110.15818166147679, 3.1735668667199173, 92.49831805863269, 54.15222040878651, 44.44306755985143, 15.444122051164488, 25.58867301173963, 83.2342364529087, 6.5972892542381665, 111.96468046603412, 62.468515868969924, 96.88041138870268, 96.09650103621829, 8.206537747347626, 38.526368035594864, 14.501574577271784, 68.07756665960655, 70.99877721450387, 93.20597045667657, 85.99767319272449, 28.16963632049841, 60.435825307865045, 60.45176825036281], [78.81188279221973, 90.69105695472123, 59.173159929800505, 20.630341160779277, 36.26529484504044, 53.80989106249383, 0.0, 35.32654140073584, 30.228420091757314, 73.76634483521741, 79.15977430253044, 90.66222834033941, 73.47761140154498, 64.03855223867058, 52.71254497801414, 15.301461128510558, 60.04330961309936, 43.79397737014557, 18.857845727610872, 31.57265402154729, 66.02974154722483, 47.162118196099584, 28.987295636547685, 31.502812237610808, 46.38538356531814, 48.57690263505844, 41.6564957449032, 8.510843050862887, 39.974117695534005, 41.903199629503426, 19.036259987537242, 82.27282621757115, 36.97910401973065, 61.96201535371356, 68.90560994477718, 61.78346265713122, 58.26054657349002, 84.87553363823139, 78.12399901835131, 74.70916381680287, 72.02792461588515, 66.4923692769817, 9.435268779922515, 68.7666623533414, 28.15513468306523, 34.47269655688621, 86.93474681817383, 16.920079939535672, 46.477544197937284, 72.98527092722827, 56.02936052359928, 79.08563943198554, 80.99174234341326, 9.796665700646702, 59.13536660520173, 74.48891835204853, 74.01923686532488, 56.79620916532245, 77.32688196230596, 18.97261271230875, 72.53640732982711, 78.10805273729777, 60.60130591410098, 72.78400348399751, 64.65862185785477, 83.74137874234256, 39.97756979944022, 97.83160482497836, 65.18913294812367, 42.8124081709906, 10.361514119768023, 24.755761077875476], [74.17552426769159, 63.02541755164103, 74.50133398173607, 54.78478588832215, 20.608164830853262, 71.3141294619484, 35.32654140073584, 0.0, 42.847619137413254, 57.93536030797839, 67.79411596340198, 61.77196827702184, 46.91508323798242, 43.603059739514194, 70.94346550509066, 45.02512331001632, 34.964622731320475, 51.708538906465996, 53.092348918453204, 11.471102636987917, 35.115694418639386, 57.85155637315934, 43.828532437743995, 38.489373881384, 21.506335146974177, 56.517178684764524, 52.366703561461684, 38.62929543064346, 11.36037050982272, 52.07405339978667, 51.50717319039471, 62.13674051222403, 25.0376627700623, 71.67820236071415, 40.552876600291285, 65.42189711012091, 53.10098238481564, 60.43905568266381, 43.515060352502715, 39.44322407798163, 48.659045285419985, 80.3366496425992, 35.26905020092518, 60.60280134171367, 60.08983612936593, 58.71871353516854, 57.309762083516105, 38.74415223294066, 21.000677766159576, 40.079106131514145, 72.17419037557421, 46.894056584752235, 72.0526832856135, 41.08232234415602, 68.66317954935107, 82.81771938841581, 44.49543440198188, 71.0603326523446, 43.3419056767375, 16.459495170911385, 37.50237079767162, 44.33760466788886, 75.12529722975927, 71.1713188226906, 76.32963777871738, 66.86131006733433, 6.553562810713018, 71.99779077401145, 31.584159305156277, 46.86757536468735, 25.94561777986973, 12.045428798080643], [49.60968612228683, 75.10918952221282, 32.399528956825684, 44.95753991403765, 56.06623298909022, 28.59126968278725, 30.228420091757314, 42.847619137413254, 0.0, 50.31617441651868, 52.57592320959213, 76.46071089764736, 58.869314531565685, 45.68204110296996, 28.131389856910587, 44.816879621601345, 46.790491843976774, 13.567665327995698, 43.47409667733634, 32.10273624130161, 77.92872117849609, 17.485598516897316, 2.4499558891302256, 6.136253694730457, 38.10943616469013, 18.3903766949262, 11.70380449557367, 22.83213552291822, 38.78773927269502, 11.833674846510414, 46.15980099617367, 60.85287400841589, 24.25936335749464, 32.522367595587724, 56.98634573895397, 31.577739740746953, 30.804630216750304, 66.70986992959845, 83.67802549573865, 74.94637767723232, 54.6377268224918, 38.99215165861403, 20.794320545710598, 41.527204615429646, 54.261734087750845, 18.986645540519472, 73.99164565524023, 46.97119821173853, 62.26107857643318, 82.21489406864079, 29.758310164385303, 70.62730225291335, 53.17934483212885, 23.379242222595806, 29.556556072093823, 44.945868098858746, 62.586917771637864, 29.262836215860045, 84.47426594329592, 34.3603731593558, 71.47971424405966, 72.69040265887435, 33.34448569374593, 43.04999219112132, 36.02405918651959, 59.913032452142744, 43.04809510260059, 79.77675153132584, 61.20444371196205, 13.600461903640548, 34.01143000131065, 31.86180235603665], [25.894818753677317, 32.330861574565375, 58.52652590259717, 92.7654267187779, 78.53003789707981, 60.68238920131022, 73.76634483521741, 57.93536030797839, 50.31617441651868, 0.0, 12.308835633235189, 35.69891080186868, 24.506504579833834, 15.327418230218063, 61.705904494369314, 88.89488334737372, 25.997093835343126, 42.40589614230956, 91.08695506134076, 49.694639659126494, 80.99828779575209, 46.398257669278024, 52.74017809622001, 45.40313899427109, 36.56297760145989, 42.18363632087259, 46.325545406126416, 69.41383094094796, 46.61249762153825, 45.58158348153853, 92.52059933681555, 11.675048434077896, 37.85544693491257, 48.17464542078002, 29.56323187309184, 36.28900449115444, 21.8404235370532, 21.54895472203697, 74.7030687059005, 60.16931694792411, 16.99843087643028, 58.94831876995697, 65.92808673891929, 15.056933167785028, 101.44761459188601, 66.51172838666824, 36.13812381722193, 87.18877580731603, 76.79968190162184, 79.68344804887101, 58.83630512574442, 42.30558591618701, 18.37663329556166, 70.93786681619082, 46.806743718436714, 51.23496223351925, 32.534764272976744, 55.325123757272316, 77.87444287445564, 64.58068797804226, 55.94341465590629, 49.01602421422689, 57.49026354220832, 29.266279897578283, 53.358270465937885, 9.975671074152267, 52.34857496202516, 32.58707499933954, 45.89574481624161, 38.076048946279855, 71.16517299983053, 56.72328545062603], [14.968961211967047, 42.16186346005577, 53.4825802215878, 96.921266742908, 88.20072604091558, 56.767716192510846, 79.15977430253044, 67.79411596340198, 52.57592320959213, 12.308835633235189, 0.0, 45.990224953607125, 36.64999471110198, 27.116219894612428, 58.02611693787477, 94.45857033996913, 37.84057671001745, 42.062809126664796, 95.32581255717407, 58.53806930007547, 92.78304242732463, 44.48225794785286, 54.85428375149541, 48.698602406289545, 46.95078008376946, 40.36729058868769, 45.96258083639524, 73.74311168769846, 56.68022196196945, 45.263104332086854, 97.32318451001233, 20.173175168547186, 45.489126863328686, 42.38587396763552, 41.87141854010153, 30.93687446182227, 21.778708238271136, 31.389509262477702, 86.97570244975195, 72.47543861234604, 29.21384286119925, 52.44768077306247, 70.60181972899235, 11.152360929693838, 105.96970794767725, 66.34740512719088, 47.15909673317666, 93.79850895559937, 87.44661484984177, 91.77446311708437, 54.44263297319123, 54.37845145588722, 6.209786000215356, 74.93909678210375, 41.72740053987797, 42.752899309383736, 44.72148143510539, 50.73218904360524, 90.10425763600468, 72.43702040390681, 68.24683240606473, 61.23344250838003, 52.12769845163898, 20.469758765942153, 47.03274563671833, 12.756310353990896, 62.64898690012955, 39.9663175135433, 58.12394745525871, 39.187029567879605, 78.00002326959935, 64.98704868000947], [60.84823472143791, 4.401575180706442, 92.62213583713624, 111.25730491856486, 79.98306469067856, 93.80866048811755, 90.66222834033941, 61.77196827702184, 76.46071089764736, 35.69891080186868, 45.990224953607125, 0.0, 17.711621837942303, 31.219862399597524, 94.58432627671529, 103.99927461938675, 30.873562493820867, 73.03121254146626, 109.48449657774819, 59.73600939531833, 68.04632680703543, 78.34589043939474, 78.83958444557291, 70.47153274207298, 44.32043897415112, 74.34948969402365, 76.59231800280119, 89.35966286606677, 52.282870400826155, 75.8654837028393, 109.40377140546616, 25.865856717586844, 55.11230130056026, 82.98206534887655, 21.845983202778005, 71.22181619602918, 55.036908276546065, 14.60857761328632, 54.40847008217085, 39.8517158376175, 22.421073342809457, 93.93312743486275, 85.44354048870827, 50.641422357531546, 118.50315917103453, 94.98696542277426, 4.936128746256618, 99.36913314317204, 73.21488778395774, 62.95136632740247, 92.42717825597926, 18.43912047119275, 52.04298457569445, 91.47994274637462, 81.25073619936992, 86.90752332104162, 17.284765836195625, 89.17762871448349, 58.57311951555296, 75.28858482693155, 36.80564973594118, 25.744714924328715, 91.83076609426604, 64.9402379717079, 88.33847532375879, 34.09345114535335, 55.24338902070699, 13.98456198584911, 33.07391501935599, 67.5001094143326, 84.28082596038645, 67.35577073946463], [50.25436422924166, 17.216546600957003, 76.94531577979158, 93.997131399217, 66.48928266823003, 77.57131292377956, 73.47761140154498, 46.91508323798242, 58.869314531565685, 24.506504579833834, 36.64999471110198, 17.711621837942303, 0.0, 14.563301592074325, 78.22650798126766, 87.21677406073864, 13.434497396011428, 56.21094807159327, 92.22735329312914, 43.178515375065956, 60.88002465783256, 61.83727735432371, 61.23019668125648, 52.84333251729422, 27.52040902703958, 57.99266557681572, 59.62282362576835, 71.82345586797373, 36.45273998651155, 58.91111397699364, 92.36331370302312, 20.01173805686878, 37.47496092481838, 68.02261664933587, 7.1635160711292425, 56.623026368343204, 39.788793469314, 13.887614996867901, 51.63484868190565, 36.68177137253243, 7.550546260211252, 79.01756745437254, 67.9211139601678, 37.81362331877443, 101.48971148560757, 77.52267462144711, 15.220306519878442, 83.1237127423652, 61.52177965426506, 57.947783269086024, 76.44290131129806, 17.812774513349574, 42.81587887760966, 73.90681734202826, 65.99298308613702, 73.5310421934523, 8.090795675266738, 73.38606366433326, 55.18618617543842, 58.99816229575827, 32.601676770137836, 24.61163838063659, 76.33997036408722, 52.64127239070566, 73.48681198863798, 27.950827797250984, 40.397141175969296, 25.170726750969116, 24.059195049527755, 50.4991307300887, 67.65047178251525, 50.89793878807374], [38.58872227840877, 29.49148409285713, 62.38555315404468, 84.06254652726471, 64.18073300426396, 63.0413043412078, 64.03855223867058, 43.603059739514194, 45.68204110296996, 15.327418230218063, 27.116219894612428, 31.219862399597524, 14.563301592074325, 0.0, 63.72101801872995, 78.6387075951085, 10.729407664892364, 41.869424104448534, 82.31928930091333, 36.60731849982586, 65.72674426449379, 47.36121574991479, 48.103479073176985, 39.85903956375124, 22.104816550992048, 43.472546125757944, 45.38682417648867, 61.10854756282851, 32.252233750236186, 44.66301353468822, 83.07167817324395, 18.925902291104407, 27.059530887814862, 53.58356706084778, 16.59301062045445, 42.34203253540096, 25.397531142624878, 21.321898520664835, 60.277343427342075, 46.19778255193005, 8.966751949168831, 64.56627032416291, 57.3278895993425, 25.014133267941407, 92.17537517132385, 63.91922767160381, 29.541907177464193, 75.79087779474423, 61.75950340864496, 64.69170337804886, 61.88412770285959, 31.055566910493518, 32.75085467147424, 62.981167503199444, 51.49245568874915, 59.647105067302704, 21.131565943957632, 58.82316338237627, 63.229509946817814, 52.22177380055619, 41.9345428043868, 36.59311525532349, 61.79450322387465, 39.65691258587793, 59.06190128897196, 23.341858927662372, 37.68820872484951, 34.48429070061357, 31.34397551733478, 36.28501480422261, 59.81595311030787, 44.09964237609686], [47.85357968608395, 92.19568367517965, 7.881069141204193, 59.4362218831147, 83.56912795118231, 1.6516783740424694, 52.71254497801414, 70.94346550509066, 28.131389856910587, 61.705904494369314, 58.02611693787477, 94.58432627671529, 78.22650798126766, 63.72101801872995, 0.0, 64.29729089005899, 68.52208009623712, 22.501302904892672, 58.55835359089234, 60.0097570632866, 105.97328656839981, 16.42402112800646, 27.456569477990172, 32.727286334615364, 63.44709664821782, 20.255031961276647, 19.92407313536993, 44.20302674580502, 66.0563080063332, 20.48758840282442, 62.778683141308385, 73.37736361608536, 50.13243940737995, 17.567763041696832, 78.38779688110994, 27.266360455558825, 40.0674725680279, 82.16695398545124, 110.7575958308005, 100.81639851483688, 72.21376853962337, 15.13517261830559, 44.236222522362624, 47.86787177359041, 68.50518642979837, 19.392681848072158, 93.25287279235633, 69.24625893985441, 90.313107137266, 109.96250825988308, 4.8251157535125335, 92.97358873970919, 55.51194065068991, 43.27720457873539, 16.898886510357656, 27.23613082908468, 83.77814992697154, 8.180624487170093, 111.86263400098171, 61.77404480164012, 97.04931174708723, 96.45466004594424, 9.832121610256614, 39.97208513453268, 16.152907129930426, 69.22804811966672, 70.77798179294582, 94.18938071896613, 86.21321252282068, 28.50153397984627, 59.52105552375295, 59.957529541667135], [93.92983808991116, 104.35372159035931, 71.38234748972413, 12.034232507881917, 38.58034252914578, 65.58587607696016, 15.301461128510558, 45.02512331001632, 44.816879621601345, 88.89488334737372, 94.45857033996913, 103.99927461938675, 87.21677406073864, 78.6387075951085, 64.29729089005899, 0.0, 73.8451658312988, 58.327934168885996, 10.953772299382356, 44.26912059533001, 70.31030604788884, 61.08411191932815, 43.29464425042274, 46.63652984168662, 59.75887027990981, 62.91707733952664, 55.84972030231332, 22.01313578579395, 52.09706979900288, 56.17646531756966, 7.140792855755579, 97.11262994990088, 51.67006400764598, 75.4967457079234, 82.15332621533207, 76.3475509857119, 73.53244474403395, 99.15242543695113, 84.97740052383729, 83.97289375259528, 86.33826758319778, 78.8445610363381, 24.298022615208588, 84.06070217267434, 15.067984870137074, 45.05864644067737, 100.02188236660437, 8.982605016808748, 50.16085676625681, 78.29390106474172, 68.1347316575138, 91.13237156941459, 96.27462831416481, 21.90229841828531, 72.8044105974225, 87.96323562612446, 87.00951648468319, 69.42335869609632, 83.46092493542501, 29.15652758858245, 82.38396848416168, 89.24951392741781, 72.98738929667832, 87.73258089811064, 77.65502704011774, 98.86324610399289, 50.73633775929224, 111.9515191893448, 76.37906193739418, 57.81144781642391, 19.776388088826803, 36.72709269800634], [48.85033256007717, 30.650052730266804, 68.29609497841402, 80.56603055634322, 55.232721475253776, 68.06717006709307, 60.04330961309936, 34.964622731320475, 46.790491843976774, 25.997093835343126, 37.84057671001745, 30.873562493820867, 13.434497396011428, 10.729407664892364, 68.52208009623712, 73.8451658312988, 0.0, 46.06097798747799, 78.79588115928564, 30.000274843447134, 55.00906159650777, 52.14959749341824, 49.06700322443932, 40.67038910032375, 14.358066376264897, 48.66242375952964, 49.10318982052675, 58.48894507915294, 23.9321438687821, 48.43535389226698, 78.93783982892688, 27.49032626068916, 24.293985369855108, 60.57557912718065, 10.20279192857716, 50.0517524054422, 33.219491942794846, 25.82580592258872, 49.944984176243985, 36.305441083813896, 13.694728499896408, 71.38489030534096, 54.575501690411635, 34.954490805292316, 88.0662171599447, 65.70475414838864, 27.667432918602263, 69.95623689337893, 51.829563975454086, 54.02079462215292, 67.34620161739414, 24.46391353537888, 43.418303223730646, 60.6065616547949, 58.18023549176495, 67.95351365805341, 15.800153768201904, 64.63083545432882, 52.746531049224494, 45.88007522809918, 32.06297490578148, 28.408230045264016, 67.96834088110958, 49.193268188380074, 66.05362552384084, 33.321785989088816, 28.65764657106413, 38.210654542114085, 21.12127497049695, 40.10779840330512, 54.34970256327738, 37.72879858615597], [36.920278105685234, 70.9647354348529, 23.563018310568264, 57.80342104823518, 67.37186789905915, 22.16417172303179, 43.79397737014557, 51.708538906465996, 13.567665327995698, 42.40589614230956, 42.062809126664796, 73.03121254146626, 56.21094807159327, 41.869424104448534, 22.501302904892672, 58.327934168885996, 46.06097798747799, 0.0, 56.407050347938515, 40.29540948942895, 86.01410537232718, 6.487134679983497, 15.064757639333923, 14.135717476230647, 41.361957867724925, 5.109152328586236, 3.948880746237845, 36.31735465699189, 45.119354220929225, 3.221106339911269, 59.37768416815117, 53.78718429464542, 28.621482694671332, 20.235364799724206, 55.998972795067765, 18.023019958762895, 20.871697377967553, 61.436823439828274, 89.1875045766329, 78.64360684812638, 50.61605943043885, 28.72048819544161, 34.36102562091476, 30.939094816545634, 67.19444771861014, 24.372398032923677, 71.36592410233159, 60.499887741378174, 72.21547334282452, 89.18781930278523, 21.903757722277785, 70.52350657380735, 41.628161240302454, 36.69373547331577, 17.188375000236594, 32.21704315110905, 61.44050666441804, 19.917958981426835, 90.5787212770315, 46.17503481705751, 74.79752552258998, 73.95652076729743, 23.832322570696597, 29.934560817771686, 24.6373453472817, 51.212949024689465, 50.39354886129848, 74.02080284937587, 63.86768072383799, 6.006504015342158, 47.074237163536466, 42.14779955253545], [93.06391428802795, 109.4438156801693, 66.06972267620293, 1.7733150072157176, 49.020523535677356, 59.98789019965633, 18.857845727610872, 53.092348918453204, 43.47409667733634, 91.08695506134076, 95.32581255717407, 109.48449657774819, 92.22735329312914, 82.31928930091333, 58.55835359089234, 10.953772299382356, 78.79588115928564, 56.407050347938515, 0.0, 50.37556860281578, 80.56598628522799, 58.04972811841079, 41.522343955269335, 46.64271807882509, 65.2339459288212, 60.51773186641283, 53.387552678837416, 21.691553146106884, 58.69595627124927, 53.83844842101562, 4.939073862909646, 100.18678039637207, 55.33689506213304, 71.61328561281393, 87.75005649407129, 74.12790390903926, 73.79097585736041, 103.35884726625888, 94.52917216147515, 92.4870241470831, 90.51835855896137, 73.54305752642493, 25.1881826215381, 84.51358849783502, 10.795111574305647, 39.19730907390405, 105.78511346866559, 19.91194557644281, 60.43544236914991, 88.31425557135174, 62.78810116229387, 97.8640363931773, 96.45163826491242, 20.388308247324847, 69.15089123760929, 83.81991180100205, 92.87624600499247, 64.5779959915556, 93.2512586634009, 36.68052029425144, 90.5825830900579, 96.66149741641786, 67.82079225784918, 86.3232396583066, 73.06800321214736, 101.03460364618577, 58.262035070852484, 116.38911921554416, 83.73189003260863, 57.028170507252554, 27.146743454872826, 43.33840595891154], [63.709350718793665, 60.19841336774494, 63.26131266558469, 52.14160561033012, 30.091047792488677, 60.29791860891413, 31.57265402154729, 11.471102636987917, 32.10273624130161, 49.694639659126494, 58.53806930007547, 59.73600939531833, 43.178515375065956, 36.60731849982586, 60.0097570632866, 44.26912059533001, 30.000274843447134, 40.29540948942895, 50.37556860281578, 0.0, 46.00632943757213, 46.49530491059146, 33.33473471228924, 27.345435419495182, 15.67014001568619, 45.06928981282819, 41.0912441697622, 32.40067721244807, 8.581834522432299, 40.768760915189795, 49.851436788339086, 55.53162713415256, 13.985839215523455, 60.21548952680564, 37.89100737745577, 54.03891550785933, 42.327488246271976, 55.75241135233143, 52.108776278872924, 45.26609166104294, 43.189125783988345, 68.96898241282273, 28.60254373282402, 50.502732884984454, 58.894032255453325, 49.065976944635885, 55.763358896272386, 39.96379613085423, 32.366340008531616, 50.12110538391671, 61.020975625529736, 47.51383934914139, 62.32870259291204, 34.81316233372105, 57.203838508783335, 71.35691532190361, 42.760456981180006, 59.77822711994032, 52.59313595464637, 15.885895774890074, 42.455396674087176, 46.820291442635586, 63.82657702995343, 60.262331749734535, 64.89597957973879, 59.16132805613562, 11.06862995972827, 68.19817458058675, 33.99299730633154, 35.39854106385809, 24.549874596162024, 7.729441904871598], [102.59041473238406, 71.25283370501833, 109.22089666855149, 81.99091191806914, 31.790141195082544, 106.29227119978654, 66.02974154722483, 35.115694418639386, 77.92872117849609, 80.99828779575209, 92.78304242732463, 68.04632680703543, 60.88002465783256, 65.72674426449379, 105.97328656839981, 70.31030604788884, 55.00906159650777, 86.01410537232718, 80.56598628522799, 46.00632943757213, 0.0, 92.33633069000508, 78.94359288739065, 73.35131547556307, 48.03670970019778, 90.59106060780236, 87.04650115162522, 71.46760172783783, 41.19248242761565, 86.69690156412777, 77.44846272031555, 80.51737881280881, 57.81085195066077, 105.49677337030636, 53.8351414058249, 97.92123742133546, 83.40118790438086, 74.07290930464302, 19.02111035042773, 29.04572424737377, 66.3471148781393, 114.73292048866547, 68.66095035665987, 88.47076527290902, 84.33121177694943, 93.59302668311605, 63.1453718034736, 61.74420748385502, 20.1513935371055, 9.064032103054565, 107.02171213371986, 49.607249673609694, 98.17436541419458, 73.81410239689185, 102.54782552703793, 115.90474469288765, 54.25036115655227, 105.70281978448362, 15.547492151483254, 48.103032227649415, 31.367118860987347, 42.600961999834205, 109.7265519848913, 101.29287588865895, 110.41673596955921, 87.62814012455175, 35.631393050514106, 81.55970733728772, 36.86735352492437, 80.75116528486122, 55.6699462788595, 46.75680182133395], [37.18410894243891, 76.08127761450775, 17.082291133614206, 59.31921310240973, 72.90396822374863, 15.917823603417121, 47.162118196099584, 57.85155637315934, 17.485598516897316, 46.398257669278024, 44.48225794785286, 78.34589043939474, 61.83727735432371, 47.36121574991479, 16.42402112800646, 61.08411191932815, 52.14959749341824, 6.487134679983497, 58.04972811841079, 46.49530491059146, 92.33633069000508, 0.0, 18.247881887214636, 19.675892802085976, 47.83768640457493, 4.2214438256823055, 5.845402854238426, 39.19913543472783, 51.5385514860705, 5.920492238686521, 61.42063134634537, 57.98413093218546, 35.085138210227996, 15.036817355518844, 61.97551485137162, 16.53574141555947, 24.557899619524893, 66.2545247842298, 95.67346299330073, 85.09515736626162, 55.93899652333416, 22.485691557405058, 37.78863170116262, 33.62742198374252, 68.74119650569982, 22.531148999666982, 76.90288186790627, 64.05558819699476, 78.18143796796343, 95.61803727893846, 15.451333191940293, 76.58468033109042, 43.160830527086866, 39.19293953447569, 12.080341761299975, 27.4836353328457, 67.35638073819402, 13.451614883513171, 97.05280178342792, 51.43459215042524, 81.2319208538671, 80.20472851031899, 17.410113504786437, 29.618921051109556, 18.802722907268635, 54.63860205043721, 56.74083824175833, 78.5641656209232, 70.27374499353, 12.395128268796135, 51.49588498055578, 47.931135799980275], [51.54769656795509, 77.51644035806218, 32.24407268426524, 42.9721600318957, 56.2709261902268, 28.048874346991383, 28.987295636547685, 43.828532437743995, 2.4499558891302256, 52.74017809622001, 54.85428375149541, 78.83958444557291, 61.23019668125648, 48.103479073176985, 27.456569477990172, 43.29464425042274, 49.06700322443932, 15.064757639333923, 41.522343955269335, 33.33473471228924, 78.94359288739065, 18.247881887214636, 0.0, 8.405598208844106, 40.07337902714354, 19.644181098742894, 12.66920180921459, 21.282715246770024, 40.31176297054388, 12.929586331050537, 44.35476348248128, 63.29883248566806, 26.239795075018943, 33.21083082024129, 59.254796480162696, 33.062871923941984, 33.07576050891437, 69.14965312143896, 85.15965381465813, 76.71146611367062, 57.055569285908646, 39.065279335213376, 19.575792033622196, 43.77805810505734, 52.31726199047368, 16.866574548566067, 76.33412512928952, 45.84334200572018, 62.86644375128876, 83.44392247799051, 29.457613113931803, 72.80492259253023, 55.33968074656372, 21.633201827240814, 30.305439965193365, 45.70884305689252, 64.85557774155528, 29.272692134355108, 85.8552091970286, 34.4872624693759, 73.30157959511561, 74.74050326068941, 33.316576740037036, 44.84432858834352, 36.41130299818405, 62.31662554368793, 44.35454844355002, 82.22070061507947, 63.13183683964346, 15.755302483347453, 33.45450481041694, 32.55941943274641], [47.31236659509906, 69.20712175262422, 36.02213738029839, 48.22717312921615, 53.29722798583726, 32.96578231638847, 31.502812237610808, 38.489373881384, 6.136253694730457, 45.40313899427109, 48.698602406289545, 70.47153274207298, 52.84333251729422, 39.85903956375124, 32.727286334615364, 46.63652984168662, 40.67038910032375, 14.135717476230647, 46.64271807882509, 27.345435419495182, 73.35131547556307, 19.675892802085976, 8.405598208844106, 0.0, 32.12450907859537, 19.240001979731968, 13.97882747118132, 25.180029648554317, 33.4266441727027, 13.772333111894755, 48.827182608343534, 55.59151296054898, 18.290737200109607, 34.31236489776855, 50.86261535469034, 31.163299500251256, 27.17442732618327, 61.01223965683173, 78.2780194194011, 69.15246489010491, 48.78942273810843, 42.06330482943817, 22.355643903984873, 37.878393366071755, 57.328063668637824, 25.119911104685176, 67.93416356605645, 47.648939995138555, 58.564813298544244, 77.23697785695944, 33.6948045925312, 64.49370613510106, 49.90136483529377, 26.25538770765697, 31.26864626526623, 46.34981581298173, 56.463443892280786, 32.62086590454198, 79.23454826380735, 32.04005542384022, 65.61923760106554, 66.61314598928362, 36.702799237188295, 41.368204230786134, 38.45599528954434, 55.17152199627123, 38.05089343177281, 74.12462931894663, 55.23508595397097, 11.46533361632265, 33.39324575129663, 28.25933042924129], [54.980134544529975, 44.59971955180131, 64.84747210217435, 67.00723629573339, 42.10312917935164, 63.325656513793064, 46.38538356531814, 21.506335146974177, 38.10943616469013, 36.56297760145989, 46.95078008376946, 44.32043897415112, 27.52040902703958, 22.104816550992048, 63.44709664821782, 59.75887027990981, 14.358066376264897, 41.361957867724925, 65.2339459288212, 15.67014001568619, 48.03670970019778, 47.83768640457493, 40.07337902714354, 32.12450907859537, 0.0, 45.165005457435214, 43.52572128747222, 45.72227134587019, 10.148940851543363, 42.981224485780395, 65.08345126363892, 40.77285810017111, 13.850118757491344, 59.161866660617626, 22.522243282874033, 50.43164731744746, 35.37075437349031, 40.168361548706194, 48.09361701242067, 37.370772170107294, 27.771608466505157, 69.2670612422585, 41.79163158421553, 40.953599415497045, 74.18543114864072, 56.91713436927384, 40.551240636018015, 55.63324886386268, 40.49608734014243, 49.35547121388505, 63.2619034598312, 33.77081872230263, 51.65269791816576, 47.98116582387819, 56.38216102844078, 68.61223106680758, 27.677979298427847, 61.167121361449915, 49.84980924338207, 31.533525497054328, 33.65639762378788, 34.783351712469845, 64.93667063007274, 53.27637438507787, 64.41144629325926, 45.35957139744587, 15.79183131518709, 52.531887705074716, 23.111067217745717, 35.478685042224726, 40.13787380705976, 23.398090800976536], [33.626210293865405, 72.02194406211123, 19.8137801215285, 61.85540098714748, 72.4386771453539, 19.582394845012274, 48.57690263505844, 56.517178684764524, 18.3903766949262, 42.18363632087259, 40.36729058868769, 74.34948969402365, 57.99266557681572, 43.472546125757944, 20.255031961276647, 62.91707733952664, 48.66242375952964, 5.109152328586236, 60.51773186641283, 45.06928981282819, 90.59106060780236, 4.2214438256823055, 19.644181098742894, 19.240001979731968, 45.165005457435214, 0.0, 7.137174163895817, 40.9145611881407, 49.53999240465885, 6.746672590250314, 63.675727752037844, 53.77797656005209, 32.93048128558817, 15.224127528357213, 58.36585824735169, 13.610374003146596, 20.343512996446567, 62.12773940846887, 93.19073217280814, 82.22551516597247, 51.96517622280778, 24.251563005034594, 39.14381905989892, 29.458743907001214, 71.27307220876324, 26.290901313201996, 72.99941324300192, 65.3587257224366, 77.12933181039472, 93.52857201611894, 18.68377841899532, 73.03476960968541, 39.22654351878529, 41.14130886968317, 12.184210863651638, 27.11001497383511, 63.69057194438096, 16.119026305061926, 94.71977611625739, 51.280047971635334, 78.29732817055219, 76.87211409681537, 19.781495271139732, 26.25530124914461, 19.846524465143954, 50.42472080350997, 54.96104328263923, 74.38681645699951, 67.26132326600884, 9.870051891188684, 52.122730692779996, 47.16246095843255], [40.38814791208199, 74.61122826863344, 22.175200299526864, 54.73304130939071, 67.10273684076198, 19.82706150900666, 41.6564957449032, 52.366703561461684, 11.70380449557367, 46.325545406126416, 45.96258083639524, 76.59231800280119, 59.62282362576835, 45.38682417648867, 19.92407313536993, 55.84972030231332, 49.10318982052675, 3.948880746237845, 53.387552678837416, 41.0912441697622, 87.04650115162522, 5.845402854238426, 12.66920180921459, 13.97882747118132, 43.52572128747222, 7.137174163895817, 0.0, 33.868379395819375, 46.519366539784066, 0.7468969840201495, 56.54009742067489, 57.67541926836947, 30.31729597021323, 20.853350739182286, 59.13864963686418, 20.742241105826785, 24.820541431016224, 65.19040758963358, 90.99886045713482, 80.89344235659952, 54.19912556378292, 28.084842535069015, 32.241822509144846, 34.852239926652295, 64.14818926832625, 20.43154893941978, 74.81332295186759, 58.50421505478266, 72.5429818054547, 90.57903772140023, 20.073837691941698, 73.55418521133957, 45.401175208676314, 34.03575677201102, 17.86761853738794, 33.24513576298091, 64.62803356655304, 18.694503358828783, 92.2274773839503, 45.59967091155409, 77.12667336040747, 76.73172956531249, 22.759797580763635, 33.19836452863811, 24.615462928793367, 55.160522615566094, 51.53437752808178, 77.835335141969, 66.31003413156455, 9.123740328285097, 45.70600163035098, 