instance_id,num_cities,city_coordinates,distance_matrix,best_route,total_distance
2364,69,"[[49.689608149861684, 0.989973016907808], [8.093029197776202, 66.87405009641122], [38.348927002707725, 78.29397597937923], [69.15890582380703, 31.985549043854476], [17.863634862729107, 14.402811117066472], [0.45348407663643453, 55.007090239643105], [80.08898036377775, 58.614002730235995], [42.60114815840166, 81.862549223851], [70.64848230914393, 82.43597371211442], [1.0160887511275085, 93.12313094044167], [48.909090258831654, 85.89538380369753], [25.115424528561036, 8.577069630272948], [3.5646148826027124, 78.12265767956202], [54.40691560289819, 51.57274131434247], [60.465457461561535, 9.880869820761951], [17.482821244124068, 74.81801443961707], [78.60073755392484, 16.281852365605655], [28.557449510180188, 7.050242376143223], [71.55856322072898, 38.951354585169554], [8.44751553276052, 18.277216401653117], [19.007080764950135, 88.0513206606459], [22.830171005317034, 49.16220001868238], [57.61490671455349, 17.89781460664892], [85.22827530216742, 64.46259706227502], [99.72988998174853, 18.782646465318454], [84.63968997303742, 42.74508104686859], [78.6103669377701, 74.35727454814395], [86.31137709356454, 26.30729111997052], [41.686394182660614, 45.00710483316618], [29.837118082907455, 40.99085107534929], [24.190787964958737, 48.765104887821074], [94.25748404892849, 73.58079907945732], [17.390297705717572, 30.201038136532066], [7.6366110160905, 49.688540282149226], [7.357764100736874, 43.20571119697383], [10.753486664712153, 74.96796534799462], [99.35042474970751, 66.61247099831425], [31.026889281674375, 43.84413009174531], [55.683405118433186, 2.902529734114734], [0.8281460683384756, 87.49952549631448], [79.9933184389106, 82.34718076491039], [14.29111036058307, 36.81698994564342], [96.16881935121474, 31.58197430489714], [42.88371011022703, 2.2844670178419735], [18.972133088112354, 12.542068804289775], [16.1281368867896, 84.93687891938144], [75.18977447996906, 60.32143923084129], [6.210912954820669, 55.65173013797218], [42.78195112025808, 49.77174399033918], [89.24454371218954, 80.82162078588784], [1.4070739450597003, 95.0704749371426], [57.21121004416377, 97.5068794817753], [67.9713406038884, 50.42242259409342], [57.79557653240115, 22.087999257734523], [49.68382012180654, 60.34452850782207], [62.205980974222705, 53.55378846486075], [30.907756292564482, 67.52648830263013], [5.126314610723948, 64.6160543141047], [88.00809690062621, 39.80355532484931], [83.6786990877036, 33.861102367600225], [13.925252087678253, 86.13137565589818], [22.763909735555565, 56.928485371448765], [62.827223915727885, 80.77685180086091], [4.6675583421672435, 42.16716776691604], [61.06398640719279, 91.00151454184015], [24.749378039855696, 43.45176172287606], [23.202989665953353, 21.800036353098896], [59.889067169710565, 95.59916833328013], [75.29093311923754, 79.97084802721696]]","[[0.0, 77.91653863676844, 78.13142724220006, 36.602995576303925, 34.53689044448478, 73.0892937906008, 65.15098334946866, 81.1826326710237, 84.09949723552587, 104.19995335709984, 84.90899828081665, 25.718758439589145, 89.87194249137569, 50.802258200186685, 13.970217405797449, 80.5472334913178, 32.70619172929825, 21.98397128544233, 43.81001810616808, 44.71866486469571, 92.30978139000041, 55.15426382458788, 18.673121446702083, 72.74455901417578, 53.10940626910116, 54.45178845584757, 78.8617221650891, 44.52101252776745, 44.73878996055511, 44.65637252738764, 54.153975441376105, 85.18053528006229, 43.549188058907895, 64.34287079094474, 59.78422509899503, 83.59883315958818, 82.29525470331333, 46.74158591819323, 6.29153997817627, 99.3546433083595, 86.81768316324883, 50.36495594904726, 55.64339688322707, 6.927911867536812, 32.8178943756305, 90.40716433967374, 64.57926421041256, 69.84486113827927, 49.26841691127232, 89.09368615592467, 105.74660254968562, 96.80954358225407, 52.704732356038114, 22.60162460261081, 59.35455577312738, 54.0334552210467, 69.13657371866658, 77.67989026957275, 54.54173403658723, 47.28392377511452, 92.34797024232483, 62.08148193734826, 80.8612575594565, 61.0126735716984, 90.72736129986073, 49.24447764014094, 33.68381948010645, 95.15738963795225, 83.02654068177033], [77.91653863676844, 0.0, 32.33935774184365, 70.32957268318833, 53.37317355270828, 14.113376134011183, 72.46823695101695, 37.62267109461981, 64.46206776538824, 27.18634457299948, 45.03067817103972, 60.731374710826636, 12.1259106367145, 48.77608147843323, 77.40215656025353, 12.299380641308064, 86.78080092318024, 63.227213040543944, 69.3365050563705, 48.59812656592502, 23.824216884542757, 23.04111503012628, 69.64975230060294, 77.17293111785274, 103.48960023862209, 80.25956904467343, 70.91328204315026, 88.11226862020526, 40.08338142115025, 33.80451734618304, 24.22956322128243, 86.42507600064839, 37.833173378903844, 17.191569594794675, 23.679756777077454, 8.519947067511017, 91.25777044474741, 32.50137156750664, 79.73204686782574, 21.867527577584145, 73.5463756118766, 30.68946195370025, 94.88348341427245, 73.36351764068684, 55.41046013691063, 19.769388980491176, 67.41594719811518, 11.379052104704344, 38.675705272041675, 82.34138106760771, 28.978274128048778, 57.88752824064316, 62.09724812197691, 66.90391289958434, 42.10022021156488, 55.72827756079475, 22.82405415395347, 3.7282623826579955, 84.37552804651513, 82.48059293224246, 20.121118545984643, 17.72424874154645, 56.472293796656594, 24.943213205722873, 58.20701717359584, 28.740868974373125, 47.53922191498494, 59.22805051081932, 68.46228456221941], [78.13142724220006, 32.33935774184365, 0.0, 55.62126571914219, 67.09491889497667, 44.47857508979635, 46.146867734137345, 5.551225068225109, 32.56405101045499, 40.170196026131784, 13.01147374080267, 70.96176871121028, 34.78473400255832, 31.17504418453659, 71.89919341555678, 21.153644559609667, 73.93045196494478, 71.91343830756205, 51.48516092915933, 67.05300767382226, 21.663628299850892, 33.0074561020807, 63.39459190513125, 48.87719652077612, 85.49398199151504, 58.365731960611335, 40.453444399745806, 70.73197311958296, 33.45376627349831, 38.261913421741596, 32.74762783705242, 56.10686934307134, 52.46136494949988, 41.97043369671303, 46.814938891946504, 27.795155588122842, 62.10990489446805, 35.219371346887534, 77.35860843175224, 38.63354945942288, 41.841173586852705, 47.94912837611134, 74.33135981286604, 76.14466304611409, 68.54759980896691, 23.192491734308643, 40.99097608035675, 39.3131433961328, 28.86467426567295, 50.95834365936902, 40.572791678817154, 26.92436410629569, 40.673220620799746, 59.4750703838574, 21.228812179572913, 34.36911262243054, 13.088537443367667, 35.92808810985328, 62.82949655307606, 63.47494383359467, 25.650355359030396, 26.445735991554397, 24.60389587254162, 49.3921134035317, 26.027974567102163, 37.40224092603386, 58.48901291957915, 27.63055049794773, 36.98004483202455], [36.602995576303925, 70.32957268318833, 55.62126571914219, 0.0, 54.22506335609497, 72.45982567247852, 28.784389435544426, 56.506899040469136, 50.47241015954597, 91.54915312968531, 57.58754478399909, 49.87770196250779, 80.19503598940797, 24.520997461743985, 23.752744851550258, 67.1195784355485, 18.32359887637531, 47.64711715728617, 7.367550641971732, 62.23978867975871, 75.2235089830327, 49.41041396905134, 18.21340651848725, 36.235111196501855, 33.300175808596315, 18.852644557168837, 43.41305379030149, 18.067924167153453, 30.402299436836724, 40.3397875033918, 47.99671986800832, 48.580895982339186, 51.79935584215957, 64.01865866441382, 62.81140944937707, 72.51676425828705, 45.9407394269319, 39.9334024350402, 32.053254615268415, 88.03916350309018, 51.51386654408287, 55.080103487390616, 27.012928410817775, 39.65526677886376, 53.821567066099156, 74.94068180660092, 28.970572128227865, 67.24981735152544, 31.813400794436163, 52.8052530774757, 92.5743949366546, 66.60174304624553, 18.47508098653591, 15.06939761084185, 34.402190036943864, 22.66124700200358, 52.21406710703024, 71.8673960266659, 20.406205587029515, 14.640426793523133, 77.3467972481348, 52.674906119245165, 49.200420938351336, 65.29011609592531, 59.56854794286087, 45.86589355059051, 47.07112595510351, 64.28547633620653, 48.37551733340526], [34.53689044448478, 53.37317355270828, 67.09491889497667, 54.22506335609497, 0.0, 44.17941640015852, 76.33232006549562, 71.85235437680197, 86.10895036304598, 80.50297238659589, 77.9423392650273, 9.302027586951889, 65.30452372033679, 52.124994754198134, 42.84113959536573, 60.416403497040804, 60.76616195988165, 12.977593721643506, 59.04046339398164, 10.182058708603138, 73.65738541736337, 35.11241373174751, 39.90461957254873, 83.92840371658994, 81.98333175036358, 72.54188997309552, 85.3504724246165, 69.47524782711059, 38.783329607921544, 29.15970111724632, 34.93994990790191, 96.63360933319554, 15.805316353138284, 36.73791909555149, 30.65909935860495, 60.98107997087193, 96.77781517992717, 32.25000046304909, 39.52962805392058, 75.05556296174967, 92.0680995139972, 22.697099900160392, 80.16748446602205, 27.800331456615176, 2.16590172220149, 70.55541562464255, 73.44934779333606, 42.86326222135089, 43.26527357713463, 97.50226882487452, 82.32915876787388, 91.94845214262637, 61.71057110089469, 40.66475233254907, 55.88528953789238, 59.15270649732768, 54.70168353526486, 51.80356280765877, 74.60189917753571, 68.63124490585986, 71.83660508183945, 42.807074936499546, 80.17005436708241, 30.740786192232786, 87.94106969966694, 29.85389405756158, 9.122918990504562, 91.4274870362937, 87.16112693909385], [73.0892937906008, 14.113376134011183, 44.47857508979635, 72.45982567247852, 44.17941640015852, 0.0, 79.71713797304876, 49.97640708176004, 75.36366117306233, 38.12019258509448, 57.46331394710195, 52.57335941939428, 23.323991788741314, 54.06262596285653, 75.08536953925449, 26.124146723311174, 87.21603794282535, 55.58499914628672, 72.89525997960361, 37.589734916279504, 37.89666362872769, 23.127448186068165, 68.1507635760313, 85.30047969739212, 105.67882993388876, 85.07452105463132, 80.51663164428777, 90.5276546852719, 42.42820505207853, 32.55538216217359, 24.544286036039463, 95.6251696514467, 30.036575651170494, 8.937800975557067, 13.672659944573548, 22.461669314758723, 99.57554788725331, 32.5475772538448, 75.92910775030462, 32.494595250856825, 84.10746578222306, 22.85518868615917, 98.540151528609, 67.67569047043105, 46.3272965616952, 33.785899294419195, 74.92499855489834, 5.793405551648141, 42.65100201182927, 92.46752001934166, 40.07473177772992, 70.90607549872283, 67.67333394664941, 66.11945340276675, 49.51882706998416, 61.76959575013412, 32.92716240524486, 10.684920953595968, 88.86482825428804, 85.86960589593356, 33.91474127891643, 22.393009005818836, 67.48751019586278, 13.513771902065338, 70.49277674775601, 26.903830221780762, 40.25230965276667, 71.97433807666206, 78.8912731680797], [65.15098334946866, 72.46823695101695, 46.146867734137345, 28.784389435544426, 76.33232006549562, 79.71713797304876, 0.0, 44.11159119238629, 25.624388870390696, 86.27515353689233, 41.43017378954547, 74.33563422220777, 78.97193254712916, 26.62982937814215, 52.53571065728783, 64.66916695917116, 42.358302859708054, 72.89938308360082, 21.43333265526164, 82.21651789300998, 67.8052663554778, 58.03367835702542, 46.50690230176688, 7.785782434959039, 44.41060990939083, 16.508532137675246, 15.812555302546924, 32.900483828231515, 40.741947618878164, 53.25246601751595, 56.75921689175876, 20.609499985084426, 68.83619225421471, 73.00006646576357, 74.34544550323994, 71.23807114034048, 20.856143806267735, 51.237075629917086, 60.82269581705273, 84.360258882241, 23.733370827369225, 69.31428037056287, 31.4530091191642, 67.50739758140303, 76.53686769520793, 69.16562230730565, 5.188213343295065, 73.93743235326261, 38.340578641957315, 24.020879249779664, 86.71745362645781, 45.122591202272915, 14.626659853749832, 42.79187754775462, 30.4543673191028, 18.585140181831648, 49.98224885117736, 75.20256564785197, 20.40944238128532, 25.01184033371951, 71.6578310593022, 57.34984473647191, 28.091993781130785, 77.19384224193377, 37.56196635421118, 57.37913503822715, 67.75901458913009, 42.14189088938047, 21.889177654722843], [81.1826326710237, 37.62267109461981, 5.551225068225109, 56.506899040469136, 71.85235437680197, 49.97640708176004, 44.11159119238629, 0.0, 28.053195336844144, 43.08268638911153, 7.486914470646975, 75.34263102732683, 39.215274051772255, 32.509208051696056, 74.16532691607352, 26.087464754145884, 74.81175199832802, 76.11902999643154, 51.767774845078144, 72.17731757025149, 24.39223048562022, 38.21262063412776, 65.70312184844425, 46.04161491255389, 85.10444920416644, 57.42312525871534, 36.78305296000089, 70.68925531191518, 36.86679476264509, 42.81840928047607, 37.87323836205332, 52.316005419843506, 57.48476936000334, 47.515110322472815, 52.311062368033376, 32.58540822880468, 58.762618045161375, 39.741208610835685, 80.03642998652441, 42.151621619016495, 37.39531074903866, 53.203013549990104, 73.46857567152006, 79.57858385798876, 73.2370081228796, 26.650925478559262, 39.06453615823051, 44.847031733712484, 32.09131456089335, 46.65500917157856, 43.2596931558946, 21.405582858796546, 40.3996067705643, 61.675501435045966, 22.65368530011512, 34.43450893284294, 18.50021773020478, 41.25293609063549, 61.89305261396686, 63.178351439736566, 28.991893600899452, 31.862573161006836, 20.255193887874466, 54.90610663084663, 20.60090006005644, 42.35651417209003, 63.11730353276673, 22.08091592980485, 32.74447394909618], [84.09949723552587, 64.46206776538824, 32.56405101045499, 50.47241015954597, 86.10895036304598, 75.36366117306233, 25.624388870390696, 28.053195336844144, 0.0, 70.44775058326186, 22.012920862505446, 86.76633600089703, 67.22239183559621, 34.875888563767234, 73.26620705162395, 53.7086661532196, 66.63036946173082, 86.34039339233215, 43.49414153516644, 89.36054166990833, 51.94580324531562, 58.255771488766925, 65.84108195877619, 23.14330641711354, 69.98195725905302, 42.084686674112916, 11.342706335857011, 58.27310942928538, 47.3257094421593, 58.165845995592946, 57.376343305934945, 25.21505663138602, 74.59840964684086, 71.01331086565625, 74.4629337881797, 60.35877444227198, 32.77475763442144, 55.31004454937139, 80.92911865531185, 70.00370639795015, 9.345257967529085, 72.50686210858927, 56.89830277301904, 84.82420999113253, 86.92297171679098, 54.57767484813335, 22.576004294476373, 69.78249098543417, 42.93594605709827, 18.66600211818961, 70.38468053097289, 20.191396351941652, 32.12529444061427, 61.7015008541309, 30.45568931814589, 30.090803469612172, 42.44547160181471, 67.90216482006618, 46.031286276961936, 50.292192986907665, 56.84347669067681, 54.25462424535299, 7.995296640712114, 77.29850619376808, 12.854223095940757, 60.22039984212052, 76.99215331162978, 17.0010207569238, 5.256347987574638], [104.19995335709984, 27.18634457299948, 40.170196026131784, 91.54915312968531, 80.50297238659589, 38.12019258509448, 86.27515353689233, 43.08268638911153, 70.44775058326186, 0.0, 48.43531688850259, 87.913676228311, 15.215425840020949, 67.65364195663386, 102.29125806434327, 24.621749919627355, 109.19688559143505, 90.37183575795297, 88.94280216959659, 75.21394170736174, 18.692219053811446, 49.07563175446892, 94.13965377234089, 88.9557112606531, 123.57557276984231, 97.6260958576156, 79.83125561734838, 108.3496315837499, 63.001791341597645, 59.56866907759176, 50.046989509225405, 95.26731092901503, 65.01772436584035, 43.93626043161043, 50.318641079478645, 20.601625077082044, 101.84525873524376, 57.69807685815956, 105.49062688615595, 5.626745119803362, 79.70899517207816, 57.84987219050369, 113.31970746826609, 100.02280030828942, 82.55741700914668, 17.186876417978947, 81.10293850171286, 37.82977764415999, 60.19742527662353, 89.08191408416606, 1.98620695380954, 56.36584877754173, 79.41256981074554, 90.93899144967106, 58.67695334800804, 72.86930611872064, 39.35352465454179, 28.801864078506146, 102.03228227237358, 101.71084100637893, 14.680978850495212, 42.22582249566901, 63.03211117302786, 51.08662655838599, 60.085366513454055, 55.050103909167916, 74.69432638239229, 58.92502311451121, 75.43033243819404], [84.90899828081665, 45.03067817103972, 13.01147374080267, 57.58754478399909, 77.9423392650273, 57.46331394710195, 41.43017378954547, 7.486914470646975, 22.012920862505446, 48.43531688850259, 0.0, 80.89660212582629, 46.00583352735011, 34.76017650941866, 76.88794417193269, 33.32144198880112, 75.68115801425358, 81.42939032003869, 52.1223608897537, 78.79946441521248, 29.979630343006715, 45.049271030895, 68.55261232708882, 42.17164390577347, 84.18356845327412, 56.023427099230545, 31.863675267488272, 70.35390429927875, 41.52130411946056, 48.78685460480645, 44.605516258217015, 46.99069925285411, 63.99448744462254, 54.903124324908724, 59.57281974831834, 39.68952707878517, 54.00147175291093, 45.695525497956794, 83.26887274625544, 48.107696523730084, 31.286082950022248, 60.059081544108096, 71.99603076052054, 83.82774368731667, 79.2270801307471, 32.79496357054315, 36.67016504117023, 52.32411425086048, 36.63958497839035, 40.65331322843064, 48.379994328036865, 14.274173349515614, 40.27034101166383, 64.42322532198102, 25.562597925706847, 34.968358436708485, 25.718949171655872, 48.67998877340861, 60.44161623334255, 62.58188350220654, 34.98463413185501, 39.02116950296225, 14.829491372103437, 62.205064296186286, 13.18385647268846, 48.83802565464059, 69.05807101638548, 14.653440795935973, 27.038893410750873], [25.718758439589145, 60.731374710826636, 70.96176871121028, 49.87770196250779, 9.302027586951889, 52.57335941939428, 74.33563422220777, 75.34263102732683, 86.76633600089703, 87.913676228311, 80.89660212582629, 0.0, 72.80814661504405, 52.02517883604313, 35.37406851495795, 66.67922766598434, 54.037416540947184, 3.7654664303434764, 55.493804321754745, 19.285021070214178, 79.7086472120383, 40.64941810542549, 33.80965290079563, 82.07768883492594, 75.30917775013167, 68.63374666204007, 84.78646249491538, 63.712678207809574, 40.021800311344435, 32.755879130170385, 40.198670757086994, 94.90052284903807, 22.96243885977057, 44.67283224694632, 38.916286058987644, 67.92655072507695, 94.22814372459679, 35.75906834804913, 31.09022097663334, 82.57497160115565, 91.94352906459673, 30.24332780342736, 74.68474111163844, 18.84963713575444, 7.311719918886674, 76.88687673345144, 72.00639074704618, 50.72873169868158, 44.823067247200264, 96.60134108253513, 89.68386169745723, 94.54443679079134, 59.89710433169721, 35.36294040930864, 57.301621797859646, 58.29763815605551, 59.23331046863021, 59.49733035777406, 70.21810056483665, 63.78823903002616, 78.35745237291106, 48.40856356057002, 81.45543786941587, 39.324418932846044, 89.9226791200184, 34.87661306069968, 13.360548493856069, 93.71260259543696, 87.26198058791125], [89.87194249137569, 12.1259106367145, 34.78473400255832, 80.19503598940797, 65.30452372033679, 23.323991788741314, 78.97193254712916, 39.215274051772255, 67.22239183559621, 15.215425840020949, 46.00583352735011, 72.80814661504405, 0.0, 57.35710593756549, 88.85182888585314, 14.30514366461265, 97.23530689736295, 75.33876823908841, 78.47017265637018, 60.04431330698149, 18.358869821408113, 34.78318215237154, 80.92259122319338, 82.79825293561413, 112.9999870168176, 88.4575645681121, 75.14015578671652, 97.63123920191885, 50.49663253450431, 45.48643189020963, 35.87903178659041, 90.80652508032466, 49.87615788282297, 28.7242090349063, 35.12237367631863, 7.85060260148605, 96.47489709418883, 43.92259064261372, 91.51194426836291, 9.768004485271728, 76.54536774094584, 42.67570611230724, 103.64156451079513, 85.42495193069992, 67.36620261288738, 14.292504897843983, 73.80411144107946, 22.62621218998897, 48.39187709307297, 85.72242767264802, 17.084598113315987, 57.04125899124095, 70.11083612343494, 77.9799983708181, 49.42714809437094, 63.58017892063921, 29.324498079759106, 13.596589297047883, 92.73109112158234, 91.52787426055437, 13.095127602268159, 28.597305164588793, 59.32201594557106, 35.97240246540928, 58.92404161122936, 40.630840705900326, 59.64816373716379, 58.97348853571587, 71.75012568173089], [50.802258200186685, 48.77608147843323, 31.17504418453659, 24.520997461743985, 52.124994754198134, 54.06262596285653, 26.62982937814215, 32.509208051696056, 34.875888563767234, 67.65364195663386, 34.76017650941866, 52.02517883604313, 57.35710593756549, 0.0, 42.12977662046653, 43.63177130124639, 42.78770691904457, 51.48250002651902, 21.29503273004254, 56.75260728828666, 50.83143769045447, 31.66862025284577, 33.82738381461078, 33.408151623731705, 55.9407036669536, 31.495209666133114, 33.240668031820846, 40.69689959362632, 14.315000789579997, 26.751660718606647, 30.34628793997345, 45.52386640065163, 42.743183050239764, 46.80824291374846, 47.78733985124389, 49.52734967314558, 47.39316916388136, 24.624318512624324, 48.68694815602437, 64.50905646880489, 40.02162082654044, 42.743537858888345, 46.299971601606664, 50.617371009895386, 52.71638462999104, 50.778249065173405, 22.54921147930442, 48.36830388877401, 11.763646993331237, 45.48799053181263, 68.56410173024969, 46.01966010845933, 13.613113485372976, 29.678831463516982, 9.962523851474636, 8.04673651108136, 28.403037359739198, 50.97750139188514, 35.60271230479596, 34.21314751029323, 53.22653744621044, 32.0930493210899, 30.393776688524333, 50.62083044031059, 39.98680719836018, 30.749306395889494, 43.12886451771709, 44.36643170072783, 35.25045606085935], [13.970217405797449, 77.40215656025353, 71.89919341555678, 23.752744851550258, 42.84113959536573, 75.08536953925449, 52.53571065728783, 74.16532691607352, 73.26620705162395, 102.29125806434327, 76.88794417193269, 35.37406851495795, 88.85182888585314, 42.12977662046653, 0.0, 77.8738708903742, 19.23176959013036, 32.0333173922971, 31.115110152813674, 52.69122240387442, 88.48398941519785, 54.400714046431744, 8.508645207154215, 59.936317004583785, 40.260865472092, 40.79767024026067, 66.98092643782238, 30.62415514464116, 39.83096287788707, 43.656913619205696, 53.17739542172102, 72.10812747842029, 47.627498657526694, 66.14784686081296, 62.69746523470517, 81.90000027275896, 68.7787412880538, 44.94588240001993, 8.459624990348381, 97.88393442793479, 75.05133960299895, 53.45675726775506, 41.78119177398956, 19.152628421978235, 41.5785755839495, 87.17340476063869, 52.545756765619025, 70.98258415845041, 43.634713686879664, 76.5560314600822, 103.65887074180908, 87.68641682362008, 41.23052004303471, 12.495690187696582, 51.60256342285815, 43.707587956694645, 64.78174919337106, 77.83547490049558, 40.66895738824443, 33.37523243056289, 89.33157536032475, 60.29000605358681, 70.9353099782227, 64.46557671506503, 81.12285274114903, 49.01676358513514, 39.12234702883146, 85.72023638353849, 71.64076893402027], [80.5472334913178, 12.299380641308064, 21.153644559609667, 67.1195784355485, 60.416403497040804, 26.124146723311174, 64.66916695917116, 26.087464754145884, 53.7086661532196, 24.621749919627355, 33.32144198880112, 66.67922766598434, 14.30514366461265, 43.63177130124639, 77.8738708903742, 0.0, 84.62790298953853, 68.66671917077645, 64.889160569659, 57.25817489291487, 13.320801801181082, 26.20715480684561, 69.64548393995751, 68.5323369993277, 99.52156942063652, 74.42256427917665, 61.129282048592536, 84.20605902970905, 38.39926138033184, 36.01257602079632, 26.902619085172518, 76.78463095332837, 44.61707223737578, 26.989596649180907, 33.19419374622147, 6.731005062885645, 82.27779437317537, 33.8056695038144, 81.4316986729705, 20.933201568132557, 62.96229510662192, 38.13482504162959, 89.78218901675426, 76.85259043633474, 62.29375132822621, 10.209142376705486, 59.4999423911292, 22.235160678842554, 35.600022976226676, 72.01241629569608, 25.8571422904235, 45.75073194549339, 56.07348293654209, 66.37448862337152, 35.30419413806773, 49.52098870730892, 15.277278372184215, 16.02383370432324, 78.73897925122827, 77.84190959860263, 11.859529514822592, 18.652751698748606, 45.7342606405997, 35.075757321695896, 46.48896248067201, 32.196966583143464, 53.325662932181295, 47.224422184431525, 58.03731121052329], [32.70619172929825, 86.78080092318024, 73.93045196494478, 18.32359887637531, 60.76616195988165, 87.21603794282535, 42.358302859708054, 74.81175199832802, 66.63036946173082, 109.19688559143505, 75.68115801425358, 54.037416540947184, 97.23530689736295, 42.78770691904457, 19.23176959013036, 84.62790298953853, 0.0, 50.88765372098363, 23.738124404045386, 70.18159329615656, 93.2859073431507, 64.74158906715127, 21.047955482259727, 48.634436525264825, 21.276631628323262, 27.143533641682005, 58.0754229808539, 12.64766319632904, 46.77401923992305, 54.66649066066249, 63.368796017407874, 59.39952024491125, 62.77309677669695, 78.43413831254286, 76.16072111543514, 89.70679634345156, 54.44006512371178, 54.98136223197788, 26.53696290151462, 105.45393758668467, 66.0800037683807, 67.50866629683689, 23.296592656297552, 38.361867081617035, 59.745765135495596, 92.82423447147305, 44.17148265965865, 82.40311875954785, 49.03629576769668, 65.41156103685623, 110.30189820705141, 83.99414811231387, 35.75699393192539, 21.600140436221857, 52.70396135576334, 40.71836519182275, 70.00452252472442, 87.94706308248533, 25.33315850779096, 18.2979704877662, 95.19387755615269, 69.06446347818762, 66.39584839918804, 78.33367437943393, 76.75001991213432, 60.31726863839091, 55.67190337665021, 81.49455945572925, 63.77494001393195], [21.98397128544233, 63.227213040543944, 71.91343830756205, 47.64711715728617, 12.977593721643506, 55.58499914628672, 72.89938308360082, 76.11902999643154, 86.34039339233215, 90.37183575795297, 81.42939032003869, 3.7654664303434764, 75.33876823908841, 51.48250002651902, 32.0333173922971, 68.66671917077645, 50.88765372098363, 0.0, 53.54228927231666, 23.03159547981103, 81.56214947156555, 42.49963171086638, 31.016215798836974, 80.67069459569544, 72.13297157604582, 66.47811070617796, 83.87807295602275, 60.87980024301118, 40.16332401326378, 33.96472391362321, 41.94278826471485, 93.5029920037087, 25.70339712495511, 47.49427261909693, 41.91234408993868, 70.21252158044146, 92.51650891437754, 36.87666343384894, 27.44122788473131, 85.09407396475507, 91.18814365461847, 33.0089032474221, 71.92428799234234, 15.09815742222361, 11.047101358639388, 78.87214948452, 70.79826372461395, 53.49273136308548, 45.027359973985334, 95.52559696310352, 92.11245427964401, 94.88646473127181, 58.60546756067254, 32.878597959727145, 57.328914776969626, 57.400378644327205, 60.521899039374546, 62.151756103534716, 67.87605604525814, 61.29579405203211, 80.42342222401034, 50.213586084036095, 81.3020933006771, 42.472642358588985, 90.0249467607494, 36.60016419462711, 15.691611217018966, 93.92860348863658, 86.61081467552097], [43.81001810616808, 69.3365050563705, 51.48516092915933, 7.367550641971732, 59.04046339398164, 72.89525997960361, 21.43333265526164, 51.767774845078144, 43.49414153516644, 88.94280216959659, 52.1223608897537, 55.493804321754745, 78.47017265637018, 21.29503273004254, 31.115110152813674, 64.889160569659, 23.738124404045386, 53.54228927231666, 0.0, 66.41102566520233, 71.91985106292255, 49.78672084367587, 25.25226925227467, 28.942780120698394, 34.64679550405612, 13.6201408794533, 36.101344906917575, 19.429818786558723, 30.479806333128856, 41.771264408941555, 48.37371008806284, 41.40578984571876, 54.870475001188666, 64.81746007322033, 64.34160518533854, 70.67144816560585, 39.211285728313726, 40.825921232221894, 39.38957245153742, 85.7887918633251, 44.207949798796626, 57.30721306697346, 25.689929398956693, 46.547909134395134, 58.84541621527329, 72.02222304160483, 21.67639760136372, 67.44789054433144, 30.74368603242747, 45.45231674693091, 89.83644648289234, 60.287610991729565, 12.018883782120916, 21.7667764145824, 30.59693246272761, 17.340757477354263, 49.689298353686375, 71.21741688349782, 16.471593862974643, 13.14565940044067, 74.48189672929541, 52.00091768464413, 42.72714012660879, 66.96826105016962, 53.09760158434848, 47.02503037428479, 51.307204278824976, 57.83728849561812, 41.188947878059025], [44.71866486469571, 48.59812656592502, 67.05300767382226, 62.23978867975871, 10.182058708603138, 37.589734916279504, 82.21651789300998, 72.17731757025149, 89.36054166990833, 75.21394170736174, 78.79946441521248, 19.285021070214178, 60.04431330698149, 56.75260728828666, 52.69122240387442, 57.25817489291487, 70.18159329615656, 23.03159547981103, 66.41102566520233, 0.0, 70.56861939302526, 34.06967847612339, 49.16885499323231, 89.60119674163911, 91.28377372016625, 80.02452028118738, 89.82092539600806, 78.27683589122528, 42.65337020053539, 31.19974835384711, 34.312708596370314, 102.08739860407093, 14.904726691829344, 31.421789160717456, 24.952302718264892, 56.73762877454885, 102.95453239672625, 34.1100453610042, 49.67504660365043, 69.64038244748663, 96.04041986057085, 19.438899237719127, 88.72453846864173, 37.96866510466921, 11.985803796573784, 67.10068964892538, 78.88121324299384, 37.44137641858202, 46.59140194442025, 102.17613362427709, 77.11531867436169, 93.03352844104718, 67.64909483690623, 49.49498146681597, 58.90748308999805, 64.29937125004852, 54.12904209169716, 46.45770414733165, 82.42129200048426, 76.82830520633124, 68.07490378888194, 41.21746882021398, 82.84538073333044, 24.187142299108952, 89.7625564880078, 29.991806436601035, 15.170177233823845, 92.87043385994185, 90.96233647939633], [92.30978139000041, 23.824216884542757, 21.663628299850892, 75.2235089830327, 73.65738541736337, 37.89666362872769, 67.8052663554778, 24.39223048562022, 51.94580324531562, 18.692219053811446, 29.979630343006715, 79.7086472120383, 18.358869821408113, 50.83143769045447, 88.48398941519785, 13.320801801181082, 93.2859073431507, 81.56214947156555, 71.91985106292255, 70.56861939302526, 0.0, 39.07658791771848, 80.0754558914469, 70.297044652932, 106.36879783390454, 79.75145603311897, 61.15618220205052, 91.33560909201698, 48.65342509321824, 48.290552967397, 39.62672797600593, 76.62910145129607, 57.872870808181034, 40.01237934287964, 46.333953715513104, 15.469195254070707, 83.15453804511878, 45.812132615430706, 92.71175418646769, 18.187307239034887, 61.25241544278003, 51.450918560013214, 95.61757672886587, 89.02834724220082, 75.50925994370981, 4.241233925796642, 62.65334306472919, 34.834973470090695, 45.06185138750505, 70.60856719650886, 18.94805443356789, 39.356868353601335, 61.75299758941309, 76.52259257503859, 41.33677139023176, 55.28313220947165, 23.72540455583867, 27.237609619084374, 84.19612275903164, 84.37415466321333, 5.432418570618303, 31.348758194749514, 44.419847398957096, 48.07262620336726, 42.16025327411042, 44.9677065841365, 66.38402160087125, 41.5729096514582, 56.86093627279468], [55.15426382458788, 23.04111503012628, 33.0074561020807, 49.41041396905134, 35.11241373174751, 23.127448186068165, 58.03367835702542, 38.21262063412776, 58.255771488766925, 49.07563175446892, 45.049271030895, 40.64941810542549, 34.78318215237154, 31.66862025284577, 54.400714046431744, 26.20715480684561, 64.74158906715127, 42.49963171086638, 49.78672084367587, 34.06967847612339, 39.07658791771848, 0.0, 46.770071985764574, 64.24659967291808, 82.6830336450946, 62.141741614790604, 61.206388872469645, 67.47007030666984, 19.30859830527553, 10.764211578274727, 1.417378937976146, 75.48595252575771, 19.72607111000072, 15.202674081199392, 16.57935868796012, 28.491820385755364, 78.48478317717702, 9.770775724053992, 56.738805825714465, 44.20225815617711, 66.09741577128624, 15.010655163646486, 75.41632235365816, 50.986922656012844, 36.82279819255892, 36.39704537148625, 53.53556477536197, 17.84134914512234, 19.961088988538176, 73.5743693507619, 50.66082109127458, 59.32338390365052, 45.15875722012906, 44.2220751493816, 29.088880028467283, 39.619950274930666, 20.0622647836354, 23.499960506871442, 65.84638376190317, 62.74286381032459, 38.02653715795105, 7.766568015311792, 50.98284465216324, 19.463066946266725, 56.67762239149092, 6.024322465774394, 27.364703437382534, 59.41173125885373, 60.838346079484594], [18.673121446702083, 69.64975230060294, 63.39459190513125, 18.21340651848725, 39.90461957254873, 68.1507635760313, 46.50690230176688, 65.70312184844425, 65.84108195877619, 94.13965377234089, 68.55261232708882, 33.80965290079563, 80.92259122319338, 33.82738381461078, 8.508645207154215, 69.64548393995751, 21.047955482259727, 31.016215798836974, 25.25226925227467, 49.16885499323231, 80.0754558914469, 46.770071985764574, 0.0, 54.13665200116468, 42.12427735895578, 36.71138188245302, 60.236865513321256, 29.903289241178243, 31.442505117503163, 36.12331483417778, 45.49682762005672, 66.65788200584139, 42.06409964732389, 59.23242591602946, 56.269618921155676, 73.84439582478547, 64.14804138101714, 37.15015421587422, 15.11916885361983, 89.82836046293566, 68.22399951268251, 47.27458647125238, 40.910394843394855, 21.465897985507695, 39.01215152543964, 78.83773344451595, 45.91992925981294, 63.77874812503725, 35.15627889892235, 70.42612669091389, 95.47219473296471, 79.61008843917814, 34.133646855282, 4.194077847784238, 43.18131141535301, 35.95033288629304, 56.35846996224192, 70.26838707701704, 37.46474991374972, 30.563832040659033, 81.02224864120514, 52.32576087148971, 63.0947031776579, 58.244512209173834, 73.18501960743507, 41.631084399596375, 34.632461210809204, 77.73462662627811, 64.54071108602727], [72.74455901417578, 77.17293111785274, 48.87719652077612, 36.235111196501855, 83.92840371658994, 85.30047969739212, 7.785782434959039, 46.04161491255389, 23.14330641711354, 88.9557112606531, 42.17164390577347, 82.07768883492594, 82.79825293561413, 33.408151623731705, 59.936317004583785, 68.5323369993277, 48.634436525264825, 80.67069459569544, 28.942780120698394, 89.60119674163911, 70.297044652932, 64.24659967291808, 54.13665200116468, 0.0, 47.92655542447668, 21.72549043333894, 11.903837770606648, 38.17067566917548, 47.690791451832474, 60.15898235312446, 63.02369491712584, 12.832311507235708, 75.99898436425705, 78.98568933943443, 80.71971079892792, 75.21207951793541, 14.284854320556365, 57.99061498861108, 68.28280342532324, 87.48760990198603, 18.63499684938879, 76.13383586025792, 34.65300646411709, 75.2275352322334, 84.17611083720448, 72.06958683514573, 10.859129198150375, 79.50707470590065, 44.91671849698003, 16.844823214598268, 89.23472409859072, 43.32297942536882, 22.246983936651844, 50.47929774560363, 35.78221321673462, 25.4760307178637, 54.406858161497965, 80.10210768601344, 24.815232167508753, 30.640702733335633, 74.52286283594749, 62.91708674604355, 27.71212750572169, 83.58896628487287, 35.891879287478964, 64.02462194909543, 75.28100786066882, 40.144259107552955, 18.418920100056358], [53.10940626910116, 103.48960023862209, 85.49398199151504, 33.300175808596315, 81.98333175036358, 105.67882993388876, 44.41060990939083, 85.10444920416644, 69.98195725905302, 123.57557276984231, 84.18356845327412, 75.30917775013167, 112.9999870168176, 55.9407036669536, 40.260865472092, 99.52156942063652, 21.276631628323262, 72.13297157604582, 34.64679550405612, 91.28377372016625, 106.36879783390454, 82.6830336450946, 42.12427735895578, 47.92655542447668, 0.0, 28.318057973278723, 59.452279520212784, 15.384302561674469, 63.692775267417225, 73.33623876164106, 81.2717893648225, 55.070725041677264, 83.12754131177138, 97.1408580529518, 95.54630150175407, 105.23112849905169, 47.83132978205284, 73.13125369328802, 46.82169300880655, 120.43074529734625, 66.55811202993637, 87.32137543534468, 13.285481443314893, 59.191875211607474, 80.99851917186493, 106.60973497826863, 48.24612495587319, 100.52426769205634, 64.83357082551677, 62.91881134558109, 124.44761518940818, 89.47258243542638, 44.82946455251254, 42.06437924836701, 65.0538173156747, 51.157365678437856, 84.3353318757493, 105.1215379834899, 24.06821643407234, 22.022728294063082, 109.07927029329893, 85.9003326018579, 72.14629760400483, 97.8962855947998, 81.91835572990273, 78.93441846659158, 76.5863637580381, 86.53363042327094, 65.88822825746031], [54.45178845584757, 80.25956904467343, 58.365731960611335, 18.852644557168837, 72.54188997309552, 85.07452105463132, 16.508532137675246, 57.42312525871534, 42.084686674112916, 97.6260958576156, 56.023427099230545, 68.63374666204007, 88.4575645681121, 31.495209666133114, 40.79767024026067, 74.42256427917665, 27.143533641682005, 66.47811070617796, 13.6201408794533, 80.02452028118738, 79.75145603311897, 62.141741614790604, 36.71138188245302, 21.72549043333894, 28.318057973278723, 0.0, 32.182037136043476, 16.522574723988022, 43.01281635588837, 54.83064114676975, 60.74792540513573, 32.30082769019337, 68.40931057144358, 77.3154951804734, 77.28329862697983, 80.606980541408, 28.036726284712703, 53.62406462377561, 49.25337884541939, 95.01228967700872, 39.87373910872757, 70.5979101503313, 16.04792124704629, 58.14312635135208, 72.28035677665291, 80.46105091287792, 19.955682645237612, 79.48367540151908, 42.44342462606683, 38.35397706178716, 98.31386075540466, 61.24684546190094, 18.351442557051346, 33.87213389287311, 39.13634356946307, 24.901796230217194, 59.17126703577212, 82.46645580576575, 4.471994946679749, 8.935803302187756, 82.96325864708925, 63.48055716699145, 43.842892949547775, 79.97421972951267, 53.70751504472342, 59.89448105653518, 64.90888261129192, 58.362212706786345, 38.38172718868531], [78.8617221650891, 70.91328204315026, 40.453444399745806, 43.41305379030149, 85.3504724246165, 80.51663164428777, 15.812555302546924, 36.78305296000089, 11.342706335857011, 79.83125561734838, 31.863675267488272, 84.78646249491538, 75.14015578671652, 33.240668031820846, 66.98092643782238, 61.129282048592536, 58.0754229808539, 83.87807295602275, 36.101344906917575, 89.82092539600806, 61.15618220205052, 61.206388872469645, 60.236865513321256, 11.903837770606648, 59.452279520212784, 32.182037136043476, 0.0, 48.66319414986433, 47.1679152212398, 59.094399220435626, 60.13692479251664, 15.666371246838814, 75.4829125750687, 75.13867499441558, 77.76473050344842, 67.85962823096766, 22.13892454632702, 56.52644806163936, 75.04282866938964, 78.88467939572128, 8.10870866459203, 74.47308060419385, 46.23878850116112, 80.44180252439016, 85.89434555232076, 63.371579598393765, 14.446630258188442, 74.77685690579753, 43.452545297154884, 12.444817714656796, 79.9336294639065, 31.52503964058393, 26.19286199321, 56.26128899166854, 32.14190663738989, 26.493186143957626, 48.189196954296555, 74.12690009741478, 35.80889331740154, 40.81210545975658, 65.74795464548835, 58.50290141697646, 17.03873750481064, 80.64578053185929, 24.184833981062976, 62.09796170611445, 76.36910856381746, 28.314397690654715, 6.5215679158136135], [44.52101252776745, 88.11226862020526, 70.73197311958296, 18.067924167153453, 69.47524782711059, 90.5276546852719, 32.900483828231515, 70.68925531191518, 58.27310942928538, 108.3496315837499, 70.35390429927875, 63.712678207809574, 97.63123920191885, 40.69689959362632, 30.62415514464116, 84.20605902970905, 12.64766319632904, 60.87980024301118, 19.429818786558723, 78.27683589122528, 91.33560909201698, 67.47007030666984, 29.903289241178243, 38.17067566917548, 15.384302561674469, 16.522574723988022, 48.66319414986433, 0.0, 48.384627028702916, 58.351939674410026, 66.05543878377098, 47.936678760024094, 69.03098181117582, 82.07558485767338, 80.74174636283313, 89.871330369503, 42.36182584361552, 57.999269941482815, 38.546796531466505, 105.12788561785871, 56.39492084027325, 72.7830515277846, 11.179957538571214, 49.62920851129375, 68.73176215277725, 91.45007256121072, 35.786202877687195, 85.30639165105632, 49.450899628533755, 54.59318277346476, 109.25711025744461, 76.91684539288828, 30.29680683598332, 28.826260691646734, 50.001114574740605, 36.379138797331244, 69.05493041227382, 89.76957005470719, 13.602499975797388, 7.999441095936699, 93.90778553415907, 70.54032991845148, 59.31642682469415, 83.16999956455057, 69.44618982081792, 63.90471500400218, 63.269138679509155, 74.1586320630078, 54.78346032634811], [44.73878996055511, 40.08338142115025, 33.45376627349831, 30.402299436836724, 38.783329607921544, 42.42820505207853, 40.741947618878164, 36.86679476264509, 47.3257094421593, 63.001791341597645, 41.52130411946056, 40.021800311344435, 50.49663253450431, 14.315000789579997, 39.83096287788707, 38.39926138033184, 46.77401923992305, 40.16332401326378, 30.479806333128856, 42.65337020053539, 48.65342509321824, 19.3085983052755