instance_id,num_cities,city_coordinates,distance_matrix,best_route,total_distance
1499,88,"[[97.75631011073129, 58.14632293154137], [23.13266526181471, 73.95964160668385], [18.686290083816726, 4.276336528276348], [54.72845659159871, 96.27905617762036], [69.10326832744919, 38.76177479488162], [35.3146891688078, 38.85577381019243], [75.3885275051703, 25.66666818785115], [48.81839835311321, 4.098797780471575], [40.04958473067146, 91.8090137903429], [52.101846852510114, 51.27408185060444], [16.679199552245972, 22.336892560252043], [58.15416504469629, 81.85904183526148], [80.91580969748846, 79.18537795762599], [37.661861158962154, 0.48188516677012405], [52.031696905890655, 79.97665485738762], [64.00115466120282, 26.969823005974124], [77.6887808630648, 77.67008020109806], [89.55729016582221, 82.96155533689401], [2.6101856951946556, 98.12719187651419], [36.01604225292295, 2.899982772817289], [54.458004319779974, 2.01857806785829], [54.2237121196053, 51.72148503700738], [39.922898444891395, 38.75816958929338], [43.61638287577383, 77.14349160219433], [10.09714612531737, 96.70280959205463], [91.65664959888713, 10.476309503281245], [23.57709403732844, 29.116201427375966], [13.290671168355372, 53.165692678093336], [99.63691525592021, 13.734255732792477], [75.17921147893675, 69.98205244738382], [61.02461354776458, 96.27936158313302], [69.69619518808442, 7.156775448119024], [25.920832231168045, 79.36451302698859], [25.49423105184888, 21.00087867466702], [47.060998874208856, 27.629705317950915], [2.7860243581664723, 15.265520004470122], [26.596253525249878, 23.064717547103307], [68.60094799485621, 80.619853638245], [65.93913800735378, 96.64223789350277], [16.812556961978654, 62.95266692371344], [78.94878251144436, 27.731943621369016], [58.66854586273029, 6.3081027466137645], [5.46098437363619, 40.31424850419665], [99.94131316835927, 56.7929767109182], [27.857278561021136, 54.5674053218996], [91.56154924853527, 52.092310937480214], [97.01647800220896, 34.04823872078543], [23.393612767524473, 22.28292259915685], [40.10250058194814, 9.193726557955529], [6.650364088918415, 68.83452335876575], [98.36678973402596, 4.847276700206504], [19.011452220526092, 4.415684428184729], [42.32319275705008, 19.940388774938235], [61.76493954937112, 33.00817168835217], [69.15680257202158, 45.81765210740827], [15.883932468388595, 1.2324152779593311], [2.161982483399738, 48.54137630957356], [72.9056785982502, 41.626820778567705], [16.830016082649568, 56.76530403831458], [8.954192279113126, 41.548016268008745], [69.7234309724516, 97.05319526128864], [68.22724958752174, 24.01951543876435], [65.36644933771984, 30.526280573438246], [75.12567190476187, 79.85954045259504], [40.16368595388078, 9.886752937673682], [76.47020508562797, 15.510581003671597], [51.2167427085444, 70.22622292287409], [58.94419315199284, 24.406579483416724], [79.20226154194393, 77.25471086685003], [12.795142542499416, 33.86544643285572], [68.28067094277363, 87.87148785313764], [54.40151663329289, 76.19608646477869], [71.49690937427519, 13.3947085008571], [48.73946521960518, 13.019502170946096], [91.3223046454088, 64.47154400106565], [40.23891107294588, 80.59046526498001], [86.30191676955465, 84.14003303342867], [73.94602494152093, 34.82828296010526], [0.13593787560383097, 77.4905838001982], [41.6893286918316, 70.56680074957814], [13.500278080415573, 40.72069722065174], [63.94653597123741, 78.74991847277634], [81.95717417684202, 86.1324849980248], [54.61998963858938, 51.70783788769011], [80.11524592937573, 46.69234836328595], [18.666480808898434, 53.04174601039481], [32.07574453658637, 71.60830116438812], [63.11473159538282, 99.07592400739789]]","[[0.0, 76.28072769749149, 95.67676573831615, 57.493491138393644, 34.594183180080854, 65.3535103208545, 39.436603187381074, 72.91127609740441, 66.8075063892141, 46.16879587850202, 88.63302522214317, 46.158671250785865, 26.94892002583867, 83.28583419492155, 50.668566633810634, 45.94980595204648, 27.997907565147035, 26.13464534652576, 103.20491690269348, 82.8493740235095, 70.88770717020992, 44.004154688256726, 60.99675397046164, 57.376163504609885, 95.76393733668236, 48.058672876081914, 79.65741680352932, 84.61235630607017, 44.45186597408818, 25.4913686529767, 52.94663510741399, 58.200549843075635, 74.90358785206324, 81.25018214719725, 59.171602411477565, 104.20229573092014, 79.33771290879483, 36.81161124608586, 49.94264619956083, 81.08632508861953, 35.759719842596354, 64.92345019981872, 94.00218099224534, 2.5701720476883745, 69.99059410266483, 8.661762139659107, 24.109438280007385, 82.5590348754045, 75.63278683809303, 91.73075290709218, 53.30254228965471, 95.3296079826567, 67.32402174800379, 43.90108657892875, 31.143666382533457, 99.71097785705865, 96.07564974608528, 29.840372617499593, 80.93807681371597, 90.34002388463968, 47.954009501444716, 45.12875363925348, 42.56723881999485, 31.362550928234057, 75.1391805469374, 47.65401092121881, 48.08175660043315, 51.42713982678856, 26.634248774447723, 88.36266721925952, 41.86166186352063, 46.96202807670383, 51.88702266646661, 66.62642895307843, 9.022463516476723, 61.74132098647947, 28.405564449159417, 33.32657600097272, 99.51852844510661, 57.426254227971256, 86.03912694181413, 39.59304202243605, 32.13779649367684, 43.614174685934685, 21.03332305797037, 79.25438665800752, 67.04596596426359, 53.62155542562904], [76.28072769749149, 0.0, 69.825018860534, 38.683979843658626, 57.898067103483605, 37.15754621532614, 71.15396278794765, 74.43315379955258, 24.59232098982457, 36.794674933763645, 52.024565724044784, 35.90133661876152, 58.01896329031993, 74.90045543827466, 29.518781790996176, 62.27580973311792, 54.68214611790473, 67.03182262511024, 31.70556187180909, 72.21811764564711, 78.46523746343868, 38.22549937320341, 39.000712333664026, 20.729678918939655, 26.214050605901853, 93.41129420138795, 44.8456424198792, 23.00550281520747, 97.3652780554737, 52.19831595608427, 43.97692172869997, 81.4296337103007, 6.081653567823473, 53.011390891677415, 52.144301184157065, 62.12073491771861, 51.01264292985687, 45.953489084041834, 48.44475496093866, 12.692409566083509, 72.4737125159591, 76.41681438150965, 38.00395745753996, 78.7036389049137, 19.959478924860264, 71.83795872840734, 83.97462631877646, 51.6773778454716, 66.95221477211595, 17.260738368018956, 102.1601314998481, 69.66596282961002, 57.32674787606079, 56.298095039717076, 53.946202722027735, 73.08757470719637, 32.95235571104426, 59.35287827302099, 18.313072682940614, 35.37714733010343, 52.00011221047093, 67.28698044329244, 60.58175771644824, 52.32668101614636, 66.2977430098865, 79.12765534142575, 28.33114577814549, 61.13895235953407, 56.16633429774434, 41.40542069112911, 47.242797154199806, 31.348728071404935, 77.50620124017779, 66.10150375388942, 68.84657519033424, 18.346429302135686, 63.984331719959734, 64.13470785359792, 23.26622064817665, 18.864281771023563, 34.6065067105901, 41.09402383241745, 60.07079960616672, 38.55637904623373, 63.17056102613425, 21.38937025124207, 9.24702486156633, 47.21645126366719], [95.67676573831615, 69.825018860534, 0.0, 98.81061779712985, 61.08287114780011, 38.36979461586549, 60.602722852147146, 30.132631294986133, 90.10194197037839, 57.666172922643156, 18.17173895327727, 87.0447546764199, 97.38520215727014, 19.351231453391595, 82.71912929460993, 50.6796929763815, 94.16971662093452, 105.89646977866477, 95.21777240573178, 17.384322244563005, 35.84289347478806, 59.27858367037201, 40.49679426731842, 77.01384171161703, 92.82470747031287, 73.2332781776797, 25.316770163613032, 49.18619570798836, 81.5012634959333, 86.65270493295442, 101.27729386680147, 51.0911670165924, 75.43588569098638, 18.057086426957383, 36.749203158246885, 19.328233328986343, 20.385553290343292, 91.21296880979247, 103.75110299122441, 58.70624008132668, 64.6663242939895, 40.033846319538725, 38.388016498797036, 96.74903757941271, 51.120432608243476, 87.1617508258441, 83.7972821724605, 18.611717512808355, 21.973502151552047, 65.6705641927572, 79.68254512242262, 0.35376298896051417, 28.35605227760133, 51.78115865294904, 65.36783253915546, 4.137470819580429, 47.24877234926875, 65.83920385765872, 52.52178084792307, 38.521316674037706, 105.88831506097206, 53.33010202539723, 53.55461539721751, 94.3304009097575, 22.19809238755167, 58.865856673198046, 73.53650701134777, 45.01028150189291, 94.80519987121937, 30.1698698091133, 97.1995470041385, 80.2996129405954, 53.5920350170815, 31.299141860401445, 94.33691543655625, 79.29919114557998, 104.64264423060109, 63.14316849285529, 75.52775364488781, 70.16812261901778, 36.81149476420888, 87.14817419449439, 103.45836755050091, 59.506118045968506, 74.65008155563739, 48.76541350553753, 68.65035289276669, 104.69406956154808], [57.493491138393644, 38.683979843658626, 98.81061779712985, 0.0, 59.28636327269779, 60.61623316732554, 73.57273861812887, 92.36952325603619, 15.344398263000699, 45.08155712591167, 83.15761854252683, 14.821345824163881, 31.27253264098166, 97.30553249092969, 16.523946308566444, 69.92676692320093, 29.554533959202594, 37.288114417112936, 52.15102843465777, 95.23552803613724, 94.26086609994769, 44.56042990067302, 59.395765387295974, 22.127991636979296, 44.633322091166804, 93.41200552201178, 74.03550801601902, 59.79842951972156, 93.97028115357286, 33.31314726425673, 6.296156963572973, 90.37042724874534, 33.40630167028763, 80.75545771695626, 69.07621357096782, 96.23517709030841, 78.43315772344188, 20.9202447859157, 11.216562698273806, 50.48032949007311, 72.70028079356324, 90.0571860805613, 74.5610053357049, 60.027934093065696, 49.61775917814654, 57.525169878858435, 75.23929422961211, 80.35732836550092, 88.30500112769325, 55.359781072015366, 101.31176840750487, 98.56258656517811, 77.34004597633805, 63.660952839785075, 52.483620954236784, 102.67794797651426, 71.00788885294418, 57.59581785158155, 54.750601833558406, 71.3496321149366, 15.014944155850104, 73.50958196138222, 66.60776523289498, 26.184859922785375, 87.61142963581996, 83.64359036711899, 26.288443373392226, 71.99600920124315, 30.99827161715587, 75.19216387704351, 15.948345335834581, 20.085630739990542, 84.56356247537957, 83.47467490828653, 48.485333310672594, 21.356001829960906, 33.82660595602508, 64.38565416546145, 57.735169472630865, 28.829480321077103, 69.18449214485395, 19.805142163708506, 29.057803909441223, 44.57135027042044, 55.70754585103209, 56.302141059189985, 33.4931562616936, 8.840366400570662], [34.594183180080854, 57.898067103483605, 61.08287114780011, 59.28636327269779, 0.0, 33.78870990988934, 14.525367464564209, 40.162145427967815, 60.48244452387205, 21.109385590897965, 54.93687052762185, 44.46636132006084, 42.114176072647155, 49.53697643856542, 44.61059167247312, 12.848411997411064, 39.8442876091746, 48.703055441385786, 89.13799853718963, 48.79377681980157, 39.55434569772415, 19.73208763669584, 29.180370105267567, 46.073175656813284, 82.69755722329487, 36.176270586355045, 46.53675570000971, 57.64129467690323, 39.4801254450358, 31.806018642380206, 58.08216122867118, 31.610560671568713, 59.27314011552286, 47.087127360858936, 24.693817313013067, 70.35659767823697, 45.31273456363476, 41.86109279717578, 57.96688476357335, 57.615256287685874, 14.784834299492186, 34.089943712658595, 63.66121646242614, 35.72267140272214, 44.17068743147304, 26.116614937230032, 28.308385624562, 48.58935254863456, 41.416349505595996, 69.3161990736198, 44.79449593562694, 60.73585402681935, 32.73250707275578, 9.324967451022765, 7.056080396705404, 65.1210452544329, 67.65187622114334, 4.760967586124575, 55.28670695083579, 60.21357397643066, 58.294719329435935, 14.768263938450286, 9.043626553182579, 41.53667881408379, 40.8811241921108, 24.39036223419835, 36.193083520402986, 17.586314021160803, 39.79567553625718, 56.52060739980157, 49.11660190934952, 40.217772104824746, 25.479748229260135, 32.822996159096405, 33.9805504301219, 50.82116159789048, 48.52813440674801, 6.238962224391801, 79.09749248000423, 41.98909099187793, 55.637486477031835, 40.31926987679159, 49.08367427908416, 19.42590824600381, 13.570469698179403, 52.41933911360694, 49.496785881768105, 60.61071825528043], [65.3535103208545, 37.15754621532614, 38.36979461586549, 60.61623316732554, 33.78870990988934, 0.0, 42.18844659532028, 37.28803486998054, 53.164507525012986, 20.88116466301741, 24.902909689404087, 48.69212173566909, 60.876425356290014, 38.445605028002106, 44.38902123024638, 31.051394960076557, 57.46402376722673, 69.91122747457977, 67.69553565079656, 35.9626306778576, 41.5144011775249, 22.870891419566025, 4.6092428137515356, 39.17738444720702, 63.10470684424688, 63.085739271660046, 15.25222638406109, 26.26463681245486, 69.05388793771671, 50.576925181498, 62.91636229382853, 46.76445715831935, 41.58368070648919, 20.377406064746154, 16.24808928728842, 40.18226112330479, 18.037975994409894, 53.40611753833669, 65.39978821002737, 30.380736559922976, 45.02969797704288, 40.059374859615374, 29.889309768382127, 67.06969343512169, 17.391616880922797, 57.78334694313326, 61.88879655379887, 20.414981259564208, 30.0459678712757, 41.47733063712828, 71.63899260435133, 38.10400624124053, 20.17203295600925, 27.088931240819388, 34.55077986125966, 42.34467396492554, 34.53857056024059, 37.69298592026628, 25.737801228818356, 26.49762188807274, 67.6084416035922, 36.10195556724407, 31.184751832120483, 57.15088122913803, 29.372043513076765, 47.31568997228372, 35.17073192744215, 27.697160056299726, 58.314641179453496, 23.065848078652422, 59.070264748528274, 41.935735736973506, 44.242727150156234, 29.115932824331548, 61.58750420212225, 42.024188655909974, 68.19355916659298, 38.840710422591926, 52.25124960719073, 32.34540552534383, 21.89398251712669, 49.105248494198364, 66.41241471639478, 23.192028313208294, 45.48078480834584, 21.872463255423952, 32.912289656265685, 66.32728585351096], [39.436603187381074, 71.15396278794765, 60.602722852147146, 73.57273861812887, 14.525367464564209, 42.18844659532028, 0.0, 34.22199288566512, 74.99100451533347, 34.61226849419642, 58.803678408873154, 58.77589731811136, 53.803374837038895, 45.360496573748456, 59.119507674613416, 11.461695894043133, 52.054260407098454, 59.02082622901377, 102.6996325691818, 45.480925229436025, 31.580357299078585, 33.56788482088385, 37.804738507034585, 60.49241707175171, 96.48366632797179, 22.25755587260124, 51.926139058890094, 67.91421139601523, 27.025298805163242, 44.31587859073623, 72.05882661209408, 19.365401530681684, 73.01035143107876, 50.11197871121496, 28.395464305274015, 73.34376147119366, 48.86160197198315, 55.37078495699889, 71.60183277628623, 69.43622992939333, 4.115917677261284, 25.579519973334165, 71.44517406750687, 39.64449982148412, 55.627980666945376, 30.9819500200097, 23.19523587508665, 52.10490277108352, 38.941770657846405, 81.16895237648696, 31.00721846560676, 60.24930645579289, 33.55751239171338, 15.475781803749534, 21.09257093311949, 64.32596323224351, 76.71622492979816, 16.152120895212203, 66.3040301322719, 68.30620845700093, 71.61095981993012, 7.348266026255795, 11.138127460782565, 54.193509734741426, 38.5978650655219, 10.213526975571218, 50.69348181411393, 16.492542431721542, 51.72881899631438, 63.12805878368091, 62.60959362990961, 54.714502069752946, 12.874225655779018, 29.497852955072634, 41.94882168588037, 65.20827417362102, 59.483077102651635, 9.274481057251654, 91.37105928767382, 56.139628647877466, 63.69285051700118, 54.30239986478132, 60.8215596776237, 33.308777888890134, 21.55043140870723, 62.98242189059077, 63.139772006513326, 74.42825341236197], [72.91127609740441, 74.43315379955258, 30.132631294986133, 92.36952325603619, 40.162145427967815, 37.28803486998054, 34.22199288566512, 0.0, 88.14745648538822, 47.289411723407206, 36.95343286838073, 78.31865738877399, 81.6592820058459, 11.728187371441019, 75.94586547123009, 27.451773785611902, 79.0331106770226, 88.7636853422089, 104.76897352422675, 12.858362226141239, 6.011028989449998, 47.92846501243335, 35.782704939667795, 73.22969520990581, 100.37349439811489, 43.310373186693106, 35.53862587093373, 60.5787056135144, 51.72391816318467, 70.96122683663104, 92.9852032979155, 21.10055990011081, 78.6716367306454, 28.80446352306001, 23.596441733148144, 47.367448114064494, 29.2152328990348, 79.03683482982164, 94.11380363295534, 66.99366982248621, 38.29315385112254, 10.094871687873805, 56.492691723003496, 73.41817835087458, 54.64841159731104, 64.26783218392215, 56.74525437865201, 31.258312774279528, 10.095799780355904, 77.2583799976062, 49.55404432666819, 29.808630543828226, 17.12143980426579, 31.67593453541743, 46.41242821189034, 33.05896537647236, 64.43573486911627, 44.59315619860742, 61.61994386307675, 54.69551070460574, 95.2761271244656, 27.812560081028483, 31.180921060188233, 80.19827162696826, 10.411746809023452, 29.914063781199268, 66.17090305875595, 22.692239157991693, 79.214687790708, 46.73037910386993, 86.00374210675493, 72.31314019843693, 24.509769853230853, 8.921053595949124, 73.83393891917525, 76.97131151637706, 88.3833326690894, 39.69507371666894, 88.07006422905347, 66.849226270291, 50.87762905446169, 76.16856548741062, 88.47431436073809, 47.961225603339784, 52.85549374911349, 57.48521821329438, 69.5546512029433, 96.0470699735266], [66.8075063892141, 24.59232098982457, 90.10194197037839, 15.344398263000699, 60.48244452387205, 53.164507525012986, 74.99100451533347, 88.14745648538822, 0.0, 42.28874235080462, 73.29768435357566, 20.658600394360754, 42.771538722327385, 91.35833649143083, 16.83970694809808, 69.12162008886155, 40.20719498465231, 50.29205124608817, 37.968776309834325, 89.00047899531292, 90.9391274550699, 42.519593704399696, 53.050995465297675, 15.093031175313453, 30.34959333757798, 96.323921903953, 64.8207657438606, 47.00367774568217, 98.2156698540018, 41.35827507209973, 21.446114875808863, 89.69349456879394, 18.827831697817732, 72.28865968653331, 64.56116142299985, 85.13212890902746, 70.04834321025056, 30.66557759365921, 26.336837777104854, 37.04926738830657, 74.96011278958491, 87.50469417662575, 62.032911639983446, 69.37681160158189, 39.18660142256944, 65.0453608952418, 81.12665447093671, 71.49334765110846, 82.61530417893033, 40.53807037917731, 104.70549229690522, 89.88991621153673, 71.90457951384225, 62.68249888769008, 54.42825993832908, 93.74486091159933, 57.51138024091185, 59.98145879941738, 42.03819645732445, 59.102379847655136, 30.1336786682446, 73.41251176430109, 66.30623669057029, 37.05565819809354, 81.9223403126517, 84.54532768132175, 24.30066416647221, 70.00067412457231, 41.770322420071714, 64.03328522807546, 28.504356495478177, 21.207108454733582, 84.48513183556554, 79.26727675488173, 58.10532731114032, 11.220145965173577, 46.88380834451294, 66.30062099947246, 42.40420548310893, 21.30540718051166, 57.57500997424405, 27.232411738721844, 42.29029477692018, 42.666157642283416, 60.33879934624448, 44.2734478491516, 21.71752559655947, 24.182824152555927], [46.16879587850202, 36.794674933763645, 57.666172922643156, 45.08155712591167, 21.109385590897965, 20.88116466301741, 34.61226849419642, 47.289411723407206, 42.28874235080462, 0.0, 45.739751483633974, 31.178042478041178, 40.11589342399878, 52.80492809198, 28.70265873093865, 27.060867028105474, 36.761935762140475, 49.06124957378318, 68.15158430447917, 50.97849126056662, 49.31182546715028, 2.1685206530970467, 17.463528968919054, 27.225529559517174, 61.87216003492874, 56.824648250638596, 36.11970636670939, 38.85724577873472, 60.57079554597607, 29.707792276623472, 45.88127035404633, 47.496292671789725, 38.39945117157408, 40.30424356227498, 24.175745902830805, 61.062810895998645, 38.030297466404676, 33.665927290327936, 47.43142638838396, 37.17153925098893, 35.70700528858985, 45.44294018515255, 47.91125128562457, 48.15675173705619, 24.467224426306643, 39.46818480778516, 48.10461269822916, 40.8001227819369, 43.75774917059166, 48.72582879100804, 65.54306352546347, 57.36448052495435, 32.824113052430064, 20.664434047986873, 17.9065390329045, 61.77301769950488, 50.01457520342566, 22.931835109670104, 35.69671647326237, 44.23026618620036, 49.053516199804264, 31.667649165413625, 24.625615462916073, 36.704563252037396, 43.07471044811185, 43.2763778036717, 18.972797910926985, 27.72508586700648, 37.542316929287445, 42.989272973879295, 40.01405346947425, 25.0278803555069, 42.556026313469694, 38.40206344342222, 41.3813643648612, 31.62561591192716, 47.432220372680426, 27.342867763480193, 58.2044729403949, 21.9232647423069, 40.0181838520249, 29.920198167919605, 45.89606562256818, 2.555227463610885, 28.38560919882734, 33.48205995831362, 28.53988873609881, 49.05404921046573], [88.63302522214317, 52.024565724044784, 18.17173895327727, 83.15761854252683, 54.93687052762185, 24.902909689404087, 58.803678408873154, 36.95343286838073, 73.29768435357566, 45.739751483633974, 0.0, 72.5469435394521, 85.77932370290237, 30.29708626701767, 67.61761062629871, 47.54820164684491, 82.36462023355956, 94.79749906122095, 77.08506094801061, 27.41727462231798, 42.8960603491191, 47.67645854030676, 28.459231849726493, 61.0686101360558, 74.65663428856065, 75.90975856863116, 9.671606745685857, 31.014465033500798, 83.40256563893466, 75.44741649714265, 86.22067308733824, 55.14741863214076, 57.77159570818751, 8.915700389844172, 30.839383861032054, 15.589247152959366, 9.943726098146389, 78.05620739798047, 89.15057981692914, 40.61599329503513, 62.50286023746873, 44.94471388797105, 21.19041477953821, 90.10994006667825, 34.11385940061819, 80.57760991020548, 81.1864147357101, 6.714630115070166, 26.858775915740644, 47.56687093582452, 83.53890741827064, 18.072329772931198, 25.75572980680343, 46.33141643980028, 57.491259227925504, 21.119455748041336, 29.957045248028983, 59.44340397873025, 34.42874180867828, 20.70611048663382, 91.63087021453664, 51.5755046721851, 49.371189652505265, 82.00515319783189, 26.580577084974394, 60.179422331561305, 59.04430412710044, 42.315638810569354, 83.21718601421297, 12.165255987791074, 83.41160009177229, 65.755501473325, 55.54227188263274, 33.38673985773966, 85.71418779868247, 62.83739921259972, 93.09646032513015, 58.61334425100868, 57.581326524257584, 54.328911304475575, 18.65662926457505, 73.59776209065906, 91.27481353350338, 47.9807876321693, 67.95086612645122, 30.76909670737486, 51.620977356986884, 89.69469094419819], [46.158671250785865, 35.90133661876152, 87.0447546764199, 14.821345824163881, 44.46636132006084, 48.69212173566909, 58.77589731811136, 78.31865738877399, 20.658600394360754, 31.178042478041178, 72.5469435394521, 0.0, 22.918135740730637, 83.91767481283941, 6.405310050665717, 55.1997611522453, 19.978704030635882, 31.422472903868844, 57.87733881012995, 82.0038382563291, 79.92597361745702, 30.39277529223595, 46.79812250717356, 15.283439547157554, 50.29726144269841, 78.8537313415347, 63.06648122212178, 53.25449622940434, 79.76092430879893, 20.75849423748751, 14.703234210187263, 75.58867020398279, 32.3297141689032, 69.06799049993192, 55.352319506898354, 86.60443494943804, 66.72836239538863, 10.520021929415213, 16.7077434061488, 45.459647723679495, 57.984126074683104, 75.55269012287066, 67.10097720714559, 48.7285683057359, 40.776644714617774, 44.74496158992469, 61.61292285599548, 68.97543024765088, 74.87396499602461, 53.12513147689109, 86.8784619662535, 86.77341513226092, 63.910400408516445, 48.98413219231106, 37.683415530876566, 91.03529794571887, 65.15513290646544, 42.85135660950956, 48.34646795846981, 63.605157828731386, 19.097387581571795, 58.71011706663509, 51.836950368310966, 17.088886765396335, 74.18670842593646, 68.83019379241954, 13.54438276624435, 57.4578939285148, 21.54581699133548, 66.03655140908424, 11.776910835260233, 6.793484645429644, 69.75237462028763, 69.48034825755713, 37.449306609155244, 17.96011167523704, 28.24002209649247, 49.61123984919167, 58.18245534049356, 19.96510818562749, 60.7151794747339, 6.574055752257482, 24.183580384434006, 30.35762664124411, 41.46064885376637, 48.88469847471657, 28.020736972808287, 17.91726129275952], [26.94892002583867, 58.01896329031993, 97.38520215727014, 31.27253264098166, 42.114176072647155, 60.876425356290014, 53.803374837038895, 81.6592820058459, 42.771538722327385, 40.11589342399878, 85.77932370290237, 22.918135740730637, 0.0, 89.80614590134564, 28.894949228019765, 54.88688125504599, 3.5650865892906762, 9.430519618997101, 80.56403083837351, 88.51808083707247, 81.57653137166444, 38.29795670087949, 57.574108325009085, 37.35527460904206, 72.9530227010179, 69.54352399505873, 76.12260342351685, 72.45814918372099, 68.07590758719299, 10.844803343932284, 26.227160739506147, 72.89718327351328, 54.99526921376206, 80.35538150232045, 61.677675030835836, 100.94558731277041, 78.10341034591377, 12.398126440444367, 23.000927236415958, 66.12660522651342, 51.49101961455167, 76.19736209551453, 84.87870975479257, 29.383488831547524, 58.49147205407679, 29.109552575517768, 47.922780160843786, 80.91163430231855, 81.02195669455064, 74.98330882513936, 76.3589549613795, 97.07036903773528, 70.70614418541149, 49.99090123477584, 35.37908106483361, 101.51753270483981, 84.50574026580905, 38.403221448201116, 67.89439341942096, 81.20988472115748, 21.08383828247893, 56.60628891840713, 51.083171062903, 5.8292530163292415, 80.39300354676564, 63.82979842904343, 31.020977401598856, 59.02091744373624, 2.5814187372015702, 81.81883332736216, 15.332815673182862, 26.682271273698912, 66.46147659259798, 73.57472570508001, 18.021987870440924, 40.701159099620256, 7.318384815786795, 44.90133379047437, 80.79764859694966, 40.16212998806513, 77.61691547214377, 16.974860110156417, 7.024723212313632, 38.032688057313685, 32.502890249414314, 67.51643087776586, 49.42432657762557, 26.692924226381816], [83.28583419492155, 74.90045543827466, 19.351231453391595, 97.30553249092969, 49.53697643856542, 38.445605028002106, 45.360496573748456, 11.728187371441019, 91.35833649143083, 52.80492809198, 30.29708626701767, 83.91767481283941, 89.80614590134564, 0.0, 80.78310830587061, 37.35464138725886, 86.94924814888354, 97.4475835676723, 103.74596799518172, 2.9250497267306597, 16.86629331391287, 53.84971218218881, 38.34300769113266, 76.89251088458391, 100.09135732990313, 54.91198135644444, 31.910887367527877, 58.047725842175836, 63.37612054977848, 78.97990141209968, 98.60514533696555, 32.722358059244854, 79.75161903320215, 23.85540435625949, 28.72886925639488, 37.87980796638483, 25.1482005444027, 85.90297483192357, 100.2318204089411, 65.85812067484157, 49.468935308384275, 21.799670032622174, 51.220246336663635, 83.96230805238874, 54.96702038832707, 74.6244760409562, 68.18849339530675, 26.05509825903735, 9.047259320822226, 75.05861774860493, 60.86168742767322, 19.060758909340464, 20.009032333834245, 40.483548544788526, 55.2020207846407, 21.790857566867547, 59.749109406625074, 54.17593925528964, 60.014906557897895, 50.10546253792265, 101.75442099622458, 38.57801198363938, 40.86820159374255, 87.77442266555985, 9.731940458749738, 41.61669444932501, 71.04933119221259, 32.020753476558916, 87.29073049272347, 41.62710484235993, 92.59834863677862, 77.54260985803, 36.215348875717034, 16.730366160600827, 83.51119465611583, 80.15002053406145, 96.77055706298913, 49.962141495111744, 85.66524723295113, 70.20054050345796, 46.93553123561208, 82.56372791714989, 96.42665610092304, 53.95995138709331, 62.7510700092144, 55.88705974145338, 71.34543959907313, 101.82648529906369], [50.668566633810634, 29.518781790996176, 82.71912929460993, 16.523946308566444, 44.61059167247312, 44.38902123024638, 59.119507674613416, 75.94586547123009, 16.83970694809808, 28.70265873093865, 67.61761062629871, 6.405310050665717, 28.894949228019765, 80.78310830587061, 0.0, 54.34144037362487, 25.76055596897164, 37.64412013027238, 52.64910031929923, 78.7230244184985, 77.99582491639438, 28.3400697295487, 42.9602901289691, 8.879432653951405, 45.14721255378347, 80.00271795546864, 58.27907126502595, 47.11363675387328, 81.57396800411364, 25.213082085366615, 18.61856053279516, 74.93176453775826, 26.118039200564066, 64.67131721488892, 52.582420684164944, 81.31830813925083, 62.337231157467315, 16.581730498379315, 21.706187503205506, 39.11782181505946, 58.77107579100177, 73.96690702046223, 61.17138010121666, 53.22418870040276, 35.071818662131875, 48.37505412994349, 64.28880103953234, 64.41045415924776, 71.78111634390835, 46.72913933058668, 88.26870504134881, 82.46088049059517, 60.81618450651698, 47.96638847731641, 38.211342726332525, 86.64476984083655, 58.950531413715495, 43.662717340609696, 42.16544959593603, 57.7272177460783, 24.588730883231385, 58.25373274373694, 51.216746667870815, 23.094271952852267, 71.08758003387193, 68.94284125392466, 9.78443014453849, 55.9983560599879, 27.306566274974454, 60.545443599679544, 18.06536867274178, 4.461921437181348, 69.36894173232903, 67.03804207576191, 42.23932195487419, 11.808749337595904, 34.522191230288456, 50.18578741265824, 51.955272635517865, 13.982486710361576, 55.00636732853186, 11.977824180978875, 30.552061053464197, 28.38706170311395, 43.54917662307506, 42.880379660105625, 21.63953276984232, 22.082023004992564], [45.94980595204648, 62.27580973311792, 50.6796929763815, 69.92676692320093, 12.848411997411064, 31.051394960076557, 11.461695894043133, 27.451773785611902, 69.12162008886155, 27.060867028105474, 47.54820164684491, 55.1997611522453, 54.88688125504599, 37.35464138725886, 54.34144037362487, 0.0, 52.51539955759278, 61.548274966467154, 93.9799032515116, 36.91237902592781, 26.713972793293962, 26.612838179208442, 26.80909430746952, 54.15658723689442, 88.13813904576892, 32.20034763650534, 40.481003170012116, 57.07693688309673, 38.01430880874898, 44.440981489397366, 69.37342383635585, 20.615293840560504, 64.77124746964198, 38.96679948734387, 16.953003354959996, 62.32401532931535, 37.60819694741183, 53.846855855805785, 69.69936280705787, 59.34247053525504, 14.967044002799168, 21.338776925438086, 60.04186230601871, 46.70241418201258, 45.47533759335457, 37.29228807244379, 33.76559705296017, 40.87712678345025, 29.7848161271668, 71.00539637869123, 40.8705753447304, 50.326558522183504, 22.789185547674943, 6.439123607787098, 19.540249927193813, 54.568133815540456, 65.49362661790845, 17.149872601604454, 55.79325232271045, 56.944637906307115, 70.31659486109426, 5.154046281068282, 3.8095170275113017, 54.04698969864686, 29.326714738119236, 16.934917943532863, 45.10606747152825, 5.669486490112108, 52.53231003468799, 51.668223305491715, 61.05183896297033, 50.153544883512794, 15.507097489394503, 20.67681348786582, 46.39853784391452, 58.64995734538897, 61.36576329841066, 12.675008392227488, 81.43164732644651, 48.97462655767588, 52.33951735635123, 51.780124273242585, 61.827495589192786, 26.457052698089925, 25.468449969890482, 52.297015425770255, 54.88010152982743, 72.11154933489603], [27.997907565147035, 54.68214611790473, 94.16971662093452, 29.554533959202594, 39.8442876091746, 57.46402376722673, 52.054260407098454, 79.0331106770226, 40.20719498465231, 36.761935762140475, 82.36462023355956, 19.978704030635882, 3.5650865892906762, 86.94924814888354, 25.76055596897164, 52.51539955759278, 0.0, 12.994661295408426, 77.81573665063759, 85.59897553536378, 79.13797289430413, 34.984840175784, 54.22544294226076, 34.0764669553175, 70.2201813910392, 68.63019872921794, 72.70181424902594, 68.90269617460132, 67.59815273932288, 8.087255976883213, 24.97998850816536, 70.96483335398173, 51.795671712568385, 77.04329582539128, 58.66941407584358, 97.49231798129867, 74.78096001215583, 9.554573228092929, 22.315843581236905, 62.62999992042559, 49.95402975946577, 73.85324072565993, 81.31612845853854, 30.51276198802485, 54.92642540938316, 29.097697214380773, 47.71189506649264, 77.56095993310846, 78.11363180413122, 71.58577877268227, 75.70165626059321, 93.85752711785622, 67.70112328642651, 47.415765249382844, 32.97532151507414, 98.29830061598697, 80.9492351037531, 36.359243901317555, 64.34903975207394, 77.6482270923895, 20.955952574781197, 54.47846981510625, 48.727586617371564, 3.3709440406239284, 77.47717214021019, 62.171442539161156, 27.49872388371781, 56.46556541079271, 1.5694443122245687, 78.2945096034849, 13.877364676168636, 23.333866650041593, 64.57292528403697, 70.83614978143169, 18.975624589122365, 37.563564743221676, 10.772483455371257, 43.00497427887372, 77.55305070979291, 36.69355714012056, 74.06362664705169, 13.784605375560714, 9.477946846661812, 34.73049315081121, 31.072618211753984, 63.95456784853612, 46.0140657626615, 25.896197811967042], [26.13464534652576, 67.03182262511024, 105.89646977866477, 37.288114417112936, 48.703055441385786, 69.91122747457977, 59.02082622901377, 88.7636853422089, 50.29205124608817, 49.06124957378318, 94.79749906122095, 31.422472903868844, 9.430519618997101, 97.4475835676723, 37.64412013027238, 61.548274966467154, 12.994661295408426, 0.0, 88.25981819309443, 96.31469581275468, 88.22542397788641, 47.163584786251775, 66.46436754425628, 46.30784845200485, 80.63954711828897, 72.51564088931764, 85.16283472733721, 81.8803432142714, 69.95725732497644, 19.369993339830376, 31.487737267117424, 78.3634337411292, 63.738038029486425, 89.12463742131847, 69.76781779631972, 110.05455814999954, 86.9006519657476, 21.086769407191408, 27.29428853433015, 75.44635063692273, 56.239225144916865, 82.6430052613779, 94.29200086950692, 28.15355112629838, 67.91994690152956, 30.934241614453356, 49.47880380088209, 89.77487776537043, 88.81142255106627, 84.1019109416204, 78.60946386773183, 105.57541895825752, 78.75739579779886, 57.16428334831249, 42.37746383617375, 110.03370378746214, 93.92916761676365, 44.56272488083054, 77.30135818772682, 90.61975837059207, 24.330151792811417, 62.68281023075348, 57.74647019073707, 14.761236464991086, 88.20235191156195, 68.70884756999837, 40.40032513506987, 66.07455566236852, 11.823480519991145, 91.12000448453671, 21.83579544868167, 35.80083772385851, 71.87296802723748, 80.98139066729036, 18.574062434271386, 49.37534389224839, 3.4621186620848516, 50.601615701493294, 89.58855828155, 49.44665486112521, 86.99976541207569, 25.954741676438196, 8.235080932315805, 46.87653808169771, 37.478094586804055, 76.94609698622652, 58.59201710328331, 30.96581633672903], [103.20491690269348, 31.70556187180909, 95.21777240573178, 52.15102843465777, 89.13799853718963, 67.69553565079656, 102.6996325691818, 104.76897352422675, 37.968776309834325, 68.15158430447917, 77.08506094801061, 57.87733881012995, 80.56403083837351, 103.74596799518172, 52.64910031929923, 93.9799032515116, 77.81573665063759, 88.25981819309443, 0.0, 100.91666168693222, 109.20193196253105, 69.40782187360142, 70.12074828523939, 46.06325959390011, 7.62124933160604, 124.94778875417494, 72.1257793593836, 46.212651732096006, 128.59375537019076, 77.83580395092359, 58.44364685862984, 113.03162979819288, 29.92364215023839, 80.44965953933449, 83.34128870704144, 82.86185844322884, 78.80169098694189, 68.27362302587724, 63.34635971614616, 37.93355447693736, 103.84157327764949, 107.5792027917931, 57.8831881851354, 105.74434130748182, 50.34749946977753, 100.15765243389846, 114.09934383988151, 78.6403460259881, 96.5133924858864, 29.56997582589142, 133.680476481604, 95.13594574015262, 87.6943504972788, 87.9759722527376, 84.64478819517986, 97.79974481297347, 49.58784116653714, 90.18729542839834, 43.73796225006134, 56.9337293006079, 67.12183817785957, 98.9825579627641, 92.24007716484451, 74.7810325467344, 95.89911598027575, 110.81880190865571, 56.04517332691557, 92.78065039519775, 79.38517837740861, 65.06385535339126, 66.46647348601842, 56.243358229396875, 109.2015312999044, 96.80510976420852, 94.88172997238787, 41.5145487004485, 84.85249827037917, 95.3706130366453, 20.78440509536466, 47.820022756386194, 58.43029814088073, 64.32438565387636, 80.24847396809213, 69.71209458171597, 93.01923182403903, 47.85918973118046, 39.64178001095818, 60.511983666412284], [82.8493740235095, 72.21811764564711, 17.384322244563005, 95.23552803613724, 48.79377681980157, 35.9626306778576, 45.480925229436025, 12.858362226141239, 89.00047899531292, 50.97849126056662, 27.41727462231798, 82.0038382563291, 88.51808083707247, 2.9250497267306597, 78.7230244184985, 36.91237902592781, 85.59897553536378, 96.31469581275468, 100.91666168693222, 0.0, 18.463012731656693, 52.10622156044718, 36.070390725219795, 74.63152002258259, 97.31782722478671, 56.15405517462212, 29.01753871805588, 55.16415578265172, 64.53678758843483, 77.67726756039242, 96.6702489145943, 33.94809251808366, 77.12806008434556, 20.936832219814157, 27.084132696569363, 35.45617859151248, 22.25643610714205, 84.27428083080528, 98.40224618696729, 63.04838396855868, 49.59683927116396, 22.90744860407036, 48.30568126240258, 83.61157250778214, 52.30762829497925, 74.19695746901962, 68.49282451617032, 23.130587593603348, 7.504022421863196, 72.17829795937264, 62.38114831495105, 17.07200731249768, 18.17018393409463, 39.61702603372158, 54.223946145971645, 20.20105506468538, 56.82635099014811, 53.48470109867049, 57.18021017136655, 47.18065511468055, 100.00507725205078, 38.51748353644765, 40.3070555388494, 86.32691729565605, 8.125140343810843, 42.37412510288605, 69.02089471373615, 31.436186246472165, 85.98648223073758, 38.704910838842, 90.89093981310153, 75.56682132135768, 37.00042161637939, 16.25700356271727, 82.76375904893658, 77.80516493740093, 95.54378547163124, 49.57922891299254, 82.77161138792232, 67.9042298691178, 44.0155208718084, 80.82898752945458, 95.06964304718991, 52.23326123499338, 62.14910336365707, 53.058493220909156, 68.82121011934356, 99.92072175698415], [70.88770717020992, 78.46523746343868, 35.84289347478806, 94.26086609994769, 39.55434569772415, 41.5144011775249, 31.580357299078585, 6.011028989449998, 90.9391274550699, 49.31182546715028, 42.8960603491191, 79.92597361745702, 81.57653137166444, 16.86629331391287, 77.99582491639438, 26.713972793293962, 79.13797289430413, 88.22542397788641, 109.20193196253105, 18.463012731656693, 0.0, 49.703459175584065, 39.510339000774536, 75.90318431447129, 104.56093648718358, 38.148033129305404, 41.08420391838084, 65.65650502237308, 46.673237476356086, 71.05210958070924, 94.4892357132099, 16.081154599636037, 82.44248810848121, 34.629870029259, 26.65793556489785, 53.342993765117384, 34.91729004828889, 79.86352970591928, 95.31764490140966, 71.62501582172419, 35.51021521367867, 6.0107139388397695, 62.18734869546579, 71.19667218714716, 58.898029310561576, 62.32216114496045, 53.2646490997516, 37.08962229242855, 16.048777007044755, 82.15802462061166, 43.999806505335336, 35.527512924884526, 21.64358913589353, 31.839381514294452, 46.199713817101525, 38.582082254960355, 69.99460447884896, 43.69358736605404, 66.4309378471948, 60.27581102442215, 96.25285302779312, 25.954447796895234, 30.523487265646217, 80.5379904665203, 16.31673108584184, 25.818038767032515, 68.28461461779244, 22.833057123857024, 79.20071934031998, 52.44060522276854, 86.95854317529553, 74.17752990518032, 20.487572552274326, 12.39846847647427, 72.52137334849994, 79.8481312898391, 88.07932859514267, 38.16097067515101, 92.98876573020978, 69.72731107761444, 56.35059330313871, 77.31578644258958, 88.4949359109563, 49.68952385248084, 51.517373762856025, 62.324929379200036, 73.1005821704182, 97.44263608888889], [44.004154688256726, 38.22549937320341, 59.27858367037201, 44.56042990067302, 19.73208763669584, 22.870891419566025, 33.56788482088385, 47.92846501243335, 42.519593704399696, 2.1685206530970467, 47.67645854030676, 30.39277529223595, 38.29795670087949, 53.84971218218881, 28.3400697295487, 26.612838179208442, 34.984840175784, 47.163584786251775, 69.40782187360142, 52.10622156044718, 49.703459175584065, 0.0, 19.301834605959733, 27.546213015357495, 63.011692448106366, 55.69909616085079, 38.08167599978774, 40.9585104371152, 59.20632237617201, 27.79534629300097, 45.07390178956457, 47.17426282462007, 39.56248230880098, 42.06113096069151, 25.134007063485086, 63.04659474306962, 39.80561256095987, 32.277246153065754, 46.42332647415161, 39.060644858991886, 34.450358535348, 45.630382839260285, 50.0792238612281, 45.99803336504265, 26.51957919853168, 37.339678537916775, 46.298644118777176, 42.6277372665545, 44.81092340650691, 50.55768510771464, 64.3879080920834, 58.972383523493335, 33.936122947641756, 20.17568357286587, 16.057784209555965, 63.396252798078464, 52.15876517165322, 21.23483265768373, 37.73232849192038, 46.39858719166464, 47.908300286