instance_id,num_cities,city_coordinates,distance_matrix,best_route,total_distance
683,24,"[[72.66010287169836, 43.74493400362544], [46.76157639349684, 22.478814855390674], [8.404431643399013, 51.41537578271442], [69.56070756439433, 98.74864433928144], [54.51840478985599, 93.71072616343749], [2.5914552396723245, 41.56031540155142], [26.023926860604043, 75.46276949044614], [58.230132658266974, 10.779784865158115], [93.55029812476452, 79.35826371636409], [25.904784547465397, 54.3450604699361], [91.05248214102562, 70.79651568836705], [68.24930255781227, 70.08762989501184], [71.3615778317258, 95.63933714978924], [18.215754952604, 22.61261928075866], [12.576893252516175, 88.86047579202467], [85.90428130272169, 29.348156977776895], [85.47927444999284, 29.614099262773053], [45.899117869620156, 93.46044745822319], [70.62808652998514, 47.82791238188913], [98.53869962028057, 46.34695464510155], [27.40402570904783, 24.34289559219569], [43.813555035628696, 23.222254371980554], [30.124956385752068, 29.99629799147261], [49.83068067469457, 98.82897495232058]]","[[0.0, 33.510916092655876, 64.71187651494654, 55.09096479423545, 53.157328708751514, 70.10269566441475, 56.39994681652449, 35.98506770984195, 41.28812796603235, 47.94186555300215, 32.71188907466255, 26.70941381301813, 51.910646742031744, 58.401727250841525, 75.13590479260488, 19.5620921949771, 19.079089350045873, 56.46045161292765, 4.560680086386059, 26.009080742971243, 49.2397361352635, 35.40202962150316, 44.701942673395905, 59.627460830447674], [33.510916092655876, 0.0, 48.04784190450885, 79.6045681581752, 71.65300813900288, 48.11552001004113, 56.897711350446286, 16.38276794411003, 73.6509075570294, 38.084949463997184, 65.54604904737954, 52.23333844576149, 77.18563398165526, 28.5461350336536, 74.66670924954099, 39.740900956131384, 39.36968918302796, 70.98687203750356, 34.816476724433635, 57.01367017358843, 19.44709658263515, 3.040317786231256, 18.256222993362286, 76.41182073420114], [64.71187651494654, 48.04784190450885, 0.0, 77.33387612665622, 62.57311869469418, 11.44171795608736, 29.81147020600906, 64.29503659569686, 89.61374651768013, 17.743883569653118, 84.89009856927203, 62.69020376739091, 76.93738372972449, 30.42796160094698, 37.6768490002389, 80.58032540889002, 80.09885799160995, 56.33506498976856, 62.32698549663087, 90.27665897980772, 33.07421591399359, 45.262104616185574, 30.505050213209607, 62.96176216577006], [55.09096479423545, 79.6045681581752, 77.33387612665622, 0.0, 15.863527108035678, 88.06466785051933, 49.37289986951898, 88.69555887913114, 30.84618802957362, 62.26971876363351, 35.25929481101407, 28.691000889929214, 3.5931775517480857, 91.83135886187792, 57.83537819319217, 71.29894843933181, 70.94354159912686, 24.24532641843945, 50.931917703271104, 59.88038999869761, 85.5184265036919, 79.79443241750849, 79.25947009255643, 19.73019042167782], [53.157328708751514, 71.65300813900288, 62.57311869469418, 15.863527108035678, 0.0, 73.59397687461087, 33.83671371749916, 83.01396237012058, 41.587039755220964, 48.666157634112196, 43.12539680509703, 27.323766775856, 16.95323032507511, 79.82996422087983, 42.22102934204944, 71.60735686128766, 71.18253318163777, 8.62291983284272, 48.628740948954196, 64.66152804719847, 74.47875852280484, 71.29669321753708, 68.22439946473807, 6.940549549190553], [70.10269566441475, 48.11552001004113, 11.44171795608736, 88.06466785051933, 73.59397687461087, 0.0, 41.21234183488466, 63.58540308114965, 98.49972586664462, 26.588738779362775, 93.16710088680848, 71.58743316156107, 87.48640096936461, 24.558785185864178, 48.34267416344323, 84.20311039373357, 83.74426937693819, 67.59569032097644, 68.32470979990995, 96.06656868796789, 30.20104630951253, 45.117025543713, 29.863358552275738, 74.23775176042682], [56.39994681652449, 56.897711350446286, 29.81147020600906, 49.37289986951898, 33.83671371749916, 41.21234183488466, 0.0, 72.25737465419473, 67.63864051981972, 21.11804510757828, 65.19575850010692, 42.56611890272343, 49.62455519288115, 53.4238329374766, 18.982129675049684, 75.57919247588762, 75.08021655949693, 26.81304961910678, 52.47110049562528, 78.14168505027207, 51.138499980000425, 55.18643212283488, 45.651051178840426, 33.35777397925774], [35.98506770984195, 16.38276794411003, 64.29503659569686, 88.69555887913114, 83.01396237012058, 63.58540308114965, 72.25737465419473, 0.0, 77.13962568048973, 54.24814622643586, 68.4055158907077, 60.14818573790153, 85.86954329849203, 41.72728595869229, 90.44784444007308, 33.32631011840425, 33.124720786955876, 83.59513079447926, 39.06754423688816, 53.75689850322892, 33.677987502797414, 19.04344395790218, 34.046663713834754, 88.4489155876408], [41.28812796603235, 73.6509075570294, 89.61374651768013, 30.84618802957362, 41.587039755220964, 98.49972586664462, 67.63864051981972, 77.13962568048973, 0.0, 72.12195119229426, 8.918666603452152, 26.945964969333307, 27.521131161114923, 94.31522441986911, 81.5290398013854, 50.59122798715057, 50.39467551581849, 49.69413009599238, 38.98192965556305, 33.38608506666943, 86.03499337090675, 74.99996772150917, 80.3702534208763, 47.85930991995667], [47.94186555300215, 38.084949463997184, 17.743883569653118, 62.26971876363351, 48.666157634112196, 26.588738779362775, 21.11804510757828, 54.24814622643586, 72.12195119229426, 0.0, 67.19280378542044, 45.176174003914056, 61.4128434629129, 32.6507120892525, 36.99927811763697, 64.99834455646028, 64.50380058086925, 43.92933944689912, 45.19565199685904, 73.07294516844233, 30.039600886358386, 35.90756354598078, 24.711780279399125, 50.51006981946328], [32.71188907466255, 65.54604904737954, 84.89009856927203, 35.25929481101407, 43.12539680509703, 93.16710088680848, 65.19575850010692, 68.4055158907077, 8.918666603452152, 67.19280378542044, 0.0, 22.81419554076582, 31.70011814933978, 87.33199127776541, 80.5277884088771, 41.766857814219975, 41.55781595101481, 50.522075455140694, 30.736178583659978, 25.569991931071634, 78.79761941970577, 67.04346779417689, 73.32681064094838, 49.85033288268822], [26.70941381301813, 52.23333844576149, 62.69020376739091, 28.691000889929214, 27.323766775856, 71.58743316156107, 42.56611890272343, 60.14818573790153, 26.945964969333307, 45.176174003914056, 22.81419554076582, 0.0, 25.74055168434541, 68.97269400847044, 58.752335280645745, 44.40048342143724, 43.98839180106616, 32.3391304218196, 22.38646101889016, 38.48463635958597, 61.32631863472206, 52.853279745751266, 55.32432254304452, 34.136645233188155], [51.910646742031744, 77.18563398165526, 76.93738372972449, 3.5931775517480857, 16.95323032507511, 87.48640096936461, 49.62455519288115, 85.86954329849203, 27.521131161114923, 61.4128434629129, 31.70011814933978, 25.74055168434541, 0.0, 90.31821528474738, 59.174252022184106, 67.86759751783998, 67.51771171953702, 25.55551657881025, 47.817050806446666, 56.28796427033385, 83.7582770082653, 77.47985181982656, 77.52075553178537, 21.765875164991467], [58.401727250841525, 28.5461350336536, 30.42796160094698, 91.83135886187792, 79.82996422087983, 24.558785185864178, 53.4238329374766, 41.72728595869229, 94.31522441986911, 32.6507120892525, 87.33199127776541, 68.97269400847044, 90.31821528474738, 0.0, 66.48740672947027, 68.02282019674375, 67.62693085682771, 76.06433684624326, 58.16238911490192, 83.75615867071346, 9.349768746211906, 25.605058563396184, 14.012415568999742, 82.51324984672057], [75.13590479260488, 74.66670924954099, 37.6768490002389, 57.83537819319217, 42.22102934204944, 48.34267416344323, 18.982129675049684, 90.44784444007308, 81.5290398013854, 36.99927811763697, 80.5277884088771, 58.752335280645745, 59.174252022184106, 66.48740672947027, 0.0, 94.43845577366294, 93.9408873500142, 33.63822814540861, 71.08876353506828, 95.90011279617401, 66.19941096206898, 72.69185064736831, 61.42414792134311, 38.56443507696797], [19.5620921949771, 39.740900956131384, 80.58032540889002, 71.29894843933181, 71.60735686128766, 84.20311039373357, 75.57919247588762, 33.32631011840425, 50.59122798715057, 64.99834455646028, 41.766857814219975, 44.40048342143724, 67.86759751783998, 68.02282019674375, 94.43845577366294, 0.0, 0.5013542897148212, 75.56982792066081, 23.976310944980643, 21.17988782684435, 58.71398935571624, 42.534173559939475, 55.78309040351298, 78.28721944661255], [19.079089350045873, 39.36968918302796, 80.09885799160995, 70.94354159912686, 71.18253318163777, 83.74426937693819, 75.08021655949693, 33.124720786955876, 50.39467551581849, 64.50380058086925, 41.55781595101481, 43.98839180106616, 67.51771171953702, 67.62693085682771, 93.9408873500142, 0.5013542897148212, 0.0, 75.1195378900954, 23.501080208651423, 21.22585769820066, 58.313978636852966, 42.153147633652125, 55.35563751078432, 77.8557721358908], [56.46045161292765, 70.98687203750356, 56.33506498976856, 24.24532641843945, 8.62291983284272, 67.59569032097644, 26.81304961910678, 83.59513079447926, 49.69413009599238, 43.92933944689912, 50.522075455140694, 32.3391304218196, 25.55551657881025, 76.06433684624326, 33.63822814540861, 75.56982792066081, 75.1195378900954, 0.0, 51.90231351778234, 70.64422674172692, 71.5493145318742, 70.26914927871853, 65.39512549156248, 6.654192178253061], [4.560680086386059, 34.816476724433635, 62.32698549663087, 50.931917703271104, 48.628740948954196, 68.32470979990995, 52.47110049562528, 39.06754423688816, 38.98192965556305, 45.19565199685904, 30.736178583659978, 22.38646101889016, 47.817050806446666, 58.16238911490192, 71.08876353506828, 23.976310944980643, 23.501080208651423, 51.90231351778234, 0.0, 27.949875829676266, 49.192127901365176, 36.39309694656957, 44.2546045429082, 55.078493748674155], [26.009080742971243, 57.01367017358843, 90.27665897980772, 59.88038999869761, 64.66152804719847, 96.06656868796789, 78.14168505027207, 53.75689850322892, 33.38608506666943, 73.07294516844233, 25.569991931071634, 38.48463635958597, 56.28796427033385, 83.75615867071346, 95.90011279617401, 21.17988782684435, 21.22585769820066, 70.64422674172692, 27.949875829676266, 0.0, 74.46019370953304, 59.41037966999314, 70.34048788830552, 71.60191034554117], [49.2397361352635, 19.44709658263515, 33.07421591399359, 85.5184265036919, 74.47875852280484, 30.20104630951253, 51.138499980000425, 33.677987502797414, 86.03499337090675, 30.039600886358386, 78.79761941970577, 61.32631863472206, 83.7582770082653, 9.349768746211906, 66.19941096206898, 58.71398935571624, 58.313978636852966, 71.5493145318742, 49.192127901365176, 74.46019370953304, 0.0, 16.447750285809995, 6.2741073018860805, 77.78901510747511], [35.40202962150316, 3.040317786231256, 45.262104616185574, 79.79443241750849, 71.29669321753708, 45.117025543713, 55.18643212283488, 19.04344395790218, 74.99996772150917, 35.90756354598078, 67.04346779417689, 52.853279745751266, 77.47985181982656, 25.605058563396184, 72.69185064736831, 42.534173559939475, 42.153147633652125, 70.26914927871853, 36.39309694656957, 59.41037966999314, 16.447750285809995, 0.0, 15.273028512910766, 75.8457777194612], [44.701942673395905, 18.256222993362286, 30.505050213209607, 79.25947009255643, 68.22439946473807, 29.863358552275738, 45.651051178840426, 34.046663713834754, 80.3702534208763, 24.711780279399125, 73.32681064094838, 55.32432254304452, 77.52075553178537, 14.012415568999742, 61.42414792134311, 55.78309040351298, 55.35563751078432, 65.39512549156248, 44.2546045429082, 70.34048788830552, 6.2741073018860805, 15.273028512910766, 0.0, 71.59785602480197], [59.627460830447674, 76.41182073420114, 62.96176216577006, 19.73019042167782, 6.940549549190553, 74.23775176042682, 33.35777397925774, 88.4489155876408, 47.85930991995667, 50.51006981946328, 49.85033288268822, 34.136645233188155, 21.765875164991467, 82.51324984672057, 38.56443507696797, 78.28721944661255, 77.8557721358908, 6.654192178253061, 55.078493748674155, 71.60191034554117, 77.78901510747511, 75.8457777194612, 71.59785602480197, 0.0]]",Route_3,1208.7728649773503
