instance_id,num_cities,city_coordinates,distance_matrix,best_route,total_distance
1732,71,"[[68.75777626747895, 61.68424410668882], [8.2245202092039, 81.77712218118873], [85.6643570928448, 15.74088327630594], [7.260351199376858, 34.26953646350841], [34.401147313535496, 93.80709677699302], [89.63729972011193, 50.953196798144994], [33.75589852635942, 22.651508664636623], [78.82124496771432, 19.710085233738383], [62.32478239130768, 6.820565534150114], [47.802466024588476, 27.806259016187795], [45.79369973317286, 12.637914813281913], [37.65349552845596, 50.821468562631765], [76.58984779636039, 69.37382647553177], [93.40099960863255, 61.67337306423868], [98.03303007714337, 53.47334074093209], [36.87471164371118, 96.36064767586355], [56.72262475224943, 35.998936649963966], [5.443532068775814, 95.41313535048657], [88.40508574036657, 12.675450968625979], [54.590242776308195, 49.97400252858177], [35.05297667696114, 96.84481366983056], [98.23368965951485, 22.031611416195773], [17.926460147346713, 80.66988988737968], [78.62308134151803, 49.93073547799922], [33.38006039532295, 31.191426916634967], [72.4477533510535, 34.27442690405225], [92.11415216279998, 32.45166255264328], [93.27545964445952, 3.2234652282681964], [51.07032113872687, 23.347238980433616], [57.45114663543569, 84.49700307224323], [40.33539451995948, 17.552743183176833], [86.6133676362736, 20.43034501008463], [61.820720474735126, 1.8790723321335467], [76.49845380229853, 92.29194122901706], [53.2875544536315, 16.256571057038084], [57.63133077687165, 82.85919414145633], [35.80919444561286, 23.826317500466875], [75.08428103674252, 5.8118679825258095], [71.42001447971079, 13.261055682991785], [99.48864225686587, 48.98194622577928], [90.01677183580051, 71.42166989676072], [36.24862474120476, 16.848986957327938], [59.737285722026726, 96.03050324107856], [52.17684416497502, 27.39971692871289], [96.36555661938263, 82.72183543470703], [65.91658685865353, 12.13016162577565], [14.38263210568036, 54.23655015765488], [3.926201024922027, 8.340511215808178], [30.363080688141185, 94.79664410408971], [10.403387492249816, 98.74819278315698], [67.5648246090934, 75.78512061433604], [17.232276646415478, 16.77465825489928], [11.34553558737067, 28.369419177465204], [21.234176959882934, 35.75694596073914], [82.45921221788315, 92.01170645303435], [70.17499625495257, 88.60209073127491], [16.75521119484221, 73.59827340584623], [76.06610277214824, 30.395832600523974], [35.48190878066961, 36.97646106681407], [80.20521805382697, 4.351734914496397], [62.285907855416355, 36.9140917549278], [2.41314375983136, 69.83519086825498], [31.98322963273409, 72.24718497578989], [32.58199520233905, 2.146736827882556], [75.25973056976453, 34.873121810328044], [64.00462979255028, 11.808258562627605], [75.38282497895993, 8.041006513018168], [21.62731122392626, 74.31347714103157], [48.60925743113908, 10.658619404414482], [36.35434373358305, 76.70870676904543], [97.46482027397964, 73.41422409852805]]","[[0.0, 63.780865769707226, 48.95533555798988, 67.33126677233903, 47.034621469264685, 23.475729508308287, 52.42791128295611, 43.16368167073218, 55.23953870844416, 39.83519676326452, 54.15617442388977, 32.946565417544214, 10.975929183478527, 24.643225738964077, 30.404924267329896, 47.10608001410885, 28.365117506208517, 71.73793712526832, 52.80036528635816, 18.38066274760168, 48.706048571419736, 49.408104088114534, 54.2611964871277, 15.345006004838911, 46.705403119093646, 27.657078839950856, 37.417430687815234, 63.393844064273786, 42.22051670671661, 25.46098672983201, 52.492105672793, 44.95226728210908, 60.20615677865266, 31.57133528741286, 47.98959513973425, 23.920206901913616, 50.187963208266304, 56.229414689781855, 48.49631624582979, 33.252586304121024, 23.382950061766657, 55.3809102183015, 35.51105132500647, 38.083541237721256, 34.70979378855003, 49.63546562471201, 54.882824706595194, 83.95645887699732, 50.70092387933274, 69.13010184299205, 14.151249130135541, 68.35018663163596, 66.37803055209984, 54.13609960366471, 33.278886992687035, 26.955128999832954, 53.34989098653342, 32.13061360879933, 41.445842973031894, 58.464181630504804, 25.601670419574297, 66.84346038083827, 38.261508072672065, 69.66636138515376, 27.58825272719213, 50.101959396849246, 54.050792870784946, 48.79321942910998, 54.859613447013025, 35.71717959569724, 31.011075540846953], [63.780865769707226, 0.0, 101.77285092433868, 47.517368641395265, 28.808611478773567, 87.05259929325014, 64.40255781009328, 94.00114159979678, 92.44092033592631, 66.92733272543268, 78.68718603156825, 42.71202499640149, 69.48136268425647, 87.5168176491728, 94.16301019252516, 32.1482921021902, 66.69114195153215, 13.916707591613248, 105.84877917702308, 56.224715640078784, 30.770138173872965, 108.03322008393845, 9.764916892415634, 77.26674417593416, 56.49525437993661, 79.88197377246543, 97.31634660670876, 115.77711051627018, 72.45559956377558, 49.301708909218405, 71.80445046570173, 99.54013497190724, 96.20941249475041, 69.07887830504248, 79.52119010004121, 49.41865852283531, 64.18107209973964, 101.19756648943265, 93.21009529272575, 96.97764453252516, 82.44518068488637, 70.71784200941417, 53.448329089107126, 69.91930336541576, 88.14609907756454, 90.43823123486993, 28.220656433063, 73.5622958987185, 25.68314254877045, 17.110368202178435, 59.642064091115344, 65.62362373810737, 53.49881753015381, 47.823715749946935, 74.93688152599476, 62.32528923322013, 11.818047892201667, 85.10298022758617, 52.44105708336657, 105.71618350846859, 70.25186925101471, 13.280881737262376, 25.598749512634157, 83.27235351277902, 81.81506388724704, 89.48219097229871, 99.73591456129162, 15.340821499182663, 81.78489125562743, 28.58278863761838, 89.63129598523153], [48.95533555798988, 101.77285092433868, 0.0, 80.56363403592582, 93.39298885469043, 35.43573474163962, 52.36644740677345, 7.910925845689191, 24.98615248231811, 39.737842002416755, 39.99122068123057, 59.461670781992744, 54.39521408344089, 46.57949393816596, 39.70796415975439, 94.23362412054595, 35.32722176119488, 113.06214449635242, 4.111990850222631, 46.233181096456285, 95.59999661547577, 14.055653015835096, 93.83069104562631, 34.90738543316949, 54.51941837488919, 22.763366488046255, 17.912286299266313, 14.649731623498676, 35.42038919453765, 74.31950789467957, 45.365159365488445, 4.784524256821534, 27.580224977843056, 77.09784858743456, 32.38090923716883, 72.73732341668209, 50.506548973130045, 14.50942294018023, 14.458590573527825, 36.00109895971265, 55.85063574183659, 49.428154908076614, 84.37201019268836, 35.45901753050614, 67.83040338485972, 20.07515230477763, 81.01234897091632, 82.07247811549189, 96.47820734263867, 112.04653933427771, 62.712865614928326, 68.43988840532208, 75.38413061758682, 67.46770247572591, 76.33813871011833, 74.48943449216442, 89.9774859672909, 17.518391070534094, 54.4906219702148, 12.629920801597985, 31.54134819607753, 99.2822171150066, 77.93988437983312, 54.795419165618206, 21.778402246434556, 22.013843913813812, 12.845154914545201, 86.78416903825301, 37.40200284747431, 78.4127089120916, 58.86820171268621], [67.33126677233903, 47.517368641395265, 80.56363403592582, 0.0, 65.4319791981883, 84.04942694480053, 28.930824359007303, 73.02697540659433, 61.5267225485938, 41.05407446115047, 44.18988577090403, 34.60794241821122, 77.7102971017316, 90.3945881610538, 92.78181572577523, 68.79183408015814, 49.49249771454367, 61.17058538713681, 83.96887799707687, 49.86731285193856, 68.46966735997282, 91.79278359460761, 47.6104891589041, 73.06101838813603, 26.3004556398429, 65.18740233512014, 84.87327143156455, 91.44647297716266, 45.15096951778039, 71.00643878153498, 37.059542202188034, 80.55075690345139, 63.45057968300479, 90.33556501636124, 49.4264136079401, 69.98707321253376, 30.398968288548634, 73.55218796172831, 67.51161868116604, 93.39439315289688, 90.71331862077847, 33.82004654096627, 81.04471404227796, 45.43881337325269, 101.42663806188116, 62.6953419316159, 21.199257561776268, 26.142511502946558, 64.78631699028381, 64.55521511021145, 73.21320400452134, 20.137280368891997, 7.176358092582491, 14.052764617591636, 94.81047881737511, 83.12808800717643, 40.45864451279968, 68.9147083800841, 28.35108028139676, 78.84179380214228, 55.08906931503188, 35.89444515798865, 45.31580855014016, 40.90305503802028, 68.00205813083014, 61.028044028956685, 72.99730965736852, 42.543233602207465, 47.61520188904461, 51.454286291841825, 98.33185044060866], [47.034621469264685, 28.808611478773567, 93.39298885469043, 65.4319791981883, 0.0, 69.91058057318399, 71.15851365516755, 86.39162109399264, 91.35855741866042, 67.34764976094824, 81.96478726436267, 43.108491064921154, 48.753165497778475, 67.18302442202867, 75.33809381725833, 3.5551571960519484, 61.96798957783968, 29.00211786340935, 97.46162997397121, 48.25908957901146, 3.1068642455141835, 96.05370248527262, 21.071343623136364, 62.29538128958744, 62.62399484667117, 70.65184366437052, 84.23348643852832, 108.0350820659397, 72.40478517836938, 24.859209833195045, 76.48491179257317, 90.0570022313237, 95.93015516862808, 42.12456421072404, 79.81716866754208, 25.68069305640811, 69.99494313788692, 96.9447144517481, 88.64570639452013, 79.029590154176, 59.95168911391732, 76.98028214979067, 25.433510291714786, 68.74529436163641, 62.94816152715927, 87.5462430114403, 44.346015727236875, 90.73731095189677, 4.157545668262419, 24.50116132313411, 37.74415340912126, 78.9225361011951, 69.38047911111175, 59.52469334724696, 48.09159000039254, 36.15052359260223, 26.828634023207613, 75.8746132631075, 56.84091132777438, 100.50012269809346, 63.35908688514043, 39.97354930762564, 21.69507139390857, 91.6784102196595, 71.71218328204554, 87.17898624892933, 95.05430102547191, 23.30605275364632, 84.35365838238526, 17.2095879415856, 66.27892654035622], [23.475729508308287, 87.05259929325014, 35.43573474163962, 84.04942694480053, 69.91058057318399, 0.0, 62.63957655175754, 33.062351105643124, 51.900508139323364, 47.81144255315773, 58.226472445051115, 51.98397109267874, 22.573338242582338, 11.361673117414025, 8.765809359114865, 69.61125839785092, 36.152534141046175, 95.21174637304559, 38.297574036499235, 35.060733332886336, 71.31261333857158, 30.172106671487935, 77.62426399258571, 11.061574645707083, 59.62721295932202, 23.95123941582364, 18.666589604432904, 47.86818863679325, 47.42890198950714, 46.488013398557335, 59.55055128250669, 30.67227814368484, 56.40950073365222, 43.376503584002684, 50.25096833650531, 45.192640047545915, 60.2771308032603, 47.42920956581872, 41.86367140343474, 10.046630210946844, 20.471990378938262, 63.35177775619143, 54.09227665051482, 44.24988298694281, 32.4733096823075, 45.49615674593608, 75.32625974414222, 95.71955605870558, 73.72707042544953, 92.53309941928818, 33.2237655593048, 80.06659642606677, 81.4839084889594, 70.07077310023286, 41.68124464636697, 42.38184128324323, 76.31905608937987, 24.63295778736385, 55.92991605131634, 47.54640274776444, 30.744025555392408, 89.24451290161775, 61.46076577907207, 75.08247670691627, 21.570426659823802, 46.79059688738534, 45.217763381364556, 71.9100913151246, 57.50611464361927, 59.18124443202868, 23.78587449327383], [52.42791128295611, 64.40255781009328, 52.36644740677345, 28.930824359007303, 71.15851365516755, 62.63957655175754, 0.0, 45.16123804413666, 32.66190266487241, 14.962536872774011, 15.65824765785265, 28.43831751432223, 63.38550458651652, 71.2758302956585, 71.28488600633476, 73.77509179280864, 26.563590633769444, 78.07588880313497, 55.552276193741484, 34.35969399268122, 74.20464216828017, 64.4807709476976, 60.13903623356883, 52.50924022782795, 8.548184488624203, 40.3998992347177, 59.17540691641875, 62.61011920973056, 17.32839493640367, 66.2293738568619, 8.32389193615133, 52.9041171241505, 34.91601841822639, 81.71117352768059, 20.551905270957747, 64.76883243987378, 2.365628866235715, 44.62744334181762, 38.81708693021643, 70.8102078834801, 74.45679614480039, 6.315294303986606, 77.84285018972957, 19.0230575865152, 86.76643040247941, 33.83797596664297, 37.05318202155242, 33.084973946002044, 72.22486954270227, 79.59927829718106, 62.97796600152319, 17.53760105515552, 23.12831311812247, 18.12583784850888, 84.75169497880627, 75.33810426532654, 53.7084370219444, 43.013113541620356, 14.428561006650432, 49.92415251029405, 31.89643724185408, 56.645106961208654, 49.6273459270906, 20.53834747713381, 43.26587456841845, 32.13349990257754, 44.11652501062, 53.06657721022497, 19.0906171603264, 54.11961367558201, 81.45968320872993], [43.16368167073218, 94.00114159979678, 7.910925845689191, 73.02697540659433, 86.39162109399264, 33.062351105643124, 45.16123804413666, 0.0, 20.934970638165677, 32.05795809215129, 33.77623926187849, 51.60137368840971, 49.71384442454774, 44.42394366706755, 38.846494173025775, 87.37745922488153, 27.453154570781617, 105.42884115486585, 11.888485319814516, 38.76913923765976, 88.68724620869135, 19.550767062395526, 86.16421880182621, 30.221299939094116, 46.86920590517358, 15.897843994620358, 18.413287980987857, 21.92562339196325, 27.988259337432236, 68.22042088513113, 38.54626842393532, 7.825340237158869, 24.636616125872152, 72.61901389111192, 25.766181545538192, 66.60947694775945, 43.20856232495436, 14.391849852721746, 9.816730356027708, 35.832710707466646, 52.90961925978079, 42.66865215000223, 78.67022121048218, 27.73183242667839, 65.40858915096807, 14.966143217753169, 73.10548274736666, 75.75311756318668, 89.36545757918343, 104.53719752569626, 57.1936761558938, 61.65888216980623, 68.0290777589229, 59.78103496034806, 72.39308832099823, 69.43245666311641, 82.19567733626754, 11.035216595271425, 46.65217889383842, 15.420580599693533, 23.862003557925863, 91.38229667208816, 70.38427757550767, 49.46250525489217, 15.575688204050554, 16.791990649984864, 12.165119407939697, 79.07386714250335, 31.538757498823507, 71.07939615215248, 56.848196377800754], [55.23953870844416, 92.44092033592631, 24.98615248231811, 61.5267225485938, 91.35855741866042, 51.900508139323364, 32.66190266487241, 20.934970638165677, 0.0, 25.520521224636447, 17.524789484769883, 50.44553362579254, 64.1591968887627, 63.044125582573514, 58.749982019465506, 93.08669298563815, 29.711302751394438, 105.28114771846373, 26.72942023744193, 43.84110203323337, 94.06442812942429, 38.99776324383746, 86.16805513359985, 46.08819047497937, 37.83828505560385, 29.26070821374052, 39.298342022967184, 31.15900436534111, 19.994845167841014, 77.82918009390947, 24.468608788545048, 27.841721760436158, 4.967135339540763, 86.63861162576319, 13.065591797752106, 76.1833415422092, 31.500349268631336, 12.79930765445954, 11.144647150055679, 56.202620062870096, 70.28619326911088, 27.938060670595465, 89.24745444374082, 22.945198242024382, 83.18519749669383, 6.410372063137271, 67.42941028828679, 58.418357906411195, 93.60203403936465, 105.57708037209714, 69.16334216803128, 46.17811209053925, 55.34651477769612, 50.25685989905575, 87.53813886245517, 82.15743253822457, 80.84459219779218, 27.2876730972019, 40.37224168972577, 18.050072135867804, 30.093551329648268, 86.94968343534218, 72.1197085085794, 30.107774154590153, 30.891079586306045, 5.262981002985331, 13.114951483091362, 78.81356023295835, 14.24241139849777, 74.55746756256755, 75.29633207125408], [39.83519676326452, 66.92733272543268, 39.737842002416755, 41.05407446115047, 67.34764976094824, 47.81144255315773, 14.962536872774011, 32.05795809215129, 25.520521224636447, 0.0, 15.30077801523034, 25.15355785168559, 50.56259500619858, 56.79971548308038, 56.408409384616775, 69.41988202460922, 12.11153163467124, 79.78075590989388, 43.330290559333356, 23.183674550477797, 70.20592216678934, 50.76076114697306, 60.72181812217596, 37.93946213671723, 14.814356072718377, 25.47994080114039, 44.554520561082, 51.692425936226, 5.528267063579476, 57.505977942813246, 12.684310930951229, 39.505571649291845, 29.474233954063273, 70.58231311732769, 12.785987917566226, 55.92344989560015, 12.636395753363503, 35.043553862287204, 27.73718686229854, 55.855801330859926, 60.69886062689916, 15.92334950233439, 69.2602874760703, 4.393228947366631, 73.30821442032544, 23.955404462976535, 42.60804605928457, 48.000437162060706, 69.2231453716059, 80.19631563647471, 51.88951702489454, 32.49973375235284, 36.46127982218107, 27.732425186341192, 72.96183616982313, 64.7816583828922, 55.3248643407816, 28.38201989899067, 15.3586697487117, 40.00066299331977, 17.109140962182735, 61.859693567618685, 47.172493469904744, 29.834104829591837, 28.352106201391557, 22.769412141642263, 33.93142211234346, 53.36721902582546, 17.166608769030102, 50.22458461959428, 67.42726383699689], [54.15617442388977, 78.68718603156825, 39.99122068123057, 44.18988577090403, 81.96478726436267, 58.226472445051115, 15.65824765785265, 33.77623926187849, 17.524789484769883, 15.30077801523034, 0.0, 39.041602188229675, 64.55514237980107, 68.34421092757798, 66.30595482669021, 84.19646279101734, 25.79105936805492, 92.08622679601885, 42.611402539895614, 38.358344794767895, 84.88913326691028, 53.27470393481737, 73.51824722214545, 49.6842305960062, 22.32333427110482, 34.330412606301536, 50.38024327813827, 48.406088307792785, 11.938691619046466, 72.79852082074382, 7.344973363199918, 41.55679554647441, 19.303317989004633, 85.36712392182439, 8.321810595165923, 71.21206063029098, 14.995689398221117, 30.07545624652601, 25.63388991222616, 64.83853385090761, 73.56092691034164, 10.432717057634372, 84.55026549287972, 16.08276513950227, 86.424930654236, 20.129292078070172, 52.12582500079038, 42.08746993779698, 83.59521997574463, 93.09916311417186, 66.79484619971522, 28.859444468709402, 37.87025538039649, 33.729212265465726, 87.4331665046925, 79.78097293830614, 67.52332290642094, 35.09646748452918, 26.432893643781263, 35.39510376376584, 29.348350816519385, 71.78719262281408, 61.1881865534678, 16.870505390514612, 36.91410846091858, 18.22981906442809, 29.944079527210512, 66.24114523484613, 3.4416530136172256, 64.76239513425769, 79.77257967671899], [32.946565417544214, 42.71202499640149, 59.461670781992744, 34.60794241821122, 43.108491064921154, 51.98397109267874, 28.43831751432223, 51.60137368840971, 50.44553362579254, 25.15355785168559, 39.041602188229675, 0.0, 43.130378065334526, 56.79390849801853, 60.437741671625844, 45.545837775214366, 24.152414820381612, 55.00816751167961, 63.48891688570454, 16.95793637258079, 46.096756861554795, 67.07321220479136, 35.778264079007556, 40.97926752788434, 20.08981789018169, 38.528495494583694, 57.47532421734155, 73.20773738847603, 30.57522690989804, 39.06390423219021, 33.37664858211826, 57.62542379540513, 54.58399866615805, 56.82192258688524, 37.936208799088725, 37.75618838650043, 27.058078781637075, 58.53996795479162, 50.507053148787804, 61.86250248213179, 56.269716550254266, 34.00151714779179, 50.314516850215874, 27.55913832504314, 66.8187063936268, 47.91471135278912, 23.52011621446929, 54.24170103924429, 44.57539918436988, 55.1320168549563, 38.95987077915873, 39.70152985413693, 34.586171772193964, 22.28303981684772, 60.862040267486684, 49.85000923724378, 30.91150476690586, 43.505574352198956, 14.014279202385312, 63.008612389139394, 28.28729161154974, 40.042527751026874, 22.163330957806412, 48.938222536250805, 40.84823959626487, 47.07879386208561, 57.04095225329864, 28.437880554119435, 41.63031553296224, 25.919816691900525, 63.93611788746065], [10.975929183478527, 69.48136268425647, 54.39521408344089, 77.7102971017316, 48.753165497778475, 22.573338242582338, 63.38550458651652, 49.71384442454774, 64.1591968887627, 50.56259500619858, 64.55514237980107, 43.130378065334526, 0.0, 18.490857416430337, 26.695233899014504, 48.01646132444727, 38.84056928461841, 75.7617571621359, 57.916367572522866, 29.331481214063505, 49.799265052999644, 52.05517474105392, 59.74105873737876, 19.549113181612245, 57.66265137260076, 35.34295964788771, 40.053092450028174, 68.22228327965063, 52.62787281729705, 24.392629060896684, 63.244051546085544, 49.959336744393454, 69.09174305747504, 22.918296985510736, 58.0037903780786, 23.265435922488273, 61.136218901298214, 63.57978687235652, 56.350423445951755, 30.66241294915849, 13.58219245331054, 66.22894415585144, 31.537077617498287, 48.55739509646689, 23.858918722925875, 58.23019547001009, 64.0224555785745, 94.89505326262889, 52.756361260538554, 72.41202195465992, 11.070489423009834, 79.30948083503742, 77.05959832162287, 64.7637626246521, 23.386385966806614, 20.270087976794564, 59.983578495308045, 38.981512481823124, 52.33977393477861, 65.1225252356682, 35.47163762735119, 74.17813882017865, 44.699066803083944, 80.35031221115557, 34.52633537217782, 58.92522652768174, 61.34469584761043, 55.184060879689994, 65.04144047136792, 40.89860946420974, 21.262391419905597], [24.643225738964077, 87.5168176491728, 46.57949393816596, 90.3945881610538, 67.18302442202867, 11.361673117414025, 71.2758302956585, 44.42394366706755, 63.044125582573514, 56.79971548308038, 68.34421092757798, 56.79390849801853, 18.490857416430337, 0.0, 9.417867930932431, 66.32064724560135, 44.77141797280931, 94.20662214068322, 49.25195960636352, 40.5357880992637, 68.1287165173947, 39.935249588404254, 77.82848937442554, 18.875285581714532, 67.31762165282741, 34.49261920207778, 29.25003147985197, 58.450042654527195, 57.103230149723935, 42.58297800221065, 69.01150936277696, 41.797838590864096, 67.6215382124387, 34.974172916545136, 60.59516801498728, 41.57292656344663, 68.91455315666242, 58.78783827660321, 53.168751926864516, 14.075926548847747, 10.319025571892283, 72.63346021530576, 48.10049923470212, 53.61076847928131, 21.2562077151831, 56.656180102857824, 79.3675546919237, 104.16397522435163, 71.21046486441355, 90.90184747414001, 29.438908905129107, 88.4170173056373, 88.55649338268165, 76.67927676384986, 32.251157872455934, 35.56125794985468, 77.56790657049338, 35.760078101017406, 62.964740486611674, 58.82090488093614, 39.763940269604234, 91.35318922636573, 62.321328348754214, 85.10212522956294, 32.36292801359806, 57.88502572015198, 56.57813498932123, 72.8782174275488, 67.88818202211334, 58.99476422650757, 12.424259390783655], [30.404924267329896, 94.16301019252516, 39.70796415975439, 92.78181572577523, 75.33809381725833, 8.765809359114865, 71.28488600633476, 38.846494173025775, 58.749982019465506, 56.408409384616775, 66.30595482669021, 60.437741671625844, 26.695233899014504, 9.417867930932431, 0.0, 74.69712852403438, 44.85425717188357, 101.64527295124508, 41.91855343431249, 43.583496146936405, 76.46941735303061, 31.442369618048527, 84.59736893894834, 19.730589498759613, 68.38486800712417, 31.98757067466255, 21.83904919214386, 50.47459227631428, 55.79496427204102, 51.08186457172018, 67.96548004535703, 34.96066728671258, 63.034116947727725, 44.39168524837349, 58.20004754704506, 49.95823942481038, 68.92569700569165, 52.898592306597365, 48.221162042927155, 4.721380254597295, 19.657133963980236, 71.82378458966193, 57.25099226892335, 52.75057957134187, 29.295987943473037, 52.351928181819524, 83.65387958366257, 104.36985951512969, 79.28957971356432, 98.63450961505077, 37.7640975737875, 88.74432405052133, 90.24925805112787, 78.81582635571482, 41.56620543750839, 44.834129012643224, 83.73229219979277, 31.860905153393603, 64.68995141773179, 52.25670330691007, 39.39626218457245, 97.00965312238081, 68.66610055989048, 83.17606768434008, 29.40393366063769, 53.79508433726413, 50.76542902789903, 79.19687593997384, 65.38967552823289, 65.91010987343063, 19.94897720339715], [47.10608001410885, 32.1482921021902, 94.23362412054595, 68.79183408015814, 3.5551571960519484, 69.61125839785092, 73.77509179280864, 87.37745922488153, 93.08669298563815, 69.41988202460922, 84.19646279101734, 45.545837775214366, 48.01646132444727, 66.32064724560135, 74.69712852403438, 0.0, 63.541134808392364, 31.44545800395624, 98.27813389798516, 49.65441462075506, 1.884976126849845, 96.38324446933132, 24.601546999047546, 62.439275453244555, 65.2628525404225, 71.55515429400184, 84.47339325694179, 108.88332805953618, 74.38059678613007, 23.751541849944697, 78.88385219104345, 90.77083652177751, 97.71935036639597, 39.83208900874799, 81.76823649839719, 24.76139102273619, 72.54215588809657, 98.28047973607724, 89.99400056344133, 78.51907830537218, 58.70290601091423, 79.51412563204734, 22.86495766088985, 70.6382702875122, 61.03423494456938, 89.09660653601985, 47.752834823376276, 93.98483268295598, 6.696823491332195, 26.578776758366864, 36.94909129718312, 81.9741115519822, 72.62606958136345, 62.58941593250258, 45.791483731762916, 34.19216519982472, 30.379598100047094, 76.72888612840592, 59.4005178347269, 101.70139041962975, 64.64999538879117, 43.48792383947025, 24.60458655721644, 94.31165575747961, 72.48534689865512, 88.79830495859011, 96.34953973825789, 26.805987169907038, 86.5016601845161, 19.658829165719972, 64.78965672712143], [28.365117506208517, 66.69114195153215, 35.32722176119488, 49.49249771454367, 61.96798957783968, 36.152534141046175, 26.563590633769444, 27.453154570781617, 29.711302751394438, 12.11153163467124, 25.79105936805492, 24.152414820381612, 38.84056928461841, 44.77141797280931, 44.85425717188357, 63.541134808392364, 0.0, 78.48307049081005, 39.34162323279433, 14.136814323001724, 64.58942946042777, 43.79788446855693, 59.166176580797305, 25.956213464280243, 23.83248750326553, 15.819405908967326, 35.568853874889946, 49.09522650494208, 13.856911274185164, 48.50353792079597, 24.673941073533793, 33.70218918420823, 34.49863361153285, 59.66561638962643, 20.03897969361691, 46.86906739853217, 24.19802107919671, 35.332839345890264, 27.07442512167308, 44.69329693422574, 48.613478179357344, 28.03400167087724, 60.107213944302266, 9.726803224183898, 61.27472005543159, 25.57825952580258, 46.100819122521386, 59.60244001626322, 64.43598346520847, 77.99321050974372, 41.23704320368526, 43.92107094927097, 46.0140169724457, 35.48927283286027, 61.64253657490068, 54.29602304357917, 54.8735297839592, 20.13864237964315, 21.26319752461666, 39.40783635081576, 5.638051769195098, 63.98759118134263, 43.885910923327565, 41.57813641639239, 18.571261431117073, 25.26294724952143, 33.61322552275025, 51.958493479824476, 26.607487806862828, 45.520899099246975, 55.315732217783854], [71.73793712526832, 13.916707591613248, 113.06214449635242, 61.17058538713681, 29.00211786340935, 95.21174637304559, 78.07588880313497, 105.42884115486585, 105.28114771846373, 79.78075590989388, 92.08622679601885, 55.00816751167961, 75.7617571621359, 94.20662214068322, 101.64527295124508, 31.44545800395624, 78.48307049081005, 0.0, 117.16716180089288, 66.93365345606486, 29.644036715927786, 118.2998791234931, 19.318042866713895, 86.16202835311239, 70.03483025682732, 90.70560809642663, 107.1258299587743, 127.33178228118693, 85.29535333447546, 53.14088742983465, 85.32105680170393, 110.50321738884938, 109.21084340523274, 71.12344026620855, 92.49222750429041, 53.67651044802109, 77.76082523659298, 113.4822498488823, 105.36536634499414, 104.88249650835137, 87.91031395295985, 84.38767177318725, 54.29726354865621, 82.52167924185754, 91.80350560808348, 102.92251487429971, 42.13571736202331, 87.0858436670141, 24.92717322220469, 5.976853177130473, 65.14839943822304, 79.5171967478107, 67.30299788138825, 61.71065871129931, 77.09075630303565, 65.0888069063428, 24.57320260598532, 95.9937349499077, 65.70501485291419, 117.81972814724683, 81.56711216332685, 25.756833990983996, 35.228068405027294, 97.13453183409577, 92.40884596494016, 102.07437283337352, 111.91690484626399, 26.591545353711656, 95.11365737533154, 36.12940528621271, 94.61432015935395], [52.80036528635816, 105.84877917702308, 4.111990850222631, 83.96887799707687, 97.46162997397121, 38.297574036499235, 55.552276193741484, 11.888485319814516, 26.72942023744193, 43.330290559333356, 42.611402539895614, 63.48891688570454, 57.916367572522866, 49.25195960636352, 41.91855343431249, 98.27813389798516, 39.34162323279433, 117.16716180089288, 0.0, 50.34506483414843, 99.65404737912272, 13.569789730138279, 97.93099810252728, 38.51809748590184, 58.05682371203182, 26.854277470119037, 20.121026771560214, 10.632994705236921, 38.83003614766294, 78.20793880856583, 48.31648987014062, 7.9591855964530325, 28.693035186940786, 80.50188448410117, 35.29965190710024, 76.63407727834294, 53.764947740144585, 14.985079557986214, 16.9951633887716, 37.96059566066014, 58.76832284847468, 52.323176763324284, 88.14707877879351, 39.10613117796623, 70.49726997115351, 22.495108855487562, 84.89198200006624, 84.59003289647032, 100.56224297655007, 116.15843410213988, 66.461619652325, 71.29075855045899, 78.64143251443318, 71.0259558011506, 79.55875090920348, 78.08451055294682, 94.0494275161016, 21.59311061125955, 58.23574290158613, 11.684266302448387, 35.633174999613026, 103.25623444120444, 82.0500904280469, 56.80731694662501, 25.798002894755708, 24.41586109745763, 13.822349682676425, 90.87638549039406, 39.846901515373965, 82.51992239367831, 61.41072667820546], [18.38066274760168, 56.224715640078784, 46.233181096456285, 49.86731285193856, 48.25908957901146, 35.060733332886336, 34.35969399268122, 38.76913923765976, 43.84110203323337, 23.183674550477797, 38.358344794767895, 16.95793637258079, 29.331481214063505, 40.5357880992637, 43.583496146936405, 49.65441462075506, 14.136814323001724, 66.93365345606486, 50.34506483414843, 0.0, 50.779697750925095, 51.822077118973425, 47.81705195228735, 24.03287751267216, 28.331201585057343, 23.77745484103507, 41.41347816687242, 60.68079384783879, 26.858413679584736, 34.64133856289072, 35.416645187729664, 43.56957912772611, 48.63539984773104, 47.65267721978612, 33.74258706596581, 33.02550595589182, 32.19362062162965, 48.68572410762826, 40.38665227121166, 44.909358174256646, 41.41305828768387, 37.86398828361112, 46.343212113159446, 22.702926313619404, 53.08104564470134, 39.50243491923733, 40.43292307180996, 65.57585474453988, 50.951198029612314, 65.81337109496685, 28.888641203289417, 49.97813615537004, 48.34110798929093, 36.25950667346332, 50.43657412013007, 41.653496121996284, 44.6048852621873, 29.060579834078148, 23.10983583107521, 52.321298347031885, 15.158645402067027, 55.82935127725558, 31.73596854675074, 52.64798482071653, 25.59813126208176, 39.30972774474982, 46.80499577497367, 40.97517395859479, 39.767719772438376, 32.36189773053381, 48.863824889707615], [48.706048571419736, 30.770138173872965, 95.59999661547577, 68.46966735997282, 3.1068642455141835, 71.31261333857158, 74.20464216828017, 88.68724620869135, 94.06442812942429, 70.20592216678934, 84.88913326691028, 46.096756861554795, 49.799265052999644, 68.1287165173947, 76.46941735303061, 1.884976126849845, 64.58942946042777, 29.644036715927786, 99.65404737912272, 50.779697750925095, 0.0, 97.92250877314723, 23.55728608747729, 64.0256569905355, 65.67469711426196, 72.89322754909628, 86.03752471234056, 110.24887485556063, 75.2226615377995, 25.576286752431475, 79.46783236208529, 92.18267156265564, 98.66612456077132, 41.69479849584579, 82.62544810233553, 26.55898393111808, 73.02241195789827, 99.44597794407387, 91.15265239009261, 80.2671108156519, 60.558690685722674, 80.00476151898883, 24.697737032098328, 71.52515850475447, 62.91812913163899, 90.16171418286568, 47.3574414872518, 93.81837621364723, 5.1176286457671525, 24.722967035210086, 38.7366871009091, 82.0293065785024, 72.46324871202961, 62.631356418843225, 47.651968411917935, 36.07629056151152, 29.58394591469616, 78.0867696684194, 59.86988914428273, 102.9256747317947, 65.82798773934901, 42.36600543763289, 24.788438520516646, 94.7303093366184, 73.87200857243283, 89.82991663485927, 97.53262443719309, 26.228031161923038, 87.24581840891938, 20.178115802420873, 66.66506393034908], [49.408104088114534, 108.03322008393845, 14.055653015835096, 91.79278359460761, 96.05370248527262, 30.172106671487935, 64.4807709476976, 19.550767062395526, 38.99776324383746, 50.76076114697306, 53.27470393481737, 67.07321220479136, 52.05517474105392, 39.935249588404254, 31.442369618048527, 96.38324446933132, 43.79788446855693, 118.2998791234931, 13.569789730138279, 51.822077118973425, 97.92250877314723, 0.0, 99.43690871092161, 34.10186332178619, 65.49729344590764, 28.54472004370902, 12.084130289759385, 19.45071741372668, 47.181714743271435, 74.5998724546783, 58.07127379966629, 11.730129497459348, 41.61765438352303, 73.54545820902365, 45.31562822134817, 73.13375668617996, 62.45028881149704, 28.2661493068682, 28.211625697879906, 26.97953766042418, 50.06890866830732, 62.20134941630103, 83.41348276764948, 46.368627041367425, 60.71896913216425, 33.79990889623298, 89.82292542685079, 95.29611029449684, 99.5046207179113, 116.61730504271937, 61.88714757197581, 81.17182064398193, 87.11899405573661, 78.21323266775522, 71.73595918311476, 72.24208601508269, 96.4254275680071, 23.693081362062486, 64.50685649251707, 25.250818235305484, 38.90669913611049, 107.08295487584702, 83.13078419983228, 68.5970350852813, 26.31933102227579, 35.72317851122441, 26.793638092014483, 92.7465940112432, 50.91099312809269, 82.57504591852037, 51.38836489123376], [54.2611964871277, 9.764916892415634, 93.83069104562631, 47.6104891589041, 21.071343623136364, 77.62426399258571, 60.13903623356883, 86.16421880182621, 86.16805513359985, 60.72181812217596, 73.51824722214545, 35.778264079007556, 59.74105873737876, 77.82848937442554, 84.59736893894834, 24.601546999047546, 59.166176580797305, 19.318042866713895, 97.93099810252728, 47.81705195228735, 23.55728608747729, 99.43690871092161, 0.0, 68.03657426849517, 51.83562538034636, 71.58987636559984, 88.48056901876292, 108.05285936843752, 66.21481577725287, 39.709540885176196, 66.97711958419778, 91.36024314446654, 90.19256632734555, 59.71390556732469, 73.48117196450534, 39.765183324413705, 59.59013263694402, 94.18460560161535, 86.05528039524502, 87.50151612381998, 72.68110216784898, 66.39886569973551, 44.54316533249684, 63.330878190668436, 78.46593105213596, 83.67046439420429, 26.669836266013114, 73.6718825231894, 18.82112417405096, 19.581155680024008, 49.87813345834092, 63.89900246561983, 52.71288082188943, 45.034581408840616, 65.5218504989464, 52.847226375806, 7.167955341004747, 76.8615565846912, 47.08831594796179, 98.5043372894768, 62.30834993139238, 18.9223066293244, 16.38702921194188, 79.87909785515434, 73.37879709857164, 82.85603168483412, 92.60771328496372, 7.355289368403988, 76.43959735501758, 18.848816014934595, 79.86861347033303], [15.345006004838911, 77.26674417593416, 34.90738543316949, 73.06101838813603, 62.29538128958744, 11.061574645707083, 52.50924022782795, 30.221299939094116, 46.08819047497937, 37.93946213671723, 49.6842305960062, 40.97926752788434, 19.549113181612245, 18.875285581714532, 19.730589498759613, 62.439275453244555, 25.956213464280243, 86.16202835311239, 38.51809748590184, 24.03287751267216, 64.0256569905355, 34.10186332178619, 68.03657426849517, 0.0, 48.97032396968461, 16.830171536632065, 22.080013184659933, 48.95162187419247, 38.28624923949322, 40.53489453045977, 50.142610095499876, 30.563339359951893, 50.90463300900364, 42.41445266486975, 42.14069615154389, 39.05044150479396, 50.14448672666891, 44.260564577061366, 37.37043736008508, 20.887121231927093, 24.324400203725695, 53.75868913354166, 49.81828844903291, 34.74262882492127, 37.283396644571425, 39.87904694950061, 64.38458944559463, 85.49485764191442, 65.89368270106502, 83.88725032225567, 28.119997737166493, 69.77217466824717, 70.64813177510828, 59.113303539931245, 42.25546140207619, 39.583378566702756, 66.24036313345525, 19.70153724551988, 45.04413386274829, 45.60645183462781, 20.888663225021322, 78.76637563444989, 51.70396199136772, 66.35579959483309, 15.428669993835914, 40.829185294989166, 42.01486229960383, 61.99222453101309, 49.428015604719036, 50.03704553061214, 30.107895372967317], [46.705403119093646, 56.49525437993661, 54.51941837488919, 26.3004556398429, 62.62399484667117, 59.62721295932202, 8.548184488624203, 46.86920590517358, 37.83828505560385, 14.814356072718377, 22.32333427110482, 20.08981789018169, 57.66265137260076, 67.31762165282741, 68.38486800712417, 65.2628525404225, 23.83248750326553, 70.03483025682732, 58.05682371203182, 28.331201585057343, 65.67469711426196, 65.49729344590764, 51.83562538034636, 48.97032396968461, 0.0, 39.1891505624408, 58.747610416158025, 66.1034472037232, 19.351398129025835, 58.48847443779242, 15.309812760665261, 54.310090071817534, 40.842199708637274, 74.78281018547193, 24.88690899305347, 57.076109582883326, 7.755354856252921, 48.819709452209224, 42.05396912680887, 68.46055194806246, 69.4707818657015, 14.626491219454902, 69.99149337976478, 19.17540468192428, 81.37908660479319, 37.708850271355786, 29.866033998740257, 37.2786021757475, 63.67672903044592, 71.35715880021351, 56.188927930291264, 21.647035331598747, 22.214500021206835, 12.975609757131803, 78.1528601300533, 68.18982053468001, 45.54916289130081, 42.69345598697712, 6.155029386909765, 53.97188579726873, 29.466878189547355, 49.520605996473954, 41.07951321511952, 29.05565229699593, 42.041189935707784, 36.243226487240136, 47.96013133356315, 44.6949474621142, 25.564127731835654, 45.614352199049186, 76.74386653386942], [27.657078839950856, 79.88197377246543, 22.763366488046255, 65.18740233512014, 70.65184366437052, 23.95123941582364, 40.3998992347177, 15.897843994620358, 29.26070821374052, 25.47994080114039, 34.330412606301536, 38.528495494583694, 35.34295964788771, 34.49261920207778, 31.98757067466255, 71.55515429400184, 15.819405908967326, 90.70560809642663, 26.854277470119037, 23.77745484103507, 72.89322754909628, 28.54472004370902, 71.58987636559984, 16.830171536632065, 39.1891505624408, 0.0, 19.750688901996064, 37.389244047391415, 24.00829114932376, 52.41378988350927, 36.205224708016, 19.807151020894285, 34.093882524504096, 58.158749493031685, 26.30126139774581, 50.79375931558382, 38.099173072085605, 28.584410761790576, 21.038488949108512, 30.781825764815515, 41.09243327519935, 40.174903477784056, 63.05052697553891, 21.40493860012851, 54.02973909356455, 23.087325970456927, 61.40068949150251, 73.26507432677406, 73.71606641671129, 89.47832039915978, 41.79689803571617, 57.922282158892024, 61.38688892501045, 51.23502971139671, 58.59882898454139, 54.37518259042074, 68.17641935096054, 5.304332785987185, 37.064466182834906, 30.911903120264306, 10.499092075134351, 78.54562033819992, 55.49151318287465, 51.200265061835424, 2.875004603361594, 24.00031365147929, 26.39710194081282, 64.69809024906411, 33.55562920858026, 55.70818903424411, 46.45188222075464], [37.417430687815234, 97.31634660670876, 17.912286299266313, 84.87327143156455, 84.23348643852832, 18.666589604432904, 59.17540691641875, 18.413287980987857, 39.298342022967184, 44.554520561082, 50.38024327813827, 57.47532421734155, 40.053092450028174, 29.25003147985197, 21.83904919214386, 84.47339325694179, 35.568853874889946, 107.1258299587743, 20.121026771560214, 41.41347816687242, 86.03752471234056, 12.084130289759385, 88.48056901876292, 22.080013184659933, 58.747610416158025, 19.750688901996064, 0.0, 29.251259013922205, 42.04148657831777, 62.531923223192166, 53.87965795561323, 13.220087210994503, 43.03922950321787, 61.844231641699956, 42.06882073722332, 61.0735966814713, 56.96178403810167, 31.617956374632843, 28.222805078024532, 18.100645912834786, 39.02640742672392, 58.00345368877319, 71.3479534661584, 40.25556762362547, 50.449625582813084, 33.1553287992398, 80.72651694674667, 91.42462657667525, 87.75016554353967, 105.22299645824312, 49.80419732235087, 76.50531840730282, 80.87171405678812, 70.9569995361555, 60.337523107569325, 60.284302654940824, 85.86043074965944, 16.179194233237595, 56.81271681663086, 30.519315930750345, 30.16019616723945, 97.17921124311304, 72.10694452858165, 66.80169335838892, 17.0274775634093, 34.87542653758609, 29.594212907553242, 81.98052370029532, 48.65811952052257, 71.1887786019366, 41.310544630111], [63.393844064273786, 115.77711051627018, 14.649731623498676, 91.44647297716266, 108.0350820659397, 47.86818863679325, 62.61011920973056, 21.92562339196325, 31.15900436534111, 51.692425936226, 48.406088307792785, 73.20773738847603, 68.22228327965063, 58.450042654527195, 50.47459227631428, 108.88332805953618, 49.09522650494208, 127.33178228118693, 10.632994705236921, 60.68079384783879, 110.24887485556063, 19.45071741372668, 108.05285936843752, 48.95162187419247, 66.1034472037232, 37.389244047391415, 29.251259013922205, 0.0, 