instance_id,num_cities,city_coordinates,distance_matrix,best_route,total_distance
709,26,"[[75.64084085806962, 84.12757523268371], [92.05609152485705, 6.765365382817579], [93.63708259484027, 6.0516986223778435], [50.04978547523302, 19.488437158932072], [5.496958288014364, 22.84476518027001], [7.247703913633585, 22.622722019580333], [11.032960646331812, 61.64104295154256], [6.290181186701438, 52.12762130994124], [59.07778656421122, 0.16318218011555086], [61.12699342115311, 89.07072723743623], [15.151827700174248, 18.53921683288532], [39.404732791087085, 47.89351206205268], [78.56736690054726, 8.849730861493521], [84.67882652018532, 85.45821204530338], [90.56589426489559, 7.774256078266695], [87.37494988845681, 76.43493498994856], [87.54503445473803, 2.993100698831619], [34.68299723743027, 76.00990580743817], [61.78238136692813, 49.47947239675848], [57.24276715029426, 8.745891280453655], [33.20255057819501, 40.913873960537984], [67.06688577019192, 17.453414843267566], [63.46156997200658, 26.321629851995965], [18.840989612630654, 11.26050631461858], [44.02810942806613, 42.7193392681422], [60.16077887994542, 9.649112110316949]]","[[0.0, 79.08458741947251, 80.12307548463173, 69.5206464766039, 93.14369044611621, 91.98080315949504, 68.40922685928459, 76.37742498874636, 85.58244018621727, 15.33253140104976, 89.22305459014753, 51.24414953626723, 75.33470918408347, 9.135413463861811, 77.79837122390721, 14.030895503892918, 82.00312666643421, 41.75453880658142, 37.316858517250076, 77.59437731969136, 60.56758588153526, 67.22318327394599, 59.07505362393806, 92.38957102516522, 52.09613031848603, 76.07018987695713], [79.08458741947251, 0.0, 1.7346045682873117, 43.89084532513405, 88.03993778143983, 86.27814537135697, 97.85748681621298, 97.02332523125774, 33.63268382272515, 87.92486394375744, 77.80031730259638, 66.81085260480376, 13.648819415581606, 79.03789062718373, 1.7995967073098493, 69.82665691741879, 5.8804435832612585, 89.92484821633495, 52.354488486897516, 34.869614807733896, 68.04307400494976, 27.178940478208755, 34.642374959359806, 73.35296476635727, 59.994793961111945, 32.025411221481974], [80.12307548463173, 1.7346045682873117, 0.0, 45.6113846829127, 89.72562954496622, 87.96433121075587, 99.5671440076017, 98.75460413121732, 35.05737537271502, 89.1575291844103, 79.4724691131366, 68.49733656980541, 15.327273583972843, 79.91022916926434, 3.5212784534635477, 70.66126426554852, 6.816749357226242, 91.48625543149424, 53.8580869073376, 36.49390182970231, 69.76893240819686, 28.91322348134592, 36.35150167605519, 74.97724456778931, 61.68927045433936, 33.669040589465695], [69.5206464766039, 43.89084532513405, 45.6113846829127, 0.0, 44.67907058300327, 42.9166858878164, 57.43826942758966, 54.59138493876447, 21.330032434547874, 70.45849578614528, 34.91086472857935, 30.3342286353244, 30.437386912029524, 74.50625263863093, 42.17555109119964, 68.08870327515537, 40.9632740508738, 58.57315595842118, 32.204285444554834, 12.928313011718908, 27.255800590252058, 17.138349345078208, 15.052192058581943, 32.275188383220815, 23.99865402943938, 14.108313330885537], [93.14369044611621, 88.03993778143983, 89.72562954496622, 44.67907058300327, 0.0, 1.764770073078615, 39.18926499715238, 29.29359769092942, 58.18384110864624, 86.49033968780253, 10.571388269169173, 42.15657590576879, 74.39855912842836, 100.94657985814696, 86.39354207828431, 97.85658796806838, 84.41549256708801, 60.64946040537697, 62.269225783531155, 53.63214502567027, 33.07706964443608, 61.80552263849, 58.068793647031306, 17.67082978976269, 43.35491094849387, 56.23396252843461], [91.98080315949504, 86.27814537135697, 87.96433121075587, 42.9166858878164, 1.764770073078615, 0.0, 39.20149916625687, 29.520432447830622, 56.48706398252802, 85.54715211663863, 8.896639109389737, 40.898500407668955, 72.63738441056148, 99.71899294960608, 84.63095050996107, 96.52010056085774, 82.6618613704251, 60.02405111754182, 60.78911157236081, 51.88518843947732, 31.752485016264384, 60.04212067100126, 56.33542984997456, 16.232813034857806, 41.91267415282989, 54.480345597915154], [68.40922685928459, 97.85748681621298, 99.5671440076017, 57.43826942758966, 39.18926499715238, 39.20149916625687, 0.0, 10.630105753640466, 78.02456448138817, 57.112167702414105, 43.29818103073376, 31.5270052525036, 85.71941822188465, 77.40136370859636, 96.0578901393623, 77.76219237578594, 96.4037269452811, 27.67288294579791, 52.18627694935789, 70.23705067442076, 30.34973232383824, 71.36068415186035, 63.215662754737096, 50.98199474484106, 38.03565055853771, 71.53113585700821], [76.37742498874636, 97.02332523125774, 98.75460413121732, 54.59138493876447, 29.29359769092942, 29.520432447830622, 10.630105753640466, 0.0, 74.07316798658647, 66.12011079548056, 34.73772724638235, 33.38414607388626, 84.24350049933587, 85.18044374143008, 95.23453586915002, 84.64977976200197, 94.95552798701986, 37.10142202274607, 55.55535053897817, 66.91891000852196, 29.155166881368533, 69.9721974367133, 62.72572750289995, 42.75095180443708, 38.89301992553971, 68.60368094825459], [85.58244018621727, 33.63268382272515, 35.05737537271502, 21.330032434547874, 58.18384110864624, 56.48706398252802, 78.02456448138817, 74.07316798658647, 0.0, 88.93115773935502, 47.61479299214545, 51.62570518064402, 21.337756903677704, 89.05422711208416, 32.394897321229706, 81.35176537041652, 28.607562658906737, 79.6732780253046, 49.39039697936265, 8.776684553433524, 48.27159328129762, 19.046728109282448, 26.523233995291143, 41.73907559911871, 45.13888886540086, 9.547551466037248], [15.33253140104976, 87.92486394375744, 89.1575291844103, 70.45849578614528, 86.49033968780253, 85.54715211663863, 57.112167702414105, 66.12011079548056, 88.93115773935502, 0.0, 84.19269459411989, 46.55555451802023, 82.09491389026343, 23.82727656149691, 86.46250693694572, 29.131056699528422, 90.04038362074911, 29.493558459281317, 39.5966790680602, 80.41869487401168, 55.667378469102886, 71.86321559519942, 62.79251126017545, 88.55809730426724, 49.40468601751317, 79.42749221736705], [89.22305459014753, 77.80031730259638, 79.4724691131366, 34.91086472857935, 10.571388269169173, 8.896639109389737, 43.29818103073376, 34.73772724638235, 47.61479299214545, 84.19269459411989, 0.0, 38.07726426294231, 64.15151401536711, 96.49951028454731, 76.17851282268971, 92.56399710225188, 74.04362302766191, 60.69881938475269, 55.96166500047866, 43.21523353135536, 28.748110859656855, 51.92641158768786, 48.932577601950285, 8.160241566586487, 37.6632176986061, 45.87853145297109], [51.24414953626723, 66.81085260480376, 68.49733656980541, 30.3342286353244, 42.15657590576879, 40.898500407668955, 31.5270052525036, 33.38414607388626, 51.62570518064402, 46.55555451802023, 38.07726426294231, 0.0, 55.30035045846084, 58.82899155877829, 65.01553002200055, 55.81894437480705, 65.8295950530898, 28.51011020470141, 22.43377868231522, 43.02013113253073, 9.337152254838223, 41.13142625935171, 32.3121883696204, 42.010054077578296, 6.938852616146782, 43.513763074585206], [75.33470918408347, 13.648819415581606, 15.327273583972843, 30.437386912029524, 74.39855912842836, 72.63738441056148, 85.71941822188465, 84.24350049933587, 21.337756903677704, 82.09491389026343, 64.15151401536711, 55.30035045846084, 0.0, 76.8518661320115, 12.046630438523984, 68.15668224887307, 10.719077925631987, 80.22672247760713, 43.96034163409377, 21.324852570817004, 55.55246018527674, 14.362605762461579, 23.09658752241615, 59.77501135277141, 48.37469049379097, 18.42393804106857], [9.135413463861811, 79.03789062718373, 79.91022916926434, 74.50625263863093, 100.94657985814696, 99.71899294960608, 77.40136370859636, 85.18044374143008, 89.05422711208416, 23.82727656149691, 96.49951028454731, 58.82899155877829, 76.8518661320115, 0.0, 77.906704341278, 9.417463036010941, 82.51490615222245, 50.880776688596946, 42.64641728626089, 81.4709611510591, 68.07352672122852, 70.24836581352834, 62.82760005711692, 99.19637243550322, 58.98382868520728, 79.67530541542865], [77.79837122390721, 1.7995967073098493, 3.5212784534635477, 42.17555109119964, 86.39354207828431, 84.63095050996107, 96.0578901393623, 95.23453586915002, 32.394897321229706, 86.46250693694572, 76.17851282268971, 65.01553002200055, 12.046630438523984, 77.906704341278, 0.0, 68.73478707777163, 5.6555318719750955, 88.19865120365772, 50.673619200918075, 33.33728956682002, 66.24792428673888, 25.414356467009913, 32.84279935201191, 71.80958075415118, 58.19728736518871, 30.46286471612689], [14.030895503892918, 69.82665691741879, 70.66126426554852, 68.08870327515537, 97.85658796806838, 96.52010056085774, 77.76219237578594, 84.64977976200197, 81.35176537041652, 29.131056699528422, 92.56399710225188, 55.81894437480705, 68.15668224887307, 9.417463036010941, 68.73478707777163, 0.0, 73.44203124099691, 52.69366682993326, 37.169564527204386, 74.09288140484168, 64.77958492986478, 62.37978187718272, 55.52650800183666, 94.57594759897569, 54.91529816703948, 72.11766247868844], [82.00312666643421, 5.8804435832612585, 6.816749357226242, 40.9632740508738, 84.41549256708801, 82.6618613704251, 96.4037269452811, 94.95552798701986, 28.607562658906737, 90.04038362074911, 74.04362302766191, 65.8295950530898, 10.719077925631987, 82.51490615222245, 5.6555318719750955, 73.44203124099691, 0.0, 90.14349009791147, 53.14787905232585, 30.843508284012714, 66.26530463702768, 25.069009926643535, 33.52959191432288, 69.19968044205297, 58.922803689596805, 28.181553209420223], [41.75453880658142, 89.92484821633495, 91.48625543149424, 58.57315595842118, 60.64946040537697, 60.02405111754182, 27.67288294579791, 37.10142202274607, 79.6732780253046, 29.493558459281317, 60.69881938475269, 28.51011020470141, 80.22672247760713, 50.880776688596946, 88.19865120365772, 52.69366682993326, 90.14349009791147, 0.0, 37.92414161397183, 70.94639433267731, 35.12724261466409, 66.91471340848233, 57.42064973564367, 66.65923747137343, 34.57734724299803, 71.08355855987773], [37.316858517250076, 52.354488486897516, 53.8580869073376, 32.204285444554834, 62.269225783531155, 60.78911157236081, 52.18627694935789, 55.55535053897817, 49.39039697936265, 39.5966790680602, 55.96166500047866, 22.43377868231522, 43.96034163409377, 42.64641728626089, 50.673619200918075, 37.169564527204386, 53.14787905232585, 37.92414161397183, 0.0, 40.98576250107407, 29.835820828044948, 32.45911812122484, 23.218642201891097, 57.48610696667332, 18.997725442685972, 39.86335654675265], [77.59437731969136, 34.869614807733896, 36.49390182970231, 12.928313011718908, 53.63214502567027, 51.88518843947732, 70.23705067442076, 66.91891000852196, 8.776684553433524, 80.41869487401168, 43.21523353135536, 43.02013113253073, 21.324852570817004, 81.4709611510591, 33.33728956682002, 74.09288140484168, 30.843508284012714, 70.94639433267731, 40.98576250107407, 0.0, 40.15857470752219, 13.127614911124535, 18.643500070280183, 38.48402014891705, 36.45301560759854, 3.05460313655975], [60.56758588153526, 68.04307400494976, 69.76893240819686, 27.255800590252058, 33.07706964443608, 31.752485016264384, 30.34973232383824, 29.155166881368533, 48.27159328129762, 55.667378469102886, 28.748110859656855, 9.337152254838223, 55.55246018527674, 68.07352672122852, 66.24792428673888, 64.77958492986478, 66.26530463702768, 35.12724261466409, 29.835820828044948, 40.15857470752219, 0.0, 41.196921486793606, 33.59377684629021, 32.948090173964275, 10.975082204201723, 41.28233770900496], [67.22318327394599, 27.178940478208755, 28.91322348134592, 17.138349345078208, 61.80552263849, 60.04212067100126, 71.36068415186035, 69.9721974367133, 19.046728109282448, 71.86321559519942, 51.92641158768786, 41.13142625935171, 14.362605762461579, 70.24836581352834, 25.414356467009913, 62.37978187718272, 25.069009926643535, 66.91471340848233, 32.45911812122484, 13.127614911124535, 41.196921486793606, 0.0, 9.573063221648566, 48.62190017105559, 34.192866981082055, 10.421202115257655], [59.07505362393806, 34.642374959359806, 36.35150167605519, 15.052192058581943, 58.068793647031306, 56.33542984997456, 63.215662754737096, 62.72572750289995, 26.523233995291143, 62.79251126017545, 48.932577601950285, 32.3121883696204, 23.09658752241615, 62.82760005711692, 32.84279935201191, 55.52650800183666, 33.52959191432288, 57.42064973564367, 23.218642201891097, 18.643500070280183, 33.59377684629021, 9.573063221648566, 0.0, 47.09388106554468, 25.427234666971966, 16.996119253524665], [92.38957102516522, 73.35296476635727, 74.97724456778931, 32.275188383220815, 17.67082978976269, 16.232813034857806, 50.98199474484106, 42.75095180443708, 41.73907559911871, 88.55809730426724, 8.160241566586487, 42.010054077578296, 59.77501135277141, 99.19637243550322, 71.80958075415118, 94.57594759897569, 69.19968044205297, 66.65923747137343, 57.48610696667332, 38.48402014891705, 32.948090173964275, 48.62190017105559, 47.09388106554468, 0.0, 40.29949348806764, 41.35119800413232], [52.09613031848603, 59.994793961111945, 61.68927045433936, 23.99865402943938, 43.35491094849387, 41.91267415282989, 38.03565055853771, 38.89301992553971, 45.13888886540086, 49.40468601751317, 37.6632176986061, 6.938852616146782, 48.37469049379097, 58.98382868520728, 58.19728736518871, 54.91529816703948, 58.922803689596805, 34.57734724299803, 18.997725442685972, 36.45301560759854, 10.975082204201723, 34.192866981082055, 25.427234666971966, 40.29949348806764, 0.0, 36.79542020297855], [76.07018987695713, 32.025411221481974, 33.669040589465695, 14.108313330885537, 56.23396252843461, 54.480345597915154, 71.53113585700821, 68.60368094825459, 9.547551466037248, 79.42749221736705, 45.87853145297109, 43.513763074585206, 18.42393804106857, 79.67530541542865, 30.46286471612689, 72.11766247868844, 28.181553209420223, 71.08355855987773, 39.86335654675265, 3.05460313655975, 41.28233770900496, 10.421202115257655, 16.996119253524665, 41.35119800413232, 36.79542020297855, 0.0]]",Route_4,1437.6928510206935
