instance_id,num_cities,city_coordinates,distance_matrix,best_route,total_distance
1381,53,"[[95.8219882278868, 52.47627586976923], [88.17289897956722, 77.4264325953705], [50.521936039279105, 36.18029842229785], [60.96215446122651, 72.19251289896143], [36.97952023462664, 71.06143968587782], [6.549254494011958, 51.04919395731539], [26.262227618913258, 98.407222575557], [85.94654834100741, 43.48705139866475], [32.81899887724264, 39.64830170090905], [61.405022604501625, 69.78790052763391], [75.09094913331539, 94.21601594010625], [59.97495165213769, 14.28249261923259], [68.1692478112985, 85.9333896742915], [87.09781883395215, 33.00437440849291], [49.20091978237656, 73.09735327729469], [36.384480337802195, 63.60571853720275], [93.63035543134154, 7.9591894878579765], [43.221414917074384, 83.01545827962717], [64.42075436617345, 4.206720158090526], [3.227669525138044, 5.5598198709278845], [51.39507352951398, 10.558816318344], [40.724233597432125, 15.326750444271141], [82.10724183482506, 61.05009231449567], [50.86855018945647, 9.368996888483627], [93.64611304076514, 57.18531868583005], [12.58677153954617, 22.544095764607853], [42.744274012295314, 77.73094903682964], [8.355040166434458, 50.4081256969997], [4.987167680584104, 43.04236079937027], [29.04522429919707, 44.0963104686066], [67.55097063575165, 90.21241250869407], [82.65927933420437, 97.49839300003414], [58.815949683522696, 38.2805538699023], [43.8096133436377, 79.09546912175088], [81.07885565534923, 2.659487438718222], [3.1337536101733288, 19.251951637996044], [26.975455384307246, 96.76688583194681], [77.37697219654565, 68.12543210330996], [78.4061936424361, 60.034778826596536], [28.624450698811867, 56.41274528489203], [71.32817598431951, 85.21533392282471], [67.70476887231041, 8.336818801563172], [68.18222785996235, 46.350240752838836], [97.50023411555304, 61.98774585034384], [50.57544629392776, 41.24555282924629], [67.05600070180493, 33.493728720567795], [0.8070448938937269, 61.414798817000026], [53.18812176672262, 21.99083300744085], [33.46495470489009, 62.659778700083365], [86.10760113938116, 57.94622486030927], [74.91872791870766, 96.97057250549655], [49.95746118739397, 19.3487798039787], [4.9658528619683455, 51.11712525089723]]","[[0.0, 26.096338573846417, 48.14201501037402, 40.049194908643024, 61.70773333715507, 89.28413941515127, 83.35593656883488, 13.354043191156459, 64.29567317008451, 38.5255742464154, 46.60452642265498, 52.38105678823278, 43.40567378437951, 21.336965063750778, 50.97796442040529, 60.4705038698336, 44.571002167883115, 60.82320260302583, 57.58461163054647, 103.80203128801202, 61.080472860496634, 66.45186080658328, 16.174195406692156, 62.282012593086485, 5.1874383922535126, 88.45358502063576, 58.77960754485389, 87.49139528160428, 91.32339994446212, 67.3005202127936, 47.15152642414051, 46.90680053372986, 39.63540603859721, 58.42832010665729, 51.95259731366196, 98.4630111118195, 81.86270955327475, 24.189144408560608, 18.985280297930327, 67.31273907238979, 40.88756241724938, 52.33421151183617, 28.31050440119624, 9.658393782137928, 46.61950983219844, 34.46475206094414, 95.43446258684588, 52.41191463723367, 63.18309393883108, 11.148527188128268, 49.15982836281469, 56.57725546752039, 90.86630081628105], [26.096338573846417, 0.0, 55.846562960974246, 27.709538657849716, 51.58754851764935, 85.7798231361736, 65.36914238782389, 34.01232472473941, 67.01672500515966, 27.836421784788275, 21.284443160902196, 69.15404101851603, 21.737395860690917, 44.43506555500773, 39.211683084107136, 53.600862329745695, 69.68128655443483, 45.2976062007677, 76.97590962849054, 111.26770435104088, 76.31439281948224, 78.15207207626293, 17.463582610465846, 77.61075308004219, 20.968041502693726, 93.40949393602553, 45.42964557070812, 84.26671640195639, 90.01183413873488, 67.87472986386526, 24.26407243150617, 20.81546531019944, 48.93087259756966, 44.39467079888602, 75.10273988839377, 103.03361820210348, 64.18084008480429, 14.24993492117325, 19.946381976570468, 63.14738907530825, 18.558331732013116, 72.05774825974682, 36.95073248592016, 18.03752281079798, 52.17877450745306, 48.74429056437753, 88.82097092675718, 65.55181414961478, 56.66580303873207, 19.58938356788739, 23.61453906679334, 69.52289866946663, 87.26736031622694], [48.14201501037402, 55.846562960974246, 0.0, 37.49503636764722, 37.41779044352995, 46.41853914884378, 66.78864830356005, 36.17031650104001, 18.039429894081177, 35.325804908829966, 63.02206686726308, 23.851067128447458, 52.79012883019004, 36.71350835252772, 36.94068249393677, 30.854842767226216, 51.52442927361221, 47.40073636049707, 34.8638330924958, 56.34147097676375, 25.636355323643045, 23.0405172774145, 40.201221255560746, 26.813541938845233, 47.967754985270005, 40.31157065339168, 42.27231473549652, 44.50256370716268, 46.048919960698804, 22.889132659056408, 56.65207297119141, 69.22945584576041, 8.555801264410658, 43.436933042442284, 45.3582418687039, 50.32105681306575, 65.00131787265545, 41.73349413727333, 36.69561359942477, 29.81361719556476, 53.26663427689537, 32.718635386552506, 20.379245182249047, 53.60023164963563, 5.0655370450193296, 16.7509089612128, 55.75258210852428, 14.437779437733719, 31.49767432721545, 41.714447309314146, 65.50313639146273, 16.84098129139852, 47.94231440143063], [40.049194908643024, 27.709538657849716, 37.49503636764722, 0.0, 24.009291348564098, 58.37639607504274, 43.48903225285756, 38.05553123377794, 43.02514251838987, 2.445054774165456, 26.165961191772837, 57.91843418277878, 15.516245973541974, 47.103961091949586, 11.795989881364132, 26.034498319122108, 72.06338315024652, 20.781481811610956, 68.07370952068906, 88.16567660378712, 62.37180125461786, 60.35965855140722, 23.901218724538772, 63.62919935936531, 35.96466358218357, 69.31913874801081, 19.04115130197736, 56.93916051532818, 63.110462781716244, 42.52160653097835, 19.186695404016998, 33.33395859245437, 33.97980518096629, 18.489469202882013, 72.38455150505838, 78.4017026066151, 41.94038053230454, 16.911161624267706, 21.26276089151917, 35.9823310887402, 16.644767034620912, 64.21068850088012, 26.831930410564876, 37.936374831320684, 32.64349926262767, 39.1756411420375, 61.11298002789851, 50.80004181362371, 29.102732101064447, 28.90069569273657, 28.438322393191108, 53.977434187490864, 59.83107685234538], [61.70773333715507, 51.58754851764935, 37.41779044352995, 24.009291348564098, 0.0, 36.421024864009425, 29.370941470444823, 56.19712386755285, 31.68746086432196, 24.45868083131936, 44.59389436024496, 61.258784644117405, 34.55392890489999, 62.929993421406685, 12.389816425494683, 7.479428475867224, 84.80100888868509, 13.485540766557145, 72.26738444001882, 73.68615626220334, 62.19626685864181, 55.86034785989111, 46.22486704162052, 63.236561033913866, 58.340804539058894, 54.304132900508975, 8.815596468735347, 35.29759535573946, 42.52739591828407, 28.10820602057534, 36.074552522362545, 52.77833733578897, 39.38802008170301, 10.54494195594434, 81.38537003523483, 61.88504641818217, 27.583532679804616, 40.50400308044194, 42.869062496664334, 16.863909232493285, 37.15054338608774, 69.84567967260745, 39.80266719530753, 61.19713006733212, 32.76944177823961, 48.12408528445639, 37.43668858658621, 51.678266257839255, 9.107144348424095, 50.8485712021972, 45.941992154895466, 53.31628403625381, 37.71804047042451], [89.28413941515127, 85.7798231361736, 46.41853914884378, 58.37639607504274, 36.421024864009425, 0.0, 51.29701925092015, 79.75660643673035, 28.63703570906853, 57.96804653358877, 81.00208901084879, 64.85441730611372, 70.8091144362273, 82.54505878473314, 48.01339272817404, 32.36984724516451, 97.15897604254197, 48.648632096069555, 74.45352811710575, 45.61048214475212, 60.42034563217517, 49.437052574580555, 76.21697592364265, 60.839451005387104, 87.31274131189, 29.13747132218262, 44.96660418635254, 1.9162020794035706, 8.157787226439199, 23.545939061404187, 72.49115159480111, 89.1642527747797, 53.80376934486206, 46.636122182296795, 88.86070642429065, 31.98015424292096, 50.0733165783378, 72.85714449639461, 72.4165757214699, 22.717437582702004, 73.23683355791813, 74.59453016354475, 61.811840023945344, 91.60640049491333, 45.1045113461053, 63.00206898454147, 11.849841146564275, 54.950634951515475, 29.313147151250437, 79.85674396205734, 82.35992899544975, 53.75117362280049, 1.5848581605323795], [83.35593656883488, 65.36914238782389, 66.78864830356005, 43.48903225285756, 29.370941470444823, 51.29701925092015, 0.0, 81.10760347930979, 59.123616530851635, 45.321977382742595, 49.00826723923306, 90.62846104819863, 43.72407630417912, 89.3224591401701, 34.15806027960683, 36.243684738677466, 112.77992434110413, 22.902411269461783, 101.63566214289392, 95.66206696267375, 91.37287576462907, 84.32979584037946, 67.18795125703191, 92.37573677079841, 78.99261595136059, 77.08587489620164, 26.441749956496366, 51.230661362267654, 59.31185458975094, 54.38216844160742, 42.094123247105166, 56.40437406243035, 68.37368726271383, 26.093190054741406, 110.3290147382782, 82.46504245540434, 1.788686243522488, 59.41131161186119, 64.74131317736332, 42.06086329113302, 46.9570615381707, 99.14717273603824, 66.83723346085148, 80.00769872052085, 62.1175425344996, 76.66742206961298, 44.904406722467485, 81.02140686439064, 36.46586103611434, 72.23960871930026, 48.677705213451645, 82.53303258291056, 51.86413869683014], [13.354043191156459, 34.01232472473941, 36.17031650104001, 38.05553123377794, 56.19712386755285, 79.75660643673035, 81.10760347930979, 0.0, 53.26605402380386, 35.9725054782173, 51.87746984582876, 39.08235008377332, 46.0187358271881, 10.545707213278934, 47.19121947473347, 53.489806058590524, 36.34927596740853, 58.205944512908616, 44.79178751307241, 90.99938353589567, 47.72916380111987, 53.27344836416175, 17.977782973981117, 48.93370615312007, 15.713873591077991, 76.29065632861133, 55.12786076591773, 77.89957259348664, 80.96060194099611, 56.90458570559503, 50.216099509746314, 54.11128495150437, 27.625658363748023, 55.1677505768937, 41.116716928586776, 86.28614623183044, 79.47534562205892, 26.08615416351674, 18.184725238765434, 58.761351588793914, 44.21477550293444, 39.60178493218352, 17.993580394994567, 21.81200014146634, 35.4420537760106, 21.370991747168528, 87.00654673481019, 39.18165280773644, 55.87406502807106, 14.460070373196299, 54.60860603651602, 43.33440376570574, 81.33935743082424], [64.29567317008451, 67.01672500515966, 18.039429894081177, 43.02514251838987, 31.68746086432196, 28.63703570906853, 59.123616530851635, 53.26605402380386, 0.0, 41.5398142746369, 69.02574313792336, 37.16005976152878, 58.240445297091185, 54.68392877034164, 37.245219611404764, 24.221281541518866, 68.5727418060638, 44.597315268845534, 47.48448854350675, 45.140573393541246, 34.51476074535681, 25.574021809456458, 53.734230573382895, 35.25085250736511, 63.30469794724249, 26.49333659159664, 39.35478515528442, 26.725626058728274, 28.038018206056268, 5.833194370447236, 61.343615511443645, 76.35893280648774, 26.032905818470763, 40.94963521054684, 60.80449125489179, 36.01700823853853, 57.41671928705319, 52.880619722910446, 49.93796928346066, 17.28122689804532, 59.65996267998593, 46.87670967020616, 35.99269302427993, 68.43035113792244, 17.828141687469234, 34.7857882260188, 38.71105261468416, 26.957139461514583, 23.020541536089027, 56.3426048652324, 71.12123392882914, 26.566849259941087, 30.121946427297058], [38.5255742464154, 27.836421784788275, 35.325804908829966, 2.445054774165456, 24.45868083131936, 57.96804653358877, 45.321977382742595, 35.9725054782173, 41.5398142746369, 0.0, 28.00066798412418, 55.52382740776085, 17.505186729455488, 44.868113085415075, 12.644864696596729, 25.772987981266436, 69.72274797109417, 22.485814919912954, 65.65048253227799, 86.65939508307954, 60.068989476725854, 58.255574002471995, 22.470673630978656, 61.33075222031713, 34.616657574045, 67.93525392259859, 20.28091609471738, 56.47898998003876, 62.43635358965426, 41.3184504322355, 21.329167045791927, 34.922984153635326, 31.6135444390631, 19.905508287694854, 69.95200891145822, 77.1325023604541, 43.740836149074866, 16.05823698394906, 19.60008162167566, 35.404246528227965, 18.343246009429183, 61.77315151700613, 24.397836108837428, 36.928399735395914, 30.52777972932515, 36.73146417741926, 61.17371768065067, 48.498217729188646, 28.83500502901474, 27.39420867413402, 30.356513093161396, 51.72186734616139, 59.44726848780258], [46.60452642265498, 21.284443160902196, 63.02206686726308, 26.165961191772837, 44.59389436024496, 81.00208901084879, 49.00826723923306, 51.87746984582876, 69.02574313792336, 28.00066798412418, 0.0, 81.35023989110066, 10.794065362520952, 62.37812099608965, 33.410949289987336, 49.34755347240871, 88.22669491427507, 33.780463334091095, 90.6395409495389, 114.12384526250277, 86.9483845116527, 86.04991195345106, 33.89995358718197, 88.23684747622089, 41.4193994013697, 95.09803551239351, 36.305162472991704, 79.82989911798641, 86.79448804178342, 68.06022077578952, 8.536985192662504, 8.249461872948388, 58.25505578143392, 34.7441060450927, 91.75212769054511, 103.91077386030098, 48.18306420222712, 26.190541544430047, 34.3416338686037, 59.901775841748616, 9.755549115606948, 86.19624214551818, 48.36179136375022, 39.25350234557187, 58.36848329061667, 61.25158415477232, 81.20356072124378, 75.47324622876471, 52.23523256293496, 37.905993805661836, 2.759935147552526, 78.97338325657867, 82.3106524436909], [52.38105678823278, 69.15404101851603, 23.851067128447458, 57.91843418277878, 61.258784644117405, 64.85441730611372, 90.62846104819863, 39.08235008377332, 37.16005976152878, 55.52382740776085, 81.35023989110066, 0.0, 72.11794186149996, 32.956923125397864, 59.793541431812585, 54.67440856367455, 34.244274938046225, 70.74532890308798, 11.013008329282085, 57.41375313176549, 9.353078305717125, 19.27902020401766, 51.74018409309201, 10.347414551259215, 54.538056380473535, 48.10294898356118, 65.74650465008673, 63.00536982719248, 62.054704929127986, 42.959420024982826, 76.30693807289163, 86.25233213412183, 24.02603232650261, 66.79850361905008, 24.092924554794752, 57.05801712104078, 88.84054185787147, 56.58526708706087, 49.32527115491089, 52.514875032668485, 71.8356713488322, 9.751979870949198, 33.1013572699358, 60.69545295822051, 28.554462293446207, 20.474687987489293, 75.64585565430771, 10.27032479691104, 55.16467843368214, 50.88650982768975, 84.02758478251336, 11.225746347105572, 66.2026518412692], [43.40567378437951, 21.737395860690917, 52.79012883019004, 15.516245973541974, 34.55392890489999, 70.8091144362273, 43.72407630417912, 46.0187358271881, 58.240445297091185, 17.505186729455488, 10.794065362520952, 72.11794186149996, 0.0, 56.21184446330492, 22.90330322459651, 38.8432277462908, 82.02587333246399, 25.117895806418556, 81.81258896599276, 103.33111493269428, 77.21851611774726, 75.75306138076255, 28.520977628683845, 78.49471562380413, 38.41252722066104, 84.30666789090984, 26.71533876055261, 69.56855479912731, 76.36501560003339, 57.280279435755354, 4.323459619695872, 18.539425974372666, 48.56209371585138, 25.301164970825074, 84.26862267906718, 93.14520752337663, 42.59452046350533, 20.04758192911439, 27.848394994864403, 49.34834773154127, 3.2395109607038526, 77.5979610034382, 39.58315104965196, 37.8642392730097, 48.02649907834234, 52.451476242983766, 71.68561696402475, 65.6740792905152, 41.78575029593568, 33.242531709365025, 12.937344649106295, 69.03027917962078, 72.15844650157543], [21.336965063750778, 44.43506555500773, 36.71350835252772, 47.103961091949586, 62.929993421406685, 82.54505878473314, 89.3224591401701, 10.545707213278934, 54.68392877034164, 44.868113085415075, 62.37812099608965, 32.956923125397864, 56.21184446330492, 0.0, 55.16903037302266, 59.23077716786104, 25.883108818397975, 66.53004832887642, 36.654524184628414, 88.24627764868131, 42.17213653885502, 49.62869932518094, 28.486280059834073, 43.25726502020669, 25.051910569109584, 75.24170119167245, 62.98970881208213, 80.64313827718934, 82.721945115027, 59.10274763306969, 60.45526360671634, 64.64657041929516, 28.769813908870027, 63.231777979416385, 30.936064438673824, 85.08286185220537, 87.63764288134001, 36.441508653603314, 28.393434302247282, 62.98481251980265, 54.54049806347724, 31.37799685186585, 23.149767393570706, 30.793604268211023, 37.44062923770137, 20.047791441573086, 90.84739887440786, 35.65341006669576, 61.28561918088218, 24.961499054412048, 65.11531889276826, 39.57121971985562, 84.10547887921526], [50.97796442040529, 39.211683084107136, 36.94068249393677, 11.795989881364132, 12.389816425494683, 48.01339272817404, 34.15806027960683, 47.19121947473347, 37.245219611404764, 12.644864696596729, 33.410949289987336, 59.793541431812585, 22.90330322459651, 55.16903037302266, 0.0, 15.948424689472056, 78.84767044082535, 11.581160791192952, 70.55184403205155, 81.69980512725103, 62.57701587349878, 58.389183590533065, 35.04229626787091, 63.750171758152405, 47.207711749411004, 62.419770078813876, 7.947231232516665, 46.7245859242268, 53.461747518827416, 35.3173122477068, 25.0928200650258, 41.41101983107994, 36.12005427701533, 8.064959937898236, 77.31555949105365, 70.86262115413719, 32.468724013511576, 28.611360153028755, 31.993419206472897, 26.49088944914912, 25.22817714286673, 67.35220305769855, 32.797836586154986, 49.5605401729637, 31.88144468046034, 43.44250214558913, 49.784025605005866, 51.26182003944997, 18.882890667869734, 39.89561155184181, 35.090401132716124, 53.7538975825377, 49.39505612452952], [60.4705038698336, 53.600862329745695, 30.854842767226216, 26.034498319122108, 7.479428475867224, 32.36984724516451, 36.243684738677466, 53.489806058590524, 24.221281541518866, 25.772987981266436, 49.34755347240871, 54.67440856367455, 38.8432277462908, 59.23077716786104, 15.948424689472056, 0.0, 79.83499489863252, 20.578670299849254, 65.68313078588521, 66.84833921080053, 55.12977183867375, 48.473623946150106, 45.794127836479475, 56.13742294288399, 57.62044874921179, 47.45932794262342, 15.490936454898797, 30.981058295288467, 37.531892085920504, 20.844224197297585, 40.978851638189795, 57.359135317758124, 33.8309737139486, 17.177455379824366, 75.57797476868271, 55.433450786187, 34.47017213367948, 41.2409044458145, 42.173166818175154, 10.580969908588992, 41.085731617569415, 63.52646497226984, 36.17800797514588, 61.13716705440389, 26.483212140055567, 42.98225322335443, 35.64483191131427, 44.87940577733753, 3.068946414761957, 50.04416660238446, 50.97157754035173, 46.29149419903976, 33.80968965749282], [44.571002167883115, 69.68128655443483, 51.52442927361221, 72.06338315024652, 84.80100888868509, 97.15897604254197, 112.77992434110413, 36.34927596740853, 68.5727418060638, 69.72274797109417, 88.22669491427507, 34.244274938046225, 82.02587333246399, 25.883108818397975, 78.84767044082535, 79.83499489863252, 0.0, 90.41296792337496, 29.44964890210262, 90.43452102827953, 42.315211177360624, 53.416651729127786, 54.327029275543026, 42.78503879221998, 49.22613172002949, 82.34550370923753, 86.3567699300137, 95.25645163881067, 95.33332913461562, 74.00763930928724, 86.28862618347708, 90.2088325848643, 46.16739093302185, 86.8474330209069, 13.624499566457153, 91.1984726744843, 111.03910405899366, 62.322942942696265, 54.255341738410515, 81.07721455175317, 80.41081432894218, 25.928336667213827, 46.05952685514233, 54.166972073809205, 54.421569118556995, 36.853887489897744, 107.11521436229928, 42.80725737120154, 81.31438928467159, 50.549931132138106, 90.95686511134996, 45.13362891694064, 98.61035156210026], [60.82320260302583, 45.2976062007677, 47.40073636049707, 20.781481811610956, 13.485540766557145, 48.648632096069555, 22.902411269461783, 58.205944512908616, 44.597315268845534, 22.485814919912954, 33.780463334091095, 70.74532890308798, 25.117895806418556, 66.53004832887642, 11.581160791192952, 20.578670299849254, 90.41296792337496, 0.0, 81.61022728425077, 87.17152970881148, 72.9162098536278, 67.73475535471697, 44.66077515067803, 74.04241995850289, 56.655505401508755, 67.78839914978975, 5.306006160967576, 47.73784899224242, 55.31461094419073, 41.420579990754106, 25.371705335737797, 42.013099717820126, 47.37511147352782, 3.9638734070198565, 88.8271797877035, 75.31802817582354, 21.284570958020346, 37.260098934418494, 42.024757965699344, 30.344286168395623, 28.19272016916318, 78.58965463209537, 44.355161583028305, 58.20957742150145, 42.41234229355297, 54.958977228932255, 47.59797552085246, 61.83316371525548, 22.57304159870778, 49.67586368576415, 34.6332912756003, 64.02202954825383, 49.80955408517358], [57.58461163054647, 76.97590962849054, 34.8638330924958, 68.07370952068906, 72.26738444001882, 74.45352811710575, 101.63566214289392, 44.79178751307241, 47.48448854350675, 65.65048253227799, 90.6395409495389, 11.013008329282085, 81.81258896599276, 36.654524184628414, 70.55184403205155, 65.68313078588521, 29.44964890210262, 81.61022728425077, 0.0, 61.20804286362241, 14.491980088573985, 26.175946403310107, 59.53134298073869, 14.502114986738428, 60.50498732849992, 54.98200723696425, 76.65299754572732, 72.64939216881007, 70.9968887369868, 53.31610959794767, 86.06263632146646, 95.0577719845028, 34.53172424526271, 77.67331495174516, 16.729801781501653, 63.106698946703744, 99.84755723307944, 65.21859640627045, 57.553146277542275, 63.29963993409595, 81.30257054666053, 5.276596069563459, 42.31105069558603, 66.58001885354533, 39.54197366416183, 29.405329343302313, 85.553891183672, 21.03441715267321, 66.14394594808472, 57.95044166013215, 93.35598401302967, 20.939647081432973, 75.73289522292117], [103.80203128801202, 111.26770435104088, 56.34147097676375, 88.16567660378712, 73.68615626220334, 45.61048214475212, 95.66206696267375, 90.99938353589567, 45.140573393541246, 86.65939508307954, 114.12384526250277, 57.41375313176549, 103.33111493269428, 88.24627764868131, 81.69980512725103, 66.84833921080053, 90.43452102827953, 87.17152970881148, 61.20804286362241, 0.0, 48.42611665209229, 38.74771283640058, 96.44250755564437, 47.792921442645714, 104.11862011991954, 19.39222571415506, 82.28143116934521, 45.14045264684544, 37.52381521395948, 46.38542057690669, 106.31814758573557, 121.49930808805367, 64.50351404690058, 83.99039156253487, 77.90519308812549, 13.692453853339826, 94.24800376894258, 97.01842567609935, 92.84035567401145, 56.84203125453624, 104.79828194617005, 64.5368736714592, 76.7004112387641, 109.87004716842719, 59.289826291865246, 69.67323104620783, 55.90740645631444, 52.59301266210099, 64.61190844831086, 98.04804175552462, 116.17027825915075, 48.72174919718219, 45.59045245219901], [61.080472860496634, 76.31439281948224, 25.636355323643045, 62.37180125461786, 62.19626685864181, 60.42034563217517, 91.37287576462907, 47.72916380111987, 34.51476074535681, 60.068989476725854, 86.9483845116527, 9.353078305717125, 77.21851611774726, 42.17213653885502, 62.57701587349878, 55.12977183867375, 42.315211177360624, 72.9162098536278, 14.491980088573985, 48.42611665209229, 0.0, 11.687601151874292, 59.09827606397091, 1.3011137933703485, 62.92202367062338, 40.616883518428324, 67.72689086498036, 58.655024762170335, 56.64692743065551, 40.30234825040342, 81.27550921011009, 92.39015401107153, 28.697807159617838, 68.95514472268371, 30.71687350695943, 49.03800161143119, 89.59993861392921, 63.15832733122208, 56.369064883788134, 51.19652396176253, 77.27175547573584, 16.460359508206853, 39.532703089523814, 69.06967949449204, 30.697680474180107, 27.771835495578607, 71.7319984187109, 11.57177719975397, 55.09990419382372, 58.74117858358747, 89.55642870933458, 8.906749537570208, 61.64940352723677], [66.45186080658328, 78.15207207626293, 23.0405172774145, 60.35965855140722, 55.86034785989111, 49.437052574580555, 84.32979584037946, 53.27344836416175, 25.574021809456458, 58.255574002471995, 86.04991195345106, 19.27902020401766, 75.75306138076255, 49.62869932518094, 58.389183590533065, 48.473623946150106, 53.416651729127786, 67.73475535471697, 26.175946403310107, 38.74771283640058, 11.687601151874292, 0.0, 61.66990645815477, 11.764437366517756, 67.47492170464459, 29.048353559745138, 62.43688465368176, 47.73329627205833, 45.224915010432234, 31.04974786020173, 79.54581197618198, 92.25360102054154, 29.226482556787857, 63.84331640779518, 42.29604087251169, 37.79485930763235, 82.59252117665763, 64.27382073400857, 58.4699744712454, 42.83063994662314, 76.29557910035597, 27.871283215680645, 41.42943880680665, 73.4898818009609, 27.727796678838196, 31.99064017068687, 60.9712240060907, 14.13359489674591, 47.88645626798066, 62.25808902421405, 88.51540613166038, 10.07120707255998, 50.59261528742275], [16.174195406692156, 17.463582610465846, 40.201221255560746, 23.901218724538772, 46.22486704162052, 76.21697592364265, 67.18795125703191, 17.977782973981117, 53.734230573382895, 22.470673630978656, 33.89995358718197, 51.74018409309201, 28.520977628683845, 28.486280059834073, 35.04229626787091, 45.794127836479475, 54.327029275543026, 44.66077515067803, 59.53134298073869, 96.44250755564437, 59.09827606397091, 61.66990645815477, 0.0, 60.388670130637784, 12.168895755494924, 79.47205521676615, 42.751540519477736, 74.51602984877049, 79.19459723918334, 55.70465352041327, 32.59334211660298, 36.45248096171432, 32.57201515192351, 42.33608357140313, 58.39966023782417, 89.35265192696666, 65.69020639633993, 8.510927327736189, 3.8377883215591173, 53.68346053647608, 26.460294076189932, 54.645406320066805, 20.248250545043803, 15.42152409808576, 37.235385243820865, 31.39893364694207, 81.30101495963743, 48.599807027693785, 48.66891397484624, 5.06328625881513, 36.632712559600336, 52.65555868830692, 77.77825999177476], [62.282012593086485, 77.61075308004219, 26.813541938845233, 63.62919935936531, 63.236561033913866, 60.839451005387104, 92.37573677079841, 48.93370615312007, 35.25085250736511, 61.33075222031713, 88.23684747622089, 10.347414551259215, 78.49471562380413, 43.25726502020669, 63.750171758152405, 56.13742294288399, 42.78503879221998, 74.04241995850289, 14.502114986738428, 47.792921442645714, 1.3011137933703485, 11.764437366517756, 60.388670130637784, 0.0, 64.15855760321494, 40.48552589502053, 68.84301246267148, 59.08983523280097, 56.912184090934886, 41.015166236462576, 82.546720111032, 93.68799772938526, 29.98398382150215, 70.08287607889568, 30.94640646988017, 48.74713939347058, 90.60502729507769, 64.4594067336957, 57.66578939322551, 52.037623171454264, 78.5573874896097, 16.86782888044572, 40.83351359157186, 70.30822631879316, 31.877903452676208, 29.05230180312234, 72.21440168581346, 12.833205340672846, 56.06061506870887, 60.01281354242698, 90.84298046294938, 10.021284858244805, 62.04807687353048], [5.1874383922535126, 20.968041502693726, 47.967754985270005, 35.96466358218357, 58.340804539058894, 87.31274131189, 78.99261595136059, 15.713873591077991, 63.30469794724249, 34.616657574045, 41.4193994013697, 54.538056380473535, 38.41252722066104, 25.051910569109584, 47.207711749411004, 57.62044874921179, 49.22613172002949, 56.655505401508755, 60.50498732849992, 104.11862011991954, 62.92202367062338, 67.47492170464459, 12.168895755494924, 64.15855760321494, 0.0, 88.15118360004617, 54.89189505746882, 85.55990566183577, 89.7799078310829, 65.9135567414701, 42.092105952567834, 41.783423454261886, 39.629918145735985, 54.44016342909402, 55.955359273083104, 98.13983668866757, 77.53500532073987, 19.605382561847016, 15.504017749002452, 65.02625195542814, 35.82976512121761, 55.30939593061419, 27.67324271412913, 6.157723274846331, 45.9255753320504, 35.61355794189397, 92.93535966767114, 53.62369700138963, 60.42964116305277, 7.5768159469310445, 43.97250703570525, 57.79534561989332, 88.88763421839315], [88.45358502063576, 93.40949393602553, 40.31157065339168, 69.31913874801081, 54.304132900508975, 29.13747132218262, 77.08587489620164, 76.29065632861133, 26.49333659159664, 67.93525392259859, 95.09803551239351, 48.10294898356118, 84.30666789090984, 75.24170119167245, 62.419770078813876, 47.45932794262342, 82.34550370923753, 67.78839914978975, 54.98200723696425, 19.39222571415506, 40.616883518428324, 29.048353559745138, 79.47205521676615, 40.48552589502053, 88.15118360004617, 0.0, 62.88929741604375, 28.183536231058845, 21.861675330324406, 27.11786543754726, 87.17834750249223, 102.60751932821037, 48.83413791157989, 64.59817086344096, 71.32014606547214, 10.009883162326572, 75.60460824688374, 79.21760109720655, 75.74792170358788, 37.473891886797546, 85.89666284803138, 56.91959547185192, 60.47799023343929, 93.62744073578484, 42.342459847471126, 55.55890016370829, 40.6164192862141, 40.605119627311886, 45.223517661336906, 81.60038682234713, 97.0802411725256, 37.507045855998975, 29.571885559000407], [58.77960754485389, 45.42964557070812, 42.27231473549652, 19.04115130197736, 8.815596468735347, 44.96660418635254, 26.441749956496366, 55.12786076591773, 39.35478515528442, 20.28091609471738, 36.305162472991704, 65.74650465008673, 26.71533876055261, 62.98970881208213, 7.947231232516665, 15.490936454898797, 86.3567699300137, 5.306006160967576, 76.65299754572732, 82.28143116934521, 67.72689086498036, 62.43688465368176, 42.751540519477736, 68.84301246267148, 54.89189505746882, 62.88929741604375, 0.0, 43.92215932493367, 51.27277281805765, 36.317390801886276, 27.76975202927974, 44.54166016985063, 42.598502763686966, 1.731144983257759, 84.2927309809374, 70.63134193330684, 24.718869929470465, 35.9400854072651, 39.811141051421295, 25.570201829729804, 29.547512062236315, 73.74667188942132, 40.396018966736904, 56.9742364003286, 37.31636900515571, 50.477635799776756, 44.999421597675635, 56.710091614168476, 17.698755383585713, 47.66354424790134, 37.488112721127095, 58.82608055578966, 46.211521519207025], [87.49139528160428, 84.26671640195639, 44.50256370716268, 56.93916051532818, 35.29759535573946, 1.9162020794035706, 51.230661362267654, 77.89957259348664, 26.725626058728274, 56.47898998003876, 79.82989911798641, 63.00536982719248, 69.56855479912731, 80.64313827718934, 46.7245859242268, 30.981058295288467, 95.25645163881067, 47.73784899224242, 72.64939216881007, 45.14045264684544, 58.655024762170335, 47.73329627205833, 74.51602984877049, 59.08983523280097, 85.55990566183577, 28.183536231058845, 43.92215932493367, 0.0, 8.099201047516827, 21.631521696935625, 71.33399913586692, 87.96938804477604, 51.89779752275787, 45.606912107127734, 86.99819420416691, 31.59064759224675, 49.958527841956574, 71.25959617808938, 70.70952237001684, 21.140114941157545, 71.95246749913264, 72.74878116746068, 59.964646397161914, 89.89412220563534, 43.203187788951006, 61.089275596060645, 13.346126247148833, 53.0805777058064, 27.939413190625793, 78.11711513393004, 81.23291192599353, 51.91766945951536, 3.4625526641743916], [91.32339994446212, 90.01183413873488, 46.048919960698804, 63.110462781716244, 42.52739591828407, 8.157787226439199, 59.31185458975094, 80.96060194099611, 28.038018206056268, 62.43635358965426, 86.79448804178342, 62.054704929127986, 76.36501560003339, 82.721945115027, 53.461747518827416, 37.531892085920504, 95.33332913461562, 55.31461094419073, 70.9968887369868, 37.52381521395948, 56.64692743065551, 45.224915010432234, 79.19459723918334, 56.912184090934886, 89.7799078310829, 21.861675330324406, 51.27277281805765, 8.099201047516827, 0.0, 24.081131579925195, 78.35332295744267, 94.85998298424997, 54.038991266986244, 52.98121277364325, 86.14360939565671, 23.8624959252379, 58.050059311921856, 76.61229838542667, 75.35977470507127, 27.156736360882533, 78.61099824342584, 71.67964944533408, 63.28157473437112, 94.4330189919322, 45.62367440057134, 62.79901597312276, 18.84197190379646, 52.59751702493578, 34.580737974961565, 82.47817825637318, 88.31010777458647, 50.830237836093254, 8.074792583660345], [67.3005202127936, 67.87472986386526, 22.889132659056408, 42.52160653097835, 28.10820602057534, 23.545939061404187, 54.38216844160742, 56.90458570559503, 5.833194370447236, 41.3184504322355, 68.06022077578952, 42.959420024982826, 57.280279435755354, 59.10274763306969, 35.3173122477068, 20.844224197297585, 74.00763930928724, 41.420579990754106, 53.31610959794767, 46.38542057690669, 40.30234825040342, 31.04974786020173, 55.70465352041327, 41.015166236462576, 65.9135567414701, 27.11786543754726, 36.317390801886276, 21.631521696935625, 24.081131579925195, 0.0, 60.078177138681944, 75.67198501420582, 30.333465260736414, 37.985895938934526, 66.51698350735869, 35.897722476116414, 52.71122700588884, 53.97551798128692, 51.87041611653823, 12.323620288153519, 58.979844803415155, 52.662146090772694, 39.201852627669695, 70.75444741481817, 21.71813247636077, 39.46180257480513, 33.12589341888814, 32.73425777245543, 19.082357549319067, 58.71911936761884, 70.00047085752318, 32.40002971703516, 25.082024818966612], [47.15152642414051, 24.26407243150617, 56.65207297119141, 19.186695404016998, 36.074552522362545, 72.49115159480111, 42.094123247105166, 50.216099509746314, 61.343615511443645, 21.329167045791927, 8.536985192662504, 76.30693807289163, 4.323459619695872, 60.45526360671634, 25.0928200650258, 40.978851638189795, 86.28862618347708, 25.371705335737797, 86.06263632146646, 106.31814758573557, 81.27550921011009, 79.54581197618198, 32.59334211660298, 82.546720111032, 42.092105952567834, 87.17834750249223, 27.76975202927974, 71.33399913586692, 78.35332295744267, 60.078177138681944, 0.0, 16.77338676141256, 52.66135711045938, 26.215233669382243, 88.59186396849464, 95.83822231397201, 41.101503116862155, 24.17405655037126, 32.070632066981766, 51.55280262838024, 6.264030223315001, 81.87573815723889, 43.86671399618694, 41.15325249548998, 51.825879380349974, 56.72084348714298, 72.69150003797341, 69.7171093583231, 43.82926090901313, 37.22170604645914, 9.997828460367407, 73.01497116905722, 73.79253656385569], [46.90680053372986, 20.81546531019944, 69.22945584576041, 33.33395859245437, 52.77833733578897, 89.1642527747797, 56.40437406243035, 54.11128495150437, 76.35893280648774, 34.922984153635326, 8.249461872948388, 86.25233213412183, 18.539425974372666, 64.64657041929516, 41.41101983107994, 57.359135317758124, 90.2088325848643, 42.013099717820126, 95.0577719845028, 121.49930808805367, 92.39015401107153, 92.25360102054154, 36.45248096171432, 93.68799772938526, 41.783423454261886, 102.60751932821037, 44.54166016985063, 87.96938804477604, 94.85998298424997, 75.67198501420582, 16.77338676141256, 0.0, 63.83773836903411, 42.98795360154378, 94.85207297193291, 111.56529400985949, 55.68862857370524, 29.844155215670757, 37.704258709563824, 67.88072741087116, 16.711296880254054, 90.40698920273996, 53.15748769167072, 38.487140707148455, 64.75920297406807, 65.87912684308655, 89.45285938435656, 81.05517099113672, 60.2810967225638, 39.70220306009636, 7.758526322079603, 84.71582468937041, 90.48475294221603], [39.63540603859721, 48.93087259756966, 8.555801264410658, 33.97980518096629, 39.38802008170301, 53.80376934486206, 68.37368726271383, 27.625658363748023, 26.032905818470763, 31.6135444390631, 58.25505578143392, 24.02603232650261, 48.56209371585138, 28.769813908870027, 36.12005427701533, 33.8309737139486, 46.16739093302185, 47.37511147352782, 34.53172424526271, 64.50351404690058, 28.697807159617838, 29.226482556787857, 32.57201515192351, 29.98398382150215, 39.629918145735985, 48.83413791157989, 42.598502763686966, 51.89779752275787, 54.038991266986244, 30.333465260736414, 52.66135711045938, 63.83773836903411, 0.0, 43.48617524410873, 42.005920487536265, 58.84381583863364, 66.59180207497647, 35.14581502107862, 29.274971594114337, 35.21793543712667, 48.57395789534301, 31.235210522963392, 12.363131208034952, 45.3707484357018, 8.757688904205068, 9.529540166985782, 62.45179200122728, 17.23448440882483, 35.1712887129143, 33.638859295329794, 60.858998959381076, 20.901791495448958, 55.35892423548489], [58.42832010665729, 44.39467079888602, 43.436933042442284, 18.489469202882013, 10.54494195594434, 46.636122182296795, 26.093190054741406, 55.1677505768937, 40.94963521054684, 19.905508287694854, 34.7441060450927, 66.79850361905008, 25.301164970825074, 63.231777979416385, 8.064959937898236, 17.177455379824366, 86.8474330209069, 3.9638734070198565, 77.67331495174516, 83.99039156253487, 68.95514472268371, 63.84331640779518, 42.33608357140313, 70.08287607889568, 54.44016342909402, 64.59817086344096, 1.731144983257759, 45.606912107127734, 52.98121277364325, 37.985895938934526, 26.215233669382243, 42.98795360154378, 43.48617524410873, 0.0, 85.03796633467886, 72.35863562758034, 24.406307437731762, 35.31443462022097, 39.49978839055972, 27.296430631293507, 28.190850199888462, 74.68443648360787, 40.820023509223525, 56.350305717047085, 38.44987202658593, 51.185088188092934, 46.49545134419296, 57.869645635597564, 19.420192635221436, 47.29069997789188, 35.878912060211995, 60.06215878191834, 47.87092493479766], [51.95259731366196, 75.10273988839377, 45.3582418687039, 72.38455150505838, 81.38537003523483, 88.86070642429065, 110.3290147382782, 41.116716928586776, 60.80449125489179, 69.95200891145822, 91.75212769054511, 24.092924554794752, 84.26862267906718, 30.936064438673824, 77.31555949105365, 75.57797476868271, 13.624499566457153, 88.8271797877035, 16.729801781501653, 77.90519308812549, 30.71687350695943, 42.29604087251169, 58.39966023782417, 30.94640646988017, 55.955359273083104, 71.32014606547214, 84.2927309809374, 86.99819420416691, 86.14360939565671, 66.51698350735869, 88.59186396849464, 94.85207297193291, 42.005920487536265, 85.03796633467886, 0.0, 79.69158550962078, 108.5512798323006, 65.57052578689569, 57.43750677109177, 75.10577426817233, 83.12967907284613, 14.52922188844938, 45.55441727920671, 61.558946682751746, 49.186811494470376, 33.87315893853802, 99.47738546062504, 33.935143411271405, 76.59711819101803, 55.5149674940653, 94.51205182517644, 35.31393030070737, 90.2293292480972], [98.4630111118195, 103.03361820210348, 50.32105681306575, 78.4017026066151, 61.88504641818217, 31.98015424292096, 82.46504245540434, 86.28614623183044, 36.01700823853853, 77.1325023604541, 103.91077386030098, 57.05801712104078, 93.14520752337663, 85.08286185220537, 70.86262115413719, 55.433450786187, 91.1984726744843, 75.31802817582354, 63.106698946703744, 13.692453853339826, 49.03800161143119, 37.79485930763235, 89.35265192696666, 48.74713939347058, 98.13983668866757, 10.009883162326572, 70.63134193330684, 31.59064759224675, 23.8624959252379, 35.897722476116414, 95.83822231397201, 111.56529400985949, 58.84381583863364, 72.35863562758034, 79.69158550962078, 0.0, 81.09865453001831, 88.8857277568074, 85.61062563669212, 45.06329129715128, 94.87701009938023, 65.48706847019581, 70.46716451778852, 103.59237785634785, 52.29180335444135, 65.48955556203806, 42.22699676380568, 50.12924538338142, 52.95489788584459, 91.55275066322832, 105.79823517442632, 46.823807694065174, 31.917798750051077], [81.86270955327475, 64.18084008480429, 65.00131787265545, 41.94038053230454, 27.583532679804616, 50.0733165783378, 1.788686243522488, 79.47534562205892, 57.41671928705319, 43.740836149074866, 48.18306420222712, 88.84054185787147, 42.59452046350533, 87.63764288134001, 32.468724013511576, 34.47017213367948, 111.03910405899366, 21.284570958020346, 99.84755723307944, 94.24800376894258, 89.59993861392921, 82.59252117665763, 65.69020639633993, 90.60502729507769, 77.53500532073987, 75.60460824688374, 24.718869929470465, 49.958527841956574, 58.050059311921856, 52.71122700588884, 41.101503116862155, 55.68862857370524, 66.59180207497647, 24.406307437731762, 108.5512798323006, 81.09865453001831, 0.0, 57.97107700107008, 63.20101678635131, 40.387818025225236, 45.83232675887069, 97.35889138749567, 65.11402459449998, 78.63417191622935, 60.328915035254305, 74.89954955665114, 43.98358516432185, 79.2373772590254, 34.71899132083556, 70.73651376675365, 47.94370521318492, 80.75726426576635, 50.67862709563563], [24.189144408560608, 14.24993492117325, 41.73349413727333, 16.911161624267706, 40.50400308044194, 72.85714449639461, 59.41131161186119, 26.08615416351674, 52.880619722910446, 16.05823698394906, 26.190541544430047, 56.58526708706087, 20.04758192911439, 36.441508653603314, 28.611360153028755, 41.2409044458145, 62.322942942696265, 37.260098934418494, 65.21859640627045, 97.01842567609935, 63.15832733122208, 64.27382073400857, 8.510927327736189, 64.4594067336957, 19.605382561847016, 79.21760109720655, 35.9400854072651, 71.259