instance_id,num_cities,city_coordinates,distance_matrix,best_route,total_distance
1988,46,"[[72.46080885417982, 18.3272866690227], [26.365349328846666, 37.14145681847095], [33.13009859687972, 91.45839583202813], [74.40166469950047, 62.30568800901264], [22.900620465609755, 87.91108057952415], [80.68077099824627, 7.020944402698226], [61.81842910720757, 6.582659406482816], [18.9001100251857, 13.03694686302398], [60.255466624031165, 62.242277046140394], [62.70804311652297, 54.18127950115023], [75.6624753783137, 12.783061680341879], [8.973235036985072, 68.22564031546851], [93.6268217757528, 16.23762556010745], [22.951328502180722, 37.53922882202731], [21.742423493307395, 69.8281561946315], [97.8975694846833, 9.936922661225612], [61.637877491917315, 19.989742361456376], [53.49570820292353, 45.37738327567759], [72.80434595907974, 49.10605220348362], [78.12786513716797, 72.75348284460826], [66.19786729396311, 82.91820597818364], [49.57816704260536, 82.6434735431021], [94.02344582178357, 2.4645389410926866], [23.978322627330872, 48.085528127573], [11.746379070111445, 67.5110248270807], [25.011252658569948, 39.526192842927045], [25.581965226664284, 23.01466194601689], [13.393395029078592, 66.59522216777846], [38.836805636622906, 72.59339526471908], [42.0684548282119, 10.997178016510867], [45.96360145176861, 20.10389962399962], [64.00571390067371, 90.20552796420776], [12.220907682916105, 55.12827661416525], [13.47557539747296, 97.13292419496885], [39.99339390174775, 41.5667732152319], [46.35658013467394, 54.87591445417033], [27.070763046442913, 19.353733014663455], [3.2887832369576375, 97.32588140836296], [85.76427393495385, 73.81800787692416], [86.58712098368993, 50.38927493000123], [41.288481090018216, 71.5162541480879], [63.43403742459203, 47.746054648318605], [82.95933197652418, 90.64525515232344], [44.385969532635485, 66.96418489201058], [94.68594003843623, 15.91923882785956], [40.17431646892719, 61.18911390863951]]","[[0.0, 49.78719099591799, 83.03652146348081, 44.02120745542476, 85.42901525880826, 13.978596249021605, 15.849180301036396, 53.82133549358606, 45.579565144671896, 37.15676575725968, 6.402272975816667, 80.74972276001648, 21.268915970173644, 53.106377828047926, 72.28204601080229, 26.784827786582255, 10.949867679636606, 33.03608283591812, 30.7806826689689, 54.72043820235616, 64.89384635070746, 68.26556372211628, 26.768901331145823, 56.88676828087512, 78.13630451464275, 51.96974125517982, 47.11260411864781, 76.28075100113924, 63.83873537668325, 31.263807767087442, 26.556700731043136, 72.37382263195478, 70.59149066329526, 98.43569612601428, 39.92751893900806, 44.91361653237847, 45.40165030622713, 105.0026051999671, 57.063143300456375, 35.036035529543994, 61.65046860913042, 30.772496029111263, 73.07603952939759, 56.15820929912041, 22.355204104698693, 53.661474307567566], [49.78719099591799, 0.0, 54.73656635615578, 54.22846232192042, 50.88771013648231, 62.10805341751908, 46.80556553485659, 25.23404838810385, 42.17334734619891, 40.13909501722675, 54.986707943304545, 35.61898515140755, 70.43490496198635, 3.437115181619908, 33.01199417466917, 76.53068142343834, 39.22158272978762, 28.352898568659917, 47.95552054508287, 62.82972577127004, 60.68064148534177, 51.08099873946087, 76.02701266340797, 11.201365688721175, 33.704969254627095, 2.7423609716434414, 14.148499002365813, 32.183783053074094, 37.58160669840152, 30.497718544160218, 25.96863187440756, 65.05837910415438, 22.882109077572267, 61.36059346182478, 14.328538798231312, 26.723777741260186, 17.80170572258492, 64.45690704501513, 69.80975320043275, 61.66170988518137, 37.47434526464108, 38.555740587783596, 77.88154664665552, 34.84448108779195, 71.54079711149636, 27.73044148588619], [83.03652146348081, 54.73656635615578, 0.0, 50.529422537538494, 10.827080323835128, 96.90588036699594, 89.59302953493898, 79.70204660577207, 39.86686829335247, 47.58611356218218, 89.43607369824188, 33.51589154332012, 96.52988032563941, 54.87152204644135, 24.4447624458845, 104.11808619610889, 76.94453772962066, 50.38072818890494, 58.03246431599601, 48.730614232546195, 34.15277689066465, 18.66123818386873, 107.83277006818012, 44.32787674031973, 32.105140380445114, 52.563003782805346, 68.85868881727043, 31.744525077277377, 19.709255481677268, 80.95617199741046, 72.49939947770599, 30.901024227072064, 41.91744060723064, 20.457286094148394, 50.3614816082553, 38.90009971235195, 72.35881388827929, 30.412686323289805, 55.51161770950031, 67.4116157210998, 21.546420116731582, 53.189260948379015, 49.83586757515178, 26.956650387176573, 97.4437574012747, 31.0781343324604], [44.02120745542476, 54.22846232192042, 50.529422537538494, 0.0, 57.515160487224364, 55.64018378408604, 57.12612129848747, 74.21476554821412, 14.146340195987932, 14.238918474677224, 49.53867339823468, 65.69570186407508, 49.918664269016695, 57.100915890008636, 53.19382682243938, 57.3981282423561, 44.199021707809315, 26.9003070276423, 13.295932180825195, 11.092384172411803, 22.18508933722149, 32.090988709488144, 62.97600667063451, 52.390136216474325, 62.87114082542052, 54.390423804146, 62.66695928239262, 61.15888383119935, 37.02291345560826, 60.6465139825155, 50.88923642751399, 29.773761309870284, 62.59362409612013, 70.17780801643073, 40.17501320616062, 29.01255423647676, 63.91466724569569, 79.26825250775728, 16.175363902513002, 17.04365704664133, 34.370299058308525, 18.22832333592836, 29.60345816107408, 30.37504814085179, 50.627606043160434, 34.245555983492984], [85.42901525880826, 50.88771013648231, 10.827080323835128, 57.515160487224364, 0.0, 99.40704163327455, 90.16045652038162, 74.98093079963924, 45.32407755657897, 52.17595594615506, 91.8043166607383, 24.114075210697386, 100.6939904174188, 50.37187728072293, 18.119977222292405, 108.18739143373999, 78.19132475700465, 52.394415732873405, 63.215599699701635, 57.26954970231286, 43.58417579466275, 27.192630899895157, 111.17359292841536, 39.84013140104449, 23.25036291785247, 48.43090056500153, 64.95178797525949, 23.339947629131792, 22.104150768763194, 79.26635024791322, 71.62202790415232, 41.16908057154567, 34.47852231392728, 13.186124305652811, 49.395928261498824, 40.515481546274266, 68.68405924429328, 21.754600298094402, 64.42401435578621, 73.91790207683114, 24.635416620377907, 57.063010772523434, 60.12091598558514, 30.006543677596696, 101.66591063365114, 31.818926386270395], [13.978596249021605, 62.10805341751908, 96.90588036699594, 55.64018378408604, 99.40704163327455, 0.0, 18.86743319459065, 62.072879390849074, 58.87774314371283, 50.46896228484154, 7.641026531190293, 94.27611317513174, 15.891741323439655, 65.29972599334245, 86.13056751055166, 17.4619895580883, 23.039564092848526, 47.01323262872106, 42.81581915602383, 65.78209435973218, 77.26673808544783, 81.7688136541841, 14.099212821189868, 70.01048269904713, 91.71150538645607, 64.46461392370668, 57.37314178524631, 89.87038186214109, 77.78601255519449, 38.81650929393718, 37.10047949341698, 84.83945115044692, 83.67238670946432, 112.41310963504564, 53.37487183438995, 58.891835062818636, 55.010277471940086, 118.93065802071612, 66.9902208601172, 43.76867673206436, 75.57378833542515, 44.22651267597917, 83.65534763828082, 70.07499335560182, 16.592902203085284, 67.63847607804438], [15.849180301036396, 46.80556553485659, 89.59302953493898, 57.12612129848747, 90.16045652038162, 18.86743319459065, 0.0, 43.40092095103405, 55.68155787616487, 47.60693277246546, 15.16913331453726, 81.19403692183961, 33.24142318830527, 49.688637528319326, 74.87375434653377, 36.23472716000104, 13.408298633582357, 39.67742788208022, 43.91957768517667, 68.15112308755404, 76.46106950096838, 77.03941499346607, 32.46724530590152, 56.163705099365124, 78.86365390814305, 49.39680792722606, 39.78808894663292, 77.11349826487191, 69.89686878458552, 20.23732834588782, 20.837454187195373, 83.6514695662322, 69.4016648323935, 102.64687992367685, 41.23372867814732, 50.708059090744484, 37.02027306457887, 107.9817196796725, 71.3722324749351, 50.324026676106584, 68.10176570145227, 41.19508827604076, 86.6802040702403, 62.84758759712682, 34.16789414210526, 58.739530856099606], [53.82133549358606, 25.23404838810385, 79.70204660577207, 74.21476554821412, 74.98093079963924, 62.072879390849074, 43.40092095103405, 0.0, 64.27620117778568, 60.09984284481836, 56.7629331357002, 56.074367869992585, 74.79522573783909, 24.834938943892052, 56.86229157532724, 79.05826175110798, 43.299632022494656, 47.35777909315837, 64.85866951825399, 84.10702494586758, 84.38286685208243, 76.06715282451735, 75.86363681287709, 35.414563274030115, 54.94179680909352, 27.185036635424595, 12.008413184551515, 53.84062373030447, 62.804795821074606, 23.25796332138987, 27.970956178196484, 89.3840333065275, 42.61797489496996, 84.2707480644514, 35.48066538812893, 50.04355063308574, 10.327698585809127, 85.72244753200462, 90.361240547747, 77.30929998725746, 62.618436098944215, 56.46231356282519, 100.6311752516972, 59.646257521058665, 75.84061997220131, 52.64240734426756], [45.579565144671896, 42.17334734619891, 39.86686829335247, 14.146340195987932, 45.32407755657897, 58.87774314371283, 55.68155787616487, 64.27620117778568, 0.0, 8.42584196812763, 51.80337733541104, 51.630106648739094, 56.83375144237525, 44.74191896395317, 39.25302604442748, 64.44205152773645, 42.2751433715851, 18.169176530617197, 18.166859268526363, 20.73422474919473, 21.512930133408386, 23.02636629733746, 68.65605866968707, 38.94155513716276, 48.79437752951679, 41.930598607349864, 52.3551094507178, 47.063806533284726, 23.788751267532227, 54.37671903138149, 44.49607018460074, 28.213609420681365, 48.55849930561692, 58.35850821973321, 28.94871412800599, 15.730300171338522, 54.22777665248996, 66.9033804165981, 28.012439998910132, 28.87645546949514, 21.112867913547486, 14.84061239104668, 36.36199481937764, 16.557093695413645, 57.71725365358578, 20.108747950730876], [37.15676575725968, 40.13909501722675, 47.58611356218218, 14.238918474677224, 52.17595594615506, 50.46896228484154, 47.60693277246546, 60.09984284481836, 8.42584196812763, 0.0, 43.37775644226449, 55.539838584817026, 48.9458041937821, 43.09935275306058, 43.85210076353233, 56.53198986586299, 34.20828067060886, 12.742672534017919, 11.300144388971326, 24.139131056836366, 28.948053753851386, 31.34469868092777, 60.45887611218839, 39.20649734392777, 52.67611710095458, 40.445266420075036, 48.473742472722286, 50.853126634640816, 30.14700624793192, 47.86292119946942, 37.96898926697932, 36.04761333004089, 50.49601615794478, 65.33513342460807, 25.98232202455665, 16.366210904321637, 49.82944636519377, 73.43095476954652, 30.285159416068566, 24.178288989377176, 27.555380298904538, 6.476047146357913, 41.71014529800348, 22.34056961326354, 49.86551561984553, 23.59827493083677], [6.402272975816667, 54.986707943304545, 89.43607369824188, 49.53867339823468, 91.8043166607383, 7.641026531190293, 15.16913331453726, 56.7629331357002, 51.80337733541104, 43.37775644226449, 0.0, 86.72562656456103, 18.2934893633381, 58.23515103907887, 78.49531707959403, 22.41650992539312, 15.767865813567253, 39.41770372901145, 36.43526511940507, 60.02107597571499, 70.77087869928874, 74.57122961965153, 21.061746061197695, 62.59006137434925, 84.14521565407144, 57.27775682919435, 51.11499917877356, 82.29937414017878, 70.23820865738647, 33.641456525861074, 30.587869829429422, 78.29507247345099, 76.27548583549904, 104.79556209813259, 45.83432581707361, 51.28980162440078, 49.03394976061952, 111.28989029438593, 61.8652648204033, 39.160888097461736, 68.05262214481576, 37.039783639578815, 78.2033585498931, 62.56048217839092, 19.2802441575708, 60.02129051517093], [80.74972276001648, 35.61898515140755, 33.51589154332012, 65.69570186407508, 24.114075210697386, 94.27611317513174, 81.19403692183961, 56.074367869992585, 51.630106648739094, 55.539838584817026, 86.72562656456103, 0.0, 99.34275728980805, 33.720067426779345, 12.869352391478168, 106.32549958849071, 71.41614954851404, 50.04291624763754, 66.63309516389515, 69.30269996372299, 59.08070770310361, 43.088680858908894, 107.50842203525075, 25.11526970858499, 2.8637393604705284, 32.876683142607824, 48.16515839937189, 4.711271345615878, 30.181287783264914, 66.10892882306314, 60.69587411576604, 59.259507177612754, 13.494010283801657, 29.255805065178066, 40.90165584744941, 39.69546159530976, 52.11510187336866, 29.650244921946562, 76.99440388737206, 79.63699656511416, 32.482353160808714, 58.18412520438979, 77.3083544630191, 35.43519485264333, 100.41228727226927, 31.98468674845331], [21.268915970173644, 70.43490496198635, 96.52988032563941, 49.918664269016695, 100.6939904174188, 15.891741323439655, 33.24142318830527, 74.79522573783909, 56.83375144237525, 48.9458041937821, 18.2934893633381, 99.34275728980805, 0.0, 73.81587668646202, 89.66220881798029, 7.611710912358213, 32.20824330641608, 49.59467467699986, 38.908983142032056, 58.602557806693014, 72.10164595108503, 79.68701669745599, 13.778796233661826, 76.58460897317757, 96.60935964005905, 72.46001443114204, 68.38150864789381, 94.72745274530956, 78.5997369431052, 51.824004985667266, 47.819772550586066, 79.67848277803475, 90.21865432768766, 113.87831943445217, 59.31366036969222, 61.05238008028064, 66.6289657675075, 121.3930246906674, 58.11471488615969, 34.86965072847642, 76.12508577534682, 43.63926363359641, 75.16841544258509, 70.6954408097269, 1.1059392413785891, 69.84129600977086], [53.106377828047926, 3.437115181619908, 54.87152204644135, 57.100915890008636, 50.37187728072293, 65.29972599334245, 49.688637528319326, 24.834938943892052, 44.74191896395317, 43.09935275306058, 58.23515103907887, 33.720067426779345, 73.81587668646202, 0.0, 32.31155029078282, 79.86755500703637, 42.48097865827778, 31.53404186815301, 51.17728746910765, 65.45604541521699, 62.685841186093185, 52.377298732527684, 79.25578673216947, 10.596185444547787, 31.997803792506822, 2.862047090881962, 14.760870316885137, 30.58765832136519, 38.485620285774566, 32.710013450441295, 28.87135969347359, 66.77725380533128, 20.603798999034623, 60.34234354998431, 17.511513553155634, 29.1267312393286, 18.646232829290454, 62.93694871683995, 72.53699693021869, 64.92024160249836, 38.60944722522452, 41.749598981845644, 80.1324560560259, 36.40428375651552, 74.92181564541396, 29.256595480552], [72.28204601080229, 33.01199417466917, 24.4447624458845, 53.19382682243938, 18.119977222292405, 86.13056751055166, 74.87375434653377, 56.86229157532724, 39.25302604442748, 43.85210076353233, 78.49531707959403, 12.869352391478168, 89.66220881798029, 32.31155029078282, 0.0, 96.88429240656475, 63.83975832631278, 40.07631951894026, 55.10649253690978, 56.4612749181443, 46.342592577985236, 30.644101841696955, 98.80487396040209, 21.857289864024022, 10.261091651719845, 30.477766110391215, 46.97068579962681, 8.95310776872964, 17.316594583706202, 62.24332529052434, 55.30973832154221, 46.919324337557384, 17.514157787565463, 28.528777278247446, 33.64229018301315, 28.79976111412937, 50.754887427163155, 33.11588335890581, 64.14605405182176, 67.69567857285733, 19.618818574888767, 47.17848959957241, 64.6595816044063, 22.823945952823472, 90.70241439800226, 20.356024422363518], [26.784827786582255, 76.53068142343834, 104.11808619610889, 57.3981282423561, 108.18739143373999, 17.4619895580883, 36.23472716000104, 79.05826175110798, 64.44205152773645, 56.53198986586299, 22.41650992539312, 106.32549958849071, 7.611710912358213, 79.86755500703637, 96.88429240656475, 0.0, 37.62744274244007, 56.811544019232215, 46.517637257325234, 65.85409207680796, 79.5684537588261, 87.29838024556003, 8.416968136826183, 83.18275755819374, 103.6185545645766, 78.66346096099701, 73.4885969658109, 101.74044625122067, 86.10463045288961, 55.83918144765234, 52.91979266971274, 87.1304015382306, 96.86459027732614, 121.36810029465539, 65.97985295533934, 68.38118576439086, 71.45007227059037, 128.79306093954256, 65.02314902580791, 42.00379803506748, 83.64569896440506, 51.15921719176671, 82.07914396083679, 78.20230154520209, 6.789894728018335, 77.19301164213304], [10.949867679636606, 39.22158272978762, 76.94453772962066, 44.199021707809315, 78.19132475700465, 23.039564092848526, 13.408298633582357, 43.299632022494656, 42.2751433715851, 34.20828067060886, 15.767865813567253, 71.41614954851404, 32.20824330641608, 42.48097865827778, 63.83975832631278, 37.62744274244007, 0.0, 26.66134340051289, 31.184122832702307, 55.28048482343403, 63.09346273708971, 63.80381373478524, 36.82333215467556, 46.985266312050605, 68.90162481357541, 41.51123395055528, 36.182577959187505, 67.0790640668506, 57.332653667148854, 21.536678408908198, 15.674691743806994, 70.25569868039304, 60.63623911929674, 90.94326718583893, 30.562263174540927, 38.08625804936666, 34.572965001222165, 96.87876549098176, 58.98783920207845, 39.326788976444256, 55.399272114527825, 27.814367910660224, 73.80247901716812, 50.04224794403096, 33.2977992830705, 46.455060732609795], [33.03608283591812, 28.352898568659917, 50.38072818890494, 26.9003070276423, 52.394415732873405, 47.01323262872106, 39.67742788208022, 47.35777909315837, 18.169176530617197, 12.742672534017919, 39.41770372901145, 50.04291624763754, 49.59467467699986, 31.53404186815301, 40.07631951894026, 56.811544019232215, 26.66134340051289, 0.0, 19.66536203510241, 36.82653911028366, 39.6315305628621, 37.4714372897894, 59.0255006364832, 29.641357927008897, 47.253619664168276, 29.079213145107058, 35.766861089739535, 45.36950748183504, 30.91269533761081, 36.229554694369256, 26.371985287467968, 46.04370506358646, 42.41095470353112, 65.42359700913985, 14.02972702943667, 11.882308030162651, 37.087843013993, 72.24528893138807, 43.01313127536047, 33.46880126000554, 28.848864176438397, 10.216701610100934, 54.01190007871145, 23.43026552696017, 50.640077734653964, 20.675354974943783], [30.7806826689689, 47.95552054508287, 58.03246431599601, 13.295932180825195, 63.215599699701635, 42.81581915602383, 43.91957768517667, 64.85866951825399, 18.166859268526363, 11.300144388971326, 36.43526511940507, 66.63309516389515, 38.908983142032056, 51.17728746910765, 55.10649253690978, 46.517637257325234, 31.184122832702307, 19.66536203510241, 0.0, 24.239241579848855, 34.45152105838873, 40.79477928817824, 51.24139887229063, 48.8366872728075, 63.77161075188321, 48.74375316488542, 53.95103231268733, 61.93167328957774, 41.29708318554588, 48.95897563682352, 39.51645758352364, 42.03073677566884, 60.8820185294011, 76.33140539540909, 33.665996236131676, 27.069828730424337, 54.559702190723726, 84.60239588286508, 27.904130273956476, 13.842382307423447, 38.67126697747168, 9.468488547891267, 42.76247329890304, 33.5636264702746, 39.75133634838242, 34.79539056683845], [54.72043820235616, 62.82972577127004, 48.730614232546195, 11.092384172411803, 57.26954970231286, 65.78209435973218, 68.15112308755404, 84.10702494586758, 20.73422474919473, 24.139131056836366, 60.02107597571499, 69.30269996372299, 58.602557806693014, 65.45604541521699, 56.4612749181443, 65.85409207680796, 55.28048482343403, 36.82653911028366, 24.239241579848855, 0.0, 15.673112164503738, 30.214188344335298, 72.06389609487321, 59.503621267502346, 66.58817506536997, 62.6532307391836, 72.35345120854168, 65.02673138593778, 39.29138562978669, 71.51309151372588, 61.69698916258146, 22.450145531888058, 68.2229795270055, 69.09613396667822, 49.26305668462046, 36.455754035055804, 73.88072113754312, 78.76986067552998, 7.710249857905299, 23.910600266925286, 36.86015398531164, 29.004827836748962, 18.532635757790167, 34.23494544717605, 59.197137915539, 39.67627106218175], [64.89384635070746, 60.68064148534177, 34.15277689066465, 22.18508933722149, 43.58417579466275, 77.26673808544783, 76.46106950096838, 84.38286685208243, 21.512930133408386, 28.948053753851386, 70.77087869928874, 59.08070770310361, 72.10164595108503, 62.685841186093185, 46.342592577985236, 79.5684537588261, 63.09346273708971, 39.6315305628621, 34.45152105838873, 15.673112164503738, 0.0, 16.621970832481534, 85.12963855275669, 54.73395105510086, 56.589272842254815, 59.826449243245776, 72.37462323462658, 55.26981175694113, 29.244305621533314, 75.86081207715921, 65.99289807948944, 7.609901328381389, 60.71072675326603, 54.60492905225056, 48.95523891589379, 34.35180912346717, 74.64162719238107, 64.53784911346808, 21.579107356949983, 38.390793442718056, 27.39492702295635, 35.28057517555169, 18.456814114150813, 27.02387227561335, 72.80406505068653, 33.902487220113414], [68.26556372211628, 51.08099873946087, 18.66123818386873, 32.090988709488144, 27.192630899895157, 81.7688136541841, 77.03941499346607, 76.06715282451735, 23.02636629733746, 31.34469868092777, 74.57122961965153, 43.088680858908894, 79.68701669745599, 52.377298732527684, 30.644101841696955, 87.29838024556003, 63.80381373478524, 37.4714372897894, 40.79477928817824, 30.214188344335298, 16.621970832481534, 0.0, 91.67357503486036, 43.00701832758171, 40.74598367126204, 49.624924960449206, 64.27606766186041, 39.58388684649964, 14.709891850573058, 72.03879121852793, 62.643941370202306, 16.289222676651015, 46.396668941910754, 38.901687671463115, 42.18012785646053, 27.953818343165086, 67.17272132944711, 48.562126743259874, 37.24678746213365, 49.09171009433953, 13.875658710753193, 37.54750310686994, 34.32682160158678, 16.516628214825957, 80.54088826787415, 23.424814896534937], [26.768901331145823, 76.02701266340797, 107.83277006818012, 62.97600667063451, 111.17359292841536, 14.099212821189868, 32.46724530590152, 75.86363681287709, 68.65605866968707, 60.45887611218839, 21.061746061197695, 107.50842203525075, 13.778796233661826, 79.25578673216947, 98.80487396040209, 8.416968136826183, 36.82333215467556, 59.0255006364832, 51.24139887229063, 72.06389609487321, 85.12963855275669, 91.67357503486036, 0.0, 83.59182937153014, 104.88355943318832, 78.33421343918674, 71.46008551331019, 103.02402448922145, 89.23912675607166, 52.650992571208626, 51.194684159312295, 92.73373379974528, 97.28887146873001, 124.29828074622694, 66.69506155414682, 70.84548233730774, 69.05002974126901, 131.26863025519444, 71.82987852859605, 48.498239624797044, 86.88564828720857, 54.645471640694254, 88.87211782503259, 81.38847203473902, 13.47100024608651, 79.67624763491116], [56.88676828087512, 11.201365688721175, 44.32787674031973, 52.390136216474325, 39.84013140104449, 70.01048269904713, 56.163705099365124, 35.414563274030115, 38.94155513716276, 39.20649734392777, 62.59006137434925, 25.11526970858499, 76.58460897317757, 10.596185444547787, 21.857289864024022, 83.18275755819374, 46.985266312050605, 29.641357927008897, 48.8366872728075, 59.503621267502346, 54.73395105510086, 43.00701832758171, 83.59182937153014, 0.0, 22.955835101550687, 8.621436363183387, 25.12210183642863, 21.32251077434973, 28.660252422988616, 41.26498027390871, 35.585446726158445, 58.10582103703032, 13.705368014779653, 50.159293858329846, 17.290941950391943, 23.385802435011637, 28.89773759580446, 53.41038692429412, 66.93029428471628, 62.65116823297812, 29.13143504621391, 39.45717517012501, 72.73300370719542, 27.800642680359633, 77.68035354752261, 20.83300690824045], [78.13630451464275, 33.704969254627095, 32.105140380445114, 62.87114082542052, 23.25036291785247, 91.71150538645607, 78.86365390814305, 54.94179680909352, 48.79437752951679, 52.67611710095458, 84.14521565407144, 2.8637393604705284, 96.60935964005905, 31.997803792506822, 10.261091651719845, 103.6185545645766, 68.90162481357541, 47.253619664168276, 63.77161075188321, 66.58817506536997, 56.589272842254815, 40.74598367126204, 104.88355943318832, 22.955835101550687, 0.0, 30.969463871676783, 46.597744086368714, 1.884504200015891, 27.563049555898754, 64.134570705732, 58.465834703152794, 56.97436747848885, 12.391837261230924, 29.672327884745627, 38.353592251542764, 36.84443013353675, 50.53673415408196, 30.991234248403376, 74.28611441860367, 76.7742858626051, 29.812374170274254, 55.33776352850611, 74.87641333819576, 32.644170987725786, 97.67642067668069, 29.122400011188855], [51.96974125517982, 2.7423609716434414, 52.563003782805346, 54.390423804146, 48.43090056500153, 64.46461392370668, 49.39680792722606, 27.185036635424595, 41.930598607349864, 40.445266420075036, 57.27775682919435, 32.876683142607824, 72.46001443114204, 2.862047090881962, 30.477766110391215, 78.66346096099701, 41.51123395055528, 29.079213145107058, 48.74375316488542, 62.6532307391836, 59.826449243245776, 49.624924960449206, 78.33421343918674, 8.621436363183387, 30.969463871676783, 0.0, 16.521391145875082, 29.456866168837383, 35.841118720719614, 33.23932660000669, 28.569676124062866, 63.94499992882172, 20.17468568778627, 58.750381674832596, 15.120467072361395, 26.29138563493353, 20.277320300292764, 61.74681915721866, 69.76287101700034, 62.526747176092776, 35.8930660116616, 39.29219410106533, 77.27314169898793, 33.5890318651159, 73.5652794418101, 26.442402561345563], [47.11260411864781, 14.148499002365813, 68.85868881727043, 62.66695928239262, 64.95178797525949, 57.37314178524631, 39.78808894663292, 12.008413184551515, 52.3551094507178, 48.473742472722286, 51.11499917877356, 48.16515839937189, 68.38150864789381, 14.760870316885137, 46.97068579962681, 73.4885969658109, 36.182577959187505, 35.766861089739535, 53.95103231268733, 72.35345120854168, 72.37462323462658, 64.27606766186041, 71.46008551331019, 25.12210183642863, 46.597744086368714, 16.521391145875082, 0.0, 45.25291673145568, 51.3199921256859, 20.40157492395803, 20.588434435569894, 77.40153059493022, 34.782209615573066, 75.10047585402349, 23.491915822306883, 38.03582569058296, 3.9520778824054323, 77.58313799536045, 78.75842963921575, 66.86552523507075, 50.98136018881591, 45.215275678387684, 88.69080759912408, 47.80325454526511, 69.46728988532439, 40.868392400780266], [76.28075100113924, 32.183783053074094, 31.744525077277377, 61.15888383119935, 23.339947629131792, 89.87038186214109, 77.11349826487191, 53.84062373030447, 47.063806533284726, 50.853126634640816, 82.29937414017878, 4.711271345615878, 94.72745274530956, 30.58765832136519, 8.95310776872964, 101.74044625122067, 67.0790640668506, 45.36950748183504, 61.93167328957774, 65.02673138593778, 55.26981175694113, 39.58388684649964, 103.02402448922145, 21.32251077434973, 1.884504200015891, 29.456866168837383, 45.25291673145568, 0.0, 26.140872668007106, 62.55718638118383, 56.76496646952516, 55.84848575709933, 11.526732707339095, 30.53781260526722, 36.52373470766961, 34.98447863827583, 49.181588966668244, 32.34929051510081, 72.7304114315951, 74.96635408629903, 28.325825355997246, 53.4729558518352, 73.60586708906891, 30.994770653295657, 95.7942230072679, 27.32112295783013], [63.83873537668325, 37.58160669840152, 19.709255481677268, 37.02291345560826, 22.104150768763194, 77.78601255519449, 69.89686878458552, 62.804795821074606, 23.788751267532227, 30.14700624793192, 70.23820865738647, 30.181287783264914, 78.5997369431052, 38.485620285774566, 17.316594583706202, 86.10463045288961, 57.332653667148854, 30.91269533761081, 41.29708318554588, 39.29138562978669, 29.244305621533314, 14.709891850573058, 89.23912675607166, 28.660252422988616, 27.563049555898754, 35.841118720719614, 51.3199921256859, 26.140872668007106, 0.0, 61.68093332453685, 52.97110883498556, 30.719068368500427, 31.834515755074033, 35.28994870160255, 31.048171801520756, 19.247237068569138, 54.524319296383034, 43.30540113395372, 46.943444238155635, 52.66037956170631, 2.67786211630072, 34.963039732530454, 47.67249706085241, 7.904506902079248, 79.56812063421778, 11.482446101556727], [31.263807767087442, 30.497718544160218, 80.95617199741046, 60.6465139825155, 79.26635024791322, 38.81650929393718, 20.23732834588782, 23.25796332138987, 54.37671903138149, 47.86292119946942, 33.641456525861074, 66.10892882306314, 51.824004985667266, 32.710013450441295, 62.24332529052434, 55.83918144765234, 21.536678408908198, 36.229554694369256, 48.95897563682352, 71.51309151372588, 75.86081207715921, 72.03879121852793, 52.650992571208626, 41.26498027390871, 64.134570705732, 33.23932660000669, 20.40157492395803, 62.55718638118383, 61.68093332453685, 0.0, 9.904773882088769, 82.19006045166971, 53.27691745987701, 90.75747640751429, 30.639941717669867, 44.08777075345843, 17.168656622406132, 94.6388290187696, 76.52307672695936, 59.44450298812096, 60.5241020986837, 42.50844684745099, 89.53144713110984, 56.01496882983558, 52.847198908539994, 50.227663580179254], [26.556700731043136, 25.96863187440756, 72.49939947770599, 50.88923642751399, 71.62202790415232, 37.10047949341698, 20.837454187195373, 27.970956178196484, 44.49607018460074, 37.96898926697932, 30.587869829429422, 60.69587411576604, 47.819772550586066, 28.87135969347359, 55.30973832154221, 52.91979266971274, 15.674691743806994, 26.371985287467968, 39.51645758352364, 61.69698916258146, 65.99289807948944, 62.643941370202306, 51.194684159312295, 35.585446726158445, 58.465834703152794, 28.569676124062866, 20.588434435569894, 56.76496646952516, 52.97110883498556, 9.904773882088769, 0.0, 72.38615971004131, 48.63410702714507, 83.59989511512305, 22.277753948357137, 34.7742353991404, 18.907725747733718, 88.22910279704597, 66.85281561400892, 50.670250607094545, 51.62448012433048, 32.70022733054016, 79.65404520069092, 46.886834590017195, 48.901714318954426, 41.491091253753865], [72.37382263195478, 65.05837910415438, 30.901024227072064, 29.773761309870284, 41.16908057154567, 84.83945115044692, 83.6514695662322, 89.3840333065275, 28.213609420681365, 36.04761333004089, 78.29507247345099, 59.259507177612754, 79.67848277803475, 66.77725380533128, 46.919324337557384, 87.1304015382306, 70.25569868039304, 46.04370506358646, 42.03073677566884, 22.450145531888058, 7.609901328381389, 16.289222676651015, 92.73373379974528, 58.10582103703032, 56.97436747848885, 63.94499992882172, 77.40153059493022, 55.84848575709933, 30.719068368500427, 82.19006045166971, 72.38615971004131, 0.0, 62.54662035062139, 51.002781450530854, 54.24315602232084, 39.492702027827534, 79.9009852390865, 61.133011559976325, 27.239415364073004, 45.7739440242247, 29.417029461647317, 42.46332168184689, 18.9587182627195, 30.415364486830264, 80.37243948962463, 37.54847251479124], [70.59149066329526, 22.882109077572267, 41.91744060723064, 62.59362409612013, 34.47852231392728, 83.67238670946432, 69.4016648323935, 42.61797489496996, 48.55849930561692, 50.49601615794478, 76.27548583549904, 13.494010283801657, 90.21865432768766, 20.603798999034623, 17.514157787565463, 96.86459027732614, 60.63623911929674, 42.41095470353112, 60.8820185294011, 68.2229795270055, 60.71072675326603, 46.396668941910754, 97.28887146873001, 13.705368014779653, 12.391837261230924, 20.17468568778627, 34.782209615573066, 11.526732707339095, 31.834515755074033, 53.27691745987701, 48.63410702714507, 62.54662035062139, 0.0, 42.02338169949512, 30.906720389172232, 34.136605285140696, 38.734173207522076, 43.13259437461867, 75.88104357713797, 74.51705722623981, 33.36899206493392, 51.742457026031914, 79.15415615128818, 34.27360396220159, 91.31171997900887, 28.602916135735736], [98.43569612601428, 61.36059346182478, 20.457286094148394, 70.17780801643073, 13.186124305652811, 112.41310963504564, 102.64687992367685, 84.2707480644514, 58.35850821973321, 65.33513342460807, 104.79556209813259, 29.255805065178066, 113.87831943445217, 60.34234354998431, 28.528777278247446, 121.36810029465539, 90.94326718583893, 65.42359700913985, 76.33140539540909, 69.09613396667822, 54.60492905225056, 38.901687671463115, 124.29828074622694, 50.159293858329846, 29.672327884745627, 58.750381674832596, 75.10047585402349, 30.53781260526722, 35.28994870160255, 90.75747640751429, 83.59989511512305, 51.002781450530854, 42.02338169949512, 0.0, 61.56940663128548, 53.54264977344486, 78.9584175871908, 10.188619484882986, 75.95552158441292, 86.77711014208637, 37.812319518289065, 70.24892035990977, 69.78597479396375, 43.19265327252945, 114.85114721249431, 44.77477272639351], [39.92751893900806, 14.328538798231312, 50.3614816082553, 40.17501320616062, 49.395928261498824, 53.37487183438995, 41.23372867814732, 35.48066538812893, 28.94871412800599, 25.98232202455665, 45.83432581707361, 40.90165584744941, 59.31366036969222, 17.511513553155634, 33.64229018301315, 65.97985295533934, 30.562263174540927, 14.02972702943667, 33.665996236131676, 49.26305668462046, 48.95523891589379, 42.18012785646053, 66.69506155414682, 17.290941950391943, 38.353592251542764, 15.120467072361395, 23.491915822306883, 36.52373470766961, 31.048171801520756, 30.639941717669867, 22.277753948357137, 54.24315602232084, 30.906720389172232, 61.56940663128548, 0.0, 14.752063569308294, 25.69851247007395, 66.75557347927678, 55.99210298084619, 47.4216399958249, 29.977469188921322, 24.241437411885283, 65.22859207352971, 25.7744687734363, 60.40753780005642, 19.623174749858272], [44.91361653237847, 26.723777741260186, 38.90009971235195, 29.01255423647676, 40.515481546274266, 58.891835062818636, 50.708059090744484, 50.04355063308574, 15.730300171338522, 16.366210904321637, 51.28980162440078, 39.69546159530976, 61.05238008028064, 29.1267312393286, 28.79976111412937, 68.38118576439086, 38.08625804936666, 11.882308030162651, 27.069828730424337, 36.455754035055804, 34.35180912346717, 27.953818343165086, 70.84548233730774, 23.385802435011637, 36.84443013353675, 26.29138563493353, 38.03582569058296, 34.98447863827583, 19.247237068569138, 44.08777075345843, 34.7742353991404, 39.492702027827534, 34.136605285140696, 53.54264977344486, 14.752063569308294, 0.0, 40.41989751325392, 60.4717688184742, 43.72378338951186, 40.47994999038636, 17.39501460348363, 18.506065177127102, 51.17819043671459, 12.247840149317302, 62.07535424434549, 8.836111779777488], [45.40165030622713, 17.80170572258492, 72.35881388827929, 63.91466724569569, 68.68405924429328, 55.010277471940086, 37.02027306457887, 10.327698585809127, 54.22777665248996, 49.82944636519377, 49.03394976061952, 52.11510187336866, 66.6289657675075, 18.646232829290454, 50.754887427163155, 71.45007227059037, 34.572965001222165, 37.087843013993, 54.559702190723726, 73.88072113754312, 74.64162719238107, 67.17272132944711, 69.05002974126901, 28.89773759580446, 50.53673415408196, 20.277320300292764, 3.9520778824054323, 49.181588966668244, 54.524319296383034, 17.168656622406132, 18.907725747733718, 79.9009852390865, 38.734173207522076, 78.9584175871908, 25.69851247007395, 40.41989751325392, 0.0, 81.51833222526, 80.07050303758328, 67.1222893239883, 54.06544291283998, 46.13471199920379, 90.5870480022222, 50.661341312924904, 67.70234789117562, 43.83950509346514], [105.0026051999671, 64.45690704501513, 30.412686323289805, 79.26825250775728, 21.754600298094402, 118.93065802071612, 107.9817196796725, 85.72244753200462, 66.9033804165981, 73.43095476954652, 111.28989029438593, 29.650244921946562, 121.3930246906674, 62.93694871683995, 33.11588335890581, 128.79306093954256, 96.87876549098176, 72.24528893138807, 84.60239588286508, 78.76986067552998, 64.53784911346808, 48.562126743259874, 131.26863025519444, 53.41038692429412, 30.991234248403376, 61.74681915721866, 77.58313799536045, 32.34929051510081, 43.30540113395372, 94.6388290187696, 88.22910279704597, 61.133011559976325, 43.13259437461867, 10.188619484882986, 66.75557347927678, 60.4717688184742, 81.51833222526, 0.0, 85.76028616933003, 95.61201859114404, 45.93597605622668, 77.94620467252503, 79.95015386874832, 51.096099036743844, 122.39477818773109, 51.63727846368163], [57.063143300456375, 69.80975320043275, 55.51161770950031, 16.175363902513002, 64.42401435578621, 66.9902208601172, 71.3722324749351, 90.361240547747, 28.012439998910132, 30.285159416068566, 61.8652648204033, 76.99440388737206, 58.11471488615969, 72.53699693021869, 64.14605405182176, 65.02314902580791, 58.98783920207845, 43.01313127536047, 27.904130273956476, 7.710249857905299, 21.579107356949983, 37.24678746213365, 71.82987852859605, 66.93029428471628, 74.28611441860367, 69.76287101700034, 78.75842963921575, 72.7304114315951, 46.943444238155635, 76.52307672695936, 66.85281561400892, 27.239415364073004, 75.88104357713797, 75.95552158441292, 55.99210298084619, 43.72378338951186, 80.07050303758328, 85.76028616933003, 0.0, 23.443178213796983, 44.53531429566697, 34.32763038374905, 17.059424089270774, 41.9420906097854, 58.582109755956616, 47.30679850313585], [35.036035529543994, 61.66170988518137, 67.4116157210998, 17.04365704664133, 73.91790207683114, 43.76867673206436, 50.324026676106584, 77.30929998725746, 28.87645546949514, 24.178288989377176, 39.160888097461736, 79.63699656511416, 34.86965072847642, 64.92024160249836, 67.69567857285733, 42.00379803506748, 39.326788976444256, 33.46880126000554, 13.842382307423447, 23.910600266925286, 38.390793442718056, 49.09171009433953, 48.498239624797044, 62.65116823297812, 76.7742858626051, 62.526747176092776, 66.86552523507075, 74.96635408629903, 52.66037956170631, 59.44450298812096, 50.670250607094545, 45.7739440242247, 74.51705722623981, 86.77711014208637, 47.4216399958249, 40.47994999038636, 67.1222893239883, 95.61201859114404, 23.443178213796983, 0.0, 49.983157434259915, 23.303473812976208, 40.41911424982628, 45.33944004995597, 35.40867491116367, 47.652753801748915], [61.65046860913042, 37.47434526464108, 21.546420116731582, 34.370299058308525, 24.635416620377907, 75.57378833542515, 68.10176570145227, 62.618436098944215, 21.112867913547486, 27.555380298904538, 68.05262214481576, 32.482353160808714, 76.12508577534682, 38.60944722522452, 19.618818574888767, 83.64569896440506, 55.399272114527825, 28.848864176438397, 38.67126697747168, 36.86015398531164, 27.39492702295635, 13.875658710753193, 86.88564828720857, 29.13143504621391, 29.812374170274254, 35.8930660116616, 50.98136018881591, 28.325825355997246, 2.67786211630072, 60.5241020986837, 51.62448012433048, 29.417029461647317, 33.36899206493392, 37.812319518289065, 29.977469188921322, 17.39501460348363, 54.06544291283998, 45.93597605622668, 44.53531429566697, 49.983157434259915, 0.0, 32.487659959230896, 45.851701091949245, 5.505975768587422, 77.08642380254575, 10.387068322107298], [30.772496029111263, 38.555740587783596, 53.189260948379015, 18.22832333592836, 57.063010772523434, 44.22651267597917, 41.19508827604076, 56.46231356282519, 14.84061239104668, 6.476047146357913, 37.039783639578815, 58.18412520438979, 43.63926363359641, 41.749598981845644, 47.17848959957241, 51.15921719176671, 27.814367910660224, 10.216701610100934, 9.468488547891267, 29.004827836748962, 35.28057517555169, 37.54750310686994, 54.645471640694254, 39.45717517012501, 55.33776352850611, 39.29219410106533, 45.215275678387684, 53.4729558518352, 34.963039732530454, 42.50844684745099, 32.70022733054016, 42.46332168184689, 51.742457026031914, 70.24892035990977, 24.241437411885283, 18.506065177127102, 46.13471199920379, 77.94620467252503, 34.32763038374905, 23.303473812976208, 32.487659959230896, 0.0, 47.133624210562466, 27.058555402683528, 44.605242093890986, 26.86504161939627], [73.07603952939759, 77.88154664665552, 49.83586757515178, 29.60345816107408, 60.12091598558514, 83.65534763828082, 86.6802040702403, 100.6311752516972, 36.36199481937764, 41.71014529800348, 78.2033585498931, 77.3083544630191, 75.16841544258509, 80.1324560560259, 64.6595816044063, 82.07914396083679, 73.80247901716812, 54.01190007871145, 42.76247329890304, 18.532635757790167, 18.456814114150813, 34.32682160158678, 88.87211782503259, 72.73300370719542, 74.87641333819576, 77.27314169898793, 88.69080759912408, 73.60586708906891, 47.67249706085241, 89.53144713110984, 79.65404520069092, 18.9587182627195, 79.15415615128818, 69.78597479396375, 65.22859207352971, 51.17819043671459, 90.5870480022222, 79.95015386874832, 17.059424089270774, 40.41911424982628, 45.851701091949245, 47.133624210562466, 0.0, 45.26253836122624, 75.64053709725853, 51.94441075758943], [56.15820929912041, 34.84448108779195, 26.956650387176573, 30.37504814085179, 30.006543677596696, 70.07499335560182, 62.84758759712682, 59.646257521058665, 16.557093695413645, 22.34056961326354, 62.56048217839092, 35.43519485264333, 70.6954408097269, 36.40428375651552, 22.823945952823472, 78.20230154520209, 50.04224794403096, 23.43026552696017, 33.5636264702746, 34.23494544717605, 27.02387227561335, 16.516628214825957, 81.38847203473902, 27.800642680359633, 32.644170987725786, 33.5890318651159, 47.803254545