instance_id,num_cities,city_coordinates,distance_matrix,best_route,total_distance
1670,49,"[[48.26988391140523, 4.825152858546589], [92.7951013908468, 85.87225525593853], [96.52848159945758, 40.23382432204511], [87.70898160923527, 26.651640272460085], [37.441145510912065, 21.552635020006548], [47.00088932826188, 64.54959565020908], [69.74244743559854, 6.731467440736383], [5.0784127346196755, 36.50419454647766], [95.25506191053768, 56.17971165378257], [54.18773936612216, 36.16722633573062], [96.31993375144721, 84.84903024697283], [83.46785514047804, 23.478788129201188], [85.29945757827969, 34.28742460989659], [61.345905385766116, 20.751248431870973], [84.4746314309507, 11.013845568350645], [95.21534597703229, 85.1810285010387], [57.24052855138987, 5.097363432037117], [89.13784102223954, 81.65946072358456], [73.77886655046706, 22.928474173601288], [67.36186583388891, 31.734501082280588], [29.90201917595038, 76.13410148942374], [46.60413883819467, 53.70770727321681], [45.42934939668648, 18.501945379678308], [42.874435588821314, 53.00290083436175], [7.280357926977721, 56.9993918729603], [98.85041909231576, 97.57507690678344], [37.30973890751687, 62.50084920476344], [63.8623646216198, 34.00030357185365], [4.46516661634373, 25.44474188685698], [99.57258290249705, 16.9001630176444], [1.2788994998351955, 19.81756770702893], [17.33434907650786, 12.11854114740265], [63.77242810374626, 88.69195053802794], [98.40492350692107, 88.66364355959233], [22.556019513425905, 66.10789340742605], [49.727166807302225, 55.54862023749942], [31.77509023322427, 80.95461055829388], [94.798483012184, 10.438865764099958], [34.33044594680935, 59.02273648892965], [85.50753701346898, 89.38380451589815], [97.09528086392297, 95.61046948787579], [39.55389217023142, 72.37387293440116], [26.85910515483336, 87.81556945525216], [47.57209498299842, 53.630198843307454], [74.03065874310866, 46.48499370817536], [69.22169573767133, 49.953219599317286], [25.539508146158962, 70.75767615531524], [50.648002679300596, 58.31557955606173], [68.13827886455998, 69.3001556878782]]","[[0.0, 92.47230827985696, 59.855377917337265, 45.07591352428375, 19.926621259216937, 59.737922746163626, 21.557017873230663, 53.563652458367436, 69.6052990846495, 31.895870940172266, 93.34146046590655, 39.83535223207203, 47.32034216593196, 20.606379056219694, 36.72987422263266, 93.06418837999333, 8.974773749415927, 87.02701180387862, 31.280000606075305, 32.994193361175235, 73.63657114356319, 48.91092753927409, 13.968653836193129, 48.47892596399838, 66.34977360293875, 105.645345141852, 58.70784212971271, 33.08043037571601, 48.41508761736034, 52.70458039025535, 49.32469076393091, 31.783656621810707, 85.28756433060182, 97.68528404152426, 66.45883772275094, 50.74439689642952, 77.89590841721643, 46.8660250807231, 55.96146890621424, 92.39485039037058, 103.08197273557819, 68.10872261258736, 85.70782166090568, 48.81003403976717, 48.98121945752395, 49.75460608388653, 69.74071702175304, 53.54326472261901, 67.4668741521116], [92.47230827985696, 0.0, 45.79087797683951, 59.438622573662414, 84.85914198748577, 50.51500441546852, 82.42990446671203, 100.6549695098384, 29.79427044457324, 62.93741575936253, 3.6703450231972377, 63.08678358190621, 52.12657123718865, 72.31733857897589, 75.31939804132986, 2.517017736061771, 88.25367300548585, 5.5788162880325025, 65.75360647482134, 59.814261659433065, 63.64252846383467, 56.28643858402589, 82.35455734077883, 59.77012074781801, 90.25748495068686, 13.176604534446946, 60.20671117670703, 59.395308135183676, 107.02178165793399, 69.30428387458103, 112.86468427165545, 105.51746530622148, 29.159325201616316, 6.265935910601963, 72.96683234362014, 52.67228711593964, 61.217848631331776, 75.45998799461958, 64.33515830562617, 8.089472959318742, 10.645391487764606, 54.9257014936699, 65.96462741282507, 55.53981013903072, 43.62866809922298, 42.96373559865102, 68.93304957771633, 50.3562141689484, 29.70847322207101], [59.855377917337265, 45.79087797683951, 0.0, 16.19442199136274, 61.97015507306185, 55.17462398118691, 42.894050203145866, 91.5260904531948, 15.996653415655228, 42.53558124737513, 44.615693336858676, 21.244086267112223, 12.706323229196954, 40.21671831898524, 31.608582098081673, 44.96638176094471, 52.70781857165248, 42.07974476412817, 28.583563959686703, 30.37976251964982, 75.68299277754299, 51.71059390420825, 55.52833397682631, 55.1525699155431, 90.80920566970379, 57.3882448042062, 63.26673599247774, 33.25555561636054, 93.24361063877153, 23.531389729713236, 97.41307111636968, 84.03677631878114, 58.4905893027077, 48.46615752887353, 78.36703770147534, 49.24333498257846, 76.49303318032855, 29.84514115533109, 64.97398602104539, 50.37044542808389, 55.37954578387689, 65.41472743529165, 84.36731881542896, 50.7561882025645, 23.350142440031235, 28.984947794627995, 77.27315111144726, 49.31498979302192, 40.63071781788995], [45.07591352428375, 59.438622573662414, 16.19442199136274, 0.0, 50.525787480972866, 55.61837645032529, 26.82554073748001, 83.21588633347032, 30.477045910228572, 34.845660556932756, 58.83098415495852, 5.296616320536701, 8.006935025563344, 27.015299588139587, 15.968770907106242, 59.00876877578288, 37.321756146405036, 55.02637503965965, 14.419087049817414, 20.972376936993992, 76.09309347011411, 49.21014997722934, 43.057924089229225, 52.00505215897635, 85.96365240395423, 71.79321342029671, 61.8486010025987, 24.95323614367252, 83.25256355382653, 15.356964032538144, 86.69984798872036, 71.85958442890663, 66.49780967497396, 62.92767058108834, 76.16892004819604, 47.72477036873226, 77.95776283557363, 17.695058276291263, 62.42720512501585, 62.77077973845727, 69.59470339371683, 66.40357820532815, 86.27707515669258, 48.36126849668061, 24.09270480738933, 29.74463544948478, 76.2258868887457, 48.74547374065281, 46.92449544810895], [19.926621259216937, 84.85914198748577, 61.97015507306185, 50.525787480972866, 0.0, 44.046876453257674, 35.53928972901066, 35.64962278935527, 67.39052875341086, 22.226891034892798, 86.44735596536252, 46.06699539935767, 49.523660000411084, 23.918189002056067, 48.19973942768577, 85.94434650677437, 25.74473794423618, 79.28038107218715, 36.36375810783426, 31.60569412551934, 55.09968155848659, 33.43514794830431, 8.550912735042239, 31.916137937794208, 46.54187017165975, 97.72671360597396, 40.94842503218093, 29.206596372611973, 33.20487433974115, 62.30538506483375, 36.203846413692126, 22.21002904211681, 72.11812623198222, 90.66680591455193, 46.975930282760274, 36.14793673508, 59.671591903192095, 58.42413912338247, 37.59900205948959, 83.13510418143139, 95.09562929380965, 50.86513463658546, 67.1025786245755, 33.63935549388409, 44.276573809686276, 42.62155061893163, 50.62395722471237, 39.06322013387126, 56.76389456389047], [59.737922746163626, 50.51500441546852, 55.17462398118691, 55.61837645032529, 44.046876453257674, 0.0, 62.12981904686664, 50.438463168634094, 48.97468866377503, 29.27814374871025, 53.33324655188748, 54.92404597238828, 48.81167202703059, 46.08768495756931, 65.34797536271525, 52.443205960490744, 60.327590098919636, 45.47823854207329, 49.491189287422486, 38.618645700811236, 20.65362283049653, 10.849145336409164, 46.074459662525065, 12.261883282516541, 40.43174732655494, 61.4740282475604, 9.905339897006677, 34.89367558107328, 57.77955775599483, 70.95245869924875, 63.964479813254194, 60.24217033594656, 29.39622105691422, 56.77906336332779, 24.494488199683335, 9.404793845317743, 22.38190054970606, 72.19820670058762, 13.823397110378208, 45.82029949637316, 58.94256481429665, 10.801716608559857, 30.773316473625748, 10.934326798051014, 32.51058716701246, 26.586057084560313, 22.341243157026877, 7.22249212235037, 21.664649941337693], [21.557017873230663, 82.42990446671203, 42.894050203145866, 26.82554073748001, 35.53928972901066, 62.12981904686664, 0.0, 71.1888520986421, 55.641911839007925, 33.29283473738555, 82.51494651064993, 21.653165286106482, 31.64413595104275, 16.341853549520714, 15.3419688339137, 82.48152635988424, 12.608262041160955, 77.39758051628783, 16.692384682104205, 25.116107581442424, 80.02490447859459, 52.36552714856802, 27.012420979261886, 53.50640717614359, 80.17715916959601, 95.39305737205369, 64.51437455954522, 27.895605350036316, 67.90662730287582, 31.515700082805477, 69.70296561934813, 52.684241825589346, 82.17762420734798, 86.8010312041877, 75.84272503432463, 52.761026011744335, 83.3702296217427, 25.328831815604822, 63.153675016680886, 84.14242017784157, 92.99276585548509, 72.25146550766176, 91.7257469016724, 51.874999132944744, 39.984141942948064, 43.22488914952457, 77.80266861868361, 55.004712918783326, 62.58924912293109], [53.563652458367436, 100.6549695098384, 91.5260904531948, 83.21588633347032, 35.64962278935527, 50.438463168634094, 71.1888520986421, 0.0, 92.29817999308784, 49.11048268724971, 103.25811491777318, 79.46424285826055, 80.25166730205822, 58.43103662041707, 83.38775350315132, 102.44071894606681, 60.88739908333364, 95.42004793316173, 70.02894071843376, 62.46581869879939, 46.76260216306019, 44.94826780386765, 44.18460212075758, 41.24010975699748, 20.613143284846437, 111.90550410330182, 41.408748354494605, 58.83725409522396, 11.076441844381772, 96.50630159683487, 17.113731799356717, 27.29227120113374, 78.5401127805713, 106.9132626678477, 34.37798314276581, 48.54071888779291, 51.85124948434732, 93.42961187516796, 36.915663047831295, 96.25537482541232, 109.36478298690918, 49.75130661568955, 55.74276417018416, 45.814987222536814, 69.67085891189609, 65.53805786931349, 39.89934119464992, 50.52053091330962, 71.07827926669474], [69.6052990846495, 29.79427044457324, 15.996653415655228, 30.477045910228572, 67.39052875341086, 48.97468866377503, 55.641911839007925, 92.29817999308784, 0.0, 45.68396381195817, 28.689088180620292, 34.76044652763626, 24.04966298375867, 49.04086971585843, 46.434611450645065, 29.001344041790826, 63.675042570550524, 26.20377843091157, 39.583731015498415, 37.08906452386534, 68.33152909441975, 48.71368515569905, 62.46771725394626, 52.47687243765271, 87.97852247370783, 41.55120765626331, 58.289083350682674, 38.43732022316808, 95.85115259664084, 39.51612238789067, 100.76569165071594, 89.51549717761513, 45.25706473777064, 32.636290538871854, 73.3738342898232, 45.53226887501782, 68.14324926125308, 45.74312458713458, 60.99091424582061, 34.605288965922085, 39.47367564804806, 58.007509600232765, 75.35804137159471, 47.75107695731667, 23.333727646015955, 26.76761770488478, 71.22341950287085, 44.658164594563, 30.124175912619737], [31.895870940172266, 62.93741575936253, 42.53558124737513, 34.845660556932756, 22.226891034892798, 29.27814374871025, 33.29283473738555, 49.11048268724971, 45.68396381195817, 0.0, 64.38198378254162, 31.911152343351684, 31.168456244112296, 16.996814863293483, 39.36989198582305, 63.91883374186011, 31.219479538646976, 57.36769993099235, 23.644805416062567, 13.899879904563427, 46.76694681830544, 19.10966950225719, 19.71729053680997, 20.283756510600995, 51.32525259994278, 75.93206879890272, 31.278212750877067, 9.914329432640463, 50.865567072562406, 49.30521018842099, 55.37740218962493, 44.00581365144772, 53.392067863349666, 68.6369666774624, 43.55466961805089, 19.88806519317599, 50.08229853604861, 48.074744275866834, 30.276830189167228, 61.74895884042608, 73.3113652432592, 39.05215412334767, 58.43291533755827, 18.674103978620796, 22.365101675455705, 20.397878675129448, 44.91347649373933, 22.429429020476245, 35.950084280177656], [93.34146046590655, 3.6703450231972377, 44.615693336858676, 58.83098415495852, 86.44735596536252, 53.33324655188748, 82.51494651064993, 103.25811491777318, 28.689088180620292, 64.38198378254162, 0.0, 62.70153540557395, 51.748689448937476, 73.01854760086555, 74.77931320619497, 1.1534023548136607, 88.81175750175642, 7.8584864773991265, 65.89578875007606, 60.49564369361534, 66.98723281198554, 58.663807073973395, 83.61690765842157, 62.214124058898555, 93.29334606800596, 12.975192470558088, 63.100271722188246, 60.32484395585705, 109.38997998453004, 68.02667332928112, 115.16027662219389, 107.37060412936452, 32.77358937087192, 4.347235558978239, 76.10745859475784, 55.039985085705275, 64.66222490375239, 74.42571726708584, 67.15425561763071, 11.724849717141344, 10.789334441033448, 58.120676413594246, 69.52414734610146, 57.887539408798176, 44.369032893985114, 44.18180738956113, 72.16948738214938, 52.819970592815764, 32.186537126849714], [39.83535223207203, 63.08678358190621, 21.244086267112223, 5.296616320536701, 46.06699539935767, 54.92404597238828, 21.653165286106482, 79.46424285826055, 34.76044652763626, 31.911152343351684, 62.70153540557395, 0.0, 10.962727309478257, 22.28946239258612, 12.50553443657492, 62.8105883419264, 32.027323239824526, 58.456303367850815, 9.70460433748285, 18.098610109829046, 75.11245441098244, 47.67306506016439, 38.36270171630175, 50.194610686047255, 83.23560300137939, 75.67617382203753, 60.44247632882411, 22.2503381029371, 79.0271457678855, 17.396567611087868, 82.2704622831262, 67.1021298901953, 68.12243681430692, 66.87437019415425, 74.34710711439278, 46.5500610166189, 77.3020834625898, 17.2749154340896, 60.64533986437111, 65.93657169639472, 73.40767117595662, 65.72035804725874, 85.69581090306181, 46.87870695032045, 24.866567334164635, 30.064074564104775, 74.77290042843106, 47.861725339691205, 48.317632741542376], [47.32034216593196, 52.12657123718865, 12.706323229196954, 8.006935025563344, 49.523660000411084, 48.81167202703059, 31.64413595104275, 80.25166730205822, 24.04966298375867, 31.168456244112296, 51.748689448937476, 10.962727309478257, 0.0, 27.51364621714141, 23.288190560376396, 51.8505907368951, 40.48904999753907, 47.52728682577433, 16.178682660968725, 18.118350259510144, 69.42636781079233, 43.29520840832193, 42.88131155806219, 46.369726558548386, 81.25769728067776, 64.72214065686127, 55.66875627736979, 21.439015670570416, 81.31651513105602, 22.495310004492563, 85.25743919801211, 71.4892674996132, 58.50867832605815, 55.93323184361896, 70.35112831143995, 41.44184250501136, 71.01185917880706, 25.67070788302079, 56.65400074524298, 55.09677282561839, 62.447235968397955, 59.52507287250625, 79.24983963366724, 42.39689615338051, 16.60621928961668, 22.447974484435804, 70.00950509692049, 42.16723321173565, 38.992273495954116], [20.606379056219694, 72.31733857897589, 40.21671831898524, 27.015299588139587, 23.918189002056067, 46.08768495756931, 16.341853549520714, 58.43103662041707, 49.04086971585843, 16.996814863293483, 73.01854760086555, 22.28946239258612, 27.51364621714141, 0.0, 25.094919465893756, 72.78966661365217, 16.18327020537742, 66.94924951778273, 12.622156521506732, 12.522923735937534, 63.686563675317906, 36.103294313738445, 16.074704313738092, 37.16670928600665, 65.09232923274668, 85.48970212784427, 48.174334075999596, 13.485919664153968, 57.074051229672385, 38.42017351386912, 60.074262007921504, 44.850203163668304, 67.98402029284848, 77.36578207507401, 59.681492017439744, 36.68585791192337, 67.07367531387415, 35.00600214446171, 46.845937356397336, 72.76133724403329, 82.95734340123263, 56.033804087490516, 75.41195226550889, 35.64748565002994, 28.690218083561707, 30.24538301512363, 61.503990902547145, 39.05795815355494, 49.02175775334676], [36.72987422263266, 75.31939804132986, 31.608582098081673, 15.968770907106242, 48.19973942768577, 65.34797536271525, 15.3419688339137, 83.38775350315132, 46.434611450645065, 39.36989198582305, 74.77931320619497, 12.50553443657492, 23.288190560376396, 25.094919465893756, 0.0, 74.94086984503998, 27.869358093142733, 70.79935355886876, 16.01117613355259, 26.873635989700695, 84.96362597936053, 57.06960694180596, 39.75683196533196, 59.107165861980334, 89.85336015274879, 87.74685203305208, 69.82434124431857, 30.874630274156345, 81.3004626584333, 16.2048409974004, 83.6602374790383, 67.14936981801604, 80.38948447577656, 78.8894426739249, 82.88105096514747, 56.486568780583205, 87.57255420409601, 10.339850736187126, 69.42112751383418, 78.37676543072365, 85.53285667327823, 76.04555065282909, 96.01069555041161, 56.3733160524407, 36.976734791781986, 41.82017332803434, 83.92064138099474, 58.15234174946133, 60.53239101938036], [93.06418837999333, 2.517017736061771, 44.96638176094471, 59.00876877578288, 85.94434650677437, 52.443205960490744, 82.48152635988424, 102.44071894606681, 29.001344041790826, 63.91883374186011, 1.1534023548136607, 62.8105883419264, 51.8505907368951, 72.78966661365217, 74.94086984503998, 0.0, 88.63114672277968, 7.024066207456592, 65.83998154993742, 60.26896091031058, 65.93692096373935, 57.910443001281216, 83.21505621823188, 61.4410514265478, 92.34049364390624, 12.916121416176006, 62.1888242612795, 60.02063015455391, 108.64630224931177, 68.41974937681385, 114.43966962436306, 106.7875308101078, 31.638325776438087, 4.722500658045051, 75.12098378245673, 54.28861817798031, 63.58088279873536, 74.7433252225675, 66.26633604388438, 10.578510344283737, 10.597518316892222, 57.115853084714416, 68.4069913487056, 57.14310297290201, 44.115463070103395, 43.779771273756474, 71.15304259357461, 52.03845151071498, 31.390598667771684], [8.974773749415927, 88.25367300548585, 52.70781857165248, 37.321756146405036, 25.74473794423618, 60.327590098919636, 12.608262041160955, 60.88739908333364, 63.675042570550524, 31.219479538646976, 88.81175750175642, 32.027323239824526, 40.48904999753907, 16.18327020537742, 27.869358093142733, 88.63114672277968, 0.0, 82.94090236152124, 24.320056209837293, 28.49523768253431, 76.11578186358435, 49.76040910692638, 17.865798896649654, 50.01324965261392, 72.0405386230751, 101.40764507839195, 60.765093225370016, 29.651790193288765, 56.56195397401671, 43.9466597552431, 57.8652602171743, 40.51913247827796, 83.84939299233574, 93.15487419567476, 70.1804811545378, 51.007645681292004, 80.01756363643102, 37.935887895797535, 58.59025298011381, 88.90010077597454, 98.89905788109846, 69.56253184941588, 88.12112400156889, 49.48651049249538, 44.66368112604671, 46.42839863322182, 72.91249112224561, 53.624993471305515, 65.12111405170282], [87.02701180387862, 5.5788162880325025, 42.07974476412817, 55.02637503965965, 79.28038107218715, 45.47823854207329, 77.39758051628783, 95.42004793316173, 26.20377843091157, 57.36769993099235, 7.8584864773991265, 58.456303367850815, 47.52728682577433, 66.94924951778273, 70.79935355886876, 7.024066207456592, 82.94090236152124, 0.0, 60.70606953146344, 54.46737271605353, 59.49295911678822, 50.89613288287401, 76.80692667069029, 54.419675733887324, 85.4913243224633, 18.645133715214474, 55.255810229723586, 53.94668634579578, 101.6344252944797, 65.59459183099004, 107.44120874835865, 99.95839610108675, 26.322235572152984, 11.616255635019272, 68.37390000153952, 47.275545824090784, 57.367081081733474, 71.44519587852837, 59.29816050292035, 8.534904464488699, 16.06086841909059, 50.44591286069853, 62.58225480084798, 50.133329884936266, 38.28145877880042, 37.44247012719922, 64.52593936851835, 45.01560222443992, 24.366658198856157], [31.280000606075305, 65.75360647482134, 28.583563959686703, 14.419087049817414, 36.36375810783426, 49.491189287422486, 16.692384682104205, 70.02894071843376, 39.583731015498415, 23.644805416062567, 65.89578875007606, 9.70460433748285, 16.178682660968725, 12.622156521506732, 16.01117613355259, 65.83998154993742, 24.320056209837293, 60.70606953146344, 0.0, 10.896054704017795, 68.96387832479279, 41.05882385598268, 28.693017966326376, 43.12255780953384, 74.71866622220168, 78.74451121484086, 53.814218721865124, 14.863459110477503, 69.35935842957647, 26.488796474019228, 72.56667941546222, 57.47032455884502, 66.52040013351179, 70.19654674859333, 66.99434531324648, 40.52848615190807, 71.63344001682393, 24.450247328408928, 53.469371234481706, 67.4823876410245, 76.33038464006947, 60.13481795052094, 80.07371068904723, 40.36571284746408, 23.557865181103423, 27.4062888976555, 67.93134962200352, 42.27628284009599, 46.713478524981824], [32.994193361175235, 59.814261659433065, 30.37976251964982, 20.972376936993992, 31.60569412551934, 38.618645700811236, 25.116107581442424, 62.46581869879939, 37.08906452386534, 13.899879904563427, 60.49564369361534, 18.098610109829046, 18.118350259510144, 12.522923735937534, 26.873635989700695, 60.26896091031058, 28.49523768253431, 54.46737271605353, 10.896054704017795, 0.0, 58.09100298626505, 30.227553991965202, 25.615148012272485, 32.43422679857464, 65.17746772492166, 72.98294602995205, 43.00812143761431, 4.168977051559351, 63.210409294662576, 35.462485528933776, 67.14887743349001, 53.73581968367821, 57.07043991176681, 64.84287696342028, 56.472063575110454, 29.63266577439934, 60.737449522372884, 34.73142735035891, 42.845332200430555, 60.43763371392656, 70.45718777456882, 49.24268416540267, 69.17774101890551, 29.513668202597113, 16.187953285472368, 18.313401422838393, 57.200680025163486, 31.39915531315478, 37.57367726402691], [73.63657114356319, 63.64252846383467, 75.68299277754299, 76.09309347011411, 55.09968155848659, 20.65362283049653, 80.02490447859459, 46.76260216306019, 68.33152909441975, 46.76694681830544, 66.98723281198554, 75.11245441098244, 69.42636781079233, 63.686563675317906, 84.96362597936053, 65.93692096373935, 76.11578186358435, 59.49295911678822, 68.96387832479279, 58.09100298626505, 0.0, 27.962545641494213, 59.6872130497132, 26.520483240952895, 29.62898361013502, 72.20524411616428, 15.515794516512356, 54.11618971941607, 56.71370773505726, 91.44750907954433, 63.17305562703793, 65.23755281761697, 36.12345738801373, 69.63933749158049, 12.429342683558353, 28.5796871392642, 5.171624780342863, 92.34400367892566, 17.67511742096766, 57.16229740194461, 69.95901176174154, 10.358473395425548, 12.071289060269663, 28.612186447957875, 53.16395792519826, 47.23849639290027, 6.923687735469842, 27.347679159500583, 38.8421725730327], [48.91092753927409, 56.28643858402589, 51.71059390420825, 49.21014997722934, 33.43514794830431, 10.849145336409164, 52.36552714856802, 44.94826780386765, 48.71368515569905, 19.10966950225719, 58.663807073973395, 47.67306506016439, 43.29520840832193, 36.103294313738445, 57.06960694180596, 57.910443001281216, 49.76040910692638, 50.89613288287401, 41.05882385598268, 30.227553991965202, 27.962545641494213, 0.0, 35.225357354275445, 3.795713166802483, 39.46130931250988, 68.22037759320983, 12.794733881550918, 26.195956135254583, 50.739414584172124, 64.50156107195431, 56.594336120280296, 50.85645811235692, 38.96982721436081, 62.49190966799546, 27.05691518302395, 3.6252260947273114, 31.020870734957104, 64.76795083914584, 13.37509150458133, 52.7850196935948, 65.61399930106774, 19.953238297827866, 39.41081853737359, 0.9710544037129706, 28.361621697943807, 22.927059510424083, 27.100186439808446, 6.130686889771356, 26.586531068174068], [13.968653836193129, 82.35455734077883, 55.52833397682631, 43.057924089229225, 8.550912735042239, 46.074459662525065, 27.012420979261886, 44.18460212075758, 62.46771725394626, 19.71729053680997, 83.61690765842157, 38.36270171630175, 42.88131155806219, 16.074704313738092, 39.75683196533196, 83.21505621823188, 17.865798896649654, 76.80692667069029, 28.693017966326376, 25.615148012272485, 59.6872130497132, 35.225357354275445, 0.0, 34.59542616953391, 54.197776122817274, 95.42730645327966, 44.74183291177201, 24.08267337601023, 41.5483657223894, 54.1669220207319, 44.17004741001077, 28.8110550411378, 72.54726294342564, 87.91515992022256, 52.815864165694386, 37.29513845685664, 63.92788265862756, 50.023240667033974, 42.01333323969044, 81.42787653655799, 92.81752509371088, 54.19137916755036, 71.75815252423972, 35.19354415304933, 40.01357132379886, 39.43676450278727, 55.91303232580965, 40.15420038321053, 55.643091647507866], [48.47892596399838, 59.77012074781801, 55.1525699155431, 52.00505215897635, 31.916137937794208, 12.261883282516541, 53.50640717614359, 41.24010975699748, 52.47687243765271, 20.283756510600995, 62.214124058898555, 50.194610686047255, 46.369726558548386, 37.16670928600665, 59.107165861980334, 61.4410514265478, 50.01324965261392, 54.419675733887324, 43.12255780953384, 32.43422679857464, 26.520483240952895, 3.795713166802483, 34.59542616953391, 0.0, 35.81773729898291, 71.55410267073749, 11.008036718767643, 28.31239777565415, 47.27286819705429, 67.21672103476864, 53.211417546445794, 48.206087645328594, 41.3573978860447, 65.99487601425817, 24.178065723977113, 7.310308641381326, 30.07479914835302, 67.1401800882757, 10.451707052477824, 56.04597657075415, 68.9587193102542, 19.65351288434833, 38.319873504720086, 4.739357190139574, 31.830698304393863, 26.523172377876715, 24.813942776993485, 9.41556692452378, 30.064302633215213], [66.34977360293875, 90.25748495068686, 90.80920566970379, 85.96365240395423, 46.54187017165975, 40.43174732655494, 80.17715916959601, 20.613143284846437, 87.97852247370783, 51.32525259994278, 93.29334606800596, 83.23560300137939, 81.25769728067776, 65.09232923274668, 89.85336015274879, 92.34049364390624, 72.0405386230751, 85.4913243224633, 74.71866622220168, 65.17746772492166, 29.62898361013502, 39.46130931250988, 54.197776122817274, 35.81773729898291, 0.0, 100.15718804852585, 30.52916236728445, 61.07766813062383, 31.67998165815377, 100.62704877776589, 37.663052870936504, 45.99318971200648, 64.77478110804925, 96.46922455896376, 17.78512403968703, 42.47159430090956, 34.26141288704879, 99.13276355455686, 27.125655481768742, 84.66546952600008, 97.76264980428078, 35.74850598918887, 36.509781481071784, 40.43235754519606, 67.57333222367834, 62.340820282446685, 22.86234793543133, 43.38761299473417, 62.08860870784114], [105.645345141852, 13.176604534446946, 57.3882448042062, 71.79321342029671, 97.72671360597396, 61.4740282475604, 95.39305737205369, 111.90550410330182, 41.55120765626331, 75.93206879890272, 12.975192470558088, 75.67617382203753, 64.72214065686127, 85.48970212784427, 87.74685203305208, 12.916121416176006, 101.40764507839195, 18.645133715214474, 78.74451121484086, 72.98294602995205, 72.20524411616428, 68.22037759320983, 95.42730645327966, 71.55410267073749, 100.15718804852585, 0.0, 70.83400854463092, 72.56662979794561, 118.7912501619535, 80.67814605944247, 124.76550674179032, 118.1003352019647, 36.18529239729096, 8.922561886478336, 82.52889823865056, 64.6476370429136, 69.10383233364517, 87.23037016028185, 75.16056071099358, 15.6566102829345, 2.6344245123352397, 64.42964214303142, 72.64982634625937, 67.53235396070515, 56.79979845943794, 56.08656292766317, 78.0619154698383, 62.16736346576907, 41.74573903172193], [58.70784212971271, 60.20671117670703, 63.26673599247774, 61.8486010025987, 40.94842503218093, 9.905339897006677, 64.51437455954522, 41.408748354494605, 58.289083350682674, 31.278212750877067, 63.100271722188246, 60.44247632882411, 55.66875627736979, 48.174334075999596, 69.82434124431857, 62.1888242612795, 60.765093225370016, 55.255810229723586, 53.814218721865124, 43.00812143761431, 15.515794516512356, 12.794733881550918, 44.74183291177201, 11.008036718767643, 30.52916236728445, 70.83400854463092, 0.0, 38.95283088155228, 49.51687609842022, 77.17567183432449, 55.857711265652405, 54.19772286810194, 37.23234760991529, 66.46136764834397, 15.188252165392102, 14.231163102839929, 19.26586733165425, 77.55904730273457, 4.579678439559496, 55.18805150141275, 68.34148068569394, 10.124861551277721, 27.387055467742996, 13.564821784865892, 40.06162229440476, 34.29017348228367, 14.377535375264237, 13.97947647367461, 31.569438457697178], [33.08043037571601, 59.395308135183676, 33.25555561636054, 24.95323614367252, 29.206596372611973, 34.89367558107328, 27.895605350036316, 58.83725409522396, 38.43732022316808, 9.914329432640463, 60.32484395585705, 22.2503381029371, 21.439015670570416, 13.485919664153968, 30.874630274156345, 60.02063015455391, 29.651790193288765, 53.94668634579578, 14.863459110477503, 4.168977051559351, 54.11618971941607, 26.195956135254583, 24.08267337601023, 28.31239777565415, 61.07766813062383, 72.56662979794561, 38.95283088155228, 0.0, 60.01020552059253, 39.59336430062002, 64.17039896448372, 51.41660974205023, 54.691720913223136, 64.66273357166101, 52.31741078500126, 25.77079293255905, 56.87090752092016, 38.886820037689496, 38.70731674638772, 59.46297726057659, 70.00170902319253, 45.42502238350745, 65.30944842262255, 25.50893320519762, 16.101605297021585, 16.82908077676212, 53.101278399659876, 27.67403128802922, 35.55788241763255], [48.41508761736034, 107.02178165793399, 93.24361063877153, 83.25256355382653, 33.20487433974115, 57.77955775599483, 67.90662730287582, 11.076441844381772, 95.85115259664084, 50.865567072562406, 109.38997998453004, 79.0271457678855, 81.31651513105602, 57.074051229672385, 81.3004626584333, 108.64630224931177, 56.56195397401671, 101.6344252944797, 69.35935842957647, 63.210409294662576, 56.71370773505726, 50.739414584172124, 41.5483657223894, 47.27286819705429, 31.67998165815377, 118.7912501619535, 49.51687609842022, 60.01020552059253, 0.0, 95.49047314093619, 6.466636481809313, 18.525751896784897, 86.70386766055995, 113.2312123637637, 44.5058518638687, 54.358919719183206, 61.864185502437685, 91.57119836107046, 44.937919744727374, 103.22823998046896, 116.20485099727959, 58.596604013147605, 66.26921317498899, 51.50366255958717, 72.67771248149933, 69.23924857783706, 49.97389201305931, 56.686385630882825, 77.31469810477661], [52.70458039025535, 69.30428387458103, 23.531389729713236, 15.356964032538144, 62.30538506483375, 70.95245869924875, 31.515700082805477, 96.50630159683487, 39.51612238789067, 49.30521018842099, 68.02667332928112, 17.396567611087868, 22.495310004492563, 38.42017351386912, 16.2048409974004, 68.41974937681385, 43.9466597552431, 65.59459183099004, 26.488796474019228, 35.462485528933776, 91.44750907954433, 64.50156107195431, 54.1669220207319, 67.21672103476864, 100.62704877776589, 80.67814605944247, 77.17567183432449, 39.59336430062002, 95.49047314093619, 0.0, 98.33696887226272, 82.37712674358123, 80.2228884981488, 71.7729793721747, 91.39448433235046, 63.07351862055953, 93.27096151524285, 8.033703502205444, 77.65853224461904, 73.8356539939062, 78.74928171118815, 81.72867140204731, 101.56891609331608, 63.664324983623395, 39.08519024837069, 44.87405599099832, 91.55068475577848, 64.10032197318978, 61.105439219352824], [49.32469076393091, 112.86468427165545, 97.41307111636968, 86.69984798872036, 36.203846413692126, 63.964479813254194, 69.70296561934813, 17.113731799356717, 100.76569165071594, 55.37740218962493, 115.16027662219389, 82.2704622831262, 85.25743919801211, 60.074262007921504, 83.6602374790383, 114.43966962436306, 57.8652602171743, 107.44120874835865, 72.56667941546222, 67.14887743349001, 63.17305562703793, 56.594336120280296, 44.17004741001077, 53.211417546445794, 37.663052870936504, 124.76550674179032, 55.857711265652405, 64.17039896448372, 6.466636481809313, 98.33696887226272, 0.0, 17.805967288381424, 93.00065444779871, 119.0514456011431, 50.94614891747548, 60.199192021413545, 68.32097524073154, 93.98868309779365, 51.27816281570365, 109.24250400439742, 122.16932060901954, 65.01646163143299, 72.65036244302826, 57.326729999193184, 77.48528945882468, 74.32618028386298, 56.42226316458114, 62.6051536622423, 83.1787420097147], [31.783656621810707, 105.51746530622148, 84.03677631878114, 71.85958442890663, 22.21002904211681, 60.24217033594656, 52.684241825589346, 27.29227120113374, 89.51549717761513, 44.00581365144772, 107.37060412936452, 67.1021298901953, 71.4892674996132, 44.850203163668304, 67.14936981801604, 106.7875308101078, 40.51913247827796, 99.95839610108675, 57.47032455884502, 53.73581968367821, 65.23755281761697, 50.85645811235692, 28.8110550411378, 48.206087645328594, 45.99318971200648, 118.1003352019647, 54.19772286810194, 51.41660974205023, 18.525751896784897, 82.37712674358123, 17.805967288381424, 0.0, 89.55435338075051, 111.49704364587329, 54.241275792597996, 54.17994472415532, 70.33448270298373, 77.48234221935759, 49.88858436015994, 103.04127559813685, 115.46734749533042, 64.22159375206374, 76.29391242419652, 51.35697617819277, 66.29875256309829, 64.21650595521002, 59.21041116082945, 56.95582388218072, 76.49036752013193], [85.28756433060182, 29.159325201616316, 58.4905893027077, 66.49780967497396, 72.11812623198222, 29.39622105691422, 82.17762420734798, 78.5401127805713, 45.25706473777064, 53.392067863349666, 32.77358937087192, 68.12243681430692, 58.50867832605815, 67.98402029284848, 80.38948447577656, 31.638325776438087, 83.84939299233574, 26.322235572152984, 66.52040013351179, 57.07043991176681, 36.12345738801373, 38.96982721436081, 72.54726294342564, 41.3573978860447, 64.77478110804925, 36.18529239729096, 37.23234760991529, 54.691720913223136, 86.70386766055995, 80.2228884981488, 93.00065444779871, 89.55435338075051, 0.0, 34.63250697157155, 46.9982124507148, 35.99652355846771, 32.919539194258654, 84.17934045724611, 41.79823651328609, 21.746117383206656, 34.03348969082983, 29.203033052080997, 36.92372482473818, 38.62353201256242, 43.435682343982954, 39.12012004695232, 42.230254156442186, 33.09039825622948, 19.87718190227155], [97.68528404152426, 6.265935910601963, 48.46615752887353, 62.92767058108834, 90.66680591455193, 56.77906336332779, 86.8010312041877, 106.9132626678477, 32.636290538871854, 68.6369666774624, 4.347235558978239, 66.87437019415425, 55.93323184361896, 77.36578207507401, 78.8894426739249, 4.722500658045051, 93.15487419567476, 11.616255635019272, 70.19654674859333, 64.84287696342028, 69.63933749158049, 62.49190966799546, 87.91515992022256, 65.99487601425817, 96.46922455896376, 8.922561886478336, 66.46136764834397, 64.66273357166101, 113.2312123637637, 71.7729793721747, 119.0514456011431, 111.49704364587329, 34.63250697157155, 0.0, 79.131650443684, 58.87383771192467, 67.07431603747995, 78.30786853309338, 70.598314757315, 12.917476927189291, 7.069197573291498, 61.06390518476007, 71.55084453279628, 61.735878583134394, 48.71491851645514, 48.47842516229406, 75.03327544749342, 56.583818143511664, 35.93068939590479], [66.45883772275094, 72.96683234362014, 78.36703770147534, 76.16892004819604, 46.975930282760274, 24.494488199683335, 75.84272503432463, 34.37798314276581, 73.3738342898232, 43.55466961805089, 76.10745859475784, 74.34710711439278, 70.35112831143995, 59.681492017439744, 82.88105096514747, 75.12098378245673, 70.1804811545378, 68.37390000153952, 66.99434531324648, 56.472063575110454, 12.429342683558353, 27.05691518302395, 52.815864165694386, 24.178065723977113, 17.78512403968703, 82.52889823865056, 15.188252165392102, 52.31741078500126, 44.5058518638687, 91.39448433235046, 50.94614891747548, 54.241275792597996, 46.9982124507148, 79.131650443684, 0.0, 29.15080608049552, 17.476163054129376, 91.20314781367362, 13.741781776570171, 67.116775797767, 80.16547559929043, 18.116019824714474, 22.130064288985935, 27.955265935683432, 55.08808107415657, 49.382778610690785, 5.524643339095776, 29.152695816166833, 45.69390447336764], [50.74439689642952, 52.67228711593964, 49.24333498257846, 47.72477036873226, 36.14793673508, 9.404793845317743, 52.761026011744335, 48.54071888779291, 45.53226887501782, 19.88806519317599, 55.039985085705275, 46.5500610166189, 41.44184250501136, 36.68585791192337, 56.486568780583205, 54.28861817798031, 51.007645681292004, 47.275545824090784, 40.52848615190807, 29.63266577439934, 28.5796871392642, 3.6252260947273114, 37.29513845685664, 7.310308641381326, 42.47159430090956, 64.6476370429136, 14.231163102839929, 25.77079293255905, 54.358919719183206, 63.07351862055953, 60.199192021413545, 54.17994472415532, 35.99652355846771, 58.87383771192467, 29.15080608049552, 0.0, 31.10854219506051, 63.76765240379185, 15.78380489566404, 49.24484325534549, 62.0378110078113, 19.661755902153487, 39.54875795220567, 2.8852513258989365, 25.938562915799235, 20.281646050524767, 28.57198301517112, 2.9161623023655228, 22.97985584001619], [77.89590841721643, 61.217848631331776, 76.49303318032855, 77.95776283557363, 59.671591903192095, 22.38190054970606, 83.3702296217427, 51.85124948434732, 68.14324926125308, 50.08229853604861, 64.66222490375239, 77.3020834625898, 71.01185917880706, 67.07367531387415, 87.57255420409601, 63.58088279873536, 80.01756363643102, 57.367081081733474, 71.63344001682393, 60.737449522372884, 5.171624780342863, 31.020870734957104, 63.92788265862756, 30.07479914835302, 34.26141288704879, 69.10383233364517, 19.26586733165425, 56.87090752092016, 61.864185502437685, 93.27096151524285, 68.32097524073154, 70.33448270298373, 32.919539194258654, 67.07431603747995, 17.476163054129376, 31.10854219506051, 0.0, 94.57493484666495, 22.080238744574366, 54.389586758558316, 66.94416707222986, 11.581831364049222, 8.440359368931693, 31.56214242782759, 54.53152809052308, 48.61413894328481, 11.952403740803735, 29.473929987656742, 38.185177828113595], [46.8660250807231, 75.45998799461958, 29.84514115533109, 17.695058276291263, 58.42413912338247, 72.19820670058762, 25.328831815604822, 93.42961187516796, 45.74312458713458, 48.074744275866834, 74.42571726708584, 17.2749154340896, 25.67070788302079, 35.00600214446171, 10.339850736187126, 74.7433252225675, 37.935887895797535, 71.44519587852837, 24.450247328408928, 34.73142735035891, 92.34400367892566, 64.76795083914584, 50.023240667033974, 67.1401800882757, 99.13276355455686, 87.23037016028185, 77.55904730273457, 38.886820037689496, 91.57119836107046, 8.033703502205444, 93.98868309779365, 77.48234221935759, 84.17934045724611, 78.30786853309338, 91.20314781367362, 63.76765240379185, 94.57493484666495, 0.0, 77.56787995779236, 79.48977941896811, 85.20256663535235, 82.993433056357, 102.97044885670952, 63.998617011949925, 41.600791634677435, 47.069695200844755, 91.8431515492803, 65.12637435894729, 64.61747392682622], [55.96146890621424, 64.33515830562617, 64.97398602104539, 62.42720512501585, 37.59900205948959, 13.823397110378208, 63.153675016680886, 36.915663047831295, 60.99091424582061, 30.276830189167228, 67.15425561763071, 60.64533986437111, 56.65400074524298, 46.845937356397336, 69.42112751383418, 66.26633604388438, 58.59025298011381, 59.29816050292035, 53.469371234481706, 42.845332200430555, 17.67511742096766, 13.37509150458133, 42.01333323969044, 10.451707052477824, 27.125655481768742, 75.16056071099358, 4.579678439559496, 38.70731674638772, 44.937919744727374, 77.65853224461904, 51.27816281570365, 49.88858436015994, 41.79823651328609, 70.598314757315, 13.741781776570171, 15.78380489566404, 22.080238744574366, 77.56787995779236, 0.0, 59.50537036086224, 72.65044189937662, 14.336569842001259, 29.74639748703013, 14.297577817835426, 41.63294236668607, 36.050734369486705, 14.662516714009696, 16.332872639121803, 35.335462526836395], [92.39485039037058, 8.089472959318742, 50.37044542808389, 62.77077973845727, 83.13510418143139, 45.82029949637316, 84.14242017784157, 96.25537482541232, 34.605288965922085, 61.74895884042608, 11.724849717141344, 65.93657169639472, 55.09677282561839, 72.76133724403329, 78.37676543072365, 10.578510344283737, 88.90010077597454, 8.534904464488699, 67.4823876410245, 60.43763371392656, 57.16229740194461, 52.7850196935948, 81.42787653655799, 56.04597657075415, 84.66546952600008, 15.6566102829345, 55.18805150141275, 59.46297726057659, 103.22823998046896, 73.8356539939062, 109.24250400439742, 103.04127559813685, 21.746117383206656, 12.917476927189291, 67.116775797767, 49.24484325534549, 54.389586758558316, 79.48977941896811, 59.50537036086224, 0.0, 13.15473923029216, 49.00076781832732, 58.66939509388574, 52.128860342791896, 44.40750728817665, 42.661453947611406, 62.794085262351246, 46.694986199270545, 26.552666135261607], [103.08197273557819, 10.645391487764606, 55.37954578387689, 69.59470339371683, 95.09562929380965, 58.94256481429665, 92.99276585548509, 109.36478298690918, 39.47367564804806, 73.3113652432592, 10.789334441033448, 73.40767117595662, 62.447235968397955, 82.95734340123263, 85.53285667327823, 10.597518316892222, 98.89905788109846, 16.06086841909059, 76.33038464006947, 70.45718777456882, 69.95901176174154, 65.61399930106774, 92.81752509371088, 68.9587193102542, 97.76264980428078, 2.6344245123352397, 68.34148068569394, 70.00170902319253, 116.20485099727959, 78.74928171118815, 122.16932060901954, 115.46734749533042, 34.03348969082983, 7.069197573291498, 80.16547559929043, 62.0378110078113, 66.94416707222986, 85.20256663535235, 72.65044189937662