instance_id,num_cities,city_coordinates,distance_matrix,best_route,total_distance
1382,46,"[[99.79564374482023, 34.869259318313105], [62.083329062463235, 80.2391328871455], [74.44585885006926, 62.13943100509055], [41.20141753359927, 66.82780634820202], [65.98047305784954, 70.7875171776894], [44.51558911854537, 17.23174652050573], [26.845336625057236, 59.223665544447826], [41.005851053847394, 89.35333886529115], [98.88927549315628, 79.33011750655263], [67.22564690709716, 30.685310729254756], [42.70345494874771, 39.199312838146284], [69.75691859451516, 39.85647071489154], [90.65256309910745, 33.78014542195496], [60.262688594622816, 98.5894597537482], [20.18706528943407, 33.51528449089086], [22.240172379370236, 66.74727626893548], [2.2640530080114463, 42.38441069170506], [79.54894200521714, 10.608360541637218], [85.80918435435082, 1.1125786867481002], [11.719793923086385, 46.661980719784545], [31.424513925194507, 80.41001811269527], [68.40937747024097, 81.30126749816858], [87.14204664597986, 73.0952885362686], [99.00343281098492, 80.37851324258108], [40.1214524206707, 47.903215790732304], [34.20062967743033, 49.33260601116899], [14.255752160588708, 35.797822555387214], [20.41115707541259, 50.71056201141319], [91.27683118413987, 0.20979405086918312], [69.92816758674194, 90.93462204803824], [82.24037654816924, 39.32185859435711], [99.72237209284742, 15.243747759563176], [24.075253459979262, 4.828379125612747], [94.84887454750532, 28.94185319242103], [96.4864621112646, 51.09609107069235], [91.51228625102299, 60.88614626540452], [60.22715029535378, 38.85769599424965], [35.95152548299934, 32.42018580836707], [71.24976098706051, 4.992953979176972], [82.15449833074352, 82.43101273562984], [71.92977602561949, 14.848332719359025], [78.00882157199312, 75.39390848881176], [91.8756014005201, 81.11951147577535], [66.40338779783832, 83.8254774410114], [61.052287982856114, 78.59203678542248], [67.45471579685855, 92.80598778913985]]","[[0.0, 58.99698387505038, 37.232698774551146, 66.74303014962203, 49.331399901498926, 58.02556589277481, 76.90828571418902, 80.15456723561667, 44.47009573007876, 32.83763267662841, 57.256155870011106, 30.44991438690316, 9.207719194960708, 74.98745552717163, 79.62009175780109, 83.8514108612449, 97.82069664348828, 31.599369309917567, 36.5394927926309, 88.86182307309103, 82.14969327015294, 56.044884639661426, 40.26590157082998, 45.51614868271687, 61.08103741355512, 67.17063545969194, 85.54493136315749, 80.94963616212107, 35.69101707809903, 63.52472770558742, 18.111130463304544, 19.62564833776479, 81.46184375301614, 7.720406004399412, 16.56081978055088, 27.303707033803715, 39.76899924537233, 63.891074475911665, 41.32143563741533, 50.728004096852054, 34.312447968990796, 46.0099207865259, 46.92347914812315, 59.26005442206378, 58.41856627080542, 66.35209210294393], [58.99698387505038, 0.0, 21.918744283574043, 24.817693459172865, 10.223540034646167, 65.41067362053498, 41.028843252651846, 22.96364147550972, 36.817169929547816, 49.819922955290735, 45.38553018658809, 41.105271929824376, 54.540247980104404, 18.440423743078657, 62.75679188020547, 42.0655123525179, 70.79071817811061, 71.78782691305048, 82.60706863798049, 60.53024714475697, 30.659291371157444, 6.414594171845976, 26.057126454004884, 36.92036684114997, 39.08881630460841, 41.6252126544907, 65.28787924498978, 51.073539294643325, 85.18776696627201, 13.264048396427887, 45.612826034924524, 75.10724098331572, 84.44759081161916, 60.86864443217997, 45.087608606900694, 35.22217500932286, 41.42304574673607, 54.49332856450131, 75.8024466259387, 20.19049709804468, 66.1279764122692, 16.64624615765672, 29.805277343522, 5.614692755274698, 1.943185857335472, 13.666661537413493], [37.232698774551146, 21.918744283574043, 0.0, 33.57340825418403, 12.101741653985629, 53.96777901645384, 47.68974108039737, 43.11416127486266, 29.883110942120698, 32.27217288668647, 39.16413189320044, 22.770956941128794, 32.663532286047, 39.112234841197065, 61.34621783225105, 52.40864373223624, 74.836314194399, 51.78313123786303, 62.07577522996419, 64.60735785154961, 46.74024467631314, 20.09017384784091, 16.769734607097995, 30.58984406158007, 37.15958423287406, 42.23379260240739, 65.70182097178535, 55.23013708430139, 64.17602015544367, 29.14742804349294, 24.112157034679782, 53.27388880846954, 76.30042303222413, 38.966167660909, 24.652455233182938, 17.11238343629414, 27.280228336268628, 48.631751319874176, 57.23578319568273, 21.706483173701024, 47.35798401378811, 13.725009170280785, 25.76896156325798, 23.129330959776766, 21.21499416775956, 31.453358901392015], [66.74303014962203, 24.817693459172865, 33.57340825418403, 0.0, 25.093443417096772, 49.706668403011015, 16.245615298163514, 22.526381454340207, 59.02708480233665, 44.536956609652314, 27.669292908054185, 39.27937864433005, 59.47742168619346, 37.04233633986735, 39.386890112519474, 18.961416162629853, 45.973883318886166, 68.05261728911393, 79.42508424503723, 35.71871573821895, 16.735122365360134, 30.818081730917182, 46.36618095356833, 59.369138678816086, 18.95538056629343, 18.843913219923376, 41.09657864806522, 26.30590228315676, 83.3397061113149, 37.50152972615387, 49.404183211918394, 78.01036612528947, 64.3213376089591, 65.67644243243485, 57.47976182559453, 50.66050567889501, 33.8275860849392, 34.805828789963094, 68.74919571745032, 43.824820323032625, 60.382925519932336, 37.79104520820946, 52.65098048500147, 30.398357320403303, 23.07496858878042, 36.93374582516563], [49.331399901498926, 10.223540034646167, 12.101741653985629, 25.093443417096772, 0.0, 57.69715602360876, 40.80786159809028, 31.119471061999295, 33.99948967418106, 40.12153312060399, 39.23817306460871, 31.16073131643674, 44.47760775121644, 28.38381704722584, 59.04452154521388, 43.926500544028606, 69.76043751311752, 61.689822847874844, 72.44152707802654, 59.38234425776248, 35.87069605990263, 10.790668303951838, 21.28703843584949, 34.38754245906455, 34.530858638080915, 38.34412156311912, 62.447782039568814, 49.796050926311906, 74.97413378105564, 20.530224712610455, 35.41852808343881, 64.98943046112933, 78.14509147808732, 50.83742911414725, 36.309332550384404, 27.384496177102598, 32.44401645320581, 48.72155384279617, 66.0052266245937, 19.929126482011, 56.25465815081829, 12.880217734529332, 27.88023992111727, 13.044817542045708, 9.230251049721133, 22.067769251123416], [58.02556589277481, 65.41067362053498, 53.96777901645384, 49.706668403011015, 57.69715602360876, 0.0, 45.558304253965964, 72.2069411042332, 82.53911466138499, 26.395929888494067, 22.042182291444828, 33.896944679225705, 49.01499642236597, 82.8676574089795, 29.275086345502224, 54.29532095099499, 49.17162615379815, 35.65396270132039, 44.32819169728651, 44.06475765877864, 64.52030882671308, 68.37994325899082, 70.26912698963237, 83.40527116258257, 30.984632715494016, 33.717407496887326, 35.50150577165876, 41.25354203939622, 49.76304477617592, 77.96097103954772, 43.716503039991906, 55.24256534091439, 23.909220910927726, 51.677521422188846, 62.03035927220724, 64.14355897866324, 26.730784598539532, 17.436509798544318, 29.40244867974419, 75.28367553244674, 27.517599915753745, 67.11656803657462, 79.52746239085323, 70.09850732318036, 63.54956829691082, 78.97891792176834], [76.90828571418902, 41.028843252651846, 47.68974108039737, 16.245615298163514, 40.80786159809028, 45.558304253965964, 0.0, 33.29140104154092, 74.79704899349186, 49.44701360073905, 25.543191227302305, 47.079635753555884, 68.69304816744148, 51.63705226275814, 26.556608096171992, 8.821125555357408, 29.79597302081717, 71.70158924726789, 82.78667619144062, 19.661586092259174, 21.67557150093574, 47.06368025778516, 61.87176386506563, 75.19520214953083, 17.447287274672103, 12.326126503372988, 26.594506138225384, 10.671063594657856, 87.37307662991907, 53.495000570573886, 58.8616374896405, 85.11930137717745, 54.4657740726096, 74.44104599811315, 70.11379197998153, 64.68831591620503, 39.10394097323179, 28.308111937729095, 70.09081951152, 59.98069966445721, 63.259598792597274, 53.65798122176315, 68.61751529904909, 46.5842093544826, 39.30965944552347, 52.69624316842204], [80.15456723561667, 22.96364147550972, 43.11416127486266, 22.526381454340207, 31.119471061999295, 72.2069411042332, 33.29140104154092, 0.0, 58.744836294158254, 64.26052614130118, 50.182747889244816, 57.24127742657463, 74.51963396579075, 21.357240485091005, 59.59287001834214, 29.380006164466298, 60.88519630911793, 87.67178264001643, 98.96348029310181, 51.770891460106334, 13.10667796417973, 28.56202222104057, 48.916998520110916, 58.687877663397444, 41.45955696625858, 40.59519794462218, 59.864523033425286, 43.78819045181001, 102.34130654501689, 28.96551139084176, 64.83390402283932, 94.55083995809623, 86.20390915660235, 80.92353662650929, 67.39224890239039, 57.97655604505616, 54.03025350200846, 57.157065389847226, 89.61790349133162, 41.726847134234845, 80.66774495710894, 39.54852113041065, 51.53180972771234, 25.992155058563526, 22.75225826160802, 26.673268093457395], [44.47009573007876, 36.817169929547816, 29.883110942120698, 59.02708480233665, 33.99948967418106, 82.53911466138499, 74.79704899349186, 58.744836294158254, 0.0, 58.04224841989278, 69.04583921991438, 49.05979014939442, 46.288696114385246, 43.16173628602734, 91.0661123316673, 77.67504684104725, 103.44766247891933, 71.39137468749009, 79.3036705533047, 93.0898795697671, 67.47340393622571, 30.543569139456576, 13.299266065337092, 1.0545925813016477, 66.64313303060412, 71.30548080889794, 95.17296872221398, 83.53378973283067, 79.48568985729348, 31.1995239838741, 43.334127627836956, 64.09178447579893, 105.58241763931485, 50.54999525610665, 28.336085843479765, 19.864542416649034, 55.97121427912815, 78.49650991139316, 79.30924689737299, 17.0196450579125, 69.89073744697554, 21.248225746757356, 7.238339247010091, 32.795444200271895, 37.84418564331269, 34.201324874531146], [32.83763267662841, 49.819922955290735, 32.27217288668647, 44.536956609652314, 40.12153312060399, 26.395929888494067, 49.44701360073905, 64.26052614130118, 58.04224841989278, 0.0, 25.958161151213073, 9.514069152453608, 23.63045501133262, 68.26020980924298, 47.123634326026895, 57.65551384793902, 66.0066483154624, 23.557324358072243, 34.92698590647895, 57.75944684178435, 61.272078854537504, 50.62979653996918, 46.85369991954076, 58.985100262556045, 32.11064641928101, 37.92589332304108, 53.216045762800974, 50.917650644098714, 38.82288734680644, 60.30989249212437, 17.321433694145888, 35.97886900314025, 50.304446787500765, 27.678192669619012, 35.676256257612735, 38.75475864591976, 10.759499790607798, 31.3222039835855, 26.005589581892327, 53.856181455445565, 16.520856613676262, 45.9906030562714, 56.135807302186016, 53.14652790348631, 48.30284424159934, 62.12109940217406], [57.256155870011106, 45.38553018658809, 39.16413189320044, 27.669292908054185, 39.23817306460871, 22.042182291444828, 25.543191227302305, 50.182747889244816, 69.04583921991438, 25.958161151213073, 0.0, 27.061444006331758, 48.25437128281338, 61.93154476425735, 23.222747071405, 34.31670471794002, 40.564640731321276, 46.637243375329476, 57.521328443529164, 31.869713874848642, 42.7263003294052, 49.329190535377606, 55.89029970004642, 69.75252004936453, 9.07880298624393, 13.228063657428557, 28.650339091660573, 25.088949798716957, 62.286077530764395, 58.46133078595195, 39.53711151590578, 61.84679466649778, 39.09438546617058, 53.14471058830009, 55.083075365830155, 53.40993125997834, 17.52702486643689, 9.567921132426012, 44.55296370413086, 58.52661531264383, 38.04139950677382, 50.56201802457002, 64.61581107200334, 50.529015270569204, 43.45648828080676, 59.044902513872486], [30.44991438690316, 41.105271929824376, 22.770956941128794, 39.27937864433005, 31.16073131643674, 33.896944679225705, 47.079635753555884, 57.24127742657463, 49.05979014939442, 9.514069152453608, 27.061444006331758, 0.0, 21.76119684961926, 59.495414989134346, 49.97380313138789, 54.59813727793183, 67.5401908910852, 30.84372985199032, 41.937625177313386, 58.434773949709644, 55.802898260560525, 41.46669805384486, 37.51082093914392, 49.97393845225776, 30.708483545376293, 36.79737520134506, 55.64936747537254, 50.5253943851344, 45.11059308373836, 51.078438404371504, 12.494900263710457, 38.777758246660696, 57.565456046580366, 27.363024854877043, 28.99650948573525, 30.257945661093224, 9.581964035535428, 34.613623569847825, 34.89546356749585, 44.342886820681294, 25.102355973483895, 36.482919103122235, 46.81746107924924, 44.09670873529943, 39.701570156479946, 52.99954241422892], [9.207719194960708, 54.540247980104404, 32.663532286047, 59.47742168619346, 44.47760775121644, 49.01499642236597, 68.69304816744148, 74.51963396579075, 46.288696114385246, 23.63045501133262, 48.25437128281338, 21.76119684961926, 0.0, 71.58066566158425, 70.46599557856177, 75.94133867842943, 88.80631788874038, 25.69478577331222, 33.0246609984774, 79.97702001472317, 75.3810774405759, 52.469194298203305, 39.4715619638575, 47.34073202318608, 52.467649680902056, 58.555100695195826, 76.4234502138614, 72.25298696993889, 33.576155256672116, 60.79584498758493, 10.073503236360292, 20.6363628937187, 72.5998824411057, 6.40453756881193, 18.272283694001565, 27.11963136960065, 30.84618718890599, 54.717940443966505, 34.71557461662422, 49.38748824530466, 26.626233079527807, 43.4921771861213, 47.355162348621775, 55.61077017709138, 53.70551083947515, 63.420739404505646], [74.98745552717163, 18.440423743078657, 39.112234841197065, 37.04233633986735, 28.38381704722584, 82.8676574089795, 51.63705226275814, 21.357240485091005, 43.16173628602734, 68.26020980924298, 61.93154476425735, 59.495414989134346, 71.58066566158425, 0.0, 76.42449783571013, 49.59472137657016, 80.76415832518296, 90.0701581501275, 100.76887311145185, 71.08358250619207, 34.09006331242149, 19.111518283537904, 37.046628123477284, 42.80752077929979, 54.54140373783281, 55.72673106886005, 77.8423271883353, 62.29392758084514, 103.15248743667371, 12.32955897215529, 63.21129104022568, 92.21482705941435, 100.50209302387563, 77.76241610501046, 59.730911902043054, 48.97016644536967, 59.73177433151688, 70.49401014482618, 94.23917260336071, 27.209313544443706, 84.54996916683191, 29.205458978328085, 36.118905699208426, 15.990101951994447, 20.01300558556909, 9.228965448147997], [79.62009175780109, 62.75679188020547, 61.34621783225105, 39.386890112519474, 59.04452154521388, 29.275086345502224, 26.556608096171992, 59.59287001834214, 91.0661123316673, 47.123634326026895, 23.222747071405, 49.97380313138789, 70.46599557856177, 76.42449783571013, 0.0, 33.29535292287455, 19.997394050375537, 63.628292229453386, 73.18604958596916, 15.637464824138814, 48.222362999974884, 67.88881766561435, 77.77882905191818, 91.69613949521222, 24.58439255680257, 21.132147239037742, 6.355348570164197, 17.196737659693582, 78.5048438531945, 75.96813531509696, 62.3243912203923, 81.60707127962225, 28.949206322211836, 74.80175155389368, 78.29867633218045, 76.39667021211733, 40.39492255163384, 15.802450642826548, 58.48865043517283, 78.94752198417835, 55.006937769423715, 71.39450012122008, 86.05468398976834, 68.31591308677058, 60.843077035974574, 75.82623742539926], [83.8514108612449, 42.0655123525179, 52.40864373223624, 18.961416162629853, 43.926500544028606, 54.29532095099499, 8.821125555357408, 29.380006164466298, 77.67504684104725, 57.65551384793902, 34.31670471794002, 54.59813727793183, 75.94133867842943, 49.59472137657016, 33.29535292287455, 0.0, 31.50546879944774, 80.22389254495876, 91.37249482300687, 22.67371738732279, 16.462765391014308, 48.40882315677048, 65.21158289035021, 77.96415056629286, 25.977659463885296, 21.126364546827634, 31.962785413620537, 16.14067846032285, 95.88168124749204, 53.47123135608704, 65.97103936518388, 93.03818958554004, 61.946084186313094, 81.86130737128009, 75.87800166755913, 69.5196274814927, 47.125780408260255, 36.964176487789445, 78.83867132925573, 61.93307713786003, 71.8509363340762, 56.43497569340878, 71.10312313675348, 47.350338450447346, 40.579288674289025, 52.18631413067192], [97.82069664348828, 70.79071817811061, 74.836314194399, 45.973883318886166, 69.76043751311752, 49.17162615379815, 29.79597302081717, 60.88519630911793, 103.44766247891933, 66.0066483154624, 40.564640731321276, 67.5401908910852, 88.80631788874038, 80.76415832518296, 19.997394050375537, 31.50546879944774, 0.0, 83.5623804738115, 93.1834378455876, 10.378277390691878, 47.9195085600617, 76.74454828786476, 90.26312548317121, 103.93295643495587, 38.25754696802531, 32.683670962104166, 13.681520085261184, 19.966025689449683, 98.49859373328187, 83.27998213537387, 80.03493957234532, 101.16688955996347, 43.43021957288776, 93.55560662847249, 94.6242873275484, 91.14582467802947, 58.070288131704324, 35.13020892734341, 78.4675024481823, 89.36561748865681, 74.91027001463287, 82.62503803102507, 97.62498470194505, 76.36240096148077, 69.0438176725476, 82.41454939415573], [31.599369309917567, 71.78782691305048, 51.78313123786303, 68.05261728911393, 61.689822847874844, 35.65396270132039, 71.70158924726789, 87.67178264001643, 71.39137468749009, 23.557324358072243, 46.637243375329476, 30.84372985199032, 25.69478577331222, 90.0701581501275, 63.628292229453386, 80.22389254495876, 83.5623804738115, 0.0, 11.373676068251994, 76.8157331378002, 84.78344164809847, 71.56519399815598, 62.94657582658344, 72.43170176397024, 54.27184503027766, 59.63251309615463, 69.98363834946596, 71.45253087978284, 15.673977467637771, 80.90035592014357, 28.839361822386863, 20.69913273933519, 55.773993096994985, 23.87896330611764, 43.88776493211001, 51.68149903813467, 34.22508712032111, 48.749261008533296, 10.020438934191104, 71.86989837160425, 8.719464105810246, 64.80385168926678, 71.58050668935377, 74.38784714236432, 70.45499588845873, 83.08261089240234], [36.5394927926309, 82.60706863798049, 62.07577522996419, 79.42508424503723, 72.44152707802654, 44.32819169728651, 82.78667619144062, 98.96348029310181, 79.3036705533047, 34.92698590647895, 57.521328443529164, 41.937625177313386, 33.0246609984774, 100.76887311145185, 73.18604958596916, 91.37249482300687, 93.1834378455876, 11.373676068251994, 0.0, 86.97117798468365, 96.15495971191352, 82.05473230045388, 71.99504871287124, 80.35655899393022, 65.39673210368052, 70.63012070645631, 79.51704094679503, 82.07838888434948, 5.541676817902794, 91.21516412949417, 38.37558416774233, 19.830953895643486, 61.84565786352757, 29.260630859574963, 51.11120983242516, 60.04502271066297, 45.59752566919326, 58.872339955310935, 15.067651482500233, 81.40051870899522, 19.527132774681586, 74.6897691568219, 80.23659208918322, 84.95886393029137, 81.33861533867642, 93.51239377134216], [88.86182307309103, 60.53024714475697, 64.60735785154961, 35.71871573821895, 59.38234425776248, 44.06475765877864, 19.661586092259174, 51.770891460106334, 93.0898795697671, 57.75944684178435, 31.869713874848642, 58.434773949709644, 79.97702001472317, 71.08358250619207, 15.637464824138814, 22.67371738732279, 10.378277390691878, 76.8157331378002, 86.97117798468365, 0.0, 39.079483341451436, 66.43484831972563, 79.92018498425169, 93.56942974537073, 28.42876835029534, 22.63890933019458, 11.156209786634395, 9.588055273127035, 92.1256089482203, 73.13194606153967, 70.90155122842748, 93.44281206635233, 43.62003671144363, 84.99674679096353, 84.88256222763738, 81.0504084960281, 49.13115592272756, 28.107037138242763, 72.66446702582572, 78.99665332369848, 68.09809207226246, 72.2478986543008, 87.24835183634973, 66.11672199684016, 58.76413404885669, 72.35779781538545], [82.14969327015294, 30.659291371157444, 46.74024467631314, 16.735122365360134, 35.87069605990263, 64.52030882671308, 21.67557150093574, 13.10667796417973, 67.47340393622571, 61.272078854537504, 42.7263003294052, 55.802898260560525, 75.3810774405759, 34.09006331242149, 48.222362999974884, 16.462765391014308, 47.9195085600617, 84.78344164809847, 96.15495971191352, 39.079483341451436, 0.0, 36.9956005075308, 56.1956290227989, 67.5789262294769, 33.650095637208416, 31.20115961944209, 47.80182395027711, 31.675727644564372, 100.07185328968659, 39.916145020332706, 65.34897663101881, 94.3993655806348, 75.9381049365814, 81.6799946168551, 71.36079750388681, 63.18007561715981, 50.55875132266111, 48.20288205327603, 85.28648114477393, 50.77022490646636, 77.06497809925676, 46.85359190809598, 60.45525087022401, 35.14522698492223, 29.68349796971642, 38.10295934874609], [56.044884639661426, 6.414594171845976, 20.09017384784091, 30.818081730917182, 10.790668303951838, 68.37994325899082, 47.06368025778516, 28.56202222104057, 30.543569139456576, 50.62979653996918, 49.329190535377606, 41.46669805384486, 52.469194298203305, 19.111518283537904, 67.88881766561435, 48.40882315677048, 76.74454828786476, 71.56519399815598, 82.05473230045388, 66.43484831972563, 36.9956005075308, 0.0, 20.451185422141748, 30.607967877804438, 43.76798557693388, 46.82129582596469, 70.73315089714967, 56.917663543472386, 84.25406521475016, 9.752345528203731, 44.199177677950736, 73.10334839288569, 88.39466730407808, 58.65624665915466, 41.239245445984714, 30.830529821616576, 43.22505758873829, 58.6759942633334, 76.36115825886442, 13.791470979246151, 66.54611744275866, 11.271478054279017, 23.466927809103623, 3.2242255506295803, 7.840069947409622, 11.544261253285601], [40.26590157082998, 26.057126454004884, 16.769734607097995, 46.36618095356833, 21.28703843584949, 70.26912698963237, 61.87176386506563, 48.916998520110916, 13.299266065337092, 46.85369991954076, 55.89029970004642, 37.51082093914392, 39.4715619638575, 37.046628123477284, 77.77882905191818, 65.21158289035021, 90.26312548317121, 62.94657582658344, 71.99504871287124, 79.92018498425169, 56.1956290227989, 20.451185422141748, 0.0, 13.918974239433519, 53.34394820893528, 58.029808817766224, 81.87498331240235, 70.38527974279714, 73.00268316684118, 24.79030964732424, 34.127275598690474, 59.20359244664055, 92.93971876032585, 44.82098893338989, 23.90152274473886, 12.967734929265308, 43.55025130396214, 65.38297514539163, 69.93205785325304, 10.584487919751048, 60.20067308065663, 9.418038752220632, 9.316367017090778, 23.350137574563988, 26.662515793049554, 27.858619150989927], [45.51614868271687, 36.92036684114997, 30.58984406158007, 59.369138678816086, 34.38754245906455, 83.40527116258257, 75.19520214953083, 58.687877663397444, 1.0545925813016477, 58.985100262556045, 69.75252004936453, 49.97393845225776, 47.34073202318608, 42.80752077929979, 91.69613949521222, 77.96415056629286, 103.93295643495587, 72.43170176397024, 80.35655899393022, 93.56942974537073, 67.5789262294769, 30.607967877804438, 13.918974239433519, 0.0, 67.24382915384433, 71.8557697738162, 95.75806680258741, 84.00555419465542, 80.54020058045249, 30.932223990083926, 44.346915858646305, 65.13873308730179, 106.40514473439887, 51.60416990399494, 29.390396216382847, 20.882280698136224, 56.8117800346141, 79.21833239840488, 80.33211590121542, 16.973489543651088, 70.90266180573079, 21.57822943681201, 7.166244413750202, 32.781770803976485, 37.9931690162533, 33.90816522377453], [61.08103741355512, 39.08881630460841, 37.15958423287406, 18.95538056629343, 34.530858638080915, 30.984632715494016, 17.447287274672103, 41.45955696625858, 66.64313303060412, 32.11064641928101, 9.07880298624393, 30.708483545376293, 52.467649680902056, 54.54140373783281, 24.58439255680257, 25.977659463885296, 38.25754696802531, 54.27184503027766, 65.39673210368052, 28.42876835029534, 33.650095637208416, 43.76798557693388, 53.34394820893528, 67.24382915384433, 0.0, 6.090919336122625, 28.55827367553481, 19.909217347753145, 69.93951139156206, 52.346367528918464, 42.98422339637833, 67.96256673970032, 45.96653189890252, 57.91911605189935, 56.455369717805624, 53.00541751075123, 22.046780159846364, 16.03472818916298, 53.01190586029332, 54.39619205740752, 45.873682492462954, 46.81015836577374, 61.496457098475645, 44.51010008122569, 37.14705387208227, 52.56772983431018], [67.17063545969194, 41.6252126544907, 42.23379260240739, 18.843913219923376, 38.34412156311912, 33.717407496887326, 12.326126503372988, 40.59519794462218, 71.30548080889794, 37.92589332304108, 13.228063657428557, 36.79737520134506, 58.555100695195826, 55.72673106886005, 21.132147239037742, 21.126364546827634, 32.683670962104166, 59.63251309615463, 70.63012070645631, 22.63890933019458, 31.20115961944209, 46.82129582596469, 58.029808817766224, 71.8557697738162, 6.090919336122625, 0.0, 24.103703083898093, 13.858149854161876, 75.30433874167866, 54.8378035974566, 49.071706137527705, 73.85898040218495, 45.64153211961656, 63.98431375216784, 62.310792014953904, 58.46460699958281, 28.0553651791908, 17.002811333367834, 57.78099058614652, 58.2672982599764, 51.11412318163458, 50.97400478579279, 65.85445863626111, 47.18872545467976, 39.71304373860903, 54.73362007807959], [85.54493136315749, 65.28787924498978, 65.70182097178535, 41.09657864806522, 62.447782039568814, 35.50150577165876, 26.594506138225384, 59.864523033425286, 95.17296872221398, 53.216045762800974, 28.650339091660573, 55.64936747537254, 76.4234502138614, 77.8423271883353, 6.355348570164197, 31.962785413620537, 13.681520085261184, 69.98363834946596, 79.51704094679503, 11.156209786634395, 47.80182395027711, 70.73315089714967, 81.87498331240235, 95.75806680258741, 28.55827367553481, 24.103703083898093, 0.0, 16.13315864140534, 84.84547357868007, 78.35486262941814, 68.07589869494466, 87.90343061199313, 32.4889062930523, 80.88421163600749, 83.6416563594873, 81.22804962723806, 46.07311875624372, 21.95711752603801, 64.78624059250183, 82.37046896713524, 61.361014929464694, 75.04867674131563, 89.88268177255344, 70.8945099169743, 63.413409753228926, 77.97474357310837], [80.94963616212107, 51.073539294643325, 55.23013708430139, 26.30590228315676, 49.796050926311906, 41.25354203939622, 10.671063594657856, 43.78819045181001, 83.53378973283067, 50.917650644098714, 25.088949798716957, 50.5253943851344, 72.25298696993889, 62.29392758084514, 17.196737659693582, 16.14067846032285, 19.966025689449683, 71.45253087978284, 82.07838888434948, 9.588055273127035, 31.675727644564372, 56.917663543472386, 70.38527974279714, 84.00555419465542, 19.909217347753145, 13.858149854161876, 16.13315864140534, 0.0, 87.01879872469539, 63.795841054171525, 62.86934822417022, 86.88016885755351, 46.028255546799, 77.55546702909581, 76.07628190805252, 71.82557403151688, 41.54279418757521, 24.000852315959026, 68.37150965039906, 69.41489165531922, 62.77155078801611, 62.66385360623745, 77.66512093741001, 56.673476254190405, 49.28567902555141, 63.12781707445798], [35.69101707809903, 85.18776696627201, 64.17602015544367, 83.3397061113149, 74.97413378105564, 49.76304477617592, 87.37307662991907, 102.34130654501689, 79.48568985729348, 38.82288734680644, 62.286077530764395, 45.11059308373836, 33.576155256672116, 103.15248743667371, 78.5048438531945, 95.88168124749204, 98.49859373328187, 15.673977467637771, 5.541676817902794, 92.1256089482203, 100.07185328968659, 84.25406521475016, 73.00268316684118, 80.54020058045249, 69.93951139156206, 75.30433874167866, 84.84547357868007, 87.01879872469539, 0.0, 93.20278886659334, 40.14238539551331, 17.243750327460866, 67.36010226171751, 28.953250530871244, 51.15227735679536, 60.67680905544447, 49.575629173219774, 64.01873778899535, 20.590341414811785, 82.72572609953562, 24.260984268073344, 76.34586526384821, 80.91193298611887, 87.23686545659497, 84.0077317145553, 95.6114442749418], [63.52472770558742, 13.264048396427887, 29.14742804349294, 37.50152972615387, 20.530224712610455, 77.96097103954772, 53.495000570573886, 28.96551139084176, 31.1995239838741, 60.30989249212437, 58.46133078595195, 51.078438404371504, 60.79584498758493, 12.32955897215529, 75.96813531509696, 53.47123135608704, 83.27998213537387, 80.90035592014357, 91.21516412949417, 73.13194606153967, 39.916145020332706, 9.752345528203731, 24.79030964732424, 30.932223990083926, 52.346367528918464, 54.8378035974566, 78.35486262941814, 63.795841054171525, 93.20278886659334, 0.0, 53.060982282987304, 81.3437340715643, 97.55395842369505, 66.81425765366419, 47.879552613660024, 36.99709549915088, 52.972785123113695, 67.66351644048923, 85.95182906473889, 14.89276786899592, 76.11261301617539, 17.51601400888003, 24.042176410548183, 7.934986427454185, 15.202652719430777, 3.101608210887717], [18.111130463304544, 45.612826034924524, 24.112157034679782, 49.404183211918394, 35.41852808343881, 43.716503039991906, 58.8616374896405, 64.83390402283932, 43.334127627836956, 17.321433694145888, 39.53711151590578, 12.494900263710457, 10.073503236360292, 63.21129104022568, 62.3243912203923, 65.97103936518388, 80.03493957234532, 28.839361822386863, 38.37558416774233, 70.90155122842748, 65.34897663101881, 44.199177677950736, 34.127275598690474, 44.346915858646305, 42.98422339637833, 49.071706137527705, 68.07589869494466, 62.86934822417022, 40.14238539551331, 53.060982282987304, 0.0, 29.755261544754884, 67.62382471973157, 16.331525768999178, 18.481977823756356, 23.473108279423943, 22.018119287917898, 46.80054294747398, 36.04535091367847, 43.109239680655925, 26.556768476036464, 36.31940034065026, 42.89383806971452, 47.237509493265954, 44.621541795522695, 55.490249950572945], [19.62564833776479, 75.10724098331572, 53.27388880846954, 78.01036612528947, 64.98943046112933, 55.24256534091439, 85.11930137717745, 94.55083995809623, 64.09178447579893, 35.97886900314025, 61.84679466649778, 38.777758246660696, 20.6363628937187, 92.21482705941435, 81.60707127962225, 93.03818958554004, 101.16688955996347, 20.69913273933519, 19.830953895643486, 93.44281206635233, 94.3993655806348, 73.10334839288569, 59.20359244664055, 65.13873308730179, 67.96256673970032, 73.85898040218495, 87.90343061199313, 86.88016885755351, 17.243750327460866, 81.3437340715643, 29.755261544754884, 0.0, 76.36076519546086, 14.539225246695414, 35.99807820298156, 46.37492912012, 46.016204711641194, 66.04355306448292, 30.261664797386555, 69.44608529993185, 27.79540877933104, 63.94935583706947, 66.34145050790029, 76.24702197824055, 74.2184689115695, 84.00656356048458], [81.46184375301614, 84.44759081161916, 76.30042303222413, 64.3213376089591, 78.14509147808732, 23.909220910927726, 54.4657740726096, 86.20390915660235, 105.58241763931485, 50.304446787500765, 39.09438546617058, 57.565456046580366, 72.5998824411057, 100.50209302387563, 28.949206322211836, 61.946084186313094, 43.43021957288776, 55.773993096994985, 61.84565786352757, 43.62003671144363, 75.9381049365814, 88.39466730407808, 92.93971876032585, 106.40514473439887, 45.96653189890252, 45.64153211961656, 32.4889062930523, 46.028255546799, 67.36010226171751, 97.55395842369505, 67.62382471973157, 76.36076519546086, 0.0, 74.76874396036989, 85.93069478930589, 87.69393735235876, 49.648303609908545, 30.039201606954464, 47.174794597380824, 96.92970353802157, 48.89227750888885, 88.81623558562782, 102.06480321897665, 89.6226115373604, 82.51289761885492, 98.09096481730337], [7.720406004399412, 60.86864443217997, 38.966167660909, 65.67644243243485, 50.83742911414725, 51.677521422188846, 74.44104599811315, 80.92353662650929, 50.54999525610665, 27.678192669619012, 53.14471058830009, 27.363024854877043, 6.40453756881193, 77.76241610501046, 74.80175155389368, 81.86130737128009, 93.55560662847249, 23.87896330611764, 29.260630859574963, 84.99674679096353, 81.6799946168551, 58.65624665915466, 44.82098893338989, 51.60416990399494, 57.91911605189935, 63.98431375216784, 80.88421163600749, 77.55546702909581, 28.953250530871244, 66.81425765366419, 16.331525768999178, 14.539225246695414, 74.76874396036989, 0.0, 22.214678683159274, 32.118074061077884, 36.0137158408098, 58.99997054756398, 33.62243201145467, 54.97487950120066, 26.905620163462633, 49.41033116137757, 52.26230359581443, 61.817132957505706, 60.06121872090657, 69.4914931588281], [16.56081978055088, 45.087608606900694, 24.652455233182938, 57.47976182559453, 36.309332550384404, 62.03035927220724, 70.11379197998153, 67.39224890239039, 28.336085843479765, 35.676256257612735, 55.083075365830155, 28.99650948573525, 18.272283694001565, 59.730911902043054, 78.29867633218045, 75.87800166755913, 94.6242873275484, 43.88776493211001, 51.11120983242516, 84.88256222763738, 71.36079750388681, 41.239245445984714, 23.90152274473886, 29.390396216382847, 56.455369717805624, 62.310792014953904, 83.6416563594873, 76.07628190805252, 51.15227735679536, 47.879552613660024, 18.481977823756356, 35.99807820298156, 85.93069478930589, 22.214678683159274, 0.0, 10.981238828298068, 38.268995380210164, 63.35035903572639, 52.558446831232224, 34.45696593656987, 43.782768494072776, 30.525516067427844, 30.375414553784147, 44.45451711946441, 44.85095012270932, 50.81887226540536], [27.303707033803715, 35.22217500932286, 17.11238343629414, 50.66050567889501, 27.384496177102598, 64.14355897866324, 64.68831591620503, 57.97655604505616, 19.864542416649034, 38.75475864591976, 53.40993125997834, 30.257945661093224, 27.11963136960065, 48.97016644536967, 76.39667021211733, 69.5196274814927, 91.14582467802947, 51.68149903813467, 60.04502271066297, 81.0504084960281, 63.18007561715981, 30.830529821616576, 12.967734929265308, 20.882280698136224, 53.00541751075123, 58.46460699958281, 81.22804962723806, 71.82557403151688, 60.67680905544447, 36.99709549915088, 23.473108279423943, 46.37492912012, 87.69393735235876, 32.118074061077884, 10.981238828298068, 0.0, 38.26241436597342, 62.428431358341655, 59.452660781649826, 23.48934792583156, 50.029541101518035, 19.819654968458185, 20.23662683438371, 34.00984704929602, 35.23223032400291, 39.97052637953951], [39.76899924537233, 41.42304574673607, 27.280228336268628, 33.8275860849392, 32.44401645320581, 26.730784598539532, 39.10394097323179, 54.03025350200846, 55.97121427912815, 10.759499790607798, 17.52702486643689, 9.581964035535428, 30.84618718890599, 59.73177433151688, 40.39492255163384, 47.125780408260255, 58.070288131704324, 34.22508712032111, 45.59752566919326, 49.13115592272756, 50.55875132266111, 43.22505758873829, 43.55025130396214, 56.8117800346141, 22.046780159846364, 28.0553651791908, 46.07311875624372, 41.54279418757521, 49.575629173219774, 52.972785123113695, 22.018119287917898, 46.016204711641194, 49.648303609908545, 36.0137158408098, 38.268995380210164, 38.26241436597342, 0.0, 25.114686886830597, 35.61346231705584, 48.779529761056054, 26.709567084629878, 40.63351642226226, 52.798536960323325, 45.38994688178018, 39.74290742148085, 54.43028468293326], [63.891074475911665, 54.49332856450131, 48.631751319874176, 34.805828789963094, 48.72155384279617, 17.436509798544318, 28.308111937729095, 57.157065389847226, 78.49650991139316, 31.3222039835855, 9.567921132426012, 34.613623569847825, 54.717940443966505, 70.49401014482618, 15.802450642826548, 36.964176487789445, 35.13020892734341, 48.749261008533296, 58.872339955310935, 28.107037138242763, 48.20288205327603, 58.6759942633334, 65.38297514539163, 79.21833239840488, 16.03472818916298, 17.002811333367834, 21.95711752603801, 24.000852315959026, 64.01873778899535, 67.66351644048923, 46.80054294747398, 66.04355306448292, 30.039201606954464, 58.99997054756398, 63.35035903572639, 62.428431358341655, 25.114686886830597, 0.0, 44.701437063167255, 68.08669113650639, 40.04003662697162, 60.12950187165247, 74.1560960925595, 59.74797005990349, 52.553668765573626, 68.10944193584568], [41.32143563741533, 75.8024466259387, 57.23578319568273, 68.74919571745032, 66.0052266245937, 29.40244867974419, 70.09081951152, 89.61790349133162, 79.30924689737299, 26.005589581892327, 44.55296370413086, 34.89546356749585, 34.71557461662422, 94.23917260336071, 58.48865043517283, 78.83867132925573, 78.4675024481823, 10.020438934191104, 15.067651482500233, 72.66446702582572, 85.28648114477393, 76.36115825886442, 69.93205785325304, 80.33211590121542, 53.01190586029332, 57.78099058614652, 64.78624059250183, 68.37150965039906, 20.590341414811785, 85.95182906473889, 36.04535091367847, 30.261664797386555, 47.174794597380824, 33.62243201145467, 52.558446831232224, 59.452660781649826, 35.61346231705584, 44.701437063167255, 0.0, 78.20208590889733, 9.878811191894435, 70.72467246907868, 78.87127518332895, 78.9813527894394, 74.30217658717719, 87.89500142161305], [50.728004096852054, 20.19049709804468, 21.706483173701024, 43.824820323032625, 19.929126482011, 75.28367553244674, 59.98069966445721, 41.726847134234845, 17.0196450579125, 53.856181455445565, 58.52661531264383, 44.342886820681294, 49.38748824530466, 27.209313544443706, 78.94752198417835, 61.93307713786003, 89.36561748865681, 71.86989837160425, 81.40051870899522, 78.99665332369848, 50.77022490646636, 13.791470979246151, 10.584487919751048, 16.973489543651088, 54.39619205740752, 58.2672982599764, 82.37046896713524, 69.41489165531922, 82.72572609953562, 14.89276786899592, 43.109239680655925, 69.44608529993185, 96.92970353802157, 54.97487950120066, 34.45696593656987, 23.48934792583156, 48.779529761056054, 68.08669113650639, 78.20208590889733, 0.0, 68.35176357928559, 8.167464231242656, 9.809173280548134, 15.81271687074527, 21.44856680323319, 17.9923237494345], [34.312447968990796, 66.1279764122692, 47.35798401378811, 60.382925519932336, 56.25465815081829, 27.517599915753745, 63.259598792597274, 80.66774495710894, 69.89073744697554, 16.520856613676262, 38.04139950677382, 25.102355973483895, 26.626233079527807, 84.54996916683191, 55.006937769423715, 71.8509363340762, 74.91027001463287, 8.719464105810246, 19.527132774681586, 68.09809207226246, 77.06497809925676, 66.54611744275866, 60.20067308065663, 70.90266180573079, 45.873682492462954, 51.11412318163458, 61.361014929464694, 62.77155078801611, 24.260984268073344, 76.11261301617539, 26.556768476036464, 27.79540877933104, 48.89227750888885, 26.905620163462633, 43.782768494072776, 50.029541101518035, 26.709567084629878, 40.04003662697162, 9.878811191894435, 68.35176357928559, 0.0, 60.849992111827156, 69.20769526325029, 69.19817527071025, 64.66513399183779, 78.08599200900224], [46.0099207865259, 16.64624615765672, 13.725009170280785, 37.79104520820946, 12.880217734529332, 67.11656803657462, 53.65798122176315, 39.54852113041065, 21.248225746757356, 45.9906030562714, 50.56201802457002, 36.482919103122235, 43.4921771861213, 29.205458978328085, 71.39450012122008, 56.43497569340878, 82.62503803102507, 64.80385168926678, 74.6897691568219, 72.2478986543008, 46.85359190809598, 11.271478054279017, 9.418038752220632, 21.57822943681201, 46.81015836577374, 50.97400478579279, 75.04867674131563, 62.66385360623745, 76.34586526384821, 17.51601400888003, 36.31940034065026, 63.94935583706947, 88.81623558562782, 49.41033116137757, 30.525516067427844, 19.819654968458185, 40.63351642226226, 60.12950187165247, 70.72467246907868, 8.167464231242656, 60.849992111827156, 0.0, 15.002336897202682, 14.344945035865072, 17.255493500943803, 20.36098362736051], [46.92347914812315, 29.805277343522, 25.76896156325798, 52.65098048500147, 27.88023992111727, 79.52746239085323, 68.61751529904909, 51.53180972771234, 7.238339247010091, 56.135807302186016, 64.61581107200334, 46.81746107924924, 47.355162348621775, 36.118905699208426, 86.05468398976834, 71.10312313675348, 97.62498470194505, 71.58050668935377, 80.23659208918322, 87.24835183634973, 60.45525087022401, 23.466927809103623, 9.316367017090778, 7.166244413750202, 61.496457098475645, 65.85445863626111, 89.88268177255344, 77.66512093741001, 80.91193298611887, 24.042176410548183, 42.89383806971452, 66.34145050790029, 102.06480321897665, 52.26230359581443, 30.375414553784147, 20.23662683438371, 52.798536960323325, 74.1560960925595, 78.87127518332895, 9.809173280548134, 69.20769526325029, 15.002336897202682, 0.0, 25.61554054916004, 30.92676475730882, 27.073111795468826], [59.26005442206378, 5.614692755274698, 23.129330959776766, 30.398357320403303, 13.044817542045708, 70.09850732318036, 46.5842093544826, 25.992155058563526, 32.795444200271895, 53.14652790348631, 50.529015270569204, 44.09670873529943, 55.61077017709138, 15.990101951994447, 68.31591308677058, 47.350338450447346, 76.36240096148077, 74.38784714236432, 84.95886393029137, 66.11672199684016, 35.14522698492223, 3.2242255506295803, 23.350137574563988, 32.781770803976485, 44.51010008122569, 47.18872545467976, 70.8945099169743, 56.673476254190405, 87.23686545659497,