instance_id,num_cities,city_coordinates,distance_matrix,best_route,total_distance
1909,26,"[[52.6067681807859, 22.470527409962116], [13.275589801319699, 52.673747838832796], [29.906603463999748, 45.73006824509981], [83.45461739960287, 84.67438597304047], [11.773049827719584, 9.590344217429303], [94.82353783351071, 95.30893394083003], [91.30691310893877, 33.957656001700876], [83.08100886704663, 7.3766777244624215], [28.975474353732842, 43.84863727942998], [72.65540755081271, 6.546772567833836], [73.29013860856702, 34.08192343150315], [1.464511259627732, 16.39479709681897], [64.76760551285017, 68.20496915370727], [73.05039806558601, 72.34016572515058], [42.55730032524194, 57.10828948374878], [55.75737839919401, 74.6847244319764], [17.30806604263663, 44.573874649879166], [77.95809106696744, 84.48444529883713], [81.93341424130467, 20.718046103596354], [38.64635493485148, 99.89139848362989], [64.55233950138417, 55.98846457035659], [19.436018498084785, 40.71413840982887], [34.38967523190253, 36.21443741881231], [39.64915275910476, 47.512095829823174], [80.1735502036221, 80.3163046165909], [14.066924547113569, 78.8573523338983]]","[[0.0, 49.59008083268609, 32.50082642073369, 69.43277195649273, 42.816955445369416, 84.18841432089815, 40.36898984050974, 34.00740571894023, 31.866308690081365, 25.60300585598482, 23.719745568236384, 51.501892604328596, 47.323621229032625, 53.89733600609965, 36.066138768377535, 52.30916473623015, 41.6480051364544, 66.9956385446662, 29.378961177824223, 78.66946304508978, 35.582984496296156, 37.856676780019605, 22.820112572895617, 28.19538874253681, 64.07855656718165, 68.29929408354485], [49.59008083268609, 0.0, 18.022355610426576, 77.13064731763308, 43.10959630960408, 92.02079613985562, 80.24449832103215, 83.21430821612314, 18.010245732493043, 75.19082792212329, 62.828353498483864, 38.153162952230865, 53.78332936485163, 62.92690756353025, 29.615599450412493, 47.845432938352644, 9.048138499929992, 72.08152636336476, 75.730203553293, 53.60207324231908, 51.38377571581623, 13.452997414042953, 26.771505431569313, 26.87391810939308, 72.38403174181168, 26.19555983432909], [32.50082642073369, 18.022355610426576, 0.0, 66.21215658579881, 40.433963697318056, 81.68397818183594, 62.51869891898681, 65.56294650483686, 2.0992341219044013, 57.989575882090804, 44.92004451509841, 40.859646869560166, 41.47783305214579, 50.69008088888465, 17.01481853064221, 38.815392303186876, 12.651479312203616, 61.73205975570069, 57.72685935736113, 54.86194445131677, 36.132557627964275, 11.610025910427831, 10.51880043057952, 9.904185432445525, 61.01617556737462, 36.71937335099839], [69.43277195649273, 77.13064731763308, 66.21215658579881, 0.0, 103.8068420477226, 15.567464864638184, 51.321002005929614, 77.29861113770343, 68.07876896218238, 78.8704438287983, 51.60342910224354, 106.69807759257061, 24.90875556154045, 16.13631832462991, 49.32018065191726, 29.443681596410187, 77.3525517665627, 5.499807195263436, 63.974428239294674, 47.321642562969885, 34.353721726509406, 77.65876879742753, 68.96183846010936, 57.44523079471955, 5.455114577529463, 69.6310979358383], [42.816955445369416, 43.10959630960408, 40.433963697318056, 103.8068420477226, 0.0, 119.35267144965276, 83.18293870757131, 71.34231102015428, 38.334762984725835, 60.95838588995692, 66.21321366970433, 12.351783126240175, 79.01960002863179, 87.70663319450605, 56.61824088601781, 78.5614377121463, 35.41869288973748, 99.9479167398354, 71.03733162158093, 94.21494005182142, 70.27402785340628, 32.05326276331075, 34.93356671553969, 47.06523515285224, 98.3910053107377, 69.30498015752732], [84.18841432089815, 92.02079613985562, 81.68397818183594, 15.567464864638184, 119.35267144965276, 0.0, 61.45198088115424, 88.71284388311068, 83.57110503347528, 91.48850906991811, 64.90326723740516, 122.2429909510492, 40.47201471196755, 31.648600738408494, 64.73831029774483, 44.17604363014574, 92.64283355024335, 20.04028066160098, 75.69647174452138, 56.36377258235497, 49.62302650964853, 93.07991067153559, 84.52461930195734, 72.99829108786471, 20.96189570649383, 82.41532094737137], [40.36898984050974, 80.24449832103215, 62.51869891898681, 51.321002005929614, 83.18293870757131, 61.45198088115424, 0.0, 27.824699580980237, 63.11132836448917, 33.15471595730921, 18.017203051288384, 91.54294720493698, 43.32681970571342, 42.5031456976878, 53.96736585363876, 54.05981428939331, 74.75649447056692, 52.26038161538263, 16.221891112799547, 84.38241988044525, 34.657809150475906, 72.1877797601216, 56.961961254118954, 53.40643260333975, 47.67678754887252, 89.3420313388633], [34.00740571894023, 83.21430821612314, 65.56294650483686, 77.29861113770343, 71.34231102015428, 88.71284388311068, 27.824699580980237, 0.0, 65.25038466362156, 10.458580466490528, 28.443475327248567, 82.11320940455249, 63.52528457720308, 65.7333091078331, 64.15141590142437, 72.64264541937227, 75.56263274192702, 77.27775945956353, 13.390634176646996, 102.63241216701806, 52.02323912265256, 71.84755447482955, 56.590302661834095, 59.13694201996826, 72.99755124004115, 99.36010606445065], [31.866308690081365, 18.010245732493043, 2.0992341219044013, 68.07876896218238, 38.334762984725835, 83.57110503347528, 63.11132836448917, 65.25038466362156, 0.0, 57.440105110136955, 45.378168400740506, 38.86600611250866, 43.29327378798458, 52.48205496528297, 18.9811583761333, 40.84280420318527, 11.689926686739016, 63.64405418784825, 57.788992423118295, 56.87105603560771, 37.59107261555187, 10.041230063363185, 9.359197543648081, 11.284872141577493, 62.85804428825993, 38.05095251240637], [25.60300585598482, 75.19082792212329, 57.989575882090804, 78.8704438287983, 60.95838588995692, 91.48850906991811, 33.15471595730921, 10.458580466490528, 57.440105110136955, 0.0, 27.542465695734414, 71.86882009512712, 62.16068393456028, 65.79457880904789, 58.84184779049948, 70.2020218615473, 67.15198213590547, 78.1178550857451, 16.938311656544073, 99.34704246828449, 50.10130357471742, 63.243278375858615, 48.41938256124783, 52.60770442943153, 74.15164413309111, 93.066805504321], [23.719745568236384, 62.828353498483864, 44.92004451509841, 51.60342910224354, 66.21321366970433, 64.90326723740516, 18.017203051288384, 28.443475327248567, 45.378168400740506, 27.542465695734414, 0.0, 73.97131323727986, 35.17123568666904, 38.258993438502564, 38.402094767356395, 44.22652065947994, 56.95676859817346, 50.61821797279085, 15.915383466910805, 74.37122261915353, 23.584861201748968, 54.26096689511693, 38.95887147781985, 36.22272021221373, 46.74397671096175, 74.24438104774111], [51.501892604328596, 38.153162952230865, 40.859646869560166, 106.69807759257061, 12.351783126240175, 122.2429909510492, 91.54294720493698, 82.11320940455249, 38.86600611250866, 71.86882009512712, 73.97131323727986, 0.0, 81.8020517505321, 90.8538577098154, 57.846398120640615, 79.65821395796249, 32.3276760671655, 102.40833923082849, 80.5849541108583, 91.40115941407291, 74.48310262245009, 30.239137459930706, 38.430255855177, 49.25802601488014, 101.39562088713438, 63.72120233810554], [47.323621229032625, 53.78332936485163, 41.47783305214579, 24.90875556154045, 79.01960002863179, 40.47201471196755, 43.32681970571342, 63.52528457720308, 43.29327378798458, 62.16068393456028, 35.17123568666904, 81.8020517505321, 0.0, 9.257672664127464, 24.82808805011709, 11.09826207592528, 53.01732277448204, 20.952571505980565, 50.494285320905774, 41.06518641670554, 12.218401028396498, 53.016021694067305, 44.11590154168264, 32.54430326709199, 19.59662160959451, 51.807647290791174], [53.89733600609965, 62.92690756353025, 50.69008088888465, 16.13631832462991, 87.70663319450605, 31.648600738408494, 42.5031456976878, 65.7333091078331, 52.48205496528297, 65.79457880904789, 38.258993438502564, 90.8538577098154, 9.257672664127464, 0.0, 34.08576042331398, 17.45123161017506, 62.27499096293331, 13.098434141517396, 52.38082865514953, 44.076168280073354, 18.428107065466477, 62.24714692383554, 52.912377906178676, 41.61822008148593, 10.693834111166812, 59.342428915554], [36.066138768377535, 29.615599450412493, 17.01481853064221, 49.32018065191726, 56.61824088601781, 64.73831029774483, 53.96736585363876, 64.15141590142437, 18.9811583761333, 58.84184779049948, 38.402094767356395, 57.846398120640615, 24.82808805011709, 34.08576042331398, 0.0, 21.981199390563468, 28.189277874493733, 44.751199898454495, 53.61649149653003, 42.96149333464008, 22.023527333210847, 28.343638841287422, 22.433527448370608, 10.027175819245997, 44.19948213858353, 35.843036239117886], [52.30916473623015, 47.845432938352644, 38.815392303186876, 29.443681596410187, 78.5614377121463, 44.17604363014574, 54.05981428939331, 72.64264541937227, 40.84280420318527, 70.2020218615473, 44.22652065947994, 79.65821395796249, 11.09826207592528, 17.45123161017506, 21.981199390563468, 0.0, 48.83659381337054, 24.26738906486277, 59.97989014833478, 30.46577654916384, 20.661594168946745, 49.731699144047255, 44.006155495801956, 31.58839467941644, 25.057217342695733, 41.89874420552895], [41.6480051364544, 9.048138499929992, 12.651479312203616, 77.3525517665627, 35.41869288973748, 92.64283355024335, 74.75649447056692, 75.56263274192702, 11.689926686739016, 67.15198213590547, 56.95676859817346, 32.3276760671655, 53.01732277448204, 62.27499096293331, 28.189277874493733, 48.83659381337054, 0.0, 72.60357556606574, 68.88785223411114, 59.290395646725095, 48.603644284123206, 4.40746474692713, 19.01740159209349, 22.533470646463236, 72.31590695497367, 34.43634475818593], [66.9956385446662, 72.08152636336476, 61.73205975570069, 5.499807195263436, 99.9479167398354, 20.04028066160098, 52.26038161538263, 77.27775945956353, 63.64405418784825, 78.1178550857451, 50.61821797279085, 102.40833923082849, 20.952571505980565, 13.098434141517396, 44.751199898454495, 24.26738906486277, 72.60357556606574, 0.0, 63.89019377547095, 42.22306009942324, 31.49182580791518, 73.07990656066502, 65.02461471715763, 53.24029845459664, 4.720344895575184, 64.13848559565278], [29.378961177824223, 75.730203553293, 57.72685935736113, 63.974428239294674, 71.03733162158093, 75.69647174452138, 16.221891112799547, 13.390634176646996, 57.788992423118295, 16.938311656544073, 15.915383466910805, 80.5849541108583, 50.494285320905774, 52.38082865514953, 53.61649149653003, 59.97989014833478, 68.88785223411114, 63.89019377547095, 0.0, 90.23408020528251, 39.320531251943734, 65.6183524801104, 50.00545233060539, 50.05876416599366, 59.62423617299307, 89.36464262980395], [78.66946304508978, 53.60207324231908, 54.86194445131677, 47.321642562969885, 94.21494005182142, 56.36377258235497, 84.38241988044525, 102.63241216701806, 56.87105603560771, 99.34704246828449, 74.37122261915353, 91.40115941407291, 41.06518641670554, 44.076168280073354, 42.96149333464008, 30.46577654916384, 59.290395646725095, 42.22306009942324, 90.23408020528251, 0.0, 50.976343950450904, 62.21724146774791, 63.81907781019552, 52.38890101896975, 45.90960952561013, 32.35088090940789], [35.582984496296156, 51.38377571581623, 36.132557627964275, 34.353721726509406, 70.27402785340628, 49.62302650964853, 34.657809150475906, 52.02323912265256, 37.59107261555187, 50.10130357471742, 23.584861201748968, 74.48310262245009, 12.218401028396498, 18.428107065466477, 22.023527333210847, 20.661594168946745, 48.603644284123206, 31.49182580791518, 39.320531251943734, 50.976343950450904, 0.0, 47.63179044011399, 36.066583780883306, 26.306226201154985, 28.911347687696512, 55.423489159799], [37.856676780019605, 13.452997414042953, 11.610025910427831, 77.65876879742753, 32.05326276331075, 93.07991067153559, 72.1877797601216, 71.84755447482955, 10.041230063363185, 63.243278375858615, 54.26096689511693, 30.239137459930706, 53.016021694067305, 62.24714692383554, 28.343638841287422, 49.731699144047255, 4.40746474692713, 73.07990656066502, 65.6183524801104, 62.21724146774791, 47.63179044011399, 0.0, 15.615990481599564, 21.325642352296803, 72.50778803652167, 38.51924114402671], [22.820112572895617, 26.771505431569313, 10.51880043057952, 68.96183846010936, 34.93356671553969, 84.52461930195734, 56.961961254118954, 56.590302661834095, 9.359197543648081, 48.41938256124783, 38.95887147781985, 38.430255855177, 44.11590154168264, 52.912377906178676, 22.433527448370608, 44.006155495801956, 19.01740159209349, 65.02461471715763, 50.00545233060539, 63.81907781019552, 36.066583780883306, 15.615990481599564, 0.0, 12.461909541921328, 63.5699449249136, 47.238039627522156], [28.19538874253681, 26.87391810939308, 9.904185432445525, 57.44523079471955, 47.06523515285224, 72.99829108786471, 53.40643260333975, 59.13694201996826, 11.284872141577493, 52.60770442943153, 36.22272021221373, 49.25802601488014, 32.54430326709199, 41.61822008148593, 10.027175819245997, 31.58839467941644, 22.533470646463236, 53.24029845459664, 50.05876416599366, 52.38890101896975, 26.306226201154985, 21.325642352296803, 12.461909541921328, 0.0, 52.13773012288752, 40.45955394707982], [64.07855656718165, 72.38403174181168, 61.01617556737462, 5.455114577529463, 98.3910053107377, 20.96189570649383, 47.67678754887252, 72.99755124004115, 62.85804428825993, 74.15164413309111, 46.74397671096175, 101.39562088713438, 19.59662160959451, 10.693834111166812, 44.19948213858353, 25.057217342695733, 72.31590695497367, 4.720344895575184, 59.62423617299307, 45.90960952561013, 28.911347687696512, 72.50778803652167, 63.5699449249136, 52.13773012288752, 0.0, 66.12272300391845], [68.29929408354485, 26.19555983432909, 36.71937335099839, 69.6310979358383, 69.30498015752732, 82.41532094737137, 89.3420313388633, 99.36010606445065, 38.05095251240637, 93.066805504321, 74.24438104774111, 63.72120233810554, 51.807647290791174, 59.342428915554, 35.843036239117886, 41.89874420552895, 34.43634475818593, 64.13848559565278, 89.36464262980395, 32.35088090940789, 55.423489159799, 38.51924114402671, 47.238039627522156, 40.45955394707982, 66.12272300391845, 0.0]]",Route_4,1296.0138006342963
