instance_id,num_cities,city_coordinates,distance_matrix,best_route,total_distance
269,69,"[[98.23412635420816, 85.61665369057101], [64.59667094065415, 78.1447611294771], [25.38041798881422, 95.79611260315136], [47.0305639446855, 20.541309306094966], [50.09456504587146, 69.20934888642229], [16.77404981990298, 62.96504086948808], [97.28070193890638, 26.512666452152388], [77.73544076072592, 87.59483477109465], [43.73347395318995, 73.13662540126016], [55.89421735973754, 16.52147929294302], [58.05735229568152, 35.88446715160445], [80.57384077620826, 19.387582409731806], [71.74867731284179, 25.434833612489594], [15.94903287567222, 2.900205625134389], [80.47474740853501, 48.556653402346164], [87.86499625193088, 26.18354087554907], [73.52822410211017, 53.569707430686385], [23.316431390948534, 55.753664776417914], [51.46527539193105, 22.266808888031854], [38.347357944064974, 1.59837592024894], [23.644751532167707, 56.8195805936583], [27.065424244624303, 44.47981498765673], [47.73751800136373, 37.3877148062546], [36.120672568971926, 87.27225485761736], [33.04580466750089, 5.8258046565754835], [59.07797824436819, 28.552908718766755], [73.12579544011622, 82.8551312275774], [77.45133546274123, 45.75194199873655], [0.4398596919679143, 52.92933396900427], [11.828530105217682, 36.60887534522327], [93.64686559708124, 78.34504729424089], [31.70472105666472, 90.15189090994333], [16.58346417034833, 7.122835305852293], [62.698294810261835, 53.61218243000351], [72.54480138172826, 52.18674613858825], [7.591634088915999, 19.147389612231724], [91.64677216994744, 58.025780066883556], [76.95144465836108, 79.67658902829768], [56.76788917581502, 59.34730834201522], [74.93882777458666, 2.5982815465176667], [34.295553258400844, 24.503259803796908], [2.567420084260219, 19.443458118324063], [48.63169166147353, 54.19127773158651], [8.649205815090767, 31.446633863380626], [69.09651178133412, 98.8131900996892], [42.48911768802706, 21.623150319893615], [24.04716892345544, 52.28701850834065], [38.38433231323758, 55.829774351186664], [97.2537572949353, 35.61182383627822], [45.207381605370244, 61.56757253472478], [14.833713189475583, 68.33162699547388], [87.49936852981244, 32.21675123060849], [94.52986302351978, 52.11526021307738], [23.893250606465124, 31.17767043384163], [53.20494802183138, 13.030566791413067], [74.07147247890923, 71.63515824825825], [80.70300347092737, 45.934526416697416], [58.40421508504331, 13.719551786036376], [44.553181268300754, 95.71041543248054], [12.525787372431928, 58.83684521983717], [74.03670925079915, 92.60656617280884], [47.41525350177288, 44.393090249896275], [21.650907197843516, 53.710185441695494], [47.49056746632628, 51.06824157930001], [29.648734867710445, 19.273104505846305], [68.57094280179469, 76.38207801027586], [48.59676304449155, 12.511646894895168], [10.848374485992052, 72.67869726873218], [33.11302635963883, 60.98088141689042]]","[[0.0, 34.457329918949966, 73.56143151368646, 82.80462094704642, 50.8587948529588, 84.55081095040488, 59.11167672799381, 20.59391442751421, 55.911288826484856, 81.03586254676803, 63.93327421379627, 68.54323868492787, 65.75203783027092, 116.67410762175759, 41.095488339953384, 60.33086903038177, 40.464655820532485, 80.65022706412455, 78.74343310294189, 103.17701308964666, 79.95527659442982, 82.20233365563456, 69.82791706078369, 62.135514453129, 103.0344450846196, 69.20603243220089, 25.259736491205985, 44.956864164569176, 103.11246026831714, 99.33624414829812, 8.597628791534664, 66.6838072239489, 113.2612473870741, 47.82344094885082, 42.16040958619583, 112.40206613394416, 28.366345243389908, 22.096083552492566, 49.086936457436856, 86.22482849714604, 88.44765707404517, 116.32287178703653, 58.719296501325054, 104.68929761956652, 31.986702802798284, 84.86857171441915, 81.33000205467158, 66.85249454975963, 50.0144392375757, 58.22537215938501, 85.17277184580949, 54.4681981369123, 33.70556232666851, 92.1421114635856, 85.41877377146724, 27.916232860128368, 43.38215640708279, 82.192548895752, 54.62167968324155, 89.79464077963812, 25.186779686686723, 65.43653429651755, 82.96392090823744, 61.3881222063206, 95.4223372370544, 31.06737591846585, 88.36407559034731, 88.3383288609584, 69.62527515222722], [34.457329918949966, 0.0, 43.00563572870278, 60.222302986207076, 17.033868243497267, 50.17396733397148, 61.107438852098326, 16.184287572112144, 21.45587127128559, 62.23472955378628, 42.76324514623167, 60.89068900134264, 53.19292860892216, 89.60098114612133, 33.57930063584079, 56.93314827996623, 26.147770577515065, 46.961892776729734, 57.400166339081814, 80.92203359649614, 46.17166910697981, 50.41748781216611, 44.106324521815345, 29.903070494872065, 78.90176568313183, 49.897973852669786, 9.743384996416879, 34.85020991633014, 68.93412940252936, 67.15434829637644, 29.05088508331719, 35.015018673932346, 85.72853650952293, 24.605918994792876, 27.147584050436965, 82.03818667189019, 33.71173943171743, 12.449374696238646, 20.362565045159126, 76.25110350254718, 61.60818449903157, 85.40182045490982, 28.78628024385379, 72.87546874042509, 21.152600872898677, 60.69132062599864, 48.0924626870338, 34.42448737793538, 53.624024876338446, 25.50975740051913, 50.72129302056013, 51.32168791194431, 39.66775650609174, 62.15043069290607, 66.10317432131684, 11.495511900759078, 36.01268065318236, 64.72212997476096, 26.6513356013983, 55.53532688612791, 17.27015137190003, 37.873161900911285, 49.410394781819306, 32.02743647289827, 68.4633492415413, 4.347630228638411, 67.5551829012058, 54.02552383742321, 35.858313441820435], [73.56143151368646, 43.00563572870278, 0.0, 78.30717872065867, 36.29938111989008, 33.94037189306847, 99.8491198892722, 52.99348419877653, 29.15968147089708, 84.94444913304785, 68.24358795086306, 94.2580362903171, 84.26580002552643, 93.37344675238661, 72.5737668844139, 93.54267829846505, 64.04124083208191, 40.09560660013562, 78.01908927032683, 95.08604065784051, 39.0151584071597, 51.34395433781994, 62.54103336347806, 13.711645390422646, 90.29625941829197, 75.21418772953416, 49.46807118667808, 72.22049195387893, 49.594275462268406, 60.718882725523216, 70.4616743305758, 8.476676696447926, 89.10856582353863, 56.32146922190285, 64.23593935075868, 78.6858790938756, 76.27468594730261, 54.031563294350256, 48.100817868113445, 105.55506474895168, 71.84810712291207, 79.68789569484568, 47.66113733526591, 66.48901318926576, 43.82008230362549, 76.12053559501156, 43.52951667571524, 42.02868045784211, 93.74393589660711, 39.556307227395735, 29.41990740669854, 88.88812749099499, 81.79035770878617, 64.63555318252911, 87.31746701017629, 54.3559610594517, 74.47661540010323, 88.47108572985009, 19.17295480035063, 39.13092094233082, 48.76072072685577, 55.92677965994811, 42.25085224914801, 49.89429983719792, 76.6419552023491, 47.35320657351567, 86.45982249608181, 27.30558880727451, 35.66361668100058], [82.80462094704642, 60.222302986207076, 78.30717872065867, 0.0, 48.76439458601302, 52.107865497888135, 50.60369032594373, 73.74933720091035, 52.698558590936464, 9.732593960337649, 18.894511213838815, 33.56311228637123, 25.197851269866288, 35.73891594153967, 43.62766223848101, 41.22239244559138, 42.343843430832834, 42.453151361760995, 4.758572730094091, 20.838253086806777, 43.162590165645916, 31.171442980861897, 16.86123252654036, 67.61689747415296, 20.300728290650817, 14.468099960164844, 67.55718695492246, 39.50948418439602, 56.74220531781804, 38.695605239571925, 74.25868100868327, 71.2777281586214, 33.27283169740188, 36.5945411182295, 40.649846055220394, 39.463555342635395, 58.27256288010976, 66.2739798903398, 40.00901228264246, 33.17865933367909, 13.33707422660701, 44.47669546159386, 33.68803919794153, 39.90056084282457, 81.3227728062461, 4.668523758240268, 39.192173956741016, 36.33225958653424, 52.43557531391298, 41.06675380824754, 57.62422809378903, 42.11935527381539, 57.035934189395746, 25.465023984886223, 9.722873641777042, 57.808235867226166, 42.174028250507554, 13.26259084511916, 75.20991916472899, 51.54733433672257, 76.95929529017515, 23.854882943464958, 41.76483354074732, 30.530397921625088, 17.428032748320998, 59.85131051849763, 8.1809814850095, 63.46225695317914, 42.767474147246666], [50.8587948529588, 17.033868243497267, 36.29938111989008, 48.76439458601302, 0.0, 33.90056220085953, 63.635982005317736, 33.19704959028012, 7.475759540902127, 53.00610879192331, 34.2630080907286, 58.40543351353346, 48.83757534458812, 74.58431368077416, 36.73539588934182, 57.252298019207835, 28.173298735292104, 29.96871496926654, 46.96254793293567, 68.62390647671813, 29.207858416153787, 33.7918802805328, 31.90880860048072, 22.83721180617686, 65.63637642021416, 41.63709691850621, 26.77022504901601, 36.03668721644329, 52.25541741766428, 50.27007365411109, 44.50015582783421, 27.87070914695764, 70.55302297194494, 20.05306972617946, 28.17413913230344, 65.67114211206044, 43.0308973694887, 28.824557216155952, 11.907690735101239, 71.09340111919485, 47.41564271972143, 68.81477597249223, 15.089150398564206, 56.069068546569554, 35.17756947712107, 48.190135126662994, 31.061746734254946, 17.78039834751673, 57.90322187131922, 9.07090446374961, 35.27177440045435, 52.607714310708886, 47.60991045921611, 46.18351918458717, 56.264820624753355, 24.099307896959044, 38.45248839565066, 56.10853648078433, 27.0742213599751, 38.97437476329352, 33.476201186453906, 24.96047681967017, 32.39237162144873, 18.327044980650935, 53.959804248262486, 19.819802674692596, 56.717482507207215, 39.39923668880152, 18.87009096557724], [84.55081095040488, 50.17396733397148, 33.94037189306847, 52.107865497888135, 33.90056220085953, 0.0, 88.37475112311131, 65.74890062256148, 28.81443529700766, 60.72389908643102, 49.37275094823411, 77.26194543162912, 66.56369975249757, 60.07050096253252, 65.30988059001211, 80.04249750229934, 57.5265902768573, 9.736873305987933, 53.477352384965364, 65.04825278523789, 9.218092211554364, 21.15693653278129, 40.16137410957567, 31.066581138894247, 59.410961285063784, 54.5327167790216, 59.75897362654566, 63.07157652791669, 19.1708419253811, 26.81614488308836, 78.39626523717456, 31.016926970647273, 55.84253079061847, 46.866963192888214, 56.80271443405658, 44.76944628157933, 75.03546394461084, 62.454741144351054, 40.15713106120548, 83.8289152123245, 42.2647806748178, 45.78161742022737, 33.04373258737255, 32.54877985893137, 63.42499372436844, 48.68692462742821, 12.919691290414962, 22.757775324686662, 85.0010693893474, 28.467653120149, 5.706588550701871, 77.1202179868204, 78.50913467392168, 32.57483597890244, 61.811504149739115, 57.949681437661546, 66.15851825306802, 64.48402015283521, 42.941118980506744, 5.9236587633311055, 64.47970368578167, 35.830164845984086, 10.46117043519103, 32.9399193938609, 45.54934487217966, 53.50640156294217, 59.65090142260964, 11.378433495235463, 16.459011000037975], [59.11167672799381, 61.107438852098326, 99.8491198892722, 50.60369032594373, 63.635982005317736, 88.37475112311131, 0.0, 64.13305326480942, 71.00069839827196, 42.575402836287175, 40.32743241994112, 18.16276500209225, 25.55476482255753, 84.68995630485884, 27.719622442183866, 9.42145621594227, 36.00366189572337, 79.53457927650842, 46.01174432833525, 63.98328615445133, 79.62890327691503, 72.47760790880189, 50.722714353366825, 86.21065349324732, 67.48383716429673, 38.257165161414, 61.301980758661486, 27.628852643630598, 100.37922618645912, 86.04654034362325, 51.95960421633782, 91.37921075527639, 82.99403433595224, 43.93548280200336, 35.651411530542, 89.99097840744288, 32.01277080067448, 56.91819889333266, 52.14788304440395, 32.72700943546701, 63.01719344261408, 94.97673118266765, 55.97170466701711, 88.76872275503914, 77.59970550553798, 55.00931805366092, 77.63676694608989, 65.78962813884131, 9.099197278602677, 62.77321985542113, 92.44637047917375, 11.3230325628637, 25.749949942191353, 73.53557149584553, 46.09163801190688, 50.74157662131164, 25.534853259371403, 40.92731377648648, 86.99724076092097, 90.70969119215226, 70.06202092695423, 52.97426264728321, 80.37145570264269, 55.51606758968614, 68.01833743259044, 57.54310105359692, 50.65722510084633, 97.98902811174933, 72.83919571289567], [20.59391442751421, 16.184287572112144, 52.99348419877653, 73.74933720091035, 33.19704959028012, 65.74890062256148, 64.13305326480942, 0.0, 36.948255235704266, 74.35362061510918, 55.328015371789135, 68.26628589087389, 62.447634707959146, 104.83673213864485, 39.13417183856115, 62.24110307806631, 34.28425239878408, 63.049890463170684, 70.41216197704733, 94.58758905299014, 62.23278019586043, 66.53086129510315, 58.486154473007545, 41.616018423847315, 93.18442927879113, 61.919705583262015, 6.611627610675672, 41.843857271759745, 84.71306746079185, 83.32639996261538, 18.404673555647374, 46.101688608673236, 101.07080161374034, 37.16095287356106, 35.78652648372332, 98.00615472095512, 32.678037543246404, 7.9569633360878065, 35.17898476118151, 85.04254878737227, 76.60006956960817, 101.46349822515178, 44.30379029523217, 89.02543638835205, 14.159187483382691, 74.7968344214774, 64.25785883545332, 50.572015972535574, 55.52655316313841, 41.65924881626028, 65.7852453461605, 56.23225428610348, 39.25369829658007, 77.98639543192257, 78.49570136866558, 16.3748568935345, 41.76586789020956, 76.36264611867907, 34.16028387607604, 71.26935426992219, 6.2288093906823985, 52.77977344677478, 65.52590606120937, 47.42303628821279, 83.54753204062177, 14.481503271986037, 80.53910628199971, 68.53007217878897, 51.9563507198312], [55.911288826484856, 21.45587127128559, 29.15968147089708, 52.698558590936464, 7.475759540902127, 28.81443529700766, 71.00069839827196, 36.948255235704266, 0.0, 57.90646293002179, 39.91111104727469, 65.16265993772592, 55.32009182152418, 75.53230983465424, 44.205160316278004, 64.43743792922588, 35.64535615341422, 26.814603242882292, 51.45404731969716, 71.7407233338998, 25.88054713027081, 33.1517218884393, 35.972447476776125, 16.055241045932167, 68.15403776801001, 47.15041468711413, 30.957356442160723, 43.43748461678843, 47.777313265059284, 48.49950480261182, 50.184403194735296, 20.83770996478853, 71.37887302254755, 27.2188960738433, 35.62288631364638, 64.96976350471141, 50.23964363654849, 33.85564505385448, 18.974752835180325, 77.1325616123855, 49.54067618006088, 67.6579648231676, 19.568309457961657, 54.48817546233778, 36.091129971012045, 51.528502185423775, 28.6750189766812, 18.11464627183491, 65.36460404126973, 11.662563525908277, 29.296487534848495, 59.91568768055658, 54.97427522904933, 46.413234797908466, 60.8477370379813, 30.375130586683717, 45.898805016348824, 61.2014647075932, 22.588667876970323, 34.32788101470643, 36.01894866802586, 28.978376656432204, 29.411329857843942, 22.38591780963657, 55.674579103543465, 25.04860917182384, 60.81973034865241, 32.88828765901411, 16.14174770280179], [81.03586254676803, 62.23472955378628, 84.94444913304785, 9.732593960337649, 53.00610879192331, 60.72389908643102, 42.575402836287175, 74.35362061510918, 57.90646293002179, 0.0, 19.48344044479237, 24.845489712518777, 18.188232064452173, 42.20375409604399, 40.378890991452565, 33.39889424815718, 41.03083477016185, 50.9948675499604, 7.254263512611134, 23.034567276714586, 51.61361268702574, 40.15928096084768, 22.403828443368358, 73.46199913285326, 25.227909514698133, 12.44554648856696, 68.5352512370489, 36.31981953288914, 66.33790520100943, 48.428176440728365, 72.439050306749, 77.50205962608521, 40.41868163502059, 37.7096238267406, 39.36055395245923, 48.37390779789862, 54.78003430257035, 66.57307794589781, 42.83473982858498, 23.59136751736625, 23.026313449743043, 53.40679046634267, 38.36349819719224, 49.54645653127236, 83.34402345396859, 14.34307304853878, 47.8895425899125, 43.031826997323556, 45.55274743014373, 46.29642507568073, 66.1079148640627, 35.287776094287324, 52.53218400226528, 35.19752565028686, 4.406658560081591, 58.033871244791264, 38.47860716573512, 3.761766384958034, 79.99691685645782, 60.59216874391264, 78.21822330847183, 29.13279124012026, 50.552983649453715, 35.55418563265215, 26.389331036454596, 61.18815773277415, 8.326559634298937, 71.99139595108893, 49.95619181444715], [63.93327421379627, 42.76324514623167, 68.24358795086306, 18.894511213838815, 34.2630080907286, 49.37275094823411, 40.32743241994112, 55.328015371789135, 39.91111104727469, 19.48344044479237, 0.0, 27.91306969289339, 17.22344976557579, 53.48899020194815, 25.751192361117475, 31.346508718452053, 23.49714021279635, 40.02145174231948, 15.129312426161583, 39.54769183233819, 40.28034342133462, 32.161772475170515, 10.428745532104456, 55.874167937880586, 39.10371728808923, 7.402258194716397, 49.32850355053311, 21.759909074786595, 60.08579648104774, 46.23449760026061, 55.40319776944071, 60.327559660463045, 50.47093086780982, 18.32512582264096, 21.80941267412422, 53.16877352999258, 40.2304221342759, 47.69419948665268, 23.498247421114883, 37.32230387424069, 26.346820950200065, 57.87434107495772, 20.590832717561504, 49.60704892393398, 63.88964872361157, 21.11291279225604, 37.75892297223018, 28.01504942910765, 39.19735321731454, 28.718350385464753, 54.04721231957434, 29.669588133439873, 39.92095542690123, 34.486805876645946, 23.36335996620424, 39.17351093699954, 24.77557685267479, 22.167629258841355, 61.33112360655731, 50.98955837568299, 58.929927592611065, 13.625378298164675, 40.53622425953827, 18.49875529599312, 32.9087665086024, 41.84007732534219, 25.214905824376398, 59.85401369789583, 35.38431015829447], [68.54323868492787, 60.89068900134264, 94.2580362903171, 33.56311228637123, 58.40543351353346, 77.26194543162912, 18.16276500209225, 68.26628589087389, 65.16265993772592, 24.845489712518777, 27.91306969289339, 0.0, 10.698259543701205, 66.69482280820954, 29.16923931246225, 9.967246341907742, 34.90069319177626, 67.82995559641644, 29.250615785724673, 45.8206473099055, 68.13277985079877, 59.09966815018646, 37.44634641278268, 81.14439547508847, 49.4250547007952, 23.368254370809428, 63.90307607833989, 26.54862512393017, 86.87061656321627, 70.86953273178129, 60.389458050021304, 85.99871056984627, 65.1551403933865, 38.61163542415997, 33.767597114844335, 72.98260193721939, 40.193533408293206, 60.39773234723366, 46.513471469924376, 17.709714707017937, 46.560176661831925, 78.00644070372644, 47.23979358681026, 72.92855295597023, 80.25058403385982, 38.15028042602554, 65.40365071121981, 55.74933163585831, 23.26898418364171, 55.04487261523145, 81.95903779041697, 14.579112020301382, 35.5790872756322, 57.893829356906764, 28.097472095762132, 52.65064077935131, 26.54725822209658, 22.882719996484465, 84.3958692828209, 78.65609898986827, 73.51022834870149, 41.53031823115342, 68.19056518588292, 45.80575442359502, 50.92523457955002, 58.244674336325524, 32.70798051644956, 87.75866665066901, 63.10730090395997], [65.75203783027092, 53.19292860892216, 84.26580002552643, 25.197851269866288, 48.83757534458812, 66.56369975249757, 25.55476482255753, 62.447634707959146, 55.32009182152418, 18.188232064452173, 17.22344976557579, 10.698259543701205, 0.0, 60.178150335840684, 24.71361668614196, 16.133700713481687, 28.19109631676375, 57.139425690021916, 20.52931499441667, 41.03443494053506, 57.43683503279563, 48.57267153800407, 26.82176616692944, 71.36680872980514, 43.38693775314588, 13.048716689858937, 57.4368090386446, 21.10225587829701, 76.42574841204657, 60.95312338205662, 57.26273973519415, 76.10398109092935, 58.125123853967146, 29.59514165917876, 26.763756039410733, 64.46439441500294, 38.18512759878574, 54.49070396535493, 37.073979493536925, 23.05829937854086, 37.464707808795005, 69.44021120387853, 36.89618007301446, 63.385211568252316, 73.4262703858031, 29.506791742938503, 54.740056049511566, 45.133490223574796, 27.460521388132385, 44.833193058869426, 71.27024641255639, 17.14872241280113, 35.08315245204956, 48.19877633307786, 22.309991738831677, 46.25867890281691, 22.370010326601676, 17.75732244518766, 75.35417974636105, 67.99297811032609, 67.21068921908304, 30.846896263625453, 57.52635997141304, 35.29203164056374, 42.54846718116914, 51.046250678678284, 26.514522232671823, 77.07677690181161, 52.499857514954094], [116.67410762175759, 89.60098114612133, 93.37344675238661, 35.73891594153967, 74.58431368077416, 60.07050096253252, 84.68995630485884, 104.83673213864485, 75.53230983465424, 42.20375409604399, 53.48899020194815, 66.69482280820954, 60.178150335840684, 0.0, 79.0447914767935, 75.59113366472671, 76.6991634603243, 53.36447043810415, 40.45329163882936, 22.436125477673578, 54.465797365284345, 43.03995901261603, 46.90304975269904, 86.74985728867128, 17.34527991687184, 50.18134219633844, 98.2953320633437, 74.95868551238138, 52.3779355806387, 33.95957828624143, 108.29994157007015, 88.66283491461353, 4.270023944680427, 68.972444373724, 75.04827838515294, 18.270662330399148, 93.64281441625347, 98.06073266998501, 69.65956097178479, 58.990567554188196, 28.34231394928976, 21.277846788448958, 60.818831484486665, 29.464996865361098, 109.65379658198783, 32.47960529147484, 50.0463494593685, 57.488102302816635, 87.63850853867808, 65.55845414966039, 65.4409263423535, 77.32341416710706, 92.72037782935894, 29.372191122929877, 38.60864450789561, 90.01506372566215, 77.74978761284382, 43.81210731955636, 97.11813604961293, 56.041290660754115, 106.87099358278111, 52.07477810777732, 51.12890982355465, 57.57628063721395, 21.348387583812357, 90.38058958371074, 34.033132216387266, 69.96466688310508, 60.56374800773746], [41.095488339953384, 33.57930063584079, 72.5737668844139, 43.62766223848101, 36.73539588934182, 65.30988059001211, 27.719622442183866, 39.13417183856115, 44.205160316278004, 40.378890991452565, 25.751192361117475, 29.16923931246225, 24.71361668614196, 79.0447914767935, 0.0, 23.562086964104836, 8.566498510929746, 57.609635154935674, 39.14978149707799, 63.08563043337825, 57.42755781919383, 53.56469371037733, 34.59004739258135, 58.87428768925327, 63.839094950243656, 29.291151087495205, 35.07695363286278, 4.124006044067633, 80.15424871547067, 69.67820714223731, 32.57074006269586, 64.09898012976134, 76.15022886292292, 18.481359277069938, 8.721331163405369, 78.59295772419411, 14.64508439916498, 31.318749266737168, 26.04713729555107, 46.290585974171286, 52.0680681028451, 83.16928393618224, 32.337736325261424, 73.83536546815064, 51.52847491241605, 46.56524083000128, 56.55074922150754, 42.71418185135827, 21.192068923596523, 37.59083807742961, 68.55505053573097, 17.785884990054747, 14.498619154387473, 59.19032716062833, 44.7855421813623, 23.950351056866822, 2.6320430769435093, 41.23993266322565, 59.27761961787743, 68.72221994225988, 44.51789696746505, 33.320645184264976, 59.04915807709341, 33.07966447276361, 58.65841616318799, 30.26474547599949, 48.11910619739714, 73.68653070026349, 48.96421205810262], [60.33086903038177, 56.93314827996623, 93.54267829846505, 41.22239244559138, 57.252298019207835, 80.04249750229934, 9.42145621594227, 62.24110307806631, 64.43743792922588, 33.39889424815718, 31.346508718452053, 9.967246341907742, 16.133700713481687, 75.59113366472671, 23.562086964104836, 0.0, 30.911893411138635, 70.99936234308855, 36.60984113797746, 55.28496033703873, 71.15340302104909, 63.49284686212328, 41.662309396134546, 80.05814143102356, 58.4771852086927, 28.884360989023325, 58.55692267869879, 22.166791683738783, 91.42478849155785, 76.74784546086514, 52.48097526715387, 85.12300697303176, 73.78595606693968, 37.224900792035044, 30.1807066652312, 80.58113983777365, 32.06602603710425, 54.594979705626706, 45.46279293084899, 26.895172227043837, 53.59578870692316, 85.56345724463112, 48.20462128141491, 79.39043772603809, 75.01547810781899, 45.60446817436048, 68.95002994526367, 57.68219190621936, 13.305688764968654, 55.42293553928746, 84.320990680382, 6.044279181141262, 26.774512449032, 64.1663897299293, 37.07181774031018, 47.498534923427606, 21.009416232770423, 31.98888324069361, 81.91397684663767, 82.11111178877971, 67.84717983104441, 44.359546627200196, 71.7078918274242, 47.42723720478686, 58.62497096268437, 53.778747001052906, 41.580221551262575, 89.96310130416936, 64.87397872673243], [40.464655820532485, 26.147770577515065, 64.04124083208191, 42.343843430832834, 28.173298735292104, 57.5265902768573, 36.00366189572337, 34.28425239878408, 35.64535615341422, 41.03083477016185, 23.49714021279635, 34.90069319177626, 28.19109631676375, 76.6991634603243, 8.566498510929746, 30.911893411138635, 0.0, 50.25926578210867, 38.29680356060696, 62.75916381372586, 49.98922395088373, 47.343615358595464, 30.44696054571366, 50.350636686827755, 62.5963779733571, 28.890306733260775, 29.28818867378973, 8.746899970669737, 73.0911697150906, 63.98845258592715, 31.91515628910196, 55.56493098261173, 73.48481213058028, 10.830012585034314, 1.6969685272288069, 74.380977854306, 18.658466373890292, 26.330357113575847, 17.728211955303806, 50.99094095411565, 48.826845476413375, 78.74031114358908, 24.904290337342154, 68.54719102889499, 45.460013177676004, 44.542211869393284, 49.49767784921412, 35.21648807807397, 29.755445022283915, 29.428489019104354, 60.522391563045794, 25.517476660166878, 21.051941812908318, 54.452124979484964, 45.3481804971932, 18.07361701599884, 10.477282477225788, 42.62359151515919, 51.140907091227554, 61.22940492482593, 39.04017030699097, 27.67846701782546, 51.87750710334189, 26.157539916602115, 55.692607657174314, 23.34478291505357, 48.03480077431621, 65.5279866967521, 41.089094762684276], [80.65022706412455, 46.961892776729734, 40.09560660013562, 42.453151361760995, 29.96871496926654, 9.736873305987933, 79.53457927650842, 63.049890463170684, 26.814603242882292, 50.9948675499604, 40.02145174231948, 67.82995559641644, 57.139425690021916, 53.36447043810415, 57.609635154935674, 70.99936234308855, 50.25926578210867, 0.0, 43.746164813400334, 56.20252720421281, 1.1153343196429586, 11.880851673026752, 30.556465593061354, 34.02014275178271, 50.8670022755523, 44.93071737082745, 56.70504590233431, 55.05108806721069, 23.05025763865356, 22.326997969173526, 73.8697538894625, 35.406233415164515, 49.094708702556844, 39.440044536200155, 49.35742416818364, 39.840791051209365, 68.36810644494469, 58.728365829100824, 33.643934104222474, 74.09700786608738, 33.12293658378111, 41.820480362599405, 25.363427525519462, 28.389421584464284, 62.84853603398894, 39.14695284326989, 3.542825664549174, 15.068093139853183, 76.63172918765594, 22.649839397055132, 15.171079120141712, 68.36253154348705, 71.3063169197052, 24.5827626261519, 52.14006643485301, 53.1817264738245, 58.22056452163566, 54.75417079503392, 45.24976760541408, 11.222477443997434, 62.695158724677974, 26.642370027867432, 2.6362432796037063, 24.624013595004584, 37.026063049919564, 49.734316478476, 50.08959252159136, 21.02163570826796, 11.103921234726078], [78.74343310294189, 57.400166339081814, 78.01908927032683, 4.758572730094091, 46.96254793293567, 53.477352384965364, 46.01174432833525, 70.41216197704733, 51.45404731969716, 7.254263512611134, 15.129312426161583, 29.250615785724673, 20.52931499441667, 40.45329163882936, 39.14978149707799, 36.60984113797746, 38.29680356060696, 43.746164813400334, 0.0, 24.479866819751386, 44.36074368597534, 32.99652066495343, 15.573630628426788, 66.79195192161302, 24.68974527829127, 9.87260329403901, 64.3437870557718, 35.02608735259011, 59.529685802087904, 42.15170752396977, 70.17161374073451, 70.70264400118754, 38.027367644314886, 33.29734475507519, 36.599850560238195, 43.98439698124622, 53.789001692647986, 62.81263948944339, 37.45772487348767, 30.624477615874, 17.31476453323185, 48.97929729241449, 32.049975159126184, 43.78909682314612, 78.55067773876543, 8.999205713711227, 40.65667900805408, 36.021989430193074, 47.69354777064363, 39.79586985928435, 58.85438655413956, 37.382579109661634, 52.397411714534115, 28.976197201477955, 9.398650377930723, 54.29801161450267, 37.6165601329791, 11.00929098681023, 73.76815293491977, 53.41957772699328, 73.87253265813075, 22.49388815245486, 43.33107983778044, 29.074401595966087, 22.020983319844664, 56.75443779749533, 10.168163482151108, 64.73863706714141, 42.84372131728279], [103.17701308964666, 80.92203359649614, 95.08604065784051, 20.838253086806777, 68.62390647671813, 65.04825278523789, 63.98328615445133, 94.58758905299014, 71.7407233338998, 23.034567276714586, 39.54769183233819, 45.8206473099055, 41.03443494053506, 22.436125477673578, 63.08563043337825, 55.28496033703873, 62.75916381372586, 56.20252720421281, 24.479866819751386, 0.0, 57.14497423996034, 44.34072444706313, 37.0007011257766, 85.70281010523817, 6.780679970693709, 34.00449170950385, 88.38665056297695, 58.98015306209801, 63.81101533384202, 43.920192394074846, 94.59432918337927, 88.80230651198131, 22.454102602794062, 57.43173507648617, 61.06265912175738, 35.4102023633808, 77.62009724001794, 87.10041832959683, 60.61563467219993, 36.605129088959956, 23.260499283755394, 39.983132842581846, 53.58899925309318, 42.10580413809264, 101.96190738531297, 20.448612753274233, 52.66719940768131, 54.231411035294755, 68.02116232188813, 60.36028882650686, 70.7546343974304, 57.90859220588484, 75.55414929478052, 32.92196657019007, 18.746812289924684, 78.6216461170817, 61.316351398635476, 23.435025554561733, 94.31642605762514, 62.793278896277826, 97.75592304173506, 43.744877464700046, 54.72122220053685, 50.30771202005245, 19.699291205498238, 80.66019575938485, 14.97163278599586, 76.21421241626138, 59.61275187570506], [79.95527659442982, 46.17166910697981, 39.0151584071597, 43.162590165645916, 29.207858416153787, 9.218092211554364, 79.62890327691503, 62.23278019586043, 25.88054713027081, 51.61361268702574, 40.28034342133462, 68.13277985079877, 57.43683503279563, 54.465797365284345, 57.42755781919383, 71.15340302104909, 49.98922395088373, 1.1153343196429586, 44.36074368597534, 57.14497423996034, 0.0, 12.805109020106173, 30.952525003929594, 32.909177679537486, 51.85310968856896, 45.326794439062006, 55.91264260461756, 54.933060158211234, 23.52872763487229, 23.41144368572413, 73.23688749691003, 34.292944168690774, 50.19589895008614, 39.185030886222194, 49.11901902906441, 40.949927386845395, 68.01271739895583, 58.000399710961716, 33.21944693895157, 74.639343029816, 34.026227631119475, 42.90953777723707, 25.124791600335485, 29.472916671589413, 61.88154611103953, 39.92366265552394, 4.550391061663811, 14.772777599331825, 76.60322888797413, 22.07918574463766, 14.496951715238133, 68.43033921137061, 71.04104209106566, 25.643114249911925, 52.8325935978989, 52.55811570709154, 58.08724919242041, 55.369962883331674, 44.15494840322388, 11.300474350996128, 61.80661566174504, 26.82264763498589, 3.693745178076919, 24.529591069234133, 38.023488563072604, 49.000550682316586, 50.85072140260285, 20.37790095229382, 10.342371717838981], [82.20233365563456, 50.41748781216611, 51.34395433781994, 31.171442980861897, 33.7918802805328, 21.15693653278129, 72.47760790880189, 66.53086129510315, 33.1517218884393, 40.15928096084768, 32.161772475170515, 59.09966815018646, 48.57267153800407, 43.03995901261603, 53.56469371037733, 63.49284686212328, 47.343615358595464, 11.880851673026752, 32.99652066495343, 44.34072444706313, 12.805109020106173, 0.0, 21.854824301981232, 43.74003237584303, 39.11390372588322, 35.755698243560076, 59.951836428756884, 50.401967783136, 27.934119974751752, 17.14977066523965, 74.69901131708221, 45.9070974247046, 38.79968321965355, 36.78452935473707, 46.12776314264689, 31.95246905060763, 65.98669312656358, 61.05266526194986, 33.21564061749386, 63.60759081213391, 21.244705753896667, 35.0281511520348, 23.651985094739697, 22.5614917827363, 68.69299797347173, 27.57385426759625, 8.370322096379779, 16.02932492089107, 70.74633109527524, 24.922320816218242, 26.805292227336338, 61.66558484742242, 67.89514359320358, 13.6751502851422, 40.89413057405805, 54.28610538807345, 53.65730230453, 43.912567717824125, 54.13313280844115, 20.433437240536875, 67.24942969846543, 20.350014053440844, 10.701249159265075, 21.46145010432684, 25.338740045415857, 52.34942651704971, 38.54299315986925, 32.529519897716064, 17.574375796696483], [69.82791706078369, 44.106324521815345, 62.54103336347806, 16.86123252654036, 31.90880860048072, 40.16137410957567, 50.722714353366825, 58.486154473007545, 35.972447476776125, 22.403828443368358, 10.428745532104456, 37.44634641278268, 26.82176616692944, 46.90304975269904, 34.59004739258135, 41.662309396134546, 30.44696054571366, 30.556465593061354, 15.573630628426788, 37.0007011257766, 30.952525003929594, 21.854824301981232, 0.0, 51.21931699989855, 34.81379917476432, 14.375668232352783, 52.07543170571938, 30.868612613065665, 49.78564459512709, 35.91743312977172, 61.5237456694232, 55.14624971628648, 43.43429522024822, 22.069394925999667, 28.88620149983558, 44.09536776460125, 48.51754671604146, 51.39846684180571, 23.74386977314735, 44.16124907554725, 18.619763609171155, 48.60384855053208, 16.82733708939187, 39.53723045866156, 65.03303491547321, 16.615270063819803, 27.98610173354169, 20.67828916461388, 49.54807506367411, 24.31187179037003, 45.16841897468792, 40.09667843783767, 49.05531720805114, 24.639678137239596, 24.963241985880153, 43.20144141968734, 34.05541397411594, 25.960746665429404, 58.40956607239871, 41.23022155389572, 61.1618263839136, 7.012784005947591, 30.772297783220022, 13.682755473762128, 25.599671513361223, 44.210767360478364, 24.89090309279087, 51.051565622070676, 27.758120730627684], [62.135514453129, 29.903070494872065, 13.711645390422646, 67.61689747415296, 22.83721180617686, 31.066581138894247, 86.21065349324732, 41.616018423847315, 16.055241045932167, 73.46199913285326, 55.874167937880586, 81.14439547508847, 71.36680872980514, 86.74985728867128, 58.87428768925327, 80.05814143102356, 50.350636686827755, 34.02014275178271, 66.79195192161302, 85.70281010523817, 32.909177679537486, 43.74003237584303, 51.21931699989855, 0.0, 81.50447265618182, 63.04759705847424, 37.26781587203017, 58.58464026635088, 49.523293738657095, 56.18617453694641, 58.214756885062215, 5.27190018426979, 82.49625425736679, 42.887882669035065, 50.573808259229736, 73.85731718183692, 62.75750173949311, 41.53126640022352, 34.729097188224415, 93.14789815050051, 62.79552373031342, 75.67408023493365, 35.367734537936066, 62.21881905823802, 34.93707426246879, 65.95727419958618, 37.00994802337679, 31.523859786439267, 80.03782968960587, 27.263509943383827, 28.4935435394851, 75.30523805327273, 68.17365915067091, 57.41177796868249, 76.18202356638183, 41.04609608933019, 60.797960667334, 76.85412413268216, 11.929365316370852, 36.94984612561011, 38.289433462314996, 44.34174461953015, 36.548414649265766, 37.94739895478297, 68.30644498267915, 34.228876551087616, 75.7944677170385, 29.183231032479874, 26.462846655646807], [103.0344450846196, 78.90176568313183, 90.29625941829197, 20.300728290650817, 65.63637642021416, 59.410961285063784, 67.48383716429673, 93.18442927879113, 68.15403776801001, 25.227909514698133, 39.10371728808923, 49.4250547007952, 43.38693775314588, 17.34527991687184, 63.839094950243656, 58.4771852086927, 62.5963779733571, 50.8670022755523, 24.68974527829127, 6.780679970693709, 51.85310968856896, 39.11390372588322, 34.81379917476432, 81.50447265618182, 0.0, 34.55713124942259, 86.83272892357462, 59.71555583155989, 57.28778335242446, 37.38676478212037, 94.50676768640062, 84.3367495701707, 16.513356507668348, 56.23884842678868, 60.90572745258985, 28.729417424905492, 78.47872848778555, 85.91649187045309, 58.54304954621117, 42.017166616476885, 18.719220131109214, 33.38221701157962, 50.814750409290625, 35.378254971234774, 99.73117534128224, 18.40468122000474, 47.324621898473396, 50.288138389126, 70.7804218635385, 57.053033572257945, 65.1049775536855, 60.51175653028349, 76.9610494188047, 26.953410623308894, 21.407934468323575, 77.54983197613748, 62.28898906725163, 26.558618613331458, 90.61822648103738, 56.84401051465058, 95.97476141097945, 41.15721780972968, 49.221515737717525, 47.49241277321081, 13.869749689913201, 78.99508306864892, 16.9272795474818, 70.44171461055952, 55.15511772439731], [69.20603243220089, 49.897973852669786, 75.21418772953416, 14.468099960164844, 41.63709691850621, 54.5327167790216, 38.257165161414, 61.919705583262015, 47.15041468711413, 12.44554648856696, 7.402258194716397, 23.368254370809428, 13.048716689858937, 50.18134219633844, 29.291151087495205, 28.884360989023325, 28.890306733260775, 44.93071737082745, 9.87260329403901, 34.00449170950385, 45.326794439062006, 35.755698243560076, 14.375668232352783, 63.04759705847424, 34.55713124942259, 0.0, 56.08986127065689, 25.167181034820906, 63.50306335402857, 47.931294033656705, 60.615716086867955, 67.40719409716628, 47.59234994061519, 25.31943701925391, 27.201352845023926, 52.33839340443171, 43.924668277284596, 54.158023321048674, 30.880925498776325, 30.41725200393162, 25.111117946431914, 57.24006703183401, 27.684849087713683, 50.51172867697582, 70.97096697916484, 17.978093503608314, 42.313893335188325, 34.238200604764394, 38.82291061672154, 35.810075090713084, 59.49707066726248, 28.656572853520426, 42.56783459768282, 35.28249471075341, 16.59625207402301, 45.616719455508694, 27.744591362035543, 14.848650938339274, 68.71026440931871, 55.535783824288025, 65.77715915545852, 19.67054903556791, 45.09627722146938, 25.32209119246849, 30.85765921052162, 48.7621350148288, 19.161888032449337, 65.36956397166979, 41.54217302557203], [25.259736491205985, 9.743384996416879, 49.46807118667808, 67.55718695492246, 26.77022504901601, 59.75897362654566, 61.301980758661486, 6.611627610675672, 30.957356442160723, 68.5352512370489, 49.32850355053311, 63.90307607833989, 57.4368090386446, 98.2953320633437, 35.07695363286278, 58.55692267869879, 29.28818867378973, 56.70504590233431, 64.3437870557718, 88.38665056297695, 55.91264260461756, 59.951836428756884, 52.07543170571938, 37.26781587203017, 86.83272892357462, 56.08986127065689, 0.0, 37.354476939698976, 78.60533440642033, 76.78587709125377, 21.010834763826512, 42.058864760495176, 94.51145894015134, 31.04646233893875, 30.673887886318134, 91.39695096518697, 30.97617242475252, 4.973803620335193, 28.639113711332367, 80.27732560925315, 70.09085965051419, 94.86582429606919, 37.70381435821245, 82.46250184731583, 16.458881182167712, 68.46868999450996, 57.81972929699552, 44.015215261231525, 53.047984283442744, 35.108374871955846, 60.074112796573054, 52.63881773066584, 37.45762644780107, 71.37508966639246, 72.61067387486946, 11.259755713085084, 37.69011994068689, 70.6855945215749, 31.331335953008168, 65.18618749821937, 9.79388827083369, 46.26403098447145, 59.153123200862865, 40.835906586972534, 77.02550822980376, 7.91499213586738, 74.49751149084052, 63.10338318042799, 45.60158433944973], [44.956864164569176, 34.85020991633014, 72.22049195387893, 39.50948418439602, 36.03668721644329, 63.07157652791669, 27.628852643630598, 41.843857271759745, 43.43748461678843, 36.31981953288914, 21.759909074786595, 26.54862512393017, 21.10225587829701, 74.95868551238138, 4.124006044067633, 22.166791683738783, 8.746899970669737, 55.05108806721069, 35.02608735259011, 58.98015306209801, 54.933060158211234, 50.401967783136, 30.868612613065665, 58.58464026635088, 59.71555583155989, 25.167181034820906, 37.354476939698976, 0.0, 77.3452154686201, 66.25668457462996, 36.395133041880044, 63.75035837496146, 72.09095393707551, 16.71632699282451, 8.092019587618056, 74.75413088068323, 18.765860604603038, 33.92832985716531, 24.75154411975374, 43.22674062786177, 48.103305839515926, 79.37088324125811, 30.029889384473357, 70.27357173859589, 53.71498048755349, 42.48005719873196, 53.80252994741187, 40.34592222278998, 22.24764946615201, 35.913879344999096, 66.56432072596594, 16.857175257040417, 18.22547454365001, 55.505655974138136, 40.72561478226148, 26.10295686716319, 3.256790122980502, 37.267503504007415, 59.81753603443798, 66.23097075487142, 46.97888332709539, 30.06680391463872, 56.36507281325373, 30.42878012943176, 54.64629409779704, 31.891481713742788, 44.01708268423154, 71.84013196146434, 46.88076631118623], [103.11246026831714, 68.93412940252936, 49.594275462268406, 56.74220531781804, 52.25541741766428, 19.1708419253811, 100.37922618645912, 84.71306746079185, 47.777313265059284, 66.33790520100943, 60.08579648104774, 86.87061656321627, 76.42574841204657, 52.3779355806387, 80.15424871547067, 91.42478849155785, 73.0911697150906, 23.05025763865356, 59.529685802087904, 