instance_id,num_cities,city_coordinates,distance_matrix,best_route,total_distance
2298,42,"[[41.94611953271446, 47.904754725147484], [27.542280967621856, 6.376707096206513], [23.406728848863835, 20.974904388519356], [89.39870029733598, 11.60280521016358], [21.505063306017714, 72.1844113004722], [30.615926475587017, 51.851560289933204], [95.64772522194986, 99.98134207257472], [24.956422186544856, 4.049099965287118], [55.41620070871202, 98.1527547713815], [10.878407832718008, 9.658877177229785], [69.99723308798248, 92.39265668650481], [55.36202668914465, 60.20709645803657], [40.95922146766251, 26.13770654760329], [8.561196971019635, 33.106925514497], [5.800525144900048, 90.82664471863232], [84.7614876340024, 73.66585207994137], [80.44240314346044, 40.57032189916306], [40.47302290085102, 97.54789557404226], [1.2226269361544473, 49.328160431355315], [35.20200534793173, 49.856371254995594], [60.69407745296953, 7.133793179757941], [33.73590451227635, 42.34270536794285], [70.79420757621904, 16.146682285278104], [15.498906173465688, 66.7605504706355], [45.42778914320395, 4.31695449691304], [46.57866906678525, 67.20313011584842], [96.22720585937682, 4.481717143966513], [35.289505096164156, 47.22282576953219], [46.014579677770804, 75.23799710347878], [70.89654510201824, 46.4405387476197], [47.43653423708052, 32.27721250500007], [3.177120739403305, 9.675116559724051], [59.00145919439533, 56.01306285546935], [70.65199308458459, 18.5396277514393], [20.214893246335386, 91.79607111186621], [15.807742172005934, 13.419445643909123], [59.65475862768606, 68.09469546044517], [48.2633784213629, 2.5868388361905303], [98.33993028941194, 38.019686114459276], [78.07286735076016, 2.62380846425162], [45.39516540444588, 92.17167543537586], [69.16436705157521, 9.471782482410408]]","[[0.0, 43.95508281508339, 32.69443142312827, 59.74595350156668, 31.738596425782394, 11.99793935965683, 74.80530331036923, 47.031566743310876, 52.02215485285377, 49.274231193235394, 52.593140166887565, 18.20258709477142, 21.789409219947505, 36.51751365848914, 56.11410370184321, 49.967888514244365, 39.18874528123945, 49.66499216782393, 40.74836110896417, 7.020817845305775, 44.87490647918152, 9.916855536600709, 42.9043977799687, 32.48070392810462, 43.726632068032416, 19.84660696204848, 69.51256379662044, 6.69145297057347, 27.634371837704535, 28.98742950095171, 16.56395874990061, 54.44759408545948, 18.884630568574757, 41.06504424151959, 48.97646220450041, 43.271830484500434, 26.855718301523588, 45.75610626336975, 57.25361537143503, 57.926729600339165, 44.40108316911822, 47.094865467574785], [43.95508281508339, 0.0, 15.172677928179125, 62.07679690343355, 66.0840520074981, 45.57860868543081, 115.75914316432423, 3.479140783523979, 95.91557917569348, 16.984030979038355, 95.92271130166645, 60.5941339640762, 23.885380292131313, 32.783930917075594, 87.20376087466909, 88.3281758227354, 62.989096036628574, 92.08360166394894, 50.37411569385217, 44.14920806700162, 33.16044012892196, 36.49539702887804, 44.34164600632854, 61.573138762776146, 18.00372137834593, 63.7356870930752, 68.71106093130213, 41.57432972849078, 71.29588404040324, 59.03137153436116, 32.65911042236624, 24.587406083924044, 58.76604213118324, 44.79267705409995, 85.73306456471644, 13.685743202220019, 69.57241773286609, 21.06482805806186, 77.54730988655086, 50.66975832156229, 87.6327682721119, 41.73700446398027], [32.69443142312827, 15.172677928179125, 0.0, 66.65415619948166, 51.24480393173726, 31.70710346397895, 107.05502675026871, 16.99659980155916, 83.55253962906136, 16.882277670096748, 85.27115824563273, 50.599465952127844, 18.29602479411371, 19.172265211426012, 72.0364077117328, 80.8748563782509, 60.30794748336035, 78.45177736525197, 36.00057646627468, 31.197238275988923, 39.77339217891031, 23.733410808012508, 47.63281294248503, 46.46352382915374, 27.611852365935714, 51.71061464883021, 74.66489869759774, 28.812388796613785, 58.78433592458447, 53.88674401993277, 26.55510715014032, 23.17158279527192, 49.94654519710247, 47.30798627084208, 70.89305657516582, 10.71585532547781, 59.44909060287064, 30.918828935242033, 76.84731135319372, 57.66410859737787, 74.51490823759606, 47.181386875303225], [59.74595350156668, 62.07679690343355, 66.65415619948166, 0.0, 90.99273015131604, 71.24167869758668, 88.59918786562893, 64.88347764288704, 92.982278135891, 78.5443517060671, 83.08680419564165, 59.33693856291046, 50.573179316506206, 83.64884418864047, 115.17409272610298, 62.23604685425655, 30.32049277033575, 98.89530052717464, 95.90736332504177, 66.33714689813773, 29.05042927678065, 63.586856317319935, 19.15134377227469, 92.21473002600791, 44.570445906905015, 70.17799658157148, 9.866021663130335, 64.78109963537482, 77.01700831135956, 39.446133205910286, 46.77878255642448, 86.24312589996924, 53.816942042378656, 19.988960410430952, 105.91203451001809, 73.61337718288436, 63.84383862282559, 42.11178404552011, 27.88901558827312, 14.453265184616235, 91.80225450628592, 20.34624043322746], [31.738596425782394, 66.0840520074981, 51.24480393173726, 90.99273015131604, 0.0, 22.280768790851702, 79.18209189159676, 68.22266873162319, 42.71206038775851, 63.42214300971675, 52.53440502894274, 35.913090097640264, 49.98763135392766, 41.16544146552288, 24.375507905911764, 63.27376933252141, 66.8809440407967, 31.67159335566912, 30.557902887625634, 26.19441913026435, 75.94314812869551, 32.25090525204327, 74.63006643484277, 8.092724498112029, 71.96032590576662, 25.56362392319763, 100.83180740130501, 28.514760873701352, 24.699003604063787, 55.69798423661456, 47.59228614334353, 65.14081215114562, 40.834938657326745, 72.7542679757138, 19.654051473951814, 59.04050013948981, 38.36828154593702, 74.56426436794673, 84.0881991208735, 89.65820610174397, 31.148478387743566, 78.7672714189295], [11.99793935965683, 45.57860868543081, 31.70710346397895, 71.24167869758668, 22.280768790851702, 0.0, 80.90494881422353, 48.13631894824374, 52.524796167592136, 46.5810277948717, 56.51962320765783, 26.118661153204627, 27.716169027753963, 28.94429868530463, 46.2045598337143, 58.37469588322769, 51.08761216541169, 46.747378625273335, 29.501416994122124, 5.0012897045164095, 53.892243055360844, 10.007626335794319, 53.75065195445268, 21.23210519527034, 49.78885441122511, 22.14677961132961, 80.9242980942758, 6.57780513416654, 28.000784761772028, 40.6424333801432, 25.808679483296547, 50.31640354750652, 28.688962534980263, 52.08235285554272, 41.27645136199961, 41.186281193304694, 33.27301027748021, 52.33015708072471, 69.12207632718446, 68.3778676695945, 42.94342311295237, 57.28898531005323], [74.80530331036923, 115.75914316432423, 107.05502675026871, 88.59918786562893, 79.18209189159676, 80.90494881422353, 0.0, 119.16482451031725, 40.27305918573038, 123.87083932632063, 26.749502660862188, 56.61208457989929, 91.8896890321625, 109.8009608008207, 90.31239032008675, 28.47832829317103, 61.32594179917765, 55.22833908495791, 107.15336670707315, 78.52514088208584, 99.20899569979501, 84.58892353467618, 87.44110887344934, 86.76090242457218, 108.04497688453516, 59.010028393814316, 95.50138302304318, 80.16592654769984, 55.458833893883366, 58.98507046711747, 83.11539025164042, 129.25179712385201, 57.2377357263164, 85.19119353928755, 75.87562718397459, 117.75986076224089, 48.085880218860744, 108.30958213556336, 62.02011590764025, 98.93111229278826, 50.85578296709226, 94.30455257932066], [47.031566743310876, 3.479140783523979, 16.99659980155916, 64.88347764288704, 68.22266873162319, 48.13631894824374, 119.16482451031725, 0.0, 98.91054521881904, 15.154540194746458, 99.16278869018393, 63.86095329110094, 27.276292372316313, 33.36406203561114, 88.86670166540968, 91.77765538609003, 66.42660411532881, 94.77758003882025, 51.12226866716024, 46.93908901252606, 35.87053576640881, 39.287141975996875, 47.40732082093214, 63.420585251339396, 20.473119232894298, 66.75292566178707, 71.27209666456362, 44.393053535854044, 74.23816452928581, 62.51023096681897, 36.085755851295936, 22.494222241418832, 62.12340930855409, 47.93809127634333, 87.87498530349481, 13.095866681716561, 72.84101079825868, 23.352781773086274, 80.86494904964626, 53.13556438719754, 90.46176281616881, 44.539284624599425], [52.02215485285377, 95.91557917569348, 83.55253962906136, 92.982278135891, 42.71206038775851, 52.524796167592136, 40.27305918573038, 98.91054521881904, 0.0, 99.06957840787277, 15.677539194425052, 37.94569698473754, 73.45183060652225, 80.1645263129206, 50.1536354630294, 38.21981512445706, 62.78572595573416, 14.955414325452683, 72.94370740995933, 52.35603455997812, 91.17185614072478, 59.87317310431647, 83.43547818412223, 50.782486093862936, 94.36591428451223, 32.18666232836883, 102.1753464961298, 54.762592564756865, 24.768459721753846, 53.979573438695994, 66.35708060100508, 102.74830382810597, 42.291934374974566, 81.05787662660643, 35.770651017390236, 93.53375681188987, 30.355432837834215, 95.83322573724827, 73.88120537196977, 98.17893931938458, 11.670238154936765, 89.74033053153022], [49.274231193235394, 16.984030979038355, 16.882277670096748, 78.5443517060671, 63.42214300971675, 46.5810277948717, 123.87083932632063, 15.154540194746458, 99.06957840787277, 0.0, 101.68536655513336, 67.33435095866272, 34.298792491254666, 23.562267229712695, 81.32644945063322, 97.75276117388864, 76.1227092160423, 92.73791455379082, 40.827516929376024, 46.983783651533734, 49.879624987647404, 39.88355274616431, 60.26603250607539, 57.28830681582146, 34.959918290234, 67.71890207648353, 85.50567414274575, 44.79901676879266, 74.3987334719243, 70.39223983618693, 42.98936728072197, 7.701304214949531, 66.8172028915559, 60.4297048199268, 82.6661272065818, 6.200017114578485, 76.1175226561056, 38.047992748776814, 91.94483886557643, 67.56173163646807, 89.4414245730408, 58.286259499877964], [52.593140166887565, 95.92271130166645, 85.27115824563273, 83.08680419564165, 52.53440502894274, 56.51962320765783, 26.749502660862188, 99.16278869018393, 15.677539194425052, 101.68536655513336, 0.0, 35.35674693120028, 72.33895587282252, 85.37672079884739, 64.2158057195652, 23.846937393973164, 52.86450567535068, 29.970910482691302, 81.14491536164695, 54.954921997877676, 85.76492588017182, 61.80519053498455, 76.25013954562587, 60.22518165637321, 91.43843224785338, 34.39391500932567, 91.7406385569662, 56.96437489714027, 29.486437729977563, 45.96091714889723, 64.20943670349943, 106.33493715097747, 38.005024547157, 73.85593133619516, 49.78591441820779, 95.777184068603, 26.407531079314882, 92.39829737843424, 61.31662428314565, 90.13135958086995, 24.603060114926073, 82.92505679591572], [18.20258709477142, 60.5941339640762, 50.599465952127844, 59.33693856291046, 35.913090097640264, 26.118661153204627, 56.61208457989929, 63.86095329110094, 37.94569698473754, 67.33435095866272, 35.35674693120028, 0.0, 36.98870269578383, 54.08083697090865, 58.25718128268061, 32.33367295465164, 31.853229006903202, 40.19972279045856, 55.2216067738589, 22.661949887576487, 53.340475121769835, 28.05041228625089, 46.684818774483844, 40.39821947490747, 56.76616108258263, 11.229063098206158, 69.1034063437698, 23.906011972159263, 17.700359878928925, 20.756670578735566, 29.032599749898576, 72.64121007683455, 5.552961986160017, 44.384242933601385, 47.25657953054721, 61.266840071669115, 8.98007603080122, 58.05587735653977, 48.36715182464384, 61.90005928698668, 33.4824227478686, 52.579241946663196], [21.789409219947505, 23.885380292131313, 18.29602479411371, 50.573179316506206, 49.98763135392766, 27.716169027753963, 91.8896890321625, 27.276292372316313, 73.45183060652225, 34.298792491254666, 72.33895587282252, 36.98870269578383, 0.0, 33.139131012951786, 73.6260324125336, 64.63407103881043, 42.03833989503087, 71.41184415654111, 46.00863067181967, 24.4073880812959, 27.39732220589048, 17.741992407990026, 31.463422603209136, 47.94208071491002, 22.273601350670635, 41.44812666645707, 59.35934615351828, 21.834100309749246, 49.35985392304058, 36.17248044757474, 8.92463523701536, 41.21291065369378, 34.900705676388455, 30.649494085341935, 68.85744687837189, 28.18423444364379, 45.93377872910259, 24.65753594268401, 58.598013475830186, 43.93547671085658, 66.18279720351507, 32.76100215738959], [36.51751365848914, 32.783930917075594, 19.172265211426012, 83.64884418864047, 41.16544146552288, 28.94429868530463, 109.8009608008207, 33.36406203561114, 80.1645263129206, 23.562267229712695, 85.37672079884739, 54.08083697090865, 33.139131012951786, 0.0, 57.785701466156475, 86.32213401708839, 72.26762820516242, 71.90968819561846, 17.804018433615614, 31.468660657696514, 58.24466353772799, 26.815397242799218, 64.5026934273378, 34.361290454028826, 46.77614829786102, 51.06740009800318, 92.22110207902425, 30.226827409484596, 56.37182868609351, 63.745438020797195, 38.88419050498687, 24.042419756772272, 55.39775429605779, 63.77674439898825, 59.83497679306402, 20.978781685425407, 61.924922999985775, 50.077329229575746, 89.91304784605816, 75.90186258637304, 69.60880629468228, 65.04893703943162], [56.11410370184321, 87.20376087466909, 72.0364077117328, 115.17409272610298, 24.375507905911764, 46.2045598337143, 90.31239032008675, 88.86670166540968, 50.1536354630294, 81.32644945063322, 64.2158057195652, 58.25718128268061, 73.6260324125336, 57.785701466156475, 0.0, 80.80424742050123, 89.98393153495061, 35.31794605717855, 41.7502257497012, 50.42826931210747, 100.0889378688116, 55.95603448566176, 99.00139163178638, 25.946781822197295, 95.15380472818259, 47.126717092345054, 125.0297208783264, 52.63927208379653, 43.12975905847534, 78.7884396185601, 71.84422917439404, 81.1939207896802, 63.57928016171539, 97.11398311235712, 14.446930307008996, 78.05138603011112, 58.45528189218854, 97.92526359703824, 106.54631097097149, 114.0308369312356, 39.617479032768244, 103.11930018502244], [49.967888514244365, 88.3281758227354, 80.8748563782509, 62.23604685425655, 63.27376933252141, 58.37469588322769, 28.47832829317103, 91.77765538609003, 38.21981512445706, 97.75276117388864, 23.846937393973164, 32.33367295465164, 64.63407103881043, 86.32213401708839, 80.80424742050123, 0.0, 33.37616827593078, 50.317194972233104, 87.01186402713198, 54.98212129062332, 70.7513610775055, 59.87277889703767, 59.19070709224427, 69.60595075776904, 79.72709346857185, 38.72588809726889, 70.12779207463231, 56.09554970474186, 38.77878951364673, 30.55248463641404, 55.7330389620626, 103.68617629178424, 31.22819291302334, 56.90323756304544, 67.04452020256076, 91.5655421088817, 25.717418756079763, 79.90205316387726, 38.144767045886375, 71.35621628412598, 43.49911290984933, 66.06170404973993], [39.18874528123945, 62.989096036628574, 60.30794748336035, 30.32049277033575, 66.8809440407967, 51.08761216541169, 61.32594179917765, 66.42660411532881, 62.78572595573416, 76.1227092160423, 52.86450567535068, 31.853229006903202, 42.03833989503087, 72.26762820516242, 89.98393153495061, 33.37616827593078, 0.0, 69.59881650469771, 79.70240070469394, 46.18359346495935, 38.83294761386659, 46.74011507843348, 26.26027131795609, 70.02560868223631, 50.40168490823975, 43.08200272877894, 39.38968633991894, 45.640333147500236, 48.858190026408224, 11.206375488768476, 34.03179462926825, 83.21320555022983, 26.423329193546586, 24.108164877308422, 79.06598719304688, 70.10570219549174, 34.4922789107245, 49.78187037125549, 18.078363334281185, 38.02042321882809, 62.377949308262984, 33.08040586125243], [49.66499216782393, 92.08360166394894, 78.45177736525197, 98.89530052717464, 31.67159335566912, 46.747378625273335, 55.22833908495791, 94.77758003882025, 14.955414325452683, 92.73791455379082, 29.970910482691302, 40.19972279045856, 71.41184415654111, 71.90968819561846, 35.31794605717855, 50.317194972233104, 69.59881650469771, 0.0, 62.175046768107435, 47.98192490842153, 92.64772506092031, 55.61476233764993, 86.86502037644755, 39.64299591137547, 93.36250897787345, 30.952927257633984, 108.48890489331832, 50.591318500908, 22.987832026502115, 59.4773286631822, 65.6410889491418, 95.45998957540004, 45.480163592974954, 84.57586313883434, 21.05885328651236, 87.66967640569716, 35.14868393589916, 95.28007103222302, 83.01919472134304, 102.0996112445316, 7.289117217132486, 92.63150072467367], [40.74836110896417, 50.37411569385217, 36.00057646627468, 95.90736332504177, 30.557902887625634, 29.501416994122124, 107.15336670707315, 51.12226866716024, 72.94370740995933, 40.827516929376024, 81.14491536164695, 55.2216067738589, 46.00863067181967, 17.804018433615614, 41.7502257497012, 87.01186402713198, 79.70240070469394, 62.175046768107435, 0.0, 33.98348369318494, 72.91925708848561, 33.25522216411891, 77.0792794771436, 22.532207422782143, 63.0880735593054, 48.75125740919002, 105.05747708710585, 34.131871053418976, 51.745904831042495, 69.73373094544608, 49.259111372474706, 39.70118303416728, 58.16426203044154, 75.94979017979598, 46.52128133623025, 38.75772676679096, 61.37179198145145, 66.31427783483554, 97.7734739179525, 89.92917182121607, 61.53681769991377, 78.76935262600878], [7.020817845305775, 44.14920806700162, 31.197238275988923, 66.33714689813773, 26.19441913026435, 5.0012897045164095, 78.52514088208584, 46.93908901252606, 52.35603455997812, 46.983783651533734, 54.954921997877676, 22.661949887576487, 24.4073880812959, 31.468660657696514, 50.42826931210747, 54.98212129062332, 46.18359346495935, 47.98192490842153, 33.98348369318494, 0.0, 49.75001927239047, 7.655365877772892, 49.02191336427407, 25.96080491882554, 46.67338784461636, 20.744602197884014, 76.04560692872144, 2.634998677408662, 27.588742166881847, 35.85760839730541, 21.417528323710943, 51.382160942060835, 24.58289760897391, 47.30158616998349, 44.53708514519342, 41.27695473414821, 30.505304666297363, 49.04088255380215, 64.23787575124338, 63.78734824906214, 43.52568758579034, 52.76700695339772], [44.87490647918152, 33.16044012892196, 39.77339217891031, 29.05042927678065, 75.94314812869551, 53.892243055360844, 99.20899569979501, 35.87053576640881, 91.17185614072478, 49.879624987647404, 85.76492588017182, 53.340475121769835, 27.39732220589048, 58.24466353772799, 100.0889378688116, 70.7513610775055, 38.83294761386659, 92.64772506092031, 72.91925708848561, 49.75001927239047, 0.0, 44.344228325404856, 13.536794248823321, 74.81947401585303, 15.523985922502524, 61.70551023895942, 35.63196207965326, 47.460750421965955, 69.66828724043542, 40.60924270737519, 28.424531438286262, 57.57307212674874, 48.908567353789664, 15.141107819539666, 93.84170532704617, 45.32430387612332, 60.969761279638334, 13.236203089136723, 48.694441347621115, 17.95445071411683, 86.40311411279572, 8.787035897477885], [9.916855536600709, 36.49539702887804, 23.733410808012508, 63.586856317319935, 32.25090525204327, 10.007626335794319, 84.58892353467618, 39.287141975996875, 59.87317310431647, 39.88355274616431, 61.80519053498455, 28.05041228625089, 17.741992407990026, 26.815397242799218, 55.95603448566176, 59.87277889703767, 46.74011507843348, 55.61476233764993, 33.25522216411891, 7.655365877772892, 44.344228325404856, 0.0, 45.38225921355754, 30.4765363496063, 39.782633089434206, 27.98173189866607, 73.06584135798475, 5.121449981037117, 35.112192785209935, 37.385899045596936, 17.00062944217477, 44.73265724523942, 28.72676325714257, 43.92475497365693, 51.26844184345722, 34.02901641192413, 36.53699484604923, 42.327017634953854, 64.7485030103306, 59.52610389557801, 51.174843649324515, 48.32880641237815], [42.9043977799687, 44.34164600632854, 47.63281294248503, 19.15134377227469, 74.63006643484277, 53.75065195445268, 87.44110887344934, 47.40732082093214, 83.43547818412223, 60.26603250607539, 76.25013954562587, 46.684818774483844, 31.463422603209136, 64.5026934273378, 99.00139163178638, 59.19070709224427, 26.26027131795609, 86.86502037644755, 77.0792794771436, 49.02191336427407, 13.536794248823321, 45.38225921355754, 0.0, 74.9622172157819, 27.9892415700323, 56.50799209295637, 27.980507740552554, 47.18379586310498, 64.07662167849719, 30.29402931816998, 28.386174609962257, 67.92607448717793, 41.57399685096836, 2.3971676966062003, 91.00053333864307, 55.0540570471128, 53.128931814260135, 26.29653240959877, 35.173784787871284, 15.3573111088148, 80.15554208360095, 6.87100192942008], [32.48070392810462, 61.573138762776146, 46.46352382915374, 92.21473002600791, 8.092724498112029, 21.23210519527034, 86.76090242457218, 63.420585251339396, 50.782486093862936, 57.28830681582146, 60.22518165637321, 40.39821947490747, 47.94208071491002, 34.361290454028826, 25.946781822197295, 69.60595075776904, 70.02560868223631, 39.64299591137547, 22.532207422782143, 25.96080491882554, 74.81947401585303, 30.4765363496063, 74.9622172157819, 0.0, 69.24551042447284, 31.082913927869125, 101.95936176099424, 27.809899176646, 31.671334528782573, 59.00679007776801, 47.001198746223814, 58.400112680371684, 44.8104966428285, 73.26063324675899, 25.47582830545385, 53.341998873399994, 44.176003087793184, 72.05397911721548, 87.6850760421573, 89.60481177152822, 39.23661030185482, 78.49830971981874], [43.726632068032416, 18.00372137834593, 27.611852365935714, 44.570445906905015, 71.96032590576662, 49.78885441122511, 108.04497688453516, 20.473119232894298, 94.36591428451223, 34.959918290234, 91.43843224785338, 56.76616108258263, 22.273601350670635, 46.77614829786102, 95.15380472818259, 79.72709346857185, 50.40168490823975, 93.36250897787345, 63.0880735593054, 46.67338784461636, 15.523985922502524, 39.782633089434206, 27.9892415700323, 69.24551042447284, 0.0, 62.89670586425083, 50.799683910761175, 44.087397213727954, 70.92347007538315, 49.22452519035628, 28.032322143036385, 42.58906997410563, 53.448406319348805, 28.957639734297736, 91.04002396330368, 30.987134873316684, 65.34528983120197, 3.321726471864785, 62.73411192613303, 32.688956463389566, 87.85472699566887, 24.28986171966085], [19.84660696204848, 63.7356870930752, 51.71061464883021, 70.17799658157148, 25.56362392319763, 22.14677961132961, 59.010028393814316, 66.75292566178707, 32.18666232836883, 67.71890207648353, 34.39391500932567, 11.229063098206158, 41.44812666645707, 51.06740009800318, 47.126717092345054, 38.72588809726889, 43.08200272877894, 30.952927257633984, 48.75125740919002, 20.744602197884014, 61.70551023895942, 27.98173189866607, 56.50799209295637, 31.082913927869125, 62.89670586425083, 0.0, 79.99345504998941, 22.94902579472586, 8.054643651193437, 31.97568287291148, 34.936451645955295, 72.06362980677353, 16.719549032388823, 54.29236955260662, 36.053590977107255, 61.96397870812508, 13.106449060229277, 64.63824985522886, 59.42138981157554, 71.84965769250907, 24.99657849170694, 61.99211444234673], [69.51256379662044, 68.71106093130213, 74.66489869759774, 9.866021663130335, 100.83180740130501, 80.9242980942758, 95.50138302304318, 71.27209666456362, 102.1753464961298, 85.50567414274575, 91.7406385569662, 69.1034063437698, 59.35934615351828, 92.22110207902425, 125.0297208783264, 70.12779207463231, 39.38968633991894, 108.48890489331832, 105.05747708710585, 76.04560692872144, 35.63196207965326, 73.06584135798475, 27.980507740552554, 101.95936176099424, 50.799683910761175, 79.99345504998941, 0.0, 74.43255833873543, 86.76265891362817, 49.01209120994104, 56.15264196562783, 93.19490189021022, 63.57071499994162, 29.184179946052826, 115.76557380160314, 80.91460393836857, 73.37680087607792, 48.001242757920934, 33.604448621916156, 18.249159743604682, 101.35790606539209, 27.519047883584058], [6.69145297057347, 41.57432972849078, 28.812388796613785, 64.78109963537482, 28.514760873701352, 6.57780513416654, 80.16592654769984, 44.393053535854044, 54.762592564756865, 44.79901676879266, 56.96437489714027, 23.906011972159263, 21.834100309749246, 30.226827409484596, 52.63927208379653, 56.09554970474186, 45.640333147500236, 50.591318500908, 34.131871053418976, 2.634998677408662, 47.460750421965955, 5.121449981037117, 47.18379586310498, 27.809899176646, 44.087397213727954, 22.94902579472586, 74.43255833873543, 0.0, 29.997950757533545, 35.61563239594582, 19.25932690421007, 49.406838554805844, 25.28883222261572, 45.53275090828917, 47.05335400129197, 39.015478909664495, 32.08271378873352, 46.48325202233328, 63.718552216447215, 61.802009922046274, 46.07085257024223, 50.7212730692389], [27.634371837704535, 71.29588404040324, 58.78433592458447, 77.01700831135956, 24.699003604063787, 28.000784761772028, 55.458833893883366, 74.23816452928581, 24.768459721753846, 74.3987334719243, 29.486437729977563, 17.700359878928925, 49.35985392304058, 56.37182868609351, 43.12975905847534, 38.77878951364673, 48.858190026408224, 22.987832026502115, 51.745904831042495, 27.588742166881847, 69.66828724043542, 35.112192785209935, 64.07662167849719, 31.671334528782573, 70.92347007538315, 8.054643651193437, 86.76265891362817, 29.997950757533545, 0.0, 38.05792704721163, 42.98431072014098, 78.31691511730384, 23.20036931644855, 61.819958157204674, 30.65605380390027, 68.80397035534465, 15.39744264964406, 72.68595389322306, 64.2117200323005, 79.37603038863438, 16.945003272061044, 69.72164399264248], [28.98742950095171, 59.03137153436116, 53.88674401993277, 39.446133205910286, 55.69798423661456, 40.6424333801432, 58.98507046711747, 62.51023096681897, 53.979573438695994, 70.39223983618693, 45.96091714889723, 20.756670578735566, 36.17248044757474, 63.745438020797195, 78.7884396185601, 30.55248463641404, 11.206375488768476, 59.4773286631822, 69.73373094544608, 35.85760839730541, 40.60924270737519, 37.385899045596936, 30.29402931816998, 59.00679007776801, 49.22452519035628, 31.97568287291148, 49.01209120994104, 35.61563239594582, 38.05792704721163, 0.0, 27.403866881115032, 77.05593231321086, 15.26847361543032, 27.901982727147026, 68.01289694510045, 64.22747697073002, 24.39836605344879, 49.34984528766032, 28.70627369780106, 44.400511863527136, 52.36083678890162, 37.00931478148289], [16.56395874990061, 32.65911042236624, 26.55510715014032, 46.77878255642448, 47.59228614334353, 25.808679483296547, 83.11539025164042, 36.085755851295936, 66.35708060100508, 42.98936728072197, 64.20943670349943, 29.032599749898576, 8.92463523701536, 38.88419050498687, 71.84422917439404, 55.7330389620626, 34.03179462926825, 65.6410889491418, 49.259111372474706, 21.417528323710943, 28.424531438286262, 17.00062944217477, 28.386174609962257, 47.001198746223814, 28.032322143036385, 34.936451645955295, 56.15264196562783, 19.25932690421007, 42.98431072014098, 27.403866881115032, 0.0, 49.69658362782934, 26.40337253322377, 26.97552157718957, 65.44854672254488, 36.823849044919044, 37.84411569217581, 29.70188478697304, 51.22627970891352, 42.63694733275614, 59.929240579445114, 31.498989782687733], [54.44759408545948, 24.587406083924044, 23.17158279527192, 86.24312589996924, 65.14081215114562, 50.31640354750652, 129.25179712385201, 22.494222241418832, 102.74830382810597, 7.701304214949531, 106.33493715097747, 72.64121007683455, 41.21291065369378, 24.042419756772272, 81.1939207896802, 103.68617629178424, 83.21320555022983, 95.45998957540004, 39.70118303416728, 51.382160942060835, 57.57307212674874, 44.73265724523942, 67.92607448717793, 58.400112680371684, 42.58906997410563, 72.06362980677353, 93.19490189021022, 49.406838554805844, 78.31691511730384, 77.05593231321086, 49.69658362782934, 0.0, 72.55041027344282, 68.05466888220495, 83.86976134789565, 13.173936316241821, 81.25620456542116, 45.64005163066758, 99.2943852626846, 75.22694867087091, 92.67170831307372, 65.98755958974571], [18.884630568574757, 58.76604213118324, 49.94654519710247, 53.816942042378656, 40.834938657326745, 28.688962534980263, 57.2377357263164, 62.12340930855409, 42.291934374974566, 66.8172028915559, 38.005024547157, 5.552961986160017, 34.900705676388455, 55.39775429605779, 63.57928016171539, 31.22819291302334, 26.423329193546586, 45.480163592974954, 58.16426203044154, 24.58289760897391, 48.908567353789664, 28.72676325714257, 41.57399685096836, 44.8104966428285, 53.448406319348805, 16.719549032388823, 63.57071499994162, 25.28883222261572, 23.20036931644855, 15.26847361543032, 26.40337253322377, 72.55041027344282, 0.0, 39.24274809977507, 52.77140682150296, 60.662289912062924, 12.099282894087265, 54.49465837718716, 43.25825834031439, 56.69330730797791, 38.63387754810783, 47.6379625391054], [41.06504424151959, 44.79267705409995, 47.30798627084208, 19.988960410430952, 72.7542679757138, 52.08235285554272, 85.19119353928755, 47.93809127634333, 81.05787662660643, 60.4297048199268, 73.85593133619516, 44.384242933601385, 30.649494085341935, 63.77674439898825, 97.11398311235712, 56.90323756304544, 24.108164877308422, 84.57586313883434, 75.94979017979598, 47.30158616998349, 15.141107819539666, 43.92475497365693, 2.3971676966062003, 73.26063324675899, 28.957639734297736, 54.29236955260662, 29.184179946052826, 45.53275090828917, 61.819958157204674, 27.901982727147026, 26.97552157718957, 68.05466888220495, 39.24274809977507, 0.0, 88.94047185569094, 55.082738884120104, 50.76065308232502, 27.49075373125861, 33.85401808478762, 17.56082795476347, 77.84334133754619, 9.189061379549974], [48.97646220450041, 85.73306456471644, 70.89305657516582, 105.91203451001809, 19.654051473951814, 41.27645136199961, 75.87562718397459, 87.87498530349481, 35.770651017390236, 82.6661272065818, 49.78591441820779, 47.25657953054721, 68.85744687837189, 59.83497679306402, 14.446930307008996, 67.04452020256076, 79.06598719304688, 21.05885328651236, 46.52128133623025, 44.53708514519342, 93.84170532704617, 51.26844184345722, 91.00053333864307, 25.47582830545385, 91.04002396330368, 36.053590977107255, 115.76557380160314, 47.05335400129197, 30.65605380390027, 68.01289694510045, 65.44854672254488, 83.86976134789565, 52.77140682150296, 88.94047185569094, 0.0, 78.5004356697234, 46.01367393578606, 93.51472955545128, 94.84419326649059, 106.29787200675021, 25.18307337408113, 95.77755208897233], [43.271830484500434, 13.685743202220019, 10.71585532547781, 73.61337718288436, 59.04050013948981, 41.186281193304694, 117.75986076224089, 13.095866681716561, 93.53375681188987, 6.200017114578485, 95.777184068603, 61.266840071669115, 28.18423444364379, 20.978781685425407, 78.05138603011112, 91.5655421088817, 70.10570219549174, 87.66967640569716, 38.75772676679096, 41.27695473414821, 45.32430387612332, 34.02901641192413, 55.0540570471128, 53.341998873399994, 30.987134873316684, 61.96397870812508, 80.91460393836857, 39.015478909664495, 68.80397035534465, 64.22747697073002, 36.823849044919044, 13.173936316241821, 60.662289912062924, 55.082738884120104, 78.5004356697234, 0.0, 70.08526089389485, 34.21569368873303, 86.1204616026632, 63.19407880205817, 84.12686438150128, 53.50246221414231], [26.855718301523588, 69.57241773286609, 59.44909060287064, 63.84383862282559, 38.36828154593702, 33.27301027748021, 48.085880218860744, 72.84101079825868, 30.355432837834215, 76.1175226561056, 26.407531079314882, 8.98007603080122, 45.93377872910259, 61.924922999985775, 58.45528189218854, 25.717418756079763, 34.4922789107245, 35.14868393589916, 61.37179198145145, 30.505304666297363, 60.969761279638334, 36.53699484604923, 53.128931814260135, 44.176003087793184, 65.34528983120197, 13.106449060229277, 73.37680087607792, 32.08271378873352, 15.39744264964406, 24.39836605344879, 37.84411569217581, 81.25620456542116, 12.099282894087265, 50.76065308232502, 46.01367393578606, 70.08526089389485, 0.0, 66.49092285800305, 49.00049687154547, 68.01223252476956, 27.982797637217956, 59.389212643424905], [45.75610626336975, 21.06482805806186, 30.918828935242033, 42.11178404552011, 74.56426436794673, 52.33015708072471, 108.30958213556336, 23.352781773086274, 95.83322573724827, 38.047992748776814, 92.39829737843424, 58.05587735653977, 24.65753594268401, 50.077329229575746, 97.92526359703824, 79.90205316387726, 49.78187037125549, 95.28007103222302, 66.31427783483554, 49.04088255380215, 13.236203089136723, 42.327017634953854, 26.29653240959877, 72.05397911721548, 3.321726471864785, 64.63824985522886, 48.001242757920934, 46.48325202233328, 72.68595389322306, 49.34984528766032, 29.70188478697304, 45.64005163066758, 54.49465837718716, 27.49075373125861, 93.51472955545128, 34.21569368873303, 66.49092285800305, 0.0, 61.344500268879216, 29.809511854192728, 89.63074023131321, 22.00576685171157], [57.25361537143503, 77.54730988655086, 76.84731135319372, 27.88901558827312, 84.0881991208735, 69.12207632718446, 62.02011590764025, 80.86494904964626, 73.88120537196977, 91.94483886557643, 61.31662428314565, 48.36715182464384, 58.598013475830186, 89.91304784605816, 106.54631097097149, 38.144767045886375, 18.078363334281185, 83.01919472134304, 97.7734739179525, 64.23787575124338, 48.694441347621115, 64.7485030103306, 35.173784787871284, 87.6850760421573, 62.73411192613303, 59.42138981157554, 33.604448621916156, 63.718552216447215, 64.2117200323005, 28.70627369780106, 51.22627970891352, 99.2943852626846, 43.25825834031439, 33.85401808478762, 94.84419326649059, 86.1204616026632, 49.00049687154547, 61.344500268879216, 0.0, 40.78752253799858, 75.73365220387169, 40.81906775062065], [57.926729600339165, 50.66975832156229, 57.66410859737787, 14.453265184616235, 89.65820610174397, 68.3778676695945, 98.93111229278826, 53.13556438719754, 98.17893931938458, 67.56173163646807, 90.13135958086995, 61.90005928698668, 43.93547671085658, 75.90186258637304, 114.0308369312356, 71.35621628412598, 38.02042321882809, 102.0996112445316, 89.92917182121607, 63.78734824906214, 17.95445071411683, 59.52610389557801, 15.3573111088148, 89.60481177152822, 32.688956463389566, 71.84965769250907, 18.249159743604682, 61.802009922046274, 79.37603038863438, 44.400511863527136, 42.63694733275614, 75.22694867087091, 56.69330730797791, 17.56082795476347, 106.29787200675021, 63.19407880205817, 68.01223252476956, 29.809511854192728, 40.78752253799858, 0.0, 95.32393552288069, 11.236375115398923], [44.40108316911822, 87.6327682721119, 74.51490823759606, 91.80225450628592, 31.148478387743566, 42.94342311295237, 50.85578296709226, 90.46176281616881, 11.670238154936765, 89.4414245730408, 24.603060114926073, 33.4824227478686, 66.18279720351507, 69.60880629468228, 39.617479032768244, 43.49911290984933, 62.377949308262984, 7.289117217132486, 61.53681769991377, 43.52568758579034, 86.40311411279572, 51.174843649324515, 80.15554208360095, 39.23661030185482, 87.85472699566887, 24.99657849170694, 101.35790606539209, 46.07085257024223, 16.945003272061044, 52.36083678890162, 59.929240579445114, 92.67170831307372, 38.63387754810783, 77.84334133754619, 25.18307337408113, 84.12686438150128, 27.982797637217956, 89.63074023131321, 75.73365220387169, 95.32393552288069, 0.0, 86.0479357182602], [47.094865467574785, 41.73700446398027, 47.181386875303225, 20.34624043322746, 78.7672714189295, 57.28898531005323, 94.30455257932066, 44.539284624599425, 89.74033053153022, 58.286259499877964, 82.92505679591572, 52.579241946663196, 32.76100215738959, 65.04893703943162, 103.11930018502244, 66.06170404973993, 33.08040586125243, 92.63150072467367, 78.76935262600878, 52.76700695339772, 8.787035897477885, 48.32880641237815, 6.87100192942008, 78.49830971981874, 24.28986171966085, 61.99211444234673, 27.519047883584058, 50.7212730692389, 69.72164399264248, 37.00931478148289, 31.498989782687733, 65.98755958974571, 47.6379625391054, 9.189061379549974, 95.77755208897233, 53.50246221414231, 59.389212643424905, 22.00576685171157, 40.81906775062065, 11.236375115398923, 86.0479357182602, 0.0]]",Route_3,2368.326616756337
