instance_id,num_cities,city_coordinates,distance_matrix,best_route,total_distance
614,97,"[[12.677020599027088, 45.19573119749975], [9.801696929563064, 75.86826648017858], [99.40758180243219, 0.6633707051803439], [8.788019539861613, 6.237734215081813], [65.44416054608895, 99.07900544937914], [38.716143482993914, 43.00644128093185], [48.59567870717396, 90.52236914451451], [23.812755344822712, 88.54124422747718], [73.33483324763503, 92.88437113718425], [24.669791265161777, 86.2751408316937], [43.43924906384058, 71.30979637860469], [90.86736880002476, 45.97117465640562], [17.86925117684478, 31.743585605386716], [76.41655522283905, 81.39216632558188], [11.27296947992048, 79.55914360053153], [40.1857395828871, 23.1657508504686], [54.51540409252079, 24.276081081056144], [51.11616209205373, 18.056346976936755], [83.65957641906402, 26.412565335191385], [81.70265720902201, 19.0886049081342], [19.414868765627745, 83.95254543119631], [75.59235460465197, 11.294773678044667], [31.126384762459114, 87.16484966907404], [34.19467713547167, 4.520028876995785], [56.40301277990706, 59.14925197507218], [20.18413008125718, 54.42067962426014], [84.88689220342081, 32.13089183979717], [95.66539996355893, 73.87670034023259], [52.41942470162941, 6.828027131075853], [85.52069844521077, 5.978188982293964], [88.12207549941516, 31.538406436845612], [46.53313415258686, 43.40193506874105], [94.89449241820542, 92.61102715410092], [72.16973149314832, 37.88292376188335], [28.713558052380282, 51.07118240738397], [49.27580053642774, 25.174507388887314], [10.690193029471118, 96.37735203583782], [25.210136524017035, 56.59060207803105], [66.79235773241466, 93.90282023398781], [23.08208043110971, 64.85679221103787], [0.11889975239712802, 5.348157451313861], [5.205100001308638, 15.787684268792734], [69.51944074200857, 24.661622842721055], [72.13842873690159, 40.214960127779975], [70.19798643912792, 52.08626450957789], [48.96245255581313, 42.85777812128335], [99.45177566513566, 74.00175020045606], [77.25058023798945, 12.586274113624041], [96.22317891233712, 13.057528074904724], [68.74423059126772, 33.7258678164989], [28.261798882154466, 99.77006011773312], [61.11589193425523, 50.938922294388064], [68.01486725512929, 66.59062131590665], [21.91011495907267, 41.267361704075036], [28.646725258159723, 48.038248731630276], [37.19775170045878, 95.5017756999767], [40.75881787919816, 35.596946181661636], [81.86721426399602, 74.72341288048341], [16.46465331782956, 24.93917018390539], [81.12007253641221, 42.199676680740474], [62.37058070146509, 73.11947133407624], [31.970384635268644, 3.089058132698985], [14.68177016486073, 6.907815663806738], [34.03091092044384, 73.39044600770428], [34.07610291011874, 66.49742110837684], [97.19684517962945, 73.65778736510694], [27.682051809822784, 95.68520628355627], [69.14542972288952, 98.73154160180755], [8.909228263768409, 77.85468869032705], [99.65363797341872, 64.95323483468486], [13.267630770623162, 48.52772570166394], [58.59544430942737, 94.81573591804266], [57.888825418742016, 44.79286478448776], [18.643781024730366, 29.938248101934693], [95.88913176732056, 37.011053243230464], [3.8361900939172466, 55.09678484031441], [66.45629990965399, 14.183934909175843], [36.12427882157009, 44.82448111099043], [3.3680749180491687, 37.18614094807782], [58.82624963718447, 70.67728990215763], [40.97303773732297, 37.46839450779598], [81.11635113158083, 53.05955006432816], [30.470310616746843, 95.8289790915841], [41.28238261967938, 19.131546812110667], [48.56640521942377, 83.50083330308011], [39.059655230571664, 17.38230410794861], [72.22876751030019, 62.31457440047039], [45.7775611008255, 17.51103450638881], [40.03792502526578, 68.60131150043594], [37.359984487651964, 78.80391847138127], [59.22541653949901, 43.94894333535716], [91.7309779711321, 88.03245553515644], [98.32344626594013, 94.01340570245704], [35.823894402914355, 71.71746118257057], [92.17095522926677, 64.96699443964967], [53.47346853590208, 92.42676556220026], [55.34921277128427, 66.61017310957939]]","[[0.0, 30.80701067730132, 97.49523771792902, 39.1516265067018, 75.41736074867683, 26.130995214593547, 57.83298460108819, 44.75307909139507, 77.15942336883093, 42.79421040449757, 40.35169265847938, 78.19419329049454, 14.41941328226052, 73.30013772184594, 34.392084431245266, 35.24272484107264, 46.77693977103531, 47.05437040905197, 73.42568045687861, 73.79783568983545, 39.338139857667755, 71.46757428215426, 45.84523904742966, 46.01654378684526, 45.89840012780971, 11.893543048838643, 73.38225660584172, 87.80472140219936, 55.24074039314845, 82.72978314706282, 76.67123860053746, 33.9036005389263, 94.91007830040739, 59.94046881800223, 17.078977147725496, 41.71714390632261, 51.22016981063758, 16.93877437045599, 72.80693809980318, 22.244608117188488, 41.77960665990388, 30.342426099104916, 60.43765658624612, 59.669650059203846, 57.93221004331619, 36.36067376819549, 91.43109343971456, 72.34031583945263, 89.51438246930958, 57.22840031219493, 56.75599255786176, 48.77815597381848, 59.32974461189755, 10.034047953761005, 16.22070814828262, 55.96395596483429, 29.676994663626264, 75.22743439043708, 20.607630278855787, 68.50859581958304, 57.001624352904805, 46.31636657188209, 38.34036380548469, 35.36849693000627, 30.194084136069414, 89.1834591638148, 52.67198549611051, 77.81236549948794, 32.875580049634635, 89.1924375710447, 3.383933768644583, 67.60655666808178, 45.213599684196026, 16.38270491674657, 83.61366155299942, 13.273701339791186, 62.08012880301492, 23.450197116044535, 12.280472533865797, 52.71680163700406, 29.332172067659364, 68.88963355189537, 53.668677661728196, 38.69894629066968, 52.49122570248959, 38.33575532798789, 61.96341947304248, 43.1519201471963, 36.00611448544487, 41.69842872535428, 46.565090406914585, 89.91392065843301, 98.58232891137244, 35.201987561700086, 81.91574020410978, 62.410902664724155, 47.74404996637676], [30.80701067730132, 0.0, 116.98286606327537, 69.63791040353719, 60.289486320690884, 43.7715064273216, 41.46945559153754, 18.89217094193634, 65.77238955754068, 18.148368051714346, 33.945022658015425, 86.40300489756405, 44.856135520517775, 66.84349493357814, 3.9733130804128822, 60.83375051448693, 68.27202357124153, 71.0570409481845, 88.88674107215279, 91.61701838274494, 12.56059866835875, 92.18539260635589, 24.132034786028726, 75.4028414080403, 49.50967668047814, 23.82842630329503, 86.89501993639468, 85.88679662439395, 81.13461264981393, 103.0436321331259, 89.99565651066965, 49.02306758849586, 86.72429808915234, 73.02505047414147, 31.185795959730918, 64.24999662545798, 20.528322280422778, 24.678905071695603, 59.77608675586517, 17.25169996052853, 71.1817556584347, 60.25616202663369, 78.66593467735855, 71.81243893837639, 64.90990220492424, 51.21774226683203, 89.669507081933, 92.48763386223256, 106.83567478663053, 72.45829172420295, 30.200514949124823, 57.04926652037852, 58.947840496048045, 36.6583741933864, 33.61019161787276, 33.704873554039864, 50.794906989540586, 72.0746104980401, 51.36309801196778, 78.86624524016877, 52.640701133048935, 76.08064065370996, 69.1329074434101, 24.355582623080593, 26.020367574095783, 87.42309852418438, 26.691163215842106, 63.59566000233843, 2.1776991335803135, 90.51248104637638, 27.559351724092263, 52.34344640419475, 57.254279463489446, 46.773379601775964, 94.45067208594547, 21.611148079668304, 83.75381066072833, 40.70128901533262, 39.21349675645156, 49.29861058910191, 49.45910083340469, 74.87334270948543, 28.733632553249585, 64.88519808255823, 39.508969679100126, 65.39599313833727, 63.88146609372611, 68.5553012283648, 31.09723659962358, 27.714206929799918, 58.83491522986244, 82.82737824749523, 90.36230509990459, 26.35116593171431, 83.08749872841837, 46.70554064653948, 46.47890373288269], [97.49523771792902, 116.98286606327537, 0.0, 90.79085082319929, 104.11124408794362, 74.00261016386689, 103.23027219126266, 115.91849913606066, 95.83580300639913, 113.64467659590515, 90.12974941698427, 46.10566491234189, 87.26098280131055, 83.93882144457427, 118.28885353233525, 63.35285082835465, 50.723443404734056, 51.32812914215568, 30.183119415474305, 25.55295697746234, 115.48125720448908, 26.080486491883523, 110.20357404436834, 65.32684553348886, 72.59470548689494, 95.74029227466733, 34.65624493202335, 73.30890506047689, 47.39082080507846, 14.869190384678458, 32.872944558512614, 67.98744073823089, 92.05834835710854, 46.12153097211416, 86.82506823825548, 55.803147889970155, 130.5064798883878, 92.91456341648379, 98.77928826212754, 99.7315272329289, 99.39914290420066, 95.40886980916127, 38.33036761765738, 48.040971417793294, 59.13978752503524, 65.76533343566496, 73.3383928109321, 25.161246869219266, 12.796701085511804, 45.092902132543756, 121.99941931687825, 63.19718823301978, 73.01989386282312, 87.49023632483758, 85.15560983810823, 113.42127676619326, 68.26442855026512, 76.10883221013901, 86.42247292188054, 45.383892618969114, 81.3733738325856, 67.48080854034659, 84.95561341363239, 97.79231348971561, 92.74871603826877, 73.02788659093436, 119.05335312121463, 102.63120379054047, 118.94726379994208, 64.29033499235662, 98.54485092074503, 102.61724242019046, 60.59058820760731, 85.9058203072138, 36.517578185532116, 109.9858513060176, 35.61730807868131, 77.16851759909437, 102.74969405701863, 80.92461554821891, 69.05943611997057, 55.49710560822322, 117.51102236847012, 60.98862442088098, 97.19501245435944, 62.62104259471308, 67.37624851091329, 56.21408094075107, 90.2237216331614, 99.7790034914112, 59.06138504251307, 87.70568527986251, 93.35633017559265, 95.3497198574215, 64.70954171946863, 102.618046157914, 79.31028072734118], [39.1516265067018, 69.63791040353719, 90.79085082319929, 0.0, 108.76313694500485, 47.409180778091695, 93.21238873437721, 83.66367459279651, 108.04596637420876, 81.59789906025406, 73.72300171409772, 91.19082116241783, 27.074290815991148, 101.10295497400418, 73.3635062580389, 35.6703598399026, 49.15664406450036, 43.94714165373417, 77.54207786899049, 74.03843099360289, 78.43801251194145, 66.99546873915237, 83.95356202402577, 25.464657111554818, 71.18157270611088, 49.51229709653517, 80.38341888998598, 110.10317419476661, 43.63539804008908, 76.73311785480425, 83.27074185971148, 52.97047764763775, 121.96175795993827, 70.84249735562972, 49.061850370993, 44.697447223102806, 90.15968591813375, 52.963168601065696, 105.11741319048075, 60.33667323523868, 8.714641972453265, 10.199944041420908, 63.46451916934563, 71.88689884919876, 76.63727399075665, 54.36002836501562, 113.1895690300534, 68.7562809944533, 87.70072224777097, 65.95714315015552, 95.53807654873573, 68.82152602947316, 84.55939020411876, 37.40673990350548, 46.27797755578937, 93.67594132782389, 43.40616631025007, 100.15416558380683, 20.2156972043273, 80.7786308165665, 85.69864421734601, 23.395217726888454, 5.931720288213426, 71.7404367588802, 65.35072321726078, 111.1826605984723, 91.42119401352649, 110.44510568103505, 71.61705704553978, 108.18535310439857, 42.52658341219, 101.62107039322942, 62.429057586827604, 25.66808120891643, 92.37749138869606, 49.10934170665255, 58.213165746932205, 47.288562121571275, 31.41941563769871, 81.5860331700247, 44.84673386869808, 86.16072185318798, 92.17761607279814, 34.959033671575135, 86.90170566769008, 32.25791942280319, 84.67195821655666, 38.669283473427036, 69.7550884500409, 77.98851376002085, 62.976712437314234, 116.48996003587663, 125.38405458462648, 70.8416062307139, 101.98941107148568, 97.08418242191824, 76.241564078944], [75.41736074867683, 60.289486320690884, 104.11124408794362, 108.76313694500485, 0.0, 62.116981160949365, 18.896755412767973, 42.944362966538904, 10.03176006215992, 42.73743253174475, 35.43084957714066, 58.87937847377549, 82.44653277766461, 20.81388294224456, 57.58075154186013, 80.00506267326666, 75.59705822103435, 82.2797832133804, 74.91470412605436, 81.62599397549413, 48.451062883001, 88.36887002974306, 36.32708139519149, 99.58880591636286, 40.940536946269575, 63.58330302194115, 69.71420034813931, 39.35072419590973, 93.16590977660236, 95.24090193216753, 71.24619527807883, 58.80104663546611, 30.152226959314117, 61.56454920217143, 60.447400546114146, 75.65243352976327, 54.82057907371775, 58.51530663044537, 5.348881101431618, 54.45829331330923, 114.24912062768915, 102.79196758173914, 74.52888529087893, 59.24347270572351, 47.2325794516518, 58.58731177101529, 42.25383552891801, 87.29481152886697, 91.36215048518208, 65.43640470537234, 37.188782925262274, 48.33426854050489, 32.58993152168277, 72.36987824852527, 62.92225433095802, 28.472024609333705, 68.11268598030631, 29.37535672640096, 88.85779257619839, 58.99993438894018, 26.140855084423944, 101.65905596446804, 105.22522750607011, 40.57948173931692, 45.227366472340556, 40.67519281239127, 37.91430770814007, 3.717542823492849, 60.3876658768589, 48.32035353655555, 72.64862107116575, 8.067241237692963, 54.80938019331085, 83.49083692191253, 69.13267652656288, 75.6966165224054, 84.90110380977016, 61.67016195474589, 87.65938103292865, 29.16254774232665, 66.29255789390565, 48.61489310576213, 35.12453345179841, 83.51878624071882, 22.96819697508931, 85.85157616966305, 37.38521475140659, 83.90535750175283, 39.67828917411871, 34.63813067771793, 55.479694715412954, 28.513558798314985, 33.267217049877004, 40.323867263160906, 43.335330264861796, 13.694880894674679, 34.00195647438629], [26.130995214593547, 43.7715064273216, 74.00261016386689, 47.409180778091695, 62.116981160949365, 0.0, 48.53214004124489, 47.911681846682185, 60.71459106150433, 45.49154175713873, 28.69473185295147, 52.23542807382139, 23.69482721592076, 53.803205597411434, 45.708072002965004, 19.89504233356384, 24.503939051198188, 27.861580487891892, 47.90896453673003, 49.19251222568251, 45.267235952723496, 48.63624994636307, 44.805908860438045, 38.75109801873516, 23.946099528585865, 21.7651179110166, 47.434329478252, 64.77801099198335, 38.68665876701565, 59.680464420970786, 50.719443427510264, 7.826989105952483, 74.94412471124727, 33.843654981711765, 12.848804019573663, 20.724001143996816, 60.281904528900306, 19.155721039349537, 58.12671672400269, 26.86748524293027, 53.92488817411827, 43.172338001517524, 35.85213362630094, 33.53865707839204, 32.765067156624966, 10.247387489051736, 68.18743426454135, 49.09469815073419, 64.83823352076983, 31.429525278165066, 57.71829644473892, 23.762848855064224, 37.61155091987027, 16.895768479755368, 11.25665445892016, 52.51728905201244, 7.685905042024507, 53.553535802912336, 28.66278247944281, 42.41160299125057, 38.29264915233956, 40.48336374159747, 43.36775152392333, 30.743115447229957, 23.944855601388685, 66.0264908025767, 53.82196077117287, 63.491954347312074, 45.856870176588764, 64.7691283101881, 26.04057182410391, 55.49224821669056, 19.255727499718585, 23.951563782339885, 57.48647899360653, 36.91595259245066, 40.003164276410516, 3.165917125702611, 35.824040074182804, 34.20661095390195, 5.980262012375727, 43.57571118012979, 53.46226950304174, 24.012416979637944, 41.6752137549359, 25.62643959235433, 38.67686613154441, 26.455233610248797, 25.62897750591599, 35.82315648322176, 20.53091793926618, 69.55511940487432, 78.45215716955502, 28.85632978279663, 57.78998869930968, 51.57661383595203, 28.87551125413673], [57.83298460108819, 41.46945559153754, 103.23027219126266, 93.21238873437721, 18.896755412767973, 48.53214004124489, 0.0, 24.861981946761233, 24.851656298729697, 24.299939058134758, 19.892504089531492, 61.41420612222652, 66.32540043690813, 29.280740660282667, 38.8995750412566, 67.87960742435104, 66.51025357660745, 72.50984212701974, 73.0721825814707, 78.73280573243021, 29.911239567572597, 83.7008506104452, 17.789018184116088, 87.19972120229654, 32.329969784254615, 45.94070179633391, 68.7503948996476, 49.926315196453494, 83.78164428138516, 92.25603222530447, 71.0031259880674, 47.16555308197891, 46.34590212014223, 57.67709402307744, 44.17799063673809, 65.35140091639346, 38.35500839682119, 41.20980950519311, 18.50801386199924, 36.18930140691579, 98.0032878805015, 86.41768015807489, 69.1045709133599, 55.543644829442584, 44.09074550122548, 47.66600214479849, 53.47217452182381, 83.0369694196791, 90.93503383038201, 60.2644730013405, 22.338004769327178, 41.516322137062744, 30.819367903854175, 56.01941690620964, 46.93464851223863, 12.438136102125071, 55.481694956853545, 36.83207973141949, 73.031217835098, 58.24876651833818, 22.1947916672557, 88.99991167111456, 90.2305200383691, 22.486334762405036, 28.071626412902177, 51.444022986909346, 21.541464140718926, 22.128777174563467, 41.65914637731176, 57.102502867979595, 54.87823839099961, 10.882477215783457, 46.664227678345156, 67.58366590590906, 71.41520588669688, 57.082255072958056, 78.39998935740748, 47.369112149491926, 69.93060404950342, 22.326928845889224, 53.598776852730744, 49.609040994261846, 18.886213954729293, 71.76443278505178, 7.021596863223703, 73.75910016600935, 36.79949144619493, 73.06570175180408, 23.532273929971762, 16.234620746209536, 47.771071978604866, 43.207102568597385, 49.8501574985232, 22.731982706568175, 50.51615484459302, 5.236368906879823, 24.84760233037114], [44.75307909139507, 18.89217094193634, 115.91849913606066, 83.66367459279651, 42.944362966538904, 47.911681846682185, 24.861981946761233, 0.0, 49.71216099875396, 2.422753633602233, 26.117466390732854, 79.42626775137076, 57.1077863933308, 53.08737209971652, 15.424796958474989, 67.39458247624357, 71.22263568810577, 75.5883374630239, 86.26479428824375, 90.41520804748154, 6.355907724822056, 92.9953983369761, 7.442018357872973, 84.66019684030461, 43.886377023519564, 34.31296912459914, 83.13950955788111, 73.33383520672653, 86.57592840930599, 103.07535269452104, 85.93609355172555, 50.53486761134591, 71.19814940319269, 70.03329618548976, 37.78919686868206, 68.29136115205804, 15.284182258287041, 31.98118521759208, 43.31273160017837, 23.695720144121925, 86.50137848717185, 75.09544143318487, 78.54748320765673, 68.3432545587531, 58.99623047199327, 52.14869456928197, 77.02375141200599, 92.8695785190666, 104.59952602870136, 70.87709756260575, 12.07809151705425, 52.96658016305691, 49.352371204808705, 47.3121549844637, 40.79043894418938, 15.086653897403734, 55.59017656909457, 59.67623198168551, 64.02513901619496, 73.69986083016853, 41.52754477944693, 85.84068396755087, 82.1425075671334, 18.274501089328556, 24.315970902932303, 74.87818059392883, 8.124509153958769, 46.46389487381702, 18.33896367585456, 79.42438961049014, 41.379721085345494, 35.34408999512374, 55.45357748216465, 58.83051461964379, 88.6022833851958, 38.95632198916196, 85.71745062768896, 45.417276313111486, 55.27505396280199, 39.307323067061596, 53.87867175682317, 67.39920408120119, 9.870872385369205, 71.57439467026705, 25.261609695368154, 72.77405248480191, 55.063131442213596, 74.34879545036846, 25.70714002603361, 16.68361262822447, 56.943216204762265, 67.92012831738731, 74.71136200572538, 20.671408694496403, 72.30898107773676, 29.914130156935162, 38.41249832267244], [77.15942336883093, 65.77238955754068, 95.83580300639913, 108.04596637420876, 10.03176006215992, 60.71459106150433, 24.851656298729697, 49.71216099875396, 0.0, 49.11179325158978, 36.86744132298686, 50.082310319512516, 82.55075075307813, 11.898225992318007, 63.47626818918964, 77.1981115408756, 71.14259187118621, 78.0570467520162, 67.26887309992506, 74.26867166700482, 54.654735203668075, 81.62082342283631, 42.59420206260381, 96.64475569610721, 37.74579194073523, 65.6083288301249, 61.84201899077997, 29.324831780926157, 88.56155293548093, 87.75636619272963, 63.103010375322235, 56.27470616226329, 21.56139189579948, 55.013786231055775, 61.150641466828084, 71.85723835364031, 62.74194660370013, 60.27623169425371, 6.621270605407855, 57.540284550045094, 114.11906774959854, 102.8861491081205, 68.32935390314817, 52.68299763520351, 40.918520406993935, 55.64775781076608, 32.22806315432575, 80.39351628146115, 83.04336963633335, 59.336347611663676, 45.595955299221934, 43.688936877010995, 26.826541294497012, 72.86163128750059, 63.31036005657318, 36.23174670634295, 65.90178931803953, 20.065441201478418, 88.6045579969219, 51.2791205358144, 22.602347181721928, 98.86463395258478, 104.07761478847725, 43.87267289846436, 47.30242107478856, 30.64403917546364, 45.73861749687902, 7.193087260385018, 66.1554981236676, 38.377439431816356, 74.66981189012601, 14.865387858663446, 50.511109086236374, 83.3866032310782, 60.25383003754952, 79.10728840221479, 79.00046128574525, 60.78139838819921, 89.42952598191135, 26.526467072727687, 64.17332993105595, 40.57792988883453, 42.96554452557352, 80.41665677695572, 26.486332499474987, 82.91773003277751, 30.589799834900965, 80.25299448015964, 41.21105534308429, 38.63222606293318, 50.92888899231613, 19.025226035373404, 25.01410601297172, 43.07097177959998, 33.677580272029, 19.86663562545826, 31.840477790276996], [42.79421040449757, 18.148368051714346, 113.64467659590515, 81.59789906025406, 42.73743253174475, 45.49154175713873, 24.299939058134758, 2.422753633602233, 49.11179325158978, 0.0, 24.005292763388383, 77.50179972712222, 54.95396128481164, 51.976639176835064, 14.985975201984482, 64.98876638312716, 68.8087495526822, 73.16566383838328, 84.04357618270409, 88.12932773587963, 5.745316342075573, 90.63753590847669, 6.517605496242845, 82.30809062034922, 41.74699023840733, 32.16874034016064, 80.9796205492775, 72.07008936498018, 84.1539424579575, 100.74935920858137, 83.79917939190472, 48.126058789450006, 70.5099433237948, 67.80893005050248, 35.43544466448728, 65.86913616687119, 17.247719792612013, 29.689456276874918, 42.807617299405, 21.47711534001985, 84.56904228569586, 73.12561615948253, 76.20837655516276, 66.14236002669278, 56.935892194359134, 49.75138970229517, 75.78246042709942, 90.52507082128393, 102.37531978748616, 68.58558373547662, 13.964790197394738, 50.76383155848184, 47.60541903127689, 45.09230527833875, 38.44315181481034, 15.558939027484579, 53.17082085480447, 58.35227173269559, 61.88235276749827, 71.61899744987534, 39.93020365651823, 83.50582625397846, 79.99333015823983, 15.926265158782453, 21.900614060252508, 73.61637832719624, 9.88043751041718, 46.18705810471374, 17.868949616189973, 77.956404114817, 39.43192377936964, 34.98416354450761, 53.14398795868942, 56.658258725998266, 86.59760266592957, 37.49838423302607, 83.32619201703086, 43.00421463602661, 53.511615831578894, 37.549388838431824, 51.45769458747001, 65.49419509222423, 11.176844377741798, 69.1682037454984, 24.057118296719395, 70.37962160162274, 53.25377888179115, 71.93080192902893, 23.42101147471807, 14.726172876255678, 54.64062803994204, 67.08420766007465, 74.05904156943818, 18.339576155792578, 70.78449151596531, 29.453256375856665, 36.440881705333766], [40.35169265847938, 33.945022658015425, 90.12974941698427, 73.72300171409772, 35.43084957714066, 28.69473185295147, 19.892504089531492, 26.117466390732854, 36.86744132298686, 24.005292763388383, 0.0, 53.77241200179254, 47.10955133400954, 34.48415440825, 33.207247279153194, 48.25385418552486, 48.320301995229805, 53.803948431492984, 60.27799007869266, 64.73902410046259, 27.14792721958646, 68.08542535423636, 20.074594445414263, 67.42651669082247, 17.77464514065717, 28.740960729175224, 57.03414488433209, 52.289194235026926, 65.10408681317242, 77.7114361405225, 59.819047436173186, 28.078832736297116, 55.69007542828304, 44.077164536245704, 25.028932682819157, 46.503013055681635, 41.2417630293705, 23.429793529768705, 32.49326717054074, 21.35545779251937, 78.91508394749236, 67.4133153588402, 53.44369459724783, 42.31467541376445, 32.948053105442945, 28.983152342847117, 56.0771767445524, 67.76177523481545, 78.60960509236293, 45.3088708341413, 32.25432693637107, 26.97102545553635, 25.024620331912963, 36.960133880634984, 27.575055583389766, 24.984158037100094, 35.81329893384438, 38.57928572493607, 53.645724800297444, 47.61558071046795, 19.017629742378087, 69.1780599474815, 70.53089899196293, 9.635659266472965, 10.527462260082272, 53.8088487316071, 29.024987051443066, 37.586697582547885, 35.14481401039788, 56.57263821971663, 37.806736102984814, 27.968543901212687, 30.198309853420657, 48.232978780989384, 62.668923528932496, 42.793270766745074, 61.58854340105094, 27.476912389681335, 52.631956617284025, 15.399995165156147, 33.93114614758274, 41.86448985422707, 27.73776640894098, 52.22280919944159, 13.225320848193359, 54.1050391807092, 30.16206874229532, 53.849554150110635, 4.347976029218141, 9.649835424956413, 31.588278883530894, 51.10517009189521, 59.39468813664289, 7.626258401344875, 49.14275452424547, 23.37973370067382, 12.803659413753161], [78.19419329049454, 86.40300489756405, 46.10566491234189, 91.19082116241783, 58.87937847377549, 52.23542807382139, 61.41420612222652, 79.42626775137076, 50.082310319512516, 77.50179972712222, 53.77241200179254, 0.0, 74.37169802238142, 38.255361243496694, 86.391087855865, 55.57620799471498, 42.33370316117862, 48.573614639166834, 20.844458966039973, 28.401839637899126, 80.91998694449741, 37.8916724819704, 72.56654900728033, 70.2138979613822, 36.8978801247196, 71.1864760328539, 15.077119378920985, 28.31500426870834, 54.86738925430172, 40.3488015560902, 14.691542934147979, 44.408618013094106, 46.813390879564395, 20.372075088027685, 62.36269934435204, 46.50118192112238, 94.70566103749572, 66.5104833008211, 53.638128282785026, 70.36697996700443, 99.42592298456883, 90.82437661620703, 30.163405491925847, 19.59354999962032, 21.554992254541038, 42.02041460313431, 29.31561369912766, 36.05507613352929, 33.3465565426341, 25.285979985107005, 82.54560837271951, 30.16337004197475, 30.77983767669118, 69.11749932959103, 62.254969905994635, 73.0322410949536, 51.17119787371858, 30.127960179317128, 77.31823383430172, 10.451506180024083, 39.358568881922444, 72.85417394532922, 85.61653727629356, 63.10467007863621, 60.38687502086081, 28.400894255667286, 80.39819166982329, 57.056979919061924, 87.94143089188401, 20.91691025460375, 77.64183985119601, 58.542875528698055, 32.99958693234519, 73.98176373294105, 10.271410761844914, 87.50830148164847, 40.079033111070586, 54.75509845189105, 87.93920199263118, 40.46017112845312, 50.613649764170134, 12.055181935331658, 78.31733716292173, 56.38294491533141, 56.54950749549673, 59.172313665522054, 24.789194687032875, 53.32044950775798, 55.6395133698249, 62.777617367751226, 31.70650662519005, 42.07014582767203, 48.617374004155316, 60.767222608843426, 19.040496496047304, 59.63577536487393, 41.07928510614643], [14.41941328226052, 44.856135520517775, 87.26098280131055, 27.074290815991148, 82.44653277766461, 23.69482721592076, 66.32540043690813, 57.1077863933308, 82.55075075307813, 54.95396128481164, 47.10955133400954, 74.37169802238142, 0.0, 76.7643691994133, 48.26840082924061, 23.90826015961225, 37.39925329923055, 35.95410389198947, 66.00595937184933, 65.07574250146234, 52.231833395198336, 61.238146433225204, 56.984805881250345, 31.743370546848485, 47.28552984210017, 22.794939295442713, 67.01876017121042, 88.47282138207332, 42.59694290297758, 72.39180879526208, 70.25312394327486, 30.944067273982114, 98.17195744700186, 54.64644211274036, 22.162016824994993, 32.08619845494956, 65.0312435593037, 25.90874032584732, 79.10272311786191, 33.52100894279078, 31.808703260714868, 20.37084957629296, 52.133446832999034, 54.92638545675135, 56.14375405286984, 33.01987957690779, 91.87742256303532, 62.39507051570955, 80.55126775918079, 50.91358338579646, 68.81574153045257, 47.31525005116887, 61.064709200003215, 10.345573511626505, 19.53637617295431, 66.6235524167634, 23.211649048533246, 77.09088682783145, 6.94787480987122, 64.10925239960301, 60.7645640920135, 31.9362475800664, 25.039478904179425, 44.672813063853475, 38.346983261701595, 89.71993914077947, 64.69019949894647, 84.36013711975743, 46.97356531404496, 88.26985173673195, 17.403513126217245, 75.07808569838927, 42.09334875721869, 1.9644693906080724, 78.19749345514747, 27.245159530885534, 51.66277806252114, 22.45786858849719, 15.488883805714115, 56.509371374566406, 23.80248706335615, 66.7425351144173, 65.3125130223045, 26.59395131383357, 60.17580872372396, 25.59843022938834, 62.366195746705095, 31.32793120521282, 43.010952771965506, 50.93685909487565, 43.11963787904242, 92.86544870404964, 101.73695494929912, 43.82099887081104, 81.39126562268387, 70.35700834616274, 51.19010104803647], [73.30013772184594, 66.84349493357814, 83.93882144457427, 101.10295497400418, 20.81388294224456, 53.803205597411434, 29.280740660282667, 53.08737209971652, 11.898225992318007, 51.976639176835064, 34.48415440825, 38.255361243496694, 76.7643691994133, 0.0, 65.16936961299791, 68.57833084157633, 61.171133833638976, 68.20216935799404, 55.45464706507032, 62.527407106851975, 57.05916052774255, 70.1022379289137, 45.656581270551825, 87.70411908877956, 29.92138231965814, 62.36623070366835, 49.98419522737597, 20.663984437404164, 78.33053764062673, 75.96152580449791, 51.20953602591127, 48.335044489585805, 21.61705348296994, 43.71601194365539, 56.52378264777061, 62.42632250317547, 67.41298449070953, 56.89652805826083, 15.784221189232104, 55.838918313462564, 107.72197322717408, 96.82468394323631, 57.148269895268434, 41.39884873382321, 29.958412490768147, 47.314129258934706, 24.19172650572338, 68.81094680942456, 71.14720744223413, 48.27981543884797, 51.54248285120046, 34.08093850078161, 17.01981478689474, 67.68273026512472, 58.261826899939294, 41.67967881864107, 58.04029996905771, 8.61289478018041, 82.34786770402754, 39.473716821197414, 16.301131331216528, 90.03798549815369, 96.74245283049767, 43.13432937898424, 44.88393183680765, 22.17298059784749, 50.7872308179285, 18.802212662498057, 67.59994778976382, 28.464020856507485, 71.18889040429481, 22.311078297378604, 41.02177037853876, 77.36406878591266, 48.46508470754132, 77.19686839311136, 67.94227738326865, 54.41197606731175, 85.38297930217595, 20.596781966267542, 56.44059410076233, 28.719770643082875, 48.1609692203496, 71.48982323876488, 27.929864511571186, 74.11342953981189, 19.53182222902847, 70.84876119813178, 38.56177773663644, 39.14223734723715, 41.20109461076883, 16.692063530319675, 25.282554431518314, 41.72965410886674, 22.759336348956833, 25.458743233653216, 25.73597174013497], [34.392084431245266, 3.9733130804128822, 118.28885353233525, 73.3635062580389, 57.58075154186013, 45.708072002965004, 38.8995750412566, 15.424796958474989, 63.47626818918964, 14.985975201984482, 33.207247279153194, 86.391087855865, 48.26840082924061, 65.16936961299791, 0.0, 63.373204281382606, 70.18636016176674, 73.28078868332962, 89.80189110189156, 92.82794279400721, 9.251621675376114, 93.79236378158758, 21.260405997581586, 78.46192337904108, 49.53064187370944, 26.671167097618913, 87.56967902088645, 84.58352371675151, 83.56342549348743, 104.53172790609722, 90.61885175690178, 50.50369235565784, 84.63398113532206, 73.79243134451555, 33.40266550286214, 66.34684486983775, 16.82830245047331, 26.8663083598376, 57.342336290879786, 18.857736816427455, 75.04454501644892, 64.05948848772587, 80.03992253769043, 72.47460868263288, 65.01474224504041, 52.60691363850714, 88.35375759781213, 94.01282023561257, 107.88421084723073, 73.50942132015355, 26.40267923759826, 57.475507708948996, 58.20503013811658, 39.74178436797272, 35.991863013439946, 30.434550291413846, 52.93477172635088, 70.75967558031053, 54.866156026331495, 79.21077940479528, 51.50179852633765, 79.22156881538291, 72.73125444455896, 23.579158776386468, 26.279107456256675, 86.1262934339823, 23.006692082225882, 60.965584551395594, 2.9141789714868613, 89.57943477290907, 31.095459000934323, 49.72102405554468, 58.1526626013277, 50.16534792973901, 94.71132410277393, 25.567805610760843, 85.55184316398719, 42.70930055920717, 43.104045190900024, 48.37563207684789, 51.51432047190359, 74.70158243386466, 25.164368730997403, 67.46895086346537, 37.50116354151747, 68.10329855661809, 63.34812136453725, 70.99672305877269, 30.78143518193355, 26.09794468936793, 59.7287497100643, 80.90295510989287, 88.24234358619736, 25.772851951591228, 82.20349697813872, 44.11867875993481, 45.9389927997452], [35.24272484107264, 60.83375051448693, 63.35285082835465, 35.6703598399026, 80.00506267326666, 19.89504233356384, 67.87960742435104, 67.39458247624357, 77.1981115408756, 64.98876638312716, 48.25385418552486, 55.57620799471498, 23.90826015961225, 68.57833084157633, 63.373204281382606, 0.0, 14.372616956546635, 12.065659707274968, 43.59491132640069, 41.71663419081608, 64.23755498076545, 37.343653896313846, 64.63711441080919, 19.584580086406714, 39.469131015657396, 37.107074194962806, 45.59130178622659, 75.16377527844169, 20.410396074445625, 48.48371662755352, 48.66203512668072, 21.208313689195396, 88.40641400760347, 35.2075406272596, 30.17157701292045, 9.309366840431418, 78.92987909917439, 36.62634798285957, 75.57542665657655, 45.06304568167665, 43.84995197876208, 35.75025890843221, 29.371817388609944, 36.21670721027293, 41.67890439618901, 21.559374495648985, 78.08176395813759, 38.54513900368713, 56.941819204186125, 30.44837399619227, 77.52677318287726, 34.77672108616372, 51.5769301329386, 25.722884186769857, 27.418789222623516, 72.39771103159404, 12.444397779562427, 66.29885252093851, 23.78728546359397, 45.14321595613611, 54.658406175179955, 21.69252515036234, 30.245213052800974, 50.60041422262556, 43.76027088139796, 76.15583964975029, 73.58949398003676, 80.924979980721, 63.00079429933294, 72.68166726704695, 36.983974237249654, 73.97727751344993, 27.94872636144074, 22.58146801123563, 57.39826041963136, 48.38264853965477, 27.763561685878116, 22.036244235662345, 39.39684974539963, 51.03738784601474, 14.324295932871017, 50.684851713195435, 73.30985130537752, 4.180601412864956, 60.91434749773535, 5.892055854461563, 50.59037481681817, 7.952627541918584, 45.435801090333, 55.70987872963845, 28.185996318669783, 82.85288756073328, 91.64814857044954, 48.747248840795, 66.70687079606304, 70.5241228206881, 46.01465793161089], [46.77693977103531, 68.27202357124153, 50.723443404734056, 49.15664406450036, 75.59705822103435, 24.503939051198188, 66.51025357660745, 71.22263568810577, 71.14259187118621, 68.8087495526822, 48.320301995229805, 42.33370316117862, 37.39925329923055, 61.171133833638976, 70.18636016176674, 14.372616956546635, 0.0, 7.088013720619137, 29.2223774797229, 27.67772824971981, 69.23386438418714, 24.75383171919668, 67.0972684968566, 28.341375103415515, 34.92421960130167, 45.68734175422554, 31.370772099618065, 64.44799136575352, 17.57349470789644, 36.00196012934424, 34.3824044043507, 20.724741835598707, 79.37339370859343, 22.289491777726308, 37.19828912957274, 5.316071411825287, 84.37560309719684, 43.62369739631809, 70.70082316173193, 51.3307700333635, 57.59553782506462, 50.035577042842796, 15.0089892474197, 23.761710015959395, 31.927256245818224, 19.393677724037094, 67.0217849619372, 25.564424916303352, 43.19021199267647, 17.08092423953671, 79.92867231057949, 27.467681760866448, 44.41571592314375, 36.76694842771055, 35.12590434550137, 73.30075482776435, 17.81588198408054, 57.38514446560121, 38.05652797715502, 32.07902215202975, 49.47100737772098, 30.938129286401445, 43.455437352382646, 53.21499133387914, 46.90849162494542, 65.27065442292263, 76.28428381333676, 75.87920170443556, 70.3604325389725, 60.76257890661812, 47.84894012221069, 70.65755184474459, 20.7922674323317, 36.31574695486737, 43.28931574511022, 59.31524687407286, 15.634462167603575, 27.57662474854392, 52.751482703823974, 46.60102541113674, 18.90589379129519, 39.19309212202909, 75.48499012362473, 14.197855124807978, 59.52278440523631, 16.92348468367521, 41.96057932847743, 11.050599771276522, 46.629641344041225, 57.16286795013749, 20.2288340377638, 73.82326342451836, 82.35556450185217, 50.99075485235554, 55.44087807176809, 68.15864893725963, 42.34230254476316], [47.05437040905197, 71.0570409481845, 51.32812914215568, 43.94714165373417, 82.2797832133804, 27.861580487891892, 72.50984212701974, 75.5883374630239, 78.0570467520162, 73.16566383838328, 53.803948431492984, 48.573614639166834, 35.95410389198947, 68.20216935799404, 73.28078868332962, 12.065659707274968, 7.088013720619137, 0.0, 33.59911012676215, 30.603908900283383, 73.12510491815557, 25.392968975487307, 71.94147859222745, 21.669530701854676, 41.431601844261806, 47.74049950725413, 36.58626826216998, 71.41811005995025, 11.30370116335671, 36.463050094846125, 39.38532156011489, 25.75661042942851, 86.45775004280928, 28.919646117061834, 39.89807045782924, 7.352219957651312, 88.13874748420976, 46.43286526726497, 77.44953592686939, 54.55448110542869, 52.556815420637015, 45.96708009851805, 19.55275771677735, 30.54406377114553, 39.0147575628883, 24.894767554131914, 73.93388723263823, 26.700739857849722, 45.383159396858225, 23.58564568449321, 84.84958946857878, 34.36943928004752, 51.392042397621715, 37.30609057241647, 37.467185969331176, 78.68619051602587, 20.37025281149863, 64.47312283268445, 35.32846325031023, 38.511491936039754, 56.20150889616463, 24.301862681111178, 38.10189845065659, 57.91172871831565, 51.350767082211355, 72.21460743545471, 81.08882365632572, 82.66523767016632, 73.19335307838172, 67.49225626452483, 48.59028961196945, 77.12291133702807, 27.58097810104204, 34.57795694551209, 48.61995169869915, 60.06155000709948, 15.821359090972878, 30.68044277735406, 51.43762092238174, 53.18278936171863, 21.902295793269477, 46.1002773178701, 80.46635004261537, 9.89238461630203, 65.49413752850167, 12.075334011537645, 49.03603575147358, 5.366379248066437, 51.7447656791462, 62.285631286489284, 27.132757948161046, 80.90870804705254, 89.43155175499417, 55.79756830603259, 62.33863075902685, 74.40776877596531, 48.7380010892099], [73.42568045687861, 88.88674107215279, 30.183119415474305, 77.54207786899049, 74.91470412605436, 47.90896453673003, 73.0721825814707, 86.26479428824375, 67.26887309992506, 84.04357618270409, 60.27799007869266, 20.844458966039973, 66.00595937184933, 55.45464706507032, 89.80189110189156, 43.59491132640069, 29.2223774797229, 33.59911012676215, 0.0, 7.580892370409377, 86.24518404481573, 17.135568049872774, 80.31547968738347, 54.09306252847364, 42.59825012336967, 69.38001696319577, 5.848552132605844, 48.959002346436, 36.87141461887235, 20.51895494726917, 6.796186065841824, 40.829050923445614, 67.14506448501919, 16.23532133523615, 60.22551228727718, 34.406058062872695, 101.09204860088823, 65.780323241049, 69.56606624301656, 71.74671839361142, 86.15540573535095, 79.17065723902545, 14.248130985412603, 17.978958421573633, 28.988846718778078, 38.39707577357444, 50.141041803775494, 15.239473776762063, 18.33578817047751, 16.611801056654247, 91.92516411081114, 33.31305893850855, 43.11650620369875, 63.51110899488338, 59.11077714947439, 83.25875416442379, 43.872861028532014, 48.34408498088849, 67.21107486011994, 15.990058305296088, 51.329878303504785, 56.707658525870166, 71.68244565711879, 68.33685470999374, 63.75983459490275, 49.146400174903945, 89.06279832421217, 73.76106549236843, 90.7408761508445, 41.72760729389685, 73.78418753505288, 72.85056255236448, 31.653862559984724, 65.1113207493871, 16.18301485981276, 84.82073716392536, 21.10668436195728, 50.976496154771475, 81.01108038271093, 50.754900847553635, 44.095033091285806, 26.76807408122113, 87.45133787077391, 42.998136995037925, 67.01194672907758, 45.50492926982717, 37.67781372680812, 38.91380649162172, 60.68557302454594, 69.91785248744578, 30.07578298872438, 62.14626610883776, 69.17299109657363, 65.88464207758938, 39.48275031987346, 72.58839949155451, 49.16629293177459], [73.79783568983545, 91.61701838274494, 25.55295697746234, 74.03843099360289, 81.62599397549413, 49.19251222568251, 78.73280573243021, 90.41520804748154, 74.26867166700482, 88.12932773587963, 64.73902410046259, 28.401839637899126, 65.07574250146234, 62.527407106851975, 92.82794279400721, 41.71663419081608, 27.67772824971981, 30.603908900283383, 7.580892370409377, 0.0, 89.92830127022515, 9.903514687225448, 84.80763194041174, 49.69156445760101, 47.38066537799373, 70.9428268658322, 13.425371537033183, 56.539310097542696, 31.746330079385736, 13.655051981950237, 14.007372676249432, 42.75550696127691, 74.69652662005426, 21.073753673248547, 61.892890487744445, 32.99301808974451, 104.95866091667763, 67.80711382352641, 76.28554152200341, 74.37135867233289, 82.73275879030649, 76.5687425508256, 13.397361396235235, 23.19045819154018, 34.94571488317851, 40.458554