instance_id,num_cities,city_coordinates,distance_matrix,best_route,total_distance
1168,22,"[[87.72708504895176, 53.67548211071135], [84.4117119769803, 50.07309847789643], [85.39273934302702, 31.73609697645443], [47.276717383438616, 30.778363000915842], [7.973136444026807, 92.05242989924044], [44.75252351370196, 18.554001121444053], [83.40021746239687, 63.80915278408522], [94.6192871048823, 66.06828694706132], [95.0260386212004, 73.9093672557217], [46.60977462736079, 96.76380101131713], [56.059277313958674, 85.9869675208006], [15.093774834282813, 33.688254112670414], [14.190783175453415, 63.076241482484754], [70.78669644541817, 95.97040166356801], [25.181396918041077, 29.459575020212114], [0.27606405875839624, 78.52854224894892], [90.72004173271812, 42.815713532326505], [67.46032887574289, 97.41935088552086], [94.58152861345407, 45.7055543462619], [79.61305862054637, 42.64727803240941], [12.323259162674882, 47.28748814578725], [98.29959429231396, 73.37044001784801]]","[[0.0, 4.895800899171281, 22.063222564802786, 46.481289868110956, 88.50696266193128, 55.500733022424455, 11.018759659234656, 14.180411167932771, 21.510109979061284, 59.558680660217576, 45.242481542759116, 75.33317354118306, 74.13475547943933, 45.56135408458958, 67.06991322481962, 90.91400150946, 11.264651050386624, 48.21065713275494, 10.512047619255217, 13.691556159675084, 75.6739283054862, 22.353284292579108], [4.895800899171281, 0.0, 18.363225173068557, 41.84847238059023, 87.20733969162274, 50.658708310924716, 13.773246133559075, 18.974736998332, 26.09275070510828, 60.075021185588746, 45.75660106423751, 71.22808108177307, 71.41470835722066, 47.87696197497047, 62.714811419007745, 88.81733800799553, 9.615854645080287, 50.289332925496225, 11.067999465182218, 8.841373384482054, 72.14225290412472, 27.122673135841733], [22.063222564802786, 18.363225173068557, 0.0, 38.128052459989696, 98.14201409330889, 42.724639188468345, 32.13488839694623, 35.55036500205922, 43.25950971787572, 75.71473201552197, 61.67340552807345, 70.32606436084815, 77.79410787294842, 65.8739887039166, 60.254363400804145, 97.13074356776549, 12.29382177259631, 68.08715876911043, 16.720633584382604, 12.347411926782279, 74.70605531768142, 43.58905166633441], [46.481289868110956, 41.84847238059023, 38.128052459989696, 0.0, 72.79617262549765, 12.482250520330826, 48.94834350266027, 59.04826534246784, 64.34501695310252, 65.98880846071094, 55.90280289901586, 32.31422685760146, 46.236695349314466, 69.30166679443902, 22.134642265161276, 67.00105246312228, 45.08015348612684, 69.63044908018581, 49.60409465929169, 34.44575603216584, 38.6561179458013, 66.46366671102736], [88.50696266193128, 87.20733969162274, 98.14201409330889, 72.79617262549765, 0.0, 82.18723955715872, 80.54146294397198, 90.45844962911397, 88.9234417887387, 38.92283170409846, 48.46717216454041, 58.79694300157479, 29.63576599381474, 62.93563237780695, 64.91525021478868, 15.56086310208302, 96.28761381118332, 59.72880297043459, 98.22956005040739, 87.02383283010704, 44.97581103056792, 92.2382010522042], [55.500733022424455, 50.658708310924716, 42.724639188468345, 12.482250520330826, 82.18723955715872, 0.0, 59.51195677811848, 68.87888986167768, 74.77728853819058, 78.2318488885005, 68.3743200252578, 33.296951614695764, 54.00231346219169, 81.67666272036999, 22.404475853830544, 74.66659915318236, 51.97733564087284, 82.06940853795952, 56.74624738034435, 42.37620677035626, 43.327479305019516, 76.62982945467692], [11.018759659234656, 13.773246133559075, 32.13488839694623, 48.94834350266027, 80.54146294397198, 59.51195677811848, 0.0, 11.44426541151786, 15.400456161735566, 49.39175562559663, 35.20486436128606, 74.65278723049445, 69.21331485555909, 34.546299974581885, 67.59677919939877, 84.41732822880599, 22.232955695670956, 37.19846051347675, 21.278204704690552, 21.498081660906877, 72.97190831793289, 17.703379436886774], [14.180411167932771, 18.974736998332, 35.55036500205922, 59.04826534246784, 90.45844962911397, 68.87888986167768, 11.44426541151786, 0.0, 7.851623220894431, 56.9835754581811, 43.40078560204625, 85.86485677072724, 80.48413868824248, 38.237793373319846, 78.49725079608109, 95.16250152722397, 23.57724082415023, 41.47888887332347, 20.362767608440034, 27.81601250906211, 84.41181563429684, 8.177169465228204], [21.510109979061284, 26.09275070510828, 43.25950971787572, 64.34501695310252, 88.9234417887387, 74.77728853819058, 15.400456161735566, 7.851623220894431, 0.0, 53.539329108703534, 40.79555018551147, 89.48130942586563, 81.55792504102797, 32.775523615326634, 82.78923845780122, 94.86250290394757, 31.39039520417077, 36.22965200004321, 28.20731557200717, 34.855102569163385, 86.88195541946253, 3.3176210301361864], [59.558680660217576, 60.075021185588746, 75.71473201552197, 65.98880846071094, 38.92283170409846, 78.2318488885005, 49.39175562559663, 56.9835754581811, 53.539329108703534, 0.0, 14.332942513885248, 70.51087050604802, 46.752996414855254, 24.189936567123688, 70.63309569539626, 49.79294525518192, 69.68580778570909, 20.860857079762884, 70.05878769299308, 63.38623520656126, 60.19527122189868, 56.736996709079875], [45.242481542759116, 45.75660106423751, 61.67340552807345, 55.90280289901586, 48.46717216454041, 68.3743200252578, 35.20486436128606, 43.40078560204625, 40.79555018551147, 14.332942513885248, 0.0, 66.43288205066874, 47.7270590863172, 17.792296972472478, 64.41109842767922, 56.27961432535717, 55.363577928364435, 16.145691874688882, 55.73648798156711, 49.326557743154204, 58.39939201418547, 44.08425052855825], [75.33317354118306, 71.22808108177307, 70.32606436084815, 32.31422685760146, 58.79694300157479, 33.296951614695764, 74.65278723049445, 85.86485677072724, 89.48130942586563, 70.51087050604802, 66.43288205066874, 0.0, 29.40185700911224, 83.5509869548879, 10.938091523283273, 47.22516270772999, 76.17507965503442, 82.48580894946467, 80.39103498377436, 65.13833041986007, 13.87857785848782, 92.18396970132903], [74.13475547943933, 71.41470835722066, 77.79410787294842, 46.236695349314466, 29.63576599381474, 54.00231346219169, 69.21331485555909, 80.48413868824248, 81.55792504102797, 46.752996414855254, 47.7270590863172, 29.40185700911224, 0.0, 65.46085221626844, 35.36769506872681, 20.79406182239985, 79.16575274791376, 63.38054640490357, 82.24604989701305, 68.53770255894288, 15.898816869986929, 84.73643036485073], [45.56135408458958, 47.87696197497047, 65.8739887039166, 69.30166679443902, 62.93563237780695, 81.67666272036999, 34.546299974581885, 38.237793373319846, 32.775523615326634, 24.189936567123688, 17.792296972472478, 83.5509869548879, 65.46085221626844, 0.0, 80.6444877580875, 72.63585711896027, 56.7693502223891, 3.628246829583843, 55.61248882883314, 54.04868345325683, 76.07890356395116, 35.60502512738529], [67.06991322481962, 62.714811419007745, 60.254363400804145, 22.134642265161276, 64.91525021478868, 22.404475853830544, 67.59677919939877, 78.49725079608109, 82.78923845780122, 70.63309569539626, 64.41109842767922, 10.938091523283273, 35.36769506872681, 80.6444877580875, 0.0, 55.0276216978938, 66.8857264302271, 80.03773624451769, 71.27629426115743, 56.006439865732396, 21.98104167115444, 85.29029752617663], [90.91400150946, 88.81733800799553, 97.13074356776549, 67.00105246312228, 15.56086310208302, 74.66659915318236, 84.41732822880599, 95.16250152722397, 94.86250290394757, 49.79294525518192, 56.27961432535717, 47.22516270772999, 20.79406182239985, 72.63585711896027, 55.0276216978938, 0.0, 97.23949420081604, 69.78959872317853, 99.85423966831304, 87.0736689698688, 33.4834044169422, 98.15914882513636], [11.264651050386624, 9.615854645080287, 12.29382177259631, 45.08015348612684, 96.28761381118332, 51.97733564087284, 22.232955695670956, 23.57724082415023, 31.39039520417077, 69.68580778570909, 55.363577928364435, 76.17507965503442, 79.16575274791376, 56.7693502223891, 66.8857264302271, 97.23949420081604, 0.0, 59.35125486784673, 4.823096604877685, 11.108260186532394, 78.52421464445364, 31.480802524851637], [48.21065713275494, 50.289332925496225, 68.08715876911043, 69.63044908018581, 59.72880297043459, 82.06940853795952, 37.19846051347675, 41.47888887332347, 36.22965200004321, 20.860857079762884, 16.145691874688882, 82.48580894946467, 63.38054640490357, 3.628246829583843, 80.03773624451769, 69.78959872317853, 59.35125486784673, 0.0, 58.39414549179307, 56.104089021004334, 74.52046778100103, 39.10767706416464], [10.512047619255217, 11.067999465182218, 16.720633584382604, 49.60409465929169, 98.22956005040739, 56.74624738034435, 21.278204704690552, 20.362767608440034, 28.20731557200717, 70.05878769299308, 55.73648798156711, 80.39103498377436, 82.24604989701305, 55.61248882883314, 71.27629426115743, 99.85423966831304, 4.823096604877685, 58.39414549179307, 0.0, 15.27770100311069, 82.27347936961868, 27.913615165618488], [13.691556159675084, 8.841373384482054, 12.347411926782279, 34.44575603216584, 87.02383283010704, 42.37620677035626, 21.498081660906877, 27.81601250906211, 34.855102569163385, 63.38623520656126, 49.326557743154204, 65.13833041986007, 68.53770255894288, 54.04868345325683, 56.006439865732396, 87.0736689698688, 11.108260186532394, 56.104089021004334, 15.27770100311069, 0.0, 67.44960089560838, 35.95968990127337], [75.6739283054862, 72.14225290412472, 74.70605531768142, 38.6561179458013, 44.97581103056792, 43.327479305019516, 72.97190831793289, 84.41181563429684, 86.88195541946253, 60.19527122189868, 58.39939201418547, 13.87857785848782, 15.898816869986929, 76.07890356395116, 21.98104167115444, 33.4834044169422, 78.52421464445364, 74.52046778100103, 82.27347936961868, 67.44960089560838, 0.0, 89.84570429733549], [22.353284292579108, 27.122673135841733, 43.58905166633441, 66.46366671102736, 92.2382010522042, 76.62982945467692, 17.703379436886774, 8.177169465228204, 3.3176210301361864, 56.736996709079875, 44.08425052855825, 92.18396970132903, 84.73643036485073, 35.60502512738529, 85.29029752617663, 98.15914882513636, 31.480802524851637, 39.10767706416464, 27.913615165618488, 35.95968990127337, 89.84570429733549, 0.0]]",Route_3,1155.8206672782585
