instance_id,num_cities,city_coordinates,distance_matrix,best_route,total_distance
712,51,"[[98.35951721917324, 10.389317643323759], [64.1107851914129, 43.69286371798245], [54.76400768653566, 42.12947014691109], [49.43564097008508, 22.364684639930687], [24.876088857679544, 91.36869963178165], [84.81398546317668, 38.512581706776395], [12.371842531872234, 62.99595035195681], [50.052042043016776, 63.220756951486955], [67.07802314672058, 18.350383587527798], [57.304527816827274, 10.614362748932916], [61.47037604781852, 93.67437841850528], [41.92322869109757, 35.21867952222275], [11.923445150139644, 17.68991206061976], [88.51199737405166, 7.483393143743278], [10.758587929082776, 9.403418501722015], [21.795831148296564, 85.03195257179303], [60.46234090107077, 34.079874493054994], [58.699457933908604, 61.632942059432196], [26.946137831247285, 91.83691119628212], [16.59097711267037, 65.31773863294616], [52.56035280391802, 15.678309993386264], [37.955755281396954, 0.48179053709583863], [94.45604621691982, 53.19297017796456], [85.4973948063647, 56.76453709562688], [99.98125994854699, 9.087937241294576], [83.02700832149486, 85.04062243834582], [15.386053793475984, 58.11737892198524], [76.33523995285081, 54.835222944506434], [12.072627351317744, 17.18267228201017], [82.9763819512202, 31.85264085995556], [75.08597442751568, 54.66408456911507], [2.5093451680342826, 67.76422802859389], [5.41798511224677, 85.81417003399208], [22.850571043829802, 86.04741511084882], [88.99680904179544, 19.915776418940123], [31.524004111544134, 30.14041523676606], [21.70332006163892, 83.43490223947548], [51.808364595714565, 99.62370815274994], [30.701021547351857, 13.272883391355528], [13.772623186469591, 31.24827426351261], [37.10399821815413, 41.35392860913848], [12.98972883422147, 85.25146129622743], [93.08541671935969, 14.391728733840448], [68.72283483373164, 90.83733322388844], [83.97649386197611, 9.730917316514587], [92.1273631423534, 69.7648560290426], [16.807190777120052, 5.088833843312058], [95.99671925564178, 16.31559520828276], [72.8856528846144, 28.34299974303113], [97.43739460786979, 73.21117688502731], [77.95082153018627, 91.73876232358094]]","[[0.0, 47.77134943306763, 53.925928201202765, 50.368195142763604, 109.35023800153044, 31.215371407936154, 100.80346225735566, 71.58752082079043, 32.27863755447024, 41.05560619606412, 91.089022855039, 61.65672610622079, 86.74383686215998, 10.267328975801128, 87.6064769843237, 106.92764363729566, 44.69271144980683, 64.79837456148024, 108.32165642738184, 98.50495207633958, 46.10354542998401, 61.21089404343145, 42.98127215627401, 48.12582645743702, 2.079336536268783, 76.20960002976442, 95.72128011197503, 49.60350075494213, 86.5538966789733, 26.406724412046, 50.01912414675271, 111.71005247492599, 119.69560037251557, 106.89129368155497, 13.357159923361518, 69.6928380000825, 105.88592914853385, 100.64683929543597, 67.71991574121378, 87.12082824091354, 68.63705806886297, 113.54444645688062, 6.620833075952346, 85.73340162192517, 14.398085007528628, 59.70171105614306, 81.72439707104235, 6.379935735836595, 31.164923633355208, 62.82862650651128, 83.87041796433292], [47.77134943306763, 0.0, 9.476626466403877, 25.889207803681753, 61.7442039909802, 21.341457851055647, 55.22252566775588, 24.062146060809415, 25.51559915514247, 33.77147266271508, 50.051209497914805, 23.750778118586947, 58.306705922034595, 43.66400022042014, 63.42099814696637, 59.156365700863454, 10.282057555679284, 18.738433061095673, 60.81990069868774, 52.20888214593711, 30.302272336020884, 50.51022109472267, 31.79759251039523, 25.06502973694958, 49.84166826821878, 45.46933745618505, 50.81501833780647, 16.54053999563939, 58.40171334269702, 22.2733387356138, 15.518455649084204, 66.1374930937671, 72.24298738908904, 59.12963127904126, 34.41894919238658, 35.29259357121998, 58.11903926061435, 57.26786980235623, 45.18392977402908, 51.85362437406107, 27.107880036298717, 65.88231504543273, 41.20783643361052, 47.369526141777186, 39.34539597411451, 38.271104284422016, 61.05654073951751, 42.02651094488508, 17.680967933987656, 44.5195879071764, 49.99954978475325], [53.925928201202765, 9.476626466403877, 0.0, 20.470423493467862, 57.60025531353172, 30.266863834315554, 47.249398542709784, 21.611223919495593, 26.77834823793873, 31.617340761653494, 51.97935114374048, 14.582339739149008, 49.32145372845438, 48.366077571559586, 54.840417798492446, 54.10659536945383, 9.862402933081416, 19.896562147568293, 56.96194851795765, 44.664035404044064, 26.542795035736233, 44.911541565578354, 41.20508409935138, 34.04006857294307, 56.00306062064204, 51.38252811871374, 42.49984093857326, 25.03505972912623, 49.44589647926768, 30.025843565899386, 23.87674372553389, 58.203870718148735, 65.90434695926031, 54.28861140426659, 40.808490264512024, 26.150242901435767, 52.90697294860526, 57.57015919686486, 37.572994305956726, 42.41101304007186, 17.67703026812298, 60.03829190035824, 47.30658187778293, 50.66857784515832, 43.62379596108404, 46.472947870477284, 53.035164633197816, 48.64660977589539, 22.76973409774713, 52.79290146499006, 54.76048033472957], [50.368195142763604, 25.889207803681753, 20.470423493467862, 0.0, 73.24428772919808, 38.88935379706519, 54.996589967285594, 40.860721910042486, 18.09332091700661, 14.141762434325281, 72.31809783992738, 14.888301537901256, 37.80235884045081, 41.8140462811759, 40.79103886691268, 68.49193789803628, 16.088312051385206, 40.3461813001362, 73.02169550297238, 54.07158950163632, 7.380476269079636, 24.711309753657954, 54.56390819767012, 49.837736091460805, 52.26022980625936, 71.1101479357775, 49.37235598311629, 42.16543944064299, 37.72065798410514, 34.85688768086884, 41.2454948117098, 65.29315260883551, 77.22299673018587, 69.00910159693058, 39.63689153645819, 19.52661571462921, 67.07199937846487, 77.29544961741266, 20.824188216068492, 36.752809444104905, 22.642014033282145, 72.68460077371299, 44.371961291365295, 71.13718754094835, 36.77883352257754, 63.791530705504556, 36.91978849806467, 46.95237474362521, 24.200068393777855, 69.925203796151, 75.00585428373117], [109.35023800153044, 61.7442039909802, 57.60025531353172, 73.24428772919808, 0.0, 79.9144583388596, 31.005952297458418, 37.76420654433836, 84.33669270059787, 87.02221887952406, 36.66685164589287, 58.68074415686952, 74.80865402459044, 105.29137427774515, 83.1721776990277, 7.045732812027984, 67.44175872759669, 45.03593647375778, 2.1223394691002726, 27.33670875562998, 80.59437668880572, 91.8232428012723, 79.36470742996998, 69.80251284697927, 111.40426645397501, 58.49422189800645, 34.57905571969177, 63.10894667394907, 75.28276881522046, 83.17334494468037, 62.19534850641622, 32.51833794867111, 20.235379917875157, 5.693750202365926, 96.0051404487797, 61.58812862215798, 8.544682726426613, 28.16900143971754, 78.31274707924388, 61.13716133722063, 51.48785378878605, 13.368102313389002, 102.84924139712777, 43.84996559802388, 100.78484694152596, 70.63610940109913, 86.65634631526292, 103.39783630138582, 79.22851181565387, 74.79865456324393, 53.0760227848123], [31.215371407936154, 21.341457851055647, 30.266863834315554, 38.88935379706519, 79.9144583388596, 0.0, 76.46763637445154, 42.64840717154306, 26.852906589242483, 39.180108231296, 59.897812288955116, 43.01705252667897, 75.80642742089519, 31.248773335496523, 79.57100782591088, 78.32840888803374, 24.751797634146094, 34.87864118502265, 78.69035458718918, 73.3000361952833, 39.518360092485175, 60.34927350648477, 17.56368814468841, 18.26474538138829, 33.10371455342399, 46.56234381582908, 72.14281509465853, 18.393415735107936, 75.80415698381215, 6.908805884543825, 18.85484668253965, 87.3482262364238, 92.41842419129559, 78.0962554368431, 19.061405509656, 53.943630614363634, 77.46593425156256, 69.45459512762578, 59.70975828797851, 71.41180096287026, 47.79451992791409, 85.69274593324232, 25.49964947146831, 54.743079470440904, 28.793846517194368, 32.09657525955784, 75.77645442162029, 24.85477307656317, 15.674996504692535, 36.9234744543151, 53.66683633515022], [100.80346225735566, 55.22252566775588, 47.249398542709784, 54.996589967285594, 31.005952297458418, 76.46763637445154, 0.0, 37.68087012274066, 70.61156299913986, 69.01287507943776, 57.89500791994842, 40.556888424533376, 45.308257148869046, 94.22827169796886, 53.61680763092719, 23.96657996617628, 56.11448544249204, 46.34766165023311, 32.314255459429845, 4.815786273561789, 62.08120043128478, 67.54670065172148, 82.66749612090634, 73.3905777782182, 102.86633996419083, 74.01432307435824, 5.7346254216743455, 64.48188646009638, 45.81425517498377, 77.1680420428874, 63.26517467649522, 10.954694256492331, 23.85429274722062, 25.321409493899676, 87.90498779219428, 38.03013911201736, 22.468360579909774, 53.82222509340807, 52.993793894662204, 31.778563898626157, 32.86421503713587, 22.26408657172309, 94.21810557011858, 62.85361511978214, 89.24343021406393, 80.04224604491162, 58.07672904358836, 95.77147572949468, 69.73340827259405, 85.67671213997535, 71.60133885967115], [71.58752082079043, 24.062146060809415, 21.611223919495593, 40.860721910042486, 37.76420654433836, 42.64840717154306, 37.68087012274066, 0.0, 47.99202473708287, 53.103966526935025, 32.52385911760244, 29.158085445804698, 59.38726915337771, 67.71869674101809, 66.6354369237599, 35.69512163467389, 30.944552877205187, 8.791982581959509, 36.77998223497906, 33.52670873266915, 47.60856945589806, 63.8944290229237, 45.522215392610555, 36.028541565616806, 73.64298317174632, 39.54054793413189, 35.03962340878253, 27.588469927665997, 59.682000472152055, 45.47494766926849, 26.45589561687354, 47.75930438746965, 50.02660644912797, 35.51022876924298, 58.24101832483203, 37.915659001958446, 34.817548846829595, 36.4452949647914, 53.565399908919936, 48.35737670512753, 25.4127924605758, 43.115739519486496, 65.08567686299521, 33.335773404005174, 63.340598160989565, 42.58119160320842, 66.96671277542563, 65.65826347329367, 41.68730900355067, 48.42705987507297, 39.89509402516168], [32.27863755447024, 25.51559915514247, 26.77834823793873, 18.09332091700661, 84.33669270059787, 26.852906589242483, 70.61156299913986, 47.99202473708287, 0.0, 12.464639159583424, 75.53244272021757, 30.287011933254306, 55.15853240087871, 24.031369758779814, 57.02566937336491, 80.60340287100452, 17.064118369328927, 44.08605474409301, 83.73074679570529, 68.95559627185229, 14.761528697082747, 34.16713484068581, 44.312097530408614, 42.60188308138387, 34.18209918003739, 68.57082532742571, 65.21866001036467, 37.640929397402466, 55.017789089547705, 20.858302043249807, 37.186182416264785, 81.30708578199791, 91.39651400412872, 80.8638089418438, 21.974613303327313, 37.45788456178124, 79.34014272872872, 82.69531884059855, 36.729650877766375, 54.84360718271531, 37.78366385065896, 86.03079553404694, 26.30694715645987, 72.5056085628554, 18.969805252334115, 57.19193483924193, 51.990626931695914, 28.990194003980804, 11.557722128676343, 62.70086185011342, 74.18943238894519], [41.05560619606412, 33.77147266271508, 31.617340761653494, 14.141762434325281, 87.02221887952406, 39.180108231296, 69.01287507943776, 53.103966526935025, 12.464639159583424, 0.0, 83.16441844029968, 29.01649128815483, 45.92935947803811, 31.364137591104083, 46.56168925203828, 82.45511029730768, 23.677035812967606, 51.03764556573163, 86.71063498094425, 68.19129375549049, 6.939074740029766, 21.841337373336724, 56.508168701772696, 54.0802768236258, 42.70402135950345, 78.74588328712132, 63.353729250799816, 48.14200329068839, 45.70631805171004, 33.318291550118396, 47.503240268472155, 79.17461173253699, 91.36314535710936, 82.92900895314693, 33.02903246392584, 32.340410143909445, 81.05724498970929, 89.17887294291802, 26.73601088113567, 48.17452672458818, 36.782907788003726, 86.80148551970359, 35.97972351810535, 81.0314921925906, 26.68659304867583, 68.63971674904415, 40.87255530297187, 39.1099696994694, 23.60245809331164, 74.35730049468116, 83.7104393158072], [91.089022855039, 50.051209497914805, 51.97935114374048, 72.31809783992738, 36.66685164589287, 59.897812288955116, 57.89500791994842, 32.52385911760244, 75.53244272021757, 83.16441844029968, 0.0, 61.637323946114094, 90.71128644811517, 90.33346681372096, 98.35283493370001, 40.60493858510444, 59.60302872319148, 32.161026587261254, 34.57310096342679, 53.08728160970508, 78.50334517702221, 96.11345288679856, 52.21875955671542, 44.041276286043214, 92.94059505857015, 23.22132936133166, 58.20708694684538, 41.58658650152218, 91.05558019119184, 65.45559964338686, 41.318126112554815, 64.40294291128858, 56.60082513040016, 39.36571995839083, 78.72760559233437, 70.2378079792093, 41.06416459918382, 11.346761193722003, 86.08805712162504, 78.56267630365143, 57.716114186528806, 49.20689674322104, 85.3536720808454, 7.7876173427863655, 86.9081699315212, 38.87822164923051, 99.20785667581112, 84.71392869576178, 66.321169960269, 41.380781059554785, 16.593724505493814], [61.65672610622079, 23.750778118586947, 14.582339739149008, 14.888301537901256, 58.68074415686952, 43.01705252667897, 40.556888424533376, 29.158085445804698, 30.287011933254306, 29.01649128815483, 61.637323946114094, 0.0, 34.745427054898634, 54.219548853619884, 40.46804338465129, 53.72591836122484, 18.574056057534527, 31.291454632087248, 58.5656674897646, 39.34051765525651, 22.248021276397317, 34.96272731955722, 55.5227164481208, 48.6099982638789, 63.66750101616414, 64.58906018701379, 35.05099264996129, 39.610545248928005, 34.876295065781655, 41.1909165821179, 38.44335420090217, 51.11425380410201, 62.39019529443523, 54.28928652384689, 49.498493011626785, 11.57292702858414, 52.284307761539445, 65.15921749646611, 24.64864907037958, 28.429222785640555, 7.801683389490175, 57.79642433587933, 55.238857364910665, 61.738590273718756, 49.17421208099782, 60.941721564459634, 39.22528471702059, 57.28236184388503, 31.716662566626724, 67.26999682843478, 67.02616806629737], [86.74383686215998, 58.306705922034595, 49.32145372845438, 37.80235884045081, 74.80865402459044, 75.80642742089519, 45.308257148869046, 59.38726915337771, 55.15853240087871, 45.92935947803811, 90.71128644811517, 34.745427054898634, 0.0, 77.26564152426003, 8.367966769000828, 68.06184265434713, 51.23138949175982, 64.17932110441686, 75.65354437311525, 47.85598937045233, 40.68666620084041, 31.205778585677514, 89.84485168629222, 83.3063766445471, 88.47696150898783, 97.93791341481213, 40.575481949617206, 74.35491530737669, 0.5287225379650939, 72.45069161230887, 73.18875963837176, 50.95156914299681, 68.43416935075054, 69.22535881856179, 77.10549846617447, 23.220614568497595, 66.46841119586361, 91.12603218206512, 19.29008858502841, 13.683882673966423, 34.55496971521841, 67.56996297179967, 81.22895815077237, 92.61056036578735, 72.49129207019952, 95.62671305977284, 13.514368042485632, 84.08450609731565, 61.88601658719358, 101.95708116438614, 99.21112163915286], [10.267328975801128, 43.66400022042014, 48.366077571559586, 41.8140462811759, 105.29137427774515, 31.248773335496523, 94.22827169796886, 67.71869674101809, 24.031369758779814, 31.364137591104083, 90.33346681372096, 54.219548853619884, 77.26564152426003, 0.0, 77.77711217120535, 102.2977316719601, 38.654314745142294, 61.813923638955906, 104.4311786253718, 92.29000310760911, 36.87380383781665, 51.038770102663364, 46.09443729230038, 49.37326177038923, 11.580956167938208, 77.75094160691702, 88.94495005530526, 48.892424840410726, 77.05227644446627, 24.990063472580594, 49.053804496053736, 105.02492675971646, 114.19424452219525, 102.39007986795885, 12.441832511916191, 61.326764354654536, 101.15350264896013, 99.18162283954624, 58.1001473609359, 78.4266767661883, 61.56293974401608, 108.40426868703854, 8.285002422054015, 85.67082514445413, 5.061833365021117, 62.386308504122326, 71.74477823052106, 11.57708317986916, 26.063496111988112, 66.33102043028173, 84.91469643610453], [87.6064769843237, 63.42099814696637, 54.840417798492446, 40.79103886691268, 83.1721776990277, 79.57100782591088, 53.61680763092719, 66.6354369237599, 57.02566937336491, 46.56168925203828, 98.35283493370001, 40.46804338465129, 8.367966769000828, 77.77711217120535, 0.0, 76.42967946725913, 55.49225657506278, 70.89605170871656, 84.00784183431425, 56.21768368872776, 42.270105392383044, 28.62309133425291, 94.46051746550269, 88.48143764601457, 89.22322977071926, 104.61219434351247, 48.93325433846697, 79.77685219143311, 7.889454289196126, 75.62656516008963, 78.65456469005998, 58.94093734207601, 76.59716044458509, 77.59199876190307, 78.94130041911785, 29.346644489959246, 74.83613930359223, 99.12005260841887, 20.31436479812193, 22.05180563550764, 41.4115411379923, 75.88085124387909, 82.47781506341826, 99.95667254465891, 73.21863836941867, 101.31328007755148, 7.429753507881081, 85.51793507134302, 64.94982630912105, 107.63199132767544, 106.27278625579073], [106.92764363729566, 59.156365700863454, 54.10659536945383, 68.49193789803628, 7.045732812027984, 78.32840888803374, 23.96657996617628, 35.69512163467389, 80.60340287100452, 82.45511029730768, 40.60493858510444, 53.72591836122484, 68.06184265434713, 102.2977316719601, 76.42967946725913, 0.0, 63.96259248188115, 43.696582965826, 8.534232291744543, 20.389721350690362, 75.87083452547887, 86.08061946850238, 79.3298660889649, 69.69172110218763, 108.9974987841373, 61.23117778699171, 27.66730056382983, 62.34091427733265, 68.54243596429222, 81.06231547824115, 61.33552622866926, 25.88711749822014, 16.396515024197097, 1.464117623504033, 93.57396981325465, 55.746912203327646, 1.5997274971413655, 33.37171699009164, 72.30951822330337, 54.37881865549598, 46.28293158736703, 8.808837723903281, 100.36058108027262, 47.28473452826568, 97.65593031674555, 71.96949791041133, 80.09861899426816, 101.13213913108144, 76.31387329883293, 76.5596294429739, 56.55408245066666], [44.69271144980683, 10.282057555679284, 9.862402933081416, 16.088312051385206, 67.44175872759669, 24.751797634146094, 56.11448544249204, 30.944552877205187, 17.064118369328927, 23.677035812967606, 59.60302872319148, 18.574056057534527, 51.23138949175982, 38.654314745142294, 55.49225657506278, 63.96259248188115, 0.0, 27.609405800800165, 66.77732517071622, 53.856296908313965, 20.02645729835939, 40.43980269199379, 38.99849263447618, 33.783839945060954, 46.75833498187151, 55.73295297162902, 51.0849613739421, 26.129167871349587, 51.25504677578677, 22.623938959965024, 25.249957662759293, 67.03122695834023, 75.54017764953737, 64.15037419731946, 31.856514974604117, 29.20525081857766, 62.75492379312916, 66.11267228529964, 36.31345492211179, 46.77550320551439, 24.464750891359515, 69.80100423635879, 38.10365020942094, 57.35542591240857, 33.84947717548754, 47.708401154982134, 52.404699887507434, 39.72734151127146, 13.683947257203247, 53.83691506311121, 60.2527534687679], [64.79837456148024, 18.738433061095673, 19.896562147568293, 40.3461813001362, 45.03593647375778, 34.87864118502265, 46.34766165023311, 8.791982581959509, 44.08605474409301, 51.03764556573163, 32.161026587261254, 31.291454632087248, 64.17932110441686, 61.813923638955906, 70.89605170871656, 43.696582965826, 27.609405800800165, 0.0, 43.82411538367727, 42.2693965282303, 46.36288192210158, 64.57371394184757, 36.739171615603134, 27.236570773717936, 66.82188794784167, 33.76017192761207, 43.45584152223751, 18.900523606108706, 64.419622891346, 38.421808641367605, 17.806821656758565, 56.52363612045241, 58.51194008408136, 43.372908429525594, 51.55823303053377, 41.59668900438843, 42.94228318517985, 38.6106912105039, 55.88029808860975, 54.23696633747215, 29.62435259802259, 51.45108147848451, 58.43052625185578, 30.876601946497864, 57.729963777255634, 34.40280324964691, 70.3718567432468, 58.69197243004393, 36.186577437065544, 40.43121639813043, 35.73479276690036], [108.32165642738184, 60.81990069868774, 56.96194851795765, 73.02169550297238, 2.1223394691002726, 78.69035458718918, 32.314255459429845, 36.77998223497906, 83.73074679570529, 86.71063498094425, 34.57310096342679, 58.5656674897646, 75.65354437311525, 104.4311786253718, 84.00784183431425, 8.534232291744543, 66.77732517071622, 43.82411538367727, 0.0, 28.469209103021267, 80.35061011497, 92.0161385141385, 77.78780050669324, 68.25189461416106, 110.3699313821119, 56.49118139873845, 35.64607130887895, 61.71230300239796, 76.12146019268002, 82.08228154678247, 60.82156613380521, 34.30234555473956, 22.354748278621972, 7.091680494314775, 94.98913319606692, 61.86610116503916, 9.903579790943285, 26.053109728572707, 78.65370694795475, 62.00422899663484, 51.494792538020185, 15.432093263015012, 101.84380441872933, 41.788653586353796, 99.96927397943885, 68.81691472568968, 87.33857779814869, 102.33011269223826, 78.37037600376702, 72.91046057035426, 51.00477813332811], [98.50495207633958, 52.20888214593711, 44.664035404044064, 54.07158950163632, 27.33670875562998, 73.3000361952833, 4.815786273561789, 33.52670873266915, 68.95559627185229, 68.19129375549049, 53.08728160970508, 39.34051765525651, 47.85598937045233, 92.29000310760911, 56.21768368872776, 20.389721350690362, 53.856296908313965, 42.2693965282303, 28.469209103021267, 0.0, 61.30145890009533, 68.26531997791187, 78.80341995558605, 69.43523353396222, 100.57698462368059, 69.30179210079056, 7.300480817889162, 60.65690461501436, 48.346665833074, 74.34335709755094, 59.457254021486264, 14.292573896510463, 23.343938194300275, 21.654145170417575, 85.46310707100895, 38.2156954230658, 18.8246558421029, 49.16466135167193, 53.92365261243724, 34.18583802210256, 31.544385011142122, 20.256413512259385, 91.89590728092983, 58.04291772072649, 87.35389271026138, 75.66718223615808, 60.22929287736578, 93.30853093628336, 67.35147983708819, 81.23084136734953, 66.80644429845704], [46.10354542998401, 30.302272336020884, 26.542795035736233, 7.380476269079636, 80.59437668880572, 39.518360092485175, 62.08120043128478, 47.60856945589806, 14.761528697082747, 6.939074740029766, 78.50334517702221, 22.248021276397317, 40.68666620084041, 36.87380383781665, 42.270105392383044, 75.87083452547887, 20.02645729835939, 46.36288192210158, 80.35061011497, 61.30145890009533, 0.0, 21.076728218113978, 56.23698832014946, 52.658587081005386, 47.87666913467389, 75.7584812818927, 56.41810949016395, 45.809486908347836, 40.51566386251829, 34.4491481472444, 45.02548443713885, 72.23604517785881, 84.50705115676547, 76.38378157216731, 36.682031907767225, 25.528032716559537, 74.45208030982668, 83.94876627085937, 21.991281002298336, 41.79607345492274, 29.96892204238294, 80.03910084177079, 40.545481828288175, 76.8772046729537, 31.974136401671743, 67.01419826565879, 37.28841106895624, 43.44104122800878, 23.94811453591109, 72.96560596503616, 80.1864596475828], [61.21089404343145, 50.51022109472267, 44.911541565578354, 24.711309753657954, 91.8232428012723, 60.34927350648477, 67.54670065172148, 63.8944290229237, 34.16713484068581, 21.841337373336724, 96.11345288679856, 34.96272731955722, 31.205778585677514, 51.038770102663364, 28.62309133425291, 86.08061946850238, 40.43980269199379, 64.57371394184757, 92.0161385141385, 68.26531997791187, 21.076728218113978, 0.0, 77.27063695175976, 73.67465676128946, 62.619717264683025, 95.82073837697342, 61.89711199826903, 66.53781224321486, 30.80350243888606, 54.87246190688794, 65.68389574630137, 76.04850021349561, 91.32536054230916, 86.88867992752157, 54.61564772322683, 30.34800557181298, 84.5302335953232, 100.10501792280078, 14.705210571705024, 39.13311128454488, 40.881012226642596, 88.36967555203898, 56.857417729805924, 95.4501821810964, 46.940970651274014, 87.94717881889461, 21.64455193846508, 60.161971954257666, 44.68047364328348, 93.95546314883069, 99.63654060576565], [42.98127215627401, 31.79759251039523, 41.20508409935138, 54.56390819767012, 79.36470742996998, 17.56368814468841, 82.66749612090634, 45.522215392610555, 44.312097530408614, 56.508168701772696, 52.21875955671542, 55.5227164481208, 89.84485168629222, 46.09443729230038, 94.46051746550269, 79.3298660889649, 38.99849263447618, 36.739171615603134, 77.78780050669324, 78.80341995558605, 56.23698832014946, 77.27063695175976, 0.0, 9.64435199187489, 44.44976847099325, 33.83630981228933, 79.22318791440833, 18.195071140535198, 89.90978399785318, 24.23205206032405, 19.425855416905584, 93.09413187265163, 94.82572965881349, 78.78298437233724, 33.72202388662216, 67.02135639383728, 78.7879027379098, 63.04473155265922, 75.22178208250331, 83.61449892625292, 58.56125267547745, 87.54717425867199, 38.82544221029294, 45.599300841407256, 44.70761743250783, 16.734699445252453, 91.34195467370816, 36.90954426793642, 32.90597056960076, 20.238997949377637, 41.9309018993465], [48.12582645743702, 25.06502973694958, 34.04006857294307, 49.837736091460805, 69.80251284697927, 18.26474538138829, 73.3905777782182, 36.028541565616806, 42.60188308138387, 54.0802768236258, 44.041276286043214, 48.6099982638789, 83.3063766445471, 49.37326177038923, 88.48143764601457, 69.69172110218763, 33.783839945060954, 27.236570773717936, 68.25189461416106, 69.43523353396222, 52.658587081005386, 73.67465676128946, 9.64435199187489, 0.0, 49.828109768754445, 28.383794878299, 70.12439175944927, 9.363083608164652, 83.41415046592005, 25.039130972792538, 10.62118520322673, 83.71385538484527, 85.18563864180476, 69.1528124691142, 37.014552049145095, 60.18281123253727, 69.14472032947906, 54.51476222306975, 69.95831947862469, 76.12832937115884, 50.78786948935403, 77.90292982384334, 43.04686939856103, 37.97816870615985, 47.05820363346592, 14.593312595389035, 85.95767816897195, 41.7893851796952, 31.094047980052856, 20.323768243665626, 35.779144742550635], [2.079336536268783, 49.84166826821878, 56.00306062064204, 52.26022980625936, 111.40426645397501, 33.10371455342399, 102.86633996419083, 73.64298317174632, 34.18209918003739, 42.70402135950345, 92.94059505857015, 63.66750101616414, 88.47696150898783, 11.580956167938208, 89.22322977071926, 108.9974987841373, 46.75833498187151, 66.82188794784167, 110.3699313821119, 100.57698462368059, 47.87666913467389, 62.619717264683025, 44.44976847099325, 49.828109768754445, 0.0, 77.82195729275746, 97.77645450689656, 51.497071866739724, 88.28053251138682, 28.414742767610004, 51.932267872882946, 113.77030048099213, 121.77490606165485, 108.95826909817663, 15.424015786421858, 71.62124479847215, 107.95789492843555, 102.55414989753692, 69.40652135934593, 89.0112891116295, 70.67279704145085, 115.62183566299663, 8.69958953272684, 87.52172806896269, 16.01767651262128, 61.18310362034038, 83.27015438031245, 8.253217810114146, 33.24047764561777, 64.17367928737667, 85.53653665941754], [76.20960002976442, 45.46933745618505, 51.38252811871374, 71.1101479357775, 58.49422189800645, 46.56234381582908, 74.01432307435824, 39.54054793413189, 68.57082532742571, 78.74588328712132, 23.22132936133166, 64.58906018701379, 97.93791341481213, 77.75094160691702, 104.61219434351247, 61.23117778699171, 55.73295297162902, 33.76017192761207, 56.49118139873845, 69.30179210079056, 75.7584812818927, 95.82073837697342, 33.83630981228933, 28.383794878299, 77.82195729275746, 0.0, 72.80219619560093, 30.93777500858809, 98.17955784317205, 53.188005672449776, 31.397357726823703, 82.35027555203109, 77.61287817995374, 60.184858851028, 65.39789055995156, 75.27677060970797, 61.344707018202094, 34.456786051964556, 88.81788817465029, 87.69142821617682, 63.38335802620778, 70.03759683914376, 71.36131838166064, 15.434093271042984, 75.31569031967214, 17.781043199349124, 103.81402956804662, 69.9381353017668, 57.59746096311372, 18.643900209491296, 8.40432925714083], [95.72128011197503, 50.81501833780647, 42.49984093857326, 49.37235598311629, 34.57905571969177, 72.14281509465853, 5.7346254216743455, 35.03962340878253, 65.21866001036467, 63.353729250799816, 58.20708694684538, 35.05099264996129, 40.575481949617206, 88.94495005530526, 48.93325433846697, 27.66730056382983, 51.0849613739421, 43.45584152223751, 35.64607130887895, 7.300480817889162, 56.41810949016395, 61.89711199826903, 79.22318791440833, 70.12439175944927, 97.77645450689656, 72.80219619560093, 0.0, 61.03749537252187, 41.068589000456456, 72.51406019482417, 59.79971375849724, 16.089478633883722, 29.43594114574637, 28.910308529866274, 82.93314007095508, 32.297738891639284, 26.09377013837845, 55.22101131261087, 47.387519630161336, 26.917502548928656, 27.435057434324627, 27.239691620914265, 89.15785710448742, 62.57321808293712, 83.93984831704304, 77.62017961548096, 53.0475845207598, 90.80456215356348, 64.75119729498276, 83.42808439841431, 71.02638653194741], [49.60350075494213, 16.54053999563939, 25.03505972912623, 42.16543944064299, 63.10894667394907, 18.393415735107936, 64.48188646009638, 27.588469927665997, 37.640929397402466, 48.14200329068839, 41.58658650152218, 39.610545248928005, 74.35491530737669, 48.892424840410726, 79.77685219143311, 62.34091427733265, 26.129167871349587, 18.900523606108706, 61.71230300239796, 60.65690461501436, 45.809486908347836, 66.53781224321486, 18.195071140535198, 9.363083608164652, 51.497071866739724, 30.93777500858809, 61.03749537252187, 0.0, 74.4808562636505, 23.92287286919413, 1.2609332640240964, 74.94946239462402, 77.38832080424235, 61.92584878817797, 37.144085362894636, 51.165226329485556, 61.66513055832181, 51.0644301058334, 61.724468070710756, 66.86123813344261, 41.48295583734398, 70.26949077906498, 43.77493170385839, 36.79810669404576, 45.74699058393918, 21.732121361507772, 77.57765056558267, 43.247375519346015, 26.715866841600523, 27.981719287929465, 36.93888631964868], [86.5538966789733, 58.40171334269702, 49.44589647926768, 37.72065798410514, 75.28276881522046, 75.80415698381215, 45.81425517498377, 59.682000472152055, 55.017789089547705, 45.70631805171004, 91.05558019119184, 34.876295065781655, 0.5287225379650939, 77.05227644446627, 7.889454289196126, 68.54243596429222, 51.25504677578677, 64.419622891346, 76.12146019268002, 48.346665833074, 40.51566386251829, 30.80350243888606, 89.90978399785318, 83.41415046592005, 88.28053251138682, 98.17955784317205, 41.068589000456456, 74.4808562636505, 0.0, 72.40545831939119, 73.31806173639154, 51.47766649588793, 68.95336646611482, 69.70306216459248, 76.9727197581905, 23.372187752750087, 66.94854902398927, 91.51750220474959, 19.034272234375653, 14.167961919118042, 34.79682686546068, 68.07496686001373, 81.06085002687671, 92.92069245471426, 72.28896645580406, 95.77915624069365, 12.987571713537402, 83.92857096732442, 61.82860974945668, 102.10943549357039, 99.49144199656328], [26.406724412046, 22.2733387356138, 30.025843565899386, 34.85688768086884, 83.17334494468037, 6.908805884543825, 77.1680420428874, 45.47494766926849, 20.858302043249807, 33.318291550118396, 65.45559964338686, 41.1909165821179, 72.45069161230887, 24.990063472580594, 75.62656516008963, 81.06231547824115, 22.623938959965024, 38.421808641367605, 82.08228154678247, 74.34335709755094, 34.4491481472444, 54.87246190688794, 24.23205206032405, 25.039130972792538, 28.414742767610004, 53.188005672449776, 72.51406019482417, 23.92287286919413, 72.40545831939119, 0.0, 24.137532910102596, 88.11688885586749, 94.48360466785802, 80.94557859065898, 13.369153863880504, 51.48085956879019, 80.09443053265046, 74.59465710007363, 55.47901128306384, 69.20639772559105, 46.84602499942165, 88.03161726620905, 20.17612540155732, 60.68243187857807, 22.14431927981681, 39.00098095929931, 71.37690961829847, 20.271383058466352, 10.683650774208683, 43.81380363758593, 60.09662054975767], [50.01912414675271, 15.518455649084204, 23.87674372553389, 41.2454948117098, 62.19534850641622, 18.85484668253965, 63.26517467649522, 26.45589561687354, 37.186182416264785, 47.503240268472155, 41.318126112554815, 38.44335420090217, 73.18875963837176, 49.053804496053736, 78.65456469005998, 61.33552622866926, 25.249957662759293, 17.806821656758565, 60.82156613380521, 59.457254021486264, 45.02548443713885, 65.68389574630137, 19.425855416905584, 10.62118520322673, 51.932267872882946, 31.397357726823703, 59.79971375849724, 1.2609332640240964, 73.31806173639154, 24.137532910102596, 0.0, 73.74944659675174, 76.3148515015365, 60.938089915488, 37.42934996717628, 49.990555261288925, 60.64212839740855, 50.62820234082681, 60.68983092011483, 65.63251642803166, 40.24662431120661, 69.22088797342177, 44.1117055591869, 36.728646363976516, 45.80426677903149, 22.769326472585007, 76.51223502352975, 43.679124138710364, 26.412893088680416, 29.044459324520265, 37.18519973751878], [111.71005247492599, 66.1374930937671, 58.203870718148735, 65.29315260883551, 32.51833794867111, 87.3482262364238, 10.954694256492331, 47.75930438746965, 81.30708578199791, 79.17461173253699, 64.40294291128858, 51.11425380410201, 50.95156914299681, 105.02492675971646, 58.94093734207601, 25.88711749822014, 67.03122695834023, 56.52363612045241, 34.30234555473956, 14.292573896510463, 72.23604517785881, 76.04850021349561, 93.09413187265163, 83.71385538484527, 113.77030048099213, 82.35027555203109, 16.089478633883722, 74.94946239462402, 51.47766649588793, 88.11688885586749, 73.74944659675174, 0.0, 18.282794992104098, 27.35032723780223, 98.84106296856848, 47.51212184908925, 24.778593633213212, 58.697698339136714, 61.35207622770772, 38.213561873948905, 43.523487165936665, 20.38729430667818, 105.13157669624894, 70.11843122220105, 100.0238045093545, 89.64034615083524, 64.28556156200015, 106.70918860564662, 80.66509733063754, 95.08419333567728, 79.15929920333205], [119.69560037251557, 72.24298738908904, 65.90434695926031, 77.22299673018587, 20.235379917875157, 92.41842419129559, 23.85429274722062, 50.02660644912797, 91.39651400412872, 91.36314535710936, 56.60082513040016, 62.39019529443523, 68.43416935075054, 114.19424452219525, 76.59716044458509, 16.396515024197097, 75.54017764953737, 58.51194008408136, 22.354748278621972, 23.343938194300275, 84.50705115676547, 91.32536054230916, 94.82572965881349, 85.18563864180476, 121.77490606165485, 77.61287817995374, 29.43594114574637, 77.38832080424235, 68.95336646611482, 94.48360466785802, 76.3148515015365, 18.282794992104098, 0.0, 17.43414625176423, 106.43316255045144, 61.49057814993548, 16.458221339255264, 48.402176104732895, 76.82102706387107, 55.20178401633486, 54.59593843963122, 7.592624323303503, 113.07848462842712, 63.5038279688092, 109.36224504394946, 88.18217914293912, 81.52480548136927, 114.16899308404429, 88.62743147161159, 92.8784536921024, 72.77439901936276], [106.89129368155497, 59.12963127904126, 54.28861140426659, 69.00910159693058, 5.693750202365926, 78.0962554368431, 25.321409493899676, 35.51022876924298, 80.8638089418438, 82.92900895314693, 39.36571995839083, 54.28928652384689, 69.22535881856179, 102.39007986795885, 77.59199876190307, 1.464117623504033, 64.15037419731946, 43.372908429525594, 7.091680494314775, 21.654145170417575, 76.38378157216731, 86.88867992752157, 78.78298437233724, 69.1528124691142, 108.95826909817663, 60.184858851028, 28.910308529866274, 61.92584878817797, 69.70306216459248, 80.94557859065898, 60.938089915488, 27.35032723780223, 17.43414625176423, 0.0, 93.53458417804971, 56.575799385433434, 2.8533153206803696, 31.982331687248063, 73.19673517377524, 55.54597172529383, 46.91127712919711, 9.892914209564523, 100.3367875568362, 46.121664115033454, 97.77825052619114, 71.16456740341062, 81.18383044609567, 101.05882299506696, 76.37610207228205, 75.68330899982685, 55.39340246595347], [13.357159923361518, 34.41894919238658, 40.808490264512024, 39.63689153645819, 96.0051404487797, 19.061405509656, 87.90498779219428, 58.24101832483203, 21.974613303327313, 33.02903246392584, 78.72760559233437, 49.498493011626785, 77.10549846617447, 12.441832511916191, 78.94130041911785, 93.57396981325465, 31.856514974604117, 51.55823303053377, 94.98913319606692, 85.46310707100895, 36.682031907767225, 54.61564772322683, 33.72202388662216, 37.014552049145095, 15.424015786421858, 65.39789055995156, 82.93314007095508, 37.144085362894636, 76.9727197581905, 13.369153863880504, 37.42934996717628, 98.84106296856848, 106.43316255045144, 93.53458417804971, 0.0, 58.375222016757355, 92.53698181877043, 87.95643684006833, 58.67305060565078, 76.0730152221788, 56.146755779014796, 100.22887787491574, 6.872540692370786, 73.76246504711422, 11.35495131830096, 49.9472832789818, 73.69653459519333, 7.871470494861843, 18.182063845316794, 53.95964413836353, 72.66742835937474], [69.6928380000825, 35.29259357121998, 26.150242901435767, 19.52661571462921, 61.58812862215798, 53.943630614363634, 38.03013911201736, 37.915659001958446, 37.45788456178124, 32.340410143909445, 70.2378079792093, 11.57292702858414, 23.220614568497595, 61.326764354654536, 29.346644489959246, 55.746912203327646, 29.20525081857766, 41.59668900438843, 61.86610116503916, 38.2156954230658, 25.528032716559537, 30.34800557181298, 67.02135639383728, 60.18281123253727, 71.62124479847215, 75.27677060970797, 32.297738891639284, 51.165226329485556, 23.372187752750087, 51.48085956879019, 49.990555261288925, 47.51212184908925, 61.49057814993548, 56.575799385433434, 58.375222016757355, 0.0, 54.191772254559325, 72.38358429022557, 16.887596953293944, 17.785917923184176, 12.525143367729463, 58.144189372831114, 63.54391118618009, 71.18896586012063, 56.28331268125501, 72.40761999898768, 29.0545405235246, 65.93827907120348, 41.40068467651162, 78.73795498793734, 77.1349838883217], [105.88592914853385, 58.11903926061435, 52.90697294860526, 67.07199937846487, 8.544682726426613, 77.46593425156256, 22.468360579909774, 34.817548846829595, 79.34014272872872, 81.05724498970929, 41.06416459918382, 52.284307761539445, 66.46841119586361, 101.15350264896013, 74.83613930359223, 1.5997274971413655, 62.75492379312916, 42.94228318517985, 9.903579790943285, 18.8246558421029, 74.45208030982668, 84.5302335953232, 78.7879027379098, 69.14472032947906, 107.95789492843555, 61.344707018202094, 26.09377013837845, 61.66513055832181, 66.94854902398927, 80.09443053265046, 60.64212839740855, 24.778593633213212, 16.458221339255264, 2.8533153206803696, 92.53698181877043, 54.191772254559325, 0.0, 34.18173698477519, 70.73660665362694, 52.78579441883365, 44.81059282533185, 8.900930225835607, 99.30943324267545, 47.59864235334914, 96.48951014846665, 71.73852526522761, 78.49890773193624, 100.12247769680383, 75.1980645620588, 76.42103511139614, 56.8571500670816], [100.64683929543597, 57.26786980235623, 57.57015919686486, 77.29544961741266, 28.16900143971754, 69.45459512762578, 53.82222509340807, 36.4452949647914, 82.69531884059855, 89.17887294291802, 11.346761193722003, 65.15921749646611, 91.12603218206512, 99.18162283954624, 99.12005260841887, 33.37171699009164, 66.11267228529964, 38.6106912105039, 26.053109728572707, 49.16466135167193, 83.94876627085937, 100.10501792280078, 63.04473155265922, 54.51476222306975, 102.55414989753692, 34.456786051964556, 55.22101131261087, 51.0644301058334, 91.51750220474959, 74.59465710007363, 50.62820234082681, 58.697698339136714, 48.402176104732895, 31.982331687248063, 87.95643684006833, 72.38358429022557, 34.18173698477519, 0.0, 88.8931092241368, 78.24268390138734, 60.09646910282343, 41.393815505317846, 94.70103139714755, 19.060422026368972, 95.47514014034266, 50.17143304659821, 100.80637196814834, 94.30192134797473, 74.3316317122445, 52.72219824531776, 27.30568485315169], [67.71991574121378, 45.18392977402908, 37.572994305956726, 20.824188216068492, 78.31274707924388, 59.70975828797851, 52.993793894662204, 53.565399908919936, 36.729650877766375, 26.73601088113567, 86.08805712162504, 24.64864907037958, 19.29008858502841, 58.1001473609359, 20.31436479812193, 72.30951822330337, 36.31345492211179, 55.88029808860975, 78.65370694795475, 53.92365261243724, 21.991281002298336, 14.705210571705024, 75.22178208250331, 69.95831947862469, 69.40652135934593, 88.81788817465029, 47.387519630161336, 61.724468070710756, 19.034272234375653, 55.47901128306384, 60.68983092011483, 61.35207622770772, 76.82102706387107, 73.19673517377524, 58.67305060565078, 16.887596953293944, 70.73660665362694, 88.8931092241368, 0.0, 24.691807306707005, 28.801791797907452, 74.12560668741875, 62.3944274425019, 86.38230237385342, 53.39308451495961, 83.4538100642685, 16.125048851915786, 65.36655287234632, 44.79566416422234, 89.70140754863417, 91.59387400380288], [87.12082824091354, 51.85362437406107, 42.41101304007186, 36.752809444104905, 61.13716133722063, 71.41180096287026, 31.778563898626157, 48.35737670512753,