instance_id,num_cities,city_coordinates,distance_matrix,best_route,total_distance
360,78,"[[24.23105234916806, 84.72619565698676], [58.137721910584325, 23.65345245430557], [98.52199592271688, 84.72329568921322], [96.88159958487945, 44.2369781155691], [73.16164749127938, 44.8015803053629], [40.482637738736635, 77.34989702478998], [56.86507734649523, 72.4108875565722], [13.711025684914013, 75.41686017468906], [90.84020911732206, 88.42065490359157], [49.327141871855574, 22.15097290214729], [53.04535692449984, 79.83593534444763], [38.51827459814066, 51.72600939123227], [3.156303830450391, 79.71598805060306], [29.845507502763326, 79.75683996896996], [35.31690032453054, 42.23758299864326], [90.40839639572432, 65.27854107519735], [80.94008453168277, 38.76977421348053], [84.78133718061088, 53.61758350563025], [66.2454844118452, 36.092639578172324], [97.02746725527052, 50.75004263097538], [84.88321925406606, 85.01993151013153], [28.509776280912845, 8.28912421431205], [31.898849692283516, 35.37760088214112], [87.95909997824671, 81.13537101619065], [70.0252529064338, 36.85526052208575], [39.207391373745196, 61.61218399881805], [34.411799088734185, 29.732487686367094], [0.11258642987650447, 86.14730653537508], [90.53195170309431, 77.87494590566357], [93.95577342006544, 69.81116354730142], [93.36927121572643, 81.37594905204524], [99.61973579412214, 37.117880374724585], [54.27758037198645, 54.85294250508493], [11.808524411486044, 65.65568250124089], [59.539066384903236, 84.59214975215849], [4.815885583288049, 86.18600314654825], [11.180818816452852, 45.789744080177655], [17.42232366749765, 98.41266339815733], [83.39295861353683, 77.86940759583148], [65.7322055787506, 63.674134007459315], [52.75612194144087, 62.84938262473286], [40.65794954768822, 77.47086192609206], [5.469044712011861, 70.51774798102373], [6.964574976159543, 91.39121220544091], [50.94257128713736, 51.70960855157936], [50.154223094090256, 52.929592868044615], [61.330035888572766, 54.2273729341308], [34.49948369994561, 81.86356755933322], [80.1346594969098, 44.42792838092371], [97.01826104931536, 2.3637808595295184], [92.434327497438, 44.40053955973748], [64.98396958061817, 8.525832988634985], [7.75057661150006, 54.54685952064736], [94.88906960880169, 10.212195811887382], [30.62104837363291, 68.37604896547782], [94.40396607675471, 11.633910683541071], [26.702308409455245, 16.64924410037064], [68.79223363590808, 12.792484228537004], [17.52814415581918, 83.9815894715658], [2.733738191842494, 96.83410392082396], [0.46092454577650877, 11.83572028335801], [32.19611885419486, 16.12185520726631], [90.84598718162836, 44.65348894425628], [0.937877342404847, 58.619471963125655], [75.16893442979888, 83.72113253701228], [3.4187962397691507, 25.224195300265517], [52.495681394780256, 54.50884184424651], [56.581879460436866, 36.380884816018835], [72.09052379274475, 65.46413798923425], [52.25033209760236, 4.901583534560261], [4.956886282161577, 91.90892654910249], [19.366704137390666, 33.781750332246915], [68.0862108339055, 9.898910437967345], [98.16263907663073, 84.49290454766933], [44.326558889706156, 0.1964744591319345], [54.81345320363601, 35.896707983485186], [56.026569512907486, 5.122042887816713], [24.513614410933105, 49.385660801835975]]","[[0.0, 69.85372003728732, 74.29094363014934, 83.17138180146208, 63.15202334000335, 17.84723533732289, 34.880458728840004, 14.047586559213046, 66.71153419379095, 67.42011726590607, 29.22633733611486, 35.960214309233876, 21.662114517891776, 7.497773177801354, 43.911026302781806, 68.97573583361667, 72.9925133350719, 68.07409744647651, 64.26846254906447, 80.33490522573832, 60.652878175821364, 76.55673301034105, 49.940754122730375, 63.8291318773416, 66.24753003221312, 27.541754946136443, 55.92812816940134, 24.16029706830406, 66.65394870744315, 71.3021381954804, 69.21934310836855, 89.16280208460684, 42.36986075152505, 22.75969403102701, 35.308268485615, 19.469970170842878, 41.065263382226156, 15.286536085415298, 59.557927225093714, 46.53530937987619, 35.94822031328117, 17.957806634369575, 23.534929699008806, 18.508205922341116, 42.468815242039035, 41.0248062809339, 48.02616752497764, 10.659986962051443, 68.91417588262996, 109.91608217921161, 79.23285480546711, 86.41351476280641, 34.386020563159455, 102.68832249081758, 17.554467979022814, 101.3248239261175, 68.12179122540279, 84.61771515197744, 6.744139427668343, 24.67257502783703, 76.66837924453044, 69.06517076624549, 77.73912377958378, 34.98761243530783, 50.94779664259666, 63.03679917964162, 41.37605257308136, 58.170826838656986, 51.590269164391415, 84.59934242130291, 20.569032564685628, 51.17615062674047, 86.73175623132464, 73.93195480157428, 86.88557503353405, 57.61598830602495, 85.71916967520748, 35.341664436849555], [69.85372003728732, 0.0, 73.21485737350856, 43.872196045885815, 25.94150441780372, 56.524420887136316, 48.774041271338675, 68.21423397176463, 72.55510445594882, 8.937771837740057, 56.412796109150676, 34.24895860931752, 78.52365396228453, 62.83342650786056, 29.43059302751957, 52.669198156256, 27.357831139017105, 40.09652583850815, 14.848204911012793, 47.39870770576916, 66.94151462178993, 33.374807033165474, 28.739068733106798, 64.75712741783443, 17.765166180922375, 42.41724548697558, 24.492327025030402, 85.27835684076298, 63.16135270832631, 58.424884315506475, 67.62505955573516, 43.612478662169416, 31.437380172760726, 62.5346453562034, 60.95480780623504, 82.1799131503123, 51.913063434335186, 85.12745312201271, 59.80967123158352, 40.734888414785, 39.563652007276794, 56.584945030569756, 70.50001243306986, 84.89461150906315, 28.964082713745352, 30.34515860690016, 30.740128204689338, 62.82661702052299, 30.25630699874549, 44.32771638976916, 40.08364726594353, 16.60469746359684, 59.103866299572374, 39.13219822298024, 52.509789194399545, 38.20614937807055, 32.206275112969834, 15.214442181894665, 72.72291194247958, 91.7878486564025, 58.87505199934308, 27.01280670768746, 38.86942435411473, 67.04062006660646, 62.43547381411509, 54.74146563306768, 31.366983845866574, 12.822175332277553, 44.07736499909578, 19.65436202966949, 86.52751598215919, 40.072112959932745, 16.975271954718654, 72.82467250300257, 27.22091182630245, 12.68653098324294, 18.651276228911826, 42.340608776785615], [74.29094363014934, 73.21485737350856, 0.0, 40.51953616243842, 47.2957781599274, 58.505846769984224, 43.438396140864654, 85.3200469682447, 8.52527499167543, 79.59540969210671, 45.73850659688991, 68.47822629002832, 95.49705942082542, 68.85583304352038, 76.15720512467307, 21.06962219129012, 49.202131500401485, 34.005455931584216, 58.36706185085687, 34.00611032295351, 13.642002119468602, 103.65275427226622, 82.90742553978147, 11.155625226449143, 55.7082862175586, 63.658037955680136, 84.46363893947436, 98.41971186515194, 10.523340790327408, 15.595578635034974, 6.144534271642531, 47.61807010043793, 53.38357712602519, 88.78513397081281, 38.98315013703933, 93.71752572518629, 95.62584723390017, 82.24691865458948, 16.60914061290234, 38.964567985618444, 50.72458273877155, 58.316769958391276, 94.13102206345948, 91.79990436298112, 57.91118360968253, 57.881611825193815, 48.09618691606775, 64.08634890748358, 44.29233305376652, 82.37324141704255, 40.77970535368433, 83.25174192129145, 95.65598707665022, 74.5996123215876, 69.84104204198367, 73.20530288387316, 98.95526269088951, 77.83251507577991, 80.99724780603039, 96.5508259681877, 122.18253708340494, 95.42158877899068, 40.79841323840259, 101.01519594704082, 23.374554799517334, 112.18182355902718, 55.057559428058326, 63.99970357667568, 32.70378990683118, 92.26360389907107, 93.84062570605403, 94.13076681391684, 80.77763082808987, 0.42686932535717215, 100.40880888876806, 65.53222393304587, 90.23425465588642, 82.01212699002093], [83.17138180146208, 43.872196045885815, 40.51953616243842, 0.0, 23.726670709465377, 65.4011337517272, 48.939669239227015, 88.82302296178757, 44.59479446403951, 52.43298651294881, 56.47036325687314, 58.8418498430798, 100.2157233682691, 75.8650000179703, 61.59715720591976, 22.014761668300835, 16.852958811387065, 15.310522778017733, 31.70018616833576, 6.514697748868302, 42.511297535430515, 77.24606411989515, 65.58388787322583, 37.96185451053465, 27.85234481229184, 60.234641795785215, 64.13155398584229, 105.4548127647531, 34.232015793261304, 25.741006570127357, 37.30468620419125, 7.627512211990446, 43.906732433785415, 87.72792609550645, 54.98185758602482, 101.17221157843956, 85.714846476318, 96.17058492674701, 36.23649745765454, 36.71631484932412, 47.89028480677827, 65.31148334432386, 95.11537232806282, 101.5312420247461, 46.542824651861594, 47.52903601954193, 36.9286023277797, 72.85114011085136, 16.74802866948477, 41.8734202663105, 4.450278796407508, 47.88261361042962, 89.72531922967933, 34.083074780871826, 70.52060258048805, 32.697074391724236, 75.40700218135125, 42.163594192464565, 88.75023955106306, 107.84376406569045, 101.71916281657901, 70.53135156445494, 6.049966805916552, 97.01574082083854, 45.06038480209663, 95.3770492283582, 45.558982846840394, 41.0583200343078, 32.63724490874662, 59.491371679971685, 103.55079711540778, 78.21681919022448, 44.813807081649244, 40.27630413886175, 68.5682015571648, 42.88693327611403, 56.56068988310697, 72.55090772375203], [63.15202334000335, 25.94150441780372, 47.2957781599274, 23.726670709465377, 0.0, 46.12277744970397, 32.06013171176234, 66.87055999945457, 47.0654354061622, 32.88059722476085, 40.398900717367866, 35.32861451540794, 78.22892054267177, 55.66110097415353, 37.93150366521224, 26.77230416199383, 9.843107615056775, 14.585578524812817, 11.121104276601637, 24.595966275927058, 41.891658098245195, 57.67971092496976, 42.32528641805186, 39.231479038168935, 8.542889972951215, 37.88783320583952, 41.57677601233781, 83.93827731994317, 37.357395259066806, 32.52498927098462, 41.78555379323253, 27.55121923373112, 21.392472345102174, 64.80045748326468, 42.05786648060098, 79.89877110870894, 61.98870534915255, 77.33705742213698, 34.614461269716266, 20.282255554305408, 27.241671048674093, 46.08440453800748, 72.41277339637254, 80.94841697128363, 23.268180023714674, 24.400945998290418, 15.127213880878301, 53.5570145568382, 6.983015981028765, 48.6837224569182, 19.27685213668036, 37.18607614951608, 66.13303758805708, 40.84735476760376, 48.63597583985588, 39.38693193216696, 54.32333036291893, 32.30594386633799, 68.0452776586326, 87.56411320902659, 79.82570415467181, 50.007011190613895, 17.684959749314856, 73.5337140662916, 38.97128105112322, 72.4385208596096, 22.832281561112993, 18.595612936410753, 20.690301979837642, 45.04767312308034, 82.89144420095687, 54.912044062158905, 35.26976638901109, 46.908962900054725, 53.11381931488307, 20.39492546409652, 43.22125156673894, 48.86353360722709], [17.84723533732289, 56.524420887136316, 58.505846769984224, 65.4011337517272, 46.12277744970397, 0.0, 17.110761000873172, 26.841308526676354, 51.56012679542568, 55.90300955814475, 12.806338269277022, 25.69907274602187, 37.401251179276244, 10.90604942193072, 35.49027246025688, 51.364374929882544, 55.903764427270794, 50.255322874429936, 48.64036966058738, 62.48895901538143, 45.05819645642446, 70.09093916241021, 42.84104411324085, 47.62713806349482, 50.125659062328516, 15.789295886114447, 48.002841103598094, 41.31749577088297, 50.052067935602366, 54.001932762063305, 53.039655876104845, 71.52490146895289, 26.38964578989894, 30.967070065261204, 20.386213412831616, 36.74498579007985, 43.065529673297064, 31.231686031388655, 42.91346558845763, 28.715277644725226, 18.997455943896654, 0.21299468938191163, 35.67393946843194, 36.3403228295847, 27.691778614354416, 26.265772754553513, 31.133023141688398, 7.494755095819024, 51.53774198486341, 93.91056554331675, 61.519413408648234, 73.05523288908715, 39.8919333330999, 86.41487576213376, 13.333450183562675, 85.00647334491394, 62.24521461023548, 70.49179219460201, 23.89326516733998, 42.480745466257574, 76.77138061157389, 61.78624037787293, 60.045999604266825, 43.75633551605886, 35.26658220032951, 63.95949598718455, 25.807499290761232, 44.01869540747627, 33.768768539205794, 73.39779804668723, 38.39328531454619, 48.41555595136136, 72.8806753478318, 58.12060831418899, 77.24911872254506, 43.860450904922885, 73.88150464244731, 32.20261190613436], [34.880458728840004, 48.774041271338675, 43.438396140864654, 48.939669239227015, 32.06013171176234, 17.110761000873172, 0.0, 43.25861817246696, 37.55825114872542, 50.82203746692873, 8.349946033025747, 27.649038967059735, 54.203291835696554, 28.000360200995964, 37.07765150215777, 34.293215351855764, 41.3682302972894, 33.652724113762474, 37.51009428050288, 45.63123673620132, 30.72465240447104, 70.11150856058251, 44.662924727255835, 32.29481158113528, 37.91296393826139, 20.69796783359433, 48.22442866433534, 58.391218788462595, 34.10739454407656, 37.18169307799654, 37.5889411617304, 55.43967148992843, 17.747579413095703, 45.56013342523107, 12.471301698505485, 53.84117543962348, 52.87472701991504, 47.24217569818431, 27.08364682861693, 12.448165554217091, 10.407011630737882, 16.97864341185893, 51.430887101209784, 53.388321387624934, 21.53181437932457, 20.60476662178621, 18.723676423368666, 24.28112308764112, 36.393948091419034, 80.73955237737762, 45.27417753205602, 64.39888670045173, 52.26239259846558, 72.90062580193853, 26.552381798712922, 71.43534898723296, 63.39679416883642, 60.799762109208615, 41.00335907768225, 59.385986362534176, 82.76943483765433, 61.45740537897809, 43.87682088468176, 57.602559356062365, 21.51633857429222, 71.29578451935694, 18.42755712700579, 36.031115699169675, 16.73533833057827, 67.66684567237206, 55.449380737079466, 53.836216769244146, 63.51111020931108, 43.028638596027086, 73.29485591839985, 36.57177151190804, 67.29406892321857, 39.7086668270048], [14.047586559213046, 68.21423397176463, 85.3200469682447, 88.82302296178757, 66.87055999945457, 26.841308526676354, 43.25861817246696, 0.0, 78.21770652672885, 64.07622397717307, 39.581786713353836, 34.30241987800278, 11.396694868186689, 16.70798994928105, 39.59391686695948, 77.36454089642477, 76.56863106305678, 74.33839949440366, 65.62212796957401, 86.89120394885488, 71.817129687272, 68.73962433974067, 43.97657588783981, 74.46796561282324, 68.25166045836993, 28.993684616813866, 50.15559698745553, 17.322240884842376, 76.86024238676035, 80.44030938376851, 79.88082887211065, 94.05912144149575, 45.480985797380164, 9.944852973675284, 46.737514410057024, 13.967747054407106, 29.73496182736519, 23.29336168542452, 69.72507988896133, 53.330055085152964, 41.017813613722765, 27.025092578211765, 9.588094213335696, 17.340545549896614, 44.138665220550955, 42.82270225388246, 52.120672504237106, 21.765110216719712, 73.2967463296206, 110.80093799912868, 84.61306277848128, 84.28122147748839, 21.704466831886528, 104.12263476292874, 18.317256612733864, 102.85725679246697, 60.18642808713151, 83.40115066343893, 9.376832159621076, 24.06655709458457, 64.94710563280232, 62.10955066303155, 83.04328566814432, 21.10226455406419, 62.01641304334073, 51.23703342454262, 44.06126131920172, 57.9803197269985, 59.22180745488149, 80.35970618665162, 18.67145441525327, 42.01748529303047, 85.14260095681067, 84.93791606770378, 81.21217458368494, 57.019750763640765, 82.0485623692067, 28.183670165057315], [66.71153419379095, 72.55510445594882, 8.52527499167543, 44.59479446403951, 47.0654354061622, 51.56012679542568, 37.55825114872542, 78.21770652672885, 0.0, 78.19850065505841, 38.757557484785174, 63.9068215537842, 88.1149162819701, 61.6069420947869, 72.21989995754151, 23.146142112086164, 50.62827688273442, 35.326529802360426, 57.81973427157466, 38.17534796513832, 6.859347478423956, 101.51918571472619, 79.29469989093906, 7.834293279631992, 55.60802369965532, 58.177675962464455, 81.41539430397262, 90.75609969207997, 10.550213310753769, 18.86848985648737, 7.48492054950462, 52.04858079744737, 49.63483793101472, 82.24506766926794, 31.534409587778956, 86.05334338631715, 90.3493941359879, 74.09471059177581, 12.914734213898633, 35.25339895890363, 45.87251532213648, 51.36299389408882, 87.22814791222287, 83.92822060109292, 54.21736279724581, 53.990415289138646, 45.166700741075196, 56.72100788064721, 45.276580917438466, 86.27835125864407, 44.04897011617912, 83.97456574345613, 89.72915381077726, 78.31319393804745, 63.46757871455738, 76.86939866800938, 96.25386078436999, 78.7764775963245, 73.44633531245398, 88.5072671779439, 118.46378050041228, 93.09267296795797, 43.76716634074023, 94.71293345271494, 16.360756730841754, 107.87166419362592, 51.189001467470945, 62.303858802222265, 29.64038408337253, 92.00333630223653, 85.95413416631729, 89.96594804076031, 81.75211796526443, 8.309344340405469, 99.73477664582985, 63.69216703591161, 90.2809407696921, 76.96069080946245], [67.42011726590607, 8.937771837740057, 79.59540969210671, 52.43298651294881, 32.88059722476085, 55.90300955814475, 50.82203746692873, 64.07622397717307, 78.19850065505841, 0.0, 57.80467122255183, 31.488321566439406, 73.793477045655, 60.810936501680686, 24.489972915114592, 59.56220789876722, 35.71502065852817, 47.404087881348296, 21.922599845953705, 55.61679450523943, 72.22700738132639, 25.010269074750195, 21.878963778426254, 70.50948452520358, 25.389522933871852, 40.73814589988131, 16.7316113020042, 80.73167399383611, 69.30366166751335, 65.29325023460166, 73.80587345935439, 52.47240534531168, 33.07454696976264, 57.44829339013486, 63.27071967881003, 77.98549246358509, 44.87687004966398, 82.66657644999191, 65.30714995306533, 44.64637749476414, 40.84260591912642, 55.99504457695312, 65.29071617016399, 81.17141007010835, 29.602745711363227, 30.789730598907596, 34.248575208151024, 61.52603845167019, 38.01796795755151, 51.63308839620296, 48.510541833801135, 20.75525696214485, 52.707724753088264, 47.100144984040284, 49.866577895670176, 46.28745702789705, 23.28416004518197, 21.59794220839283, 69.5284215346425, 88.02565151841526, 49.943083929099025, 18.161007951387177, 47.22475774508763, 60.59267567504952, 66.77336894354315, 46.01109534213899, 32.512633316641775, 15.97252674299585, 48.93058170855434, 17.495327223305253, 82.67340369251481, 32.138805405137006, 22.40570692812686, 79.19231167564527, 22.516790003144898, 14.800163680025491, 18.299365785476258, 36.84344405789723], [29.22633733611486, 56.412796109150676, 45.73850659688991, 56.47036325687314, 40.398900717367866, 12.806338269277022, 8.349946033025747, 39.581786713353836, 38.757557484785174, 57.80467122255183, 0.0, 31.64180870323421, 49.88919728733051, 23.199984251496165, 41.56842879561661, 40.09880854138536, 49.6441881624978, 41.16520880501262, 45.69156694815806, 52.72964236639296, 32.25714330132532, 75.63690171080023, 49.23127330553709, 34.937916181250074, 46.21315046329248, 22.882185290990204, 53.4561965055955, 53.30770674626828, 37.537851132870784, 42.12075767867316, 40.35331096683116, 63.198140696442955, 25.013362545571194, 43.606833482880006, 8.049213504948721, 48.64571170148551, 53.96093670984013, 40.17580520177498, 30.411250544206798, 20.546531367414346, 16.989014985427332, 12.611163062671862, 48.48024442471392, 47.50750349476061, 28.20482168523527, 27.06122540246151, 26.915318579961948, 18.656385128423985, 44.58202856520254, 89.08170978211653, 52.982622407869194, 72.30256682960366, 51.87633834056556, 81.23029852034398, 25.182903125004902, 79.76246434793678, 68.45811971884935, 68.86790590467949, 35.75833960067811, 53.10552433081878, 85.96017552882827, 67.038606308898, 51.640025005207704, 56.26124551420297, 22.462133444045023, 73.79185372416512, 25.33305761955912, 43.59872025731364, 23.859315586550508, 74.93856914595683, 49.58082416969995, 57.054707173840356, 71.53610793923393, 45.356989659309875, 80.11529922103051, 43.97478670250313, 74.77334655155065, 41.72864184922504], [35.960214309233876, 34.24895860931752, 68.47822629002832, 58.8418498430798, 35.32861451540794, 25.69907274602187, 27.649038967059735, 34.30241987800278, 63.9068215537842, 31.488321566439406, 31.64180870323421, 0.0, 45.098867856377645, 29.341853247000163, 10.013941913517987, 53.63073610545491, 44.35621701654441, 46.3017171618917, 31.830809222592617, 58.517331932567345, 57.080586393329526, 44.57502700435416, 17.637665572983455, 57.526565736655215, 34.84004669986074, 9.910162980601957, 22.373603600934086, 51.5734677985039, 58.21674575939588, 58.31285515630063, 62.35183038076954, 62.823450984858866, 16.066531336043813, 30.1238534717123, 39.013547256902044, 48.20106010167073, 27.974555125309255, 51.231658259619415, 51.93471416274373, 29.72130080030637, 18.06780919378103, 25.833614554130783, 38.01816717430295, 50.68495116034459, 12.42430751405308, 11.698030201108537, 22.948491731383974, 30.40432687331005, 42.25145534150897, 76.54330813600671, 54.41142590019095, 50.66249354424887, 30.896738255837768, 70.00759421687455, 18.427967871281844, 68.77926206953728, 37.01346404002673, 49.31867777439542, 38.48386703937742, 57.57840947702758, 55.13254082769969, 36.161104081683234, 52.80350414217782, 38.20740875967658, 48.65140050614734, 43.98089961724241, 14.251738743756711, 23.701617431095087, 36.27439997243007, 48.796477946420445, 52.35488150127167, 26.244601050293173, 51.22273967769072, 68.05233010144404, 51.855849590284365, 22.71782623497013, 49.78423530269325, 14.198863985511146], [21.662114517891776, 78.52365396228453, 95.49705942082542, 100.2157233682691, 78.22892054267177, 37.401251179276244, 54.203291835696554, 11.396694868186689, 88.1149162819701, 73.793477045655, 49.88919728733051, 45.098867856377645, 0.0, 26.689234937356982, 49.38557291450416, 88.43849575940774, 87.90283822364766, 85.69581547081437, 76.70228965538753, 98.23859382535022, 81.89884322065058, 75.79310946771095, 52.839630196662156, 84.81467374509965, 79.42605564171159, 40.341400994508525, 58.951304417308506, 7.1152001424504245, 87.39504149174428, 91.33810391176638, 90.22823812412157, 105.45042666473978, 56.8467760654438, 16.509182690985085, 56.59322279400181, 6.6794690609441645, 34.86234172716176, 23.517759056569776, 80.25790073354855, 64.59941610227176, 52.3891623834103, 37.5687905423662, 9.484534293409478, 12.28062653877847, 55.38848842571311, 54.09542847586847, 63.51261766079141, 31.416667902211525, 84.68125174064667, 121.62824906363984, 96.00909546493071, 94.29050021005047, 25.58500289904466, 115.08986685589836, 29.713741118826235, 113.8477277947621, 67.31885712130513, 93.7380960189029, 14.991502587146353, 17.123330653387526, 67.9337605439382, 69.9108331284162, 94.43971309683457, 21.212835904519107, 72.12392216314387, 54.49242497274909, 55.40554483356456, 68.79115716243969, 70.39205858604875, 89.48418147687333, 12.325171252100304, 48.71068951347026, 95.34315470890465, 95.12635107124393, 89.54520056076895, 67.73913482591969, 91.43041970964792, 37.095329439816304], [7.497773177801354, 62.83342650786056, 68.85583304352038, 75.8650000179703, 55.66110097415353, 10.90604942193072, 28.000360200995964, 16.70798994928105, 61.6069420947869, 60.810936501680686, 23.199984251496165, 29.341853247000163, 26.689234937356982, 0.0, 37.91610189636448, 62.2694519802331, 65.50263629052648, 60.837538665282324, 56.8464661588513, 73.17656734225093, 55.28878590989437, 71.48019706943738, 44.42671579211297, 58.12994046319599, 58.778886173022165, 20.41747804918423, 50.23232863547202, 30.41191638918631, 60.71561607152969, 64.87713522861289, 63.54439448514137, 81.7711673448187, 34.887394479650204, 22.89487717732318, 30.08467483265373, 25.84213831314672, 38.75737616087159, 22.413728927285238, 53.580704749227124, 39.3256726559315, 28.473818988764695, 11.05145232932665, 26.068616360494143, 25.66896356738544, 35.09605804791485, 33.647364175868404, 40.53429677149685, 5.108600158941493, 61.458366414072174, 102.47860468089503, 71.88482709830832, 79.42649351840588, 33.52206863089609, 95.22143930007206, 11.407184907222144, 93.85375894378075, 63.18582401816587, 77.46658903179767, 13.021749044591777, 32.04186291790602, 74.00494723262264, 63.67838455353382, 70.37971138201614, 35.81116317159438, 45.49646847806286, 60.59851815631173, 33.918900139076506, 50.953970119019175, 44.5973399567994, 78.13632689720409, 27.696871204409078, 47.154153444578604, 79.63969933154542, 68.48109793347885, 80.86750032819305, 50.46889626597625, 79.09362138203014, 30.835654816216568], [43.911026302781806, 29.43059302751957, 76.15720512467307, 61.59715720591976, 37.93150366521224, 35.49027246025688, 37.07765150215777, 39.59391686695948, 72.21989995754151, 24.489972915114592, 41.56842879561661, 10.013941913517987, 49.38557291450416, 37.91610189636448, 0.0, 59.71564860610561, 45.75478810977269, 50.75662444477748, 31.533119783600263, 62.29491182998353, 65.47632638124159, 34.62419373179155, 7.664360688494087, 65.45409916147169, 35.12319937294106, 19.7613533068966, 12.537807504350653, 56.279725815479516, 65.71699577509689, 64.79830076620517, 70.0134948664831, 64.50632530524993, 22.77399137917552, 33.182090385968365, 48.79162482982349, 53.49556555213032, 24.396070972878757, 58.956386690725004, 59.840908287999085, 37.21043553710381, 26.999495077311717, 35.6358071437087, 41.11766306706184, 56.74445890885939, 18.272407096688937, 18.288390361523646, 28.6432938847884, 39.63441462090978, 44.87125081972936, 73.46412738418125, 57.15836656113931, 44.90675992523611, 30.18974149519582, 67.63481927007335, 26.55692807242806, 66.54221290562717, 26.999523726098065, 44.582639916105634, 45.37622640151189, 63.58020565687997, 46.25161947486963, 26.30153065999941, 55.58161646372982, 38.08258797994376, 57.5245122067957, 36.15168606272165, 21.111473485177815, 22.056750695714168, 43.49450815577688, 40.996560436154695, 58.21488489003983, 18.052973840626564, 46.0393033640437, 75.73043693594282, 42.99568297738756, 20.501762610215042, 42.50239658666772, 12.953995631133632], [68.97573583361667, 52.669198156256, 21.06962219129012, 22.014761668300835, 26.77230416199383, 51.364374929882544, 34.293215351855764, 77.36454089642477, 23.146142112086164, 59.56220789876722, 40.09880854138536, 53.63073610545491, 88.43849575940774, 62.2694519802331, 59.71564860610561, 0.0, 28.1489546890041, 12.94765333369864, 37.89014597140974, 15.96525496468672, 20.500001920761214, 84.1381768655674, 65.70717829789106, 16.04487795897027, 34.9764980509184, 51.33210583516176, 66.32601918917481, 92.6759875546002, 12.597010779028961, 5.755740632398754, 16.36744706033316, 29.6288977958956, 37.60490622360762, 78.60077678747128, 36.413335681364984, 88.10902267896289, 81.58935137254474, 80.1550801534305, 14.413406502842031, 24.728293820534937, 37.73055237282048, 51.222647816277785, 85.10077998145168, 87.43422056984596, 41.73328744937393, 42.10575958251947, 31.107545179039697, 58.31697542143021, 23.24430510023193, 63.26102562979652, 20.976065982648784, 62.18738902732008, 83.35156963410806, 55.24833765010898, 59.86753326006533, 53.793223987165725, 80.14533155948729, 56.76305713903831, 75.24184464690575, 93.18046596616587, 104.62639622191816, 76.19087230167737, 20.629693674408863, 89.71798582842658, 23.924263433558348, 95.76816355527946, 39.41269313644974, 44.489412057779866, 18.31881281397596, 71.42418968979281, 89.50496081881212, 77.71080919687422, 59.709157235488576, 20.72003965263232, 79.74466215960187, 46.1550874409011, 69.28863033693419, 67.78426023942848], [72.9925133350719, 27.357831139017105, 49.202131500401485, 16.852958811387065, 9.843107615056775, 55.903764427270794, 41.3682302972894, 76.56863106305678, 50.62827688273442, 35.71502065852817, 49.6441881624978, 44.35621701654441, 87.90283822364766, 65.50263629052648, 45.75478810977269, 28.1489546890041, 0.0, 15.336644440324772, 14.936476242323597, 20.05818322407127, 46.417942235775854, 60.646576553360056, 49.15841285561361, 42.943106202147334, 11.081467054594938, 47.575133872810625, 47.39782583656815, 93.68946055085203, 40.26435605978464, 33.65970898586346, 44.38210017564686, 18.75254981438184, 31.137717166836314, 74.17563393130008, 50.57364607902439, 89.68384710619782, 70.11159055432552, 87.13082218994289, 39.1764970600446, 29.180588050876985, 37.0697085034049, 55.86076072707933, 81.87680800939276, 90.78211140054543, 32.66940638508938, 33.886128855105106, 24.96980909005492, 63.35459281336914, 5.71519186635004, 39.79829283047298, 12.799341379165641, 34.194935080264436, 74.87069179851423, 31.782219381988188, 58.38267640803976, 30.292428027070187, 58.57520133273019, 28.67734081723445, 77.8792810775967, 97.40482016917917, 84.86659209104513, 53.74851091221188, 11.521501913524407, 82.42793007172035, 45.3203132009149, 78.69582483545184, 32.50849611563806, 24.47506786193196, 28.123011621524913, 44.38644201321531, 92.72117302522913, 61.775088469543704, 31.602987899606106, 48.85919598817527, 53.183171340890425, 26.284127798228617, 41.86708795647006, 57.416405132546224], [68.07409744647651, 40.09652583850815, 34.005455931584216, 15.310522778017733, 14.585578524812817, 50.255322874429936, 33.652724113762474, 74.33839949440366, 35.326529802360426, 47.404087881348296, 41.16520880501262, 46.3017171618917, 85.69581547081437, 60.837538665282324, 50.75662444477748, 12.94765333369864, 15.336644440324772, 0.0, 25.508851356458656, 12.577380191172558, 31.40251327764542, 72.25757944889322, 55.93973944396135, 27.70066435799676, 22.331983676137686, 46.26984086262679, 55.74574575592652, 90.702702462947, 24.929685076084443, 18.611886386871912, 29.056487550973795, 22.190499697426173, 30.52876170592634, 73.95909160384456, 39.95742720802231, 86.3433576314398, 74.01561574116256, 80.893979281759, 24.29153282005018, 21.54074332006281, 33.32927431089118, 50.15827177653972, 81.09288067345949, 86.50026303506415, 33.89251312043106, 34.63394810122462, 23.459227937787283, 57.67235390213523, 10.297639283216844, 52.69435065976155, 11.980073450942125, 49.24633720974773, 77.03636561889302, 44.56673575307064, 56.13509763405401, 43.07230862752926, 68.84643564762953, 43.84449980496695, 73.79000494870061, 92.73336042988306, 94.1044955421015, 64.58432338471597, 10.822891062008143, 83.99252732107836, 31.6009802210096, 86.17451805569145, 32.29795521309811, 33.05016183664361, 17.360806363145695, 58.57913404013427, 88.53343952039711, 68.35593971164066, 46.79796596573028, 33.65032971430452, 67.01047663107703, 34.815276809595915, 56.37955412592053, 60.41612018007798], [64.26846254906447, 14.848204911012793, 58.36706185085687, 31.70018616833576, 11.121104276601637, 48.64036966058738, 37.51009428050288, 65.62212796957401, 57.81973427157466, 21.922599845953705, 45.69156694815806, 31.830809222592617, 76.70228965538753, 56.8464661588513, 31.533119783600263, 37.89014597140974, 14.936476242323597, 25.508851356458656, 0.0, 34.09354677978299, 52.35690074712305, 46.87237069672632, 34.35407685989862, 50.003287455555544, 3.855935758902117, 37.179370927629506, 32.46282571400227, 82.93991728769666, 48.32797963429909, 43.64400274465926, 52.78520557399536, 33.389995118573005, 22.252633395101647, 61.94639715876862, 48.960989878358056, 79.2650029069006, 55.91199542902397, 79.16745792301214, 45.15898822492582, 27.586269956507213, 29.964749261717817, 48.65058298826781, 69.84886334891604, 81.06884949310223, 21.864786073015058, 23.28973350817089, 18.789097585479034, 55.702660703565556, 16.19834016091933, 45.65741662032354, 27.475019640857266, 27.59565627439154, 61.33687693595201, 38.60378663389308, 48.076178765673994, 37.29784858157525, 44.064820390672054, 23.43892426984234, 68.31347424566667, 87.88212217740107, 70.11423857140224, 39.47393473252609, 26.047511942504013, 69.08358501435922, 48.45721103977389, 63.75982926336335, 22.982897748392045, 9.66790287363422, 29.94744403576505, 34.18693120791343, 82.89602012113178, 46.93570335179309, 26.258326679956102, 57.97663676873089, 42.05917220177414, 11.433710103691867, 32.6129434591298, 43.79786966309891], [80.33490522573832, 47.39870770576916, 34.00611032295351, 6.514697748868302, 24.595966275927058, 62.48895901538143, 45.63123673620132, 86.89120394885488, 38.17534796513832, 55.61679450523943, 52.72964236639296, 58.517331932567345, 98.23859382535022, 73.17656734225093, 62.29491182998353, 15.96525496468672, 20.05818322407127, 12.577380191172558, 34.09354677978299, 0.0, 36.35805334866635, 80.60771408025485, 66.91822465507525, 31.709674645892612, 30.367491657923324, 58.83151612903025, 66.04891759742488, 103.17684050850774, 27.891792698744784, 19.307035857532323, 30.84361428846925, 13.876444211622394, 42.9463224957685, 86.51269455608382, 50.50414254513176, 98.7860470517468, 85.9898343404091, 92.78310354814685, 30.353908842166852, 33.85890638088542, 45.89494573676808, 62.38208645426758, 93.66806773610858, 98.80804233491934, 46.094884782908835, 46.9238900500537, 35.866396978471926, 69.84124970934103, 18.037075221654934, 48.386262647254654, 7.836652479639585, 53.006316823051975, 89.35759073248029, 40.59420856750709, 68.7058117482607, 39.204011745773734, 78.1568450432465, 47.30755391493514, 86.16541115023658, 104.95259904191842, 104.11254321472896, 73.49976258297151, 8.682088617140655, 96.41129190938375, 39.55866816355411, 97.02655394910754, 44.690138995647, 42.92223512796979, 28.95437361548583, 64.08644969448481, 100.85160190156462, 79.49287434472687, 50.064072194517095, 33.761951149083266, 73.02772759343422, 44.75091655488107, 61.3431982883302, 72.52668744749003], [60.652878175821364, 66.94151462178993, 13.642002119468602, 42.511297535430515, 41.891658098245195, 45.05819645642446, 30.72465240447104, 71.817129687272, 6.859347478423956, 72.22700738132639, 32.25714330132532, 57.080586393329526, 81.89884322065058, 55.28878590989437, 65.47632638124159, 20.500001920761214, 46.417942235775854, 31.40251327764542, 52.35690074712305, 36.35805334866635, 0.0, 95.21334917392383, 72.60650389626444, 4.9548816797651485, 50.404312269627006, 51.324496062855786, 74.8603078945804, 84.77812904199472, 9.108183000399093, 17.709259217770803, 9.235349806631056, 50.11757598601999, 42.97385666903618, 75.59685949835821, 25.34776285765568, 80.0758243429873, 83.49282266192465, 68.77745052534608, 7.3041679215149165, 28.677593968413866, 39.03439021702198, 44.8649410139647, 80.72747020257587, 78.17869494821052, 47.555706282401374, 47.285230341444155, 38.767694157700255, 50.48250629453178, 40.86880886212493, 83.54219580396162, 41.31530271125768, 79.04003571724039, 82.93402605385847, 75.47393166928377, 56.757396124360355, 74.00103156593497, 89.77510391857973, 73.99813483446243, 67.36307813394167, 82.99464987902651, 111.72758216617012, 86.73451139414776, 40.80446405458685, 87.9988902939054, 9.80072489255582, 101.05435312707806, 44.4958335261443, 56.273641231277495, 23.368399975139056, 86.50927699675462, 80.22267107858423, 83.17310240366945, 76.97601768597464, 13.289873898690137, 94.02053800097517, 57.595849850283976, 84.94927216043543, 70.1020002412778], [76.55673301034105, 33.374807033165474, 103.65275427226622, 77.24606411989515, 57.67971092496976, 70.09093916241021, 70.11150856058251, 68.73962433974067, 101.51918571472619, 25.010269074750195, 75.63690171080023, 44.57502700435416, 75.79310946771095, 71.48019706943738, 34.62419373179155, 84.1381768655674, 60.646576553360056, 72.25757944889322, 46.87237069672632, 80.60771408025485, 95.21334917392383, 0.0, 27.299659096244763, 94.02551654306713, 50.39403678014378, 54.38554654921099, 22.240766853206924, 82.87518896374048, 93.21446682012625, 89.82282485664687, 97.71610946031673, 76.73150281160137, 53.2181256856352, 59.74825372923995, 82.37092053987767, 81.42066201999621, 41.31088545564253, 90.80299510741276, 88.62042393494063, 66.7308665657771, 59.70516791452563, 70.24023737531871, 66.35719197742701, 85.84959363763853, 48.872985911177636, 49.611022157110874, 56.45787930978387, 73.81785223437042, 63.01699559371292, 68.7642507349168, 73.41922477446882, 36.47496138322986, 50.702292320816504, 66.40714409669572, 60.12400515519368, 65.97902579892468, 8.553276834969378, 40.533401312679516, 76.48493669247203, 92.2204834665044, 28.272184693380755, 8.656835240177422, 72.16765349982563, 57.38774708587022, 88.69647636044328, 30.271338128853312, 52.07289066224695, 39.7138513698363, 71.89063745615687, 23.981022128806842, 86.87352859072033, 27.08264674308008, 39.609160349762284, 103.2401929130979, 17.766867820576685, 38.13216622783069, 27.698453276329015, 41.29036969053163], [49.940754122730375, 28.739068733106798, 82.90742553978147, 65.58388787322583, 42.32528641805186, 42.84104411324085, 44.662924727255835, 43.97657588783981, 79.29469989093906, 21.878963778426254, 49.23127330553709, 17.637665572983455, 52.839630196662156, 44.42671579211297, 7.664360688494087, 65.70717829789106, 49.15841285561361, 55.93973944396135, 34.35407685989862, 66.91822465507525, 72.60650389626444, 27.299659096244763, 0.0, 72.36383896508912, 38.15502719248789, 27.233584648655654, 6.179176131348239, 59.89932841278826, 72.41453573322453, 70.9699374409423, 76.77539160844101, 67.74324311051623, 29.666420717117955, 36.337080185687974, 56.445136188110155, 57.57586895211351, 23.187270847348362, 64.67603042970693, 66.7622415096102, 44.10657272394406, 34.492384634699675, 42.994935231852, 43.97004127160106, 61.31266352962361, 25.08780195028836, 25.324515409235644, 34.95008765843969, 46.55865542683576, 49.07750783549733, 73.00993115988891, 61.20422775820324, 42.61035786087936, 30.83179478288666, 67.8311537383913, 33.02317901290869, 66.862937405437, 19.4359303623322, 43.25747649908163, 50.68397068518499, 68.02577081207379, 39.2754793687453, 19.25804015080671, 59.672498837643914, 38.71390422309609, 64.87986811066504, 30.235824605393812, 28.11109846539466, 24.703411448371288, 50.205282412253965, 36.64656149578091, 62.62316004527714, 12.633345209667084, 44.25707596694798, 82.48153028242247, 37.31165518021759, 22.920482679584953, 38.698135010494475, 15.835638379132822], [63.8291318773416, 64.75712741783443, 11.155625226449143, 37.96185451053465, 39.231479038168935, 47.62713806349482, 32.29481158113528, 74.46796561282324, 7.834293279631992, 70.50948452520358, 34.937916181250074, 57.526565736655215, 84.81467374509965, 58.12994046319599, 65.45409916147169, 16.04487795897027, 42.943106202147334, 27.70066435799676, 50.003287455555544, 31.709674645892612, 4.9548816797651485, 94.02551654306713, 72.36383896508912, 0.0, 47.77395792861746, 52.51555886757308, 74.22647672610792, 87.98937117773063, 4.153304455419416, 12.813967659014152, 5.415517575466676, 45.535809095721895, 42.72248601647939, 77.70798489002783, 28.62948879523019, 83.29647642513014, 84.52347485556469, 72.62190884550347, 5.613925901331328, 28.265343311579297, 39.66896815033589, 47.44288628367523, 83.1705665289313, 81.64126014958886, 47.2874073402576, 47.16751675855598, 37.85693351390336, 53.464575588221415, 37.53209578037705, 79.29080536304672, 37.00642516486222, 76.15774175593107, 84.50062818833112, 71.26093782810266, 58.740552099951884, 69.79963672827073, 88.94298779502299, 70.9797079442788, 70.48844229770195, 86.65917439275836, 111.61707887103981, 85.65201282911347, 36.59592651150637, 89.8869228486801, 13.048927059312717, 101.35641334484512, 44.34665842395057, 54.657972908484595, 22.302449523320284, 84.18257811060506, 83.69848850051784, 83.35035788206017, 73.9565077505424, 10.741752256836635, 91.95054985000051, 56.08181998735358, 82.44824167362007, 70.94627359888395], [66.24753003221312, 17.765166180922375, 55.7082862175586, 27.85234481229184, 8.542889972951215, 50.125659062328516, 37.91296393826139, 68.25166045836993, 55.60802369965532, 25.389522933871852, 46.21315046329248, 34.84004669986074, 79.42605564171159, 58.778886173022165, 35.12319937294106, 34.9764980509184, 11.081467054594938, 22.331983676137686, 3.855935758902117, 30.367491657923324, 50.404312269627006, 50.39403678014378, 38.15502719248789, 47.77395792861746, 0.0, 39.53031557527396, 36.318755288344825, 85.54230961365593, 45.859996560233895, 40.72789408084788, 50.26962201972734, 29.595648101987518, 23.91455094734921, 64.95114920331945, 48.875051929676395, 81.7666420648782, 59.518840881017894, 80.97148889185323, 43.137638044503085, 27.160306154058745, 31.207647591149914, 50.12051061166186, 72.80568026167126, 83.37157265540233, 24.182646529376285, 25.558599065116727, 19.426710700590306, 57.339584756708916, 12.631128220069538, 43.798226652619164, 23.64525025837571, 28.77448525941316, 64.73892169911922, 36.442588796088096, 50.4603947562431, 35.07760173556675, 47.80335364305423, 