instance_id,num_cities,city_coordinates,distance_matrix,best_route,total_distance
1225,48,"[[47.198782013253094, 96.99291365137606], [86.75303380630646, 77.52808613615193], [13.407590439387306, 26.008335052075594], [41.13676955890646, 62.111845258170675], [65.07602104110947, 48.61283650860785], [79.27135150964281, 43.66377293327566], [67.51198349767151, 52.104196590769966], [62.03379664667058, 5.213761300670572], [58.89085558612912, 91.84815567589854], [81.50376325719525, 5.977161116266361], [42.31211408938789, 39.9750267833459], [32.84054739144384, 96.75457581720401], [79.50701001662546, 47.284679200003374], [8.575012423628635, 47.9501914311922], [54.59701416932165, 12.004090260730804], [58.060374854427025, 79.03063367995125], [29.647680715053237, 57.898996892030574], [55.902331632315914, 68.81398229942856], [46.61695725096696, 79.52839389072189], [87.06518997136408, 57.561669642004134], [49.00920593841812, 70.85064626110027], [95.59049405602232, 55.658290099775954], [70.31254930681825, 70.65657298368757], [84.68203656813054, 38.916321086608754], [8.297502019148217, 63.599160918393295], [3.7387579936012605, 5.825465055449364], [84.2736550267045, 1.057896392918467], [11.820093486066718, 51.34598185613879], [35.94747162254357, 38.685389781995326], [78.56402677578318, 93.62232332023234], [20.024375203332877, 47.29686224273332], [42.55430253952361, 70.09792921399311], [0.7321487903225288, 33.88401079513888], [40.60579440582451, 8.655040767754507], [36.06406819559837, 4.2701206385926005], [50.85985827684125, 5.805771347764188], [21.024514410960983, 9.93715269641452], [69.34214864606764, 68.37583301002338], [52.110280618693736, 90.29886210126232], [50.24921603876825, 86.88175870066735], [44.62390327942093, 43.6832875950802], [75.61401631725207, 51.07186226974716], [92.08315308544105, 81.5780619217763], [92.68446390066329, 31.406735762888882], [84.66433196633916, 57.522419321676075], [57.30107994910546, 69.06323219782053], [96.90323652113929, 57.17116658722294], [3.9286335713496046, 78.70960443229662]]","[[0.0, 44.084218776175355, 78.61714206775748, 35.40391118574507, 51.57739368753828, 62.23059507856005, 49.270915090890355, 92.97037412739458, 12.773923401202369, 97.26612435827568, 57.22690753739554, 14.360212616048543, 59.285159770304475, 62.425829430441006, 85.31022178122254, 20.990895665008903, 42.85295187459443, 29.49243882945692, 17.474208723838952, 56.0727517392286, 26.20488082578295, 63.642037196987886, 35.04067748011766, 69.12224660671647, 51.26843382405335, 100.9964225667407, 102.84976298146779, 57.75200415762826, 59.38315691579972, 31.545831074704946, 56.640497094230206, 27.293064640471677, 78.3701577310671, 88.5835609534556, 93.388961852526, 91.26060705971098, 90.90543328076603, 36.183780762503616, 8.302598671911436, 10.561278434984178, 53.371773726905865, 54.00156016769665, 47.457606559869916, 79.81537437601204, 54.420468170699024, 29.700564467393725, 63.68912259693892, 46.97430299839304], [44.084218776175355, 0.0, 89.63168421074732, 48.150846791064474, 36.138408147643986, 34.68093537796681, 31.884042663928355, 76.42252457336016, 31.326751615769282, 71.74322067275104, 58.18270887506849, 57.23822234214082, 31.099333173978206, 83.58621227504041, 72.98906516990306, 28.73197394628926, 60.38478696021362, 32.05778267917889, 40.185891459180866, 19.968856479256907, 38.32994580488882, 23.587892706598318, 17.818732378662705, 38.667265610612496, 79.68240348864805, 109.69337199006466, 76.51037340451862, 79.37536223266066, 63.952796724376405, 18.057804592014957, 73.2573598831285, 44.818914282713195, 96.45930733374126, 82.90394491580435, 89.08479524321274, 80.2023097435079, 94.28028715038641, 19.66984136559708, 36.921715387680635, 37.683151434690366, 54.04011498171603, 28.70556552118047, 6.694212081637838, 46.50119163223167, 20.114407276082066, 30.644270887132915, 22.747105061386755, 82.83282718683726], [78.61714206775748, 89.63168421074732, 0.0, 45.52329979081029, 56.396721597477175, 68.18907177177746, 60.06895485733059, 52.885936009641135, 80.02255549647236, 70.98124175920994, 32.102024318565604, 73.36668452573008, 69.43929787050583, 22.467729561310243, 43.50502843787125, 69.31980458570004, 35.78763536128281, 60.31688375006454, 62.98617897696454, 80.13148502653027, 57.25650967975476, 87.36789731469891, 72.3300732344565, 72.43385102579336, 37.93656801787006, 22.379333371783, 75.13004391971414, 25.38732936218885, 25.86027765466144, 93.89894890564668, 22.293120700336136, 52.85284419603947, 14.922904858261388, 32.26265831449993, 31.3985023560718, 42.55368311198395, 17.784837168151007, 70.16893675262025, 75.04112269534347, 71.15391123125904, 35.87286069892271, 67.0657872323083, 96.32153810050099, 79.460464358256, 77.91444487635336, 61.48465328494918, 89.12151807446483, 53.54693658457728], [35.40391118574507, 48.150846791064474, 45.52329979081029, 0.0, 27.482921947073475, 42.36245640967937, 28.21001492671979, 60.614170778304626, 34.633159369619946, 69.14186101016554, 22.167998713295614, 35.62226947904471, 41.13538873159757, 35.50803383534479, 51.88415264659982, 23.930186331484098, 12.237126044053067, 16.215439070944356, 18.258385016485793, 46.1532653202502, 11.761883247093635, 54.83481089408661, 30.40129102195953, 49.33784166842052, 32.87293112001062, 67.57786520277182, 74.75543832994866, 31.23093515652427, 23.994324938400876, 48.92555375749895, 25.791799417120018, 8.110914664856356, 49.28837609340979, 53.459441457424234, 58.063735722810776, 57.13941208501352, 55.91691471325856, 28.892576070780365, 30.24774146100838, 26.392902318561386, 18.755581545945187, 36.20168184519241, 54.53867972024252, 59.99973784166422, 43.76884188049208, 17.595644653590554, 55.98490102857523, 40.74225071434818], [51.57739368753828, 36.138408147643986, 56.396721597477175, 27.482921947073475, 0.0, 15.033317577419526, 4.257171398134544, 43.5055727254603, 43.67549765260811, 45.69104431373046, 24.347632668423184, 57.9374906694717, 14.49197863122436, 56.504894241926216, 38.07899534993574, 31.216368721773176, 36.625128981691134, 22.18654701910607, 36.00706492141974, 23.74036993588444, 27.43469938111438, 31.317271268154066, 22.65717427351273, 21.87277431362692, 58.72299499891458, 74.7864893816375, 51.28373504388772, 53.32601525745846, 30.773797129044144, 46.987021630918356, 45.07086177300027, 31.126146771222324, 66.00812225115433, 46.85528179458498, 52.99028079411414, 45.10592102401725, 58.62033567565755, 20.218206534130292, 43.655871935089195, 41.04076695578866, 21.037812943099325, 10.821097547566533, 42.61562234440521, 32.53115460602465, 21.519353865913207, 21.878491557452058, 32.95780118495131, 68.15290480844764], [62.23059507856005, 34.68093537796681, 68.18907177177746, 42.36245640967937, 15.033317577419526, 0.0, 14.474926167651546, 42.137117749099126, 52.317294983360256, 37.7526737126863, 37.142860402039496, 70.52980165804166, 3.628566814093593, 70.82616567133913, 40.139238035994204, 41.23979109722613, 51.625093746023474, 34.331386822967474, 48.50340710529863, 15.934097115741809, 40.68075141780416, 20.25297152287842, 28.440664399251492, 7.198181147940316, 73.7204653106351, 84.48023571414048, 42.89852860237711, 67.88732240188558, 43.60897691155749, 49.963557369799226, 59.35826428873191, 45.242748627238875, 79.14575232610416, 52.15972233424781, 58.46989971339519, 47.33329939657828, 67.30660401923298, 26.63221700765481, 53.96809533093815, 52.05841566048919, 34.64745372589349, 8.261712190983332, 40.02043939190531, 18.16993517353296, 14.870989137412234, 33.58311128193799, 22.211102007359507, 83.09473781044728], [49.270915090890355, 31.884042663928355, 60.06895485733059, 28.21001492671979, 4.257171398134544, 14.474926167651546, 0.0, 47.20935768329705, 40.66824473993867, 48.20242008971264, 27.96694796383538, 56.53109628100804, 12.92704177568519, 59.083181348403755, 42.12855279300091, 28.537097264134825, 38.30515808276065, 20.347013413866065, 34.47736531983211, 20.30053929105826, 26.339744733946034, 28.302549988405225, 18.762564821362993, 21.65019128681396, 60.3198891052007, 78.79559177841914, 53.72781771425645, 55.69705111268008, 34.2984370793526, 42.96396755125103, 47.73031955738775, 30.767844456912204, 69.2208169120256, 51.10550022432913, 57.24570026687628, 49.20200660900331, 62.76260329906946, 16.374237577083644, 41.18306599842593, 38.826305086216216, 24.388028300597863, 8.167536345797435, 38.372530701808394, 32.58893453859265, 17.98777906113796, 19.795742976693944, 29.82482085838, 68.92525019372121], [92.97037412739458, 76.42252457336016, 52.885936009641135, 60.614170778304626, 43.5055727254603, 42.137117749099126, 47.20935768329705, 0.0, 86.69138577316993, 19.48492697172348, 39.96611490809763, 96.0831229947704, 45.555189807138014, 68.44153761354808, 10.070466771765682, 73.9237358944885, 61.843306464428835, 63.89509350735088, 75.89692717065189, 58.02477194688636, 66.91666930164844, 60.58632210975152, 65.96437937695411, 40.60548371420725, 79.35013704346746, 58.29824794148154, 22.624820748360648, 68.1879590432182, 42.43637904506257, 89.94066014038435, 59.462415649751435, 67.74515433944046, 67.67477547786001, 21.70257322080213, 25.98686694316105, 11.189610117810357, 41.28040280527159, 63.58348300906862, 85.66183834476337, 82.5138663463907, 42.22568934162327, 47.82664310602691, 82.0638180426361, 40.31792795138909, 56.994182447099554, 64.02463230027496, 62.57355512730796, 93.69017522471728], [12.773923401202369, 31.326751615769282, 80.02255549647236, 34.633159369619946, 43.67549765260811, 52.317294983360256, 40.66824473993867, 86.69138577316993, 0.0, 88.79848703666376, 54.4580220970166, 26.50832917482909, 49.101214436302236, 66.77361258747996, 79.95943881828008, 12.844398326209017, 44.807462086940426, 23.227234414794065, 17.390374084113184, 44.377429427620854, 23.206516356072257, 51.54192307470384, 24.073600986351114, 58.88093179828497, 57.94560492361002, 102.18442724034436, 94.27172263256476, 62.09736491033016, 57.90231899665568, 19.753008264252696, 59.122085923234096, 27.20211970763909, 82.11137112433512, 85.17885788437844, 90.50400236215015, 86.41636892772208, 90.2400809125262, 25.693957615666676, 6.955322240516284, 9.967097520446806, 50.23345942063436, 44.07232928701996, 34.744833270592764, 69.24718914163168, 42.92468125660148, 22.84031795921293, 51.45322804843687, 56.51077222603375], [97.26612435827568, 71.74322067275104, 70.98124175920994, 69.14186101016554, 45.69104431373046, 37.7526737126863, 48.20242008971264, 19.48492697172348, 88.79848703666376, 0.0, 51.8829474337116, 102.99828929736033, 41.3557501895684, 84.14474417313374, 27.573484027053624, 76.72289302037632, 73.3820845093874, 67.8520404825682, 81.40560838147668, 51.883436537482595, 72.55663532841278, 51.63962201328298, 65.64045695452326, 33.0921392598123, 93.16357413522468, 77.76515322007454, 5.645481895566592, 83.1513302845984, 56.082117737751744, 87.69444970087703, 74.07450881820243, 75.02355224621064, 85.45669056653382, 40.98554495911388, 45.4717480913515, 30.64438426364138, 60.60875410631349, 63.57278603344623, 89.29796234306221, 86.73177406304303, 52.743492925824945, 45.47769993236589, 76.33753789416151, 27.778972867746454, 51.642064618173215, 67.56938836350817, 53.45998478270697, 106.33865269268425], [57.22690753739554, 58.18270887506849, 32.102024318565604, 22.167998713295614, 24.347632668423184, 37.142860402039496, 27.96694796383538, 39.96611490809763, 54.4580220970166, 51.8829474337116, 0.0, 57.56411872166463, 37.90634909207665, 34.66691910115511, 30.549829130882546, 42.11114041659093, 21.946675765363256, 31.88070526388497, 39.786939115451524, 48.08459012964458, 31.59358981454041, 55.53872991095091, 41.53771358186695, 42.383147459892186, 41.413687929470925, 51.517922771592566, 57.23035868889543, 32.543231857651094, 6.493984703247359, 64.7474601751965, 23.45959460748015, 30.12387601374814, 42.02373127222372, 31.366431911828233, 36.247460604800196, 35.22217976951701, 36.81624342231707, 39.207506455532005, 51.2688255028412, 47.57351244672102, 4.36984753818688, 35.102086117586786, 64.8688589037615, 51.095882774649674, 45.84344384959529, 32.72297039968177, 57.23545992226284, 54.53126701555004], [14.360212616048543, 57.23822234214082, 73.36668452573008, 35.62226947904471, 57.9374906694717, 70.52980165804166, 56.53109628100804, 96.0831229947704, 26.50832917482909, 102.99828929736033, 57.56411872166463, 0.0, 68.00756873513411, 54.50398263037167, 87.49850655133991, 30.824954536013916, 38.986541411410016, 36.22875458110713, 22.05744346885707, 66.90587236841112, 30.53586556258443, 75.00973607589835, 45.66461079921799, 77.67112533199032, 41.25097105837439, 95.4725998916958, 108.64262061389529, 50.037984450904624, 58.15224281976982, 45.83064010806405, 51.091287922401136, 28.37135610444664, 70.5950225364523, 88.44109416511948, 92.54061560233647, 92.7166684000509, 87.61782691170818, 46.23548353232245, 20.322373341506555, 20.013352090265023, 54.363674540436115, 62.58178617621967, 61.15564490243351, 88.60944951260436, 64.99897499926251, 36.94764085095549, 75.30520848385025, 34.0810761717215], [59.285159770304475, 31.099333173978206, 69.43929787050583, 41.13538873159757, 14.49197863122436, 3.628566814093593, 12.92704177568519, 45.555189807138014, 49.101214436302236, 41.3557501895684, 37.90634909207665, 68.00756873513411, 0.0, 70.93511957459978, 43.18828370072854, 38.31140542479966, 50.9766265897411, 31.94826651907125, 46.05879620641704, 12.75706144741757, 38.541806614602585, 18.132727824194678, 25.115404173136536, 9.83922341055432, 73.05447517423183, 86.36952270395211, 46.471887774712926, 67.80864877491335, 44.40023832819098, 46.347238105473984, 59.48263606093846, 43.427490902526955, 79.90654963718818, 54.82292897505844, 61.13543524256764, 50.40991072613372, 69.3904894650761, 23.41284211112739, 50.99804616224482, 49.23359842051605, 35.0685208859914, 5.431220447294961, 36.52664059271414, 20.633816386169354, 11.463389223606853, 31.103194383251363, 20.00928108288754, 81.8511876026185], [62.425829430441006, 83.58621227504041, 22.467729561310243, 35.50803383534479, 56.504894241926216, 70.82616567133913, 59.083181348403755, 68.44153761354808, 66.77361258747996, 84.14474417313374, 34.66691910115511, 54.50398263037167, 70.93511957459978, 0.0, 58.39646251304627, 58.436247186878106, 23.303134532032796, 51.72207374878237, 49.44059502899717, 79.07647238510292, 46.46885878314749, 87.3562180317009, 65.7807207592825, 76.6413069926038, 15.651429903876059, 42.40143781929056, 89.04589729967756, 4.697014340190289, 28.897890445415282, 83.57275729133251, 11.467987926823483, 40.560010424996996, 16.10490445972024, 50.6959550659935, 51.610045259435445, 59.70058905068193, 39.99976516911443, 64.10812490303655, 60.73491157759516, 57.02987091878943, 36.30053718995702, 67.11164483063682, 90.02468122978578, 85.72097615646221, 76.6890611186502, 53.103579417122496, 88.80822909532763, 31.108364222688035], [85.31022178122254, 72.98906516990306, 43.50502843787125, 51.88415264659982, 38.07899534993574, 40.139238035994204, 42.12855279300091, 10.070466771765682, 79.95943881828008, 27.573484027053624, 30.549829130882546, 87.49850655133991, 43.18828370072854, 58.39646251304627, 0.0, 67.11596225909138, 52.23802919816176, 56.82488616027042, 67.9942121737976, 55.94350256279414, 59.111257421323494, 59.88451015754092, 60.72142763658173, 40.365539024794, 69.32312847465298, 51.23219330325943, 31.63103180058813, 58.11754793043421, 32.5529903595279, 85.06440889721974, 49.40493011073112, 59.32892235432943, 58.13909738626591, 14.386464575317934, 20.081941454478518, 7.237782223273966, 33.636066519733085, 58.26827928924745, 78.33425266965087, 75.00379043478478, 33.21196297376754, 44.36220451053569, 79.03004582771392, 42.744783067877314, 54.55237740014032, 57.12317962384752, 61.88603423685024, 83.76700074202202], [20.990895665008903, 28.73197394628926, 69.31980458570004, 23.930186331484098, 31.216368721773176, 41.23979109722613, 28.537097264134825, 73.9237358944885, 12.844398326209017, 76.72289302037632, 42.11114041659093, 30.824954536013916, 38.31140542479966, 58.436247186878106, 67.11596225909138, 0.0, 35.409423344559116, 10.442083890662625, 11.45423815339135, 36.08594902216605, 12.199830036467157, 44.21285211016943, 14.840507786343988, 48.14427221627994, 52.10061289861027, 91.15829513388293, 82.26107109333643, 53.89437417422019, 46.00781666769454, 25.165793225535694, 49.535537940832164, 17.895012928499455, 72.9708370622164, 72.50783720660803, 77.92927445341954, 73.5780395400138, 78.39364816877861, 15.517834810360768, 12.742707450496889, 11.074943166190879, 37.81499231296491, 33.01247078565093, 34.11801326578102, 58.880074686573515, 34.210726664220026, 9.996280361175804, 44.57133836937609, 54.132693209518756], [42.85295187459443, 60.38478696021362, 35.78763536128281, 12.237126044053067, 36.625128981691134, 51.625093746023474, 38.30515808276065, 61.843306464428835, 44.807462086940426, 73.3820845093874, 21.946675765363256, 38.986541411410016, 50.9766265897411, 23.303134532032796, 52.23802919816176, 35.409423344559116, 0.0, 28.43314265484969, 27.49158345165496, 57.41850014474561, 23.294073932103803, 65.9808714571939, 42.61909531325055, 58.216168758317394, 22.098008966296405, 58.16291769264681, 78.83468637248039, 18.993811425507705, 20.220041138852682, 60.571981666682724, 14.318284397711091, 17.759359130208423, 37.58759827022767, 50.44846350910496, 54.01135432950242, 56.24642766006238, 48.73086799711843, 41.05380468811155, 39.4248609383396, 35.55873647573057, 20.64881674849378, 46.47056892103595, 66.7748929673151, 68.37745194231971, 55.017940033884535, 29.821982482070617, 67.25949393013711, 33.08399571053998], [29.49243882945692, 32.05778267917889, 60.31688375006454, 16.215439070944356, 22.18654701910607, 34.331386822967474, 20.347013413866065, 63.89509350735088, 23.227234414794065, 67.8520404825682, 31.88070526388497, 36.22875458110713, 31.94826651907125, 51.72207374878237, 56.82488616027042, 10.442083890662625, 28.43314265484969, 0.0, 14.178039115105172, 33.13213364695998, 7.187710478632694, 41.81175042763101, 14.527543283578877, 41.49869349978506, 47.88960392960909, 81.78381086349958, 73.456239820177, 47.41703026834767, 36.13763308645359, 33.60068765635524, 41.83556158406675, 13.409638337458976, 65.29817749454782, 62.07320112039345, 67.52382375338155, 63.20966053436856, 68.43203342169946, 13.44695713397409, 21.81695925167293, 18.931514994822074, 27.545503488492418, 26.520432429844888, 38.36630774036711, 52.46167503665567, 30.899062408023063, 1.4207823075932449, 42.62193519082308, 52.907358916591186], [17.474208723838952, 40.185891459180866, 62.98617897696454, 18.258385016485793, 36.00706492141974, 48.50340710529863, 34.47736531983211, 75.89692717065189, 17.390374084113184, 81.40560838147668, 39.786939115451524, 22.05744346885707, 46.05879620641704, 49.44059502899717, 67.9942121737976, 11.45423815339135, 27.49158345165496, 14.178039115105172, 0.0, 46.02821422152513, 9.001453088586056, 54.48108995042815, 25.301981920075235, 55.66229173209221, 41.498447107694055, 85.26817513264608, 87.03818624561296, 44.77800884318151, 42.21361046156308, 34.91781920434696, 41.78560819630892, 10.268341020994677, 64.72113530869473, 71.12781637055683, 75.99454691165069, 73.8446158072935, 74.14791960320422, 25.31430303487822, 12.09047505669959, 8.2015411923433, 35.900472273764684, 40.62762147097909, 45.512373072564294, 66.61763392594975, 43.95299352109518, 14.95560386903345, 55.03231319450494, 42.696175411305965], [56.0727517392286, 19.968856479256907, 80.13148502653027, 46.1532653202502, 23.74036993588444, 15.934097115741809, 20.30053929105826, 58.02477194688636, 44.377429427620854, 51.883436537482595, 48.08459012964458, 66.90587236841112, 12.75706144741757, 79.07647238510292, 55.94350256279414, 36.08594902216605, 57.41850014474561, 33.13213364695998, 46.02821422152513, 0.0, 40.30948796869939, 8.735196816195003, 21.263289086202686, 18.797032821579265, 78.99873395346363, 98.08123740637954, 56.57268827562771, 75.50138621067208, 54.49160550527682, 37.04916354493058, 67.82209902167284, 46.24258755764278, 89.52108985058187, 67.45616194358277, 73.76383678720553, 63.16248135843088, 81.42152935664605, 20.76179961295202, 47.89122527110693, 47.064674215525145, 44.65279727304988, 13.162331776156915, 24.53501685245268, 26.751762665540237, 2.401178824648025, 31.909061199641613, 9.845793647611016, 85.78416028584327], [26.20488082578295, 38.32994580488882, 57.25650967975476, 11.761883247093635, 27.43469938111438, 40.68075141780416, 26.339744733946034, 66.91666930164844, 23.206516356072257, 72.55663532841278, 31.59358981454041, 30.53586556258443, 38.541806614602585, 46.46885878314749, 59.111257421323494, 12.199830036467157, 23.294073932103803, 7.187710478632694, 9.001453088586056, 40.30948796869939, 0.0, 48.996164017479806, 21.304227353015264, 47.87851260728878, 41.35247121618961, 79.23186005611701, 78.19596731074394, 41.99359497046912, 34.7161724230235, 37.310008185661786, 37.34837552458501, 6.49864300004744, 60.804657589314346, 62.76074145570644, 67.82730263949745, 65.07119690438503, 67.0342946419364, 20.482999286732, 19.69390168397762, 16.07899844825581, 27.51901626692319, 33.15141371752216, 44.38966512130321, 58.85023562790187, 38.06480849046433, 8.482335977943947, 49.80929962975442, 45.76047670729748], [63.642037196987886, 23.587892706598318, 87.36789731469891, 54.83481089408661, 31.317271268154066, 20.25297152287842, 28.302549988405225, 60.58632210975152, 51.54192307470384, 51.63962201328298, 55.53872991095091, 75.00973607589835, 18.132727824194678, 87.3562180317009, 59.88451015754092, 44.21285211016943, 65.9808714571939, 41.81175042763101, 54.48108995042815, 8.735196816195003, 48.996164017479806, 0.0, 29.392566750960174, 19.98219135137568, 87.65343055527111, 104.49905200325564, 55.76086296462182, 83.88132100795121, 62.011043131024394, 41.607311934430115, 76.02730952932187, 54.9667243732384, 97.32535592425572, 72.33686918432839, 78.63929893054647, 66.97838011723961, 87.46718085021809, 29.166959636449487, 55.592249362171074, 55.05212515161225, 52.35450372582114, 20.496218750970783, 26.15599380617148, 24.425046551006655, 11.084042392826339, 40.568111926769426, 2.003019731802788, 94.51592331437216], [35.04067748011766, 17.818732378662705, 72.3300732344565, 30.40129102195953, 22.65717427351273, 28.440664399251492, 18.762564821362993, 65.96437937695411, 24.073600986351114, 65.64045695452326, 41.53771358186695, 45.66461079921799, 25.115404173136536, 65.7807207592825, 60.72142763658173, 14.840507786343988, 42.61909531325055, 14.527543283578877, 25.301981920075235, 21.263289086202686, 21.304227353015264, 29.392566750960174, 0.0, 34.841437321715524, 62.415327886275755, 92.92546607372296, 70.98512700635473, 61.59761616846821, 46.93735313758545, 24.40312621246184, 55.44886419543244, 27.763867642233166, 78.69976789004298, 68.7508638772714, 74.70019754587769, 67.70549210462642, 78.2058717994867, 2.4785988521450832, 26.779509091338355, 25.802984195153215, 37.24868667988411, 20.289564958654246, 24.356479825922705, 45.178006645418634, 19.454553655210262, 13.108663917676985, 29.814775400926052, 66.87058833213663], [69.12224660671647, 38.667265610612496, 72.43385102579336, 49.33784166842052, 21.87277431362692, 7.198181147940316, 21.65019128681396, 40.60548371420725, 58.88093179828497, 33.0921392598123, 42.383147459892186, 77.67112533199032, 9.83922341055432, 76.6413069926038, 40.365539024794, 48.14427221627994, 58.216168758317394, 41.49869349978506, 55.66229173209221, 18.797032821579265, 47.87851260728878, 19.98219135137568, 34.841437321715524, 0.0, 80.27353050929182, 87.44609253287862, 37.8606272501024, 73.91453995351321, 48.735112082594874, 55.0470410122514, 65.19851718585589, 52.41219953212046, 84.1005814770397, 53.46456966708438, 59.69979944821133, 47.3312607942812, 69.9433508475092, 33.214078404003025, 60.83654170605219, 59.04491794486143, 40.34077357053176, 15.165295009504955, 43.29896831091716, 10.974184021907782, 18.60610665845759, 40.72533652310607, 21.968093056583566, 90.02564909508128], [51.26843382405335, 79.68240348864805, 37.93656801787006, 32.87293112001062, 58.72299499891458, 73.7204653106351, 60.3198891052007, 79.35013704346746, 57.94560492361002, 93.16357413522468, 41.413687929470925, 41.25097105837439, 73.05447517423183, 15.651429903876059, 69.32312847465298, 52.10061289861027, 22.098008966296405, 47.88960392960909, 41.498447107694055, 78.99873395346363, 41.35247121618961, 87.65343055527111, 62.415327886275755, 80.27353050929182, 0.0, 57.9532749786792, 98.40622741611945, 12.749472450830236, 37.21850092770399, 76.41187592241141, 20.081944546989824, 34.86778414600912, 30.6630839336889, 63.7391723830079, 65.50509306728293, 71.7748566579501, 55.15059356740481, 61.23124592947969, 51.307247167113644, 47.97942964099445, 41.42764099912759, 68.47223020085728, 85.69291806148291, 90.31894359980652, 76.60822086836669, 49.30726847924202, 88.8385912639259, 15.729352011479467], [100.9964225667407, 109.69337199006466, 22.379333371783, 67.57786520277182, 74.7864893816375, 84.48023571414048, 78.79559177841914, 58.29824794148154, 102.18442724034436, 77.76515322007454, 51.517922771592566, 95.4725998916958, 86.36952270395211, 42.40143781929056, 51.23219330325943, 91.15829513388293, 58.16291769264681, 81.78381086349958, 85.26817513264608, 98.08123740637954, 79.23186005611701, 104.49905200325564, 92.92546607372296, 87.44609253287862, 57.9532749786792, 0.0, 80.67589076722047, 46.23229859247353, 46.01277960160069, 115.35644398772077, 44.554439874914486, 75.08392735737638, 28.21917234660664, 36.975463114501515, 32.362706560335546, 47.12110439861615, 17.76804294730172, 90.64410293203146, 97.34248306638472, 93.45236993822597, 55.72082045774957, 84.93108512179478, 116.37520387150923, 92.55128313704178, 96.02876445743438, 82.87302049773403, 106.37669446405106, 72.88438670551274], [102.84976298146779, 76.51037340451862, 75.13004391971414, 74.75543832994866, 51.28373504388772, 42.89852860237711, 53.72781771425645, 22.624820748360648, 94.27172263256476, 5.645481895566592, 57.23035868889543, 108.64262061389529, 46.471887774712926, 89.04589729967756, 31.63103180058813, 82.26107109333643, 78.83468637248039, 73.456239820177, 87.03818624561296, 56.57268827562771, 78.19596731074394, 55.76086296462182, 70.98512700635473, 37.8606272501024, 98.40622741611945, 80.67589076722047, 0.0, 88.1952953364245, 61.24743473124097, 92.74035252869028, 79.15814500531359, 80.66616703355076, 89.75932849008571, 44.32379331529178, 48.31648421636718, 33.74943154822053, 63.86935870300618, 68.95400258998426, 94.8600685951032, 92.32224970105113, 58.215348395062826, 50.75811388642048, 80.89799327995766, 31.492757215247604, 56.465874455668846, 73.15904253237744, 57.517001144214646, 111.73678997579205], [57.75200415762826, 79.37536223266066, 25.38732936218885, 31.23093515652427, 53.32601525745846, 67.88732240188558, 55.69705111268008, 68.1879590432182, 62.09736491033016, 83.1513302845984, 32.543231857651094, 50.037984450904624, 67.80864877491335, 4.697014340190289, 58.11754793043421, 53.89437417422019, 18.993811425507705, 47.41703026834767, 44.77800884318151, 75.50138621067208, 41.99359497046912, 83.88132100795121, 61.59761616846821, 73.91453995351321, 12.749472450830236, 46.23229859247353, 88.1952953364245, 0.0, 27.247402947958278, 79.00659262726596, 9.149076900973816, 36.00315452642075, 20.684848341505436, 51.489154474060285, 52.951931212091594, 59.98344778408517, 42.41948251619605, 59.99002133816634, 56.04128887323201, 52.34108229789183, 33.686893895059875, 63.7945117681676, 85.76792757988171, 83.28637305896004, 73.10561852235776, 48.810051109591505, 85.28231942130722, 28.4788163390967], [59.38315691579972, 63.952796724376405, 25.86027765466144, 23.994324938400876, 30.773797129044144, 43.60897691155749, 34.2984370793526, 42.43637904506257, 57.90231899665568, 56.082117737751744, 6.493984703247359, 58.15224281976982, 44.40023832819098, 28.897890445415282, 32.5529903595279, 46.00781666769454, 20.220041138852682, 36.13763308645359, 42.21361046156308, 54.49160550527682, 34.7161724230235, 62.011043131024394, 46.93735313758545, 48.735112082594874, 37.21850092770399, 46.01277960160069, 61.24743473124097, 27.247402947958278, 0.0, 69.52868069878635, 18.10255389489365, 32.099810721130105, 35.541133948609115, 30.389502020769424, 34.41546665343499, 36.103304337801376, 32.39067439043973, 44.684749888325925, 54.08499717572122, 50.27355040467849, 10.01296403900974, 41.55549865790495, 70.64698193549839, 57.20196759812788, 52.231850088195124, 37.1320602499366, 63.697168056873345, 51.25567040359514], [31.545831074704946, 18.057804592014957, 93.89894890564668, 48.92555375749895, 46.987021630918356, 49.963557369799226, 42.96396755125103, 89.94066014038435, 19.753008264252696, 87.69444970087703, 64.7474601751965, 45.83064010806405, 46.347238105473984, 83.57275729133251, 85.06440889721974, 25.165793225535694, 60.571981666682724, 33.60068765635524, 34.91781920434696, 37.04916354493058, 37.310008185661786, 41.607311934430115, 24.40312621246184, 55.0470410122514, 76.41187592241141, 115.35644398772077, 92.74035252869028, 79.00659262726596, 69.52868069878635, 0.0, 74.65212086918066, 43.012758079866515, 98.11456168219564, 93.06055291585356, 98.94474520346319, 92.08293953035474, 101.5578813559983, 26.878026512800385, 26.661696874312447, 29.106077002294676, 60.380785620148586, 42.65260012372399, 18.106104186456626, 63.79785325309279, 36.61170293940044, 32.484794358484876, 40.80457622937139, 76.11065039408744], [56.640497094230206, 73.2573598831285, 22.293120700336136, 25.791799417120018, 45.07086177300027, 59.35826428873191, 47.73031955738775, 59.462415649751435, 59.122085923234096, 74.07450881820243, 23.45959460748015, 51.091287922401136, 59.48263606093846, 11.467987926823483, 49.40493011073112, 49.535537940832164, 14.318284397711091, 41.83556158406675, 41.78560819630892, 67.82209902167284, 37.34837552458501, 76.02730952932187, 55.44886419543244, 65.19851718585589, 20.081944546989824, 44.554439874914486, 79.15814500531359, 9.149076900973816, 18.10255389489365, 74.65212086918066, 0.0, 32.05442685187038, 23.49669304234301, 43.78110532287673, 45.91919254903797, 51.694657751369355, 37.373094276764654, 53.633625515689154, 53.65330668427074, 49.804668768226534, 24.863521538599592, 55.71767066540281, 79.7976698989226, 74.37731246186148, 65.44376232994279, 43.166278247322026, 77.51039416626726, 35.29636341822666], [27.293064640471677, 44.818914282713195, 52.85284419603947, 8.110914664856356, 31.126146771222324, 45.242748627238875, 30.767844456912204, 67.74515433944046, 27.20211970763909, 75.02355224621064, 30.12387601374814, 28.37135610444664, 43.427490902526955, 40.560010424996996, 59.32892235432943, 17.895012928499455, 17.759359130208423, 13.409638337458976, 10.268341020994677, 46.24258755764278, 6.49864300004744, 54.9667243732384, 27.763867642233166, 52.41219953212046, 34.86778414600912, 75.08392735737638, 80.66616703355076, 36.00315452642075, 32.099810721130105, 43.012758079866515, 32.05442685187038, 0.0, 55.32215136334852, 61.47377672279468, 66.14698423721704, 64.82641297497334, 63.89718935961763, 26.843142781045835, 22.347134191335016, 18.463711057060358, 26.495594710785216, 38.14362198890212, 50.84191659829653, 63.324888699188975, 43.94767374252061, 14.783032228978936, 55.86508584927514, 39.57402245545053], [78.3701577310671, 96.45930733374126, 14.922904858261388, 49.28837609340979, 66.00812225115433, 79.14575232610416, 69.2208169120256, 67.67477547786001, 82.11137112433512, 85.45669056653382, 42.02373127222372, 70.5950225364523, 79.90654963718818, 16.10490445972024, 58.13909738626591, 72.9708370622164, 37.58759827022767, 65.29817749454782, 64.72113530869473, 89.52108985058187, 60.804657589314346, 97.32535592425572, 78.69976789004298, 84.1005814770397, 30.6630839336889, 28.21917234660664, 89.75932849008571, 20.684848341505436, 35.541133948609115, 98.11456168219564, 23.49669304234301, 55.32215136334852, 0.0, 47.18483382733587, 46.10126916978421, 57.45585077978506, 31.38840733904971, 76.79204307679635, 76.30431100577154, 72.53069165494732, 44.97234636899834, 76.82913719829098, 103.05206693025167, 91.98567902525268, 87.1973952039846, 66.61547561149749, 98.9503397680536, 44.939418775490786], [88.5835609534556, 82.90394491580435, 32.26265831449993, 53.459441457424234, 46.85528179458498, 52.15972233424781, 51.10550022432913, 21.70257322080213, 85.17885788437844, 40.98554495911388, 31.366431911828233, 88.44109416511948, 54.82292897505844, 50.6959550659935, 14.386464575317934, 72.50783720660803, 50.44846350910496, 62.07320112039345, 71.12781637055683, 67.45616194358277, 62.76074145570644, 72.33686918432839, 68.7508638772714, 53.46456966708438, 63.7391723830079, 36.975463114501515, 44.32379331529178, 51.489154474060285, 30.389502020769424, 93.06055291585356, 43.78110532287673, 61.47377672279468, 47.18483382733587, 0.0, 6.313065935643664, 10.642563699531367, 19.62320914720258, 66.27481483237038, 82.45038971987849, 78.81887451204967, 35.25795335404662, 54.99783948239842, 89.26189260182535, 56.83157081679402, 65.79646965228115, 62.672818280520836, 74.31834533449806, 79.07500247933808], [93.388961852526, 89.08479524321274, 31.3985023560718, 58.063735722810776, 52.99028079411414, 58.46989971339519, 57.24570026687628, 25.98686694316105, 90.50400236215015, 45.4717480913515, 36.247460604800196, 92.54061560233647, 61.13543524256764, 51.610045259435445, 20.081941454478518, 77.92927445341954, 54.01135432950242, 67.52382375338155, 75.99454691165069, 73.76383678720553, 67.82730263949745, 78.63929893054647, 74.70019754587769, 59.69979944821133, 65.50509306728293, 32.362706560335546, 48.31648421636718, 52.951931212091594, 34.41546665343499, 98.94474520346319, 45.91919254903797, 66.14698423721704, 46.10126916978421, 6.313065935643664, 0.0, 14.87526898004821, 16.071821004023843, 72.22861619272877, 87.51242935022411, 83.82064878436474, 40.33197870427641, 61.274802456922245, 95.47070575490463, 62.787459657182495, 72.09572077188712, 68.18473416935167, 80.6221127545204, 81.07973178274882], [91.26060705971098, 80.2023097435079, 42.55368311198395, 57.13941208501352, 45.10592102401725, 47.33329939657828, 49.20200660900331, 11.189610117810357, 86.41636892772208, 30.64438426364138, 35.22217976951701, 92.7166684000509, 50.40991072613372, 59.70058905068193, 7.237782223273966, 73.5780395400138, 56.24642766006238, 63.20966053436856, 73.8446158072935, 63.16248135843088, 65.07119690438503, 66.97838011723961, 67.70549210462642, 47.3312607942812, 71.7748566579501, 47.12110439861615, 33.74943154822053, 59.98344778408517, 36.103304337801376, 92.08293953035474, 51.694657751369355, 64.82641297497334, 57.45585077978506, 10.642563699531367, 14.87526898004821, 0.0, 30.120027480785858, 65.24268291319201, 84.50234281433784, 81.07828691573985, 38.38741163188188, 51.59251232152651, 86.26007218701625, 49.037812089985486, 61.78474017976835, 63.58455543469386, 68.98113153793079, 86.70356815480383], [90.90543328076603, 94.28028715038641, 17.784837168151007, 55.91691471325856, 58.62033567565755, 67.30660401923298, 62.76260329906946, 41.28040280527159, 90.2400809125262, 60.60875410631349, 36.81624342231707, 87.61782691170818, 69.3904894650761, 39.99976516911443, 33.636066519733085, 78.39364816877861, 48.73086799711843, 68.43203342169946, 74.14791960320422, 81.42152935664605, 67.0342946419364, 87.46718085021809, 78.2058717994867, 69.9433508475092, 55.15059356740481, 17.76804294730172, 63.86935870300618, 42.41948251619605, 32.39067439043973, 101.5578813559983, 37.373094276764654, 63.89718935961763, 31.38840733904971, 19.62320914720258, 16.071821004023843, 30.120027480785858, 0.0, 75.82659912506776, 86.16454722907226, 82.30768845244083, 41.17927604467729, 68.35260090193628, 100.90465799410273, 74.80702746343374, 79.46309821721685, 69.36773374163145, 89.37915046201068, 70.86550119378558], [36.183780762503616, 19.66984136559708, 70.16893675262025, 28.892576070780365, 20.218206534130292, 26.63221700765481, 16.374237577083644, 63.58348300906862, 25.693957615666676, 63.57278603344623, 39.207506455532005, 46.23548353232245, 23.41284211112739, 64.10812490303655, 58.26827928924745, 15.517834810360768, 41.05380468811155, 13.44695713397409, 25.31430303487822, 20.76179961295202, 20.482999286732, 29.166959636449487, 2.4785988521450832, 33.214078404003025, 61.23124592947969, 90.64410293203146, 68.95400258998426, 59.99002133816634, 44.684749888325925, 26.878026512800385, 53.633625515689154, 26.843142781045835, 76.79204307679635, 66.27481483237038, 72.22861619272877, 65.24268291319201, 75.82659912506776, 0.0, 27.884699751801875, 26.589647632387166, 34.93870995149625, 18.405535239845218, 26.295477389656302, 43.72159458108791, 18.776738012509295, 12.060673820659723, 29.751606923049604, 66.22472941611883], [8.302598671911436, 36.921715387680635, 75.04112269534347, 30.24774146100838, 43.655871935089195, 53.96809533093815, 41.18306599842593, 85.66183834476337, 6.955322240516284, 89.29796234306221, 51.2688255028412, 20.322373341506555, 50.99804616224482, 60.73491157759516, 78.33425266965087, 12.742707450496889, 39.4248609383396, 21.81695925167293, 12.09047505669959, 47.89122527110693, 19.69390168397762, 55.592249362171074, 26.779509091338355, 60.83654170605219, 51.307247167113644, 97.34248306638472, 94.8600685951032, 56.04128887323201, 54.08499717572122, 26.661696874312447, 53.65330668427074, 22.347134191335016, 76.30431100577154, 82.45038971987849, 87.51242935022411, 84.50234281433784, 86.16454722907226, 27.884699751801875, 0.0, 3.891035468999339, 47.2128968842984, 45.72945557919289, 40.913113900232155, 71.51606038963412, 46.19590306973797, 21.860841133967238, 55.712234819196915, 49.55584733926488], [10.561278434984178, 37.683151434690366, 71.15391123125904, 26.392902318561386, 41.04076695578866, 52.05841566048919, 38.826305086216216, 82.5138663463907, 9.967097520446806, 86.73177406304303, 47.57351244672102, 20.013352090265023, 49.23359842051605, 57.02987091878943, 75.00379043478478, 11.074943166190879, 35.55873647573057, 18.931514994822074, 8.2015411923433, 47.064674215525145, 16.07899844825581, 55.05212515161225, 25.802984195153215, 59.04491794486143, 47.97942964099445, 93.45236993822597, 92.32224970105113, 52.34108229789183, 50.27355040467849, 29.106077002294676, 49.804668768226534, 18.463711057060358, 72.53069165494732, 78.81887451204967, 83.82064878436474, 81.07828691573985, 82.30768845244083, 26.589647632387166, 3.891035468999339, 0.0, 43.56319604322809, 43.88304656197656, 42.168797568194925, 69.84431566740069, 45.23683248282236, 19.16321140473514, 55.311092114520406, 47.03594865107944], [53.371773726905865, 54.04011498171603, 35.87286069892271, 18.755581545945187, 21.037812943099325, 34.64745372589349, 24.388028300597863, 42.22568934162327, 50.23345942063436, 52.743492925824945, 4.36984753818688, 54.363674540436115, 35.0685208859914, 36.30053718995702, 33.21196297376754, 37.81499231296491, 20.64881674849378, 27.545503488492418, 35.900472273764684, 44.65279727304988, 27.51901626692319, 52.35450372582114, 37.24868667988411, 40.34077357053176, 41.42764099912759, 55.72082045774957, 58.215348395062826, 33.686893895059875, 10.01296403900974, 60.380785620148586, 24.863521538599592, 26.495594710785216, 44.97234636899834, 35.25795335404662, 40.33197870427641, 38.38741163188188, 41.17927604467729, 34.93870995149625, 47.2128968842984, 43.56319604322809, 0.0, 31.85872159740063, 60.732152221220076, 49.603741916478356, 42.364578321733084, 28.36992062647623, 53.99121747011567, 53.693089385820755], [54.00156016769665, 28.70556552118047, 67.0657872323083, 36.20168184519241, 10.821097547566533, 8.261712190983332, 8.167536345797435, 47.82664310602691, 44.07232928701996, 45.47769993236589, 35.102086117586786, 62.58178617621967, 5.431220447294961, 67.11164483063682, 44.36220451053569, 33.01247078565093, 46.47056892103595, 26.520432429844888, 40.62762147097909, 13.162331776156915, 33.15141371752216, 20.496218750970783, 20.289564958654246, 15.165295009504955, 68.47223020085728, 84.93108512179478, 50.75811388642048, 63.7945117681676, 41.55549865790495, 42.65260012372399, 55.71767066540281, 38.14362198890212, 76.82913719829098, 54.99783948239842, 61.274802456922245, 51.59251232152651, 68