instance_id,num_cities,city_coordinates,distance_matrix,best_route,total_distance
1588,89,"[[54.93829271085319, 87.38552934576538], [63.209486501112146, 80.57105099777381], [14.337796072510622, 93.9231702755981], [77.4500644369951, 30.208744128544684], [67.78217345827369, 82.44099088173188], [56.47272371484645, 78.98343570741339], [17.102028865185392, 12.21671449331635], [99.28782404729768, 90.76505410589833], [45.61845275114278, 15.59946734263039], [60.60988792467729, 19.069428879703455], [83.00689932612691, 90.52497847949448], [81.06703964798308, 65.72232546887712], [97.8862967205833, 51.83765408821436], [94.50116998403408, 95.24336431463173], [24.735342366813196, 42.14248316508169], [56.96866708841498, 24.778661316515272], [91.76450332522305, 0.6399882968595949], [2.7260996343373867, 38.81085866571268], [87.24244365510636, 55.48344564726111], [64.70934143618308, 44.49786735568365], [76.34518159829815, 47.9174794650293], [35.13771741551752, 3.4733630483515188], [52.82356311796603, 62.56265003167818], [34.374856782064136, 23.207867785288506], [95.86575248184721, 67.61612460564967], [12.418475276771733, 67.6456160171155], [43.894620315582635, 29.84686028009683], [74.37168248010373, 10.175352276031546], [79.14939478487133, 11.089369110730873], [59.870509595525924, 13.693291546858433], [85.9493566160611, 97.13957092647628], [49.48120478781457, 25.884823537548463], [65.39313253443659, 98.76591018085283], [63.78507093730771, 16.27290607867], [57.17990166026856, 51.63728251777236], [47.14674673513011, 32.04324528124063], [9.169219920124705, 69.35349685658441], [48.82713642846657, 51.55244341279129], [53.18384098661431, 5.744561826459393], [64.34458588355498, 95.74691850162665], [43.24261686042472, 11.664857089521053], [40.06414837541269, 82.75130232619897], [4.942244247053873, 53.973968912668155], [98.76038188559103, 91.64608614804864], [51.437725680859316, 60.38615463422459], [90.49515735876066, 67.4618741634301], [68.002513447768, 58.01384149170262], [14.47000650924405, 57.89980140663076], [61.41468117188348, 88.31631341341865], [17.461964327545665, 16.06613622634456], [10.985501536443076, 92.66934066901838], [60.06880597203275, 89.03026123438785], [50.97933768902978, 80.79861975228219], [34.01967620832508, 4.473890596100305], [39.306260917139134, 99.25919994495172], [45.62770529492995, 66.22967969064855], [70.7413269310855, 48.27293075609867], [66.89405140970003, 27.558258504667165], [49.139720613379, 64.38812479796577], [86.95166586777333, 81.5439062606603], [97.77599876857879, 89.77852939055823], [46.40116362544489, 65.30630453074339], [37.80648840626905, 21.997141223208626], [80.60471200194586, 73.87915764822742], [45.260390889578325, 94.1189679251886], [4.310268745039925, 7.050184287358752], [70.58843095029857, 47.092375636766505], [62.277407141118566, 88.40004081787541], [38.744340155026116, 97.84295733717072], [58.26991027334862, 82.17198639815814], [53.19732801336637, 75.29440155357521], [29.151424663083482, 63.95454820236319], [57.58267522830774, 57.022711215404165], [70.63752228450548, 94.24236152268082], [26.97475776787841, 93.68984394538005], [89.53181722961115, 46.743249966616354], [15.957737355242497, 30.1644611508194], [29.313380056225046, 72.73000075944414], [12.052458640326957, 27.781316151863667], [49.03886343845094, 2.145574349409707], [76.90606881826407, 80.38868735769576], [51.4106790780415, 38.196090845779295], [25.95554611863521, 88.53344204790832], [50.52621342974385, 72.59620036342362], [65.0952956940886, 93.59202631058785], [72.89499154257473, 72.82901644248597], [3.6292827682697815, 17.176343333947276], [5.326750671095503, 59.432567587882225], [15.591131998084018, 45.658446464246694]]","[[0.0, 10.716798116567475, 41.12348570108679, 61.4488782161734, 13.76276619274867, 8.541057078233974, 84.15422501645862, 44.47810829348099, 72.38852198237339, 68.55112380667832, 28.243633232752835, 33.94121121463112, 55.751076077024756, 40.33567686962389, 54.39808302865113, 62.639782443308334, 94.23883849072698, 71.31347514695197, 45.401554076214886, 43.986645066068306, 44.89968656046148, 86.2166714432371, 24.912796284094057, 67.3915954742765, 45.452022255174114, 46.878556428821774, 58.58891651005831, 79.61826474536646, 80.04549662690954, 73.85710984873495, 32.50888204308364, 61.74234060601055, 15.453696764477137, 71.6608029044882, 35.81845839727349, 55.888072020515764, 49.19311150774954, 36.35046462684705, 81.65981679100841, 12.585355770361476, 76.61859461342178, 15.579352675268508, 60.13266360780203, 44.028716128274255, 27.22535958156785, 40.75834465988784, 32.14607146852213, 50.07085320020034, 6.542932559545717, 80.56631444974997, 44.26925020960984, 5.387699816117353, 7.685096151483184, 85.50981438720824, 19.63019285431677, 23.114000360375847, 42.18449074010769, 61.010183595520935, 23.71716792335797, 32.541982440420675, 42.904492882476525, 23.672235666561093, 67.5954141935434, 29.003226642189798, 11.78986763136467, 94.95769835214111, 43.22574536929074, 7.408902357810659, 19.276978486676956, 6.18714034504416, 12.215822909856248, 34.84212164974394, 30.477753915208563, 17.13131508987625, 28.665374043920767, 53.37140443873208, 69.2367990392572, 29.51983514015281, 73.42926524478368, 85.44385989362146, 23.055129253841685, 49.315767436858486, 29.005470235810076, 15.433427854197792, 11.903164040531566, 23.115689495156523, 86.9594405555268, 56.94447448699761, 57.35284214367773], [10.716798116567475, 0.0, 50.66281885720838, 52.336946922211276, 4.940257197536623, 6.921307329442935, 82.45127633101495, 37.49085407756074, 67.31085463021444, 61.556538530951556, 22.158931086029696, 23.22448824464876, 45.03431208489256, 34.56076146822312, 54.378438673233624, 56.1403471069364, 84.8785236106445, 73.49934523848957, 34.741487760152054, 36.10435074755143, 35.196622274449844, 82.04923952567411, 20.788696685368595, 64.20257517657498, 35.132062644112835, 52.40986253206832, 54.277136804811086, 71.27516410079826, 71.28663825673704, 66.96105939985223, 28.13569877348987, 56.383057673659074, 18.32542525266272, 64.30072112722581, 29.555352337728202, 51.11711588549623, 55.19224522570815, 32.38721321421979, 75.4951458683749, 15.21825893795078, 71.74077949234965, 23.2477993110758, 64.05057607340439, 37.23603854088113, 23.366736914179143, 30.27141145414306, 23.060806751112537, 53.75427860088548, 7.950497849633583, 79.08046417852077, 53.607025832061645, 9.023420194858167, 12.232265836863924, 81.50351431764722, 30.341573861456308, 22.68907140785839, 33.16469796950195, 53.14068296966818, 21.444006447584666, 23.762102778189433, 35.771796553856696, 22.705334232188633, 63.845244290279794, 18.638007050823827, 22.48813212216868, 94.20422333487937, 34.28221878921924, 7.884278885007841, 29.94765657496936, 5.1925338194459805, 11.317523887348376, 37.89537889126949, 24.211264147204115, 15.558934637943727, 38.53645410222894, 42.86239864478026, 69.09089735517466, 34.79120723635681, 73.51052716890726, 79.695432400528, 13.697796306988268, 43.98691969767638, 38.09535070394298, 14.982111281227752, 13.156826152580544, 12.399520432801753, 86.99821628418039, 61.621802862605, 59.04572500097291], [41.12348570108679, 50.66281885720838, 0.0, 89.68102651820524, 54.66389958450448, 44.70512047173891, 81.75320115710493, 85.00871102809654, 84.33908894088333, 88.001074341958, 68.75313410411863, 72.44363047202627, 93.54968002777743, 80.17424417591612, 52.81428335762367, 81.23025472548612, 121.22972835107596, 56.322272549653, 82.41783829150616, 70.57020016302785, 77.21035841583239, 92.81058320752726, 49.64510544904071, 73.49923678633894, 85.66719516923288, 26.347554917381853, 70.56471754336883, 103.04253751188543, 105.17595705803126, 92.24999426339957, 71.6837557374721, 76.57855968205442, 51.28449581530868, 92.05757177661991, 60.19586625890549, 70.03964849204702, 25.107429803944488, 54.63325995281216, 96.35601794125304, 50.04003482011091, 87.18898297950359, 28.04738555180939, 41.03918960750525, 84.45328950071077, 50.01136066009561, 80.62346972203723, 64.57075022543997, 36.02361148287699, 47.4095977048163, 77.91969056812529, 3.5791014708840216, 45.992019148062504, 38.92115618110768, 91.5890279501949, 25.532282493534964, 41.78501932422589, 72.56240529021812, 84.65495549246539, 45.64529398650102, 73.66152499232486, 83.54107802282718, 42.97655807406634, 75.6580013951055, 69.23197663655885, 30.92321469285054, 87.44979701986736, 73.19328692345105, 48.256722520454716, 24.71930671883506, 45.476598165175865, 43.094016368412525, 33.429955144867, 56.84860114420182, 56.300631031967974, 12.639115557133168, 88.76984678445913, 63.779285030624465, 25.95030924273777, 66.18132390715907, 98.1187606440595, 64.0153964468079, 66.93210019205368, 12.80707954619568, 42.005252010386684, 50.758579808344244, 62.24072997044858, 77.49030715385508, 35.64829046375489, 48.28099435107322], [61.4488782161734, 52.336946922211276, 89.68102651820524, 0.0, 53.11944763325648, 53.09443814927212, 62.97299840226242, 64.37355375362388, 35.024027048960896, 20.190985344432487, 60.571664499696304, 35.697296386327494, 29.756500735003613, 67.23274517022837, 54.04864522195437, 21.18899329123312, 32.85140000241425, 75.21746665728237, 27.10537267058882, 19.144322008986972, 17.74316976486744, 50.05112698001008, 40.66005157897561, 43.640414572835894, 41.69472005331376, 75.03750372650563, 33.55739546068798, 20.26852793344534, 19.1947447157553, 24.120549794773535, 67.46831510716605, 28.301120107741326, 69.60929983864717, 19.517674797445363, 29.496809259538473, 30.358795401323277, 78.70568844801757, 35.70469866723085, 34.457884674678944, 66.83566314678997, 38.91047694670267, 64.48586776742307, 76.30314474342958, 65.02827557441023, 39.841158020221805, 39.47113054795339, 29.36630141963299, 68.79885427651483, 60.279541509996996, 61.63266595740202, 91.20780800870763, 61.335789066896545, 57.09671523118189, 50.48248516098791, 78.88545617168577, 48.06423140065611, 19.269717108413875, 10.883679758004865, 44.38136580093671, 52.20708094578708, 62.94206004425228, 46.86014284860291, 40.48510272654475, 43.78420740677098, 71.55900913809786, 76.71863272881455, 18.224681808228528, 60.136815178423184, 77.92637479404318, 55.39004297625873, 51.19484084828488, 58.91975811727865, 33.372173811495266, 64.39499116513693, 81.1024451992441, 20.47824782180135, 61.492343026683905, 64.22770156750656, 65.44264091949817, 39.934168831117944, 50.18289184287832, 27.23687385610555, 77.80395751004524, 50.2154378565441, 64.57616255909925, 42.86299454293871, 74.96233238535629, 77.81904809336163, 63.75908425270522], [13.76276619274867, 4.940257197536623, 54.66389958450448, 53.11944763325648, 0.0, 11.826171877770209, 86.60211342832756, 32.58674650218379, 70.4203080411607, 63.77614405365355, 17.237840155659253, 21.354190288219073, 42.92810804461098, 29.627783259282424, 58.96608678898104, 58.66750523840798, 85.24409756538837, 78.33186566508401, 33.24772715844305, 38.067347156702944, 35.56962115268194, 85.4490886783394, 24.87787085471891, 68.00449749290823, 31.756323321143746, 57.306563269113994, 57.76467578794789, 72.56544737158633, 72.25141970951049, 69.20144932669595, 23.368671319104834, 59.44346489682785, 16.498803188673417, 66.28870397788978, 32.57724077098373, 54.45873297881675, 60.05631375903355, 36.24080288214315, 78.07338561112583, 13.742806051157785, 74.90961855858005, 27.719762042389156, 68.98715853735588, 32.316917802109195, 27.45098859882804, 27.20760142541581, 24.428143135199143, 58.68949757540971, 8.663969809999637, 83.29312563161497, 57.71032040083598, 10.144679480308378, 16.882910673667396, 84.96337415323451, 33.07158525297078, 27.452268943290544, 34.295960724618, 54.8899177804601, 25.95085782613967, 19.19047159543578, 30.878293801853893, 27.39972733109352, 67.46851603436329, 15.41825162015135, 25.36938781088524, 98.55179555378989, 35.45983193485474, 8.112504443631313, 32.86968715460579, 9.516066115336924, 16.24165803350004, 42.82619893727056, 27.3882950425675, 12.141884776446982, 42.32944448697934, 41.80162330128809, 73.61119302187771, 39.67557680695609, 78.0607529765417, 82.45402104566098, 9.351866995141942, 47.176657442356074, 42.26801054960167, 19.866757582846574, 11.4701745084926, 10.887192539120107, 91.51539544481102, 66.55875132538274, 63.85029665180505], [8.541057078233974, 6.921307329442935, 44.70512047173891, 53.09443814927212, 11.826171877770209, 0.0, 77.51030044210952, 44.40652371628952, 64.30662985899131, 60.05667608059888, 28.935612745024912, 27.941678921953667, 49.5174463075262, 41.358771789794815, 48.62630110399953, 54.20704314568312, 85.92558094210129, 67.10093550929776, 38.717246777492896, 35.45555381078203, 36.87828927137598, 78.46625750454274, 16.821372573908924, 59.99358049003677, 41.00032289046063, 45.48981161505635, 50.72092004140838, 71.09799624729509, 71.580972959669, 65.37849702613997, 34.619606197729425, 53.556922533625595, 21.70069099823562, 63.13541754213192, 27.35529555529981, 47.85765689909568, 48.27377335083679, 28.4765577839259, 73.3126823745411, 18.51973459299643, 68.60631716185303, 16.835621863383377, 57.278824564912796, 44.14282217696849, 19.266812619565304, 35.920361516364785, 23.93031409858537, 46.99731788073598, 10.560565788934507, 74.0298988379991, 47.501488146430916, 10.671012640322179, 5.785514942110528, 77.81909569652493, 26.566784909004465, 16.741347528305287, 33.86337478910207, 52.47049572147544, 16.33389221923458, 30.586302885695538, 42.69068490657114, 16.985294812226986, 59.965540935071104, 24.665897777988746, 18.83615520481546, 88.85558152608021, 34.875391082919826, 11.061952878475731, 25.883916623018866, 3.6601550559381604, 4.933273759833195, 31.18205960989938, 21.98875650363542, 20.820094513590693, 32.96071052435338, 46.17719394483656, 63.4409678084774, 27.86997302861239, 67.785079451686, 77.19662697735417, 20.48160941713278, 41.10026516662484, 31.97656563082081, 8.726841347838473, 16.96348039019025, 17.53760978851306, 81.31756217900602, 54.75533766510256, 52.74333559183791], [84.15422501645862, 82.45127633101495, 81.75320115710493, 62.97299840226242, 86.60211342832756, 77.51030044210952, 0.0, 113.68529625949711, 28.71636202730324, 44.04422203197608, 102.35055524520835, 83.39288345123626, 89.97731262554596, 113.50793640308498, 30.88396194807501, 41.79893959433358, 75.55465360865274, 30.231041092105176, 82.41169705599988, 57.51981432824866, 69.16860389891077, 20.043259614512557, 61.73120146737357, 20.473300538353264, 96.29547652281695, 55.62642176475642, 32.07280775191085, 57.306023984175404, 62.05760650543204, 42.79396246874734, 109.32449900732952, 35.14581395093288, 99.11000942263021, 46.85892772230961, 56.2158080182935, 35.99689424060199, 57.68484512058861, 50.53495839048626, 36.65768577132492, 95.96433803921039, 26.146412513593027, 74.17807636462807, 43.49170792923433, 113.91712645371099, 59.15433237985551, 91.86173837376917, 68.47069571756994, 45.75884582910297, 88.06111576771414, 3.8662127742500703, 80.68480008731824, 88.01400398738987, 76.49280869530084, 18.60532487031982, 89.82996267735597, 61.08285049981463, 64.63145540826852, 52.10190478020614, 61.2231144726267, 98.41357278210859, 111.91123513806662, 60.6378088987549, 22.89828360177158, 88.51467483643852, 86.60757743474531, 13.79572982268123, 63.85222743337275, 88.5703901552201, 88.31898494390144, 81.16978826458117, 72.67506605066572, 53.1224187702272, 60.38427007289162, 97.9502722111376, 82.06912695221511, 80.2381199574401, 17.984187864389074, 61.73309414436665, 16.363220472909077, 33.48715076500743, 90.68594752733807, 43.03500290566997, 76.82856026504045, 69.01346555378996, 94.47377961248543, 82.38146534201653, 14.356629326857083, 48.66203818168568, 33.47584571834686], [44.47810829348099, 37.49085407756074, 85.00871102809654, 64.37355375362388, 32.58674650218379, 44.40652371628952, 113.68529625949711, 0.0, 92.35944374448611, 81.46315375235908, 16.282694681250472, 30.969908648780166, 38.95262187561075, 6.554946181854107, 89.00689259610022, 78.39078440139055, 90.4385307364663, 109.65128838933676, 37.28113576892701, 57.76092130036012, 48.60328687596629, 108.32855352378228, 54.35350162845632, 93.689202914396, 23.40050236226879, 89.89322651544074, 82.33731449750599, 84.35350704993411, 82.18133068165119, 86.5666290353672, 14.783408879889313, 81.79329826251876, 34.82619431813005, 82.51984970962683, 57.480950211392866, 78.52988459760452, 92.62730479545847, 63.905475761740696, 96.71639654938512, 35.29658434219194, 96.94279971534357, 59.76339998423162, 101.26535625543264, 1.0268459929518754, 56.679003579702126, 24.90680997090479, 45.29252241826786, 90.96255826935209, 37.95222367978644, 110.79440261697722, 88.32285360044396, 39.25736727157083, 49.325851923224754, 108.19471346699284, 60.58001674704541, 59.003329924799154, 51.190653877250874, 71.02433045000977, 56.661933233297624, 15.401635179875658, 1.8052275998749576, 58.69537273505316, 92.244135176422, 25.183172454604545, 54.131435151112136, 126.60535312508891, 52.25856875962305, 37.085903621480135, 60.95580494066994, 41.90835314107352, 48.617639957617634, 75.08606891684698, 53.6457374052569, 28.860551934602086, 72.37219044865797, 45.08989807821759, 103.03560168510975, 72.26123415130141, 107.59628350621693, 101.87428642488804, 24.67006189748167, 71.10356466908615, 73.36622573489768, 52.036544046788656, 34.30919362257139, 31.910547702690828, 120.68908348607737, 99.04750386258964, 95.07755946025755], [72.38852198237339, 67.31085463021444, 84.33908894088333, 35.024027048960896, 70.4203080411607, 64.30662985899131, 28.71636202730324, 92.35944374448611, 0.0, 15.387779619914433, 83.73606246063154, 61.39139369428499, 63.60136548708366, 93.44875798509884, 33.773302892595424, 14.597430168088625, 48.5102463084494, 48.77009988763592, 57.647969124484305, 34.63494700586441, 44.59356201505025, 16.027732794476968, 47.51267350594978, 13.575942236608178, 72.32236004892032, 61.73362208833492, 14.351299724431158, 29.26036985586662, 33.83289907369227, 14.378964860514653, 90.96906231805185, 10.986783212257881, 85.48505819671136, 18.179096128605977, 37.84694470463922, 16.51464548199012, 64.94645689301925, 36.095874268989334, 12.42393906480825, 82.3060264462847, 4.596276103923395, 67.38114898663186, 55.92098272577965, 92.77474259661038, 45.163163042302266, 68.5829997717038, 47.95857908370189, 52.53136173002262, 74.41277131516425, 28.160355469972064, 84.4938263092947, 74.83912212060113, 65.41917579925834, 16.072027726243793, 83.89752454537123, 50.63021319345769, 41.21545848941247, 24.40622429498696, 48.91556422706039, 77.82739575983881, 90.68044360760088, 49.71299930157428, 10.09737678844419, 67.97470587270462, 78.52031698886006, 42.183602343104916, 40.19083333409725, 74.68228879521463, 82.53026760205097, 67.76399981431722, 60.17411836237715, 51.08206005051316, 43.116444106934296, 82.52671473728884, 80.28508130772659, 53.836036034879996, 33.04386603333788, 59.411726486243644, 35.70816994832332, 13.881874727243597, 71.948300531174, 23.327178988576396, 75.53803388723347, 57.20763663989279, 80.38772708190288, 63.397404194598316, 42.01876882706816, 59.53790333575396, 42.48743599513671], [68.55112380667832, 61.556538530951556, 88.001074341958, 20.190985344432487, 63.77614405365355, 60.05667608059888, 44.04422203197608, 81.46315375235908, 15.387779619914433, 0.0, 74.88338726529977, 50.94102292642429, 49.63151454504676, 83.3731817749059, 42.653825772599546, 6.771545185256831, 36.197435557681366, 61.15764054340899, 45.11400715833587, 25.75676614832901, 32.86045479856619, 29.86751981439992, 44.18469350544585, 26.55943402313276, 59.99798039585262, 68.4255669308599, 19.88851927202812, 16.38571292369511, 20.184020128199357, 5.42674238703374, 82.07944780981965, 13.049796653698284, 79.83989329139439, 4.231114148826144, 32.74797545444162, 18.696953835062995, 71.9348998543696, 34.554007958242, 15.254450337948716, 76.76838791823224, 18.87987784958339, 66.9141869806522, 65.70550561050179, 81.99287389589756, 42.32257538597137, 56.876691972074426, 39.639856026709936, 60.30494579725773, 69.25156106396761, 43.25231875293655, 88.7666983716512, 69.96292470615943, 62.47591938999048, 30.332640783627124, 82.9713438915704, 49.482876360437565, 30.91101063027847, 10.561767802226795, 46.747715857366785, 67.80080817532391, 79.88176694537582, 48.37082298432938, 22.9905747897362, 58.342946082282154, 76.60313551135039, 57.5683016975731, 29.746543763324265, 69.35066237649495, 81.75188661374307, 63.14592829928625, 56.71149439590179, 54.81157585209943, 38.07381852090058, 75.83879780824601, 81.85064645583843, 40.02896911325668, 46.00993687859808, 62.12027349602471, 49.332757053985034, 20.501352633994518, 63.44774993652127, 21.223916730155025, 77.6284260528483, 54.46830047642546, 74.65746051603654, 55.14541708812217, 57.012043787904716, 68.45004186247107, 52.2844550635208], [28.243633232752835, 22.158931086029696, 68.75313410411863, 60.571664499696304, 17.237840155659253, 28.935612745024912, 102.35055524520835, 16.282694681250472, 83.73606246063154, 74.88338726529977, 0.0, 24.87839729435911, 41.45003661492102, 12.42503210645548, 75.73929101405503, 70.71469266397243, 90.31061448100856, 95.49532442621164, 35.29658423977084, 49.53075391248831, 43.12513716329398, 99.34506694326912, 41.14517707919644, 83.04618566932206, 26.27100474465246, 74.20371174312308, 72.19144268968957, 80.81230971215994, 79.52921712850323, 80.2396451056512, 7.2395364591081055, 72.81704350765014, 19.446278201715256, 76.69973234911903, 46.682830951470706, 68.60075554774394, 76.81298415094145, 51.837386906225206, 89.87287608941978, 19.379127963444244, 88.31827050873163, 43.640690876192394, 86.19783450278129, 15.793324385822988, 43.645863806565536, 24.24831517975984, 35.806502535512514, 75.90591449965281, 21.70488622855562, 99.19807303394408, 72.05331379457668, 22.986741969316967, 33.471880116128446, 99.0178658359638, 44.5649236727805, 44.581001443004496, 43.996361247245424, 64.99562825580055, 42.77991250962122, 9.809222256020517, 14.787950655293857, 44.45178738725366, 82.09227507109304, 16.818259573662804, 37.91722114404212, 114.72227739299588, 45.17310423798204, 20.838119068526538, 44.863425626411946, 26.10921492707394, 33.47508051292633, 60.05330895374216, 42.05702180148597, 12.915898152569985, 56.12145098819839, 44.265271999871125, 90.21630768981392, 56.56549516838345, 94.71694576641744, 94.68234543173973, 11.830660615178067, 61.12801006860531, 57.08610268852051, 37.10035095568233, 18.172295591626902, 20.38130887451318, 108.07788066075685, 83.67164101486613, 80.98080871110184], [33.94121121463112, 23.22448824464876, 72.44363047202627, 35.697296386327494, 21.354190288219073, 27.941678921953667, 83.39288345123626, 30.969908648780166, 61.39139369428499, 50.94102292642429, 24.87839729435911, 0.0, 21.809894722882277, 32.434049892336276, 61.06774174348698, 47.509106434884096, 65.9556391895192, 82.83435234079792, 11.957017799296349, 26.79649068417409, 18.42032802808109, 77.35913626176072, 28.419667756151938, 63.14775572349394, 14.919395990106818, 68.6755009938864, 51.660795208118934, 55.94903071986304, 54.666601158770895, 56.18107561379802, 31.79434432599323, 50.83986156494184, 36.57252869055677, 52.382358867708064, 27.73055708381243, 47.800279429925844, 71.98945677852087, 35.21642964707204, 66.1423079362603, 34.36737765215245, 65.97648707529862, 44.398458819168845, 77.02602389196232, 31.386234678407686, 30.105995504865668, 9.587253685440839, 15.169132145988522, 67.05487831311551, 29.94500767926454, 80.6928914874707, 75.08371069863207, 31.37173388831081, 33.653595030704146, 77.23228069264853, 53.56010259353964, 35.442965842235054, 20.27564349050952, 40.71080449771548, 31.955184120384168, 16.88049894101372, 29.28976377534043, 34.66837224086176, 61.509080882863316, 8.169923993182246, 45.699949650949954, 96.6127425874606, 21.37466423095688, 29.450450984547118, 53.13140205179587, 28.112282945576226, 29.467702101927443, 51.9457035347904, 25.04393460212158, 30.367207460439033, 60.89463891616595, 20.78118780115679, 74.18613724887472, 52.225939858633396, 78.75615899506546, 71.1885338675797, 15.24519102207527, 40.46224554792053, 59.645819288676925, 31.3048274577351, 32.121905764372336, 10.829931986466105, 91.39649102677035, 76.00100281248909, 68.48104645294609], [55.751076077024756, 45.03431208489256, 93.54968002777743, 29.756500735003613, 42.92810804461098, 49.5174463075262, 89.97731262554596, 38.95262187561075, 63.60136548708366, 49.63151454504676, 41.45003661492102, 21.809894722882277, 0.0, 43.537509842459, 73.79063939346314, 49.05549413199466, 51.56236356935875, 96.0476991315923, 11.250929035927633, 33.979152891473404, 21.89491744190432, 79.22429458564265, 46.32143669757845, 69.66611562887175, 15.907316897901579, 86.91743301948605, 58.29833731191179, 47.84019727350605, 44.84968475646951, 53.853435029012545, 46.84820389598463, 54.923604566810525, 57.079479138514806, 49.27215137280216, 40.706888207926895, 54.46393809433819, 90.42966583983782, 49.05998933649475, 64.20967764206664, 55.25459136761196, 67.82171751996349, 65.56717537482277, 92.96860078129266, 39.81802717285386, 47.22866304710968, 17.28424699038574, 30.515337021563486, 83.63627862795282, 51.5836342932182, 88.02087667711493, 96.01549267003165, 53.04198933718741, 55.127128873025455, 79.5127116113752, 75.36858500844663, 54.20415831589391, 27.37803202034943, 39.370145025289624, 50.336299001930904, 31.654819064720186, 37.941035625641845, 53.217698884554885, 67.08233429995796, 28.008588853662584, 67.50700307608473, 103.74194167665377, 27.707239905740487, 51.03725247749732, 74.92835880646719, 49.89619015342493, 50.47101074645055, 69.79471154560612, 40.6357813116081, 50.404909690137764, 82.3410720872714, 9.785207249681994, 84.74677652738019, 71.68497087456944, 89.14120907019138, 69.68051755706249, 35.43065711482484, 48.43630129307046, 80.750317251033, 51.709716038431836, 53.09121723980429, 32.63744211773786, 100.4280396224605, 92.87062116705525, 82.52682438797333], [40.33567686962389, 34.56076146822312, 80.17424417591612, 67.23274517022837, 29.627783259282424, 41.358771789794815, 113.50793640308498, 6.554946181854107, 93.44875798509884, 83.3731817749059, 12.42503210645548, 32.434049892336276, 43.537509842459, 0.0, 87.67539154160886, 79.83710379405318, 94.64295060046169, 107.7371395179353, 40.41707857272957, 58.844358351800885, 50.68904507939369, 109.29662681559567, 52.96274162207397, 93.83115846823168, 27.660919350789715, 86.59794732843669, 82.69054123226175, 87.41717759897259, 85.54280747405826, 88.59851583053357, 8.75951547720788, 82.68859924436464, 29.320405412388165, 84.73377139397302, 57.39658037696056, 78.97275762610256, 89.173016875649, 63.20612241299086, 98.57564264207416, 30.160787977579574, 98.04491898259573, 55.8519555104417, 98.61016264059981, 5.575060199687517, 55.402935860444295, 28.068832041521848, 45.697003926406346, 88.31494107902917, 33.803842623355166, 110.47204468066735, 83.55532582652121, 34.98843153587626, 45.85630307586958, 109.07386693649535, 55.340807029827, 56.83669102065202, 52.63793091086805, 73.09874516353506, 54.86079560703917, 15.641936049414118, 6.370943753907736, 56.65543363350444, 92.62448983051239, 25.48609171553728, 49.25361502539264, 126.14450312885212, 53.76185263503707, 32.94240380175253, 55.817398331199435, 38.51707544529326, 45.86903614400362, 72.45398006473117, 53.13937879162766, 23.884632886370895, 67.54428008591, 48.754031203260084, 102.00163942858165, 68.96592995269629, 106.53130030443437, 103.60511480063697, 23.027136437877065, 71.49252979682188, 68.87325756723149, 49.46403581375678, 29.45220467061296, 31.132457939869575, 119.80049937689414, 96.09625498428315, 93.1958055556875], [54.39808302865113, 54.378438673233624, 52.81428335762367, 54.04864522195437, 58.96608678898104, 48.62630110399953, 30.88396194807501, 89.00689259610022, 33.773302892595424, 42.653825772599546, 75.73929101405503, 61.06774174348698, 73.79063939346314, 87.67539154160886, 0.0, 36.6126963196782, 78.83758937889473, 22.259975010359625, 63.91493558954635, 40.04333198278238, 51.931937069246054, 40.04385417584093, 34.726522426311824, 21.247115045166282, 75.55422987083884, 28.321634843035323, 22.765330519190062, 59.039509797422255, 62.651296818403516, 45.20880976004559, 82.29116114590718, 29.608600161504626, 69.70845277529013, 46.84139536840349, 33.805334527177756, 24.581815465799608, 31.348738956207598, 25.864297650865982, 46.19659891694801, 66.65078889044285, 35.65676514188545, 43.40562736915113, 23.059722205043183, 89.05230588845993, 32.33958601040321, 70.46577061455018, 46.08631150873989, 18.80612130222896, 58.969453914542676, 27.071717673089836, 52.364314681695554, 58.71045377628998, 46.723058400759975, 38.795898249796494, 58.946000738914584, 31.885480475938067, 46.41263840156328, 44.610047714704706, 33.02184503113295, 73.6433503578763, 87.20166505059704, 31.717036921365498, 24.01436363387072, 64.25420585982086, 55.88231012475673, 40.60360911271673, 46.11948794301818, 59.574896286268725, 57.43513595374969, 52.219999748802316, 43.69364164019673, 22.254616690431444, 36.060622054304936, 69.43635536282719, 51.595982253977574, 64.95960444620418, 14.849894313203148, 30.928217887086667, 19.159818830070158, 46.801857348706996, 64.68815064302925, 26.965674495462807, 46.407003385955356, 39.9073667557921, 65.39098808292431, 57.10529864485141, 32.6921074549351, 25.99308467571041, 9.796865886019338], [62.639782443308334, 56.1403471069364, 81.23025472548612, 21.18899329123312, 58.66750523840798, 54.20704314568312, 41.79893959433358, 78.39078440139055, 14.597430168088625, 6.771545185256831, 70.71469266397243, 47.509106434884096, 49.05549413199466, 79.83710379405318, 36.6126963196782, 0.0, 42.34885777171113, 56.02819545958071, 43.119430984273976, 21.184077184842625, 30.18036149322462, 30.5041980375817, 38.0106786331603, 22.64834776483948, 57.86217687878582, 61.82471508836508, 14.02203051461011, 22.718309348523917, 26.064945851462944, 11.45888794194697, 77.94858308576728, 7.568730842231973, 74.46532490068536, 10.900056586886686, 26.859451835005178, 12.216558419080902, 65.35826736548626, 27.984280037652397, 19.40674758990329, 71.35052701952952, 18.983580172487038, 60.387000741516424, 59.6583159274722, 78.85302739457293, 36.034495878595656, 54.27598187764657, 35.01889442513818, 53.88085069755889, 63.69301590612216, 40.455996545413804, 81.99753567714366, 64.32634727002679, 56.33922088385136, 30.642126173342973, 76.54613789173911, 42.9744614702037, 27.233561200137803, 10.30725057683148, 40.37576005720932, 64.19714362315341, 76.74777630979213, 41.88271712699232, 19.363004567369103, 54.49331481177234, 70.32184477197019, 55.56262965215825, 26.14191680843727, 63.8424831174608, 75.3028382278451, 57.40807432542458, 50.65632250881528, 48.047362981150314, 32.249895501813505, 70.7957855292512, 75.15574287862056, 39.27851705049763, 41.3630656193953, 55.354727487395316, 45.01646051626378, 23.98204352401077, 59.07601022444019, 14.52303845261802, 70.89771320990685, 48.249582896090715, 69.29156726689047, 50.62098812104585, 53.878429434795414, 62.191484554704886, 46.34723117907904], [94.23883849072698, 84.8785236106445, 121.22972835107596, 32.85140000241425, 85.24409756538837, 85.92558094210129, 75.55465360865274, 90.4385307364663, 48.5102463084494, 36.197435557681366, 90.31061448100856, 65.9556391895192, 51.56236356935875, 94.64295060046169, 78.83758937889473, 42.34885777171113, 0.0, 96.87544929721311, 55.029572393445015, 51.53149852644107, 49.728429028823975, 56.6976268898974, 73.149250580918, 61.66750128676337, 67.10158775691033, 103.85348483922506, 56.07643953035773, 19.83515523422257, 16.380797382244733, 34.46179858577305, 96.67463668894388, 49.246106866768024, 101.60780355351004, 32.050534396836035, 61.61833079675167, 54.561055271684936, 107.44080742136988, 66.6010177246447, 38.916888074521495, 98.98070542020967, 49.75862938223057, 97.03192564079703, 101.89513315052967, 91.2745975774838, 72.08226818843897, 66.83394100266382, 62.099848577590556, 96.1931673010163, 92.78065364440965, 75.88697741670649, 122.45263912235899, 93.90131831170302, 89.93795601845744, 57.87196096211496, 111.70325018832926, 80.19109520152801, 52.06602686036455, 36.648774187725344, 76.68570276521945, 81.04694532359146, 89.34101849530532, 78.990917477759, 58.03098616354474, 74.0845251699532, 104.40762474925208, 87.6888462613251, 51.05144788157123, 92.58140018309338, 110.72287429815931, 88.14394181167997, 84.02802169657431, 89.0456687075732, 65.93488314812153, 95.95704039517253, 113.38424390362161, 46.15729220601661, 81.3533051825899, 95.37878534776577, 84.20606715421218, 42.75215892906188, 81.12107049277272, 55.126145974822066, 109.80017331910842, 82.93547496983372, 96.70226474379048, 74.61443733973701, 89.6731182715055, 104.53732569559695, 88.48188557615049], [71.31347514695197, 73.49934523848957, 56.322272549653, 75.21746665728237, 78.33186566508401, 67.10093550929776, 30.231041092105176, 109.65128838933676, 48.77009988763592, 61.15764054340899, 95.49532442621164, 82.83435234079792, 96.0476991315923, 107.7371395179353, 22.259975010359625, 56.02819545958071, 96.87544929721311, 0.0, 86.14515403256453, 62.24358868273806, 74.1801844942362, 47.95051161041279, 55.442794307158245, 35.28593421478855, 97.4922472734378, 30.4201475523761, 42.13312665990315, 77.15621664845314, 81.29576264979984, 62.42095615882964, 101.62848604916329, 48.508991352606415, 86.72811086772977, 65.08576867021497, 55.944022950731664, 44.93322245037462, 31.214844972794925, 47.829421649865665, 60.327138578212775, 83.89608308666021, 48.76980182147996, 57.66188058736278, 15.324203382420844, 109.60905359788323, 53.275847325266255, 92.32707177682822, 68.04237466283418, 22.41220836179534, 76.77981279390019, 27.101072065518697, 54.488106991167456, 76.22449976540237, 63.963638606833925, 46.457672251261265, 70.65486651949136, 50.91502248506283, 68.67024066123527, 65.1471184737255, 52.99453514454328, 94.4460659005708, 107.85261603014432, 51.08345981053073, 38.901603702498356, 85.40997516585087, 69.7721497622353, 31.800157684186594, 68.36577751316179, 77.49480764727136, 69.1527463211906, 70.46490118159386, 62.276751647292954, 36.47605963355065, 57.800652757461904, 87.66192352071583, 59.99750366976357, 87.16739894582763, 15.806214814522535, 43.09746721800292, 14.444091538529017, 59.069579016368, 85.037542690674, 48.68846080009885, 54.881166916951166, 58.53460679363015, 83.01140250396692, 77.98017985459727, 21.65335986432157, 20.785049066232155, 14.573898461938047], [45.401554076214886, 34.741487760152054, 82.41783829150616, 27.10537267058882, 33.24772715844305, 38.717246777492896, 82.41169705599988, 37.28113576892701, 57.647969124484305, 45.11400715833587, 35.29658423977084, 11.957017799296349, 11.250929035927633, 40.41707857272957, 63.91493558954635, 43.119430984273976, 55.029572393445015, 86.14515403256453, 0.0, 25.068379006406115, 13.266279229890612, 73.62031776926732, 35.13935787896938, 61.94105801568877, 14.885004327465658, 75.80596699460659, 50.36137704196003, 47.10074116359541, 45.12572959573415, 49.95637851063087, 41.67619041333092, 47.979053675392954, 48.48467935904546, 45.69151724425195, 30.30757994314334, 46.44467574111999, 79.29569083450723, 38.61591133049342, 60.28221113620024, 46.31910120911703, 62.097129250509575, 54.49153652963974, 82.31404098097407, 37.95259502419378, 36.13882101876349, 12.412207545594415, 19.40561304140681, 72.81254276087547, 41.774041229449686, 80.14386799480296, 84.84050925034758, 43.17169698966729, 44.22522916022515, 73.7199951248748, 64.91682586063158, 42.97985568730073, 18.00773106572386, 34.5524694330493, 39.129411111995736, 26.06208278522913, 35.87629513046636, 42.00593661741197, 59.70968309533523, 19.556628071369175, 57.05432793483604, 96.03919221479565, 18.64849042397054, 41.31289490910619, 64.39250168856685, 39.39144447680686, 39.38964169653451, 58.7054176889205, 29.69968352728006, 42.16606424082879, 71.35771039709782, 9.035056828797595, 75.64760622907313, 60.441873504060105, 80.13077951138699, 65.60824685934372, 26.965008982436483, 39.7840167496762, 69.63035309208698, 40.50836871483923, 44.076752182760636, 22.510402225050218, 91.97061901026171, 82.01083051129663, 72.32178835674611], [43.986645066068306, 36.10435074755143, 70.57020016302785, 19.144322008986972, 38.067347156702944, 35.45555381078203, 57.51981432824866, 57.76092130036012, 34.63494700586441, 25.75676614832901, 49.53075391248831, 26.79649068417409, 33.979152891473404, 58.844358351800885, 40.04333198278238, 21.184077184842625, 51.53149852644107, 62.24358868273806, 25.068379006406115, 0.0, 12.127923287054283, 50.57164127138764, 21.624247949020344, 37.06001944061016, 38.79659479286795, 57.18525117365745, 25.453970685479806, 35.656638594264315, 36.39564391099539, 31.182305629055357, 56.76519355799511, 24.048732730794875, 54.272350624792786, 28.240090563665184, 10.376112576287222, 21.53049798891464, 60.84823264405121, 17.378477472225576, 40.43087743364486, 51.25034916927547, 39.22788328662926, 45.50506376268567, 60.51365471637869, 58.15864416387245, 20.702015781135994, 34.52902998144142, 13.91138162597159, 51.99617880389954, 43.942132414936204, 55.14234288327641, 72.15775644205006, 44.77352648565989, 38.810535006052135, 50.4358430825704, 60.366547415016726, 28.920243864623792, 7.115894370201549, 17.079909417026208, 25.25936328742579, 43.21029963641955, 56.06908400762947, 27.716068126955065, 35.072014165682006, 33.405434059111464, 53.296484866201084, 71.06600417313261, 6.426131552932155, 43.969479632125335, 59.32857588602169, 38.22048559774486, 32.8778492552207, 40.53304670034346, 14.4104505463518, 50.09648718324302, 61.997978720451236, 24.923824898775095, 50.8150118950928, 45.276124376311294, 55.24663238539036, 45.15839460794292, 37.90661049539561, 14.716209012399702, 58.659939396396354, 31.475028798412406, 49.095676023236464, 29.4899792513133, 66.91217558670506, 61.231832873102015, 49.131918772547415], [44.89968656046148, 35.196622274449844, 77.21035841583239, 17.74316976486744, 35.56962115268194, 36.87828927137598, 69.16860389891077, 48.60328687596629, 44.59356201505025, 32.86045479856619, 43.12513716329398, 18.42032802808109, 21.89491744190432, 50.68904507939369, 51.931937069246054, 30.18036149322462, 49.728429028823975, 74.1801844942362, 13.266279229890612, 12.127923287054283, 0.0, 60.60804062526982, 27.70825791818281, 48.703932844727966, 27.732459465322396, 66.90159305230665, 37.14278133487212, 37.79368814392157, 36.93471705406898, 37.98302063102933, 50.15031869899606, 34.74350554122247, 52.014519943561304, 34.04607766866846, 19.522932409201136, 33.23461913999365, 70.51320918096468, 27.757085093186948, 48.11447475635618, 49.31196138934543, 49.09208104497408, 50.29620847383494, 71.6593366339312, 49.13890766345603, 27.854070093149154, 24.128928242848946, 13.097199626008656, 62.67522671396474, 43.06954408131928, 66.94580899700259, 79.21247918736768, 44.217431272544395, 41.52824850411311, 60.65306109611593, 63.30761334202763, 35.76171175365011, 5.615116450401005, 22.44597380277095, 31.802818508511795, 35.25952477842766, 47.02794302809364, 34.626802473294674, 46.44453474327999, 26.30878813909041, 55.68520224744764, 82.82007295888698, 5.815580310739207, 42.85720536695111, 62.50101293582182, 38.73095246314392, 35.851345701824805, 49.844139749283414, 20.85514062556197, 46.67517619139373, 67.32420143839326, 13.238813171427287, 62.94293511962107, 53.17566707883166, 67.37224427258539, 53.29823927073093, 32.47605173789273, 26.762563640637442, 64.72072141367968, 35.71636015147211, 47.039602064694975, 25.149323768240833, 78.94694036686057, 71.94591569949556, 60.79603418746905], [86.2166714432371, 82.04923952567411, 92.81058320752726, 50.05112698001008, 85.4490886783394, 78.46625750454274, 20.043259614512557, 108.32855352378228, 16.027732794476968, 29.86751981439992, 99.34506694326912, 77.35913626176072, 79.22429458564265, 109.29662681559567, 40.04385417584093, 30.5041980375817, 56.6976268898974, 47.95051161041279, 73.62031776926732, 50.57164127138764, 60.60804062526982, 0.0, 61.6792750801171, 19.749243873076793, 88.32999548971897, 68.07526727414296, 27.789291186247382, 39.80226971288334, 44.66577317372094, 26.76112754601492, 106.56069245511827, 26.608442105055317, 99.98029647394581, 31.37672968279835, 52.968113284658415, 30.991207720907997, 70.81352196267952, 49.98