instance_id,num_cities,city_coordinates,distance_matrix,best_route,total_distance
468,32,"[[72.54134488580367, 31.15679437363983], [40.74131765826016, 7.039848249226344], [18.169215832402763, 98.65388013005949], [94.84461038752022, 42.22799117647038], [87.65339212631406, 5.946141877387134], [8.534923853636345, 12.565376151891384], [16.838320550931705, 9.584228385551885], [1.7311958076604794, 70.0177865990973], [90.30635722105589, 80.77022113881834], [64.91253023523976, 25.50291092749325], [61.05965518238349, 77.17988270010409], [14.820769728265804, 77.64282157973062], [9.982376057145803, 95.70570690851706], [5.003504761367594, 39.500807207998136], [86.06662074453692, 57.70250797940366], [44.224914127494806, 78.16217970713497], [4.34416973579027, 82.26997753646353], [37.734963841707405, 33.777281704293635], [83.27432153036189, 40.62243388138531], [51.81555230777427, 4.176460145059313], [5.1913313400803744, 88.20512920036401], [97.48965440487041, 40.061110292898924], [48.968252512116436, 25.806500908534247], [92.59396155251883, 77.61881648585742], [94.11123133868676, 99.44973908600223], [3.4964003068463034, 19.72225407930317], [38.830644680191014, 53.686126332676565], [48.4148664833818, 72.821727539656], [97.92900700735333, 62.095486713429494], [81.43447462906776, 29.02362924801558], [47.30355813465451, 64.83979696927037], [22.78613460027248, 0.5456494698813263]]","[[0.0, 39.91076072991307, 86.67286197772145, 24.89994077677827, 29.39304290280661, 66.6518024125607, 59.73443331414258, 80.7728539127839, 52.698081356491485, 9.495536372173447, 47.433678515914785, 74.11218200756466, 89.88985866236645, 68.05132180093068, 29.79275076078185, 54.875554678203116, 85.22565453827838, 34.90488669566112, 14.310664517877022, 34.022006305822295, 88.26401775985015, 26.489714793653913, 24.17263585588346, 50.6046137613797, 71.61833772907646, 69.98537764171958, 40.54604921411168, 48.14616927473174, 40.02169501275686, 9.145389553414773, 42.089078677891415, 58.41766122395118], [39.91076072991307, 0.0, 94.35375253957412, 64.53969078649322, 46.92482205106415, 32.67695304800681, 24.038035298066276, 74.08110640101687, 88.84177527098268, 30.415985943302072, 73.02368980347758, 75.21073492593351, 93.84959765609058, 48.27944828989212, 67.97858626654853, 71.20759423242077, 83.57227249192508, 26.905919628112564, 54.19267917464047, 11.4384292849842, 88.60927919298227, 65.65651125717514, 20.490722513486524, 87.57903536904355, 106.71427088595519, 39.3449779025534, 46.6853931146316, 66.22793213253894, 79.38233518730367, 46.25169890126755, 58.17127359882838, 19.093538604237143], [86.67286197772145, 94.35375253957412, 0.0, 95.19977455007815, 115.85670238345882, 86.62592048071517, 89.07959443182321, 33.01869705254649, 74.32087477042728, 86.81014765934489, 47.96584569520385, 21.27619967751896, 8.701498195710283, 60.60051141804569, 79.29106175871155, 33.148291055011384, 21.437447697193356, 67.76275908241703, 87.2142393285362, 100.28987409123629, 16.661388954312123, 98.61462697044027, 79.09058932542516, 77.34026556729404, 75.94618562267914, 80.28382842430625, 49.48730669186052, 39.775614272503184, 87.7390472792862, 94.07903490419837, 44.63409147041685, 98.21680539591904], [24.89994077677827, 64.53969078649322, 95.19977455007815, 0.0, 36.987649406818115, 91.26463016784582, 84.561199750356, 97.17191314547786, 38.808494331440336, 34.287865660861236, 48.61129415365274, 87.51014390543205, 100.30685368139592, 89.88248879802676, 17.790833944944417, 62.077528581722525, 98.96307609311248, 57.73150109923357, 11.681155699068613, 57.440568007851304, 100.75518678870225, 3.4193026507326674, 48.726846342976515, 35.462317130413844, 57.22644737052336, 94.0797729973332, 57.17388578293188, 55.60303789959668, 20.105493811879583, 18.81985427674061, 52.64451928283713, 83.24566981486919], [29.39304290280661, 46.92482205106415, 115.85670238345882, 36.987649406818115, 0.0, 79.39487567970292, 70.90846236992743, 107.18115262286695, 74.87109629967267, 29.993566230578583, 76.03599592456845, 102.20080609132744, 118.69947873430041, 89.2015663925676, 51.780684386207106, 84.26855179200304, 112.9856381361253, 57.15261871926989, 34.95170219647222, 35.881506884369436, 116.47545863620442, 35.504691599898706, 43.48532957005189, 71.84275545792221, 93.72633769780931, 85.27708097432594, 68.2844549218868, 77.53712563864174, 57.081846384820395, 23.90073969941248, 71.39027744193314, 65.09167701936498], [66.6518024125607, 32.67695304800681, 86.62592048071517, 91.26463016784582, 79.39487567970292, 0.0, 8.822337486029792, 57.853869200925665, 106.48224356508024, 57.84301433525848, 83.26993369533864, 65.38031631747425, 83.15292969103712, 27.16594130494138, 89.71357028006803, 74.67741320113686, 69.83046523014393, 36.09137393434867, 79.83217430031505, 44.08612833029021, 75.71361734939515, 93.10724721199539, 42.546227226696004, 106.29144800098936, 121.95161714894228, 8.752577974484531, 51.075892511351014, 72.25813246076562, 102.19850270494112, 74.73432008278249, 65.08165698418996, 18.643251788656983], [59.73443331414258, 24.038035298066276, 89.07959443182321, 84.561199750356, 70.90846236992743, 8.822337486029792, 0.0, 62.29317921216368, 102.29857269987112, 50.641229158087455, 80.77560843967241, 68.08849108985125, 86.39394097900283, 32.172419138332685, 84.30851901657395, 73.84416642628764, 73.75175885509954, 31.968320720760456, 73.32879670729933, 35.392805747987204, 79.47891797583945, 86.21761991155783, 35.992980616229445, 101.82152189758108, 118.51967243907278, 16.756682272057827, 49.281230941860635, 70.68280945385129, 96.60813465309626, 67.45778996956429, 63.09761136954943, 10.820000036060069], [80.7728539127839, 74.08110640101687, 33.01869705254649, 97.17191314547786, 107.18115262286695, 57.853869200925665, 62.29317921216368, 0.0, 89.22541155937604, 77.28813088765948, 59.75919772167474, 15.148534710620455, 26.980571256602342, 30.69192136451029, 85.22986557987876, 43.26716117038042, 12.527721880484297, 51.08468956233118, 86.67968685930393, 82.72558875739534, 18.513561753443486, 100.3348635730767, 64.69912911711079, 91.18013958173361, 96.95519992194903, 50.326499365380215, 40.535074117402246, 46.767800809502944, 96.52347753313803, 89.62775012131142, 45.865583880175556, 72.59261866650925], [52.698081356491485, 88.84177527098268, 74.32087477042728, 38.808494331440336, 74.87109629967267, 106.48224356508024, 102.29857269987112, 89.22541155937604, 0.0, 60.82205214377761, 29.466253753122295, 75.55034445410458, 81.70073858415881, 94.761496209973, 23.454098912457894, 46.15518689913936, 85.97526938895996, 70.51303254394264, 40.75897873626492, 85.72132923631894, 85.4391332388313, 41.33801475998033, 68.77390088165846, 3.894160354175437, 19.063091506630872, 106.12644770059241, 58.16611705329684, 42.63889710957073, 20.170535333087813, 52.50161971824599, 45.85868667425095, 104.8568660709663], [9.495536372173447, 30.415985943302072, 86.81014765934489, 34.287865660861236, 29.993566230578583, 57.84301433525848, 50.641229158087455, 77.28813088765948, 60.82205214377761, 0.0, 51.8204019451812, 72.30321399157393, 89.13896118747641, 61.52261725177852, 38.526738709381235, 56.57716896971761, 83.01220479531031, 28.40924720626767, 23.785612330122845, 25.02695214779649, 86.59208840196612, 35.68207095904653, 15.947167741911887, 59.01126377177135, 79.50281467239066, 61.687575807271216, 38.39997896720286, 50.11230701978165, 49.28594466065354, 16.892900995542664, 43.09833525674686, 48.96425337588016], [47.433678515914785, 73.02368980347758, 47.96584569520385, 48.61129415365274, 76.03599592456845, 83.26993369533864, 80.77560843967241, 59.75919772167474, 29.466253753122295, 51.8204019451812, 0.0, 46.2412028438414, 54.33318144042792, 67.54261417774248, 31.69726254169763, 16.863374923044802, 56.943439963580175, 49.27298447769667, 42.77778003923587, 73.58636519564463, 56.94581344875098, 52.00911562763102, 52.777138755686074, 31.53736103598135, 39.85414896675682, 81.33208099263129, 32.343244984982945, 13.374759722886282, 39.83576416081675, 52.289176834472826, 18.479932949847623, 85.66018958964224], [74.11218200756466, 75.21073492593351, 21.27619967751896, 87.51014390543205, 102.20080609132744, 65.38031631747425, 68.08849108985125, 15.148534710620455, 75.55034445410458, 72.30321399157393, 46.2412028438414, 0.0, 18.699675925470537, 39.3851742634679, 73.9836968089057, 29.408730688610337, 11.452934979745024, 49.4898563387694, 77.82286206288, 82.25521381988418, 14.292950218368125, 90.81040423277788, 62.07297899408788, 77.77319552890052, 82.2345362577, 59.01723038540824, 33.917507903254155, 33.93827167867183, 84.54997767641348, 82.46945824727737, 34.91488195354914, 77.50755437297659], [89.88985866236645, 93.84959765609058, 8.701498195710283, 100.30685368139592, 118.69947873430041, 83.15292969103712, 86.39394097900283, 26.980571256602342, 81.70073858415881, 89.13896118747641, 54.33318144042792, 18.699675925470537, 0.0, 56.42499366172154, 85.04737161427488, 38.475014751978115, 14.570799370015203, 67.86262577453729, 91.68356580451274, 100.63606534588924, 8.90015592205906, 103.70074684562795, 80.03622656266515, 84.56837271238359, 84.21212542103724, 76.25977304767466, 50.96928245832902, 44.72955211174354, 94.15018214031385, 97.73383176491548, 48.43113696827945, 96.01756487515782], [68.05132180093068, 48.27944828989212, 60.60051141804569, 89.88248879802676, 89.2015663925676, 27.16594130494138, 32.172419138332685, 30.69192136451029, 94.761496209973, 61.52261725177852, 67.54261417774248, 39.3851742634679, 56.42499366172154, 0.0, 83.0814701595521, 55.072866968974346, 42.774252223285416, 33.22810794672961, 78.27885285362792, 58.64449923829169, 48.70468416445923, 92.48784685258569, 46.04816033035969, 95.52523620588174, 107.3967474791106, 19.835889889325543, 36.68103970386642, 54.72504050531393, 95.63298860551133, 77.14573489780517, 49.30881176326175, 42.8220298256525], [29.79275076078185, 67.97858626654853, 79.29106175871155, 17.790833944944417, 51.780684386207106, 89.71357028006803, 84.30851901657395, 85.22986557987876, 23.454098912457894, 38.526738709381235, 31.69726254169763, 73.9836968089057, 85.04737161427488, 83.0814701595521, 0.0, 46.5760300995389, 85.33533593602394, 53.92926396019181, 17.30681559661626, 63.54662450377926, 86.43623278234644, 21.016769740817132, 48.92488316361335, 20.958662231826448, 42.51525684597541, 90.88641806917533, 47.406421044871394, 40.57394975909456, 12.649682604945422, 29.050557015739297, 39.41466626805987, 85.2720728101059], [54.875554678203116, 71.20759423242077, 33.148291055011384, 62.077528581722525, 84.26855179200304, 74.67741320113686, 73.84416642628764, 43.26716117038042, 46.15518689913936, 56.57716896971761, 16.863374923044802, 29.408730688610337, 38.475014751978115, 55.072866968974346, 46.5760300995389, 0.0, 40.09174199561687, 44.85686820805283, 54.16722934742905, 74.37408478160938, 40.30485603181688, 65.48911396044927, 52.5701090116168, 48.372099317627935, 54.23840732547801, 71.2322732013044, 25.063426175594024, 6.78794004818353, 56.055938274213695, 61.637233341087274, 13.67347544470582, 80.52295966795654], [85.22565453827838, 83.57227249192508, 21.437447697193356, 98.96307609311248, 112.9856381361253, 69.83046523014393, 73.75175885509954, 12.527721880484297, 85.97526938895996, 83.01220479531031, 56.943439963580175, 11.452934979745024, 14.570799370015203, 42.774252223285416, 85.33533593602394, 40.09174199561687, 0.0, 58.87687729571854, 89.2439732128493, 91.38998644193585, 5.995307169552205, 102.2627487808865, 71.96827743208202, 88.37227537420662, 91.39622287445594, 62.553468510371665, 44.79233755600408, 45.07211709938139, 95.73469510639089, 93.69145486432147, 46.36076192438417, 83.77930452084901], [34.90488669566112, 26.905919628112564, 67.76275908241703, 57.73150109923357, 57.15261871926989, 36.09137393434867, 31.968320720760456, 51.08468956233118, 70.51303254394264, 28.40924720626767, 49.27298447769667, 49.4898563387694, 67.86262577453729, 33.22810794672961, 53.92926396019181, 44.85686820805283, 58.87687729571854, 0.0, 46.05094143470638, 32.779133736759526, 63.41512910541498, 60.08418715461111, 13.773892726705352, 70.22527893741598, 86.55145981116264, 37.011120416301445, 19.93897216350211, 40.47874838759456, 66.52250421900165, 43.95730263255131, 32.50288989197626, 36.43911190812437], [14.310664517877022, 54.19267917464047, 87.2142393285362, 11.681155699068613, 34.95170219647222, 79.83217430031505, 73.32879670729933, 86.67968685930393, 40.75897873626492, 23.785612330122845, 42.77778003923587, 77.82286206288, 91.68356580451274, 78.27885285362792, 17.30681559661626, 54.16722934742905, 89.2439732128493, 46.05094143470638, 0.0, 48.14522990483056, 91.43886619416472, 14.22641110414267, 37.368679951807714, 38.15216921695379, 59.81714178921387, 82.47020207629433, 46.32386504194505, 47.454990446358494, 25.99714992758446, 11.743819887212199, 43.36330815563337, 72.56010892257265], [34.022006305822295, 11.4384292849842, 100.28987409123629, 57.440568007851304, 35.881506884369436, 44.08612833029021, 35.392805747987204, 82.72558875739534, 85.72132923631894, 25.02695214779649, 73.58636519564463, 82.25521381988418, 100.63606534588924, 58.64449923829169, 63.54662450377926, 74.37408478160938, 91.38998644193585, 32.779133736759526, 48.14522990483056, 0.0, 96.09700933978263, 58.084694357539725, 21.81663996943481, 84.00391875038115, 104.23973400217734, 50.75837033568704, 51.18412714998822, 68.72945074530935, 74.0342106256135, 38.66086356906326, 60.830901078859156, 29.255595680067852], [88.26401775985015, 88.60927919298227, 16.661388954312123, 100.75518678870225, 116.47545863620442, 75.71361734939515, 79.47891797583945, 18.513561753443486, 85.4391332388313, 86.59208840196612, 56.94581344875098, 14.292950218368125, 8.90015592205906, 48.70468416445923, 86.43623278234644, 40.30485603181688, 5.995307169552205, 63.41512910541498, 91.43886619416472, 96.09700933978263, 0.0, 104.10008163846321, 76.22340611652432, 88.04140948974853, 89.62806406055167, 68.50384643254884, 48.199221580577, 45.879440242214024, 96.34308443766915, 96.5166661007045, 48.15992520620263, 89.40783795833434], [26.489714793653913, 65.65651125717514, 98.61462697044027, 3.4193026507326674, 35.504691599898706, 93.10724721199539, 86.21761991155783, 100.3348635730767, 41.33801475998033, 35.68207095904653, 52.00911562763102, 90.81040423277788, 103.70074684562795, 92.48784685258569, 21.016769740817132, 65.48911396044927, 102.2627487808865, 60.08418715461111, 14.22641110414267, 58.084694357539725, 104.10008163846321, 0.0, 50.571932238534906, 37.875441950968174, 59.48464484502821, 96.1686065616688, 60.22059850220877, 59.005023954978626, 22.038756202448045, 19.483192383423752, 55.96988093831508, 84.51087217187735], [24.17263585588346, 20.490722513486524, 79.09058932542516, 48.726846342976515, 43.48532957005189, 42.546227226696004, 35.992980616229445, 64.69912911711079, 68.77390088165846, 15.947167741911887, 52.777138755686074, 62.07297899408788, 80.03622656266515, 46.04816033035969, 48.92488316361335, 52.5701090116168, 71.96827743208202, 13.773892726705352, 37.368679951807714, 21.81663996943481, 76.22340611652432, 50.571932238534906, 0.0, 67.73269915455882, 86.37832521298068, 45.87709016989786, 29.665545778636847, 47.01848329404659, 60.942973110037464, 32.62522786586958, 39.06877792733516, 36.38150510569063], [50.6046137613797, 87.57903536904355, 77.34026556729404, 35.462317130413844, 71.84275545792221, 106.29144800098936, 101.82152189758108, 91.18013958173361, 3.894160354175437, 59.01126377177135, 31.53736103598135, 77.77319552890052, 84.56837271238359, 95.52523620588174, 20.958662231826448, 48.372099317627935, 88.37227537420662, 70.22527893741598, 38.15216921695379, 84.00391875038115, 88.04140948974853, 37.875441950968174, 67.73269915455882, 0.0, 21.883584925179218, 106.25623444496046, 58.84953609912732, 44.4387725245153, 16.414520316740834, 49.86006790083204, 47.058729068667056, 103.98752702928999], [71.61833772907646, 106.71427088595519, 75.94618562267914, 57.22644737052336, 93.72633769780931, 121.95161714894228, 118.51967243907278, 96.95519992194903, 19.063091506630872, 79.50281467239066, 39.85414896675682, 82.2345362577, 84.21212542103724, 107.3967474791106, 42.51525684597541, 54.23840732547801, 91.39622287445594, 86.55145981116264, 59.81714178921387, 104.23973400217734, 89.62806406055167, 59.48464484502821, 86.37832521298068, 21.883584925179218, 0.0, 120.69597950396864, 71.7652528285368, 52.888644905135344, 37.54884261026054, 71.55792833493035, 58.213455180903054, 121.93969151813461], [69.98537764171958, 39.3449779025534, 80.28382842430625, 94.0797729973332, 85.27708097432594, 8.752577974484531, 16.756682272057827, 50.326499365380215, 106.12644770059241, 61.687575807271216, 81.33208099263129, 59.01723038540824, 76.25977304767466, 19.835889889325543, 90.88641806917533, 71.2322732013044, 62.553468510371665, 37.011120416301445, 82.47020207629433, 50.75837033568704, 68.50384643254884, 96.1686065616688, 45.87709016989786, 106.25623444496046, 120.69597950396864, 0.0, 49.01074824850881, 69.55014511429346, 103.50366202274407, 78.49113968522343, 62.88608553073189, 27.19992671786233], [40.54604921411168, 46.6853931146316, 49.48730669186052, 57.17388578293188, 68.2844549218868, 51.075892511351014, 49.281230941860635, 40.535074117402246, 58.16611705329684, 38.39997896720286, 32.343244984982945, 33.917507903254155, 50.96928245832902, 36.68103970386642, 47.406421044871394, 25.063426175594024, 44.79233755600408, 19.93897216350211, 46.32386504194505, 51.18412714998822, 48.199221580577, 60.22059850220877, 29.665545778636847, 58.84953609912732, 71.7652528285368, 49.01074824850881, 0.0, 21.401601368246027, 59.69366609420078, 49.22727992448617, 14.006949385088934, 55.50978819010106], [48.14616927473174, 66.22793213253894, 39.775614272503184, 55.60303789959668, 77.53712563864174, 72.25813246076562, 70.68280945385129, 46.767800809502944, 42.63889710957073, 50.11230701978165, 13.374759722886282, 33.93827167867183, 44.72955211174354, 54.72504050531393, 40.57394975909456, 6.78794004818353, 45.07211709938139, 40.47874838759456, 47.454990446358494, 68.72945074530935, 45.879440242214024, 59.005023954978626, 47.01848329404659, 44.4387725245153, 52.888644905135344, 69.55014511429346, 21.401601368246027, 0.0, 50.662632719686094, 54.85041418311119, 8.058921880525189, 76.68548336604827], [40.02169501275686, 79.38233518730367, 87.7390472792862, 20.105493811879583, 57.081846384820395, 102.19850270494112, 96.60813465309626, 96.52347753313803, 20.170535333087813, 49.28594466065354, 39.83576416081675, 84.54997767641348, 94.15018214031385, 95.63298860551133, 12.649682604945422, 56.055938274213695, 95.73469510639089, 66.52250421900165, 25.99714992758446, 74.0342106256135, 96.34308443766915, 22.038756202448045, 60.942973110037464, 16.414520316740834, 37.54884261026054, 103.50366202274407, 59.69366609420078, 50.662632719686094, 0.0, 36.95696625253438, 50.699776255350045, 97.13307231985459], [9.145389553414773, 46.25169890126755, 94.07903490419837, 18.81985427674061, 23.90073969941248, 74.73432008278249, 67.45778996956429, 89.62775012131142, 52.50161971824599, 16.892900995542664, 52.289176834472826, 82.46945824727737, 97.73383176491548, 77.14573489780517, 29.050557015739297, 61.637233341087274, 93.69145486432147, 43.95730263255131, 11.743819887212199, 38.66086356906326, 96.5166661007045, 19.483192383423752, 32.62522786586958, 49.86006790083204, 71.55792833493035, 78.49113968522343, 49.22727992448617, 54.85041418311119, 36.95696625253438, 0.0, 49.474410870526434, 65.19680299199506], [42.089078677891415, 58.17127359882838, 44.63409147041685, 52.64451928283713, 71.39027744193314, 65.08165698418996, 63.09761136954943, 45.865583880175556, 45.85868667425095, 43.09833525674686, 18.479932949847623, 34.91488195354914, 48.43113696827945, 49.30881176326175, 39.41466626805987, 13.67347544470582, 46.36076192438417, 32.50288989197626, 43.36330815563337, 60.830901078859156, 48.15992520620263, 55.96988093831508, 39.06877792733516, 47.058729068667056, 58.213455180903054, 62.88608553073189, 14.006949385088934, 8.058921880525189, 50.699776255350045, 49.474410870526434, 0.0, 68.810184271207], [58.41766122395118, 19.093538604237143, 98.21680539591904, 83.24566981486919, 65.09167701936498, 18.643251788656983, 10.820000036060069, 72.59261866650925, 104.8568660709663, 48.96425337588016, 85.66018958964224, 77.50755437297659, 96.01756487515782, 42.8220298256525, 85.2720728101059, 80.52295966795654, 83.77930452084901, 36.43911190812437, 72.56010892257265, 29.255595680067852, 89.40783795833434, 84.51087217187735, 36.38150510569063, 103.98752702928999, 121.93969151813461, 27.19992671786233, 55.50978819010106, 76.68548336604827, 97.13307231985459, 65.19680299199506, 68.810184271207, 0.0]]",Route_3,2037.7063840675366
