instance_id,num_cities,city_coordinates,distance_matrix,best_route,total_distance
284,98,"[[99.49455283238807, 51.263361644001456], [53.7109234853156, 51.85042186140496], [28.479624826875106, 42.494316589574964], [6.792266267827019, 78.76985249544036], [69.58528845075314, 6.821793890737826], [56.19734201755213, 20.152638102559738], [54.46212309332423, 31.30951861868092], [69.26653234421988, 48.97517894472176], [28.69251924990043, 74.1242104814247], [79.20641604201639, 81.65198615701831], [22.67321229974264, 77.4364658510083], [64.90005078209869, 45.217787295800484], [37.83640316769373, 48.56731742741881], [95.47818157780014, 64.96340942761017], [49.59011626646217, 55.59974848972702], [28.744430098287243, 17.292097690474463], [63.13459250698125, 9.950726957118816], [59.912087831517184, 73.26894560862557], [20.179228113826454, 37.897469697183695], [9.586084301191878, 26.91944992819887], [73.23489769382357, 10.874541447149145], [24.42327939948261, 2.023829928751253], [24.110752684609004, 33.89379040147964], [38.56872854047393, 81.80299921188005], [86.37344085226313, 20.69919823231863], [62.102548276840864, 48.82629925746862], [66.37041244946758, 28.48995046665408], [95.32177675420115, 56.059801979000156], [71.87607481355758, 12.81180532881402], [63.47093991161218, 42.871011020160665], [56.89652232925546, 16.00748538590395], [79.42405114745158, 39.388897301630344], [40.72174380989437, 97.88037596355585], [79.53582637778304, 55.59696274099449], [75.44336137984851, 51.500705039203055], [69.86451614275583, 89.05754960241198], [52.77944375012592, 56.75224882181641], [35.203159631185876, 48.66930472980627], [2.0942048661314328, 71.04042403506016], [62.705697771044925, 44.15047820767353], [64.29008304711655, 32.72438617968475], [4.7841093432360315, 46.19582654022072], [75.71955958088229, 22.807776935120682], [47.1314987020095, 86.98185559817664], [36.69885202320864, 39.402442722763865], [58.251677678134484, 92.5775991851309], [98.81156915912364, 16.093098471668355], [70.01838274437937, 68.76266212866139], [50.78875921062653, 71.38542507595159], [69.76741748087797, 94.82865927771445], [21.1181922869914, 9.098886625222091], [25.640750027927194, 65.61512113115097], [79.5167008703718, 88.29539288805562], [49.405688783346356, 77.23865083194435], [94.95620785588356, 24.56855523464241], [94.35090262887627, 36.03820319807108], [98.59795774274137, 99.12186431529251], [66.55386281206773, 15.463983175798345], [66.8177268351401, 16.966506560640106], [57.575356829509, 51.157869645764166], [65.38711344001285, 76.24693282389354], [82.01767625574774, 66.5120025040477], [27.548638129574254, 93.22599729139304], [96.27114301868315, 80.85014245087599], [59.27312450388451, 67.33101275525429], [83.00560096304365, 51.08564606245194], [3.6116745994380306, 77.3474252062915], [20.936915866474802, 48.461210109684174], [84.447952021341, 31.5823749429609], [49.63895478099498, 71.73208931727058], [33.31616160457993, 35.84622701075916], [42.53786303084285, 86.27596169249804], [2.7613294268226563, 67.17155295484217], [64.6353879300176, 16.956213546079578], [32.6715229384385, 28.11677563353072], [0.5569904832903205, 29.058153749029824], [98.78678824687368, 88.24841830980978], [1.3371381982335673, 66.15602796021881], [33.419050646594805, 70.506751434124], [74.14546067735304, 23.161856091052048], [38.74758905851689, 18.156069889191528], [33.261455777424665, 52.45678158121939], [31.79949090782199, 59.38841799200819], [28.205646148626627, 35.52730191990341], [89.31571257523555, 68.95887990449759], [15.330484833865698, 88.99360084649582], [73.1587523350088, 7.98727484715227], [17.26100289641157, 22.535899507232305], [65.14506145357018, 79.89822472704049], [1.0183508931421725, 96.7785776476476], [55.28644003166242, 51.601821830269046], [8.334830425048523, 38.15361112493145], [10.715965545056472, 40.14793942530011], [69.73678338365391, 93.90289316658253], [17.20830276214942, 56.73864379079805], [67.04400198153516, 84.21170582222247], [19.447706044266443, 45.8680453888318], [99.85230254617002, 41.14363956473919]]","[[0.0, 45.7873929798255, 71.5542881370135, 96.69705772803167, 53.568806596922215, 53.315340978149635, 49.255208655358004, 30.31450152482139, 74.40125246918376, 36.538705426136296, 81.15756123161606, 35.11877761692599, 61.717064694390764, 14.276643419510144, 50.09248486388256, 78.48328893140585, 55.034357447298106, 45.28815806774758, 80.43362358333036, 93.14590034591907, 48.17495495472727, 89.77877019861202, 77.35902875469246, 68.15148955398243, 33.26156437468072, 37.47133941771919, 40.19747420871061, 6.357507379932122, 47.34239655041402, 36.98827161222017, 55.29528925208818, 23.320118809802008, 75.0159256722468, 20.42378173007168, 24.05236250712095, 48.02436587467465, 47.03646775660809, 64.34370498367088, 99.38792673543252, 37.4701610285211, 39.7875395586185, 94.84591724444395, 37.08059607440844, 63.38533149093254, 63.906036004215984, 58.376716031258695, 35.176894096965356, 34.27929579950029, 52.698688494924156, 52.741233718230376, 88.99829687107096, 75.23534534417436, 42.07714233496424, 56.42348757495097, 27.07783714329711, 16.070550305442936, 47.866900470917805, 48.648582278669494, 47.371396705855204, 41.91932874092195, 42.27879197428993, 23.194013515426583, 83.28911953490864, 29.761854265840505, 43.31203884623642, 16.489909538183717, 99.36752341764543, 78.60759746290113, 24.77380538983742, 53.89387228270505, 67.95047833385982, 66.85765981026726, 98.03258163087074, 48.90952655979612, 70.71832696089322, 101.3987795845715, 36.99182811488993, 99.28076126655921, 68.82063672852324, 37.845357541274524, 69.18299194948223, 66.2438479908795, 68.18092071561604, 73.00501210058408, 20.414214544972847, 92.23427395679623, 50.659590170926045, 87.10696766557912, 44.71960355110358, 108.48593105208482, 44.2094084183375, 92.09755994626275, 89.47172833825417, 51.99667769222569, 82.46821002791852, 46.24534176120121, 80.22846825294819, 10.126043640989273], [45.7873929798255, 0.0, 26.910130766107137, 54.092662540799715, 47.744871975707056, 31.79515328379408, 20.554634681210548, 15.819102022591498, 33.496898512787126, 39.21929850436341, 40.22418628980526, 13.00724455618744, 16.210464831060488, 43.77732622574919, 5.57122089858223, 42.63336207182879, 42.946361556040614, 22.298152361997506, 36.31885830506506, 50.680911540333305, 45.389518003806536, 57.79667256617477, 34.62095788418603, 33.56252311259959, 45.135781530128575, 8.919903820410855, 26.570176601190667, 41.823223103189086, 43.05794123685681, 13.262267517187047, 35.98422064157165, 28.573668447071483, 47.827559662672456, 26.095252019626265, 21.735251521329612, 40.5624076020904, 4.989545274560155, 18.779159435000846, 55.06851935940283, 11.840401037205474, 21.856894974640824, 49.252488163949195, 36.43974872445345, 35.74222246699779, 21.079913663672297, 40.979524416442636, 57.55566363263119, 23.493767223317644, 19.752351623050256, 45.87962391783738, 53.758533201872254, 31.263422460031766, 44.656176051924604, 25.750674090197638, 49.45173130891858, 43.60773055143011, 65.18769144630386, 38.586448537952364, 37.26494117480809, 3.9259996998347777, 27.04668480610884, 31.87842843283032, 48.953073623602755, 51.50102990228284, 16.449522017180314, 29.304658512713836, 56.21416119180522, 32.9487834630937, 36.817912068892355, 20.294374342526368, 25.92451667802789, 36.19330148772669, 53.20336636630719, 36.56432273893339, 31.71659405802933, 57.83448866628099, 57.93658368820485, 54.29239128231312, 27.564809747733168, 35.22221055261334, 36.86747525930712, 20.458455504897906, 23.171798878443543, 30.281403809038736, 39.50190302694218, 53.41042797241195, 47.98118082082707, 46.7753987881525, 30.288921351983358, 69.24627346460136, 1.5950092047676112, 47.398232517308, 44.55911246257037, 45.002650237002165, 36.82846770217735, 35.00033830949377, 34.78155973604708, 47.367309917132204], [71.5542881370135, 26.910130766107137, 0.0, 42.264122214077105, 54.42613763311209, 35.60087700997704, 28.287628423318687, 41.298588374117514, 31.63061035840169, 64.08221619870534, 35.421296157022915, 36.52211274621981, 11.154848277572608, 70.66588101531862, 24.847639608429645, 25.20361004439535, 47.54000432346329, 43.989516044148345, 9.488286828826167, 24.485553804545223, 54.798217393019115, 40.673261841045374, 9.646558687303067, 40.58278629227992, 61.860497235216975, 34.21395893241182, 40.39596585260985, 68.20480678168104, 52.576642591476244, 34.99334265333025, 38.8467796718409, 51.03898707935516, 56.72287942420181, 52.71067304613215, 47.81953140634781, 62.29641962292066, 28.173921119396354, 9.128877192556352, 38.87249203220699, 34.26611942553309, 37.119273405574035, 23.98288201926759, 51.177839727066015, 48.23933587950581, 8.781536295729705, 58.26414271680736, 75.12394233307904, 49.14767936220249, 36.501967433603674, 66.66007235849321, 34.19715531361134, 23.294437378349865, 68.57493507958218, 40.55944914142459, 68.85106398136959, 66.18690685771897, 90.12912832335988, 46.693538338971635, 46.059517479773056, 30.35817471994157, 50.01401621935673, 58.678549636872184, 50.740222339498786, 77.8900463233441, 39.56135865695526, 55.198668604537424, 42.815349219210255, 9.617498465901843, 57.02213709995356, 36.09105980964948, 8.221264078598297, 45.98332860198146, 35.642624944182, 44.26549347551372, 14.976170863089749, 30.98715831700588, 83.88405720035232, 36.008209694091164, 28.444585308079613, 49.589440336121406, 26.415551137748388, 11.050638712281495, 17.21720572541079, 6.9723997105410875, 66.34306809287433, 48.322699831049256, 56.453169660359826, 22.89532464175655, 52.37753895499627, 60.83504388659961, 28.311693575851066, 20.607145979554026, 17.917954037154235, 65.91657513746628, 18.164348557057476, 56.811545919074234, 9.641452323512995, 71.38545687496688], [96.69705772803167, 54.092662540799715, 42.264122214077105, 0.0, 95.49600395750161, 76.66054613043798, 67.26736609572939, 69.21529089571048, 22.387565084242702, 72.47148254287289, 15.936824238604327, 67.09885021606492, 43.31202558635116, 89.75416115452788, 48.66733693290859, 65.27949013816571, 88.94115900919297, 53.40388955437318, 43.00886447086777, 51.925616660647925, 94.9968238056149, 78.74518781395702, 48.10188063713601, 31.920894936834106, 98.5158070300676, 62.89549806172051, 77.95911781482188, 91.39595516988864, 92.66264684786539, 67.09097454416629, 80.30909786980182, 82.62103731360997, 38.941257728828504, 76.34532308558585, 73.86866225314924, 63.9057541701078, 50.986227202228235, 41.391084033827475, 9.045211178200175, 65.7633096683974, 73.66263572952121, 32.63586770970101, 88.78471526384979, 41.16662080300435, 49.43881899634962, 53.27968554094461, 111.33700013722577, 64.01316789336018, 44.61189482166729, 64.99042195260041, 71.12858526356115, 22.985045079820466, 73.34561546562384, 42.64092350102731, 103.49232445498376, 97.42950607018295, 94.03451160240353, 87.05792044284193, 86.15514775714014, 57.80435869280799, 58.649136726817154, 76.21756486704524, 25.294408378625544, 89.50305576288213, 53.713010861380916, 81.08568104905716, 3.484173180819348, 33.44674745825345, 90.86838596351465, 43.42083402119819, 50.45745384563312, 36.52518806552927, 12.278803038146936, 84.6566753646097, 56.881193037786346, 50.101214120648855, 92.48154023398742, 13.742888766959572, 27.8794635081617, 87.34244135171556, 68.52133460824284, 37.32285753036356, 31.6386043877729, 48.25402592734936, 83.10459899206523, 13.320142890643362, 97.02929336773182, 57.20010415443893, 58.36370387391754, 18.911696919149364, 55.58585053105467, 40.64552333586793, 38.82071077679544, 64.73809662709483, 24.369406501565916, 60.496986901371734, 35.25179522826551, 100.3787938343203], [53.568806596922215, 47.744871975707056, 54.42613763311209, 95.49600395750161, 0.0, 18.893081196515443, 28.781222920154963, 42.15459022413679, 78.75172285011023, 75.44616471853206, 84.77720675308203, 38.68079318697321, 52.44692986313357, 63.646597487423904, 52.71712971644506, 42.16162915050796, 7.169497910794553, 67.14755975938351, 58.3665694112937, 63.27574793537271, 5.453843633906552, 45.4161592357562, 52.92283437443557, 81.14313365947378, 21.78128582788563, 42.665792757360045, 21.9053517913332, 55.55851213534523, 6.413106828074395, 36.56407135019798, 15.664664501049312, 34.02083884882487, 95.52365978304529, 49.779818213893755, 45.06131511457529, 82.23622976264251, 52.68288854766858, 54.16036323356103, 93.1615737363837, 37.95733711357752, 26.438295851928785, 75.82550534488416, 17.12252715557, 83.24546934831459, 46.29272490595824, 86.50149637338693, 30.661581379257868, 61.94238233015405, 67.24412229552291, 88.00705384357006, 48.52055813641027, 73.40148353537231, 82.07667321611116, 73.25127974455566, 30.961768193356292, 38.30057725979182, 96.75245722886852, 9.158437478177927, 10.515445423332787, 45.933931585510884, 69.551956042291, 60.971183938269, 96.08728498363801, 78.69136689981958, 61.381644592345786, 46.25357712660613, 96.57319709453468, 64.03518671912667, 28.87880091790841, 67.90583685682024, 46.45285007534407, 83.93168652491072, 90.04185092903957, 11.278651378412013, 42.615752154855045, 72.52145627352151, 86.50446667442921, 90.43429297286758, 73.23776740323146, 16.964457063118488, 32.85467266942484, 58.32643415802452, 64.73806040776662, 50.36150303817816, 65.19437931611388, 98.46720049783777, 3.7587218561426265, 54.6329934572381, 73.21120378438971, 113.10900879203543, 47.00753097512493, 68.7989925766033, 67.6478318615313, 87.0812310535641, 72.35357996512226, 77.43162535864516, 63.54830387681209, 45.761132336537855], [53.315340978149635, 31.79515328379408, 35.60087700997704, 76.66054613043798, 18.893081196515443, 0.0, 11.291012690011602, 31.647157793280012, 60.5759515032739, 65.66267812529972, 66.37246563787157, 26.532976537130786, 33.83072681132956, 59.59018025903184, 36.05763534850683, 27.601540976838397, 12.337116169208922, 53.24604642169517, 40.15200589638482, 47.09988416317564, 19.40003559195679, 36.58202756900919, 34.90513546060309, 64.12125262371141, 30.18104817360869, 29.27542151688466, 13.153027768129768, 53.10410352422736, 17.3121485639604, 23.854343301538567, 4.2037060021690875, 30.158144587802195, 79.25336190265111, 42.43801363527157, 36.7846511735283, 70.24726668968059, 36.75885652965287, 35.41124072383693, 74.27460001061888, 24.864734551662334, 14.951297839528575, 57.63304744695428, 19.701947640022027, 67.4413361826294, 27.399746166261203, 72.45409086323758, 42.80715146898036, 50.53667581658688, 51.51748469248398, 75.89897948347206, 36.77950744017439, 54.77720946840353, 72.02240989485705, 57.48860237467215, 39.00961426611646, 41.32850548623448, 89.63230947885324, 11.368421525853005, 11.088011899166972, 31.035839087572473, 56.84207771608049, 53.06486905554452, 78.48862374638307, 72.73304998961697, 47.27853078061163, 40.93328387920129, 77.6948910138222, 45.218059461216676, 30.47516775715925, 51.99473272126102, 27.745939340929556, 67.51944378301738, 71.17714377159837, 9.023178418170872, 24.837303596715316, 56.34853083963906, 80.31747140040191, 71.59576692439956, 55.266511443986104, 18.19863611176836, 17.56360335927658, 39.61833620320138, 46.20283067416766, 31.936113181080092, 58.98199477150004, 80.05734299602892, 20.87308082418941, 39.00920967001848, 60.41189290370753, 94.42592690927198, 31.462372758059963, 51.135653371152856, 49.68266982379333, 74.98277531883258, 53.466634402018805, 64.97087185413636, 44.85329325777393, 48.43942321230101], [49.255208655358004, 20.554634681210548, 28.287628423318687, 67.26736609572939, 28.781222920154963, 11.291012690011602, 0.0, 23.048776280381098, 49.97169520387217, 56.09495584612979, 56.01990816144027, 17.389372387496614, 23.963434285769264, 53.05564456475184, 24.77401295126106, 29.289722130219925, 23.052325413563622, 42.31188519756645, 34.910141615124104, 45.0902601542741, 27.748970398956747, 41.952159569043914, 30.461190822658327, 52.9357305874619, 33.629021689802755, 19.11056516517298, 12.237537332059954, 47.77120287058835, 25.404942658245396, 14.656974006081258, 15.494467422177289, 26.236886478428183, 67.97409117071147, 34.908029712253665, 29.118660152970467, 59.76678671425411, 25.498312296337755, 25.928167067110643, 65.73388551314477, 15.259317371144068, 9.929282303798525, 51.86045905782989, 22.89450190933514, 56.152890920459875, 19.519969765982022, 61.38516449638513, 46.88723502653638, 40.55533470593281, 40.24390488740645, 65.33707421021981, 40.06407237371619, 44.80564595135735, 62.250475771925686, 46.20663062585882, 41.051327482826764, 40.16808671927551, 80.91035860183447, 19.932164029464715, 18.931004693937368, 20.091024433573207, 46.24636860907119, 44.70484740815761, 67.51285806513016, 64.82489920394873, 36.3413507509504, 34.72499597655032, 68.5948755739008, 37.6579346301115, 29.987070331627706, 40.70930083471757, 21.62714521887274, 56.24498059582621, 62.921042366399, 17.592972572725316, 22.0232573176479, 53.952126607592035, 72.1575653622731, 63.53379599389209, 44.48858233734079, 21.303008780709096, 20.49292056809923, 29.944532480007155, 36.0835071409751, 26.59308702508056, 51.30542958599558, 69.70465160471308, 29.891319802571804, 38.22171812226551, 49.749246560057095, 84.51292491165643, 20.309039072439173, 46.63227134870096, 44.63007934782038, 64.43016206932023, 45.1052938831647, 54.37779958104376, 37.92044439352667, 46.44328073621895], [30.31450152482139, 15.819102022591498, 41.298588374117514, 69.21529089571048, 42.15459022413679, 31.647157793280012, 23.048776280381098, 0.0, 47.735985648272575, 34.15516092064736, 54.59837291649854, 5.760568829180649, 31.432775427416793, 30.702997728531507, 20.76165386768726, 51.43790827972164, 39.50327251127736, 26.032532163841413, 50.32175552164482, 63.62555352267559, 38.30674224297039, 64.92569991217009, 47.60769598562361, 44.944643083087534, 33.04810741859141, 7.165530886050037, 20.68893656627656, 27.001252652454628, 36.25740342582476, 8.417229811294225, 35.21201451718486, 13.966817245839403, 56.62617105120511, 12.21910064580679, 6.673192563480454, 40.0868310316964, 18.22928704537608, 34.0647459938045, 70.70358279267225, 8.14384967313626, 16.995685131786228, 64.54229369852158, 26.951335559656066, 43.982578193894646, 33.945413243423154, 44.97219223182503, 44.205660459158146, 19.80176178472293, 29.045606064237077, 45.856215986148186, 62.51704839015275, 46.69150413807915, 40.63428576170697, 34.54384098604719, 35.435049157860355, 28.223943276005574, 58.0949444406658, 33.620809298019246, 32.1022079647611, 11.893179709909049, 27.546296496633445, 21.68252410591127, 60.81543901062018, 41.77633655788883, 20.899876438466464, 13.900218630214717, 71.52303617307294, 48.3323493412985, 23.086470809903986, 30.05193455843782, 38.272686542779574, 45.88867133466241, 68.94961959431224, 32.352150527973286, 42.12205719218297, 71.53802510123312, 49.130772829110526, 70.06842485695013, 41.81686929850139, 26.270355506304757, 43.373072086867694, 36.173016123890655, 38.887205369538805, 43.206964388187444, 28.30755962610509, 67.1607870155463, 41.17229236717638, 58.340471289838845, 31.19649471908427, 83.32454139645846, 14.224705055494978, 61.88520525008438, 59.212237164597454, 44.930175174834105, 52.633930630685555, 35.3065499249344, 49.91562613890634, 31.572493533243758], [74.40125246918376, 33.496898512787126, 31.63061035840169, 22.387565084242702, 78.75172285011023, 60.5759515032739, 49.97169520387217, 47.735985648272575, 0.0, 51.07172579565529, 6.870450625217622, 46.33105482332044, 27.14342269640978, 67.41101518686551, 27.926067627728433, 56.832136498810854, 72.8319462728443, 31.23128144064723, 37.21361140518542, 50.92489838317418, 77.35983525310189, 72.22666602260364, 40.490483877914684, 12.510128149550603, 78.6213752787055, 41.90721121568656, 59.178622179412734, 69.03463485901032, 74.99353636625855, 46.75789794557207, 64.5989127271396, 61.4835775664579, 26.628136283434504, 54.113776328542016, 51.93711811752324, 43.79655175293718, 29.697895275296254, 26.274334720373066, 26.776483467860267, 45.335647558293, 54.599743593828435, 36.76420397387095, 69.60545146900515, 22.479212645989975, 35.63288538363583, 34.84639725474517, 91.01808128751684, 41.672211296058265, 22.26532653924531, 45.998059357361434, 65.46497667871793, 9.039795183250828, 52.76286429102069, 20.946005127904883, 82.74442213592792, 75.9049883652467, 74.24050799983965, 69.81764536190131, 68.70614652935858, 36.90082814829198, 36.75594092007779, 53.86574124607503, 19.136005940397265, 67.91250659002634, 31.326042728803866, 58.997341428794314, 25.287108999314775, 26.809307561385413, 70.13184764792904, 21.082585351950893, 38.556219825140154, 18.4216883566166, 26.847086477352377, 67.52828801736186, 46.17917855090764, 53.12774650203204, 71.50314533640783, 28.49225868851301, 5.951983619167258, 68.28712506334831, 56.8641995477658, 22.143907878646836, 15.059776000135981, 38.59997922179725, 60.84284846167128, 19.99106634384886, 79.69529559435162, 52.839695261328515, 36.90700575255189, 35.764227182203136, 34.84959989871243, 41.33182203042654, 38.438827739440605, 45.56125444982266, 20.836150256027597, 39.65594268158927, 29.73007630240679, 78.43107048078951], [36.538705426136296, 39.21929850436341, 64.08221619870534, 72.47148254287289, 75.44616471853206, 65.66267812529972, 56.09495584612979, 34.15516092064736, 51.07172579565529, 0.0, 56.69015555469765, 39.14234195355391, 52.972382145500696, 23.308345005702638, 39.44419221974921, 81.78390592782348, 73.4804333315508, 21.03678848898905, 73.47561925798101, 88.55868739847881, 71.02890757319439, 96.65317027758496, 72.91349245933235, 40.63796808916212, 61.37270240444125, 37.014429793742316, 54.68971591598814, 30.24342477110407, 69.22936081595374, 41.85175314865665, 69.3320404932923, 42.26364921108371, 41.76638160682339, 26.057105679235743, 30.385199249568636, 11.921135167070092, 36.309527453251086, 54.99221625726913, 77.83892575763397, 40.97117037543279, 51.150826284202964, 82.43675751228426, 58.94742680500154, 32.5147325166311, 59.9326031406612, 23.631971562669232, 68.42755134655594, 15.828917517836327, 30.215318899821536, 16.208621420924395, 92.9418850179217, 55.91477099470977, 6.650648815619367, 30.12575100868333, 59.21633244342155, 48.06217504239196, 26.100355024326813, 67.38648857062273, 65.86114856938067, 37.38708151831249, 14.83872386493073, 15.398775568256271, 52.93849027493913, 17.083555254023047, 24.54437594884401, 30.801541403651484, 75.71719869850439, 67.0593935651951, 50.34321867490614, 31.187162723358448, 64.83890054047616, 36.95894925029605, 77.80446139732064, 66.31634680806046, 70.93317307124754, 94.61418153784966, 20.66165271286712, 79.39615325914225, 47.12429401998781, 58.7086755457553, 75.29042478012471, 54.43619516404193, 52.37445005073719, 68.76456228096015, 16.226916612047333, 64.29645319889077, 73.91254243143692, 85.6267826708716, 14.17029893881195, 79.63785093690673, 38.40804119452778, 83.15581926898011, 80.08450352212445, 15.48414237990967, 66.81647011119131, 12.428856767338834, 69.65338353228981, 45.46623772847942], [81.15756123161606, 40.22418628980526, 35.421296157022915, 15.936824238604327, 84.77720675308203, 66.37246563787157, 56.01990816144027, 54.59837291649854, 6.870450625217622, 56.69015555469765, 0.0, 53.11449082932823, 32.609049173521676, 73.86569358044484, 34.660668549092996, 60.45001825464737, 78.68575628618528, 37.471350066973386, 39.61757405460052, 52.184689488353115, 83.58812003051078, 75.43293969875816, 43.5663988374195, 16.484357741536613, 85.30437652593304, 48.715646029843285, 65.6140737128548, 75.72830168167269, 81.22357063785259, 53.47172379824377, 70.31894901346524, 68.32477722201692, 27.270917666313764, 60.912402479958544, 58.79925444105367, 48.60111877272713, 36.52700379520279, 31.377526019460785, 21.550055634823373, 52.06300861842565, 61.08300908876715, 35.99996596019528, 76.14596911550927, 26.254946946445322, 40.53770448572908, 38.66627881401448, 97.77554963631304, 48.13314902897484, 28.75933018273394, 50.20311298948337, 68.35526915813193, 12.188128287554957, 57.87139612343187, 26.73320836952035, 89.55360081822026, 82.77383307302345, 78.96089840635639, 75.93484113576595, 74.86891304236161, 43.68894953297654, 42.73046149345188, 60.341605063543625, 16.525104542153063, 73.6770560896569, 37.96937918403957, 65.83587794925032, 19.061745663410413, 29.02723153487626, 76.93319258080153, 27.562495881249117, 42.93041272448128, 21.742608753328444, 22.402042681656553, 73.61171851338533, 50.32293770017616, 53.19387511049517, 76.87766099089558, 24.13454654790608, 12.786476593505048, 74.80057230825145, 61.421095183762425, 27.131080445883743, 20.224267421912835, 42.27275535964624, 67.17955274076739, 13.69244375347462, 85.86023458937518, 55.166694621781126, 42.54313372695063, 29.035328675473394, 41.60590648901162, 41.81784152983765, 39.15877874695776, 49.86103640829639, 21.407126717292144, 44.885084979906225, 31.732775817455355, 85.28646557990011], [35.11877761692599, 13.00724455618744, 36.52211274621981, 67.09885021606492, 38.68079318697321, 26.532976537130786, 17.389372387496614, 5.760568829180649, 46.33105482332044, 39.14234195355391, 53.11449082932823, 0.0, 27.27013704218052, 36.399336207288705, 18.49808674174913, 45.68449460117369, 35.31122184027897, 28.491178583687088, 45.31599088480434, 58.26202912935189, 35.34017838753501, 59.195328992979114, 42.33201796452023, 45.07567261768518, 32.59244837027941, 4.5658929952886345, 16.792334215808552, 32.29598571823456, 33.148342017846744, 2.7476747929929064, 30.286931263546265, 15.650001443351615, 57.94772448708698, 17.94249732365447, 12.273404325246789, 44.11995779029439, 16.73179361331741, 29.89679442057977, 67.90716346150812, 2.4401503696942757, 12.508282539416877, 60.12389687839928, 24.885142856988622, 45.386769483940824, 28.79454538522128, 47.8241847512561, 44.70166191248182, 24.094780616789, 29.730015418904387, 49.849070978166104, 56.757608467382646, 44.24187974416575, 45.48985121282444, 35.57261524471779, 36.46592056646297, 30.848297176799388, 63.570421210272464, 29.799730767943633, 28.31629115228992, 9.430573674143798, 31.03296798948357, 27.321359834226154, 60.826936912194384, 47.47431054806089, 22.817910499454005, 19.032674900288832, 69.19955698822491, 44.08261588380355, 23.8336928085251, 30.592634127198604, 32.944926737723215, 46.75297986024044, 65.90287185154192, 28.26281297458173, 36.48455298948675, 66.34126291367994, 54.77176445460201, 66.92274485005214, 40.38050367096736, 23.91530274614693, 37.63359939201369, 32.4561817245053, 36.00630275825165, 37.952402272128325, 34.055308236038265, 66.13216857416262, 38.13551112190565, 52.763120805236575, 34.68130289725701, 82.09376762221258, 11.54025166962103, 57.00462033041459, 54.420753857375715, 48.92477405066071, 49.063560445371905, 39.05281307141396, 45.45699591651761, 35.188898577726754], [61.717064694390764, 16.210464831060488, 11.154848277572608, 43.31202558635116, 52.44692986313357, 33.83072681132956, 23.963434285769264, 31.432775427416793, 27.14342269640978, 52.972382145500696, 32.609049173521676, 27.27013704218052, 0.0, 59.92834430516623, 13.696892284539517, 32.5699761112741, 46.1653489469895, 33.12863245259542, 20.630595761376263, 35.590879215366584, 51.70878818745647, 48.437672505602215, 20.09243331617082, 33.243748948179515, 55.96852771572271, 24.267527069037776, 34.889688301410246, 57.971592190796436, 49.36755909695861, 26.25980542122647, 37.728381956089635, 42.58844750039306, 49.39739803684009, 42.2877974040835, 37.72118859277535, 51.626145724121166, 17.03782743718256, 2.6352178149839283, 42.220199668246664, 25.25846952531671, 30.83497445569573, 33.13726144518204, 45.8114337933278, 39.523101394812976, 9.235201728080625, 48.514825916722174, 69.08361429795384, 37.99383840935551, 26.237941301156383, 56.21122152078437, 42.8632197232012, 20.96095338066667, 57.580962100245635, 30.917531092407902, 61.956538592810254, 57.88667681530911, 79.04257539715361, 43.82377467768789, 42.87806395996916, 19.90822072560138, 39.05384417705934, 47.68644056941756, 45.82832962996242, 66.75926612050169, 28.488757150871503, 45.239345801961726, 44.71718516783348, 16.899820407535007, 49.609724427135134, 25.998209193971547, 13.500323150863148, 38.00059969467713, 39.703631792159584, 41.44209783406345, 21.092668096903125, 42.075670850554836, 72.72921839631451, 40.5161582768837, 22.379717778163137, 44.314615229666316, 30.424895013113357, 6.004837635392769, 12.391147124554145, 16.210906365670997, 55.37088691121022, 46.26878808795923, 53.79970452069387, 33.18104602418202, 41.561864366174134, 60.66213469137256, 17.71191699181045, 31.285588906780255, 28.397254493804834, 55.43418336662203, 22.18758889284895, 46.08260249280551, 18.585753991577544, 62.45864847024898], [14.276643419510144, 43.77732622574919, 70.66588101531862, 89.75416115452788, 63.646597487423904, 59.59018025903184, 53.05564456475184, 30.702997728531507, 67.41101518686551, 23.308345005702638, 73.86569358044484, 36.399336207288705, 59.92834430516623, 0.0, 46.833670411118305, 82.0118744406477, 63.81616555843121, 36.52299215047343, 80.01560776661483, 93.94038124772108, 58.48392358033885, 94.92201952689089, 77.8372091820717, 59.348611012475466, 45.19089174181702, 37.07208144794932, 46.664498628024056, 8.904981081832169, 57.24377043651367, 38.89135619223424, 62.33158853380943, 30.195873465699467, 63.888920502377445, 18.490241016728966, 24.137904420514364, 35.16514535419102, 43.481092104161746, 62.43857876800069, 93.58150037814443, 38.82285152883346, 44.8559038470958, 92.6155327465289, 46.55642269396266, 53.12451145053854, 64.09658806655419, 46.35036211893263, 48.9838622986976, 25.741710854655697, 45.14849672468818, 39.407823322999405, 93.0067358596555, 69.84047231818899, 28.269246869559627, 47.67972466184842, 40.39822646896144, 28.947164165942993, 34.30062745247038, 57.33070220501627, 55.902811654490364, 40.33877852101876, 32.13705465513963, 13.549293119620343, 73.57442997293595, 15.906510428099933, 36.282388334322206, 18.65898130153218, 92.69745924895722, 76.34607308941936, 35.15621463317018, 46.33626809290573, 68.64347776043407, 57.06927555083285, 92.74314298439036, 57.06109687350343, 72.81724240450401, 101.4850723217197, 23.51889701356661, 94.14859737435157, 62.30621455792085, 46.930319009841455, 73.5478562723195, 63.46130088019962, 63.922266659981624, 73.43077316952802, 7.344372576282362, 83.67259642789845, 61.19180364603106, 88.98326044217548, 33.81045525424144, 99.67379064650612, 42.35455243103099, 91.17416813528979, 88.3201042697361, 38.73129613204082, 78.70083036154787, 34.3365619042952, 78.39174789242001, 24.21805876956429], [50.09248486388256, 5.57122089858223, 24.847639608429645, 48.66733693290859, 52.71712971644506, 36.05763534850683, 24.77401295126106, 20.76165386768726, 27.926067627728433, 39.44419221974921, 34.660668549092996, 18.49808674174913, 13.696892284539517, 46.833670411118305, 0.0, 43.61213984178619, 47.61602675060691, 20.463226134124042, 34.32740911248294, 49.22278028572503, 50.59070896665862, 59.19247188233879, 33.47157876564858, 28.426771463087, 50.705634557258804, 14.228161136152885, 31.882902766862298, 45.733974462961555, 48.24388073428978, 18.833428329353584, 40.260785725526674, 33.953723900711275, 43.200688531655366, 29.945710240895288, 26.176180777609982, 39.12129529603845, 3.3911748426642823, 15.969206991417732, 49.942727809405, 17.40988995355417, 27.191381431770708, 45.78222367291255, 41.9292404696246, 31.478269439320187, 20.701145086634337, 37.97873205018503, 63.11518692449438, 24.301777028827335, 15.83111904422658, 44.11384052549882, 54.52504570593711, 25.959195526326738, 44.3238719955389, 21.639688261907732, 54.96378099197852, 48.84856241466255, 65.54344431061013, 43.57348223631323, 42.300330351634166, 9.137524528786406, 25.997141008776715, 34.21438198377654, 43.60689575449945, 53.07259795633524, 15.211285606207849, 33.719011525123356, 50.862348949848375, 29.529047112380397, 42.330874614151426, 16.132414753425184, 25.593811970025943, 31.476409137021435, 48.23735000444421, 41.469060664199816, 32.27309401364346, 55.7557501559055, 59.044459307957005, 49.39417909746124, 21.993683185549354, 40.68392560220173, 38.98191200281527, 16.62839121365108, 18.18956753881209, 29.32914375700431, 41.91168565262843, 47.8421542274491, 53.12653058968252, 46.242725707194225, 28.850862504078137, 63.67819377383483, 6.959275968977664, 44.79248060565591, 41.832499299875366, 43.27839054386219, 32.4018352618319, 33.51540286124231, 31.67445246957085, 52.29977490264337], [78.48328893140585, 42.63336207182879, 25.20361004439535, 65.27949013816571, 42.16162915050796, 27.601540976838397, 29.289722130219925, 51.43790827972164, 56.832136498810854, 81.78390592782348, 60.45001825464737, 45.68449460117369, 32.5699761112741, 82.0118744406477, 43.61213984178619, 0.0, 35.16502516337677, 64.06895029128842, 22.31465976817678, 21.441271529233024, 44.950936975837465, 15.867965963079707, 17.236216732353835, 65.25467994700182, 57.729638961144595, 45.903920495772105, 39.25692874752593, 77.0420533445488, 43.363715194736955, 43.130166831842324, 28.18138615742659, 55.28736331877728, 81.47347199405371, 63.61626067727756, 57.88798666026889, 82.7111937069531, 46.20373803657469, 32.035048131198906, 59.99264196356682, 43.298271396758494, 38.75111574616698, 37.543608139130576, 47.29783829559647, 72.07459086996003, 23.49766340738063, 80.86151368259387, 70.07739703568679, 65.97543611540138, 58.41267425521227, 87.72003121615984, 11.193221641431583, 48.42259208703435, 87.28855256142539, 63.40723021859577, 66.61040720648242, 68.2321457203925, 107.59008332670211, 37.85360227001737, 38.074688889028074, 44.47598055477545, 69.41439928495096, 72.53025428061444, 75.9433145644488, 92.73339210661264, 58.616501115049466, 63.92400625104368, 65.10221011607047, 32.13208439365997, 57.507341953745886, 58.312038637333835, 19.10906705727617, 70.349358808127, 56.24128001720376, 35.89252947672402, 11.515021091863268, 30.544587527451817, 99.70321645187163, 56.025381129459404, 53.419579278829715, 45.778899520657106, 10.040400248186256, 35.45361073462056, 42.2070323462723, 18.243162045911756, 79.61367122079953, 72.94545552938743, 45.37853840630998, 12.624046807351872, 72.41914874935945, 84.18334730855067, 43.37782223501072, 29.184833417340172, 29.110393943650028, 86.88835946980684, 41.09881060518103, 77.10441724665837, 30.050189100833677, 75.0015038105515], [55.034357447298106, 42.946361556040614, 47.54000432346329, 88.94115900919297, 7.169497910794553, 12.337116169208922, 23.052325413563622, 39.50327251127736, 72.8319462728443, 73.4804333315508, 78.68575628618528, 35.31122184027897, 46.1653489469895, 63.81616555843121, 47.61602675060691, 35.16502516337677, 0.0, 63.40016837188531, 51.246304841696436, 56.172771787893396, 10.142465088889578, 39.514572742282546, 45.78351626494904, 75.93570109371002, 25.604173627922574, 38.88926891795076, 18.81949359139871, 56.23221166856202, 9.197786818858605, 32.922002253325495, 8.69470196193588, 33.644499342865416, 90.7411646449048, 48.50339486800803, 43.33481821569518, 79.39257686444763, 47.93340750070215, 47.74194389878474, 86.3590181302442, 34.20244050202167, 22.80295403613103, 68.69123764521562, 17.99125149588019, 78.67587807610363, 39.575900955830676, 82.77102676305282, 36.20186999120712, 59.21342995177888, 62.662921514508845, 85.13670044201831, 42.02503443659992, 67.11417884922784, 80.03911640104455, 68.67421275003561, 35.01851091872217, 40.681868617955274, 95.96427466299738, 6.487480524213906, 7.923802239105134, 41.58044864933588, 66.33446135217743, 59.63009930696531, 90.56009495466171, 78.26083373674847, 57.510069843590415, 45.68302252328762, 89.91825560540065, 57.128812577374326, 30.367540044786885, 63.23819235800025, 39.493236693253806, 79.05546611414019, 83.18145119440857, 7.164442005482071, 35.46835113240594, 65.42973355932061, 86.03259575438173, 83.53419192097827, 67.45402529512994, 17.19805660121998, 25.730402053375077, 51.9535270965293, 58.531819441145124, 43.291944753403655, 64.55550450805566, 92.37428550800695, 10.21464264896102, 47.568611414199346, 69.97638479986227, 106.7590892044588, 42.3840441841976, 61.631295618536925, 60.494496389522176, 84.21137177147419, 65.56167517202051, 74.36381152444449, 56.55614743006461, 48.1787092756602], [45.28815806774758, 22.298152361997506, 43.989516044148345, 53.40388955437318, 67.14755975938351, 53.24604642169517, 42.31188519756645, 26.032532163841413, 31.23128144064723, 21.03678848898905, 37.471350066973386, 28.491178583687088, 33.12863245259542, 36.52299215047343, 20.463226134124042, 64.06895029128842, 63.40016837188531, 0.0, 53.19625409274044, 68.41770517318021, 63.800932072289, 79.59473620889966, 53.21783954547642, 22.986279749663346, 58.85389998035195, 24.540600595956366, 45.242329325483794, 39.370048184709205, 61.629561050840245, 30.605552688565968, 57.340809744341435, 39.096986913657425, 31.208841820609393, 26.408144444584643, 26.7409191225984, 18.663623586081904, 17.990994534466346, 34.866509205482636, 57.860814883674855, 29.252169155030792, 40.78024204678934, 61.41699918016522, 52.87916136818819, 18.74532898827917, 41.05842586376416, 19.37991395272301, 69.15379341283818, 11.065432104872459, 9.315727278198253, 23.70545878043004, 74.98508385974546, 35.115603710882795, 24.700910312065815, 11.23133921308805, 59.99848640474648, 50.716468184287635, 46.529237436709515, 58.18528041311508, 56.72435537580375, 22.234207699200205, 6.232520619138206, 23.11521835717713, 38.022056605065984, 37.14102098306302, 5.972212379445779, 32.02201004795377, 56.44794527643544, 46.20051699158855, 48.37126011801774, 10.387453486490761, 45.910817452140684, 21.703597739326177, 57.47510229139374, 56.510471208162734, 52.732976676401336, 74.01095660826162, 41.66085614565838, 59.005239784401596, 26.636642730256572, 52.08943580507188, 59.036980600112955, 33.81423310362492, 31.352625930053037, 49.29229262792512, 29.717836638007608, 47.27350323585178, 66.6120909285804, 66.27938603266998, 8.445789161407859, 63.41273570172421, 22.155380168142543, 62.39631557612071, 59.30648782907549, 22.853543150170243, 45.79152910134394, 13.061707412720049, 48.868962811578925, 51.25676579599941], [80.43362358333036, 36.31885830506506, 9.488286828826167, 43.00886447086777, 58.3665694112937, 40.15200589638482, 34.910141615124104, 50.32175552164482, 37.21361140518542, 73.47561925798101, 39.61757405460052, 45.31599088480434, 20.630595761376263, 80.01560776661483, 34.32740911248294, 22.31465976817678, 51.246304841696436, 53.19625409274044, 0.0, 15.255543709857733, 59.541101146924944, 36.123814880913905, 5.611268426435882, 47.601147548221356, 68.39191722302135, 43.32440523594488, 47.13944132466954, 77.30635763044452, 57.4617656837831, 43.576466397287184, 42.74729357106072, 59.26359263987346, 63.403028281649014, 61.939307483024386, 56.913728022464056, 71.31606847286953, 37.6600153395071, 18.486507193311038, 37.75610530910509, 42.98372641987409, 44.413154763254354, 17.489208336999276, 57.553690126037004, 55.99733769686048, 16.588035384431617, 66.62903253571562, 81.59948322632938, 58.62253353549565, 45.36944510809362, 75.4993302735653, 28.813886247279463, 28.250600394205975, 77.8516944907867, 49.00933111505442, 75.95562296560908, 74.194974036529, 99.48830912708674, 51.51570693390999, 51.12000372458243, 39.67755851506251, 59.28266372028587, 68.1379861483753, 55.817149423124334, 87.3779812685881, 48.935326625127274, 64.19564721404618, 42.78764797371678, 10.590878255990345, 64.57824164883358, 44.86264571043764, 13.29611289434211, 53.29528162129476, 34.063986044605066, 49.14149320878319, 15.865667535650854, 21.521285186078355, 93.35077148187875, 33.9642527886694, 35.19457566299598, 55.94186773294086, 27.101787663386673, 19.57340652974942, 24.43136029803369, 8.369055010084667, 75.79356626884424, 51.32567515213677, 60.83954094723014, 15.636299981784672, 61.53039566763445, 61.92030433824046, 37.68720732598059, 11.84716696265131, 9.727175974693344, 74.78341221359649, 19.073967565011795, 65.88865985522334, 8.00407404979146, 79.73917737417902], [93.14590034591907, 50.680911540333305, 24.485553804545223, 51.925616660647925, 63.27574793537271, 47.09988416317564, 45.0902601542741, 63.62555352267559, 50.92489838317418, 88.55868739847881, 52.184689488353115, 58.26202912935189, 35.590879215366584, 93.94038124772108, 49.22278028572503, 21.441271529233024, 56.172771787893396, 68.41770517318021, 15.2555