instance_id,num_cities,city_coordinates,distance_matrix,best_route,total_distance
1212,37,"[[41.42253247619475, 12.054898363384869], [44.430342695344805, 98.31474096503531], [61.320621653979515, 45.27424358629334], [31.19949425892775, 7.712524146352262], [87.19185024710099, 86.30259454068869], [68.31160241501033, 73.52088194543606], [17.425360689513347, 96.74142043532122], [24.19372449776891, 13.09289285975802], [97.94405532173572, 13.120703126940425], [63.52616733162241, 69.91624158328396], [54.35868495940136, 93.80124231357418], [80.57162598886737, 17.08668898185264], [99.20788432092064, 77.98234586127218], [28.806640577128416, 51.70729147307029], [63.19060139470301, 18.201262700701392], [75.1509645121466, 34.534701854170905], [21.885783689511918, 72.63886854953402], [49.463035581994184, 89.91788164755422], [65.92985724406569, 14.128896168656645], [15.36842998491812, 38.91696854953959], [47.666584578194445, 83.5029463131938], [96.67643338631615, 57.51965026985686], [71.54955092396693, 99.9108554902389], [96.5994128939098, 0.9186778855767241], [29.739546969195395, 4.612835018140116], [3.42540247862263, 35.22846792155098], [5.520461421416501, 24.584746163545734], [77.45876386702417, 39.600323390144844], [27.208274778232433, 48.652191139196844], [68.86266093203393, 83.57325971922324], [5.610381350519322, 10.556459182186707], [83.11627687062779, 32.012417627710846], [69.29930111037591, 38.795102864848296], [23.75266700195432, 64.9410450048406], [70.45217947990477, 38.08774044324276], [30.43138795758574, 72.73174465653499], [39.9389462261574, 86.34585191802468]]","[[0.0, 86.31226661359284, 38.722846614961654, 11.107057406552434, 87.22127513887544, 67.09015739945393, 88.02085704195376, 17.260047999121294, 56.53157068906742, 61.939532715649705, 82.76357163807894, 39.47113425900104, 87.66741253969718, 41.610972203662286, 22.619164860974898, 40.53330349956908, 63.65612301004644, 78.27703274974854, 24.59492700078966, 37.42174596824485, 71.72037187919959, 71.55443544395108, 92.8779114926042, 56.28946206139458, 13.851947776085233, 44.50613681414686, 38.02572539633587, 45.35813502292896, 39.260755983839395, 76.60180585793805, 35.843485994361174, 46.22413759946483, 38.628393265365716, 55.75991976733211, 38.99268228674234, 61.66429221122638, 74.30576564586997], [86.31226661359284, 0.0, 55.66485323330003, 91.56318606736603, 44.41664316243231, 34.42455534762769, 27.05077430730035, 87.5915755683925, 100.60686617830163, 34.2217078135326, 10.906129019454752, 88.9055048187978, 58.429319328546214, 49.15642802345212, 82.28071892051472, 70.79300808550482, 34.16880982803733, 9.789547695828455, 86.88777583705671, 66.12631955818715, 15.161217706128717, 66.28644972629804, 27.16613768140278, 110.48803097512724, 94.84654267366967, 75.24149765052539, 83.3672057476972, 67.36660475526762, 52.56394656554547, 28.53505639979499, 95.96095779165401, 76.76326975149931, 64.506219949907, 39.26028341880059, 65.60813654947287, 29.162654780910607, 12.783854945323817], [38.722846614961654, 55.66485323330003, 0.0, 48.14732685034326, 48.50408282768142, 29.098907034342304, 67.64365622841287, 49.13294034588317, 48.73526503147165, 24.74050316828377, 49.023853051517996, 34.13413837319168, 50.052618581091906, 33.14427658856649, 27.13748548156854, 17.510458023434243, 47.99926191789443, 46.19152267244935, 31.48456317769401, 46.38985735139835, 40.593921227797644, 37.41635214846972, 55.58588268933733, 56.67459148490768, 51.48508934625827, 58.76030983639332, 59.5122944070012, 17.106519356102684, 34.27918813276444, 39.034561522093995, 65.64263422958672, 25.513263493303626, 10.27806355089368, 42.40441362373962, 11.620291551991828, 41.32867192848991, 46.30392051496153], [11.107057406552434, 91.56318606736603, 48.14732685034326, 0.0, 96.49633720350775, 75.55162822865569, 90.08812979532908, 8.833412559060239, 66.9633095907974, 70.10218438053498, 89.14939993951876, 50.25417751711436, 97.79053616107646, 44.059792338078005, 33.66666856453339, 51.48942565623921, 65.59097043138955, 84.20972475646609, 35.31809653715853, 34.99056939461593, 77.55870780132268, 82.26772982266145, 100.64124092770807, 65.7518494376951, 3.426298116094603, 39.096385204526385, 30.725959761534696, 56.184978110585504, 41.13375944924181, 84.69572200237288, 25.746663199865754, 57.32222204307761, 49.170336402237055, 57.710994063918506, 49.6329231673895, 65.02375737407003, 79.1174965297486], [87.22127513887544, 44.41664316243231, 48.50408282768142, 96.49633720350775, 0.0, 22.799910856597748, 70.54312263606876, 96.58376814009442, 73.96755467676786, 28.78501539170374, 33.678575700750834, 69.5317837507353, 14.615458013710247, 67.86506982643594, 72.20700343356455, 53.14976615644748, 66.72015990077969, 37.90163264160327, 75.24038199768914, 86.04650631333736, 39.62429376525665, 30.30536583218383, 20.73321716920877, 85.90061384135004, 99.86983509943458, 98.10904230322974, 102.36849398628539, 47.70571350583656, 70.82077521691299, 18.531282997008926, 111.32391067992728, 54.44293900580175, 50.76519555699717, 66.93911987308908, 51.03811059426203, 58.36024371006102, 47.25292382078807], [67.09015739945393, 34.42455534762769, 29.098907034342304, 75.55162822865569, 22.799910856597748, 0.0, 55.93391640772125, 74.81930911776345, 67.27751382576163, 5.991145222557696, 24.61659850963542, 57.750552495041106, 31.21674063514301, 45.127316994350466, 55.55614209817315, 39.5815501465557, 46.43419636392331, 24.982595359368478, 59.439723119884114, 63.248797057913904, 22.931602005191543, 32.56690116001688, 26.587873443396113, 77.91842051812645, 78.96912303330613, 75.34273630524385, 79.6082456315989, 35.13224808252595, 48.04097548169308, 10.06747060567424, 88.85922381434223, 44.06961533474826, 34.73982270344242, 45.37744293227752, 35.497740588454434, 37.8884333933354, 31.136593808710902], [88.02085704195376, 27.05077430730035, 67.64365622841287, 90.08812979532908, 70.54312263606876, 55.93391640772125, 0.0, 83.92190961960208, 116.08481618388001, 53.33736582825321, 37.05016989181424, 101.64805489619857, 83.90640053295353, 46.45004093936709, 90.90112009091479, 84.8641336096825, 24.511800846653024, 32.75627106531599, 95.79934943265962, 57.861024876980714, 33.01194964505389, 88.42556066266377, 54.21690960487015, 124.3001549967622, 92.9479178610341, 63.085990179024996, 73.13215618691028, 82.88012107013256, 49.074223196730124, 53.09610449820395, 86.99104139499165, 92.22331740499165, 77.77326928170949, 32.423736408547526, 79.07020733273787, 27.30606665743488, 24.797769627803124], [17.260047999121294, 87.5915755683925, 49.13294034588317, 8.833412559060239, 96.58376814009442, 74.81930911776345, 83.92190961960208, 0.0, 73.75033606740723, 69.10813280239736, 86.16125876060049, 56.51918421213154, 99.1855094497632, 38.888954408970505, 39.3300375050227, 55.28464056892999, 59.59068561127496, 80.87408104526666, 41.748988963477366, 27.29045086601029, 74.2196118803576, 85.01458617083105, 98.89354342835415, 73.42203499193299, 10.13249860013631, 30.353037456031092, 21.9260905378602, 59.496288055067744, 35.686849223762295, 83.44336998715484, 18.75564283966684, 61.88550392117266, 51.91451281387047, 51.85002808653285, 52.57934064873696, 59.96416504109651, 74.92601696385714], [56.53157068906742, 100.60686617830163, 48.73526503147165, 66.9633095907974, 73.96755467676786, 67.27751382576163, 116.08481618388001, 73.75033606740723, 0.0, 66.41027181276992, 91.7007846916688, 17.819381154430378, 64.87395441882104, 79.1764290541164, 35.12285075902751, 31.27433980348753, 96.57780645133931, 90.81968896518107, 32.030069181406034, 86.5111623405885, 86.49557341446184, 44.417039216618704, 90.71494038827562, 12.275890324110364, 68.73309813596711, 97.0697120604092, 93.13186883229749, 33.478611907723774, 79.1583052462834, 76.21870000228417, 92.36927354933073, 24.01582583576422, 38.46682656174147, 90.49701615610898, 37.13699219991141, 90.06351384920205, 93.41581823581255], [61.939532715649705, 34.2217078135326, 24.74050316828377, 70.10218438053498, 28.78501539170374, 5.991145222557696, 53.33736582825321, 69.10813280239736, 66.41027181276992, 0.0, 25.583901049897527, 55.51134378578171, 36.58205797283354, 39.2047369863933, 51.71606757405267, 37.24230474999002, 41.729297231795016, 24.45071123440017, 55.83910487826718, 57.27235454366084, 20.883603868360083, 35.39231012083157, 31.0491795011913, 76.51472647956425, 73.5259860493366, 69.39267668510266, 73.61797603256316, 33.364234475129095, 42.085022998784986, 14.662616011906183, 82.93263550927676, 42.66699265480646, 31.652082850256477, 40.08346179496305, 32.573349982765954, 33.21432641755134, 28.745244741165678], [82.76357163807894, 10.906129019454752, 49.023853051517996, 89.14939993951876, 33.678575700750834, 24.61659850963542, 37.05016989181424, 86.16125876060049, 91.7007846916688, 25.583901049897527, 0.0, 81.06935901004651, 47.55720942546939, 49.24233614966297, 76.1141226408538, 62.80797486804994, 38.7599713649652, 6.248829721547723, 80.50822795389884, 67.32401866778832, 12.281657380972657, 55.741777448789534, 18.24426610692067, 102.03651244117597, 92.52391015989888, 77.62067485049103, 84.71183752955122, 58.91819122887736, 52.683788730047354, 17.747589891730332, 96.46808292557427, 68.15319470569952, 56.99909988783541, 42.06708123831036, 57.99133432278391, 31.881644771452343, 16.23304380222846], [39.47113425900104, 88.9055048187978, 34.13413837319168, 50.25417751711436, 69.5317837507353, 57.750552495041106, 101.64805489619857, 56.51918421213154, 17.819381154430378, 55.51134378578171, 81.06935901004651, 0.0, 63.68352339023824, 62.27519435162328, 17.416724448578, 18.27065198721131, 80.80886548581618, 79.19676143764433, 14.937534277853398, 68.76058373176302, 74.12058410550358, 43.5222837156573, 83.31410682642881, 22.76608301580996, 52.34020720411988, 79.25064002889516, 75.42478481527496, 22.727816544046743, 62.000227248574454, 67.50973226963303, 75.2451466804784, 15.141090572341094, 24.460591601220443, 74.28615948298439, 23.311957449594647, 74.90270816780978, 80.29848264642469], [87.66741253969718, 58.429319328546214, 50.052618581091906, 97.79053616107646, 14.615458013710247, 31.21674063514301, 83.90640053295353, 99.1855094497632, 64.87395441882104, 36.58205797283354, 47.55720942546939, 63.68352339023824, 0.0, 75.14461792953512, 69.79271146214545, 49.66319724356848, 77.50651582824993, 51.15669057478496, 72.00479236672567, 92.49409607032592, 51.83611297656591, 20.618684601623787, 35.296500405064684, 77.10780145389805, 101.03927462018706, 104.89126706620874, 107.8361574938071, 44.11580090502972, 77.74446443522804, 30.855970253558162, 115.35485580050438, 48.70497030214781, 49.29668714348715, 76.57392081303136, 49.177943250647296, 68.97662839706653, 59.85612129466971], [41.610972203662286, 49.15642802345212, 33.14427658856649, 44.059792338078005, 67.86506982643594, 45.127316994350466, 46.45004093936709, 38.888954408970505, 79.1764290541164, 39.2047369863933, 49.24233614966297, 62.27519435162328, 75.14461792953512, 0.0, 48.00948578769947, 49.42361981090651, 22.046069467522113, 43.43657279389583, 52.82299697437799, 18.552031274466632, 36.968380468119186, 68.11822289772871, 64.42468446857266, 84.70739783829212, 47.10369564186736, 30.261508109397806, 35.747427931798455, 50.13589309841994, 3.4479575515243868, 51.18519999899808, 47.23830479960595, 57.770447896106944, 42.501531404351965, 14.165976190796073, 43.8160139761336, 21.087139106905934, 36.383486621847574], [22.619164860974898, 82.28071892051472, 27.13748548156854, 33.66666856453339, 72.20700343356455, 55.55614209817315, 90.90112009091479, 39.3300375050227, 35.12285075902751, 51.71606757405267, 76.1141226408538, 17.416724448578, 69.79271146214545, 48.00948578769947, 0.0, 20.244295998655915, 68.33403907432901, 73.01862431126968, 4.9079213298081505, 52.11622153574102, 67.12156867017711, 51.64529547992597, 82.13604319094524, 37.61431142107362, 36.105656192104725, 62.143420561726266, 58.02235694677411, 25.71964732897864, 47.13795574163922, 65.61760627746685, 58.08549527354749, 24.244185768751393, 21.48074637722564, 61.15519535579193, 21.17079387486628, 63.61398845658161, 72.00225349025325], [40.53330349956908, 70.79300808550482, 17.510458023434243, 51.48942565623921, 53.14976615644748, 39.5815501465557, 84.8641336096825, 55.28464056892999, 31.27433980348753, 37.24230474999002, 62.80797486804994, 18.27065198721131, 49.66319724356848, 49.42361981090651, 20.244295998655915, 0.0, 65.49127428609088, 61.05052249364279, 22.39253725964123, 59.94293699751959, 56.15407470302096, 31.490532925382297, 65.47527505921524, 39.87571949748692, 54.38303925134578, 71.72891718394432, 70.33781755864749, 5.566548248968683, 49.978045206222106, 49.44009424950305, 73.55847217075518, 8.35512529452565, 7.2382996165814735, 59.71876330553502, 5.890896705481565, 58.81202773298046, 62.64408593564131], [63.65612301004644, 34.16880982803733, 47.99926191789443, 65.59097043138955, 66.72015990077969, 46.43419636392331, 24.511800846653024, 59.59068561127496, 96.57780645133931, 41.729297231795016, 38.7599713649652, 80.80886548581618, 77.50651582824993, 22.046069467522113, 68.33403907432901, 65.49127428609088, 0.0, 32.54334210837864, 73.23453613760367, 34.34592317758262, 27.976380754428202, 76.30355197144236, 56.65907736287368, 103.56597963504541, 68.47790034505755, 41.7171877000062, 50.76438171815117, 64.65215844857129, 24.57009573805298, 48.23264356958636, 64.18032622346959, 73.48252724087533, 58.25325836327514, 7.920968414752851, 59.60264468533623, 8.546108955412002, 22.667114298882847], [78.27703274974854, 9.789547695828455, 46.19152267244935, 84.20972475646609, 37.90163264160327, 24.982595359368478, 32.75627106531599, 80.87408104526666, 90.81968896518107, 24.45071123440017, 6.248829721547723, 79.19676143764433, 51.15669057478496, 43.43657279389583, 73.01862431126968, 61.05052249364279, 32.54334210837864, 0.0, 77.55724682820437, 61.34765902340049, 6.6617288711774325, 57.26037310943728, 24.24198189446931, 100.71095440098492, 87.55550801352088, 71.48703123962139, 78.73606807575344, 57.58139865613734, 46.88423606676541, 20.41077389849202, 90.67133317025745, 66.97449822570057, 54.83626483065702, 35.84501947549064, 55.918759811230274, 25.643067600693396, 10.171906136344678], [24.59492700078966, 86.88777583705671, 31.48456317769401, 35.31809653715853, 75.24038199768914, 59.439723119884114, 95.79934943265962, 41.748988963477366, 32.030069181406034, 55.83910487826718, 80.50822795389884, 14.937534277853398, 72.00479236672567, 52.82299697437799, 4.9079213298081505, 22.39253725964123, 73.23453613760367, 77.55724682820437, 0.0, 56.31080232816757, 71.7377582722287, 53.17997260193003, 85.96583915780452, 33.393584875624, 37.42050210261418, 65.96968086690168, 61.307584382139275, 27.959064587722995, 51.87695870308177, 69.50626566299923, 60.42517255328627, 24.803091729797135, 24.89527876420478, 66.03627674293702, 24.38191168425135, 68.51594830823248, 76.75165244636109], [37.42174596824485, 66.12631955818715, 46.38985735139835, 34.99056939461593, 86.04650631333736, 63.248797057913904, 57.861024876980714, 27.29045086601029, 86.5111623405885, 57.27235454366084, 67.32401866778832, 68.76058373176302, 92.49409607032592, 18.552031274466632, 52.11622153574102, 59.94293699751959, 34.34592317758262, 61.34765902340049, 56.31080232816757, 0.0, 55.05524682782055, 83.40893947478999, 82.92510231590214, 89.67910948344606, 37.19277592108269, 12.49963771070198, 17.38951072771455, 62.09409420733654, 15.328290302572722, 69.68369311148003, 29.99229909038323, 68.09877811739126, 53.931008813073774, 27.34132377389933, 55.08999072135259, 37.01799273397435, 53.4154401455456], [71.72037187919959, 15.161217706128717, 40.593921227797644, 77.55870780132268, 39.62429376525665, 22.931602005191543, 33.01194964505389, 74.2196118803576, 86.49557341446184, 20.883603868360083, 12.281657380972657, 74.12058410550358, 51.83611297656591, 36.968380468119186, 67.12156867017711, 56.15407470302096, 27.976380754428202, 6.6617288711774325, 71.7377582722287, 55.05524682782055, 0.0, 55.4715869024011, 28.976120600167683, 95.99261991788735, 80.90134941754941, 65.4805884026149, 72.44066541674148, 53.0567078351192, 40.41184945123271, 21.196192978288835, 84.20162833747158, 62.51364033504009, 49.666544981138834, 30.272423656262653, 50.8106707221513, 20.32414297527577, 8.233984866263276], [71.55443544395108, 66.28644972629804, 37.41635214846972, 82.26772982266145, 30.30536583218383, 32.56690116001688, 88.42556066266377, 85.01458617083105, 44.417039216618704, 35.39231012083157, 55.741777448789534, 43.5222837156573, 20.618684601623787, 68.11822289772871, 51.64529547992597, 31.490532925382297, 76.30355197144236, 57.26037310943728, 53.17997260193003, 83.40893947478999, 55.4715869024011, 0.0, 49.27853997749181, 56.60102478756274, 85.32102825973097, 95.87831650500041, 96.92326414931289, 26.275865305917016, 70.03182770592097, 38.11032017024656, 102.46251583151508, 28.887657603040864, 33.16799733442979, 73.30042839911255, 32.63909637930551, 67.96921258543283, 63.64033587835637], [92.8779114926042, 27.16613768140278, 55.58588268933733, 100.64124092770807, 20.73321716920877, 26.587873443396113, 54.21690960487015, 98.89354342835415, 90.71494038827562, 31.0491795011913, 18.24426610692067, 83.31410682642881, 35.296500405064684, 64.42468446857266, 82.13604319094524, 65.47527505921524, 56.65907736287368, 24.24198189446931, 85.96583915780452, 82.92510231590214, 28.976120600167683, 49.27853997749181, 0.0, 102.11242241581662, 104.06627281015963, 93.93993220664606, 100.16917393506222, 60.59933233792986, 67.77609786115657, 16.557065362130402, 111.05035895309989, 68.876607155817, 61.15716510100436, 59.223557458489616, 61.83285355052251, 49.28901897421619, 34.398250700804], [56.28946206139458, 110.48803097512724, 56.67459148490768, 65.7518494376951, 85.90061384135004, 77.91842051812645, 124.3001549967622, 73.42203499193299, 12.275890324110364, 76.51472647956425, 102.03651244117597, 22.76608301580996, 77.10780145389805, 84.70739783829212, 37.61431142107362, 39.87571949748692, 103.56597963504541, 100.71095440098492, 33.393584875624, 89.67910948344606, 95.99261991788735, 56.60102478756274, 102.11242241581662, 0.0, 66.96184337658914, 99.29027096941915, 94.10344408716549, 43.15824537804442, 84.2236210128877, 87.18432948351209, 91.4980365337169, 33.89123202502228, 46.68960989988922, 96.98201832608422, 45.4446589449426, 97.64898403477689, 102.50956319377052], [13.851947776085233, 94.84654267366967, 51.48508934625827, 3.426298116094603, 99.86983509943458, 78.96912303330613, 92.9479178610341, 10.13249860013631, 68.73309813596711, 73.5259860493366, 92.52391015989888, 52.34020720411988, 101.03927462018706, 47.10369564186736, 36.105656192104725, 54.38303925134578, 68.47790034505755, 87.55550801352088, 37.42050210261418, 37.19277592108269, 80.90134941754941, 85.32102825973097, 104.06627281015963, 66.96184337658914, 0.0, 40.37017684314939, 31.39173998953562, 59.171344449177376, 44.112041739892284, 88.12131816492914, 24.85041854088051, 59.99843683088049, 52.2819431817023, 60.624546612255834, 52.707568139420324, 68.12242284502969, 82.36694602059573], [44.50613681414686, 75.24149765052539, 58.76030983639332, 39.096385204526385, 98.10904230322974, 75.34273630524385, 63.085990179024996, 30.353037456031092, 97.0697120604092, 69.39267668510266, 77.62067485049103, 79.25064002889516, 104.89126706620874, 30.261508109397806, 62.143420561726266, 71.72891718394432, 41.7171877000062, 71.48703123962139, 65.96968086690168, 12.49963771070198, 65.4805884026149, 95.87831650500041, 93.93993220664606, 99.29027096941915, 40.37017684314939, 0.0, 10.847953025138652, 74.16233355756775, 27.309730131283096, 81.358796007923, 24.768571777676282, 79.75574236915392, 65.97038279232018, 36.00048499578758, 67.08773564916994, 46.214922022554134, 62.81899253924788], [38.02572539633587, 83.3672057476972, 59.5122944070012, 30.725959761534696, 102.36849398628539, 79.6082456315989, 73.13215618691028, 21.9260905378602, 93.13186883229749, 73.61797603256316, 84.71183752955122, 75.42478481527496, 107.8361574938071, 35.747427931798455, 58.02235694677411, 70.33781755864749, 50.76438171815117, 78.73606807575344, 61.307584382139275, 17.38951072771455, 72.44066541674148, 96.92326414931289, 100.16917393506222, 94.10344408716549, 31.39173998953562, 10.847953025138652, 0.0, 73.488685647545, 32.397579475264465, 86.55564089272988, 14.028575167315354, 77.95050274762588, 65.34274733777451, 44.28367844363081, 66.32087804413135, 54.209664496050245, 70.7040754148593], [45.35813502292896, 67.36660475526762, 17.106519356102684, 56.184978110585504, 47.70571350583656, 35.13224808252595, 82.88012107013256, 59.496288055067744, 33.478611907723774, 33.364234475129095, 58.91819122887736, 22.727816544046743, 44.11580090502972, 50.13589309841994, 25.71964732897864, 5.566548248968683, 64.65215844857129, 57.58139865613734, 27.959064587722995, 62.09409420733654, 53.0567078351192, 26.275865305917016, 60.59933233792986, 43.15824537804442, 59.171344449177376, 74.16233355756775, 73.488685647545, 0.0, 51.059259330792344, 44.80526883157974, 77.49668456371738, 9.46487016527554, 8.199098277950386, 59.38431621593175, 7.167993578755801, 57.5262128082376, 59.94064691972156], [39.260755983839395, 52.56394656554547, 34.27918813276444, 41.13375944924181, 70.82077521691299, 48.04097548169308, 49.074223196730124, 35.686849223762295, 79.1583052462834, 42.085022998784986, 52.683788730047354, 62.000227248574454, 77.74446443522804, 3.4479575515243868, 47.13795574163922, 49.978045206222106, 24.57009573805298, 46.88423606676541, 51.87695870308177, 15.328290302572722, 40.41184945123271, 70.03182770592097, 67.77609786115657, 84.2236210128877, 44.112041739892284, 27.309730131283096, 32.397579475264465, 51.059259330792344, 0.0, 54.35594646973702, 43.792165895913584, 58.33169601920412, 43.22981247867604, 16.651365870695756, 44.51564794939599, 24.294307073083452, 39.78545033582447], [76.60180585793805, 28.53505639979499, 39.034561522093995, 84.69572200237288, 18.531282997008926, 10.06747060567424, 53.09610449820395, 83.44336998715484, 76.21870000228417, 14.662616011906183, 17.747589891730332, 67.50973226963303, 30.855970253558162, 51.18519999899808, 65.61760627746685, 49.44009424950305, 48.23264356958636, 20.41077389849202, 69.50626566299923, 69.68369311148003, 21.196192978288835, 38.11032017024656, 16.557065362130402, 87.18432948351209, 88.12131816492914, 81.358796007923, 86.55564089272988, 44.80526883157974, 54.35594646973702, 0.0, 96.60385102532646, 53.494728754437226, 44.780285683773265, 48.80646450558242, 45.51328413792635, 39.93120573299845, 29.05629948716445], [35.843485994361174, 95.96095779165401, 65.64263422958672, 25.746663199865754, 111.32391067992728, 88.85922381434223, 86.99104139499165, 18.75564283966684, 92.36927354933073, 82.93263550927676, 96.46808292557427, 75.2451466804784, 115.35485580050438, 47.23830479960595, 58.08549527354749, 73.55847217075518, 64.18032622346959, 90.67133317025745, 60.42517255328627, 29.99229909038323, 84.20162833747158, 102.46251583151508, 111.05035895309989, 91.4980365337169, 24.85041854088051, 24.768571777676282, 14.028575167315354, 77.49668456371738, 43.792165895913584, 96.60385102532646, 0.0, 80.42090520001642, 69.66849716488633, 57.33084426170498, 70.44451882529506, 66.94660927040844, 83.20145682431277], [46.22413759946483, 76.76326975149931, 25.513263493303626, 57.32222204307761, 54.44293900580175, 44.06961533474826, 92.22331740499165, 61.88550392117266, 24.01582583576422, 42.66699265480646, 68.15319470569952, 15.141090572341094, 48.70497030214781, 57.770447896106944, 24.244185768751393, 8.35512529452565, 73.48252724087533, 66.97449822570057, 24.803091729797135, 68.09877811739126, 62.51364033504009, 28.887657603040864, 68.876607155817, 33.89123202502228, 59.99843683088049, 79.75574236915392, 77.95050274762588, 9.46487016527554, 58.33169601920412, 53.494728754437226, 80.42090520001642, 0.0, 15.391999161430276, 67.8847013514969, 14.045957070795856, 66.58649347622917, 69.40031673819487], [38.628393265365716, 64.506219949907, 10.27806355089368, 49.170336402237055, 50.76519555699717, 34.73982270344242, 77.77326928170949, 51.91451281387047, 38.46682656174147, 31.652082850256477, 56.99909988783541, 24.460591601220443, 49.29668714348715, 42.501531404351965, 21.48074637722564, 7.2382996165814735, 58.25325836327514, 54.83626483065702, 24.89527876420478, 53.931008813073774, 49.666544981138834, 33.16799733442979, 61.15716510100436, 46.68960989988922, 52.2819431817023, 65.97038279232018, 65.34274733777451, 8.199098277950386, 43.22981247867604, 44.780285683773265, 69.66849716488633, 15.391999161430276, 0.0, 52.517674824712664, 1.3525864595016401, 51.598549678746735, 55.88474008569252], [55.75991976733211, 39.26028341880059, 42.40441362373962, 57.710994063918506, 66.93911987308908, 45.37744293227752, 32.423736408547526, 51.85002808653285, 90.49701615610898, 40.08346179496305, 42.06708123831036, 74.28615948298439, 76.57392081303136, 14.165976190796073, 61.15519535579193, 59.71876330553502, 7.920968414752851, 35.84501947549064, 66.03627674293702, 27.34132377389933, 30.272423656262653, 73.30042839911255, 59.223557458489616, 96.98201832608422, 60.624546612255834, 36.00048499578758, 44.28367844363081, 59.38431621593175, 16.651365870695756, 48.80646450558242, 57.33084426170498, 67.8847013514969, 52.517674824712664, 0.0, 53.86969863992355, 10.261594158126762, 26.83582296324376], [38.99268228674234, 65.60813654947287, 11.620291551991828, 49.6329231673895, 51.03811059426203, 35.497740588454434, 79.07020733273787, 52.57934064873696, 37.13699219991141, 32.573349982765954, 57.99133432278391, 23.311957449594647, 49.177943250647296, 43.8160139761336, 21.17079387486628, 5.890896705481565, 59.60264468533623, 55.918759811230274, 24.38191168425135, 55.08999072135259, 50.8106707221513, 32.63909637930551, 61.83285355052251, 45.4446589449426, 52.707568139420324, 67.08773564916994, 66.32087804413135, 7.167993578755801, 44.51564794939599, 45.51328413792635, 70.44451882529506, 14.045957070795856, 1.3525864595016401, 53.86969863992355, 0.0, 52.93270049792975, 57.09555785444322], [61.66429221122638, 29.162654780910607, 41.32867192848991, 65.02375737407003, 58.36024371006102, 37.8884333933354, 27.30606665743488, 59.96416504109651, 90.06351384920205, 33.21432641755134, 31.881644771452343, 74.90270816780978, 68.97662839706653, 21.087139106905934, 63.61398845658161, 58.81202773298046, 8.546108955412002, 25.643067600693396, 68.51594830823248, 37.01799273397435, 20.32414297527577, 67.96921258543283, 49.28901897421619, 97.64898403477689, 68.12242284502969, 46.214922022554134, 54.209664496050245, 57.5262128082376, 24.294307073083452, 39.93120573299845, 66.94660927040844, 66.58649347622917, 51.598549678746735, 10.261594158126762, 52.93270049792975, 0.0, 16.605347956535923], [74.30576564586997, 12.783854945323817, 46.30392051496153, 79.1174965297486, 47.25292382078807, 31.136593808710902, 24.797769627803124, 74.92601696385714, 93.41581823581255, 28.745244741165678, 16.23304380222846, 80.29848264642469, 59.85612129466971, 36.383486621847574, 72.00225349025325, 62.64408593564131, 22.667114298882847, 10.171906136344678, 76.75165244636109, 53.4154401455456, 8.233984866263276, 63.64033587835637, 34.398250700804, 102.50956319377052, 82.36694602059573, 62.81899253924788, 70.7040754148593, 59.94064691972156, 39.78545033582447, 29.05629948716445, 83.20145682431277, 69.40031673819487, 55.88474008569252, 26.83582296324376, 57.09555785444322, 16.605347956535923, 0.0]]",Route_2,1879.8040225961622
