instance_id,num_cities,city_coordinates,distance_matrix,best_route,total_distance
610,33,"[[82.14184224612534, 8.186819775858911], [81.19513689604541, 84.66263519282484], [54.10944477206947, 50.73756358008491], [83.43840540481155, 2.7448263369720394], [86.7739056549415, 91.1033985176943], [12.760329157328565, 51.54681160522675], [90.00270488883851, 7.464041078763306], [96.7379034517976, 37.93604914760724], [26.683322872440108, 18.835320087012054], [32.174781777354035, 84.90440876697069], [48.45467399391203, 17.87645410225107], [58.83342643816305, 45.690070314636955], [92.38584001013787, 10.964648353295047], [29.625956381699048, 77.50364121207186], [67.88160846675197, 87.81769889174412], [78.8996589372429, 12.371268957132052], [67.14960537569472, 60.20583890192398], [58.09223528208487, 74.67027706257723], [25.63005179783896, 18.615967063354088], [49.57117296167872, 56.12047418629178], [86.06978649931136, 93.78588452874607], [9.714471408066949, 39.485672649832935], [88.65846959803086, 28.352526147204728], [84.01924907768947, 10.125599477370262], [65.12644061604654, 74.06069899515242], [45.19597465605047, 32.12562839212813], [59.27630359184292, 70.90799168760687], [99.6003912310526, 4.404123820853833], [14.596262915742052, 83.22714895729112], [73.55924498586248, 77.25934788723396], [78.38549873722593, 69.14144679523243], [62.827977826388484, 40.79262599650918], [3.109028462648422, 18.716099518124494]]","[[0.0, 76.48167489477275, 50.95469660822573, 5.594315741299389, 83.0458610749162, 81.81615518914172, 7.894021189012526, 33.137013307367106, 56.47156744768157, 91.55487749158426, 35.05302152785299, 44.15626850687479, 10.613944685870313, 86.9640155589959, 80.89765865716451, 5.293521281628449, 54.13636039869159, 70.6996017522003, 57.466073232954585, 57.95242637522267, 85.68913952552626, 78.90083800404341, 21.19250210567267, 2.6988003153616438, 68.03596002138103, 44.02344477604757, 66.75910622479546, 17.86364244344127, 100.96264799783536, 69.60370044350061, 61.0702601241209, 37.89675392593108, 79.73111930999478], [76.48167489477275, 0.0, 43.41134876693357, 81.94851835967785, 8.520920905173254, 76.02618418755512, 77.69939631126672, 49.243795910223376, 85.46796640955078, 49.02095134148018, 74.37964705286578, 44.93224797165983, 74.54277362955624, 52.06372608388395, 13.682268312741236, 72.32780137182665, 28.203046652866895, 25.171239222324076, 86.3113031588295, 42.599648470908555, 10.34388163118701, 84.56029495700194, 56.80255025745017, 74.59051751302884, 19.251079223730972, 63.68733599043008, 25.87712254817083, 82.34186076826961, 66.61434257107649, 10.635577473420062, 15.773438301684633, 47.55975440616679, 102.207562820795], [50.95469660822573, 43.41134876693357, 0.0, 56.24491763602652, 51.92656001488067, 41.35703379701459, 56.22209415774576, 44.50914806165383, 42.07071787294149, 40.60175797568818, 33.344099158137176, 6.913261968588397, 55.19934073934432, 36.27484135820521, 39.55513781500561, 45.67852100769449, 16.11502485689944, 24.261850607110297, 42.9286942145263, 7.0407128630133595, 53.615495706195034, 45.798675848727115, 41.167037995176955, 50.43736731710595, 25.794240500851817, 20.636232237253672, 20.821685813213648, 64.93237905433901, 51.15529980748793, 32.8892044779347, 30.46358011652565, 13.225528426511744, 60.21973617017666], [5.594315741299389, 81.94851835967785, 56.24491763602652, 0.0, 88.42150665836068, 85.88960489004457, 8.084615976973591, 37.62045734981909, 58.99189251394102, 96.84088027527096, 38.11597594522434, 49.49443372996988, 12.149981892851505, 92.11221456134103, 86.48356824098154, 10.64277299467108, 59.72514521856034, 76.26072909415214, 59.94746745864585, 63.213520837648176, 91.07907796603168, 82.37176841455825, 26.13433296933981, 7.403593149434006, 73.62935384357769, 48.22566784377435, 72.31890675776457, 16.246939834554478, 105.90866270917819, 75.16655993490575, 66.58861069334314, 43.27152393777803, 81.90171162401386], [83.0458610749162, 8.520920905173254, 51.92656001488067, 88.42150665836068, 0.0, 83.92099304781611, 83.70165623982643, 54.092959718771624, 93.98698473301447, 54.94990265805499, 82.64713487782898, 53.32017214283758, 80.33500535332674, 58.743863551088666, 19.175888899314245, 79.12491381677674, 36.6029008640043, 33.055796710045136, 94.83142191988046, 51.06709620316196, 2.7733580700684337, 92.74991121407109, 62.77916505109848, 81.02463866179042, 27.55115877101776, 72.160250243002, 34.11704231397068, 87.64292878032082, 72.606111440603, 19.138573469766587, 23.50941713605262, 55.718769649452106, 110.63332559430094], [81.81615518914172, 76.02618418755512, 41.35703379701459, 85.88960489004457, 83.92099304781611, 0.0, 88.93635514195861, 85.07341440814993, 35.55125077036345, 38.59598760156813, 49.06912703208732, 46.44385547727641, 89.37076676843098, 30.954908898431885, 65.98433675698132, 76.87089231633095, 55.074241903839926, 50.88886290398911, 35.356332998271334, 37.09388913276281, 84.60742176200843, 12.439787873193628, 79.36310603967551, 82.42299729054564, 57.00074345754736, 37.80546860330529, 50.38443382409636, 98.81107930036544, 31.73349062907967, 66.01244343287627, 67.94287357670171, 51.2095884708632, 34.21992491583428], [7.894021189012526, 77.69939631126672, 56.22209415774576, 8.084615976973591, 83.70165623982643, 88.93635514195861, 0.0, 31.207469865885898, 64.33234120737436, 96.64925886457958, 42.83289876038584, 49.322948312906114, 4.234806287998905, 92.4710622147714, 83.34298549272675, 12.139131552688724, 57.480095641681125, 74.3972864131188, 65.33149255251992, 63.26260551640546, 86.41139105269636, 86.43833249164523, 20.931693122429273, 6.548712587460872, 71.09109205661663, 51.14525357223834, 70.49288336790738, 10.073662529029603, 106.89331132702087, 71.70615194018802, 62.76194591217677, 43.00302737643074, 87.61917496748198], [33.137013307367106, 49.243795910223376, 44.50914806165383, 37.62045734981909, 54.092959718771624, 85.07341440814993, 31.207469865885898, 0.0, 72.61185929857434, 79.83998675903483, 52.284391554903905, 38.689458796110024, 27.32026568332848, 77.90768756239395, 57.62694457856255, 31.17308059124657, 37.03256565162323, 53.31876938557855, 73.6857661871251, 50.55070503084055, 56.859588737628336, 87.03722799853207, 12.534798143433989, 30.5807992038927, 48.00286355233214, 51.8684047695856, 49.905114556810645, 33.65388316978222, 93.80049483838191, 45.64616119726164, 36.20203863256659, 34.030032136547575, 95.58123610570006], [56.47156744768157, 85.46796640955078, 42.07071787294149, 58.99189251394102, 93.98698473301447, 35.55125077036345, 64.33234120737436, 72.61185929857434, 0.0, 66.2969124462414, 21.79245634689097, 41.8904138088278, 66.17226180031479, 58.74207176805184, 80.34841206564093, 52.61491907284595, 57.870889457897505, 64.062954967906, 1.075869743779121, 43.74970168943436, 95.62603814986913, 26.727868994530073, 62.701642903919755, 57.99368644009294, 67.28830342189096, 22.789264378348175, 61.431795674542656, 74.33140846026627, 65.51644559693482, 74.90473348450513, 72.13751710127515, 42.29136276526476, 23.574595870631196], [91.55487749158426, 49.02095134148018, 40.60175797568818, 96.84088027527096, 54.94990265805499, 38.59598760156813, 96.64925886457958, 79.83998675903483, 66.2969124462414, 0.0, 68.97667429731919, 47.417799141308336, 95.35439005910237, 7.827379593400276, 35.825476013275846, 86.28018611639816, 42.81655800170819, 27.864885571499414, 66.61074233183818, 33.632563330541025, 54.62190170331683, 50.66879841049025, 79.9282329196853, 90.99296186203624, 34.69002539400928, 54.3613016937608, 30.502330660471245, 105.00718397618658, 17.658355694605728, 42.08468546765284, 48.825212053485835, 53.7165505892637, 72.28907453393091], [35.05302152785299, 74.37964705286578, 33.344099158137176, 38.11597594522434, 82.64713487782898, 49.06912703208732, 42.83289876038584, 52.284391554903905, 21.79245634689097, 68.97667429731919, 0.0, 29.68696261170788, 44.471568515811285, 62.529369495862, 72.58914178935996, 30.938716387104403, 46.27393733937434, 57.60573681528739, 22.836599085965293, 38.260314192823, 84.71799287323049, 44.3594592238169, 41.546278611553454, 36.399378405484875, 58.6056070396718, 14.617047900238706, 54.12440896510389, 52.89034009072536, 73.60098721331732, 64.47144762581681, 59.362898729984565, 27.050744857542604, 45.353418537872145], [44.15626850687479, 44.93224797165983, 6.913261968588397, 49.49443372996988, 53.32017214283758, 46.44385547727641, 49.322948312906114, 38.689458796110024, 41.8904138088278, 47.417799141308336, 29.68696261170788, 0.0, 48.28684486377306, 43.187725111950016, 43.088359072412764, 38.894681006636354, 16.729207088224896, 28.989683466419763, 42.84239902674502, 13.949289028064408, 55.27229554033933, 49.50925462609621, 34.49816860712524, 43.579321334372274, 29.060189248708088, 19.234712781285836, 25.22180997760756, 58.0213305286273, 58.01688469345988, 34.8348822067112, 30.532778943660013, 6.319921015514019, 61.90964085071602], [10.613944685870313, 74.54277362955624, 55.19934073934432, 12.149981892851505, 80.33500535332674, 89.37076676843098, 4.234806287998905, 27.32026568332848, 66.17226180031479, 95.35439005910237, 44.471568515811285, 48.28684486377306, 0.0, 91.46715565554412, 80.66504038675785, 13.559338533057177, 55.33138698036632, 72.34955738972324, 67.19284141817643, 62.22655639781418, 83.06172219248442, 87.45286738274041, 17.782901460813083, 8.408557952890524, 68.73271755086087, 51.71721636303322, 68.47952841491816, 9.751422022452171, 106.17479596433178, 68.91609294281932, 59.837692407978174, 41.992564427022124, 89.61268925351298], [86.9640155589959, 52.06372608388395, 36.27484135820521, 92.11221456134103, 58.743863551088666, 30.954908898431885, 92.4710622147714, 77.90768756239395, 58.74207176805184, 7.827379593400276, 62.529369495862, 43.187725111950016, 91.46715565554412, 0.0, 39.62164436608128, 81.67082514024369, 41.318739073035005, 28.60693948744242, 59.02309226132494, 29.241263592305724, 58.74536071698991, 42.91658382786966, 76.81581691784706, 86.59348011435314, 35.667046863767695, 47.974884226547275, 30.375083248143728, 101.1926923019415, 16.082606336978323, 43.9339678017508, 49.47139846603733, 49.498210737064944, 64.4912592890054], [80.89765865716451, 13.682268312741236, 39.55513781500561, 86.48356824098154, 19.175888899314245, 65.98433675698132, 83.34298549272675, 57.62694457856255, 80.34841206564093, 35.825476013275846, 72.58914178935996, 43.088359072412764, 80.66504038675785, 39.62164436608128, 0.0, 76.24671288684263, 27.621561154698465, 16.391660321722544, 81.08066186825793, 36.60582060838665, 19.142336846419575, 75.62671878544408, 62.99035424576018, 79.35039858690521, 14.030181611097722, 60.135220112072766, 18.973388461731993, 89.24071764702447, 53.48271869670837, 11.988091273325288, 21.42741475742267, 47.29584192560039, 94.71281938776937], [5.293521281628449, 72.32780137182665, 45.67852100769449, 10.64277299467108, 79.12491381677674, 76.87089231633095, 12.139131552688724, 31.17308059124657, 52.61491907284595, 86.28018611639816, 30.938716387104403, 38.894681006636354, 13.559338533057177, 81.67082514024369, 76.24671288684263, 0.0, 49.256571546367724, 65.68192513993141, 53.634385418538066, 52.670229236277315, 81.72973973976687, 74.30868765533404, 18.725249447960856, 5.59045924933643, 63.20828522701078, 39.066264868980205, 61.73835099058223, 22.180976514177576, 95.68428538947715, 65.10747121806554, 56.772506131760856, 32.65076522363215, 76.05574628247516], [54.13636039869159, 28.203046652866895, 16.11502485689944, 59.72514521856034, 36.6029008640043, 55.074241903839926, 57.480095641681125, 37.03256565162323, 57.870889457897505, 42.81655800170819, 46.27393733937434, 16.729207088224896, 55.33138698036632, 41.318739073035005, 27.621561154698465, 49.256571546367724, 0.0, 17.066221735228332, 58.767259327393376, 18.046924696298284, 38.54338747502498, 61.0583319735615, 38.435202270637944, 52.845200912219795, 14.001797879115962, 35.64351447386968, 13.28626942477473, 64.55141290955007, 57.374511068752575, 18.218277872627795, 14.355848566164847, 19.888421254234494, 76.30592352819932], [70.6996017522003, 25.171239222324076, 24.261850607110297, 76.26072909415214, 33.055796710045136, 50.88886290398911, 74.3972864131188, 53.31876938557855, 64.062954967906, 27.864885571499414, 57.60573681528739, 28.989683466419763, 72.34955738972324, 28.60693948744242, 16.391660321722544, 65.68192513993141, 17.066221735228332, 0.0, 64.7756051770561, 20.413321381325805, 33.884359532285416, 59.81943183557947, 55.494402691765266, 69.55735366541622, 7.060568681106367, 44.456278168854304, 3.944212089237741, 81.6104117234632, 44.32967029785133, 15.682208929606801, 21.032938591287515, 34.2070533545377, 78.44758133189997], [57.466073232954585, 86.3113031588295, 42.9286942145263, 59.94746745864585, 94.83142191988046, 35.356332998271334, 65.33149255251992, 73.6857661871251, 1.075869743779121, 66.61074233183818, 22.836599085965293, 42.84239902674502, 67.19284141817643, 59.02309226132494, 81.08066186825793, 53.634385418538066, 58.767259327393376, 64.7756051770561, 0.0, 44.49455401637531, 96.45453863109921, 26.245957982317996, 63.776030240121266, 59.003260085612446, 68.07409954357098, 23.776801435677935, 62.18139672835416, 75.32322088316617, 65.54654317983596, 75.7380596141034, 73.04766446581932, 43.3069267238271, 22.521245937396426], [57.95242637522267, 42.599648470908555, 7.0407128630133595, 63.213520837648176, 51.06709620316196, 37.09388913276281, 63.26260551640546, 50.55070503084055, 43.74970168943436, 33.632563330541025, 38.260314192823, 13.949289028064408, 62.22655639781418, 29.241263592305724, 36.60582060838665, 52.670229236277315, 18.046924696298284, 20.413321381325805, 44.49455401637531, 0.0, 52.44837391602263, 43.18880967207886, 47.94659212748727, 57.46475830962711, 23.744852452510216, 24.390469140614446, 17.687855562511, 71.9548718000761, 44.24947626652878, 31.973107149318665, 31.61978965113694, 20.26538441160232, 59.647448526868324], [85.68913952552626, 10.34388163118701, 53.615495706195034, 91.07907796603168, 2.7733580700684337, 84.60742176200843, 86.41139105269636, 56.859588737628336, 95.62603814986913, 54.62190170331683, 84.71799287323049, 55.27229554033933, 83.06172219248442, 58.74536071698991, 19.142336846419575, 81.72973973976687, 38.54338747502498, 33.884359532285416, 96.45453863109921, 52.44837391602263, 0.0, 93.69443501498942, 65.4845452704134, 83.68541090653093, 28.76989192056094, 73.97739980177477, 35.231927383602674, 90.40009077235224, 72.24923162441901, 20.72776066831558, 25.814658425235205, 57.865940934657324, 111.88368958681457], [78.90083800404341, 84.56029495700194, 45.798675848727115, 82.37176841455825, 92.74991121407109, 12.439787873193628, 86.43833249164523, 87.03722799853207, 26.727868994530073, 50.66879841049025, 44.3594592238169, 49.50925462609621, 87.45286738274041, 42.91658382786966, 75.62671878544408, 74.30868765533404, 61.0583319735615, 59.81943183557947, 26.245957982317996, 43.18880967207886, 93.69443501498942, 0.0, 79.72516416581409, 79.89501787486124, 65.31400139545589, 36.23682276651802, 58.68336513122285, 96.48934475196859, 44.01305076770224, 74.18224621929846, 74.80090196384697, 53.129583953758484, 21.79465633082028], [21.19250210567267, 56.80255025745017, 41.167037995176955, 26.13433296933981, 62.77916505109848, 79.36310603967551, 20.931693122429273, 12.534798143433989, 62.701642903919755, 79.9282329196853, 41.546278611553454, 34.49816860712524, 17.782901460813083, 76.81581691784706, 62.99035424576018, 18.725249447960856, 38.435202270637944, 55.494402691765266, 63.776030240121266, 47.94659212748727, 65.4845452704134, 79.72516416581409, 0.0, 18.80806270895223, 51.41005206286814, 43.62596436908091, 51.71343468167184, 26.329671912273383, 92.1761069214757, 51.18460507417936, 42.06269104489212, 28.67002597532045, 86.09046170600963], [2.6988003153616438, 74.59051751302884, 50.43736731710595, 7.403593149434006, 81.02463866179042, 82.42299729054564, 6.548712587460872, 30.5807992038927, 57.99368644009294, 90.99296186203624, 36.399378405484875, 43.579321334372274, 8.408557952890524, 86.59348011435314, 79.35039858690521, 5.59045924933643, 52.845200912219795, 69.55735366541622, 59.003260085612446, 57.46475830962711, 83.68541090653093, 79.89501787486124, 18.80806270895223, 0.0, 66.6680970323665, 44.623400913288435, 65.62554802906111, 16.598411806296998, 100.81362776930142, 67.94374041190191, 59.28414102897918, 37.276487130251226, 81.36498319870047], [68.03596002138103, 19.251079223730972, 25.794240500851817, 73.62935384357769, 27.55115877101776, 57.00074345754736, 71.09109205661663, 48.00286355233214, 67.28830342189096, 34.69002539400928, 58.6056070396718, 29.060189248708088, 68.73271755086087, 35.667046863767695, 14.030181611097722, 63.20828522701078, 14.001797879115962, 7.060568681106367, 68.07409954357098, 23.744852452510216, 28.76989192056094, 65.31400139545589, 51.41005206286814, 66.6680970323665, 0.0, 46.43030928028796, 6.645574961507027, 77.72060046100124, 51.354869908634186, 9.019065598741438, 14.142194471411816, 33.34737789149993, 83.1215020405496], [44.02344477604757, 63.68733599043008, 20.636232237253672, 48.22566784377435, 72.160250243002, 37.80546860330529, 51.14525357223834, 51.8684047695856, 22.789264378348175, 54.3613016937608, 14.617047900238706, 19.234712781285836, 51.71721636303322, 47.974884226547275, 60.135220112072766, 39.066264868980205, 35.64351447386968, 44.456278168854304, 23.776801435677935, 24.390469140614446, 73.97739980177477, 36.23682276651802, 43.62596436908091, 44.623400913288435, 46.43030928028796, 0.0, 41.25927005804405, 61.05998983427321, 59.5626373044524, 53.30598220898749, 49.71634862685031, 19.64699425543655, 44.17155764187014], [66.75910622479546, 25.87712254817083, 20.821685813213648, 72.31890675776457, 34.11704231397068, 50.38443382409636, 70.49288336790738, 49.905114556810645, 61.431795674542656, 30.502330660471245, 54.12440896510389, 25.22180997760756, 68.47952841491816, 30.375083248143728, 18.973388461731993, 61.73835099058223, 13.28626942477473, 3.944212089237741, 62.18139672835416, 17.687855562511, 35.231927383602674, 58.68336513122285, 51.71343468167184, 65.62554802906111, 6.645574961507027, 41.25927005804405, 0.0, 77.77400905941013, 46.34725095033407, 15.631447163955706, 19.190675338848916, 30.324076912197647, 76.67304874380244], [17.86364244344127, 82.34186076826961, 64.93237905433901, 16.246939834554478, 87.64292878032082, 98.81107930036544, 10.073662529029603, 33.65388316978222, 74.33140846026627, 105.00718397618658, 52.89034009072536, 58.0213305286273, 9.751422022452171, 101.1926923019415, 89.24071764702447, 22.180976514177576, 64.55141290955007, 81.6104117234632, 75.32322088316617, 71.9548718000761, 90.40009077235224, 96.48934475196859, 26.329671912273383, 16.598411806296998, 77.72060046100124, 61.05998983427321, 77.77400905941013, 0.0, 115.92571380977218, 77.36940591426195, 68.12483137163446, 51.73329177803395, 97.54699245626716], [100.96264799783536, 66.61434257107649, 51.15529980748793, 105.90866270917819, 72.606111440603, 31.73349062907967, 106.89331132702087, 93.80049483838191, 65.51644559693482, 17.658355694605728, 73.60098721331732, 58.01688469345988, 106.17479596433178, 16.082606336978323, 53.48271869670837, 95.68428538947715, 57.374511068752575, 44.32967029785133, 65.54654317983596, 44.24947626652878, 72.24923162441901, 44.01305076770224, 92.1761069214757, 100.81362776930142, 51.354869908634186, 59.5626373044524, 46.34725095033407, 115.92571380977218, 0.0, 59.26422111369657, 65.32590307134764, 64.241630288552, 65.52581212867905], [69.60370044350061, 10.635577473420062, 32.8892044779347, 75.16655993490575, 19.138573469766587, 66.01244343287627, 71.70615194018802, 45.64616119726164, 74.90473348450513, 42.08468546765284, 64.47144762581681, 34.8348822067112, 68.91609294281932, 43.9339678017508, 11.988091273325288, 65.10747121806554, 18.218277872627795, 15.682208929606801, 75.7380596141034, 31.973107149318665, 20.72776066831558, 74.18224621929846, 51.18460507417936, 67.94374041190191, 9.019065598741438, 53.30598220898749, 15.631447163955706, 77.36940591426195, 59.26422111369657, 0.0, 9.444206870461354, 38.012917545269666, 91.59991778257762], [61.0702601241209, 15.773438301684633, 30.46358011652565, 66.58861069334314, 23.50941713605262, 67.94287357670171, 62.76194591217677, 36.20203863256659, 72.13751710127515, 48.825212053485835, 59.362898729984565, 30.532778943660013, 59.837692407978174, 49.47139846603733, 21.42741475742267, 56.772506131760856, 14.355848566164847, 21.032938591287515, 73.04766446581932, 31.61978965113694, 25.814658425235205, 74.80090196384697, 42.06269104489212, 59.28414102897918, 14.142194471411816, 49.71634862685031, 19.190675338848916, 68.12483137163446, 65.32590307134764, 9.444206870461354, 0.0, 32.33716279405582, 90.6049812373265], [37.89675392593108, 47.55975440616679, 13.225528426511744, 43.27152393777803, 55.718769649452106, 51.2095884708632, 43.00302737643074, 34.030032136547575, 42.29136276526476, 53.7165505892637, 27.050744857542604, 6.319921015514019, 41.992564427022124, 49.498210737064944, 47.29584192560039, 32.65076522363215, 19.888421254234494, 34.2070533545377, 43.3069267238271, 20.26538441160232, 57.865940934657324, 53.129583953758484, 28.67002597532045, 37.276487130251226, 33.34737789149993, 19.64699425543655, 30.324076912197647, 51.73329177803395, 64.241630288552, 38.012917545269666, 32.33716279405582, 0.0, 63.66887728285908], [79.73111930999478, 102.207562820795, 60.21973617017666, 81.90171162401386, 110.63332559430094, 34.21992491583428, 87.61917496748198, 95.58123610570006, 23.574595870631196, 72.28907453393091, 45.353418537872145, 61.90964085071602, 89.61268925351298, 64.4912592890054, 94.71281938776937, 76.05574628247516, 76.30592352819932, 78.44758133189997, 22.521245937396426, 59.647448526868324, 111.88368958681457, 21.79465633082028, 86.09046170600963, 81.36498319870047, 83.1215020405496, 44.17155764187014, 76.67304874380244, 97.54699245626716, 65.52581212867905, 91.59991778257762, 90.6049812373265, 63.66887728285908, 0.0]]",Route_0,1485.5771778137396
