instance_id,num_cities,city_coordinates,distance_matrix,best_route,total_distance
2655,52,"[[14.674124751595086, 5.184602575213704], [71.59703792316931, 27.659775841697034], [10.81988426545889, 19.643096614157084], [16.499801992966244, 49.63405935605412], [43.5261638502668, 16.733670162718383], [34.800871793412234, 38.77332953521285], [15.330523017754816, 84.12016116041973], [4.489998432071996, 91.87507545360386], [77.67420503291751, 89.75842064721333], [24.984605849745435, 99.7767714619666], [50.451392947625585, 28.684073032368374], [47.57106935218641, 40.045406185676114], [85.37334303805719, 24.33000428096942], [8.334534126777593, 66.0455542742213], [48.373731915034824, 14.267403414259416], [21.314984585114296, 1.0789028698683811], [75.05645457267579, 97.7654392244453], [11.060814250331031, 90.56210367605715], [67.17936009936635, 55.66597604273266], [28.025081453265788, 59.15300774190414], [66.74832208523118, 41.71446227063864], [49.82342297239475, 77.4244673075877], [65.48603697236895, 89.97959549538078], [11.972791706091268, 59.749958253084614], [29.63565068241556, 28.379815252788475], [75.89919591451827, 70.56184557923973], [73.9691519576623, 79.48958549539809], [89.60879356398782, 34.16192166716661], [12.195037193660173, 37.311174417982016], [38.69671214653631, 10.827425630071986], [33.70923930956402, 93.99869846410058], [82.73768855743828, 89.89211772964255], [37.64936190673307, 40.71696234724109], [27.24981976899, 56.42066844405077], [14.99120189446378, 55.137105621055284], [89.25975840898974, 3.8040349915696603], [34.078449157451566, 47.35035241961426], [47.56498827939743, 3.7669581034084576], [95.10811079545189, 34.50407632222369], [19.594576086215298, 16.524123545852774], [36.153323482386725, 3.8494694973398635], [47.95312620535596, 70.96465085713153], [2.7221015118189307, 50.22024283792139], [5.426366114816883, 2.3095212618821748], [21.655418046315177, 14.41542422789266], [79.90177412933794, 60.116140469750256], [75.88713359033237, 38.82775392275207], [19.726754692590575, 32.884981901506016], [91.96774112020087, 86.6770704415473], [76.54035743132425, 46.909947804927576], [47.38698490462414, 44.555229689256905], [62.69530803609699, 99.04891041950539]]","[[0.0, 61.1992766076285, 14.963395991523202, 44.48693409869308, 31.077662754654384, 39.15722826348501, 78.93828771795287, 87.28662278247968, 105.45966441596883, 95.15242737405757, 42.80464964624031, 47.93208312207601, 73.24565429287645, 61.1902431029589, 34.90216030637542, 7.807546951438811, 110.53161117659273, 85.4539273936726, 72.83658974781821, 55.595294774701436, 63.60937570287814, 80.3372343435247, 98.85363548126499, 54.63218136295942, 27.601904813554786, 89.5694883412453, 95.06382455033642, 80.34232764726102, 32.22208083734602, 24.67642918203582, 90.83104763678219, 108.66467614450374, 42.313238038510164, 52.75682468540295, 49.953509370807396, 74.59840960052762, 46.416357737206, 32.92140063018216, 85.61108369659246, 12.361050812124715, 21.5206542291928, 73.71910668022815, 46.59463223801823, 9.684375682633032, 11.57352688036237, 85.27672659527136, 69.84908076477959, 28.157416148168263, 112.31796583931983, 74.62194838330875, 51.18766940137702, 105.43501473007761], [61.1992766076285, 0.0, 61.30358515266635, 59.317573644897216, 30.122313266496647, 38.43785786886856, 79.71007345335889, 92.88142684900278, 62.39530147985088, 85.86955153658096, 21.170438969623532, 27.030556871650894, 14.173001138259895, 73.99738084864438, 26.808162584978604, 56.87554567505705, 70.19096524404046, 87.30027046664415, 28.352480086500517, 53.76187353632117, 14.867557159565504, 54.31956208144434, 62.618721276375084, 67.71137677045766, 41.96756456982007, 43.117237285655314, 51.88406396699782, 19.14944494235352, 60.180953674289015, 36.956182836642846, 76.39592880832299, 63.221661425598235, 36.3721710426733, 52.85702130557961, 62.92236744046035, 29.6827907459635, 42.37172770777543, 33.88814172473601, 24.4870373192332, 53.181376337565766, 42.6988007041401, 49.33909972245293, 72.47573067417316, 70.86037831418987, 51.66796150027863, 33.50200364639692, 11.963638880053887, 52.132802157450946, 62.43401805608115, 19.87474599519834, 29.522585047312397, 71.94198586882926], [14.963395991523202, 61.30358515266635, 0.0, 30.524077571273274, 32.8354303543589, 30.676596526174475, 64.63464794099704, 72.50880099495507, 96.87961018469636, 81.375949654519, 40.64967078611224, 42.03455532215133, 74.70063800554007, 46.468968594169326, 37.9366518115, 21.325487569927184, 101.14068113154703, 70.91941631107409, 66.88825276981372, 43.09352489172578, 60.12599553356476, 69.71343364714642, 89.08204828495802, 40.1234288924905, 20.74519988884377, 82.63192966937478, 87.00248411093828, 80.11546985053333, 17.721512882876333, 29.237537304137906, 77.79895950976736, 100.53405165347397, 34.11639909837619, 40.28067241684505, 35.738278723853185, 80.02305748181008, 36.17530739474199, 40.028170617799134, 85.58828102874239, 9.312529707338227, 29.853338172855, 63.346504140966594, 31.63124968626141, 18.153315744907236, 12.030683725133386, 80.06481615604874, 67.83655364737713, 15.95869251439544, 105.25458811476548, 71.15238412734215, 44.2466634166501, 94.84905301305294], [44.48693409869308, 59.317573644897216, 30.524077571273274, 0.0, 42.57769186222655, 21.28108568851944, 34.50591878189799, 43.91513204494237, 73.15922331680316, 50.855515667668115, 39.89501792599078, 32.51716354373396, 73.37479035290491, 18.330541857120327, 47.6103745120979, 48.7933315607134, 75.79915098057614, 41.28786019551835, 51.037257261485124, 14.94799133698168, 50.86878993506799, 43.390903301190555, 63.46190592652392, 11.082654584187612, 24.985864267487518, 62.97825207522887, 64.76170648169922, 74.72825230925447, 13.053141122898689, 44.706349006692506, 47.58556436505838, 77.51237888582132, 22.952527172636017, 12.713022657814525, 5.706083810455726, 85.99071107341116, 17.72636887535096, 55.39708274206433, 80.05112491021559, 33.25425500659876, 49.824588061175106, 38.00402265281318, 13.790164669887773, 48.60280740836085, 35.593997207115095, 64.26261817927556, 60.36249987677229, 17.057104657709765, 84.06898659072775, 60.10232176122253, 31.30195806978457, 67.645046265074], [31.077662754654384, 30.122313266496647, 32.8354303543589, 42.57769186222655, 0.0, 23.703951289457894, 73.04747313178808, 84.67616547556803, 80.61453280851259, 85.08787249945729, 13.811984897104528, 23.660056993243376, 42.531055688886234, 60.58145522535311, 5.438877440898369, 27.173667830126035, 86.9500249011619, 80.65132683148822, 45.55434264626602, 45.16285814843361, 34.10731017580916, 61.01662339502983, 76.46699683769972, 53.3480677695286, 18.12674961280186, 62.81310113109245, 69.7501285600929, 49.268171387156485, 37.484305768517565, 7.629372729004707, 77.88617724507503, 83.00422953237691, 24.692814847475567, 42.894955522002746, 47.844204547905, 47.52617317774132, 32.04123195722286, 13.581153279394053, 54.55716805085904, 23.93250514871227, 14.84457482974781, 54.41137071211484, 52.78562354326784, 40.73881023048769, 21.993266838635034, 56.614695557914715, 39.183936756186505, 28.76241900706514, 85.08034820664216, 44.72744917997481, 28.088166791417617, 84.51777840992814], [39.15722826348501, 38.43785786886856, 30.676596526174475, 21.28108568851944, 23.703951289457894, 0.0, 49.350072136630224, 61.143637964293234, 66.6153302083286, 61.78817851326911, 18.620738685097034, 12.833398797464989, 52.59452910893211, 38.00317449502486, 28.013620739325376, 40.034222303224105, 71.41835163656869, 56.97075968565093, 36.520241113755375, 21.476559746428425, 32.082547310268794, 41.467909219349984, 59.69640722558863, 31.0022610923878, 11.606233164314993, 51.95750184376497, 56.497501453077604, 55.00157608046347, 22.653071657905286, 28.216149934610097, 55.236156951869404, 70.07901902805699, 3.4484205708815963, 19.194972186458507, 25.694283202550977, 64.71956344327734, 8.607393102705013, 37.260820045850444, 60.45816403965433, 26.949185447647437, 34.950037561009175, 34.77445850861677, 34.05993727150653, 46.82382831055198, 27.67870129138008, 49.89596146084488, 41.08629784318633, 16.183375550998775, 74.58431029008278, 42.52515982550235, 13.850653870469616, 66.41720578461651], [78.93828771795287, 79.71007345335889, 64.63464794099704, 34.50591878189799, 73.04747313178808, 49.350072136630224, 0.0, 13.328753467126068, 62.59812023733731, 18.39376963706569, 65.62495997386952, 54.608029208407785, 92.09158211294749, 19.381312511109464, 77.2739375143589, 83.25661750713432, 61.26483912937079, 7.728456271040972, 59.14340671137485, 28.009115724997415, 66.64858107472472, 35.136767971053516, 50.49661920145955, 24.60042986018762, 57.54670137726946, 62.06764098847319, 58.82117845590691, 89.51584870068886, 46.91388399191446, 76.9272635411106, 20.865347152516474, 67.65383543252581, 48.805411959827566, 30.15512446978428, 28.985041784040874, 109.16140329028052, 41.27352140749489, 86.57769916222844, 93.94796105450735, 67.73039531673057, 82.92751629742153, 35.175299431214604, 36.1687262029423, 82.40796760366194, 69.99110406298153, 68.88860195586214, 75.62079897370525, 51.42344257857355, 76.67986035168427, 71.63270068130781, 50.92151363640044, 49.66176008031151], [87.28662278247968, 92.88142684900278, 72.50880099495507, 43.91513204494237, 84.67616547556803, 61.143637964293234, 13.328753467126068, 0.0, 73.21480945385747, 21.965102617860243, 78.13803537852067, 67.39653765622312, 105.37766402026003, 26.11406937005486, 89.1556662460113, 92.34189252395439, 70.81187130415775, 6.700710067307592, 72.39513068155335, 40.306746930799875, 79.9511474526325, 47.58087279929663, 61.02548288937513, 32.985077691720015, 68.29313212223069, 74.52199173911349, 70.57445101548693, 102.83976567790307, 55.105234946806185, 87.9705678341408, 29.296310555215175, 78.27281221018164, 60.964710469648686, 42.13103895808262, 38.20934050171238, 122.23919328353533, 53.459586395535254, 98.07392667443776, 107.25238379465031, 76.8499461256432, 93.54717236351587, 48.2316217086007, 41.69233190601317, 89.57044870998202, 79.33882529091206, 81.82643744611755, 88.94700236885149, 60.92610178427393, 87.63204163955014, 84.93007086057848, 63.86954870349332, 58.645732787803034], [105.45966441596883, 62.39530147985088, 96.87961018469636, 73.15922331680316, 80.61453280851259, 66.6153302083286, 62.59812023733731, 73.21480945385747, 0.0, 53.63358290409839, 66.86671394954318, 58.11697329236541, 65.87984816479741, 73.28226247186397, 80.97784516642753, 105.07339626521319, 8.424070510639956, 66.61823877861399, 35.67122859236653, 58.324324010930425, 49.2706490182196, 30.459685920357064, 12.190174690529993, 72.23007357328592, 77.94251666613447, 19.278463416744238, 10.916794111167178, 56.863038102481745, 83.89418965548955, 88.03037501967084, 44.1689728997634, 5.065248297264734, 63.30128513279639, 60.44852646015832, 71.60861915018246, 86.73166354030654, 60.81968580278857, 91.11035376911369, 57.9394825392965, 93.46927607784795, 95.41662062976529, 35.16458885863332, 84.7412846652484, 113.43306498566274, 93.88648254616899, 29.725861437451186, 50.962009745878824, 81.19418104585068, 14.621897721172504, 42.8634720397186, 54.41180180697173, 17.626132742335237], [95.15242737405757, 85.86955153658096, 81.375949654519, 50.855515667668115, 85.08787249945729, 61.78817851326911, 18.39376963706569, 21.965102617860243, 53.63358290409839, 0.0, 75.51641553391258, 63.859097482792066, 96.63857540993959, 37.61675027626413, 88.65045539655307, 98.76606393315936, 50.11222896560993, 16.69676839716598, 61.042276814543975, 40.73738664518216, 71.52230241279669, 33.4154505739827, 41.66954019305785, 42.088633655272396, 71.5482884069969, 58.7009997853281, 53.01938958381894, 92.09557074756528, 63.761460777417696, 90.00004435008063, 10.464480712240546, 58.592874495535355, 60.402459375846774, 43.415237682178706, 45.74459409593295, 115.50784121491661, 53.20927926320217, 98.6293968947114, 95.80099517581401, 83.42694891877656, 96.57529454146311, 36.846861753393014, 54.327420596435545, 99.41020874686261, 85.42624358501696, 67.74113242742428, 79.4093827540342, 67.09811107171153, 68.25205181886113, 73.84373070698642, 59.59266115113161, 37.71772582069116], [42.80464964624031, 21.170438969623532, 40.64967078611224, 39.89501792599078, 13.811984897104528, 18.620738685097034, 65.62495997386952, 78.13803537852067, 66.86671394954318, 75.51641553391258, 0.0, 11.720757442882828, 35.19233599536275, 56.300178308070834, 14.565611495713183, 40.136961917509375, 73.33242265557813, 73.35194862066749, 31.746621475212496, 37.832465285466235, 20.86578402593509, 48.7444394817873, 63.11245198028998, 49.45393794281424, 20.817965771133498, 49.003454055089676, 55.984686169391274, 39.538700645014195, 39.21703244626777, 21.378315583446586, 67.42625604115905, 69.2013700721866, 17.56936037640396, 36.161190840387754, 44.24011847480597, 46.09886682657604, 24.829483976090174, 25.08373872236287, 45.03437450697295, 33.16636124649832, 28.656453429809602, 42.35432206884422, 52.363077362372245, 52.181127070897965, 32.13724489159525, 43.07319137394256, 27.383775562346788, 31.0104987259083, 71.32177026748235, 31.82477932455621, 16.164288115519007, 71.42215200630636], [47.93208312207601, 27.030556871650894, 42.03455532215133, 32.51716354373396, 23.660056993243376, 12.833398797464989, 54.608029208407785, 67.39653765622312, 58.11697329236541, 63.859097482792066, 11.720757442882828, 0.0, 40.93880497581649, 47.069240456172935, 25.79049619671877, 46.986916987141555, 63.93002905298341, 62.329250380036065, 25.069648355833113, 27.33397300387046, 19.249747286700245, 37.44685977737076, 53.0506298440425, 40.68791888934219, 21.39544939171494, 41.63815351084307, 47.46263842922165, 42.44744570627324, 35.48153991360226, 30.535955913662416, 55.7055480164377, 61.00316186948498, 9.944408796469512, 26.097938590109177, 35.9055309863341, 55.239331832525295, 15.343175655648793, 36.27844859192901, 47.858924411590465, 36.550443396536, 37.95406109355591, 30.921605043923222, 45.98866400805953, 56.5700717866591, 36.448826562233954, 38.05402535986486, 28.3422329919894, 28.750261473453012, 64.38615204645411, 29.77148943963861, 4.513578969873466, 60.911050784232955], [73.24565429287645, 14.173001138259895, 74.70063800554007, 73.37479035290491, 42.531055688886234, 52.59452910893211, 92.09158211294749, 105.37766402026003, 65.87984816479741, 96.63857540993959, 35.19233599536275, 40.93880497581649, 0.0, 87.60802012206501, 38.343541300427546, 68.14753850664765, 74.15659979357602, 99.54417574678797, 36.23484705952816, 67.09295549338941, 25.47765266047447, 63.896939056264074, 68.5957270474603, 81.49977960229907, 55.88462505948856, 47.19261185341317, 56.32614822575133, 10.705402404702621, 74.3207590406757, 48.590405448060956, 86.73469065634093, 65.61506987268925, 50.459000878819694, 66.39393559382866, 76.82918250856912, 20.890659149600875, 56.22368332515223, 43.03847764102692, 14.08110241391076, 66.24030461701993, 53.31099914730583, 59.79182961818383, 86.61138596261148, 82.92418701174601, 64.48467153426563, 36.20201112707459, 17.325498964298625, 66.20167825279835, 62.69483826358639, 24.246143699027503, 43.0351385156069, 78.08462208456592], [61.1902431029589, 73.99738084864438, 46.468968594169326, 18.330541857120327, 60.58145522535311, 38.00317449502486, 19.381312511109464, 26.11406937005486, 73.28226247186397, 37.61675027626413, 56.300178308070834, 47.069240456172935, 87.60802012206501, 0.0, 65.45314557761266, 66.25071991153035, 73.87804659873063, 24.66766705395425, 59.7532357952927, 20.862043325542892, 63.27853239244714, 43.02101299905538, 61.96073439433879, 7.271275505355681, 43.271762877742354, 67.71543701139032, 66.99735094227431, 87.3044745433394, 28.99255196860152, 63.015106006935696, 37.75253545410573, 78.13122281051395, 38.741408038066155, 21.223252770730138, 12.77910316838047, 102.09259839841003, 31.816029505440557, 73.60470143970419, 92.32831872871209, 50.78543734490135, 68.13397098940275, 39.92280487992786, 16.79106553835511, 63.802345923451554, 53.32088030967421, 71.8124487094593, 72.82968042121219, 35.062889919489244, 86.1404247224694, 70.83929536351074, 44.57497013485543, 63.59493106272387], [34.90216030637542, 26.808162584978604, 37.9366518115, 47.6103745120979, 5.438877440898369, 28.013620739325376, 77.2739375143589, 89.1556662460113, 80.97784516642753, 88.65045539655307, 14.565611495713183, 25.79049619671877, 38.343541300427546, 65.45314557761266, 0.0, 30.10170017912417, 87.65779869802613, 84.93017786800239, 45.46969833946888, 49.28270539928924, 33.029783586760324, 63.17369962086866, 77.62194930626181, 58.25539668358481, 23.457959335383237, 62.66350921432004, 70.06467414170812, 45.78342675803343, 42.89421095922419, 10.270256021911724, 81.06865456944955, 83.0661118110406, 28.54104552787499, 47.14994609780218, 52.77050188359499, 42.20366383636999, 36.03937602137648, 10.531543951119222, 50.927645731196996, 28.86750068800234, 16.058385017119235, 56.69880754267485, 58.10919050456174, 44.58101809905054, 26.718723886980182, 55.642826450948895, 36.88086345038957, 34.16523866025272, 84.5198054753015, 43.114898785357575, 30.303895626255425, 85.98262308555113], [7.807546951438811, 56.87554567505705, 21.325487569927184, 48.7933315607134, 27.173667830126035, 40.034222303224105, 83.25661750713432, 92.34189252395439, 105.07339626521319, 98.76606393315936, 40.136961917509375, 46.986916987141555, 68.14753850664765, 66.25071991153035, 30.10170017912417, 0.0, 110.6184067353571, 90.06881389124345, 71.29719138151209, 58.46047431100935, 60.95438330598592, 81.4946395083463, 99.26940625536866, 59.410178484576996, 28.540730566028937, 88.35901455995769, 94.44943880986189, 75.88498189750891, 37.36242687459068, 19.92882708605064, 93.74276485920628, 107.9839603691222, 42.87175808870859, 55.65908089007155, 54.42682713705625, 67.99940172573812, 47.99951115713562, 26.387276003567337, 81.01029376699513, 15.540741524552155, 15.09477858955098, 74.79042960646305, 52.54109434369442, 15.936204646070491, 13.34086567185739, 83.17335710745394, 66.35582267488304, 31.845708306744964, 110.9903522727784, 71.7657751706363, 50.69457756374742, 106.35061611567598], [110.53161117659273, 70.19096524404046, 101.14068113154703, 75.79915098057614, 86.9500249011619, 71.41835163656869, 61.26483912937079, 70.81187130415775, 8.424070510639956, 50.11222896560993, 73.33242265557813, 63.93002905298341, 74.15659979357602, 73.87804659873063, 87.65779869802613, 110.6184067353571, 0.0, 64.39976726114459, 42.83005273788279, 60.851211347771034, 56.66336632168175, 32.410816439318076, 12.337433104891645, 73.65273460061603, 82.93017689582989, 27.216644175627522, 18.308169119334245, 65.2470536942253, 87.21396635968802, 94.23507349724224, 41.51843621777854, 10.99957030475251, 68.21890717189281, 63.20493969727641, 73.65466315922819, 95.0288341782667, 64.9682838418008, 97.93617907605126, 66.36315961075826, 98.36753193221651, 101.6546259567699, 38.11656681413353, 86.5609862014396, 118.15321194417373, 98.98937166188728, 37.959805298848075, 58.94353888554539, 85.26927600990905, 20.222352359655137, 50.877136075201264, 59.97437744979004, 12.427600009950556], [85.4539273936726, 87.30027046664415, 70.91941631107409, 41.28786019551835, 80.65132683148822, 56.97075968565093, 7.728456271040972, 6.700710067307592, 66.61823877861399, 16.69676839716598, 73.35194862066749, 62.329250380036065, 99.54417574678797, 24.66766705395425, 84.93017786800239, 90.06881389124345, 64.39976726114459, 0.0, 66.08351467659352, 35.697586320834006, 74.07557357006709, 40.928441508197466, 54.428339898659296, 30.825638816514772, 64.89731536845933, 67.85297385354693, 63.87534431970338, 96.69935669328227, 53.26300713003066, 84.38816111058702, 22.907669925177903, 71.68000552179976, 56.493264913318725, 37.78520212178912, 35.64236852721824, 116.79913248561083, 48.959850524344816, 94.15918445123472, 101.02697900732569, 74.52816643948871, 90.27023288865963, 41.7744280436835, 41.194658221897356, 88.43226395701144, 76.88018223557614, 75.27306578466717, 82.93910189753159, 58.3245137137481, 81.00014999220502, 78.69613260757448, 58.61930678916412, 52.32730489154722], [72.83658974781821, 28.352480086500517, 66.88825276981372, 51.037257261485124, 45.55434264626602, 36.520241113755375, 59.14340671137485, 72.39513068155335, 35.67122859236653, 61.042276814543975, 31.746621475212496, 25.069648355833113, 36.23484705952816, 59.7532357952927, 45.46969833946888, 71.29719138151209, 42.83005273788279, 66.08351467659352, 0.0, 39.309247339112375, 13.958170736259055, 27.83272346857498, 34.355375462270466, 55.35742140360071, 46.41190243287951, 17.260430640393814, 24.77227564904185, 31.07255766960909, 57.96701224043649, 53.12021119605574, 50.888570366218794, 37.59641417983478, 33.09824472271784, 39.93667176437915, 52.190837900371605, 56.36670044543965, 34.12945797146416, 55.48181364157345, 35.04056385426719, 61.614903119827574, 60.39507677556918, 24.57025683268118, 64.68689353153341, 81.61092777831131, 61.4331940002989, 13.47827074136407, 18.956556737228787, 52.63766193471903, 39.70077844887001, 12.817811886205968, 22.69772676680908, 43.614054134481464], [55.595294774701436, 53.76187353632117, 43.09352489172578, 14.94799133698168, 45.16285814843361, 21.476559746428425, 28.009115724997415, 40.306746930799875, 58.324324010930425, 40.73738664518216, 37.832465285466235, 27.33397300387046, 67.09295549338941, 20.862043325542892, 49.28270539928924, 58.46047431100935, 60.851211347771034, 35.697586320834006, 39.309247339112375, 0.0, 42.46872064466376, 28.443170140562586, 48.51393305976152, 16.063385572165128, 30.815309656306376, 49.21475811428646, 50.24374597138298, 66.46132695433663, 26.975099336444856, 49.48985338532521, 35.30625741199829, 62.75637225791358, 20.796984013098363, 2.8401951900705673, 13.638529473429132, 82.5420768238184, 13.264461286417063, 58.73178401284788, 71.46819324606375, 43.45451862055573, 55.897671336576735, 23.165532170075593, 26.833469450428655, 61.17093991555701, 45.18875956021583, 51.885632574529595, 51.99896131255158, 27.547620742611546, 69.61492478467082, 50.036232070846204, 24.248266522250038, 52.85553577219217], [63.60937570287814, 14.867557159565504, 60.12599553356476, 50.86878993506799, 34.10731017580916, 32.082547310268794, 66.64858107472472, 79.9511474526325, 49.2706490182196, 71.52230241279669, 20.86578402593509, 19.249747286700245, 25.47765266047447, 63.27853239244714, 33.029783586760324, 60.95438330598592, 56.66336632168175, 74.07557357006709, 13.958170736259055, 42.46872064466376, 0.0, 39.517801934300685, 48.2816367670801, 57.66834351400172, 39.43555742910234, 30.26400528008294, 38.459073294768224, 24.075755975631154, 54.73070286753372, 41.724115959339294, 61.84838191085602, 50.76166196756199, 29.11605209445465, 42.14741018426891, 53.46930750396929, 44.09042142960548, 33.152433619397954, 42.520740450137936, 29.262045062050294, 53.46053616275423, 48.68071093595515, 34.768274626565486, 64.58873914216008, 72.89123170821719, 52.71249825916222, 22.619351476562628, 9.583890692799446, 47.843364468330826, 51.55245125105162, 11.084991030945476, 19.568631453114946, 57.477524889451956], [80.3372343435247, 54.31956208144434, 69.71343364714642, 43.390903301190555, 61.01662339502983, 41.467909219349984, 35.136767971053516, 47.58087279929663, 30.459685920357064, 33.4154505739827, 48.7444394817873, 37.44685977737076, 63.896939056264074, 43.02101299905538, 63.17369962086866, 81.4946395083463, 32.410816439318076, 40.928441508197466, 27.83272346857498, 28.443170140562586, 39.517801934300685, 0.0, 20.0735826678773, 41.77389804142513, 53.03700637487352, 26.963707302883535, 24.233880031056003, 58.77519517959865, 54.99974256994814, 67.52014257981867, 23.11648878071588, 35.196465533478566, 38.67361740572416, 30.83386333699818, 41.35226857341895, 83.51761854282623, 33.94637810913371, 73.69212433785775, 62.39281139336691, 67.98996289427998, 74.83416280579807, 6.725119966987947, 54.393053897795554, 87.25453442122222, 69.01866422450169, 34.70281524957002, 46.57277418499723, 53.75476910733721, 43.14804997793132, 40.557742631474945, 32.95941461962537, 25.16549155080673], [98.85363548126499, 62.618721276375084, 89.08204828495802, 63.46190592652392, 76.46699683769972, 59.69640722558863, 50.49661920145955, 61.02548288937513, 12.190174690529993, 41.66954019305785, 63.11245198028998, 53.0506298440425, 68.5957270474603, 61.96073439433879, 77.62194930626181, 99.26940625536866, 12.337433104891645, 54.428339898659296, 34.355375462270466, 48.51393305976152, 48.2816367670801, 20.0735826678773, 0.0, 61.4613568572124, 71.27259728026293, 22.033676292445165, 13.490869121500122, 60.80723721047846, 74.9259183207021, 83.56275437664002, 32.02995564118092, 17.251873369930685, 56.58345609273072, 50.87445224138006, 61.349225506010406, 89.39472612571758, 52.94987193152156, 88.05556673110202, 62.88879459101991, 86.61254263438562, 90.9879480212835, 25.864475242303367, 74.29749469690287, 106.2694969387954, 87.355979387694, 33.16081156797392, 52.198598708466456, 73.1690290778435, 26.686838072437432, 44.46563339241935, 48.89732809305119, 9.488974717465267], [54.63218136295942, 67.71137677045766, 40.1234288924905, 11.082654584187612, 53.3480677695286, 31.0022610923878, 24.60042986018762, 32.985077691720015, 72.23007357328592, 42.088633655272396, 49.45393794281424, 40.68791888934219, 81.49977960229907, 7.271275505355681, 58.25539668358481, 59.410178484576996, 73.65273460061603, 30.825638816514772, 55.35742140360071, 16.063385572165128, 57.66834351400172, 41.77389804142513, 61.4613568572124, 0.0, 36.000867476722675, 64.83426611424446, 65.06305839804998, 81.74409092284037, 22.439884426066154, 55.745691510259086, 40.56413884775786, 76.91697084708962, 31.961558009902188, 15.635592635622483, 5.512640879840705, 95.41080416660503, 25.34581456931919, 66.33928521375181, 86.88403670730763, 43.89264611838789, 60.90617998295066, 37.68758152073759, 13.281217751562012, 57.81227801914045, 46.35701918939229, 67.92996939844413, 67.25162996192614, 27.961596813609884, 84.40533930134994, 65.83187990625106, 38.53627973781867, 64.16526555876104], [27.601904813554786, 41.96756456982007, 20.74519988884377, 24.985864267487518, 18.12674961280186, 11.606233164314993, 57.54670137726946, 68.29313212223069, 77.94251666613447, 71.5482884069969, 20.817965771133498, 21.39544939171494, 55.88462505948856, 43.271762877742354, 23.457959335383237, 28.540730566028937, 82.93017689582989, 64.89731536845933, 46.41190243287951, 30.815309656306376, 39.43555742910234, 53.03700637487352, 71.27259728026293, 36.000867476722675, 0.0, 62.60702276825234, 67.65846546866584, 60.25122921302663, 19.59449349694559, 19.753207747710743, 65.74520483048974, 81.26247462688012, 14.7113821926056, 28.142168303835117, 30.50266329609082, 64.4903341411551, 19.483832751481437, 30.45084372759374, 65.7582664529695, 15.536428318515236, 25.381448374932027, 46.35728780874097, 34.66040112375443, 35.577376070295806, 16.083790897125976, 59.446425499419256, 47.41686507596892, 10.884978009618875, 85.34552982369676, 50.43230440502363, 24.01570109032974, 78.01962545427473], [89.5694883412453, 43.117237285655314, 82.63192966937478, 62.97825207522887, 62.81310113109245, 51.95750184376497, 62.06764098847319, 74.52199173911349, 19.278463416744238, 58.7009997853281, 49.003454055089676, 41.63815351084307, 47.19261185341317, 67.71543701139032, 62.66350921432004, 88.35901455995769, 27.216644175627522, 67.85297385354693, 17.260430640393814, 49.21475811428646, 30.26400528008294, 26.963707302883535, 22.033676292445165, 64.83426611424446, 62.60702276825234, 0.0, 9.133981042566461, 38.89611199740988, 71.85977296795737, 70.37205215972098, 48.262599510123096, 20.50425329135177, 48.515635178308806, 50.662951849629586, 62.83077540763448, 68.08164146543407, 47.83041160201368, 72.55607703851624, 40.85517267978639, 78.0402820123513, 77.6548485149776, 27.948972508506586, 75.95174749343941, 98.10606257871854, 78.06925174470396, 11.186303571786503, 31.734093948969527, 67.63792729986226, 22.757385996414467, 23.660586561138867, 38.59132346424303, 31.39833623489341], [95.06382455033642, 51.88406396699782, 87.00248411093828, 64.76170648169922, 69.7501285600929, 56.497501453077604, 58.82117845590691, 70.57445101548693, 10.916794111167178, 53.01938958381894, 55.984686169391274, 47.46263842922165, 56.32614822575133, 66.99735094227431, 70.06467414170812, 94.44943880986189, 18.308169119334245, 63.87534431970338, 24.77227564904185, 50.24374597138298, 38.459073294768224, 24.233880031056003, 13.490869121500122, 65.06305839804998, 67.65846546866584, 9.133981042566461, 0.0, 47.94992698325486, 74.80013112215514, 77.19220950070742, 42.794566542624025, 13.605142813881292, 53.126673669001505, 52.104423363832126, 63.807851160240546, 77.21466959533622, 51.226931126061984, 80.19411548670327, 49.70464381036766, 83.19401360506286, 84.56632918290333, 27.37714569730351, 77.02490906734869, 103.2224578577153, 83.49474965778707, 20.261450540216906, 40.7070411647112, 71.51382200110464, 19.380638578049286, 32.68094077027337, 43.89784528682129, 22.57580005790759], [80.34232764726102, 19.14944494235352, 80.11546985053333, 74.72825230925447, 49.268171387156485, 55.00157608046347, 89.51584870068886, 102.83976567790307, 56.863038102481745, 92.09557074756528, 39.538700645014195, 42.44744570627324, 10.705402404702621, 87.3044745433394, 45.78342675803343, 75.88498189750891, 65.2470536942253, 96.69935669328227, 31.07255766960909, 66.46132695433663, 24.075755975631154, 58.77519517959865, 60.80723721047846, 81.74409092284037, 60.25122921302663, 38.89611199740988, 47.94992698325486, 0.0, 77.47778693440438, 56.00480996809466, 81.88528575567997, 56.152175711837195, 52.371281218453674, 66.2124868951671, 77.50963377838454, 30.359893098425285, 57.07498449952167, 51.88000937597001, 5.509950981656274, 72.20167983913566, 61.45186765422987, 55.584489733403906, 88.35817412436462, 90.00698030049386, 70.76429470690063, 27.710064957647734, 14.493237839416, 69.89370452328737, 52.5681032981817, 18.256401435182767, 43.482203004332284, 70.24711390944206], [32.22208083734602, 60.180953674289015, 17.721512882876333, 13.053141122898689, 37.484305768517565, 22.653071657905286, 46.91388399191446, 55.105234946806185, 83.89418965548955, 63.761460777417696, 39.21703244626777, 35.48153991360226, 74.3207590406757, 28.99255196860152, 42.89421095922419, 37.36242687459068, 87.21396635968802, 53.26300713003066, 57.96701224043649, 26.975099336444856, 54.73070286753372, 54.99974256994814, 74.9259183207021, 22.439884426066154, 19.59449349694559, 71.85977296795737, 74.80013112215514, 77.47778693440438, 0.0, 37.466354575392415, 60.63279867500125, 87.98307371861706, 25.681161150104572, 24.327335249114565, 18.043900916673234, 84.03391963092942, 24.076312303288162, 48.74677310311267, 82.96057843226107, 22.064783248038605, 41.15440654521348, 49.103944914932754, 16.011888018062614, 35.650114050778065, 24.77325539052666, 71.44416493387948, 63.71014955874199, 8.736014461789917, 93.81191812323732, 65.05733384501303, 35.92978597855139, 79.76105190977154], [24.67642918203582, 36.956182836642846, 29.237537304137906, 44.706349006692506, 7.629372729004707, 28.216149934610097, 76.9272635411106, 87.9705678341408, 88.03037501967084, 90.00004435008063, 21.378315583446586, 30.535955913662416, 48.590405448060956, 63.015106006935696, 10.270256021911724, 19.92882708605064, 94.23507349724224, 84.38816111058702, 53.12021119605574, 49.48985338532521, 41.724115959339294, 67.52014257981867, 83.56275437664002, 55.745691510259086, 19.753207747710743, 70.37205215972098, 77.19220950070742, 56.00480996809466, 37.466354575392415, 0.0, 83.32067876663008, 90.50322171075193, 29.907881029785713, 47.00824539798902, 50.25235275302502, 51.04850304759198, 36.813754689118774, 11.335630695455121, 61.17867018434646, 19.933488636229175, 7.427024820697617, 60.84543581270826, 53.347602175641946, 34.34342178490628, 17.41491999832887, 64.24355643606326, 46.55261358575935, 29.092869821865122, 92.6874918526765, 52.28852546151783, 34.82937850816081, 91.42736452027188], [90.83104763678219, 76.39592880832299, 77.79895950976736, 47.58556436505838, 77.88617724507503, 55.236156951869404, 20.865347152516474, 29.296310555215175, 44.1689728997634, 10.464480712240546, 67.42625604115905, 55.7055480164377, 86.73469065634093, 37.75253545410573, 81.06865456944955, 93.74276485920628, 41.51843621777854, 22.907669925177903, 50.888570366218794, 35.30625741199829, 61.84838191085602, 23.11648878071588, 32.02995564118092, 40.56413884775786, 65.74520483048974, 48.262599510123096, 42.794566542624025, 81.88528575567997, 60.63279867500125, 83.32067876663008, 0.0, 49.200130497591196, 53.427221242615374, 38.12915473740422, 43.13453747256045, 105.92892660241, 46.64980712283729, 91.28936820919726, 85.4952132200703, 78.74981572468437, 90.18235432026208, 27.08238658353857, 53.63539769508364, 95.95220754193181, 80.49094449192297, 57.286804844715675, 69.44643898389769, 62.69287222768666, 58.71677162549568, 63.654183823233055, 51.30046129473037, 29.422726267526713], [108.66467614450374, 63.221661425598235, 100.53405165347397, 77.51237888582132, 83.00422953237691, 70.07901902805699, 67.65383543252581, 78.27281221018164, 5.065248297264734, 58.592874495535355, 69.2013700721866, 61.00316186948498, 65.61506987268925, 78.13122281051395, 83.0661118110406, 107.9839603691222, 10.99957030475251, 71.68000552179976, 37.59641417983478, 62.75637225791358, 50.76166196756199, 35.196465533478566, 17.251873369930685, 76.91697084708962, 81.26247462688012, 20.50425329135177, 13.605142813881292, 56.152175711837195, 87.98307371861706, 90.50322171075193, 49.200130497591196, 0.0, 66.71696266350875, 64.8015547650054, 76.14129839873121, 86.33478664284634, 64.63376342654624, 93.03043569441776, 56.752642910235366, 96.79832241886284, 97.84395936527437, 39.60069166360488, 89.31042395868168, 116.82359257385266, 97.09673028867199, 29.910721028172, 51.52183376355897, 84.97170894978998, 9.773965386476922, 43.42664901329337, 57.49004840783794, 22.03506000280839], [42.313238038510164, 36.3721710426733, 34.11639909837619, 22.952527172636017, 24.692814847475567, 3.4484205708815963, 48.805411959827566, 60.964710469648686, 63.30128513279639, 60.402459375846774, 17.56936037640396, 9.944408796469512, 50.459000878819694, 38.741408038066155, 28.54104552787499, 42.87175808870859, 68.21890717189281, 56.493264913318725, 33.09824472271784, 20.796984013098363, 29.11605209445465, 38.67361740572416, 56.58345609273072, 31.961558009902188, 14.7113821926056, 48.515635178308806, 53.126673669001505, 52.371281218453674, 25.681161150104572, 29.907881029785713, 53.427221242615374, 66.71696266350875, 0.0, 18.83499035969148, 26.85763852573282, 63.45232251923663, 7.533477398601531, 38.25731903808116, 57.79366554058242, 30.187228098895233, 36.89783408283797, 31.95450232616577, 36.19704212748167, 50.13434938773181, 30.78274106790586, 46.49295054583832, 38.28441317035209, 19.55913513054218, 71.15348098595318, 39.38099289978464, 10.466785458670786, 63.48161610592737], [52.75682468540295, 52.85702130557961, 40.28067241684505, 12.713022657814525, 42.894955522002746, 19.194972186458507, 30.15512446978428, 42.13103895808262, 60.44852646015832, 43.415237682178706, 36.161190840387754, 26.097938590109177, 66.39393559382866, 21.223252770730138, 47.14994609780218, 55.65908089007155, 63.20493969727641, 37.78520212178912, 39.93667176437915, 2.8401951900705673, 42.14741018426891, 30.83386333699818, 50.87445224138006, 15.635592635622483, 28.142168303835117, 50.662951849629586, 52.104423363832126, 66.2124868951671, 24.327335249114565, 47.00824539798902, 38.12915473740422, 64.8015547650054, 18.83499035969148, 0.0, 12.325633684084154, 81.32491995698051, 11.353449348462812, 56.43686104172089, 71.3097796327161, 40.62434061811454, 53.3198212400335, 25.30127115047927, 25.299293282625662, 58.34620277932536, 42.37614744515777, 52.781481709562584, 51.72135861623768, 24.708805093987504, 71.44129902133378, 50.19971025929767, 23.37293427329062, 55.43960364587332], [49.953509370807396, 62.92236744046035, 35.738278723853185, 5.706083810455726, 47.844204547905, 25.694283202550977, 28.985041784040874, 38.20934050171238, 71.60861915018246, 45.74459409593295, 44.24011847480597, 35.9055309863341, 76.82918250856912, 12.77910316838047, 52.77050188359499, 54.42682713705625, 73.65466315922819, 35.64236852721824, 52.190837900371605, 13.638529473429132, 53.46930750396929, 41.35226857341895, 61.349225506010406, 5.512640879840705, 30.50266329609082, 62.83077540763448, 63.807851160240546, 77.50963377838454, 18.043900916673234, 50.25235275302502, 43.13453747256045, 76.14129839873121, 26.85763852573282, 12.325633684084154, 0.0, 90.28234947653442, 20.614473883623294, 60.82716182295608, 82.73113676177591, 38.88641714904054, 55.48204222323358, 36.56500570869673, 13.21765349173533, 53.68649506828663, 41.263387068984585, 65.10125325892993, 63.04212440842106, 22.750438904205204, 83.18748086130097, 62.09657537281838, 34.08024141753354, 64.83770772806048], [74.59840960052762, 29.6827907459635, 80.02305748181008, 85.99071107341116, 47.52617317774132, 64.71956344327734, 109.16140329028052, 122.23919328353533, 86.73166354030654, 115.50784121491661, 46.09886682657604, 55.239331832525295, 20.890659149600875, 102.09259839841003, 42.20366383636999, 67.99940172573812, 95.0288341782667, 116.79913248561083, 56.36670044543965, 82.5420768238184, 44.09042142960548, 83.51761854282623, 89.39472612571758, 95.41080416660503, 64.4903341411551, 68.08164146543407, 77.21466959533622, 30.359893098425285, 84.03391963092942, 51.04850304759198, 105.92892660241, 86.33478664284634, 63.45232251923663, 81.32491995698051, 90.28234947653442, 0.0, 70.29408689397646, 41.69478661481767, 31.252132140705267, 70.81693498658501, 53.10645436204375, 78.84659908612315, 98.19995118169956, 83.84671272528759, 68.43207155564635, 57.08436820324762, 37.48983838736887, 75.36935769265462, 82.91726705009921, 44.94332965750815, 58.42935076001371, 98.88000970315929], [46.416357737206, 42.37172770777543, 36.17530739474199, 17.72636887535096, 32.04123195722286, 8.607393102705013, 41.27352140749489, 53.459586395535254, 60.81968580278857, 53.20927926320217, 24.829483976090174, 15.343175655648793, 56.22368332515223, 31.816029505440557, 36.03937602137648, 47.99951115713562, 64.9682838418008, 48.959850524344816, 34.12945797146416, 13.264461286417063, 33.152433619397954, 33.94637810913371, 52.94987193152156, 25.34581456931919, 19.483832751481437, 47.83041160201368, 51.226931126061984, 57.07498449952167, 24.076312303288162, 36.813754689118774, 46.64980712283729, 64.63376342654624, 7.533477398601531, 11.353449348462812, 20.614473883623294, 70.29408689397646, 0.0, 45.622351951753394, 62.367029825214516, 34.0593447635331, 43.55033775393366, 27.38871581289958, 31.487407144553238, 53.38181651144295, 35.20001700258284, 47.56829254892486, 42.6684986746303, 20.376900604333247, 69.9840044176172, 42.46419209738265, 13.598890940496975, 59.090316561585745], [32.92140063018216, 33.88814172473601, 40.028170617799134, 55.39708274206433, 13.581153279394053, 37.260820045850444, 86.57769916222844, 98.07392667443776, 91.11035376911369, 98.6293968947114, 25.08373872236287, 36.27844859192901, 43.03847764102692, 73.60470143970419, 10.531543951119222, 26.387276003567337, 97.93617907605126, 94.15918445123472, 55.48181364157345, 58.73178401284788, 42.520740450137936, 73.69212433785775, 88.05556673110202, 66.33928521375181, 30.45084372759374, 72.55607703851624, 80.19411548670327, 51.88000937597001, 48.74677310311267, 11.335630695455121, 91.28936820919726, 93.03043569441776, 38.25731903808116, 56.43686104172089, 60.82716182295608, 41.69478661481767, 45.622351951753394, 0.0, 56.61376983538535, 30.742303563370253, 11.411963090084981, 67.1988136984079, 64.56618430940146, 42.16381861354967, 28.012419753875417, 64.9684390489733, 45.07109182723907, 40.284321505272956, 94.05153474433196, 51.97008348921346, 40.78865999468924, 96.47578459440972], [85.61108369659246, 24.4870373192332, 85.58828102874239, 80.05112491021559, 54.55716805085904, 60.45816403965433, 93.94796105450735, 107.25238379465031, 57.9394825392965, 95.80099517581401, 45.03437450697295, 47.858924411590465, 14.08110241391076, 92.32831872871209, 50.927645731196996, 81.0102937669951