instance_id,num_cities,city_coordinates,distance_matrix,best_route,total_distance
29,28,"[[15.647771216072648, 72.98612945489023], [19.828572644787968, 21.258229559660858], [58.07594468223678, 77.30269980296953], [99.28651256504084, 42.497717157371525], [87.9021159849906, 29.391769637834564], [31.835823061672784, 25.03830346533752], [89.94539151184794, 54.83337276175481], [24.034652655610454, 96.46322066734608], [15.315296379958587, 23.015994136753427], [45.14886527734866, 91.73808981456297], [60.694760215559526, 41.92706232138327], [20.100375460299237, 6.452859001451872], [27.869384446268263, 51.12413403388576], [55.69751817097804, 52.48389051132013], [79.77087400541978, 53.41762347602349], [71.71001627380335, 53.945833425619625], [39.31452969345317, 60.19787105644237], [76.43603757240616, 50.269766710108385], [60.60120961142732, 86.81376018922265], [17.661926119209514, 72.30618208918136], [61.7084658694378, 57.28794152758543], [8.171801192872874, 31.67556443099071], [73.41745014278729, 64.40709107409116], [96.31006437420972, 17.68714730773493], [39.95624985719538, 43.830021477843], [25.662002973915353, 33.38253041685545], [75.35114987213771, 44.74685217002595], [7.723547314860724, 62.17414176870483]]","[[0.0, 51.896577229690386, 42.64718845650709, 89.0223698789416, 84.38695720219197, 50.60678847427749, 76.48306320470809, 24.930174329090345, 49.97124136170276, 34.95640954307225, 54.71651367844615, 66.6820947615331, 25.04625069219968, 44.992488627005244, 67.04251440375818, 59.20733226379405, 26.90083659836874, 64.89411732168843, 47.03206348109768, 2.12582887222013, 48.66231289356805, 41.98157822642703, 58.40321654528046, 97.79766338742785, 37.960252451941855, 40.850090507429904, 66.04506192381787, 13.404939468821302], [51.896577229690386, 0.0, 67.85163308737773, 82.24767504181392, 68.55772587457744, 12.588209614800597, 77.74097072379026, 75.32251852244754, 4.843490368644669, 74.89010562516945, 45.79569777065891, 14.807865279519575, 30.929385776157144, 47.55652589318073, 68.02430528477733, 61.32017318573507, 43.543061467934166, 63.60876019357177, 77.20061865902876, 51.093911717767114, 55.245502993453485, 15.633335744607026, 68.80110494379477, 76.56481702196922, 30.24250618524492, 13.454649035948608, 60.286582040278006, 42.66899940397447], [42.64718845650709, 67.85163308737773, 0.0, 53.94161401166617, 56.43631564754786, 58.481716007646966, 38.994003371165626, 39.06321956311668, 69.10513335000162, 19.37756090758314, 35.472438907216166, 80.38559447643941, 39.97190997457388, 24.932513056744213, 32.26711684489248, 27.044983178647772, 25.388301613723126, 32.67831823302349, 9.840591071351003, 40.72171516128602, 20.341724582677852, 67.61848134689141, 20.04141996676945, 70.82275063799898, 38.06236375752336, 54.58612365771553, 36.85533786919634, 52.57601343615028], [89.0223698789416, 82.24767504181392, 53.94161401166617, 0.0, 17.36002148261103, 69.67371556727365, 15.47336232757303, 92.60193296531996, 86.20152364925983, 73.18127597456642, 38.595971245008634, 87.00388559743354, 71.9362304882636, 44.718274682066514, 22.36301639756818, 29.858374265722535, 62.529466474621366, 24.136051077987464, 58.825711509625954, 86.89716735339495, 40.38391177657498, 91.75516126118784, 33.90028106121076, 24.988469742991434, 59.3452197551269, 74.18662306540317, 24.0408027225791, 93.65328766728466], [84.38695720219197, 68.55772587457744, 56.43631564754786, 17.36002148261103, 0.0, 56.23505908130936, 25.52352139485699, 92.61550850334882, 72.86629463348363, 75.59698463331469, 29.956197532841582, 71.57701893318502, 63.845317120702454, 39.62804772882422, 25.364517515307725, 29.41234675355994, 57.530595566629984, 23.819355908869767, 63.581636403145296, 82.31239923866444, 38.26622155999369, 79.76301658981707, 37.89298457293463, 14.411515534670158, 50.07263918488787, 62.36792315947991, 19.83192653113637, 86.62151462839698], [50.60678847427749, 12.588209614800597, 58.481716007646966, 69.67371556727365, 56.23505908130936, 0.0, 65.30289503417058, 71.84968376421848, 16.64384381270471, 68.01542907362041, 33.43753025194367, 21.980433943049487, 26.385662617049775, 36.36812810398758, 55.705968380852525, 49.25034591475401, 35.94615759824276, 51.24261773051466, 68.14436526082991, 49.347256297934166, 43.959230469450944, 24.577208224963712, 57.26196947797053, 64.89196629537976, 20.471199212624654, 10.379892961607812, 47.77039417323918, 44.27722132410912], [76.48306320470809, 77.74097072379026, 38.994003371165626, 15.47336232757303, 25.52352139485699, 65.30289503417058, 0.0, 77.95684532623031, 81.12950561886564, 58.04039027630682, 31.971429126872806, 84.96470078186564, 62.18672772502362, 34.32836866525083, 10.27254362505518, 18.256961306457253, 50.91426136582059, 14.259352862445581, 43.40306661303918, 74.36530397276248, 28.34340977301762, 84.98943558078251, 19.100495496794604, 37.68754603480782, 51.18581857161301, 67.7679325287745, 17.74062531833707, 82.54888583601259], [24.930174329090345, 75.32251852244754, 39.06321956311668, 92.60193296531996, 92.61550850334882, 71.84968376421848, 77.95684532623031, 0.0, 73.96297897528156, 21.63647004970755, 65.71267802671692, 90.09630261156461, 45.50096641460159, 54.19149872089705, 70.42336123696838, 63.88011047258633, 39.35289347294131, 69.85513817678427, 37.81831798377428, 24.983477667744477, 54.350884976682, 66.7013527383743, 58.8749193813382, 106.90839477352503, 54.98864350364923, 63.101677882104134, 72.85578670994127, 37.97095059587367], [49.97124136170276, 4.843490368644669, 69.10513335000162, 86.20152364925983, 72.86629463348363, 16.64384381270471, 81.12950561886564, 73.96297897528156, 0.0, 74.91841073798435, 49.16222368740385, 17.240488024280943, 30.78429235264994, 49.9908066900434, 71.26556358799263, 64.31966565787093, 44.2544367369696, 66.92169396686184, 78.2366211597466, 49.34601604505483, 57.679221156665264, 11.225759714547321, 71.33781029408934, 81.16987773164198, 32.25523713171199, 14.646481208402923, 63.84773993961447, 39.88728092804917], [34.95640954307225, 74.89010562516945, 19.37756090758314, 73.18127597456642, 75.59698463331469, 68.01542907362041, 58.04039027630682, 21.63647004970755, 74.91841073798435, 0.0, 52.18058364330735, 88.88755501733898, 44.136989724566384, 40.64684785821633, 51.64437654546495, 46.19252520943291, 32.075300014428734, 51.947174815537906, 16.21801367855932, 33.66200918143462, 38.223462542844814, 70.53233459740072, 39.32043212435715, 90.005613042622, 48.18865288278398, 61.523240446617734, 55.8601325643789, 47.69362062846059], [54.71651367844615, 45.79569777065891, 35.472438907216166, 38.595971245008634, 29.956197532841582, 33.43753025194367, 31.971429126872806, 65.71267802671692, 49.16222368740385, 52.18058364330735, 0.0, 53.91032530825557, 34.089462044451324, 11.679856569495133, 22.26951083818914, 16.302966751015106, 28.123597014100458, 17.815401464542582, 44.886795354471786, 52.6755705069267, 15.394291446514803, 53.51405827906854, 25.83057358455201, 43.08158968958852, 20.825634814697267, 36.059715825550626, 14.925179146528203, 56.70884959437381], [66.6820947615331, 14.807865279519575, 80.38559447643941, 87.00388559743354, 71.57701893318502, 21.980433943049487, 84.96470078186564, 90.09630261156461, 17.240488024280943, 88.88755501733898, 53.91032530825557, 0.0, 45.341816391135225, 58.18945291912374, 75.93587754661968, 70.13656424828324, 57.07635275389013, 71.36965900688052, 89.98995503192477, 65.89845367598505, 65.6919995352087, 27.90117834857149, 78.74899026544621, 77.03327799142198, 42.323846976047165, 27.497979982933593, 67.22408783987079, 57.079306479405304], [25.04625069219968, 30.929385776157144, 39.97190997457388, 71.9362304882636, 63.845317120702454, 26.385662617049775, 62.18672772502362, 45.50096641460159, 30.78429235264994, 44.136989724566384, 34.089462044451324, 45.341816391135225, 0.0, 27.86133457460813, 51.95213866897023, 43.931344009656634, 14.60561718256622, 48.57416740818661, 48.42645758002796, 23.513216821938535, 34.39587118221148, 27.68107016759099, 47.445371074809344, 76.17190263032502, 14.117237457877057, 17.87839567378208, 47.908118016975024, 22.977324140655718], [44.992488627005244, 47.55652589318073, 24.932513056744213, 44.718274682066514, 39.62804772882422, 36.36812810398758, 34.32836866525083, 54.19149872089705, 49.9908066900434, 40.64684785821633, 11.679856569495133, 58.18945291912374, 27.86133457460813, 0.0, 24.09145737353853, 16.07909738068821, 18.108224852404422, 20.85637866865921, 34.67832380385341, 42.89090237015661, 7.694829328873923, 51.88140522912107, 21.35787210247338, 53.48076520288281, 17.963211777827276, 35.59486101407605, 21.121718711778275, 48.942852891253075], [67.04251440375818, 68.02430528477733, 32.26711684489248, 22.36301639756818, 25.364517515307725, 55.705968380852525, 10.27254362505518, 70.42336123696838, 71.26556358799263, 51.64437654546495, 22.26951083818914, 75.93587754661968, 51.95213866897023, 24.09145737353853, 0.0, 8.0781454010319, 41.02057474414723, 4.5858626509820954, 38.50685627709682, 64.91763284358638, 18.47241049487138, 74.8274305260717, 12.69387225661449, 39.372728445812726, 40.95273382986646, 57.699002402065005, 9.73222669563478, 72.57750268413902], [59.20733226379405, 61.32017318573507, 27.044983178647772, 29.858374265722535, 29.41234675355994, 49.25034591475401, 18.256961306457253, 63.88011047258633, 64.31966565787093, 46.19252520943291, 16.302966751015106, 70.13656424828324, 43.931344009656634, 16.07909738068821, 8.0781454010319, 0.0, 32.99326484776661, 5.987382049922742, 34.69446923069471, 57.08150709649016, 10.545174112184688, 67.32807480363381, 10.599681221841417, 43.81614640218365, 33.32613588466686, 50.43083342060601, 9.893387186483864, 64.51335728376422], [26.90083659836874, 43.543061467934166, 25.388301613723126, 62.529466474621366, 57.530595566629984, 35.94615759824276, 50.91426136582059, 39.35289347294131, 44.2544367369696, 32.075300014428734, 28.123597014100458, 57.07635275389013, 14.60561718256622, 18.108224852404422, 41.02057474414723, 32.99326484776661, 0.0, 38.426209845870375, 34.081201508437694, 24.808192953314794, 22.58220687437317, 42.23022038418861, 34.36170421167417, 71.10311249997598, 16.38042443272484, 30.09076236064443, 39.20933534926562, 31.652737852714804], [64.89411732168843, 63.60876019357177, 32.67831823302349, 24.136051077987464, 23.819355908869767, 51.24261773051466, 14.259352862445581, 69.85513817678427, 66.92169396686184, 51.947174815537906, 17.815401464542582, 71.36965900688052, 48.57416740818661, 20.85637866865921, 4.5858626509820954, 5.987382049922742, 38.426209845870375, 0.0, 39.82719216760508, 62.76941755243413, 16.3142926918314, 70.75132738597588, 14.455995650342246, 38.165482159128146, 37.04382850628871, 53.50870339517583, 5.628460387996678, 69.73607719773898], [47.03206348109768, 77.20061865902876, 9.840591071351003, 58.825711509625954, 63.581636403145296, 68.14436526082991, 43.40306661303918, 37.81831798377428, 78.2366211597466, 16.21801367855932, 44.886795354471786, 89.98995503192477, 48.42645758002796, 34.67832380385341, 38.50685627709682, 34.69446923069471, 34.081201508437694, 39.82719216760508, 0.0, 45.32385562983192, 29.546573135658015, 76.08589552993836, 25.81307502396143, 77.80495432128053, 47.68454840786493, 63.840774395728154, 44.57785871921262, 58.33659199729156], [2.12582887222013, 51.093911717767114, 40.72171516128602, 86.89716735339495, 82.31239923866444, 49.347256297934166, 74.36530397276248, 24.983477667744477, 49.34601604505483, 33.66200918143462, 52.6755705069267, 65.89845367598505, 23.513216821938535, 42.89090237015661, 64.91763284358638, 57.08150709649016, 24.808192953314794, 62.76941755243413, 45.32385562983192, 0.0, 46.53649335236172, 41.72420834963259, 56.31229082543559, 95.7536871949821, 36.16529543771015, 39.73728588101809, 63.93405354588641, 14.192590120005985], [48.66231289356805, 55.245502993453485, 20.341724582677852, 40.38391177657498, 38.26622155999369, 43.959230469450944, 28.34340977301762, 54.350884976682, 57.679221156665264, 38.223462542844814, 15.394291446514803, 65.6919995352087, 34.39587118221148, 7.694829328873923, 18.47241049487138, 10.545174112184688, 22.58220687437317, 16.3142926918314, 29.546573135658015, 46.53649335236172, 0.0, 59.34785864063778, 13.703379254003673, 52.58795985706594, 25.578790305808344, 43.252932474588235, 18.531102208768253, 54.20559366099255], [41.98157822642703, 15.633335744607026, 67.61848134689141, 91.75516126118784, 79.76301658981707, 24.577208224963712, 84.98943558078251, 66.7013527383743, 11.225759714547321, 70.53233459740072, 53.51405827906854, 27.90117834857149, 27.68107016759099, 51.88140522912107, 74.8274305260717, 67.32807480363381, 42.23022038418861, 70.75132738597588, 76.08589552993836, 41.72420834963259, 59.34785864063778, 0.0, 72.9955309815845, 89.2414099520889, 34.02913462018583, 17.573300521486587, 68.43919529134526, 30.501871273147852], [58.40321654528046, 68.80110494379477, 20.04141996676945, 33.90028106121076, 37.89298457293463, 57.26196947797053, 19.100495496794604, 58.8749193813382, 71.33781029408934, 39.32043212435715, 25.83057358455201, 78.74899026544621, 47.445371074809344, 21.35787210247338, 12.69387225661449, 10.599681221841417, 34.36170421167417, 14.455995650342246, 25.81307502396143, 56.31229082543559, 13.703379254003673, 72.9955309815845, 0.0, 52.02715571583952, 39.28190063784257, 56.94827563915712, 19.755105375780936, 65.73184107695054], [97.79766338742785, 76.56481702196922, 70.82275063799898, 24.988469742991434, 14.411515534670158, 64.89196629537976, 37.68754603480782, 106.90839477352503, 81.16987773164198, 90.005613042622, 43.08158968958852, 77.03327799142198, 76.17190263032502, 53.48076520288281, 39.372728445812726, 43.81614640218365, 71.10311249997598, 38.165482159128146, 77.80495432128053, 95.7536871949821, 52.58795985706594, 89.2414099520889, 52.02715571583952, 0.0, 62.12247806142443, 72.37053012491914, 34.22723658637169, 99.12952981264814], [37.960252451941855, 30.24250618524492, 38.06236375752336, 59.3452197551269, 50.07263918488787, 20.471199212624654, 51.18581857161301, 54.98864350364923, 32.25523713171199, 48.18865288278398, 20.825634814697267, 42.323846976047165, 14.117237457877057, 17.963211777827276, 40.95273382986646, 33.32613588466686, 16.38042443272484, 37.04382850628871, 47.68454840786493, 36.16529543771015, 25.578790305808344, 34.02913462018583, 39.28190063784257, 62.12247806142443, 0.0, 17.705241128817633, 35.40677231245307, 37.08711181028035], [40.850090507429904, 13.454649035948608, 54.58612365771553, 74.18662306540317, 62.36792315947991, 10.379892961607812, 67.7679325287745, 63.101677882104134, 14.646481208402923, 61.523240446617734, 36.059715825550626, 27.497979982933593, 17.87839567378208, 35.59486101407605, 57.699002402065005, 50.43083342060601, 30.09076236064443, 53.50870339517583, 63.840774395728154, 39.73728588101809, 43.252932474588235, 17.573300521486587, 56.94827563915712, 72.37053012491914, 17.705241128817633, 0.0, 50.972140708260476, 33.92263367823629], [66.04506192381787, 60.286582040278006, 36.85533786919634, 24.0408027225791, 19.83192653113637, 47.77039417323918, 17.74062531833707, 72.85578670994127, 63.84773993961447, 55.8601325643789, 14.925179146528203, 67.22408783987079, 47.908118016975024, 21.121718711778275, 9.73222669563478, 9.893387186483864, 39.20933534926562, 5.628460387996678, 44.57785871921262, 63.93405354588641, 18.531102208768253, 68.43919529134526, 19.755105375780936, 34.22723658637169, 35.40677231245307, 50.972140708260476, 0.0, 69.83697480848693], [13.404939468821302, 42.66899940397447, 52.57601343615028, 93.65328766728466, 86.62151462839698, 44.27722132410912, 82.54888583601259, 37.97095059587367, 39.88728092804917, 47.69362062846059, 56.70884959437381, 57.079306479405304, 22.977324140655718, 48.942852891253075, 72.57750268413902, 64.51335728376422, 31.652737852714804, 69.73607719773898, 58.33659199729156, 14.192590120005985, 54.20559366099255, 30.501871273147852, 65.73184107695054, 99.12952981264814, 37.08711181028035, 33.92263367823629, 69.83697480848693, 0.0]]",Route_4,1346.8960373085536
