instance_id,num_cities,city_coordinates,distance_matrix,best_route,total_distance
2077,43,"[[71.43968526539935, 13.118140640003551], [3.078760472043862, 77.6200666070404], [1.4371149451025023, 69.49582618339196], [16.74479075880687, 42.065619215355035], [67.35823633124289, 18.440157008132797], [45.605787636671515, 15.739831355138122], [5.580737260344049, 98.54749231976037], [37.403921833637085, 35.148968782942426], [70.70759435459529, 1.7386907421441111], [29.761064501655078, 93.17011889101705], [35.38960170153942, 35.02252720303235], [67.82166907072363, 62.61958126013308], [89.82800175430202, 7.978604999532002], [73.63111241928083, 7.178326651815404], [70.2248870834126, 98.51374951986827], [74.78050573126683, 16.600848574388436], [62.19869253348998, 89.17045882106206], [49.73126193994559, 41.05674300838989], [1.421249372812372, 56.24721812115898], [43.26706935966239, 35.39381260622337], [63.4642756486676, 76.65720980953219], [58.853464614962604, 65.98869711594509], [77.43857673754437, 21.358606433402205], [71.23468614475206, 52.21866922532292], [86.18675352669447, 78.88632015200717], [64.32827438433239, 41.07551488588324], [5.148281316519531, 39.57809272102617], [68.5337197832212, 78.70792789291356], [12.007470630880535, 30.46103568970865], [41.63425264374485, 18.580775360591662], [69.11949550019854, 69.18231739614875], [18.145579356161356, 6.218634355227415], [75.76855683860337, 1.6878168692675777], [0.02533846595841327, 99.57160143874754], [83.13132748884237, 99.74393654281695], [31.160914408357808, 46.19538670708771], [94.22002243339885, 72.92237579404453], [17.4281459509777, 10.909082548429105], [2.0014847446957362, 86.51882340912702], [79.6581477861155, 54.984073238642196], [76.68629789286537, 65.4555402752912], [3.7793930197770775, 14.255576428572825], [53.58646996371419, 78.63721759247505]]","[[0.0, 93.98784225664458, 89.88216329549088, 61.88285708463785, 6.706868391787815, 25.966584852410076, 107.86832324995206, 40.54368731438463, 11.40297492234264, 90.25201743267989, 42.18306147808478, 49.63348330162961, 19.09306182611179, 6.3311723389151755, 85.40424901950598, 4.826006210251541, 76.61169001780449, 35.381084573199665, 82.23562907414171, 35.91520358453804, 64.03764884413545, 54.348033012586605, 10.192741308732776, 39.10106597384326, 67.40125709974875, 28.84765050127192, 71.37702222454766, 65.6541303138318, 61.9109372006966, 30.301884295445404, 56.11216620208877, 53.73885848842289, 12.222578721413322, 112.13478413441025, 87.41122933397563, 52.119896288619884, 63.99601787492383, 54.05669539257154, 101.04119913444686, 42.66496734509673, 52.59971810424931, 67.66985227511681, 67.90792841275758], [93.98784225664458, 0.0, 8.28844270640571, 38.09040710109103, 87.37340966717635, 75.08469587267267, 21.076456884652263, 54.60779113719499, 101.64468690228426, 30.882834623185328, 53.465323568025745, 66.45794741383293, 111.24461352298145, 99.69790917168892, 70.32174844649239, 94.1513953297285, 60.23767863428783, 59.273371135714946, 21.437023940941973, 58.293710622915015, 60.39319114236938, 56.974611700901484, 93.24555847818635, 72.73555659543445, 83.11763896798317, 71.3232585836623, 38.09822428499665, 65.46399881312767, 47.996833876437776, 70.51357236365986, 66.57758102247962, 72.97378679290969, 105.11666397889246, 22.162880395266733, 83.05347137184678, 42.14401353119234, 91.26224811433717, 68.23679548228601, 8.963726658896755, 79.85481048235457, 74.60593318251209, 63.368363570034354, 50.517950415888166], [89.88216329549088, 8.28844270640571, 0.0, 31.412436917991748, 83.38030702593846, 69.57426699082217, 29.345679600077126, 49.73246234647902, 96.89906460242311, 36.9150139332013, 48.385738596566725, 66.73973157499334, 107.69084163985659, 95.37003732394001, 74.6578694479938, 90.4274937630641, 63.86752289275752, 56.04557150921202, 13.24861756195901, 53.96936553584403, 62.43920307296243, 57.523361895036835, 89.96340433669018, 71.90411043830458, 85.26829784090368, 69.01457838643903, 30.147031883114103, 67.72604520204338, 40.44066379536331, 64.87027269444728, 67.68310664681786, 65.44597610727457, 100.61356459797692, 30.108891876615512, 87.11424994487238, 37.767906141600356, 92.84615858621197, 60.729890518423645, 17.032350038032824, 79.55577258907293, 75.35757058534386, 55.2898856894631, 52.94450175184632], [61.88285708463785, 38.09040710109103, 31.412436917991748, 0.0, 55.85591586590296, 39.064104331793615, 57.57463052333629, 21.786228447604437, 67.36650007237355, 52.73607180335391, 19.93073305687182, 55.057359669970815, 80.6416782288277, 66.732127003962, 77.7593217419263, 63.3766420391744, 65.4593240174532, 33.001895584724764, 20.878904859531925, 27.3485697178308, 58.131647217407235, 48.42988819068028, 64.12890171197968, 55.42772883382612, 78.59993772594902, 47.59378342308892, 11.86030435128237, 63.44093280144378, 12.53429538498912, 34.22021630271202, 58.97817407292477, 35.87434364914147, 71.5134384891556, 59.88721129297949, 87.94293916361761, 14.995986150130767, 83.3939503176831, 31.164029768246706, 46.83430831472707, 64.22598342413598, 64.3433965896457, 30.68387228388712, 51.91137769790615], [6.706868391787815, 87.37340966717635, 83.38030702593846, 55.85591586590296, 0.0, 21.919415659231912, 101.16147765915858, 34.29934908926836, 17.03400054604182, 83.65473407166438, 36.013450284139246, 44.18185484044614, 24.785770687956486, 12.890996757052964, 80.12488941814755, 7.6467730815668125, 70.9182380403588, 28.67438209444932, 76.00697414816835, 29.458628009315692, 58.34713503402174, 48.30315526267694, 10.49431321024723, 34.00021692230092, 63.310754999409795, 22.837252366551557, 65.7030503792352, 60.27923331269486, 56.64105214324302, 25.724368024807013, 50.77271781875937, 50.707506569565425, 18.744983093210912, 105.43258704183806, 82.81965329129596, 45.61358229771836, 60.7442813475798, 50.49486120288927, 94.37271743932932, 38.558340670472255, 47.931816116805095, 63.716403158454824, 61.75230887891372], [25.966584852410076, 75.08469587267267, 69.57426699082217, 39.064104331793615, 21.919415659231912, 0.0, 91.97343840511441, 21.070956749573085, 28.74252318375743, 79.03483206228893, 21.821842594602042, 51.87732008350794, 44.89811639711085, 29.303893801946398, 86.35752188379406, 29.187420690272592, 75.28201340927436, 25.650839243298254, 59.94265429727345, 19.792639596507257, 63.481119963580376, 51.96584893532234, 32.32486806347044, 44.581902730779916, 75.06193336132714, 31.502831142397444, 46.9581997375701, 67.01247088495836, 36.68188602950782, 4.883037276343833, 58.3865889715687, 29.06400232452694, 33.27539266545362, 95.42192107663266, 92.0046511301438, 33.707494928839175, 75.05456157608836, 28.588732483285618, 83.1324301754363, 51.958384816682056, 58.631474748796485, 41.85272152841688, 63.401675734115365], [107.86832324995206, 21.076456884652263, 29.345679600077126, 57.57463052333629, 101.16147765915858, 91.97343840511441, 0.0, 70.93721070802216, 116.67669680732865, 24.771038946500468, 70.1711450124271, 71.86618388180084, 123.69448219358507, 113.9261953816084, 64.64415862956125, 107.25605054056494, 57.389211673864835, 72.48762022488357, 42.50428845144199, 73.5435033735824, 61.884476928629915, 62.43443460882391, 105.45934381887795, 80.35422113014438, 82.96922049375408, 82.18455638557934, 58.970985299370255, 66.00519922833868, 68.38909619414399, 87.7184803375487, 69.99633773960596, 93.17989734877219, 119.6165822347599, 5.649004801932287, 77.55981900164122, 58.26738731918738, 92.26900602556985, 88.43558084804255, 12.549897383341902, 85.93738553296119, 78.42880875659539, 84.31116133514031, 51.97085156223051], [40.54368731438463, 54.60779113719499, 49.73246234647902, 21.786228447604437, 34.29934908926836, 21.070956749573085, 70.93721070802216, 0.0, 47.173947069825275, 58.5223643410001, 2.0182846845041746, 40.986264734069984, 59.04670036209581, 45.76861543630233, 71.36043159738918, 41.72579282802813, 59.43990275897953, 13.66986138903623, 41.711974810125554, 5.868257612761689, 49.010979525878135, 37.56556573753843, 42.3432129981484, 37.89320898349486, 65.51885661986323, 27.568908374914223, 32.55830898600881, 53.53921216385304, 25.82550000252911, 17.099729004968882, 46.52038726007254, 34.754107743965726, 50.90671769476314, 74.4810988968296, 79.14231161556332, 12.688518064256769, 68.2268243771365, 31.410248435445155, 62.38745479783407, 46.6781638414754, 49.614446933120995, 39.587154255234516, 46.4015371351217], [11.40297492234264, 101.64468690228426, 96.89906460242311, 67.36650007237355, 17.03400054604182, 28.74252318375743, 116.67669680732865, 47.173947069825275, 0.0, 100.18145716818177, 48.53013882729434, 60.949252620581404, 20.112844380403104, 6.175483519881508, 96.77626262540633, 15.41013765391996, 87.84483752393707, 44.56361470506088, 88.15768348796064, 43.42406751656923, 75.26785612149607, 65.33439913948479, 20.742401393562087, 50.48273024923916, 78.6852024985432, 39.85073972962676, 75.69573216598036, 76.99992985856191, 65.35042176196193, 33.59933053694409, 67.46232158928493, 52.75258586526351, 5.061218175052204, 120.69490342544013, 98.78956093353837, 59.50073706173373, 74.966334389038, 54.06288660508729, 109.12470111188738, 53.99243617330934, 63.99673281057581, 68.08859347351131, 78.78144662392975], [90.25201743267989, 30.882834623185328, 36.9150139332013, 52.73607180335391, 83.65473407166438, 79.03483206228893, 24.771038946500468, 58.5223643410001, 100.18145716818177, 0.0, 58.4193705043376, 48.80517359562467, 104.23833742935713, 96.53584534671461, 40.8151359942062, 88.82343860404984, 32.68328308182753, 55.8087155523964, 46.54509343419312, 59.33391724080593, 37.53108855273844, 39.814537973799624, 86.19767105005532, 58.284496411281125, 58.205543450490964, 62.51991495135585, 58.97367518752311, 41.38204642171268, 65.1737616781249, 75.52842355668012, 46.09230642118393, 87.72388590425557, 102.39971159301643, 30.416975222380454, 53.77359993380256, 46.99558536195909, 67.56425355294996, 83.18040021624215, 28.54529733371852, 62.83226084474151, 54.49839811101613, 83.08160003905284, 27.907976737568774], [42.18306147808478, 53.465323568025745, 48.385738596566725, 19.93073305687182, 36.013450284139246, 21.821842594602042, 70.1711450124271, 2.0182846845041746, 48.53013882729434, 58.4193705043376, 0.0, 42.58446179617447, 60.78579709482802, 47.30446750901569, 72.41983443037157, 43.48564779069332, 60.421236744596655, 15.559401620226508, 40.05416912755205, 7.886212624282722, 50.21587510918772, 38.851725082617605, 44.213335458629416, 39.75647594030226, 67.11470006949585, 29.56493592975592, 30.58252173739363, 54.83563437079888, 23.82291456206809, 17.587690838719812, 48.006218364984285, 33.57112672871922, 52.36089123570212, 73.6017261949972, 80.42470520976738, 11.946321011963297, 69.98154704426906, 30.067791834286737, 61.37291647681177, 48.56096675905462, 51.298980506194795, 37.82157502502227, 47.25851491866719], [49.63348330162961, 66.45794741383293, 66.73973157499334, 55.057359669970815, 44.18185484044614, 51.87732008350794, 71.86618388180084, 40.986264734069984, 60.949252620581404, 48.80517359562467, 42.58446179617447, 0.0, 58.9059841178458, 55.74479656940549, 35.974529487884816, 46.5419076281811, 27.139767213329627, 28.14638206995962, 66.70549263766604, 36.66293558577465, 14.698363607064634, 9.580168725560933, 42.36688514304862, 10.946581964406445, 24.53330636606797, 21.82545766697664, 66.77472371104665, 16.10409617437959, 64.41581172885465, 51.23667830936625, 6.689832511506504, 75.15837079859587, 61.447806608366605, 77.21265594934133, 40.157233421071375, 40.17169524840173, 28.337618733208018, 72.20445172864001, 70.02478446956147, 14.085567476185565, 9.307218042465893, 80.2526640376058, 21.429082278328302], [19.09306182611179, 111.24461352298145, 107.69084163985659, 80.6416782288277, 24.785770687956486, 44.89811639711085, 123.69448219358507, 59.04670036209581, 20.112844380403104, 104.23833742935713, 60.78579709482802, 58.9059841178458, 0.0, 16.21664791394163, 92.63311771779149, 17.342728182942068, 85.76418748519662, 51.979916870588056, 100.72543313050248, 54.0325275512463, 73.56491563796625, 65.76163576395473, 18.23519373673417, 47.988484744347154, 71.00114616539379, 41.780875289635, 90.38353100914934, 73.8653068877408, 81.00305397989639, 49.346159624597554, 64.61220196219922, 71.70402483497193, 15.402662323034948, 128.27234826880564, 92.0093556083656, 70.01678042969137, 65.09211327538685, 72.45913896125695, 117.82216683572558, 48.09303456959476, 58.960176976290626, 86.27724749589754, 79.41088187451264], [6.3311723389151755, 99.69790917168892, 95.37003732394001, 66.732127003962, 12.890996757052964, 29.303893801946398, 113.9261953816084, 45.76861543630233, 6.175483519881508, 96.53584534671461, 47.30446750901569, 55.74479656940549, 16.21664791394163, 0.0, 91.39891597565446, 9.49236663677755, 82.78532455758229, 41.460221270080005, 87.30418335463628, 41.44983424055825, 70.21879929736733, 60.63858960065486, 14.68254471196766, 45.10404990716649, 72.79890421868808, 35.15056422989978, 75.76043160640593, 71.71099821782337, 65.87531986569986, 33.96785056566849, 62.16791419573223, 55.49383198701144, 5.891889876597023, 118.1284351251685, 93.05184695029436, 57.67190559053632, 68.89254831391628, 56.32665425353545, 106.8911501785656, 48.18417335637271, 58.35724278951358, 70.20933105698715, 74.21698448226385], [85.40424901950598, 70.32174844649239, 74.6578694479938, 77.7593217419263, 80.12488941814755, 86.35752188379406, 64.64415862956125, 71.36043159738918, 96.77626262540633, 40.8151359942062, 72.41983443037157, 35.974529487884816, 92.63311771779149, 91.39891597565446, 0.0, 82.03948441188955, 12.317340623511482, 61.00242838429477, 80.74899527975322, 68.63563485835512, 22.878247202989627, 34.45559871536001, 77.49163453637549, 46.30609197095651, 25.29856051129282, 57.74011464477423, 87.7973590744649, 19.877892673922545, 89.55690614384325, 84.89231258253186, 29.352253763222443, 105.97472612186385, 96.98450138044366, 70.20751866272295, 12.964935944706465, 65.2932236037337, 35.0811192757435, 102.28427811439111, 69.26984104985792, 44.54008447043511, 33.68375020847225, 107.30537458134764, 25.921293287753894], [4.826006210251541, 94.1513953297285, 90.4274937630641, 63.3766420391744, 7.6467730815668125, 29.187420690272592, 107.25605054056494, 41.72579282802813, 15.41013765391996, 88.82343860404984, 43.48564779069332, 46.5419076281811, 17.342728182942068, 9.49236663677755, 82.03948441188955, 0.0, 73.65222572806519, 35.00793320211961, 83.38713996597158, 36.69158171909468, 61.11320305865502, 51.892487146832586, 5.449917551616773, 35.79388194178227, 63.32126387254956, 26.613125167647212, 73.32530549216912, 62.420442454041215, 64.28498053656094, 33.20533396640945, 52.88532783570516, 57.578687529381625, 14.94572713616333, 111.68026174639273, 83.5614103576085, 52.711530374913146, 59.58195396231087, 57.63409904615488, 100.92229238753396, 38.69190261077641, 48.891849473644044, 71.03983606194211, 65.55683208533279], [76.61169001780449, 60.23767863428783, 63.86752289275752, 65.4593240174532, 70.9182380403588, 75.28201340927436, 57.389211673864835, 59.43990275897953, 87.84483752393707, 32.68328308182753, 60.421236744596655, 27.139767213329627, 85.76418748519662, 82.78532455758229, 12.317340623511482, 73.65222572806519, 0.0, 49.70278135987388, 69.12190228381415, 57.01170085264717, 12.577086365529015, 23.421883476350114, 69.50324736872915, 38.040556447961485, 26.099627935624845, 48.142068412018105, 75.59201145243733, 12.230990298307857, 77.23959554848327, 73.52414296697614, 21.152383112224907, 93.92380935005335, 88.52883067184985, 63.03736767791052, 23.45151673786768, 53.01132420668464, 35.907739703462994, 90.16232504424195, 60.255580620595616, 38.38673647118647, 27.79007144074209, 95.00028504985335, 13.605864484514044], [35.381084573199665, 59.273371135714946, 56.04557150921202, 33.001895584724764, 28.67438209444932, 25.650839243298254, 72.48762022488357, 13.66986138903623, 44.56361470506088, 55.8087155523964, 15.559401620226508, 28.14638206995962, 51.979916870588056, 41.460221270080005, 61.00242838429477, 35.00793320211961, 49.70278135987388, 0.0, 50.64195739096414, 8.593867956558919, 38.157422632866364, 26.548388223493458, 33.99576264507245, 24.227790848612546, 52.53646137394876, 14.59702451477587, 44.60749452660511, 42.08496339735536, 39.18358641463345, 23.889970306545663, 34.16067234742718, 47.024984410556954, 47.20013846364583, 76.7767379192856, 67.52592882454783, 19.26819832018851, 54.723563143074266, 44.18566208404934, 65.91610110945034, 33.008923396442135, 36.35760266154176, 53.196586237233795, 37.77770107975869], [82.23562907414171, 21.437023940941973, 13.24861756195901, 20.878904859531925, 76.00697414816835, 59.94265429727345, 42.50428845144199, 41.711974810125554, 88.15768348796064, 46.54509343419312, 40.05416912755205, 66.70549263766604, 100.72543313050248, 87.30418335463628, 80.74899527975322, 83.38713996597158, 69.12190228381415, 50.64195739096414, 0.0, 46.75400701482391, 65.31389492432622, 58.25251720420786, 83.64119370965429, 69.92957285809604, 87.73664932754703, 64.7106975303101, 17.080705744048355, 70.7712312174869, 27.87463515299908, 55.09851669784878, 68.92292305160886, 52.74999911864243, 92.21849268111983, 43.346865597286495, 92.56619998239489, 31.392467109218316, 94.28506331845901, 48.08084104168015, 30.27716564999636, 78.24709456796299, 75.82625353807357, 42.05780324147066, 56.767264471903005], [35.91520358453804, 58.293710622915015, 53.96936553584403, 27.3485697178308, 29.458628009315692, 19.792639596507257, 73.5435033735824, 5.868257612761689, 43.42406751656923, 59.33391724080593, 7.886212624282722, 36.66293558577465, 54.0325275512463, 41.44983424055825, 68.63563485835512, 36.69158171909468, 57.01170085264717, 8.593867956558919, 46.75400701482391, 0.0, 45.941213421487525, 34.33631714697508, 36.941560995581106, 32.63837295103552, 61.10398924471171, 21.814126108691056, 38.347753545118984, 50.14495195625391, 31.64640265168477, 16.89213757494234, 42.54422397095388, 38.50039332232062, 46.82350731164251, 77.38627701418112, 75.69740766264619, 16.22445656290095, 63.2818811499522, 35.597078095300574, 65.70095283336451, 41.32903217698619, 44.950554014423965, 44.78952568877765, 44.45764392803426], [64.03764884413545, 60.39319114236938, 62.43920307296243, 58.131647217407235, 58.34713503402174, 63.481119963580376, 61.884476928629915, 49.010979525878135, 75.26785612149607, 37.53108855273844, 50.21587510918772, 14.698363607064634, 73.56491563796625, 70.21879929736733, 22.878247202989627, 61.11320305865502, 12.577086365529015, 38.157422632866364, 65.31389492432622, 45.941213421487525, 0.0, 11.62225199699976, 57.03697595659431, 25.644132762948, 22.831555659576715, 35.592183235295586, 69.10583274232549, 5.468519771461675, 69.15120596162883, 62.043711548371625, 9.373127981672232, 83.75784826321774, 75.97239770754115, 67.45048624442063, 30.328037841929163, 44.400786188383755, 30.981687258923625, 80.2629520755668, 62.24890431560286, 27.05487652207012, 17.329145177428785, 86.34957477044169, 10.074297790427496], [54.348033012586605, 56.974611700901484, 57.523361895036835, 48.42988819068028, 48.30315526267694, 51.96584893532234, 62.43443460882391, 37.56556573753843, 65.33439913948479, 39.814537973799624, 38.851725082617605, 9.580168725560933, 65.76163576395473, 60.63858960065486, 34.45559871536001, 51.892487146832586, 23.421883476350114, 26.548388223493458, 58.25251720420786, 34.33631714697508, 11.62225199699976, 0.0, 48.34512785111791, 18.51778374099434, 30.223457160168884, 25.507649653369796, 59.84786326698957, 15.983934799678686, 58.79423338027244, 50.438202843394826, 10.751306926636698, 72.31592027115369, 66.4885219074077, 67.73890971190526, 41.57921132595416, 34.03898461891467, 36.03982952146035, 68.91894490863028, 60.445295108744645, 23.535857505792254, 17.840801521630475, 75.56102922886801, 13.701324859351278], [10.192741308732776, 93.24555847818635, 89.96340433669018, 64.12890171197968, 10.49431321024723, 32.32486806347044, 105.45934381887795, 42.3432129981484, 20.742401393562087, 86.19767105005532, 44.213335458629416, 42.36688514304862, 18.23519373673417, 14.68254471196766, 77.49163453637549, 5.449917551616773, 69.50324736872915, 33.99576264507245, 83.64119370965429, 36.941560995581106, 57.03697595659431, 48.34512785111791, 0.0, 31.477479791251177, 58.18907494387581, 23.67776397205094, 74.55089867093463, 58.036550114934705, 66.0612130126867, 35.91191959897026, 48.54188338828525, 61.195410718424014, 19.741553346667697, 110.04581794597883, 78.5917768438806, 52.52130696219912, 54.22581700924781, 60.91341685221682, 99.68253971815247, 33.69864260634176, 44.10335018698791, 74.00086743557335, 62.0464527097437], [39.10106597384326, 72.73555659543445, 71.90411043830458, 55.42772883382612, 34.00021692230092, 44.581902730779916, 80.35422113014438, 37.89320898349486, 50.48273024923916, 58.284496411281125, 39.75647594030226, 10.946581964406445, 47.988484744347154, 45.10404990716649, 46.30609197095651, 35.79388194178227, 38.040556447961485, 24.227790848612546, 69.92957285809604, 32.63837295103552, 25.644132762948, 18.51778374099434, 31.477479791251177, 0.0, 30.573320476219617, 13.109859344670202, 67.284449001846, 26.62660406519478, 63.09720813630878, 44.80729368197185, 17.095010696877882, 70.24568647013416, 50.73384494889016, 85.51649774194743, 48.99164325544904, 40.52390792452165, 30.934917972833052, 67.83528373228832, 77.2640715542062, 8.865786224605447, 14.315544902156375, 77.40421813616463, 31.77104392682437], [67.40125709974875, 83.11763896798317, 85.26829784090368, 78.59993772594902, 63.310754999409795, 75.06193336132714, 82.96922049375408, 65.51885661986323, 78.6852024985432, 58.205543450490964, 67.11470006949585, 24.53330636606797, 71.00114616539379, 72.79890421868808, 25.29856051129282, 63.32126387254956, 26.099627935624845, 52.53646137394876, 87.73664932754703, 61.10398924471171, 22.831555659576715, 30.223457160168884, 58.18907494387581, 30.573320476219617, 0.0, 43.67436439480057, 90.06870001240733, 17.653935089557528, 88.58653501628633, 74.97789052457163, 19.633108924179528, 99.5499570143771, 77.89831661420487, 88.60965132072242, 21.080222716540767, 64.00421939354642, 10.005100780716695, 96.68842199542159, 84.53055415568572, 24.777814682158436, 16.451276708728535, 104.72872624051769, 32.6012352599083], [28.84765050127192, 71.3232585836623, 69.01457838643903, 47.59378342308892, 22.837252366551557, 31.502831142397444, 82.18455638557934, 27.568908374914223, 39.85073972962676, 62.51991495135585, 29.56493592975592, 21.82545766697664, 41.780875289635, 35.15056422989978, 57.74011464477423, 26.613125167647212, 48.142068412018105, 14.59702451477587, 64.7106975303101, 21.814126108691056, 35.592183235295586, 25.507649653369796, 23.67776397205094, 13.109859344670202, 43.67436439480057, 0.0, 59.19893455668086, 37.86666449180255, 53.386643217318365, 31.953590237608275, 28.512245564532254, 57.86055167723054, 41.015494848674074, 86.92904986092222, 61.60794190497514, 33.560197485137714, 43.67767337133058, 55.76410751581489, 77.13444753365542, 20.69910659827613, 27.33324684382795, 66.22292755045576, 39.06747844984623], [71.37702222454766, 38.09822428499665, 30.147031883114103, 11.86030435128237, 65.7030503792352, 46.9581997375701, 58.970985299370255, 32.55830898600881, 75.69573216598036, 58.97367518752311, 30.58252173739363, 66.77472371104665, 90.38353100914934, 75.76043160640593, 87.7973590744649, 73.32530549216912, 75.59201145243733, 44.60749452660511, 17.080705744048355, 38.347753545118984, 69.10583274232549, 59.84786326698957, 74.55089867093463, 67.284449001846, 90.06870001240733, 59.19893455668086, 0.0, 74.49065585826924, 11.409172054208858, 42.09647776270495, 70.48919323378067, 35.80200020656301, 80.14297423316279, 60.21183963070241, 98.49509760948897, 26.841118830417, 95.10844483664923, 31.188254515395542, 47.046089382617716, 76.08590169687277, 76.07450366319368, 25.359489082994624, 62.224379106140184], [65.6541303138318, 65.46399881312767, 67.72604520204338, 63.44093280144378, 60.27923331269486, 67.01247088495836, 66.00519922833868, 53.53921216385304, 76.99992985856191, 41.38204642171268, 54.83563437079888, 16.10409617437959, 73.8653068877408, 71.71099821782337, 19.877892673922545, 62.420442454041215, 12.230990298307857, 42.08496339735536, 70.7712312174869, 50.14495195625391, 5.468519771461675, 15.983934799678686, 58.036550114934705, 26.62660406519478, 17.653935089557528, 37.86666449180255, 74.49065585826924, 0.0, 74.31675080693563, 65.86999168083196, 9.543604587716127, 88.28172162622299, 77.35916474027292, 71.61488102719024, 25.604761483872895, 49.53576400892027, 26.329807384887026, 84.90266843137624, 66.9891661986235, 26.202560524661937, 15.559251505183653, 91.36316787343685, 14.947417071632831], [61.9109372006966, 47.996833876437776, 40.44066379536331, 12.53429538498912, 56.64105214324302, 36.68188602950782, 68.38909619414399, 25.82550000252911, 65.35042176196193, 65.1737616781249, 23.82291456206809, 64.41581172885465, 81.00305397989639, 65.87531986569986, 89.55690614384325, 64.28498053656094, 77.23959554848327, 39.18358641463345, 27.87463515299908, 31.64640265168477, 69.15120596162883, 58.79423338027244, 66.0612130126867, 63.09720813630878, 88.58653501628633, 53.386643217318365, 11.409172054208858, 74.31675080693563, 0.0, 31.92000623316624, 69.00087710792589, 25.007406926457328, 69.95265710234064, 70.14158388124613, 99.29110415829547, 24.787581779493543, 92.53036840593384, 20.289469992207817, 56.94379086037303, 71.95827603679952, 73.53887439426872, 18.17465738435459, 63.63770649739208], [30.301884295445404, 70.51357236365986, 64.87027269444728, 34.22021630271202, 25.724368024807013, 4.883037276343833, 87.7184803375487, 17.099729004968882, 33.59933053694409, 75.52842355668012, 17.587690838719812, 51.23667830936625, 49.346159624597554, 33.96785056566849, 84.89231258253186, 33.20533396640945, 73.52414296697614, 23.889970306545663, 55.09851669784878, 16.89213757494234, 62.043711548371625, 50.438202843394826, 35.91191959897026, 44.80729368197185, 74.97789052457163, 31.953590237608275, 42.09647776270495, 65.86999168083196, 31.92000623316624, 0.0, 57.58432626378891, 26.543178088679333, 38.085729209990646, 91.05391615892471, 91.15627215826407, 29.534007070000648, 75.61926158089308, 25.392724781437167, 78.65325590199681, 52.640447359384, 58.531098246613645, 38.10115146490776, 61.23423676682287], [56.11216620208877, 66.57758102247962, 67.68310664681786, 58.97817407292477, 50.77271781875937, 58.3865889715687, 69.99633773960596, 46.52038726007254, 67.46232158928493, 46.09230642118393, 48.006218364984285, 6.689832511506504, 64.61220196219922, 62.16791419573223, 29.352253763222443, 52.88532783570516, 21.152383112224907, 34.16067234742718, 68.92292305160886, 42.54422397095388, 9.373127981672232, 10.751306926636698, 48.54188338828525, 17.095010696877882, 19.633108924179528, 28.512245564532254, 70.48919323378067, 9.543604587716127, 69.00087710792589, 57.58432626378891, 0.0, 81.01089747149416, 67.82121805198601, 75.48185954846359, 33.6205889380894, 44.376264613073786, 25.377637580042496, 77.89586329091694, 69.32086127937119, 17.68200580136857, 8.434771257017925, 85.35968524702491, 18.184334467875534], [53.73885848842289, 72.97378679290969, 65.44597610727457, 35.87434364914147, 50.707506569565425, 29.06400232452694, 93.17989734877219, 34.754107743965726, 52.75258586526351, 87.72388590425557, 33.57112672871922, 75.15837079859587, 71.70402483497193, 55.49383198701144, 105.97472612186385, 57.578687529381625, 93.92380935005335, 47.024984410556954, 52.74999911864243, 38.50039332232062, 83.75784826321774, 72.31592027115369, 61.195410718424014, 70.24568647013416, 99.5499570143771, 57.86055167723054, 35.80200020656301, 88.28172162622299, 25.007406926457328, 26.543178088679333, 81.01089747149416, 0.0, 57.800829068734814, 95.09531846108817, 113.8864768514866, 42.04211787152142, 101.17662779243246, 4.744998940356299, 81.90697255372079, 78.49754202738997, 83.28281185080202, 16.461462503132093, 80.62572743948851], [12.222578721413322, 105.11666397889246, 100.61356459797692, 71.5134384891556, 18.744983093210912, 33.27539266545362, 119.6165822347599, 50.90671769476314, 5.061218175052204, 102.39971159301643, 52.36089123570212, 61.447806608366605, 15.402662323034948, 5.891889876597023, 96.98450138044366, 14.94572713616333, 88.52883067184985, 47.20013846364583, 92.21849268111983, 46.82350731164251, 75.97239770754115, 66.4885219074077, 19.741553346667697, 50.73384494889016, 77.89831661420487, 41.015494848674074, 80.14297423316279, 77.35916474027292, 69.95265710234064, 38.085729209990646, 67.82121805198601, 57.800829068734814, 0.0, 123.76700049322737, 98.33215647529275, 63.01401063297813, 73.58545350681369, 59.06467034753241, 112.41832855844035, 53.43800015652787, 63.7743270997806, 73.07796034150323, 80.0828024596161], [112.13478413441025, 22.162880395266733, 30.108891876615512, 59.88721129297949, 105.43258704183806, 95.42192107663266, 5.649004801932287, 74.4810988968296, 120.69490342544013, 30.416975222380454, 73.6017261949972, 77.21265594934133, 128.27234826880564, 118.1284351251685, 70.20751866272295, 111.68026174639273, 63.03736767791052, 76.7767379192856, 43.346865597286495, 77.38627701418112, 67.45048624442063, 67.73890971190526, 110.04581794597883, 85.51649774194743, 88.60965132072242, 86.92904986092222, 60.21183963070241, 71.61488102719024, 70.14158388124613, 91.05391615892471, 75.48185954846359, 95.09531846108817, 123.76700049322737, 0.0, 83.10616770649338, 61.79356267723345, 97.89187767730415, 90.35430241187586, 13.201521442830417, 91.26572188513981, 83.90952466533562, 85.39857755917134, 57.50689727626557], [87.41122933397563, 83.05347137184678, 87.11424994487238, 87.94293916361761, 82.81965329129596, 92.0046511301438, 77.55981900164122, 79.14231161556332, 98.78956093353837, 53.77359993380256, 80.42470520976738, 40.157233421071375, 92.0093556083656, 93.05184695029436, 12.964935944706465, 83.5614103576085, 23.45151673786768, 67.52592882454783, 92.56619998239489, 75.69740766264619, 30.328037841929163, 41.57921132595416, 78.5917768438806, 48.99164325544904, 21.080222716540767, 61.60794190497514, 98.49509760948897, 25.604761483872895, 99.29110415829547, 91.15627215826407, 33.6205889380894, 113.8864768514866, 98.33215647529275, 83.10616770649338, 0.0, 74.62151851353455, 29.02335743110232, 110.49225922390133, 82.20069951702882, 44.89441324102415, 34.88885961294656, 116.64042703542164, 36.30967076453387], [52.119896288619884, 42.14401353119234, 37.767906141600356, 14.995986150130767, 45.61358229771836, 33.707494928839175, 58.26738731918738, 12.688518064256769, 59.50073706173373, 46.99558536195909, 11.946321011963297, 40.17169524840173, 70.01678042969137, 57.67190559053632, 65.2932236037337, 52.711530374913146, 53.01132420668464, 19.26819832018851, 31.392467109218316, 16.22445656290095, 44.400786188383755, 34.03898461891467, 52.52130696219912, 40.52390792452165, 64.00421939354642, 33.560197485137714, 26.841118830417, 49.53576400892027, 24.787581779493543, 29.534007070000648, 44.376264613073786, 42.04211787152142, 63.01401063297813, 61.79356267723345, 74.62151851353455, 0.0, 68.48929150289193, 37.8643921208486, 49.76195219013646, 49.28714493908754, 49.43191334433915, 42.070169885333584, 39.43828004822786], [63.99601787492383, 91.26224811433717, 92.84615858621197, 83.3939503176831, 60.7442813475798, 75.05456157608836, 92.26900602556985, 68.2268243771365, 74.966334389038, 67.56425355294996, 69.98154704426906, 28.337618733208018, 65.09211327538685, 68.89254831391628, 35.0811192757435, 59.58195396231087, 35.907739703462994, 54.723563143074266, 94.28506331845901, 63.2818811499522, 30.981687258923625, 36.03982952146035, 54.22581700924781, 30.934917972833052, 10.005100780716695, 43.67767337133058, 95.10844483664923, 26.329807384887026, 92.53036840593384, 75.61926158089308, 25.377637580042496, 101.17662779243246, 73.58545350681369, 97.89187767730415, 29.02335743110232, 68.48929150289193, 0.0, 98.70481666493342, 93.21546052663389, 23.10478071335773, 19.05741663834378, 107.80213725395512, 41.033461992472745], [54.05669539257154, 68.23679548228601, 60.729890518423645, 31.164029768246706, 50.49486120288927, 28.588732483285618, 88.43558084804255, 31.410248435445155, 54.06288660508729, 83.18040021624215, 30.067791834286737, 72.20445172864001, 72.45913896125695, 56.32665425353545, 102.28427811439111, 57.63409904615488, 90.16232504424195, 44.18566208404934, 48.08084104168015, 35.597078095300574, 80.2629520755668, 68.91894490863028, 60.91341685221682, 67.83528373228832, 96.68842199542159, 55.76410751581489, 31.188254515395542, 84.90266843137624, 20.289469992207817, 25.392724781437167, 77.89586329091694, 4.744998940356299, 59.06467034753241, 90.35430241187586, 110.49225922390133, 37.8643921208486, 98.70481666493342, 0.0, 77.16744643303481, 76.25731396229233, 80.54094997028653, 14.053023797987285, 76.7758078560855], [101.04119913444686, 8.963726658896755, 17.032350038032824, 46.83430831472707, 94.37271743932932, 83.1324301754363, 12.549897383341902, 62.38745479783407, 109.12470111188738, 28.54529733371852, 61.37291647681177, 70.02478446956147, 117.82216683572558, 106.8911501785656, 69.26984104985792, 100.92229238753396, 60.255580620595616, 65.91610110945034, 30.27716564999636, 65.70095283336451, 62.24890431560286, 60.445295108744645, 99.68253971815247, 77.2640715542062, 84.53055415568572, 77.13444753365542, 47.046089382617716, 66.9891661986235, 56.94379086037303, 78.65325590199681, 69.32086127937119, 81.90697255372079, 112.41832855844035, 13.201521442830417, 82.20069951702882, 49.76195219013646, 93.21546052663389, 77.16744643303481, 0.0, 83.81525984594634, 77.59821654750286, 72.2851148024763, 52.1836220503659], [42.66496734509673, 79.85481048235457, 79.55577258907293, 64.22598342413598, 38.558340670472255, 51.958384816682056, 85.93738553296119, 46.6781638414754, 53.99243617330934, 62.83226084474151, 48.56096675905462, 14.085567476185565, 48.09303456959476, 48.18417335637271, 44.54008447043511, 38.69190261077641, 38.38673647118647, 33.008923396442135, 78.24709456796299, 41.32903217698619, 27.05487652207012, 23.535857505792254, 33.69864260634176, 8.865786224605447, 24.777814682158436, 20.69910659827613, 76.08590169687277, 26.202560524661937, 71.95827603679952, 52.640447359384, 17.68200580136857, 78.49754202738997, 53.43800015652787, 91.26572188513981, 44.89441324102415, 49.28714493908754, 23.10478071335773, 76.25731396229233, 83.81525984594634, 0.0, 10.88501326079291, 86.11849904229612, 35.202324103649005], [52.59971810424931, 74.60593318251209, 75.35757058534386, 64.3433965896457, 47.931816116805095, 58.631474748796485, 78.42880875659539, 49.614446933120995, 63.99673281057581, 54.49839811101613, 51.298980506194795, 9.307218042465893, 58.960176976290626, 58.35724278951358, 33.68375020847225, 48.891849473644044, 27.79007144074209, 36.35760266154176, 75.82625353807357, 44.950554014423965, 17.329145177428785, 17.840801521630475, 44.10335018698791, 14.315544902156375, 16.451276708728535, 27.33324684382795, 76.07450366319368, 15.559251505183653, 73.53887439426872, 58.531098246613645, 8.434771257017925, 83.28281185080202, 63.7743270997806, 83.90952466533562, 34.88885961294656, 49.43191334433915, 19.05741663834378, 80.54094997028653, 77.59821654750286, 10.88501326079291, 0.0, 89.08901770745267, 26.59621528057615], [67.66985227511681, 63.368363570034354, 55.2898856894631, 30.68387228388712, 63.716403158454824, 41.85272152841688, 84.31116133514031, 39.587154255234516, 68.08859347351131, 83.08160003905284, 37.82157502502227, 80.2526640376058, 86.27724749589754, 70.20933105698715, 107.30537458134764, 71.03983606194211, 95.00028504985335, 53.196586237233795, 42.05780324147066, 44.78952568877765, 86.34957477044169, 75.56102922886801, 74.00086743557335, 77.40421813616463, 104.72872624051769, 66.22292755045576, 25.359489082994624, 91.36316787343685, 18.17465738435459, 38.10115146490776, 85.35968524702491, 16.461462503132093, 73.07796034150323, 85.39857755917134, 116.64042703542164, 42.070169885333584, 107.80213725395512, 14.053023797987285, 72.2851148024763, 86.11849904229612, 89.08901770745267, 0.0, 81.39865252359367], [67.90792841275758, 50.517950415888166, 52.94450175184632, 51.91137769790615, 61.75230887891372, 63.401675734115365, 51.97085156223051, 46.4015371351217, 78.78144662392975, 27.907976737568774, 47.25851491866719, 21.429082278328302, 79.41088187451264, 74.21698448226385, 25.921293287753894, 65.55683208533279, 13.605864484514044, 37.77770107975869, 56.767264471903005, 44.45764392803426, 10.074297790427496, 13.701324859351278, 62.0464527097437, 31.77104392682437, 32.6012352599083, 39.06747844984623, 62.224379106140184, 14.947417071632831, 63.63770649739208, 61.23423676682287, 18.184334467875534, 80.62572743948851, 80.0828024596161, 57.50689727626557, 36.30967076453387, 39.43828004822786, 41.033461992472745, 76.7758078560855, 52.1836220503659, 35.202324103649005, 26.59621528057615, 81.39865252359367, 0.0]]",Route_2,2118.9690463807037
