instance_id,num_cities,city_coordinates,distance_matrix,best_route,total_distance
2562,91,"[[64.87896224335621, 4.981974814132095], [34.11784797873558, 95.79813978764822], [98.23469669909693, 19.506735870822567], [92.63582160035261, 23.76804479150678], [60.12572464907062, 36.593133419239244], [0.49171586983729476, 62.355120732475754], [27.54125857312325, 66.40640044281683], [97.57174143301668, 22.062396628295144], [18.245542324998787, 18.173175418628052], [88.87449993297332, 83.1765642780123], [77.1985174828372, 7.044233966998926], [66.23916474100047, 16.688116490222814], [83.01135388485594, 69.44240989393013], [77.0235564478696, 45.96213029324714], [44.97050051108589, 45.29781419890405], [74.47691454187105, 75.65788360843752], [28.39592693234614, 29.15364948195085], [13.806397967924077, 49.225876787853], [82.68970680965683, 71.98640601384419], [25.513546295991308, 49.72269321878685], [19.108585548894542, 16.96400465045176], [1.1051039311864796, 41.34122546520223], [92.57193257106064, 8.609265774214892], [43.95718120175553, 0.3577570940369257], [77.33136436087659, 67.26399419498206], [18.19805793170778, 83.33832976873883], [99.72858921689998, 52.08577849764967], [44.0045636064885, 37.55632913774978], [3.1291704554349598, 26.59537852787365], [30.561820337357513, 43.171429621937484], [25.98055873861491, 87.30044224789889], [49.901914287129166, 84.71000666872546], [73.70966567939647, 86.00273928446967], [47.37583637988071, 36.72330805881124], [60.88823788569934, 20.45431727925042], [48.53239683367292, 78.02888862525047], [75.34700149376529, 29.579882783756517], [22.256806021917765, 46.19255919282175], [12.831729029229678, 38.62765953490083], [34.446847256474186, 25.173750092228964], [96.19222758102364, 93.70618216490654], [58.38997422826281, 47.72637745684407], [37.851063193731406, 42.6279757505032], [24.366444520455467, 19.790238496750977], [99.81529452321622, 67.20554204893227], [35.263425416797645, 79.4787555561205], [13.97639712303651, 30.508425773741287], [54.54812514503963, 61.946777411364174], [20.33719351804941, 52.80108258190259], [48.322562098370526, 26.07264116623086], [28.58830752265149, 65.20867736615456], [44.354474221107765, 99.38681245238527], [64.81478116981623, 79.90471427441271], [52.46244070312124, 57.23305899380101], [98.11302874752404, 7.612785340238981], [55.87982093901726, 74.2352173778982], [93.93459781643718, 38.163267726439756], [74.26966331038945, 40.882546025206956], [48.331014351427115, 58.90547171195689], [75.07027123934009, 7.361998088220889], [11.985316538165492, 25.871095226001174], [27.360574524188507, 84.31199823193968], [62.05574318813214, 44.95590824879767], [88.65153660655676, 29.31576202740497], [24.709049099268366, 3.3120024552528937], [64.81629383215146, 58.95562624102569], [39.634420562210316, 36.560635068960735], [31.397275346772467, 3.7733627954160354], [17.849927043576997, 51.06175030131471], [27.746265513522495, 76.52899036132588], [62.78529623144225, 54.294005999145035], [51.604040586692015, 37.39726545379026], [40.30805965233304, 83.61736584516805], [20.139249085514656, 46.7009899241325], [73.95848546865062, 54.588454159231304], [60.98016924895758, 88.52231424812011], [14.250682935332183, 29.213136640200087], [80.07585806599522, 48.8124488671953], [51.62118113361559, 56.465782382105466], [1.6424895173964393, 66.01590679763831], [40.116635972077816, 12.956807182322494], [82.946578307782, 4.22561127958303], [63.571769488720975, 6.603923424234015], [57.9984676052387, 21.205729898837188], [28.636811460270685, 41.117667439922954], [65.24737712485955, 9.29737656633428], [37.20007801750622, 77.02783752359603], [32.860483630470306, 60.56832301222255], [39.48873730730291, 0.292458011313379], [58.577705891717635, 98.40196589480627], [63.796400217526774, 4.9120069335082395]]","[[0.0, 95.88441985691911, 36.380952500392844, 33.51655809534889, 31.966523364059622, 86.24033492590215, 71.8822939198517, 36.88575091405398, 48.4632193180551, 81.79351838892002, 12.490970903504921, 11.784901517420742, 66.96216332614699, 42.74183327238951, 44.96347132777897, 71.32464351278276, 43.763931744660226, 67.57166331775747, 69.33120814180982, 59.593354126728464, 47.31275115390538, 73.41049047600788, 27.929515664977373, 21.42671956869562, 63.514661745560744, 91.20759392246678, 58.59406814388734, 38.68887537847869, 65.42305408603916, 51.342971155883276, 91.04622933357423, 81.12256793821419, 81.5005864919585, 36.247367506378154, 15.978712784723923, 74.85360257210077, 26.732693882776157, 59.28710201888606, 61.975370798205375, 36.5215198404444, 94.08775454930563, 43.23414070780531, 46.34359409387627, 43.134078934669695, 71.36049069753156, 80.16763912231131, 56.944453939095084, 57.89399735804717, 65.35010504111196, 26.81288110100131, 70.31548421469624, 96.6101856849492, 74.92276694999518, 53.706105845704045, 33.33803144199916, 69.83549348154764, 44.104740764321996, 37.10843946883022, 56.405479318269435, 10.465528645836587, 56.86908745151276, 87.75466957669941, 40.07350646091323, 34.01864917945365, 40.20461080128723, 53.97368780879787, 40.428933552358345, 33.50349385441245, 65.84129297615007, 80.60901066344998, 49.356457094904336, 35.028197387877135, 82.38479214479744, 61.17285472490541, 50.430551603313, 83.63126747550287, 56.12817357737903, 46.39025865804576, 53.16343858000447, 87.88624657014496, 26.014817963345074, 18.083440934951856, 2.0831395036296567, 17.62246962016556, 51.17891924346921, 4.331099376350399, 77.17983522617118, 64.14846123394688, 25.819664795409366, 93.63226241591254, 1.0848207428358538], [95.88441985691911, 0.0, 99.65615184939635, 92.80456789368412, 64.6656201391644, 47.42522835084412, 30.118530341378246, 97.27978419882182, 79.23108720734113, 56.19248260740016, 98.65698091540362, 85.38252032272736, 55.54457145412548, 65.7611409691495, 51.65329565049164, 45.10525659844798, 66.8896738560393, 50.808765803390564, 54.094585085805605, 46.87196159718169, 80.25022630197122, 63.68199735459947, 104.97037561739523, 95.94623039482376, 51.78422021053363, 20.21599814129296, 78.83869541899288, 59.07500024276494, 75.82427250307433, 52.746715115274874, 11.765472351522725, 19.28946461907944, 40.785559942950826, 60.544281317357324, 79.95839771998823, 22.88067974435526, 78.004491282229, 51.00390124736752, 61.004611893383064, 70.62515600248396, 62.10961994493529, 53.851930757051875, 53.301062274389864, 76.63087450925337, 71.64978107372636, 16.359543067055156, 68.32587210266911, 39.538727341968205, 45.15144920951034, 71.15770556465287, 31.085222033812848, 10.847446165833398, 34.567364404629316, 42.705849000570716, 108.95889087470151, 30.63565063733641, 83.06516742087528, 68.02860216635877, 39.53584520509134, 97.45795057149977, 73.34603267453801, 13.326372063592597, 58.01257188387111, 85.98738133012215, 92.96349334561901, 47.95586911159229, 59.493819329114075, 92.06498300611288, 47.60241376049646, 20.29525025036522, 50.442201685251476, 60.96252172344595, 13.663453970418542, 51.048323691753865, 57.31940845120243, 27.83023430203689, 69.48573156416724, 65.72513858831331, 43.05114412658595, 44.06393433482429, 83.058243692094, 103.77751626873304, 93.93158001971396, 78.32184629313917, 54.95448860181572, 91.93165734788643, 19.021682078506696, 35.252247518907964, 95.65658212450545, 24.598060076347252, 95.60912931394701], [36.380952500392844, 99.65615184939635, 0.0, 7.036061120317392, 41.76408423385129, 106.72241745126169, 84.8359636653963, 2.640248395910664, 80.00027000556287, 64.35417883013919, 24.45066031258472, 32.119443963030626, 52.20461384381617, 33.90870632748011, 59.179847219135034, 60.97035021452362, 70.50189149770236, 89.50622862955669, 54.73355907469521, 78.74877646290834, 79.16695616109811, 99.5535168997419, 12.280950780629041, 57.55633828483117, 52.131612534839064, 102.37351183157702, 32.613275415624315, 57.15500986215931, 95.36933457250942, 71.69125417654043, 99.07899412465594, 81.16356558473313, 70.87450611118949, 53.693891932637655, 37.35847824023886, 76.77995164706164, 25.006296817835935, 80.52808850411354, 87.51729319733272, 64.03908795962299, 74.22755223262406, 48.8257112597585, 64.65891221544047, 73.86879621102727, 47.72498716918096, 86.95989967820049, 84.97351486298027, 60.90709039275038, 84.71442925947687, 50.342152245899264, 83.30238280961503, 96.35302283246712, 69.02757817875982, 59.315890580353845, 11.894572809244119, 69.20362843610228, 19.145679180439398, 32.11305163135617, 63.58174185830878, 26.15502366064278, 86.48387507591644, 96.03573930447492, 44.23321209083105, 13.713276468436426, 75.28804848962115, 51.701108320980644, 61.03136768236167, 68.66425504844632, 86.35641335928423, 90.66507838293191, 49.66703289403377, 49.944860979207945, 86.40409802350213, 82.69477850192078, 42.66217750856746, 78.42862917510472, 84.54305875568969, 34.47561797457439, 59.48773783223349, 107.20614473309034, 58.48598591537906, 21.6157195744173, 36.98649877757642, 40.27208353687046, 72.8759081795978, 34.53106239461806, 83.86836002304969, 77.20001083492785, 61.80838307644633, 88.3013830040836, 37.40324019795889], [33.51655809534889, 92.80456789368412, 7.036061120317392, 0.0, 34.948380536026946, 99.89744066066204, 77.8160106170545, 5.222311772687814, 74.60037676824906, 59.5274703667475, 22.75953002393908, 27.32963369863754, 46.67738217076988, 27.13522165839073, 52.30213958604939, 54.97546068934414, 64.46525269351156, 82.83827159094443, 49.23348005572539, 71.96557244278812, 73.84138002236907, 93.20240853123349, 15.158913651813997, 54.015290438303076, 46.10991244737547, 95.33939118883474, 29.192488669422552, 50.548155646656596, 89.55129488307126, 65.03593603290496, 92.08305812539203, 74.43191218623599, 65.04887836524753, 47.07764977653943, 31.920054225273528, 69.92389612786245, 18.239538413186214, 73.86517907596486, 81.17574355324658, 58.20595109252164, 70.02850193142709, 41.79449445005213, 57.940199770538975, 68.38516498331919, 44.02682136424317, 79.9704641585957, 78.94769024416271, 53.92854759522663, 77.91026187814896, 44.37314652061985, 76.2850580895124, 89.71781610864832, 62.65250155636694, 52.28582703059969, 17.058493663591854, 62.43347734573738, 14.453693749553684, 25.10422121497314, 56.54692490272494, 24.035534691694817, 80.67792007678369, 89.03049016517643, 37.20304763836365, 6.830204494835322, 70.94008803544486, 44.85634864221833, 54.52337918739814, 64.4200811500317, 79.61078058349435, 83.63236135950774, 42.69529450009915, 43.236127359121944, 79.49928239344571, 76.03731320118551, 36.03804265731842, 72.07770625271081, 78.57403508014075, 28.01740279702512, 52.45324371437244, 100.32282057263079, 53.62040393077459, 21.81256846752773, 33.753906254804185, 34.731998925947664, 66.3089941482507, 30.97623491759745, 76.87475000576067, 70.19509602910833, 58.10091000601386, 82.03765857748684, 34.45667409078344], [31.966523364059622, 64.6656201391644, 41.76408423385129, 34.948380536026946, 0.0, 64.96071884923253, 44.16535203158358, 40.16648459438873, 45.751989292726705, 54.74037002887744, 34.12649577649776, 20.822676309784146, 40.03532178500021, 19.321356627464635, 17.477193314386064, 41.61744055902145, 32.59027438358606, 48.01110526963557, 41.97400428716882, 37.01875512325164, 45.47206171029453, 59.211300002628484, 42.846858191601974, 39.67901579722899, 35.167253782709196, 62.79365109718916, 42.5253916325697, 16.149909577239878, 57.86676328269857, 30.286934791796988, 61.13201717347147, 49.191053959272544, 51.24287858495835, 12.75055278462915, 16.156819391092966, 43.02705032102202, 16.759264699232393, 39.06666063502797, 47.33773672457148, 28.103506181848566, 67.54770884912044, 11.267739450493071, 23.07769193210599, 39.51029477355177, 50.12366226550082, 49.57126697172911, 46.54872821287765, 25.95990908895444, 42.963063503708895, 15.811242944305757, 42.584715971620575, 64.74394540479659, 43.56466787695019, 22.016640265028958, 47.77965934839208, 37.880789102997504, 33.84531321453129, 14.780056202849302, 25.237979932910875, 32.82984534732146, 49.31998576745289, 57.88475724850923, 8.582597183313284, 29.439464706555846, 48.6001500536981, 22.849125245088008, 20.491329857355492, 43.617211546763095, 44.68315048942878, 51.41305324146233, 17.89955896361191, 8.559540150498078, 51.02958241227035, 41.244235853248284, 22.69750736153413, 51.936209884173145, 46.464866347552, 23.394860405006675, 21.61595330323361, 65.46746050324022, 30.968363658122474, 39.603634317742305, 30.186552323201838, 15.53375066203311, 31.812309911669455, 27.77210230169231, 46.48172296163566, 36.30706658244178, 41.75672738153547, 61.82821470870581, 31.893065618308746], [86.24033492590215, 47.42522835084412, 106.72241745126169, 99.89744066066204, 64.96071884923253, 0.0, 27.351245451502056, 105.10963314122631, 47.61557146056132, 90.80225234029659, 94.56863966706683, 80.05124801980394, 82.82342860439779, 78.26782709263105, 47.637317192961234, 75.17162445148018, 43.37029730380543, 18.699139176190062, 82.76032485867705, 28.029809538486184, 49.06058760164598, 21.02284564985783, 106.61793110419404, 75.71604700878807, 76.99628964370541, 27.45559343142079, 99.76681022081914, 50.083410254411035, 35.856872831169916, 35.668265829895965, 35.66441049978351, 54.231989018096016, 76.94204336704175, 53.43323476019492, 73.50793971836191, 50.53290044540898, 81.71615512513426, 27.10991598753661, 26.74450111062835, 50.35280796709534, 100.70490054969007, 59.71773983301218, 42.247852982218156, 48.80340016721957, 99.44194217462311, 38.75939440176682, 34.583935697012066, 54.05795157047737, 22.02549949645397, 60.035057877981345, 28.241126889106262, 57.40459704431661, 66.67417013411227, 52.222521541493116, 111.92249109164497, 56.64784973376392, 96.52366517259826, 76.83916314679719, 47.96351277351784, 92.66177453064479, 38.25162706970884, 34.699280034519006, 63.97548010527106, 94.14750775231838, 63.816683121605706, 64.41434539624875, 46.877572689715954, 66.23425072859689, 20.70863855610901, 30.71984792501, 62.812990097683276, 56.880262640682375, 45.13783667211019, 25.121253408734738, 73.87616222398856, 65.90580405915088, 35.88454102091911, 80.72818374241392, 51.467528834839676, 3.8373994583317637, 63.32714800706092, 100.88530224415413, 84.18603901992148, 70.71279135444047, 35.25869861676683, 83.7163059420022, 39.532170059292675, 32.41804701759341, 73.29762468890047, 68.36195786385154, 85.48212902871416], [71.8822939198517, 30.118530341378246, 84.8359636653963, 77.8160106170545, 44.16535203158358, 27.351245451502056, 0.0, 82.88943964035552, 49.12081368218239, 63.58462778663504, 77.39321786260787, 63.0034578493006, 55.55311716978587, 53.53938722953143, 27.374274195834662, 47.83874728690556, 37.262553752481296, 21.99583571731304, 55.43002620484965, 16.806478031282513, 50.15636027486877, 36.42984036351013, 87.00285820894919, 68.05810608563516, 49.79749091469792, 19.33870804691368, 73.59409567601433, 33.216968960594265, 46.69975923040572, 23.43048574867087, 20.952249686512207, 28.896728618191823, 50.15514241558338, 35.700090339517715, 56.77688769512381, 23.99396001130955, 60.345517307316186, 20.893176322568692, 31.432923914771337, 41.80692059931535, 73.87985941917758, 36.06364535551174, 25.917282885425006, 46.724147920008726, 72.27845391139712, 15.182830071164625, 38.37538340527217, 27.372597239136024, 15.394909139525575, 45.372620748531155, 1.5908651957590643, 37.018803286255995, 39.64240107589895, 26.555894112169575, 91.8534916177851, 29.400076387123228, 72.15088385815284, 53.24482090890254, 22.10153562870596, 75.79741746548372, 43.41771875185715, 17.90650940053311, 40.63709221395353, 71.48553377702632, 63.157932739418456, 38.01239652755233, 32.20270606091307, 62.751623646718414, 18.148834529541514, 10.124665648993695, 37.267308591043964, 37.69014978802942, 21.429151636895078, 21.049773114324125, 47.898045962571196, 40.0908267641119, 39.49656026890046, 55.40244828454587, 26.051075946076566, 25.90171275975389, 54.9090077896006, 83.28385195139752, 69.81786286042514, 54.50451540607772, 25.312452528749382, 68.43385115834303, 14.356452163405205, 7.897930317261802, 67.18478720618104, 44.57552322466248, 71.38624327371106], [36.88575091405398, 97.27978419882182, 2.640248395910664, 5.222311772687814, 40.16648459438873, 105.10963314122631, 82.88943964035552, 0.0, 79.42148265137479, 61.72992383947845, 25.31034302109157, 31.790143899698798, 49.566829055371116, 31.518648058561524, 57.50456656829584, 58.35963719704393, 69.53832884723116, 88.05956745410248, 52.09492938529882, 77.18468432195337, 78.62862349078603, 98.37421101199376, 14.352171209719462, 57.84126940259536, 49.526329226009985, 100.27423205788256, 30.100754994450362, 55.76293110038628, 94.55129368632387, 70.25610862532274, 96.85711143663488, 78.72188681616198, 68.24782837761595, 52.29312773278033, 36.71873298057639, 74.41172988970523, 23.46170632040452, 79.08605592244743, 86.3439496279788, 63.201525180783584, 71.65706569825343, 46.83856096482526, 63.16250829401918, 73.24055023435437, 45.19886181019755, 84.72877030445969, 84.02093190764943, 58.666816761640746, 83.12666362716526, 49.41218196346101, 81.36532243883693, 93.86768779532451, 66.47369522118699, 57.199864541522786, 14.459746136525588, 66.78487448103934, 16.506570322350235, 29.953044388761267, 61.49846652676736, 26.877832466810517, 85.67112880831074, 93.8329412227486, 42.25516543156264, 11.497015428318887, 75.23662150686275, 49.33588692615838, 59.72379816764142, 68.65528909224462, 84.83236530356292, 88.55623591968487, 47.42334248444746, 48.45810275890235, 84.07225158379886, 81.25792977146072, 40.19365964607401, 75.86740937276775, 83.62733926110779, 31.963592250814138, 57.40249945041048, 105.51934623232407, 58.172166047743275, 23.066129021050656, 37.34919659127317, 39.582545134612786, 71.52012245551506, 34.75356478274892, 81.6451923653224, 75.3010840099401, 62.0287481387045, 85.7220195958573, 37.880199853034355], [48.4632193180551, 79.23108720734113, 80.00027000556287, 74.60037676824906, 45.751989292726705, 47.61557146056132, 49.12081368218239, 79.42148265137479, 0.0, 95.98901091267368, 59.994221536698866, 48.01659288861065, 82.60232896650331, 65.01600539291857, 38.07846397911235, 80.41429535262982, 14.953297908233445, 31.368395957543207, 83.95781156759368, 32.37585450833537, 1.4855765052411214, 28.81931941064259, 74.93917970391976, 31.28062505463927, 76.81824557869214, 65.16517165051718, 88.25843630148358, 32.23714977288381, 17.304282814156927, 27.86760515887558, 69.55867665650432, 73.68361960849028, 87.61916864306652, 34.535220466826026, 42.70366603549248, 67.08203902314709, 58.22962830137236, 28.30505438136039, 21.158811281929374, 17.649088566929215, 108.53995048154, 49.84944496729545, 31.343479510197824, 6.330903307188856, 95.17246162124404, 63.6237573624872, 13.053122311491558, 56.868319395111335, 34.691021305544616, 31.0970847113575, 48.15922793597865, 85.30727498289063, 77.32707737971806, 51.92755183450135, 80.56262921516398, 67.52252568913973, 78.28433375625593, 60.45177950674935, 50.63847932531675, 57.844026238306455, 9.922116521331525, 66.76397003716073, 51.34830549804283, 71.28226474452723, 16.205905765133323, 61.903499020832776, 28.20607708701927, 19.501863630423333, 32.890954216394846, 59.1241480169596, 57.34548003001594, 38.50136418304439, 69.06299104009436, 28.590598555386936, 66.55827942099776, 82.31190480350392, 11.74051299207244, 69.00545646604614, 50.796230312323445, 50.641764467049974, 22.48455547472616, 66.18729940599015, 46.77942347450573, 39.86842679378977, 25.18785795491391, 47.83254414956183, 61.83159123626444, 44.84356195536923, 27.766767691908925, 89.79611483378926, 47.44195658208053], [81.79351838892002, 56.19248260740016, 64.35417883013919, 59.5274703667475, 54.74037002887744, 90.80225234029659, 63.58462778663504, 61.72992383947845, 95.98901091267368, 0.0, 77.0224661041253, 70.23583194127178, 14.933300982279762, 39.05584409910463, 57.985867871341156, 16.24256827306319, 81.09336048811089, 82.38852537635013, 12.785589855589485, 71.65034497219861, 96.18412479343912, 97.22994625166203, 74.6589111510985, 94.2152872169814, 19.658429883466116, 70.6766271268815, 32.93096133768114, 63.98841332769273, 102.73116424972172, 70.71618909748761, 63.02899498222965, 39.002741922694284, 15.425934756298636, 62.28999992020805, 68.68268436769475, 40.6692002269607, 55.27745906985483, 76.1953658313187, 88.13119720354456, 79.54052947613644, 12.822713861544415, 46.75491474804425, 65.17345416852373, 90.43846255411835, 19.359094434080756, 53.73845085339398, 91.56232095154064, 40.360919916238224, 74.96687441052791, 70.03797324950041, 62.90683552215653, 47.379371410561504, 24.281166969655064, 44.709098892620894, 76.12644154309301, 34.184741132592855, 45.296815087046106, 44.74466708716245, 47.25314970931647, 77.06104837317223, 95.89506403559777, 61.52440352787886, 46.69115827051739, 53.86126374050235, 102.44780776490029, 34.13870413740344, 67.80582771755203, 98.02295522895822, 77.94774679796114, 61.48862725916999, 38.921057571861354, 59.03246005987066, 48.56844065393294, 77.81389486144799, 32.245426461181005, 28.401949353030854, 92.09107223677455, 35.472644765668235, 45.83967311246104, 88.90394707942966, 85.48768089383914, 79.17318507016499, 80.64488511527689, 69.236649875297, 73.46788356670834, 77.56529706722618, 52.03895388070538, 60.404491517346884, 96.4817527916471, 33.9073529425542, 82.18425653170469], [12.490970903504921, 98.65698091540362, 24.45066031258472, 22.75953002393908, 34.12649577649776, 94.56863966706683, 77.39321786260787, 25.31034302109157, 59.994221536698866, 77.0224661041253, 0.0, 14.598352052260816, 62.66834468888493, 38.91828960558726, 50.01981086020112, 68.6676054605544, 53.577225561349074, 76.14362617881513, 65.17391249867563, 67.02825621103098, 58.93082421366922, 83.46550911466588, 15.452870802294756, 33.90715869436146, 60.219906760213306, 96.44606410553789, 50.36213722677592, 45.08687753276026, 76.6062361867881, 58.99284521473265, 95.20681837742532, 82.32300283262381, 79.03554674243374, 42.07421713016088, 21.11529196999979, 76.55434455355017, 22.611580640238685, 67.46245642015803, 71.69795134056943, 46.43688902239975, 88.71896239672087, 44.81961733758495, 53.05115303505079, 54.34784784124287, 64.2720903178317, 83.6977410951582, 67.43593107485594, 59.39132554267982, 72.98561062425773, 34.5818027278147, 75.80273734046098, 98.00960656541832, 73.90538894896275, 55.95347756862802, 20.922237741329816, 70.49195042025168, 35.33398713779595, 33.964828127227904, 59.354197134499465, 2.1518378446564124, 67.87644865721727, 91.94633191624328, 40.82399613204936, 25.043813790909315, 52.62199011104523, 53.367706624544844, 47.77320704614819, 45.91788735806041, 73.89043870061136, 85.28573500894244, 49.3992095476379, 39.70369967679909, 84.99617876455204, 69.48682179436142, 47.65449276973192, 83.07654534062075, 66.73747163291348, 41.867205122631184, 55.6479072604526, 95.84556097367492, 37.55029238773729, 6.401940104474636, 13.633859844857604, 23.8577006924335, 59.32316714788543, 12.161677821296774, 80.60756742656794, 69.50316074837647, 38.30945052389674, 93.23609712608675, 13.570672028882004], [11.784901517420742, 85.38252032272736, 32.119443963030626, 27.32963369863754, 20.822676309784146, 80.05124801980394, 63.0034578493006, 31.790143899698798, 48.01659288861065, 70.23583194127178, 14.598352052260816, 0.0, 55.3563167235836, 31.197291366829372, 35.6492760250046, 59.542371096205265, 39.843445641789366, 61.70819132551093, 57.69333721142231, 52.43910046295469, 47.13138666812512, 69.64353279170118, 27.544191592482687, 27.62548512608926, 51.77795185225024, 82.15959392264266, 48.72921123226815, 30.49360238989885, 63.88290240593948, 44.43240684600153, 81.28256827981924, 69.95629561268086, 69.71603343119358, 27.517886147912265, 6.5434460794030365, 63.845281390603574, 15.784496459567706, 52.961873245618996, 57.73818267244137, 32.90527964726043, 82.63757265171982, 32.015362492674285, 38.45465651779006, 41.98747265091606, 60.657784135525, 70.0154324487452, 54.05920668842088, 46.74427018586526, 58.40494227453222, 20.225576719799562, 61.41524140627878, 85.54539141878811, 63.23264270901465, 42.82161239180913, 33.14068258482656, 58.47208585798848, 35.04595745381175, 25.4923386097916, 45.85855353468591, 12.84386726936927, 55.025513566690286, 78.00342402141392, 28.575672639417533, 25.724926519869708, 43.631077592607774, 42.29145235337118, 33.20736977661965, 37.15841922844866, 59.35541278027463, 71.1521853254982, 37.76416467285598, 25.358543132586487, 71.7770620068553, 55.008861060767174, 38.678463101850284, 72.0264465394901, 53.47596067594896, 34.977518677518525, 42.37862844113784, 81.27706531707535, 26.38767095509596, 20.843505084718828, 10.431008926466305, 9.397761445846799, 44.84127486872786, 7.456988621292804, 66.9637998632091, 55.13264801450962, 31.37519696898417, 82.07223121259833, 12.026797362926091], [66.96216332614699, 55.54457145412548, 52.20461384381617, 46.67738217076988, 40.03532178500021, 82.82342860439779, 55.55311716978587, 49.566829055371116, 82.60232896650331, 14.933300982279762, 62.66834468888493, 55.3563167235836, 0.0, 24.231740512654678, 45.05627621853524, 10.55787707803138, 67.86773222039176, 72.09739339458531, 2.5642490321967384, 60.78540205735274, 82.68946013790566, 86.59278461725525, 61.579835078580366, 79.35942071640403, 6.083401675866761, 66.28619706603686, 24.098103879211955, 50.38106622343552, 90.64784236999515, 58.661043067794054, 59.76136640479285, 36.4600397936324, 18.993838816699256, 48.377988101452466, 53.75188814857182, 35.5320432334075, 40.59265161558362, 65.05129240571532, 76.64677804425787, 65.71320677532705, 27.612788273047133, 32.829840100169115, 52.52109798680002, 76.84115771390748, 16.952167965588405, 48.79131999896886, 79.25705252264555, 29.43365245104323, 64.84584915312789, 55.53601637766486, 54.58747536257194, 48.89807347861796, 20.9898802169901, 32.89839427673709, 63.64717634041709, 27.551607640381167, 33.131586027881326, 29.867758173316524, 36.245731009384144, 62.58624707992449, 83.32561096724793, 57.60307197356368, 32.229278342676544, 40.52109981402628, 88.16115659017301, 21.000781930784054, 54.43132792902664, 83.52506719639507, 67.70421105847814, 55.7175880257946, 25.26989411847138, 44.86992991746757, 44.99445204165685, 66.8586100972946, 17.39524151972372, 29.144739604705364, 79.6644481305931, 20.837764459441104, 33.9666867229254, 81.44097870187291, 70.92658273532135, 65.21683078300947, 65.77668905696483, 54.33619214654321, 61.309721080501234, 62.71350655406942, 46.435026746189315, 50.92994409241302, 81.70638897372044, 37.890091554659406, 67.33043405973285], [42.74183327238951, 65.7611409691495, 33.90870632748011, 27.13522165839073, 19.321356627464635, 78.26782709263105, 53.53938722953143, 31.518648058561524, 65.01600539291857, 39.05584409910463, 38.91828960558726, 31.197291366829372, 24.231740512654678, 0.0, 32.05993934429366, 29.804750459516146, 51.45066937837372, 63.30135201920729, 26.633966784991653, 51.647100396474805, 64.76909096957031, 76.05895209610581, 40.45971438165866, 56.3306668415142, 21.30408766878664, 69.69519038575547, 23.51632582641314, 34.07214964343953, 76.39012603170987, 46.54547166631476, 65.6829022684525, 47.29673770044403, 40.17750913649752, 31.053874822787222, 30.182727342964494, 42.89549120927206, 16.467813151002883, 54.76723518396975, 64.60948203359541, 47.38072305221543, 51.44834732170428, 18.716916262811722, 39.314129956803086, 58.802545495443674, 31.156794885173706, 53.54692066537701, 64.9134907573694, 27.579955687762737, 57.09741684715516, 34.91903283860646, 52.11912233218709, 62.62160647367534, 36.07150123169931, 27.0237347603897, 43.76571832156654, 35.30474478826557, 18.62271670582339, 5.778070936634614, 31.4768495729387, 38.64952172215544, 68.07071573463537, 62.746507030009504, 15.001597134342344, 20.305454907803956, 67.49697092258366, 17.82829766169634, 38.553023159391465, 62.14217271790859, 59.39296710136011, 57.98779471793865, 16.49691506825531, 26.82365926444085, 52.59224723677154, 56.88910561477496, 9.154677686762014, 45.483618271712295, 64.96893440261147, 4.176225705227888, 27.488313495192806, 78.00294355769239, 49.512343235429235, 42.154705636867476, 41.593497332375804, 31.22232159783029, 48.62865318752069, 38.5095126598982, 50.507302442472295, 46.51578083208711, 59.1149863761659, 55.589439290736145, 43.12853220075637], [44.96347132777897, 51.65329565049164, 59.179847219135034, 52.30213958604939, 17.477193314386064, 47.637317192961234, 27.374274195834662, 57.50456656829584, 38.07846397911235, 57.985867871341156, 50.01981086020112, 35.6492760250046, 45.05627621853524, 32.05993934429366, 0.0, 42.3362998325055, 23.137643434999475, 31.41068230751132, 46.206270752557415, 19.95376209312133, 38.36200475782754, 44.04347410819799, 60.099466883418806, 44.95147993794397, 39.111872529000564, 46.517142071336885, 55.17721212633753, 7.801514279659939, 45.83097206971448, 14.564737406419466, 46.09597218352213, 39.71951355579266, 49.828009600955816, 8.905492473086493, 29.505485969968454, 32.92431227096305, 34.202122447620184, 22.731310695853136, 32.82364385019886, 22.709584628364915, 70.4771978242544, 13.637455567070361, 7.603579752741405, 32.78968651064086, 59.058445372223524, 35.53257743186696, 34.34181787295821, 19.207260858299605, 25.750705812472116, 19.515214449786956, 25.78407879245024, 54.09250613952952, 39.89276886477925, 14.091814508967596, 65.14821338639338, 30.92550039923269, 49.48115376884074, 29.629976945413844, 14.016468751567508, 48.426463239400796, 38.280801608372165, 42.804392870680644, 17.08866340625506, 46.51299717268656, 46.6190390407906, 24.091312590234136, 10.237775557683854, 43.686525448034764, 27.726313577524515, 35.66595906098017, 19.957414999562207, 10.316129332680529, 38.60215529127955, 24.87086547500516, 30.440421527508928, 46.094109142070046, 34.67598656210175, 35.28085579899649, 12.998271657566296, 48.02661655372988, 32.70322210134068, 55.93843345560008, 42.932789227587165, 27.388984145598695, 16.860101569544014, 41.31807395010986, 32.66762687913259, 19.489508671755488, 45.337973194599854, 54.819768018590594, 44.558140987194115], [71.32464351278276, 45.10525659844798, 60.97035021452362, 54.97546068934414, 41.61744055902145, 75.17162445148018, 47.83874728690556, 58.35963719704393, 80.41429535262982, 16.24256827306319, 68.6676054605544, 59.542371096205265, 10.55787707803138, 29.804750459516146, 42.3362998325055, 0.0, 65.46832219295278, 66.17826354561595, 8.99609385018868, 55.40799157638773, 80.68843338799661, 81.00034332278994, 69.44743934052812, 81.25000416145524, 8.865960932382924, 56.80051896390213, 34.544047435810526, 48.78824268829422, 86.58885604397331, 54.625133332636196, 49.87429897120673, 26.18914984147367, 10.373269001375759, 47.438060782159575, 56.85143682200957, 26.052632571407422, 46.086214981306064, 59.95952865686304, 71.91221309224397, 64.42867392516916, 28.23642861928244, 32.23288203915524, 49.31964922908165, 75.04833759712831, 26.710963627648724, 39.3991978573529, 75.49030501139676, 24.18989623728642, 58.76685073835285, 56.0602035296988, 47.06325706172632, 38.346101170250435, 10.554259424746146, 28.707337397904308, 72.03333459636217, 18.651430767552995, 42.24272314318632, 34.77595515727208, 31.05239767100122, 68.29846302195216, 79.8994625669925, 47.90452167153522, 33.1194321929419, 48.46145007434133, 87.81097283679142, 19.294895533905482, 52.369783559609196, 83.80477101989834, 61.738039220513855, 46.738767480386365, 24.353833481026815, 44.57626346549507, 35.08367144326737, 61.57177583187812, 21.07580665168093, 18.645527860186377, 76.05467437618849, 27.423083981066505, 29.844954332533682, 73.46986583263782, 71.498627458066, 71.93264025719628, 69.90973899072866, 56.89091541764246, 57.396355141241, 66.99926309905989, 37.30200148777379, 44.26761977778154, 83.0910339424971, 27.7502813454247, 71.54755378583413], [43.763931744660226, 66.8896738560393, 70.50189149770236, 64.46525269351156, 32.59027438358606, 43.37029730380543, 37.262553752481296, 69.53832884723116, 14.953297908233445, 81.09336048811089, 53.577225561349074, 39.843445641789366, 67.86773222039176, 51.45066937837372, 23.137643434999475, 65.46832219295278, 0.0, 24.814283475923983, 69.15532926308947, 20.770018738092308, 15.324560388176396, 29.888560159836253, 67.38420736100561, 32.731575777122785, 62.0247967386245, 55.135978362006156, 74.92817393874526, 17.72666252353666, 25.39593930410939, 14.184119792742708, 58.196937311832784, 59.573620974123855, 72.69906416599032, 20.4337146306502, 33.63671583050784, 52.86082123275959, 46.95300924647438, 18.111136068399173, 18.220897970483566, 7.242460626144577, 93.61286160261275, 35.278734353985364, 16.46077367904566, 10.193634964304831, 80.92386913024438, 50.79152327712146, 14.483033477913612, 41.944328707834586, 24.982879667071924, 20.163417400861775, 36.05554112785209, 72.02341572293862, 62.4660189346076, 36.98175663233277, 72.96905586260226, 52.79878969945091, 66.1550497102423, 47.34941080314114, 35.81310704773159, 51.510877365403815, 16.735689288249922, 55.16806496003347, 37.18460181994239, 60.255827748759856, 26.103329082867717, 47.05954678771218, 13.45983560652469, 25.55713294944243, 24.314254978619644, 47.379795096603054, 42.598899593783436, 24.62871786521177, 55.75119107276145, 19.392830779960452, 52.18118462957295, 67.72275247998591, 14.145369081683798, 55.29270906049005, 35.851987898431695, 45.54747444067107, 19.992816731843423, 59.97650084910799, 41.783131103699546, 30.6509353852358, 11.966442706772654, 41.86049396974127, 48.67700645044977, 31.73033216851533, 30.91955392821096, 75.53985111957331, 42.90513654868437], [67.57166331775747, 50.808765803390564, 89.50622862955669, 82.83827159094443, 48.01110526963557, 18.699139176190062, 21.99583571731304, 88.05956745410248, 31.368395957543207, 82.38852537635013, 76.14362617881513, 61.70819132551093, 72.09739339458531, 63.30135201920729, 31.41068230751132, 66.17826354561595, 24.814283475923983, 0.0, 72.54620546681085, 11.717685289399661, 32.69467214935522, 14.94960189060045, 88.6212081363772, 57.420926951962606, 66.03631603003849, 34.39398385780059, 85.96977368130784, 32.37448918967221, 25.022842341516338, 17.815737685062967, 39.973525306656995, 50.616299467193635, 70.2918138733621, 35.82208006409681, 55.17700867752868, 45.11660989180425, 64.60039444719959, 8.978330129335161, 10.642940781608656, 31.694367723864737, 93.62650526146221, 44.60878579837312, 24.93347596946342, 31.272534032217816, 87.86807525807885, 37.08963063592309, 18.71822299734701, 42.68149067274669, 7.445360097896048, 41.562457892072146, 21.770502162556987, 58.730779234671076, 59.523493062805166, 39.476633681516454, 94.01732485683306, 48.945275944195, 80.88825458747962, 61.03619929261888, 35.85587391659537, 74.2013915502508, 23.425673082659234, 37.61318412614901, 48.43791846790422, 77.44809518387368, 47.19058865835006, 51.9295436192235, 28.76621453943722, 48.73776764676813, 4.440783595614721, 30.65583008164658, 49.24041438503961, 39.60527532574947, 43.41788331568331, 6.817628396455513, 60.39065214715835, 61.3968622483588, 20.017671127025327, 66.27074968894966, 38.501611120600586, 20.73320468529429, 44.807075712280444, 82.49477821803552, 65.52269157424361, 52.32654823807211, 16.90219580953423, 65.11881038965693, 36.334739396533664, 22.174518411644588, 55.26356871487043, 66.50381758261813, 66.80358812506323], [69.33120814180982, 54.094585085805605, 54.73355907469521, 49.23348005572539, 41.97400428716882, 82.76032485867705, 55.43002620484965, 52.09492938529882, 83.95781156759368, 12.785589855589485, 65.17391249867563, 57.69333721142231, 2.5642490321967384, 26.633966784991653, 46.206270752557415, 8.99609385018868, 69.15532926308947, 72.54620546681085, 0.0, 61.357853926822145, 84.08343256890745, 87.15029843722037, 64.14296758767085, 81.4301657007017, 7.1423390556125845, 65.48311956476729, 26.198444404700417, 51.7877446732662, 91.59816767383282, 59.56189564255881, 58.74050715410361, 35.17000642771075, 16.64628298012534, 49.90546585412528, 55.954090257927795, 34.68765516584534, 43.03752471762273, 65.70736664520258, 77.41410095206861, 67.22200720228192, 25.574728605274565, 34.33694787126141, 53.59497540668738, 78.26904130962276, 17.780394112218374, 48.01445062081112, 80.26170801127869, 29.878801198542988, 65.23735547190955, 57.35132464109637, 54.52429743182111, 47.12082693051341, 19.550257602886425, 33.63552979468485, 66.19548246087724, 26.90403562567924, 35.64340412142551, 32.223395828532766, 36.764528959984005, 65.0720362225401, 84.41405506621933, 56.685387032194015, 34.00600335471061, 43.0851166035865, 89.87730732869942, 22.11922496273667, 55.75610209554561, 85.34595942687525, 68.13250514109714, 55.130906159936686, 26.63093274270105, 46.505131858846966, 43.94864323691643, 67.46785922444515, 19.46594346136529, 27.289930051793934, 80.70596360728679, 23.320902535911006, 34.72957019027042, 81.26683389741221, 72.7802163967098, 67.76128161409895, 68.12022135157746, 56.46533768735503, 62.24624098527382, 65.0703410003661, 45.76813694389554, 51.120681744995345, 83.70391834396347, 35.76549163776997, 69.68451797904895], [59.593354126728464, 46.87196159718169, 78.74877646290834, 71.96557244278812, 37.01875512325164, 28.029809538486184, 16.806478031282513, 77.18468432195337, 32.37585450833537, 71.65034497219861, 67.02825621103098, 52.43910046295469, 60.78540205735274, 51.647100396474805, 19.95376209312133, 55.40799157638773, 20.770018738092308, 11.717685289399661, 61.357853926822145, 0.0, 33.37896341843195, 25.807383834483844, 78.65838217289046, 52.69786131464696, 54.7063388369485, 34.40243291783933, 74.25265495446943, 22.134546214672124, 32.18591254856405, 8.27067866091626, 37.580650908632435, 42.64861774683222, 60.32501691792146, 25.435088799717665, 45.91303339145645, 36.48435525626056, 53.75040529307769, 4.802936961282046, 16.85017096750353, 26.12382963276131, 83.24676142688442, 32.936982105335986, 14.231982966431335, 29.954426854309286, 76.33085740930491, 31.312671375876278, 22.41191389615687, 31.50293642327367, 6.022550053976382, 32.8569043575592, 15.788282414927117, 53.117843558718704, 49.553420241289054, 27.975855730274684, 83.92811920786858, 39.02530558940824, 69.39063776098784, 49.55105597992683, 24.59594009822474, 65.1943055723081, 27.421008865283966, 34.638584476977066, 36.85178954479826, 66.35396492378472, 46.41766294082363, 40.37267660292405, 19.30385621532056, 46.32449928384674, 7.779725825261665, 26.899118974390763, 37.55103518928144, 28.855329870289733, 36.982785967264945, 6.16553009135971, 48.68868206238711, 52.567023272273595, 23.39858974663066, 54.56990388911009, 26.964381103210922, 28.901490626833933, 39.55983574452893, 73.27030524741932, 57.512230535628404, 43.22600270045046, 9.15430248251134, 56.6831856796015, 29.700941553836767, 13.09981579309501, 51.367831533643646, 58.84649724527291, 58.937038521928464], [47.31275115390538, 80.25022630197122, 79.16695616109811, 73.84138002236907, 45.47206171029453, 49.06058760164598, 50.15636027486877, 78.62862349078603, 1.4855765052411214, 96.18412479343912, 58.93082421366922, 47.13138666812512, 82.68946013790566, 64.76909096957031, 38.36200475782754, 80.68843338799661, 15.324560388176396, 32.69467214935522, 84.08343256890745, 33.37896341843195, 0.0, 30.304690148725424, 73.93689888945374, 29.886789118677765, 76.94141226133587, 66.38057016514496, 87.93818277405398, 32.30872252557154, 18.657574051729465, 28.600799127921444, 70.67134121707193, 74.4160593167962, 88.0205932227444, 34.488658146200684, 41.92519089558246, 67.78407427543641, 57.636098142246674, 29.397613725999257, 22.554664056930072, 17.397189210587598, 108.77154811161562, 49.8933971308736, 31.779236631666986, 5.969311410773522, 95.06726541575063, 64.56835859734552, 14.484153465201985, 57.266140188130535, 35.858132023388386, 30.601040587044047, 49.16720018615061, 86.20251818134001, 77.78553365572375, 52.28839633567614, 79.55593848175742, 68.05964707069995, 77.77107988723951, 60.12354880831274, 51.11787362939118, 56.779475123827474, 11.405140241148025, 67.8516585022099, 51.26407139848156, 70.63135247259196, 14.756095551221549, 62.06843707000578, 28.378474708015776, 18.02789309642947, 34.12096832893157, 60.18801407180647, 57.45593143218913, 38.38584042548459, 69.943464747006, 29.754840958956972, 66.51398891997052, 82.90851098667217, 13.17727029035725, 68.7846764708641, 51.16111136025678, 52.