instance_id,num_cities,city_coordinates,distance_matrix,best_route,total_distance
529,73,"[[89.55044216720812, 62.40344238950646], [51.75592491402079, 44.304065140526475], [69.67370828445738, 70.07532847498332], [59.29007600610545, 57.44206489256961], [45.026434925566626, 89.56796826929717], [60.82181461633896, 7.0151028620542455], [64.5434477445564, 9.840042859916487], [49.8449333221309, 31.862985700919065], [67.2772121427701, 65.47334760686273], [58.39242829945842, 99.78739139297016], [69.36402935853945, 99.48629633721768], [57.70555699848424, 34.74721776808728], [84.8071782939174, 99.74993122237163], [26.542527460716503, 59.973274372194176], [15.229790304621837, 25.729735738214078], [77.70372278364364, 30.86539351478692], [63.964527553199304, 76.9029898095061], [63.098781100585796, 65.86996772386439], [2.445069515640297, 38.02531669385115], [82.75732134745955, 53.42736495050274], [75.32258566602938, 90.67403324814283], [71.15911242837232, 94.83977954554665], [70.05617692447419, 35.28850466375827], [30.944799567445248, 34.1725996914984], [54.297236997309554, 16.370814117641764], [80.76484092285673, 43.141128759014144], [0.4383773987694406, 35.41508407434905], [88.6233306408656, 61.69814360283185], [44.07079167299681, 7.245981334425755], [57.977128009292365, 62.5868999055049], [94.02457868547435, 44.66432880746586], [45.61810218112792, 22.88100538457183], [8.050864967452098, 90.43268969174318], [36.1685111911026, 54.52046685699301], [84.20229730763346, 39.8512898767659], [84.083836040929, 26.77526906772706], [25.382052502589893, 2.4479775086511], [58.6360495326099, 77.62909787896595], [19.189478009444894, 83.69224147105673], [13.594054843350811, 32.416815611340596], [8.960743610001575, 82.73088036729459], [82.91103555535375, 50.56450607818379], [8.113692182667387, 32.9727734007377], [62.18824895643327, 23.548227821809785], [59.333160300593725, 47.55973417679213], [38.63726580437289, 47.888361860519126], [71.69006400626283, 80.46611559109617], [74.58844584270025, 88.86861946590545], [67.87298257922453, 39.98677796545944], [42.211603459122095, 29.889111187075436], [4.907399259378287, 72.15106845371422], [11.783793120028763, 56.1775020256472], [52.55878420775561, 54.31367530642137], [14.665604292131174, 97.53972103285082], [60.60992277715762, 58.891965979326756], [26.66702058119569, 77.15202081836972], [46.13677644161483, 43.46033941018006], [17.14177494591005, 68.44234262974047], [92.02011233516909, 34.663398203861576], [49.181508931255976, 18.955939627261497], [75.89473560443933, 5.60290298318018], [3.003505708133014, 47.01759129859294], [55.71168153241033, 15.939132591109805], [73.6397763769241, 3.508166340987262], [66.99948495147365, 31.68252328871638], [52.78188343982995, 84.51088907595845], [57.112388868801375, 86.2196038639165], [29.686276140717894, 28.33204591670475], [66.34168485455658, 40.3833586000351], [99.183545682044, 10.55505471312712], [83.18583034780445, 13.38544708765993], [92.15610217935314, 55.41873505869673], [70.99991672119715, 54.60901292723668]]","[[0.0, 41.90480868829219, 21.305923729193832, 30.664393469806615, 52.156482695131615, 62.39553026110832, 58.20876858482606, 50.09238392604197, 22.483796248967355, 48.66601967776343, 42.22119513928122, 42.17776039241062, 37.64649758363967, 63.05476216950541, 82.8765349952856, 33.689661425682516, 29.40877253508157, 26.677840450029095, 90.45241266656002, 11.25684043871516, 31.64898431410633, 37.287490900607665, 33.39530244248832, 65.05076343880074, 57.98095670447876, 21.171289890419963, 93.10924536178851, 1.1648957724886055, 71.48946858886531, 31.573847145614355, 18.29464534394206, 59.09376890554171, 86.18480021482289, 53.960836335104176, 23.177623614100415, 36.04511779404564, 87.81936005932725, 34.460415799142766, 73.51107565220806, 81.66131618352013, 83.11380299494328, 13.573582177932616, 86.59161925481628, 47.52280838087667, 33.66630061219418, 52.941846304375815, 25.401835981664757, 30.401758694189745, 31.183635100626052, 57.429499247090455, 85.20247019062502, 78.0154730642678, 37.865909338713806, 82.71817829521692, 29.152772237733025, 64.58982331634377, 47.36652322283026, 72.660053708184, 27.849763412999522, 59.30713504194959, 58.419000321625425, 87.90390562564866, 57.48037757653058, 61.00658019198743, 38.109323553996276, 42.902984859832, 40.242227189426906, 68.88090034003643, 31.992663316655833, 52.73568040679544, 49.429466384167455, 7.454904465917637, 20.121509013128204], [41.90480868829219, 0.0, 31.387975002599546, 15.144981682492917, 45.761413461074845, 38.37521418702342, 36.75989080369869, 12.586991160992213, 26.249740520181682, 55.87882129411851, 57.92343206314831, 11.257506546326093, 64.54943389022118, 29.685678855031618, 40.97760635090267, 29.22132969847987, 34.810054121979825, 24.366955917863788, 49.70898452167996, 32.315958600139695, 52.015011691833934, 54.13263448367214, 20.400479267810564, 23.14626385263351, 28.048614579193735, 29.032217087834393, 52.081711448213184, 40.76468533646035, 37.84656983548544, 19.312312523261433, 42.270189040986466, 22.284980529666615, 63.54511993788567, 18.63712237985356, 32.75048532548103, 36.77434607972063, 49.47234801201239, 34.02784039261644, 51.107747931536814, 39.97042692616414, 57.51562980022085, 31.777886018544308, 45.08927422647009, 23.230113381706296, 8.247052623648768, 13.599499983900067, 41.29241811929159, 50.07318158633661, 16.685278431464692, 17.2882899534498, 54.499907793852145, 41.69831919419791, 10.041756754608372, 64.88240857212791, 17.064586987182008, 41.33329545094613, 5.682138916199676, 42.199476515250225, 41.40226138351697, 25.478522027161425, 45.61208320036564, 48.827877310375946, 28.639438000018263, 46.29479791199721, 19.79064024564197, 40.21991150999099, 42.25640889345512, 27.24288521913714, 15.103520543886129, 58.2097493255566, 44.088546107528074, 41.90119581181611, 21.829410655386337], [21.305923729193832, 31.387975002599546, 0.0, 16.352955941809803, 31.423734504013897, 63.67847419548611, 60.45336389594828, 43.050707970823964, 5.188585709773904, 31.781660764383393, 29.412598178850843, 37.30029559296606, 33.31071843630112, 44.29842272977574, 70.21874251345193, 40.02374460791961, 8.900095725390024, 7.804788691583203, 74.47746723592851, 21.17393728844017, 21.359224096483942, 24.808959315075768, 34.78892630038776, 52.810361715397626, 55.86242683237443, 29.12841117435487, 77.42650440748564, 20.71872133681734, 67.84567931063917, 13.888360327035004, 35.19493988330847, 52.97146700782119, 64.8983587942085, 36.939842341560926, 33.53464489436096, 45.63493099183733, 80.84064182465964, 13.374952072092789, 52.288410054266514, 67.55065596406715, 62.01795766760384, 23.577510977121207, 71.87652729153011, 47.12539863536482, 24.77658005470744, 38.15130730880584, 10.584618429080678, 19.425303898160205, 30.14238684692465, 48.67339377266239, 64.79956389661388, 59.5347953533109, 23.266936557211498, 61.48320391296489, 14.395131275247023, 43.585029100928956, 35.52949202415105, 52.55730836959161, 41.873220314712526, 55.07378823447625, 64.77186757931308, 70.54484499425611, 55.90765507336183, 66.68520653554131, 38.48582804754654, 22.219791998261318, 20.455424055634975, 57.80567764666767, 29.878344251183673, 66.43412896936566, 58.27795547515018, 26.83791656994972, 15.523071391968452], [30.664393469806615, 15.144981682492917, 16.352955941809803, 0.0, 35.150037334905775, 50.4502202452786, 47.89102646863553, 27.267196640163945, 11.326775609259577, 42.354839721462454, 43.23426805114376, 22.750094208357396, 49.40726730499323, 32.84522731177769, 54.28609947758772, 32.332365350691504, 20.01444717919452, 9.248555596982001, 60.06966683371452, 23.808179677080258, 36.89722329364873, 39.23599223746726, 24.63106087435277, 36.67318785063455, 41.373615766388674, 25.800819803366018, 62.83876441286041, 29.640412167438317, 52.45258258835465, 5.309723133333823, 37.0102177221865, 37.167051303355166, 60.94126740151948, 23.30541770867587, 30.49678894298431, 39.4358073687733, 64.60730380618764, 20.19762489556351, 47.928381258827535, 52.099802798998894, 56.32553495131849, 24.601840282234182, 56.72537780708112, 34.01751898403564, 9.88242463327855, 22.75547869971975, 26.15084344667239, 34.952374053962195, 19.451306561530355, 32.416654399169104, 56.33675812381099, 47.52311051368946, 7.422742800154982, 59.99304546108259, 1.9606653616658776, 38.11490663577332, 19.19630008356117, 43.560135359704354, 39.87634554741799, 39.79151877277015, 54.43356894274372, 57.24375638984665, 41.65691175097991, 55.81020797044793, 26.888454212311437, 27.840219344519177, 28.859817575919788, 41.51840761933354, 18.458728226140355, 61.562006516618446, 50.11978299999623, 32.92824835968719, 12.047678324519465], [52.156482695131615, 45.761413461074845, 31.423734504013897, 35.150037334905775, 0.0, 84.05039920501287, 82.08200703845137, 57.90581093478023, 32.79707047338579, 16.825171257719244, 26.281014714937662, 56.26788446401598, 41.063121076172045, 34.89270327779674, 70.44969810694374, 67.18480054721077, 22.78273538800306, 29.80276708832692, 66.85669459075507, 52.24713387764192, 30.316334366579856, 26.65912278373087, 59.77246986562375, 57.157145784488485, 73.78191612417393, 58.589120919678585, 70.14720051894042, 51.7437575263932, 82.32753358950652, 29.928222489825444, 66.46168015356457, 66.68958756005348, 36.985679889193044, 36.149552806791995, 63.296890158719684, 73.94865553142378, 89.30730401772978, 18.10409445261964, 26.496650884462575, 65.22460247303876, 36.708035374415424, 54.3738266794979, 67.56897704578397, 68.2138841408672, 44.37763088006329, 42.16646857930917, 28.174329414000663, 29.570282011058556, 54.59175003273145, 59.74520281013977, 43.73654561086124, 47.11683849941146, 36.04998554814088, 31.38994869182455, 34.40729879131685, 22.163570248777273, 46.12099627384852, 34.983514986972885, 72.26975529603035, 70.73417299252478, 89.45939959167612, 59.803521304037545, 74.40013399433217, 90.69185639820097, 61.91558501735131, 9.258565311379975, 12.541205161754263, 63.12811305525534, 53.60471721642577, 95.79161317215697, 85.20514064644992, 58.20116548940074, 43.55169704151757], [62.39553026110832, 38.37521418702342, 63.67847419548611, 50.4502202452786, 84.05039920501287, 0.0, 4.6723483530840735, 27.164484249127344, 58.81359142127083, 92.8040917047312, 92.86490755620756, 27.90665258862584, 95.78646074348516, 63.08436777518675, 49.283568910232624, 29.220458374042252, 69.95851189514626, 58.89889382893636, 66.10202516145563, 51.33482762918242, 84.90635426385917, 88.4309536339773, 29.74321261529273, 40.375310057918945, 11.406114421864547, 41.26516745840585, 66.72869265216319, 61.34459420290882, 16.752613960734, 55.64455830115629, 50.19848360378352, 21.974524674418348, 98.70798812322154, 53.52144409550619, 40.309578868341454, 30.521890656279798, 35.73283325840286, 70.64781568633018, 87.250415681611, 53.62563103379143, 91.77390505556265, 48.83118063464823, 58.753270804932626, 16.589495584275024, 40.571951150022485, 46.50567177394705, 74.25072468147, 83.00312232524492, 33.71721116529855, 29.488306431013257, 85.8435545528529, 69.43823906028311, 48.01492087682972, 101.61251028520563, 51.87729585319324, 78.01113520513584, 39.29256435054794, 75.37407811102604, 41.686472816257385, 16.675739836526006, 15.138931785677899, 70.3075808581133, 10.283567802106884, 13.289046145552222, 25.429220225467226, 77.91172809169454, 79.2913161596558, 37.73372254843262, 33.82173056545234, 38.52471504716671, 23.253612304111886, 57.6606381070268, 48.67005278145476], [58.20876858482606, 36.75989080369869, 60.45336389594828, 47.89102646863553, 82.08200703845137, 4.6723483530840735, 0.0, 26.47746848934613, 55.700431460191865, 90.157420927734, 89.77576939026258, 25.828745841821902, 92.1651062014592, 62.907955333823935, 51.81041545741392, 24.80439899019291, 67.0654456643019, 56.04854629668685, 68.19544148808924, 47.23981200905694, 81.5495175731531, 85.25680181566248, 26.03870947632987, 41.48424377147857, 12.150547637770384, 37.04181311307654, 69.01842346184254, 57.17607343078329, 20.63634662003905, 53.15399780875808, 45.62749142032941, 22.98337243018629, 98.42045840264882, 52.92898367596963, 35.87680746178578, 25.857854928101233, 39.85294854154327, 68.04596486207117, 86.66677454730107, 55.7274735195385, 91.66521254781695, 44.67493913150143, 60.98721616083806, 13.909036497222022, 38.077844060412595, 46.03047731111975, 70.98673308035784, 79.6644080324481, 30.33004186840243, 30.011271382198608, 86.25034602526202, 70.21923723621043, 46.060136159993434, 100.89119297094715, 49.20938711650131, 77.23681836624722, 38.32923021118736, 75.37339134218547, 37.029259613943076, 17.863055113179193, 12.116315050911913, 71.89808463204346, 10.733079240141329, 11.083133800464548, 21.980128981520288, 75.59146558649331, 76.74019790943137, 39.45854266533056, 30.59620553441814, 34.64747648918986, 18.97652023591224, 53.29048571261714, 45.23214202903656], [50.09238392604197, 12.586991160992213, 43.050707970823964, 27.267196640163945, 57.90581093478023, 27.164484249127344, 26.47746848934613, 0.0, 37.86212847066333, 68.46009464648571, 70.38399854719734, 8.373063907467097, 76.36095825551091, 36.5128805781261, 35.15430103454806, 27.876645071290866, 47.20132319492279, 36.498483629369865, 47.798759525120616, 39.347779326788846, 64.0925119070736, 66.48586912962529, 20.499476776689534, 19.04072931193781, 16.119255205551962, 32.91256898019785, 49.534080904593026, 48.92750500119253, 25.28512637429791, 31.78193660683138, 45.9969069586459, 9.926835945949836, 71.95244523439298, 26.465184198186236, 35.27380704769703, 34.614842480169955, 38.258008899343665, 46.60279764262783, 60.21651512761625, 36.25510885451813, 65.26147160620006, 37.98834007059525, 41.74599520647125, 14.882628781106622, 18.341601999543364, 19.555676726855708, 53.286714758260615, 62.14405597322505, 19.773885828880477, 7.884409007268929, 60.35322343949096, 45.1646554020901, 22.614120597361627, 74.50515924995794, 29.09382705759743, 50.875459122214174, 12.175756260217616, 49.066749648884404, 42.268049812694855, 12.924084891005903, 36.98897326622963, 49.2319145650304, 16.970204254091904, 37.01608213920814, 17.15550081711414, 52.729758256427985, 54.840294020370955, 20.46555631096994, 18.567163635369294, 53.743153913612794, 38.11869420220281, 48.42631864875562, 31.063082223036897], [22.483796248967355, 26.249740520181682, 5.188585709773904, 11.326775609259577, 32.79707047338579, 58.81359142127083, 55.700431460191865, 37.86212847066333, 0.0, 35.44563421491101, 34.076905484885, 32.18247406695795, 38.49914151784873, 41.10432266481288, 65.4865543784672, 36.14446860286476, 11.900025213016402, 4.197212585931261, 70.40313287507979, 19.614777060839536, 26.453782185528457, 29.62189181393912, 30.31249558775778, 47.95603219204867, 50.789157798065915, 26.089157302941487, 73.28662249364389, 21.677383149420642, 62.681449680463224, 9.737717659823485, 33.88859513705795, 47.783100153833175, 64.27074728864899, 32.980552930797636, 30.707464078987257, 42.19009231413554, 75.67959881825969, 14.914152873461102, 51.42332416046376, 63.044553176346426, 60.816387093535575, 21.60300882338177, 67.50266230155157, 42.23284521912926, 19.596058424928003, 33.60771116820334, 15.628702869982092, 24.511076752633915, 25.49353201302348, 43.52611423342413, 62.72627451728487, 56.266617988851564, 18.470798757266916, 61.61358279896021, 9.36842204493784, 42.256112772579314, 30.520330134221986, 50.22327144229228, 39.51536526652018, 49.91316178985129, 60.48745200493949, 66.87095243643647, 50.86649148040399, 62.290977781268936, 33.79196562043433, 23.927861153764237, 23.102614156721724, 52.84462849476488, 25.10742439338857, 63.514037930850584, 54.46313903634199, 26.833829449896417, 11.484437182951854], [48.66601967776343, 55.87882129411851, 31.781660764383393, 42.354839721462454, 16.825171257719244, 92.8040917047312, 90.157420927734, 68.46009464648571, 35.44563421491101, 0.0, 10.975731776616382, 65.04380045276423, 26.41477655658196, 50.98607748769989, 85.71784924828515, 71.57630813457214, 23.55300672794861, 34.24239163724251, 83.33463161270245, 52.37270343401047, 19.227155929381432, 13.69186205891031, 65.54501827976908, 71.12435035230877, 83.51703991481038, 60.90421920513154, 86.61677646577856, 48.628163173147456, 93.64305554222412, 37.2028095879866, 65.636896406953, 77.96008989637087, 51.20335382208223, 50.42813647741627, 65.2570732042121, 77.40037750666825, 102.78446577957804, 22.15963273066599, 42.37835724105103, 80.90543087742121, 52.2916438793702, 54.991404241767235, 83.61904378160432, 76.3335988702882, 52.23612882850866, 55.53175408374437, 23.455038136889932, 19.532807393107973, 60.54745474219513, 71.74669796064082, 60.203111854961946, 63.82936098629938, 45.84637671734491, 43.784553895358236, 40.95550148052759, 38.97257363761716, 57.64492854998264, 51.80857539118268, 73.2936260700796, 81.35456121299907, 95.79691340545294, 76.50218655586501, 83.89110147883858, 97.47907878106855, 68.6465912023955, 16.274204639968367, 13.628035785746267, 77.00590606501042, 59.93354479623974, 98.11383779398672, 89.88886897090686, 55.75449164665343, 46.90452691475875], [42.22119513928122, 57.92343206314831, 29.412598178850843, 43.23426805114376, 26.281014714937662, 92.86490755620756, 89.77576939026258, 70.38399854719734, 34.076905484885, 10.975731776616382, 0.0, 65.78045508926044, 15.445399068749735, 58.26628467298808, 91.4906884297041, 69.12581855276805, 23.219826732136745, 34.19518804122513, 90.86032800500924, 47.96671169453443, 10.637686497570746, 4.981208841524461, 64.20152275454161, 75.77543261024607, 84.47006343462195, 57.48701082628066, 94.10560949759007, 42.413030697660375, 95.64530090094148, 38.616408162362575, 60.11315011658724, 80.2012447500315, 61.97799545757738, 55.89157581647946, 61.45330089805784, 74.18602425896354, 106.54036610239248, 24.348032273449803, 52.601689822649504, 87.22731970124721, 62.684135900119685, 50.762810590484726, 90.41931506918013, 76.27635330972525, 52.88654074391888, 60.05398272200884, 19.161881765566267, 11.833409895020525, 59.51819811594856, 74.70624079048906, 70.013369060367, 72.04953344751526, 48.19732311415111, 54.733050893962165, 41.52750942741182, 48.185624635199886, 60.649922734139224, 60.752702966447345, 68.66808733503059, 83.02091593466372, 94.11026337089471, 84.59718735032719, 84.65527255395598, 96.07332330120849, 67.84499030780134, 22.34346405349784, 18.058455744357975, 81.46932829795158, 59.18016403716735, 93.79749085434072, 87.20320191416091, 49.61278605869129, 44.90708957083569], [42.17776039241062, 11.257506546326093, 37.30029559296606, 22.750094208357396, 56.26788446401598, 27.90665258862584, 25.828745841821902, 8.373063907467097, 32.18247406695795, 65.04380045276423, 65.78045508926044, 0.0, 70.42620700606328, 40.09349500561643, 43.42241055481048, 20.371430835958257, 42.61788156176769, 31.58658625152951, 55.35763189848936, 31.24962072975118, 58.63589675969226, 61.58014399693169, 12.362475644452653, 26.766925938868127, 18.689806215007014, 24.539525603165732, 57.2710738917041, 41.01537675496147, 30.69568098057553, 27.841006668695744, 37.6486444333315, 16.93852296666761, 74.6087141294964, 29.23740278549321, 26.983861827045512, 27.556588528376572, 45.69518425647154, 42.891974286570616, 62.28245086679039, 44.17301661189227, 68.39947886287267, 29.757398387048624, 49.623600320039984, 12.062831467225484, 12.915481765399562, 23.15792298807216, 47.80987402620232, 56.69354511284992, 11.43807387639101, 16.237727545207285, 64.70466371720192, 50.67608391606872, 20.232042179642065, 76.1271042088194, 24.318803563507824, 52.55052868107599, 14.482926925276718, 52.73311913637518, 34.31465770882399, 17.945023287065975, 34.354581974477426, 56.061363539877895, 18.91347687229007, 35.06818617016352, 9.78618664481954, 50.00665499061131, 51.47580381915551, 28.74429560224363, 10.31255486404693, 48.01754157088106, 33.25010641425443, 40.17650669676316, 23.90043738890361], [37.64649758363967, 64.54943389022118, 33.31071843630112, 49.40726730499323, 41.063121076172045, 95.78646074348516, 92.1651062014592, 76.36095825551091, 38.49914151784873, 26.41477655658196, 15.445399068749735, 70.42620700606328, 0.0, 70.5475156677511, 101.58741191174165, 69.2498275476127, 30.925698404764717, 40.23812166793612, 102.92446259805874, 46.36789901982433, 13.12743011238674, 14.504457637556941, 66.1276610456836, 84.86190106746362, 88.78588675621093, 56.75294712838182, 106.09932668044858, 38.24266674511179, 101.07637676430987, 45.836039258796404, 55.85144638584884, 86.28218498642215, 77.31974279063907, 66.41855451842875, 59.901695435580756, 72.9782470370416, 114.01322630213615, 34.26746632664378, 67.5539191370297, 98.00539479780748, 77.732424034435, 49.221960585692976, 101.69109901378735, 79.48783281434523, 58.075315413526546, 69.43546065207919, 23.32218327122089, 14.927338625855832, 62.11603232429368, 81.82247351132017, 84.53207625446899, 85.03511844148665, 55.71725291860789, 70.17638799859904, 47.485582004912025, 62.37742775626013, 68.29288488416425, 74.55717211465287, 65.48498452204937, 88.29981537584548, 94.56793622028738, 97.32697736167067, 88.7175174303744, 96.88750266705885, 70.35826863265716, 35.46615169469896, 30.82322370759551, 90.21545430643236, 62.172054758406, 90.34603441644667, 86.37970183450065, 44.93619516131903, 47.205327841945625], [63.05476216950541, 29.685678855031618, 44.29842272977574, 32.84522731177769, 34.89270327779674, 63.08436777518675, 62.907955333823935, 36.5128805781261, 41.10432266481288, 50.98607748769989, 58.26628467298808, 40.09349500561643, 70.5475156677511, 0.0, 36.06380401648961, 58.86201351363813, 41.0733655269463, 37.028781679473184, 32.594483055649974, 56.59462856036775, 57.637059901359066, 56.62431312766157, 50.02774775275512, 26.173551797201277, 51.68654023738165, 56.77482191191699, 35.84035938940659, 62.10476066579125, 55.56444436315555, 31.543068177919846, 69.1967560786245, 41.70987856088926, 35.63309646064425, 11.063122189304979, 61.06998705447456, 66.43124076305261, 57.53700097647772, 36.629527197076726, 24.83257410076068, 30.44702551254052, 28.75809023564483, 57.14834753188897, 32.690197650290976, 50.964708153268916, 35.06168253553296, 17.097596498231912, 49.580808760593754, 56.06559766249628, 45.90932975898719, 33.92015355496882, 24.826949892812944, 15.239033008882364, 26.624738059052415, 39.39922865565314, 34.08455150778957, 17.17919753652759, 25.624433929067447, 12.653033825751752, 70.1990309950748, 46.850242599172226, 73.4287255346343, 26.86885313838676, 52.818985144120795, 73.52862898525368, 49.36731718734806, 35.924898573955986, 40.29126751912342, 31.797020205287854, 44.359189907165145, 87.85714519891387, 73.34091227310975, 65.77146049553946, 44.77984770750966], [82.8765349952856, 40.97760635090267, 70.21874251345193, 54.28609947758772, 70.44969810694374, 49.283568910232624, 51.81041545741392, 35.15430103454806, 65.4865543784672, 85.71784924828515, 91.4906884297041, 43.42241055481048, 101.58741191174165, 36.06380401648961, 0.0, 62.684664952374504, 70.66665795785796, 62.471421495639966, 17.73782389947656, 72.98716402712766, 88.48110438622555, 88.90605844526948, 55.65341618590429, 17.83937969393256, 40.17281176350508, 67.8085500984896, 17.680267762216992, 81.73333547215199, 34.25569349451521, 56.442762434981624, 81.0378768890294, 30.521545886988804, 65.09999400391037, 35.59966616017307, 70.4033025757211, 68.86198337399674, 25.398990019213652, 67.65831161641715, 58.09760061783572, 6.884233270948428, 57.34484663406716, 72.0938053963637, 10.153839030732135, 47.00910354115699, 49.21032490067418, 32.23219851172962, 78.63735617289794, 86.66007515382836, 54.5396089638553, 27.300524632851907, 47.55514575704808, 30.642150193652736, 47.01590568157892, 71.81220156681339, 56.20578206723455, 52.678853815019316, 35.63167268940108, 42.75537945964917, 77.30823942249151, 34.620853707771154, 63.916547035794686, 24.549029092693118, 41.64900271750318, 62.49419668611088, 52.11081426584786, 69.75230237455077, 73.57429040332693, 14.688839334485284, 53.170992349777826, 85.31414880419997, 69.06811739608108, 82.45661974214106, 62.80381876511326], [33.689661425682516, 29.22132969847987, 40.02374460791961, 32.332365350691504, 67.18480054721077, 29.220458374042252, 24.80439899019291, 27.876645071290866, 36.14446860286476, 71.57630813457214, 69.12581855276805, 20.371430835958257, 69.2498275476127, 58.86201351363813, 62.684664952374504, 0.0, 48.04399814936102, 37.929204277500105, 75.5984747970728, 23.121016705808135, 59.85602058880327, 64.3082731280742, 8.834527146613706, 46.875734799932644, 27.53100813203186, 12.651644954257208, 77.3991814015605, 32.70926953857787, 41.09806183799071, 37.35495293917293, 21.372434409300748, 33.06414225807924, 91.65033210957733, 47.79891522683653, 11.089535800567871, 7.578585829046546, 59.54079873049309, 50.50168521018407, 78.83268805825216, 64.12843701460598, 86.11402854422404, 20.37574887182789, 69.62193195415163, 17.154324290432765, 24.822944548999853, 42.6141937881384, 49.963944223630314, 58.08682441961589, 13.410559543276067, 35.50554409285228, 83.68877866125351, 70.6126048529687, 34.38153363311587, 91.75658195974836, 32.82813980066254, 68.8999044908056, 33.986832207024044, 71.27255173408746, 14.811611978757075, 30.90876534157308, 25.327176362043318, 76.42653939814099, 26.57899816692943, 27.657431895162844, 10.735381159283603, 59.15181544367454, 59.06006803050788, 48.08422851787195, 14.821861059462693, 29.561675425876185, 18.31944405379865, 28.491013516009147, 24.671856000839405], [29.40877253508157, 34.810054121979825, 8.900095725390024, 20.01444717919452, 22.78273538800306, 69.95851189514626, 67.0654456643019, 47.20132319492279, 11.900025213016402, 23.55300672794861, 23.219826732136745, 42.61788156176769, 30.925698404764717, 41.0733655269463, 70.66665795785796, 48.04399814936102, 0.0, 11.066936941289152, 72.77442671792545, 30.07114997991003, 17.850689664078672, 19.325901726982835, 42.05797862484858, 54.001746970726046, 61.299272431919825, 37.71092402622105, 75.87369818146765, 28.96970690022454, 72.44211176497184, 15.517711926628293, 44.078769688813466, 57.0523104277191, 57.527301715413294, 35.68747482411333, 42.218429536629024, 54.01458100170931, 83.85795274004347, 5.377723583863256, 45.28685239415, 67.20270988437235, 55.31166745293019, 32.44512121630665, 71.05758035077949, 53.384321597422705, 29.70650120352963, 38.513878313040635, 8.507630623331343, 16.001372844106115, 37.122536519006786, 51.80245640669298, 59.24799708753424, 56.14601401581375, 25.305495667570057, 53.44397543489121, 18.32076288298961, 37.29833833792109, 37.89775158803149, 47.581012099616885, 50.707977049670696, 59.802995446719024, 72.29130131341866, 67.89243866993392, 61.519926482302154, 74.02979502724583, 45.32219719703805, 13.525223126246772, 11.56508114926394, 59.44859216613073, 36.596917090257264, 75.11609500974613, 66.36216327504287, 35.44485974157149, 23.377726706682683], [26.677840450029095, 24.366955917863788, 7.804788691583203, 9.248555596982001, 29.80276708832692, 58.89889382893636, 56.04854629668685, 36.498483629369865, 4.197212585931261, 34.24239163724251, 34.19518804122513, 31.58658625152951, 40.23812166793612, 37.028781679473184, 62.471421495639966, 37.929204277500105, 11.066936941289152, 0.0, 66.73977314924713, 23.265351241999813, 27.65254173827169, 30.070233422728496, 31.362895904984523, 45.15087672031188, 50.27557445056535, 28.786972580216737, 69.66940598411988, 25.86323154076124, 61.63469933280704, 6.083573348575927, 37.49778764292868, 46.407165594273195, 60.279352858767794, 29.224144253078315, 33.50119390726571, 44.3708011406534, 73.7895687681768, 12.57748444850668, 47.388398785668386, 59.74806530815392, 56.702887743934944, 25.035626270734124, 64.07484215856448, 42.33153360230049, 18.69343608215631, 30.359576413572555, 16.936873221686263, 25.708955207045587, 26.319812154121376, 41.6040409929979, 58.52938703734847, 52.22233126504245, 15.640953581489878, 57.8683496430569, 7.4085709891225315, 38.138666685785296, 28.105178227658246, 46.02894227936685, 42.54754260338959, 48.934818860235374, 61.61051488279019, 62.98296770853904, 50.47432552381912, 63.24639794591628, 34.4092552598667, 21.305452968605607, 21.211897203816633, 50.254264110557116, 25.692093518987047, 66.04430207281088, 56.197103607502406, 30.87970486413438, 13.75634570032995], [90.45241266656002, 49.70898452167996, 74.47746723592851, 60.06966683371452, 66.85669459075507, 66.10202516145563, 68.19544148808924, 47.798759525120616, 70.40313287507979, 83.33463161270245, 90.86032800500924, 55.35763189848936, 102.92446259805874, 32.594483055649974, 17.73782389947656, 75.5984747970728, 72.77442671792545, 66.73977314924713, 0.0, 81.77579644856894, 89.90561559248881, 89.15998476076287, 67.66647608038218, 28.75896453848734, 56.192212577635146, 78.48667483315053, 3.2924349013798935, 89.37055121476021, 51.76937540949684, 60.72133801560524, 91.81983980400119, 45.75216841383178, 52.70633441236201, 37.54145038944162, 81.7776159734226, 82.41026496353874, 42.330275832344704, 68.7450777832561, 48.639934564248215, 12.480190632759838, 45.17788654047725, 81.43711046642359, 7.593515435548877, 61.47221804932511, 57.68153942030425, 37.512061155872004, 81.2163202382547, 88.25932349977865, 65.45730775227435, 40.590332123876216, 34.21447063659898, 20.41356389460287, 52.69435478810253, 60.756117338498235, 61.79455645392142, 46.01740854361291, 44.02845359574035, 33.78148334944284, 89.63811015440781, 50.47708302742236, 80.2873985092429, 9.00959785718374, 57.663953072654444, 79.12091982242335, 64.86527253039472, 68.51790478211247, 72.87801534819143, 28.914405350088938, 63.9401111462965, 100.5631546058867, 84.41678526197761, 91.38161950854395, 70.53216327420031], [11.25684043871516, 32.315958600139695, 21.17393728844017, 23.808179677080258, 52.24713387764192, 51.33482762918242, 47.23981200905694, 39.347779326788846, 19.614777060839536, 52.37270343401047, 47.96671169453443, 31.24962072975118, 46.36789901982433, 56.59462856036775, 72.98716402712766, 23.121016705808135, 30.07114997991003, 23.265351241999813, 81.77579644856894, 0.0, 37.981437491584735, 43.00588951204939, 22.14356164115358, 55.27461803019373, 46.7243444132292, 10.47743447746228, 84.26654612115674, 10.139814818138891, 60.24423433780489, 26.418839158238043, 14.273818352677013, 48.087437891989566, 83.36935098741394, 46.60163198390204, 13.652756862012133, 26.68508677476352, 76.75167372095213, 34.1695717079761, 70.40478291601185, 72.2841657422408, 79.4017059107853, 2.8669825567177565, 77.39548882434124, 36.27464092975308, 24.147886276982966, 44.4663901880499, 29.216061015483664, 36.3704969534073, 20.054748043047052, 46.88288204997798, 80.0698909827939, 71.02679045953012, 30.211540699293824, 81.13187962002833, 22.81160072936655, 60.90140504207317, 37.95267984375325, 67.31158506737084, 20.925719699715195, 48.120830658082866, 48.31432753898358, 80.01097616765092, 46.2259039764201, 50.745009765552204, 26.854190488242576, 43.18231524376553, 41.62923846035794, 58.7052883200834, 20.967098586551458, 45.91139108086224, 40.04421064396234, 9.607426087864475, 11.816634693793995], [31.64898431410633, 52.015011691833934, 21.359224096483942, 36.89722329364873, 30.316334366579856, 84.90635426385917, 81.5495175731531, 64.0925119070736, 26.453782185528457, 19.227155929381432, 10.637686497570746, 58.63589675969226, 13.12743011238674, 57.637059901359066, 88.48110438622555, 59.85602058880327, 17.850689664078672, 27.65254173827169, 89.90561559248881, 37.981437491584735, 0.0, 5.889647834550053, 55.63534701612644, 71.84566718298045, 77.22068155485614, 47.843444184685275, 93.0655473932555, 31.882785286465662, 89.08936229371507, 33.01139137826184, 49.6654552543095, 74.01520766717945, 67.27215361841486, 53.292794173203106, 51.59264019829647, 64.49660124313579, 101.37994754386342, 21.180435003037967, 56.56563613718395, 84.878235869439, 66.835527668731, 40.82105757474284, 88.58030679127086, 68.39871749481102, 45.98374177827104, 56.35979390879433, 10.834980226180305, 1.9489690108594364, 51.23177172656483, 69.21808934574956, 72.81070458015816, 72.29930030497059, 42.89832498457037, 61.04430405984265, 35.02231073417536, 50.49959241296336, 55.50625501606829, 62.28366402037305, 58.446545106877785, 76.3337464393489, 85.07305425403666, 84.47445915571775, 77.26508226330049, 87.18210940771884, 59.57576900718738, 23.368089415639496, 18.747085334334834, 77.26057294327568, 51.08628520402848, 83.5966275299438, 77.68755477946164, 39.06793222876155, 36.32314905888518], [37.287490900607665, 54.13263448367214, 24.808959315075768, 39.23599223746726, 26.65912278373087, 88.4309536339773, 85.25680181566248, 66.48586912962529, 29.62189181393912, 13.69186205891031, 4.981208841524461, 61.58014399693169, 14.504457637556941, 56.62431312766157, 88.90605844526948, 64.3082731280742, 19.325901726982835, 30.070233422728496, 89.15998476076287, 43.00588951204939, 5.889647834550053, 0.0, 59.5614876138271, 72.78528471002888, 80.26021043068857, 52.58346235326833, 92.37270589828941, 37.46153962042974, 91.68669808863592, 34.842688735226595, 55.13987127228575, 76.35711088824682, 63.26194226047949, 53.38528964633407, 56.51423420562464, 69.28077703841228, 103.11054407321092, 21.28461105398918, 53.15176861365169, 84.91385211552961, 63.366099161737495, 45.80837846717832, 88.33035414442405, 71.85375243235679, 48.736596452768396, 57.11485034970204, 14.383467073467836, 6.88586090211868, 54.95134604111632, 71.10940581763381, 70.02904475169784, 70.85337145114181, 44.59077634124706, 56.557989228529074, 37.46372515499491, 47.879045998520326, 57.148614741373194, 60.12235378308297, 63.68970237402023, 79.00235576373902, 89.3624432604253, 83.25952447696905, 80.3986020470145, 91.36529573187454, 63.29408754881846, 21.080999113658542, 16.480833460149196, 78.37904555547722, 54.66908990118373, 88.8216398141026, 82.33741688973203, 44.66421752406498, 40.23108159085593], [33.39530244248832, 20.400479267810564, 34.78892630038776, 24.63106087435277, 59.77246986562375, 29.74321261529273, 26.03870947632987, 20.499476776689534, 30.31249558775778, 65.54501827976908, 64.20152275454161, 12.362475644452653, 66.1276610456836, 50.02774775275512, 55.65341618590429, 8.834527146613706, 42.05797862484858, 31.362895904984523, 67.66647608038218, 22.14356164115358, 55.63534701612644, 59.5614876138271, 0.0, 39.127293321555356, 24.62160033845504, 13.279276705139015, 69.61791459924953, 32.28324992965143, 38.23118310154495, 29.851395368893066, 25.73694545493785, 27.407399284215035, 82.979153124675, 38.96462830130344, 14.863772428117812, 16.408851288283124, 55.44616863848511, 43.85367879051996, 70.21639976118445, 56.535102617024194, 77.3526404480071, 19.96505972025702, 61.98575664837446, 14.13288331643166, 16.296200762066288, 33.85120939274683, 45.207146736970216, 53.771462354657885, 5.1807441132146375, 28.36324595992911, 74.8546046708195, 61.90331917625739, 25.847937439291485, 83.32664325394636, 25.4235147745396, 60.29239481898923, 25.276799690274064, 62.44286115020415, 21.97282905798391, 26.50480040480376, 30.254317288567872, 68.07078808515591, 24.086567784944567, 31.981746183493275, 4.727205040502783, 52.16554746780704, 52.55015237814765, 40.96487773190327, 6.305155665760868, 38.21187194053479, 25.536870015697833, 29.893692846895664, 19.343543738494667], [65.05076343880074, 23.14626385263351, 52.810361715397626, 36.67318785063455, 57.157145784488485, 40.375310057918945, 41.48424377147857, 19.04072931193781, 47.95603219204867, 71.12435035230877, 75.77543261024607, 26.766925938868127, 84.86190106746362, 26.173551797201277, 17.83937969393256, 46.875734799932644, 54.001746970726046, 45.15087672031188, 28.75896453848734, 55.27461803019373, 71.84566718298045, 72.78528471002888, 39.127293321555356, 0.0, 29.363921800966875, 50.62085572459029, 30.531714019607588, 63.90984677185718, 29.955541138534677, 39.218863288468555, 63.946344019202385, 18.515018541306492, 60.73985485909895, 21.00768576763625, 53.559393086240306, 53.651446370881956, 32.20862939573747, 51.529336880563505, 50.895800484006216, 17.439355498894635, 53.30295806547153, 54.490221854391955, 22.86261243916055, 33.00046071417317, 31.38653206142257, 15.725653203711822, 61.67062662674577, 69.9744413294019, 37.383089352712204, 12.053594638157874, 46.046827299230166, 29.178072157244443, 29.543650061521124, 65.42479855453504, 38.61433159746833, 43.191782012972695, 17.80613013619973, 36.945077747325136, 61.077284753458294, 23.751301268154638, 53.26090798827174, 30.752393596576653, 30.75480067838948, 52.565849346033374, 36.14057025882357, 54.87077191185857, 58.254899992774476, 5.974608741321719, 35.9376267197611, 72.21021328107304, 56.2248255699358, 64.79368669467635, 44.96731475352569], [57.98095670447876, 28.048614579193735, 55.86242683237443, 41.373615766388674, 73.78191612417393, 11.406114421864547, 12.150547637770384, 16.119255205551962, 50.789157798065915, 83.51703991481038, 84.47006343462195, 18.689806215007014, 88.78588675621093, 51.68654023738165, 40.17281176350508, 27.53100813203186, 61.299272431919825, 50.27557445056535, 56.192212577635146, 46.7243444132292, 77.22068155485614, 80.26021043068857, 24.62160033845504, 29.363921800966875, 0.0, 37.64550177056639, 57.1267098250827, 56.85813488925891, 13.705573949777206, 46.362357397043525, 48.77278596831935, 10.84942263392245, 87.31488040121032, 42.23797702885076, 38.021643494711356, 31.55145266693287, 32.092573496127216, 61.411746625538946, 75.92581459590093, 43.751836548813934, 80.36825259588348, 44.58652305139714, 49.07692801799677, 10.666927262328755, 31.592867200883056, 35.193614669257265, 66.41323740291827, 75.28389560006836, 27.239945237946337, 18.13303321777194, 74.50364316982163, 58.24058132017614, 37.98266622148195, 90.32750279227271, 42.987188293718084, 66.76663798034093, 28.291968773065648, 63.96852696318164, 41.924145266267665, 5.731801422440851, 24.132962028823453, 59.75175161570679, 1.4788516772230462, 23.228894452345653, 19.8946108488866, 68.15692269849912, 69.90549698756787, 27.36367044889268, 26.86393524234417, 45.2615042259144, 29.042438638550326, 54.38780932057322, 41.72696200493], [21.171289890419963, 29.032217087834393, 29.12841117435487, 25.800819803366018, 58.589120919678585, 41.26516745840585, 37.04181311307654, 32.91256898019785, 26.089157302941487, 60.90421920513154, 57.48701082628066, 24.539525603165732, 56.75294712838182, 56.77482191191699, 67.8085500984896, 12.651644954257208, 37.71092402622105, 28.786972580216737, 78.48667483315053, 10.47743447746228, 47.843444184685275, 52.58346235326833, 13.279276705139015, 50.62085572459029, 37.64550177056639, 0.0, 80.69716543197764, 20.152385976894195, 51.33142175104913, 29.95693367674203, 13.346939121798338, 40.56803967813783, 86.73992180476753, 46.02523178748208, 4.758061187962452, 16.69901470233148, 68.7254378806637, 40.97686447755381, 73.72867868138664, 68.02150685649437, 81.99498047636402, 7.727398153539218, 73.3592861467538, 26.99947288785639, 21.882436064860347, 42.39420723971052, 38.41231857231534, 46.14272708168658, 13.272149052850432, 40.7672428386086, 81.21531910186755, 70.20207962676764, 30.338217346599034, 85.60558348927816, 25.579476120527108, 63.90082115584879, 34.62953573406472, 68.46930660989013, 14.090885349422981, 39.77977165633707, 37.85282446806266, 77.85789758397917, 36.98120321138558, 40.26832818496985, 17.910462426828346, 49.944999531267435, 49.14461827640012, 53.182033759847286, 14.684438267100958, 37.43128246173432, 29.85400779665393, 16.74814764276222, 15.062075287287804], [93.10924536178851, 52.081711448213184, 77.42650440748564, 62.83876441286041, 70.14720051894042, 66.72869265216319, 69.01842346184254, 49.534080904593026, 73.28662249364389, 86.61677646577856, 94.10560949759007, 57.2710738917041, 106.09932668044858, 35.84035938940659, 17.680267762216992, 77.3991814015605, 75.87369818146765, 69.66940598411988, 3.2924349013798935, 84.26654612115674, 93.0655473932555, 92.37270589828941, 69.61791459924953, 30.531714019607588, 57.1267098250827, 80.69716543197764, 0.0, 92.01839596780883, 51.935401457677735, 63.6318740678145, 94.04214799444308, 46.88614571503169, 55.54175811814446, 40.51738037051972, 83.88131019732573, 84.09048195132357, 41.34025934847334, 71.89570225885812, 51.79080710336691, 13.493015333947342, 48.07718070637951, 83.85251534964877