instance_id,num_cities,city_coordinates,distance_matrix,best_route,total_distance
2176,85,"[[36.66983714601141, 53.825301432704734], [78.34411164127368, 1.562262240089729], [27.271640137691968, 91.61521302014039], [51.07220893761155, 78.17092284196424], [17.34207483939353, 17.07206933837305], [63.683525570534385, 96.94422813203909], [63.93500617890703, 36.67245952403333], [51.13583594891081, 60.91953154810301], [83.1609777081087, 20.01749467456264], [20.49732795525069, 17.233961516140038], [55.29562622429306, 34.6677427583283], [53.374516088568534, 38.00751888246855], [51.605173781007984, 70.50286946608604], [92.54755890002869, 51.23428209097681], [30.628248749286456, 47.25631669949122], [30.923974408349643, 43.355763155882556], [45.31530830215178, 78.98374628526317], [96.25066374594941, 73.1989504741776], [24.228440637714165, 41.79150259957177], [31.692509707762405, 33.10064561567712], [67.88695479576819, 7.30485702340512], [63.15336079778206, 78.7697845484206], [7.189805821068029, 66.98468644889522], [76.81680234347222, 83.28518960129692], [74.00547697124176, 90.89381491693163], [60.25478606381878, 95.92351266163425], [15.016795243758862, 87.2199748686641], [65.55571239774783, 95.71025408260637], [17.29164536342226, 39.881551056087275], [14.708993889302068, 62.128561617133094], [30.910001034342137, 64.36675890486198], [25.577971927209465, 12.702220191018753], [16.035917546762413, 68.82923712135583], [19.24785911879304, 18.210373722042483], [27.83141229109637, 96.55175640533861], [64.74851612085278, 42.47875538737782], [4.456458098968275, 17.067486280769995], [15.887376754813298, 73.16692624620495], [32.39752520137288, 89.8714808435933], [61.427317013571155, 62.46647156650853], [24.782858052839163, 66.66437885435992], [85.11655200073889, 37.92155930154515], [4.185796597764058, 40.65270482068607], [69.98806511063665, 37.524728291069586], [36.921841354996474, 48.093490491320466], [43.00278494568302, 67.25996482824247], [46.574775428696015, 60.96513647031312], [43.8106455186719, 26.700094914646467], [28.964522981127637, 50.7808592654107], [65.87183645862508, 20.050591038201638], [74.05508134136142, 60.84279717370449], [32.71107666389559, 62.65744423496136], [48.56483622730911, 64.07368078605687], [69.76900935064417, 17.961677006373744], [20.52935802851089, 52.706085346851], [23.69473613181581, 52.09904704447958], [22.603322226093248, 47.74162982005659], [82.13170047078418, 35.41584595869086], [36.60496461537049, 30.76586118021183], [59.08484224202707, 59.36269026213494], [36.69060004477789, 41.99770959173769], [33.76235297238159, 82.26152364883967], [84.64478063294544, 15.29267439279407], [73.86524961066479, 78.659653424311], [47.49244064259348, 84.19636881556897], [60.06301088444164, 58.429248254960164], [79.62927348026994, 69.12115329304841], [68.60558512494119, 18.765838975796512], [19.49930120135187, 1.839123704506851], [74.8065837255801, 29.756397392259316], [18.419283528680943, 22.250406257031784], [34.83528945258432, 62.64293006139388], [11.011646582517809, 55.471306639493], [13.310462959170488, 28.64234046328956], [81.07181832773799, 42.068481661503945], [4.285932986698504, 50.77575684740848], [92.48611218042434, 8.009395100815075], [72.06610342849255, 78.69127234784706], [0.2336889483315896, 82.75460046493596], [37.57245569959595, 82.06861063727871], [48.703260153386175, 52.202018261700466], [17.752853549920932, 17.55104830138372], [17.028460267664723, 21.63433545194784], [23.795074480648402, 99.56164893215255], [95.13013076819549, 79.1176900335253]]","[[0.0, 66.84437463508264, 38.941026242170196, 28.286703502290155, 41.52544358776834, 50.88203221177172, 32.211945423029704, 16.111896917983017, 57.4838581565344, 40.00595218732858, 26.719507352322417, 23.005402482470668, 22.387620595068444, 55.93776157166627, 8.924816568458636, 11.942619910634964, 26.602472045110375, 62.651521733426726, 17.308976325392067, 21.313966012026082, 56.023746593721235, 36.381372471693936, 32.283767762204924, 49.79622300408021, 52.61202042394531, 48.254628836321494, 39.80023162639979, 50.87969189709565, 23.873468355650072, 23.478133789466092, 12.012411817390763, 42.59269050955074, 25.51228574976084, 39.647804406001825, 43.63104065277941, 30.284588822219842, 48.875748223145195, 28.3902995816868, 36.29848067721662, 26.222178221382922, 17.496919185981575, 50.99032451347699, 35.05324794998523, 37.091953297831765, 5.737348062399438, 14.85248828933277, 12.210038769309923, 28.04938453624908, 8.284955913555397, 44.648491867995325, 38.03816149633025, 9.678767020350032, 15.700964381664184, 48.8032248691094, 16.17923702741585, 13.089430871563756, 15.325726810915729, 49.04782429231717, 23.059531504423976, 23.088852905735845, 11.827610065202327, 28.584474774697437, 61.53339377257985, 44.724084644167846, 32.24175057931425, 23.841914853856384, 45.60127470028432, 47.4242333279208, 54.74842444686991, 45.09682451550678, 36.46994259241148, 9.006449903981988, 25.710933007833965, 34.34882655328909, 45.93211016266179, 32.527172806397935, 72.21186766543097, 43.257510056555674, 46.52415757409844, 28.257728767161172, 12.142418108749261, 40.910557422380705, 37.70997184368479, 47.513924235740326, 63.69702388280707], [66.84437463508264, 0.0, 103.52744220581513, 81.31816252407094, 62.94285193891281, 96.50208392232028, 37.951920551443045, 65.29606179438113, 19.073484288830073, 59.9320660499577, 40.33863557881256, 44.17847251540653, 73.94442590611037, 51.66282483661879, 66.0662560197388, 63.208908659996055, 84.17237101193857, 73.84077267624825, 67.43068758411464, 56.312002174565954, 11.930193801312013, 78.68773991023285, 96.65934422554423, 81.73719795892382, 89.43684953337402, 96.07949459153394, 106.52508030914775, 95.01256508057445, 72.08170040982677, 87.85046859030939, 78.70450845018985, 53.929251464048825, 91.69055000923582, 61.39647121876246, 107.5850212502245, 43.11611797259769, 75.49700205001155, 95.01616515154804, 99.54700847258374, 63.20997274285209, 84.30357924562057, 36.984651292470964, 83.83029518759508, 36.920488594952936, 62.29734888610861, 74.60025132642545, 67.36462120578975, 42.71382579464051, 69.71953864868985, 22.30192704630715, 59.43549110530749, 76.25611545465124, 69.24220311926707, 18.506031016168045, 77.18961314373946, 74.43467513154701, 72.38487131102178, 34.06480529422953, 50.94120714613528, 60.92461684183485, 58.0520493251298, 92.19492392712895, 15.107039671151492, 77.22737812785095, 88.20556202949147, 59.73317958469074, 67.57111366003933, 19.76871142008661, 58.8454617449877, 28.41519594747001, 63.39545983104406, 74.9924368836184, 86.25454143954052, 70.4464768280277, 40.597958022333295, 88.91896241577253, 15.542255350275973, 77.3840913064325, 112.66514065889197, 90.24189747825629, 58.67678388302535, 62.66531605925841, 64.51741800779186, 112.158268741862, 79.35121182661412], [38.941026242170196, 103.52744220581513, 0.0, 27.335252213848495, 75.20157270279512, 36.799779929196404, 66.05231692534416, 38.880904088626515, 90.82869219774486, 74.68910148640514, 63.46934823520708, 59.625036718353684, 32.21570905497522, 76.75653166326018, 44.48571123582866, 48.39745909472351, 22.025619462422625, 71.39512885421786, 49.91656221405219, 58.68133166763558, 93.58333138476519, 38.11171617955304, 31.779598938582428, 50.24054526132809, 46.73940436514108, 33.263333581964865, 13.019191287578158, 38.50246161112898, 52.68749449257733, 32.05125101653065, 27.490287770169044, 78.93116589317682, 25.405553719616417, 73.84207130233293, 4.968179290008695, 61.79731144761467, 77.9608625751918, 21.67811656173371, 5.414360496826259, 44.9027770987513, 25.074651778921318, 78.92428192955627, 55.94759524706562, 68.92367880993478, 44.57876978349736, 28.993913696824897, 36.22206819844882, 66.98888906111452, 40.869429882101436, 81.3109480662498, 55.996713723960404, 29.46421291564543, 34.81287401970639, 85.03452097444423, 39.488967881373114, 39.6777219064203, 44.12124765845169, 78.53658432767531, 61.560982490089046, 45.30237358447051, 50.50359840841884, 11.385115632139563, 95.48197292060352, 48.36125482409435, 21.53880271488478, 46.653855712540775, 56.98512518404969, 83.75873868953417, 90.11190523648892, 78.01335739979334, 69.92739545283021, 29.94331262235935, 39.6329327563241, 64.50191583411647, 73.13916708307246, 46.86367371126299, 106.03235427817162, 46.62158495816974, 28.452790010325536, 14.04437318988724, 44.86328407020401, 74.67334058143274, 70.72655766445929, 8.67365854016927, 68.9997306621635], [28.286703502290155, 81.31816252407094, 27.335252213848495, 0.0, 69.79105849417293, 22.615974414784525, 43.446219750633496, 17.25150862882658, 66.41920120588301, 68.17724402401821, 43.707710200452034, 40.22933799891544, 7.6865528099150975, 49.45490136935602, 37.06303254087625, 40.224951194669075, 5.8139992153881, 45.451218774583594, 45.211172443447765, 49.06019396102905, 72.83361149136262, 12.09598551635877, 45.28572830290411, 26.247663022042552, 26.22607033952272, 19.986849876461157, 37.17362235802129, 22.746428573486966, 51.0607722928958, 39.74469476946033, 24.435007050071707, 70.25743482038375, 36.2602924219746, 67.88266856976885, 29.630890490316705, 38.22266599514762, 76.8547863560778, 35.53888571216107, 22.03739708309543, 18.811115148442592, 28.697221546368485, 52.7164922961375, 60.04958239317211, 44.83216196245448, 33.239808054961394, 13.570726153699773, 17.783868893860294, 51.98053896229663, 35.19893977207497, 59.97501099408152, 28.78326533077944, 24.037454042864645, 14.318489846740576, 63.045409268045425, 39.765860864667275, 37.8056705380496, 41.67036578200845, 52.84589495499002, 49.56350501562581, 20.44387207081822, 38.9272659095498, 17.786627800069834, 71.27967240577011, 22.7982797751405, 7.008618995697088, 21.69258479633735, 29.95670649757816, 61.93854429733427, 82.60382595548168, 53.9192620600086, 64.75583149714697, 22.466778010135368, 46.04477420887031, 62.28185876948017, 46.939991720799846, 54.21670164464313, 81.47239628719106, 21.000342128225345, 51.04473739036914, 14.051167483061898, 26.0767314562452, 69.17332312941855, 65.99517055975738, 34.66417786200488, 44.068093266499076], [41.52544358776834, 62.94285193891281, 75.20157270279512, 69.79105849417293, 0.0, 92.3422536341157, 50.54776499746301, 55.35899413971337, 65.88477445702026, 3.1594036308057345, 41.83395493887625, 41.67289130824279, 63.47291037419409, 82.6009782808207, 32.978950952404304, 29.585478812988605, 67.93789467401872, 96.83383803844896, 25.660717345061453, 21.513954503732034, 51.479931295699934, 76.8458325695114, 50.93464354486092, 89.00236236548349, 93.06122318893608, 89.77221674211006, 70.18643441210354, 92.2416334768445, 22.809537464902398, 45.13336472894192, 49.2024011855329, 9.32338899819846, 51.77364642160067, 2.219853731552456, 80.16886463234007, 53.78541039134253, 12.885617555458666, 56.113715952763435, 74.33990113733283, 63.278434961728, 50.14740689167223, 70.908962664942, 27.00248186594878, 56.47930195987857, 36.683727007408336, 56.36751632687999, 52.736629831577254, 28.165299755218825, 35.656189072199695, 48.621079320967254, 71.6396658404191, 48.10647172204641, 56.42705297431148, 52.43448163231833, 35.7762752535824, 35.59839143445002, 31.11756199003545, 67.33639231613074, 23.634272942678987, 59.421841510909886, 31.553969158626387, 67.2256683660423, 67.32622411442482, 83.59365884901888, 73.58475479588863, 59.460025433089825, 81.17143743367392, 51.291484111703255, 15.38493608244933, 58.84778636201383, 5.289191980200788, 48.813071041885024, 38.91755063237115, 12.252553540255692, 68.45656165860328, 36.14417507406146, 75.68856196444962, 82.411440252815, 67.87408756653302, 68.0721579690933, 47.0917960546652, 0.630999204460141, 4.573032493944631, 82.74159743399035, 99.50196326017455], [50.88203221177172, 96.50208392232028, 36.799779929196404, 22.615974414784525, 92.3422536341157, 0.0, 60.27229325016077, 38.147388885810464, 79.35422775258496, 90.65745566937143, 62.838821487554085, 59.831524915112055, 29.06943463593893, 54.06044383024415, 59.67863829091655, 62.80853262772945, 25.68988738369393, 40.30454937082799, 67.81243883474276, 71.4102802435031, 89.73787199395221, 18.18217462957604, 63.9461844756611, 18.948675214349088, 11.964538469665762, 3.577445272318804, 49.628739075553305, 2.2422701600531783, 73.54152340158176, 60.088562874087565, 46.210338797417045, 92.45944581490443, 55.32402073166609, 90.4076782318015, 35.854261401650916, 54.475883895277065, 99.43912414163616, 53.38381708518648, 32.07549802115925, 34.55150032696843, 49.29636097726926, 62.79371033656161, 81.90674788825298, 59.7530265355964, 55.70082863023219, 36.1780115634, 39.83973353599059, 73.00116172375968, 57.76214821074115, 76.92476928832292, 37.561715700254894, 46.20471990261665, 36.18076353922637, 79.21664279150133, 61.800448649890264, 60.08488618238513, 64.09741638686333, 64.23454654638579, 71.50401887875414, 37.86185253025703, 61.218771044008406, 33.32954215991293, 84.2991722487491, 20.928286520206544, 20.607259601808025, 38.68477480255, 32.06852615722949, 78.3331807175097, 104.86766218085572, 68.1023275831144, 87.3385289200523, 44.81963605885535, 67.03976471658558, 84.868093509651, 57.564748550729114, 75.23032464050063, 93.4825840555978, 20.085766263809795, 65.01713082500062, 30.05115581230529, 47.18340487978409, 91.72188199054764, 88.59049076453914, 39.974234476661245, 36.147952072494085], [32.211945423029704, 37.951920551443045, 66.05231692534416, 43.446219750633496, 50.54776499746301, 60.27229325016077, 0.0, 27.417863890479214, 25.43670252565724, 47.58872864728348, 8.86892187985014, 10.644544820643251, 36.00724099132867, 32.10490382620871, 34.947934462369545, 33.68077739590104, 46.227028202261366, 48.769726933019776, 40.035183889752055, 32.43973540717773, 29.63231301308109, 42.10458102998695, 64.33388582073691, 48.359975989254174, 55.14861523757644, 59.36523661209739, 70.34232487351646, 59.060036191896, 46.75362420844613, 55.41852957008745, 43.10017613645569, 45.2309014974044, 57.69212283521649, 48.3506951814793, 69.9213821846755, 5.863008620012075, 62.62629365982516, 60.33589971659269, 61.84455170641409, 25.915623901370747, 49.31942749061852, 21.218344272269285, 59.88163656909247, 6.112764062374506, 29.32833139064496, 37.06417902087751, 29.858194267518687, 22.45969607732418, 37.709171806719226, 16.734330685531386, 26.20345670694684, 40.622077799954624, 31.417655084225725, 19.599208540933343, 46.272318381318584, 43.09592713921833, 42.78825340461618, 18.2400318202748, 27.961027804068106, 23.202815802460314, 27.759970350938037, 54.66947749244503, 29.765583652854872, 43.14550018522769, 50.28796989107906, 22.09864709529855, 36.04480203083306, 18.50571174393664, 56.4614307396494, 12.884995683502748, 47.74595929299707, 39.00331849322745, 56.16296505562317, 51.25745983109867, 17.966284689172472, 61.29367771704493, 40.45660534497967, 42.79831040596008, 78.62201683121351, 52.49566271294072, 21.752546553739958, 49.98419338743638, 49.25818941994234, 74.60740084704173, 52.67573816421691], [16.111896917983017, 65.29606179438113, 38.880904088626515, 17.25150862882658, 55.35899413971337, 38.147388885810464, 27.417863890479214, 0.0, 51.94791935295557, 53.358665660744514, 26.579320341161957, 23.021121023049503, 9.59482379467643, 42.529223538960906, 24.642332940481147, 26.776954775895966, 18.978788058169584, 46.75608854810768, 33.01347321759491, 33.94014363318242, 56.170573319228545, 21.518653202944304, 44.36259311591095, 34.05487769925169, 37.702495195479024, 36.172281445806426, 44.679955464598095, 37.66068522043278, 39.85004215266662, 36.44690077555977, 20.51749922482203, 54.5720947724914, 35.98010164094902, 53.30023666485427, 42.57642082537587, 22.920891930148635, 64.0465939030791, 37.31558055891739, 34.48680410939721, 10.407094019216263, 26.9718874861039, 41.0316437746334, 51.137564086230874, 30.045355111922508, 19.145364230175865, 10.31249789338183, 4.561288510716226, 34.99468900205303, 24.379495367444004, 43.444447394622905, 22.91937384667353, 18.506541957316006, 4.0692378873397095, 46.824912363478404, 31.689386065255174, 28.82386001302449, 31.428672152937377, 40.13952660535395, 33.47222816556051, 8.10002813808055, 23.80546547485345, 27.519421097902054, 56.609711779063666, 28.832935500740156, 23.560252174673078, 9.268007510229813, 29.65033864225882, 45.6303181421513, 67.01764634631063, 39.13368409339716, 50.65248318732472, 16.391397698625795, 40.492390976144684, 49.725002826933434, 35.37690097807464, 47.93547301057078, 67.15152926995111, 27.457437386255194, 55.38771347394132, 25.124665771064763, 9.050550419702505, 54.728866724720696, 52.025375617817716, 47.336354671511046, 47.609567829446696], [57.4838581565344, 19.073484288830073, 90.82869219774486, 66.41920120588301, 65.88477445702026, 79.35422775258496, 25.43670252565724, 51.94791935295557, 0.0, 62.72544186526628, 31.48186116214329, 34.79761869457995, 59.53605486867778, 32.59748031787273, 59.17466550109782, 57.21345374512195, 70.06649357432858, 54.76866915980012, 62.82635869340023, 53.10529198536296, 19.87226539618296, 62.06558063735665, 89.31705358472821, 63.58498079263356, 71.46520807247128, 79.28692945434686, 95.7068594614472, 77.71318545428561, 68.79934359761832, 80.36800388072243, 68.5348218143989, 58.04580773434601, 82.99614390052365, 63.93866133998243, 94.43968460298015, 29.043535847262625, 78.75978641685755, 85.73563705724659, 86.3510711810036, 47.689282300725, 74.72574294156192, 18.010546937313215, 81.62653446757625, 21.90956081722289, 54.09546442895474, 62.00428559515437, 54.91137920197592, 39.913729334500864, 62.3188599536541, 17.289172927409865, 41.8284911607911, 66.05571749579474, 56.01643098279396, 13.548845071524324, 70.64887645129397, 67.5681869645305, 66.60223199746454, 15.432713108869986, 47.78064187127433, 46.12704970844583, 51.406476712354056, 79.46410050288009, 4.952332563021764, 59.37434920647381, 73.42460365845474, 44.82163411242841, 49.23050095696494, 14.609110008429045, 66.20620988076513, 12.831294749949041, 64.78018878760446, 64.43834174842686, 80.3896682709588, 70.38098021177991, 22.149731691712333, 84.66016401884643, 15.20370311140697, 59.71355308248285, 103.98499730249527, 76.99775536429026, 47.15058703358914, 65.45461071310923, 66.15227915280049, 99.25514063547259, 60.300030816271864], [40.00595218732858, 59.9320660499577, 74.68910148640514, 68.17724402401821, 3.1594036308057345, 90.65745566937143, 47.58872864728348, 53.358665660744514, 62.72544186526628, 0.0, 38.92118049111194, 38.89023251673507, 61.68690806077822, 79.66967791065504, 31.68560188619304, 28.125850692271975, 66.55049261675077, 94.18411688013866, 24.839364442627698, 19.418644617641935, 48.418631208566254, 74.87452606944011, 51.49975511287825, 86.80234977765842, 91.04337435609257, 88.16292267577053, 70.20027281842576, 90.49191402299702, 22.87334065783744, 45.266211786354596, 48.26928992991662, 6.808055714197193, 51.78780404314458, 1.585734268127579, 79.65614464139142, 50.9457286891532, 16.041733689043127, 56.12261748675929, 73.6058687099253, 61.00199971944296, 49.615843502332254, 67.84998760774906, 28.53950933689101, 53.48876779753003, 34.95819172938482, 54.85523312985446, 50.91609695963346, 25.161845268804164, 34.59895576756986, 45.4618458026876, 69.06637021862319, 47.036883823495195, 54.60535067085171, 49.27705508006632, 35.47213829171967, 35.01139254508448, 30.5802720264326, 64.260227180316, 21.03730655984605, 57.129904993670245, 29.588262532922187, 66.36674412405071, 64.17682043177551, 81.37106788174748, 72.19903115926797, 57.118253782367, 78.66935649964039, 48.13264023982562, 15.427154262792238, 55.73425035468385, 5.429823797989954, 47.61881523350696, 39.396354059575316, 13.483402340420142, 65.46771933355431, 37.254011339332315, 72.57739096832671, 80.22680137257551, 68.58257208694646, 67.0454451409406, 44.9259346449971, 2.7627312194432343, 5.603243150972003, 82.3937087854069, 96.9517978736307], [26.719507352322417, 40.33863557881256, 63.46934823520708, 43.707710200452034, 41.83395493887625, 62.838821487554085, 8.86892187985014, 26.579320341161957, 31.48186116214329, 38.92118049111194, 0.0, 3.852890955238778, 36.02465468810493, 40.769556209722595, 27.693892925455412, 25.87390791252641, 45.42592777727625, 56.23138862274524, 31.873468191375856, 23.655081964504532, 30.120907538407746, 44.79658561411184, 57.95303966287372, 53.167820710290606, 59.25731773677885, 61.456184495628484, 66.21269761108552, 61.89876862314252, 38.359957745534786, 49.00378859528951, 38.42772795751574, 36.95433883288884, 52.04164123622291, 39.62684076341272, 67.70460982851723, 12.262505685529852, 53.79953572058845, 55.09262432923254, 59.764334925124, 28.46694495877749, 44.21327564144918, 29.997915531936602, 51.459056106196535, 14.967635977776665, 22.756244694877413, 34.83341622861156, 27.70570617476126, 13.978132706818108, 30.87004246147141, 18.042099304958704, 32.20327048511077, 35.965056201778474, 30.166417176623945, 22.103652459056942, 39.16727214910385, 36.08970246141166, 35.20956210482513, 26.84649957371681, 19.093598697702237, 24.983966663538794, 19.996885080415062, 52.23839427466632, 35.16768600110114, 47.75059284192697, 50.139550300540435, 24.235038682954194, 42.18013615734631, 20.737057405664892, 48.57051692260413, 20.11961172393335, 38.91085833531118, 34.65885868653696, 48.927079649932764, 42.41532043043004, 26.817587804772337, 53.492587543392446, 45.758056618283504, 47.10965997728925, 73.1037811653915, 50.60585982991698, 18.732594797331238, 41.2606472224077, 40.425804832633155, 72.13531602932879, 59.68739871217355], [23.005402482470668, 44.17847251540653, 59.625036718353684, 40.22933799891544, 41.67289130824279, 59.831524915112055, 10.644544820643251, 23.021121023049503, 34.79761869457995, 38.89023251673507, 3.852890955238778, 0.0, 32.543484474676845, 41.3457923866799, 24.554692808712836, 23.078789798066783, 41.761250487864665, 55.468918282326946, 29.390682995776025, 22.230312772286183, 33.95974561833783, 41.91882758461365, 54.52250638649819, 50.986353572102935, 56.76792100462424, 58.32324108244234, 62.39535697951876, 58.97446221119771, 36.13150365477995, 45.572440241328756, 34.633278377591, 37.589972189107506, 48.4164151529574, 39.45320864563119, 63.8739218988678, 12.221286045962403, 53.21147773586158, 51.3952287824224, 55.945551181362795, 25.750494541616664, 40.48084155104335, 31.74215230413756, 49.2597922629886, 16.620562501425876, 19.29811724452122, 31.036726642974553, 23.943447503466032, 14.809640679834619, 27.55006330380772, 21.877711809877166, 30.808046251153538, 32.1651449357934, 26.506184500072496, 25.896238835816284, 35.98405569273755, 32.85514425812206, 32.27412721464839, 28.87373239012563, 18.266347825684605, 22.105455648635587, 17.154436057550615, 48.40510179679329, 38.6496261930877, 45.524347365795585, 46.5618800060158, 21.4891366322081, 40.71081590845753, 24.540328229703373, 49.55484833398553, 22.965507376141968, 38.3425987852483, 30.831905685751988, 45.82135523540394, 41.14407515035774, 27.99342726463861, 50.72195670198985, 49.291017226994555, 44.77212562876265, 69.47120856366713, 46.80902604372939, 14.943374606794531, 41.07760984590119, 39.863729245841185, 68.29241752939902, 58.596736507613265], [22.387620595068444, 73.94442590611037, 32.21570905497522, 7.6865528099150975, 63.47291037419409, 29.06943463593893, 36.00724099132867, 9.59482379467643, 59.53605486867778, 61.68690806077822, 36.02465468810493, 32.543484474676845, 0.0, 45.24994318964861, 31.31187633018089, 34.1273700790016, 10.558772625838808, 44.726822232435396, 39.671502428603524, 42.37263904278353, 65.2616669241436, 14.20220082779144, 44.554489367058295, 28.266834325949553, 30.291322839944744, 26.851906694280068, 40.22649695195862, 28.810237189275885, 45.99003559066891, 37.83460218569978, 21.585690348791402, 63.39030125309163, 35.60860899112383, 61.49390964388591, 35.266644951755296, 30.953164906981794, 71.26248358447363, 35.817010245582196, 27.277772464988086, 12.690870296450132, 27.09558324151525, 46.739215250406914, 56.03239832279394, 37.75564181677028, 26.79142618763373, 9.193341294886801, 10.783007849463825, 44.49087242611228, 30.025934706477745, 52.430621420327284, 24.44003572342831, 20.458191584987237, 7.1118295482841045, 55.59228208743826, 35.81105764522744, 33.43191902202847, 36.86707777729737, 46.50772033060877, 42.47394616143537, 13.4182350919526, 32.1712394724792, 21.368954176523015, 64.34113195275279, 23.70746929731698, 14.297779488511576, 14.741347890134323, 28.05814148401508, 54.45855589176122, 75.79905696057108, 46.88902227472045, 58.56281685148546, 18.520466188358817, 43.28720748009018, 56.73437022936029, 40.94871854728424, 51.26665116447367, 74.67720845518835, 22.03859305385317, 52.81225583500558, 18.18470636527875, 18.52949695774923, 62.84803059513227, 59.86386835207692, 40.222062194190755, 44.36932514863953], [55.93776157166627, 51.66282483661879, 76.75653166326018, 49.45490136935602, 82.6009782808207, 54.06044383024415, 32.10490382620871, 42.529223538960906, 32.59748031787273, 79.66967791065504, 40.769556209722595, 41.3457923866799, 45.24994318964861, 0.0, 62.04695945974845, 62.125173852583664, 54.780637634209995, 22.274641247029358, 68.9686015855289, 63.49933687851763, 50.37796920832028, 40.27682680721028, 86.79873989941763, 35.70318436885901, 43.77998796512894, 55.13574617658167, 85.4750805662941, 52.02568463944428, 76.1074045292554, 78.59724886612217, 63.02103209971327, 77.26348020618926, 78.5086855391931, 80.39542593940931, 79.00539924677088, 29.145257372270486, 94.48498280826935, 79.73596682913842, 71.49027683117907, 33.08521626778147, 69.499227096684, 15.246260249829978, 88.99309419662319, 26.398534531791125, 55.714316151884844, 52.07213394304773, 46.99134332038069, 54.56384394766453, 63.584652620919506, 41.03677320947316, 20.839752598167237, 60.91710137361129, 45.81844664058991, 40.32280457371139, 72.03323858882293, 68.85825311156057, 70.03138484840251, 18.93972091899122, 59.569540118068005, 34.435801508468614, 56.61549367523771, 66.47097227095334, 36.800177557571, 33.18402737997185, 55.82528855663002, 33.27181085961276, 22.06404902971913, 40.34126803374773, 88.18123170401257, 27.857525576974787, 79.5931295269127, 58.82910243482661, 81.64592687007449, 82.3948614881389, 14.686882555377228, 88.26281694045137, 43.22493066520296, 34.25458118556386, 97.5468146884079, 63.03187914698021, 43.85497743564538, 82.02931297367925, 81.11282943701372, 84.03831566397974, 28.002751935208494], [8.924816568458636, 66.0662560197388, 44.48571123582866, 37.06303254087625, 32.978950952404304, 59.67863829091655, 34.947934462369545, 24.642332940481147, 59.17466550109782, 31.68560188619304, 27.693892925455412, 24.554692808712836, 31.31187633018089, 62.04695945974845, 0.0, 3.9117478972943127, 34.96197229032609, 70.56430823838461, 8.415565162936172, 14.195621691946673, 54.62902439645128, 45.28776401670433, 30.636076443770524, 58.578683543567614, 61.52897836708091, 56.97567617911179, 42.90467870544828, 59.730325336812236, 15.239821461125311, 21.785461762089437, 17.112761811392897, 34.92120962246923, 26.044712043949726, 31.195834202518864, 49.37471691024361, 34.453123771266036, 39.95407498484216, 29.81028336396177, 42.651876326753445, 34.350129796359134, 20.269224676868117, 55.28212086109533, 27.254558621108654, 40.5450238247573, 6.349028889867612, 23.521800197578887, 21.02910964938835, 24.419947556316124, 3.8974842822792617, 44.52260081557675, 45.502552023554486, 15.541328819817549, 24.587494894292647, 48.88941659707518, 11.475520558994802, 8.457282921299, 8.039587957578593, 52.84697045803474, 17.54013271834717, 30.92477961197729, 8.025275817295167, 35.145229019710996, 62.76511886588623, 53.43788731732614, 40.607492148036215, 31.483958161202647, 53.6579118485747, 47.47615611139946, 46.76082647973982, 47.51812766763057, 27.827223879040773, 15.951396873875545, 21.267278629001947, 25.424118785008517, 50.7096375869267, 26.57638159514311, 73.25787413812891, 52.0120393469541, 46.73283017093935, 35.49813825230335, 18.739423715812976, 32.375589139712176, 29.007588141627973, 52.749787208619686, 71.94192028790974], [11.942619910634964, 63.208908659996055, 48.39745909472351, 40.224951194669075, 29.585478812988605, 62.80853262772945, 33.68077739590104, 26.776954775895966, 57.21345374512195, 28.125850692271975, 25.87390791252641, 23.078789798066783, 34.1273700790016, 62.125173852583664, 3.9117478972943127, 0.0, 38.42477941524619, 71.82055533846919, 6.875833299444503, 10.283874866502059, 51.632642311752626, 47.884091911933275, 33.49084613019775, 60.83182351485547, 64.1551418696324, 60.196883644156046, 46.65948368936493, 62.77220719683777, 14.06806827192471, 24.806119311569535, 21.011000395478856, 31.116224687887637, 29.50512011471059, 27.724037909988752, 53.28581085284566, 33.83590939648116, 37.30419441094991, 33.38869140580587, 46.53905181610844, 35.99545924206958, 24.104042728787714, 54.46435566164007, 26.87446142704941, 39.49688785197095, 7.64332834664547, 26.782616033346155, 23.559236004281935, 21.05890730469496, 7.679290470569029, 42.00576281083126, 46.541258513359494, 19.384236558354477, 27.210882320246608, 46.40901152833098, 13.981293744104262, 11.344906311446659, 9.405800292053897, 51.819624599022305, 13.81228733734078, 32.39222426031787, 5.924380196594242, 39.00916036533084, 60.60909149909404, 55.59062676464624, 44.07345169152614, 32.806910854073635, 55.10046720859601, 44.99520149281617, 43.059894440444445, 45.94155145031009, 24.53168122701617, 19.679766071178484, 23.308521903944325, 22.950394177470585, 50.16436328120894, 27.652152848628013, 70.98776332405608, 54.23350431389708, 49.941585907164125, 39.279598567168335, 19.858480077812317, 28.971740254760824, 25.78576612651323, 56.65618068732032, 73.49384959645833], [26.602472045110375, 84.17237101193857, 22.025619462422625, 5.8139992153881, 67.93789467401872, 25.68988738369393, 46.227028202261366, 18.978788058169584, 70.06649357432858, 66.55049261675077, 45.42592777727625, 41.761250487864665, 10.558772625838808, 54.780637634209995, 34.96197229032609, 38.42477941524619, 0.0, 51.2627964196449, 42.75416913323607, 47.8627158506354, 75.14880166207904, 17.839335650794126, 39.96913029316327, 31.79381294271574, 31.064055000464535, 22.58636050091681, 31.398015141528237, 26.257380315781774, 48.10724847924799, 34.94057429600977, 20.522407206729348, 69.15781335872053, 30.99026910768376, 66.12801765995269, 24.78551188304313, 41.3553373408985, 74.18267245705151, 29.99730905467403, 16.894137564593976, 23.07416713235095, 23.94469308924416, 57.186031509802646, 56.22193053249323, 48.24515624986102, 32.01028257307641, 11.949678486310658, 18.06257337995502, 52.30529811344333, 32.59986222162268, 62.415443899904574, 33.98630001947024, 20.625585902672128, 15.260061760261628, 65.73945872949227, 36.12282928234652, 34.49979991594292, 38.62517511603809, 57.04041261404651, 48.99831151321219, 23.970521570965328, 37.97831621885871, 12.0089383917497, 74.85559453127289, 28.55178076586569, 5.649012203142146, 25.297867908845777, 35.70320639347662, 64.56495454357324, 81.34960980702913, 57.38525250562234, 62.78589028893417, 19.412703828924986, 41.58817170147139, 59.653728010584466, 51.39323663140916, 49.790564436471776, 85.21996986960171, 26.752393928310884, 45.239051104185315, 8.334755814973937, 26.995169450743706, 67.33249804921334, 63.94607646020629, 29.775334441061027, 49.81500254191654], [62.651521733426726, 73.84077267624825, 71.39512885421786, 45.451218774583594, 96.83383803844896, 40.30454937082799, 48.769726933019776, 46.75608854810768, 54.76866915980012, 94.18411688013866, 56.23138862274524, 55.468918282326946, 44.726822232435396, 22.274641247029358, 70.56430823838461, 71.82055533846919, 51.2627964196449, 0.0, 78.5724404829613, 75.99756118023477, 71.73933047575595, 33.56286124163901, 89.27739630887443, 21.89536911632516, 28.424576730165555, 42.568872861734256, 82.43500783588227, 38.064929113546505, 85.7004999280449, 82.28971644413805, 65.93489069915196, 93.02947782213904, 80.33367850774552, 94.62122115928048, 72.29486506316253, 44.00131465268303, 107.5960847933421, 80.3632933718553, 65.99391313531858, 36.4396978739808, 71.76592420391928, 36.992739453867976, 97.64833776952086, 44.2986931573527, 64.42199381615008, 53.57805658318042, 51.16014156733133, 70.08636871762822, 70.92246155110524, 61.21781814217798, 25.403117971297316, 64.4080932829822, 48.55109363359849, 61.257117134822266, 78.4453546150477, 75.56168709531289, 77.92307801819089, 40.33494899951726, 73.19956619956989, 39.65779097121738, 67.23777673816743, 63.142055841412834, 59.05788120518819, 23.04183245138711, 49.983072438298585, 39.08567926068764, 17.114293564574883, 61.05091317381676, 104.79979260022257, 48.44691926423485, 93.02407163939596, 62.31595114053252, 87.06296229119026, 94.15077483597025, 34.63384813627854, 94.65892095331053, 65.2981621354399, 24.80037413654675, 96.49129440541388, 59.344780486071755, 51.977175286172056, 96.22159436324338, 94.52548358165382, 77.10255693404802, 6.023875175136155], [17.308976325392067, 67.43068758411464, 49.91656221405219, 45.211172443447765, 25.660717345061453, 67.81243883474276, 40.035183889752055, 33.01347321759491, 62.82635869340023, 24.839364442627698, 31.873468191375856, 29.390682995776025, 39.671502428603524, 68.9686015855289, 8.415565162936172, 6.875833299444503, 42.75416913323607, 78.5724404829613, 0.0, 11.456147790464353, 55.63627037810082, 53.68931686430941, 30.41400317092174, 66.98702745974607, 69.91988573403762, 65.02439602272551, 46.352998862723744, 67.93508042695557, 7.194931797862807, 22.454750853207567, 23.543267542618903, 29.12056980462228, 28.251664068975675, 24.101365758090648, 54.87865524597954, 40.52590324167493, 31.657673263284035, 32.465220709312014, 48.769029624894024, 42.55832169400116, 24.87905448075144, 61.0109708698857, 20.074970497944513, 45.9581178346392, 14.171713839802518, 31.64045784256904, 29.444641522692812, 24.722729095155078, 10.16065988158523, 46.977011942186984, 53.34459624704957, 22.52426767475817, 32.99629698962489, 51.39848233653728, 11.524379753241188, 10.321352284626569, 6.16806483362032, 58.25321018534883, 16.575376752213128, 39.03479689551567, 12.463865307788149, 41.57785574236976, 65.97213074285004, 61.83100638233953, 48.36720350633935, 39.50861937933343, 61.77509276946701, 49.995121143522304, 40.23129800520219, 51.99030982373273, 20.3862883474619, 23.39417168820349, 19.021584678152315, 17.091012301072624, 56.84405249990052, 21.8728241386564, 76.1599665932835, 60.41551943631665, 47.473397765090844, 42.4300385323045, 26.59691009640305, 25.09049327363131, 21.40446459845111, 57.77177177059646, 80.12673668453884], [21.313966012026082, 56.312002174565954, 58.68133166763558, 49.06019396102905, 21.513954503732034, 71.4102802435031, 32.43973540717773, 33.94014363318242, 53.10529198536296, 19.418644617641935, 23.655081964504532, 22.230312772286183, 42.37263904278353, 63.49933687851763, 14.195621691946673, 10.283874866502059, 47.8627158506354, 75.99756118023477, 11.456147790464353, 0.0, 44.44615353802684, 55.456788603079225, 41.81519724868244, 67.4884452400393, 71.62707320925338, 69.0109864768918, 56.63021500646266, 71.18061230985032, 15.917461244051182, 33.63123127308122, 31.27590382444799, 21.295148087655036, 39.00847509292748, 19.405914700108855, 63.568479089112095, 34.36056610232638, 31.604820921742565, 43.0709771333854, 56.775212719297144, 41.791273003919144, 34.267586359559154, 53.64111765882894, 28.524601037555552, 38.55025384006335, 15.878643107705042, 35.983071228335376, 31.589740163169576, 13.704607429916079, 17.889434487454352, 36.58593037791066, 50.63807311184311, 29.574344003968193, 35.270445274305516, 40.975702502920534, 22.560789491209462, 20.61319089859775, 17.23286823340272, 50.492297605246605, 5.439065322219778, 37.9477913807942, 10.204834854669736, 49.20443252524689, 55.86650906588862, 62.081907053706225, 53.48280795606565, 38.03187411467721, 59.961740254238414, 39.59876031086193, 33.55528402328582, 43.24358188903523, 17.14369351513698, 29.708982392470155, 30.465465272133574, 18.914970988590603, 50.187032220800084, 32.611807748446545, 65.7680237957901, 60.89772011954659, 58.78071652971092, 49.31972590377684, 25.577882392519097, 20.883102988673116, 18.614795587179312, 66.9285771923998, 78.37027588800052], [56.023746593721235, 11.930193801312013, 93.58333138476519, 72.83361149136262, 51.479931295699934, 89.73787199395221, 29.63231301308109, 56.170573319228545, 19.87226539618296, 48.418631208566254, 30.120907538407746, 33.95974561833783, 65.2616669241436, 50.37796920832028, 54.62902439645128, 51.632642311752626, 75.14880166207904, 71.73933047575595, 55.63627037810082, 44.44615353802684, 0.0, 71.62152454600144, 85.12241734063089, 76.50328826836322, 83.81258971859484, 88.94670385506134, 95.82108239461999, 88.4361290441489, 60.17579522244656, 76.3775759732527, 67.99526274530932, 42.65186467828937, 80.45979996392545, 49.846684169944545, 97.82359395683912, 35.31363650822846, 64.17738574622295, 83.91524461470775, 89.87072372024167, 55.53855092887377, 73.35881670272077, 35.131773058497906, 71.90213145990712, 30.292825619104253, 51.210847196466155, 64.91407290424439, 57.737635730037596, 30.91672559091983, 58.353392954585054, 12.904047329757876, 53.892084953353674, 65.58392572392485, 59.9670210813294, 10.821734680582813, 65.60498079298402, 62.92433273453687, 60.710295444128235, 31.51413140585734, 39.1021946403549, 52.796734623650075, 46.656259698755264, 82.35891160767737, 18.56421162117792, 71.60479717385248, 79.55024068617591, 51.719604379042636, 62.92166981719981, 11.48348975107517, 48.69537207052171, 23.493678499983343, 51.676106107981546, 64.4570780404728, 74.5305813272066, 58.599331572446786, 37.17997074145297, 77.037712236711, 24.609244562513574, 71.5086398707745, 101.33917389251185, 80.67581861926054, 48.82385920213238, 51.17042645350719, 52.83862619049819, 102.25169711558226, 76.80672901513283], [36.381372471693936, 78.68773991023285, 38.11171617955304, 12.09598551635877, 76.8458325695114, 18.18217462957604, 42.10458102998695, 21.518653202944304, 62.06558063735665, 74.87452606944011, 44.79658561411184, 41.91882758461365, 14.20220082779144, 40.27682680721028, 45.28776401670433, 47.884091911933275, 17.839335650794126, 33.56286124163901, 53.68931686430941, 55.456788603079225, 71.62152454600144, 0.0, 57.1909785092643, 14.390222988683426, 16.271463911364688, 17.396899829292185, 48.872637127385595, 17.10996204696358, 60.12979001074618, 51.22291465557423, 35.31403965172525, 76.00547946624759, 48.154625340280454, 74.80063714515907, 39.54539884018341, 36.32606940025825, 85.1616110577068, 47.596903982348316, 32.69815107714198, 16.39442714251388, 40.23476516543209, 46.378435437572854, 70.21456682664727, 41.807509477559215, 40.36245321279314, 23.206069403546095, 24.32806991985452, 55.546315925777535, 44.1843475650757, 58.782087377101, 20.981524900338655, 34.44328923992306, 20.707499002473824, 61.16692528335982, 49.961205231106426, 47.62679182491433, 51.05929899648788, 47.32590588658503, 54.85612088545038, 19.828972537055574, 45.30411905434918, 29.59769556803615, 67.01659973648916, 10.712454938251078, 16.57444529737433, 20.573956335436907, 19.093239217668394, 60.25114301319187, 88.45339731819216, 50.37965586548517, 72.08035648887305, 32.5881665694381, 57.11022180117213, 70.68999303620144, 40.84185051941245, 65.18465804173684, 76.59923640907074, 8.913088430332282, 63.04572835276823, 25.792730743504745, 30.243207734943617, 76.21640063691908, 73.43000743816418, 44.512653553489386, 31.978662510606974], [32.283767762204924, 96.65934422554423, 31.779598938582428, 45.28572830290411, 50.93464354486092, 63.9461844756611, 64.33388582073691, 44.36259311591095, 89.31705358472821, 51.49975511287825, 57.95303966287372, 54.52250638649819, 44.554489367058295, 86.79873989941763, 30.636076443770524, 33.49084613019775, 39.96913029316327, 89.27739630887443, 30.41400317092174, 41.81519724868244, 85.12241734063089, 57.1909785092643, 0.0, 71.50961507204707, 70.96464144451959, 60.44293003101884, 21.69628218967818, 65.05180463597169, 28.924507087595288, 8.950985285829145, 23.864224386760192, 57.312396528016045, 9.0363742644239, 50.24271321602373, 36.05950004468633, 62.55833908094421, 49.99197998073879, 10.670886985577667, 34.04753256876892, 54.425379062348505, 17.595967827458207, 83.16996531040448, 26.5027796