instance_id,num_cities,city_coordinates,distance_matrix,best_route,total_distance
386,39,"[[20.857991570849986, 28.524422841512365], [94.95639977943816, 21.493660362637325], [18.68557053105988, 80.14356486858807], [38.35293282113966, 49.44970578966688], [41.01102670453521, 88.55369123613104], [79.01173347201417, 4.129805431493638], [39.391199850322586, 18.185166083464598], [97.62185575056031, 14.59038177025398], [27.508917985256687, 84.69493028141214], [71.19737556227359, 92.77306062116398], [37.82848485009489, 37.58622635996076], [12.75972156537496, 89.36710447739493], [15.528118075280851, 68.73607864321114], [92.01146248578856, 21.338478232927283], [88.22500058954563, 32.477341502344906], [78.75351111805419, 53.36119205654713], [89.86310442999985, 10.110054503131572], [94.7786919402695, 87.1585632289411], [76.68913096448584, 37.11051771892505], [54.365704860375594, 5.965199942289646], [5.423678196269965, 56.16913493530484], [89.90903019112056, 36.660880954058285], [51.89970062091508, 58.45812414695235], [54.989925157573815, 13.712035540327106], [80.95696370462485, 61.67893249756767], [39.10532948938531, 77.71240887024133], [69.24831981653699, 20.709162974213047], [34.56192567581857, 1.6743702327814303], [34.32621376478009, 96.90938715112246], [15.323573252168732, 84.36234817336243], [98.18922038014311, 52.345881670395265], [21.251430328495534, 82.05813832324839], [44.088503122505394, 29.004257092391082], [62.894826888734855, 2.147510528906005], [47.53004920636547, 42.34718026799501], [19.46430851281391, 48.94666830178406], [23.19785290965659, 92.87096047943615], [1.548667790434688, 38.79845052341982], [64.79984069779397, 4.419020264789076]]","[[0.0, 74.43121468900614, 51.664835592359495, 27.27527150756548, 63.32185948858985, 63.063103758762196, 21.222159160630856, 78.01825648126552, 56.562891795113245, 81.62071451033047, 19.23834517696, 61.37926266848551, 40.563343227513506, 71.51541248682456, 67.48288279307707, 62.99806575349439, 71.41984711552924, 94.35164207409535, 56.48749552985625, 40.394125658440316, 31.661461370148658, 69.52875581480883, 43.12324401749238, 37.20746844289249, 68.63751133359742, 52.46354268132923, 49.0173658463891, 30.145034998237104, 69.69861083760362, 56.11152904253651, 80.91712334167231, 53.535161224521225, 23.235466594409324, 49.62697881888336, 30.041093212192543, 20.46974504252177, 64.38906628515112, 21.872485676427186, 50.11942276284719], [74.43121468900614, 0.0, 96.21356813252702, 63.13076070836886, 86.0648070755079, 23.57405017651622, 55.66361089219692, 7.3999939768927465, 92.43139791067898, 75.13483967486096, 59.35123709369917, 106.59783452502857, 92.41589700626005, 2.94902308517746, 12.882274117268807, 35.750149331653866, 12.471092168739016, 65.66514332975457, 24.032880469148253, 43.45960879988125, 96.01300313462143, 15.985009234589054, 56.74725478196721, 40.71698390813496, 42.55396934448293, 79.24575532043121, 25.720046880427045, 63.56332876355816, 96.76544477863713, 101.45865644569024, 31.0211329364228, 95.39642819521981, 51.419373523384934, 37.44620100377425, 51.808570923382376, 80.32884593167748, 101.21268705466824, 94.99715868297439, 34.65488984423041], [51.664835592359495, 96.21356813252702, 0.0, 36.4543292985336, 23.85699517692472, 97.04296759136662, 65.3266122305688, 102.60680746703913, 9.928060607114185, 54.0092013512562, 46.66452860110995, 10.963091210025485, 11.836395058997878, 93.99321595298309, 84.30777652660291, 65.76817604134867, 99.8545637717338, 76.41579239785759, 72.22365381188644, 82.31343638129266, 27.398012317054437, 83.44773817401642, 39.66657001704837, 75.70438728197514, 64.95128217651788, 20.563975184881183, 78.03229936281582, 80.05918535355336, 22.928639679973262, 5.3945489409138165, 84.22316504687248, 3.2014415523926814, 57.101118938897564, 89.65401742396858, 47.545458657227265, 31.206614495072905, 13.50360290067911, 44.75591486894984, 88.66077243326546], [27.27527150756548, 63.13076070836886, 36.4543292985336, 0.0, 39.19422331020511, 60.88539594058911, 31.281774909115807, 68.76029156645588, 36.87571704027422, 54.36607851253784, 11.875065888381133, 47.41741431559964, 29.882040526521994, 60.576224052996245, 52.68096708487838, 40.58948695833829, 64.81439610549823, 67.86622297981206, 40.273063582635935, 46.339088436989364, 33.6078344763948, 53.11859577114997, 16.268574587864478, 39.420433646182964, 44.32445638013166, 28.272716285618895, 42.196489651655874, 47.92550910265721, 47.63019862744374, 41.82396442673468, 59.90633642258442, 36.82079928251219, 21.234715423448584, 53.28979490401716, 11.604539367591473, 18.895321510238716, 45.990018547041785, 38.314529400700316, 52.22261555185339], [63.32185948858985, 86.0648070755079, 23.85699517692472, 39.19422331020511, 0.0, 92.58210523196358, 70.3871662393016, 93.14159711119076, 14.042684072957003, 30.479808650456395, 51.06673132832095, 28.263012634307156, 32.281827722264794, 84.37374774741133, 73.30563641003565, 51.60433245580973, 92.41173974119101, 53.78576212213075, 62.60453038802601, 83.66125939070602, 48.11672121674658, 71.30132189479596, 32.00478679942278, 76.13595096437443, 48.14489111080343, 11.007501315592984, 73.48622141174013, 87.11835238387867, 10.700671860370344, 26.027151621668345, 67.67829272044261, 20.79985232130408, 59.62890211921384, 89.13432994593948, 46.664111587255626, 45.088549883039505, 18.32888360936745, 63.504816742079704, 87.43312033012339], [63.063103758762196, 23.57405017651622, 97.04296759136662, 60.88539594058911, 92.58210523196358, 0.0, 42.039741287555124, 21.348543476346865, 95.62049646987795, 88.98702647106792, 53.06026826541296, 107.95705734373213, 90.57670761375378, 21.566904599834665, 29.807165116246804, 49.23206381830423, 12.39014247806059, 84.51255291805403, 33.06239352185964, 24.714275213648637, 90.12931650951438, 34.30775350323964, 60.71761309346357, 25.862451711977165, 57.58199325071161, 83.70735097737104, 19.240565031653443, 44.51757602491185, 102.97983518910334, 102.43750615382291, 51.88994133728647, 97.00040044514927, 42.87622142254579, 16.238354931918966, 49.514282622245894, 74.52816257500248, 104.83406823486385, 84.86719918377555, 14.214835259183644], [21.222159160630856, 55.66361089219692, 65.3266122305688, 31.281774909115807, 70.3871662393016, 42.039741287555124, 0.0, 58.34150975789362, 67.56284005270545, 81.08629246047983, 19.46389524283806, 76.00068413612426, 55.90028114800023, 52.714660364431495, 50.8822795562678, 52.789623522021515, 51.113800278739554, 88.4596167400784, 41.82468888016614, 19.327787581292508, 50.95659346008232, 53.79036365671016, 42.1707688181204, 16.227419020504446, 60.16161934054121, 59.52792920687839, 29.963614150856813, 17.202565758498583, 78.88698921087182, 70.41782501204975, 68.00118901634268, 66.39885406427732, 11.79480344432637, 28.453943130038205, 25.495956508705618, 36.65175326099082, 76.42115132408117, 43.092513596982755, 28.898197182814517], [78.01825648126552, 7.3999939768927465, 102.60680746703913, 68.76029156645588, 93.14159711119076, 21.348543476346865, 58.34150975789362, 0.0, 99.1487355644774, 82.527476791222, 64.0629071462931, 113.1067640651303, 98.34194555405014, 8.775723243980535, 20.20505420370187, 43.11832741917012, 8.959439406280913, 72.62385655329169, 30.74630856080391, 44.10769038841044, 101.13998546120459, 23.379362958229926, 63.36319350322964, 42.640977922473176, 49.95047784057203, 86.07307448259485, 29.025799296853748, 64.3690774756594, 103.8400546094209, 107.8940897266461, 37.75976264931323, 101.90358214234315, 55.43987414669867, 36.88890860812804, 57.268044716973186, 85.37538646739559, 108.01287516730267, 99.07617290539451, 34.36191593899959], [56.562891795113245, 92.43139791067898, 9.928060607114185, 36.87571704027422, 14.042684072957003, 95.62049646987795, 67.56284005270545, 99.1487355644774, 0.0, 44.42901659101656, 48.22575500121108, 15.471522444473893, 19.95556343712168, 90.4135955662369, 80.08195342716489, 60.0650603636617, 97.21598768745467, 67.3148718728534, 68.43222682040471, 83.18447836301256, 36.07601442322917, 78.74670722060108, 35.82290152566039, 76.11686476089844, 58.19303863182952, 13.536334992550438, 76.39604756218816, 83.31961538720293, 13.988154930780587, 12.189882572149298, 77.73137135462439, 6.790347826522234, 58.10622792411866, 89.81224335646947, 46.84204976910946, 36.642243055362194, 9.242983927556047, 52.729701728281704, 88.5146013138476], [81.62071451033047, 75.13483967486096, 54.0092013512562, 54.36607851253784, 30.479808650456395, 88.98702647106792, 81.08629246047983, 82.527476791222, 44.42901659101656, 0.0, 64.49084852236665, 58.536825519620734, 60.63697495556261, 74.40514616235501, 62.653920532756004, 40.129671918568754, 84.74421522814009, 24.240483969723364, 55.93279949851711, 88.4245995990934, 75.27301402767483, 59.14983284797008, 39.368961421042286, 80.70518654617881, 32.589789267114725, 35.45028423450161, 72.09025012004196, 98.18924370246133, 37.10244964229967, 56.50329077556708, 48.60983938041173, 51.08235512528692, 69.29178355654342, 91.00506933133362, 55.703785744141086, 67.80164371219988, 47.99962249082114, 88.1147038211587, 88.58535375353058], [19.23834517696, 59.35123709369917, 46.66452860110995, 11.875065888381133, 51.06673132832095, 53.06026826541296, 19.46389524283806, 64.0629071462931, 48.22575500121108, 64.49084852236665, 0.0, 57.53001156994404, 38.309524345253216, 56.56663667454165, 50.65480730557647, 43.86008798169055, 58.84336542662598, 75.50326264649391, 38.86355767475598, 35.684295668759994, 37.35499946983499, 52.08876526794291, 25.172112158092794, 29.40224516460337, 49.40166168600729, 40.14649243808519, 35.66568796259234, 36.060113967350084, 59.4264529398235, 51.908348248934516, 62.13908446872438, 47.46103338827003, 10.62252443068143, 43.40765005102603, 10.80680494287217, 21.59404116093809, 57.18791146420421, 36.30006354408881, 42.7494748087366], [61.37926266848551, 106.59783452502857, 10.963091210025485, 47.41741431559964, 28.263012634307156, 107.95705734373213, 76.00068413612426, 113.1067640651303, 15.471522444473893, 58.536825519620734, 57.53001156994404, 0.0, 20.815937312713498, 104.44487745995889, 94.50636734926016, 75.17716401129452, 110.57400969392316, 82.04869990319133, 82.56948737738787, 93.20373128811254, 33.99886342263416, 93.43426469728581, 49.87286863150951, 86.64340454593788, 73.60365957602905, 28.808383963372233, 88.90936207079395, 90.36233586716234, 22.847310864025395, 5.623248272540373, 93.10623075749542, 11.204021776135502, 68.00857224114958, 100.60211903495708, 58.47947466350516, 40.97271222121378, 11.010521915128042, 51.79649109217231, 99.62103698872211], [40.563343227513506, 92.41589700626005, 11.836395058997878, 29.882040526521994, 32.281827722264794, 90.57670761375378, 55.90028114800023, 98.34194555405014, 19.95556343712168, 60.63697495556261, 38.309524345253216, 20.815937312713498, 0.0, 89.97907810635358, 81.23750824799619, 65.06794497266647, 94.67154220160066, 81.363636817939, 68.85379874349148, 73.81423548459719, 16.125376877029307, 81.00208882481061, 37.79587762575505, 67.71173855092002, 65.80833649401494, 25.22814702688395, 72.05861991322284, 69.71053411572592, 33.868919584679965, 15.62760819874867, 84.27037671128927, 14.499433687777993, 48.93172015974849, 81.71684347386403, 41.478880813929486, 20.17707503137925, 25.32424438513774, 33.04068110232303, 81.02090254152458], [71.51541248682456, 2.94902308517746, 93.99321595298309, 60.576224052996245, 84.37374774741133, 21.566904599834665, 52.714660364431495, 8.775723243980535, 90.4135955662369, 74.40514616235501, 56.56663667454165, 104.44487745995889, 89.97907810635358, 0.0, 11.764844606984004, 34.65872869997778, 11.432101372526036, 65.8782296949169, 21.98933998092211, 40.66375231816081, 93.33069717133309, 15.465970603301484, 54.651821128731996, 37.79890017299329, 41.82767258144173, 77.31157070021152, 22.771840107368394, 60.72171294620645, 95.07129006554375, 99.26248303048251, 31.616827173756086, 93.2408669650024, 48.53219755643764, 34.872219744495794, 49.19310610779823, 77.622816931986, 99.25829375545112, 92.13233882019121, 32.04279042574877], [67.48288279307707, 12.882274117268807, 84.30777652660291, 52.68096708487838, 73.30563641003565, 29.807165116246804, 50.8822795562678, 20.20505420370187, 80.08195342716489, 62.653920532756004, 50.65480730557647, 94.50636734926016, 81.23750824799619, 11.764844606984004, 0.0, 22.931295793714444, 22.427191351065087, 55.07256013509568, 12.431516796443667, 43.00401792130361, 86.12409689596296, 4.5097625262338275, 44.66014425231211, 38.16683045285523, 30.092478741586646, 66.77539523481724, 22.329452277892074, 61.87526685380706, 84.00337926338246, 89.4800090806789, 22.22711327286486, 83.32895371302538, 44.27293444054408, 39.51602645244863, 41.87472728674572, 70.70552665879691, 88.74637541067338, 86.90651924199098, 36.551436450897626], [62.99806575349439, 35.750149331653866, 65.76817604134867, 40.58948695833829, 51.60433245580973, 49.23206381830423, 52.789623522021515, 43.11832741917012, 60.0650603636617, 40.129671918568754, 43.86008798169055, 75.17716401129452, 65.06794497266647, 34.65872869997778, 22.931295793714444, 0.0, 44.6551672622699, 37.404127025627325, 16.38127229020676, 53.30239359125278, 73.38357404451732, 20.083475712870516, 27.333237183884044, 46.225140672028814, 8.604650448766266, 46.52913137774505, 34.007406029746356, 68.00311591493521, 62.21117300060681, 70.6004865298338, 19.462210812255552, 64.2651073302058, 42.36653231242309, 53.61286264600979, 33.10910795278305, 59.453322577855964, 68.17223012193905, 78.56628586234012, 50.89244637361426], [71.41984711552924, 12.471092168739016, 99.8545637717338, 64.81439610549823, 92.41173974119101, 12.39014247806059, 51.113800278739554, 8.959439406280913, 97.21598768745467, 84.74421522814009, 58.84336542662598, 110.57400969392316, 94.67154220160066, 11.432101372526036, 22.427191351065087, 44.6551672622699, 0.0, 77.20515330884506, 30.042945773300662, 35.738567340285094, 96.1844872780373, 26.550866170480468, 61.471585851150586, 35.05870647869201, 52.33228946095535, 84.53656033278361, 23.17995783087657, 55.94087182651825, 103.04596242889457, 105.21190438111586, 43.048685268172825, 99.41875370571486, 49.52075339031156, 28.11921229487366, 53.21014792449745, 80.40070296916116, 106.27146050699292, 92.85722257951, 25.701265720039807], [94.35164207409535, 65.66514332975457, 76.41579239785759, 67.86622297981206, 53.78576212213075, 84.51255291805403, 88.4596167400784, 72.62385655329169, 67.3148718728534, 24.240483969723364, 75.50326264649391, 82.04869990319133, 81.363636817939, 65.8782296949169, 55.07256013509568, 37.404127025627325, 77.20515330884506, 0.0, 53.21690591972848, 90.69493793215712, 94.57622929233735, 50.73193787631356, 51.59770440692317, 83.5316610130679, 28.98709632969756, 56.469045668896364, 71.18512973219416, 104.56388569459435, 61.23381977893757, 79.50430620021298, 34.97934392660766, 73.70395195879838, 77.14543774329209, 90.7935015945118, 65.11907771973335, 84.45356869299181, 71.80841175429227, 105.02636766007622, 88.00320159934658], [56.48749552985625, 24.032880469148253, 72.22365381188644, 40.273063582635935, 62.60453038802601, 33.06239352185964, 41.82468888016614, 30.74630856080391, 68.43222682040471, 55.93279949851711, 38.86355767475598, 82.56948737738787, 68.85379874349148, 21.98933998092211, 12.431516796443667, 16.38127229020676, 30.042945773300662, 53.21690591972848, 0.0, 38.31926633474697, 73.7698830720186, 13.227543565707776, 32.71446403297323, 31.91151047683093, 24.93634698654211, 55.32680813478312, 18.010277843534976, 55.04926860634243, 73.28384227807736, 77.44977181786024, 26.35090434150251, 71.36965216249742, 33.593338581281344, 37.58583106309616, 29.62557482361448, 58.43607417721941, 77.26929406166005, 75.15941939080841, 34.786336812596886], [40.394125658440316, 43.45960879988125, 82.31343638129266, 46.339088436989364, 83.66125939070602, 24.714275213648637, 19.327787581292508, 44.10769038841044, 83.18447836301256, 88.4245995990934, 35.684295668759994, 93.20373128811254, 73.81423548459719, 40.66375231816081, 43.00401792130361, 53.30239359125278, 35.738567340285094, 90.69493793215712, 38.31926633474697, 0.0, 70.11246011068876, 46.96331343020242, 52.550816058987145, 7.771943950033006, 61.734229096692474, 73.35217137491348, 20.949383614323427, 20.263289209471704, 93.12586316617787, 87.58082490635347, 63.80962427467455, 82.98608587721861, 25.227346866575612, 9.344553228041708, 37.01857210428588, 55.36708489118613, 92.32576135489914, 62.19052780424682, 10.548073865346895], [31.661461370148658, 96.01300313462143, 27.398012317054437, 33.6078344763948, 48.11672121674658, 90.12931650951438, 50.95659346008232, 101.13998546120459, 36.07601442322917, 75.27301402767483, 37.35499946983499, 33.99886342263416, 16.125376877029307, 93.33069717133309, 86.12409689596296, 73.38357404451732, 96.1844872780373, 94.57622929233735, 73.7698830720186, 70.11246011068876, 0.0, 86.70840025678382, 46.53235575411107, 65.26421781392911, 75.73397578936267, 39.982074554314124, 73.01365960857557, 61.795767218821815, 49.95122333734606, 29.88084996790411, 92.84429482846855, 30.34399831894478, 47.2535636200791, 78.87502035205718, 44.316959625689336, 15.789342100232485, 40.779226145353, 17.79765104115251, 78.76295475551254], [69.52875581480883, 15.985009234589054, 83.44773817401642, 53.11859577114997, 71.30132189479596, 34.30775350323964, 53.79036365671016, 23.379362958229926, 78.74670722060108, 59.14983284797008, 52.08876526794291, 93.43426469728581, 81.00208882481061, 15.465970603301484, 4.5097625262338275, 20.083475712870516, 26.550866170480468, 50.73193787631356, 13.227543565707776, 46.96331343020242, 86.70840025678382, 0.0, 43.81585266985756, 41.785085882012986, 26.57145832302646, 65.31649063785233, 26.102150480198812, 65.47791926044827, 81.97153152687794, 88.5348539371167, 17.73642571201641, 82.30903349900797, 46.45583483056512, 43.82852858774069, 42.75876552467238, 71.50803719224592, 87.23505152476393, 88.38621412440065, 40.86574332760908], [43.12324401749238, 56.74725478196721, 39.66657001704837, 16.268574587864478, 32.00478679942278, 60.71761309346357, 42.1707688181204, 63.36319350322964, 35.82290152566039, 39.368961421042286, 25.172112158092794, 49.87286863150951, 37.79587762575505, 54.651821128731996, 44.66014425231211, 27.333237183884044, 61.471585851150586, 51.59770440692317, 32.71446403297323, 52.550816058987145, 46.53235575411107, 43.81585266985756, 0.0, 44.852669187897, 29.235220956020093, 23.11759963440845, 41.54465859308126, 59.37165273623379, 42.276791114021535, 44.820106154550736, 46.691317690039455, 38.68174170120291, 30.472037851560426, 57.374018577106895, 16.69300350912287, 33.80121970433697, 44.811152255734186, 54.05302280242924, 55.55752300445306], [37.20746844289249, 40.71698390813496, 75.70438728197514, 39.420433646182964, 76.13595096437443, 25.862451711977165, 16.227419020504446, 42.640977922473176, 76.11686476089844, 80.70518654617881, 29.40224516460337, 86.64340454593788, 67.71173855092002, 37.79890017299329, 38.16683045285523, 46.225140672028814, 35.05870647869201, 83.5316610130679, 31.91151047683093, 7.771943950033006, 65.26421781392911, 41.785085882012986, 44.852669187897, 0.0, 54.544571632845084, 65.94215772865057, 15.882745687594097, 23.71093732611769, 85.72507383242656, 81.02398502066573, 57.95475109538889, 76.21991733756592, 18.780123598743575, 14.008058756269444, 29.59089830981654, 50.035475253315795, 85.30457933389208, 59.03639729594566, 13.512756040779987], [68.63751133359742, 42.55396934448293, 64.95128217651788, 44.32445638013166, 48.14489111080343, 57.58199325071161, 60.16161934054121, 49.95047784057203, 58.19303863182952, 32.589789267114725, 49.40166168600729, 73.60365957602905, 65.80833649401494, 41.82767258144173, 30.092478741586646, 8.604650448766266, 52.33228946095535, 28.98709632969756, 24.93634698654211, 61.734229096692474, 75.73397578936267, 26.57145832302646, 29.235220956020093, 54.544571632845084, 0.0, 44.81776044247742, 42.61002647845757, 75.84884340768151, 58.44323549435394, 69.44263307943795, 19.597359716898783, 63.08773847439414, 49.26375745443041, 62.21118057043108, 38.614443633691415, 62.79695210828457, 65.6434116225466, 82.63893704159617, 59.495799622858854], [52.46354268132923, 79.24575532043121, 20.563975184881183, 28.272716285618895, 11.007501315592984, 83.70735097737104, 59.52792920687839, 86.07307448259485, 13.536334992550438, 35.45028423450161, 40.14649243808519, 28.808383963372233, 25.22814702688395, 77.31157070021152, 66.77539523481724, 46.52913137774505, 84.53656033278361, 56.469045668896364, 55.32680813478312, 73.35217137491348, 39.982074554314124, 65.31649063785233, 23.11759963440845, 65.94215772865057, 44.81776044247742, 0.0, 64.48232245000041, 76.1736558007096, 19.782919962073105, 24.693999725876417, 64.29904248876109, 18.37517563796204, 48.962394437689824, 79.2211717147001, 36.35485244639037, 34.831559474905895, 21.9733815791571, 54.0814107821494, 77.66678002536784], [49.0173658463891, 25.720046880427045, 78.03229936281582, 42.196489651655874, 73.48622141174013, 19.240565031653443, 29.963614150856813, 29.025799296853748, 76.39604756218816, 72.09025012004196, 35.66568796259234, 88.90936207079395, 72.05861991322284, 22.771840107368394, 22.329452277892074, 34.007406029746356, 23.17995783087657, 71.18512973219416, 18.010277843534976, 20.949383614323427, 73.01365960857557, 26.102150480198812, 41.54465859308126, 15.882745687594097, 42.61002647845757, 64.48232245000041, 0.0, 39.56601159068883, 83.82140332696301, 83.42425473463072, 42.87723982830404, 77.89350535766002, 26.49197921082347, 19.618914696894034, 30.657577704421584, 57.23464412935428, 85.60356605613174, 70.07471161905144, 16.88661351376562], [30.145034998237104, 63.56332876355816, 80.05918535355336, 47.92550910265721, 87.11835238387867, 44.51757602491185, 17.202565758498583, 64.3690774756594, 83.31961538720293, 98.18924370246133, 36.060113967350084, 90.36233586716234, 69.71053411572592, 60.72171294620645, 61.87526685380706, 68.00311591493521, 55.94087182651825, 104.56388569459435, 55.04926860634243, 20.263289209471704, 61.795767218821815, 65.47791926044827, 59.37165273623379, 23.71093732611769, 75.84884340768151, 76.1736558007096, 39.56601159068883, 0.0, 95.23530861787401, 84.89650110504299, 81.33901095269843, 81.47833735915997, 28.942674264946326, 28.336851499076072, 42.69015933519216, 49.62467338658546, 91.90190543427738, 49.67969941165734, 30.36222338160374], [69.69861083760362, 96.76544477863713, 22.928639679973262, 47.63019862744374, 10.700671860370344, 102.97983518910334, 78.88698921087182, 103.8400546094209, 13.988154930780587, 37.10244964229967, 59.4264529398235, 22.847310864025395, 33.868919584679965, 95.07129006554375, 84.00337926338246, 62.21117300060681, 103.04596242889457, 61.23381977893757, 73.28384227807736, 93.12586316617787, 49.95122333734606, 81.97153152687794, 42.276791114021535, 85.72507383242656, 58.44323549435394, 19.782919962073105, 83.82140332696301, 95.23530861787401, 0.0, 22.771221608885366, 77.87419106921563, 19.7866003561292, 68.6032723840283, 98.97463774518386, 56.137115087308025, 50.21253456199061, 11.838467185595967, 66.7176773865008, 97.38126054442438], [56.11152904253651, 101.45865644569024, 5.3945489409138165, 41.82396442673468, 26.027151621668345, 102.43750615382291, 70.41782501204975, 107.8940897266461, 12.189882572149298, 56.50329077556708, 51.908348248934516, 5.623248272540373, 15.62760819874867, 99.26248303048251, 89.4800090806789, 70.6004865298338, 105.21190438111586, 79.50430620021298, 77.44977181786024, 87.58082490635347, 29.88084996790411, 88.5348539371167, 44.820106154550736, 81.02398502066573, 69.44263307943795, 24.693999725876417, 83.42425473463072, 84.89650110504299, 22.771221608885366, 0.0, 88.83563249774039, 6.359942810334095, 62.38541046249921, 94.9858078949631, 52.938940558954044, 35.65692175812253, 11.593134325944652, 47.60059652498229, 94.0150877117536], [80.91712334167231, 31.0211329364228, 84.22316504687248, 59.90633642258442, 67.67829272044261, 51.88994133728647, 68.00118901634268, 37.75976264931323, 77.73137135462439, 48.60983938041173, 62.13908446872438, 93.10623075749542, 84.27037671128927, 31.616827173756086, 22.22711327286486, 19.462210812255552, 43.048685268172825, 34.97934392660766, 26.35090434150251, 63.80962427467455, 92.84429482846855, 17.73642571201641, 46.691317690039455, 57.95475109538889, 19.597359716898783, 64.29904248876109, 42.87723982830404, 81.33901095269843, 77.87419106921563, 88.83563249774039, 0.0, 82.47570389779293, 58.921295350079916, 61.36424591881712, 51.63647600048308, 78.7982639405469, 85.24076024750435, 97.58549736270365, 58.4109126770354], [53.535161224521225, 95.39642819521981, 3.2014415523926814, 36.82079928251219, 20.79985232130408, 97.00040044514927, 66.39885406427732, 101.90358214234315, 6.790347826522234, 51.08235512528692, 47.46103338827003, 11.204021776135502, 14.499433687777993, 93.2408669650024, 83.32895371302538, 64.2651073302058, 99.41875370571486, 73.70395195879838, 71.36965216249742, 82.98608587721861, 30.34399831894478, 82.30903349900797, 38.68174170120291, 76.21991733756592, 63.08773847439414, 18.37517563796204, 77.89350535766002, 81.47833735915997, 19.7866003561292, 6.359942810334095, 82.47570389779293, 0.0, 57.76024764019644, 90.11038181896288, 47.61854680473182, 33.15966301647856, 10.986613848033373, 47.53524418965207, 89.01851885191194], [23.235466594409324, 51.419373523384934, 57.101118938897564, 21.234715423448584, 59.62890211921384, 42.87622142254579, 11.79480344432637, 55.43987414669867, 58.10622792411866, 69.29178355654342, 10.62252443068143, 68.00857224114958, 48.93172015974849, 48.53219755643764, 44.27293444054408, 42.36653231242309, 49.52075339031156, 77.14543774329209, 33.593338581281344, 25.227346866575612, 47.2535636200791, 46.45583483056512, 30.472037851560426, 18.780123598743575, 49.26375745443041, 48.962394437689824, 26.49197921082347, 28.942674264946326, 68.6032723840283, 62.38541046249921, 58.921295350079916, 57.76024764019644, 0.0, 32.786623027928854, 13.77961676961304, 31.686759459125536, 67.19654059432222, 43.65276411688151, 32.146436412561165], [49.62697881888336, 37.44620100377425, 89.65401742396858, 53.28979490401716, 89.13432994593948, 16.238354931918966, 28.453943130038205, 36.88890860812804, 89.81224335646947, 91.00506933133362, 43.40765005102603, 100.60211903495708, 81.71684347386403, 34.872219744495794, 39.51602645244863, 53.61286264600979, 28.11921229487366, 90.7935015945118, 37.58583106309616, 9.344553228041708, 78.87502035205718, 43.82852858774069, 57.374018577106895, 14.008058756269444, 62.21118057043108, 79.2211717147001, 19.618914696894034, 28.336851499076072, 98.97463774518386, 94.9858078949631, 61.36424591881712, 90.11038181896288, 32.786623027928854, 0.0, 43.03591337894973, 63.84646501296637, 99.0282490707675, 71.46077692409598, 2.964596784204808], [30.041093212192543, 51.808570923382376, 47.545458657227265, 11.604539367591473, 46.664111587255626, 49.514282622245894, 25.495956508705618, 57.268044716973186, 46.84204976910946, 55.703785744141086, 10.80680494287217, 58.47947466350516, 41.478880813929486, 49.19310610779823, 41.87472728674572, 33.10910795278305, 53.21014792449745, 65.11907771973335, 29.62557482361448, 37.01857210428588, 44.316959625689336, 42.75876552467238, 16.69300350912287, 29.59089830981654, 38.614443633691415, 36.35485244639037, 30.657577704421584, 42.69015933519216, 56.137115087308025, 52.938940558954044, 51.63647600048308, 47.61854680473182, 13.77961676961304, 43.03591337894973, 0.0, 28.831216467325838, 56.077697380291795, 46.118119212705736, 41.674824767312536], [20.46974504252177, 80.32884593167748, 31.206614495072905, 18.895321510238716, 45.088549883039505, 74.52816257500248, 36.65175326099082, 85.37538646739559, 36.642243055362194, 67.80164371219988, 21.59404116093809, 40.97271222121378, 20.17707503137925, 77.622816931986, 70.70552665879691, 59.453322577855964, 80.40070296916116, 84.45356869299181, 58.43607417721941, 55.36708489118613, 15.789342100232485, 71.50803719224592, 33.80121970433697, 50.035475253315795, 62.79695210828457, 34.831559474905895, 57.23464412935428, 49.62467338658546, 50.21253456199061, 35.65692175812253, 78.7982639405469, 33.15966301647856, 31.686759459125536, 63.84646501296637, 28.831216467325838, 0.0, 44.08268137342537, 20.59020414105894, 63.54543192238027], [64.38906628515112, 101.21268705466824, 13.50360290067911, 45.990018547041785, 18.32888360936745, 104.83406823486385, 76.42115132408117, 108.01287516730267, 9.242983927556047, 47.99962249082114, 57.18791146420421, 11.010521915128042, 25.32424438513774, 99.25829375545112, 88.74637541067338, 68.17223012193905, 106.27146050699292, 71.80841175429227, 77.26929406166005, 92.32576135489914, 40.779226145353, 87.23505152476393, 44.811152255734186, 85.30457933389208, 65.6434116225466, 21.9733815791571, 85.60356605613174, 91.90190543427738, 11.838467185595967, 11.593134325944652, 85.24076024750435, 10.986613848033373, 67.19654059432222, 99.0282490707675, 56.077697380291795, 44.08268137342537, 0.0, 58.24537362975556, 97.7469749693556], [21.872485676427186, 94.99715868297439, 44.75591486894984, 38.314529400700316, 63.504816742079704, 84.86719918377555, 43.092513596982755, 99.07617290539451, 52.729701728281704, 88.1147038211587, 36.30006354408881, 51.79649109217231, 33.04068110232303, 92.13233882019121, 86.90651924199098, 78.56628586234012, 92.85722257951, 105.02636766007622, 75.15941939080841, 62.19052780424682, 17.79765104115251, 88.38621412440065, 54.05302280242924, 59.03639729594566, 82.63893704159617, 54.0814107821494, 70.07471161905144, 49.67969941165734, 66.7176773865008, 47.60059652498229, 97.58549736270365, 47.53524418965207, 43.65276411688151, 71.46077692409598, 46.118119212705736, 20.59020414105894, 58.24537362975556, 0.0, 71.99066674968857], [50.11942276284719, 34.65488984423041, 88.66077243326546, 52.22261555185339, 87.43312033012339, 14.214835259183644, 28.898197182814517, 34.36191593899959, 88.5146013138476, 88.58535375353058, 42.7494748087366, 99.62103698872211, 81.02090254152458, 32.04279042574877, 36.551436450897626, 50.89244637361426, 25.701265720039807, 88.00320159934658, 34.786336812596886, 10.548073865346895, 78.76295475551254, 40.86574332760908, 55.55752300445306, 13.512756040779987, 59.495799622858854, 77.66678002536784, 16.88661351376562, 30.36222338160374, 97.38126054442438, 94.0150877117536, 58.4109126770354, 89.01851885191194, 32.146436412561165, 2.964596784204808, 41.674824767312536, 63.54543192238027, 97.7469749693556, 71.99066674968857, 0.0]]",Route_1,2111.7140620909217
