instance_id,num_cities,city_coordinates,distance_matrix,best_route,total_distance
1488,21,"[[36.44778284832415, 19.742786434953096], [33.271010888627494, 37.19336289188836], [63.81568290323892, 74.35639908880121], [62.81070043879915, 66.34091278675814], [71.49745639937595, 0.5912216252604074], [72.65880980305145, 51.0605032457488], [54.05994528780905, 14.179071064675641], [19.949646966400504, 96.78151523181742], [81.93248883317769, 8.574884126636128], [97.97596802853116, 44.82589206753559], [8.51164651944475, 9.877903608286653], [92.09693928147786, 99.40599215098713], [53.18870260255285, 85.05721806120114], [78.15317471380396, 54.091030181561415], [70.3379184135265, 23.418332695683986], [18.678590647648118, 34.92838078259561], [22.05518658745529, 71.44817657191851], [71.62528247512363, 36.21671999151948], [30.077450226122416, 43.257418036061935], [76.72255101369711, 12.606716370358628], [57.77153688799165, 37.72122435377604]]","[[0.0, 17.737375757514364, 61.08722158127969, 53.5386664325977, 39.94073172458361, 47.8752322120445, 18.47006211457515, 78.78549499885895, 46.83567572371175, 66.44456155130483, 29.626738365361685, 97.1753824622099, 67.42576193768488, 54.02908068003422, 34.08886810884993, 23.374055428096305, 53.671167272048194, 38.84387939971549, 24.362246141383476, 40.90208364791873, 27.891337657868018], [17.737375757514364, 0.0, 48.10476325534969, 41.49907135821769, 52.92426552809599, 41.75758954868877, 31.013503861408253, 61.05904221354118, 56.45313775677255, 65.15356460005756, 36.8667931862816, 85.62068144210738, 51.842676193266875, 47.95768749077113, 39.54373642393643, 14.767155191327843, 36.04423636322936, 38.366704058148464, 6.8535826030389275, 49.92533952228253, 24.506211701698515], [61.08722158127969, 48.10476325534969, 0.0, 8.078243027544515, 74.16408194182425, 24.917858184373205, 60.96298241182367, 49.265758319950436, 68.23068494321755, 45.155021036140376, 84.9471177837763, 37.7797773274644, 15.081121874424465, 24.82435997895094, 51.35393036488322, 59.932676603370545, 41.86163889228755, 38.931028333667356, 45.884801042326515, 63.084154589318935, 37.13041514606935], [53.5386664325977, 41.49907135821769, 8.078243027544515, 0.0, 66.32104957666873, 18.17900365232493, 52.89076902023799, 52.57090623131739, 60.84863892119056, 41.22489734621581, 78.33555171201075, 44.16993614341303, 21.044783807083203, 19.632909634597866, 43.57759621770955, 54.17001275180526, 41.074274828148724, 31.387319860730425, 40.05388120258911, 55.50588663317154, 29.059933504616907], [39.94073172458361, 52.92426552809599, 74.16408194182425, 66.32104957666873, 0.0, 50.48264185852793, 22.106479732291977, 109.13179757272394, 13.138826767651937, 51.554026489033824, 63.666747274261645, 100.93907850313497, 86.42751309339543, 53.91222590323896, 22.856542349228647, 62.99899267682949, 86.40165570443368, 35.625727688707904, 59.46445347901092, 13.10243212911599, 39.585830407515495], [47.8752322120445, 41.75758954868877, 24.917858184373205, 18.17900365232493, 50.48264185852793, 0.0, 41.305663061902806, 69.77583237748452, 43.48596273153114, 26.073528283634257, 76.22903036398401, 52.106882224007535, 39.177310941948335, 6.274722247334478, 27.739432754849933, 56.33923530925446, 54.55624534552057, 14.879720428694629, 43.290418364914885, 38.66791586942629, 19.98917847749885], [18.47006211457515, 31.013503861408253, 60.96298241182367, 52.89076902023799, 22.106479732291977, 41.305663061902806, 0.0, 89.36820594574596, 28.430363960473024, 53.552261305615836, 45.750929631867336, 93.32974332937364, 70.88350150407138, 46.62025509069624, 18.717274496245505, 41.01675401519489, 65.60529723328433, 28.181537231437144, 37.692311311090414, 22.71708602730102, 23.832937160451852], [78.78549499885895, 61.05904221354118, 49.265758319950436, 52.57090623131739, 109.13179757272394, 69.77583237748452, 89.36820594574596, 0.0, 107.8066902228588, 93.74163192989309, 87.65309787701763, 72.1950113754162, 35.24619076904839, 72.18121747427718, 89.00075534094802, 61.86619291146781, 25.420687338326644, 79.61448189701181, 54.47385959786872, 101.53107601779168, 70.13282623593474], [46.83567572371175, 56.45313775677255, 68.23068494321755, 60.84863892119056, 13.138826767651937, 43.48596273153114, 28.430363960473024, 107.8066902228588, 0.0, 39.64251255184131, 73.43240392243466, 91.39806473797611, 81.70527921101655, 45.67277927722582, 18.835127518501682, 68.52417399473713, 86.82362712496867, 29.501010031669452, 62.38447873724412, 6.587801099333099, 37.858430336370034], [66.44456155130483, 65.15356460005756, 45.155021036140376, 41.22489734621581, 51.554026489033824, 26.073528283634257, 53.552261305615836, 93.74163192989309, 39.64251255184131, 0.0, 96.04804381365078, 54.8958131748521, 60.20347776952442, 21.881177277979518, 34.959195997345404, 79.91266976594947, 80.45316082576194, 27.721408206817628, 67.9166314723531, 38.597707411347585, 40.82735096301645], [29.626738365361685, 36.8667931862816, 84.9471177837763, 78.33555171201075, 63.666747274261645, 76.22903036398401, 45.750929631867336, 87.65309787701763, 73.43240392243466, 96.04804381365078, 0.0, 122.48175294395651, 87.45266526449255, 82.49086622548064, 63.29163543622299, 27.035035778903328, 63.04225559408501, 68.38906558811587, 39.74010408830116, 68.2654664600958, 56.5843380208469], [97.1753824622099, 85.62068144210738, 37.7797773274644, 44.16993614341303, 100.93907850313497, 52.106882224007535, 93.32974332937364, 72.1950113754162, 91.39806473797611, 54.8958131748521, 122.48175294395651, 0.0, 41.469726299349496, 47.4117532749973, 79.04163066781368, 97.7119045147105, 75.41542662084349, 66.4226832372829, 83.66050082223153, 88.15036069495164, 70.59209465422173], [67.42576193768488, 51.842676193266875, 15.081121874424465, 21.044783807083203, 86.42751309339543, 39.177310941948335, 70.88350150407138, 35.24619076904839, 81.70527921101655, 60.20347776952442, 87.45266526449255, 41.469726299349496, 0.0, 39.775993508529496, 63.98005776829772, 60.859248714102364, 33.977960941165264, 52.20442250511214, 47.76351398869946, 76.17688111424287, 47.557319839927715], [54.02908068003422, 47.95768749077113, 24.82435997895094, 19.632909634597866, 53.91222590323896, 6.274722247334478, 46.62025509069624, 72.18121747427718, 45.67277927722582, 21.881177277979518, 82.49086622548064, 47.4117532749973, 39.775993508529496, 0.0, 31.65268712288387, 62.48546456440828, 58.72184263662239, 19.029039435811253, 49.28125847758535, 41.50897465076267, 26.141570406193644], [34.08886810884993, 39.54373642393643, 51.35393036488322, 43.57759621770955, 22.856542349228647, 27.739432754849933, 18.717274496245505, 89.00075534094802, 18.835127518501682, 34.959195997345404, 63.29163543622299, 79.04163066781368, 63.98005776829772, 31.65268712288387, 0.0, 52.92605551319189, 68.10351015449771, 12.862971025439467, 44.883121613940524, 12.556057542286242, 19.03908228955436], [23.374055428096305, 14.767155191327843, 59.932676603370545, 54.17001275180526, 62.99899267682949, 56.33923530925446, 41.01675401519489, 61.86619291146781, 68.52417399473713, 79.91266976594947, 27.035035778903328, 97.7119045147105, 60.859248714102364, 62.48546456440828, 52.92605551319189, 0.0, 36.67556249922513, 52.96236393318289, 14.117608198962213, 62.18808597398696, 39.19258119802106], [53.671167272048194, 36.04423636322936, 41.86163889228755, 41.074274828148724, 86.40165570443368, 54.55624534552057, 65.60529723328433, 25.420687338326644, 86.82362712496867, 80.45316082576194, 63.04225559408501, 75.41542662084349, 33.977960941165264, 58.72184263662239, 68.10351015449771, 36.67556249922513, 0.0, 60.814882546044394, 29.30999114150755, 80.3171100822439, 49.123975660724874], [38.84387939971549, 38.366704058148464, 38.931028333667356, 31.387319860730425, 35.625727688707904, 14.879720428694629, 28.181537231437144, 79.61448189701181, 29.501010031669452, 27.721408206817628, 68.38906558811587, 66.4226832372829, 52.20442250511214, 19.029039435811253, 12.862971025439467, 52.96236393318289, 60.814882546044394, 0.0, 42.140168409079344, 24.15397312132229, 13.93520004050992], [24.362246141383476, 6.8535826030389275, 45.884801042326515, 40.05388120258911, 59.46445347901092, 43.290418364914885, 37.692311311090414, 54.47385959786872, 62.38447873724412, 67.9166314723531, 39.74010408830116, 83.66050082223153, 47.76351398869946, 49.28125847758535, 44.883121613940524, 14.117608198962213, 29.30999114150755, 42.140168409079344, 0.0, 55.81425391495392, 28.242023237064757], [40.90208364791873, 49.92533952228253, 63.084154589318935, 55.50588663317154, 13.10243212911599, 38.66791586942629, 22.71708602730102, 101.53107601779168, 6.587801099333099, 38.597707411347585, 68.2654664600958, 88.15036069495164, 76.17688111424287, 41.50897465076267, 12.556057542286242, 62.18808597398696, 80.3171100822439, 24.15397312132229, 55.81425391495392, 0.0, 31.462349684056097], [27.891337657868018, 24.506211701698515, 37.13041514606935, 29.059933504616907, 39.585830407515495, 19.98917847749885, 23.832937160451852, 70.13282623593474, 37.858430336370034, 40.82735096301645, 56.5843380208469, 70.59209465422173, 47.557319839927715, 26.141570406193644, 19.03908228955436, 39.19258119802106, 49.123975660724874, 13.93520004050992, 28.242023237064757, 31.462349684056097, 0.0]]",Route_3,1016.9138910424024
