instance_id,num_cities,city_coordinates,distance_matrix,best_route,total_distance
797,73,"[[12.53787285682224, 3.483534035167324], [96.75578351373973, 39.36090310374042], [83.36559414546943, 25.096792672353917], [84.33224852916157, 86.55967875866509], [6.312001650637422, 8.636663841272007], [83.55793384186808, 88.96093753341464], [7.508982819750543, 41.23700476652389], [86.34003241530536, 74.02408210362495], [14.72070795092828, 82.68726643613356], [5.830350703452591, 34.29264390013314], [10.341974201453652, 63.95604907315894], [97.04997131461585, 28.618908038825275], [95.01196175126951, 15.32222568057212], [25.59065999174319, 40.18191735162473], [29.974740345689234, 41.42448799918683], [11.582434689337727, 97.24511655700304], [40.9417475747611, 4.63794076889803], [78.08712218075857, 67.70573678701604], [75.89970151575237, 30.28784690993167], [84.08555931002716, 32.11439350030552], [24.045497234043943, 83.04784461882197], [67.17865797234033, 81.81411071207391], [41.75637342915426, 22.918082360956472], [59.52825048919811, 41.4928037520605], [60.624086040163185, 45.208797262892496], [80.44816742581509, 90.97937360389724], [17.950915204474615, 64.42850509012096], [17.454512750238514, 4.8007410766010565], [68.21921023392602, 82.71337502188607], [93.37456501082629, 35.58793906412756], [17.60013805423799, 93.23565520273617], [12.910929578918484, 55.72313005852902], [13.92930974549007, 93.97774824226693], [42.05245314104482, 79.99387707571083], [24.94709935438423, 39.57355062137119], [73.42890068337825, 6.692293791959569], [40.042110349172766, 51.55344558233698], [95.96382597925019, 79.87382246033131], [97.83250477815496, 86.48146527374544], [36.52656756577094, 17.76558648469846], [88.37197602852319, 60.64463003997383], [76.83822980347763, 11.880075493394315], [65.61412970434468, 22.249012831118577], [76.4253629852952, 54.495134391249465], [31.063984932822088, 46.56148712949896], [67.86813046891112, 77.1881337671722], [38.26393960451869, 41.61124754582923], [87.06131808124245, 90.07021730760255], [14.630828319850064, 92.16499352132537], [32.35254552221086, 83.96599347719912], [14.021110600732278, 35.47189751706643], [25.236871754030798, 48.73002084291368], [49.45275270627435, 16.845945768324267], [52.88966445441219, 48.58589624698052], [23.509428941285282, 41.46490243059795], [99.27652987492014, 21.171933583555912], [10.268682785592265, 43.05582398464756], [89.31795117351972, 24.790207586501367], [26.36075073268106, 50.71592594254669], [51.01494379029645, 99.98797415869197], [24.30811045467578, 57.94429001475776], [3.8447844147975196, 86.64511786627365], [53.180235698243706, 16.143012059692595], [55.874354249177586, 64.87225555629415], [57.619817284830035, 70.91518010506557], [7.826105586253385, 2.885641535486838], [26.466219910967492, 83.16305006337303], [40.04816624715829, 97.2285451992708], [5.671918193595083, 35.87357732149622], [63.01524187639118, 91.91901939133615], [27.044454478554304, 78.0171359063632], [27.436974604092878, 14.609319731335013], [60.28865179941158, 95.55268538224911]]","[[0.0, 91.54147741160367, 74.05200234875629, 109.80017395387192, 8.08184502911097, 111.13161373399475, 38.086930662214776, 102.09176106471169, 79.23380588670425, 31.530811979863106, 60.51237101555988, 88.1707537227825, 83.3194452624606, 38.95056597831664, 41.75596167643794, 93.76645039186934, 28.427324072083344, 91.76707150841814, 68.79820142773994, 77.06359419673221, 80.39219450580688, 95.50546916578634, 35.09162926287123, 60.43839983358943, 63.66538690479048, 110.75797962352104, 61.18488803901348, 5.090027724043849, 96.83893346626444, 86.97852390483956, 89.89477060990214, 52.240928054562055, 90.50491092518446, 82.0057500516608, 38.16383365780048, 60.97551483137496, 55.382302915176204, 113.11660276044931, 119.01189362613879, 27.91835410639928, 94.96421484078563, 64.8462628986977, 56.29593444810618, 81.75447856725874, 46.8927166140963, 92.16184367228757, 45.995141567974805, 114.24096291715233, 88.70615378408259, 82.88574986494838, 32.02273243268063, 46.9947778102511, 39.25891493184569, 60.518510905514894, 39.53428117601147, 88.52386175425617, 39.63729752928551, 79.681583594588, 49.21352251224437, 103.89221314022798, 55.71815175486729, 83.61470451995264, 42.568345530302146, 75.14403335906599, 81.11355376942873, 4.749550110608168, 80.88772543562965, 97.69822598481639, 33.109760457118234, 101.8273040658491, 75.93219816548121, 18.594793363535196, 103.71530995661095], [91.54147741160367, 0.0, 19.56430468268495, 48.80644060815075, 95.51992753325266, 51.325886756939624, 89.26651775196413, 36.19425160605718, 92.77352737827059, 91.06657774997912, 89.84579926249832, 10.746022726425142, 24.101844879477714, 71.16985928253796, 66.81291873009096, 102.98097648141685, 65.73348249639967, 33.94036700594297, 22.744153204786144, 14.596111907114784, 84.82531809440783, 51.7405178900247, 57.40471638839206, 37.28852659287632, 36.60187738926383, 54.13321382706461, 82.6957794484592, 86.50489202379399, 51.90156872357313, 5.0663493966223845, 95.75022256808903, 85.42647132049596, 99.21302600852539, 68.1431796122769, 71.80899901589513, 40.14201660289612, 58.00947177754426, 40.52065931756382, 47.13286229265684, 63.98371787872074, 22.875429181663907, 33.93972351022819, 35.53335602903924, 25.34503808494311, 66.08525411245583, 47.59617503647609, 58.53511641748668, 51.62767869125919, 97.63595767147916, 78.34150337476251, 82.82602529685649, 72.12998756760965, 52.387975981017135, 44.8256277125031, 73.27656700010677, 18.362809546025503, 86.56599235656512, 16.35929453788619, 71.30495904154309, 75.94646906412352, 74.79309861716915, 104.2509027264177, 49.375083108323544, 48.188384105215825, 50.27222145227638, 96.11936497272008, 82.82059423682865, 81.02109514039837, 91.15060045205271, 62.4562225697495, 79.71181675474757, 73.60528614232317, 66.98782046839172], [74.05200234875629, 19.56430468268495, 0.0, 61.47048711988847, 78.79208055062034, 63.86443449521306, 77.55470281205372, 49.017618609153494, 89.6034768800748, 78.07866325326185, 82.71935008056799, 14.130374204605811, 15.204605824757829, 59.71184139730199, 55.83168369443451, 101.7752554448706, 47.099335229518275, 42.93465249479304, 9.093217079556469, 7.05443627929572, 82.92887506341293, 58.98195544648976, 41.66622165783719, 28.931784112167016, 30.35900063496087, 65.94714435717373, 76.32865662821115, 68.96521123774086, 59.57418490618466, 14.499781046525756, 94.69952376766221, 76.82338381558728, 97.8058466120464, 68.7056438412505, 60.185521966420495, 20.915627076375277, 50.76296614114757, 56.20710308965096, 63.06638988902201, 47.409292286424396, 35.898643443363206, 14.740695310659937, 17.978440973250795, 30.20644474905327, 56.53486919035959, 54.3477616600992, 48.03005790231066, 65.07844715604222, 96.03442923358637, 77.89681593775275, 70.11633332273658, 62.749325419662306, 34.902110095432946, 38.477529511050996, 62.053811567127035, 16.387873402416545, 75.27074634962565, 5.960247360994916, 62.49713723069578, 81.57973794283895, 67.57769204069923, 100.55722507308076, 31.485330740634932, 48.35137762946549, 52.55634741010742, 78.73721843329673, 81.2971649916403, 84.13910673598672, 78.43753164326915, 69.85232151588552, 77.28281504568473, 56.90340563176031, 74.13891073917624], [109.80017395387192, 48.80644060815075, 61.47048711988847, 0.0, 110.26855933040079, 2.523015445507644, 89.19618227287916, 12.695368432279237, 69.71916636672239, 94.31007843884473, 77.36591478195659, 59.32009258638011, 72.03354076789482, 74.8429754688289, 70.65355009347198, 73.53036103998929, 92.70332641463234, 19.861337592866878, 56.90014858280674, 54.44584412455172, 60.38895065113431, 17.797923616981112, 76.56995450292668, 51.441826771873416, 47.665211308481354, 5.883858304067577, 69.97335394212898, 105.62743693669309, 16.565749471101142, 51.76757416416456, 67.0652162444825, 77.79394279973356, 70.79266589302131, 42.786573242092004, 75.72510930889938, 80.60820166500481, 56.45398746942467, 13.416194259900209, 13.500482811281532, 83.7735654259297, 26.22802219690306, 75.054669811539, 66.9793231108262, 33.025048743245904, 66.61353646348917, 18.944472519166126, 64.36342560547385, 4.446538150479632, 69.92644373041944, 52.04437268360619, 86.911549917028, 70.16656307827425, 77.9524457365344, 49.30156439244504, 75.71627456959139, 67.07375614967602, 85.89526850095308, 61.970354200591146, 68.15767875089601, 35.92160787621829, 66.49614744141101, 80.48750946204107, 76.9997068332851, 35.7798277247038, 30.956490775047758, 113.37783916280341, 57.96563080425622, 45.551121332923515, 93.57632418191801, 21.98038454284311, 57.92120842634594, 91.72745695357689, 25.670385891814533], [8.08184502911097, 95.51992753325266, 78.79208055062034, 110.26855933040079, 0.0, 111.44022157310367, 32.62230820101276, 103.34408630921521, 74.52649251311017, 25.660500782634863, 55.46598111630445, 92.91215863336573, 88.95155793442197, 36.96984834247374, 40.43472042144777, 88.76505707254046, 34.859849239187724, 92.95602888346212, 72.87812909776109, 81.23995360006725, 76.49510239430965, 95.18239638879308, 38.21337993043939, 62.54194648621772, 65.47765614118894, 110.79933631072237, 56.99292814595912, 11.784305540050052, 96.53943035833034, 91.13869197538995, 85.34876310084043, 47.54662081190979, 85.68035988106986, 79.80746677675802, 36.11589442437865, 67.14505723178578, 54.58544117093144, 114.50843800159645, 120.14913900138929, 31.563542609624992, 97.1528071803619, 70.60076895198516, 60.844378842417896, 83.77877272213668, 45.28744746444416, 92.13284443722284, 45.9156782537025, 114.68162770977612, 83.9415554793458, 79.70331127704486, 27.92060399129868, 44.33540328102816, 43.91488029588907, 61.363016891833595, 37.06001557332146, 93.80584467651937, 34.64583540021859, 84.56313991169155, 46.61133594676854, 101.70258075708433, 52.48906487022801, 78.04746030627531, 47.465530928426226, 74.95911265910695, 80.69142168267888, 5.946996577221674, 77.20346337445486, 94.79794430383647, 27.24443361057812, 100.7532044059485, 72.41190858026528, 21.953065860269465, 102.31262660001822], [111.13161373399475, 51.325886756939624, 63.86443449521306, 2.523015445507644, 111.44022157310367, 0.0, 89.78316496038185, 15.193739585854413, 69.12251888782073, 95.02736189810794, 77.36808898361535, 61.83199494349121, 74.52418827934537, 75.7601323092221, 71.63011000668035, 72.45067356726754, 94.48019430177646, 21.94796890377411, 59.17077053471763, 56.84899257808237, 59.80547448868617, 17.870585094627682, 78.16027873714401, 53.203847668322986, 49.398493430905454, 3.707388748571741, 70.04370875440607, 107.01682553536502, 16.562260692800855, 54.268252349876555, 66.09617262985145, 78.07529095089419, 69.80912320924226, 42.463079274335804, 76.6442685744936, 82.8898489308808, 57.384208178882744, 15.377965407550423, 14.488311085200895, 85.32717869908942, 28.72260907783252, 77.37321057831456, 69.08300083530406, 35.196095710440886, 67.47835257784259, 19.615525442885886, 65.52510248670723, 3.6748064909759686, 69.0015351308728, 51.44843300909767, 87.7293975149691, 70.85106167737642, 79.77302437272081, 50.70193986528349, 76.56171557170929, 69.58752271610365, 86.47886314189742, 64.42872326517575, 68.80551334894241, 34.36046766608246, 66.8773055281841, 79.74678183044878, 78.90028399696479, 36.696664405088356, 31.59802607267274, 114.64844696753987, 57.38535787710183, 44.288296565370196, 94.25762169624802, 20.754576398149723, 57.56335764876773, 93.15430819642509, 24.184925604061764], [38.086930662214776, 89.26651775196413, 77.55470281205372, 89.19618227287916, 32.62230820101276, 89.78316496038185, 0.0, 85.37755454828786, 42.07295059592057, 7.144365165956047, 22.89499540021029, 90.42568764276642, 91.25977808960275, 18.112433817829086, 22.46653981317107, 56.15604683797332, 49.57056833107917, 75.37816348541863, 69.26163773348294, 77.11805303095845, 44.96223568872716, 72.15934908057294, 38.8389840450838, 52.01989659723128, 53.26339573993851, 88.28605727152423, 25.433828637988277, 37.76923188628306, 73.52564860129284, 86.05120654774328, 52.968774397317546, 15.460558035354218, 53.13009147561773, 51.91672652458705, 17.517276842263197, 74.42293079060785, 34.12965481735531, 96.52493439457078, 101.02177896651739, 37.32194663536301, 83.15936260840786, 75.28860327883739, 61.128977843730354, 70.18009301980086, 24.149290610294074, 70.25461110385868, 30.757233693731603, 93.34482681241082, 51.4235424872351, 49.42640067805958, 8.697371432426065, 19.24638501088483, 48.52013593702429, 45.971866088054824, 16.00206903601614, 93.93556181819714, 3.3051546483762007, 83.44581739421577, 21.100689564662336, 73.10571143549684, 23.69270076754362, 45.55571407881261, 52.111148610079326, 53.83153567753546, 58.239933226368166, 38.35267433345392, 46.01271685486588, 64.75994949159873, 5.66931745439852, 75.1638969246046, 41.64628074145039, 33.25896070068993, 75.73563638309288], [102.09176106471169, 36.19425160605718, 49.017618609153494, 12.695368432279237, 103.34408630921521, 15.193739585854413, 85.37755454828786, 0.0, 72.14137785981596, 89.7797083480545, 76.66205150776065, 46.65118029676978, 59.3389442602467, 69.53976103610208, 65.1135906387234, 78.28099934749538, 82.9182782972843, 10.39384504788295, 44.965083989804974, 41.97028291314731, 62.944717041067804, 20.684361635399014, 67.81980432212292, 42.156324807080814, 38.621633036702804, 17.949818464641563, 69.05900702369556, 97.65800408809285, 20.096467549012495, 39.074566415894495, 71.37406824409827, 75.67534597947723, 75.10966349237152, 44.688120680810165, 70.3983760411595, 68.5584935645912, 51.46287101701116, 11.262187389770471, 16.948844103892842, 75.1425286347257, 13.532868593570058, 62.866221537853896, 55.76935396216313, 21.901608814401598, 61.72224516330101, 18.74092805724411, 57.98191566361369, 16.062338185837564, 73.96825413019099, 54.895267034527244, 81.95301940025404, 66.13157927842148, 68.044181816747, 42.02414087636216, 70.7657043622827, 54.41233839590112, 82.1333260340141, 49.32385224309225, 64.34892675711696, 43.840455939826924, 64.08212742840888, 83.45511659800944, 66.70674919187306, 31.81058747138291, 28.88799108241053, 105.9486405414635, 60.567269702157674, 51.78208165849292, 89.23455422210682, 29.39854816509375, 59.4298749916646, 83.6641154095752, 33.7957865883094], [79.23380588670425, 92.77352737827059, 89.6034768800748, 69.71916636672239, 74.52649251311017, 69.12251888782073, 42.07295059592057, 72.14137785981596, 0.0, 49.20445043275763, 19.236210987296587, 98.49616736598031, 104.80808247854391, 43.87323282099886, 43.992071883885764, 14.892271794662962, 82.33614125075816, 65.11335257052755, 80.55165063664242, 85.8434510085265, 9.331758237349465, 52.4652162996344, 65.59940985148374, 60.86624371643405, 59.26006894674382, 66.24845636167356, 18.542292328390978, 77.934488650801, 53.49850865381356, 91.67756469984496, 10.934332320321822, 27.02480246636135, 11.318184065219981, 27.464133727177654, 44.309948910969965, 96.03066052620508, 40.13088860678418, 81.29181812438951, 83.19835765608322, 68.48591126106739, 76.87904206434324, 94.19259424340896, 79.01216916776316, 67.83996434364042, 39.650657409664326, 53.43116113669838, 47.34472604811712, 72.71637943129895, 9.478153251001027, 17.67814580168532, 47.22055165514281, 35.548336521023515, 74.4405429867935, 51.18371507952996, 42.14884234295432, 104.56492335962973, 39.88071913667344, 94.42890510774885, 34.02436199134235, 40.206791004320024, 26.535507701146823, 11.573690021200024, 76.85878651828304, 44.84414361196126, 44.48500419498883, 80.09890684990962, 11.755144459485528, 29.20494704351536, 47.6802064235709, 49.168966530765914, 13.17895472494946, 69.25539881580191, 47.349303175839836], [31.530811979863106, 91.06657774997912, 78.07866325326185, 94.31007843884473, 25.660500782634863, 95.02736189810794, 7.144365165956047, 89.7797083480545, 49.20445043275763, 0.0, 30.004538874090514, 91.39589959658174, 91.17695167370509, 20.619247439112502, 25.175677775371827, 63.21471572185253, 45.9588033792898, 79.60826465004172, 70.18370410707789, 78.28551876856187, 52.04672093658303, 77.60093177737141, 37.68368027536788, 54.178471215910804, 55.87052743968657, 93.70807807718442, 32.481967512539164, 31.700054817659197, 78.97428059740865, 87.55379630979596, 60.10662588851163, 22.5698988521635, 60.23209126284756, 58.31503595787237, 19.83275207280406, 73.01604813657244, 38.31944379514007, 101.00340194384289, 105.7736707822513, 34.8626068513465, 86.64610253680596, 74.46101071614943, 60.98482828502543, 73.42885251123806, 28.058168340224263, 75.42353193242005, 33.249054848614186, 98.53734193876552, 58.53765674293959, 56.31046506831184, 8.275215210973995, 24.187825703739186, 46.981924526335135, 49.182070649393296, 19.078550777436806, 94.36281810627294, 9.823040102991559, 84.02663701555704, 26.29109199719189, 79.73408223717617, 30.01379631695, 52.39011360802783, 50.70917811366575, 58.64737794587371, 63.42995354613779, 31.47034850593685, 53.04861634868244, 71.6364891163565, 1.5888522092889936, 81.18442541962068, 48.59906789418559, 29.228059236249553, 81.96645192179966], [60.51237101555988, 89.84579926249832, 82.71935008056799, 77.36591478195659, 55.46598111630445, 77.36808898361535, 22.89499540021029, 76.66205150776065, 19.236210987296587, 30.004538874090514, 0.0, 93.63220759896954, 97.64351268500789, 28.244145542817133, 29.885058991147698, 33.31217129167549, 66.7456672997866, 67.84884105634652, 73.69778454960426, 80.32438841526061, 23.50070638644999, 59.576161235607145, 51.68151691571363, 54.07297999380266, 53.66330423481237, 75.13413603086885, 7.623594813171623, 59.58136175663976, 60.840872179032004, 87.74486196924136, 30.165813060765355, 8.624412283330399, 30.235267442275525, 35.53542460162384, 28.422102516953196, 85.20034015096915, 32.18575244644128, 87.08890291802011, 90.34371763217601, 53.09606165988789, 78.1002348341272, 84.46099119339085, 69.24224177502224, 66.75719571532888, 27.054990555584613, 59.02835522236306, 35.76207917984799, 81.04201075937165, 28.533117890069878, 29.74664896957166, 28.720775311870398, 21.299997858450457, 61.2291991507756, 45.238783623808715, 26.062109308778073, 98.6906060933086, 20.90035359466627, 88.15422892890787, 20.78225353688034, 54.33774084873602, 15.205071812386617, 23.601002474948405, 64.19659770204701, 45.54159710781021, 47.78727813273744, 61.12220768023932, 25.07788242134612, 44.60400031744254, 28.46813381308073, 59.635566875572486, 21.833163085953586, 52.22392876356069, 59.10175994945724], [88.1707537227825, 10.746022726425142, 14.130374204605811, 59.32009258638011, 92.91215863336573, 61.83199494349121, 90.42568764276642, 46.65118029676978, 98.49616736598031, 91.39589959658174, 93.63220759896954, 0.0, 13.451960627230953, 72.38878614196484, 68.28667137630933, 109.60956305165017, 61.018190422552856, 43.44386986519299, 21.21601445889888, 13.42737491977277, 91.06131106573305, 61.00840063663697, 55.586701471921955, 39.668838205017344, 40.02586092133945, 64.53253100456178, 86.82734545344246, 83.08274250115905, 61.29783146795059, 7.878832713642412, 102.40898407438007, 88.39692978545588, 105.7394078498086, 75.26031124565739, 72.93029781253388, 32.22935602981806, 61.448264614959115, 51.266421408612516, 57.86784848589043, 61.488836304673775, 33.18063398852254, 26.243151676142983, 32.074720617695505, 33.090082486747825, 68.38191678509278, 56.66171126073725, 60.20463777887717, 62.25782363898928, 104.07218702487644, 85.14139281622309, 83.31119478338049, 74.57598894226793, 49.03160062523851, 48.46455735990953, 74.6540752034146, 7.772708122649323, 87.97395399085106, 8.628040485298008, 74.06243384279792, 84.92801279899788, 78.4305829979685, 109.7918389133233, 45.6092280523638, 54.86106676817337, 57.8248361650429, 92.8606440880349, 89.20274318318954, 89.1991484950188, 91.66558142830395, 71.86979132551751, 85.67938669211689, 71.00871689845303, 76.36442340486815], [83.3194452624606, 24.101844879477714, 15.204605824757829, 72.03354076789482, 88.95155793442197, 74.52418827934537, 91.25977808960275, 59.3389442602467, 104.80808247854391, 91.17695167370509, 97.64351268500789, 13.451960627230953, 0.0, 73.73819504142351, 70.0797279268994, 116.9266694784779, 55.11571468435584, 55.04981771383504, 24.274437379490116, 20.03405027432238, 98.09688347059586, 72.0823388514316, 53.79456037782592, 44.09073509849798, 45.56021462710263, 77.04614290829903, 91.37741281266378, 78.26787037999132, 72.521848731354, 20.331753663420972, 109.83211255368585, 91.5030740375548, 112.96498433472033, 83.5890665482682, 74.14318380052674, 23.244445561518894, 65.83605287939609, 64.55861439285331, 71.2151166708667, 58.53641042165373, 45.80621952655983, 18.496835697526198, 30.202862600888945, 43.35871804542172, 71.17046574982558, 67.55870158658163, 62.54159166666681, 75.16964139226921, 111.20223730279692, 92.94175218642945, 83.45973427472009, 77.36048061983414, 45.5846822047866, 53.672709165043806, 76.13180508761901, 7.239172869291637, 89.16600139485011, 11.048277595649475, 77.23796212066486, 95.41502268939855, 82.55710118625954, 115.75149749887876, 41.83977766259696, 63.14236122978573, 66.99812720847417, 88.06839467382532, 96.4411539612388, 98.63905916682761, 91.67334092938947, 83.01119737433484, 92.46747435226398, 67.57874756780822, 87.42216491231049], [38.95056597831664, 71.16985928253796, 59.71184139730199, 74.8429754688289, 36.96984834247374, 75.7601323092221, 18.112433817829086, 69.53976103610208, 43.87323282099886, 20.619247439112502, 28.244145542817133, 72.38878614196484, 73.73819504142351, 0.0, 4.5567688512847075, 58.757459778956076, 38.717310873754016, 59.274270798338335, 51.272724610358516, 59.04860868257425, 42.89376701135521, 58.84556992702153, 23.651010327796033, 33.96289846181845, 35.39223731741779, 74.76448143056162, 25.42169776736387, 36.30460751116506, 60.21725821811831, 67.93940253006406, 53.652097263836815, 20.057538626241136, 55.04524058245509, 43.08111849479592, 0.8855960548902991, 58.39565188127356, 18.389020412603195, 80.79498636836186, 85.80519958567056, 24.94165118838745, 66.03193359183095, 58.543211939360475, 43.85735049426856, 52.81131706808729, 8.405724029576659, 56.18580393072738, 12.753626972263842, 79.1674445618509, 53.12587051843132, 44.303142305001806, 12.491547540355983, 8.555421638641192, 33.37614475120648, 28.563306985123543, 2.444907646161312, 76.09853417315425, 15.589173321287474, 65.55968556102695, 10.562119898149984, 64.98583412928953, 17.808616339824027, 51.30021546419151, 36.593082068872064, 39.073199747892716, 44.38919188695973, 41.310913606201446, 42.99004971335893, 58.850125198789456, 20.379353979861587, 63.85395098745444, 37.86313882253699, 25.639161973376265, 65.34426208770161], [41.75596167643794, 66.81291873009096, 55.83168369443451, 70.65355009347198, 40.43472042144777, 71.63011000668035, 22.46653981317107, 65.1135906387234, 43.992071883885764, 25.175677775371827, 29.885058991147698, 68.28667137630933, 70.0797279268994, 4.5567688512847075, 0.0, 58.77260824522208, 38.38652504055015, 54.82248921465792, 47.255971402804676, 54.905906681972326, 42.04354576105966, 54.91314150237632, 21.938412152207416, 29.5535891025874, 30.88208846730961, 70.73368029806393, 25.956832883587598, 38.70471467006954, 56.279762513762186, 63.66791241309441, 53.26845059569254, 22.262632428025015, 54.94816653285814, 40.41619625970986, 5.3575314384560935, 55.62903347265828, 14.28102659154078, 76.37349503105378, 81.45432704830421, 24.549339314817896, 61.47886625064327, 55.39908802925075, 40.47054387797432, 48.25455564724862, 5.251210701869215, 52.10515688152784, 8.291302881986695, 75.00189555941247, 53.00975888361372, 42.607905907158155, 17.027966275718477, 8.707365211279198, 31.360766950337823, 24.00790526056157, 6.465437717756013, 72.20044315869474, 19.773466101301363, 61.630479117107214, 9.969540610190537, 62.228386385515506, 17.46466584150377, 52.227195621882736, 34.316876900974734, 34.93691176623803, 40.422162236262835, 44.45002484205752, 41.88576463223256, 56.7059671408806, 24.92869378663908, 60.343785445670136, 36.70978692558307, 26.934986619495973, 62.03865713862502], [93.76645039186934, 102.98097648141685, 101.7752554448706, 73.53036103998929, 88.76505707254046, 72.45067356726754, 56.15604683797332, 78.28099934749538, 14.892271794662962, 63.21471572185253, 33.31217129167549, 109.60956305165017, 116.9266694784779, 58.757459778956076, 58.77260824522208, 0.0, 97.14966937953608, 72.76983176789035, 92.84388386216317, 97.4613470338444, 18.89154462927589, 57.69797210231671, 80.21829337161492, 73.53313291173103, 71.50428024177673, 69.15018929899125, 33.42884281933753, 92.63068529766397, 58.47132507589954, 102.42831697785198, 7.231081118290095, 41.54323364220822, 4.022874374540124, 35.01467246867042, 59.199862998803255, 109.65764481635279, 53.83012107658823, 86.15092021919659, 86.91910480023053, 83.30189352872793, 85.06602889735544, 107.45003039445922, 92.43289263167279, 77.66702212114825, 54.29881298733853, 59.75250712750265, 61.701135205855586, 75.81913358333632, 5.924555154960676, 24.652233444019128, 61.82133718027137, 50.39998178274389, 88.87174832426248, 63.82794804820192, 57.041085893183975, 116.09213366171524, 54.20521537229546, 106.26628984295168, 48.819711227263035, 39.52778822322766, 41.309778389482595, 13.123688658854912, 91.14783816783151, 54.861427867551384, 53.03495215239477, 94.43421273387533, 20.489794026651943, 28.465736381337454, 61.65549475417255, 51.70784240479139, 24.673655907941683, 84.14298160228012, 48.73561232256069], [28.427324072083344, 65.73348249639967, 47.099335229518275, 92.70332641463234, 34.859849239187724, 94.48019430177646, 49.57056833107917, 82.9182782972843, 82.33614125075816, 45.9588033792898, 66.7456672997866, 61.018190422552856, 55.11571468435584, 38.717310873754016, 38.38652504055015, 97.14966937953608, 0.0, 73.1937548510993, 43.3586926553869, 51.150209635438955, 80.20970201497137, 81.51402746956235, 18.29828385145314, 41.276373582184455, 45.09311304537467, 94.95051465604824, 64.0584885470217, 23.487799037850582, 82.70328532116964, 60.88598146337507, 91.62088046896572, 58.270261045180526, 93.33420057438138, 75.36412146062209, 38.422982802716206, 32.552042692373305, 46.92412960340849, 93.20872816339192, 99.67407264956653, 13.850230920506696, 73.39193289649006, 36.619748111699465, 30.31297245617658, 61.19498932510188, 43.07149793378379, 77.38579068439635, 37.07015065448966, 97.08598590058189, 91.39611280336077, 79.79169341723816, 40.93230489277836, 46.80549807232018, 14.881955329010394, 45.543117026248574, 40.744457760183096, 60.63266235620952, 49.16066165481826, 52.40582918451365, 48.32997192810827, 95.88064533278597, 55.84124599043481, 90.00756507745348, 16.797239563538113, 62.05767817119775, 68.34347418208671, 33.16197064280754, 79.84819153152122, 92.59491625554183, 47.112905402050615, 90.02902774205839, 74.68360619589863, 16.78711682814598, 92.95048946180245], [91.76707150841814, 33.94036700594297, 42.93465249479304, 19.861337592866878, 92.95602888346212, 21.94796890377411, 75.37816348541863, 10.39384504788295, 65.11335257052755, 79.60826465004172, 67.84884105634652, 43.44386986519299, 55.04981771383504, 59.274270798338335, 54.82248921465792, 72.76983176789035, 73.1937548510993, 0.0, 37.48177279717848, 36.093281437772625, 56.177197327778195, 17.83369861233487, 57.67024617461183, 32.11774551177071, 28.479289302927, 23.39309097433027, 60.2254401153665, 87.36905522941927, 17.961205181701292, 35.570477068082305, 65.65403249637663, 66.26853662245558, 69.32851853590935, 38.072244017871455, 60.12721450762612, 61.19100631326193, 41.33182111190186, 21.624958905212864, 27.247167084395144, 64.97151923822807, 12.475473825190114, 55.83962921653586, 47.13692071104496, 13.314708381438196, 51.55826539186208, 13.94071892321489, 47.61100964334772, 24.097845982907998, 68.00703250809309, 48.53913317898478, 71.7180188924165, 56.153599757799135, 58.36647546037257, 31.63036797363253, 60.5582858662877, 51.13106530288362, 72.15926082742405, 44.360727749044784, 54.44512077050924, 42.13129113291254, 54.657734542530946, 76.62000308418415, 57.26314325601253, 22.39275943395824, 20.71741045871016, 95.59422158954301, 53.88549048557286, 48.15141103919058, 79.10276951372046, 28.520950727243452, 52.073783019443866, 73.38028995369824, 33.04902561318925], [68.79820142773994, 22.744153204786144, 9.093217079556469, 56.90014858280674, 72.87812909776109, 59.17077053471763, 69.26163773348294, 44.965083989804974, 80.55165063664242, 70.18370410707789, 73.69778454960426, 21.21601445889888, 24.274437379490116, 51.272724610358516, 47.255971402804676, 92.84388386216317, 43.3586926553869, 37.48177279717848, 0.0, 8.387165210897884, 73.97618441046589, 52.25908975378391, 34.929647612542716, 19.838736515938567, 21.35366918338817, 60.861728159651676, 67.25805807430555, 63.760745397116736, 52.985148335618824, 18.260937298354538, 85.79781855426634, 67.93039834241952, 88.86356389365888, 60.13589325336815, 51.79181364300056, 23.724564984342784, 41.68923759395672, 53.49147653385128, 60.32222313347881, 41.31646987825245, 32.819078499042675, 18.43168152584973, 13.054341838419555, 24.212994180475224, 47.69772371403867, 47.58301210276529, 39.30228971192535, 60.81540507732672, 87.07844793899042, 69.12089563961743, 62.09536532081715, 53.915082294656116, 29.666914359803194, 29.398646484240093, 53.569275060794084, 25.091352691873464, 66.86143775106169, 14.500809012213793, 53.58557695546748, 74.0091812246833, 58.536920942460235, 91.47706307087053, 26.76285634930402, 39.963681694327235, 44.55035768705289, 73.38184599855711, 72.38408811395153, 75.93674781408258, 70.44957015180823, 62.96356662095116, 68.30022101846032, 50.935764588391905, 67.10591638643905], [77.06359419673221, 14.596111907114784, 7.05443627929572, 54.44584412455172, 81.23995360006725, 56.84899257808237, 77.11805303095845, 41.97028291314731, 85.8434510085265, 78.28551876856187, 80.32438841526061, 13.42737491977277, 20.03405027432238, 59.04860868257425, 54.905906681972326, 97.4613470338444, 51.150209635438955, 36.093281437772625, 8.387165210897884, 0.0, 78.73389039625962, 52.49671612369696, 43.316649407695486, 26.28718310073926, 26.868273816719118, 58.97725410966148, 73.6070170486968, 72.0120265953935, 53.02827513719398, 9.917214613661761, 90.31123890002152, 74.9880014351364, 93.53595037680094, 63.71206292108621, 59.60701696010234, 27.565331970901674, 48.142519068026736, 49.21439092026767, 56.07813301922638, 49.67641249628807, 28.850437870057146, 21.493054929007055, 20.940855938228765, 23.655362406038247, 54.95458000720387, 47.90247446491279, 46.79541718158117, 58.03216912581264, 91.81521780076751, 73.24543081813489, 70.14484874999717, 61.14938347237615, 37.84913195037883, 35.27739018941604, 61.29355257860562, 18.72172576802461, 74.62336203138638, 9.00120124833959, 60.647922754955104, 75.50157986588326, 65.11932851006267, 97.01639993147606, 34.788274643486055, 43.2313499380309, 46.967398715411235, 81.66899181249445, 76.98021570298467, 78.60753614793862, 78.50369785008925, 63.40781934998488, 73.21713870940303, 59.29156564674702, 67.7547760970949], [80.39219450580688, 84.82531809440783, 82.92887506341293, 60.38895065113431, 76.49510239430965, 59.80547448868617, 44.96223568872716, 62.944717041067804, 9.331758237349465, 52.04672093658303, 23.50070638644999, 91.06131106573305, 98.09688347059586, 42.89376701135521, 42.04354576105966, 18.89154462927589, 80.20970201497137, 56.177197327778195, 73.97618441046589, 78.73389039625962, 0.0, 43.15080132081411, 62.68383718938998, 54.64290621850534, 52.628762704926146, 56.95761895306718, 19.591419923022354, 78.52420193298882, 44.17497923154266, 84.0176307334252, 12.055460980419747, 29.506247180352357, 14.892952780472015, 18.264095345542035, 43.48364203881946, 90.93344092419075, 35.32405415328849, 71.98833534793086, 73.86685476664492, 66.46465484538268, 68.11607664540362, 88.61108268404082, 73.65085981983097, 59.65658050423966, 37.15526143652575, 44.21266102489905, 43.80816910613889, 63.40589401014979, 13.105662702599496, 8.357634150169304, 48.62056221397649, 34.338497374829466, 70.90994318177607, 44.940091991673, 41.58639741843097, 97.40809329135203, 42.29849088030563, 87.48968805448217, 32.41470906937512, 31.848375725900627, 25.104928190753384, 20.518508065220004, 72.97321155836886, 36.65280584975321, 35.69925090356912, 81.7865971207892, 2.4234625173553077, 21.381713787618427, 50.62607926548489, 39.96672039752878, 5.8567716964219985, 68.52250584681448, 38.339761284700224], [95.50546916578634, 51.7405178900247, 58.98195544648976, 17.797923616981112, 95.18239638879308, 17.870585094627682, 72.15934908057294, 20.684361635399014, 52.4652162996344, 77.60093177737141, 59.576161235607145, 61.00840063663697, 72.0823388514316, 58.84556992702153, 54.91314150237632, 57.69797210231671, 81.51402746956235, 17.83369861233487, 52.25908975378391, 52.49671612369696, 43.15080132081411, 0.0, 64.14853628049782, 41.04066921508157, 37.18751653346734, 16.127055683294756, 52.20756593503702, 91.67087716760784, 1.375290990297333, 53.13270641322911, 50.87711976735562, 60.213998509033246, 54.62094071462227, 25.192050724686258, 59.730808299219674, 75.38138305527472, 40.64603389014134, 28.85048726947046, 31.00713663979161, 71.00538079608617, 29.95502699309325, 70.5979929596332, 59.58564117527936, 28.84142889689017, 50.467980722494, 4.677075477078566, 49.52101720536681, 21.528666217925785, 53.557587474773285, 34.892530831453115, 70.52180915416365, 53.41975695988377, 67.34292964862611, 36.17028576461118, 59.45637201434906, 68.61302374594035, 68.85455733502086, 61.17085769484085, 51.31470205881629, 24.321903065655174, 49.06783248306732, 63.517857094889074, 67.14647440018518, 20.36697667266628, 14.496831504352443, 98.75438583325123, 40.734779369411136, 31.20365959002655, 76.76986157614893, 10.929007869163502, 40.31341349669895, 78.07615082537586, 15.369470356228149], [35.09162926287123, 57.40471638839206, 41.66622165783719, 76.56995450292668, 38.21337993043939, 78.16027873714401, 38.8389840450838, 67.81980432212292, 65.59940985148374, 37.68368027536788, 51.68151691571363, 55.586701471921955, 53.79456037782592, 23.651010327796033, 21.938412152207416, 80.21829337161492, 18.29828385145314, 57.67024617461183, 34.929647612542716, 43.316649407695486, 62.68383718938998, 64.14853628049782, 0.0, 25.70719527670124, 29.203879023359516, 78.29044825734775, 47.85201183274224, 30.312018864985557, 65.38928624906532, 53.15038072338792, 74.35109116783256, 43.68330098970446, 76.31396719092895, 57.07656266381652, 23.663396161464608, 35.586868327451235, 28.686629720616867, 78.62826617850884, 84.76341282881555, 7.341599493539154, 59.96921548160741, 36.77736045826295, 23.867136160883344, 46.89401936033677, 25.94875258669738, 60.22509722147893, 19.016611650038964, 81.00584693601652, 74.37022188167062, 61.76794824955795, 30.444097607507143, 30.645556020257658, 9.803320701520821, 27.978328019033906, 26.01798450762526, 57.5466544040416, 37.37650732435017, 47.598408906111985, 31.776489831300076, 77.62402557743883, 39.13153591968714, 74.15135626466619, 13.281799830226072, 44.26590144726454, 50.55067005312333, 39.40256033961417, 62.15500726470019, 74.33009389891228, 38.33970212872871, 72.20158446133539, 57.02934561090999, 16.555383388691528, 74.96152945113568], [60.43839983358943, 37.28852659287632, 28.931784112167016, 51.441826771873416, 62.54194648621772, 53.203847668322986, 52.01989659723128, 42.156324807080814, 60.86624371643405, 54.178471215910804, 54.07297999380266, 39.668838205017344, 44.09073509849798, 33.96289846181845, 29.5535891025874, 73.53313291173103, 41.276373582184455, 32.11774551177071, 19.838736515938567, 26.28718310073926, 54.64290621850534, 41.04066921508157, 25.70719527670124, 0.0, 3.874204863879092, 53.72674864846812, 47.48390469671825, 55.82568289512092, 42.126811855340414, 34.35753823660502, 66.59796760116141, 48.74091500618924, 69.52648988039196, 42.28162887149477, 34.634369438297846, 37.47403860413292, 21.930028992087895, 52.92120329674976, 59.08633989464743, 33.046304733850114, 34.62301190177311, 34.300860904391186, 20.183196348207087, 21.32071792310363, 28.912038406944177, 36.65665264264799, 21.264640752492806, 55.83757622581985, 67.70117675096243, 50.42311757398937, 45.90371545658356, 35.04676827867046, 26.626739643526847, 9.715080323020764, 36.01883235453543, 44.641499510328224, 49.28435900560749, 34.15264243848816, 34.425993421239085, 59.11143165116556, 38.872994022882764, 71.68946829156631, 26.132532036383708, 23.66325684260981, 29.4842050520852, 64.5261556423589, 53.19311321591651, 59.04190509076789, 54.14868635537122, 50.54663522563185, 48.879687423089635, 41.86372774881065, 54.06522923305308], [63.66538690479048, 36.60187738926383, 30.35900063496087, 47.665211308481354, 65.47765614118894, 49.398493430905454, 53.26339573993851, 38.621633036702804, 59.26006894674382, 55.87052743968657, 53.66330423481237, 40.02586092133945, 45.56021462710263, 35.39223731741779, 30.88208846730961, 71.50428024177673, 45.09311304537467, 28.479289302927, 21.35366918338817, 26.868273816719118, 52.628762704926146, 37.18751653346734, 29.203879023359516, 3.874204863879092, 0.0, 49.87925281489984, 46.801673881773596, 59.13055946622409, 38.26590211139777, 34.134363701240844, 64.47975793898053, 48.85792150340224, 67.51898038950375, 39.43231322308846, 36.11929378722716, 40.589214302243924, 21.537694529404725, 49.503143242640355, 55.568872129239956, 36.521503452624465, 31.75232798281329, 37.06348813544201, 23.495791898209472, 18.32802254358777, 29.59103491518078, 32.789543195043606, 22.64770435585486, 52.07181815936314, 65.72871612003088, 47.97291174874091, 47.6092904428166, 35.561973376531704, 30.483602696528294, 8.439554183394954, 37.303009531170126, 45.51683457730833, 50.401408024650344, 35.217278439199134, 34.703092264050774, 55.61558986614693, 38.484319642661355, 70.29123528727064, 30.00384604332333, 20.228977832373182, 25.881339794968913, 67.6673942954631, 51.06158168469558, 55.94124284186494, 55.7394571411638, 46.771385242706614, 46.94655195387678, 45.141027798162064, 50.345005582521935], [110.75797962352104, 54.13321382706461, 65.94714435717373, 5.883858304067577, 110.79933631072237, 3.707388748571741, 88.28605727152423, 17.949818464641563, 66.24845636167356, 93.70807807718442, 75.13413603086885, 64.53253100456178, 77.04614290829903, 74.76448143056162, 70.73368029806393, 69.15018929899125, 94.95051465604824, 23.39309097433027, 60.861728159651676, 58.97725410966148, 56.95761895306718, 16.127055683294756, 78.29044825734775, 53.72674864846812, 49.87925281489984, 0.0, 67.90327793305478, 106.74716499120969, 14.760559832163079, 56.87972200089741, 62.88851725509099, 76.18583336105605, 66.58640009466913, 39.936349475240064, 75.6500310216751, 84.5788503635834, 56.45399231978308, 19.080590309242073, 17.9567915989023, 85.37778141062924, 31.35256624044264, 79.1816305162465, 70.31295163110649, 36.705349289883785, 66.42097650105553, 18.666966172121846, 64.93628375079938, 6.675352182654607, 65.82801699563944, 48.60428321759326, 86.56577718690497, 69.5219028686587, 80.35222993973738, 50.563603594247844, 75.45662857417605, 72.3020464074733, 84.98133131738969, 66.7808263037336, 67.42843511542463, 30.780993121312715, 65.13848896362425, 76.72590215521599, 79.64936352460329, 35.853227285584296, 30.392522615241585, 114.16860118075374, 54.54489500572819, 40.880462825950175, 92.88776148210573, 17.458230936083087, 54.95430977349094, 92.96543278487908, 20.671750068952047], [61.18488803901348, 82.6957794484592, 76.32865662821115, 69.97335394212898, 56.99292814595912, 70.04370875440607, 25.433828637988277, 69.05900702369556, 18.542292328390978, 32.481967512539164, 7.623594813171623, 86.82734545344246, 91.37741281266378, 25.42169776736387, 25.956832883587598, 33.42884281933753, 64.0584885470217, 60.2254401153665, 67.25805807430555, 73.6070170486968, 19.591419923022354, 52.20756593503702, 47.85201183274224, 47.48390469671825, 46.801673881773596, 67.90327793305478, 0.0, 59.629830258425116, 53.49054078610102, 80.74964519309579, 28.809285694370736, 10.059075978760516, 29.821654570670276, 28.69085108458302, 25.820831789527443, 80.07045002910488, 25.569279619303202, 79.52717822367154, 82.86978584308302, 50.224325116660545, 70.52264542669592, 78.92435158912673, 63.64661486432618, 59.31216482908976, 22.16264714572003, 51.5221942829720