instance_id,num_cities,city_coordinates,distance_matrix,best_route,total_distance
409,69,"[[65.75818850917243, 89.68002509790762], [46.572528575370406, 52.62592539145279], [28.078691683185674, 15.860300283263884], [70.0906771759426, 59.573220756444265], [3.695963957305093, 94.6464833202063], [65.19828808499277, 19.577767634685472], [88.27859115806066, 29.920305385432698], [66.9741891843951, 97.36584449978156], [62.077049438332345, 64.66495677578199], [27.31522881199213, 13.083500884858157], [18.039031661700232, 80.81330646144423], [61.207350005790886, 56.87466752762217], [41.43091138216914, 41.653232921233894], [60.939723966125015, 68.04857941076611], [37.32543804229237, 44.131863072737445], [20.8071466112572, 4.476423047647371], [75.46797010709948, 29.7374766343245], [7.6575383508381005, 8.927114558494765], [37.334516590293745, 13.80308461916192], [64.48222056721454, 12.102701303224961], [36.05313933546198, 13.544971524411341], [65.30033242975813, 92.63259671186339], [39.185394011015454, 91.45567712657238], [84.93103675924714, 10.134711302287124], [75.83638318638754, 72.16731368176359], [57.040812787162785, 3.612228048312749], [9.927294940654862, 23.078865561001106], [83.8043481270882, 34.13879893090477], [90.25094319125002, 66.87916120740324], [93.47289664872224, 53.09197022607427], [70.93160995763468, 90.85911387736301], [30.38981778416482, 12.669223799118456], [6.808792806796604, 45.696028744690366], [9.479153245196892, 27.91060593589535], [27.62183931013985, 79.79971291269709], [7.988045206988403, 49.66524918941758], [47.23572213751225, 50.73847313981802], [2.11547454154436, 92.70389450250354], [69.85038094458848, 65.46659980603708], [39.474333857010066, 36.46408697150102], [76.99439551895797, 82.93886292179157], [90.85021806378968, 86.4962655033524], [90.35548340294021, 89.48422267249715], [74.2656232147375, 88.77208172438522], [55.08602571546152, 78.78579930170214], [4.835838305944906, 37.77803941802612], [66.54080833278236, 68.08711607988613], [6.603888418715497, 87.73835386808531], [37.84419643105692, 22.72489688849565], [49.27406310575271, 73.37586855244757], [10.107727176540514, 3.526855937913409], [97.53232588066085, 53.8146775454322], [77.35064127347584, 91.00055607263349], [8.619785109632684, 11.454326201384724], [94.87818901647206, 89.23793234819958], [30.256400953085148, 47.44708133814354], [60.951460638348856, 47.40138416426652], [31.337526015711447, 96.16818070014257], [48.917258875276445, 50.425834716301424], [80.73461600745404, 43.29462085808097], [68.23667966063273, 51.20111854044811], [80.37002850921013, 18.744848766007106], [12.425935899582964, 0.17568910270385762], [52.692992297063704, 69.03036387960366], [80.19229909300228, 34.67920886770326], [6.992056299319016, 95.65936716781685], [19.893276799600823, 93.23709415024256], [86.4724421626479, 52.47806927770956], [71.01831808239399, 40.72723264262253]]","[[0.0, 41.726440683952326, 82.88001117742006, 30.4169381381961, 62.26062498562187, 70.10449336472578, 63.8622943181782, 7.7814187344188035, 25.284470095682817, 85.7023259415945, 48.5359313252755, 33.11950507477648, 53.83668989820442, 22.161611923963427, 53.69409988986706, 96.33405405175908, 60.723874835096396, 99.4822502228793, 81.02601570956806, 77.5878164490659, 81.72475958393335, 2.9878606602373554, 26.6320548882016, 81.82331609550009, 20.205570249240388, 86.50814024384604, 86.9068646789171, 58.39941507489143, 33.463030736467076, 45.89979092070809, 5.306085170184028, 84.74423381223741, 73.55014064483571, 83.56309564548319, 39.39545277196053, 70.2749724166545, 43.1222243094425, 63.71451033588324, 24.55679138840154, 59.35298717039887, 13.103267357855882, 25.293206050750232, 24.59807420674983, 8.55574698310886, 15.25054800307767, 80.03342346669497, 21.607087116241765, 59.18615806382902, 72.540886038674, 23.185165752578413, 102.56384549560013, 47.91574856727245, 11.667423157999215, 96.8713430839998, 29.12335618613479, 55.17244292482388, 42.551006004792704, 35.026820717952184, 42.71426428547284, 48.74319549540647, 38.55864583002841, 72.42447866173784, 104.1890365170702, 24.435790564080932, 56.86328634835433, 59.06954229122617, 46.00263977610282, 42.580110630064006, 49.23458999826541], [41.726440683952326, 0.0, 41.154989886897354, 24.52281033011975, 60.03438249945493, 37.93546689348199, 47.48621732681027, 49.172025760849344, 19.629784610710466, 43.98234793682966, 40.10846416540201, 15.239088163008827, 12.117599077681241, 21.07782152869603, 12.556184850549203, 54.609792928675105, 36.86227920003402, 58.5146351982997, 39.90681434375676, 44.304500423178844, 40.47194713796858, 44.173118379256216, 39.52618596428083, 57.244025232890884, 35.18862093074187, 50.119133088909216, 47.073367127996896, 41.56900566407585, 45.945169872161514, 46.902683539470935, 45.33366902851469, 43.10937404661143, 40.3630790427064, 44.57314784907368, 33.129191838574286, 38.69790640820566, 2.0005753430119917, 59.85543635654883, 26.584607018808292, 17.651894781365193, 42.946061170398, 55.74687189187059, 57.23181992467879, 45.53517440781065, 27.510336903689208, 44.299108710287136, 25.254318719267918, 53.201267179446035, 31.148921129890056, 20.925067025062596, 61.15881262957604, 50.97366058151874, 49.19252485057353, 55.99563658396706, 60.61250600372739, 17.11830734375325, 15.298677011634657, 46.13061131569729, 3.2153007881356075, 35.41357736817691, 21.71095384380296, 47.85601691613311, 62.58607735041186, 17.50901705636525, 38.11001972765238, 58.46786208435356, 48.5906318467851, 39.90018753969186, 27.187782435365524], [82.88001117742006, 41.154989886897354, 0.0, 60.62859343031315, 82.47290493783409, 37.305281134739296, 61.81999385520891, 90.31064978117092, 59.479263826981175, 2.8798420884967797, 65.72433175719436, 52.722730607499926, 29.04405524297151, 61.672229739084884, 29.745311912783823, 13.508072721475672, 49.379345206449, 21.566004908591502, 9.481689248212504, 36.596946119930735, 8.303767977277827, 85.3196111031201, 76.40693578910779, 57.139929207399724, 73.83276275186934, 31.445504166955526, 19.53409553508203, 58.646843895606736, 80.42582313895632, 75.25024445013437, 86.3782070036131, 3.9400854029187, 36.64122392928205, 22.16196508498432, 63.94104473253217, 39.32440268305674, 39.792948591926006, 81.11119908419047, 64.85105223582947, 23.5452051689558, 83.01975456118785, 94.49711163164946, 96.43070431600887, 86.30967800437041, 68.47637927234763, 31.947105062828477, 64.86119568294663, 75.01747637977539, 11.936824097441301, 61.296691289723796, 21.79608714239686, 79.14759665710444, 89.85423226826875, 19.951482467437216, 99.22927859980044, 31.66176171777418, 45.5572048217182, 80.37397376177525, 40.36114534129062, 59.374138409284804, 53.49427477295218, 52.37083660781101, 22.158876133650296, 58.59112097877264, 55.40739479143535, 82.53809585553508, 77.80854224279825, 68.9252573530798, 49.62031680943307], [30.4169381381961, 24.52281033011975, 60.62859343031315, 0.0, 75.08922486117238, 40.29356947990647, 34.78642846026737, 37.92090329629453, 9.494419687775428, 63.17462335839875, 56.21845819209285, 9.284163459393735, 33.80100796378763, 12.472836444356151, 36.22149117031844, 73.9224154278279, 30.316446140470912, 80.39231864157638, 56.28384686869026, 47.80067993962489, 57.24642966690839, 33.40463652472574, 44.40301286734327, 51.61785049389953, 13.842843427924816, 57.46243699535455, 70.36668617407321, 28.895926781395584, 21.44325282416168, 24.263857811787815, 31.29719278652441, 61.45033089429657, 64.78559521561141, 68.38331675549091, 47.03948527161834, 62.888033822376585, 24.50309644224901, 75.61924170510653, 5.898275926148464, 38.3587348919793, 24.36420654892629, 33.99718924143895, 36.129356582146336, 29.495824386716077, 24.377504790446057, 68.7984296733864, 9.224314737809259, 69.45392047898547, 48.96564604197023, 24.97687945936687, 82.09232180906217, 28.03934563334633, 32.2549916101937, 78.06470767657343, 38.65767526722747, 41.639078032432145, 15.221001443653575, 53.30101141750134, 23.064871859656726, 19.449582219162203, 8.574928705351605, 42.102506139448074, 82.78459490162761, 19.801944227693713, 26.865490750626513, 72.68869182586035, 60.44034560139806, 17.852265923009178, 18.868804563024973], [62.26062498562187, 60.03438249945493, 82.47290493783409, 75.08922486117238, 0.0, 97.04559726118808, 106.50680229086764, 63.33663010545565, 65.62958994140548, 84.91401401432371, 19.926875650203005, 68.80602875829176, 65.05544439172976, 63.121284463508694, 60.684993087078965, 91.77925877546528, 96.7698300903436, 85.81086325507852, 87.56259096656729, 102.51070647650758, 87.31805090596256, 61.637277309766276, 35.63258185569119, 117.22361819507863, 75.56158517515135, 105.51259891400954, 71.83838387346808, 100.3918975039763, 90.89988232943318, 98.92762608073457, 67.34223236853838, 86.21387887525732, 49.049329318512356, 66.98598815120496, 28.158020223955322, 45.18554398679643, 61.83545827752874, 2.5043158962070846, 72.30402816460402, 68.30287693470859, 74.22754505432391, 87.53450782017255, 86.81313982078575, 70.81373738067424, 53.78196486780642, 56.8798666083712, 68.22664034513313, 7.4952169548673115, 79.61668403001613, 50.29713883099234, 91.3449352830656, 102.33522942681999, 73.74485931943887, 83.33774067505551, 91.34249060736943, 54.15939771518099, 74.23133633747675, 27.68341590094753, 63.24896265558966, 92.58492149390717, 77.80105207735957, 107.88869404580308, 94.87330167227582, 55.28918846684521, 97.19960542334893, 3.4482109007183976, 16.258515342540022, 92.8984417896179, 86.25302869219139], [70.10449336472578, 37.93546689348199, 37.305281134739296, 40.29356947990647, 97.04559726118808, 0.0, 25.291668135382032, 77.8083461274236, 45.195096585076776, 38.43568238628777, 77.29027546723674, 37.50981642684706, 32.4378538585944, 48.65752729626471, 37.14565078557419, 46.88948762438838, 14.445970226763173, 58.51815351596452, 28.455873310066902, 7.509285541897549, 29.762969014203115, 73.05490034586303, 76.44020232199709, 21.87584702675844, 53.65472412401418, 17.928827555608336, 55.38176929144734, 23.626449219032857, 53.52623059579503, 43.84809305738136, 71.51154663314026, 35.48742851506111, 63.96480846725711, 56.33878043984858, 70.98360511834385, 64.63952688925403, 35.96725375942935, 96.57573088124005, 46.12403804985829, 30.77124634895798, 64.44979865426569, 71.66663706799616, 74.29533587123046, 69.78588445165056, 60.065371588900426, 63.04661161645042, 48.527922345734275, 89.88419876670298, 27.534537453026346, 56.10540618823794, 57.38119611428, 47.09199507780786, 72.44925393866741, 57.158702746415585, 75.71944972869481, 44.69490040978643, 28.145855470153037, 83.74152244525904, 34.88087090081774, 28.352541546294134, 31.768980875626436, 15.194586580148592, 56.22598871111213, 51.009231498881576, 21.28083394565636, 95.79339855233947, 86.47682019070164, 39.179324648617715, 21.93564722757467], [63.8622943181782, 47.48621732681027, 61.81999385520891, 34.78642846026737, 106.50680229086764, 25.291668135382032, 0.0, 70.73032086651868, 43.51679662759616, 63.24562857880862, 86.73922570997316, 38.201959845231, 48.294582397457766, 46.9167234521893, 52.89794121077416, 72.10954844992055, 12.81192561887407, 83.30947255169247, 53.43279460027246, 29.727668400451325, 54.73252576973302, 66.78945918029225, 78.71940028632649, 20.06678483654073, 44.04109727516581, 40.84009954352731, 78.64941778436118, 6.149352688974275, 37.01144682678633, 23.746723163782868, 63.359735930511036, 60.4045519694662, 82.98313979901855, 78.82506141615585, 78.53150221415076, 82.68273444283133, 46.02079101979476, 106.61079554853984, 40.03920552044222, 49.241005352788214, 54.20609296433142, 56.63437585253951, 59.60011513392484, 60.497064795167496, 59.07269162940007, 83.81191435390465, 43.92307640347166, 100.06839559972352, 50.94508882038598, 58.39297199788428, 82.50635217579358, 25.623673180026618, 62.05011774921373, 81.7711304085174, 59.683628914357385, 60.611570112305124, 32.4401013825968, 87.35597222433394, 44.382329954778946, 15.355255629096156, 29.232708136767123, 13.69073386723506, 81.4761775463739, 52.87656873997462, 9.382711852923606, 104.54245545886867, 93.19638919718362, 22.629955501797618, 20.36434883291819], [7.7814187344188035, 49.172025760849344, 90.31064978117092, 37.92090329629453, 63.33663010545565, 77.8083461274236, 70.73032086651868, 0.0, 33.06554151424249, 93.14690860701631, 51.658843940622255, 40.89977807644701, 61.28910286326447, 29.93186934974352, 60.933613243112504, 103.7296507159941, 68.15966882628231, 106.48884457884768, 88.66366240096119, 85.29955155418772, 89.3423195921919, 5.020501076274768, 28.410336421228706, 89.0601985948015, 26.711503849756422, 94.27837803217774, 93.6637783922221, 65.42869050657467, 38.35681341385668, 51.598037176660384, 7.615689237960497, 92.2601419295569, 79.30728075932633, 90.16490071871671, 43.094969770967055, 75.85981791624911, 50.633179253339684, 65.02604588086116, 32.02864797447419, 66.82264670798803, 17.56537310844482, 26.23380457747785, 24.67397175086526, 11.270216007629273, 22.057799306067707, 86.09228283856035, 29.281935674550905, 61.133148049172256, 80.12382628232542, 29.81297383947968, 109.72488448663407, 53.20247984289149, 12.173235178775332, 103.85579161152458, 29.063657074986025, 61.9683700623716, 50.326141872376986, 35.65678281021971, 50.293312186229876, 55.794682295569714, 46.181985720656776, 79.75405620648044, 111.45150623716187, 31.73093201453751, 64.06506627191584, 60.006402411138055, 47.261600591108774, 48.93969997447068, 56.78280841636441], [25.284470095682817, 19.629784610710466, 59.479263826981175, 9.494419687775428, 65.62958994140548, 45.195096585076776, 43.51679662759616, 33.06554151424249, 0.0, 62.20153346248927, 46.90539635548765, 7.838685072954351, 30.916054913137415, 3.569651434763416, 32.15976062906227, 72.97852061873427, 37.406491754628924, 77.89858947401497, 56.56079004940289, 52.61725523553618, 57.362851996240835, 28.152769612191083, 35.238765374474475, 59.12573388858815, 15.671777957050702, 61.26009602242336, 66.70082365827358, 37.46894475536736, 28.260767690664466, 33.46092108322577, 27.650264162432432, 60.8903678563808, 58.43287107218015, 64.16713325063952, 37.632729748209705, 56.130309160156784, 20.352197486090787, 66.19344750763541, 7.814557841241617, 36.14099900899469, 23.58946501984145, 36.11788024659663, 37.62533437914587, 27.013233867688623, 15.756668630633119, 63.24130435803289, 5.624617122120241, 60.08038986963591, 48.437586523498275, 15.48536221769036, 80.24137231136665, 37.078365484180864, 30.44415211285884, 75.42579343721513, 40.98470307452813, 36.180228089492445, 17.30022801756426, 44.015581535159384, 19.388983590902363, 28.368927500287874, 14.805944228677712, 49.42964093453405, 81.38856627713565, 10.349749156993694, 35.03294660256067, 63.206091040935476, 50.949364158753156, 27.270046077413625, 25.553100039731472], [85.7023259415945, 43.98234793682966, 2.8798420884967797, 63.17462335839875, 84.91401401432371, 38.43568238628777, 63.24562857880862, 93.14690860701631, 62.20153346248927, 0.0, 68.3620830359435, 55.374562345444055, 31.86662961551336, 64.4342031201561, 32.62215632640063, 10.790594183237916, 50.951363107353174, 20.092295577174024, 10.045094739976255, 37.17993066093726, 8.750087740550645, 88.15286009963874, 79.2660004712892, 57.69121844282068, 76.45390347420907, 31.19800236888903, 20.056110274005874, 60.2855387037639, 82.79418587054396, 77.31438826390689, 89.17081742701394, 3.10237374466309, 38.52390025741827, 23.19415089670072, 66.71691657549182, 41.373473810155964, 42.59956560639895, 83.5130809820817, 67.47761272843856, 26.353285207933723, 85.71925810463797, 97.0882529874571, 99.05121901604123, 89.0679561013666, 71.33028233443189, 33.39376035862813, 67.55770698643161, 77.47455514446942, 14.276402768984624, 64.16665802817393, 19.683180006696954, 81.17554725966272, 92.59919000361519, 18.76629492940368, 101.80496561119652, 34.48921795478927, 48.05323302604632, 83.18198660048567, 43.14044041075603, 61.37053607697379, 55.92421582190895, 53.35599901363775, 19.70539642927894, 61.43356052238105, 57.117065442678395, 85.04002018673883, 80.49648368113303, 71.07396084554492, 51.712048086224016], [48.5359313252755, 40.10846416540201, 65.72433175719436, 56.21845819209285, 19.926875650203005, 77.29027546723674, 86.73922570997316, 51.658843940622255, 46.90539635548765, 68.3620830359435, 0.0, 49.361545181048115, 45.614596310080024, 44.759442097475315, 41.44265628740809, 76.38705538051309, 76.8558609573424, 72.63194882192789, 69.73295899344491, 82.93441418929777, 69.63861687657733, 48.71679558748177, 23.673375213148564, 97.31394637790754, 58.44045717150545, 86.49361501931206, 58.301508888864234, 80.6448169630945, 73.54400431518695, 80.36628938525593, 53.83811925977062, 69.25429892600712, 36.869248147661004, 53.5907383920135, 9.636263503508747, 32.72955545885481, 41.915895959217785, 19.87324219449483, 54.036444365636804, 49.257745071931716, 58.993668455248454, 73.0326289322233, 72.83442853748625, 56.78707336496646, 37.10243325851054, 45.01509218348631, 50.14357647674514, 13.368574440523037, 61.37188182104237, 32.10829599902691, 77.69234856382249, 83.9530213222059, 60.18012204524305, 69.99564520971258, 77.29961464537307, 35.532648246096954, 54.38596429473834, 20.31310205187554, 43.32278101547835, 73.06427352584535, 58.28109074213626, 87.96389377860984, 80.8327419881902, 36.60238685665558, 77.40402840405508, 18.505166390885517, 12.561398232990022, 74.06765379738792, 66.43566891251963], [33.11950507477648, 15.239088163008827, 52.722730607499926, 9.284163459393735, 68.80602875829176, 37.50981642684706, 38.201959845231, 40.89977807644701, 7.838685072954351, 55.374562345444055, 49.361545181048115, 0.0, 24.955953119655288, 11.17711637540616, 27.068889604262004, 66.16458613868072, 30.656033912643114, 71.87871843604472, 49.245034567197145, 44.89157757077204, 50.10186493712537, 35.99141570802841, 40.997716652498006, 52.41599775948515, 21.1630252609303, 53.425157853592836, 61.414984149232275, 32.055327871371325, 30.718401633405787, 32.48652488405488, 35.34832139309371, 53.887304139888734, 55.53525898356394, 59.28510102877511, 40.66379513271523, 53.70540118128792, 15.259726958716511, 69.10559493629721, 12.18701292712371, 29.81469083457145, 30.472497232426655, 41.9063085148252, 43.73781850166574, 34.466846847940026, 22.750127619168936, 59.51830421376341, 12.416311056949276, 62.722445359007715, 41.37685077022601, 20.364011675019277, 73.87259610100833, 36.45363371463794, 37.7515843633065, 69.4871167044623, 46.702315890435585, 32.354916606649354, 9.476738734965785, 49.35774065572045, 13.879257351339689, 23.785116881079787, 9.033306897604158, 42.674246639150155, 74.7957252563988, 14.840998652170882, 29.20730519866867, 66.65996548048255, 55.03706673480958, 25.6447842234169, 18.894304643606986], [53.83668989820442, 12.117599077681241, 29.04405524297151, 33.80100796378763, 65.05544439172976, 32.4378538585944, 48.294582397457766, 61.28910286326447, 30.916054913137415, 31.86662961551336, 45.614596310080024, 24.955953119655288, 0.0, 32.822371711050614, 4.79567709217181, 42.514172527554955, 36.06253754983663, 47.028071925238976, 28.149799479539926, 37.47795050495029, 28.61808503269305, 56.29071676257489, 49.85304200437528, 53.718508103497435, 45.98745062221862, 41.11918133444819, 36.57164163292277, 43.03457749032365, 54.95218797953933, 53.2842654224798, 57.37168236254907, 31.015778768729362, 34.85735636443638, 34.7818148534795, 40.56900796457317, 34.38920910245957, 10.781345822054199, 64.43503411851722, 37.077522740867146, 5.545757955373343, 54.490959328044305, 66.73204210911732, 68.42088371251182, 57.43086464316935, 39.56374139859838, 36.79968067988493, 36.458978369061484, 57.76469424469285, 19.265161019539622, 32.677831022727005, 49.34331252210387, 57.40443749466601, 61.03593447857656, 44.5930933480341, 71.56056949237426, 12.587230148362005, 20.349277283867252, 55.441464261804654, 11.532733459261774, 39.33796323694032, 28.455427123771702, 45.17796926862541, 50.612994813224645, 29.60307021316134, 39.38378078306792, 64.05230109588173, 55.89959250930069, 46.32403886961166, 29.601893719160916], [22.161611923963427, 21.07782152869603, 61.672229739084884, 12.472836444356151, 63.121284463508694, 48.65752729626471, 46.9167234521893, 29.93186934974352, 3.569651434763416, 64.4342031201561, 44.759442097475315, 11.17711637540616, 32.822371711050614, 0.0, 33.610174353702, 75.18006936549918, 40.9732904692778, 79.5885601718001, 59.15893440928391, 56.05792146871468, 59.916486606014104, 24.96775546247117, 31.95532968493801, 62.68651536673357, 15.455563008823765, 64.55420114358927, 68.0039931092901, 40.89821817896822, 29.33453785894187, 35.80652849829621, 24.902977097510497, 63.24689554189913, 58.5644450964528, 65.26290871232352, 35.32945763141201, 56.0520036523044, 22.07803082772869, 63.78226150457613, 9.2771992792586, 38.18825912741354, 21.896872418408538, 35.14192338698943, 36.397440916756466, 24.638245451467263, 12.229213964770315, 63.74913001463341, 5.601216935388255, 57.793340817219, 50.86884694489008, 12.824494255458946, 82.13978754247907, 39.26350057225728, 28.215446825375842, 77.07324761728073, 40.010099823428945, 36.95792247893289, 20.647198582290777, 40.82893704431909, 21.333091604991427, 31.69536582776613, 18.359806648886714, 52.99428827834167, 83.42851353905095, 8.304967427073352, 38.52501186834708, 60.60285840827187, 48.15882161946121, 29.905860367270282, 29.12102416786953], [53.69409988986706, 12.556184850549203, 29.745311912783823, 36.22149117031844, 60.684993087078965, 37.14565078557419, 52.89794121077416, 60.933613243112504, 32.15976062906227, 32.62215632640063, 41.44265628740809, 27.068889604262004, 4.79567709217181, 33.610174353702, 0.0, 42.958210802873595, 40.76826110166099, 46.0386640776344, 30.328779812351513, 41.99235693270286, 30.613341512949305, 55.99031951617445, 47.3603506406734, 58.498712444828726, 47.634854746736146, 45.06147826961804, 34.552669211610606, 47.541039256765494, 57.60684566698399, 56.857898555609964, 57.55702180066237, 32.2180151223942, 30.556705494513352, 32.22646055806472, 36.96424408209292, 29.854664297044323, 11.910542700751233, 59.991530793422776, 38.897852155058985, 7.963199329490863, 55.494228750114104, 68.26159000237816, 69.77837940378298, 57.94244042013985, 38.94013059373941, 33.105062544318486, 37.78084180966527, 53.34172523230435, 21.413250838655614, 31.5908451517915, 48.88323218845883, 60.980539840956716, 61.633523972072574, 43.4952402714243, 73.12234015797587, 7.807813875590881, 23.85117841695301, 52.3797044918952, 13.190314221958138, 43.41725125036223, 31.70929250638012, 49.97336554480595, 50.518614757717266, 29.259136456889117, 43.89670201576447, 59.79295716247336, 52.10761906637427, 49.850648661999955, 33.86446033472765], [96.33405405175908, 54.609792928675105, 13.508072721475672, 73.9224154278279, 91.77925877546528, 46.88948762438838, 72.10954844992055, 103.7296507159941, 72.97852061873427, 10.790594183237916, 76.38705538051309, 66.16458613868072, 42.514172527554955, 75.18006936549918, 42.958210802873595, 0.0, 60.21566618042681, 13.88239360943246, 18.977370062617336, 44.33590198800334, 17.739190106144168, 98.74793435507938, 88.8996660151933, 64.37304959130083, 87.23688183836894, 36.24397049915805, 21.550453355717114, 69.63119948604843, 93.36242613213558, 87.42872900806235, 99.8720736780036, 12.607520412887693, 43.53171031621151, 26.02852975758256, 75.6309330411473, 46.97189977937938, 53.278953472055676, 90.18572683124056, 78.26263792445067, 37.03612456741939, 96.50575843347181, 107.85771374808222, 109.83304214828969, 99.81766773727956, 81.83474171711752, 36.933458298177484, 78.34467488285726, 84.46467703857866, 24.965333245972538, 74.5486346325237, 10.741473545835394, 91.21960584660685, 103.36146469715801, 14.043607542017723, 112.56568207896551, 43.9973394824635, 58.77174691609067, 92.29445981100743, 53.86582259829703, 71.40135901705276, 66.5789589448255, 61.248060152708824, 9.42024444792556, 71.99943355356886, 66.62435445520116, 92.22356541984786, 88.76537552793731, 81.33934521895006, 61.9296612036191], [60.723874835096396, 36.86227920003402, 49.379345206449, 30.316446140470912, 96.7698300903436, 14.445970226763173, 12.81192561887407, 68.15966882628231, 37.406491754628924, 50.951363107353174, 76.8558609573424, 30.656033912643114, 36.06253754983663, 40.9732904692778, 40.76826110166099, 60.21566618042681, 0.0, 70.93183928742941, 41.3287445491786, 20.776717592811405, 42.611337769323626, 63.71167071664128, 71.59302759465781, 21.76736178607586, 42.43143646012028, 31.970122623702984, 65.8780479575647, 9.426920836122779, 39.97550532679724, 29.489146320236415, 61.289747125234946, 48.201297406773385, 70.48941773779727, 66.0141000649293, 69.24940240486826, 70.36090095736517, 35.18666906145015, 96.67139382901708, 36.168045988388286, 36.616787640807054, 53.22327946910314, 58.8062383262183, 61.57362839953265, 59.04684780908288, 53.11460828874683, 71.08831614727077, 39.374980164431896, 90.03534587410776, 38.27172089569114, 50.89626718331033, 70.41986930712679, 32.65803728664869, 61.29200072591253, 69.303343549998, 62.58642686931867, 48.55631868391331, 22.8635665717899, 79.75295943338669, 33.659299265489075, 14.544198793452145, 22.64905043032636, 12.036114158191252, 69.62899797560183, 45.41619317289641, 6.836665988144806, 95.05075708967462, 84.38452441585733, 25.263272927190663, 11.856396596896053], [99.4822502228793, 58.5146351982997, 21.566004908591502, 80.39231864157638, 85.81086325507852, 58.51815351596452, 83.30947255169247, 106.48884457884768, 77.89858947401497, 20.092295577174024, 72.63194882192789, 71.87871843604472, 47.028071925238976, 79.5885601718001, 46.0386640776344, 13.88239360943246, 70.93183928742941, 0.0, 30.07487525256998, 56.91334518516263, 28.768641925465246, 101.63316118153902, 88.3457374301787, 77.28293373164617, 92.99289041781967, 49.668458931896346, 14.33261495380225, 80.21200451300567, 100.89653231865526, 96.51326435227628, 103.52033930628825, 23.038227141071644, 36.77870877872613, 19.07069022608233, 73.6308258154807, 40.73947530331184, 57.572756910432474, 83.95989119248044, 84.05155002704035, 42.07841876729961, 101.41665867964801, 113.74530819391126, 115.44868030225192, 103.98007381685468, 84.4375345906492, 28.98858148295074, 83.4694271202191, 78.81828226809445, 33.190557742799754, 76.71751445432436, 5.930111166812999, 100.46079207550108, 107.67162298841848, 2.704203674424182, 118.56335587603668, 44.65978539604154, 65.73059846437462, 90.39770703585307, 58.51929863293568, 80.75509128273693, 73.87099413503431, 73.37229811039523, 9.966195999032985, 75.10387933454558, 76.97052602934042, 86.73480563792226, 85.1932271612448, 90.04706946825048, 70.89313026207273], [81.02601570956806, 39.90681434375676, 9.481689248212504, 56.28384686869026, 87.56259096656729, 28.455873310066902, 53.43279460027246, 88.66366240096119, 56.56079004940289, 10.045094739976255, 69.73295899344491, 49.245034567197145, 28.149799479539926, 59.15893440928391, 30.328779812351513, 18.977370062617336, 41.3287445491786, 30.07487525256998, 0.0, 27.20090319529184, 1.307115158997828, 83.64316369160245, 77.67464753926133, 47.73767584398664, 69.91978951237796, 22.18539311002523, 28.934337915933405, 50.72461453403939, 74.94810277929156, 68.52104966955488, 84.06186012559183, 7.036652745949467, 44.14725016918316, 31.224084050448198, 66.70750367135217, 46.33907886778998, 38.2394664771893, 86.40439064699662, 61.04424818253867, 22.761806728545416, 79.70358736058661, 90.26754040773446, 92.40593908832778, 83.57186825403039, 67.36370895172966, 40.38517732828702, 61.64222212879946, 80.06744373795503, 8.93635875003428, 60.75746338152001, 29.101528098884764, 72.28211266874378, 86.95251481969646, 28.810631199464314, 94.87723904179765, 34.38049208781839, 41.068306253016345, 82.5831275042354, 38.41075036390018, 52.47208152104195, 48.51346847632619, 43.31831389846838, 28.392662794948123, 57.323076945906, 47.671816460986726, 87.29900279610648, 81.32624862626002, 62.53231299011025, 43.12201560396305], [77.5878164490659, 44.304500423178844, 36.596946119930735, 47.80067993962489, 102.51070647650758, 7.509285541897549, 29.727668400451325, 85.29955155418772, 52.61725523553618, 37.17993066093726, 82.93441418929777, 44.89157757077204, 37.47795050495029, 56.05792146871468, 41.99235693270286, 44.33590198800334, 20.776717592811405, 56.91334518516263, 27.20090319529184, 0.0, 28.46564250236602, 80.53405094459038, 83.28759935209551, 20.543297405706948, 61.12834587134451, 11.28993737101293, 55.64814544918043, 29.30757943086848, 60.53501156610552, 50.20537288470789, 79.02004267941845, 34.09710948541019, 66.74380808903294, 57.22960128907074, 77.08160018623062, 67.84199918438794, 42.310336485249096, 101.91252795892112, 53.63322486347098, 34.91234035966234, 71.9327207526222, 78.92828191705351, 81.5924357964001, 77.29106585840404, 67.3418446166024, 64.93776947329545, 56.02224987872035, 95.23997727427408, 28.677785286354663, 63.13231405646258, 55.04662255962839, 53.21840305063985, 79.94040116666925, 55.86619805862203, 82.90813450036055, 49.199917970578724, 35.474825967151304, 90.36357453723275, 41.3633967061212, 35.17209409549744, 39.278266172784896, 17.220353193796036, 53.405153247873685, 58.13557146546124, 27.504640719256138, 101.42403757471237, 92.57949885890287, 45.97543023062753, 29.36127322048703], [81.72475958393335, 40.47194713796858, 8.303767977277827, 57.24642966690839, 87.31805090596256, 29.762969014203115, 54.73252576973302, 89.3423195921919, 57.362851996240835, 8.750087740550645, 69.63861687657733, 50.10186493712537, 28.61808503269305, 59.916486606014104, 30.613341512949305, 17.739190106144168, 42.611337769323626, 28.768641925465246, 1.307115158997828, 28.46564250236602, 0.0, 84.32230287228845, 77.97364341095737, 48.99672163882668, 70.84691589134904, 23.219427854217383, 27.81105680916488, 52.00272750837134, 76.039053991563, 69.72082641666717, 84.817358604912, 5.730632170340591, 43.461733562644724, 30.20841254965272, 66.78905281964718, 45.741927889379895, 38.83821211822153, 86.12723250352266, 61.95247391187046, 23.17305385207775, 80.57107806870931, 91.2393069370895, 93.35691959439772, 84.37601574655505, 67.96040297864698, 39.51912781304809, 62.48474608734902, 79.8242842946436, 9.353016369591119, 61.27421206771503, 27.81235430524972, 73.49380655047611, 87.77728204966846, 27.512901009281432, 95.86350081363003, 34.39411614936598, 42.02598101819797, 82.75766854786356, 39.060000528847276, 53.67938145196981, 49.53549914914825, 44.62090753633258, 27.14742077383761, 57.926794071425704, 48.93793428603479, 87.10522670377095, 81.31405515523407, 63.70158709363019, 44.288136609068594], [2.9878606602373554, 44.173118379256216, 85.3196111031201, 33.40463652472574, 61.637277309766276, 73.05490034586303, 66.78945918029225, 5.020501076274768, 28.152769612191083, 88.15286009963874, 48.71679558748177, 35.99141570802841, 56.29071676257489, 24.96775546247117, 55.99031951617445, 98.74793435507938, 63.71167071664128, 101.63316118153902, 83.64316369160245, 80.53405094459038, 84.32230287228845, 0.0, 26.14144503130926, 84.80133047024317, 23.01817054086536, 89.4027164113087, 88.90385142262434, 61.350818867939466, 35.857668882037814, 48.55053570827355, 5.903941730762159, 87.25184834949283, 74.99534398882061, 85.46894252042308, 39.803916269231934, 71.63023956277044, 45.622886086705684, 63.18489811441275, 27.544406498864234, 61.821385367304465, 15.189456419732943, 26.27643843089542, 25.25218504170881, 9.761148233060474, 17.206564449993294, 81.63931348040305, 24.576806137510104, 58.90013711830674, 75.10609761246596, 25.053201149777152, 104.81439172895999, 50.455249976891615, 12.160324826133524, 99.00806051822967, 29.77202288065334, 57.18223441708468, 45.43979835324976, 34.146340560244326, 45.2748921284366, 51.695773240228746, 41.535400786903764, 75.40885250709918, 106.50812914082597, 26.75837102459054, 59.83615824662227, 58.38678279111265, 45.41107924453246, 45.394320173362416, 52.21936593912443], [26.6320548882016, 39.52618596428083, 76.40693578910779, 44.40301286734327, 35.63258185569119, 76.44020232199709, 78.71940028632649, 28.410336421228706, 35.238765374474475, 79.2660004712892, 23.673375213148564, 40.997716652498006, 49.85304200437528, 31.95532968493801, 47.3603506406734, 88.8996660151933, 71.59302759465781, 88.3457374301787, 77.67464753926133, 83.28759935209551, 77.97364341095737, 26.14144503130926, 0.0, 93.30468001683201, 41.416614684354364, 89.63976531448746, 74.37354853094396, 72.63659953845034, 56.67182234412556, 66.47485953190385, 31.75182065078612, 79.27589412350652, 56.055238163533865, 70.14582534310216, 16.418809307476707, 52.150881484119296, 41.505403063254676, 37.090928487847926, 40.19668597793812, 54.9923492316699, 38.75637649763399, 51.90231023810643, 51.20805289250963, 35.1827253814754, 20.331155714753994, 63.727394165348485, 35.977886793254434, 32.792880307608876, 68.74386491231989, 20.70412331348767, 92.61203109836156, 69.43492858834405, 38.16796082814064, 85.64153546829549, 55.736933961439, 44.905271631489825, 49.13799329270772, 9.15405494863499, 42.16820083840319, 63.60680143983135, 49.64279086493194, 83.56457790014541, 95.12152654396948, 26.179188025642137, 70.03665906047668, 32.466629067123584, 19.374189869803136, 61.28065629963943, 59.88914872241325], [81.82331609550009, 57.244025232890884, 57.139929207399724, 51.61785049389953, 117.22361819507863, 21.87584702675844, 20.06678483654073, 89.0601985948015, 59.12573388858815, 57.69121844282068, 97.31394637790754, 52.41599775948515, 53.718508103497435, 62.68651536673357, 58.498712444828726, 64.37304959130083, 21.76736178607586, 77.28293373164617, 47.73767584398664, 20.543297405706948, 48.99672163882668, 84.80133047024317, 93.30468001683201, 0.0, 62.69574532279329, 28.642754424311303, 76.11249842347465, 24.03051497900515, 56.99328030109776, 43.798281525839734, 81.9293178409086, 54.60007619852259, 85.8352625580278, 77.51754095585687, 90.20840626925623, 86.50368416811399, 55.40399100958802, 116.94480475756544, 57.350188013568136, 52.53139881892391, 73.23547478655989, 76.59062388646717, 79.53470673914227, 79.35733786473483, 74.85784239281219, 84.73130711011294, 60.80034310005358, 110.26090652012532, 48.740981783173524, 72.60071446250042, 75.11452196097663, 45.461323545666296, 81.22036226305849, 76.32266053940144, 79.72619028817883, 66.19311715147676, 44.315064900547604, 101.36085166596226, 54.040418423984356, 33.42438554221315, 44.33002777335627, 9.74357549368095, 73.18587140863914, 67.14156241296212, 24.997759807794907, 115.7106366590831, 105.52685087491585, 42.371404216197554, 33.607530449887804], [20.205570249240388, 35.18862093074187, 73.83276275186934, 13.842843427924816, 75.56158517515135, 53.65472412401418, 44.04109727516581, 26.711503849756422, 15.671777957050702, 76.45390347420907, 58.44045717150545, 21.1630252609303, 45.98745062221862, 15.455563008823765, 47.634854746736146, 87.23688183836894, 42.43143646012028, 92.99289041781967, 69.91978951237796, 61.12834587134451, 70.84691589134904, 23.01817054086536, 41.416614684354364, 62.69574532279329, 0.0, 71.08497191982278, 82.18079856200332, 38.85429705261082, 15.353960294525463, 25.979132684899678, 19.32460077149594, 74.86930617109942, 73.9292713330269, 79.7617586689965, 48.814913286975816, 71.48244450901545, 35.73783736328742, 76.52792642707692, 8.985087049282109, 50.95997477389963, 10.83361738260737, 20.754134480418852, 22.598221347965616, 16.678897104958903, 21.78030502707776, 78.89042754166252, 10.151636534536854, 70.96193080969388, 62.353498962056186, 26.589799791302493, 95.03561785007808, 28.417128330388493, 18.89402012562629, 90.57669626236455, 25.57335314200142, 51.85194950540163, 28.894847016842693, 50.558776756663555, 34.602473340538616, 29.28523647949777, 22.301050028711447, 53.61449148866734, 95.93580580077962, 23.355020786060297, 37.74032334169214, 72.74213305591975, 59.779317503575044, 22.378384565224128, 31.80711315247074], [86.50814024384604, 50.119133088909216, 31.445504166955526, 57.46243699535455, 105.51259891400954, 17.928827555608336, 40.84009954352731, 94.27837803217774, 61.26009602242336, 31.19800236888903, 86.49361501931206, 53.425157853592836, 41.11918133444819, 64.55420114358927, 45.06147826961804, 36.24397049915805, 31.970122623702984, 49.668458931896346, 22.18539311002523, 11.28993737101293, 23.219427854217383, 89.4027164113087, 89.63976531448746, 28.642754424311303, 71.08497191982278, 0.0, 50.97679413148326, 40.5975165957396, 71.4536044774041, 61.44543612403978, 88.34576012972282, 28.147907678545756, 65.53092485506626, 53.40901259481997, 81.67012214024523, 67.28339143873215, 48.13546280106268, 104.66192150433882, 63.16682944332808, 37.253534284850936, 81.79768006603135, 89.51446559080618, 92.10790812397, 86.88437588194992, 75.19898275564705, 62.39120152020993, 65.17101427821049, 98.087146890878, 27.088820382549137, 70.19464322157243, 46.933163257245226, 64.49688804982573, 89.71738409042996, 49.051956380867736, 93.61318431059782, 51.370215886625076, 43.96343207670845, 96.0586452233386, 47.51321813374123, 46.21783865728285, 48.888136938534615, 27.807346439231008, 44.74703386391763, 65.56245906504235, 38.7446591855168, 104.77382233203495, 97.01832844229001, 57.0446425771302, 39.65973046194152], [86.9068646789171, 47.073367127996896, 19.53409553508203, 70.36668617407321, 71.83838387346808, 55.38176929144734, 78.64941778436118, 93.6637783922221, 66.70082365827358, 20.056110274005874, 58.301508888864234, 61.414984149232275, 36.57164163292277, 68.0039931092901, 34.552669211610606, 21.550453355717114, 65.8780479575647, 14.33261495380225, 28.934337915933405, 55.64814544918043, 27.81105680916488, 88.90385142262434, 74.37354853094396, 76.11249842347465, 82.18079856200332, 50.97679413148326, 0.0, 74.70034212544016, 91.48964076329938, 88.77304780393466, 91.19039704112814, 22.95812454735574, 22.83114377416312, 4.852478338910038, 59.416760469905036, 26.65701566130119, 46.44321943316757, 70.06189544290828, 73.39956573892397, 32.43750392574488, 89.89557978017643, 102.81189669605813, 104.29940053725241, 91.95117799676486, 71.71173845321508, 15.555984145729244, 72.32449456008187, 64.74484117707007, 27.919145449779226, 63.858880940394904, 19.552842148727652, 92.84035536522738, 95.70404209161438, 11.697841565070458, 107.6739361332802, 31.734563041359223, 56.52477683593209, 76.16065901891902, 47.62430062062895, 73.63663136570138, 64.73673963880482, 70.57593367565005, 23.039068959520357, 62.77296446802944, 71.216141241735, 72.6398295660072, 70.86252770818365, 81.99678495168645, 63.589134049396876], [58.39941507489143, 41.56900566407585, 58.646843895606736, 28.895926781395584, 100.3918975039763, 23.626449219032857, 6.149352688974275, 65.42869050657467, 37.46894475536736, 60.2855387037639, 80.6448169630945, 32.055327871371325, 43.03457749032365, 40.89821817896822, 47.541039256765494, 69.63119948604843, 9.426920836122779, 80.21200451300567, 50.72461453403939, 29.30757943086848, 52.00272750837134, 61.350818867939466, 72.63659953845034, 24.03051497900515, 38.85429705261082, 40.5975165957396, 74.70034212544016, 0.0, 33.36899623778994, 21.276830888532924, 58.16271585478725, 57.567827022517534, 77.8581087623424, 74.58568885660443, 72.39746792961144, 77.389808412364, 40.15985048039335, 100.5133945650303, 34.294960384905245, 44.39095774656221, 49.272930702766466, 52.82942919481419, 55.73179794819947, 55.459740909473304, 53.085748409984014, 79.05232200697908, 38.0856671659747, 93.98310097378099, 47.35623194212055, 52.2674680479212, 79.80152250010559, 23.99161462795289, 57.22682725258583, 78.53218333359946, 56.20092931064613, 55.1769247709642, 26.42254025723425, 81.24291738447546, 38.50164322647373, 9.656724623208127, 23.097078861615362, 15.772388941346046, 79.04663535737689, 46.74759636763876, 3.652251514399252, 98.4119326709263, 87.04730631133386, 18.532338293798293, 14.383672099902801], [33.463030736467076, 45.945169872161514, 80.42582313895632, 21.44325282416168, 90.89988232943318, 53.52623059579503, 37.01144682678633, 38.35681341385668, 28.260767690664466, 82.79418587054396, 73.54400431518695, 30.718401633405787, 54.95218797953933, 29.33453785894187, 57.60684566698399, 93.36242613213558, 39.97550532679724, 100.89653231865526, 74.94810277929156, 60.53501156610552, 76.03905