instance_id,num_cities,city_coordinates,distance_matrix,best_route,total_distance
1290,50,"[[58.612985576230926, 28.87304838320105], [77.94089001433534, 57.383737359170325], [51.59490388466976, 54.309849851212945], [49.75176483589835, 17.002934173431463], [80.72645344761331, 0.3829797108521604], [86.80320342962365, 13.530506239568584], [6.881092345929529, 50.111246245431], [90.19500961073909, 49.5743345003823], [77.93927200289615, 96.41610426211061], [6.030483251462071, 69.08524482795252], [60.09177680573672, 93.1863345918658], [73.33813618508029, 70.81353091629572], [82.95015518946622, 1.8302720463672317], [3.2218610378946244, 12.45901824733291], [82.17388268372123, 25.513388854630847], [13.091268443377002, 90.87996952013302], [63.17557148934693, 25.702431958201444], [20.287913502050426, 34.60217491839229], [45.02676160010374, 55.156984767109876], [25.167600223216013, 30.260810602747945], [37.90937017274724, 43.472432087206336], [11.726233294466159, 84.96388139297298], [70.01254239353516, 66.58364199899803], [55.08129669884765, 88.88015243045355], [15.375166652637851, 6.44429694217089], [50.0261233723671, 84.20532551035895], [63.372994259365576, 55.75170444721324], [33.34627484648054, 80.35928539649372], [47.39776417139363, 21.174477986351505], [74.96802996208012, 3.474651557114894], [48.70580329700904, 29.055868372639647], [72.49331937797012, 12.098476780738633], [19.6068877057318, 9.901076493807349], [15.326806428291329, 65.63561739732923], [24.97380068514673, 96.3624677399964], [55.239714431980346, 62.527461879571334], [92.38121912657587, 83.65297638770046], [46.327183352190715, 63.71070443022828], [53.79983596296014, 64.27209328549996], [96.03748743867887, 67.16824403512749], [19.470843765931967, 57.167936242267835], [51.19301674514983, 53.197297779232336], [91.5775233397781, 39.19764424134703], [0.9625904680565456, 65.69218585092567], [77.65214656384796, 35.644626169666985], [27.10784825478052, 94.58060658310006], [7.444132401840631, 23.833200308831913], [43.206421333869415, 90.9670444740126], [91.75694702481513, 13.894637660398834], [61.82493076599811, 57.810589426624134]]","[[0.0, 34.44455364572101, 26.387200297729166, 14.812860775754089, 36.06507277483045, 32.094890279464735, 55.92181886908304, 37.76198470713176, 70.25361018842379, 66.19622567522717, 64.33028529750268, 44.45035585416742, 36.38144550162077, 57.77194010004051, 23.799226555870625, 76.92259095743763, 5.556077638860157, 38.7509230902615, 29.58767976308483, 33.47416444647523, 25.333410652972532, 73.10642302330004, 39.39592322165753, 60.11094211925496, 48.70890962106353, 55.994598798319345, 27.296883237303426, 57.35188988071649, 13.603278182657618, 30.208707986248612, 9.908868949696856, 21.772687452260968, 43.37523934752293, 56.790666361172924, 75.408331670008, 33.82304696501047, 64.35164418481303, 36.940536205355826, 35.72476436863795, 53.54545125098578, 48.298115330256095, 25.430789333690438, 34.54356712324847, 68.40480202438874, 20.207521293581692, 72.87013710867136, 51.41645265666462, 63.97676587855729, 36.37134817801221, 29.11525156240049], [34.44455364572101, 0.0, 26.524701120957186, 49.24668561691201, 57.06878074852412, 44.73976395445114, 71.43097347561623, 14.53100891520658, 39.03236693647605, 72.85624117290058, 40.00520979747492, 14.196643892122136, 55.77885124180665, 87.1846527690492, 32.15023080383524, 72.98952655605882, 34.95310777389939, 61.99084842111087, 32.989366110532885, 59.33526161745402, 42.37979465732739, 71.72896980617676, 12.144831879370388, 38.91767167871231, 80.68021027345858, 38.712165886546885, 14.659028554217947, 50.16528191473083, 47.37080325037608, 53.990993961064184, 40.7082111703233, 45.61174028136449, 75.21608144669088, 63.1554984738801, 65.76362196615527, 23.276625072434474, 29.976591267318447, 32.24061043526284, 25.10458002196451, 20.57239434851002, 58.470444486188796, 27.073511053811984, 22.730854610918524, 77.42537644323582, 21.74102868057969, 62.988929301828705, 78.07324362571956, 48.31481999639534, 45.630967817114225, 16.12161112238959], [26.387200297729166, 26.524701120957186, 0.0, 37.35241784600033, 61.29236904438898, 53.87559022640736, 44.910502274640216, 38.88950073865288, 49.668525164976074, 47.90019545219564, 39.79419449149555, 27.297246007016664, 61.13311599257635, 63.96439150177439, 42.00369162729049, 53.10276447413177, 30.862537495731193, 36.99351427041161, 6.622547141095779, 35.73175992851313, 17.456902840188288, 50.29095887327448, 22.132676790896134, 34.74565807802467, 60.024832531592644, 29.9366086453087, 11.866016920201545, 31.805432774939256, 33.40013249068648, 55.95105368293603, 25.418703403709337, 47.10142021877238, 54.72999479420233, 37.99536687037019, 49.77053151072114, 8.989649124098612, 50.24482645953174, 10.77612854526592, 10.203333754899361, 46.26533836409292, 32.25095186705368, 1.1829139384502394, 42.74328738979807, 51.89594140902068, 32.052620347231056, 47.13119711168094, 53.648082816239686, 37.60474115213258, 56.97700488459732, 10.812429309251032], [14.812860775754089, 49.24668561691201, 37.35241784600033, 0.0, 35.15187364751578, 37.213799290323315, 54.16691691428523, 51.92833684199963, 84.26735514909102, 68.00086430700425, 76.88189869437345, 58.75284874152626, 36.50127118457544, 46.7512472496182, 33.52046486280976, 82.47307649993337, 15.996244771082623, 34.31984571967335, 38.445509910563565, 27.931209016411874, 28.997872873111955, 77.87574330936278, 53.560673032778794, 72.07453374282613, 35.9615812059858, 67.20295137870121, 41.07316750309189, 65.44591157660584, 4.789895292342008, 28.615982552776767, 12.098233687248644, 23.26439350825129, 30.970146911089625, 59.58368601321557, 83.1377355679037, 45.85411882956899, 79.11699248761168, 46.83314596202423, 47.44217831225501, 68.25632886686424, 50.300711446610414, 36.223047413143526, 47.34975426994, 68.92769228989205, 33.55508875040887, 80.8148638224088, 42.85543486718727, 74.25315571823249, 42.12002894036307, 42.556151880064824], [36.06507277483045, 57.06878074852412, 61.29236904438898, 35.15187364751578, 0.0, 14.483934001753973, 89.02829802243882, 50.09434041729362, 96.0735623961311, 101.48639906787835, 95.06972471447557, 70.81701614071615, 2.6532064641034476, 78.43973834308214, 25.172058221910564, 112.97886269164846, 30.807598407191705, 69.45336875489294, 65.38088121087148, 63.08304804315375, 60.745399218878376, 109.15566549906315, 67.06202783590605, 92.1380683758441, 65.63177776304566, 89.26755245922877, 58.02446229590674, 92.95746766881304, 39.28215790165928, 6.535891358010304, 42.982049512309835, 14.319125958075718, 61.85624853517935, 92.38517497572084, 110.99738921429106, 67.16777895441565, 84.08166214813936, 72.06740248705316, 69.33153368070748, 68.51787571677109, 83.52712736440336, 60.510958317369635, 40.30290188583822, 103.09008800106886, 35.39541034939438, 108.3888727277303, 76.94291016038846, 98.04705808351834, 17.442381979025644, 60.45823283350781], [32.094890279464735, 44.73976395445114, 53.87559022640736, 37.213799290323315, 14.483934001753973, 0.0, 87.89592925415172, 36.20306485458498, 83.35821279209476, 98.03347032826731, 84.01518495351857, 58.84431112702914, 12.318338399181053, 83.58821018852446, 12.846014414393435, 106.84750268119531, 26.578577215590393, 69.7731969674548, 58.974865888267324, 63.865880301631684, 57.33346190503999, 103.6304903514518, 55.646756526659054, 81.7548074900039, 71.77867928585036, 79.67109699569059, 48.28668843326556, 85.57878789249317, 40.13999186845547, 15.530342700709218, 41.13938218091687, 14.381359113196664, 67.29426132401166, 88.45234839762402, 103.36347947774924, 58.28340672689567, 70.34397684799383, 64.46984172279812, 60.53041318279147, 54.42682166896227, 80.23635058451507, 53.30609483684034, 26.107395576863585, 100.44626251630982, 23.93274205024229, 100.66108580353776, 80.02504395173766, 88.86561125001721, 4.967108545072928, 50.83935357880726], [55.92181886908304, 71.43097347561623, 44.910502274640216, 54.16691691428523, 89.02829802243882, 87.89592925415172, 0.0, 83.31564729526804, 84.8139420856418, 18.993055521456245, 68.46050085074116, 69.60691967349457, 90.09747383531123, 37.8296212905504, 79.20895697500883, 41.23899955879796, 61.358443566775044, 20.500588941281293, 38.47793601634586, 26.989556601588742, 31.730551182190826, 35.18780424435241, 65.2450749633676, 61.856994644471264, 44.48541063968468, 54.98999857424485, 56.772790582490586, 40.19141397452564, 49.78892701286127, 82.52758955687399, 46.825584710790125, 75.82832570009631, 42.175865361530576, 17.673035563334736, 49.66408747563302, 49.92713431326649, 91.84399458017614, 41.72456540929203, 49.00916334210247, 90.77336591496498, 14.432557449354238, 44.4192566127743, 85.39667518000509, 16.66716362997791, 72.23451537549103, 48.853307599769465, 26.284077163761562, 54.66923975122241, 92.27975641966515, 55.480674705273636], [37.76198470713176, 14.53100891520658, 38.88950073865288, 51.92833684199963, 50.09434041729362, 36.20306485458498, 83.31564729526804, 0.0, 48.418534661047524, 86.39643001358287, 52.99255775381792, 27.11563471656954, 48.29061415221728, 94.56148937721925, 25.362720330184157, 87.47080876720202, 36.05437237533224, 71.49243071051654, 45.51193922863382, 67.83491856704052, 52.6404911118771, 86.08001443910283, 26.394100184624158, 52.705978385859055, 86.36092310789446, 53.0362608030049, 27.524178588457943, 64.64898952012328, 51.36298343372504, 48.54937359730251, 46.28565320678299, 41.44622719765798, 80.97314588758691, 76.57161782321202, 80.26789835148078, 37.27809235912765, 34.148694629973946, 46.089295237003135, 39.25089525294279, 18.538613753103693, 71.13065739790508, 39.16990311970878, 10.468383110248633, 90.67640133029977, 18.744604226066407, 77.49551248128097, 86.66206591300252, 62.620155439077664, 35.71386866580848, 29.54145001293712], [70.25361018842379, 39.03236693647605, 49.668525164976074, 84.26735514909102, 96.0735623961311, 83.35821279209476, 84.8139420856418, 48.418534661047524, 0.0, 76.92756188199441, 18.13737844715884, 26.012731743164135, 94.7184702487018, 112.38987406971195, 71.02905729187334, 65.08388704999679, 72.23842677937016, 84.52597824280554, 52.77829366810439, 84.62489126479748, 66.37337918092683, 67.1961301240514, 30.86760189875391, 24.068186575011136, 109.58646536271975, 30.46714598045303, 43.194558217528964, 47.39574693445943, 81.20397789051182, 92.98893434264137, 73.43021906315718, 84.49331751138875, 104.3432656549638, 69.76932862629576, 52.96549847577988, 40.78860130535194, 19.27348618858836, 45.48590250861631, 40.198878267815225, 34.39451598463257, 70.41999569309017, 50.82546019582118, 58.8213742331449, 82.88165456030221, 60.77215637574582, 50.86455241118461, 101.18222498869643, 35.15769002894214, 83.67030891008349, 41.833691795156675], [66.19622567522717, 72.85624117290058, 47.90019545219564, 68.00086430700425, 101.48639906787835, 98.03347032826731, 18.993055521456245, 86.39643001358287, 76.92756188199441, 0.0, 59.19025247935392, 67.32983823117033, 102.17566880085474, 56.69583666812066, 87.72869490685731, 22.909926056936705, 71.7469829484661, 37.31429253969597, 41.409010533544546, 43.2847079105061, 40.89351547412641, 16.869281778320786, 64.03094493113132, 52.89442945000707, 63.3341255556388, 46.52131973074999, 58.8722928700449, 29.550913035024724, 63.29844792772402, 95.16898284540993, 58.51097264950412, 87.54884532902773, 60.72136806191332, 9.915722566619213, 33.20988053556762, 49.64426402491803, 87.57093347093281, 40.65353273080746, 48.01122250314109, 90.02741635078368, 17.962893271557213, 47.87568582267418, 90.6176844589201, 6.098884036090236, 79.04389686675144, 33.07973377324783, 45.27411994816509, 43.13772743269283, 101.95601851096012, 56.92221207815996], [64.33028529750268, 40.00520979747492, 39.79419449149555, 76.88189869437345, 95.06972471447557, 84.01518495351857, 68.46050085074116, 52.99255775381792, 18.13737844715884, 59.19025247935392, 0.0, 26.000161174737467, 94.17237188342874, 98.74759198902899, 71.18459794619385, 47.057062234741714, 67.55432557816378, 70.82691083582273, 40.90459792296725, 71.96749043333479, 54.43832534413676, 49.05949995412294, 28.392337752264556, 6.606672060031147, 97.58973470199267, 13.489844445463936, 37.57815751264195, 29.66235098762524, 73.12212694208242, 90.93673064773789, 65.1333792324393, 82.03071950536881, 92.60378211444664, 52.56371933973943, 35.26131121471495, 31.04044112553004, 33.66738784105065, 32.53116669237421, 29.590908568203048, 44.373811523530925, 54.28982612510951, 40.967194141386486, 62.499047357300554, 65.20880992584549, 60.16157240454187, 33.01338421065196, 87.07256569183902, 17.030574800590852, 85.38065476016695, 35.41817568207161], [44.45035585416742, 14.196643892122136, 27.297246007016664, 58.75284874152626, 70.81701614071615, 58.84431112702914, 69.60691967349457, 27.11563471656954, 26.012731743164135, 67.32983823117033, 26.000161174737467, 0.0, 69.64970146135764, 91.22248181971365, 46.15380035268239, 63.50076401845776, 46.24163676171011, 64.23074365073124, 32.35214626902583, 62.96763978173304, 44.75190662238513, 63.215971054910376, 5.380662999950964, 25.68491777214585, 86.62046016637453, 26.8847559748956, 18.059974257578293, 41.1153304975408, 56.0083786231155, 67.35860173039976, 48.48148311075697, 58.72113161017058, 81.22422155318702, 58.241953680837355, 54.69787126727678, 19.905069958039427, 22.96715846442167, 27.929226932225788, 20.60426125458739, 22.990186249360065, 55.56876322699554, 28.297314094241447, 36.49985663015889, 72.5565144774443, 35.43250691985483, 51.98185652581123, 80.9269497668867, 36.250301358688866, 59.82485271378541, 17.367509504986774], [36.38144550162077, 55.77885124180665, 61.13311599257635, 36.50127118457544, 2.6532064641034476, 12.318338399181053, 90.09747383531123, 48.29061415221728, 94.7184702487018, 102.17566880085474, 94.17237188342874, 69.64970146135764, 0.0, 80.43364429219943, 23.695835515065387, 113.18176830908823, 30.99861576537262, 70.71459645041858, 65.43639714206701, 64.39813026038549, 61.34119177020572, 109.47165867519833, 66.03317912292054, 91.4021605239934, 67.73232833360728, 88.71099877855535, 57.36537372180246, 92.8835339703738, 40.47432285474893, 8.149742764102447, 43.74824261448194, 14.655423694167098, 63.85536328253677, 92.97332624484842, 110.89451611450014, 66.72343951432772, 82.36443354212474, 71.9057019867512, 68.9109726434551, 66.63579255179083, 84.21330095337852, 60.39111834377886, 38.35038443039606, 103.92451493140679, 34.22688183537969, 108.26351093726593, 78.64660405464817, 97.59574058124848, 14.936816933342808, 59.833694862812756], [57.77194010004051, 87.1846527690492, 63.96439150177439, 46.7512472496182, 78.43973834308214, 83.58821018852446, 37.8296212905504, 94.56148937721925, 112.38987406971195, 56.69583666812066, 98.74759198902899, 91.22248181971365, 80.43364429219943, 0.0, 80.02398586621237, 79.03955213098237, 61.39898536306444, 27.95656513358535, 59.75588720737218, 28.258083435637737, 46.53015289018225, 73.00191454507437, 85.96784289610866, 92.35578388442738, 13.560225283678703, 85.66312846583799, 74.11083258355998, 74.28274756791329, 45.02743226215261, 72.30651146419706, 48.4173980869723, 69.2723966000163, 16.583490733864355, 54.53696361243332, 86.67719258943285, 72.19907284365382, 114.09632251075446, 66.96868035439657, 72.40667298275267, 107.73968577302351, 47.570124952262546, 62.93519841161144, 92.31293073482306, 53.281088921116606, 77.95793621051766, 85.52482479440951, 12.132583939084212, 88.1037754246177, 88.5467246927326, 74.10185416025215], [23.799226555870625, 32.15023080383524, 42.00369162729049, 33.52046486280976, 25.172058221910564, 12.846014414393435, 79.20895697500883, 25.362720330184157, 71.02905729187334, 87.72869490685731, 71.18459794619385, 46.15380035268239, 23.695835515065387, 80.02398586621237, 0.0, 95.10624300317942, 18.999251709825195, 62.54981385797669, 47.52527099789419, 57.20362097998168, 47.76896797779588, 92.18043375642624, 42.832976676809494, 68.91556385477797, 69.4672493320929, 66.91951775932606, 35.60658837099789, 73.43165294740473, 35.045749618267934, 23.186855222623517, 33.655036754857086, 16.543070206793956, 64.48544919458712, 77.96361219910081, 91.05735203457434, 45.77653352219578, 59.02881801097742, 52.3834016664337, 48.03460936107846, 43.90132682402471, 70.24016984491104, 41.547717959586706, 16.603833987278854, 90.60689659958314, 11.094506166177348, 88.33203672779801, 74.74863617981045, 76.17508830315079, 15.060893116910874, 38.17314512765972], [76.92259095743763, 72.98952655605882, 53.10276447413177, 82.47307649993337, 112.97886269164846, 106.84750268119531, 41.23899955879796, 87.47080876720202, 65.08388704999679, 22.909926056936705, 47.057062234741714, 63.50076401845776, 113.18176830908823, 79.03955213098237, 95.10624300317942, 0.0, 82.19822877798252, 56.736071994245826, 47.91667103240858, 61.810356875752916, 53.510865989102754, 6.071525317915261, 61.88976457479229, 42.037622926224046, 84.46655548039762, 37.53311046639696, 61.337158053398326, 22.824330851509345, 77.69035460790812, 107.09072426806514, 71.34854291109288, 98.66674846919425, 81.24059582586199, 25.34314392852834, 13.086342468677119, 50.79720650549912, 79.61862664653502, 42.92778826531157, 48.63297798011149, 86.26888877859061, 34.310350756354005, 53.58849664978598, 93.97422494431697, 27.95584510609207, 84.9649936075451, 14.496869464862062, 67.28416906780592, 30.115278774491305, 110.06829837983113, 58.89442879546606], [5.556077638860157, 34.95310777389939, 30.862537495731193, 15.996244771082623, 30.807598407191705, 26.578577215590393, 61.358443566775044, 36.05437237533224, 72.23842677937016, 71.7469829484661, 67.55432557816378, 46.24163676171011, 30.99861576537262, 61.39898536306444, 18.999251709825195, 82.19822877798252, 0.0, 43.8013313997735, 34.59696491845299, 38.28034346285428, 30.889380595210675, 78.47900222225816, 41.448974722475874, 63.69412569816886, 51.534012718290654, 59.962459420509234, 30.049921012691584, 62.26683359528636, 16.414675474515246, 25.162199792348527, 14.853273286574694, 16.48902732687284, 46.34558275767805, 62.32305847103352, 80.32568673382872, 37.670421499430326, 64.89403249594925, 41.57519644124486, 39.69286071276871, 52.90859184536952, 53.853330307683265, 29.992486804434424, 31.445057218605502, 73.95698360503955, 17.56184647541834, 77.75013568466174, 55.76277727770945, 68.25127548090937, 30.92440838041498, 32.13655249681577], [38.7509230902615, 61.99084842111087, 36.99351427041161, 34.31984571967335, 69.45336875489294, 69.7731969674548, 20.500588941281293, 71.49243071051654, 84.52597824280554, 37.31429253969597, 70.82691083582273, 64.23074365073124, 70.71459645041858, 27.95656513358535, 62.54981385797669, 56.736071994245826, 43.8013313997735, 0.0, 32.163812167333234, 6.531369428984237, 19.728081443418215, 51.08428179987228, 59.12151008747786, 64.47230690055225, 28.583232387716187, 57.834537042673055, 47.99611216707909, 47.58396747127004, 30.25305022989956, 62.91929629842725, 28.954066669431285, 56.84910582005796, 24.710484809414083, 31.427490123947056, 61.93780193147793, 44.73756855384126, 87.19762520076287, 39.05573024115478, 44.75883156357925, 82.45330077866326, 22.580548865778216, 36.0680468098339, 71.43757281090711, 36.6067874874764, 57.373704250113654, 60.36492172602823, 16.761071776335264, 60.84617096629204, 74.40849986372022, 47.58102885784832], [29.58767976308483, 32.989366110532885, 6.622547141095779, 38.445509910563565, 65.38088121087148, 58.974865888267324, 38.47793601634586, 45.51193922863382, 52.77829366810439, 41.409010533544546, 40.90459792296725, 32.35214626902583, 65.43639714206701, 59.75588720737218, 47.52527099789419, 47.91667103240858, 34.59696491845299, 32.163812167333234, 0.0, 31.846597598731197, 13.681594646080143, 44.692015751132324, 27.4746744721838, 35.190136591122545, 57.02756384467553, 29.47540870057398, 18.355869477790147, 27.777503988216942, 34.065120288901845, 59.728913577536616, 26.359127922699763, 51.072956700951515, 51.90633123663571, 31.494270574292788, 45.82589953820476, 12.59477425011876, 55.26722524306084, 8.652006519213879, 12.651167419579734, 52.405767810249806, 25.63491490491784, 6.470168127975035, 49.210506688726404, 45.30608832630306, 38.015100711003136, 43.30484283042048, 48.924773788366096, 35.85629672591429, 62.34012767537948, 17.0064724447782], [33.47416444647523, 59.33526161745402, 35.73175992851313, 27.931209016411874, 63.08304804315375, 63.865880301631684, 26.989556601588742, 67.83491856704052, 84.62489126479748, 43.2847079105061, 71.96749043333479, 62.96763978173304, 64.39813026038549, 28.258083435637737, 57.20362097998168, 61.810356875752916, 38.28034346285428, 6.531369428984237, 31.846597598731197, 0.0, 18.354826169031934, 56.330243198424604, 57.70976450220257, 65.81076259358808, 25.7510791653212, 59.396606483656505, 45.92861637854173, 50.7616774274926, 24.015445646055493, 56.54715836002275, 23.569023945021947, 50.69116356305864, 21.105456561961997, 36.71809061305043, 66.10194123133832, 44.107469181592066, 85.83934956238862, 39.58059316460149, 44.4586580227333, 79.90431500549862, 27.503571482891385, 34.69012466303889, 67.00854336449706, 42.90996212098708, 52.75995711371023, 64.34905374112437, 18.852996730116516, 63.32966049091716, 68.57107789908599, 45.855754227438915], [25.333410652972532, 42.37979465732739, 17.456902840188288, 28.997872873111955, 60.745399218878376, 57.33346190503999, 31.730551182190826, 52.6404911118771, 66.37337918092683, 40.89351547412641, 54.43832534413676, 44.75190662238513, 61.34119177020572, 46.53015289018225, 47.76896797779588, 53.510865989102754, 30.889380595210675, 19.728081443418215, 13.681594646080143, 18.354826169031934, 0.0, 49.062175066743684, 39.55681597682589, 48.5462267059793, 43.34597006187219, 42.49687417590154, 28.269713145269783, 37.16802101292834, 24.232795500259098, 54.52675226634061, 18.011115388637606, 46.694481624723814, 38.23632802497971, 31.64141223718154, 54.448919450453246, 25.757231849161347, 67.68794921352465, 21.919106874011526, 26.17504171904465, 62.772362714439396, 22.96837151641646, 16.462936523854047, 53.83813216937407, 43.11359400313622, 40.506330625665136, 52.23713598626017, 36.246794855305296, 47.789088260569656, 61.436206393248625, 27.884346762643634], [73.10642302330004, 71.72896980617676, 50.29095887327448, 77.87574330936278, 109.15566549906315, 103.6304903514518, 35.18780424435241, 86.08001443910283, 67.1961301240514, 16.869281778320786, 49.05949995412294, 63.215971054910376, 109.47165867519833, 73.00191454507437, 92.18043375642624, 6.071525317915261, 78.47900222225816, 51.08428179987228, 44.692015751132324, 56.330243198424604, 49.062175066743684, 0.0, 61.11568561811315, 43.531582806474525, 78.60432467096845, 38.307401204027705, 59.335817177113476, 22.1049429088071, 73.08588168775336, 103.1504698243742, 67.03129506025324, 94.87890145013593, 75.47535619843079, 19.660770991426613, 17.4764359204379, 48.95728711117635, 80.66563835680387, 40.60693630288908, 46.886438727961256, 86.16885913334336, 28.85469733294298, 50.6630321875027, 92.03682407014814, 22.07383645766828, 82.3323446537486, 18.14043776125018, 61.28047452382844, 32.04746801189986, 107.0315492969671, 56.98403945802602], [39.39592322165753, 12.144831879370388, 22.132676790896134, 53.560673032778794, 67.06202783590605, 55.646756526659054, 65.2450749633676, 26.394100184624158, 30.86760189875391, 64.03094493113132, 28.392337752264556, 5.380662999950964, 66.03317912292054, 85.96784289610866, 42.832976676809494, 61.88976457479229, 41.448974722475874, 59.12151008747786, 27.4746744721838, 57.70976450220257, 39.55681597682589, 61.11568561811315, 0.0, 26.83424072738278, 81.25259166153478, 26.645462560523832, 12.704899470350808, 39.16865490219388, 50.72889088442678, 63.30325056137087, 43.15450062599073, 54.54161240106058, 75.85277356007693, 54.69395276176089, 53.99320991743012, 15.31956406504206, 28.137517219197154, 23.858960647761783, 16.376663495928685, 26.031510216339672, 51.411271284230935, 23.094777704067376, 34.857442195231236, 69.05570617244344, 31.868264031268758, 51.23126784556039, 75.77866582088308, 36.23697617798706, 56.999564129576946, 12.000143149188517], [60.11094211925496, 38.91767167871231, 34.74565807802467, 72.07453374282613, 92.1380683758441, 81.7548074900039, 61.856994644471264, 52.705978385859055, 24.068186575011136, 52.89442945000707, 6.606672060031147, 25.68491777214585, 91.4021605239934, 92.35578388442738, 68.91556385477797, 42.037622926224046, 63.69412569816886, 64.47230690055225, 35.190136591122545, 65.81076259358808, 48.5462267059793, 43.531582806474525, 26.83424072738278, 0.0, 91.49998378869554, 6.8854036986658675, 34.15034866898664, 23.345585234328553, 68.14025993516005, 87.6902602305912, 60.163044131317804, 78.73121521579799, 86.58018323621974, 46.051361603951534, 31.023319593596625, 26.353166706275125, 37.664407369511, 26.648369802338017, 24.641402486448598, 46.35532899337968, 47.684054081565165, 35.89407802212654, 61.64678563385765, 58.877127631941846, 57.822699002133064, 28.548362394352967, 80.62509164380887, 12.056856279115093, 83.47413223366107, 31.792992084428885], [48.70890962106353, 80.68021027345858, 60.024832531592644, 35.9615812059858, 65.63177776304566, 71.77867928585036, 44.48541063968468, 86.36092310789446, 109.58646536271975, 63.3341255556388, 97.58973470199267, 86.62046016637453, 67.73232833360728, 13.560225283678703, 69.4672493320929, 84.46655548039762, 51.534012718290654, 28.583232387716187, 57.02756384467553, 25.7510791653212, 43.34597006187219, 78.60432467096845, 81.25259166153478, 91.49998378869554, 0.0, 85.13205251593027, 68.81142266973893, 76.06829988843891, 35.248049384931385, 59.66680945995734, 40.2767240683039, 57.397326770514745, 5.464136522801248, 59.191340210680686, 90.42903966601082, 68.80772891941095, 109.04637682812499, 65.09584291149194, 69.42988723549223, 100.96438849979916, 50.88872325832808, 58.89619234313819, 82.94323916977561, 60.975689355844985, 68.78285726731211, 88.91380598477944, 19.112175820204083, 88.98692930685397, 76.7442763314712, 69.25371174013137], [55.994598798319345, 38.712165886546885, 29.9366086453087, 67.20295137870121, 89.26755245922877, 79.67109699569059, 54.98999857424485, 53.0362608030049, 30.46714598045303, 46.52131973074999, 13.489844445463936, 26.8847559748956, 88.71099877855535, 85.66312846583799, 66.91951775932606, 37.53311046639696, 59.962459420509234, 57.834537042673055, 29.47540870057398, 59.396606483656505, 42.49687417590154, 38.307401204027705, 26.645462560523832, 6.8854036986658675, 85.13205251593027, 0.0, 31.428450710769955, 17.117516508068004, 63.0856244455424, 84.49580120500052, 55.165259608620815, 75.52597255296041, 80.28979586756965, 39.355770298503195, 27.846274063440713, 22.295992988245747, 42.35869716954825, 20.82574489642564, 20.287302769135106, 49.06432276549184, 40.8000677727589, 31.02997621523035, 61.255287220490025, 52.44012396154348, 55.86894197882504, 25.157380461879736, 73.87840994744576, 9.603602409373417, 81.76218238676267, 28.91183060344008], [27.296883237303426, 14.659028554217947, 11.866016920201545, 41.07316750309189, 58.02446229590674, 48.28668843326556, 56.772790582490586, 27.524178588457943, 43.194558217528964, 58.8722928700449, 37.57815751264195, 18.059974257578293, 57.36537372180246, 74.11083258355998, 35.60658837099789, 61.337158053398326, 30.049921012691584, 47.99611216707909, 18.355869477790147, 45.92861637854173, 28.269713145269783, 59.335817177113476, 12.704899470350808, 34.15034866898664, 68.81142266973893, 31.428450710769955, 0.0, 38.82186135253587, 38.0892710102118, 53.54750332014897, 30.45971363041252, 44.59579146029492, 63.3857410352334, 49.05229760474363, 55.89035840261533, 10.585892949237085, 40.24870290883493, 18.81237226435823, 12.815708553319913, 34.602116854663926, 43.92498754064042, 12.444952618319864, 32.703705752518005, 63.197085944937314, 24.66148388467282, 53.1304475401078, 64.39587327701966, 40.58091715033621, 50.573340947450895, 2.575947968795345], [57.35188988071649, 50.16528191473083, 31.805432774939256, 65.44591157660584, 92.95746766881304, 85.57878789249317, 40.19141397452564, 64.64898952012328, 47.39574693445943, 29.550913035024724, 29.66235098762524, 41.1153304975408, 92.8835339703738, 74.28274756791329, 73.43165294740473, 22.824330851509345, 62.26683359528636, 47.58396747127004, 27.777503988216942, 50.7616774274926, 37.16802101292834, 22.1049429088071, 39.16865490219388, 23.345585234328553, 76.06829988843891, 17.117516508068004, 38.82186135253587, 0.0, 60.829974358237, 87.42778402497855, 53.55329786806853, 78.68944712238847, 71.78530462969398, 23.269887009260252, 18.06101239414885, 28.236441468828822, 59.126754067000135, 21.111116356647617, 26.022027445254643, 64.06396575671444, 27.025289328039893, 32.50045796166538, 71.31030082444775, 35.550342094007824, 62.947684774001495, 15.529454035240532, 62.17812540242749, 14.482646215365868, 88.48364833689926, 36.32461332105114], [13.603278182657618, 47.37080325037608, 33.40013249068648, 4.789895292342008, 39.28215790165928, 40.13999186845547, 49.78892701286127, 51.36298343372504, 81.20397789051182, 63.29844792772402, 73.12212694208242, 56.0083786231155, 40.47432285474893, 45.02743226215261, 35.045749618267934, 77.69035460790812, 16.414675474515246, 30.25305022989956, 34.065120288901845, 24.015445646055493, 24.232795500259098, 73.08588168775336, 50.72889088442678, 68.14025993516005, 35.248049384931385, 63.0856244455424, 38.0892710102118, 60.829974358237, 0.0, 32.76283582650014, 7.989197755420495, 26.686338996022194, 29.9903717206335, 54.820974528753595, 78.46061395137527, 42.089968647676784, 76.98749237501033, 42.54969686584391, 43.570528659838025, 66.94213318133527, 45.557018345732224, 32.24693674732413, 47.71462712870824, 64.32768976400953, 33.5367386964797, 76.15865284697213, 40.04199665307776, 69.91830727153125, 44.952565873314185, 39.37445615386384], [30.208707986248612, 53.990993961064184, 55.95105368293603, 28.615982552776767, 6.535891358010304, 15.530342700709218, 82.52758955687399, 48.54937359730251, 92.98893434264137, 95.16898284540993, 90.93673064773789, 67.35860173039976, 8.149742764102447, 72.30651146419706, 23.186855222623517, 107.09072426806514, 25.162199792348527, 62.91929629842725, 59.728913577536616, 56.54715836002275, 54.52675226634061, 103.1504698243742, 63.30325056137087, 87.6902602305912, 59.66680945995734, 84.49580120500052, 53.54750332014897, 87.42778402497855, 32.76283582650014, 0.0, 36.662013081259694, 8.971875721537558, 55.73288983530801, 86.14558153959874, 105.48729476206775, 62.26107002481722, 82.04744316258372, 66.6984269699348, 64.37718041278879, 67.08797031594669, 77.21985817113897, 55.114361112100895, 39.3955260985495, 96.68415924185877, 32.2817556601888, 102.91205971241935, 70.52621674953049, 93.07909862571961, 19.759651984081735, 55.90290869567718], [9.908868949696856, 40.7082111703233, 25.418703403709337, 12.098233687248644, 42.982049512309835, 41.13938218091687, 46.825584710790125, 46.28565320678299, 73.43021906315718, 58.51097264950412, 65.1333792324393, 48.48148311075697, 43.74824261448194, 48.4173980869723, 33.655036754857086, 71.34854291109288, 14.853273286574694, 28.954066669431285, 26.359127922699763, 23.569023945021947, 18.011115388637606, 67.03129506025324, 43.15450062599073, 60.163044131317804, 40.2767240683039, 55.165259608620815, 30.45971363041252, 53.55329786806853, 7.989197755420495, 36.662013081259694, 0.0, 29.21299455555793, 34.83752202022494, 49.520051198187836, 71.36796386592032, 34.103365913249284, 69.91699472584469, 34.73637135655124, 35.58274393459476, 60.7687543259313, 40.55824476836116, 24.269215985072748, 44.05496563608535, 60.180014370224434, 29.686739764237494, 68.99248494985157, 41.5908853808849, 62.15494291069471, 45.642785771488704, 31.606098912077748], [21.772687452260968, 45.61174028136449, 47.10142021877238, 23.26439350825129, 14.319125958075718, 14.381359113196664, 75.82832570009631, 41.44622719765798, 84.49331751138875, 87.54884532902773, 82.03071950536881, 58.72113161017058, 14.655423694167098, 69.2723966000163, 16.543070206793956, 98.66674846919425, 16.48902732687284, 56.84910582005796, 51.072956700951515, 50.69116356305864, 46.694481624723814, 94.87890145013593, 54.54161240106058, 78.73121521579799, 57.397326770514745, 75.52597255296041, 44.59579146029492, 78.68944712238847, 26.686338996022194, 8.971875721537558, 29.21299455555793, 0.0, 52.93206233506625, 78.3213612511069, 96.73946882828884, 53.298868859766365, 74.26691706549622, 57.866127548526485, 55.42140905257784, 59.89162808876927, 69.58907310909957, 46.29056037375178, 33.14470874685708, 89.38081914081675, 24.10466031661685, 94.14426549613883, 66.09917142095081, 84.13069218206924, 19.347184395201104, 46.94051297255047], [43.37523934752293, 75.21608144669088, 54.72999479420233, 30.970146911089625, 61.85624853517935, 67.29426132401166, 42.175865361530576, 80.97314588758691, 104.3432656549638, 60.72136806191332, 92.60378211444664, 81.22422155318702, 63.85536328253677, 16.583490733864355, 64.48544919458712, 81.24059582586199, 46.34558275767805, 24.710484809414083, 51.90633123663571, 21.105456561961997, 38.23632802497971, 75.47535619843079, 75.85277356007693, 86.58018323621974, 5.464136522801248, 80.28979586756965, 63.3857410352334, 71.78530462969398, 29.9903717206335, 55.73288983530801, 34.83752202022494, 52.93206233506625, 0.0, 55.8986417139795, 86.6278011446394, 63.55497446521244, 103.61199762435663, 60.078700535965524, 64.22900573326676, 95.50479073713316, 47.267055529556636, 53.59334217317721, 77.70496300336829, 58.82395517801162, 63.49789308173276, 85.01110060046167, 18.494233981960633, 84.43120958527871, 72.26049813375599, 63.856750538202604], [56.790666361172924, 63.1554984738801, 37.99536687037019, 59.58368601321557, 92.38517497572084, 88.45234839762402, 17.673035563334736, 76.57161782321202, 69.76932862629576, 9.915722566619213, 52.56371933973943, 58.241953680837355, 92.97332624484842, 54.53696361243332, 77.96361219910081, 25.34314392852834, 62.32305847103352, 31.427490123947056, 31.494270574292788, 36.71809061305043, 31.64141223718154, 19.660770991426613, 54.69395276176089, 46.051361603951534, 59.191340210680686, 39.355770298503195, 49.05229760474363, 23.269887009260252, 54.820974528753595, 86.14558153959874, 49.520051198187836, 78.3213612511069, 55.8986417139795, 0.0, 32.20564904131676, 40.033746465120046, 79.13284868665771, 31.060081444753926, 38.497184307154704, 80.72523133179253, 9.427336293966686, 37.961781272946894, 80.70401634436868, 14.364327347363188, 69.16579774592743, 31.25068552019105, 42.539142260369715, 37.669007486588484, 92.29677879396353, 47.15195255413244], [75.408331670008, 65.76362196615527, 49.77053151072114, 83.1377355679037, 110.99738921429106, 103.36347947774924, 49.66408747563302, 80.26789835148078, 52.96549847577988, 33.20988053556762, 35.26131121471495, 54.69787126727678, 110.89451611450014, 86.67719258943285, 91.05735203457434, 13.086342468677119, 80.32568673382872, 61.93780193147793, 45.82589953820476, 66.10194123133832, 54.448919450453246, 17.4764359204379, 53.99320991743012, 31.023319593596625, 90.42903966601082, 27.846274063440713, 55.89035840261533, 18.06101239414885, 78.46061395137527, 105.48729476206775, 71.36796386592032, 96.73946882828884, 86.6278011446394, 32.20564904131676, 0.0, 45.396400259335216, 68.59512541990142, 39.01415894982659, 43.13620802142373, 76.82675492778586, 39.57895696176404, 50.504249212742224, 87.77170909288934, 38.951308158319364, 80.3844786602221, 2.780141761118639, 74.61758441697323, 19.014180180574396, 106.11753687804361, 53.33153954017165], [33.82304696501047, 23.276625072434474, 8.989649124098612, 45.85411882956899, 67.16777895441565, 58.28340672689567, 49.92713431326649, 37.27809235912765, 40.78860130535194, 49.64426402491803, 31.04044112553004, 19.905069958039427, 66.72343951432772, 72.19907284365382, 45.77653352219578, 50.79720650549912, 37.670421499430326, 44.73756855384126, 12.59477425011876, 44.107469181592066, 25.757231849161347, 48.95728711117635, 15.31956406504206, 26.353166706275125, 68.80772891941095, 22.295992988245747, 10.585892949237085, 28.236441468828822, 42.089968647676784, 62.26107002481722, 34.103365913249284, 53.298868859766365, 63.55497446521244, 40.033746465120046, 45.396400259335216, 0.0, 42.729132149060035, 8.990732627650612, 2.262076202982668, 41.06087117099961, 36.16817141882362, 10.169942197861994, 43.182366160881315, 54.369308103101844, 35.00005671240092, 42.6474615891407, 61.495231848531276, 30.880576434566283, 60.816608486269, 8.100244434780132], [64.35164418481303, 29.976591267318447, 50.24482645953174, 79.11699248761168, 84.08166214813936, 70.34397684799383, 91.84399458017614, 34.148694629973946, 19.27348618858836, 87.57093347093281, 33.66738784105065, 22.96715846442167, 82.36443354212474, 114.09632251075446, 59.02881801097742, 79.61862664653502, 64.89403249594925, 87.19762520076287, 55.26722524306084, 85.83934956238862, 67.68794921352465, 80.66563835680387, 28.137517219197154, 37.664407369511, 109.04637682812499, 42.35869716954825, 40.24870290883493, 59.126754067000135, 76.98749237501033, 82.04744316258372, 69.91699472584469, 74.26691706549622, 103.61199762435663, 79.13284868665771, 68.59512541990142, 42.729132149060035, 0.0, 50.18633700454865, 43.175707946007, 16.885339756903164, 77.57177442043702, 51.225153732474176, 44.462596450953264, 93.16627964295961, 50.21700179436701, 66.18176521258972, 103.88798925482756, 49.71575534903173, 69.76113199805452, 40.018942042747554], [36.940536205355826, 32.24061043526284, 10.77612854526592, 46.83314596202423, 72.06740248705316, 64.46984172279812, 41.72456540929203, 46.089295237003135, 45.48590250861631, 40.65353273080746, 32.53116669237421, 27.929226932225788, 71.9057019867512, 66.96868035439657, 52.3834016664337, 42.92778826531157, 41.57519644124486, 39.05573024115478, 8.652006519213879, 39.58059316460149, 21.919106874011526, 40.60693630288908, 23.858960647761783, 26.648369802338017, 65.09584291149194, 20.82574489642564, 18.81237226435823, 21.111116356647617, 42.54969686584391, 66.6984269699348, 34.73637135655124, 57.866127548526485, 60.078700535965524, 31.060081444753926, 39.01415894982659, 8.990732627650612, 50.18633700454865, 0.0, 7.493710328539683, 49.83040148835415, 27.641830466411516, 11.584819982081804, 51.46341796670684, 45.407846856725165, 42.05898321571304, 36.36390656288762, 55.69656170859656, 27.434416854699084, 67.42035253368682, 16.582868628736364], [35.72476436863795, 25.10458002196451, 10.203333754899361, 47.44217831225501, 69.33153368070748, 60.53041318279147, 49.00916334210247, 39.25089525294279, 40.198878267815225, 48.01122250314109, 29.590908568203048, 20.60426125458739, 68.9109726434551, 72.40667298275267, 48.03460936107846, 48.63297798011149, 39.69286071276871, 44.75883156357925, 12.651167419579734, 44.4586580227333, 26.17504171904465, 46.886438727961256, 16.376663495928685, 24.641402486448598, 69.42988723549223, 20.287302769135106, 12.815708553319913, 26.022027445254643, 43.570528659838025, 64.37718041278879, 35.58274393459476, 55.42140905257784, 64.22900573326676, 38.497184307154704, 43.13620802142373, 2.262076202982668, 43.175707946007, 7.493710328539683, 0.0, 42.33682665657468, 35.056365364346114, 11.377460258774397, 45.3418312202806, 52.856325774528514, 37.26210668318854, 40.386485191514424, 61.515488438480276, 28.720042696014666, 63.07638476816049, 10.30306647149354], [53.54545125098578, 20.57239434851002, 46.26533836409292, 68.25632886686424, 68.51787571677109, 54.42682166896227, 90.77336591496498, 18.538613753103693, 34.39451598463257, 90.02741635078368, 44.373811523530925, 22.990186249360065, 66.63579255179083, 107.73968577302351, 43.90132682402471, 86.26888877859061, 52.90859184536952, 82.45330077866326, 52.405767810249806, 79.90431500549862, 62.772362714439396, 86.16885913334336, 26.031510216339672, 46.35532899337968, 100.96438849979916, 49.06432276549184, 34.602116854663926, 64.06396575671444, 66.94213318133527, 67.08797031594669, 60.7687543259313, 59.89162808876927, 95.50479073713316, 80.72523133179253, 76.82675492778586, 41.06087117099961, 16.885339756903164, 49.83040148835415, 42.33682665657468, 0.0, 77.2169481348578, 46.9703511916602, 28.32394274438704, 95.08635434034474, 36.49327667408489, 74.180406971678