instance_id,num_cities,city_coordinates,distance_matrix,best_route,total_distance
394,48,"[[21.157516885336392, 26.093075153770062], [78.38690141182222, 1.8974555241481728], [39.98545593824237, 61.88893113488879], [44.21040087310716, 91.7243301768003], [75.87560624255298, 28.904926590929136], [10.925025465712023, 88.59181451632902], [67.36823565103856, 90.08666661384103], [68.9268856020493, 4.733962140105341], [8.11141328946714, 66.78588532136366], [86.32174845568046, 26.486041669209836], [79.83042363934177, 71.47631547850261], [28.78081050694692, 91.59126941107174], [77.56947761355242, 81.392728383906], [54.48402451447316, 91.81986538610684], [46.630612733096136, 20.747036393449836], [90.89377941833155, 27.37179394413516], [81.76204230574157, 80.40218160545132], [27.522720678259883, 5.070940505559907], [67.30457468442512, 84.62343228138349], [40.71490254550236, 10.894358862723518], [10.339067332360985, 65.69779945244893], [48.273088253809846, 32.91381388840824], [19.237839544843848, 90.13802683433465], [28.53920984715441, 51.37206623020995], [90.00769900889183, 53.765773610783675], [95.71452147175623, 29.400435619356912], [85.85949393176885, 40.57730995329404], [57.157108919590804, 73.79673555266857], [67.75926534579794, 17.035402089761963], [33.96064803450815, 73.49757576974947], [25.294253038117443, 72.05061580988328], [71.68340913573478, 6.652786126716103], [67.30733925396342, 89.52179519747658], [27.600226082111224, 7.064106095405043], [38.35672548884163, 88.08913750630455], [87.9537130933161, 94.119404494088], [44.42622064246747, 29.986617869830447], [38.67362868559755, 8.821395246065455], [62.05821987078348, 20.819509546651982], [93.45977019430799, 70.19504463925522], [50.196751810415066, 41.91932859959273], [99.90145789794204, 14.467651387773884], [13.742162278493419, 8.406964054445353], [47.50558320422574, 3.8197221052498675], [37.07701909163548, 78.98652809023524], [33.821635633873925, 91.45560498068393], [7.559225785577972, 71.23850042481673], [29.082363371433694, 24.98543875149548]]","[[0.0, 62.13397188770182, 40.44545208550568, 69.56218150727915, 54.79028938971752, 63.330847953913924, 78.93421486783338, 52.3270895074795, 42.73295705155404, 65.16541643261158, 74.17646856878967, 65.94033709808068, 78.99595534313812, 73.69305981570119, 26.028037622840507, 69.74798515954176, 81.37805321468795, 21.96465261489299, 74.534244807326, 24.768776932989425, 41.05573087285913, 27.960269804223472, 64.07371533520944, 26.334706773102322, 74.20327363627267, 74.63032604879035, 66.30338521859056, 59.762947066608014, 47.473828589093046, 49.10302277735338, 46.14334328108471, 54.13677701114338, 78.44111569221033, 20.09005139909852, 64.33758251446999, 95.3378902188019, 23.59220738758696, 24.599290628663567, 41.23927738111253, 84.69120111353575, 33.07185303494987, 79.59747938179768, 19.177747776078505, 34.50105585005502, 55.23719683364117, 66.57807603897295, 47.14894424838619, 8.001877918829587], [62.13397188770182, 0.0, 71.2295455581068, 96.10879563773581, 27.123976420322407, 109.84997308708587, 88.87490054998808, 9.876116083943247, 95.65120256632133, 25.837189596055996, 69.59383240610487, 102.49753413836274, 79.4994753989819, 93.04508218789375, 36.929237327555654, 28.37893435993909, 78.57724602678721, 50.96308358629548, 83.46499383652657, 38.73143127058014, 93.27910595774034, 43.2302698244631, 106.23092744060808, 70.23196892329459, 53.15416595083079, 32.5063121725439, 39.39506032016042, 74.96806358632186, 18.49605564911715, 84.26309517416195, 87.97894753524787, 8.218879353980268, 88.32203349559322, 51.048806736014356, 95.0337888718426, 92.71683642987045, 44.07186040548001, 40.31234267442472, 24.99339851439199, 69.94106127497653, 48.95339476498754, 24.917583447123302, 64.97165535002277, 30.941087942211247, 87.45988501254226, 100.03361958830824, 99.11982719180361, 54.44256093243952], [40.44545208550568, 71.2295455581068, 0.0, 30.133058186860712, 48.74471709449095, 39.46584092771326, 39.30558371199294, 64.0647862072429, 32.248019397792106, 58.31309104121193, 40.982183807769765, 31.745440275949115, 42.34332051718367, 33.25762041864097, 41.675095821651496, 61.50683018493724, 45.694896996348554, 58.168753032147045, 35.541409530968274, 50.99978915224974, 29.890062482896333, 30.13705806553342, 35.04960761326822, 15.544162795114177, 50.67751463894578, 64.50760487028965, 50.58272985139601, 20.896446400379855, 52.75626556921234, 13.078950284154232, 17.863126212582635, 63.685099923563754, 38.85949670568743, 56.206364045357056, 26.25078240322715, 57.790631658196396, 32.209905042086184, 53.083747569781984, 46.62514661868657, 54.115559746748275, 22.42890074896124, 76.41141972041133, 59.573746440067495, 58.55412326578279, 17.343206927733195, 30.202332410728992, 33.74721985320754, 38.48045188938881], [69.56218150727915, 96.10879563773581, 30.133058186860712, 0.0, 70.34886422660811, 33.43245235357889, 23.21566827699374, 90.43355985758643, 43.87553915761549, 77.64921044427889, 40.972772924096205, 15.430164096174778, 34.92234236963284, 10.274067826360291, 71.01854446730988, 79.5021179087274, 39.221382211197565, 88.24561525538438, 24.161200610658796, 80.90551755716517, 42.71589326438208, 58.950676458040306, 25.022893069910804, 43.28846767659022, 59.48314494975387, 80.8513591193587, 65.95956814862284, 22.11370385638917, 78.31337686975286, 20.91104993699061, 27.292410774906326, 89.39761624374455, 23.20171810242111, 86.27428033950497, 6.890583520717396, 43.80883181482943, 61.738089532079165, 83.08761921240755, 73.11660708462422, 53.749516409854195, 50.163478544158544, 95.23701092565965, 88.7135675115416, 87.96634780873993, 14.599203321987579, 10.392240202522679, 41.987829854899324, 68.43198921068029], [54.79028938971752, 27.123976420322407, 48.74471709449095, 70.34886422660811, 0.0, 88.21055794783405, 61.7703866477501, 25.1499550898754, 77.63345207396057, 10.722541275341635, 42.754692519756915, 78.40597784316513, 52.51512674725557, 66.45215792154589, 30.36150223296439, 15.096225397440929, 51.832590168317246, 53.90788843120455, 56.37388099419462, 39.505134278522206, 75.15818934574641, 27.89211674797697, 83.41060593187822, 52.397583792320475, 28.596813817294706, 19.84510233455011, 15.35977040026606, 48.638016549681076, 14.37917248787795, 61.199412434822364, 66.48325947312178, 22.64359229056825, 61.21944102040781, 52.98616583177989, 70.07451201889924, 66.32351614080821, 31.467982309733756, 42.27688925912522, 16.00918907773435, 44.87846555227689, 28.788508550983252, 28.029920853587917, 65.42729802599234, 37.86985201032031, 63.35216786853185, 75.37323006860048, 80.3695173078162, 46.95710769754696], [63.330847953913924, 109.84997308708587, 39.46584092771326, 33.43245235357889, 88.21055794783405, 0.0, 56.463001680909464, 101.96251852728902, 21.98669965079243, 97.68210101428001, 70.99925495933246, 18.10596004370892, 67.03215529302213, 43.678446750632595, 76.66683038088563, 100.71192842754249, 71.30885668701723, 85.15409492145051, 56.51903774541746, 83.21256750919906, 22.90151245396707, 67.04414626159725, 8.455391797342369, 41.17728929768826, 86.4113556188761, 103.40637295971608, 88.99756857759752, 48.54173361168058, 91.38080204347142, 27.540442089239825, 21.910863873286658, 102.00777205501294, 56.3899829064006, 83.21556078020721, 27.436305333178083, 77.22676329222419, 67.50480836389235, 84.45889397338968, 84.89810887746405, 84.56018702276214, 60.99663459356746, 115.80672298219929, 80.23432247745707, 92.3279202420009, 27.860156100381822, 23.075009274461948, 17.676711160322483, 66.14725963907924], [78.93421486783338, 88.87490054998808, 39.30558371199294, 23.21566827699374, 61.7703866477501, 56.463001680909464, 0.0, 85.36693476194776, 63.67336495922525, 66.36471307090363, 22.397573503315062, 38.61674777642869, 13.403354040078158, 13.000264404841138, 72.3742587069972, 66.98213540582472, 17.34851347783717, 93.89003540932447, 5.463605228236481, 83.55729634557582, 62.02534063216492, 60.27735680075826, 48.13042350957918, 54.83168361215027, 42.79897860546583, 66.98007578486087, 52.84981579670761, 19.225736997666395, 73.05231107082895, 37.29966280530802, 45.776840667692795, 83.54539565615133, 0.5681444254785201, 92.0556361126882, 29.080196774208925, 20.97676944472852, 64.33002340809422, 86.18250866260126, 69.47039164822087, 32.809218210778006, 51.13660439125425, 82.32038637862793, 97.7104372907467, 88.52406834907232, 32.260980702574635, 33.57451957904751, 62.708620059572674, 75.52468394766875], [52.3270895074795, 9.876116083943247, 64.0647862072429, 90.43355985758643, 25.1499550898754, 101.96251852728902, 85.36693476194776, 0.0, 86.88476761259842, 27.852005628627975, 67.62713117439, 95.68646284561193, 77.14441547318232, 88.27542568895919, 27.45072550753333, 31.54387187273248, 76.74907611602956, 41.40553619330557, 79.90594053114958, 28.8767462807522, 84.55248020873142, 34.93827971521313, 98.80716352760658, 61.69503307400002, 53.37152077644271, 36.41445247962175, 39.64162972564205, 70.05850636853452, 12.356729417520494, 77.14319366630285, 80.22056148990677, 3.3586169003556674, 84.80329925738889, 41.39229829242764, 88.78411991835576, 91.38805977369024, 35.18492866080162, 30.528129052539956, 17.490666205039897, 69.90719382422378, 41.63615484862751, 32.4679662942363, 55.30682264748317, 21.440802952789188, 80.79515794222802, 93.55758607561951, 90.49222775361868, 44.69572973705321], [42.73295705155404, 95.65120256632133, 32.248019397792106, 43.87553915761549, 77.63345207396057, 21.98669965079243, 63.67336495922525, 86.88476761259842, 0.0, 87.98257739575187, 71.87222398551768, 32.28824958358541, 70.97733838277193, 52.698379763589635, 60.0275298207859, 91.68637162079146, 74.89872281280199, 64.69569744704746, 61.82239430400974, 64.70587486113818, 2.4791880511476365, 52.538341800067755, 25.867351516113107, 25.590636787252375, 82.92481488428918, 95.24692337613389, 82.04665420591894, 49.54424568815756, 77.67223980748727, 26.706361144476205, 17.97129291243523, 87.50650418472443, 63.41198032461101, 62.821212484167084, 36.99469507500799, 84.39143385636595, 51.700593014539, 65.52809412464866, 70.87429465034525, 85.41641758825327, 48.88273070952394, 105.65325310256962, 58.64984043001709, 74.27407578308298, 31.43027208695824, 35.63159554480106, 4.48672400521246, 46.76599278087377], [65.16541643261158, 25.837189596055996, 58.31309104121193, 77.64921044427889, 10.722541275341635, 97.68210101428001, 66.36471307090363, 27.852005628627975, 87.98257739575187, 0.0, 45.456155087142484, 86.88872320007762, 55.59987851497301, 72.67839560163046, 40.10389552778896, 4.657040284985259, 54.108604360103065, 62.57740986505624, 61.16869367117937, 48.19839174301161, 85.5039752241933, 38.58778043447578, 92.47608366609549, 62.91371858741545, 27.527622605027904, 9.83452474846522, 14.098848218876396, 55.577674969401, 20.829795190190914, 70.3688082590738, 76.16091920113361, 24.650334753502356, 65.84112681422405, 61.850050697656, 78.07422650864787, 67.65304927037735, 42.041518579661876, 50.81715311662858, 24.91642842957419, 44.28801525217127, 39.28360635298093, 18.134227678430705, 74.79738883846413, 44.94949084699175, 71.98155628063557, 83.53026998152261, 90.58872745563163, 57.259051807896235], [74.17646856878967, 69.59383240610487, 40.982183807769765, 40.972772924096205, 42.754692519756915, 70.99925495933246, 22.397573503315062, 67.62713117439, 71.87222398551768, 45.456155087142484, 0.0, 54.86961247062493, 10.170895822983518, 32.500768782296895, 60.62744593581062, 45.47094303913202, 9.132482509624337, 84.53265413058969, 18.158842811973983, 72.11239462005638, 69.7311970989106, 49.82902713801441, 63.40126747926411, 55.090556814333866, 20.42645899797309, 44.97426186021263, 31.48171264461158, 22.791743015870207, 55.763123237029625, 45.91428761510693, 54.539194390057396, 65.33348148494697, 21.965131021944938, 82.92723469692774, 44.67721448351744, 24.056128360997207, 54.542209319965586, 74.96346310168447, 53.68391951048596, 13.689439085619078, 41.854151280662414, 60.43868130278364, 91.35316841112318, 74.98206409555141, 43.40802798899371, 50.15955126139043, 72.27158912890758, 68.82417627404635], [65.94033709808068, 102.49753413836274, 31.745440275949115, 15.430164096174778, 78.40597784316513, 18.10596004370892, 38.61674777642869, 95.68646284561193, 32.28824958358541, 86.88872320007762, 54.86961247062493, 0.0, 49.84319689909499, 25.704230516327375, 73.05833827406526, 89.34294564337523, 54.1498532670172, 86.52947534762355, 39.148833452196435, 81.57459117171734, 31.789458595822115, 61.83035402110358, 9.652989628627179, 40.219928833629915, 71.96874327211226, 91.36641325579839, 76.5532504931752, 33.49417481953053, 84.13024006656046, 18.820533106104016, 19.849262609605674, 95.15870381499334, 38.5820701986742, 84.53540747981023, 10.196228499737725, 59.22688466814638, 63.560301681367214, 83.35898224430775, 78.20503799804365, 68.12610557433453, 54.09199798392241, 104.91043295267546, 84.53277233241334, 89.74665246694656, 15.089949656836602, 5.042650374349891, 29.403925987767405, 66.60651328498008], [78.99595534313812, 79.4994753989819, 42.34332051718367, 34.92234236963284, 52.51512674725557, 67.03215529302213, 13.403354040078158, 77.14441547318232, 70.97733838277193, 55.59987851497301, 10.170895822983518, 49.84319689909499, 0.0, 25.331074411727073, 68.08166652699103, 55.63989914019309, 4.307990438533734, 91.26715282448285, 10.761304745131163, 79.550485910469, 69.03809716917769, 56.64347782560161, 58.983559105617566, 57.4909324449608, 30.297821398833705, 55.06760502809908, 41.64880253047179, 21.779896758029754, 65.10073511466153, 44.31775549432699, 53.10342900188155, 74.97135966976748, 13.09172299473383, 89.56377722002954, 39.78042011251959, 16.42560900888183, 61.16423530819887, 82.3376308696681, 62.527705515782955, 19.43938063692442, 48.035563996126506, 70.55269856185927, 96.95797016045988, 83.1950061612088, 40.56388784377584, 44.890256885886735, 70.7427996792716, 74.38267655309885], [73.69305981570119, 93.04508218789375, 33.25762041864097, 10.274067826360291, 66.45215792154589, 43.678446750632595, 13.000264404841138, 88.27542568895919, 52.698379763589635, 72.67839560163046, 32.500768782296895, 25.704230516327375, 25.331074411727073, 0.0, 71.50540607273926, 74.0217816912598, 29.57116429117731, 90.8421040733832, 14.702216026538768, 82.08852737053182, 51.29463493634484, 59.23258083422958, 35.2862882126691, 48.05369772116701, 52.05809591629461, 74.80734650922165, 60.08510271640176, 18.22027961448056, 75.9535908937295, 27.512093321375204, 35.254304526523924, 86.8864213840427, 13.027606361104837, 88.91725001986539, 16.553190157044344, 33.548590636178204, 62.645909021554104, 84.49091467047252, 71.40321396565258, 44.57287991180992, 50.084371602538944, 89.70010181480136, 92.83109095029018, 88.2764060243275, 21.626335425594174, 20.665599432294965, 51.23991919799585, 71.49884595154701], [26.028037622840507, 36.929237327555654, 41.675095821651496, 71.01854446730988, 30.36150223296439, 76.66683038088563, 72.3742587069972, 27.45072550753333, 60.0275298207859, 40.10389552778896, 60.62744593581062, 73.05833827406526, 68.08166652699103, 71.50540607273926, 0.0, 44.75617653028793, 69.23116129376085, 24.715410598765985, 67.13871204005203, 11.492209602512478, 57.7723754675182, 12.277141379326464, 74.6021016949925, 35.56952784173425, 54.51429740173829, 49.84086089974813, 43.956169869061995, 54.08398749027201, 21.452183814999895, 54.250782574576796, 55.56345476994573, 28.745269144215495, 71.81569792302231, 23.438818178976874, 67.84847671410601, 84.20868734326855, 9.498905744763547, 14.336474877330705, 15.427777362690861, 68.10341774099308, 21.47052177244606, 53.63966462074958, 35.127305029516876, 16.9499127530748, 59.01787478862733, 71.85938745900904, 63.84325507078653, 18.05284216426248], [69.74798515954176, 28.37893435993909, 61.50683018493724, 79.5021179087274, 15.096225397440929, 100.71192842754249, 66.98213540582472, 31.54387187273248, 91.68637162079146, 4.657040284985259, 45.47094303913202, 89.34294564337523, 55.63989914019309, 74.0217816912598, 44.75617653028793, 0.0, 53.81087843738407, 67.18049679725826, 61.920922734381435, 52.81501255401429, 89.20731100911466, 42.979498605780165, 95.2584574217935, 66.81396123724815, 26.408848917274835, 5.230195119888332, 14.132575258188696, 57.388484382289974, 25.33864120152081, 73.27325022265539, 79.3693579703128, 28.254479491449654, 66.47512929974381, 66.47161860287764, 80.29158016153777, 66.8123304796627, 46.541071353706194, 55.417158303244, 29.570626054341357, 42.90005954261015, 43.21896366956588, 15.73706347152899, 79.4483278618061, 49.36836698350229, 74.56758325863618, 85.81354457847488, 94.17502729828408, 61.85746393789629], [81.37805321468795, 78.57724602678721, 45.694896996348554, 39.221382211197565, 51.832590168317246, 71.30885668701723, 17.34851347783717, 76.74907611602956, 74.89872281280199, 54.108604360103065, 9.132482509624337, 54.1498532670172, 4.307990438533734, 29.57116429117731, 69.23116129376085, 53.81087843738407, 0.0, 92.82618109272498, 15.061119722333775, 80.72301471656691, 72.92091749662565, 58.10899338244893, 63.27766282983768, 60.625221596416985, 27.88349126857326, 52.875795677305604, 40.0351034960375, 25.476158746819348, 64.89550453444303, 48.29748312303981, 57.08204512813559, 74.43488550440883, 17.09110272577333, 91.17003705252927, 44.080730699446434, 15.049883418759158, 62.735098996114274, 83.54891001161329, 62.75615848834905, 15.524898801655088, 49.772457639992716, 68.38421362458139, 99.04552200446979, 83.89504212570503, 44.70744204850401, 49.19817842335416, 74.76651009847511, 76.46021162122969], [21.96465261489299, 50.96308358629548, 58.168753032147045, 88.24561525538438, 53.90788843120455, 85.15409492145051, 93.89003540932447, 41.40553619330557, 64.69569744704746, 62.57740986505624, 84.53265413058969, 86.52947534762355, 91.26715282448285, 90.8421040733832, 24.715410598765985, 67.18049679725826, 92.82618109272498, 0.0, 88.94489786328569, 14.420328144010849, 63.01502969988986, 34.72467930354087, 85.46957605991766, 46.31228231906014, 79.21842770545966, 72.40197530421501, 68.29261588920362, 74.84271421651621, 41.97770679518632, 68.72882453689108, 67.01673650585911, 44.18901040538617, 93.35289354599267, 1.9946719419916819, 83.7221398047742, 107.61753473753599, 30.108458770923317, 11.764720997485993, 37.95679295355236, 92.67601328336352, 43.26563755349507, 72.98616154395106, 14.178605112213694, 20.021996459317563, 74.53052197697023, 86.61400917921888, 69.11358125577476, 19.975478109866142], [74.534244807326, 83.46499383652657, 35.541409530968274, 24.161200610658796, 56.37388099419462, 56.51903774541746, 5.463605228236481, 79.90594053114958, 61.82239430400974, 61.16869367117937, 18.158842811973983, 39.148833452196435, 10.761304745131163, 14.702216026538768, 67.13871204005203, 61.920922734381435, 15.061119722333775, 88.94489786328569, 0.0, 78.37720926155484, 60.02706561088688, 55.10065435279164, 48.382039850156126, 51.072564604059586, 38.30961958468703, 62.10237062136343, 47.79483152409334, 14.838747369776563, 67.58955961375308, 35.15113266386323, 43.851372143323566, 78.09350711120818, 4.89836369623579, 87.13142014426866, 29.15457229589021, 22.72796526955268, 59.23344133774138, 81.02888304482241, 64.01925331625017, 29.870932729188706, 46.00345720436276, 77.35884169264571, 93.15515043051015, 83.19398801513009, 30.74865535231375, 34.17288093292681, 61.22632698316886, 70.83521518232251], [24.768776932989425, 38.73143127058014, 50.99978915224974, 80.90551755716517, 39.505134278522206, 83.21256750919906, 83.55729634557582, 28.8767462807522, 64.70587486113818, 48.19839174301161, 72.11239462005638, 81.57459117171734, 79.550485910469, 82.08852737053182, 11.492209602512478, 52.81501255401429, 80.72301471656691, 14.420328144010849, 78.37720926155484, 0.0, 62.65866632292362, 23.280519127146107, 82.10251609256078, 42.26928301275607, 65.32792653744134, 58.02958692732139, 54.02880451091037, 65.0158068756503, 27.73283200811569, 62.96652063682276, 63.07047007131497, 31.25762850416055, 83.00259896334062, 13.662561070347548, 77.23078951339313, 95.69698763448585, 19.449633313029743, 2.90929151635218, 23.538177723569234, 79.36367177025626, 32.441550712877095, 59.29432311745355, 27.08718978491078, 9.806315773977357, 68.1892785277276, 80.85562135555908, 68.85284541886803, 18.27223303452525], [41.05573087285913, 93.27910595774034, 29.890062482896333, 42.71589326438208, 75.15818934574641, 22.90151245396707, 62.02534063216492, 84.55248020873142, 2.4791880511476365, 85.5039752241933, 69.7311970989106, 31.789458595822115, 69.03809716917769, 51.29463493634484, 57.7723754675182, 89.20731100911466, 72.92091749662565, 63.01502969988986, 60.02706561088688, 62.65866632292362, 0.0, 50.13760716998916, 26.009860848684554, 23.161861322302077, 80.55721019186862, 92.77104500187458, 79.58877952597152, 47.51338531423563, 75.26691209945014, 24.876004210241916, 16.248564710919783, 85.14365431390128, 61.74922492625095, 61.121662265288, 35.86587777282816, 82.65482968188532, 49.368233823111936, 63.5434711243275, 68.47577414065043, 83.24227566888317, 46.41175161585959, 103.17921241485715, 57.391818892709196, 72.18203625722624, 29.85813746853631, 34.85535195153814, 6.198942352564546, 44.819721777950136], [27.960269804223472, 43.2302698244631, 30.13705806553342, 58.950676458040306, 27.89211674797697, 67.04414626159725, 60.27735680075826, 34.93827971521313, 52.538341800067755, 38.58778043447578, 49.82902713801441, 61.83035402110358, 56.64347782560161, 59.23258083422958, 12.277141379326464, 42.979498605780165, 58.10899338244893, 34.72467930354087, 55.10065435279164, 23.280519127146107, 50.13760716998916, 0.0, 64.16896613529194, 27.020974010614236, 46.653852564839404, 47.57135075478001, 38.359706251803196, 41.8370542342081, 25.13632946370076, 43.03356449880129, 45.384095589872864, 35.180743353361024, 59.72241002358057, 33.099465605258615, 56.05934879059901, 72.94296613823511, 4.833928728309168, 25.934422300094692, 18.338540051168483, 58.580938803416586, 9.20867942173965, 54.82471580510892, 42.34348282200213, 29.104213452487954, 47.41357356925781, 60.29913587372461, 55.91422176151672, 20.763984536275007], [64.07371533520944, 106.23092744060808, 35.04960761326822, 25.022893069910804, 83.41060593187822, 8.455391797342369, 48.13042350957918, 98.80716352760658, 25.867351516113107, 92.47608366609549, 63.40126747926411, 9.652989628627179, 58.983559105617566, 35.2862882126691, 74.6021016949925, 95.2584574217935, 63.27766282983768, 85.46957605991766, 48.382039850156126, 82.10251609256078, 26.009860848684554, 64.16896613529194, 0.0, 39.8662161618237, 79.56955330476109, 97.66134273676494, 83.03438740072421, 41.290541176725675, 87.7400849458405, 22.218589096884283, 19.074448405365526, 98.59169937536319, 48.07344946761478, 83.49374716430344, 19.22835789187708, 68.83111684114395, 65.2123189492151, 83.60708386486243, 81.4778608593824, 76.85452184593383, 57.30180719768303, 110.60119821248658, 81.91562178086721, 90.82904305835038, 21.03787658349387, 14.643193659108185, 22.21670807843006, 65.89214204489343], [26.334706773102322, 70.23196892329459, 15.544162795114177, 43.28846767659022, 52.397583792320475, 41.17728929768826, 54.83168361215027, 61.69503307400002, 25.590636787252375, 62.91371858741545, 55.090556814333866, 40.219928833629915, 57.4909324449608, 48.05369772116701, 35.56952784173425, 66.81396123724815, 60.625221596416985, 46.31228231906014, 51.072564604059586, 42.26928301275607, 23.161861322302077, 27.020974010614236, 39.8662161618237, 0.0, 61.515079410258785, 70.67725973438796, 58.32788124575518, 36.35725431797308, 52.12695327381609, 22.78003872699851, 20.93160666101681, 62.13884409310717, 54.39089701392129, 44.31790859030326, 38.00693274217987, 73.19438588194159, 26.640842959351946, 43.740896725992116, 45.353971743014625, 67.59425768492316, 23.630560141555748, 80.339942007228, 45.44174976520059, 51.19520241290634, 28.90419849284767, 40.43011378852338, 28.893510323819136, 26.392217137849308], [74.20327363627267, 53.15416595083079, 50.67751463894578, 59.48314494975387, 28.596813817294706, 86.4113556188761, 42.79897860546583, 53.37152077644271, 82.92481488428918, 27.527622605027904, 20.42645899797309, 71.96874327211226, 30.297821398833705, 52.05809591629461, 54.51429740173829, 26.408848917274835, 27.88349126857326, 79.21842770545966, 38.30961958468703, 65.32792653744134, 80.55721019186862, 46.653852564839404, 79.56955330476109, 61.515079410258785, 0.0, 25.024738121689065, 13.825454025340136, 38.475975693054544, 42.94313673374794, 59.418986354243124, 67.24704858697004, 50.55109483512097, 42.353269209250215, 77.94702320052913, 62.01545270876665, 40.405870657707105, 51.411277146374424, 68.22890826143912, 43.20451017978389, 16.788023766845065, 41.536126158358535, 40.52442319403542, 88.7347378265351, 65.58229874643526, 58.63227211200178, 67.65646389128717, 84.27957593138052, 67.38103737068528], [74.63032604879035, 32.5063121725439, 64.50760487028965, 80.8513591193587, 19.84510233455011, 103.40637295971608, 66.98007578486087, 36.41445247962175, 95.24692337613389, 9.83452474846522, 44.97426186021263, 91.36641325579839, 55.06760502809908, 74.80734650922165, 49.84086089974813, 5.230195119888332, 52.875795677305604, 72.40197530421501, 62.10237062136343, 58.02958692732139, 92.77104500187458, 47.57135075478001, 97.66134273676494, 70.67725973438796, 25.024738121689065, 0.0, 14.90114383832772, 58.80225769888816, 30.567800039517657, 75.88213659318653, 82.32892612290112, 33.09002746367135, 66.49470564696445, 71.68311414154925, 82.06266196750302, 65.18262865898612, 51.29165050557831, 60.63959393438918, 34.732966036906035, 40.856872474646444, 47.207944632164484, 15.508658276715504, 84.61792670620126, 54.57540318470752, 76.79282031485211, 87.6445854676951, 97.57960762466394, 66.77826510511937], [66.30338521859056, 39.39506032016042, 50.58272985139601, 65.95956814862284, 15.35977040026606, 88.99756857759752, 52.84981579670761, 39.64162972564205, 82.04665420591894, 14.098848218876396, 31.48171264461158, 76.5532504931752, 41.64880253047179, 60.08510271640176, 43.956169869061995, 14.132575258188696, 40.0351034960375, 68.29261588920362, 47.79483152409334, 54.02880451091037, 79.58877952597152, 38.359706251803196, 83.03438740072421, 58.32788124575518, 13.825454025340136, 14.90114383832772, 0.0, 43.90167585115268, 29.69578590843206, 61.45920685213647, 68.25479753137093, 36.76730472858193, 52.342574248953596, 67.21069203035017, 67.18546544580435, 53.58303501773589, 42.76539365272666, 56.87656809198858, 30.933336771755485, 30.577351212865114, 35.687983827349996, 29.64609624276603, 78.96733932481258, 53.12384335214303, 62.08862930858901, 72.77732889523989, 84.08947968025721, 58.87910497144823], [59.762947066608014, 74.96806358632186, 20.896446400379855, 22.11370385638917, 48.638016549681076, 48.54173361168058, 19.225736997666395, 70.05850636853452, 49.54424568815756, 55.577674969401, 22.791743015870207, 33.49417481953053, 21.779896758029754, 18.22027961448056, 54.08398749027201, 57.388484382289974, 25.476158746819348, 74.84271421651621, 14.838747369776563, 65.0158068756503, 47.51338531423563, 41.8370542342081, 41.290541176725675, 36.35725431797308, 38.475975693054544, 58.80225769888816, 43.90167585115268, 0.0, 57.7430056142997, 23.198389904665493, 31.91066466057525, 68.69733140729998, 18.716427989164693, 72.98529411702697, 23.61624802434726, 36.89771946253113, 45.62238406428057, 67.5531930371859, 53.20345255571729, 36.48089079316204, 32.628448402264866, 73.12331774084264, 78.48999814268808, 70.63946743609107, 20.73991210400222, 29.263970730987648, 49.663815583828935, 56.30927128818111], [47.473828589093046, 18.49605564911715, 52.75626556921234, 78.31337686975286, 14.37917248787795, 91.38080204347142, 73.05231107082895, 12.356729417520494, 77.67223980748727, 20.829795190190914, 55.763123237029625, 84.13024006656046, 65.10073511466153, 75.9535908937295, 21.452183814999895, 25.33864120152081, 64.89550453444303, 41.97770679518632, 67.58955961375308, 27.73283200811569, 75.26691209945014, 25.13632946370076, 87.7400849458405, 52.12695327381609, 42.94313673374794, 30.567800039517657, 29.69578590843206, 57.7430056142997, 0.0, 65.80519423893598, 69.49784896643983, 11.099442270681646, 72.48780189079137, 41.37843856876924, 76.8969613618376, 79.68537598893153, 26.686419117399645, 30.223238879337305, 6.84261563683607, 59.04628307910822, 30.45737480852815, 32.24459467456007, 54.70189545813836, 24.18399962257844, 69.1327870689992, 81.79321065216635, 81.00629995359415, 39.485514169850795], [49.10302277735338, 84.26309517416195, 13.078950284154232, 20.91104993699061, 61.199412434822364, 27.540442089239825, 37.29966280530802, 77.14319366630285, 26.706361144476205, 70.3688082590738, 45.91428761510693, 18.820533106104016, 44.31775549432699, 27.512093321375204, 54.250782574576796, 73.27325022265539, 48.29748312303981, 68.72882453689108, 35.15113266386323, 62.96652063682276, 24.876004210241916, 43.03356449880129, 22.218589096884283, 22.78003872699851, 59.418986354243124, 75.88213659318653, 61.45920685213647, 23.198389904665493, 65.80519423893598, 0.0, 8.786358481129813, 76.75436539716551, 36.99699208792037, 66.73725241860483, 15.23939535861569, 57.797152995460095, 44.751890098419246, 64.84767161394238, 59.70303345810577, 59.590706067764195, 35.50770001227242, 88.50266876194918, 68.15845435262347, 70.98217071943682, 6.311922539311378, 17.958567247648272, 26.497896485955035, 48.756795416965595], [46.14334328108471, 87.97894753524787, 17.863126212582635, 27.292410774906326, 66.48325947312178, 21.910863873286658, 45.776840667692795, 80.22056148990677, 17.97129291243523, 76.16091920113361, 54.539194390057396, 19.849262609605674, 53.10342900188155, 35.254304526523924, 55.56345476994573, 79.3693579703128, 57.08204512813559, 67.01673650585911, 43.851372143323566, 63.07047007131497, 16.248564710919783, 45.384095589872864, 19.074448405365526, 20.93160666101681, 67.24704858697004, 82.32892612290112, 68.25479753137093, 31.91066466057525, 69.49784896643983, 8.786358481129813, 0.0, 80.17998460163015, 45.501005731451386, 65.02740927139571, 20.68483417222638, 66.43221634415879, 46.21051944216455, 64.62926601644419, 63.05723991920251, 68.19076824277735, 39.09001041255046, 94.24453728802402, 64.68357758879797, 71.75512555546716, 13.672616978204065, 21.195986852545953, 17.75361154939973, 47.21737679535756], [54.13677701114338, 8.218879353980268, 63.685099923563754, 89.39761624374455, 22.64359229056825, 102.00777205501294, 83.54539565615133, 3.3586169003556674, 87.50650418472443, 24.650334753502356, 65.33348148494697, 95.15870381499334, 74.97135966976748, 86.8864213840427, 28.745269144215495, 28.254479491449654, 74.43488550440883, 44.18901040538617, 78.09350711120818, 31.25762850416055, 85.14365431390128, 35.180743353361024, 98.59169937536319, 62.13884409310717, 50.55109483512097, 33.09002746367135, 36.76730472858193, 68.69733140729998, 11.099442270681646, 76.75436539716551, 80.17998460163015, 0.0, 82.98447235465154, 44.08510193087825, 87.99174489075604, 88.9670282716893, 35.88066371144038, 33.0809381801482, 17.127180761675092, 67.1701460310136, 41.29655507432704, 29.280204831844916, 57.96779474478837, 24.34324379625848, 80.18586196038117, 92.8710502701735, 91.01222655072453, 46.37817646774079], [78.44111569221033, 88.32203349559322, 38.85949670568743, 23.20171810242111, 61.21944102040781, 56.3899829064006, 0.5681444254785201, 84.80329925738889, 63.41198032461101, 65.84112681422405, 21.965131021944938, 38.5820701986742, 13.09172299473383, 13.027606361104837, 71.81569792302231, 66.47512929974381, 17.09110272577333, 93.35289354599267, 4.89836369623579, 83.00259896334062, 61.74922492625095, 59.72241002358057, 48.07344946761478, 54.39089701392129, 42.353269209250215, 66.49470564696445, 52.342574248953596, 18.716427989164693, 72.48780189079137, 36.99699208792037, 45.501005731451386, 82.98447235465154, 0.0, 91.52008155861841, 28.98604052707671, 21.152086515485756, 63.78074104577036, 85.62969072249803, 68.90252033087305, 32.51880888392442, 50.58425672940111, 81.82604153437515, 97.20516455300043, 87.95996177215343, 32.01349887372157, 33.541496198143925, 62.48292511378635, 75.00726687823457], [20.09005139909852, 51.048806736014356, 56.206364045357056, 86.27428033950497, 52.98616583177989, 83.21556078020721, 92.0556361126882, 41.39229829242764, 62.821212484167084, 61.850050697656, 82.92723469692774, 84.53540747981023, 89.56377722002954, 88.91725001986539, 23.438818178976874, 66.47161860287764, 91.17003705252927, 1.9946719419916819, 87.13142014426866, 13.662561070347548, 61.121662265288, 33.099465605258615, 83.49374716430344, 44.31790859030326, 77.94702320052913, 71.68311414154925, 67.21069203035017, 72.98529411702697, 41.37843856876924, 66.73725241860483, 65.02740927139571, 44.08510193087825, 91.52008155861841, 0.0, 81.73590395061551, 105.9300163961821, 28.435112783208883, 11.211971743539426, 37.10208161339134, 91.23044969796969, 41.53901191417929, 72.67929970068963, 13.922973816081818, 20.168025923091495, 72.54408584679942, 84.62051182139466, 67.23090495027175, 17.98251637326249], [64.33758251446999, 95.0337888718426, 26.25078240322715, 6.890583520717396, 70.07451201889924, 27.436305333178083, 29.080196774208925, 88.78411991835576, 36.99469507500799, 78.07422650864787, 44.67721448351744, 10.196228499737725, 39.78042011251959, 16.553190157044344, 67.84847671410601, 80.29158016153777, 44.080730699446434, 83.7221398047742, 29.15457229589021, 77.23078951339313, 35.86587777282816, 56.05934879059901, 19.22835789187708, 38.00693274217987, 62.01545270876665, 82.06266196750302, 67.18546544580435, 23.61624802434726, 76.8969613618376, 15.23939535861569, 20.68483417222638, 87.99174489075604, 28.98604052707671, 81.73590395061551, 0.0, 49.962238734691866, 58.41867474983275, 79.26837572873441, 71.32295340048175, 57.93568930587786, 47.66379630052393, 95.95768497420505, 83.3973949715961, 84.76459148448635, 9.192124163900534, 5.64802117990764, 35.10598179832801, 63.781585032221514], [95.3378902188019, 92.71683642987045, 57.790631658196396, 43.80883181482943, 66.32351614080821, 77.22676329222419, 20.97676944472852, 91.38805977369024, 84.39143385636595, 67.65304927037735, 24.056128360997207, 59.22688466814638, 16.42560900888183, 33.548590636178204, 84.20868734326855, 66.8123304796627, 15.049883418759158, 107.61753473753599, 22.72796526955268, 95.69698763448585, 82.65482968188532, 72.94296613823511, 68.83111684114395, 73.19438588194159, 40.405870657707105, 65.18262865898612, 53.58303501773589, 36.89771946253113, 79.68537598893153, 57.797152995460095, 66.43221634415879, 88.9670282716893, 21.152086515485756, 105.9300163961821, 49.962238734691866, 0.0, 77.50907636690837, 98.5102893149117, 77.73963704921312, 24.549779210064557, 64.42387793908058, 80.54284809233957, 113.37537969268415, 98.94485257480436, 53.079581204027306, 54.197579631591104, 83.58713633389567, 90.80386025590619], [23.59220738758696, 44.07186040548001, 32.209905042086184, 61.738089532079165, 31.467982309733756, 67.50480836389235, 64.33002340809422, 35.18492866080162, 51.700593014539, 42.041518579661876, 54.542209319965586, 63.560301681367214, 61.16423530819887, 62.645909021554104, 9.498905744763547, 46.541071353706194, 62.735098996114274, 30.108458770923317, 59.23344133774138, 19.449633313029743, 49.368233823111936, 4.833928728309168, 65.2123189492151, 26.640842959351946, 51.411277146374424, 51.29165050557831, 42.76539365272666, 45.62238406428057, 26.686419117399645, 44.751890098419246, 46.21051944216455, 35.88066371144038, 63.78074104577036, 28.435112783208883, 58.41867474983275, 77.50907636690837, 0.0, 21.93305639749686, 19.872676513148004, 63.411407214514604, 13.254758214333394, 57.60503683899862, 37.51256984632792, 26.34746492057981, 49.547976397048565, 62.377027819853346, 55.32533889736509, 16.13833165254469], [24.599290628663567, 40.31234267442472, 53.083747569781984, 83.08761921240755, 42.27688925912522, 84.45889397338968, 86.18250866260126, 30.528129052539956, 65.52809412464866, 50.81715311662858, 74.96346310168447, 83.35898224430775, 82.3376308696681, 84.49091467047252, 14.336474877330705, 55.417158303244, 83.54891001161329, 11.764720997485993, 81.02888304482241, 2.90929151635218, 63.5434711243275, 25.934422300094692, 83.60708386486243, 43.740896725992116, 68.22890826143912, 60.63959393438918, 56.87656809198858, 67.5531930371859, 30.223238879337305, 64.84767161394238, 64.62926601644419, 33.0809381801482, 85.62969072249803, 11.211971743539426, 79.26837572873441, 98.5102893149117, 21.93305639749686, 0.0, 26.28295743762894, 82.26935116585415, 35.0464771243022, 61.487618903920854, 24.93491067602107, 10.14988447356289, 70.18329594166639, 82.77653323882856, 69.74239088760899, 18.795442872465582], [41.23927738111253, 24.99339851439199, 46.62514661868657, 73.11660708462422, 16.00918907773435, 84.89810887746405, 69.47039164822087, 17.490666205039897, 70.87429465034525, 24.91642842957419, 53.68391951048596, 78.20503799804365, 62.527705515782955, 71.40321396565258, 15.427777362690861, 29.570626054341357, 62.75615848834905, 37.95679295355236, 64.01925331625017, 23.538177723569234, 68.47577414065043, 18.338540051168483, 81.4778608593824, 45.353971743014625, 43.20451017978389, 34.732966036906035, 30.933336771755485, 53.20345255571729, 6.84261563683607, 59.70303345810577, 63.05723991920251, 17.127180761675092, 68.90252033087305, 37.10208161339134, 71.32295340048175, 77.73963704921312, 19.872676513148004, 26.28295743762894, 0.0, 58.514962431857846, 24.205304968415117, 38.372604374093314, 49.88499480663088, 22.377935718061526, 63.30452147056846, 76.07077406950555, 74.24429269291832, 33.23796139966285], [84.69120111353575, 69.94106127497653, 54.115559746748275, 53.749516409854195, 44.87846555227689, 84.56018702276214, 32.809218210778006, 69.90719382422378, 85.41641758825327, 44.28801525217127, 13.689439085619078, 68.12610557433453, 19.43938063692442, 44.57287991180992, 68.10341774099308, 42.90005954261015, 15.524898801655088, 92.67601328336352, 29.870932729188706, 79.36367177025626, 83.24227566888317, 58.580938803416586, 76.85452184593383, 67.59425768492316, 16.788023766845065, 40.856872474646444, 30.577351212865114, 36.48089079316204, 59.04628307910822, 59.590706067764195, 68.19076824277735, 67.1701460310136, 32.51880888392442, 91.23044969796969, 57.93568930587786, 24.549779210064557, 63.411407214514604, 82.26935116585415, 58.514962431857846, 0.0, 51.68370030522857, 56.09846432012553, 100.85962479691513, 80.73085372651947, 57.06404124468205, 63.31444163759143, 85.90688173652109, 78.66612341894331], [33.07185303494987, 48.95339476498754, 22.42890074896124, 50.163478544158544, 28.788508550983252, 60.99663459356746, 51.13660439125425, 41.63615484862751, 48.88273070952394, 39.28360635298093, 41.854151280662414, 54.09199798392241, 48.035563996126506, 50.084371602538944, 21.47052177244606, 43.21896366956588, 49.772457639992716, 43.26563755349507, 46.00345720436276, 32.441550712877095, 46.41175161585959, 9.20867942173965, 57.30180719768303, 23.630560141555748, 41.536126158358535, 47.207944632164484, 35.687983827349996, 32.628448402264866, 30.45737480852815, 35.50770001227242, 39.09001041255046, 41.29655507432704, 50.58425672940111, 41.53901191417929, 47.66379630052393, 64.42387793908058, 13.254758214333394, 35.0464771243022, 24.205304968415117, 51.68370030522857, 0.0, 56.78162016876002, 49.51783189263987, 38.194533685996376, 39.32053744153688, 52.17266628704223, 51.74526511706814, 27.06610471677965], [79.59747938179768, 24.917583447123302, 76.41141972041133, 95.23701092565965, 28.029920853587917, 115.80672298219929, 82.32038637862793, 32.4679662942363, 105.65325310256962, 18.134227678430705, 60.43868130278364, 104.91043295267546, 70.55269856185927, 89.70010181480136, 53.63966462074958, 15.73706347152899, 68.38421362458139, 72.98616154395106, 77.35884169264571, 59.29432311745355, 103.17921241485715, 54.82471580510892, 110.60119821248658, 80.339942007228, 40.52442319403542, 15.508658276715504, 29.64609624276603, 73.12331774084264, 32.24459467456007, 88.50266876194918, 94.24453728802402, 29.280204831844916, 81.82604153437515, 72.67929970068963, 95.95768497420505, 80.54284809233957, 57.60503683899862, 61.