instance_id,num_cities,city_coordinates,distance_matrix,best_route,total_distance
1256,44,"[[64.03360178973593, 77.53269163402841], [28.789720235402005, 96.5685971582814], [12.892049462799825, 17.741796397514133], [57.598657955579945, 26.445525899212154], [23.39970827663913, 26.529467203769997], [67.97769351387191, 0.2680134902747655], [68.01034504665566, 98.42391242702324], [34.46893945730686, 5.673111881342696], [26.39369942968188, 76.1605672348883], [12.979646320348115, 63.21730374146164], [93.27277087226454, 42.75734965744016], [43.16431086432158, 15.760049800289266], [96.18278218592562, 85.77382143262493], [73.07880809773512, 82.48143208175395], [8.491597703293518, 39.32779117935108], [20.76327308970448, 93.86723054665282], [3.250673496162615, 60.05738490289247], [40.20776529368313, 84.62292548378518], [83.35806781061198, 18.57141966257253], [44.05215479775879, 36.55710131563013], [64.58754553466176, 50.76848831703506], [53.1609205109911, 29.555617609504402], [60.72629459730624, 89.24904884683778], [29.958138287655256, 94.26400445010968], [80.14532679435811, 65.33982189468298], [39.793471101821495, 45.57391600025211], [87.53581088936649, 27.414568774108126], [95.85089814530264, 18.43193712571224], [17.040733613195936, 68.04284549209399], [44.42141690870031, 48.80701103211905], [60.05420740920558, 34.801506096387705], [92.02636161681367, 37.819349599079125], [16.14547849952006, 6.913375906657171], [81.6964660953016, 19.342441462627804], [79.53740255576427, 65.92631967910253], [2.6832485211984114, 95.04059011814351], [30.138484456046864, 7.924504315424697], [45.239792280909526, 95.16527767838781], [71.58498396770821, 79.5614775866339], [31.58944087933506, 35.29186643754161], [88.82221624816836, 47.199772172692164], [15.851979562552032, 70.68436145531027], [60.34932643929527, 32.00404574975817], [93.823381787162, 31.938900286126238]]","[[0.0, 40.05617163614372, 78.67915561057178, 51.49084389447629, 65.2107522140099, 77.36527869907947, 21.266348843962756, 77.70372231150287, 37.66490375722627, 53.02298274885034, 45.434055709625554, 65.20265778976345, 33.18864294459873, 10.310469881301396, 67.41311917342342, 46.25082169320677, 63.24516358812712, 24.85843721517662, 62.04729308748273, 45.587906574380085, 26.76993524209389, 49.193646237535845, 12.174206635475155, 37.96148102262604, 20.20529027520301, 40.1116850278971, 55.355036551020554, 67.12108112083872, 47.94149391972733, 34.7822155972105, 42.91607853809654, 48.58748952478742, 85.32502625877743, 60.811857318182724, 19.366871408381662, 63.79962660944366, 77.42208161013478, 25.77043589980176, 7.819165252076901, 53.26265943848596, 39.17347839823159, 48.66588483403752, 45.67747235687568, 54.463059056309774], [40.05617163614372, 0.0, 80.41393196562241, 75.81028964045446, 70.24622376826063, 103.9687436899803, 39.26448274626259, 91.07273343158553, 20.548201893488198, 36.908904207173, 83.98639280879357, 82.0770990097596, 68.25212071455609, 46.47549379587911, 60.73321700228003, 8.468839079419189, 44.5568348147298, 16.52485475602734, 95.19067314808758, 61.92189872769386, 58.13032139964765, 71.30704615167899, 32.76462374966324, 2.5838630566246286, 60.1051971921117, 52.16838160743819, 90.73798988782403, 102.96863223190176, 30.85056230881005, 50.25454258246542, 69.22890795389739, 86.3153920339455, 90.54245162769293, 93.6109121898368, 59.281332896615965, 26.151150469515166, 88.65435331023453, 16.509820588517517, 46.05080579145124, 61.3406566928177, 77.72503752318521, 28.937498019781916, 71.86508221889584, 91.68628497553782], [78.67915561057178, 80.41393196562241, 0.0, 45.54597402806804, 13.697957948073006, 57.79066766884377, 97.71197651807312, 24.72276941982702, 59.9587136117666, 45.47559171026669, 84.18336105909633, 30.337058689623756, 107.5439565383993, 88.39494523731578, 22.02996019990127, 76.53128697323463, 43.400059459481824, 72.2442645419553, 70.47090191388307, 36.40010801697459, 61.344817982147774, 41.966038020341266, 86.03140217641086, 78.40216650719911, 82.39281123414, 38.70805300943894, 75.26787924045423, 82.96171929842772, 50.47184482654741, 44.26227029686436, 50.152794908873865, 81.64157949629943, 11.306612703360157, 68.82303257459206, 82.23959735285577, 77.97001428324644, 19.84486693836348, 83.90930770228273, 85.24396484867344, 25.643662066736795, 81.44422978225565, 53.025242866906275, 49.554060324148914, 82.16713643921392], [51.49084389447629, 75.81028964045446, 45.54597402806804, 0.0, 34.19905269573028, 28.160016602274226, 72.72751443043718, 31.08821419668772, 58.69697412653404, 57.818853715589206, 39.22649521320831, 17.959113992944395, 70.77133101420881, 58.13482459010513, 50.76865297966416, 76.827936558155, 63.901959911135386, 60.721108109130334, 26.936012049028506, 16.90419194184587, 25.307134376927575, 5.419057489410361, 62.881353401430594, 73.23485755070108, 44.95685194393429, 26.1327378350378, 29.95283241822567, 39.08262381881493, 58.09717914214851, 25.955263415284108, 8.709312726891321, 36.257835635092476, 45.82434909901035, 25.122861414498193, 45.16681959273143, 87.86913581312312, 33.12233942721407, 69.8222446313212, 54.926511258026, 27.472479208096956, 37.491990222325164, 60.826472265045865, 6.2018803629398445, 36.63888342770823], [65.2107522140099, 70.24622376826063, 13.697957948073006, 34.19905269573028, 0.0, 51.73838728600841, 84.61040223864742, 23.611764785089832, 49.72132413083314, 38.13889144940274, 71.73276131184637, 22.508217758396984, 93.84705299410685, 74.82402911325725, 19.648126054436663, 67.3893549643933, 39.11655490740439, 60.476116571916776, 60.484174778805674, 22.95815744324985, 47.79087865401374, 29.91466763873982, 72.98643687587207, 68.05130814455498, 68.74815526392663, 25.12859903636015, 64.14220968395233, 72.90229699227713, 41.997584879130876, 30.630070075585664, 37.57630814888943, 69.54911209478091, 20.914465984956596, 58.738107827641365, 68.58245186590834, 71.57475579970351, 19.78776764753566, 72.02682659135584, 71.6534361958484, 11.993805085779156, 68.61024746197214, 44.79534456956614, 37.3529823792195, 70.63112456268279], [77.36527869907947, 103.9687436899803, 57.79066766884377, 28.160016602274226, 51.73838728600841, 0.0, 98.15590436751002, 33.94188691043104, 86.5384785969398, 83.59065939582747, 49.44880814027226, 29.252472503086185, 90.03760447097915, 82.37152157448276, 71.16362714129582, 104.83327205404309, 88.11558349286967, 88.80833345349593, 23.907542554932963, 43.46641574885813, 50.61413894406574, 32.82225643162905, 89.27601827687593, 101.393949011372, 66.1996340523753, 53.35705384684855, 33.45826383797946, 33.26925995960258, 84.78208381962483, 53.95305783610898, 35.430830411201164, 44.591941885074284, 52.256476679346356, 23.495500071576924, 66.66813365258598, 115.08781789393055, 38.606056440374665, 97.58331262499995, 79.37547475649474, 50.50519978246448, 51.35254717192967, 87.61022837356253, 32.63997132044476, 40.87841328569058], [21.266348843962756, 39.26448274626259, 97.71197651807312, 72.72751443043718, 84.61040223864742, 98.15590436751002, 0.0, 98.62929022746647, 47.197475902350334, 65.32903716911713, 61.13064999797012, 86.31708752594274, 30.882211976033624, 16.728777518379975, 83.87391031687116, 47.466294970897174, 75.27154504583801, 31.039501953604624, 81.31404057563441, 66.3437803949634, 47.77818543647455, 70.45102866611025, 11.714756193095994, 38.27891421665594, 35.23939313281598, 59.9108846331648, 73.64489596973209, 84.69836190531746, 59.33726078765786, 54.93882447531315, 64.11794377088634, 65.18958572858344, 105.18622854821557, 80.25701813081962, 34.48139482718189, 65.41464981402997, 98.10413188619619, 23.00253841824078, 19.19816375395932, 72.88441185317458, 55.29056454499027, 59.07603387233773, 66.8602265590537, 71.32019142670575], [77.70372231150287, 91.07273343158553, 24.72276941982702, 31.08821419668772, 23.611764785089832, 33.94188691043104, 98.62929022746647, 0.0, 70.94850853768416, 61.42575792255494, 69.52072554650806, 13.317499783615967, 101.11736772163113, 85.96650515427523, 42.51422965615864, 89.25271904951038, 62.707489837364754, 79.15811512309192, 50.56197399988728, 32.33664824372883, 54.228437262378094, 30.327615065596028, 87.60357263610007, 88.70565694093554, 75.14285490970101, 40.254500451117465, 57.347918806236756, 62.69395883170229, 64.75898416143339, 44.267200762752545, 38.76943752129406, 65.92599976528916, 18.36538799818905, 49.165941906408136, 75.24370681975367, 94.8518651091842, 4.880738510735786, 90.13799980914554, 82.68670598528489, 29.75839601727377, 68.40133195236145, 67.62435779282202, 36.920353583360274, 64.9064054220611], [37.66490375722627, 20.548201893488198, 59.9587136117666, 58.69697412653404, 49.72132413083314, 86.5384785969398, 47.197475902350334, 70.94850853768416, 0.0, 18.64041015322083, 74.7568400987389, 62.68553193727377, 70.44807114625736, 47.11106774167066, 40.95288314855638, 18.580302107503496, 28.194186113045507, 16.199997618136788, 81.00277268800292, 43.361913689368095, 45.8642295483242, 53.74481792694302, 36.74282844107572, 18.45100711011984, 54.829973318145846, 33.39306985910021, 78.1954612473568, 90.31554233742551, 12.384481251057316, 32.759970000617564, 53.32543235359474, 76.01115257359702, 70.0014252646477, 79.2886840422036, 54.12017188614876, 30.30908686113531, 68.33874228900238, 26.764794690009357, 45.31907313060879, 41.19765083199151, 68.81894624876622, 11.879254500907203, 55.702630057141334, 80.63695114870043], [53.02298274885034, 36.908904207173, 45.47559171026669, 57.818853715589206, 38.13889144940274, 83.59065939582747, 65.32903716911713, 61.42575792255494, 18.64041015322083, 0.0, 82.85888951361727, 56.24326559926202, 86.20648646254824, 63.11113916778708, 24.307434888204142, 31.622821804010748, 10.229271688643543, 34.63482503206159, 83.34492891980196, 40.94224195699437, 53.08811794353041, 52.41797314690863, 54.38192875316968, 35.38596917390112, 67.19920919808182, 32.09782438730417, 82.70705838309757, 94.19858513768723, 6.307002710259917, 34.58672395153235, 54.98610604065688, 83.02673830627727, 56.392861099730965, 81.52916570142293, 66.61286424140214, 33.44753150010686, 57.894035915066944, 45.40253358647775, 60.841742409650756, 33.55822555116508, 77.5155257404143, 8.000453059434566, 56.72877637520501, 86.68360910196876], [45.434055709625554, 83.98639280879357, 84.18336105909633, 39.22649521320831, 71.73276131184637, 49.44880814027226, 61.13064999797012, 69.52072554650806, 74.7568400987389, 82.85888951361727, 0.0, 56.918467687952905, 43.114788760133145, 44.56230309345283, 84.85051087213137, 88.71215921838781, 91.6693473058812, 67.59157681491327, 26.13925298315505, 49.609597118440824, 29.78288930396621, 42.228500665672314, 56.75166263144948, 81.61910430319175, 26.120831540446865, 53.55341772380518, 16.38028189865219, 24.46165233737755, 80.31612418607064, 49.22451814717667, 34.157991822079, 5.092875475450698, 85.04945433685997, 26.12027484657514, 26.934392784219387, 104.59444914939817, 72.1059306569562, 71.08978795724741, 42.71889433782087, 62.133458287167805, 6.288287069312428, 82.30368712870907, 34.63505071833712, 10.832452131409896], [65.20265778976345, 82.0770990097596, 30.337058689623756, 17.959113992944395, 22.508217758396984, 29.252472503086185, 86.31708752594274, 13.317499783615967, 62.68553193727377, 56.24326559926202, 56.918467687952905, 0.0, 87.82304093724265, 73.12058532504548, 41.92416333878675, 81.2560039475541, 59.626775404588315, 68.92631434446407, 40.291958229403825, 20.815994297219696, 41.04321808924388, 17.0367219736233, 75.55829705268128, 79.60699648765649, 61.852642143643614, 30.00381939843224, 45.876549859200004, 52.75429329633931, 58.44597517149084, 33.07086273844204, 25.4528124806103, 53.61075182602836, 28.430282118500298, 38.69832705384994, 61.9649613309653, 89.01752906882294, 15.200918612501301, 79.43234755112907, 69.84523496435324, 22.703952878751952, 55.43555237294994, 61.340390053499796, 23.6472443366759, 53.17985210404824], [33.18864294459873, 68.25212071455609, 107.5439565383993, 70.77133101420881, 93.84705299410685, 90.03760447097915, 30.882211976033624, 101.11736772163113, 70.44807114625736, 86.20648646254824, 43.114788760133145, 87.82304093724265, 0.0, 23.337383021785165, 99.23193821676087, 75.85252549125845, 96.42464380703557, 55.98684736232151, 68.41517450443227, 71.69301117234852, 47.155406111948395, 70.79100947913601, 35.626390747624384, 66.76665834923224, 25.975917934755053, 69.25161948511808, 58.996376867262946, 67.34270212147737, 81.10395403488039, 63.606477709029726, 62.47760275597852, 48.13426223369041, 112.36075760666638, 67.99251134202653, 25.903513060746505, 93.95762767009587, 102.08998696369429, 51.80142537497062, 25.370157532915755, 81.98004343299237, 39.27002937650788, 81.73573057434787, 64.61598353141059, 53.886598566725446], [10.310469881301396, 46.47549379587911, 88.39494523731578, 58.13482459010513, 74.82402911325725, 82.37152157448276, 16.728777518379975, 85.96650515427523, 47.11106774167066, 63.11113916778708, 44.56230309345283, 73.12058532504548, 23.337383021785165, 0.0, 77.6771811387965, 53.54018686799452, 73.34034547106478, 32.940726297651075, 64.7313901261567, 54.32854459778372, 32.83005242364492, 56.54966033027211, 14.084929054039334, 44.70146727441363, 18.54104868380474, 49.699883322175445, 56.932981339994726, 67.97724537857162, 57.86828643256917, 44.21778717653637, 49.42687088078354, 48.51506359933578, 94.61466658622, 63.72437654277303, 17.770345777100335, 71.50711334319641, 86.03840347430076, 30.592331404597356, 3.279884873745182, 62.83488440247723, 38.63483436136133, 58.43013588517954, 52.05772021710239, 54.634099771736885], [67.41311917342342, 60.73321700228003, 22.02996019990127, 50.76865297966416, 19.648126054436663, 71.16362714129582, 83.87391031687116, 42.51422965615864, 40.95288314855638, 24.307434888204142, 84.85051087213137, 41.92416333878675, 99.23193821676087, 77.6771811387965, 0.0, 55.902991541500064, 21.381846096349523, 55.295248243211674, 77.69050974779702, 35.668332498024775, 57.25071976923781, 45.72574522495507, 72.25368867201855, 58.9813520800458, 76.22914557169749, 31.918981085488134, 79.93692830151865, 89.82362768419114, 29.960675376061836, 37.15921846797008, 51.760892344862775, 83.54838225895605, 33.30579842480131, 75.88390448303879, 75.86163790406484, 56.0147559649728, 38.14123925549063, 66.8450050732621, 74.82997335446677, 23.447794094681033, 80.71540349005085, 32.20884537802107, 52.372333123264845, 85.65108921413628], [46.25082169320677, 8.468839079419189, 76.53128697323463, 76.827936558155, 67.3893549643933, 104.83327205404309, 47.466294970897174, 89.25271904951038, 18.580302107503496, 31.622821804010748, 88.71215921838781, 81.2560039475541, 75.85252549125845, 53.54018686799452, 55.902991541500064, 0.0, 38.07619738076038, 21.530105739776264, 97.91612463146063, 61.86132009332058, 61.46599415209095, 72.01104857597615, 40.22897823993977, 9.203421947240644, 65.87899017576736, 51.90753958971645, 94.20471358092182, 106.43606028970395, 26.09130436755292, 50.89333111182899, 70.94037866077397, 90.66307266542424, 87.07638522372544, 96.26421036852567, 65.077590571575, 18.118058976661708, 86.45256954087264, 24.51091426433609, 52.79678839020886, 59.5674339679341, 82.52194505058863, 23.697388535789667, 73.44459989006262, 95.77524508838994], [63.24516358812712, 44.5568348147298, 43.400059459481824, 63.901959911135386, 39.11655490740439, 88.11558349286967, 75.27154504583801, 62.707489837364754, 28.194186113045507, 10.229271688643543, 91.6693473058812, 59.626775404588315, 96.42464380703557, 73.34034547106478, 21.381846096349523, 38.07619738076038, 0.0, 44.37671031252592, 90.21241564092887, 47.08528650317692, 62.036243207096064, 58.492653941338595, 64.46394546394491, 43.39794345861197, 77.07588368888108, 39.30835697789847, 90.38549568492101, 101.52575785347261, 15.93528596709465, 42.68021819734756, 62.165109822947144, 91.5185938237075, 54.68602827291949, 88.38240207106321, 76.51215214605115, 34.987806707974435, 58.65826128143968, 54.73253357423959, 71.06326490555836, 37.635311100815855, 86.53211620016094, 16.48409976991344, 63.617969203371224, 94.83704268011412], [24.85843721517662, 16.52485475602734, 72.2442645419553, 60.721108109130334, 60.476116571916776, 88.80833345349593, 31.039501953604624, 79.15811512309192, 16.199997618136788, 34.63482503206159, 67.59157681491327, 68.92631434446407, 55.98684736232151, 32.940726297651075, 55.295248243211674, 21.530105739776264, 44.37671031252592, 0.0, 78.89708504470977, 48.2193196097067, 41.71925934716296, 56.57024506403078, 21.033569886108765, 14.071434091719317, 44.349147710505584, 39.051207168568624, 74.24782809839446, 86.47199068693588, 28.488776902766045, 36.06292539356456, 53.62886437749478, 69.82651101476428, 81.34966343657895, 77.34891006499575, 43.54748483876622, 38.94376837752668, 77.35656550226616, 11.681715858349644, 31.782827226871518, 50.078227827419354, 61.350283172546334, 28.062214199108812, 56.34207122432073, 75.16808393861963], [62.04729308748273, 95.19067314808758, 70.47090191388307, 26.936012049028506, 60.484174778805674, 23.907542554932963, 81.31404057563441, 50.56197399988728, 81.00277268800292, 83.34492891980196, 26.13925298315505, 40.291958229403825, 68.41517450443227, 64.7313901261567, 77.69050974779702, 97.91612463146063, 90.21241564092887, 78.89708504470977, 0.0, 43.22545016884283, 37.269072116865445, 32.13285405270412, 74.21269720126743, 92.63325463825205, 46.87862148337976, 51.25435488683823, 9.78032839126243, 12.493608972168769, 82.73699770149754, 49.29760408907856, 28.398690379264828, 21.109763720878103, 68.21614285575187, 1.8317736968531018, 47.50877854213002, 111.15736816577976, 54.27412697448791, 85.55478955093737, 62.11596146524984, 54.40187565428516, 29.14514514617011, 85.28089265977538, 26.6427780663031, 16.976817571289885], [45.587906574380085, 61.92189872769386, 36.40010801697459, 16.90419194184587, 22.95815744324985, 43.46641574885813, 66.3437803949634, 32.33664824372883, 43.361913689368095, 40.94224195699437, 49.609597118440824, 20.815994297219696, 71.69301117234852, 54.32854459778372, 35.668332498024775, 61.86132009332058, 47.08528650317692, 48.2193196097067, 43.22545016884283, 0.0, 24.973301608337277, 11.488706929228394, 55.2672441206036, 59.40309731621136, 46.1645109224384, 9.971927290090756, 44.43438137710483, 54.878332603097554, 41.48456292111053, 12.255473983845206, 16.098068280180016, 47.99080943937623, 40.71281171986612, 41.3937034694998, 46.06249880030781, 71.63591884685046, 31.834192833398603, 58.62020828485253, 51.063030272004916, 12.52677362728345, 46.01765797218723, 44.27098110430544, 16.92123277127345, 49.98502592556705], [26.76993524209389, 58.13032139964765, 61.344817982147774, 25.307134376927575, 47.79087865401374, 50.61413894406574, 47.77818543647455, 54.228437262378094, 45.8642295483242, 53.08811794353041, 29.78288930396621, 41.04321808924388, 47.155406111948395, 32.83005242364492, 57.25071976923781, 61.46599415209095, 62.036243207096064, 41.71925934716296, 37.269072116865445, 24.973301608337277, 0.0, 24.094680804816416, 38.67379988427618, 55.59726405104465, 21.315917056407617, 25.33238458052283, 32.74184540931445, 44.97832544021961, 50.587574953804165, 20.26129652559439, 16.598062410841308, 30.34087707247475, 65.34450813315563, 35.78144188885748, 21.28985853762971, 76.10624801301663, 54.975856285540324, 48.4294379645728, 29.63107111974708, 36.44723220828584, 24.496020074922136, 52.64786219289185, 19.237120521558364, 34.77481138405717], [49.193646237535845, 71.30704615167899, 41.966038020341266, 5.419057489410361, 29.91466763873982, 32.82225643162905, 70.45102866611025, 30.327615065596028, 53.74481792694302, 52.41797314690863, 42.228500665672314, 17.0367219736233, 70.79100947913601, 56.54966033027211, 45.72574522495507, 72.01104857597615, 58.492653941338595, 56.57024506403078, 32.13285405270412, 11.488706929228394, 24.094680804816416, 0.0, 60.170928345440515, 68.74259545883446, 44.818159921946936, 20.863235296610625, 34.441503722121034, 44.11542199643474, 52.7819534653468, 21.142257966611425, 8.66237555627267, 39.73426454265492, 43.39140533141015, 30.308189137614143, 44.92824027372663, 82.6817815118078, 31.5901507474293, 66.08609359609501, 53.291951984417125, 22.321139848047846, 39.78748803209467, 55.52954749525721, 7.593943649255311, 40.73224513027467], [12.174206635475155, 32.76462374966324, 86.03140217641086, 62.881353401430594, 72.98643687587207, 89.27601827687593, 11.714756193095994, 87.60357263610007, 36.74282844107572, 54.38192875316968, 56.75166263144948, 75.55829705268128, 35.626390747624384, 14.084929054039334, 72.25368867201855, 40.22897823993977, 64.46394546394491, 21.033569886108765, 74.21269720126743, 55.2672441206036, 38.67379988427618, 60.170928345440515, 0.0, 31.174175568856736, 30.801784768415327, 48.43243054669077, 67.39623943276838, 79.04935854848095, 48.56059409870485, 43.605131109165804, 54.45169063261945, 60.205549247063296, 93.63018852088797, 72.98412052375105, 29.96343569179428, 58.33127075669117, 86.8866829409405, 16.578103558098093, 14.551981712619382, 61.32156046720037, 50.57195351407961, 48.562864081348295, 57.246244283593036, 66.18058860801814], [37.96148102262604, 2.5838630566246286, 78.40216650719911, 73.23485755070108, 68.05130814455498, 101.393949011372, 38.27891421665594, 88.70565694093554, 18.45100711011984, 35.38596917390112, 81.61910430319175, 79.60699648765649, 66.76665834923224, 44.70146727441363, 58.9813520800458, 9.203421947240644, 43.39794345861197, 14.071434091719317, 92.63325463825205, 59.40309731621136, 55.59726405104465, 68.74259545883446, 31.174175568856736, 0.0, 57.92548857547062, 49.67351894943994, 88.22718080291196, 100.4607298219037, 29.230267200716284, 47.7024598849286, 66.64504548003192, 83.89555058815844, 88.43597614861832, 91.0499597189295, 57.106285324366546, 27.28594321389986, 86.3396884882481, 15.308208327611531, 44.147010968378936, 58.99469645585947, 75.36591825224498, 27.47695903370675, 69.28150384220784, 89.23669613058674], [20.20529027520301, 60.1051971921117, 82.39281123414, 44.95685194393429, 68.74815526392663, 66.1996340523753, 35.23939313281598, 75.14285490970101, 54.829973318145846, 67.19920919808182, 26.120831540446865, 61.852642143643614, 25.975917934755053, 18.54104868380474, 76.22914557169749, 65.87899017576736, 77.07588368888108, 44.349147710505584, 46.87862148337976, 46.1645109224384, 21.315917056407617, 44.818159921946936, 30.801784768415327, 57.92548857547062, 0.0, 44.93287542166422, 38.6386345439153, 49.46730864883036, 63.16245733921488, 39.36408988578183, 36.55464142820803, 29.97557979131515, 86.65812236919274, 46.02352702414434, 0.8447197943690787, 82.96088960143113, 76.13936546475682, 45.91246184180589, 16.599245763894704, 57.10125816606046, 20.108451320525475, 64.51510366871231, 38.770550695627044, 36.093084554899434], [40.1116850278971, 52.16838160743819, 38.70805300943894, 26.1327378350378, 25.12859903636015, 53.35705384684855, 59.9108846331648, 40.254500451117465, 33.39306985910021, 32.09782438730417, 53.55341772380518, 30.00381939843224, 69.25161948511808, 49.699883322175445, 31.918981085488134, 51.90753958971645, 39.30835697789847, 39.051207168568624, 51.25435488683823, 9.971927290090756, 25.33238458052283, 20.863235296610625, 48.43243054669077, 49.67351894943994, 44.93287542166422, 0.0, 51.0792805359381, 62.28259904629205, 31.97717710705041, 5.645421673930998, 22.946508467612837, 52.80537994959757, 45.31958643287651, 49.43633527924224, 44.651992373494224, 61.8394733828568, 38.86768538701148, 49.889533646622205, 46.538743353145406, 13.153959673858898, 49.05569547890329, 34.694804914804784, 24.630967647869408, 55.72382705979851], [55.355036551020554, 90.73798988782403, 75.26787924045423, 29.95283241822567, 64.14220968395233, 33.45826383797946, 73.64489596973209, 57.347918806236756, 78.1954612473568, 82.70705838309757, 16.38028189865219, 45.876549859200004, 58.996376867262946, 56.932981339994726, 79.93692830151865, 94.20471358092182, 90.38549568492101, 74.24782809839446, 9.78032839126243, 44.43438137710483, 32.74184540931445, 34.441503722121034, 67.39623943276838, 88.22718080291196, 38.6386345439153, 51.0792805359381, 0.0, 12.240439020092179, 81.36469006421945, 48.129902909547155, 28.45707948550025, 11.332453831869804, 74.27569230724934, 9.962790119074034, 39.333567008845954, 108.50454415953179, 60.61613394383286, 79.86934172233661, 54.53190789057886, 56.4982135627108, 19.826979403592862, 83.7307985890819, 27.571148609805615, 7.746168306036555], [67.12108112083872, 102.96863223190176, 82.96171929842772, 39.08262381881493, 72.90229699227713, 33.26925995960258, 84.69836190531746, 62.69395883170229, 90.31554233742551, 94.19858513768723, 24.46165233737755, 52.75429329633931, 67.34270212147737, 67.97724537857162, 89.82362768419114, 106.43606028970395, 101.52575785347261, 86.47199068693588, 12.493608972168769, 54.878332603097554, 44.97832544021961, 44.11542199643474, 79.04935854848095, 100.4607298219037, 49.46730864883036, 62.28259904629205, 12.240439020092179, 0.0, 93.12510006714224, 59.72969659294869, 39.36198490855711, 19.761043547095593, 80.53341650189331, 14.183686573159974, 50.217989928686634, 120.6196362529526, 66.54718218775756, 91.9211052435168, 65.7697142143543, 66.43637637880065, 29.614028812394803, 95.55178084541349, 38.00741672489312, 13.658289658639868], [47.94149391972733, 30.85056230881005, 50.47184482654741, 58.09717914214851, 41.997584879130876, 84.78208381962483, 59.33726078765786, 64.75898416143339, 12.384481251057316, 6.307002710259917, 80.31612418607064, 58.44597517149084, 81.10395403488039, 57.86828643256917, 29.960675376061836, 26.09130436755292, 15.93528596709465, 28.488776902766045, 82.73699770149754, 41.48456292111053, 50.587574953804165, 52.7819534653468, 48.56059409870485, 29.230267200716284, 63.16245733921488, 31.97717710705041, 81.36469006421945, 93.12510006714224, 0.0, 33.462204725634436, 54.36125065541211, 80.84741251946178, 61.13602484227616, 80.9450004350538, 62.53249803449439, 30.57802467557898, 61.52857891237057, 39.125608461022814, 55.747234299694874, 35.8370131588493, 74.74633739972018, 2.896677886277436, 56.34207397181121, 84.84733301667517], [34.7822155972105, 50.25454258246542, 44.26227029686436, 25.955263415284108, 30.630070075585664, 53.95305783610898, 54.93882447531315, 44.267200762752545, 32.759970000617564, 34.58672395153235, 49.22451814717667, 33.07086273844204, 63.606477709029726, 44.21778717653637, 37.15921846797008, 50.89333111182899, 42.68021819734756, 36.06292539356456, 49.29760408907856, 12.255473983845206, 20.26129652559439, 21.142257966611425, 43.605131109165804, 47.7024598849286, 39.36408988578183, 5.645421673930998, 48.129902909547155, 59.72969659294869, 33.462204725634436, 0.0, 20.989004438931424, 48.856519159981545, 50.54310395044103, 47.51410476667886, 39.06665043890359, 62.28658391216476, 43.30567531961163, 46.36548958758436, 41.032872046957564, 18.6364895361369, 44.42987957146585, 35.98376316916557, 23.152493263038494, 52.20236866265592], [42.91607853809654, 69.22890795389739, 50.152794908873865, 8.709312726891321, 37.57630814888943, 35.430830411201164, 64.11794377088634, 38.76943752129406, 53.32543235359474, 54.98610604065688, 34.157991822079, 25.4528124806103, 62.47760275597852, 49.42687088078354, 51.760892344862775, 70.94037866077397, 62.165109822947144, 53.62886437749478, 28.398690379264828, 16.098068280180016, 16.598062410841308, 8.66237555627267, 54.45169063261945, 66.64504548003192, 36.55464142820803, 22.946508467612837, 28.45707948550025, 39.36198490855711, 54.36125065541211, 20.989004438931424, 0.0, 32.11426511819644, 52.016576972573006, 26.59642909088859, 36.71987082871667, 83.18758421489089, 40.215963304936956, 62.15506266747199, 46.221357139852195, 28.468989916472513, 31.325953046275902, 56.93343705869893, 2.8129841152921062, 33.89028843479753], [48.58748952478742, 86.3153920339455, 81.64157949629943, 36.257835635092476, 69.54911209478091, 44.591941885074284, 65.18958572858344, 65.92599976528916, 76.01115257359702, 83.02673830627727, 5.092875475450698, 53.61075182602836, 48.13426223369041, 48.51506359933578, 83.54838225895605, 90.66307266542424, 91.5185938237075, 69.82651101476428, 21.109763720878103, 47.99080943937623, 30.34087707247475, 39.73426454265492, 60.205549247063296, 83.89555058815844, 29.97557979131515, 52.80537994959757, 11.332453831869804, 19.761043547095593, 80.84741251946178, 48.856519159981545, 32.11426511819644, 0.0, 81.9334341556428, 21.16844056061325, 30.756720655946058, 106.09647602138591, 68.72998700712664, 74.0103947935735, 46.47854525609372, 60.489747555764595, 9.912561485456738, 82.96171096149615, 32.20640179370657, 6.1488995450281045], [85.32502625877743, 90.54245162769293, 11.306612703360157, 45.82434909901035, 20.914465984956596, 52.256476679346356, 105.18622854821557, 18.36538799818905, 70.0014252646477, 56.392861099730965, 85.04945433685997, 28.430282118500298, 112.36075760666638, 94.61466658622, 33.30579842480131, 87.07638522372544, 54.68602827291949, 81.34966343657895, 68.21614285575187, 40.71281171986612, 65.34450813315563, 43.39140533141015, 93.63018852088797, 88.43597614861832, 86.65812236919274, 45.31958643287651, 74.27569230724934, 80.53341650189331, 61.13602484227616, 50.54310395044103, 52.016576972573006, 81.9334341556428, 0.0, 66.7189151993415, 86.6086806748748, 89.14952339001272, 14.029490238722554, 92.92404027342516, 91.38536777986673, 32.308740284954446, 83.09573956521356, 63.77166094334162, 50.82835710367065, 81.60964115612602], [60.811857318182724, 93.6109121898368, 68.82303257459206, 25.122861414498193, 58.738107827641365, 23.495500071576924, 80.25701813081962, 49.165941906408136, 79.2886840422036, 81.52916570142293, 26.12027484657514, 38.69832705384994, 67.99251134202653, 63.72437654277303, 75.88390448303879, 96.26421036852567, 88.38240207106321, 77.34891006499575, 1.8317736968531018, 41.3937034694998, 35.78144188885748, 30.308189137614143, 72.98412052375105, 91.0499597189295, 46.02352702414434, 49.43633527924224, 9.962790119074034, 14.183686573159974, 80.9450004350538, 47.51410476667886, 26.59642909088859, 21.16844056061325, 66.7189151993415, 0.0, 46.633885373782746, 109.42256742228783, 52.807146859219806, 84.13198890678235, 61.062053539993165, 52.584200412518506, 28.75425515521095, 83.49544391939267, 24.819681597814995, 17.485218302600103], [19.366871408381662, 59.281332896615965, 82.23959735285577, 45.16681959273143, 68.58245186590834, 66.66813365258598, 34.48139482718189, 75.24370681975367, 54.12017188614876, 66.61286424140214, 26.934392784219387, 61.9649613309653, 25.903513060746505, 17.770345777100335, 75.86163790406484, 65.077590571575, 76.51215214605115, 43.54748483876622, 47.50877854213002, 46.06249880030781, 21.28985853762971, 44.92824027372663, 29.96343569179428, 57.106285324366546, 0.8447197943690787, 44.651992373494224, 39.333567008845954, 50.217989928686634, 62.53249803449439, 39.06665043890359, 36.71987082871667, 30.756720655946058, 86.6086806748748, 46.633885373782746, 0.0, 82.1839505960038, 76.18703101515875, 45.069310350279274, 15.784755068197121, 56.89882911215052, 20.901946005396216, 63.862916182777816, 38.97310525976708, 36.86778918777187], [63.79962660944366, 26.151150469515166, 77.97001428324644, 87.86913581312312, 71.57475579970351, 115.08781789393055, 65.41464981402997, 94.8518651091842, 30.30908686113531, 33.44753150010686, 104.59444914939817, 89.01752906882294, 93.95762767009587, 71.50711334319641, 56.0147559649728, 18.118058976661708, 34.987806707974435, 38.94376837752668, 111.15736816577976, 71.63591884685046, 76.10624801301663, 82.6817815118078, 58.33127075669117, 27.28594321389986, 82.96088960143113, 61.8394733828568, 108.50454415953179, 120.6196362529526, 30.57802467557898, 62.28658391216476, 83.18758421489089, 106.09647602138591, 89.14952339001272, 109.42256742228783, 82.1839505960038, 0.0, 91.34003714595731, 42.55672642203447, 70.61906309420965, 66.37377447536426, 98.5325612310864, 27.688289075270255, 85.43408259215659, 110.8528175167132], [77.42208161013478, 88.65435331023453, 19.84486693836348, 33.12233942721407, 19.78776764753566, 38.606056440374665, 98.10413188619619, 4.880738510735786, 68.33874228900238, 57.894035915066944, 72.1059306569562, 15.200918612501301, 102.08998696369429, 86.03840347430076, 38.14123925549063, 86.45256954087264, 58.65826128143968, 77.35656550226616, 54.27412697448791, 31.834192833398603, 54.975856285540324, 31.5901507474293, 86.8866829409405, 86.3396884882481, 76.13936546475682, 38.86768538701148, 60.61613394383286, 66.54718218775756, 61.52857891237057, 43.30567531961163, 40.215963304936956, 68.72998700712664, 14.029490238722554, 52.807146859219806, 76.18703101515875, 91.34003714595731, 0.0, 88.53813887240432, 82.76272265476823, 27.40579836577217, 70.61392952038399, 64.36539357675595, 38.633137188488675, 68.06215807563203], [25.77043589980176, 16.509820588517517, 83.90930770228273, 69.8222446313212, 72.02682659135584, 97.58331262499995, 23.00253841824078, 90.13799980914554, 26.764794690009357, 45.40253358647775, 71.08978795724741, 79.43234755112907, 51.80142537497062, 30.592331404597356, 66.8450050732621, 24.51091426433609, 54.73253357423959, 11.681715858349644, 85.55478955093737, 58.62020828485253, 48.4294379645728, 66.08609359609501, 16.578103558098093, 15.308208327611531, 45.91246184180589, 49.889533646622205, 79.86934172233661, 91.9211052435168, 39.125608461022814, 46.36548958758436, 62.15506266747199, 74.0103947935735, 92.92404027342516, 84.13198890678235, 45.069310350279274, 42.55672642203447, 88.53813887240432, 0.0, 30.61940075046515, 61.409750585733164, 64.80831271741933, 38.24864436147503, 64.94335409590092, 79.73669147551038], [7.819165252076901, 46.05080579145124, 85.24396484867344, 54.926511258026, 71.6534361958484, 79.37547475649474, 19.19816375395932, 82.68670598528489, 45.31907313060879, 60.841742409650756, 42.71889433782087, 69.84523496435324, 25.370157532915755, 3.279884873745182, 74.82997335446677, 52.79678839020886, 71.06326490555836, 31.782827226871518, 62.11596146524984, 51.063030272004916, 29.63107111974708, 53.291951984417125, 14.551981712619382, 44.147010968378936, 16.599245763894704, 46.538743353145406, 54.53190789057886, 65.7697142143543, 55.747234299694874, 41.032872046957564, 46.221357139852195, 46.47854525609372, 91.38536777986673, 61.062053539993165, 15.784755068197121, 70.61906309420965, 82.76272265476823, 30.61940075046515, 0.0, 59.66105880912398, 36.66608997410663, 56.43554705001241, 48.866648370999044, 52.55907349182551], [53.26265943848596, 61.3406566928177, 25.643662066736795, 27.472479208096956, 11.993805085779156, 50.50519978246448, 72.88441185317458, 29.75839601727377, 41.19765083199151, 33.55822555116508, 62.133458287167805, 22.703952878751952, 81.98004343299237, 62.83488440247723, 23.447794094681033, 59.5674339679341, 37.635311100815855, 50.078227827419354, 54.40187565428516, 12.52677362728345, 36.44723220828584, 22.321139848047846, 61.32156046720037, 58.99469645585947, 57.10125816606046, 13.153959673858898, 56.4982135627108, 66.43637637880065, 35.8370131588493, 18.6364895361369, 28.468989916472513, 60.489747555764595, 32.308740284954446, 52.584200412518506, 56.89882911215052, 66.37377447536426, 27.40579836577217, 61.409750585733164, 59.66105880912398, 0.0, 58.458436477693816, 38.73365968095478, 28.947206813387442, 62.324199015562435], [39.17347839823159, 77.72503752318521, 81.44422978225565, 37.491990222325164, 68.61024746197214, 51.35254717192967, 55.29056454499027, 68.40133195236145, 68.81894624876622, 77.5155257404143, 6.288287069312428, 55.43555237294994, 39.27002937650788, 38.63483436136133, 80.71540349005085, 82.52194505058863, 86.53211620016094, 61.350283172546334, 29.14514514617011, 46.01765797218723, 24.496020074922136, 39.78748803209467, 50.57195351407961, 75.36591825224498, 20.108451320525475, 49.05569547890329, 19.826979403592862, 29.614028812394803, 74.74633739972018, 44.42987957146585, 31.325953046275902, 9.912561485456738, 83.09573956521356, 28.75425515521095, 20.901946005396216, 98.5325612310864, 70.61392952038399, 64.80831271741933, 36.66608997410663, 58.458436477693816, 0.0, 76.65625464192813, 32.274069399269806, 16.059447919732357], [48.66588483403752, 28.937498019781916, 53.025242866906275, 60.826472265045865, 44.79534456956614, 87.61022837356253, 59.07603387233773, 67.62435779282202, 11.879254500907203, 8.000453059434566, 82.30368712870907, 61.340390053499796, 81.73573057434787, 58.43013588517954, 32.20884537802107, 23.697388535789667, 16.48409976991344, 28.062214199108812, 85.28089265977538, 44.27098110430544, 52.64786219289185, 55.52954749525721, 48.562864081348295, 27.47695903370675, 64.51510366871231, 34.694804914804784, 83.7307985890819, 95.55178084541349, 2.896677886277436, 35.98376316916557, 56.93343705869893, 82.96171096149615, 63.77166094334162, 83.49544391939267, 63.862916182777816, 27.688289075270255, 64.36539357675595, 38.24864436147503, 56.43554705001241, 38.73365968095478, 76.65625464192813, 0.0, 58.95914434716968, 87.067504420907], [45.67747235687568, 71.86508221889584, 49.554060324148914, 6.2018803629398445, 37.3529823792195, 32.63997132044476, 66.8602265590537, 36.920353583360274, 55.702630057141334, 56.72877637520501, 34.63505071833712, 23.6472443366759, 64.61598353141059, 52.05772021710239, 52.372333123264845, 73.44459989006262, 63.617969203371224, 56.34207122432073, 26.6427780663031, 16.92123277127345, 19.237120521558364, 7.593943649255311, 57.246244283593036, 69.28150384220784, 38.770550695627044, 24.630967647869408, 27.571148609805615, 38.00741672489312, 56.34207397181121, 23.152493263038494, 2.8129841152921062, 32.20640179370657, 50.82835710367065, 24.819681597814995, 38.97310525976708, 85.43408259215659, 38.633137188488675, 64.94335409590092, 48.866648370999044, 28.947206813387442, 32.274069399269806, 58.95914434716968, 0.0, 33.47411873916142], [54.463059056309774, 91.68628497553782, 82.16713643921392, 36.63888342770823, 70.63112456268279, 40.87841328569058, 71.32019142670575, 64.9064054220611, 80.63695114870043, 86.68360910196876, 10.832452131409896, 53.17985210404824, 53.886598566725446, 54.634099771736885, 85.65108921413628, 95.77524508838994, 94.83704268011412, 75.16808393861963, 16.976817571289885, 49.98502592556705, 34.77481138405717, 40.73224513027467, 66.18058860801814, 89.23669613058674, 36.093084554899434, 55.72382705979851, 7.746168306036555, 13.658289658639868, 84.84733301667517, 52.20236866265592, 33.89028843479753, 6.1488995450281045, 81.60964115612602, 17.485218302600103, 36.86778918777187, 110.8528175167132, 68.06215807563203, 79.73669147551038, 52.55907349182551, 62.324199015562435, 16.059447919732357, 87.067504420907, 33.47411873916142, 0.0]]",Route_1,2215.8917285466755
