instance_id,num_cities,city_coordinates,distance_matrix,best_route,total_distance
771,58,"[[42.362802814654245, 7.144059075972519], [42.175194220082226, 20.004663113792976], [53.56461395653863, 25.781031895896135], [31.31295433857203, 60.44689403583361], [66.14833168814512, 94.21126411758122], [44.93629929389633, 48.503194708038855], [89.4178138355708, 95.02793842240726], [26.72057967052868, 81.18412075074339], [54.76563616709592, 32.08479716748093], [18.47472855074742, 69.78016967747742], [75.31729882433854, 14.42949495148006], [32.54859286936648, 84.22312381101308], [52.14820467181938, 81.817349589363], [47.24467708775497, 97.36715384881512], [10.46087770845543, 84.06815879220468], [71.6649248761544, 76.79394736992423], [39.542750402417205, 65.38784270247852], [14.735284832920891, 61.65759878074577], [92.4367818392744, 0.4165379522959367], [80.43688979057457, 54.261747776239055], [66.65012093835902, 6.889711601960313], [65.20354572617359, 22.880996510617724], [62.93830126054394, 90.24140797087358], [58.132103053013054, 11.570989031541002], [94.84172285860612, 90.29123463082335], [96.10179640304638, 80.78084239609157], [59.513887509467246, 62.51492206823753], [49.19161010758274, 54.55004838544798], [35.49976477774618, 32.98200042208512], [26.49546408340847, 66.64926921405969], [5.202181619773338, 97.16713339829411], [27.1991220624763, 77.78480620652573], [16.21929688604039, 50.176150058461786], [85.94718444769683, 45.92755818486665], [74.73706044122147, 45.463959298384914], [89.33467951465038, 63.515040796544284], [99.98429260808577, 95.93722913305157], [90.8847454571172, 71.9743834721186], [16.83191215047496, 71.81075111765813], [60.427165112780614, 38.84541614708017], [0.2238463459111939, 45.06302649927558], [87.4360405851317, 79.8113942585729], [19.86686883596048, 22.806250049330636], [22.694770788053773, 52.61253343085151], [31.816619404248904, 70.75277987868917], [58.25162595575307, 40.92513446885335], [60.943356432456895, 76.58338841418954], [74.5760958173442, 6.572353063516645], [11.259580518211799, 78.28932746497021], [14.555805996022109, 22.120247011649298], [71.30803983808849, 67.99085990958054], [44.97833619291141, 50.11072216012822], [90.54882711786301, 55.74854627842143], [6.540416527440618, 8.501929825835786], [97.58988969599976, 14.099043579578874], [33.81786394901638, 9.782132306314384], [96.60424690211732, 22.254698543836206], [43.6553080250424, 79.75088168556293]]","[[0.0, 12.861972368278558, 21.74436314884887, 54.43612188705737, 90.25768431302234, 41.43912383678413, 99.68826566430613, 75.67436737558162, 27.854455509265623, 67.03672458676573, 33.750205675646335, 77.70135737088998, 75.31171492937486, 90.35507471530141, 83.27694724612778, 75.56269778579247, 58.31201442875226, 61.11469349489441, 50.52388460745684, 60.578153549816705, 24.288649906480494, 27.73717246894605, 85.6067785263394, 16.378905300386005, 98.32339422400285, 91.16060163045994, 57.96630206177406, 47.89530698778383, 26.733883071884673, 61.5844336824656, 97.39130186023631, 72.24992989004718, 50.35120412229187, 58.34173570836139, 50.164801503912955, 73.3760504583115, 105.85113667221478, 80.97746525489669, 69.52415003234833, 36.48694595862795, 56.688091718844625, 85.51104236093948, 27.411152322726036, 49.54002062938277, 64.47706062378981, 37.33116332916263, 71.88224698550684, 32.21836578477921, 77.64701959099543, 31.5834652493378, 67.38070879730748, 43.04619787437824, 68.4418666779512, 35.84811253446526, 55.66329971215406, 8.94289721433356, 56.30688840471602, 72.61832591832044], [12.861972368278558, 0.0, 12.77048621783989, 41.875557276233714, 77.98288884491308, 28.631975207045578, 88.65865409629158, 63.10127690963696, 17.448463175196643, 55.12996577737656, 33.60776097328614, 64.93598499973652, 62.61205272787003, 77.52841175512378, 71.48376983859707, 63.9895852501902, 45.45946271165166, 49.87901038363666, 53.943691358157956, 51.35664706246925, 27.767318758258625, 23.207289089805162, 73.24142913742405, 18.04854005253928, 87.82918293170604, 81.25159931443673, 45.91026466224409, 35.250726736812794, 14.593582214548906, 49.209482982530446, 85.56313739659808, 59.68942681150902, 39.79983958344104, 50.872228350567504, 41.33341135229642, 64.16517762263464, 95.43398995485278, 71.22831049404374, 57.67280728665719, 26.23182068269814, 48.86550075481279, 75.00259531445964, 22.48355556403893, 37.983682071453124, 51.79451155671569, 26.384044024174653, 59.61036880818423, 35.07485392132386, 65.97633870633221, 27.700294242123487, 56.137311805310375, 30.236276163265554, 60.14676669128499, 37.44529682480653, 55.72849196570428, 13.203980663781755, 54.475539788975034, 59.76454944615029], [21.74436314884887, 12.77048621783989, 0.0, 41.19294058038338, 69.5776302690922, 24.305235995132605, 77.97811234607569, 61.563824047947, 6.41715754438758, 56.278096834506876, 24.536435966909583, 62.1059679076934, 56.054215862011546, 71.86455634235558, 72.49359447820682, 54.12890910176462, 42.015617570122785, 52.86629220621887, 46.41554684497992, 39.15699663607169, 22.98069788799595, 11.994787950359308, 65.13836118141748, 14.926060258930452, 76.58567735689586, 69.5297853120869, 37.212532069199696, 29.099475466734603, 19.447177778991033, 49.019911223376546, 86.2258682138885, 58.30550321682135, 44.607112630852804, 38.13808323876555, 28.908305403091386, 51.99377864462061, 84.1229967184453, 59.3853344274912, 58.88995189000784, 14.757125202241244, 56.71889284158952, 63.76953503749516, 33.82879473534498, 40.90081529587355, 49.95431296368986, 15.85282070235545, 51.3354192379658, 28.468503867826726, 67.43023771118708, 39.18020475277263, 45.78753916688328, 25.800348722209723, 47.60130188796458, 50.09832843716796, 45.548806295644646, 25.414541584240688, 43.1838515072474, 54.8720241139616], [54.43612188705737, 41.875557276233714, 41.19294058038338, 0.0, 48.513258003399066, 18.117601425258393, 67.61673851963096, 21.239643992243707, 36.80267413816278, 15.872305301438303, 63.670898785164574, 23.80831587704, 29.84634026165451, 40.21101061170797, 31.508304436748627, 43.537428483702605, 9.599089382795729, 16.621820965765107, 85.67243395545587, 49.51178716775521, 64.16453174111292, 50.59415817539011, 43.44969077634925, 55.75052311643307, 70.18966515963605, 67.90481214150466, 28.2766577171367, 18.826022435215886, 27.782184271005402, 7.853513239950055, 45.05716847305383, 17.819282096495385, 18.256688559075645, 56.530613062038995, 45.93627460037224, 58.10278923557477, 77.30017195995623, 60.676859755389785, 18.407548197127735, 36.25273942729496, 34.68711599660156, 59.369897075161305, 39.34248280233159, 11.646900609145723, 10.318185959961854, 33.268470435072615, 33.73940098857727, 69.09533685850381, 26.84194911425548, 41.82982061509038, 40.70034748276592, 17.134150409898677, 59.42190753900389, 57.549612825647145, 80.87493679928292, 50.72664638299533, 75.64123664455396, 22.912390396962753], [90.25768431302234, 77.98288884491308, 69.5776302690922, 48.513258003399066, 0.0, 50.39025627482165, 23.283808887927368, 41.52413868417748, 63.160617896176554, 53.569121811388385, 80.30691532874143, 35.05289425245555, 18.697932340396157, 19.165275819736046, 56.60366698705782, 18.27007726010493, 39.225585752466166, 60.85262947318024, 97.40910259195113, 42.42790059092798, 87.32299425804162, 71.33652428731698, 5.105296580187861, 83.0281578009961, 28.9599262436585, 32.82660926815159, 32.383235614573564, 43.13400561171572, 68.47158086647188, 48.29092536223054, 61.01778733583475, 42.27137861447117, 66.57326630464696, 52.18535071446071, 49.49814126540067, 38.469011576938875, 33.879952872021214, 33.26212601428751, 54.16541533742004, 55.66065817501356, 82.2288698002341, 25.70063816404601, 85.09200807258699, 60.15535179553866, 41.5808483695388, 53.86807565121506, 18.380254873819172, 88.04320495620122, 57.15140481007107, 88.65045659589207, 26.723251767394107, 48.91857019792472, 45.54958661492445, 104.39920274858383, 86.06125405483476, 90.40761827763806, 78.13648380039463, 26.740208929421666], [41.43912383678413, 28.631975207045578, 24.305235995132605, 18.117601425258393, 50.39025627482165, 0.0, 64.36735906970908, 37.4146410968469, 19.13582089084865, 33.95474031773457, 45.651091417060826, 37.80699149075265, 34.08584008994012, 48.91845368519565, 49.53202361908799, 38.92025323263602, 17.7251715800133, 32.94145748111483, 67.59158527500595, 35.964605642938984, 46.93795933599394, 32.668919761978444, 45.45492845865074, 39.21883543630865, 65.0906412763104, 60.49590593338112, 20.219658300755036, 7.394059069081929, 18.16468154790543, 25.871691541884697, 62.82498735527112, 34.234780970339564, 28.765691489990516, 41.091685346280364, 29.955338703396727, 46.86759743374541, 72.6654607757519, 51.596089065097466, 36.51162503223998, 18.254851698964593, 44.84460063296774, 52.78665900507435, 35.89999036598749, 22.617963104908778, 25.829634931079482, 15.320735005236438, 32.32217747634103, 51.34893396137246, 44.95926035990898, 40.23722532894891, 32.79081875064371, 1.6080769913470334, 46.184389287621634, 55.44677633182639, 62.897108018591695, 40.28573293408618, 57.95308758753092, 31.27393291666732], [99.68826566430613, 88.65865409629158, 77.97811234607569, 67.61673851963096, 23.283808887927368, 64.36735906970908, 0.0, 64.20743305624667, 71.8513218264296, 75.30186701753935, 81.82257398492322, 57.886546900722706, 39.54166694177848, 42.23796150338127, 79.7139544378773, 25.448840761563186, 58.0177320027906, 81.79889795120401, 94.65955454534512, 41.74373361957125, 91.03139495204005, 76.10198425334852, 26.9086502815445, 89.12832378542447, 7.201052138359319, 15.737069871655834, 44.17398603435666, 57.066689480026504, 82.20008781346769, 69.02587170308142, 84.24279710842536, 64.56385377724682, 85.84699064646847, 49.22288703254862, 51.69248056373598, 31.51300728419037, 10.60553078570203, 23.1001793116043, 76.20860128477757, 63.22130592281245, 102.23529850317239, 15.345052671987716, 100.26617685838337, 79.06346219410393, 62.50744693424615, 62.43752607684569, 33.92633415810486, 89.69206862881765, 79.93053566738531, 104.49809416738162, 32.54178127805304, 63.1856272415236, 39.295672003997296, 119.8140774209092, 81.34045023449391, 101.77525184331337, 73.12721287348505, 48.245159348886034], [75.67436737558162, 63.10127690963696, 61.563824047947, 21.239643992243707, 41.52413868417748, 37.4146410968469, 64.20743305624667, 0.0, 56.544396452960406, 14.072816376654742, 82.57009857154067, 6.572767867965229, 25.43550848652968, 26.136739181563566, 16.513497004573097, 45.15825271504761, 20.345281085691425, 22.911402239696887, 104.12502897280521, 60.08540704273597, 84.34469453751166, 69.85837797000048, 37.33306589284881, 76.37193142093098, 68.72721202315205, 69.38238875043093, 37.73512976612467, 34.84710920094811, 48.99508644063443, 14.536594725760263, 26.804815760652367, 3.432832968762195, 32.73791664986007, 68.92616279318368, 59.8457380252334, 65.05937200525011, 74.7343685350783, 64.82175122464764, 13.625190039064053, 54.11746307516718, 44.79743660969136, 60.730977038863735, 58.77881540006351, 28.853816716968666, 11.609586269830817, 51.137000853456136, 34.530641281757084, 88.6400942186481, 15.729663790281748, 60.30358944225142, 46.49842724024861, 36.04027987130308, 68.70963266482494, 75.43169003891117, 97.58517655129509, 71.75385284392777, 91.41336744358202, 16.995269890741085], [27.854455509265623, 17.448463175196643, 6.41715754438758, 36.80267413816278, 63.160617896176554, 19.13582089084865, 71.8513218264296, 56.544396452960406, 0.0, 52.325625503052905, 27.09392061543375, 56.67452794757835, 49.801382691926484, 65.71416072158314, 68.30213399217683, 47.79638135567113, 36.617333230460424, 49.76926384019567, 49.213756795987855, 33.923891299558534, 27.857374516136474, 13.916174132812527, 58.7280498132447, 20.788203951571468, 70.66881976288717, 63.87474433576283, 30.7983504799523, 23.14643123244925, 19.286751257561168, 44.653167384856644, 81.8061520664866, 53.370436817108484, 42.580715369709864, 34.116139666731044, 24.03871391863855, 46.72129035618961, 78.24231564982021, 53.812351290941, 54.92830631851636, 8.818099511240682, 56.06461694765197, 57.837560414780995, 36.11115337200491, 38.077924868079975, 44.96521163450399, 9.502825285601043, 44.92536978833568, 32.300760296191434, 63.46365493836143, 41.42611135738765, 39.53348531123536, 20.51158727707874, 42.8999973963239, 53.68261768344227, 46.44786348619885, 30.5976799906473, 42.97790347594017, 48.943794343195776], [67.03672458676573, 55.12996577737656, 56.278096834506876, 15.872305301438303, 53.569121811388385, 33.95474031773457, 75.30186701753935, 14.072816376654742, 52.325625503052905, 0.0, 79.33961802234307, 20.166124589576295, 35.760266977575895, 39.85914743809381, 16.381954653369938, 53.650629657576275, 21.521014869139847, 8.942013044679829, 101.39871169182332, 63.8759019021663, 79.22170251041517, 66.20509646809296, 48.945598071925765, 70.43448064608843, 79.07352025259088, 78.40265597291642, 41.67728866976161, 34.28532349485094, 40.5457410720179, 8.6101530878795, 30.433637375118987, 11.840154057683183, 19.733336190743646, 71.56451201386908, 61.292153469707195, 71.13637951499523, 85.60374286314696, 72.44325450003852, 2.611916290812273, 52.124523110315785, 30.7251015970092, 69.68707214469617, 46.994544149351064, 17.67870161468634, 13.377295023667815, 49.1407633646373, 43.01009345879944, 84.51385383643128, 11.156349196034157, 47.820771454490895, 52.86360194907808, 33.004975135387205, 73.42725746938413, 62.42956417263351, 96.74500776044891, 61.928800184091166, 91.44884933279155, 27.082774610616735], [33.750205675646335, 33.60776097328614, 24.536435966909583, 63.670898785164574, 80.30691532874143, 45.651091417060826, 81.82257398492322, 82.57009857154067, 27.09392061543375, 79.33961802234307, 0.0, 81.85543866136875, 71.25959497881489, 87.55985012856068, 95.16248662935524, 62.471311503039225, 62.262119465242144, 76.81584609027115, 22.123283268078925, 40.159912559131484, 11.487745882674613, 13.180132030247172, 76.81592111238739, 17.421309072314568, 78.3339433518212, 69.53054470745118, 50.615769382555044, 47.877034356491805, 43.92757080454566, 71.48759592758354, 108.45112482757216, 79.55661128472941, 69.0680619710485, 33.243382135698816, 31.03988810998762, 51.04779889794494, 85.15850699572619, 59.61341786474861, 81.93380873363503, 28.598134375826486, 81.10141712830676, 66.49553863882615, 56.079588192722866, 65.01595869051486, 71.16615442048973, 31.51596585688224, 63.79433119375869, 7.892025123196627, 90.45147584886661, 61.24627889085627, 53.71120901444744, 46.83591174159317, 44.0370691203996, 69.03184458494576, 22.275042137908475, 41.758844267134435, 22.679681870076433, 72.5903934845261], [77.70135737088998, 64.93598499973652, 62.1059679076934, 23.80831587704, 35.05289425245555, 37.80699149075265, 57.886546900722706, 6.572767867965229, 56.67452794757835, 20.166124589576295, 81.85543866136875, 0.0, 19.746709407200154, 19.716501134547418, 22.088258763121058, 39.815576000581615, 20.0919400266537, 28.74920630370372, 103.00552903310545, 56.48869830250047, 84.51846461298003, 69.492463820318, 30.979898649440887, 77.02498738287026, 62.587986169693984, 63.6463587389951, 34.61752645600911, 34.02177873073128, 51.32603765918571, 18.58711202673114, 30.25514158663776, 8.37070913901696, 37.76032744850058, 65.71118572340497, 57.289960986009014, 60.44405958090358, 68.445554002773, 59.60820697379679, 20.02700798168114, 53.25740458532143, 50.777972185489894, 55.064464715410935, 62.712506783877686, 33.110832574740996, 13.490216855511697, 50.35237621913847, 29.40456010106741, 88.29469520714437, 22.100497414400614, 64.65684562539802, 42.02119846799855, 36.30639703248591, 64.61291464204385, 80.06325283907444, 95.64390686915102, 74.45181169908668, 89.12470220795778, 11.973306610037683], [75.31171492937486, 62.61205272787003, 56.054215862011546, 29.84634026165451, 18.697932340396157, 34.08584008994012, 39.54166694177848, 25.43550848652968, 49.801382691926484, 35.760266977575895, 71.25959497881489, 19.746709407200154, 0.0, 16.304631099014653, 41.748046318576485, 20.152839437472856, 20.70811855008016, 42.49873084619572, 90.82544569310546, 39.49127621426688, 76.31812700645239, 60.365020038661754, 13.689081196672916, 70.50076745295745, 43.526350902199184, 43.96581141338221, 20.660033685188473, 27.42712464627489, 51.595173022255835, 29.801573145858693, 49.39174975017753, 25.272873385950597, 47.87537908396459, 49.29957566702206, 42.799829329321284, 41.44645242218195, 49.876470478317586, 39.967531497407535, 36.706573395334715, 43.762178302170774, 63.616187038896356, 35.344804713479185, 67.26361952995926, 41.47801893048662, 23.147312206276773, 41.345193297785094, 10.234698045173017, 78.51636646846403, 41.04054733169608, 70.54737765767172, 23.62776122411376, 32.50718746586887, 46.41325576069997, 86.34362231528587, 81.55192031259341, 74.33084097486102, 74.32394695085313, 8.740685502308814], [90.35507471530141, 77.52841175512378, 71.86455634235558, 40.21101061170797, 19.165275819736046, 48.91845368519565, 42.23796150338127, 26.136739181563566, 65.71416072158314, 39.85914743809381, 87.55985012856068, 19.716501134547418, 16.304631099014653, 0.0, 39.114078875672206, 31.93125939999714, 32.89370784907847, 48.29112659628209, 106.9661079715753, 54.40403493116017, 92.53506798274853, 76.62054944845198, 17.23560541419265, 86.48420631249293, 48.120135067267256, 51.59577342569223, 36.94876972863042, 42.861347020885844, 65.4476198723327, 37.069101374782285, 42.04297127173439, 28.023072912422577, 56.476234430086485, 64.37325592213634, 58.73476608443904, 54.01420056244272, 52.75899667284309, 50.490081745687895, 39.72487874981291, 59.98809693731424, 70.33264008588027, 43.85829903870702, 79.42841280088636, 51.04580245309221, 30.762800030350107, 57.50525606473468, 24.89214176061393, 94.81931395772793, 40.729481148812546, 82.04059532824613, 37.97383405001988, 47.31074547076142, 60.0612845844021, 97.7438738152743, 97.30477182738294, 88.60821242787219, 89.87907472933489, 17.978226141589502], [83.27694724612778, 71.48376983859707, 72.49359447820682, 31.508304436748627, 56.60366698705782, 49.53202361908799, 79.7139544378773, 16.513497004573097, 68.30213399217683, 16.381954653369938, 95.16248662935524, 22.088258763121058, 41.748046318576485, 39.114078875672206, 0.0, 61.63480787284046, 34.56457042406113, 22.814551415552366, 117.12234000056982, 76.0596108625962, 95.46592986739617, 82.1013308648, 52.83927505262757, 86.76626849852471, 84.61000946192424, 85.70398709477693, 53.579285025255125, 48.69690415373742, 56.89236717421444, 23.6754234249662, 14.115134440879265, 17.87873999393889, 34.37772021866609, 84.5747475303315, 74.97807603062756, 81.50771295225049, 90.30679180464405, 81.32808804556372, 13.81427242968054, 67.3923313836136, 40.32613490413649, 77.09277361845031, 61.97978809185243, 33.7509186061187, 25.166784041429402, 64.38381913028977, 51.03432615143335, 100.58012278123812, 5.83376530955259, 62.08310729700783, 62.935337280347355, 48.42068197421047, 84.94751375722927, 75.66785959751692, 111.74588052167, 77.87144879417711, 106.02633599211173, 33.47400611905126], [75.56269778579247, 63.9895852501902, 54.12890910176462, 43.537428483702605, 18.27007726010493, 38.92025323263602, 25.448840761563186, 45.15825271504761, 47.79638135567113, 53.650629657576275, 62.471311503039225, 39.815576000581615, 20.152839437472856, 31.93125939999714, 61.63480787284046, 0.0, 34.087142980982435, 58.907494973604685, 79.15161849920905, 24.179482769271235, 70.08388143387617, 54.29876325366725, 16.030850144100764, 66.61209770685325, 26.820528110434513, 24.759968133491242, 18.749353926278, 31.6202612057346, 56.810258759345274, 46.294650697391454, 69.51519941789847, 44.47684140200352, 61.50386001652426, 34.01054130401859, 31.480250467443007, 22.10315789133315, 34.182624612496326, 19.814885801574345, 55.058982277763924, 39.57749697075944, 78.17083241762072, 16.057181459763303, 74.817845942817, 54.61516979287988, 40.303636977814406, 38.29475586630718, 10.723635809124174, 70.28191248950559, 60.42385115689241, 79.06114703273356, 8.810318709607253, 37.73815738937562, 28.27561972754328, 94.36631415872814, 67.8436051679956, 76.96092111547227, 59.97082161875576, 28.165264008936592], [58.31201442875226, 45.45946271165166, 42.015617570122785, 9.599089382795729, 39.225585752466166, 17.7251715800133, 58.0177320027906, 20.345281085691425, 36.617333230460424, 21.521014869139847, 62.262119465242144, 20.0919400266537, 20.70811855008016, 32.89370784907847, 34.56457042406113, 34.087142980982435, 0.0, 25.086352219829994, 83.77976487544194, 42.38066333371547, 64.4735672940955, 49.6518719669886, 34.13285084058417, 56.93696313474504, 60.647797027155825, 58.616295721146166, 20.17671901770054, 14.510626425769036, 32.657071924210065, 13.108122563293048, 46.78886599870364, 17.494280914495192, 27.845629406185505, 50.319719519976566, 40.44255913029485, 49.82713710114724, 67.72329758276759, 51.762756645168835, 23.60160855991956, 33.77364631251945, 44.261432081426214, 50.01805757940836, 46.90770030918004, 21.143863035683072, 9.40614964294871, 30.796852413739966, 24.152146534748876, 68.45872561209724, 31.086749713915555, 49.96430953824282, 31.871763545691017, 16.215301568312693, 51.908919247589644, 65.76595718914471, 77.45973983714202, 55.899636435011, 71.5295918329995, 14.94021482539709], [61.11469349489441, 49.87901038363666, 52.86629220621887, 16.621820965765107, 60.85262947318024, 32.94145748111483, 81.79889795120401, 22.911402239696887, 49.76926384019567, 8.942013044679829, 76.81584609027115, 28.74920630370372, 42.49873084619572, 48.29112659628209, 22.814551415552366, 58.907494973604685, 25.086352219829994, 0.0, 98.93427196084406, 66.11655999893253, 75.46304840041036, 63.64487600117639, 56.04074357589603, 66.27180628138075, 85.07012704326822, 83.58353696430433, 44.786809005367644, 35.181751293177534, 35.40414620643001, 12.775703100746313, 36.76692951046345, 20.382199533882098, 11.57695800010696, 72.9285185911035, 62.148588365573765, 74.62251521975456, 91.88300378057329, 76.84514558333642, 10.367369410089658, 51.06998727257281, 22.044538465733527, 74.9330379551863, 39.18877967773792, 12.048511271265653, 19.351855465097717, 48.20276984948674, 48.55888257702872, 81.33453728276191, 16.991024675073056, 39.53775913688294, 56.9261522096894, 32.37240360638654, 76.04347503412723, 53.78365001176609, 95.53377266621145, 55.273943659394334, 90.85766614528116, 34.11355489694082], [50.52388460745684, 53.943691358157956, 46.41554684497992, 85.67243395545587, 97.40910259195113, 67.59158527500595, 94.65955454534512, 104.12502897280521, 49.213756795987855, 101.39871169182332, 22.123283268078925, 103.00552903310545, 90.82544569310546, 106.9661079715753, 117.12234000056982, 79.15161849920905, 83.77976487544194, 98.93427196084406, 0.0, 55.16614931427523, 26.586723331721554, 35.30298921494404, 94.54452723615528, 36.07260408548073, 89.90686761512589, 80.44783254064544, 70.28603190437397, 69.28623117127735, 65.59217375370329, 93.46139351503965, 130.27107581735623, 101.20178449914665, 91.02265657270469, 45.97138062875892, 48.3998998707721, 63.17471092152345, 95.81840826508552, 71.5746747975172, 103.98668181147777, 50.013940479496256, 102.45259592552425, 79.55218803392683, 75.94531902030995, 87.11125099242906, 92.8546768987809, 53.00538910829634, 82.4210225193745, 18.89174859184576, 112.48959667811775, 80.84860781256721, 70.80051360364155, 68.71547138200216, 55.36420791840627, 86.2760635143532, 14.620720940626486, 59.36237775080134, 22.23225186686942, 93.13200461214588], [60.578153549816705, 51.35664706246925, 39.15699663607169, 49.51178716775521, 42.42790059092798, 35.964605642938984, 41.74373361957125, 60.08540704273597, 33.923891299558534, 63.8759019021663, 40.159912559131484, 56.48869830250047, 39.49127621426688, 54.40403493116017, 76.0596108625962, 24.179482769271235, 42.38066333371547, 66.11655999893253, 55.16614931427523, 0.0, 49.337458453811685, 34.88275105806902, 40.00920579397556, 48.166423923788585, 38.80235996331303, 30.800189587633284, 22.491929893838073, 31.246609731451702, 49.72094982877125, 55.34553364720757, 86.60908398616668, 58.203042794905684, 64.34742688844663, 9.991099206456228, 10.4828019495176, 12.837215184513287, 46.032018239830336, 20.564414684689023, 65.98151785822078, 25.259698386586507, 80.7387689513948, 26.490989925202573, 68.25082985348918, 57.765666401923426, 51.340869025012196, 25.88534693473078, 29.635341799173656, 48.04817659456485, 73.23130958724181, 73.303432889224, 16.487098635747568, 35.70070079009597, 10.220657821153251, 86.9174878812263, 43.67228198919701, 64.43422819253934, 35.858536452811514, 44.750203403135195], [24.288649906480494, 27.767318758258625, 22.98069788799595, 64.16453174111292, 87.32299425804162, 46.93795933599394, 91.03139495204005, 84.34469453751166, 27.857374516136474, 79.22170251041517, 11.487745882674613, 84.51846461298003, 76.31812700645239, 92.53506798274853, 95.46592986739617, 70.08388143387617, 64.4735672940955, 75.46304840041036, 26.586723331721554, 49.337458453811685, 0.0, 16.05658036053641, 83.4343028549776, 9.71961866884578, 88.03738105125375, 79.54432976468328, 56.08110080026309, 50.757337427644885, 40.63437245492836, 71.99723045459909, 109.20559570229794, 81.13258131783545, 66.46039248187155, 43.546872745513525, 39.41283009209153, 61.000140198168374, 95.08221379078644, 69.45020905664265, 81.83272755219642, 32.55598611902417, 76.61365365573471, 75.82629001232887, 49.41668618415439, 63.42435843453577, 72.7452013458275, 35.05630795878372, 69.92693149805218, 7.9323259025475705, 90.36601747018256, 54.275103483799796, 61.27843448543915, 48.34999490922701, 54.39056795985882, 60.131321388851745, 31.76859704708087, 32.959417418170716, 33.66500387608348, 76.40360938378568], [27.73717246894605, 23.207289089805162, 11.994787950359308, 50.59415817539011, 71.33652428731698, 32.668919761978444, 76.10198425334852, 69.85837797000048, 13.916174132812527, 66.20509646809296, 13.180132030247172, 69.492463820318, 60.365020038661754, 76.62054944845198, 82.1013308648, 54.29876325366725, 49.6518719669886, 63.64487600117639, 35.30298921494404, 34.88275105806902, 16.05658036053641, 0.0, 67.39848933458401, 13.338724476372064, 73.63804551423314, 65.62845456395033, 40.04023308785655, 35.48677118173176, 31.37427102980464, 58.429250208314606, 95.49132855041557, 66.77398098911189, 56.07568137466075, 31.007137120573347, 24.51281524214859, 47.25925489201038, 80.91299944166458, 55.40473502303105, 68.8036032536585, 16.663628239164005, 68.66151604768852, 61.11754261579878, 45.3367385073194, 51.87446611174854, 58.36432550852609, 19.337013811605022, 53.871106439195344, 18.81001186326514, 77.33068292408161, 50.653452790242696, 45.52103496445889, 33.91927268695438, 41.504928822526274, 60.399671241759606, 33.555893268021904, 34.00942904636533, 31.406946420881308, 60.815379533765174], [85.6067785263394, 73.24142913742405, 65.13836118141748, 43.44969077634925, 5.105296580187861, 45.45492845865074, 26.9086502815445, 37.33306589284881, 58.7280498132447, 48.945598071925765, 76.81592111238739, 30.979898649440887, 13.689081196672916, 17.23560541419265, 52.83927505262757, 16.030850144100764, 34.13285084058417, 56.04074357589603, 94.54452723615528, 40.00920579397556, 83.4343028549776, 67.39848933458401, 0.0, 78.81709432160113, 31.903460507596073, 34.48651491614561, 27.937155009908196, 38.24715240002912, 63.49419687779409, 43.41277913978748, 58.15002307711834, 37.84779857887569, 61.54583870037809, 49.93121256665848, 46.30583794534961, 37.564178245649536, 37.481300052608354, 33.38694246663354, 49.653682932991636, 51.457300553993726, 77.29287811715082, 26.625634603784267, 80.01655338121542, 55.09513539359864, 36.72009948897093, 49.53846745246162, 13.802945449355182, 84.47454652874202, 53.04283557638623, 83.554523626516, 23.772661039192673, 43.966263076037514, 44.18256042662442, 99.30792360024209, 83.65639387516605, 85.56690312077524, 75.86559532922539, 21.951878504200767], [16.378905300386005, 18.04854005253928, 14.926060258930452, 55.75052311643307, 83.0281578009961, 39.21883543630865, 89.12832378542447, 76.37193142093098, 20.788203951571468, 70.43448064608843, 17.421309072314568, 77.02498738287026, 70.50076745295745, 86.48420631249293, 86.76626849852471, 66.61209770685325, 56.93696313474504, 66.27180628138075, 36.07260408548073, 48.166423923788585, 9.71961866884578, 13.338724476372064, 78.81709432160113, 0.0, 86.85892731022254, 78.94112626405932, 50.962669097404216, 43.89911111917812, 31.155322893080726, 63.51766583523936, 100.63933879643173, 73.08295901127164, 56.98282003116997, 44.204667140248105, 37.741993102820935, 60.595257996064866, 94.17679246724995, 68.71175768669524, 73.03789909887938, 27.37081811599797, 66.8960594399681, 74.26623499569529, 39.88056218038751, 54.2237299043297, 64.76873510841449, 29.35438877032129, 65.07315282858542, 17.18695026973086, 81.53753768720912, 44.83503662460862, 57.93795940537565, 40.72263022242831, 54.795077912144805, 51.68289120164483, 39.53868974259662, 24.37995552887063, 39.928029018338464, 69.69989495397986], [98.32339422400285, 87.82918293170604, 76.58567735689586, 70.18966515963605, 28.9599262436585, 65.0906412763104, 7.201052138359319, 68.72721202315205, 70.66881976288717, 79.07352025259088, 78.3339433518212, 62.587986169693984, 43.526350902199184, 48.120135067267256, 84.61000946192424, 26.820528110434513, 60.647797027155825, 85.07012704326822, 89.90686761512589, 38.80235996331303, 88.03738105125375, 73.63804551423314, 31.903460507596073, 86.85892731022254, 0.0, 9.593505396665226, 44.9397317529859, 57.97728165762653, 82.49737156093248, 72.31980100452247, 89.90286612432836, 68.78904123766127, 88.26497536429328, 45.24653137362769, 49.12923838863414, 27.336643587739363, 7.63696782417305, 18.73938917163624, 80.16893935682837, 61.895347355863585, 104.87198561370995, 12.83242705662119, 100.87344486871325, 81.39328729807721, 65.98420174203538, 61.44792133637908, 36.56506931841321, 86.1367910376063, 84.43944749835643, 105.32384345170533, 32.42130394074312, 64.03773037967748, 34.80842243555507, 120.36033848520654, 76.24173658932153, 101.02290291471421, 68.05936183744203, 52.26038751984462], [91.16060163045994, 81.25159931443673, 69.5297853120869, 67.90481214150466, 32.82660926815159, 60.49590593338112, 15.737069871655834, 69.38238875043093, 63.87474433576283, 78.40265597291642, 69.53054470745118, 63.6463587389951, 43.96581141338221, 51.59577342569223, 85.70398709477693, 24.759968133491242, 58.616295721146166, 83.58353696430433, 80.44783254064544, 30.800189587633284, 79.54432976468328, 65.62845456395033, 34.48651491614561, 78.94112626405932, 9.593505396665226, 0.0, 40.89399616848858, 53.74588479785145, 77.18377764251971, 71.02635327532305, 92.364768719227, 68.96778062350451, 85.54449673804527, 36.302445706483034, 41.276314933089324, 18.544588856487064, 15.645760949932805, 10.235787187707823, 79.77579261254317, 55.05687325287083, 102.31492403162575, 8.719813850482154, 95.77482727174163, 78.6259819627164, 65.0626315147155, 54.96465097924734, 35.40811377489246, 77.26742958535755, 84.87879147879569, 100.45304376831866, 27.898279814491275, 59.61765224449636, 25.640813497331038, 115.08901758013769, 66.6984011431639, 94.44630790216418, 58.528300596539665, 52.456600750042305], [57.96630206177406, 45.91026466224409, 37.212532069199696, 28.2766577171367, 32.383235614573564, 20.219658300755036, 44.17398603435666, 37.73512976612467, 30.7983504799523, 41.67728866976161, 50.615769382555044, 34.61752645600911, 20.660033685188473, 36.94876972863042, 53.579285025255125, 18.749353926278, 20.17671901770054, 44.786809005367644, 70.28603190437397, 22.491929893838073, 56.08110080026309, 40.04023308785655, 27.937155009908196, 50.962669097404216, 44.9397317529859, 40.89399616848858, 0.0, 13.037968535943364, 38.06404539105033, 33.276254474695236, 64.42466256575594, 35.74092090994279, 45.01851698978262, 31.20672728153297, 22.85782853835846, 29.837558098596205, 52.487182229388225, 32.766021095383984, 43.68253035552859, 23.687118578088327, 61.80515868538908, 32.84531294738845, 56.112963949541225, 38.12747902590599, 28.896383195783592, 21.626655608681336, 14.140902613658632, 57.93480081917807, 50.76721391633377, 60.439712658954036, 13.003381267692422, 19.108804971440975, 31.763994047124836, 75.654424582184, 61.594474040593845, 58.660316593881696, 54.741029932863924, 23.42163203523385], [47.89530698778383, 35.250726736812794, 29.099475466734603, 18.826022435215886, 43.13400561171572, 7.394059069081929, 57.066689480026504, 34.84710920094811, 23.14643123244925, 34.28532349485094, 47.877034356491805, 34.02177873073128, 27.42712464627489, 42.861347020885844, 48.69690415373742, 31.6202612057346, 14.510626425769036, 35.181751293177534, 69.28623117127735, 31.246609731451702, 50.757337427644885, 35.48677118173176, 38.24715240002912, 43.89911111917812, 57.97728165762653, 53.74588479785145, 13.037968535943364, 0.0, 25.54696305798574, 25.719762615742642, 61.24774080467174, 31.992553843328658, 33.261154907103105, 37.7534049104286, 27.113226433725107, 41.131947563319486, 65.51942708717557, 45.187664118508955, 36.67535835796254, 19.309924132870343, 49.87830662810825, 45.83418001746865, 43.21584412517789, 26.56758284308569, 23.75750007435561, 16.362217649319774, 24.97141594916753, 54.27919825451695, 44.74809761301987, 47.4481922057989, 25.88033768040234, 6.120399857432657, 41.37457910402084, 62.76586282917536, 63.07675686751047, 47.33411434701596, 57.36678262899662, 25.801795281904766], [26.733883071884673, 14.593582214548906, 19.447177778991033, 27.782184271005402, 68.47158086647188, 18.16468154790543, 82.20008781346769, 48.99508644063443, 19.286751257561168, 40.5457410720179, 43.92757080454566, 51.32603765918571, 51.595173022255835, 65.4476198723327, 56.89236717421444, 56.810258759345274, 32.657071924210065, 35.40414620643001, 65.59217375370329, 49.72094982877125, 40.63437245492836, 31.37427102980464, 63.49419687779409, 31.155322893080726, 82.49737156093248, 77.18377764251971, 38.06404539105033, 25.54696305798574, 0.0, 34.8505727199011, 70.97657952020448, 45.56525074708651, 25.83360648150408, 52.08195097291994, 41.17480623357706, 61.89074728291862, 90.12000416972879, 67.73405362721797, 43.08318236031872, 25.60771234271414, 37.287284860756905, 69.93117238995568, 18.65297110852083, 23.43769820789416, 37.94993202367741, 24.098559408151885, 50.48224827728746, 47.16385396805688, 51.38424288346696, 23.5929459076155, 50.07846648423183, 19.576425221467208, 59.571090931379906, 37.91988538326331, 64.89799435637659, 23.260753878299766, 62.03896147804761, 47.47463681057291], [61.5844336824656, 49.209482982530446, 49.019911223376546, 7.853513239950055, 48.29092536223054, 25.871691541884697, 69.02587170308142, 14.536594725760263, 44.653167384856644, 8.6101530878795, 71.48759592758354, 18.58711202673114, 29.801573145858693, 37.069101374782285, 23.6754234249662, 46.294650697391454, 13.108122563293048, 12.775703100746313, 93.46139351503965, 55.34553364720757, 71.99723045459909, 58.429250208314606, 43.41277913978748, 63.51766583523936, 72.31980100452247, 71.02635327532305, 33.276254474695236, 25.719762615742642, 34.8505727199011, 0.0, 37.212147377483205, 11.157747024470734, 19.415541892586727, 62.959481909009696, 52.68841405255376, 62.91732975728699, 79.11000261753188, 64.6091046036394, 10.955598176351542, 43.86814995092545, 34.00240834245056, 62.34577291244198, 44.34127427615594, 14.542187626796427, 6.719634939729713, 40.86789602184194, 35.85169468203725, 76.94792396220788, 19.173500048160754, 46.101944140637364, 44.832653405338874, 24.80201806449118, 64.9742955063245, 61.47614985415265, 88.40782526122402, 57.33662703609363, 82.98264477174942, 21.589638567022842], [97.39130186023631, 85.56313739659808, 86.2258682138885, 45.05716847305383, 61.01778733583475, 62.82498735527112, 84.24279710842536, 26.804815760652367, 81.8061520664866, 30.433637375118987, 108.45112482757216, 30.25514158663776, 49.39174975017753, 42.04297127173439, 14.115134440879265, 69.51519941789847, 46.78886599870364, 36.76692951046345, 130.27107581735623, 86.60908398616668, 109.20559570229794, 95.49132855041557, 58.15002307711834, 100.63933879643173, 89.90286612432836, 92.364768719227, 64.42466256575594, 61.24774080467174, 70.97657952020448, 37.212147377483205, 0.0, 29.31791254862094, 48.2651980627306, 95.6307981234804, 86.65054866946312, 90.61313667735068, 94.79009034652535, 89.30944179975218, 27.896178135696008, 80.31949641857493, 52.34139640708233, 84.04539988256646, 75.79310010539717, 47.86546828423471, 37.49728484093731, 77.31368564449265, 59.42027538701581, 114.10589027302011, 19.825832599692816, 75.62754422366186, 72.25814435389408, 61.615325295266906, 94.86595414996401, 88.67530207004414, 124.24087954336196, 91.95105051609498, 118.17872242371412, 42.213371744754205], [72.24992989004718, 59.68942681150902, 58.30550321682135, 17.819282096495385, 42.27137861447117, 34.234780970339564, 64.56385377724682, 3.432832968762195, 53.370436817108484, 11.840154057683183, 79.55661128472941, 8.37070913901696, 25.272873385950597, 28.023072912422577, 17.87873999393889, 44.47684140200352, 17.494280914495192, 20.382199533882098, 101.20178449914665, 58.203042794905684, 81.13258131783545, 66.77398098911189, 37.84779857887569, 73.08295901127164, 68.78904123766127, 68.96778062350451, 35.74092090994279, 31.992553843328658, 45.56525074708651, 11.157747024470734, 29.31791254862094, 0.0, 29.711857148403308, 66.82977693761416, 57.48471736175494, 63.75306819870184, 75.01460864029698, 63.950134007025724, 11.96529880798318, 51.189637068009425, 42.407315019870275, 60.2709997613921, 55.46533669335837, 25.572103884826166, 8.412530890086742, 48.19640441621068, 33.76561502368825, 85.53239810045493, 15.94752414456728, 57.08236673015723, 45.183160706209605, 32.89309019996353, 67.0729593966411, 72.29729644990383, 94.92489941744745, 68.324017751733, 88.88568057362245, 16.573216622726836], [50.35120412229187, 39.79983958344104, 44.607112630852804, 18.256688559075645, 66.57326630464696, 28.765691489990516, 85.84699064646847, 32.73791664986007, 42.580715369709864, 19.733336190743646, 69.0680619710485, 37.76032744850058, 47.87537908396459, 56.476234430086485, 34.37772021866609, 61.50386001652426, 27.845629406185505, 11.57695800010696, 91.02265657270469, 64.34742688844663, 66.46039248187155, 56.07568137466075, 61.54583870037809, 56.98282003116997, 88.26497536429328, 85.54449673804527, 45.01851698978262, 33.261154907103105, 25.83360648150408, 19.415541892586727, 48.2651980627306, 29.711857148403308, 0.0, 69.85720318420559, 58.70718348941153, 74.322171544234, 95.4497295249449, 77.78233854980435, 21.643272868325568, 45.63683976924083, 16.792810083878884, 77.13671163526666, 27.611885260512025, 6.918650604916651, 25.820034169142478, 43.038331478622545, 51.93826854918855, 72.84783520383436, 28.54732089599868, 28.105175639253993, 57.89761210202349, 28.75911373224204, 74.53811551223745, 42.783423857768824, 89.00972410996938, 44.06116467855636, 85.09610827629415, 40.34103937722105], [58.34173570836139, 50.872228350567504, 38.13808323876555, 56.530613062038995, 52.18535071446071, 41.091685346280364, 49.22288703254862, 68.92616279318368, 34.116139666731044, 71.56451201386908, 33.243382135698816, 65.71118572340497, 49.29957566702206, 64.37325592213634, 84.5747475303315, 34.01054130401859, 50.319719519976566, 72.9285185911035, 45.97138062875892, 9.991099206456228, 43.546872745513525, 31.007137120573347, 49.93121256665848, 44.204667140248105, 45.24653137362769, 36.302445706483034, 31.20672728153297, 37.7534049104286, 52.08195097291994, 62.959481909009696, 95.6307981234804, 66.82977693761416, 69.85720318420559, 0.0, 11.219706064247056, 17.910741677683195, 51.942348751786234, 26.510688717315066, 73.80284913955037, 26.48448834125137, 85.72769745157304, 33.91653047803939, 70.00859233869147, 63.604691083362944, 59.55173972328922, 28.143706280715946, 39.559718685359286, 40.96503175615599, 81.39731132946764, 75.25634180936942, 26.478176634670064, 41.18185751235076, 10.845594607841424, 87.78446587870617, 33.89110395779219, 63.434674016629586, 25.96107208382094, 54.15367045715209], [50.164801503912955, 41.33341135229642, 28.908305403091386, 45.93627460037224, 49.49814126540