instance_id,num_cities,city_coordinates,distance_matrix,best_route,total_distance
1809,79,"[[64.44998781680127, 68.08118508571071], [97.10587569559983, 73.0941996157992], [96.4053459079405, 66.52603591124866], [87.16175339258106, 7.509998684821384], [21.43800497610362, 13.731878325509928], [62.1221405408523, 41.01272572389599], [81.2291412870957, 76.92348353213923], [16.642405279189376, 10.15071491725278], [4.722060042786991, 75.63801992838944], [97.98505101237868, 10.53186148163745], [90.1338570513851, 38.05090148998549], [17.29529061652889, 46.78530433085712], [57.55007874236286, 64.80174830180104], [36.57787225476642, 80.30792484365644], [38.93864085270016, 75.98323227230055], [40.183291961054536, 31.229839403502126], [69.17556038001219, 13.29833036281325], [52.727917024847436, 67.51155034075454], [51.512287814130566, 98.1348949898762], [84.15051923704164, 95.80752374211922], [99.74413856156664, 36.818431371613194], [68.81062222323361, 86.65188316286094], [93.26202511560967, 28.789463267677885], [39.52229717672336, 52.42365325551505], [71.77114803877586, 3.0695409872306567], [17.177691462101187, 94.43093125227769], [67.9197177623467, 41.2600860320824], [4.231696354934078, 49.34476469058111], [86.19665396078287, 5.7232264620239], [84.77239740024274, 64.84220893050673], [50.350731206722756, 90.60411662992564], [21.920156926802548, 1.547811092733642], [92.7771021427043, 43.95980737367358], [17.413538913558078, 89.5919454010248], [91.31877969103658, 95.62998854259219], [90.45957377233508, 83.60725758102619], [59.67832428096308, 38.294235727106994], [13.487182188251213, 74.3807972373526], [86.62204264853867, 24.16113891948544], [52.18492541916693, 79.69497359999178], [33.630994095131406, 4.920864623203602], [80.81740921131947, 2.1154622933384326], [46.97887094121322, 47.654805586890916], [78.5578506666591, 84.13729929775917], [14.518033938512398, 71.2734790182223], [4.555907960293659, 1.901163653173732], [32.61003599340222, 26.74830977236794], [99.59076231323397, 55.236961578490366], [83.34254599743602, 79.40596677243387], [4.438212387336171, 8.089887245403915], [40.81717008110892, 41.17483967522742], [43.94149926686374, 61.898781982794596], [13.375256910990885, 99.71855535347629], [5.601894353641724, 36.6077193093075], [73.95217696288137, 64.18348720251896], [84.38318084863697, 16.797468150577988], [88.02537277705564, 24.28373690230634], [31.557866363826815, 39.2174127612773], [14.602387067736021, 16.1413859135236], [20.3670050512475, 46.85872678276336], [73.70803850733509, 25.716158012165234], [34.53396268910467, 15.218987329309252], [26.77864841271511, 32.29266203561878], [62.507139378606944, 39.088923467653316], [46.336987823992736, 39.651422147278424], [61.468119552637546, 14.9640147233006], [56.5960655922629, 11.786404738610845], [43.19880296644186, 70.65159414512048], [61.89076930783245, 10.066655975675554], [9.266555120154118, 85.4359755790241], [20.949957416528918, 83.22582281262027], [77.87595571574634, 98.57564272757531], [32.46514644627051, 42.22785339983943], [66.7246452055384, 11.026843977456934], [54.45975434498954, 94.42442151585537], [88.69405699281627, 71.40705880485065], [91.49777053517644, 60.40623866469325], [25.938158632063256, 2.508950363322515], [6.322004741166543, 11.382696455680863]]","[[0.0, 33.03842199366582, 31.993177392809354, 64.68920248063395, 69.31001235898661, 27.16837067551822, 18.966450194894296, 75.10994822278316, 60.20407884036919, 66.60724518262045, 39.51555480692237, 51.74050642556873, 7.639597558456686, 30.435965419417137, 26.707137129648384, 44.12362412976692, 54.98629108823636, 11.735903348027303, 32.72017054299748, 34.012656372734696, 47.149091683536604, 19.07579512102268, 48.72343272731924, 29.437188446946116, 65.42257450898168, 54.12004365934216, 27.044599836927826, 63.06580750144578, 66.04114241964044, 20.57890419364291, 26.572005613092784, 78.9650325803849, 37.2057289776661, 51.72175881358153, 38.4820548916876, 30.291211410376, 30.166722145292326, 51.350683255381206, 49.19929339639879, 16.89117637325212, 70.27827868511665, 67.96594048952633, 26.87893049044666, 21.37359580839741, 50.03389609709719, 89.25859083958679, 52.17460219095794, 37.414544093341114, 22.026789027468556, 84.85498810771792, 35.81147159049305, 21.420088952426546, 60.07954173061442, 66.73587605049615, 10.270523227008443, 55.02137591088797, 49.739473694463015, 43.76081587989363, 71.98976342845793, 48.92547501995713, 43.364813173017765, 60.74027091706021, 51.96102572702752, 29.057286414661615, 33.709526687198384, 53.200801926795485, 56.84000693734406, 21.406070640751448, 58.07094959819209, 57.84807686736169, 46.060967170739595, 33.31919208046585, 41.12693565970716, 57.09966642225779, 28.173939561868306, 24.471132507652083, 28.11560692117322, 76.0452428074394, 81.20086840281267], [33.03842199366582, 0.0, 6.605415689657475, 66.33379968109973, 96.17438249447679, 47.46664821171162, 16.331996534108118, 102.15797735590064, 92.4188315028688, 62.56851526167792, 35.73012437019967, 84.03503710820665, 40.415663070160576, 60.95635350147322, 58.238936451135274, 70.65978484966737, 65.99733701709745, 44.72772282054123, 52.017417090072655, 26.148352793925216, 36.371579463309445, 31.375661781510228, 44.471168751876, 61.181206279970226, 74.46677944891266, 82.7270859621636, 43.18845450540893, 95.86265616740084, 68.24851018554261, 14.83947563535175, 49.92635306145811, 103.78717655603761, 29.4542202713003, 81.38208745034927, 23.266977945556178, 12.437753697328771, 51.106350794686556, 83.62859102792355, 50.043532893549575, 45.40332576946485, 93.14861350662255, 72.82372753643148, 56.21280436167859, 21.586553292731015, 82.60790900142767, 116.76448474335807, 79.42074567939434, 18.029298705817887, 15.141586740494875, 113.1938887474127, 64.70907137929426, 54.33036257042411, 87.86166877825556, 98.51011037749082, 24.809162837904776, 57.71645292146914, 49.64792849212307, 73.7846746617813, 100.25192578885537, 81.09965661174898, 52.84068140442754, 85.23370515528863, 81.30611518333292, 48.51217744695101, 60.79390874527492, 68.18480812132069, 73.48258587796037, 53.96238330274264, 72.19816462493674, 88.70211763583977, 76.82690724954956, 31.923248041047625, 71.63208224398194, 69.10409395995795, 47.683016185604444, 8.579343681451832, 13.872101376040938, 100.23532991949423, 109.7725869593702], [31.993177392809354, 6.605415689657475, 0.0, 59.735556015668415, 91.69146787775883, 42.73484722048294, 18.396306795737946, 97.67447729535976, 92.13497251185397, 56.01645328178779, 29.157586539130854, 81.53586530809169, 38.893507867875726, 61.394356957838255, 58.23968366086374, 66.38328733890793, 59.78837560803869, 43.68854578179979, 54.90452292176601, 31.742500001152948, 29.89463670739749, 34.154333587856065, 37.867260007650316, 58.605105831546446, 68.07033460105127, 83.99824053504398, 38.0762292532439, 93.76128066893381, 61.653864665491135, 11.754180715125239, 51.96904373155952, 98.84438819741521, 22.85604566039461, 82.29059334351835, 29.54510474928861, 18.086468423122838, 46.32395340669628, 83.28936997081473, 43.47985188323588, 46.13964139494308, 87.9534898395038, 66.26994616148482, 52.90651908405501, 25.073685099255112, 82.02481379212264, 112.3062481150142, 75.18050986706449, 11.729879665437954, 18.34473658820936, 108.96209028324196, 61.096059139293104, 52.66751069964115, 89.41889635733621, 95.60529526374505, 22.575037765818667, 51.161146432041114, 43.065482410339264, 70.36303362967939, 96.0746430147177, 78.54064125402866, 46.69704377555044, 80.37711922930262, 77.58737584813835, 43.610589828020515, 56.8250415414278, 62.283640021983935, 67.68460696619739, 53.36624815861245, 66.17339027580589, 89.16700442538435, 77.2812948580772, 37.02047538829983, 68.40139458049006, 62.9373045140116, 50.3761111133961, 9.126245735261822, 7.844502175301338, 95.20405308926743, 105.62100284546332], [64.68920248063395, 66.33379968109973, 59.735556015668415, 0.0, 66.01759532257772, 41.8260078278958, 69.66654695794084, 70.56877383487648, 106.94732496968842, 11.237233918073331, 30.68517792539514, 80.14906271708367, 64.49182777503724, 88.64686731064872, 83.74993911018386, 52.62705275989727, 18.894653283398075, 69.18002087394503, 97.38457899652832, 88.34885659918653, 31.895150777146593, 81.24162660810008, 22.136597029078946, 65.47330872529824, 16.018376875347577, 111.59308868691433, 38.850023566826266, 92.88456280256722, 2.0307564820573285, 57.38197760371797, 90.88280250653943, 65.51346113804955, 36.87981419475206, 107.71378463192836, 88.21798841608032, 76.16868405567436, 41.26751901930815, 99.49696548737093, 16.6598847175388, 80.2125245743181, 53.59333732984467, 8.327768366695949, 56.80026023976382, 77.1088214236391, 96.65863334617057, 82.79604296097244, 57.84464093328861, 49.318792055395335, 71.99733725897177, 82.7255734775476, 57.28125279027428, 69.47035421908741, 118.09684579168176, 86.59496493441348, 58.19258724457675, 9.694202105347362, 16.795955829602427, 64.00900218033631, 73.07094146755507, 77.5232920412172, 22.63772695449167, 53.18940552638052, 65.27097187700264, 40.06343073948867, 51.95895097019549, 26.753040481466698, 30.863391249883826, 76.93895039213388, 25.39998293531898, 110.1822117622283, 100.58274180855345, 91.53784771020494, 64.78462971610078, 20.737492419798958, 92.86300467764566, 63.915430424162274, 53.073658708148955, 61.42751044698189, 80.93245795135779], [69.31001235898661, 96.17438249447679, 91.69146787775883, 66.01759532257772, 0.0, 48.98411499072813, 86.99516624474107, 5.985190707879236, 64.12326553731839, 76.61390451269718, 72.87341751299479, 33.312025650746435, 62.54768973427419, 68.27580502053368, 64.66454456882708, 25.643019050710468, 47.73952408410874, 62.21986594396847, 89.600958199491, 103.29216337884172, 81.63846819150221, 86.95683969833755, 73.38542589159493, 42.709426027887204, 51.450079961868816, 80.81143121189511, 54.021771935757435, 39.551671666547875, 65.25198175528017, 81.38495658465958, 82.12969475176205, 12.193603439360146, 77.4789937924242, 75.9667434065078, 107.65975632467577, 98.21682943974085, 45.44921805335486, 61.16785878367086, 66.0130914578198, 72.77707781247084, 15.043368842083206, 60.50499788250274, 42.46293475760525, 90.66201009238932, 57.95620596140381, 20.61482498857195, 17.153476751441268, 88.49025604682821, 90.25108360787817, 17.91158874609141, 33.59565697838253, 53.16444171835547, 86.36386126542327, 27.82241003872316, 72.82240793695007, 63.01978266068295, 67.41824137489775, 27.421233742911994, 7.247854786479327, 33.144156793451174, 53.6262935971156, 13.180121456568322, 19.3138593825901, 48.2664846338697, 35.94137029647108, 40.049072812153774, 35.211845929556894, 60.937561307961225, 40.618468668231664, 72.72978588265823, 69.49565821544523, 101.90047419714746, 30.555170502549693, 45.36735604037783, 87.18785728475774, 88.59911385673834, 84.1835296436552, 12.091546425982699, 15.297454643180066], [27.16837067551822, 47.46664821171162, 42.73484722048294, 41.8260078278958, 48.98411499072813, 0.0, 40.67751226266484, 54.96244199906249, 67.03491806463333, 47.06624514919064, 28.16786581654769, 45.19700363864135, 24.22439564367464, 46.86813753642399, 41.95725188858962, 24.02119775875141, 28.597874775197173, 28.11474953727469, 58.099149705774686, 59.056916257459704, 37.85507680858969, 46.126656923672456, 33.452960353349944, 25.31723103372532, 39.15084435431371, 69.81051629135027, 5.802851778329073, 58.48697633991068, 42.719210603194526, 32.87671525092656, 50.96932538013695, 56.335414912373345, 30.79629784668079, 66.02120601675522, 61.93132596249339, 51.15959603316688, 3.655465192658899, 58.98124592178769, 29.73585682493105, 39.93825916489563, 45.9822559636126, 43.156809115678854, 16.535895472388415, 46.15042159360071, 56.40801499208266, 69.59587215583214, 32.77861920914045, 40.0777557152209, 43.86737473285748, 66.41798597293423, 21.305587230202182, 27.690486871547314, 76.30617993400377, 56.6916423344346, 26.01603254237226, 32.89274410758319, 30.83563696886372, 30.61695616161302, 53.63497472833153, 42.16238926028188, 19.189007672344964, 37.76803539433891, 36.40332328976718, 1.9619478143408473, 15.843743046461295, 26.056920160402008, 29.74416485081311, 35.1646872052881, 30.946934670645383, 69.0444642086233, 58.96689095623815, 59.67974620034167, 29.68187719796211, 30.337042593171212, 53.958515635507986, 40.371799902483524, 35.1999429225149, 52.83768791112153, 63.17906132334238], [18.966450194894296, 16.331996534108118, 18.396306795737946, 69.66654695794084, 86.99516624474107, 40.67751226266484, 0.0, 92.89805755047921, 76.51787959163413, 68.47341081922607, 39.879463354799014, 70.68130663149154, 26.601399737453512, 44.77935092415423, 42.30095151912351, 61.422071445455224, 64.75684464598164, 30.01506739699343, 36.51048282840279, 19.108674045536787, 44.172619719371184, 15.775340728952024, 49.61526176540933, 48.37047166640295, 74.45709144004968, 66.40104630468687, 38.06597793053795, 81.78748228807984, 71.37333387907384, 12.590149319345041, 33.77330204537197, 95.91166572186131, 34.92791642515862, 65.06090248698422, 21.254038035826987, 11.39621513490936, 44.23411013702437, 67.78966201526023, 53.03723592080087, 29.17614835064853, 86.3131551146945, 74.80915428586994, 45.052597343867994, 7.692524389245661, 66.94993946734745, 107.27130645614442, 69.86676936414403, 28.41574143241061, 3.2602457741759947, 103.12570358088804, 53.95454526137555, 40.200869444277544, 71.58047865351081, 85.70204970480334, 14.671800034577423, 60.208684516600314, 53.07665859601681, 62.36171361885599, 90.18640567583277, 67.88290819926684, 51.756711390237136, 77.38142255052784, 70.40430669864766, 42.213354412255, 51.05554752590124, 65.0344043953904, 69.63926659537483, 38.54404272084585, 69.59747137449085, 72.4643107238506, 60.60775105964495, 21.910268170435817, 59.8474221927175, 67.47405065045102, 31.98254066777813, 9.282020699468115, 19.44901346201678, 92.70714918328588, 99.53227554975386], [75.10994822278316, 102.15797735590064, 97.67447729535976, 70.56877383487648, 5.985190707879236, 54.96244199906249, 92.89805755047921, 0.0, 66.56336641258963, 81.34353869594489, 78.60924814790093, 36.6404066675997, 68.26546123896503, 72.93460734241184, 69.50570093202539, 31.599095475586214, 52.6273680497157, 67.76746710943299, 94.64208710215777, 109.06160803970425, 87.27579948316449, 92.59563489745999, 78.85409998185285, 48.06756462515409, 55.58166336553706, 84.28191619070022, 59.976293205362055, 41.112032711077774, 69.69502251726543, 87.36621397208755, 87.22958835153088, 10.092800239170968, 83.30394227901894, 79.44497308110718, 113.50448059356086, 104.1385520566722, 51.42128049652133, 64.30753383236204, 71.36835171886742, 78.10041391460373, 17.775361713768778, 64.67608842856096, 48.237516165528156, 96.47557745783405, 61.15967008524375, 14.633472366405096, 23.03139999218499, 94.40974299639467, 96.15195620141311, 12.376967917653268, 39.33084756557508, 58.50728995234434, 89.62740819006548, 28.66820473797304, 78.76515988219876, 68.06608555877874, 72.76860833650345, 32.670229612342084, 6.328492181287875, 36.89648734744923, 59.15039741599549, 18.595569681919066, 24.351781188538638, 54.23092981054955, 41.85761531169481, 45.083395115582356, 39.987128599140014, 66.07267699638439, 45.248442107704214, 75.6457113026204, 73.20195625347384, 107.55703397419956, 35.76733078203468, 50.08990275664869, 92.36996002073364, 94.57156116474678, 90.1606531405845, 12.033602781177839, 10.393673353355377], [60.20407884036919, 92.4188315028688, 92.13497251185397, 106.94732496968842, 64.12326553731839, 67.03491806463333, 76.51787959163413, 66.56336641258963, 0.0, 113.74004287095954, 93.316485900084, 31.47324775762048, 53.92795511131441, 32.19628524539023, 34.21832219562652, 56.82944190023458, 89.66878275550025, 48.68882636232667, 51.91757700843093, 81.94930758746797, 102.64577858707351, 65.02806306283938, 100.17041816968002, 41.832562969544014, 98.80164136757682, 22.545870355374042, 71.94293766741445, 26.297827430168066, 107.36008475940618, 80.77503355706193, 48.02040902227214, 76.0600656175307, 93.57991018311552, 18.86228172897147, 88.87446575315548, 86.10708454760648, 66.44357905387236, 8.854827786002687, 96.73404999909437, 47.63593667421575, 76.3979222394207, 105.81147691191288, 50.68232780948013, 74.32335922743854, 10.72428654607178, 73.73704347115049, 56.28448242421605, 97.03748684026549, 78.71072503264539, 67.54872906613213, 49.905588483059745, 41.55636019163279, 25.5880832107205, 39.0402161217182, 70.17132896516907, 99.0358758307389, 97.86063712048073, 45.239596896098234, 60.31144436356029, 32.756862155579455, 85.15431593227468, 67.37365241399814, 48.634485104427945, 68.37361951764146, 55.016701410521094, 83.07496721349126, 82.26749792044622, 38.79850754996993, 86.99347728221099, 10.800572690372384, 17.914223560697284, 76.66568327360001, 43.42715821529882, 89.54844847693677, 53.16735012303034, 84.0785186822688, 88.10238981959613, 76.14449195314319, 64.27523953763445], [66.60724518262045, 62.56851526167792, 56.01645328178779, 11.237233918073331, 76.61390451269718, 47.06624514919064, 68.47341081922607, 81.34353869594489, 113.74004287095954, 0.0, 28.617106939629696, 88.45987537387381, 67.6772310156844, 92.94912921200411, 88.14964827565595, 61.39584382905189, 28.942012724876733, 72.76601623867523, 99.16657299274814, 86.3905830713427, 26.34536288583415, 81.51935350530468, 18.858605372592574, 71.92229003636042, 27.255365274945518, 116.48554960108392, 42.990092433699715, 101.46986234853883, 12.731428662877018, 55.89443671324715, 93.16970788770388, 76.59361118030849, 33.831203023097444, 112.8816434644312, 85.35883318445809, 73.46186985622523, 47.30914009597787, 105.9083397705624, 17.74472210417876, 82.95292389210896, 64.59820374788804, 19.119720194246455, 63.08520733495237, 76.12605722993729, 103.2292935177309, 93.82693491984705, 67.35626016857923, 44.73392765509567, 70.41338887399421, 93.57870620451094, 64.86261421454324, 74.56048556066644, 122.93528224910996, 95.99269761644162, 58.788400025622025, 14.975603456327194, 16.979672203454477, 72.35628315875306, 83.57113982025815, 85.69832087871043, 28.634528061363973, 63.62397156826845, 74.45726433287439, 45.543254200450676, 59.291409533518866, 36.78491899668962, 41.40799431136666, 81.33827653988978, 36.09727950870976, 116.1102830161609, 105.91892021405693, 90.31103548144934, 72.78388419169897, 31.264324379066654, 94.51144416989455, 61.58012844263714, 50.29451567902415, 72.49221892364127, 91.6669949974986], [39.51555480692237, 35.73012437019967, 29.157586539130854, 30.68517792539514, 72.87341751299479, 28.16786581654769, 39.879463354799014, 78.60924814790093, 93.316485900084, 28.617106939629696, 0.0, 73.36038817557872, 42.15815951913379, 68.21949523595394, 63.71665308386074, 50.41414326189638, 32.43362416954051, 47.6144324756397, 71.4262688738741, 58.06571919279241, 9.688988249431297, 53.07292872174729, 9.775462821966782, 52.61279299048857, 39.5080329161736, 92.20254797720055, 22.44475105181684, 86.64140210264758, 32.5665494163895, 27.322507278127976, 65.91310585549034, 77.36655926972851, 6.473168725984721, 89.13318056429075, 57.59127805035775, 45.557520473309424, 30.456504853334785, 84.82083525048267, 14.326840009747576, 56.34137160142779, 65.49941118092218, 37.12346953899355, 44.21072042018412, 47.51799645098248, 82.59232629401451, 92.89988652472972, 58.62370312975795, 19.616159626626327, 41.908988658127484, 90.78218927163499, 49.415529983087524, 51.98514520218768, 98.46208523355698, 84.54428125153886, 30.73692903511323, 22.01769073952789, 13.927689209604784, 58.58760477758897, 78.64496061850441, 70.32063299201168, 20.54150460666615, 60.10527894733733, 63.61634839617274, 27.646211657250884, 43.826104327167045, 36.80664134262772, 42.59820706976456, 57.14634252120708, 39.759149919171946, 93.72761475712775, 82.62678430867376, 61.75354602799309, 57.81978130461658, 35.75319403471781, 66.71293250947384, 33.38721694036038, 22.39690514750059, 73.37791210871717, 87.95237203976707], [51.74050642556873, 84.03503710820665, 81.53586530809169, 80.14906271708367, 33.312025650746435, 45.19700363864135, 70.68130663149154, 36.6404066675997, 31.47324775762048, 88.45987537387381, 73.36038817557872, 0.0, 44.10261013153241, 38.672781651704966, 36.34492544385389, 27.673689574272153, 61.74900660146888, 41.049339676226964, 61.70561852918662, 82.90234972488385, 83.04908839987147, 65.13964613288228, 78.06916834464832, 22.931000833437672, 69.84759843119114, 47.64577205058512, 50.92504944613536, 13.3119620028218, 80.20905254148704, 69.85135462982495, 54.88852761655057, 45.47329087340361, 75.53467617146525, 42.80680439334285, 88.686414464155, 81.90768322239752, 43.22522167246981, 27.85700842793356, 72.9249710858282, 47.96178633104983, 44.938697357362095, 77.6560000156299, 29.696312453337217, 71.75146543383826, 24.645158838491994, 46.65702471049842, 25.21948803793186, 82.72832146257204, 73.66374658865826, 40.7754799359709, 24.18173126966516, 30.6339295907788, 53.07820388894265, 15.502217681085982, 59.26803132970834, 73.48506878659529, 74.22307632520011, 16.146022722526073, 30.762013352368438, 3.0725918090274504, 60.2188263850277, 35.96670938337304, 17.319663847437027, 45.862245331825044, 29.905057293026456, 54.441099258801735, 52.62579107587284, 35.222034886708414, 57.76690970389525, 39.475751818105124, 36.62332558136608, 79.70104224607184, 15.839661766710163, 61.007610852513544, 60.420880913721064, 75.52492723222768, 75.44228176695061, 45.11202376520438, 37.064236768965294], [7.639597558456686, 40.415663070160576, 38.893507867875726, 64.49182777503724, 62.54768973427419, 24.22439564367464, 26.601399737453512, 68.26546123896503, 53.92795511131441, 67.6772310156844, 42.15815951913379, 44.10261013153241, 0.0, 26.08208112681135, 21.712005989850635, 37.79786171442913, 52.79918448901812, 5.531389583114518, 33.875560326314606, 40.8526810034101, 50.63007713248998, 24.581054349459585, 50.71713504472218, 21.868199403547173, 63.34906654294503, 50.07812034232365, 25.724293495182057, 55.51367617776359, 65.657429240853, 27.2223487262512, 26.787922955674162, 72.59856679736579, 40.9307913348833, 47.175159794616434, 45.72423383835854, 37.90358877967612, 26.592812035776415, 45.092094997327806, 49.9683721600769, 15.830130446843103, 64.4813371487529, 66.86508147520955, 20.143685830639246, 28.551532595301204, 43.51597612907774, 82.24880355371891, 45.49802101447191, 43.11501154086048, 29.640083742155564, 77.69881293941567, 28.952047311275347, 13.914763698685714, 56.308066016489825, 59.10598220243139, 16.413746459063574, 54.994784129795796, 50.69963307826363, 36.4712671754222, 64.90250448123938, 41.28599024307839, 42.293770605796475, 54.66435569758693, 44.76294912530278, 26.186290518188418, 27.536744789871204, 49.99150659894707, 53.023926620099125, 15.497735730974979, 54.906938783132304, 52.50780883549118, 40.97579044565197, 39.41848829445984, 33.746622932440886, 54.551929433151926, 29.783432865061958, 31.836732057584253, 34.231071894256694, 69.8548936586699, 74.01290877955358], [30.435965419417137, 60.95635350147322, 61.394356957838255, 88.64686731064872, 68.27580502053368, 46.86813753642399, 44.77935092415423, 72.93460734241184, 32.19628524539023, 92.94912921200411, 68.21949523595394, 38.672781651704966, 26.08208112681135, 0.0, 4.927087802113008, 49.21033958153081, 74.51774972177998, 20.605124277570834, 23.255916079440702, 50.0339315556294, 76.68972057320653, 32.851118362782195, 76.59794428512441, 28.039298138902662, 84.87835178160519, 23.996381494009757, 50.070400394601386, 44.7771412889198, 89.58181026675231, 50.61522125511457, 17.196023057966666, 80.11244682753065, 66.92935890630481, 21.294710848532038, 56.84481139858363, 53.98262086023834, 47.9456041467482, 23.839270320403543, 75.21223677045909, 15.61908504693966, 75.44463492899888, 89.83984544628906, 34.26962169140505, 42.15427257316524, 23.83815592515439, 84.69372112298453, 53.706387806122194, 67.8172361023643, 46.773371041871414, 79.04683858913474, 39.36203755981074, 19.82724246194891, 30.25118073034435, 53.565092837362904, 40.70425213239956, 79.49167024989843, 76.06283550117408, 41.39602205933819, 67.82526570148949, 37.17043269060744, 66.02204368032916, 65.12102082322724, 49.00500230008719, 48.696334235899364, 41.811380606171184, 69.92389434496855, 71.38576035879674, 11.708178596532209, 74.66310072186327, 27.78857585361064, 15.897982599955476, 45.15795848171741, 38.30151896129024, 75.555913635759, 22.782387613787236, 52.87080600758141, 58.414658604638944, 78.52314267886115, 75.27353205035023], [26.707137129648384, 58.238936451135274, 58.23968366086374, 83.74993911018386, 64.66454456882708, 41.95725188858962, 42.30095151912351, 69.50570093202539, 34.21832219562652, 88.14964827565595, 63.71665308386074, 36.34492544385389, 21.712005989850635, 4.927087802113008, 0.0, 44.770697220956315, 69.5964670791786, 16.183742833505228, 25.47141062179162, 49.367159927636195, 72.32696717831772, 31.719952440477464, 71.96028009004279, 23.566807551145576, 79.96486669118002, 28.528170569387363, 45.22830644256343, 43.751342281961286, 84.6746019735778, 47.1683754263574, 18.547400509166277, 76.35614396573176, 62.642474857825306, 25.466194975111023, 55.943489135623665, 52.08197664084582, 43.018541691788855, 25.501853779468313, 70.4218443829133, 13.75649223092525, 71.26030599147433, 84.91335984931789, 29.447326845519605, 40.44960562648507, 24.87062157991987, 81.67205894331052, 49.63999227477277, 64.1021652158817, 44.535625105763394, 76.15632516892427, 34.859045701997665, 14.946582628471694, 34.88340809495301, 51.592341371964494, 36.94836525004589, 74.62011049385067, 71.2905679071614, 37.49935087935179, 64.6010822193688, 34.54189451017243, 61.120289331285825, 60.92367892056995, 45.35120002543391, 43.77972298836918, 37.07743201555759, 65.04554036045144, 66.58090802792962, 6.824613275091883, 69.79824662045371, 31.141403753562063, 19.391953215225904, 45.017013438516834, 34.3705067267486, 70.64980126091257, 24.10357701166218, 49.9654160282922, 54.8188365694749, 74.6155656683582, 72.36763212256265], [44.12362412976692, 70.65978484966737, 66.38328733890793, 52.62705275989727, 25.643019050710468, 24.02119775875141, 61.422071445455224, 31.599095475586214, 56.82944190023458, 61.39584382905189, 50.41414326189638, 27.673689574272153, 37.79786171442913, 49.21033958153081, 44.770697220956315, 0.0, 34.089450634370685, 38.389193356014694, 67.85744329146817, 78.12422408495571, 59.822460731365524, 62.378898454558794, 53.134803556395795, 21.204118932384052, 42.31778654986928, 67.25797845010514, 29.49432426180895, 40.25751786663546, 52.6100445377537, 55.83887274190759, 60.238539299808295, 34.850608401010504, 54.11248427068376, 62.64660461916549, 82.23270222071136, 72.60233086968026, 20.73552460323203, 50.741377976758834, 46.973653167994556, 49.92903402176567, 27.112631028990243, 49.987782899635604, 17.775247053164687, 65.35905498331742, 47.562575024458575, 46.14630767467288, 8.799904191882723, 64.07487377100239, 64.68122182863003, 42.581311623886506, 9.965180975561848, 30.898352077180043, 73.54845311576368, 34.99706634509872, 47.183476954631615, 46.496489304643895, 48.34369697035901, 11.755819617498007, 29.699227664709603, 25.23781582477812, 33.97512786550662, 16.978289235508857, 13.44671188824157, 23.666841061906773, 10.430293796620182, 26.78844784847503, 25.444572895554458, 39.536920132098324, 30.31657806482634, 62.40312344721794, 55.43918693832848, 77.17638321591006, 13.435999480909937, 33.355725988700605, 64.78713287802499, 62.98812017190935, 59.029128277338216, 32.059527301865316, 39.24915101475446], [54.98629108823636, 65.99733701709745, 59.78837560803869, 18.894653283398075, 47.73952408410874, 28.597874775197173, 64.75684464598164, 52.6273680497157, 89.66878275550025, 28.942012724876733, 32.43362416954051, 61.74900660146888, 52.79918448901812, 74.51774972177998, 69.5964670791786, 34.089450634370685, 0.0, 56.65331581042144, 86.65583589960029, 83.85711886818812, 38.569847335787564, 73.35446058862172, 28.637964001223292, 49.092839702564554, 10.552971495477358, 96.36533245464045, 27.989943208021167, 74.27685307182794, 18.63061528219363, 53.851952080094236, 79.56480870196316, 48.69443354883728, 38.693138229712204, 92.19556693188927, 85.25739909291207, 73.45988342395151, 26.739348879540994, 82.65750555822379, 20.551894153214185, 68.53609202119614, 36.518462790739385, 16.142774930918485, 40.903061155189256, 71.45758805605702, 79.6778705684334, 65.61703199515009, 38.96074331664134, 51.80669162263911, 67.60860206475868, 64.94653266212232, 39.76553874638246, 54.760950849380414, 102.86947630211641, 67.71217486605667, 51.108856889791525, 15.604989124491517, 21.817300113480368, 45.682488280234004, 54.647179343824845, 59.23322784675239, 13.21914526373287, 34.694800961550975, 46.4573221361206, 26.63874117430113, 34.87242238498798, 7.885375609078722, 12.670027948198506, 62.961804232458235, 7.969435382120329, 93.77061783184331, 84.94446998780641, 85.71999115232845, 46.73940301647512, 3.34165162626582, 82.44997036404627, 61.29923352844219, 52.12903308895776, 44.56325426499896, 62.882740952598596], [11.735903348027303, 44.72772282054123, 43.68854578179979, 69.18002087394503, 62.21986594396847, 28.11474953727469, 30.01506739699343, 67.76746710943299, 48.68882636232667, 72.76601623867523, 47.6144324756397, 41.049339676226964, 5.531389583114518, 20.605124277570834, 16.183742833505228, 38.389193356014694, 56.65331581042144, 0.0, 30.647463057761186, 42.28524613285973, 56.147953120694645, 25.000114940519797, 56.05723812326582, 20.050761432622622, 67.19685421929739, 44.592281913149655, 30.33035093759007, 51.787213867172646, 70.27057221789049, 32.15546774801384, 23.214599506208476, 72.80338575807845, 46.46097099062626, 41.649119407314245, 47.748311469948696, 41.0213324073556, 30.032642811759466, 39.83744248119448, 55.027901306408744, 12.195517299301518, 65.43918095435447, 71.17350562673776, 20.672248138309495, 30.718089138514703, 38.39462557241244, 81.3957326805855, 45.45735274772985, 48.44369719381412, 32.84406566458336, 76.56911661365456, 28.90481311888154, 10.426135701108423, 50.85197174079094, 56.35520193582154, 21.48360337953842, 59.78272208711896, 55.80819148878037, 35.33736360223504, 63.97225826709061, 38.38968278952822, 46.76558902997632, 55.36724772532105, 43.74625281043193, 30.057925880070393, 28.58374921187317, 53.269453157455814, 55.85923760417531, 10.033139579983912, 58.17107314271318, 47.01249832473321, 35.45105183471938, 39.96750787597201, 32.401314827026425, 58.193044710790836, 26.96853528449423, 36.1764869824223, 39.41556792977038, 70.30667933112612, 72.82827015199959], [32.72017054299748, 52.017417090072655, 54.90452292176601, 97.38457899652832, 89.600958199491, 58.099149705774686, 36.51048282840279, 94.64208710215777, 51.91757700843093, 99.16657299274814, 71.4262688738741, 61.70561852918662, 33.875560326314606, 23.255916079440702, 25.47141062179162, 67.85744329146817, 86.65583589960029, 30.647463057761186, 0.0, 32.721106450430206, 78.0129485224903, 20.76275352520784, 80.94337196757115, 47.25756549360444, 97.20001517103807, 34.5338074070357, 59.194152173091915, 67.9406442665481, 98.70623959556299, 47.0599387454757, 7.6198317867858725, 101.01860712861966, 68.10084448665005, 35.152619593167586, 39.885227238362695, 41.56853776828303, 60.39527011762167, 44.83487278777234, 81.88291318519339, 18.452185296403947, 94.913624534437, 100.39184028330652, 50.683244713386685, 30.453163303178293, 45.717726188163745, 107.07862838102872, 73.84673095615538, 64.43424866581924, 36.931532437606634, 101.60744065760933, 57.95544361637691, 37.018545691172356, 38.16989790730739, 76.76820679763506, 40.69701114027474, 87.72840254857118, 82.38445802689377, 62.204892472968794, 89.91816448172534, 59.99395023153644, 75.74381040244656, 84.63634719921902, 70.33457583892826, 60.06091502739552, 58.712011766918636, 83.76463400458763, 86.49801480479366, 28.713165197102533, 88.67766122974537, 44.1130874577401, 34.00494776527076, 26.36735185404429, 59.06260148044062, 88.42640085735796, 4.738688885329575, 45.79149687868506, 54.97536117697478, 98.98665247972465, 97.81669404928313], [34.012656372734696, 26.148352793925216, 31.742500001152948, 88.34885659918653, 103.29216337884172, 59.056916257459704, 19.108674045536787, 109.06160803970425, 81.94930758746797, 86.3905830713427, 58.06571919279241, 82.90234972488385, 40.8526810034101, 50.0339315556294, 49.367159927636195, 78.12422408495571, 83.85711886818812, 42.28524613285973, 32.721106450430206, 0.0, 61.015358577445824, 17.864439392569732, 67.63460629833706, 62.24016727695647, 93.56058078437982, 66.98697386100466, 56.910999615551525, 92.44352994960202, 90.1075317815125, 30.97155878918809, 34.19796947875289, 112.94915414472285, 52.56047588493712, 67.02580068012102, 7.170458610394383, 13.735015963981196, 62.50333290526246, 73.84044834358082, 71.68900115168648, 35.796835896653214, 103.98368730893354, 93.75133066237345, 60.831042262693614, 12.941100429248019, 73.82819488084525, 123.10039240169509, 86.1719005657167, 43.409349459820035, 16.421446093013632, 118.52609677143461, 69.73169521403297, 52.59817539290436, 70.88324150027518, 98.35905304523943, 33.22778765128513, 79.01039815115442, 71.62867145119716, 77.2556004252538, 105.75271251728721, 80.40100376026189, 70.86497691864763, 94.63780896044362, 85.59012337576739, 60.707787875948334, 67.70059751771558, 83.9652559450566, 88.4239580332388, 48.06104305356744, 88.58325390418725, 75.59879028899006, 64.44074962869229, 6.858033982156408, 74.44567707065576, 86.55301697295153, 29.72296236318663, 24.81987962285519, 36.15567848583575, 109.96955361245563, 114.8252112167863], [47.149091683536604, 36.371579463309445, 29.89463670739749, 31.895150777146593, 81.63846819150221, 37.85507680858969, 44.172619719371184, 87.27579948316449, 102.64577858707351, 26.34536288583415, 9.688988249431297, 83.04908839987147, 50.63007713248998, 76.68972057320653, 72.32696717831772, 59.822460731365524, 38.569847335787564, 56.147953120694645, 78.0129485224903, 61.015358577445824, 0.0, 58.65368999887842, 10.319017566622643, 62.2108762984981, 43.83464156309722, 100.67978113369334, 32.132881217355695, 96.33034642672688, 33.918226772309595, 31.77239591330854, 73.02471245289361, 85.44348291323925, 9.976915739072785, 97.79249164129713, 59.4120015566935, 47.7011257873448, 40.092985327404975, 94.0807836501148, 18.231743015120518, 64.0334024411177, 73.40573980084243, 39.528687642586895, 53.866506042076395, 51.845289627679314, 91.92735837360873, 101.39040797788662, 67.88516094594169, 18.41916879924823, 45.6367221670871, 99.5416938349927, 59.08778137317949, 61.17972326706381, 106.8457267021237, 94.14248001873423, 37.60414290655547, 25.23485665020624, 17.15948824852005, 68.22846054200711, 87.61653985585777, 80.00960477504056, 28.304398594244397, 68.69427210658864, 73.10571346170406, 37.30615555789583, 53.48223617838866, 44.07572073386826, 49.88344974357426, 65.89429323411797, 46.352292831037424, 102.71250513037504, 91.44489577158407, 65.51465924083865, 67.49610823395331, 41.89860286213842, 73.27431715391897, 36.3108448041538, 24.987741765156592, 81.39080513431794, 96.82288829750084], [19.07579512102268, 31.375661781510228, 34.154333587856065, 81.24162660810008, 86.95683969833755, 46.126656923672456, 15.775340728952024, 92.59563489745999, 65.02806306283938, 81.51935350530468, 53.07292872174729, 65.13964613288228, 24.581054349459585, 32.851118362782195, 31.719952440477464, 62.378898454558794, 73.35446058862172, 25.000114940519797, 20.76275352520784, 17.864439392569732, 58.65368999887842, 0.0, 62.81664380983572, 45.048614924547536, 83.63475734805859, 52.21564064685363, 45.40053917653603, 74.5805521232449, 82.77512654765927, 27.026656414044268, 18.878234179065696, 97.16696361744165, 48.95922277692028, 51.48110467643448, 24.232695450671063, 21.861995519826305, 49.212406273490416, 56.668003027241944, 64.97953380609884, 18.022552119128225, 88.98070367647904, 85.38483113063062, 44.69225238792763, 10.06635953773524, 56.42854292545649, 106.35484362464051, 69.99228920626642, 43.98084039797556, 16.2382299810136, 101.56669902391866, 53.40219889863652, 35.08830709295683, 56.954522642533, 80.62109906651872, 23.04917356808062, 71.56915452099379, 65.26095545441802, 60.314150921647574, 88.9396592135507, 62.691939987504355, 61.13221152470203, 79.23097876453147, 68.71398506831432, 47.97883940801869, 52.097097604262316, 72.06290881497513, 75.85535744680824, 30.198916111241385, 76.89721313340026, 59.55648040665655, 47.98313375826168, 14.97852841528802, 57.39763087305636, 75.65380262691522, 16.320531894138337, 25.055052343645833, 34.692082002270936, 94.43559326061263, 97.8277965732666], [48.72343272731924, 44.471168751876, 37.867260007650316, 22.136597029078946, 73.38542589159493, 33.452960353349944, 49.61526176540933, 78.85409998185285, 100.17041816968002, 18.858605372592574, 9.775462821966782, 78.06916834464832, 50.71713504472218, 76.59794428512441, 71.96028009004279, 53.134803556395795, 28.637964001223292, 56.05723812326582, 80.94337196757115, 67.63460629833706, 10.319017566622643, 62.81664380983572, 0.0, 58.70718265533358, 33.51674506338327, 100.48695510697716, 28.24445032425539, 91.3724239353449, 24.1240699288069, 37.0388208313136, 75.24912301967196, 76.36602497112034, 15.178092455376914, 97.2107745711286, 66.86876716230516, 54.88938246065429, 34.902803057298485, 91.88359645344282, 8.093871350292233, 65.41176577394019, 64.23059910833963, 29.434177294165615, 49.98031113500637, 57.267754447314715, 89.47350300950153, 92.69172496470217, 60.68632541249954, 27.19417366674381, 51.57932233970177, 91.2038494532402, 53.88747877147792, 59.40320913701544, 106.83085620874786, 88.00808856427798, 40.3188190052924, 14.921187030719167, 6.908263008491189, 62.57911263278093, 79.67002270979445, 75.10114669005635, 19.794029338922975, 60.275560002088, 66.57560949346754, 32.433653465297, 48.16576871100235, 34.66980614887274, 40.416538534498265, 65.25920788330991, 36.5335353319447, 101.31172852536359, 90.51161458853045, 71.46217163777224, 62.26436208039495, 31.9334178650013, 76.24673082300987, 42.86170531069552, 31.665960915940882, 72.27149062258489, 88.66545366463666], [29.437188446946116, 61.181206279970226, 58.605105831546446, 65.47330872529824, 42.709426027887204, 25.31723103372532, 48.37047166640295, 48.06756462515409, 41.832562969544014, 71.92229003636042, 52.61279299048857, 22.931000833437672, 21.868199403547173, 28.039298138902662, 23.566807551145576, 21.204118932384052, 49.092839702564554, 20.050761432622622, 47.25756549360444, 62.24016727695647, 62.2108762984981, 45.048614924547536, 58.70718265533358, 0.0, 58.956058040826676, 47.58038260921432, 30.512927245167486, 35.4246532962308, 66.02594523291512, 46.92325750937819, 39.686304527213885, 53.83480897291388, 53.92319481518349, 43.24672395630727, 67.45118983231417, 59.72456216422093, 24.61515525685205, 34.057941574647636, 54.928642256149615, 30.06770804929102, 47.86671473837778, 65.08609955925054, 8.85112424451382, 50.29443091991777, 31.3134014659885, 61.44241475115979, 26.589520823889117, 60.13430973725659, 51.46124220648458, 56.536499839910455, 11.323095990168737, 10.455018484537423, 54.0414237332213, 37.42642775193653, 36.382829968961964, 57.28633300322342, 56.074978689760826, 15.421963109963038, 44.015961233576945, 19.947271067979454, 43.38150772503242, 37.53758979530978, 23.825561720890224, 26.57288071626363, 14.476529145488847, 43.41478594579664, 44.078334076188824, 18.59501341480515, 47.900561208033196, 44.77972032722968, 35.968117181647955, 60.00840987359298, 12.399907706484196, 49.53446836986035, 44.57793356709794, 52.70893330036262, 52.58489802833215, 51.73013033828906, 52.78844147019636], [65.42257450898168, 74.46677944891266, 68.07033460105127, 16.018376875347577, 51.450079961868816, 39.15084435431371, 74.45709144004968, 55.58166336553706, 98.80164136757682, 27.255365274945518, 39.5080329161736, 69.84759843119114, 63.34906654294503, 84.87835178160519, 79.96486669118002, 42.31778654986928, 10.552971495477358, 67.19685421929739, 97.20001517103807, 93.56058078437982, 43.83464156309722, 83.63475734805859, 33.51674506338327, 58.956058040826676, 0.0, 106.43001988232218, 38.384257788799886, 81.8716914601691, 14.6675583416255, 63.12602466328202, 90.11734677744121, 49.87421153981131, 45