instance_id,num_cities,city_coordinates,distance_matrix,best_route,total_distance
2611,45,"[[88.0275875438746, 47.092455693456344], [44.98423431491728, 60.80151295795052], [8.611802743530939, 48.063991193416975], [49.685586854614016, 35.085741582304195], [42.6804690359051, 92.78684929920554], [86.66224701202827, 44.692977597534146], [85.87429831102965, 44.03469919944057], [12.529595804958882, 46.01203565395665], [62.794204799130014, 43.49684206837971], [50.26843977677493, 73.65156490527102], [21.52878450800856, 42.13928779942188], [83.99778192333336, 20.9269475643457], [85.04679557644158, 73.4260619549411], [4.4727465969045195, 56.58558661109359], [34.017679832585735, 96.21362219025863], [28.564244048297873, 32.340786654549404], [14.37481310037947, 9.451340701278177], [79.71226269980174, 43.621275846883925], [74.42143953355026, 31.34946956129012], [99.3594861759557, 56.29780140818556], [23.229816300303508, 21.228962316283738], [36.960573094496475, 87.91661755684925], [61.39193164525406, 38.88557407566432], [75.02780315794104, 74.06707414341825], [92.08086746803913, 71.94374856674203], [57.22201708609259, 7.288728187291249], [83.6932576950189, 63.249734777461896], [14.754685477305385, 38.6278114094873], [74.04336259001005, 17.359766850661906], [43.396361356941085, 97.7591483623926], [4.341614609882294, 47.03670482871565], [19.403995580548983, 13.629178819861332], [86.84828319392143, 48.63876959576946], [36.40934847400228, 94.41221719625989], [24.539379292405094, 44.579535262514], [22.20384528660856, 76.62947599882402], [51.979026462661956, 29.913757132377384], [13.97528891208648, 51.57971404801679], [20.159470166013648, 38.76784912284198], [39.506110476089276, 94.86923113270697], [52.62766054344523, 56.99210091182909], [31.94078700276939, 20.372935149956383], [93.24197121126394, 67.09173887050183], [60.74818844518221, 12.617310940564419], [13.533414855202553, 27.856386395063726]]","[[0.0, 45.173759067338764, 79.42172723305745, 40.1779815396717, 64.37653892508484, 2.760733580176261, 3.7398568551458853, 75.50572206178244, 25.488272638286233, 46.164266724629854, 66.68301640889831, 26.474008933176346, 26.501772383899585, 84.09239549622112, 73.00656908106635, 61.26582211238492, 82.71387260356481, 9.010755617022685, 20.807904172127262, 14.5996683638857, 69.76869962816578, 65.37929455585689, 27.871330629128057, 29.943687725492122, 25.179671078420686, 50.33209606815929, 16.728540959603286, 73.76020865013312, 32.857135197438026, 67.52081232448006, 83.68599150435999, 76.34781118714464, 1.9446967461034348, 70.02572693915216, 63.537920614969835, 72.14707626280288, 39.932523590155625, 74.1881285664499, 68.37675358607359, 68.09518344356081, 36.75809852379988, 62.126177840039674, 20.667876635648646, 43.962497892164755, 76.93768989657966], [45.173759067338764, 0.0, 38.53826979921579, 26.141989464213008, 32.0681941388035, 44.682677335163454, 44.194155464481085, 35.66556041530014, 24.832371679823257, 13.89412330490706, 29.973934902045038, 55.78564208040466, 42.00461941514056, 40.73026727249431, 37.07132041747188, 32.857708716113855, 59.78107441221611, 38.74527716630519, 41.64098835669826, 54.56144639463701, 45.15796128526878, 28.277341402425076, 27.377379508931178, 32.84191136932952, 48.39671754077499, 54.894275303216986, 38.786367207032754, 37.48998083869719, 52.26488535296353, 36.99173090324839, 42.9102840741325, 53.6616969703979, 43.59507901859943, 34.687290274390584, 26.098748193022242, 27.739331972928724, 31.6698685998281, 32.35114016740363, 33.192638597244134, 34.505351214386536, 8.540116196404126, 42.48060052967489, 48.665964619926626, 50.69733300552773, 45.54706806076764], [79.42172723305745, 38.53826979921579, 0.0, 43.0754071852166, 56.221064202767, 78.12320771175128, 77.36748939503258, 4.422626369940699, 54.374548675321584, 48.88761946934008, 14.210929885502368, 80.12156385033758, 80.5328675925529, 9.473614634736471, 54.44121192438845, 25.40313120446445, 39.04035177097166, 71.2391263677734, 67.89906868157398, 91.12045697319788, 30.55822467327841, 48.90689735073285, 53.57224419109175, 71.32492855903585, 86.81778376688159, 63.447419267047515, 76.60177338569046, 11.259506969470168, 72.27750975534235, 60.6594936014055, 4.3920182116943645, 36.086392579937446, 78.23859177845766, 54.044996088891054, 16.304267167053258, 31.634325386528676, 47.01220149679955, 6.4130562971676826, 14.824536427712767, 56.08198227638287, 44.91221304952897, 36.20823237013747, 86.74284175964998, 63.04498278990418, 20.79830660087936], [40.1779815396717, 26.141989464213008, 43.0754071852166, 0.0, 58.124775332137375, 38.204350279114, 37.27876982022088, 38.729208267434025, 15.57505941568592, 38.57022745729098, 29.026850201543084, 37.118703890044785, 52.15740837642425, 50.06440112925667, 63.103891306885785, 21.298964751774392, 43.63454195533496, 31.21628753541642, 25.016437323668807, 54.01340348324256, 29.864998363461154, 54.34176507469133, 12.307608839045088, 46.494862247400896, 56.177152803928465, 28.80055093772467, 44.15577186151561, 35.110028904743196, 30.124930190170875, 62.988175674351844, 46.89244439617195, 37.11278560911564, 39.55692818636638, 60.7938254620657, 26.878688085620634, 49.810922385366176, 5.657675175020905, 39.33543576527113, 29.754822846875268, 60.64393920388139, 22.103039986951465, 23.05091310334062, 54.051294902493616, 25.044191531257557, 36.8679144609281], [64.37653892508484, 32.0681941388035, 56.221064202767, 58.124775332137375, 0.0, 65.17221255410793, 65.1343152784968, 55.65032208474943, 53.23595757725877, 20.58485872676932, 54.88687679438525, 82.89128917794294, 46.580529313536104, 52.63422341204812, 9.315937377848934, 62.07249227429523, 88.0114603402056, 61.551664111224866, 69.15230174906111, 67.40891335687958, 74.15429239970923, 7.512414179529619, 57.05669376773424, 37.37352012703462, 53.61748048348795, 86.72592076976453, 50.54196244575128, 60.93480756104588, 81.68767262436553, 5.023570422427571, 59.69039686390488, 82.5089753435003, 62.448768995057165, 6.478331104744122, 51.50771072095826, 26.08357399088815, 63.55697356574779, 50.21967106175263, 58.52561635857942, 3.7964281063616565, 37.15118613184871, 73.20598153558005, 56.715995999119116, 82.18027357760498, 71.17243694267428], [2.760733580176261, 44.682677335163454, 78.12320771175128, 38.204350279114, 65.17221255410793, 0.0, 1.0267393071281876, 74.1443854188921, 23.897995298367576, 46.50923546927639, 65.18350458012766, 23.914923327229992, 28.778461043471445, 83.04545819993423, 73.66021499263132, 59.39658718702263, 80.42043317875466, 7.032128168807908, 18.107638566043676, 17.201506273063252, 67.63307829099985, 65.86759022111832, 25.92903342591179, 31.594268968925817, 27.78427551804298, 47.600472813151924, 18.792768146266155, 72.16289660731881, 30.105492086813435, 68.46864494908745, 82.35398943842021, 74.0853020518904, 3.950175180205458, 70.69198397094704, 62.12297129784742, 71.93625986337615, 37.70081093602224, 73.01247165218489, 66.76620758791401, 68.85751688684442, 36.1886931290381, 59.882406850400585, 23.345176741704147, 41.235746905991256, 75.04196756442552], [3.7398568551458853, 44.194155464481085, 77.36748939503258, 37.27876982022088, 65.1343152784968, 1.0267393071281876, 0.0, 73.37135166506326, 23.086359756606598, 46.3134526482161, 64.37342410459536, 23.183819775492612, 29.40300946163802, 82.36344696700945, 73.56458988195756, 58.490938701689714, 79.42408369254508, 6.175888741102778, 17.09043665766025, 18.227286345873736, 66.66657904209552, 65.71282426805892, 25.017988869966814, 31.931019430667, 28.590847089360814, 46.596347550195375, 19.338421094632157, 71.32484675898002, 29.180867976241142, 68.48862362274583, 81.58793139496514, 73.09443764497237, 4.7059654446727315, 70.60223496391235, 61.33733885128093, 71.52863806152497, 36.71907485948008, 72.29380887472006, 65.92555155520775, 68.80522131328838, 35.68239316504962, 58.89569356049472, 24.205571308228603, 40.2290154241886, 74.12787076643859], [75.50572206178244, 35.66556041530014, 4.422626369940699, 38.729208267434025, 55.65032208474943, 74.1443854188921, 73.37135166506326, 0.0, 50.3274986077178, 46.77781441627366, 9.797120661597498, 75.74274401891019, 77.52595114365381, 13.293336639252678, 54.60711534168573, 21.071615825356343, 36.60722937194412, 67.2251921794094, 63.60496179187745, 87.43698781974476, 26.994359460996055, 48.50635665331025, 49.379290379638626, 68.50628516407473, 83.67113336034306, 59.13465194899043, 73.22161596601971, 7.71218462840407, 67.8593841090672, 60.253803940503275, 8.251847245837087, 33.10448291413336, 74.36509279507027, 53.970549013907544, 12.094914501013186, 32.10948078534923, 42.60765366193336, 5.752310080279081, 10.521084604881004, 55.81001607104709, 41.574230345719926, 32.15832424695328, 83.41967053055258, 58.65356182609075, 18.183378473143303], [25.488272638286233, 24.832371679823257, 54.374548675321584, 15.57505941568592, 53.23595757725877, 23.897995298367576, 23.086359756606598, 50.3274986077178, 0.0, 32.65275024810296, 41.28774473613283, 30.967593073812896, 37.29525438069345, 59.77213163789926, 60.05953126331136, 36.00205251648802, 59.19065513925611, 16.918515505082407, 16.815208782388183, 38.741248846491736, 45.400432882736716, 51.38572741040732, 4.819767888469593, 32.92719268213461, 40.828116532716066, 36.63436619808232, 28.75668934911795, 48.28563840552589, 28.455056702469516, 57.6252914487462, 58.55967834776889, 52.6762523720047, 24.597522357337123, 57.34575893394726, 38.27014370370977, 52.39607539238574, 17.362841899535383, 49.48352622666894, 42.89619996590838, 56.404412020474545, 16.896172150948743, 38.55708055453225, 38.519938143650535, 30.947239385675996, 51.68412986177388], [46.164266724629854, 13.89412330490706, 48.88761946934008, 38.57022745729098, 20.58485872676932, 46.50923546927639, 46.3134526482161, 46.77781441627366, 32.65275024810296, 0.0, 42.64963532509222, 62.59036503637446, 34.77908687284378, 48.87221223724341, 27.805280572127426, 46.665324512965036, 73.55284646991845, 42.056592458886186, 48.711750817867745, 52.06807029340816, 58.98488299306261, 19.508742726931334, 36.50213952239537, 24.7628496536165, 41.84729078546595, 66.72614431131099, 35.00594982107414, 49.87875352669224, 61.10657479352105, 25.06792855324165, 53.08129658179935, 67.49296812948685, 44.313935433653135, 24.961552341269368, 38.82225471244173, 28.222144113773194, 43.77124553389506, 42.477751823182814, 46.08062149983478, 23.79111372162458, 16.825684627220266, 56.34283667697617, 43.47132067878144, 61.927419526259015, 58.708265438269386], [66.68301640889831, 29.973934902045038, 14.210929885502368, 29.026850201543084, 54.88687679438525, 65.18350458012766, 64.37342410459536, 9.797120661597498, 41.28774473613283, 42.64963532509222, 0.0, 65.97225944534937, 70.8053667962256, 22.35182271272582, 55.4978030758, 12.06268277080663, 33.4616376226899, 58.20234894802523, 53.981970446278474, 79.10803770625672, 20.979399919186786, 48.30842595964294, 39.99571417891988, 62.301914395415686, 76.5891786849145, 49.88555258942082, 65.65114392172589, 7.630130019524024, 58.067250404859585, 59.764201712130934, 17.871303888241457, 28.58917700831337, 65.64206099902735, 54.34970406242192, 3.875369483928358, 34.49679389573736, 32.812815106110286, 12.09036572948784, 3.6389037521115863, 55.71024298003094, 34.46369318601175, 24.12848738756326, 75.93027039060644, 49.08878449138976, 16.368482165785174], [26.474008933176346, 55.78564208040466, 80.12156385033758, 37.118703890044785, 82.89128917794294, 23.914923327229992, 23.183819775492612, 75.74274401891019, 30.967593073812896, 62.59036503637446, 65.97225944534937, 0.0, 52.50959380381103, 87.15371353153009, 90.36644278286956, 56.59640310231787, 70.56236490224582, 23.095415372122524, 14.153985245970379, 38.56266665036686, 60.768716119991595, 81.85422957985826, 28.87103622954975, 53.891869255866816, 51.65317276258196, 30.049003484240252, 42.32388276720772, 71.46976274130321, 10.574272670388192, 86.90030167657912, 83.8261559149221, 65.00472800300953, 27.85804081041823, 87.54852283754732, 63.99020665884054, 83.19412406569005, 33.256028738596264, 76.43782846609777, 66.28444626339349, 86.29582914297461, 47.799370303032305, 52.05994285355028, 47.08123821579079, 24.689950541031383, 70.80426645916855], [26.501772383899585, 42.00461941514056, 80.5328675925529, 52.15740837642425, 46.580529313536104, 28.778461043471445, 29.40300946163802, 77.52595114365381, 37.29525438069345, 34.77908687284378, 70.8053667962256, 52.50959380381103, 0.0, 82.31511998875767, 55.885987108380405, 69.84467391031606, 95.32729969206461, 30.278416668627003, 43.39744022980682, 22.321075725756636, 80.90658896229904, 50.22211658457969, 41.86404054246869, 10.039477362280751, 7.188561772496425, 71.75210948766946, 10.265948549430206, 78.43404224705789, 57.13584675321624, 48.23751408173351, 84.910096009724, 88.79552029224867, 24.852670281782242, 52.97187907234662, 67.03185457367708, 62.92454419911972, 54.65160587882061, 74.35335887780623, 73.56328374694708, 50.336502697304454, 36.34660082943348, 75.0658538245768, 10.357825670653394, 65.48378813452797, 84.79834286596271], [84.09239549622112, 40.73026727249431, 9.473614634736471, 50.06440112925667, 52.63422341204812, 83.04545819993423, 82.36344696700945, 13.293336639252678, 59.77213163789926, 48.87221223724341, 22.35182271272582, 87.15371353153009, 82.31511998875767, 0.0, 49.429589152292486, 34.17909557585363, 48.16314004014057, 76.34826872293263, 74.3618265462632, 94.88717599478704, 40.02397463249379, 45.1341596871099, 59.60775176369774, 72.68850261680926, 88.94411718167346, 72.19879353284193, 79.50031603352137, 20.692992952488165, 79.86698658105253, 56.65959736245721, 9.549782138449531, 45.4774138066164, 82.75796596293023, 49.50556050468354, 23.38407613571386, 26.76096714492204, 54.48149332044217, 10.7404408927003, 23.73910414345686, 51.89387268790628, 48.15662977280951, 45.45161569827884, 89.38878270752133, 71.41522681234395, 30.12412080608594], [73.00656908106635, 37.07132041747188, 54.44121192438845, 63.103891306885785, 9.315937377848934, 73.66021499263132, 73.56458988195756, 54.60711534168573, 60.05953126331136, 27.805280572127426, 55.4978030758, 90.36644278286956, 55.885987108380405, 49.429589152292486, 0.0, 64.10521882986681, 88.9580558613569, 69.6702935067045, 76.41872868772032, 76.56908256549141, 75.75669749934222, 8.80345992424663, 63.52837761923891, 46.60793715186138, 62.93139537696058, 91.90254643269395, 59.61779020837823, 60.722224554197304, 88.43068348778053, 9.505173237981277, 57.4372531401544, 83.8674552744781, 71.09457961694511, 2.9941841698096785, 52.496829561335204, 22.871499048536513, 68.6897523613167, 48.92732559480636, 59.09371217376519, 5.650686528570981, 43.41266075067115, 75.86911950570938, 65.99697551703493, 87.76595778115707, 71.36047083101066], [61.26582211238492, 32.857708716113855, 25.40313120446445, 21.298964751774392, 62.07249227429523, 59.39658718702263, 58.490938701689714, 21.071615825356343, 36.00205251648802, 46.665324512965036, 12.06268277080663, 56.59640310231787, 69.84467391031606, 34.17909557585363, 64.10521882986681, 0.0, 26.93077582754476, 52.37718251675021, 45.86790912339519, 74.7389113101043, 12.325938484474333, 56.20650604630272, 33.47374068357068, 62.449542774459424, 74.8515600563128, 38.06407215383918, 63.202620354897064, 15.173351251285064, 47.88299466089791, 67.07871310926856, 28.33206289511208, 20.83349274005816, 60.519860104604334, 62.5652311826992, 12.883574961639457, 44.74307405891288, 23.54023168563785, 24.144853265602972, 10.580517755935297, 63.478585442507004, 34.4490247761833, 12.435051747354358, 73.42231997752788, 37.74681140416894, 15.68552427938836], [82.71387260356481, 59.78107441221611, 39.04035177097166, 43.63454195533496, 88.0114603402056, 80.42043317875466, 79.42408369254508, 36.60722937194412, 59.19065513925611, 73.55284646991845, 33.4616376226899, 70.56236490224582, 95.32729969206461, 48.16314004014057, 88.9580558613569, 26.93077582754476, 0.0, 73.73307797733625, 63.9149856729582, 97.04115383962821, 14.735109520356854, 81.65118631430454, 55.47056454193176, 88.62267323427093, 99.71725992130533, 42.90174567868962, 87.74573474646193, 29.178943538273217, 60.19035639001276, 92.95439288769688, 38.90147386079065, 6.538119589295565, 82.3896744183416, 87.77169978943651, 36.569228307473324, 67.6327997869997, 42.81106572833458, 42.130267746825766, 29.88176573428372, 89.03818345823287, 61.019703530085785, 20.684406311055735, 97.68543458261263, 46.481322145846974, 18.424268180780498], [9.010755617022685, 38.74527716630519, 71.2391263677734, 31.21628753541642, 61.551664111224866, 7.032128168807908, 6.175888741102778, 67.2251921794094, 16.918515505082407, 42.056592458886186, 58.20234894802523, 23.095415372122524, 30.278416668627003, 76.34826872293263, 69.6702935067045, 52.37718251675021, 73.73307797733625, 0.0, 13.363758426718249, 23.381781168855998, 60.7592170499661, 61.56122368269624, 18.922510436360092, 30.80407108017676, 30.905417726993615, 42.73014354295498, 20.02809829068477, 65.14922505835447, 26.866396915355924, 65.19013676047824, 75.44799366864842, 67.35438342829278, 8.723418596662759, 66.7447533788439, 55.18120445037266, 66.30806399406183, 30.935876607808456, 66.21696505706082, 59.75023723415708, 65.13745157445183, 30.20520877076465, 53.12813977011213, 27.090877559579866, 36.343939690779465, 68.03066691916759], [20.807904172127262, 41.64098835669826, 67.89906868157398, 25.016437323668807, 69.15230174906111, 18.107638566043676, 17.09043665766025, 63.60496179187745, 16.815208782388183, 48.711750817867745, 53.981970446278474, 14.153985245970379, 43.39744022980682, 74.3618265462632, 76.41872868772032, 45.86790912339519, 63.9149856729582, 13.363758426718249, 0.0, 35.27499726834301, 52.18243915486239, 67.84658242473319, 15.05194163763413, 42.721907940540746, 44.269073662613266, 29.575993778613284, 33.22037827721772, 60.10903259633807, 13.994810613473664, 73.29939231897022, 71.81414353501343, 57.80075988326109, 21.29193131309498, 73.63307141489652, 51.60672991345155, 69.11552742995853, 22.488289722051174, 63.74166547043951, 54.766720505821155, 72.48337956580407, 33.6528356197392, 43.875849246756836, 40.39458166640721, 23.191626978665948, 60.98813966040654], [14.5996683638857, 54.56144639463701, 91.12045697319788, 54.01340348324256, 67.40891335687958, 17.201506273063252, 18.227286345873736, 87.43698781974476, 38.741248846491736, 52.06807029340816, 79.10803770625672, 38.56266665036686, 22.321075725756636, 94.88717599478704, 76.56908256549141, 74.7389113101043, 97.04115383962821, 23.381781168855998, 35.27499726834301, 0.0, 83.81855469184305, 69.95265462003924, 41.769855849897326, 30.129352001465726, 17.25612797772357, 64.63323881154456, 17.139430923685097, 86.43032365907486, 46.44433925272035, 69.64850774256216, 95.46812990103602, 90.6283169320551, 14.66938882030417, 73.58959523982386, 75.73220025541796, 79.78953510771642, 54.23122490771214, 85.51445194078902, 81.11684019426237, 71.20520889417469, 46.7369829872246, 76.39291206569, 12.40697687930553, 58.299378726933064, 90.41586479320782], [69.76869962816578, 45.15796128526878, 30.55822467327841, 29.864998363461154, 74.15429239970923, 67.63307829099985, 66.66657904209552, 26.994359460996055, 45.400432882736716, 58.98488299306261, 20.979399919186786, 60.768716119991595, 80.90658896229904, 40.02397463249379, 75.75669749934222, 12.325938484474333, 14.735109520356854, 60.7592170499661, 52.18243915486239, 83.81855469184305, 0.0, 68.08654084050534, 42.04881670657103, 73.99255032745366, 85.51290423866926, 36.7396222331222, 73.63133207763045, 19.35323725465596, 50.96064324640474, 79.14264915817152, 31.98130292352105, 8.508443651585019, 69.2719774872416, 74.36053296705931, 23.387266025499915, 55.41001292916538, 30.032361644684244, 31.730338918148288, 17.805605179201617, 75.41755063280559, 46.29508967858477, 8.752930542893013, 83.69645218609004, 38.49400976539776, 11.744911702714017], [65.37929455585689, 28.277341402425076, 48.90689735073285, 54.34176507469133, 7.512414179529619, 65.86759022111832, 65.71282426805892, 48.50635665331025, 51.38572741040732, 19.508742726931334, 48.30842595964294, 81.85422957985826, 50.22211658457969, 45.1341596871099, 8.80345992424663, 56.20650604630272, 81.65118631430454, 61.56122368269624, 67.84658242473319, 69.95265462003924, 68.08654084050534, 0.0, 54.78078591522325, 40.508318373683785, 57.387972569181485, 83.13472593816779, 52.84315391821293, 54.060039366426146, 79.70823331591147, 11.75988023821202, 52.298792694294605, 76.33385204550454, 63.49435376014127, 6.518946483731143, 45.08202255062542, 18.578497790375643, 59.91565537480605, 42.9964399172344, 51.94110605477268, 7.403958137124189, 34.6667471629678, 67.72995855225297, 60.010593617120335, 78.96731109114363, 64.46753532109034], [27.871330629128057, 27.377379508931178, 53.57224419109175, 12.307608839045088, 57.05669376773424, 25.92903342591179, 25.017988869966814, 49.379290379638626, 4.819767888469593, 36.50213952239537, 39.99571417891988, 28.87103622954975, 41.86404054246869, 59.60775176369774, 63.52837761923891, 33.47374068357068, 55.47056454193176, 18.922510436360092, 15.05194163763413, 41.769855849897326, 42.04881670657103, 54.78078591522325, 0.0, 37.73161723181075, 45.10713560643772, 31.87081513743107, 33.02970587639159, 46.637958485786214, 24.968361613007282, 61.56247476585493, 57.62967643835743, 48.99869667951495, 27.260789735859426, 60.88790978634835, 37.28983519562435, 54.40871478759406, 13.003702674250896, 49.08644617124497, 41.23262954022653, 60.10955852216203, 20.11613188500106, 34.78631513607313, 42.54424464942262, 26.276149897625555, 49.112937300038915], [29.943687725492122, 32.84191136932952, 71.32492855903585, 46.494862247400896, 37.37352012703462, 31.594268968925817, 31.931019430667, 68.50628516407473, 32.92719268213461, 24.7628496536165, 62.301914395415686, 53.891869255866816, 10.039477362280751, 72.68850261680926, 46.60793715186138, 62.449542774459424, 88.62267323427093, 30.80407108017676, 42.721907940540746, 30.129352001465726, 73.99255032745366, 40.508318373683785, 37.73161723181075, 0.0, 17.184746546542627, 69.11145712740121, 13.860192397381518, 69.9198831382629, 56.71585160805474, 39.52040601015424, 75.67812178391405, 82.13858508976134, 28.041441126464726, 43.6498555325905, 58.46875998068421, 52.88607026865294, 49.807243551779806, 65.0622076154854, 65.24238846307135, 41.16455254695397, 28.16595640146518, 68.844400813757, 19.504133409210493, 63.08708896463401, 76.92195691026005], [25.179671078420686, 48.39671754077499, 86.81778376688159, 56.177152803928465, 53.61748048348795, 27.78427551804298, 28.590847089360814, 83.67113336034306, 40.828116532716066, 41.84729078546595, 76.5891786849145, 51.65317276258196, 7.188561772496425, 88.94411718167346, 62.93139537696058, 74.8515600563128, 99.71725992130533, 30.905417726993615, 44.269073662613266, 17.25612797772357, 85.51290423866926, 57.387972569181485, 45.10713560643772, 17.184746546542627, 0.0, 73.45346220715624, 12.080474886057154, 84.19792212359057, 57.48706499906124, 55.10549883533238, 91.20601580967968, 93.1800233532621, 23.885183336604673, 60.03457428564838, 72.87422586030402, 70.03395084180177, 58.09197734621637, 80.71663585308745, 79.20434138219676, 57.35575667398123, 42.191317877396145, 79.22359544250713, 4.989003908090233, 67.09219758036042, 90.07440155350764], [50.33209606815929, 54.894275303216986, 63.447419267047515, 28.80055093772467, 86.72592076976453, 47.600472813151924, 46.596347550195375, 59.13465194899043, 36.63436619808232, 66.72614431131099, 49.88555258942082, 30.049003484240252, 71.75210948766946, 72.19879353284193, 91.90254643269395, 38.06407215383918, 42.90174567868962, 42.73014354295498, 29.575993778613284, 64.63323881154456, 36.7396222331222, 83.13472593816779, 31.87081513743107, 69.11145712740121, 73.45346220715624, 0.0, 61.90606462989545, 52.778901003890056, 19.60570030173038, 91.52073908683431, 66.15314514921576, 38.34584807795777, 50.86788346269924, 89.57493796733866, 49.58587606844164, 77.68147567625608, 23.2245750325677, 61.90291532933941, 48.626818105630576, 89.35433869256897, 49.915261916925765, 28.46641997806856, 69.812872609252, 6.389654029143064, 48.287912866893315], [16.728540959603286, 38.786367207032754, 76.60177338569046, 44.15577186151561, 50.54196244575128, 18.792768146266155, 19.338421094632157, 73.22161596601971, 28.75668934911795, 35.00594982107414, 65.65114392172589, 42.32388276720772, 10.265948549430206, 79.50031603352137, 59.61779020837823, 63.202620354897064, 87.74573474646193, 20.02809829068477, 33.22037827721772, 17.139430923685097, 73.63133207763045, 52.84315391821293, 33.02970587639159, 13.860192397381518, 12.080474886057154, 61.90606462989545, 0.0, 73.20359178179247, 46.89359904998128, 53.054118411840456, 80.99102172728685, 81.21150655396306, 14.947725226246094, 56.629218445279946, 62.03029646873519, 62.92825528712984, 46.01173620081054, 70.68793783272798, 68.08747963456032, 54.33503960711464, 31.68957727676683, 67.2066824731693, 10.292663662349819, 55.588834728558794, 78.58175778783226], [73.76020865013312, 37.48998083869719, 11.259506969470168, 35.110028904743196, 60.93480756104588, 72.16289660731881, 71.32484675898002, 7.71218462840407, 48.28563840552589, 49.87875352669224, 7.630130019524024, 71.46976274130321, 78.43404224705789, 20.692992952488165, 60.722224554197304, 15.173351251285064, 29.178943538273217, 65.14922505835447, 60.10903259633807, 86.43032365907486, 19.35323725465596, 54.060039366426146, 46.637958485786214, 69.9198831382629, 84.19792212359057, 52.778901003890056, 73.20359178179247, 0.0, 62.98791116659396, 65.70282038871792, 13.3843764675803, 25.427302566084997, 72.78534272456754, 59.839989626367924, 11.452652525853454, 38.72488209697979, 38.23069844690932, 12.975332017479252, 5.406598569568198, 61.446971706942456, 42.090490247635174, 25.07194832665267, 83.4892160005707, 52.838891452224196, 10.840438126467092], [32.857135197438026, 52.26488535296353, 72.27750975534235, 30.124930190170875, 81.68767262436553, 30.105492086813435, 29.180867976241142, 67.8593841090672, 28.455056702469516, 61.10657479352105, 58.067250404859585, 10.574272670388192, 57.13584675321624, 79.86698658105253, 88.43068348778053, 47.88299466089791, 60.19035639001276, 26.866396915355924, 13.994810613473664, 46.44433925272035, 50.96064324640474, 79.70823331591147, 24.968361613007282, 56.71585160805474, 57.48706499906124, 19.60570030173038, 46.89359904998128, 62.98791116659396, 0.0, 86.04242693025664, 75.75654637876843, 54.76657479019603, 33.79855032987244, 85.75196279237412, 56.493894844703455, 78.74156447999617, 25.38577555904103, 69.1316010343042, 57.98085761122586, 84.85598880968946, 45.04835399083071, 42.21026005936455, 53.30905752284714, 14.11568431215849, 61.41362061244275], [67.52081232448006, 36.99173090324839, 60.6594936014055, 62.988175674351844, 5.023570422427571, 68.46864494908745, 68.48862362274583, 60.253803940503275, 57.6252914487462, 25.06792855324165, 59.764201712130934, 86.90030167657912, 48.23751408173351, 56.65959736245721, 9.505173237981277, 67.07871310926856, 92.95439288769688, 65.19013676047824, 73.29939231897022, 69.64850774256216, 79.14264915817152, 11.75988023821202, 61.56247476585493, 39.52040601015424, 55.10549883533238, 91.52073908683431, 53.054118411840456, 65.70282038871792, 86.04242693025664, 0.0, 64.01593177876852, 87.48420080663381, 65.58110338735976, 7.747276763946367, 56.42390470390197, 29.926339428387426, 68.38610422791156, 54.755270590155355, 63.40289029838628, 4.846201967562031, 41.79915121754565, 78.22950964402496, 58.52413883768543, 86.89199262800479, 76.01441774049668], [83.68599150435999, 42.9102840741325, 4.3920182116943645, 46.89244439617195, 59.69039686390488, 82.35398943842021, 81.58793139496514, 8.251847245837087, 58.55967834776889, 53.08129658179935, 17.871303888241457, 83.8261559149221, 84.910096009724, 9.549782138449531, 57.4372531401544, 28.33206289511208, 38.90147386079065, 75.44799366864842, 71.81414353501343, 95.46812990103602, 31.98130292352105, 52.298792694294605, 57.62967643835743, 75.67812178391405, 91.20601580967968, 66.15314514921576, 80.99102172728685, 13.3843764675803, 75.75654637876843, 64.01593177876852, 0.0, 36.64612004752726, 82.52222108228975, 57.208205069442315, 20.346679838431456, 34.56575458853716, 50.6213230352871, 10.651132020945214, 17.84876827904926, 59.367435030886334, 49.301644425615464, 38.37539485470115, 91.13439413454189, 66.0787125136745, 21.269081008970684], [76.34781118714464, 53.6616969703979, 36.086392579937446, 37.11278560911564, 82.5089753435003, 74.0853020518904, 73.09443764497237, 33.10448291413336, 52.6762523720047, 67.49296812948685, 28.58917700831337, 65.00472800300953, 88.79552029224867, 45.4774138066164, 83.8674552744781, 20.83349274005816, 6.538119589295565, 67.35438342829278, 57.80075988326109, 90.6283169320551, 8.508443651585019, 76.33385204550454, 48.99869667951495, 82.13858508976134, 93.1800233532621, 38.34584807795777, 81.21150655396306, 25.427302566084997, 54.76657479019603, 87.48420080663381, 36.64612004752726, 0.0, 75.9894951817148, 82.55350577869824, 31.373503626392267, 63.06248173846424, 36.4186782817153, 38.33684885584205, 25.150019611349098, 83.69014949841707, 54.62741917682773, 14.2354974835429, 91.16080282890447, 41.35657336183865, 15.390813930416591], [1.9446967461034348, 43.59507901859943, 78.23859177845766, 39.55692818636638, 62.448768995057165, 3.950175180205458, 4.7059654446727315, 74.36509279507027, 24.597522357337123, 44.313935433653135, 65.64206099902735, 27.85804081041823, 24.852670281782242, 82.75796596293023, 71.09457961694511, 60.519860104604334, 82.3896744183416, 8.723418596662759, 21.29193131309498, 14.66938882030417, 69.2719774872416, 63.49435376014127, 27.260789735859426, 28.041441126464726, 23.885183336604673, 50.86788346269924, 14.947725226246094, 72.78534272456754, 33.79855032987244, 65.58110338735976, 82.52222108228975, 75.9894951817148, 0.0, 68.11236775296472, 62.440987250208316, 70.44418355900244, 39.57892313775948, 72.93231416780598, 67.41537550184009, 66.17051376227413, 35.22540501771622, 61.75589473806925, 19.529242727697508, 44.483260104693436, 76.20352597501417], [70.02572693915216, 34.687290274390584, 54.044996088891054, 60.7938254620657, 6.478331104744122, 70.69198397094704, 70.60223496391235, 53.970549013907544, 57.34575893394726, 24.961552341269368, 54.34970406242192, 87.54852283754732, 52.97187907234662, 49.50556050468354, 2.9941841698096785, 62.5652311826992, 87.77169978943651, 66.7447533788439, 73.63307141489652, 73.58959523982386, 74.36053296705931, 6.518946483731143, 60.88790978634835, 43.6498555325905, 60.03457428564838, 89.57493796733866, 56.629218445279946, 59.839989626367924, 85.75196279237412, 7.747276763946367, 57.208205069442315, 82.55350577869824, 68.11236775296472, 0.0, 51.226871435624005, 22.760101170733755, 66.35108306036005, 48.351942612183024, 57.96856254310995, 3.1303029622828404, 40.78355978972608, 74.17400708842867, 63.05835030465139, 85.33923962937985, 70.3774605436228], [63.537920614969835, 26.098748193022242, 16.304267167053258, 26.878688085620634, 51.50771072095826, 62.12297129784742, 61.33733885128093, 12.094914501013186, 38.27014370370977, 38.82225471244173, 3.875369483928358, 63.99020665884054, 67.03185457367708, 23.38407613571386, 52.496829561335204, 12.883574961639457, 36.569228307473324, 55.18120445037266, 51.60672991345155, 75.73220025541796, 23.387266025499915, 45.08202255062542, 37.28983519562435, 58.46875998068421, 72.87422586030402, 49.58587606844164, 62.03029646873519, 11.452652525853454, 56.493894844703455, 56.42390470390197, 20.346679838431456, 31.373503626392267, 62.440987250208316, 51.226871435624005, 0.0, 32.134925241755525, 31.113008292201172, 12.672904504987939, 7.2773140471950875, 52.46957740482735, 30.708684921957985, 25.3128490120001, 72.2969255754126, 48.297636007043465, 20.019864166269222], [72.14707626280288, 27.739331972928724, 31.634325386528676, 49.810922385366176, 26.08357399088815, 71.93625986337615, 71.52863806152497, 32.10948078534923, 52.39607539238574, 28.222144113773194, 34.49679389573736, 83.19412406569005, 62.92454419911972, 26.76096714492204, 22.871499048536513, 44.74307405891288, 67.6327997869997, 66.30806399406183, 69.11552742995853, 79.78953510771642, 55.41001292916538, 18.578497790375643, 54.40871478759406, 52.88607026865294, 70.03395084180177, 77.68147567625608, 62.92825528712984, 38.72488209697979, 78.74156447999617, 29.926339428387426, 34.56575458853716, 63.06248173846424, 70.44418355900244, 22.760101170733755, 32.134925241755525, 0.0, 55.39783211711161, 26.36664016898622, 37.91678070893932, 25.14074477876751, 36.21097948260247, 57.09296298375332, 71.67554509326156, 74.72097205585426, 49.53776976572807], [39.932523590155625, 31.6698685998281, 47.01220149679955, 5.657675175020905, 63.55697356574779, 37.70081093602224, 36.71907485948008, 42.60765366193336, 17.362841899535383, 43.77124553389506, 32.812815106110286, 33.256028738596264, 54.65160587882061, 54.48149332044217, 68.6897523613167, 23.54023168563785, 42.81106572833458, 30.935876607808456, 22.488289722051174, 54.23122490771214, 30.032361644684244, 59.91565537480605, 13.003702674250896, 49.807243551779806, 58.09197734621637, 23.2245750325677, 46.01173620081054, 38.23069844690932, 25.38577555904103, 68.38610422791156, 50.6213230352871, 36.4186782817153, 39.57892313775948, 66.35108306036005, 31.113008292201172, 55.39783211711161, 0.0, 43.74583130863287, 33.028459060198074, 66.14217441100341, 27.08611134897227, 22.193655056169618, 55.541272360709335, 19.392401933282006, 38.50062111476089], [74.1881285664499, 32.35114016740363, 6.4130562971676826, 39.33543576527113, 50.21967106175263, 73.01247165218489, 72.29380887472006, 5.752310080279081, 49.48352622666894, 42.477751823182814, 12.09036572948784, 76.43782846609777, 74.35335887780623, 10.7404408927003, 48.92732559480636, 24.144853265602972, 42.130267746825766, 66.21696505706082, 63.74166547043951, 85.51445194078902, 31.730338918148288, 42.9964399172344, 49.08644617124497, 65.0622076154854, 80.71663585308745, 61.90291532933941, 70.68793783272798, 12.975332017479252, 69.1316010343042, 54.755270590155355, 10.651132020945214, 38.33684885584205, 72.93231416780598, 48.351942612183024, 12.672904504987939, 26.36664016898622, 43.74583130863287, 0.0, 14.226312967257144, 50.25738890112213, 39.02947302093937, 36.008640224795485, 80.7702286539547, 60.87506046519117, 23.72744250043638], [68.37675358607359, 33.192638597244134, 14.824536427712767, 29.754822846875268, 58.52561635857942, 66.76620758791401, 65.92555155520775, 10.521084604881004, 42.89619996590838, 46.08062149983478, 3.6389037521115863, 66.28444626339349, 73.56328374694708, 23.73910414345686, 59.09371217376519, 10.580517755935297, 29.88176573428372, 59.75023723415708, 54.766720505821155, 81.11684019426237, 17.805605179201617, 51.94110605477268, 41.23262954022653, 65.24238846307135, 79.20434138219676, 48.626818105630576, 68.08747963456032, 5.406598569568198, 57.98085761122586, 63.40289029838628, 17.84876827904926, 25.150019611349098, 67.41537550184009, 57.96856254310995, 7.2773140471950875, 37.91678070893932, 33.028459060198074, 14.226312967257144, 0.0, 59.343555292080765, 37.233140341012614, 21.844273539714845, 78.37917254900438, 48.283482670251416, 12.765759979007202], [68.09518344356081, 34.505351214386536, 56.08198227638287, 60.64393920388139, 3.7964281063616565, 68.85751688684442, 68.80522131328838, 55.81001607104709, 56.404412020474545, 23.79111372162458, 55.71024298003094, 86.29582914297461, 50.336502697304454, 51.89387268790628, 5.650686528570981, 63.478585442507004, 89.03818345823287, 65.13745157445183, 72.48337956580407, 71.20520889417469, 75.41755063280559, 7.403958137124189, 60.10955852216203, 41.16455254695397, 57.35575667398123, 89.35433869256897, 54.33503960711464, 61.446971706942456, 84.85598880968946, 4.846201967562031, 59.367435030886334, 83.69014949841707, 66.17051376227413, 3.1303029622828404, 52.46957740482735, 25.14074477876751, 66.14217441100341, 50.25738890112213, 59.343555292080765, 0.0, 40.0855593691727, 74.87945134952275, 60.49075801580729, 84.95059888982308, 71.87003741230909], [36.75809852379988, 8.540116196404126, 44.91221304952897, 22.103039986951465, 37.15118613184871, 36.1886931290381, 35.68239316504962, 41.574230345719926, 16.896172150948743, 16.825684627220266, 34.46369318601175, 47.799370303032305, 36.34660082943348, 48.15662977280951, 43.41266075067115, 34.4490247761833, 61.019703530085785, 30.20520877076465, 33.6528356197392, 46.7369829872246, 46.29508967858477, 34.6667471629678, 20.11613188500106, 28.16595640146518, 42.191317877396145, 49.915261916925765, 31.68957727676683, 42.090490247635174, 45.04835399083071, 41.79915121754565, 49.301644425615464, 54.62741917682773, 35.22540501771622, 40.78355978972608, 30.708684921957985, 36.21097948260247, 27.08611134897227, 39.02947302093937, 37.233140341012614, 40.0855593691727, 0.0, 42.05841221424585, 41.85122361315564, 45.11169425322819, 48.75704981164399], [62.126177840039674, 42.48060052967489, 36.20823237013747, 23.05091310334062, 73.20598153558005, 59.882406850400585, 58.89569356049472, 32.15832424695328, 38.55708055453225, 56.34283667697617, 24.12848738756326, 52.05994285355028, 75.0658538245768, 45.45161569827884, 75.86911950570938, 12.435051747354358, 20.684406311055735, 53.12813977011213, 43.875849246756836, 76.39291206569, 8.752930542893013, 67.72995855225297, 34.78631513607313, 68.844400813757, 79.22359544250713, 28.46641997806856, 67.2066824731693, 25.07194832665267, 42.21026005936455, 78.22950964402496, 38.37539485470115, 14.2354974835429, 61.75589473806925, 74.17400708842867, 25.3128490120001, 57.09296298375332, 22.193655056169618, 36.008640224795485, 21.844273539714845, 74.87945134952275, 42.05841221424585, 0.0, 77.07452112366727, 29.833137360016877, 19.8704149910594], [20.667876635648646, 48.665964619926626, 86.74284175964998, 54.051294902493616, 56.715995999119116, 23.345176741704147, 24.205571308228603, 83.41967053055258, 38.519938143650535, 43.47132067878144, 75.93027039060644, 47.08123821579079, 10.357825670653394, 89.38878270752133, 65.99697551703493, 73.42231997752788, 97.68543458261263, 27.090877559579866, 40.39458166640721, 12.40697687930553, 83.69645218609004, 60.010593617120335, 42.54424464942262, 19.504133409210493, 4.989003908090233, 69.812872609252, 10.292663662349819, 83.4892160005707, 53.30905752284714, 58.52413883768543, 91.13439413454189, 91.16080282890447, 19.529242727697508, 63.05835030465139, 72.2969255754126, 71.67554509326156, 55.541272360709335, 80.7702286539547, 78.37917254900438, 60.49075801580729, 41.85122361315564, 77.07452112366727, 0.0, 63.429561063775736, 88.84180795233335], [43.962497892164755, 50.69733300552773, 63.04498278990418, 25.044191531257557, 82.18027357760498, 41.235746905991256, 40.2290154241886, 58.65356182609075, 30.947239385675996, 61.927419526259015, 49.08878449138976, 24.689950541031383, 65.48378813452797, 71.41522681234395, 87.76595778115707, 37.74681140416894, 46.481322145846974, 36.343939690779465, 23.191626978665948, 58.299378726933064, 38.49400976539776, 78.96731109114363, 26.276149897625555, 63.08708896463401, 67.09219758036042, 6.389654029143064, 55.588834728558794, 52.838891452224196, 14.11568431215849, 86.89199262800479, 66.0787125136745, 41.35657336183865, 44.483260104693436, 85.33923962937985, 48.297636007043465, 74.72097205585426, 19.392401933282006, 60.87506046519117, 48.283482670251416, 84.95059888982308, 45.11169425322819, 29.833137360016877, 63.429561063775736, 0.0, 49.61314609920402], [76.93768989657966, 45.54706806076764, 20.79830660087936, 36.8679144609281, 71.17243694267428, 75.04196756442552, 74.12787076643859, 18.183378473143303, 51.68412986177388, 58.708265438269386, 16.368482165785174, 70.80426645916855, 84.79834286596271, 30.12412080608594, 71.36047083101066, 15.68552427938836, 18.424268180780498, 68.03066691916759, 60.98813966040654, 90.41586479320782, 11.744911702714017, 64.46753532109034, 49.112937300038915, 76.92195691026005, 90.07440155350764, 48.287912866893315, 78.58175778783226, 10.840438126467092, 61.41362061244275, 76.01441774049668, 21.269081008970684, 15.390813930416591, 76.20352597501417, 7