instance_id,num_cities,city_coordinates,distance_matrix,best_route,total_distance
358,63,"[[49.070538675925135, 95.0267276678242], [81.04983802760218, 75.39548875679412], [68.99247839349046, 5.970439268907912], [75.95110708254796, 22.341712251603376], [70.24110193228152, 18.32698380800124], [36.549930041408786, 41.06272964242411], [38.87089135708827, 47.73882278957354], [63.819248538709836, 76.41962092997981], [20.53853957348202, 69.95878245570226], [48.88765382391408, 35.83675230879264], [23.20126840824015, 54.67408436374272], [61.10909895001326, 81.91910615545335], [93.31906749036915, 73.89836113158638], [94.90842776807186, 45.18908295490329], [91.20924838113625, 0.4027690774546344], [81.0823937017363, 89.77823576060942], [53.54989158719412, 40.020531017454694], [63.313955462068506, 5.312945147106351], [51.163148345345576, 75.85487296437049], [90.30228373347899, 79.92375327920556], [73.86588605634297, 21.26692173213739], [23.462977653194596, 73.24581301096244], [17.354327034215423, 11.11000591123722], [96.61635770581995, 86.6449133317981], [58.63895830798368, 30.11777679348866], [93.66658120041451, 72.563723092102], [11.464753272425366, 75.02808150177863], [60.32766244428384, 18.863456452588977], [46.824181109053534, 99.94169069045147], [17.288285312515995, 34.78199153768744], [53.06375694249805, 28.33162781933638], [70.13181442071779, 44.05766207378355], [33.662837608891095, 19.5050096326313], [42.46091425079328, 61.53386806018764], [31.69188879282353, 1.5795274122108238], [69.85158705885446, 49.09699244421516], [23.931621033690888, 2.7963822905515245], [2.940449854804439, 60.377509442108526], [96.16928828171862, 64.83825908499992], [54.74369407584887, 83.85740129945144], [57.510066194125955, 44.89115406414208], [33.34600330758494, 97.02876643555817], [43.69506280625324, 26.447690055664697], [87.72323348316331, 45.53162104251882], [43.69341724025176, 24.637418979046178], [59.07778499447649, 9.123268426962793], [63.282995013546554, 19.90699005678379], [66.17605188052454, 72.4737342457439], [9.606772565160782, 28.428281019569525], [40.76350261900411, 45.265022557705535], [34.99210962577143, 83.20245621350352], [55.63071717984877, 91.63264401430337], [21.414077585242318, 15.600342481440787], [72.51310248884731, 26.71183735866799], [55.07196609546744, 88.53425584212067], [91.41901374932931, 70.62509989237917], [40.550143893073, 91.87082789229878], [72.18345553275066, 42.85141633032842], [69.31427919375473, 10.155353953257029], [91.13089594950323, 77.86854124162721], [44.6487394026389, 57.59949514838362], [3.868426278433257, 1.496067837713888], [51.01115581840068, 83.04662153395691]]","[[0.0, 37.524140605830176, 91.2573623632705, 77.49629942080712, 79.56785441843859, 55.3974613449399, 48.3753940883497, 23.743396213897807, 37.97995326405448, 59.190257896649335, 47.93281721126939, 17.79709738087703, 49.03407157000422, 67.71191111580944, 103.58264524007885, 32.439259077445804, 55.18828020914238, 90.83742453371546, 19.285720831716205, 43.91078040611881, 77.81592525560416, 33.61778435326106, 89.71027962989615, 48.278978021361645, 65.61041501059164, 49.93389213164724, 42.59273346814883, 76.99069240980772, 5.403978518835416, 68.11416783787158, 66.81453536412756, 55.14909775805775, 77.07741009633278, 34.13881632010917, 95.0494434879665, 50.41222619171348, 95.59498830291282, 57.69361678988198, 55.94314837230205, 12.527511473349804, 50.840941821534905, 15.8514722274523, 68.78938973879194, 62.79965283114108, 70.5943922179238, 86.48438754148923, 76.45239626002808, 28.306114079631666, 77.41280211699831, 50.450313611685274, 18.38519948071477, 7.386186150540692, 84.10368900254137, 72.22518976143277, 8.84134161084099, 48.875686993986136, 9.086078947973947, 57.065489034925, 87.25227278616265, 45.42551062362606, 37.68753166336986, 103.88077441688284, 12.136265400542078], [37.524140605830176, 0.0, 70.46429888774709, 53.29822003325048, 58.083070107120584, 56.20480548124898, 50.43763192950749, 17.260998257426518, 60.75504107486009, 50.98332788387205, 61.44781206053268, 20.98072112498927, 12.360233927243824, 33.23383006912016, 75.67774853704019, 14.382783849021587, 44.806636665625355, 72.2919390332158, 29.890220039566014, 10.301113101268632, 54.603213587371535, 57.62696932508017, 90.49719015193257, 19.205886810065408, 50.520478327498665, 12.930626630926898, 69.58605469830991, 60.21029178927444, 42.117830201401404, 75.59756451768206, 54.75607492180556, 33.18527716766721, 73.27532644356765, 41.00304338203392, 88.79754108018984, 28.583417099111653, 92.37489362516399, 79.54002906351694, 18.440522615417215, 27.633623965921448, 38.53096537868544, 52.37990597663605, 61.57325904582112, 30.600405254866132, 63.022883317127885, 69.81961258798417, 58.26348941375847, 15.158039575480762, 85.49871464122894, 50.30739323428001, 46.71469882603255, 30.162508442255792, 84.45047922676007, 49.42644805276734, 29.11145875157846, 11.413869416888804, 43.72255738883887, 33.730244420164745, 66.28724259106262, 10.379967120249612, 40.51835842695124, 106.85548526758063, 30.99777833392537], [91.2573623632705, 70.46429888774709, 0.0, 17.78879119856402, 12.419470749118913, 47.79108480916012, 51.49667821831778, 70.63886680748143, 80.26389132707243, 36.00278635841719, 66.84968180505359, 76.35671334789943, 72.15251558795805, 47.007855136720835, 22.903794883048445, 84.67533764299385, 37.38826333696781, 5.716460548529008, 72.12294421958373, 76.96233141436068, 16.05404864812103, 81.23368359119092, 51.89329264051707, 85.2727944516074, 26.273356993102684, 71.0174401093361, 89.8799038070691, 15.534121395570484, 96.5506576788689, 59.18977214258644, 27.454451741951043, 38.10425996619245, 37.83342586786724, 61.57287158239145, 37.55814281205428, 43.13510932502093, 45.17250827330774, 85.57452751202877, 64.83825418378235, 79.17958517748119, 40.57915511796759, 97.78696299834043, 32.54653645439287, 43.77131811533655, 31.440398005337418, 10.403916421056651, 15.060731998442154, 66.562906344893, 63.490288334726195, 48.38325484211238, 84.38488915481959, 86.69803910454048, 48.54316902874243, 21.038069986068354, 83.72911363304004, 68.43372434993536, 90.4867015504666, 37.01876286571861, 4.197268953775966, 75.22929349105917, 57.08044357799553, 65.27757780117895, 79.14585165442651], [77.49629942080712, 53.29822003325048, 17.78879119856402, 0.0, 6.980129174444932, 43.62257723214672, 44.943916406166736, 55.42203712201961, 73.06119361719239, 30.241471664378437, 61.870249446428986, 61.39829859027631, 54.403438241176424, 29.6880844048214, 26.723175400506076, 67.63146313180712, 28.536907481804995, 21.205577336592054, 58.97542935687446, 59.34347243101543, 2.345915895521695, 73.11792670140156, 59.66350525529726, 67.54224050535042, 18.978347529545697, 53.254937762464436, 83.27270460655235, 16.00594532566825, 82.88627431834003, 59.96738452474236, 23.6581885388931, 22.482140551190348, 42.38330587418945, 51.5520910616869, 48.88708135001086, 27.441741247679648, 55.57019751695712, 82.32422448310277, 47.06093224496901, 65.06868959390717, 29.129869809278606, 85.98459705291621, 32.51632583921083, 26.006822753328454, 32.33927679061802, 21.43446419747831, 12.899958742520313, 51.07613271796911, 66.62294681205682, 41.99578149377222, 73.35986387841919, 72.20908163341274, 54.952103260640065, 5.560383893015238, 69.40743011624129, 50.700509452289324, 78.02260003691083, 20.852893314779145, 13.87641210836355, 57.564352925510164, 47.14816515162287, 75.03634961095995, 65.62840223589794], [79.56785441843859, 58.083070107120584, 12.419470749118913, 6.980129174444932, 0.0, 40.644916066192216, 43.00170210363658, 58.446511348363735, 71.667198470619, 27.614520438856946, 59.44625855996917, 64.24446671209493, 60.172838323786515, 36.469841437371855, 27.585152513759333, 72.26904602127762, 27.37163665754641, 14.742813859201084, 60.60879757801492, 64.7812706308651, 4.667150623648427, 72.14063149220226, 53.376921315125465, 73.23246282584005, 16.541841974382855, 59.07941237955271, 81.66806990167125, 9.927944670503697, 84.90767079804743, 55.45059122633904, 19.87848290719348, 25.730910356561147, 36.5972289354715, 51.367048527246965, 42.029978936471785, 30.77247395496989, 48.84432008525395, 79.35757352741032, 53.25006643436123, 67.3379927446043, 29.457332064588467, 86.92076214162707, 27.760368571787094, 32.3375510919432, 27.28738086653595, 14.468172720459501, 7.1352415263072455, 54.299127201921706, 61.469977250336754, 39.9322775828615, 73.83304394687717, 74.74746257162143, 48.903096829444934, 8.687217943344349, 71.82731881748451, 56.42337188528988, 79.31109627272534, 24.601230214187144, 8.224021818526337, 63.09976668501819, 46.87535777814521, 68.47343868866099, 67.51608945223134], [55.3974613449399, 56.20480548124898, 47.79108480916012, 43.62257723214672, 40.644916066192216, 0.0, 7.068032338515169, 44.651153320236624, 33.035533791724575, 13.39889052216737, 19.064515329438375, 47.66965784706004, 65.58135148036382, 58.504196845801985, 68.12395668565163, 66.002582191982, 17.031878068259772, 44.65825957400693, 37.73644638984136, 66.3286867466551, 42.241621466623094, 34.74218153653673, 35.575789994413014, 75.40365509877999, 24.6519200596417, 65.22748215235814, 42.22453339541957, 32.529806153429, 59.768656410330344, 20.259778597071946, 20.851557077325598, 33.71516837765587, 21.75018608505505, 21.30744570432662, 39.780947991782135, 34.25711223783803, 40.2931143232739, 38.76413132167477, 64.18522943217691, 46.50158031694905, 21.30690360172608, 56.05767049072006, 16.26813770379998, 51.36806377008701, 17.911455545223294, 39.08495147138365, 34.0913783854506, 43.17821563492299, 29.758411026018354, 5.95092090457332, 42.16851147399814, 54.04990913407401, 29.621397494221114, 38.72076809444994, 50.95695849750381, 62.32615888808019, 50.96532702365367, 35.67839036461142, 45.041852175150936, 65.83122060949958, 18.413455038874176, 51.31862639020748, 44.40466449972399], [48.3753940883497, 50.43763192950749, 51.49667821831778, 44.943916406166736, 43.00170210363658, 7.068032338515169, 0.0, 38.01327015704516, 28.806279341183206, 15.55618243806257, 17.13577942380256, 40.77780827751617, 60.40633518521065, 56.09551372647206, 70.56915471375095, 59.5745178171131, 16.584482977621132, 48.96344020362305, 30.685694701229433, 60.67172218090323, 43.87950774103504, 29.79950259418206, 42.48096945888854, 69.62918041390604, 26.481648985122174, 60.156822559344704, 38.67557427857112, 35.974710653226566, 52.805248176248796, 25.173167455945226, 24.04322462021906, 31.476916224523006, 28.710138091364787, 14.25452694394376, 46.714222968517184, 31.010451963430388, 47.36037115356758, 38.088489427253556, 59.79545979214337, 39.452472415843694, 18.855451619504088, 49.598618252768745, 21.83082598675238, 48.90217858904946, 23.599398592142766, 43.58301950535858, 37.02109828462212, 36.84274197118356, 35.06117043281803, 3.1147495847854056, 35.675120789509336, 46.98467093976303, 36.57351861089041, 39.67281797585554, 43.89467143769734, 57.315677144882, 44.16394189230144, 33.669179880945954, 48.36648625591967, 60.32336209130966, 11.42875266182948, 57.99624942287392, 37.33666660756534], [23.743396213897807, 17.260998257426518, 70.63886680748143, 55.42203712201961, 58.446511348363735, 44.651153320236624, 38.01327015704516, 0.0, 43.76028110425545, 43.24259180774732, 46.07264557666279, 6.131007138987354, 29.607365116667726, 44.066808000672026, 80.80082831838347, 21.82816462996468, 37.820013731591004, 71.10847109862499, 12.668694185634712, 26.713855892556428, 56.06028143185157, 40.480880134847645, 80.151947851036, 34.35414057172761, 46.59073059434116, 30.09536866620201, 52.37298498813717, 57.66197397595104, 29.019305345839335, 62.440553490238166, 49.27611673910063, 32.97187997407535, 64.41026392816879, 26.03390255138322, 81.44450160686112, 27.98062071135554, 83.73412742566408, 62.95694933988442, 34.36063173980659, 11.733979104841334, 32.153537982116944, 36.78798109962514, 53.871854680359185, 39.05725327352717, 55.55578749636504, 67.46317911832809, 56.51517509530832, 4.596144440378181, 72.40277106284796, 38.757920734370444, 29.61436800590656, 17.276808651461423, 74.1429912708796, 50.462330941789624, 14.942534229384211, 28.20148070113549, 27.931899820850205, 34.594570653257406, 66.49171707710876, 27.350054010202644, 26.864578071715197, 95.95644792119425, 14.420970013738645], [37.97995326405448, 60.75504107486009, 80.26389132707243, 73.06119361719239, 71.667198470619, 33.035533791724575, 28.806279341183206, 43.76028110425545, 0.0, 44.361979443332544, 15.514899954875766, 42.29680402970743, 72.88707377858071, 78.38633990329994, 99.15839894053967, 63.705329463151884, 44.5651013793635, 77.5165820052135, 31.187025278408804, 70.47184290718374, 72.212901780957, 4.399648617024658, 58.93485989018385, 77.88620786372441, 55.12665090426682, 73.17442304459624, 10.393815019317698, 64.76037861371866, 39.87367223055777, 35.32662978619186, 52.82716884351896, 55.949628659287036, 52.13281491540906, 23.485520945130588, 69.282896295633, 53.54428946935407, 67.24805571716891, 20.03730406785417, 75.80389112544516, 36.92105361842491, 44.66855464236936, 29.9468722902746, 49.28934702422502, 71.48754654094157, 50.89375548283157, 72.01550669654834, 65.81998475548362, 45.706755650359725, 42.94515199019377, 31.91913075402658, 19.60358594389075, 41.24581438180358, 54.36549055462872, 67.6140033607622, 39.212316418172804, 70.88360599122603, 29.674939640365615, 58.32672322953678, 77.17203402886126, 71.03411196580625, 27.093425744019974, 70.4630113615213, 33.164316253292036], [59.190257896649335, 50.98332788387205, 36.00278635841719, 30.241471664378437, 27.614520438856946, 13.39889052216737, 15.55618243806257, 43.24259180774732, 44.361979443332544, 0.0, 31.853343225962895, 47.675434523652726, 58.50501334568706, 46.96144932743721, 55.196780100877625, 62.81866691345224, 6.264221040513209, 33.76123490926877, 40.082762580958054, 60.48830651548626, 28.916985466842632, 45.23109528857969, 40.07196882903243, 69.7101025733452, 11.304628259508684, 57.91392509498868, 54.188871270765645, 20.468672879704606, 64.13814032665158, 31.616967131643083, 8.588756071706943, 22.77932652268083, 22.327580424702905, 26.4885775284614, 38.33082040107493, 24.805653894386825, 41.40615441657172, 52.09025161443702, 55.46747111859208, 48.376398552562186, 12.503127058030634, 63.13481997805954, 10.729281964316344, 40.027399706127234, 12.345248507738756, 28.591064939558485, 21.470518702897127, 40.51119786938304, 39.97340464993593, 12.445646334633496, 49.36188868906132, 56.20187216308039, 34.12198227012394, 25.32638737495744, 53.05914244423109, 54.94675335906251, 56.65096379007998, 24.32899275745837, 32.81434511757815, 59.59163352497986, 22.171724591764686, 56.62166951560126, 47.257602700282], [47.93281721126939, 61.44781206053268, 66.84968180505359, 61.870249446428986, 59.44625855996917, 19.064515329438375, 17.13577942380256, 46.07264557666279, 15.514899954875766, 31.853343225962895, 0.0, 46.68291795522826, 72.70542321841242, 72.3317492888288, 87.00839616322969, 67.69435804064868, 33.70112096845817, 63.60463605306241, 35.078377034315345, 71.69443519561631, 60.687247396162064, 18.57357253397569, 43.954700031365654, 80.07439816493324, 43.11429121434448, 72.70075295848169, 23.495339687444048, 51.582654114640945, 51.06073038079393, 20.752318571444484, 39.82076390845134, 48.11636490081127, 36.69207336172908, 20.444818178271618, 53.769160421142594, 46.982509346380304, 51.88284289967435, 21.048273707831164, 73.67253471966735, 42.97197463890442, 35.67631330111965, 43.552666274093355, 34.88158460367207, 65.16646846891067, 36.361097772008236, 57.98276705081343, 53.05935972296974, 46.51515398675524, 29.557613408536813, 19.92391815240054, 30.868947779528526, 49.169139499023544, 39.11459261864508, 56.688131367739935, 46.5000277808067, 70.05780239071515, 41.04365005353947, 50.38878977440199, 64.0962332829823, 71.78033942351325, 21.64606292872838, 56.58321505940283, 39.72896554456195], [17.79709738087703, 20.98072112498927, 76.35671334789943, 61.39829859027631, 64.24446671209493, 47.66965784706004, 40.77780827751617, 6.131007138987354, 42.29680402970743, 47.675434523652726, 46.68291795522826, 0.0, 33.19359010575088, 49.91481977192937, 86.89610006432878, 21.463886446537295, 42.57501866762501, 76.63788421319795, 11.6488994169544, 29.2612964665328, 61.979215004678395, 38.632324065024314, 83.23706351619415, 35.82036680186011, 51.86019011205176, 33.87495893351362, 50.12032799706515, 63.0604916129174, 22.997226594616205, 64.3597023170607, 54.18805553294651, 38.92169500952778, 68.18223160300141, 27.62811475249251, 85.55594757861041, 33.966487113133724, 87.4217953145561, 62.029284426969866, 38.999643749901665, 6.653973795956996, 37.20244982328976, 31.60840574010021, 58.14057669934202, 45.08171724538277, 59.87067441737642, 72.82417336969014, 62.05020843744135, 10.71863155970692, 74.25468333222877, 41.922131797596585, 26.148501271278615, 11.151927391934686, 77.29083475030626, 56.37281104144311, 8.955846050510884, 32.34571861332125, 22.84091501146334, 40.606966914481426, 72.2313028608132, 30.293817375822808, 29.366424977583254, 98.71352339042284, 10.160696158140137], [49.03407157000422, 12.360233927243824, 72.15251558795805, 54.403438241176424, 60.172838323786515, 65.58135148036382, 60.40633518521065, 29.607365116667726, 72.88707377858071, 58.50501334568706, 72.70542321841242, 33.19359010575088, 0.0, 28.75323841793323, 73.52586883581205, 20.047608427014527, 52.24265235666778, 74.86164594500339, 42.20129687004405, 6.738422275906068, 56.11144875302198, 69.85913760124104, 98.5546515586532, 13.16611999632502, 55.85203253139016, 1.3791390340020928, 81.86210982014023, 64.16598429028572, 53.29192691321176, 85.50304210250448, 60.80145731851545, 37.79042240005279, 80.73105010440923, 52.33958769280524, 95.01538225334839, 34.14426052165199, 99.34842284047272, 91.38439667757545, 9.497852791763044, 39.84020475769204, 46.08364824629163, 64.27895516417765, 68.65936226360152, 28.913410409650986, 69.92385561811426, 73.2685339136529, 61.783766479310486, 27.180376343239498, 95.26424569080625, 59.84944007118824, 59.06437334833845, 41.65232932853492, 92.56882062438255, 51.569915701082394, 40.951803123790995, 3.784764637191572, 55.74557255138914, 37.55831298548146, 68.11314722798987, 4.533257636448579, 51.32693122041983, 115.08044702484614, 43.28567959998626], [67.71191111580944, 33.23383006912016, 47.007855136720835, 29.6880844048214, 36.469841437371855, 58.504196845801985, 56.09551372647206, 44.066808000672026, 78.38633990329994, 46.96144932743721, 72.3317492888288, 49.91481977192937, 28.75323841793323, 0.0, 44.93882329196081, 46.6835277794436, 41.68024045222241, 50.87550537106463, 53.42321731866341, 35.038748342447676, 31.85998052820897, 76.75696999983772, 84.71140438444685, 41.490997781568595, 39.276184696675465, 27.402793754264046, 88.61835389813915, 43.46110837424943, 72.86935453678812, 78.31471168680298, 45.112639804696414, 24.802432989013756, 66.41305546630258, 54.93535905300924, 76.79924566452635, 25.359752027647037, 82.67314052234255, 93.21371819969677, 19.68958841180873, 55.753427483541415, 37.39954825983255, 80.48158105323006, 54.53483802594505, 7.193354520204725, 55.18467355653439, 50.83874446849377, 40.48891475725358, 39.62324595746897, 86.93271456633467, 54.14497840263142, 70.95760513311468, 60.82551202357803, 79.22697186944795, 29.033759646071864, 58.870601247274905, 25.674247171782014, 71.65199464240344, 22.84489107752039, 43.386894438355576, 32.89706279524097, 51.76924381717896, 100.98198572648658, 57.966919116750724], [103.58264524007885, 75.67774853704019, 22.903794883048445, 26.723175400506076, 27.585152513759333, 68.12395668565163, 70.56915471375095, 80.80082831838347, 99.15839894053967, 55.196780100877625, 87.00839616322969, 86.89610006432878, 73.52586883581205, 44.93882329196081, 0.0, 89.94735810755864, 54.66071912505316, 28.324145107585707, 85.42078265292642, 79.52615615812964, 27.131256563730407, 99.47696339878148, 74.62703483171882, 86.41148232055777, 44.08860940212633, 72.20278227941603, 109.21594093616177, 35.97873439043743, 108.98638039968864, 81.52447312287578, 47.276840712120396, 48.476880106672795, 60.63402499418795, 78.18830694752421, 59.52899169768406, 53.17214577623568, 67.32019404098328, 106.71621374041435, 64.6261121244953, 91.07366408628023, 55.8108526972759, 112.62654436628202, 54.184275759722276, 45.26329174456456, 53.33922069979799, 33.293813964053875, 34.06303367525151, 76.29472424307596, 86.28089811142722, 67.50848133993208, 100.08074180214454, 97.92201980879503, 71.43061041176642, 32.275578152084265, 95.25262269536003, 70.22264411562978, 104.55979461957783, 46.517399401821564, 23.968783604432573, 77.46581178878226, 73.75192519229324, 87.3476645810018, 91.90153967444927], [32.439259077445804, 14.382783849021587, 84.67533764299385, 67.63146313180712, 72.26904602127762, 66.002582191982, 59.5745178171131, 21.82816462996468, 63.705329463151884, 62.81866691345224, 67.69435804064868, 21.463886446537295, 20.047608427014527, 46.6835277794436, 89.94735810755864, 0.0, 56.86710695994857, 86.31397752334449, 33.00032233557118, 13.495080480446344, 68.89033410068446, 59.944291702780085, 101.24207064661232, 15.846821357075331, 63.74227919082473, 21.323724379575246, 71.16307265432073, 73.88954455045936, 35.73403064525996, 84.22752010953941, 67.53317431703219, 47.01367933742631, 84.77582562544843, 47.84728813398145, 101.08627072695487, 42.203016190996, 104.07715239014387, 83.48991613501862, 29.148187330388936, 26.995988196381294, 50.70014523994361, 48.283880984560454, 73.5429842389771, 44.742191128885665, 75.10833223955007, 83.60279038376183, 72.10277088895754, 22.839544635758166, 94.19438074315751, 60.058630751861116, 46.55700981436927, 25.51914316246078, 95.19804514544185, 63.64592178045422, 26.040158031366786, 21.764382086224963, 40.586231857386, 47.76313936894881, 80.4878365119884, 15.582465175922964, 48.60948994769486, 117.28485809520863, 30.815482763257652], [55.18828020914238, 44.806636665625355, 37.38826333696781, 28.536907481804995, 27.37163665754641, 17.031878068259772, 16.584482977621132, 37.820013731591004, 44.5651013793635, 6.264221040513209, 33.70112096845817, 42.57501866762501, 52.24265235666778, 41.68024045222241, 54.66071912505316, 56.86710695994857, 0.0, 36.054867359348734, 35.91373840288697, 54.24947442459688, 27.648462751061338, 44.823450933858325, 46.3242631374324, 63.47088726448374, 11.13387359856959, 51.656636901088056, 54.742008164532166, 22.21620989130465, 60.2974340912824, 36.63804560154452, 11.699007858265347, 17.06629989256337, 28.572391107974916, 24.203080156902285, 44.22084400299348, 18.658173203243184, 47.56972986073311, 54.55018022927117, 49.31868409679914, 43.85312258554147, 6.277416011410271, 60.48252646096091, 16.773182824845886, 34.614872664841116, 18.269926725035372, 31.387870923464785, 22.34474954625045, 34.82284197950412, 45.44642966612511, 13.820145960213802, 47.00074398309948, 51.65404188586332, 40.361567730980255, 23.16731953860886, 48.537595811619546, 48.68993786554584, 53.45509074092264, 18.847376925391735, 33.77047109066973, 53.33670187412195, 19.704072932495396, 62.867974824331775, 43.10092393949338], [90.83742453371546, 72.2919390332158, 5.716460548529008, 21.205577336592054, 14.742813859201084, 44.65825957400693, 48.96344020362305, 71.10847109862499, 77.5165820052135, 33.76123490926877, 63.60463605306241, 76.63788421319795, 74.86164594500339, 50.87550537106463, 28.324145107585707, 86.31397752334449, 36.054867359348734, 0.0, 71.58076343378791, 79.3419343916591, 19.127796740401234, 78.75896754358511, 46.323788259698134, 87.88594338118202, 25.241538609919772, 73.78312153480103, 86.88233424956447, 13.87567305135437, 96.05473513221776, 54.651505083443304, 25.197744376341056, 39.340008776160445, 32.87253388931731, 59.963668174635316, 31.841694496640823, 44.26944120508814, 39.462657711304345, 81.71331850016112, 67.99070446829305, 79.01063835013478, 40.00149686843062, 96.48766776613812, 28.83710095328993, 47.04630425752202, 27.539077853027305, 5.697692842503423, 14.59407775006885, 67.22174639400714, 58.47033647259677, 45.87691590385933, 82.87884462115399, 86.66096331696839, 43.1442963786341, 23.29242138340981, 83.62844577364373, 71.10254467176819, 89.50116302305359, 38.5720734505863, 7.710564695981904, 77.70519096374923, 55.5182276516574, 59.56794013827728, 78.70122822223198], [19.285720831716205, 29.890220039566014, 72.12294421958373, 58.97542935687446, 60.60879757801492, 37.73644638984136, 30.685694701229433, 12.668694185634712, 31.187025278408804, 40.082762580958054, 35.078377034315345, 11.6488994169544, 42.20129687004405, 53.42321731866341, 85.42078265292642, 33.00032233557118, 35.91373840288697, 71.58076343378791, 0.0, 39.35006614920856, 59.120713115683934, 27.822772151868293, 73.04063395245026, 46.7163698535945, 46.3440363017937, 42.63066351755607, 39.707003859373096, 57.72356429300776, 24.47450560985992, 53.23990922403352, 47.561235708868814, 37.025300985939836, 59.004813137388616, 16.757686585624445, 76.78513466455864, 32.6380439285121, 77.96857789688028, 50.645606238941234, 46.334850958425804, 8.76702728876778, 31.607518952165936, 27.67281015773069, 49.96841026682267, 47.49883611627302, 51.75929361497526, 67.19931932262958, 57.24557873846446, 15.388936662134421, 63.05722790832617, 32.30931102848763, 17.762023332743, 16.398086186964758, 67.19833074420774, 53.58039278012966, 13.268217904611468, 40.5941526061104, 19.21319015045102, 39.129036073585674, 68.16076840358923, 40.018442104615715, 19.382887893119594, 88.12503977446237, 7.193354517636084], [43.91078040611881, 10.301113101268632, 76.96233141436068, 59.34347243101543, 64.7812706308651, 66.3286867466551, 60.67172218090323, 26.713855892556428, 70.47184290718374, 60.48830651548626, 71.69443519561631, 29.2612964665328, 6.738422275906068, 35.038748342447676, 79.52615615812964, 13.495080480446344, 54.24947442459688, 79.3419343916591, 39.35006614920856, 0.0, 60.91616415814519, 67.1720754742636, 100.28327982979117, 9.221796060462372, 59.01865358254628, 8.092499107266214, 78.98939049866034, 68.02086275537229, 47.865052240863896, 85.8418465466836, 63.62747273803578, 41.14880715953612, 82.81576807064312, 51.2541170282691, 97.84168907882926, 36.993515351412555, 101.75311406945005, 89.52176085614258, 16.18622492900913, 35.77550677749937, 47.98554510382807, 59.469314398537314, 70.93604429658711, 34.488697568615144, 72.3115841074752, 77.38008772813988, 65.81833962223071, 25.250303899586136, 95.72642887917168, 60.4592296472036, 55.40726714751683, 36.59529545623684, 94.25012532076524, 56.106710519230354, 36.267286020064354, 9.365470662846525, 51.16647350082014, 41.263180951286216, 72.85688628444466, 2.215963610701116, 50.819470786889845, 116.71209688060928, 39.41503569674369], [77.81592525560416, 54.603213587371535, 16.05404864812103, 2.345915895521695, 4.667150623648427, 42.241621466623094, 43.87950774103504, 56.06028143185157, 72.212901780957, 28.916985466842632, 60.687247396162064, 61.979215004678395, 56.11144875302198, 31.85998052820897, 27.131256563730407, 68.89033410068446, 27.648462751061338, 19.127796740401234, 59.120713115683934, 60.91616415814519, 0.0, 72.40344131373922, 57.417064032430794, 69.22330348862991, 17.612409374381507, 54.985719582016245, 82.36603470176895, 13.749914324100722, 83.19238593224958, 58.169425111279736, 21.969038389687903, 23.094612711632948, 40.24163812165887, 51.065636397615286, 46.54287851316915, 28.118097949194325, 53.24088326291774, 80.99416998400476, 48.94796410009148, 65.44636245510694, 28.733555238463417, 85.91692505460345, 30.61239840342829, 27.94282931864326, 30.360140417155787, 19.13520965686696, 10.669910823682207, 51.780992627171926, 64.65693105550497, 40.88614230355734, 73.12442085559758, 72.69013864510903, 52.75701216230362, 5.610448249518338, 69.8434368123442, 52.386468129703616, 78.06952184407407, 21.649964885099763, 12.007666864808193, 59.17621057239116, 46.62292944068372, 72.73603672922198, 65.87161757427893], [33.61778435326106, 57.62696932508017, 81.23368359119092, 73.11792670140156, 72.14063149220226, 34.74218153653673, 29.79950259418206, 40.480880134847645, 4.399648617024658, 45.23109528857969, 18.57357253397569, 38.632324065024314, 69.85913760124104, 76.75696999983772, 99.47696339878148, 59.944291702780085, 44.823450933858325, 78.75896754358511, 27.822772151868293, 67.1720754742636, 72.40344131373922, 0.0, 62.43535966356738, 74.37037651196653, 55.65408451319477, 70.20691702156304, 12.129875072095402, 65.69966278139053, 35.4741555499814, 38.956288168022446, 53.79117182179375, 55.04478613243275, 54.70019278635376, 22.31795800462844, 72.13717120920214, 52.29788348830028, 70.45098945684198, 24.223281858077677, 73.19080931530539, 33.03163674296068, 44.30791037844731, 25.754670832333062, 50.984326824817266, 69.98183275534282, 52.65022940356103, 73.34926874811805, 66.56323171778806, 42.720051680318676, 46.910612799676585, 32.897306857578336, 15.233372177682819, 37.05184233746129, 57.681871190681775, 67.61157915920502, 35.112172170706444, 68.00655100171657, 25.275728069419493, 57.42390020185017, 77.99197315798193, 67.82563514520513, 26.337117601610668, 74.37723022541417, 29.239664292298887], [89.71027962989615, 90.49719015193257, 51.89329264051707, 59.66350525529726, 53.376921315125465, 35.575789994413014, 42.48096945888854, 80.151947851036, 58.93485989018385, 40.07196882903243, 43.954700031365654, 83.23706351619415, 98.5546515586532, 84.71140438444685, 74.62703483171882, 101.24207064661232, 46.3242631374324, 46.323788259698134, 73.04063395245026, 100.28327982979117, 57.417064032430794, 62.43535966356738, 0.0, 109.4896878487608, 45.45014998130556, 97.98019948577512, 64.18884222583962, 43.66719079083778, 93.59241700002161, 23.672077750123048, 39.64527267556714, 62.21745110045728, 18.342399097351706, 56.3285593254433, 17.216146421377406, 64.79948654079915, 10.600808179660602, 51.33270652817326, 95.38617984566407, 81.7933267665716, 52.47522613583747, 87.39431972426961, 30.48079585454643, 78.33664904160028, 29.609771650400276, 41.770732217583806, 46.76354854384593, 78.41599308865415, 18.972275904035627, 41.407181305662355, 74.21868205062478, 89.15703724136473, 6.0534863550082205, 57.32283710850799, 86.12278893367765, 95.01381073187268, 84.02592627758635, 63.35416692927214, 51.9687212540629, 99.49715654415024, 53.9097167129294, 16.561923936437683, 79.42077052672606], [48.278978021361645, 19.205886810065408, 85.2727944516074, 67.54224050535042, 73.23246282584005, 75.40365509877999, 69.62918041390604, 34.35414057172761, 77.88620786372441, 69.7101025733452, 80.07439816493324, 35.82036680186011, 13.16611999632502, 41.490997781568595, 86.41148232055777, 15.846821357075331, 63.47088726448374, 87.88594338118202, 46.7163698535945, 9.221796060462372, 69.22330348862991, 74.37037651196653, 109.4896878487608, 0.0, 68.09992680057337, 14.38683773448337, 85.94036606477923, 76.88429813981993, 51.53702686776926, 94.77713715163226, 72.78233508556306, 50.150822552912445, 92.03755951418864, 59.69402524912741, 107.01077770618693, 46.11072880322813, 110.96687389879753, 97.28901386495819, 21.81123656534327, 41.965345021805554, 57.20732862823574, 64.11678525127975, 80.15216244121902, 42.06412320854094, 81.52157373007857, 86.13216512985261, 74.59935302290725, 33.57729196088531, 104.68927444646292, 69.51141475919391, 61.72032454907104, 41.288015048986495, 103.45392202640393, 64.59830112050551, 41.587330876068975, 16.84181720705509, 56.309240043622594, 50.148151393810195, 81.21610791587055, 10.349637565883347, 59.533769152931534, 125.90673005457114, 45.746935887058946], [65.61041501059164, 50.520478327498665, 26.273356993102684, 18.978347529545697, 16.541841974382855, 24.6519200596417, 26.481648985122174, 46.59073059434116, 55.12665090426682, 11.304628259508684, 43.11429121434448, 51.86019011205176, 55.85203253139016, 39.276184696675465, 44.08860940212633, 63.74227919082473, 11.13387359856959, 25.241538609919772, 46.3440363017937, 59.01865358254628, 17.612409374381507, 55.65408451319477, 45.45014998130556, 68.09992680057337, 0.0, 55.03265142330607, 65.13325640353281, 11.380309661672024, 70.81643814928024, 41.612895313329275, 5.8543315949455765, 18.066713681679683, 27.137380713440514, 35.33694808545234, 39.25017494486971, 22.043903243791377, 44.17078059369833, 63.38750084894364, 51.12765942709068, 53.88061177715064, 14.816446044372086, 71.53190971540833, 15.387967683543872, 32.91628255132907, 15.918653196221785, 20.999094037907984, 11.217274299270894, 43.02133088618358, 49.06128447858632, 23.43012954147412, 58.11330864548321, 61.58837880541642, 39.9555708734958, 14.28608764445531, 58.525280502389855, 52.10926270228357, 64.34784011098846, 18.59029265304581, 22.637597082428627, 57.75691748251466, 30.837818806738532, 61.79816665847852, 53.47565779287509], [49.93389213164724, 12.930626630926898, 71.0174401093361, 53.254937762464436, 59.07941237955271, 65.22748215235814, 60.156822559344704, 30.09536866620201, 73.17442304459624, 57.91392509498868, 72.70075295848169, 33.87495893351362, 1.3791390340020928, 27.402793754264046, 72.20278227941603, 21.323724379575246, 51.656636901088056, 73.78312153480103, 42.63066351755607, 8.092499107266214, 54.985719582016245, 70.20691702156304, 97.98019948577512, 14.38683773448337, 55.03265142330607, 0.0, 82.23875957888762, 63.207611416527016, 54.2564609621325, 85.21210783679288, 60.0422150652211, 36.965940569053714, 80.09791707011802, 52.38013010465494, 94.23172785923325, 33.43413515051662, 98.64302566311629, 91.54089092894048, 8.120734995050595, 40.52824088907434, 45.5309197579752, 65.09309074795965, 67.99883200199673, 27.67775141349517, 69.24050651263623, 72.25701426917317, 60.793863535126675, 27.49067660644603, 94.94202796829941, 59.531124416203845, 59.63116850265476, 42.54821614272608, 92.00679871213607, 50.496188835521195, 41.76843582681099, 2.9681339858034046, 56.51654808983404, 36.66532232993968, 66.99133639205822, 5.879693469154764, 51.25111640211674, 114.51777264140576, 43.92466817476023], [42.59273346814883, 69.58605469830991, 89.8799038070691, 83.27270460655235, 81.66806990167125, 42.22453339541957, 38.67557427857112, 52.37298498813717, 10.393815019317698, 54.188871270765645, 23.495339687444048, 50.12032799706515, 81.86210982014023, 88.61835389813915, 109.21594093616177, 71.16307265432073, 54.742008164532166, 86.88233424956447, 39.707003859373096, 78.98939049866034, 82.36603470176895, 12.129875072095402, 64.18884222583962, 85.94036606477923, 65.13325640353281, 82.23875957888762, 0.0, 74.44493938242782, 43.254792332638, 40.66523432638356, 62.53827542280964, 66.33996490294079, 59.7960404876054, 33.80615020679096, 76.18285311806537, 63.88617799896458, 73.29966686635123, 16.950015056962343, 85.31524325714645, 44.17039285715957, 55.03094799691077, 31.02932871746672, 58.29963366697955, 81.7642769409489, 59.815597051529835, 81.3046442473704, 75.65358484056625, 54.77089450875352, 46.63682554902577, 41.76429564810135, 24.906964867382392, 47.18414844101956, 60.25483565118235, 77.85473903460776, 45.65091188033158, 80.07540206243934, 33.61008856773568, 68.71752750014838, 86.9197240498799, 79.71676423800847, 37.4824299875015, 73.92334690266571, 40.351145443171355], [76.99069240980772, 60.21029178927444, 15.534121395570484, 16.00594532566825, 9.927944670503697, 32.529806153429, 35.974710653226566, 57.66197397595104, 64.76037861371866, 20.468672879704606, 51.582654114640945, 63.0604916129174, 64.16598429028572, 43.46110837424943, 35.97873439043743, 73.88954455045936, 22.21620989130465, 13.87567305135437, 57.72356429300776, 68.02086275537229, 13.749914324100722, 65.69966278139053, 43.66719079083778, 76.88429813981993, 11.380309661672024, 63.207611416527016, 74.44493938242782, 0.0, 82.19503680454562, 45.888862953292396, 11.93359091677644, 27.034596221509315, 26.67254157340466, 46.25996884749804, 33.44759685972216, 31.698136201060468, 39.784704378567504, 70.82872838338085, 58.29497937009509, 65.23337772564504, 26.179761106384277, 82.69114592568343, 18.280152353441654, 38.232294139142105, 17.607860652697028, 9.820053788757402, 3.134159054360321, 53.92833711563126, 51.61486742332332, 32.86029583664652, 69.1476472980433, 72.92061404849157, 39.05016004282861, 14.494206840201937, 69.86875289918471, 60.381618540427745, 75.63878981434885, 26.757840885478313, 12.513605784934336, 66.56154464357526, 41.78886600026285, 59.07005616834458, 64.85580911200054], [5.403978518835416, 42.117830201401404, 96.5506576788689, 82.88627431834003, 84.90767079804743, 59.768656410330344, 52.805248176248796, 29.019305345839335, 39.87367223055777, 64.13814032665158, 51.06073038079393, 22.997226594616205, 53.29192691321176, 72.86935453678812, 108.98638039968864, 35.73403064525996, 60.2974340912824, 96.05473513221776, 24.47450560985992, 47.865052240863896, 83.19238593224958, 35.4741555499814, 93.59241700002161, 51.53702686776926, 70.81643814928024, 54.2564609621325, 43.254792332638, 82.19503680454562, 0.0, 71.54128552229574, 71.88138431462183, 60.54973513583325, 81.50632259111408, 38.65486951050538, 99.5193520654104, 55.81616938242674, 99.80621348851864, 59.085584592579686, 60.55733244092261, 17.92827517762586, 56.07806810952036, 13.7893583811121, 73.5605839472401, 68.06752650268008, 75.36932413381024, 91.64134782187672, 81.70952123628885, 33.60035020061645, 80.61825637830684, 55.01154298743294, 20.498777682089734, 12.107656017273758, 88.08596016848765, 77.60497471587595, 14.076772605999802, 53.36817023503638, 10.222640035436728, 62.46913018291916, 92.5602008238117, 49.500595012010265, 42.39804323245023, 107.4092059924651, 17.40615175791152], [68.11416783787158, 75.59756451768206, 59.18977214258644, 59.96738452474236, 55.45059122633904, 20.259778597071946, 25.173167455945226, 62.440553490238166, 35.32662978619186, 31.616967131643083, 20.752318571444484, 64.3597023170607, 85.50304210250448, 78.31471168680298, 81.52447312287578, 84.22752010953941, 36.63804560154452, 54.651505083443304, 53.23990922403352, 85.8418465466836, 58.169425111279736, 38.956288168022446, 23.672077750123048, 94.77713715163226, 41.612895313329275, 85.21210783679288, 40.66523432638356, 45.888862953292396, 71.54128552229574, 0.0, 36.352325406315764, 53.65143644399068, 22.394466705731926, 36.7331477706348, 36.19209053400327, 54.47770132293137, 32.668227812581215, 29.342646764003845, 84.41322081465073, 61.735755352254294, 41.472723858875234, 64.28461162980881, 27.69076522591953, 71.25051900367404, 28.286805130991166, 49.038070469191695, 48.34024192677319, 61.73071511313004, 9.968714833709653, 25.70952677420377, 51.55547298528612, 68.57214280243846, 19.62034205600647, 55.811359243727104, 65.70321492409349, 82.34132203880827, 61.64616209420848, 55.48509106050586, 57.56018865540288, 85.49375363777035, 35.62629533142418, 35.889348462393585, 58.878744074865104], [66.81453536412756, 54.75607492180556, 27.454451741951043, 23.6581885388931, 19.87848290719348, 20.851557077325598, 24.04322462021906, 49.27611673910063, 52.82716884351896, 8.588756071706943, 39.82076390845134, 54.18805553294651, 60.80145731851545, 45.112639804696414, 47.276840712120396, 67.53317431703219, 11.699007858265347, 25.197744376341056, 47.561235708868814, 63.62747273803578, 21.969038389687903, 53.79117182179375, 39.64527267556714, 72.78233508556306, 5.8543315949455765, 60.0422150652211, 62.53827542280964, 11.93359091677644, 71.88138431462183, 36.352325406315764, 0.0, 23.208333405306345, 21.314428437164274, 34.85411066368271, 34.24078889862206, 26.702651703900315, 38.73925795397401, 59.49188551716916, 56.48735219855547, 55.551180989579876, 17.14606588735505, 71.47087982152956, 9.55623625262039, 38.69262308180265, 10.072261170718885, 20.127831576117934, 13.244143920351899, 46.04842927073717, 43.45709186097536, 20.929312310442974, 57.77016743443187, 63.35304204357998, 34.11433466699908, 19.516679105774323, 60.236113128685545, 57.09521437661151, 64.75971322869401, 24.00806390748833, 24.381476679916403, 62.47409754119057, 30.453580712074693, 56.03862809414532, 54.753481246087084], [55.14909775805775, 33.18527716766721, 38.10425996619245, 22.482140551190348, 25.730910356561147, 33.71516837765587, 31.476916224523006, 32.97187997407535, 55.949628659287036, 22.77932652268083, 48.11636490081127, 38.9