instance_id,num_cities,city_coordinates,distance_matrix,best_route,total_distance
2575,75,"[[96.48411500077349, 21.697414394788474], [44.971315718976534, 11.589814188732284], [53.838222445987974, 65.10792699941803], [70.09281532132388, 32.37072352324976], [16.321055230073554, 62.7700574760774], [91.92165207380455, 11.145562005458732], [47.27938233628296, 63.52633523364456], [88.95124626394129, 67.5441751501379], [79.26667807635198, 86.32687635295163], [69.93406439154548, 99.28967806764038], [45.31988826380224, 14.77588611937717], [86.44502002568386, 2.601794126639523], [67.33165418960651, 54.044753508040635], [57.8501204498092, 23.63426713548835], [70.97890383408684, 53.76067806045292], [21.027880790351272, 43.91305736336578], [45.13041101411306, 63.863004505429046], [21.20003081771039, 17.232335565084455], [24.198664073787857, 18.008109659414995], [33.426813621611764, 80.75066092325811], [1.9537527259326781, 39.935170065983286], [77.59680075173601, 34.99716871046142], [54.15298951944772, 82.62040042010527], [50.35987181966479, 69.88351336611976], [75.7615257149566, 71.213281560175], [66.88741326592138, 21.84041422048171], [84.13102570345346, 33.778741625145244], [23.01449431831779, 33.131636033930754], [36.44777766382511, 7.054390789720055], [75.10895505414518, 18.89125281204642], [25.880470157219527, 23.94231107080672], [37.46077377440249, 87.04048161136177], [54.33137006152779, 18.17783770811564], [88.21237188495972, 59.04842509911219], [30.152482402475368, 6.095504287971831], [67.2328651441186, 35.869636094447145], [50.90368365962669, 57.946428059317846], [30.159849773423385, 85.52946577840143], [47.03400794201744, 99.73574924425971], [27.75210850105895, 20.132863700871397], [73.50278559443998, 23.222699515546164], [68.49957803867417, 21.448043010069075], [73.97253573597943, 30.777059701557064], [47.96567768270039, 29.267356291387493], [60.34870711051889, 49.03712956979079], [78.40349968540094, 16.591425464795982], [30.47971809858486, 7.482151686778038], [94.41644081500222, 73.77664829412217], [9.194572093592479, 46.12003733325199], [9.354315770655985, 38.47154012080695], [29.197786895856293, 62.845333595701504], [47.19897309502215, 23.50363022608407], [81.8363454137772, 47.83434293792488], [64.88412532331368, 37.74080160821245], [54.859879235973075, 3.9017424588836835], [12.0312827218487, 17.36331356403371], [76.74626549023579, 47.774974493144185], [15.229646186201517, 86.59642121868684], [76.03872116587921, 23.12269836137153], [18.50162519232136, 35.29520132270915], [32.60568518180326, 30.461221804013416], [47.92393980921569, 46.332345588846714], [99.97374242624717, 94.62893677774751], [87.03617183158178, 29.581994755986063], [72.94977038916353, 49.32558600384479], [55.09557256343586, 5.618240502003169], [27.714760167796516, 33.10120456942699], [46.68400458964286, 8.76395908128237], [66.40205994079345, 43.86815601905835], [43.171821238652356, 12.374812523347845], [75.9647424754566, 77.66513436144298], [39.397977458994646, 5.839331656890634], [89.31491513598905, 67.2951159250558], [37.662140400925914, 38.60046968660817], [48.33055066493988, 79.32840553884725]]","[[0.0, 52.495067118465215, 60.85346955097147, 28.467880611703634, 90.07262714878344, 11.495984377432396, 64.58145504033855, 46.4614849436024, 66.88353674296904, 82.00892981395346, 51.63027843484404, 21.57373730590532, 43.545566009116925, 38.68251457057949, 40.97033894845386, 78.65861728841531, 66.44651911521095, 75.41637925701552, 72.3795370608855, 86.39160365900521, 96.27359515326539, 23.10008883963772, 74.18581003639909, 66.70341777679002, 53.67724664929132, 29.59704719278506, 17.27881022624308, 74.3540623484484, 61.79627772879571, 21.558571510478153, 70.63932492797974, 88.05379743539879, 42.2994246529013, 38.255976458698804, 68.1418012833297, 32.50365342666464, 58.23715921038933, 92.05128430276292, 92.38665917869652, 68.74981117319987, 23.031890846867388, 27.98564801948705, 24.273672155070198, 49.10542515960607, 45.31255597784489, 18.787755936664972, 67.51780583134645, 52.120263622510706, 90.64176086186188, 88.72977633102012, 78.87078802958314, 49.31822815449952, 29.961578522213276, 35.439379521873995, 45.26878552219, 84.56397170156656, 32.705073673422405, 103.99120053671201, 20.495013136110245, 79.15913419222365, 64.47680293286176, 54.45154221480571, 73.01496049895988, 12.305699395014445, 36.29299164794052, 44.40215398110463, 69.7084685995258, 51.45216480681119, 37.369396848247405, 54.121267278511574, 59.61065615390076, 59.24783445461028, 46.15785752766877, 61.20243437987926, 75.10057854964799], [52.495067118465215, 0.0, 54.24767675875904, 32.602698278519426, 58.65368470125155, 46.952438103189365, 51.98778115825429, 71.16969018718008, 82.23016684989804, 91.18335892951549, 3.2050830201805227, 42.436454300009274, 47.98339930775319, 17.633277009153424, 49.54570010861103, 40.22536669202412, 52.27343242220215, 24.431783261558188, 21.741609257857295, 70.11774561202485, 51.51669560121751, 40.15378586545391, 71.62155621145614, 58.54222322934115, 67.10435822649707, 24.19483690166361, 45.0092366836713, 30.75958540732784, 9.655090180103041, 31.00948742992583, 22.738613930592074, 75.82355474930894, 11.446076672269013, 64.2036501134674, 15.804596234888105, 32.94064866667435, 46.73466207141996, 75.40856450468968, 88.17006615637901, 19.22198720685365, 30.811828804556214, 25.51007258473286, 34.77385731902667, 17.92935298221728, 40.48166986744917, 33.80424588896627, 15.062512832236944, 79.44823932481393, 49.72234603120395, 44.622840277215005, 53.6277212009983, 12.120291661379731, 51.69812645202516, 32.86934939046393, 12.5255792422136, 33.44217500236006, 48.156134180621635, 80.68802888125862, 33.138966467615596, 35.532940994922086, 22.56188919314965, 34.86777132404934, 99.60302617913864, 45.75118229443746, 46.97640258910795, 11.754159644509558, 27.577683470545647, 3.3043547412475354, 38.744911268659735, 1.9632632961644214, 72.98315174090197, 8.008130163102614, 71.19996805330267, 27.982129194450756, 67.82183437153593], [60.85346955097147, 54.24767675875904, 0.0, 36.55046211722862, 37.58993841196137, 66.0475922949364, 6.7468374886488665, 35.19743949056583, 33.118728348371334, 37.78185059028063, 51.04778502922039, 70.4997864898377, 17.448968677833307, 41.66725078646293, 20.55633763419845, 39.06073499627034, 8.796352195605358, 57.94241803680101, 55.64976382663908, 25.716157076979453, 57.668586680801546, 38.35528396253025, 17.51530198485917, 5.908057906408021, 22.75756095313658, 45.19246666348776, 43.57948812699685, 44.413797401235904, 60.60231543573372, 50.87656669459314, 49.76187142604339, 27.37257344124428, 46.93268025012345, 34.90415036829534, 63.58836619762507, 32.160443219182895, 7.739417611016657, 31.268267916889425, 35.28999020170444, 51.99270775268486, 46.27166870986123, 46.05584455613207, 39.799485186153674, 36.31849791324185, 17.339461946415913, 54.38109751566443, 62.179978334915155, 41.49383731216796, 48.51386884965409, 51.84896391488156, 24.744098145027124, 42.13071494703059, 32.897896529245095, 29.512226662068066, 61.21471072059778, 63.461549943190754, 28.726463038492142, 44.1857165226422, 47.49338445721605, 46.23282078504983, 40.63514266705937, 19.685050073916937, 54.77203868929036, 48.62299564170607, 24.78575300621003, 59.50297243733753, 41.31422953548309, 56.79635158965713, 24.67747725951762, 53.8010546092005, 25.441429703288495, 61.00235298052564, 35.54405041096482, 31.053356074972246, 15.249801911438738], [28.467880611703634, 32.602698278519426, 36.55046211722862, 0.0, 61.76990924460324, 30.446766584035945, 38.61508598477858, 39.910050325281595, 54.73048680607763, 66.91914284546631, 30.385460639358453, 33.96444841468293, 21.849201051226583, 15.040254250918403, 21.408299978187628, 50.404298140191536, 40.185636616298474, 51.18276239603243, 48.089061081844086, 60.70431634959757, 68.55765969515379, 7.950346637805476, 52.717246464819574, 42.38630039334644, 39.25402644798093, 11.007361915951611, 14.10864506989229, 47.08446979961647, 42.10588156124151, 14.382551528618876, 45.00855031411697, 63.668144192623465, 21.20993079760007, 32.249311487744535, 47.80813047516472, 4.51903797250915, 31.974043167016017, 66.48679279074496, 71.20221406774012, 44.073809309745535, 9.762901234216027, 11.038267736916064, 4.194281210465889, 22.343703995854963, 19.30587307873065, 17.834060721463242, 46.78288661078309, 48.02175926897998, 62.43107926721956, 61.04412576836131, 51.001031450234215, 24.551035730156823, 19.41736399293874, 7.481189085564412, 32.288159201534185, 59.96969169075239, 16.779730244961844, 77.13879450773116, 10.99453344653833, 51.674011546680006, 37.53573128251429, 26.198968150938963, 69.05762030574365, 17.171323128141957, 17.193881295261516, 30.669408832599167, 42.384350427418745, 33.245326698503064, 12.075290028591017, 33.53470410060649, 45.6734406595614, 40.57200790891409, 39.864800337143016, 33.02360387741484, 51.75538680420105], [90.07262714878344, 58.65368470125155, 37.58993841196137, 61.76990924460324, 0.0, 91.5452826513976, 30.96756324384679, 72.78692773556182, 67.20918948405632, 64.86938753757263, 56.0747073245539, 92.39908199296843, 51.75144573386277, 57.0637655926035, 55.39539088655224, 19.435551448458817, 28.830080018972183, 45.7983462542883, 45.449848112355376, 24.817515396881426, 26.97872243597104, 67.27592689530792, 42.72342878411144, 34.7741612338732, 60.03713487832792, 65.05530156751163, 73.7474642978941, 30.384834250170492, 59.239517808896345, 73.35779893419149, 39.98720176083032, 32.186040263444006, 58.5939424976718, 71.98758197024254, 58.33792382915989, 57.58163821248164, 34.91741098430358, 26.636495653237592, 48.05983595671507, 44.142941359956644, 69.52513077385399, 66.55904988817566, 65.93364172502008, 46.084846933020366, 46.11970770706322, 77.37374208335898, 57.07206199876261, 78.86719401052983, 18.111044493651956, 25.2775276552076, 12.876951692336101, 49.952959078051926, 67.19619644459108, 54.633647381261355, 70.36134925313223, 45.60893049465464, 62.25799987672161, 23.851347611742604, 71.68062994694546, 27.561251894798513, 36.180796496887766, 35.62219372540362, 89.51402273107412, 78.1157808837473, 58.20279369357646, 69.06369073451906, 31.781399355666373, 61.956172877608026, 53.52932758335385, 57.10205205676119, 61.47546456632939, 61.43005682773776, 73.13398483558167, 32.2429975371775, 36.038683224593015], [11.495984377432396, 46.952438103189365, 66.0475922949364, 30.446766584035945, 91.5452826513976, 0.0, 68.82352542045682, 56.476781736554784, 76.23895588144386, 90.84513860668814, 46.7429528739396, 10.148372685196653, 49.44702850040697, 36.28824910394195, 47.483121424489596, 78.1001636286445, 70.48793502184495, 70.9830721049504, 68.0697999405994, 90.92038231829412, 94.46197354145966, 27.822661767154813, 80.84011626380004, 71.95504504856336, 62.203541831940534, 27.223022914278012, 23.93647173121809, 72.3296885180974, 55.624530775285294, 18.511145484440448, 67.26956589410223, 93.4132008183467, 38.24241367017354, 48.04625950153313, 61.97526445958421, 34.94017801353078, 62.23178284620934, 96.6823942809329, 99.31325123420227, 64.79584796959496, 22.025255794705778, 25.58778354913699, 26.60012178732824, 47.545000923471704, 49.32161540477975, 14.573876382549937, 61.55105056599986, 62.68075414799356, 89.81638874118032, 86.97168564629366, 81.28437516118767, 46.39870542574281, 38.04970508081874, 37.92538229617981, 37.76304976437107, 80.13196334569676, 39.648533606600964, 107.584831287122, 19.89269437542482, 77.28974981477818, 62.3817172077404, 56.33745133977694, 83.87079361979546, 19.07275464535382, 42.63386596560712, 37.2385742893919, 67.85702033413003, 45.30029561040111, 41.49720161184496, 48.76532644504378, 68.40669901663779, 52.79102646808917, 56.2100300910141, 60.810086028221434, 80.92641271140384], [64.58145504033855, 51.98778115825429, 6.7468374886488665, 38.61508598477858, 30.96756324384679, 68.82352542045682, 0.0, 41.865108154641604, 39.281697571462594, 42.33498918964021, 48.7898135460965, 72.42752850067829, 22.18093772812363, 41.26884540925138, 25.632701364647026, 32.76922339990408, 2.175183657090256, 53.134423690691484, 51.035560298081585, 22.103643488270624, 51.09751240072785, 41.63002764694212, 20.293590146971656, 7.064214695579892, 29.50121413213841, 46.06724310888713, 47.359929733452425, 38.89244823825665, 57.50134058487773, 52.60014924353011, 44.99787118710616, 25.481761202164655, 45.89353722148584, 41.177194083194024, 59.93021812452461, 34.10329138717663, 6.653639917856529, 27.87859660995191, 36.210245395267535, 47.584743301833825, 48.08378032701981, 47.126206956431325, 42.24972764759925, 34.26585238205125, 19.512671032534453, 56.31692850086575, 58.50794158004754, 48.238689864713336, 41.874001215777696, 45.45386047580016, 18.09441507488262, 40.02278578220521, 37.95289606009304, 31.222119082273988, 60.104542231035076, 58.08143503821201, 33.41261091243972, 39.489422060180644, 49.59388513135489, 40.31322646643407, 36.17484090214854, 17.206066785913883, 61.18878498631958, 52.276386269870535, 29.336497771089387, 58.43321200409741, 36.172683291820405, 54.765612536645676, 27.424821034946365, 51.31618003858792, 31.980549199323104, 58.22290721446468, 42.20414346548359, 26.716850782083686, 15.836994057766772], [46.4614849436024, 71.16969018718008, 35.19743949056583, 39.910050325281595, 72.78692773556182, 56.476781736554784, 41.865108154641604, 0.0, 21.132456682890588, 37.00581254145, 68.47034196037143, 64.99072259144819, 25.488058892975022, 53.80854995966216, 22.64927999820968, 71.91671088913326, 43.97518185645233, 84.38903007425638, 81.52741063344135, 57.07340787729619, 91.2733315028696, 34.470727597107384, 37.923755626869216, 38.66221262146167, 13.69054673884444, 50.75082747778287, 34.107756117669894, 74.37659649085303, 80.097616862259, 50.583751125960994, 76.6749329957105, 55.057921526569736, 60.29569719897138, 8.527819432740051, 85.04842022261936, 38.405266603115116, 39.23944150148653, 61.4808830474025, 52.852174138764575, 77.41554699322094, 46.93663962710622, 50.42939749264398, 39.701165568402985, 56.07969056506278, 34.067814460809, 52.03304390848397, 83.82342314953058, 8.289274574498737, 82.5840224008985, 84.7401289325286, 59.93792637727036, 60.68625801595983, 20.954696369579203, 38.30753691964987, 72.19820319576148, 91.84116539352384, 23.2332272898752, 76.14369572248735, 46.26014380114909, 77.47996787594211, 67.45344826272259, 46.18637881743096, 29.241746426512933, 38.010454487674885, 24.24797353703034, 70.57639848958112, 70.25827674962609, 72.3991265130657, 32.695866493048975, 71.68970866374273, 16.464601301131715, 79.13920747506535, 0.4407783412271924, 58.89236339447721, 42.2954961763178], [66.88353674296904, 82.23016684989804, 33.118728348371334, 54.73048680607763, 67.20918948405632, 76.23895588144386, 39.281697571462594, 21.132456682890588, 0.0, 15.972849040924892, 79.19550960744237, 84.03224373384458, 34.4177316299478, 66.24977125292276, 33.60423296427252, 72.04644023545671, 40.864535569689465, 90.25403642245453, 87.74930226909208, 46.177779848616666, 90.16362258946701, 51.356862997488314, 25.385730573965233, 33.25639238219266, 15.514729795805025, 65.66391699867776, 52.772799255004266, 77.42119716296068, 90.09764258797591, 67.56367354636718, 82.10920278158252, 41.81199429551991, 72.56763089704324, 28.707827164824884, 94.07059731989087, 51.87239871253722, 40.123675026482935, 49.113302165479695, 34.91049836659566, 83.8772805324032, 63.36686508633342, 65.76620301610008, 55.801523931911376, 65.08103760158882, 41.814050755892545, 69.74079285116403, 92.71816473354599, 19.67291374875683, 80.78793190084222, 84.72232060711346, 55.30168816867062, 70.53437429145158, 38.578210416399315, 50.67015376723571, 85.96275081155645, 96.3149592795293, 38.634202678617264, 64.0375991721644, 63.286553243222265, 79.35126658340944, 72.78887013882292, 50.81269263799296, 22.30934157001641, 57.27431030284168, 37.53663291009687, 84.25037829373544, 74.09839658763158, 84.12869158160792, 44.364865965823725, 82.29062179125775, 9.269765533168814, 89.82069995338983, 21.52150024955244, 63.31467008890704, 31.7178588960698], [82.00892981395346, 91.18335892951549, 37.78185059028063, 66.91914284546631, 64.86938753757263, 90.84513860668814, 42.33498918964021, 37.00581254145, 15.972849040924892, 0.0, 88.0252162503557, 98.08750459126247, 45.31970583822261, 76.61437792281428, 45.540987375277304, 73.88088328558891, 43.24662322715264, 95.43800860745921, 93.26532155697834, 40.944773970050505, 90.24566690025969, 64.74754271760999, 22.95445798552797, 35.32522522637367, 28.674785898420698, 77.50916431976329, 67.03160824614346, 81.10692067629378, 98.12583562982581, 80.5647955185712, 87.28083912473673, 34.70673446652587, 82.59887842377154, 44.19790679773062, 101.32979962492854, 63.47754092004424, 45.512852163454305, 42.08719034021349, 22.904400557233128, 89.69458547449827, 76.15064672784303, 77.85485148359534, 68.63153885916002, 73.3875708926686, 51.15855456063682, 83.13081448993908, 99.92630955648062, 35.35960185811284, 80.72358156348753, 85.84143432102135, 54.65925857707123, 79.12274909091514, 52.8139735945281, 61.755696725166786, 96.57167968822326, 100.32278567636764, 51.96316741863614, 56.157743371850984, 76.41122713258562, 82.10108924880005, 78.29919722487789, 57.34914687594901, 30.39909152918639, 71.77494821710731, 50.05501951276725, 94.83943829096597, 78.50722051608479, 93.46374205428064, 55.533955033129025, 90.94180288050718, 22.449720903677346, 98.31286716112713, 37.406809303576075, 68.73614109020579, 29.413673798157003], [51.63027843484404, 3.2050830201805227, 51.04778502922039, 30.385460639358453, 56.0747073245539, 46.7429528739396, 48.7898135460965, 68.47034196037143, 79.19550960744237, 88.0252162503557, 0.0, 42.88921750603248, 45.0173498238272, 15.345280475176843, 46.67118042995133, 37.93516014453761, 49.087484077658964, 24.244621405563503, 21.367109778760987, 67.03816923863238, 50.13592803763411, 38.08804732960489, 68.41711626847615, 55.33761844359848, 64.12388708467783, 22.695058757543016, 43.21357317710023, 28.88709320767474, 11.761625594455182, 30.071992671830785, 21.492192133719776, 72.69069708138487, 9.632241629177454, 61.642703208923436, 17.475675360374623, 30.415865001147743, 43.530155782062245, 72.35949005898024, 84.97715309699437, 18.36638490832871, 29.421494837940646, 24.120856030276162, 32.817857382405606, 14.731018613640344, 37.41254066079897, 33.13338992330999, 16.535695101987404, 76.75650727862467, 47.82775641524354, 43.0697855034737, 50.70102497186254, 8.927736386961579, 49.257620831803685, 30.168637939590635, 14.465767456244818, 33.38901076266175, 45.56925519555686, 77.8691975702831, 31.832624294406415, 33.76775874387943, 20.191104862043474, 31.663720859991237, 96.76545599674535, 44.26589169627624, 44.23903421604207, 13.395016863726319, 25.41176561304835, 6.164744930798048, 35.92795750573675, 3.2216992966578157, 69.95830639820926, 10.720589220797752, 68.51154566104987, 25.025025164490053, 64.62268836480486], [21.57373730590532, 42.436454300009274, 70.4997864898377, 33.96444841468293, 92.39908199296843, 10.148372685196653, 72.42752850067829, 64.99072259144819, 84.03224373384458, 98.08750459126247, 42.88921750603248, 0.0, 54.878946997006175, 35.496946384475265, 53.44559996300322, 77.36939043283836, 73.89068151569097, 66.86524777139938, 64.12459268943218, 94.43609263359231, 92.3718312525327, 33.582008259572504, 86.28877439948005, 76.3476762244314, 69.43826940909126, 27.43400235628581, 31.262703418736788, 70.3953325043431, 50.19511789840242, 19.84572581949384, 64.21434702785656, 97.61838108137609, 35.69173080241955, 56.4742922110317, 56.40084930878027, 38.41687395387961, 65.77396974356488, 100.22484280810015, 104.82477336131356, 61.25517336237003, 24.345906660699935, 26.023450675982613, 30.812472386584904, 46.815723776425365, 53.265917109200196, 16.136165416873773, 56.17769049815195, 71.61985349861307, 88.66492653523507, 85.02714484341023, 83.10553380359971, 44.46503066468913, 45.46672798479945, 41.22647240738325, 31.611880430818353, 75.8637380810144, 46.202619665595115, 110.12141867697362, 23.008662859249636, 75.40002503693356, 60.620307545758315, 58.27722327146624, 93.01624220704083, 26.98667609131232, 48.63367650236197, 31.49423447114872, 66.17746943131466, 40.235688454819794, 45.87627788738518, 44.36306596533139, 75.79143266053005, 47.15830641076555, 64.75694698839342, 60.627336957477425, 85.67196550477303], [43.545566009116925, 47.98339930775319, 17.448968677833307, 21.849201051226583, 51.75144573386277, 49.44702850040697, 22.18093772812363, 25.488058892975022, 34.4177316299478, 45.31970583822261, 45.0173498238272, 54.878946997006175, 0.0, 31.85431153665235, 3.65829589140682, 47.39926895826133, 24.275363049501713, 59.01932556149176, 56.205822974172335, 43.15951464985803, 66.88310956214748, 21.63755347914754, 31.468155315040004, 23.214385855640533, 19.126449994989482, 32.207403169869, 26.32356588492352, 49.003766605673114, 56.23084578466737, 36.00354176912071, 51.22848522427532, 44.5082865301251, 38.15026915251955, 21.471867661298894, 60.67471726794676, 18.175385890632906, 16.884942405527173, 48.713757300195795, 49.99661523102795, 52.120597724943764, 31.43376966149568, 32.61762685122555, 24.19683621437378, 31.447741713799587, 8.592895170794954, 39.055569951002376, 59.38131930179887, 33.51019752839732, 58.67470870050939, 60.03246409526958, 39.136198648523404, 36.57984498846194, 15.77831635371593, 16.486638380920706, 51.67075311595482, 66.36007173623149, 11.31127909820867, 61.43476465919931, 32.12454684229715, 52.30599811710104, 41.97708769276126, 20.883979826241784, 52.082452477948756, 31.411694975982073, 7.33715009825907, 49.94846199320082, 44.812169486417744, 49.766211207215896, 10.218966773612044, 48.16722443618471, 25.14861039920612, 55.71402867804173, 25.667798230837718, 33.44855678820341, 31.627598631100813], [38.68251457057949, 17.633277009153424, 41.66725078646293, 15.040254250918403, 57.0637655926035, 36.28824910394195, 41.26884540925138, 53.80854995966216, 66.24977125292276, 76.61437792281428, 15.345280475176843, 35.496946384475265, 31.85431153665235, 0.0, 32.86282988987877, 42.03696785740871, 42.19173282182424, 37.2050238257283, 34.11853109635354, 62.119082058123325, 58.22476587391522, 22.782601149759657, 59.10188403923201, 46.851858036186286, 50.838775085527885, 9.213607856037218, 28.17084208223684, 36.107074984913254, 27.073096911320143, 17.898702656120097, 31.9711343385962, 66.60385493355756, 6.4926286195137815, 46.6479248893646, 32.783644636045885, 15.418824584268537, 35.00824719038034, 67.80683376457849, 76.86627263587624, 30.300992546104165, 15.658075042473275, 10.871546479852768, 17.633824324338217, 11.376902137865041, 25.52544524895052, 21.72655096421185, 31.780965346200123, 62.059279510059135, 53.60011424643402, 50.714768471515704, 48.564019098857834, 10.65194845910765, 34.07319557754681, 15.762980028872658, 19.957807310166523, 46.245980900360586, 30.656778192054315, 76.03116251413806, 18.195793431979656, 41.03999835705696, 26.151268077220234, 24.773611516783426, 82.55084885104068, 29.785920484468846, 29.80005525979123, 18.225387505256816, 31.58738424917163, 18.595919042350165, 21.966928060384628, 18.49939960904406, 56.98661372919792, 25.634767594829533, 53.81731154255966, 25.130494568457163, 56.501851840284786], [40.97033894845386, 49.54570010861103, 20.55633763419845, 21.408299978187628, 55.39539088655224, 47.483121424489596, 25.632701364647026, 22.64927999820968, 33.60423296427252, 45.540987375277304, 46.67118042995133, 53.44559996300322, 3.65829589140682, 32.86282988987877, 0.0, 50.91247721835483, 27.752505844789944, 61.74346932461337, 58.87815366756971, 46.24520141874597, 70.39613737136902, 19.896377628599854, 33.406510850428475, 26.17422968313334, 18.096044898648046, 32.181416045332135, 23.921874787970697, 52.21246934524754, 58.08507506410539, 35.113161923052644, 54.06481045963281, 47.23357245736342, 39.28458868625731, 18.026444180850156, 62.75958474745003, 18.279009505334763, 20.5069492637508, 51.72476242067663, 51.836909723074186, 54.76664800191773, 30.642097068402947, 32.40761392480312, 23.177759702598603, 33.60850173955738, 11.632411303138793, 37.903534954870636, 61.49704097399815, 30.82137576629099, 62.25498405221561, 63.49289403488445, 42.75737011089688, 38.4834256480111, 12.369538618756097, 17.14009237549293, 52.39977493573827, 69.27907459743658, 8.312106091028292, 64.70058544591235, 31.052979751908346, 55.63127362192647, 44.892856576316255, 24.222128095954364, 50.10903347270985, 29.024895897850858, 4.853283067008187, 50.69491598101798, 47.94371671140872, 51.13655100012252, 10.899976713876704, 49.86004120259686, 24.41887831174314, 57.391727207318, 22.790136436061147, 36.60380640861823, 34.156355040956136], [78.65861728841531, 40.22536669202412, 39.06073499627034, 50.404298140191536, 19.435551448458817, 78.1001636286445, 32.76922339990408, 71.91671088913326, 72.04644023545671, 73.88088328558891, 37.93516014453761, 77.36939043283836, 47.39926895826133, 42.03696785740871, 50.91247721835483, 0.0, 31.28789469041451, 26.68127716787943, 26.09827929528968, 38.86827204018596, 19.4845053508812, 57.26723125897166, 50.946356443091986, 39.176910071299766, 61.16432071010699, 50.89497317212159, 63.91174581722767, 10.962922931057033, 39.95415524292507, 59.58903671423476, 20.551844954777277, 46.15208222921163, 42.08828730584487, 68.8682452233088, 38.902772075910164, 46.89986359085894, 33.00756110611342, 42.606552393673454, 61.58320857391119, 24.712605061611516, 56.40661789248672, 52.5189385796234, 54.54989387599826, 30.661726326206743, 39.65329114307466, 63.54866806779609, 37.637057761171356, 79.23203143786829, 12.037356657516892, 12.879527560051203, 20.619855700519157, 33.18841346752831, 60.93476717290128, 44.288451380038325, 52.39760909822305, 28.032618012172104, 55.85206171200487, 43.075388269062515, 58.80843125142532, 8.98050166104653, 17.748167072759422, 27.004646753182843, 93.8325609487886, 67.54608679738915, 52.203238269242014, 51.255249693969866, 12.712612502798335, 43.51661519980771, 45.37420136715512, 38.53589218075563, 64.47682896585816, 42.2737393754942, 72.17921946311567, 17.4620210919364, 44.71781153714196], [66.44651911521095, 52.27343242220215, 8.796352195605358, 40.185636616298474, 28.830080018972183, 70.48793502184495, 2.175183657090256, 43.97518185645233, 40.864535569689465, 43.24662322715264, 49.087484077658964, 73.89068151569097, 24.275363049501713, 42.19173282182424, 27.752505844789944, 31.28789469041451, 0.0, 52.41261663157449, 50.40644216082721, 20.546706091546795, 49.36360077927685, 43.443100012974014, 20.814582013214665, 7.9745712899476375, 31.500662859656757, 47.320875322015574, 49.25556637778533, 37.86199650607922, 57.46831052150544, 54.047863539009654, 44.31954407814905, 24.41349586570491, 46.6024904129656, 43.35015025737389, 59.67765433450978, 35.667171931090344, 8.266592640387803, 26.335399141734154, 35.92321667614455, 47.05667447899034, 49.56436248956583, 48.42671706893524, 43.89245837312555, 34.71163511607771, 21.246249167442887, 57.80744428464387, 58.25326915687647, 50.273184370031984, 40.07739266712038, 43.87089530046594, 15.965092087869799, 40.412350108634215, 40.0530100216954, 32.75024752903203, 60.74549775987242, 57.076909090744024, 35.473750350527474, 37.56146925710841, 51.13801111843616, 39.0539577127527, 35.672788576268, 17.75183948718034, 62.883492181701094, 54.14130049354468, 31.3887446822649, 59.091090517258834, 35.34958599055189, 55.12094392923716, 29.19378382554861, 51.52543049303121, 33.78246268746954, 58.30615237947074, 44.317601393721766, 26.343324228804757, 15.7930213356801], [75.41637925701552, 24.431783261558188, 57.94241803680101, 51.18276239603243, 45.7983462542883, 70.9830721049504, 53.134423690691484, 84.38903007425638, 90.25403642245453, 95.43800860745921, 24.244621405563503, 66.86524777139938, 59.01932556149176, 37.2050238257283, 61.74346932461337, 26.68127716787943, 52.41261663157449, 0.0, 3.0973580435409964, 64.68440209231731, 29.763029327695207, 59.1285460304454, 73.22224056038448, 60.18673318178595, 76.75219381846428, 45.91918230830581, 65.06991371451046, 16.002500841858833, 18.332603299410824, 53.93444278716463, 8.181093062556952, 71.67697688883088, 33.144827867879954, 78.98885490517745, 14.28899577550623, 49.66256947787064, 50.39786026987727, 68.88233700371909, 86.45349988737496, 7.1653880170668955, 52.64468270864305, 47.48704409172971, 54.48299576273201, 29.346917657292266, 50.439704372259264, 57.2070591470449, 13.46026306175365, 92.50892927112902, 31.283068145933015, 24.31922645019439, 46.30885111538176, 26.744609480492905, 67.92087678350865, 48.25864992119665, 36.20345436700079, 9.169683575869788, 63.38956522161271, 69.62055638393338, 55.154132510395144, 18.26331055140611, 17.466893902342076, 39.50921278852974, 110.43338046015307, 66.98441270720957, 60.8934501357758, 35.83008448734815, 17.15408703434423, 26.854167637071797, 52.466087791071125, 22.502335532179746, 81.55548303650244, 21.470114112671794, 84.53354034383759, 26.974028393349453, 67.76420156223608], [72.3795370608855, 21.741609257857295, 55.64976382663908, 48.089061081844086, 45.449848112355376, 68.0697999405994, 51.035560298081585, 81.52741063344135, 87.74930226909208, 93.26532155697834, 21.367109778760987, 64.12459268943218, 56.205822974172335, 34.11853109635354, 58.87815366756971, 26.09827929528968, 50.40644216082721, 3.0973580435409964, 0.0, 63.41755658469493, 31.235109395474044, 56.035605895865665, 71.2180435721769, 58.098763329838, 74.09128840569406, 42.86042307114634, 61.97258105894515, 15.169815688084144, 16.432429547025183, 50.91795036657203, 6.167918457083502, 70.29475038026, 30.133183996287116, 76.03987295573248, 13.317586846976138, 46.59373979786349, 48.04401469165597, 67.78398975490101, 84.85788119963028, 4.140235142403061, 49.57911199578809, 44.43426740232365, 51.38564376772016, 26.299079272967287, 47.64058866298782, 54.22334550531978, 12.25754587607724, 89.66976119032464, 31.865392727678813, 25.280558988932945, 45.115051582624055, 23.64772634675381, 64.89766175937501, 45.21820306726931, 33.75055126687625, 12.184454479710434, 60.393018277375276, 69.17224706787822, 52.09175114066979, 18.201642513577593, 15.025245621837975, 36.94795054814531, 107.76183762176083, 63.89450052578424, 57.94354745402617, 33.28855376785642, 15.497239938290074, 24.31141415107604, 49.4961475311977, 19.791784392163112, 78.98536237421521, 19.470446462689218, 81.66599744707055, 24.603058474526094, 65.8978500194759], [86.39160365900521, 70.11774561202485, 25.716157076979453, 60.70431634959757, 24.817515396881426, 90.92038231829412, 22.103643488270624, 57.07340787729619, 46.177779848616666, 40.944773970050505, 67.03816923863238, 94.43609263359231, 43.15951464985803, 62.119082058123325, 46.24520141874597, 38.86827204018596, 20.546706091546795, 64.68440209231731, 63.41755658469493, 0.0, 51.54083678078393, 63.59535999380606, 20.81034101436366, 20.12022256256796, 43.39573081700274, 67.74975199318999, 69.11785822339122, 48.74410656360548, 73.75816195743872, 74.59213957429537, 57.30738096127835, 7.472260621980485, 65.97240851343163, 58.92745059811715, 74.72692725632267, 56.18857098402427, 28.731063726191497, 5.788784728154191, 23.35785340799774, 60.88283516968985, 70.11098254406443, 68.89774521138155, 64.35306053981523, 53.49681508281409, 41.59971658479676, 78.35374773356429, 73.32775612111699, 61.387062784760275, 42.26679097950246, 48.65191885848419, 18.39797308819913, 58.88034392056685, 58.54030029004162, 53.28611880966799, 79.78178094511043, 66.90085610604463, 54.44236223507603, 19.11307971269848, 71.6711708680373, 47.84307742136748, 50.29614238530507, 37.34684857063967, 67.97867514171276, 74.10934951153337, 50.493558453930596, 78.19472944153645, 47.99060580441655, 73.1972564680423, 49.47409461343406, 69.06679243937488, 42.64968775194529, 75.1489324609937, 57.485055293354186, 42.362443440077165, 14.971445763023565], [96.27359515326539, 51.51669560121751, 57.668586680801546, 68.55765969515379, 26.97872243597104, 94.46197354145966, 51.09751240072785, 91.2733315028696, 90.16362258946701, 90.24566690025969, 50.13592803763411, 92.3718312525327, 66.88310956214748, 58.22476587391522, 70.39613737136902, 19.4845053508812, 49.36360077927685, 29.763029327695207, 31.235109395474044, 51.54083678078393, 0.0, 75.80405379675368, 67.42988367341228, 56.92148655946544, 80.1617590390978, 67.40771810579854, 82.40755915065758, 22.132395074788388, 47.65483608439217, 76.12181081051772, 28.77949523317332, 58.98863381638573, 56.71680799449796, 88.35081152532497, 44.048738180999564, 65.40558909282808, 52.15842360459019, 53.61365229271268, 74.88884216226504, 32.52209246155207, 73.47496700453813, 69.06606064729205, 72.59873340283018, 47.23239872118162, 59.10005384419591, 79.93431192030235, 43.20797498567579, 98.46113109914064, 9.522712230704505, 7.543907872935697, 35.596530600753724, 48.136529452772805, 80.27219659753239, 62.96861955111976, 64.01145309561787, 24.719330831622255, 75.20227721987264, 48.51310860276929, 75.96868929740887, 17.18608137716174, 32.082653552188205, 46.41316575221263, 112.24672154664763, 85.71001271653657, 71.61434517974615, 63.259028370192496, 26.652065376399744, 54.52008644567328, 64.56820178205493, 49.58328831165956, 83.07332188759999, 50.64184201506702, 91.54528570629745, 35.73332303957068, 60.849275986621315], [23.10008883963772, 40.15378586545391, 38.35528396253025, 7.950346637805476, 67.27592689530792, 27.822661767154813, 41.63002764694212, 34.470727597107384, 51.356862997488314, 64.74754271760999, 38.08804732960489, 33.582008259572504, 21.63755347914754, 22.782601149759657, 19.896377628599854, 57.26723125897166, 43.443100012974014, 59.1285460304454, 56.035605895865665, 63.59535999380606, 75.80405379675368, 0.0, 53.08092391401635, 44.25954519743825, 36.26258491067363, 16.96440889129133, 6.646853412095002, 54.614177534398266, 49.739731995833026, 16.29692925498047, 52.884673844076545, 65.72219624469548, 28.7083639479395, 26.28979430039624, 55.554203711476156, 10.40059424335739, 35.202144888545256, 69.30928772597056, 71.59027946488875, 52.013853048806425, 12.465916930983377, 16.319873416668422, 5.5627885948931, 30.180029898761017, 22.239991798283004, 18.42341302785494, 54.56276788761237, 42.26994592659648, 69.30067165475967, 68.33087159615307, 55.83891859355046, 32.49814384144334, 13.519126491297206, 13.005369584369165, 38.52133348913656, 67.89543432258662, 12.806081791516727, 80.9453199883037, 11.976253924632642, 59.09592708331093, 45.2191916620052, 31.764208023787223, 63.692034678875466, 10.882363499730056, 15.063148187679694, 37.00576566779422, 49.91805938577616, 40.54358462207768, 14.283439279580763, 41.19284178025189, 42.69916752128212, 48.0554842093248, 34.35799177773873, 40.09689358615283, 53.12035347093735], [74.18581003639909, 71.62155621145614, 17.51530198485917, 52.717246464819574, 42.72342878411144, 80.84011626380004, 20.293590146971656, 37.923755626869216, 25.385730573965233, 22.95445798552797, 68.41711626847615, 86.28877439948005, 31.468155315040004, 59.10188403923201, 33.406510850428475, 50.946356443091986, 20.814582013214665, 73.22224056038448, 71.2180435721769, 20.81034101436366, 67.42988367341228, 53.08092391401635, 0.0, 13.28969652439025, 24.434631104176592, 62.0996962197174, 57.3078553716055, 58.470023805887806, 77.61247540384181, 67.08618893886566, 65.13411948258631, 17.267518183469083, 64.4428095950705, 41.420762277554196, 80.20027474956461, 48.546030851039596, 24.887002644584765, 24.168852188945415, 18.536856909203255, 67.83582212802261, 62.4700046493615, 62.832172596856864, 55.5026701077409, 53.7106148313912, 34.15000728365795, 70.34140158511103, 78.77931329021087, 41.22326360073059, 57.909721143427774, 62.89708288448393, 31.840468053942594, 59.52437200511984, 44.45714777992021, 46.1447252148874, 78.72183181486012, 77.67062230009341, 41.52902391248223, 39.12589165282391, 63.39528215860752, 59.251111786984055, 56.434619145737535, 36.818799324923255, 47.36819969556354, 62.40493693903327, 38.23432539064003, 77.00792877910548, 56.1349332318864, 74.23314396626779, 40.64204931232626, 71.09872485334895, 22.36754856317725, 78.18595079248963, 38.35655560549447, 47.00747181493314, 6.688648930293144], [66.70341777679002, 58.54222322934115, 5.908057906408021, 42.38630039334644, 34.7741612338732, 71.95504504856336, 7.064214695579892, 38.66221262146167, 33.25639238219266, 35.32522522637367, 55.33761844359848, 76.3476762244314, 23.214385855640533, 46.851858036186286, 26.17422968313334, 39.176910071299766, 7.9745712899476375, 60.18673318178595, 58.098763329838, 20.12022256256796, 56.92148655946544, 44.25954519743825, 13.28969652439025, 0.0, 25.436436544180374, 50.806485823911665, 49.43728731545054, 45.80906196519901, 64.35095187735149, 56.68092939747674, 52.0560772061265, 21.465048095672472, 51.85797618048588, 39.372717698261546, 66.91224618268184, 37.968957725745774, 11.949465968784917, 25.550669610717083, 30.036933223229457, 54.64648300105302, 52.08479631509141, 51.7208249192125, 45.68230089918213, 40.68666097242189, 23.115980356706896, 60.22035948708969, 65.49160596144964, 44.228246304918756, 47.53193342061787, 51.65430950126669, 22.301789452938696, 46.48746971852538, 38.43090301427276, 35.27191317450997, 66.1350448612671, 65.01885979837132, 34.424253979370725, 38.903136659483366, 53.34770026583961, 47.02445330018184, 43.23572845667968, 23.67680866233443, 55.44251199564675, 54.491865308934834, 30.543933846392726, 64.43952325889688, 43.19420472865362, 61.22999196366054, 30.563877659894263, 57.95617951330667, 26.761222442457367, 64.97553646395887, 39.040942625525915, 33.76183059368461, 9.660441630870872], [53.67724664929132, 67.10435822649707, 22.75756095313658, 39.25402644798093, 60.03713487832792, 62.203541831940534, 29.50121413213841, 13.69054673884444, 15.514729795805025, 28.674785898420698, 64.12388708467783, 69.43826940909126, 19.126449994989482, 50.838775085527885, 18.096044898648046, 61.16432071010699, 31.500662859656757, 76.75219381846428, 74.09128840569406, 43.39573081700274, 80.1617590390978, 36.26258491067363, 24.434631104176592, 25.436436544180374, 0.0, 50.16402995275674, 38.35874489871621, 65.05736735485475, 75.24582414143003, 52.326098084869145, 68.72164400362364, 41.44210251268806, 57.201484910053935, 17.407104959393536, 79.50163362316556, 36.35809849180279, 28.176616430312116, 47.796087488902316, 40.48211259536972, 70.10073630069199, 48.04370793261364, 50.29229416125311, 40.475776994941704, 50.31967621603887, 27.006234362345356, 54.68571284864814, 78.17991440226763, 18.830207285173916, 71.1395123701368, 74.04011861868436, 47.30966419189133, 55.60602703472934, 24.155293529082137, 35.195521780684665, 70.48206950506685, 83.4347824659837, 23.458984432269094, 62.455979898141045, 48.09138207328888, 67.59293377126872, 59.35618709530394, 37.33620446522173, 33.682701010202976, 43.13098290124824, 22.067559556478447, 68.7734762178276, 61.3271725427846, 68.88700975413138, 28.9025170259817, 67.26109036025593, 6.455052410397419, 74.80682433923263, 14.108380018357296, 50.15135750513279, 28.606181663826813], [29.59704719278506, 24.19483690166361, 45.19246666348776, 11.007361915951611, 65.05530156751163, 27.223022914278012, 46.06724310888713, 50.75082747778287, 65.66391699867776, 77.50916431976329, 22.695058757543016, 27.43400235628581, 32.207403169869, 9.213607856037218, 32.181416045332135, 50.89497317212159, 47.320875322015574, 45.91918230830581, 42.86042307114634, 67.74975199318999, 67.40771810579854, 16.96440889129133, 62.0996962197174, 50.806485823911665, 50.16402995275674, 0.0, 20.972978594294887, 45.3025905111783, 33.84077281155736, 8.734489246001408, 41.060776338127326, 71.53304061438408, 13.079322905239936, 42.88577775496186, 39.96695302778292, 14.033474387659682, 39.485742331344966, 73.52012791367292, 80.38557657578774, 39.172538950337206, 6.758244127129552, 1.6592258499871966, 11.404498799602992, 20.327113567988984, 27.971700055199413, 12.655912822796973, 39.13668318067408, 58.78111744046743, 62.59364201765015, 59.888660496893586, 55.69480540304797, 19.75856684692416, 29.98591173415799, 16.026087534420377, 21.59762763388421, 55.03852731093294, 27.7452407399401, 82.83637692471939, 9.240708246547344, 50.22166647443711, 35.349