instance_id,num_cities,city_coordinates,distance_matrix,best_route,total_distance
1276,85,"[[7.993769126301142, 21.236152129836018], [71.24559119246577, 5.352065205780643], [35.4385933674451, 18.356112156778547], [62.485852052865496, 41.71485950327728], [0.08131562963817895, 7.369448723869931], [44.01777397907208, 94.1609090543356], [31.061037640419343, 17.256703237052218], [30.123729070218396, 42.61035538514888], [90.33881488400594, 50.569719668778355], [3.1501361843442877, 55.848807362355636], [2.621524066902803, 19.464429861299216], [54.47996184360093, 93.16510222918194], [50.62590990492153, 68.46894404972927], [4.917779894368579, 85.79745996190576], [57.68846338866518, 8.245568811490234], [60.43257995358036, 11.600622084179923], [19.643628254686817, 55.998651756092485], [45.082505577436585, 49.93396791970163], [50.523253916102206, 25.741505949746568], [29.700361435117728, 93.33911126904258], [99.88432004649948, 42.7008955697874], [7.223980864207135, 10.931232728945705], [17.988912204769115, 26.76580537222589], [91.50446176002589, 91.43128020315879], [18.695852946255354, 87.4134679532897], [8.886134753103136, 73.2264232445379], [7.057278560488401, 7.6398439956234405], [2.434212686961912, 29.485330072760096], [49.722120744314445, 60.15166450891436], [98.04317185685476, 57.5504709716348], [78.30837423509914, 67.46328306340077], [59.887475392569435, 26.478584229117843], [84.4621830157796, 38.78693036436294], [67.25251521087284, 14.924049281314833], [95.27162022922077, 98.76522865132327], [97.85917262452708, 1.2685479177089953], [97.52357896608322, 71.31262176093632], [42.25996138399009, 38.03316507578817], [42.89129743865831, 88.4852115359828], [41.91837304726144, 62.210081310938136], [99.29492564366123, 13.44976843979141], [27.489594224277614, 54.53264033106437], [59.16586883848461, 99.36418074178711], [38.49370082314029, 30.588197253862138], [41.53764507020049, 91.44849479824643], [89.23746582899379, 81.93075406349438], [52.22098115793335, 69.23573653810195], [57.698961037639904, 91.76125773279796], [25.784697068179486, 99.21091488424898], [40.05446912942633, 66.34561725862888], [93.48731829429336, 98.37293442820481], [1.177373935273729, 90.24697283472264], [80.14734479631565, 20.201602389452056], [85.89792717765872, 27.532100666424107], [47.73319854972906, 94.21242687857894], [33.94643753509005, 40.55158459042285], [44.652196667033536, 14.474228103078035], [37.99304650126649, 1.3572491265175235], [59.227880750830685, 13.258170078860122], [55.9457619379229, 60.60269742198402], [28.9791713819885, 21.988649178803875], [13.009227948135127, 9.715107287035508], [34.90953250509015, 56.83920373337791], [49.14829907288537, 8.047617848419131], [86.03147329983554, 75.15310863419779], [35.708001032095716, 17.361432168285894], [64.66103709675265, 89.93295154952409], [38.889649615286395, 50.0863326571969], [89.69197302212233, 35.814138515361904], [56.70949267955333, 48.98190253506868], [65.00091472125288, 2.306213250739686], [64.32464393163909, 24.958907413840315], [39.82187787249492, 70.42240440889398], [74.41733186374302, 9.244881896042944], [53.12880762376926, 87.84409678049738], [61.99044204250407, 43.46229251841138], [69.4734986623442, 84.89713933357972], [97.97012059788108, 81.89386611661132], [7.484118627713676, 62.224409164221285], [86.86197403245029, 10.477879833567949], [82.01652412199198, 57.44575745678547], [10.7719457628351, 36.39825502376739], [35.721635627217985, 18.458280945954197], [13.134503531710406, 18.699894511761993], [57.01644525590598, 66.99675498101453]]","[[0.0, 65.21577425823216, 27.59552514219818, 58.213096098409025, 15.9653494695821, 81.33725529011792, 23.408009103567675, 30.766730276693508, 87.413756042171, 34.94991677131259, 5.656855732211938, 85.64309648619748, 63.62732164656973, 64.63454323148137, 51.364558722729434, 53.31671708047971, 36.662659450409656, 46.89497843747072, 42.76745596278205, 75.29948782223732, 94.36423347519174, 10.333631395947084, 11.422782066559751, 109.09350021607445, 67.03709217803572, 51.99792887213973, 13.628521910328772, 9.947743690718182, 57.05850008966896, 97.09595606961835, 84.14922059030101, 52.15783588652153, 78.4566640854053, 59.59397310035681, 116.73980040850692, 92.05702560842985, 102.58284291567499, 38.1616505899232, 75.7645924777744, 53.19531580630015, 91.63257582528212, 38.584236713785444, 93.39471421736616, 31.901513780911305, 77.81365353410669, 101.41189751604274, 65.26872442033167, 86.28091691244333, 79.97862679266314, 55.3421388175066, 115.14873048664428, 69.34664099840936, 72.1609920603496, 78.15815254767902, 83.09487906666465, 32.35161400418905, 37.27685510209752, 35.98787889881054, 51.851541843617795, 62.04126451680821, 20.998889485915996, 12.565400967073536, 44.63222604517308, 43.21611703538863, 94.8521031467901, 27.983782891321127, 89.05295901733875, 42.2716021419933, 82.98863902281896, 56.06289670420499, 60.06793849342883, 56.45375419969197, 58.585970330947596, 67.49726104483594, 80.45986571423978, 58.392139904203404, 88.50129058708819, 108.51314247702312, 40.991425424685396, 79.59858144413742, 82.40451307474318, 15.414526576899638, 27.86666734661516, 5.732342708892854, 67.06158026926755], [65.21577425823216, 0.0, 38.095227133392875, 37.403019114984545, 71.19286447840905, 92.88899168320752, 41.910842879055586, 55.49042918820444, 49.08347447023537, 84.77565665443538, 70.06012721244588, 89.39919350160136, 66.39963592823075, 104.26332091903072, 13.86247010474098, 12.488621826080456, 72.3037987123093, 51.6919055413211, 29.07137004076458, 97.30224247430998, 47.064975511883745, 64.26424899798435, 57.400541153499596, 88.431064062568, 97.44510665310041, 92.17174342815794, 64.22906982303044, 72.92064375036401, 58.874917103266114, 58.67524089393406, 62.51148924848982, 23.98617519671036, 35.9523087936876, 10.371476989178273, 96.4534560095109, 26.925040948584247, 71.00230744487307, 43.68318926208799, 87.83556223441624, 63.975930782996436, 29.19482763814729, 65.82792902965859, 94.78500704069552, 41.34668890627786, 91.07775387751849, 78.66386171618495, 66.65627689769421, 87.46461994271044, 104.28890908214967, 68.50620035861668, 95.64296385708418, 110.07588478376023, 17.31328887857227, 26.582793736896463, 91.91842298694391, 51.28579753173706, 28.114453370288356, 33.49164498718067, 14.38512629500054, 57.32989739663186, 45.42274947520194, 58.3995731159777, 63.017732382976114, 22.261094381618015, 71.349898201671, 37.51193422427778, 84.83680031291031, 55.20925320777926, 35.611892857917375, 45.987616434832006, 6.947891648705139, 20.792493173231886, 72.26063107130979, 5.021350482670871, 84.45799618863245, 39.21794502021266, 79.56481087724875, 81.07310132598941, 85.43997244236922, 16.436100164071814, 53.19554275044811, 67.97740575929001, 37.86455215672928, 59.624349525152965, 63.265601803576814], [27.59552514219818, 38.095227133392875, 0.0, 35.73772908277204, 37.024908675328675, 76.28872506895624, 4.513501314499623, 24.829742187120733, 63.6533646518754, 49.47976011505349, 32.83577935135315, 77.19429194634594, 52.363637229862526, 74.02604574628086, 24.439308556056606, 25.89084802761176, 40.822073813063064, 33.017662202191076, 16.795565645295266, 75.20224372702565, 68.8906391799183, 29.175215392962013, 19.37044946966875, 92.10516697569632, 71.05798861786951, 60.95723170661402, 30.337063692344493, 34.83028331098753, 44.16885045760079, 73.86156653324078, 65.18690317918838, 25.76281011156158, 53.110551443565825, 31.998510569100947, 100.22782607078352, 64.7171813849613, 81.60231213782093, 20.82588469176395, 70.52399150439078, 44.33010439050354, 64.04454215965433, 37.03954343837101, 84.41143747829463, 12.607838331297668, 73.34640299210069, 83.2829740805474, 53.575971453020685, 76.70618857594773, 81.42909085735351, 48.210983281515475, 98.85517847867108, 79.6374723732174, 44.74682434014092, 51.28687096811146, 76.84619574032975, 22.245573168176524, 9.99797527345218, 17.189722951067736, 24.32938979175433, 46.9608126989756, 7.410766330318662, 24.036293355504316, 38.48672813696961, 17.152873970132816, 76.06272614565724, 1.0305186894376257, 77.31232214186453, 31.917341402925988, 56.99308632011023, 37.287936304397626, 33.638223774745704, 29.63107865744764, 52.25047341350034, 40.02944630677423, 71.70441888406069, 36.54204373614137, 74.74010353335444, 89.14728305467868, 52.01807513074173, 52.023366130581266, 60.80710487316196, 30.560798799816222, 0.30091756728207014, 22.306739109697805, 53.211989499315415], [58.213096098409025, 37.403019114984545, 35.73772908277204, 0.0, 71.23154784085585, 55.60267998263927, 39.8211045652901, 32.3745102946504, 29.226633179746667, 60.9958659231347, 63.86563539544199, 52.06939364537774, 29.264983643789705, 72.50764508133594, 33.81136432335645, 30.184155142184554, 45.16063397578483, 19.246563633666177, 19.95624658917064, 61.15514504456308, 37.41146449145401, 63.25745872743556, 46.94094028945535, 57.56563381518621, 63.29239161245578, 62.17642916760318, 65.06484028449388, 61.284262095781386, 22.423840343098473, 38.924151657036056, 30.2214083728538, 15.456249399473782, 22.170518524248386, 27.21155251012173, 65.80008521910916, 53.73244763773945, 45.865780685671616, 20.558247182255244, 50.70909582897677, 29.03575915300271, 46.40930156164565, 37.269740639749365, 57.74483983703367, 26.446662047271012, 53.96537645047587, 48.30079724917215, 29.372882855715144, 50.274807820014765, 68.21122460109999, 33.31427873241098, 64.58504752121108, 78.19268196904034, 27.834305408479192, 27.372904666353882, 54.53104955626602, 28.56311239238974, 32.55904273012545, 47.208412800165036, 28.642582809562022, 19.988076444593307, 38.88214273089233, 58.9230046306335, 31.45153713559315, 36.21289107680292, 40.89636640151877, 36.19589380373479, 48.26712991835624, 25.037218939850543, 27.83866962286562, 9.283115965857544, 39.48882043925295, 16.856544307685095, 36.575659394691755, 34.5927688439604, 47.06868186199985, 1.8163020730998896, 43.74398811815749, 53.60490543419625, 58.70121214307411, 39.62252164677851, 25.078044219903703, 51.9864827331643, 35.456899569362236, 54.45405599601549, 25.866747952880708], [15.9653494695821, 71.19286447840905, 37.024908675328675, 71.23154784085585, 0.0, 97.278825849135, 32.51924011525673, 46.30840212794791, 100.06337782308619, 48.57639214264379, 12.358852196685604, 101.58792679406072, 79.29630722503863, 78.57699620968904, 57.61380962354687, 60.49940440618679, 52.416442675836564, 61.94227466835681, 53.68353215657788, 90.92893242834182, 105.87233267883506, 7.9814768026934475, 26.398876232291855, 124.19574533787613, 82.17996114571638, 66.44295246911325, 6.981201359048675, 22.240690915539258, 72.45806949962345, 110.06661741560211, 98.64452150874472, 62.78483738409445, 90.03992966161346, 67.59468945682498, 131.96356572292518, 97.96800655907805, 116.54923449846127, 52.14692376528079, 91.71947186437342, 68.9770567356662, 99.39975201107131, 54.548880631029505, 109.33441885763787, 44.8845365304466, 93.74387041007833, 116.22481392679776, 80.90724497420416, 102.18498172511265, 95.37042898017812, 71.24634345535156, 130.40826562809832, 82.88477149968095, 81.08781162552336, 88.15340805062748, 99.057583256454, 47.412030354515444, 45.13359421181599, 38.38549050984212, 59.438987246017106, 77.16615273736596, 32.38529124502646, 13.138988964516908, 60.50009381335088, 49.071669806329055, 109.46256964995283, 37.001357352388624, 104.82019091573859, 57.71324769682388, 94.01686176238483, 70.27337154417515, 65.11674669140301, 66.60776447475808, 74.53178857370845, 74.35967024631285, 96.38571152772309, 71.6619376404335, 104.04719062675098, 123.0288865504286, 55.352219261207836, 86.83631162589359, 96.026116692282, 30.934788957446994, 37.32552222781915, 17.284811718938847, 82.4440697506087], [81.33725529011792, 92.88899168320752, 76.28872506895624, 55.60267998263927, 97.278825849135, 0.0, 77.98803683217348, 53.39011207638493, 63.60684414875553, 56.01768430574114, 85.40031329349146, 10.509472210616352, 26.52818362067819, 39.98445720708879, 86.99616909943475, 84.17628430725136, 45.28197060520753, 44.239755599493705, 68.72798549644351, 14.340978124022573, 75.95527603355721, 90.99979248882194, 72.24681062571612, 47.56507531867226, 26.20548885642643, 40.896023899937525, 94.08492398084323, 76.8903315530418, 34.48431943026273, 65.26153378874874, 43.45812351529323, 69.51794384689357, 68.57133321065047, 82.57319871966992, 51.46024207468408, 107.36799786545458, 58.180025778180756, 56.15526288105859, 5.7864057683452135, 32.01972638485133, 97.82561891166709, 42.936935242406335, 16.016829090778074, 63.81226425929537, 3.6753544728714793, 46.84439371047377, 26.240366479592673, 13.890039805431842, 18.919504552727687, 28.096231829402598, 49.64853444469192, 43.018818819719776, 82.31236195000423, 78.6978102562588, 3.7157817248132803, 54.547149212813636, 79.68920637811947, 92.99901417316171, 82.32011006881743, 35.61503144331319, 73.7224162898524, 89.959009349119, 38.417050261736215, 86.26599103965141, 46.11341895183344, 77.24773120552594, 21.071780579919743, 44.371904895752095, 74.09776036124049, 46.9278419878872, 94.22089649635748, 72.11994175206732, 24.106475207687307, 90.19348528542046, 11.08661586678808, 53.7900224574688, 27.088952519241914, 55.32934165623229, 48.52471533727025, 94.01316321546545, 52.838502715871336, 66.64690011124792, 76.15585213277443, 81.53613376484924, 30.114061856254335], [23.408009103567675, 41.910842879055586, 4.513501314499623, 39.8211045652901, 32.51924011525673, 77.98803683217348, 0.0, 25.370972086273294, 67.99714654837165, 47.62739674713488, 28.525076496753528, 79.43885100114883, 54.82223851487562, 73.35738039210506, 28.110858144387795, 29.91118105093286, 40.3893031895003, 35.55847564574062, 21.231338616177744, 76.09457439056969, 73.37609368597023, 24.66205289308434, 16.16488437393037, 95.68320326684042, 71.23811780199061, 60.20245738986281, 25.85854658786571, 31.129317711811286, 46.77834675493601, 78.16773005810681, 68.94208782123208, 30.265600977188694, 57.57806012322703, 36.266573083348476, 103.76241434933056, 68.68487422912355, 85.66978304470238, 23.60248418177129, 72.20426193366048, 46.24595044315117, 68.34000456972149, 37.446637957384816, 86.78432691945181, 15.263460115845756, 74.92784020841275, 86.9898249629322, 56.12096856412957, 79.12336951574886, 82.12388554219646, 49.90594443315553, 102.35664843542291, 78.87086161810868, 49.17456640602744, 55.791291851425484, 78.74099536186311, 23.472899902222995, 13.87305919968271, 17.344895152749178, 28.44924108343997, 49.98124363441655, 5.169669188028652, 19.563831491805352, 39.76914957935386, 20.296706132313894, 79.83572229582846, 4.648143383397045, 80.06745301457809, 33.750136789605186, 61.497682784330046, 40.79621938848429, 37.08682255320508, 34.14368832856529, 53.88268833925726, 44.090333747655635, 73.95651830160236, 40.53838879692907, 77.78653969093442, 93.03111418943207, 50.77367119368106, 56.21118170758474, 64.89700826425198, 27.89348049312874, 4.812999333584172, 17.984532971587093, 56.10486549291523], [30.766730276693508, 55.49042918820444, 24.829742187120733, 32.3745102946504, 46.30840212794791, 53.39011207638493, 25.370972086273294, 0.0, 60.73885115279441, 30.047151677416743, 35.94586413483466, 56.116027152458535, 33.00009131355297, 50.00465853877275, 44.053979778218306, 43.36161898807624, 17.002323159495806, 16.65533833787717, 26.470713915799546, 50.73052250551072, 69.76064973095524, 39.08919646354324, 19.95754357304551, 78.42880239824767, 46.23759561761557, 37.260958435728405, 41.89269394492018, 30.64270887159742, 26.30198627455302, 69.54320787959618, 54.21649236022083, 33.85431487671579, 54.472801984875424, 46.31499007830674, 86.00940363707521, 79.35512181437193, 73.25680760920291, 12.970690263125622, 47.61841270876731, 22.87494006355543, 75.06659887326468, 12.209813459598907, 63.75298091016061, 14.648846824182929, 50.15417569642432, 70.99667334326185, 34.600570390790544, 56.357826605053184, 56.76663222638708, 25.729015805627515, 84.40621814114391, 55.74171505825213, 54.81345036698927, 57.776422006652034, 54.5240057017355, 4.341847209727472, 31.66572325314233, 41.99696337613622, 41.335244372119064, 31.472237819883045, 20.653444728724896, 37.08103957677321, 15.01212975677103, 39.452719675825186, 64.68930865199266, 25.85908383828112, 58.5854397735158, 11.52092006632386, 59.954684981698605, 27.338607129389178, 53.299549267581845, 38.48735107593091, 29.454442128315698, 55.45428810815953, 50.74766004335875, 31.878098947977932, 57.76310642317167, 78.39851439098717, 29.9543497114645, 65.20524845798211, 53.97176421901082, 20.32441162926481, 24.79232255230034, 29.331619859395033, 36.303094483710055], [87.413756042171, 49.08347447023537, 63.6533646518754, 29.226633179746667, 100.06337782308619, 63.60684414875553, 67.99714654837165, 60.73885115279441, 0.0, 87.34835121666185, 93.06912572007707, 55.67965478377625, 43.560269229165876, 92.39992913883043, 53.4544591082894, 49.122026162117564, 70.90333360401985, 45.26077454417158, 46.9224795984481, 74.20406252038856, 12.370734073128064, 92.08303470790908, 76.16518071620821, 40.87818320258879, 80.5616272357157, 84.5450490414844, 93.69518940542203, 90.39784605872664, 41.73163679699921, 10.39653813138855, 20.739430714824252, 38.828686349074275, 13.166963427719383, 42.46870671411362, 48.44728738185811, 49.87144790933842, 21.951966247239888, 49.686430289758285, 60.73591552992853, 49.79997195607466, 38.18511096201742, 62.97403653658225, 57.902089742619395, 55.56237116972213, 63.66025786376846, 31.38036723888899, 42.442778346078974, 52.555712032011435, 80.82821288986368, 52.700990244316664, 47.90678882017077, 97.59122384133062, 32.03261790174513, 23.461742751083506, 60.99118326302566, 57.275328488893884, 58.225008333815964, 71.84668902915635, 48.58026302357467, 35.8265646350357, 67.6896110274506, 87.4583579112646, 55.7827193266683, 59.201247757181356, 24.957888623596144, 63.93212166694791, 46.9980031085249, 51.451436032932875, 14.769752183748508, 33.66678593481997, 54.510322292403494, 36.50548992544343, 54.27789620476637, 44.28584241614265, 52.66843294966644, 29.225772247428715, 40.17129773698296, 32.24033153650734, 83.67037993793049, 40.24231657943178, 10.795388792887673, 80.81903904359619, 63.35756282258496, 83.52359814400349, 37.151417291688524], [34.94991677131259, 84.77565665443538, 49.47976011505349, 60.9958659231347, 48.57639214264379, 56.01768430574114, 47.62739674713488, 30.047151677416743, 87.34835121666185, 0.0, 36.388217281286074, 63.46067179598408, 49.1245044796937, 30.000772603620206, 72.3912802399306, 72.3821819551432, 16.494172729081814, 42.34747842022142, 56.13075700519892, 45.93949660023011, 97.62361349582591, 45.10193700301127, 32.649812840845286, 95.25019276305974, 35.18518307274283, 18.299814570904175, 48.367033302058, 26.373196265396505, 46.770335956434934, 94.90829193586558, 76.0503569531669, 63.8884627090477, 83.08282979420093, 76.05229004344605, 101.62768834762791, 109.310595572766, 95.6319834481744, 42.97645328816444, 51.424651435140895, 39.28666434947312, 105.0785374933126, 24.37501822218669, 70.9320098765815, 43.44267469240441, 52.35397390833679, 89.95163294275201, 50.8641101286404, 65.3090987878795, 48.91416681437272, 38.368122290776334, 99.8454197961959, 34.45468877751908, 84.84864970296015, 87.4587490899376, 58.816806715949284, 34.38629380174729, 58.6027032925192, 64.67888618647372, 70.41786577196423, 53.00922155069782, 42.586962458671444, 47.17541704157411, 31.774835005550223, 66.33841050302631, 85.0997772596718, 50.4112349856016, 70.32296791253772, 36.201090246124984, 88.83061116003478, 53.99776893620613, 81.80665125662438, 68.53106096474151, 39.46145422202933, 85.15244593595263, 59.34278510316689, 60.12992053429843, 72.40575944425005, 98.331960875882, 7.709195947398574, 95.2165577025871, 78.88255444606013, 20.890571258989905, 49.58784167165108, 38.46724993170363, 55.00778116867987], [5.656855732211938, 70.06012721244588, 32.83577935135315, 63.86563539544199, 12.358852196685604, 85.40031329349146, 28.525076496753528, 35.94586413483466, 93.06912572007707, 36.388217281286074, 0.0, 90.1170720569508, 68.59929642882219, 66.37276303690503, 56.19813742039482, 58.34344569433689, 40.30510390059509, 52.26210577780353, 48.311255487368975, 78.68120478430548, 99.99992410192317, 9.69525976292843, 17.013721007804087, 114.36522269067295, 69.8244643842569, 54.12575430965425, 12.629202224293667, 10.022650677396278, 62.24080069085145, 102.74160498263502, 89.62359732291432, 57.69391252748603, 84.09073957860797, 64.79027760446033, 121.953503465963, 96.96030023927642, 108.14173582548345, 43.77217884006301, 79.90946721382196, 58.06404272558992, 96.86032585345029, 42.99070014437846, 97.88377350925707, 37.55730642943649, 81.83012940714406, 106.79121231013201, 70.26584598538133, 90.88649725644969, 83.04236543477447, 59.992258732585206, 120.34593742025463, 70.79727367199403, 77.52932543950915, 83.66628130426845, 87.305934693695, 37.761333376344375, 42.325873325982705, 39.73681659980758, 56.94556416012742, 67.34858129478026, 26.478241164195705, 14.246181333298304, 49.39017322194237, 47.90703903389112, 100.29181708649764, 33.1532435406411, 93.88670686473527, 47.46659732522146, 88.5921895786317, 61.61809427181107, 64.69615734850795, 61.94727019504081, 63.09184965789597, 72.51949515692311, 85.01037901500145, 64.03566064079678, 93.5447805930048, 113.96837004881381, 43.03557430602212, 84.71842474809613, 88.0121996070048, 18.793185159907413, 33.115400057151064, 10.540742456210491, 72.2366207850574], [85.64309648619748, 89.39919350160136, 77.19429194634594, 52.06939364537774, 101.58792679406072, 10.509472210616352, 79.43885100114883, 56.116027152458535, 55.67965478377625, 63.46067179598408, 90.1170720569508, 0.0, 24.99507841897251, 50.1068062457324, 84.98012495897578, 81.78140426580902, 50.94030995868318, 44.24074092913451, 67.53959485276634, 24.78021137016499, 67.88366443835514, 94.84480497795708, 75.76584538459174, 37.065074300199036, 36.2433959007804, 49.76291780443443, 97.793050293399, 82.24277103289742, 33.354521762964104, 56.26859893643977, 35.04820602441474, 66.90540251545575, 62.096047875667836, 79.27673357240921, 41.17427364013936, 101.62053248383181, 48.27301396848871, 56.469982340342995, 12.49794061398421, 33.406688449129966, 91.44897714876127, 47.12692496371604, 7.770862163887796, 64.58660524988525, 13.05566178081316, 36.527998330082205, 24.035755368110557, 3.511799422126945, 29.325246310844715, 30.45290813916507, 39.353467108814634, 53.382406810556574, 77.34653745646001, 72.76523510488391, 6.827569396554778, 56.4783839964656, 79.30219819838591, 93.27647221473221, 80.04786405411306, 32.59537968400338, 75.60673106939446, 93.18649808675505, 41.26224189281408, 85.2843055621023, 36.33083798150895, 78.09342422643455, 10.681811238097733, 45.813079171919, 67.29798488914967, 44.239416168823396, 91.46599453267136, 68.9130087617924, 27.05715672144665, 86.25602647979245, 5.489874015922378, 50.2670528871863, 17.122072210397462, 44.926992687890944, 56.2666487975991, 88.80186631428708, 45.10137307312312, 71.6440200669907, 77.02586545235548, 85.17343531535391, 26.290989821639833], [63.62732164656973, 66.39963592823075, 52.363637229862526, 29.264983643789705, 79.29630722503863, 26.52818362067819, 54.82223851487562, 33.00009131355297, 43.560269229165876, 49.1245044796937, 68.59929642882219, 24.99507841897251, 0.0, 48.88262076423649, 60.63608320790916, 57.707684242400894, 33.3977539086569, 19.346179769625664, 42.727561419298134, 32.50236601047244, 55.59121596206135, 72.07160098463912, 52.955881584908326, 46.886297394799186, 37.12712651574639, 42.01002782685811, 74.8224902727752, 61.98517435204037, 8.366240123669009, 48.65809064662657, 27.70072535893201, 42.999615267423145, 45.01016901157839, 56.06692215344502, 53.95465050412264, 82.13935930745824, 46.983804297815844, 31.56462793073079, 21.458685749237404, 10.723551692911123, 73.45599211619754, 27.009436584521392, 32.053807088163815, 39.77614203283991, 24.71146111240091, 40.89098408848174, 1.7698087530604727, 24.342553872519566, 39.524101836610754, 10.782572825240143, 52.2623092646744, 54.03184475197522, 56.57960223434551, 54.03647239298219, 25.905495307824882, 32.520512875969494, 54.324162211745815, 68.29032752331513, 55.876859833890755, 9.496244608346105, 51.27376619645184, 69.76408886938383, 19.551352341965988, 60.43939107648321, 36.030986324322825, 53.24022704543822, 25.64543649934868, 21.80963565021038, 50.91653574198137, 20.414572402328254, 67.70633434361304, 45.615552194302644, 10.97921288310451, 63.824143525835076, 19.536147018580813, 27.467894195130974, 25.002343935184385, 49.210799817125526, 43.59137954392467, 68.38140004692302, 33.269825722233676, 51.155327703365, 52.18432538439397, 62.310222626418984, 6.557917560188228], [64.63454323148137, 104.26332091903072, 74.02604574628086, 72.50764508133594, 78.57699620968904, 39.98445720708879, 73.35738039210506, 50.00465853877275, 92.39992913883043, 30.000772603620206, 66.37276303690503, 50.1068062457324, 48.88262076423649, 0.0, 93.80320281025124, 92.66641126464212, 33.23882639952758, 53.84603282190194, 75.40939512459704, 25.904687843367636, 104.28785936469448, 74.90173925223962, 60.46148148591191, 86.76977242689588, 13.872518835861975, 13.182518895653178, 78.18689396615777, 56.366870400313324, 51.62495310811238, 97.31511195689585, 75.64602686348667, 80.87271753420221, 92.39752140064685, 94.38569578319769, 91.27967730025233, 125.63136333733353, 93.73176921097269, 60.628923661663585, 38.068517743805494, 43.87947498876924, 118.91692103465445, 38.56132451943179, 55.918789926177666, 64.61737502391216, 37.05332266096581, 84.40829847010686, 50.1186944417738, 53.11704026704537, 24.806229163103733, 40.16168715273363, 89.45784309063286, 5.812813565236323, 99.81134187056047, 99.76290065878665, 43.634524666168815, 53.757345568340526, 81.6445177525836, 90.6869476112312, 90.61752386694096, 56.90897126886363, 68.19468376548284, 76.5114103918503, 41.69035654032952, 89.45041517775778, 81.80912829913159, 75.04350483472405, 59.886217711769696, 49.28866548921908, 98.41237850641667, 63.543424379488776, 102.86287652992384, 85.03237601576511, 38.14037740931311, 103.39480128359355, 48.25444971183752, 71.06022211577954, 64.5619965837779, 93.13418360253979, 23.71233473120013, 111.30089893459407, 82.14642655901312, 49.7448761837409, 74.05027048264287, 67.59880055643575, 55.38715952485706], [51.364558722729434, 13.86247010474098, 24.439308556056606, 33.81136432335645, 57.61380962354687, 86.99616909943475, 28.110858144387795, 44.053979778218306, 53.4544591082894, 72.3912802399306, 56.19813742039482, 84.98012495897578, 60.63608320790916, 93.80320281025124, 0.0, 4.334346338772167, 61.05543719510701, 43.55264392139697, 18.90629638854536, 89.57814922701534, 54.47623207518603, 50.53589602588296, 43.807003166941165, 89.79634917740168, 88.24953214402704, 81.26609823968622, 50.6348079847999, 59.1959430961482, 52.513858986722276, 63.71401629605529, 62.70501100020486, 18.365143751486432, 40.615352124222966, 11.66504130484339, 98.01174672262954, 40.77210689999256, 74.59416599704358, 33.54608122140468, 81.59262457297385, 56.22156488998777, 41.93067367867611, 55.267211696140144, 91.13058853627139, 29.455592943628915, 84.7559781084124, 80.15513758083152, 61.23474439616448, 83.51568958106779, 96.39784484919215, 60.71715888523381, 96.976801584519, 99.5878179949265, 25.443036237844307, 34.17227177484571, 86.54136573882072, 40.09192496177345, 14.447852664261344, 20.865243694977824, 5.243660675575301, 52.38612339811189, 31.82916438593811, 44.70339610008869, 53.66769090542641, 8.542458142964442, 72.66323070131068, 23.79579143773825, 81.98442097560209, 45.86986939678779, 42.240391385213464, 40.74809527926493, 9.420609798122527, 17.982618814726372, 64.69291895496137, 16.758689301297146, 79.72901677261022, 35.47850967822222, 77.55224252015357, 83.94452694169098, 73.71696845843638, 29.258792452566, 54.886365354039214, 54.715019575083446, 24.22480156869225, 45.76404991674688, 58.75502944171555], [53.31671708047971, 12.488621826080456, 25.89084802761176, 30.184155142184554, 60.49940440618679, 84.17628430725136, 29.91118105093286, 43.36161898807624, 49.122026162117564, 72.3821819551432, 58.34344569433689, 81.78140426580902, 57.707684242400894, 92.66641126464212, 4.334346338772167, 0.0, 60.29032774369947, 41.29249552035884, 17.267291015572926, 87.32496704431355, 50.23611059027979, 53.21280954020892, 45.07158435346497, 85.66443728119043, 86.54213990916429, 80.34161674662627, 53.52205677914661, 60.693272983340925, 49.71838349143817, 59.37967022554595, 58.653055443638586, 14.88794467240662, 36.28384187530315, 7.586612237904157, 93.8692034979129, 38.82655786363785, 70.29413285006399, 32.076835795929675, 78.86023514700288, 53.88963926948193, 38.90631381639513, 54.11467915004083, 87.7726995443137, 29.014520990779623, 82.05303980480511, 76.00032180539358, 58.21715187895542, 80.20723271605922, 94.21273370916634, 58.4147404120907, 92.85499402994982, 98.47044189323695, 21.509272768181418, 30.038240944825322, 83.58220252798064, 39.238679517160556, 16.039891153688473, 24.66696882690053, 2.0490889496979006, 49.20706172204815, 33.12443233762851, 47.46082048893189, 51.941844602295696, 11.830419861262428, 68.51439182568251, 25.38684178210948, 78.44637460889363, 44.10496305259326, 37.97902658971872, 37.56622827751037, 10.356433658004935, 13.913732387749967, 62.32818877627764, 14.181776962806945, 76.59250958164066, 31.899733183017137, 73.8519982938176, 79.68818679218069, 73.2550842952362, 26.453230833633807, 50.67191611926313, 55.50766782736895, 25.64484849955351, 47.82789669439873, 55.50136499399286], [36.662659450409656, 72.3037987123093, 40.822073813063064, 45.16063397578483, 52.416442675836564, 45.28197060520753, 40.3893031895003, 17.002323159495806, 70.90333360401985, 16.494172729081814, 40.30510390059509, 50.94030995868318, 33.3977539086569, 33.23882639952758, 61.05543719510701, 60.29032774369947, 0.0, 26.151804325462763, 43.232466426698586, 38.671020143004306, 81.33510274671747, 46.74740526566454, 29.27964127014874, 80.12147371803589, 31.42910998960926, 20.310582879245683, 49.96989580376019, 31.60886285310681, 30.363847341430347, 78.41490024163748, 59.77449449354479, 49.90993507563805, 67.0648074222487, 62.878685463898734, 86.88252568517942, 95.462325800447, 79.37130715893994, 28.883511487972036, 39.947849614463166, 23.12457810834914, 90.30358047835671, 7.981752407478561, 58.67347445799263, 31.6388437501417, 41.66580545280922, 74.26827154579928, 35.16396359497564, 52.222335637793854, 43.646447860382466, 22.88366492335997, 85.13794918038352, 38.90951098760026, 70.30027353223785, 72.11086365254, 47.42696035455028, 21.051893913192178, 48.4737687182465, 57.64012518476372, 58.25514414779443, 36.59292481408337, 35.26801157974302, 46.75662259024649, 15.289027444837716, 56.30121892912353, 69.09586954394506, 41.84374278441093, 56.37467340325973, 20.1336746606232, 72.89845800442379, 37.72417096760806, 70.28628165055561, 54.40458519974608, 24.803354576100613, 72.01439858236138, 46.21027598037063, 44.16347971929139, 57.60328609645558, 82.49606978253989, 13.660663588322608, 81.18156616819776, 62.389680667420244, 21.5146996795393, 40.83848383123263, 37.862461576484414, 38.957486124654615], [46.89497843747072, 51.6919055413211, 33.017662202191076, 19.246563633666177, 61.94227466835681, 44.239755599493705, 35.55847564574062, 16.65533833787717, 45.26077454417158, 42.34747842022142, 52.26210577780353, 44.24074092913451, 19.346179769625664, 53.84603282190194, 43.55264392139697, 41.29249552035884, 26.151804325462763, 0.0, 24.79671265818142, 46.050155565338876, 55.277085711175886, 54.35514001290436, 35.64865435987322, 62.26576059576408, 45.836321403951594, 43.04318454659403, 56.87451809198676, 47.297184654766525, 11.221735716275468, 53.50554449307107, 37.566411027184415, 27.737017779485573, 40.92695250575192, 41.43915696793456, 70.0245617920566, 71.78927279593931, 56.63137838881163, 12.230938805081859, 38.6134662710991, 12.677329950072643, 65.34587440019972, 18.184012698718032, 51.3973448767473, 20.4370054250982, 41.66559705518668, 54.529394259868724, 20.579506928291842, 43.68863835699216, 52.920911891300285, 17.164596836116797, 68.47889726452867, 59.60536007603811, 45.973432648326494, 46.55901950038625, 44.35772876293761, 14.56163206448028, 35.46235064996416, 49.091323456439596, 39.30910563798608, 15.226034544375533, 32.25303414782335, 51.44173294588811, 12.295188602586103, 42.08321516996605, 48.09181859638528, 33.89471080785132, 44.53355575149662, 6.19473001681035, 46.790748744876204, 11.665901489786608, 51.62505242251373, 31.527980203522468, 21.15301949182831, 50.16107808538879, 38.75462355465418, 18.104167973326586, 42.63031666530561, 61.79429516798114, 39.556208706170054, 57.465701696265974, 37.69016725750901, 36.884007894919804, 32.83816006864939, 44.6793260509409, 20.822046454396673], [42.76745596278205, 29.07137004076458, 16.795565645295266, 19.95624658917064, 53.68353215657788, 68.72798549644351, 21.231338616177744, 26.470713915799546, 46.9224795984481, 56.13075700519892, 48.311255487368975, 67.53959485276634, 42.727561419298134, 75.40939512459704, 18.90629638854536, 17.267291015572926, 43.232466426698586, 24.79671265818142, 0.0, 70.73209382011787, 52.19325383432041, 45.762115769458674, 32.550462053505164, 77.42483992757836, 69.4003915685054, 63.154311513046814, 47.08461722384685, 48.234553023761016, 34.41948323879961, 57.18350161418558, 50.12703458875834, 9.39318520259507, 36.35978556854259, 19.92198665399887, 85.64391609968459, 53.28803688266701, 65.46569445962321, 14.811039380882818, 63.20616544583202, 37.47000084923739, 50.2967471524195, 36.87111196806905, 74.12822024189674, 12.96921602155578, 66.31854604760596, 68.23504823494, 43.5273520014793, 66.40857172225438, 77.522578930935, 41.93196048474052, 84.38741156543878, 81.21558427500891, 30.13763912346999, 35.41996241953504, 68.52774198665708, 22.229018661938472, 12.705151053642348, 27.415289140915444, 15.218547985837395, 35.280394897318125, 21.868503062164855, 40.79396522062369, 34.79734334317443, 17.74723012087188, 60.84685796036968, 17.021085588169374, 65.7298912326217, 26.981685203925775, 40.44312652612555, 24.04964830265667, 27.54660789057559, 13.823560569888054, 45.94455502389084, 29.03559136882126, 62.15722562997155, 21.10740818145286, 62.11683135016585, 73.51389467459738, 56.421355826751814, 39.41422156923527, 44.687645181669204, 41.15498512601655, 16.496462360933577, 38.04606348822323, 41.76310700136233], [75.29948782223732, 97.30224247430998, 75.20224372702565, 61.15514504456308, 90.92893242834182, 14.340978124022573, 76.09457439056969, 50.73052250551072, 74.20406252038856, 45.93949660023011, 78.68120478430548, 24.78021137016499, 32.50236601047244, 25.904687843367636, 89.57814922701534, 87.32496704431355, 38.671020143004306, 46.050155565338876, 70.73209382011787, 0.0, 86.54488393642018, 85.41806676018702, 67.59558492317498, 61.83353973651569, 12.498498141255645, 28.94395017860109, 88.6401354538014, 69.43160836837411, 38.75922429940711, 77.14639661499899, 55.06629998184956, 73.35933427408322, 77.29681458048022, 86.9430054675886, 65.79538532214492, 114.553970592841, 71.3102732872577, 56.71411848214575, 14.055644249485722, 33.44093769449419, 105.951453340984, 38.86939256433875, 30.07519889691948, 63.364027865449955, 11.987314732543057, 60.620272300086874, 32.987133645101984, 28.04302411446017, 7.057655781494366, 28.91117889390851, 63.98527362567149, 28.69010519348536, 88.84814761916627, 86.53744299342543, 18.05397171139813, 52.958022386535035, 80.26971517068935, 92.3549218440079, 85.3512245890196, 41.958239228053095, 71.35410678849061, 85.27348930976734, 36.86975336706645, 87.48063287541278, 59.19395962216021, 76.21482437862556, 35.126211961338825, 44.218162274155205, 83.1150765572512, 51.93317954110337, 97.63768526505532, 76.64654733044362, 25.052356142807774, 95.24414343230362, 24.064232276219872, 59.416717801598764, 40.659185125318615, 69.2224938350314, 38.232004022144885, 100.66495730754977, 63.44536016267356, 60.00455007587182, 75.12252986136453, 76.45547937339872, 37.94849364743929], [94.36423347519174, 47.064975511883745, 68.8906391799183, 37.41146449145401, 105.87233267883506, 75.95527603355721, 73.37609368597023, 69.76064973095524, 12.370734073128064, 97.62361349582591, 99.99992410192317, 67.88366443835514, 55.59121596206135, 104.28785936469448, 54.47623207518603, 50.23611059027979, 81.33510274671747, 55.277085711175886, 52.19325383432041, 86.54488393642018, 0.0, 97.95534663507766, 83.43131861098547, 49.44565108700359, 92.68646783235056, 95.98165223892144, 99.22770262649341, 98.34213031957167, 53.11097415223083, 14.96327892780802, 32.84352709500524, 43.16145233312045, 15.911047552677818, 42.85309646412799, 56.25376826028386, 41.481811122989896, 28.70895285596537, 57.81309902807609, 73.10545953942366, 61.16092984742133, 29.257064516750216, 73.35520779720198, 69.77621482470119, 62.57416071446822, 76.0306708593863, 40.648952042643025, 54.55173378747961, 64.70335115179219, 93.18871395426588, 64.33260389959332, 56.0383577745714, 109.56135575049998, 29.929356585818105, 20.632777910447736, 73.30195994069682, 65.97290267810301, 62.02686683430607, 74.43001304767425, 50.19781011694136, 47.44545708722882, 73.86837792788748, 92.92655086536796, 66.49522369147978, 61.44097558689388, 35.285230561304914, 68.99774146821443, 58.919833450468154, 61.44017010054891, 12.300868286101155, 43.62931086624581, 53.37211188197661, 39.74001395469734, 66.15118299941662, 42.04607399078341, 64.9922038206332, 37.90152655890078, 52.01289306539657, 39.239687814931685, 94.44027109927329, 34.75491675786707, 23.16611929664732, 89.33497931003413, 68.5897545970825, 90.00877022344494, 49.27416639165107], [10.333631395947084, 64.26424899798435, 29.175215392962013, 63.25745872743556, 7.9814768026934475, 90.99979248882194, 24.66205289308434, 39.08919646354324, 92.08303470790908, 45.10193700301127, 9.69525976292843, 94.84480497795708, 72.07160098463912, 74.90173925223962, 50.53589602588296, 53.21280954020892, 46.74740526566454, 54.35514001290436, 45.762115769458674, 85.41806676018702, 97.95534663507766, 0.0, 19.147256658914113, 116.5480892309309, 77.33780546394345, 62.31736128017858, 3.2956075998070333, 19.162369567344516, 65.02878437950163, 102.08564456811551, 90.82325525946027, 54.91050714215587, 82.10773265876341, 60.16117950829835, 124.36718874945971, 91.14880944472765, 108.62748067958191, 44.29486051355661, 85.36262121341213, 61.91301285550952, 92.1053847215682, 48.08095079910503, 102.55898800482727, 36.93496501479222, 87.52403694059205, 108.47646632244395, 73.64879632326324, 95.29541733804314, 90.20976924616188, 64.40958758241109, 122.83083725449049, 79.5458866559433, 73.51024935896478, 80.40633460623273, 92.6107662017862, 39.893043690910915, 37.595533702875755, 32.224161155835084, 52.05593377174586, 69.57777199470273, 24.403990923833714, 5.911687146031884, 53.609995069984734, 42.02337078390671, 101.66154734599128, 29.200802553258264, 97.6743927816617, 50.35708915182066, 86.1401690904634, 62.423307764979626, 58.417163975332386, 58.79848110117829, 67.836733391401, 67.21450883312666, 89.57031749657853, 63.69956923731663, 96.67449408166574, 115.19790455505566, 51.29383608657392, 79.63928355223251, 88.07681611879731, 25.712978813953878, 29.47495177015436, 9.761474483850291, 74.98421364257828], [11.422782066559751, 57.400541153499596, 19.37044946966875, 46.94094028945535, 26.398876232291855, 72.24681062571612, 16.16488437393037, 19.95754357304551, 76.16518071620821, 32.649812840845286, 17.013721007804087, 75.76584538459174, 52.955881584908326, 60.46148148591191, 43.807003166941165, 45.07158435346497, 29.27964127014874, 35.64865435987322, 32.550462053505164, 67.59558492317498, 83.43131861098547, 19.147256658914113, 0.0, 97.90893555504232, 60.651782675850015, 47.34394967059209, 22.029594020591, 15.79064570199988, 46.06096085091015, 85.76934256779037, 72.76484171667043, 41.89954764895612, 67.551485389964, 50.66685078490296, 105.62449484904188, 83.84133012555247, 91.16020001734728, 26.758871854949753, 66.55384201940423, 42.76582505964253, 82.38922660707081, 29.347232960999694, 83.46296103011562, 20.858020902781803, 68.83598717931253, 90.1084233446258, 54.5484