instance_id,num_cities,city_coordinates,distance_matrix,best_route,total_distance
2333,47,"[[0.11728136298303493, 20.38101874124728], [78.95892241714205, 83.04176772027171], [76.25800824060478, 26.62312196579815], [84.24607592724168, 47.232410658130874], [61.1760639417316, 38.60593359717064], [3.064666646152092, 21.32854123008263], [48.503052753695954, 83.22132197242857], [83.49493503904286, 81.02124383285175], [3.051936661556698, 92.13355018628246], [25.65683329506725, 56.379140944715104], [72.12566380322711, 23.87650860153997], [57.19351431123562, 14.001885991734376], [93.73200465982232, 2.238376260704378], [46.097901054080225, 62.343405625692824], [33.049799101688194, 34.780241835045935], [63.21366764643663, 15.606956755746914], [77.13556821704921, 31.08282105842328], [51.83051643395197, 18.517318917862045], [53.025507680743445, 22.041320122803477], [20.47688742978182, 45.66112187231166], [10.62181036267712, 66.11396914405321], [54.629004937001454, 57.02254115806672], [75.23484137695804, 21.869183724365403], [45.88661288189593, 38.151249278153266], [1.915770829652086, 87.72011016083412], [49.435600847590386, 9.475564980390471], [91.27096821101948, 48.07934641421343], [11.784641911781291, 72.13378601996756], [75.3057836377722, 19.829390360292432], [40.18266065013878, 37.322040414312085], [47.98580352083989, 81.42832895713849], [44.400956866185545, 38.52351126832545], [12.958115638728163, 84.97391109425995], [29.243948130201282, 62.95761460659727], [54.11100535175793, 8.578157072951386], [29.19588529076619, 44.42299503056736], [35.082698480092276, 99.5923952699117], [27.49326008129801, 44.588487587882355], [98.09468116749888, 93.75810385804803], [12.208573736069972, 13.692798086691694], [70.72259766707633, 91.48144664744913], [50.466883047431274, 16.781658190921956], [61.10448399328008, 99.36439234065736], [46.60531677295747, 92.94642490454456], [2.4126068896796027, 95.9082945495787], [71.6225962273926, 43.21363873285205], [89.05635814195949, 71.99028200003073]]","[[0.0, 100.70935322364633, 76.39616575534755, 88.30997295158298, 63.720659534444124, 3.0959455541547047, 79.31006609038442, 103.09738130372385, 71.81251959437301, 44.13766549181583, 72.09317298485246, 57.43160891181007, 95.35655139590874, 62.249974298928045, 35.9428483890066, 63.27673845792142, 77.75824768325954, 51.74680723036908, 52.93427068326296, 32.45916162676542, 46.9238519524018, 65.68203081537962, 75.132299695072, 49.09799182271042, 67.36310412664484, 50.50965807165979, 95.26905049316328, 53.051637327994264, 75.19052578747305, 43.499802674850145, 77.57686187370876, 47.85597090403689, 65.85688094212352, 51.586134110339316, 55.268705193236926, 37.73038338375472, 86.58534844729381, 36.54375129548747, 122.40820026735203, 13.817801806926248, 100.20170427116531, 50.47809214058938, 99.78883800211774, 86.17932239187854, 75.56214601439844, 75.06223144524402, 102.82837853633151], [100.70935322364633, 0.0, 56.48325881318993, 36.19756960685696, 47.862024714508586, 97.81850736369788, 30.45639894482412, 4.9656749073694, 76.44953233936685, 59.59872793399396, 59.558553624742366, 72.38948997684042, 82.1427539732938, 38.83643802438511, 66.60947743650198, 69.24858682757082, 51.990929581493404, 69.99539202292941, 66.28421084226261, 69.407932545736, 70.4024946190227, 35.62225477823946, 61.285836963609064, 55.75783625641608, 77.18506393418434, 79.2692418411105, 37.06693101961441, 68.05415509862024, 63.31784957215268, 59.94907790412184, 31.015113715845875, 56.357148087375315, 66.02908202768816, 53.61857770068785, 78.4999891281771, 62.99023311673101, 46.89399001216512, 64.24460407386076, 21.932102570653566, 96.25429153177484, 11.792591987446517, 72.12626721442456, 24.1910943516307, 33.83575079878352, 77.62013871076961, 40.498167126438474, 14.969754334708028], [76.39616575534755, 56.48325881318993, 0.0, 22.103212566733507, 19.2627313335173, 73.38458856551046, 63.03724135834967, 54.87739764373641, 98.2382060181676, 58.70178507799027, 4.961870163743483, 22.863738239753253, 29.999272890537142, 46.7500880239384, 43.971444615268574, 17.073684941213077, 4.545220292683137, 25.73725702199091, 23.679991351189862, 58.94046894411373, 76.60050576025442, 37.308691629894376, 4.862797469998248, 32.485679542913516, 96.22686854393018, 31.83520455289453, 26.186991706838874, 78.91790359875341, 6.860140000166684, 37.62841426024877, 61.66788688677403, 34.0072196426596, 86.09117838270846, 59.41815550426417, 28.56764769704819, 50.3157917324931, 83.78496870205643, 51.96878895044388, 70.59706848155147, 65.34158963454506, 65.09410918606989, 27.605009472234375, 74.30290514416396, 72.650276145244, 101.25995477306653, 17.225919166480733, 47.13785071223736], [88.30997295158298, 36.19756960685696, 22.103212566733507, 0.0, 24.630094589644834, 85.2140344321823, 50.722435304044815, 33.79718124256877, 92.78254459768812, 59.298920961070806, 26.31354310869265, 42.849840835081174, 45.983105324416684, 41.03200476534128, 52.68885336764611, 37.980673145986884, 17.64563867179905, 43.305022698470665, 40.11626757305962, 63.78854403474818, 76.00687949639054, 31.193229221206053, 26.91645646465953, 39.4197399425268, 91.74711411528638, 51.35512214768579, 7.075762275091782, 76.62074075919658, 28.82454418832834, 45.1641451181354, 49.8414303897758, 40.78576273127048, 80.66222249149233, 57.20590967219057, 49.01299622362162, 55.12183147611019, 71.82343399306944, 56.814368214783364, 48.54301180224912, 79.46261594854091, 46.269446184681605, 45.4783706549681, 57.037503376158334, 59.21653357156381, 95.215851239882, 13.247745752387871, 25.220844719542935], [63.720659534444124, 47.862024714508586, 19.2627313335173, 24.630094589644834, 0.0, 60.62543016466767, 46.38036322030237, 47.929015736268475, 79.01657996770633, 39.71778751579383, 18.353465553643325, 24.924282539923542, 48.81074167292481, 28.121496659520457, 28.385254822020723, 23.089061579236443, 17.64378074519571, 22.156075869925584, 18.46125637432944, 41.306157535511964, 57.55366690823355, 19.545726276183057, 21.857905189612257, 15.296210365350968, 76.96742609218714, 31.407273829709936, 31.55073395944558, 59.69614274160023, 23.499096889349477, 21.03262616670707, 44.8078175582826, 16.77530956007452, 66.89514089768922, 40.1579928306415, 30.847729509126175, 32.50492316969193, 66.33409552014248, 34.20997264179293, 66.368261860226, 54.94069000299372, 53.730402813484616, 24.310194413756513, 60.75850090788118, 56.26007170794505, 82.07742963463475, 11.417573446785555, 43.49512068008098], [3.0959455541547047, 97.81850736369788, 73.38458856551046, 85.2140344321823, 60.62543016466767, 0.0, 76.78126881003168, 100.16110431587245, 70.80501010055748, 41.70072582399194, 69.10798409775484, 54.62244984007431, 92.65527821469863, 59.448114898607024, 32.864211804660926, 60.42051679875959, 74.71040379020249, 48.84681234650823, 49.96592529548128, 29.920894260172872, 45.41855319789115, 62.71317735717177, 72.17219973772232, 46.00785351967157, 66.40150891872787, 47.8618489476732, 92.17351687850282, 51.54814125449446, 72.25667054000853, 40.41704461036136, 75.03261306226518, 44.77003332331686, 64.40973092721809, 49.176564837413366, 52.614646168171234, 34.87397861149987, 84.55995040021533, 33.731013648975555, 119.48533467503759, 11.91283384509715, 97.4629456179635, 47.619788587576785, 97.25335190233685, 83.81473304541176, 74.5826037834755, 71.9662921177134, 99.80572620922878], [79.31006609038442, 30.45639894482412, 63.03724135834967, 50.722435304044815, 46.38036322030237, 76.78126881003168, 0.0, 35.060977877004774, 46.31664674560253, 35.24843863033319, 63.87358316881111, 69.76284426231844, 92.75718617268832, 21.01599737532007, 50.84625151679932, 69.19613120816317, 59.483142312077746, 64.78950552233577, 61.34692514614979, 46.86400083565411, 41.56500987467276, 26.90545309618702, 66.92289137961853, 45.145954528285316, 46.803994832006396, 73.75165300029661, 55.35388910184146, 38.355901087743355, 68.82531057948056, 46.64732545718124, 1.8661111225672495, 44.88564884693286, 35.588117723995694, 27.955875001629973, 74.85353163714223, 43.33678447842165, 21.168796605867747, 43.97621266913424, 50.698652657026535, 78.43152963502864, 23.705228026842754, 66.46868099204492, 20.479130601652823, 9.908533135274888, 47.80469091121897, 46.20744538091715, 42.07976754659372], [103.09738130372385, 4.9656749073694, 54.87739764373641, 33.79718124256877, 47.929015736268475, 100.16110431587245, 35.060977877004774, 0.0, 81.2068921979701, 62.86874619471894, 58.2647500045291, 71.99554887447465, 79.445187502524, 41.801911331484064, 68.43202470699865, 68.48619394342393, 50.341708508693166, 70.06693967469322, 66.38537040934395, 72.26072619028514, 74.38225015919079, 37.53904168633869, 59.726002397485104, 57.02825903528554, 81.85374055706264, 79.23902074120154, 33.847234708787816, 72.25893056760232, 61.73738844557731, 61.52701432829831, 35.51146490185178, 57.74423263414142, 70.64748027772838, 57.17922945796747, 78.17554696431459, 65.48143720902692, 51.85202324247343, 66.80967988007623, 19.374730715981823, 98.05541756788153, 16.509041306685372, 72.23279436521496, 28.944833653211944, 38.76923882938845, 82.43766261341611, 39.62786181786926, 10.60602180629122], [71.81251959437301, 76.44953233936685, 98.2382060181676, 92.78254459768812, 79.01657996770633, 70.80501010055748, 46.31664674560253, 81.2068921979701, 0.0, 42.30081715552519, 97.10923492203614, 95.0571795300378, 127.68718427187598, 52.348904128197674, 64.72459910890966, 97.34348143137036, 95.99779159695915, 88.31024488006751, 86.08297459824078, 49.63179930923545, 27.09836868639975, 62.39372506005181, 100.73456669608147, 68.91225071231604, 4.557337562197574, 94.78284033315421, 98.60715185784494, 21.823169057117113, 102.21795307579131, 66.2041710725168, 46.19149437388558, 67.70360215429952, 12.22263530732104, 39.20786504929272, 97.92105092284285, 54.404072671016806, 32.88774958335302, 53.459435724614416, 95.05662763770998, 78.97338534255579, 67.67380290739774, 89.02856152974637, 58.50113956123819, 43.56096514582465, 3.8285033061818194, 84.23237554471105, 88.33182760139196], [44.13766549181583, 59.59872793399396, 58.70178507799027, 59.298920961070806, 39.71778751579383, 41.70072582399194, 35.24843863033319, 62.86874619471894, 42.30081715552519, 0.0, 56.70778886565498, 52.82417994503543, 86.97960310848856, 21.293419272472843, 22.829112689010366, 55.4336252651344, 57.3582073373749, 46.02802685590415, 43.91048025730162, 11.904107358541909, 17.911415205061985, 28.979314924342802, 60.40625822477664, 27.230497915748522, 39.31786360412357, 52.586835087862994, 66.13698881879434, 20.99158248493166, 61.65146014423249, 23.96190186473585, 33.556589985056235, 25.88755839374813, 31.28767025556104, 7.4929105533508125, 55.628895068483715, 12.468933961997413, 44.22931475684865, 11.932810646372346, 81.5133649953544, 44.75465955360277, 57.12350640569639, 46.72792750755937, 55.71595622077094, 42.1426768991036, 45.85682114911391, 47.814033614006114, 65.29324219136822], [72.09317298485246, 59.558553624742366, 4.961870163743483, 26.31354310869265, 18.353465553643325, 69.10798409775484, 63.87358316881111, 58.2647500045291, 97.10923492203614, 56.70778886565498, 0.0, 17.901878676196688, 30.578468509899096, 46.44509231762445, 40.56864060577379, 12.157679187612562, 8.776678270385997, 20.990805625469346, 19.188118215597317, 56.0550218645149, 74.61050235132461, 37.480562238571125, 3.7008564343291215, 29.870654740677665, 94.89696797802745, 26.874265275729577, 30.859683067938498, 77.26450508961425, 5.147069867478545, 34.6574346449139, 62.40949351417828, 31.35592546657907, 85.05111020530966, 58.01874167577883, 23.634032212370336, 47.59331872970363, 84.29161745932204, 49.20403982934693, 74.55083647056053, 60.77635759048128, 67.61949602572936, 22.791219497356405, 76.28818385447178, 73.63383360011518, 100.24214927412314, 19.343672833801584, 51.00572126176536], [57.43160891181007, 72.38948997684042, 22.863738239753253, 42.849840835081174, 24.924282539923542, 54.62244984007431, 69.76284426231844, 71.99554887447465, 95.0571795300378, 52.82417994503543, 17.901878676196688, 0.0, 38.38543262939473, 49.5985398381117, 31.85371337334175, 6.230449288520027, 26.257262933040412, 7.010768912331, 9.055649088807797, 48.48110875479157, 69.88986206272246, 43.09702401873026, 19.682069401011415, 26.665291430476444, 92.1412258387167, 8.981804006275201, 48.19280208846048, 73.76505604608745, 19.02666831903476, 28.86518221962443, 68.05223838321898, 27.65790361163435, 83.62893544024816, 56.372347954649925, 6.238485142220273, 41.34381581228803, 88.40035890886699, 42.63385155629747, 89.63235876926801, 44.986002421689214, 78.65188119715808, 7.278372183295257, 85.45205190060557, 79.65142905978396, 98.537341047816, 32.58105128984276, 66.16566245868093], [95.35655139590874, 82.1427539732938, 29.999272890537142, 45.983105324416684, 48.81074167292481, 92.65527821469863, 92.75718617268832, 79.445187502524, 127.68718427187598, 86.97960310848856, 30.578468509899096, 38.38543262939473, 0.0, 76.69173606907523, 68.85712081156284, 33.31798070884577, 33.27827667244295, 44.95262717103172, 45.26781949589803, 85.15777731268786, 104.8207792487184, 67.30786960545042, 26.972460977602168, 59.82404167849808, 125.44858558520733, 44.88371966827914, 45.9069847083997, 107.70672479828883, 25.474877785876576, 64.01871393827409, 91.45361407135155, 61.23857688532094, 115.62694267248668, 88.57502661739905, 40.125009743512514, 77.10027732748915, 113.65538320998624, 78.6199924495249, 91.62365134506821, 82.32419795508169, 92.16158864847822, 45.644033536014106, 102.45983654295438, 102.21973781985186, 130.81775873842946, 46.55961851103795, 69.90844029606062], [62.249974298928045, 38.83643802438511, 46.7500880239384, 41.03200476534128, 28.121496659520457, 59.448114898607024, 21.01599737532007, 41.801911331484064, 52.348904128197674, 21.293419272472843, 46.44509231762445, 49.5985398381117, 76.69173606907523, 0.0, 30.495589233691557, 49.771931035645906, 44.05179826529962, 44.199420304070095, 40.89315137594548, 30.57343504359315, 35.675904473336736, 10.05441853833625, 49.871073077454795, 24.193078998662067, 50.95132740402538, 52.97309519377437, 47.37160944652328, 35.68264706031715, 51.5804410509394, 25.71106349565719, 19.178072747050376, 23.880263540693424, 40.12960447273842, 16.86514102616848, 54.35910036436886, 24.633701564344758, 38.84355695943815, 25.717110651383337, 60.74988400970944, 59.290539886065716, 38.149719761325315, 45.77074210637266, 39.94685205195354, 30.60722561248462, 55.09089484391238, 31.897618172285895, 44.028300661653105], [35.9428483890066, 66.60947743650198, 43.971444615268574, 52.68885336764611, 28.385254822020723, 32.864211804660926, 50.84625151679932, 68.43202470699865, 64.72459910890966, 22.829112689010366, 40.56864060577379, 31.85371337334175, 68.85712081156284, 30.495589233691557, 0.0, 35.741765853367326, 44.24054654830024, 24.84347007413936, 23.691961920153087, 16.62743691297391, 38.53332513490675, 30.99003071404849, 44.11658660077493, 13.272056329341591, 61.41626311324823, 30.146661002083583, 59.72077289406916, 42.98248682296479, 44.822942662590876, 7.572215916554697, 48.98089689010662, 11.952441116551599, 54.06551745871991, 28.433234742535543, 33.617311828698675, 10.384379656568512, 64.844027579626, 11.272835075221865, 87.80219183915338, 29.648557445185975, 68.0754462264215, 25.046034144502567, 70.41432979797496, 59.72484334186672, 68.3759926824193, 39.483957012141985, 67.24077442007325], [63.27673845792142, 69.24858682757082, 17.073684941213077, 37.980673145986884, 23.089061579236443, 60.42051679875959, 69.19613120816317, 68.48619394342393, 97.34348143137036, 55.4336252651344, 12.157679187612562, 6.230449288520027, 33.31798070884577, 49.771931035645906, 35.741765853367326, 0.0, 20.816380362898723, 11.749312296511762, 12.049881137416786, 52.246389579954666, 72.91681392482707, 42.29594620315809, 13.55448650690504, 28.433641204552394, 94.64533294456102, 15.08075229610174, 42.91466188964588, 76.42137864944726, 12.808130804013068, 31.653943538870553, 67.55990589322752, 29.64939388300137, 85.65859479235486, 58.275437732547296, 11.500542849441144, 44.582211455396425, 88.57147006036635, 45.99865917604153, 85.58204775338127, 51.04099928700105, 76.2451457233894, 12.800798454598155, 83.78398815670668, 79.10265894567313, 100.72275731246607, 28.858949559272588, 62.02357630490264], [77.75824768325954, 51.990929581493404, 4.545220292683137, 17.64563867179905, 17.64378074519571, 74.71040379020249, 59.483142312077746, 50.341708508693166, 95.99779159695915, 57.3582073373749, 8.776678270385997, 26.257262933040412, 33.27827667244295, 44.05179826529962, 44.24054654830024, 20.816380362898723, 0.0, 28.253096994660282, 25.74963607962533, 58.50412774474705, 75.17487160020546, 34.34260429155949, 9.407649836393153, 32.03841267971745, 94.15837953082637, 35.13063773248031, 22.10636576100993, 77.17464151669571, 11.401219850708683, 37.4759287519272, 58.17541531801872, 33.56960903990135, 83.80331141842369, 57.52920769732267, 32.19612393187642, 49.76116398035342, 80.38660094663108, 51.44668877051099, 66.08687834723808, 67.21553028348777, 60.73812776434707, 30.261229783982646, 70.1382109706285, 68.98696785675753, 98.92352077683077, 13.324773829561671, 42.60898488726271], [51.74680723036908, 69.99539202292941, 25.73725702199091, 43.305022698470665, 22.156075869925584, 48.84681234650823, 64.78950552233577, 70.06693967469322, 88.31024488006751, 46.02802685590415, 20.990805625469346, 7.010768912331, 44.95262717103172, 44.199420304070095, 24.84347007413936, 11.749312296511762, 28.253096994660282, 0.0, 3.721100451793381, 41.47090655581486, 62.95711690367586, 38.60678279356171, 23.64312635247065, 20.513927240509307, 85.32589375189895, 9.353551995449664, 49.28958009634717, 66.9208309180079, 23.51190553232125, 22.119902687841115, 63.02838250777337, 21.3411829038301, 76.99053310170406, 49.85070660123298, 10.197429474311832, 34.40102588360507, 82.78681906986345, 35.66521950858348, 88.326375771386, 39.91458811518216, 75.37025055456874, 2.2072639560949896, 81.37724347335886, 74.61229476081054, 91.82316098324456, 31.64861189616677, 65.15459363434482], [52.93427068326296, 66.28421084226261, 23.679991351189862, 40.11626757305962, 18.46125637432944, 49.96592529548128, 61.34692514614979, 66.38537040934395, 86.08297459824078, 43.91048025730162, 19.188118215597317, 9.055649088807797, 45.26781949589803, 40.89315137594548, 23.691961920153087, 12.049881137416786, 25.74963607962533, 3.721100451793381, 0.0, 40.21576450755821, 61.15939778964841, 35.01795294657828, 22.210000769236377, 17.620829615526088, 83.22204432629327, 13.068497747246925, 46.267635171089715, 64.88500712053673, 22.389804152686008, 19.960940170213277, 59.60046506788965, 18.60229829108259, 74.60500594081603, 47.32552935721393, 13.506852501626, 32.692358050861564, 79.59970890953937, 34.062742522845966, 84.70258241699065, 41.661972070837955, 71.65973880599314, 5.848983129730798, 77.74398597618965, 71.19517354007994, 89.54326126209574, 28.18011316047752, 61.588318515536805], [32.45916162676542, 69.407932545736, 58.94046894411373, 63.78854403474818, 41.306157535511964, 29.920894260172872, 46.86400083565411, 72.26072619028514, 49.63179930923545, 11.904107358541909, 56.0550218645149, 48.48110875479157, 85.15777731268786, 30.57343504359315, 16.62743691297391, 52.246389579954666, 58.50412774474705, 41.47090655581486, 40.21576450755821, 0.0, 22.70333688072656, 35.992346108772416, 59.70334866083118, 26.49627018907203, 45.972530333860036, 46.346538278421946, 70.83537028628747, 27.863185015711792, 60.60929146835185, 21.397611496970633, 45.12242864866385, 24.96610869823336, 40.02533354833258, 19.39149334713637, 50.06396075721524, 8.806468178339017, 55.87407240146411, 7.097889087121433, 91.3117822673889, 33.020277663881906, 68.00098204988836, 41.63439995570178, 67.33975691612397, 54.02401968376119, 53.39566081144241, 51.20423519717818, 73.4599787380415], [46.9238519524018, 70.4024946190227, 76.60050576025442, 76.00687949639054, 57.55366690823355, 45.41855319789115, 41.56500987467276, 74.38225015919079, 27.09836868639975, 17.911415205061985, 74.61050235132461, 69.88986206272246, 104.8207792487184, 35.675904473336736, 38.53332513490675, 72.91681392482707, 75.17487160020546, 62.95711690367586, 61.15939778964841, 22.70333688072656, 0.0, 44.93648002599691, 78.30992793820364, 45.005777395999914, 23.29421503265601, 68.66162798836882, 82.64099635564962, 6.131098794762252, 79.5379068862349, 41.26522785222705, 40.38065875153445, 43.6149527604673, 19.004097787268716, 18.88773647102184, 72.12267154979382, 28.55686637966744, 41.46251395365778, 27.349445548913874, 91.73713158215996, 52.44518083702542, 65.23506380386188, 63.41377390780157, 60.4490775748253, 44.886450246342854, 30.904576490083404, 65.15766270405237, 78.65436630042768], [65.68203081537962, 35.62225477823946, 37.308691629894376, 31.193229221206053, 19.545726276183057, 62.71317735717177, 26.90545309618702, 37.53904168633869, 62.39372506005181, 28.979314924342802, 37.480562238571125, 43.09702401873026, 67.30786960545042, 10.05441853833625, 30.99003071404849, 42.29594620315809, 34.34260429155949, 38.60678279356171, 35.01795294657828, 35.992346108772416, 44.93648002599691, 0.0, 40.74750341127425, 20.797958458994476, 61.00021141550156, 47.82976468347324, 37.71755830910812, 45.43114751261712, 42.55419654636456, 24.429625310455478, 25.293766092636567, 21.138284561441168, 50.17710729225903, 26.069641461361222, 48.44715340405965, 28.382955053318575, 46.84282842881261, 29.848858220375035, 56.91016233555029, 60.63793876694963, 38.03182738822456, 40.45555487938685, 42.83414748278475, 36.80903415174424, 65.10494637016332, 21.89675617834655, 37.54032384797888], [75.132299695072, 61.285836963609064, 4.862797469998248, 26.91645646465953, 21.857905189612257, 72.17219973772232, 66.92289137961853, 59.726002397485104, 100.73456669608147, 60.40625822477664, 3.7008564343291215, 19.682069401011415, 26.972460977602168, 49.871073077454795, 44.11658660077493, 13.55448650690504, 9.407649836393153, 23.64312635247065, 22.210000769236377, 59.70334866083118, 78.30992793820364, 40.74750341127425, 0.0, 33.562243287602534, 98.54963530354662, 28.6217154877756, 30.726698359348777, 80.94725477806996, 2.041026646686796, 38.30725980262266, 65.49657887968438, 35.04418724931658, 88.66000893922481, 61.67188511792486, 24.957320326271805, 51.26655714929632, 87.48195352279275, 52.87178219667777, 75.43599348610843, 63.55441522692827, 69.75835070133112, 25.28506823931099, 78.7729290954264, 76.6265221241081, 103.8502179463692, 21.647957747322717, 51.991911082822476], [49.09799182271042, 55.75783625641608, 32.485679542913516, 39.4197399425268, 15.296210365350968, 46.00785351967157, 45.145954528285316, 57.02825903528554, 68.91225071231604, 27.230497915748522, 29.870654740677665, 26.665291430476444, 59.82404167849808, 24.193078998662067, 13.272056329341591, 28.433641204552394, 32.03841267971745, 20.513927240509307, 17.620829615526088, 26.49627018907203, 45.005777395999914, 20.797958458994476, 33.562243287602534, 0.0, 66.26090038620018, 28.89446634782521, 46.457580881737606, 48.143091170543876, 34.65801670853948, 5.763909992534595, 43.32796125921304, 1.5315850568425524, 57.24200896403621, 29.87196094744247, 30.695413567432105, 17.83017617142982, 62.383803885159764, 19.487264156456316, 76.27453487490922, 41.62242370877618, 58.82972115944256, 21.85493761200816, 63.07640196423139, 54.79988875180399, 72.29014784530979, 26.229156024369672, 54.85168221095024], [67.36310412664484, 77.18506393418434, 96.22686854393018, 91.74711411528638, 76.96742609218714, 66.40150891872787, 46.803994832006396, 81.85374055706264, 4.557337562197574, 39.31786360412357, 94.89696797802745, 92.1412258387167, 125.44858558520733, 50.95132740402538, 61.41626311324823, 94.64533294456102, 94.15837953082637, 85.32589375189895, 83.22204432629327, 45.972530333860036, 23.29421503265601, 61.00021141550156, 98.54963530354662, 66.26090038620018, 0.0, 91.54421388284591, 97.75347282566754, 18.44798408119017, 99.97621624672388, 63.27969888288477, 46.497681908696165, 65.00227976886076, 11.378707668087015, 36.87831965591508, 94.80396218187435, 51.17465020510704, 35.22777659008242, 50.145237283251795, 96.36825287231873, 74.7394455732235, 68.90955718621929, 85.96205247358233, 60.32323825400605, 44.994109419113165, 8.203243849516118, 82.70349149824854, 88.54890993740281], [50.50965807165979, 79.2692418411105, 31.83520455289453, 51.35512214768579, 31.407273829709936, 47.8618489476732, 73.75165300029661, 79.23902074120154, 94.78284033315421, 52.586835087862994, 26.874265275729577, 8.981804006275201, 44.88371966827914, 52.97309519377437, 30.146661002083583, 15.08075229610174, 35.13063773248031, 9.353551995449664, 13.068497747246925, 46.346538278421946, 68.66162798836882, 47.82976468347324, 28.6217154877756, 28.89446634782521, 91.54421388284591, 0.0, 56.92494974458425, 73.10025562630054, 27.865176432151312, 29.343535853567744, 71.96736869013803, 29.481024805224315, 83.84871610878959, 57.16670772118763, 4.76075080527477, 40.38525662829392, 91.2526652093039, 41.40511625806418, 97.32035993173865, 37.46513849747201, 84.72367356048976, 7.378518887736408, 90.64305885213508, 83.5188299991138, 98.39602990744159, 40.37970263028074, 74.0127978975596], [95.26905049316328, 37.06693101961441, 26.186991706838874, 7.075762275091782, 31.55073395944558, 92.17351687850282, 55.35388910184146, 33.847234708787816, 98.60715185784494, 66.13698881879434, 30.859683067938498, 48.19280208846048, 45.9069847083997, 47.37160944652328, 59.72077289406916, 42.91466188964588, 22.10636576100993, 49.28958009634717, 46.267635171089715, 70.83537028628747, 82.64099635564962, 37.71755830910812, 30.726698359348777, 46.457580881737606, 97.75347282566754, 56.92494974458425, 0.0, 83.04632522451452, 32.449146914923986, 52.20857019504225, 54.642109392887555, 47.83421316171355, 86.56853805476659, 63.786472582442784, 54.232894068783864, 62.1826730287225, 76.2280516461295, 63.873172377965645, 46.18562482120492, 86.21656990389675, 48.020598045703565, 51.42488360861614, 59.499350464829305, 63.30936068737375, 100.91291620228428, 20.241878194659524, 24.013274211300004], [53.051637327994264, 68.05415509862024, 78.91790359875341, 76.62074075919658, 59.69614274160023, 51.54814125449446, 38.355901087743355, 72.25893056760232, 21.823169057117113, 20.99158248493166, 77.26450508961425, 73.76505604608745, 107.70672479828883, 35.68264706031715, 42.98248682296479, 76.42137864944726, 77.17464151669571, 66.9208309180079, 64.88500712053673, 27.863185015711792, 6.131098794762252, 45.43114751261712, 80.94725477806996, 48.143091170543876, 18.44798408119017, 73.10025562630054, 83.04632522451452, 0.0, 82.2841737607984, 44.92555064077653, 37.37529438353753, 46.83454462344825, 12.89363612451145, 19.72383064813002, 76.35993067639461, 32.72673728406895, 36.010757584384926, 31.709685436918267, 88.97771630181253, 58.44252551703203, 62.03236736067161, 67.52905918550603, 56.33784468309353, 40.56655439062521, 25.555083570202886, 66.4601812801142, 77.27184948324275], [75.19052578747305, 63.31784957215268, 6.860140000166684, 28.82454418832834, 23.499096889349477, 72.25667054000853, 68.82531057948056, 61.73738844557731, 102.21795307579131, 61.65146014423249, 5.147069867478545, 19.02666831903476, 25.474877785876576, 51.5804410509394, 44.822942662590876, 12.808130804013068, 11.401219850708683, 23.51190553232125, 22.389804152686008, 60.60929146835185, 79.5379068862349, 42.55419654636456, 2.041026646686796, 34.65801670853948, 99.97621624672388, 27.865176432151312, 32.449146914923986, 82.2841737607984, 0.0, 39.23807556846815, 67.38553665177407, 36.11894896458002, 90.17228114325013, 63.10100171127299, 23.996017942139336, 52.258665465633506, 89.33103341960127, 53.84282964670087, 77.3614149951616, 63.39491826725455, 71.79848719729306, 25.025180397213006, 80.79290471080554, 78.54818609492956, 105.36325203348302, 23.672535594007154, 53.942904221479644], [43.499802674850145, 59.94907790412184, 37.62841426024877, 45.1641451181354, 21.03262616670707, 40.41704461036136, 46.64732545718124, 61.52701432829831, 66.2041710725168, 23.96190186473585, 34.6574346449139, 28.86518221962443, 64.01871393827409, 25.71106349565719, 7.572215916554697, 31.653943538870553, 37.4759287519272, 22.119902687841115, 19.960940170213277, 21.397611496970633, 41.26522785222705, 24.429625310455478, 38.30725980262266, 5.763909992534595, 63.27969888288477, 29.343535853567744, 52.20857019504225, 44.92555064077653, 39.23807556846815, 0.0, 44.791223779705255, 4.38606374547362, 54.88056696478998, 27.871815437139997, 31.94072033735112, 13.081773169545242, 62.478850085274495, 14.622658490260374, 80.86304086187042, 36.61817351607372, 62.17659556878679, 22.971123877597584, 65.47500381484595, 55.99395200902679, 69.70599783856495, 31.987192434611917, 59.92099199085204], [77.57686187370876, 31.015113715845875, 61.66788688677403, 49.8414303897758, 44.8078175582826, 75.03261306226518, 1.8661111225672495, 35.51146490185178, 46.19149437388558, 33.556589985056235, 62.40949351417828, 68.05223838321898, 91.45361407135155, 19.178072747050376, 48.98089689010662, 67.55990589322752, 58.17541531801872, 63.02838250777337, 59.60046506788965, 45.12242864866385, 40.38065875153445, 25.293766092636567, 65.49657887968438, 43.32796125921304, 46.497681908696165, 71.96736869013803, 54.642109392887555, 37.37529438353753, 67.38553665177407, 44.791223779705255, 0.0, 43.05432041558281, 35.20667651252687, 26.313958883127007, 73.10722017027517, 41.50247903571415, 22.280561588689572, 42.155880357708895, 51.60351701303836, 76.60360509384319, 24.860148498019246, 64.6942640175531, 22.221659412284897, 11.600529208390926, 47.81825650042723, 44.9339572972459, 42.14103922841652], [47.85597090403689, 56.357148087375315, 34.0072196426596, 40.78576273127048, 16.77530956007452, 44.77003332331686, 44.88564884693286, 57.74423263414142, 67.70360215429952, 25.88755839374813, 31.35592546657907, 27.65790361163435, 61.23857688532094, 23.880263540693424, 11.952441116551599, 29.64939388300137, 33.56960903990135, 21.3411829038301, 18.60229829108259, 24.96610869823336, 43.6149527604673, 21.138284561441168, 35.04418724931658, 1.5315850568425524, 65.00227976886076, 29.481024805224315, 47.83421316171355, 46.83454462344825, 36.11894896458002, 4.38606374547362, 43.05432041558281, 0.0, 56.091816768975036, 28.753440137973914, 31.480299863225156, 16.309448496947457, 61.77571150985794, 17.962576327645273, 77.03165743964024, 40.656043200300616, 59.138580419811895, 22.572187215148695, 63.09215979932228, 54.46753832562977, 71.10580064935594, 27.622725157831987, 55.8043869808541], [65.85688094212352, 66.02908202768816, 86.09117838270846, 80.66222249149233, 66.89514089768922, 64.40973092721809, 35.588117723995694, 70.64748027772838, 12.22263530732104, 31.28767025556104, 85.05111020530966, 83.62893544024816, 115.62694267248668, 40.12960447273842, 54.06551745871991, 85.65859479235486, 83.80331141842369, 76.99053310170406, 74.60500594081603, 40.02533354833258, 19.004097787268716, 50.17710729225903, 88.66000893922481, 57.24200896403621, 11.378707668087015, 83.84871610878959, 86.56853805476659, 12.89363612451145, 90.17228114325013, 54.88056696478998, 35.20667651252687, 56.091816768975036, 0.0, 27.385135584345562, 86.77483255078673, 43.68113960140336, 26.517866533681858, 42.92147313124102, 85.58853213220833, 71.28505372559914, 58.12988390646742, 77.82731518273643, 50.250957565355044, 34.57882474322198, 15.191066332690676, 72.01001062655634, 77.1979088870749], [51.586134110339316, 53.61857770068785, 59.41815550426417, 57.20590967219057, 40.1579928306415, 49.176564837413366, 27.955875001629973, 57.17922945796747, 39.20786504929272, 7.4929105533508125, 58.01874167577883, 56.372347954649925, 88.57502661739905, 16.86514102616848, 28.433234742535543, 58.275437732547296, 57.52920769732267, 49.85070660123298, 47.32552935721393, 19.39149334713637, 18.88773647102184, 26.069641461361222, 61.67188511792486, 29.87196094744247, 36.87831965591508, 57.16670772118763, 63.786472582442784, 19.72383064813002, 63.10100171127299, 27.871815437139997, 26.313958883127007, 28.753440137973914, 27.385135584345562, 0.0, 59.795450801158516, 18.534681892729797, 37.0971449022362, 18.452363969807635, 75.42608022363324, 52.12701916941142, 50.33971952343032, 50.81960170449318, 48.37920225117177, 34.65178010197957, 42.49315452481868, 46.75226623222249, 60.490606474518586], [55.268705193236926, 78.4999891281771, 28.56764769704819, 49.01299622362162, 30.847729509126175, 52.614646168171234, 74.85353163714223, 78.17554696431459, 97.92105092284285, 55.628895068483715, 23.634032212370336, 6.238485142220273, 40.125009743512514, 54.35910036436886, 33.617311828698675, 11.500542849441144, 32.19612393187642, 10.197429474311832, 13.506852501626, 50.06396075721524, 72.12267154979382, 48.44715340405965, 24.957320326271805, 30.695413567432105, 94.80396218187435, 4.76075080527477, 54.232894068783864, 76.35993067639461, 23.996017942139336, 31.94072033735112, 73.10722017027517, 31.480299863225156, 86.77483255078673, 59.795450801158516, 0.0, 43.65335744088168, 92.9820843871297, 44.77999851582914, 95.8654633983276, 42.21342592122606, 84.55117043260472, 8.9764724675919, 91.05519895971173, 84.70147565388324, 101.48535517615558, 38.81072538369937, 72.40355840287938], [37.73038338375472, 62.99023311673101, 50.3157917324931, 55.12183147611019, 32.50492316969193, 34.87397861149987, 43.33678447842165, 65.48143720902692, 54.404072671016806, 12.468933961997413, 47.59331872970363, 41.34381581228803, 77.10027732748915, 24.633701564344758, 10.384379656568512, 44.582211455396425, 49.76116398035342, 34.40102588360507, 32.692358050861564, 8.806468178339017, 28.55686637966744, 28.382955053318575, 51.26655714929632, 17.83017617142982, 51.17465020510704, 40.38525662829392, 62.1826730287225, 32.72673728406895, 52.258665465633506, 13.081773169545242, 41.50247903571415, 16.309448496947457, 43.68113960140336, 18.534681892729797, 43.65335744088168, 0.0, 55.48258548675423, 1.7106491137703292, 84.74076372256175, 35.11287168640156, 62.76117995515375, 34.87834353645238, 63.53515412386466, 51.55202761548663, 58.03516234553343, 42.44394354386594, 65.90319810771854], [86.58534844729381, 46.89399001216512, 83.78496870205643, 71.82343399306944, 66.33409552014248, 84.55995040021533, 21.168796605867747, 51.85202324247343, 32.88774958335302, 44.22931475684865, 84.29161745932204, 88.40035890886699, 113.65538320998624, 38.84355695943815, 64.844027579626, 88.57147006036635, 80.38660094663108, 82.78681906986345, 79.59970890953937, 55.87407240146411, 41.46251395365778, 46.84282842881261, 87.48195352279275, 62.383803885159764, 35.22777659008242, 91.2526652093039, 76.2280516461295, 36.010757584384926, 89.33103341960127, 62.478850085274495, 22.280561588689572, 61.77571150985794, 26.517866533681858, 37.0971449022362, 92.9820843871297, 55.48258548675423, 0.0, 55.52503431338246, 63.28150534300346, 88.8930052312585, 36.5511956249671, 84.22761607909557, 26.022784375045248, 13.301866576552705, 32.87715745990688, 67.18428622861309, 60.622047097227025], [36.54375129548747, 64.24460407386076, 51.96878895044388, 56.814368214783364, 34.20997264179293, 33.731013648975555, 43.97621266913424, 66.80967988007623, 53.459435724614416, 11.932810646372346, 49.20403982934693, 42.63385155629747, 78.6199924495249, 25.717110651383337, 11.272835075221865, 45.99865917604153, 51.44668877051099, 35.66521950858348, 34.062742522845966, 7.097889087121433, 27.349445548913874, 29.848858220375035, 52.87178219667777, 19.487264156456316, 50.145237283251795, 41.40511625806418, 63.873172377965645, 31.709685436918267, 53.84282964670087, 14.622658490260374, 42.155880357708895, 17.962576327645273, 42.92147313124102, 18.452363969807635, 44.77999851582914, 1.7106491137703292, 55.52503431338246, 0.0, 86.03610767315307, 34.469773228525646, 63.77872088296685, 36.06947619943637, 64.26596388716561, 51.997700069401496, 57.12058955494083, 44.150747650172235, 67.3860028480119], [122.40820026735203, 21.932102570653566, 70.59706848155147, 48.54301180224912, 66.368261860226, 119.48533467503759, 50.698652657026535, 19.374730715981823, 95.05662763770998, 81.5133649953544, 74.55083647056053, 89.63235876926801, 91.62365134506821, 60.74988400970944, 87.80219183915338, 85.58204775338127, 66.08687834723808, 88.326375771386, 84.70258241699065, 91.3117822673889, 91.73713158215996, 56.91016233555029, 75.43599348610843, 76.27453487490922, 96.36825287231873, 97.32035993173865, 46.18562482120492, 88.97771630181253, 77.3614149951616, 80.86304086187042, 51.60351701303836, 77.03165743964024, 85.58853213220833, 75.42608022363324, 95.8654633983276, 84.74076372256175, 63.28150534300346, 86.03610767315307, 0.0, 117.41753122078379, 27.46660013923595, 90.51950254674364, 37.41263366214443, 51.49576165547441, 95.70623103077494, 57.057113805978254, 23.569670162231187], [13.817801806926248, 96.25429153177484, 65.34158963454506, 79.46261594854091, 54.94069000299372, 11.91283384509715, 78.43152963502864, 98.05541756788153, 78.97338534255579, 44.75465955360277, 60.77635759048128, 44.986002421689214, 82.32419795508169, 59.290539886065716, 29.648557445185975, 51.04099928700105, 67.21553028348777, 39.91458811518216, 41.661972070837955, 33.020277663881906, 52.44518083702542, 60.63793876694963, 63.55441522692827, 41.62242370877618, 74.7394455732235, 37.46513849747201, 86.21656990389675, 58.44252551703203, 63.39491826725455, 36.61817351607372, 76.60360509384319, 40.656043200300616, 71.28505372559914, 52.12701916941142, 42.21342592122606, 35.11287168640156, 88.8930052312585, 34.469773228525646, 117.41753122078379, 0.0, 97.33943107244573, 38.38279937820195, 98.64295262154954, 86.39602592323997, 82.79703391483638, 66.34384749963921, 96.45817020201088], [100.20170427116531, 11.792591987446517, 65.09410918606989, 46.269446184681605, 53.730402813484616, 97.4629456179635, 23.705228026842754, 16.509041306685372, 67.67380290739774, 57.12350640569639, 67.61949602572936, 78.65188119715808, 92.16158864847822, 38.149719761325315, 68.0754462264215, 76.2451457233894, 60.73812776434707, 75.37025055456874, 71.65973880599314, 68.00098204988836, 65.23506380386188, 38.03182738822456, 69.75835070133112, 58.82972115944256, 68.90955718621929, 84.72367356048976, 48.020598045703565, 62.03236736067161, 71.79848719729306, 62.17659556878679, 24.860148498019246, 59.138580419811895, 58.12988390646742, 50.33971952343032, 84.55117043260472, 62.76117995515375, 36.5511956249671, 63.77872088296685, 27.46660013923595, 97.33943107244573, 0.0, 77.39736668777829, 12.435792835365849, 24.16173418899382, 68.45328204225575, 48.27619784416553, 26.758779353011622], [50.47809214058938, 72.12626721442456, 27.605009472234375, 45.4783706549681, 24.310194413756513, 47.619788587576785, 66.46868099204492, 72.23279436521496, 89.02856152974637, 46.72792750755937, 22.791219497356405, 7.278372183295257, 45.644033536014106, 45.77074210637266, 25.046034144502567, 12.800798454598155, 30.261229783982646, 2.2072639560949896, 5.848983129730798, 41.63439995570178, 63.41377390780157, 40.45555487938685, 25.28506823931099, 21.85493761200816, 85.96205247358233, 7.378518887736408, 51.42488360861614, 67.52905918550603, 25.025180397213006, 22.971123877597584, 64.6942640175531, 22.572187215148695, 77.82731518273643, 50.81960170449318, 8.9764724675919, 34.87834353645238, 84.22761607909557, 36.06947619943637, 90.51950254674364, 38.38279937820195, 77.39736668777829, 0.0, 83.2650378822288, 76.26259491148139, 92.5755801412044, 33.85577935185898, 67.3582937058749], [99.78883800211774, 24.1910943516307, 74.30290514416396, 57.037503376158334, 60.75850090788118, 97.25335190233685, 20.479130601652823, 28.944833653211944, 58.50113956123819, 55.71595622077094, 76.28818385447178, 85.45205190060557, 102.45983654295438, 39.94685205195354, 70.41432979797496, 83.78398815670668, 70.1382109706285, 81.37724347335886, 77.74398597618965, 67.33975691612397, 60.4490775748253, 42.83414748278475, 78.7729290954264, 63.07640196423139, 60.32323825400605, 90.64305885213508, 59.499350464829305, 56.33784468309353, 80.79290471080554, 65.47500381484595, 22.221659412284897, 63.09215979932228, 50.250957565355044, 48