instance_id,num_cities,city_coordinates,distance_matrix,best_route,total_distance
231,82,"[[0.08722874231732458, 61.2527492943798], [44.09198867977749, 62.14168152205972], [92.61903800887816, 16.68000119147336], [62.28249964129814, 23.8563148824784], [52.402768806620216, 18.268229081782383], [92.51010379637543, 86.54614492259329], [5.024156669697611, 10.009594923312214], [22.511747626128, 8.581142365997218], [42.9442058416197, 46.97847268791756], [49.18620275342808, 88.65823553452084], [17.615180859643488, 46.39051075912567], [84.6577271843041, 76.79292652439268], [2.2170192146119594, 54.816570388389465], [63.063790392473784, 0.03869635932834958], [73.23174202675114, 79.47549833755667], [1.6863403216524242, 98.25753883856777], [72.75269454528987, 47.100900589168226], [99.41335270971612, 85.65296228059522], [0.8900705216347227, 63.73872914522083], [38.276753963331124, 45.18090327286085], [34.39981699520111, 3.153720800818227], [34.35366947755574, 80.29394653067592], [1.494681030581213, 17.246372336029836], [56.05060039210652, 69.28180356180164], [49.06316958150124, 5.953201289528176], [52.65476566404856, 77.93407635474824], [31.12688037833865, 70.20142185426792], [47.6202894300912, 61.97962210836946], [8.505027069989623, 67.11945503696795], [92.29672860612148, 48.89759221743891], [22.964138840681414, 43.35623042110023], [79.82657639983353, 50.370889707392784], [55.03122993481806, 95.7953996823311], [80.67972237443902, 55.057457751277305], [8.074813741631914, 20.56074838486723], [91.19086579865603, 70.65159287071833], [77.22121665369575, 25.38436876134319], [27.423015659831762, 37.38365989036318], [96.5113893538671, 94.87735456908274], [73.72815612289642, 36.38032276575935], [22.288965743663336, 43.833334973911654], [81.77036298985571, 56.38461511414972], [74.30184977785417, 23.62693677697908], [21.169997919862226, 84.60809067950909], [1.2225515953172117, 24.92857419587895], [96.18471777962405, 93.66656335575202], [99.9885561868999, 52.1108580095905], [9.096431499230572, 41.51470268770663], [85.04882635584792, 99.52461028600254], [52.088458199927736, 84.10580773249], [29.376795471618312, 77.65647229677835], [22.74786778221355, 45.60029569945495], [62.38110436120527, 85.87456644406593], [60.1444728849176, 28.485351119244395], [16.031609440527706, 87.12856485522569], [78.72001663717671, 90.3362196414687], [69.41441976509847, 29.1449471048606], [25.117440974723927, 93.20236708156911], [50.194547020418725, 12.329144800111058], [78.70059919914279, 44.331771146120545], [90.128957199294, 38.253302773288446], [85.26269194419707, 69.0709933354442], [58.85143686151806, 99.68711810166417], [63.47268985345072, 60.09111217098009], [45.76319247645782, 83.82937112817388], [64.49972288129409, 74.5648855072659], [33.85317953575231, 53.71574706489493], [21.14072066102698, 52.70849728593918], [94.26772891799142, 79.63368156148142], [46.896893896778536, 19.306539348009554], [75.54954704842291, 50.94276344167425], [44.96140433588859, 71.45937485665038], [25.184395107937185, 89.17389295676024], [64.33012014583763, 10.284725087996415], [97.2163994400289, 22.801325159734066], [54.834584161688184, 8.861799589484997], [81.82638174255187, 54.535505456133606], [22.29423396317898, 46.35874020888612], [45.33879385852544, 20.217436467740324], [56.538342171120824, 11.618266488331363], [94.40841432442161, 73.47327520734116], [44.24939295695898, 52.96932190092621]]","[[0.0, 44.01373760155921, 102.70767059761576, 72.57234341621644, 67.70956143800429, 95.82141564213799, 51.48042469965851, 57.246460358597034, 45.171622272483454, 56.229617862851335, 22.98075803158093, 85.98643099388588, 6.779410473322286, 87.82486888126414, 75.380291895875, 37.03932514305312, 74.03070134841471, 102.27927109712775, 2.6124032501520764, 41.43361040442727, 67.47481622433378, 39.201481513498166, 44.02887842023839, 56.5364013609076, 73.86936300405014, 55.15081695235854, 32.30384983666275, 47.53861801141585, 10.260485610119987, 93.03355185914799, 29.045454092340933, 80.47843458291878, 64.90021543004117, 80.83026454953377, 41.46854774574396, 91.58717675234658, 85.06581459773011, 36.29020081753051, 102.11871929044904, 77.7278829435959, 28.21972928901103, 81.82807067808763, 83.20764233556277, 31.46355236475326, 36.34191319354407, 101.41687601814847, 100.31873903440281, 21.696917250208042, 93.18373470088856, 56.801321684259506, 33.57023752566542, 27.54094888048966, 66.98328761246391, 68.41472763354219, 30.39376756488702, 83.83891447023838, 76.40137679747977, 40.58681560737182, 70.03043925133261, 80.41381421171332, 92.93270362900493, 85.53352834731191, 70.21704110464276, 63.39610462068994, 50.950932439639075, 65.77372098151473, 34.596905000186545, 22.72121837302996, 95.95741391027546, 62.8540315392557, 76.16335925111882, 46.0202872717138, 37.54274927331359, 82.00541803677966, 104.46333241098338, 75.77654344449694, 82.01469684134796, 26.73915831730956, 61.08683200368624, 75.16854455671971, 95.10955421619386, 44.932303719079364], [44.01373760155921, 0.0, 66.49540506733824, 42.38707335696072, 44.653654893479896, 54.22076821027265, 65.14637327669999, 57.744594193930595, 15.206587637973762, 27.001456511157834, 30.807803114591234, 43.130477861206444, 42.510825925041324, 64.93619966049984, 33.905551617923386, 55.70093502248704, 32.36759416114593, 60.11017917989989, 43.23142715263411, 17.930001495422704, 59.77890683187535, 20.599504504414494, 61.88795848846118, 13.928019845931487, 56.407959991469745, 17.96443386900599, 15.266088152852445, 3.532020588590889, 35.93341155223418, 49.99102772373492, 28.27152652210227, 37.623294638649206, 35.38699966438185, 37.26725752381022, 55.01100699936926, 47.86149618452447, 49.48379318056552, 29.846512303035215, 61.80143895470668, 39.26767150834636, 28.470464739441905, 38.11566219122329, 48.94917027227125, 32.09606207664058, 56.76798387126626, 60.889002288576414, 56.78946803251989, 40.622177172202115, 55.45219486543347, 23.37448106321085, 21.383302923934558, 27.003498695948558, 29.962336009227275, 37.28848113479207, 37.57298526542398, 44.65458878978989, 41.59338887695981, 36.39779729651326, 50.18495823427986, 38.922343578979266, 51.86576047559413, 41.74975652017625, 40.34229937153539, 19.488879204479822, 21.75198387690628, 23.891664079711845, 13.260074817443924, 24.814223108957346, 53.137321854153036, 42.92687850691511, 33.391522048087566, 9.358167163529748, 32.98844570040017, 55.66620065930379, 66.10496696420543, 54.352085299803086, 38.49335441555884, 26.911769677597842, 41.94278062466027, 52.03390415778776, 51.57661975257114, 9.173710106923778], [102.70767059761576, 66.49540506733824, 0.0, 31.17378768002633, 40.24761826965711, 69.86622865533937, 87.848492056537, 70.57353384298003, 58.185791443153356, 84.06710056538009, 80.67399188110355, 60.63782863960924, 98.11688393029016, 33.91822059282222, 65.72017732266367, 122.16239256514051, 36.33321789737222, 69.30679673492017, 103.09571937234143, 61.3627350656712, 59.7698749927252, 86.26463476830972, 91.12611706301043, 64.06403236090274, 44.85730610056004, 73.13825803339755, 81.52194747319848, 63.8509438369659, 98.07805738522373, 32.21920320038163, 74.58837834437249, 36.03780019661289, 87.59046520129684, 40.191745792120074, 84.63324438853483, 53.99048420095153, 17.68781833006867, 68.40440639065201, 78.29416628495098, 27.2941035493088, 75.38980435265, 41.16005486411731, 19.590285825376043, 98.58595574997688, 91.76795020786528, 77.06909125000664, 36.189161541020965, 87.13660652431008, 83.18976716217578, 78.66998975057962, 87.85050523245552, 75.61986421088004, 75.51304848684339, 34.55377934332914, 104.06072427673158, 74.95612924534224, 26.34063751056953, 102.03988476855034, 42.64700912101732, 30.957120675622864, 21.716533875787007, 52.904932522903415, 89.61267959942543, 52.28799257260159, 81.88106095706073, 64.35336599974444, 69.46274249181442, 80.04500222817826, 62.97526541304079, 45.7975235672776, 38.279294646882605, 72.60874483461313, 99.00906729413504, 29.002800387230838, 7.655477728596388, 38.584831589884686, 39.36395092485995, 76.33089553863289, 47.4123922118547, 36.434019409636264, 56.82145581591581, 60.46930924032599], [72.57234341621644, 42.38707335696072, 31.17378768002633, 0.0, 11.350585195558253, 69.59685943643245, 58.90882356218809, 42.60332864061706, 30.143055396928702, 66.11204060055051, 50.029584756912236, 57.471172423469376, 67.57513862272069, 23.830429441203385, 56.68667812656738, 95.95538885573886, 25.49383741226933, 72.09386852732779, 73.20954391770172, 32.109405095306045, 34.72810667532786, 62.97003906916998, 61.146138323828545, 45.8509715274104, 22.254711041753136, 54.9281125416521, 55.84390344419976, 40.845648019309216, 69.01967728253186, 39.08861101291842, 43.88826952684349, 31.793353196153518, 72.30361563709323, 36.22111429279884, 54.30777079881893, 55.004469599156465, 15.016664564183735, 37.39214738974556, 78.83910811977415, 16.9662555018848, 44.705302653653874, 37.91921852904938, 12.02153867108583, 73.3554092094629, 61.069362166417484, 77.60690166859412, 47.11757535720567, 56.04084674853234, 79.0189633021632, 61.10580880400796, 63.06538119052272, 45.11970542902946, 62.01832994887191, 5.098934682097014, 78.37424615891078, 68.48189324014209, 8.878846514941422, 78.67729368305011, 16.70312092611588, 26.24496718031137, 31.34802160994209, 50.7193886584145, 75.90838496941998, 36.25433887522862, 62.20655097862039, 50.7570213241975, 41.2287755326292, 50.25031748261949, 64.2975079262532, 16.04423016351504, 30.16107163966259, 50.65640790150537, 75.11761022195847, 13.725188497077122, 34.94982630089679, 16.742369422015113, 36.37548710110094, 45.88486174670682, 17.33004909890366, 13.519067036584985, 59.10936597618295, 34.24558532635921], [67.70956143800429, 44.653654893479896, 40.24761826965711, 11.350585195558253, 0.0, 79.18631265278931, 48.09301327827568, 31.42153395765038, 30.228173965466475, 70.46346078352319, 44.73297443618609, 66.82456547329879, 62.083739532795526, 21.118078618403196, 64.65428009926167, 94.71243737565734, 35.29082634088056, 82.16262694915012, 68.71043924047571, 30.39467597241275, 23.506480691494687, 64.59844898788525, 50.918342394678675, 51.14383106988118, 12.759813184698622, 59.66637942105287, 56.122365772985994, 43.97224112223177, 65.67689096554827, 50.29598308592981, 38.67868593260484, 42.221393181096005, 77.57171513656915, 46.40079147140669, 44.38719685898895, 65.18077377653309, 25.818497196332476, 31.454534844313425, 88.39982191446963, 27.978922098721966, 39.50209835173739, 48.11771474498404, 22.5451878578827, 73.32436985116375, 51.61177027418287, 87.18811769480963, 58.39289934012954, 49.1511687154267, 87.56919869402158, 65.83832891063983, 63.695830948247576, 40.32933200984424, 68.33874473519977, 12.818875331491379, 77.8755871661014, 76.72283100020468, 20.191564161467248, 79.74718899538175, 6.336321137840972, 37.02545216865567, 42.69272140651662, 60.503680916293, 81.67386858055694, 43.26311017340016, 65.89648943814211, 57.5816795740946, 40.007671680328826, 46.51287701520562, 74.28589127933314, 5.602923052459034, 40.04245919784329, 53.70914162439691, 75.95033269415283, 14.35263202300985, 45.042318441655794, 9.715690490886708, 46.70186649179131, 41.177672175593585, 7.327970489895791, 7.831026085224382, 69.36909523045736, 35.646085066787826], [95.82141564213799, 54.22076821027265, 69.86622865533937, 69.59685943643245, 79.18631265278931, 0.0, 116.23955622095397, 104.77743788710835, 63.42222738229861, 43.37535392745617, 84.98072979663839, 12.521385210143633, 95.70583589003905, 91.38174888896975, 20.53410031267505, 91.57572145043441, 44.11669208857893, 6.960791678502242, 94.4161464565597, 68.20806001385853, 101.64202788719214, 58.49154500789908, 114.39521695326978, 40.34046195952443, 91.5579524460547, 40.77518488810777, 63.52204412146122, 51.17235070837803, 86.2220922717503, 37.649157357962245, 81.86580456005365, 38.334331311550486, 38.60329907586994, 33.63770718050649, 107.16058399836022, 15.94920605623957, 63.04373825575746, 81.56763436951236, 9.242258397510339, 53.5665125902405, 82.19119395123937, 32.01655685698971, 65.50089517002131, 71.36642600495874, 110.13692482143567, 8.012686602454444, 35.23799419572803, 94.79278198180178, 14.97034482681473, 40.49524266288845, 63.75610480121108, 80.89086562956044, 30.13648328218316, 66.47247431359624, 76.4807120254209, 14.301439446187086, 61.873323264417124, 67.72057512767039, 85.4328359147684, 44.41571535572448, 48.35150940740595, 18.918401136167255, 36.13296328734638, 39.281549948820576, 46.825789665549536, 30.46525916819557, 67.2195640212821, 78.98465196924352, 7.132418649157486, 81.251027533012, 39.43680080935022, 49.884761715441044, 67.37697017625176, 81.30138764949355, 63.91831713433074, 86.3383014054442, 33.74645101303279, 80.90300287415592, 81.39183034274133, 83.115309065681, 13.209977496303585, 58.79199992306879], [51.48042469965851, 65.14637327669999, 87.848492056537, 58.90882356218809, 48.09301327827568, 116.23955622095397, 0.0, 17.545834667177438, 52.958739150165954, 90.19919613994678, 38.49811589161662, 103.93035616529309, 44.89482231861241, 58.88987944330734, 97.3539235850147, 88.31104474097997, 77.21994430691787, 120.95966002858107, 53.887944222390566, 48.402026381047236, 30.165086267783867, 76.1584558825469, 8.051592737361723, 78.21056626723005, 44.22543371814697, 82.9602922541998, 65.60798895177153, 67.19608806885014, 57.21584204523215, 95.54463954584938, 37.86609379534087, 84.99668295957717, 99.2970879467048, 88.0515449465346, 10.983321352843465, 105.36675793231818, 73.81598160902304, 35.37016139177542, 124.78962445451803, 73.5911328069188, 37.97524224242702, 89.66951924838709, 70.60333392657567, 76.32577388250212, 15.39571835533603, 123.72847800398607, 103.87855182434355, 31.767203804133487, 120.0703366105057, 87.77982246046858, 71.89680823929237, 39.75962672532086, 95.1068522890497, 58.13435152022744, 77.9005747081588, 109.01122150933746, 67.17341501373016, 85.58491346924562, 45.22990687661734, 81.2787177830959, 89.6690253448603, 99.63167832267848, 104.59175042159202, 76.97005522383846, 84.3150543936274, 87.77658297387006, 52.35781025247981, 45.63923638559003, 113.18979029857654, 42.89241539624552, 81.54357714145378, 73.28751056630568, 81.69101111514814, 59.30660165985548, 93.07544246182819, 49.82365021817657, 88.77577645347958, 40.24320977152021, 41.58689698285954, 51.53929696919762, 109.62291836874044, 58.17351032714651], [57.246460358597034, 57.744594193930595, 70.57353384298003, 42.60332864061706, 31.42153395765038, 104.77743788710835, 17.545834667177438, 0.0, 43.495290832209385, 84.40300591009041, 38.12511907372804, 92.2765965633582, 50.49347290205944, 41.442026450215856, 87.16953332800072, 92.06277029126903, 63.30817104375699, 108.87571946664863, 59.2440402075901, 39.85069539232206, 13.068400750285562, 72.68395554932933, 22.73330813399581, 69.35001740782637, 26.68115593735904, 75.6203080480532, 62.21960588553104, 59.00708864465274, 60.19071582147933, 80.59379441992954, 34.778030522891505, 70.93216886728376, 93.07976906323361, 74.45509504467893, 18.759957898477754, 92.57192932425632, 57.23176057550254, 29.218240354961292, 113.67929985900561, 58.27447923582305, 35.25289655379614, 76.1364269033528, 53.93135090412408, 76.03878722165202, 26.841542337781565, 112.54881339330827, 88.86783450031056, 35.56107566213748, 110.3702884537511, 81.10953635107916, 69.41563287161716, 37.0199063512344, 86.97033409261472, 42.5722860144529, 78.81427390140588, 99.2132156798515, 51.21260312768584, 84.66133302866328, 27.935370134484817, 66.59800672143626, 73.84120891275734, 87.15906770448679, 98.08604298508865, 65.81090925872638, 78.75865425128084, 78.21025779884222, 46.53773328264285, 44.14864853163186, 100.98209830105567, 26.63962272748586, 67.87867933098603, 66.76570382715013, 80.6370540902069, 41.85305812348602, 76.0460294908515, 32.32405497739477, 75.0335212247521, 37.77822403147895, 25.621814536021287, 34.16186849784127, 96.85101748058277, 49.42505141073793], [45.171622272483454, 15.206587637973762, 58.185791443153356, 30.143055396928702, 30.228173965466475, 63.42222738229861, 52.958739150165954, 43.495290832209385, 0.0, 42.14457445978209, 25.335848234611834, 51.272990164158486, 41.474564568097165, 51.06995480981895, 44.42287163431635, 65.81606257249415, 29.8087401174192, 68.44326623755457, 45.27092327340126, 5.0016360161538, 44.64992115026205, 34.405204728206776, 51.010399904290274, 25.869212322430332, 41.47908642390152, 32.4429402249992, 26.056756304037606, 15.713059589433783, 39.896318181619904, 49.389822058691976, 20.30575574563776, 37.03805814601277, 50.29103809435095, 38.5906621820962, 43.746664590282386, 53.74157437402837, 40.51195866164549, 18.2474046724279, 71.85920981266496, 32.557216967865344, 20.89332033795219, 39.94929278775887, 39.0972641323087, 43.47532956531825, 47.18998258695606, 70.81193346907507, 57.274770059819474, 34.28592437937908, 67.3342085802161, 38.236845564250714, 33.544213869895415, 20.243306123786827, 43.48217029482029, 25.25558812846148, 48.335470889310756, 56.212123772080226, 31.91718753080034, 49.54232492056707, 35.39976511625062, 35.85421446621404, 47.984678291353546, 47.73817900355464, 55.05670985513472, 24.358981301293618, 36.958563304077195, 35.00929143937648, 11.315371196944827, 22.543849447560174, 60.83146133003008, 27.9528109074867, 32.845454425116124, 24.563869010405266, 45.78061127770668, 42.471030639178885, 59.413849063856794, 39.92820888403495, 39.60975065625789, 20.659269273765688, 26.867956962678544, 37.88330404046506, 57.883843301084944, 6.131377308489019], [56.229617862851335, 27.001456511157834, 84.06710056538009, 66.11204060055051, 70.46346078352319, 43.37535392745617, 90.19919613994678, 84.40300591009041, 42.14457445978209, 0.0, 52.756895104871184, 37.40340363330672, 57.890953543415385, 89.6995549727136, 25.73928167943758, 48.46012334859145, 47.77438249874209, 50.31697785104156, 54.34609633853413, 44.825154695712186, 86.77360914262508, 17.028369678853615, 85.87278643272715, 20.55641191782528, 82.70512575788034, 11.271136534441988, 25.822337149742605, 26.72452990939651, 46.031262423580664, 58.64662135437947, 52.343751328506805, 49.03828450993609, 9.225153376718229, 46.052731143309124, 79.54504423643544, 45.70154152285251, 69.20653307902396, 55.70205041072836, 47.73207232388328, 57.75194921946266, 52.2755494378391, 45.86190219944424, 69.7127358776588, 28.30744436756693, 79.76203085901798, 47.26461427148737, 62.58266467904007, 61.884589749731155, 37.47273504681077, 5.398859654541895, 22.659466260173915, 50.52694072364068, 13.485334331935384, 61.1625678264812, 33.189862158962235, 29.581443392489714, 62.857078067495024, 24.493967115942837, 76.33575080198356, 53.25349793892357, 64.93817358286907, 41.05086027474894, 14.664685507845846, 31.940323275240488, 5.9190312392425035, 20.81168935231555, 38.15860455315058, 45.59531495599878, 45.9759347456744, 69.38947109603372, 46.016114108024446, 17.710158957096994, 24.007346226275317, 79.82321325090588, 81.51093446812065, 79.99609616764674, 47.220143926554385, 50.12409889682931, 68.54885507507767, 77.38999150184102, 47.70357889623925, 36.028747512405836], [22.98075803158093, 30.807803114591234, 80.67399188110355, 50.029584756912236, 44.73297443618609, 84.98072979663839, 38.49811589161662, 38.12511907372804, 25.335848234611834, 52.756895104871184, 0.0, 73.61392464784377, 17.552830624216405, 64.91584403380219, 64.71335472002329, 54.25787097443451, 55.142089814818135, 90.73302054648993, 24.097510182386433, 20.696950340324445, 46.380427079769994, 37.81031550156136, 33.30542477079924, 44.73581072043163, 51.226477448582116, 47.14625153445859, 27.377463561555068, 33.813117764907105, 22.642527088314036, 74.72361762687946, 6.149651100073655, 62.33860081546413, 61.974218655099946, 63.65730411065282, 27.53534508694404, 77.47245652146496, 63.19918911436159, 13.316042431590244, 92.60445851801724, 56.99885837941819, 5.327608575953881, 64.9289574536648, 61.08648568614415, 38.3825499322611, 27.006166244812913, 91.69622282809237, 82.5717587039961, 9.815426379676559, 85.85178552272416, 51.09648203515797, 33.40502850102955, 5.193160394755021, 59.690690733808275, 46.14472257908457, 40.76882080679073, 75.26636888126693, 54.594602452419316, 47.409216394994495, 47.133764441552785, 61.120100969368444, 72.96891059102933, 71.34837101034255, 67.38662451315443, 47.86039709575777, 46.839927665544096, 54.698772134560414, 17.81380610483543, 7.235080140823336, 83.55071231792066, 39.88684276534406, 58.11293995472402, 37.09803075033636, 43.4477939210433, 59.0416235501898, 83.02291055320116, 52.85535114077446, 64.72572330564952, 4.6791609625623725, 38.12648076565883, 52.19311696102345, 81.428968040455, 27.434686258170803], [85.98643099388588, 43.130477861206444, 60.63782863960924, 57.471172423469376, 66.82456547329879, 12.521385210143633, 103.93035616529309, 92.2765965633582, 51.272990164158486, 37.40340363330672, 73.61392464784377, 0.0, 85.31957899310396, 79.73399497329376, 11.73666598116358, 85.70286237757547, 31.989782841933074, 17.211296239603175, 84.77872593976176, 56.129445846008494, 89.15486613850567, 50.4257410738629, 102.28335329501998, 29.57675897497951, 79.27950051741213, 32.02330040770746, 53.93514154593475, 39.88992082116694, 76.76463889916197, 28.92237920398735, 70.172013573905, 26.860082789544578, 35.19692210111523, 22.09649576413381, 95.01052830967284, 8.966486446768855, 51.94363772541008, 69.4903050786338, 21.62303966915155, 41.86447260074662, 70.54216525464821, 20.611551290692212, 54.16517942995766, 63.96693331656978, 98.24123150704739, 20.435046662564808, 29.055788133799123, 83.39102159512397, 22.735047948043118, 33.380166472628666, 55.287676043795095, 69.32395624145721, 24.056685308521004, 54.171223706599775, 69.40006812884585, 14.78773799458546, 50.0268764149888, 61.76014427863838, 73.09781078256891, 33.00324199717231, 38.926044709854665, 7.745594524327779, 34.497951072501806, 26.976960714756398, 39.525895091723605, 20.280761924892495, 55.80016374151454, 67.9298892198427, 10.021078909090502, 68.77910468420859, 27.407843344393218, 40.05302511768757, 60.74837905710098, 69.54532670291063, 55.43296191569523, 74.18933795629897, 22.436784743369852, 69.39340734845267, 68.89676765297045, 70.98194224121939, 10.300290509070853, 46.9083959679297], [6.779410473322286, 42.510825925041324, 98.11688393029016, 67.57513862272069, 62.083739532795526, 95.70583589003905, 44.89482231861241, 50.49347290205944, 41.474564568097165, 57.890953543415385, 17.552830624216405, 85.31957899310396, 0.0, 81.87151547342192, 75.17415502476352, 43.44420974050304, 70.9564165865598, 101.97063454652618, 9.020294325347518, 37.32493202819349, 60.86692451976117, 41.01049847561368, 37.577141378045724, 55.74313799164055, 67.6918801917095, 55.48319879929679, 32.74864466100995, 45.96483717150462, 13.81665710168416, 90.27396272816983, 23.70194854741448, 77.73678307727663, 66.84762751437287, 78.46307293159461, 34.75305882735767, 90.37197194361131, 80.57222924864476, 30.647163412437187, 102.45142590091626, 73.8494274068414, 22.880439192352434, 79.5687958315576, 78.54308398672259, 35.3093483805332, 29.90453614837302, 101.68210426210256, 97.80896851209633, 14.975513270276606, 94.12713267580963, 57.83614657517501, 35.48682242066021, 22.504565360114896, 67.70757904785066, 63.63114800885808, 35.14125623159795, 84.34663062445779, 71.93415657915192, 44.697860178772885, 64.08607108784604, 77.19889262418734, 89.45865343448914, 84.26014676383419, 72.25526495898725, 61.48233873585313, 52.32601468215532, 65.33858833848635, 31.655306851370828, 19.040757564716912, 95.33741219412997, 57.0723532553447, 73.43477390689696, 45.87009265267273, 41.32706098299728, 76.42723698493074, 100.24898089389377, 69.8602111372391, 79.609858683464, 21.78599190776942, 55.286413489206126, 69.40388740976337, 94.06022521233153, 42.0729458130849], [87.82486888126414, 64.93619966049984, 33.91822059282222, 23.830429441203385, 21.118078618403196, 91.38174888896975, 58.88987944330734, 41.442026450215856, 51.06995480981895, 89.6995549727136, 64.91584403380219, 79.73399497329376, 81.87151547342192, 0.0, 80.08490962075977, 115.81939559140262, 48.04920322600173, 93.0112531358033, 89.01272728942388, 51.49967009567952, 28.832737438381308, 85.23600309150353, 63.9285487097575, 69.59736150914385, 15.198643086209882, 78.58777271578467, 77.0893914240423, 63.83713656347171, 86.4666805194149, 56.93642402782807, 59.028728698557714, 53.050171365938844, 96.09301878282032, 57.7701061509968, 58.69362974331845, 76.0086411181869, 29.031634949692275, 51.622777188729934, 100.56397450035878, 37.87403472429121, 59.837753103899146, 59.370012789842406, 26.128510572748453, 94.3772870102784, 66.66216944178576, 99.3135102052328, 63.835322102298925, 68.06419709997168, 101.88615644991462, 84.78052330201969, 84.6128404456081, 60.83775924823922, 85.83858487545817, 28.596058849774707, 98.97813515988918, 91.64474961018772, 29.79101082357294, 100.59520354657107, 17.795295666122584, 46.97218606499689, 46.828190202642716, 72.51378666089474, 99.73741463467047, 60.05380790245284, 85.55809644019729, 74.5400212706343, 61.11043739878467, 67.31754381553569, 85.4929672478108, 25.15190481333362, 52.41295798555496, 73.67909946490583, 96.85004831999314, 10.323986427390626, 41.04312335410407, 12.065114413000865, 57.63624758694533, 61.70658954817069, 26.85809104332091, 13.291648462928041, 79.8443662384532, 56.175018211713635], [75.380291895875, 33.905551617923386, 65.72017732266367, 56.68667812656738, 64.65428009926167, 20.53410031267505, 97.3539235850147, 87.16953332800072, 44.42287163431635, 25.73928167943758, 64.71335472002329, 11.73666598116358, 75.17415502476352, 80.08490962075977, 0.0, 73.96965290256243, 32.378141791329725, 26.900516699905367, 74.03352849059014, 48.96907637647758, 85.63254129139995, 38.88668644388874, 94.96667859455813, 19.977563441295192, 77.39281657401952, 20.634629581368927, 43.114126096325386, 31.01696614980255, 65.89551908240709, 36.03445650987824, 61.89857385184998, 29.842420879067426, 24.445813962962497, 25.528672455353636, 87.84288853140072, 20.009783465652475, 54.238051279795734, 62.21062831401023, 27.913422489037345, 43.09803457837594, 62.17338871791927, 24.619036049134536, 55.858812724444796, 52.31413483562402, 90.33653989338123, 26.98565215559223, 38.27206088362227, 74.52757920951923, 23.27252397060318, 21.644357603643954, 43.89265534335541, 60.79597776589122, 12.597000054802997, 52.64286966851206, 57.709831008290145, 12.16866572146226, 50.475106108222825, 50.03411727252168, 70.98834514999926, 35.56669734004138, 44.55092914548459, 15.905894512886595, 24.805296816085267, 21.70238526927778, 27.811462073645036, 10.018097460378629, 47.055668834763125, 58.56574811459018, 21.036581623941764, 65.67973699638667, 28.6267214461802, 29.38486394075257, 49.01638913798789, 69.7610347900805, 61.54043952249714, 72.9708837029912, 26.37936839217066, 60.756476170687726, 65.49453758965176, 69.88042295936306, 22.010863956415214, 39.27536055713641], [37.03932514305312, 55.70093502248704, 122.16239256514051, 95.95538885573886, 94.71243737565734, 91.57572145043441, 88.31104474097997, 92.06277029126903, 65.81606257249415, 48.46012334859145, 54.25787097443451, 85.70286237757547, 43.44420974050304, 115.81939559140262, 73.96965290256243, 0.0, 87.56385292813148, 98.53651252455887, 34.527992531277036, 64.4669497761761, 100.57289774799268, 37.28062556857492, 81.01139321963163, 61.60410706955502, 103.75285384549143, 54.870971462282576, 40.668059937327534, 58.53216998352141, 31.87592746583858, 103.18258959486788, 58.880373434331105, 91.64620919255819, 53.40167953412608, 90.03444570877292, 77.95898818894482, 93.66508599069032, 104.9572125182504, 66.09088890053995, 94.88527583169895, 94.9674317482651, 58.19331697524501, 90.37030722506276, 104.12847342422212, 23.789080445681563, 73.33043130618681, 94.60983245980883, 108.59485160701317, 57.22463547899187, 83.37211492971942, 52.351169804640364, 34.51326193032916, 56.71307780383299, 61.945075568119144, 91.02478476725328, 18.156012998862433, 77.43987722425248, 96.76591900688913, 23.97021567085129, 98.6748955872694, 94.0169372595645, 106.87658689321557, 88.52604695196281, 57.182969136637475, 72.6238880330563, 46.37823756198402, 67.13317250406945, 54.942485923326984, 49.529668894028845, 94.43601841619336, 90.97941786540224, 87.71807840359997, 50.90061648190493, 25.192681501684554, 107.99749584992102, 121.7359124412608, 104.00160584899588, 91.29097678324057, 55.84058183386628, 89.41920530757407, 102.54318904867608, 95.97730320819161, 62.15010895426298], [74.03070134841471, 32.36759416114593, 36.33321789737222, 25.49383741226933, 35.29082634088056, 44.11669208857893, 77.21994430691787, 63.30817104375699, 29.8087401174192, 47.77438249874209, 55.142089814818135, 31.989782841933074, 70.9564165865598, 48.04920322600173, 32.378141791329725, 87.56385292813148, 0.0, 46.87272292517238, 73.76350093796943, 34.52936241382655, 58.32921933063789, 50.75690519552502, 77.2592864792307, 27.76602970867782, 47.47975095410214, 36.80504684287991, 47.60611817593281, 29.206405819963646, 67.29416986779965, 19.62644563282012, 49.92917818088455, 7.793114481729948, 51.81895936695607, 11.231410066328023, 69.91142928219712, 29.90988575887113, 22.171500726433695, 46.35951417624283, 53.35789664053489, 10.7648647997619, 50.56940685448187, 12.942399296786931, 23.52502622720211, 63.77745604540737, 74.88773870356933, 52.12888509977539, 27.692811932257236, 63.900903217273765, 53.84645016972407, 42.383650343296914, 53.05762511485268, 50.02733767291945, 40.13685397205242, 22.483459153436822, 69.42258567683781, 43.645180106198865, 18.263634469586854, 66.2907429094144, 41.4481003232679, 6.560918201264115, 19.499089489832585, 25.282108499898364, 54.39260278256741, 15.964463161058557, 45.578654763585284, 28.677203644501564, 39.45793281299303, 51.91571042510611, 39.00357088589496, 37.96115045648093, 4.75208313287418, 36.95525781458917, 63.50495884673183, 37.767321033499215, 34.4810415043925, 42.22898915416884, 11.730522106098334, 50.46391826192749, 38.395866887360214, 39.01182571538523, 34.1243658132064, 29.101143794147365], [102.27927109712775, 60.11017917989989, 69.30679673492017, 72.09386852732779, 82.16262694915012, 6.960791678502242, 120.95966002858107, 108.87571946664863, 68.44326623755457, 50.31697785104156, 90.73302054648993, 17.211296239603175, 101.97063454652618, 93.0112531358033, 26.900516699905367, 98.53651252455887, 46.87272292517238, 0.0, 100.93101974627947, 73.31896935038037, 105.03753934113783, 65.28002322362434, 119.44675722366902, 46.35022250598467, 94.27190908790374, 47.391419713314235, 70.0128017223308, 56.94689138835543, 92.77830867917424, 37.437996302038265, 87.36987940467486, 40.35426187249745, 45.52627657138519, 35.875253350217996, 112.15937326265441, 17.107027070012617, 64.22456124815294, 86.67487630101132, 9.670098469539933, 55.565477847873666, 87.73284614646539, 34.17471626964412, 66.91648092415015, 78.25033115223033, 115.45078922099525, 8.639553559274047, 33.547035904340596, 100.52528148098008, 19.96903191837038, 47.35017769299627, 70.49158248916416, 86.49747209849033, 37.03291139177492, 69.35546617671798, 83.39479907984132, 21.216669326716584, 63.977275316449045, 74.67848427346874, 88.31122829738112, 46.22184542790948, 48.30039048913128, 21.799148932899946, 42.92116665336981, 44.10373484835686, 53.681143595730894, 36.632048732323526, 72.92545524255631, 84.92315762860915, 7.9189130934401835, 84.61575670169533, 42.12219277385023, 56.27141908346673, 74.31241551364789, 83.13365374293986, 62.890022200994665, 88.79273209396816, 35.743498248242446, 86.55284145805548, 84.88737216662844, 85.55350787511702, 13.167922594053566, 64.11928574205534], [2.6124032501520764, 43.23142715263411, 103.09571937234143, 73.20954391770172, 68.71043924047571, 94.4161464565597, 53.887944222390566, 59.2440402075901, 45.27092327340126, 54.34609633853413, 24.097510182386433, 84.77872593976176, 9.020294325347518, 89.01272728942388, 74.03352849059014, 34.527992531277036, 73.76350093796943, 100.93101974627947, 0.0, 41.739154278428416, 69.23471921524653, 37.334805179113935, 46.49628797593047, 55.43834169218054, 75.23173999445144, 53.67580037210513, 30.91975205854727, 46.763316999538894, 8.331678749715602, 92.6036526681504, 30.0451451384865, 80.06042150460155, 62.91975261019836, 80.26053211764184, 43.7716638669215, 90.56501152514592, 85.42541091671973, 37.39768513069916, 100.56366445442916, 77.80661356003411, 29.225629742377635, 81.21394401780375, 83.65551518314156, 29.099926222006285, 38.811579082231155, 99.88365760502391, 99.77834057697889, 23.69075162334237, 91.45121908747237, 55.10075127470391, 31.70484304974153, 28.40362774279098, 65.35397872800212, 68.94842174895827, 27.863069022872722, 82.24917636697747, 76.76142387355866, 38.14539866766949, 71.23115024591488, 80.19419175883094, 92.80671232635764, 84.54095035608107, 68.20415424700975, 62.688829563342125, 49.165343172397584, 64.524363885994, 34.45325421000366, 23.05981018867197, 94.72083508870618, 63.959731763407866, 75.74809683114405, 44.74249472670038, 35.173310410373155, 82.95764248139584, 104.66438118082775, 76.95120498944189, 81.4578774601974, 27.5717650515787, 62.20765164027952, 76.24482123490885, 94.02362476873454, 44.67673862810354], [41.43361040442727, 17.930001495422704, 61.3627350656712, 32.109405095306045, 30.39467597241275, 68.20806001385853, 48.402026381047236, 39.85069539232206, 5.0016360161538, 44.825154695712186, 20.696950340324445, 56.129445846008494, 37.32493202819349, 51.49967009567952, 48.96907637647758, 64.4669497761761, 34.52936241382655, 73.31896935038037, 41.739154278428416, 0.0, 42.20562411330059, 35.33152131889772, 46.18721584909512, 29.94600159639276, 40.68364984586642, 35.770065241735864, 26.022049157664533, 19.22234661879436, 36.98183034569977, 54.147681733555885, 15.420947211839902, 41.87270833962742, 53.31547347499981, 43.53800705634725, 38.96548754813532, 58.72528637573151, 43.68722871626114, 13.364155024794984, 76.55723369157495, 36.527416173898835, 16.0444791899669, 44.91344103021742, 41.98072176786817, 42.97841561911887, 42.2276064461638, 75.52609818481793, 62.09968443022871, 29.40973046186375, 71.69982739045483, 41.30267982964881, 33.67301359518391, 15.534548465713089, 47.296870196610136, 27.51251701585368, 47.48107798975312, 60.618974686600694, 35.02436468809359, 49.79185178985818, 34.94669978844144, 40.43276256969731, 52.3129298463131, 52.71067037270656, 58.26014959922953, 29.27711588877174, 39.36687477021754, 39.38353095932719, 9.613093636845102, 18.716525023716592, 65.74179194529339, 27.27250485356747, 37.71551586507898, 27.115357629641665, 45.899814833244044, 43.549065906739976, 63.04543857758754, 39.91539844773481, 44.54299789771639, 16.025861767877842, 25.943150973073234, 38.20911137151891, 62.85874326274576, 9.81488060417443], [67.47481622433378, 59.77890683187535, 59.7698749927252, 34.72810667532786, 23.506480691494687, 101.64202788719214, 30.165086267783867, 13.068400750285562, 44.64992115026205, 86.77360914262508, 46.380427079769994, 89.15486613850567, 60.86692451976117, 28.832737438381308, 85.63254129139995, 100.57289774799268, 58.32921933063789, 105.03753934113783, 69.23471921524653, 42.20562411330059, 0.0, 77.14023953324741, 35.79596066797235, 69.5821798404102, 14.92819480301696, 76.97626080600725, 67.12753779672511, 60.293180012729856, 69.00837124320911, 73.78722210696817, 41.79732664444732, 65.52138207912247, 94.91119989690544, 69.54011469169191, 31.559632532909372, 88.21103081905913, 48.248046358969994, 34.93371561897143, 110.7748726585615, 51.48519531554328, 42.44412476784764, 71.25655574912918, 44.847795849901566, 82.52176976471591, 39.68469704798967, 109.58991117942938, 81.84548852829482, 45.95461074673435, 108.86997055837068, 82.86210476606601, 74.67188711754353, 44.01681089183562, 87.32520109677915, 36.11756915227438, 85.96025525051455, 97.80116666177658, 43.60695187606729, 90.52580406481523, 18.266414594449284, 60.482982186077166, 65.86135226769642, 83.25934702170896, 99.58201900207607, 63.93041899026573, 81.47200045457204, 77.49554038190233, 50.56498108811329, 51.297948380897324, 97.12544093051811, 20.422793102375305, 63.06419649835063, 69.11736036011496, 86.51239228167353, 30.768072231336756, 65.81756138822173, 21.21701846646144, 69.92400759467279, 44.86890730335101, 20.26898140454788, 23.701536462027697, 92.44388289850481, 50.779998617482434], [39.201481513498166, 20.599504504414494, 86.26463476830972, 62.97003906916998, 64.59844898788525, 58.49154500789908, 76.1584558825469, 72.68395554932933, 34.405204728206776, 17.028369678853615, 37.81031550156136, 50.4257410738629, 41.01049847561368, 85.23600309150353, 38.88668644388874, 37.28062556857492, 50.75690519552502, 65.28002322362434, 37.334805179113935, 35.33152131889772, 77.14023953324741, 0.0, 71.096481865053, 24.33154544778684, 75.78202818820043, 18.452617940945263, 10.595811542054282, 22.614545850193473, 29.01240321710715, 65.90242154381568, 38.65380032441709, 54.43504931210746, 25.842920815509576, 52.753990777168134, 65.25820423146763, 57.64930068740639, 69.66123980884197, 43.466385424773186, 63.84557878378628, 58.98098465396078, 38.40485999557673, 53.10366232591381, 69.33258327605229, 13.871590949781082, 64.52127886129884, 63.26061503718576, 71.4298595262218, 46.279129457307455, 54.22008262060367, 18.139818545097643, 5.632543404666252, 36.58338476672555, 28.577621048207273, 57.8731034151668, 19.555303414744838, 45.488680015139586, 62.011904929517236, 15.872467926420398, 69.7864433511479, 57.095781228746674, 69.84481690131523, 52.13140365395271, 31.244770928597234, 35.44110415629137, 11.94472444835246, 30.68561024374455, 26.582911372246038, 30.586582458034695, 59.917697456274176, 62.263924657022166, 50.58252937090013, 13.804843189554317, 12.764366063203898, 76.15693456066934, 85.18875706592567, 74.3102919044637, 54.01069983240157, 36.01427790512888, 61.07257992755322, 72.16999883468958, 60.440830039991376, 29.061322308827194], [44.02887842023839, 61.88795848846118, 91.12611706301043, 61.146138323828545, 50.918342394678675, 114.39521695326978, 8.051592737361723, 22.73330813399581, 51.010399904290274, 85.87278643272715, 33.30542477079924, 102.28335329501998, 37.577141378045724, 63.9285487097575, 94.96667859455813, 81.01139321963163, 77.2592864792307, 119.44675722366902, 46.49628797593047, 46.18721584909512, 35.79596066797235, 71.096481865053, 0.0, 75.39253570635013, 48.89066184154755, 79.37475466902, 60.68199492159337, 64.25445809762518, 50.36337289823688, 96.16034298967523, 33.80328841817299, 85.04774825487867, 95.05846498668978, 87.74935300563537, 7.367715730682504, 104.39120241815078, 76.1625576205083, 32.82969519645746, 122.69777611293922, 74.724714672988, 33.75305703246514, 89.30838237134094, 73.08621910852267, 70.17634354167974, 7.687020218849844, 121.6809297097368, 104.48241863868968, 25.431053227220612, 117.26467345790084, 83.84458473744694, 66.53414524115205, 35.435052098151985, 91.74413099771692, 59.71693837301549, 71.37816976419235, 106.32910344154922, 68.95409336141357, 79.54462851231995, 48.947482816464934, 81.81914585811984, 91.0896593381898, 98.50315220416353, 100.43044360075118, 75.34550623077838, 79.9562182309066, 85.17656515011183, 48.755386560087324, 40.54046347939338, 111.79899269095327, 45.44892981429534, 81.36073963813897, 69.48673022384173, 75.72826932997, 63.219909373654964, 95.88276631455297, 53.99487314716072, 88.56444878237794, 35.77920297268304, 43.94466351838685, 55.330644377121146, 108.6021474976383, 55.71440134761998], [56.5364013609076, 13.928019845931487, 64.06403236090274, 45.8509715274104, 51.14383106988118, 40.34046195952443, 78.21056626723005, 69.35001740782637, 25.869212322430332, 20.55641191782528, 44.73581072043163, 29.57675897497951, 55.74313799164055, 69.59736150914385, 19.977563441295192, 61.60410706955502, 27.76602970867782, 46.35022250598467, 55.43834169218054, 29.94600159639276, 69.5821798404102, 24.33154544778684, 75.39253570635013, 0.0, 63.712919059581594, 9.294811347404986, 24.94067996524015, 11.15311601728972, 47.59471917840932, 41.58482755330912, 42.033906321775405, 30.379593445747147, 26.533184795115478, 28.44161850805955, 68.37702335057986, 35.16695289037086, 48.73581614127301, 42.86059002495533,