instance_id,num_cities,city_coordinates,distance_matrix,best_route,total_distance
2519,64,"[[60.58901626834441, 27.26448105138326], [5.825735923565789, 37.19386502588156], [32.20010191958944, 77.6076346860571], [41.94549976036507, 18.144773360094423], [41.34152323207913, 30.12030216237056], [3.368650477147528, 8.240520486999758], [94.87808282512209, 18.230903439122393], [82.20215153057538, 91.40640302950708], [42.99600397724556, 57.488568062305035], [71.2952779091164, 20.802562329078523], [37.375629372652476, 62.03589205820354], [54.85178402267902, 5.7041041690285565], [83.59675101301912, 0.45196545633118257], [62.84226337402515, 63.60140328406203], [82.65390823831797, 55.31216127100954], [79.50341307575441, 66.03219824700392], [8.562718939839764, 70.89202740273977], [83.36227261346333, 89.07948794137816], [23.318776414623443, 43.126591590786155], [13.351787973310325, 2.3530318660521354], [5.903478216488955, 64.92438171418728], [15.256622113593988, 14.08073392349568], [62.352083299175796, 36.652428922769644], [17.14852705739418, 38.97713348083152], [25.29865423086084, 55.6912459014008], [50.937018462707904, 58.012800768497165], [4.390950562853535, 94.03377979082201], [54.36941540094254, 88.23369160418851], [50.02316476208573, 47.59308013161948], [32.668334474943805, 5.421276928263541], [19.560305637670837, 16.07298444897888], [10.155721201543933, 12.201476538061208], [8.789107876082491, 87.68833124536455], [74.81151067726293, 24.7847476434381], [26.132116913124193, 92.06953624751664], [13.14318634695092, 56.10580807974069], [44.98807704361162, 61.45565398189139], [58.565364930063126, 21.89553162344874], [80.20923115075081, 22.78651647340585], [63.759762190459426, 44.09696538542375], [24.011651469013728, 87.28786230797974], [14.393887784275572, 53.9424607296864], [51.91266990199676, 82.44368548544473], [91.77705983571435, 35.19255162853899], [32.07302467384956, 35.35779446020071], [68.966411173687, 67.70102086506228], [83.09693901132245, 30.63219673236217], [39.440477437549326, 93.95435197013323], [44.75430933698821, 72.48685800443366], [92.74984172656629, 48.040274839650664], [72.45677319261875, 45.18351597398493], [43.149816818761934, 64.13021390626245], [87.19919737822201, 30.603096789420736], [30.773300304112205, 19.50601539984971], [69.05140652431312, 16.222964167695974], [37.75380120842399, 73.0026094412225], [70.66341005869022, 59.53241843209206], [51.77991348770368, 55.601369061140225], [48.99848333978045, 28.840356865840377], [94.37071005621246, 53.50083057320153], [36.253462797153404, 92.22688629671207], [80.10291904422473, 69.02133236075399], [32.112105535064906, 1.520464848929981], [99.75731549008118, 15.663699566579513]]","[[0.0, 55.656172525909824, 57.79587853632229, 20.754512187903888, 19.458203986982998, 60.299928166073244, 35.45906950008517, 67.68540293823489, 34.97155296978568, 12.505216187429072, 41.80804174527078, 22.310663036984757, 35.330820123742136, 36.40671696078903, 35.68657763570246, 43.13571957377996, 67.89770551611984, 65.8765229909003, 40.50527532949415, 53.40352083440289, 66.39861587377554, 47.21056182819406, 9.552066299553868, 44.99180291808435, 45.31545666298481, 32.22763142190049, 87.27177002441906, 61.28562694777696, 22.910459589831227, 35.44982423331047, 42.527693238843504, 52.63469726580862, 79.58814096152403, 14.437050425422706, 73.39600188123103, 55.52412918440467, 37.582251277135036, 5.737663522606223, 20.12473599313596, 17.128518866449824, 70.29018361861102, 53.3451450028546, 55.857171323338456, 32.17993730007143, 29.642258661421963, 41.29521155658739, 22.758473039986214, 69.96284426634742, 47.914520981490824, 38.287756550715045, 21.492684033667828, 40.782446424529724, 26.818801124337348, 30.808614180546925, 13.911403377699378, 51.12165329327911, 33.8040410757102, 29.67456004522056, 11.697172228821644, 42.77322610475269, 69.37098282428698, 46.09150716584788, 38.38865477121263, 40.85013824923571], [55.656172525909824, 0.0, 48.258470342914244, 40.835098052015425, 36.2133461548032, 29.057416073666925, 91.0489670496927, 93.66085702025792, 42.34977920271868, 67.49026397856208, 40.15622098409335, 58.26798804694011, 86.0133592648427, 62.83504181081008, 78.93567457146023, 79.12047505870163, 33.80912929385308, 93.29540389104349, 18.47170024972545, 35.64442613826927, 27.730625663055477, 24.963141703025723, 56.5289403817362, 11.462357761068288, 26.857915903074307, 49.68355762001616, 56.858020714029514, 70.43829011514929, 45.40436532704143, 41.59353857766058, 25.193848486791303, 25.36470490334241, 50.581347274657205, 70.09296193327187, 58.5122927333914, 20.278231450772772, 46.06868095950646, 54.91363649072029, 75.76592937808644, 58.34384452593979, 53.29292718480591, 18.812992434955547, 64.58755093015183, 85.97462031067927, 26.311429491058306, 70.12439966543263, 77.54930249475821, 65.9674444343609, 52.545496299762426, 87.59820075492107, 67.10834262461304, 46.02883776152449, 81.63993174335194, 30.581710104482767, 66.61279235791017, 47.97569727932444, 68.5779480265683, 49.50376390138813, 43.97348312385709, 90.03404672407294, 62.884656259610175, 80.80895748178091, 44.312128221710054, 96.36747202539628], [57.79587853632229, 48.258470342914244, 0.0, 60.25615865739918, 48.3592011289229, 75.12023112706022, 86.33727760339116, 51.871099594048474, 22.832615773263424, 68.95831372020095, 16.409303851337533, 75.38711032340133, 92.70713474334119, 33.6914911615075, 55.16044512917624, 48.699014108003475, 24.57285606752102, 52.432538821048034, 35.60646395899333, 77.57908341952873, 29.195501779056837, 65.74761310064801, 50.8573579753032, 41.45920319059694, 22.9773383480434, 27.111428545920326, 32.29809812023982, 24.584376051912987, 34.90752145582501, 72.18787632325844, 62.81940488294961, 69.02115795118759, 25.489116995807276, 67.8674410290444, 15.68333634186403, 28.73142145023056, 20.601426854476642, 61.63574872807296, 72.87133518482995, 46.032348553915206, 12.679019188950212, 29.61590316397488, 20.29711121798587, 73.13311961974465, 42.25003133415143, 38.07758518559529, 69.26167624945161, 17.878428443422713, 13.558409851532314, 67.38323054721764, 51.69064766705184, 17.36482442320683, 72.34864949772111, 58.119135631298875, 71.59676267624035, 7.214557040897606, 42.49870016401699, 29.455810085571542, 51.579385459041866, 66.68075075022121, 15.170769659427435, 48.66625603123542, 76.08722072192883, 91.65712303741091], [20.754512187903888, 40.835098052015425, 60.25615865739918, 0.0, 11.990749673847155, 39.82797415880308, 52.93265313866211, 83.59344707311777, 39.3578167671859, 29.46987138730969, 44.12838107082556, 17.926026424759844, 45.25331128692333, 50.0297904609817, 55.12340015754024, 60.858872113322136, 62.4234159939249, 82.14062823166941, 31.161612036448272, 32.6646514320268, 59.05386587456865, 26.996529528562498, 27.549264348673344, 32.38637187818297, 41.07134118066086, 40.86938974356888, 84.67281418773872, 71.1815294895487, 30.536067913041315, 15.746528416887276, 22.48086353330151, 32.34057510208614, 77.0431876685151, 33.53004521430168, 75.59718013944045, 47.65095397734159, 43.417619197280686, 17.03784334383502, 38.54424625084223, 33.90248245023649, 71.43101331909261, 45.17262161411538, 65.0668470200897, 52.66698323839325, 19.843232088714114, 56.44423194959982, 43.0043799502271, 75.85095481185098, 54.41462647790813, 58.947622270392415, 40.76801943433073, 46.00120782982008, 46.93726633239447, 11.254822103484972, 27.17394951176277, 55.0177472844378, 50.37514800482774, 38.72611851027765, 12.811716664830204, 63.23332551922543, 74.30046259576275, 63.595698770843455, 19.314845986042474, 57.86503058960151], [19.458203986982998, 36.2133461548032, 48.3592011289229, 11.990749673847155, 0.0, 43.82537976360409, 54.84086993347038, 73.65851684934134, 27.418229062170347, 31.369534501695252, 32.16105086130169, 27.904800144063007, 51.63055759646651, 39.790274678273065, 48.387425228598644, 52.40223389164159, 52.31427711347152, 72.4011668849103, 22.225727604328828, 39.42647054409986, 49.670705531290594, 30.6217213045033, 22.002552450727137, 25.763239798441337, 30.186864850376573, 29.496864362399506, 73.82599435934667, 59.55578902827104, 19.51073729048202, 26.177586801154035, 25.918112871810887, 35.967187268983636, 66.1342401333059, 33.89259803563695, 63.78897745152599, 38.34570016141132, 31.546816453543286, 19.08684293577983, 39.55354764598034, 26.41826173020639, 59.736541482798735, 35.96762843216187, 53.3805730981812, 50.6899503564925, 10.645956560766807, 46.6416643356263, 41.75855341062797, 63.8623511152919, 42.50378998297106, 54.44208511055666, 34.56962815017354, 34.05795094427957, 45.86021553313645, 14.978331660509834, 30.999574761719785, 43.03212784509846, 41.53126088305296, 27.536244504802987, 7.763201533712691, 57.95466990673409, 62.31465439064471, 54.9157168377265, 30.05216873008049, 60.17805367193828], [60.299928166073244, 29.057416073666925, 75.12023112706022, 39.82797415880308, 43.82537976360409, 0.0, 92.05315833896519, 114.5918186757455, 63.21152850075106, 69.07844533227166, 63.64288346769966, 51.54557640966973, 80.60527095084832, 81.25231058300874, 92.2057019080387, 95.58441344833575, 62.86644308379593, 113.72738562711149, 40.187628469214125, 11.589890272521105, 56.74051000203635, 13.245073144863452, 65.46970206464432, 33.6841858577496, 52.273285787204586, 68.84787227815846, 85.79934987771247, 94.86825311027943, 61.03497074421234, 29.435006652185333, 17.986583570900915, 7.858339637378819, 79.63250587988937, 73.3334420696115, 86.86471831278119, 48.85311973462772, 67.55758359059651, 56.86067723421212, 78.20524814546066, 70.23368860257472, 81.69832151833377, 47.01301096105831, 88.67148085887925, 92.42542306079226, 39.48781642180199, 88.53596621492326, 82.81296491290344, 92.99482570433784, 76.42227845116334, 97.84179983880371, 78.34509311947635, 68.60174214987818, 86.76200442944393, 29.62981957032481, 66.16603244163093, 73.32439400722834, 84.61349456172695, 67.72518264235178, 50.06430770425994, 101.63597058488112, 90.19490297818842, 97.89001514228627, 29.518559525242242, 96.67408303481886], [35.45906950008517, 91.0489670496927, 86.33727760339116, 52.93265313866211, 54.84086993347038, 92.05315833896519, 0.0, 74.26528781662707, 65.0608510338096, 23.722607722437957, 72.28699178255562, 41.94073551781942, 21.056093731998406, 55.54075966425872, 39.04420733890701, 50.212988909366096, 101.11150290525889, 71.77837982849863, 75.76628288689187, 83.05807340623464, 100.48264118088535, 79.72954855538723, 37.38038585015575, 80.45054319761825, 79.02261790712251, 59.27407943128886, 118.04235328152495, 80.87856630384779, 53.610643482084086, 63.5148748022084, 75.34868396214081, 84.93663843025335, 110.61485381826306, 21.109717942684114, 100.88682532514565, 90.08385928585258, 66.01054261528046, 36.49716400839242, 15.359974595123473, 40.46483707778361, 98.94905083609986, 88.05124062436747, 77.26129746375712, 17.242791330941017, 65.09843105200476, 55.84538697070749, 17.105187076041688, 93.84758253965246, 73.86542678738729, 29.88524775651383, 35.05935607068413, 69.15605689586175, 14.561471423032097, 64.11746292998784, 25.904614045851062, 79.13989719859588, 47.87656543550169, 57.04387698117309, 47.090319078862265, 35.273576330872416, 94.40472208785116, 52.89587067811298, 64.95234147475028, 5.513387989431085], [67.68540293823489, 93.66085702025792, 51.871099594048474, 83.59344707311777, 73.65851684934134, 114.5918186757455, 74.26528781662707, 0.0, 51.84150397930044, 71.44132007351186, 53.59145457524188, 89.96069493277479, 90.96512860414799, 33.88101651778371, 36.09706874863743, 25.517316818034285, 76.44348003356204, 2.60007975922338, 76.14586041016514, 112.56498335425471, 80.76376045253673, 102.2788492876816, 58.24107561912376, 83.55119605670141, 67.18318579543501, 45.74539559035408, 77.85554639641992, 28.012984458106494, 54.36078046534278, 99.2322575715555, 97.97512343395884, 107.07057720807954, 73.5071359556915, 67.03034043329025, 56.073955876743725, 77.55818896828707, 47.769600254079364, 73.4197447859071, 68.64882054786172, 50.77700872217495, 58.336066674823776, 77.46939786091053, 31.587703352770756, 57.02346848782473, 75.19558419197921, 27.150137501628627, 60.780792983339964, 42.83751644344258, 41.95581090756783, 44.63042507807496, 47.23904832548462, 47.63481226509156, 61.008298754589156, 88.40018370890792, 76.32490794824072, 48.10774849024718, 33.89828091321524, 46.98417845416746, 70.83073989362583, 39.81088092258302, 45.956013633828846, 22.483286367362307, 102.90041103141854, 77.75050423963893], [34.97155296978568, 42.34977920271868, 22.832615773263424, 39.3578167671859, 27.418229062170347, 63.21152850075106, 65.0608510338096, 51.84150397930044, 0.0, 46.33262265110181, 7.229575798041622, 53.12429031243386, 70.01138976405666, 20.76633733937247, 39.71757944414013, 37.49379329727501, 36.95001814286322, 51.25838333792158, 24.361027333010348, 62.599575830322394, 37.83050081584845, 51.51420552430043, 28.43945324648373, 31.792534868840253, 17.78838258515767, 7.958299503572628, 53.15921979685364, 32.78135306875478, 12.136789941427635, 53.08166880746884, 47.58657922876949, 55.9410835747153, 45.63044419232232, 45.62637764022417, 38.47380989112018, 29.88482467134468, 4.439158230466828, 38.849314581043416, 50.88277371709928, 24.707664345143197, 35.33275502557237, 28.82110212900623, 26.50027956109727, 53.63491175980267, 24.67959920845586, 27.906204367443486, 48.26333672280681, 36.638711289930846, 15.101004566791453, 50.643011517947755, 31.927280336066087, 6.643426669029486, 51.73732571760174, 39.90073673301559, 48.80301288523599, 16.375779974590646, 27.742795165765823, 8.984352305976994, 29.270288062383337, 51.52923902972215, 35.38661633047408, 38.85778941411342, 57.0165574425772, 70.50649693001277], [12.505216187429072, 67.49026397856208, 68.95831372020095, 29.46987138730969, 31.369534501695252, 69.07844533227166, 23.722607722437957, 71.44132007351186, 46.33262265110181, 0.0, 53.39222824895009, 22.32379739211236, 23.77967690283272, 43.62561451510382, 36.330853308013346, 45.96839618892404, 80.27657482852204, 69.33506279121866, 52.916037059937345, 60.80981171033995, 78.88486808566564, 56.440357196629584, 18.198873615393794, 57.11554660815751, 57.73135743431545, 42.41533416590832, 99.19173467877785, 69.52296035815937, 34.208692489897054, 41.57673267162889, 51.95070993596881, 61.741591096949456, 91.54631273689486, 5.312409317596728, 84.37234548500622, 68.02929452512441, 48.42254307974766, 12.776747095121863, 9.132066383948285, 24.482916715489438, 81.58453556043361, 65.84847047686033, 64.61666624901012, 25.03148383391008, 41.83586895526674, 46.95624594580338, 15.35906628911865, 79.78666956812064, 58.10068357777066, 34.67263029257527, 24.40860446499704, 51.666743376978054, 18.681143706640444, 40.542714548487666, 5.099772358770279, 62.04736559897722, 38.73501014251238, 39.89744852087567, 23.70133306551274, 40.02064860718599, 79.55729294398138, 49.016571950029885, 43.67058827779381, 28.92223182522488], [41.80804174527078, 40.15622098409335, 16.409303851337533, 44.12838107082556, 32.16105086130169, 63.64288346769966, 72.28699178255562, 53.59145457524188, 7.229575798041622, 53.39222824895009, 0.0, 58.98038918269907, 76.99981884003606, 25.51470698946315, 45.77478664871777, 42.31690705722696, 30.143240384040197, 53.3491090352039, 23.561764773690463, 64.33652738760958, 31.6044248624956, 52.81048829400387, 35.611001832182055, 30.673148113642576, 13.642135589066868, 14.145548330735917, 45.95491111442666, 31.226806827258482, 19.197785491395752, 56.80997510618381, 49.29477290419667, 56.78373333163102, 38.408812107703255, 52.81186390634771, 32.069243142266835, 24.947488670916233, 7.634529177905713, 45.390014637858634, 58.096737645768215, 31.904976958447214, 28.570227631304004, 24.36522269761463, 25.056008858570177, 60.66366756016504, 27.199972574256968, 32.09472198351117, 55.46737992003414, 31.98517907845087, 12.793264134901271, 57.115503106815005, 38.919008612773034, 6.142265434354412, 58.91017354595746, 43.03929783005389, 55.69721016408733, 10.973235807927448, 33.381787297842266, 15.776136633119437, 35.171498276994164, 57.63060382017767, 30.21184189904387, 43.294545371200535, 60.743901862736294, 77.72937024917691], [22.310663036984757, 58.26798804694011, 75.38711032340133, 17.926026424759844, 27.904800144063007, 51.54557640966973, 41.94073551781942, 89.96069493277479, 53.12429031243386, 22.32379739211236, 58.98038918269907, 0.0, 29.220850232892886, 58.4460863110606, 56.86754294265951, 65.1704054771142, 79.95087792993617, 88.11528005330189, 48.93641929730144, 41.63507364803613, 76.83083960117793, 40.471530396688514, 31.84420346468163, 50.28548563327592, 58.06980126592756, 52.45498193045914, 101.72722009821902, 82.53099709627254, 42.16635947243125, 22.185252423288595, 36.78317719908712, 45.165848596176325, 94.03820299798618, 27.61270800778574, 91.01542252271086, 65.42124178872523, 56.61738268328048, 16.611833317470996, 30.574645296220478, 39.412737375359185, 87.2182513468513, 62.958561067662444, 76.79584449977254, 47.25510054418507, 37.392689464073634, 63.583334132671254, 37.672252111847754, 89.58579467536828, 67.54180338774263, 56.82089514236126, 43.22683888672666, 59.58646100809184, 40.820521607455056, 27.753668799075093, 17.67132408339791, 69.43651653264352, 56.10253946396538, 49.99173363964496, 23.86519050280456, 62.01832446784784, 88.49909253502223, 68.16664291102623, 23.12132815563879, 45.99674224173668], [35.330820123742136, 86.0133592648427, 92.70713474334119, 45.25331128692333, 51.63055759646651, 80.60527095084832, 21.056093731998406, 90.96512860414799, 70.01138976405666, 23.77967690283272, 76.99981884003606, 29.220850232892886, 0.0, 66.47255264479917, 54.86829719722182, 65.70785606263134, 102.91699711987708, 88.62783265970891, 73.85497909687838, 70.27068297621864, 100.9600767430489, 69.68584180392469, 41.97391405928881, 76.80856096928827, 80.31217960254187, 66.1808725546298, 122.60144696979137, 92.51955789171487, 57.87460916997665, 51.1702810973399, 65.91420613705837, 74.37496803649519, 114.9189583479649, 25.87015146307004, 108.14787769490756, 89.7833780435281, 72.1947347068993, 32.96053426747739, 22.589985833363716, 47.94154924860948, 105.31313816281033, 87.46581825859187, 87.9006436221168, 35.690695986815136, 62.23432553118105, 68.82210616641235, 30.1843696623229, 103.40441373485062, 81.83984982740702, 48.460563962597014, 46.09783853449554, 75.4378804803379, 30.365578217438543, 56.1549086371478, 21.454403898710392, 85.82058022065031, 60.479510845095405, 63.66920659218587, 44.754227652910814, 54.13187862666796, 103.26675667584756, 68.65832024962104, 51.495731968218635, 22.193708542246224], [36.40671696078903, 62.83504181081008, 33.6914911615075, 50.0297904609817, 39.790274678273065, 81.25231058300874, 55.54075966425872, 33.88101651778371, 20.76633733937247, 43.62561451510382, 25.51470698946315, 58.4460863110606, 66.47255264479917, 0.0, 21.47586564913774, 16.83753763278041, 54.76698041724184, 32.71396608471672, 44.512065053253856, 78.74433412473084, 56.95415285247109, 68.67816209017961, 26.95343198242802, 51.906379202522785, 38.36786646808969, 13.151704622421503, 65.89905544997312, 26.048776951342827, 20.50842995881585, 65.53924845452147, 64.28280067370002, 73.60587065979787, 59.177053981232845, 40.62013830760362, 46.45502607475029, 50.261140106548545, 17.982664140468486, 41.92459410980041, 44.356133230078825, 19.52600578254538, 45.48477505725786, 49.401824546813764, 21.782736559494747, 40.549787899135744, 41.766583408074936, 7.369670995543115, 38.69393319140319, 38.326819316973186, 20.152552861454936, 33.71367617713701, 20.77636570766244, 19.699545477143634, 41.01400328667133, 54.52358778582513, 47.783574079007245, 26.79204380117786, 8.816290216900104, 13.651964421844818, 37.41631453960041, 33.106865138199176, 39.068946668987266, 18.09159653987353, 69.27037980113914, 60.50408672508222], [35.68657763570246, 78.93567457146023, 55.16044512917624, 55.12340015754024, 48.387425228598644, 92.2057019080387, 39.04420733890701, 36.09706874863743, 39.71757944414013, 36.330853308013346, 45.77478664871777, 56.86754294265951, 54.86829719722182, 21.47586564913774, 0.0, 11.17339753772428, 75.71153518682318, 33.77475581779034, 60.57347585343594, 87.22071577645191, 77.35000510913956, 79.0090170682513, 27.574439380838292, 67.51139234650707, 57.3565067574458, 31.831659566123605, 87.31812117141219, 43.4032221677834, 33.531323168765056, 70.62335254683806, 74.30017285847305, 84.34760377012933, 80.64877627565856, 31.5186640309274, 67.42267800801375, 69.5152525214142, 38.163560398327256, 41.193798753160756, 32.61738823944001, 21.97201341775189, 66.79341087115334, 68.27376122610491, 41.0017480194319, 22.09141433304962, 54.37464976422947, 18.461620133006573, 24.68394064760975, 57.970850464697, 41.60949176289906, 12.442194551995852, 14.372578707148062, 40.476305305236686, 25.123644658381938, 63.037112574812234, 41.388324235963005, 48.25941947183913, 12.711515137910375, 30.875349277487224, 42.81873484313418, 11.85598430062377, 59.293323914769, 13.944494176421937, 73.81070670613936, 43.180169697991246], [43.13571957377996, 79.12047505870163, 48.699014108003475, 60.858872113322136, 52.40223389164159, 95.58441344833575, 50.212988909366096, 25.517316818034285, 37.49379329727501, 45.96839618892404, 42.31690705722696, 65.1704054771142, 65.70785606263134, 16.83753763278041, 11.17339753772428, 0.0, 71.1069618526086, 23.368105596906574, 60.67437855497714, 91.82087853351901, 73.60827174141843, 82.62327029531261, 34.019684869942125, 67.9713788286252, 55.18234479294172, 29.670686495370692, 80.1621518779719, 33.53541629988451, 34.771915643355975, 76.59770473487208, 78.03268015806202, 87.78866081667994, 73.9560751819283, 41.51344516431481, 59.38382123299351, 67.09853137924068, 34.81742636701152, 48.851276347605655, 43.25144126174645, 27.00031451464586, 59.42338648118599, 66.22244360425971, 32.102741662633115, 33.19226127186984, 56.485049275285206, 10.66833529725773, 35.581927096297605, 48.83324155213359, 35.343497891857254, 22.342273382471976, 22.00733255448952, 36.403317228637874, 36.25529376686706, 67.3743985580858, 50.894049166073074, 42.327493704319714, 10.97236487654506, 29.62084784258065, 48.10180665545045, 19.44406581147977, 50.56401765211089, 3.048660387156292, 80.04810913719564, 54.288177555790064], [67.89770551611984, 33.80912929385308, 24.57285606752102, 62.4234159939249, 52.31427711347152, 62.86644308379593, 101.11150290525889, 76.44348003356204, 36.95001814286322, 80.27657482852204, 30.143240384040197, 79.95087792993617, 102.91699711987708, 54.76698041724184, 75.71153518682318, 71.1069618526086, 0.0, 76.97893835730538, 31.442974700667804, 68.70610665279641, 6.533326586726436, 57.20429534995077, 63.762417004462606, 33.049607487504595, 22.60874362534756, 44.28832508404362, 23.51476886942613, 48.97945240563041, 47.55848517059639, 69.76746998435144, 55.91130819022742, 58.712165834733234, 16.797829464672663, 80.7142097370158, 27.51673356367455, 15.479436796454806, 37.62780695610245, 70.00657972414939, 86.29810480978415, 61.357060980156064, 22.52760347952828, 17.924573648949096, 44.86266881139751, 90.54876642609536, 42.607701023655835, 60.48792076278402, 84.71247799038632, 38.53967805125875, 36.226712521605755, 87.23344678683755, 68.87218399861793, 35.2418708562313, 88.3566277715203, 55.98064088682915, 81.53274066710402, 29.26728276681008, 63.13110606828374, 45.84244907405631, 58.3386153208271, 87.55264168825082, 34.956451470323216, 71.56465420104783, 73.25972495285875, 106.61436411450241], [65.8765229909003, 93.29540389104349, 52.432538821048034, 82.14062823166941, 72.4011668849103, 113.72738562711149, 71.77837982849863, 2.60007975922338, 51.25838333792158, 69.33506279121866, 53.3491090352039, 88.11528005330189, 88.62783265970891, 32.71396608471672, 33.77475581779034, 23.368105596906574, 76.97893835730538, 0.0, 75.61011915602536, 111.45827085925278, 81.13774698794407, 101.30741697548703, 56.480302516566454, 83.03316218869497, 66.97879131636077, 44.90585884535258, 79.12657400741293, 29.005191617874583, 53.22234629630108, 97.81907602255737, 96.95690043604851, 106.15756123307717, 74.58613956963723, 64.86084458029461, 57.30821154388001, 77.57566396571588, 47.28271447637626, 71.61403924642514, 66.36791194936733, 49.06817451649209, 59.377657015431645, 77.40315747579102, 32.14205010485887, 54.53999036651679, 74.27386690281286, 25.77362374844409, 58.44789347437547, 44.19149681526745, 42.02249631545036, 42.09920980092485, 45.23036891934681, 47.3234389697126, 58.60213574441757, 87.2127748098896, 74.24873025585492, 48.35906002201717, 32.16038598604817, 46.024231136519795, 69.35144501725905, 37.24280541330137, 47.21383355242844, 20.321244818805592, 101.45522239129747, 75.22416774959599], [40.50527532949415, 18.47170024972545, 35.60646395899333, 31.161612036448272, 22.225727604328828, 40.187628469214125, 75.76628288689187, 76.14586041016514, 24.361027333010348, 52.916037059937345, 23.561764773690463, 48.93641929730144, 73.85497909687838, 44.512065053253856, 60.57347585343594, 60.67437855497714, 31.442974700667804, 75.61011915602536, 0.0, 41.97408761623916, 27.90047070559545, 30.143990770999526, 39.56657463814098, 7.435723215441551, 12.71968765781912, 31.37461581452669, 54.312101799772016, 54.76123312232662, 27.07533705972051, 38.84720053907545, 27.313435557696735, 33.60995036543277, 46.870672161622466, 54.6619147234313, 49.02373625533132, 16.492504172880025, 28.381562992310617, 41.14705225545813, 60.41723674469092, 40.45262606831215, 44.16670586763581, 14.022719504216273, 48.61527143901028, 68.91651151273507, 11.70431849533992, 51.84215594719482, 61.06994863527884, 53.323263863467076, 36.35254207818404, 69.60472048231675, 49.181029526357776, 28.886368997881117, 65.09643695722824, 24.768963361650652, 53.05919925206321, 33.18051210269709, 50.106541381717946, 31.07501241234693, 29.38611662636292, 71.8053069673338, 50.77543748726526, 62.40974646417607, 42.52519746550042, 81.22229185589084], [53.40352083440289, 35.64442613826927, 77.57908341952873, 32.6646514320268, 39.42647054409986, 11.589890272521105, 83.05807340623464, 112.56498335425471, 62.599575830322394, 60.80981171033995, 64.33652738760958, 41.63507364803613, 70.27068297621864, 78.74433412473084, 87.22071577645191, 91.82087853351901, 68.70610665279641, 111.45827085925278, 41.97408761623916, 0.0, 63.01310292352918, 11.88138833007977, 59.81201869588081, 36.820375429404514, 54.659790430045234, 67.16144299532826, 92.11762126293664, 95.17317624651183, 58.23617297397897, 19.558708968425126, 15.059309096583242, 10.35406708821288, 85.45719027575454, 65.42537265896293, 90.62222666785, 53.75318097859328, 67.03711454938492, 49.256236539062286, 69.91026392042619, 65.44860464781878, 85.60115718812463, 51.59995293110251, 88.89012550502795, 85.02327519522373, 37.94468417965455, 85.8099410321125, 75.26019704233485, 95.24401063989183, 76.84316441170921, 91.6044491841611, 72.99212044251456, 68.58821140621507, 79.0664659890094, 24.448597833066273, 57.40054467319451, 74.74504038046055, 80.95742260056228, 65.66662961194044, 44.41019338163627, 95.81316740439406, 92.74587009651967, 94.34180298307987, 18.778782784192302, 87.42476228212067], [66.39861587377554, 27.730625663055477, 29.195501779056837, 59.05386587456865, 49.670705531290594, 56.74051000203635, 100.48264118088535, 80.76376045253673, 37.83050081584845, 78.88486808566564, 31.6044248624956, 76.83083960117793, 100.9600767430489, 56.95415285247109, 77.35000510913956, 73.60827174141843, 6.533326586726436, 81.13774698794407, 27.90047070559545, 63.01310292352918, 0.0, 51.696787341418535, 63.1327833254743, 28.27915865646868, 21.480773951741746, 45.560835135855974, 29.148667144262323, 53.77983818045114, 47.40169570202769, 65.24551333003956, 50.724431489915744, 52.89410459223911, 22.946116377075924, 79.7465181744553, 33.85346715119945, 11.40967198303411, 39.238220366855536, 68.00556045180842, 85.42215524193837, 61.490900678135766, 28.775531321113526, 13.881269507454395, 49.231816177989984, 90.87493460991115, 39.484531700800964, 63.124030591671094, 84.46765262697436, 44.35616631106109, 39.5800218089138, 88.47239072092077, 69.41932621649708, 37.25480427786884, 88.24366579483413, 51.78161883654649, 79.74640380987591, 32.85880152866848, 64.98401372831643, 46.8141632214315, 56.20708421393727, 89.20172997231671, 40.82337958235889, 74.3124621025913, 68.60720676270434, 105.9960262303525], [47.21056182819406, 24.963141703025723, 65.74761310064801, 26.996529528562498, 30.6217213045033, 13.245073144863452, 79.72954855538723, 102.2788492876816, 51.51420552430043, 56.440357196629584, 52.81048829400387, 40.471530396688514, 69.68584180392469, 68.67816209017961, 79.0090170682513, 82.62327029531261, 57.20429534995077, 101.30741697548703, 30.143990770999526, 11.88138833007977, 51.696787341418535, 0.0, 52.225126897144946, 24.968180054519145, 42.805106191990745, 56.59608803533634, 80.68799391304358, 83.83598112704043, 48.28860979674756, 19.446180159780916, 4.742441779473799, 5.436064609187706, 73.89118434502733, 60.50917832484375, 78.74344210834211, 42.07818280983173, 55.93158734378145, 44.00816137302556, 65.53344238280228, 57.03971203023443, 73.7287880364013, 39.871061868156566, 77.57034862450381, 79.3793816806095, 27.120189898877566, 75.89385095365516, 69.83021923134362, 83.45450088635211, 65.43232291220538, 84.60762084599921, 65.10944888987692, 57.297301484500835, 73.81546321997828, 16.43779124961057, 53.83742174561219, 63.070678462748056, 71.66427125884864, 55.29840825043266, 36.82878858186097, 88.39107947561519, 80.91778821389477, 84.99124415055707, 21.02064890998783, 84.51551905617269], [9.552066299553868, 56.5289403817362, 50.8573579753032, 27.549264348673344, 22.002552450727137, 65.46970206464432, 37.38038585015575, 58.24107561912376, 28.43945324648373, 18.198873615393794, 35.611001832182055, 31.84420346468163, 41.97391405928881, 26.95343198242802, 27.574439380838292, 34.019684869942125, 63.762417004462606, 56.480302516566454, 39.56657463814098, 59.81201869588081, 63.1327833254743, 52.225126897144946, 0.0, 45.26329360736122, 41.6585304309509, 24.21919054403996, 81.56048268322166, 52.19530291686234, 16.483327369433347, 43.08723475884751, 47.483152488872435, 57.6394768257518, 73.98415818306204, 17.20695177937172, 66.20378953843378, 52.914549037855004, 30.277197468998292, 15.235000948791566, 22.608433325784254, 7.576455834013158, 63.51327284144121, 50.97973829797079, 46.96616366775059, 29.461169119538603, 30.306723175355238, 31.745305083280186, 21.600746147857993, 61.71265727615766, 39.922273933645805, 32.46084952734006, 13.22437915813296, 33.52246568472983, 25.57290553137645, 35.93353631565211, 21.499859577533563, 43.890900031103385, 24.34280329892439, 21.698689059253187, 15.470846831968135, 36.180949373678686, 61.39754314723616, 36.91663689212849, 46.354192419450925, 42.89146949269682], [44.99180291808435, 11.462357761068288, 41.45920319059694, 32.38637187818297, 25.763239798441337, 33.6841858577496, 80.45054319761825, 83.55119605670141, 31.792534868840253, 57.11554660815751, 30.673148113642576, 50.28548563327592, 76.80856096928827, 51.906379202522785, 67.51139234650707, 67.9713788286252, 33.049607487504595, 83.03316218869497, 7.435723215441551, 36.820375429404514, 28.27915865646868, 24.968180054519145, 45.26329360736122, 0.0, 18.595325405894567, 38.78168099159271, 56.51539667132706, 61.73818143776621, 33.984942855681716, 36.971068841113414, 23.03077764196419, 27.67372650104314, 49.42328071571463, 59.38386561771386, 53.847080870144566, 17.590743239614703, 35.78162136281234, 44.80106674382975, 65.1059788332149, 46.89157620896505, 48.79578871685156, 15.21673608860737, 55.65866303541325, 74.72443351703318, 15.357091002199704, 59.2465595689026, 66.47428832699892, 59.32474698278718, 43.41636618737282, 76.14262479713393, 55.65537956214031, 36.17657424553636, 70.54942170497505, 23.764656221961637, 56.671519461616306, 39.778264632462815, 57.32680387105077, 38.414816603948886, 33.42415227544519, 78.57609893812429, 56.57326881640045, 69.75607039367864, 40.33498116842856, 85.83547126445242], [45.31545666298481, 26.857915903074307, 22.9773383480434, 41.07134118066086, 30.186864850376573, 52.273285787204586, 79.02261790712251, 67.18318579543501, 17.78838258515767, 57.73135743431545, 13.642135589066868, 58.06980126592756, 80.31217960254187, 38.36786646808969, 57.3565067574458, 55.18234479294172, 22.60874362534756, 66.97879131636077, 12.71968765781912, 54.659790430045234, 21.480773951741746, 42.805106191990745, 41.6585304309509, 18.595325405894567, 0.0, 25.743258097719366, 43.6724395669697, 43.63622265190717, 26.01695043319851, 50.80730230449368, 40.03167851951035, 46.05071617257269, 36.00525782923204, 58.367238996302305, 36.387836821512636, 12.16253515006125, 20.51589070008163, 47.42177078411763, 64.01478482666883, 40.17068789755862, 31.62281683300043, 11.044101630797321, 37.73590934165214, 69.56705311176891, 21.432250054776823, 45.28915644053809, 62.99680681446985, 40.792848020655555, 25.702433766554552, 67.88372450572045, 48.31459999046688, 19.74538393465061, 66.79141013486141, 36.59703070028701, 58.92409181534572, 21.326368510380963, 45.52708729678538, 26.481411776461993, 35.814133268752606, 69.10677835965514, 38.14263821263046, 56.402115622972396, 54.59758821147223, 84.5357717306797], [32.22763142190049, 49.68355762001616, 27.111428545920326, 40.86938974356888, 29.496864362399506, 68.84787227815846, 59.27407943128886, 45.74539559035408, 7.958299503572628, 42.41533416590832, 14.145548330735917, 52.45498193045914, 66.1808725546298, 13.151704622421503, 31.831659566123605, 29.670686495370692, 44.28832508404362, 44.90585884535258, 31.37461581452669, 67.16144299532826, 45.560835135855974, 56.59608803533634, 24.21919054403996, 38.78168099159271, 25.743258097719366, 0.0, 58.85615827306961, 30.415186858613502, 10.459718291460605, 55.674169903849034, 52.377918063051894, 61.333446291966574, 51.54690558997364, 40.91570472305953, 42.132462215878675, 37.84191283628505, 6.873364696916515, 36.914073201448225, 45.80123951262255, 18.922823021853507, 39.77442162854926, 36.76911839863078, 24.4503583569601, 46.7832528813318, 29.480494780363482, 20.467550175001268, 42.236926581805314, 37.735468174159195, 15.739257447618778, 42.985619254538754, 25.05375005810953, 9.902689177267868, 45.45588511866592, 43.46663144765607, 45.54691535074674, 19.96225391128369, 19.78483669989599, 2.5545009106299092, 29.23678165729738, 43.6674185232297, 37.231847328804974, 31.174308726075072, 59.546295975338055, 64.62869157310254], [87.27177002441906, 56.858020714029514, 32.29809812023982, 84.67281418773872, 73.82599435934667, 85.79934987771247, 118.04235328152495, 77.85554639641992, 53.15921979685364, 99.19173467877785, 45.95491111442666, 101.72722009821902, 122.60144696979137, 65.89905544997312, 87.31812117141219, 80.1621518779719, 23.51476886942613, 79.12657400741293, 54.312101799772016, 92.11762126293664, 29.148667144262323, 80.68799391304358, 81.56048268322166, 56.51539667132706, 43.6724395669697, 58.85615827306961, 0.0, 50.313894408451674, 65.10789166883582, 93.01497785022944, 79.42288677527803, 82.0351049013074, 7.72065444084616, 98.7647899819392, 21.829717519188335, 38.924705128453056, 52.05248274306597, 90.21526489839542, 104.04126201429102, 77.57796869623066, 20.747995246151195, 41.32036564598002, 48.914661349700026, 105.34999869717237, 64.87810479357394, 69.7381122897909, 101.06628197361029, 35.04961687263817, 45.75445956404962, 99.61273083985931, 83.78128958927071, 48.95378398097117, 104.3103891597536, 79.05957274730474, 101.17063602192076, 39.4384321376055, 74.71534529956331, 61.01445731617861, 78.99376160887725, 98.68777579194354, 31.913704736052907, 79.73659572471139, 96.57730517327072, 123.43667621006068], [61.28562694777696, 70.43829011514929, 24.584376051912987, 71.1815294895487, 59.55578902827104, 94.86825311027943, 80.87856630384779, 28.012984458106494, 32.78135306875478, 69.52296035815937, 31.226806827258482, 82.53099709627254, 92.51955789171487, 26.048776951342827, 43.4032221677834, 33.53541629988451, 48.97945240563041, 29.005191617874583, 54.76123312232662, 95.17317624651183, 53.77983818045114, 83.83598112704043, 52.19530291686234, 61.73818143776621, 43.63622265190717, 30.415186858613502, 50.313894408451674, 0.0, 40.87235245835591, 85.60860317639869, 80.11767457715818, 87.9531038828066, 45.58356997846692, 66.66069118318985, 28.496644188709265, 52.266651526309474, 28.373804966480765, 66.47072635439716, 70.36354745593327, 45.12459655373759, 30.372494530484072, 52.668124355432575, 6.289655737930395, 64.90527245204937, 57.38457578685038, 25.192515818609508, 64.36771569858581, 15.987468334208954, 18.450285446015727, 55.574885300326656, 46.6955044268234, 26.58678298477813, 66.32556101066649, 72.66546720493375, 73.49221543319776, 22.540286130607242, 33.00389891521929, 32.73490483737817, 59.63568665276765, 52.97617586704026, 18.550831318168274, 32.114295219693076, 89.52413940817627, 85.59477331496512], [22.910459589831227, 45.40436532704143, 34.90752145582501, 30.536067913041315, 19.51073729048202, 61.03497074421234, 53.610643482084086, 54.36078046534278, 12.136789941427635, 34.208692489897054, 19.197785491395752, 42.16635947243125, 57.87460916997665, 20.50842995881585, 33.531323168765056, 34.771915643355975, 47.55848517059639, 53.22234629630108, 27.07533705972051, 58.23617297397897, 47.40169570202769, 48.28860979674756, 16.483327369433347, 33.984942855681716, 26.01695043319851, 10.459718291460605, 65.10789166883582, 40.87235245835591, 0.0, 45.6031919904526, 43.83494288666025, 53.31021160131099, 57.51414268814607, 33.68504303250795, 50.48700145533199, 37.84969412055444, 14.748663061002219, 27.080125240470757, 39.07127083356646, 14.1745168251962, 47.45813476975627, 36.19060668102459, 34.90178968479731, 43.556410102019434, 21.72348371345003, 27.625637823411296, 37.169155341124934, 47.55376743743309, 25.445255240841902, 42.72901716087049, 22.562641393335124, 17.908648900194308, 40.87440439987132, 34.05055780595933, 36.69002807510214, 28.216687646630284, 23.844654012107938, 8.198710731794653, 18.78069758821835, 44.7393148013538, 46.70954233329758, 36.9318509050016, 49.43168944736323, 59.10136285993855], [35.44982423331047, 41.59353857766058, 72.18787632325844, 15.746528416887276, 26.177586801154035, 29.435006652185333, 63.5148748022084, 99.2322575715555, 53.08166880746884, 41.57673267162889, 56.80997510618381, 22.185252423288595, 51.1702810973399, 65.53924845452147, 70.62335254683806, 76.59770473487208, 69.76746998435144, 97.81907602255737, 38.84720053907545, 19.558708968425126, 65.24551333003956, 19.446180159780916, 43.08723475884751, 36.971068841113414, 50.80730230449368, 55.674169903849034, 93.01497785022944, 85.60860317639869, 45.6031919904526, 0.0, 16.890212938434004, 23.51146237787774, 85.66262714260294, 46.378780692867934, 86.89443585795335, 54.31531190617542, 57.37270665348098, 30.692951212863342, 50.613124791894954, 49.62343957269032, 82.32299777340182, 51.8484395072941, 79.39014967852286, 66.18285435861966, 29.94243603481955, 72.08548312150695, 56.37938127414278, 88.79170736434399, 68.14589461919417, 73.66251758253709, 56.25082674520674, 59.637243004773616, 60.06445754767035, 14.211650583996176, 37.952659708749216, 67.77240202416067, 66.11838929875678, 53.69631364279075, 28.55043024317391, 78.22292906218999, 86.87961189435867, 79.34107929865917, 3.9402697257717545, 67.8663288763386], [42.527693238843504, 25.193848486791303, 62.81940488294961, 22.48086353330151, 25.918112871810887, 17.986583570900915, 75.34868396214081, 97.97512343395884, 47.58657922876949, 51.95070993596881, 49.29477290419667, 36.78317719908712, 65.91420613705837, 64.28280067370002, 74.30017285847305, 78.03268015806202, 55.91130819022742, 96.95690043604851, 27.313435557696735, 15.059309096583242, 50.724431489915744, 4.742441779473799, 47.483152488872435, 23.03077764196419, 40.03167851951035, 52.377918063051894, 79.42288677527803, 80.11767457715818, 43.83494288666025, 16.890212938434004, 0.0, 10.170289175856235, 72.42082986258741, 55.933804414534336, 76.28017166150066, 40.54388224927419, 52.02074828956543, 39.437250233782336, 61.01937133512709, 52.3348398974151, 71.3538597987707, 38.22027089400272, 73.83593