instance_id,num_cities,city_coordinates,distance_matrix,best_route,total_distance
2380,81,"[[30.386781150480225, 92.75711747278777], [91.21358561043034, 33.58934183748541], [27.43340163729173, 71.40590210527982], [41.26110161752372, 90.18940605825237], [58.494926162978885, 62.33026921623848], [57.909134404087595, 48.812511358206415], [62.124801640066586, 86.66428506659575], [9.845271190741634, 73.57750317253243], [30.30241036230069, 63.78775674055358], [6.593651029943648, 3.901754956474335], [31.144169504483664, 21.237609515315715], [87.2281923386339, 46.86860551225168], [92.10547760710395, 21.45241192448153], [62.12768826215894, 71.1887613558487], [79.0453341925692, 3.8916486061399636], [60.773159760376416, 96.09740636811958], [49.73635629557741, 34.52039801654622], [58.2678169270966, 2.9202213029442925], [91.96808117321645, 85.44921389812966], [76.23516895741072, 55.77033286112285], [30.107342792819793, 18.701473688335646], [6.945862826774352, 68.55065264923633], [56.40593884059351, 25.65148495146555], [6.545013400432298, 10.940211449697957], [18.605237164000133, 59.6686040577469], [69.3112510901152, 95.41071666187102], [53.751061363196996, 20.802530321299926], [28.248052893387054, 65.0443809636454], [25.541179450379747, 61.82558794883868], [13.493590729485883, 48.529660385337905], [8.84757107427978, 13.742310293842575], [83.88594325776224, 0.5064095838283156], [68.23528392851638, 92.69548441398769], [12.258435438032667, 61.67899322740495], [5.811690520412438, 90.61720186999489], [20.534463371267087, 86.63055459550816], [93.3311087910135, 52.43217326898555], [78.88110988650976, 19.15685957127171], [9.644700174067221, 62.749934017086254], [94.41729310501084, 98.54388302764909], [97.78196368383557, 46.737162846682764], [50.51880699141294, 46.90993765577298], [23.87478811061715, 66.19882465785398], [17.548210674406572, 27.838392780041076], [48.657064823485186, 54.984951722495204], [19.498877120794777, 79.09930916158477], [38.092950126672854, 82.6686434385511], [40.16267344061001, 11.336410128897366], [62.63602099400296, 5.710128117885882], [81.15417083502423, 96.0365742582082], [15.19771020742654, 30.69892021075935], [34.52053807953115, 27.193061089389094], [38.55843668602539, 60.14208856325691], [84.5369176492329, 21.491479631149225], [73.59406045801737, 11.1149092890653], [46.608762570162995, 98.63473432689503], [95.54461684721545, 42.61901010271561], [47.51420278397679, 18.595872221755283], [25.73961390559275, 8.84825957728127], [48.37267518136931, 92.30393209145424], [60.380434644380685, 91.86101558330655], [42.6518970878661, 1.3647893992943527], [35.199612181340314, 77.05768002827334], [82.16632309325063, 73.67983603684763], [42.11254744866933, 64.48210313781686], [50.28455416534674, 41.823311143999135], [84.40190744372266, 36.39503599569781], [86.66138372848842, 77.42778362418305], [45.91346732498543, 95.21742462348962], [59.81818887121071, 28.118561692620347], [30.348416693196, 13.713925540972294], [92.15277152946031, 26.169122169024828], [57.5752743794601, 80.07755922248958], [85.67261416665932, 1.1925623771038119], [51.87439913895242, 20.279653136664834], [5.603228317159459, 16.62359902016718], [96.84991208206354, 53.01130055116437], [2.7051825435138066, 21.92867669043267], [46.57054446366614, 57.878246427766044], [46.539813546806286, 25.71991497695324], [99.20577683496707, 42.108268425846184]]","[[0.0, 84.85709053719958, 21.554508767741126, 11.173360619271913, 41.42295149878543, 51.85179201514691, 32.317557941888914, 28.10358048599144, 28.969483593329898, 91.98580590959816, 71.5235181992447, 73.05273133711721, 94.30566539522168, 38.37550220986456, 101.31498576735298, 30.56942156679177, 61.36710479826098, 94.06391481013428, 62.013401512469486, 58.90752838478615, 74.0561709928713, 33.696136145149985, 71.97334564260383, 85.21992725083926, 35.1234180956624, 39.0148170409378, 75.6528400127808, 27.79514208243666, 31.308774720946055, 47.34393142760954, 81.8979689872257, 106.64123710926916, 37.84855296009278, 35.97897615110062, 24.668082987194648, 11.6018506416804, 74.75352504837858, 88.14021716973346, 36.47828096520176, 64.29147001543998, 81.60849742822772, 50.072570950907554, 27.344999005210973, 66.17605086133312, 41.958786576349496, 17.46660190263711, 12.694973360708609, 82.00548551437072, 92.82883079214915, 50.87320210277495, 63.88996574991999, 65.69424202922168, 33.62314775509782, 89.50434860837284, 92.37055343708735, 17.253957837673614, 82.21540830851372, 76.11332911517768, 84.03744758576535, 17.991602515624507, 30.007036649900954, 92.21166249260756, 16.42058703596895, 55.18209520115366, 30.609966202571307, 54.68248346673457, 78.06611362752123, 58.32511784432796, 15.720403774628878, 71.02359223363523, 79.04320124211443, 90.82399840389222, 29.999756023757747, 106.96069877372427, 75.5956385210978, 80.06582993398321, 77.44080149376033, 76.04563712072368, 38.45061560433691, 68.95583350278844, 85.44799632993916], [84.85709053719958, 0.0, 74.14852728230774, 75.49051547616122, 43.549415410876215, 36.61872963952018, 60.52360656510629, 90.6634195166886, 67.98614221123458, 89.67656406901098, 61.326177466624294, 13.86442221208109, 12.169656488451048, 47.5363626361132, 32.0939141556679, 69.52609335564999, 41.48767789652083, 45.011316671454374, 51.865360248441874, 26.76470302884268, 62.89373203516586, 91.23235367356773, 35.70128632972019, 87.6455944551844, 77.14985536001596, 65.58654315190707, 39.58463428813003, 70.3852100712167, 71.48531685116576, 79.14297645783445, 84.72346199054734, 33.88472737013949, 63.415600907496454, 83.80300862112934, 102.69206641632017, 88.36802912445438, 18.96143983921677, 18.98384844665758, 86.62461086547823, 65.03350031280418, 14.697237420858452, 42.819426430126505, 74.81906186616322, 73.88951806262021, 47.63223261449356, 84.93619098825894, 72.32274718127489, 55.69011225520912, 39.92402480999616, 63.2522621147373, 76.07080813600736, 57.05273039696928, 58.97129019221331, 13.817965299839832, 28.557797270973097, 78.87010411147503, 10.014626331227433, 46.20000206202123, 69.99258619462537, 72.68250625207061, 65.92625546498626, 58.280866259899334, 70.90177462083383, 41.09867010261842, 58.01098731552471, 41.749058259717096, 7.366877164459123, 44.074159325614296, 76.48608569245708, 31.868485558721687, 64.0281263218218, 7.479420440028317, 57.38196875419162, 32.86721290199838, 41.52974121699366, 87.27525253601323, 20.22327017004627, 89.27322400993174, 50.82275089984246, 45.36158936265243, 11.681062913427102], [21.554508767741126, 74.14852728230774, 0.0, 23.324350098012236, 32.36024440878829, 37.937205921405145, 37.89870030418858, 17.72168682152337, 8.140476021847704, 70.64775359248196, 50.305341461483316, 64.63355103281535, 81.71798205712298, 34.694966126421036, 84.98215111208135, 41.48746623340145, 43.10408563430536, 75.10692139359422, 66.04498064891605, 51.24532680309358, 52.77221556899065, 20.685543163492046, 54.15602091256298, 63.97206038256301, 14.686750948528681, 48.269922277642834, 57.03788608772443, 6.413470815753313, 9.765394213279281, 26.788817879380083, 60.58484066425397, 90.62906539962945, 46.022167630243125, 18.02477060789224, 28.923561853124568, 16.714825534436038, 68.57485103207223, 73.32686499378823, 19.782913923169943, 72.27248248608906, 74.54841969233871, 33.659890295061736, 6.306931565802991, 44.67487962129805, 26.83452050093047, 11.051931570404061, 15.50726656563447, 61.4034056624177, 74.53293989489644, 59.09814763510855, 42.50612332038401, 44.77725777275053, 15.831610794388896, 75.84366230511299, 75.93293249656743, 33.30320962097732, 73.9447279293111, 56.49900734518672, 62.58056851404361, 29.583455407655688, 38.780390036320675, 71.67537982370035, 9.605030968473153, 54.78013751926241, 16.230105171979808, 37.3805411924825, 66.86681837473975, 59.53332612598446, 30.141357508524504, 54.06078323690532, 57.76557342113689, 78.9617825168638, 31.36447241009367, 91.22345614931011, 56.6679423702413, 58.97166436939148, 71.81234774510425, 55.31257229872319, 23.43560760224544, 49.5203432535121, 77.52177230127137], [11.173360619271913, 75.49051547616122, 23.324350098012236, 0.0, 32.75875782207849, 44.60049787481298, 21.159405866811888, 35.537441085268334, 28.585660753637423, 92.9913483228654, 69.69004636157443, 63.163796508040484, 85.49809899825756, 28.221249747398677, 94.2069592575238, 20.38688011029287, 56.31046437568612, 88.91084845774984, 50.928059037983466, 49.06992955002392, 72.35282171723125, 40.56810646754854, 66.29109559585751, 86.5196025603528, 38.01062415812838, 28.53196400274935, 70.50203982143934, 28.31274843785339, 32.428723852241994, 50.06564760840726, 83.03490478762922, 99.29711466848858, 27.090347728882225, 40.6693777344127, 35.45199227671896, 21.029953797501907, 64.31869304448095, 80.37964719121157, 41.86312776336397, 53.808716569776855, 71.29309425769404, 44.25853018335505, 29.628227980923587, 66.7079459562341, 35.97296035666717, 24.425082686113996, 8.160824360986856, 78.86064615189706, 87.14146877162835, 40.31930489915298, 64.94935163777, 63.35593639309375, 30.16862088954368, 81.19237247792438, 85.42948125021734, 9.996051581975632, 72.17785392389221, 71.86609326654364, 82.80880805584889, 7.419278866512289, 19.19226859430941, 88.83550436988112, 14.463190613118254, 44.11125759111766, 25.721399329087976, 49.200628381529505, 68.95624248580303, 47.159777596007835, 6.850217322708538, 64.7854552164563, 77.25015089050981, 81.78360970073894, 19.19379272932353, 99.46265948640637, 70.71078869476554, 81.75213693518731, 66.87546170277031, 78.39697742558909, 32.744483810303414, 64.6852385008671, 75.29529322661132], [41.42295149878543, 43.549415410876215, 32.36024440878829, 32.75875782207849, 0.0, 13.5304445415948, 24.603258389583313, 49.932846910479086, 28.230165019975068, 78.15135084589699, 49.36264347751306, 32.629183710540836, 52.92134149039897, 9.574436978578696, 61.946683922496454, 33.84390491297155, 29.156499828779623, 59.41048200162101, 40.68092562299605, 18.91425333944109, 52.051192962441185, 51.92301128491626, 36.73822373461789, 73.07346627391213, 39.978391036298284, 34.80386312081817, 41.79781514582792, 30.368400438023748, 32.957611041757914, 47.06991602819453, 69.46689585369285, 66.83482153006422, 31.889196656646686, 46.24107735522247, 59.79693869027355, 45.07217106901867, 36.2150786755297, 47.74452625361011, 48.85202859362967, 51.00825690023116, 42.26838396978858, 17.361022506572308, 34.835609366988805, 53.538052349632565, 12.277508086700482, 42.448704828169355, 28.80781304078524, 54.18897631895626, 56.77137522023657, 40.61473093213753, 53.620808921613275, 42.536980134058545, 20.05621467861671, 48.43544214049585, 53.39472772596095, 38.200720829927555, 41.966812073804746, 45.09183702619825, 62.71551511468579, 31.63669437681162, 29.590879054694245, 62.99040640911194, 27.560266376244748, 26.251622800237524, 16.523096609446974, 22.08948930410308, 36.65798686895729, 31.95753859557621, 35.21161878233961, 34.23728896797447, 56.176283854347034, 49.40120555699206, 17.77110187829977, 66.90624726266874, 42.56859982131856, 69.90444479019837, 39.47085154685436, 68.88239377189858, 12.728369330750214, 38.51289076648648, 45.456602143182096], [51.85179201514691, 36.61872963952018, 37.937205921405145, 44.60049787481298, 13.5304445415948, 0.0, 38.08580605836801, 54.06884284460752, 31.406833437659476, 68.192777289811, 38.42835616731592, 29.383429481720132, 43.79457648478628, 22.77043610935976, 49.64496804197381, 47.3715519836534, 16.463863634694157, 45.89369171976278, 50.022593175695825, 19.602418792486795, 40.98309659301914, 54.652074722627354, 23.209755300645803, 63.816800506121844, 40.77561878083975, 47.97291946967857, 28.3169314916225, 33.81202962367677, 34.88588067168324, 44.416444303695734, 60.30718032755013, 54.847735293783316, 45.081533782861534, 47.42923857474188, 66.79652541861066, 53.170202455040325, 35.60643511805669, 36.321914026428175, 50.236514229355315, 61.69323285301268, 39.92680285492705, 7.631299100397112, 38.21806664101898, 45.4853582424506, 11.122041699931266, 48.914598902081096, 39.22905605234727, 41.465588625722575, 43.36079909122278, 52.63500579898226, 46.39361961696884, 31.85007171042038, 22.423398980105976, 38.15072234154036, 40.83045563155715, 51.087692305746984, 38.141696298522845, 31.95465355921246, 51.303211103324315, 44.524686769285054, 43.11938126754763, 49.840441507010425, 36.24240544977641, 34.73895565175524, 22.250129572200827, 10.343265608659223, 29.25851530252557, 40.56507917000137, 47.930282743075, 20.781819980941336, 44.62626902519638, 41.05301155271011, 31.266830355377596, 55.12232169901359, 29.164053696474692, 61.41688602559169, 39.16649073956525, 61.402091719002065, 14.517271582100749, 25.739647712882142, 41.83729854280767], [32.317557941888914, 60.52360656510629, 37.89870030418858, 21.159405866811888, 24.603258389583313, 38.08580605836801, 0.0, 53.89260769664684, 39.19183760539228, 99.66616817312138, 72.39094861384798, 47.05184731503063, 71.77345839614871, 15.475523979965311, 84.48439955681212, 9.52946552856953, 53.59532194829806, 83.83283692400374, 29.86800514326591, 33.963785841752355, 75.12696853641908, 58.07597582402092, 61.28023473851931, 93.93214671186828, 51.21249149688021, 11.320120200286462, 66.39194427303636, 40.18773891457969, 44.219026301190986, 61.800034580975634, 90.31100542856367, 88.8635290330598, 8.58564845340406, 55.775615518655506, 56.45167876360375, 41.590351946789866, 46.32138905649661, 69.55592255916491, 57.671979643504216, 34.40828174625638, 53.53137672225019, 41.41385335663621, 43.38085527908413, 73.80757458031727, 34.423249353995374, 43.29201198334462, 24.361753614663456, 78.46415626054291, 80.95577108831827, 21.21218274127438, 73.03611417493572, 65.56540130332907, 35.479578133185015, 68.91877474487556, 76.41499903950564, 19.596916183730904, 55.288970827135, 69.61880799144161, 85.90236148923117, 14.863599856730431, 5.481680789589226, 87.49398820944832, 28.587631726860938, 23.880085819874328, 29.875399795526448, 46.37784387603201, 54.984241789255044, 26.217490716648587, 18.329308676407585, 58.59114427835916, 79.57068301333993, 67.53772064322261, 8.005195540423589, 88.65616083666701, 67.17134886175245, 90.00214415640964, 48.35655759051455, 87.8714408975486, 32.719580327776235, 62.90554903575978, 57.96755420315383], [28.10358048599144, 90.6634195166886, 17.72168682152337, 35.537441085268334, 49.932846910479086, 54.06884284460752, 53.89260769664684, 0.0, 22.678925862725034, 69.7515800762795, 56.50758831721522, 81.86257813927106, 97.38463275733069, 52.33695847387772, 98.20777487605197, 55.684790330033145, 55.827915365048476, 85.65742476159213, 82.97646313847034, 68.73655388487498, 58.49726624004046, 5.80308495927862, 66.81915140531191, 62.72417409463409, 16.437593450317735, 63.34739123802762, 68.6506822261513, 20.284884742759132, 19.607882280344832, 25.31214459007367, 59.84351019410881, 104.0259863610302, 61.440139927136656, 12.140753708015875, 17.510599781970836, 16.871306437945318, 86.12206486463735, 87.90650416438794, 10.829426695291826, 88.18019626728899, 91.94164320607064, 48.636360525014084, 15.85156905886767, 46.383202737472914, 43.0353145034744, 11.121261117044751, 29.67457154878362, 69.23220740700647, 85.98164840010104, 74.76208291981843, 43.21135823180044, 52.5393687000279, 31.70104475380405, 91.05929880596368, 89.24955892156821, 44.490663419732776, 91.11973517905807, 66.64779178174837, 66.65212004693103, 42.837366846159725, 53.740948738936005, 79.31551382453175, 25.59207373416205, 72.3211243019667, 33.52466881114456, 51.41657630458444, 83.31403167963792, 76.91254647304393, 42.06187077130399, 67.5559609655063, 63.27738065331594, 94.98462613171625, 48.17057123439226, 104.83017502964096, 67.87568352902905, 57.11166365934473, 89.4023278605823, 52.1400243849993, 39.94010965569669, 60.3062035500384, 94.73971028314206], [28.969483593329898, 67.98614221123458, 8.140476021847704, 28.585660753637423, 28.230165019975068, 31.406833437659476, 39.19183760539228, 22.678925862725034, 0.0, 64.40837273804058, 42.558472568254444, 59.38688686825714, 74.91261937458462, 32.67450355734308, 77.22315969430885, 44.41148531558484, 35.13198743619912, 66.98448204310422, 65.35957223505774, 46.62721735016063, 45.08670503398288, 23.837229080080768, 46.21438547669151, 57.94201371779229, 12.401261212284597, 50.21654357991248, 48.96497650439891, 2.4082128328165564, 5.149701560654895, 22.701231725030837, 54.45049897774515, 82.91998489826798, 47.6923433711527, 18.166780524407734, 36.32649837690884, 24.843635045257766, 64.04347040563444, 65.96822742501426, 20.683763347766046, 72.92946252095926, 69.60037980217905, 26.335593210029753, 6.864952753819407, 38.14480801949426, 20.356392523613646, 18.739262740094908, 20.42499430410896, 53.37010913750852, 66.47159786641991, 60.215345008247155, 36.37338408320156, 36.83699704427907, 9.025124216152859, 68.77758964933146, 68.18061180905993, 38.47348397571812, 68.59053390401061, 48.358579639266374, 55.12864464195137, 33.759542758671714, 41.1435949664781, 63.632827016193716, 14.144732225050147, 52.79885109136145, 11.830530627077234, 29.69381991811784, 60.63923428167968, 57.986069122477964, 35.09314922778873, 46.29765281690357, 50.073852334193774, 72.39218772446586, 31.76738542277215, 83.57043632011421, 48.56239058146443, 53.24009172768686, 67.41440493799277, 50.13770602973829, 17.30822056934079, 41.386155157428036, 72.23346956123663], [91.98580590959816, 89.67656406901098, 70.64775359248196, 92.9913483228654, 78.15135084589699, 68.192777289811, 99.66616817312138, 69.7515800762795, 64.40837273804058, 0.0, 30.054281070323945, 91.3678252928534, 87.29431851255269, 87.24431512424475, 72.4516838674975, 106.93669765561607, 52.90363239398057, 51.68348700967744, 118.0626163615288, 86.83484550048045, 27.783545037697333, 64.64985712311385, 54.35360863628133, 7.038624540775438, 57.04576811771371, 110.93866517002712, 50.09448629610973, 64.86396407186575, 60.94406666584164, 45.15815663670196, 10.095379384355338, 77.36683273877803, 108.09263294682242, 58.05427671245262, 86.71897252418336, 83.89517589499052, 99.39108652409783, 73.8795974863707, 58.92721849561288, 129.11283636095274, 100.74810436819382, 61.47457283573146, 64.64953667412924, 26.324228522422107, 66.17268146148156, 76.29690045399293, 84.83176624786923, 34.382457200448265, 56.071538633065984, 118.52466427443262, 28.14458917794125, 36.36476263716801, 64.68943226092998, 79.90338682068789, 67.38756902393264, 102.83747630106812, 97.01185580064224, 43.4788297687545, 19.774625215143725, 97.77746049703772, 103.10116207689063, 36.14738307280345, 78.54992289306135, 102.86014467249835, 70.2251421399548, 57.852739265057934, 84.3204487585683, 108.70565169819984, 99.42132306608723, 58.47482498402467, 25.70150935831046, 88.4092684237879, 91.66176452003435, 79.12535709372914, 48.15165311920442, 12.760339083696628, 102.75183758758455, 18.441531779443306, 67.16854650922284, 45.51623893186722, 100.18354913662611], [71.5235181992447, 61.326177466624294, 50.305341461483316, 69.69004636157443, 49.36264347751306, 38.42835616731592, 72.39094861384798, 56.50758831721522, 42.558472568254444, 30.054281070323945, 0.0, 61.663324375648386, 60.961686538821915, 58.78006468866122, 50.94510710890444, 80.5100381842342, 22.849548792992433, 32.7294815178753, 88.44590645191454, 56.79530978295586, 2.7398895165520067, 53.142093453878005, 25.644478671961075, 26.667487469825048, 40.42482115927786, 83.41688042919507, 22.611078112655854, 43.90239989056706, 40.9728872654407, 32.50229179279949, 23.522708432006425, 56.66989808744434, 80.51073626697836, 44.633804092606134, 73.85974767611833, 66.24804246537613, 69.57238119834854, 47.782266557445276, 46.74933440199781, 99.89868915321804, 71.35000233489065, 32.16278921208854, 45.54508505802909, 15.113584492668496, 38.020844394920836, 59.021937622011826, 61.82279095133937, 13.392802639311066, 35.11181266732705, 89.97713798342969, 18.542005398241464, 6.845967295108944, 39.60466952053737, 53.393351688055105, 43.64014552951711, 78.92698250779796, 67.85706970554236, 16.581820331311654, 13.516849230074929, 73.12484948602805, 76.43575527182736, 22.964249900597324, 55.9671947427851, 73.16725551345624, 44.613804403940286, 28.109169971932324, 55.37268485375118, 78.99048513320362, 75.43967922486333, 29.48808046499112, 7.5656488870726895, 61.20759216057823, 64.50382148721697, 58.09608585824943, 20.752351700980892, 25.954359356063765, 72.98501250060016, 28.44738218547952, 39.75561995154031, 16.03486569102871, 71.18965371294215], [73.05273133711721, 13.86442221208109, 64.63355103281535, 63.163796508040484, 32.629183710540836, 29.383429481720132, 47.05184731503063, 81.86257813927106, 59.38688686825714, 91.3678252928534, 61.663324375648386, 0.0, 25.87993060425479, 34.95003984475529, 43.749034187606945, 55.88688202452669, 39.47297807660865, 52.63234574466612, 38.870681619810554, 14.145222262437608, 63.68813679188139, 83.15866521235908, 37.41894594437952, 88.32114618531627, 69.80651788812042, 51.743147745038364, 42.42827564498595, 61.71722338407853, 63.47439548892141, 73.75330892747237, 85.09332068196255, 46.48251112218556, 49.60678783946295, 76.41866286456738, 92.42611347227147, 77.64706097768327, 8.258261040224774, 28.941573014609602, 79.19226509911086, 52.17295732582597, 10.554589844287255, 36.70940861573296, 66.23678131895828, 72.23191013229712, 39.415821107702385, 75.00718897284811, 60.79403542085815, 58.97202707980378, 47.94575218792806, 49.54172875293786, 73.82309312676813, 56.26032230473935, 50.44730386839262, 25.519433329114708, 38.265079978459944, 65.8002292334152, 9.339270729114018, 48.74985552863678, 72.29378937869473, 59.783945294010785, 52.39388377674719, 63.69963405801841, 60.15275033876533, 27.284878641848174, 48.4319802655557, 37.28655785589602, 10.848204677516458, 30.564434214905404, 63.59650000121545, 33.209523232383916, 65.83723628368149, 21.277219998938925, 44.52112026917355, 45.70252443720164, 44.23644517857499, 87.0482347277257, 11.415349016223121, 88.12570132749792, 42.12192450272706, 45.856420270939914, 12.888884340508616], [94.30566539522168, 12.169656488451048, 81.71798205712298, 85.49809899825756, 52.92134149039897, 43.79457648478628, 71.77345839614871, 97.38463275733069, 74.91261937458462, 87.29431851255269, 60.961686538821915, 25.87993060425479, 0.0, 58.072130224135535, 21.88487501291762, 80.95424224300487, 44.338636663898995, 38.58016808579647, 63.99694946350472, 37.809871648156815, 62.05913616567059, 97.31600212144498, 35.945643441556676, 86.20382470681437, 82.84179311410834, 77.39126308658078, 38.35992168278016, 77.31772407268234, 77.8511344258451, 83.14448955084376, 83.61414155143414, 22.501016843126408, 75.13562087318044, 89.40765060368244, 110.59107494716845, 96.80186134982665, 31.00399627082607, 13.42212584562597, 92.22399441495685, 77.1261266222211, 25.914110507155826, 48.75999168639536, 81.59453683716399, 74.83025326671735, 54.88347473257408, 92.70859288784214, 81.63810461793248, 52.918696100782775, 33.41060269613293, 75.38387354759566, 77.46162018632897, 57.87037509148157, 66.06191542648959, 7.568660787853636, 21.202276425061868, 89.5938723941694, 21.444173034922496, 44.6826768381764, 67.5521466812047, 83.26161131025079, 77.22596597111716, 53.377609583861556, 79.56270081357022, 53.164749805328825, 65.96095353874979, 46.518417562649965, 16.81151413156562, 56.23949141909913, 87.03435478239709, 32.96826605458946, 62.240009192093595, 4.716947344000306, 68.03853930424673, 21.256604520143625, 40.248168130797794, 86.63692380437209, 31.913525499990698, 89.40156366408961, 58.311847472344965, 45.765066629021284, 21.842130320327318], [38.37550220986456, 47.5363626361132, 34.694966126421036, 28.221249747398677, 9.574436978578696, 22.77043610935976, 15.475523979965311, 52.33695847387772, 32.67450355734308, 87.24431512424475, 58.78006468866122, 34.95003984475529, 58.072130224135535, 0.0, 69.39098016510313, 24.945447356370828, 38.70547736288919, 68.37757064767838, 33.07279177506699, 20.89853939427049, 61.48347656621326, 55.24485022089536, 45.89533700467156, 81.97146766148789, 45.021303554702115, 25.26473221212008, 51.07778534814659, 34.43229738377954, 37.76561456251091, 53.653614040522555, 78.35091337804302, 73.95550359829436, 22.357143411518283, 50.76788420934431, 59.57311392281012, 44.36716505796486, 36.40690936293273, 54.662564332851524, 53.1571053153595, 42.319277670897556, 43.233181995987984, 26.911473475408883, 38.57698586273713, 62.18186453987436, 21.071809188119236, 43.356571657742144, 26.63562144711741, 63.755516024146544, 65.48060638752449, 31.295700106024313, 61.98265947966604, 51.94012305667286, 26.029571637767333, 54.51599189730155, 61.15836323411321, 31.529644573973517, 43.965006570278895, 54.5854004775277, 72.18330913294679, 25.200214682547184, 20.745963222986017, 72.48926473385112, 27.560215670380572, 20.19287842186336, 21.10888737563663, 31.663693583972343, 41.31276031186912, 25.314573117067717, 28.987542479988743, 43.13207491493014, 65.6755575035408, 54.113524536110084, 9.986751207143827, 73.85006030681667, 51.931370456754166, 78.56444178375564, 39.19251087013162, 77.18542690901158, 20.474240665228447, 48.066597853073866, 47.12175422525068], [101.31498576735298, 32.0939141556679, 84.98215111208135, 94.2069592575238, 61.946683922496454, 49.64496804197381, 84.48439955681212, 98.20777487605197, 77.22315969430885, 72.4516838674975, 50.94510710890444, 43.749034187606945, 21.88487501291762, 69.39098016510313, 0.0, 93.99879851860524, 42.39264648275471, 20.8002138143435, 82.57501950277087, 51.954739039640096, 51.129814406148384, 96.8458598757439, 31.40115761685246, 72.84214956412492, 82.2439911985878, 92.03527688682755, 30.4266028066041, 79.498556352785, 78.86086420043625, 79.30689230230686, 70.88555200107456, 5.906889144059715, 89.459367541351, 88.31685594282418, 113.50985928289296, 101.33730097345504, 50.59907005491185, 15.26609430839071, 90.9986030864566, 95.89234902634365, 46.763226740993275, 51.617205919306436, 83.22243292838824, 65.99502070261376, 59.447224818218096, 95.92691361668884, 88.78576842887836, 39.58896034606967, 16.509767635653745, 92.16905400083992, 69.24701364991849, 50.25349035263249, 69.30585015043538, 18.43669007632284, 9.049413252941305, 100.14181679251595, 42.09554437947513, 34.79118336653615, 53.53566855501677, 93.58174972666902, 89.9276820645755, 36.48105373677138, 85.29780473582288, 69.85793925232664, 70.95938216349964, 47.60245256980261, 32.941813380423376, 73.92947560970143, 97.1499766716514, 30.929378184963763, 49.67762975550765, 25.847451361508764, 79.15337292131584, 7.155830233225804, 31.730527953066975, 74.53754407518495, 52.246944418055776, 78.44203679096012, 63.001307226838314, 39.154592134349926, 43.20825705789782], [30.56942156679177, 69.52609335564999, 41.48746623340145, 20.38688011029287, 33.84390491297155, 47.3715519836534, 9.52946552856953, 55.684790330033145, 44.41148531558484, 106.93669765561607, 80.5100381842342, 55.88688202452669, 80.95424224300487, 24.945447356370828, 93.99879851860524, 0.0, 62.55828472912549, 93.21086073726704, 32.96220752363554, 43.189658322888945, 83.24976111474032, 60.46653235986808, 70.58116223755164, 100.95761340290079, 55.724243681383385, 8.565660879793715, 75.62161215423542, 44.96857751230294, 49.15129677158228, 67.067489185366, 97.35824880204595, 98.34551045783134, 8.200998115031068, 59.483658589548185, 55.23400892889065, 41.33731933228757, 54.46717017326375, 79.04268213546698, 61.04238930343229, 33.732965427859504, 61.69347784280435, 50.2449880986992, 47.49120990972106, 80.79411587177727, 42.86063092755732, 44.637447463479326, 26.357609581433827, 87.230835315287, 90.40647278519894, 20.381101858597173, 79.71250587974208, 73.73607626805277, 42.26439162840012, 78.29917300509871, 85.94416969457696, 14.389863826058587, 63.78865961173241, 78.62752530216176, 94.02001356566845, 12.967747101247564, 4.25455519395184, 96.45024042794435, 31.882871810322513, 30.987334460139643, 36.71165823266259, 55.2782801806006, 64.20818285210278, 31.917940936470835, 14.885725617023107, 67.98555208876961, 87.8219955586349, 76.64623256108413, 16.335910549425392, 98.1168295588968, 76.33819257529727, 96.74609754315009, 56.19559210961496, 94.1960213600334, 40.77276625166206, 71.80236374207358, 66.27135935645157], [61.36710479826098, 41.48767789652083, 43.10408563430536, 56.31046437568612, 29.156499828779623, 16.463863634694157, 53.59532194829806, 55.827915365048476, 35.13198743619912, 52.90363239398057, 22.849548792992433, 39.47297807660865, 44.338636663898995, 38.70547736288919, 42.39264648275471, 62.55828472912549, 0.0, 32.73159007500294, 66.16088627913642, 33.966848593675714, 25.209850019250272, 54.67252108389921, 11.096889216385913, 49.208914838811204, 40.01973070218163, 63.95942003291159, 14.293276422299128, 37.3290867563002, 36.48259831493578, 38.85611262074878, 45.865255763876156, 48.19902176174213, 61.045483050906334, 46.283731976059, 71.2476502491994, 59.734570970643254, 47.131031580395415, 32.94624372270065, 49.033127509584894, 78.0729962735868, 49.57448670658637, 12.414222551709981, 40.894295732462076, 32.87439600221396, 20.49299461926932, 53.86635745734675, 49.53607215385268, 25.082916452879747, 31.566327011001142, 69.07473496026094, 34.74941389754165, 16.888190857159493, 27.95383539461109, 37.15954500290439, 33.42165391590819, 64.19057534426503, 46.51864413854952, 16.078821101625604, 35.1411772337819, 57.799623150737794, 58.3201751269055, 33.90404024664482, 44.95261160809248, 50.844511331745686, 30.91643956066367, 7.32345963677986, 34.71620232625614, 56.60831556055763, 60.81729621584199, 11.942648634261893, 28.43943562911199, 43.230730847101896, 46.226654365962226, 49.01182773766536, 14.400348674041714, 47.623821764703116, 50.61225756070449, 48.68760366306088, 23.571411645393535, 9.363033016863973, 50.04797044687544], [94.06391481013428, 45.011316671454374, 75.10692139359422, 88.91084845774984, 59.41048200162101, 45.89369171976278, 83.83283692400374, 85.65742476159213, 66.98448204310422, 51.68348700967744, 32.7294815178753, 52.63234574466612, 38.58016808579647, 68.37757064767838, 20.8002138143435, 93.21086073726704, 32.73159007500294, 0.0, 89.1445030780612, 55.8207849344055, 32.28095770448413, 83.31444347396155, 22.80738777386802, 52.3408888595899, 69.23510077084865, 93.1474592774949, 18.443916521497847, 68.99708288172684, 67.38601501958469, 63.913631292591916, 50.59128690080714, 25.731593104766866, 90.32689668687539, 74.62879111359774, 102.1880893165719, 91.82170696802231, 60.670155956794765, 26.239974635793892, 77.09605700835475, 102.22851514904421, 59.00247588161449, 44.66701579225601, 72.02126126165226, 47.73888983979532, 52.94433595444919, 85.47680457690915, 82.26078095625995, 19.965681932264804, 5.183125196847442, 95.88764457889347, 51.25124589563471, 33.95738511667892, 60.52108526987901, 32.170752068340946, 17.379489404437827, 96.42199724082657, 54.456897124729956, 19.00963568476593, 33.06396270246771, 89.92975917065509, 88.96588133009813, 15.69319345551328, 77.64344696393894, 74.68642228855343, 63.646351246331605, 39.71376189061326, 42.46826940016972, 79.73438078243522, 93.120372072309, 25.245990009486174, 29.93320832451397, 41.093813888286036, 77.16044589043784, 27.459200955337007, 18.499342274885034, 54.41820884882929, 63.227322312417975, 58.72416637008849, 56.18906218032356, 25.63926861118984, 56.67115314448074], [62.013401512469486, 51.865360248441874, 66.04498064891605, 50.928059037983466, 40.68092562299605, 50.022593175695825, 29.86800514326591, 82.97646313847034, 65.35957223505774, 118.0626163615288, 88.44590645191454, 38.870681619810554, 63.99694946350472, 33.07279177506699, 82.57501950277087, 32.96220752363554, 66.16088627913642, 89.1445030780612, 0.0, 33.591077779658264, 91.00555903944567, 86.68528701476781, 69.57323015689614, 113.35207079526194, 77.76083027374803, 24.750019933861633, 75.09816442924665, 66.90739279830348, 70.5025458794746, 86.72542350422425, 109.77658777545398, 85.32643762669407, 24.814393029994434, 83.17842877791965, 86.31124926680135, 71.44338540493627, 33.04516327987245, 67.57177709411502, 85.39552895936077, 13.321749085553039, 39.14618916902529, 56.5978634180037, 70.76209469773458, 94.11335630483079, 52.95201041653169, 72.74686815358257, 53.946837881037354, 90.42404521408191, 84.96288339872933, 15.133831510778197, 94.29360803934856, 81.81686591147427, 59.10195188792918, 64.38799549516871, 76.57149259976413, 47.23691070667831, 42.97927366282598, 80.28397472187935, 101.26162194772216, 44.13101613495747, 32.23182610527532, 97.47962072166929, 57.385337085099955, 15.316419839499396, 54.08506241648131, 60.33851021469337, 49.63425585810988, 9.617919806780993, 47.07913972753442, 65.72989622188398, 94.56709071508338, 59.280379434841436, 34.80976634663006, 84.4915157300793, 76.51519449695544, 110.43483631616422, 32.8032086133019, 109.5569428148257, 53.11397731809224, 75.04209917874094, 43.941117338133004], [58.90752838478615, 26.76470302884268, 51.24532680309358, 49.06992955002392, 18.91425333944109, 19.602418792486795, 33.963785841752355, 68.73655388487498, 46.62721735016063, 86.83484550048045, 56.79530978295586, 14.145222262437608, 37.809871648156815, 20.89853939427049, 51.954739039640096, 43.189658322888945, 33.966848593675714, 55.8207849344055, 33.591077779658264, 0.0, 59.17665643683031, 70.45810470025067, 36.060274075924035, 82.86409094003837, 57.76162702725388, 40.24053511701443, 41.57261488975917, 48.87505781428786, 51.054350317247945, 63.158000098423024, 79.4194121696602, 55.79099894600935, 37.781807496168895, 64.24900543303052, 78.57334532071197, 63.67826857170097, 17.418796406662103, 36.70895571583213, 66.95524897333868, 46.477588495608074, 23.363700980205795, 27.199960955141176, 53.388790242669444, 64.99501787986685, 27.58928507871403, 61.345317234465156, 46.67277546120096, 57.232843911367816, 51.87447276132513, 40.56558610103292, 65.98596140802093, 50.56452206036635, 37.929518881325016, 35.269800256086576, 44.73345849032289, 52.10643787903031, 23.362621173680076, 46.97695628458089, 68.93099477916577, 45.94586414621469, 39.41966488302635, 63.93590000023975, 46.2284335591948, 18.866077848466194, 35.21715831782442, 29.461056037827472, 21.026120567692896, 24.036454147960665, 49.75418211964102, 32.158011193261224, 62.24415980665036, 33.60954843611705, 30.643644023564704, 55.38770985592227, 43.04689830233956, 80.75480053236836, 20.798555079207198, 80.94391017490494, 29.73942242141413, 42.24738746923098, 26.72640699566826], [74.0561709928713, 62.89373203516586, 52.77221556899065, 72.35282171723125, 52.051192962441185, 40.98309659301914, 75.12696853641908, 58.49726624004046, 45.08670503398288, 27.783545037697333, 2.7398895165520067, 63.68813679188139, 62.05913616567059, 61.48347656621326, 51.129814406148384, 83.24976111474032, 25.209850019250272, 32.28095770448413, 91.00555903944567, 59.17665643683031, 0.0, 54.96721565891279, 27.20144868645072, 24.807671352472223, 42.55119510191062, 86.14670268417494, 23.736888313553717, 46.38018988380804, 43.36518279014588, 34.14289793285207, 21.830510646746532, 56.77321750381106, 83.23973521410944, 46.53655207996031, 75.90883136526361, 68.60029193314541, 71.6589469724082, 48.77589294735558, 48.56939983442564, 102.52111996200084, 73.25199095810414, 34.81874940506422, 47.90452052769394, 15.531100735496171, 40.750251111745214, 61.3224108606976, 64.46370087377366, 12.464101879836944, 35.02698909765117, 92.66335000054063, 19.137289956779064, 9.569918977106388, 42.293563921752, 54.50103441413579, 44.14352243168734, 81.61876629170499, 69.671266558053, 17.40718031220123, 10.777888659222578, 75.83498038667247, 79.17561910421065, 21.399216448254734, 58.57796536168397, 75.71497709466024, 47.328542885023815, 30.687769975965242, 57.10483252541398, 81.5299885001494, 78.1314553828176, 31.16754596008931, 4.993370920301255, 62.49320763846801, 67.24218275118776, 58.258573258817556, 21.82419282234377, 24.592055411715435, 75.04488506678378, 27.591542645263406, 42.495370707077434, 17.86853696312022, 72.95527141311263], [33.696136145149985, 91.23235367356773, 20.685543163492046, 40.56810646754854, 51.92301128491626, 54.652074722627354, 58.07597582402092, 5.80308495927862, 23.837229080080768, 64.64985712311385, 53.142093453878005, 83.15866521235908, 97.31600212144498, 55.24485022089536, 96.8458598757439, 60.46653235986808, 54.67252108389921, 83.31444347396155, 86.68528701476781, 70.45810470025067, 54.96721565891279, 0.0, 65.47241944860622, 57.61183572381692, 14.657141505666733, 67.9036427005215, 66.86261882305777, 21.58882217183859, 19.77403083735508, 21.0644931559966, 54.84132461934776, 102.7121949481716, 65.87386461970185, 8.68580053648113, 22.09567698290049, 22.617093516731813, 87.87614066305862, 87.26068166232693, 6.397816789852286, 92.47077907886863, 93.4185503863141, 48.651022688151386, 17.091506843077983, 42.070154308477136, 43.861744306903695, 16.3967168079891, 34.1973494761608, 66.15758501133175, 83.96621487280582, 79.13500403830045, 38.74076191542477, 49.707274064528484, 32.71175287254758, 90.74655670386632, 87.98208262384254, 49.781498435082675, 92.31570450976992, 64.3527023087686, 62.590580905842494, 47.753524122549464, 58.297739968621464, 76.08456547351875, 29.506674963782714, 75.3951335626132, 35.401254249287504, 50.917511240020595, 83.86550262218674, 80.20827717248369, 47.218544321652075, 66.56002434249292, 59.62169208783818, 95.1651796431497, 51.925012174478475, 103.60991121336237, 65.94439149084158, 51.94440841921902, 91.23710613629368, 46.814442339603936, 41.03675973296511, 58.32797804803666, 95.97443105440378], [71.97334564260383, 35.70128632972019, 54.15602091256298, 66.29109559585751, 36.73822373461789, 23.209755300645803, 61.28023473851931, 66.81915140531191, 46.21438547669151, 54.35360863628133, 25.644478671961075, 37.41894594437952, 35.945643441556676, 45.89533700467156, 31.40115761685246, 70.58116223755164, 11.096889216385913, 22.80738777386802, 69.57323015689614, 36.060274075924035, 27.20144868645072, 65.47241944860622, 0.0, 51.985896681630145, 50.85329330076608, 70.9429171452915, 5.5281765009261346, 48.42175954302262, 47.55206725138611, 48.63003733899371, 49.026796607791105, 37.24816046480376, 68.07959510117429, 56.98230786175656, 82.34271271838591, 70.74750657796702, 45.61439950966748, 23.39473172259623, 59.69010273657004, 82.20805769699126, 46.43900563243615, 22.058561439742892, 51.98425266445315, 38.91921895526633, 30.33969876811761, 64.95229878599248, 59.88590750399978, 21.65098238025302, 20.891903599298594, 74.6092204996695, 41.51619816144205, 21.93962678491419, 38.83471476222052, 28.436905826710102, 22.5109652552715, 73.63789345350676, 42.658328915515845, 11.350975336603783, 34.96815505563139, 67.13480494324534, 66.32871597869972, 27.910880412119237, 55.60849919440166, 54.5006413248988, 41.377746993002525, 17.291596593254805, 29.98663280642589, 59.96813361787154, 70.35276768512763, 4.210690907463293, 28.661817547761476, 35.750580352979426, 54.43863431569055, 38.14154137079375, 7.027903607339429, 51.598625184362916, 48.82903317910633, 53.82964358257223, 33.694200358519566, 9.866362601338764, 45.8546819274463], [85.21992725083926, 87.6455944551844, 63.97206038256301, 86.5196025603528, 73.07346627391213, 63.816800506121844, 93.93214671186828, 62.72417409463409, 57.94201371779229, 7.038624540775438, 26.667487469825048, 88.32114618531627, 86.20382470681437, 81.97146766148789, 72.84214956412492, 100.95761340290079, 49.208914838811204, 52.3408888595899, 113.35207079526194, 82.86409094003837, 24.807671352472223, 57.61183572381692, 51.985896681630145, 0.0, 50.19865778476039, 105.2371932565551, 48.225266176434914, 58.294794639201825, 54.31552141015015, 38.226291975326625, 3.6267795320022604, 78.04155080835244, 102.41881729103164, 51.05944738895544, 79.68036498964126, 76.97228563591565, 96.19464251587134, 72.80126483239745, 51.90236421016283, 124.08038045725525, 98.00817734421089, 56.81122887354374, 57.912308063091025, 20.164793143574563, 60.93737786249109, 69.37914085792832, 78.35968521671337, 33.619994645602794, 56.33431373967114, 113.17206959465454, 21.570251132942623, 32.35405851637901, 58.69994873899219, 78.70239125078086, 67.04927464682476, 96.41282767450781, 94.46944319611019, 41.67833514671084, 19.30826121610161, 91.4855634880729, 97.192742126