instance_id,num_cities,city_coordinates,distance_matrix,best_route,total_distance
1404,59,"[[56.52455252057942, 41.94822192055641], [68.82349163192335, 31.93249642574211], [13.713393022141018, 99.40052942151776], [54.014521533539885, 55.48383940140253], [38.750315176750036, 43.73485881220589], [31.466326521928757, 17.352313165573584], [77.01519353718336, 70.4971964346494], [58.28847943727125, 1.7278601230181434], [78.44494818918581, 74.19540376045774], [4.014145730509, 22.26596605795743], [57.323858661091265, 3.5139894426598817], [92.38706224293894, 75.98944326114184], [20.61063122286715, 67.88700214282551], [3.3383423437172377, 74.72056838636836], [77.09081902751194, 77.35668787402624], [11.757423746605344, 48.0141341256195], [41.70540552332812, 20.555962011336415], [35.747087112239015, 89.27637447549304], [77.43287013453002, 85.27227566703776], [69.65696906724071, 4.2927101591041295], [54.52256954208724, 22.451918547038407], [91.69681124811906, 29.581931908698234], [89.5268802614144, 34.29610487157612], [51.43385426734171, 3.8851132540803857], [5.969939347481546, 36.265519969576424], [56.18896358790063, 41.863314188925], [94.46495836060413, 60.742121809169106], [9.696688421290089, 84.4424781356662], [42.10265209794522, 21.48463651145346], [42.90828017541926, 49.161985001287064], [86.73977388357747, 69.78936055329204], [38.25641925637308, 98.01594333767181], [28.894220853172815, 73.48171556762804], [12.124391040689419, 27.421358520525896], [25.9468277452928, 62.60973320692877], [11.001159025497087, 76.21897940630043], [76.7668906569448, 67.4171269603728], [25.780234112529342, 33.725945032393135], [28.32172714131843, 84.38625920086767], [39.076300461920944, 77.13477809640386], [84.22336970760125, 37.419025407877996], [65.84592882253833, 58.53125823482607], [78.84501066148115, 2.9497111486539107], [73.49590886352628, 37.74013566760809], [79.2582752780795, 71.97894754910914], [97.63934461135912, 14.657506275776722], [69.05672306356007, 14.27124766025204], [48.802339744812585, 57.90823658329528], [26.523803847043048, 20.17267469948978], [75.25348913678533, 6.226160294084715], [72.45779235514046, 26.472270787544538], [55.70712443532935, 72.255285732132], [97.63326059000636, 33.505928259367], [14.367753755460988, 6.149261882752654], [70.93964478409343, 2.5946643565727734], [18.350548836920066, 51.896438204915576], [89.85695872586203, 71.8055887455209], [3.462735091722613, 82.873868651107], [4.4210900046188435, 64.64106697038868]]","[[0.0, 15.861231366196591, 71.64888704499012, 13.766379195114652, 17.863806552282803, 35.112297243030014, 35.141290742909014, 40.25902310404843, 38.99210795640471, 56.07792807423867, 38.44254305416405, 49.44617633290829, 44.301580811495306, 62.47239106879594, 40.947903233403856, 45.17622283397663, 26.023756488058435, 51.68807495987964, 48.10541942935163, 39.879793509644635, 19.598820910412496, 37.28287693639497, 33.87784721089552, 38.40202403599945, 50.872998875093195, 0.3461636240671171, 42.34011181290122, 63.23456861066507, 25.034966339023264, 15.409128799594285, 41.086355428319244, 58.96875509849316, 41.92608316598152, 46.71620810471944, 36.90386566567342, 56.98126160374816, 32.533327176207116, 31.82481659964737, 50.95474823388077, 39.275122347594895, 28.066672310954758, 19.023279148535543, 44.93424856438507, 17.485277407909074, 37.66519125389237, 49.347839760948645, 30.382070415360154, 17.730049018236134, 37.070465032820906, 40.33408922511205, 22.212005652282148, 30.318085453297833, 41.966631999710515, 55.30606858122318, 41.910587897420335, 39.44897418793582, 44.74943191990768, 67.01093216160449, 56.83076651434332], [15.861231366196591, 0.0, 87.11520214692153, 27.820340604169548, 32.30621766789491, 40.10161504173486, 39.42511974467109, 31.9891627918159, 43.34427024032183, 65.52627812962122, 30.657023626101434, 49.96255021911468, 60.14321566214199, 78.22482904683378, 46.17040037725705, 59.28874408352601, 29.40775628087499, 66.19946288101212, 54.03011611787726, 27.652350162339054, 17.158022308346855, 22.993779676543596, 20.837872867184824, 33.000836208339734, 63.002731113853166, 16.07023460752037, 38.567853592486124, 79.0776645904867, 28.690783227183047, 31.119984919825313, 41.882398824478926, 72.8104928521567, 57.625378751234614, 56.8782768115802, 52.720974598124414, 72.83347254412266, 36.36284631667269, 43.08060440367065, 66.27058288653852, 54.11230590853168, 16.34803489773502, 26.764902578941257, 30.66647495356435, 7.453868549273033, 41.383607350233646, 33.59730149303451, 17.662788705559148, 32.796121716134046, 43.90395191473756, 26.498312875092367, 6.559131479609665, 42.40243419761887, 28.852703082262288, 60.25116240512528, 29.414052673547385, 54.277775615346485, 45.08070794844956, 82.86767705028645, 72.23240216439402], [71.64888704499012, 87.11520214692153, 0.0, 59.60584385456828, 61.03699169651433, 83.94686675886162, 69.58822174905757, 107.36334875929678, 69.46562166952793, 77.74198520305058, 105.33803331353387, 82.08303834454516, 32.25948382014871, 26.77204051387108, 67.10163244837773, 51.42360778196289, 83.66611365400716, 24.248344038864513, 65.26698489762833, 110.34120257440458, 87.10038808035343, 104.67115207575053, 99.9313311397307, 102.69385532829823, 63.608100846577074, 71.5171673908337, 89.52813961953288, 15.487969980622454, 82.92669292119238, 58.10553141789638, 78.80148236843107, 24.582050674379932, 30.0373508357181, 71.99670805593301, 38.77137618435837, 23.339675969485384, 70.7013549868302, 66.77394468342375, 20.948311053548515, 33.74967786321308, 93.8795166795025, 66.24272500668322, 116.3825071126336, 85.88337067333038, 71.04980466074518, 119.26837519659342, 101.53757330792578, 54.34008232492192, 80.25683515662413, 111.66309368853616, 93.64526341667577, 50.00337721553553, 106.69884083216171, 93.25356339333987, 112.45541072662843, 47.72988473027983, 80.9896496411033, 19.447532085760486, 35.98009345820136], [13.766379195114652, 27.820340604169548, 59.60584385456828, 0.0, 19.262256892378495, 44.299372358481065, 27.466921961277937, 53.9256156602867, 30.77285146586127, 60.02886547241649, 52.075109380182894, 43.5078345835212, 35.63226534866509, 54.20449132055423, 31.79523559177787, 42.91222215501789, 37.033376242632045, 38.413989470896745, 37.891555607408215, 53.527729990597216, 33.035827643756164, 45.72596384871609, 41.35272321049297, 51.663220801312534, 51.745779337223425, 13.793002041307341, 40.79077559179456, 52.94027851368767, 36.02552470960798, 12.779453828747469, 35.71540391484882, 45.35744318877843, 30.902314682994845, 50.42108552875084, 28.958138702590006, 47.75034434714602, 25.691898580929045, 35.64520940526518, 38.67130142554658, 26.30425051506441, 35.198181950551515, 12.217567678734992, 58.10669343207416, 26.350777493152368, 30.15519351487393, 59.748762874687216, 43.87192205605411, 5.748438109113642, 44.750619118893525, 53.641520260812925, 34.377686833693346, 16.856640134014995, 48.84283954730031, 63.29112682037339, 55.53129418597293, 35.84394503747878, 39.383750526553285, 57.49518949232855, 50.43176843581811], [17.863806552282803, 32.30621766789491, 61.03699169651433, 19.262256892378495, 0.0, 27.3696036785373, 46.69500648845028, 46.328477220220925, 50.03507458310047, 40.835215487265295, 44.30231202100855, 62.5880088660429, 30.20553196700151, 47.05445800072291, 50.994329341531255, 27.329990577524352, 23.366510562379577, 45.640431940516244, 56.75999521699892, 50.108924804668874, 26.490140696032288, 54.8054448588051, 51.6463903651447, 41.819545489040294, 33.62058985583244, 17.538789515945986, 58.25262620476482, 50.01223348971067, 22.50134563234184, 6.836839299147601, 54.60609130811833, 54.28333142356815, 31.337167742839423, 31.22611291637015, 22.80767795774153, 42.72275456800856, 44.78961750096808, 16.382959374428722, 41.96774716341155, 33.40151006462264, 45.90956806545878, 30.872410251153752, 57.192769437675054, 35.25894193289019, 49.3824197478107, 65.6765576006998, 42.26798719025122, 17.376070768702103, 26.545509967920847, 52.339126604099015, 37.870713791013934, 33.180538451427914, 59.76480804616815, 44.80163387652573, 52.236658970664465, 21.97184209171282, 58.308274660163775, 52.69796390209798, 40.194094596994645], [35.112297243030014, 40.10161504173486, 83.94686675886162, 44.299372358481065, 27.3696036785373, 0.0, 69.99341329051644, 31.04112465573752, 73.74366306424899, 27.888460247056095, 29.327651999230664, 84.55559748847952, 51.68753147959047, 63.89288067545526, 75.37983351364215, 36.449802649576334, 10.728564895821568, 72.05133938064307, 82.01246513725503, 40.3618434751236, 23.61347744935658, 61.45953843752839, 60.482393949909934, 24.084593368374694, 31.745474489449602, 34.81376099565372, 76.49511819503778, 70.53373220486083, 11.410850888252188, 33.804933452151744, 76.18922444796759, 80.94891346944313, 56.18830431311309, 21.80587403706882, 45.592750910039896, 62.32260805641989, 67.517602825179, 17.332843603931767, 67.10766294788736, 60.264872160930636, 56.4444731210272, 53.64384933395993, 49.51943715000457, 46.713478763453175, 72.58195057989973, 66.22786654601956, 37.71645366156752, 44.105785093659875, 5.690603621212207, 45.17861095230389, 41.99373641606457, 60.01627012837928, 68.11022276110805, 20.441857760382465, 42.14179698346935, 36.950239498767345, 79.84124968060493, 71.25500239445473, 54.476334813289775], [35.141290742909014, 39.42511974467109, 69.58822174905757, 27.466921961277937, 46.69500648845028, 69.99341329051644, 0.0, 71.27349744275281, 3.96496352941425, 87.49516880675121, 69.81761015771103, 16.32357567171188, 56.46492507841174, 73.79779991589666, 6.859908310004703, 69.02220373786828, 61.16296285586316, 45.3399838529993, 14.780981701609843, 66.61214206403307, 53.049664103390285, 43.469630431355384, 38.30223668460257, 71.35526991395793, 78.86213170139884, 35.40665285454715, 19.9913924813001, 68.74774187389185, 60.17571420408231, 40.23024715277247, 9.750307407892915, 47.53445082109823, 48.21343553938472, 77.88673866996116, 51.67388180525035, 66.26153901687451, 3.0900618580710146, 63.064617630917866, 50.63555800195331, 38.5151541356471, 33.85444139518653, 16.368755336549135, 67.57226501435446, 32.94556714809862, 2.6883084014941994, 59.5266881706796, 56.78639421428947, 30.8941261285814, 71.28771227016729, 64.29517624967018, 44.26018508509874, 21.38047442942529, 42.34924568643891, 89.80734041435431, 68.17379375731848, 61.54290165834839, 12.908246341014213, 74.58650118168076, 72.82992599199095], [40.25902310404843, 31.9891627918159, 107.36334875929678, 53.9256156602867, 46.328477220220925, 31.04112465573752, 71.27349744275281, 0.0, 75.21853570358253, 58.030311861196964, 2.029963346546418, 81.71594752271697, 76.13574928287443, 91.36439692910436, 77.93104362870027, 65.63199147315082, 25.08975410704926, 90.40385353112181, 85.70984228057543, 11.654227223386949, 21.063444041771756, 43.496734928331406, 45.12790990121082, 7.186071756649069, 62.69034682312339, 40.19033017876661, 69.22008891681557, 95.93159118413011, 25.54038409893456, 49.865285843976494, 73.76885519303244, 98.34977582202816, 77.54120329782623, 52.83255546904915, 68.93899407715965, 88.23274632358432, 68.23878265936855, 45.61428999733719, 87.92279102303355, 77.81587947987103, 44.118905389019375, 57.303935975283736, 20.592811753152215, 39.091557907737545, 73.31403427825711, 41.42060283946609, 16.531534765542627, 56.97562237907806, 36.73153686020856, 17.551246637593138, 28.514124354418158, 70.57464953292462, 50.575264887443254, 44.142711039738046, 12.680825454675364, 64.124289683379, 76.85998265341546, 97.93128684482875, 82.82371182281716], [38.99210795640471, 43.34427024032183, 69.46562166952793, 30.77285146586127, 50.03507458310047, 73.74366306424899, 3.96496352941425, 75.21853570358253, 0.0, 90.75577587537022, 73.7696601104952, 14.057066622089952, 58.17735083286243, 75.10844186581745, 3.439096252389011, 71.64275815441411, 65.01525748971358, 45.282921927079755, 11.12301187734229, 70.45292861033148, 57.00586340164056, 46.54002304684063, 41.40970019545902, 75.3202240168327, 81.80038502962485, 39.251660686323305, 20.91964438400459, 69.50773880917954, 64.02489726006675, 43.46868790626946, 9.392409171440045, 46.71761941209278, 49.55586676029883, 81.15557657113999, 53.761328223142, 67.47413989930175, 6.982901507259036, 66.41798851605265, 51.148712816851095, 39.478226218515644, 37.22757257701047, 20.102257187921087, 71.24681582862057, 36.789666510699256, 2.3609699469400427, 62.5554641171171, 60.65511730539517, 33.82241934047984, 74.92836902664021, 68.04412883029835, 48.09722918975165, 22.820444496662937, 44.98693976417319, 93.46745032864727, 71.9930237063671, 64.0982113506832, 11.659554034988929, 75.48276646925187, 74.63790546382548], [56.07792807423867, 65.52627812962122, 77.74198520305058, 60.02886547241649, 40.835215487265295, 27.888460247056095, 87.49516880675121, 58.030311861196964, 90.75577587537022, 0.0, 56.511610486003285, 103.42139225379819, 48.546083921928144, 52.458955533343705, 91.5160522005423, 26.88729278442018, 37.73003019624081, 74.1442810000963, 96.7476312044325, 68.05893169322476, 50.508766113004576, 87.98734675282742, 86.35480303276731, 50.85749214733223, 14.135509838577354, 55.73390056526038, 98.29427280791123, 62.435646433604056, 38.09651943632738, 47.28794274673726, 95.4044159233678, 83.12997265786473, 56.939188051347564, 9.610106681739346, 45.92017081993532, 54.40354771658572, 85.62469985446275, 24.59865284011361, 66.70674129504626, 65.11483109799055, 81.62802716389491, 71.68222106640819, 77.28373729342151, 71.18402442388991, 90.18347720126545, 93.9338412167617, 65.53207144890612, 57.239442443687956, 22.606781664683773, 73.02273219963857, 68.57277712587971, 71.91033395044016, 94.291438727834, 19.155817722180732, 69.75659491545032, 32.91652068006543, 99.11186991970892, 60.610410907972515, 42.37705488800469], [38.44254305416405, 30.657023626101434, 105.33803331353387, 52.075109380182894, 44.30231202100855, 29.327651999230664, 69.81761015771103, 2.029963346546418, 73.7696601104952, 56.511610486003285, 0.0, 80.51161190546993, 74.10631439375769, 89.35778005814628, 76.44263753791702, 63.69115219259596, 23.11633421301974, 88.43496908458377, 84.19495061336036, 12.357670421422121, 19.143990688744015, 43.13974378647544, 44.548549139899066, 5.90168489855163, 60.908848131649016, 38.36611389392539, 68.22404576868668, 93.90296921389151, 23.550568683348168, 47.87012013351352, 72.5101433195971, 96.4063614883767, 75.52302301277392, 51.13271134404139, 66.90908010235306, 86.20793505903357, 66.79552737870637, 43.677940773537536, 85.91535164645799, 75.84849307818413, 43.27973149574806, 55.6733827352541, 21.52854833510546, 37.85451483194065, 71.89276125484027, 41.82722050072421, 15.9178739612636, 55.0577007024178, 35.01649855474554, 18.13360195113635, 27.497611375658728, 68.76030573749468, 50.243052035599185, 43.036863378933944, 13.646786814530644, 62.12712955612175, 75.64486192179159, 95.91147512229243, 80.84072326866705], [49.44617633290829, 49.96255021911468, 82.08303834454516, 43.5078345835212, 62.5880088660429, 84.55559748847952, 16.32357567171188, 81.71594752271697, 14.057066622089952, 103.42139225379819, 80.51161190546993, 0.0, 72.23230303717934, 89.05775967953535, 15.357226778847732, 85.34492676941893, 75.10992724877985, 58.17756718788786, 17.601103348686724, 75.21355378707187, 65.57428123895899, 46.412644358655456, 41.791328131973415, 82.92285360055902, 95.10998481338729, 49.748316872970584, 15.388257332641539, 83.12130726446712, 74.15723742461572, 56.28376667894001, 8.386470735533374, 58.440510057326044, 63.54234498293886, 93.8134065253579, 67.77404666416946, 81.38622690210393, 17.81781039118807, 78.88392000988141, 64.61326241267007, 53.323063617512766, 39.42490341379295, 31.76822292248313, 74.28451809158396, 42.66011260403861, 13.727677262555963, 61.556420984771485, 65.980606199508, 47.186418280747745, 86.3335419126864, 71.83644602655113, 53.37720644657881, 36.86952359363446, 42.806210343860165, 104.71228882910808, 76.46427457384637, 77.85806451459577, 4.889382621048057, 89.1904214153434, 88.69497120056711], [44.301580811495306, 60.14321566214199, 32.25948382014871, 35.63226534866509, 30.20553196700151, 51.68753147959047, 56.46492507841174, 76.13574928287443, 58.17735083286243, 48.546083921928144, 74.10631439375769, 72.23230303717934, 0.0, 18.57497215959405, 57.268547757871886, 21.755692722757125, 51.81907817315954, 26.203388057203284, 59.4223406678479, 80.31050509650179, 56.69538236860873, 80.7497578709927, 76.6667969921184, 71.03740465541168, 34.846348351342236, 44.08004161294287, 74.19913039888098, 19.82921916832885, 51.137916436655196, 29.11720137242171, 66.15649988143608, 34.91599823642348, 9.995932946402416, 41.345913778710525, 7.504969070404506, 12.718639904922668, 56.15822518843094, 34.55000169231582, 18.212261905949795, 20.651932125922738, 70.53281579412858, 46.19266276155647, 87.22439286267455, 60.874347219532375, 58.79022172466174, 93.63120161861967, 72.26114407738402, 29.905654841156675, 48.07933707792949, 82.38872094222653, 66.35742679388649, 35.367297568926716, 84.34775442184295, 62.05257522047952, 82.43845570872992, 16.149492482541174, 69.35711350405847, 22.77403147142752, 16.511733403886563], [62.47239106879594, 78.22482904683378, 26.77204051387108, 54.20449132055423, 47.05445800072291, 63.89288067545526, 73.79779991589666, 91.36439692910436, 75.10844186581745, 52.458955533343705, 89.35778005814628, 89.05775967953535, 18.57497215959405, 0.0, 73.79957278295647, 28.00204568584511, 66.37647264498472, 35.52742923960847, 74.84208425131183, 96.73801458048263, 73.15624969830566, 99.22053986042101, 95.19769597447771, 85.62032452048922, 38.54498737226454, 62.231722772967956, 92.19250032080028, 11.616543978984398, 65.85390006151735, 47.10648750073514, 83.54708608677495, 41.975547517572245, 25.58588835074042, 48.10831430884453, 25.64792274038595, 7.80794435707744, 73.79086639992067, 46.73540039517547, 26.78796548576444, 35.819408970312615, 89.07184044484782, 64.57005599029729, 104.17443500727614, 79.3072288259285, 75.96941951583779, 111.80451895510568, 89.29180220315348, 48.472977630257326, 59.270889404472506, 99.3140084690011, 84.29351452553334, 52.42677709266546, 102.90859132197164, 69.45266007650328, 98.85384223059057, 27.318624825098077, 86.56770810751135, 8.154249123171526, 10.13748939786988], [40.947903233403856, 46.17040037725705, 67.10163244837773, 31.79523559177787, 50.994329341531255, 75.37983351364215, 6.859908310004703, 77.93104362870027, 3.439096252389011, 91.5160522005423, 76.44263753791702, 15.357226778847732, 57.268547757871886, 73.79957278295647, 0.0, 71.62009494135935, 66.92122195081703, 43.027701511458226, 7.922974761330832, 73.44118030613654, 59.3621055866966, 49.95760518975143, 44.820413067309715, 77.82256817812484, 82.13807647013076, 41.190619519116794, 24.03964482036295, 67.76560531567944, 65.92312150189186, 44.31012561996267, 12.262413000446555, 43.98767374954943, 48.3521197669147, 81.9400627471663, 53.22762925614042, 66.09945188683078, 9.944837894379448, 67.35293494147346, 49.27310824824365, 38.01516625931112, 40.56957187923023, 21.928163553348185, 74.42765194266703, 39.7793236218388, 5.798099481758124, 65.98052194974129, 63.59496414751459, 34.32900111765044, 76.33501416130956, 71.15425310498436, 51.09490031674331, 21.983782618672844, 48.42397158568396, 94.89299464883943, 75.01464593662466, 64.02065022535452, 13.9208126318934, 73.83450431730837, 73.77382009375503], [45.17622283397663, 59.28874408352601, 51.42360778196289, 42.91222215501789, 27.329990577524352, 36.449802649576334, 69.02220373786828, 65.63199147315082, 71.64275815441411, 26.88729278442018, 63.69115219259596, 85.34492676941893, 21.755692722757125, 28.00204568584511, 71.62009494135935, 0.0, 40.63044213833407, 47.72919889425297, 75.50783647657722, 72.55287907447983, 49.822530648238626, 82.0368926318071, 78.97007466897551, 59.34298292087746, 13.096751897233036, 44.85525965326975, 83.68116844546566, 36.48658489630549, 40.30691165736967, 31.171997335450737, 78.08017237455289, 56.589554579490816, 30.696376326481882, 20.596045060075625, 20.35609732685231, 28.214982431955235, 67.84325256731142, 20.019779172669672, 39.966331198167296, 39.9290987909794, 73.23639568385886, 55.101508880226525, 80.81798399061857, 62.5875034559415, 71.62874590481664, 92.13234477062188, 66.49655697273843, 38.3434357453426, 31.514962228240574, 76.0130585950799, 64.40952278419965, 50.19172861974721, 87.09275165599027, 41.946172062140484, 74.60203429553009, 7.65124718073181, 81.64294627772179, 35.832986912465245, 18.17351613195074], [26.023756488058435, 29.40775628087499, 83.66611365400716, 37.033376242632045, 23.366510562379577, 10.728564895821568, 61.16296285586316, 25.08975410704926, 65.01525748971358, 37.73003019624081, 23.11633421301974, 75.10992724877985, 51.81907817315954, 66.37647264498472, 66.92122195081703, 40.63044213833407, 0.0, 68.97823314301212, 73.92329119247735, 32.33857240755257, 12.956633230474829, 50.79969270506213, 49.75625560615691, 19.301811139170454, 39.036057101715286, 25.76386444285159, 66.32117199572293, 71.45659460835334, 1.0100698828361632, 28.631302078847696, 66.72347312301471, 77.53672815734407, 54.45421785458072, 30.367253531567055, 44.909380371561824, 63.56982191662673, 58.525861977040705, 20.66541887400894, 65.21832324076536, 56.63986778773237, 45.73991894932602, 44.99875540969437, 41.10146395516383, 36.137680153436136, 63.67528145548555, 56.24408699559376, 28.064073219355134, 38.02050619130526, 15.186439300270628, 36.480366382360614, 31.316321709116192, 53.56181667641893, 57.40754826836362, 30.90145971918, 34.311061752715986, 39.085480410031565, 70.32137879912261, 73.11650517977152, 57.7374805732751], [51.68807495987964, 66.19946288101212, 24.248344038864513, 38.413989470896745, 45.640431940516244, 72.05133938064307, 45.3399838529993, 90.40385353112181, 45.282921927079755, 74.1442810000963, 88.43496908458377, 58.17756718788786, 26.203388057203284, 35.52742923960847, 43.027701511458226, 47.72919889425297, 68.97823314301212, 0.0, 41.877646942604095, 91.49919832896255, 69.41200653062492, 81.81563483981189, 76.90966257166575, 86.82017137026362, 60.801556102222094, 51.632050119900754, 65.28393354543825, 26.49509059772366, 68.08900750100959, 40.748581925956984, 54.58935624976623, 9.09267901700864, 17.21723049681473, 66.21234604269844, 28.41047060866314, 27.979573314601822, 46.48065172492257, 56.43747310104026, 8.89096159573722, 12.589758701437127, 70.98686235202888, 43.02560220326704, 96.48691007282675, 63.88237201352033, 46.82333257978086, 96.94651633629763, 82.06887897236031, 33.976457969074005, 69.71649931631707, 91.96789590124845, 72.7463491831568, 26.23205199652767, 83.30810968246801, 85.83235254137206, 93.55338040192521, 41.22983361059161, 56.860412943148454, 32.913089587820814, 39.85243368550632], [48.10541942935163, 54.03011611787726, 65.26698489762833, 37.891555607408215, 56.75999521699892, 82.01246513725503, 14.780981701609843, 85.70984228057543, 11.12301187734229, 96.7476312044325, 84.19495061336036, 17.601103348686724, 59.4223406678479, 74.84208425131183, 7.922974761330832, 75.50783647657722, 73.92329119247735, 41.877646942604095, 0.0, 81.35204156787944, 66.86762401880553, 57.48803705132018, 52.391173587897974, 85.43897840971304, 86.65225086900594, 48.32847506357096, 29.863363468160795, 67.74126421194197, 72.91835993462588, 49.958987217614144, 18.064858643606627, 41.19703107152513, 49.950152967897814, 87.2463526816061, 56.25303006650019, 67.04576358024934, 17.867564579474287, 72.97272785032354, 49.11913467558239, 39.21027038623665, 48.332643677101444, 29.143425026537106, 82.33467537891511, 47.69490535659721, 13.418072752411527, 73.44894326648766, 71.49339702220679, 39.6042662521744, 82.64194501823948, 79.07615352992035, 59.01010059929912, 25.326864258170108, 55.56807085445166, 101.18132344565221, 82.93219753181438, 67.85769828259733, 18.322380685037075, 74.00900779273582, 75.87072432778785], [39.879793509644635, 27.652350162339054, 110.34120257440458, 53.527729990597216, 50.108924804668874, 40.3618434751236, 66.61214206403307, 11.654227223386949, 70.45292861033148, 68.05893169322476, 12.357670421422121, 75.21355378707187, 80.31050509650179, 96.73801458048263, 73.44118030613654, 72.55287907447983, 32.33857240755257, 91.49919832896255, 81.35204156787944, 0.0, 23.63909681572856, 33.54548226003269, 35.986345537394335, 18.227672595459985, 71.26218016382968, 39.91162059798032, 61.660136299055694, 100.09605667476565, 32.47772644981494, 52.23738299622984, 67.68776428019716, 98.84350745430349, 80.30392338724334, 62.00751494300921, 72.87970658245797, 92.81105677382027, 63.523562412006065, 52.834488597810676, 90.13089827123606, 79.00091236011505, 36.18746729983523, 54.372273495864974, 9.28567470244154, 33.667012518286, 68.36381947324479, 29.840280488498554, 9.99657470970681, 57.52860365000195, 45.96349873232862, 5.921086582146238, 22.35570443445488, 69.37946269447458, 40.44854755291339, 55.320377024157374, 2.1280546379494116, 69.98902543049039, 70.4700529106702, 102.74568157129968, 88.86869013828853], [19.598820910412496, 17.158022308346855, 87.10038808035343, 33.035827643756164, 26.490140696032288, 23.61347744935658, 53.049664103390285, 21.063444041771756, 57.00586340164056, 50.508766113004576, 19.143990688744015, 65.57428123895899, 56.69538236860873, 73.15624969830566, 59.3621055866966, 49.822530648238626, 12.956633230474829, 69.41200653062492, 66.86762401880553, 23.63909681572856, 0.0, 37.851833997257295, 36.95384308330554, 18.82196644442499, 50.47943623966973, 19.48279112144295, 55.33113129500306, 76.49960193600391, 12.457527196665826, 29.1259226031224, 57.260646794083314, 77.29495124312389, 57.10387412849641, 42.688416155749884, 49.28714941539194, 69.17376675299062, 50.16652060403926, 30.874350505519935, 67.24839548074358, 56.82255148259827, 33.258860748011024, 37.814510676471116, 31.175587170348322, 24.366312559190092, 55.36047091589409, 43.815626835965496, 16.678279130163734, 35.914781324989626, 28.091383607123586, 26.325771747949428, 18.380300582188724, 49.8174522960414, 44.505312192471905, 43.33804154748423, 25.764916135832028, 46.64112798569689, 60.69846638137606, 79.1070082134143, 65.49872133508289], [37.28287693639497, 22.993779676543596, 104.67115207575053, 45.72596384871609, 54.8054448588051, 61.45953843752839, 43.469630431355384, 43.496734928331406, 46.54002304684063, 87.98734675282742, 43.13974378647544, 46.412644358655456, 80.7497578709927, 99.22053986042101, 49.95760518975143, 82.0368926318071, 50.79969270506213, 81.81563483981189, 57.48803705132018, 33.54548226003269, 37.851833997257295, 0.0, 5.189607616283712, 47.76434019019047, 85.9870159688998, 37.57179256003562, 31.28290384650642, 98.65951386428137, 50.25083894387251, 52.57089730393035, 40.51184441177128, 86.82792993324414, 76.62477644741442, 79.60174706018353, 73.57918176507079, 93.20301758488272, 40.67437170328545, 66.04671063755943, 83.78493644737866, 70.92384180197786, 10.829236490834564, 38.8114882079757, 29.570998646147245, 19.94565456898735, 44.18398026764016, 16.06400271556955, 27.331129599052908, 51.403455351426224, 65.84872827116519, 28.563524113299874, 19.488710584664204, 55.82358536875483, 7.116121004371408, 80.80144279186892, 34.046623467610914, 76.66558159263117, 42.26372267060033, 103.0790120098639, 94.05421027177363], [33.87784721089552, 20.837872867184824, 99.9313311397307, 41.35272321049297, 51.6463903651447, 60.482393949909934, 38.30223668460257, 45.12790990121082, 41.40970019545902, 86.35480303276731, 44.548549139899066, 41.791328131973415, 76.6667969921184, 95.19769597447771, 44.820413067309715, 78.97007466897551, 49.75625560615691, 76.90966257166575, 52.391173587897974, 35.986345537394335, 36.95384308330554, 5.189607616283712, 0.0, 48.74327687532398, 83.58014698911877, 34.185952451010046, 26.90309326410538, 94.27363513078564, 49.12424186125632, 48.93146498940004, 35.60251621513624, 81.78556098612268, 72.19301539995656, 77.70719062580841, 69.59945852853502, 89.01582053138213, 35.49393524128777, 63.74919589668077, 79.08915430820232, 66.18468800084074, 6.154661393648193, 33.884068816933016, 33.11644210331833, 16.396749436517094, 39.05689286878149, 21.248214810568392, 28.6360304867624, 47.07463185474653, 64.5667013057111, 31.49049829361357, 18.776744705261397, 50.83970196352852, 8.144800863757496, 80.25670730459474, 36.74869594170214, 73.3201329001395, 37.510936169101605, 98.8273050204734, 90.35381707494182], [38.40202403599945, 33.000836208339734, 102.69385532829823, 51.663220801312534, 41.819545489040294, 24.084593368374694, 71.35526991395793, 7.186071756649069, 75.3202240168327, 50.85749214733223, 5.90168489855163, 82.92285360055902, 71.03740465541168, 85.62032452048922, 77.82256817812484, 59.34298292087746, 19.301811139170454, 86.82017137026362, 85.43897840971304, 18.227672595459985, 18.82196644442499, 47.76434019019047, 48.74327687532398, 0.0, 55.81629062291066, 38.27472809698194, 71.30494612099933, 90.72750437174922, 19.920204637828533, 46.07255722021365, 74.76548516544081, 95.04871364565784, 73.15546546933611, 45.81690452671162, 64.01694704952824, 82.86730982146801, 68.3964874704358, 39.352045286985465, 83.75323825999452, 74.28473958739163, 46.90069921808878, 56.51467998884203, 27.42711198728018, 40.40911772886772, 73.55928679358998, 47.44461812835022, 20.455739842689372, 54.08717706560256, 29.762312910454522, 23.934400066789383, 30.857505702197013, 68.50358620252767, 54.87966678237104, 37.135187843466774, 19.548430168186908, 58.306023888936686, 78.03541469880028, 92.4145646212368, 76.82112935645081], [50.872998875093195, 63.002731113853166, 63.608100846577074, 51.745779337223425, 33.62058985583244, 31.745474489449602, 78.86213170139884, 62.69034682312339, 81.80038502962485, 14.135509838577354, 60.908848131649016, 95.10998481338729, 34.846348351342236, 38.54498737226454, 82.13807647013076, 13.096751897233036, 39.036057101715286, 60.801556102222094, 86.65225086900594, 71.26218016382968, 50.47943623966973, 85.9870159688998, 83.58014698911877, 55.81629062291066, 0.0, 50.53004745477657, 91.81760412767738, 48.320885306421054, 39.03905027674383, 39.12492598632009, 87.4506378391301, 69.68164443414261, 43.710043437917285, 10.77480706931223, 33.06196668611377, 40.26899666505737, 77.3474688197587, 19.972411460303174, 53.05853335465133, 52.59588772971624, 78.26193160101721, 63.88190053617467, 80.12938996655838, 67.54206874636492, 81.52686117442951, 94.18166550462176, 66.81085461252523, 47.98980835780683, 26.104425194845504, 75.51538519480977, 67.20522544497136, 61.39259580850485, 91.70485160348582, 31.265192914534293, 73.17642477076791, 19.94003751776393, 91.10504107231195, 46.6757350236633, 28.41778671681156], [0.3461636240671171, 16.07023460752037, 71.5171673908337, 13.793002041307341, 17.538789515945986, 34.81376099565372, 35.40665285454715, 40.19033017876661, 39.251660686323305, 55.73390056526038, 38.36611389392539, 49.748316872970584, 44.08004161294287, 62.231722772967956, 41.190619519116794, 44.85525965326975, 25.76386444285159, 51.632050119900754, 48.32847506357096, 39.91162059798032, 19.48279112144295, 37.57179256003562, 34.185952451010046, 38.27472809698194, 50.53004745477657, 0.0, 42.67857955698869, 63.04376933981103, 24.77326533330491, 15.15411322149151, 41.39101442665076, 58.94653430456189, 41.76992083664688, 46.37085978603853, 36.674250945224955, 56.76486073001817, 32.80927353077342, 31.478684932760306, 50.840768283518486, 39.203563682908324, 28.38449628324674, 19.263367728937997, 45.02849065398586, 17.791316867847364, 37.936058236770705, 49.581146327984484, 30.445054922698663, 17.663571168952263, 36.749225079057716, 40.416121438463236, 22.39551308724467, 30.39579088051591, 42.27854838537298, 54.99551912635211, 41.94769904783352, 39.14599862549773, 45.05633920140829, 66.7976103519188, 56.557393478732024], [42.34011181290122, 38.567853592486124, 89.52813961953288, 40.79077559179456, 58.25262620476482, 76.49511819503778, 19.9913924813001, 69.22008891681557, 20.91964438400459, 98.29427280791123, 68.22404576868668, 15.388257332641539, 74.19913039888098, 92.19250032080028, 24.03964482036295, 83.68116844546566, 66.32117199572293, 65.28393354543825, 29.863363468160795, 61.660136299055694, 55.33113129500306, 31.28290384650642, 26.90309326410538, 71.30494612099933, 91.81760412767738, 42.67857955698869, 0.0, 88.01912564043874, 65.44433718088105, 52.8411831243395, 11.896680381402739, 67.44432992899064, 66.79684772801053, 88.82703582076348, 68.54357880465466, 84.88662391998456, 18.915001829550675, 73.80694515198472, 70.24223992104329, 57.76350581438748, 25.472670921621777, 28.704298797306297, 59.86606297458492, 31.12543016999871, 18.907920644061306, 46.19381470423906, 52.96338891228962, 45.75047152024401, 79.1320448075282, 57.801994858758114, 40.727607892391354, 40.431703329147474, 27.419853721329673, 96.9326701401725, 62.72612842408385, 76.62668892471895, 11.984738682404908, 93.65478555928142, 90.1282419770862], [63.23456861066507, 79.0776645904867, 15.487969980622454, 52.94027851368767, 50.01223348971067, 70.53373220486083, 68.74774187389185, 95.93159118413011, 69.50773880917954, 62.435646433604056, 93.90296921389151, 83.12130726446712, 19.82921916832885, 11.616543978984398, 67.76560531567944, 36.48658489630549, 71.45659460835334, 26.49509059772366, 67.74126421194197, 100.09605667476565, 76.49960193600391, 98.65951386428137, 94.27363513078564, 90.72750437174922, 48.320885306421054, 63.04376933981103, 88.01912564043874, 0.0, 70.8084479690958, 48.45330765435848, 78.42417275580405, 31.62115087979005, 22.106188444553162, 57.072776541643535, 27.21646154761506, 8.326318208495316, 69.19735985262506, 53.205706197903005, 18.625123567138687, 30.274809388695022, 88.12168478867126, 61.83953843930969, 106.8763843879123, 79.06610728397366, 70.66932828828006, 112.26688325258813, 91.91090957642182, 47.25799340002159, 66.43613058627338, 102.0562908239686, 85.43711785272129, 47.59714152008251, 101.6236824666601, 78.43243310379694, 102.22408876812446, 33.676906260332494, 81.15023049111323, 6.428274249771436, 20.492140512654156], [25.034966339023264, 28.690783227183047, 82.92669292119238, 36.02552470960798, 22.50134563234184, 11.410850888252188, 60.17571420408231, 25.54038409893456, 64.02489726006675, 38.09651943632738, 23.550568683348168, 74.15723742461572, 51.137916436655196, 65.85390006151735, 65.92312150189186, 40.30691165736967, 1.0100698828361632, 68.08900750100959, 72.91835993462588, 32.47772644981494, 12.457527196665826, 50.25083894387251, 49.12424186125632, 19.920204637828533, 39.03905027674383, 24.77326533330491, 65.44433718088105, 70.8084479690958, 0.0, 27.689071057493226, 65.77095868286811, 76.62789591004287, 53.64847515374458, 30.560445092144594, 44.18466067229612, 62.953563548588924, 57.5447922380062, 20.40271950489586, 64.39354027867708, 55.73236997158737, 45.033982740313846, 44.002220065983806, 41.15269579281524, 35.35219686476988, 62.69143307559373, 55.954748883221484, 27.902597017805327, 37.03463860710757, 15.633993623533579, 36.49382266701779, 30.762168904452, 52.56177784158215, 56.81689832071993, 31.692243547444455, 34.47322432255407, 38.58808224782448, 69.37342456053612, 72.53744556395712, 57.292037943767745], [15.409128799594285, 31.119984919825313, 58.10553141789638, 12.779453828747469, 6.836839299147601, 33.804933452151744, 40.23024715277247, 49.865285843976494, 43.46868790626946, 47.28794274673726, 47.87012013351352, 56.28376667894001, 29.11720137242171, 47.10648750073514, 44.31012561996267, 31.171997335450737, 28.631302078847696, 40.748581925956984, 49.958987217614144, 52.23738299622984, 29.1259226031224, 52.57089730393035, 48.93146498940004, 46.07255722021365, 39.12492598632009, 15.15411322149151, 52.8411831243395, 48.45330765435848, 27.689071057493226, 0.0, 48.442630635131344, 49.07493306305538, 28.068543843720537, 37.68690316323844, 21.64561850217689, 41.83473827226287, 38.46629318879119, 23.05734789289023, 38.12501832529233, 28.23404367190213, 42.951527598732184, 24.77738901465192, 58.54077939913862, 32.650599856094075, 42.91778097562988, 64.69967902864894, 43.60165842803984, 10.546888401009003, 33.299116749983185, 53.75590745250278, 37.25582908969818, 26.402858804202936, 56.92043213190816, 51.62030606650875, 54.35322211104016, 24.709500254289633, 52.12399838998046, 51.88874758720759, 41.48331936874776], [41.086355428319244, 41.882398824478926, 78.80148236843107, 35.71540391484882, 54.60609130811833, 76.18922444796759, 9.750307407892915, 73.76885519303244, 9.392409171440045, 95.4044159233678, 72.5101433195971, 8.386470735533374, 66.15649988143608, 83.54708608677495, 12.262413000446555, 78.08017237455289, 66.72347312301471, 54.58935624976623, 18.064858643606627, 67.68776428019716, 57.260646794083314, 40.51184441177128, 35.60251621513624, 74.76548516544081, 87.4506378391301, 41.39101442665076, 11.896680381402739, 78.42417275580405, 65.77095868286811, 48.442630635131344, 0.0, 56.1014763762123, 57.96327708942317, 85.80502871649907, 61.215433911759774, 76.01103721970642, 10.251141013147068, 70.82821068000385, 60.214098310182784, 48.226153252147455, 32.46799789644102, 23.733891995367273, 67.30427935033484, 34.67784273051712, 7.795326330328929, 56.19895015146723, 58.266209294132494, 39.754371027895225, 78.02421779521865, 64.5926866175768, 45.61080203364597, 31.130469298831514, 37.88344640672209, 96.37308470844174, 69.02732268116561, 70.69117888851042, 3.71241396723305, 84.29869241039202, 82.47951650185448], [58.96875509849316, 72.8104928521567, 24.582050674379932, 45.35744318877843, 54.28333142356815, 80.94891346944313, 47.53445082109823, 98.34977582202816, 46.71761941209278, 83.12997265786473, 96.4063614883767, 58.440510057326044, 34.91599823642348, 41.975547517572245, 43.98767374954943, 56.589554579490816, 77.53672815734407, 9.09267901700864, 41.19703107152513, 98.84350745430349, 77.29495124312389, 86.82792993324414, 81.78556098612268, 95.04871364565784, 69.68164443414261, 58.94653430456189, 67.44432992899064, 31.62115087979005, 76.62789591004287, 49.07493306305538, 56.1014763762123, 0.0, 26.259837989090347, 75.27601413578229, 37.48500712274163, 34.89923848565002, 49.18682721202817, 65.48938141283824, 16.866131657555016, 20.897255011707816, 76.05883904173027, 48.168676500111694, 103.36838131105216, 69.82116167789799, 48.57033402107065, 102.34725620708046, 89.22910270040077, 41.47100891036471, 78.72247923318615, 98.9653851148213, 79.29836696805883, 31.11492554245804, 87.67640122725484, 94.92183890419557, 100.86334177135201, 50.231986132805694, 57.875714780800536, 37.945788746090855, 47.5259074411636], [41.92608316598152, 57.625378751234614, 30.0373508357181, 30.902314682994845, 31.337167742839423, 56.18830431311309, 48.21343553938472, 77.54120329782623, 49.55586676029883, 56.939188051347564, 75.52302301277392, 63.54234498293886, 9.995932946402416, 25.58588835074042, 48.3521197669147, 30.696376326481882, 54.45421785458072, 17.21723049681473, 49.950152967897814, 80.30392338724334, 57.10387412849641, 76.62477644741442, 72.19301539995656, 73.15546546933611, 43.710043437917285, 41.76992083664688, 66.79684772801053, 22.106188444553162, 53.64847515374458, 28.068543843720537, 57.96327708942317, 26.259837989090347, 0.0, 49.01819747039041, 11.264418608331932, 18.101223021981966, 48.25527690435764, 39.87754009804461, 10.91956138768127, 10.817560307113173, 66.04416957244321, 39.86157167389669, 86.42826534087092, 57.15567432129919, 50.38646931302536, 90.4775090248393, 71.54653096838284, 25.27580751388803, 53.36171581821358, 81.68531980071207, 64.09112778332714, 26.84093755157255, 79.5180429516302, 68.88161994005944, 82.41839420256623, 24.022764587189766, 60.98577547312163, 27.110385603645472, 26.02097617596839], [46.71620810471944, 56.8782768115802, 71.99670805593301, 50.42108552875084, 31.22611291637015, 21.80587403706882, 77.88673866996116, 52.83255546904915, 81.15557657113999, 9.610106681739346, 51.13271134404139, 93.8134065253579, 41.345913778710525, 48.10831430884453, 81.9400627471663, 20.596045060075625, 30.367253531567055, 66.21234604269844, 87.2463526816061, 62.00751494300921, 42.688416155749884, 79.60174706018353, 77.70719062580841, 45.81690452671162, 10.77480706931223, 46.37085978603853, 88.82703582076348, 57.072776541643