instance_id,num_cities,city_coordinates,distance_matrix,best_route,total_distance
1723,96,"[[29.321317854814833, 80.4591043934019], [34.421435537773746, 86.91633772125884], [69.89770313147639, 10.81183124389743], [0.9278072654097858, 4.718120908803547], [41.61028342834696, 81.3211461939084], [53.52614269665504, 3.292803475144168], [9.518276140904636, 73.40580975191665], [6.133703064688012, 50.04895366096335], [44.47235204019619, 31.20058225561578], [95.5564306744761, 76.72308326409039], [62.27379146439345, 22.309372136167227], [7.1239575548608265, 15.392748327575923], [77.36464163275024, 54.93480373304044], [34.22469297264576, 8.899336785819322], [72.59805783855643, 93.70864790230401], [42.14263995659857, 8.63145174368195], [68.1620558324951, 23.313540858132342], [86.97357365057233, 61.76157610692143], [80.06573135537101, 24.839259631350387], [47.28586668824286, 72.82525053416136], [25.70626931770239, 63.368285001650634], [55.46103794541219, 98.00250794534958], [31.021615215088282, 71.53201293709375], [74.57861534360953, 34.24866598420121], [50.61384900738125, 69.0689321269287], [4.579791694791546, 27.827122697713403], [84.9552627533772, 22.873830390227358], [24.85821524800851, 15.507402369596878], [89.2055046769314, 89.30606041719597], [50.81441464487413, 50.20471108366221], [17.788182052808533, 63.99493189227717], [33.32298387472379, 13.024084732511954], [73.92385407748495, 32.95382671953925], [53.958346670249405, 50.69556640376357], [59.01008201343196, 35.82812097748332], [47.82525147205591, 47.23823475414831], [11.734173681112491, 80.97914872043405], [23.35808195817506, 13.4680351846027], [68.23677259738595, 37.0428774448353], [4.718229608128421, 55.55842100579732], [82.40382097975942, 15.840760883522186], [67.3067482129858, 45.73182374002205], [4.17153323022772, 79.99474823011829], [95.84789066063247, 44.02870593197689], [81.2561410780997, 41.28950470793731], [63.976586414463746, 93.56109625943346], [43.288425165928956, 99.34131856038121], [12.768024405308298, 60.751236791969085], [43.04001746621853, 51.988605679957445], [95.30051648794496, 15.460106732326839], [5.47058483297066, 88.53627692038954], [3.674774902202693, 17.743604422402793], [38.91142634981579, 16.338364868029597], [18.53377310149016, 31.470383827833547], [21.045644368814287, 70.3509044085981], [47.86384928566638, 28.048312211392634], [63.66630953798209, 83.87950927129057], [2.33099369688472, 6.032567189276961], [76.93593969339467, 0.459250538047673], [19.223152894574337, 96.48345433531283], [90.09229448665029, 71.29278969877609], [0.8677715440705613, 71.65781845416042], [37.55790273724992, 31.93027737989801], [38.302036419495245, 46.60836664516395], [53.625600954082174, 15.49122877569744], [68.89787869398099, 11.39310136984828], [33.381796574821834, 87.22768914718607], [63.18854875556907, 43.59380096376362], [66.52529747937645, 92.10735961912354], [35.39123296959954, 74.90580016045242], [98.09528362434662, 22.586214497903555], [87.72378965551898, 81.57374425133645], [78.57226388768954, 27.462494573747808], [71.85059351178974, 59.501232190850594], [30.413238866618965, 9.480539632006202], [19.053076952613633, 18.701873242905588], [0.2712776409173667, 55.505157308169196], [37.38430230548667, 87.28827760146464], [17.142351975394998, 60.76017544053946], [67.39772239614639, 35.01949484424753], [51.830604494504314, 87.84946254482718], [84.027026599412, 40.687321895746756], [9.135230680604078, 19.358536724729326], [63.42387650390822, 27.56827345715592], [25.778371317533054, 5.6297725936042875], [91.0176303692506, 7.092755657436111], [46.49136070592419, 3.4916395309564363], [32.09974028204633, 57.27159291846677], [43.90180472337093, 63.11316070462885], [72.30199910838577, 56.88564642898821], [40.927212163831385, 56.55893186598744], [99.80818458547314, 9.067516975505363], [83.74209151919042, 44.33639078693604], [57.93089567018824, 27.44894623990214], [9.233084327152108, 64.36657647515754], [55.61309893267088, 3.377333063743382]]","[[0.0, 8.228430143740457, 80.60512204123113, 80.88812040593389, 12.319163564677526, 80.87342915340778, 21.021641858391362, 38.24189779842184, 51.53596647085761, 66.34039511573562, 66.83754093754537, 68.74847995389295, 54.4026734989381, 71.72756393184834, 45.259547355388655, 72.96299051989652, 69.09571881393481, 60.60841659673343, 75.28985743690937, 19.51924023964207, 17.468963432531993, 31.48104151074531, 9.08757244717437, 64.68096778774876, 24.14762736052854, 58.15727481530067, 80.069966947645, 65.10486065316506, 60.53415946581818, 37.11174375002175, 20.101795879331558, 67.55364688600837, 65.16239440325526, 38.6374349887929, 53.603613664919905, 38.02659252285886, 17.594831237857058, 67.25595539502132, 58.30421408672397, 35.00508512264991, 83.6258480134615, 51.46724143641338, 25.15407110806316, 75.8482618215207, 65.04985321085204, 37.049289194247, 23.486551438809652, 25.737357467717644, 31.60335450581426, 92.61816425094206, 25.181306195469922, 67.75676425297011, 64.83393724143653, 50.1623949234516, 13.063785002045925, 55.594213808721875, 34.514889877348764, 79.16935668771814, 93.09741580575155, 18.940768902688447, 61.45838369065691, 29.783668878127806, 49.22284410547752, 35.02178967497203, 69.36514282582318, 79.60161393781999, 7.89311263094536, 50.06036282174054, 38.984842563595755, 8.226971338493076, 89.88397939858473, 58.41310755682272, 72.34843700806393, 47.41277987173322, 70.98696321919725, 62.605050679649395, 38.296270204311725, 10.566424416873373, 23.15977141040029, 59.28381481293807, 23.691462146394457, 67.63511848359167, 64.34871781814205, 62.93190370186975, 74.91315884255742, 95.85956449267997, 78.85937495859773, 23.353379189838698, 22.65992850337844, 49.020882095501335, 26.569061510566005, 100.32525671810039, 65.31822903695375, 60.23773576615379, 25.739203193987702, 81.44235521866787], [8.228430143740457, 0.0, 83.96702607894805, 88.76018241303196, 9.109648852811675, 85.7781167631799, 28.331990998802887, 46.46934275324108, 56.615071576798364, 61.97894857766793, 70.35491264138076, 76.55570614907663, 53.54379017173882, 78.01724900685298, 38.77615205112735, 78.66473396763949, 71.99823071912738, 58.26224551200203, 77.05170578815839, 19.080155317490032, 25.10906029959943, 23.781674451329565, 15.755514186824284, 66.2305272224273, 24.0982186150606, 66.19712259116845, 81.57886024149691, 72.04645189298648, 54.83616512856714, 40.205388872440025, 28.32059262571993, 73.9004171017257, 66.87595729480982, 41.153798991497, 56.69750810718126, 41.88095195513996, 23.45126998233212, 74.27685331207421, 60.25644414001858, 43.19258481768298, 85.75573995669495, 52.703016817039526, 31.031677213775374, 74.91700974714357, 65.38575941192828, 30.29289948774389, 15.264457210080224, 33.96296100624176, 35.97535851115688, 93.87361420804628, 28.996136976167662, 75.69824418223743, 70.72064952730133, 57.67730594298888, 21.291438895288973, 60.3832999661313, 29.40212547287353, 87.01712930804935, 96.34475070186069, 17.958772664341076, 57.82162042797255, 36.86015162240583, 55.07544151758717, 40.49434028940983, 73.96178849393958, 83.02038521769343, 1.0852598231366741, 52.003740192316734, 32.52083424375207, 12.049627361803266, 90.51366573111508, 53.56943400371494, 74.05440641172255, 46.3953648319233, 77.53946392820987, 69.92424193132581, 46.39930537544596, 2.98612102194555, 31.34823047655154, 61.48754179154408, 17.43415858882644, 67.80734892893197, 72.13493350357673, 66.05553961546454, 81.74477493618555, 97.85158927121383, 84.29331742023086, 29.735520228896863, 25.621643896913465, 48.34024737130374, 31.04669418424165, 101.66546042059356, 65.15810761038874, 63.94580021639046, 33.80746617192416, 86.18498649191176], [80.60512204123113, 83.96702607894805, 0.0, 69.23857191930017, 75.97197909874954, 18.01565346187283, 86.96942766956764, 74.86921583727991, 32.59063739684619, 70.72950899020354, 13.795559998669846, 62.94066996025066, 44.75032817599751, 35.72423951386807, 82.94078687618972, 27.84057446617111, 12.621616965552183, 53.735108221647515, 17.325055414833127, 66.0072671711655, 68.66632110509502, 88.3777766486104, 72.09917250938122, 23.89971049577813, 61.36576271158914, 67.49777550192974, 19.293053806309707, 45.283593684706084, 80.8339978847328, 43.77180464103614, 74.45699686143553, 36.64156320639386, 22.505062876681514, 42.950848823980195, 27.282870920135988, 42.59197101507597, 91.13972021010613, 46.61535968250182, 26.283578048561253, 79.06086936089548, 13.479358922272217, 35.0159809703948, 95.42643979846535, 42.15178521536119, 32.52541609830585, 82.96083704850079, 92.44200234940409, 75.8798024368142, 49.161591026450346, 25.82458889198261, 100.95515354833364, 66.58472574590797, 31.475258897876316, 55.3627049825835, 77.01574435569762, 27.974756324968066, 73.33291101839495, 67.73552678412065, 12.518494365244406, 99.53661158001034, 63.76337393538098, 92.01828956546309, 38.62449296414865, 47.74597471733843, 16.93157023232558, 1.1565136683740147, 84.69235367345702, 33.46147473071054, 81.36544754187436, 72.79239887865225, 30.557153772302083, 72.97271882858018, 18.77478611428789, 48.72854959272525, 39.506901367212976, 51.45317068961259, 82.73652471115572, 83.10095114229033, 72.6495985094734, 24.336410595335057, 79.12785027799042, 33.04818789813282, 61.360608153106654, 17.96354048761217, 44.422620043891044, 21.444879336258563, 24.524315942680545, 59.893200368862225, 58.40561443392674, 46.13650490505847, 54.14874478909025, 29.96130059054179, 36.270693161071684, 20.49385459609359, 80.92160843346575, 16.103467959021927], [80.88812040593389, 88.76018241303196, 69.23857191930017, 0.0, 86.73573283012236, 52.61764361812949, 69.22279071309659, 45.628782024915225, 50.96516593349601, 118.90875061189219, 63.81835078632303, 12.342607056010136, 91.45657374934973, 33.55838440704416, 114.2625866668463, 41.40020038581811, 69.75839607869801, 103.23676522319775, 81.65580966937037, 82.38720033631569, 63.66956831795543, 108.05484770792319, 73.27846508272505, 79.35045446008426, 81.30024383982936, 23.39578923550744, 85.9665229176812, 26.250200392641638, 122.26230559970487, 67.51076567161992, 61.62801764085886, 33.443033692974055, 78.26671024657344, 70.18663408235409, 65.88917015851688, 63.30347821831408, 77.02286620216564, 24.076507691663675, 74.66851209964544, 50.98140264340091, 82.23170879160969, 78.02747991092167, 75.3464821939747, 102.73823205905467, 88.26158465666978, 108.94137332225446, 103.6724239261498, 57.27041834574115, 63.30826943217602, 94.98209570984393, 83.94117050179193, 13.311989030968789, 39.72134675991213, 32.025827144823865, 68.64684726664454, 52.41459593226582, 101.00814360675112, 1.922680729015026, 76.12735495224427, 93.57134225054706, 111.27664762168793, 66.93972446725257, 45.63184583252634, 56.13934175526778, 53.78770596303221, 68.29704220652897, 88.66278967514914, 73.40107921985931, 109.26989413713524, 78.19231439214822, 98.79669645526305, 115.93243462652475, 80.907157764809, 89.61713502835745, 29.867562819967354, 22.892591172153818, 50.791279737552664, 90.26021718818184, 58.34058052753822, 73.05082395060943, 97.47776530035755, 90.54978560747521, 16.784027358756575, 66.54237853989115, 24.86728056107224, 90.12111360314375, 45.58005768641389, 61.10283813591748, 72.50341461112622, 88.4065946642956, 65.47840921194063, 98.97598832597299, 91.80312077812235, 61.368090306900555, 60.223881297402365, 54.701726085918686], [12.319163564677526, 9.109648852811675, 75.97197909874954, 86.73573283012236, 0.0, 78.93294603357366, 33.05373628997445, 47.292047747129075, 50.202214754245766, 54.141749005805245, 62.52495535222438, 74.40336227264004, 44.43662002302812, 72.7974273193835, 33.37202962772173, 72.69164383022614, 63.79560247064713, 49.40045426687495, 68.33026404847072, 10.21726423272489, 23.984221684683803, 21.682048578823157, 14.42036838815671, 57.46937708352333, 15.204635565480231, 65.06049391020927, 72.76589831330692, 67.91230127517997, 48.260376509668504, 32.44916894808266, 29.4565818786308, 68.79802277793489, 58.1684144638009, 33.02121747162799, 48.70696391835376, 34.64492286028147, 29.878067137963615, 70.26512315614987, 51.66754308929441, 44.997129288344986, 77.14786819060616, 43.89656222479026, 37.462238960792504, 65.82130459792938, 56.341160343445004, 25.49642890432547, 18.098142772362163, 35.42593793191716, 29.367364070028874, 84.97245227103873, 36.852895760914855, 74.03517153924008, 65.03880148324784, 54.93290304857731, 23.307736579878906, 53.638623457919934, 22.20390752513212, 84.91897744523767, 88.24141975067953, 27.038476320071613, 49.50831576867576, 41.87280952654343, 49.55683314607947, 34.870066852119855, 66.91745573863905, 75.06360175409127, 10.12893111624074, 43.46232981153362, 27.149591621556446, 8.934945625879655, 81.48832706882892, 46.114198055935546, 65.3218367302899, 37.29054841435842, 72.70795388469784, 66.55825199703683, 48.73785676085632, 7.312015706070085, 31.95986839627549, 52.998442677342254, 12.127401909436875, 58.73915030313228, 69.95708701195815, 58.01037984981379, 77.32938302214335, 89.16804300518133, 77.98241483044858, 25.861775725691214, 18.35161588044397, 39.231047145669656, 24.771633873733506, 92.77705877168717, 56.062120772561165, 56.29010847238591, 36.54778318840141, 79.19164632281753], [80.87342915340778, 85.7781167631799, 18.01565346187283, 52.61764361812949, 78.93294603357366, 0.0, 82.77998531019121, 66.57462665662135, 29.339653060503682, 84.60822121627126, 20.93206255014349, 47.95384709661195, 56.878556786919006, 20.099233249359738, 92.40542662991314, 12.573197682691331, 24.799997554000598, 67.35969128851119, 34.18478519846457, 69.81190613839586, 66.20429620094589, 94.72946711798453, 71.85432113074636, 37.436239504394806, 65.84056921798819, 54.751055662083395, 37.0298015467146, 31.161618866054226, 93.11980047819588, 46.990217540430145, 70.44111175550276, 22.42466189921659, 35.997818398899994, 47.40473323985364, 32.99424912629636, 44.31366709100463, 88.21415369296722, 31.83782701538828, 36.81670986163621, 71.51158756395837, 31.486053073463285, 44.62034882695833, 91.20891296786, 58.741332123973976, 47.03936771268367, 90.87120806993413, 96.59258827838678, 70.44640349851389, 49.81204648193742, 43.510246772532305, 97.85594722141404, 51.90360795739591, 19.590217098187384, 44.92707384658928, 74.51021186673785, 25.394817964746263, 81.2221652915299, 51.26840729258091, 23.58066194312382, 99.30353728394326, 77.20804092284109, 86.294144213408, 32.78855896569106, 45.91308554948393, 12.19883075372999, 17.375416356290113, 86.31836255082091, 41.44312354812376, 89.76081220731692, 73.8735151800591, 48.56587312018148, 85.42473146770097, 34.806352215047006, 59.119987790635925, 23.926855251023568, 37.76018661104233, 74.58022891416888, 85.53244229483528, 68.01675578750834, 34.62663235992895, 84.57365690817419, 48.25612838550399, 47.20869469137654, 26.215712413871113, 27.846009429874467, 37.68356783124562, 7.037591451214127, 58.075816224994256, 60.589627994295846, 56.78666744817238, 54.735851910066366, 46.6409124847442, 50.96645585742411, 24.554451368931424, 75.44455426458133, 2.0886674178514255], [21.021641858391362, 28.331990998802887, 86.96942766956764, 69.22279071309659, 33.05373628997445, 82.77998531019121, 0.0, 23.60080637100675, 54.80026140437603, 86.10208092199221, 73.44379030297276, 58.062449632407045, 70.31576902660213, 69.07598777570675, 66.2666137356077, 72.52631639451792, 77.12540631622623, 78.32567452304751, 85.64842805242029, 37.77205242976231, 19.0473889602815, 52.11271365266392, 21.584825823771514, 75.93503568983526, 41.32377786163809, 45.84545061627703, 90.79768657504748, 59.896070899673504, 81.258060295405, 47.367309769007456, 12.528206810266006, 64.90467492108371, 76.05551525429743, 49.906663098082085, 62.141142105308155, 46.391446844060205, 7.890859588204791, 61.51485223213902, 69.06608916160802, 18.481605227142037, 92.87646363679741, 64.07305990985792, 8.48538567316772, 91.19109919269711, 78.59884423720985, 58.068434902719076, 42.58020176474384, 13.065185822659803, 39.77943905764891, 103.5195501216649, 15.662529861441936, 55.96809456173822, 64.192293499914, 42.89357915679908, 11.925295171124995, 59.39432264904546, 55.15168086643551, 67.75552259657069, 99.32946118860828, 25.035221435439183, 80.60172011890026, 8.825344376106745, 50.06436302605717, 39.32693495347709, 72.79804112629816, 85.85751685345183, 27.577381266490065, 61.39425079368029, 59.99623695966778, 25.916401491819993, 102.12011318297414, 78.63089404344414, 82.9411926203963, 63.864348943494655, 67.25354732066188, 55.528669136770056, 20.147961166594712, 31.13259269317132, 14.766130145272994, 69.45170603379128, 44.70964366560069, 81.37599979405758, 54.04863037580127, 70.75940562264044, 69.69922458706375, 105.0693384531135, 79.08855909635405, 27.7531165022317, 35.891024813898966, 64.92081073025543, 35.64180910946744, 110.86786497588822, 79.71327297427592, 66.75189161026901, 9.04373112173845, 83.83746319796634], [38.24189779842184, 46.46934275324108, 74.86921583727991, 45.628782024915225, 47.292047747129075, 66.57462665662135, 23.60080637100675, 0.0, 42.72134255733495, 93.31630834564116, 62.61943714772236, 34.67035004243855, 71.39830628392994, 49.823635786442985, 79.5215653565371, 54.882173801277276, 67.54479139671172, 81.68396538430346, 78.11192918012622, 47.034670937042605, 23.67466867965953, 68.79483508913067, 32.87750001243668, 70.24496499776838, 48.37605775514449, 22.276095077565717, 83.3746100232996, 39.2902802499221, 91.88059998701667, 44.68098306535459, 18.17463037623659, 45.935802051732864, 69.91243050760872, 47.82901466723014, 54.755305979810814, 41.78618610709798, 31.433139161438202, 40.433189644653886, 63.45036850896019, 5.688391295438162, 83.59025864224536, 61.32519110015039, 30.010010377160743, 89.91595430577759, 75.63139982202863, 72.38166693110459, 61.72690346840512, 12.591786365199328, 36.95724952779098, 95.64051938331663, 38.49303544103536, 32.39879499508629, 47.01896362663344, 22.33662897489411, 25.18998208846315, 47.1744987023371, 66.74209541596939, 44.18034491219863, 86.44128277302626, 48.24413487384009, 86.60453592717572, 22.241247097015588, 36.27349935199359, 32.351805356723, 58.734289085527955, 73.71306979618498, 46.094652317720254, 57.41885067775576, 73.59384612649099, 38.390960837623666, 95.9746546822068, 87.46859237272642, 75.8781472375687, 66.39318684505918, 47.278875574426834, 33.90500954714796, 8.008632223360916, 48.614475215254544, 15.359707772300741, 63.08062061337589, 59.30501894583135, 78.45387180115905, 30.836842571005658, 61.54303335977023, 48.569297271621785, 95.13420027290135, 61.61431675582689, 26.951838650030293, 39.96377120068083, 66.52055148095806, 35.39728932647331, 102.24669501256321, 77.81834830613317, 56.51291442885696, 14.649248692668428, 68.01801808808757], [51.53596647085761, 56.615071576798364, 32.59063739684619, 50.96516593349601, 50.202214754245766, 29.339653060503682, 54.80026140437603, 42.72134255733495, 0.0, 68.42427338291482, 19.89836332368943, 40.5560129219912, 40.561262107827524, 24.54302479053602, 68.54424554655627, 22.689054860376256, 24.9681294407987, 52.34814403160675, 36.157365454411995, 41.71964613912409, 37.2414682941575, 67.69969345410811, 42.51525163930206, 30.26017026572917, 38.363132131958515, 40.03494224175369, 41.33038659919763, 25.119519442807793, 73.33008616664324, 20.034437116990325, 42.279005381009064, 21.32354268635137, 29.5036411041536, 21.680371331181853, 15.256464446165145, 16.384389895990996, 59.57930850189104, 27.572733392288608, 24.472026836716257, 46.62289736732027, 40.92334845165621, 27.06596807162157, 63.28527972523474, 52.95287268502018, 38.14227958884928, 65.33948932572629, 68.15102073336239, 43.34057653408887, 20.83731029242473, 53.209631372775455, 69.34349088399559, 42.959661925277246, 15.86850340170118, 25.939982078788244, 45.62409842399827, 4.630233255219276, 56.0667223578265, 49.08485576426649, 44.70921604195784, 69.99553874690415, 60.73355124215266, 59.48232847718665, 6.952845758206884, 16.59736770255664, 18.181467279528828, 31.447458583402195, 57.11424627157385, 22.4474472810723, 64.77629142943707, 44.638691688753674, 54.31046053518226, 66.3938423744196, 34.30418760915569, 39.376324013721636, 25.873131136352043, 28.32591168810985, 50.442515267736034, 56.53379536392786, 40.25789925965114, 23.241271465156338, 57.12477148490604, 40.67641218796351, 37.26856836984927, 19.296474981354606, 31.67540405472551, 52.41803351917201, 27.782402756254484, 28.85791258390666, 31.917678291272214, 37.87098859985375, 25.60495873273043, 59.59804478481288, 41.408476240011346, 13.971655930304015, 48.392036137388025, 29.970809747406104], [66.34039511573562, 61.97894857766793, 70.72950899020354, 118.90875061189219, 54.141749005805245, 84.60822121627126, 86.10208092199221, 93.31630834564116, 68.42427338291482, 0.0, 63.78546881149029, 107.6183640717351, 28.38433218276991, 91.44201789043647, 28.558646490196754, 86.54191656049859, 60.0252529607064, 17.248539970292914, 54.1469567025534, 48.42768265712849, 71.11536879042242, 45.392228771709966, 64.7432592438554, 47.37240609597627, 45.58971020454072, 103.28389903440201, 54.8828461029909, 93.51789802954127, 14.09487761783926, 52.010307262050155, 78.80295889765364, 89.05371589385608, 48.823316035347524, 49.06966707383796, 54.84554257984524, 56.10366975259091, 83.93023805893903, 95.98855486410298, 48.17553789328733, 93.27122654644262, 62.2868230064192, 41.93450519635578, 91.4434430265272, 32.69567644288993, 38.210427527512735, 35.7883395132825, 56.95198826871535, 84.31500514331833, 58.04970316565302, 61.26351104533824, 90.85709199253908, 109.18249672860397, 82.79475062292505, 89.33250576287251, 74.78276498802636, 68.14554759161292, 32.68324126057258, 116.9962869606823, 78.50410732211634, 78.84948675480423, 7.703562324314741, 94.82404270810672, 73.28181699346807, 64.69128085409216, 74.21276497428458, 70.55979682509553, 63.05578379645328, 46.316618244978265, 32.85548133203422, 60.192636864866216, 54.196368274160236, 9.212989598661258, 52.10630978644037, 29.301175231936565, 93.62262073360267, 96.01678990163566, 97.61895702423614, 59.1237672206759, 80.02238539564331, 50.31999740655524, 45.1192219682467, 37.83521184984052, 103.72711799740388, 58.725602293040644, 99.61544252630372, 69.77809993701975, 88.1488822518928, 66.37101801408939, 53.417509996471466, 30.566198449408905, 58.23181704780802, 67.78903348734809, 34.47428692933158, 61.996947213853765, 87.20323035659285, 83.51687747448182], [66.83754093754537, 70.35491264138076, 13.795559998669846, 63.81835078632303, 62.52495535222438, 20.93206255014349, 73.44379030297276, 62.61943714772236, 19.89836332368943, 63.78546881149029, 0.0, 55.58186633389172, 35.946523415847146, 31.089885401804597, 72.14185370569237, 24.338216189625655, 5.973274821304357, 46.54627416018035, 17.97090581530166, 52.69242696456938, 54.98197888075783, 75.99910801540841, 58.30580492313497, 17.145128412707454, 48.191396624609844, 57.957253046312225, 22.688493844977256, 38.0288329601297, 72.20715627406832, 30.15737475456654, 60.9643776061095, 30.40338504611869, 15.780632822115278, 29.57909138432377, 13.907133767059287, 28.813338913363577, 77.43639745060402, 39.9074139160066, 15.894443138184325, 66.46910523939223, 21.143817532019877, 23.957084396230744, 81.87475207296973, 39.98686781147903, 26.84352862980092, 71.27206816965553, 79.33703361854315, 62.678528463289474, 35.36657978883047, 33.729467863479975, 87.25025616530053, 58.77661930454966, 24.11333721289916, 44.68907407411753, 63.30678428113159, 15.510701685651926, 61.58588225740674, 62.11339133774263, 26.313616333408344, 85.76218252443675, 56.331556933145485, 78.77796923286958, 26.522386266725455, 34.13335866979479, 11.012641735140402, 12.768848776172986, 71.05726741327851, 21.30407687318968, 69.92735058663644, 59.06823335888613, 35.82256191646318, 64.49781554543952, 17.09370861427209, 38.40507247463759, 34.34637907051299, 43.37100657321269, 70.32973676629287, 69.58264744934182, 59.29005907486222, 13.704082875108178, 66.36688635805798, 28.477223814919785, 53.220429083180775, 5.383190383221862, 40.12635957317994, 32.52312549631678, 24.5599711125052, 46.182575142418834, 44.74906768137216, 36.00116237739303, 40.357264395913994, 39.80172603121254, 30.758372159204285, 6.728741772954866, 67.6913956897787, 20.06955227308093], [68.74847995389295, 76.55570614907663, 62.94066996025066, 12.342607056010136, 74.40336227264004, 47.95384709661195, 58.062449632407045, 34.67035004243855, 40.5560129219912, 107.6183640717351, 55.58186633389172, 0.0, 80.60600378023149, 27.867799583666464, 102.07956668284953, 35.66543492864139, 61.54988542363226, 92.33650080148757, 73.55092753308509, 70.08188963596427, 51.44856100628012, 95.71230707066344, 61.01405635214634, 70.04053460725889, 69.08330743250436, 12.691983528994745, 78.19001635587965, 17.734628315144345, 110.45613646153963, 55.863483526051546, 49.75839558707198, 26.30588427206836, 69.06965795283752, 58.64937312480014, 55.76535095084507, 51.67910924424789, 65.74823198552987, 16.34782296897714, 64.8344372476224, 40.2376538660955, 75.28119654018306, 67.39753547631982, 64.66943018769199, 93.23065147084671, 78.52529926684112, 96.65667088537496, 91.4069535742453, 45.708292096585794, 51.27592159008059, 88.17658466074965, 73.16221303627464, 4.174132885999491, 31.80153082843364, 19.714823207101013, 56.69402334966006, 42.66031030659675, 88.81145192116101, 10.5159637449752, 71.39133145095988, 81.98837191152026, 100.0427886383063, 56.611818375239274, 34.63690064831236, 44.119014366129036, 46.50174767927555, 61.90326735067138, 76.48354615572607, 62.757770485347564, 97.02397008183647, 65.8850680946399, 91.25529092816677, 104.28929550109682, 72.46060482963631, 78.32685204332908, 24.028001075374064, 12.379587929777705, 40.69354465058732, 78.00420241242979, 46.460431225026845, 63.388767987493445, 85.13906104571717, 80.95614541507403, 4.446650109614382, 57.60142607479732, 21.05475832231503, 84.30325151862327, 41.12698410347307, 48.760920285650535, 60.24821822914162, 77.2647247688569, 53.26644994062466, 92.89980889065005, 81.90282590357448, 52.21778307009872, 49.019223363599444, 49.9556506865799], [54.4026734989381, 53.54379017173882, 44.75032817599751, 91.45657374934973, 44.43662002302812, 56.878556786919006, 70.31576902660213, 71.39830628392994, 40.561262107827524, 28.38433218276991, 35.946523415847146, 80.60600378023149, 0.0, 63.08977244724487, 39.065730669339914, 58.1772275682269, 32.933142140025126, 11.787128385145866, 30.216513042811847, 34.997154011520166, 52.34224905893995, 48.31764688611108, 49.2254349997156, 20.872906780027893, 30.255222549841115, 77.6689175385121, 32.94728426874481, 65.66159295943386, 36.35367001664565, 26.968283771486956, 60.26143425394239, 60.79618396919654, 22.248648711068636, 23.78709265558795, 26.494436864002463, 30.525608021996373, 70.6092503102343, 68.08965693652124, 20.085791481276715, 72.64908862851617, 39.41747727609281, 13.632903608374761, 77.36428074906425, 21.460975370962824, 14.189360571133415, 40.880686110465085, 55.97434312079506, 64.85795133025438, 34.45083318501372, 43.35835917235976, 79.35877017375, 82.54321150118543, 54.482427062826616, 63.33758831555143, 58.39080075537716, 39.914661159145524, 32.022496480982916, 89.56269905237119, 54.47724002969767, 71.46133975487126, 20.726235838294294, 78.30345046501546, 45.97591428375256, 39.94016375310674, 46.036264593893726, 44.35725328901836, 54.56483398454426, 18.154337032103676, 38.720670097239406, 46.482337861897136, 38.42122776392438, 28.582251480507036, 27.498838558280575, 7.159399104713076, 65.34924901384903, 68.65175764209317, 77.09547376323655, 51.43126290572637, 60.503381121264006, 22.27013711688856, 41.65767417023726, 15.728258395258328, 76.94753597824617, 30.71273207838146, 71.35915765124632, 49.75204182249651, 59.99632170649546, 45.325179293479714, 34.44774269496401, 5.4255079535317385, 36.47360769782262, 51.06388757986089, 12.369245087320781, 33.66218715815271, 68.78130151389216, 55.95804134928958], [71.72756393184834, 78.01724900685298, 35.72423951386807, 33.55838440704416, 72.7974273193835, 20.099233249359738, 69.07598777570675, 49.823635786442985, 24.54302479053602, 91.44201789043647, 31.089885401804597, 27.867799583666464, 63.08977244724487, 0.0, 93.08670357889466, 7.922477316880644, 36.871586308692585, 74.67838213844492, 48.53330753542326, 65.24658387524568, 55.131024489882385, 91.59889441738305, 62.71452645911775, 47.65529919672844, 62.36172415066599, 35.17216586023981, 52.620121453464, 11.462872053967594, 97.40703701886582, 44.51238941066749, 57.4950736268132, 4.222158798650323, 46.418120151503445, 46.220578734291784, 36.59883779499477, 40.67980197741648, 75.50710394745819, 11.787970139038434, 44.146126004728345, 55.20599170858725, 48.676603661615644, 49.5081253347006, 77.18646214808302, 70.93300409470685, 57.10586737734581, 89.73733158803745, 90.89501256164579, 56.116024095228994, 43.98175803396589, 61.427192027334044, 84.66900831417153, 31.804379637689866, 8.79230393904764, 27.489218449709423, 62.848886111045, 23.509781895632738, 80.55330565489729, 32.02228007828831, 43.53717552058825, 88.85957377591612, 83.75041412034304, 71.07257719055673, 23.270894095045726, 37.92882363739365, 20.490199377028578, 34.76274830715722, 78.33288746103958, 45.195251812647754, 89.25751573580742, 66.01677076918617, 65.32061674312854, 90.24257779090439, 48.07595940929694, 63.05759438769671, 3.855512825911005, 18.062880546906158, 57.662265991290504, 78.45259188411127, 54.601767003616914, 42.222180641574056, 80.88937184747243, 59.082556072166504, 27.182273294665343, 34.65720005036075, 9.057063514663053, 56.82166376927119, 13.405757228851552, 48.418907332773784, 55.07072902854752, 61.258200722229404, 48.12858575434974, 65.58370725039872, 60.89135862415459, 30.101030833444376, 60.8374488406936, 22.089735956263908], [45.259547355388655, 38.77615205112735, 82.94078687618972, 114.2625866668463, 33.37202962772173, 92.40542662991314, 66.2666137356077, 79.5215653565371, 68.54424554655627, 28.558646490196754, 72.14185370569237, 102.07956668284953, 39.065730669339914, 93.08670357889466, 0.0, 90.3640513953272, 70.53473760891274, 35.03242571048782, 69.2730740516768, 32.81498600435112, 55.85138719519723, 17.666767810985824, 47.12115999848396, 59.49295805162098, 33.02152375987516, 94.69350501743578, 71.90460267101176, 91.62165340920802, 17.18109621221768, 48.65305365041375, 62.34602956703528, 89.73589119613561, 60.769285273210826, 46.87818269129032, 59.45408719439782, 52.6610979132833, 62.18080527101577, 94.14420403834039, 56.83335596719047, 77.86598033061263, 78.48286959299556, 48.267728496917876, 69.78725036991348, 54.851174649496386, 53.12936079621494, 8.622733963410939, 29.84596364915557, 68.30683602480221, 51.12963596278715, 81.47536943123859, 67.32645136712759, 102.57244640559155, 84.38572058033245, 82.44118145159067, 56.59713345809143, 70.16452633475858, 13.281117947390323, 112.35904695344759, 93.35024010565539, 53.446983343494615, 28.434468781747622, 75.04314126714063, 71.0237955471777, 58.263655735616204, 80.48551903951713, 82.39866823340554, 39.74818201994942, 50.99055544761355, 6.280329811871253, 41.688066638217734, 75.55467593825641, 19.39184492555928, 66.51499055662623, 34.215581137487334, 94.20155611500346, 92.1579145970749, 81.79651476275589, 35.79426956291609, 64.50532652692438, 58.91909856222824, 21.578164228002628, 54.23912184420243, 97.7520816299983, 66.77360807164314, 99.74954296422801, 88.55277207173172, 93.91841264976101, 54.47726774355623, 41.947095009236314, 36.824191617407266, 48.817454535557324, 88.90732277012249, 50.61431871853169, 67.86364056299745, 69.82891252007822, 91.91428218453204], [72.96299051989652, 78.66473396763949, 27.84057446617111, 41.40020038581811, 72.69164383022614, 12.573197682691331, 72.52631639451792, 54.882173801277276, 22.689054860376256, 86.54191656049859, 24.338216189625655, 35.66543492864139, 58.1772275682269, 7.922477316880644, 90.3640513953272, 0.0, 29.875972675170242, 69.51706790944772, 41.24140998757457, 64.39950764070836, 57.151335897683396, 90.3579847694163, 63.87611282590251, 41.331999283260465, 61.02827556024665, 42.183425097009206, 45.11946387370778, 18.601882553035825, 93.39863874976429, 42.468053503704084, 60.48350646210402, 9.852997410793755, 40.02028854798322, 43.69211218606291, 32.00264706166398, 39.0227596160605, 78.47843066134362, 19.397220382753957, 38.57606600791691, 60.022720148775335, 40.901550528720925, 44.829342473496, 80.8364090706438, 64.32122167103093, 50.955023240086724, 87.6913093498828, 90.71710291697613, 59.827585880309094, 43.3664396030924, 53.594685989152055, 87.91826154736346, 39.53236608506416, 8.35686850913069, 32.848065588809426, 65.22556293423472, 20.242201130547997, 78.2658195761526, 39.89638302948919, 35.74015359675873, 90.7924955409103, 78.90255156757499, 75.33881909875686, 23.745633101631118, 38.17062091404351, 13.375908724221201, 26.897388508032392, 79.08300013750112, 40.80804014114779, 86.96402235121309, 66.61734574697182, 57.66657382692851, 86.01290161451142, 41.008848725957805, 58.90922735175311, 11.760093544343674, 25.190103391749222, 62.851851647483635, 78.80062202307505, 57.81365092611282, 36.52599085179844, 79.8082069224593, 52.74353662441235, 34.70676330779952, 28.486738065114565, 16.637288415229033, 48.89920524387544, 6.732684586232856, 49.66611689447968, 54.51010247634813, 56.90390363739494, 47.94288910353045, 57.66719336183381, 54.82113682140234, 24.5635322702777, 64.72590656422491, 14.45887368120098], [69.09571881393481, 71.99823071912738, 12.621616965552183, 69.75839607869801, 63.79560247064713, 24.799997554000598, 77.12540631622623, 67.54479139671172, 24.9681294407987, 60.0252529607064, 5.973274821304357, 61.54988542363226, 32.933142140025126, 36.871586308692585, 70.53473760891274, 29.875972675170242, 0.0, 42.80332483711943, 12.00105448403869, 53.73290117079088, 58.36845326880238, 75.7611883481471, 60.86405654312489, 12.678690684863943, 49.00505476925435, 63.742268032282155, 16.798962586515504, 44.001800048052836, 69.26643759442088, 32.00118264803455, 64.74953850063174, 36.3267648193427, 11.230914054769098, 30.846728788434984, 15.503978210397225, 31.40026416469839, 80.68102759768914, 45.87297741479461, 13.72953989418204, 71.1677692619694, 16.0832308650584, 22.434592897942675, 85.4841871462633, 34.577789318687415, 22.239387238605637, 70.37213364754649, 79.99325274596171, 66.85865534536703, 38.123170831038486, 28.251946381015355, 90.46671120103282, 64.72737901136212, 30.070789900265236, 50.294140156293835, 66.57679625059738, 20.843110343357456, 60.73259639245064, 68.06144865374428, 24.480596888950025, 88.02756647224385, 52.753613020726995, 82.85945856794578, 31.79406131595546, 37.871752900979914, 16.507485779098584, 11.943128270152977, 72.76458469300925, 20.881205008243484, 68.81328707180474, 61.12027528594018, 29.942062882726635, 61.45659223859022, 11.206527057333806, 36.37518816726132, 40.20354592875142, 49.325037099002515, 75.13626243781555, 70.99321836307995, 63.2871284165629, 11.730880799282154, 66.57027482860777, 23.52754906440741, 59.1591763398304, 6.368131031868139, 45.92485572211809, 28.026615206483857, 29.368806572502773, 49.534229605319624, 46.610830541875124, 33.82640097303117, 42.976653347157274, 34.7048506914299, 26.166729469456087, 11.035316757499327, 71.81904633208566, 23.556924682451676], [60.60841659673343, 58.26224551200203, 53.735108221647515, 103.23676522319775, 49.40045426687495, 67.35969128851119, 78.32567452304751, 81.68396538430346, 52.34814403160675, 17.248539970292914, 46.54627416018035, 92.33650080148757, 11.787128385145866, 74.67838213844492, 35.03242571048782, 69.51706790944772, 42.80332483711943, 0.0, 37.562957006838495, 41.20095843253768, 61.288368339260806, 48.025462486961935, 56.79861872104394, 30.176070235407177, 37.086750034639245, 89.10826242924085, 38.94008661782861, 77.44524735322085, 27.634763107820994, 37.961110483825394, 69.22142940303897, 72.48261066467614, 31.62564790960714, 34.820421928986256, 38.13792023027736, 41.75546160015586, 77.65489298762817, 79.86987465923019, 31.01744311276649, 82.48891293228087, 46.147631686295426, 25.371972405325867, 84.78576804774788, 19.829477729796125, 21.25546382899876, 39.24373712922559, 57.62490122328807, 74.21242702083421, 45.00742505376291, 47.044277476260504, 85.7882380624106, 94.21396767008845, 66.13046289277437, 74.8435877606547, 66.48509923324531, 51.634820638678356, 32.13147254449347, 101.34144648740364, 62.1186704269375, 76.12968107329759, 10.02848204799419, 86.67262987240743, 57.721875537396464, 50.97585990866676, 57.03536030497186, 53.51368045185192, 59.33465668154214, 29.929842346866238, 36.59232946046118, 53.23071008447438, 40.723474679084816, 19.826367055934664, 35.31301459449761, 15.290967363019622, 77.02193353691078, 80.41972321784472, 86.9277338340947, 55.773724294940614, 69.83840149904913, 33.14140707023261, 43.76763758647952, 21.27924646414706, 88.63873524119205, 41.51831140350076, 83.03994312521691, 54.818193367548616, 70.95206179853282, 55.057220576318265, 43.09296995384505, 15.460588273771693, 46.33934519676928, 54.2345932555546, 17.72228992543782, 44.9536840833246, 77.78412246187087, 66.27366905685109], [75.28985743690937, 77.05170578815839, 17.325055414833127, 81.65580966937037, 68.33026404847072, 34.18478519846457, 85.64842805242029, 78.11192918012622, 36.157365454411995, 54.1469567025534, 17.97090581530166, 73.55092753308509, 30.216513042811847, 48.53330753542326, 69.2730740516768, 41.24140998757457, 12.00105448403869, 37.562957006838495, 0.0, 58.113465311577265, 66.6290995662554, 77.18971331501353, 67.71660460516719, 10.892445549076603, 53.138284719267595, 75.54504889232636, 5.269765591935732, 55.990654530005564, 65.11147256767741, 38.71751098246609, 73.56398451238358, 48.212890391778984, 10.176878476494208, 36.744307518390684, 23.750693524510666, 39.25764421941498, 88.43578982021438, 57.8365130827716, 16.995662771298967, 81.3689922212389, 9.297292229802094, 24.480418416820935, 93.81927963711574, 24.84575218545977, 16.49326039289198, 70.58010636479986, 83.0850590372105, 76.28008563394064, 45.91285745701736, 17.890421659059854, 98.09049850122351, 76.7197924311199, 42.02311307206217, 61.88823551101228, 74.5297288216662, 32.36138481728865, 61.275542539345246, 79.97737879828539, 24.58008216497454, 93.99313798643749, 47.52328296688638, 92.00159938021342, 43.09522046048462, 47.096711508084745, 28.044004288178925, 17.4791334184472, 77.92115183983722, 25.230380756069728, 68.61734930405886, 67.10044177628426, 18.169781710110662, 57.24899651543161, 3.0185769229949564, 35.622195770398356, 51.9736499619166, 61.32056350810368, 85.48422149094654, 75.64115434848918, 72.45456414310448, 16.251634994083098, 69.04714375009841, 16.33563398055447, 71.14193031927284, 16.864129072045007, 57.58577821069349, 20.853836464937856, 39.78642040265976, 57.901576335129775, 52.656633891768955, 32.973420283414555, 50.37818269032063, 25.268801434673776, 19.84070934599434, 22.28814516744036, 81.11518145140877, 32.53529659297793], [19.51924023964207, 19.080155317490032, 66.0072671711655, 82.38720033631569, 10.21726423272489, 69.81190613839586, 37.77205242976231, 47.034670937042605, 41.71964613912409, 48.42768265712849, 52.69242696456938, 70.08188963596427, 34.997154011520166, 65.24658387524568, 32.81498600435112, 64.39950764070836, 53.73290117079088, 41.20095843253768, 58.113465311577265, 0.0, 23.560840811773527, 26.471262074810102, 16.315585783675687, 47.25512675578432, 5.018505185113649, 62.03741089158702, 62.56299045208576, 61.549453834625645, 45.043014369638165, 22.894092157450462, 30.79103645817636, 61.40962080733302, 47.951150238077034, 23.113738529745845, 38.81037001144177, 25.59270037474838, 36.47477116179543, 63.99857729779895, 41.464667879020716, 45.93633777899494, 66.93655783176223, 33.6881206432947, 43.70637764378622, 56.458047728561624, 46.35172927667716, 26.618704380971362, 26.815693209302612, 36.56861008728925, 21.264830222609042, 74.8075284900737, 44.66938713195666, 70.25606781731688, 57.104286207258696, 50.36772663044786, 26.356624520642384, 44.780668479199356, 19.761466144518998, 80.51213047783011, 78.20463403563984, 36.704584353486034, 42.83384989785833, 46.43277349539705, 42.03608107233283, 27.713430086274737, 57.68346627554096, 65.12286859377879, 20.