instance_id,num_cities,city_coordinates,distance_matrix,best_route,total_distance
1537,96,"[[31.644255991819538, 43.00229138203954], [70.74067323117922, 10.551537043524306], [74.5035280315326, 68.58233580882043], [47.85768121030173, 72.89985173769092], [22.37024108512632, 8.864397363786647], [5.645122150106586, 9.159869324066715], [35.2557887263792, 5.480493008597509], [27.064555243370858, 13.956570828466175], [24.910054345094434, 83.57701921321821], [52.300327825103174, 0.969120904951315], [39.83012114071468, 89.23348293712688], [32.51761924207281, 22.951126022536418], [0.4868379614877738, 84.64175277181334], [76.34160960714631, 42.71762998423522], [21.533626980179832, 41.76644380643434], [35.000354911258455, 88.99200111715986], [37.91081631033055, 13.210941890984952], [38.53909069142644, 13.285616776180875], [56.04553078964628, 3.9078575420128048], [34.49606154184855, 25.173512340780434], [47.38743724260623, 15.34105488920634], [50.168007353261736, 27.020740917655917], [93.52639455011341, 18.63139909322815], [63.89617972100455, 66.63095183780487], [95.27883471214442, 54.67174166479817], [31.170416661783452, 93.4630440014986], [31.6413739250224, 23.917179326830208], [68.29542022102615, 7.005808234903698], [48.37888745335146, 1.347818058550776], [27.796284916532976, 49.04972286703323], [67.81981148232977, 48.08976448743508], [40.03721108298135, 38.12833675903305], [22.306116099294716, 36.539991226993116], [31.27837865094375, 88.31458485012541], [33.42276961207196, 35.89738122969182], [91.58832024955585, 33.68869524041256], [34.42444188547659, 84.83664549971851], [44.72349622658349, 44.47706442055151], [25.833099111926916, 57.69502821688937], [70.36318331367765, 46.4943416038974], [65.91646239398351, 16.861743370995754], [59.58470656318905, 83.88296352125467], [81.61975298980809, 3.1516108413789823], [87.25627200951045, 1.500723977447893], [71.64324853095037, 88.0174982746078], [74.11401629932107, 38.8270873407762], [63.924432218238906, 92.28417892025921], [95.53493464462228, 26.557308762019638], [85.03952998735524, 0.8325837274140824], [28.081580201524613, 24.788169931647996], [70.9942342211912, 85.12582781080718], [61.37940693241134, 94.90932247391409], [2.0412406402966043, 61.09291072568344], [42.76946398650983, 48.01651933161269], [46.40207174165077, 67.72181606458379], [2.8002015597375696, 24.26071316178986], [60.059555351002345, 19.89943448317132], [1.9414704309062891, 17.914952918120097], [24.128514217439477, 66.20547851439498], [25.6607601674948, 80.3111897171604], [18.04773685518399, 31.663522348137885], [92.4215170152895, 82.66158238039864], [37.7287167272194, 45.60556165143883], [60.65934524694465, 64.85467091005394], [73.81108114801741, 92.78741468141929], [6.660565561876053, 44.316053330704605], [35.07423615192234, 44.10833177547996], [66.97173261866072, 35.66369737403953], [78.86648408423827, 29.607120919290974], [61.592771830278494, 4.709311404117578], [58.60659735248017, 91.18482291476995], [99.59532576656288, 38.35661416349351], [84.98442830989215, 84.25429819316106], [62.13525819517598, 90.11511606197806], [0.36341124402278213, 33.66918373288728], [76.65319888196807, 83.01755670992502], [59.35181578893574, 27.778503926649666], [26.049238232340745, 69.35777619302151], [17.768115097899905, 36.988305079321485], [58.950904868228434, 23.049137437519683], [33.872606262200534, 32.13530336059147], [10.81606685782538, 70.70910493886309], [73.4340351634838, 52.12379347393436], [25.834290289078034, 20.7753641567489], [77.22329460294947, 27.431836141003895], [43.4228273493609, 12.366955957530124], [75.67730037488869, 69.38828410589325], [35.42599467081353, 21.359453828565666], [87.66167967503664, 32.093796423409806], [51.1933893817212, 52.12348653376555], [23.381944755178118, 18.007150176440632], [63.08889654751852, 27.72434264771295], [47.48494159441435, 15.337782761655717], [5.053900061225425, 56.99287072371949], [21.9410346100941, 55.632715250726626], [85.4819853550669, 83.42207322262747]]","[[0.0, 50.809263900323984, 49.91248213273123, 34.01086991735336, 35.37517717964158, 42.67627550840478, 37.695205555481884, 29.404549672144537, 41.12977036640224, 46.8343968033937, 46.95030842112835, 20.070176771544162, 52.00605198577668, 44.69826005925695, 10.185879355320273, 46.11200279187275, 30.44329618690616, 30.50605669642323, 46.08467173617798, 18.05541904795389, 31.82753148152663, 24.465063248358298, 66.50819095044405, 39.98124784404578, 64.69571607776669, 50.462977306466314, 19.085112272821597, 51.371729952555704, 44.89034459670064, 7.167866416300953, 36.53153702823231, 9.705520533664608, 11.35615163452287, 45.31377059533342, 7.324128546820917, 60.66328306995055, 41.92663375524744, 13.162122953148177, 15.800191770382929, 38.876081949025014, 43.10350776897646, 49.51664500635259, 63.91890987610587, 69.39075170791692, 60.218670325125665, 42.67449905227728, 58.91276785670846, 65.97314811412642, 68.03924991308257, 18.559280131415843, 57.64384709505204, 59.820724487694136, 34.693068848678195, 12.202980572606076, 28.7897208433302, 34.39805561752938, 36.622004786215044, 38.879686486401205, 24.39004443452834, 37.785660206751665, 17.70403953444139, 72.572273080065, 6.617981454806361, 36.32357217454335, 65.24262138884218, 25.018208528130266, 3.603899173204032, 36.081651387294684, 49.08532792738083, 48.61343349852959, 55.21344217263901, 68.10969241121968, 67.43072036443402, 56.11879778369911, 32.643500831351226, 60.224798873468444, 31.614436170801085, 26.942824709944286, 15.123336845987035, 33.819837746405454, 11.093104776653053, 34.662385666223464, 42.773676994489335, 22.97372401996243, 48.165213973654964, 32.821616654224925, 51.3335135137329, 21.97075248602692, 57.06966811159412, 21.57231599277273, 26.325327554637557, 34.9597073386752, 31.878713235755693, 30.046353170252186, 15.927338518581008, 67.32206077528367], [50.809263900323984, 0.0, 58.15266702041134, 66.41493558703776, 48.399846552389526, 65.1104255061347, 35.845397416169945, 43.80864683554552, 86.21581452145443, 20.781458989882637, 84.53585535227715, 40.18397271428724, 102.10270043816348, 32.65008458424087, 58.27266773509824, 86.19905311368898, 32.93739424402137, 32.31744281419918, 16.127172371365873, 39.08291235442842, 23.83931862138864, 26.35278462652746, 24.175881923238634, 56.49555606487821, 50.48478805233315, 91.87014308800237, 41.3206437495561, 4.307140010255616, 24.181768056282028, 57.67435131339188, 37.65169256469977, 41.26963133388887, 54.96640860933195, 87.20300624238256, 45.11139266343326, 31.144060037680724, 82.68703645374606, 42.75318592921335, 65.10913125890475, 35.94478680285908, 7.94302927710689, 74.175155554647, 13.157252152018879, 18.833008792114864, 77.47121911798915, 28.476063422948798, 82.01637574104997, 29.511694755515766, 17.28916880866083, 44.971990550829865, 74.57472183400289, 84.87561056885617, 85.28799735008948, 46.7548226866048, 62.135403159647, 69.30980594966046, 14.19399400142163, 69.19212526939269, 72.59514149834862, 83.05785756312096, 56.764966902367696, 75.29885540748322, 48.15157228410732, 55.23100145436391, 82.29317696899676, 72.43136585082978, 48.97094247215583, 25.3934146936995, 20.715792981830816, 10.854294102443637, 81.54117112124432, 40.07135244267602, 75.06651423785951, 80.02759695359848, 74.07688298830524, 72.70682200359475, 20.651258117413636, 73.86134391657967, 59.20299502020318, 17.18105507994281, 42.721345138687525, 84.91107951312182, 41.659413140539534, 46.05550857154595, 18.08228075963048, 27.378101640838942, 59.04348475858441, 36.931525652947656, 27.39323635979015, 45.93825519445043, 47.94199964594, 18.800397302606836, 23.743150634141994, 80.44594236800383, 66.43581382129699, 74.34662955483498], [49.91248213273123, 58.15266702041134, 0.0, 26.993371345879524, 79.27238977072142, 90.95333739705697, 74.3116922519554, 72.3493630855507, 51.81074369940617, 71.16550378549692, 40.35734162616734, 62.008256252185475, 75.73886242951062, 25.929935427434888, 59.3708891736829, 44.464088032577294, 66.37030823730672, 65.96338294057624, 67.2568643430933, 59.03323919456438, 59.748777172713424, 48.162057021890384, 53.450589607120776, 10.785348282888163, 25.002359830887574, 49.96807161730664, 61.90428465147548, 61.888685158502106, 72.13166587879746, 50.62696443336646, 21.55498889519902, 45.993184953017135, 61.24770737525028, 47.51605193197665, 52.496999611004306, 38.85172167678374, 43.249690517165575, 38.31337107337171, 49.873280600134066, 22.472693260474653, 52.428593137553705, 21.37008288235726, 65.81656651194857, 68.28305151985221, 19.644509128328995, 29.757797814767457, 25.955628197100257, 46.99386090128636, 68.5641031758246, 63.819481392512714, 16.91160165883468, 29.416879193558565, 72.84829841558415, 37.815388774780516, 28.114628573793393, 84.29574877291614, 50.78044139507644, 88.50105023235285, 50.43105657596455, 50.231284939004546, 67.45557904793462, 22.78770530890134, 43.36264402855481, 14.337255057038533, 24.2149814353681, 72.05220344976922, 46.407390915149115, 33.769286319689854, 39.21865323035506, 65.16479779982431, 27.633038710739225, 39.28348969422721, 18.853638259527127, 24.83213088270324, 81.9492837378267, 14.594406025217285, 43.52616546573929, 48.46049429931063, 64.93912425099633, 48.116070508510674, 54.582579438020666, 63.72296177740773, 16.49325409929903, 68.22170652346315, 41.24028071090164, 64.23533985836461, 1.4238308086223672, 61.294813777995785, 38.78853517670022, 28.53517624498587, 71.91151283647787, 42.42251073509147, 59.70750741952278, 70.40998882383697, 54.134170237266694, 18.45926140763515], [34.01086991735336, 66.41493558703776, 26.993371345879524, 0.0, 68.9213248639837, 76.45054283979667, 68.5870077027605, 62.50331552662173, 25.309987831787694, 72.0677954919952, 18.199704086331074, 52.251245934971166, 48.80439560120407, 41.50061068094473, 40.770637970534985, 20.597769568844395, 60.51203252268487, 60.338156578607865, 69.4761552176749, 49.56144017674916, 57.560717716462435, 45.937244328800325, 70.92740183129642, 17.22012022120078, 50.803836432643756, 26.4822520603999, 51.59719777740162, 68.990768549261, 71.55393196441828, 31.16549804515593, 31.84379177112433, 35.640117942051475, 44.44009378904856, 22.638181691167652, 39.71837731509247, 58.73570962060127, 17.970502610534, 28.595068707515043, 26.76320001245689, 34.69508020384059, 58.87604918094938, 16.067105155488303, 77.48996450492477, 81.54804965103091, 28.183265417269585, 43.015676281496816, 25.17722439570943, 66.48873426748604, 81.09365571328468, 52.0175748888323, 26.168197801264615, 25.83125758829068, 47.31331823668506, 25.398231949249453, 5.378740778025684, 66.30190249055234, 54.38685467738209, 71.63544870060012, 24.655384787667074, 23.40152205363001, 50.88288163988879, 45.62046521896383, 29.11312749966967, 15.119773035877706, 32.69700488068866, 50.14215660620306, 31.501874377487393, 41.85544352930769, 53.252290067086236, 69.5600640117853, 21.210359949284104, 62.209477785442495, 38.82420384897911, 22.36547630420788, 61.60155023806553, 30.521300625701045, 46.562336260079434, 22.09421834523957, 46.851053053574425, 51.070082507884024, 43.09676003707111, 37.10634130946025, 32.951395699081694, 56.58614630141213, 54.126515611362116, 60.69513489810951, 28.040369428653097, 53.01848212507649, 57.00431952135548, 21.042440449999038, 60.102166015154204, 47.67406571908201, 57.563275789543866, 45.66394338684371, 31.142038685023614, 39.06795883272959], [35.37517717964158, 48.399846552389526, 79.27238977072142, 68.9213248639837, 0.0, 16.727728688314723, 13.3224677406277, 6.925807968077185, 74.75577914122539, 30.953925156980944, 82.24376771190883, 17.36102553898579, 78.87389254313537, 63.709889177378834, 32.91268119243312, 81.1169073530213, 16.13697393122853, 16.762424606353434, 34.038102527728796, 20.32296122816422, 25.841965797582105, 33.20193700289212, 71.8233422970256, 71.14336508340352, 86.10444713591207, 85.05512390863024, 17.678805077321517, 45.962772242484355, 27.073024403625297, 40.54999799583506, 60.03576330217974, 34.1833289460486, 27.67566815263833, 79.9480281589603, 29.205146867174566, 73.53494576241071, 76.92259904451207, 42.0467605210564, 48.95326235528909, 60.986352631280624, 44.27449529287704, 83.74187548138822, 59.52428572266642, 65.30253207082255, 93.23648774248669, 59.792817830190145, 93.19662416448813, 75.27357768434202, 63.18187874541602, 16.91703068790368, 90.44389687713503, 94.47456883896547, 56.045391131472336, 44.14767207411798, 63.57455954094227, 24.90046158562369, 39.27157310394076, 22.343840902691678, 57.3680321427227, 71.52252549664013, 23.205261103248507, 101.75070405564729, 39.82205327781347, 67.83042259414586, 98.43390097965035, 38.77645955786214, 37.463667779235365, 52.033599991308314, 60.18376902051565, 39.44200371921597, 89.94290399152999, 82.6650140979602, 98.00088565355385, 90.45958144240538, 33.15988519992199, 91.89847957494993, 41.53769727181292, 60.605147489190486, 28.497960432182243, 39.23457421422751, 25.95841810625016, 62.91475818217489, 66.9244829452687, 12.404465600357316, 57.910338135559876, 21.341961135651168, 80.65223764095815, 18.071500705481004, 69.30062722523694, 51.981945649847376, 9.198558219051973, 44.87434053863852, 25.935552821958066, 51.1488574106382, 46.77028732188931, 97.68285056378296], [42.67627550840478, 65.1104255061347, 90.95333739705697, 76.45054283979667, 16.727728688314723, 0.0, 29.838387777526183, 21.949953516104145, 76.87034415235773, 47.3687299411909, 87.0654796865068, 30.204798646586248, 75.65793167004871, 78.25673542442546, 36.271659532056816, 85.05820922809977, 32.51901303212551, 33.151696162277524, 50.67331466157923, 32.99717361309468, 42.197487179596536, 47.97184633611691, 88.39020259515368, 81.82976862627052, 100.52627990537128, 88.08272203219785, 29.89286377820762, 62.68731791639289, 43.441947953192255, 45.62756214815814, 73.35685878627382, 44.96651961957331, 32.05089382207606, 83.20175977014542, 38.55505468060803, 89.3750334287802, 80.96433595584142, 52.6727974379967, 52.56630158725769, 74.71472586568977, 60.7614459886196, 92.15758011719856, 76.2118343908852, 81.96976447943905, 102.83131006402206, 74.61992556192554, 101.51910572823802, 91.55790129364276, 79.82991720674391, 27.34297770496049, 100.20645337146881, 102.2706175579913, 52.05793648579232, 53.74063645506111, 71.34865482997442, 15.366491394485816, 55.46412173992661, 9.50623610037106, 59.965300884848475, 73.91303104949618, 25.695121150724116, 113.72178563500266, 48.555592162077616, 78.28458128297778, 107.88959314318004, 35.17084587028136, 45.688814590112855, 66.8087273704888, 76.02274620985162, 56.124388375589994, 97.63713876987921, 98.38236970510617, 109.24238531399641, 98.71619646636793, 25.07195570524692, 102.45538027426915, 56.84243569798492, 63.561906394480026, 30.354386743872602, 55.08555382238613, 36.395898511579794, 61.76606733422489, 80.25730811515425, 23.29210661043192, 73.87353750192398, 37.91359142571838, 92.36865233421663, 32.18276293572397, 85.16267210719813, 62.61403238527373, 19.820929710903034, 60.369088835306535, 42.29346409996013, 47.836655050887124, 49.247153942402065, 109.03577236062924], [37.695205555481884, 35.845397416169945, 74.3116922519554, 68.5870077027605, 13.3224677406277, 29.838387777526183, 0.0, 11.787289814950109, 78.7788145703977, 17.631471615990748, 83.8778149393818, 17.68390765731711, 86.46030872366106, 55.449518010428946, 38.793916382493435, 83.5118987510186, 8.173677960058606, 8.467586953848055, 20.849138048560583, 19.707668451966743, 15.633540108452387, 26.1984072866966, 59.736168557347085, 67.52518501527857, 77.6050577846924, 88.07734977918342, 18.787639467298064, 33.07482178095096, 13.758441860930498, 44.20318978927106, 53.62802992845577, 32.9961164579268, 33.65095022027136, 82.92952768537185, 30.47206996788963, 63.000450640933245, 79.36050702814298, 40.12941648214003, 53.05793782826711, 53.98763683758028, 32.70488907736754, 82.0904600157553, 46.4224177996935, 52.152553372011525, 90.20202031723399, 51.205050567941356, 91.41537620944173, 63.85771366825268, 50.00023954568537, 20.597467225923495, 87.29613875849103, 93.16629738114105, 64.77613147527681, 43.19454654544876, 63.23149469066963, 37.49749068049548, 28.690289507356905, 35.559240665874825, 61.7360518876662, 75.44334127631632, 31.33158270175602, 96.04603608384613, 40.20120031155871, 64.58044352098676, 95.44112921430819, 48.22745621904349, 38.62826541714704, 43.78272402151776, 49.83961199625297, 26.348271292101217, 88.82844380128944, 72.25244195690944, 93.15712521370817, 88.8004802819883, 44.8562179761169, 87.89619909309943, 32.83016617534901, 64.53733709274327, 36.03555120183774, 29.497725269003748, 26.690674563037476, 69.65681459384612, 60.27583246469502, 17.96378902800359, 47.36172520946217, 10.682878442456252, 75.61814839630881, 15.879873009114542, 58.776230950712, 49.29072894204371, 17.259933674643822, 35.62963286017333, 15.707270327638685, 59.71330787025401, 51.88957576431938, 92.72303248947193], [29.404549672144537, 43.80864683554552, 72.3493630855507, 62.50331552662173, 6.925807968077185, 21.949953516104145, 11.787289814950109, 0.0, 69.6537774095174, 28.381650292270155, 76.35164156253916, 10.51845664121478, 75.5166869127599, 57.05634592691795, 28.354544653428825, 75.45391119735447, 10.871860082113596, 11.49413516054871, 30.673662681968032, 13.455373006906663, 20.369985981077374, 26.54132701115943, 66.62604673354323, 64.27409257530134, 79.44125540092907, 79.61241972457147, 10.961796882920078, 41.81264554459223, 24.76451905388566, 35.10077988188537, 53.16075451368118, 27.432901190634094, 23.079289850090248, 74.47731572066411, 22.843512230409935, 67.47349838552847, 71.26115994556189, 35.261008575381226, 43.75578977601229, 54.16158897046195, 38.960373673024414, 77.11848440477767, 55.614896938459076, 61.46699023078316, 86.44235576041841, 53.21836503731076, 86.56711107565003, 69.62019428169825, 59.44187693868867, 10.87924073166675, 83.6353982145888, 87.92529241015019, 53.36666387015798, 37.50632280919199, 57.137038246842266, 26.361604824248495, 33.525925200074894, 25.433013570200067, 52.331335653494094, 66.36946653754957, 19.87055977987407, 94.82568778768339, 33.39734959942489, 60.985461442048184, 91.64900232257014, 36.57896899485096, 31.197494714522826, 45.42886911346553, 54.1145040611083, 35.74506326101, 83.42124034512139, 76.52499452753429, 91.08502713774043, 83.8455617049503, 33.189429015779574, 85.02031138989581, 35.12140413064162, 55.41050824959577, 24.837161310833118, 33.1574133481297, 19.411745803753416, 59.032732469088465, 60.05718568606505, 6.928888389315715, 51.93728823673241, 16.435326030581596, 73.72837870245618, 11.167647290810848, 63.25322475311961, 45.154336351356655, 5.474377869857391, 38.56558967868332, 20.467044855822948, 48.33830830947114, 41.989897327627794, 90.76371611898733], [41.12977036640224, 86.21581452145443, 51.81074369940617, 25.309987831787694, 74.75577914122539, 76.87034415235773, 78.7788145703977, 69.6537774095174, 0.0, 87.0304081584054, 15.956314582185469, 61.1013417923837, 24.446413971608834, 65.6863346887237, 41.94668613367335, 11.45147128257088, 71.55700279773629, 71.60050201147459, 85.53708678007398, 59.184974013469905, 71.84274193785463, 61.940106593449435, 94.47822879320378, 42.509847933369876, 76.07417643653669, 11.701522227928908, 60.038380712312474, 88.00818327220493, 85.51273384705918, 34.647720269720274, 55.68296423098482, 47.900037659629824, 47.1090489838721, 7.937259138296744, 48.43360609594092, 83.27566278836618, 9.597407392114901, 43.83353674961358, 25.898445311941483, 58.66099139727764, 78.30998360219357, 34.676001908602935, 98.4085170711933, 103.07069950615487, 46.94368214262233, 66.51004641842601, 39.974195564043846, 90.76960447892873, 102.28487397889111, 58.87433546214499, 46.11019890354419, 38.189458955717306, 32.07051254258313, 39.793311807005296, 26.707569688355154, 63.30299956381899, 72.734601243264, 69.56337252581248, 17.38911243341668, 3.3510000789476244, 52.365089115679304, 67.51766892054275, 40.076797459788594, 40.35514993120591, 49.7608461248485, 43.295118464749706, 40.75644586884544, 63.75634234218361, 76.31543901499889, 86.98124566341586, 34.54469116680509, 87.30850359592459, 60.07819166785097, 37.795006443760386, 55.6177105773257, 51.74616898724374, 65.57216817781685, 14.264803258242793, 47.13295641969179, 69.44353084766996, 52.21663974950142, 19.08464568870611, 57.82630996241907, 62.80845556063218, 76.73953797416638, 73.57714232821628, 52.71274488580059, 63.10000351289689, 81.16827403841042, 40.98949156387486, 65.58767296084652, 67.65460421470618, 71.8764142526028, 33.181076140724045, 28.101587181775766, 60.57212918939587], [46.8343968033937, 20.781458989882637, 71.16550378549692, 72.0677954919952, 30.953925156980944, 47.3687299411909, 17.631471615990748, 28.381650292270155, 87.0304081584054, 0.0, 89.140920231386, 29.573030075909383, 98.41619305467161, 48.17594046893791, 51.09805707469588, 89.70683643776864, 18.892332378186325, 18.468018789120244, 4.7605376027955, 30.047370311957014, 15.188448911043277, 26.138739370539373, 44.85024691587635, 66.67788105996114, 68.78316313397768, 94.87675666652918, 30.877269334894713, 17.096332199443264, 3.939683505479667, 53.96473296423512, 49.610577749250126, 39.1304402622964, 46.52891093202311, 89.83959271322779, 39.70321867807726, 51.12843527272886, 85.75143718784206, 44.1627617572654, 62.596667292421955, 48.977673159194424, 20.92784196820299, 83.23321134619881, 29.400543435646558, 34.95998620780742, 89.17156824976679, 43.692821235373096, 92.05193981270337, 50.23929323395212, 32.7394868716915, 33.96902755438802, 86.20796630001098, 94.3779166344231, 78.36354986253212, 48.00307348729689, 67.01277293099282, 54.70613101057284, 20.458797226826704, 53.133565104061994, 71.05936557620089, 83.69486512555963, 45.99332851738481, 91.01301052021172, 46.95469830062441, 64.43009135266779, 94.30435610586102, 62.943978664894644, 46.451369720006824, 37.66913530977095, 39.06271500044641, 10.016912725953656, 90.4358442459422, 60.28798787851703, 89.46882798175191, 89.68686809071224, 61.37375182356919, 85.58626143695716, 27.721228336929865, 73.25385912644965, 49.89845032086686, 23.05986350967926, 36.20651669048156, 81.14560543277423, 55.34829818074075, 33.056594116872795, 36.35147274422371, 14.447167839497073, 72.30259150757014, 26.467126707253097, 47.10807394475094, 51.16634084634006, 33.56437577007883, 28.84848532562193, 15.154088164684126, 73.28632532883093, 62.52835541827703, 88.87919746676822], [46.95030842112835, 84.53585535227715, 40.35734162616734, 18.199704086331074, 82.24376771190883, 87.0654796865068, 83.8778149393818, 76.35164156253916, 15.956314582185469, 89.140920231386, 0.0, 66.68450736243614, 39.610325891513305, 59.13385972494447, 50.87122469924606, 4.835799344531408, 76.04676507350112, 75.95883841938314, 86.85275965189592, 64.28166165096408, 74.2778833131439, 63.06581610448579, 88.70143190026758, 33.0158990137443, 65.33814962563484, 9.637409841843962, 65.82761653193106, 87.01530749624582, 88.30046147454416, 41.946963985982116, 49.7617155380219, 51.10556576468484, 55.53102575405615, 8.600969323608153, 53.71958580403853, 75.92189812737504, 6.968037576068832, 45.0231287024997, 34.50493807869885, 52.52525190382038, 76.9296164543273, 20.466355396930407, 95.68940397761637, 99.7310221591402, 31.836358036792557, 60.9605625323628, 24.286674788492686, 83.85302055819758, 99.29053141840113, 65.5074544046246, 31.43365671902505, 22.28422923458598, 47.11572236379635, 41.32163870447793, 22.493162212912885, 74.78419456310657, 72.22492840760601, 80.75817343576955, 27.8716602961934, 16.744494817475577, 61.55300664776888, 53.000422611180845, 43.67850061780108, 32.06529358541581, 34.16630026591987, 55.83721787254058, 45.37507806481554, 60.05321805611199, 71.26809019007402, 87.28086009187555, 18.877600129236328, 78.4878045315259, 45.42800608262456, 22.322553975410997, 68.1543288143013, 37.34403289951966, 64.48109030651217, 24.185872990487415, 56.712350683311605, 68.8910150859002, 57.408136134889475, 34.42336308603514, 50.06348059917769, 69.87415336285632, 72.23359999535893, 76.95044189481123, 40.97379864862658, 68.01676379682218, 74.51712398306934, 38.81076781222652, 73.10084120545898, 65.75975191990118, 74.2911218154734, 47.42196356610328, 38.06613988856068, 46.020269329018824], [20.070176771544162, 40.18397271428724, 62.008256252185475, 52.251245934971166, 17.36102553898579, 30.204798646586248, 17.68390765731711, 10.51845664121478, 61.1013417923837, 29.573030075909383, 66.68450736243614, 0.0, 69.51046236476405, 48.07553234636003, 21.786791166171998, 66.08752650588991, 11.133632000995492, 11.387720904850337, 30.268939462950215, 2.9754386031407365, 16.70403154999809, 18.113474704489413, 61.16151326880962, 53.78235064574781, 70.32188581092558, 70.52478664883878, 1.3042487655312263, 39.17019533061063, 26.80079745561546, 26.522212484351673, 43.3381577923767, 16.937886148923273, 16.99800147016881, 65.3752052933574, 12.977858878917889, 60.03868011727222, 61.91488911040771, 24.745695724229456, 35.38109027518923, 44.5709515246016, 33.94942274859495, 66.67320329052099, 52.943746939457995, 58.791494747880385, 75.92395975774578, 44.523099576764615, 76.11478256842295, 63.1204134531369, 56.9893062038531, 4.801371959479054, 73.11732655610241, 77.53054124161162, 48.822181362778366, 27.080883707935502, 46.87422221279108, 29.746259129202606, 27.710486568802597, 30.98812539764621, 44.06036872978119, 57.76844660729544, 16.89033291633854, 84.58023153721066, 23.246053227672526, 50.47636889350775, 81.13111123252602, 33.5417254163212, 21.311115533826847, 36.72458847875401, 46.82434772875052, 34.32387359550496, 73.05116132154583, 68.82403488205837, 80.68980711304407, 73.40440106134366, 33.893507535577896, 74.53808077534863, 27.26495336040007, 46.85527860265956, 20.361489836729017, 26.433467332746805, 9.283593226846953, 52.457429655469575, 50.25134444055947, 7.0285720875974125, 44.929658051645916, 15.196980615511661, 63.396906283706116, 3.3154287818564927, 55.896831959363965, 34.63828818094369, 10.387658325978823, 30.941664354674295, 16.792371303865938, 43.738955789375794, 34.35040635796855, 80.38631433911793], [52.00605198577668, 102.10270043816348, 75.73886242951062, 48.80439560120407, 78.87389254313537, 75.65793167004871, 86.46030872366106, 75.5166869127599, 24.446413971608834, 98.41619305467161, 39.610325891513305, 69.51046236476405, 0.0, 86.66936282748898, 47.762531830652, 34.78659961692574, 80.64065289013554, 80.8682390191002, 98.00372537689617, 68.50619613219015, 83.67946546163175, 76.0815325767764, 114.0777186087624, 65.917627177104, 99.41692116401066, 31.926433888177378, 68.25012037482662, 103.07930787595875, 96.08084077769287, 44.86199377795407, 76.61447102669139, 61.05513805755686, 52.81912875246738, 31.009815760592666, 58.828473979258895, 104.38244175569672, 33.93816352245553, 59.750180960536426, 36.99403895961082, 79.61110863813256, 94.20809640233881, 59.102739652157524, 114.99214378745611, 120.17223204218045, 71.23644027342723, 86.71761619503258, 63.89628347970353, 111.39094810177954, 119.05097456440195, 65.90843025060306, 70.50905797105942, 61.752149302402266, 23.60008748715699, 55.93950471823168, 48.933556495146306, 60.42533901870086, 87.9799774639594, 66.74265333604833, 29.980411349512494, 25.54369072010579, 55.81288443342337, 91.95600191126495, 53.95166124585839, 63.34239687304491, 73.77531055050153, 40.79555058947524, 53.284578737658016, 82.57778834603639, 95.77149695744693, 100.61376812830909, 58.48690621466056, 109.38375752825507, 84.49847865930651, 61.89091551282417, 50.97271847353905, 76.183676392757, 81.8444542034031, 29.783153756248876, 50.690172779805536, 84.92171325988492, 62.22167431692978, 17.343922429195455, 79.86683452175508, 68.71250929947104, 95.71550730571873, 84.066315723133, 76.72205643935295, 72.28688699274157, 101.78772393651418, 60.237795411695934, 70.4581874457308, 84.60856525461162, 83.73686168146102, 28.023538940188597, 36.080560025266905, 85.00389813802036], [44.69826005925695, 32.65008458424087, 25.929935427434888, 41.50061068094473, 63.709889177378834, 78.25673542442546, 55.449518010428946, 57.05634592691795, 65.6863346887237, 48.17594046893791, 59.13385972494447, 48.07553234636003, 86.66936282748898, 0.0, 54.816235868424044, 62.05172651568947, 48.451733876662615, 47.909016248013735, 43.79645250911607, 45.37450778545732, 39.847471202690535, 30.51966220837066, 29.588229958396155, 26.958035668855448, 22.394626157825055, 67.93771938982549, 48.49296871670102, 36.607039982677385, 49.93370774353565, 48.956551651371996, 10.073771508258325, 36.59331857741625, 54.38747814756676, 64.10754306050171, 43.4573655390734, 17.719589386370448, 59.422726441994506, 31.667028646240574, 52.68236982392876, 7.071430661791765, 27.878496497709698, 44.4452301697116, 39.91652124598037, 42.63757962326101, 45.54286622433218, 4.483134395224045, 51.09822959491703, 25.09062988446869, 42.77862689330386, 51.48296782440569, 42.744001525547205, 54.29401692467641, 76.53885138239951, 33.9877505858945, 39.00750247247494, 75.82213711170466, 28.031684514577226, 78.42546460869632, 57.25282839083458, 63.10169754703623, 59.33269668616454, 43.05906124477667, 38.72073922165159, 27.12898811999121, 50.13369040779693, 69.69937486400744, 41.29079998456188, 11.728280353424958, 13.351420863228585, 40.76960261096592, 51.610071209395116, 23.65911609108571, 42.42632580164024, 49.48072459989059, 76.51510312395638, 40.30113127409888, 22.62367302958867, 56.912388884379766, 58.85303240182942, 26.254260804228046, 43.76758939994862, 71.2539081224928, 9.84529840788935, 55.06770681934546, 15.31120053586893, 44.77510066109063, 26.67892610344684, 46.154731440177066, 15.524491163000055, 26.849639065298874, 58.440858254856415, 20.010823786050082, 39.7789306383269, 72.70295750843849, 55.912628157247674, 41.71807963174566], [10.185879355320273, 58.27266773509824, 59.3708891736829, 40.770637970534985, 32.91268119243312, 36.271659532056816, 38.793916382493435, 28.354544653428825, 41.94668613367335, 51.09805707469588, 50.87122469924606, 21.786791166171998, 47.762531830652, 54.816235868424044, 0.0, 49.10810548655195, 32.91852092665823, 33.171423007790025, 51.228352096222174, 21.055880043100338, 36.96918560791272, 32.208127748046245, 75.61870718453555, 49.12056223580147, 74.86589594898133, 52.58712948142141, 20.512503278825623, 58.26634613940042, 48.52147274372354, 9.605573293787588, 46.716113496328404, 18.85784843341891, 5.2832325336198, 47.557224685090844, 13.258869033639122, 70.51886322794932, 44.95792903173811, 23.347751493001958, 16.498644245290606, 49.057910568118295, 50.892830370767555, 56.75989684910774, 71.42442064003076, 77.07654807396236, 68.19189256340812, 52.66248339553185, 65.94711464318685, 75.54807293933256, 75.55514951163539, 18.19718316542898, 65.77528297079573, 66.42177152913139, 27.449325106532147, 22.136490630401376, 35.946083151206416, 25.639653534829936, 44.29913377908668, 30.86658736962315, 24.57640855029469, 38.76507017494319, 10.687396874639328, 81.83828757136565, 16.64391053035608, 45.43003478623552, 73.04842012868191, 15.090012083457259, 13.741635128376753, 45.846100794199025, 58.60806801787781, 54.57074443329522, 61.7784859471373, 78.13613604223, 76.36243814710421, 63.13546203357137, 22.665913946145896, 68.84636172241012, 40.322175869553234, 27.958404243586156, 6.083558944493508, 41.83766535383236, 15.65277215095417, 30.8633071527159, 52.92378540626538, 21.427112025561012, 57.50495680249116, 36.6533351631202, 60.782426985122235, 24.68690179039475, 66.83172495611714, 31.416076135820195, 23.831078708141476, 43.86366416256113, 37.039773957555155, 22.43714500534184, 13.872255214769806, 76.31896226300645], [46.11200279187275, 86.19905311368898, 44.464088032577294, 20.597769568844395, 81.1169073530213, 85.05820922809977, 83.5118987510186, 75.45391119735447, 11.45147128257088, 89.70683643776864, 4.835799344531408, 66.08752650588991, 34.78659961692574, 62.05172651568947, 49.10810548655195, 0.0, 75.83692849131297, 75.78904459686683, 87.64822254711453, 63.82048120708036, 74.68535123407058, 63.800429240844686, 91.52000673611713, 36.537449504710644, 69.36407813835082, 5.8871598813339325, 65.1614547436524, 88.48896652864812, 88.65939294282823, 40.58674926992112, 52.44148826010218, 51.11244732969458, 53.966258352171465, 3.783120415898642, 53.11805188794979, 79.12429122605408, 4.195075222289412, 45.56444958672089, 32.61194706868394, 55.286351812397, 78.4766193487683, 25.109611930536786, 97.68285868003994, 101.90880456230106, 36.65584958249094, 63.61129680624367, 29.110834456391, 86.9627860235399, 101.37061663418882, 64.57554786745334, 36.20092048294848, 27.03459039034603, 43.18173755418015, 41.705505192730385, 24.133377692550248, 72.29792193571326, 73.49657332659399, 78.38900830967242, 25.247228212183867, 12.750863364498038, 59.78248687471394, 57.76905797016382, 43.47214151282944, 35.22775176723184, 38.99586689828057, 52.906369852650485, 44.88373014813918, 62.17778520201472, 73.82954208672697, 88.37832552645443, 23.707871048025623, 82.07589580227042, 50.2081011642152, 27.15813622851966, 65.271218695079, 42.07913255787742, 65.87932820824486, 21.578352072650368, 54.78443657263426, 70.15760909205018, 56.86788106477347, 30.31738909137468, 53.257980740488904, 68.82969053283979, 74.64871430975697, 77.0865460874068, 45.154397492480975, 67.63388663938251, 77.52819373136458, 40.26787470115046, 71.92938563362708, 67.39949662705727, 74.70481099774979, 43.82618514109419, 35.824402301319914, 50.787981934858735], [30.44329618690616, 32.93739424402137, 66.37030823730672, 60.51203252268487, 16.13697393122853, 32.51901303212551, 8.173677960058606, 10.871860082113596, 71.55700279773629, 18.892332378186325, 76.04676507350112, 11.133632000995492, 80.64065289013554, 48.451733876662615, 32.91852092665823, 75.83692849131297, 0.0, 0.6326966385404947, 20.381738091987984, 12.440403606603391, 9.713069838070624, 18.4648119790036, 55.87910073745603, 59.404853120794215, 70.7819712443436, 80.53466881150281, 12.40682988742059, 31.011737108709188, 15.821321705818853, 37.238715970952555, 45.94649342347371, 25.007961167184064, 28.066905985487693, 75.39593102442399, 23.12611279559486, 57.450960056256164, 71.71050288539624, 31.999734775075645, 46.094524501019976, 46.4859206703431, 28.24260193412206, 73.92085064447151, 44.851547206491595, 50.71590679207314, 82.06033062018977, 44.34927955612925, 83.24232713524995, 59.14950990888013, 48.72719367741811, 15.187036958806981, 79.159733182507, 85.00235370658832, 59.827329860485406, 35.1430601714873, 55.168259189228095, 36.80832396757102, 23.136606800641935, 36.27563318175252, 54.75739916129743, 68.20928920489342, 27.111614687605158, 88.28820960771262, 32.395131573780624, 56.43199726905824, 87.29973675322734, 44.09201888685365, 31.027324871306092, 36.724148532833375, 44.115772797662345, 25.161731621333725, 80.67367274926795, 66.6129382394473, 85.22372569515613, 80.62924773030377, 42.75917780401252, 79.83693180356435, 25.921618821063003, 57.38609619620938, 31.16233964777543, 23.22661013010812, 19.350415949667493, 63.56228600179833, 52.68879478604223, 14.250016314263453, 41.80555923292804, 5.576251245259851, 67.6919574021127, 8.518954476759896, 53.21381964138988, 41.11706310004674, 15.300056293477853, 29.06156440998434, 9.807513805470185, 54.739695265093864, 45.3281455890101, 84.80931014429981], [30.50605669642323, 32.31744281419918, 65.96338294057624, 60.338156578607865, 16.762424606353434, 33.151696162277524, 8.467586953848055, 11.49413516054871, 71.60050201147459, 18.468018789120244, 75.95883841938314, 11.387720904850337, 80.8682390191002, 47.909016248013735, 33.171423007790025, 75.78904459686683, 0.6326966385404947, 0.0, 19.8599550142135, 12.55659769440601, 9.083945317220545, 17.9968146600903, 55.24654717019722, 59.06527522064789, 70.22969375437165, 80.51532272447434, 12.673145578659653, 30.41175993574238, 15.470379392201117, 37.34272566906207, 45.4828463043117, 24.887850466723624, 28.35974956178886, 75.37946663101165, 23.183369752650457, 56.83754364439675, 71.6692405861316, 31.798636416909382, 46.19132003448747, 45.99556800293502, 27.609946808389815, 73.6675187234236, 44.25654234521493, 50.12232490474382, 81.73579007117408, 43.79431527732026, 82.97703528847434, 58.52062914993334, 48.139057809932645, 15.545682832888149, 78.83116301969213, 84.75912563151158, 60.146740669207524, 34.98759280846076, 55.00114784223058, 37.38610620324823, 22.513839828544484, 36.889247238840476, 54.846845676887604, 68.25158478123565, 27.52531553413796, 87.84270299839446, 32.330102732617135, 56.113037752943434, 86.9749916983912, 44.487395486808374, 31.01684988692338, 36.182780686489245, 43.5050589627478, 24.597260576876135, 80.44247100017397, 66.00317228395132, 84.81581885802963, 80.37133245984738, 43.27669468835912, 79.46841315946615, 25.361650260594576, 57.44635302712713, 31.515882661012583, 22.626720789647905, 19.41872192649961, 63.7653749557557, 52.21169523118253, 14.748161549435162, 41.18960007800497, 4.969388437602453, 67.28117047139702, 8.653219723433436, 52.600155609039206, 40.847416107390515, 15.875514183247654, 28.48104233284068, 9.17821516474906, 55.059804205750055, 45.48375770417313, 84.39643287643112], [46.08467173617798, 16.127172371365873, 67.2568643430933, 69.4761552176749, 34.038102527728796, 50.67331466157923, 20.849138048560583, 30.673662681968032, 85.53708678007398, 4.7605376027955, 86.85275965189592, 30.268939462950215, 98.00372537689617, 43.79645250911607, 51.228352096222174, 87.64822254711453, 20.381738091987984, 19.8599550142135, 0.0, 30.275529704402015, 14.341568444531086, 23.84849386609832, 40.269067831787005, 63.21249280547524, 64.15780597796879, 92.94569772005302, 31.558451016511203, 12.635548645651102, 8.082773175268391, 53.25230415129368, 45.72389514426841, 37.779723366818224, 46.93830261611446, 87.96537637006801, 39.1805940366164, 46.37012159365001, 83.76717857075826, 42.11946121926134, 61.6915776835798, 44.9288748863362, 16.28614284623062, 80.05337807704932, 25.5854011150005, 31.30342887753646, 85.5436757621719, 39.31695281112428, 88.72683510681857, 45.52373729593016, 29.15663386798113, 34.899426613966924, 82.5822161779826, 91.15764835963255, 78.65490234025076, 46.06330420878045, 64.53849707524012, 57.00266499630399, 16.48765981709237, 55.88781681348401, 69.99778229122059, 82.22349696544597, 47.05538516169886, 86.74884177790719, 45.54343207746604, 61.12120207886305, 90.63768783918113, 63.80985094360685, 45.341739351042605, 33.582960706967064, 34.36928930613288, 5.604838218535575, 87.31453342151418, 55.527483963326496, 85.39912361960035, 86.42208167709096, 63.13663733311061, 81.74974303715497, 24.098532721244737, 71.99631531270973, 50.5912696154918, 19.360521547071837, 35.89466923570406, 80.67286446714958, 51.2556003003587, 34.60103801884188, 31.652413008455525, 15.195031692786953, 68.36002223548343, 27.013394505405532, 42.3559679498535, 48.45915966370908, 35.576676424623116, 24.836142292820035, 14.28029684201805, 73.60818588204444, 61.95625525036016, 84.78806138062941], [18.05541904795389, 39.08291235442842, 59.03323919456438, 49.56144017674916, 20.32296122816422, 32.99717361309468, 19.707668451966743, 13.455373006906663, 59.184974013469905, 30.047370311957014, 64.28166165096408, 2.9754386031407365, 68.50619613219015, 45.37450778545732, 21.055880043100338, 63.82048120708036, 12.440403606603391, 12.55659769440601, 30.275529704402015, 0.0, 16.213105408745747, 15.780435321343223, 59.391745729608274, 50.8240714484562, 67.56249734522828, 68.37046181143236, 3.118912315471823, 38.372674126289255, 27.57528899793015, 24.79839583366371, 40.44288469613383, 14.090131793029846, 16.667081693060656, 63.22300626209403, 10.777444943635064, 57.72377624655171, 59.663176145059154, 21.845538288789164, 33.655548026176, 41.72562982942501, 32.50118602629632, 63.84543653949999, 52.015444257757096, 57.827681239066756, 73.0019182573608, 41.904682905919344, 73.27940071677034, 61.05455693223848, 56.09922466721735, 6.426045412043081, 70.1882948870303, 74.73819287561588, 48.40990167398799, 24.295105605749868, 44.182702821928096, 31.709000967339698, 26.10187949130804, 33.353981580808785, 42.32148728006271, 55.84107822058436, 17.682409759236393, 81.61027256838221, 20.686195846039006, 47.53011423963944, 78.21323773098062, 33.78241