instance_id,num_cities,city_coordinates,distance_matrix,best_route,total_distance
2154,86,"[[23.94154252552243, 50.980696170233905], [67.95719531279644, 25.857457301037947], [6.770013906909467, 94.60415031820384], [31.367465993439257, 54.97642652938212], [88.63555264236798, 63.53307330819873], [20.213169958862633, 80.96981037853901], [93.73606681076218, 29.84641119849243], [17.938482614857566, 53.372999045344116], [47.058082248100476, 83.87702104205373], [77.45495122609714, 5.171455557904602], [71.64975454612062, 27.075133375402327], [87.20011794266954, 71.67997290949023], [60.071548169734044, 85.07499319779059], [3.305902063220967, 32.52008939515304], [74.02309210346236, 16.04544090836336], [17.193645919792367, 8.697651572078868], [36.15762052344886, 21.315777146371317], [64.50755479329027, 72.75287691920035], [66.55675173127904, 60.44326043394557], [67.66848567758494, 66.92024930186683], [13.69441710714485, 70.73514965458997], [72.14722343530224, 90.6604501495417], [64.53711029893653, 49.64878916504362], [95.33916061566475, 98.69324613359976], [4.102140552477596, 65.30659944624094], [33.02075708068348, 67.17419277677459], [51.302948927476265, 12.273603565208724], [56.3261597814829, 21.256217840526435], [83.1984382468751, 50.738959121631346], [56.64692129804364, 73.99144067725453], [54.82943758168335, 40.669927345085156], [61.54556870754478, 77.66993826322337], [80.09580573182777, 70.42994085339853], [93.37065622847311, 47.36087368825618], [40.74783582551984, 61.33333297639281], [6.260615329940055, 9.401957421705198], [31.240032283182096, 46.82448204550991], [70.77445713127362, 34.67201469834526], [59.4711677292171, 92.60621328723192], [8.357589987969849, 19.210549788230978], [12.142220360844902, 50.91022044834712], [41.29292451600834, 9.425896194295458], [33.17266439808184, 96.58746376740459], [83.72942582089584, 38.879224540977916], [63.77861557354417, 49.664638765428684], [59.95949109701243, 94.75621789714505], [10.45669894883443, 79.84913781804198], [93.6691508458676, 32.71234328455731], [61.4720409027124, 86.19585079079405], [58.87900322871178, 98.96365096807266], [19.767285511586707, 50.772467453820155], [17.29422872646833, 81.96333860077516], [56.65753782338435, 90.2058948387647], [52.51268563164104, 0.4959555075888189], [72.23180934742817, 15.222544519285952], [92.59447463594124, 34.97963268429204], [64.57902210656165, 75.8364764990014], [55.14806733374284, 21.848566077416585], [59.93460805186378, 60.795643664639464], [1.686913250540767, 53.63517273786843], [62.11214947962988, 7.73403523676679], [31.055898863213816, 51.184803154389755], [57.93532586076573, 96.67091609427406], [50.37926575387351, 39.81174219891249], [78.98339566409508, 37.31715418821668], [62.414291598640446, 13.305834896670355], [53.93064568535399, 91.02439327137638], [28.842131584547214, 4.800259775192506], [8.814657482890631, 22.597173755516465], [88.16208188212619, 34.74346990237716], [4.949806801059298, 83.55491364940497], [3.3121477812075195, 70.94947272706456], [19.022772163158187, 10.186436482314843], [33.71089381284514, 28.28393309972883], [49.38062074851629, 4.670120038435055], [99.0687199367865, 98.00227970778921], [83.75334922785268, 56.91432930955516], [84.1933742214379, 75.30796951940196], [34.21139697158356, 71.88622189222286], [30.421681136572065, 17.855827342650255], [11.736941012200909, 38.646651502956274], [28.592425680521096, 33.08087538469835], [32.92076803924612, 91.89619046353485], [46.021545246303866, 27.502626949016918], [44.68829993189812, 36.6471551247804], [23.725691031203265, 98.94677350408891]]","[[0.0, 50.68091180679903, 46.8814157945329, 8.432686431640665, 65.90050923029516, 30.219988964170525, 72.92416349516598, 6.46218549233092, 40.20625074311008, 70.44268192106988, 53.3624346028176, 66.55905213669442, 49.676940300848074, 27.687969585968826, 61.062538993557325, 42.81810328694151, 32.08177024953185, 46.03943098990642, 43.653134802614986, 46.54153963353443, 22.254033607540624, 62.43613174944379, 40.617411280340505, 85.87262248791811, 24.471072214383337, 18.565060443873943, 47.40132464633109, 43.958025965553794, 59.2573887994732, 39.98920058492618, 32.56338457172518, 46.1126710199748, 59.427051037289615, 69.5234129223982, 19.73901171096907, 45.18192893639986, 8.3989325865385, 49.59127929203992, 54.72693982283781, 35.38646320030564, 11.799532633677735, 45.03189822803402, 46.53161142372336, 61.00030003643325, 39.85880575388784, 56.68852548586679, 31.862641595772367, 72.08101053142276, 51.46499221208741, 59.35478170727559, 4.179447429592924, 31.68770917440815, 51.077906759336116, 58.00878604284733, 60.088229123706434, 70.49297213225526, 47.63627359955148, 42.691078627166455, 37.30729098046976, 22.41237983827223, 57.68248362492054, 7.117283594225454, 56.94886743518804, 28.70015230468979, 56.712414658719545, 53.847447416060135, 50.02843177493239, 46.439729529379235, 32.16282008406236, 66.24141598823707, 37.706308095704394, 28.71104255671321, 41.08973016902218, 24.709983376233925, 52.83763963780686, 88.62912672571493, 60.10540926762723, 64.97768425635118, 23.29186373084008, 33.752764794354846, 17.351684527831, 18.49416930483067, 41.88918910759014, 32.22958663256437, 25.21662827938551, 47.96656300658782], [50.68091180679903, 0.0, 92.03248866130572, 46.7624064883864, 42.97727892001162, 72.91682534735186, 26.085665966285923, 57.08744745950381, 61.66881467637219, 22.76220629696414, 3.888152352170253, 49.69902421603602, 59.740271078629, 64.99369496546673, 11.53563043639687, 53.58541666938479, 32.122263547430826, 47.02212671580636, 34.614144804880794, 41.06380693697067, 70.41630755425763, 64.93831086339263, 24.035899262671258, 77.81275061780697, 75.05799647229966, 54.1075535088978, 21.491510067451095, 12.508093064238304, 29.178495832098598, 49.444945686598615, 19.792606999902652, 52.20768276012639, 46.19580233019523, 33.290252507824434, 44.70891408478945, 63.85335901782862, 42.281984196328565, 9.253830896675948, 67.28602447651173, 59.96911150216342, 61.179672851382186, 31.320592866819418, 78.82066610787427, 20.453109231894185, 24.171107089161627, 69.3613904445611, 78.87590663283841, 26.61003794025253, 60.685904101753934, 73.66769389629027, 54.24965564463954, 75.59501372278201, 65.33302130565178, 29.694084469982002, 11.46183645933506, 26.27184074573963, 50.093057544950504, 13.421809431913504, 35.84743746402286, 71.85646637220938, 19.042662316796157, 44.75690033542623, 71.51911502231341, 22.443388215452366, 15.902884861967413, 13.721042473741813, 66.65938522228731, 44.42289700264347, 59.23233263817185, 22.072577131604746, 85.43376075147754, 78.8179676567622, 51.38247427371229, 34.332156227466974, 28.177870445112443, 78.56718376352063, 34.84318839402569, 52.047734477227564, 57.073865082684954, 38.378912262654204, 57.65657362311788, 40.02202964635177, 74.75737765466529, 21.997257261082506, 25.64876354475716, 85.43110741434975], [46.8814157945329, 92.03248866130572, 0.0, 46.64108855753986, 87.56356696142824, 19.147158280734622, 108.42812888532343, 42.71700514509248, 41.691722837653444, 113.99371586147345, 93.64586950139595, 83.63324425770749, 54.14663784757632, 62.18062955264015, 103.41396110318672, 86.53657395089066, 78.96085780196572, 61.734121657026044, 68.85797279447254, 66.89560702681531, 24.85309945175911, 65.49604794748822, 73.19851038085962, 88.66348996799363, 29.418770119271496, 37.96714484788202, 93.60289114227795, 88.51966331099506, 88.12184204725699, 53.96841381443278, 72.23993778835568, 57.33348883192482, 77.20792802555665, 98.6488643484615, 47.5545967170888, 85.20371565420362, 53.681267678621325, 87.68369080061568, 52.73901180892812, 75.4103136095208, 44.022949806386926, 91.90846714270097, 26.477036941409917, 95.01588517202777, 72.59159980732645, 53.189694568638465, 15.208617309876852, 106.68671791102179, 55.34447812015389, 52.291031870253946, 45.71810901480567, 16.448380420081016, 50.08103127711399, 104.63624776830075, 102.89162260121623, 104.50321125451494, 60.77916591737196, 87.37168357990953, 63.003882362453005, 41.28310836481189, 103.0008197249492, 49.749813228218855, 51.207037290870105, 70.02838591716163, 92.17685409258765, 98.51751991505682, 47.29629848366933, 92.47657614464676, 72.03599961860881, 101.03449801492575, 11.198159887736779, 23.906078935785843, 85.30228891515229, 71.58339347929628, 99.51780553133374, 92.36123872132737, 85.71438925175141, 79.7917246073385, 35.624903880153504, 80.31006438985453, 56.177504737463295, 65.27887111585775, 26.29058744616448, 77.73864644404995, 69.2590045187148, 17.50295297593771], [8.432686431640665, 46.7624064883864, 46.64108855753986, 0.0, 57.90379911997693, 28.285585091289562, 67.2410591710253, 13.524369644415659, 32.88525203851877, 67.8571398493937, 49.00147886243642, 58.27772718077045, 41.59144201727218, 35.940763037196135, 57.750533159980904, 48.400642423720306, 33.99977790085336, 37.60675037973475, 35.6114041239519, 38.21542793858597, 23.678555941490878, 54.18798906345655, 33.59477672554326, 77.48250143836982, 29.156653509855254, 12.309300258145798, 47.12700466741776, 41.9522212716479, 52.00390191868478, 31.632603805903784, 27.47981131154038, 37.758619654816485, 51.12007627754866, 62.46913033169086, 11.331442880880337, 52.03254928105914, 8.152940464559054, 44.33035179582614, 46.966146347074414, 42.528253348218904, 19.65054964948905, 46.61936872900458, 41.65017600568114, 54.780423043525886, 32.843533706853485, 48.98913860016427, 32.494798741379505, 66.16033054772164, 43.36978074284068, 51.882179935576346, 12.33845448670751, 30.435989064289647, 43.367074728710655, 58.44007217914993, 57.01110148581016, 64.40976906799189, 39.219244564245386, 40.77955539521428, 29.153814389432476, 29.71084268170846, 56.36558433752478, 3.8044029616255672, 49.43967675872062, 24.319049754742455, 50.78510271743371, 51.964830291072865, 42.52708529915444, 50.23967579534104, 39.459411829212065, 60.29096887439904, 38.91815313287681, 32.28372786440376, 46.46003308414411, 26.79516485183193, 53.43405484325008, 80.21648101999635, 52.42171524697566, 56.6034294055401, 17.147277411344323, 37.13264591942618, 25.53466395809242, 22.07070476146567, 36.95242503813617, 31.137625184514505, 22.658482010928, 44.62945370099844], [65.90050923029516, 42.97727892001162, 87.56356696142824, 57.90379911997693, 0.0, 70.6092221437698, 34.07060975203573, 71.42340526397095, 46.28781971300889, 59.42292717849706, 40.22062556835574, 8.272390578945242, 35.77648199644908, 90.79071780281372, 49.68500008999666, 90.06036593938158, 67.35156608938897, 25.829538494338944, 22.293954186491966, 21.238899649411643, 75.28641111786331, 31.745229158612297, 27.812016639351395, 35.79352054453036, 84.55201449120858, 55.73386077020328, 63.41337822940562, 53.20929782729203, 13.901495270962787, 33.65486567064592, 40.811479498137345, 30.55680252162492, 10.976978602152395, 16.85114970909747, 47.938213144192325, 98.56879833062501, 59.77811287825439, 33.940822573087885, 41.180199314754184, 91.70080359036685, 77.52784208175129, 71.8951392873404, 64.56566193440453, 25.13726992784546, 28.464026368568533, 42.39341061739746, 79.86330274866106, 31.2290651487435, 35.37595020993834, 46.26854294571768, 70.04049742375798, 73.68350681684512, 41.64171994724234, 72.65355973166515, 51.019505935971715, 28.826585555944064, 27.020184890108283, 53.46970932564076, 28.831193895512364, 87.51019556480348, 61.782065075798954, 58.888847035060145, 45.17322823262084, 45.013831608642086, 27.936330282244704, 56.6597741715568, 44.274182547087285, 83.81405960398722, 89.70575888006057, 28.793496467523653, 86.04753423349717, 85.64511893529983, 87.70292393460667, 65.26270016614276, 70.75165684017101, 36.013569242868634, 8.224577940556294, 12.584956492097426, 55.0614548640386, 73.99503790586591, 80.82530829459121, 67.3239441337813, 62.51882626968925, 55.80454005897446, 51.51906071895493, 73.94200630186435], [30.219988964170525, 72.91682534735186, 19.147158280734622, 28.285585091289562, 70.6092221437698, 0.0, 89.55008824796013, 27.69039902697198, 27.00187381755064, 94.98427299379992, 74.50072780365689, 67.62804359425603, 40.06922559247118, 51.31501896192718, 84.32485678794693, 72.33520902001125, 61.748110778153375, 45.05008904914142, 50.685962791728976, 49.49138466855372, 12.134348720723485, 52.83043071625507, 54.27354841105064, 77.18830641444133, 22.470012132686204, 18.824275627421724, 75.40386718767877, 69.78439057356928, 69.86450020597144, 37.09603591130835, 53.12594993639932, 41.463916147627685, 60.803116011637, 80.50825065010221, 28.41238721086729, 72.91523405656773, 35.88168250918365, 68.55603288825849, 40.94626065455297, 62.886890884410946, 31.124253793224284, 74.58476861257874, 20.294324169454327, 76.19666774131508, 53.646638490515535, 42.06940784330118, 9.820622870132611, 87.88950027391648, 41.58853123099894, 42.64768412954356, 30.20063463991097, 3.0833936249774045, 37.596505225898404, 86.71389756254075, 83.83699548412338, 85.75633918903308, 44.66184001483031, 68.6714539114064, 44.55097806756139, 33.021274999148744, 84.37418589531929, 31.69718324135247, 40.859341240213, 51.02920645858171, 73.20856385638534, 79.74552179067014, 35.18469562914353, 76.65676367975172, 59.47512751552805, 82.18229240763162, 15.480730402924472, 19.648198830914414, 70.7933829326208, 54.38740859680865, 81.68465542292886, 80.67405266733968, 67.94130224683387, 64.23023415335685, 16.687178889446987, 63.934251814812626, 43.16359848719803, 48.61647890677853, 16.759141706375054, 59.37012665359212, 50.63131201085467, 18.316904965114], [72.92416349516598, 26.085665966285923, 108.42812888532343, 67.2410591710253, 34.07060975203573, 89.55008824796013, 0.0, 79.36481654770506, 71.4012677961619, 29.56227597033422, 22.25949618082151, 42.341061784444925, 64.679951182614, 90.4696813930874, 24.06383495537791, 79.4104037868225, 58.20695142499934, 51.915996719679605, 40.9253265268204, 45.32094723028187, 89.88078003559902, 64.53236003610807, 35.28049368290696, 68.86549637031038, 96.39328652474383, 71.27209912143272, 45.92791157252018, 38.383493403630716, 23.39957637375312, 57.657508986639236, 40.384084733277845, 57.648225549831935, 42.81447887750283, 17.518273921793497, 61.63747939357201, 89.83279079492551, 64.76117062992937, 23.463204559713805, 71.50437795887899, 86.03839754736472, 84.26885449919764, 56.27859812383774, 90.12376939413126, 13.480525983071175, 35.91950763199806, 73.17198967229959, 97.13766406946223, 2.8667131820769916, 64.93247808425116, 77.40935159868442, 76.87184424278107, 92.51772117578452, 70.83843996862237, 50.60450973088086, 26.00558720161039, 5.258630574197735, 54.45382780143034, 39.408111223695585, 45.83005132522894, 95.07340241482113, 38.58794265102756, 66.21276633094537, 75.81033905170915, 44.48730178190801, 16.53642363935497, 35.42095801690126, 72.98778693371379, 69.5595610269577, 85.23025991827404, 7.41960187166093, 103.7670622212571, 99.32747253245219, 77.25665669015474, 60.04550550406737, 51.00246299892572, 68.36416898945711, 28.85007523746391, 46.452300985202044, 72.8733970844499, 64.43978223507645, 82.46999976442697, 65.22388932191554, 86.88311499658177, 47.77205137664958, 49.51700267336803, 98.3682509123739], [6.46218549233092, 57.08744745950381, 42.71700514509248, 13.524369644415659, 71.42340526397095, 27.69039902697198, 79.36481654770506, 0.0, 42.17163075784602, 76.58719756280541, 59.803666035355974, 71.64020812606103, 52.72771231803319, 25.47461981029679, 67.37083952244456, 44.68155607808778, 36.872787554133325, 50.440639864752484, 49.12967217456199, 51.54222729114186, 17.873342323468577, 65.7946927281074, 46.74721212299123, 89.69275194309282, 18.271704359349457, 20.443775372346963, 52.937207341891785, 50.05098793437727, 65.31309191435214, 43.8573068099088, 39.01679880495436, 49.91912672365527, 64.45519436717876, 75.67138473282999, 24.15850802890267, 45.495330373478254, 14.82613565552474, 56.047899324114404, 57.13325679985704, 35.48050792720957, 6.297772188251847, 49.76723626558818, 45.8210678162189, 67.36852163528282, 45.989887210513146, 58.97741903808087, 27.512960784625232, 78.49838729031984, 54.52073269780809, 61.27506646975435, 3.1791955890758024, 28.597597433482935, 53.43994244729242, 63.17718929755762, 66.35678193097144, 76.8884456257505, 51.768211707457866, 48.768258825810626, 42.647042158455896, 16.253683946978057, 63.515571805664436, 13.298677012764468, 58.944525533876075, 35.16123004002491, 63.121086518414074, 59.86213517473888, 52.087074113039805, 49.78152831181805, 32.099775813994505, 72.65268921477433, 32.85808376279374, 22.866178031106468, 43.20017210422888, 29.634948709620478, 57.97049658212097, 92.59529199889056, 65.91007273039953, 69.79150085431249, 24.648471795215464, 37.64704146531534, 15.978874496931056, 22.918917633809407, 41.334067711518664, 38.182909254850664, 31.54847985799159, 45.93975075760383], [40.20625074311008, 61.66881467637219, 41.691722837653444, 32.88525203851877, 46.28781971300889, 27.00187381755064, 71.4012677961619, 42.17163075784602, 0.0, 84.37141507551702, 61.89672680286168, 41.95415370201295, 13.068490065016656, 67.46693782227405, 72.99476022245035, 80.89389439945735, 63.503773931835376, 20.6937351527303, 30.48506598077755, 26.689339395625844, 35.85865216656164, 25.98999645955457, 38.4329062006542, 50.503297459653474, 46.79822096195519, 21.81813396959525, 71.72913137274861, 63.302940332730195, 49.03321812363444, 13.77209255976078, 43.90042037907414, 15.761190961847852, 35.66952675025769, 58.97697454305149, 23.410191829959746, 84.91742111129703, 40.287732013394034, 54.622331393703774, 15.175094346157705, 75.36232882281382, 48.020072393897124, 74.67400508056596, 18.824457047788673, 58.048162153389754, 38.07969715910567, 16.87611550383004, 36.82234515462135, 69.21283093368022, 14.599286814790137, 19.166130943790048, 42.903368804674756, 29.82531067639082, 11.49800812647754, 83.55928905713873, 73.1242345784672, 66.81704587834732, 19.27780304061181, 62.55379352194345, 26.430189148274994, 54.52625390633835, 77.61687463145843, 36.39850248977338, 16.792801410619226, 44.190259779761526, 56.453935541789455, 72.22261058410974, 9.915495851623685, 81.14773583429897, 72.23419703460124, 64.05969585870041, 42.10950740980343, 45.61609680604065, 78.84339455093809, 57.172885759678806, 79.24094491917018, 53.894613507823784, 45.536022709246794, 38.11113425159215, 17.573178051947835, 68.08500465915984, 57.3878850180914, 54.04839392724867, 16.25332985115029, 56.38392251620241, 47.28928105596238, 27.775851367066277], [70.44268192106988, 22.76220629696414, 113.99371586147345, 67.8571398493937, 59.42292717849706, 94.98427299379992, 29.56227597033422, 76.58719756280541, 84.37141507551702, 0.0, 22.659907555547356, 67.2186815895697, 81.77259950123054, 79.03182437804733, 11.402684527759384, 60.36438499272608, 44.34082365851731, 68.81049038919328, 56.3359846499908, 62.51950445074405, 91.45492712116616, 85.65360570688273, 46.315265507391445, 95.21643901120268, 94.85183374184597, 76.28064651000645, 27.09922010952945, 26.554574099361066, 45.92804180659235, 71.89690161136511, 42.095787994748456, 74.22357069486097, 65.31189796340813, 45.091647429433024, 67.09373142254493, 71.31991734231372, 62.21570017670264, 30.24751214479645, 89.26507339407064, 70.5091589574024, 79.73573494224561, 36.41143283241885, 101.57660893964704, 34.286771811545826, 46.547669209312666, 91.2771645511986, 100.32707528854698, 31.95936116510865, 82.58574965005062, 95.6140249328555, 73.53447532634291, 97.55155474387506, 87.54078059997877, 25.376700213087027, 11.327206204281248, 33.43250802251164, 71.8285092097626, 27.851805763127693, 58.318202368354335, 89.94180041318316, 15.555332848959427, 65.34600383503611, 93.5583617473581, 43.96637581563861, 32.18201489700256, 17.09940259938764, 89.01752560708202, 48.614236801691796, 70.81769256235518, 31.450702365368056, 106.7752896061518, 99.1156034404969, 58.64699125884941, 49.47453058994311, 28.078806403896632, 95.31378132372029, 52.12480025350473, 70.45947015934374, 79.50386802920814, 48.71367141663484, 73.75259731042273, 56.27150360315867, 97.49088735144349, 38.55827054199574, 45.43537278662804, 108.07702649961537], [53.3624346028176, 3.888152352170253, 93.64586950139595, 49.00147886243642, 40.22062556835574, 74.50072780365689, 22.25949618082151, 59.803666035355974, 61.89672680286168, 22.659907555547356, 0.0, 47.23775515015991, 59.14421867191152, 68.56040926264492, 11.282147272507348, 57.47346869777348, 35.956386938291956, 46.23275108148239, 33.75456385538213, 40.04352338390026, 72.56044486608717, 63.5872627541346, 23.667691984986764, 75.4343558000838, 77.61652629537012, 55.678847061155366, 25.1610370137033, 16.391227364442617, 26.3315161767788, 49.2567243765908, 21.627331917327684, 51.593883872966536, 44.16984392190786, 29.720511939315028, 46.13624194183918, 67.73537241149104, 44.9775769274125, 7.647140079749878, 66.65313504455324, 63.77891320378266, 64.10349444910642, 35.114565390334704, 79.45093166720692, 16.88949455584297, 23.921550587109557, 68.68326915303928, 80.80647002712288, 22.729539127865888, 59.99037491729669, 73.01404694223415, 57.03818226016248, 77.24790133067391, 64.88651327668526, 32.75179541286871, 11.8668719713267, 22.386656940355643, 49.27132878712725, 17.309612548394213, 35.69758355335058, 74.8347168972145, 21.56487856707477, 47.21374054294454, 70.93418446995841, 24.792234626677498, 12.596875897513964, 16.579727273109462, 66.35868187405876, 48.25621801929313, 62.99445646485778, 18.206052266824162, 87.40050691496891, 81.20952008170418, 55.27049264737217, 37.95811310526913, 31.589538501302684, 76.04248647927258, 32.20053754545746, 49.83722380964779, 58.3923305917928, 42.24629736188325, 61.02003980108947, 43.47415906170714, 75.50962745155483, 25.631774473701494, 28.610201594629604, 86.3843071313839], [66.55905213669442, 49.69902421603602, 83.63324425770749, 58.27772718077045, 8.272390578945242, 67.62804359425603, 42.341061784444925, 71.64020812606103, 41.95415370201295, 67.2186815895697, 47.23775515015991, 0.0, 30.255344427869392, 92.5836699147532, 57.173727890977545, 94.16835416496791, 71.70696449897258, 22.717912432761466, 23.503452422902473, 20.103224312519153, 73.51177284152965, 24.22494890211413, 31.606723535372495, 28.212779833139976, 83.34202862687529, 54.36639769211936, 69.4098225179588, 59.12492171490425, 21.31993196168856, 30.64050764015819, 44.827267069715674, 26.34455506165104, 7.213448005660837, 25.08972159408698, 47.59062378028293, 102.1261685186164, 61.23174514176924, 40.48939742758443, 34.73905894360339, 94.70577900511319, 77.87856320388067, 77.35011619884123, 59.492426722648226, 32.9838566171181, 32.14407738140305, 35.70104807529603, 77.17698889025436, 39.50094359997757, 29.540559555277472, 39.32536874646602, 70.59965066526442, 70.65819808803853, 35.72196780235556, 79.18574552156711, 58.40797447812602, 37.09466345418901, 22.999793453768163, 59.249498353157676, 29.35773582407097, 87.39635570177784, 68.69125931620634, 59.76809616620146, 38.483441853115906, 48.6966044456056, 35.331541651537506, 63.41827162810501, 38.48459930176803, 88.76119986064151, 92.48460187664153, 36.94902744342925, 83.10311606954447, 83.89115071523852, 91.81288308216554, 68.87897624951306, 76.94566102009279, 28.874340658767153, 15.162600222051093, 4.711991851297798, 52.98912236293865, 78.23573053371703, 82.37652211392871, 70.17657673343071, 57.92187219117432, 60.39298589589043, 55.08677692983708, 69.083147629539], [49.676940300848074, 59.740271078629, 54.14663784757632, 41.59144201727218, 35.77648199644908, 40.06922559247118, 64.679951182614, 52.72771231803319, 13.068490065016656, 81.77259950123054, 59.14421867191152, 30.255344427869392, 0.0, 77.35862260662589, 70.42531268949766, 87.59002691611774, 68.09635501965816, 13.09628589896133, 25.47116259977452, 19.680146986869097, 48.54347946367306, 13.304858604258833, 35.70654249993389, 37.80557234932493, 59.3579310669005, 32.437385132844845, 73.32755733764984, 63.928585329880356, 41.39826422350742, 11.60056919662933, 44.71341629534093, 7.550336093833583, 24.80823349380304, 50.31088756807044, 30.611636493827604, 92.85485898248685, 47.899456277991774, 51.52681342616243, 7.555113017616615, 83.74042259552036, 58.85959701894899, 77.94499716962265, 29.25896318698054, 51.90129301617733, 35.60386987058968, 9.681873189984353, 49.88930574444438, 62.21451608362124, 1.793795316896191, 13.939762483499287, 52.925389567131994, 42.890342188916215, 6.162922869412988, 84.91613521275187, 70.90300796364609, 59.726760257892025, 10.279470418508279, 63.41783463624675, 24.279735714146646, 66.31159706416082, 77.36787338446624, 44.61449188163856, 11.791050571281746, 46.28933170198332, 51.36603121241069, 71.80738492679524, 8.550207281595446, 86.13541249869492, 80.81303586145259, 57.63974602202706, 55.14269682694608, 58.49068183081784, 85.40080759902136, 62.61077068033126, 81.11251171612058, 41.08398888059173, 36.794710108689216, 26.024166530416746, 29.029142401072935, 73.46789008366206, 67.02107997940159, 60.780946355355375, 27.99452792658406, 59.26196029183755, 50.81239835682407, 38.90305412176137], [27.687969585968826, 64.99369496546673, 62.18062955264015, 35.940763037196135, 90.79071780281372, 51.31501896192718, 90.4696813930874, 25.47461981029679, 67.46693782227405, 79.03182437804733, 68.56040926264492, 92.5836699147532, 77.35862260662589, 0.0, 72.6108463657524, 27.574951917636625, 34.709825968423964, 73.24151479077379, 69.14024489827139, 72.97885427384752, 39.60192009802339, 90.10787466644982, 63.581862333629466, 113.35346202261316, 32.796177171461025, 45.649528912059225, 52.09257812924654, 54.203528768061226, 81.94354490725229, 67.56579985594178, 52.16411190591102, 73.6910281082545, 85.63787796892301, 91.27929021022085, 47.24512048383654, 23.306187084769515, 31.383614837066318, 67.50286442426997, 82.24888662897618, 14.235989443564534, 20.402878257995283, 44.45622154915, 70.68699987495083, 80.67454228816027, 62.85606297256809, 84.16035195581229, 47.866196012587686, 90.36345329895532, 79.14788101330812, 86.62053132857265, 24.57898390557759, 51.38392914955968, 78.57511812249066, 58.70990291593042, 71.06325178095753, 89.32244144259091, 75.0380212397427, 52.92911778838843, 63.29547623009738, 21.1770599787931, 63.81632405538849, 33.44299421573753, 84.25973243864715, 47.63475380185163, 75.82937998123941, 62.152950769881784, 77.36677735855474, 37.689361527166994, 11.349477567936072, 84.8853030526385, 51.06129365232992, 38.42938383945275, 27.30955983111824, 30.698673317490066, 53.837723717661326, 116.01049321171762, 84.06468162259118, 91.50729936826579, 50.0483966107575, 30.827034503812698, 10.42195667904963, 25.292741203245402, 66.3518022728895, 43.00931413011422, 41.58768477443965, 69.4944036826368], [61.062538993557325, 11.53563043639687, 103.41396110318672, 57.750533159980904, 49.68500008999666, 84.32485678794693, 24.06383495537791, 67.37083952244456, 72.99476022245035, 11.402684527759384, 11.282147272507348, 57.173727890977545, 70.42531268949766, 72.6108463657524, 0.0, 57.30249524822685, 38.23049021446717, 57.500249992712625, 45.02124628638642, 51.27013898853302, 81.4279636829904, 74.63858578055532, 34.91659870112682, 85.35241347124004, 85.53128787928466, 65.53884912738218, 23.031102076985448, 18.44813296367641, 35.88630912849351, 60.49520808357817, 31.22117400377032, 62.87501303645844, 54.722497065500086, 36.810115019697896, 56.19818367463701, 68.08736396218941, 52.704265300901774, 18.907746569492843, 77.93144660689083, 65.7417377493261, 71.02672130964474, 33.392847176070056, 90.30932891976798, 24.811178714749577, 35.145408859829054, 79.95730915586357, 90.06441071827906, 25.76340930326608, 71.26435920512355, 84.28981544262878, 64.41784629762066, 86.96742594921919, 76.16649790175151, 26.542119033940622, 1.9712565483016384, 26.521686736995196, 60.53229216796028, 19.746969939340683, 46.91552013566479, 81.52000190171715, 14.52411850771251, 55.50634624979675, 82.21486162266255, 33.52413461198766, 21.842399073222563, 11.927685871955967, 77.62441433286007, 46.55935235943033, 65.53674655463027, 23.441999066251597, 96.58492455989501, 89.52368601042954, 55.31150989080191, 42.129016391795275, 27.141284409054116, 85.69834828957006, 42.011235912024986, 60.1288777188913, 68.57961716254347, 43.63897956351766, 66.25993765545353, 48.51959892074609, 86.27130027744566, 30.254813474285204, 35.84634793676737, 96.96628022550313], [42.81810328694151, 53.58541666938479, 86.53657395089066, 48.400642423720306, 90.06036593938158, 72.33520902001125, 79.4104037868225, 44.68155607808778, 80.89389439945735, 60.36438499272608, 57.47346869777348, 94.16835416496791, 87.59002691611774, 27.574951917636625, 57.30249524822685, 0.0, 22.778266522647012, 79.634652426944, 71.51450378658393, 77.05569631753093, 62.13610681898916, 98.68027174872846, 62.59711886003399, 119.18862574744477, 58.103016205718866, 60.58055231642974, 34.29623863235097, 41.09831173971007, 78.25665563143737, 76.2878747494206, 49.38298524919719, 82.00164258340305, 88.13374636841087, 85.4270545200624, 57.66554273577519, 10.955692794545868, 40.63195998003752, 59.54469640442835, 93.95762651031599, 13.733059139662586, 42.513737442281865, 24.11027932413519, 89.33055535067014, 73.06118910834303, 62.03590442107751, 96.09887799369862, 71.46971701006642, 80.15739686232044, 89.2555160447081, 99.42645352686493, 42.15345480777204, 73.26575607122248, 90.55933129501139, 36.25882491892719, 55.42358398244974, 79.85003132287896, 82.17661278569224, 40.16820455527536, 67.38687278729938, 47.53776989512045, 44.92883838356847, 44.691387383316474, 96.94936696598302, 45.49035061754279, 68.0958816923511, 45.4548363671564, 90.15153659587688, 12.283195068891331, 16.229730871262372, 75.59698112646284, 75.85196953328834, 63.78075907108553, 2.3584281466934494, 25.621122185433613, 32.43797710831245, 121.1562806945879, 82.18906324138666, 94.4769710010741, 65.44004332184173, 16.088912304473684, 30.44204699602554, 26.91605066739719, 84.67195075013522, 34.41910630023285, 39.20625904224833, 90.48520112613069], [32.08177024953185, 32.122263547430826, 78.96085780196572, 33.99977790085336, 67.35156608938897, 61.748110778153375, 58.20695142499934, 36.872787554133325, 63.503773931835376, 44.34082365851731, 35.956386938291956, 71.70696449897258, 68.09635501965816, 34.709825968423964, 38.23049021446717, 22.778266522647012, 0.0, 58.73239315866753, 49.5486339530191, 55.43196283141625, 54.2850797809889, 78.12768518053963, 40.10180806356788, 97.4152318405908, 54.43111465685823, 45.965576210783794, 17.639214141727347, 20.16862719953376, 55.484792237494034, 56.520235090192514, 26.892747761628065, 61.808894086389046, 65.89966006017387, 62.86237752790203, 40.27995594744679, 32.18338111467681, 25.97838909039872, 37.10410298440855, 75.00565157686258, 27.879628405038474, 38.112603155962184, 12.951471582431614, 75.33084872643747, 50.710465819604906, 39.5800116555548, 77.20121359453216, 63.92723739771932, 58.62983745302846, 69.64369199894409, 80.90397728832541, 33.709637875094785, 63.5134179559885, 71.87555164989001, 26.475519404988475, 36.585168896096285, 58.06736992731731, 61.48400382089999, 18.997919204472076, 46.08692869162219, 47.2522273686035, 29.2933659151069, 30.301588713567366, 78.43892793515684, 23.33143622422084, 45.717513970386534, 27.451265012642803, 71.93866544125648, 18.06318611023264, 27.372972164294875, 53.71002638200669, 69.62497935349512, 59.51746648386713, 20.43196642388532, 7.385233170773517, 21.258542647771563, 99.18984879763254, 59.435766227231646, 72.26749248853329, 50.607881480131724, 6.6986754880494095, 29.94543026498066, 13.987484032839744, 70.65459615641522, 11.643630079088139, 17.54490358726964, 78.62012761622896], [46.03943098990642, 47.02212671580636, 61.734121657026044, 37.60675037973475, 25.829538494338944, 45.05008904914142, 51.915996719679605, 50.440639864752484, 20.6937351527303, 68.81049038919328, 46.23275108148239, 22.717912432761466, 13.09628589896133, 73.24151479077379, 57.500249992712625, 79.634652426944, 58.73239315866753, 0.0, 12.479017032792237, 6.634080869100822, 50.85318264204832, 19.469096434087007, 23.104106658334334, 40.29256348962718, 60.86264139690684, 31.97718166060875, 61.90399115968477, 52.14250780893066, 28.878395057094437, 7.957612652633864, 33.51091771552698, 5.740283427935888, 15.76038068349296, 38.44258644443598, 26.361529342758967, 86.05838110274499, 42.178308580199975, 38.593083996975025, 20.482191279288667, 77.58607698703719, 56.738257744889864, 67.44794694164804, 39.36956802283098, 38.94746013853223, 23.099742280626455, 22.468464513114842, 54.514694681916495, 49.534261053140526, 13.781432838868472, 26.80830596953409, 49.848070129796625, 48.103334215829626, 19.137152372504264, 73.2457478498847, 58.04656109074645, 47.0711487673451, 3.0844276528094325, 51.75759719869509, 12.801846312305884, 65.66520857354783, 65.06295213362264, 39.80194832402719, 24.804571980219162, 35.84308730901201, 38.27845888203985, 59.48388484312808, 21.11206565178741, 76.74360292153905, 74.94860486140011, 44.76886946938688, 60.529408913575075, 61.2219740457189, 77.35260124813325, 54.09178580860301, 69.74299906141357, 42.80194478357751, 24.925091650793, 19.850944177878294, 30.308551098552133, 64.61836298724964, 62.83289179224963, 53.51414957691478, 36.93496379993027, 48.88064720659249, 41.187692452441034, 48.469378273393], [43.653134802614986, 34.614144804880794, 68.85797279447254, 35.6114041239519, 22.293954186491966, 50.685962791728976, 40.9253265268204, 49.12967217456199, 30.48506598077755, 56.3359846499908, 33.75456385538213, 23.503452422902473, 25.47116259977452, 69.14024489827139, 45.02124628638642, 71.51450378658393, 49.5486339530191, 12.479017032792237, 0.0, 6.571707324778308, 53.85489212359405, 30.729984187789828, 10.981783165332677, 47.86949411902862, 62.643679041414735, 34.20480064857148, 50.52716440519048, 40.50048541513644, 19.264454158982947, 16.785646461208035, 22.98944537404783, 17.940746481991596, 16.82378581146526, 29.835118859297914, 25.82425931873688, 78.99897896882094, 37.851575890164874, 26.11409859837863, 32.934192519219245, 71.32516284465875, 55.243280818855965, 56.930066041804146, 49.20264953923688, 27.566435739525588, 11.130890601561742, 34.94142094631786, 59.36163743731852, 38.78254699855308, 26.24976560462566, 39.278089426171704, 47.77843013314871, 53.75788255787201, 31.365727198794218, 61.570408156391146, 45.575425689520024, 36.41921679872998, 15.519745980330281, 40.24560239524905, 6.631512712201768, 65.22611442202079, 52.896284463677326, 36.68827585969903, 37.23938800093373, 26.21775347415668, 26.253347777411825, 47.31909616880552, 33.08510600713763, 67.2200572383144, 69.03966776470567, 33.57483468750961, 65.79942384236189, 64.11131277356193, 69.17533930012728, 45.968170694375544, 58.358055700257424, 49.67603049166556, 17.554951447949218, 23.065342595669975, 34.30981406924518, 55.851882548308176, 58.99409977418111, 46.79733077934601, 46.05069170356666, 38.817264712611696, 32.31847477816249, 57.59357845659769], [46.54153963353443, 41.06380693697067, 66.89560702681531, 38.21542793858597, 21.238899649411643, 49.49138466855372, 45.32094723028187, 51.54222729114186, 26.689339395625844, 62.51950445074405, 40.04352338390026, 20.103224312519153, 19.680146986869097, 72.97885427384752, 51.27013898853302, 77.05569631753093, 55.43196283141625, 6.634080869100822, 6.571707324778308, 0.0, 54.10871965541022, 24.15897821080902, 17.553029568136633, 42.13299869696185, 63.5868233081416, 34.64865919791112, 57.0446025789204, 47.051590047900326, 22.42796421214791, 13.09490850826118, 29.22191915058914, 12.3711731451757, 12.913412349858536, 32.29815390113265, 27.49427253966434, 84.13845994219666, 41.60375077237445, 32.39746430995634, 26.962284165183522, 76.1183143217572, 57.78829608074235, 63.255599482149954, 45.49840986113285, 32.31490163883841, 17.6886173685663, 28.883728032935977, 58.65445165509365, 42.96760900122589, 20.247092151911062, 33.227015996939166, 50.549736259995804, 52.57242907677036, 25.757761174410643, 68.13138103033869, 51.898714846348916, 40.51552684419882, 9.436307147798987, 46.7783871482334, 9.865275330227108, 67.30572902254737, 59.44645327775706, 39.85079395319514, 31.30234135991406, 32.15257816912022, 31.691803803359697, 53.87125381343333, 27.744152611946607, 73.25557228601845, 73.67705286626276, 38.14882197287631, 64.88716928616935, 64.48234540432651, 74.73373375104205, 51.438147079029136, 64.88084923132422, 44.18220598484664, 18.943106142427492, 18.531750911190517, 33.823625891518674, 61.600665180730566, 62.6716364965078, 51.6917952096856, 42.79254044789612, 44.97042341347616, 38.007225207334095, 54.3752467011377], [22.254033607540624, 70.41630755425763, 24.85309945175911, 23.678555941490878, 75.28641111786331, 12.134348720723485, 89.88078003559902, 17.873342323468577, 35.85865216656164, 91.45492712116616, 72.56044486608717, 73.51177284152965, 48.54347946367306, 39.60192009802339, 81.4279636829904, 62.13610681898916, 54.2850797809889, 50.85318264204832, 53.85489212359405, 54.10871965541022, 0.0, 61.75555171360061, 55.041929923375335, 86.29901100998563, 11.021838633630301, 19.651662287411156, 69.51369675712643, 65.31179202036739, 72.32327834399138, 43.07575939543566, 50.95103043080334, 48.35104965283472, 66.40209005519701, 83.03408852675754, 28.640559023911333, 61.78205142546475, 29.657522442333228, 67.51800257730127, 50.7331678681557, 51.80025207552916, 19.885601141825337, 67.23467982414824, 32.368877992827116, 76.93960235391937, 54.33593070107423, 52.129346732923956, 9.672000781441051, 88.55332766662468, 50.21687580060915, 53.27752912234756, 20.865962985364476, 11.79113525941635, 47.16926605010122, 80.25211751511615, 80.67388436911268, 86.62376158918893, 51.1396769790364, 64.09604645340526, 47.29639561243889, 20.89472085046296, 79.4570149576564, 26.146454770087026, 51.28276502061928, 47.9795294777183, 73.34448269638592, 75.311037464845, 45.06226244585597, 67.65251626729915, 48.384675028879585, 82.7093350742517, 15.518200871494495, 10.384481245382176, 60.78271164090482, 46.933624691659595, 75.08723772064637, 89.62292097998947, 71.40916639272352, 70.64710635064222, 20.54924402633909, 55.46191567265032, 32.14814810046881, 40.49438269988338, 28.59094643907651, 53.98235112713689, 46.07181506755365, 29.941980174415843], [62.43613174944379, 64.93831086339263, 65.49604794748822, 54.18798906345655, 31.745229158612297, 52.83043071625507, 64.53236003610807, 65.7946927281074, 25.98999645955457, 85.65360570688273, 63.5872627541346, 24.22494890211413, 13.304858604258833, 90.10787466644982, 74.63858578055532, 98.68027174872846, 78.12768518053963, 19.469096434087007, 30.729984187789828, 24.15897821080902, 61.75555171360061, 0.0, 41.71175084620266, 24.543670497694112, 72.61508830825547, 45.63424870400488, 81.11092094899033, 71.18464383237415, 41.422877672888134, 22.76214495897746, 52.90518005956215, 16.767482877139308, 21.7359947300779, 48.22123413241258, 42.96511775797851, 104.61351618232435, 59.958238696394254, 56.005262177747795, 12.82452269878952, 95.7820734635989, 71.97694877711452, 86.89672328752651, 39.42265519434365, 53.0607457319046, 41.84124936693035, 12.857532150148522, 62.63070561429691, 61.81566507529702, 11.57117839885986, 15.652118427977358, 65.83850742860498, 55.538192064731895, 15.496353793283486, 92.27757673889226, 75.43795305186842, 59.31646917391902, 16.64415411320935, 70.88050999901715, 32.26537836264215, 79.59602049565144, 83.53138930714316, 56.98090610699839, 15.43061027768844, 55.31216034353435, 53.779554430649874, 77.96452054015892, 18.220212938268325, 96.1628996615733, 92.97108961180373, 58.1651473911448, 67.57204637474587, 71.60160802142887, 96.42755933175651, 73.26787368357137, 88.95310601949244, 27.904648987969477, 35.68617137855333, 19.514312958983027, 42.32727933783705, 83.91384857207336, 79.71723447339602, 72.19714563305168, 39.24591516403214, 68.34809208942012, 60.59231402907223, 49.125430838795914], [40.617411280340505, 24.035899262671258, 73.19851038085962, 33.59477672554326, 27.812016639351395, 54.27354841105064, 35.28049368290696, 46.74721212299123, 38.4329062006542, 46.315265507391445, 23.667691984986764, 31.606723535372495, 35.70654249993389, 63.581862333629466, 34.91659870112682, 62.59711886003399, 40.10180806356788, 23.104106658334334, 10.981783165332677, 17.553029568136633, 55.04192992337