instance_id,num_cities,city_coordinates,distance_matrix,best_route,total_distance
1883,96,"[[6.342510896050879, 4.6161472352820425], [39.96392447781388, 67.15206924127712], [47.215725277675425, 21.24537762425488], [22.160239012929715, 91.2421928387877], [22.043888831094527, 61.307926962725624], [20.478706928748224, 99.45921527333034], [59.87704462812297, 23.46661459891064], [1.2152965558290152, 79.56244911653306], [48.62395317098692, 74.29170399979125], [60.39458756288813, 87.29997845487144], [79.07518053393439, 1.5963273248837062], [78.7617835428808, 65.62549125916776], [68.79528801136368, 53.48909498843314], [98.46679876673811, 4.449009331371356], [54.114358281796136, 60.82059367220338], [39.96112262566084, 18.975331438207597], [4.341618804206748, 64.92617364793773], [3.915713502751339, 25.521603420158524], [31.556968843959197, 35.21382631475882], [21.631458556418416, 57.054927944012626], [85.95588004177364, 94.71740137322782], [74.16639768153158, 58.12353119383019], [18.729773683956097, 78.552306291921], [70.69850650054786, 57.44978321948879], [66.80311454966046, 18.802242334948627], [90.97231484782007, 53.48900326359928], [32.29689079412028, 13.645494700240857], [81.12262346745982, 29.98898875683833], [34.231765205143425, 76.97046227330505], [38.09411519705538, 33.84423866430596], [27.336956867552985, 1.5655814089326703], [21.760523928081643, 23.24071629780179], [24.67805341731484, 74.26776962964306], [57.54273237449846, 89.954840412272], [64.75704784487806, 88.28008498648703], [26.895700752691575, 76.15728307534081], [37.73132816169452, 54.30632256244885], [62.858386082996795, 39.07899985718765], [64.59202041762144, 99.82305079062832], [36.26461914085558, 15.235498965141947], [57.52192432015381, 40.79245831309875], [54.22616211851091, 26.66969056476507], [59.41853844773479, 71.70634128972236], [40.66597632324511, 29.976624549139242], [87.47927973212065, 81.63665094451447], [76.69451446533967, 3.951365401409934], [55.4282140372017, 77.31386081773226], [31.771729538944683, 98.29304452969919], [13.17313644821797, 9.619982069723875], [86.37327849937608, 5.476685856440222], [23.31148410131658, 27.77007277675757], [38.902062529040734, 48.19661051967835], [82.44851154850947, 18.532528528539505], [2.6932017829997434, 3.3484404293486314], [39.83284132733333, 49.011665118999645], [73.06573722625194, 14.062082596292003], [43.726386829002294, 69.1257962955801], [86.02718464113144, 25.28819557584574], [72.96011885638389, 57.5215264458914], [56.2663531604293, 63.31332322402838], [67.64216983547053, 18.308258880706152], [98.92585122246224, 18.162902932500558], [40.11629349297865, 37.627547543599604], [19.167033800244205, 20.764357131633925], [50.501043539734006, 35.51468713878485], [53.89044138847474, 19.83984036560247], [88.8306092988252, 43.53542220780709], [13.648159026862928, 45.62889092379796], [47.28749287910963, 81.54239462867187], [4.656850842051585, 20.555762304594072], [86.05840741222919, 17.404714368060215], [15.110283210233765, 75.04385208160315], [35.82201853267786, 75.82366143196876], [66.51974177964739, 32.34979792547994], [58.20843040687057, 52.59441853929263], [75.06671812242723, 0.9100103776827351], [37.72435008382489, 3.434573182349432], [52.82577922248096, 22.800049111136932], [5.557500405440563, 33.38392356983102], [15.836130086322997, 56.19766860109158], [91.72827355631037, 27.79744539910627], [3.023740356147231, 96.70799496500055], [12.448277491062665, 49.22974087356401], [26.024342711814363, 32.85743290706479], [95.05295410222809, 25.006537807552288], [61.13285663845169, 78.27345844615994], [78.47398171758736, 54.31508911185308], [41.977463581874744, 44.2886469965035], [95.90290046214457, 2.3261854934773285], [7.521127382437132, 33.16896778825377], [41.26077170321597, 9.64152399756455], [11.237377150894245, 85.64038480654207], [96.4417339154287, 5.801071897571486], [28.71426570327079, 81.58956287298321], [32.81635642798343, 15.057234709348466], [54.95781381972292, 53.192180814908575]]","[[0.0, 71.00099289711277, 44.126533482880546, 88.05834599673186, 58.8259394971645, 95.89076907160933, 56.75637780670637, 75.12147823736024, 81.50094214972667, 98.78381920713129, 72.79533326350487, 94.69261380340458, 79.30267581549298, 92.12443948681683, 73.76373907230908, 36.55676716559898, 60.343208856162356, 21.045841486762075, 39.64828942914799, 54.62213509905845, 120.23528826415235, 86.38934978790614, 74.9666585584901, 83.26516235231696, 62.102575537055245, 97.72798868942056, 27.480155595197548, 78.96737505495926, 77.54326154179174, 43.15606219606869, 21.21491724026308, 24.178289820010807, 72.02458345395502, 99.51962234955737, 102.03877991716384, 74.4349899615017, 58.77390044382409, 66.1946550635747, 111.61254339947882, 31.75064082780516, 62.67421991245054, 52.71814514737391, 85.5462380173995, 42.67615362844294, 111.87195023231564, 70.35514438262399, 87.71752283880997, 97.06701936032071, 8.467337744786818, 80.03539398226232, 28.70627665896812, 54.400194692886416, 77.36788095593256, 3.8632289018912607, 55.61082844698479, 67.38853483164338, 74.55903031593904, 82.32241986515298, 85.06988209569236, 77.05678747191837, 62.810207031977924, 93.56916958013589, 47.22733256516326, 20.62118014510363, 53.89522959791139, 49.92560992755658, 91.2085321803437, 41.658344175820766, 87.14435774978217, 16.028498943303706, 80.73519434972349, 70.97137057485838, 77.06848544359289, 66.26050480809512, 70.65400288748029, 68.82406635255705, 31.40407534142459, 49.91341023950995, 28.77848496194691, 52.447899402563, 88.47655649738118, 92.15162861376999, 45.02946949537064, 34.42302601485292, 91.02368242125847, 91.80077059256058, 87.59528472771211, 53.3268889981876, 89.5896606981486, 28.577135936832192, 35.27802927319057, 81.17195814846892, 90.10701435044268, 80.15860607625774, 28.458404819837178, 68.72465872370266], [71.00099289711277, 0.0, 46.47593947475675, 29.955054182489206, 18.84891711880673, 37.728310161877495, 48.00990836724128, 40.68751275864111, 11.22365722265089, 28.694080221799307, 76.3363979271763, 38.8278805546769, 31.904927341048477, 85.75698235205634, 15.502334008873028, 48.17673788454427, 35.69178158478994, 55.06876790873338, 33.02617544104823, 20.929203738700863, 53.620029020339054, 35.374053662610166, 24.100924562081946, 32.229627459229995, 55.29961921735659, 52.80658349154315, 54.0530935712505, 55.45388222309739, 11.369190457488012, 33.36027224844883, 66.79092526094277, 47.53494197851146, 16.860932539310905, 28.792027718542084, 32.57440737180496, 15.870486682110974, 13.038316380859044, 36.22504101909474, 40.91376473778002, 52.04820005737884, 31.67195047275348, 42.92125820416071, 19.98057553249884, 37.182073165060004, 49.674058542268675, 73.09900961494849, 18.50422275103458, 32.200503099028566, 63.46406367041068, 77.18601593789711, 42.75798657589279, 18.985177537871145, 64.56624410390513, 73.89187925451677, 18.140877721650664, 62.56418056042414, 4.248731743590993, 62.244741586327414, 34.37289917947176, 16.748288030025776, 56.14092158682525, 76.65798863178088, 29.524914865134033, 50.836310808534506, 33.34598663144005, 49.31931542962802, 54.274293201289744, 33.99656918213173, 16.146706131083064, 58.461998502092946, 67.81961865030561, 26.076497476778314, 9.609989385010651, 43.776814883071594, 23.34067673732649, 74.96810311155144, 63.756842750293686, 46.179313519121045, 48.20881329732141, 26.49810098070721, 65.02564304395, 47.30887811319235, 32.83779351935275, 37.019373591497505, 69.36171137443678, 23.912527818450517, 40.593257660033366, 22.95191531150268, 85.62455394253905, 46.98282949906555, 57.52516516234564, 34.16185495207443, 83.38877522747835, 18.302897172557362, 52.58288232814918, 20.48646388408873], [44.126533482880546, 46.47593947475675, 0.0, 74.34602566472746, 47.31415443174295, 82.6575619649334, 12.854684025350263, 74.27597370636859, 53.06501529010829, 67.35645998732927, 37.431404821256514, 54.449502094321424, 38.798644786103, 53.9332042587077, 40.171991020701775, 7.601471523685715, 61.2062165728361, 43.51065532448479, 20.98366535831361, 44.009982933053735, 83.05984508121794, 45.67643762073783, 63.99635545498426, 43.15321538964965, 19.739167371855583, 54.353385590782466, 16.743053568762004, 35.016117438834385, 57.21772695860009, 15.554262115876352, 27.972483132176382, 25.533285181709637, 57.61354620970958, 69.48120143028433, 69.2917743209593, 58.551009871435575, 34.39447439429654, 23.721950152069947, 80.47599861469205, 12.49181200295435, 22.097649245097436, 8.863937927125267, 51.91548423458076, 10.914846963167356, 72.5827783330755, 34.177212740869614, 56.6667431501282, 78.58027729621621, 35.972874169446214, 42.21333455649607, 24.77870846211767, 28.20436035228228, 35.337073713345255, 47.98495034166824, 28.731058049870676, 26.829514442127067, 48.00739500275741, 39.02145249617065, 44.48294925097668, 43.0305230279343, 20.636528385035657, 51.8019186464268, 17.85433905054584, 28.052815800030558, 14.642626475618068, 6.821097429682711, 47.20852316722576, 41.489001251315756, 60.29705971454634, 42.564461261906125, 39.03209768451429, 62.65010186970016, 55.75487078979169, 22.270006810386594, 33.22050469740254, 34.484851217474834, 20.181946336719857, 5.821486811438485, 43.390690213207606, 46.97171104933914, 44.99218316979132, 87.45020381463034, 44.630707053150395, 24.164323349593587, 47.98485998246774, 58.70169118128401, 45.504773524722445, 23.63115843448442, 52.233866966982866, 41.446750228017486, 13.0426565953268, 73.76420869187629, 51.59192287348307, 63.11675450873699, 15.672745005415823, 32.87154041257063], [88.05834599673186, 29.955054182489206, 74.34602566472746, 0.0, 29.934491993411005, 8.387312313244859, 77.56343488760649, 23.981389199727488, 31.42685537753182, 38.437045454723275, 106.18706028549968, 62.12849783308252, 60.00103492761423, 115.56707041719791, 44.11960373916865, 74.42694884304107, 31.78106499467717, 68.20600108951984, 56.810882644685954, 34.191354020522624, 63.89022529807639, 61.656194243700874, 13.145391319608503, 59.14296541921156, 85.09132015186206, 78.48824818918318, 78.25598553042363, 85.02069036927865, 18.69235239190171, 59.56856178947879, 89.82590408833958, 68.00265130054352, 17.160140811137815, 35.405905054828246, 42.69967453733358, 15.81072738554693, 40.08387868394615, 66.1614531050555, 43.29072875761286, 77.30427577045872, 61.60863982819001, 72.09598792264175, 42.069351938444626, 63.999470085712254, 66.02153827015817, 102.92558357289691, 36.066003314816335, 11.920371625872445, 82.11548759727441, 107.14026613755921, 63.482559734326266, 46.18669518200915, 94.45300995433296, 90.02375937008661, 45.77923485659029, 92.45614725582253, 30.890673797783972, 91.80913080318227, 60.97303612327656, 44.082295541413195, 85.95327075770992, 105.98840422947923, 56.54157835274251, 70.5413680290495, 62.520045527577636, 78.13515010223007, 81.9809382606433, 46.40074155956137, 26.93445696821118, 72.82128850223552, 97.64706422468818, 17.666015965854683, 20.600372093466465, 73.72977461199397, 52.85000057785149, 104.68523639916977, 89.17634004127376, 74.99801593629002, 60.19327414311094, 35.61057473226258, 94.1538496712374, 19.901773130149756, 43.120393281282276, 58.51249003145099, 98.49116666232788, 41.073750697150516, 67.34128456649881, 50.96428020466376, 115.51639052465589, 59.88992450404313, 83.8063213868003, 12.275551494219744, 113.21627812572501, 11.667413214352617, 76.92659282424914, 50.234294343849825], [58.8259394971645, 18.84891711880673, 47.31415443174295, 29.934491993411005, 0.0, 38.18338112512192, 53.509929910046075, 27.695808983185465, 29.581722168613712, 46.32885530624683, 82.57144400217507, 56.881991368017225, 47.40071158490229, 95.25438403160571, 32.07417192266133, 45.96820543257691, 18.068261487478477, 40.115978031557994, 27.774102685008327, 4.2729497287755605, 72.11751244254009, 52.219692696116546, 17.55995380568164, 48.807346718543904, 61.726181743256824, 69.37047989567297, 48.7527588801881, 66.86682867145902, 19.84588982293932, 31.809808885803417, 59.976365524324514, 38.068265306892435, 13.224838184966604, 45.61593518831849, 50.51644545487651, 15.62189027876631, 17.1790051204728, 46.47524487497466, 57.391273421863424, 48.21719394713351, 40.98262383104299, 47.281139312700084, 38.79421934364086, 36.44767006952454, 68.52041594370141, 79.2241505877558, 37.02300754987323, 38.24303604945825, 52.44362587674784, 85.17862324880453, 33.56180062464385, 21.356606455611036, 74.01657352807284, 61.10442838654177, 21.625098525623233, 69.5370320301039, 23.048856811886807, 73.42535796233933, 51.05682431234889, 34.28117090966173, 62.675152059790655, 88.16081464979993, 29.788792853968722, 40.645508355993506, 38.40704199397249, 52.2858022393889, 69.11098289055363, 17.78539991272772, 32.35232954606497, 44.30629768278871, 77.62313228224446, 15.38669963887781, 20.013580520617147, 53.07235375258073, 37.19945290499945, 80.36994932107154, 59.960002859297475, 49.29889889947039, 32.42762662927903, 8.040585125221801, 77.32312622467852, 40.186202390556005, 15.425898229709839, 28.727593444417337, 81.5359703833834, 42.6119309907449, 56.861719674899085, 26.210747660331865, 94.51983615020093, 31.665622108482303, 55.12445720983781, 26.624222043383913, 92.82268210096395, 21.35037898523382, 47.488657509374, 33.89973146933267], [95.89076907160933, 37.728310161877495, 82.6575619649334, 8.387312313244859, 38.18338112512192, 0.0, 85.59850682538678, 27.694047784564923, 37.75656909386721, 41.72678476477994, 114.06441845103801, 67.3916753039674, 66.69140849105581, 122.91900463990181, 51.22792325654895, 82.80833338845095, 38.11740517192004, 75.77006795417245, 65.19354177754234, 42.419953090761794, 65.64864810440733, 67.75696950636696, 20.979933523528473, 65.47381652628826, 93.0134292723974, 84.15823875098297, 86.62369253542602, 92.21603431837072, 26.36077812679416, 67.93841154944646, 98.13357806276026, 76.22927679640169, 25.539057236904576, 38.26323462205906, 45.66776136680268, 24.169357746870897, 48.33670095866995, 73.76860862803939, 44.11481387528742, 85.69031108083668, 69.38291091427207, 80.23219826904828, 47.81770062515642, 72.35576175641742, 69.3305167674004, 110.82403351326091, 41.37492925779956, 11.353075084650401, 90.1357819218205, 114.78157691055308, 71.74508888002956, 54.472696625960914, 101.92833419663489, 97.74254567177998, 54.032747800682934, 100.2899098861409, 38.21741654827568, 98.98455987362598, 67.17937438012709, 50.86532350082664, 93.86090750036122, 112.97364669716801, 64.87518740094296, 78.70578876002554, 70.64165466587697, 86.34575183704526, 88.31451289818679, 54.26195908936396, 32.24474323273726, 80.47413261674659, 105.04112639493187, 24.998598620831842, 28.179010209075553, 81.38458568371334, 60.16511619417225, 112.6578747875423, 97.56097629961083, 83.20433187436068, 67.73910670959371, 43.50994070568375, 101.0539954980587, 17.670457584216216, 50.86735589187262, 66.83226384465682, 105.37798405413933, 45.84316940351071, 73.49451697042669, 59.21138523644219, 122.97818686408188, 67.54476870440583, 92.19062795316533, 16.624146640741785, 120.59116588528924, 19.676099848238415, 85.29895613833006, 57.70136297849511], [56.75637780670637, 48.00990836724128, 12.854684025350263, 77.56343488760649, 53.509929910046075, 85.59850682538678, 0.0, 81.1661464967123, 52.05594855489788, 63.83546186765478, 29.101166432060246, 46.195283797519224, 31.319073961118004, 43.021371835294865, 37.79587684568429, 20.416061658355407, 69.30424632000167, 55.99904963817637, 30.659805536202278, 50.90088061455241, 75.87344906152278, 37.487164183919916, 68.75704571496706, 35.66454523123761, 8.350258269948572, 43.223369271374565, 29.27659955615236, 22.22422068092559, 59.332470643379565, 24.1286364273148, 39.22387750151829, 38.117190089500596, 61.80393462163277, 66.52919047685725, 64.99692588943559, 62.16168907230987, 37.96735894275189, 15.894494969121052, 76.50187151041084, 25.005957329569007, 17.48517806810901, 6.495549921328734, 48.2419056331906, 20.28411632205746, 64.38661748519822, 25.761836948599868, 54.030713663407376, 79.93061586431823, 48.713286397812766, 32.02636328900464, 36.817929992437364, 32.42718878191583, 23.10446546206886, 60.61957451560166, 32.47028937409222, 16.198359010597958, 48.431442478556974, 26.213507585889353, 36.48155495819519, 40.00996477291512, 9.3223282071228, 39.407342639190084, 24.310888656918422, 40.799597755682086, 15.266481203458184, 6.999493530845977, 35.22876588788537, 51.26671781804496, 59.42468375436506, 55.296861238687, 26.873972382991067, 68.29549292736874, 57.618613602998, 11.092176137273945, 29.175558877401105, 27.194237898067414, 29.866780189498122, 7.082700993991962, 55.2174420068935, 54.87188760897344, 32.14431333308779, 92.71784081055876, 53.97431451704807, 35.131081616301074, 35.209600548983104, 54.821229430778494, 36.02047263550487, 27.458187026779743, 41.77056417305805, 53.24732601781859, 23.188332146794284, 78.93918516254611, 40.608470811027196, 65.94995001051727, 28.337228445847416, 30.12985427458935], [75.12147823736024, 40.68751275864111, 74.27597370636859, 23.981389199727488, 27.695808983185465, 27.694047784564923, 81.1661464967123, 0.0, 47.70074921989814, 59.68297784427177, 110.18565097286638, 78.78893601484265, 72.43531625263634, 122.881583317589, 56.12101101177552, 71.91688165097898, 14.96644414660032, 54.10827344562555, 53.73469476655038, 30.387632026299222, 86.08506878339035, 76.03611219117448, 17.543582803914425, 72.91698332553385, 89.40673686771517, 93.46735746406168, 72.8773653469534, 94.03567868738153, 33.11805546626535, 58.73842040203832, 82.2548023500027, 59.95201377336803, 24.05274600560389, 57.27810945509704, 64.13697320610378, 25.905179317702572, 44.39923977678544, 73.74808574050188, 66.53646449617112, 73.25579519361462, 68.36335653761168, 74.88521733239719, 58.73104627804762, 63.364896686884684, 86.28891647635128, 106.83701753983378, 54.25952977293139, 35.840351577284494, 70.95730146705128, 112.87418751215004, 56.308895842187276, 49.03170566484068, 101.60455907597772, 76.22833675235688, 49.24088917803053, 97.22542794361915, 43.77346820071484, 100.69136486309377, 75.05412579673019, 57.3990672881831, 90.35820557733771, 115.40041925775773, 57.199856054327114, 61.47747954460383, 66.1006065857936, 79.63329001841463, 94.73325548578542, 36.13948589622413, 46.11472062456792, 59.106965616814335, 105.1757455350468, 14.611241332965639, 34.80809876067871, 80.58352808408642, 63.051502594131044, 107.8899373759018, 84.42964221030742, 76.71774224687127, 46.38222672467326, 27.5623246781031, 104.26991232064442, 17.240655771194152, 32.34583512671152, 52.885227713384246, 108.54424642766028, 59.93142333703587, 81.27935543623371, 53.9054299367165, 122.19321892793178, 46.82006634095258, 80.57652170001128, 11.721066577145118, 120.45254310905896, 27.573583270107353, 71.83000536516995, 59.86358836688288], [81.50094214972667, 11.22365722265089, 53.06501529010829, 31.42685537753182, 29.581722168613712, 37.75656909386721, 52.05594855489788, 47.70074921989814, 0.0, 17.543176402422084, 78.81557611168374, 31.359082620363665, 28.976391958317294, 85.80391165691702, 14.547005249839039, 55.99058587324265, 45.26188568478793, 66.16154022375754, 42.642261647166016, 32.026570442596146, 42.5544577814943, 30.229559762882285, 30.196269622165513, 27.76573788447939, 58.39145711733776, 47.18194670243516, 62.805538515826505, 54.94446422467893, 14.639358603849042, 41.79563302334988, 75.77747104993014, 57.68749583780924, 23.94591171509214, 18.024385280973394, 21.353021949730824, 21.808194295729436, 22.76103580220225, 37.98096382875299, 30.113598930500288, 60.335632015939815, 34.66083311388797, 47.950400506122286, 11.09987259564706, 45.02394543159001, 39.54345265392417, 75.7345340351081, 7.445226508826255, 29.326810064801872, 73.75087812162857, 78.48896919197178, 52.962092689535595, 27.84724513106802, 65.21645803528641, 84.51378922454239, 26.764977363374737, 65.00006232468598, 7.118480068284859, 61.646942846056106, 29.554827278406126, 13.376513822976023, 59.12561790373827, 75.370572883802, 37.63828691426999, 61.09735642037607, 38.8224227076469, 54.7059535277581, 50.621379541159996, 45.22016175824088, 7.372831254511524, 69.43095503500368, 68.09895706764044, 33.52210913673634, 12.89327049501178, 45.600249287391115, 23.71991568786737, 78.00059472290016, 71.69054564681271, 51.662809305527446, 59.39836574782906, 37.449104924425335, 63.40109240942131, 50.812100029378776, 44.00887986122161, 47.19683478679359, 67.71026313691158, 13.127339198387803, 35.91781377831695, 30.730428786476615, 86.10653117413727, 58.14225418168417, 65.06813517880806, 39.07107142835583, 83.53147215921149, 21.20505598189166, 61.30744218208605, 22.029699710776995], [98.78381920713129, 28.694080221799307, 67.35645998732927, 38.437045454723275, 46.32885530624683, 41.72678476477994, 63.83546186765478, 59.68297784427177, 17.543176402422084, 0.0, 87.71590717059563, 28.410161621577974, 34.83888070541429, 91.17991199082023, 27.213950435239603, 71.31468207383813, 60.35331348153538, 83.70442543277166, 59.53633762788301, 49.16648503581087, 26.61574413652355, 32.263413159805204, 42.57321321954105, 31.578551281911647, 68.79686818231457, 45.58705352725149, 78.83186881503423, 60.94424511493492, 28.128138549647183, 57.92087002364446, 91.8868531620266, 74.80761953869707, 38.01985373770214, 3.896327761931461, 4.471204370776986, 35.30347118688718, 40.02754871127362, 48.28388012645595, 13.207792521712095, 75.99700375787147, 46.59615460361025, 60.943262811405326, 15.624154118335818, 60.62330413666671, 27.67045045516338, 84.92749210332846, 11.152910447924395, 30.66130302489365, 90.90680548656258, 85.84837560735816, 70.13534224901703, 44.62064562739589, 72.21729524521211, 101.86908587874099, 43.460100625300555, 74.32595390295029, 24.66028817480071, 67.10060542805104, 32.32102691343436, 24.33930870926648, 69.37135445267097, 79.14918503048298, 53.652209675099115, 78.2732399618219, 52.7218987710993, 67.77296030483967, 52.19141419495303, 62.62354283251706, 14.315924789032994, 86.95680355369691, 74.45790482564303, 46.9135465977723, 27.120416684752737, 55.29050419730137, 34.77434646639153, 87.62703920328384, 86.87546183406155, 64.94249567918192, 76.90284196491174, 54.33976270588044, 67.24842985517812, 58.13712139308302, 61.222476583366216, 64.3840391467308, 71.28586899839486, 9.056660791682692, 37.6147234201202, 46.788514504668875, 92.09443943690289, 75.66881198514493, 79.98086307392194, 49.18521715481812, 89.11491755142339, 32.1908626670181, 77.32769786054364, 34.53838977982365], [72.79533326350487, 76.3363979271763, 37.431404821256514, 106.18706028549968, 82.57144400217507, 114.06441845103801, 29.101166432060246, 110.18565097286638, 78.81557611168374, 87.71590717059563, 0.0, 64.029930905768, 52.901186433375265, 19.600322760529842, 64.26940463300637, 42.801160148093004, 97.95802511337523, 78.87562564345603, 58.20753113255663, 79.84633728144452, 93.37493484674764, 56.73994119078273, 97.79463598104189, 56.47811260331039, 21.134027416844866, 53.239004695459755, 48.30518424994742, 28.466387999808596, 87.70514305086832, 52.14763179570847, 51.73823280190246, 61.2654016216151, 90.77547006320393, 90.94434099356026, 87.85831073971885, 91.00568241963109, 66.98998228781453, 40.84036192821866, 99.2887260960207, 44.9307374725031, 44.73119200135609, 35.300811044069356, 72.81344406258246, 47.756761182428576, 80.48032236806819, 3.34869754860701, 79.32416972611968, 107.64697670730679, 66.388692185794, 8.265556015574978, 61.60076940110927, 61.52613919359942, 17.26888164718857, 76.40207181902248, 61.54815549255768, 13.8386582931617, 76.22182361934208, 24.690787397882385, 56.25852714073313, 65.79688586072594, 20.248515747029042, 25.855377663984424, 53.06640848898247, 62.89991583251776, 44.35015712969454, 31.098180877532418, 43.05875137513522, 78.86419847040366, 86.03389311069519, 76.79549445689918, 17.282087794610057, 97.39633967722031, 85.91002940141375, 33.21769101389181, 55.101965195249534, 4.066792576033477, 41.391669774801215, 33.74357548924776, 80.09557145377842, 83.54929066531002, 29.096380382656744, 121.77869630768589, 81.90290773460872, 61.57636004059637, 28.343027414913013, 78.74839315033545, 52.72218967728862, 56.55859582768041, 16.84354033238099, 78.21006423879555, 38.660764409396116, 108.00634780334121, 17.868325418847704, 94.52586670343247, 48.17753454960567, 56.95418750708209], [94.69261380340458, 38.8278805546769, 54.449502094321424, 62.12849783308252, 56.881991368017225, 67.3916753039674, 46.195283797519224, 78.78893601484265, 31.359082620363665, 28.410161621577974, 64.029930905768, 0.0, 15.704239797584984, 64.27168557019839, 25.111404039240234, 60.67725025851292, 74.42345036917304, 84.9132264152988, 56.153039948434824, 57.76961648304316, 29.9682208100503, 8.797555116997454, 61.40801865060498, 11.482971680339753, 48.326249636287706, 17.216022061309044, 69.72020008878252, 35.71461711607753, 45.952485248034655, 51.61305324415967, 82.14733622344521, 71.03247670044576, 54.76987164242615, 32.28258605967128, 26.63387389999446, 52.92456124388726, 42.56315130218039, 30.945666199363835, 37.016959152984846, 65.91782995218169, 32.677379715971874, 46.03858301926792, 20.276534908730987, 52.17405701519699, 18.23052314880412, 61.70876276314013, 26.09738394578919, 57.22966199424772, 86.24666768795828, 60.62848873960111, 67.13991671604562, 43.503600346781745, 47.23705221683323, 98.31002080672948, 42.32589941202866, 51.87706676919882, 35.209816220008626, 40.98638159391739, 9.966622237717585, 22.61394501440301, 48.60623714050865, 51.56827431719454, 47.721680120226374, 74.59259716685072, 41.29564081475828, 52.10479333332944, 24.276581365535215, 68.11496254557787, 35.270083437123944, 86.73420039772758, 48.76970416019269, 64.3445336852988, 44.13418282924084, 35.45616100722676, 24.33617022795936, 64.82088378125745, 74.51027604393887, 50.066903392182496, 79.98991034332143, 63.6279946486367, 39.98863484615703, 81.86802319818544, 68.31033388581515, 62.0885119291569, 43.76415905393645, 21.69677712852615, 11.314063223467635, 42.524664820347, 65.57911252569862, 78.28573948037122, 67.38345849944882, 70.42827147036111, 62.38222340641516, 52.53194860651098, 68.32372094125648, 26.855468403741195], [79.30267581549298, 31.904927341048477, 38.798644786103, 60.00103492761423, 47.40071158490229, 66.69140849105581, 31.319073961118004, 72.43531625263634, 28.976391958317294, 34.83888070541429, 52.901186433375265, 15.704239797584984, 0.0, 57.317785649467105, 16.409770585679283, 44.97342512963562, 65.46053958324286, 70.650829952946, 41.48105422368706, 47.29843521219554, 44.65712895151984, 7.094139696317384, 55.98857281366561, 4.394233935647407, 34.74401390320438, 22.177026836646082, 54.03374393240687, 26.537109720980652, 41.78530505265171, 36.448352393072895, 66.44429609583078, 55.921672415816026, 48.76559963818347, 38.16242389677276, 35.02456807281003, 47.6384525734254, 31.074707761290195, 15.585173922628886, 46.5242186258338, 50.21535647464633, 16.97920233049054, 30.521138296630735, 20.48881390370976, 36.66189359820348, 33.7842633917338, 50.163576738588205, 27.318457742919122, 58.12174959906956, 70.84012149049447, 51.12902483183628, 52.251741804960695, 30.35811788614394, 37.528283355627025, 82.96728899605857, 29.30649580146006, 39.657610148204725, 29.545832773166705, 33.04888786537111, 5.797095775190428, 15.921358890623155, 35.199728845068144, 46.43049304703365, 32.773059270233894, 59.44637990525349, 25.646807176201307, 36.802537813633656, 22.37162714054533, 55.704475970705175, 35.34929804332796, 72.09953900120458, 40.0012226838691, 57.85056001321772, 39.82548629125251, 21.2614202481504, 10.62459410455102, 52.951779707035385, 58.913991011751, 34.59541512710887, 66.35688132411904, 53.02837711211413, 34.43809931784118, 78.70050696245195, 56.50776665247677, 47.4870428860001, 38.739141602537835, 25.941810394598317, 9.71387554742278, 28.35214190115265, 57.90048325161691, 64.55563747815494, 51.776047262444756, 65.92889002243083, 55.12235043465534, 48.95022619551895, 52.64495609640721, 13.840659306216732], [92.12443948681683, 85.75698235205634, 53.9332042587077, 115.56707041719791, 95.25438403160571, 122.91900463990181, 43.021371835294865, 122.881583317589, 85.80391165691702, 91.17991199082023, 19.600322760529842, 64.27168557019839, 57.317785649467105, 0.0, 71.72791993405258, 60.282071751692285, 111.8795642946105, 96.8708518917248, 73.64373228127785, 93.11848462209534, 91.13125528140695, 58.91912923716268, 108.85445231810968, 59.83443898057298, 34.76498519852686, 49.609356920684554, 66.80592836152002, 30.87249529703376, 96.87879372426299, 67.14864428222552, 71.18826142832097, 78.9745582471703, 101.5846357961161, 94.79465364097257, 90.35483690820082, 101.31386180714026, 78.57829899048394, 49.67086970925469, 101.21120685217545, 63.13049587030024, 54.74786778801503, 49.50750049756662, 77.77091574680391, 63.18697819844385, 77.96574627575306, 21.777970823333117, 84.62627462940168, 115.13007948231926, 85.45026501285135, 12.137106388974006, 78.69049067506349, 73.90406222121771, 21.3291124612036, 95.77992029184217, 73.64625758212411, 27.15925449971515, 84.73251720046237, 24.26964529872415, 58.88363773511527, 72.42848237692326, 33.79699020358285, 13.721574503685748, 67.12374292009736, 80.96075158732599, 57.147091020723835, 47.15855507793794, 40.25672389811069, 94.28671324894621, 92.53491993694854, 95.18263403044075, 17.939299568387188, 109.23342212277204, 94.96688608696728, 42.415427079183836, 62.759195746894136, 23.666184478163387, 60.75091894528665, 49.1921063386983, 97.31067250808424, 97.49744172431467, 24.301382446697858, 132.74448323344237, 96.97680093665575, 77.81354618140452, 20.839057378931354, 82.72770105557296, 53.72465585030937, 69.12482708055664, 3.3286567205148594, 95.37269607862783, 57.44120246783713, 119.1679967398328, 2.4349457560546353, 104.00038879483282, 66.50199263889851, 65.33703802127175], [73.76373907230908, 15.502334008873028, 40.171991020701775, 44.11960373916865, 32.07417192266133, 51.22792325654895, 37.79587684568429, 56.12101101177552, 14.547005249839039, 27.213950435239603, 64.26940463300637, 25.111404039240234, 16.409770585679283, 71.72791993405258, 0.0, 44.17397481515528, 49.94177992463961, 61.36711375375804, 34.12539161311597, 32.700443620009416, 46.5067315591125, 20.232608089437978, 39.57881326656917, 16.923248365773517, 43.89244108871418, 37.5800635994997, 51.97587758364695, 40.9882208688825, 25.615147145480304, 31.37470187916207, 65.02450080408056, 49.588484357385404, 32.362363716283596, 29.335270273694633, 29.44979633843589, 31.24210875621216, 17.630638218951102, 23.43405478796404, 40.38530754008298, 48.95522491881112, 20.315947240244196, 34.15108611964697, 12.10924557621395, 33.64831955042651, 39.325897621674955, 61.18801007868152, 16.54551534645551, 43.62771633272053, 65.55674087150929, 64.0592387241987, 45.17913223202449, 19.768128204373216, 50.90289475988926, 77.11798580126357, 18.531392826640936, 50.453078418789175, 13.299862462424317, 47.75960427724591, 19.132342674079716, 3.293141748574607, 44.612781743084255, 61.868800528339776, 27.089909681567317, 53.15841959852579, 25.562569293858513, 40.981365037680185, 38.78137745401716, 43.223848909321646, 21.817404201826957, 63.775400329707075, 53.90139933804546, 41.51649012101859, 23.65801630951513, 31.056074287977957, 9.18865517269152, 63.46872752451389, 59.68071477781999, 38.04237433063484, 55.772209146948875, 38.55637677476748, 50.053321010151684, 62.43522092196758, 43.2482387740779, 39.63568259408187, 54.39315421286982, 18.81121495279851, 25.213346535481715, 20.508765780640342, 71.88795480286092, 54.18063842062859, 52.768474117550454, 49.54248220317503, 69.41724932853379, 32.810284739096666, 50.47662732917209, 7.674900648594746], [36.55676716559898, 48.17673788454427, 7.601471523685715, 74.42694884304107, 45.96820543257691, 82.80833338845095, 20.416061658355407, 71.91688165097898, 55.99058587324265, 71.31468207383813, 42.801160148093004, 60.67725025851292, 44.97342512963562, 60.282071751692285, 44.17397481515528, 0.0, 58.139736431033974, 36.63502689639525, 18.284379033543093, 42.26147483153179, 88.61364944413788, 51.98636730676516, 63.24702451977031, 49.24500185137875, 26.842549995962155, 61.59005824641599, 9.335288384457094, 42.60950362397626, 58.27744621233938, 14.985663776983259, 21.50509142435859, 18.693723571048572, 57.36572082333495, 73.12457654960959, 73.6069750218331, 58.65561219312357, 35.40128411756767, 30.470348828573464, 84.51647679905848, 5.258372841457117, 28.00658460484614, 16.207853469877204, 56.206320200077506, 11.023850001139815, 78.64105935874511, 39.68704614256688, 60.3540796210051, 79.73936147971672, 28.374614803539785, 48.33530433739099, 18.82970892508241, 29.240464419113685, 42.489696302729804, 40.41160287018582, 30.036607615963945, 33.467230570160034, 50.29161301779372, 46.49660550226716, 50.74192449844272, 47.24106326482774, 27.68908377734236, 58.970325237116796, 18.65286154026532, 20.870906616892725, 19.6122466807129, 13.956120409398336, 54.69391909810042, 37.45376198199011, 62.99454815593306, 35.33962885903552, 46.12403389421857, 61.3289754258965, 56.99881407338326, 29.736116175211453, 38.25189222473235, 39.48111776789543, 15.700901839414671, 13.42117187997104, 37.29901807135296, 44.356709175619876, 52.51349931413571, 86.0624028707878, 40.89359286835244, 19.67095766755248, 55.420982900992556, 62.96435648650442, 52.269865007158494, 25.393494745811793, 58.3667419700246, 35.40921637395735, 9.42385531848794, 72.58982638567237, 57.996728925948005, 63.61630112479313, 8.14856834027735, 37.358981892416466], [60.343208856162356, 35.69178158478994, 61.2062165728361, 31.78106499467717, 18.068261487478477, 38.11740517192004, 69.30424632000167, 14.96644414660032, 45.26188568478793, 60.35331348153538, 97.95802511337523, 74.42345036917304, 65.46053958324286, 111.8795642946105, 49.94177992463961, 58.139736431033974, 0.0, 39.406871864711505, 40.292665112073664, 18.997238420063013, 86.88155665464281, 70.15536821673545, 19.816419749164616, 66.77673965224291, 77.64570490712715, 87.3824144974337, 58.40552427096948, 84.35596935139418, 32.22554484195078, 45.88374107541769, 67.40437835574963, 45.17848614334656, 22.37936523359485, 58.794495023932036, 64.77213321311265, 25.19572248436769, 35.03789274564705, 63.97099691054777, 69.62688366493077, 59.06133338255346, 58.400180741437026, 62.865142643358126, 55.49268195600523, 50.40763762943315, 84.80041695678264, 94.61960024884708, 52.56705247506802, 43.1944330598299, 56.00687931658552, 101.30861163304668, 41.71848057324004, 38.39664767814806, 90.84633730445424, 61.59979307607727, 38.89599539674657, 85.49947491884028, 39.60803937017772, 90.79482899230663, 69.01686279162077, 51.949776943257255, 78.61418280505431, 105.51294001285262, 45.00047040056257, 46.58389172046938, 54.733244290768, 66.99151639075711, 87.15476901451335, 21.424210871145302, 46.048310498193146, 44.371531120924864, 94.53000916374273, 14.776046493453231, 33.313222706118204, 70.19500859719128, 55.260343613630134, 95.39449058208811, 69.96873355654463, 64.22868658126988, 31.565676106461616, 14.43296885493475, 94.94719527263, 31.809133434181582, 17.666236636748923, 38.711040398817275, 99.10662781660487, 58.33862105184377, 74.88793191264601, 42.92277156029626, 110.91540387062027, 31.91597403829916, 66.47869085462595, 21.831858077111963, 109.4450038169468, 29.524472177023217, 57.42579345210363, 51.95850061014409], [21.045841486762075, 55.06876790873338, 43.51065532448479, 68.20600108951984, 40.115978031557994, 75.77006795417245, 55.99904963817637, 54.10827344562555, 66.16154022375754, 83.70442543277166, 78.87562564345603, 84.9132264152988, 70.650829952946, 96.8708518917248, 61.36711375375804, 36.63502689639525, 39.406871864711505, 0.0, 29.291264593329974, 36.169022357996184, 107.3249615891499, 77.44704204904424, 55.06098279294979, 74.02263238959354, 63.24535574908422, 91.4386531602315, 30.76577941108303, 77.33604902013667, 59.71639697866159, 35.17711471659281, 33.502919743741785, 17.989989026703434, 52.98361519234572, 83.83018061743982, 87.4087808692104, 55.606221487794485, 44.40783546698339, 60.48174641206047, 95.92871990271843, 33.944891233328235, 55.73889887108494, 50.323546615978834, 72.20521857147031, 37.019306187920805, 100.65668462467316, 75.90803012684175, 73.04776271487225, 77.92073068553712, 18.400039162019496, 84.85899330836335, 19.52566340895317, 41.69173257556725, 78.84318319763916, 22.206838854775153, 42.91646618470263, 70.09312661362257, 59.04418131371147, 82.1118028771188, 76.0994414190377, 64.56627260654167, 64.1334045265867, 95.29468370473501, 38.171139290683, 15.976049670253248, 47.64509100486717, 50.296678405837284, 86.80459201777474, 22.338834048217787, 70.8480083975502, 5.0208428117932, 82.54275286534997, 50.77175891597253, 59.56768705335332, 62.97530148158802, 60.66824892236178, 75.28742239230655, 40.38391774205417, 48.98572635539076, 8.031907766514006, 32.91074758358952, 87.84204665120828, 71.19197958527224, 25.19683372418438, 23.29390220132295, 91.13869604439269, 77.82390170953582, 79.92496592100146, 42.436997345265624, 94.86659041778495, 8.454654991319499, 40.581156889176825, 60.56298072222266, 94.60424840851778, 61.30729376220647, 30.736788609214663, 58.059941940434655], [39.64828942914799, 33.02617544104823, 20.98366535831361, 56.810882644685954, 27.774102685008327, 65.19354177754234, 30.659805536202278, 53.73469476655038, 42.642261647166016, 59.53633762788301, 58.20753113255663, 56.153039948434824, 41.48105422368706, 73.64373228127785, 34.12539161311597, 18.284379033543093, 40.292665112073664, 29.291264593329974, 0.0, 23.99061222327332, 80.62206263949437, 48.37786687639598, 45.19691120423711, 45.01663858609567, 38.87969747611067, 62.162411739490416, 21.581019742499315, 49.84027533795138, 41.842217701125264, 6.679075742501481, 33.91183991356805, 15.470155024044844, 39.655137950700876, 60.5956972951813, 62.59611054276474, 41.20793699913061, 20.0660441032248, 31.53915483467196, 72.56491245669507, 20.52548501269381, 26.557485721612856, 24.225907195259005, 45.91264215860345, 10.507249858621215, 72.68000757895688, 54.906643378382455, 48.39678968927028, 63.079583803035476, 31.512063670819987, 62.36285213872373, 11.108442076891714, 14.916537364755024, 53.55571691875284, 42.99441669072191, 16.08945061302228, 46.58727417381839, 36.02938303766544, 55.3671613373466, 47.0303552622333, 37.4183831806382, 39.84896411282321, 69.49316729806046, 8.893148408627207, 19.034118053157933, 18.946463609722237, 27.113528723895133, 57.875027854511316, 20.717119487886904, 48.926328581218456, 30.634542416080592, 57.33734624431925, 43.092045912465956, 40.8331894063422, 35.07988241096435, 31.81800417240006, 55.40622771963405, 32.37217201566183, 24.6264930385688, 26.063785280373626, 26.219580628631025, 60.62663289902112, 67.79142944297648, 23.697846867173187, 6.013529895985867, 64.31118784929765, 52.23853996929854, 50.6563356099496, 13.818070812843109, 72.26337823961602, 24.122668201441638, 27.351534431057054, 54.36656700489844, 71.24003692296601, 46.46277975394832, 20.195896668236685, 29.50967258565878], [54.62213509905845, 20.929203738700863, 44.009982933053735, 34.191354020522624, 4.2729497287755605, 42.419953090761794, 50.90088061455241, 30.387632026299222, 32.026570442596146, 49.16648503581087, 79.84633728144452, 57.76961648304316, 47.29843521219554, 93.11848462209534, 32.700443620009416, 42.26147483153179, 18.997238420063013, 36.169022357996184, 23.99061222327332, 0.0, 74.53920514891455, 52.545806129365516, 21.69232700592992, 49.068636669873655, 59.192452740849426, 69.43248641703101, 44.70045122101664, 65.35873137199452, 23.566846103437953, 28.45619722497365, 55.78189930316598, 33.81445795994523, 17.480379261932995, 48.703427268070676, 53.24309235763916, 19.814444667070617, 16.332808480186582, 44.97547713881921, 60.619487025654244, 44.3056884475203, 39.402962467741666, 44.56093974428623, 40.5281053065594, 33.09905408558457, 70.28653255966366, 76.49789853809777, 39.40361712089047, 42.46654395090024, 48.1831641030638, 82.77571084787239, 29.333005778450588, 19.409882770625433, 71.99089658677724, 56.94773367552652, 19.89935706613643, 67.03633174166912, 25.177206321025764, 71.80483843953785, 51.33078104170252, 35.19578718698966, 60.1522228675357, 86.52752595046647, 26.816268044868394, 36.374