instance_id,num_cities,city_coordinates,distance_matrix,best_route,total_distance
956,41,"[[93.96965824404421, 98.92876379811368], [85.595433643756, 92.3819213477011], [20.070516712878394, 38.74890850347419], [15.789880126149413, 47.76686888668794], [47.82679521042935, 32.914867161670934], [60.16006866480892, 79.42986863743813], [80.78350858077937, 60.15884685442894], [40.51911185991061, 51.76521989390102], [91.86970167604026, 29.96724950235986], [87.20105484058203, 72.71874704725637], [99.03468766551458, 57.15445536951117], [62.97443703158107, 11.83272354164082], [3.5974622786498545, 80.60470396783806], [93.53994162737091, 78.36395232680272], [31.74649516019119, 91.97434399795961], [75.77574352158314, 96.50539161919328], [84.3394576593324, 87.30013589347034], [35.32429801318365, 6.586556101224749], [13.284739761806962, 94.23489482279787], [74.19470902082294, 35.906264777912064], [38.999855132554416, 57.323774210650456], [76.45966593044746, 15.197712176098966], [17.510496180412428, 41.91415947598778], [45.65040219986317, 32.6075714274063], [46.285721101444, 15.587704044789252], [33.04123988597618, 10.648930369617826], [18.198088698851212, 71.86147656349043], [78.18112530145642, 51.66417204898611], [26.26150870172944, 60.994979274448845], [32.70392246457998, 37.821645390539416], [14.543887487135276, 58.94138120714185], [19.784171025023202, 54.06150147109421], [97.17878865337353, 78.81492836972615], [1.4546751674246794, 62.27114824131772], [1.1582007355462332, 28.856648609484736], [64.73102888923098, 71.6197312335403], [97.00714933445447, 52.014019766562335], [17.20998417976123, 74.41633419457283], [32.34598645123814, 86.70820973493815], [65.97626748268405, 28.736090563892745], [29.25868808083525, 87.89184043660694]]","[[0.0, 10.629618230519691, 95.3031904100121, 93.43242048395746, 80.54190436081015, 39.02941531721109, 40.95095850846757, 71.28366420412894, 68.99347992057628, 27.069890471030362, 42.08024914052163, 92.44687104692439, 92.2111976512135, 20.569300601167946, 62.61058999016496, 18.3545979429066, 15.09853470527632, 109.39086615866417, 80.82133676475974, 66.0521309234781, 68.93949820450449, 85.54232190296631, 95.37645710279496, 82.05638952656582, 96.01817589512228, 107.26416528262705, 80.46097681226358, 49.831911519536135, 77.61034417352042, 86.53074771823265, 88.92380911097887, 86.69808384644443, 20.368232461957508, 99.51282767551652, 116.29302632514216, 40.00850792220418, 47.01297224884111, 80.5785751147506, 62.82371261584657, 75.5687852362622, 65.64543652647528], [10.629618230519691, 0.0, 84.67593994487109, 82.84514595314799, 70.4471474416928, 28.543185894739878, 32.58037987210507, 60.67611739842868, 62.72924119501667, 19.7286198959118, 37.70395082621824, 83.66530197715093, 82.83942393091175, 16.112686385968907, 53.85048091802681, 10.65032023816087, 5.234693790116104, 99.43858293119267, 72.33443136147787, 57.61489657125757, 58.311419271671326, 77.72299786522109, 84.74994806917208, 71.89282610558186, 86.27053559197397, 97.1711124550589, 70.45204581674206, 41.38728157475069, 67.12417434677117, 75.98904965413462, 78.52765077435309, 76.15495300367051, 17.83920995288898, 89.36624583161374, 105.66506791584453, 29.434536247360885, 41.94990742623682, 70.70595463006798, 53.550860215066095, 66.6010769959234, 56.51539371896335], [95.3031904100121, 84.67593994487109, 0.0, 9.982357389958315, 28.36277550613619, 57.11490780109603, 64.37742493874303, 24.23983097506632, 72.33422769468257, 75.23602248926841, 81.08085131321103, 50.64807391809893, 44.98076407029698, 83.4692044672195, 54.49105849843386, 80.24265471496804, 80.54637453947821, 35.59627446803981, 55.899386818263636, 54.198789805103964, 26.520661549936033, 61.10969643135075, 4.0709358685252655, 26.306777883449364, 34.98111394897648, 30.949126494237955, 33.16546622915048, 59.5285382231493, 23.091471294684336, 12.6673895403803, 20.93512800264669, 15.315270067646845, 86.89632644463313, 29.99742186805436, 21.343207384005936, 55.45315441708947, 78.0718170402705, 35.78194938517275, 49.505370738008686, 46.98504524666031, 49.99450221845859], [93.43242048395746, 82.84514595314799, 9.982357389958315, 0.0, 35.31212091275843, 54.50925778408837, 66.16443801356937, 25.050383488460685, 78.13427991150994, 75.64490794386012, 83.77245825591149, 59.30973960523591, 35.02825239410096, 83.55389624957697, 46.99908955563195, 77.29002138337506, 79.13231817789375, 45.578631432875056, 46.53550432351672, 59.59696274174719, 25.100545395850027, 68.85907985428143, 6.100387450997339, 33.488133390407555, 44.33390312968783, 40.931049013187625, 24.214656463156025, 62.51285025068149, 16.87121541133573, 19.62122061989433, 11.243763749583755, 7.454982170166148, 87.10991004997729, 20.392945368577486, 23.90988232346092, 54.444421976800975, 81.32824299252206, 26.687275932909394, 42.31468638318431, 53.67349438476603, 42.32519497417605], [80.54190436081015, 70.4471474416928, 28.36277550613619, 35.31212091275843, 0.0, 48.12229209411298, 42.75955315101899, 20.217270688224538, 44.141432462076196, 55.98822354181979, 56.65514880553437, 25.959734828335225, 65.04271232189697, 64.46170256581917, 61.209458859573395, 69.46148942027008, 65.50520570258193, 29.146052896794608, 70.37968021366022, 26.537055948443076, 25.9559167525271, 33.671038986821415, 31.62380826269865, 2.1979802557663164, 17.395559522142708, 26.727973875327134, 48.93565809761965, 35.67802950041568, 35.40556846695857, 15.898985900819318, 42.25081513860298, 35.12219972923683, 67.39758805547585, 54.88319192712887, 46.84470992629157, 42.235288788990374, 52.75874204328079, 51.57286964645931, 55.97659461813959, 18.62432596405789, 58.027943207123165], [39.02941531721109, 28.543185894739878, 57.11490780109603, 54.50925778408837, 48.12229209411298, 0.0, 28.22584904885694, 33.92786427577148, 58.75416170288522, 27.861336765427396, 44.80435289909857, 67.65570703500306, 56.574806046942115, 33.39688752830203, 31.059539941426127, 23.13920453111858, 25.428015235756327, 76.96079316839577, 49.1577589004401, 45.73046274469142, 30.60120990315023, 66.26799223377729, 56.80153578019101, 49.01895487409463, 65.33237712026038, 73.93408106778196, 42.63904690830261, 33.10124452861604, 38.58701223723017, 49.85061891222724, 50.00614064708209, 47.68403467519176, 37.02382720795632, 61.16162940369527, 77.71017309939506, 9.049415651908829, 45.92750943809242, 43.241707700812775, 28.750607272105263, 51.026339316660014, 32.03904319304047], [40.95095850846757, 32.58037987210507, 64.37742493874303, 66.16443801356937, 42.75955315101899, 28.22584904885694, 0.0, 41.12997224467831, 32.16265268933635, 14.104467123946717, 18.496807999698827, 51.50317683296116, 79.84809839223739, 22.229540016213257, 58.4538667985357, 36.689903614279565, 27.37324139648155, 70.26044521617304, 75.61257062962258, 25.131653686525873, 41.87972459767211, 45.168564808146776, 65.8509127936283, 44.64759726601685, 56.36208044711163, 68.77903787099494, 63.67013682963668, 8.884362598561857, 54.52841083540697, 53.01506550352853, 66.25080848738273, 61.30331804205021, 24.836557453967274, 79.35695072186702, 85.55709943899416, 19.723944204923423, 18.15336683911701, 65.15265881006862, 55.236421131448736, 34.736781685002924, 58.514323550568264], [71.28366420412894, 60.67611739842868, 24.23983097506632, 25.050383488460685, 20.217270688224538, 33.92786427577148, 41.12997224467831, 0.0, 55.78561272994054, 51.16887824270783, 58.7632237957803, 45.81316288457643, 46.85001653630744, 59.3186391977016, 41.15498104696176, 56.9623826936294, 56.417665328134156, 45.476342783845574, 50.45180187212481, 37.2230076903385, 5.762435864794579, 51.272858781120206, 25.02877917206963, 19.832943183468206, 36.63422491547039, 41.79076253794891, 30.034773298404748, 37.66214899787503, 16.98433707976229, 15.984381602542028, 26.94827587081734, 20.861703681819424, 62.78539402573505, 40.452499855290704, 45.54211197159497, 31.311635964455114, 56.488585387687905, 32.5021293498073, 35.88610480362436, 34.32794153601921, 37.840849032771814], [68.99347992057628, 62.72924119501667, 72.33422769468257, 78.13427991150994, 44.141432462076196, 58.75416170288522, 32.16265268933635, 55.78561272994054, 0.0, 43.00566015776907, 28.11549727627505, 34.11447421100502, 101.76512193759501, 48.4255154414742, 86.36943747375962, 68.45684659285249, 57.82529236317916, 61.18855693112301, 101.51810909436362, 18.646105968947747, 59.52814559220753, 21.344986168003526, 75.3128149776582, 46.2946535135152, 47.798228132343034, 61.91918418955063, 84.75041486453205, 25.65411411756628, 72.57516793066472, 59.68484702558529, 82.57591566566558, 76.00563602241337, 49.135345071162696, 96.01259757079016, 90.71829935145668, 49.71354739903222, 22.637434649833185, 86.8895537254031, 82.23508522691742, 25.92268671757301, 85.29593928387685], [27.069890471030362, 19.7286198959118, 75.23602248926841, 75.64490794386012, 55.98822354181979, 27.861336765427396, 14.104467123946717, 51.16887824270783, 43.00566015776907, 0.0, 19.552034197628895, 65.52890101924321, 83.9746926509102, 8.488217029738609, 58.702522971964, 26.388296624217705, 14.859530245341842, 84.05155904711948, 76.98419480597099, 39.04259062119154, 50.60000831949532, 58.515356004793034, 76.19512177168886, 57.752602923817484, 70.271051006334, 82.3768638533466, 69.00829116156396, 22.905332506832945, 62.057030338230526, 64.71278962652381, 73.951874738367, 69.95090446798942, 11.69267286617359, 86.38051833523056, 96.57772218221574, 22.496886495984008, 22.909500670915357, 70.01165456101396, 56.610808104898446, 48.836110304994136, 59.89608191462078], [42.08024914052163, 37.70395082621824, 81.08085131321103, 83.77245825591149, 56.65514880553437, 44.80435289909857, 18.496807999698827, 58.7632237957803, 28.11549727627505, 19.552034197628895, 0.0, 57.917191330895, 98.27603038822106, 21.90970093828428, 75.76361590322239, 45.710771886034344, 33.53672373961429, 81.33957330881076, 93.4238329096887, 32.68807339819307, 60.03507130111979, 47.64451600905076, 82.93648422872619, 58.75739481925085, 67.15838212217972, 80.73350608852788, 82.1635698159307, 21.564189625657132, 72.8744481993483, 69.0907226320911, 84.5096942293132, 79.31084888968554, 21.73983559588959, 97.71406953490258, 101.88509489213848, 37.22882231903344, 5.5258474347363205, 83.62568122952763, 72.94386380456571, 43.59429553519347, 76.24616028892271], [92.44687104692439, 83.66530197715093, 50.64807391809893, 59.30973960523591, 25.959734828335225, 67.65570703500306, 51.50317683296116, 45.81316288457643, 34.11447421100502, 65.52890101924321, 57.917191330895, 0.0, 90.8581885277903, 73.21649045712861, 86.01083468312326, 85.63488872663022, 78.43337576252415, 28.14342659573608, 96.22465300852448, 26.55993018001022, 51.42194345027752, 13.898724652458357, 54.514793456370924, 27.050258548251794, 17.105938091079242, 29.9565962290741, 74.88906835695165, 42.63552108665336, 61.357693040814674, 39.89646740024966, 67.56288741774131, 60.4042114685087, 75.21006204956086, 79.55322611941949, 64.11755683525986, 59.8128071879728, 52.65702301692569, 77.53124187825335, 80.89771577513898, 17.167842110938782, 83.19700108869212], [92.2111976512135, 82.83942393091175, 44.98076407029698, 35.02825239410096, 65.04271232189697, 56.574806046942115, 79.84809839223739, 46.85001653630744, 101.76512193759501, 83.9746926509102, 98.27603038822106, 90.8581885277903, 0.0, 89.97038712438619, 30.358471084371786, 73.90897206002755, 81.0191250676341, 80.53122574088839, 16.722004897090322, 83.55789438222328, 42.371347749880414, 97.9131007385664, 41.11606432317472, 63.81359171932693, 77.77851708740397, 75.89958036455234, 17.018293607363148, 80.00173234152902, 29.96999003700244, 51.74530051882686, 24.271872154390227, 31.089405572044452, 93.59843985208381, 18.458353181729393, 51.80551351204681, 61.79031236016236, 97.68724000073105, 14.953149265586152, 29.389290987550503, 81.12624972923857, 26.67584801998255], [20.569300601167946, 16.112686385968907, 83.4692044672195, 83.55389624957697, 64.46170256581917, 33.39688752830203, 22.229540016213257, 59.3186391977016, 48.4255154414742, 8.488217029738609, 21.90970093828428, 73.21649045712861, 89.97038712438619, 0.0, 63.27458247775723, 25.390520946628207, 12.825922266383582, 92.41783253429868, 81.80943858867144, 46.65718869156897, 58.45776364197896, 65.43477449078046, 84.31526536659513, 66.23484264033144, 78.57365147349289, 90.80427914507261, 75.62193460732908, 30.802134760708746, 69.48430586703326, 73.10745433462752, 81.34871135196502, 77.65644090956181, 3.6666861155461623, 93.48087848503083, 104.81106416577879, 29.58780105564735, 26.57706671574717, 76.43197035842928, 61.760236251100665, 56.768660328679424, 64.98353798730068], [62.61058999016496, 53.85048091802681, 54.49105849843386, 46.99908955563195, 61.209458859573395, 31.059539941426127, 58.4538667985357, 41.15498104696176, 86.36943747375962, 58.702522971964, 75.76361590322239, 86.01083468312326, 30.358471084371786, 63.27458247775723, 0.0, 44.26177926625886, 52.800264448581565, 85.46271113855833, 18.59963715832774, 70.32410943185457, 35.40159908074582, 88.84772835722725, 52.04503570299601, 60.97320982539496, 77.75800829693415, 81.33571949473261, 24.250500078930532, 61.49052641596027, 31.461184261273633, 54.16116167060376, 37.24387656370685, 39.7552616288928, 66.74245464061498, 42.42492423837145, 70.13905635921449, 38.75938242686053, 76.52307165771107, 22.794601548173357, 5.300147156844767, 71.90795512765585, 4.780796941154346], [18.3545979429066, 10.65032023816087, 80.24265471496804, 77.29002138337506, 69.46148942027008, 23.13920453111858, 36.689903614279565, 56.9623826936294, 68.45684659285249, 26.388296624217705, 45.710771886034344, 85.63488872663022, 73.90897206002755, 25.390520946628207, 44.26177926625886, 0.0, 12.57274563526366, 98.59876482302651, 62.53223733888627, 60.619747970593565, 53.736999446858995, 81.31055581092978, 79.84385808965617, 70.64324182122498, 86.1239431559492, 95.90396101976995, 62.629936006340955, 44.9056882148629, 60.931509374784, 72.79398217294852, 71.83588985778665, 70.26051523822913, 27.767658001606897, 81.82667426309779, 100.71807247073207, 27.226491036124198, 49.297614162552605, 62.59292791675734, 44.521102547694824, 68.47414034627171, 47.30781870740446], [15.09853470527632, 5.234693790116104, 80.54637453947821, 79.13231817789375, 65.50520570258193, 25.428015235756327, 27.37324139648155, 56.417665328134156, 57.82529236317916, 14.859530245341842, 33.53672373961429, 78.43337576252415, 81.0191250676341, 12.825922266383582, 52.800264448581565, 12.57274563526366, 0.0, 94.43075684339634, 71.39232323509867, 52.38555061446959, 54.353121502131266, 72.53172149901009, 80.78364282278469, 66.99342967948765, 81.18349430560933, 92.23293584713954, 67.91931161218936, 36.164167024216795, 63.75742638997581, 71.51468043204235, 75.33684744546622, 72.60986056109864, 15.389839735863086, 86.58139171682596, 101.66003496622609, 25.107082051311664, 37.49107098627077, 68.35465277405017, 51.99684052751745, 61.37551758501572, 55.08394767648616], [109.39086615866417, 99.43858293119267, 35.59627446803981, 45.578631432875056, 29.146052896794608, 76.96079316839577, 70.26044521617304, 45.476342783845574, 61.18855693112301, 84.05155904711948, 81.33957330881076, 28.14342659573608, 80.53122574088839, 92.41783253429868, 85.46271113855833, 98.59876482302651, 94.43075684339634, 0.0, 90.37684110748417, 48.688337092045145, 50.870178116664704, 42.02702110112612, 39.564770894595256, 27.99502931378239, 14.183563036902346, 4.659961277597729, 67.48423732126962, 62.19886739122113, 55.15805165431822, 31.344810909099127, 56.32808512192003, 49.95363835277909, 95.0942467918778, 65.1761087632766, 40.78332040812077, 71.37275172365644, 76.6056695172594, 70.20688827920351, 80.17698997069395, 37.817259409852824, 81.53122643937566], [80.82133676475974, 72.33443136147787, 55.899386818263636, 46.53550432351672, 70.37968021366022, 49.1577589004401, 75.61257062962258, 50.45180187212481, 101.51810909436362, 76.98419480597099, 93.4238329096887, 96.22465300852448, 16.722004897090322, 81.80943858867144, 18.59963715832774, 62.53223733888627, 71.39232323509867, 90.37684110748417, 0.0, 84.3341771647025, 44.985530822424955, 101.18274327740289, 52.491107480604065, 69.60936067752944, 85.29035928316608, 85.88907235920396, 22.90656766918749, 77.613190203699, 35.68316855019341, 59.662042944822865, 35.31596744155108, 40.69575088551605, 85.2993951023946, 34.08271591044853, 66.49336829101094, 56.19756479734143, 93.76590081241896, 20.203536549706165, 20.493465147874847, 84.06241998007388, 17.187244219046946], [66.0521309234781, 57.61489657125757, 54.198789805103964, 59.59696274174719, 26.537055948443076, 45.73046274469142, 25.131653686525873, 37.2230076903385, 18.646105968947747, 39.04259062119154, 32.68807339819307, 26.55993018001022, 83.55789438222328, 46.65718869156897, 70.32410943185457, 60.619747970593565, 52.38555061446959, 48.688337092045145, 84.3341771647025, 0.0, 41.199362258632206, 20.832046962901074, 57.00170860632272, 28.734279697075433, 34.52181219098499, 48.28603279671243, 66.54621508417176, 16.254327310789208, 54.10208210336346, 41.534973840691656, 63.944015345863505, 57.35956122895149, 48.676702104712255, 77.37066372361352, 73.37594040710788, 36.94608136068523, 27.92610255365737, 68.77706239501326, 65.81909443408337, 10.906611736703304, 68.71496237709006], [68.93949820450449, 58.311419271671326, 26.520661549936033, 25.100545395850027, 25.9559167525271, 30.60120990315023, 41.87972459767211, 5.762435864794579, 59.52814559220753, 50.60000831949532, 60.03507130111979, 51.42194345027752, 42.371347749880414, 58.45776364197896, 35.40159908074582, 53.736999446858995, 54.353121502131266, 50.870178116664704, 44.985530822424955, 41.199362258632206, 0.0, 56.37235605820307, 26.443312471109554, 25.595320984838917, 42.36724437352886, 47.053651752457384, 25.37830326208019, 39.587915184773316, 13.256817733233353, 20.49321342971554, 24.50940647728716, 19.49063721758936, 62.0214318821248, 37.86973789734093, 47.35364872420238, 29.43582324475731, 58.249804058745994, 27.693935851434418, 30.128375653347497, 39.30626514401139, 32.082658997096246], [85.54232190296631, 77.72299786522109, 61.10969643135075, 68.85907985428143, 33.671038986821415, 66.26799223377729, 45.168564808146776, 51.272858781120206, 21.344986168003526, 58.515356004793034, 47.64451600905076, 13.898724652458357, 97.9131007385664, 65.43477449078046, 88.84772835722725, 81.31055581092978, 72.53172149901009, 42.02702110112612, 101.18274327740289, 20.832046962901074, 56.37235605820307, 0.0, 64.72073215397197, 35.388047851937635, 30.17646500505633, 43.65605497639698, 81.27234201167742, 36.50706942534449, 67.95031024827404, 49.25857732763164, 75.8094466444568, 68.72049069339187, 66.90614502894611, 88.55313107026407, 76.53023719413258, 57.62816291851467, 42.16206326585019, 83.76974382988453, 84.02242544884764, 17.122772333522686, 86.67392106922802], [95.37645710279496, 84.74994806917208, 4.0709358685252655, 6.100387450997339, 31.62380826269865, 56.80153578019101, 65.8509127936283, 25.02877917206963, 75.3128149776582, 76.19512177168886, 82.93648422872619, 54.514793456370924, 41.11606432317472, 84.31526536659513, 52.04503570299601, 79.84385808965617, 80.78364282278469, 39.564770894595256, 52.491107480604065, 57.00170860632272, 26.443312471109554, 64.72073215397197, 0.0, 29.63894215199861, 39.001228504072, 34.91014968632634, 29.95520963389909, 61.449068203813276, 20.991853284776713, 15.734957063558412, 17.283722024521023, 12.35829740882991, 87.79922306322739, 25.926750278291113, 20.92596846850909, 55.78709261780636, 80.13566646995073, 32.50356394151208, 47.186848911292394, 50.225416754627545, 47.454896053469994], [82.05638952656582, 71.89282610558186, 26.306777883449364, 33.488133390407555, 2.1979802557663164, 49.01895487409463, 44.64759726601685, 19.832943183468206, 46.2946535135152, 57.752602923817484, 58.75739481925085, 27.050258548251794, 63.81359171932693, 66.23484264033144, 60.97320982539496, 70.64324182122498, 66.99342967948765, 27.99502931378239, 69.60936067752944, 28.734279697075433, 25.595320984838917, 35.388047851937635, 29.63894215199861, 0.0, 17.031720871027023, 25.321391971270884, 47.90092467782365, 37.70148502065838, 34.376941623074984, 13.957002000040017, 40.756408024854856, 33.605550575905134, 69.21195305796005, 53.22771906930296, 44.650032621795155, 43.42831941945662, 54.90105384586605, 50.56510675633296, 55.71253488843103, 20.691282308545663, 57.66314847145967], [96.01817589512228, 86.27053559197397, 34.98111394897648, 44.33390312968783, 17.395559522142708, 65.33237712026038, 56.36208044711163, 36.63422491547039, 47.798228132343034, 70.271051006334, 67.15838212217972, 17.105938091079242, 77.77851708740397, 78.57365147349289, 77.75800829693415, 86.1239431559492, 81.18349430560933, 14.183563036902346, 85.29035928316608, 34.52181219098499, 42.36724437352886, 30.17646500505633, 39.001228504072, 17.031720871027023, 0.0, 14.135337565174948, 62.89397878549033, 48.15421427808795, 49.62650225445009, 26.054047708150453, 53.73160452374331, 46.717932797303746, 81.16517862163032, 64.7237718430295, 47.03783566699769, 58.989977540825805, 62.44629499865244, 65.62169003339469, 72.47373684129067, 23.67694416193754, 74.2819493070253], [107.26416528262705, 97.1711124550589, 30.949126494237955, 40.931049013187625, 26.727973875327134, 73.93408106778196, 68.77903787099494, 41.79076253794891, 61.91918418955063, 82.3768638533466, 80.73350608852788, 29.9565962290741, 75.89958036455234, 90.80427914507261, 81.33571949473261, 95.90396101976995, 92.23293584713954, 4.659961277597729, 85.88907235920396, 48.28603279671243, 47.053651752457384, 43.65605497639698, 34.91014968632634, 25.321391971270884, 14.135337565174948, 0.0, 62.98646639319304, 60.990649327086814, 50.80048617147561, 27.17480864055891, 51.71375884289964, 45.391642451279424, 93.59609204043214, 60.51912465256329, 36.71578936874749, 68.71449108491527, 76.1755091377021, 65.703199677112, 76.06245693448481, 37.57474426645206, 77.3354695710548], [80.46097681226358, 70.45204581674206, 33.16546622915048, 24.214656463156025, 48.93565809761965, 42.63904690830261, 63.67013682963668, 30.034773298404748, 84.75041486453205, 69.00829116156396, 82.1635698159307, 74.88906835695165, 17.018293607363148, 75.62193460732908, 24.250500078930532, 62.629936006340955, 67.91931161218936, 67.48423732126962, 22.90656766918749, 66.54621508417176, 25.37830326208019, 81.27234201167742, 29.95520963389909, 47.90092467782365, 62.89397878549033, 62.98646639319304, 0.0, 63.292146351037054, 13.531426586859377, 37.00174751983971, 13.426915152515347, 17.870500005185107, 79.28619966506103, 19.295499320085632, 46.25768054232308, 46.533568137055795, 81.26985652486485, 2.7392787473614315, 20.50825435467781, 64.36266996881182, 19.475867749429415], [49.831911519536135, 41.38728157475069, 59.5285382231493, 62.51285025068149, 35.67802950041568, 33.10124452861604, 8.884362598561857, 37.66214899787503, 25.65411411756628, 22.905332506832945, 21.564189625657132, 42.63552108665336, 80.00173234152902, 30.802134760708746, 61.49052641596027, 44.9056882148629, 36.164167024216795, 62.19886739122113, 77.613190203699, 16.254327310789208, 39.587915184773316, 36.50706942534449, 61.449068203813276, 37.70148502065838, 48.15421427808795, 60.990649327086814, 63.292146351037054, 0.0, 52.75140331158398, 47.537264563247746, 64.05197740716527, 58.44614150756179, 33.13721143399033, 77.45615594718568, 80.3287870823984, 24.06510826625147, 18.82927439697328, 65.07796041657068, 57.69700625468548, 25.974130879849092, 60.875683326013196], [77.61034417352042, 67.12417434677117, 23.091471294684336, 16.87121541133573, 35.40556846695857, 38.58701223723017, 54.52841083540697, 16.98433707976229, 72.57516793066472, 62.057030338230526, 72.8744481993483, 61.357693040814674, 29.96999003700244, 69.48430586703326, 31.461184261273633, 60.931509374784, 63.75742638997581, 55.15805165431822, 35.68316855019341, 54.10208210336346, 13.256817733233353, 67.95031024827404, 20.991853284776713, 34.376941623074984, 49.62650225445009, 50.80048617147561, 13.531426586859377, 52.75140331158398, 0.0, 24.052195292465736, 11.896214185645542, 9.48836223105387, 73.12189262798205, 24.839637622773534, 40.78049005070451, 39.909764941036755, 71.3134160044025, 16.188355817183165, 26.423305815103863, 51.165398130664975, 27.063337277707376], [86.53074771823265, 75.98904965413462, 12.6673895403803, 19.62122061989433, 15.898985900819318, 49.85061891222724, 53.01506550352853, 15.984381602542028, 59.68484702558529, 64.71278962652381, 69.0907226320911, 39.89646740024966, 51.74530051882686, 73.10745433462752, 54.16116167060376, 72.79398217294852, 71.51468043204235, 31.344810909099127, 59.662042944822865, 41.534973840691656, 20.49321342971554, 49.25857732763164, 15.734957063558412, 13.957002000040017, 26.054047708150453, 27.17480864055891, 37.00174751983971, 47.537264563247746, 24.052195292465736, 0.0, 27.853727063807725, 20.752178265836623, 76.40325660254616, 39.67736944769631, 32.794873481840916, 46.56228251049103, 65.85080467471708, 39.73956935143888, 48.88787468880893, 34.49052405388699, 50.188585075793696], [88.92380911097887, 78.52765077435309, 20.93512800264669, 11.243763749583755, 42.25081513860298, 50.00614064708209, 66.25080848738273, 26.94827587081734, 82.57591566566558, 73.951874738367, 84.5096942293132, 67.56288741774131, 24.271872154390227, 81.34871135196502, 37.24387656370685, 71.83588985778665, 75.33684744546622, 56.32808512192003, 35.31596744155108, 63.944015345863505, 24.50940647728716, 75.8094466444568, 17.283722024521023, 40.756408024854856, 53.73160452374331, 51.71375884289964, 13.426915152515347, 64.05197740716527, 11.896214185645542, 27.853727063807725, 0.0, 7.160572448886164, 84.99108640073632, 13.506103348203286, 32.928221107193124, 51.76378774303351, 82.75371829125237, 15.70293735380836, 32.98350336182854, 59.646033353859146, 32.475443739990276], [86.69808384644443, 76.15495300367051, 15.315270067646845, 7.454982170166148, 35.12219972923683, 47.68403467519176, 61.30331804205021, 20.861703681819424, 76.00563602241337, 69.95090446798942, 79.31084888968554, 60.4042114685087, 31.089405572044452, 77.65644090956181, 39.7552616288928, 70.26051523822913, 72.60986056109864, 49.95363835277909, 40.69575088551605, 57.35956122895149, 19.49063721758936, 68.72049069339187, 12.35829740882991, 33.605550575905134, 46.717932797303746, 45.391642451279424, 17.870500005185107, 58.44614150756179, 9.48836223105387, 20.752178265836623, 7.160572448886164, 0.0, 81.25674729562137, 20.084041388265526, 31.340251706070614, 48.25465225505356, 77.25011689511729, 20.516960133390025, 34.98009101284369, 52.679087053331166, 35.13201258058471], [20.368232461957508, 17.83920995288898, 86.89632644463313, 87.10991004997729, 67.39758805547585, 37.02382720795632, 24.836557453967274, 62.78539402573505, 49.135345071162696, 11.69267286617359, 21.73983559588959, 75.21006204956086, 93.59843985208381, 3.6666861155461623, 66.74245464061498, 27.767658001606897, 15.389839735863086, 95.0942467918778, 85.2993951023946, 48.676702104712255, 62.0214318821248, 66.90614502894611, 87.79922306322739, 69.21195305796005, 81.16517862163032, 93.59609204043214, 79.28619966506103, 33.13721143399033, 73.12189262798205, 76.40325660254616, 84.99108640073632, 81.25674729562137, 0.0, 97.14320647172366, 108.23947071511273, 33.235944029620775, 26.801458206801716, 80.08968297887392, 65.3115313868203, 59.00412971470975, 68.52394030157345], [99.51282767551652, 89.36624583161374, 29.99742186805436, 20.392945368577486, 54.88319192712887, 61.16162940369527, 79.35695072186702, 40.452499855290704, 96.01259757079016, 86.38051833523056, 97.71406953490258, 79.55322611941949, 18.458353181729393, 93.48087848503083, 42.42492423837145, 81.82667426309779, 86.58139171682596, 65.1761087632766, 34.08271591044853, 77.37066372361352, 37.86973789734093, 88.55313107026407, 25.926750278291113, 53.22771906930296, 64.7237718430295, 60.51912465256329, 19.295499320085632, 77.45615594718568, 24.839637622773534, 39.67736944769631, 13.506103348203286, 20.084041388265526, 97.14320647172366, 0.0, 33.415814859651775, 63.96321555620561, 96.10142560851286, 19.893096890965936, 39.388362333009574, 72.71613279269434, 37.808504369451796], [116.29302632514216, 105.66506791584453, 21.343207384005936, 23.90988232346092, 46.84470992629157, 77.71017309939506, 85.55709943899416, 45.54211197159497, 90.71829935145668, 96.57772218221574, 101.88509489213848, 64.11755683525986, 51.80551351204681, 104.81106416577879, 70.13905635921449, 100.71807247073207, 101.66003496622609, 40.78332040812077, 66.49336829101094, 73.37594040710788, 47.35364872420238, 76.53023719413258, 20.92596846850909, 44.650032621795155, 47.03783566699769, 36.71578936874749, 46.25768054232308, 80.3287870823984, 40.78049005070451, 32.794873481840916, 32.928221107193124, 31.340251706070614, 108.23947071511273, 33.415814859651775, 0.0, 76.61713721465803, 98.60671775504346, 48.30470683434543, 65.7227593950527, 64.81817886271389, 65.38188788271462], [40.00850792220418, 29.434536247360885, 55.45315441708947, 54.444421976800975, 42.235288788990374, 9.049415651908829, 19.723944204923423, 31.311635964455114, 49.71354739903222, 22.496886495984008, 37.22882231903344, 59.8128071879728, 61.79031236016236, 29.58780105564735, 38.75938242686053, 27.226491036124198, 25.107082051311664, 71.37275172365644, 56.19756479734143, 36.94608136068523, 29.43582324475731, 57.62816291851467, 55.78709261780636, 43.42831941945662, 58.989977540825805, 68.71449108491527, 46.533568137055795, 24.06510826625147, 39.909764941036755, 46.56228251049103, 51.76378774303351, 48.25465225505356, 33.235944029620775, 63.96321555620561, 76.61713721465803, 0.0, 37.7641612262336, 47.60326331672104, 35.72748461895607, 42.90171623884149, 39.02651022501888], [47.01297224884111, 41.94990742623682, 78.0718170402705, 81.32824299252206, 52.75874204328079, 45.92750943809242, 18.15336683911701, 56.488585387687905, 22.637434649833185, 22.909500670915357, 5.5258474347363205, 52.65702301692569, 97.68724000073105, 26.57706671574717, 76.52307165771107, 49.297614162552605, 37.49107098627077, 76.6056695172594, 93.76590081241896, 27.92610255365737, 58.249804058745994, 42.16206326585019, 80.13566646995073, 54.90105384586605, 62.44629499865244, 76.1755091377021, 81.26985652486485, 18.82927439697328, 71.3134160044025, 65.85080467471708, 82.75371829125237, 77.25011689511729, 26.801458206801716, 96.10142560851286, 98.60671775504346, 37.7641612262336, 0.0, 82.8821528343517, 73.3808749128244, 38.79146319054016, 76.66206374906055], [80.5785751147506, 70.70595463006798, 35.78194938517275, 26.687275932909394, 51.57286964645931, 43.241707700812775, 65.15265881006862, 32.5021293498073, 86.8895537254031, 70.01165456101396, 83.62568122952763, 77.53124187825335, 14.953149265586152, 76.43197035842928, 22.794601548173357, 62.59292791675734, 68.35465277405017, 70.20688827920351, 20.203536549706165, 68.77706239501326, 27.693935851434418, 83.76974382988453, 32.50356394151208, 50.56510675633296, 65.62169003339469, 65.703199677112, 2.7392787473614315, 65.07796041657068, 16.188355817183165, 39.73956935143888, 15.70293735380836, 20.516960133390025, 80.08968297887392, 19.893096890965936, 48.30470683434543, 47.60326331672104, 82.8821528343517, 0.0, 19.498429912738757, 66.81942116884295, 18.076518862182972], [62.82371261584657, 53.550860215066095, 49.505370738008686, 42.31468638318431, 55.97659461813959, 28.750607272105263, 55.236421131448736, 35.88610480362436, 82.23508522691742, 56.610808104898446, 72.94386380456571, 80.89771577513898, 29.389290987550503, 61.760236251100665, 5.300147156844767, 44.521102547694824, 51.99684052751745, 80.17698997069395, 20.493465147874847, 65.81909443408337, 30.128375653347497, 84.02242544884764, 47.186848911292394, 55.71253488843103, 72.47373684129067, 76.06245693448481, 20.50825435467781, 57.69700625468548, 26.423305815103863, 48.88787468880893, 32.98350336182854, 34.98009101284369, 65.3115313868203, 39.388362333009574, 65.7227593950527, 35.72748461895607, 73.3808749128244, 19.498429912738757, 0.0, 67.02061178052556, 3.306416922565165], [75.5687852362622, 66.6010769959234, 46.98504524666031, 53.67349438476603, 18.62432596405789, 51.026339316660014, 34.736781685002924, 34.32794153601921, 25.92268671757301, 48.836110304994136, 43.59429553519347, 17.167842110938782, 81.12624972923857, 56.768660328679424, 71.90795512765585, 68.47414034627171, 61.37551758501572, 37.817259409852824, 84.06241998007388, 10.906611736703304, 39.30626514401139, 17.122772333522686, 50.225416754627545, 20.691282308545663, 23.67694416193754, 37.57474426645206, 64.36266996881182, 25.974130879849092, 51.165398130664975, 34.49052405388699, 59.646033353859146, 52.679087053331166, 59.00412971470975, 72.71613279269434, 64.81817886271389, 42.90171623884149, 38.79146319054016, 66.81942116884295, 67.02061178052556, 0.0, 69.62458890459747], [65.64543652647528, 56.51539371896335, 49.99450221845859, 42.32519497417605, 58.027943207123165, 32.03904319304047, 58.514323550568264, 37.840849032771814, 85.29593928387685, 59.89608191462078, 76.24616028892271, 83.19700108869212, 26.67584801998255, 64.98353798730068, 4.780796941154346, 47.30781870740446, 55.08394767648616, 81.53122643937566, 17.187244219046946, 68.71496237709006, 32.082658997096246, 86.67392106922802, 47.454896053469994, 57.66314847145967, 74.2819493070253, 77.3354695710548, 19.475867749429415, 60.875683326013196, 27.063337277707376, 50.188585075793696, 32.475443739990276, 35.13201258058471, 68.52394030157345, 37.808504369451796, 65.38188788271462, 39.02651022501888, 76.66206374906055, 18.076518862182972, 3.306416922565165, 69.62458890459747, 0.0]]",Route_1,2293.2950335096793
