instance_id,num_cities,city_coordinates,distance_matrix,best_route,total_distance
1625,21,"[[63.76020116143886, 29.28243706571323], [81.99145376746361, 80.54357001261843], [72.94533246527668, 52.644870331214236], [82.31611582264208, 26.42010760324377], [64.69981230598175, 96.8210158107768], [33.95501469705157, 55.998693142236014], [39.03059243313931, 85.95815840571153], [88.40386117216067, 77.1910455619459], [45.32799505759763, 54.42064994156337], [69.2790361468881, 10.943306727937118], [80.47488511795325, 22.86256674933609], [2.287850320996776, 89.11129501793273], [51.829332159200725, 81.83495466044978], [43.38249138621288, 40.55923440399189], [83.4926614532047, 93.40028751889527], [26.629055009055115, 57.26586564975163], [65.72879276989562, 72.32122249058745], [83.01500902745931, 16.341226204853886], [99.67290361828057, 40.743948531482424], [58.80902261529467, 18.445856576285923], [81.5564350992541, 99.9349789219594]]","[[0.0, 54.40663858928407, 25.10318555788746, 18.775380125727875, 67.54511446437931, 40.02633481750779, 61.83600033365619, 53.87527027096335, 31.171717444600954, 19.1515336498819, 17.905177872483144, 85.78077967538684, 53.8898203809742, 23.289852165523705, 67.08553298515808, 46.495099633269525, 43.08378353591119, 23.19962423192641, 37.69732673325263, 11.914094413745216, 72.8593687394975], [54.40663858928407, 0.0, 29.32865074508309, 54.12443615068027, 23.747760023724805, 53.94395665083942, 43.30073179582141, 7.235909681316572, 45.017953725250315, 70.75169405079201, 57.700936889512164, 80.16277386741508, 30.18975412652931, 55.58236294203508, 12.944064645695084, 60.057028869983725, 18.22309363129291, 64.21050237913317, 43.55047116701102, 66.28386778203219, 19.396287808004885], [25.10318555788746, 29.32865074508309, 0.0, 27.848694060386837, 44.93907466925432, 39.1342945140819, 47.53929694244441, 29.008288957457335, 27.67436934627635, 41.862419132826, 30.71937124670003, 79.51276571973425, 36.027024468780134, 31.937817214571034, 42.098101844637995, 46.546226003142756, 20.95798844056083, 37.67430109398698, 29.257392218415806, 37.00551037324677, 48.06771743173752], [18.775380125727875, 54.12443615068027, 27.848694060386837, 0.0, 72.57149596113196, 56.68940663445925, 73.60989083309676, 51.13461434925432, 46.39128634743318, 20.236027569803568, 4.005774261626722, 101.65976715822974, 63.2475236868212, 41.421516370656335, 66.99051247119878, 63.659323995152796, 48.80626633903988, 10.103083784397187, 22.504010787419876, 24.822814314655314, 73.518796370784], [67.54511446437931, 23.747760023724805, 44.93907466925432, 72.57149596113196, 0.0, 51.1048393801266, 27.873114642664365, 30.776901478546932, 46.61607372299765, 85.99971051289633, 75.62212050581975, 62.88634822852113, 19.754272652011903, 60.16490852865368, 19.10163765537283, 54.89984030416429, 24.521392161276474, 82.53752459312092, 66.0889899346699, 78.59622756985037, 17.14183473997095], [40.02633481750779, 53.94395665083942, 39.1342945140819, 56.68940663445925, 51.1048393801266, 0.0, 30.3863628660698, 58.42767052990548, 11.481938104020404, 57.25185006906153, 57.11480732965596, 45.81761345376325, 31.416613980109695, 18.09016867955141, 62.07139202606591, 7.4347435405636215, 35.72111332741659, 63.084052878593624, 67.4651625463269, 45.03262421566224, 64.77879616375058], [61.83600033365619, 43.30073179582141, 47.53929694244441, 73.60989083309676, 27.873114642664365, 30.3863628660698, 0.0, 50.14560732099019, 32.16009514819183, 80.88384461276753, 75.48962235044361, 36.87778963569729, 13.446506895859722, 45.60703153036469, 45.08060411399071, 31.257731748715702, 29.97932491526078, 82.34771491791076, 75.64267763918954, 70.34982017587436, 44.76381134584673], [53.87527027096335, 7.235909681316572, 29.008288957457335, 51.13461434925432, 30.776901478546932, 58.42767052990548, 50.14560732099019, 0.0, 48.72392798439486, 68.95304078042047, 54.904027824562995, 86.9371018151096, 36.86817142516043, 58.04147935843002, 16.93692438131555, 64.90870104248408, 23.19210865345655, 61.08797134647853, 38.14947181286356, 65.7788088837725, 23.75234195839761], [31.171717444600954, 45.017953725250315, 27.67436934627635, 46.39128634743318, 46.61607372299765, 11.481938104020404, 32.16009514819183, 48.72392798439486, 0.0, 49.63800703267943, 47.235754420589736, 55.28014937355163, 28.174660376455982, 13.997279208496188, 54.552304321157, 18.914164305226613, 27.14080037288836, 53.57568043510435, 56.039461524264304, 38.41775451123865, 58.17262251598784], [19.1515336498819, 70.75169405079201, 41.862419132826, 20.236027569803568, 85.99971051289633, 57.25185006906153, 80.88384461276753, 68.95304078042047, 49.63800703267943, 0.0, 16.352852767655566, 102.94684731289247, 73.00765655631771, 39.3412531912109, 83.67305913798542, 62.96666067152114, 61.480507247442894, 14.758539414693622, 42.56601263651296, 12.880583743709296, 89.8345826779636], [17.905177872483144, 57.700936889512164, 30.71937124670003, 4.005774261626722, 75.62212050581975, 57.11480732965596, 75.48962235044361, 54.904027824562995, 47.235754420589736, 16.352852767655566, 0.0, 102.47978536056189, 65.561499679702, 41.09766074644387, 70.60224518649463, 63.89804688210474, 51.61013337774917, 6.998579282450962, 26.235619466248266, 22.111465956304926, 77.08000044414105], [85.78077967538684, 80.16277386741508, 79.51276571973425, 101.65976715822974, 62.88634822852113, 45.81761345376325, 36.87778963569729, 86.9371018151096, 55.28014937355163, 102.94684731289247, 102.47978536056189, 0.0, 50.07298225313754, 63.60874243481576, 81.31799805511, 40.08273465358576, 65.625145441957, 108.6846680442031, 108.73476358485883, 90.48893361992882, 80.00412905595594], [53.8898203809742, 30.18975412652931, 36.027024468780134, 63.2475236868212, 19.754272652011903, 31.416613980109695, 13.446506895859722, 36.86817142516043, 28.174660376455982, 73.00765655631771, 65.561499679702, 50.07298225313754, 0.0, 42.131154763827425, 33.70939551678685, 35.1950863510769, 16.843577561436657, 72.5394713845281, 63.067250730081085, 63.77220268100072, 34.80390103818488], [23.289852165523705, 55.58236294203508, 31.937817214571034, 41.421516370656335, 60.16490852865368, 18.09016867955141, 45.60703153036469, 58.04147935843002, 13.997279208496188, 39.3412531912109, 41.09766074644387, 63.60874243481576, 42.131154763827425, 0.0, 66.34005303807834, 23.659863863202357, 38.83530703809897, 46.44618795678743, 56.290715296263656, 26.962554491603974, 70.58844817439599], [67.08553298515808, 12.944064645695084, 42.098101844637995, 66.99051247119878, 19.10163765537283, 62.07139202606591, 45.08060411399071, 16.93692438131555, 54.552304321157, 83.67305913798542, 70.60224518649463, 81.31799805511, 33.70939551678685, 66.34005303807834, 0.0, 67.3733343515992, 27.565957503150134, 77.0605416697872, 55.08620763927966, 78.91418595037761, 6.815509095219014], [46.495099633269525, 60.057028869983725, 46.546226003142756, 63.659323995152796, 54.89984030416429, 7.4347435405636215, 31.257731748715702, 64.90870104248408, 18.914164305226613, 62.96666067152114, 63.89804688210474, 40.08273465358576, 35.1950863510769, 23.659863863202357, 67.3733343515992, 0.0, 41.898129583209304, 69.67210291257523, 74.88910177662972, 50.423639491835445, 69.55336304600723], [43.08378353591119, 18.22309363129291, 20.95798844056083, 48.80626633903988, 24.521392161276474, 35.72111332741659, 29.97932491526078, 23.19210865345655, 27.14080037288836, 61.480507247442894, 51.61013337774917, 65.625145441957, 16.843577561436657, 38.83530703809897, 27.565957503150134, 41.898129583209304, 0.0, 58.58816652408576, 46.360833598802095, 54.31793692135581, 31.82819199950315], [23.19962423192641, 64.21050237913317, 37.67430109398698, 10.103083784397187, 82.53752459312092, 63.084052878593624, 82.34771491791076, 61.08797134647853, 53.57568043510435, 14.758539414693622, 6.998579282450962, 108.6846680442031, 72.5394713845281, 46.44618795678743, 77.0605416697872, 69.67210291257523, 58.58816652408576, 0.0, 29.546206341076125, 24.29730946393558, 83.60647661056305], [37.69732673325263, 43.55047116701102, 29.257392218415806, 22.504010787419876, 66.0889899346699, 67.4651625463269, 75.64267763918954, 38.14947181286356, 56.039461524264304, 42.56601263651296, 26.235619466248266, 108.73476358485883, 63.067250730081085, 56.290715296263656, 55.08620763927966, 74.88910177662972, 46.360833598802095, 29.546206341076125, 0.0, 46.55170969436666, 61.90140959854829], [11.914094413745216, 66.28386778203219, 37.00551037324677, 24.822814314655314, 78.59622756985037, 45.03262421566224, 70.34982017587436, 65.7788088837725, 38.41775451123865, 12.880583743709296, 22.111465956304926, 90.48893361992882, 63.77220268100072, 26.962554491603974, 78.91418595037761, 50.423639491835445, 54.31793692135581, 24.29730946393558, 46.55170969436666, 0.0, 84.60450245337735], [72.8593687394975, 19.396287808004885, 48.06771743173752, 73.518796370784, 17.14183473997095, 64.77879616375058, 44.76381134584673, 23.75234195839761, 58.17262251598784, 89.8345826779636, 77.08000044414105, 80.00412905595594, 34.80390103818488, 70.58844817439599, 6.815509095219014, 69.55336304600723, 31.82819199950315, 83.60647661056305, 61.90140959854829, 84.60450245337735, 0.0]]",Route_0,1040.8015459989033
