instance_id,num_cities,city_coordinates,distance_matrix,best_route,total_distance
68,59,"[[94.83497766727982, 22.706251719924353], [78.75454540162478, 27.0181061336078], [11.601874203534102, 31.815283473197866], [64.51627979881071, 61.78175795626508], [36.9989373741075, 79.15035756920557], [8.004925587620715, 46.03943399669668], [68.31920897297428, 80.88449757467355], [96.66506410854815, 30.41496609174603], [45.01232128879258, 52.96175657966975], [20.762061359130268, 74.86273493375742], [81.39530158639114, 64.19887328875302], [63.22874903694217, 57.95480534585248], [90.31678793372804, 27.156605435961833], [28.08172371965898, 32.15308959002402], [46.83358907973846, 96.24180466072254], [56.110554258756075, 16.988507116229535], [21.58638067449983, 55.74199564166421], [65.16194842300553, 29.21316224457814], [11.684664351225926, 23.403301176173763], [44.55866481660319, 95.00962865403898], [60.24758289253334, 60.58436911015652], [60.1251472561125, 71.84603696102167], [40.268438825162804, 47.88209712398843], [20.82002266026527, 20.326980295896103], [6.122703678700281, 70.3579300020053], [51.60684159236391, 69.98278970545947], [59.01258249989133, 53.7927347410302], [44.052427749128476, 47.59174144900836], [31.50882230937504, 21.412212753330927], [60.323898272107314, 78.71366303414369], [65.05486669982176, 51.698617165602876], [47.92778230019206, 72.019816761751], [82.39001343463434, 38.11204362963473], [63.489759749634125, 46.936684537746274], [18.396873978863614, 91.44086389937016], [96.88884307886102, 8.899485550676612], [29.98113398826171, 61.67297455376408], [31.82434780463742, 1.3529485910748984], [12.652171624005303, 25.82560008217153], [58.96389264402685, 32.14595104571227], [66.86768986436105, 24.008514246060496], [7.428968412150915, 98.21263946600027], [85.58494481218234, 46.948311968602006], [76.57285198652346, 42.92110332790221], [16.22908963148294, 49.34487985937027], [56.74407788417979, 2.7789214776203663], [79.7795318968178, 20.118561756776888], [96.97450729775177, 88.73368406486331], [12.56585213917556, 82.74713232740356], [32.817253331255536, 21.420532788431156], [84.72810595351645, 72.86744079277851], [82.14308643031482, 52.74213013913506], [5.791783259843708, 4.569590017630187], [93.52369835756788, 90.93508905908018], [62.709133152049645, 48.53845682725462], [42.83466212874458, 87.81886167527773], [83.75819905949781, 6.5927352156143755], [33.51433532862137, 51.67626478609074], [25.078098969804564, 48.43375437559961]]","[[0.0, 16.64849513725252, 83.73006611539695, 49.458251364820974, 80.81426013964561, 89.91048514671353, 63.93586067447247, 7.922972526069006, 58.289730338430054, 90.5930222016518, 43.61493480234995, 47.34357634308065, 6.341899294865955, 67.41839258199134, 87.81577792538809, 39.14426614046689, 80.35370145720401, 30.378093243444486, 83.15323494911298, 88.06523689819821, 51.29366095661693, 60.16220425410925, 60.09434543297397, 74.05318694829809, 100.7002979107994, 64.0604620058987, 47.43008983915211, 56.55223227464923, 63.33937550418818, 65.78635666412941, 41.5621494074824, 68.05962587570261, 19.80443281483019, 39.61863905844922, 102.7970359832417, 13.958694608779632, 75.65994004988242, 66.53046693207145, 82.24198406745506, 37.09235317564423, 27.99759051665459, 115.50335512169525, 25.946880215565415, 27.24234681359713, 82.99700080754675, 42.98854657780387, 15.27620982746364, 66.0620875321478, 101.84849708896321, 62.03105032957203, 51.16926562929248, 32.60733192986749, 90.87149700529822, 68.2414368113763, 41.22344850353891, 83.32877528984338, 19.553527519618733, 67.81948712486347, 74.35002702428598], [16.64849513725252, 0.0, 67.32380083942344, 37.566470361523464, 66.79298197783994, 73.26199299432986, 54.867881071363065, 18.229792591421738, 42.56302017653406, 75.18135879620085, 37.27442876118301, 34.614010326838645, 11.563072015166647, 50.93233660760099, 76.22904886115687, 24.765766520092036, 63.978597098863666, 13.768695070829244, 67.16722235581089, 76.10653969030096, 38.330166599217144, 48.54480258000252, 43.77769431413073, 58.31963726091921, 84.57969475593818, 50.822847780744226, 33.265986176255495, 40.34242729012215, 47.57714147676984, 54.882778326806076, 28.227802276002038, 54.5476239883186, 11.674419770797456, 25.095088097933257, 88.27989701922003, 25.634686736428694, 59.831476382549006, 53.48966029220331, 66.11312948060186, 20.44418572637253, 12.261932062010777, 100.7769790641618, 21.06816225333814, 16.05195022167812, 66.3921489655619, 32.741392046209, 6.975264147198094, 64.34888943008411, 86.52553077733396, 46.27707456303868, 46.2368350382652, 25.94624484082539, 76.33806740524302, 65.60113250037054, 26.84363515316733, 70.61848121260641, 21.029320651546445, 51.52379446023457, 57.790923951540975], [83.73006611539695, 67.32380083942344, 0.0, 60.810557573876586, 53.71796773300937, 14.671894814940327, 74.99762553498083, 85.07471519544029, 39.54024910492593, 44.011272487565954, 76.94036258809979, 57.86716520441772, 78.85265325026481, 16.483311349564644, 73.43058194951695, 46.91328060792242, 25.926394362915023, 53.623246687269145, 8.41238969461126, 71.27184093559654, 56.51606198455123, 62.904445411576425, 32.86205148944972, 14.729404973179907, 38.93015426484719, 55.29155403649878, 52.25690026582347, 36.0823371149653, 22.46131036451785, 67.6261313013037, 57.031301629295754, 54.18464815791662, 71.06764273753087, 54.046363768528416, 60.01151442102314, 88.31195193385102, 35.06107395527166, 36.56367439164076, 6.081071599330599, 47.363172737909856, 55.81447864508173, 66.52835504939749, 75.51492096352179, 65.9133308877866, 18.130026808550408, 53.6742850076563, 69.17374001349037, 102.60697250846655, 50.94097055581153, 23.625053509599002, 83.86134622425115, 73.57985820727954, 27.858301610986924, 101.02641577942353, 53.77375237288594, 64.12400340759807, 76.43763573872162, 29.573882586997954, 21.395845603411306], [49.458251364820974, 37.566470361523464, 60.810557573876586, 0.0, 32.540319399677195, 58.6630541178226, 19.477600756572066, 44.91569841899465, 21.405532505491482, 45.66775218852967, 17.05121177618069, 4.037734729412229, 43.18063694613822, 46.96099302444047, 38.7320586845026, 45.57511977683736, 43.35268120474651, 32.57499523566477, 65.29996581639853, 38.7607763968424, 4.433453882296199, 10.980517150532005, 27.94921042061196, 60.23173149419259, 59.02000050028183, 15.294133403281236, 9.701297639578655, 24.902325377110913, 52.145876441082535, 17.443207056953014, 10.097514746424327, 19.493488588917717, 29.660170774772407, 14.880522444207905, 54.833038932100976, 62.00417395707909, 34.535317140349825, 68.70519208041084, 63.10888214692648, 30.15145194441187, 37.84636137975329, 67.7212688077669, 25.766640551585056, 22.384933011468103, 49.863099292489814, 59.51253510923124, 44.37103539657786, 42.18936896110621, 56.02136964178023, 51.321114329672874, 23.052337852370094, 19.80957301651573, 81.98657605970449, 41.12598990703198, 13.36603171463204, 33.88249274869761, 58.447238496808914, 32.607384947970665, 41.63579357585065], [80.81426013964561, 66.79298197783994, 53.71796773300937, 32.540319399677195, 0.0, 44.01120288403237, 31.36824277171652, 77.04015227108245, 27.387171149157588, 16.793446656054563, 46.84638766712285, 33.723203494340005, 74.47243415647978, 47.835759603732505, 19.718974056811216, 65.03344948319858, 28.026742803069162, 57.331306179349724, 61.22537639871933, 17.568891779137793, 29.75223430102291, 24.252312942350173, 31.438730111255822, 61.007761761565064, 32.10371613595321, 17.246308769883008, 33.57989885660686, 32.337253715992716, 57.99857524287052, 23.329048480599745, 39.252174736137434, 13.049301269615128, 61.19226255773933, 41.70712649307634, 22.295589438552376, 92.31460244559364, 18.833705993001782, 77.96930948086559, 58.61991780565153, 51.8832679448334, 62.711763333511094, 35.18172331657366, 58.28869409787816, 53.65308547168361, 36.32840592103231, 78.8826142090485, 72.90358142476146, 60.736390528153045, 24.696405462306842, 57.881077656287275, 48.14092413426592, 52.30094329940325, 80.84662860313675, 57.740180987989355, 39.97627588927177, 10.449815637075805, 86.31939014479406, 27.69419119004215, 32.94868889675198], [89.91048514671353, 73.26199299432986, 14.671894814940327, 58.6630541178226, 44.01120288403237, 0.0, 69.65623616046152, 90.02635258557838, 37.64924815352695, 31.520266337724614, 75.60365417519697, 56.494661258831435, 84.45000827317084, 24.411234794973897, 63.46607856857363, 56.197044961985405, 16.69118404282062, 59.58228495518481, 22.93327247552633, 61.10855763637732, 54.22960796219439, 58.159249164092785, 32.31609032401249, 28.72902692917246, 24.39122808049303, 49.74345546784043, 51.593553241776156, 36.0809100565716, 34.043107779352034, 61.68371053974947, 57.329940999837405, 47.6320771824118, 74.80631532190127, 55.49208844979206, 46.57555612736824, 96.33133736828655, 26.96963711320334, 50.63839306948195, 20.74116624606002, 52.81898514705844, 62.85050869609624, 52.17638446280218, 77.58534295890665, 68.63879746036703, 8.863568500971954, 65.1688338855341, 76.311766645246, 98.6832582485947, 36.98996036422395, 34.953424792999726, 81.27846180943867, 74.44053350638373, 41.528856938412304, 96.58716446587702, 54.76125857172909, 54.393300365705734, 85.40843334490124, 26.124774576683336, 17.24024418083865], [63.93586067447247, 54.867881071363065, 74.99762553498083, 19.477600756572066, 31.36824277171652, 69.65623616046152, 0.0, 57.884895365485036, 36.37156139344482, 47.93687426677382, 21.198921100979547, 23.487945164888423, 58.056695340017725, 63.19656116971184, 26.40982285309429, 65.05189348970997, 53.06696377433019, 51.767704111497494, 80.69423513433726, 27.642047438931066, 21.84596903912364, 12.199853182898396, 43.312863463326146, 76.96353421808845, 63.081010579116466, 19.95370787423164, 28.64571363649136, 41.19811016793139, 69.9425280369146, 8.284776146991256, 29.367865869498686, 22.23494654066997, 45.027440019156536, 34.289613438926224, 51.02623248139525, 77.44718167266791, 42.88228783911113, 87.50509799678379, 78.29624026925782, 49.628296982370784, 56.89450225917561, 63.30786599594786, 38.075849662995715, 38.850250008602266, 60.89440055241765, 78.95862636327547, 61.83718911256809, 29.7108709168845, 55.784462052250426, 69.25569985557897, 18.26266956285896, 31.35430485328012, 98.65923211616403, 27.134492335853984, 32.82894001868182, 26.41112518117102, 75.87903774631496, 45.436770264086945, 54.06333626847743], [7.922972526069006, 18.229792591421738, 85.07471519544029, 44.91569841899465, 77.04015227108245, 90.02635258557838, 57.884895365485036, 0.0, 56.35923706110772, 87.95947920156767, 37.074493023897865, 43.317778240691524, 7.135651655942233, 68.60536168692286, 82.56118082690544, 42.71929388201671, 79.23551685962848, 31.52603099636472, 85.26917255258526, 82.99124820550713, 47.290863986673656, 55.24218638828347, 59.03964777886217, 76.51299085586066, 98.96140357808571, 59.96545740544227, 44.3196281382154, 55.34556094541263, 65.77526444693822, 60.44372970528264, 38.107720782701506, 64.08031083991816, 16.21795530783945, 37.061678317576025, 99.24751779970637, 21.516644253709522, 73.64651810709613, 71.05574819825311, 84.13815058574316, 37.74088815473336, 30.478289602588134, 112.06964482007885, 19.90277793438515, 23.666441568727816, 82.63345342731827, 48.55343554312252, 19.777187370871385, 58.319538930922086, 99.05217350864116, 64.47823486650935, 44.09879338753817, 26.634377974454896, 94.47717521507506, 60.60159620639277, 38.48981895985689, 78.69510407561738, 27.09401869989237, 66.63375546677537, 73.81985037233568], [58.289730338430054, 42.56302017653406, 39.54024910492593, 21.405532505491482, 27.387171149157588, 37.64924815352695, 36.37156139344482, 56.35923706110772, 0.0, 32.67610685994282, 38.078787366052026, 18.888323797654287, 52.138282706008646, 26.826213969435283, 43.31835151831817, 37.64632056409347, 23.59034596834498, 31.144874482658558, 44.546997685462436, 42.05031926367835, 17.035768779962687, 24.187053442699714, 6.95034970447004, 40.62383458049965, 42.60315959643339, 18.253856214604223, 14.024900665732158, 5.45513135598229, 34.317899124760025, 29.960058006551826, 20.082309322698325, 19.27977102594378, 40.21947096678124, 19.434948551116733, 46.78700391806069, 68.06362641872599, 17.373022484755623, 53.26717287994954, 42.232100063626326, 25.058812887040926, 36.27598899000066, 58.82304663516307, 41.015842008437424, 33.11920614454162, 29.009588446722162, 51.53592001403382, 47.82713016309131, 63.084860076214966, 44.04477231988761, 33.81668938169351, 44.42499088943883, 37.13141467501966, 62.29006652628012, 61.60623089185659, 18.24123709684274, 34.92506227716138, 60.42622929227551, 11.56962273765455, 20.4420161291127], [90.5930222016518, 75.18135879620085, 44.011272487565954, 45.66775218852967, 16.793446656054563, 31.520266337724614, 47.93687426677382, 87.95947920156767, 32.67610685994282, 0.0, 61.563851127431285, 45.70883552743794, 84.34295928248841, 43.33233506816393, 33.71630436564597, 67.81550114649316, 19.138499769048998, 63.68071496135655, 52.25392290623022, 31.179731600649365, 41.98783325390121, 39.47851311779496, 33.29344647928895, 54.535785438860614, 15.316790158799678, 31.228421879237967, 43.66975241126671, 35.86290914336961, 54.5201906845709, 39.74881868890367, 49.984287100301046, 27.314072892565243, 71.75386950089553, 51.0442993924926, 16.745998666674392, 100.72952478880282, 16.092267678075785, 74.33749302706735, 49.703228325416696, 57.30709850670907, 68.6431405284995, 26.888462380687475, 70.57776724043889, 64.30483792141061, 25.917344776829975, 80.56538757796739, 80.49836225351451, 77.46444439705891, 11.372843436810541, 54.78500363810072, 63.99715665371412, 65.24531703708134, 71.86957248077688, 74.51561169192792, 49.52296891169627, 25.594158022429966, 92.89405915707916, 26.461913938745976, 26.77908127625439], [43.61493480234995, 37.27442876118301, 76.94036258809979, 17.05121177618069, 46.84638766712285, 75.60365417519697, 21.198921100979547, 37.074493023897865, 38.078787366052026, 61.563851127431285, 0.0, 19.209685473933437, 38.101476694790264, 62.203455191957296, 47.13026015524697, 53.55499156536297, 60.40385583870205, 38.56840328810232, 80.77036367211342, 48.02333239883287, 21.454385248979623, 22.603065665177738, 44.2454068236686, 74.7937658615652, 75.5241549133121, 30.344786008986905, 24.68347287517633, 40.86914550572813, 65.72183149022555, 25.586777033970293, 20.573434701735305, 34.36920138699672, 26.105787353092595, 24.871501541789545, 68.63619987623032, 57.42884390430475, 51.47617695816154, 80.04304910445998, 78.72817801532317, 39.12234567939398, 42.735423975042096, 81.41225173647489, 17.752041466257012, 21.817413106281624, 66.83768623577694, 66.18227338569086, 44.10991471818793, 29.063182730327892, 71.28485831206854, 64.72876631173934, 9.287176509649, 11.481121276648903, 96.2888540111492, 29.358529288037936, 24.38076156530289, 45.21976079947981, 57.65457855339788, 49.49144020422761, 58.482187757500434], [47.34357634308065, 34.614010326838645, 57.86716520441772, 4.037734729412229, 33.723203494340005, 56.494661258831435, 23.487945164888423, 43.317778240691524, 18.888323797654287, 45.70883552743794, 19.209685473933437, 0.0, 41.015740502438476, 43.600939492152136, 41.649676908220506, 41.58011889760061, 41.70111952478361, 28.80658445611535, 62.05319577971479, 41.492553249896204, 3.975167565161282, 14.233715600652035, 25.072600502220496, 56.69526691781224, 58.43747015138186, 16.725463832291588, 5.924431786059565, 21.797348266785356, 48.38920153283414, 20.96111472438164, 6.517253736457991, 20.783265605012346, 27.584220957729844, 11.02121194488895, 55.95724384449952, 59.493078010116385, 33.454875409780044, 64.73026034898936, 59.91891198680546, 26.158860073368185, 34.14077576413975, 68.80631312474289, 24.91871557693785, 20.10167355952101, 47.78178315123817, 55.555639863114756, 41.29781764459978, 45.67401422906221, 56.40379951061697, 47.53537779756194, 26.165034756314867, 19.619483730237693, 78.41547202765689, 44.78262015720243, 9.430674424002385, 36.16324987146759, 55.31293308343092, 30.37048655503919, 39.320764388848545], [6.341899294865955, 11.563072015166647, 78.85265325026481, 43.18063694613822, 74.47243415647978, 84.45000827317084, 58.056695340017725, 7.135651655942233, 52.138282706008646, 84.34295928248841, 38.101476694790264, 41.015740502438476, 0.0, 62.43531109581414, 81.63059067837546, 35.685524315421354, 74.43784934582429, 25.23876733751616, 78.7216498300209, 81.8403237471289, 44.96190027197715, 53.9321838686258, 54.16994788813519, 69.83154131929639, 94.63085262113697, 57.728173406372875, 41.102757355196665, 50.57653415529846, 59.0878571972901, 59.64648873518371, 35.22037768346506, 61.72143492387683, 13.52240289204803, 33.3307811259055, 96.46211644715964, 19.403977307148807, 69.5109406791725, 63.931168132796785, 77.6760207643792, 31.74740324279299, 23.65947333324909, 109.17577843605933, 20.34949598395673, 20.914472718810167, 77.33890716588238, 41.48973770999061, 12.671535961260432, 61.93594949300456, 95.57988646674951, 57.78493756091359, 46.05120883640236, 26.859420518760018, 87.49085483996666, 63.859057679634674, 34.919423985278726, 77.03545679104329, 21.584435282408236, 61.86866991136752, 68.62072285200061], [67.41839258199134, 50.93233660760099, 16.483311349564644, 46.96099302444047, 47.835759603732505, 24.411234794973897, 63.19656116971184, 68.60536168692286, 26.826213969435283, 43.33233506816393, 62.203455191957296, 43.600939492152136, 62.43531109581414, 0.0, 66.77571305419156, 31.86816441205763, 24.46683408182196, 37.19658904855621, 18.585541509976682, 64.98025924092799, 42.92994469459624, 51.012851938833336, 19.897680846425903, 13.877649776264652, 44.06595502271776, 44.547922305629896, 37.74906975203683, 22.212954743118573, 11.274370934320192, 56.63430779409076, 41.821536916274056, 44.53338047540143, 54.634233453137156, 38.37034916544723, 60.07359234353934, 72.6302263202465, 29.580929120650016, 31.026696901162506, 16.676576427566722, 30.882169749420253, 39.63187198848263, 69.21271871273657, 59.37608139012879, 49.6723226802677, 20.88163277843429, 41.04110498692956, 53.08006434144093, 89.14919685708978, 52.91974519415074, 11.730857436765865, 69.76009614418201, 57.84928287253031, 35.46393794211749, 87.96576326099166, 38.308455248121504, 57.58756266373569, 61.26337912662901, 20.26493618618494, 16.555416258681607], [87.81577792538809, 76.22904886115687, 73.43058194951695, 38.7320586845026, 19.718974056811216, 63.46607856857363, 26.40982285309429, 82.56118082690544, 43.31835151831817, 33.71630436564597, 47.13026015524697, 41.649676908220506, 81.63059067837546, 66.77571305419156, 0.0, 79.79440616113791, 47.724795052862724, 69.48933486778583, 80.8757967468591, 2.587187297906394, 38.09708571600285, 27.781630629135215, 48.80330430312698, 80.248153849187, 48.24262801179728, 26.68932007320559, 44.16165098561257, 48.72949321356282, 76.38269634932249, 22.118412940062353, 48.12598581155022, 24.246689600471445, 68.14197260453213, 52.04251042874288, 28.83913656686584, 100.66880927297078, 38.45788940612834, 96.06858138777996, 78.27394947574479, 65.2336011208841, 74.96007896458836, 39.45387585252128, 62.70180215026161, 61.053427003426314, 55.99961555494789, 93.98685185301804, 82.94687009356878, 50.699936436128446, 36.82911859400471, 76.12279811200808, 44.52364871984429, 56.026621231646715, 100.44015512994363, 46.990717539237124, 50.27566304001095, 9.324021948464035, 96.95556959005073, 46.51332996898893, 52.525336952639094], [39.14426614046689, 24.765766520092036, 46.91328060792242, 45.57511977683736, 65.03344948319858, 56.197044961985405, 65.05189348970997, 42.71929388201671, 37.64632056409347, 67.81550114649316, 53.55499156536297, 41.58011889760061, 35.685524315421354, 31.86816441205763, 79.79440616113791, 0.0, 51.90136255019568, 15.210849066494246, 44.88662692726515, 78.87167777917087, 43.791713701455215, 55.00423199724438, 34.71867688980665, 35.448089139972424, 73.12373420972668, 53.18531202248023, 36.91846338853348, 32.89310515213114, 24.996287453798377, 61.86878971553958, 35.84400179504251, 55.63634422054639, 33.716669014151066, 30.84389736312922, 83.45942194155202, 41.57284100207581, 51.763387001317895, 28.88408756262885, 44.34777596810362, 15.423671625662703, 12.845095038194616, 94.69559903455631, 42.02772424588494, 33.033394838821124, 51.356266199067655, 14.223701213289665, 23.875044387055663, 82.56653724944516, 78.8691186228593, 23.71119397369419, 62.780725496209755, 44.226850334692394, 51.828642821733894, 82.87243409233967, 32.23260104582364, 72.06378035329664, 29.537507282057526, 41.398425599309846, 44.17937139054489], [80.35370145720401, 63.978597098863666, 25.926394362915023, 43.35268120474651, 28.026742803069162, 16.69118404282062, 53.06696377433019, 79.23551685962848, 23.59034596834498, 19.138499769048998, 60.40385583870205, 41.70111952478361, 74.43784934582429, 24.46683408182196, 47.724795052862724, 51.90136255019568, 0.0, 51.015773110038815, 33.82063195564109, 45.493657152399585, 38.963279350589026, 41.768129913219695, 20.26813512518887, 35.42330612106911, 21.277942650928907, 33.226921152710354, 37.476928918118126, 23.898742949459386, 35.734980637431526, 45.03657149934545, 43.65613572952013, 30.96509163596266, 63.30795340852337, 42.81853198734379, 35.841067894840315, 88.68304006846239, 10.278540463251066, 55.34423556278464, 31.22196045462187, 44.20239497590926, 55.293858641199364, 44.76815730873588, 64.59988455273697, 56.46137889804923, 8.344079197350847, 63.57004717627278, 68.23101853947738, 82.29107570555216, 28.471869318189572, 36.112259871380516, 65.42291909441698, 60.63096407801563, 53.55449938932985, 80.08452721794406, 41.74891307304341, 38.47615884281057, 79.25266431940848, 12.601835962300967, 8.099536224795546], [30.378093243444486, 13.768695070829244, 53.623246687269145, 32.57499523566477, 57.331306179349724, 59.58228495518481, 51.767704111497494, 31.52603099636472, 31.144874482658558, 63.68071496135655, 38.56840328810232, 28.80658445611535, 25.23876733751616, 37.19658904855621, 69.48933486778583, 15.210849066494246, 51.015773110038815, 0.0, 53.791954763960504, 68.94686568174913, 31.753796761489884, 42.929376568764475, 31.116168620663274, 45.223562552871165, 71.96196449368647, 42.963978452759186, 25.337128593522607, 27.98899849323583, 34.54544413066516, 49.73636805879965, 22.48570989541748, 46.145705682125254, 19.390624382680812, 17.802231810528124, 77.84124254534957, 37.67281918476649, 47.86782969217904, 43.44637061721803, 52.618934205141315, 6.856904957150038, 5.477035206499164, 89.96679853014271, 27.048739660950435, 17.835817023051963, 52.91229274594725, 27.742199432163318, 17.215850389875733, 67.48875032120716, 75.04821981317585, 33.27017244348285, 47.83858856689478, 29.016743066829097, 64.2815849493921, 67.92632117997701, 19.48033145150922, 62.714716925354885, 29.28317361058931, 38.80930803766469, 44.45386539834262], [83.15323494911298, 67.16722235581089, 8.41238969461126, 65.29996581639853, 61.22537639871933, 22.93327247552633, 80.69423513433726, 85.26917255258526, 44.546997685462436, 52.25392290623022, 80.77036367211342, 62.05319577971479, 78.7216498300209, 18.585541509976682, 80.8757967468591, 44.88662692726515, 33.82063195564109, 53.791954763960504, 0.0, 78.79191609210237, 61.161988767216364, 68.50678093721228, 37.63301229282122, 9.639425376699926, 47.282899389677155, 61.34679280388416, 56.2445509243304, 40.40733535158049, 19.92389700478362, 73.65467537956971, 60.40698143155066, 60.639336955027346, 72.21906599762202, 56.89980704432057, 68.36785574667556, 86.42981395530826, 42.41849480599727, 29.863437490195142, 2.6083715825930494, 48.08075867438168, 55.18634421343096, 74.93028789006193, 77.56042151396278, 67.76002874429433, 26.336615304634623, 49.55517920342784, 68.17404564132191, 107.43563765448513, 59.35037310433106, 21.22540193914594, 88.21590258631487, 76.3227104261434, 19.734100525755384, 106.10452328601765, 56.87945557062141, 71.55198666671068, 74.00803695044743, 35.71967253865901, 28.388513139134083], [88.06523689819821, 76.10653969030096, 71.27184093559654, 38.7607763968424, 17.568891779137793, 61.10855763637732, 27.642047438931066, 82.99124820550713, 42.05031926367835, 31.179731600649365, 48.02333239883287, 41.492553249896204, 81.8403237471289, 64.98025924092799, 2.587187297906394, 78.87167777917087, 45.493657152399585, 68.94686568174913, 78.79191609210237, 0.0, 37.83174123744396, 27.908195134411184, 47.322407664588866, 78.36466740319061, 45.66212166583, 26.000374297700198, 43.67777558703613, 47.42058944127004, 74.74542137633084, 22.673797242441672, 47.915947322254794, 23.235369664823708, 68.32675991050884, 51.66618150561962, 26.404078883986863, 100.76410224996413, 36.38456969173363, 94.51844555523358, 76.18696815914298, 64.49304265735658, 74.42345628735833, 37.26759494988021, 63.19055160238372, 61.14018850806954, 53.73857192603445, 93.03218603198434, 82.75978116749906, 52.790226590676646, 34.26235367241604, 74.51990186511165, 45.86785894867221, 56.560853766051295, 98.39853502055269, 49.134268922806655, 49.889972056021044, 7.39454630187592, 96.71685752836265, 44.7186497778176, 50.48568619433083], [51.29366095661693, 38.330166599217144, 56.51606198455123, 4.433453882296199, 29.75223430102291, 54.22960796219439, 21.84596903912364, 47.290863986673656, 17.035768779962687, 41.98783325390121, 21.454385248979623, 3.975167565161282, 44.96190027197715, 42.92994469459624, 38.09708571600285, 43.791713701455215, 38.963279350589026, 31.753796761489884, 61.161988767216364, 37.83174123744396, 0.0, 11.262333384706535, 23.67517499988834, 56.34882305791015, 55.00022765788059, 12.766860221004546, 6.903008284344137, 20.762741236652385, 48.58368237896017, 18.129454548316605, 10.102799870528782, 16.809132923128733, 31.54825895060259, 14.027508865109466, 51.99620281571994, 63.35541915731565, 30.28601973001301, 65.69810856919764, 58.936365668075716, 28.467375760020797, 37.170135530528526, 64.85131275155294, 28.773667882545308, 24.052138555349817, 45.4307590470562, 57.91152150774005, 44.933045708774316, 46.273652424310626, 52.58075238202154, 47.81452765922933, 27.389228892025347, 23.25755333760646, 78.12227333110684, 45.038495332996014, 12.294845765909052, 32.32533673151183, 58.888416544789216, 28.17837553802285, 37.20927354596847], [60.16220425410925, 48.54480258000252, 62.904445411576425, 10.980517150532005, 24.252312942350173, 58.159249164092785, 12.199853182898396, 55.24218638828347, 24.187053442699714, 39.47851311779496, 22.603065665177738, 14.233715600652035, 53.9321838686258, 51.012851938833336, 27.781630629135215, 55.00423199724438, 41.768129913219695, 42.929376568764475, 68.50678093721228, 27.908195134411184, 11.262333384706535, 0.0, 31.12168508009644, 64.8005094050926, 54.02294303953703, 8.719703075014161, 18.087551558548057, 29.096445884923018, 57.98676295215591, 6.870501426139465, 20.741761212744642, 12.198602841598607, 40.41913621082895, 25.13556156879129, 46.09995697877159, 72.89607441421512, 31.814347936651505, 75.96190333006236, 66.11780415203512, 39.7170660290641, 48.310355622045186, 58.924400653806636, 35.61036367961185, 33.274296034313764, 49.32713194478264, 69.14982336416567, 55.33558101809858, 40.53477470249776, 48.79262682216294, 57.34503066239639, 24.624151608810653, 29.15045284962481, 86.4767873852747, 38.4688851629329, 23.450378990591485, 23.539158975886973, 69.4011132923577, 33.39094220037706, 42.147723182189296], [60.09434543297397, 43.77769431413073, 32.86205148944972, 27.94921042061196, 31.438730111255822, 32.31609032401249, 43.312863463326146, 59.03964777886217, 6.95034970447004, 33.29344647928895, 44.2454068236686, 25.072600502220496, 54.16994788813519, 19.897680846425903, 48.80330430312698, 34.71867688980665, 20.26813512518887, 31.116168620663274, 37.63301229282122, 47.322407664588866, 23.67517499988834, 31.12168508009644, 0.0, 33.72721978955373, 40.87902019683092, 24.839484493281308, 19.653970569298576, 3.7951124614019043, 27.88163661085267, 36.78052351585393, 25.07853329071928, 25.323804054282647, 43.239807965158796, 23.240558307310838, 48.741476299123, 68.7423754530487, 17.205142867480756, 47.289156646749866, 35.343277661832744, 24.436576824304264, 35.741685960172376, 60.09654157643458, 45.32612568473063, 36.641805010610256, 24.0838128830675, 48.01815423139602, 48.29016847975775, 69.888699781909, 44.53093294362935, 27.490626627078743, 50.9993078326712, 42.155735469375685, 55.35894734194267, 68.4812586218076, 22.4502910879312, 40.019128737004806, 59.96808027643237, 7.746845957558219, 15.20035363550928], [74.05318694829809, 58.31963726091921, 14.729404973179907, 60.23173149419259, 61.007761761565064, 28.72902692917246, 76.96353421808845, 76.51299085586066, 40.62383458049965, 54.535785438860614, 74.7937658615652, 56.69526691781224, 69.83154131929639, 13.877649776264652, 80.248153849187, 35.448089139972424, 35.42330612106911, 45.223562552871165, 9.639425376699926, 78.36466740319061, 56.34882305791015, 64.8005094050926, 33.72721978955373, 0.0, 52.14505838275664, 58.42540225002057, 50.78019641243454, 35.82055062320087, 10.74375015650863, 70.49511266416039, 54.2300749316155, 58.369341049746836, 64.08722370130404, 50.28700451522837, 71.1551550535914, 76.92238345259844, 42.34875679327076, 21.934198207790075, 9.846248529493487, 39.932979940434166, 46.194603009067755, 79.02845208048537, 70.02278515863314, 60.157064202538216, 29.378821643330745, 39.98089683862188, 58.959877609290984, 102.36690212630447, 62.963534769164056, 12.04696645744808, 82.7329625931623, 69.36324739734435, 21.774832441559045, 101.34756772124422, 50.503316582896936, 70.99153754536978, 64.41927922901773, 33.82193389162045, 28.427486048283495], [100.7002979107994, 84.57969475593818, 38.93015426484719, 59.02000050028183, 32.10371613595321, 24.39122808049303, 63.081010579116466, 98.96140357808571, 42.60315959643339, 15.316790158799678, 75.5241549133121, 58.43747015138186, 94.63085262113697, 44.06595502271776, 48.24262801179728, 73.12373420972668, 21.277942650928907, 71.96196449368647, 47.282899389677155, 45.66212166583, 55.00022765788059, 54.02294303953703, 40.87902019683092, 52.14505838275664, 0.0, 45.48568491285214, 55.42332519575585, 44.23757802241697, 55.13744876323054, 54.84147855279564, 61.81561124727936, 41.838098261648156, 82.8039837528813, 61.9639722850524, 24.395601207555174, 109.61584035159547, 25.39002063752872, 73.63601001072213, 45.00846986665607, 65.21001906935415, 76.40825667173374, 27.88532171012964, 82.83874686658103, 75.60425156391045, 23.317103450546696, 84.43604632850875, 89.15897299112939, 92.69152365892656, 13.96447264823769, 55.7446663564495, 78.64545067068204, 78.03470380869446, 65.78917225671216, 89.7906083380417, 60.647451802742765, 40.65282312627829, 100.46526867115925, 33.15578531243787, 28.982347861060184], [64.0604620058987, 50.822847780744226, 55.29155403649878, 15.294133403281236, 17.246308769883008, 49.74345546784043, 19.95370787423164, 59.96545740544227, 18.253856214604223, 31.228421879237967, 30.344786008986905, 16.725463832291588, 57.728173406372875, 44.547922305629896, 26.68932007320559, 53.18531202248023, 33.226921152710354, 42.963978452759186, 61.34679280388416, 26.000374297700198, 12.766860221004546, 8.719703075014161, 24.839484493281308, 58.42540225002057, 45.48568491285214, 0.0, 17.803451298573144, 23.631085682583212, 52.564544367491976, 12.337553494894712, 22.69714397800002, 4.205348559082801, 44.30968431506197, 25.92926353241987, 39.539232377489505, 76.03702851301357, 23.16731009922105, 71.42410063729965, 58.88398515530982, 38.5454609512004, 48.44096916864497, 52.42717707668121, 41.049953264606984, 36.81896990137762, 40.95740051103002, 67.39993398737651, 57.272521403451826, 49.08992901638124, 41.07465520310964, 52.07054276553535, 33.24664441378896, 35.06711552273978, 79.86179476703524, 46.86172990061679, 24.147883767890026, 19.87653379879101, 71.07748444623626, 25.73844668054059, 34.177991584959244], [47.43008983915211, 33.265986176255495, 52.25690026582347, 9.701297639578655, 33.57989885660686, 51.593553241776156, 28.64571363649136, 44.3196281382154, 14.024900665732158, 43.66975241126671, 24.68347287517633, 5.924431786059565, 41.102757355196665, 37.74906975203683, 44.16165098561257, 36.91846338853348, 37.476928918118126, 25.337128593522607, 56.2445509243304, 43.67777558703613, 6.903008284344137, 18.087551558548057, 19.653970569298576, 50.78019641243454, 55.42332519575585, 17.803451298573144, 0.0, 16.1943986604774, 42.4847623132495, 24.955404545808648, 6.39488285838314, 21.333056847468825, 28.14939343644329, 8.18843944323728, 55.38065914909401, 58.73682778558266, 30.08194113067835, 59.06886893531357, 54.14285102954688, 21.64683845400862, 30.8026379097687, 68.07346897381056, 27.439689538028624, 20.653218490735405, 43.01407531343034, 51.06422678221569, 39.56281225378096, 51.59435699772878, 54.732585365491545, 41.64318346996347, 32.01769131987106, 23.154351256402325, 72.49394076893762, 50.70080474735623, 6.424322775138399, 37.67628460558034, 53.29339071699533, 25.585934688366144, 34.35502645917771], [56.55223227464923, 40.34242729012215, 36.0823371149653, 24.902325377110913, 32.337253715992716, 36.0809100565716, 41.19811016793139, 55.34556094541263, 5.45513135598229, 35.86290914336961, 40.86914550572813, 21.797348266785356, 50.57653415529846, 22.212954743118573, 48.72949321356282, 32.89310515213114, 23.898742949459386, 27.98899849323583, 40.40733535158049, 47.42058944127004, 20.762741236652385, 29.096445884923018, 3.7951124614019043, 35.82055062320087, 44.23757802241697, 23.631085682583212, 16.1943986604774, 0.0, 29.02946365601697, 35.1188660997402, 21.400207242668284, 24.733564975180506, 39.49221628296064, 19.448366894288917, 50.80308040784313, 65.48875820625997, 19.906843894878875, 47.828358785220125, 38.20655695982642, 21.469145919070467, 32.81318013683872, 62.480021525716076, 41.537500828638166, 32.85411470483533, 27.878515711829305, 46.57538853234161, 45.068853692782994, 67.03287212970301, 47.19434236700449, 28.480893717639862, 47.889161348927225, 38.43728375452696, 57.57414724092639, 65.772732934408, 18.680710010564265, 40.24554826070729, 57.07422174219485, 11.301978709691497, 18.993002353351784], [63.33937550418818, 47.57714147676984, 22.46131036451785, 52.145876441082535, 57.99857524287052, 34.043107779352034, 69.9425280369146, 65.77526444693822, 34.317899124760025, 54.5201906845709, 65.72183149022555, 48.38920153283414, 59.0878571972901, 11.274370934320192, 76.38269634932249, 24.996287453798377, 35.734980637431526, 34.54544413066516, 19.92389700478362, 74.74542137633084, 48.58368237896017, 57.98676295215591, 27.88163661085267, 10.74375015650863, 55.13744876323054, 52.564544367491976, 42.4847623132495, 29.02946365601697, 0.0, 64.13863739605394, 45.195169946239915, 53.204434313815476, 53.55165694562882, 40.91795473177002, 71.24559755069546, 66.56662420362372, 40.289735322507184, 20.06174556386681, 19.366240285208324, 29.4787045985744, 35.45405895256835, 80.4869238259219, 59.802335975033536, 49.933947816007844, 31.83872048881136, 31.369055894164003, 48.28804134541102, 93.9038679211184, 64.19352364551291, 1.3084574742815696, 74.02656715117303, 59.54319798659123, 30.7415035106005, 93.16262759871704, 41.34359096930985, 67.36555253730734, 54.310351547998245, 30.330429075632278, 27.776211302373394], [65.78635666412941, 54.882778326806076, 67.6261313013037, 17.443207056953014, 23.329048480599745, 61.68371053974947, 8.284776146991256, 60.44372970528264, 29.960058006551826, 39.74881868890367, 25.586777033970293, 20.96111472438164, 59.64648873518371, 56.63430779409076, 22.118412940062353, 61.86878971553958, 45.03657149934545, 49.73636805879965, 73.65467537956971, 22.673797242441672, 18.129454548316605, 6.870501426139465, 36.78052351585393, 70.49511266416039, 54.84147855279564, 12.337553494894712, 24.955404545808648, 35.1188660997402, 64.13863739605394, 0.0, 27.426169355989092, 14.087983145489565, 46.21044185716583, 31.934292559181458, 43.816172903964, 78.8099902703584, 34.80040816241038, 82.44334124712498, 71.20211179749607, 46.58756717350575, 55.09514055095214, 56.374495002437094, 40.58519435233675, 39.30821577149108, 52.979973331629154, 76.01907714031927, 61.74064765973741, 37.995630846279084, 47.928069489339, 63.55405800776428, 25.094694001975427, 33.92045832237204, 92.03855241793426, 35.37781762344227, 30.26933126219954, 19.717454784348167, 75.83267556139243, 38.07589223175934, 46.46653889443432], [41.5621494074824, 28.227802276002038, 57.031301629295754, 10.097514746424327, 39.252174736137434, 57.329940999837405, 29.367865869498686, 38.107720782701506, 20.082309322698325, 49.984287100301046, 20.573434701735305, 6.517253736457991, 35.22037768346506, 41.821536916274056, 48.12598581155022, 35.84400179504251, 43.65613572952013, 22.48570989541748, 60.40698143155066, 47.915947322254794, 10.102799870528782, 20.741761212744642, 25.07853329071928, 54.2300749316155, 61.81561124727936, 22.69714397800002, 6.39488285838314, 21.400207242668284, 45.195169946239915, 27.426169355989092, 0.0, 26.576082725987476, 22.02503786071101, 5.012540485399686, 61.289595040240066, 53.34011360217571, 36.46442830525008, 60.32374101677893, 58.44189819135351, 20.47942180200126, 27.74938066913818, 74.0560492061442, 21.072482216489842, 14.481323635486627, 48.88247728617968, 49.620619070533714, 34.84416256402421, 48.892326965830925, 60.984481167755256, 44.226983949307346, 28.89905597924581, 17.120051778062543, 75.71828219609942, 48.47654177645846, 3.9356167548699283, 42.40765915043196, 48.82986000228553, 31.540539291625084, 40.109865210161104], [68.05962587570261, 54.5476239883186, 54.18464815791662, 19.493488588917717, 13.049301269615128, 47.6320771824118, 22.23494654066997, 64.08031083991816, 19.27977102594378, 27.314072892565243, 34.36920138699672, 20.783265605012346, 61.72143492387683, 44.53338047540143, 24.246689600471445, 55.63634422054639, 30.96509163596266, 46.145705682125254, 60.639336955027346, 23.235369664823708, 16.809132923128733, 12.198602841598607, 25.323804054282647, 58.369341049746836, 41.838098261648156, 4.205348559082801, 21.333056847468825, 24.733564975180506, 53.204434313815476, 14.087983145489565, 26.576082725987476, 0.0, 48.34648336273063, 29.518446170214446, 35.34475375786809, 79.88342559485194, 20.71567834537629, 72.47845790029156, 58.122924592778695, 41.37294887558761, 51.61206513783783, 48.2308810572068, 45.23983024998369, 40.83228062256668, 38.973835844476746, 69.79991867883646, 60.895601018936496, 51.81635449558658, 36.95323265910169, 52.807344416603, 36.8100840461877, 39.27233426009437, 79.529714591224, 49.36370212203873, 27.746397917190674, 16.599689553134418, 74.59572216146414, 24.93205889188999, 32.83915905108432], [19.80443281483019, 11.674419770797456, 71.06764273753087, 29.660170774772407, 61.19226255773933, 74.80631532190127, 45.027440019156536, 16.21795530783945, 40.21947096678124, 71.75386950089553, 26.105787353092595, 27.584220957729844, 13.52240289204803, 54.634233453137156, 68.14197260453213, 33.716669014151066, 63.30795340852337, 19.390624382680812, 72.21906599762202, 68.32675991050884, 31.54825895060259, 40.41913621082895, 43.239807965158796, 64.08722370130404, 82.8039837528813, 44.30968431506197, 28.14939343644329, 39.49221628296064, 53.55165694562882, 46.21044185716583, 22.02503786071101, 48.34648336273063, 0.0, 20.85890401038559, 83.30117027249656, 32.612721606281305, 57.461361895068364, 62.514939083858394, 70.81188654067422, 24.173899065232877, 20.97265052618775, 96.07934164402329, 9.3961281741724, 7.547610383087352, 67.1077078154996, 43.659403698026345, 18.18185919448681, 52.68071698066456, 82.8716154281545, 52.30740940277163, 34.833953387387936, 14.632170181518726, 83.62048230083154, 53.98363704313017, 22.27211576983501, 63.524747753572505, 31.54898944185403, 50.72297315717844, 58.23395274534721], [39.61863905844922, 25.095088097933257, 54.046363768528416, 14.880522444207905, 41.70712649307634, 55.49208844979206, 34.289613438926224, 37.061678317576025, 19.434948551116733, 51.0442993924926, 24.871501541789545, 11.02121194488895, 33.3307811259055, 38.37034916544723, 52.04251042874288, 30.84389736312922, 42.81853198734379, 17.802231810528124, 56.89980704432057, 51.66618150561962, 14.027508865109466, 25.13556156879129, 23.24055