instance_id,num_cities,city_coordinates,distance_matrix,best_route,total_distance
431,51,"[[98.68356722559061, 80.68389242789462], [43.94553842209065, 43.522372822094624], [88.59729869647036, 63.36048782020784], [80.44093378043848, 55.73550510935513], [62.20359912226328, 11.991750606737794], [86.09895889909444, 43.065906167218145], [71.38287126251893, 63.76073503917071], [49.20584888370295, 18.262525982064147], [99.04308536290918, 51.79801200322265], [85.75314853694415, 8.877327315657968], [3.23325902816064, 30.865304241173476], [42.270282068332165, 38.125147207223286], [46.076005137376555, 51.03398051413054], [86.44333930238929, 95.78350226907682], [41.689317585787855, 53.51388301077938], [82.46810904206596, 67.26090699763306], [71.71655915562138, 25.518238115071632], [59.27437419968417, 79.60000730599475], [3.4180692894512643, 74.13276058227697], [66.42675423348616, 94.87441866734811], [90.68250004238698, 36.708209318550324], [75.06993047405616, 97.72010160680072], [77.38674717864134, 51.39574530735784], [56.1376996311096, 71.20169986281007], [63.811563365368265, 55.18746660246868], [72.23805527485874, 53.910895008335594], [77.07955780278206, 52.353722234188815], [10.954084560058753, 38.017670572441084], [83.29235435806825, 32.98809858448172], [6.337776790709205, 74.29856437848589], [67.62422848477043, 61.575591052082345], [22.079220918445376, 61.42752461968889], [33.49851343308457, 64.7547068364303], [42.05876034533252, 50.47994983921244], [42.19857399565184, 64.78831699127544], [64.85513279886071, 39.49869065802461], [66.340948493455, 72.82183965893861], [59.36098823055923, 68.41473140417253], [55.36050983969375, 68.8151301626246], [66.91903039809138, 52.444123015097446], [32.146352782277155, 87.21664131788759], [45.10726384360393, 65.55607883289537], [99.23705631564394, 2.834891085764024], [11.203244630288367, 0.46809588680821745], [59.68207495840034, 22.605487964057524], [45.23831557536613, 52.77275018498554], [74.79036129293623, 88.25180325748025], [52.61911423637101, 67.57378659915719], [19.390492930812663, 58.596029291543935], [2.649326167086341, 10.729424437395584], [19.66301838677802, 31.7280717683729]]","[[0.0, 66.16064038916983, 20.04577661361977, 30.906564105543094, 77.77787873680859, 39.66718110780952, 32.120418055679146, 79.65219144056124, 28.888117647218, 72.96148655750909, 107.66918344587961, 70.66615552718409, 60.38768802793551, 19.4376283781701, 63.13916299516717, 21.05035918844737, 61.40414432273827, 39.4240954482234, 95.49048342886967, 35.24021877571443, 44.69762612268807, 29.117628059662806, 36.21256834120368, 43.58971008401471, 43.19866182069543, 37.63188133968346, 35.627682584545646, 97.5544392438429, 50.11764343907971, 92.56628665632861, 36.46655597236847, 78.98755328727393, 67.10313101144551, 64.17668503535324, 58.67898924357406, 53.29712769548157, 33.28448377538906, 41.192202308768394, 44.91942585308956, 42.50259258390609, 66.85714407552258, 55.67109688378451, 77.85096890944813, 118.69027279477926, 69.95868397942284, 60.29450045617532, 25.063091670119032, 47.89372301290345, 82.3119999091708, 118.81162841875647, 92.95654638181443], [66.16064038916983, 0.0, 48.86031623187716, 38.48473051261035, 36.435380028466035, 42.15589187430503, 34.093966308219656, 25.801758245017826, 55.71558025141552, 54.29691926489631, 42.63438845007114, 5.651241296266819, 7.807889506389947, 67.35939972072006, 10.243085878423464, 45.2493806805595, 33.096502218978124, 39.1990933090337, 50.78849863035685, 56.05744978904727, 47.23109575004678, 62.49897267975702, 34.355559046403286, 30.24556067216457, 23.03765092086973, 30.139474167247627, 34.29075637483855, 33.447537649099374, 40.7325773553913, 48.595449392288735, 29.775813197023034, 28.261817034032273, 23.66331208468572, 7.208870193037263, 21.33757873128903, 21.2932185251199, 36.87835610744992, 29.27909849322826, 27.749326953128584, 24.64505954705153, 45.25936235902166, 22.064310696810516, 68.64854784347123, 54.09000429995388, 26.175459008830995, 9.340275912622483, 54.33346155922555, 25.567585378395517, 28.812590623505248, 52.7328608210469, 26.995301750696928], [20.04577661361977, 48.86031623187716, 0.0, 11.1654220692403, 57.75270158287005, 20.44778096060837, 17.219079816153563, 59.87914896110697, 15.58221120698594, 54.557345689599636, 91.33978445523012, 52.75428784010965, 44.27192325058184, 32.49448271665386, 47.93030688565646, 7.265000728099369, 41.436641154802395, 33.519485290998674, 85.85769029524381, 38.53129739865371, 26.733724281942607, 36.92658595901611, 16.39608272523344, 33.39326545549296, 26.09848562137384, 18.892317211970866, 15.931329007955123, 81.67451920572519, 30.832198467186807, 82.98355537670794, 21.0488843071969, 66.54615704920865, 55.11642209147738, 48.28813322691396, 46.42068881440794, 33.66119138293822, 24.18392654172428, 29.669971821105477, 33.68140817414907, 24.27167767120262, 61.28478893095761, 43.54542170422203, 61.45365979545301, 99.72608769977619, 49.970593123330644, 44.632965457478896, 28.464172298925288, 36.22404786389327, 69.37061358642309, 100.78235368712794, 75.84553214983478], [30.906564105543094, 38.48473051261035, 11.1654220692403, 0.0, 47.39321083678055, 13.87558955857157, 12.101768961806654, 48.783754398166835, 19.014307651294008, 47.15833385272396, 81.11443725920327, 42.037166383667, 34.68504943289313, 40.49532008214062, 38.815246520489715, 11.702321488818995, 31.45151724794795, 31.898866901177534, 79.18952369684347, 41.57224774863952, 21.608509078801802, 42.32675300056089, 5.3067476798533315, 28.807123602833084, 16.638398558955217, 8.403357531251705, 4.768155186016267, 71.71013788337916, 22.925424814349327, 76.39283372983179, 14.084549636195176, 58.63862732271069, 47.80101283300745, 38.74031619385777, 39.29925552575398, 22.506695354144874, 22.152932389041432, 24.599326897723504, 28.28611420081585, 13.916718980130703, 57.649184649638705, 36.6730404993185, 56.140619754607464, 88.5908805748384, 39.09639696495093, 35.32707524313282, 33.00361517613309, 30.23571648521736, 61.11741917432827, 89.87258487726209, 65.3476231795821], [77.77787873680859, 36.435380028466035, 57.75270158287005, 47.39321083678055, 0.0, 39.199379620870694, 52.57648510684558, 14.43135943256194, 54.23731365803454, 23.75459766172681, 61.916976974058166, 32.867788892026304, 42.24209989907068, 87.22741914468816, 46.31331586419328, 58.867053692630314, 16.536694739559657, 67.67168338795543, 85.54088869367965, 82.99019040789557, 37.70876726798366, 86.68848047834337, 42.227985782753, 59.519855741957514, 43.225633938566425, 43.10342187855123, 43.0160772307246, 57.47922453306766, 29.758733605417472, 83.68470079511584, 49.87925877551771, 63.66994171901359, 60.065892938668114, 43.441408926359586, 56.459529331311685, 27.634441948829302, 60.97062730461269, 56.494541318160316, 57.233943906405685, 40.7262780718012, 81.00754434030846, 56.226523441164964, 38.14872249474163, 52.28604762660169, 10.909147757689832, 44.1691155948097, 77.29179912665441, 56.40234991195404, 63.28444400870962, 59.5676497318597, 46.8958780950687], [39.66718110780952, 42.15589187430503, 20.44778096060837, 13.87558955857157, 39.199379620870694, 0.0, 25.39368380851372, 44.45569969325722, 15.614098829020298, 34.190327706764066, 83.7590526597423, 44.1062808660645, 40.80841869774583, 52.71872093119178, 45.62210496787866, 24.465917842338595, 22.68863319923387, 45.32437413041899, 88.32484899442773, 55.417665088685425, 7.837675588579575, 55.755901455795616, 12.053582586210773, 41.10109419230002, 25.370459732968747, 17.59938726900208, 12.94654870728255, 75.31425377742143, 10.461320888127304, 85.65818764291517, 26.15194253624229, 66.60086998910054, 56.89649319326716, 44.65990519722374, 48.98067911615285, 21.541243554307698, 35.7182663794458, 36.84402280377517, 40.09831401621503, 21.34995570368793, 69.71492753450289, 46.75603629537367, 42.32191132511542, 86.16229718688122, 33.41377665251757, 41.997797485275456, 46.57949844802716, 41.491399131703325, 68.49236567748355, 89.49574992015087, 67.39644412438749], [32.120418055679146, 34.093966308219656, 17.219079816153563, 12.101768961806654, 52.57648510684558, 25.39368380851372, 0.0, 50.6152877004041, 30.136260327290607, 56.73352899555254, 75.67350272770001, 38.79080062436159, 28.326802746100896, 35.38750229446414, 31.41186251155218, 11.624702162546054, 38.24395270627411, 19.93735807631641, 68.75167795119732, 31.50594237472961, 33.231232581797784, 34.15893709271482, 13.745526438955782, 16.964174473807038, 11.437903433811956, 9.886894776824702, 12.750379550077561, 65.68366334538312, 32.9968323021412, 65.89317234760507, 4.347671764867887, 49.35882705365114, 37.897395003909864, 32.1913456787827, 29.202382293730032, 25.12485158170345, 10.3694070293139, 12.891289842353665, 16.800683784525887, 12.165179117725021, 45.7130607354868, 26.336871579035478, 66.9911493139847, 87.3358210155824, 42.78624774345243, 28.359717968175154, 24.72697738870007, 19.14726977758006, 52.248268775595314, 86.81370931787106, 60.83612987122541], [79.65219144056124, 25.801758245017826, 59.87914896110697, 48.783754398166835, 14.43135943256194, 44.45569969325722, 50.6152877004041, 0.0, 60.069784106151424, 37.73310305224999, 47.66874277631192, 21.038674126109154, 32.92057341577927, 86.00077009639703, 36.04381243873195, 59.22178056247116, 23.651161398614786, 62.15836079886672, 72.23575205156094, 78.5235103767506, 45.39334560361341, 83.56109765119879, 43.49681886721921, 53.39107309242036, 39.70866574616086, 42.44159216473891, 44.035818498200186, 43.051866529319234, 37.13128524469637, 70.55288232337047, 47.06653070801638, 50.98108523905351, 49.0738552342624, 33.00065566873564, 47.050516791949455, 26.379438530827873, 57.18680221456439, 51.170016258111794, 50.9258838010654, 38.498550298554655, 71.03306574392381, 47.470817778771085, 52.355836690778276, 41.962360186917444, 11.34075092510233, 34.73754302032116, 74.51889833292819, 49.42925049011562, 50.15722220990081, 47.16203373843336, 32.46690248688986], [28.888117647218, 55.71558025141552, 15.58221120698594, 19.014307651294008, 54.23731365803454, 15.614098829020298, 30.136260327290607, 60.069784106151424, 0.0, 44.93114281751012, 98.06987853844842, 58.39604803113318, 52.9725903815769, 45.7545293355438, 57.37942916713737, 22.6678398098424, 37.91260410694485, 48.52320404094704, 98.1987000582933, 54.03148959113825, 17.251131324179166, 51.802996717216956, 21.66007391598605, 47.08901387103803, 35.394188007970456, 26.88817421497013, 21.970556587061328, 89.16036043216457, 24.533617140719134, 95.39679813630424, 32.90510020628515, 77.56393455373755, 66.8129242771548, 56.99956653850105, 58.309917649271966, 36.33303463893531, 38.87712804626599, 43.02074146817044, 46.88016334007879, 32.13055192215504, 75.6944656662179, 55.66288930564144, 48.96350513094604, 101.73788826415817, 49.00502627120086, 53.81359834106517, 43.784398153032015, 49.0312161715308, 79.9421573402044, 104.77779200075885, 81.87794290384628], [72.96148655750909, 54.29691926489631, 54.557345689599636, 47.15833385272396, 23.75459766172681, 34.190327706764066, 56.73352899555254, 37.73310305224999, 44.93114281751012, 0.0, 85.39908251157527, 52.404147209324805, 57.89178799489732, 86.90891558595673, 62.721952316679015, 58.47592548189763, 21.770295213751822, 75.51703751749747, 105.05873045827795, 88.14198340021441, 28.264049591718614, 89.48278992033134, 43.333734436407845, 69.00291462895103, 51.24511840756471, 47.017868571574404, 44.33314889939352, 80.27490004317254, 24.236022758867147, 102.8918827139606, 55.72938850455698, 82.55841746944039, 76.50378050754055, 60.33222820579903, 70.87340636642203, 37.072833109089714, 66.82614884420927, 65.12486937596874, 67.20307059281923, 47.463561745669296, 94.92490015492518, 69.74646095722026, 14.775885915125887, 75.02268554054544, 29.464610506947334, 59.73491306415081, 80.12796100735565, 67.40280826086581, 82.9213566294292, 83.12445823119226, 69.92897700745507], [107.66918344587961, 42.63438845007114, 91.33978445523012, 81.11443725920327, 61.916976974058166, 83.7590526597423, 75.67350272770001, 47.66874277631192, 98.06987853844842, 85.39908251157527, 0.0, 39.70635324139684, 47.35268098832501, 105.53809688654448, 44.629884159279385, 87.19404427328784, 68.69172812285893, 74.26760984766014, 43.2678510335558, 89.9476768231877, 87.64421996747693, 98.13292666187338, 76.9430881577777, 66.527472875919, 65.27862236828037, 72.75136534014895, 76.90921889184156, 10.524613581061313, 80.08723369468579, 43.54407097060898, 71.33946077431716, 35.90570419912423, 45.436518709713745, 43.49889509477666, 51.66300963512845, 62.22371483634486, 75.78213070315591, 67.52985610592664, 64.47820999870362, 67.24227014803222, 63.3359311983947, 54.37722060805816, 100.01216503645512, 31.42468689162736, 57.049920112632876, 47.37468694688101, 91.7258368938661, 61.53434302625422, 32.09438142735036, 20.144344939918813, 16.452396797672527], [70.66615552718409, 5.651241296266819, 52.75428784010965, 42.037166383667, 32.867788892026304, 44.1062808660645, 38.79080062436159, 21.038674126109154, 58.39604803113318, 52.404147209324805, 39.70635324139684, 0.0, 13.458139002989038, 72.63432311133668, 15.399698352942737, 49.64632707436371, 32.03150622682596, 44.82525147084144, 52.97209320748786, 61.67669704775701, 48.432949137418355, 68.02481551189115, 37.540310278137774, 35.86591146810901, 27.479984407990564, 33.87118634766332, 37.605026584952036, 31.31638193668314, 41.34246828016857, 50.98687130401902, 34.536153743700396, 30.833094937606486, 28.03707137052309, 12.356613189491156, 26.66326620991658, 22.626579594174082, 42.22863304960812, 34.778601868787995, 33.365088294637395, 28.506032035523518, 50.124532299129044, 27.57724561020409, 67.0120552233878, 48.818176218752676, 23.324458293186773, 14.945283399555393, 59.75146190308056, 31.21411041946249, 30.700843054996316, 48.169967537976625, 23.494913180040907], [60.38768802793551, 7.807889506389947, 44.27192325058184, 34.68504943289313, 42.24209989907068, 40.80841869774583, 28.326802746100896, 32.92057341577927, 52.9725903815769, 57.89178799489732, 47.35268098832501, 13.458139002989038, 0.0, 60.26641987779111, 5.039141203434214, 39.84593291304277, 36.173071759772675, 31.467679173691575, 48.510340458940384, 48.3336012132233, 46.85047607078114, 54.95672487610971, 31.312831889502508, 22.538291856578677, 18.215418533333317, 26.319755021715128, 31.031628962789487, 37.456289585829815, 41.3607362595893, 46.04745003269453, 23.988569823210113, 26.150935201711835, 18.613211124977422, 4.055268882325204, 14.290424912693648, 22.03902329484453, 29.755314404977558, 21.876500572254347, 20.05919515806879, 20.890672652928853, 38.77138323007916, 14.554373888083692, 71.75827188625739, 61.42489815643492, 31.516730868605826, 1.9300372459065191, 47.0072396465026, 17.78700261459554, 27.73627847132073, 59.248069056563516, 32.716417615423836], [19.4376283781701, 67.35939972072006, 32.49448271665386, 40.49532008214062, 87.22741914468816, 52.71872093119178, 35.38750229446414, 86.00077009639703, 45.7545293355438, 86.90891558595673, 105.53809688654448, 72.63432311133668, 60.26641987779111, 0.0, 61.56007774565804, 28.79827940417928, 71.79195916064253, 31.62369639956897, 85.80180695247506, 20.03721814063937, 59.22719578850634, 11.537107322517137, 45.30226074920064, 39.02174785201431, 46.478332520735336, 44.21657305937553, 44.4277638178104, 95.05534647328638, 62.874409977594205, 82.93674518255003, 39.04279859072087, 72.95939237402948, 61.3672610789501, 63.42241490167871, 54.02129920182884, 60.28292194420101, 30.517930238745627, 38.50329022607664, 41.15137156255043, 47.534202762965364, 54.968662451639204, 51.209064255506654, 93.82496211521698, 121.43351489635685, 77.91782239587079, 59.56323341780317, 13.875099512799233, 44.04391285404112, 76.67458740016144, 119.39695470621105, 92.53490929493873], [63.13916299516717, 10.243085878423464, 47.93030688565646, 38.815246520489715, 46.31331586419328, 45.62210496787866, 31.41186251155218, 36.04381243873195, 57.37942916713737, 62.721952316679015, 44.629884159279385, 15.399698352942737, 5.039141203434214, 61.56007774565804, 0.0, 43.03359735287942, 41.0535183561617, 31.45981717778036, 43.47213542567529, 48.19372035542785, 51.79539164322722, 55.3936375349701, 35.76021514011609, 22.838883701235417, 22.18546011176092, 30.551317368026268, 35.40925127200649, 34.42073719547534, 46.390952727773964, 41.00895531640859, 27.15899003794828, 21.14666911872365, 13.908464794766632, 3.056343966590513, 11.285929455368384, 27.075461421201183, 31.31293816196504, 23.11543264185556, 20.519007335763295, 25.252381967641668, 35.027761771891676, 12.51786071337697, 76.68182610929104, 61.182155697962315, 35.76406299952399, 3.625557142771274, 47.98335333809734, 17.808462700008047, 22.870631644369126, 57.91917493706106, 30.980307098123895], [21.05035918844737, 45.2493806805595, 7.265000728099369, 11.702321488818995, 58.867053692630314, 24.465917842338595, 11.624702162546054, 59.22178056247116, 22.6678398098424, 58.47592548189763, 87.19404427328784, 49.64632707436371, 39.84593291304277, 28.79827940417928, 43.03359735287942, 0.0, 43.105060380422486, 26.271709734208905, 79.34816416640493, 31.93479436019959, 31.637691998241312, 31.34478556894764, 16.65903940344828, 26.623679463117217, 22.222390950622177, 16.81894230308008, 15.851203172940917, 77.26203837741275, 34.28271834125072, 76.45492861884212, 15.895395792492542, 60.66997740871899, 49.03368570029366, 43.755182381598416, 40.34537339266938, 32.87791946323452, 17.058994091805314, 23.135910247031422, 27.152118594375782, 21.478150159211342, 54.13418961553021, 37.39972183071321, 66.57258534066736, 97.67272145136211, 50.13292130253524, 39.94952076559856, 22.350962759821634, 29.85063457542325, 63.669975341130154, 97.81025825598036, 72.15997361175161], [61.40414432273827, 33.096502218978124, 41.436641154802395, 31.45151724794795, 16.536694739559657, 22.68863319923387, 38.24395270627411, 23.651161398614786, 37.91260410694485, 21.770295213751822, 68.69172812285893, 32.03150622682596, 36.173071759772675, 71.79195916064253, 41.0535183561617, 43.105060380422486, 0.0, 55.494555816746846, 83.83349875028331, 69.55761508932159, 22.020952959737443, 72.27969418085263, 26.49144032896708, 48.266753996322905, 30.704268066203632, 28.397445724237052, 27.36612801250549, 62.034781620738656, 13.776714049491172, 81.57147426572413, 36.288839484664464, 61.26452647774651, 54.7733465891219, 38.76431454921756, 49.12688207944252, 15.573446148974554, 47.60806558779858, 44.64044432335009, 46.283271386133805, 27.349946249101944, 73.29730001989365, 48.073727610286035, 35.66387522952053, 65.49328866760399, 12.381959591898031, 37.998760654321494, 62.808824659089, 46.188543609222755, 61.904422101150224, 70.63279466852208, 52.42263958038846], [39.4240954482234, 39.1990933090337, 33.519485290998674, 31.898866901177534, 67.67168338795543, 45.32437413041899, 19.93735807631641, 62.15836079886672, 48.52320404094704, 75.51703751749747, 74.26760984766014, 44.82525147084144, 31.467679173691575, 31.62369639956897, 31.45981717778036, 26.271709734208905, 55.494555816746846, 0.0, 56.12323569576963, 16.866066007927575, 53.161797407036545, 24.038249010419907, 33.519225077805906, 8.964948145940031, 24.830590591577124, 28.77477224341806, 32.548189094850436, 63.74904798567535, 52.43599341627079, 53.20139699625874, 19.86453241021482, 41.397083890039106, 29.745217166643428, 33.8283181262511, 22.604626132435378, 40.48778165623612, 9.791834807684477, 11.185611247948382, 11.473095015120862, 28.211395215629604, 28.176988123190462, 19.948407024093115, 86.54420275331434, 92.58883789599923, 56.99597753286731, 30.277263191081722, 17.76511831269652, 13.74490704475107, 45.076502498541, 89.16026721222069, 62.135189075554244], [95.49048342886967, 50.78849863035685, 85.85769029524381, 79.18952369684347, 85.54088869367965, 88.32484899442773, 68.75167795119732, 72.23575205156094, 98.1987000582933, 105.05873045827795, 43.2678510335558, 52.97209320748786, 48.510340458940384, 85.80180695247506, 43.47213542567529, 79.34816416640493, 83.83349875028331, 56.12323569576963, 0.0, 66.33483819603879, 94.95092370232749, 75.434420974944, 77.38434707540449, 52.80104677278949, 63.2953259781414, 71.7294522377122, 76.81367978014762, 36.89297023251689, 89.84867626256664, 2.924411529135251, 65.42257550131082, 22.57568605791087, 31.50842763354325, 45.30517035972043, 39.89042706330749, 70.52681456139368, 62.9365334363825, 56.23438483110693, 52.21392844438624, 67.10267551477732, 31.567423200949666, 42.56228861802626, 119.43477077244914, 74.0749065458973, 76.29350009920795, 46.959376524683265, 72.75542201028686, 49.63630690915733, 22.282467012868292, 63.407996343434526, 45.409866819654724], [35.24021877571443, 56.05744978904727, 38.53129739865371, 41.57224774863952, 82.99019040789557, 55.417665088685425, 31.50594237472961, 78.5235103767506, 54.03148959113825, 88.14198340021441, 89.9476768231877, 61.67669704775701, 48.3336012132233, 20.03721814063937, 48.19372035542785, 31.93479436019959, 69.55761508932159, 16.866066007927575, 66.33483819603879, 0.0, 63.02102121319663, 9.099582788097782, 44.838783240656504, 25.812056489350383, 39.77302336354033, 41.37368113131748, 43.83482461521762, 79.43492232403143, 64.14331672872315, 63.51417943920119, 33.32035211599173, 55.546362910311196, 44.62584545962981, 50.642551166636565, 38.62872288466147, 55.39802565521943, 22.052745941201184, 27.386859974688118, 28.311628041417134, 42.433151249461076, 35.125311067518865, 36.25032029007108, 97.71279629692123, 109.3717961534781, 72.58298039844318, 47.132795607386555, 10.668128135333871, 30.59371559017748, 59.40144285314829, 105.5838073983106, 78.57676575824696], [44.69762612268807, 47.23109575004678, 26.733724281942607, 21.608509078801802, 37.70876726798366, 7.837675588579575, 33.231232581797784, 45.39334560361341, 17.251131324179166, 28.264049591718614, 87.64421996747693, 48.432949137418355, 46.85047607078114, 59.22719578850634, 51.79539164322722, 31.637691998241312, 22.020952959737443, 53.161797407036545, 94.95092370232749, 63.02102121319663, 0.0, 62.97780028803037, 19.8116318771654, 48.81745717857421, 32.61181055485265, 25.221616477219353, 20.732151648283843, 79.73916806750742, 8.273661650634931, 92.34212004244941, 33.912690272315324, 72.92087804953081, 63.691556328553666, 50.53641161672795, 56.02841718107979, 25.977676663588063, 43.55118170809521, 44.568381672936184, 47.733608264689224, 28.50125382155209, 77.3148254805567, 53.93794332463505, 34.93683043912159, 87.35157618730838, 34.05749704529584, 48.20003501162614, 53.937947218753955, 49.005154829698604, 74.5763162214851, 91.7863659072535, 71.19387996625879], [29.117628059662806, 62.49897267975702, 36.92658595901611, 42.32675300056089, 86.68848047834337, 55.755901455795616, 34.15893709271482, 83.56109765119879, 51.802996717216956, 89.48278992033134, 98.13292666187338, 68.02481551189115, 54.95672487610971, 11.537107322517137, 55.3936375349701, 31.34478556894764, 72.27969418085263, 24.038249010419907, 75.434420974944, 9.099582788097782, 62.97780028803037, 0.0, 46.38225551005878, 32.583047674309164, 43.99745299861933, 43.900638946726396, 45.41086851602939, 87.60834417268671, 65.2521300020918, 72.61320373106095, 36.903443218125354, 64.22745864170979, 53.05563087138583, 57.63132214596774, 46.529866910337084, 59.11069940722615, 26.384059097152168, 33.25019682832887, 34.98512020746632, 46.00381950974002, 44.190001130379756, 43.95777237995481, 97.9145195926763, 116.3482108896737, 76.67458040360756, 53.94617361129422, 9.47242485104933, 37.58775676039183, 68.05066347701099, 113.1906437943453, 86.16770804218548], [36.21256834120368, 34.355559046403286, 16.39608272523344, 5.3067476798533315, 42.227985782753, 12.053582586210773, 13.745526438955782, 43.49681886721921, 21.66007391598605, 43.333734436407845, 76.9430881577777, 37.540310278137774, 31.312831889502508, 45.30226074920064, 35.76021514011609, 16.65903940344828, 26.49144032896708, 33.519225077805906, 77.38434707540449, 44.838783240656504, 19.8116318771654, 46.38225551005878, 0.0, 29.048198868947175, 14.094777967174524, 5.730183796215006, 1.0060244057582948, 67.76630096299662, 19.33177834633717, 74.64914811697508, 14.104468463382966, 56.20995514313795, 45.87634373443318, 35.339854768149756, 37.65061099457661, 17.2795042837677, 24.105750097362783, 24.790600505391836, 28.08184645010983, 10.520085095468223, 57.7046781130938, 35.24883104347462, 53.250282366513936, 83.50976880024427, 33.798436891661595, 32.17790852407091, 36.94739811259069, 29.583182073641083, 58.44150576629347, 85.08485031165743, 60.98234374040308], [43.58971008401471, 30.24556067216457, 33.39326545549296, 28.807123602833084, 59.519855741957514, 41.10109419230002, 16.964174473807038, 53.39107309242036, 47.08901387103803, 69.00291462895103, 66.527472875919, 35.86591146810901, 22.538291856578677, 39.02174785201431, 22.838883701235417, 26.623679463117217, 48.266753996322905, 8.964948145940031, 52.80104677278949, 25.812056489350383, 48.81745717857421, 32.583047674309164, 29.048198868947175, 0.0, 17.757923626612286, 23.6261165740526, 28.174592887412807, 56.06013620062798, 46.87914884038955, 49.89612093878927, 14.986738002045435, 35.43323967553977, 23.539253828255397, 25.05209483163166, 15.343751279852313, 32.87969637440284, 10.331076435006771, 4.261077631865266, 2.5099280678386786, 21.635243985333577, 28.84550352187569, 12.391269122882488, 80.8181606384227, 83.79945093886172, 48.72529535435539, 21.41080939671324, 25.271086498991693, 5.053928949704005, 38.8491972996307, 80.73352581768007, 53.74541549577539], [43.19866182069543, 23.03765092086973, 26.09848562137384, 16.638398558955217, 43.225633938566425, 25.370459732968747, 11.437903433811956, 39.70866574616086, 35.394188007970456, 51.24511840756471, 65.27862236828037, 27.479984407990564, 18.215418533333317, 46.478332520735336, 22.18546011176092, 22.222390950622177, 30.704268066203632, 24.830590591577124, 63.2953259781414, 39.77302336354033, 32.61181055485265, 43.99745299861933, 14.094777967174524, 17.757923626612286, 0.0, 8.522640490813624, 13.567231977673313, 55.576208591145324, 29.534948080186012, 60.56789744934151, 7.439391728929038, 42.196288108855214, 31.78699548386822, 22.25635085329162, 23.649474363793498, 15.723445163115073, 17.814850608998636, 13.955936126429282, 16.035383369368414, 4.145152035550913, 45.03946707302758, 21.385951935437134, 63.21200609063357, 75.90681610797306, 32.84262484176872, 18.72955922721306, 34.839408180540495, 16.694066028549095, 44.55165314729753, 75.61307276027286, 49.994371980340006], [37.63188133968346, 30.139474167247627, 18.892317211970866, 8.403357531251705, 43.10342187855123, 17.59938726900208, 9.886894776824702, 42.44159216473891, 26.88817421497013, 47.017868571574404, 72.75136534014895, 33.87118634766332, 26.319755021715128, 44.21657305937553, 30.551317368026268, 16.81894230308008, 28.397445724237052, 28.77477224341806, 71.7294522377122, 41.37368113131748, 25.221616477219353, 43.900638946726396, 5.730183796215006, 23.6261165740526, 8.522640490813624, 0.0, 5.085757935296559, 63.311291643293586, 23.66349379138844, 68.98190898079747, 8.94622619275657, 50.718915452801106, 40.22860123188101, 30.373693012158668, 31.948219739427806, 16.193183088007117, 19.809081149044975, 19.395363514525542, 22.516388819044735, 5.517557948931557, 52.121179437824594, 29.52439923172083, 57.77286762745006, 81.12571040282167, 33.72952937583366, 27.02371768427275, 34.43562465508773, 23.907686088247882, 53.05483322902383, 81.89768384700442, 57.063229409826405], [35.627682584545646, 34.29075637483855, 15.931329007955123, 4.768155186016267, 43.0160772307246, 12.94654870728255, 12.750379550077561, 44.035818498200186, 21.970556587061328, 44.33314889939352, 76.90921889184156, 37.605026584952036, 31.031628962789487, 44.4277638178104, 35.40925127200649, 15.851203172940917, 27.36612801250549, 32.548189094850436, 76.81367978014762, 43.83482461521762, 20.732151648283843, 45.41086851602939, 1.0060244057582948, 28.174592887412807, 13.567231977673313, 5.085757935296559, 0.0, 67.66166262236257, 20.337802742171306, 74.06737255700509, 13.207805154774482, 55.74379738698857, 45.31105656965607, 35.070889317835665, 37.03109744695999, 17.73945894047156, 23.11409874539157, 23.91450863480163, 27.252430999991525, 10.16092955603272, 56.871926646204415, 34.59089187591886, 54.25006339769274, 83.85586955401787, 34.462005912470765, 31.843999293564313, 35.970997231317995, 28.80908986308592, 58.02580980219578, 85.27861131854485, 61.00882276890415], [97.5544392438429, 33.447537649099374, 81.67451920572519, 71.71013788337916, 57.47922453306766, 75.31425377742143, 65.68366334538312, 43.051866529319234, 89.16036043216457, 80.27490004317254, 10.524613581061313, 31.31638193668314, 37.456289585829815, 95.05534647328638, 34.42073719547534, 77.26203837741275, 62.034781620738656, 63.74904798567535, 36.89297023251689, 79.43492232403143, 79.73916806750742, 87.60834417268671, 67.76630096299662, 56.06013620062798, 55.576208591145324, 63.311291643293586, 67.66166262236257, 0.0, 72.51290831122192, 36.57339952461157, 61.371661455207786, 25.918910577146956, 34.97313799750881, 33.508346127942445, 41.144691392367214, 53.92139113316307, 65.41433239113628, 57.15951040879457, 54.04085605655033, 57.79444344168522, 53.56912314770281, 43.87258351970438, 95.03531488034116, 37.55040132691684, 51.10726387721251, 37.32453443357987, 81.23138749113322, 51.0836440802013, 22.240544817297145, 28.523979194573663, 10.742652443149739], [50.11764343907971, 40.7325773553913, 30.832198467186807, 22.925424814349327, 29.758733605417472, 10.461320888127304, 32.9968323021412, 37.13128524469637, 24.533617140719134, 24.236022758867147, 80.08723369468579, 41.34246828016857, 41.3607362595893, 62.874409977594205, 46.390952727773964, 34.28271834125072, 13.776714049491172, 52.43599341627079, 89.84867626256664, 64.14331672872315, 8.273661650634931, 65.2521300020918, 19.33177834633717, 46.87914884038955, 29.534948080186012, 23.66349379138844, 20.337802742171306, 72.51290831122192, 0.0, 87.34163722239394, 32.59961493586431, 67.49702703607838, 59.06389755083343, 44.79033529149721, 51.9610688419157, 19.552977982174145, 43.290612016622255, 42.75227008791557, 45.428670791691616, 25.428775514032697, 74.54292940433487, 50.18739358702437, 34.109374708086385, 79.08470343119825, 25.792322435673142, 42.88988583137889, 55.913870732260634, 46.22788633510907, 68.84194948551266, 83.65851164464776, 63.6418106571823], [92.56628665632861, 48.595449392288735, 82.98355537670794, 76.39283372983179, 83.68470079511584, 85.65818764291517, 65.89317234760507, 70.55288232337047, 95.39679813630424, 102.8918827139606, 43.54407097060898, 50.98687130401902, 46.04745003269453, 82.93674518255003, 41.00895531640859, 76.45492861884212, 81.57147426572413, 53.20139699625874, 2.924411529135251, 63.51417943920119, 92.34212004244941, 72.61320373106095, 74.64914811697508, 49.89612093878927, 60.56789744934151, 68.98190898079747, 74.06737255700509, 36.57339952461157, 87.34163722239394, 0.0, 62.59315626738179, 20.333635378337362, 28.78872751164113, 42.93384521190897, 37.100425624781785, 68.08312687549534, 60.02134062386907, 53.34866860442404, 49.328454328021266, 64.40267770790076, 28.861034398039852, 39.74297648464985, 117.20636815779613, 73.99061328978554, 74.28181672651435, 44.459111489431486, 69.86021185373554, 46.767347925027465, 20.41918232424503, 63.67605688838487, 44.6072741227402], [36.46655597236847, 29.775813197023034, 21.0488843071969, 14.084549636195176, 49.87925877551771, 26.15194253624229, 4.347671764867887, 47.06653070801638, 32.90510020628515, 55.72938850455698, 71.33946077431716, 34.536153743700396, 23.988569823210113, 39.04279859072087, 27.15899003794828, 15.895395792492542, 36.288839484664464, 19.86453241021482, 65.42257550131082, 33.32035211599173, 33.912690272315324, 36.903443218125354, 14.104468463382966, 14.986738002045435, 7.439391728929038, 8.94622619275657, 13.207805154774482, 61.371661455207786, 32.59961493586431, 62.59315626738179, 0.0, 45.54524824704558, 34.27347669786579, 27.86945308242255, 25.62782694963426, 22.249885885704458, 11.31922767963111, 10.726368456024833, 14.241127818353162, 9.158657808430918, 43.77377209123191, 22.86608798252871, 66.70712642587357, 83.17122930726542, 39.77117973266213, 24.05450278261564, 27.621979600522668, 16.159573120242616, 48.32567675443347, 82.50497312647933, 56.490283071119194], [78.98755328727393, 28.261817034032273, 66.54615704920865, 58.63862732271069, 63.66994171901359, 66.60086998910054, 49.35882705365114, 50.98108523905351, 77.56393455373755, 82.55841746944039, 35.90570419912423, 30.833094937606486, 26.150935201711835, 72.95939237402948, 21.14666911872365, 60.66997740871899, 61.26452647774651, 41.397083890039106, 22.57568605791087, 55.546362910311196, 72.92087804953081, 64.22745864170979, 56.20995514313795, 35.43323967553977, 42.196288108855214, 50.718915452801106, 55.74379738698857, 25.918910577146956, 67.49702703607838, 20.333635378337362, 45.54524824704558, 0.0, 11.89413229446751, 22.782260407708936, 20.39811985478592, 48.06924584512741, 45.70482406856021, 37.930874397563464, 34.09136119191523, 45.730843186632015, 27.68439423279997, 23.39520721973477, 96.88358100123058, 61.92203817430198, 54.04743437057251, 24.723446075412102, 59.14394511712209, 31.152232988833024, 3.904692559573181, 54.29381338737166, 29.797575980968272], [67.10313101144551, 23.66331208468572, 55.11642209147738, 47.80101283300745, 60.065892938668114, 56.89649319326716, 37.897395003909864, 49.0738552342624, 66.8129242771548, 76.50378050754055, 45.436518709713745, 28.03707137052309, 18.613211124977422, 61.3672610789501, 13.908464794766632, 49.03368570029366, 54.7733465891219, 29.745217166643428, 31.50842763354325, 44.62584545962981, 63.691556328553666, 53.05563087138583, 45.87634373443318, 23.539253828255397, 31.78699548386822, 40.22860123188101, 45.31105656965607, 34.97313799750881, 59.06389755083343, 28.78872751164113, 34.27347669786579, 11.89413229446751, 0.0, 16.64471431200521, 8.700125483856374, 40.26293495578852, 33.81869560865173, 26.12017194595948, 22.23587022067037, 35.61574691383532, 22.502596274094063, 11.63637757940382, 90.30846916496014, 68.0429816981664, 49.619910778851484, 16.77469044534116, 47.50926477963276, 19.327301565072514, 15.393685445480948, 62.21256700432861, 35.80753478103473], [64.17668503535324, 7.208870193037263, 48.28813322691396, 38.74031619385777, 43.441408926359586, 44.65990519722374, 32.1913456787827, 33.00065566873564, 56.99956653850105, 60.33222820579903, 43.49889509477666, 12.356613189491156, 4.055268882325204, 63.42241490167871, 3.056343966590513, 43.755182381598416, 38.76431454921756, 33.8283181262511, 45.30517035972043, 50.642551166636565, 50.53641161672795, 57.63132214596774, 35.339854768149756, 25.05209483163166, 22.25635085329162, 30.373693012158668, 35.070889317835665, 33.508346127942445, 44.79033529149721, 42.93384521190897, 27.86945308242255, 22.782260407708936, 16.64471431200521, 0.0, 14.309050227567553, 25.303411830114943, 32.99673774750474, 24.920342685748704, 22.652050174383323, 24.937742547411244, 38.05049703348802, 15.381256093477543, 74.42720707972376, 58.76434621263089, 32.978278347734204, 3.9200133783459616, 49.98070238846471, 20.092792973591557, 24.077397975128886, 55.97506384069611, 29.209624938670327], [58.67898924357406, 21.33757873128903, 46.42068881440794, 39.29925552575398, 56.459529331311685, 48.98067911615285, 29.202382293730032, 47.050516791949455, 58.309917649271966, 70.87340636642203, 51.66300963512845, 26.66326620991658, 14.290424912693648, 54.02129920182884, 11.285929455368384, 40.34537339266938, 49.12688207944252, 22.604626132435378, 39.89042706330749, 38.62872288466147, 56.02841718107979, 46.529866910337084, 37.65061099457661, 15.343751279852313, 23.649474363793498, 31.948219739427806, 37.03109744695999, 41.144691392367214, 51.9610688419157, 37.100425624781785, 25.62782694963426, 20.39811985478592, 8.700125483856374, 14.309050227567553, 0.0, 33.954158167722476, 25.443893822369926, 17.541360946762925, 13.764148338332678, 27.631143473740334, 24.577975576160107, 3.0083109674744692, 84.2117298646557, 71.39888854453488, 45.6624996102264, 12.394106444107194, 40.15918060662854, 10.786403471263275, 23.633725665170136, 66.98139195296869, 40.01038716132467], [53.29712769548157, 21.2932185251199, 33.66119138293822, 22.506695354144874, 27.634441948829302, 21.541243554307698, 25.12485158170345, 26.379438530827873, 36.33303463893531, 37.072833109089714, 62.22371483634486, 22.626579594174082, 22.03902329484453, 60.28292194420101, 27.075461421201183, 32.87791946323452, 15.573446148974554, 40.48778165623612, 70.52681456139368, 55.39802565521943, 25.977676663588063, 59.11069940722615, 17.2795042837677, 32.87969637440284, 15.723445163115073, 16.193183088007117, 17.73945894047156, 53.92139113316307, 19.552977982174145, 68.08312687549534, 22.249885885704458, 48.06924584512741, 40.26293495578852, 25.303411830114943, 33.954158167722476, 0.0, 33.356257398206694, 29.43336604892963, 30.815604656790548, 13.108924143943263, 57.85211409577332, 32.695042541184876, 50.26281790537442, 66.34690974150867, 17.66750759672131, 23.685864440743888, 49.755148008670325, 30.625661827385734, 49.31269432118482, 68.53636303148228, 45.85531291969322], [33.28448377538906, 36.87835610744992, 24.18392654172428, 22.152932389041432, 60.97062730461269, 35.7182663794458, 10.3694070293139, 57.18680221456439, 38.87712804626599, 66.82614884420927, 75.78213070315591, 42.22863304960812, 29.755314404977558, 30.517930238745627, 31.31293816196504, 17.058994091805314, 47.60806558779858, 9.791834807684477, 62.9365334363825, 22.052745941201184, 43.55118170809521, 26.384059097152168, 24.105750097362783, 10.331076435006771, 17.814850608998636, 19.809081149044975, 23.11409874539157, 65.41433239113628, 43.290612016622255, 60.02134062386907, 11.31922767963111, 45.70482406856021, 33.81869560865173, 32.99673774750474, 25.443893822369926, 33.356257398206694, 0.0, 8.254843938005818, 11.688616428682533, 20.385914605559137, 37.10095269196443, 22.44238499336881, 77.33257321745646, 90.96829461491163, 50.65592338808798, 29.10819652280409, 17.59194000979872, 14.691180902063829, 49.05832200706346, 88.94993413493509, 62.189443786606674], [41.192202308768394, 29.27909849322826, 29.669971821105477, 24.599326897723504, 56.494541318160316, 36.84402280377517, 12.891289842353665, 51.170016258111794, 43.02074146817044, 65.12486937596874, 67.52985610592664, 34.778601868787995, 21.876500572254347, 38.50329022607664, 23.11543264185556, 23.135910247031422, 44.64044432335009, 11.185611247948382, 56.23438483110693, 27.386859974688118, 44.568381672936184, 33.25019682832887, 24.790600505391836, 4.261077631865266, 13.955936126429282, 19.395363514525542, 23.91450863480163, 57.15951040879457, 42.75227008791557, 53.34866860442404, 10.726368456024833, 37.930874397563464, 26.12017194595948, 24.920342685748704, 17.541360946762925, 29.43336604892963, 8.254843938005818, 0.0, 4.020465958263001, 17.66873888321941, 33.07791104326795, 14.537556652428005, 76.7516531555788, 83.28213221813537, 45.81036870886891, 21.07418941233891, 25.131155421335055, 6.794119009746126, 41.15880714602404, 80.89380232040546, 54.054045222820946], [44.91942585308956, 27.749326953128584, 33.68140817414907, 28.28611420081585, 57.233943906405685, 40.09831401621503, 16.800683784525887, 50.9258838010654, 46.88016334007879, 67.20307059281923, 64.47820999870362, 33.365088294637395, 20.05919515806879, 41.15137156255043, 20.519007335763295, 27.152118594375782, 46.283271386133805, 11.473095015120862, 52.21392844438624, 28.311628041417134, 47.733608264689224, 34.98512020746632, 28.08184645010983, 2.5099280678386786, 16.035383369368414, 22.516388819044735, 27.252430999991525, 54.04085605655033, 45.428670791691616, 49.328454328021266, 14.241127818353162, 34.09136119191523, 22.23587022067037, 22.652050174383323, 13.764148338332678, 30.815604656790548, 11.688616428682533, 4.020465958263001, 0.0, 20.040191429307402, 29.622840861127298, 10.758739193146274, 79.23725941308102, 81.37064068245611, 46.4112804950996, 18.96883686660153, 27.482783492422204, 3.009349380925917, 37.39347722582794, 78.4373513943788, 51.47582730145895], [42.5025