instance_id,num_cities,city_coordinates,distance_matrix,best_route,total_distance
822,45,"[[14.336752050350599, 18.20786333798077], [57.47094099491492, 4.605751700823635], [40.38388978418248, 56.5494630996629], [64.95873649399378, 17.54843969393487], [82.33388242503783, 71.70373083914141], [32.477995618053036, 93.17402570753845], [58.119822971887146, 16.847636413820467], [95.99872459404426, 66.05048430143341], [9.352768789005061, 70.13374336322903], [85.87826133993424, 3.4951362910676353], [54.3447887491981, 33.10605765219916], [18.241254663413876, 26.20012672338926], [40.39441241096733, 64.1315388466882], [79.60979130015112, 53.59122359488045], [89.59190186539855, 10.703637872778105], [3.060537008966857, 32.59510191011312], [61.50464692851052, 46.85112006077834], [31.95974938248838, 58.39252404165871], [21.260750221092927, 86.86567567958117], [86.81790432526184, 63.60675812917723], [92.87981901141144, 37.994536376510034], [74.68570229968033, 77.9541233047919], [98.27052385670686, 65.56631148885803], [95.15257534958857, 46.35879273873649], [75.76934510924518, 30.97147136672983], [69.02512310194456, 5.750587982509881], [15.837111047633822, 26.055485543667935], [34.79632800534132, 88.38919493561689], [42.279081198511925, 11.645736706818044], [49.16438965421017, 59.61948388739038], [94.09585350305086, 58.57493256102955], [33.7673672524012, 72.81606728834555], [49.455213403496586, 84.63513016464142], [50.84416063820903, 74.1028015439716], [94.89509453524167, 11.506409730252386], [78.60190574637147, 79.09534372984652], [32.01110190844959, 34.67917623788609], [61.8250553126413, 27.151828712636018], [86.35219242027176, 91.82947895861587], [34.279410026469215, 70.44646121485657], [50.472240182522654, 41.276628022926154], [27.12403152882663, 61.39959148868006], [58.69251736808292, 78.50641152367753], [66.98662824620968, 16.725792653139347], [37.37025956462689, 98.03076164812803]]","[[0.0, 45.2280410464024, 46.35225621704117, 50.62627922882324, 86.51830776716537, 77.12995668740902, 43.80419519413078, 94.64456741081115, 52.16451960428514, 73.03870130683151, 42.69191017418333, 8.89502190425404, 52.8013791079202, 74.24656110538417, 75.62837412980599, 18.27965151174885, 55.18375180182328, 43.87911793596418, 69.00606456104317, 85.52530083759423, 80.99707277169558, 84.92120686976754, 96.37271740954914, 85.57845594342065, 62.7445071687657, 56.08922924732379, 7.9897591580674705, 73.10276022884082, 28.70253062270993, 54.109949709772025, 89.39247475151667, 57.962097493230836, 75.13912500071304, 66.76102904279092, 80.83660077198658, 88.5284996373655, 24.15961074920437, 48.323218677508656, 102.98721249876711, 55.91583599745586, 42.87121886113959, 45.04486538002488, 74.85551970445826, 52.670731881702146, 83.07970608423174], [45.2280410464024, 0.0, 54.68195747194953, 14.952600239525278, 71.55630413180833, 92.02709643979493, 12.259069668875567, 72.52479075062388, 81.29745498935294, 28.429022420282696, 28.671244604750097, 44.780412261201505, 61.9267887413287, 53.75597780266941, 32.69465312569097, 61.187382580498785, 42.43750618765183, 59.53014174626802, 89.8769882053663, 65.89660853390976, 48.66826054531312, 75.34143364533135, 73.353907948839, 56.24252842425344, 32.09334458470309, 11.610761141039337, 46.8344625036733, 86.79748518537137, 16.743774752372648, 55.6373033518974, 65.22313009163412, 72.21154035689948, 80.4298035937227, 69.81227796596394, 38.05504367950549, 77.42878658469064, 39.403226640658474, 22.96266317556404, 91.88092990733391, 69.8057743884533, 37.33276018850359, 64.39312969557903, 73.91075544931641, 15.40920817401931, 95.56291057526373], [46.35225621704117, 54.68195747194953, 0.0, 46.09775393123692, 44.60329262832081, 37.46814311897822, 43.48331137610606, 56.42055702316937, 33.87422531212268, 69.88919398852747, 27.28552654587312, 37.56831788318053, 7.582083048826603, 39.33729185783035, 67.25524621707346, 44.34911591432917, 23.241003421745035, 8.623399280061506, 35.84364953433447, 46.9672558229111, 55.67861251083583, 40.432336320640665, 58.58469048411941, 55.70869484171556, 43.66192975181011, 58.316772536986235, 39.146226044493766, 32.326295333951094, 44.943702500577544, 9.301731322965372, 53.75014021447723, 17.560773964858075, 29.514294955006893, 20.433721072776805, 70.71313951629826, 44.37266588201143, 23.418219920148225, 36.386047968583725, 57.946219602758084, 15.17864386979375, 18.3039423360349, 14.119050475937778, 28.58869406077861, 47.891861746149885, 41.590625101903846], [50.62627922882324, 14.952600239525278, 46.09775393123692, 0.0, 56.87434619533805, 82.30569717675054, 6.874726423667498, 57.5841053795147, 76.5325930986278, 25.201624080859553, 18.833357726771954, 47.51183849364486, 52.66299596805334, 38.9067562033034, 25.566465304884954, 63.70077820039528, 29.50555560242468, 52.50878380413394, 81.94140106805845, 50.98227059829456, 34.606787173871794, 61.183825283157624, 58.44134828195092, 41.733731529827715, 17.23505259408872, 12.478974519170034, 49.8528225437832, 76.99469779827851, 23.435201447309904, 44.93811468701228, 50.32042035370187, 63.46189545766683, 68.85479842777822, 58.28908213253655, 30.54000096358584, 63.040918962644746, 37.13500719430136, 10.101734424883308, 77.30040588968907, 61.15081155086046, 27.800818274977892, 57.91708222560101, 61.27919574969658, 2.1883996692640215, 85.07954046902589], [86.51830776716537, 71.55630413180833, 44.60329262832081, 56.87434619533805, 0.0, 54.282437408859934, 59.962586425207206, 14.788073164545946, 72.99799865907319, 68.30062219420759, 47.677769874868645, 78.60307195595594, 42.617569576780085, 18.31621115651631, 61.430368614404564, 88.39540796989473, 32.42698434746286, 52.10318134426939, 62.927037500148295, 9.255669585048576, 35.32034215297626, 9.877351122875702, 17.07760101427665, 28.40219666869597, 41.257849094424415, 67.28253954323714, 80.6571937410077, 50.38078792873707, 72.1896790441313, 35.30218513158771, 17.626948342449076, 48.57925162443502, 35.33026981419188, 31.580977161238287, 61.493914482363444, 8.28031346364058, 62.47559429362837, 49.04573348025175, 20.522976211707853, 48.07091682517551, 44.0564732153921, 56.16318121096416, 24.600622070426784, 57.079872967740755, 52.10412586303123], [77.12995668740902, 92.02709643979493, 37.46814311897822, 82.30569717675054, 54.282437408859934, 0.0, 80.51845138016517, 69.06930945108707, 32.64399985296558, 104.3738069926508, 63.92431014987611, 68.47034349372376, 30.102087932596877, 61.548390615099606, 100.31631550473911, 67.34384069439137, 54.66587668607833, 34.785362399927244, 12.869416240484698, 61.86314727168508, 81.81171256046127, 44.86798337870129, 71.35014125013622, 78.22895232871144, 75.78455454305839, 94.75521089093606, 69.15068671398076, 5.316885420420239, 82.11530421267686, 37.474565010016676, 70.66723184685097, 20.39874874125981, 19.003648618801797, 26.47692596667177, 102.78858757980665, 48.22472780383715, 58.496712764166126, 72.25081597291086, 53.89097222211001, 22.798843866298647, 54.928432745534856, 32.222346304968, 30.03897562217107, 83.87596832826907, 6.893629705718245], [43.80419519413078, 12.259069668875567, 43.48331137610606, 6.874726423667498, 59.962586425207206, 80.51845138016517, 0.0, 62.094536219804674, 72.23319712915915, 30.802924539088547, 16.690930008451804, 40.9605820921059, 50.49710495497859, 42.56653542023292, 32.06618885916655, 57.266985605177084, 30.193808374741337, 49.09508262761624, 79.1272207692773, 54.86342440056454, 40.687205638870616, 63.312171800211296, 63.131514179602476, 47.35327967841068, 22.605051326066825, 15.558600670159349, 43.273689619299006, 75.2474585164317, 16.672997945554563, 43.699321759149626, 55.09484564399934, 61.036934344100345, 68.33900619697535, 57.71558885149294, 37.1611262079573, 65.53085365598766, 31.61691205772041, 10.95011989112175, 80.12080501394485, 58.66173633178798, 25.598069332626242, 54.273527508114036, 61.661434681001076, 8.867642396644712, 83.79286487763251], [94.64456741081115, 72.52479075062388, 56.42055702316937, 57.5841053795147, 14.788073164545946, 69.06930945108707, 62.094536219804674, 0.0, 86.74211584884554, 63.36872526077643, 53.10730287458906, 87.37433907681859, 55.637414434994774, 20.587139477487735, 55.716431930566465, 98.77636014021016, 39.47729703565353, 64.49523006770778, 77.5824529483365, 9.50048727238009, 28.228775850174422, 24.411913911906446, 2.3228205273484805, 19.709862636362594, 40.49401119688085, 66.0579493590857, 89.5850669029036, 65.15175623878959, 76.45702483995154, 47.27380559656675, 7.7139349370080685, 62.598042698922036, 50.116738678863484, 45.86692118527351, 54.55523870475914, 21.74437084686061, 71.26412019082267, 51.777843512168246, 27.52475519445485, 61.87566891529037, 51.83053865995079, 69.03154459219103, 39.330690567954846, 57.22435618419247, 66.78349385048018], [52.16451960428514, 81.29745498935294, 33.87422531212268, 76.5325930986278, 72.99799865907319, 32.64399985296558, 72.23319712915915, 86.74211584884554, 0.0, 101.47341998119624, 58.2694720176287, 44.82374205927, 31.616611105735124, 72.1782804756243, 99.85116882369134, 38.06234074409132, 57.11303652688803, 25.47413988167898, 20.536737346178885, 77.73962155745397, 89.49690913429114, 65.79932023615984, 89.03498525976644, 89.03288764850103, 77.10282198486685, 87.78371469712827, 44.5526599310831, 31.315111650878848, 67.11921462240765, 41.17662939386974, 85.52775288766207, 24.56150402088841, 42.64383054115258, 41.68079918171327, 103.7046466798263, 69.82659414915673, 42.07643508898021, 67.82909287355565, 79.99760110510944, 24.92860276541738, 50.234888607877444, 19.801595600745355, 50.045103276660384, 78.57525663326963, 39.53762029447452], [73.03870130683151, 28.429022420282696, 69.88919398852747, 25.201624080859553, 68.30062219420759, 104.3738069926508, 30.802924539088547, 63.36872526077643, 101.47341998119624, 0.0, 43.25698275984841, 71.3462070659084, 75.79943158283149, 50.48674756597907, 8.10886064782798, 87.78145283822623, 49.73745478124288, 76.94757379894429, 105.48018572758235, 60.118965468043186, 35.2027046699887, 75.29551198431105, 63.29612121385794, 43.85551213260945, 29.2769393302844, 17.003391744038, 73.58486320343279, 99.07757115686658, 44.35449014633608, 67.06601797683138, 55.689431475817976, 86.72333455841888, 88.94007548222358, 78.8215110515192, 12.06166584636571, 75.94956692115083, 62.242390800978676, 33.737157801452284, 88.33561402501678, 84.52763669901006, 51.77863895163304, 82.49233571931849, 79.78568848687968, 23.063912693191018, 106.25446201399592], [42.69191017418333, 28.671244604750097, 27.28552654587312, 18.833357726771954, 47.677769874868645, 63.92431014987611, 16.690930008451804, 53.10730287458906, 58.2694720176287, 43.25698275984841, 0.0, 36.75808830008542, 34.01754669766564, 32.52633360215768, 41.763948508248426, 51.286797056608854, 15.498074388891137, 33.77122103084832, 63.12408522726618, 44.551048975335284, 38.843864142844204, 49.245322182390694, 54.61811314825288, 42.90583217345802, 21.53063105984001, 31.045675021775864, 39.14781997793937, 58.63759532374533, 24.619640000971764, 27.0147793904055, 47.21028212356547, 44.724882792017226, 51.76053768126665, 41.14592819343157, 45.944228034582295, 51.994443539153735, 22.38902119310393, 9.560712846064225, 66.87984823318587, 42.390154063280534, 9.041839004553326, 39.26186038137387, 45.60805713685829, 20.691282882113082, 67.10701774029927], [8.89502190425404, 44.780412261201505, 37.56831788318053, 47.51183849364486, 78.60307195595594, 68.47034349372376, 40.9605820921059, 87.37433907681859, 44.82374205927, 71.3462070659084, 36.75808830008542, 0.0, 43.926693750560574, 67.20393944374075, 73.01408099017067, 16.472701543549352, 47.93938502009086, 34.99353572382472, 60.740646881466134, 78.11538230062192, 75.56469669757037, 76.57970900382857, 89.1873333529015, 79.50926402130709, 57.72561753718431, 54.74655174800254, 2.408490729931749, 64.35488061104377, 28.100664997219045, 45.53123884668726, 82.47453072401906, 49.133553574735956, 66.24923280617473, 57.94493707795174, 78.04944898056753, 80.25778579875447, 16.17105357794929, 43.59419016001941, 94.58494445171499, 47.0633673187577, 35.58282336982182, 36.30297569902033, 66.12300722147334, 49.657571948304366, 74.33410349363025], [52.8013791079202, 61.9267887413287, 7.582083048826603, 52.66299596805334, 42.617569576780085, 30.102087932596877, 50.49710495497859, 55.637414434994774, 31.616611105735124, 75.79943158283149, 34.01754669766564, 43.926693750560574, 0.0, 40.60719378422662, 72.62873791480075, 48.87090245930264, 27.281035075709617, 10.201952329644426, 29.71427277139607, 46.42645793422151, 58.633273865101906, 36.97237351500659, 57.89389301657284, 57.57019118111652, 48.48686356821897, 65.0234805164722, 45.308353373125605, 24.895229019658604, 52.51962873730491, 9.862613284658451, 53.988152855791796, 10.924228201004873, 22.416408533925903, 14.443798592855568, 75.76099634068139, 41.03325484964829, 30.622239601668408, 42.740746563175406, 53.6590479772755, 8.790420847627876, 24.978181706346188, 13.548673186847962, 23.269241704474865, 54.35485916820395, 34.03384796022464], [74.24656110538417, 53.75597780266941, 39.33729185783035, 38.9067562033034, 18.31621115651631, 61.548390615099606, 42.56653542023292, 20.587139477487735, 72.1782804756243, 50.48674756597907, 32.52633360215768, 67.20393944374075, 40.60719378422662, 0.0, 44.03393623567511, 79.37647925133709, 19.319038494924246, 47.89132469179829, 67.16993193671306, 12.339684979385101, 20.478044038562278, 24.855533282546187, 22.17263334869785, 17.143109172386165, 22.943456971611074, 48.997567456576284, 69.4634552596889, 56.7375122992362, 56.15163209532953, 31.036468928293303, 15.319378355715209, 49.71038581234192, 43.27843231030272, 35.32968068552142, 44.774680936987814, 25.524027447648216, 51.21816832961597, 31.864375655027036, 38.828136011491004, 48.36261471057193, 31.63299146829474, 53.06341100926422, 32.53150685530038, 38.966706866332366, 61.31109674131102], [75.62837412980599, 32.69465312569097, 67.25524621707346, 25.566465304884954, 61.430368614404564, 100.31631550473911, 32.06618885916655, 55.716431930566465, 99.85116882369134, 8.10886064782798, 41.763948508248426, 73.01408099017067, 72.62873791480075, 44.03393623567511, 0.0, 89.25756719525148, 45.777006874866075, 74.80437730401786, 102.32205181641929, 52.97579820272378, 27.488243674342733, 68.88267254059267, 55.54485967191324, 36.08616297299077, 24.532593621866255, 21.154788864943754, 75.33557191315691, 95.06629629272705, 47.32219933255505, 63.45978045117274, 48.082704119919484, 83.51246944415898, 84.12383320551686, 74.30236472963713, 5.3636084074651125, 69.26908000497767, 62.37287041317675, 32.27291045735964, 81.19050319571524, 81.41668560138284, 49.64932685247322, 80.45069631403102, 74.51166403368033, 23.393690251797054, 101.75031435560793], [18.27965151174885, 61.187382580498785, 44.34911591432917, 63.70077820039528, 88.39540796989473, 67.34384069439137, 57.266985605177084, 98.77636014021016, 38.06234074409132, 87.78145283822623, 51.286797056608854, 16.472701543549352, 48.87090245930264, 79.37647925133709, 89.25756719525148, 0.0, 60.15769308907879, 38.738501060870405, 57.24109483783588, 89.31416125792245, 89.98142759476302, 84.77974477907416, 100.75734343774822, 93.1148898455906, 72.72693415444175, 71.21765614247039, 14.352958802484471, 64.18832640522831, 44.46313203957106, 53.44045705257485, 94.66984974018042, 50.60272205678332, 69.7182224277501, 63.29426368981383, 94.22483162045765, 88.70609268823767, 29.025481456865517, 59.01608115221868, 102.20670861288777, 49.064686218294774, 48.19998437203912, 37.53332370559651, 72.13019887058158, 65.86638078083361, 73.88492828172491], [55.18375180182328, 42.43750618765183, 23.241003421745035, 29.50555560242468, 32.42698434746286, 54.66587668607833, 30.193808374741337, 39.47729703565353, 57.11303652688803, 49.73745478124288, 15.498074388891137, 47.93938502009086, 27.281035075709617, 19.319038494924246, 45.777006874866075, 60.15769308907879, 0.0, 31.71915788375893, 56.75152758796508, 30.35642283131139, 32.60123460527366, 33.78071981907672, 41.255158422783296, 33.65153002795001, 21.34583933308436, 41.78290678006933, 50.17950028049696, 49.383660901247595, 40.112858221994124, 17.757056749491383, 34.63574058000504, 37.99388330193502, 39.65879811343956, 29.262606028977046, 48.622736859689894, 36.49666038291477, 31.906510531206724, 19.701896892218688, 51.38534115978821, 36.02712378957845, 12.360783150310338, 37.33208721930042, 31.779955164627417, 30.62005014014588, 56.58466547077538], [43.87911793596418, 59.53014174626802, 8.623399280061506, 52.50878380413394, 52.10318134426939, 34.785362399927244, 49.09508262761624, 64.49523006770778, 25.47413988167898, 76.94757379894429, 33.77122103084832, 34.99353572382472, 10.201952329644426, 47.89132469179829, 74.80437730401786, 38.738501060870405, 31.71915788375893, 0.0, 30.41691876656259, 55.105402646607885, 64.24432102824646, 46.99109722504377, 66.69769139714101, 64.32840696596756, 51.683602888567, 64.38179370768158, 36.133412870874224, 30.130490254957085, 47.87223344756348, 17.24833549483512, 62.136371861811504, 14.53637101042326, 31.539905476022, 24.564889734636857, 78.48035030960583, 51.03035854581601, 23.713403407031443, 43.21941164502876, 63.84800555802143, 12.275105982378921, 25.21242178263363, 5.694437794124937, 33.454586439095934, 54.43343409648918, 40.00579334268905], [69.00606456104317, 89.8769882053663, 35.84364953433447, 81.94140106805845, 62.927037500148295, 12.869416240484698, 79.1272207692773, 77.5824529483365, 20.536737346178885, 105.48018572758235, 63.12408522726618, 60.740646881466134, 29.71427277139607, 67.16993193671306, 102.32205181641929, 57.24109483783588, 56.75152758796508, 30.41691876656259, 0.0, 69.5608920288853, 86.70455161738951, 54.16309878808609, 79.9009896705764, 84.26630041958336, 78.07271605655504, 94.13337754911699, 61.05157726258839, 13.621049037315384, 78.10127691749054, 38.9995905208024, 78.13653701242049, 18.809757189152883, 28.2825580073326, 32.21908018719569, 105.36145228211441, 57.86524151494789, 53.28227458902157, 72.18868586663676, 65.28043497528179, 20.95414294994529, 54.144920463580625, 26.13234608127795, 38.35380670773964, 83.72848447291278, 19.600393770902922], [85.52530083759423, 65.89660853390976, 46.9672558229111, 50.98227059829456, 9.255669585048576, 61.86314727168508, 54.86342440056454, 9.50048727238009, 77.73962155745397, 60.118965468043186, 44.551048975335284, 78.11538230062192, 46.42645793422151, 12.339684979385101, 52.97579820272378, 89.31416125792245, 30.35642283131139, 55.105402646607885, 69.5608920288853, 0.0, 26.319815971430252, 18.789284538586475, 11.619050886430973, 19.156175275706612, 34.454790709232306, 60.530318747723065, 80.30175021201333, 57.623029917512056, 68.43723045806853, 37.864039971486406, 8.848040053183794, 53.84394913923107, 42.87380439589251, 37.47368626419103, 52.722739922898015, 17.53279545758715, 61.97249862021743, 44.19959706301234, 28.22656299649107, 52.98183576929471, 42.65726213130535, 59.73466358837145, 31.82824316180983, 50.90289220554214, 60.25015842839491], [80.99707277169558, 48.66826054531312, 55.67861251083583, 34.606787173871794, 35.32034215297626, 81.81171256046127, 40.687205638870616, 28.228775850174422, 89.49690913429114, 35.2027046699887, 38.843864142844204, 75.56469669757037, 58.633273865101906, 20.478044038562278, 27.488243674342733, 89.98142759476302, 32.60123460527366, 64.24432102824646, 86.70455161738951, 26.319815971430252, 0.0, 43.906656333624504, 28.093815717609168, 8.667537474148588, 18.49572272954782, 40.10883599617522, 77.9622972030783, 76.89807239938585, 57.049924726009586, 48.771683574926804, 20.616290815678802, 68.60627499001261, 63.72630038777107, 55.414830039189866, 26.5646793442935, 43.51017320466655, 60.95893974315152, 32.89320078482306, 54.229244432612056, 66.9860833227036, 42.53439628940196, 69.79699271643852, 53.00927863677849, 33.508458448182154, 81.7658824623117], [84.92120686976754, 75.34143364533135, 40.432336320640665, 61.183825283157624, 9.877351122875702, 44.86798337870129, 63.312171800211296, 24.411913911906446, 65.79932023615984, 75.29551198431105, 49.245322182390694, 76.57970900382857, 36.97237351500659, 24.855533282546187, 68.88267254059267, 84.77974477907416, 33.78071981907672, 46.99109722504377, 54.16309878808609, 18.789284538586475, 43.906656333624504, 0.0, 26.6402269033838, 37.64515647489563, 46.995147248112865, 72.42508315417984, 78.46416566695147, 41.231697776520456, 73.80373448831064, 31.42445547203593, 27.428215465480637, 41.2396624946123, 26.10006556700208, 24.150606371290962, 69.45299254758437, 4.079097142069236, 60.77699040092995, 52.40486023980436, 18.128223472087992, 41.097852076779056, 43.94917983137244, 50.36035196626149, 16.002718098279253, 61.71048708014644, 42.373502022869985], [96.37271740954914, 73.353907948839, 58.58469048411941, 58.44134828195092, 17.07760101427665, 71.35014125013622, 63.131514179602476, 2.3228205273484805, 89.03498525976644, 63.29612121385794, 54.61811314825288, 89.1873333529015, 57.89389301657284, 22.17263334869785, 55.54485967191324, 100.75734343774822, 41.255158422783296, 66.69769139714101, 79.9009896705764, 11.619050886430973, 28.093815717609168, 26.6402269033838, 0.0, 19.458940860933616, 41.26870494819086, 66.58238688943602, 91.41319879657506, 67.45263188194993, 77.73332641648304, 49.4649085194261, 8.142926493231931, 64.90929187005342, 52.40757941684777, 48.188500605371985, 54.16517793983789, 23.872353293044217, 73.10489806387142, 52.95228667735824, 28.840953343696235, 64.17693129608641, 53.61589918180006, 71.26840061430454, 41.639702046540805, 58.00067589873998, 69.01291701550454], [85.57845594342065, 56.24252842425344, 55.70869484171556, 41.733731529827715, 28.40219666869597, 78.22895232871144, 47.35327967841068, 19.709862636362594, 89.03288764850103, 43.85551213260945, 42.90583217345802, 79.50926402130709, 57.57019118111652, 17.143109172386165, 36.08616297299077, 93.1148898455906, 33.65153002795001, 64.32840696596756, 84.26630041958336, 19.156175275706612, 8.667537474148588, 37.64515647489563, 19.458940860933616, 0.0, 24.748318600575182, 48.28736951291242, 81.87287194481442, 73.54883617237924, 63.25031733374186, 47.861875781174675, 12.26175897735575, 66.84408088775243, 59.6097885885688, 52.277773851040735, 34.85333409789985, 36.682508571639445, 64.21260865223431, 38.4659727410219, 46.31446906755316, 65.46570116535291, 44.96844169904018, 69.67143174508209, 48.60869491723315, 40.883190559242536, 77.51637496971952], [62.7445071687657, 32.09334458470309, 43.66192975181011, 17.23505259408872, 41.257849094424415, 75.78455454305839, 22.605051326066825, 40.49401119688085, 77.10282198486685, 29.2769393302844, 21.53063105984001, 57.72561753718431, 48.48686356821897, 22.943456971611074, 24.532593621866255, 72.72693415444175, 21.34583933308436, 51.683602888567, 78.07271605655504, 34.454790709232306, 18.49572272954782, 46.995147248112865, 41.26870494819086, 24.748318600575182, 0.0, 26.10703907309636, 60.133514750331315, 70.537813337457, 38.66628760245646, 39.09644838279202, 33.13324583878616, 59.28858534094156, 59.76806674978, 49.81542395456881, 27.288878973271714, 48.20716223741596, 43.91504210895817, 14.457969703130656, 61.77130195537861, 57.26857372663189, 27.31555914460395, 57.3780186786986, 50.509292030535605, 16.7354557006104, 77.27508125979385], [56.08922924732379, 11.610761141039337, 58.316772536986235, 12.478974519170034, 67.28253954323714, 94.75521089093606, 15.558600670159349, 66.0579493590857, 87.78371469712827, 17.003391744038, 31.045675021775864, 54.74655174800254, 65.0234805164722, 48.997567456576284, 21.154788864943754, 71.21765614247039, 41.78290678006933, 64.38179370768158, 94.13337754911699, 60.530318747723065, 40.10883599617522, 72.42508315417984, 66.58238688943602, 48.28736951291242, 26.10703907309636, 0.0, 56.93200761661779, 89.44691035980703, 27.388018109784554, 57.41347123361212, 58.471812893009705, 75.76864695946128, 81.27577966952946, 70.72886606513235, 26.50254527307508, 73.96734388535975, 46.97766472869405, 22.57994864828909, 87.80548276069356, 73.43582634122892, 40.07878473176348, 69.65998181343829, 73.48586667111543, 11.162910858690239, 97.55849956473732], [7.9897591580674705, 46.8344625036733, 39.146226044493766, 49.8528225437832, 80.6571937410077, 69.15068671398076, 43.273689619299006, 89.5850669029036, 44.5526599310831, 73.58486320343279, 39.14781997793937, 2.408490729931749, 45.308353373125605, 69.4634552596889, 75.33557191315691, 14.352958802484471, 50.17950028049696, 36.133412870874224, 61.05157726258839, 80.30175021201333, 77.9622972030783, 78.46416566695147, 91.41319879657506, 81.87287194481442, 60.133514750331315, 56.93200761661779, 0.0, 65.15322888552315, 30.113429678484405, 47.29957171199084, 84.74635806344885, 50.08039629105661, 67.5407400753709, 59.44777620626383, 80.38557308467352, 82.17448515192913, 18.329375918325663, 46.00101070700052, 96.4292222862933, 48.069502937567535, 37.83219989062629, 37.10256593553889, 67.73245519727772, 51.99342534473937, 75.12733760335279], [73.10276022884082, 86.79748518537137, 32.326295333951094, 76.99469779827851, 50.38078792873707, 5.316885420420239, 75.2474585164317, 65.15175623878959, 31.315111650878848, 99.07757115686658, 58.63759532374533, 64.35488061104377, 24.895229019658604, 56.7375122992362, 95.06629629272705, 64.18832640522831, 49.383660901247595, 30.130490254957085, 13.621049037315384, 57.623029917512056, 76.89807239938585, 41.231697776520456, 67.45263188194993, 73.54883617237924, 70.537813337457, 89.44691035980703, 65.15322888552315, 0.0, 77.10739248778484, 32.15800785720629, 66.37261457253464, 15.607083806698096, 15.131950416946541, 21.48566890635197, 97.58495990340768, 44.780624286184704, 53.78218657623915, 66.93703848976186, 51.67052070310104, 17.950178204435478, 49.65207129304339, 28.058917075440455, 25.85918161944241, 78.5611777934716, 9.979225037230561], [28.70253062270993, 16.743774752372648, 44.943702500577544, 23.435201447309904, 72.1896790441313, 82.11530421267686, 16.672997945554563, 76.45702483995154, 67.11921462240765, 44.35449014633608, 24.619640000971764, 28.100664997219045, 52.51962873730491, 56.15163209532953, 47.32219933255505, 44.46313203957106, 40.112858221994124, 47.87223344756348, 78.10127691749054, 68.43723045806853, 57.049924726009586, 73.80373448831064, 77.73332641648304, 63.25031733374186, 38.66628760245646, 27.388018109784554, 30.113429678484405, 77.10739248778484, 0.0, 48.46532668904216, 69.90942222321235, 61.759684404583666, 73.34131462391692, 63.04161747513086, 52.616197805023134, 76.60807444842587, 25.218460209388624, 24.94962912275667, 91.49793251362766, 59.34239581893416, 30.742764584927734, 52.01078346021373, 68.84584754259627, 25.22438997343548, 86.52438421591943], [54.109949709772025, 55.6373033518974, 9.301731322965372, 44.93811468701228, 35.30218513158771, 37.474565010016676, 43.699321759149626, 47.27380559656675, 41.17662939386974, 67.06601797683138, 27.0147793904055, 45.53123884668726, 9.862613284658451, 31.036468928293303, 63.45978045117274, 53.44045705257485, 17.757056749491383, 17.24833549483512, 38.9995905208024, 37.864039971486406, 48.771683574926804, 31.42445547203593, 49.4649085194261, 47.861875781174675, 39.09644838279202, 57.41347123361212, 47.29957171199084, 32.15800785720629, 48.46532668904216, 0.0, 44.94360389502693, 20.278513562393393, 25.017336731188895, 14.580401945766846, 66.378952038777, 35.29697537012557, 30.269691543535462, 34.84883193826346, 49.19772816966113, 18.40614181646252, 18.389421803551, 22.112127201319403, 21.154225423546407, 46.4489067269556, 40.18118668957592], [89.39247475151667, 65.22313009163412, 53.75014021447723, 50.32042035370187, 17.626948342449076, 70.66723184685097, 55.09484564399934, 7.7139349370080685, 85.52775288766207, 55.689431475817976, 47.21028212356547, 82.47453072401906, 53.988152855791796, 15.319378355715209, 48.082704119919484, 94.66984974018042, 34.63574058000504, 62.136371861811504, 78.13653701242049, 8.848040053183794, 20.616290815678802, 27.428215465480637, 8.142926493231931, 12.26175897735575, 33.13324583878616, 58.471812893009705, 84.74635806344885, 66.37261457253464, 69.90942222321235, 44.94360389502693, 0.0, 61.98658057689899, 51.69062436880823, 45.95458247907409, 47.0753080467768, 25.712831264254397, 66.524608610787, 45.04237861517824, 34.144240262073026, 60.983113259046746, 46.92814698059081, 67.03136308180477, 40.628316026190475, 49.86241675908143, 69.09815812753108], [57.962097493230836, 72.21154035689948, 17.560773964858075, 63.46189545766683, 48.57925162443502, 20.39874874125981, 61.036934344100345, 62.598042698922036, 24.56150402088841, 86.72333455841888, 44.724882792017226, 49.133553574735956, 10.924228201004873, 49.71038581234192, 83.51246944415898, 50.60272205678332, 37.99388330193502, 14.53637101042326, 18.809757189152883, 53.84394913923107, 68.60627499001261, 41.2396624946123, 64.90929187005342, 66.84408088775243, 59.28858534094156, 75.76864695946128, 50.08039629105661, 15.607083806698096, 61.759684404583666, 20.278513562393393, 61.98658057689899, 0.0, 19.641760718791826, 17.125202404239538, 86.57640066817267, 45.272123371850924, 38.177309058562265, 53.59530337618268, 55.916667115258974, 2.424297990345068, 35.69018084555727, 13.208702783410256, 25.566445310325097, 65.18924918748199, 25.470799843560894], [75.13912500071304, 80.4298035937227, 29.514294955006893, 68.85479842777822, 35.33026981419188, 19.003648618801797, 68.33900619697535, 50.116738678863484, 42.64383054115258, 88.94007548222358, 51.76053768126665, 66.24923280617473, 22.416408533925903, 43.27843231030272, 84.12383320551686, 69.7182224277501, 39.65879811343956, 31.539905476022, 28.2825580073326, 42.87380439589251, 63.72630038777107, 26.10006556700208, 52.40757941684777, 59.6097885885688, 59.76806674978, 81.27577966952946, 67.5407400753709, 15.131950416946541, 73.34131462391692, 25.017336731188895, 51.69062436880823, 19.641760718791826, 0.0, 10.623517336296684, 86.09641426701899, 29.668483417143843, 52.91402799432049, 58.799174608827286, 37.59183043074265, 20.775546556102544, 43.37042830595963, 32.226882279886844, 11.085530060139691, 70.13578706793275, 18.041315144107124], [66.76102904279092, 69.81227796596394, 20.433721072776805, 58.28908213253655, 31.580977161238287, 26.47692596667177, 57.71558885149294, 45.86692118527351, 41.68079918171327, 78.8215110515192, 41.14592819343157, 57.94493707795174, 14.443798592855568, 35.32968068552142, 74.30236472963713, 63.29426368981383, 29.262606028977046, 24.564889734636857, 32.21908018719569, 37.47368626419103, 55.414830039189866, 24.150606371290962, 48.188500605371985, 52.277773851040735, 49.81542395456881, 70.72886606513235, 59.44777620626383, 21.48566890635197, 63.04161747513086, 14.580401945766846, 45.95458247907409, 17.125202404239538, 10.623517336296684, 0.0, 76.54275305538332, 28.203153918798808, 43.691032642788315, 48.21798313554587, 39.686967800511496, 16.96348394143867, 32.82828038230365, 26.90754672344973, 8.9993602112996, 59.604533466289226, 27.460759000558966], [80.83660077198658, 38.05504367950549, 70.71313951629826, 30.54000096358584, 61.493914482363444, 102.78858757980665, 37.1611262079573, 54.55523870475914, 103.7046466798263, 12.06166584636571, 45.944228034582295, 78.04944898056753, 75.76099634068139, 44.774680936987814, 5.3636084074651125, 94.22483162045765, 48.622736859689894, 78.48035030960583, 105.36145228211441, 52.722739922898015, 26.5646793442935, 69.45299254758437, 54.16517793983789, 34.85333409789985, 27.288878973271714, 26.50254527307508, 80.38557308467352, 97.58495990340768, 52.616197805023134, 66.378952038777, 47.0753080467768, 86.57640066817267, 86.09641426701899, 76.54275305538332, 0.0, 69.5250458476027, 67.0177113627715, 36.58424017686656, 80.77608944985161, 84.54697438391766, 53.47575044855691, 84.15608455126092, 76.15528106351559, 28.392330807838924, 103.90173296535941], [88.5284996373655, 77.42878658469064, 44.37266588201143, 63.040918962644746, 8.28031346364058, 48.22472780383715, 65.53085365598766, 21.74437084686061, 69.82659414915673, 75.94956692115083, 51.994443539153735, 80.25778579875447, 41.03325484964829, 25.524027447648216, 69.26908000497767, 88.70609268823767, 36.49666038291477, 51.03035854581601, 57.86524151494789, 17.53279545758715, 43.51017320466655, 4.079097142069236, 23.872353293044217, 36.682508571639445, 48.20716223741596, 73.96734388535975, 82.17448515192913, 44.780624286184704, 76.60807444842587, 35.29697537012557, 25.712831264254397, 45.272123371850924, 29.668483417143843, 28.203153918798808, 69.5250458476027, 0.0, 64.37001582210151, 54.58563421651273, 14.907217834063504, 45.15846316692866, 47.1331448394317, 54.43446685086679, 19.918096965849784, 63.441907071869686, 45.3717830660924], [24.15961074920437, 39.403226640658474, 23.418219920148225, 37.13500719430136, 62.47559429362837, 58.496712764166126, 31.61691205772041, 71.26412019082267, 42.07643508898021, 62.242390800978676, 22.38902119310393, 16.17105357794929, 30.622239601668408, 51.21816832961597, 62.37287041317675, 29.025481456865517, 31.906510531206724, 23.713403407031443, 53.28227458902157, 61.97249862021743, 60.95893974315152, 60.77699040092995, 73.10489806387142, 64.21260865223431, 43.91504210895817, 46.97766472869405, 18.329375918325663, 53.78218657623915, 25.218460209388624, 30.269691543535462, 66.524608610787, 38.177309058562265, 52.91402799432049, 43.691032642788315, 67.0177113627715, 64.37001582210151, 0.0, 30.749516717392527, 78.86134172764945, 35.839139168541585, 19.604591207938352, 27.163653069317668, 51.31008169673561, 39.31426490148841, 63.577857346523906], [48.323218677508656, 22.96266317556404, 36.386047968583725, 10.101734424883308, 49.04573348025175, 72.25081597291086, 10.95011989112175, 51.777843512168246, 67.82909287355565, 33.737157801452284, 9.560712846064225, 43.59419016001941, 42.740746563175406, 31.864375655027036, 32.27291045735964, 59.01608115221868, 19.701896892218688, 43.21941164502876, 72.18868586663676, 44.19959706301234, 32.89320078482306, 52.40486023980436, 52.95228667735824, 38.4659727410219, 14.457969703130656, 22.57994864828909, 46.00101070700052, 66.93703848976186, 24.94962912275667, 34.84883193826346, 45.04237861517824, 53.59530337618268, 58.799174608827286, 48.21798313554587, 36.58424017686656, 54.58563421651273, 30.749516717392527, 0.0, 69.17209622411194, 51.31459614704131, 18.121709823706578, 48.75520799677773, 51.450033718844324, 11.63374673363962, 74.97906487247675], [102.98721249876711, 91.88092990733391, 57.946219602758084, 77.30040588968907, 20.522976211707853, 53.89097222211001, 80.12080501394485, 27.52475519445485, 79.99760110510944, 88.33561402501678, 66.87984823318587, 94.58494445171499, 53.6590479772755, 38.828136011491004, 81.19050319571524, 102.20670861288777, 51.38534115978821, 63.84800555802143, 65.28043497528179, 28.22656299649107, 54.229244432612056, 18.128223472087992, 28.840953343696235, 46.31446906755316, 61.77130195537861, 87.80548276069356, 96.4292222862933, 51.67052070310104, 91.49793251362766, 49.19772816966113, 34.144240262073026, 55.916667115258974, 37.59183043074265, 39.686967800511496, 80.77608944985161, 14.907217834063504, 78.86134172764945, 69.17209622411194, 0.0, 56.292167430844565, 61.99162613054461, 66.58793504844452, 30.701168542395784, 77.5602267431648, 49.3729242932819], [55.91583599745586, 69.8057743884533, 15.17864386979375, 61.15081155086046, 48.07091682517551, 22.798843866298647, 58.66173633178798, 61.87566891529037, 24.92860276541738, 84.52763669901006, 42.390154063280534, 47.0633673187577, 8.790420847627876, 48.36261471057193, 81.41668560138284, 49.064686218294774, 36.02712378957845, 12.275105982378921, 20.95414294994529, 52.98183576929471, 66.9860833227036, 41.097852076779056, 64.17693129608641, 65.46570116535291, 57.26857372663189, 73.43582634122892, 48.069502937567535, 17.950178204435478, 59.34239581893416, 18.40614181646252, 60.983113259046746, 2.424297990345068, 20.775546556102544, 16.96348394143867, 84.54697438391766, 45.15846316692866, 35.839139168541585, 51.31459614704131, 56.292167430844565, 0.0, 33.36295725663177, 11.534526140545822, 25.709193084455528, 62.89413608907904, 27.75692672578342], [42.87121886113959, 37.33276018850359, 18.3039423360349, 27.800818274977892, 44.0564732153921, 54.928432745534856, 25.598069332626242, 51.83053865995079, 50.234888607877444, 51.77863895163304, 9.041839004553326, 35.58282336982182, 24.978181706346188, 31.63299146829474, 49.64932685247322, 48.19998437203912, 12.360783150310338, 25.21242178263363, 54.144920463580625, 42.65726213130535, 42.53439628940196, 43.94917983137244, 53.61589918180006, 44.96844169904018, 27.31555914460395, 40.07878473176348, 37.83219989062629, 49.65207129304339, 30.742764584927734, 18.389421803551, 46.92814698059081, 35.69018084555727, 43.37042830595963, 32.82828038230365, 53.47575044855691, 47.1331448394317, 19.604591207938352, 18.121709823706578, 61.99162613054461, 33.36295725663177, 0.0, 30.8232461947244, 38.126496515156774, 29.588317466061216, 58.24683321571214], [45.04486538002488, 64.39312969557903, 14.119050475937778, 57.91708222560101, 56.16318121096416, 32.222346304968, 54.273527508114036, 69.03154459219103, 19.801595600745355, 82.49233571931849, 39.26186038137387, 36.30297569902033, 13.548673186847962, 53.06341100926422, 80.45069631403102, 37.53332370559651, 37.33208721930042, 5.694437794124937, 26.13234608127795, 59.73466358837145, 69.79699271643852, 50.36035196626149, 71.26840061430454, 69.67143174508209, 57.3780186786986, 69.65998181343829, 37.10256593553889, 28.058917075440455, 52.01078346021373, 22.112127201319403, 67.03136308180477, 13.208702783410256, 32.226882279886844, 26.90754672344973, 84.15608455126092, 54.43446685086679, 27.163653069317668, 48.75520799677773, 66.58793504844452, 11.534526140545822, 30.8232461947244, 0.0, 35.90560666376653, 59.87298989904443, 38.037189909508974], [74.85551970445826, 73.91075544931641, 28.58869406077861, 61.27919574969658, 24.600622070426784, 30.03897562217107, 61.661434681001076, 39.330690567954846, 50.045103276660384, 79.78568848687968, 45.60805713685829, 66.12300722147334, 23.269241704474865, 32.53150685530038, 74.51166403368033, 72.13019887058158, 31.779955164627417, 33.454586439095934, 38.35380670773964, 31.82824316180983, 53.00927863677849, 16.002718098279253, 41.639702046540805, 48.60869491723315, 50.509292030535605, 73.48586667111543, 67.73245519727772, 25.85918161944241, 68.84584754259627, 21.154225423546407, 40.628316026190475, 25.566445310325097, 11.085530060139691, 8.9993602112996, 76.15528106351559, 19.918096965849784, 51.31008169673561, 51.450033718844324, 30.701168542395784, 25.709193084455528, 38.126496515156774, 35.90560666376653, 0.0, 62.334879026796536, 28.91087901844515], [52.670731881702146, 15.40920817401931, 47.891861746149885, 2.1883996692640215, 57.079872967740755, 83.87596832826907, 8.867642396644712, 57.22435618419247, 78.57525663326963, 23.063912693191018, 20.691282882113082, 49.657571948304366, 54.35485916820395, 38.966706866332366, 23.393690251797054, 65.86638078083361, 30.62005014014588, 54.43343409648918, 83.72848447291278, 50.90289220554214, 33.508458448182154, 61.71048708014644, 58.00067589873998, 40.883190559242536, 16.7354557006104, 11.162910858690239, 51.99342534473937, 78.5611777934716, 25.22438997343548, 46.4489067269556, 49.86241675908143, 65.18924918748199, 70.13578706793275, 59.604533466289226, 28.392330807838924, 63.441907071869686, 39.31426490148841, 11.63374673363962, 77.5602267431648, 62.89413608907904, 29.588317466061216, 59.87298989904443, 62.334879026796536, 0.0, 86.5310769444106], [83.07970608423174, 95.56291057526373, 41.590625101903846, 85.07954046902589, 52.10412586303123, 6.893629705718245, 83.79286487763251, 66.78349385048018, 39.53762029447452, 106.25446201399592, 67.10701774029927, 74.33410349363025, 34.03384796022464, 61.31109674131102, 101.75031435560793, 73.88492828172491, 56.58466547077538, 40.00579334268905, 19.600393770902922, 60.25015842839491, 81.7658824623117, 42.373502022869985, 69.01291701550454, 77.51637496971952, 77.27508125979385, 97.55849956473732, 75.12733760335279, 9.979225037230561, 86.52438421591943, 40.18118668957592, 69.09815812753108, 25.4707998435608