instance_id,num_cities,city_coordinates,distance_matrix,best_route,total_distance
1472,96,"[[51.505990506118806, 68.7928767871224], [76.71329925034156, 57.92941711684201], [72.03000366575884, 36.626814946838294], [23.46181732518493, 77.2630224255267], [66.13127580396191, 42.416993376053256], [30.025694873348698, 31.80594378428698], [79.98485739843065, 63.86509866772104], [48.23598023716238, 49.0229527338357], [77.41224198833737, 5.4249288427041575], [83.09995452321634, 94.01327865435026], [28.052239911352707, 2.7351311191414873], [48.40468023371588, 78.37883257031619], [73.68200220952534, 31.494036236689993], [57.20602198437537, 61.56724966951711], [79.26569212060967, 83.67432296721876], [50.94620159520274, 17.915893039655174], [80.94657602667996, 31.286343319104247], [39.55634009292888, 48.24967436532949], [56.35668210682415, 62.76589631378391], [95.25378230500655, 7.708963934133573], [28.567070156482956, 25.376357607651336], [89.54280768166379, 56.52603415501811], [58.37265849552673, 42.19845041617788], [85.5512889063575, 62.844446597403405], [93.19922705410309, 84.64400451671938], [73.71191229318248, 48.49176336682379], [10.330566927519591, 67.40913159846713], [32.95961575184556, 11.751930616434269], [64.09870899886467, 0.8225628861933787], [12.797461088838313, 45.194673041034605], [32.41984677783868, 99.88448461053099], [47.91797987870036, 97.8127832550567], [39.147340057171355, 28.483142537390428], [35.407356153867006, 8.981852041876648], [41.97702866371774, 6.889194116694409], [54.60725805319482, 48.74815326215239], [21.752157553081464, 50.195643966077355], [11.264016239656204, 18.573551024058666], [59.218367792592296, 52.72054929684927], [80.68087905101972, 46.9253697738126], [28.443230454639203, 51.21769296017319], [76.82451165268743, 36.442722378686], [52.57029205693373, 45.60926088071272], [84.36064107379431, 41.3717621237687], [45.736340611676006, 67.45198829295586], [16.99288967648922, 67.06897685572488], [73.66941899123273, 59.14735229911822], [98.18089354329892, 93.49749315631409], [17.395871596412015, 74.64331502467878], [81.04733447855912, 71.35453576397363], [87.69064006023633, 49.563743782681016], [27.21098373806372, 62.85067808216142], [22.704268633808688, 6.142780489825261], [46.20922921540379, 72.11664635572495], [35.529518099009515, 29.97952442822317], [15.32346403404109, 63.95466567810314], [41.83526957037035, 18.98486970171538], [77.9085823484628, 32.657833481483614], [61.17518280098005, 63.40338368217715], [18.172838274019664, 20.185083563829885], [71.07921126586797, 13.97282960463837], [38.852816038861214, 69.14476191409356], [58.10631498213351, 5.782423871219922], [91.14646740926665, 86.90732621978655], [83.2722393739965, 34.998417302736094], [57.640347808519934, 0.2957533130581891], [82.04543930960575, 49.656415456948224], [31.77353814408289, 66.26200845816356], [4.5920476364918255, 71.74544759363178], [85.21628674069048, 16.525341252091387], [67.51533989150008, 10.770441061898051], [38.0799039825196, 34.65120697075827], [58.692016665333824, 69.20197264792095], [67.85388090907347, 32.17492274766729], [15.995920039159707, 21.093473703566225], [95.79094302368131, 5.7913982683440395], [6.101581177697025, 33.32201464557198], [63.7145488493335, 99.13257511406081], [19.261086305722596, 27.246540584791557], [70.2928932428958, 2.6639171966964303], [91.09228181481059, 10.168114372490212], [13.369082433577628, 50.723756510189574], [35.51264917989223, 84.01095244855522], [47.971998290332685, 49.233906434148025], [51.038203043243456, 42.53141326899775], [19.85446920308047, 96.82330960750454], [77.03840472202538, 9.843190042272166], [96.96804574479715, 19.167565254375873], [58.07617884036026, 8.469640479717388], [75.99461301396533, 43.621236323124336], [46.11534372191542, 80.4943438160404], [82.4675446830849, 9.390600984789021], [63.659529939725815, 23.268339565176543], [17.960381014628403, 48.257505162707794], [89.67498406582328, 77.93228902161154], [29.021438403620348, 17.011341850969742]]","[[0.0, 27.44855497352051, 38.156135161859076, 29.29537534386597, 30.159346739570108, 42.77191033175205, 28.902056270515878, 20.038534483135344, 68.45897086975856, 40.42582383400646, 70.09781865148973, 10.075151298271331, 43.393305952372465, 9.203262796192911, 31.496959760216086, 50.88006327496879, 47.68110871803466, 23.765885439852816, 7.736517474365114, 75.1339716553728, 49.10385121829362, 39.9659215958627, 27.466609606508566, 34.56104982322232, 44.60475562253615, 30.087176147272732, 41.198668153523975, 59.98030974055806, 69.12698554709563, 45.33459462364632, 36.48244727894785, 29.24087535745336, 42.161723354285265, 61.93968605897111, 62.63279525899336, 20.283214774562556, 35.08771357608537, 64.35368810689373, 17.826959201263165, 36.46041668144432, 28.996171949814006, 41.079922143291846, 23.20803275348858, 42.79422383108323, 5.923414712666336, 34.55612767440314, 24.171340568190413, 52.809702171846226, 34.608204801835626, 29.652202286031276, 40.97668141097805, 25.011139104588626, 68.95341723852786, 6.253249100746383, 41.972895920000475, 36.504568325595116, 50.73815539844821, 44.75308046038619, 11.069774865066428, 58.939092288282296, 58.20952279481125, 12.658066489059179, 63.35520073250374, 43.58326155025051, 46.380600028220506, 68.77126044893114, 36.03972926454986, 19.89409386522904, 47.00676238523639, 62.19549294867198, 60.19055004924774, 36.686692644456265, 7.197661521928151, 40.1014722754996, 59.46594116884024, 77.00872233088181, 57.61720617600049, 32.70391706492216, 52.59117700460634, 68.74581449770822, 70.73851304451259, 42.20091071192328, 22.076611914292485, 19.875674133215387, 26.26562946560038, 42.27911972705494, 64.24149549168823, 67.30133736596017, 60.67998198208721, 35.11842986211929, 12.883454636893687, 66.98692564635049, 47.118913506537616, 39.332040423913725, 39.24794167026714, 56.45247951679329], [27.44855497352051, 0.0, 21.811330008645026, 56.65252528755699, 18.778032658761546, 53.49923608257708, 6.777566538941081, 29.8376072429432, 52.509140250818014, 36.64470533423084, 73.58198082947044, 34.92214917523333, 26.608609960468964, 19.843580624791088, 25.871120706474205, 47.59228330985047, 26.977286995856097, 38.3970966814041, 20.92327394434721, 53.53357292183037, 58.11850875037337, 12.906036197334396, 24.162831304186575, 10.112743245758407, 31.39195749704889, 9.903415167094513, 67.05618642076632, 63.614032093413954, 58.483507823430074, 65.17214185956901, 61.00932404423007, 49.19200455592052, 47.73137727649796, 64.04720963365354, 61.739070758895814, 23.936847398506327, 55.50259763122616, 76.37075908046143, 18.253901793246857, 11.697467563638806, 48.73445170202544, 21.48698254686164, 27.10481591938189, 18.238360009451927, 32.407581339954255, 60.41571709323066, 3.2785016608229176, 41.544501897082405, 61.62719859569115, 14.107362334929656, 13.801684737396137, 49.746337056771125, 74.82533742841564, 33.64187512866968, 49.772485684624215, 61.68480759562686, 52.279582321648284, 25.29983480427429, 16.474142549836266, 69.65357339491854, 44.31618816115401, 39.486708497012295, 55.36721744964522, 32.373377319679285, 23.850585905176757, 60.70763279975317, 9.842472965480539, 45.70573494375806, 73.43267414771034, 42.268171174952144, 48.04759597438438, 45.10448201149199, 21.256460999187087, 27.235698514219347, 71.01751097736751, 55.5187310859027, 74.7765938349274, 43.20495042158344, 65.13214018067343, 55.63719165022671, 49.878824960367005, 63.752736011150624, 48.76207595546995, 30.02789181588765, 29.938421597371665, 68.88876125623494, 48.087326062433675, 43.7348364048893, 52.85462857849254, 14.326218884690684, 38.01855861891321, 48.878707143310315, 37.03769958106661, 59.54369221051816, 23.835271294753653, 62.83949772624386], [38.156135161859076, 21.811330008645026, 0.0, 63.32590372559812, 8.265661294154606, 42.280051512433886, 28.376113158209474, 26.829457373469598, 31.662693912811523, 58.44441828643785, 55.521977067778515, 47.97277230783986, 5.392079049490862, 29.013371349193392, 47.600663843516145, 28.189099105276334, 10.393550878991011, 34.491008783498245, 30.47793600947365, 37.08889323608573, 44.89542715658914, 26.508059710108714, 14.750125385977752, 29.498972251967434, 52.476532974802346, 11.983564479732998, 68.95195075019366, 46.316898451803105, 36.67219519902373, 59.848995751382404, 74.63576421506325, 65.76558681348462, 33.87608251123388, 45.88531665791337, 42.27892381684656, 21.224488385693082, 52.076625569284076, 63.3910527293466, 20.57052014595963, 13.449828119924367, 45.96412209710521, 4.798040945049446, 21.432795217927595, 13.212083204411918, 40.51602187554742, 62.895223490776495, 22.580130319482965, 62.595072341143386, 66.55931689207212, 35.879337342548176, 20.313041623146738, 51.92721391543448, 57.98538172003796, 43.88895677328531, 37.100834462951724, 62.9479393037919, 34.970847846787066, 7.09298958134512, 28.893109373079998, 56.310965139164075, 22.673929039147563, 46.455813993466904, 33.841477027225075, 53.79190459470575, 11.359557324424728, 39.07695273594525, 16.434093847520046, 49.98827573293141, 76.03417831729216, 24.040534645319983, 26.247557209622844, 34.007532921060765, 35.20003972261838, 6.10404336746923, 58.14725460460401, 38.928205210454166, 66.01120054048118, 63.05645758275954, 53.596158318088484, 34.00729298559076, 32.610324811550456, 60.33098243231838, 59.822852367870745, 27.16111887263541, 21.80642049309069, 79.6611848135449, 27.24787412201008, 30.44226244154062, 31.42508076727561, 8.039904083565515, 50.95026682064896, 29.167680975265956, 15.76431714095705, 55.306392474407154, 44.91645045927408, 47.27053491005119], [29.29537534386597, 56.65252528755699, 63.32590372559812, 0.0, 55.090184492237995, 45.92853673984335, 58.089228090427525, 37.566749715416734, 89.84074805425908, 61.945770575419104, 74.66912723539741, 24.967808120717848, 67.94753171801945, 37.215972787092674, 56.17096417918551, 65.40239403145253, 73.60945934201699, 33.17842715958032, 35.94772307813254, 99.95925814194536, 52.13721887859019, 69.258356672854, 49.4802085830248, 63.74164894431723, 70.126922164954, 57.90386336088264, 16.417335393960705, 66.19600686576808, 86.57078502290963, 33.795081390367436, 24.33057424439857, 31.94364658261257, 51.23975317345571, 69.31820920125244, 72.76873478185215, 42.227197888876454, 27.121318426717593, 59.943643572157505, 43.368927685615006, 64.76414280449443, 26.517421890619595, 67.18537074248061, 43.00306874101897, 70.68839579459093, 24.339490101292245, 12.073342122347725, 53.37584443533774, 76.46239854200967, 6.607462784645535, 57.8878398323111, 69.94706360716413, 14.892008536902988, 71.1242763971101, 23.322305511143153, 48.79916582102171, 15.599524146850314, 61.1058657765847, 70.38517672233137, 40.17944152930764, 57.32245985740026, 79.2026812236014, 17.400833173612106, 79.43372827448225, 68.36830005697492, 73.23648975642116, 84.21479953447262, 64.76237729678459, 13.787929912841179, 19.659904377434835, 86.6180143337198, 79.76199738534393, 45.04947584459322, 36.14066226653387, 63.27394441471615, 56.6635493585971, 101.68429320192212, 47.24605765367717, 45.81003961962654, 50.192575116469776, 88.08050960656671, 95.2659772097465, 28.393589644799096, 13.811484640910903, 37.2341283529298, 44.347961890858386, 19.890143164781325, 86.1155300493321, 93.69230363483025, 77.01093054005551, 62.381603017547874, 22.882825353005614, 89.93520697293097, 67.3147968624359, 29.522632558137413, 66.21654904629364, 60.50763917551426], [30.159346739570108, 18.778032658761546, 8.265661294154606, 55.090184492237995, 0.0, 37.63253044609124, 25.53317339456791, 19.075646842500216, 38.67393226053548, 54.31494004412309, 54.99693779372756, 40.09346665910909, 13.27872214936511, 21.128002078980305, 43.29757657159443, 28.825169495074427, 18.530636561638364, 27.20748749091329, 22.574776470948912, 45.30747943380376, 41.248670443026754, 27.33431646416541, 7.76169463223471, 28.185417399919142, 50.15769586767279, 9.714364622684725, 61.14185214762233, 45.174164128011746, 41.64406290929078, 53.40609793261801, 66.6256181642476, 58.31310045589969, 30.369145321872757, 45.40779574810754, 42.961054166829896, 13.148633793035149, 45.05567158224714, 59.824124860208244, 12.407721861269652, 15.232084965318059, 38.701951829623965, 12.248967583696684, 13.931649292473137, 18.25930629875418, 32.29093296866601, 54.97546071380033, 18.350163825055535, 60.302532741493145, 58.426667115914995, 32.55564721882695, 22.713040934876098, 43.95821430817518, 56.583773930977145, 35.76251287856605, 33.03268394273846, 55.1842827718019, 33.754412138151444, 15.295298339389134, 21.563660077435294, 52.860850770794514, 28.871309599501345, 38.190155513944624, 37.5032222481795, 51.040665430578805, 18.677470467513707, 42.96853177231264, 17.483415917655105, 41.82151218417547, 68.17063026142961, 32.16543629679703, 31.676803922917713, 29.10647521699376, 27.79887931421056, 10.385922159587127, 54.4816151457189, 47.1288667016124, 60.71476653196092, 56.76704837362819, 49.26415838612046, 39.970315553292615, 40.7804121860002, 53.41209004542389, 51.64840488988171, 19.39664051991022, 15.093506460469776, 71.42541616996056, 34.35139189120441, 38.61919585347477, 34.88993201141825, 9.936579994837686, 43.01769581977499, 36.84584474907257, 19.30752367307034, 48.52367136496464, 42.61035582474113, 44.97318269028519], [42.77191033175205, 53.49923608257708, 42.280051512433886, 45.92853673984335, 37.63253044609124, 0.0, 59.36082320897822, 25.060724055788324, 54.235069805699126, 81.77181390318891, 29.137719085388447, 50.06816426385569, 43.65742155177008, 40.305154879452395, 71.5185716298547, 25.111772362531216, 50.923532105256655, 19.006037822845116, 40.64282900239783, 69.5368091581049, 6.5929632539121465, 64.44664137854524, 30.191961524402167, 63.61195052502587, 82.35748800295589, 46.764325800699375, 40.6876522711051, 20.26749456291255, 46.05366634128017, 21.819030923582165, 68.12062598341522, 68.38886400308675, 9.708007982378897, 23.449977441443167, 27.634738887246456, 29.854509045647347, 20.165130611181166, 22.95858887899899, 35.911458838594115, 52.86345359817607, 19.476144374695945, 47.02795942500157, 26.434644409081603, 55.17056515125873, 38.95465156600974, 37.59435479824877, 51.50075023194185, 91.92920302962298, 44.66041659897272, 64.55461901041406, 60.337263479459516, 31.17207286018559, 26.687098614484718, 43.43799633504534, 5.798954885453757, 35.351038330694365, 17.43117882288296, 47.8904649070212, 44.36990879249622, 16.599234977180725, 44.759481336754035, 38.368025847069745, 38.28504687681194, 82.29162279169492, 53.34216332719798, 41.898223831841364, 54.99721038516389, 34.5003673735428, 47.350125409607365, 57.266903569290655, 42.987973415487204, 8.542002515484311, 47.11922091727946, 37.829985517163756, 17.651957317203667, 70.72357769991486, 23.972102264484555, 75.2848867199155, 11.690378742785812, 49.706186518020985, 64.7867556089448, 25.205681429016323, 52.49256706618964, 25.016068605186604, 23.591549233938746, 65.80814303887949, 51.88985873220554, 68.12493634537529, 36.488528371344856, 47.463065353988874, 51.27803718671602, 57.03152816018464, 34.70051220190318, 20.401609502619525, 75.40343112962645, 14.828647187869345], [28.902056270515878, 6.777566538941081, 28.376113158209474, 58.089228090427525, 25.53317339456791, 59.36082320897822, 0.0, 35.04683290861031, 58.49676742543184, 30.308688302251525, 80.21140624343613, 34.75566229479899, 32.978957934507584, 22.894441527129803, 19.822274492212895, 54.35598429527904, 32.592947132546165, 43.33943340267587, 23.653729376692052, 58.1949442479283, 64.22750215637608, 12.050571834496985, 30.602790524309704, 5.659230546733758, 24.624834896467707, 16.603893476148016, 69.74439296760897, 70.19370083035498, 65.01331424207066, 69.73328484980362, 59.664280763570105, 46.69828607889813, 54.03319019090297, 70.70590058405546, 68.48977109419307, 29.538865701347728, 59.815560877741675, 82.30357402645188, 23.567945842376478, 16.954021975330498, 53.070671553545296, 27.603885715059548, 32.93681839778647, 22.915009745864854, 34.43583423232595, 63.07339243235358, 7.883012943892437, 34.77318700540623, 63.51024398916038, 7.564424998935657, 16.245240471560997, 52.78362236759408, 81.31993522533065, 34.768967462458264, 55.897310613008734, 64.66145539711947, 58.90353133295133, 31.27625806402143, 18.81534052813964, 75.68797412873928, 50.680854820153385, 41.469502895506565, 62.06663942713364, 25.603237853739543, 29.05326441694366, 67.38203601579585, 14.35732135172712, 48.270865755527545, 75.80353331470769, 47.62793807350597, 54.53926597539817, 51.08303621430059, 21.95147581292798, 33.932695743623015, 76.96749967644143, 60.18626937158803, 79.94759837977173, 38.83964257271112, 70.91047293448611, 61.96385061179993, 54.83375784649325, 67.8996049168863, 48.82246131025951, 35.19793934949457, 35.95879490542441, 68.5704546643434, 54.102201386918104, 47.81525049234048, 59.57052109911172, 20.633371340494442, 37.73162799146831, 54.53104284681479, 43.75629287615636, 63.95805379858407, 17.081697786891784, 69.22820670423191], [20.038534483135344, 29.8376072429432, 26.829457373469598, 37.566749715416734, 19.075646842500216, 25.060724055788324, 35.04683290861031, 0.0, 52.45990790103195, 56.91771367028682, 50.49698806239307, 29.356364568228113, 30.89923862786728, 15.42144722642106, 46.51408903354698, 31.224901322932773, 37.20981578073111, 8.714018158610264, 15.962903780251509, 62.59009012481836, 30.75755979956048, 41.982737218322335, 12.219904991337433, 39.79278770955797, 57.363341032753745, 25.481469272131445, 42.129228944013015, 40.280223454743584, 50.743509390187405, 35.64469616692566, 53.26392308539834, 48.790866835069146, 22.460792132677433, 42.04596699439924, 42.596104164656346, 6.377201248095007, 26.50977307877258, 47.89668241450827, 11.588142938386273, 32.512633134146796, 19.914061077908624, 31.23405712175562, 5.517205000640077, 36.926031987112644, 18.597783467301067, 36.080322814385, 27.37450042310435, 66.87659613757387, 40.09383075845135, 39.68985472115473, 39.45836586470602, 25.164587540745437, 49.905685738929876, 23.182458989630238, 22.893368946035814, 36.14124754723784, 30.712465372948166, 33.886286963892275, 19.344760459812427, 41.65831493186498, 41.836877694238986, 22.20204889326637, 44.352754641583346, 57.241031295481925, 37.73893279309261, 49.626425347887206, 33.81539291199788, 23.83688406513059, 49.204721577358136, 49.23045623507142, 42.836297201007355, 17.598095384690158, 22.72711029762247, 25.859585093110052, 42.655331208104556, 64.26851318592932, 44.96473107841039, 52.44578478171955, 36.24578050509084, 51.33875326959386, 57.847740223803186, 34.90835567498536, 37.22960216319949, 0.3379170488854587, 7.070540098073801, 55.591224899509214, 48.62749696183703, 57.15031382406481, 41.730092778837665, 28.279325200915736, 31.542757582032554, 52.36910644240084, 30.019759907346298, 30.285273950678498, 50.526634193378506, 37.3355306536409], [68.45897086975856, 52.509140250818014, 31.662693912811523, 89.84074805425908, 38.67393226053548, 54.235069805699126, 58.49676742543184, 52.45990790103195, 0.0, 88.7707485393133, 49.433235953491995, 78.50930332161829, 26.33463592166405, 59.667843221196705, 78.27134187074117, 29.265602345766712, 26.101805987608273, 57.15792278759272, 61.08455739745862, 17.987144775372574, 52.76277400825458, 52.52117276090004, 41.41011505048549, 57.993491910006206, 80.7767964709672, 43.22550954911634, 91.33450892314842, 44.90063396841991, 14.086586991156778, 75.87293630993139, 104.62754562080146, 96.9815814487989, 44.67531688294522, 42.15521482108353, 35.46545384108195, 48.958850746111125, 71.43151917744754, 67.44237566223846, 50.674379842215615, 41.62896330349774, 67.04432366804532, 31.023361242590077, 47.2430208362599, 36.61222572840155, 69.64710210819283, 86.3162023563064, 53.85264623041214, 90.48819520902362, 91.61413483004547, 66.0297430420986, 45.31975784610881, 76.27504838165424, 54.71268280341492, 73.63024644087795, 48.5498787306216, 85.32729013556548, 38.07352049034431, 27.237427353146717, 60.20916306200041, 61.0505456144291, 10.638321557821836, 74.47849660270316, 19.309236656695806, 82.6317737328061, 30.14847905045251, 20.42636142517354, 44.4734856462124, 76.05288649828694, 98.494628852708, 13.569166155486785, 11.248251953078471, 49.002123895013675, 66.46772263795839, 28.40641548025994, 63.383498639802845, 18.382354353740467, 76.57321817412904, 94.70348339447717, 62.11070476372094, 7.635987943194434, 14.478995083356622, 78.44431192766596, 89.05806523663585, 52.78214155001231, 45.52451116438374, 108.0118568233446, 4.434048525816081, 23.901663458943013, 19.574309873278352, 38.222605576383486, 81.33211484732045, 6.425156875441216, 22.52830208655033, 73.27450694099657, 73.5370119285027, 49.758565473421434], [40.42582383400646, 36.64470533423084, 58.44441828643785, 61.945770575419104, 54.31494004412309, 81.77181390318891, 30.308688302251525, 56.91771367028682, 88.7707485393133, 0.0, 106.59245330438982, 38.05519625988335, 63.224627308202685, 41.51193249188334, 11.027038263854529, 82.61159679335188, 62.76388655510014, 63.16924754321219, 41.12908365955776, 87.15589635288954, 87.66334700504137, 38.03687496330403, 57.412677991819024, 31.26507847506748, 13.776015516803202, 46.479497533701945, 77.48009042085457, 96.33785835860674, 95.10813233818703, 85.59028471222199, 51.019058992331296, 35.38654511390106, 78.9052029837581, 97.49321746138317, 96.34158571338973, 53.486122769407885, 75.38923864029817, 104.17079501478351, 47.70135933664933, 47.1500062447716, 69.41771849330856, 57.91157166845585, 57.22769632735328, 52.656610156924266, 45.84257617317065, 71.38724971635195, 36.118801489369346, 15.089756671578034, 68.49979565128041, 22.75152474934201, 44.68596585067335, 63.98972362688737, 106.62487196584944, 42.89974498476282, 79.7700952856492, 74.14292196214737, 85.62731091317451, 61.57467821610967, 37.65184305289238, 98.31649309632965, 80.9380735657738, 50.75679648001958, 91.70259403785377, 10.735032819123354, 59.01511283069831, 97.114191188326, 44.36939615375417, 58.348384860473544, 81.60482671927748, 77.51683239730005, 84.68913875853549, 74.50275501788376, 34.80442983614197, 63.6900700414865, 99.0971714939324, 89.13002506429426, 98.0417208378107, 20.04996631876009, 92.37531276125452, 92.24275937632707, 84.22522703435155, 82.07543633664906, 48.62713398264283, 56.913666948588094, 60.649306438895906, 63.307880136182156, 84.38806907944627, 76.11967399090193, 89.12857780520457, 50.89050803710993, 39.37795113113648, 84.62504072774414, 73.36740771430651, 79.60373637398702, 17.373233465719736, 94.09454913632995], [70.09781865148973, 73.58198082947044, 55.521977067778515, 74.66912723539741, 54.99693779372756, 29.137719085388447, 80.21140624343613, 50.49698806239307, 49.433235953491995, 106.59245330438982, 0.0, 78.33384579037215, 53.93653521452684, 65.65943330768816, 95.78084601949236, 27.469783655298627, 60.10809023058806, 46.94590469782065, 66.36892509187622, 67.3853568140553, 22.64707899675587, 81.69792637595094, 49.76626722047144, 83.18215218780517, 104.65750558387167, 64.64112527381982, 67.05806462570877, 10.26572018000843, 36.09717233970879, 45.11674829972604, 97.2474826077011, 97.13087851002058, 28.036785465527654, 9.649831979233362, 14.531207148259572, 53.125955946662984, 47.87683487256823, 23.080294606771975, 58.905598694097826, 68.72081817069758, 48.484138398804234, 59.28689736637531, 49.38953212802768, 68.28927658760324, 67.08948516746172, 65.27750711290899, 72.54836818057633, 114.69888588297741, 72.69350107304122, 86.70122687712303, 75.82649758699249, 60.12143293877943, 6.34136192146114, 71.71799576892602, 28.25184340667955, 62.52881853154376, 21.3078837659527, 58.146564798547644, 69.12138753469723, 20.05251647633347, 44.470283686898334, 67.2821782272836, 30.20816812514453, 105.19429628843751, 63.95442108266564, 29.688494286764044, 71.53231790714474, 63.635777711787874, 72.88898683259872, 58.80389566531826, 40.27285023336776, 33.4542963532388, 73.18904933352862, 49.50628199776735, 21.963232715329923, 67.80761511974515, 37.64822522644115, 102.78262249787944, 26.040229947343843, 42.24071336161776, 63.47673686662137, 50.184691694175896, 81.61750326507725, 50.58589605485312, 45.95757363103071, 94.44463338826336, 49.499180240818966, 70.84781708198093, 30.566673132994172, 63.00908456295225, 79.82963659263852, 54.82080510657466, 41.10342750006384, 46.627590057322855, 97.22126903993977, 14.30907189782], [10.075151298271331, 34.92214917523333, 47.97277230783986, 24.967808120717848, 40.09346665910909, 50.06816426385569, 34.75566229479899, 29.356364568228113, 78.50930332161829, 38.05519625988335, 78.33384579037215, 0.0, 53.26468936842069, 18.97611488799385, 31.312046774790804, 60.5163315768501, 57.2422704448002, 31.401581128793183, 17.521361600642162, 84.78837596004253, 56.59322508696821, 46.582081624840036, 37.528397826811414, 40.26397500786284, 45.23056272435552, 39.16239139896896, 39.62287777868816, 68.39366988853081, 79.12823457020701, 48.6730161269686, 26.79567073776893, 19.440044147390672, 50.74719924297372, 70.60362129311241, 71.77801272628588, 30.27291079281836, 38.78980645922108, 70.39957828529069, 27.84391027069422, 45.06743094503126, 33.70737281670406, 50.65890006590463, 33.03327338581198, 51.59800754844108, 11.247931463172689, 33.385826667853344, 31.75148591652131, 52.02158503309678, 31.233000247153583, 33.3898730421662, 48.72059093781886, 26.273491449706864, 76.6717573594087, 6.635885876054843, 50.08256012454084, 36.089104391547885, 59.756171076303154, 54.41406066153855, 19.68120436410754, 65.57801988247263, 68.28079946473187, 13.28556248267488, 73.24179321123921, 43.58435011433728, 55.65615068605323, 78.62737959418158, 44.234352216759774, 20.576985050546284, 44.31194614715361, 71.97880772753912, 70.25746874824915, 44.93001497008854, 13.785646480762436, 50.130556448236256, 65.81747547453168, 86.6856015710959, 61.80347102911692, 25.789724825974954, 58.854569497471594, 78.81524141160537, 80.46697089992581, 44.635146970794665, 14.068590512756014, 29.14813773033928, 35.94402471834282, 33.98989972137582, 74.27667517332915, 76.57920505543669, 70.57501699651631, 44.37673813724358, 3.1171219891188517, 76.93929315892119, 57.18283727502945, 42.82697420712408, 41.27271955584401, 64.35587759508093], [43.393305952372465, 26.608609960468964, 5.392079049490862, 67.94753171801945, 13.27872214936511, 43.65742155177008, 32.978957934507584, 30.89923862786728, 26.33463592166405, 63.224627308202685, 53.93653521452684, 53.26468936842069, 0.0, 34.2907580924643, 52.478185146814496, 26.481740921876998, 7.267542163132171, 38.01726218435547, 35.750467819909744, 32.110299919584, 45.52782759981885, 29.633866943215498, 18.68048414467275, 33.52205537368978, 56.62014830254273, 16.99775344578191, 72.82374905987544, 45.255535497107466, 32.1337639602291, 62.40700919224692, 79.87376853287742, 71.14745991776074, 34.66566559069236, 44.40435753287199, 40.132326163459155, 25.720622444991815, 55.194736141286825, 63.74122614654196, 25.685824441504742, 16.944330372615237, 49.351485331613745, 5.862154905181735, 25.395745161705058, 14.546573366045372, 45.540469016274145, 66.92706388174436, 27.653318925328538, 66.66801591893768, 70.92241365971714, 40.53526294472319, 22.86386374237779, 56.06063276132456, 56.93343032401693, 49.04028659041111, 38.1825325223609, 66.77882480032268, 34.215400438830876, 4.383879982144796, 34.27283160339663, 56.64944564049884, 17.713475168341038, 51.28985624220327, 30.061421174617315, 58.1002603390357, 10.210452268477939, 35.080871330459736, 19.995476965240652, 54.4530187658833, 79.95997710811064, 18.89713071309565, 21.621635486549405, 35.7418120023233, 40.57817313542477, 5.86775973720905, 58.61617334125108, 33.90325740184431, 67.60513894595972, 68.36901394603555, 54.58642053772775, 29.02863798816417, 27.530215750919314, 63.30426868463883, 64.92246143750893, 31.236313741342162, 25.190580232226147, 84.64819707896046, 21.909463223918873, 26.347328335229864, 27.81482559721123, 12.345734108153543, 56.222333667711275, 23.785449469995257, 12.965802564077853, 58.18859818745552, 49.115036296150166, 46.95012668919524], [9.203262796192911, 19.843580624791088, 29.013371349193392, 37.215972787092674, 21.128002078980305, 40.305154879452395, 22.894441527129803, 15.42144722642106, 59.667843221196705, 41.51193249188334, 65.65943330768816, 18.97611488799385, 34.2907580924643, 0.0, 31.23062177269964, 44.097917036205835, 38.4778793027638, 22.110384050304557, 1.4690582035476947, 65.94199729891729, 46.151600514326276, 32.72738246630767, 19.403902320546397, 28.374026659447132, 42.755671266737785, 21.057368233905517, 47.238076498298476, 55.40265541969355, 61.13449195571853, 47.33055615844964, 45.63512873756345, 37.416659806258366, 37.69183117968614, 56.924563025527284, 56.759245912874846, 13.079862639619577, 37.232914462704514, 62.921586240846665, 9.07268665476823, 27.6668314264503, 30.568145195006323, 31.87674714354312, 16.61768329653038, 33.841262610929796, 12.891227228523999, 40.58774460404291, 16.64029279455934, 51.9469012395968, 41.90264381974863, 25.772061433654553, 32.76272413592035, 30.022483373100254, 65.28585427268261, 15.238740815653983, 38.30998834001075, 41.950547262951915, 45.27161487615483, 35.557704509172375, 4.373285458384466, 56.88649314349643, 49.57513693528494, 19.855952767247462, 55.7920900919492, 42.356502631987205, 37.22029745094869, 61.273035706426995, 27.547497612237976, 25.862173040375225, 53.58942068787644, 53.04100720765618, 51.832401067568185, 33.01941465838424, 7.777993002619922, 31.26157036300593, 57.76157064413199, 67.82139582119505, 58.39055721365559, 38.1249865272942, 51.16374903909465, 60.339611995278354, 61.56419182104029, 45.15815112553522, 31.214134908212518, 15.407094110946622, 20.010123886621077, 51.362712715790444, 55.39586400964812, 58.12703133678785, 53.10473872100984, 25.982119773145843, 21.93713830819229, 57.970226815383036, 38.83882439145309, 41.441158694742384, 36.35997815788812, 52.72190885348762], [31.496959760216086, 25.871120706474205, 47.600663843516145, 56.17096417918551, 43.29757657159443, 71.5185716298547, 19.822274492212895, 46.51408903354698, 78.27134187074117, 11.027038263854529, 95.78084601949236, 31.312046774790804, 52.478185146814496, 31.23062177269964, 0.0, 71.59723912384403, 52.41493854157368, 53.21408053349801, 31.015883752261352, 77.62960002969191, 77.2593232828683, 29.028411766507645, 46.441004058149225, 21.75758434511505, 13.967235877235101, 35.618211218516876, 70.82801660112412, 85.53995107626609, 84.22856715829309, 76.80305459377651, 49.57118685669256, 34.388589998898205, 68.23158044134587, 86.61708172586253, 85.3604149181163, 42.75366301177176, 66.54794216286277, 94.13999378698507, 36.87860242944649, 36.776192228929304, 60.30220096483451, 47.29464511159433, 46.49293856285349, 42.608275707300706, 37.247571127436274, 64.44873500486227, 25.157316293524843, 21.313833944760777, 62.525465181433475, 12.447947872034252, 35.135613842510836, 56.065290965898626, 95.97048872323779, 35.01870398028921, 69.2530454795384, 66.91392542867987, 74.73795485614528, 51.034536799914044, 27.169422278389526, 88.10913863579438, 70.18060020945168, 42.94541532684541, 80.71472719194145, 12.312803559331085, 48.840518149905385, 86.13734030134746, 34.13129100711035, 50.58352880031584, 75.62044199962727, 67.41213037511162, 73.84474777784192, 64.02761159498347, 25.154026427264068, 52.74862707314079, 88.99116109928347, 79.61679393859099, 88.81633905642029, 21.927052161179926, 82.3689707571883, 81.50580938070966, 74.45153407262153, 73.67566082556804, 43.754337910428596, 46.534262264642464, 49.895191732759145, 60.848905152210925, 73.86472093047549, 66.89166700314172, 78.1328339502655, 40.18643686918834, 33.30252042048378, 74.35269471508578, 62.38938314155581, 70.80036831259478, 11.887990268888789, 83.47717102826716], [50.88006327496879, 47.59228330985047, 28.189099105276334, 65.40239403145253, 28.825169495074427, 25.111772362531216, 54.35598429527904, 31.224901322932773, 29.265602345766712, 82.61159679335188, 27.469783655298627, 60.5163315768501, 26.481740921876998, 44.097917036205835, 71.59723912384403, 0.0, 32.844960141611566, 32.401654811981565, 45.17517120118079, 45.46804493400748, 23.589914275423347, 54.59341533868056, 25.392811085748008, 56.71055450799344, 78.98075095696412, 38.12035453465693, 64.02507666920967, 19.013461101423278, 21.567809038903977, 46.89838206788789, 84.0361578544136, 79.95425687764362, 15.839188601093877, 17.924084528915493, 14.213871823416282, 31.048858349646125, 43.52326420898564, 39.68763470674968, 35.77419224495048, 41.5415549033867, 40.19195924683504, 31.82656652529278, 27.74094973514796, 40.82526864773252, 49.80931021818866, 59.7398781290942, 47.07842224939151, 89.12740543528729, 65.90618368631806, 61.33324332756937, 48.49474419731979, 50.818259253363784, 30.59759723420841, 54.407357658283935, 19.575631083084893, 58.2112361783024, 9.173428664634928, 30.72937981597067, 46.623426101710606, 32.85182748367695, 20.515502130137257, 52.63693551460545, 14.088587501061776, 79.84910283634957, 36.56207534693223, 18.848896983910496, 44.43673423801112, 52.00901748610179, 71.03751496714548, 34.298285236333264, 18.044218682122544, 21.109532127233635, 51.8677126224595, 22.117629800561005, 35.09443260294064, 46.454862040981816, 47.41717582613358, 82.2142331885249, 33.03040288157575, 24.635690467797197, 40.886866244242356, 49.883822928763166, 67.87305369896188, 31.458923190032007, 24.615692158207036, 84.81200512047486, 27.312480621417926, 46.03886208696585, 11.835043850472005, 35.8913302612844, 62.76463725191416, 32.65387687066791, 13.794107488497385, 44.81827512967913, 71.4274903543421, 21.943414817660404], [47.68110871803466, 26.977286995856097, 10.393550878991011, 73.60945934201699, 18.530636561638364, 50.923532105256655, 32.592947132546165, 37.20981578073111, 26.101805987608273, 62.76388655510014, 60.10809023058806, 57.2422704448002, 7.267542163132171, 38.4778793027638, 52.41493854157368, 32.844960141611566, 0.0, 44.73149037127433, 39.945276813843805, 27.578777531889045, 52.711863620209634, 26.66340548689646, 25.073010070618007, 31.892275917972118, 54.74639226176731, 18.66458781637712, 79.31882862327443, 51.81063246146267, 34.812247006643354, 69.55388919726259, 84.02706968726741, 74.27419049749531, 41.893126670818724, 50.70809479521317, 45.97658655096965, 31.601811305611783, 62.141297294030785, 70.83272002689938, 30.52114380163816, 15.641283302016578, 56.15923784001765, 6.601489203916917, 31.786152006940213, 10.647605956805839, 50.47489033524172, 73.28349650906854, 28.79570863693023, 64.55423196298918, 76.93191164309691, 40.068319132011425, 19.481934385339276, 62.32031055476805, 63.43788396688218, 53.60780642359056, 45.43585507524797, 73.3049255735922, 41.0002505587305, 3.3332252930743858, 37.71488130391645, 63.747785213243624, 19.92793628211191, 56.61399551723517, 34.23634664778353, 56.54848824729588, 4.380434141156326, 38.77624198758566, 18.402908760958255, 60.343059306957045, 86.41153351483318, 15.366118950590423, 24.521426335884303, 42.998533457966005, 43.96430779357165, 13.122813678608045, 65.74558771665639, 29.501651728046436, 74.87267333075323, 70.00038520905284, 61.817632179229385, 30.54086171001389, 23.428933816563536, 70.31735683234093, 69.59975658414794, 37.54247992153541, 31.95250182214771, 89.59542101264444, 21.796390191961603, 20.08861054704102, 32.30568055189218, 13.291784045037652, 60.28799264177687, 21.94850514327776, 19.055979287627164, 65.2325156376632, 47.45555138631349, 53.85160707062439], [23.765885439852816, 38.3970966814041, 34.491008783498245, 33.17842715958032, 27.20748749091329, 19.006037822845116, 43.33943340267587, 8.714018158610264, 57.15792278759272, 63.16924754321219, 46.94590469782065, 31.401581128793183, 38.01726218435547, 22.110384050304557, 53.21408053349801, 32.401654811981565, 44.73149037127433, 0.0, 22.202977085081287, 68.88943512058877, 25.376222595830814, 50.66700181940925, 19.765402842105914, 48.2549758352031, 64.82365763128213, 34.156430132719976, 34.946110206779636, 37.08910986788792, 53.40092484938297, 26.932705743148098, 52.12564787025954, 50.263493538769794, 19.770762795961556, 39.48640193475286, 41.431257035654625, 15.059170384095987, 17.910212550364733, 41.001559550641254, 20.16392957524955, 41.14585625754608, 11.502623188298609, 39.09374280652214, 13.279108746115902, 45.32914143447448, 20.172289572253035, 29.381549328109525, 35.811472132132316, 74.05540745007804, 34.46317790395965, 47.49039097921764, 48.15223371533612, 19.120594474742393, 45.353972530598334, 24.77686997314767, 18.70865238586304, 28.876963729237755, 29.353403747481174, 41.40048294614846, 26.40093305349213, 35.28279193735822, 46.568159655866076, 20.906927793560854, 46.341870192295566, 64.4666990268336, 45.68014518027914, 51.25046223542794, 42.51238022909868, 19.62182931448629, 42.1254448828148, 55.59913703787255, 46.75894137755419, 13.678383642424171, 28.375569090440685, 32.544561078787076, 35.95208794342827, 70.46300998330426, 36.63408138312131, 56.32662460083391, 29.20665942709444, 54.979968681132604, 64.07931413997348, 26.30386941453227, 35.98917123727602, 8.473016916117938, 12.82699055802364, 52.41718952023397, 53.66528865958903, 64.35738509447206, 43.87978490343028, 36.731051879553775, 32.905003215174865, 57.89126931906447, 34.71355425749526, 21.595960498042597, 58.248914895601914, 32.96691632350683], [7.736517474365114, 20.92327394434721, 30.47793600947365, 35.94772307813254, 22.574776470948912, 40.64282900239783, 23.653729376692052, 15.962903780251509, 61.08455739745862, 41.12908365955776, 66.36892509187622, 17.521361600642162, 35.750467819909744, 1.4690582035476947, 31.015883752261352, 45.17517120118079, 39.945276813843805, 22.202977085081287, 0.0, 67.41105404074936, 46.5858362274193, 33.76765923823301, 20.666010537855573, 29.194712472062733, 42.84885922322344, 22.471201263149588, 46.25973316403302, 56.12350140707222, 62.425279627076826, 46.96970963285324, 44.167427848023664, 36.04852257124137, 38.35972706204738, 57.719993729432474, 57.697316068999854, 14.126485931787164, 36.81690323310209, 63.13724651277053, 10.445010371214, 29.02738083333645, 30.207975500440487, 33.34428785168356, 17.569487442530107, 35.24103709546764, 11.60823464230566, 39.598291082430876, 17.686851591361144, 51.90082568490369, 40.731042594833696, 26.14178727912873, 34.0016727894483, 29.145821679119184, 65.86852190669097, 13.79881612785879, 38.84220567921829, 41.050434321820696, 46.126453508377715, 37.026745084320964, 4.8604875356739505, 57.19380687010306, 50.965833886261706, 18.62995581508443, 57.01032666816437, 42.3454578354808, 38.671437956603256, 62.48333029028487, 28.840435762297435, 24.83050074442602, 52.537698113207576, 54.50748308293547, 53.179347592899006, 33.53321302022663, 6.846668246600565, 32.680165911777266, 58.01363564617549, 69.29036268911139, 58.245320302050196, 37.103551446769, 51.35862010647682, 61.69656290766923, 63.0324404748646, 44.64243336464328, 29.762831162854887, 15.91909773841162, 20.92177152249505, 49.92313038191346, 56.82029997661781, 59.58269318939367, 54.32347620150099, 27.425651067415195, 20.473955718289254, 59.41968778051428, 40.16700854656686, 41.04594195965268, 36.60776848155446, 53.29816884663273], [75.1339716553728, 53.53357292183037, 37.08889323608573, 99.95925814194536, 45.30747943380376, 69.5368091581049, 58.1949442479283, 62.59009012481836, 17.987144775372574, 87.15589635288954, 67.3853568140553, 84.78837596004253, 32.110299919584, 65.94199729891729, 77.62960002969191, 45.46804493400748, 27.578777531889045, 68.88943512058877, 67.41105404074936, 0.0, 68.98734939389323, 49.149990601212096, 50.49496976180198, 55.982674343608814, 76.9624692088497, 46.122542136935195, 103.80781535703647, 62.4252253992499, 31.90706993918662, 90.57716762932654, 111.55460575788548, 101.78102204025981, 59.82891740913988, 59.859961303016505, 53.28306017026579, 57.76118934417896, 84.89762553398992, 84.68955104584535, 57.659291670524, 41.836539008771645, 79.72866071879024, 34.13600578753054, 57.08163319664395, 35.38141472354148, 77.59643027479565, 98.22615969823825, 55.78344321792957, 85.83845132751556, 102.67454219922215, 65.21182387721495, 42.53261944419837, 87.58099723115953, 72.56641691931986, 80.95503531392865, 63.741396279565784, 97.73655786638598, 54.5