instance_id,num_cities,city_coordinates,distance_matrix,best_route,total_distance
889,49,"[[24.97902063081172, 42.802247595326094], [21.01010897998794, 57.13589532044877], [6.023441624018389, 5.367411888072127], [17.660170612726013, 48.32919857222222], [44.11360268484784, 86.92463140648906], [99.45530049715742, 73.91552112780022], [49.616679944544586, 75.51954670477951], [97.88075969062704, 29.876346491834415], [27.63814087732569, 60.590902879894195], [13.130188211592031, 29.71938896019404], [17.860626097896148, 10.369329900342262], [69.82749400687936, 58.36079772039019], [69.90436180285243, 4.457320138113374], [81.27489503748708, 81.17621052651303], [4.79450690562524, 91.83970159542721], [87.95339234161088, 84.87019897522313], [5.352028251609942, 84.86063039134956], [33.21959764825524, 70.84142091000017], [88.93777944364332, 23.030653387138123], [69.38373974512191, 39.58425214676189], [42.57202621471065, 92.81693894119532], [21.190065151044013, 92.44241748034693], [49.98850843366681, 14.480132599417605], [65.42540830255301, 40.25505911059467], [61.90549524735823, 75.04435681819612], [39.98265748550346, 94.89247411496656], [70.05197569486322, 37.98476477157928], [13.315980127900994, 61.696514427399826], [66.57411118180943, 92.45771274277364], [85.86701391268875, 35.203410913391366], [27.364371024084512, 98.74618846942181], [68.2989217431295, 62.11374896244079], [23.44965899343273, 36.03010913194419], [14.356917270838165, 69.96682117271152], [46.55697049409415, 84.14554248467587], [8.051963925631755, 27.33184790598402], [93.84842194551257, 71.88389321603907], [29.863200947467394, 3.0415608645980363], [99.26445767536313, 35.81763491571349], [79.92592793732403, 25.112666137516136], [1.7083262079026773, 60.62919197008979], [65.22167589853457, 43.504363114667576], [28.12837423759441, 69.27270020148907], [17.59416474036951, 91.84011834666153], [4.7907754426594895, 11.07848753380286], [60.60999797798834, 90.95833543459212], [20.870303862904137, 44.11964322871784], [13.666442984321447, 54.769502057392764], [41.78868531878845, 58.19655563850856]]","[[0.0, 14.872986142666816, 41.96046829948256, 9.171300490565457, 48.09279554738128, 80.71401397921433, 40.95651251604572, 74.03879035534449, 17.98630527147288, 17.650949542888647, 33.20490462169463, 47.47055978349086, 59.06453877855276, 68.13065760915768, 53.02910982785092, 75.73297845503822, 46.41256719111848, 29.225029508124518, 66.9450428815399, 44.521169956861705, 53.01870609414817, 49.78456236466674, 37.783815027106805, 40.526515330947646, 49.02160885513586, 54.20794054135352, 45.32967481642794, 22.204049920997242, 64.77512467726385, 61.36032956897004, 55.994771336465014, 47.42939929445727, 6.942680057809318, 29.16750139163703, 46.63556531886437, 22.931605160746454, 74.75785276112506, 40.0595485079987, 74.61307506854423, 57.72420562210406, 29.31424849224911, 40.24877972310815, 26.65714330748281, 49.5908143142183, 37.60268868336476, 59.904718868367276, 4.314751989832624, 16.46783508442218, 22.79362952780018], [14.872986142666816, 0.0, 53.89411911634458, 9.422313658527697, 37.698013461908836, 80.21972272702104, 34.004331203110304, 81.56089714450601, 7.474482193968468, 28.526443387111637, 46.8724960250432, 48.83274994051784, 71.8726668654166, 64.88282664745016, 38.305351070122164, 72.46098803114523, 31.840798150298287, 18.355191233719026, 76.00878858361452, 51.45938526156279, 41.68996460423839, 35.306980772233715, 51.56803009820995, 47.51506545356925, 44.64465938019595, 42.255376451533, 52.6485564111632, 8.944208485450451, 57.651618213747014, 68.46496906970168, 42.09267325875751, 47.55008769107112, 21.24630826527209, 14.453290910549192, 37.17745517322242, 32.49915022786593, 74.31637287699158, 54.81399691325281, 81.10617310921207, 67.05640111664383, 19.61534959319259, 46.26533604838915, 14.070242819443134, 34.87193385663173, 48.829822776869655, 52.07790955797637, 13.017002880319744, 7.715519900262405, 20.8056298865876], [41.96046829948256, 53.89411911634458, 0.0, 44.50987055306996, 90.01355689680959, 115.88078155083295, 82.5935375596159, 95.07078814126665, 59.302859805702255, 25.36778733711596, 12.85060777045526, 82.94128068970117, 63.887402748021536, 106.81645562291949, 86.48102200931035, 114.16308501092637, 79.49605388902306, 70.89764988981051, 84.77486370570709, 72.00916285642965, 94.7798439405653, 88.38598909388986, 44.89954095912155, 68.88934296392237, 89.31786255815442, 95.74949142766377, 71.8578101836437, 56.799198152057606, 106.07122176565717, 85.2360421045873, 95.78638307968532, 84.25189728085458, 35.2685986973602, 65.13471037995404, 88.59436112392719, 22.05790906484765, 110.17109174699421, 23.95294778484204, 98.08722218882656, 76.49478772219395, 55.42999692303513, 70.41915925428407, 67.62036616487434, 87.24339857954085, 5.842589404187551, 101.51600035527093, 41.498972905595814, 49.989818792342916, 63.797108758552426], [9.171300490565457, 9.422313658527697, 44.50987055306996, 0.0, 46.79093399429815, 85.70357737416266, 41.958712089913696, 82.31555540665522, 15.808519321239952, 19.15321785890089, 37.96039794296035, 53.12308925109405, 68.22167713013003, 71.5944087060129, 45.37278012152816, 79.22361852047838, 38.549135906490164, 27.365962878355045, 75.63407901954648, 52.45761805284252, 50.98783769362348, 44.254222825486146, 46.80684451547818, 48.44284941672487, 51.685089069589694, 51.637506228078585, 53.403263480994696, 14.055501561329176, 65.87791242060105, 69.45833121095257, 51.34242277024075, 52.48139618481405, 13.593593225129869, 21.88831182256637, 46.019947138594084, 23.09126178325681, 79.74630575087042, 46.90292185448197, 82.55785178971263, 66.45323102376206, 20.143266306715987, 47.80560450663157, 23.413960528428575, 43.51096983971834, 39.411125395136196, 60.513890804810266, 5.293893810223758, 7.578084807587061, 26.06817901952997], [48.09279554738128, 37.698013461908836, 90.01355689680959, 46.79093399429815, 0.0, 56.850158020818895, 12.663325644527998, 78.39269088497807, 31.062937721399067, 65.05698836989728, 80.93165615735337, 38.43301707865731, 86.4061379979345, 37.60327102702195, 39.625108300897665, 43.88790094962238, 38.816488155601334, 19.42547311165613, 78.0490054340287, 53.66275557125112, 6.090627726009598, 23.578264062915505, 72.68232195634151, 51.30538019514681, 21.393745937753664, 8.975033463281601, 55.38871492144812, 39.811448623113066, 23.13200015165192, 66.47128702271996, 20.50087736215433, 34.64837002808739, 54.92950906786004, 34.24949130648726, 3.7004569294353207, 69.65444447656058, 51.95936924371434, 85.08491918790662, 75.19003854562779, 71.43697705251712, 49.89646889549901, 48.279089193232686, 23.814243716249575, 26.97114385320065, 85.43373035678124, 16.982397529615273, 48.70849980265562, 44.2829750275032, 28.82199816268526], [80.71401397921433, 80.21972272702104, 115.88078155083295, 85.70357737416266, 56.850158020818895, 0.0, 49.86442616373848, 44.06731307180554, 73.04279476658063, 96.981045105175, 103.42054587865081, 33.462760461539816, 75.4831084577093, 19.57663794482065, 96.3428362091065, 15.883918218104954, 94.73764438759632, 66.30700131989944, 51.96044663102682, 45.639180491237646, 59.94139211303488, 80.42818506121178, 77.32741381019034, 47.86502132025155, 37.56676914925954, 63.06368069988795, 46.42816776224667, 87.00164733165587, 37.748979862747895, 41.02766151700813, 76.24738784326875, 33.31668896075202, 84.92444867344426, 85.18994693664747, 53.87844331525472, 102.58951480168214, 5.9636062130846685, 99.32863918892642, 38.09836420125854, 52.56534074638411, 98.64581858949347, 45.79060585817966, 71.47787207094886, 83.8005771629866, 113.62158727410394, 42.419512577368856, 84.04401249216167, 87.89936359042697, 59.77059797411798], [40.95651251604572, 34.004331203110304, 82.5935375596159, 41.958712089913696, 12.663325644527998, 49.86442616373848, 0.0, 66.4283306986951, 26.569166076103212, 58.55696823101183, 72.47756691264141, 26.51225512421663, 73.90148902286141, 32.15960864909773, 47.70088732492887, 39.460590660786224, 45.23953176079883, 17.05136853109056, 65.58378448617282, 41.013193586102155, 18.67690885434956, 33.08256313988714, 61.040546612486835, 38.64582742777953, 12.297999307813363, 21.636189710336833, 42.7371169731404, 38.84349403078396, 23.967810557020492, 54.21694862265522, 32.16585363323369, 22.994381307817076, 47.37223517288144, 35.69430801459219, 9.152574780681416, 63.63709557527202, 44.38090779524891, 75.12162381057479, 63.56999003708858, 58.81754944240843, 50.169044458511536, 35.615837474817525, 22.377899217554347, 35.94165464637692, 78.49848292476382, 18.952816118672928, 42.57121182363852, 41.50884111083731, 19.009563891446067], [74.03879035534449, 81.56089714450601, 95.07078814126665, 82.31555540665522, 78.39269088497807, 44.06731307180554, 66.4283306986951, 0.0, 76.66426463396138, 84.75071682109693, 82.36349601916648, 39.979365644228366, 37.799546816678166, 53.92059709290056, 111.82355670093487, 55.88270245296869, 107.63288353312957, 76.54543225271985, 11.262344772809408, 30.105208485899745, 83.78886666250177, 98.97462234281684, 50.30617390222454, 34.07444070481822, 57.74399370155687, 87.05910113286458, 28.985990852171703, 90.3533343598344, 69.9752359244958, 13.141830274674382, 98.56782540255591, 43.75311708214471, 74.685055704784, 92.64706370254684, 74.69455784191769, 89.86482638742831, 42.20063660037503, 73.11972385778618, 6.1002891938564865, 18.57602308912045, 100.96967102550397, 35.3883962791638, 80.10910036946277, 101.41718962377031, 94.96896687177814, 71.55500717520381, 78.316548753942, 87.8164012717501, 62.83593759503584], [17.98630527147288, 7.474482193968468, 59.302859805702255, 15.808519321239952, 31.062937721399067, 73.04279476658063, 26.569166076103212, 76.66426463396138, 0.0, 34.1105711216539, 51.1645012464934, 42.24825305870796, 70.26672429218391, 57.451338433003755, 38.70812620364004, 65.01856487253937, 32.949817745268035, 11.671579994640098, 71.89171044229828, 46.73301188511989, 35.51814087891484, 32.49764088229662, 51.24199513838653, 42.91181796749007, 37.19077716676547, 36.45524488306615, 48.06215625730463, 14.364771680271815, 50.3140472869014, 63.52264480732581, 38.156267746609565, 40.68928803515791, 24.915376176591028, 16.25726743087866, 30.21163949505993, 38.59770803222189, 67.16645702923869, 57.592340278107045, 75.78947198442486, 63.187957380975334, 25.929842939074135, 41.28525094799721, 8.69562726206525, 32.82369455025128, 54.5296376359594, 44.82548739981134, 17.807470689299045, 15.13595221813281, 14.35168306165321], [17.650949542888647, 28.526443387111637, 25.36778733711596, 19.15321785890089, 65.05698836989728, 96.981045105175, 58.55696823101183, 84.75071682109693, 34.1105711216539, 0.0, 19.919885246053333, 63.52097905584393, 62.14079906262962, 85.3903129991639, 62.67708372869429, 92.9522658228206, 55.68712848524379, 45.76686446759018, 76.1021029405367, 57.11197410197974, 69.62846141203204, 63.23875333226473, 39.884466951715325, 53.34595007945863, 66.58365631115632, 70.48819854910172, 57.51874761844281, 31.97766520216238, 82.4157155735138, 72.9432677486749, 70.47915302290872, 63.97643096820071, 12.09614262082744, 40.26612303023459, 63.871401747826575, 5.611480569694155, 91.06744026415261, 31.491272237195155, 86.34987538955421, 66.95440792563782, 32.95261527924428, 53.88458593956522, 42.301418584030124, 62.280912854230074, 20.421288189511156, 77.48897276869384, 16.34859973495665, 25.055852317646714, 40.401218774533184], [33.20490462169463, 46.8724960250432, 12.85060777045526, 37.96039794296035, 80.93165615735337, 103.42054587865081, 72.47756691264141, 82.36349601916648, 51.1645012464934, 19.919885246053333, 0.0, 70.73709312512358, 52.378452492948206, 95.05253205018563, 82.51148365459156, 102.29064166681415, 75.53422316355454, 62.392081213605046, 72.19605834235098, 59.229578098862795, 86.07125845650599, 82.14059209260512, 32.38980583782264, 56.17441870286667, 78.2483840422175, 87.37016756674133, 59.04700852609189, 51.52798927250326, 95.45421010466863, 72.39889752875149, 88.88638983647125, 72.25999288451412, 26.262385258776526, 59.70039314363795, 79.16065768419304, 19.594307099291143, 97.76597883568651, 14.062645628073406, 85.28892087280728, 63.792379292683975, 52.791576288327754, 57.80137943278685, 59.79158540040815, 81.4712241943127, 13.08907562432449, 91.2255260831187, 33.88424132266665, 44.59783021141183, 53.478926128785034], [47.47055978349086, 48.83274994051784, 82.94128068970117, 53.12308925109405, 38.43301707865731, 33.462760461539816, 26.51225512421663, 39.979365644228366, 42.24825305870796, 63.52097905584393, 70.73709312512358, 0.0, 53.90353239001204, 25.526183652660517, 73.14455834842298, 32.11380614830265, 69.70887185966909, 38.67691858207936, 40.167425957895475, 18.781788560288085, 43.932746242387495, 59.389866906474204, 48.15701527330234, 18.633199648865315, 18.468871338439648, 47.172848622758636, 20.3772694627928, 56.609877290481634, 34.251775338660885, 28.16967806947425, 58.60116551233371, 4.052305046601814, 51.47390827757912, 56.671727199767496, 34.732842197528946, 69.1303973907576, 27.565904498446056, 68.24487296526968, 37.077338351853044, 34.747900966816154, 68.1569265305971, 15.554009439410443, 43.103204118605646, 62.04180522728455, 80.40765895225529, 33.87568003850902, 50.986438864162935, 56.27575904861184, 28.039289721903142], [59.06453877855276, 71.8726668654166, 63.887402748021536, 68.22167713013003, 86.4061379979345, 75.4831084577093, 73.90148902286141, 37.799546816678166, 70.26672429218391, 62.14079906262962, 52.378452492948206, 53.90353239001204, 0.0, 77.55692856519791, 108.972353346569, 82.41358253504534, 103.11011621848276, 75.84603322765429, 26.59397854906441, 35.1307899095254, 92.49042547057914, 100.57067193075082, 22.295694316557576, 36.07685047228695, 71.03880357556672, 95.25662950195124, 33.5277695874813, 80.48956642619379, 88.06338437610323, 34.64286882377521, 103.44100495768822, 57.67877618812743, 56.16832219285592, 85.88954138798982, 83.03802419180904, 65.94666893608121, 71.55180482103984, 40.0661819614418, 42.9591034891696, 22.958116345698567, 88.3514485222265, 39.32682433773884, 77.11203946085483, 101.84355718194276, 65.44936200122997, 86.99891290257938, 63.066938335404416, 75.45872489327093, 60.649787273522094], [68.13065760915768, 64.88282664745016, 106.81645562291949, 71.5944087060129, 37.60327102702195, 19.57663794482065, 32.15960864909773, 53.92059709290056, 57.451338433003755, 85.3903129991639, 95.05253205018563, 25.526183652660517, 77.55692856519791, 0.0, 77.22020338342192, 7.632029671089628, 76.01221382597963, 49.154038324283135, 58.64832148041771, 43.258416245282206, 40.41557389345637, 61.1319409278768, 73.66956493410892, 43.883332404973174, 20.316822540201592, 43.51074314324432, 44.62572021796876, 70.6956340646448, 18.530659411549436, 46.201578544809735, 56.7013996680325, 23.059777184908203, 73.36162753564899, 67.85032172409234, 34.84467271877428, 90.88901488421213, 15.634600727405063, 93.53173668330957, 48.79574515613717, 56.07977105600867, 82.17675368905122, 40.94965118465111, 54.46325578948964, 64.56744025568037, 103.74734367181946, 22.863244262285722, 70.86539222261122, 72.58248439670761, 45.68616088840074], [53.02910982785092, 38.305351070122164, 86.48102200931035, 45.37278012152816, 39.625108300897665, 96.3428362091065, 47.70088732492887, 111.82355670093487, 38.70812620364004, 62.67708372869429, 82.51148365459156, 73.14455834842298, 108.972353346569, 77.22020338342192, 0.0, 83.45042955987952, 7.001304515789506, 35.33997135639371, 108.69579305905928, 83.0806896690003, 37.79015689274503, 16.40663270195484, 89.5935303990472, 79.60578838559397, 59.52939270272817, 35.32032504505357, 84.61023255540088, 31.324546900549, 61.78269533049007, 98.89601010470757, 23.602930480480065, 70.11735137462327, 58.84492595253468, 23.871794862958065, 42.46532054982924, 64.59004732817432, 91.26244612109807, 92.26889626637806, 109.83188768979159, 100.48496249311991, 31.362723452727685, 77.38053824151926, 32.46134495950444, 12.799657841528889, 80.76121414782796, 55.822449336790214, 50.355091285130314, 38.11706892684904, 50.00430487811507], [75.73297845503822, 72.46098803114523, 114.16308501092637, 79.22361852047838, 43.88790094962238, 15.883918218104954, 39.460590660786224, 55.88270245296869, 65.01856487253937, 92.9522658228206, 102.29064166681415, 32.11380614830265, 82.41358253504534, 7.632029671089628, 83.45042955987952, 0.0, 82.60136464421575, 56.50305209046399, 61.847380029452275, 48.945367275202955, 46.07189021117483, 67.19137110257554, 79.97558286460924, 49.98020378114125, 27.839542329707665, 49.0065036664694, 50.1866980227298, 78.15217820049082, 22.685767081644162, 49.71059053489091, 62.157643042982066, 30.069157482224718, 80.90788584404136, 75.0902910686013, 41.40276402375634, 98.46268382834609, 14.261679820480282, 100.35136447128095, 50.339787840203584, 60.29430251368468, 89.58704065338148, 47.200246915570794, 61.82487168723064, 70.70361153921091, 111.18110238226454, 28.012972367681414, 78.4904360638354, 80.15362000403705, 53.31663364614543], [46.41256719111848, 31.840798150298287, 79.49605388902306, 38.549135906490164, 38.816488155601334, 94.73764438759632, 45.23953176079883, 107.63288353312957, 32.949817745268035, 55.68712848524379, 75.53422316355454, 69.70887185966909, 103.11011621848276, 76.01221382597963, 7.001304515789506, 82.60136464421575, 0.0, 31.1951864645621, 103.96886004317747, 78.42200267613245, 38.06088667009177, 17.559239969051124, 83.34164524703897, 74.8229107962765, 57.39907539414011, 36.05438072731903, 79.89637023521468, 24.494913714467145, 61.69164528983274, 94.59652404970194, 26.02598619596251, 66.93080019672215, 52.07632902704077, 17.404412638460528, 41.211146743578134, 57.59210420615274, 89.44276049263739, 85.4116954822321, 105.94696694806645, 95.55671481801949, 24.50386036008654, 72.76479610654637, 27.599737391454198, 14.091953659012768, 73.7842775214814, 55.59339191914573, 43.59638646647002, 31.21867224527955, 45.15088992097788], [29.225029508124518, 18.355191233719026, 70.89764988981051, 27.365962878355045, 19.42547311165613, 66.30700131989944, 17.05136853109056, 76.54543225271985, 11.671579994640098, 45.76686446759018, 62.392081213605046, 38.67691858207936, 75.84603322765429, 49.154038324283135, 35.33997135639371, 56.50305209046399, 31.1951864645621, 0.0, 73.41924321122546, 47.80016498607429, 23.88286651200049, 24.724738723262448, 58.802986224831336, 44.415535210381194, 28.992160859698366, 24.98383754810946, 49.35771393780997, 21.90395637714927, 39.74654256233715, 63.5752954836934, 28.51244870869123, 36.1487376899587, 36.156315202575804, 18.882945631470225, 18.838396038481427, 50.26422913153991, 60.637785943886165, 67.88288754162697, 74.75686671720442, 65.36513062875011, 33.12476185135105, 42.088570197172956, 5.327423437138484, 26.174404436305455, 66.18010379052886, 33.984176909449815, 29.437365022107358, 25.310717747952406, 15.274877454155197], [66.9450428815399, 76.00878858361452, 84.77486370570709, 75.63407901954648, 78.0490054340287, 51.96044663102682, 65.58378448617282, 11.262344772809408, 71.89171044229828, 76.1021029405367, 72.19605834235098, 40.167425957895475, 26.59397854906441, 58.64832148041771, 108.69579305905928, 61.847380029452275, 103.96886004317747, 73.41924321122546, 0.0, 25.619955121466717, 83.78489555951415, 96.99353476599838, 39.87677416679837, 29.146384839335038, 58.61885134905647, 86.95243092780616, 24.08939664117201, 84.93353484775747, 72.94004544073368, 12.554107962697058, 97.59163323358375, 44.197859755086576, 66.7658578149226, 88.12098983122272, 74.37178656333681, 81.00009522403509, 49.09942414694167, 62.36481094636237, 16.43615465714543, 9.249229409236525, 94.98751294449166, 31.330916957048256, 76.39444125781714, 99.11939178054448, 84.99160282596877, 73.59777979739545, 71.25957286198661, 81.68921965159028, 58.81902547600873], [44.521169956861705, 51.45938526156279, 72.00916285642965, 52.45761805284252, 53.66275557125112, 45.639180491237646, 41.013193586102155, 30.105208485899745, 46.73301188511989, 57.11197410197974, 59.229578098862795, 18.781788560288085, 35.1307899095254, 43.258416245282206, 83.0806896690003, 48.945367275202955, 78.42200267613245, 47.80016498607429, 25.619955121466717, 0.0, 59.60358148459777, 71.5305243466905, 31.723679103663276, 4.01476895872679, 36.24007676699105, 62.637233777690476, 1.7334644928279384, 60.27060487221107, 52.94805801974033, 17.05550049676571, 72.56557074233595, 22.555599235336942, 46.07137622290525, 62.857391707204435, 50.06765413936959, 62.54364983634733, 40.5189768919484, 53.826027839702704, 30.11718295909944, 17.904316057945447, 70.87207552767966, 5.717520919398886, 50.82724791937808, 73.57197585680765, 70.60332607992778, 52.11789499069644, 48.72497545781158, 57.74953656246447, 33.28520497249779], [53.01870609414817, 41.68996460423839, 94.7798439405653, 50.98783769362348, 6.090627726009598, 59.94139211303488, 18.67690885434956, 83.78886666250177, 35.51814087891484, 69.62846141203204, 86.07125845650599, 43.932746242387495, 92.49042547057914, 40.41557389345637, 37.79015689274503, 46.07189021117483, 38.06088667009177, 23.88286651200049, 83.78489555951415, 59.60358148459777, 0.0, 21.385240827561237, 78.68709828385641, 57.31516626669958, 26.261144303992044, 3.318535320492712, 61.33282112864894, 42.712961200932604, 24.00477298850089, 72.06784700251997, 16.32264612018995, 40.05694731755867, 59.92002142798563, 36.307303049774596, 9.543212112068415, 74.02656177570182, 55.3846654090578, 90.67046238146855, 80.39248997456224, 77.32517397185518, 52.01819905881316, 54.26542882394825, 27.62155426959783, 24.99695466062377, 90.04775037933638, 18.133472704574853, 53.314082217959786, 47.78221630811924, 34.62924433169422], [49.78456236466674, 35.306980772233715, 88.38598909388986, 44.254222825486146, 23.578264062915505, 80.42818506121178, 33.08256313988714, 98.97462234281684, 32.49764088229662, 63.23875333226473, 82.14059209260512, 59.389866906474204, 100.57067193075082, 61.1319409278768, 16.40663270195484, 67.19137110257554, 17.559239969051124, 24.724738723262448, 96.99353476599838, 71.5305243466905, 21.385240827561237, 0.0, 83.11117974952361, 68.41261548387627, 44.2768422850109, 18.951630646517664, 73.16503427553997, 31.73817527037286, 45.38404860815842, 86.3678850840311, 8.823807664300285, 56.02742635069639, 56.457544203833656, 23.491367336461202, 26.68928664046788, 66.42285731664313, 75.51085837148476, 89.82057920194511, 96.44675613276723, 89.34873806124035, 37.30441622134282, 65.83096467557432, 24.186275690207292, 3.6459928702518396, 83.00015541723798, 39.4478593031274, 48.32383220167147, 38.41683806578383, 39.963510933166134], [37.783815027106805, 51.56803009820995, 44.89954095912155, 46.80684451547818, 72.68232195634151, 77.32741381019034, 61.040546612486835, 50.30617390222454, 51.24199513838653, 39.884466951715325, 32.38980583782264, 48.15701527330234, 22.295694316557576, 73.66956493410892, 89.5935303990472, 79.97558286460924, 83.34164524703897, 58.802986224831336, 39.87677416679837, 31.723679103663276, 78.68709828385641, 83.11117974952361, 0.0, 30.04404623579516, 61.72552008642919, 81.03247325122281, 30.903243391102457, 59.785123946204244, 79.72192435919187, 41.43333705467884, 87.25032816794635, 51.03168274104841, 34.18643032204238, 65.9422694303485, 69.74987302577523, 43.86160452600245, 72.24184207366928, 23.148842838178485, 53.697375902069595, 31.769479945015565, 66.78855947354171, 32.77888570429253, 58.99229552660132, 83.86871227181955, 45.32555853686541, 77.21224999336717, 41.549614050784946, 54.245052583878554, 44.478789804220796], [40.526515330947646, 47.51506545356925, 68.88934296392237, 48.44284941672487, 51.30538019514681, 47.86502132025155, 38.64582742777953, 34.07444070481822, 42.91181796749007, 53.34595007945863, 56.17441870286667, 18.633199648865315, 36.07685047228695, 43.883332404973174, 79.60578838559397, 49.98020378114125, 74.8229107962765, 44.415535210381194, 29.146384839335038, 4.01476895872679, 57.31516626669958, 68.41261548387627, 30.04404623579516, 0.0, 34.96691325959805, 60.2708941985967, 5.15357761378961, 56.34827868526038, 52.21529052438624, 21.056552173341206, 69.78434475141268, 22.046754897997438, 42.187838678749706, 59.082819677907935, 47.77439142618332, 58.81089616313164, 42.52353291317159, 51.473440177152526, 34.12875614406124, 20.965617916711118, 66.89523032647969, 3.2556847825505684, 47.25560542964872, 70.34803619926747, 67.28915983299045, 50.93142847576105, 44.72239195340594, 53.75555361885648, 29.6747699413554], [49.02160885513586, 44.64465938019595, 89.31786255815442, 51.685089069589694, 21.393745937753664, 37.56676914925954, 12.297999307813363, 57.74399370155687, 37.19077716676547, 66.58365631115632, 78.2483840422175, 18.468871338439648, 71.03880357556672, 20.316822540201592, 59.52939270272817, 27.839542329707665, 57.39907539414011, 28.992160859698366, 58.61885134905647, 36.24007676699105, 26.261144303992044, 44.2768422850109, 61.72552008642919, 34.96691325959805, 0.0, 29.572936542706802, 37.94441337460954, 50.38954133581196, 18.028337119641137, 46.49145456251677, 41.89112180678229, 14.42485777663515, 54.78104475558079, 47.81891504227564, 17.84401279525703, 71.94919278572966, 32.09889556081674, 78.81060365925575, 54.17035891437117, 53.08398749684026, 61.899080267503706, 31.713849607543022, 34.266688252724485, 47.38767367808498, 85.75385502516684, 15.966622328409155, 51.383118264173476, 52.326627053610714, 26.23993990641909], [54.20794054135352, 42.255376451533, 95.74949142766377, 51.637506228078585, 8.975033463281601, 63.06368069988795, 21.636189710336833, 87.05910113286458, 36.45524488306615, 70.48819854910172, 87.37016756674133, 47.172848622758636, 95.25662950195124, 43.51074314324432, 35.32032504505357, 49.0065036664694, 36.05438072731903, 24.98383754810946, 86.95243092780616, 62.637233777690476, 3.318535320492712, 18.951630646517664, 81.03247325122281, 60.2708941985967, 29.572936542706802, 0.0, 64.3634312345697, 42.58031729417976, 26.702686618059747, 75.28717308159882, 13.19364496824752, 43.31576669219345, 61.14015088739438, 35.748660620326206, 12.598338422231215, 74.72621631639254, 58.57401621746345, 92.40667543826, 83.69091026012354, 80.40327391193182, 51.3701950364894, 57.25160262064611, 28.229361429181473, 22.595607607126222, 90.90243620687475, 20.999157672376406, 54.250920888026386, 47.98328909532015, 36.74033436654396], [45.32967481642794, 52.6485564111632, 71.8578101836437, 53.403263480994696, 55.38871492144812, 46.42816776224667, 42.7371169731404, 28.985990852171703, 48.06215625730463, 57.51874761844281, 59.04700852609189, 20.3772694627928, 33.5277695874813, 44.62572021796876, 84.61023255540088, 50.1866980227298, 79.89637023521468, 49.35771393780997, 24.08939664117201, 1.7334644928279384, 61.33282112864894, 73.16503427553997, 30.903243391102457, 5.15357761378961, 37.94441337460954, 64.3634312345697, 0.0, 61.491627598516715, 54.58385844041814, 16.057750873510866, 74.25753970013703, 24.192583083261983, 46.6432910568067, 64.22453942614744, 51.79606807917065, 62.90855344967109, 41.41765038548211, 53.25565805603935, 29.2927560204433, 16.223003918246683, 71.99739237184333, 7.334695766794669, 52.31178894488426, 75.18125457076734, 70.59016938040537, 53.80845781097221, 49.56282455500675, 58.83073775506604, 34.746655564684296], [22.204049920997242, 8.944208485450451, 56.799198152057606, 14.055501561329176, 39.811448623113066, 87.00164733165587, 38.84349403078396, 90.3533343598344, 14.364771680271815, 31.97766520216238, 51.52798927250326, 56.609877290481634, 80.48956642619379, 70.6956340646448, 31.324546900549, 78.15217820049082, 24.494913714467145, 21.90395637714927, 84.93353484775747, 60.27060487221107, 42.712961200932604, 31.73817527037286, 59.785123946204244, 56.34827868526038, 50.38954133581196, 42.58031729417976, 61.491627598516715, 0.0, 61.503494576755905, 77.23688909481906, 39.62367516261016, 54.98452467122779, 27.59448872764846, 8.335557797597849, 40.111373714218686, 34.765502609711675, 81.17423773396465, 60.944352439794834, 89.75999775794884, 75.99515183793822, 11.656620726193788, 55.001414734704, 16.63747607494576, 30.445684765163218, 51.33092402758953, 55.61455109107094, 19.131497804100132, 6.935872301878203, 28.68701191151018], [64.77512467726385, 57.651618213747014, 106.07122176565717, 65.87791242060105, 23.13200015165192, 37.748979862747895, 23.967810557020492, 69.9752359244958, 50.3140472869014, 82.4157155735138, 95.45421010466863, 34.251775338660885, 88.06338437610323, 18.530659411549436, 61.78269533049007, 22.685767081644162, 61.69164528983274, 39.74654256233715, 72.94004544073368, 52.94805801974033, 24.00477298850089, 45.38404860815842, 79.72192435919187, 52.21529052438624, 18.028337119641137, 26.702686618059747, 54.58385844041814, 61.503494576755905, 0.0, 60.41747407624037, 39.71081276177748, 30.392945059250067, 71.0196650640404, 56.854863851321156, 21.67436494367001, 87.55695283764467, 34.16387093924951, 96.65888033147749, 65.39692018836995, 68.65585417819186, 72.25389120911257, 48.972027944603624, 44.89565118943372, 48.98383994997159, 102.1751382219222, 6.149697441361053, 66.52373236514403, 64.95862205097286, 42.28645434810587], [61.36032956897004, 68.46496906970168, 85.2360421045873, 69.45833121095257, 66.47128702271996, 41.02766151700813, 54.21694862265522, 13.141830274674382, 63.52264480732581, 72.9432677486749, 72.39889752875149, 28.16967806947425, 34.64286882377521, 46.201578544809735, 98.89601010470757, 49.71059053489091, 94.59652404970194, 63.5752954836934, 12.554107962697058, 17.05550049676571, 72.06784700251997, 86.3678850840311, 41.43333705467884, 21.056552173341206, 46.49145456251677, 75.28717308159882, 16.057750873510866, 77.23688909481906, 60.41747407624037, 0.0, 86.37270288978296, 32.13727051870221, 62.42282935802359, 79.51219160974382, 62.7742921609851, 78.21216982457246, 37.53878868771975, 64.581821476361, 13.411516338544699, 11.709809251158985, 87.91561328077553, 22.25164688661385, 67.04078597485613, 88.70681238207183, 84.58941052235834, 61.20889201979156, 65.60542291607184, 74.80477501495186, 49.715025454906815], [55.994771336465014, 42.09267325875751, 95.78638307968532, 51.34242277024075, 20.50087736215433, 76.24738784326875, 32.16585363323369, 98.56782540255591, 38.156267746609565, 70.47915302290872, 88.88638983647125, 58.60116551233371, 103.44100495768822, 56.7013996680325, 23.602930480480065, 62.157643042982066, 26.02598619596251, 28.51244870869123, 97.59163323358375, 72.56557074233595, 16.32264612018995, 8.823807664300285, 87.25032816794635, 69.78434475141268, 41.89112180678229, 13.19364496824752, 74.25753970013703, 39.62367516261016, 39.71081276177748, 86.37270288978296, 0.0, 54.9324409325008, 62.838137923936905, 31.582365888922894, 24.11503136195539, 73.9795722213034, 71.70573152268199, 95.73724403785599, 95.54907279939094, 90.46885030852869, 45.94712240978776, 66.96890921078398, 29.483388739936633, 11.964561645410429, 90.52730529962137, 34.14560537536629, 55.011202070383796, 46.060635909249754, 43.03874493516601], [47.42939929445727, 47.55008769107112, 84.25189728085458, 52.48139618481405, 34.64837002808739, 33.31668896075202, 22.994381307817076, 43.75311708214471, 40.68928803515791, 63.97643096820071, 72.25999288451412, 4.052305046601814, 57.67877618812743, 23.059777184908203, 70.11735137462327, 30.069157482224718, 66.93080019672215, 36.1487376899587, 44.197859755086576, 22.555599235336942, 40.05694731755867, 56.02742635069639, 51.03168274104841, 22.046754897997438, 14.42485777663515, 43.31576669219345, 24.192583083261983, 54.98452467122779, 30.392945059250067, 32.13727051870221, 54.9324409325008, 0.0, 51.88268146499761, 54.51064657136644, 30.95339028154799, 69.56634651442104, 27.353842131000395, 70.47572659965279, 40.62450036036063, 38.78488627360885, 66.60714168315369, 18.86209647996157, 40.803473745963366, 58.77609564675145, 81.47320145674479, 29.851795882585822, 50.727326316146744, 55.12391221542535, 26.798079013457624], [6.942680057809318, 21.24630826527209, 35.2685986973602, 13.593593225129869, 54.92950906786004, 84.92444867344426, 47.37223517288144, 74.685055704784, 24.915376176591028, 12.09614262082744, 26.262385258776526, 51.47390827757912, 56.16832219285592, 73.36162753564899, 58.84492595253468, 80.90788584404136, 52.07632902704077, 36.156315202575804, 66.7658578149226, 46.07137622290525, 59.92002142798563, 56.457544203833656, 34.18643032204238, 42.187838678749706, 54.78104475558079, 61.14015088739438, 46.6432910568067, 27.59448872764846, 71.0196650640404, 62.42282935802359, 62.838137923936905, 51.88268146499761, 0.0, 35.1337213538756, 53.376425241015944, 17.684704174965002, 79.00303575390014, 33.606217240016605, 75.8150964153855, 57.52181773344204, 32.829870967902295, 42.43543176307235, 33.5702284376043, 56.11634290912489, 31.156658289010213, 66.31742484597835, 8.490797064601635, 21.13944565723717, 28.769275925724482], [29.16750139163703, 14.453290910549192, 65.13471037995404, 21.88831182256637, 34.24949130648726, 85.18994693664747, 35.69430801459219, 92.64706370254684, 16.25726743087866, 40.26612303023459, 59.70039314363795, 56.671727199767496, 85.88954138798982, 67.85032172409234, 23.871794862958065, 75.0902910686013, 17.404412638460528, 18.882945631470225, 88.12098983122272, 62.857391707204435, 36.307303049774596, 23.491367336461202, 65.9422694303485, 59.082819677907935, 47.81891504227564, 35.748660620326206, 64.22453942614744, 8.335557797597849, 56.854863851321156, 79.51219160974382, 31.582365888922894, 54.51064657136644, 35.1337213538756, 0.0, 35.18351269590446, 43.098647103358104, 79.51461803129718, 68.6981462687957, 91.51752476745196, 79.44300084779704, 15.721901125596279, 57.336597010352385, 13.78893871586606, 22.111555812265145, 59.660262388328896, 50.7936132393521, 26.655221112685933, 15.21299651722742, 29.85031070160229], [46.63556531886437, 37.17745517322242, 88.59436112392719, 46.019947138594084, 3.7004569294353207, 53.87844331525472, 9.152574780681416, 74.69455784191769, 30.21163949505993, 63.871401747826575, 79.16065768419304, 34.732842197528946, 83.03802419180904, 34.84467271877428, 42.46532054982924, 41.40276402375634, 41.211146743578134, 18.838396038481427, 74.37178656333681, 50.06765413936959, 9.543212112068415, 26.68928664046788, 69.74987302577523, 47.77439142618332, 17.84401279525703, 12.598338422231215, 51.79606807917065, 40.111373714218686, 21.67436494367001, 62.7742921609851, 24.11503136195539, 30.95339028154799, 53.376425241015944, 35.18351269590446, 0.0, 68.63258280524063, 48.85518829325015, 82.80421351782653, 71.50990039818126, 67.81126610429227, 50.640099089893255, 44.72221694437492, 23.681524392775593, 29.967492634917548, 84.16180587575568, 15.617353464704383, 47.55919946624409, 44.099189913835, 26.38345052974694], [22.931605160746454, 32.49915022786593, 22.05790906484765, 23.09126178325681, 69.65444447656058, 102.58951480168214, 63.63709557527202, 89.86482638742831, 38.59770803222189, 5.611480569694155, 19.594307099291143, 69.1303973907576, 65.94666893608121, 90.88901488421213, 64.59004732817432, 98.46268382834609, 57.59210420615274, 50.26422913153991, 81.00009522403509, 62.54364983634733, 74.02656177570182, 66.42285731664313, 43.86160452600245, 58.81089616313164, 71.94919278572966, 74.72621631639254, 62.90855344967109, 34.765502609711675, 87.55695283764467, 78.21216982457246, 73.9795722213034, 69.56634651442104, 17.684704174965002, 43.098647103358104, 68.63258280524063, 0.0, 96.67428277502952, 32.645797661806604, 91.60637312555977, 71.9082155979102, 33.89623668222233, 59.41318216725787, 46.498358490248364, 65.21020281854956, 16.577305984672535, 82.52682508540357, 21.1220243003713, 28.006200035577525, 45.7252288542511], [74.75785276112506, 74.31637287699158, 110.17109174699421, 79.74630575087042, 51.95936924371434, 5.9636062130846685, 44.38090779524891, 42.20063660037503, 67.16645702923869, 91.06744026415261, 97.76597883568651, 27.565904498446056, 71.55180482103984, 15.634600727405063, 91.26244612109807, 14.261679820480282, 89.44276049263739, 60.637785943886165, 49.09942414694167, 40.5189768919484, 55.3846654090578, 75.51085837148476, 72.24184207366928, 42.52353291317159, 32.09889556081674, 58.57401621746345, 41.41765038548211, 81.17423773396465, 34.16387093924951, 37.53878868771975, 71.70573152268199, 27.353842131000395, 79.00303575390014, 79.51461803129718, 48.85518829325015, 96.67428277502952, 0.0, 93.98603741915576, 36.470651636799985, 48.799421326884634, 92.82491875930455, 40.309903473127065, 65.77190129295543, 78.8223487557444, 107.83580926950222, 38.32267179873825, 78.08110716580296, 81.98812191326282, 53.82898278441791], [40.0595485079987, 54.81399691325281, 23.95294778484204, 46.90292185448197, 85.08491918790662, 99.32863918892642, 75.12162381057479, 73.11972385778618, 57.592340278107045, 31.491272237195155, 14.062645628073406, 68.24487296526968, 40.0661819614418, 93.53173668330957, 92.26889626637806, 100.35136447128095, 85.4116954822321, 67.88288754162697, 62.36481094636237, 53.826027839702704, 90.67046238146855, 89.82057920194511, 23.148842838178485, 51.473440177152526, 78.81060365925575, 92.40667543826, 53.25565805603935, 60.944352439794834, 96.65888033147749, 64.581821476361, 95.73724403785599, 70.47572659965279, 33.606217240016605, 68.6981462687957, 82.80421351782653, 32.645797661806604, 93.98603741915576, 0.0, 76.75158282156465, 54.71206742236262, 64.10173342385353, 53.73509204229093, 66.25385605061764, 89.6421388653038, 26.3290469060374, 93.13820257245257, 42.050933981149065, 54.20438052927053, 56.429519101271104], [74.61307506854423, 81.10617310921207, 98.08722218882656, 82.55785178971263, 75.19003854562779, 38.09836420125854, 63.56999003708858, 6.1002891938564865, 75.78947198442486, 86.34987538955421, 85.28892087280728, 37.077338351853044, 42.9591034891696, 48.79574515613717, 109.83188768979159, 50.339787840203584, 105.94696694806645, 74.75686671720442, 16.43615465714543, 30.11718295909944, 80.39248997456224, 96.44675613276723, 53.697375902069595, 34.12875614406124, 54.17035891437117, 83.69091026012354, 29.2927560204433, 89.75999775794884, 65.39692018836995, 13.411516338544699, 95.54907279939094, 40.62450036036063, 75.8150964153855, 91.51752476745196, 71.50990039818126, 91.60637312555977, 36.470651636799985, 76.75158282156465, 0.0, 22.10373472902719, 100.66187038973099, 34.899810622829555, 78.61032858435779, 99.03815122395267, 97.65911144276176, 67.33991467330972, 78.83252307265494, 87.67093809925642, 61.67884970313519], [57.72420562210406, 67.05640111664383, 76.49478772219395, 66.45323102376206, 71.43697705251712, 52.56534074638411, 58.81754944240843, 18.57602308912045, 63.187957380975334, 66.95440792563782, 63.792379292683975, 34.747900966816154, 22.958116345698567, 56.07977105600867, 100.48496249311991, 60.29430251368468, 95.55671481801949, 65.36513062875011, 9.249229409236525, 17.904316057945447, 77.32517397185518, 89.34873806124035, 31.769479945015565, 20.965617916711118, 53.08398749684026, 80.40327391193182, 16.223003918246683, 75.99515183793822, 68.65585417819186, 11.709809251158985, 90.46885030852869, 38.78488627360885, 57.52181773344204, 79.44300084779704, 67.81126610429227, 71.9082155979102, 48.799421326884634, 54.71206742236262, 22.10373472902719, 0.0, 85.903532101528, 23.54717702230154, 68.06684345411959, 91.31156324127299, 76.43460806125337, 68.62038556707368, 62.03895480232295, 72.59371366045175, 50.48755311023623], [29.31424849224911, 19.61534959319259, 55.42999692303513, 20.143266306715987, 49.89646889549901, 98.64581858949347, 50.169044458511536, 100.96967102550397, 25.929842939074135, 32.95261527924428, 52.791576288327754, 68.1569265305971, 88.3514485222265, 82.17675368905122, 31.362723452727685, 89.58704065338148, 24.50386036008654, 33.12476185135105, 94.98751294449166, 70.87207552767966, 52.01819905881316, 37.30441622134282, 66.78855947354171, 66.89523032647969, 61.899080267503706, 51.3701950364894, 71.99739237184333, 11.656620726193788, 72.25389120911257, 87.91561328077553, 45.94712240978776, 66.60714168315369, 32.829870967902295, 15.721901125596279, 50.640099089893255, 33.89623668222233, 92.82491875930455, 64.10173342385353, 100.66187038973099, 85.903532101528, 0.0, 65.78149703565579, 27.79800662704945, 35.02116204758759, 49.6464883291