instance_id,num_cities,city_coordinates,distance_matrix,best_route,total_distance
1755,30,"[[4.31157755101289, 29.457640127431073], [10.089383113083006, 6.5755653293489535], [66.34559249256216, 63.14880937359799], [79.42548404698725, 0.7077421888948443], [20.94923581912882, 80.31699274257593], [65.49832586604578, 83.92323776428555], [9.008821202361084, 43.210181623364655], [33.622228328659254, 56.85070826559354], [94.07380722949007, 98.15398908491929], [8.923291810331014, 61.815475773065806], [83.044858130593, 60.3807699908261], [10.141369663615807, 78.02729610033973], [70.29586285801784, 45.617693024308316], [72.17555250498859, 26.71057014555097], [88.96624215611254, 10.336029893688881], [72.89466831417016, 37.78321672348637], [24.006502523978256, 8.144349108980498], [45.49485643809283, 43.19961211889173], [28.276121248847918, 99.17532216437051], [50.0923382480684, 9.471016867008386], [64.03987407308655, 7.147055484410725], [40.36972991958992, 3.362521460298218], [76.55605969568751, 67.62269899901906], [32.92021576362916, 9.352313084925523], [35.91882837371942, 77.7551015067843], [47.066462097654735, 96.05025304322584], [93.4482086862438, 90.71663523518475], [4.005974945993829, 18.470834749271802], [4.391960006133234, 11.238464857774188], [47.014902401148404, 6.001048790975472]]","[[0.0, 23.60026237519645, 70.59259093518399, 80.42795273138705, 53.511544745767225, 81.91653981527116, 14.532601127035242, 40.118504845409596, 113.03294314906907, 32.684819658053925, 84.5882345918821, 48.918278356897105, 67.9343301807422, 67.91955160363759, 86.78737360545638, 69.08658020400382, 29.01975953945692, 43.415484036287026, 73.72146595971374, 49.95340988716518, 63.7591686939387, 44.51006145229709, 81.70579489255329, 34.966817925949066, 57.72056029058969, 79.13631434145482, 108.1573090075285, 10.991054788769999, 18.219352591285134, 48.72151096160387], [23.60026237519645, 0.0, 79.78278658606729, 69.58395103128456, 74.53679975513596, 95.14627353766072, 36.65054876877922, 55.51022249279941, 124.25776109249412, 55.252216921642265, 90.65043509930864, 71.45174968306645, 71.7572849139846, 65.26952465514724, 78.96644848436333, 70.13145766863758, 14.005259556479215, 50.93985026097545, 94.36881057809306, 40.10760600108898, 53.95351773353391, 30.450337496106314, 90.24728043115269, 22.999070581554893, 75.72111074797465, 96.81437967433892, 118.44160352610646, 13.360587168981718, 7.362286470370021, 36.929988409775525], [70.59259093518399, 79.78278658606729, 0.0, 63.796319911419126, 48.534273656998586, 20.791698720792716, 60.70464742132353, 33.32393493827, 44.656651230461584, 57.43777845748277, 16.927123644438048, 58.14021010525921, 17.970661546324028, 36.90167627340087, 57.453315549188204, 26.197398432068923, 69.412457011474, 28.85695176418201, 52.413683944554805, 56.08452265925638, 56.049199602626004, 65.18547122528082, 11.147615390142802, 63.33497313813472, 33.75102583068663, 38.133841457811954, 38.65923986936094, 76.69647535828713, 80.82658254568865, 60.328617744972625], [80.42795273138705, 69.58395103128456, 63.796319911419126, 0.0, 98.77805616899379, 84.37288924088611, 82.24939977929643, 72.45668274416023, 98.54107979000435, 93.29905794791524, 59.78269077088399, 103.82004586279535, 45.82852460087859, 26.99460259213172, 13.554703590382491, 37.646279578481, 55.915710095924545, 54.37689307124158, 110.96000009409867, 30.614186671291733, 16.678781429912686, 39.14587824330406, 66.97645139157957, 47.30188774334078, 88.48234098243702, 100.68416299262564, 91.09466303646371, 77.48309370658446, 75.76889764222697, 32.83998930275734], [53.511544745767225, 74.53679975513596, 48.534273656998586, 98.77805616899379, 0.0, 44.69481432073436, 38.980622527829674, 26.669669032466064, 75.26859492820225, 22.06647818469932, 65.21747685900917, 11.047745541464622, 60.325210327469065, 74.14704353412093, 97.58918132817077, 67.13754582600541, 72.23736822979188, 44.49929702740886, 20.23165437331196, 76.60595745074376, 84.91550402310098, 79.36716097631911, 57.03739085272331, 71.96728506581702, 15.18723108254037, 30.490080160139478, 73.24106519406138, 64.12504462024057, 71.03510679290163, 78.75454589915704], [81.91653981527116, 95.14627353766072, 20.791698720792716, 84.37288924088611, 44.69481432073436, 0.0, 69.63201187300443, 41.8211363746913, 31.922913687542238, 60.74115259579542, 29.362026213719876, 55.670052345066125, 38.60480694182704, 57.6009955785454, 77.2387225243141, 46.7290854100026, 86.39451006911527, 45.371273674663634, 40.22584486510956, 76.02945252349399, 76.79003351415436, 84.38883424749845, 19.697234361329983, 81.37663095373243, 30.215767023023634, 22.063501570516355, 28.763626316242195, 89.80716164156728, 94.95822324094219, 80.08435850635857], [14.532601127035242, 36.65054876877922, 60.70464742132353, 82.24939977929643, 38.980622527829674, 69.63201187300443, 0.0, 28.140429588800906, 101.2663509077326, 18.605490739934943, 76.00107807737547, 34.83552965751888, 61.33431002341088, 65.28608674424545, 86.45171494841013, 64.11593724822211, 38.13847211087022, 36.48603676665203, 59.188899354996366, 53.16189059186549, 65.79487705721992, 50.70840774508298, 71.82339752957213, 41.45009109556778, 43.78926781432226, 65.11879281874901, 96.88587767794284, 25.240121917723293, 32.30334472224777, 53.188173255219034], [40.118504845409596, 55.51022249279941, 33.32393493827, 72.45668274416023, 26.669669032466064, 41.8211363746913, 28.140429588800906, 0.0, 73.21444118507944, 25.192982783697143, 49.54853854881031, 31.61959196400969, 38.35539207209214, 48.936558225322536, 72.29505633565185, 43.65654333686858, 49.646466188881874, 18.09175846155949, 42.66091656996312, 50.160738409463065, 58.27251729954574, 53.9121035152384, 44.26454179378145, 47.50358266889316, 21.03016948455985, 41.440942706567355, 68.7462648822158, 48.478213205058374, 54.17458200024277, 52.583757829738055], [113.03294314906907, 124.25776109249412, 44.656651230461584, 98.54107979000435, 75.26859492820225, 31.922913687542238, 101.2663509077326, 73.21444118507944, 0.0, 92.58022372982363, 39.35039769756373, 86.31186387887186, 57.66674121450765, 74.72413043806694, 87.96636389831852, 63.97801247858807, 114.0664827076436, 73.3477880219796, 65.80561223532818, 98.99009634891014, 95.83474893904972, 108.9474655700504, 35.19987433169947, 107.82160919584388, 61.628858338772766, 47.05439619925648, 7.463618815525948, 120.25647382626278, 124.88851857986371, 103.47320874729888], [32.684819658053925, 55.252216921642265, 57.43777845748277, 93.29905794791524, 22.06647818469932, 60.74115259579542, 18.605490739934943, 25.192982783697143, 92.58022372982363, 0.0, 74.13545018714454, 16.25751616885171, 63.47409426671099, 72.34087974376347, 95.16831010428285, 68.33656771320926, 55.75027428474744, 41.03693115857177, 42.07481586006301, 66.59454003715703, 77.63036659184428, 66.37489237392363, 67.88162588971011, 57.690864081435365, 31.35013018914373, 51.25350148336444, 89.32938257446311, 43.62267656421212, 50.77959236785248, 67.57381931444725], [84.5882345918821, 90.65043509930864, 16.927123644438048, 59.78269077088399, 65.21747685900917, 29.362026213719876, 76.00107807737547, 49.54853854881031, 39.35039769756373, 74.13545018714454, 0.0, 75.00878958087795, 19.506032963662083, 35.38112720651451, 50.393836926430716, 24.77248003288469, 78.83001394950031, 41.294004563944846, 67.1165539786399, 60.64380866779598, 56.524488314151185, 71.21971098870449, 9.723684532549306, 71.52889756324628, 50.22678644181959, 50.66317205158378, 32.07014847030876, 89.46277285564085, 92.74289480691567, 65.23275088204714], [48.918278356897105, 71.45174968306645, 58.14021010525921, 103.82004586279535, 11.047745541464622, 55.670052345066125, 34.83552965751888, 31.61959196400969, 86.31186387887186, 16.25751616885171, 75.00878958087795, 0.0, 68.32968185950573, 80.50867160446604, 103.90124178333019, 74.54906046635425, 71.24512747853447, 49.626974506055994, 27.85871894870624, 79.3476106329259, 89.04525415399591, 80.5517370130101, 67.2247476224119, 72.3541921509426, 25.778895776348868, 41.0887993037938, 84.26772072164503, 59.87165570620434, 67.03583884876396, 80.91623890181494], [67.9343301807422, 71.7572849139846, 17.970661546324028, 45.82852460087859, 60.325210327469065, 38.60480694182704, 61.33431002341088, 38.35539207209214, 57.66674121450765, 63.47409426671099, 19.506032963662083, 68.32968185950573, 0.0, 19.000329700333058, 39.91714940219597, 8.25426003388964, 59.556329506871, 24.918608201629198, 68.07406498811311, 41.409716298056765, 38.97598425188726, 51.77907836715895, 22.878163221583698, 52.07798745988629, 47.059467951775254, 55.525203014012256, 50.6946319238018, 71.63310096312756, 74.33206401303046, 45.9508609288747], [67.91955160363759, 65.26952465514724, 36.90167627340087, 26.99460259213172, 74.14704353412093, 57.6009955785454, 65.28608674424545, 48.936558225322536, 74.72413043806694, 72.34087974376347, 35.38112720651451, 80.50867160446604, 19.000329700333058, 0.0, 23.453205056456845, 11.095973584453027, 51.623269362293044, 31.36475805442567, 84.72485083941801, 28.0155412077074, 21.18774101795577, 39.45556649881977, 41.14597344298153, 42.921912246080986, 62.61065585520478, 73.74590188907969, 67.44851569355943, 68.6657450551037, 69.52698364007266, 32.58746060041334], [86.78737360545638, 78.96644848436333, 57.453315549188204, 13.554703590382491, 97.58918132817077, 77.2387225243141, 86.45171494841013, 72.29505633565185, 87.96636389831852, 95.16831010428285, 50.393836926430716, 103.90124178333019, 39.91714940219597, 23.453205056456845, 0.0, 31.806344502737428, 64.99670174506348, 54.49565499117812, 107.59047646931391, 38.88352675090284, 25.129532100569, 49.094305386929186, 58.61548503496864, 56.05465879966435, 85.78670833044079, 95.40712562002776, 80.50546403221668, 85.34882573564319, 84.57909664951922, 42.17471954141861], [69.08658020400382, 70.13145766863758, 26.197398432068923, 37.646279578481, 67.13754582600541, 46.7290854100026, 64.11593724822211, 43.65654333686858, 63.97801247858807, 68.33656771320926, 24.77248003288469, 74.54906046635425, 8.25426003388964, 11.095973584453027, 31.806344502737428, 0.0, 57.170929918967516, 27.930038129651678, 75.8933814814244, 36.35281168158249, 31.890151403192938, 47.356687806185334, 30.063274760419553, 49.05377802392581, 54.45148586063632, 63.734949265286815, 56.7837548702186, 71.54453278547977, 73.46594379131206, 40.986198679593684], [29.01975953945692, 14.005259556479215, 69.412457011474, 55.915710095924545, 72.23736822979188, 86.39451006911527, 38.13847211087022, 49.646466188881874, 114.0664827076436, 55.75027428474744, 78.83001394950031, 71.24512747853447, 59.556329506871, 51.623269362293044, 64.99670174506348, 57.170929918967516, 0.0, 41.11715966153661, 91.13104684720187, 26.11954962790148, 40.045791691044904, 17.04761233904028, 79.36705906473156, 8.995190975510676, 70.62266177749717, 90.88019411310896, 107.89037487576995, 22.50905171429614, 19.85708514488678, 23.108011622831675], [43.415484036287026, 50.93985026097545, 28.85695176418201, 54.37689307124158, 44.49929702740886, 45.371273674663634, 36.48603676665203, 18.09175846155949, 73.3477880219796, 41.03693115857177, 41.294004563944846, 49.626974506055994, 24.918608201629198, 31.36475805442567, 54.49565499117812, 27.930038129651678, 41.11715966153661, 0.0, 58.564195176001995, 34.04049025290946, 40.54262595053123, 40.16541689030079, 39.51310568107572, 36.10763409566744, 35.85780473378736, 52.87400297369272, 67.50845486062892, 48.299479476094376, 52.066909158728045, 37.229607215102305], [73.72146595971374, 94.36881057809306, 52.413683944554805, 110.96000009409867, 20.23165437331196, 40.22584486510956, 59.188899354996366, 42.66091656996312, 65.80561223532818, 42.07481586006301, 67.1165539786399, 27.85871894870624, 68.07406498811311, 84.72485083941801, 107.59047646931391, 75.8933814814244, 91.13104684720187, 58.564195176001995, 0.0, 92.31906473226117, 98.7332157087524, 96.57301978005724, 57.67599574385598, 89.94298512918213, 22.742841186101725, 19.048437369670776, 65.71872157546548, 84.27487342319635, 91.1226866989153, 95.03992391481574], [49.95340988716518, 40.10760600108898, 56.08452265925638, 30.614186671291733, 76.60595745074376, 76.02945252349399, 53.16189059186549, 50.160738409463065, 98.99009634891014, 66.59454003715703, 60.64380866779598, 79.3476106329259, 41.409716298056765, 28.0155412077074, 38.88352675090284, 36.35281168158249, 26.11954962790148, 34.04049025290946, 92.31906473226117, 0.0, 14.13982150163042, 11.4822832591257, 63.89011416204846, 17.172532754619063, 69.73954830116372, 86.63209603452339, 92.09007549936752, 46.95689091416418, 45.73454322343237, 4.638026502791436], [63.7591686939387, 53.95351773353391, 56.049199602626004, 16.678781429912686, 84.91550402310098, 76.79003351415436, 65.79487705721992, 58.27251729954574, 95.83474893904972, 77.63036659184428, 56.524488314151185, 89.04525415399591, 38.97598425188726, 21.18774101795577, 25.129532100569, 31.890151403192938, 40.045791691044904, 40.54262595053123, 98.7332157087524, 14.13982150163042, 0.0, 23.970782674476357, 61.75725350957078, 31.197696940351364, 76.00190375460024, 90.50897883784482, 88.59302909620149, 61.09252835855824, 59.788069739698855, 17.063498813892032], [44.51006145229709, 30.450337496106314, 65.18547122528082, 39.14587824330406, 79.36716097631911, 84.38883424749845, 50.70840774508298, 53.9121035152384, 108.9474655700504, 66.37489237392363, 71.21971098870449, 80.5517370130101, 51.77907836715895, 39.45556649881977, 49.094305386929186, 47.356687806185334, 17.04761233904028, 40.16541689030079, 96.57301978005724, 11.4822832591257, 23.970782674476357, 0.0, 73.74836187992524, 9.558915464963334, 74.52560962879721, 92.92933771341303, 102.2157820572633, 39.37745301841538, 36.829749012800434, 7.149835227779236], [81.70579489255329, 90.24728043115269, 11.147615390142802, 66.97645139157957, 57.03739085272331, 19.697234361329983, 71.82339752957213, 44.26454179378145, 35.19987433169947, 67.88162588971011, 9.723684532549306, 67.2247476224119, 22.878163221583698, 41.14597344298153, 58.61548503496864, 30.063274760419553, 79.36705906473156, 39.51310568107572, 57.67599574385598, 63.89011416204846, 61.75725350957078, 73.74836187992524, 0.0, 72.79783479088059, 41.881381902875546, 40.96049554668738, 28.612490076874447, 87.63230315593285, 91.57968739681662, 68.33672328011623], [34.966817925949066, 22.999070581554893, 63.33497313813472, 47.30188774334078, 71.96728506581702, 81.37663095373243, 41.45009109556778, 47.50358266889316, 107.82160919584388, 57.690864081435365, 71.52889756324628, 72.3541921509426, 52.07798745988629, 42.921912246080986, 56.05465879966435, 49.05377802392581, 8.995190975510676, 36.10763409566744, 89.94298512918213, 17.172532754619063, 31.197696940351364, 9.558915464963334, 72.79783479088059, 0.0, 68.46848283313257, 87.84445957689066, 101.40902743943093, 30.31799398712523, 28.59053943309429, 14.487621053084185], [57.72056029058969, 75.72111074797465, 33.75102583068663, 88.48234098243702, 15.18723108254037, 30.215767023023634, 43.78926781432226, 21.03016948455985, 61.628858338772766, 31.35013018914373, 50.22678644181959, 25.778895776348868, 47.059467951775254, 62.61065585520478, 85.78670833044079, 54.45148586063632, 70.62266177749717, 35.85780473378736, 22.742841186101725, 69.73954830116372, 76.00190375460024, 74.52560962879721, 41.881381902875546, 68.46848283313257, 0.0, 21.423872371361323, 58.97144186583478, 67.32796223617197, 73.60982529637971, 72.60693451706425], [79.13631434145482, 96.81437967433892, 38.133841457811954, 100.68416299262564, 30.490080160139478, 22.063501570516355, 65.11879281874901, 41.440942706567355, 47.05439619925648, 51.25350148336444, 50.66317205158378, 41.0887993037938, 55.525203014012256, 73.74590188907969, 95.40712562002776, 63.734949265286815, 90.88019411310896, 52.87400297369272, 19.048437369670776, 86.63209603452339, 90.50897883784482, 92.92933771341303, 40.96049554668738, 87.84445957689066, 21.423872371361323, 0.0, 46.68740617693755, 88.72864079070887, 94.94289096068852, 90.04921901308089], [108.1573090075285, 118.44160352610646, 38.65923986936094, 91.09466303646371, 73.24106519406138, 28.763626316242195, 96.88587767794284, 68.7462648822158, 7.463618815525948, 89.32938257446311, 32.07014847030876, 84.26772072164503, 50.6946319238018, 67.44851569355943, 80.50546403221668, 56.7837548702186, 107.89037487576995, 67.50845486062892, 65.71872157546548, 92.09007549936752, 88.59302909620149, 102.2157820572633, 28.612490076874447, 101.40902743943093, 58.97144186583478, 46.68740617693755, 0.0, 114.97551419452688, 119.36412775836129, 96.60632753164657], [10.991054788769999, 13.360587168981718, 76.69647535828713, 77.48309370658446, 64.12504462024057, 89.80716164156728, 25.240121917723293, 48.478213205058374, 120.25647382626278, 43.62267656421212, 89.46277285564085, 59.87165570620434, 71.63310096312756, 68.6657450551037, 85.34882573564319, 71.54453278547977, 22.50905171429614, 48.299479476094376, 84.27487342319635, 46.95689091416418, 61.09252835855824, 39.37745301841538, 87.63230315593285, 30.31799398712523, 67.32796223617197, 88.72864079070887, 114.97551419452688, 0.0, 7.242662405089169, 44.78016751518995], [18.219352591285134, 7.362286470370021, 80.82658254568865, 75.76889764222697, 71.03510679290163, 94.95822324094219, 32.30334472224777, 54.17458200024277, 124.88851857986371, 50.77959236785248, 92.74289480691567, 67.03583884876396, 74.33206401303046, 69.52698364007266, 84.57909664951922, 73.46594379131206, 19.85708514488678, 52.066909158728045, 91.1226866989153, 45.73454322343237, 59.788069739698855, 36.829749012800434, 91.57968739681662, 28.59053943309429, 73.60982529637971, 94.94289096068852, 119.36412775836129, 7.242662405089169, 0.0, 42.94351808440411], [48.72151096160387, 36.929988409775525, 60.328617744972625, 32.83998930275734, 78.75454589915704, 80.08435850635857, 53.188173255219034, 52.583757829738055, 103.47320874729888, 67.57381931444725, 65.23275088204714, 80.91623890181494, 45.9508609288747, 32.58746060041334, 42.17471954141861, 40.986198679593684, 23.108011622831675, 37.229607215102305, 95.03992391481574, 4.638026502791436, 17.063498813892032, 7.149835227779236, 68.33672328011623, 14.487621053084185, 72.60693451706425, 90.04921901308089, 96.60632753164657, 44.78016751518995, 42.94351808440411, 0.0]]",Route_0,1636.1844855562827
