instance_id,num_cities,city_coordinates,distance_matrix,best_route,total_distance
2264,61,"[[88.96422004007404, 81.93883271432027], [22.996287189784837, 53.708768394065686], [34.181946777244434, 41.42457821664345], [78.47447904384781, 75.69813606984737], [35.056427525889724, 71.48525661085972], [57.91164007697452, 92.57197148084843], [69.02203226325926, 37.802865562331036], [37.330031793630795, 86.9856546041865], [77.06067916193042, 14.485533764124348], [40.73003649818091, 80.74253224460593], [67.15243275838502, 69.38351059145795], [89.92296713775372, 89.56723364935492], [86.64791681682821, 65.63026831838927], [21.43465768353555, 22.142202583060623], [88.36809122909017, 20.11553804922841], [42.95581265052086, 41.96626448819705], [46.44161897384302, 60.08021964682511], [19.126929087160693, 41.01282344785576], [75.26320603154838, 46.93715293999542], [16.472110452213297, 3.4588735828928296], [27.75616510249259, 37.87926369007112], [58.180183087063284, 51.854156313662315], [33.17880810875153, 54.05833937493074], [94.4391016668972, 60.70925214100017], [0.2640378619082506, 12.138981966876472], [56.42775731537459, 75.9144899531473], [57.24854591910983, 96.15013195965267], [20.233113166346918, 38.60226959822764], [30.378811958271655, 79.45875768380475], [10.01369047199544, 7.424261916357122], [1.6532820336587206, 59.399608352330524], [37.027827401433754, 64.47269052850652], [58.20276715430587, 44.16691487540715], [53.317548548681735, 55.41659385454829], [40.39538018099584, 70.60703183275943], [39.33263416852271, 52.23054768411279], [75.24702846412879, 72.79622092890563], [68.362491965674, 58.011900224904636], [96.52028938145945, 16.989494490144118], [83.81046261727352, 52.519147238446685], [5.665801672991389, 72.85449478886329], [26.345877727224664, 92.39605655873054], [56.78650288459222, 71.50499186754509], [26.449783452562947, 55.096119064106105], [22.76158256273866, 15.227954110379471], [52.338220031899205, 97.01366969636751], [29.807425305009104, 62.70233265264233], [67.46021993918491, 52.72733711721258], [34.77458363669727, 48.59031802608891], [57.68839711341147, 89.41205742025592], [48.932449206791084, 39.01084808848842], [54.63102133587917, 53.5591311272171], [94.34254178341295, 35.44683345043836], [63.106238766925586, 78.15970457960428], [92.92478508840654, 80.62449877676731], [10.156595017642477, 82.40136452076872], [2.487766051199247, 82.55362855415359], [52.47435995024994, 55.304303583268435], [37.480476750268444, 16.22086225680891], [39.84011742068863, 74.34457499670246], [35.3675400068732, 61.19863393175613]]","[[0.0, 71.75447509435196, 68.13591036557641, 12.205775713826823, 54.91199638606475, 32.822650142743406, 48.43216338103444, 51.880244863118854, 68.4955606203945, 48.249016536784175, 25.167244148505553, 7.6884131537624, 16.472235224105052, 90.19910624346724, 61.82616867319259, 60.947352371658994, 47.81182454866475, 80.94557086166365, 37.587702402330976, 106.83730592713826, 75.41665341185967, 43.043520827839316, 62.36452591974931, 21.924174332157097, 112.87046328781162, 33.089486432095825, 34.75406467145367, 81.25283228788261, 58.63787864740932, 108.56153729698522, 90.17325839959544, 54.79466217771647, 48.71329141900533, 44.43100654441715, 49.87325853076101, 57.84355206556063, 16.484801939665093, 31.57418721051385, 65.38738960724962, 29.867693400602576, 83.7923128813224, 63.48551271385689, 33.82706780307781, 68.03371265748576, 93.9847356386409, 39.607001737497406, 62.205862247456565, 36.273040889328286, 63.62892522620007, 32.15627757134459, 58.69714252060435, 44.54409046590529, 46.80205487291843, 26.132680784433465, 4.17295449309916, 78.80898233924962, 86.47863937652266, 45.17641012085607, 83.48309687706211, 49.707647383893615, 57.46964377931696], [71.75447509435196, 0.0, 16.613858935286643, 59.677148576125276, 21.481399354985264, 52.24395105082985, 48.69668319773986, 36.23268400504731, 66.79386659082725, 32.3312581329557, 46.855765220836155, 75.92766307033718, 64.75841346592698, 31.605169890625522, 73.49814887706107, 23.15748377084846, 24.29565750357167, 13.272488470649975, 52.70375300744056, 50.67165687676896, 16.529659915366352, 35.2327421084324, 10.188519624354527, 71.7849741457235, 47.3793446884491, 40.13424055239693, 54.53885375919588, 15.357129827948265, 26.787378004929817, 48.07081606777445, 22.088674213836597, 17.684630061933042, 36.47661168562339, 30.369319356844446, 24.25447884742737, 16.403090229497966, 55.62796785779791, 45.569830801984416, 82.18323414366576, 60.825809747337225, 25.824495492308017, 38.83202315492103, 38.19010665891922, 3.721743988869193, 38.48153003971523, 52.30930605268295, 11.281657701677005, 44.474762763778266, 12.842383009425927, 49.7821990096929, 29.811295870550445, 31.635088048015554, 73.64635980429772, 46.97506248925973, 74.92964273498058, 31.43442010862405, 35.392448303936796, 29.52122128590311, 40.188740385583074, 26.637400980368486, 14.461880307795376], [68.13591036557641, 16.613858935286643, 0.0, 56.004510376442155, 30.07339525394917, 56.383988700893596, 35.02782264462391, 45.66970681821736, 50.63889618595886, 39.85949056295633, 43.22909720746014, 73.6530829154048, 57.78056286932708, 23.115003554254066, 58.22553944286648, 8.790571447808976, 22.32336263961061, 15.060647384437157, 41.44946733071334, 41.89311436258452, 7.33893215828443, 26.16660935741816, 12.673523905878522, 63.26786991644628, 44.811501792435024, 41.04180914738297, 59.388165727276814, 14.231492720093994, 38.22384912841088, 41.71481896587499, 37.16471092823749, 23.223146162124337, 24.176853019718035, 23.705437282750303, 29.836594204426465, 11.970737518405151, 51.677082932537104, 37.99274826574173, 66.95627136692664, 50.85350574211746, 42.43831037333502, 51.570297483479095, 37.627081234392655, 15.706603032590765, 28.577750670002963, 58.47903342257653, 21.722782325239056, 35.14535279955406, 7.190204827670322, 53.43548790573384, 14.946685754896464, 23.778394072016592, 60.45684927273436, 46.75557908963414, 70.6212066221709, 47.50067939499979, 51.92417426941576, 22.962124377872325, 25.41864666277408, 33.40271071379432, 19.809566141905332], [12.205775713826823, 59.677148576125276, 56.004510376442155, 0.0, 43.62196179623312, 26.599937365623926, 39.05637306481102, 42.66466470264286, 61.228927078177, 38.08003250853481, 12.963920202719796, 17.983874646644075, 12.967923738580236, 78.24179977772405, 56.4562553203247, 48.98382205138143, 35.63738819920752, 68.74010908884829, 28.939703263080478, 95.19876446483968, 63.26621908358101, 31.31124109636862, 50.199388506812014, 21.898306257079202, 100.7801527095431, 22.047783289381996, 29.47582692465916, 69.05186462766349, 48.242465394400575, 96.6860975725388, 78.53112959735743, 42.93990638053642, 37.485466689709384, 32.31427094287561, 38.417926968535774, 45.63783216681394, 4.340224502229757, 20.372904089306736, 61.41950721778149, 23.78525265667923, 72.86418733663592, 54.737661841555756, 22.089607696510594, 55.95544706345135, 82.22268385625672, 33.72619173465892, 50.372343861266295, 25.474919198046873, 51.424844751242695, 24.902466561045788, 47.10295772370047, 32.53684089338571, 43.26618515268035, 15.564129552835304, 15.266970698260417, 68.645950714396, 76.29533621807774, 33.0441310427724, 72.2361012533009, 38.65806546644268, 45.480146826829376], [54.91199638606475, 21.481399354985264, 30.07339525394917, 43.62196179623312, 0.0, 31.09678897834095, 47.834775759077466, 15.666257189189094, 70.80484136066173, 10.85757758110041, 32.16474604616732, 57.769326312506955, 51.92266032439004, 51.18876433777602, 74.03365094269192, 30.557669762026432, 16.115131164763902, 34.38485281898433, 47.108326563767854, 70.51925714982116, 34.389774521542854, 30.332955182961143, 17.52777507339517, 60.352500034973794, 68.79310061808098, 21.825486133677646, 33.17900231698042, 36.06967540018565, 9.244285086402215, 68.78189965681072, 35.52228909577819, 7.284401178454243, 35.80565365091046, 24.324277251033102, 5.410701822715237, 19.723837332128003, 40.211976216296215, 35.92805673523158, 82.14374232598719, 52.31318421218704, 29.422503313164203, 22.652488434052845, 21.730084320481726, 18.511568051662724, 57.58513086985617, 30.827913112714764, 10.231899998076539, 37.44149177709235, 22.89667331247713, 28.871720327515597, 35.31474460571258, 26.542620399677546, 69.38019377059777, 28.83297012701293, 58.58560023035012, 27.18755360159395, 34.39806052276905, 23.774095373340593, 55.317531560638656, 5.573095247815122, 10.291326305101403], [32.822650142743406, 52.24395105082985, 56.383988700893596, 26.599937365623926, 31.09678897834095, 0.0, 55.88466495960081, 21.326263990101058, 80.40010853951006, 20.860084711783106, 24.961910339547373, 32.15203741021994, 39.39072187918772, 79.31533642068888, 78.59726561663574, 52.76944527125473, 34.45686174552233, 64.51821101403415, 48.82226443265929, 98.27705140312301, 62.455143554586115, 40.718700707873765, 45.77131017524326, 48.47152085434516, 98.95813176945711, 16.723444588238333, 3.6390831639673804, 65.82097014974673, 30.496114511540842, 97.69516886949978, 65.31009512518085, 35.01004458588595, 48.40593207398377, 37.438319453780196, 28.09409073964956, 44.41407360841962, 26.298212875139427, 36.10566202710381, 84.87248452335452, 47.69672670914247, 55.84269439805081, 31.56625252988877, 21.09700366708554, 48.93146162354525, 84.95659813256115, 7.12682917127896, 41.01270792908262, 40.972799086184494, 49.69616908107842, 3.1677901273775504, 54.30856109063101, 39.150532203053785, 67.75316962428829, 15.319833314443699, 36.99543792964654, 48.82607474040132, 56.32204725524334, 37.66222358943758, 79.03748676813903, 25.667448523507577, 38.63318207111637], [48.43216338103444, 48.69668319773986, 35.02782264462391, 39.05637306481102, 47.834775759077466, 55.88466495960081, 0.0, 58.50922689373522, 24.664099540611172, 51.42229087814039, 31.635937519920986, 55.824715691857804, 32.93988692214377, 50.09804970596386, 26.212812746158384, 26.396622805112973, 31.719955380277103, 49.998251475230255, 11.06288641827887, 62.77741685853887, 41.26593788106558, 17.747801704375373, 39.35704697588986, 34.21593142325343, 73.39139401385737, 40.13865562234959, 59.523259963949315, 48.79546775529123, 56.819994931147804, 66.36899848900684, 70.74579709520346, 41.65223533577635, 12.552195869929728, 23.598182834563453, 43.538471885642345, 33.009367922378146, 35.542727772530554, 20.21979414824098, 34.48696217307628, 20.863044329778607, 72.4059988263506, 69.29408826987236, 35.854448770952054, 45.950549349017464, 51.47480775639527, 61.51641176767799, 46.451790711139836, 15.005969109927516, 35.906223250111374, 52.83900046308565, 20.125868159317623, 21.339191645026943, 25.429885758148092, 40.7881241068693, 49.04114460095521, 73.85232434706043, 80.18378494887571, 24.085800625668405, 38.21848493672466, 46.76409608091526, 40.987642364875555], [51.880244863118854, 36.23268400504731, 45.66970681821736, 42.66466470264286, 15.666257189189094, 21.326263990101058, 58.50922689373522, 0.0, 82.67280001383641, 7.108910520442477, 34.62962710090031, 52.65625697367357, 53.742965182216516, 66.76328473132475, 84.12191152732541, 45.36953709996829, 28.406398067819367, 49.44546645215103, 55.161655099452275, 86.09167224803977, 50.03095593759526, 40.85279649052348, 33.18796086367284, 62.86410094956396, 83.52192712709127, 22.07473231625435, 21.925666470275427, 51.31526645339387, 10.24566417805808, 84.12013854973773, 45.097898190993384, 22.51499231551102, 47.63523436908569, 35.38652693621376, 16.663002269237996, 34.812754462950465, 40.48504247911506, 42.45576553497065, 91.66760073234252, 57.865106753068666, 34.674387476334935, 12.244349303424839, 24.863732344100217, 33.694543785683756, 73.22163131993165, 18.05011913767631, 25.421827892285787, 45.623026584443, 38.48028308404413, 20.502450319888062, 49.3578580374784, 37.63850038055945, 76.85490473127298, 27.245370978692026, 55.95749187881536, 27.55741972296312, 35.123017196339916, 35.114935253051414, 70.7649522691314, 12.887878937121924, 25.861589455666525], [68.4955606203945, 66.79386659082725, 50.63889618595886, 61.228927078177, 70.80484136066173, 80.40010853951006, 24.664099540611172, 82.67280001383641, 0.0, 75.56391628286343, 55.784955019501695, 76.17545608415377, 52.0355551375952, 56.15050171563669, 12.631489061343478, 43.79877259570248, 54.921782814689024, 63.718258730841704, 32.501361460563594, 61.58377946378794, 54.572902676011665, 41.86749435161974, 59.08997843152838, 49.38260533169411, 76.83248284613376, 64.80149784070566, 84.03348869390325, 61.733209897706764, 80.00447832550977, 67.4178036760049, 87.76986748181763, 64.04174467848935, 35.165398191411484, 47.31900180100678, 67.03705464016997, 53.36751310342949, 58.33888554371453, 44.38696923399094, 19.62004712566838, 38.62790870094027, 92.21802504265696, 92.96257659236045, 60.51661611600847, 64.88977117321008, 54.30417184212362, 86.15157111676415, 67.51095981485109, 39.428471197649415, 54.32541011648498, 77.39036929076002, 37.318740106252996, 45.05369641979259, 27.16687063699577, 65.18532377595942, 68.01494357705565, 95.33476041062421, 100.9672466603159, 47.651432947256865, 39.61822545149714, 70.48741046184828, 62.61334985347906], [48.249016536784175, 32.3312581329557, 39.85949056295633, 38.08003250853481, 10.85757758110041, 20.860084711783106, 51.42229087814039, 7.108910520442477, 75.56391628286343, 0.0, 28.760570179465024, 49.97819304249404, 48.34079285586084, 61.69530192844874, 77.10393429463535, 38.8400955276508, 21.437195158525345, 45.22326846753388, 48.325391544703365, 81.00130166973747, 44.78371501081651, 33.74975377541302, 27.732060855539533, 57.32360764124097, 79.64888044624215, 16.423411071475652, 22.58883092301206, 46.860704241153115, 10.430528586729428, 79.49253220980276, 44.52542127540193, 16.685745463207983, 40.534825798559, 28.281594986112413, 10.141023787033157, 28.546208099303364, 35.419861630211614, 35.780360914586346, 84.71718916313266, 51.50225796805894, 35.94053002919172, 18.51239186296495, 18.524099574224532, 29.354116169147318, 67.93397739670314, 19.987492061952327, 21.089149736181525, 38.72149099422243, 32.69911769358252, 19.04590931217074, 42.53014268431648, 30.53153575840516, 70.18547607739785, 22.52477362192287, 52.19488205079489, 30.6184102866943, 38.285131824019416, 28.01843341040521, 64.60344833342442, 6.459552067325192, 20.266236204147546], [25.167244148505553, 46.855765220836155, 43.22909720746014, 12.963920202719796, 32.16474604616732, 24.961910339547373, 31.635937519920986, 34.62962710090031, 55.784955019501695, 28.760570179465024, 0.0, 30.428274883730978, 19.85348146379779, 65.74082552066709, 53.64174943798429, 36.56749661285376, 22.70438349787244, 55.77943072383346, 23.86678895255982, 83.15379025497586, 50.44386462235281, 19.692118361441082, 37.27020317425246, 28.632238120484114, 88.03972642663963, 12.556765299260917, 28.540129537082805, 56.11512584021471, 38.12885771593968, 84.28395082370919, 66.25569446908595, 30.522254202511697, 26.75767579464982, 19.659063666198968, 26.785011981649077, 32.682798688014216, 8.784592846954704, 11.43581066710391, 60.063332623641436, 23.70436057104283, 61.58452349032126, 46.84818251978354, 10.580793210018724, 43.13739928610188, 70.02408070705104, 31.351022166241904, 37.93794565264201, 16.6590170104007, 38.47963059603476, 22.15198995040137, 35.41844756817617, 20.179116170931458, 43.4856307780709, 9.66401918117396, 28.11714708154137, 58.46357875373286, 65.99220505107205, 20.33887635392789, 60.8826095966752, 27.75922781956929, 32.82181611610851], [7.6884131537624, 75.92766307033718, 73.6530829154048, 17.983874646644075, 57.769326312506955, 32.15203741021994, 55.824715691857804, 52.65625697367357, 76.17545608415377, 49.97819304249404, 30.428274883730978, 0.0, 24.159972348089426, 96.10818563570692, 69.46909860379631, 66.87126337754582, 52.53676458382843, 85.84643122271572, 45.080288119947895, 113.17984812313223, 80.84774278731084, 49.29381849092945, 66.93863724711554, 29.209220595932827, 118.46458440182148, 36.170796113433, 33.330951863652004, 86.33714905698878, 60.396090124977015, 114.59912871559177, 93.28248991336882, 58.54598109323077, 55.38375241680541, 50.06219000878614, 53.032736330357714, 62.87614737565248, 22.28564658297963, 38.217707377262904, 72.87697086357072, 37.54894696556768, 85.89869365930616, 63.63999164807467, 37.73949975007097, 72.2295146590597, 100.18472967676763, 38.31530535978133, 65.84528286375294, 43.14803573983136, 68.70554429429882, 32.23494352897646, 65.08587159459078, 50.419290809443545, 54.30055577744524, 29.142214054391683, 9.433102247418713, 80.08760079795177, 87.71604782180768, 50.7577241116807, 90.16598579561351, 52.34521155022015, 61.49042266377879], [16.472235224105052, 64.75841346592698, 57.78056286932708, 12.967923738580236, 51.92266032439004, 39.39072187918772, 32.93988692214377, 53.742965182216516, 52.0355551375952, 48.34079285586084, 19.85348146379779, 24.159972348089426, 0.0, 78.3835507500537, 45.54722462986158, 49.68888249653844, 40.58755260539328, 71.86864668228885, 21.88707843030704, 93.75460587235617, 65.10266260195422, 31.625830039314035, 54.706993387578656, 9.21514848421173, 101.6045877843998, 31.922143645534252, 42.376704518673016, 71.70382736471633, 57.94341446370452, 96.23275860508451, 85.22270275893045, 49.63359003670167, 35.6342823744448, 34.86018638710331, 46.51951547820529, 49.17609668493113, 13.465924849295854, 19.808995289893755, 49.632535887917136, 13.414642831901467, 81.30370484342238, 65.97532370887517, 30.43380388336864, 61.11287557506505, 81.37479328359737, 46.49809862268623, 56.915852647289164, 23.122572197976194, 54.60039011931088, 37.47302061935021, 46.16329743876421, 34.21686644516291, 31.14878799896111, 26.668284129825764, 16.2550306778455, 78.30831359706359, 85.84480822136449, 35.69954532797607, 69.70456635010996, 47.61207016285828, 51.47151084928207], [90.19910624346724, 31.605169890625522, 23.115003554254066, 78.24179977772405, 51.18876433777602, 79.31533642068888, 50.09804970596386, 66.76328473132475, 56.15050171563669, 61.69530192844874, 65.74082552066709, 96.10818563570692, 78.3835507500537, 0.0, 66.96410900870607, 29.260101529756827, 45.43832360139865, 19.011205724450193, 59.26467902939504, 19.33115768782654, 16.959261432436005, 47.25498737351136, 34.008305705040144, 82.56552641947094, 23.41494322709176, 64.15587199044992, 82.21805276921147, 16.503863649781387, 58.010217930179486, 18.629446301908143, 42.183137712332, 45.11116437813058, 42.86002596377176, 46.083661360691345, 52.04179735393617, 35.009228400197046, 73.90264422609822, 59.06654585574781, 75.26222484199549, 69.37939036722733, 53.10737614162452, 70.42530852436704, 60.71604339105017, 33.333348135446634, 7.040423394727183, 80.99856019410589, 41.4153038007037, 55.261223614943866, 29.62189114360508, 76.41705956438436, 32.25956819060375, 45.70581974855362, 74.1118935558817, 69.81748491547316, 92.36350623732908, 61.30547524431027, 63.31291408858339, 45.422329966154955, 17.103525390445785, 55.35204272426193, 41.4672164430088], [61.82616867319259, 73.49814887706107, 58.22553944286648, 56.4562553203247, 74.03365094269192, 78.59726561663574, 26.212812746158384, 84.12191152732541, 12.631489061343478, 77.10393429463535, 53.64174943798429, 69.46909860379631, 45.54722462986158, 66.96410900870607, 0.0, 50.39572691814483, 57.92240370501981, 72.3258948910876, 29.851918554581456, 73.80024744547362, 63.161345278732426, 43.80239362554187, 64.79174895905338, 41.045179881448576, 88.46439773525927, 64.29391856229874, 82.15647005210877, 70.59840280753713, 82.97212921786779, 79.37556681929392, 95.19819490609657, 67.84821048460523, 38.57998838480397, 49.74640774127757, 69.64748344194716, 58.61612314873334, 54.29011546083847, 42.8527509973213, 8.731006989390485, 32.72255899300726, 98.08703408609053, 95.24299619223173, 60.31809584284166, 71.11622800772813, 65.78831549863054, 84.9203996063779, 72.40847096897706, 38.73846306096587, 60.688360916954174, 75.78424129046093, 43.7287388703434, 47.50435562077963, 16.454260181035465, 63.30313150252662, 60.680291588409304, 99.98281011692025, 106.17883686762403, 50.26538734484433, 51.03643607143081, 72.77192240280183, 67.05877419959158], [60.947352371658994, 23.15748377084846, 8.790571447808976, 48.98382205138143, 30.557669762026432, 52.76944527125473, 26.396622805112973, 45.36953709996829, 43.79877259570248, 38.8400955276508, 36.56749661285376, 66.87126337754582, 49.68888249653844, 29.260101529756827, 50.39572691814483, 0.0, 18.44630632979136, 23.847950471551712, 32.687572547937584, 46.73548583745062, 15.739531794439241, 18.15356328496336, 15.550179834206217, 54.78894627656994, 52.07930891638536, 36.52362667195, 56.0372529524003, 22.970362066537373, 39.545770853980414, 47.7318903386184, 44.83102177780421, 23.274024624488877, 15.404949976134873, 16.978719942521177, 28.754988584876, 10.884986533678982, 44.64536742884967, 30.049322455225802, 59.10154149423599, 42.195565623017764, 48.42135572050069, 53.09476307917172, 32.6163211834548, 21.09127973993895, 33.50737487029975, 55.84126062709058, 24.553301462494506, 26.763158645714427, 10.52666107792431, 49.68050233147822, 6.6674335858268785, 16.4531168705741, 51.79863812913726, 41.42468802927754, 63.177189592511695, 52.065209036102004, 57.31489263173548, 16.386153593776438, 26.321189928963285, 32.52787340344265, 20.675248877048045], [47.81182454866475, 24.29565750357167, 22.32336263961061, 35.63738819920752, 16.115131164763902, 34.45686174552233, 31.719955380277103, 28.406398067819367, 54.921782814689024, 21.437195158525345, 22.70438349787244, 52.53676458382843, 40.58755260539328, 45.43832360139865, 57.92240370501981, 18.44630632979136, 0.0, 33.311527755629825, 31.676869841969296, 64.06362674029324, 29.017729610913655, 14.33394591176442, 14.565891460951486, 48.00160441848547, 66.56373838385763, 18.720231705560792, 37.65406012975763, 33.884924597106675, 25.170250409365327, 64.02846132345013, 44.79350798499344, 10.388131314879631, 19.78782138768283, 8.308297843032067, 12.139636664170204, 10.590326476764861, 31.48727210332643, 22.01823376102357, 66.06575379365088, 38.12611036038029, 42.72995883401862, 38.05459409280183, 15.412399015799343, 20.60375563164579, 50.71952137178601, 37.40119833106839, 16.839592501825873, 22.26761029016253, 16.37490619247646, 31.414116662537836, 21.216094200220144, 10.468567548995736, 53.86373660923195, 24.588154226834277, 50.82078449810751, 42.600897549061415, 49.36593253106227, 7.6943705353042215, 44.765447619970246, 15.71787696554069, 11.130412188208538], [80.94557086166365, 13.272488470649975, 15.060647384437157, 68.74010908884829, 34.38485281898433, 64.51821101403415, 49.998251475230255, 49.44546645215103, 63.718258730841704, 45.22326846753388, 55.77943072383346, 85.84643122271572, 71.86864668228885, 19.011205724450193, 72.3258948910876, 23.847950471551712, 33.311527755629825, 0.0, 56.44802272098136, 37.64767207204999, 9.180572474737534, 40.530126403554746, 19.173961245423225, 77.84518380699052, 34.48923581705495, 51.083051116366455, 67.03268202755295, 2.6522467982829205, 40.05864110800708, 34.802910565241646, 25.36537404561146, 29.509448044647417, 39.20292608190242, 37.100769009432305, 36.4439869095021, 23.110773567228062, 64.49534796804481, 52.087515425829636, 81.03611881040186, 65.69897257275146, 34.57013140052032, 51.88785854508142, 48.45632913808979, 15.873355394231776, 26.03978096371503, 65.10825313864228, 24.17659630725541, 49.7326536100369, 17.385842429539778, 61.88273317699126, 29.87267873728779, 37.65568221119773, 75.42127443847642, 57.56796381430315, 83.75684075192734, 42.34947727496719, 44.749304300924344, 36.28081517316572, 30.84629720923309, 39.243366729349844, 25.907998532063935], [37.587702402330976, 52.70375300744056, 41.44946733071334, 28.939703263080478, 47.108326563767854, 48.82226443265929, 11.06288641827887, 55.161655099452275, 32.501361460563594, 48.325391544703365, 23.86678895255982, 45.080288119947895, 21.88707843030704, 59.26467902939504, 29.851918554581456, 32.687572547937584, 31.676869841969296, 56.44802272098136, 0.0, 73.12149954201408, 48.362840027224166, 17.776574335300257, 42.68264102378641, 23.60901712948054, 82.67882394671794, 34.560963364949686, 52.40653855155775, 55.65771645579411, 55.428003810689056, 76.28084843394348, 74.65744240113996, 42.0647032261766, 17.28388826678249, 23.526852755493962, 42.14295251097833, 36.318397849039286, 25.859073049294864, 13.048750210022435, 36.725002915915695, 10.208538362085148, 74.2664614880739, 66.77886586825535, 30.740319919460244, 49.490594582091965, 61.33427881109216, 55.074608609915025, 48.112045194849834, 9.716626202736917, 40.52235800437479, 45.96728640148642, 27.497910167202274, 21.668817236486316, 22.272146162964912, 33.5058141814395, 38.03641208510502, 74.13893107377466, 81.02344104953407, 24.2763406551386, 48.693173497693685, 44.78796702829113, 42.36807769572244], [106.83730592713826, 50.67165687676896, 41.89311436258452, 95.19876446483968, 70.51925714982116, 98.27705140312301, 62.77741685853887, 86.09167224803977, 61.58377946378794, 81.00130166973747, 83.15379025497586, 113.17984812313223, 93.75460587235617, 19.33115768782654, 73.80024744547362, 46.73548583745062, 64.06362674029324, 37.64767207204999, 73.12149954201408, 0.0, 36.22282629062546, 63.88792306457487, 53.2862053915138, 96.72878353477415, 18.38602454720163, 82.74219032541463, 101.26394752750471, 35.34407199101953, 77.26175464051181, 7.57862080302557, 57.87022967159484, 64.383409024137, 58.29744706812602, 63.69608311621904, 71.28252233798416, 53.8635288411329, 90.89641755475853, 75.29040051305714, 81.18367232408468, 83.3148493575035, 70.23196246720168, 89.4835951215569, 79.09187348141866, 52.59238613515256, 13.344239052547794, 100.19419989308689, 60.725761129625056, 70.9025303362863, 48.70141478641097, 95.32435207184781, 48.14162942099555, 62.977283887407964, 84.1845214525496, 88.06222842554176, 108.62571136977257, 79.1947132748198, 80.32149246801849, 63.11981131818066, 24.58088300745971, 74.63810296762964, 60.75291913315179], [75.41665341185967, 16.529659915366352, 7.33893215828443, 63.26621908358101, 34.389774521542854, 62.455143554586115, 41.26593788106558, 50.03095593759526, 54.572902676011665, 44.78371501081651, 50.44386462235281, 80.84774278731084, 65.10266260195422, 16.959261432436005, 63.161345278732426, 15.739531794439241, 29.017729610913655, 9.180572474737534, 48.362840027224166, 36.22282629062546, 0.0, 33.480120880402815, 17.06363229765998, 70.48278088669575, 37.661374953683094, 47.63127792643397, 65.30922304792256, 7.557714467825204, 41.662124253391816, 35.246312417765886, 33.830248874160695, 28.16334626419281, 31.089067755883868, 30.99906890506541, 35.08356546022978, 18.43838356023621, 58.94553422993295, 45.32324828565624, 71.86714997187114, 57.93453598835131, 41.36726902831952, 54.53503108246253, 44.42353100788103, 17.266347094440974, 23.195423695665607, 64.04026388351213, 24.907677955582177, 42.38958899273329, 12.805658269311783, 59.595027836164746, 21.20649645077438, 31.114564763333394, 66.63079075295516, 53.592365373586695, 77.93653927064882, 47.87444338632414, 51.32534331716222, 30.242704439438214, 23.741284499104164, 38.41537234386738, 24.53010510380702], [43.043520827839316, 35.2327421084324, 26.16660935741816, 31.31124109636862, 30.332955182961143, 40.718700707873765, 17.747801704375373, 40.85279649052348, 41.86749435161974, 33.74975377541302, 19.692118361441082, 49.29381849092945, 31.625830039314035, 47.25498737351136, 43.80239362554187, 18.15356328496336, 14.33394591176442, 40.530126403554746, 17.776574335300257, 63.88792306457487, 33.480120880402815, 0.0, 25.098350020942323, 37.32454820477217, 70.22517320118794, 24.12406787688617, 44.3057717035025, 40.19443515073263, 39.17818593867355, 65.52882210900083, 57.02827710153299, 24.630256936998805, 7.687274612638769, 6.027949559060265, 25.845106976803496, 18.85130686983079, 27.015685841260595, 11.89946318855924, 51.82189107639631, 25.638904846478116, 56.55770921258769, 51.54676200523669, 19.700194985646792, 31.89558877713914, 50.9505245403563, 45.53581207468065, 30.375916678196262, 9.321026160912979, 23.63206986276073, 37.56112070980505, 15.826280298514673, 3.937446920394543, 39.71040707448776, 26.762808039010146, 45.110087271873994, 56.91570029710366, 63.59326152306779, 6.6678282709263765, 41.20933738573976, 29.020284994902717, 24.65230103376155], [62.36452591974931, 10.188519624354527, 12.673523905878522, 50.199388506812014, 17.52777507339517, 45.77131017524326, 39.35704697588986, 33.18796086367284, 59.08997843152838, 27.732060855539533, 37.27020317425246, 66.93863724711554, 54.706993387578656, 34.008305705040144, 64.79174895905338, 15.550179834206217, 14.565891460951486, 19.173961245423225, 42.68264102378641, 53.2862053915138, 17.06363229765998, 25.098350020942323, 0.0, 61.620274321460535, 53.29741669074284, 31.90932398703888, 48.48784673765833, 20.161376701111344, 25.55428004676485, 52.07071975243853, 31.97480177577791, 11.102867173186624, 26.907969171666522, 20.18449210999081, 18.053756798453136, 6.419532509376518, 46.05261522432108, 35.405116200039686, 73.39102472995712, 50.65504467181278, 33.32057894873505, 38.941873304501044, 29.354879250770253, 6.808579845082146, 40.203450198583496, 47.03449232493744, 9.278191730854314, 34.30724069490038, 5.696117713581816, 43.01866261061237, 21.785412593324878, 21.45802090633559, 63.93270266305286, 38.42560227932498, 65.38610395655375, 36.51505675786411, 41.87984679993443, 19.33573757777063, 38.08121620649481, 21.351917886956663, 7.468222926512407], [21.924174332157097, 71.7849741457235, 63.26786991644628, 21.898306257079202, 60.352500034973794, 48.47152085434516, 34.21593142325343, 62.86410094956396, 49.38260533169411, 57.32360764124097, 28.632238120484114, 29.209220595932827, 9.21514848421173, 82.56552641947094, 41.045179881448576, 54.78894627656994, 48.00160441848547, 77.84518380699052, 23.60901712948054, 96.72878353477415, 70.48278088669575, 37.32454820477217, 61.620274321460535, 0.0, 105.96232248993559, 40.93973077994015, 51.37308049114292, 77.42898298757547, 66.7477690687314, 99.83456434856892, 92.79506178598656, 57.53449296970316, 39.83366492198584, 41.46075689843787, 54.94260527925735, 55.754920764150015, 22.68106012293566, 26.215744903954043, 43.76926491675216, 13.418114113466771, 89.60025508213394, 75.10486482715943, 39.16971012535751, 68.22063217377075, 84.88942935063913, 55.59222039529071, 64.66239988798539, 28.134872075857288, 60.882865207360375, 46.63116249973261, 50.41503899186175, 40.44511701247169, 25.262603229048764, 35.86455893804358, 19.972736499121147, 87.0292402964554, 94.5104486413553, 42.31138163965626, 72.27379737415914, 56.27584837296519, 59.073588781206965], [112.87046328781162, 47.3793446884491, 44.811501792435024, 100.7801527095431, 68.79310061808098, 98.95813176945711, 73.39139401385737, 83.52192712709127, 76.83248284613376, 79.64888044624215, 88.03972642663963, 118.46458440182148, 101.6045877843998, 23.41494322709176, 88.46439773525927, 52.07930891638536, 66.56373838385763, 34.48923581705495, 82.67882394671794, 18.38602454720163, 37.661374953683094, 70.22517320118794, 53.29741669074284, 105.96232248993559, 0.0, 84.98046129407965, 101.5140752882575, 33.15221803701777, 73.74857165703297, 10.829788140686276, 47.28104065811389, 63.95618244642307, 66.20184920688452, 68.46624487213784, 70.91570694459139, 55.97936100947105, 96.44557801241797, 82.10800253830575, 96.37838672821556, 92.79311847741316, 60.955332412411416, 84.38874565250059, 81.97019082426743, 50.309133362926005, 22.708616568809294, 99.57626758345596, 58.56162714768868, 78.50313025333661, 50.19639100747632, 96.27401116329047, 55.59416742512254, 68.3476235762729, 96.92275708464113, 91.14756183734873, 115.22274119847545, 70.95537392776512, 70.44975103625977, 67.74335925251224, 37.439618991549416, 73.72789077028618, 60.32499742027909], [33.089486432095825, 40.13424055239693, 41.04180914738297, 22.047783289381996, 21.825486133677646, 16.723444588238333, 40.13865562234959, 22.07473231625435, 64.80149784070566, 16.423411071475652, 12.556765299260917, 36.170796113433, 31.922143645534252, 64.15587199044992, 64.29391856229874, 36.52362667195, 18.720231705560792, 51.083051116366455, 34.560963364949686, 82.74219032541463, 47.63127792643397, 24.12406787688617, 31.90932398703888, 40.93973077994015, 84.98046129407965, 0.0, 20.252281386240576, 51.98320933617723, 26.288959430983844, 82.73558446927892, 57.210003117254765, 22.52270087577257, 31.797156842162003, 20.732514151481325, 16.888049866062737, 29.209114276352, 19.075863500189897, 21.516054706912158, 71.27107560423785, 36.01603268530473, 50.854102204686704, 34.30104251083672, 4.424067331128994, 36.497718879309375, 69.39932964424487, 21.491851968354187, 29.718734442694156, 25.67799229267676, 34.86359565303628, 13.556309978365926, 37.65711654544995, 22.427445873663554, 55.45414415604161, 7.045786202941943, 36.79969047945979, 46.72365570071674, 54.34704057207425, 20.985927020927974, 62.62849693519641, 16.661765520083595, 25.692200597138743], [34.75406467145367, 54.53885375919588, 59.388165727276814, 29.47582692465916, 33.17900231698042, 3.6390831639673804, 59.523259963949315, 21.925666470275427, 84.03348869390325, 22.58883092301206, 28.540129537082805, 33.330951863652004, 42.376704518673016, 82.21805276921147, 82.15647005210877, 56.0372529524003, 37.65406012975763, 67.03268202755295, 52.40653855155775, 101.26394752750471, 65.30922304792256, 44.3057717035025, 48.48784673765833, 51.37308049114292, 101.5140752882575, 20.252281386240576, 0.0, 68.42440152638409, 31.632018246432807, 100.51572804317522, 66.6440871488633, 37.58108238189505, 51.99197434790772, 40.922779315270155, 30.601946988530525, 47.433213856864846, 29.484750878299796, 39.724608450924734, 88.36671522214436, 51.080311729885686, 56.59917150589334, 31.129856785625595, 24.649470865017665, 51.3224682210285, 87.9644786798233, 4.985679265791314, 43.26396166602944, 44.60736932638954, 52.60242277753476, 6.752415684152989, 57.74127835299569, 42.671357921354506, 71.13968638586844, 18.920043414753216, 38.90808819505748, 49.05792948947935, 56.42346955476515, 41.123892658870396, 82.33750490447251, 27.902252547941533, 41.23573249167996], [81.25283228788261, 15.357129827948265, 14.231492720093994, 69.05186462766349, 36.06967540018565, 65.82097014974673, 48.79546775529123, 51.31526645339387, 61.733209897706764, 46.860704241153115, 56.11512584021471, 86.33714905698878, 71.70382736471633, 16.503863649781387, 70.59840280753713, 22.970362066537373, 33.884924597106675, 2.6522467982829205, 55.65771645579411, 35.34407199101953, 7.557714467825204, 40.19443515073263, 20.161376701111344, 77.42898298757547, 33.15221803701777, 51.98320933617723, 68.42440152638409, 0.0, 42.09736123159464, 32.8101320207128, 27.88797992275739, 30.843817943763703, 38.37525115261349, 37.11201105793892, 37.82620542506098, 23.463198121713322, 64.77466467683405, 51.89576923674176, 79.28962922569525, 65.08270773760158, 37.22125057886239, 54.139979738901765, 49.180681498183404, 17.62651581142968, 23.510673789025027, 66.65305355550868, 25.932228831230418, 49.29418978489172, 17.64130025926018, 63.1231560845524, 28.702244259727166, 37.50898283394177, 74.17657438322952, 58.33434289566339, 83.96396198344895, 44.94326350005008, 47.39851578171759, 36.31054851441926, 28.255954154452027, 40.76698432589313, 27.19644382791251], [58.63787864740932, 26.787378004929817, 38.22384912841088, 48.242465394400575, 9.244285086402215, 30.496114511540842, 56.819994931147804, 10.24566417805808, 80.00447832550977, 10.430528586729428, 38.12885771593968, 60.396090124977015, 57.94341446370452, 58.010217930179486, 82.97212921786779, 39.545770853980414, 25.170250409365327, 40.05864110800708, 55.428003810689056, 77.26175464051181, 41.662124253391816, 39.17818593867355, 25.55428004676485, 66.7477690687314, 73.74857165703297, 26.288959430983844, 31.632018246432807, 42.09736123159464, 0.0, 74.85791042783133, 35.03606058551983, 16.394865511693485, 44.940924017687536, 33.22967465921124, 13.367299259856193, 28.66262988562128, 45.36018351403411, 43.620266411005744, 90.97859022693692, 59.838816023491475, 25.580249524699102, 13.551319518449361, 27.579494750991614, 24.677427449244043, 64.6808960308383, 28.113885158635036, 16.76616421643582, 45.71213912468945, 31.17985528431607, 29.066847386489506, 44.500234221636745, 35.48183077951325, 77.64282457424675, 32.7531983855521, 62.55683581425276, 20.435190064954543, 28.062228484112843, 32.736079392021445, 63.63540728913069, 10.755053026843616, 18.929329808079153], [108.56153729698522, 48.07081606777445, 41.71481896587499, 96.6860975725388, 68.78189965681072, 97.69516886949978, 66.36899848900684, 84.12013854973773, 67.4178036760049, 79.49253220980276, 84.28395082370919, 114.59912871559177, 96.23275860508451, 18.629446301908143, 79.37556681929392, 47.7318903386184, 64.02846132345013, 34.802910565241646, 76.28084843394348, 7.57862080302557, 35.246312417765886, 65.52882210900083, 52.07071975243853, 99.83456434856892, 10.829788140686276, 82.73558446927892, 100.51572804317522, 32.8101320207128, 74.85791042783133, 0.0, 52.6434522651703, 63.12120722196264, 60.598759541452516, 64.64122561640762, 70.1078418144719, 53.546276283061175, 92.35194318872901, 77.22494276712109, 87.0338171578928, 86.48417347280656, 65.5745340109931, 86.52714155272639, 79.33496033944333, 50.425698967701436, 14.946784423958182, 99.08394314337794, 58.71504954409397, 73.16059301617936, 48.039005047392095, 94.84132150562962, 50.123669134119744, 64.18046720397435, 88.86292634662593, 88.44388917960933, 110.60074270506337, 74.97723879059319, 75.50537245642843, 63.99536578977212, 28.841021583951612, 73.26625449207275, 59.45166752823464], [90.17325839959544, 22.088674213836597, 37.16471092823749, 78.53112959735743, 35.52228909577819, 65.31009512518085, 70.74579709520346, 45.097898190993384, 87.76986748181763, 44.52542127540193, 66.25569446908595, 93.28248991336882, 85.22270275893045, 42.183137712332, 95.19819490609657, 44.83102177780421, 44.79350798499344, 25.36537404561146, 74.65744240113996, 57.87022967159484, 33.830248874160695, 57.02827710153299, 31.97480177577791, 92.79506178598656, 47.28104065811389, 57.210003117254765, 66.6440871488633, 27.88797992275739, 35.03606058551983, 52.6434522651703, 0.0, 35.736460691330485, 58.56517069019945, 51.81757268557523, 40.33059025017576, 38.35529960993221, 74.80313323784758, 66.72364216378337, 103.91519061682604, 82.4447879892256, 14.040451662109158, 41.21273924799891, 56.44654419402694, 25.167171129699536, 48.95605569994818, 63.11719694883843, 28.34720041110928, 66.1443291593222, 34.84051344679674, 63.56635290038237, 51.488068459415175, 53.29870576093853, 95.73418563114289, 64.25268166946296, 93.70690072455811, 24.523195520483693, 23.169052960403047, 50.98581647630779, 56.10696922525214, 41.007150899294494, 33.762222730736845], [54.79466217771647, 17.684630061933042, 23.223146162124337, 42.93990638053642, 7.284401178454243, 35.01004458588595, 41.65223533577635, 22.51499231551102, 64.04174467848935, 16.685745463207983, 30.522254202511697, 58.54598109323077, 49.63359003670167, 45.11116437813058, 67.84821048460523, 23.274024624488877, 10.388131314879631, 29.509448044647417, 42.0647032261766, 64.383409024137, 28.16334626419281, 24.630256936998805, 11.102867173186624, 57.53449296970316, 63.95618244642307, 22.52270087577257, 37.58108238189505, 30.843817943763703, 16.394865511693485, 63.12120722196264, 35.736460691330485, 0.0, 29.3377333550458, 18.637808401825986, 6.997896466810558, 12.457214602637283, 39.115067278442424, 31.993796503393735, 76.11837451274401, 48.28563093639416, 32.46276791110727, 29.8967961377169, 20.972804270574095, 14.135597129631645, 51.269579739728734, 35.962806449193785, 7.434270202426585, 32.62029801102324, 16.041410903311306, 32.385662904822205, 28.10739121243549, 20.71178928772617, 64.2454423582272, 29.45195906867251, 58.1837673956217, 32.30325805463796, 38.986358613818425, 17.962591320832583, 48.25395137182443, 10.264651874555167, 3.670967288230914], [48.71329141900533, 36.47661168562339, 24.176853019718035, 37.485466689709384, 35.80565365091046, 48.40593207398377, 12.552195869929728, 47.63523436908569, 35.165398191411484, 40.534825798559, 26.75767579464982, 55.38375241680541, 3