instance_id,num_cities,city_coordinates,distance_matrix,best_route,total_distance
1076,76,"[[90.98147288583014, 80.90410240484978], [61.86192418955009, 25.890878306247032], [76.67302285716174, 20.18585655222226], [12.520815613660208, 85.0532357906054], [50.72953595071369, 28.12356014151096], [86.427116924372, 71.44169662076013], [97.2569564535079, 63.17215687674913], [64.52999425552744, 19.033205579829872], [14.433940336600749, 35.503738256279426], [50.587994273352564, 68.8616628061271], [94.69143887361362, 15.24271214449724], [77.56841051674684, 6.335405200587141], [68.3519380259461, 84.8873748796978], [21.251840029199997, 9.806824528262748], [34.18061175456124, 5.741864593716162], [5.073682660189771, 44.59857510891848], [69.94007018873802, 38.606604989994], [80.35283549036993, 47.46605156916256], [23.581010297767826, 15.531027899793038], [74.47026981509475, 65.0360983296239], [26.105523249251217, 96.52032174917787], [82.71929187566535, 35.2341875074627], [8.215853773675851, 99.19979138425535], [90.7986219741184, 55.706513203524956], [24.073173762404355, 3.5739595838325866], [10.917326829914686, 27.5721343905712], [91.39037360363893, 84.31900688411399], [84.32883670112248, 87.1148086886355], [58.70764090625875, 7.226460896583598], [6.256709468891142, 55.164437330856195], [45.063527638174094, 80.50188020118179], [98.82321267218585, 61.63663183674281], [69.79167669125536, 33.76816798758473], [25.06725566517989, 40.14877009433538], [95.7622543355152, 44.20861232526908], [46.03355098383375, 35.636167320366376], [51.979556999341185, 94.92494516651048], [5.408880189410636, 55.372317306028684], [31.284217085583855, 4.792079589831966], [13.824945929332056, 37.650160040082895], [23.592462962538384, 42.110068212949905], [62.81651451846305, 9.260347022303527], [69.11473072865265, 44.68302598655233], [38.73708457771045, 97.66986489290319], [31.260295114611893, 90.47699919122299], [23.72153289350728, 82.82149052165133], [62.149728204432044, 43.60780832189061], [13.395199324539941, 35.95065119012122], [6.673712403785725, 80.73991795943144], [89.74660490213729, 20.732721486967943], [65.20381387867819, 42.50609222153099], [46.55389348741977, 22.078220667098158], [60.513571978051516, 10.46299020386553], [48.31311103977233, 62.98533750239912], [11.246524668943447, 22.907406556604105], [22.068344623465187, 72.01330782468501], [58.551756159254396, 42.8324222553926], [20.13638331813741, 52.84469362624337], [9.39075842290914, 57.291921138408696], [54.274597538239775, 67.78901314692445], [88.2767185669983, 2.5573309506504938], [7.779739554925358, 39.89700355005489], [96.40231235459936, 15.036264243886677], [93.70930249614759, 83.3083585600625], [16.652678862339656, 83.79228629569347], [84.46151882171193, 29.593513222394307], [84.38343088227103, 93.99109592616907], [76.3705556259922, 60.80598214253712], [92.60193070676947, 16.29687077562939], [4.567303254264288, 99.15891100490501], [11.246420256331414, 59.10775006328042], [49.43354898315218, 32.33422687940224], [90.25941016659657, 73.94226015465063], [32.982121194136774, 84.09461559046362], [78.02492105637864, 99.43446438890791], [86.88370147188893, 62.08493900430766]]","[[0.0, 62.24470211992433, 62.381384415889805, 78.57028730654932, 66.37773774874138, 10.50139426202267, 18.809667360687754, 67.28810144194603, 88.99841461620609, 42.150367328240065, 65.76611603670106, 75.76543304738597, 22.977430395577073, 99.5843593130019, 94.21093258232347, 93.26435403565632, 47.24213072058591, 35.086623898206255, 93.89601284042091, 22.900073802816596, 66.72896783150547, 46.411256843348966, 84.76367112300731, 25.198252638122256, 102.2578675716873, 96.2006564215598, 3.439298242305151, 9.101123048807613, 80.4362796806652, 88.54838165758677, 45.91970686391478, 20.8021226073154, 51.67981981543983, 77.49632987149474, 37.005605838173466, 63.79264558019969, 41.44554830815938, 89.30028371242553, 96.73056583662596, 88.45356511799505, 77.75767323758994, 76.98111823784873, 42.30981906683869, 54.86863312946125, 60.48354674838445, 67.28726406208924, 47.141097289900905, 89.66851521711698, 84.3079203517077, 60.18405088145848, 46.24818796371654, 73.71766527384055, 76.74792032255904, 46.27819398221391, 98.59654505338166, 69.48428221671323, 50.011392265847974, 76.19945627666473, 84.9386825346919, 38.979485168828056, 78.39344547359667, 92.75834510034078, 66.09052583044709, 3.6361383420880546, 74.38488574417389, 51.7231704678757, 14.656178141240757, 24.847803549855534, 64.6275503352957, 88.32127008902039, 82.66050806296056, 63.916060494841105, 6.999187244756709, 58.08703961336221, 22.610761830807245, 19.26013088369905], [62.24470211992433, 0.0, 15.871859278472185, 77.03719581218392, 11.354071343694317, 51.75254335026182, 51.407217789119784, 7.358415121451777, 48.392362297934575, 44.42510344715549, 34.51319279636957, 25.08207011258452, 59.352395802846914, 43.67923673147011, 34.23795863820192, 59.79031941424672, 15.064731921941078, 28.41481835345093, 39.657973584566236, 41.12564443375661, 79.1646290287624, 22.85447907136206, 90.84105683964665, 41.54882143940088, 43.88660980422114, 50.97233192778654, 65.46583485996462, 65.21603950923576, 18.92907763926702, 62.84012382306279, 57.13622016432176, 51.418826724844415, 11.17732827924502, 39.46055131468789, 38.5327362588886, 18.587847005722693, 69.73782021650406, 63.687529567251445, 37.15044386022522, 49.45535347430434, 41.564573663583325, 16.65790543502627, 20.143187859225574, 75.41207544207143, 71.46906122937973, 68.52579116971944, 17.719267488533337, 49.49972171250787, 77.80845629484611, 28.357750267170495, 16.947966253947595, 15.775682623922322, 15.48669703280392, 39.49138185506533, 50.70325208812098, 60.91639745885839, 17.26189803496772, 49.67422793880544, 61.14939679062717, 42.57958699707256, 35.244798115448695, 55.86639633266917, 36.20581529305848, 65.65837755915712, 73.46052620432438, 22.900899171436727, 71.7276648413359, 37.809586906728235, 32.20237539648648, 93.01009732093449, 60.54163697602566, 13.999330380635621, 55.815342938636874, 64.97474936391819, 75.29874847309787, 44.001129169395924], [62.381384415889805, 15.871859278472185, 0.0, 91.23202608442602, 27.130640448327945, 52.175698291479705, 47.66046934188969, 12.197612384572063, 64.09634071380901, 55.22465781411256, 18.684164214049094, 13.879363159199643, 65.23439987191529, 56.384677101183605, 44.88021730127646, 75.6468528358595, 19.612664904160884, 27.527260328223967, 53.29567737997442, 44.90430166983691, 91.5643085132043, 16.217571753581492, 104.54465981849934, 38.2262946066278, 55.16066756013422, 66.16924255523104, 65.8001624959077, 67.36539259658238, 22.15176932890953, 78.62543039298772, 68.09686407479458, 46.99784761592191, 15.226033921616379, 55.3323876636723, 30.683734345180586, 34.31456453910915, 78.71276022962081, 79.47744994996218, 47.928196904722384, 65.22946167064771, 57.43010443722947, 17.64566750873345, 25.636674710152214, 86.27228385571492, 83.68488856726346, 82.01879621235182, 27.559279966477305, 65.21205180793466, 92.55645745628004, 13.085014663482864, 25.094534762087335, 30.17851878297746, 18.859002697448872, 51.342771330486784, 65.48307796369441, 75.28449767651395, 29.004262529578252, 65.29158635990571, 76.83594950591116, 52.609409562805986, 21.104754654147264, 71.6576150882261, 20.390271332568663, 65.38107588337407, 87.45409994944728, 12.213299038902113, 74.20689827070835, 40.62125169660437, 16.396777599633296, 106.93913282348078, 76.12853684639636, 29.825690914698967, 55.446738843588854, 77.41591806557689, 79.26013798116831, 43.12529499145365], [78.57028730654932, 77.03719581218392, 91.23202608442602, 0.0, 68.56306789596174, 75.14928723548849, 87.51568533048753, 84.04522028071182, 49.5864170122192, 41.367585460365284, 107.82170717751144, 102.11604406495032, 55.831368778290035, 75.75125870377573, 82.21581581421025, 41.13440603797618, 73.85296411577465, 77.54985066556237, 70.39648639288535, 65.10315405560215, 17.777467252839322, 86.07998397621483, 14.787079887792254, 83.59811657692084, 82.29416400922018, 57.50346245610443, 78.8729755342205, 71.83760836296904, 90.49988796133265, 30.53816135854351, 32.85944222916479, 89.42282191241489, 76.87723790648069, 46.624287634599504, 92.72227556800706, 59.70887780040396, 40.67484379495987, 30.521083656495286, 82.42522932622958, 47.42101165612169, 44.347457837180734, 90.96273586566517, 69.517084717832, 29.094193377723524, 19.508595577141563, 11.4208911442393, 64.65873817982353, 49.11036918331563, 7.265901641203776, 100.5034879569495, 67.71822304283624, 71.58283955926412, 88.69616339020527, 42.04854987664502, 62.1588924337736, 16.161529369136456, 62.46154483429973, 33.096632152153525, 27.93721262466325, 45.18220544081413, 112.00237116971441, 45.40443934635954, 109.26335982420733, 81.20723489208024, 4.319986983140866, 90.83636719624981, 72.4163021497734, 68.2987452967926, 105.54820095401166, 16.193468810059503, 25.976764870814947, 64.35715799650202, 78.5286117453289, 20.483749137932765, 67.06420480291561, 77.82918122675716], [66.37773774874138, 11.354071343694317, 27.130640448327945, 68.56306789596174, 0.0, 56.131793445477484, 58.251223092336716, 16.525350086457443, 37.0383219110818, 40.73834855218403, 45.81009881810614, 34.56947907766277, 59.43635014477549, 34.70500483167897, 27.835358586592296, 48.53743975388634, 21.884671690606, 35.37897469182753, 29.926815958056164, 43.88801567521896, 72.6942845066777, 32.77049748898239, 82.82055191751778, 48.64515345203748, 36.238715935527985, 39.81602774558294, 69.36304457878327, 67.8887355609533, 22.368256872944666, 52.04845179687431, 52.68388807283573, 58.61849294411468, 19.880312053591517, 28.340047703961336, 47.8191868278734, 8.859545215921205, 66.8130795120255, 52.88153369225771, 30.372329685092474, 38.11436566799626, 30.529381559376215, 22.403478749468167, 24.74330810736199, 70.572709984153, 65.32229864342104, 61.002424681390764, 19.24013338892117, 38.14598334818089, 68.62504425077987, 39.71090738799141, 20.40494916849257, 7.347252502953533, 20.18967784554053, 34.94542359323109, 39.82607736267448, 52.41921250829534, 16.659464387431107, 39.33287974163686, 50.593357377610985, 39.82355614186179, 45.424916042412576, 44.53424502710087, 47.51083895650875, 69.94728235461452, 65.2705083529371, 33.763996067842996, 73.96699881979474, 41.5403731066679, 43.51055072007275, 84.71701599918778, 50.18900726298794, 4.405598324594884, 60.514165502116995, 58.71737203427702, 76.35629058989163, 49.603416604050075], [10.50139426202267, 51.75254335026182, 52.175698291479705, 75.14928723548849, 56.131793445477484, 0.0, 13.626104058189629, 56.799066139873226, 80.46461536977084, 35.93187007211654, 56.803387869421606, 65.70620869982524, 22.527724164969936, 89.70325621860587, 83.94143929455139, 85.66758102734146, 36.74188281054452, 24.73314477739653, 84.11679971889224, 13.56458190516903, 65.32711612981302, 36.39686363934855, 82.99104474897652, 16.331137546845625, 92.16313774150399, 87.3284998747684, 13.800689710408193, 15.812944753823082, 69.94258967060279, 81.80613303150677, 42.34422564114508, 15.805141100532607, 41.18291674255579, 68.87873274339128, 28.78863787556206, 53.97847809890501, 41.69049468464095, 82.59648682118969, 86.50381987519401, 80.0808540019165, 69.34362381327668, 66.51301213939564, 31.87075728469201, 54.42661110281879, 58.35855526432173, 63.72982016198223, 36.93395376740775, 81.19898579457957, 80.29360156754207, 50.81750839576929, 35.884506324011824, 63.45570664235708, 66.25642948395871, 39.04084340930643, 89.48574614936526, 64.36131067223867, 39.944039824463594, 68.84990836908082, 78.32507055449655, 32.35933558396465, 68.90919285559644, 84.73769897759288, 57.280688940455946, 13.922926857649728, 70.85908037923551, 41.894319777798536, 22.64182107679185, 14.637378440497908, 55.489459744505396, 86.42495627607457, 76.18571643802198, 53.832316117671084, 4.575946839881667, 54.922344515313114, 29.226562280322643, 9.367891040254072], [18.809667360687754, 51.407217789119784, 47.66046934188969, 87.51568533048753, 58.251223092336716, 13.626104058189629, 0.0, 54.94816717871354, 87.32235331035815, 47.014492538930966, 47.99805780231878, 60.15027167188568, 36.15315730628894, 92.86892063191542, 85.30453523872534, 94.03581183219583, 36.737972381491495, 23.07446747964944, 87.73723389839957, 22.86279435451802, 78.57879196945248, 31.49402838407695, 96.0536746545745, 9.87146998694841, 94.38120135675362, 93.3910769000745, 21.945524818704243, 27.210050645253197, 67.94093484686897, 91.35189392446621, 54.995211809781246, 2.1933982062165, 40.236005704007226, 75.7722194398511, 19.022359379885042, 58.155549939450005, 55.30174016707414, 92.17866678762718, 88.09447067628284, 87.24833925432041, 76.61637670996214, 63.973645217879316, 33.67243427231738, 67.93134227091033, 71.42208147134339, 76.11540468812723, 40.19056120171382, 88.16918214776138, 92.27106985415165, 43.09885214977989, 38.137778871560116, 65.2649384229079, 64.25210155365373, 48.94420195858011, 94.9686500594319, 75.70662651983, 43.72410472823304, 77.80899239752804, 88.062738594089, 43.22960258596401, 61.2764375151619, 92.45488146278221, 48.14347906101366, 20.446331378324246, 83.19999581278908, 35.93394681711603, 33.39962072786382, 21.020002911523864, 47.1058564486904, 99.43046958994208, 86.10651392125439, 56.90392103007439, 12.843705799111529, 67.59440602776523, 41.04663362107543, 10.430074861468585], [67.28810144194603, 7.358415121451777, 12.197612384572063, 84.04522028071182, 16.525350086457443, 56.799066139873226, 54.94816717871354, 0.0, 52.73417359638817, 51.742192773943174, 30.398693753731912, 18.199847061773, 65.96498213719087, 44.25070327742262, 33.13223148837246, 64.71971189429644, 20.307311148276565, 32.53903864277713, 41.09847364167437, 47.064585619648064, 86.49100036624732, 24.358209362213803, 97.96919871953648, 45.11066718948077, 43.30984427560947, 54.288409570775485, 70.59543774683263, 70.90203695275919, 13.164308509720687, 68.56560090650989, 64.47744785791515, 54.69073740772617, 15.64622699606511, 44.75684083820428, 40.11552286213284, 24.85511521318503, 76.92249094259762, 69.39623310719361, 36.167545798637434, 54.01474723755489, 46.99386191144914, 9.921934145858163, 26.056344628998144, 82.7586755426184, 78.81045949944952, 75.72500125159787, 24.689608470044565, 53.86062772203189, 84.5876332711056, 25.27381662553823, 23.482556082732856, 18.232178029704862, 9.464683803562616, 46.84844929954855, 53.424129046647636, 67.89611861771863, 24.538582785199992, 55.80331008079287, 67.11232855740694, 49.822704998308865, 28.90261857205049, 60.46395185832278, 32.121958238118026, 70.58843616367649, 80.53555652270936, 22.556280035458435, 77.54253201350814, 43.41847251257933, 28.20498438721868, 100.07823430686055, 66.67164595001279, 20.120134877119963, 60.638330430721965, 72.30667581398977, 81.52591899172117, 48.50917415465975], [88.99841461620609, 48.392362297934575, 64.09634071380901, 49.5864170122192, 37.0383219110818, 80.46461536977084, 87.32235331035815, 52.73417359638817, 0.0, 49.19214110338042, 82.77545077207942, 69.54676827988162, 73.11562104627218, 26.585995023009332, 35.716944942075806, 13.05107203048593, 55.592789398711744, 66.99550490957729, 21.9676591347049, 66.90680943485468, 62.122856573347626, 68.2858835515791, 63.99884205660254, 78.99187753920323, 33.35304464525796, 8.676226739656158, 91.13299661698693, 86.88497642849916, 52.533465305545015, 21.293430742012585, 54.433485987563614, 88.34295338179143, 55.38493638588949, 11.603607872276175, 81.79284498330517, 31.599888140842147, 70.28906857580304, 21.82228549250821, 35.03052675255824, 2.231143353097378, 11.292569777788108, 55.04170298894223, 55.445903014872556, 66.74780985923752, 57.490743889228725, 48.22062893565589, 48.399094655543, 1.13080239678389, 45.89698347064984, 76.74751058086709, 51.250492880880756, 34.81286993265888, 52.443984547670105, 43.62380662733327, 12.993351797233561, 37.29923322114734, 44.72238010348338, 18.254495038229845, 22.364225833229664, 51.279790766178294, 80.8592706566914, 7.973654619077841, 84.4850963408872, 92.57356408779009, 48.3394939195726, 70.27654308828492, 91.17950556350047, 66.90551441537345, 80.49309583392878, 64.41530520747303, 23.81826311146895, 35.142828682106845, 85.01189234848951, 52.01065634299957, 90.17178368396796, 77.17206827452074], [42.150367328240065, 44.42510344715549, 55.22465781411256, 41.367585460365284, 40.73834855218403, 35.93187007211654, 47.014492538930966, 51.742192773943174, 49.19214110338042, 0.0, 69.42698103520412, 68.09901431607625, 23.92448839808903, 65.94000204626492, 65.21741429628604, 51.57761128845074, 35.91477920985174, 36.65675862480995, 59.77904150260514, 24.186732491504102, 36.937688097307394, 46.510508281147345, 52.11334124912147, 42.307830730923094, 70.46644519748534, 57.25894700557146, 43.632140045588606, 38.361722880284354, 62.16773098540319, 46.3991034195132, 12.884657256106347, 48.773326383297935, 40.00418474343314, 38.41533947507867, 51.463449847203556, 33.53619692141238, 26.10040486692558, 47.149918254763335, 66.91447756072512, 48.22530070885586, 38.005348623987864, 60.84285948694501, 30.46057192728071, 31.150546834474586, 28.99625358234465, 30.276782142787837, 27.77464415260916, 49.66325283037042, 45.49238505076171, 62.0466903136649, 30.136991946361345, 46.957048752311216, 59.23615496027872, 6.301292946821168, 60.49417243075129, 28.69326196993507, 27.22026574123302, 34.4070328781359, 42.79101732811222, 3.839481856196824, 76.26732171568379, 51.686537491479484, 70.68327434148541, 45.47696385041623, 37.07464294948936, 51.859456582755655, 42.11436743585363, 27.01174671983218, 67.29211109662612, 55.09834162924274, 40.53268138097726, 36.54567442679169, 39.99542109282708, 23.28110000432284, 41.07896235200226, 36.92292440379053], [65.76611603670106, 34.51319279636957, 18.684164214049094, 107.82170717751144, 45.81009881810614, 56.803387869421606, 47.99805780231878, 30.398693753731912, 82.77545077207942, 69.42698103520412, 0.0, 19.301249107327042, 74.45903808406413, 73.64050212080801, 61.25215345451152, 94.30328159250105, 34.03677042068614, 35.26952155415718, 71.1110130585637, 53.74269239510022, 106.34884881879555, 23.30217566942059, 120.52724991821394, 40.65062385200955, 71.57582799827784, 84.67654044440057, 69.15512654077813, 72.61529994040683, 36.86589209859283, 97.02806556219521, 81.98590481932405, 46.57754114520323, 31.035313288771277, 73.9448349111839, 28.98568645100346, 52.758725040552015, 90.4077602455465, 97.88646737735795, 64.26267575870948, 83.91354719174328, 76.00604711279674, 32.431458417743265, 38.998718936026776, 99.62492296047462, 98.40583288608592, 97.99805529587638, 43.168757388063675, 83.89217665752659, 109.71328152270942, 7.388611884913293, 40.15982969419494, 48.6204427434636, 34.510466924695706, 66.56055565218963, 83.79618873824602, 92.17925120301908, 45.46722743578936, 83.50069053746635, 95.10174584289628, 66.29204184942915, 14.215045995187763, 90.3408964045201, 1.7232843072478699, 68.07273179352136, 103.87055492490431, 17.62375544104241, 79.42016731898175, 49.10871955047551, 2.340362108499202, 123.14336462966396, 94.27201431843312, 48.377644354294546, 58.8666273456882, 92.45877187481602, 85.8255437625445, 47.488472080287394], [75.76543304738597, 25.08207011258452, 13.879363159199643, 102.11604406495032, 34.56947907766277, 65.70620869982524, 60.15027167188568, 18.199847061773, 69.54676827988162, 68.09901431607625, 19.301249107327042, 0.0, 79.09080417875144, 56.42346022380577, 43.39185835937335, 81.97289636477477, 33.1605475227376, 41.2247873630725, 54.76494188100966, 58.78239404478671, 103.83519605019887, 29.354236450533648, 115.90328445764747, 51.11305900300349, 53.56646280367454, 69.95259554382399, 79.19904541792394, 81.06179982013298, 18.881806337140485, 86.42703908567961, 80.97674619891541, 59.24518783943813, 28.513752175401667, 62.44769736496277, 42.016613033546555, 43.04627773176735, 92.21114908572157, 87.24457900579584, 46.30991703203671, 71.02001934852402, 64.7551498185494, 15.039073116539022, 39.26836795569459, 99.24643772685741, 96.04295596962045, 93.53933652487197, 40.33568889562991, 70.6771804031556, 102.7720280008569, 18.857124243596676, 38.22567003453588, 34.78126658669919, 17.547207058112008, 63.758037746525304, 68.36098135159332, 85.98746540780864, 41.15416621499088, 73.90231158768103, 85.11614865317763, 65.72022255516026, 11.355250166205701, 77.43926315757648, 20.746585418550975, 78.64708476968903, 98.54082804590789, 24.258081763775753, 87.92021735165001, 54.483746280227436, 18.034342951895137, 118.09049450041572, 84.75568874364521, 38.30808220469109, 68.78770463456578, 89.63499314451117, 93.10017842959941, 56.522430635201175], [22.977430395577073, 59.352395802846914, 65.23439987191529, 55.831368778290035, 59.43635014477549, 22.527724164969936, 36.15315730628894, 65.96498213719087, 73.11562104627218, 23.92448839808903, 74.45903808406413, 79.09080417875144, 0.0, 88.63130526161432, 86.2072580330326, 75.01549832603804, 46.30801037995703, 39.29856203811054, 82.55143145965857, 20.7727505292299, 43.81877467881421, 51.69003649510542, 61.81580619385366, 36.81543573602069, 92.58769071417727, 81.14044217013927, 23.045445451236283, 16.13142128425303, 78.25745988482805, 68.84235924258574, 23.69773453232564, 38.32878331771168, 51.13947751691492, 62.25035329388323, 49.05188236092701, 54.07209859265566, 19.204366111461148, 69.51954511783323, 88.25685391675466, 72.14254869983556, 61.91371878358472, 75.82933638078526, 40.21158443320867, 32.255721906324936, 37.510450194658056, 44.678193119982396, 41.74290385048121, 73.58699650185893, 61.81751301050201, 67.62803651359765, 42.49804472441105, 66.48416802973247, 74.83601416882811, 29.685919697027995, 84.27659644293803, 48.04073917815108, 43.181739252290285, 57.891909086608756, 65.09938377104046, 22.14781003060086, 84.70674715138075, 75.45279809252857, 75.27284475183528, 25.406479988623207, 51.71085589189722, 57.59279234758743, 18.436010959379505, 25.381325898722164, 72.75107833063517, 65.36173480202261, 62.654841915138704, 55.85462208909371, 24.489444092053642, 35.378699947940554, 17.46952815321601, 29.38328331326611], [99.5843593130019, 43.67923673147011, 56.384677101183605, 75.75125870377573, 34.70500483167897, 89.70325621860587, 92.86892063191542, 44.25070327742262, 26.585995023009332, 65.94000204626492, 73.64050212080801, 56.42346022380577, 88.63130526161432, 0.0, 13.552750185699187, 38.36924138320978, 56.568287146704954, 70.07956225476347, 6.179930289139116, 76.69728778452291, 86.8492305151995, 66.51915832730842, 90.33847165505296, 83.32788428479402, 6.8416759240425336, 20.55257642170529, 102.33024582890596, 99.77590853552859, 37.54457744886161, 47.77203135382352, 74.59750239374301, 93.29333727202145, 54.13189192661389, 30.580893662707023, 82.0687811760903, 35.795085513391506, 90.49467968441238, 48.24120135906462, 11.215893018345636, 28.816836890860145, 32.387930904402495, 41.568266779635096, 59.22166608823963, 89.5859790315407, 81.2886600538428, 73.05642225684272, 53.05792836712416, 27.298836526259194, 72.41564436485926, 69.36070962260412, 54.78154901918374, 28.12082986682356, 39.26721468371939, 59.66796989045322, 16.48428296710191, 62.21184166909479, 49.819412366499236, 43.05232189056903, 48.94404618486282, 66.72658173854633, 67.41579562786792, 32.96841465330796, 75.33220115242857, 103.21123665656243, 74.12827285441574, 66.23425505379377, 105.22637176314647, 75.09318801599558, 71.64465185895136, 90.89647476730623, 50.30596071481656, 36.0789769291674, 94.20933520227308, 75.2082136279654, 106.09569527699087, 83.90794056346975], [94.21093258232347, 34.23795863820192, 44.88021730127646, 82.21581581421025, 27.835358586592296, 83.94143929455139, 85.30453523872534, 33.13223148837246, 35.716944942075806, 65.21741429628604, 61.25215345451152, 43.39185835937335, 86.2072580330326, 13.552750185699187, 0.0, 48.54953422399646, 48.56778797536854, 62.2316802237541, 14.428418807197795, 71.6872561963643, 91.1369043686178, 56.79613172345073, 96.99769449317718, 75.51202018171377, 10.337316619760406, 31.902054869377444, 97.19734636991697, 95.58452016914546, 24.57191863063825, 56.765614722449264, 75.54798337320658, 85.45695324868191, 45.316902231403844, 35.59337586321934, 72.60846633837745, 32.15838154953438, 90.94187326133215, 57.367188999341536, 3.0481459335281054, 37.84828198850023, 37.87816164140046, 28.85125033172596, 52.314498173249135, 92.04085334021751, 84.78544264515675, 77.78599529357557, 47.07548374060225, 36.668844507472905, 79.88327434789069, 57.55263143306675, 48.104547634330764, 20.49328257251667, 26.752828283355935, 58.96221439781253, 28.64660854848908, 67.3692155436781, 44.38087591799594, 49.15197712444479, 57.20091920560211, 65.21975857252595, 54.1897594272794, 43.169197004673535, 62.91204884930926, 97.77640823654075, 79.99435454662232, 55.65133203977573, 101.52955175286814, 69.36892968256657, 59.36715138539047, 97.99843162277635, 58.085237983743575, 30.656252641712662, 88.29567138883777, 78.36191656909456, 103.44383362257703, 77.15022812532793], [93.26435403565632, 59.79031941424672, 75.6468528358595, 41.13440603797618, 48.53743975388634, 85.66758102734146, 94.03581183219583, 64.71971189429644, 13.05107203048593, 51.57761128845074, 94.30328159250105, 81.97289636477477, 75.01549832603804, 38.36924138320978, 48.54953422399646, 0.0, 65.14255089348192, 75.33374590500378, 34.45930174915616, 72.3434769978966, 56.019693793691694, 78.20826289844727, 54.691553809089555, 86.44160751102652, 45.21061535883193, 18.001329415289145, 95.01728177460602, 89.93892127359005, 65.3703021091449, 10.631885859200931, 53.742301940941815, 95.28520218024786, 65.61795843988807, 20.482766565424665, 90.68941009557437, 41.92893471647655, 68.79610868860212, 10.778955344252463, 47.66077213365121, 11.174304487289595, 18.685231881299686, 67.69804277314405, 64.04110375109025, 62.84732633928204, 52.82583144744504, 42.52920856274156, 57.084644115512326, 12.001426069445388, 36.176743333510764, 87.97205652987351, 60.16652861007226, 47.1993035378348, 65.10621694114042, 46.986393752951116, 22.55240057355195, 32.255016743491545, 53.50722980190037, 17.172169976817276, 13.407392608760064, 54.392338074693164, 93.22130332968301, 5.424713728913354, 95.99400411244116, 96.71980375568853, 40.86832697385265, 80.79344288138182, 93.43263496087678, 73.1158268602302, 91.99011182878569, 54.562685721888926, 15.767651926875613, 46.02403695555109, 90.09805781957186, 48.36132912899469, 91.26257686842314, 83.6579470238933], [47.24213072058591, 15.064731921941078, 19.612664904160884, 73.85296411577465, 21.884671690606, 36.74188281054452, 36.737972381491495, 20.307311148276565, 55.592789398711744, 35.91477920985174, 34.03677042068614, 33.1605475227376, 46.30801037995703, 56.568287146704954, 48.56778797536854, 65.14255089348192, 0.0, 13.671703438709127, 51.78459898483688, 26.81493663696008, 72.63240388595882, 13.216720720364657, 86.49516246278245, 26.971949197167394, 57.71532233244359, 60.045347655010296, 50.49494235585238, 50.59725711752382, 33.32988015143615, 65.80070094157233, 48.72429018765881, 36.94073708361975, 4.840712060883015, 44.89930685962421, 26.422862833057025, 24.09035409543827, 59.11290446479794, 66.6735599184064, 51.3585154299736, 56.12327465134925, 46.479833800785876, 30.198475161731974, 6.132216349068988, 66.79891452262225, 64.70442638935823, 63.96177993370881, 9.257508466073046, 56.60721254076988, 76.0121575088759, 26.679102849099657, 6.134991809570866, 28.63740122690307, 29.680328868563176, 32.58907732573031, 60.75686888850633, 58.37559338355499, 12.147066641567193, 51.798942015436275, 63.366869852327014, 33.121291931342135, 40.444812182919584, 62.17372301019713, 35.43742687233791, 50.628284354920964, 69.86624270298894, 17.09117589902091, 57.23681074608152, 23.11197717460779, 31.800694376920504, 89.107690018272, 62.17106635488755, 21.444349818014356, 40.7613064443637, 58.609291944844244, 61.36280056032343, 28.953735668252687], [35.086623898206255, 28.41481835345093, 27.527260328223967, 77.54985066556237, 35.37897469182753, 24.73314477739653, 23.07446747964944, 32.53903864277713, 66.99550490957729, 36.65675862480995, 35.26952155415718, 41.2247873630725, 39.29856203811054, 70.07956225476347, 62.2316802237541, 75.33374590500378, 13.671703438709127, 0.0, 65.13743833205726, 18.528656780477196, 73.13748907557168, 12.458676263849625, 88.77006233213072, 13.304873663866973, 71.37167549569577, 72.22920326048742, 38.47034654181936, 39.84761632452891, 45.69178379184533, 74.49497321784008, 48.33943754421634, 23.280038194953224, 17.296534039933388, 55.76771417934672, 15.749955541930124, 36.30095660420659, 55.29366612744959, 75.35983992853306, 65.02920264502097, 67.24813615228535, 57.01251132172868, 42.0380591030512, 11.577574444968844, 65.20961275969606, 65.26882208139702, 66.76160196805183, 18.60750267549314, 67.94063207540307, 80.84406820147963, 28.335734348081182, 15.940327867445546, 42.27186343693172, 41.98598488918827, 35.600451945835964, 73.3403656944828, 63.24278350364244, 22.288059148768898, 60.45618994436356, 71.63912404908424, 33.06202144423579, 45.60242439392503, 72.96673722711465, 36.183930322424345, 38.25004812162126, 73.33011171301057, 18.338726937111783, 46.69930889889739, 13.921648631562341, 33.489672511990605, 91.73657183998775, 70.0801382013998, 34.423457068648084, 28.268884712310935, 59.8801826583545, 52.020525916367454, 16.0113734673202], [93.89601284042091, 39.657973584566236, 53.29567737997442, 70.39648639288535, 29.926815958056164, 84.11679971889224, 87.73723389839957, 41.09847364167437, 21.9676591347049, 59.77904150260514, 71.1110130585637, 54.76494188100966, 82.55143145965857, 6.179930289139116, 14.428418807197795, 34.45930174915616, 51.78459898483688, 65.13743833205726, 0.0, 70.99625858088835, 81.02863002583848, 62.33418682001072, 85.06791415115772, 78.30885606917676, 11.96719297030295, 17.47447064995781, 96.59138576858186, 93.88576082003684, 36.09495824926477, 43.25434709182076, 68.4303309947404, 88.24463571540059, 49.67916028992376, 24.66256588534746, 77.66940092029259, 30.13856689327045, 84.32005427960668, 43.78989214677842, 13.216066193079948, 24.17512768530222, 26.579042780580874, 39.733439696551635, 54.066243523370424, 83.52541607295267, 75.3383702247006, 67.29060934828591, 47.70588642751042, 22.81910954663312, 67.36509530079995, 66.36974857210642, 49.59951484739488, 23.88763477570865, 37.27866840909559, 53.51250608009918, 14.371864799542644, 56.50253182783997, 44.365743540130644, 37.47232452055879, 44.105957107390665, 60.6052251854398, 65.98372133326194, 29.04102144343003, 72.82298280301009, 97.52816986949378, 68.61196086886767, 62.483516318965336, 99.26185885645289, 69.54536345180192, 69.02516910096061, 85.76213551549687, 45.28877152235501, 30.83344373286309, 88.64468998534731, 69.2051041694332, 100.01962844049419, 78.57796987077994], [22.900073802816596, 41.12564443375661, 44.90430166983691, 65.10315405560215, 43.88801567521896, 13.56458190516903, 22.86279435451802, 47.064585619648064, 66.90680943485468, 24.186732491504102, 53.74269239510022, 58.78239404478671, 20.7727505292299, 76.69728778452291, 71.6872561963643, 72.3434769978966, 26.81493663696008, 18.528656780477196, 70.99625858088835, 0.0, 57.7096615369616, 30.922487830183215, 74.5439841175698, 18.80575026033843, 79.48246215204335, 73.77347189948559, 25.653858862477872, 24.179759969102445, 59.92006884389609, 68.92415763707056, 33.22569629606719, 24.589066640215634, 31.616019697189127, 55.31760039795361, 29.784774266047737, 40.90235838233898, 37.40555210392659, 69.7342398015677, 74.1240645423367, 66.5420538096594, 55.80460632453807, 56.980211007066494, 21.04588683588111, 48.39238832002224, 50.14320841615624, 53.7750357932073, 24.71775390757812, 67.64708028238205, 69.59154508839741, 46.863158380053626, 24.36120647365917, 51.23185845288945, 56.32950865239498, 26.237426992140566, 75.97413126065737, 52.864385139024485, 27.32036435006984, 55.68484147868119, 65.53865335368552, 20.3824365252401, 63.986048481952764, 71.27131900504384, 54.598515534361276, 26.53329742854226, 60.7837841089105, 36.82393102040359, 30.60494483183585, 4.637345050710778, 52.00259060134162, 77.78683101191942, 63.501184762145954, 41.18555312683623, 18.12778727514713, 45.65625429419745, 34.581543241961654, 12.759413264774393], [66.72896783150547, 79.1646290287624, 91.5643085132043, 17.777467252839322, 72.6942845066777, 65.32711612981302, 78.57879196945248, 86.49100036624732, 62.122856573347626, 36.937688097307394, 106.34884881879555, 103.83519605019887, 43.81877467881421, 86.8492305151995, 91.1369043686178, 56.019693793691694, 72.63240388595882, 73.13748907557168, 81.02863002583848, 57.7096615369616, 0.0, 83.43326104365504, 18.089218652850523, 76.49159424816966, 92.9685790157525, 70.6012312251697, 66.41523748531827, 58.97811378169775, 95.0594112210034, 45.87248177839295, 24.819274768554095, 80.65193225780335, 76.46118495208505, 56.3811124007917, 87.11242809424819, 64.06252063337546, 25.923172046285504, 46.05984480651093, 91.8743124028369, 60.13741363714858, 54.46825829674803, 94.6678407343428, 67.35649307964388, 12.683760918351963, 7.943136692982206, 13.904725348475475, 64.02279897070993, 61.888911170772275, 25.03230745459543, 98.96437554723333, 66.67993192564354, 77.19949649390072, 92.6810559392981, 40.22153805991761, 75.09761062749364, 24.837321569601464, 62.73076264565067, 44.08164156936631, 42.64095188523489, 40.23661069593807, 112.66898937614377, 59.51499400899198, 107.61640295999209, 68.88270421356609, 15.85431025015977, 88.79538230580351, 58.33276524687101, 61.66106983643153, 104.1996846965557, 21.699241318831714, 40.25535320807176, 68.2938617979199, 68.01095552901606, 14.201611628203098, 52.001116295512745, 69.85544025234124], [46.411256843348966, 22.85447907136206, 16.217571753581492, 86.07998397621483, 32.77049748898239, 36.39686363934855, 31.49402838407695, 24.358209362213803, 68.2858835515791, 46.510508281147345, 23.30217566942059, 29.354236450533648, 51.69003649510542, 66.51915832730842, 56.79613172345073, 78.20826289844727, 13.216720720364657, 12.458676263849625, 62.33418682001072, 30.922487830183215, 83.43326104365504, 0.0, 98.19552315833819, 22.008900341575917, 66.64635925488179, 72.20962015131548, 49.84483074072656, 51.90558244244555, 36.89162685740966, 79.01734851496609, 58.8822603346926, 30.926127005839913, 13.010474533576817, 57.861130314040004, 15.832219381360007, 36.68794314965868, 67.14102955851862, 79.89019981751254, 59.76862766644348, 68.93669434090545, 59.5252856591069, 32.722483647774325, 16.56395582603179, 76.37177730928542, 75.49699722758191, 75.79767129062093, 22.20865766246896, 69.32779477414213, 88.62111295386215, 16.11445453980948, 18.965035397631873, 38.483964245972466, 33.267194231329796, 44.20307235649612, 72.5279668872409, 70.93124201575694, 25.333830225385352, 65.01346298482734, 76.57426089271611, 43.230976259683594, 33.14606984039014, 75.0844747965915, 24.39633483923831, 49.3143615575923, 81.99198932200703, 5.903605772895293, 58.78046993311259, 26.34811440741699, 21.36091091849364, 100.9658536323249, 75.35461742070177, 33.411831011646036, 39.43562186527827, 69.72178698124145, 64.37167598442035, 27.171771440788337], [84.76367112300731, 90.84105683964665, 104.54465981849934, 14.787079887792254, 82.82055191751778, 82.99104474897652, 96.0536746545745, 97.96919871953648, 63.99884205660254, 52.11334124912147, 120.52724991821394, 115.90328445764747, 61.81580619385366, 90.33847165505296, 96.99769449317718, 54.691553809089555, 86.49516246278245, 88.77006233213072, 85.06791415115772, 74.5439841175698, 18.089218652850523, 98.19552315833819, 0.0, 93.33583904671573, 96.93169917394245, 71.67858259674541, 84.49519806642606, 77.0664192555176, 104.92146629187258, 44.078913927355195, 41.320248690376175, 98.08508776442667, 89.84920315896431, 61.40841034493213, 103.38472820311284, 73.96291318231448, 43.97199142874334, 43.91726977830467, 97.18521200341691, 61.804684558811395, 59.12424715734909, 105.21566331066859, 81.73586069654857, 30.559551777833576, 24.640076711704214, 22.55382061011287, 77.455350957302, 63.46084899867389, 18.52417682017872, 113.15628324506291, 80.38534146026146, 86.12515288215216, 103.00131656009216, 54.03033139103089, 76.3525569235625, 30.51223346591143, 75.57104850059949, 47.86328564542167, 41.92433648225705, 55.74984185308992, 125.49704072254269, 59.304391410080164, 121.90303842707331, 86.95784847653339, 17.56619567893877, 103.23969875083753, 76.34546686587804, 78.22498304677082, 118.29583350903842, 3.648779535421977, 40.206418772237804, 78.54872446408, 85.84339246216229, 29.009211256136137, 69.80946172475504, 86.98357620065157], [25.198252638122256, 41.54882143940088, 38.2262946066278, 83.59811657692084, 48.64515345203748, 16.331137546845625, 9.87146998694841, 45.11066718948077, 78.99187753920323, 42.307830730923094, 40.65062385200955, 51.11305900300349, 36.81543573602069, 83.32788428479402, 75.51202018171377, 86.44160751102652, 26.971949197167394, 13.304873663866973, 78.30885606917676, 18.80575026033843, 76.49159424816966, 22.008900341575917, 93.33583904671573, 0.0, 84.67637560715642, 84.69099471080834, 28.618612206268622, 32.06772749601522, 58.13902766284879, 84.54365036058728, 52.02412016042381, 9.97799393042249, 30.374047160873527, 67.54743435165686, 12.523552643930664, 49.058438261270055, 55.18156586353182, 85.3903957653141, 78.32141430949505, 79.06313106252914, 68.56771197489027, 54.224023187084526, 24.325057244905828, 66.8679785927766, 68.94779953740466, 72.3502444673876, 31.098838789248333, 79.88481659090121, 87.77056319683548, 34.98961055731904, 28.7983561257284, 55.57389727000599, 54.444105527458, 43.10452322583235, 86.0483444494321, 70.63825150380217, 34.72178815416378, 70.72016673600062, 81.42329989807769, 38.470653307097706, 53.20898017199831, 84.51080069207109, 41.054482049092435, 27.75489016709548, 79.28701993466464, 26.87094424055041, 38.81834554681456, 15.302734461718982, 39.45087880744663, 96.56060896066491, 79.62487808671125, 47.5113989645089, 18.243717171641862, 64.40987594750457, 45.55547332656198, 7.484044243246237], [102.2578675716873, 43.88660980422114, 55.16066756013422, 82.29416400922018, 36.238715935527985, 92.16313774150399, 94.38120135675362, 43.30984427560947, 33.35304464525796, 70.46644519748534, 71.57582799827784, 53.56646280367454, 92.58769071417727, 6.8416759240425336, 10.337316619760406, 45.21061535883193, 57.71532233244359, 71.37167549569577, 11.96719297030295, 79.48246215204335, 92.9685790157525, 66.64635925488179, 96.93169917394245, 84.67637560715642, 0.0, 27.367657966400447, 105.12548719501564, 103.00397266773676, 34.82652839687553, 54.58025095296071, 79.74020269813228, 94.651160722744, 54.789339576094314, 36.588317298129624, 82.40448578102475, 38.86184932100018, 95.51842121964441, 55.058384623011655, 7.313204643505306, 35.58389539177957, 38.53910677673054, 39.1584148688437, 60.98112162339269, 95.23166320259682, 87.1997305404955, 79.24831109267387, 55.249733419794964, 34.09207088846916, 79.1032640767416, 67.87799840680141, 56.63426973214872, 29.116841133480705, 37.08586476002269, 64.16608438570542, 23.2014029492992, 68.46870619128865, 52.24939746476172, 49.4277609454449, 55.688353484192376, 70.96265991490421, 64.21159318420085, 39.81004296965233, 73.23174665135915, 105.8620083180131, 80.56080737562614, 65.75537537382012, 108.6857196609246, 77.52754707809342, 69.69980629481131, 97.55491746933674, 56.9958550292981, 38.34451207473806, 96.60391096936297, 81.01200767836566, 110.00012462518727, 85.84111546273841], [96.2006564215598, 50.97233192778654, 66.16924255523104, 57.50346245610443, 39.81602774558294, 87.3284998747684, 93.3910769000745, 54.288409570775485, 8.676226739656158, 57.25894700557146, 84.67654044440057, 69.95259554382399, 81.14044217013927, 20.55257642170529, 31.902054869377444, 18.001329415289145, 60.045347655010296, 72.22920326048742, 17.47447064995781, 73.77347189948559, 70.6012312251697, 72.20962015131548, 71.67858259674541, 84.69099471080834, 27.367657966400447, 0.0, 98.46887221271713, 94.52290645201198, 51.94093327462994, 27.98314735218921, 62.988260979438266, 94.27531358725169, 59.19949242967261, 18.931250663077325, 86.46059288197308, 36.03023488573326, 78.88287435119516, 28.340662563253076, 30.557177805078048, 10.4