instance_id,num_cities,city_coordinates,distance_matrix,best_route,total_distance
719,80,"[[19.55077409714224, 24.752794499462194], [65.78672134713759, 54.37615442203333], [79.07284683974643, 75.09835605756763], [74.84684001356254, 38.77108281526552], [23.605903050181254, 78.30004914345757], [60.285973721755504, 70.73234132699666], [22.17833029093057, 54.68820146112988], [12.669332365725516, 51.57022913280889], [43.52676937601434, 2.667359857824514], [8.122180638659604, 76.07175421290584], [86.26358061657191, 79.23674428010872], [73.0063412418381, 38.070736312366535], [21.791244154939214, 14.821538574299776], [89.1949012318361, 79.20223244185826], [20.733955256201163, 19.27431549595937], [45.79432187926316, 66.14035659410402], [82.57772701697424, 19.577385706710928], [43.56344606906318, 17.74000469654252], [30.452624106099048, 90.91594154179958], [13.515950812359812, 53.18325936366525], [69.4358918639194, 79.21906993787348], [67.7949560411821, 22.430095149112496], [89.94180743302772, 45.25684926988443], [78.02759102282309, 67.82549532941621], [72.57375485822199, 3.4770285602882534], [80.79418401386133, 94.71188237732059], [45.91703586121633, 31.72778986502681], [58.17259737940317, 35.04085498487379], [43.58741981986542, 4.24616104155775], [91.59208860122551, 85.84907912007958], [14.610203070710725, 3.1911975854636787], [72.96158386437705, 87.05841358682038], [52.77946806868101, 10.67864798143171], [21.31973050918767, 3.761848552300462], [97.84704530451295, 92.74076081310561], [99.54376201785212, 77.38163784981545], [23.409989567934808, 20.654193991615998], [18.225453559761128, 92.2236652299982], [49.27613240368207, 60.62848736586207], [16.257516626400626, 99.95482010738547], [22.259841843701643, 54.32441747997451], [18.89929590850219, 4.793684466554515], [62.770447758306325, 1.4160247691737404], [73.69440104835176, 5.924060039837443], [56.187939772394955, 98.175172112171], [98.3774315125041, 6.156419311622441], [73.22144872717064, 30.489354764114285], [11.284279311948298, 63.42668143300085], [14.019523718052795, 29.317437840827164], [33.66503724688435, 76.83655164678294], [21.091037781211732, 26.415815682519806], [70.43482232869968, 9.03263790088853], [40.586954201998516, 64.19246439215227], [96.13889679238909, 55.698176648608076], [88.60673354815678, 98.44557401543801], [84.31636150767874, 57.194631003237085], [52.804675322115536, 71.29473860263967], [44.42698120368983, 2.2604779920386786], [46.69487461144895, 23.613838295437173], [75.69376649382356, 91.5796636210763], [14.166487246041171, 74.97667663327809], [90.36775963299904, 75.06514065687625], [83.12483225313929, 95.1702137783028], [97.96467910429607, 12.992467093860716], [16.982782571303932, 39.676998773033326], [25.00643112108769, 13.934282166650513], [87.19108744383306, 43.009863473800195], [55.82093836908724, 56.219861922310635], [58.4671065261848, 71.13876284503513], [46.30450288099281, 56.3194700805968], [43.58537316806853, 37.674793799379266], [87.52516949096774, 4.2584019514877], [57.265400635273835, 42.258432667802104], [5.393831134653382, 84.20045788551894], [86.82693493241548, 74.82109531349104], [93.58700395992616, 23.32243388763776], [92.87487002873739, 35.548450106506415], [35.677259943055574, 47.59444138010019], [40.02042782659786, 70.42133074395846], [16.161988044710306, 69.85670776663329]]","[[0.0, 54.91180447960662, 77.95866027694966, 57.04530930004751, 53.700582405916784, 61.428618858985644, 30.050501518480147, 27.68626086376971, 32.59777251473706, 52.57611981222392, 86.13419377575245, 55.08961093430406, 10.180842319324979, 88.40274733624652, 5.604788117937492, 49.00667399783724, 63.23908325182147, 25.015747761180588, 67.05529330458371, 29.063902430218086, 73.85864969479276, 48.30006235732763, 73.31653180642287, 72.62778858361527, 57.132256257637394, 92.97864934988677, 27.273252826924093, 39.968605457254576, 31.595606551806412, 94.46008146259311, 22.12039112558738, 82.06524702851212, 36.08639221736037, 21.065351137457508, 103.69508015544064, 95.75318934050634, 5.629571046973454, 67.48388601483694, 46.59036665552688, 75.27410046160196, 29.695453082197826, 19.96973953600772, 49.117664977297395, 57.32410994322374, 82.05563626600625, 80.99053703616075, 53.976378527207245, 39.54749633771739, 7.171520033440937, 53.9623033500355, 2.2667270836520346, 53.25701538684967, 44.699087626575945, 82.60361501979719, 100.99183773201867, 72.43655201878057, 57.20117575350682, 33.53699422843325, 27.167985092116655, 87.2803874410005, 50.51167074534727, 86.869889007925, 94.86977289060054, 79.29089354495815, 15.143528442079019, 12.1162866695256, 70.06092032775658, 48.01771702723865, 60.548649770942404, 41.3789440547295, 27.28809297857269, 70.99675031342349, 41.57932686554196, 61.11009504251384, 83.86248603003392, 74.05004567030892, 74.11456823170242, 27.9607649744817, 50.046197922706234, 45.231038711504844], [54.91180447960662, 0.0, 24.61566109673049, 18.044500827178698, 48.493032188579804, 17.25639227962324, 43.609507493959214, 53.19144883279027, 56.29657979877876, 61.61086191091164, 32.2079290490969, 17.832262087435947, 59.162231602864864, 34.121504002034236, 57.11296550203528, 23.196820670695768, 38.637962879880035, 42.84952077670943, 50.82966132679818, 52.284380563603044, 25.109498138905945, 32.00911916400286, 25.819177180436494, 18.185809337505976, 51.34963327396164, 43.03713379601445, 30.12893656298707, 20.780488158863108, 54.825406743819734, 40.699655627133296, 72.38049343061259, 33.46055463161952, 45.59233166856395, 67.37300077076274, 49.99707387231537, 40.850826951118535, 54.15679100128743, 60.78246678032697, 17.654778800660225, 67.30941157019403, 43.526910251220514, 68.24113122706535, 53.0459540324272, 49.09314461590552, 44.838494157817244, 58.20049177800061, 25.017081546674756, 55.24878484614319, 57.51332043158297, 39.19530626146454, 52.72081820167167, 45.58112913518192, 27.044189867671893, 30.380952865683557, 49.627277783032035, 18.742768597993557, 21.32538416235576, 56.323016864790844, 36.20523035766604, 38.50000831508676, 55.57904356884874, 32.128828093108325, 44.32567392100938, 52.42166100284719, 50.9694969254048, 57.43324039649481, 24.235087330588534, 10.134894558513022, 18.291030650840938, 19.5788996654922, 27.78192411652211, 54.62919769135252, 14.813915322675733, 67.35569957545724, 29.337453805150034, 41.67960259382587, 32.98863817724775, 30.86375378704007, 30.353740543601447, 51.983282766597576], [77.95866027694966, 24.61566109673049, 0.0, 36.57225608184203, 55.559271881217256, 19.28752669937369, 60.444688964159376, 70.44855918391136, 80.68316325941147, 70.95734308968214, 8.296560090160602, 37.52128881268152, 83.15333265751468, 10.922352608021773, 80.74496749532278, 34.463110392605635, 55.63148689148469, 67.46034401000199, 51.12848588820587, 69.12292007611275, 10.480991560413683, 53.862199435090325, 31.759247971852922, 7.347588917046136, 71.91559461658412, 19.68891607891689, 54.59225048947499, 45.1821183621734, 79.24171293813629, 16.501801739482516, 96.57158941027049, 13.430953475355206, 69.57902382049697, 91.78409311498422, 25.762860352699008, 20.59785775200926, 77.86218891558134, 63.21140311067723, 33.12433080289422, 67.55449292883162, 60.49193384829272, 92.53973783837542, 75.46425749918411, 69.3830736468163, 32.50012939511647, 71.59369826786138, 44.99113086232861, 68.78602965728291, 79.5476418377274, 45.44106618388245, 75.70917988638193, 66.62803151085286, 40.00128004379404, 25.83828597422655, 25.218794224568093, 18.655771677791417, 26.54212389058396, 80.65787306122418, 60.81931152862164, 16.824139888480797, 64.90647364931844, 11.294961632074033, 20.476768742938532, 64.91565889894494, 71.48320524947067, 81.63468162243544, 33.09950432868049, 29.950772750345614, 20.982728904474566, 37.767855702108065, 51.57406130692572, 71.3424197511681, 39.42112730765871, 74.23911107332673, 7.759043476426579, 53.771803702832024, 41.88903084158466, 51.377449184381035, 39.331488613611725, 63.12884468398602], [57.04530930004751, 18.044500827178698, 36.57225608184203, 0.0, 64.71609382418376, 35.12180053501797, 55.02114668370245, 63.481183068329116, 47.79566545335112, 76.44292155204147, 42.04535317705987, 1.969243751505135, 58.21062550139403, 42.901570144357834, 57.51806874945157, 39.91398197530298, 20.692139148827916, 37.695583077100274, 68.4830832954291, 63.0014984192634, 40.808308249041474, 17.79766685454252, 16.42933984974975, 29.228001360430863, 35.367176617263475, 56.25605706321685, 29.774847503824272, 17.086397136009893, 46.57382928562736, 49.967400235940985, 69.95985036541181, 48.32411927588117, 35.72329491308079, 63.959345959542965, 58.66630708180299, 45.833534846899724, 54.53412917077113, 77.86629547342365, 33.639370109418486, 84.71221000538581, 54.83884203472381, 65.45678948691771, 39.258624677001855, 32.867233238866135, 62.26556338301745, 40.21697417441955, 8.439722527850307, 68.17695846945115, 61.55756501858004, 56.079593405059626, 55.15740113135425, 30.063948609205966, 42.661298821051886, 27.200701967330865, 61.24034266790832, 20.71470408096719, 39.28925056628682, 47.5225428041306, 31.973038914617845, 52.81537173197604, 70.66081117356174, 39.47350479046919, 57.003395766430636, 34.6261680342614, 57.87114848872055, 55.686021810038916, 13.051731919209336, 25.815592685656128, 36.27619577115371, 33.5053862028676, 31.28068347939786, 36.76771924858296, 17.923967741725818, 82.99125593463204, 37.98849925157537, 24.286920315793054, 18.313798835949065, 40.151060499860996, 47.05971929117399, 66.40954697348265], [53.700582405916784, 48.493032188579804, 55.559271881217256, 64.71609382418376, 0.0, 37.45260719986, 23.654963854472452, 28.88064847155914, 78.21217682527974, 15.643240010131544, 62.66467869376497, 63.708719217933535, 63.50444308065978, 65.59520269941268, 59.09556088875668, 25.30185868724985, 83.22275664189357, 63.76380248042654, 14.354035328927257, 27.06769781499339, 45.83920236967406, 71.2328868120036, 74.11008884203994, 55.42054131271939, 89.42222833213015, 59.496619649161104, 51.640700824146705, 55.37340730079657, 76.70227738096092, 68.40401508222274, 75.64563570016057, 50.126761079841735, 73.64611864181484, 74.57325212336369, 75.63254165208137, 75.94341251154151, 57.646188063736055, 14.927033249923955, 31.164800187402278, 22.867616590571448, 24.013387816686777, 73.65689240525944, 86.28449899130317, 88.01784722679868, 38.16555554409188, 103.90132238766168, 68.90257520485274, 19.31422995092071, 49.911871120245884, 10.165038401799308, 51.94514634833714, 83.61173327375276, 22.076685569530042, 75.97288872670694, 68.05108476574145, 64.2743995770717, 30.027365484863513, 78.83865597767512, 59.36061206449249, 53.754010815916885, 10.007366065297413, 66.84018347746576, 61.86360309805365, 98.9661954883122, 39.186805748798314, 64.38100214651853, 72.7218872071785, 39.05564195246649, 35.58914903792017, 31.5970297689196, 45.272404375768616, 97.81532671942774, 49.31490541265483, 19.144043114759047, 63.31668020360445, 88.99377879243498, 81.39956392077627, 32.993211504070004, 18.20743878897305, 11.256193149296456], [61.428618858985644, 17.25639227962324, 19.28752669937369, 35.12180053501797, 37.45260719986, 0.0, 41.34739304824901, 51.32768334701484, 70.09787894580732, 52.436348450118615, 27.33424463142368, 35.05122240347238, 67.88123502760757, 30.124162150684057, 64.90216165219192, 15.201785977678112, 55.80100133051645, 55.56825238074733, 36.01952896583993, 49.954032076511325, 12.479806269448863, 48.88242834907434, 39.09564130005566, 17.978173937060184, 68.36860873679875, 31.55321027042107, 41.567071222176466, 35.75400057160538, 68.55110408565433, 34.764760754985716, 81.53577204197715, 20.66910080097138, 60.52101875846763, 77.48170759983691, 43.533947979956615, 39.81691959644179, 62.19050609101785, 47.23308543173165, 14.943375479358474, 52.843715806780466, 41.415053671060505, 77.85090602540967, 69.36082721812514, 66.18080723871661, 27.74712316175902, 74.97338768363129, 42.27084670450843, 49.543301479805216, 62.094916271091435, 27.31182239300978, 59.16246655254414, 62.528813605540066, 20.756236661848806, 38.87747677364977, 39.62434482976846, 27.581318640555875, 7.502407376309702, 70.28444858038816, 49.03948718085514, 25.92317351213433, 46.31437589966796, 30.39221929446573, 33.44881266895537, 68.9461958034136, 53.28790355189959, 66.8630365036955, 38.63186408547864, 15.183826894825081, 1.8637210964755244, 20.080149014297614, 37.036623866039584, 71.83841870651324, 28.633674862003517, 56.52023957341912, 26.85405986341416, 57.93667179198452, 47.95771433171631, 33.77796926688411, 20.267932257916755, 44.13267322698824], [30.050501518480147, 43.609507493959214, 60.444688964159376, 55.02114668370245, 23.654963854472452, 41.34739304824901, 0.0, 10.007137102175099, 56.23098623077599, 25.589679000234113, 68.6261631146267, 53.47547891506854, 39.8685420527116, 71.35936165354573, 35.443328545652285, 26.24627432398552, 69.86312695414347, 42.69065964586165, 37.16063898121637, 8.792136768015217, 53.245099624736575, 55.87004535237041, 68.41665907177017, 57.37358638328812, 71.84902954944802, 70.97685074550056, 33.0258481013763, 41.00738332049918, 54.797340776242926, 76.08725346098431, 52.05014848962308, 60.22266580422328, 53.60289573125018, 50.93359023453822, 84.69800295781702, 80.62507104753631, 34.05628648296167, 37.74302948619583, 27.74126666127197, 45.652193793021816, 0.3728041284379818, 50.002148879854325, 66.97495658814739, 70.93551321333648, 55.20661331295575, 90.34177829544234, 56.48879642160641, 13.965721569308718, 26.6503615617295, 24.94982670557603, 28.29328546875113, 66.43131421095408, 20.71734655213232, 73.96746208364857, 79.54520986307837, 62.18856094607043, 34.83891625469329, 56.95321462032955, 39.58127071701086, 64.99909147276344, 21.81311196933663, 71.16893932737857, 73.16604009154281, 86.49916144614916, 15.884896041524312, 40.85192886714742, 66.0533282338489, 33.677456288573765, 39.8433965733092, 24.18125805565806, 27.344424020420277, 82.54316490187556, 37.22367066269093, 33.95132826836033, 67.71097028518692, 77.99365391260646, 73.24159209640455, 15.249345357759786, 23.788060061771812, 16.31808682302406], [27.68626086376971, 53.19144883279027, 70.44855918391136, 63.481183068329116, 28.88064847155914, 51.32768334701484, 10.007137102175099, 0.0, 57.824493444994, 24.919898075224516, 78.62283024671001, 61.82872266613037, 37.86390804519856, 81.36147919717996, 33.287597990909866, 36.18775406833595, 76.8812439623707, 45.81408459112667, 43.177894229504076, 1.8217105477649267, 63.14190902345122, 62.35368308444849, 77.52995658660218, 67.34935525905674, 76.82119353061508, 80.6362056197475, 38.71862838246846, 48.41247087917953, 56.52871440716848, 86.04557518116758, 48.41794783499702, 69.96118085494692, 57.27952858717651, 48.58467496825669, 94.60578978223687, 90.62778463219023, 32.72862578824299, 41.03135812072355, 37.710871790978416, 48.5174577865085, 9.978147398130217, 47.18959182551187, 70.89122638895435, 76.2078195501183, 63.764330943917365, 96.99635241507238, 64.11678454194873, 11.937078080858182, 22.29371518999014, 32.85128120540916, 26.526772101658246, 71.73770625324187, 30.6384469569748, 83.57157492993736, 89.24005186129678, 71.86745216903108, 44.72026417690855, 58.651511636786864, 44.037453534092904, 74.6514175701837, 23.45428014942846, 81.17300331595196, 82.85491008668505, 93.61378049831492, 12.651275867148406, 39.606420057094844, 75.01181133753124, 43.401384606329934, 49.80324918817011, 33.9688090043094, 33.895201754786214, 88.55396853307025, 45.55786275175699, 33.43149333514012, 77.71713322421982, 85.70651966122541, 81.79013189242626, 23.348910459767783, 33.218164531828634, 18.61703371961444], [32.59777251473706, 56.29657979877876, 80.68316325941147, 47.79566545335112, 78.21217682527974, 70.09787894580732, 56.23098623077599, 57.824493444994, 0.0, 81.49656443248098, 87.68868607647505, 46.06999263918205, 24.902953979558593, 89.12443541843618, 28.201123223505373, 63.51348761514155, 42.554979343034, 15.07268946186929, 89.21180103423576, 58.75802356908196, 80.81736783806522, 31.297133897674172, 62.99381212638241, 73.72848372535003, 29.05826782537684, 99.30284144792249, 29.15856591250303, 35.5322876359788, 1.5799657129497462, 96.07014797347857, 28.921310704287222, 89.37705663902003, 12.239002022090087, 22.23399380981937, 105.1851222207735, 93.38161917904513, 26.985385526304473, 93.06174516925745, 58.245579035896796, 101.03693417425244, 55.86352843173052, 24.71909597324922, 19.284319982441186, 30.34290850912844, 96.34338294567864, 54.96151992697698, 40.69198179412748, 68.78425200441659, 39.76058604723292, 74.82194044004748, 32.67034138559816, 27.65067952637025, 61.595300155266166, 74.70142890718023, 105.85683481468412, 68.09562485823065, 69.2516906084538, 0.987893813824238, 21.18470792152113, 94.55217323819642, 78.04270279330743, 86.22944411790256, 100.62198848688136, 55.40842765338317, 45.54444651242101, 21.678248715936917, 59.44821503066892, 54.94558279422492, 70.08242790598625, 53.723967973160605, 35.00748299402233, 44.0271578417156, 41.907076193918, 90.00981642528264, 84.14906937939395, 54.154031888432336, 59.29925070330357, 45.60764686373671, 67.84463871154634, 72.54818901751464], [52.57611981222392, 61.61086191091164, 70.95734308968214, 76.44292155204147, 15.643240010131544, 52.436348450118615, 25.589679000234113, 24.919898075224516, 81.49656443248098, 0.0, 78.20547009406418, 75.19329530387779, 62.75692960293572, 81.13313699297723, 58.18080356792054, 38.959246454657276, 93.46251686856667, 68.25449653281512, 26.814149304197556, 23.515440739021056, 61.39443607109017, 80.23881673701413, 87.43002742431874, 70.3901071639463, 97.0772867974717, 75.02449235117248, 58.26524054168137, 64.71923135655294, 80.10430091197439, 84.04059505750578, 73.16877728515492, 65.76362896666821, 79.18668867434987, 73.50440652934167, 91.26010694900155, 91.43096486975604, 57.48759068475833, 19.05151839676651, 43.95613992136704, 25.230626788755966, 25.938776365203804, 72.08820597230313, 92.5197872779439, 96.02299249271283, 52.90442593896865, 114.1672648558212, 79.47118877410243, 13.034444124269678, 47.124778565171965, 25.554303724093046, 51.32156941206496, 91.52654494892455, 34.56991537687543, 90.34392611158009, 83.53652536224996, 78.49776416544496, 44.93712506689535, 82.25656837857856, 65.11286864148033, 69.32830929132642, 6.1427060217334075, 82.2517387959994, 77.39605226995829, 109.77554825185263, 37.457822816294474, 64.39055324077077, 85.70286251117733, 51.66496991718299, 50.58602540678494, 42.988864375101144, 52.26819868118522, 107.0606940090634, 59.652299080154506, 8.57436379057739, 78.7146904721296, 100.43269796292964, 93.94230428593251, 39.62625066353147, 32.39483691950373, 10.16195382078234], [86.13419377575245, 32.2079290490969, 8.296560090160602, 42.04535317705987, 62.66467869376497, 27.33424463142368, 68.6261631146267, 78.62283024671001, 87.68868607647505, 78.20547009406418, 0.0, 43.248059006609836, 91.1372640303825, 2.931523770405456, 88.82355918091059, 42.53558831342734, 59.773109189224215, 74.86755285024552, 57.01987824690071, 77.27225710707586, 16.82769803444671, 59.73345360180346, 34.17839401462802, 14.07295730125761, 76.9866602421614, 16.41323241550915, 62.32932233957179, 52.36773787197187, 86.28349943531724, 8.492112185929336, 104.4850787711679, 15.43119011414732, 76.29808884381374, 99.56989279844547, 17.791433801136716, 13.409125173501218, 85.92141238371896, 69.26649153203451, 41.40457161579886, 73.00744935539623, 68.6811662939885, 100.39778886327272, 81.28955453621168, 74.38234969084994, 35.54164066187936, 74.07752210372885, 50.46191820417276, 76.62802171111449, 87.8131021689552, 52.65327804885442, 83.88987327167949, 71.96642370884321, 48.09037905822406, 25.526183336235096, 19.351214573293984, 22.12795562107986, 34.38857074209906, 87.61076772912013, 68.26119076825033, 16.25018856650846, 72.22284298499056, 5.852056235909477, 16.239679539289924, 67.26975520802704, 79.77971197224129, 89.53686348310258, 36.23875221181189, 38.16452987370676, 28.952051312132596, 46.06440437272221, 59.5720162390035, 74.98895535234428, 46.992445902768324, 81.02194044840445, 4.451440652369901, 56.391866755158695, 44.185701256069535, 59.667505160679504, 47.075903557661285, 70.72636259631491], [55.08961093430406, 17.832262087435947, 37.52128881268152, 1.969243751505135, 63.708719217933535, 35.05122240347238, 53.47547891506854, 61.82872266613037, 46.06999263918205, 75.19329530387779, 43.248059006609836, 0.0, 56.24510080961903, 44.20259549393176, 55.54914735744265, 39.094725738264, 20.82343492990964, 35.780200169782155, 67.84861500288262, 61.379922665541024, 41.302947460396894, 16.485999869807504, 18.397017001436215, 30.17546409793462, 34.59641234312441, 57.174031890301514, 27.82199553659664, 15.140017762044241, 44.82828158520927, 51.265973572715076, 68.01978517389566, 48.98769772064083, 34.050740101981894, 62.037130078376016, 60.04891470493702, 47.42975522949938, 52.56552145439047, 77.02912024419336, 32.74102845198937, 83.96468854454596, 53.285920773346106, 63.52113454790089, 38.05708073040915, 32.15403896352874, 62.41315430900912, 40.77028147003975, 7.5844325701021145, 66.72733234468295, 59.63275002644267, 55.23157284167669, 53.2074798153131, 29.1517386938637, 41.63365626405139, 29.083359144140875, 62.35778433991436, 22.218008609261826, 38.88369367892092, 45.81652999910313, 30.02157851469469, 53.57637124902913, 69.45629452553156, 40.86569222903266, 57.98908679423005, 35.38132580687811, 56.04658067360873, 53.72671393569841, 15.02005332653057, 24.99457605770265, 36.12317434670066, 32.34199214631741, 29.423632217511134, 36.79769461066267, 16.28846254085118, 81.84987926326292, 39.26318500416848, 25.319480688334835, 20.027989511184543, 38.52481367674984, 46.202071857386144, 65.12778571156304], [10.180842319324979, 59.162231602864864, 83.15333265751468, 58.21062550139403, 63.50444308065978, 67.88123502760757, 39.8685420527116, 37.86390804519856, 24.902953979558593, 62.75692960293572, 91.1372640303825, 56.24510080961903, 0.0, 93.21012139359219, 4.576579741407224, 56.65482171174595, 60.972244346779135, 21.966934713247134, 76.58575367285091, 39.244134616869495, 80.10651971615849, 46.62865685889495, 74.63784169077717, 77.27836787059627, 52.034232009197915, 99.31673547273111, 29.459720945044253, 41.622393234341075, 24.226264333907242, 99.584483738166, 13.668656940971871, 88.52440215869179, 31.263933914219333, 11.069736604853844, 108.88475597072308, 99.79589197649854, 6.053115390378953, 77.48421822147682, 53.41999288317711, 85.31294019638366, 39.50565814703402, 10.436533076951067, 43.11615623343111, 52.660258447651174, 90.17184091148205, 77.07482329402029, 53.763802009338846, 49.72782141343603, 16.447818520838176, 63.141498309515754, 11.615401440673654, 48.98682545902895, 52.827710837069404, 84.84381528996028, 107.03872629247749, 75.53058494388293, 64.42868331886096, 25.88738756018874, 26.410137150357855, 93.79387866588367, 60.63643750101526, 91.27995435470152, 101.0827316411564, 76.19539155660567, 25.316303136361043, 3.335363722325605, 71.2160176003381, 53.58956301683081, 67.20676030158612, 48.19728387234867, 31.579349800519136, 66.57723931941582, 44.84639266974914, 71.29031910821061, 88.48495851726973, 72.29727759123237, 74.0438162781338, 35.593322306104795, 58.51187936346179, 55.322313512572165], [88.40274733624652, 34.121504002034236, 10.922352608021773, 42.901570144357834, 65.59520269941268, 30.124162150684057, 71.35936165354573, 81.36147919717996, 89.12443541843618, 81.13313699297723, 2.931523770405456, 44.20259549393176, 93.21012139359219, 0.0, 90.98492376956393, 45.32353570498584, 59.9909105013388, 76.54956002283235, 59.89879884267245, 80.02681111125996, 19.75901654189024, 60.671519075669835, 33.95359933152158, 15.941736562556237, 77.5278595711145, 17.63863064120808, 64.24014577363876, 53.96860749742327, 87.74083998065096, 7.0659095697399055, 106.49204017073862, 18.034416401289672, 77.59874612237898, 101.48049232257657, 16.067088955794905, 10.507782079816636, 88.06547228623907, 72.15414204836362, 44.02831033441659, 75.83226205182467, 71.40873792870738, 102.36261104312946, 82.15196799512927, 74.89963989578644, 38.07140586474789, 73.62071500748085, 51.26495524786548, 79.49171666014493, 90.22100707001057, 55.580232455536105, 86.16578213648303, 72.63410052100868, 50.872641482052714, 24.50836006503081, 19.252328070692844, 22.541842669164872, 37.239454890985954, 89.0179770690327, 69.9737223999944, 18.31615248381188, 75.14731017884309, 4.300130842956302, 17.082803205773295, 66.7880380859416, 82.32152924975331, 91.54269511154581, 36.247797742994585, 40.52173184677466, 31.768174474016334, 48.61282838897553, 61.68271403241316, 74.96242880707547, 48.829676940272925, 83.9499946814685, 4.980123184495488, 56.05214048396689, 43.808616532920134, 62.15456849595482, 49.95230794778818, 73.62842684760751], [5.604788117937492, 57.11296550203528, 80.74496749532278, 57.51806874945157, 59.09556088875668, 64.90216165219192, 35.443328545652285, 33.287597990909866, 28.201123223505373, 58.18080356792054, 88.82355918091059, 55.54914735744265, 4.576579741407224, 90.98492376956393, 0.0, 53.14553399388572, 61.84451436587758, 22.880991246092435, 72.29782228190547, 34.66866109867155, 77.23504524788981, 47.166691002265914, 73.92441318159132, 75.09845379619347, 54.193349198085215, 96.42643608161777, 28.094066502016233, 40.62309308121051, 27.351896988472465, 97.22692123454662, 17.20950384387087, 85.571076562265, 33.17831206428556, 15.523522903166079, 106.50702908417023, 97.91550721384078, 3.010851092357667, 72.99246678514265, 50.24762091247339, 80.80459347809825, 35.08330057118024, 14.596391675063462, 45.672587506752244, 54.6171963693399, 86.50046354122327, 78.74381629986013, 53.67228406404296, 45.15227340112358, 12.080889756738294, 58.99681272859535, 7.150421864779075, 50.745129300451524, 49.10989378325295, 83.74128533371905, 104.28231973171235, 74.03156565208803, 61.11182787107812, 29.168992871852627, 26.32110924518317, 90.82204698623256, 56.088186566662586, 89.22714208200412, 98.24870944969649, 77.48578144051747, 20.744656695556866, 6.838859990829416, 70.56859539776006, 50.951641629152924, 64.13822264132769, 45.013291193062315, 29.33879517596861, 68.4583373923844, 43.16035384068539, 66.71374201507405, 86.33496806380265, 72.96542995104168, 73.95376286261939, 32.02080394146512, 54.662466034635834, 50.78859411331722], [49.00667399783724, 23.196820670695768, 34.463110392605635, 39.91398197530298, 25.30185868724985, 15.201785977678112, 26.24627432398552, 36.18775406833595, 63.51348761514155, 38.959246454657276, 42.53558831342734, 39.094725738264, 56.65482171174595, 45.32353570498584, 53.14553399388572, 0.0, 59.339103055112034, 48.45173754044658, 29.140990032316807, 34.781886196291126, 27.018078652411468, 48.93480212605449, 48.83770427528903, 32.2772881797468, 68.14565804912407, 45.18099639253087, 34.41278552521663, 33.47238719750774, 61.933527751910056, 49.858491556856976, 70.24988174908908, 34.287391736881126, 55.89985142667652, 67.00808823010492, 58.455688522160315, 54.91237310007433, 50.695653870168776, 37.9523581587937, 6.519486706573976, 44.89811585397065, 26.33416350851227, 66.98325613982173, 66.91358591530424, 66.36578025121673, 33.67872768061487, 79.76876676124635, 44.98045373952045, 34.61657220000085, 48.63707581358162, 16.171831507229278, 46.77917694728252, 62.19683108279806, 5.55976277881035, 51.4161000582256, 53.63328878174897, 39.54710537422824, 8.701305033362994, 63.89451080286696, 42.53605240064354, 39.257293975409546, 32.83900844150361, 45.45814694588067, 47.28952963298589, 74.47445421966928, 39.1205074668019, 56.192620594688876, 47.42058531056299, 14.104937176999162, 13.622904820800889, 9.834129171701674, 28.55114217731239, 74.63805967991219, 26.49399815521001, 44.25343953933374, 41.94079825997583, 64.1678655197463, 56.1466183897203, 21.12595354880056, 7.187808581419352, 29.864468428551437], [63.23908325182147, 38.637962879880035, 55.63148689148469, 20.692139148827916, 83.22275664189357, 55.80100133051645, 69.86312695414347, 76.8812439623707, 42.554979343034, 93.46251686856667, 59.773109189224215, 20.82343492990964, 60.972244346779135, 59.9909105013388, 61.84451436587758, 59.339103055112034, 0.0, 39.057522794707076, 88.35279227112967, 76.80419048973451, 61.07240235261564, 15.055506264669061, 26.71450035592015, 48.46218958868714, 18.95523566710406, 75.15566256503769, 38.621737366776834, 28.89168106468255, 41.896187237722685, 66.88195618137343, 69.9148873454775, 68.16274153001295, 31.098613625897293, 63.266684373614275, 74.73975874944458, 60.24265855251257, 59.17753518794867, 97.04997180673223, 52.860090344398884, 104.20605676775553, 69.61036911860393, 65.37201550200683, 26.87309700675301, 16.288854534021375, 82.9097877132277, 20.730484826075852, 14.373969950781811, 83.69896308414397, 69.24663064114777, 75.30646256927594, 61.865798933734574, 16.0823456173817, 61.26769334410287, 38.58259794189428, 79.09829357738306, 37.65740290555479, 59.67511372244512, 41.89695333682764, 36.109168451485374, 72.3306085785389, 88.02942213920593, 56.03191552649549, 75.59480789049395, 16.736769332084336, 68.60532910967231, 57.84720156321796, 23.882296973558464, 45.371762165012775, 56.92009867218589, 51.630684223210665, 42.98743814593804, 16.098088405965104, 33.9874058748965, 100.6652633305073, 55.40688783018676, 11.62882473356944, 19.00279064419533, 54.63157713591584, 66.3040757520219, 83.30102406355695], [25.015747761180588, 42.84952077670943, 67.46034401000199, 37.695583077100274, 63.76380248042654, 55.56825238074733, 42.69065964586165, 45.81408459112667, 15.07268946186929, 68.25449653281512, 74.86755285024552, 35.780200169782155, 21.966934713247134, 76.54956002283235, 22.880991246092435, 48.45173754044658, 39.057522794707076, 0.0, 74.34118229975626, 46.46586136724604, 66.70126621253604, 24.681228170052375, 53.927072404126804, 60.797480698869855, 32.32693156341479, 85.50320345822661, 14.184411120289646, 22.64391138270199, 13.493864951373283, 83.34024551387608, 32.40305646813312, 75.29470311324704, 11.610246343445102, 26.271119715411064, 92.5841377559412, 81.79804508003731, 20.36306234804565, 78.67546981661127, 43.26727089653639, 86.63076621943642, 42.33512503464923, 27.855475415797475, 25.20676961769849, 32.36496556609064, 81.41986243199902, 56.02457006138903, 32.28224045529989, 55.93940505364062, 31.731377311628183, 59.91978269864601, 24.088977365598122, 28.246930781963083, 46.5477229905712, 64.8459777989618, 92.424491700043, 56.7227260782472, 54.346203564373674, 15.50359441949454, 6.656407879898284, 80.52734144804022, 64.3445242614781, 74.00550642392753, 86.95136890958484, 54.60799638370365, 34.46394320290561, 18.94323963196141, 50.417624443720854, 40.384966628693, 55.439574915599565, 38.676718342766215, 19.93480116209463, 45.98246120859019, 28.0873079720422, 76.64144663512849, 71.62388131517098, 50.33408248626484, 52.42859201666964, 30.878460475007312, 52.800332313164354, 58.881156924404785], [67.05529330458371, 50.82966132679818, 51.12848588820587, 68.4830832954291, 14.354035328927257, 36.01952896583993, 37.16063898121637, 43.177894229504076, 89.21180103423576, 26.814149304197556, 57.01987824690071, 67.84861500288262, 76.58575367285091, 59.89879884267245, 72.29782228190547, 29.140990032316807, 88.35279227112967, 74.34118229975626, 0.0, 41.35947541513258, 40.70026990569777, 78.00487747873625, 74.99143711118083, 52.88238065191805, 97.05541282806307, 50.48447108540996, 61.17503845396805, 62.37324920201484, 87.65941883450103, 61.34906041294738, 89.14377716064766, 42.683628965381374, 83.28572050010814, 87.63130530965954, 67.4191217240491, 70.40428051168293, 70.61382208919068, 12.29690370841007, 35.66026282977583, 16.8286185435287, 37.4974841071528, 86.89374290578112, 95.15606563914946, 95.35969376191973, 26.739538158272488, 108.61839655364606, 74.03070139522596, 33.51245833233723, 63.75282304778604, 14.441219408449793, 65.17595825441502, 91.12327688280841, 28.58056817945325, 74.53172065295261, 58.63954135382454, 63.548634850046156, 29.742323351465362, 89.75006336217245, 69.23426754767154, 45.24601078045315, 22.78812014292887, 61.97637738606767, 52.84373513811655, 103.10162675786528, 52.97986303335821, 77.174068819659, 74.25796615707057, 42.981034300114814, 34.292098542799145, 38.05519541744262, 54.83693017351435, 103.76321412019949, 55.556081170530824, 25.94303039206382, 58.626845354794895, 92.49233587990176, 83.43917481533241, 43.63541217736955, 22.61795613641906, 25.450218196238886], [29.063902430218086, 52.284380563603044, 69.12292007611275, 63.0014984192634, 27.06769781499339, 49.954032076511325, 8.792136768015217, 1.8217105477649267, 58.75802356908196, 23.515440739021056, 77.27225710707586, 61.379922665541024, 39.244134616869495, 80.02681111125996, 34.66866109867155, 34.781886196291126, 76.80419048973451, 46.46586136724604, 41.35947541513258, 0.0, 61.683897732438666, 62.38563550880736, 76.83579593638423, 66.15245117696692, 77.1915383924821, 79.06318480889777, 38.860873430099815, 48.201275079165875, 57.43807831445083, 84.63414838222508, 50.004036125501194, 68.42009472806676, 57.86420116179027, 50.03373685966607, 93.14789004141177, 89.36635732850927, 34.00047200960413, 39.32343711243697, 36.52700381155069, 46.85184177293597, 8.81804242530045, 48.688102891232575, 71.45524506262205, 76.5171731935717, 62.0094416566906, 97.02058849492398, 63.87299732460502, 10.483704182029394, 23.87113366874958, 31.0719152930188, 27.81866250934727, 72.03495894524413, 29.223993907080775, 82.66121225441192, 87.6772648952438, 70.91395671556194, 43.262334123660985, 59.5703068858656, 44.44312822896172, 73.07779842617464, 21.803124407731246, 79.90630292995829, 81.29145537172614, 93.52479614198501, 13.9441026095938, 40.89637329564867, 74.37421422508054, 42.41382943420735, 48.40461243805209, 32.93819916781203, 33.83315925190315, 88.71869094063503, 45.092861942244426, 32.06299162902721, 76.43753225505537, 85.45784019193421, 81.29467729641296, 22.855163723755723, 31.61705879284721, 16.882102792052375], [73.85864969479276, 25.109498138905945, 10.480991560413683, 40.808308249041474, 45.83920236967406, 12.479806269448863, 53.245099624736575, 63.14190902345122, 80.81736783806522, 61.39443607109017, 16.82769803444671, 41.302947460396894, 80.10651971615849, 19.75901654189024, 77.23504524788981, 27.018078652411468, 61.07240235261564, 66.70126621253604, 40.70026990569777, 61.683897732438666, 0.0, 56.81267752828477, 39.6727237031765, 14.269927708141648, 75.80701165601272, 19.210362772402803, 52.99583257798151, 45.591407952358516, 79.30372359093549, 23.126912366728757, 93.73416413498381, 8.595685716007484, 70.5352812117005, 89.49277760102184, 31.464738421768047, 30.163885722570594, 74.48643082307036, 52.83586367247111, 27.423086293511947, 57.07811251254517, 53.341573059946995, 89.9615780948484, 78.08803994625414, 73.41861736935051, 23.126652249336342, 78.58602696258555, 48.87653405961399, 60.25785904828843, 74.57309665306371, 35.8501106475341, 71.59195887970814, 70.19354033068694, 32.52783544055915, 35.58486888179985, 27.151052096128783, 26.58014836686152, 18.422605428411554, 80.92014883016995, 60.075749281104756, 13.85443146018023, 55.431985241064694, 21.34006131138712, 21.019659340666813, 72.11001751258475, 65.68792938180002, 78.96885776198391, 40.32807462350357, 26.72696256609742, 13.623715150423369, 32.5492370095344, 48.930319810072724, 77.11240957221862, 38.91284574734066, 64.23550239809714, 17.93852167284132, 60.89096925822742, 49.563179214681185, 46.257565441617174, 30.702927213135638, 54.09031940711582], [48.30006235732763, 32.00911916400286, 53.862199435090325, 17.79766685454252, 71.2328868120036, 48.88242834907434, 55.87004535237041, 62.35368308444849, 31.297133897674172, 80.23881673701413, 59.73345360180346, 16.485999869807504, 46.62865685889495, 60.671519075669835, 47.166691002265914, 48.93480212605449, 15.055506264669061, 24.681228170052375, 78.00487747873625, 62.38563550880736, 56.81267752828477, 0.0, 31.804775274519272, 46.5343870293509, 19.546243916777147, 73.44138269933126, 23.771632641265825, 15.862567568056637, 30.276397895625763, 67.73677764693312, 56.55752052552018, 64.83450923041822, 19.06728584741724, 50.084428910082735, 76.46383311870407, 63.46383794044777, 44.420480341307474, 85.60536198680025, 42.45072433847819, 93.09237692361359, 55.59401426343046, 51.9791165909386, 21.606407323238788, 17.528623631684255, 76.62923404813299, 34.642752939362644, 9.71588845207096, 69.81530399080327, 54.214689991667164, 64.22549233394996, 46.87368077081656, 13.65506333687108, 49.843463451820966, 43.70519676154098, 78.81296283148222, 38.49064550954035, 51.11224800257523, 30.868684848379896, 21.133260140779047, 69.59923869142227, 75.08099553804183, 57.27110508449357, 74.33794430075807, 31.611406375140383, 53.659413501694225, 43.62380890145324, 28.279617707577334, 35.8486462477841, 49.593780711761156, 40.12890866042842, 28.609521838499845, 26.823343498577977, 22.45071281276312, 87.80363376414115, 55.740767116539274, 25.807479618650532, 28.303592040787912, 40.80184706461996, 55.44892344728387, 70.10882232998257], [73.31653180642287, 25.819177180436494, 31.759247971852922, 16.42933984974975, 74.11008884203994, 39.09564130005566, 68.41665907177017, 77.52995658660218, 62.99381212638241, 87.43002742431874, 34.17839401462802, 18.397017001436215, 74.63784169077717, 33.95359933152158, 73.92441318159132, 48.83770427528903, 26.71450035592015, 53.927072404126804, 74.99143711118083, 76.83579593638423, 39.6727237031765, 31.804775274519272, 0.0, 25.52042980887291, 45.24602378957975, 50.29392919504787, 46.056660325411556, 33.37138364920893, 61.89188799796228, 40.625762173098764, 86.2807607026947, 45.11871864076254, 50.761121652063856, 80.1924218732276, 48.137455699789726, 33.5290854804347, 70.93499443275657, 85.72699233209339, 43.473950629613334, 91.76732929215989, 68.28666970411835, 81.75760606581983, 51.578102713023384, 42.5563922677206, 62.766810294071654, 40.00004220661764, 22.30805435779826, 80.72886429867708, 77.57743229317343, 64.53179421647506, 71.38216183534671, 41.1426294391373, 52.86264330805916, 12.141879342078557, 53.20547774746815, 13.196828201207813, 45.355686108008044, 62.612198090701014, 48.36028455782897, 48.464521043957774, 81.39513061572082, 29.81133460092774, 50.37673180302046, 33.24690702989011, 73.1720851168042, 72.09511985363402, 3.55181722879421, 35.83882464724294, 40.74960426172, 45.0177290383317, 46.972402141249916, 41.069609463231515, 32.81368713405946, 93.08579348191748, 29.727883793199606, 22.2352431037003, 10.141788328782555, 54.314873203987, 55.90523472509785, 77.77284093456278], [72.62778858361527, 18.185809337505976, 7.347588917046136, 29.228001360430863, 55.42054131271939, 17.978173937060184, 57.37358638328812, 67.34935525905674, 73.72848372535003, 70.3901071639463, 14.07295730125761, 30.17546409793462, 77.27836787059627, 15.941736562556237, 75.09845379619347, 32.2772881797468, 48.46218958868714, 60.797480698869855, 52.88238065191805, 66.15245117696692, 14.269927708141648, 46.5343870293509, 25.52042980887291, 0.0, 64.57917237351279, 27.028352618459422, 48.31285639020321, 38.32823261123899, 72.30807106386044, 22.557596663065606, 90.55030391733996, 19.888930922133977, 62.475834324331515, 85.55660279848063, 31.836790387014812, 23.542843374527017, 72.16795728428627, 64.5876639897173, 29.638544099797482, 69.62640017714398, 57.37875000034495, 86.42432796254649, 68.13954946054237, 62.05291472819602, 37.390817690417144, 64.93990256263007, 37.64420800173705, 66.8881097193686, 74.698749465011, 45.26848035308686, 70.40264670801398, 59.281111840565565, 37.616488397244126, 21.79658815192398, 32.39610277964759, 12.35167642600872, 25.460383448286983, 73.67341772083233, 54.18864950712263, 23.86854097259968, 64.26025186403811, 14.307069084721226, 27.815741859761957, 58.345080912186916, 67.22206852862655, 75.60096727873292, 26.453454425676185, 25.056459224395585, 19.83911024651263, 33.74526542021566, 45.77478753099511, 64.2726952700511, 32.93544052888537, 74.45671544062401, 11.241302076559839, 47.14464771994801, 35.528148589551186, 46.934487175914235, 38.095706001121556, 61.89893905238265], [57.132256257637394, 51.34963327396164, 71.91559461658412, 35.367176617263475, 89.42222833213015, 68.36860873