instance_id,num_cities,city_coordinates,distance_matrix,best_route,total_distance
1362,40,"[[22.221244433826037, 38.64219784766332], [69.0617206271701, 82.52069541557661], [78.533000489289, 23.931882358838187], [22.446104568685698, 0.8675430305004173], [62.68681520481112, 56.941049826552835], [57.51896976112572, 0.7171866982692565], [31.451952425655726, 80.27780248576994], [1.5515111514665114, 78.5966154332533], [88.34327149084406, 87.29693686225225], [74.00582488703752, 95.9734633822835], [66.11178336671797, 18.572521294844957], [99.13600671895225, 70.87396778076508], [77.88705970900702, 76.5753886121757], [44.83127576436423, 44.055330742624356], [46.73296672508792, 78.51811618667995], [87.7396075293424, 21.028460040638475], [80.2801568545675, 12.595373466598247], [91.93023941088599, 25.074226072515525], [97.20888364274786, 75.3447739407895], [62.69256755709001, 11.986505987713613], [81.78773948863198, 67.46059629228964], [51.356334041527454, 33.11019173305439], [93.09216245357047, 4.485812738502403], [50.01134687217588, 33.365713157925214], [55.403836882748614, 78.33366566364344], [46.00529964915041, 87.44666691007914], [70.40090821965896, 91.50414958520781], [95.43585610290305, 12.603019437229745], [41.639644003220944, 97.91300834389921], [29.302943847409747, 20.50417922755671], [18.942777650872124, 98.7213430299075], [40.71779730261513, 16.191880389395607], [69.62275813688716, 50.088192044326185], [77.41247863172977, 71.6568416632861], [92.84800898639423, 14.761129435175702], [45.17550553703623, 29.7934094906381], [30.83115081009241, 48.28427603218282], [75.02099763723815, 19.332700658328584], [41.70686188129571, 74.68260803112354], [41.26303754070618, 44.8200648620101]]","[[0.0, 64.1821841232955, 58.20143685366142, 37.775324070563016, 44.41070143070149, 51.809611887787355, 42.646565437455266, 44.98436793562385, 82.09388583022968, 77.25617632601461, 48.261489044106895, 83.39524956733374, 67.36178406060412, 23.24898975238339, 46.80719381744506, 67.84467305728973, 63.6339089779763, 71.01713764157898, 83.48787412552284, 48.46084918653644, 66.1715000738797, 29.655632485260902, 78.67239455289668, 28.286588415979374, 51.73487275540822, 54.29141260779555, 71.52388373136895, 77.70725946875322, 62.370691985237606, 19.47147108072952, 60.16853023197514, 29.088472321607235, 48.76386248536441, 64.3120442729066, 74.5549817227918, 24.60079588512887, 12.92672269078513, 56.2198418714083, 40.97072678756379, 20.018889219239465], [64.1821841232955, 0.0, 59.3494242400381, 94.02261937923504, 26.362050140383346, 82.61385559346658, 37.67658733041275, 67.62415831018563, 19.864306835764197, 14.332520116800605, 64.01617844901409, 32.25072012420565, 10.641112859845215, 45.46095838928914, 22.68466202753185, 64.26630898485716, 70.81951680897335, 61.830946874072886, 29.047489303515018, 70.82116907447781, 19.71695061781899, 52.486937311178636, 81.65111786617956, 52.71744512924537, 14.28527236421155, 23.576762786275776, 9.082723832955635, 74.7266782100303, 31.44667842003581, 73.6668759424597, 52.67228330142081, 72.13105913686272, 32.437355595262076, 13.702498954638672, 71.81327381313615, 57.88538634528026, 51.319673427780835, 63.4683831834775, 28.455648136232345, 46.841267334244584], [58.20143685366142, 59.3494242400381, 0.0, 60.64407343394155, 36.61566229063233, 31.313121563603787, 73.42675126764577, 94.41600893262927, 64.11997777093023, 72.18368732124492, 13.528096163921152, 51.26444430069465, 52.64746898129878, 39.25250850951454, 63.17356306962703, 9.653573138883914, 11.47035262006223, 13.445852887880765, 54.69985404349018, 19.8396404233372, 43.65022637574855, 28.68470955372763, 24.292361366922044, 30.041336331800967, 59.1143995645824, 71.35950657435987, 68.05984295304893, 20.348210314208927, 82.6699870256768, 49.34924138949692, 95.62665990926173, 38.599186811854004, 27.63231722352812, 47.738111712178956, 17.000652265694374, 33.86856905460275, 53.55843108641461, 5.786763892463184, 62.70407196537316, 42.72430580447801], [37.775324070563016, 94.02261937923504, 60.64407343394155, 0.0, 69.01849720841011, 35.07318747752637, 79.91930056235549, 80.48846333893634, 108.68521852805405, 108.18290458878597, 47.11855006506289, 103.83756833695561, 93.8369724015535, 48.64443336012169, 81.36008348623588, 68.33523325169058, 59.011182080551244, 73.57994630784704, 105.5288162491248, 41.754150935216934, 89.19677335924032, 43.30577055692086, 70.73865541805509, 42.61424227744957, 84.18558234697068, 89.72725541659476, 102.54100468084086, 73.92716168986662, 98.92529653187373, 20.7993684045885, 97.91649234841411, 23.847223545988754, 68.17850783961411, 89.62380865908455, 71.75973724049125, 36.78765307613102, 48.15242017825652, 55.723257508784116, 76.28656889191882, 47.81109852139822], [44.41070143070149, 26.362050140383346, 36.61566229063233, 69.01849720841011, 0.0, 56.46086619595722, 38.99000740587444, 64.857450793575, 39.7458630159324, 40.64048828658339, 38.521090179258394, 39.02140136839459, 24.83051937708819, 22.01958321629347, 26.83458727134247, 43.78762962741251, 47.708119667692706, 43.25126952434254, 39.12122531959504, 44.954544206872725, 21.80610387806711, 26.387299991927673, 60.6303310174142, 26.766845097821612, 22.598358028692534, 34.76874508636288, 35.41348748666898, 55.12132634969369, 46.06174986185608, 49.41789560326818, 60.490773855842754, 46.29397971016487, 9.750331488746417, 20.818253835155218, 51.85405764791334, 32.30542279693753, 33.01095403886172, 39.579287303278534, 27.4758317250462, 24.614965486704886], [51.809611887787355, 82.61385559346658, 31.313121563603787, 35.07318747752637, 56.46086619595722, 0.0, 83.72204594522279, 95.90391985373368, 91.9031594428746, 96.67251232715678, 19.815383398161252, 81.57175796197077, 78.5450564054542, 45.15719553033302, 78.545034793767, 36.412014114934685, 25.674169096700414, 42.1592320374446, 84.52553484936107, 12.40014803951345, 71.01870111683186, 32.97400270206945, 35.772259930914736, 33.500607180013, 77.64529344445525, 87.49038425597476, 91.69633018111355, 39.73617105049007, 98.48441872649076, 34.46257668424647, 105.32301389536562, 22.841749950798434, 50.83303907819794, 73.676226435265, 38.01806597103631, 31.587779930264908, 54.542347474816715, 25.55109273149351, 75.63667303993505, 47.00339556543381], [42.646565437455266, 37.67658733041275, 73.42675126764577, 79.91930056235549, 38.99000740587444, 83.72204594522279, 0.0, 29.94766732646781, 57.32268689072571, 45.3562105167296, 70.77319837137598, 68.33420309579212, 46.582475856353184, 38.61442414674457, 15.381999021279913, 81.72383188062122, 83.45720307850493, 81.88441881995554, 65.94170739156651, 75.09778432933851, 51.94200837333379, 51.19538955443097, 97.69309700350045, 50.44992812011932, 24.03065619222821, 16.22320968679523, 40.534578160383944, 93.13332481151011, 20.366382725908647, 59.81224185134833, 22.285502941359177, 64.75230723477299, 48.66644621554678, 46.762067262280226, 89.78814069145136, 52.31643953947744, 31.999548896543292, 74.9170683983704, 11.682010483160857, 36.79006045836509], [44.98436793562385, 67.62415831018563, 94.41600893262927, 80.48846333893634, 64.857450793575, 95.90391985373368, 29.94766732646781, 0.0, 87.22674621797977, 74.50894190321232, 88.15282539796371, 97.88959629054114, 76.36230307843569, 55.37362524728638, 45.181523766721696, 103.64593804173064, 102.73443237486325, 105.03790118177535, 95.7126291825058, 90.41645568557976, 81.00532859066534, 67.45024183903536, 117.77988757370115, 66.28868831647236, 53.852967692128594, 45.32618142905136, 70.04886804608265, 114.75811491762447, 44.49922955084014, 64.38068934851813, 26.59813548527195, 73.6773298021022, 73.79989749499971, 76.17773196295545, 111.40026835485506, 65.45842800151506, 42.14421927743672, 94.39267471013056, 40.34565213476566, 52.13310557270714], [82.09388583022968, 19.864306835764197, 64.11997777093023, 108.68521852805405, 39.7458630159324, 91.9031594428746, 57.32268689072571, 87.22674621797977, 0.0, 16.758415425385817, 72.23077155406034, 19.65189678263986, 14.976113037278642, 61.34435810982327, 42.5262878129865, 66.27122626325227, 75.1354602793691, 62.32601444728059, 14.881306304527621, 79.55890654606667, 20.89151519252664, 65.60668326913279, 82.94717743247789, 66.1658018557731, 34.13717303586819, 42.338236604224164, 18.42902706741111, 75.02990108466955, 47.894987151121605, 89.14613149593903, 70.33452638296176, 85.58104257171557, 41.65271073004996, 19.081268573173745, 72.67555310420244, 71.9034886331721, 69.49555187376654, 69.25763772619739, 48.31227580159539, 63.41003929761179], [77.25617632601461, 14.332520116800605, 72.18368732124492, 108.18290458878597, 40.64048828658339, 96.67251232715678, 45.3562105167296, 74.50894190321232, 16.758415425385817, 0.0, 77.80245322319563, 35.51775215798065, 19.78255010179328, 59.55373047341801, 32.380517877898214, 76.19298072358934, 83.61383330302985, 73.1299288057191, 31.047137769761527, 84.74549429799148, 29.555740297921215, 66.81908677919519, 93.45736194662348, 67.04823161994143, 25.63584251134039, 29.270047346663954, 5.741967432463792, 86.08064336137551, 32.42424246859227, 87.71522344536328, 55.13157002562151, 86.44763597295373, 46.09413628536976, 24.554090933305627, 83.36948534548242, 72.1871653891753, 64.3297059822555, 76.64748584671455, 38.68492642916999, 60.73516529475312], [48.261489044106895, 64.01617844901409, 13.528096163921152, 47.11855006506289, 38.521090179258394, 19.815383398161252, 70.77319837137598, 88.15282539796371, 72.23077155406034, 77.80245322319563, 0.0, 61.85499682756294, 59.186060436298234, 33.19990333066755, 63.000102232979835, 21.766819086225954, 15.377551932993482, 26.624515723682567, 64.73112324123856, 7.420689616105648, 51.33984298078782, 20.713936046977018, 30.436429055025524, 21.864642252108467, 60.71288573418271, 71.74899735685017, 73.0576416063903, 29.92551076030523, 83.02890153559522, 36.859489539699204, 92.99864905330793, 25.505332370791564, 31.710636175051285, 54.273849895248404, 27.00652640185676, 23.75365364031633, 46.12495423485368, 8.941586636761219, 61.18776042855573, 36.14406884173351], [83.39524956733374, 32.25072012420565, 51.26444430069465, 103.83756833695561, 39.02140136839459, 81.57175796197077, 68.33420309579212, 97.88959629054114, 19.65189678263986, 35.51775215798065, 61.85499682756294, 0.0, 22.000544278001467, 60.566022625179244, 52.9576397269572, 51.13171771376316, 61.25306220380707, 46.363125682382226, 4.868460852400031, 69.2521293129132, 17.68087896041769, 60.901559114225485, 66.66269709079957, 61.80696861934964, 44.36383404403162, 55.65542552319457, 35.37386446302478, 58.3883082083769, 63.53692973471215, 86.10326514665823, 84.89069617238464, 80.01760976740299, 36.09820376185357, 21.737630139283294, 56.46405531559791, 67.81849273783723, 71.94336323821726, 56.903742228411545, 57.55529877727317, 63.46720742876693], [67.36178406060412, 10.641112859845215, 52.64746898129878, 93.8369724015535, 24.83051937708819, 78.5450564054542, 46.582475856353184, 76.36230307843569, 14.976113037278642, 19.78255010179328, 59.186060436298234, 22.000544278001467, 0.0, 46.370669782027875, 31.214607158819355, 56.41395192931846, 64.0247549934899, 53.38146344074656, 19.360973441330668, 66.35206364862519, 9.914370468054392, 50.92251706449551, 73.67565472473814, 51.42111841474405, 22.55187014074232, 33.68428886505895, 16.70060981854839, 66.3356938060498, 42.0614926169258, 74.1916224105316, 62.96722706631775, 70.90643224084658, 27.746536045042486, 4.9413896109637845, 63.59899874118996, 57.08414269193994, 54.9057885228578, 57.3143929216802, 36.22967475951633, 48.47390624100788], [23.24898975238339, 45.46095838928914, 39.25250850951454, 48.64443336012169, 22.01958321629347, 45.15719553033302, 38.61442414674457, 55.37362524728638, 61.34435810982327, 59.55373047341801, 33.19990333066755, 60.566022625179244, 46.370669782027875, 0.0, 34.515214168147764, 48.696629341047924, 47.395696875948126, 50.779865213231965, 61.01182723630655, 36.70742793585611, 43.74456156430725, 12.742545014995493, 62.40881299229248, 11.878596751683009, 35.87176178499642, 43.40721583422644, 53.89987489275986, 59.58247592783538, 53.95216353309292, 28.20967617341221, 60.486256570940775, 28.16544994567133, 25.51495666687848, 42.70103260329706, 56.24728348602203, 14.266074860810559, 14.624892375580178, 39.02086294594737, 30.786231926290185, 3.6492659938852143], [46.80719381744506, 22.68466202753185, 63.17356306962703, 81.36008348623588, 26.83458727134247, 78.545034793767, 15.381999021279913, 45.181523766721696, 42.5262878129865, 32.380517877898214, 63.000102232979835, 52.9576397269572, 31.214607158819355, 34.515214168147764, 0.0, 70.61589873278702, 73.96770899062331, 69.99316287159246, 50.57557008762296, 68.41903254492892, 36.75739163377277, 45.642689760014, 87.34962497020119, 45.271263243474, 8.672831791661777, 8.95815368218897, 26.996453804492894, 81.95591139897768, 20.052525480329194, 60.57575900484871, 34.357895506849275, 62.6158281254807, 36.49935804388438, 31.43739077778486, 78.68640595676966, 48.74959208001225, 34.160691443266884, 65.59821723301924, 6.322408774520299, 34.13910936685716], [67.84467305728973, 64.26630898485716, 9.653573138883914, 68.33523325169058, 43.78762962741251, 36.412014114934685, 81.72383188062122, 103.64593804173064, 66.27122626325227, 76.19298072358934, 21.766819086225954, 51.13171771376316, 56.41395192931846, 48.696629341047924, 70.61589873278702, 0.0, 11.258790056425124, 5.824913591745357, 55.13555246673103, 26.629140888635764, 46.81204983832611, 38.33680777499171, 17.387036089562475, 39.69419940866801, 65.79884995046643, 78.44189351354586, 72.57722308365163, 11.411410581851957, 89.64619570793933, 58.439015500316835, 103.77469763151049, 47.26989676021272, 34.244536148633365, 51.67090687220759, 8.085493081103943, 43.45718717625993, 63.09874762252951, 12.831158851414157, 70.694987576791, 52.21218265773721], [63.6339089779763, 70.81951680897335, 11.47035262006223, 59.011182080551244, 47.708119667692706, 25.674169096700414, 83.45720307850493, 102.73443237486325, 75.1354602793691, 83.61383330302985, 15.377551932993482, 61.25306220380707, 64.0247549934899, 47.395696875948126, 73.96770899062331, 11.258790056425124, 0.0, 17.071795041214763, 64.99283845578132, 17.598125380380377, 54.88593154089033, 35.46047510434481, 15.162864593194714, 36.7097789239222, 70.2876543663566, 82.32546365866285, 79.52480431995535, 15.155701177011432, 93.65995971850253, 51.58706673713579, 105.73531444507078, 39.72549754708788, 38.97809118376676, 59.13104602438645, 12.75309398235937, 39.0910346142133, 60.982800568048056, 8.546948774951746, 73.09393805894862, 50.6040150094992], [71.01713764157898, 61.830946874072886, 13.445852887880765, 73.57994630784704, 43.25126952434254, 42.1592320374446, 81.88441881995554, 105.03790118177535, 62.32601444728059, 73.1299288057191, 26.624515723682567, 46.363125682382226, 53.38146344074656, 50.779865213231965, 69.99316287159246, 5.824913591745357, 17.071795041214763, 0.0, 50.546929361762345, 32.03326197015192, 43.58296324345874, 41.36204227330924, 20.621174282016298, 42.731046204831465, 64.58131298764778, 77.45593242711894, 69.83156048266206, 12.954549136552174, 88.51345767303127, 62.793817193734355, 103.68735414844599, 51.97701695487567, 33.51599937982918, 48.79247332651122, 10.353852579829335, 46.99229545093959, 65.35904717005806, 17.857423426727372, 70.59305356074987, 54.378888319404446], [83.48787412552284, 29.047489303515018, 54.69985404349018, 105.5288162491248, 39.12122531959504, 84.52553484936107, 65.94170739156651, 95.7126291825058, 14.881306304527621, 31.047137769761527, 64.73112324123856, 4.868460852400031, 19.360973441330668, 61.01182723630655, 50.57557008762296, 55.13555246673103, 64.99283845578132, 50.546929361762345, 0.0, 72.15016420035928, 17.319698156005117, 62.33952389290691, 70.97844585517952, 63.165251692848564, 41.91175739976396, 52.61428349060293, 31.3016448050635, 62.76680161392652, 59.97720898965602, 87.28520772724976, 81.6826011431433, 81.79430084908647, 37.40172789481599, 20.136993217551463, 60.740391909758166, 69.15489310498909, 71.6817547432057, 60.24661516461539, 55.50597160036596, 63.73143306420663], [48.46084918653644, 70.82116907447781, 19.8396404233372, 41.754150935216934, 44.954544206872725, 12.40014803951345, 75.09778432933851, 90.41645568557976, 79.55890654606667, 84.74549429799148, 7.420689616105648, 69.2521293129132, 66.35206364862519, 36.70742793585611, 68.41903254492892, 26.629140888635764, 17.598125380380377, 32.03326197015192, 72.15016420035928, 0.0, 58.66856301474755, 23.973324545988127, 31.311272236830035, 24.8572697069956, 66.74631968810276, 77.28325042763569, 79.89038840228731, 32.74909210387069, 88.46801341350796, 34.458928144891296, 97.14409953040963, 22.3735491506215, 38.72681269907161, 61.4591306616096, 30.282819932618626, 24.978656372528828, 48.297805201965694, 14.351193831165176, 66.11505920853989, 39.208001033908744], [66.1715000738797, 19.71695061781899, 43.65022637574855, 89.19677335924032, 21.80610387806711, 71.01870111683186, 51.94200837333379, 81.00532859066534, 20.89151519252664, 29.555740297921215, 51.33984298078782, 17.68087896041769, 9.914370468054392, 43.74456156430725, 36.75739163377277, 46.81204983832611, 54.88593154089033, 43.58296324345874, 17.319698156005117, 58.66856301474755, 0.0, 45.891401491665, 63.981351519146415, 46.606868417231524, 28.536537180797037, 40.985680665390774, 26.60361594403021, 56.52985782332682, 50.390663528740106, 70.42413561456046, 70.19062269978077, 65.69034465958012, 21.2081871135408, 6.0622918751533215, 53.8475938959874, 52.528779126083755, 54.44543312778447, 48.60126678839608, 40.726333045464884, 46.420309471326206], [29.655632485260902, 52.486937311178636, 28.68470955372763, 43.30577055692086, 26.387299991927673, 32.97400270206945, 51.19538955443097, 67.45024183903536, 65.60668326913279, 66.81908677919519, 20.713936046977018, 60.901559114225485, 50.92251706449551, 12.742545014995493, 45.642689760014, 38.33680777499171, 35.46047510434481, 41.36204227330924, 62.33952389290691, 23.973324545988127, 45.891401491665, 0.0, 50.60864003372592, 1.3690440768245484, 45.40423849818826, 54.59932329005396, 61.42108855487196, 48.616338619130254, 65.52723941994894, 25.402038704457777, 73.18102084822775, 19.985187581460444, 24.93821853703834, 46.52705548118602, 45.36790910921418, 7.014533872292532, 25.52520285915546, 27.38312552307177, 42.677606655376685, 15.459487797133834], [78.67239455289668, 81.65111786617956, 24.292361366922044, 70.73865541805509, 60.6303310174142, 35.772259930914736, 97.69309700350045, 117.77988757370115, 82.94717743247789, 93.45736194662348, 30.436429055025524, 66.66269709079957, 73.67565472473814, 62.40881299229248, 87.34962497020119, 17.387036089562475, 15.162864593194714, 20.621174282016298, 70.97844585517952, 31.311272236830035, 63.981351519146415, 50.60864003372592, 0.0, 51.86526120047896, 82.90907830862388, 95.39222176697584, 89.92821562932679, 8.448783611371871, 106.65834488483605, 65.76969268106868, 119.91024324852718, 53.66662039678754, 51.28732725861408, 68.97680488082223, 10.278216972435796, 54.189302112368615, 76.12318278788126, 23.387968674575554, 86.99447789519273, 65.67427261565959], [28.286588415979374, 52.71744512924537, 30.041336331800967, 42.61424227744957, 26.766845097821612, 33.500607180013, 50.44992812011932, 66.28868831647236, 66.1658018557731, 67.04823161994143, 21.864642252108467, 61.80696861934964, 51.42111841474405, 11.878596751683009, 45.271263243474, 39.69419940866801, 36.7097789239222, 42.731046204831465, 63.165251692848564, 24.8572697069956, 46.606868417231524, 1.3690440768245484, 51.86526120047896, 0.0, 45.29012807522912, 54.22912476793003, 61.61016151700916, 49.944724339932286, 65.08793071492848, 24.3773872857237, 72.36445501364939, 19.527175821487962, 25.773023724424938, 47.08537505339098, 46.702357077395, 6.012213811064786, 24.299041940231707, 28.677658049502845, 42.14321146906908, 14.413018043420058], [51.73487275540822, 14.28527236421155, 59.1143995645824, 84.18558234697068, 22.598358028692534, 77.64529344445525, 24.03065619222821, 53.852967692128594, 34.13717303586819, 25.63584251134039, 60.71288573418271, 44.36383404403162, 22.55187014074232, 35.87176178499642, 8.672831791661777, 65.79884995046643, 70.2876543663566, 64.58131298764778, 41.91175739976396, 66.74631968810276, 28.536537180797037, 45.40423849818826, 82.90907830862388, 45.29012807522912, 0.0, 13.09119146024801, 19.959303480145877, 76.96155154481208, 23.933317058354557, 63.44687635103671, 41.77398985853855, 63.85359219041614, 31.622531549686848, 22.999136730902404, 73.78030487228469, 49.60620154233406, 38.817299211159, 62.17673895940405, 14.175237071259433, 36.374766593383754], [54.29141260779555, 23.576762786275776, 71.35950657435987, 89.72725541659476, 34.76874508636288, 87.49038425597476, 16.22320968679523, 45.32618142905136, 42.338236604224164, 29.270047346663954, 71.74899735685017, 55.65542552319457, 33.68428886505895, 43.40721583422644, 8.95815368218897, 78.44189351354586, 82.32546365866285, 77.45593242711894, 52.61428349060293, 77.28325042763569, 40.985680665390774, 54.59932329005396, 95.39222176697584, 54.22912476793003, 13.09119146024801, 0.0, 24.730727510213676, 89.6936535010576, 11.340337394810367, 68.99467621818809, 29.31720345657689, 71.45069826931575, 44.19773738230346, 35.15294401565874, 86.47211559843498, 57.659228657178836, 41.9993768080316, 74.03663369090016, 13.468398802736917, 42.889582092503886], [71.52388373136895, 9.082723832955635, 68.05984295304893, 102.54100468084086, 35.41348748666898, 91.69633018111355, 40.534578160383944, 70.04886804608265, 18.42902706741111, 5.741967432463792, 73.0576416063903, 35.37386446302478, 16.70060981854839, 53.89987489275986, 26.996453804492894, 72.57722308365163, 79.52480431995535, 69.83156048266206, 31.3016448050635, 79.89038840228731, 26.60361594403021, 61.42108855487196, 89.92821562932679, 61.61016151700916, 19.959303480145877, 24.730727510213676, 0.0, 82.77763559165555, 29.466655560423092, 82.03681165385453, 51.96178483128279, 80.95075642102432, 41.42326709205139, 21.049412138846137, 79.95851095774734, 66.66735620616738, 58.597979243241966, 72.3191763395544, 33.26127711805309, 55.031075531431135], [77.70725946875322, 74.7266782100303, 20.348210314208927, 73.92716168986662, 55.12132634969369, 39.73617105049007, 93.13332481151011, 114.75811491762447, 75.02990108466955, 86.08064336137551, 29.92551076030523, 58.3883082083769, 66.3356938060498, 59.58247592783538, 81.95591139897768, 11.411410581851957, 15.155701177011432, 12.954549136552174, 62.76680161392652, 32.74909210387069, 56.52985782332682, 48.616338619130254, 8.448783611371871, 49.944724339932286, 76.96155154481208, 89.6936535010576, 82.77763559165555, 0.0, 100.85547403849753, 66.60323122360548, 115.18488055939336, 54.83562602729859, 45.51323095526121, 61.74298385221647, 3.3696277927476306, 53.118851165966966, 73.80325208394137, 21.49546592913817, 82.10164517263111, 63.028821081113854], [62.370691985237606, 31.44667842003581, 82.6699870256768, 98.92529653187373, 46.06174986185608, 98.48441872649076, 20.366382725908647, 44.49922955084014, 47.894987151121605, 32.42424246859227, 83.02890153559522, 63.53692973471215, 42.0614926169258, 53.95216353309292, 20.052525480329194, 89.64619570793933, 93.65995971850253, 88.51345767303127, 59.97720898965602, 88.46801341350796, 50.390663528740106, 65.52723941994894, 106.65834488483605, 65.08793071492848, 23.933317058354557, 11.340337394810367, 29.466655560423092, 100.85547403849753, 0.0, 78.38571933648059, 22.71125595780621, 81.72632718711742, 55.40999666762033, 44.37433927529263, 97.65516683873365, 68.21130452289802, 50.79207217641262, 85.37669193871513, 23.230497561071328, 53.094279164507725], [19.47147108072952, 73.6668759424597, 49.34924138949692, 20.7993684045885, 49.41789560326818, 34.46257668424647, 59.81224185134833, 64.38068934851813, 89.14613149593903, 87.71522344536328, 36.859489539699204, 86.10326514665823, 74.1916224105316, 28.20967617341221, 60.57575900484871, 58.439015500316835, 51.58706673713579, 62.793817193734355, 87.28520772724976, 34.458928144891296, 70.42413561456046, 25.402038704457777, 65.76969268106868, 24.3773872857237, 63.44687635103671, 68.99467621818809, 82.03681165385453, 66.60323122360548, 78.38571933648059, 0.0, 78.90030264139457, 12.202245722547136, 50.00901157472248, 70.22194964131499, 63.80405883982263, 18.39097641430562, 27.822099040065066, 45.73306029961043, 55.58020628078418, 27.098083610105085], [60.16853023197514, 52.67228330142081, 95.62665990926173, 97.91649234841411, 60.490773855842754, 105.32301389536562, 22.285502941359177, 26.59813548527195, 70.33452638296176, 55.13157002562151, 92.99864905330793, 84.89069617238464, 62.96722706631775, 60.486256570940775, 34.357895506849275, 103.77469763151049, 105.73531444507078, 103.68735414844599, 81.6826011431433, 97.14409953040963, 70.19062269978077, 73.18102084822775, 119.91024324852718, 72.36445501364939, 41.77398985853855, 29.31720345657689, 51.96178483128279, 115.18488055939336, 22.71125595780621, 78.90030264139457, 0.0, 85.35375612452825, 70.23990174287842, 64.42975374013746, 111.85392566034517, 73.75104090345756, 51.819215969617275, 97.19734201325528, 33.106861995537734, 58.33988163925933], [29.088472321607235, 72.13105913686272, 38.599186811854004, 23.847223545988754, 46.29397971016487, 22.841749950798434, 64.75230723477299, 73.6773298021022, 85.58104257171557, 86.44763597295373, 25.505332370791564, 80.01760976740299, 70.90643224084658, 28.16544994567133, 62.6158281254807, 47.26989676021272, 39.72549754708788, 51.97701695487567, 81.79430084908647, 22.3735491506215, 65.69034465958012, 19.985187581460444, 53.66662039678754, 19.527175821487962, 63.85359219041614, 71.45069826931575, 80.95075642102432, 54.83562602729859, 81.72632718711742, 12.202245722547136, 85.35375612452825, 0.0, 44.54724126855649, 66.50459808884982, 52.149841979517255, 14.313376841094211, 33.580762900227555, 34.44668786921351, 58.4990894698336, 28.63337620881057], [48.76386248536441, 32.437355595262076, 27.63231722352812, 68.17850783961411, 9.750331488746417, 50.83303907819794, 48.66644621554678, 73.79989749499971, 41.65271073004996, 46.09413628536976, 31.710636175051285, 36.09820376185357, 27.746536045042486, 25.51495666687848, 36.49935804388438, 34.244536148633365, 38.97809118376676, 33.51599937982918, 37.40172789481599, 38.72681269907161, 21.2081871135408, 24.93821853703834, 51.28732725861408, 25.773023724424938, 31.622531549686848, 44.19773738230346, 41.42326709205139, 45.51323095526121, 55.40999666762033, 50.00901157472248, 70.23990174287842, 44.54724126855649, 0.0, 22.932212971565367, 42.277814863275125, 31.773359258699735, 38.83352819375421, 31.22565035507383, 37.20460403612136, 28.844876777384737], [64.3120442729066, 13.702498954638672, 47.738111712178956, 89.62380865908455, 20.818253835155218, 73.676226435265, 46.762067262280226, 76.17773196295545, 19.081268573173745, 24.554090933305627, 54.273849895248404, 21.737630139283294, 4.9413896109637845, 42.70103260329706, 31.43739077778486, 51.67090687220759, 59.13104602438645, 48.79247332651122, 20.136993217551463, 61.4591306616096, 6.0622918751533215, 46.52705548118602, 68.97680488082223, 47.08537505339098, 22.999136730902404, 35.15294401565874, 21.049412138846137, 61.74298385221647, 44.37433927529263, 70.22194964131499, 64.42975374013746, 66.50459808884982, 22.932212971565367, 0.0, 58.952333857733905, 52.83719700724003, 52.11618679265663, 52.37876395309163, 35.83359219561463, 45.02215765903374], [74.5549817227918, 71.81327381313615, 17.000652265694374, 71.75973724049125, 51.85405764791334, 38.01806597103631, 89.78814069145136, 111.40026835485506, 72.67555310420244, 83.36948534548242, 27.00652640185676, 56.46405531559791, 63.59899874118996, 56.24728348602203, 78.68640595676966, 8.085493081103943, 12.75309398235937, 10.353852579829335, 60.740391909758166, 30.282819932618626, 53.8475938959874, 45.36790910921418, 10.278216972435796, 46.702357077395, 73.78030487228469, 86.47211559843498, 79.95851095774734, 3.3696277927476306, 97.65516683873365, 63.80405883982263, 111.85392566034517, 52.149841979517255, 42.277814863275125, 58.952333857733905, 0.0, 49.986368429751955, 70.4974613431148, 18.403847344816224, 78.77817289294009, 59.703843076028626], [24.60079588512887, 57.88538634528026, 33.86856905460275, 36.78765307613102, 32.30542279693753, 31.587779930264908, 52.31643953947744, 65.45842800151506, 71.9034886331721, 72.1871653891753, 23.75365364031633, 67.81849273783723, 57.08414269193994, 14.266074860810559, 48.74959208001225, 43.45718717625993, 39.0910346142133, 46.99229545093959, 69.15489310498909, 24.978656372528828, 52.528779126083755, 7.014533872292532, 54.189302112368615, 6.012213811064786, 49.60620154233406, 57.659228657178836, 66.66735620616738, 53.118851165966966, 68.21130452289802, 18.39097641430562, 73.75104090345756, 14.313376841094211, 31.773359258699735, 52.83719700724003, 49.986368429751955, 0.0, 23.402407098194264, 31.62561980384849, 45.023012276141955, 15.527645586897256], [12.92672269078513, 51.319673427780835, 53.55843108641461, 48.15242017825652, 33.01095403886172, 54.542347474816715, 31.999548896543292, 42.14421927743672, 69.49555187376654, 64.3297059822555, 46.12495423485368, 71.94336323821726, 54.9057885228578, 14.624892375580178, 34.160691443266884, 63.09874762252951, 60.982800568048056, 65.35904717005806, 71.6817547432057, 48.297805201965694, 54.44543312778447, 25.52520285915546, 76.12318278788126, 24.299041940231707, 38.817299211159, 41.9993768080316, 58.597979243241966, 73.80325208394137, 50.79207217641262, 27.822099040065066, 51.819215969617275, 33.580762900227555, 38.83352819375421, 52.11618679265663, 70.4974613431148, 23.402407098194264, 0.0, 52.82931268940157, 28.550884813444775, 10.992043476620035], [56.2198418714083, 63.4683831834775, 5.786763892463184, 55.723257508784116, 39.579287303278534, 25.55109273149351, 74.9170683983704, 94.39267471013056, 69.25763772619739, 76.64748584671455, 8.941586636761219, 56.903742228411545, 57.3143929216802, 39.02086294594737, 65.59821723301924, 12.831158851414157, 8.546948774951746, 17.857423426727372, 60.24661516461539, 14.351193831165176, 48.60126678839608, 27.38312552307177, 23.387968674575554, 28.677658049502845, 62.17673895940405, 74.03663369090016, 72.3191763395544, 21.49546592913817, 85.37669193871513, 45.73306029961043, 97.19734201325528, 34.44668786921351, 31.22565035507383, 52.37876395309163, 18.403847344816224, 31.62561980384849, 52.82931268940157, 0.0, 64.60219723308445, 42.299002398758184], [40.97072678756379, 28.455648136232345, 62.70407196537316, 76.28656889191882, 27.4758317250462, 75.63667303993505, 11.682010483160857, 40.34565213476566, 48.31227580159539, 38.68492642916999, 61.18776042855573, 57.55529877727317, 36.22967475951633, 30.786231926290185, 6.322408774520299, 70.694987576791, 73.09393805894862, 70.59305356074987, 55.50597160036596, 66.11505920853989, 40.726333045464884, 42.677606655376685, 86.99447789519273, 42.14321146906908, 14.175237071259433, 13.468398802736917, 33.26127711805309, 82.10164517263111, 23.230497561071328, 55.58020628078418, 33.106861995537734, 58.4990894698336, 37.20460403612136, 35.83359219561463, 78.77817289294009, 45.023012276141955, 28.550884813444775, 64.60219723308445, 0.0, 29.865841099364058], [20.018889219239465, 46.841267334244584, 42.72430580447801, 47.81109852139822, 24.614965486704886, 47.00339556543381, 36.79006045836509, 52.13310557270714, 63.41003929761179, 60.73516529475312, 36.14406884173351, 63.46720742876693, 48.47390624100788, 3.6492659938852143, 34.13910936685716, 52.21218265773721, 50.6040150094992, 54.378888319404446, 63.73143306420663, 39.208001033908744, 46.420309471326206, 15.459487797133834, 65.67427261565959, 14.413018043420058, 36.374766593383754, 42.889582092503886, 55.031075531431135, 63.028821081113854, 53.094279164507725, 27.098083610105085, 58.33988163925933, 28.63337620881057, 28.844876777384737, 45.02215765903374, 59.703843076028626, 15.527645586897256, 10.992043476620035, 42.299002398758184, 29.865841099364058, 0.0]]",Route_2,1930.088776778437
