instance_id,num_cities,city_coordinates,distance_matrix,best_route,total_distance
1231,42,"[[30.563270782446416, 6.30355958202069], [83.83924774824251, 37.904850609093245], [24.94105699536746, 21.978013325018363], [1.8897227173200415, 34.49539279313814], [40.30899245414019, 27.826661051962375], [66.45424365385942, 36.53975542681912], [39.07820047713506, 70.86615261623277], [30.363267559632632, 77.95903477235551], [70.54714975631742, 48.7615461220987], [80.37778428574417, 74.42516288230001], [0.8205098248217024, 1.0158631702913312], [77.97070173108239, 81.86773170078166], [79.51772351777345, 25.660410433459912], [20.41806559174222, 43.24815942400798], [33.068948606465774, 11.83561818274873], [32.141580001440914, 1.6066077805713341], [32.85294530255681, 86.34061387228957], [52.02089750535921, 28.010722064704872], [22.86763171069497, 61.20492965134458], [71.40074177515598, 16.803742191618987], [38.67376650431861, 95.50917922158236], [66.97322664525997, 92.7830122999799], [85.94617597607595, 95.45726572877652], [41.89914722860505, 48.83088094455176], [63.916776758756185, 40.96567468238106], [87.11458149727423, 17.79347247733658], [71.0078597858718, 83.85345108962409], [92.79300444281196, 87.47218197772611], [13.03727776840521, 70.54119162845542], [96.32501536388799, 98.61141749429851], [51.083283519924635, 95.01271381237942], [39.72617036713909, 61.9592355399452], [7.655464963067526, 55.57569596855766], [24.452280729446052, 34.11825038555377], [91.01149068889909, 18.772356681304824], [53.41806961826082, 72.73379945866239], [92.65356123949842, 73.5238984783629], [12.072224210499183, 95.82291363427944], [9.5692255620331, 10.733949888255111], [73.0701720157383, 83.9081848071886], [52.52529263278179, 25.06041619454351], [60.65196641829749, 18.02228668009628]]","[[0.0, 61.94329113179064, 16.652260747688118, 40.21133942616905, 23.626743063476344, 46.92962255144942, 65.12167417232745, 71.65575431214037, 58.32144715998232, 84.39217138912151, 30.209130452977632, 89.20430828801611, 52.64243647002133, 38.31225190257104, 6.073062960292068, 4.95503947672482, 80.06979873130373, 30.522625175916847, 55.438103288365845, 42.16577844550371, 89.57356036315993, 93.83166111888765, 104.9554643998522, 44.012215998226736, 48.103207628414566, 57.70674866865179, 87.46285184292275, 102.2784679835235, 66.58553748421168, 113.33731813814914, 91.0515511510476, 56.40490222607125, 54.33701309008317, 28.47808322068073, 61.720808411442384, 70.25182275139699, 91.50835005823336, 91.40915464689287, 21.45642777776243, 88.48341374967174, 28.881656353771497, 32.29021786650029], [61.94329113179064, 0.0, 61.013613397629996, 82.02041852729457, 44.6816856297878, 17.43851634223465, 55.587757490405885, 66.81330800160343, 17.162392213472216, 36.68398748547857, 90.84551855021641, 44.352843722104915, 12.984678928999164, 63.64587414137335, 57.07213115211546, 63.16811919708416, 70.32514628474891, 33.32118232943832, 65.27198208730363, 24.494350517793126, 73.19958586556945, 57.41145616005008, 57.59096832547261, 43.339937361383605, 20.156227185030005, 20.37634269259443, 47.706586580474514, 50.3695354153024, 77.96184777285545, 61.97726725130595, 65.83510638080634, 50.245169224840076, 78.20631390864058, 59.50756416578088, 20.432655057448088, 46.24395913826994, 36.69344210394357, 92.2225985973961, 79.08409474427637, 47.24700783620124, 33.845875382426705, 30.544498094823364], [16.652260747688118, 61.013613397629996, 0.0, 26.230684336234738, 16.44323935539745, 43.99305626553072, 50.8911484364547, 56.24300071733771, 52.889255298336835, 76.31470519730432, 31.956416177597973, 79.99325964057456, 54.7007548134591, 21.745725242208664, 12.997338237643005, 21.606519743293234, 64.84706875251213, 27.743672013352523, 39.28167584108038, 46.7469292210648, 74.80253784842633, 82.34106609293839, 95.50301081989822, 31.759302948125505, 43.35479229446376, 62.31418402815782, 77.14091079252833, 94.30468121954549, 50.000822461392346, 104.72988182429557, 77.57244022808486, 42.627429047685936, 37.783541005616364, 12.150072350571643, 66.14815524992926, 58.19871196142264, 85.09971508326709, 74.95782920369031, 19.045266188341987, 78.43314256393847, 27.75592302825571, 35.92933098600723], [40.21133942616905, 82.02041852729457, 26.230684336234738, 0.0, 38.99374655180379, 64.5968790449107, 52.017449458825745, 51.9598973246173, 70.12392900016842, 88.06112847415744, 33.496598632944234, 89.62395807636027, 78.12914578805416, 20.491715725302743, 38.543605337851105, 44.68609457920501, 60.387482987859364, 50.54884410236433, 33.962803549091895, 71.72709579695155, 71.24428406307156, 87.36881063235629, 103.83562628627197, 42.50012082645806, 62.36361103067642, 86.84601715852328, 84.93253081491457, 105.21381478100882, 37.730194768820574, 114.1441593806829, 77.98943882209602, 46.75317560528744, 21.854586832333382, 22.565709836966136, 90.4980850126343, 64.16655108903473, 98.79928460926067, 62.16709860673262, 24.9716025289522, 86.65033396905346, 51.507084212558986, 61.02757171790961], [23.626743063476344, 44.6816856297878, 16.44323935539745, 38.99374655180379, 0.0, 27.558885570385105, 43.057086327358036, 51.109415360757076, 36.77792231667025, 61.456720150658825, 47.73006540345198, 65.86988433671029, 39.26852726245895, 25.168861386329546, 17.553680154351586, 27.462662284037417, 58.987077515216086, 11.713351287534298, 37.66045511243187, 32.98790105542636, 67.7022690143241, 70.21615877029097, 81.58830313694703, 21.064326371925613, 27.017793376839666, 47.86886293457106, 63.886005176215924, 79.4491011965067, 50.678176212944884, 90.26780471035194, 68.04447834685622, 34.13755004042897, 42.85162536488742, 17.05929081358934, 51.504599356584045, 46.781395703563405, 69.4851882758471, 73.62611931973159, 35.17234771105003, 64.9494587581396, 12.525577857563107, 22.58234590404829], [46.92962255144942, 17.43851634223465, 43.99305626553072, 64.5968790449107, 27.558885570385105, 0.0, 43.9061417573813, 54.9373757740359, 12.888911830048357, 40.36296671201899, 74.63065012040539, 46.768089973157394, 17.000430983931473, 46.522385738012844, 41.53158222817176, 48.96614842315607, 60.076390976814146, 16.765019866808505, 50.08156906697514, 20.346450847358742, 65.18548805786874, 56.2456512723047, 62.058105399980796, 27.459507041208848, 5.101715348831095, 27.89753903530019, 47.53231760760517, 57.339710448006265, 63.320375142458865, 68.88507991119704, 60.459517677521035, 36.885496754712484, 61.80342553481423, 42.071707549951775, 30.31070504165265, 38.47012681114301, 45.32362605981814, 80.44810057290837, 62.464749121417185, 47.8282198085248, 18.049678826983087, 19.405233054621565], [65.12167417232745, 55.587757490405885, 50.8911484364547, 52.017449458825745, 43.057086327358036, 43.9061417573813, 0.0, 11.236504484812517, 38.456578071849634, 41.452649816848854, 79.64115663229599, 40.418577364151226, 60.654053038932624, 33.330979312147875, 59.33561412463755, 69.60604323237182, 16.67971082344704, 44.76719037555554, 18.871188857853287, 62.98802185242569, 24.646345106533257, 35.475078905020546, 52.92759177861056, 22.215106081660217, 38.87149922977842, 71.58354055673394, 34.469886353293234, 56.22313025993731, 26.04295020088199, 63.61601636248677, 26.96624624347128, 8.930455575289255, 34.94547712768382, 39.551559347532454, 73.55834559809797, 14.46098031644633, 53.64124247148879, 36.771764638455885, 66.98254552835925, 36.408086090196235, 47.73876597248536, 57.07803030904646], [71.65575431214037, 66.81330800160343, 56.24300071733771, 51.9598973246173, 51.109415360757076, 54.9373757740359, 11.236504484812517, 0.0, 49.67129686125495, 50.1392075513945, 82.41981673579738, 47.76762187996394, 71.77260374461642, 36.10750489345188, 66.17874984774099, 76.37313338260007, 8.743532665465569, 54.44159142794493, 18.354416231135332, 73.64810995962647, 19.418340889436323, 39.49733426436297, 58.27218714476895, 31.329313193129682, 49.943434706897996, 82.70795922959626, 41.06978233395623, 63.150392057801604, 18.847130263072476, 69.11926710755688, 26.835555336063123, 18.538002170143628, 31.885077305381767, 44.23747439622518, 84.74237329807886, 23.63952161203759, 62.447987322813034, 25.567174947447203, 70.36763617084516, 43.119277294035115, 57.353458507606405, 67.15518632559831], [58.32144715998232, 17.162392213472216, 52.889255298336835, 70.12392900016842, 36.77792231667025, 12.888911830048357, 38.456578071849634, 49.67129686125495, 0.0, 27.48204141736278, 84.50712725368767, 33.92828683403028, 24.781720354217217, 50.43136436843394, 52.61311353275729, 60.81591895375694, 53.22630348216323, 27.817597335626395, 49.27650793957244, 31.969201607071916, 56.57962319009149, 44.16630402075874, 49.16930178579197, 28.648086430779614, 10.234131990129619, 35.121238300473884, 35.09492909212334, 44.64741178477894, 61.4958399767709, 56.120477823222735, 50.17980272562516, 33.5277761934503, 63.259755407869676, 48.36489492010027, 36.30620791436032, 29.463100929948872, 33.19438993082264, 75.06057040620946, 71.86379696598365, 35.23708064215581, 29.774668663546606, 32.29267292027345], [84.39217138912151, 36.68398748547857, 76.31470519730432, 88.06112847415744, 61.456720150658825, 40.36296671201899, 41.452649816848854, 50.1392075513945, 27.48204141736278, 0.0, 108.25102865034616, 7.8221401830184805, 48.772336277046016, 67.58086571287912, 78.4574855512595, 87.34571180579233, 48.995798724714426, 54.39129842434002, 59.01010265951329, 58.31651065221025, 46.73072698031333, 22.73087769487296, 21.756753805697237, 46.21333982395112, 37.289437102268934, 57.03098100850893, 13.292407744787047, 18.01006382067747, 67.45242064383207, 28.970486554701395, 35.80523744394407, 42.52003126400774, 75.12548256485023, 68.93699400935517, 56.65960245107643, 27.01271784147119, 12.308817057058246, 71.57872082146157, 95.23876627288928, 11.972004924684008, 56.6801509068625, 59.752760056927904], [30.209130452977632, 90.84551855021641, 31.956416177597973, 33.496598632944234, 47.73006540345198, 74.63065012040539, 79.64115663229599, 82.41981673579738, 84.50712725368767, 108.25102865034616, 0.0, 111.75498537445452, 82.46578170878308, 46.557824679630905, 34.01512755206192, 31.326640678554735, 91.13939875264381, 57.88093041206779, 64.09991659363683, 72.32445137126908, 101.79320124454802, 113.12555680356053, 127.14384591834812, 63.03753148485709, 74.68016028939554, 87.90992537745795, 108.5740764033851, 126.22850243898581, 70.59051435003836, 136.55036727183042, 106.59153038659379, 72.30314694410141, 54.98628889747526, 40.67220962079415, 91.9222828863113, 88.93798784370632, 117.00736949597325, 95.47239336215497, 13.075979370907344, 109.95976842944147, 57.022145657230396, 62.201460100964056], [89.20430828801611, 44.352843722104915, 79.99325964057456, 89.62395807636027, 65.86988433671029, 46.768089973157394, 40.418577364151226, 47.76762187996394, 33.92828683403028, 7.8221401830184805, 111.75498537445452, 0.0, 56.22860695817047, 69.30928718020573, 83.19053045549516, 92.42378704341029, 45.33893051301447, 59.782688349503225, 58.849806407548535, 65.39485533794617, 41.597334153515504, 15.494767143217036, 15.75701826268491, 48.914114037919575, 43.24917427494158, 64.72342104842582, 7.240459201266772, 15.84646713260999, 65.9138836477323, 24.844151079950617, 29.92864535484228, 43.11603412460013, 75.06999177225566, 71.72331805195356, 64.42894167601028, 26.19657347576554, 16.888040626059084, 67.35990233312272, 98.68524133353047, 5.308355712498569, 62.24580258302695, 66.15269792475331], [52.64243647002133, 12.984678928999164, 54.7007548134591, 78.12914578805416, 39.26852726245895, 17.000430983931473, 60.654053038932624, 71.77260374461642, 24.781720354217217, 48.772336277046016, 82.46578170878308, 56.22860695817047, 0.0, 61.66115861325045, 48.46249654667668, 53.132705526297514, 76.54860296081903, 27.597090526375162, 66.87784198208696, 12.013574195717897, 80.91402428339313, 68.28475732633055, 70.09226783407726, 44.18176078122464, 21.85499150095911, 10.936222563856255, 58.81196954315942, 63.221263709919995, 80.21180828099911, 74.86210316569387, 74.95504894236915, 53.86067588000512, 77.84027564975494, 55.7112021601562, 13.399700305477852, 53.82467731433601, 49.63329246056585, 97.32251657356863, 71.52336394963375, 58.60353351005552, 26.99909846953754, 20.35332222041712], [38.31225190257104, 63.64587414137335, 21.745725242208664, 20.491715725302743, 25.168861386329546, 46.522385738012844, 33.330979312147875, 36.10750489345188, 50.43136436843394, 67.58086571287912, 46.557824679630905, 69.30928718020573, 61.66115861325045, 0.0, 33.86432618975363, 43.260370009830176, 44.85070639131174, 35.084447868521664, 18.12307841313068, 57.432921513566555, 55.35778902821087, 67.97856037136386, 83.78379337129614, 22.194676115354966, 43.558553807341504, 71.38883891400621, 64.87000067715537, 84.81683762395208, 28.27340863437101, 93.95187793689198, 60.16580990570629, 26.88693510674096, 17.74407315314766, 9.981489409287905, 74.71610660926873, 44.25384993425384, 78.32360568030813, 53.23305221975653, 34.27639350522546, 66.52429612588698, 36.9007863337056, 47.488013555139496], [6.073062960292068, 57.07213115211546, 12.997338237643005, 38.543605337851105, 17.553680154351586, 41.53158222817176, 59.33561412463755, 66.17874984774099, 52.61311353275729, 78.4574855512595, 34.01512755206192, 83.19053045549516, 48.46249654667668, 33.86432618975363, 0.0, 10.270962288775046, 74.50530880498246, 24.916066155361296, 50.41225824431166, 38.65240773476807, 83.86106844410884, 87.76092914106034, 98.93725846519878, 38.03448270347948, 42.428159203352344, 54.3730306527379, 81.39981104450722, 96.37350584187898, 62.02912372550227, 107.38421358736962, 85.1054962958033, 50.56377773210215, 50.58695044773786, 23.890639656324563, 58.35628949797876, 64.20806186661235, 85.76578565173185, 86.57209846493782, 23.525532006654657, 82.4290769939398, 23.525403404046745, 28.26831687072823], [4.95503947672482, 63.16811919708416, 21.606519743293234, 44.68609457920501, 27.462662284037417, 48.96614842315607, 69.60604323237182, 76.37313338260007, 60.81591895375694, 87.34571180579233, 31.326640678554735, 92.42378704341029, 53.132705526297514, 43.260370009830176, 10.270962288775046, 0.0, 84.73699209284558, 33.050938194719635, 60.315554268461455, 42.09791773332951, 94.12949794693775, 97.60317796571327, 108.17985276984213, 48.221801024628576, 50.58457547857087, 57.306591960892916, 90.96774669400982, 105.12607725476316, 71.53286806840708, 116.31614884667493, 95.30733852231691, 60.82734326334651, 59.264089544302465, 33.40856519170511, 61.321524114068914, 74.24127158411655, 93.98827892171278, 96.33011642566866, 24.347886127730902, 91.91680600054063, 31.073732794056102, 32.898581236442226], [80.06979873130373, 70.32514628474891, 64.84706875251213, 60.387482987859364, 58.987077515216086, 60.076390976814146, 16.67971082344704, 8.743532665465569, 53.22630348216323, 48.995798724714426, 91.13939875264381, 45.33893051301447, 76.54860296081903, 44.85070639131174, 74.50530880498246, 84.73699209284558, 0.0, 61.39858850114922, 27.046425064745318, 79.5066609538281, 10.860227899410402, 34.72316368659867, 53.870256027086974, 38.58515042859179, 54.98951473896689, 87.42445742438179, 38.235892534849455, 59.95073924577183, 25.343291480448844, 64.6473224457165, 20.187881238270847, 25.331656719869578, 39.766734704804634, 52.89372754316597, 89.15091576244349, 24.659070067771264, 61.15866136473648, 22.841899611943884, 79.11067717918958, 40.290718976659946, 64.36042166506247, 73.75757185084778], [30.522625175916847, 33.32118232943832, 27.743672013352523, 50.54884410236433, 11.713351287534298, 16.765019866808505, 44.76719037555554, 54.44159142794493, 27.817597335626395, 54.39129842434002, 57.88093041206779, 59.782688349503225, 27.597090526375162, 35.084447868521664, 24.916066155361296, 33.050938194719635, 61.39858850114922, 0.0, 44.17882211873998, 22.38693283586045, 68.80543310319153, 66.47572285451757, 75.49808455547199, 23.15013702868819, 17.58814204336648, 36.55077078879419, 58.982328892577335, 72.09736416199218, 57.693703721537425, 83.35054321577425, 67.00855182841313, 36.10625821906585, 52.23140234556908, 28.237041862191084, 40.07011045357263, 44.74489626202059, 61.01198725981959, 78.70444602109936, 45.83264456280839, 59.72937550703717, 2.9931119544842013, 13.200916332300217], [55.438103288365845, 65.27198208730363, 39.28167584108038, 33.962803549091895, 37.66045511243187, 50.08156906697514, 18.871188857853287, 18.354416231135332, 49.27650793957244, 59.01010265951329, 64.09991659363683, 58.849806407548535, 66.87784198208696, 18.12307841313068, 50.41225824431166, 60.315554268461455, 27.046425064745318, 44.17882211873998, 0.0, 65.77939054417257, 37.77056308411828, 54.244620086198125, 71.77830642611299, 22.70056528605694, 45.767452964694066, 77.53853990661655, 53.20185224661121, 74.69622678893016, 13.557346581685426, 82.43320050754701, 44.0350914260298, 16.87540526933793, 16.22030483724165, 27.13299294512956, 80.2752064170446, 32.65339332103358, 70.8648922468677, 36.26217916973577, 52.193557115231705, 55.0974849494136, 46.754707831386874, 57.37940922733901], [42.16577844550371, 24.494350517793126, 46.7469292210648, 71.72709579695155, 32.98790105542636, 20.346450847358742, 62.98802185242569, 73.64810995962647, 31.969201607071916, 58.31651065221025, 72.32445137126908, 65.39485533794617, 12.013574195717897, 57.432921513566555, 38.65240773476807, 42.09791773332951, 79.5066609538281, 22.38693283586045, 65.77939054417257, 0.0, 85.23849323196376, 76.10816235085908, 79.98716410089487, 43.54402022653273, 25.294440378368517, 15.74497776596995, 67.05085994649679, 73.83533899051751, 79.3347805369363, 85.52026164807147, 80.80496489653329, 55.15702179607138, 74.610486632449, 50.039486293909704, 19.709310387907475, 58.74987492579986, 60.57110255209647, 98.8124610153211, 62.12872746016655, 67.12520551979297, 20.602311664396403, 10.817625540875719], [89.57356036315993, 73.19958586556945, 74.80253784842633, 71.24428406307156, 67.7022690143241, 65.18548805786874, 24.646345106533257, 19.418340889436323, 56.57962319009149, 46.73072698031333, 101.79320124454802, 41.597334153515504, 80.91402428339313, 55.35778902821087, 83.86106844410884, 94.12949794693775, 10.860227899410402, 68.80543310319153, 37.77056308411828, 85.23849323196376, 0.0, 28.43046658697617, 47.27243797686162, 46.78959938764208, 60.10160941375458, 91.57643600806577, 34.370766453867546, 54.71275207610207, 35.78589050390049, 57.73465490819794, 12.419444048070371, 33.56644567021514, 50.56498902623814, 63.016639080446275, 92.88582941654376, 27.13139136979581, 58.28525378695989, 26.603392296689798, 89.63210257479963, 36.30007966256848, 71.79758344211436, 80.54352728304511], [93.83166111888765, 57.41145616005008, 82.34106609293839, 87.36881063235629, 70.21615877029097, 56.2456512723047, 35.475078905020546, 39.49733426436297, 44.16630402075874, 22.73087769487296, 113.12555680356053, 15.494767143217036, 68.28475732633055, 67.97856037136386, 87.76092914106034, 97.60317796571327, 34.72316368659867, 66.47572285451757, 54.244620086198125, 76.10816235085908, 28.43046658697617, 0.0, 19.160491583232957, 50.601376555164265, 51.90740181982656, 77.64731327023857, 9.798741143066005, 26.360308120860978, 58.34196746794664, 29.9248693913965, 16.04561813582725, 41.14009345608663, 70.02129133036536, 72.45402081356062, 77.81654890405918, 24.201512712701565, 32.09973598125129, 54.98509860374796, 100.13624709867163, 10.76732584616075, 69.24660872915722, 75.0274911353732], [104.9554643998522, 57.59096832547261, 95.50301081989822, 103.83562628627197, 81.58830313694703, 62.058105399980796, 52.92759177861056, 58.27218714476895, 49.16930178579197, 21.756753805697237, 127.14384591834812, 15.75701826268491, 70.09226783407726, 83.78379337129614, 98.93725846519878, 108.17985276984213, 53.870256027086974, 75.49808455547199, 71.77830642611299, 79.98716410089487, 47.27243797686162, 19.160491583232957, 0.0, 64.14172198754189, 58.77608293042039, 77.67258173682895, 18.915649731857577, 10.51858462741998, 77.04880392601294, 10.847533378512555, 34.865726678438016, 57.082457419263314, 87.86338849294171, 86.85605307564698, 76.85201811767176, 39.67913333925462, 22.936033135952123, 73.87485666892059, 114.06786927773265, 17.296610885373383, 77.92734993435565, 81.46148180227488], [44.012215998226736, 43.339937361383605, 31.759302948125505, 42.50012082645806, 21.064326371925613, 27.459507041208848, 22.215106081660217, 31.329313193129682, 28.648086430779614, 46.21333982395112, 63.03753148485709, 48.914114037919575, 44.18176078122464, 22.194676115354966, 38.03448270347948, 48.221801024628576, 38.58515042859179, 23.15013702868819, 22.70056528605694, 43.54402022653273, 46.78959938764208, 50.601376555164265, 64.14172198754189, 0.0, 23.380279717605443, 54.843014326941436, 45.54006550619015, 63.90097689140975, 36.115718167153176, 73.75823304187729, 47.086198046237506, 13.306972714440143, 34.90160891436304, 22.822240218809327, 57.58070128998162, 26.533659500926852, 56.44249867355513, 55.65875019294315, 49.96598834081938, 46.92600593010056, 26.03747223871955, 36.06712780515155], [48.103207628414566, 20.156227185030005, 43.35479229446376, 62.36361103067642, 27.017793376839666, 5.101715348831095, 38.87149922977842, 49.943434706897996, 10.234131990129619, 37.289437102268934, 74.68016028939554, 43.24917427494158, 21.85499150095911, 43.558553807341504, 42.428159203352344, 50.58457547857087, 54.98951473896689, 17.58814204336648, 45.767452964694066, 25.294440378368517, 60.10160941375458, 51.90740181982656, 58.77608293042039, 23.380279717605443, 0.0, 32.78855135131588, 43.470045130585255, 54.74204733176694, 58.85095258478539, 66.13112424437443, 55.549806367175655, 32.0299084462381, 58.12734233520598, 40.05413419796034, 35.02380457422029, 33.457982656210284, 43.426267615832074, 75.4796283400671, 62.190139934785535, 43.907218319426036, 19.56382268773807, 23.174512715104736], [57.70674866865179, 20.37634269259443, 62.31418402815782, 86.84601715852328, 47.86886293457106, 27.89753903530019, 71.58354055673394, 82.70795922959626, 35.121238300473884, 57.03098100850893, 87.90992537745795, 64.72342104842582, 10.936222563856255, 71.38883891400621, 54.3730306527379, 57.306591960892916, 87.42445742438179, 36.55077078879419, 77.53853990661655, 15.74497776596995, 91.57643600806577, 77.64731327023857, 77.67258173682895, 54.843014326941436, 32.78855135131588, 0.0, 67.99520026108053, 69.90970637034663, 90.93826919061316, 81.34108635109287, 85.21188688376843, 64.77867038108454, 87.98436004391472, 64.75385943146846, 4.0179740582224825, 64.45071327477679, 56.005005837341365, 108.25871361890833, 77.86603294318382, 67.58994469700463, 35.34441080482675, 26.463604303977032], [87.46285184292275, 47.706586580474514, 77.14091079252833, 84.93253081491457, 63.886005176215924, 47.53231760760517, 34.469886353293234, 41.06978233395623, 35.09492909212334, 13.292407744787047, 108.5740764033851, 7.240459201266772, 58.81196954315942, 64.87000067715537, 81.39981104450722, 90.96774669400982, 38.235892534849455, 58.982328892577335, 53.20185224661121, 67.05085994649679, 34.370766453867546, 9.798741143066005, 18.915649731857577, 45.54006550619015, 43.470045130585255, 67.99520026108053, 0.0, 22.083653252220568, 59.4794471343278, 29.304537856157616, 22.83676605592442, 38.18246675407254, 69.3769224200056, 68.12497435121179, 68.08593172373506, 20.809790256860662, 23.984079064419927, 60.138815870293236, 95.50480213700065, 2.063038417794331, 61.62975126302754, 66.64072879969764], [102.2784679835235, 50.3695354153024, 94.30468121954549, 105.21381478100882, 79.4491011965067, 57.339710448006265, 56.22313025993731, 63.150392057801604, 44.64741178477894, 18.01006382067747, 126.22850243898581, 15.84646713260999, 63.221263709919995, 84.81683762395208, 96.37350584187898, 105.12607725476316, 59.95073924577183, 72.09736416199218, 74.69622678893016, 73.83533899051751, 54.71275207610207, 26.360308120860978, 10.51858462741998, 63.90097689140975, 54.74204733176694, 69.90970637034663, 22.083653252220568, 0.0, 81.53302626279596, 11.685789192017294, 42.38585188261013, 58.8812305811629, 90.91637062926632, 86.7011910760678, 68.72292039061048, 42.04289965875205, 13.948980499863008, 81.15158088733145, 113.20315205600191, 20.042260221293105, 74.27460617593664, 76.52668999862095], [66.58553748421168, 77.96184777285545, 50.000822461392346, 37.730194768820574, 50.678176212944884, 63.320375142458865, 26.04295020088199, 18.847130263072476, 61.4958399767709, 67.45242064383207, 70.59051435003836, 65.9138836477323, 80.21180828099911, 28.27340863437101, 62.02912372550227, 71.53286806840708, 25.343291480448844, 57.693703721537425, 13.557346581685426, 79.3347805369363, 35.78589050390049, 58.34196746794664, 77.04880392601294, 36.115718167153176, 58.85095258478539, 90.93826919061316, 59.4794471343278, 81.53302626279596, 0.0, 87.89075499694744, 45.23664390339908, 28.03474555710948, 15.903772175748601, 38.169790952852196, 93.59481904654679, 40.440275462939795, 79.67213524126208, 25.300134306943782, 59.90770860813223, 61.50304787855458, 60.23125643716185, 70.8900130639074], [113.33731813814914, 61.97726725130595, 104.72988182429557, 114.1441593806829, 90.26780471035194, 68.88507991119704, 63.61601636248677, 69.11926710755688, 56.120477823222735, 28.970486554701395, 136.55036727183042, 24.844151079950617, 74.86210316569387, 93.95187793689198, 107.38421358736962, 116.31614884667493, 64.6473224457165, 83.35054321577425, 82.43320050754701, 85.52026164807147, 57.73465490819794, 29.9248693913965, 10.847533378512555, 73.75823304187729, 66.13112424437443, 81.34108635109287, 29.304537856157616, 11.685789192017294, 87.89075499694744, 0.0, 45.38463361570021, 67.43005040025574, 98.56146557110823, 96.56634293349511, 80.0156808130295, 50.106457751635894, 25.35474680927475, 84.29892390128056, 123.48690771492674, 27.513138508688517, 85.60470491461518, 88.13157451483035], [91.0515511510476, 65.83510638080634, 77.57244022808486, 77.98943882209602, 68.04447834685622, 60.459517677521035, 26.96624624347128, 26.835555336063123, 50.17980272562516, 35.80523744394407, 106.59153038659379, 29.92864535484228, 74.95504894236915, 60.16580990570629, 85.1054962958033, 95.30733852231691, 20.187881238270847, 67.00855182841313, 44.0350914260298, 80.80496489653329, 12.419444048070371, 16.04561813582725, 34.865726678438016, 47.086198046237506, 55.549806367175655, 85.21188688376843, 22.83676605592442, 42.38585188261013, 45.23664390339908, 45.38463361570021, 0.0, 34.95019949973756, 58.66220078569519, 66.46311748381567, 86.06308025630003, 22.400920760210784, 46.795909801412726, 39.01947170573836, 93.94853408494171, 24.631967646829743, 69.96715895544034, 77.58276588534991], [56.40490222607125, 50.245169224840076, 42.627429047685936, 46.75317560528744, 34.13755004042897, 36.885496754712484, 8.930455575289255, 18.538002170143628, 33.5277761934503, 42.52003126400774, 72.30314694410141, 43.11603412460013, 53.86067588000512, 26.88693510674096, 50.56377773210215, 60.82734326334651, 25.331656719869578, 36.10625821906585, 16.87540526933793, 55.15702179607138, 33.56644567021514, 41.14009345608663, 57.082457419263314, 13.306972714440143, 32.0299084462381, 64.77867038108454, 38.18246675407254, 58.8812305811629, 28.03474555710948, 67.43005040025574, 34.95019949973756, 0.0, 32.69984285243915, 31.755505964028828, 67.04692823729069, 17.422954190991558, 54.17610297386401, 43.72058362043023, 59.44300808400813, 39.919654556093185, 39.05560650989126, 48.665638961053986], [54.33701309008317, 78.20631390864058, 37.783541005616364, 21.854586832333382, 42.85162536488742, 61.80342553481423, 34.94547712768382, 31.885077305381767, 63.259755407869676, 75.12548256485023, 54.98628889747526, 75.06999177225566, 77.84027564975494, 17.74407315314766, 50.58695044773786, 59.264089544302465, 39.766734704804634, 52.23140234556908, 16.22030483724165, 74.610486632449, 50.56498902623814, 70.02129133036536, 87.86338849294171, 34.90160891436304, 58.12734233520598, 87.98436004391472, 69.3769224200056, 90.91637062926632, 15.903772175748601, 98.56146557110823, 58.66220078569519, 32.69984285243915, 0.0, 27.249862216848644, 91.11922304046573, 48.87347440283598, 86.87240266016816, 40.48884157495446, 44.88256533622474, 71.28684186143948, 54.26309735719307, 64.95296541098712], [28.47808322068073, 59.50756416578088, 12.150072350571643, 22.565709836966136, 17.05929081358934, 42.071707549951775, 39.551559347532454, 44.23747439622518, 48.36489492010027, 68.93699400935517, 40.67220962079415, 71.72331805195356, 55.7112021601562, 9.981489409287905, 23.890639656324563, 33.40856519170511, 52.89372754316597, 28.237041862191084, 27.13299294512956, 50.039486293909704, 63.016639080446275, 72.45402081356062, 86.85605307564698, 22.822240218809327, 40.05413419796034, 64.75385943146846, 68.12497435121179, 86.7011910760678, 38.169790952852196, 96.56634293349511, 66.46311748381567, 31.755505964028828, 27.249862216848644, 0.0, 68.30537961250678, 48.271912704688276, 78.76686971579586, 62.93434091218367, 27.718781374083164, 69.58977599357846, 29.49810769450584, 39.616881396433016], [61.720808411442384, 20.432655057448088, 66.14815524992926, 90.4980850126343, 51.504599356584045, 30.31070504165265, 73.55834559809797, 84.74237329807886, 36.30620791436032, 56.65960245107643, 91.9222828863113, 64.42894167601028, 13.399700305477852, 74.71610660926873, 58.35628949797876, 61.321524114068914, 89.15091576244349, 40.07011045357263, 80.2752064170446, 19.709310387907475, 92.88582941654376, 77.81654890405918, 76.85201811767176, 57.58070128998162, 35.02380457422029, 4.0179740582224825, 68.08593172373506, 68.72292039061048, 93.59481904654679, 80.0156808130295, 86.06308025630003, 67.04692823729069, 91.11922304046573, 68.30537961250678, 0.0, 65.7655123481019, 54.776160187148406, 110.30954681672577, 81.83800176424936, 67.56157947662696, 38.996501551507386, 30.368788565630346], [70.25182275139699, 46.24395913826994, 58.19871196142264, 64.16655108903473, 46.781395703563405, 38.47012681114301, 14.46098031644633, 23.63952161203759, 29.463100929948872, 27.01271784147119, 88.93798784370632, 26.19657347576554, 53.82467731433601, 44.25384993425384, 64.20806186661235, 74.24127158411655, 24.659070067771264, 44.74489626202059, 32.65339332103358, 58.74987492579986, 27.13139136979581, 24.201512712701565, 39.67913333925462, 26.533659500926852, 33.457982656210284, 64.45071327477679, 20.809790256860662, 42.04289965875205, 40.440275462939795, 50.106457751635894, 22.400920760210784, 17.422954190991558, 48.87347440283598, 48.271912704688276, 65.7655123481019, 0.0, 39.24344606709682, 47.355951325015155, 75.93880741636985, 22.606901967281964, 47.68174202557381, 55.18766975903932], [91.50835005823336, 36.69344210394357, 85.09971508326709, 98.79928460926067, 69.4851882758471, 45.32362605981814, 53.64124247148879, 62.447987322813034, 33.19438993082264, 12.308817057058246, 117.00736949597325, 16.888040626059084, 49.63329246056585, 78.32360568030813, 85.76578565173185, 93.98827892171278, 61.15866136473648, 61.01198725981959, 70.8648922468677, 60.57110255209647, 58.28525378695989, 32.09973598125129, 22.936033135952123, 56.44249867355513, 43.426267615832074, 56.005005837341365, 23.984079064419927, 13.948980499863008, 79.67213524126208, 25.35474680927475, 46.795909801412726, 54.17610297386401, 86.87240266016816, 78.76686971579586, 54.776160187148406, 39.24344606709682, 0.0, 83.60979580351191, 104.14213594369052, 22.166247676328094, 62.920482010605056, 64.06661364006843], [91.40915464689287, 92.2225985973961, 74.95782920369031, 62.16709860673262, 73.62611931973159, 80.44810057290837, 36.771764638455885, 25.567174947447203, 75.06057040620946, 71.57872082146157, 95.47239336215497, 67.35990233312272, 97.32251657356863, 53.23305221975653, 86.57209846493782, 96.33011642566866, 22.841899611943884, 78.70444602109936, 36.26217916973577, 98.8124610153211, 26.603392296689798, 54.98509860374796, 73.87485666892059, 55.65875019294315, 75.4796283400671, 108.25871361890833, 60.138815870293236, 81.15158088733145, 25.300134306943782, 84.29892390128056, 39.01947170573836, 43.72058362043023, 40.48884157495446, 62.93434091218367, 110.30954681672577, 47.355951325015155, 83.60979580351191, 0.0, 85.12577020859469, 62.150707151840066, 81.50939693487196, 91.72201975229346], [21.45642777776243, 79.08409474427637, 19.045266188341987, 24.9716025289522, 35.17234771105003, 62.464749121417185, 66.98254552835925, 70.36763617084516, 71.86379696598365, 95.23876627288928, 13.075979370907344, 98.68524133353047, 71.52336394963375, 34.27639350522546, 23.525532006654657, 24.347886127730902, 79.11067717918958, 45.83264456280839, 52.193557115231705, 62.12872746016655, 89.63210257479963, 100.13624709867163, 114.06786927773265, 49.96598834081938, 62.190139934785535, 77.86603294318382, 95.50480213700065, 113.20315205600191, 59.90770860813223, 123.48690771492674, 93.94853408494171, 59.44300808400813, 44.88256533622474, 27.718781374083164, 81.83800176424936, 75.93880741636985, 104.14213594369052, 85.12577020859469, 0.0, 96.88569995870185, 45.282130416002694, 51.60006072263451], [88.48341374967174, 47.24700783620124, 78.43314256393847, 86.65033396905346, 64.9494587581396, 47.8282198085248, 36.408086090196235, 43.119277294035115, 35.23708064215581, 11.972004924684008, 109.95976842944147, 5.308355712498569, 58.60353351005552, 66.52429612588698, 82.4290769939398, 91.91680600054063, 40.290718976659946, 59.72937550703717, 55.0974849494136, 67.12520551979297, 36.30007966256848, 10.76732584616075, 17.296610885373383, 46.92600593010056, 43.907218319426036, 67.58994469700463, 2.063038417794331, 20.042260221293105, 61.50304787855458, 27.513138508688517, 24.631967646829743, 39.919654556093185, 71.28684186143948, 69.58977599357846, 67.56157947662696, 22.606901967281964, 22.166247676328094, 62.150707151840066, 96.88569995870185, 0.0, 62.33098699320947, 67.04597976220423], [28.881656353771497, 33.845875382426705, 27.75592302825571, 51.507084212558986, 12.525577857563107, 18.049678826983087, 47.73876597248536, 57.353458507606405, 29.774668663546606, 56.6801509068625, 57.022145657230396, 62.24580258302695, 26.99909846953754, 36.9007863337056, 23.525403404046745, 31.073732794056102, 64.36042166506247, 2.9931119544842013, 46.754707831386874, 20.602311664396403, 71.79758344211436, 69.24660872915722, 77.92734993435565, 26.03747223871955, 19.56382268773807, 35.34441080482675, 61.62975126302754, 74.27460617593664, 60.23125643716185, 85.60470491461518, 69.96715895544034, 39.05560650989126, 54.26309735719307, 29.49810769450584, 38.996501551507386, 47.68174202557381, 62.920482010605056, 81.50939693487196, 45.282130416002694, 62.33098699320947, 0.0, 10.75072527220007], [32.29021786650029, 30.544498094823364, 35.92933098600723, 61.02757171790961, 22.58234590404829, 19.405233054621565, 57.07803030904646, 67.15518632559831, 32.29267292027345, 59.752760056927904, 62.201460100964056, 66.15269792475331, 20.35332222041712, 47.488013555139496, 28.26831687072823, 32.898581236442226, 73.75757185084778, 13.200916332300217, 57.37940922733901, 10.817625540875719, 80.54352728304511, 75.0274911353732, 81.46148180227488, 36.06712780515155, 23.174512715104736, 26.463604303977032, 66.64072879969764, 76.52668999862095, 70.8900130639074, 88.13157451483035, 77.58276588534991, 48.665638961053986, 64.95296541098712, 39.616881396433016, 30.368788565630346, 55.18766975903932, 64.06661364006843, 91.72201975229346, 51.60006072263451, 67.04597976220423, 10.75072527220007, 0.0]]",Route_1,2157.0395346807322
