instance_id,num_cities,city_coordinates,distance_matrix,best_route,total_distance
1045,49,"[[10.948281977999097, 23.664492017481685], [85.26293232236856, 64.73518090730104], [81.06700242160426, 71.20019024354744], [40.34040180958998, 95.5360156708548], [1.4561275845951127, 31.25854291562571], [77.62896643370847, 32.04609967068043], [8.114178072840229, 75.00697054654356], [91.2327106921187, 92.228280847439], [59.690208609650306, 38.157465898662515], [84.90330176125879, 61.63554581057795], [61.91898658093623, 93.69292526909341], [13.235505136817716, 42.79060169091504], [52.11408309800958, 96.69371526012631], [41.056785457115396, 31.980909919649125], [92.06638163867326, 79.73553518209884], [19.949751157606734, 22.352833142723018], [98.72568076259432, 34.831367859378545], [57.97361103558464, 80.80293419564299], [97.0747934302813, 36.93287910470837], [7.54034381451042, 13.068236086579343], [6.791569826413301, 5.593130846066508], [20.3275487270105, 67.90442568826484], [61.15007928492029, 3.7370224151394793], [70.09727363345539, 19.70974752318908], [57.939657055269414, 78.11765421103985], [99.96016736007063, 71.25659952163083], [6.184928854716409, 59.07490130202153], [62.297206528186955, 75.2252213648175], [69.21178650286375, 22.766559808098364], [57.48043164789619, 58.85326189034369], [72.69116898147861, 31.462348747862322], [22.955267250671717, 27.223455110104766], [71.72757780521033, 95.17428507139908], [46.01753219576818, 9.853729856547988], [96.69779720584792, 42.66647451986848], [27.20253171437035, 87.10942492243603], [11.749685373677321, 94.26044279023914], [32.03356798804281, 22.895488286265532], [85.98369044460331, 27.7308822308294], [12.96683970960537, 27.140601138864294], [4.209711712501307, 19.87015127566304], [5.903764831770852, 38.87970379787822], [44.50752555244514, 19.49836276441106], [64.09180910450195, 18.633196264490614], [16.24265790145687, 54.007178401740084], [98.59365573552311, 58.626823555103456], [27.63533664087744, 92.49371447098983], [35.55919139094521, 17.918347094925615], [18.124682495431323, 88.54407646425904]]","[[0.0, 84.9085905058506, 84.71291260774855, 77.6492924658813, 12.156093289861701, 67.20539432466742, 51.420640276570026, 105.57737746634706, 50.850975444782364, 83.13330185491577, 86.61405308259921, 19.26238461402007, 83.83251534623236, 31.235953458722044, 98.61089176215488, 9.096532108180533, 88.48486228422463, 74.00123747290502, 87.14256176425262, 11.13079881586877, 18.543256200000936, 45.22325039119152, 54.0122624743444, 59.28105277297609, 71.92590774213875, 100.93623945817245, 35.729352340557654, 72.76826824440789, 58.270423387612105, 58.33944187311827, 62.233356530979286, 12.523334764863169, 93.84973789982448, 37.69070790396985, 87.82969145358584, 65.49397030113906, 70.6004993814647, 21.099304558775618, 75.14551252814334, 4.0196902790621625, 7.7333919393805335, 16.029654480396896, 33.816851749420564, 53.38116158720612, 30.801120652215715, 94.36141249283342, 70.82315763135954, 25.27281234060144, 65.27527251856644], [84.9085905058506, 0.0, 7.707280548279073, 54.467652508651994, 90.24558610580888, 33.5686381505656, 77.82955701176105, 28.133766155677595, 36.88277556214326, 3.1204281554494555, 37.19530563527949, 75.2961806730864, 46.04556572439954, 55.01841226902925, 16.47111262085751, 77.85932850916858, 32.79456708617909, 31.668276745480505, 30.207417108304202, 93.32884844178322, 98.26259113934043, 65.01267688042049, 65.59119621595904, 47.51091300844166, 30.4245289700096, 16.07910502785477, 79.28032162926655, 25.248079333958657, 44.93333327372283, 28.398315355828803, 35.568674327412374, 72.72808741449751, 33.31283362636638, 67.46980880759311, 24.855259735479255, 62.222318455760245, 79.220821544562, 67.70469042879617, 37.01131736115709, 81.48667029053638, 92.64175870027277, 83.46486183632383, 60.88819997893533, 50.73075444256688, 69.84903949874528, 14.663567651160935, 63.96464624803181, 68.28087426793559, 71.23487978137095], [84.71291260774855, 7.707280548279073, 0.0, 47.4435285011444, 89.06866218587777, 39.30474398901919, 73.05207838752362, 23.356417085817725, 39.35465596102758, 10.305319779248386, 29.539289760654306, 73.54057890461473, 38.57708328955826, 56.02650632218638, 13.922587991495858, 78.23926570336707, 40.42919937819417, 25.01034620147016, 37.82192466894679, 93.73096404087588, 99.10159499214603, 60.82880320310072, 70.34175744660149, 52.64599359138402, 24.139706117417536, 18.893249148803093, 75.8574160751096, 19.19651305335783, 49.86344053149178, 26.622790248625073, 40.610966900000314, 72.87610717905814, 25.72901232033845, 70.65305064273915, 32.53451518905519, 56.16480172348524, 73.05248585941496, 68.8303851764045, 43.74648054666861, 81.11029252489622, 92.42194563840394, 81.81763947383493, 63.32198917934403, 55.23989540311596, 67.06560443818643, 21.570190686880256, 57.51831953497919, 70.07079044877767, 65.28817677746635], [77.6492924658813, 54.467652508651994, 47.4435285011444, 0.0, 75.12376645112928, 73.63020090585289, 38.209569351761346, 50.999688362349325, 60.55338964219598, 55.99190931598942, 21.65715362099187, 59.30222693589917, 11.830462350233034, 63.55914310763934, 54.08541552908962, 75.97076305367136, 84.22526381279847, 22.97811474779714, 81.56665254845498, 88.75121674682111, 95.99607626377521, 34.11772345088219, 94.12809272151506, 81.45608855048013, 24.761524612740264, 64.37395818839694, 49.96007599862353, 29.910360057892305, 78.28761435034701, 40.48956714734833, 71.77748205090735, 70.49006195200735, 31.389260360936017, 85.87015728287814, 77.27447442309777, 15.608044793637763, 28.619157089133985, 73.11395015214308, 81.73644180069738, 73.66983528585178, 83.84956649597784, 66.30097768049944, 76.15175362267817, 80.48709822783191, 48.0140144789683, 68.96180142366269, 13.064236584352425, 77.76478925728624, 23.29002787705959], [12.156093289861701, 90.24558610580888, 89.06866218587777, 75.12376645112928, 0.0, 76.1769100448123, 44.252170076524806, 108.52254981309683, 58.64131078990788, 88.80424079372777, 86.91265395712195, 16.484602364465253, 82.75258447053828, 39.607245776813414, 102.76301338004974, 20.526221752174113, 97.33514808909636, 75.15898245013916, 95.78688505894598, 19.180848512701825, 26.21412444877862, 41.219549489537265, 65.73280733590677, 69.60590209111102, 73.39049947275561, 106.31505248244791, 28.21544533287954, 75.06467678525632, 68.28574589581113, 62.45151047869758, 71.23533294393282, 21.874527194427134, 94.99104595398299, 49.43566327070712, 95.92245063451492, 61.4995800518374, 63.83726748356316, 31.700481768579774, 84.60114226746407, 12.22513550442919, 11.716556221630507, 8.824033673759459, 44.62874302705851, 63.89544567122548, 27.13193497138702, 100.91938446321174, 66.59652560177152, 36.61939084029949, 59.661319770577954], [67.20539432466742, 33.5686381505656, 39.30474398901919, 73.63020090585289, 76.1769100448123, 0.0, 81.71867734654597, 61.70054123782402, 18.951195989771414, 30.47049847514056, 63.61709340527635, 65.28370532879543, 69.50052858097621, 36.57223907676854, 49.82691257943125, 58.48804399917053, 21.279780881334077, 52.56959110285277, 20.05045637429431, 72.61249428902101, 75.61545025810022, 67.59639055438427, 32.756031150349735, 14.453787764606844, 50.102465424020814, 45.123672649452416, 76.38590591997203, 45.82029476201191, 12.528319043250166, 33.53486842506511, 4.97218350618103, 54.88598439414969, 63.40342403791829, 38.62362039668006, 21.82687950564071, 74.66455053292891, 90.61293595720625, 46.50455943375438, 9.403324670105633, 64.84793403285582, 74.42204433590646, 72.0500013199573, 35.418576305661645, 19.056773240490326, 65.19637914983153, 33.85340573327237, 78.44282730058387, 44.37859129118964, 82.05352636404395], [51.420640276570026, 77.82955701176105, 73.05207838752362, 38.209569351761346, 44.252170076524806, 81.71867734654597, 0.0, 84.8838264527571, 63.38748235044655, 77.94462467870916, 56.95719728432977, 32.62088921439971, 49.0541184662005, 54.18908814829509, 84.08526510079928, 53.967943966629505, 99.11873420787946, 50.19518154153928, 96.7658386203303, 61.94139255988672, 69.42643901668183, 14.128431130171851, 88.83812427123021, 83.06435462562118, 49.92248700424546, 91.92252733130518, 16.04845266553371, 54.18346801389323, 80.38643088226979, 51.94198008726768, 77.88659603811524, 50.035210356795055, 66.73368864864847, 75.3764487501008, 94.3025199130604, 22.601651414546573, 19.59370069111999, 57.33885067978574, 91.09714311355415, 48.111720455969404, 55.27489210182829, 36.19482462211296, 66.37530624171829, 79.44493440566686, 22.518069509822045, 91.95023161239516, 26.208049239071787, 63.34303184748565, 16.836372394971647], [105.57737746634706, 28.133766155677595, 23.356417085817725, 50.999688362349325, 108.52254981309683, 61.70054123782402, 84.8838264527571, 0.0, 62.59858198751273, 31.240628265923757, 29.35029138779382, 92.34526622853647, 39.37266982744004, 78.40516039712783, 12.52053119903482, 99.819028806803, 57.88393750459643, 35.16683460416888, 55.60315984374912, 115.1986326312838, 120.97915310689778, 74.96126948700048, 93.46479300417555, 75.53571589096819, 36.1598839121198, 22.715191338006143, 91.28127831458585, 33.561397959418734, 72.86872986333775, 47.466917227323, 63.531781597384544, 94.27320219469148, 19.726356729602784, 93.96796803915545, 49.86220830502951, 64.23446509393088, 79.50899946505275, 91.16783764699179, 64.71063777980139, 101.79367667246049, 113.17553298541345, 100.63349181485802, 86.4458438023525, 78.44020024043809, 84.16864433808388, 34.39827676062668, 63.597927963275716, 92.85207055139409, 73.20080019196975], [50.850975444782364, 36.88277556214326, 39.35465596102758, 60.55338964219598, 58.64131078990788, 18.951195989771414, 63.38748235044655, 62.59858198751273, 0.0, 34.45170971986693, 55.58016461589575, 46.68517347100957, 59.02448785949442, 19.63044324877332, 52.69679710706776, 42.76786615027457, 39.17691940888406, 42.68000320407737, 37.404636009816755, 57.871217809157024, 62.11845058062153, 49.338632021577155, 34.45138824475607, 21.180777031791994, 39.998513481193314, 52.12698173068978, 57.4487081274021, 37.159318258626826, 18.09807823679342, 20.813435227035104, 14.623596146392613, 38.327646791472766, 58.27362976275596, 31.43316010617484, 37.28126570345386, 58.751539914433806, 73.79591983460634, 31.588253055749323, 28.28534663014275, 48.00463009445412, 58.416704906003815, 53.79129262114874, 24.055685286230723, 20.014274697428462, 46.24827617296944, 43.959899921893346, 63.08678725254729, 31.494887235251667, 65.31847736621624], [83.13330185491577, 3.1204281554494555, 10.305319779248386, 55.99190931598942, 88.80424079372777, 30.47049847514056, 77.94462467870916, 31.240628265923757, 34.45170971986693, 0.0, 39.445586851454685, 74.10401468122672, 48.00216771875637, 52.933112716267466, 19.46585031739917, 75.90846626408965, 30.15828438250634, 33.05445537419103, 27.538463134865786, 91.34446253658272, 96.13633517518575, 64.8793244020088, 62.58158346816233, 44.46336729214427, 31.60218399344269, 17.868236515438443, 78.76000973433578, 26.376406566403414, 41.91684296276854, 27.56365195446985, 32.550852646535276, 70.8643137700668, 36.03396637856196, 64.75692656540663, 22.336870604998634, 63.07374557618611, 80.09891068869123, 65.54388458306212, 33.921872769100275, 79.77941952918408, 90.8614530789269, 82.21164869275204, 58.37260428127847, 47.77363596259051, 69.08310940140704, 14.017068222393817, 65.052643313732, 65.9244620135919, 71.99620137889525], [86.61405308259921, 37.19530563527949, 29.539289760654306, 21.65715362099187, 86.91265395712195, 63.61709340527635, 56.95719728432977, 29.35029138779382, 55.58016461589575, 39.445586851454685, 0.0, 70.4352746227159, 10.253822354604665, 65.14295260594808, 33.221591876486016, 82.7697134622192, 69.42201147531857, 13.480276631712341, 66.76551202388535, 97.24904778400432, 103.92596333643705, 48.93765843792857, 89.95918895087851, 74.43382946278847, 16.07557563528238, 44.164693456618004, 65.61015755212271, 18.47157648454798, 71.30031029531285, 35.12126014593167, 63.15603350302608, 77.04778963256707, 9.91982301600155, 85.33385576069183, 61.75163434716969, 35.33517674098636, 50.17251099717331, 76.84670017515354, 70.21467862083958, 82.61673275098346, 93.70252059536963, 78.37215267976666, 76.21018357416469, 75.09117175782599, 60.50855729610046, 50.74113564963142, 34.30461717831553, 80.22858281143536, 44.0959376172989], [19.26238461402007, 75.2961806730864, 73.54057890461473, 59.30222693589917, 16.484602364465253, 65.28370532879543, 32.62088921439971, 92.34526622853647, 46.68517347100957, 74.10401468122672, 70.4352746227159, 0.0, 66.4611877469833, 29.84749696122536, 87.05880312018306, 21.512403000528515, 85.85988313357527, 58.706350098258376, 84.04367421437176, 30.26307782769133, 37.751505129438655, 26.096000422575433, 61.8141445790792, 61.36763434968835, 56.977731075461975, 91.2769416130691, 17.745113122603996, 58.813732212864906, 59.450032202645176, 47.07040019644027, 60.52524496399085, 18.352379361225744, 78.51988824209648, 46.47040804993305, 83.46238437146816, 46.46757927894315, 51.49128278804298, 27.3712020989666, 74.29060247293997, 15.652306487893975, 24.63355423353396, 8.309605178972616, 38.99317446790869, 56.30225475227555, 11.612689647954072, 86.81474411966593, 51.74702472001791, 33.42119113168227, 46.01395993694746], [83.83251534623236, 46.04556572439954, 38.57708328955826, 11.830462350233034, 82.75258447053828, 69.50052858097621, 49.0541184662005, 39.37266982744004, 59.02448785949442, 48.00216771875637, 10.253822354604665, 66.4611877469833, 0.0, 65.65067407234915, 43.40237355538433, 81.00068520183068, 77.45702720073838, 16.936675898492133, 74.78517909035956, 94.76306770424168, 101.75188789323398, 42.88597627862979, 93.39483910670381, 79.05647620755646, 19.468111259978233, 54.18758747449327, 59.36886703583549, 23.761149654996476, 75.87855938899122, 38.219073876659586, 68.39990965281297, 75.34157940294743, 19.672260742675395, 87.05372477842242, 70.0474860766269, 26.69164688843386, 40.437673258494854, 76.48140552818755, 76.83113067786469, 79.81317152498235, 90.53556638755637, 74.01252215418707, 77.56920886944583, 78.97411313939908, 55.75750689005241, 60.07860614767818, 24.836445694609893, 80.4961059244206, 34.95276764185709], [31.235953458722044, 55.01841226902925, 56.02650632218638, 63.55914310763934, 39.607245776813414, 36.57223907676854, 54.18908814829509, 78.40516039712783, 19.63044324877332, 52.933112716267466, 65.14295260594808, 29.84749696122536, 65.65067407234915, 0.0, 69.8747675242115, 23.19928359546947, 57.73929854285083, 51.669807838408744, 56.23645806851153, 38.48429669226433, 43.24835125938, 41.4752967510868, 34.662048961622254, 31.52667727624397, 49.128713877008124, 70.79680920293377, 44.160284780856514, 48.1791029352264, 29.624454963160524, 31.493800257143317, 31.638633451136727, 18.716258644373045, 70.24315031609679, 22.676443851493882, 56.657775099698824, 56.84270853135754, 68.83056246958583, 12.804817052599043, 45.12748084161691, 28.503923259639176, 38.78630323289283, 35.82357067714203, 12.950737071234913, 26.622805529390824, 33.17977440540616, 63.40738249527738, 61.983342947889284, 15.098980552199055, 61.03501581714023], [98.61089176215488, 16.47111262085751, 13.922587991495858, 54.08541552908962, 102.76301338004974, 49.82691257943125, 84.08526510079928, 12.52053119903482, 52.69679710706776, 19.46585031739917, 33.221591876486016, 87.05880312018306, 43.40237355538433, 69.8747675242115, 0.0, 92.16063631118483, 45.39526966291441, 34.109475927503475, 43.09468129541847, 107.65305308695737, 112.99951172613119, 72.70787646041218, 82.04627775845994, 63.91976916899381, 34.16505333857999, 11.58465376909008, 88.33168018672355, 30.108914252911156, 61.38238081066294, 40.4012038755788, 52.016337760612025, 86.79783802283875, 25.534720274960026, 83.68968425423488, 37.35726527110867, 65.28164578888266, 81.6195113924889, 82.67242373326097, 52.35917360639293, 94.98928687173392, 106.3139625862063, 95.35824816505894, 76.74869206122541, 67.20173010921575, 80.06987838129359, 22.0948639662492, 65.68204243379981, 83.75217783853674, 74.4645235780719], [9.096532108180533, 77.85932850916858, 78.23926570336707, 75.97076305367136, 20.526221752174113, 58.48804399917053, 53.967943966629505, 99.819028806803, 42.76786615027457, 75.90846626408965, 82.7697134622192, 21.512403000528515, 81.00068520183068, 23.19928359546947, 92.16063631118483, 0.0, 79.75814010998964, 69.72967971471441, 78.49108156864348, 15.498294522360984, 21.307870776244183, 45.55315921468574, 45.21078905353808, 50.21712767630117, 67.47553792964275, 93.77230437039654, 39.21709605422504, 67.74065553765449, 49.26377265406085, 52.3529681758764, 53.522335792008434, 5.723293224605415, 89.35271228871437, 28.909458507761798, 79.39084706830016, 65.16148405867506, 72.37365131095932, 12.095995361951134, 66.25258145727479, 8.466627113290343, 15.934633694770117, 21.689333450288387, 24.723112351976262, 44.29849860088896, 31.87067796873559, 86.60638606764448, 70.56069343286437, 16.227115914612668, 66.21639954023807], [88.48486228422463, 32.79456708617909, 40.42919937819417, 84.22526381279847, 97.33514808909636, 21.279780881334077, 99.11873420787946, 57.88393750459643, 39.17691940888406, 30.15828438250634, 69.42201147531857, 85.85988313357527, 77.45702720073838, 57.73929854285083, 45.39526966291441, 79.75814010998964, 0.0, 61.43383512727023, 2.6724106155752536, 93.74646435410679, 96.47152562944491, 85.0887434436641, 48.7727807800073, 32.376675189765734, 59.47438369560873, 36.44614463572375, 95.66368003301963, 54.39390715940292, 31.884628705518786, 47.730723516079514, 26.251592207994058, 76.15140117009211, 66.10722517965998, 58.326934820398904, 8.093281664502735, 88.59207695986564, 105.3405843966643, 67.75177582556307, 14.586816425286553, 86.10300059522429, 95.69277092415595, 92.9101560699357, 56.344559627652835, 38.234615586489795, 84.68270644156024, 23.79582195207764, 91.53569382542378, 65.39155641913929, 96.85853595494831], [74.00123747290502, 31.668276745480505, 25.01034620147016, 22.97811474779714, 75.15898245013916, 52.56959110285277, 50.19518154153928, 35.16683460416888, 42.68000320407737, 33.05445537419103, 13.480276631712341, 58.706350098258376, 16.936675898492133, 51.669807838408744, 34.109475927503475, 69.72967971471441, 61.43383512727023, 0.0, 58.76635260372193, 84.44823130485486, 90.97316012000066, 39.79444093156672, 77.13134712358774, 62.28451374605336, 2.6854946413071645, 43.05813997024815, 56.16204247939417, 7.057220303122636, 59.114442735126914, 21.955212142415384, 51.48883261660233, 64.0081633896488, 19.892393719561838, 71.94954772321063, 54.35027277899519, 31.410685250079922, 48.14307677300198, 63.45201434986756, 60.01005955883902, 70.03752889905263, 81.26106635281154, 66.84927920832722, 62.766120930054605, 62.47006212609901, 49.59319487640668, 46.279238483000675, 32.512847256046115, 66.75984948180836, 40.593871328332305], [87.14256176425262, 30.207417108304202, 37.82192466894679, 81.56665254845498, 95.78688505894598, 20.05045637429431, 96.7658386203303, 55.60315984374912, 37.404636009816755, 27.538463134865786, 66.76551202388535, 84.04367421437176, 74.78517909035956, 56.23645806851153, 43.09468129541847, 78.49108156864348, 2.6724106155752536, 58.76635260372193, 0.0, 92.66034132454806, 95.56798776379607, 82.76095859353696, 48.91369938759792, 32.00660612846138, 56.81324317137581, 34.4447843072615, 93.54804449880733, 51.7279810788906, 31.257507217480153, 45.257227781020525, 24.98975477361518, 74.75277302814133, 63.51805026069927, 57.793808048730114, 5.745976204091178, 86.0221989226925, 102.79505641318424, 66.53878078247148, 14.41142990496757, 84.67606856036551, 94.4195958655725, 91.1918120342849, 55.383030001619446, 37.719433281627744, 82.61577228734753, 21.74704965090925, 88.93168493740866, 64.38727919250063, 94.323039123597], [11.13079881586877, 93.32884844178322, 93.73096404087588, 88.75121674682111, 19.180848512701825, 72.61249428902101, 61.94139255988672, 115.1986326312838, 57.871217809157024, 91.34446253658272, 97.24904778400432, 30.26307782769133, 94.76306770424168, 38.48429669226433, 107.65305308695737, 15.498294522360984, 93.74646435410679, 84.44823130485486, 92.66034132454806, 0.0, 7.512513616759262, 56.30737340265719, 54.415763210575186, 62.908498174213506, 82.28923121205493, 109.21222195085183, 46.0266270104492, 82.83601169252135, 62.42935468407652, 67.75161223659295, 67.69766170653774, 20.92821277956364, 104.21806123352363, 38.61122992122509, 93.94204177886678, 76.60743617454109, 81.30124836539441, 26.391152233488185, 79.8019537510229, 15.082384289768418, 7.573583064733704, 25.863299406266197, 37.52224746385079, 56.824616217154116, 41.853641040558536, 101.81498172622923, 81.92811088560629, 28.435530526170375, 76.21437335587967], [18.543256200000936, 98.26259113934043, 99.10159499214603, 95.99607626377521, 26.21412444877862, 75.61545025810022, 69.42643901668183, 120.97915310689778, 62.11845058062153, 96.13633517518575, 103.92596333643705, 37.751505129438655, 101.75188789323398, 43.24835125938, 112.99951172613119, 21.307870776244183, 96.47152562944491, 90.97316012000066, 95.56798776379607, 7.512513616759262, 0.0, 63.76456845073747, 54.3901892721284, 64.86055042098978, 88.74645523336262, 113.98279995199029, 53.48521089396586, 89.04776098072773, 64.73955600905042, 73.52552122638073, 70.79529365465531, 27.002519182298904, 110.64116921184993, 39.45667025649986, 97.25000016842382, 84.03281243143532, 88.80582817127062, 30.602778373541806, 82.22817038205051, 22.414893132675473, 14.508594131324026, 33.29841042129181, 40.1976217086402, 58.76530207055004, 49.32791366483335, 106.01978843414156, 89.36539626369955, 31.29675711733185, 83.72155529922381], [45.22325039119152, 65.01267688042049, 60.82880320310072, 34.11772345088219, 41.219549489537265, 67.59639055438427, 14.128431130171851, 74.96126948700048, 49.338632021577155, 64.8793244020088, 48.93765843792857, 26.096000422575433, 42.88597627862979, 41.4752967510868, 72.70787646041218, 45.55315921468574, 85.0887434436641, 39.79444093156672, 82.76095859353696, 56.30737340265719, 63.76456845073747, 0.0, 76.05218368967046, 69.28024625171615, 38.974103322015104, 79.70314309842178, 16.672558224204018, 42.60335931925655, 66.53642340208899, 38.23951196641816, 63.79634549003853, 40.765748758249465, 58.185979582848844, 63.48116679119526, 80.43238795347139, 20.398465301610404, 27.716770684695906, 46.50629347729994, 76.97169959905449, 41.42305431922203, 50.66632203319493, 32.41110955630588, 54.1093171927594, 65.90117248819676, 14.485158445785528, 78.81406858936536, 25.652229669841663, 52.25524845775094, 20.75687365161791], [54.0122624743444, 65.59119621595904, 70.34175744660149, 94.12809272151506, 65.73280733590677, 32.756031150349735, 88.83812427123021, 93.46479300417555, 34.45138824475607, 62.58158346816233, 89.95918895087851, 61.8141445790792, 93.39483910670381, 34.662048961622254, 82.04627775845994, 45.21078905353808, 48.7727807800073, 77.13134712358774, 48.91369938759792, 54.415763210575186, 54.3901892721284, 76.05218368967046, 0.0, 18.307928175732407, 74.44988379608084, 77.87885611024572, 77.99646531423183, 71.49740198063836, 20.6667466394172, 55.23826723991236, 30.031491332266192, 44.838110877541595, 92.04703404790698, 16.322012477914235, 52.717572881916986, 90.0188507252421, 103.125596022486, 34.85423998075837, 34.53134159115908, 53.56633339187757, 59.181781876794155, 65.47643328270837, 22.921484339891666, 15.183865439390212, 67.40745565758364, 66.44480180267625, 94.87353877237568, 29.257537710400573, 95.09690418401249], [59.28105277297609, 47.51091300844166, 52.64599359138402, 81.45608855048013, 69.60590209111102, 14.453787764606844, 83.06435462562118, 75.53571589096819, 21.180777031791994, 44.46336729214427, 74.43382946278847, 61.36763434968835, 79.05647620755646, 31.52667727624397, 63.91976916899381, 50.21712767630117, 32.376675189765734, 62.28451374605336, 32.00660612846138, 62.908498174213506, 64.86055042098978, 69.28024625171615, 18.307928175732407, 0.0, 59.65979554539946, 59.57239606291134, 75.06266147125034, 56.060760632613786, 3.1824815480401045, 41.1266266389575, 12.035444679058914, 47.7370355960243, 75.48214569722856, 26.018743858053785, 35.13686338769412, 79.89164786025803, 94.66914608537013, 38.19678823762726, 17.796540143961565, 57.61166605632046, 65.88775717272038, 66.99472961245118, 25.59062114067987, 6.101193884898529, 63.84851917241469, 48.234661808504995, 84.26459480600504, 34.58450867779936, 86.2514641636166], [71.92590774213875, 30.4245289700096, 24.139706117417536, 24.761524612740264, 73.39049947275561, 50.102465424020814, 49.92248700424546, 36.1598839121198, 39.998513481193314, 31.60218399344269, 16.07557563528238, 56.977731075461975, 19.468111259978233, 49.128713877008124, 34.16505333857999, 67.47553792964275, 59.47438369560873, 2.6854946413071645, 56.81324317137581, 82.28923121205493, 88.74645523336262, 38.974103322015104, 74.44988379608084, 59.65979554539946, 0.0, 42.576958060986065, 55.14687959864131, 5.230143896570136, 56.48720699314725, 19.26986506077493, 48.931836588988716, 61.7586190917969, 21.932519575124292, 69.29718918860509, 52.52598946643087, 32.025346442286335, 48.92957292945654, 60.996828279693226, 57.66536741691494, 67.97951338403257, 79.24442330374787, 65.17170269466104, 60.13853578541776, 59.80175341937442, 48.165908920977216, 45.08480995138451, 33.541361695313554, 64.22493145665659, 41.15753248438223], [100.93623945817245, 16.07910502785477, 18.893249148803093, 64.37395818839694, 106.31505248244791, 45.123672649452416, 91.92252733130518, 22.715191338006143, 52.12698173068978, 17.868236515438443, 44.164693456618004, 91.2769416130691, 54.18758747449327, 70.79680920293377, 11.58465376909008, 93.77230437039654, 36.44614463572375, 43.05813997024815, 34.4447843072615, 109.21222195085183, 113.98279995199029, 79.70314309842178, 77.87885611024572, 59.57239606291134, 42.576958060986065, 0.0, 94.56314889136097, 37.87147446242649, 57.417304680381875, 44.253482694268165, 48.24086097093655, 88.70553786334206, 37.001821509633814, 81.73200286042298, 28.775654756053076, 74.46466019489306, 91.16066003160856, 83.38357141648075, 45.714658181455995, 97.54004495082756, 108.66791992144078, 99.47296232279555, 75.8545354982893, 63.68486236393558, 85.47610144902737, 12.70348751267525, 75.37835358995471, 83.62089976621154, 83.64151745438691], [35.729352340557654, 79.28032162926655, 75.8574160751096, 49.96007599862353, 28.21544533287954, 76.38590591997203, 16.04845266553371, 91.28127831458585, 57.4487081274021, 78.76000973433578, 65.61015755212271, 17.745113122603996, 59.36886703583549, 44.160284780856514, 88.33168018672355, 39.21709605422504, 95.66368003301963, 56.16204247939417, 93.54804449880733, 46.0266270104492, 53.48521089396586, 16.672558224204018, 77.99646531423183, 75.06266147125034, 55.14687959864131, 94.56314889136097, 0.0, 58.3902435671869, 72.73706377796103, 51.29598162462556, 72.01064528494909, 35.99665087798338, 74.82649490639317, 63.319507321127105, 91.98812861785233, 35.03818123975205, 35.62286968977093, 44.46461594582357, 85.73383161165063, 32.646498154538484, 39.25447627198911, 20.197154637204594, 55.090142677939546, 70.63100088916804, 11.26231454771548, 92.40981320941414, 39.71066692735098, 50.563912563694274, 31.796068966833005], [72.76826824440789, 25.248079333958657, 19.19651305335783, 29.910360057892305, 75.06467678525632, 45.82029476201191, 54.18346801389323, 33.561397959418734, 37.159318258626826, 26.376406566403414, 18.47157648454798, 58.813732212864906, 23.761149654996476, 48.1791029352264, 30.108914252911156, 67.74065553765449, 54.39390715940292, 7.057220303122636, 51.7279810788906, 82.83601169252135, 89.04776098072773, 42.60335931925655, 71.49740198063836, 56.060760632613786, 5.230143896570136, 37.87147446242649, 58.3902435671869, 0.0, 52.91240486453629, 17.065824834481717, 44.980256504029434, 62.064142221477404, 22.065743703572696, 67.36809109946168, 47.365310461195676, 37.05226706271085, 54.01288318151911, 60.45071365799575, 53.07317373303507, 68.88843003531117, 80.23927242028999, 67.09110905012507, 58.497483011565244, 56.62047247562444, 50.70726571601791, 39.911640343517, 38.725264082284774, 63.23764141762852, 46.13679421659348], [58.270423387612105, 44.93333327372283, 49.86344053149178, 78.28761435034701, 68.28574589581113, 12.528319043250166, 80.38643088226979, 72.86872986333775, 18.09807823679342, 41.91684296276854, 71.30031029531285, 59.450032202645176, 75.87855938899122, 29.624454963160524, 61.38238081066294, 49.26377265406085, 31.884628705518786, 59.114442735126914, 31.257507217480153, 62.42935468407652, 64.73955600905042, 66.53642340208899, 20.6667466394172, 3.1824815480401045, 56.48720699314725, 57.417304680381875, 72.73706377796103, 52.91240486453629, 0.0, 37.94568162394635, 9.36604760384087, 46.47073798705438, 72.45141740285418, 26.54646135024172, 33.93357319676614, 76.84257790448214, 91.72387023040886, 37.178442066448355, 17.49117660272657, 56.414770028244504, 65.0665729037471, 65.32640367525941, 24.919502824549774, 6.580187135892205, 61.49556760373688, 46.36003403374358, 81.18175460353791, 34.00003418055478, 83.28609663874104], [58.33944187311827, 28.398315355828803, 26.622790248625073, 40.48956714734833, 62.45151047869758, 33.53486842506511, 51.94198008726768, 47.466917227323, 20.813435227035104, 27.56365195446985, 35.12126014593167, 47.07040019644027, 38.219073876659586, 31.493800257143317, 40.4012038755788, 52.3529681758764, 47.730723516079514, 21.955212142415384, 45.257227781020525, 67.75161223659295, 73.52552122638073, 38.23951196641816, 55.23826723991236, 41.1266266389575, 19.26986506077493, 44.253482694268165, 51.29598162462556, 17.065824834481717, 37.94568162394635, 0.0, 31.330953592417142, 46.82340924805267, 39.01535465104264, 50.322482086842335, 42.426570055603065, 41.41451404617452, 57.83571227256481, 44.05115608795422, 42.202349196496286, 54.65485082942858, 66.01100298913587, 55.309091320819014, 41.43795817573211, 40.75983305684216, 41.521542706660554, 41.11384765743889, 44.971210188393606, 46.4349870648319, 49.29928459333222], [62.233356530979286, 35.568674327412374, 40.610966900000314, 71.77748205090735, 71.23533294393282, 4.97218350618103, 77.88659603811524, 63.531781597384544, 14.623596146392613, 32.550852646535276, 63.15603350302608, 60.52524496399085, 68.39990965281297, 31.638633451136727, 52.016337760612025, 53.522335792008434, 26.251592207994058, 51.48883261660233, 24.98975477361518, 67.69766170653774, 70.79529365465531, 63.79634549003853, 30.031491332266192, 12.035444679058914, 48.931836588988716, 48.24086097093655, 72.01064528494909, 44.980256504029434, 9.36604760384087, 31.330953592417142, 0.0, 49.91621119685169, 63.71922267298452, 34.32805426711615, 26.492463702306317, 71.87359186236179, 87.50694280841444, 41.55035038010994, 13.80633800887725, 59.8804893882057, 69.4556623459688, 67.1980245914595, 30.61788231650125, 15.444615363788072, 60.78407478339786, 37.53461750966286, 75.86076475975248, 39.52497616139227, 78.96724059077178], [12.523334764863169, 72.72808741449751, 72.87610717905814, 70.49006195200735, 21.874527194427134, 54.88598439414969, 50.035210356795055, 94.27320219469148, 38.327646791472766, 70.8643137700668, 77.04778963256707, 18.352379361225744, 75.34157940294743, 18.716258644373045, 86.79783802283875, 5.723293224605415, 76.15140117009211, 64.0081633896488, 74.75277302814133, 20.92821277956364, 27.002519182298904, 40.765748758249465, 44.838110877541595, 47.7370355960243, 61.7586190917969, 88.70553786334206, 35.99665087798338, 62.064142221477404, 46.47073798705438, 46.82340924805267, 49.91621119685169, 0.0, 83.64241489374331, 28.871706215287546, 75.34220313131544, 60.036394260382174, 67.96707130977848, 10.057178585786653, 63.030465749478495, 9.988771171855076, 20.136209417768946, 20.654826753400826, 22.894909688746466, 42.02389347414847, 27.612079922346577, 81.89833552812682, 65.43783161546801, 15.666650532513966, 61.51059382201672], [93.84973789982448, 33.31283362636638, 25.72901232033845, 31.389260360936017, 94.99104595398299, 63.40342403791829, 66.73368864864847, 19.726356729602784, 58.27362976275596, 36.03396637856196, 9.91982301600155, 78.51988824209648, 19.672260742675395, 70.24315031609679, 25.534720274960026, 89.35271228871437, 66.10722517965998, 19.892393719561838, 63.51805026069927, 104.21806123352363, 110.64116921184993, 58.185979582848844, 92.04703404790698, 75.48214569722856, 21.932519575124292, 37.001821509633814, 74.82649490639317, 22.065743703572696, 72.45141740285418, 39.01535465104264, 63.71922267298452, 83.64241489374331, 0.0, 89.11006445632306, 58.14277277384874, 45.24954915370712, 59.98485382363935, 82.46113557350532, 68.93365893598296, 89.89664337989669, 101.1403718029507, 86.61324514832235, 80.42248728842297, 76.92101949010924, 69.0891236612321, 45.35970774423871, 44.17364813593586, 85.30317771593455, 54.0113881673608], [37.69070790396985, 67.46980880759311, 70.65305064273915, 85.87015728287814, 49.43566327070712, 38.62362039668006, 75.3764487501008, 93.96796803915545, 31.43316010617484, 64.75692656540663, 85.33385576069183, 46.47040804993305, 87.05372477842242, 22.676443851493882, 83.68968425423488, 28.909458507761798, 58.326934820398904, 71.94954772321063, 57.793808048730114, 38.61122992122509, 39.45667025649986, 63.48116679119526, 16.322012477914235, 26.018743858053785, 69.29718918860509, 81.73200286042298, 63.319507321127105, 67.36809109946168, 26.54646135024172, 50.322482086842335, 34.32805426711615, 28.871706215287546, 89.11006445632306, 0.0, 60.37520578707935, 79.51381429178504, 91.09763176994684, 19.121681879532797, 43.782261044676616, 37.29858164255407, 42.99095895192821, 49.51385155060834, 9.762123948727297, 20.09374320980985, 53.25476652540097, 71.71515485164656, 84.6597435059511, 13.206624988669999, 83.4876141331592], [87.82969145358584, 24.855259735479255, 32.53451518905519, 77.27447442309777, 95.92245063451492, 21.82687950564071, 94.3025199130604, 49.86220830502951, 37.28126570345386, 22.336870604998634, 61.75163434716969, 83.46238437146816, 70.0474860766269, 56.657775099698824, 37.35726527110867, 79.39084706830016, 8.093281664502735, 54.35027277899519, 5.745976204091178, 93.94204177886678, 97.25000016842382, 80.43238795347139, 52.717572881916986, 35.13686338769412, 52.52598946643087, 28.775654756053076, 91.98812861785233, 47.365310461195676, 33.93357319676614, 42.426570055603065, 26.492463702306317, 75.34220313131544, 58.14277277384874, 60.37520578707935, 0.0, 82.4910162758105, 99.3887280617625, 67.6191868997414, 18.381077245791417, 85.15824086652185, 95.25606705968336, 90.87296598684274, 57.10153988789919, 40.50615908433597, 81.25048310641155, 16.072554896190844, 85.16089067426859, 65.95755401795358, 90.98620068705053], [65.49397030113906, 62.222318455760245, 56.16480172348524, 15.608044793637763, 61.4995800518374, 74.66455053292891, 22.601651414546573, 64.23446509393088, 58.751539914433806, 63.07374557618611, 35.33517674098636, 46.46757927894315, 26.69164688843386, 56.84270853135754, 65.28164578888266, 65.16148405867506, 88.59207695986564, 31.410685250079922, 86.0221989226925, 76.60743617454109, 84.03281243143532, 20.398465301610404, 90.0188507252421, 79.89164786025803, 32.025346442286335, 74.46466019489306, 35.03818123975205, 37.05226706271085, 76.84257790448214, 41.41451404617452, 71.87359186236179, 60.036394260382174, 45.24954915370712, 79.51381429178504, 82.4910162758105, 0.0, 17.027258046283, 64.39540798684064, 83.55259393847562, 61.63533688428748, 71.06187228172342, 52.723272569823806, 69.79053329694597, 77.7805417670853, 34.8694358817563, 76.86319775844608, 5.401656602105917, 69.69389508330478, 9.190515300474017], [70.6004993814647, 79.220821544562, 73.05248585941496, 28.619157089133985, 63.83726748356316, 90.61293595720625, 19.59370069111999, 79.50899946505275, 73.79591983460634, 80.09891068869123, 50.17251099717331, 51.49128278804298, 40.437673258494854, 68.83056246958583, 81.6195113924889, 72.37365131095932, 105.3405843966643, 48.14307677300198, 102.79505641318424, 81.30124836539441, 88.80582817127062, 27.716770684695906, 103.125596022486, 94.66914608537013, 48.92957292945654, 91.16066003160856, 35.62286968977093, 54.01288318151911, 91.72387023040886, 57.83571227256481, 87.50694280841444, 67.96707130977848, 59.98485382363935, 91.09763176994684, 99.3887280617625, 17.027258046283, 0.0, 74.19159403374199, 99.68384993116203, 67.13087671096737, 74.77142953317691, 55.68842822635856, 81.62379985620626, 91.97379155889625, 40.503235624648404, 93.87028288017343, 15.98359299835723, 79.96879486361368, 8.562559913668988], [21.099304558775618, 67.70469042879617, 68.8303851764045, 73.11395015214308, 31.700481768579774, 46.50455943375438, 57.33885067978574, 91.16783764699179, 31.588253055749323, 65.54388458306212, 76.84670017515354, 27.3712020989666, 76.48140552818755, 12.804817052599043, 82.67242373326097, 12.095995361951134, 67.75177582556307, 63.45201434986756, 66.53878078247148, 26.391152233488185, 30.602778373541806, 46.50629347729994, 34.85423998075837, 38.19678823762726, 60.996828279693226, 83.38357141648075, 44.46461594582357, 60.45071365799575, 37.178442066448355, 44.05115608795422, 41.55035038010994, 10.057178585786653, 82.46113557350532, 19.121681879532797, 67.6191868997414, 64.39540798684064, 74.19159403374199, 0.0, 54.16638023420984, 19.533589285511898, 27.987848114310463, 30.631058723250163, 12.92826667151266, 32.34034564997593, 34.889684767907525, 75.54451403673453, 69.73705992543155, 6.099340523173438, 67.10584345204497], [75.14551252814334, 37.01131736115709, 43.74648054666861, 81.73644180069738, 84.60114226746407, 9.403324670105633, 91.09714311355415, 64.71063777980139, 28.28534663014275, 33.921872769100275, 70.21467862083958, 74.29060247293997, 76.83113067786469, 45.12748084161691, 52.35917360639293, 66.25258145727479, 14.586816425286553, 60.01005955883902, 14.41142990496757, 79.8019537510229, 82.22817038205051, 76.97169959905449, 34.53134159115908, 17.796540143961565, 57.66536741691494, 45.714658181455995, 85.73383161165063, 53.07317373303507, 17.49117660272657, 42.202349196496286, 13.80633800887725, 63.030465749478495, 68.93365893598296, 43.782261044676616, 18.381077245791417, 83.55259393847562, 99.68384993116203, 54.16638023420984, 0.0, 73.01923666421405, 82.15092628100905, 80.85227707671982, 42.28530041192153, 23.70701074684862, 74.52687676701356, 33.37020250090172, 87.17083704641097, 51.37038009014254, 91.12129033721278], [4.0196902790621625, 81.48667029053638, 81.11029252489622, 73.66983528585178, 12.22513550442919, 64.84793403285582, 48.111720455969404, 101.79367667246049, 48.00463009445412, 79.77941952918408, 82.61673275098346, 15.652306487893975, 79.81317152498235, 28.503923259639176, 94.98928687173392, 8.466627113290343, 86.10300059522429, 70.03752889905263, 84.67606856036551, 15.082384289768418, 22.414893132675473, 41.42305431922203, 53.56633339187757, 57.61166605632046, 67.97951338403257, 97.54004495082756, 32.646498154538484, 68.88843003531117, 56.414770028244504, 54.65485082942858, 59.8804893882057, 9.988771171855076, 89.89664337989669, 37.29858164255407, 85.15824086652185, 61.63533688428748, 67.13087671096737, 19.533589285511898, 73.01923666421405, 0.0, 11.381859776459512, 13.700129852259245, 32.45333065817249, 51.8279696045063, 27.065549295148983, 91.2323069136216, 66.97905810344291, 24.402137696199535, 61.619721877331266], [7.7333919393805335, 92.64175870027277, 92.42194563840394, 83.84956649597784, 11.716556221630507, 74.42204433590646, 55.27489210182829, 113.17553298541345, 58.416704906003815, 90.8614530789269, 93.70252059536963, 24.63355423353396, 90.53556638755637, 38.78630323289283, 106.3139625862063, 15.934633694770117, 95.69277092415595, 81.26106635281154, 94.4195958655725, 7.573583064733704, 14.508594131324026, 50.66632203319493, 59.181781876794155, 65.88775717272038, 79.24442330374787, 108.66791992144078, 39.25447627198911, 80.23927242028999, 65.0665729037471, 66.01100298913587, 69.4556623459688, 20.136209417768946, 101.1403718029507, 42.99095895192821, 95.25606705968336, 71.06187228172342, 74.77142953317691, 27.987848114310463, 82.15092628100905, 11.381859776459512, 0.0, 19.084886771101484, 40.29952886791442, 59.89487161489466, 36.