instance_id,num_cities,city_coordinates,distance_matrix,best_route,total_distance
1973,84,"[[34.524518342137654, 67.5828019265224], [50.39262091621496, 64.9537483718895], [35.64047757368422, 36.22309522460818], [93.00603802637806, 64.81638107784184], [4.020802227084353, 5.494465085540179], [10.879420999831424, 72.39446132767884], [71.77797291511432, 18.648090877935065], [19.24482012741087, 45.014932389946615], [12.570604706411581, 34.66351086418518], [58.518961140139446, 83.83194342717027], [86.93935105778777, 99.44013775576042], [78.248232869839, 37.50130824409544], [97.00932011458721, 56.5770584936254], [99.71673659594832, 68.52016338666832], [62.50150335632419, 2.9268522891359505], [6.85812472326548, 60.585408602593574], [72.03593041698983, 17.997885268739154], [28.032155704613583, 11.767961467917598], [64.08044476105333, 60.674811915868446], [70.10400172872173, 87.99122794894053], [30.34561641104413, 0.8196332830326614], [12.523703034140377, 31.94329526784605], [84.92132350693893, 88.65608523988887], [96.82071328822258, 2.4743339191381386], [93.27016982662273, 37.51815156477649], [64.34250795057108, 28.8299684771985], [38.78283322076454, 76.1657741264146], [42.69686992318125, 42.20861498726875], [82.0655906028717, 46.38804725064557], [13.015667397107933, 64.6891785907448], [49.86075714434747, 19.01349194801988], [75.13681338094871, 62.02131221713706], [53.99609452553259, 61.800932905900005], [89.63588479338476, 31.328921223109486], [8.807171040561856, 45.425466229561415], [73.74241639735428, 48.339292429352035], [27.49271093847867, 42.02516435715095], [9.723394675709729, 55.29223582271825], [9.750092911320007, 29.949599536240502], [65.64981131081753, 65.39149942857966], [79.4671779125018, 0.8394898898426262], [9.177380079959697, 27.39359992228171], [69.6712375790768, 10.656644660206648], [16.999330053727334, 87.43254872127284], [17.736918328873983, 93.64804392801825], [89.15232028997177, 81.0473974075687], [11.300385463165352, 51.86689542008379], [2.4039766663461526, 86.21341800755907], [8.947953675948927, 17.722200839479918], [89.6624900993428, 19.189097472023853], [0.8207212098236827, 43.73870303722727], [59.12653917412285, 44.46946129590456], [68.7370160456282, 1.390046293708691], [29.50448297900301, 88.35472182066191], [14.084638004903205, 84.87508677957764], [57.5031666397584, 0.746369387194068], [78.55189534570587, 89.62456105129473], [56.848330412533, 14.040118667511702], [98.73660599555788, 78.63054403788814], [23.730790270541068, 39.50385585428238], [56.77098471598959, 70.70570427362499], [81.37910239919776, 92.2866130336092], [1.9658164255652477, 98.27797058780394], [68.5168168425561, 87.58567030954835], [57.88603070870247, 64.49712021507115], [67.7083904045246, 7.850659155358275], [13.785258733623051, 18.013716355141838], [15.191025302620764, 13.799505201265605], [8.892453045876502, 33.65756752175992], [37.084087393158605, 71.60852362935694], [79.56584111974463, 37.585040992298936], [68.57310200440327, 58.25723735102868], [69.58268840342787, 33.27746859659929], [47.938214684824445, 45.48932720691534], [88.77974205951101, 93.46706342332087], [95.41814491747395, 70.51403373992477], [9.328287439335758, 92.77351330421179], [91.42846141139104, 64.18450076393522], [23.5707778221226, 31.49256019309683], [23.65693473515238, 69.66240144096007], [88.54641667592969, 31.57082104611435], [29.718084270992428, 87.25644634074811], [81.11652488960098, 1.6415184877618172], [19.732174400628434, 49.73462069557546]]","[[0.0, 16.084421092926117, 31.379556552579853, 58.546914768330986, 69.1768622337486, 24.12970564511458, 61.50142943891281, 27.25395224463839, 39.56834654078679, 28.978748846260725, 61.336812231696875, 53.07220999982773, 63.446645624911255, 65.19895679655812, 70.44929746985608, 28.53756908365067, 62.17531661205012, 56.19116645912082, 30.352481158344407, 41.01711217002882, 66.89382563935739, 41.88329391404695, 54.62528023199836, 90.11064593614451, 65.99192958014345, 48.896774992218866, 9.58126595965573, 26.65776984656398, 52.05162031551888, 21.70262023316223, 50.93307464100582, 40.99132440050011, 20.31187555193724, 65.96670810477767, 33.94597881071761, 43.6847363004179, 26.507341501733062, 27.679482478352643, 45.05585508649306, 31.20233435215453, 80.46435453592632, 47.51472798848405, 66.90201233318427, 26.47913654861011, 31.003553905993975, 56.26270591715263, 28.041934050619286, 37.13258748195769, 56.03784614780367, 73.3631144399398, 41.28543318143411, 33.75627266337921, 74.51158230353677, 21.369918369887877, 26.773341659936055, 70.67621235019556, 49.236663891137184, 58.010098396133344, 65.15554317607801, 30.08208400711851, 22.46458958433169, 52.96820112458735, 44.74664735638566, 39.44098250411885, 23.564415793257968, 68.33080012035273, 53.7327752260407, 57.15266362774412, 42.51969309355225, 4.770516634036334, 54.11641542659122, 35.30258069968829, 49.05029238366963, 25.846641459960033, 60.11342856514571, 60.964135993552844, 35.62894878355744, 57.00532595837403, 37.71591149312067, 11.064768754712611, 64.924789306685, 20.252261429718423, 80.7407452013531, 23.181264256649833], [16.084421092926117, 0.0, 32.29668966733217, 42.613638516069194, 75.40392521257725, 40.20767559711135, 51.00536438517274, 36.98299442636853, 48.456200825567905, 20.55294757401479, 50.24912473642612, 39.10973774242164, 47.363335793291974, 49.452883673708634, 63.197791667186394, 43.75311133066933, 51.70382892889199, 57.69504600114246, 14.341053615477207, 30.31936672819377, 67.19424906836205, 50.23688839581488, 41.881166120379106, 77.84115230173785, 50.90379330390694, 38.723724280489584, 16.13990990847118, 24.01178202530934, 36.713243753381896, 37.37788987541408, 45.94333509185766, 24.917348224349354, 4.7880337734430425, 51.6784554772926, 45.94239267594611, 28.657513766507254, 32.405645216680234, 41.80108596363488, 53.638656940092545, 15.263468961045067, 70.39863638759668, 55.7625396547458, 57.61805734238892, 40.2542959170091, 43.47134123690386, 41.96808114302608, 41.22461149482012, 52.48698438621023, 62.83692803569129, 60.30361430002806, 53.92078809747025, 22.268528131584734, 66.1578495308589, 31.367496948818594, 41.414120140861826, 64.5999022953666, 37.43786498530175, 51.3212809151852, 50.241373717696156, 36.858516553658944, 8.58886031192644, 41.31885193602457, 58.784855017863705, 28.994661035588678, 7.507309743959354, 59.670752224548, 59.527015477854725, 62.0959654736307, 51.978022943069796, 14.879620232442612, 40.001536478906495, 19.37454909024938, 37.0357312681449, 19.618557572772335, 47.81819951537562, 45.3675499113842, 49.60059278667958, 41.04304992356046, 42.88429061207244, 27.147160612062695, 50.69646898662679, 30.411293990634128, 70.37326714219311, 34.22988208806875], [31.379556552579853, 32.29668966733217, 0.0, 64.09667325170943, 44.091411626846494, 43.83466263604532, 40.184566033957125, 18.604138889971907, 23.122528786648715, 52.82071030831715, 81.41233866634451, 42.6269238850306, 64.65615713577978, 71.7556101092663, 42.78030504465383, 37.70870123370963, 40.70365174778289, 25.611328132703424, 37.50624191742339, 62.19062680942317, 35.79721598365187, 23.509614050043524, 71.95707204882444, 69.87131122098731, 57.644241690672025, 29.638908057804695, 40.06609535337265, 9.253060024621066, 47.52491314525965, 36.36206729180768, 22.32457829400997, 47.17529588877857, 31.4826055804391, 54.21675884796356, 28.367410379047847, 39.981995658382765, 10.002505054263878, 32.17650243719742, 26.639608970800456, 41.84920447455254, 56.32742839039398, 27.897231336750508, 42.56449249088511, 54.496793559693536, 60.151160979832376, 69.80498103346247, 28.93386542625278, 60.03080346378102, 32.47728321582395, 56.64393097903305, 35.62161975586888, 24.891718359354496, 48.04916395367671, 52.49149379867497, 53.21344286719142, 41.672235953244524, 68.50625028158925, 30.689696495191313, 76.02310922792182, 12.35330085312705, 40.44191710241188, 72.35426614961455, 70.60304780802592, 60.98334037323704, 35.97617438589385, 42.817591733188934, 28.447004576206822, 30.347940419762445, 26.870778710976825, 35.41486344317148, 43.94647265626337, 39.62399741497684, 34.06978708830453, 15.39796717767146, 78.10667913328463, 68.9147152451928, 62.372118247210935, 62.40303951259863, 12.963626567330717, 35.521718697071485, 53.11009364821707, 51.375847132431694, 57.13104523011892, 20.87188133347002], [58.546914768330986, 42.613638516069194, 64.09667325170943, 0.0, 106.94607008793544, 82.47550257196394, 50.81477903475387, 76.37286583648847, 85.90142324485896, 39.382103595650285, 35.1512335098866, 31.046835860538856, 9.160387771516838, 7.664951316401706, 68.99884353468958, 86.25174835658063, 51.300262796366724, 83.87931930501757, 29.22058419803425, 32.58184761608896, 89.56512806513382, 86.93702327819898, 25.173281538066355, 62.458647049799, 27.299507324416915, 46.00673698786335, 55.39823699326994, 55.15544835138032, 21.431212692544804, 79.99047176933466, 62.92392164374434, 18.08650323763279, 39.126316202995945, 33.656617482096536, 86.40287483844756, 25.349192661628983, 69.36451243781357, 83.82546168268514, 90.2620897834263, 27.362271492522392, 65.39375611833442, 91.80255139436244, 58.9727900030437, 79.30013048990261, 80.60214117964509, 16.68223700490292, 82.72546669303782, 93.09439678121701, 96.35156125869045, 45.74962646826888, 94.56426993401, 39.51983789304497, 67.91086343178873, 67.72371060684661, 81.43057813732197, 73.24902917264228, 28.711810013101903, 62.33465043016616, 14.955617925585855, 73.75489058242805, 36.710532768009294, 29.829503445117165, 96.99484482001252, 33.438936680272306, 35.121458419206974, 62.330285169804846, 92.01315828128533, 93.04782549530374, 89.69931348953976, 56.332919000033506, 30.367495381469553, 25.298038048095865, 39.28557379062241, 49.037166639959736, 28.960717816744467, 6.187204983820479, 88.22452712046686, 1.6994177553670096, 77.01774080035865, 69.51821373321415, 33.543337407189696, 67.1485042241994, 64.28393100849611, 74.80988294920033], [69.1768622337486, 75.40392521257725, 44.091411626846494, 106.94607008793544, 0.0, 67.25065165980212, 69.02211276926535, 42.351364287211815, 30.39625559295417, 95.42960671530597, 125.30472917511898, 80.83408605780923, 106.09569175140993, 114.58599609496243, 58.537039898168175, 55.16395976130161, 69.15484928019801, 24.81736997916092, 81.55998613059872, 105.70101768343254, 26.73667694762656, 27.782007489508167, 116.02046978894879, 92.84904245719198, 94.82070508405826, 64.67807897528364, 78.75806447822572, 53.326982058238265, 88.10944361937406, 59.874215705845856, 47.79189841516199, 90.84476588706407, 75.2857766030248, 89.42796814620372, 40.216839492710704, 81.8338726483663, 43.4214519313771, 50.12322347004098, 25.117292305228663, 85.94061603068782, 75.58984322075095, 22.49805328801919, 65.85307707212506, 82.95957891915354, 89.2142662563268, 113.82276112513149, 46.940330497591646, 80.73514405586305, 13.183108247610823, 86.7297045873573, 38.37788757894701, 67.49587079276866, 64.84623801444634, 86.69048466167435, 80.01602271479629, 53.692715669173566, 112.3955376723814, 53.514259121541, 119.66607509245074, 39.308043567878244, 83.87542827943362, 116.26342310012338, 92.80625981006374, 104.39684801951336, 79.89227842358291, 63.731158300739146, 15.876909750310627, 13.919323793958336, 28.581345673939932, 73.92056251888492, 82.07836477002328, 83.37211490468891, 71.20573153261853, 59.39973159106928, 122.16077905701736, 112.16513967747173, 87.44027480077742, 105.28351804537687, 32.5284874377545, 67.10515446661026, 88.45651947786226, 85.70514502187797, 77.19194031983528, 46.9471893085811], [24.12970564511458, 40.20767559711135, 43.83466263604532, 82.47550257196394, 67.25065165980212, 0.0, 81.22380169568214, 28.628980202162687, 37.768832722338864, 48.99328302488216, 80.72534653919857, 75.86889313078753, 87.5702561029299, 88.92175676885715, 86.54818364559922, 12.474956914064549, 81.84806736280946, 63.00625995167677, 54.47659232714401, 61.243857582217565, 74.17471788559892, 40.484571122941624, 75.80662068140337, 110.79138024695443, 89.46838813188339, 68.96496721975514, 28.157116574628652, 43.85812781317534, 75.78789029850962, 7.995932136153393, 66.09895959486686, 65.08928251325561, 44.39899075817981, 88.81981295491042, 27.048491944949063, 67.30830068480417, 34.61640653028088, 17.141251823731746, 42.4598831183719, 55.21627595354467, 99.11808278907093, 45.033037544903394, 85.25277534223761, 16.235681669869233, 22.332488508163976, 78.74973057787, 20.531881871130288, 16.21100614923127, 54.706367389113886, 95.0662017740849, 30.36988516057125, 55.74576251966275, 91.59218448535712, 24.528001319550256, 12.885628728167886, 85.4822948698078, 69.83151237499288, 74.2857317382912, 88.07822479445117, 35.3121738291309, 45.92262536813222, 73.25232267241707, 27.375324621369526, 59.6057231300969, 47.66538946626801, 85.99671018393207, 54.45832642216648, 58.753372797824326, 38.78782003904168, 26.21644977587954, 77.00337689331798, 59.40052129083773, 70.5422761482891, 45.79563769010265, 80.70015229404723, 84.55963487111431, 20.437998306701356, 80.96635945676013, 42.825647156976366, 13.066331102529642, 87.74241746834676, 23.995287711817216, 99.69568537971364, 24.327754114337115], [61.50142943891281, 51.00536438517274, 40.184566033957125, 50.81477903475387, 69.02211276926535, 81.22380169568214, 0.0, 58.77875868998707, 61.335194852033226, 66.51868930164935, 82.20232494214423, 19.932588114377044, 45.55466458983575, 57.16465807061069, 18.254046955157815, 77.28729072228924, 0.6995065453615709, 44.28354891055062, 42.72583786051286, 69.36333929664232, 45.10536626271424, 60.72751401874446, 71.23108127329651, 29.811562514520073, 28.600589476584744, 12.607805942563225, 66.30960058484804, 37.42738098683787, 29.58614975371653, 74.65112395383048, 21.92026151952504, 43.50308194386156, 46.672936206675175, 21.90224816988359, 68.4276970198912, 29.756116812544285, 50.076661158586745, 72.06638633374553, 63.04904436800655, 47.14340470925761, 19.39768395053738, 63.20852910610689, 8.264474963780513, 87.93179945012666, 92.44148710566967, 64.77299902028155, 69.00019970418649, 96.83916968694643, 62.83684102465053, 17.89269803712709, 75.26267592967972, 28.754163976104184, 17.523912849395828, 81.52338528768311, 87.83243068034704, 22.896325612005935, 71.29898557038162, 15.624584255170326, 65.7621668184067, 52.378380013414095, 54.17753046479494, 74.2617912027568, 105.89926787437898, 69.01467233001672, 47.90740599765189, 11.538892217808664, 57.99618374661653, 56.7942904098915, 64.65193731316819, 63.31250374000737, 20.475814289219308, 39.73859184572733, 14.793172970076425, 35.899666295758855, 76.72638924637698, 56.99941895549752, 96.9254428202298, 49.59542643680077, 49.88901733570122, 70.12912517448167, 21.170206922918798, 80.47447217638425, 19.40185706169365, 60.622912162923235], [27.25395224463839, 36.98299442636853, 18.604138889971907, 76.37286583648847, 42.351364287211815, 28.628980202162687, 58.77875868998707, 0.0, 12.316536813970961, 55.21972924735898, 86.85995911232496, 59.4798895683108, 78.6193374322941, 83.83451093868511, 60.35351796323729, 19.896480908031986, 59.302800614777325, 34.38863681562001, 47.4917367871009, 66.58542132576108, 45.56810442930796, 14.698337049929503, 78.85400001416025, 88.47441278670476, 74.40399264039023, 47.9140324315557, 36.77103338942945, 23.61935767517538, 62.83577522042044, 20.636819214865998, 40.16728151717629, 58.422015239806555, 38.59301602123288, 71.7091966658957, 10.44571952972455, 54.59889530817767, 8.773050536798676, 14.010014578206613, 17.807697742856412, 50.68163070592694, 74.68736236657107, 20.29445015379833, 61.0189766607838, 42.477010263230675, 48.6564826688957, 78.64729565741348, 10.491112405309192, 44.50763109473146, 29.17051000934133, 75.00414650860125, 18.468247948459535, 39.88544913668774, 65.974299115011, 44.53760242454774, 40.192777802767864, 58.50988590133745, 74.21150948641237, 48.718200612325866, 86.30731931286337, 7.106046207772963, 45.477783463008606, 78.0722794870658, 55.99567132372647, 65.11526232241332, 43.274690035182836, 61.07291420146807, 27.547640152483787, 31.477549889617215, 15.367538545256938, 32.022781759048044, 60.77687767349035, 51.07482778843523, 51.68819051653654, 28.69731593145564, 84.75089598215779, 80.32795017444984, 48.77724542753594, 74.6856774800855, 14.197480755633084, 25.039258893435964, 70.59359329286927, 43.52050967850663, 75.56031288785043, 4.744783650485349], [39.56834654078679, 48.456200825567905, 23.122528786648715, 85.90142324485896, 30.39625559295417, 37.768832722338864, 61.335194852033226, 12.316536813970961, 0.0, 67.29625709994363, 98.62414423114492, 65.73890731631352, 87.23588842609801, 93.49182436628722, 59.16341891318563, 26.543873302861194, 61.756522233305404, 27.627264457903358, 57.704864655036445, 78.44703424858376, 38.22772672848678, 2.720619903152307, 90.2763789629872, 90.18993241180797, 80.75003891095454, 52.09952190090983, 49.086849354751386, 31.056729578938583, 70.4770729970153, 30.028966069853524, 40.441050442846155, 68.28601440099797, 49.52283192451991, 77.13738965610642, 11.401013825252626, 62.681875745468176, 16.639206608236783, 20.824286263248844, 5.493291071295588, 61.33197742586464, 74.96142942600916, 8.022816118344437, 61.94200432174134, 52.95455565449216, 59.21035329403176, 89.53336859847718, 17.25021440748039, 52.54287061243909, 17.324306215306027, 78.62961441637842, 14.846510538205033, 47.577428451222154, 65.28238052682235, 56.29833361054154, 50.23439710732241, 56.296603875049854, 85.87344031827884, 48.84507446410885, 96.73510109706123, 12.164648841991424, 57.03256349450347, 89.74982595173118, 64.49233303586938, 77.01125640283325, 54.25432775982366, 61.311535851343486, 16.69404209888039, 21.027918023508114, 3.813229818155031, 44.33784841027077, 67.05890724108068, 60.76959464360073, 57.02892950637531, 36.98737805078447, 96.25845630217954, 90.27167279655077, 58.200386638237006, 84.20243707140676, 11.448088780844039, 36.71279143719832, 76.0387318064838, 55.31774505038713, 76.08544640250679, 16.68611494731335], [28.978748846260725, 20.55294757401479, 52.82071030831715, 39.382103595650285, 95.42960671530597, 48.99328302488216, 66.51868930164935, 55.21972924735898, 67.29625709994363, 0.0, 32.424285547567585, 50.3564486381982, 47.16287190918957, 43.9511923673973, 81.00305188421812, 56.650184471378985, 67.20737810716177, 78.24744597421122, 23.815600767090075, 12.309054113624512, 87.66288261682327, 69.3397113928203, 26.839468749902814, 89.92266033917498, 57.901760092804125, 55.309411006180596, 21.172739477870557, 44.5290920735384, 44.23221812133743, 49.365931441099114, 65.39415989664309, 27.420004501776518, 22.49048125322903, 61.031387647685, 62.81973866258049, 38.619708243607306, 52.061838017740605, 56.52895025323038, 72.67537059761285, 19.771165848826822, 85.59541535670805, 74.96584715118003, 74.02025141408846, 41.67546189348929, 41.94676203120614, 30.759655221375525, 57.020682064120145, 56.16549566834695, 82.63039904312161, 71.75386351419363, 70.2606206635128, 39.367170975339235, 83.07270941179084, 29.364867909794825, 44.446565902668596, 83.09178330027207, 20.853605727160726, 69.81181712511795, 40.55260180707755, 56.348879139890535, 13.242113724607902, 24.373499882826483, 58.36904897146549, 10.679306351717463, 19.345180008833363, 76.53496697457342, 79.5810476552041, 82.35200318028268, 70.57094517666154, 24.67520626261478, 50.810895895431855, 27.48001709241633, 51.75095155020115, 39.77572644421994, 31.757682522350763, 39.22902601226716, 49.996740403799876, 38.32828213354491, 62.93478016608082, 37.631593178617734, 60.27331912614042, 29.003753699079553, 85.24034161787196, 51.64341432398559], [61.336812231696875, 50.24912473642612, 81.41233866634451, 35.1512335098866, 125.30472917511898, 80.72534653919857, 82.20232494214423, 86.85995911232496, 98.62414423114492, 32.424285547567585, 0.0, 62.54561644617466, 44.030078817065124, 33.45603676731759, 99.55914157847121, 89.00950954143575, 82.79464014630587, 105.62418359174956, 45.0031119430188, 20.359433263143185, 113.70512171279421, 100.46647409269272, 10.971245319518678, 97.46798670954159, 62.24477199026628, 74.13779956243197, 53.485944065133154, 72.33840152606632, 53.27549012383463, 81.68439366765752, 88.56222378916172, 39.23605994876572, 50.01967505571912, 68.16457372964987, 94.98537937139257, 52.77741446400406, 82.64612629662497, 88.94572033037052, 103.86104406966358, 40.15662180230041, 98.88337135783675, 106.00767776037476, 90.44720221964792, 70.96329144331992, 69.44440255707589, 18.52539150297755, 89.35584201692404, 85.56386876946755, 112.9622914048095, 80.29722879938976, 102.56250892306439, 61.60623162741156, 99.72535001498666, 58.49487599509503, 74.29636548282123, 102.99004256665042, 12.911040212290594, 90.5463018778039, 23.921003632156623, 87.10729042375561, 41.66290910716878, 9.060313520832526, 84.98148163229327, 21.90703460865216, 45.44348026015934, 93.58665737134156, 109.46133256033168, 111.72349883978553, 102.07186113651935, 57.0976887443854, 62.2930304642791, 45.092686658004766, 68.40140735951171, 66.57160503743211, 6.250172479225837, 30.143149119658936, 77.89686179535985, 35.54028772345803, 92.91097551182015, 69.9383857096025, 67.88834075550277, 58.503980284950295, 97.9718083701218, 83.59092666340625], [53.07220999982773, 39.10973774242164, 42.6269238850306, 31.046835860538856, 80.83408605780923, 75.86889313078753, 19.932588114377044, 59.4798895683108, 65.73890731631352, 50.3564486381982, 62.54561644617466, 0.0, 26.755609546177347, 37.72354737553044, 37.99147924144612, 75.02948240885496, 20.468908361740528, 56.42569930596249, 27.161323464093673, 51.1425507056663, 60.3341192158091, 65.95911862940403, 51.58819000643759, 39.646260343851594, 15.021946399552773, 16.387840580238667, 55.249060547906055, 35.86165283613285, 9.671936219417708, 70.67154938262186, 33.87695572897317, 24.716624487858834, 34.33129728070231, 12.952875274188019, 69.89172588909302, 11.737303066871313, 50.956729493330215, 70.79668462321806, 68.91315899148107, 30.60364341195176, 36.6820767140747, 69.8065073803298, 28.181568642464207, 79.02250864005275, 82.5474113188045, 44.8905447048603, 68.47177788912875, 90.14000685971125, 72.06761953939113, 21.57828379325044, 77.67834096881315, 20.35176470840373, 37.34282374334593, 70.44162708093623, 79.7573933796769, 42.20525208152404, 52.12413734636247, 31.755050646009256, 45.9498364558578, 54.55420922805875, 39.544963066715155, 54.874693301099974, 97.53363391271117, 51.02101313576042, 33.81409677668869, 31.468226365289084, 67.34419998869136, 67.36458189327936, 69.46220942160207, 53.45829228624803, 1.3202661373151598, 22.900147387197, 9.64014949402285, 31.34494615286942, 56.948032789492764, 37.210830740343596, 88.34577256638315, 29.7609003133033, 55.006628179115175, 63.36044308279142, 11.883739651702497, 69.5035904831046, 35.97431890222635, 59.78112605419544], [63.446645624911255, 47.363335793291974, 64.65615713577978, 9.160387771516838, 106.09569175140993, 87.5702561029299, 45.55466458983575, 78.6193374322941, 87.23588842609801, 47.16287190918957, 44.030078817065124, 26.755609546177347, 0.0, 12.246136471956016, 63.789764407827185, 90.24026208450601, 45.956749229072365, 82.25390195182128, 33.18286327546307, 41.36116777863079, 86.90765131787089, 88.00364642517745, 34.28095125538385, 54.103053323428796, 19.42223411965034, 42.86049021346828, 61.433228436561784, 56.18090791887682, 18.086763166163443, 84.38447836714168, 60.28273817424684, 22.539885745474226, 43.329279239910285, 26.302775216063623, 88.90431435706888, 24.68217166937872, 71.02335231670622, 87.29538102910689, 91.23154225726223, 32.57473194685576, 58.43289576000472, 92.55335728341645, 53.44207297018722, 85.75348265072003, 87.51212285136566, 25.700776891122466, 85.83826137137831, 99.13871501183972, 96.25229463427891, 38.10295973576978, 97.04158866221381, 39.77057959956666, 62.007495457577, 74.61047462138428, 87.62009648399561, 68.39445890184174, 37.85252903569424, 58.50039609796605, 22.12102486698133, 75.24119340141297, 42.646714612344226, 38.98045652983751, 103.78937162817557, 42.11124255418379, 39.91690308137799, 56.8577740889169, 91.72445557010536, 92.32633660889259, 91.04880739699041, 61.78170004818652, 25.787044968631147, 28.485812282657804, 35.98737301317189, 50.30816209309561, 37.79680434477957, 14.027512877337514, 94.85856224850416, 9.43499664870831, 77.60445572923847, 74.51039283819732, 26.399481924714834, 73.95495426293277, 57.18823739021149, 77.57948314288127], [65.19895679655812, 49.452883673708634, 71.7556101092663, 7.664951316401706, 114.58599609496243, 88.92175676885715, 57.16465807061069, 83.83451093868511, 93.49182436628722, 43.9511923673973, 33.45603676731759, 37.72354737553044, 12.246136471956016, 0.0, 75.41522423103498, 93.19700710004025, 57.60839884029455, 91.4302551685872, 36.48965381367964, 35.44060413572024, 96.931491745571, 94.55417697326904, 24.98718866446234, 66.10929239564564, 31.66516951030096, 53.16622634913195, 61.411692242763976, 62.79779275224631, 28.308894706916824, 86.78566612481987, 70.26043839895063, 25.42454899853672, 46.2117427672313, 38.533259228019176, 93.79719689973464, 32.89274786902034, 76.93045467007822, 90.96031913757824, 97.8860836463325, 34.21028992197124, 70.64501533624484, 99.44229130867566, 65.1990706266616, 84.85191608983044, 85.74439330710136, 16.387143866470055, 89.97100911739537, 98.90816196955667, 104.01636867206781, 50.345227548294, 101.9536298338785, 47.18050866408114, 73.93372509410301, 72.96005939033873, 87.17992789796516, 79.84530444258642, 29.888896030711024, 69.32370100699748, 10.15777795122447, 81.33763053950901, 43.001327810935535, 30.01854354818721, 102.1800835954667, 36.56403351443192, 42.023717486507536, 68.59535676401849, 99.67507250738115, 100.69233487156131, 97.28541038009642, 62.70874512496909, 36.91937683720434, 32.79106015951133, 46.36926133264475, 56.66952220055639, 27.23904680653849, 4.738502865235399, 93.58577201241833, 9.353794733321488, 84.67142632462118, 76.06837823219456, 38.600906032307314, 72.46281547280228, 69.41700813946805, 82.16098102977999], [70.44929746985608, 63.197791667186394, 42.78030504465383, 68.99884353468958, 58.537039898168175, 86.54818364559922, 18.254046955157815, 60.35351796323729, 59.16341891318563, 81.00305188421812, 99.55914157847121, 37.99147924144612, 63.789764407827185, 75.41522423103498, 0.0, 80.12923749702165, 17.833713422824776, 35.585125249823484, 57.769541256706326, 85.40343077356238, 32.22485744231176, 57.79043595769815, 88.61235646291307, 34.32219315872601, 46.29545141736284, 25.968456368608166, 76.98386184705532, 43.99182180921337, 47.66160905039686, 79.14185309157769, 20.458945239439426, 60.43017668020263, 59.48528681823885, 39.280429932755084, 68.4778322502461, 46.78298670975069, 52.48136386493481, 74.34824912882564, 59.27006135240787, 62.54393643856724, 17.093600993708602, 58.66927528900422, 10.54299667669362, 95.97739580099072, 101.16423619569629, 82.54141756010665, 70.8285415293029, 102.70523230791038, 55.5597428188305, 31.65722380820519, 73.96030048403358, 41.6794763201314, 6.422101771698452, 91.57906008731892, 95.18248781450318, 5.453244503763849, 88.17090102534345, 12.468482422859234, 83.9287293342744, 53.30145760656878, 68.02067053640751, 91.3319800832819, 112.94425683931625, 84.87225379917129, 61.743019688320956, 7.166278447602715, 50.9988819238716, 48.54375258483418, 61.79245207868627, 73.23398809521927, 38.63135601410014, 55.66251720179997, 31.165735863511777, 44.985038046622044, 94.27659127039144, 75.1766744949992, 104.4021713687633, 67.74413922238347, 48.28665507853851, 77.21744642216848, 38.714525129162034, 90.4778039070036, 18.659343762986772, 63.40491055518801], [28.53756908365067, 43.75311133066933, 37.70870123370963, 86.25174835658063, 55.16395976130161, 12.474956914064549, 77.28729072228924, 19.896480908031986, 26.543873302861194, 56.650184471378985, 89.00950954143575, 75.02948240885496, 90.24026208450601, 93.19700710004025, 80.12923749702165, 0.0, 77.85784160096195, 53.211678537196825, 57.222389878957706, 68.92836783381647, 64.21534213357201, 29.197079201132055, 82.95677121980407, 107.09885313192613, 89.43791078839762, 65.67238607345773, 35.52372168715096, 40.27557822160631, 76.53579550373748, 7.399747285944406, 59.81179356512822, 68.29378554453619, 47.15363927006456, 87.79578358903203, 15.284718980099782, 67.996145729542, 27.753717133449932, 6.018924320673335, 30.772004763270797, 58.987803153165274, 94.03004524016775, 33.272738223356086, 80.23944550812578, 28.698658123797106, 34.8064075275724, 84.79992694469865, 9.784996300196163, 26.012195235580524, 42.91412313907067, 92.57546921595291, 17.895857889195014, 54.69653468729598, 85.63345205096502, 35.8328382751129, 25.341881543230812, 78.39407429739474, 77.35159417233754, 68.30435330193903, 93.63376652565628, 27.00219822440477, 50.92851830872734, 80.98359387032563, 38.00873464729747, 67.31128022928638, 51.17761890707487, 80.52147932534837, 43.131591280744495, 47.52218417901067, 27.00457585296999, 32.17324795874717, 76.25895969523538, 61.75887630282765, 68.41121601197958, 43.766030945868515, 88.27431455828872, 89.11484036857306, 32.28274753062695, 84.6468860143641, 33.551551412426456, 19.09428754374533, 86.68808068711813, 35.12722597293695, 94.80871361395522, 16.83688668662647], [62.17531661205012, 51.70382892889199, 40.70365174778289, 51.300262796366724, 69.15484928019801, 81.84806736280946, 0.6995065453615709, 59.302800614777325, 61.756522233305404, 67.20737810716177, 82.79464014630587, 20.468908361740528, 45.956749229072365, 57.60839884029455, 17.833713422824776, 77.85784160096195, 0.0, 44.44259375308338, 43.41209301641958, 70.01999977152708, 45.09073766527646, 61.12429687212089, 71.82349600406185, 29.244933039380545, 28.84326125065989, 13.286187409553717, 67.00202808348782, 38.038663280444695, 30.109722363435175, 75.25601849033477, 22.198418110277853, 44.13250044397096, 47.37238289651568, 22.07883406495682, 68.92131897783652, 30.38935805322763, 50.61036002542608, 72.62038759020356, 63.42214934638135, 47.821932001646, 18.698501846888448, 63.556878497325094, 7.7126899257032155, 88.6013536483054, 93.11997218062004, 65.3315527385377, 69.54075258055467, 97.47803798791188, 63.08857908673054, 17.666765203307758, 75.7244724102516, 29.451599610605346, 16.93231087152953, 82.2131891533482, 88.49244246913103, 22.556950663066413, 71.92244769619282, 15.694811574694628, 66.25138025556902, 52.876207649511954, 54.87378929421851, 74.87396033075912, 106.55849554872458, 69.67671050814349, 48.60451123454255, 11.031491302428988, 58.250673834614865, 56.99973361913704, 65.05631700904897, 63.99790524849608, 20.984666414561897, 40.40800181524405, 15.47527263249753, 36.55788948159294, 77.30428241467753, 57.48629232429468, 97.58915429448238, 50.09265125015742, 50.30881898194245, 70.77958359931854, 21.373365250315487, 81.16371346976123, 18.707964353447842, 61.17927156294088], [56.19116645912082, 57.69504600114246, 25.611328132703424, 83.87931930501757, 24.81736997916092, 63.00625995167677, 44.28354891055062, 34.38863681562001, 27.627264457903358, 78.24744597421122, 105.62418359174956, 56.42569930596249, 82.25390195182128, 91.4302551685872, 35.585125249823484, 53.211678537196825, 44.44259375308338, 0.0, 60.756556556760714, 87.06334809156662, 11.1900844717162, 25.447125538473752, 95.64601920840775, 69.41352294365214, 70.13608754847846, 40.11924430258203, 65.28901394764016, 33.78886251115072, 64.17291037897331, 55.010454850427045, 22.999685927265254, 68.87850198958158, 56.36864687049343, 64.63474749843886, 38.76116177455341, 58.539646231328454, 30.262011290328036, 47.21835647844455, 25.783827931969643, 65.50245672282477, 52.58320074471262, 24.48802035613628, 41.65390935308896, 76.46471739347149, 82.52478304300901, 92.38676725082166, 43.44970240994522, 78.73328114725777, 19.99149152926692, 62.0755296167305, 41.983216691385465, 45.124813288796254, 42.00698488042887, 76.60091128003373, 74.42570134918782, 31.464519343751192, 92.81106718538513, 28.90561577162822, 97.31250813164124, 28.067447016232435, 65.57116607150448, 96.58752492735309, 90.35173336097806, 85.94959430647899, 60.59387786684628, 39.86914668475367, 15.555819728105128, 13.000838432250815, 29.077191595084933, 60.52132142552053, 57.63889596126838, 61.6832319112613, 46.78787946118143, 39.15841788717829, 101.80870546404712, 89.3978330250998, 83.13683970651887, 82.25925582594425, 20.222850626944805, 58.05952754134183, 63.6720427533021, 75.5073089410985, 54.04160526111697, 38.86331049403281], [30.352481158344407, 14.341053615477207, 37.50624191742339, 29.22058419803425, 81.55998613059872, 54.47659232714401, 42.72583786051286, 47.4917367871009, 57.704864655036445, 23.815600767090075, 45.0031119430188, 27.161323464093673, 33.18286327546307, 36.48965381367964, 57.769541256706326, 57.222389878957706, 43.41209301641958, 60.756556556760714, 0.0, 27.97266207272065, 68.70721252512917, 59.02201001652854, 34.8897389462037, 66.777397540478, 37.259508424285, 31.845921728671957, 29.663766784613205, 28.253454688811082, 22.969046901230737, 51.22232547463721, 44.02118918634702, 11.138058633367116, 10.147032480328267, 38.91351713476237, 57.338271090440664, 15.669037523182785, 41.06667286664396, 54.62289830628822, 62.41655075289776, 4.970920685354446, 61.782014527142884, 64.20269140104963, 50.329653485290564, 54.15355797204539, 56.87667774665787, 32.305435798859214, 53.50994349170335, 66.7548284226989, 69.88932945399183, 48.73915824679899, 65.48758972299399, 16.945635700090598, 59.46736156079856, 44.29079526821896, 55.54488272268996, 60.28829746640299, 32.365272392305855, 47.1921401540384, 39.031497890161816, 45.56647888596753, 12.411567493402345, 36.03539268537708, 72.61008604431326, 27.274084709302883, 7.278791533360167, 52.94858925842781, 65.95130637049782, 67.73086234923231, 61.44628486902536, 29.12643752621936, 27.801708970649376, 5.10182672018414, 27.944393105844206, 22.162367600952678, 41.05346569981168, 32.846030767761135, 63.46751422736001, 27.57230368535413, 49.92631501637493, 41.4105895669894, 38.021389589101666, 43.4437004310964, 61.442312449282326, 45.677750249962145], [41.01711217002882, 30.31936672819377, 62.19062680942317, 32.58184761608896, 105.70101768343254, 61.243857582217565, 69.36333929664232, 66.58542132576108, 78.44703424858376, 12.309054113624512, 20.359433263143185, 51.1425507056663, 41.36116777863079, 35.44060413572024, 85.40343077356238, 68.92836783381647, 70.01999977152708, 87.06334809156662, 27.97266207272065, 0.0, 95.81031322183567, 80.35459884525406, 14.832230442403363, 89.59309036448079, 55.535599249687266, 59.44114259364851, 33.47920182460362, 53.35914657680073, 43.288615739119805, 61.66087431305126, 71.88683478298027, 26.453085193295795, 30.747296286146295, 59.934226111161465, 74.62670784085212, 39.81851393197044, 62.67855378783956, 68.66616192973792, 83.73425188259097, 23.034485917271134, 87.65326300241264, 85.9309359194272, 77.33579415284578, 53.1076103415356, 52.67172857262004, 20.274496851911053, 69.01327905962897, 67.72336377967322, 93.15470135394759, 71.52808976553469, 82.20984685864656, 44.88483994333649, 86.61196980752861, 40.601145925990075, 56.10596624075619, 88.150135509813, 8.604340973434715, 75.12975033897462, 30.12388471601694, 67.09321868557934, 21.830223805350663, 12.065580307426709, 68.91029945171839, 1.6381797403648866, 26.481161493724017, 80.17636634430069, 89.82568085691423, 92.30301568335342, 81.84742114183258, 36.860653053775785, 51.28654880345741, 29.773374864845753, 54.71624283564285, 47.93468141085707, 19.461964213448535, 30.761309510492314, 60.96357683571655, 31.96080161727894, 73.19453794735576, 49.93271386040185, 59.358107990109296, 40.392601215003005, 87.04911251930648, 63.25258087153023], [66.89382563935739, 67.19424906836205, 35.79721598365187, 89.56512806513382, 26.73667694762656, 74.17471788559892, 45.10536626271424, 45.56810442930796, 38.22772672848678, 87.66288261682327, 113.70512171279421, 60.3341192158091, 86.90765131787089, 96.931491745571, 32.22485744231176, 64.21534213357201, 45.09073766527646, 11.1900844717162, 68.70721252512917, 95.81031322183567, 0.0, 35.865065617656114, 103.41058987060276, 66.4956881235572, 72.84422191653564, 44.049602859048385, 75.8170664658359, 43.19260665709665, 68.93066140642384, 66.17889354348199, 26.680652371375132, 75.84126073813638, 65.40691109307807, 66.67947641861397, 49.53367502851852, 64.35371204860046, 41.30417485842711, 58.24551876966896, 35.67534894210169, 73.59288060022944, 49.1215655148156, 33.974548301818, 40.537282507418645, 87.63515550418819, 93.68080427815185, 99.47222002914218, 54.4843444812072, 89.84894936058654, 27.268237209712428, 62.09612482872188, 52.09381906914171, 52.2843093159659, 38.39563695141793, 87.53912971203843, 85.61389303865826, 27.157649051852257, 101.04533895560277, 29.61714171296647, 103.5947165102987, 39.24570041177847, 74.71521269831284, 104.74075174828302, 101.50635722666024, 94.79127451231653, 69.377927049362, 38.018577107845736, 23.872200131004067, 19.953413409169787, 39.22458595625385, 71.10888824641208, 61.43554121519194, 68.99578984157188, 50.92208648296058, 48.009176927708104, 109.53580853721033, 95.35063408947926, 94.32520430963518, 88.01261491518558, 31.412209141288976, 69.16693711743751, 65.82528921556978, 86.43909097255273, 50.77756042808426, 50.05318316428714], [41.88329391404695, 50.23688839581488, 23.509614050043524, 86.93702327819898, 27.782007489508167, 40.484571122941624, 60.72751401874446, 14.698337049929503, 2.720619903152307, 69.3397113928203, 100.46647409269272, 65.95911862940403, 88.00364642517745, 94.55417697326904, 57.79043595769815, 29.197079201132055, 61.12429687212089, 25.447125538473752, 59.02201001652854, 80.35459884525406, 35.865065617656114, 0.0, 91.96605893772126, 89.29952755053344, 80.93868619023218, 51.91224659627501, 51.431211871339556, 31.87156709444769, 71.02622745483993, 32.74957867715749, 39.512471746499486, 69.4628583554077, 51.102228731637894, 77.11462916423568, 13.985047154021817, 63.37633303345545, 18.047583826485578, 23.516265688609067, 3.4158067544335426, 62.778704527915686, 73.81649908917736, 5.6477964774880425, 60.983294422787765, 55.66945738946171, 61.92458010293059, 91.01185543372365, 19.96112093309652, 55.205571131386236, 14.66374816386018, 78.1860731288226, 16.615999158228966, 48.25690802001868, 63.97997798220262, 58.911763963232225, 52.954802148854924, 54.739385552379105, 87.67468621166502, 47.803727099632226, 98.04266333974503, 13.518908266035009, 58.82470814346809, 91.55534949254145, 67.16962199866663, 78.93860078721721, 55.834508064000325, 60.21465631402203, 13.986589701144132, 18.338803834058385, 4.015557973408594, 46.653433108759685, 67.27910205932159, 61.91896860320589, 57.074581293634736, 37.916785422167884, 97.98039362998837, 91.42860800335342, 60.91408792040899, 85.23764559402939, 11.05626625397931, 39.327850419353794, 76.02362610733161, 57.92401425774889, 74.9878182515334, 19.196179826122936], [54.62528023199836, 41.881166120379106, 71.95707204882444, 25.173281538066355, 116.02046978894879, 75.80662068140337, 71.23108127329651, 78.85400001416025, 90.2763789629872, 26.839468749902814, 10.971245319518678, 51.58819000643759, 34.28095125538385, 24.98718866446234, 88.61235646291307, 82.95677121980407, 71.82349600406185, 95.64601920840775, 34.8897389462037, 14.832230442403363, 103.41058987060276, 91.96605893772126, 0.0, 86.9993663073395, 51.814973660418765, 63.266514813177984, 47.79924850454019, 62.77158571610994, 42.364398330195684, 75.79469635082697, 77.97008473820172, 28.375125944726882, 40.95813709672551, 57.52069907720505, 87.53428257369212, 41.83792235152789, 73.9762686536059, 82.26709517442711, 95.37906150163349, 30.20980197381349, 87.98580637261377, 97.41784781629835, 79.47627225499794, 67.93301286024716, 67.3696070247882, 8.705944193924703, 82.30119686883536, 82.55349267486255, 103.94021781585299, 69.62859362501612, 95.34402199759316, 51.164720602614274, 88.75411743326883, 55.41765994707038, 70.93752154023421, 92.08622843452142, 6.442636145118472, 79.7222391106062, 17.069666271879935, 78.48708818226085, 33.386490544518686, 5.072283749663746, 83.51165686762694, 16.439392538195467, 36.25689793345181, 82.61841169310101, 100.25309966820012, 102.30260046910807, 93.83616624082823, 50.78405769402