instance_id,num_cities,city_coordinates,distance_matrix,best_route,total_distance
2123,24,"[[45.36139903629511, 97.53522656468067], [11.268030391717943, 69.1194760923271], [53.55544446082451, 28.274468031807164], [26.76740851298508, 60.03420651040141], [82.1098926431883, 64.20195096334464], [64.87462716257822, 69.65359372395167], [72.65487192234905, 0.8659477923947723], [79.99601166730706, 55.99846618966697], [80.62707190992634, 45.77321266131731], [87.31068997377443, 47.066479710251954], [94.37978596344504, 2.764283599279116], [34.0501596075929, 91.47783313802643], [59.63521151965912, 60.46742214230261], [44.5185913815904, 32.245145032730434], [12.712134559096766, 77.57655275517247], [85.17652884384465, 23.339573754772182], [31.697079902650284, 80.00676381453697], [43.666897516331005, 17.730713012046316], [74.81557087626919, 69.30573128623998], [86.411063882163, 5.128800107246723], [10.66115027926049, 62.30862393979366], [81.62815247243816, 2.4114414043419297], [62.375391996943264, 95.27453851615817], [16.668665154417216, 12.257192028498764]]","[[0.0, 44.38257158437419, 69.74378146450235, 41.85765149518542, 49.614101268595945, 34.03162531783612, 100.44841024394405, 54.08196422608521, 62.633647239817925, 65.62649936735687, 106.6973940051545, 12.831062019127703, 39.72107560862254, 65.29552106531915, 38.26647529021185, 84.2035596485119, 22.22522494305215, 79.82250133122714, 40.79770388703545, 101.11390920437817, 49.44715154881805, 101.8028089397747, 17.163527228332683, 89.97564199254428], [44.38257158437419, 0.0, 58.792347053983235, 17.965880037512182, 71.01233344039946, 53.609257586708104, 91.79808515702535, 69.96925261201118, 73.18281667519132, 79.17588474870581, 106.35118939158114, 31.920550455651544, 49.134939175877726, 49.651949581400764, 8.579486145888028, 86.93828616601597, 23.149062569925086, 60.74941614435124, 63.54781343707224, 98.69793359120388, 6.837836683817902, 96.956220383982, 57.41123322697187, 57.118177533912814], [69.74378146450235, 58.792347053983235, 0.0, 41.54852413950991, 45.892706836655606, 42.899369926398386, 33.40681234527347, 38.310881849123945, 32.23474951588385, 38.63361622424609, 48.139343253768864, 66.1447012084548, 32.76201858631663, 9.870713724008214, 64.02242983360178, 32.003846004560025, 56.16064928497436, 14.45524578103686, 46.212093000158056, 40.18972096486689, 54.756225597676924, 38.17031675842228, 67.57810976527749, 40.21427132456532], [41.85765149518542, 17.965880037512182, 41.54852413950991, 0.0, 55.4991949808899, 39.30257909567912, 74.87684647383786, 53.381376843396396, 55.71570054118882, 61.91648301061417, 88.60743566286837, 32.27599911704517, 32.870657892248744, 32.97478477631725, 22.47853726758671, 68.97913750472189, 20.57193975484719, 45.55412484879478, 48.93451826837064, 81.06768331519561, 16.266054498081104, 79.56182681570839, 50.09799883897363, 48.83265024782245], [49.614101268595945, 71.01233344039946, 45.892706836655606, 55.4991949808899, 0.0, 18.076913037805667, 64.03785376245891, 8.47146122060144, 18.488297724009122, 17.907335590181965, 62.65091582114377, 55.260398911515495, 22.7828443597263, 49.33906541298843, 70.67481022392673, 40.97728796202645, 52.83222309986365, 60.31119159036541, 8.902567249042466, 59.229530017502974, 71.47382368815202, 61.792387436911035, 36.80972986839089, 83.55125514339291], [34.03162531783612, 53.609257586708104, 42.899369926398386, 39.30257909567912, 18.076913037805667, 0.0, 69.22624098798936, 20.374463853496454, 28.60790302022994, 31.836372813745786, 73.10768909505342, 37.76830981194679, 10.575312033541241, 42.588263949127914, 52.760770601069325, 50.568326624294826, 34.755399193641, 56.087015771665605, 9.947028209186035, 68.024018536507, 54.708771297738174, 69.29781857231666, 25.742552096838413, 74.9543974741846], [100.44841024394405, 91.79808515702535, 33.40681234527347, 74.87684647383786, 64.03785376245891, 69.22624098798936, 0.0, 55.6191236678587, 45.60941142625601, 48.46939397443944, 21.807695176902794, 98.49283008826063, 61.0069447004527, 42.14622524160572, 97.35321605553241, 25.726557405849753, 89.11121976372817, 33.53688963034475, 68.47388250021957, 14.40155294034254, 87.28358365302657, 9.105400284181748, 94.96657153958905, 57.13331596807758], [54.08196422608521, 69.96925261201118, 38.310881849123945, 53.381376843396396, 8.47146122060144, 20.374463853496454, 55.6191236678587, 0.0, 10.24470823151357, 11.544908020229396, 55.14318778479345, 58.05003704175804, 20.8454731286929, 42.69505376637848, 70.65928062569837, 33.06721961838384, 53.936862760558384, 52.76576037789984, 14.280065515953321, 51.27256403044678, 69.62141261516543, 53.61187470095421, 43.04760266220849, 76.9652641235389], [62.633647239817925, 73.18281667519132, 32.23474951588385, 55.71570054118882, 18.488297724009122, 28.60790302022994, 45.60941142625601, 10.24470823151357, 0.0, 6.807590622478453, 45.15423704262186, 65.25581271074078, 25.623777920430626, 38.559447348591966, 74.99260734560788, 22.890297354618017, 59.7166655331006, 46.39435609839137, 24.23949209650504, 41.053901580731505, 71.89332386095973, 43.37332554502704, 52.758933660879904, 72.20804272214193], [65.62649936735687, 79.17588474870581, 38.63361622424609, 61.91648301061417, 17.907335590181965, 31.836372813745786, 48.46939397443944, 11.544908020229396, 6.807590622478453, 0.0, 44.86264257003007, 69.34733165864164, 30.749266100694765, 45.28615311048512, 80.59658198188754, 23.82269317161023, 64.63695492529062, 52.586764759204826, 25.509063328960664, 41.947327657301706, 78.15033522701627, 45.01514943390041, 54.2750957532741, 78.75266458660136], [106.6973940051545, 106.35118939158114, 48.139343253768864, 88.60743566286837, 62.65091582114377, 73.10768909505342, 21.807695176902794, 55.14318778479345, 45.15423704262186, 44.86264257003007, 0.0, 107.28353875595502, 67.35605133167431, 57.92460544525037, 110.75414620751668, 22.539798281976818, 99.4762403235491, 52.87524055753104, 69.35793229511552, 8.31212788190625, 102.7343098843237, 12.756514190933842, 97.88987944598257, 78.28878341014675], [12.831062019127703, 31.920550455651544, 66.1447012084548, 32.27599911704517, 55.260398911515495, 37.76830981194679, 98.49283008826063, 58.05003704175804, 65.25581271074078, 69.34733165864164, 107.28353875595502, 0.0, 40.202493348881134, 60.15063926498299, 25.46678050427593, 85.1864309797117, 11.70992807501881, 74.37149571496529, 46.404965859596444, 100.98425521734256, 37.38834741749209, 100.97765862558613, 28.578554225835802, 81.10503268743784], [39.72107560862254, 49.134939175877726, 32.76201858631663, 32.870657892248744, 22.7828443597263, 10.575312033541241, 61.0069447004527, 20.8454731286929, 25.623777920430626, 30.749266100694765, 67.35605133167431, 40.202493348881134, 0.0, 32.015763767996326, 49.944944706898, 45.06479797516223, 34.09288886606154, 45.62250935002388, 17.565848078576387, 61.47608769657823, 49.00865942297749, 62.082093643810744, 34.914809741873334, 64.57825016352179], [65.29552106531915, 49.651949581400764, 9.870713724008214, 32.97478477631725, 49.33906541298843, 42.588263949127914, 42.14622524160572, 42.69505376637848, 38.559447348591966, 45.28615311048512, 57.92460544525037, 60.15063926498299, 32.015763767996326, 0.0, 55.37677511104659, 41.621834155541166, 49.45263779883948, 14.539398863886394, 47.86850760108161, 49.90265939134946, 45.27846156831275, 47.614802283973454, 65.51007381391987, 34.28026627898859], [38.26647529021185, 8.579486145888028, 64.02242983360178, 22.47853726758671, 70.67481022392673, 52.760770601069325, 97.35321605553241, 70.65928062569837, 74.99260734560788, 80.59658198188754, 110.75414620751668, 25.46678050427593, 49.944944706898, 55.37677511104659, 0.0, 90.51374663632737, 19.13985568103302, 67.37745828018818, 62.65176206757513, 103.3450968701532, 15.405070166267018, 101.97652420736227, 52.72246048254831, 65.43907869226942], [84.2035596485119, 86.93828616601597, 32.003846004560025, 68.97913750472189, 40.97728796202645, 50.568326624294826, 25.726557405849753, 33.06721961838384, 22.890297354618017, 23.82269317161023, 22.539798281976818, 85.1864309797117, 45.06479797516223, 41.621834155541166, 90.51374663632737, 0.0, 77.91804597346702, 41.88685726785185, 47.119391848936026, 18.252571150450105, 84.0900024672732, 21.226815553687775, 75.46211630171108, 69.39846231737422], [22.22522494305215, 23.149062569925086, 56.16064928497436, 20.57193975484719, 52.83222309986365, 34.755399193641, 89.11121976372817, 53.936862760558384, 59.7166655331006, 64.63695492529062, 99.4762403235491, 11.70992807501881, 34.09288886606154, 49.45263779883948, 19.13985568103302, 77.91804597346702, 0.0, 63.41595254554786, 44.426527672255965, 92.7379614389957, 27.490625495724668, 92.27213050489047, 34.267532407430615, 69.39638122435818], [79.82250133122714, 60.74941614435124, 14.45524578103686, 45.55412484879478, 60.31119159036541, 56.087015771665605, 33.53688963034475, 52.76576037789984, 46.39435609839137, 52.586764759204826, 52.87524055753104, 74.37149571496529, 45.62250935002388, 14.539398863886394, 67.37745828018818, 41.88685726785185, 63.41595254554786, 0.0, 60.251326641556474, 44.56312340007238, 55.46683237178381, 40.93576627392222, 79.76874475346372, 27.54748595834517], [40.79770388703545, 63.54781343707224, 46.212093000158056, 48.93451826837064, 8.902567249042466, 9.947028209186035, 68.47388250021957, 14.280065515953321, 24.23949209650504, 25.509063328960664, 69.35793229511552, 46.404965859596444, 17.565848078576387, 47.86850760108161, 62.65176206757513, 47.119391848936026, 44.426527672255965, 60.251326641556474, 0.0, 65.21605594945902, 64.53486804321822, 67.24029511243884, 28.794739094047692, 81.45918288608094], [101.11390920437817, 98.69793359120388, 40.18972096486689, 81.06768331519561, 59.229530017502974, 68.024018536507, 14.40155294034254, 51.27256403044678, 41.053901580731505, 41.947327657301706, 8.31212788190625, 100.98425521734256, 61.47608769657823, 49.90265939134946, 103.3450968701532, 18.252571150450105, 92.7379614389957, 44.56312340007238, 65.21605594945902, 0.0, 94.90828027294721, 5.500934454574835, 93.29505708375892, 70.10574977619774], [49.44715154881805, 6.837836683817902, 54.756225597676924, 16.266054498081104, 71.47382368815202, 54.708771297738174, 87.28358365302657, 69.62141261516543, 71.89332386095973, 78.15033522701627, 102.7343098843237, 37.38834741749209, 49.00865942297749, 45.27846156831275, 15.405070166267018, 84.0900024672732, 27.490625495724668, 55.46683237178381, 64.53486804321822, 94.90828027294721, 0.0, 92.86542885256982, 61.32792447401985, 50.41067418063577], [101.8028089397747, 96.956220383982, 38.17031675842228, 79.56182681570839, 61.792387436911035, 69.29781857231666, 9.105400284181748, 53.61187470095421, 43.37332554502704, 45.01514943390041, 12.756514190933842, 100.97765862558613, 62.082093643810744, 47.614802283973454, 101.97652420736227, 21.226815553687775, 92.27213050489047, 40.93576627392222, 67.24029511243884, 5.500934454574835, 92.86542885256982, 0.0, 94.83788057061057, 65.70139875202969], [17.163527228332683, 57.41123322697187, 67.57810976527749, 50.09799883897363, 36.80972986839089, 25.742552096838413, 94.96657153958905, 43.04760266220849, 52.758933660879904, 54.2750957532741, 97.88987944598257, 28.578554225835802, 34.914809741873334, 65.51007381391987, 52.72246048254831, 75.46211630171108, 34.267532407430615, 79.76874475346372, 28.794739094047692, 93.29505708375892, 61.32792447401985, 94.83788057061057, 0.0, 94.76805736380474], [89.97564199254428, 57.118177533912814, 40.21427132456532, 48.83265024782245, 83.55125514339291, 74.9543974741846, 57.13331596807758, 76.9652641235389, 72.20804272214193, 78.75266458660136, 78.28878341014675, 81.10503268743784, 64.57825016352179, 34.28026627898859, 65.43907869226942, 69.39846231737422, 69.39638122435818, 27.54748595834517, 81.45918288608094, 70.10574977619774, 50.41067418063577, 65.70139875202969, 94.76805736380474, 0.0]]",Route_3,1144.383522430534
