instance_id,num_cities,city_coordinates,distance_matrix,best_route,total_distance
899,20,"[[3.668253391735443, 36.05456655737782], [88.88745512743719, 9.594455612021447], [68.31092992831044, 75.40768534045577], [25.018778400268605, 51.14635301025003], [82.39091421421121, 53.7500715206355], [41.794718118506694, 96.41551510100894], [2.076261845746241, 72.91255779152894], [95.94258780852573, 75.40135055584257], [12.044392074458965, 46.505153728568835], [7.603099206379893, 80.75569497311712], [99.98650643007913, 6.5262930529691126], [75.06305739694442, 8.048493651315148], [90.67474411082338, 42.762068957521016], [4.310984829635056, 70.10751935702032], [76.89844131290789, 68.44082100023712], [27.10818649732879, 34.17271018914229], [42.46742805045438, 0.13097966884019208], [40.95784086882307, 76.78734097915265], [32.39985253796925, 37.23015086139151], [5.379620683848407, 71.40470398628355]]","[[0.0, 89.2325602888923, 75.6792150313896, 26.145878001686942, 80.68697678606652, 71.39377719135342, 36.892356320778184, 100.3131207922647, 13.393075503963964, 44.873977907306596, 100.74286478212522, 76.69131736097575, 87.26465501965077, 34.059017867166176, 80.0720294472911, 23.515353439516055, 52.87608201385661, 55.22383766369886, 28.755639237473172, 35.39153845555511], [89.2325602888923, 0.0, 68.95487362440721, 76.19559071411207, 44.630969741943424, 98.77055355612116, 107.44936175988043, 66.18400350005183, 85.24820217937081, 108.0327196034066, 11.51531854997717, 13.910570476971989, 33.21573387638296, 103.99524129421165, 60.0552343401336, 66.48886095075518, 47.37484871485067, 82.53563937439377, 62.88545855936585, 103.89449079496855], [75.6792150313896, 68.95487362440721, 0.0, 49.62683377330879, 25.832115551376788, 33.829549213531635, 66.2816484216624, 27.631658606365992, 63.255668644280604, 60.94293985355164, 75.81548885407274, 67.69676454873655, 39.571156841968936, 64.21903714698182, 11.058144080974936, 58.29227429058453, 79.58937747012342, 27.387861011361146, 52.41306724696824, 63.05849302785441], [26.145878001686942, 76.19559071411207, 49.62683377330879, 0.0, 57.43118767651249, 48.27762618262585, 31.624780417183953, 74.95659842145642, 13.779529429687873, 34.35140482219686, 87.24167580086358, 66.04434375190398, 66.18913847801912, 28.077367109361703, 54.686360703431056, 17.10175946546445, 53.91682197402178, 30.191289743863052, 15.752489888082073, 28.21519626156418], [80.68697678606652, 44.630969741943424, 25.832115551376788, 57.43118767651249, 0.0, 58.89304893916533, 82.56902727505971, 25.54262596263819, 70.71861148928517, 79.51428155811271, 50.395338258516965, 46.28532926619314, 13.760742642859658, 79.77494263501822, 15.683921029001853, 58.64685038877028, 66.8497700705017, 47.40691248065665, 52.649919526107006, 79.00902086924515], [71.39377719135342, 98.77055355612116, 33.829549213531635, 48.27762618262585, 58.89304893916533, 0.0, 46.15132469369025, 58.0825869215431, 58.104441069979366, 37.60713722513365, 107.08107427225723, 94.42199361502534, 72.5806394576523, 45.79455100049554, 44.88713504046452, 63.95202087781549, 96.28688541042906, 19.646006792448865, 59.926378494387194, 44.17691697925657], [36.892356320778184, 107.44936175988043, 66.2816484216624, 31.624780417183953, 82.56902727505971, 46.15132469369025, 0.0, 93.89931437009787, 28.226133451130323, 9.594828401806197, 118.29434534457698, 97.64435028007597, 93.58815649752283, 3.5863947682584363, 74.95568670986037, 46.12345438080987, 83.23823893743429, 39.07417474597332, 46.82685465411268, 3.6312260617125856], [100.3131207922647, 66.18400350005183, 27.631658606365992, 74.95659842145642, 25.54262596263819, 58.0825869215431, 93.89931437009787, 0.0, 88.73498429882277, 88.5016059211778, 68.99367234639617, 70.51497800758285, 33.061652718488745, 91.78439580474816, 20.276303594122133, 80.23699639416732, 92.33212574514977, 55.00221236892793, 74.12637649162194, 90.6511125040799], [13.393075503963964, 85.24820217937081, 63.255668644280604, 13.779529429687873, 70.71861148928517, 58.104441069979366, 28.226133451130323, 88.73498429882277, 0.0, 34.53729372554475, 96.60292323866803, 73.82592284099717, 78.71939370298686, 24.8370137269641, 68.46328359987196, 19.46810381284288, 55.46282662936249, 41.86882355480908, 22.368961729764706, 25.77608932180291], [44.873977907306596, 108.0327196034066, 60.94293985355164, 34.35140482219686, 79.51428155811271, 37.60713722513365, 9.594828401806197, 88.5016059211778, 34.53729372554475, 0.0, 118.51032883121503, 99.18257449331387, 91.34776299911746, 11.14547715536703, 70.3811093875954, 50.50171186812945, 87.84000309450967, 33.5899780409237, 50.09343236402812, 9.61170584110861], [100.74286478212522, 11.51531854997717, 75.81548885407274, 87.24167580086358, 50.395338258516965, 107.08107427225723, 118.29434534457698, 68.99367234639617, 96.60292323866803, 118.51032883121503, 0.0, 24.96988999512951, 37.41310429375268, 114.87548812450815, 66.07925182527244, 77.94596780262341, 57.87352080980242, 91.76599704481, 74.2339724698313, 114.71560938177669], [76.69131736097575, 13.910570476971989, 67.69676454873655, 66.04434375190398, 46.28532926619314, 94.42199361502534, 97.64435028007597, 70.51497800758285, 73.82592284099717, 99.18257449331387, 24.96988999512951, 0.0, 38.06254159395994, 94.11258387756223, 60.42021049895744, 54.609013291892424, 33.54343572379623, 76.73457451755236, 51.68866574371294, 94.17956646829936], [87.26465501965077, 33.21573387638296, 39.571156841968936, 66.18913847801912, 13.760742642859658, 72.5806394576523, 93.58815649752283, 33.061652718488745, 78.71939370298686, 91.34776299911746, 37.41310429375268, 38.06254159395994, 0.0, 90.58958314690778, 29.140775989172813, 64.14424628040813, 64.35336118404219, 60.24524548975172, 58.536869626332006, 89.97587799968274], [34.059017867166176, 103.99524129421165, 64.21903714698182, 28.077367109361703, 79.77494263501822, 45.79455100049554, 3.5863947682584363, 91.78439580474816, 24.8370137269641, 11.14547715536703, 114.87548812450815, 94.11258387756223, 90.58958314690778, 0.0, 72.60658869636784, 42.55611488152213, 79.70338930055019, 37.25066542305624, 43.24240798491298, 1.680675623464289], [80.0720294472911, 60.0552343401336, 11.058144080974936, 54.686360703431056, 15.683921029001853, 44.88713504046452, 74.95568670986037, 20.276303594122133, 68.46328359987196, 70.3811093875954, 66.07925182527244, 60.42021049895744, 29.140775989172813, 72.60658869636784, 0.0, 60.44313768461869, 76.49659532946465, 36.897034515524226, 54.35283188093261, 71.58020890250712], [23.515353439516055, 66.48886095075518, 58.29227429058453, 17.10175946546445, 58.64685038877028, 63.95202087781549, 46.12345438080987, 80.23699639416732, 19.46810381284288, 50.50171186812945, 77.94596780262341, 54.609013291892424, 64.14424628040813, 42.55611488152213, 60.44313768461869, 0.0, 37.34629456725429, 44.80870098071075, 6.1114378790912385, 43.10860626859924], [52.87608201385661, 47.37484871485067, 79.58937747012342, 53.91682197402178, 66.8497700705017, 96.28688541042906, 83.23823893743429, 92.33212574514977, 55.46282662936249, 87.84000309450967, 57.87352080980242, 33.54343572379623, 64.35336118404219, 79.70338930055019, 76.49659532946465, 37.34629456725429, 0.0, 76.67122395525007, 38.44092324429552, 80.34581030359573], [55.22383766369886, 82.53563937439377, 27.387861011361146, 30.191289743863052, 47.40691248065665, 19.646006792448865, 39.07417474597332, 55.00221236892793, 41.86882355480908, 33.5899780409237, 91.76599704481, 76.73457451755236, 60.24524548975172, 37.25066542305624, 36.897034515524226, 44.80870098071075, 76.67122395525007, 0.0, 40.47234184333456, 35.983086756524116], [28.755639237473172, 62.88545855936585, 52.41306724696824, 15.752489888082073, 52.649919526107006, 59.926378494387194, 46.82685465411268, 74.12637649162194, 22.368961729764706, 50.09343236402812, 74.2339724698313, 51.68866574371294, 58.536869626332006, 43.24240798491298, 54.35283188093261, 6.1114378790912385, 38.44092324429552, 40.47234184333456, 0.0, 43.56596160693019], [35.39153845555511, 103.89449079496855, 63.05849302785441, 28.21519626156418, 79.00902086924515, 44.17691697925657, 3.6312260617125856, 90.6511125040799, 25.77608932180291, 9.61170584110861, 114.71560938177669, 94.17956646829936, 89.97587799968274, 1.680675623464289, 71.58020890250712, 43.10860626859924, 80.34581030359573, 35.983086756524116, 43.56596160693019, 0.0]]",Route_4,1109.8632315401508
