instance_id,num_cities,city_coordinates,distance_matrix,best_route,total_distance
1344,95,"[[51.485504750470625, 56.42926154043858], [6.405969999600314, 43.143871080136535], [99.9718879989253, 58.93880124728845], [45.735641716449784, 28.685626053167645], [91.59329212944226, 45.31967462366314], [97.74735424100072, 35.49329775394252], [90.82834712047384, 71.18646063932593], [53.792357906914546, 20.693538962341563], [81.92879614366608, 64.41729090312526], [24.68086958609117, 94.23164919927508], [86.71280626961916, 25.537055719633205], [1.4449786176115587, 49.79473971092507], [50.434185880217974, 91.69601652159386], [21.55702298735137, 36.92341688691138], [65.5085852422112, 20.996069202049828], [64.07057278192676, 82.68731668007631], [35.629641011106784, 53.2918478033794], [3.6114572981442383, 51.53223210269782], [48.7058048248439, 95.03523537931946], [91.57132446137595, 89.83736165388784], [38.41979828167359, 28.002958794215772], [98.99422414424089, 43.18135727314175], [62.903749128791056, 26.401646014612002], [57.393620905317476, 42.96080682949371], [92.15122756827843, 89.19842580613671], [67.20124013152586, 80.16218624192278], [58.39149782868734, 93.87666856362661], [44.277359772854815, 61.90909334897958], [52.76203395191824, 62.55626735014932], [41.29163702224786, 13.173743227719836], [31.979123836083712, 85.60010774373913], [49.13117402110005, 81.30018899763873], [70.59249805533206, 82.22782823262952], [76.72753111634772, 11.52236347126233], [0.8844164835681179, 65.72506784372925], [55.75500318694241, 21.65176088659925], [68.28309781812247, 16.76843591941879], [78.23603109652275, 60.22925724528763], [37.03813681134376, 59.2505549950914], [58.17504967432574, 68.83142746874087], [48.13650319257097, 20.001485184157907], [30.956978009164736, 93.21529125976458], [12.294043875384997, 80.4524568626192], [52.205162774341716, 44.713450909825816], [77.63599980590952, 14.781822002544898], [31.431460118452904, 21.14781426917768], [8.17309930534611, 39.01154716767159], [64.50192892532803, 75.81948561054782], [77.05697067524635, 50.359312501682275], [53.14881511472296, 21.260237102596314], [83.69892879420067, 29.682973234662814], [74.90041471305366, 67.38407433562034], [98.28357145230699, 53.9356427505043], [86.181850094509, 25.893849967127068], [75.75174563918483, 83.97537237207872], [58.09445345073866, 31.588376179940603], [31.358140360926434, 30.519815172149045], [12.232520683156212, 5.853459197056255], [55.00069997986736, 82.28602546958155], [13.664212104015816, 71.39823698824979], [78.23700442288735, 52.13046472494934], [31.417810631470257, 8.813275864346682], [69.32050956406482, 33.90241338696062], [0.1692333701115767, 82.35360121326175], [62.27251796277747, 6.661418543902675], [8.229405929749012, 25.18969234476622], [32.507235827633416, 48.542577819052525], [18.574816711867836, 38.36038054705718], [5.367185338046243, 17.99468152004208], [95.3173707176481, 70.0026113202931], [1.2277377802445533, 45.07783154552383], [44.784474971746576, 55.14836038471792], [86.7180470750206, 60.4934587181135], [19.97821381997884, 23.181266399667876], [74.20308890716265, 70.57362211500188], [71.36005412742156, 9.878233668629877], [96.81735025117106, 68.94744718199473], [7.322285823642027, 82.19109666769305], [21.941178822450603, 78.40294104457976], [49.69471909551697, 0.08614904100476828], [82.80061430121272, 90.634859417325], [99.008385924854, 47.10547346446863], [54.565486373574046, 74.4606612827074], [85.87069777032305, 39.62090959615168], [43.77138839731602, 83.28108283038151], [79.50557905305654, 66.59472672268016], [42.985534092819165, 93.42709762142086], [21.73345831310598, 97.52742589300424], [69.62853517393161, 89.40187129977161], [87.75147889630409, 63.313832382131885], [25.47178105255523, 73.57542432533106], [96.52178594862905, 75.34273923154745], [30.7196846431675, 92.67258110299811], [80.00987541707713, 73.09875735263923], [44.28868900767347, 47.17199526514353]]","[[0.0, 46.9964472384627, 48.55128371172365, 28.3332002244815, 41.61799526524776, 50.77866971429967, 42.019449913047666, 35.810102480502735, 31.473839993717846, 46.34122332226936, 46.85393422964615, 50.47842247495104, 35.282421661045184, 35.72382953006154, 38.107189686030196, 29.118197009303895, 16.163284934652385, 48.123853926942495, 38.70591618505993, 52.18212428682311, 31.285258083459677, 49.321246800050226, 32.12528597304478, 14.70731480590306, 52.225655945780915, 28.464645675884857, 38.07887909532907, 9.054607151512746, 6.258572280830319, 44.44046358626841, 35.09183900273356, 24.98211171547695, 32.10363276209475, 51.51494335870923, 51.44785854263671, 35.03859541458291, 43.0713387510461, 27.019078947064425, 14.720262807632805, 14.091264350703876, 36.58139830156873, 42.126385943724706, 45.968299065888964, 11.737892758229695, 49.17679952688101, 40.582572955121044, 46.683415035900545, 23.353973704465282, 26.282011925936427, 35.208335394866026, 41.869662367361435, 25.85084006243024, 46.86445541878235, 46.21956014702325, 36.71019843065559, 25.705014849561504, 32.80869104948814, 64.02115697849982, 26.09461320633441, 40.675796284841816, 27.094693000367666, 51.671988922041216, 28.73232125030593, 57.49287865339994, 50.923450890236516, 53.35729349132352, 20.55175105504892, 37.54461143129879, 60.03429292305076, 45.885382186605874, 51.523762515590775, 6.822353543028462, 35.46617737154974, 45.80544250042087, 26.76100831395643, 50.616162526003215, 47.02851462948662, 51.12789898971826, 36.81996449606912, 56.371564102709115, 46.37519824529309, 48.42888868433965, 18.292557597671983, 38.27351818288359, 27.937929373828684, 29.80706705286183, 37.96168299557028, 50.73700208291381, 37.63459242887978, 36.91365867020709, 31.156134530418193, 48.84655834889159, 41.770773246885014, 33.038035845959975, 11.725661419616726], [46.9964472384627, 0.0, 94.88972984491848, 41.90303004097699, 85.21510413485089, 91.66122270270358, 88.95799338971258, 52.43555254883611, 78.46181019930596, 54.258022706754204, 82.21428038265901, 8.297318183375499, 65.54231168183419, 16.378292249427368, 63.11611724866384, 69.92060142732531, 30.935487372340564, 8.841600640349276, 66.94766400012331, 97.12579298291926, 35.41373216880736, 92.58826173315502, 58.92623479126677, 50.987979538349464, 97.33073104898112, 71.178792683152, 72.63822577795797, 42.26553832801433, 50.25659950787952, 45.99150277067756, 49.56327500055136, 57.28304858944115, 75.14962468666857, 77.1040965277107, 23.246462107307806, 53.82599629450941, 67.26397644346456, 73.83405784324701, 34.60859590215619, 57.79176553442365, 47.71799896818826, 55.76646943361718, 37.770358577270166, 45.82608034361757, 76.66891791389399, 33.31818828987731, 4.494312728410788, 66.6546039553148, 71.01849400950357, 51.61188821889098, 78.4563397695181, 72.65725297911754, 92.50922107815933, 81.6195704063463, 80.47389699032519, 52.9644105401642, 27.96386227452559, 37.74286040137685, 62.39836562044084, 29.171754683526714, 72.39099648199655, 42.475662910241596, 63.58965190110204, 39.70264249263661, 66.72361294459803, 18.046535752132062, 26.653744807783863, 13.075267186054894, 25.170633863743756, 92.87964849703876, 5.527593689776333, 40.212154970367656, 82.16469993480224, 24.13941565051798, 73.1357680892246, 72.97695305559085, 94.02149870449047, 39.0579756359046, 38.529790136037185, 61.05639381332932, 89.95296354880617, 92.68711738232678, 57.44632595707825, 79.54278230796754, 54.83767189734037, 76.76910494551542, 62.18092457218714, 56.50223829269809, 78.33833883573436, 83.80882505194607, 35.910786457860915, 95.69549307251187, 55.17472098975691, 79.46590529468246, 38.09627519711691], [48.55128371172365, 94.88972984491848, 0.0, 62.10334145711892, 15.99004311233894, 23.55080008187922, 15.284289331836032, 59.96039598571133, 18.856484630132748, 83.15240567899268, 35.93716533894482, 98.95031952254833, 59.388711753404515, 81.44672002799435, 51.25787892566094, 43.045283360336406, 64.58957215092168, 96.6446577485462, 62.69899393977454, 32.02015775958443, 68.8889403086006, 15.787744209073335, 49.322544438936255, 45.477523396835124, 31.253921482174654, 39.042892212021904, 54.31006738463203, 55.773677568311115, 47.34824579797076, 74.41647929202466, 73.03315166827649, 55.541064626963625, 37.49036318017808, 52.80737352162469, 99.3195873210551, 57.839919444409915, 52.749588955829196, 21.774130337730885, 62.934523347203395, 42.951597729189096, 64.83071571580058, 77.05800132672874, 90.2786892244614, 49.83995014949772, 49.484651331414014, 78.26844160207852, 93.93675032042576, 39.28199971048641, 24.468368623327237, 60.10053535805654, 33.47704697226091, 26.45564987409453, 5.280341627729085, 35.80689808561303, 34.83454018087186, 50.01764964192405, 74.26631224498738, 102.54876945903153, 50.670510464485055, 87.20236497574984, 22.776272966957098, 84.92484806356119, 39.57685835244886, 102.51254912645972, 64.45282959993811, 97.75318597328396, 68.26097533849922, 83.9580526967248, 103.08477436456086, 12.003017306212097, 99.7122544298474, 55.31742942839137, 13.344709029715219, 87.6218534786057, 28.27366377488788, 56.79415752197274, 10.49400313742658, 95.52286650617233, 80.42166569172807, 77.4043176099088, 36.04847769213142, 11.872488478090647, 47.986138076759595, 23.917033756473387, 61.24575763382372, 21.85138432119346, 66.60996260546895, 87.23722732727603, 42.99671728963211, 12.979957475518809, 75.92428248030578, 16.76282749266584, 77.03139342489344, 24.474196681879576, 56.91288406785225], [28.3332002244815, 41.90303004097699, 62.10334145711892, 0.0, 48.78130454637137, 52.45533942052096, 61.965095184096086, 11.348309646861331, 50.85957432324835, 68.84464089332864, 41.09795019173991, 49.06381066683377, 63.185327602556725, 25.543429712308036, 21.215526866885092, 57.02939845150173, 26.60070298087979, 47.92091736277431, 66.41605624111865, 76.42280143827438, 7.347625449667584, 55.196039946897926, 17.319367105590434, 18.430661001843138, 76.26405145224982, 55.77282639586994, 66.40815249300442, 33.255456174632464, 34.591769681753085, 16.13591294326142, 58.55339452413693, 52.7240160976915, 59.03076080551735, 35.42703474792855, 58.16831313565043, 12.241848857826028, 25.503082114536234, 45.2910143255905, 31.77831765212236, 42.028850110859665, 9.009907794218984, 66.20035190728606, 61.62909408889516, 17.2842666131432, 34.79868694812885, 16.168741994333715, 38.955991057203526, 50.73237873765575, 38.08903164972398, 10.492451615334323, 37.97638565145667, 48.45775359437435, 58.299642046417105, 40.54244425137655, 62.91202224304963, 12.695124488640388, 14.494026181577896, 40.54339603828014, 54.39525826966562, 53.41295470461267, 40.074917818022804, 24.49307226554355, 24.15493451606707, 70.40276363446054, 27.541495827160883, 37.66881037916025, 23.859783230196168, 28.83246936088825, 41.76013129032807, 64.54022871288986, 47.43055885922182, 26.479823006931877, 51.87770010144447, 26.339002772257263, 50.64582671486632, 31.785665318088498, 65.04118070450355, 65.8666933785912, 55.1179451210692, 28.872207727547863, 72.19085611845904, 56.36733144428319, 46.618880369808885, 41.598114748303274, 54.630780626075214, 50.769169594248645, 64.79985519092223, 72.90609174352907, 65.24823978174689, 54.446700978896295, 49.25157903987707, 68.96461887164938, 65.72525681483246, 56.10035051217881, 18.542910202633376], [41.61799526524776, 85.21510413485089, 15.99004311233894, 48.78130454637137, 0.0, 11.59440222084346, 25.87809420430403, 45.114933067729154, 21.403771401710042, 82.88337316678941, 20.375749137884863, 90.25931883502417, 62.00675056047283, 70.53776392348539, 35.66580595050525, 46.409489903879816, 56.52862807199693, 88.20090209692934, 65.65800445148665, 44.51769245029976, 55.922169978430965, 7.703648212322009, 34.36541406762171, 34.280924274421174, 43.88229822248756, 42.532021072806025, 58.82296154798133, 50.139867056236184, 42.48490014662012, 59.69604184396006, 71.94694123901161, 55.65634634848632, 42.46463416263279, 36.92220323369988, 92.97569678902212, 42.948260674807365, 36.85835577420982, 20.01779399066233, 56.3057226195073, 40.860512119122696, 50.294166870507496, 77.27064567509038, 86.73340280139197, 39.39279428125596, 33.576278109904976, 64.8361385641931, 83.65835907313995, 40.7943676319774, 15.385141902539658, 45.352335626353344, 17.516489454156375, 27.66748797935211, 10.908471211892804, 20.16547466547533, 41.77580117268667, 36.203877551615726, 62.0266825516302, 88.63246698952362, 52.01469883685441, 82.17683936860162, 14.992574265417128, 70.3832773028295, 25.028597590590074, 98.64010461609077, 48.519774946519426, 85.7598607092159, 59.17388912609493, 73.34936623006094, 90.45217930218249, 24.962294071278286, 90.3658779679158, 47.82957691107195, 15.937745702754125, 74.95884577528419, 30.662371597896314, 40.8102886171554, 24.1983970404539, 91.98426097621916, 77.10978799871877, 61.6568103206465, 46.1603418128025, 7.627102562216916, 47.119587249432726, 8.076138250290837, 61.05737457180627, 24.46917753486854, 68.3888754757094, 87.21264629311226, 49.2513006113114, 18.399707670367388, 71.90578292664784, 30.424898681424693, 77.12258968962136, 30.09739158125829, 47.34085517042243], [50.77866971429967, 91.66122270270358, 23.55080008187922, 52.45533942052096, 11.59440222084346, 0.0, 36.357592553638824, 46.37967834104824, 32.96701624309852, 93.74916058473022, 14.862301449589445, 97.35850652489118, 73.46619288633025, 76.20375198948737, 35.34837849524537, 57.977590773009034, 64.61732492740356, 95.49248404078605, 77.13829078558605, 54.69388105629506, 59.79852902738237, 7.788513576181018, 36.010206172207276, 41.03885336995751, 53.99590181522788, 54.11445912083641, 70.40952649356265, 59.63920325878216, 52.498412974837144, 60.70758207121097, 82.6810288878158, 66.79673842775314, 54.05092555662365, 31.88163506748469, 101.47112216666369, 44.21476778065554, 34.91078425465584, 31.504911090268255, 65.19214947018916, 51.743581066625126, 51.97338548186774, 88.27674037636622, 96.5587605564692, 46.46614281176966, 28.869218988649383, 67.84976573050663, 89.64332226225693, 52.26336892572264, 25.47725194321504, 46.814631342167246, 15.202569800979116, 39.23014500070271, 18.45013869514016, 15.030312171552302, 53.23831662480327, 39.844710484347495, 66.5752450134857, 90.50583841998333, 63.378512270254525, 91.42832959782052, 25.640769778739415, 71.49427895627674, 28.47132612569612, 108.24683696530508, 45.713687969240375, 90.10897488199464, 66.53237378004684, 79.2244334946267, 94.02285454419963, 34.59476178187202, 96.99432792557221, 56.49237176388768, 27.324964131650727, 78.73769947041419, 42.24880575101862, 36.775278590090494, 33.467073690054605, 101.771201337476, 87.10805771521783, 59.68854098070307, 57.13139992599749, 11.680446294547755, 58.16467255046496, 12.573470023920807, 72.09075732207661, 36.05636207252375, 79.71939609045478, 98.11394104871306, 60.80133458627889, 29.561794108358807, 81.69459494922292, 39.86828317994552, 88.10322886266928, 41.57870544711978, 54.71947426727604], [42.019449913047666, 88.95799338971258, 15.284289331836032, 61.965095184096086, 25.87809420430403, 36.357592553638824, 0.0, 62.619482882765475, 11.181398235743817, 70.04690928174684, 45.83454860710554, 91.90752030817204, 45.302650527222575, 77.2817734937287, 56.215351410436995, 29.12470046580176, 58.02684141581978, 89.40399638523093, 48.405295433930426, 18.6656937718393, 67.90781120751532, 29.17134488017217, 52.77748377828451, 43.75578190450903, 18.06047900387995, 25.274568933224295, 39.58528423070961, 47.46645096147567, 39.032351126406645, 76.28473653906492, 60.58864830994799, 42.906197055727056, 23.052144926614837, 61.30772792122013, 90.10958589231393, 60.69452968985399, 58.90339277598192, 16.69211577558039, 55.0985713848237, 32.738112580617376, 66.65204610745697, 63.79537771474194, 79.0790457213645, 46.82489309302812, 57.92686153602613, 77.66502633803451, 88.69675895030562, 26.73097857111987, 24.9683982013969, 62.54898023798548, 42.11137699505954, 16.375505255654055, 18.792846715472496, 45.530325236216825, 19.77018400353795, 51.376221033024045, 72.04499667274874, 102.20423186356116, 37.50760774900013, 77.16442562515532, 22.840159614521124, 86.13957293186986, 43.042853714286736, 91.3442933882526, 70.5614373174164, 94.54251836804556, 62.56274811427445, 79.36072196452974, 100.66268195849415, 4.642502780415096, 93.32700416973702, 48.75714124336249, 11.45577830401346, 85.58177412676844, 16.636549573639563, 64.32505830820297, 6.393851715641472, 84.22804929135583, 69.26412885151728, 82.14152216676946, 21.040073888784658, 25.4324001650809, 36.410375710807564, 31.952500680514657, 48.58638955733748, 12.218391754637759, 52.75965022409125, 73.94558884611045, 27.950549406003326, 8.452537710349219, 65.40021311649726, 7.049106143767755, 63.83341348690486, 10.98618262714325, 52.3701663589505], [35.810102480502735, 52.43555254883611, 59.96039598571133, 11.348309646861331, 45.114933067729154, 46.37967834104824, 62.619482882765475, 0.0, 51.994477018523035, 79.09065943253238, 33.274848985076794, 59.892637305995336, 71.08184816753862, 36.09052167568166, 11.720132572556098, 62.840036415750326, 37.316672203359, 58.899471818619396, 74.51550743577357, 78.79161459395982, 17.02184501486793, 50.486737701268666, 10.75174107381069, 22.55660243589829, 78.51319891062063, 60.961611951922166, 73.32750197748814, 42.299611261678, 41.87540561622782, 14.588192161017654, 68.47393556385633, 60.78562875975177, 63.78646772635984, 24.70086294109729, 69.47725425670987, 2.1840709126179383, 15.012926998817914, 46.481890873208314, 42.039831230263005, 48.33698684219637, 5.698037467555011, 76.03196124895989, 72.7546447731797, 24.072294413988867, 24.565578690929637, 22.36551175270599, 49.15959906231247, 56.156610521463314, 37.70013696192461, 0.8574929198249625, 31.228399106785055, 51.240181065005935, 55.538325028800564, 32.80430518570292, 66.9836185143346, 11.713475319740615, 24.49183172104833, 44.129899586395155, 61.604338197157894, 64.66246583202067, 39.82236864746463, 25.33300252750689, 20.38621734046839, 81.7153765326749, 16.395533477463385, 45.784254805683815, 35.051752982875165, 39.400412426829355, 48.500321337270854, 64.46480672222081, 57.94508619238872, 35.6128723107465, 51.65398938862924, 33.905532411901085, 53.894532517508644, 20.629948596450852, 64.64974574346014, 77.08058901661026, 65.9156483527245, 21.010834424141397, 75.71834154301074, 52.36486869900215, 53.77268051937845, 37.246009819871446, 63.38470223442032, 52.61262946784034, 73.5320202099917, 83.25394419509357, 70.50971169295137, 54.49505766178269, 59.987906055371155, 69.37102500926326, 75.586577902575, 58.59748406655761, 28.132336744852804], [31.473839993717846, 78.46181019930596, 18.856484630132748, 50.85957432324835, 21.403771401710042, 32.96701624309852, 11.181398235743817, 51.994477018523035, 0.0, 64.54627065720132, 39.17345326632407, 81.80136849060507, 41.66580548860403, 66.33750147885404, 46.4222556546125, 25.548189437379467, 47.61708989590265, 79.37021043272316, 45.179925587785604, 27.18746676929669, 56.73655327822464, 27.243232370257896, 42.5104889434096, 32.59379592466147, 26.80676689405409, 21.559281883226426, 37.707550226875604, 37.73488724980997, 29.226074409928923, 65.40091650597117, 54.255704704094065, 36.88788778128071, 21.11224512725329, 53.15003768490151, 81.054930479376, 50.13938566970904, 49.56428617512849, 5.5835597617097585, 45.18701644536828, 24.16040299642378, 55.80934384632815, 58.544436699635924, 71.45715689007918, 35.66140338174536, 49.82075745487955, 66.4998387503235, 78.0086830478358, 20.82560311711428, 14.878220328056063, 51.87310093649768, 34.7793932306783, 7.628889137319054, 19.42533457604972, 38.757502105503676, 20.510351135003337, 40.568627454056575, 60.880457350684054, 91.03457143944846, 32.31739528509779, 68.62060217128591, 12.829474799940932, 75.12101001614643, 33.01706589477453, 83.70386689074948, 61.009098205917525, 83.48894900859028, 51.90854592042513, 68.50320640049546, 89.53624356139545, 14.50688571973702, 82.98599586207715, 38.28333407995926, 6.1913959249602515, 74.4196504096444, 9.878611557019925, 55.55364139130302, 15.56249849230785, 76.69445581975555, 61.59636873839039, 71.9550660928769, 26.232059882833937, 24.318951665790095, 29.148241973667673, 25.10775008548297, 42.56560127375195, 3.257791862059774, 48.56075107526449, 68.70050753512136, 27.848261660650532, 5.926318852831083, 57.194981954511015, 18.229667375593454, 58.48704578750346, 8.891013241974687, 41.402631400074], [46.34122332226936, 54.258022706754204, 83.15240567899268, 68.84464089332864, 82.88337316678941, 93.74916058473022, 70.04690928174684, 79.09065943253238, 64.54627065720132, 0.0, 92.5575947291333, 50.14524457986902, 25.877842514812976, 57.39330891611238, 83.84719758720007, 41.046562964149025, 42.37856691834471, 47.61470733446719, 24.038370659739424, 67.03463818395721, 67.63872851016268, 90.15878754413629, 77.85819065819055, 60.81795274571902, 67.65783431332795, 44.787628863664786, 33.71249720448202, 37.79907464919473, 42.33062257312692, 82.74238161493525, 11.303451817748856, 27.659357366199234, 47.454919096937566, 97.7224688701792, 37.133493787158415, 78.95214985371868, 88.89152782148956, 63.43751242759289, 37.09958227525312, 42.0360721731157, 77.8478259015152, 6.3578707441549165, 18.528345653024925, 56.6536731143356, 95.4804737011092, 73.39494124682801, 57.63476509904894, 43.87168260868367, 68.32304071547424, 78.3278424699957, 87.46235122312018, 56.945544064646256, 83.91141673054047, 91.93707308474727, 52.09055188022623, 70.99751574002228, 64.06078160700605, 89.25057903721127, 32.58818867931711, 25.352148928167132, 68.12319218003734, 85.6836324967267, 75.04874516646464, 27.237994308365614, 95.29783483747964, 70.97494249899616, 46.354538635756306, 56.203937073047804, 78.64536629806994, 74.67637892030912, 54.46234645551587, 43.950636105342575, 70.61782273432165, 71.2058415245917, 54.883079833446935, 96.4077018766098, 76.43927468516488, 21.12570319548558, 16.064056378352745, 97.4118466477824, 58.23093355327939, 88.00827304564562, 35.83269852706838, 82.01541290035654, 22.008244188968657, 61.396646912632605, 18.322337349402105, 4.421467768405469, 45.20640879736929, 70.24110730547989, 20.671361033824752, 74.28262369880377, 6.236824562419606, 59.22751053393082, 50.98114956402615], [46.85393422964615, 82.21428038265901, 35.93716533894482, 41.09795019173991, 20.375749137884863, 14.862301449589445, 45.83454860710554, 33.274848985076794, 39.17345326632407, 92.5575947291333, 0.0, 88.65121355691558, 75.45294157124454, 66.14321821439857, 21.685007445976222, 61.472132427287136, 58.13620435185347, 87.07228833598838, 79.21192545843824, 64.48359901756706, 48.355923096317895, 21.49778133487784, 23.824750120691498, 34.10574340436882, 63.893242737495136, 58.00522474517586, 73.97566623879304, 55.89000125863605, 50.23023960437882, 47.07370934578079, 81.26097594285687, 67.24511964033924, 58.938171205458275, 17.20805970186897, 94.77124464600432, 31.200658448907625, 20.409381343095166, 35.71280672296484, 60.03476342241417, 51.8536997391907, 38.97144724340502, 87.68726219260577, 92.48704492513829, 39.477988703676466, 14.073502332000885, 55.45532141098329, 79.68718522960351, 54.969499071193006, 26.634180910618184, 33.835376157639864, 5.1256306420053575, 43.48224420763485, 30.66532817797424, 0.6397003946632558, 59.45739401719141, 29.251129847909475, 55.57847541651917, 77.03737348264598, 65.00848600769801, 86.25163799559941, 27.91144244694444, 57.768688363775354, 19.299512781320413, 103.52733866975403, 30.880695771166867, 78.48416904205925, 58.885464369468544, 69.33414224321129, 81.6945374753405, 45.290442305365715, 87.69001570595583, 51.330442520911795, 34.956403391341674, 66.77616021260623, 46.74168740185786, 21.92956238425065, 44.57088619256507, 97.53222591752714, 83.6072099363757, 44.92312799431583, 65.21525352446987, 24.826959601891577, 58.540322494755046, 14.109007291078672, 71.96067006254592, 41.68544676917359, 80.75352699077874, 96.97901349545995, 66.11041512466879, 37.791053118876285, 77.8341058144433, 50.762409245742035, 87.42086957915166, 48.03170561453182, 47.62222521673263], [50.47842247495104, 8.297318183375499, 98.95031952254833, 49.06381066683377, 90.25931883502417, 97.35850652489118, 91.90752030817204, 59.892637305995336, 81.80136849060507, 50.14524457986902, 88.65121355691558, 0.0, 64.4644043374551, 23.87813392981869, 70.23894302187503, 70.73815564534496, 34.36307477464082, 2.777140559041044, 65.42391108847156, 98.62134549486167, 42.918748871696664, 97.77316671808781, 65.760301895827, 56.36446764110864, 98.89526822143884, 72.4297434559815, 72.01473808625609, 44.51258742755674, 52.88002227562861, 54.11888366770607, 47.05696977269157, 57.15388496696767, 76.37594304129182, 84.45257541221149, 15.940187712976769, 61.16866866156049, 74.55247092075868, 77.49674120241323, 36.82777963565438, 59.83892080317303, 55.38715087843723, 52.50049909184163, 32.52072935714553, 51.013878420537054, 83.85091601270359, 41.470898351317814, 12.710029481224629, 68.21632049040578, 75.61409977881037, 59.055097558337415, 84.67700674001479, 75.53201827378297, 96.92708672082908, 88.04311397399245, 81.79126649169271, 59.50323244909861, 35.58538971905783, 45.24607382982973, 62.641032405941836, 24.81976554294258, 76.82753958457398, 50.77254216542052, 69.71121672478762, 32.58384551069533, 74.56857875596938, 25.523260172724743, 31.087485140889296, 20.595531617896228, 32.041026926448026, 96.02283100160975, 4.721908112431757, 43.66890425175498, 85.94160105872328, 32.43081511086739, 75.66706395036704, 80.50742349725908, 97.27648983429735, 32.92516794284255, 35.19266125748046, 69.27468110771, 91.03106522015392, 97.60046412975309, 58.567875420204444, 85.03651494303365, 53.9709193951097, 79.84796117583299, 60.24450519357267, 51.86551588976379, 78.85253488230484, 87.35890256298228, 33.805446247278866, 98.44947725491052, 51.91837531478131, 81.94827787913545, 42.9239130137896], [35.282421661045184, 65.54231168183419, 59.388711753404515, 63.185327602556725, 62.00675056047283, 73.46619288633025, 45.302650527222575, 71.08184816753862, 41.66580548860403, 25.877842514812976, 75.45294157124454, 64.4644043374551, 0.0, 61.91872259246286, 72.28914211077044, 16.34343050181489, 41.15889604591708, 61.688714451819315, 3.760011123968417, 41.17910597090038, 64.8162873977766, 68.64218439266622, 66.47439226885183, 49.22960897266557, 41.791739932495176, 20.351003640768173, 8.250700380796467, 30.416562919033673, 29.232582137396307, 79.0527267262693, 19.435776775852606, 10.477168978919119, 22.271150379462537, 84.3750830941294, 55.943452007267624, 70.2460592793077, 77.02419095493643, 41.9892788314395, 35.10216666138199, 24.139395287263792, 71.73134021770191, 19.536371776311537, 39.76289810808246, 47.01593166814425, 81.58266972440929, 73.06266096594533, 67.54000851046135, 21.212393267913992, 49.1680360546582, 70.48807157415011, 70.37158985585125, 34.49154803940814, 60.95415922608423, 74.8853832202219, 26.468607410143445, 60.59379610730387, 64.08137891932333, 93.95909680198574, 10.459492464801938, 42.00036696847821, 48.35731183481522, 85.03629358372623, 60.80126467084812, 51.12578776543799, 85.85469678313773, 78.76759870772243, 46.7289504487513, 62.1265600899769, 86.38820127123303, 49.85081855274536, 67.78296028559434, 36.9817576982034, 47.85517941334289, 74.97891182461922, 31.798054918059503, 84.4514153396738, 51.661352518700106, 44.147247115955835, 31.441331187333255, 91.6128518873677, 32.383819156043295, 65.93761779216517, 17.723575090173394, 62.988595287034265, 10.733311666287598, 38.40860125777576, 7.647159944979425, 29.287149027151056, 19.330963429376585, 46.884205598205, 30.846029182430932, 48.9029299550748, 19.738673648635004, 34.93679235673972, 44.94614110972482], [35.72382953006154, 16.378292249427368, 81.44672002799435, 25.543429712308036, 70.53776392348539, 76.20375198948737, 77.2817734937287, 36.09052167568166, 66.33750147885404, 57.39330891611238, 66.14321821439857, 23.87813392981869, 61.91872259246286, 0.0, 46.74847835937854, 62.46388108671027, 21.586201812957082, 23.140026143343952, 64.14078112834568, 87.76040087475806, 19.076890816124692, 77.6896514401383, 42.66449841383793, 36.34159913450104, 87.84200747887579, 62.87277418756409, 67.8266276132632, 33.771256001425975, 40.383111967373885, 30.878827536427455, 49.779919835937115, 52.245877427787654, 66.76052353393126, 60.73712605841923, 35.45266925773896, 37.45297487147704, 50.88761467086868, 61.283539021907295, 27.169210171316216, 48.56954825544613, 31.5090548974785, 57.07130868327098, 44.50370887055926, 31.62266754214554, 60.291805952714554, 18.611129643541876, 13.545837042987374, 57.94108307734255, 57.10313024983918, 35.2615446453333, 62.56229280955675, 61.4277550705649, 78.58994253833681, 65.55928328671703, 71.77015032927909, 36.92487622473361, 11.70760507925947, 32.43899835183461, 56.35819184647679, 35.366787875911875, 58.684534585196104, 29.78951428390336, 47.858929282952, 50.21293849833408, 50.73007071556484, 17.75684848347344, 15.965965740113337, 3.3103502579202986, 24.907987989796094, 80.83824590907302, 21.90375117317775, 29.523940983304133, 69.29289957909415, 13.83254634552245, 62.481553827715615, 56.67260225231604, 81.79031346191098, 47.45303546513412, 41.481303017772184, 46.35422574724492, 81.4597847757849, 78.11778220754435, 49.98603176837828, 64.37022006336665, 51.405361804911, 65.10316257656278, 60.43051402019127, 60.60426583199204, 71.16781900175937, 71.26120980654665, 36.86047992057414, 84.23633429382835, 56.49711213337517, 68.74148103570813, 24.93515588149057], [38.107189686030196, 63.11611724866384, 51.25787892566094, 21.215526866885092, 35.66580595050525, 35.34837849524537, 56.215351410436995, 11.720132572556098, 46.4222556546125, 83.84719758720007, 21.685007445976222, 70.23894302187503, 72.28914211077044, 46.74847835937854, 0.0, 61.70800511466111, 43.997370646795986, 69.01964714788903, 75.92187799297123, 73.6097135033528, 27.980330247339747, 40.16808458807139, 6.000452637450577, 23.415856705051517, 73.22152577258811, 59.19032426123603, 73.22728109491985, 46.0938225771947, 43.470963181247335, 25.44895606379686, 72.78671979201336, 62.488450633906055, 61.442448547159906, 14.683863483441979, 78.59367981735517, 9.775596886842692, 5.056758171625326, 41.24598067703676, 47.686183713363995, 48.394237719258776, 17.40052965021692, 80.05891328895379, 79.79254004307397, 27.19366184299131, 13.626850415864888, 34.07746298164927, 60.099212922851635, 54.83265763794317, 31.552579342794594, 12.362592862503796, 20.158147241530724, 47.32920325846982, 46.46735657024198, 21.245520376682055, 63.806856706004105, 12.929281392838401, 35.45355585681992, 55.38625906002252, 62.184197284861156, 72.30641426347104, 33.6357434794498, 36.20222875831712, 13.457506725055714, 89.63245861613385, 14.695385021432415, 57.43248956620567, 42.987198096289745, 50.042960913061485, 60.21624623347424, 57.36030737284948, 68.64370785437065, 39.94831335022952, 44.83174154347627, 45.58277973795489, 50.3341648069819, 12.563676017104243, 57.26755989704656, 84.44215076931788, 72.0671064833968, 26.216466650691892, 71.75357392927866, 42.47278701374809, 54.57301548567644, 27.59529500319316, 65.96914922412736, 47.69856814857843, 75.85210419603311, 88.16637848192113, 68.52975812063372, 47.807315325928876, 66.08732310285366, 62.5729906697103, 79.67301904143538, 54.083061389433496, 33.69663338473291], [29.118197009303895, 69.92060142732531, 43.045283360336406, 57.02939845150173, 46.409489903879816, 57.977590773009034, 29.12470046580176, 62.840036415750326, 25.548189437379467, 41.046562964149025, 61.472132427287136, 70.73815564534496, 16.34343050181489, 62.46388108671027, 61.70800511466111, 0.0, 40.902080515216994, 68.01429217528444, 19.711600406311984, 28.415039786392263, 60.40150022848535, 52.72933010326252, 56.29776371845178, 40.28370975060505, 28.825643362841394, 4.022109121286407, 12.548047174697023, 28.696791563159582, 23.089872186605195, 73.15064462094463, 32.22336803042482, 15.00365817200509, 6.538091380916901, 72.28173461872613, 65.4233003856177, 61.59941370425273, 66.05334365434015, 26.552300142154493, 35.77756829051474, 15.057983216522036, 64.6792705896805, 34.74691939618899, 51.82473872595634, 39.784449678047594, 69.24721667867416, 69.65932839498194, 70.93729895876878, 6.881364088756741, 34.83886313302828, 62.39047119520083, 56.521967267814716, 18.74765858731017, 44.68990973107766, 60.945930509499874, 11.75197374005076, 51.44721297113196, 61.575575096608766, 92.68562618397681, 9.078745909053577, 51.65505316113861, 33.68098850754764, 80.76866213141314, 49.06657340323549, 63.90221079615943, 76.04715766249595, 80.15118663885892, 46.49846698094215, 63.51961183230782, 87.35688147670821, 33.72334697654301, 73.23725338333476, 33.620643696715504, 31.709232458262477, 74.06150240714649, 15.792703348194669, 73.17307638232805, 35.51246891507994, 56.75045644750814, 42.346684757827056, 83.84281760861249, 20.34644664000499, 49.867006666033056, 12.570780670161671, 48.26966820507485, 20.30786657730626, 22.298225717009476, 23.662665766756533, 44.86268051507468, 8.716432165273352, 30.59603255719037, 39.659718925527756, 33.27197099494093, 34.813607185118016, 18.601124656070994, 40.65293323813238], [16.163284934652385, 30.935487372340564, 64.58957215092168, 26.60070298087979, 56.52862807199693, 64.61732492740356, 58.02684141581978, 37.316672203359, 47.61708989590265, 42.37856691834471, 58.13620435185347, 34.36307477464082, 41.15889604591708, 21.586201812957082, 43.997370646795986, 40.902080515216994, 0.0, 32.06649865032204, 43.74353056623156, 66.82100365789056, 25.442344328152892, 64.16613136536975, 38.30091285930089, 24.091517769532746, 66.9624677771656, 41.45818325520679, 46.53202984961468, 12.208192354949814, 19.476867238263416, 40.51568231652694, 32.51384222172138, 31.092741437093995, 45.383833422231746, 58.59800672781826, 36.90278564066447, 37.49833733393999, 48.99191624230546, 43.167489223665875, 6.122912037245475, 27.382001168060455, 35.5621968520703, 40.19595896287217, 35.8085014786931, 18.6637835121072, 56.9873342627872, 32.41702661650709, 30.948160990378284, 36.6210796478292, 41.530993323023196, 36.50952677534094, 53.55404173706492, 41.72270983272201, 62.65723798305106, 57.49935763682322, 50.51001840966223, 31.23633266657999, 23.16918617393177, 52.89447942087272, 34.869761457608156, 28.466144740488815, 42.62318884783729, 44.67754331744907, 38.87190233113504, 45.84785732531412, 53.70511917112677, 39.2492550748894, 5.683746960747771, 22.667504192224907, 46.49415200858619, 61.98285807252961, 35.368927167641445, 9.341178930496508, 51.59349216634365, 33.93544291133854, 42.26784363967, 56.22636671263263, 63.15879633075941, 40.45334278685535, 28.599667845248284, 55.0333789832417, 60.16312190648989, 63.67995394394512, 28.40219892391876, 52.06782438078846, 31.07478508382021, 45.848277247924926, 40.803767485198975, 46.366909132478455, 49.596961612632704, 53.07660651763206, 22.684920001168475, 64.76183388284394, 39.685637537411004, 48.599576868748905, 10.603381880164342], [48.123853926942495, 8.841600640349276, 96.6446577485462, 47.92091736277431, 88.20090209692934, 95.49248404078605, 89.40399638523093, 58.899471818619396, 79.37021043272316, 47.61470733446719, 87.07228833598838, 2.777140559041044, 61.688714451819315, 23.140026143343952, 69.01964714788903, 68.01429217528444, 32.06649865032204, 0.0, 62.657892343618755, 95.93863237146347, 42.01484623857256, 95.74763350410153, 64.3981539150097, 54.46090757123748, 96.21867317518526, 69.7376136300258, 69.23802524423687, 41.96897512934115, 50.37170374858852, 53.76959747675781, 44.33220787983819, 54.38911534707292, 73.67957276401603, 83.3471645498136, 14.452450933189954, 60.098185812496006, 73.42303870460454, 75.12965633436957, 34.30620077404957, 57.24026356775987, 54.558846332577644, 49.85233117566698, 30.19547498940282, 49.06978692498765, 82.6451785406346, 41.1966673895343, 13.325769360305676, 65.55547435520123, 73.45487850113518, 58.05465959536687, 83.01441563797252, 73.03010578851872, 94.70261654865092, 86.45921816137084, 79.09980121635705, 58.018568224589245, 34.805173268491245, 46.48519149206086, 59.88864725349885, 22.26468120813206, 74.6279449397984, 50.97158529800629, 68.03300711886283, 31.012992429308486, 73.85465420491748, 26.744248923130133, 29.050026670573065, 19.934888972555207, 33.58347629466447, 93.54747171648901, 6.880509086721987, 41.331510595462106, 83.58832960883262, 32.73603481393853, 73.11465644331538, 79.52941567672492, 94.8189232032787, 30.882620108409974, 32.52712237807019, 69.06783969602505, 88.31725793843044, 95.49958211139298, 55.875092337126944, 83.11715976207736, 51.19384326673438, 77.37439150730977, 57.49345771707288, 49.43647208887499, 76.10758269827207, 84.9608694616714, 31.044743162275058, 95.91282197742956, 49.26849201727181, 79.38408721168022, 40.910253541505895], [38.70591618505993, 66.94766400012331, 62.69899393977454, 66.41605624111865, 65.65800445148665, 77.13829078558605, 48.405295433930426, 74.51550743577357, 45.179925587785604, 24.038370659739424, 79.21192545843824, 65.42391108847156, 3.760011123968417, 64.14078112834568, 75.92187799297123, 19.711600406311984, 43.74353056623156, 62.657892343618755, 0.0, 43.179516729294775, 67.81687131376663, 72.23399332927563, 70.08674062575082, 52.79416877874906, 43.83575142904859, 23.733704258439595, 9.754738644942078, 33.42083798160568, 32.73127493653711, 82.19655577633078, 19.20425709053707, 13.7416315647031, 25.358568934121273, 88.08868780205273, 56.08895705797598, 73.72126915736008, 80.67814015358177, 45.64526675925176, 37.63878089251312, 27.862271031521093, 75.0359098878558, 17.84189031272399, 39.22338288199624, 50.44330974720915, 85.30865454492839, 75.87986546734678, 69.1487805934874, 24.87493870894847, 52.912443621945975, 73.90866465554953, 74.13121402323513, 38.08863733792639, 64.39822558131357, 78.64467652531428, 29.219915884063813, 64.13774758507131, 66.80704234480402, 96.35190532160522, 14.21858144595646, 42.26843873804451, 52.085613124965526, 87.93805231998105, 64.51502132243847, 50.16595074053774, 89.40910024950914, 80.72632005304384, 49.23373685364168, 64.18656880471418, 88.39390747085262, 52.9081311544811, 68.91958392289095, 40.07916696554161, 51.36209590543158, 77.3838958897233, 35.33386504569664, 88.11883993685873, 54.72927458260357, 43.330907492993234, 31.511560099198544, 94.95423607146486, 34.377599419342644, 69.48101713804554, 21.392731642067318, 66.72313519051679, 12.747884829412353, 41.92241196731464, 5.942020220096694, 27.087238506458373, 21.667843365535383, 50.30717714009284, 31.628204993710252, 51.712304680416175, 18.140635446949666, 38.22504288890394, 48.06662736628769], [52.18212428682311, 97.12579298291926, 32.02015775958443, 76.42280143827438, 44.51769245029976, 54.69388105629506, 18.6656937718393, 78.79161459395982, 27.18746676929669, 67.03463818395721, 64.48359901756706, 98.62134549486167, 41.17910597090038, 87.76040087475806, 73.6097135033528, 28.415039786392263, 66.82100365789056, 95.93863237146347, 43.179516729294775, 0.0, 81.5388135322302, 47.24280034542909, 69.61264176941208, 58.01316068419511, 0.8628595661731978, 26.220412458546452, 33.42479462444513, 54.92455977493154, 47.43858278086476, 91.68073603091055, 59.74265390877903, 43.29029552169699, 22.316275591239947, 79.70932907266591, 93.83772158019822, 77.02003000278245, 76.69034755545769, 32.47260223322531, 62.52536522769154, 39.453269074221105, 82.2413116441391, 60.70839648887911, 79.83084400813456, 59.882067489422894, 76.33824274639522, 91.29653445285604, 97.66538474486812, 30.483651740784886, 42.061655111192344, 78.60732304446569, 60.66733107391123, 27.9655027352161, 36.52379607714442, 64.17023547397989, 16.870743684009984, 67.18366766861544, 84.52336280655112, 115.53329241754282, 37.34211098928298, 80.05947460667774, 39.9951767954391, 100.91257455894969, 60.19814948333734, 91.7079545415144, 88.18535918437826, 105.47604719382447, 72.06820199020072, 89.32172035679227, 112.21641720714692, 20.185395298338037, 100.8235051460355, 58.243764423478886, 29.742544290847984, 97.81926459471556, 25.937372019706956, 82.47398133153902, 21.538554111875857, 84.59530648695286, 70.56276040779954, 99.04004363110322, 8.80689272083394, 43.374233727462844, 40.073369796982014, 50.538986950053314, 48.24747329902132, 26.18782714934128, 48.71822277191509, 70.