instance_id,num_cities,city_coordinates,distance_matrix,best_route,total_distance
2232,43,"[[96.96877636698636, 57.53722595651046], [44.25650784368984, 32.89070939466504], [69.93153040442306, 3.066807409475447], [7.733223757181018, 71.4491915829642], [66.21362367516677, 32.16991791662327], [83.62818737335918, 35.709051056827526], [67.22351258235412, 46.45663470281431], [77.42732601273885, 91.91379512550789], [17.539313677008618, 72.70920106602611], [70.23359570567, 57.076530748391065], [79.80618150129581, 18.95044733267952], [36.48294695034572, 84.75042726584094], [48.65362585804572, 68.93873128479896], [72.72617552166535, 42.49605376895467], [14.248321246066531, 88.41669360081023], [60.954410214717335, 41.58324865246856], [49.3707695447319, 83.39615666867671], [43.67815427838914, 13.271268752192334], [51.177115421078476, 12.586732605372342], [39.21435272432178, 6.802643145993404], [84.71512612653027, 29.41925384890296], [36.27557613666477, 28.585485388825703], [9.84029760781252, 30.110982558572264], [13.208375307574494, 5.79031360931589], [55.949966842339485, 12.379106639726057], [78.46870482097208, 0.10263436557833572], [27.123394395904675, 33.17644111926663], [66.39728608251518, 49.27764514803628], [45.1804078062402, 2.7486162506870415], [17.50283793074543, 72.53038343536878], [36.22458562792538, 93.78604225073906], [60.89177212471135, 74.72188324408366], [96.58978279019402, 2.7948757003599667], [59.271187422713226, 57.46812075892602], [81.8519557742578, 0.4920242303163458], [98.69627019358272, 70.96679194967155], [25.83641650720748, 19.41388682181292], [37.29919406481436, 12.111242739128048], [47.45263501407647, 67.28537815496604], [99.97669556866411, 85.8199627015982], [8.235393694370474, 14.121161474720644], [37.6269869323147, 39.2495340819922], [27.456542773017745, 27.21639441539059]]","[[0.0, 58.18963852358458, 60.81150521019293, 90.31349089238532, 39.8670256513784, 25.582035379305427, 31.74208909553437, 39.54259462628097, 80.86549555862703, 26.739149669875605, 42.23143553193952, 66.32566536206852, 49.6422007212873, 28.52964346992897, 88.29617895134233, 39.389896688968165, 54.16875991776069, 69.27745210242804, 64.16714942005525, 76.87373636849965, 30.672011666332274, 67.2448350142703, 91.34314773320851, 98.45581609585977, 61.00654452637191, 60.34057472733268, 73.97178665256634, 31.667596898805424, 75.39115910821859, 80.86797971223393, 70.73777909488079, 39.96076427182633, 54.74366216922567, 37.69765228419029, 59.01417884555306, 13.540217047211511, 80.70440883867649, 74.99319304697984, 50.46657037847537, 28.44223577210058, 98.78546378699562, 62.0957941201031, 75.83734861245763], [58.18963852358458, 0.0, 39.353169035242324, 53.110326953702824, 21.96894344277195, 39.472423268804576, 26.674287921744277, 67.70544902143797, 47.951232967697464, 35.49314086331874, 38.18520922450362, 52.439094067694285, 36.315210711542726, 30.046374460873995, 63.11597408690501, 18.82498824278042, 50.76372599696282, 19.62796331691105, 21.45102055148765, 26.57085863954813, 40.607275172840545, 9.068088257877369, 34.52828417809667, 41.2118670494647, 23.61065079428182, 47.387047662049795, 17.135495879405436, 27.545339431670804, 30.156249273426656, 47.8232434268529, 61.42274284116706, 45.01754239537865, 60.36995007768079, 28.8008637410208, 49.62955274308479, 66.43399572092954, 22.823770755606727, 21.91324826460706, 34.542849737971956, 76.8520993580258, 40.617934384670335, 9.186141677468385, 17.73236241621011], [60.81150521019293, 39.353169035242324, 0.0, 92.43797820720096, 29.339629712024436, 35.39935709102362, 43.47425069015471, 89.16262769801295, 87.14933945720033, 54.01056802693732, 18.702907567941743, 88.26676321200185, 69.22325893022635, 39.52816097174053, 101.90791360364062, 39.54876651585184, 82.91893173175923, 28.166838468490052, 21.03228606459536, 30.943520699512472, 30.21599139226781, 42.236550326550265, 65.89646172983393, 56.788500685981376, 16.79889986261925, 9.037127245576738, 52.336665452258245, 46.34579169057894, 24.75316778684719, 87.02847918241777, 96.77880809531703, 72.22303734002794, 26.659639290843486, 55.43596131242606, 12.19532899996882, 73.74156328487302, 47.02771602918519, 33.8625336531928, 68.0391473092052, 88.03860891988644, 62.67864092930942, 48.505393910362116, 48.86028169018574], [90.31349089238532, 53.110326953702824, 92.43797820720096, 0.0, 70.44727471182155, 83.88923141338823, 64.52691193533163, 72.63654649941475, 9.886709433029292, 64.1316604585063, 89.16630185132585, 31.67758599349113, 40.99733795022692, 71.15031952379144, 18.175329983669936, 61.02842972808222, 43.31760835929922, 68.38646602272796, 73.15846362378822, 71.90436499865193, 87.70820348367127, 51.49721534269643, 41.39187463206196, 65.88676302003473, 76.25043769672111, 100.46810194335144, 42.90433714037876, 62.714030964584445, 78.24359810355095, 9.829259225496937, 36.203488768407105, 53.259194279033395, 112.28937248242029, 53.40067452922753, 102.60850858740184, 90.96432556995721, 55.094450984926816, 66.29584280500228, 39.93706264683935, 93.35618433922865, 57.33022946698798, 43.93694368012961, 48.4308750516463], [39.8670256513784, 21.96894344277195, 29.339629712024436, 70.44727471182155, 0.0, 17.77055126276315, 14.322365451757367, 60.787153116969975, 63.34525974423229, 25.22894246451104, 18.960802482395515, 60.40383350366914, 40.74676870429153, 12.208292804243186, 76.57736239526076, 10.782862410556032, 53.924106593818394, 29.41098980268001, 24.69003295684434, 37.04671727921081, 18.70485888135104, 30.15186307616727, 56.41091301073646, 59.206755340250275, 22.29391985676373, 34.32925411705576, 39.103185472065306, 17.10871306978708, 36.16640929795059, 63.25905330250182, 68.52655821618438, 42.8834683433427, 42.256409546821466, 26.233499350442674, 35.327699886101065, 50.59960236579508, 42.34424622042612, 35.190832464837875, 39.812940651152495, 63.38984405340721, 60.72258855487988, 29.45024219453438, 39.07235231123139], [25.582035379305427, 39.472423268804576, 35.39935709102362, 83.88923141338823, 17.77055126276315, 0.0, 19.61183084839658, 56.545768519310926, 75.74133829788971, 25.218728641894476, 17.188907110957178, 68.0274229632266, 48.24346174604058, 12.842011845069052, 87.13014063104285, 23.422347620005635, 58.71652849003259, 45.81985616563416, 39.846125049025844, 52.99216099141051, 6.38302316852765, 47.88543597754804, 73.99993950648624, 76.51196495864924, 36.19903587485175, 35.9782874773002, 56.56152174863071, 21.931956248971375, 50.64209727343062, 75.68601163384677, 74.96691513312638, 45.15468584355286, 35.37436777026567, 32.66068831020785, 35.26179203036701, 38.34260571145421, 60.0451593160671, 51.99261657564541, 48.0180697395037, 52.710313849207594, 78.42263904850307, 46.137245930686305, 56.8100244141508], [31.74208909553437, 26.674287921744277, 43.47425069015471, 64.52691193533163, 14.322365451757367, 19.61183084839658, 0.0, 46.58831658491857, 56.19356601534355, 11.038242270766112, 30.24754371456737, 49.105976461485106, 29.159652941613196, 6.779786188171564, 67.57971174723644, 7.940499738153366, 41.02741421335006, 40.68970890702947, 37.47875571504074, 48.548450874783164, 24.417798646479817, 35.73727393141932, 59.66585040737306, 67.61201613687321, 35.89388182466156, 47.69850831784938, 42.241958053382355, 2.9395152935624496, 48.95190849376799, 56.14254946811294, 56.57743623710396, 28.965759308581553, 52.6186946351605, 13.582794285735174, 48.2362598685597, 39.89087965839831, 49.43887068379317, 45.55294488700394, 28.718010962031784, 51.20783716263117, 67.2694655756061, 30.46139573151722, 44.176902722287736], [39.54259462628097, 67.70544902143797, 89.16262769801295, 72.63654649941475, 60.787153116969975, 56.545768519310926, 46.58831658491857, 0.0, 62.89189498269279, 35.5722468367121, 73.00211691843376, 41.56628460540882, 36.82090953625179, 49.64084987913595, 63.27571700408653, 52.957727133662736, 29.32099121318636, 85.57834741996518, 83.55750357795529, 93.29597804204258, 62.91803970143901, 75.52444195072295, 91.58380888449713, 107.43057152478615, 82.3835155201858, 91.81706655033074, 77.33409527346676, 44.039789574472096, 94.81715486975664, 62.9814331421443, 41.24525578192327, 23.85343531910062, 91.15580919093333, 38.9377689534058, 91.52877985715428, 29.852050660153154, 88.98235020301557, 89.32364939371284, 38.79485820234642, 23.35827178924807, 104.11156202975377, 66.01205482467806, 81.74859531659659], [80.86549555862703, 47.951232967697464, 87.14933945720033, 9.886709433029292, 63.34525974423229, 75.74133829788971, 56.19356601534355, 62.89189498269279, 0.0, 54.96424055489144, 82.26278886355517, 22.44665609817622, 31.34193460637331, 62.91600742144851, 16.048549869406177, 53.41999177302086, 33.577561000046444, 64.93155462275845, 68.89276391592703, 69.37925983007585, 79.91626435410139, 47.936935823220296, 43.28837105323465, 67.05888849066682, 71.51991729632817, 94.78451473316021, 40.6779265970431, 54.186153953894205, 75.2230916166392, 0.18249993177905457, 28.166871004876075, 43.399153713058304, 105.53193620108989, 44.42791707085651, 96.702826037552, 81.17565879351922, 53.937300968479384, 63.738257164193506, 30.40106327721481, 83.4734329221905, 59.32218227775939, 39.02645168977559, 46.56121658521003], [26.739149669875605, 35.49314086331874, 54.01056802693732, 64.1316604585063, 25.22894246451104, 25.218728641894476, 11.038242270766112, 35.5722468367121, 54.96424055489144, 0.0, 39.30944715251554, 43.6457425170405, 24.62533045850002, 14.791999969138121, 64.1603987201863, 18.059487076861824, 33.58541683536614, 51.22589626305583, 48.399293172974936, 59.07332062610358, 31.219219862534356, 44.32704319859101, 66.13993683330908, 76.69518778833347, 46.92421310427311, 57.56597859135561, 49.292025128297105, 8.691368599486015, 59.826286175843926, 54.948652198107425, 50.041992378493035, 19.965673855770554, 60.341914722586246, 10.96940007924727, 57.764977872214196, 31.671172937620664, 58.220136278787656, 55.736450705056264, 24.963828540563686, 41.36226383926162, 75.42506746481102, 37.16171074967414, 52.1680361852764], [42.23143553193952, 38.18520922450362, 18.702907567941743, 89.16630185132585, 18.960802482395515, 17.188907110957178, 30.24754371456737, 73.00211691843376, 82.26278886355517, 39.30944715251554, 0.0, 78.78159690664491, 58.90085105992541, 24.58703046574687, 95.51645100101217, 29.455610267358395, 71.27105831110963, 36.571675110229094, 29.32780744883594, 42.37057599345619, 11.56259690587459, 44.58416267863097, 70.85042311464892, 67.88561636630604, 24.744726637347778, 18.89520832150938, 54.569725639845224, 33.15927326832685, 38.22883119310114, 82.17369513924943, 86.60093397654369, 58.89149298230505, 23.295745684388685, 43.64970959787016, 18.571445172677535, 55.340180322403555, 53.971754739652575, 43.05367232185482, 58.16371298237318, 69.84541304492339, 71.73353239038083, 46.80958638296313, 52.998212763784885], [66.32566536206852, 52.439094067694285, 88.26676321200185, 31.67758599349113, 60.40383350366914, 68.0274229632266, 49.105976461485106, 41.56628460540882, 22.44665609817622, 43.6457425170405, 78.78159690664491, 0.0, 19.953324406505118, 55.66869584324107, 22.53486385688456, 49.62114291043973, 12.958781581410904, 71.84038634579322, 73.64453417664899, 77.99562568949919, 73.40219247256061, 56.16532470041339, 60.788976647973406, 82.31892391064065, 74.94379836012585, 94.48837339512524, 52.416383613011526, 46.40243481641547, 82.46176589853526, 22.57374602529614, 9.039307978392937, 26.38868017899094, 101.63436499078786, 35.54754776582627, 95.69652785634969, 63.72194434805521, 66.19827888752681, 72.64377046972248, 20.62430596797936, 63.50275600046465, 76.06850498821359, 45.51527334871621, 58.23779621868589], [49.6422007212873, 36.315210711542726, 69.22325893022635, 40.99733795022692, 40.74676870429153, 48.24346174604058, 29.159652941613196, 36.82090953625179, 31.34193460637331, 24.62533045850002, 58.90085105992541, 19.953324406505118, 0.0, 35.75895470388321, 39.53626185449292, 29.99386146925846, 14.47520099334536, 55.88937020810964, 56.40847236666523, 62.848972358237134, 53.4997280219274, 42.20901052199473, 54.90053297562192, 72.41607861174853, 57.02830640787628, 75.01564618556498, 41.743170276071496, 26.483877855001168, 66.28117811162048, 31.357161122498486, 27.78254673855651, 13.535770041947385, 81.68772718712812, 15.630339708904978, 76.07286517430391, 50.0837227265851, 54.528297806211945, 57.950725411814325, 2.0435154952253956, 54.02808027931887, 68.10726430506193, 31.6707309127149, 46.798180788979096], [28.52964346992897, 30.046374460873995, 39.52816097174053, 71.15031952379144, 12.208292804243186, 12.842011845069052, 6.779786188171564, 49.64084987913595, 62.91600742144851, 14.791999969138121, 24.58703046574687, 55.66869584324107, 35.75895470388321, 0.0, 74.35297306258285, 11.807102592192049, 47.09876225077715, 41.20528603742246, 36.86366074720495, 48.95979809088147, 17.740846449787988, 39.0147421904086, 64.09386577420844, 69.92624616688181, 34.47421764213134, 42.7805873202316, 46.54534161808526, 9.276034883818658, 48.35936422556388, 62.86237327043541, 62.95259314144538, 34.33012072687669, 46.32121859257201, 20.129567672832252, 42.9839314477097, 38.53607076264108, 52.26314123174818, 46.67234466429063, 35.401447050984146, 51.18155847603579, 70.45704686832346, 35.249013173543425, 47.778736265815844], [88.29617895134233, 63.11597408690501, 101.90791360364062, 18.175329983669936, 76.57736239526076, 87.13014063104285, 67.57971174723644, 63.27571700408653, 16.048549869406177, 64.1603987201863, 95.51645100101217, 22.53486385688456, 39.53626185449292, 74.35297306258285, 0.0, 66.14250004707166, 35.4794611793829, 80.70284968939862, 84.34405031648662, 85.34726685380511, 91.90358255988325, 63.757144181034555, 58.4721011469261, 82.63292417707244, 86.72221097447637, 109.19537868019894, 56.72083393990579, 65.20260460519768, 91.08135624721871, 16.21624893504851, 22.622689961758535, 48.61233732886393, 118.79062248258863, 54.633987953559185, 110.90986829553049, 86.23198448996006, 69.96907384810031, 79.71113202627775, 39.35808614854421, 85.76769307471392, 74.53845579055657, 54.44236938651969, 62.609374188614076], [39.389896688968165, 18.82498824278042, 39.54876651585184, 61.02842972808222, 10.782862410556032, 23.422347620005635, 7.940499738153366, 52.957727133662736, 53.41999177302086, 18.059487076861824, 29.455610267358395, 49.62114291043973, 29.99386146925846, 11.807102592192049, 66.14250004707166, 0.0, 43.38778639137083, 33.16680908756766, 30.600546340731015, 41.01610194890238, 26.69333981020455, 27.892412970371577, 52.385736578963055, 59.672590427745384, 29.629822209520064, 45.02656856981715, 34.85989162681165, 9.424894436717098, 41.91596146772899, 53.34570540559219, 57.76414011787184, 33.138693790294575, 52.67274109883504, 15.97380357980003, 46.09984961932901, 47.83137684995993, 41.530158752637014, 37.79111514171829, 29.032695268124726, 58.98835159681369, 59.442921656247954, 23.443867016617247, 36.44878082749988], [54.16875991776069, 50.76372599696282, 82.91893173175923, 43.31760835929922, 53.924106593818394, 58.71652849003259, 41.02741421335006, 29.32099121318636, 33.577561000046444, 33.58541683536614, 71.27105831110963, 12.958781581410904, 14.47520099334536, 47.09876225077715, 35.4794611793829, 43.38778639137083, 0.0, 70.35556675821817, 70.83246022553404, 77.2639574211636, 64.51921868867146, 56.353294282966004, 66.34732844282215, 85.61767127128451, 71.32115557038688, 88.22981749384392, 54.926910807693496, 38.131025344140454, 80.75633044517744, 33.669423715166104, 16.756248804038734, 14.421391052616752, 93.41414082251501, 27.75394242798622, 89.04000580769488, 50.86741709166913, 68.17328382623013, 72.29980559109761, 16.22456237916863, 50.66393771140303, 80.56763683684122, 45.681951751855735, 60.302562315691574], [69.27745210242804, 19.62796331691105, 28.166838468490052, 68.38646602272796, 29.41098980268001, 45.81985616563416, 40.68970890702947, 85.57834741996518, 64.93155462275845, 51.22589626305583, 36.571675110229094, 71.84038634579322, 55.88937020810964, 41.20528603742246, 80.70284968939862, 33.16680908756766, 70.35556675821817, 0.0, 7.530139969208259, 7.8593028664931, 44.09977869727598, 17.009508938769326, 37.79651445754316, 31.374705104271943, 12.30419996747655, 37.19939970838684, 25.889688328167548, 42.57485280177067, 10.629345291661974, 64.78263547381414, 80.85904054061895, 63.81603764564411, 53.93881017549168, 46.866879669390286, 40.256033227280135, 79.72306112969157, 18.869535326680396, 6.483578776983882, 54.14582827327403, 91.83048919164787, 35.45294903750425, 26.67371169889334, 21.391755645425366], [64.16714942005525, 21.45102055148765, 21.03228606459536, 73.15846362378822, 24.69003295684434, 39.846125049025844, 37.47875571504074, 83.55750357795529, 68.89276391592703, 48.399293172974936, 29.32780744883594, 73.64453417664899, 56.40847236666523, 36.86366074720495, 84.34405031648662, 30.600546340731015, 70.83246022553404, 7.530139969208259, 0.0, 13.287715462524478, 37.525084057106504, 21.86357618668505, 44.89801602910054, 38.5722249420067, 4.777365302239697, 30.011390518155146, 31.66255820119434, 39.722495618687816, 11.521676771468023, 68.75462340326273, 82.56455676680687, 62.88999522789604, 46.45633239103331, 45.60540542696223, 32.97313757243445, 75.2748390854282, 26.24425758406065, 13.88606466150697, 54.82530053964345, 88.00286934474008, 42.96912771757318, 29.908376161932463, 27.86920471465652], [76.87373636849965, 26.57085863954813, 30.943520699512472, 71.90436499865193, 37.04671727921081, 52.99216099141051, 48.548450874783164, 93.29597804204258, 69.37925983007585, 59.07332062610358, 42.37057599345619, 77.99562568949919, 62.848972358237134, 48.95979809088147, 85.34726685380511, 41.01610194890238, 77.2639574211636, 7.8593028664931, 13.287715462524478, 0.0, 50.811725614134446, 21.98018707855509, 37.498183958155906, 26.02567333405996, 17.64023029906715, 39.82203254713944, 29.013246850956712, 50.42854014374726, 7.21310940637614, 69.22084742459647, 87.03476562331953, 71.29469606753659, 57.51523428746575, 54.49098310606238, 43.1020777334784, 87.49363689732255, 18.385120192157466, 5.643497349278687, 61.0412199194224, 99.67847860840355, 31.831691961115073, 32.48569626112753, 23.55774470826525], [30.672011666332274, 40.607275172840545, 30.21599139226781, 87.70820348367127, 18.70485888135104, 6.38302316852765, 24.417798646479817, 62.91803970143901, 79.91626435410139, 31.219219862534356, 11.56259690587459, 73.40219247256061, 53.4997280219274, 17.740846449787988, 91.90358255988325, 26.69333981020455, 64.51921868867146, 44.09977869727598, 37.525084057106504, 50.811725614134446, 0.0, 48.44672510155561, 74.87802370732797, 75.30964234100576, 33.43353115594113, 29.974688606498987, 57.71415788103408, 27.016642442531904, 47.689798306975966, 79.85024219583987, 80.58793933966534, 51.18476751938091, 29.152443854272455, 37.86994787030721, 29.068580252096364, 43.83686019388813, 59.72277468255568, 50.47611179416805, 53.12566812632025, 58.42906349517822, 77.99475048478436, 48.103297831176654, 57.30094202833803], [67.2448350142703, 9.068088257877369, 42.236550326550265, 51.49721534269643, 30.15186307616727, 47.88543597754804, 35.73727393141932, 75.52444195072295, 47.936935823220296, 44.32704319859101, 44.58416267863097, 56.16532470041339, 42.20901052199473, 39.0147421904086, 63.757144181034555, 27.892412970371577, 56.353294282966004, 17.009508938769326, 21.86357618668505, 21.98018707855509, 48.44672510155561, 0.0, 26.47925777873884, 32.430165132896626, 25.48976974785783, 50.90710078744438, 10.239106657065879, 36.544259269584835, 27.328370495233987, 47.78671116606634, 65.20057680063557, 52.2926793344974, 65.59694407781063, 36.918894408435484, 53.5392280550876, 75.44877860079477, 13.895836572287461, 16.50601298145456, 40.28161299228084, 85.63654599618152, 31.55104590483968, 10.749336987406494, 8.924671398021376], [91.34314773320851, 34.52828417809667, 65.89646172983393, 41.39187463206196, 56.41091301073646, 73.99993950648624, 59.66585040737306, 91.58380888449713, 43.28837105323465, 66.13993683330908, 70.85042311464892, 60.788976647973406, 54.90053297562192, 64.09386577420844, 58.4721011469261, 52.385736578963055, 66.34732844282215, 37.79651445754316, 44.89801602910054, 37.498183958155906, 74.87802370732797, 26.47925777873884, 0.0, 24.552777552263958, 49.40162973545347, 74.90233132478063, 17.552847939120756, 59.716445809726565, 44.694770150476266, 43.10591716860851, 68.92491480683364, 67.7966482233608, 90.94857268422359, 56.49624658688495, 77.86502169993872, 97.79867598881378, 19.243276151554227, 32.83263054042477, 52.88311274045641, 105.96254388194477, 16.070161631575687, 29.250867124969204, 17.852471376234284], [98.45581609585977, 41.2118670494647, 56.788500685981376, 65.88676302003473, 59.206755340250275, 76.51196495864924, 67.61201613687321, 107.43057152478615, 67.05888849066682, 76.69518778833347, 67.88561636630604, 82.31892391064065, 72.41607861174853, 69.92624616688181, 82.63292417707244, 59.672590427745384, 85.61767127128451, 31.374705104271943, 38.5722249420067, 26.02567333405996, 75.30964234100576, 32.430165132896626, 24.552777552263958, 0.0, 43.24645465841421, 65.50771178553617, 30.718524317093653, 68.70377161250455, 32.11639433244687, 66.87809304703767, 90.9560014328115, 83.81686956892017, 83.43519498418547, 69.22700637574087, 68.84775239344887, 107.49955116600273, 18.57603756498933, 24.906258118358288, 70.38687581019656, 118.04018864253335, 9.702245733941407, 41.42207175310114, 25.731055455067487], [61.00654452637191, 23.61065079428182, 16.79889986261925, 76.25043769672111, 22.29391985676373, 36.19903587485175, 35.89388182466156, 82.3835155201858, 71.51991729632817, 46.92421310427311, 24.744726637347778, 74.94379836012585, 57.02830640787628, 34.47421764213134, 86.72221097447637, 29.629822209520064, 71.32115557038688, 12.30419996747655, 4.777365302239697, 17.64023029906715, 33.43353115594113, 25.48976974785783, 49.40162973545347, 43.24645465841421, 0.0, 25.647715914837868, 35.5457508074234, 38.34903679827432, 14.447482374635406, 71.38877938227238, 83.76263982008672, 62.53833411748122, 41.75466588268423, 45.211167872384266, 28.499399271516527, 72.52422574680622, 30.9243277371847, 18.652696219799324, 55.55990730648194, 85.62658571636499, 47.74636369129081, 32.52309123858403, 32.12507313193369], [60.34057472733268, 47.387047662049795, 9.037127245576738, 100.46810194335144, 34.32925411705576, 35.9782874773002, 47.69850831784938, 91.81706655033074, 94.78451473316021, 57.56597859135561, 18.89520832150938, 94.48837339512524, 75.01564618556498, 42.7805873202316, 109.19537868019894, 45.02656856981715, 88.22981749384392, 37.19939970838684, 30.011390518155146, 39.82203254713944, 29.974688606498987, 50.90710078744438, 74.90233132478063, 65.50771178553617, 25.647715914837868, 0.0, 61.075507331718924, 50.63497640775617, 33.39329181553281, 94.67109253089542, 102.76743900367339, 76.66146924108092, 18.319978989380083, 60.492509481768145, 3.405585335837211, 73.69452646571814, 56.06319866518203, 42.885140677986286, 73.99674080212407, 88.37451014329777, 71.61869235133925, 56.57318868071377, 57.77020565001952], [73.97178665256634, 17.135495879405436, 52.336665452258245, 42.90433714037876, 39.103185472065306, 56.56152174863071, 42.241958053382355, 77.33409527346676, 40.6779265970431, 49.292025128297105, 54.569725639845224, 52.416383613011526, 41.743170276071496, 46.54534161808526, 56.72083393990579, 34.85989162681165, 54.926910807693496, 25.889688328167548, 31.66255820119434, 29.013246850956712, 57.71415788103408, 10.239106657065879, 17.552847939120756, 30.718524317093653, 35.5457508074234, 61.075507331718924, 0.0, 42.44628769854534, 35.38231563272799, 40.512811338123804, 61.28911347994842, 53.538090139468814, 75.81964543473916, 40.2935019104863, 63.745482490250744, 80.93693326186096, 13.822597906195384, 23.39421898026039, 39.707651779182726, 89.88294530308963, 26.830211568919932, 12.132926864727871, 5.969350429783521], [31.667596898805424, 27.545339431670804, 46.34579169057894, 62.714030964584445, 17.10871306978708, 21.931956248971375, 2.9395152935624496, 44.039789574472096, 54.186153953894205, 8.691368599486015, 33.15927326832685, 46.40243481641547, 26.483877855001168, 9.276034883818658, 65.20260460519768, 9.424894436717098, 38.131025344140454, 42.57485280177067, 39.722495618687816, 50.42854014374726, 27.016642442531904, 36.544259269584835, 59.716445809726565, 68.70377161250455, 38.34903679827432, 50.63497640775617, 42.44628769854534, 0.0, 51.13811155997677, 54.142006777780956, 53.7716399728917, 26.03305468491782, 55.427743170446945, 10.85657279447851, 51.17502929758165, 38.905571112501086, 50.36892099372585, 47.20212312059155, 26.137678782817794, 49.62779174639779, 67.96163675517413, 30.467903189175033, 44.755784803585215], [75.39115910821859, 30.156249273426656, 24.75316778684719, 78.24359810355095, 36.16640929795059, 50.64209727343062, 48.95190849376799, 94.81715486975664, 75.2230916166392, 59.826286175843926, 38.22883119310114, 82.46176589853526, 66.28117811162048, 48.35936422556388, 91.08135624721871, 41.91596146772899, 80.75633044517744, 10.629345291661974, 11.521676771468023, 7.21310940637614, 47.689798306975966, 27.328370495233987, 44.694770150476266, 32.11639433244687, 14.447482374635406, 33.39329181553281, 35.38231563272799, 51.13811155997677, 0.0, 75.07025313418106, 91.47688059616235, 73.66816225786064, 51.40939579665824, 56.50463913544797, 36.74091231742915, 86.7044809843096, 25.53274843384252, 12.238149566012693, 64.57675010074159, 99.51623864329721, 38.65577385849289, 37.274269535784924, 30.212705274983723], [80.86797971223393, 47.8232434268529, 87.02847918241777, 9.829259225496937, 63.25905330250182, 75.68601163384677, 56.14254946811294, 62.9814331421443, 0.18249993177905457, 54.948652198107425, 82.17369513924943, 22.57374602529614, 31.357161122498486, 62.86237327043541, 16.21624893504851, 53.34570540559219, 33.669423715166104, 64.78263547381414, 68.75462340326273, 69.22084742459647, 79.85024219583987, 47.78671116606634, 43.10591716860851, 66.87809304703767, 71.38877938227238, 94.67109253089542, 40.512811338123804, 54.142006777780956, 75.07025313418106, 0.0, 28.32502195078216, 43.44424336894248, 105.44091182392599, 44.40120241859816, 96.59365488578639, 81.20848638506995, 53.7662602789887, 63.579621567441094, 30.40559859177512, 83.5377166958319, 59.139857395182986, 38.89211111163172, 46.39432983662744], [70.73777909488079, 61.42274284116706, 96.77880809531703, 36.203488768407105, 68.52655821618438, 74.96691513312638, 56.57743623710396, 41.24525578192327, 28.166871004876075, 50.041992378493035, 86.60093397654369, 9.039307978392937, 27.78254673855651, 62.95259314144538, 22.622689961758535, 57.76414011787184, 16.756248804038734, 80.85904054061895, 82.56455676680687, 87.03476562331953, 80.58793933966534, 65.20057680063557, 68.92491480683364, 90.9560014328115, 83.76263982008672, 102.76743900367339, 61.28911347994842, 53.7716399728917, 91.47688059616235, 28.32502195078216, 0.0, 31.175507185902532, 109.19409058478574, 43.01322210405789, 103.85389113974202, 66.50886825659988, 75.09415130903993, 81.6818686034697, 28.781144705081505, 64.24787891657809, 84.43866468715977, 54.55453649934481, 67.14459463298451], [39.96076427182633, 45.01754239537865, 72.22303734002794, 53.259194279033395, 42.8834683433427, 45.15468584355286, 28.965759308581553, 23.85343531910062, 43.399153713058304, 19.965673855770554, 58.89149298230505, 26.38868017899094, 13.535770041947385, 34.33012072687669, 48.61233732886393, 33.138693790294575, 14.421391052616752, 63.81603764564411, 62.88999522789604, 71.29469606753659, 51.18476751938091, 52.2926793344974, 67.7966482233608, 83.81686956892017, 62.53833411748122, 76.66146924108092, 53.538090139468814, 26.03305468491782, 73.66816225786064, 43.44424336894248, 31.175507185902532, 0.0, 80.29845814004027, 17.329703248197397, 77.13236200082612, 37.99053546435834, 65.48169534851378, 66.90816126567164, 15.359427535520844, 40.630021022206655, 80.28163967163984, 42.420959266920036, 58.09204791237296], [54.74366216922567, 60.36995007768079, 26.659639290843486, 112.28937248242029, 42.256409546821466, 35.37436777026567, 52.6186946351605, 91.15580919093333, 105.53193620108989, 60.341914722586246, 23.295745684388685, 101.63436499078786, 81.68772718712812, 46.32121859257201, 118.79062248258863, 52.67274109883504, 93.41414082251501, 53.93881017549168, 46.45633239103331, 57.51523428746575, 29.152443854272455, 65.59694407781063, 90.94857268422359, 83.43519498418547, 41.75466588268423, 18.319978989380083, 75.81964543473916, 55.427743170446945, 51.40939579665824, 105.44091182392599, 109.19409058478574, 80.29845814004027, 0.0, 66.19547783221884, 14.916657468908427, 68.20445333175677, 72.67895411348071, 60.01806899762073, 81.0770263294083, 83.09414088690093, 89.07739792977043, 69.3220990240447, 73.31995261605871], [37.69765228419029, 28.8008637410208, 55.43596131242606, 53.40067452922753, 26.233499350442674, 32.66068831020785, 13.582794285735174, 38.9377689534058, 44.42791707085651, 10.96940007924727, 43.64970959787016, 35.54754776582627, 15.630339708904978, 20.129567672832252, 54.633987953559185, 15.97380357980003, 27.75394242798622, 46.866879669390286, 45.60540542696223, 54.49098310606238, 37.86994787030721, 36.918894408435484, 56.49624658688495, 69.22700637574087, 45.211167872384266, 60.492509481768145, 40.2935019104863, 10.85657279447851, 56.50463913544797, 44.40120241859816, 43.01322210405789, 17.329703248197397, 66.19547783221884, 0.0, 61.28757357722334, 41.67194830345437, 50.655785718048826, 50.39856025545159, 15.364137587765743, 49.60610179163788, 66.95977240603875, 28.29113492551188, 43.90146422330983], [59.01417884555306, 49.62955274308479, 12.19532899996882, 102.60850858740184, 35.327699886101065, 35.26179203036701, 48.2362598685597, 91.52877985715428, 96.702826037552, 57.764977872214196, 18.571445172677535, 95.69652785634969, 76.07286517430391, 42.9839314477097, 110.90986829553049, 46.09984961932901, 89.04000580769488, 40.256033227280135, 32.97313757243445, 43.1020777334784, 29.068580252096364, 53.5392280550876, 77.86502169993872, 68.84775239344887, 28.499399271516527, 3.405585335837211, 63.745482490250744, 51.17502929758165, 36.74091231742915, 96.59365488578639, 103.85389113974202, 77.13236200082612, 14.916657468908427, 61.28757357722334, 0.0, 72.45980826191958, 59.12510061987154, 46.042967049202666, 75.13098826227005, 87.23166441363938, 74.86756036153919, 58.80469742268546, 60.60571687031151], [13.540217047211511, 66.43399572092954, 73.74156328487302, 90.96432556995721, 50.59960236579508, 38.34260571145421, 39.89087965839831, 29.852050660153154, 81.17565879351922, 31.671172937620664, 55.340180322403555, 63.72194434805521, 50.0837227265851, 38.53607076264108, 86.23198448996006, 47.83137684995993, 50.86741709166913, 79.72306112969157, 75.2748390854282, 87.49363689732255, 43.83686019388813, 75.44877860079477, 97.79867598881378, 107.49955116600273, 72.52422574680622, 73.69452646571814, 80.93693326186096, 38.905571112501086, 86.7044809843096, 81.20848638506995, 66.50886825659988, 37.99053546435834, 68.20445333175677, 41.67194830345437, 72.45980826191958, 0.0, 89.25390919350255, 85.05043580156709, 51.375703926449305, 14.908258467273827, 106.83911213174882, 68.81454646141219, 83.60141175461102], [80.70440883867649, 22.823770755606727, 47.02771602918519, 55.094450984926816, 42.34424622042612, 60.0451593160671, 49.43887068379317, 88.98235020301557, 53.937300968479384, 58.220136278787656, 53.971754739652575, 66.19827888752681, 54.528297806211945, 52.26314123174818, 69.96907384810031, 41.530158752637014, 68.17328382623013, 18.869535326680396, 26.24425758406065, 18.385120192157466, 59.72277468255568, 13.895836572287461, 19.243276151554227, 18.57603756498933, 30.9243277371847, 56.06319866518203, 13.822597906195384, 50.36892099372585, 25.53274843384252, 53.7662602789887, 75.09415130903993, 65.48169534851378, 72.67895411348071, 50.655785718048826, 59.12510061987154, 89.25390919350255, 0.0, 13.59131634292824, 52.52561836853384, 99.53164267238064, 18.379579583270175, 23.075321301764596, 7.968935554075306], [74.99319304697984, 21.91324826460706, 33.8625336531928, 66.29584280500228, 35.190832464837875, 51.99261657564541, 45.55294488700394, 89.32364939371284, 63.738257164193506, 55.736450705056264, 43.05367232185482, 72.64377046972248, 57.950725411814325, 46.67234466429063, 79.71113202627775, 37.79111514171829, 72.29980559109761, 6.483578776983882, 13.88606466150697, 5.643497349278687, 50.47611179416805, 16.50601298145456, 32.83263054042477, 24.906258118358288, 18.652696219799324, 42.885140677986286, 23.39421898026039, 47.20212312059155, 12.238149566012693, 63.579621567441094, 81.6818686034697, 66.90816126567164, 60.01806899762073, 50.39856025545159, 46.042967049202666, 85.05043580156709, 13.59131634292824, 0.0, 56.10060233184115, 96.75455851416477, 29.13321584200241, 27.140270911952214, 18.028959804015386], [50.46657037847537, 34.542849737971956, 68.0391473092052, 39.93706264683935, 39.812940651152495, 48.0180697395037, 28.718010962031784, 38.79485820234642, 30.40106327721481, 24.963828540563686, 58.16371298237318, 20.62430596797936, 2.0435154952253956, 35.401447050984146, 39.35808614854421, 29.032695268124726, 16.22456237916863, 54.14582827327403, 54.82530053964345, 61.0412199194224, 53.12566812632025, 40.28161299228084, 52.88311274045641, 70.38687581019656, 55.55990730648194, 73.99674080212407, 39.707651779182726, 26.137678782817794, 64.57675010074159, 30.40559859177512, 28.781144705081505, 15.359427535520844, 81.0770263294083, 15.364137587765743, 75.13098826227005, 51.375703926449305, 52.52561836853384, 56.10060233184115, 0.0, 55.69836408242387, 66.0638021306081, 29.70777529723037, 44.78132605043413], [28.44223577210058, 76.8520993580258, 88.03860891988644, 93.35618433922865, 63.38984405340721, 52.710313849207594, 51.20783716263117, 23.35827178924807, 83.4734329221905, 41.36226383926162, 69.84541304492339, 63.50275600046465, 54.02808027931887, 51.18155847603579, 85.76769307471392, 58.98835159681369, 50.66393771140303, 91.83048919164787, 88.00286934474008, 99.67847860840355, 58.42906349517822, 85.63654599618152, 105.96254388194477, 118.04018864253335, 85.62658571636499, 88.37451014329777, 89.88294530308963, 49.62779174639779, 99.51623864329721, 83.5377166958319, 64.24787891657809, 40.630021022206655, 83.09414088690093, 49.60610179163788, 87.23166441363938, 14.908258467273827, 99.53164267238064, 96.75455851416477, 55.69836408242387, 0.0, 116.43532353612271, 77.82217543124506, 93.23921265958917], [98.78546378699562, 40.617934384670335, 62.67864092930942, 57.33022946698798, 60.72258855487988, 78.42263904850307, 67.2694655756061, 104.11156202975377, 59.32218227775939, 75.42506746481102, 71.73353239038083, 76.06850498821359, 68.10726430506193, 70.45704686832346, 74.53845579055657, 59.442921656247954, 80.56763683684122, 35.45294903750425, 42.96912771757318, 31.831691961115073, 77.99475048478436, 31.55104590483968, 16.070161631575687, 9.702245733941407, 47.74636369129081, 71.61869235133925, 26.830211568919932, 67.96163675517413, 38.65577385849289, 59.139857395182986, 84.43866468715977, 80.28163967163984, 89.07739792977043, 66.95977240603875, 74.86756036153919, 106.83911213174882, 18.379579583270175, 29.13321584200241, 66.0638021306081, 116.43532353612271, 0.0, 38.66912027645114, 23.25806736756066], [62.0957941201031, 9.186141677468385, 48.505393910362116, 43.93694368012961, 29.45024219453438, 46.137245930686305, 30.46139573151722, 66.01205482467806, 39.02645168977559, 37.16171074967414, 46.80958638296313, 45.51527334871621, 31.6707309127149, 35.249013173543425, 54.44236938651969, 23.443867016617247, 45.681951751855735, 26.67371169889334, 29.908376161932463, 32.48569626112753, 48.103297831176654, 10.749336987406494, 29.250867124969204, 41.42207175310114, 32.52309123858403, 56.57318868071377, 12.132926864727871, 30.467903189175033, 37.274269535784924, 38.89211111163172, 54.55453649934481, 42.420959266920036, 69.3220990240447, 28.29113492551188, 58.80469742268546, 68.81454646141219, 23.075321301764596, 27.140270911952214, 29.70777529723037, 77.82217543124506, 38.66912027645114, 0.0, 15.75545571011257], [75.83734861245763, 17.73236241621011, 48.86028169018574, 48.4308750516463, 39.07235231123139, 56.8100244141508, 44.176902722287736, 81.74859531659659, 46.56121658521003, 52.1680361852764, 52.998212763784885, 58.23779621868589, 46.798180788979096, 47.778736265815844, 62.609374188614076, 36.44878082749988, 60.302562315691574, 21.391755645425366, 27.86920471465652, 23.55774470826525, 57.30094202833803, 8.924671398021376, 17.852471376234284, 25.731055455067487, 32.12507313193369, 57.77020565001952, 5.969350429783521, 44.755784803585215, 30.212705274983723, 46.39432983662744, 67.14459463298451, 58.09204791237296, 73.31995261605871, 43.90146422330983, 60.60571687031151, 83.60141175461102, 7.968935554075306, 18.028959804015386, 44.78132605043413, 93.23921265958917, 23.25806736756066, 15.75545571011257, 0.0]]",Route_2,1970.3282855409934
