instance_id,num_cities,city_coordinates,distance_matrix,best_route,total_distance
1672,99,"[[79.02046175886835, 24.82028876608967], [55.83414600825789, 18.233455990135063], [18.996565758179994, 95.12118363901372], [74.30972220570989, 97.69229449541605], [50.440869017317944, 33.472458053808964], [44.70721914523832, 45.35109491459859], [97.3278000877783, 29.97143089356361], [43.85613617940022, 96.39662372302593], [69.81742851250027, 68.99022719231279], [78.39847027765487, 70.35416939392778], [99.22923277385472, 94.30179944978848], [67.29344753839322, 88.37485565616278], [65.315429547707, 41.93505418103604], [16.581383546735772, 32.33707534484953], [46.199767208311705, 47.883569351620324], [67.98638052103331, 0.7599192959402257], [65.09016478379228, 44.06345642577829], [24.704604707773047, 63.908598832256644], [43.90339341679211, 28.80526066815743], [60.482666806402754, 56.13963122534397], [81.78636199595441, 14.599513751912552], [27.94620299559346, 51.36892997125791], [96.59629251739528, 91.5060987954749], [72.41267581085089, 35.442943745436395], [87.15581648230015, 34.2470831849954], [30.689745869123563, 74.8010458223531], [65.94430265052782, 96.14400816576287], [12.781895189532689, 41.40744251970547], [63.29936266011763, 56.91297497323799], [40.327864262180825, 33.34534870244031], [31.747157079282317, 75.36425068206526], [96.65006035140904, 71.54991470847239], [90.418344183376, 25.390033977384263], [2.772214750471591, 2.5101825217968443], [38.86749235213638, 76.358912887158], [46.705062976441965, 49.44163883486912], [48.91907368093978, 16.216379665174752], [49.41005488269513, 59.17724501247827], [95.16820589215158, 12.140850038851159], [15.017470216532946, 98.14987966175632], [72.54404096744811, 58.06451404297156], [33.245204052148615, 55.30165765174006], [82.67977970696808, 34.516154405192246], [60.639032998679035, 75.39473530795638], [30.676937027578433, 42.38435380678032], [43.98091736593406, 23.186071658417273], [9.446441101941861, 20.10095592552654], [58.46411914896247, 83.68720854362812], [17.76223685629147, 43.26936451087315], [90.85217002964859, 73.51604623326907], [7.752621063986487, 40.96378894236672], [92.0040184289798, 90.11091745437379], [74.30156116344577, 78.59670094772933], [35.38864450218947, 30.480310926257204], [80.65596375692978, 51.199591856765295], [42.285102907960635, 17.747195656540736], [67.37295188770982, 81.54396879434661], [18.253825603410835, 96.66456137093276], [57.69764392687612, 61.41038152089353], [45.378275840755414, 70.28953113689298], [82.67456017725434, 87.20933760384962], [26.879042592528414, 30.582284460809305], [92.55940923243752, 68.28444787460958], [78.22483733516603, 80.76484114783814], [65.78434202992977, 53.248906157569465], [51.5927122757842, 77.40207622340684], [70.4004825977625, 41.22614642183725], [28.032510180303326, 55.61199895842985], [89.40457190157528, 90.14427460473937], [52.39845068982023, 56.845165121732386], [28.504589936443637, 78.34012034201912], [41.80389516727543, 57.91683801321502], [61.00254535921088, 64.93453080299419], [87.13370545060093, 65.54987046867802], [19.229507141849634, 32.61542653688685], [70.90122166018003, 83.58069070954308], [56.35760854741045, 86.14161898485897], [54.55397038809108, 0.20571991044340265], [11.066991102301927, 4.362595989961504], [82.24608914427888, 42.251097731023556], [60.759605939077154, 87.93385609692275], [49.76299018577247, 70.62190921692977], [58.11247514636537, 30.02085676029259], [28.474601185406247, 96.73681780681981], [19.74964460863724, 28.77233054939161], [85.24544017270405, 77.5317999794579], [4.646335132119683, 47.25025988663734], [82.30059474634844, 79.78738511282208], [22.513817466618626, 40.206460083619845], [46.17089616666264, 19.093854442705272], [29.131925474182662, 48.89813764950664], [67.52096478937459, 44.813849449213386], [67.49769184052383, 63.06400181379808], [46.46493613585858, 88.23228635398308], [0.6423093884053044, 13.21573321792976], [74.16270160594101, 53.236135608091196], [58.93967770097825, 53.57669399074821], [37.49733244207506, 31.397277001837598], [37.480960399802484, 33.49561631277306]]","[[0.0, 24.10376742555812, 92.4396230576227, 73.02410756834121, 29.860561861027225, 39.98640543696679, 19.01822551939618, 79.74773676617018, 45.11850265146326, 45.53812862242928, 72.36072659132925, 64.62743871694128, 21.92585467245495, 62.88990831962973, 40.1137495398754, 26.46983807663437, 23.75610817016751, 66.91866937577159, 35.3424460104606, 36.394382173347964, 10.58841092949929, 57.5622294396136, 68.9630849522238, 12.51014124400907, 12.451845224398522, 69.5264997992309, 72.51247400296003, 68.28382949722725, 35.73644449106862, 39.620622760868365, 69.2059059726304, 49.944576154464656, 11.412113448818044, 79.44517614358419, 65.33368754685992, 40.62629539690557, 31.306881288861508, 45.356109157298604, 20.530898836431362, 97.3324808442387, 33.86919751821134, 54.995345869079685, 10.363417309788058, 53.811258731626495, 51.43532603375283, 35.077632999098185, 69.73389744471804, 62.35284649148729, 63.97607767010611, 50.112534518892645, 73.07337213549486, 66.56905390883503, 53.98305780482504, 43.99740137751102, 26.429954565518862, 37.41009537599861, 57.90717021359972, 94.09667143830733, 42.34970422684763, 56.561901268643105, 62.49596667091122, 52.458823729339656, 45.52401811904129, 55.9502096458788, 31.35890865878378, 59.30536075190251, 18.53257149341533, 59.5642562511038, 66.14418242977968, 41.645217960225935, 73.59501122967166, 49.80416047815548, 43.97496703330661, 41.52979110071778, 60.296952052986065, 59.318689266843634, 65.3751516670014, 34.70570846338783, 70.96612831481848, 17.726753036061904, 65.70221637429594, 54.34876336011084, 21.545064670381745, 87.9026232280815, 59.40242755909134, 53.077808645890464, 77.68278004783458, 55.06487948962131, 58.56394041544017, 33.34495478564427, 55.3950255842622, 23.064711126332075, 39.941905491182666, 71.28073853908533, 79.23257208041305, 28.82807980860773, 35.07376127284301, 42.040778329049814, 42.435733541463364], [24.10376742555812, 0.0, 85.25684712496158, 81.57851391411945, 16.16522875178881, 29.311684398078626, 43.12195941402036, 79.07561893213509, 52.64771611821038, 56.79540030191525, 87.57583246586626, 71.07131305011886, 25.527641770409364, 41.70960848249904, 31.176120304004783, 21.283826917564976, 27.438345541930445, 55.274469832163945, 15.940699845020072, 38.19014096037288, 26.205401177291456, 43.309317720685556, 83.8476760066211, 23.895901724256625, 35.1778807949038, 61.90422503983841, 78.56379196323492, 48.89304605187874, 39.39333253766967, 21.652114791330366, 62.00089304031089, 67.145987474544, 35.316899239647626, 55.34247805588567, 60.551103010386626, 32.516008879813995, 7.203250807292223, 41.444695755858625, 39.80311689085862, 89.73647973454749, 43.19414051877409, 43.40866126848292, 31.39768011113289, 57.36286945612733, 34.87335700857633, 12.846300292493572, 46.425281070599276, 65.50656823597711, 45.566072706942286, 65.44025359328118, 53.18365422839898, 80.46508023654997, 63.125009024352565, 23.832834234749864, 41.26607263025411, 13.55776596809887, 64.35343870109746, 86.96964282429104, 43.21712071368657, 53.095764243907205, 74.01405324093818, 31.478430367693424, 62.079358465636666, 66.4192531412232, 36.40176027746154, 59.32044656285136, 27.218412424805937, 46.58418647076351, 79.36081733753272, 38.764262980020796, 66.0281435040581, 42.090601652276185, 46.98619734057222, 56.73187376061217, 39.32862396967127, 67.06174657861328, 67.91018049120386, 18.073132483813808, 46.86682105197953, 35.699269670597964, 69.87421506232751, 52.739064880949066, 12.005565400174198, 83.13436419095864, 37.59200870178354, 66.1915238101046, 58.84018091966885, 67.00267979153335, 39.91312068750174, 9.7014783924037, 40.661176602761856, 29.036167957602043, 46.3229547873289, 70.62307233432878, 55.41945841751982, 39.511055803846126, 35.47941374180915, 22.572658580439473, 23.869917463039542], [92.4396230576227, 85.25684712496158, 0.0, 55.37288043099102, 69.20483779138937, 56.01874176760495, 101.88362260143543, 24.892267653540777, 57.145314557825635, 64.3583037001217, 80.23685092834646, 48.76578442867591, 70.52801932192281, 62.830544796363284, 54.51060789150127, 106.32050676573205, 68.78598243330603, 31.730224691436934, 70.8389137656158, 56.92677760740574, 102.10924460100821, 44.65820985763927, 77.68388785025411, 80.0922788410619, 91.38566389406704, 23.44436951583572, 46.958877428295025, 54.072064093290145, 58.50303430405807, 65.35501570635228, 23.51412296691344, 81.15214070828048, 99.81735153043464, 94.02141827027751, 27.329041832240367, 53.42641323922359, 84.38794090708444, 47.084467127866574, 112.64037697510399, 5.000620054326485, 65.11934323100486, 42.29206004776206, 87.91200889116044, 46.07849652097941, 54.014852529141756, 76.15036546807136, 75.62565336665301, 41.09043145473363, 51.86650860367836, 75.03339141701515, 55.31229241872453, 73.17916993735322, 57.720889156275355, 66.68690029246072, 75.70328649573082, 80.80278447484707, 50.24555202096614, 1.7127982253873526, 51.324376575527786, 36.229899156182334, 64.16762642423205, 65.01848158930255, 78.30518709834337, 60.943356682423925, 62.78840362629373, 37.100883215941586, 74.47843784003227, 40.52929762189551, 70.58368758164899, 50.800979424828014, 19.287472855513897, 43.63871684890467, 51.72752006122649, 74.27740146291167, 62.50619115414336, 53.17213820564478, 38.42499316430459, 101.35716195131339, 91.10433242318302, 82.43632811137897, 42.37698906657398, 39.32921711993943, 75.94805413558053, 9.614750611635147, 66.35312678437441, 68.54414474420429, 49.9755386156763, 65.13467174536697, 55.02724709401558, 80.73784130055273, 47.321195009433744, 69.89595964448054, 58.137957805811766, 28.319044422597187, 83.93677105755295, 69.26514125392592, 57.63156090034134, 66.35521565781745, 64.3380400194804], [73.02410756834121, 81.57851391411945, 55.37288043099102, 0.0, 68.51211239712124, 60.13243185672931, 71.52585040644864, 30.481136209338878, 29.05149514393227, 27.642195008002837, 25.149104628401922, 11.663737682683665, 56.47802358345526, 87.20014767501132, 57.193344633846515, 97.13840647176134, 54.41555395064415, 60.016712461156146, 75.299191628713, 43.79282230972909, 83.42847448108478, 65.53953016603695, 23.12920736851281, 62.278250246922, 64.73265772689219, 49.26166462287239, 8.507492867632246, 83.38859669799149, 42.23956578866675, 72.76878521851486, 48.06364000647788, 34.38771189522474, 74.07499293308562, 119.06825526842518, 41.36743680525904, 55.589054523680076, 85.34055149770913, 45.86286590990532, 88.05751524033745, 59.29401765888792, 39.6670973707718, 59.0191557309708, 63.72819265657823, 26.154710648628804, 70.4470598791647, 80.4426108753671, 101.13189930290864, 21.14770835691118, 78.4823127044887, 29.294087458746677, 87.45267894508406, 19.250075238171583, 19.095595291612813, 77.66788927803016, 46.9238338211237, 86.12081670260284, 17.575187207893592, 56.06531707983826, 39.904114497541805, 39.84896521180258, 13.41129745701854, 82.17921157697539, 34.610294992189665, 17.374314470255307, 45.253694590499705, 30.459079068187844, 56.601307693194435, 62.54863408040606, 16.876821134645542, 46.35290495226257, 49.7254138913733, 51.36843125714552, 35.357489132467414, 34.60621286098599, 85.25742685991023, 14.517411524729255, 21.347048731632306, 99.46819569184304, 112.73897134769773, 56.00635873587655, 16.69828646348042, 36.54241114081428, 69.58285922150753, 45.84507884875248, 87.90201077176732, 22.935463077549088, 86.00805982021734, 19.607137066885436, 77.37853000517308, 83.48358107781034, 66.49739137604121, 53.31244861908073, 35.291959590535825, 29.407887807725388, 112.0855794313616, 44.45640199197219, 46.71642618999104, 75.82995044560981, 74.01061535916381], [29.860561861027225, 16.16522875178881, 69.20483779138937, 68.51211239712124, 0.0, 13.190024811428852, 47.01745948456675, 63.26775902237896, 40.4593991854352, 46.28053694165444, 77.97764559608592, 57.43067704020173, 17.113389032706717, 33.878516057058484, 15.022219323131393, 37.12081849733479, 18.076811471293816, 39.85867491646254, 8.032516334505836, 24.791902759272528, 36.588631522594994, 28.745324950693544, 74.15002748620016, 22.059988840279335, 36.723118215236966, 45.80566594382616, 64.56066641426878, 38.485871280715905, 26.735719407039685, 10.11380353599136, 45.87349077224322, 59.87638991320712, 40.78632245746065, 56.84156142940098, 44.42061520968677, 16.4003348012541, 17.323051186223257, 25.72544752517852, 49.5537300757336, 73.74270166227727, 33.065381111233684, 27.78857406706337, 32.2558004788151, 43.144870827994566, 21.680288134775278, 12.146634118697929, 43.120067129767165, 50.85168344735233, 34.115573804996146, 56.89079190691049, 43.34058781104574, 70.25247662741548, 51.04439172369291, 15.346739304710653, 35.03146047471666, 17.714412163362333, 50.966318046406336, 70.91718892744402, 28.865002160759794, 37.16351329027608, 62.66309176516699, 23.73842387079611, 54.64289583409879, 54.84996257245398, 25.030582567920387, 43.944716353831865, 21.41274988386975, 31.500695504001058, 68.77401350535675, 23.454542453168305, 49.94304214926119, 25.925374228468346, 33.187513146150685, 48.737302272009835, 31.223126255108323, 54.124495472488725, 53.000455845660454, 33.52004578734207, 48.9661753809996, 32.9944925996265, 55.43031849512463, 37.15563539264743, 8.412317878482835, 66.96936715709398, 31.049033064844043, 56.147874262803406, 47.82224542100947, 56.21489653117537, 28.727460584829185, 14.999230311938595, 26.30632368678015, 20.502605453121824, 34.155448568589875, 54.903978341668655, 53.76087278114906, 30.876014830808373, 21.82681954957202, 13.108833490174144, 12.959929308422547], [39.98640543696679, 29.311684398078626, 56.01874176760495, 60.13243185672931, 13.190024811428852, 0.0, 54.822072234915744, 51.05262337575538, 34.48668133223316, 41.95538268549629, 73.27224197887281, 48.59199215277263, 20.889415269120793, 30.99076206671602, 2.9395793057430275, 50.302010868496474, 20.4235767137428, 27.285262248836606, 16.565348372805722, 19.11170491187037, 48.17180273302087, 17.808593463207973, 69.44609649695795, 29.423864271048867, 43.87690158130105, 32.61578092757772, 55.05391677574757, 32.16797637229451, 21.893945988976775, 12.7795419050337, 32.69178379770137, 58.17591349657812, 49.87936352833145, 59.949048101173545, 31.55292671746079, 4.552354285151874, 29.43758399215056, 14.604077872382053, 60.40886978068092, 60.57386286366635, 30.6026089589619, 15.178652403293398, 39.48811582560769, 34.006514386894835, 14.340514952467558, 22.1769197640628, 43.36925163276482, 40.72971772416707, 27.025278389416346, 54.06127056320184, 37.21412061356338, 65.11857596937065, 44.50949786282449, 17.54924641703978, 36.42138321973987, 27.709960326855235, 42.70432718622892, 57.73087449228647, 20.65555185199644, 24.947463163657403, 56.51222404111914, 23.150845371488078, 53.06383678297198, 48.76027226542179, 22.508232527810385, 32.782242426477936, 26.022278664804684, 19.57886796681555, 63.27939862370425, 13.829992501765595, 36.75324464491108, 12.896789900647398, 25.476432591999256, 46.98933149240578, 28.48352256927964, 46.34250492148229, 42.42167402577055, 46.20674619906083, 53.025672903563795, 37.6666529352296, 45.507918780030636, 25.771590488699175, 20.364603858742065, 53.88868529650738, 29.962242149529718, 51.7585272447268, 40.10587557333169, 50.981565018175, 22.781886348866706, 26.29800425168948, 15.974081666965722, 22.82007061788862, 28.86438491453201, 42.917201076960474, 54.53803941519688, 30.492610805419698, 16.438471848149643, 15.706415906085637, 13.884206435166934], [19.01822551939618, 43.12195941402036, 101.88362260143543, 71.52585040644864, 47.01745948456675, 54.822072234915744, 0.0, 85.27323779218071, 47.74187898285056, 44.599160259462536, 64.35846303975418, 65.67360472108514, 34.17484674083232, 80.78106249542306, 54.17490609372952, 41.403276585432835, 35.183096986953785, 80.16146128222384, 53.4371329801809, 45.19223998792843, 21.859371778982588, 72.60619107102508, 61.539015730868165, 25.508839068506173, 11.034058772153703, 80.31391314530698, 73.23751698575731, 85.3158390744441, 43.402550053715224, 57.099702324121495, 79.75793895129927, 41.584007112072364, 8.29034248981653, 98.4625760409332, 74.62845346281804, 54.23790657760627, 50.32500597742386, 56.11675225712787, 17.960886968805934, 106.87979827802026, 37.46272863759524, 68.9071803391079, 15.336851465466495, 58.38957282290021, 67.7968893233235, 53.77667706439465, 88.43392750122604, 66.30060681973617, 80.66916319656539, 44.02348588801965, 90.24713088302276, 60.37466765911368, 53.801715277870024, 61.94124597990788, 26.992312693102097, 56.38377816321977, 59.640754490673956, 103.44402879637752, 50.58613341504944, 65.75942728402654, 59.08379984776518, 70.45140576812604, 38.60861071754868, 54.26687489792215, 39.202431058719476, 65.88903075304864, 29.184739999363952, 73.88691314468375, 60.692245511104844, 52.35307086208072, 84.11994040948856, 62.15987288198156, 50.41768029542945, 37.010065226527175, 78.1430359918912, 59.768861336043486, 69.52443185719628, 52.111400456219634, 89.98188479882376, 19.448604644608405, 68.53375488583787, 62.5689422072358, 39.21535608887041, 95.90818468079986, 77.58742197792873, 49.07109259741301, 94.27837439041288, 52.03312594058475, 75.51084569888279, 52.30057827824208, 70.77356528350623, 33.29782003506028, 44.55281818419198, 77.33924106410267, 98.12664019712375, 32.83090423864964, 45.06502397948152, 59.84745521597407, 59.95051378851766], [79.74773676617018, 79.07561893213509, 24.892267653540777, 30.481136209338878, 63.26775902237896, 51.05262337575538, 85.27323779218071, 0.0, 37.75048702206853, 43.25947609990912, 55.41270716356072, 24.772087652374555, 58.53685872033155, 69.624262075723, 48.56963095230015, 98.63390859973394, 56.476936621366505, 37.71276864686509, 67.5913795750725, 43.55533222980941, 90.163569306684, 47.75582873865978, 52.96641695096204, 67.31141848552154, 75.7458098076827, 25.29274241094815, 22.08961096705908, 63.161843723152785, 44.01133461481373, 63.14991674138108, 24.26907683825697, 58.34858505854031, 84.91157165846933, 102.48196154158167, 20.649368580592398, 47.041332780246954, 80.33993324195056, 37.63147837332434, 98.65071665895354, 28.891911686569525, 47.878455631440524, 42.44276283430753, 73.0511312694815, 26.883916058595172, 55.59691171089227, 73.21065840401441, 83.69621281748682, 19.36291302054854, 59.18950289772509, 52.269953356765676, 66.15332928514458, 48.556448268125564, 35.26699807561834, 66.45794691400788, 58.28377989849049, 78.66511730573595, 27.81442035148349, 25.60371257088674, 37.6247854498827, 26.15142811491542, 39.890804302655845, 67.96873515948015, 56.23435993243803, 37.75659208154627, 48.40012131112482, 20.509691475261782, 61.22404668444416, 43.7466885255124, 45.97555726942363, 40.4634281133565, 23.700364689133888, 38.53447289693755, 35.831028992623224, 53.14574478129175, 68.37040275038815, 29.92799337858732, 16.169475364029292, 96.78395338607604, 97.70051328246679, 66.37414009684947, 18.903590288877208, 26.442897574270482, 67.88951053463335, 15.385296577775465, 71.7925341737211, 45.4857786558173, 62.87108696774699, 41.87891118112414, 60.10681373905275, 77.33741818941927, 49.7283476516961, 56.75215163253776, 40.86547243604975, 8.57101171906599, 93.73630764619922, 52.7381801190809, 45.39889433797226, 65.30964292622551, 63.22325204737143], [45.11850265146326, 52.64771611821038, 57.145314557825635, 29.05149514393227, 40.4593991854352, 34.48668133223316, 47.74187898285056, 37.75048702206853, 0.0, 8.6887637846056, 38.80373590330756, 19.548255693006414, 27.427183255834304, 64.63381486459004, 31.674673331913475, 68.25487273726951, 25.371064684165642, 45.39812571490249, 47.81598842948958, 15.883185852211762, 55.6920557825538, 45.42807107989975, 34.98674079480316, 33.6475190051906, 38.82918686895845, 39.556809302470626, 27.428615077994362, 63.355047721004574, 13.723891708227068, 46.262206629510146, 38.600178010558544, 26.954445488319802, 48.222137808869824, 94.41746145597178, 31.81502910889784, 30.270922474235203, 56.76108012964007, 22.64410558463761, 62.245590980318966, 62.0751219199647, 11.260800295767813, 39.05002609532341, 36.79540423451701, 11.191991262124827, 47.327059620139345, 52.58845854747913, 77.68408437976993, 18.57145374883468, 58.06294649294079, 21.51611927566692, 68.09935069146498, 30.632145358560013, 10.60149912251953, 51.65612083042284, 20.832199881125653, 58.17110308538525, 12.789522828463214, 58.52071357388075, 14.294867568622875, 24.473666951506377, 22.29891967859859, 57.609678442765926, 22.75292973468021, 14.468104814145162, 16.249768444342383, 20.072356265041236, 27.7702022516191, 43.87432496012025, 28.829670620237348, 21.234955170314578, 42.35765731390534, 30.12271565439915, 9.703135483361915, 17.65473028349217, 62.30781581250547, 14.630660724471252, 21.802224517559004, 70.45765817798045, 87.34039506847196, 29.486482486853347, 20.997743351302958, 20.120707811356613, 40.68928317347705, 49.790588087779824, 64.22041883563682, 17.634682006361263, 68.70151083379552, 16.504788952976757, 55.372708683497954, 55.215998637627855, 45.37622967674916, 24.28520097525784, 6.364065168134605, 30.25881261686136, 88.85939052194325, 16.34236212732485, 18.865377506779488, 49.57639069179062, 48.01577419446093], [45.53812862242928, 56.79540030191525, 64.3583037001217, 27.642195008002837, 46.28053694165444, 41.95538268549629, 44.599160259462536, 43.25947609990912, 8.6887637846056, 0.0, 31.73971725560026, 21.16758520477533, 31.285972323472535, 72.57170007540428, 39.264288426114085, 70.3688230667615, 29.46714413531784, 54.07935446824437, 54.00205684915367, 22.869829675068747, 55.857492210576574, 53.906127572258995, 27.902774981661317, 35.420663625611304, 37.1539067534935, 47.91552039432396, 28.639519464576008, 71.71783545970973, 20.215062658838164, 53.09448042273433, 46.919568813517394, 18.290717511284715, 46.54299992981436, 101.59791867833067, 39.984436474299855, 37.9711206148059, 61.643613622346095, 31.068502792046147, 60.58064528309564, 69.20803911426046, 13.61286050738399, 47.59617170088517, 36.092837637990705, 18.460902393966105, 55.314151170538516, 58.39004531953861, 85.32155525627202, 23.982249433475623, 66.41038668072343, 12.848817169684198, 76.51555707310686, 23.988331213778896, 9.204563580393362, 58.64954989030787, 19.287149023018884, 63.80963084507405, 15.709031363792937, 65.64765806161496, 22.5502894243717, 33.0202577027333, 17.389124193420912, 65.08497722313645, 14.311391939591674, 10.412119609684881, 21.253382362230425, 27.71681173461101, 30.206117413370812, 52.479153248478354, 22.644702188614794, 29.300071928136592, 50.52894920783952, 38.650357558279644, 18.220611576576594, 9.969233756404249, 70.17961891458329, 15.2036049325367, 27.111679224975095, 74.09024996529817, 94.2783954481198, 28.365239428447122, 24.90331142097787, 28.636731739243814, 45.14751052349683, 56.466245159548656, 71.89390846273277, 9.919646040360885, 77.28627350989535, 10.208434462167627, 63.49786450321686, 60.54945434913532, 53.735963144714745, 27.760188553501276, 13.113867235937501, 36.597509052156624, 96.49259787607265, 17.634307951641176, 25.692961865974507, 56.484887723124594, 55.07082303580043], [72.36072659132925, 87.57583246586626, 80.23685092834646, 25.149104628401922, 77.97764559608592, 73.27224197887281, 64.35846303975418, 55.41270716356072, 38.80373590330756, 31.73971725560026, 0.0, 32.48111822795389, 62.389278400252984, 103.29711523208084, 70.47535954937439, 98.62149440973067, 60.74016029801221, 80.48395388004585, 85.73648635754323, 54.38425744515511, 81.58865170132648, 83.21359033252335, 3.840353700196642, 64.67992441380686, 61.256316626075204, 71.25967062232148, 33.33587116407739, 101.34572102691241, 51.854409283380306, 84.76473382404909, 70.08895271993936, 22.897606636214977, 69.47275133660297, 133.1527591310763, 62.97211196187032, 69.07403581161164, 92.88942292260059, 60.95641730097474, 82.26125179840456, 84.29963626450876, 45.00267009189362, 76.64791651842089, 62.03392418839499, 42.973021689791864, 85.99324632888117, 90.05455621293954, 116.47624161224515, 42.12438757959002, 96.13106074327327, 22.410326124320754, 105.89104709468047, 8.352677069591355, 29.46250041791716, 90.27072121253666, 46.933640614884425, 95.41090759512223, 34.31595656440154, 81.00987106714332, 52.97846964123926, 58.96197581612239, 18.01000277114721, 96.40916247797625, 26.85868814853225, 24.98867479106382, 52.95187215326194, 50.545412554369314, 60.3996836172095, 81.03008064986882, 10.668128893695426, 59.967671338714126, 72.50345029320165, 67.9818712449911, 48.20493852780933, 31.192550414520422, 101.02061524434335, 30.28891523770112, 43.641318827845474, 104.16309929102331, 125.94300764846547, 54.75128050519585, 38.993113383677695, 54.842012702154165, 76.30614228781296, 70.7965197281346, 103.01027244542487, 21.83527736821504, 105.6398215710804, 22.299036055656472, 93.86991364064777, 92.04032852891471, 83.51721376781572, 58.774751839842146, 44.52741505130004, 53.112239539701235, 127.6492522483616, 48.11153428806104, 57.286843713197335, 88.13516019715136, 86.66164693145636], [64.62743871694128, 71.07131305011886, 48.76578442867591, 11.663737682683665, 57.43067704020173, 48.59199215277263, 65.67360472108514, 24.772087652374555, 19.548255693006414, 21.16758520477533, 32.48111822795389, 0.0, 46.4819074072984, 75.57741895905792, 45.656189245972946, 87.61767646727617, 44.36614200774326, 49.116262649193914, 63.99711930115621, 32.94687281495029, 75.18540844181938, 54.01522182595928, 29.469669279802165, 53.178884875770265, 57.65699829816276, 39.03945810711674, 7.885424696608214, 71.95448030674132, 31.71439184536676, 61.28123135998603, 37.852537658596816, 33.83621364376625, 67.09581661138542, 107.40452305626927, 30.86126713015978, 44.04176371269271, 74.4611527710622, 34.23910337871124, 81.17035028716288, 53.18203549381671, 30.761754502394457, 47.467033936600146, 56.013381597998674, 14.586458004611037, 58.78686164736693, 69.23186854438164, 89.48520290018801, 9.996553168970916, 66.99138872342141, 27.853143860000014, 76.11122955382756, 24.77148005884817, 12.030210558577366, 66.10366681404287, 39.503886875160084, 74.92451973937969, 6.831349519713729, 49.73533693827253, 28.621011728141426, 28.413970393175376, 15.42520853472007, 70.52166626291768, 32.27992108345382, 13.319444571974467, 35.158352174318445, 19.155024830744704, 47.25097299869203, 51.1353691805588, 22.181809304465787, 34.87093799019391, 40.06583815283594, 39.71659752317756, 24.269822402525204, 30.242615343779693, 73.6155982258519, 6.000004304101092, 11.161537549403992, 89.08473930034347, 101.09141495488576, 48.486931601524404, 6.548707250763549, 24.949630102795734, 59.07181596330349, 39.70925891005562, 76.2422074452646, 20.972503330562905, 74.9392625400807, 17.290434281821327, 65.76784625786337, 72.42940912081568, 54.90640245758484, 43.56160035927718, 25.311677897059706, 20.828999333895993, 100.45530300772617, 35.80385870351504, 35.786834531554085, 64.2981566154338, 62.45410555197867], [21.92585467245495, 25.527641770409364, 70.52801932192281, 56.47802358345526, 17.113389032706717, 20.889415269120793, 34.17484674083232, 58.53685872033155, 27.427183255834304, 31.285972323472535, 62.389278400252984, 46.4819074072984, 0.0, 49.670196671290356, 20.019824659782785, 41.26167364404583, 2.140289776942698, 46.174405883768365, 25.11706131223224, 15.004186239893798, 31.91431318808183, 38.54162821584633, 58.615534223404495, 9.618648679920254, 23.153993165082984, 47.74003955566483, 54.21260161159657, 52.536183780577865, 15.112995631333648, 26.422745109232125, 47.37446670115478, 43.11495160224374, 30.064830229770642, 73.93222722548407, 43.41077550700859, 20.067250860095942, 30.50066728061018, 23.457921644985344, 42.17680471464874, 75.43203110554744, 17.675188782454367, 34.74428660483619, 18.882815741764926, 33.78489227153093, 34.6414063545448, 28.402213921940692, 59.98392881917857, 42.31055244377768, 47.57190892956899, 40.61384214089133, 57.571002047014375, 55.07444578572654, 37.74687940825272, 32.044088474998205, 17.92103926030355, 33.398329975230965, 39.662318578521585, 72.18111611120148, 20.912174271451033, 34.662176235413085, 48.488144485667235, 40.077939349331814, 37.90151681768083, 40.919496151714064, 11.323565050941056, 38.02923377980609, 5.13422971174168, 39.71240228190941, 53.89263134423987, 19.727132358225983, 51.77225854713807, 28.429028533889674, 23.400360999509804, 32.151154126623254, 47.0188015949396, 42.018568697520934, 45.10502110439535, 43.09462080017572, 65.98926191650386, 16.933609122112166, 46.22386079126161, 32.631488197093184, 13.922307721360582, 66.03393014895283, 47.42887359527534, 40.79624535358567, 60.901481335845226, 41.48848989532623, 42.8365035255399, 29.80324753888816, 36.847394730532045, 3.626547655597264, 21.241344043695797, 49.98774658599749, 70.76306852957543, 14.35230519092105, 13.273205681753762, 29.747122120581736, 29.085766008099554], [62.88990831962973, 41.70960848249904, 62.830544796363284, 87.20014767501132, 33.878516057058484, 30.99076206671602, 80.78106249542306, 69.624262075723, 64.63381486459004, 72.57170007540428, 103.29711523208084, 75.57741895905792, 49.670196671290356, 0.0, 33.4505923210168, 60.32901870629679, 49.906010363079204, 32.59981314895873, 27.54933643937643, 49.93880593576078, 67.57447969334503, 22.166880962956338, 99.51562185749323, 55.91761452711305, 70.60027417882945, 44.74633701359326, 80.67231531609877, 9.834005921455706, 52.78772977674838, 23.767876672783185, 45.621688968515784, 89.15514441807893, 74.16305104172855, 32.86847544869686, 49.341593268636494, 34.641047249871285, 36.133129291724515, 42.40420226194023, 81.14047179404736, 65.83138337419206, 61.59318247625817, 28.373490345154348, 66.13430547383285, 61.603884266569196, 17.30989406157282, 28.887286511171098, 14.164392755584506, 66.26461892336158, 10.995879271265492, 84.92265521178508, 12.343712345578588, 95.00731911109025, 73.97007411800506, 18.898694101780784, 66.79331073000408, 29.555807861060597, 70.71846843283582, 64.34922315668517, 50.356767168410414, 47.64084283931572, 85.90269589793682, 10.44610323853377, 84.05280470567594, 78.39109576753886, 53.46247086918763, 57.06704340999158, 54.54824476805799, 25.939359483148362, 92.97789548294284, 43.39940971077798, 47.523078600014756, 35.92352085497972, 55.09840033173215, 77.97897079318255, 2.6627125194258885, 74.67632106843138, 66.91096316459641, 49.74275176823665, 28.512804478133774, 66.40889549665442, 71.01209308097651, 50.66307850654702, 41.59563003475571, 65.4887429637253, 4.769201569770913, 82.20289415301784, 19.10100661841278, 81.05890831843126, 9.8549981420885, 32.417929559856255, 20.779434239924264, 52.44531274791604, 59.469441400573466, 63.38218463497794, 24.89336879089439, 61.25666420334984, 47.385087146490925, 20.937051824886254, 20.93166333122141], [40.1137495398754, 31.176120304004783, 54.51060789150127, 57.193344633846515, 15.022219323131393, 2.9395793057430275, 54.17490609372952, 48.56963095230015, 31.674673331913475, 39.264288426114085, 70.47535954937439, 45.656189245972946, 20.019824659782785, 33.4505923210168, 0.0, 51.91622977651841, 19.27278867538135, 26.811258470646738, 19.216014019870865, 16.497387023159234, 48.72611297594255, 18.583335145144122, 66.6538433873776, 29.01526741007761, 43.16655797148903, 31.066240543305597, 52.143231913284055, 34.03960030621013, 19.337174832304814, 15.679257120572537, 31.049408785469456, 55.72546976719216, 49.610902867532005, 62.8068192546578, 29.40420793072631, 1.637957364500527, 31.783730591757188, 11.741084144360487, 60.62548944960682, 59.15266348930011, 28.24309463753354, 14.928119124504315, 38.85201531776844, 31.07018906994189, 16.46813979866863, 24.79696930934886, 46.072557869787666, 37.845936478248504, 28.80944322326356, 51.486512299894535, 39.06489994298451, 62.29910398775565, 41.629403982482366, 20.487893449225183, 34.615393769992394, 30.38956426265319, 39.76589292486448, 56.21886546856627, 17.753191727069904, 22.421016292533842, 53.63698883005339, 25.935012214223846, 50.64989884604763, 45.899707532474395, 20.30621604299602, 30.007100900294976, 25.09971923004722, 19.742792409107935, 60.436928752825075, 10.896507497855312, 35.22386686486306, 10.9540025121826, 22.580024964578215, 44.583466612434954, 30.9921137237152, 43.41020991978719, 39.58358374894389, 48.40423574548585, 55.931986190919666, 36.48372324295064, 42.614720135732966, 23.015834936352515, 21.470656988963917, 51.96942750468792, 32.63201547703761, 49.026341456442836, 41.55825788202799, 48.17803658365269, 24.89904058149288, 28.789729385210475, 17.09796977106794, 21.541045623877103, 26.154294549425874, 40.34958832871649, 57.24806394285288, 28.470610559944628, 13.954102891902446, 18.642162060853046, 16.823518799947323], [26.46983807663437, 21.283826917564976, 106.32050676573205, 97.13840647176134, 37.12081849733479, 50.302010868496474, 41.403276585432835, 98.63390859973394, 68.25487273726951, 70.3688230667615, 98.62149440973067, 87.61767646727617, 41.26167364404583, 60.32901870629679, 51.91622977651841, 0.0, 43.400281030794105, 76.55761127889055, 36.96662603683552, 55.885760376815824, 19.54415164221628, 64.53284262918501, 95.14933608912543, 34.964328607267866, 38.58571523770877, 82.90432662809773, 95.40594578722771, 68.55476894383352, 56.34832560357269, 42.74112459034282, 82.94026511430933, 76.37296636850381, 33.31419431668352, 65.23764893456914, 81.01306981097379, 53.130069581176556, 24.545149363570697, 61.29978644411151, 29.46824078700498, 110.8625718576898, 57.48555338401383, 64.66645626068212, 36.815477565669674, 74.99559504905437, 55.89801536851302, 32.85109695392016, 61.65225223053815, 83.47220353870937, 65.79906944127715, 76.26465981549389, 72.41862269386398, 92.52268804236952, 78.09254820054598, 44.11251604945749, 52.00652754620864, 30.807843629433847, 80.78637848083768, 108.03252931486314, 61.51696244780326, 73.11288067083639, 87.68833757911781, 50.7856938083462, 71.85677212220871, 80.65738353345684, 52.53515694538837, 78.3758417947119, 40.53817246301999, 67.86061006581042, 91.91464462197072, 58.21115319045277, 87.04883331851964, 62.8684014155991, 64.55350273725517, 67.56003126793378, 58.24093099609374, 82.87204882474379, 86.16996564571222, 13.443837954187568, 57.03329002576332, 43.87319429847555, 87.4729759882451, 72.19965090657796, 30.881976436760592, 103.79183857141643, 55.78062276198367, 78.68797115026034, 78.57043412193075, 80.31336801757628, 60.19787015212242, 28.49646531732626, 61.86240169313971, 44.05638856911384, 62.30599902913441, 90.08100558475772, 68.48628488373193, 52.838435069403175, 53.58595451306714, 43.223023262610134, 44.74602234780956], [23.75610817016751, 27.438345541930445, 68.78598243330603, 54.41555395064415, 18.076811471293816, 20.4235767137428, 35.183096986953785, 56.476936621366505, 25.371064684165642, 29.46714413531784, 60.74016029801221, 44.36614200774326, 2.140289776942698, 49.906010363079204, 19.27278867538135, 43.400281030794105, 0.0, 44.99803484361472, 26.109228612416285, 12.925286666117454, 33.8657189387182, 37.85556552274548, 56.9512106963938, 11.310720870631117, 24.150655653257576, 46.132290463590955, 52.08755533749498, 52.375657301985186, 12.973707995313774, 26.982389818021606, 45.73287530712909, 41.85131296823505, 31.467656055602294, 74.90127814994054, 41.600781933838675, 19.15559486134768, 32.201923414102154, 21.77825640298018, 43.860476005748424, 73.70628141269498, 15.861585184376665, 33.76978961727679, 20.013633578585754, 31.645878255489514, 34.45416709494184, 29.689485028757094, 60.58403597819054, 40.17394942810149, 47.33458929662355, 39.129732437825815, 57.42126660330961, 53.335955838576616, 35.74066032512487, 32.66010025550477, 17.12362480789382, 34.82264246198185, 37.54996570400851, 70.4309513585532, 18.856435900654166, 32.808010614110515, 46.591608943948906, 40.51952438843234, 36.6226134696008, 38.98090896257371, 9.211643112079278, 35.96727393362977, 6.020780957968283, 38.815442794588186, 52.10213237029523, 18.012542403318783, 50.13376084175089, 27.09550763614232, 21.267589854506156, 30.782847067030133, 47.26793107053051, 39.94221059804487, 42.974751922145984, 45.1055699952073, 67.04223753697869, 17.251387906519028, 44.08362175699148, 30.663882595294503, 15.680649158799323, 64.14968820505092, 47.84956948940234, 39.06872337599477, 60.52778088827112, 39.65347374862688, 42.75069323012229, 31.327619574429693, 36.281801454478874, 2.543988670721439, 19.15246489544086, 47.93521335526201, 71.45003913345846, 12.901510290306373, 11.328291147539288, 30.361101723053036, 29.56260156635345], [66.91866937577159, 55.274469832163945, 31.730224691436934, 60.016712461156146, 39.85867491646254, 27.285262248836606, 80.16146128222384, 37.71276864686509, 45.39812571490249, 54.07935446824437, 80.48395388004585, 49.116262649193914, 46.174405883768365, 32.59981314895873, 26.811258470646738, 76.55761127889055, 44.99803484361472, 0.0, 40.01047160627655, 36.61183668174354, 75.4301855132775, 12.951882280313601, 77.00673204555572, 55.55495988566769, 69.13725018106778, 12.428488087991783, 52.3434265338863, 25.46474106795906, 39.22364203611052, 34.32489617758679, 13.4472860908614, 72.35010916433023, 76.17069905381221, 65.19812309163258, 18.85729849401907, 26.33083924977427, 53.48727210031773, 25.154422619362364, 87.43579877263252, 35.58519196935764, 48.195072244658654, 12.125232931619113, 65.00028235004335, 37.72551481070423, 22.337454583164444, 45.054416532891246, 46.38880396890926, 39.12669443512492, 21.77554740433083, 66.84162957001432, 28.527776820888054, 72.22030592840977, 51.72618711465643, 35.094146786252864, 57.376593117322166, 49.39584051433677, 46.16919021130221, 33.38511094617523, 33.087485952366755, 21.636011073926266, 62.477517271700705, 33.397176672575135, 67.99575392568191, 56.111925697589996, 42.44023876436343, 30.083953541621156, 51.01575152330668, 8.939156800307272, 69.81687788864468, 28.580433885095612, 14.923427918037184, 18.118690127352792, 36.31243632619387, 62.45067167086896, 31.768527281951236, 50.21074204466426, 38.68100098469688, 70.34942369660568, 61.08773165985746, 61.482272120559735, 43.32639034610121, 25.94207430189368, 47.58639374839969, 33.043983332571095, 35.48392563442629, 62.054688527853834, 26.073634859695307, 59.744739703739185, 23.803170587038085, 49.690673005090424, 15.649764026576456, 46.88123446154754, 42.80142112681295, 32.63669405002163, 56.113818977402275, 50.59649019506922, 35.76015213200405, 34.93765776415274, 32.987645725326736], [35.3424460104606, 15.940699845020072, 70.8389137656158, 75.299191628713, 8.032516334505836, 16.565348372805722, 53.4371329801809, 67.5913795750725, 47.81598842948958, 54.00205684915367, 85.73648635754323, 63.99711930115621, 25.11706131223224, 27.54933643937643, 19.216014019870865, 36.96662603683552, 26.109228612416285, 40.01047160627655, 0.0, 31.969362206416285, 40.45889956262032, 27.636047086334056, 81.90199458800997, 29.271795627507807, 43.59341158182572, 47.85616714139291, 70.85413604297239, 33.57622133785751, 34.15036202361638, 5.778997153011404, 48.11978421614713, 67.8919459268743, 46.640158856580804, 48.818080597295, 47.81955812111461, 20.82569221324956, 13.551272022191075, 30.86714683140849, 53.90532051436024, 75.12038832766153, 40.94374921978286, 28.559692814247956, 39.19467363049028, 49.50414911325403, 18.95602593064186, 5.619723755655178, 35.53936527120949, 56.780656358071184, 29.875916158228012, 64.83241451074682, 38.14063648523871, 77.92338340031478, 58.33726191267353, 8.677945750342472, 43.03786119211574, 11.17585191258883, 57.72513758874203, 72.54505510979318, 35.403040165450186, 41.51048029700114, 70.10163746074569, 17.11684359183255, 62.657913287424684, 62.271659013282296, 32.80651942865662, 49.20138317797765, 29.26387086443392, 31.152626734665862, 76.37297869152601, 29.298502348032066, 51.87316716314477, 29.18718603115062, 39.97130417719605, 56.73646294873332, 24.966337894373403, 61.067425572707805, 58.67337947946166, 30.518330907402355, 40.934987156829344, 40.63191910274208, 61.484328881228315, 42.22519354776942, 14.260984449080182, 69.66163998214961, 24.153771255854952, 63.90180328616493, 43.37435441981693, 63.824149683593554, 24.238426257481745, 9.972611473251193, 24.938323331113732, 28.531817192390285, 41.597503086028134, 59.4822064