instance_id,num_cities,city_coordinates,distance_matrix,best_route,total_distance
440,64,"[[90.8923118565647, 91.2023878657309], [69.85142476766893, 70.50282433916836], [92.89097292472812, 1.2688906682130185], [66.69524062413701, 10.021607207265504], [96.26922262560007, 83.7960760151853], [97.97028966487048, 87.68033629986195], [76.21686570820754, 62.12230917074757], [41.78885584251203, 35.27008184423575], [29.469747163241898, 8.761473848313916], [7.139184021879275, 53.490060248552616], [2.6128049997458436, 17.4308690478443], [67.35357840955352, 86.46843791648072], [9.256506306451485, 12.90183811617326], [39.5600735470191, 8.215076660309927], [59.885478120895975, 92.1385276125084], [53.70609774435925, 9.092549110045079], [90.51356531139723, 9.877365574368168], [4.666545636267083, 16.749642199533998], [78.07977890130965, 47.015134394294535], [27.01882147579867, 77.78606750745928], [2.2457294782368464, 66.83477112281085], [67.77525660814058, 26.69420635915084], [9.427338667455576, 14.187286315374415], [92.16777880984371, 37.23536114742563], [92.54169577430775, 91.41605900957389], [39.24474967103456, 82.14290634008124], [24.29306722832073, 66.33511144024874], [88.0685372237717, 92.52249330960719], [57.21350040713149, 66.21529662792126], [98.55314774297534, 91.28557825998016], [74.1696024580973, 91.22356211494656], [25.57233773223917, 4.976673839414325], [4.467794362660449, 29.150525200095345], [62.94514998733255, 96.32678353084572], [41.9829934773886, 13.661772354183931], [50.20807926737258, 64.49359701467618], [93.93211700319053, 37.80609862931691], [4.275846797001648, 20.602434495039933], [96.09550288179187, 95.84212295420745], [32.025127091003235, 1.487603844714358], [55.326502591978425, 9.668339356706356], [54.563505320542504, 47.26099752278742], [11.855072257751441, 53.277681770940156], [2.128588288590194, 68.03911731348649], [49.25906500559524, 39.77370518259599], [14.074120842098425, 14.184096550474056], [80.0722164271294, 74.52298322792508], [61.24747732672273, 89.20049217832509], [2.9708424478251616, 15.680913027313126], [67.95610445536366, 77.75696610597466], [23.71916754716622, 58.30634981876912], [61.62016494011393, 71.20630541317554], [31.2976755575295, 19.063967576681584], [6.6646528839757195, 98.2196344124111], [27.402797152538394, 91.74596494563096], [73.94130814041631, 80.05670141240851], [68.02314345881715, 35.160730987023484], [45.22848841756109, 74.36434075153801], [74.0213063525698, 59.32409187396769], [79.71369143833384, 92.30819279388314], [36.57393340644397, 32.04067614490198], [99.93336072511855, 59.44084354135178], [23.77966361676136, 97.87312145593044], [15.989379446389474, 38.073444288708956]]","[[0.0, 29.515942466366532, 89.95570334470932, 84.71019657954436, 9.152301603733376, 7.905859667835557, 32.57329729333146, 74.42830274436055, 102.80678847981083, 91.85208803504985, 115.04567927384724, 24.010044864836228, 113.11666914694247, 97.58018503248172, 31.020962201983693, 90.13789514118639, 81.32590423497375, 113.92143827003247, 46.0073295256143, 65.26729981681166, 91.93474486334044, 68.52520503175872, 112.10650170045443, 53.98209692817779, 1.6631664576405418, 52.43610287980783, 71.0903708097941, 3.117111091981977, 41.935868527706646, 7.661287562819478, 16.72272280385045, 108.1738081928832, 106.39375397235055, 28.413083033660943, 91.67697899813875, 48.66791848946148, 53.48274599857634, 111.74419642808412, 6.971394303598465, 107.30371808171606, 88.95351513524858, 57.01427864669215, 87.66509325710247, 91.73622907187905, 66.1682449961939, 108.77891187108278, 19.88157448930403, 29.712350978085947, 115.90374430863609, 26.58663153256983, 74.79559235408482, 35.44999151689138, 93.57068107806957, 84.51946690023338, 63.49184162862631, 20.287011941157097, 60.528226216495966, 48.669339441667745, 36.06738945438514, 11.233181160918475, 80.31559232919226, 33.02326850136246, 67.44335579129346, 91.8320964001893], [29.515942466366532, 0.0, 72.96683048369096, 60.563513142025215, 29.573815847543894, 32.95053080402264, 10.523871571604047, 45.04280096079074, 73.77448235387637, 64.97891412882201, 85.66016826238224, 16.159828381787086, 83.6039338618899, 69.26275672883587, 23.820658024041695, 63.497192760044804, 64.04974865127316, 84.48948489316392, 24.887293759971758, 43.44741115195693, 67.70513015987466, 43.85778703429704, 82.5984866928891, 40.05925317513605, 30.85792900915689, 32.74538241430255, 45.748593120345305, 28.5784710543794, 13.345412171131224, 35.43602351117081, 21.165907316689147, 79.08422060062033, 77.36298707409202, 26.73150762068851, 63.305249808691045, 20.541953059079756, 40.607334444496246, 82.402702217725, 36.48056592711123, 78.70152130563822, 62.54444761360724, 27.819112041624734, 60.500268106434035, 67.76763558720661, 36.99086434120585, 79.26478873334938, 10.982998663249782, 20.582290790628743, 86.47805647287824, 7.497653756953609, 47.71728352479185, 8.261266487059176, 64.2833381459765, 68.99847608257804, 47.46743103680631, 10.39248349208501, 35.38935115336278, 24.923890216105153, 11.931134563008948, 23.931953479170446, 50.8598886649795, 32.051369551383644, 53.58862136504457, 62.87117476752519], [89.95570334470932, 72.96683048369096, 0.0, 27.6193127643907, 82.596300718222, 86.56059955140162, 63.09646895756242, 61.380024207171566, 63.8622790056864, 100.40129407720468, 91.71345129824178, 88.94448476400024, 84.43962027893441, 53.78135669794997, 96.67809268719486, 39.958279171099676, 8.93072825528952, 89.57233522886095, 48.0841999355859, 100.96543313411368, 111.87244897319572, 35.73857697333724, 84.45746378816, 35.97374054028682, 90.14784497975235, 97.04907871937125, 94.5477961217949, 91.38093828104041, 74.10072666531072, 90.19459112755153, 91.88216707957325, 67.42066671447307, 92.71485345503577, 99.66320939484943, 52.39471240395558, 76.2836345723093, 36.55203888410428, 90.69964991959289, 94.62750803686198, 60.86623879055071, 38.4920793105629, 59.86876202054363, 96.28983097334432, 112.67685490418799, 58.19247485243026, 79.86800808331405, 74.3672145161535, 93.452005638157, 91.06775638755165, 80.44981882985952, 89.6549519298441, 76.61008688951809, 64.11239383100951, 129.7475432535176, 111.69065375299144, 81.0346155497819, 42.03648156710284, 87.26200348536464, 61.04482536288467, 91.98801703972488, 64.17563183582492, 58.59668358367874, 118.78026132463266, 85.25508927161836], [84.71019657954436, 60.563513142025215, 27.6193127643907, 0.0, 79.4813981967705, 83.719811853453, 52.963614768340584, 35.46566613478577, 37.246815964448395, 73.73215233406597, 64.50934596301916, 76.44966536305517, 57.51090270641118, 27.195235702604005, 82.39879539284263, 13.022326278330315, 23.8187614404362, 62.39251122334627, 38.70566839006743, 78.52541191366758, 85.91551129476059, 16.707543116962196, 57.41920825779308, 37.27517411277735, 85.3996254560176, 77.16871932442217, 70.49223409487807, 85.22449187415265, 56.98801740934579, 87.2855041644887, 81.54522405177406, 41.43120194904461, 65.1012332586823, 86.3866114628217, 24.978910331293775, 56.912425384819436, 38.90790920198477, 63.30983045184007, 90.71679196207279, 35.70498544730722, 11.374225363429716, 39.16568897068286, 69.84648919674989, 86.80371001716935, 34.48488877949725, 52.78549577912457, 65.8739021934511, 79.36607556257863, 63.97520351900384, 67.7470930943744, 64.64022916246729, 61.39481808546103, 36.5342564409774, 106.68909722792112, 90.67947265901532, 70.40894768972005, 25.17417069840325, 67.82926219743057, 49.8438184067766, 83.31003678492412, 37.31129246465518, 59.556977321650116, 97.77338751244824, 57.948165815846586], [9.152301603733376, 29.573815847543894, 82.596300718222, 79.4813981967705, 0.0, 4.240413544833626, 29.52709242660964, 72.95808711238826, 100.46074578852604, 94.14148061905628, 114.78617189507813, 29.038870476664226, 112.23727441682794, 94.4902907853415, 37.32791666885876, 85.97811658627508, 74.14245305054254, 113.51772865508094, 41.03283477312411, 69.51070609389141, 95.54110700261089, 63.81637421241421, 111.29643486146506, 46.74100994170561, 8.482841343669955, 57.048431053979535, 74.0638388801208, 11.975040703736507, 42.83028416751199, 7.830003691989217, 23.314389576183235, 105.87987388059665, 106.8346313467699, 35.602141059823325, 88.68943130466941, 49.94211272095204, 46.049322282124685, 111.60742593984683, 12.04729950679876, 104.41258737381999, 84.68310141852581, 55.44527767425331, 89.76146817857277, 95.45020052834695, 64.4043791459844, 107.71194196650423, 18.66368826449999, 35.43628589234266, 115.5173717354278, 28.95001742689108, 76.89757235083596, 36.86542448288606, 91.71449062886799, 90.75801868385958, 69.32377147446017, 22.638875583331664, 56.24266862715987, 51.9048569844789, 33.07336974515557, 18.615631736439507, 79.00727163174044, 24.62931701990167, 73.84374972627482, 92.38729497541112], [7.905859667835557, 32.95053080402264, 86.56059955140162, 83.719811853453, 4.240413544833626, 0.0, 33.562243735645325, 76.83220860055715, 104.50124962728333, 97.0528965502471, 118.44001659427349, 30.64068709711148, 116.02568314115815, 98.62292246995887, 38.34486067415306, 90.19622487536712, 78.15948433680792, 117.20389078571343, 45.26909613031712, 71.63803035484143, 97.96799993097301, 68.051804284988, 115.06990296056132, 50.77759988767312, 6.589784199236908, 58.98603375483979, 76.70692100633606, 11.022304020114422, 46.063692847162564, 3.6520532759269906, 24.062983204319004, 109.91523656168533, 110.31072212216803, 36.07660542719102, 92.80800150291594, 53.092877306980014, 50.03745019146712, 115.23061023381626, 8.374340981418097, 108.526271450642, 88.90649156825992, 59.31165040943404, 92.73280599502918, 97.83357913298912, 68.32150988387318, 111.53593322529997, 22.213891272875845, 36.754262608813725, 119.20072115186143, 31.612095624863414, 79.85023617704367, 39.908962165920265, 95.67363026802028, 91.91189320577541, 70.68451270089751, 25.209358619365087, 60.45775804727682, 54.39681365901563, 37.11644379023826, 18.83402332308301, 82.85701143518916, 28.3076420643884, 74.88752808477616, 95.82125742890686], [32.57329729333146, 10.523871571604047, 63.09646895756242, 52.963614768340584, 29.52709242660964, 33.562243735645325, 0.0, 43.661538860959716, 70.94132673248333, 69.6149540588258, 86.10971241987725, 25.909300388900814, 83.10441926905288, 65.18980080106819, 34.17144407353159, 57.60980928989347, 54.165761795923345, 84.72382905934894, 15.221602257690638, 51.63139434031358, 74.12109209126997, 36.419929064008365, 82.21074953114395, 29.559969734278763, 33.53541197460956, 42.044758000051736, 52.09441958158099, 32.62871915030387, 19.439147077243955, 36.734258657385205, 29.17317620242099, 76.35765745051616, 78.9624453595237, 36.68902430463819, 59.332804050251625, 26.11666093059608, 30.085016595301727, 83.06268834482154, 39.14314828255669, 75.02984240944524, 56.4608379355129, 26.262646477000317, 64.96666753036205, 74.32416477569164, 35.016897620163164, 78.48434855893805, 12.986163645905851, 30.94043605878224, 86.72821455104378, 17.68283557461108, 52.636202921409065, 17.19251758893124, 62.2234234402451, 78.3615160544363, 57.099687130722074, 18.078179867511004, 28.179137361836002, 33.318866492312175, 3.5567542681673303, 30.387750168387875, 49.76411083284673, 23.867601341751875, 63.464799237290194, 64.8513531357059], [74.42830274436055, 45.04280096079074, 61.380024207171566, 35.46566613478577, 72.95808711238826, 76.83220860055715, 43.661538860959716, 0.0, 29.231262999280744, 39.14801872804452, 43.04649199214656, 57.226101600844565, 39.48027474340098, 27.14665312746593, 59.67837013512911, 28.762542909081724, 54.94440237539461, 41.48581202871312, 38.144165423603276, 45.008476447324036, 50.59632844302073, 27.364916683365593, 38.62320625198339, 50.417241119362, 75.68501511523368, 46.94181667159978, 35.65303189118183, 73.61825539464452, 34.576378901690575, 79.74911080170912, 64.6475421480783, 34.36082112184437, 37.81944742462142, 64.6181832210551, 21.609181577263374, 30.412121958105505, 52.2048950349001, 40.27860134623488, 81.35222232291522, 35.16512788148489, 28.96061287181447, 17.520665743534995, 34.93286496724148, 51.44654029216812, 8.72276608158418, 34.82420583375714, 54.830702755750586, 57.33347284849433, 43.48072790154257, 49.898499318488355, 29.2776924856702, 41.04501169352315, 19.305517434791245, 72.08575311395396, 58.27936218520089, 55.13276232072221, 26.23451551572838, 39.245281904485296, 40.21848162715455, 68.49554186714927, 6.133879456355124, 62.96831877271479, 65.14193406130535, 25.951335674858193], [102.80678847981083, 73.77448235387637, 63.8622790056864, 37.246815964448395, 100.46074578852604, 104.50124962728333, 70.94132673248333, 29.231262999280744, 0.0, 49.993004426359505, 28.221512282282333, 86.44973646339464, 20.632928105462582, 10.105109421387231, 88.75161848713394, 24.238611765523157, 61.05401664468387, 26.057813407789226, 61.8569133625585, 69.06809369408931, 64.13778134021757, 42.29533011029054, 20.76385270704059, 68.86076844096934, 103.97043401744993, 74.02962453350118, 57.8058972832017, 102.22390414063238, 63.80170527539497, 107.62315756661067, 93.798044034377, 5.432725962188352, 32.26160347639408, 93.74585886338039, 13.438536332694042, 59.46551917785459, 70.70351726789532, 27.837761488692923, 109.64502165521084, 7.709679072728706, 25.87265363954397, 45.955522210268015, 47.87451869039109, 65.2792308731733, 36.788253464886196, 16.3226880993992, 82.97702098465194, 86.48849521317199, 27.387416630062145, 79.0036559248607, 49.87748891883607, 70.23536397279756, 10.463398073173838, 92.3192006930195, 83.01022855665101, 84.02814533930031, 46.7256368966693, 67.46906010789476, 67.39005689126813, 97.49106719535118, 24.339078079162583, 86.79584868345428, 89.29312845964104, 32.26316669020804], [91.85208803504985, 64.97891412882201, 100.40129407720468, 73.73215233406597, 94.14148061905628, 97.0528965502471, 69.6149540588258, 39.14801872804452, 49.993004426359505, 0.0, 36.342170781356046, 68.65381770217061, 40.643410653193406, 55.68606842395112, 65.39017946727718, 64.3398511727436, 94.09226637802684, 36.82352860607815, 71.2354733729313, 31.392609863216535, 14.213627464100805, 66.29291880999446, 39.36932423251108, 86.56833817559415, 93.44501268470496, 43.03199896352768, 21.430143470763984, 89.85038141456252, 51.665934641319964, 98.91922939931351, 76.92135047459601, 51.8973006676852, 24.485695601441694, 70.35119543334768, 52.91865053049403, 44.452306565921965, 88.19863869455155, 33.012037619124335, 98.52372242526243, 57.6503741052283, 65.13340842378125, 47.83165764512412, 4.720668011096574, 15.387694144385534, 44.296983761626386, 39.9130571484458, 75.90527692381788, 64.8301037556927, 38.03822662894985, 65.47961920251029, 17.265355453131072, 57.289114363429235, 42.05696814952709, 44.73209121739063, 43.29120304751257, 71.89096055470056, 63.583180385194986, 43.43421112284903, 67.13608725911718, 82.30374560764454, 36.4208806834496, 92.98478935734516, 47.40001775617319, 17.77633276874979], [115.04567927384724, 85.66016826238224, 91.71345129824178, 64.50934596301916, 114.78617189507813, 118.44001659427349, 86.10971241987725, 43.04649199214656, 28.221512282282333, 36.342170781356046, 0.0, 94.64435353993274, 8.040577605667101, 38.079278911692434, 94.13497402483597, 51.769220033451006, 88.2247078662786, 2.163774623420252, 81.05857700421646, 65.10302313509621, 49.405265758534036, 65.81758517113363, 7.547098651185518, 91.71865263647135, 116.45176567839707, 74.36092482555756, 53.494473492827446, 113.76042459578896, 73.21991746298188, 121.07463581814935, 102.78976998024217, 26.119860673137456, 11.86555206737226, 99.32047711227656, 39.550193813068425, 66.93437454918535, 93.56477288638172, 3.581136049533032, 122.01368588184707, 33.45552863335448, 53.282180708480254, 59.905858049550005, 37.01909624063112, 50.61056469098362, 51.72113590281705, 11.9123168396346, 96.22613948521504, 92.67633788180882, 1.7862074034166506, 88.93247309061807, 46.0030810733085, 79.83524336666073, 28.731321057718425, 80.89030893999582, 78.34077603159638, 94.91970416959344, 67.77064542788874, 71.11621948193496, 82.79019376843785, 107.47632437418557, 36.970321963292065, 106.00060624185375, 83.18047773485655, 24.597736816653637], [24.010044864836228, 16.159828381787086, 88.94448476400024, 76.44966536305517, 29.038870476664226, 30.64068709711148, 25.909300388900814, 57.226101600844565, 86.44973646339464, 68.65381770217061, 94.64435353993274, 0.0, 93.74067629973467, 83.04256414895012, 9.37669659754682, 78.5702354399727, 80.01610685235998, 93.756997360946, 40.8853829112936, 41.25864967282056, 68.00377095594045, 59.775718906362435, 92.62836567402623, 55.13293380234208, 25.669441187167557, 28.43969895181414, 47.534813118257006, 21.58149914574516, 22.649744235852978, 31.569256685578853, 8.31079959890518, 91.578270812065, 85.08798360142073, 10.799130493058929, 77.10043534313101, 27.87224019511437, 55.44765079489391, 91.19830388827621, 30.23184072388507, 92.03174252452392, 77.73612861155846, 41.24086992107777, 64.66614631006205, 67.77860425066092, 50.078033911236496, 89.79825502424661, 17.44871458699645, 6.68943875997152, 95.68704389755257, 8.732283707090687, 51.93327466404263, 16.303518594462847, 76.44207448953394, 61.81614918882521, 40.297856203392286, 9.19285309381944, 51.31207565197757, 25.21961092745362, 27.95128115127772, 13.670227910037573, 62.52813605075059, 42.33123047391967, 45.04167910951485, 70.57163979503078], [113.11666914694247, 83.6039338618899, 84.43962027893441, 57.51090270641118, 112.23727441682794, 116.02568314115815, 83.10441926905288, 39.48027474340098, 20.632928105462582, 40.643410653193406, 8.040577605667101, 93.74067629973467, 0.0, 30.663853646398863, 94.03055752959483, 44.612519114359955, 81.31332653562617, 5.989435300407479, 76.81379976036231, 67.27156207400157, 54.38669188720242, 60.12215530585488, 1.2967500793891344, 86.40832975613088, 114.45918777972533, 75.45608172229286, 55.508673758994114, 112.03028586388741, 71.70912174651515, 118.81877330950255, 101.72513210673574, 18.138759161760127, 16.9396456288738, 99.20782216001766, 32.73530911104418, 65.86911957977654, 88.26200336822315, 9.170940722700568, 120.08372985224194, 25.4694883426124, 46.18333110523688, 56.86190284181463, 40.459378342201894, 55.596103933205804, 48.19026812660349, 4.985338153667434, 93.87241514299853, 92.32846624593415, 6.872614313735947, 87.47474177965485, 47.65226388236803, 78.36685302020197, 22.886349237978777, 85.35715593323114, 80.90540282929435, 93.24108135706784, 62.84087804951321, 71.21532649089104, 79.68378109105231, 106.15829736723646, 33.35471397648789, 101.92237709761747, 86.20348653427716, 26.056502797262254], [97.58018503248172, 69.26275672883587, 53.78135669794997, 27.195235702604005, 94.4902907853415, 98.62292246995887, 65.18980080106819, 27.14665312746593, 10.105109421387231, 55.68606842395112, 38.079278911692434, 83.04256414895012, 30.663853646398863, 0.0, 86.3496826329885, 14.173212708901858, 50.9805995199777, 35.922097642005, 54.67368819406551, 70.69233176920979, 69.48833608714794, 33.72795264464152, 30.718870413576564, 60.081174794883566, 98.63800361786353, 73.92850215111923, 60.09176253661123, 97.2667031946546, 60.627295801451005, 101.88665780714574, 89.93457704864898, 14.35771590659398, 40.862709943357586, 91.16213406759698, 5.961294739454453, 57.27697512174938, 61.902727652099856, 37.395498278165704, 104.28208864546177, 10.101203323347345, 15.833264265288898, 41.829258910260734, 52.89806684364676, 70.56934128022525, 33.015412605647995, 26.17561811546441, 77.70438979953482, 83.8390184182131, 37.34314589170399, 75.11597006642937, 52.53636787532565, 66.74235935346861, 13.636922477305985, 95.82760101739945, 84.41095110864809, 79.64476341346966, 39.1945740619622, 66.39168673076185, 61.64177157243507, 93.18779539626604, 24.012001660406142, 79.1770989443293, 91.03618145627853, 38.04076415922902], [31.020962201983693, 23.820658024041695, 96.67809268719486, 82.39879539284263, 37.32791666885876, 38.34486067415306, 34.17144407353159, 59.67837013512911, 88.75161848713394, 65.39017946727718, 94.13497402483597, 9.37669659754682, 94.03055752959483, 86.3496826329885, 0.0, 83.2755623653754, 87.77800695398655, 93.44845931609889, 48.6533986111321, 35.86377322722395, 62.94935040235789, 65.91819012147144, 92.85698604233741, 63.69069496923569, 32.66420842924606, 22.933645928258258, 43.96175609896334, 28.185674553800105, 26.060571167630087, 38.677075853795586, 14.313398266741403, 93.67273005786637, 83.8964130403318, 5.186817865295739, 80.49285727495312, 29.28983162002021, 64.11853443735998, 90.60818789982818, 36.39893558388417, 94.83559004647597, 82.59610286702816, 45.191991563124475, 61.78256410105136, 62.58306400186643, 53.43215589711212, 90.41887954366113, 26.7920101412637, 3.2383783054469406, 95.31548972678391, 16.491340782265596, 49.523916189884076, 21.00397735104025, 78.46753328499425, 53.56711770116655, 32.48505299887205, 18.534747958013053, 57.555980622756515, 23.037991790352674, 35.72966320348128, 19.82893919592249, 64.46068466900098, 51.70078766033223, 36.558383546814426, 69.64122854783213], [90.13789514118639, 63.497192760044804, 39.958279171099676, 13.022326278330315, 85.97811658627508, 90.19622487536712, 57.60980928989347, 28.762542909081724, 24.238611765523157, 64.3398511727436, 51.769220033451006, 78.5702354399727, 44.612519114359955, 14.173212708901858, 83.2755623653754, 0.0, 36.81583362605315, 49.63374603577072, 45.07991579164554, 73.69538780989187, 77.34554741584334, 22.53352100869534, 44.57089692368604, 47.658354773894345, 91.0239746249391, 74.46801514431378, 64.35710765925288, 90.22933467624779, 57.230325505188695, 93.63200272567306, 84.64194186324221, 28.433235511685204, 53.16702854906638, 87.72212800275418, 12.582089441306808, 55.5113703865845, 49.422672442994624, 50.75260752212112, 96.55231861560435, 22.976067569546377, 1.7196645830911281, 38.17807750513205, 60.85913475018843, 78.32584110383313, 31.001765080844454, 39.95769573585887, 70.5429934383859, 80.46213363213829, 51.16124186443141, 70.12748999254552, 57.62997625237524, 62.61590198714381, 24.526854081597648, 100.77963519009052, 86.73782779914401, 73.79278184054134, 29.74101384218606, 65.82003223934397, 54.184089816466404, 87.18508062430385, 28.637869845874818, 68.35137595421052, 93.68874791380468, 47.56514611062507], [81.32590423497375, 64.04974865127316, 8.93072825528952, 23.8187614404362, 74.14245305054254, 78.15948433680792, 54.165761795923345, 54.94440237539461, 61.05401664468387, 94.09226637802684, 88.2247078662786, 80.01610685235998, 81.31332653562617, 50.9805995199777, 87.77800695398655, 36.81583362605315, 0.0, 86.12165217362578, 39.163923672354045, 92.96867371854722, 105.04930694430838, 28.281386399279064, 81.2006869930694, 27.407961326480926, 81.56391261026562, 88.60473937282606, 87.02086781127325, 82.68128748830203, 65.4435390090054, 81.80422958710616, 82.97185554974925, 65.12587672322765, 88.17782816627565, 90.73874248904856, 48.6779019392885, 67.87830980502059, 28.13717515537139, 86.90207821405244, 86.14579234306464, 59.08710102333003, 35.18768356655469, 51.86465801488453, 89.83733063394565, 105.80497875187613, 50.94825725627824, 76.56067268823836, 65.48341506315069, 84.54976238969621, 87.73488182819173, 71.52956877125682, 82.50368529726866, 67.79430246537926, 59.92424597515705, 121.79900072953986, 103.37038560735643, 72.10949234608147, 33.83884811421433, 78.79916342691445, 52.124594457055785, 83.13530268043539, 58.315488727162254, 50.450677833107804, 110.43851994914105, 79.67981635086468], [113.92143827003247, 84.48948489316392, 89.57233522886095, 62.39251122334627, 113.51772865508094, 117.20389078571343, 84.72382905934894, 41.48581202871312, 26.057813407789226, 36.82352860607815, 2.163774623420252, 93.756997360946, 5.989435300407479, 35.922097642005, 93.44845931609889, 49.63374603577072, 86.12165217362578, 0.0, 79.40719637550909, 65.00053422531579, 50.14359869546904, 63.88743035101821, 5.406553242399464, 89.86729375979134, 115.31312072367912, 73.97250292659695, 53.32840809198429, 112.68281664083264, 72.16670578403796, 119.87618537286825, 101.86775571860727, 23.9928099056444, 12.402475610230873, 98.63527334362483, 37.44398776387158, 65.98118297562914, 91.71541085795042, 3.8725513625145442, 120.89199615744788, 31.3276522254608, 51.15247881292132, 58.486317967504434, 37.22865280826051, 51.3522296007036, 50.18565791092025, 9.751127920952685, 94.99354778616642, 91.92675069646106, 2.004393012073233, 87.905982877966, 45.71610602216978, 78.79874948355143, 26.731501694339357, 81.49449100239599, 78.36699278680975, 93.84442693196372, 65.97747098812728, 70.46080251764992, 81.37976775032288, 106.49492316986517, 35.38215812291316, 104.3949458986451, 83.34464689228264, 24.14355195554194], [46.0073295256143, 24.887293759971758, 48.0841999355859, 38.70566839006743, 41.03283477312411, 45.26909613031712, 15.221602257690638, 38.144165423603276, 61.8569133625585, 71.2354733729313, 81.05857700421646, 40.8853829112936, 76.81379976036231, 54.67368819406551, 48.6533986111321, 45.07991579164554, 39.163923672354045, 79.40719637550909, 0.0, 59.616035576551916, 78.38125446783434, 22.78427738375539, 76.09747143996024, 17.149801928390556, 46.69677875756771, 52.36525429320018, 57.15130677114426, 46.590718048465845, 28.35573677396142, 48.7753117036858, 44.38101577644621, 67.26264597789488, 75.7487196550529, 51.5819322333908, 49.14697017435857, 32.898758275297965, 18.333111111237535, 78.38782501144797, 52.04460704406163, 64.75945484106175, 43.73207841377305, 23.517558797703458, 66.52015686744939, 78.80730431423295, 29.716524805008184, 71.9347017057487, 27.579912159906602, 45.41949787992497, 81.38295745331799, 32.36586166436422, 55.52087546642362, 29.25972739135376, 54.49617344120735, 87.87503084595183, 67.59440569290973, 33.29973109878347, 15.545507279131034, 42.74560064870671, 12.960772880707257, 45.32251989207119, 44.12447858169502, 25.13915842539628, 74.39783174177028, 62.7309455246442], [65.26729981681166, 43.44741115195693, 100.96543313411368, 78.52541191366758, 69.51070609389141, 71.63803035484143, 51.63139434031358, 45.008476447324036, 69.06809369408931, 31.392609863216535, 65.10302313509621, 41.25864967282056, 67.27156207400157, 70.69233176920979, 35.86377322722395, 73.69538780989187, 92.96867371854722, 65.00053422531579, 59.616035576551916, 0.0, 27.085733876416853, 65.35644788614833, 65.98685654367026, 76.73816800009558, 66.92550877420312, 12.979035590077817, 11.770901880095252, 62.8031053239449, 32.33575999590916, 72.79695477872895, 49.0281797394819, 72.82376069339406, 53.60937230922297, 40.428445814531514, 65.84718424198213, 26.72885049390603, 77.94733497582398, 61.54031834285113, 71.39754234118378, 76.46253104107943, 73.76550480133106, 41.11556281599471, 28.820136393810525, 26.730633105061326, 44.04052817327858, 64.90590099605207, 53.15364930912296, 36.08171243064647, 66.5984647595774, 40.93729332333233, 19.757204186822786, 35.22138893844031, 58.87778539086696, 28.841339003650546, 13.965177184862352, 46.977393851953146, 59.14620642752542, 18.528361614619424, 50.49829827709777, 54.659321649679136, 46.73265448185767, 75.18694884291591, 20.34654466892485, 41.21578622802828], [91.93474486334044, 67.70513015987466, 111.87244897319572, 85.91551129476059, 95.54110700261089, 97.96799993097301, 74.12109209126997, 50.59632844302073, 64.13778134021757, 14.213627464100805, 49.405265758534036, 68.00377095594045, 54.38669188720242, 69.48833608714794, 62.94935040235789, 77.34554741584334, 105.04930694430838, 50.14359869546904, 78.38125446783434, 27.085733876416853, 0.0, 76.84649546605475, 53.13504650506971, 94.66836867130897, 93.58205620477194, 40.04081041958675, 22.052998926782088, 89.58467168256556, 54.97126148762874, 99.3627736251275, 75.94640630392712, 66.11017207781143, 37.749701497022315, 67.48480159277132, 66.38085528363341, 48.019455364466694, 96.17202027674429, 46.27688760484522, 98.23037426462882, 71.81270635097079, 78.01005957709039, 55.859486947435485, 16.61728438550701, 1.2100296712505645, 54.245322445614015, 53.96299079164152, 78.20531104841517, 63.09858736540289, 51.15899712536382, 66.61191877498247, 23.105032188667863, 59.535148429045186, 55.91122644368485, 31.69442423791106, 35.404034115443665, 72.90456391946763, 73.00625321502336, 43.63727746812246, 72.16747008467377, 81.54863789103587, 48.87795648621491, 97.96705294999231, 37.77683828596269, 31.876352296100812], [68.52520503175872, 43.85778703429704, 35.73857697333724, 16.707543116962196, 63.81637421241421, 68.051804284988, 36.419929064008365, 27.364916683365593, 42.29533011029054, 66.29291880999446, 65.81758517113363, 59.775718906362435, 60.12215530585488, 33.72795264464152, 65.91819012147144, 22.53352100869534, 28.281386399279064, 63.88743035101821, 22.78427738375539, 65.35644788614833, 76.84649546605475, 0.0, 59.67329869375689, 26.572750772754944, 69.2985910352767, 62.35822444283902, 58.83963076797076, 68.88527129202853, 40.90803429745622, 71.54945077873752, 64.84539623679467, 47.46301276143065, 63.35509670272212, 69.79989780465597, 28.897840291270313, 41.6821263091389, 28.419280348909417, 63.79094552369749, 74.72262521109096, 43.742937382083646, 21.091505961875775, 24.44469821564564, 61.917268857328594, 77.58148441012845, 22.669861952263265, 55.13904995543579, 49.384280065146434, 62.84622239447024, 65.73358901410138, 51.06307999823058, 54.22422519003837, 44.93564415513722, 37.26706942035285, 94.07652600800064, 76.56152282764451, 53.71755830087245, 8.470152723836351, 52.73327667448687, 33.22232030006241, 66.69123961999811, 31.65607854278039, 45.89646944091779, 83.6782537880521, 53.0213554076984], [112.10650170045443, 82.5984866928891, 84.45746378816, 57.41920825779308, 111.29643486146506, 115.06990296056132, 82.21074953114395, 38.62320625198339, 20.76385270704059, 39.36932423251108, 7.547098651185518, 92.62836567402623, 1.2967500793891344, 30.718870413576564, 92.85698604233741, 44.57089692368604, 81.2006869930694, 5.406553242399464, 76.09747143996024, 65.98685654367026, 53.13504650506971, 59.67329869375689, 0.0, 85.89059429541716, 113.45606942397431, 74.20946228008049, 54.225322045145994, 110.99929173289004, 70.64298345124551, 117.84547706272677, 100.62876581676227, 18.587532837474015, 15.763743135196355, 98.03597875923089, 32.5598959615494, 64.75950663842649, 87.7434091923316, 8.227514488496434, 119.07511509462283, 25.921843616745605, 46.12108119488826, 55.956625283933924, 39.1657108611342, 54.34419434440271, 47.34164396728699, 4.646783269443352, 92.90368709369092, 91.1718587312066, 6.627010199835118, 86.4101881338957, 46.376159146090416, 77.29980370740475, 22.40744643661372, 84.07774949081228, 79.61448196540846, 92.19995717126713, 62.236273350370816, 70.02142674954914, 78.80172509114148, 105.08590492952065, 32.49124704174881, 101.18905311498366, 84.90764532492223, 24.771130816163495], [53.98209692817779, 40.05925317513605, 35.97374054028682, 37.27517411277735, 46.74100994170561, 50.77759988767312, 29.559969734278763, 50.417241119362, 68.86076844096934, 86.56833817559415, 91.71865263647135, 55.13293380234208, 86.40832975613088, 60.081174794883566, 63.69069496923569, 47.658354773894345, 27.407961326480926, 89.86729375979134, 17.149801928390556, 76.73816800009558, 94.66836867130897, 26.572750772754944, 85.89059429541716, 0.0, 54.1819881023732, 69.40846222513252, 73.84965767950172, 55.43889216334966, 45.405266645049046, 54.4260866343198, 56.9092276849545, 73.99713291173346, 88.07185614219465, 65.92236520782625, 55.445710090659425, 50.03626493143864, 1.8543544789866648, 89.451919833918, 58.73822899834674, 69.96456751776067, 46.01326247693199, 38.91779502218926, 81.89924837695474, 95.16263564898107, 42.983728442002196, 81.42469044646016, 39.20037486775201, 60.46850326298514, 91.76430509807508, 47.20387318286596, 71.61842603253038, 45.68568449132391, 63.52455441992703, 105.02316948537242, 84.65169091941407, 46.53892365700932, 24.23360283854821, 59.84862662562633, 28.586823673718705, 56.463449042865356, 55.83601345916947, 23.524194158988912, 91.3995201020989, 76.18300934545462], [1.6631664576405418, 30.85792900915689, 90.14784497975235, 85.3996254560176, 8.482841343669955, 6.589784199236908, 33.53541197460956, 75.68501511523368, 103.97043401744993, 93.44501268470496, 116.45176567839707, 25.669441187167557, 114.45918777972533, 98.63800361786353, 32.66420842924606, 91.0239746249391, 81.56391261026562, 115.31312072367912, 46.69677875756771, 66.92550877420312, 93.58205620477194, 69.2985910352767, 113.45606942397431, 54.1819881023732, 0.0, 54.09765082114866, 72.71127305571918, 4.607965307868974, 43.39538930022281, 6.012867867965497, 18.37310174886064, 109.34652360803237, 107.86106253161002, 30.001178940907312, 92.74649034457882, 50.16925399508114, 53.62798824463258, 113.16107772803339, 5.676229998792324, 108.39456690046445, 89.82015515485328, 58.24098561188984, 89.24610374071706, 93.38635557877922, 67.38188803418525, 110.09966549007173, 20.996759858469513, 31.372549221077023, 117.29769862443425, 28.125115456674916, 76.372725722442, 36.940157140395804, 94.79269564173576, 86.14612663289059, 65.13973404600138, 21.794710944431, 61.36628829065837, 50.29215332369396, 37.05265414198626, 12.858988993419022, 81.59550548156463, 32.818456925703785, 69.06454026395596, 93.30429615204382], [52.43610287980783, 32.74538241430255, 97.04907871937125, 77.16871932442217, 57.048431053979535, 58.98603375483979, 42.044758000051736, 46.94181667159978, 74.02962453350118, 43.03199896352768, 74.36092482555756, 28.43969895181414, 75.45608172229286, 73.92850215111923, 22.933645928258258, 74.46801514431378, 88.60473937282606, 73.97250292659695, 52.36525429320018, 12.979035590077817, 40.04081041958675, 62.35822444283902, 74.20946228008049, 69.40846222513252, 54.09765082114866, 0.0, 21.758657758761856, 49.91490816031582, 24.011762829056863, 60.008953762706916, 36.08605896325614, 78.36812034603803, 63.38477009034728, 27.62048781820239, 68.53585697383127, 20.77721625968626, 70.40213536323633, 70.78173382394549, 58.47800164567172, 80.97777948806224, 74.2373601122641, 38.097399352020496, 39.79190392819446, 39.705494590476384, 43.53660205325476, 72.47041040082553, 41.532460437050936, 23.106915461708972, 75.71652990163004, 29.044420553503425, 28.446882554661197, 24.905189184146842, 63.57757861449479, 36.33075683447512, 15.246329854490892, 34.75922065610034, 55.09556016513627, 9.813827591819194, 41.59455719517814, 41.72611048795356, 50.17336674023315, 64.79576503901579, 22.059205657887283, 49.829004904600005], [71.0903708097941, 45.748593120345305, 94.5477961217949, 70.49223409487807, 74.0638388801208, 76.70692100633606, 52.09441958158099, 35.65303189118183, 57.8058972832017, 21.430143470763984, 53.494473492827446, 47.534813118257006, 55.508673758994114, 60.09176253661123, 43.96175609896334, 64.35710765925288, 87.02086781127325, 53.32840809198429, 57.15130677114426, 11.770901880095252, 22.052998926782088, 58.83963076797076, 54.225322045145994, 73.84965767950172, 72.71127305571918, 21.758657758761856, 0.0, 68.94265401268122, 32.92065121272356, 78.33955164899467, 55.74140062389902, 61.371771995255976, 42.139469598575765, 48.92324494960849, 55.564504327610294, 25.980358434090054, 75.2562411067222, 49.92160708922391, 77.62894752768298, 65.30684490214632, 64.60802712386796, 35.77878203672286, 18.03330775140398, 22.229884450572097, 36.452837302450824, 53.1427814409256, 56.37689890153931, 43.45634662529823, 54.95894000476199, 45.132245500252935, 8.049246798214929, 37.64360177118597, 47.7872951736723, 36.43327870859632, 25.600427654114895, 51.50951229656089, 53.70439054460501, 22.42231887437517, 50.22003745276651, 61.204955214671976, 36.42702247386817, 75.95383420304387, 31.542188557828418, 29.456290685763832], [3.117111091981977, 28.5784710543794, 91.38093828104041, 85.22449187415265, 11.975040703736507, 11.022304020114422, 32.62871915030387, 73.61825539464452, 102.22390414063238, 89.85038141456252, 113.76042459578896, 21.58149914574516, 112.03028586388741, 97.2667031946546, 28.185674553800105, 90.22933467624779, 82.68128748830203, 112.68281664083264, 46.590718048465845, 62.8031053239449, 89.58467168256556, 68.88527129202853, 110.99929173289004, 55.43889216334966, 4.607965307868974, 49.91490816031582, 68.94265401268122, 0.0, 40.547526363578946, 10.557320520822957, 13.95949891181395, 107.56414578098517, 104.90515025013134, 25.409785719668804, 91.33942550732911, 47.10661635248558, 55.02967758072827, 110.4251322337779, 8.686317899567351, 106.9028293320385, 89.08900975474215, 56.31332136978523, 85.72425254752758, 89.35944562915004, 65.48747806047906, 107.7593525521372, 19.695773898564884, 27.026004986259583, 114.65708053347775, 24.950566034960925, 72.8806274202003, 33.96904860149803, 92.83903132402072, 81.60300118471218, 60.67070969331496, 18.84076880591305, 60.76339019462839, 46.52943461982556, 36.048003454154276, 8.357593721250653, 79.4338997522366, 35.14497955764984, 64.51115013095317, 90.33329355878118], [41.935868527706646, 13.345412171131224, 74.10072666531072, 56.98801740934579, 42.83028416751199, 46.063692847162564, 19.439147077243955, 34.576378901690575, 63.80170527539497, 51.665934641319964, 73.21991746298188, 22.649744235852978, 71.70912174651515, 60.627295801451005, 26.060571167630087, 57.230325505188695, 65.4435390090054, 72.16670578403796, 28.35573677396142, 32.33575999590916, 54.97126148762874, 40.90803429745622, 70.64298345124551, 45.405266645049046, 43.39538930022281, 24.011762829056863, 32.92065121272356, 40.547526363578946, 0.0, 48.34754867583972, 30.21461135663187, 68.92990712638485, 64.4663228913107, 30.652136147668568, 54.71600547305373, 7.213887641461382, 46.4256323128968, 69.87795333078476, 48.88311523018373, 69.45594548596871, 56.57843350064578, 19.138650122875003, 47.167455754683765, 55.11509652536693, 27.61214951282699, 67.58884412945183, 24.321565630665972, 23.33649897217016, 74.13494363917539, 15.767487944429304, 34.415429292167005, 6.657992264994813, 53.804068702408806, 59.82861876178469, 39.2491153184669, 21.71184096224385, 32.88212934178206, 14.493013231167593, 18.16565560777875, 34.454286043513754, 39.923632238741384, 43.25366666781506, 46.043884668498826, 49.91384579520915], [7.661287562819478, 35.43602351117081, 90.19459112755153, 87.2855041644887, 7.830003691989217, 3.6520532759269906, 36.734258657385205, 79.74911080170912, 107.62315756661067, 98.91922939931351, 121.07463581814935, 31.569256685578853, 118.81877330950255, 101.88665780714574, 38.677075853795586, 93.63200272567306, 81.80422958710616, 119.87618537286825, 48.7753117036858, 72.79695477872895, 99.3627736251275, 71.54945077873752, 117.84547706272677, 54.4260866343198, 6.012867867965497, 60.008953762706916, 78.33955164899467, 10.557320520822957, 48.34754867583972, 0.0, 24.383624149456185, 113.02842833597897, 112.75113542423168, 35.963081830522604, 96.05018270119534, 55.272560144790106, 53.678754332273414, 117.83172869033578, 5.1770761839278014, 111.75711941954283, 92.35754726715233, 62.23545894053569, 94.66338515161583, 99.18716455524431, 71.29782367548262, 114.37370531691447, 24.950539363101804, 37.363894727048695, 121.86895622134024, 33.45448258092611, 81.7786897701616, 42.038344600767545, 98.68768711737663, 92.14975106953608, 71.15184006786062, 27.052362630277294, 63.89115465385979, 55.945040629072736, 40.29079118120262, 18.86718988984438, 85.74019731957054, 31.87463124768492, 75.06310447704442, 98.2257961897425], [16.72272280385045, 21.165907316689147, 91.88216707957325, 81.54522405177406, 23.314389576183235, 24.062983204319004, 29.17317620242099, 64.6475421480783, 93.798044034377, 76.92135047459601, 102.78976998024217, 8.31079959890518, 101.72513210673574, 89.93457704864898, 14.313398266741403, 84.64194186324221, 82.97185554974925, 101.86775571860727, 44.38101577644621, 49.0281797394819, 75.94640630392712, 64.84539623679467, 100.62876581676227, 56.9092276849545, 18.37310174886064, 36.08605896325614, 55.74140062389902, 13.95949891181395, 30.21461135663187, 24.383624149456185, 0.0, 98.9960599016308, 93.33490217279702, 12.330093352775101, 83.9750500361255, 35.897710621727825, 56.955968838951364, 99.36035802431512, 22.407057227929865, 99.13979529252849, 83.70374407223795, 48.136328593765846, 72.95882749312429, 75.67976085667206, 57.163123204841156, 97.70642847386453, 17.7129948