instance_id,num_cities,city_coordinates,distance_matrix,best_route,total_distance
1910,28,"[[14.05737476516694, 14.054242197354084], [12.131509730171564, 2.912286392976937], [53.363615109421936, 37.50860150399671], [88.7526096356276, 11.466799199906019], [27.630717709918716, 27.574508735884752], [65.53370928038072, 75.24552535531016], [13.456592843698512, 95.91570048516289], [87.74923314150266, 74.59979252083878], [57.90657243608484, 13.920823538006832], [40.70461669241726, 26.881491936113676], [15.968780707112584, 57.35326605443053], [26.581780764293306, 63.15033137335426], [36.43400091953192, 8.954890297543173], [37.6573240302841, 45.17095716681846], [92.64653998384284, 66.48794401214666], [47.575141003344044, 43.22415976257143], [13.954333150532028, 67.48657858753266], [20.915194039766117, 78.47086645260222], [34.44266555053987, 4.9650056435691425], [23.83718751732665, 1.082259967441146], [3.4720726612983532, 11.373777889452985], [49.07573050334306, 7.576522303306065], [45.93028859450408, 20.369901985538373], [63.01037296809544, 32.66453802984765], [3.8343880865115865, 98.22947845392164], [40.78038513722002, 97.31670286353774], [7.842375592874928, 95.1086463432386], [16.28079514448467, 12.995955687538508]]","[[0.0, 11.307171851515806, 45.77212580256059, 74.74003594873584, 19.158111753739064, 79.9636551793335, 81.86366282987724, 95.37428193664965, 43.8494006449563, 29.573870869230415, 43.34119218077163, 50.668399599836526, 22.95031128003095, 39.05390576891116, 94.47512887406356, 44.43337421757052, 53.43243574541169, 64.7806388178203, 22.31981858203312, 16.245524320269958, 10.919409761342251, 35.612442960729304, 32.49261753894935, 52.371167105849835, 84.79374891748171, 87.44573539934716, 81.29232833518776, 2.4624314244305427], [11.307171851515806, 0.0, 53.82370791079506, 77.09716363191184, 29.128176374268254, 89.91046866512464, 93.01285329490955, 104.1975941600611, 47.08018963219876, 37.29537847837276, 54.57604708156571, 61.94701280947726, 25.04244676457188, 49.36965111539433, 102.58915312283017, 53.677724731911205, 64.60001468768932, 76.06741832530811, 22.405386190880673, 11.847864329694838, 12.107133793541388, 37.237488437917506, 38.04110664659605, 58.93941976170988, 95.67763233876929, 98.65572416862429, 92.29607499631788, 10.903988072788566], [45.77212580256059, 53.82370791079506, 0.0, 43.93809737370472, 27.583839611243643, 39.65080848973745, 70.73867144294334, 50.57793173406778, 24.021276623958137, 16.52833018455034, 42.33419836367973, 37.07782304266278, 33.195274667941455, 17.475676632570806, 48.815473764924825, 8.134742693158524, 49.51535736048254, 52.25712563501211, 37.644228823773204, 46.89017257474149, 56.322242615295686, 30.23764738982624, 18.681257031082914, 10.794669431041603, 78.35923191976117, 61.11748248060005, 73.41626803785056, 44.45228162282647], [74.74003594873584, 77.09716363191184, 43.93809737370472, 0.0, 63.208733408236384, 67.87373014438589, 113.14197750179872, 63.14096617925562, 30.943500874457744, 50.46010679757311, 86.04099949376877, 80.84800220458509, 52.37887459961023, 61.21028079783829, 55.15876240459267, 52.00109491991331, 93.45051015258912, 95.3491477839706, 54.697745346353905, 65.74078402230839, 85.28058770666475, 39.867141758723264, 43.738043149649315, 33.34676716189521, 121.40373496066728, 98.34398955899879, 116.37192344548417, 72.48794530956374], [19.158111753739064, 29.128176374268254, 27.583839611243643, 63.208733408236384, 0.0, 60.90289480410638, 69.79558944113019, 76.32570479696246, 33.21220406541346, 13.092253697868118, 31.98085618138236, 35.59128299244895, 20.595824481143925, 20.25260061538025, 75.77144970867532, 25.35136283840382, 42.19024548943811, 51.33748617718291, 23.613391612912626, 26.76247589688236, 29.087863629764133, 29.322483439636127, 19.666739765072933, 35.743928217262756, 74.55461118805835, 70.97103208484336, 70.3735619825384, 18.47579365615438], [79.9636551793335, 89.91046866512464, 39.65080848973745, 67.87373014438589, 60.90289480410638, 0.0, 56.029297659872, 22.224906553630156, 61.79718658177557, 54.36509511915542, 52.695493994867206, 40.78659648197587, 72.39641788823877, 41.006981190232004, 28.492118554728847, 36.713458417654145, 52.15969034503186, 44.73493855445471, 76.85053318724141, 85.08107815565299, 89.05754804721079, 69.64164730588703, 58.272018523546095, 42.655687871092844, 65.8412358315319, 33.16419654893019, 61.015027313148224, 79.37794703002028], [81.86366282987724, 93.01285329490955, 70.73867144294334, 113.14197750179872, 69.79558944113019, 56.029297659872, 0.0, 77.29013090144464, 93.26821822755501, 74.21709205872973, 38.6441772727227, 35.296458334852666, 89.9452266124812, 56.22014198141123, 84.48100720927752, 62.77319326147559, 28.433478810785097, 18.97242647173966, 93.34047428541136, 95.39988567187292, 85.12947385865698, 95.2498470836702, 82.2296089414376, 80.35102162739287, 9.896483864380526, 27.359686273123042, 5.671928395831727, 82.96782626981931], [95.37428193664965, 104.1975941600611, 50.57793173406778, 63.14096617925562, 76.32570479696246, 22.224906553630156, 77.29013090144464, 0.0, 67.62042350354048, 67.00919449997689, 73.82327564421844, 62.22979504132993, 83.32170333052981, 58.09695094151341, 9.475531675637129, 50.974385823734224, 74.13693463543214, 66.94605287869948, 87.69603007988815, 97.41446077768246, 105.3573381629126, 77.38060840388982, 68.4814219368699, 48.68856921191652, 87.17834179370065, 52.174042380935255, 82.4967815639207, 94.35449296306714], [43.8494006449563, 47.08018963219876, 24.021276623958137, 30.943500874457744, 33.21220406541346, 61.79718658177557, 93.26821822755501, 67.62042350354048, 0.0, 21.53801770666891, 60.375122675197126, 58.35055282507335, 22.039324410748662, 37.237117407479424, 63.00926519300165, 31.071272734461722, 69.28989430097505, 74.39805182890035, 25.114967658586686, 36.40812688532554, 54.49405662333322, 10.873542541310828, 13.602278760432915, 19.42615795318763, 100.15862625887519, 85.13623775968911, 95.38284110577428, 41.63605067331346], [29.573870869230415, 37.29537847837276, 16.52833018455034, 50.46010679757311, 13.092253697868118, 54.36509511915542, 74.21709205872973, 67.00919449997689, 21.53801770666891, 0.0, 39.24781012756786, 38.92150059770366, 18.428271904538843, 18.541589225140594, 65.31947979939397, 17.728138537166654, 48.62458978274778, 55.25472660259735, 22.793516699152676, 30.82386311204474, 40.333007946125285, 21.04180122896081, 8.3491586709496, 23.043228618234213, 80.31157411978084, 70.43525168016329, 75.72893428920095, 28.095038279307456], [43.34119218077163, 54.57604708156571, 42.33419836367973, 86.04099949376877, 31.98085618138236, 52.695493994867206, 38.6441772727227, 73.82327564421844, 60.375122675197126, 39.24781012756786, 0.0, 12.093044965003081, 52.54738827237448, 24.875722327487892, 77.21995279130503, 34.62071137024554, 10.331603063016804, 21.689168989021088, 55.5501057612354, 56.81846488398837, 47.64746629040864, 59.78122065728696, 47.59686095467269, 53.12668532781229, 42.639280298795, 47.03926015565755, 38.620036261417795, 44.35840772608858], [50.668399599836526, 61.94701280947726, 37.07782304266278, 80.84800220458509, 35.59128299244895, 40.78659648197587, 35.296458334852666, 62.22979504132993, 58.35055282507335, 38.92150059770366, 12.093044965003081, 0.0, 55.0836824784709, 21.116949483660726, 66.1490141186071, 28.944317044783144, 13.351234891977422, 16.334901292051175, 58.71393054381419, 62.12872347103894, 56.699824508343234, 59.953532251378384, 46.95242159741741, 47.501851813733595, 41.80897551408401, 36.99920684209482, 37.04725633421341, 51.20128616717993], [22.95031128003095, 25.04244676457188, 33.195274667941455, 52.37887459961023, 20.595824481143925, 72.39641788823877, 89.9452266124812, 83.32170333052981, 22.039324410748662, 18.428271904538843, 52.54738827237448, 55.0836824784709, 0.0, 36.23672196699254, 80.43569989615389, 36.03481416677271, 62.70003187464186, 71.22713182321891, 4.459214740715697, 14.854562134388901, 33.05056325818414, 12.71665149313069, 14.84863533941403, 35.61531899132225, 95.0404484803908, 88.46864402552875, 90.77417429864695, 20.554364804041402], [39.05390576891116, 49.36965111539433, 17.475676632570806, 61.21028079783829, 20.25260061538025, 41.006981190232004, 56.22014198141123, 58.09695094151341, 37.237117407479424, 18.541589225140594, 24.875722327487892, 21.116949483660726, 36.23672196699254, 0.0, 58.97650209491077, 10.107082350723122, 32.55485733401774, 37.27174365468873, 40.33426046218358, 46.20399759734173, 48.071620924066245, 39.29022192722855, 26.144488535554476, 28.2699064390501, 62.92215569281237, 52.239183616750495, 58.161017448168124, 38.62883259169354], [94.47512887406356, 102.58915312283017, 48.815473764924825, 55.15876240459267, 75.77144970867532, 28.492118554728847, 84.48100720927752, 9.475531675637129, 63.00926519300165, 65.31947979939397, 77.21995279130503, 66.1490141186071, 80.43569989615389, 58.97650209491077, 0.0, 50.72114611944502, 78.69854310793642, 72.7253492336942, 84.69216578026263, 94.93487500501121, 104.83156456744996, 73.27326283538126, 65.64512125238176, 44.97027004175864, 94.31396149750591, 60.33664219105236, 89.50358037517428, 93.23690149179119], [44.43337421757052, 53.677724731911205, 8.134742693158524, 52.00109491991331, 25.35136283840382, 36.713458417654145, 62.77319326147559, 50.974385823734224, 31.071272734461722, 17.728138537166654, 34.62071137024554, 28.944317044783144, 36.03481416677271, 10.107082350723122, 50.72114611944502, 0.0, 41.46111054848313, 44.19369982920472, 40.45027546778976, 48.36765607352839, 54.40153915696342, 35.67920718394296, 22.913372470807143, 18.70165759883053, 70.27687066217725, 54.517629501016685, 65.35053630156987, 43.50954383047179], [53.43243574541169, 64.60001468768932, 49.51535736048254, 93.45051015258912, 42.19024548943811, 52.15969034503186, 28.433478810785097, 74.13693463543214, 69.28989430097505, 48.62458978274778, 10.331603063016804, 13.351234891977422, 62.70003187464186, 32.55485733401774, 78.69854310793642, 41.46111054848313, 0.0, 13.004159496944936, 65.79299999179672, 67.13571584360969, 57.08348436410098, 69.44585945895724, 56.94245288509972, 60.15870303774364, 32.3657099457684, 40.118242477885225, 28.29018650146039, 54.540264112292974], [64.7806388178203, 76.06741832530811, 52.25712563501211, 95.3491477839706, 51.33748617718291, 44.73493855445471, 18.97242647173966, 66.94605287869948, 74.39805182890035, 55.25472660259735, 21.689168989021088, 16.334901292051175, 71.22713182321891, 37.27174365468873, 72.7253492336942, 44.19369982920472, 13.004159496944936, 0.0, 74.74024390348042, 77.44375029399093, 69.3273523010583, 76.28252648067767, 63.257229053962654, 62.211122900823085, 26.11812934020006, 27.38231851699386, 21.159260427402533, 65.63872022528808], [22.31981858203312, 22.405386190880673, 37.644228823773204, 54.697745346353905, 23.613391612912626, 76.85053318724141, 93.34047428541136, 87.69603007988815, 25.114967658586686, 22.793516699152676, 55.5501057612354, 58.71393054381419, 4.459214740715697, 40.33426046218358, 84.69216578026263, 40.45027546778976, 65.79299999179672, 74.74024390348042, 0.0, 11.293886766674209, 31.62672897425133, 14.864272911146394, 19.216563545728835, 39.79168256700829, 98.15869058778199, 92.56890767945869, 93.98644255648234, 19.858239983822212], [16.245524320269958, 11.847864329694838, 46.89017257474149, 65.74078402230839, 26.76247589688236, 85.08107815565299, 95.39988567187292, 97.41446077768246, 36.40812688532554, 30.82386311204474, 56.81846488398837, 62.12872347103894, 14.854562134388901, 46.20399759734173, 94.93487500501121, 48.36765607352839, 67.13571584360969, 77.44375029399093, 11.293886766674209, 0.0, 22.81782733387023, 26.060688696656342, 29.327772670706654, 50.31877130824526, 99.18515032367192, 97.71458409627928, 95.37712169796976, 14.107983959567385], [10.919409761342251, 12.107133793541388, 56.322242615295686, 85.28058770666475, 29.087863629764133, 89.05754804721079, 85.12947385865698, 105.3573381629126, 54.49405662333322, 40.333007946125285, 47.64746629040864, 56.699824508343234, 33.05056325818414, 48.071620924066245, 104.83156456744996, 54.40153915696342, 57.08348436410098, 69.3273523010583, 31.62672897425133, 22.81782733387023, 0.0, 45.76147679610886, 43.40081046458571, 63.23057544240896, 86.85645625405165, 93.6914965880158, 83.84883864840663, 12.911035297755337], [35.612442960729304, 37.237488437917506, 30.23764738982624, 39.867141758723264, 29.322483439636127, 69.64164730588703, 95.2498470836702, 77.38060840388982, 10.873542541310828, 21.04180122896081, 59.78122065728696, 59.953532251378384, 12.71665149313069, 39.29022192722855, 73.27326283538126, 35.67920718394296, 69.44585945895724, 76.28252648067767, 14.864272911146394, 26.060688696656342, 45.76147679610886, 0.0, 13.174383040417302, 28.69813223392209, 101.31504094912277, 90.1227649471888, 96.75775057386753, 33.23970582598217], [32.49261753894935, 38.04110664659605, 18.681257031082914, 43.738043149649315, 19.666739765072933, 58.272018523546095, 82.2296089414376, 68.4814219368699, 13.602278760432915, 8.3491586709496, 47.59686095467269, 46.95242159741741, 14.84863533941403, 26.144488535554476, 65.64512125238176, 22.913372470807143, 56.94245288509972, 63.257229053962654, 19.216563545728835, 29.327772670706654, 43.40081046458571, 13.174383040417302, 0.0, 21.044889110447425, 88.51089473852822, 77.11894495503573, 83.88425969742678, 30.55270112197168], [52.371167105849835, 58.93941976170988, 10.794669431041603, 33.34676716189521, 35.743928217262756, 42.655687871092844, 80.35102162739287, 48.68856921191652, 19.42615795318763, 23.043228618234213, 53.12668532781229, 47.501851813733595, 35.61531899132225, 28.2699064390501, 44.97027004175864, 18.70165759883053, 60.15870303774364, 62.211122900823085, 39.79168256700829, 50.31877130824526, 63.23057544240896, 28.69813223392209, 21.044889110447425, 0.0, 88.3207710536871, 68.3672054178281, 83.32331364898324, 50.70016346057565], [84.79374891748171, 95.67763233876929, 78.35923191976117, 121.40373496066728, 74.55461118805835, 65.8412358315319, 9.896483864380526, 87.17834179370065, 100.15862625887519, 80.31157411978084, 42.639280298795, 41.80897551408401, 95.0404484803908, 62.92215569281237, 94.31396149750591, 70.27687066217725, 32.3657099457684, 26.11812934020006, 98.15869058778199, 99.18515032367192, 86.85645625405165, 101.31504094912277, 88.51089473852822, 88.3207710536871, 0.0, 36.95727069670266, 5.079720161016255, 86.13748575283768], [87.44573539934716, 98.65572416862429, 61.11748248060005, 98.34398955899879, 70.97103208484336, 33.16419654893019, 27.359686273123042, 52.174042380935255, 85.13623775968911, 70.43525168016329, 47.03926015565755, 36.99920684209482, 88.46864402552875, 52.239183616750495, 60.33664219105236, 54.517629501016685, 40.118242477885225, 27.38231851699386, 92.56890767945869, 97.71458409627928, 93.6914965880158, 90.1227649471888, 77.11894495503573, 68.3672054178281, 36.95727069670266, 0.0, 33.01193702799343, 87.80784881849071], [81.29232833518776, 92.29607499631788, 73.41626803785056, 116.37192344548417, 70.3735619825384, 61.015027313148224, 5.671928395831727, 82.4967815639207, 95.38284110577428, 75.72893428920095, 38.620036261417795, 37.04725633421341, 90.77417429864695, 58.161017448168124, 89.50358037517428, 65.35053630156987, 28.29018650146039, 21.159260427402533, 93.98644255648234, 95.37712169796976, 83.84883864840663, 96.75775057386753, 83.88425969742678, 83.32331364898324, 5.079720161016255, 33.01193702799343, 0.0, 82.5451445649451], [2.4624314244305427, 10.903988072788566, 44.45228162282647, 72.48794530956374, 18.47579365615438, 79.37794703002028, 82.96782626981931, 94.35449296306714, 41.63605067331346, 28.095038279307456, 44.35840772608858, 51.20128616717993, 20.554364804041402, 38.62883259169354, 93.23690149179119, 43.50954383047179, 54.540264112292974, 65.63872022528808, 19.858239983822212, 14.107983959567385, 12.911035297755337, 33.23970582598217, 30.55270112197168, 50.70016346057565, 86.13748575283768, 87.80784881849071, 82.5451445649451, 0.0]]",Route_0,1443.474929786564
