instance_id,num_cities,city_coordinates,distance_matrix,best_route,total_distance
2020,100,"[[7.020974400241798, 21.074465195138316], [51.8815928369606, 88.3347279636924], [59.890613735310396, 88.25767687444137], [5.751281384428597, 35.98359477157297], [21.135306116475295, 83.77301410582967], [22.11387063190452, 45.45366607439898], [57.91486529642002, 23.75051529153216], [22.48375406869242, 77.06550876558961], [66.20511826207596, 39.928158396223736], [84.88953607826755, 59.935989300302026], [75.7484275472824, 71.800673999941], [80.34520507181627, 51.12168040385191], [38.97607143670114, 80.22775682651596], [35.44862118505565, 13.418593605998907], [65.70598652890689, 5.105734887170632], [38.738610546148635, 70.97870912646609], [61.28753790235595, 77.02327153193065], [13.986207286939468, 80.69738997799482], [41.58159658322723, 22.127731410630346], [1.242393426751609, 86.14080511402597], [28.21146718615869, 28.605046544058975], [3.7466134794032158, 32.555325726653216], [21.32850318686489, 46.33213805092714], [94.28887566510394, 5.939558415858981], [64.75732905788848, 18.618467012993566], [26.179503414314198, 39.35664792240623], [4.135241075604334, 90.70535888082908], [90.32251788948071, 63.09237541142386], [47.8986989336811, 50.52834042171346], [67.0514598968134, 58.41555116489212], [89.08477694692071, 43.55101907701394], [44.601416770422055, 86.63738944641969], [0.30076639313222353, 42.41771657462038], [73.88110663957596, 48.12336037073898], [35.949693178089014, 56.81123617806052], [93.3632491910984, 91.30666404168076], [93.98755800516227, 78.1760214910991], [91.91993812512423, 4.833556100756531], [59.60789659395165, 15.482464928198713], [99.07193935007157, 85.95114723758816], [11.127295777203528, 9.09357759230799], [65.64515615473144, 98.83275186893711], [35.11206962746461, 78.61656136049231], [95.83094475684744, 17.42654724932993], [83.06949366816728, 61.0899782801145], [30.29176398145168, 70.04168772880554], [56.513498961685784, 4.604163394892602], [25.078515129667956, 91.20476440975276], [11.941326622011395, 68.46559147186582], [17.25558224771636, 14.220241606408612], [87.9706044778267, 25.261660359269598], [45.9276936270255, 13.880300672815105], [5.6556283605242115, 21.763452015847783], [3.207223108792834, 12.233082365164606], [0.4463618386592816, 73.94651690932427], [85.70079637524867, 6.886885782253815], [49.654787233364026, 33.45037842373802], [94.36163187490467, 32.92164938752907], [13.646043116439655, 76.55396920259165], [30.80254526365678, 13.144868178007252], [24.93186532604139, 4.722425242629069], [52.652816649913625, 5.155000060029136], [70.05083310819494, 47.60335141267424], [43.19176738584196, 82.38940847871632], [3.571614590762573, 86.38319693757374], [58.79746031821039, 49.62176210307416], [95.4190201960636, 46.280366746103915], [71.43680538584945, 82.71587093347665], [89.87533395307956, 30.09649567096281], [88.59730319461057, 93.17736323720489], [99.24063157246889, 20.285528224860304], [89.7413118584841, 83.58969005788568], [64.38226651048589, 45.33898451021848], [31.833156371794235, 98.89294692016733], [57.1568163569816, 41.580470819186075], [77.77682695033373, 22.97985970217199], [25.290938505927496, 89.2585866298451], [24.284803164894598, 3.7567410491059494], [15.829622114965137, 1.8259222104754946], [54.54901633843239, 34.937392401727585], [87.64143100701402, 30.73821741087165], [38.620539175876544, 24.516008417829283], [3.0657796284448535, 19.475107763485777], [20.01247101314778, 96.71658834023901], [11.693152872603497, 11.26312200357984], [43.929855554686704, 15.59904287792493], [55.036173666145025, 94.76167713813683], [9.135013834744022, 88.50799078790608], [83.7562598163966, 65.15065926022167], [86.49938880873675, 94.08989491324546], [84.12772519923033, 37.1309112901517], [8.466887195380945, 19.337241562051155], [23.074976949317637, 9.92836348913253], [81.9767149887111, 36.17408704522581], [81.58388200537415, 18.596653335468684], [36.3265695777074, 32.14041766602603], [2.20979839355947, 79.50461855010809], [73.42179676608538, 66.34142332711438], [95.88331954851566, 51.884856466146786], [86.68318741267599, 24.61577028017289]]","[[0.0, 80.84811707281635, 85.49141883818677, 14.963096774442224, 64.26758432757708, 28.67300040405752, 50.964196988380984, 58.08695649785092, 62.11460884509325, 87.02718514108521, 85.42020297205516, 79.241895139989, 67.23273114663976, 29.440507324289257, 60.8188375110062, 59.13071963913174, 77.94311287625662, 60.02839019020998, 34.5766680782831, 65.32243556778494, 22.48881143952938, 11.938659806863225, 29.028527659357785, 88.57060457279945, 57.78856786791189, 26.48183224885067, 69.69066517324177, 93.29872414258082, 50.38371888710085, 70.69664695269952, 85.08621018017645, 75.56974715531142, 22.376227901650058, 72.12433717741803, 45.97812056199775, 111.29937183506505, 104.03737018654596, 86.43842415136267, 52.88340810493161, 112.61600250866626, 12.665052033155897, 97.38144501304194, 64.03282331873042, 88.88485889104243, 85.93380342041155, 54.21548238644229, 52.161104559396684, 72.41777161116072, 47.64586777216893, 12.317774912535407, 81.05785102653759, 39.5662584049343, 1.5293373229225249, 9.628849840930254, 53.27925846708522, 79.94874480325304, 44.39375209341431, 88.14049138389699, 55.873669115312026, 25.068737933644012, 24.25261273274178, 48.329022308411034, 68.38526809691912, 71.18882310500385, 65.39975936424112, 59.12489031502252, 91.92144457914692, 89.15751332874208, 83.34411755377596, 108.8738964381803, 92.22303177897682, 103.68610113629188, 62.282298690307265, 81.67839660631266, 54.167323317334684, 70.78150322165943, 70.58941850055066, 24.4528802641596, 21.168341493714454, 49.508539881656745, 81.19757465818505, 31.78642341886212, 4.266322758187909, 76.74965653435673, 10.867000823600824, 37.312809564877, 87.95035283884185, 67.46665499786613, 88.49302182184553, 107.92623098120448, 78.76078008742289, 2.2602233877437112, 19.543965336808157, 76.4615042173612, 74.6040665255147, 31.325280729682877, 58.62789639457108, 80.36271964899139, 94.05209511501371, 79.7408867755039], [80.84811707281635, 0.0, 8.009391526237094, 69.77568904143214, 31.082847044942774, 52.200601088788254, 64.86540605787414, 31.483777180954323, 50.48127730054094, 43.54322765589254, 29.034475017917323, 46.85070042322927, 15.240586065882336, 76.697260344893, 84.36930217491214, 21.770837681971532, 14.711249069364555, 38.657330190955115, 67.0034052523011, 50.686702539987735, 64.24881081246292, 73.67711959403603, 51.93947291363973, 92.6679103124828, 70.89528633256833, 55.31229271346783, 47.80516705822136, 45.98783623162201, 38.01560709523237, 33.54522331020433, 58.22076510632913, 7.475421165527609, 69.05761067060251, 45.83593231567444, 35.320758218067084, 41.58798165256917, 43.31410416875918, 92.60407548211779, 73.26082172033054, 47.250505405819105, 89.10708524587301, 17.310233421805044, 19.38194187385202, 83.42371141587233, 41.41209417039907, 28.297632958347506, 83.8585833254904, 26.956299519497897, 44.60949955168571, 81.80414229933874, 72.66793390654958, 74.69210573423807, 81.04674313691349, 90.3363422507149, 53.40977069033023, 88.19007610823728, 54.92950470940094, 69.82236743303183, 40.00929316318499, 78.08867562706259, 87.84819280572327, 83.18330313408528, 44.600070939121565, 10.529002333998482, 48.349379225529155, 39.325855982338155, 60.531618832380325, 20.346446671549927, 69.53571790512126, 37.033694164356774, 82.90700896213083, 38.15591316056072, 44.776118605892066, 22.65868028440048, 47.05091438347191, 70.29809353934921, 26.606698641272935, 88.9663906805722, 93.72042501924237, 53.46391861109019, 67.79471995524138, 65.18193391328369, 84.40752877158177, 32.95294386231593, 86.92032646072835, 73.16905090748574, 7.1594033200225455, 42.746930140057984, 39.414406461308005, 35.09293012218771, 60.5115186907632, 81.51987362410271, 83.53070758119871, 60.22000363960463, 75.79990128420852, 58.30745456994603, 50.45055000179251, 30.78450639762812, 57.13794786117162, 72.60341970793534], [85.49141883818677, 8.009391526237094, 0.0, 75.25720541646935, 39.01392147399067, 57.08997863084964, 64.53741145550647, 39.04532977316044, 48.740284403713964, 37.776502026476216, 22.85395376092469, 42.39661001314956, 22.403073350243496, 78.72927907892701, 83.35504793941962, 27.312450738626136, 11.320921363931005, 46.52281665305552, 68.61770759885451, 58.686411471577394, 67.54261344822162, 79.08793010394697, 56.963033412841796, 89.2161030888028, 69.8090572071976, 59.394861660266166, 55.80907388254254, 39.4891527912813, 39.58925169503307, 30.68925193961646, 53.394610374479, 15.374813012864772, 75.18145959312884, 42.50290875838574, 39.52273155537435, 33.61121311559681, 35.55617223225609, 89.36140972327081, 72.77576109394225, 39.249157390899775, 92.97750154437846, 12.039392409757445, 26.588105544731246, 79.42767979682523, 35.71196328758734, 34.755059592891286, 83.72165324255894, 34.93662167797224, 51.87350748943458, 85.43586911254708, 68.97089224360953, 75.676662377437, 85.80743311711683, 94.83008880739453, 61.142688713366866, 85.36610082975209, 55.7549289986313, 65.19453220640939, 47.70258991912113, 80.54843113108235, 90.55524477098369, 83.41726799871851, 41.90470422824179, 17.69994472780694, 56.350184912538644, 38.65137636118109, 54.994201796654096, 12.807269604341503, 65.4355136414605, 29.125201005669595, 78.54067032961609, 30.213478438610533, 43.153089100405616, 30.0054975404682, 46.75719424035749, 67.68389792224959, 34.614149510239805, 91.69613896851813, 97.01453085419793, 53.58717569532338, 63.863887105536605, 67.19684791265533, 89.21941260048831, 40.76541978387287, 90.83587789730593, 74.391013542901, 8.11588613863384, 50.75621713959431, 33.21902054383188, 27.24044195971034, 56.580771744695966, 85.9908486695114, 86.5498263855686, 56.572928137700586, 72.96064753505317, 60.863872355658906, 58.3411731842817, 25.756845376774223, 51.17086022542509, 69.05167832291013], [14.963096774442224, 69.77568904143214, 75.25720541646935, 0.0, 50.20454976654659, 18.90546421969647, 53.57879916635278, 44.35875674025835, 60.582389977765935, 82.68361723852442, 78.6286438608419, 76.11448671370007, 55.330213716934495, 37.29760406294574, 67.43892718602599, 48.09180713942565, 69.05454986182787, 45.465783688194335, 38.41609606300948, 50.35946604117203, 23.641127726781306, 3.9713627451787676, 18.701395324599794, 93.49625512047496, 61.50822159772144, 20.704824144644398, 54.74562131813663, 88.80979693577176, 44.586482616352676, 65.27560457998084, 83.67638492001475, 63.836822715980716, 8.432439566744405, 69.2029406752315, 36.6842571332271, 103.61707820828617, 97.80511941802033, 91.62620975293692, 57.62665465460858, 105.85604140805808, 27.42215444950467, 86.81758337370303, 51.76510143353643, 91.97124423444039, 81.29229018567041, 41.97843472520489, 59.67806503971615, 58.50572228809545, 33.06655061661493, 24.616914496839623, 82.91548086743707, 45.85520374726596, 14.220464461267976, 23.886378379251813, 38.33178353043403, 85.07962988445877, 43.97652795403982, 88.66323772330831, 41.331374817180716, 33.89945802461108, 36.676361878717266, 56.12625287820455, 65.3410368472656, 59.626248731947946, 50.4467129337736, 54.77131281644454, 90.25700469596296, 80.61323525708211, 84.32979400184466, 100.67070319151179, 94.79814287150909, 96.54359392234296, 59.37268508341109, 68.10176789638007, 51.709322634383014, 73.19000163834843, 56.74524612621487, 37.176088154031135, 35.613474229172624, 48.8089487290996, 82.05797090390175, 34.81226284718117, 16.72549141214019, 62.38491834921257, 25.424547403151067, 43.27971212449003, 76.7063463731063, 52.633276756971036, 83.27961521919266, 99.48165141754401, 78.38484088297032, 16.866404183957982, 31.28874406566072, 76.22567163014834, 77.8003152271143, 30.815876725588296, 43.66487847809078, 74.16802819697105, 91.52395548211281, 81.72637791455304], [64.26758432757708, 31.082847044942774, 39.01392147399067, 50.20454976654659, 0.0, 38.33184083845659, 70.3948601631071, 6.841705910749709, 62.878130848776806, 68.06471618687931, 55.91001663411623, 67.61598721322936, 18.18960572381656, 71.79565078832739, 90.41618423763292, 21.76167656107233, 40.715608090767724, 7.782613818646693, 64.9476071339186, 20.03333246216078, 55.619930783674, 54.0889844102567, 37.44137450557312, 106.81522158544952, 78.40915694211856, 44.70187368913619, 18.35918340976266, 72.21190407219058, 42.678888498312986, 52.452779762188754, 78.96163290000804, 23.640283317148587, 46.30700464701216, 63.66331191710491, 30.763672294406724, 72.6197744567342, 73.06693459823016, 106.027836716282, 78.38200893719194, 77.9670639675996, 75.34705375081421, 46.98853532428538, 14.897614680109681, 99.90641669199069, 65.95728695116891, 16.50424323334598, 86.71403261227992, 8.413073748730879, 17.856271913235737, 69.66089591481035, 88.82868694462366, 74.15965122290409, 63.912488717146715, 73.75213890992838, 22.90398355054213, 100.40009592099568, 57.84227230295415, 89.151310017258, 10.40209928806055, 71.2866783482761, 79.14170494404651, 84.70032823272344, 60.83562509101302, 22.09981557068863, 17.756585100337407, 50.84039606917893, 83.20918689362837, 50.31260657562577, 87.21444867833387, 68.11433646711338, 100.65337911899911, 68.60625067425781, 57.857360934261756, 18.52178091856483, 55.47756221214297, 83.09073055834436, 6.8819173543785865, 80.07823228285058, 82.11867115844912, 59.17257792274295, 85.06323711469877, 61.78289486782963, 66.78868577469137, 12.992185059909279, 73.12208086864509, 71.8838078921411, 35.63733345605201, 12.900659635335957, 65.33127843754038, 66.17326753149808, 78.38067757404063, 65.66930501591975, 73.87012080429983, 77.2485267877599, 88.89312870106562, 53.82099498025087, 19.40087738197039, 55.11567346525265, 81.26573761241421, 88.29555050776355], [28.67300040405752, 52.200601088788254, 57.08997863084964, 18.90546421969647, 38.33184083845659, 0.0, 41.865713571758455, 31.6140065807767, 44.43612666161028, 64.42454391187592, 59.75642661787503, 58.50653550751177, 38.64674893982353, 34.69958847551955, 59.39888988413, 30.46161190787744, 50.3111935473633, 36.16875704308874, 30.382422247974354, 45.728129679171836, 17.918054130306867, 22.44378129978094, 1.1783526794951367, 82.28363175986492, 50.384446560361035, 7.328233093122335, 48.69236924375511, 70.45242102145606, 26.279453766838277, 46.76962041796793, 66.9979280146135, 46.92322241827686, 22.023362729082763, 51.83602985867904, 17.90040178848211, 84.72881072963827, 78.97201707342693, 80.76435100425654, 48.00078000396098, 86.96315496457672, 37.98369204623787, 68.87887643922876, 35.61924761817086, 78.86524207264483, 62.9291843196269, 25.912328118371256, 53.40427228593317, 45.84705133254842, 25.160074764034224, 31.60901406278907, 68.88270093174664, 39.5471309758987, 28.84614325700104, 38.22392578667756, 35.79557914054, 74.36863362730392, 30.042985898093715, 73.32660122265003, 32.23248295581857, 33.45671066268084, 40.82860607211351, 50.562928182895035, 47.98513851711664, 42.52677742937657, 44.93374851684244, 36.91962590245877, 73.30981098478108, 61.816048108090676, 69.4799150418819, 81.8388543187592, 81.12935606792615, 77.63908250439046, 42.26855145388398, 54.31593921314928, 35.25634250139544, 60.02863215969283, 43.91998207132028, 41.7534011144925, 44.07801962519151, 34.09737070453109, 67.15955328977799, 26.66187567603351, 32.2135881700502, 51.30597508664336, 35.74331633295431, 36.976150750916545, 59.28876784130411, 44.9680508839032, 64.71287109172897, 80.69062960817591, 62.56985220932, 29.467062734957334, 35.53830115703494, 60.577807169341476, 65.25320977560929, 19.474172498647313, 39.4415955074368, 55.396766035924195, 74.04925255068689, 67.8484677105286], [50.964196988380984, 64.86540605787414, 64.53741145550647, 53.57879916635278, 70.3948601631071, 41.865713571758455, 0.0, 64.01446845807901, 18.178130560025746, 45.13337338409814, 51.252840842812425, 35.387862637429706, 59.56808477919888, 24.728136407489473, 20.207162254660386, 50.97284609630305, 53.37941061828752, 71.9213009550688, 16.413686191147836, 84.28711249030383, 30.097480508813955, 54.87917812531599, 42.994087719814644, 40.50060265142008, 8.553199977801299, 35.365019008628394, 85.87897915904311, 50.97095157327984, 28.589779770201652, 35.848878266875666, 36.92727098580258, 64.28068802235286, 60.56276740854201, 29.13685706940469, 39.692317288422934, 76.29168470217903, 65.29452415278364, 38.9126756097669, 8.439609693880398, 74.58433722402097, 49.02960824067896, 75.47913384651085, 59.41591118178185, 38.43984460749343, 45.022114841446786, 53.90647801400482, 19.197568037490573, 75.02200754696266, 64.13270847282521, 41.761266917419526, 30.093703945451644, 15.527827319076886, 52.2970005409839, 55.90686339746509, 76.30378410071185, 32.502922424662366, 12.740338864853847, 37.582928233884374, 68.90524916245572, 29.112843355735524, 38.07816300657322, 19.32569126016611, 26.762651321393726, 60.45898945816462, 82.9219012531209, 25.886297254652145, 43.75106674472668, 60.49591746360339, 32.58439847119225, 75.90454012144387, 41.47077397004813, 67.77646743144791, 22.53639903955083, 79.54018211880718, 17.846062655742866, 19.876906972136048, 73.18215636134885, 39.12457140247502, 47.45371930009399, 11.6822582871036, 30.536808769989126, 19.309505435725026, 55.01546426363913, 82.22310690161162, 47.87882298592971, 16.187248067110584, 71.0694869286876, 81.07406824186538, 48.80317193959112, 75.92564329654168, 29.430409806257103, 49.64453165548212, 37.481591488184435, 27.07984020878969, 24.22363814605288, 23.161281784308123, 78.81354267396001, 45.32604517162644, 47.25616014471653, 28.781331164142326], [58.08695649785092, 31.483777180954323, 39.04532977316044, 44.35875674025835, 6.841705910749709, 31.6140065807767, 64.01446845807901, 0.0, 57.36497606891787, 64.71400208098922, 53.52423680810769, 63.41158996784584, 16.792746796339024, 64.9539651497666, 83.94266159395954, 17.357116377714778, 38.803806820898316, 9.241150493802266, 58.16259080726243, 23.098839921799847, 48.79777757521743, 48.29323794924513, 30.755075680037532, 101.06867121233856, 72.13259895495857, 37.8895335061839, 22.862927201557557, 69.26287845928722, 36.74426113288492, 48.312537930538724, 74.5581468889345, 24.100039484522227, 41.140666571199894, 58.98589496655335, 24.322151922638533, 72.29601187067591, 71.51242700327434, 100.19400502072648, 71.9073935455442, 77.10191110309734, 68.9140955998964, 48.33962662612282, 12.723211780210297, 94.53367713456659, 62.656599150510246, 10.502336918729913, 80.05416985025603, 14.37537252159241, 13.605195843038162, 63.06236107931959, 83.49949871833552, 67.39427886506385, 57.8057375664525, 67.63747599381938, 22.257016118513604, 94.45334065995819, 51.38623004241882, 84.35110929154851, 8.852502900314725, 64.45968181795733, 72.38449407392721, 77.98264934792951, 55.95217354346679, 21.381434088916336, 21.082891938797335, 45.51751852257116, 79.16614184252231, 49.27806637732957, 82.14446561027077, 68.0484623818915, 95.4755698298541, 67.57324930312227, 52.55528219086808, 23.745491778802155, 49.612590806218535, 77.3471482558062, 12.512051481210102, 73.33088845743168, 75.53325662939552, 52.9429809587098, 79.9483632619431, 54.97131816133485, 60.77591643854686, 19.805861970382026, 66.68126556800009, 65.10039706228383, 37.05151004639564, 17.58178775507395, 62.42021787320201, 66.24070663025319, 73.4489703962407, 59.405600672556716, 67.13974843836309, 72.19086347553622, 83.13502377121529, 47.00943896198627, 20.420150226141562, 52.05468472993708, 77.59872075525662, 82.90079799903734], [62.11460884509325, 50.48127730054094, 48.740284403713964, 60.582389977765935, 62.878130848776806, 44.43612666161028, 18.178130560025746, 57.36497606891787, 0.0, 27.375550526267197, 33.27058765670225, 18.034328097332825, 48.63618637045123, 40.60442263862259, 34.82600051012046, 41.45534641949635, 37.41964744816818, 66.24911250120495, 30.383762451977116, 79.72304770074, 39.645054976569064, 62.892157549734605, 45.33124238344363, 44.0899348887859, 21.35881645663626, 40.0296948297517, 80.19347693545576, 33.43994489701246, 21.153932201851834, 18.506755132807648, 23.16471241020289, 51.46330909921241, 65.95135703826851, 11.228630057785931, 34.647208580205955, 58.11467041907908, 47.27327986719931, 43.50727606810192, 25.32025400486753, 56.55389845379952, 63.12161201227618, 58.90725498397705, 49.63436508428341, 37.202313096154654, 27.05974461512548, 46.867831873790564, 36.62938857690314, 65.73193903634117, 61.31022891576161, 55.289728356116434, 26.24581023470251, 33.010071823749335, 63.21548295491689, 68.81680049312232, 74.03690135520316, 38.36413899780784, 17.772875134087954, 29.015175810570724, 64.06173895070675, 44.39241838221488, 54.2487332092096, 37.32073712644322, 8.584760364589716, 48.29670876074928, 77.98093605505605, 12.19997332123226, 29.896531857874994, 43.10636721334387, 25.6308545078372, 57.76580097470821, 38.4340742015481, 49.60122736434968, 5.709625884781106, 68.25157910158833, 9.197929316362995, 20.521921707985744, 64.08947850334637, 55.36862153554435, 63.1622594151137, 12.679607930302359, 23.323175585949873, 31.598154539772008, 66.36944600701202, 73.20304935841294, 61.58927408254332, 32.98625760200654, 55.959450506654456, 74.94662723932626, 30.728116110399238, 57.83901036117707, 18.13958188041175, 61.29999333428085, 52.537574973784594, 16.212227330505566, 26.297138293533035, 30.87679674391374, 75.24425003537306, 27.381399031818106, 31.996222594764728, 25.56991486011113], [87.02718514108521, 43.54322765589254, 37.776502026476216, 82.68361723852442, 68.06471618687931, 64.42454391187592, 45.13337338409814, 64.71400208098922, 27.375550526267197, 0.0, 14.977670319415386, 9.91680319549774, 50.19763007085374, 67.88425566844047, 58.089287930921394, 47.45365727349519, 29.138111331365764, 73.88042901737155, 57.48949458777659, 87.6557861501125, 64.76134238365985, 85.63804426549353, 65.00053592884515, 54.80841297581152, 45.96132512747682, 62.21235590258935, 86.41765019809449, 6.2833163730195665, 38.16838862304938, 17.90275660279642, 16.91352403149784, 48.33319074017652, 86.38373594685652, 16.14694153498431, 49.039497399230285, 32.494969574503976, 20.383149347035918, 55.54911968205094, 51.13978025095634, 29.629866774354877, 89.58693499901135, 43.397054012480744, 53.16728259707068, 43.89495514699449, 2.1550510295796337, 55.52514618318176, 62.18368307255661, 67.49144037401503, 73.44518620085981, 81.63504944547319, 34.81094755954915, 60.32538124328296, 87.94972845300272, 94.59158304048833, 85.59757332742568, 53.05530630707972, 44.07919134544321, 28.62682587545305, 73.15594675373235, 71.51791098222213, 81.50742259440617, 63.56227545994012, 19.29458636771968, 47.35884232884721, 85.51057915168735, 28.056722904583804, 17.24372532632213, 26.455603759963115, 30.25315786002935, 33.4475182667121, 42.16767725852119, 24.146165073377784, 25.171822619099036, 65.82267067320693, 33.25701131866771, 37.634374526652834, 66.42143890898679, 82.63801537773513, 90.25547968850907, 39.312555055360406, 29.32716844507958, 58.2700190498356, 91.28094025751585, 74.57778514544661, 87.90198248773886, 60.36108221904695, 45.86994419756629, 80.96361472508592, 5.336393714542489, 34.19182496491885, 22.81779872959838, 86.53715722272774, 79.50976266834401, 23.939768701463283, 41.471291839813716, 55.954941853340316, 84.96393513914303, 13.135396073358963, 13.62659219702098, 35.36573280365214], [85.42020297205516, 29.034475017917323, 22.85395376092469, 78.6286438608419, 55.91001663411623, 59.75642661787503, 51.252840842812425, 53.52423680810769, 33.27058765670225, 14.977670319415386, 0.0, 21.183747066020995, 37.72561330037403, 70.9404095276993, 67.4467606699069, 37.018943538553835, 15.37507249751641, 62.39970678361617, 60.28908328716959, 75.8735031532013, 64.23102701718535, 82.00279623376936, 60.08472760011294, 68.42101111785358, 54.30608976906805, 59.24266256524697, 74.06642685504015, 16.97759033577284, 35.04453680268338, 15.962417098379907, 31.239417705419704, 34.50020877579778, 80.96732526574944, 23.750832997348816, 42.527902647622255, 26.2824197716249, 19.3212560536984, 68.8920360716137, 58.58547100180986, 27.280434301238945, 90.0448255655042, 28.858435971947753, 41.204003512999336, 57.96424033284654, 12.973704634724733, 45.490683609275045, 69.89530395661343, 54.258259731038805, 63.89420086327704, 82.0787374772853, 48.1171632535432, 65.14634155419932, 86.12040456082768, 93.86439321997571, 75.33263397610324, 65.67228902709739, 46.38559297469722, 43.10487130423137, 62.28402658209985, 73.89611553305038, 84.15351717149485, 70.53405629642822, 24.859062789746726, 34.235324136475306, 73.63519745194571, 27.914860252740915, 32.22139502697756, 11.735911117626355, 44.03189724158348, 24.94105948325084, 56.61884751731355, 18.29704104387242, 28.799490053903423, 51.599828433830005, 35.48110323732096, 48.86293393601683, 53.39229264371231, 85.3140167029383, 92.12344507471047, 42.52430558858187, 42.75007453119109, 60.119212354551976, 89.55854057798933, 61.05161454202511, 88.13554002421891, 64.58362690669486, 30.9225666132184, 68.67664319614941, 10.409038077015127, 24.74656616517494, 35.66798390003333, 85.31832989041438, 81.25684713205487, 36.166908390059284, 53.52308234395754, 55.9197533814768, 73.94106260692254, 5.934360007681645, 28.32055197097528, 48.43536014481165], [79.241895139989, 46.85070042322927, 42.39661001314956, 76.11448671370007, 67.61598721322936, 58.50653550751177, 35.387862637429706, 63.41158996784584, 18.034328097332825, 9.91680319549774, 21.183747066020995, 0.0, 50.582298311187614, 58.62786026103435, 48.288445422701706, 46.102172375215034, 32.15722470780233, 72.6514912704986, 48.407297190383865, 86.5077678917986, 56.78842686944605, 78.81658302629484, 59.21073228163694, 47.28477658773476, 36.04775664805313, 55.42868594274083, 85.87680835983966, 15.58346270973942, 32.45193080398217, 15.163252007952297, 11.56265667940533, 50.3883318927231, 80.51627878712591, 7.125622187757215, 44.7586027620826, 42.24100357075041, 30.2993591553202, 47.71336182616091, 41.23335594668659, 39.5446878436373, 80.97827111673195, 49.92432051126138, 52.93396849799653, 37.08328642250463, 10.333862342130818, 53.509939657627136, 52.2669073582745, 68.27196086671059, 70.56841955231003, 73.08910105760394, 26.960848517941404, 50.70981619295797, 80.2523422922608, 86.3862912662786, 83.09511605081336, 44.557821012975545, 35.41435670418375, 22.971751115695305, 71.38332801916748, 62.42366064004966, 72.27398633877155, 53.66380603666414, 10.879004229043858, 48.55974413904217, 84.4840739051478, 21.599885621816554, 15.83218937268895, 32.82609419634269, 23.084231621295125, 42.85764321574164, 36.164975098117985, 33.80027327760672, 16.978073486442835, 68.08460012107105, 25.07460969843381, 28.258779849462908, 66.97309820814725, 73.39077695490319, 81.19317840879354, 30.452824685143195, 21.649953267470305, 49.48544761801822, 83.50817419115072, 75.62363670653265, 79.38393382109088, 50.87175500464972, 50.44795720008543, 80.4277784111512, 14.437712499665373, 43.406698049875146, 14.493070030437314, 78.59225873604889, 70.54621455216105, 15.036368305670397, 32.54860529031605, 47.93671459211194, 83.13081832022816, 16.720471202034396, 15.556845412649542, 27.253133611340914], [67.23273114663976, 15.240586065882336, 22.403073350243496, 55.330213716934495, 18.18960572381656, 38.64674893982353, 59.56808477919888, 16.792746796339024, 48.63618637045123, 50.19763007085374, 37.72561330037403, 50.582298311187614, 0.0, 66.90222115523163, 79.73585480254168, 9.252095494121308, 22.540413968054192, 24.994276655276735, 58.158419120671894, 38.1941696625149, 52.733110296826666, 59.277106836755976, 38.21452128854524, 92.61880335391271, 66.78606019115534, 42.827557672638456, 36.382188019129245, 54.13020284064011, 31.01078225771989, 35.55277419571051, 62.09722586280047, 8.528065457402965, 54.08676699584725, 47.42418954820036, 23.611277065075072, 55.50411956936742, 55.04973453486018, 92.12675248264001, 67.95310907028214, 60.36779388099932, 76.39126757069457, 32.51747099984857, 4.1864616099420235, 84.71403983170397, 48.06749891323093, 13.38555936973246, 77.63046597635207, 17.709792962922972, 29.482638298251498, 69.48936405048983, 73.63243869901754, 66.71064374703835, 67.29284407563307, 76.82894158980751, 39.03834648914784, 86.96023968523785, 47.9808097191218, 72.83836973795383, 25.595059097625622, 67.5789943660725, 76.8003569189063, 76.30840168780384, 45.055439644363084, 4.737597513620474, 35.9355674439231, 36.46387760789252, 65.86525455749545, 32.55595122748906, 71.44143244474789, 51.28312536657566, 84.99934104503818, 50.87644081629152, 43.1590220216544, 19.985258488611436, 42.71009484406069, 69.15793774823075, 16.396302945165505, 77.86943956047892, 81.74720660282316, 47.89294021713945, 69.40844137192863, 55.712882836389724, 70.57218592285363, 25.1296578908695, 74.16521085816528, 64.81828942309733, 21.66014134867855, 30.968548452562015, 47.25022901896422, 49.50378335419202, 62.418025703129665, 68.10627850824652, 72.07530443571396, 61.56119855140876, 74.92541917787382, 48.16027458016409, 36.773383886306306, 37.13944333890837, 63.574797589118845, 73.27115368530619], [29.440507324289257, 76.697260344893, 78.72927907892701, 37.29760406294574, 71.79565078832739, 34.69958847551955, 24.728136407489473, 64.9539651497666, 40.60442263862259, 67.88425566844047, 70.9404095276993, 58.62786026103435, 66.90222115523163, 0.0, 31.378524146786912, 57.65406255178928, 68.65278341906532, 70.61920172020172, 10.651876291744962, 80.3653287436267, 16.82274504483925, 37.03014729685704, 35.81451019085836, 59.31367055453738, 29.766407922754528, 27.54449502112485, 83.38927905028126, 74.0177623167634, 39.142531148014115, 54.98604917793432, 61.52073040591542, 73.78865584457222, 45.56666357572566, 51.78297765102855, 43.395535513793305, 97.0600620918411, 87.29451065400612, 57.120158489907006, 24.247271044748228, 96.48263030538821, 24.702887141249622, 90.59475236425733, 65.19883638736874, 60.51519389653853, 67.38181069695501, 56.85743543511773, 22.834694122996908, 78.47437459394472, 59.856201614523506, 18.210692059669352, 53.840662692137684, 10.489238898013522, 30.93960380035606, 32.263186247086445, 69.91986598074706, 50.674888440337234, 24.55784104469106, 62.05732844201193, 66.7939223444838, 4.654132258255194, 13.646446350687246, 19.08589321687704, 48.6406284527132, 69.40410374965884, 79.62397182222617, 43.07943474668116, 68.38380576899205, 78.08496684427564, 56.924682520164346, 95.84489413858503, 64.16054379700624, 88.72248327126884, 43.08209822299716, 85.55078410097259, 35.557517711351274, 43.394640368017214, 76.51720760238771, 14.764221199183234, 22.788048503476535, 28.77296989582743, 54.99144266023059, 11.54182304691618, 32.94434383957887, 84.71617707896871, 23.853057090711733, 8.757036910967875, 83.66821051460225, 79.56647221618276, 70.78018484709573, 95.4674799582122, 54.14729150730461, 27.623257641292938, 12.856468330816735, 51.79455564694477, 46.42493504056599, 18.742398179389166, 73.9741984307901, 65.13668681624739, 71.63802164150255, 52.4438513269676], [60.8188375110062, 84.36930217491214, 83.35504793941962, 67.43892718602599, 90.41618423763292, 59.39888988413, 20.207162254660386, 83.94266159395954, 34.82600051012046, 58.089287930921394, 67.4467606699069, 48.288445422701706, 79.73585480254168, 31.378524146786912, 0.0, 71.17926736435497, 72.05313848345449, 91.59166929479979, 29.525151242557328, 103.54823727283637, 44.249933661998725, 67.76757296777396, 60.57208388023155, 28.595048750598867, 13.545991307452041, 52.30170084381055, 105.44312364270648, 62.99542916367092, 48.78844724979227, 53.32679261073335, 44.99564109830229, 84.21884325885432, 75.29958033384867, 43.78754036330899, 59.656482109844056, 90.5291354485744, 78.35249880856891, 26.215364570812277, 12.035914057485499, 87.46009093165426, 54.72418454039299, 93.72703672172061, 79.62304540874563, 32.5471277611205, 58.61507390130568, 73.96516159714463, 9.206161069380691, 95.20312136178333, 83.09699201136752, 49.3002627553428, 30.032891037130774, 21.63732596323341, 62.31793526818799, 62.90385132180266, 94.85711298650011, 20.073986133860455, 32.573913121396814, 39.93583741061223, 88.40298578046217, 35.817284601496546, 40.77592287305788, 13.053262846779493, 42.71914210452158, 80.49631213556637, 102.30692065301533, 45.04891134634603, 50.776123113371625, 77.8214334351226, 34.76629804081946, 90.99793458598981, 36.81030486117528, 82.08183771661929, 40.25501968596771, 99.71664737532485, 37.46324427941066, 21.568252742904313, 93.35458512105487, 41.44314437455567, 49.98408645105486, 31.849737422731742, 33.73704024925658, 33.32236751566081, 64.2672109040938, 102.37404861872217, 54.36266748132235, 24.172492482059436, 90.28860884649262, 100.77802955453873, 62.6993246272915, 91.38132366034608, 36.945532602464205, 58.9817791758643, 42.90292209637348, 35.071058016969126, 20.835365255743614, 39.9252327901262, 97.81083681275167, 61.71987740047779, 55.6682822069893, 28.647590438886894], [59.13071963913174, 21.770837681971532, 27.312450738626136, 48.09180713942565, 21.76167656107233, 30.46161190787744, 50.97284609630305, 17.357116377714778, 41.45534641949635, 47.45365727349519, 37.018943538553835, 46.102172375215034, 9.252095494121308, 57.65406255178928, 71.17926736435497, 0.0, 23.345039292943376, 26.59199549865297, 48.93363458195297, 40.44570994556705, 43.66174559004104, 51.96918558730871, 30.17557462656476, 85.5331694721018, 58.468527150721144, 34.02478400728213, 39.831317945133414, 52.183270846799935, 22.408141364864086, 30.974995985809223, 57.33249212011499, 16.720250183112736, 47.887348628611335, 41.92090168904375, 14.439368055066266, 58.284448166953936, 55.715774252925435, 84.87305150550937, 59.29047326728596, 62.163369177946414, 67.7654352031315, 38.72737912234895, 8.455092298946774, 78.27751061027124, 45.42041607173654, 8.49866024660396, 68.71336827181109, 24.4067924789376, 26.91486923722067, 60.688088947475194, 67.18510083694902, 57.54920645398781, 59.301140315837166, 68.65513933276684, 38.40708520718819, 79.45570286286969, 39.08373726756215, 67.39629290778737, 25.70448336634937, 58.37580227302753, 67.67954910952461, 67.27827143113134, 39.07508963550627, 12.248863847163596, 38.392914049974166, 29.299772018534735, 61.82780082147324, 34.740940014037974, 65.46999204076849, 54.5771882469408, 78.93220596304292, 52.53867509947252, 36.262826277254, 28.755694548339598, 34.69130612793106, 61.86979785061564, 22.69347493972414, 68.75831251570982, 72.84867664678953, 39.35664419852885, 63.330743107439204, 46.46285073032902, 62.651191680923915, 31.82933753995175, 65.55461941162147, 55.62244563607825, 28.831235337640674, 34.404195293853086, 45.393335535764365, 53.058635948534736, 56.620183215516036, 59.85999003367719, 63.02772500966273, 55.505814055861734, 67.67272017072972, 38.9131189343585, 37.51060181840987, 34.99182513033121, 60.25025291547903, 66.69486149153826], [77.94311287625662, 14.711249069364555, 11.320921363931005, 69.05454986182787, 40.715608090767724, 50.3111935473633, 53.37941061828752, 38.803806820898316, 37.41964744816818, 29.138111331365764, 15.37507249751641, 32.15722470780233, 22.540413968054192, 68.65278341906532, 72.05313848345449, 23.345039292943376, 0.0, 47.44380912558187, 58.325332819301046, 60.73342402431164, 58.63745360261684, 72.72108489007194, 50.38521737317994, 78.37080173444033, 58.50778274348008, 51.49124799182004, 58.76720638924407, 32.20403592056571, 29.685726931713507, 19.47999111950749, 43.50951830239394, 19.25767124299483, 70.12082952320006, 31.52463859687936, 32.411922936122714, 35.112199536149056, 32.72033232093312, 78.42001630605387, 61.563723672003746, 38.824836862217516, 84.44224777198154, 22.240554610973792, 26.22391488484588, 68.88408018062853, 26.987468032998787, 31.772323071438578, 72.57629551837877, 38.88711959501188, 50.08275607167436, 76.70093667353851, 58.234443700105466, 64.98430260514854, 78.41273501301049, 87.01201973741739, 60.91892254317592, 74.26385254813906, 45.09897894570244, 55.12575412520499, 47.64380620933652, 70.77983604974, 80.92680212775866, 72.3851286899893, 30.697345857388196, 18.874647978651023, 58.46995816065658, 27.51441813585697, 45.93565367158812, 11.636722837550977, 54.94892515548673, 31.729764561692626, 68.26132751940423, 29.201628458091882, 31.835065403297286, 36.68573691415698, 35.68269864862728, 56.50298235941761, 38.01918073357455, 82.08036834128858, 87.8695820674394, 42.62192974314425, 53.261936847631674, 57.19095654908815, 81.86308258076706, 45.73245973726987, 82.36504290334821, 63.82965613429361, 18.80772682341128, 53.402102421266285, 25.412642259411452, 30.445148378111348, 45.96819075639335, 78.21572217140294, 77.21351241758923, 45.78971414782374, 61.85152623681376, 51.35679615058027, 59.12982655558725, 16.16607927862327, 42.764565001042506, 58.23645938331081], [60.02839019020998, 38.657330190955115, 46.52281665305552, 45.465783688194335, 7.782613818646693, 36.16875704308874, 71.9213009550688, 9.241150493802266, 66.24911250120495, 73.88042901737155, 62.39970678361617, 72.6514912704986, 24.994276655276735, 70.61920172020172, 91.59166929479979, 26.59199549865297, 47.44380912558187, 0.0, 64.7449643996452, 13.85768956378693, 53.99972466262631, 49.218976337624476, 35.140857261781335, 109.71441076051099, 80.19663011857227, 43.10143181098004, 14.042826526627897, 78.3400845946494, 45.3897415813274, 57.553465364327295, 83.7833398480169, 31.186129054475643, 40.65248686522024, 68.17966246115358, 32.44908405247891, 80.08290377860311, 80.04107330481519, 108.76114974066724, 79.58847268591146, 85.24777865763915, 71.66086326011667, 54.749779442848784, 21.22809240997023, 103.44931411620671, 71.81191440646121, 19.478582328838243, 87.1708074358399, 15.278881200108087, 12.401549565612202, 66.55749445593668, 92.44896508917431, 74.05931388306445, 59.519808374821146, 69.30763245716143, 15.129497742906567, 102.91245219959796, 59.199051480598534, 93.50256823565412, 4.157360627241093, 69.6141682740301, 76.75938181388008, 84.86318020288188, 65.1034381353267, 29.25453242315435, 11.865586450271106, 54.532036877904474, 88.40720845291366, 57.486046022405496, 91.21189643254262, 75.64763952096784, 104.48880275291178, 75.81029790468969, 61.56281038489775, 25.48709249940528, 58.25662925328913, 86.02648695710145, 14.180657109076963, 77.62682870410178, 78.89300733291275, 61.149970207088884, 89.00006126315772, 61.34490966350191, 62.188612943186016, 17.1152145959886, 69.47212151424466, 71.65484538217733, 43.392440736340724, 9.194539842885584, 71.48119379231267, 73.73954626151314, 82.5703978451025, 61.60787861872631, 71.35026870416858, 81.2713580641285, 91.79295789374963, 53.44970858094615, 11.836659583821039, 61.14477144625492, 86.81761966419361, 91.81502593439083], [34.5766680782831, 67.0034052523011, 68.61770759885451, 38.41609606300948, 64.9476071339186, 30.382422247974354, 16.413686191147836, 58.16259080726243, 30.383762451977116, 57.48949458777659, 60.28908328716959, 48.407297190383865, 58.158419120671894, 10.651876291744962, 29.525151242557328, 48.93363458195297, 58.325332819301046, 64.7449643996452, 0.0, 75.66323358313318, 14.856512761482755, 39.24564523212991, 31.560118709070462, 55.137230734989615, 23.439912805929744, 23.109739032572854, 78.13527071844466, 63.669297686515606, 29.094679484512717, 44.334183196835305, 52.1105497869886, 64.58030112857534, 45.99772210814787, 41.4611996318463, 35.13778363695068, 86.41217661171174, 76.73197256360426, 53.22628231275713, 19.212159136837602, 85.89859090386769, 33.12632794837761, 80.39101356968074, 56.858092547462064, 54.45266669118357, 56.91486875719916, 49.22608587157946, 23.02253558238108, 71.02104044172162, 55.00675302568217, 25.5789633968101, 46.49474770444863, 9.322482142067727, 35.92781502145838, 39.62949178690424, 66.16112202835107, 46.677480284997266, 13.906068555019148, 53.87244927310001, 61.176878865163296, 14.031385505570906, 24.086474082737276, 20.26439052290201, 38.203463753998726, 60.28318482853964, 74.65603512879383, 32.43929234521849, 59.006931583639876, 67.5444752995244, 48.94676979112129, 85.19698850815954, 57.68845663101289, 78.08284405777452, 32.53663811128828, 77.38171876342332, 24.91980219620385, 36.205259617259394, 69.07921006391621, 25.23236709901981, 32.7921887926609, 18.227489948276567, 46.857750866927084, 3.8041724504472034, 38.60705334401594, 77.64486303628519, 31.801