instance_id,num_cities,city_coordinates,distance_matrix,best_route,total_distance
2068,25,"[[87.97262924476183, 49.33216244123793], [74.78363121028244, 35.454525346185385], [35.26768665935096, 22.960068576823478], [56.01556437862186, 44.7887094262845], [57.17704430239543, 19.091018661487947], [85.51639912264038, 36.039543787823845], [86.96235657989456, 78.39026868412292], [57.68137692831588, 35.871546091551146], [13.245736979986333, 32.20476949170021], [63.16985934666569, 36.967202091809504], [83.10916810341176, 11.296740973524223], [65.79945868688806, 51.42070378892009], [40.60894855415729, 44.756724320901675], [73.3413194531328, 39.20372839076076], [89.02711305646953, 50.219417228524854], [64.4376321401896, 33.65235554146374], [9.945842108033853, 27.085067147569507], [91.16609055465649, 13.170763155408071], [14.135581045570522, 47.36391362554837], [9.195687537220032, 37.57204559130686], [35.82520952300576, 62.12267166449742], [44.90147505295483, 92.97554127194825], [63.24890990559708, 29.680404860012967], [47.136642190025746, 15.471662101378403], [26.93167719029529, 64.23198770434362]]","[[0.0, 19.145194710304718, 58.934695279817504, 32.27842871265216, 43.161265378230226, 13.517646876505864, 29.075663178682092, 33.14737032423609, 76.6645681967833, 27.714069334199937, 38.345097998310536, 22.2713155774314, 47.58416630093011, 17.794954412233963, 1.3780991135318121, 28.279894503452965, 81.13638369982866, 36.30213483318867, 73.86327700671129, 79.649902028298, 53.69311417516477, 61.317769359096125, 31.58249315670031, 53.048198103236274, 62.833133143165526], [19.145194710304718, 0.0, 41.444195295767834, 20.96109074067601, 24.03656076823629, 10.748700090596879, 44.62957996228153, 17.10733783576828, 61.62364269834161, 11.711869527828938, 25.552164494516884, 18.32032232236543, 35.41807222890701, 4.017061945534987, 20.515331033152627, 10.501786170143255, 65.37573499553213, 27.657748128601963, 61.80630645791772, 65.62211705857489, 47.211742696267514, 64.8198312998636, 12.899234975982035, 34.11261973737655, 55.838623221800326], [58.934695279817504, 41.444195295767834, 0.0, 30.115842860338084, 22.24835948060416, 51.92307556389077, 75.79476223413603, 25.86657617634021, 23.88369240058979, 31.220682727630685, 49.24267008950974, 41.73963176427807, 22.441552536639865, 41.39393673313352, 60.2756004985618, 31.067840605509023, 25.655631442038697, 56.74911504751825, 32.28178342090389, 29.887439008656905, 39.1665713631687, 70.67514623638566, 28.776931283849876, 14.033828306297016, 42.105348381610014], [32.27842871265216, 20.96109074067601, 30.115842860338084, 0.0, 25.72392556077783, 30.77088152723465, 45.681163865501276, 9.07142400006917, 44.58266120350264, 10.599995918538053, 43.07871067751029, 11.819811210901552, 15.406649025976042, 18.20367550988265, 33.45526764716164, 13.962435433275997, 49.354212181148405, 47.27847308067514, 41.95908341044361, 47.37278864866528, 26.610461778621808, 49.45193368171946, 16.750586687630783, 30.632083231179823, 34.98447604554558], [43.161265378230226, 24.03656076823629, 22.24835948060416, 25.72392556077783, 0.0, 33.02077430324401, 66.35936920070228, 16.788104485875444, 45.84681258160536, 18.853958899640546, 27.07814265248499, 33.45974551990515, 30.54881738657732, 25.803195224675775, 44.535424966958075, 16.271099147951496, 47.90293594261722, 34.500792605324456, 51.49683630027579, 51.417496568850325, 48.03773525695989, 74.89734495810536, 12.20666424396344, 10.672835447400358, 54.336813652198664], [13.517646876505864, 10.748700090596879, 51.92307556389077, 30.77088152723465, 33.02077430324401, 0.0, 42.37540197107509, 27.835529163004797, 72.37232966016681, 22.3657861450961, 24.859626953903586, 25.006755549777505, 45.74569217977824, 12.579532151885454, 14.608008869092325, 21.213511855042217, 76.09922298814065, 23.556318491872855, 72.2735258692511, 76.33609617135654, 56.12079724716802, 69.93768559724109, 23.157714134480962, 43.54358160824852, 65.01525619326827], [29.075663178682092, 44.62957996228153, 75.79476223413603, 45.681163865501276, 66.35936920070228, 42.37540197107509, 0.0, 51.625744936613145, 86.98988642877316, 47.769795587844364, 67.20408114161054, 34.28156469396307, 57.27000735143358, 41.48635429357367, 28.246417313367896, 50.08836275468343, 92.54062462562425, 65.3548412953519, 79.16043167484341, 87.8281398553321, 53.66230075118657, 44.517950663574226, 54.175440809817914, 74.46367289475846, 61.677705763746104], [33.14737032423609, 17.10733783576828, 25.86657617634021, 9.07142400006917, 16.788104485875444, 27.835529163004797, 51.625744936613145, 0.0, 44.586672316408574, 5.596775976170311, 35.362319078834275, 17.540796918512864, 19.246147738134503, 16.01053524263743, 34.473418449278284, 7.111384618031018, 48.537444275645484, 40.4543148817518, 45.0367722044797, 48.51550035069714, 34.15865406446124, 58.51659728236658, 8.326322910022514, 22.964030515425833, 41.83131222482788], [76.6645681967833, 61.62364269834161, 23.88369240058979, 44.58266120350264, 45.84681258160536, 72.37232966016681, 86.98988642877316, 44.586672316408574, 0.0, 50.150760296866466, 72.92492485326584, 55.956642109418475, 30.1047656972639, 60.50177235798541, 77.8931607596409, 51.212358229871754, 6.091030968435122, 80.21143870054708, 15.185238665619927, 6.7238793280561175, 37.482175106869555, 68.52132847304829, 50.06685250165268, 37.796697460121024, 34.828833828889955], [27.714069334199937, 11.711869527828938, 31.220682727630685, 10.599995918538053, 18.853958899640546, 22.3657861450961, 47.769795587844364, 5.596775976170311, 50.150760296866466, 0.0, 32.5045936403187, 14.690762539721232, 23.867789012496385, 10.414444324271578, 29.05544312935103, 3.5490076793856957, 54.13365498536329, 36.743155388523185, 50.12436592342123, 53.977560691220965, 37.155450789904464, 58.91237495144943, 7.287226007760775, 26.816455617254793, 45.34946946211973], [38.345097998310536, 25.552164494516884, 49.24267008950974, 43.07871067751029, 27.07814265248499, 24.859626953903586, 67.20408114161054, 35.362319078834275, 72.92492485326584, 32.5045936403187, 0.0, 43.698494620475884, 54.09102649554368, 29.567056227506907, 39.36999872134887, 29.127302620328024, 74.84746832113952, 8.27199846007989, 77.83441818846289, 78.44484841062588, 69.41936307426884, 90.17346741934551, 27.062685631238736, 36.21398330773669, 77.18841125289475], [22.2713155774314, 18.32032232236543, 41.73963176427807, 11.819811210901552, 33.45974551990515, 25.006755549777505, 34.28156469396307, 17.540796918512864, 55.956642109418475, 14.690762539721232, 43.698494620475884, 0.0, 26.057060906736638, 14.357372729599664, 23.258697661582936, 17.820459337126465, 60.9249513391476, 45.89688410755222, 51.82290805586521, 58.273254948031784, 31.827468157998172, 46.513763965142864, 21.889401467467884, 40.50474438690073, 40.924728881551175], [47.58416630093011, 35.41807222890701, 22.441552536639865, 15.406649025976042, 30.54881738657732, 45.74569217977824, 57.27000735143358, 19.246147738134503, 30.1047656972639, 23.867789012496385, 54.09102649554368, 26.057060906736638, 0.0, 33.200058260013044, 48.725349332518554, 26.289031314086145, 35.39086837276078, 59.61289751393326, 26.6014402488843, 32.22440963253977, 18.012781191662285, 48.40950414847703, 27.200427542254904, 30.003760654376425, 23.798185557204864], [17.794954412233963, 4.017061945534987, 41.39393673313352, 18.20367550988265, 25.803195224675775, 12.579532151885454, 41.48635429357367, 16.01053524263743, 60.50177235798541, 10.414444324271578, 29.567056227506907, 14.357372729599664, 33.200058260013044, 0.0, 19.167407793880738, 10.492539648654068, 64.5433846194959, 31.55055853335715, 59.76544221747833, 64.16638124945024, 43.96289873375202, 60.82953731564769, 13.87625387294729, 35.353869389746265, 52.728252950695236], [1.3780991135318121, 20.515331033152627, 60.2756004985618, 33.45526764716164, 44.535424966958075, 14.608008869092325, 28.246417313367896, 34.473418449278284, 77.8931607596409, 29.05544312935103, 39.36999872134887, 23.258697661582936, 48.725349332518554, 19.167407793880738, 0.0, 29.64979097185987, 82.39566474328667, 37.110348871537475, 74.94595030931373, 80.8270530810408, 54.51724503082933, 61.44231499897956, 32.960078682574995, 54.426262372025036, 63.65685577178586], [28.279894503452965, 10.501786170143255, 31.067840605509023, 13.962435433275997, 16.271099147951496, 21.213511855042217, 50.08836275468343, 7.111384618031018, 51.212358229871754, 3.5490076793856957, 29.127302620328024, 17.820459337126465, 26.289031314086145, 10.492539648654068, 29.64979097185987, 0.0, 54.88610441411494, 33.67352247512011, 52.137349083156266, 55.38083074137114, 40.363716728886665, 62.457199736705086, 4.146016493803651, 25.097048974292434, 48.392257231095755], [81.13638369982866, 65.37573499553213, 25.655631442038697, 49.354212181148405, 47.90293594261722, 76.09922298814065, 92.54062462562425, 48.537444275645484, 6.091030968435122, 54.13365498536329, 74.84746832113952, 60.9249513391476, 35.39086837276078, 64.5433846194959, 82.39566474328667, 54.88610441411494, 0.0, 82.40349879293589, 20.707137099129532, 10.513774239516692, 43.55887266773277, 74.58854372432451, 53.36621416657972, 38.9618632447883, 40.84620300949736], [36.30213483318867, 27.657748128601963, 56.74911504751825, 47.27847308067514, 34.500792605324456, 23.556318491872855, 65.3548412953519, 40.4543148817518, 80.21143870054708, 36.743155388523185, 8.27199846007989, 45.89688410755222, 59.61289751393326, 31.55055853335715, 37.110348871537475, 33.67352247512011, 82.40349879293589, 0.0, 84.27853187083315, 85.5252568271938, 73.88438576615206, 92.24541862743376, 32.43358205019369, 44.089527773080675, 82.05673959340844], [73.86327700671129, 61.80630645791772, 32.28178342090389, 41.95908341044361, 51.49683630027579, 72.2735258692511, 79.16043167484341, 45.0367722044797, 15.185238665619927, 50.12436592342123, 77.83441818846289, 51.82290805586521, 26.6014402488843, 59.76544221747833, 74.94595030931373, 52.137349083156266, 20.707137099129532, 84.27853187083315, 0.0, 10.967371037484051, 26.234727411227524, 55.01782266345548, 52.19986162791895, 45.89319932126103, 21.172434901842642], [79.649902028298, 65.62211705857489, 29.887439008656905, 47.37278864866528, 51.417496568850325, 76.33609617135654, 87.8281398553321, 48.51550035069714, 6.7238793280561175, 53.977560691220965, 78.44484841062588, 58.273254948031784, 32.22440963253977, 64.16638124945024, 80.8270530810408, 55.38083074137114, 10.513774239516692, 85.5252568271938, 10.967371037484051, 0.0, 36.21967257965027, 65.91244644036247, 54.626265128022744, 43.90834761600762, 32.02058466743641], [53.69311417516477, 47.211742696267514, 39.1665713631687, 26.610461778621808, 48.03773525695989, 56.12079724716802, 53.66230075118657, 34.15865406446124, 37.482175106869555, 37.155450789904464, 69.41936307426884, 31.827468157998172, 18.012781191662285, 43.96289873375202, 54.51724503082933, 40.363716728886665, 43.55887266773277, 73.88438576615206, 26.234727411227524, 36.21967257965027, 0.0, 32.16019525725092, 42.48011320709366, 48.002762443829724, 9.140247890999403], [61.317769359096125, 64.8198312998636, 70.67514623638566, 49.45193368171946, 74.89734495810536, 69.93768559724109, 44.517950663574226, 58.51659728236658, 68.52132847304829, 58.91237495144943, 90.17346741934551, 46.513763965142864, 48.40950414847703, 60.82953731564769, 61.44231499897956, 62.457199736705086, 74.58854372432451, 92.24541862743376, 55.01782266345548, 65.91244644036247, 32.16019525725092, 0.0, 65.90070302415177, 77.53610293674123, 33.89845876907385], [31.58249315670031, 12.899234975982035, 28.776931283849876, 16.750586687630783, 12.20666424396344, 23.157714134480962, 54.175440809817914, 8.326322910022514, 50.06685250165268, 7.287226007760775, 27.062685631238736, 21.889401467467884, 27.200427542254904, 13.87625387294729, 32.960078682574995, 4.146016493803651, 53.36621416657972, 32.43358205019369, 52.19986162791895, 54.626265128022744, 42.48011320709366, 65.90070302415177, 0.0, 21.482400743848263, 50.12737045912174], [53.048198103236274, 34.11261973737655, 14.033828306297016, 30.632083231179823, 10.672835447400358, 43.54358160824852, 74.46367289475846, 22.964030515425833, 37.796697460121024, 26.816455617254793, 36.21398330773669, 40.50474438690073, 30.003760654376425, 35.353869389746265, 54.426262372025036, 25.097048974292434, 38.9618632447883, 44.089527773080675, 45.89319932126103, 43.90834761600762, 48.002762443829724, 77.53610293674123, 21.482400743848263, 0.0, 52.78077266910289], [62.833133143165526, 55.838623221800326, 42.105348381610014, 34.98447604554558, 54.336813652198664, 65.01525619326827, 61.677705763746104, 41.83131222482788, 34.828833828889955, 45.34946946211973, 77.18841125289475, 40.924728881551175, 23.798185557204864, 52.728252950695236, 63.65685577178586, 48.392257231095755, 40.84620300949736, 82.05673959340844, 21.172434901842642, 32.02058466743641, 9.140247890999403, 33.89845876907385, 50.12737045912174, 52.78077266910289, 0.0]]",Route_3,888.7334003305087
