instance_id,num_cities,city_coordinates,distance_matrix,best_route,total_distance
1583,63,"[[46.67383185013957, 16.856845512528984], [48.03313033356298, 36.33194797556715], [65.88909478999352, 20.631505931180183], [72.26530431121607, 28.80545613570149], [11.610779153031048, 23.405374048590023], [18.127255411615717, 88.69308406395795], [32.1820433937821, 64.76539353050661], [16.74062269342641, 67.37270109895648], [19.888998039550266, 37.34891888727149], [15.667519550434882, 71.18129615017091], [98.33514220109194, 3.7480531821785124], [26.79952451119926, 9.604463736857005], [12.186760184635304, 78.36269355448906], [2.827929202604007, 22.056050106340276], [65.66422706513751, 71.28673251320852], [3.3026781267389116, 57.25900668697768], [78.16843124358302, 98.42841606825837], [65.9132248208755, 17.22744644618066], [82.16203220777358, 94.92313517384976], [69.43696352313408, 30.70886259460367], [1.6826407237468977, 10.256163489420732], [33.77150184183447, 27.109571569140655], [2.6380299275497676, 70.52289689300272], [56.079770295621934, 14.429686154073684], [94.62989549646329, 90.3144834218639], [82.10841879999924, 85.80797944954945], [89.90431472309167, 84.91506645618239], [48.91777241580011, 27.55108811213559], [3.4745087743765057, 47.645398891182765], [55.90777217295847, 97.49745328401296], [35.19561037159774, 57.018346042999454], [35.459439739798704, 83.89800399388369], [93.98055745707435, 0.828201744005097], [54.688935966048746, 56.665306741225706], [38.80025951922481, 29.96709167188478], [20.444479532338768, 69.45822728075743], [90.42829401081678, 15.661181038102779], [19.50805221803854, 7.865953674268145], [73.79183404091795, 9.937276140890361], [13.21225447928185, 73.31348980700798], [84.26796313560713, 58.51014486003566], [61.491044837188134, 20.5939167660505], [96.76660610298948, 21.143673800835707], [11.35694059904332, 96.19456094414559], [65.92797252755864, 16.49405222949156], [39.3892119855359, 97.37032443429314], [28.975405433037427, 33.62103306230664], [88.34462531102403, 36.83292969780736], [9.930493020227571, 9.590344979896981], [28.488918883713765, 86.78154286561247], [31.91488819104017, 96.42893433988665], [58.717234530461035, 81.57602342924449], [68.67284033354721, 64.35646721783696], [40.26438641035861, 44.68381612537923], [16.755058393695943, 87.92018981218874], [36.19600588008368, 40.26942915956654], [73.09630386023818, 92.46207463685633], [95.85854745958487, 99.83604959716881], [93.24184923819287, 80.89489885617205], [99.47289551543544, 62.572883340754224], [14.049160188775378, 32.193689111037216], [9.610376809956357, 80.60326832391618], [10.811618752279417, 96.26830237905153]]","[[0.0, 19.522482124793257, 19.582502167084183, 28.243455145400105, 35.66932702516008, 77.30040229894212, 50.05238162020548, 58.71838448091309, 33.72465557209915, 62.550278492652716, 53.29851239516609, 21.156207921618556, 70.51473218712746, 44.15308491357625, 57.64761668385398, 59.273869477746935, 87.44044209564488, 19.24296201041894, 85.75405498347477, 26.64654838443761, 45.47280816204096, 16.47994269514109, 69.42043590857962, 9.714050678864112, 87.72575794867326, 77.52334373276285, 80.62751445656592, 10.927126522625132, 53.04824722226333, 81.16756295244859, 41.769554620194825, 67.97263803124454, 49.94841047228689, 40.6073328277728, 15.292864205538802, 58.77826372850969, 43.77079588613325, 28.61495621291741, 27.986898418867, 65.62796541977534, 56.10985700963754, 15.281214030876523, 50.275868258245026, 86.84328354887288, 19.25755831334961, 80.84235260466595, 24.377700503650853, 46.211459261064455, 37.45497267867726, 72.25063570320195, 80.92925143779208, 65.83020232640827, 52.346637297923984, 28.55558236727033, 77.1046814933437, 25.650222417911078, 80.08931076034104, 96.4607928647817, 79.17987445997443, 69.84051287500463, 36.04979850951906, 73.73809138270279, 87.1336778171328], [19.522482124793257, 0.0, 23.776865795526223, 25.374127277579653, 38.64820796631586, 60.299667721423944, 32.55330679513525, 44.076630870283296, 28.162500109509846, 47.56059113972088, 59.93331792774069, 34.13538384067209, 55.24079857111044, 47.4058168294045, 39.14961729099112, 49.38375381578233, 69.0225159677918, 26.16638602408736, 67.80640943482918, 22.130141536117446, 53.18189939855122, 16.983706127282538, 56.83076744815884, 23.333612827341035, 71.31179886145887, 60.074977939948774, 64.13669373676359, 8.825309714388956, 45.97243659928024, 61.67032530914906, 24.346026036668142, 49.19987175070016, 58.066186853844165, 21.394981358029106, 11.214156198340682, 43.11013840893308, 47.165988900945464, 40.298795429371815, 36.88074725305308, 50.79495872121432, 42.483355861305775, 20.707512867039444, 51.045424211932, 70.20452496006438, 26.716427245800872, 61.647390253963835, 19.249569814701054, 40.31460789842667, 46.550234167076056, 54.10302972815944, 62.220941007334524, 46.488454976996415, 34.8047598417774, 11.406449216832131, 60.32963185756442, 12.474825586015497, 61.47156892613527, 79.49868832908314, 63.479798803911194, 57.746308373835504, 34.23500274911156, 58.619602469839116, 70.5535789565328], [19.582502167084183, 23.776865795526223, 0.0, 10.366750204597535, 54.349148040410974, 83.147890645104, 55.53346152057169, 67.82559719707001, 48.943649199815795, 71.25649381443505, 36.575906951585196, 40.61514697912811, 78.8468817802172, 63.07725367632251, 50.6557256938474, 72.51643511896086, 78.7600236834466, 3.4041450080461573, 76.0529727738059, 10.683655267250163, 65.03934558822692, 32.76438785012411, 80.55959345936705, 11.605404585088264, 75.37739035822443, 67.16427005210612, 68.62293306327481, 18.327749471437937, 68.00978576907394, 77.51129378118905, 47.60348851781143, 70.2040859465595, 34.3700615580738, 37.73431274714865, 28.65236739693406, 66.70278685081703, 25.03750043319017, 48.10572143191963, 13.297362087106745, 74.49993912892278, 42.10194875261718, 4.398210583033356, 30.881758706571443, 93.1854662680721, 4.1376363557102325, 81.18552859902866, 39.1324453239524, 27.690015945224093, 57.03746441751591, 75.99079249650858, 83.06321007161563, 61.3650535130063, 43.8134851246838, 35.14454872692639, 83.31818835663071, 35.59954434730601, 72.19123536249451, 84.68487368268535, 66.18043292949547, 53.73035278293379, 53.113679022857596, 82.24297162656114, 93.56523576404697], [28.243455145400105, 25.374127277579653, 10.366750204597535, 0.0, 60.894435777930006, 80.73076438092731, 53.84965091078487, 67.60490110053136, 53.0685237636285, 70.70375560576413, 36.15950622422311, 49.35397898775843, 77.88036495132512, 69.7646296035697, 42.99108120844174, 74.60193261058298, 69.87276620651323, 13.206029767581306, 66.85426466913005, 3.4091740585248465, 72.97937144686306, 38.53114134067233, 81.16835714388515, 21.64796235063767, 65.44872326159701, 57.846128366426335, 58.81686032615539, 23.381203663327735, 71.32402816457493, 70.61274197960141, 46.5846473175261, 66.25602234027947, 35.41580131080481, 32.940856090380045, 33.48520001506494, 65.86384199646568, 22.42021772127013, 56.76081757476241, 18.929831201895453, 73.94746618876849, 32.03798294313046, 13.546735622761998, 25.671320535539667, 90.83567700511614, 13.846748364796545, 76.03932279689151, 43.55691823372017, 17.97178053519389, 65.22920508034012, 72.64708220989606, 78.74700556531185, 54.48195083939779, 35.73206104317197, 35.72367649695673, 81.09216447638808, 37.84728480097344, 63.662042374181205, 74.84641828268266, 56.15447871721951, 43.36464180855701, 58.31465989937641, 81.29362390540646, 91.25673176281599], [35.66932702516008, 38.64820796631586, 54.349148040410974, 60.894435777930006, 0.0, 65.61211429209908, 46.193377490797566, 44.26557514257352, 16.21577474564333, 47.94784536669248, 88.92426783357244, 20.52225891532838, 54.960337712046844, 8.885894910072068, 72.21080057445769, 34.858183909635656, 100.29146467018955, 54.6527437094407, 100.46028799463015, 58.28557749346661, 16.476336698441127, 22.468171028397045, 47.964269906432726, 45.36578166878197, 106.62552506585402, 94.14883088292511, 99.5656565896945, 37.53663132734444, 25.56907702761452, 86.32415534504632, 41.06185760417119, 65.02397165262273, 85.4078982713435, 54.42380652917985, 27.970055072371473, 46.89242532877707, 79.19705280969082, 17.431021411070056, 63.622898772547195, 49.93380359812617, 80.6933164394799, 49.95943551296035, 85.1858565229109, 72.78962950123876, 54.755126384412364, 79.009209692222, 20.146710275596302, 77.8998228297816, 13.916838349888433, 65.58513836756143, 75.79378075702516, 74.85213816313359, 70.23582318108981, 35.69035312339244, 64.71958793068, 29.81324752533069, 92.46241206381131, 113.75119616710364, 99.8432624960252, 96.19690886838546, 9.120317083978703, 57.23286397748734, 72.86731079322264], [77.30040229894212, 60.299667721423944, 83.147890645104, 80.73076438092731, 65.61211429209908, 0.0, 27.75016107139318, 21.36542721476634, 51.374381113332596, 17.683693518160652, 116.82877802467976, 79.5626678573558, 11.916645988695905, 68.37078087252218, 50.6235592219276, 34.75441428390455, 60.82531943622795, 85.96997285388763, 64.33712906374997, 77.42645598176594, 80.14222271342823, 63.53952673390581, 23.876176576742434, 83.39931447645428, 76.5198201502692, 64.0461794111648, 71.87641936301361, 68.45728307753406, 43.58457803006005, 38.79283908296933, 35.980797235974315, 17.983253500535863, 116.07739218426103, 48.605915331355796, 62.2584555001733, 19.373932050461416, 102.7672080096617, 80.83892383531925, 96.44180937535799, 16.145871102955436, 72.70215290634884, 80.73360403211153, 103.66807755551595, 10.104915538752755, 86.58873341626317, 22.964435499176602, 56.130323002952295, 87.29235159205703, 79.52628649887974, 10.53651079162277, 15.80956030861851, 41.20920961322223, 56.0992609097044, 49.2632543925502, 1.574893704478438, 51.68491170342997, 55.0981086543413, 78.52591574964916, 75.51830174379316, 85.43639768693795, 56.64638109087534, 11.746588433380593, 10.53102427367606], [50.05238162020548, 32.55330679513525, 55.53346152057169, 53.84965091078487, 46.193377490797566, 27.75016107139318, 0.0, 15.65999763735197, 30.046331655367773, 17.717034294641387, 89.99637939935921, 55.422916606953315, 24.18052767323701, 51.824241776142784, 34.11135420251864, 29.838960800805463, 56.99076200446437, 58.28935591906694, 58.37369838269069, 50.47550270410894, 62.46174607630634, 37.68935268406948, 30.099793631552885, 55.720595726901585, 67.47214407824164, 54.17963993386098, 61.138121711630504, 40.804278619652315, 33.424792600326604, 40.4264510167557, 8.31254056853089, 19.41128820949833, 88.9214306788572, 23.920109097858113, 35.42206370225814, 12.640929317457386, 76.18299938596249, 58.29387882339384, 68.82947867148214, 20.806797961556537, 52.4601865349454, 53.010724624008525, 77.93600049087392, 37.70248626716789, 58.89745430917154, 33.39198703807032, 31.3090037526662, 62.72525921330228, 59.49300359360725, 22.32375416887915, 31.664667825347973, 31.411998444104505, 36.49308814047345, 21.64703258453051, 27.82330780189666, 24.822654275959323, 49.407315792540686, 72.69558505843602, 63.15426218243555, 67.32656147606518, 37.278913370908455, 27.57387187797742, 38.06741802746642], [58.71838448091309, 44.076630870283296, 67.82559719707001, 67.60490110053136, 44.26557514257352, 21.36542721476634, 15.65999763735197, 0.0, 30.188404489385867, 3.9568859750608567, 103.46864953318358, 58.637451800905026, 11.89611692619218, 47.40423923401952, 49.07992162413731, 16.818595923449063, 68.83191916203714, 70.23169771674429, 70.98582422257951, 64.19611663265917, 59.06811059701085, 43.71693543813893, 14.450150734887952, 65.9585579399778, 81.1976858902861, 67.91765790789843, 75.23736049156764, 51.196970858911136, 23.773014762752396, 49.412207930460596, 21.161267420130546, 24.96957643582781, 101.95184116382457, 39.4299730429663, 43.425881608745215, 4.250644061567032, 90.02196515953109, 59.57106390890923, 80.95473276053595, 6.909584121225957, 68.10643589472446, 64.7368129097302, 92.41905098840856, 29.320362170837956, 70.76745222549425, 37.587444748098946, 35.9007660634379, 77.84478677532216, 58.18228720869949, 22.687564922172896, 32.77991799171265, 44.31444805630702, 52.01973563799116, 32.68260945448321, 20.547493784154046, 33.363142609175604, 61.68824413370518, 85.51909152358843, 77.68711279896382, 82.87138961551983, 35.28182045841895, 15.029581346561834, 29.497607717785645], [33.72465557209915, 28.162500109509846, 48.943649199815795, 53.0685237636285, 16.21577474564333, 51.374381113332596, 30.046331655367773, 30.188404489385867, 0.0, 34.094730265734874, 85.33941475042509, 28.59213471758837, 41.730734242605685, 22.91182894074149, 56.98374141852922, 25.913656716915344, 84.42272982121284, 50.23049973886814, 84.80991195332302, 49.99091148531111, 32.64182656896636, 17.250163631738353, 37.391292001293536, 42.83763795506624, 91.6054189397814, 78.86404041351364, 84.64445028969118, 30.637676636543762, 19.37660853471137, 70.10847509502305, 24.923457740010242, 49.08417238788346, 82.60340161021804, 39.80148890949354, 20.30091583624852, 32.11411286641462, 73.79803689215724, 29.485426187696397, 60.47242253329669, 36.57908235604526, 67.76760753862939, 44.84930761823387, 78.56701973390123, 59.460958563193884, 50.542186688164435, 63.10964639244348, 9.821401735210305, 68.45757189657391, 29.490850235133067, 50.175122839011856, 60.29154385000395, 58.85294151663707, 55.760836935912245, 21.655418923559814, 50.66828416934245, 16.566468693170528, 76.60598755563566, 98.36673189365841, 85.30470766858117, 83.48559828019899, 7.789743267214622, 44.458843884752824, 59.61453317586591], [62.550278492652716, 47.56059113972088, 71.25649381443505, 70.70375560576413, 47.94784536669248, 17.683693518160652, 17.717034294641387, 3.9568859750608567, 34.094730265734874, 0.0, 106.68260444839038, 62.57497762287917, 7.980485852462174, 50.77543578510192, 49.99681869016641, 18.62040405925954, 68.18188547044838, 73.72685261154685, 70.60591429733955, 67.2991157671707, 62.50958826873806, 47.64526295817346, 13.046113958367467, 69.66990201974589, 81.24737331271454, 68.0318525209411, 75.49647809219502, 54.85594196669099, 26.50675332006395, 48.08136913002355, 24.123339048685047, 23.525194221610445, 105.27340499237985, 41.63393913145078, 47.2623984711063, 5.078219471178164, 93.12172990217367, 63.431713550965874, 84.43498043989668, 3.2518573707775627, 69.76086965555903, 68.25597719363957, 95.2933654040691, 25.381972077631662, 74.27521646623151, 35.33530662739582, 39.84812655438084, 80.38514775555068, 61.85756816645292, 20.19296853971821, 30.023661034299547, 44.28688649101227, 53.44288840693645, 36.15414647020516, 16.7741855767707, 37.10744227013489, 61.2448920343671, 85.15688963456985, 78.18011706332373, 84.24634004947885, 39.02118129505279, 11.201006107549533, 25.552644757234468], [53.29851239516609, 59.93331792774069, 36.575906951585196, 36.15950622422311, 88.92426783357244, 116.82877802467976, 89.99637939935921, 103.46864953318358, 85.33941475042509, 106.68260444839038, 0.0, 71.77494091157051, 113.96880398575122, 97.24613352783574, 75.02574159313879, 109.0623279278229, 96.80427339267352, 35.11231649115745, 92.5984074541455, 39.52201886387247, 96.87136595299675, 68.66020825619385, 116.69111812858739, 43.58455847907447, 86.64569058865236, 83.64889749029525, 81.60369413075689, 54.851261684422816, 104.52519664852832, 102.90302107789643, 82.60947028716103, 101.8693701517774, 5.242894306948602, 68.59465753937705, 65.0525959149086, 101.90575209988418, 14.298281841384167, 78.93457556520558, 25.311666406578397, 109.93296133054477, 56.54000541027958, 40.5125984163846, 17.466193695230274, 126.9313371524544, 34.8236290177127, 110.6334143167503, 75.51932210667911, 34.56037444509451, 88.59748512368391, 108.50371109187923, 114.02366366210576, 87.33138932237837, 67.47764077084459, 71.04892234122143, 117.21884941801325, 72.07692533677185, 92.23435674116662, 96.11990728543618, 77.3147943840821, 58.8358319885899, 88.9566240770058, 117.38316782313737, 127.35919153459761], [21.156207921618556, 34.13538384067209, 40.61514697912811, 49.35397898775843, 20.52225891532838, 79.5626678573558, 55.422916606953315, 58.637451800905026, 28.59213471758837, 62.57497762287917, 71.77494091157051, 0.0, 70.29386209988753, 27.01257826931312, 72.90519450631871, 53.13245010160762, 102.60827981528296, 39.849610001878496, 101.70684811863346, 47.57464510265232, 25.12533708748758, 18.842432648646238, 65.53497782646697, 29.675167473357455, 105.42801575270565, 94.1597026037371, 98.25426926925371, 28.48329715529302, 44.62251793140596, 92.58762170762773, 48.151536767956955, 74.7965524318399, 67.75185578448706, 54.70413344144781, 23.63586802199622, 60.19019527342043, 63.91638391291131, 7.495864555850323, 46.993488049230486, 65.14179848397968, 75.46116275309683, 36.39051607781002, 70.91224065965521, 87.95634333151683, 39.73036463168669, 88.66423481124299, 24.114934375820877, 67.29924807193038, 16.869037399409976, 77.19556720558549, 86.97502883628954, 78.73147793245457, 68.92863311526884, 37.5747717220152, 78.95723051305731, 32.07232399580304, 94.91456928285186, 113.626087398328, 97.45208389064102, 89.92815092313351, 25.93925390908626, 73.04996270694846, 88.12623933174746], [70.51473218712746, 55.24079857111044, 78.8468817802172, 77.88036495132512, 54.960337712046844, 11.916645988695905, 24.18052767323701, 11.89611692619218, 41.730734242605685, 7.980485852462174, 113.96880398575122, 70.29386209988753, 0.0, 57.07911889427854, 53.94356948342342, 22.897434646995038, 68.96531110442965, 81.3882758221545, 71.90818396636402, 74.48807547153294, 68.91179843214564, 55.61280055574465, 12.35478292872979, 77.55015004411494, 83.30495688179823, 70.31692986459721, 77.99328095471292, 62.69757975516585, 31.92891348085527, 47.724898315132194, 31.384524173823532, 23.92189949267808, 112.70236329622756, 47.720137685033365, 55.2305407217033, 12.144111677906299, 100.2657333654726, 70.87588906516731, 92.07183539532191, 5.152290464631194, 74.76512227318854, 75.94829857694242, 102.11643627321465, 17.851165092142537, 81.95026957544657, 33.185289145089605, 47.78781008661531, 86.74526907331006, 68.80935016393035, 18.347681106160056, 26.750478327556305, 46.6412964199275, 58.19666336468807, 43.84768955551055, 10.593162098393949, 45.02822083011806, 62.52011722378638, 86.3832912403788, 81.09463314652838, 88.70280450793267, 46.20655262054178, 3.414370599497879, 17.958336263062662], [44.15308491357625, 47.4058168294045, 63.07725367632251, 69.7646296035697, 8.885894910072068, 68.37078087252218, 51.824241776142784, 47.40423923401952, 22.91182894074149, 50.77543578510192, 97.24613352783574, 27.01257826931312, 57.07911889427854, 0.0, 79.82518662248751, 35.20615767957659, 107.27967901894517, 63.26981852788588, 107.71959889393628, 67.16870266032089, 11.855336767547339, 31.353512831169592, 48.46721881000062, 53.79516713356754, 114.39761682005731, 101.73349755996904, 107.39437998229847, 46.41625889817203, 25.59751621495635, 92.2435636951091, 47.644820509895574, 69.92312021476226, 93.59179015165786, 62.34873428817479, 36.83195795854259, 50.56984522810913, 87.83346893372631, 21.89943699188486, 71.99125274869817, 52.29875080840302, 89.22656639880357, 58.68133408385818, 93.94310750830985, 74.62749375831918, 63.344702130432516, 83.71957546643229, 28.590896173307915, 86.78399324622356, 14.347132712944774, 69.62668887965748, 79.85848165606117, 81.64705551573587, 78.26159728531235, 43.743618086303925, 67.32050079059788, 38.015203770210995, 99.47186922551154, 121.26180047347715, 107.87347708499729, 104.79438577020065, 15.122425382013471, 58.938767857522535, 74.64045609596805], [57.64761668385398, 39.14961729099112, 50.6557256938474, 42.99108120844174, 72.21080057445769, 50.6235592219276, 34.11135420251864, 49.07992162413731, 56.98374141852922, 49.99681869016641, 75.02574159313879, 72.90519450631871, 53.94356948342342, 79.82518662248751, 0.0, 63.91979253605402, 29.883542432896366, 54.05985950739342, 28.82459202244426, 40.75287802735793, 88.42156833108169, 54.48639712118232, 63.030825557664784, 57.65921897018308, 34.65638833339877, 21.93805037826027, 27.80851192938082, 46.83215064994791, 66.53174968774036, 27.96766517584555, 33.644070141424564, 32.73183993802119, 75.9356248741005, 18.2823167655344, 49.284738728777285, 45.256701142650236, 60.88892336541782, 78.43843232149506, 61.88548935196137, 52.49111518414638, 22.568566366495276, 50.86430003728534, 59.00579902727088, 59.746809793121294, 54.79331505158793, 37.02337349484732, 52.58112349387112, 41.24881808045605, 83.14260848234984, 40.275211808763906, 42.08501143081792, 12.41491896194538, 7.55515260356019, 36.781341270078705, 51.66022340107057, 42.78374886733402, 22.44172184886461, 41.55430771945367, 29.203460500321736, 34.91356798985822, 64.74859976165806, 56.82281203832199, 60.273439189130606], [59.273869477746935, 49.38375381578233, 72.51643511896086, 74.60193261058298, 34.858183909635656, 34.75441428390455, 29.838960800805463, 16.818595923449063, 25.913656716915344, 18.62040405925954, 109.0623279278229, 53.13245010160762, 22.897434646995038, 35.20615767957659, 63.91979253605402, 0.0, 85.43887439892765, 74.31424071233735, 87.39212951263751, 71.2646746727835, 47.03075366014475, 42.864176843912844, 13.280532392422094, 67.96890579605504, 97.125306561511, 83.81759128523811, 90.91040151228334, 54.43617595909352, 9.615143297051599, 66.23011780265881, 31.893840231629618, 41.757556142050525, 106.80315326037285, 51.38968743195095, 44.77641019451218, 21.039542260342195, 96.54663143732192, 51.983534271491195, 84.900337357221, 18.866534704025966, 80.97495120897167, 68.77655733852481, 100.19891766993595, 39.759885931496804, 74.72421970626564, 53.95512707211619, 34.897603419492995, 87.46060485762862, 48.127219317206055, 38.80627353775548, 48.507131404545305, 60.51520771397042, 65.75433105835337, 39.04232699140659, 33.48245339703383, 37.021841597209544, 78.16908715158151, 101.8793086496719, 92.99306371364037, 96.31691439036396, 27.271909025450004, 24.181431182874636, 39.7254243490179], [87.44044209564488, 69.0225159677918, 78.7600236834466, 69.87276620651323, 100.29146467018955, 60.82531943622795, 56.99076200446437, 68.83191916203714, 84.42272982121284, 68.18188547044838, 96.80427339267352, 102.60827981528296, 68.96531110442965, 107.27967901894517, 29.883542432896366, 85.43887439892765, 0.0, 82.12056716821164, 5.3137409430541345, 68.28013218517097, 116.72370057649215, 84.00871931527809, 80.5205534221021, 86.85445048856235, 18.352539561027548, 13.221154351703326, 17.898088690773616, 76.67591968838155, 90.32218380576828, 22.280117458492647, 59.67794595319598, 45.11308934579247, 98.87277265016671, 47.91079209478212, 78.97345049460644, 64.58580679642783, 83.67030195719637, 107.90087887632534, 88.59930275526665, 69.64240389980218, 40.3815882000082, 79.60115890471447, 79.49102776693107, 66.84882490261845, 82.84364071696822, 38.793651596228464, 81.36307934485473, 62.430432217874625, 112.02061902915564, 51.026499034451824, 46.29674040464973, 25.736203900965208, 35.370382316232984, 65.76624238725525, 62.30590007252923, 71.72274568879743, 7.830945426252254, 17.74603177860799, 23.122114000816524, 41.70730661507355, 92.18633291164983, 70.8374386876865, 67.39144070383814], [19.24296201041894, 26.16638602408736, 3.4041450080461573, 13.206029767581306, 54.6527437094407, 85.96997285388763, 58.28935591906694, 70.23169771674429, 50.23049973886814, 73.72685261154685, 35.11231649115745, 39.849610001878496, 81.3882758221545, 63.26981852788588, 54.05985950739342, 74.31424071233735, 82.12056716821164, 0.0, 79.37659471382834, 13.93432150514533, 64.6077914768917, 33.62657807460121, 82.72941029112935, 10.223712170846767, 78.52618766102842, 70.46682776347748, 71.81355232346193, 19.885245276340534, 69.45390624350614, 80.8911804861034, 50.26815620428694, 73.29663204735942, 32.507082122406295, 41.0040179122495, 29.956826399425555, 69.24926905537288, 24.56505250790541, 47.34002103102258, 10.734014455099004, 76.9612664579926, 45.17917226921697, 5.5577691768091375, 31.100932031578253, 95.980171495096, 0.7335424813365816, 84.41803213239896, 40.4122776303065, 29.791654896619132, 56.50125289468888, 78.98323242057073, 86.19026962582527, 64.74968444714638, 47.209745568822854, 37.57279797632352, 86.10452538104232, 37.603803915813224, 75.57675504726927, 87.8686728162765, 69.28490606850322, 56.41329758387697, 53.98027065202648, 84.77325930279619, 96.35166785240199], [85.75405498347477, 67.80640943482918, 76.0529727738059, 66.85426466913005, 100.46028799463015, 64.33712906374997, 58.37369838269069, 70.98582422257951, 84.80991195332302, 70.60591429733955, 92.5984074541455, 101.70684811863346, 71.90818396636402, 107.71959889393628, 28.82459202244426, 87.39212951263751, 5.3137409430541345, 79.37659471382834, 0.0, 65.46296797358417, 116.81364880805296, 83.30860002344777, 83.18316276042378, 84.61370882754973, 13.292376986699521, 9.11531339426889, 12.653235870896918, 75.127714822175, 91.79820636643628, 26.380168379068476, 60.35410358167738, 47.986307013201206, 94.83424506071242, 47.1002383591333, 78.09949371233172, 66.76464515182228, 79.69183432205404, 107.2589113277084, 85.39705178120893, 72.25682404928325, 36.47383731754482, 77.14999953330673, 75.21105303845236, 70.81650599408346, 80.09160845677778, 42.84276934373283, 81.15888731968386, 58.4182884868188, 111.79928593549764, 54.28709440751932, 50.269701739385575, 26.977841463932943, 33.41076903264626, 65.41713767675607, 65.78079862128345, 71.41360624876452, 9.393841037512466, 14.550988219841143, 17.87606667061245, 36.69066341893063, 92.59776853695631, 73.95134405515189, 71.36309252743965], [26.64654838443761, 22.130141536117446, 10.683655267250163, 3.4091740585248465, 58.28557749346661, 77.42645598176594, 50.47550270410894, 64.19611663265917, 49.99091148531111, 67.2991157671707, 39.52201886387247, 47.57464510265232, 74.48807547153294, 67.16870266032089, 40.75287802735793, 71.2646746727835, 68.28013218517097, 13.93432150514533, 65.46296797358417, 0.0, 70.77401471366952, 35.84661842944505, 77.76409747834394, 21.057687349255687, 64.71100258546386, 56.53740759027216, 57.94156541055339, 20.760750067890616, 68.10206823736877, 68.14510154711867, 43.181699653552776, 63.11542509751261, 38.668357814402256, 29.853664926793456, 30.645682507083144, 62.46420375838368, 25.827672676200898, 54.90623527482868, 21.22318781499964, 70.54340626149109, 31.50983727516534, 12.862727272170165, 28.955175706651648, 87.53094167887208, 14.641511244510525, 73.12057075180422, 40.56622264780427, 19.874704329115826, 63.14278912081695, 69.43261360892832, 75.67716939363201, 51.98442690896545, 33.65627996571063, 32.34715724121932, 77.77222569828325, 34.58851974384213, 61.861538691162345, 74.00451392042599, 55.54557425713111, 43.78896012418273, 55.407702244268364, 77.9016829139822, 87.94868500638438], [45.47280816204096, 53.18189939855122, 65.03934558822692, 72.97937144686306, 16.476336698441127, 80.14222271342823, 62.46174607630634, 59.06811059701085, 32.64182656896636, 62.50958826873806, 96.87136595299675, 25.12533708748758, 68.91179843214564, 11.855336767547339, 88.42156833108169, 47.03075366014475, 116.72370057649215, 64.6077914768917, 116.81364880805296, 70.77401471366952, 0.0, 36.245446220973484, 60.274305667250694, 54.55699769132951, 122.67243683969792, 110.34664776985187, 115.57255537300799, 50.30180994428529, 37.432148148873885, 102.72004442029947, 57.53104250569422, 81.01847211997718, 92.77818653102284, 70.45194044652445, 42.026638157966794, 62.10387228372385, 88.91009611990293, 17.984949204856722, 72.10989841897018, 64.10271753735954, 95.64926657317638, 60.69525801415761, 95.70526815709869, 86.48121319201888, 64.54745474854424, 94.92450976143888, 35.92787407619137, 90.64559600278825, 8.274683183795373, 81.08458692908036, 91.32215077937319, 91.3206839250175, 86.10766346422238, 51.708938939496726, 79.11307577816068, 45.738042050369785, 108.89317292719655, 129.97560311302414, 115.64134035026453, 110.90524382654894, 25.18304656069253, 70.79240183838998, 86.4952384597821], [16.47994269514109, 16.983706127282538, 32.76438785012411, 38.53114134067233, 22.468171028397045, 63.53952673390581, 37.68935268406948, 43.71693543813893, 17.250163631738353, 47.64526295817346, 68.66020825619385, 18.842432648646238, 55.61280055574465, 31.353512831169592, 54.48639712118232, 42.864176843912844, 84.00871931527809, 33.62657807460121, 83.30860002344777, 35.84661842944505, 36.245446220973484, 0.0, 53.42293411179358, 25.660053303636705, 87.74169453875552, 76.03920455077996, 80.57523143682582, 15.152704351287118, 36.60092885064978, 73.78664077242883, 29.942659795560786, 56.813512403362196, 65.69505900723885, 36.208846044899985, 5.78392815614951, 44.39615033106866, 57.80188357337859, 23.95334684035661, 43.54899217662911, 50.57158008848602, 59.46333833708253, 28.4750210076181, 63.27697130122187, 72.6302162508923, 33.863370443774514, 70.48497755150866, 8.087129993975568, 55.432567128735045, 29.58575674065479, 59.90534067273454, 69.34422159913976, 59.90729469439778, 51.043458581663344, 18.735304153993873, 63.146580578250074, 13.381332954223078, 76.27181465654554, 95.62396059514519, 80.18468464000239, 74.66136626438173, 20.36710611402145, 58.696980802234876, 72.87033881301605], [69.42043590857962, 56.83076744815884, 80.55959345936705, 81.16835714388515, 47.964269906432726, 23.876176576742434, 30.099793631552885, 14.450150734887952, 37.391292001293536, 13.046113958367467, 116.69111812858739, 65.53497782646697, 12.35478292872979, 48.46721881000062, 63.030825557664784, 13.280532392422094, 80.5205534221021, 82.72941029112935, 83.18316276042378, 77.76409747834394, 60.274305667250694, 53.42293411179358, 0.0, 77.4755955418888, 94.0968130606901, 80.92698225127877, 88.44511861460724, 63.1537086375628, 22.892785144767004, 59.71006725322014, 35.247254333224014, 35.44204328228872, 114.89476866852411, 53.863991907797526, 54.336729623471776, 17.838250163935054, 103.52264648063023, 64.8882900498797, 93.45309669412973, 10.936253182975873, 82.5091037822946, 77.17888584627084, 106.29438614527842, 27.11187449167293, 83.21497996146029, 45.513006363500985, 45.33657356590039, 92.0903598746357, 61.36738466483148, 30.538697232962978, 39.09293038363661, 57.15810349479202, 66.32210069271625, 45.64428548117695, 22.404381125796384, 45.181966091892335, 73.79495840265892, 97.72065191349381, 91.19556183499093, 97.16066029471403, 39.991774942252114, 12.256733220307162, 27.01172815494813], [9.714050678864112, 23.333612827341035, 11.605404585088264, 21.64796235063767, 45.36578166878197, 83.39931447645428, 55.720595726901585, 65.9585579399778, 42.83763795506624, 69.66990201974589, 43.58455847907447, 29.675167473357455, 77.55015004411494, 53.79516713356754, 57.65921897018308, 67.96890579605504, 86.85445048856235, 10.223712170846767, 84.61370882754973, 21.057687349255687, 54.55699769132951, 25.660053303636705, 77.4755955418888, 0.0, 85.1153018521004, 75.97599158115268, 78.1811271475333, 14.948759245355555, 62.21412309397903, 83.06794519733843, 47.43355444057311, 72.46409604572656, 40.26748124249958, 42.258514722055466, 23.23773790403298, 65.55924256971596, 34.37059296932034, 37.15606474335912, 18.272902064094232, 72.83492462343519, 52.32266292260183, 8.202416180725931, 41.23707358841749, 93.19670726750657, 10.062241027448074, 84.60333453849552, 33.21075715421508, 39.28009916541406, 46.402316925357425, 77.43414137989157, 85.48577794093524, 67.19811624637292, 51.490473685615314, 34.138522928780844, 83.35038748615932, 32.60454578617132, 79.86623859230896, 94.21569948386667, 76.14883197311075, 64.81304461061848, 45.63038447141072, 80.86004890002552, 93.52413939604168], [87.72575794867326, 71.31179886145887, 75.37739035822443, 65.44872326159701, 106.62552506585402, 76.5198201502692, 67.47214407824164, 81.1976858902861, 91.6054189397814, 81.24737331271454, 86.64569058865236, 105.42801575270565, 83.30495688179823, 114.39761682005731, 34.65638833339877, 97.125306561511, 18.352539561027548, 78.52618766102842, 13.292376986699521, 64.71100258546386, 122.67243683969792, 87.74169453875552, 94.0968130606901, 85.1153018521004, 0.0, 13.307740481110162, 7.175292134467337, 77.64561795328133, 100.64767907477851, 39.38271055579158, 68.12537715606446, 59.517342369271624, 89.48863753806114, 52.225925932385515, 82.2116533368379, 77.0613999483115, 74.77144516354795, 111.53946115652698, 83.03445222023007, 83.17371010538724, 33.44974728763063, 77.19547161476157, 69.20380362266634, 83.48029904723498, 79.20389159341046, 55.689478424089444, 86.74479453638742, 53.849616619277036, 117.00587723285189, 66.23526595600175, 63.012369034564834, 36.96051813356561, 36.70949901563889, 70.97722434777093, 77.91163517518986, 76.93521243108076, 21.640418590739337, 9.600510823763136, 9.521304837327635, 28.161161628100295, 99.3543236806989, 85.57234516106186, 84.02946790584576], [77.52334373276285, 60.074977939948774, 67.16427005210612, 57.846128366426335, 94.14883088292511, 64.0461794111648, 54.17963993386098, 67.91765790789843, 78.86404041351364, 68.0318525209411, 83.64889749029525, 94.1597026037371, 70.31692986459721, 101.73349755996904, 21.93805037826027, 83.81759128523811, 13.221154351703326, 70.46682776347748, 9.11531339426889, 56.53740759027216, 110.34664776985187, 76.03920455077996, 80.92698225127877, 75.97599158115268, 13.307740481110162, 0.0, 7.84686477884084, 67.04837354999894, 87.40523074045146, 28.690027574083476, 55.04229815626741, 46.68806328817114, 85.80507150032886, 40.01404017923938, 70.66683386205065, 63.79463772125867, 70.63847146491572, 99.96882153026752, 76.32515445517, 70.0199523674136, 27.383122630808774, 68.39554138107053, 66.3048631703574, 71.5098087171559, 71.17743566779306, 44.25628150221298, 74.47546228576698, 49.37049493203163, 104.97038046048887, 53.6283376303763, 51.304923718636296, 23.770926639264342, 25.3116997800523, 58.669582031392736, 65.38748465120992, 64.6661365990124, 11.20246394545437, 19.64313595691094, 12.169290621852943, 29.0068051116609, 86.64037633350709, 72.68462774405128, 72.06005865133616], [80.62751445656592, 64.13669373676359, 68.62293306327481, 58.81686032615539, 99.5656565896945, 71.87641936301361, 61.138121711630504, 75.23736049156764, 84.64445028969118, 75.49647809219502, 81.60369413075689, 98.25426926925371, 77.99328095471292, 107.39437998229847, 27.80851192938082, 90.91040151228334, 17.898088690773616, 71.81355232346193, 12.653235870896918, 57.94156541055339, 115.57255537300799, 80.57523143682582, 88.44511861460724, 78.1811271475333, 7.175292134467337, 7.84686477884084, 0.0, 70.5019337448532, 94.12300184725382, 36.250260187317025, 61.41066146550181, 54.454373818809245, 84.1856078670835, 45.14611638839801, 75.03935228382291, 71.15885455810476, 69.2558676199675, 104.36570104761665, 76.68951084925057, 77.56460974688665, 26.99978414203335, 70.31731083502517, 64.13954758325805, 79.35311574026072, 72.50034601907998, 52.02796417204027, 79.64552623398065, 48.10742672720289, 109.86184880676944, 61.44375135271638, 59.12142372405789, 31.365318096224, 29.55387465962423, 63.89582135064097, 73.2109586600835, 69.84135858069276, 18.42461835819023, 16.06513695472056, 5.225024801057375, 24.30495597080837, 92.3772055140996, 80.40962671677966, 79.90338241809084], [10.927126522625132, 8.825309714388956, 18.327749471437937, 23.381203663327735, 37.53663132734444, 68.45728307753406, 40.804278619652315, 51.196970858911136, 30.637676636543762, 54.85594196669099, 54.851261684422816, 28.48329715529302, 62.69757975516585, 46.41625889817203, 46.83215064994791, 54.43617595909352, 76.67591968838155, 19.885245276340534, 75.127714822175, 20.760750067890616, 50.30180994428529, 15.152704351287118, 63.1537086375628, 14.948759245355555, 77.64561795328133, 67.04837354999894, 70.5019337448532, 0.0, 49.68774029948297, 70.29476578922996, 32.505645988526474, 57.931870743164545, 52.390526352768255, 29.68070172866835, 10.401977716429133, 50.6649456816605, 43.179778754869524, 35.389774793682136, 30.47893229574392, 58.043788814979045, 46.990415816913426, 14.369739472976681, 48.275934412302774, 78.24795492027626, 20.28804944670994, 70.46644041302555, 20.84567659188087, 40.5046825989679, 42.92547318936265, 62.65448768395691, 70.94544222805516, 54.90649409454655, 41.77198390726972, 19.19404747662551, 68.40225590825946, 17.988872749231433, 69.26786812384339, 86.18904813608248, 69.3555039694252, 61.50078546372051, 35.17632531509823, 66.02730627958064, 78.57566088575449], [53.04824722226333, 45.97243659928024, 68.00978576907394, 71.32402816457493, 25.56907702761452, 43.58457803006005, 33.424792600326604, 23.773014762752396, 19.37660853471137, 26.50675332006395, 104.52519664852832, 44.62251793140596, 31.92891348085527, 25.59751621495635, 66.53174968774036, 9.615143297051599, 90.32218380576828, 69.45390624350614, 91.79820636643628, 68.10206823736877, 37.432148148873885, 36.60092885064978, 22.892785144767004, 62.21412309397903, 100.64767907477851, 87.40523074045146, 94.12300184725382, 49.68774029948297, 0.0, 72.3496678486555, 33.07688656527364, 48.34549809025863, 101.89796267282567, 52.00265656862506, 39.50229375399654, 27.63655893701545, 92.6496139151063, 42.88914521327406, 79.78990383495714, 27.453134296041164, 81.52070272383551, 64.01328879142106, 96.98328132588486, 49.18489470879618, 69.79141446916587, 61.33868377307695, 29.10289620120053, 85.55609955463038, 38.59879351448105, 46.44737321211399, 56.46847361350167, 64.8309033602408, 67.30588564693032, 36.908888752565296, 42.407921216701375, 33.54252975433609, 82.79932835398219, 106.10690187214175, 95.72724096028541, 97.15204603547018, 18.7237439542922, 33.52417089347855, 49.173366026930104], [81.16756295244859, 61.67032530914906, 77.51129378118905, 70.61274197960141, 86.32415534504632, 38.79283908296933, 40.4264510167557, 49.412207930460596, 70.10847509502305, 48.08136913002355, 102.90302107789643, 92.58762170762773, 47.724898315132194, 92.2435636951091, 27.96766517584555, 66.23011780265881, 22.280117458492647, 80.8911804861034, 26.380168379068476, 68.14510154711867, 102.72004442029947, 73.78664077242883, 59.71006725322014, 83.06794519733843, 39.38271055579158, 28.690027574083476, 36.250260187317025, 70.29476578922996, 72.3496678486555, 0.0, 45.47033944798762, 24.55767334850374, 103.89649259044168, 40.85033357257842, 69.66359686853998, 45.20888540736072, 88.81915268152912, 96.74060851105023, 89.36791532889201, 49.06904646096319, 48.21110504421394, 77.10594570208397, 86.59875259775693, 44.56987909313464, 81.62080248040917, 16.519049379729235, 69.32207035680352, 68.79196074718128, 99.20468682819235, 29.438482498123257, 24.016665349372474, 16.167405708973124, 35.51439035916213, 55.08171918196934, 40.30705858642618, 60.52768354706081, 17.910908957528086, 40.019163893295236, 40.85924771508014, 55.835880556921495, 77.56755128532824, 49.2834891506688, 45.11290131756758], [41.769554620194825, 24.346026036668142, 47.60348851781143, 46.5846473175261, 41.06185760417119, 35.980797235974315, 8.31254056853089, 21.161267420130546, 24.923457740010242, 24.123339048685047, 82.60947028716103, 48.151536767956955, 31.384524173823532, 47.644820509895574, 33.644070141424564, 31.893840231629618, 59.67794595319598, 50.26815620428694, 60.35410358167738, 43.181699653552776, 57.53104250569422, 29.942659795560786, 35.247254333224014, 47.43355444057311, 68.12537715606446, 55.04229815626741, 61.41066146550181, 32.505645988526474, 33.07688656527364, 45.47033944798762, 0.0, 26.880952689442754, 81.32036842134997, 19.496522240642705, 27.290362008010067, 19.296282187158745, 69.00046694937872, 51.595127254334955, 60.8793530243175, 27.36420374463554, 49.095022858797925, 44.924257610845565, 71.25994403476426, 45.85911022365877, 50.8595760183729, 40.56930433946159, 24.210022804495388, 56.85304584681552, 53.73770966109512, 30.50946731451168, 39.54690389819088, 34.00509258446023, 34.27204324667332, 13.335408460927798, 35.98580144425132, 16.778766579863458, 51.891429577097405, 74.25192033741492, 62.76508281519303, 64.51683710516478, 32.61036563922902, 34.79730931265552, 46.20755479002304], [67.97263803124454, 49.19987175070016, 70.2040859465595, 66.25602234027947, 65.02397165262273, 17.983253500535863, 19.41128820949833, 24.96957643582781, 49.08417238788346, 23.525194221610445, 101.8693701517774, 74.7965524318399, 23.92189949267808, 69.92312021476226, 32.731839