instance_id,num_cities,city_coordinates,distance_matrix,best_route,total_distance
2261,70,"[[22.913876312726998, 57.657261567584825], [60.3746531570575, 21.137750730915062], [44.24759680464353, 84.62655910077996], [6.7146304198060776, 49.544813866189095], [14.373234589551764, 69.1927617949091], [61.4334477971763, 61.47024518533563], [94.78841824132894, 84.49539772780948], [51.58895244116661, 39.45343713192039], [21.53250533418238, 37.08246351838022], [30.050703815521107, 99.48534005272649], [82.540949573847, 67.51656783728112], [85.11583336116253, 10.030795963959093], [58.82301572915731, 94.31387250402547], [67.06388834609925, 33.75078116754305], [37.55400135083151, 82.68382345316459], [32.61019152053072, 42.36913773581249], [86.76822209586463, 5.8407727938813885], [75.6355525532178, 36.96636008039659], [95.51642168375689, 78.88214650007784], [94.81002350858041, 13.125040837964885], [53.63310054551212, 59.45734640153291], [32.337107556255184, 22.917613171347206], [82.49086789907238, 93.5203510994012], [23.39298368719391, 17.262053564726678], [32.15426374914051, 3.555780476839565], [18.934224331031025, 94.3666476268762], [12.323183484373779, 80.1814588965054], [63.05801344239546, 78.98049038665297], [13.460878597403237, 6.4777508885006], [93.5350311535681, 99.82305312990466], [60.20434098441688, 96.89878600813327], [11.30954589471449, 3.4604883417254984], [55.553658626312306, 70.24961721965816], [74.98474779450865, 4.58549472075922], [79.37250306696484, 69.04376900189207], [19.766335715513428, 63.66324804675365], [83.20212306083458, 5.055879210433412], [33.9337702075186, 41.30072131051152], [13.25550697038681, 7.16272382010329], [92.07774661772935, 67.79942014889905], [44.5575529192741, 74.78922180895165], [74.22608152325651, 91.61576637454293], [81.6660017906954, 13.639147924548055], [74.77457841635882, 57.64149126482248], [54.891428443599686, 78.97888144383927], [92.95864223357593, 23.02825020718973], [58.650386058167925, 45.38468350164192], [89.73703282458611, 34.40873889032686], [86.37920979374272, 83.46217125196394], [10.208694291621711, 79.63023631402936], [72.13316651535875, 70.09045189314223], [70.02288193464375, 1.3615695475433398], [92.10160490628202, 84.01965222786238], [92.31187182725388, 45.125314107298195], [7.9792421258683905, 95.24554666045363], [67.44196791535562, 33.1440260489999], [91.64913729285149, 59.964923087592226], [98.15951420501538, 77.80331260110266], [3.9308532609444113, 68.86835397579573], [67.5582518962575, 3.8753128694111183], [1.2392991429319156, 68.4914555202144], [30.413103650386986, 2.61181106546704], [6.665917437211233, 68.785450471039], [42.09957248896279, 50.654295089225755], [78.12800697862417, 9.472145984625191], [17.944955042164757, 61.1908225141825], [30.72487703941623, 73.1968171948184], [17.720918094107617, 50.635628657347674], [11.566784520873274, 43.321598608592204], [42.54444757656235, 99.70131964117786]]","[[0.0, 52.31619704766745, 34.38707081827739, 18.11704653654111, 14.353059831904837, 38.707831654780605, 76.72180478847663, 33.965264831240475, 20.62111782968903, 42.432563634121955, 60.43669237976748, 78.34132808772624, 51.31445623773294, 50.20700516526051, 28.994172879116395, 18.103736048249573, 82.23336296314193, 56.63645954647643, 75.64142604915658, 84.57053071087714, 30.77191971381608, 35.995006011434704, 69.53832840417252, 40.39804912951173, 54.8849252180168, 36.92447230151723, 24.88980192562177, 45.45582287403854, 52.045186897122505, 82.25145280863468, 54.133871059150316, 55.42518121346679, 34.98460819198265, 74.35044110908851, 57.595391191707996, 6.780773215428039, 80.00986265357506, 19.722435717571116, 51.409944958975544, 69.9035359352852, 27.603492510198198, 61.531475297539295, 73.41257778385284, 51.8607045014247, 38.434038487129726, 78.13730006024582, 37.785106869911814, 70.7518766739328, 68.51088904455625, 25.381750715766366, 50.765369591114144, 73.4061533572026, 74.03997183454705, 70.5204331281486, 40.44653847386781, 50.829613980057914, 68.77398784203768, 77.89588817172887, 22.04640009547938, 69.89719791963283, 24.231530164077494, 55.553938039017595, 19.69346987941465, 20.423821318838684, 73.28305117101733, 6.097231466523649, 17.392225891018843, 8.733277951974964, 18.28299003463567, 46.40110071367038], [52.31619704766745, 0.0, 65.5050435830659, 60.715395709274475, 66.523789719043, 40.34638961550104, 72.10061483967043, 20.31385993377864, 41.98745423777009, 84.01122934588736, 51.403690266582295, 27.11992702953318, 73.19257050043224, 14.277058668003662, 65.64069786644131, 34.95192589998289, 30.506032441693552, 21.98726732266245, 67.59703497883487, 35.35531432578595, 38.90809612373584, 28.093982872208247, 75.68598146697238, 37.1842023620548, 33.2493015919082, 84.14143142283874, 76.12557527958816, 57.90494757188201, 49.15096986645997, 85.38727939507093, 75.76122670939306, 52.15237632401309, 49.34792212721426, 22.07786321954684, 51.53547213113071, 58.80011366819462, 27.923466364495777, 33.25155144869017, 49.14789226934107, 56.41274260173242, 55.93443491061195, 71.82626787497313, 22.57322685587441, 39.24131649728765, 58.10044883998625, 32.63878570670893, 24.30816418030085, 32.222173521774494, 67.53199507755645, 77.05838240308078, 50.34510490083089, 22.004219157747663, 70.43247122719326, 39.9423225804902, 90.75926682527458, 13.931890930757085, 49.85621998482382, 68.10786758134147, 73.91963901990235, 18.697482498136498, 75.75858665292054, 35.226479945184536, 71.79785221821957, 34.716062050317454, 21.2430672458192, 58.34833195042089, 59.910396634635596, 51.860060904158615, 53.612789028989496, 80.56147088379366], [34.38707081827739, 65.5050435830659, 0.0, 51.37560135268566, 33.62557980224592, 28.836926821146186, 50.540991628584806, 45.765778164425136, 52.691710972977326, 20.550794192014145, 41.94201553744968, 85.05727856688267, 17.501053619647436, 55.757761253629425, 6.969823663178888, 43.830569950242555, 89.52767001968006, 57.0674893151697, 51.589637337476006, 87.57297590055202, 26.86218435588955, 62.84786203092059, 39.26381693259988, 70.51873151436754, 81.96779764690078, 27.122613267973183, 32.23239180807807, 19.639497600765104, 83.99439411634353, 51.57697757213748, 20.130207104853575, 87.59478432080824, 18.28998337256079, 85.73998156088203, 38.4263241437801, 32.230304914195536, 88.59428996304602, 44.53653825011789, 83.43353887188559, 50.703804950399345, 9.842219149469937, 30.782439220109463, 80.24555799048073, 40.7442080845024, 12.049374044951513, 78.53099773547814, 41.80149684903237, 67.75779110996639, 42.14769996246179, 34.40363535559006, 31.446834671284417, 87.16320214880481, 47.85785648505454, 62.21352657970929, 37.79095722389067, 56.466185107983534, 53.43315760370312, 54.34198681111941, 43.28695922248967, 84.04850033593311, 45.93533754435651, 83.173385744065, 40.7838613509773, 34.040104737375536, 82.43826783958302, 35.228720002885076, 17.70601451162183, 43.11667932276616, 52.67006030742912, 15.17066651942001], [18.11704653654111, 60.715395709274475, 51.37560135268566, 0.0, 21.087818181085943, 56.00325782778779, 94.75513396908259, 45.995006916726325, 19.361807590450706, 55.123756016062856, 77.92698260068804, 87.79582127544289, 68.6989987617421, 62.381763369915724, 45.26876136837665, 26.87136789687901, 91.20647316000695, 70.05933918729978, 93.52238885827138, 95.32679660459085, 47.95415665196313, 36.95293156775583, 87.61213409947158, 36.33653919119794, 52.55631395006397, 46.45767167030561, 31.145784404822376, 63.56914237778894, 43.59224447075328, 100.32787911159319, 71.43911963277446, 46.31283091397328, 53.04657913628112, 81.74441451485407, 75.22882232891128, 19.226991310054956, 88.48503736403961, 28.440229127938004, 42.88385037195777, 87.29313980810234, 45.490294741640845, 79.54722543906696, 83.1079112785882, 68.53986216933184, 56.456781718329296, 90.22836428759771, 52.10210550810458, 84.3908766795093, 86.58424994686175, 30.287639825601108, 68.56900252169132, 79.55853029648206, 92.08392852185224, 85.7112578059833, 45.71822635120347, 62.903063203017695, 85.57131022692927, 95.7115955422411, 19.523027880884058, 76.07660347087273, 19.72192897658754, 52.57684267197056, 19.240698269931976, 35.40233147437959, 81.8882718261759, 16.17868068022522, 33.70325213079581, 11.060210001536694, 7.891248796159576, 61.63968582855584], [14.353059831904837, 66.523789719043, 33.62557980224592, 21.087818181085943, 0.0, 47.689631262279825, 81.8582459392085, 47.638609201168464, 32.89872965636481, 34.10899205249557, 68.18832005823063, 92.22067816896383, 51.05735252261435, 63.50148804621008, 26.820825720094888, 32.435989360063125, 96.20035720529074, 69.22147477298107, 81.71964872519911, 98.04930568295796, 40.448923196564344, 49.639602255624496, 72.33148394066272, 52.70819984663442, 68.00278166753736, 25.583728330772917, 11.178290277339931, 49.65890980414227, 62.72164687288868, 84.8811214729719, 53.554776547766586, 65.80363182790886, 41.19398338636635, 88.58811710260692, 64.9994392395134, 7.724057356460342, 94.07951740866399, 34.067293347799485, 62.04010739986268, 77.71700322631916, 30.698753031984687, 63.91521274663622, 87.26122009028114, 61.49596886742586, 41.68323609051226, 91.14180393601022, 50.272166595374806, 83.00379710493652, 73.4062429998951, 11.237627428882307, 57.76690733963801, 87.73798431313656, 79.12986940470428, 81.57005095417077, 26.825934072758503, 64.15451508415971, 77.82491982532396, 84.22756221681057, 10.447419214578755, 84.23191319238586, 13.15264577212142, 68.48576786110478, 7.718072311226125, 33.35302926437187, 87.35687125316453, 8.7628887499528, 16.83474592780516, 18.856674551252556, 26.022936932656627, 41.5257672177004], [38.707831654780605, 40.34638961550104, 28.836926821146186, 56.00325782778779, 47.689631262279825, 0.0, 40.530379999877695, 24.11750247590796, 46.7637584467955, 49.295274191293856, 21.956426140508068, 56.62925323717309, 32.94720338709693, 28.285518312533235, 31.941256479812342, 34.57791792730466, 61.12682706731185, 28.322079103371454, 38.273011592343444, 58.74737942758065, 8.055878521947767, 48.30012888824884, 38.34871875891759, 58.32187510760725, 64.89496005846979, 53.74343949563658, 52.554044367854246, 17.585445702224426, 72.9763100232839, 50.01449321167184, 35.449854843000566, 76.66509917154211, 10.566422952487473, 58.47659845643234, 19.47223579798878, 41.72478269297569, 60.468635763384086, 34.1034010162069, 72.59766428160617, 31.291077097516904, 21.498627077802798, 32.74757892453412, 51.93428642305184, 13.879665802242293, 18.690916533309956, 49.71543887116553, 16.324543709489934, 39.158882113239855, 33.255613867577054, 54.34851101455368, 13.740158089830622, 60.719282486959735, 38.0658852312454, 34.93757064432309, 63.23071321506341, 28.95646740488691, 30.25316324480815, 40.19419168239358, 57.97655036369246, 57.919681056857065, 60.60225182925037, 66.53252601568768, 55.253910360278375, 22.15363425975718, 54.612366976260866, 43.489390420329485, 32.871398039601864, 45.035254727271294, 53.066538222120066, 42.642811626140535], [76.72180478847663, 72.10061483967043, 50.540991628584806, 94.75513396908259, 81.8582459392085, 40.530379999877695, 0.0, 62.409711261477725, 87.26061600863879, 66.45050819957501, 20.935165468953215, 75.09018453907844, 37.281531953417776, 57.82443832636812, 57.263079537759864, 75.10495096234543, 79.06246625111453, 51.24296716385592, 5.660263099699314, 71.37036016002273, 48.17327255710237, 87.70398940279564, 15.253836493805064, 98.06951943659823, 102.34382712056862, 76.49379261319771, 82.57799350771343, 32.20609867223477, 112.69836699294906, 15.378816577264438, 36.74101850173095, 116.34164631581072, 41.74097057250303, 82.32726135225467, 21.826664219407995, 77.86071748220785, 80.28000584380946, 74.62619016212749, 112.37418775693529, 16.914591569602496, 51.16003989414225, 21.760269781709383, 72.06112648082906, 33.49158217914488, 40.27656572786986, 61.49437620270799, 53.25040222713934, 50.34073785842692, 8.472446144139466, 84.71953434120618, 26.847027680299593, 86.74425154708382, 2.7286076445883287, 39.44789939181957, 87.4722742354346, 58.178962853648166, 24.73053317152332, 7.493216354775404, 92.19165694677663, 85.09453591010185, 94.90818642388082, 104.15902694136543, 89.51188519287389, 62.6205612759243, 76.85087901620686, 80.29957074809862, 65.05225002557293, 84.17769027745392, 92.8499975929528, 54.41187859334071], [33.965264831240475, 20.31385993377864, 45.765778164425136, 45.995006916726325, 47.638609201168464, 24.11750247590796, 62.409711261477725, 0.0, 30.149818052038793, 63.778723114791255, 41.77996447446569, 44.606541644944826, 55.335332662518375, 16.492238365662242, 45.45158032007376, 19.20142380382749, 48.655854913254124, 24.17487392333447, 59.02749932444489, 50.60874860758764, 20.108081150109502, 25.378475240403166, 62.274871055141716, 35.88133440385572, 40.820936758997036, 63.88890322121835, 56.57360134041978, 41.15734805903284, 50.40977978785404, 73.51165931395549, 58.08780446239108, 54.017802198423084, 31.050339823114804, 41.9897207445288, 40.58957286731846, 39.98492065516451, 46.7181393849358, 17.751561016986464, 50.12128497801319, 49.425066586408384, 36.028575575201245, 56.862537800338764, 39.63592341368938, 29.46826369168846, 39.66317052129402, 44.51109972841065, 9.221904804629634, 38.48018993311457, 56.09929309275796, 57.67582645305127, 36.88755081874588, 42.317846502819606, 60.228087614808004, 41.11601089295487, 70.81360264404063, 17.06243733580159, 45.00599367263082, 60.328518724582004, 56.004747570219415, 38.997710844675446, 58.12309437023581, 42.49378758395559, 53.65115171636889, 14.680175436861056, 40.0399704620399, 40.05536773318934, 39.672727917791434, 35.666302833976296, 40.20866322385967, 60.92298757525884], [20.62111782968903, 41.98745423777009, 52.691710972977326, 19.361807590450706, 32.89872965636481, 46.7637584467955, 87.26061600863879, 30.149818052038793, 0.0, 62.98157433034161, 68.17818547187956, 69.09871431844068, 68.3082450367445, 45.653115405903584, 48.33396696437466, 12.274528729221169, 72.33078169587046, 54.103171796055435, 84.97548691117493, 77.09444059909453, 39.12906332838092, 17.815229847831375, 83.07320338834023, 19.907537025782798, 35.16902369406441, 57.34307990636185, 44.07192997290926, 58.98993540511615, 31.651217880760942, 95.50259320653568, 71.22852875608821, 35.141800103019655, 47.51314508607905, 62.555536965731974, 66.083208048177, 26.639396788698605, 69.48988309808443, 13.09904841045788, 31.04351019982958, 76.94259218661037, 44.18090579740659, 75.83201231667087, 64.5416643891175, 57.07356628043143, 53.55490253940102, 72.79570003899512, 38.035035507943036, 68.25691447447575, 79.72560673157781, 44.02887309934016, 60.41485089380452, 60.22706110155419, 84.7531562737722, 71.23486622965044, 59.72131264620346, 46.07808637728313, 73.75601014943852, 86.77491595218389, 36.334019704378164, 56.754596296861266, 37.3943711819291, 35.59622040306113, 35.015636755866964, 24.64140546999393, 62.97126678653363, 24.373827983479256, 37.265885727217686, 14.078937551279335, 11.757652742054292, 66.05015411734286], [42.432563634121955, 84.01122934588736, 20.550794192014145, 55.123756016062856, 34.10899205249557, 49.295274191293856, 66.45050819957501, 63.778723114791255, 62.98157433034161, 0.0, 61.459159583681924, 105.04419998270967, 29.23337150352042, 75.43877027712128, 18.40082699089226, 57.173521357519576, 109.48142242854478, 77.37313029223566, 68.63127421643392, 107.94383154016265, 46.45825772960803, 76.60185664751954, 52.778327960660846, 82.49238800152912, 95.95262041663047, 12.238346631777755, 26.208868819251798, 38.85783509966333, 94.47557326054778, 63.48522558585421, 30.264370079996944, 97.83661454860518, 38.79598166889517, 105.00023310610742, 57.95971988754531, 37.26916289509114, 108.36049299794293, 58.31404687364421, 93.83786072318053, 69.6516443376518, 28.641699098160487, 44.87086120744114, 100.16839665270757, 61.24649084393678, 32.21143344724097, 99.01058177618319, 61.19495782855624, 88.30301178005418, 58.56314988246686, 28.070099508568525, 51.33218402520678, 105.95305263059068, 63.949212865144354, 82.65267970836067, 22.474992082912244, 76.15298139091222, 73.18627169052382, 71.47671206123749, 40.244831089574625, 102.70391161500645, 42.31687509283248, 96.8742068462277, 38.59185735731038, 50.29558816175903, 102.04803861798906, 40.16241062079656, 26.297166075198547, 50.38172207604435, 59.12716064123679, 12.495610443239041], [60.43669237976748, 51.403690266582295, 41.94201553744968, 77.92698260068804, 68.18832005823063, 21.956426140508068, 20.935165468953215, 41.77996447446569, 68.17818547187956, 61.459159583681924, 0.0, 57.54340965210353, 35.78597383421884, 37.14387935681616, 47.47495290506169, 55.905937435008276, 61.82049439474628, 31.320914769548512, 17.249326213370466, 55.75812393304944, 30.01024467736685, 67.15275504863033, 26.003831489176065, 77.61441923572613, 81.42358643639629, 69.04159819139984, 71.3507823372526, 22.60544891215869, 92.18347672233482, 34.125925947057674, 36.90851971993672, 95.79715126474521, 27.12532823051916, 63.383090402149854, 3.517299626725429, 62.892767616562686, 62.46418793292615, 55.22615770688342, 91.88611997688884, 9.540990686841207, 38.67337478434323, 25.493301097290097, 53.88452384568511, 12.563186628709524, 29.931265458498093, 45.69177963166318, 32.56653695655723, 33.8808493360534, 16.40105209350846, 73.33959447786422, 10.721325819392446, 67.32893743506484, 19.07243887887087, 24.430291960649917, 79.55089241569762, 37.542654089856214, 11.831585774955444, 18.70178277528626, 78.6217181705418, 65.38111779086897, 81.30749515748872, 83.24625980924507, 75.8856413616816, 43.8159927737762, 58.21193151371815, 64.90498874069561, 52.1264866038101, 66.9821064809925, 74.98485607737045, 51.33788484829922], [78.34132808772624, 27.11992702953318, 85.05727856688267, 87.79582127544289, 92.22067816896383, 56.62925323717309, 75.09018453907844, 44.606541644944826, 69.09871431844068, 105.04419998270967, 57.54340965210353, 0.0, 88.28900979220784, 29.80789185576716, 86.83657217743108, 61.6653125642764, 4.504074010976999, 28.55521560885507, 69.63246877788828, 10.176034294095373, 58.601590027060354, 54.32921824696382, 83.53081024622708, 62.145001877576505, 53.35591514843965, 107.2032707034946, 101.0934487786448, 72.39204224603435, 71.74299039979189, 90.18609836567357, 90.36940935267532, 74.09815795167074, 67.08374325035575, 11.501747710155037, 59.29179394860686, 84.53991222465253, 5.330298661247022, 59.97842795407827, 71.91753852024678, 58.186615096710945, 76.4109143403236, 82.30852988595421, 4.992148008230313, 48.72083600334749, 75.28182479165646, 15.180364548128624, 44.1623965039796, 24.812085478693454, 73.44224259033902, 102.25048450069329, 61.44682179544355, 17.405535597112085, 74.31791073032895, 35.82468664648197, 114.94175674517322, 29.096166839646127, 50.35971715431866, 69.0163141676531, 100.26394779116296, 18.60533899245167, 102.23953104457394, 55.20353226682346, 98.01274781742093, 59.16643795772806, 7.010121778678947, 84.43503544598752, 83.35659762569176, 78.68180883731378, 80.73252210872126, 99.26291202744311], [51.31445623773294, 73.19257050043224, 17.501053619647436, 68.6989987617421, 51.05735252261435, 32.94720338709693, 37.281531953417776, 55.335332662518375, 68.3082450367445, 29.23337150352042, 35.78597383421884, 88.28900979220784, 0.0, 61.12119120010485, 24.24106048733965, 58.183912064524804, 92.78159263129167, 59.76117950340889, 39.80633376750435, 88.80704429388571, 35.240780802178264, 76.15070044617089, 23.68115078615375, 84.80725188537261, 94.5952091841167, 39.88882631034443, 48.59999499143007, 15.907476631712868, 98.85801811495787, 35.14648042113314, 2.93084241891931, 102.52739745770867, 24.285326397994385, 91.17227299441839, 32.57083911807073, 49.6476085356473, 92.52745668766846, 58.56508125242192, 98.34490617926144, 42.53108639764115, 24.180889436594498, 15.637589729344482, 83.84636663673722, 39.991447809715105, 15.830961101586631, 79.03721239451889, 48.929493533392275, 67.41143438802905, 29.615929014452437, 50.783475861663874, 27.639359978899325, 93.62461016172207, 34.83440065099454, 59.506451414172474, 50.85230900319331, 61.77407589045244, 47.51215195007607, 42.66097397679977, 60.50309011618468, 90.85943770285348, 63.10849098788961, 96.00203735548848, 58.06946903261639, 46.7528849788641, 87.01035137232064, 52.61323299474271, 35.14876132611269, 59.97642383079375, 69.52239484538549, 17.14690548624709], [50.20700516526051, 14.277058668003662, 55.757761253629425, 62.381763369915724, 63.50148804621008, 28.285518312533235, 57.82443832636812, 16.492238365662242, 45.653115405903584, 75.43877027712128, 37.14387935681616, 29.80789185576716, 61.12119120010485, 0.0, 57.14259407657214, 35.51525439703373, 34.164738195104135, 9.15496450153608, 53.351539716387215, 34.5726652226562, 29.003681784797184, 36.37728457237682, 61.72838235339666, 46.68003911402687, 46.15647252782832, 77.39992134892039, 71.77988996320136, 45.40675753441728, 60.142338121496124, 71.17771086373659, 63.51947658281174, 63.45115083006816, 38.270751512890946, 30.221746275230508, 37.37776058864706, 55.96261394576657, 32.92172562360642, 33.979498584274566, 60.01888619247163, 42.24929493039987, 46.8047940346198, 58.30654786654096, 24.853561289070772, 25.10419826068637, 46.8374832231693, 28.026968246471547, 14.357391973070065, 22.682689190378422, 53.33201615119435, 73.05776820784185, 36.69154193546928, 32.52409372176528, 56.1591190122055, 27.69188815271057, 85.27954972909922, 0.7149097387554614, 35.93905539073421, 53.921827428810786, 72.24281306127496, 29.879558252297027, 74.42977225710213, 48.092779892926124, 69.82365604231995, 30.148728814253438, 26.680832960381917, 56.26389142266687, 53.63313808656305, 52.151958621348946, 56.31633048661642, 70.36104391361184], [28.994172879116395, 65.64069786644131, 6.969823663178888, 45.26876136837665, 26.820825720094888, 31.941256479812342, 57.263079537759864, 45.45158032007376, 48.33396696437466, 18.40082699089226, 47.47495290506169, 86.83657217743108, 24.24106048733965, 57.14259407657214, 0.0, 40.61668548918107, 91.2518161910546, 59.500344530265984, 58.08695996956935, 90.09259854303927, 28.249011790545023, 59.99346524676086, 46.22501818931021, 66.93685379972366, 79.31206939319046, 21.981457570892577, 25.354605076490284, 25.771482467412667, 79.92398926319055, 58.545955382818114, 26.741410694948947, 83.4572241832155, 21.876863273608006, 86.60490592412016, 43.98679541880637, 26.041953412615587, 90.05469861702849, 41.541150880545786, 79.33380943168729, 56.51888409773848, 10.553410334704337, 37.744152772628595, 81.93311785632531, 44.860781965121085, 17.7288740051227, 81.41536495436071, 42.85187614146214, 71.08834337175117, 48.83141207040426, 27.515272351528004, 36.800973774133126, 87.56447445543307, 54.56395781244161, 66.40079821354696, 32.131966531027714, 57.85742884200605, 58.672243577405716, 60.801707003140464, 36.350836088797045, 84.32696123555193, 38.98949735496292, 80.38979778419525, 33.8709093383264, 32.350469922215574, 83.70304445145105, 29.094050706261623, 11.689321049858421, 37.688698321098435, 47.166939515744886, 17.734140239689015], [18.103736048249573, 34.95192589998289, 43.830569950242555, 26.87136789687901, 32.435989360063125, 34.57791792730466, 75.10495096234543, 19.20142380382749, 12.274528729221169, 57.173521357519576, 55.905937435008276, 61.6653125642764, 58.183912064524804, 35.51525439703373, 40.61668548918107, 0.0, 65.3254446684422, 43.363252857539756, 72.73509195957688, 68.73162520057495, 27.091872937762112, 19.453441411059913, 71.44598312395303, 26.74551543374913, 38.81603498356563, 53.76591032838132, 42.910771685189744, 47.617864323274645, 40.68031262479739, 83.74239355561092, 61.113988786024315, 44.3576431040761, 36.10711590646948, 56.77329212671664, 53.835394809986084, 24.867725386022084, 62.86352518560001, 1.7009921218222779, 40.1758060882395, 64.67680707060062, 34.55142972007953, 64.47567551410376, 56.849668739736316, 44.845070014619715, 42.857051382349425, 63.37196094377767, 26.214218428627667, 57.67879980684357, 67.67381125387097, 43.47662067539764, 48.27563371982984, 55.5097293520497, 72.62226672369025, 59.76526700046535, 58.331794836506496, 36.03269810121422, 61.605265846784064, 74.51371989626244, 39.047572323272064, 51.99174431456041, 40.82289033123656, 39.817988636817084, 37.02603052226492, 12.597308582981476, 56.16122853316811, 23.860531822713448, 30.88527531882976, 17.03013022036569, 21.06495098184205, 58.18649779301643], [82.23336296314193, 30.506032441693552, 89.52767001968006, 91.20647316000695, 96.20035720529074, 61.12682706731185, 79.06246625111453, 48.655854913254124, 72.33078169587046, 109.48142242854478, 61.82049439474628, 4.504074010976999, 92.78159263129167, 34.164738195104135, 91.2518161910546, 65.3254446684422, 0.0, 33.05659563651788, 73.56339625736325, 10.850397730019559, 63.02914600073007, 57.04703942626234, 87.78384937309708, 64.39616834721095, 54.661738320205814, 111.52704500571383, 105.20742076524469, 76.88687979064716, 73.31011084355578, 94.22557360919744, 94.85357953303608, 75.49620896510763, 71.5740750052603, 11.850147241767846, 63.63423127236035, 88.50249387952024, 3.651454540998704, 63.63086715693895, 73.52460023444797, 62.18573013732105, 80.84323851701708, 86.6871086950395, 9.319190239558452, 53.171062833242736, 79.78291114293914, 18.26829716515379, 48.52147542589913, 28.7218126870612, 77.62237325127094, 106.33083383572186, 65.89541802130474, 17.334061233219476, 78.3605906164278, 39.67376007577154, 119.1676002730834, 33.4510349460638, 54.34378509246827, 72.85855249332027, 104.08893152076936, 19.31025602586596, 106.02030327991116, 56.44754705784282, 101.87448973864355, 63.27353347347925, 9.372309668520527, 88.31913774479854, 87.62244713803157, 82.30497738132105, 84.02421387372817, 103.75714186121178], [56.63645954647643, 21.98726732266245, 57.0674893151697, 70.05933918729978, 69.22147477298107, 28.322079103371454, 51.24296716385592, 24.17487392333447, 54.103171796055435, 77.37313029223566, 31.320914769548512, 28.55521560885507, 59.76117950340889, 9.15496450153608, 59.500344530265984, 43.363252857539756, 33.05659563651788, 0.0, 46.391616791894165, 30.595242107843966, 31.463508387478548, 45.520573687833966, 56.96796686444728, 55.83498631668786, 54.835110153160066, 80.68354003499535, 76.65507708427126, 43.85637508362218, 69.24771022906108, 65.3556056913596, 61.88713895523641, 72.52915671368372, 38.872325239039796, 32.38740477829185, 32.29434876660361, 61.92005504799435, 32.7953011664632, 41.92642768089351, 69.13412197498383, 34.94314437544136, 48.95315036424929, 54.667579211878234, 24.0940894198092, 20.69305018496693, 46.85478242814673, 22.23421559019604, 18.956899801635625, 14.331544647932517, 47.720924419000205, 78.10813092925551, 33.30874008991323, 36.04446116064105, 49.851210436744836, 18.565240514000376, 89.29636011100882, 9.041297841868971, 28.024432137143766, 46.63674023417642, 78.48121504600599, 34.06259225928938, 80.79996388598882, 56.79176809, 75.9556784007816, 36.22183766288012, 27.606958141143373, 62.57019754953811, 57.7028144705779, 59.505913890647676, 64.38319729504458, 70.92740217764141], [75.64142604915658, 67.59703497883487, 51.589637337476006, 93.52238885827138, 81.71964872519911, 38.273011592343444, 5.660263099699314, 59.02749932444489, 84.97548691117493, 68.63127421643392, 17.249326213370466, 69.63246877788828, 39.80633376750435, 53.351539716387215, 58.08695996956935, 72.73509195957688, 73.56339625736325, 46.391616791894165, 0.0, 65.76089980710559, 46.1685547579494, 84.40174597912142, 19.5944401626931, 94.86214293281266, 98.4318265420191, 78.13195713994162, 83.20338391437458, 32.45855722429612, 109.43266722087252, 21.034435550122257, 39.642683341064654, 113.04523187426602, 40.884507982397935, 77.08139917199068, 18.905548923594175, 77.26377155128314, 74.84624033641589, 72.14420615768672, 109.13539150536454, 11.603935090512714, 51.12297270584927, 24.807733859770174, 66.6969489132801, 29.688204677148928, 40.62510841108197, 55.91243123682307, 49.8114907433895, 44.84735577499038, 10.220825204009003, 85.31100744441241, 24.98140340997757, 81.60490438688986, 6.168868512680655, 33.90859585675925, 89.05345961701093, 53.66703473074895, 19.30847560523705, 2.8547890740842083, 92.13138653059029, 80.04801277461645, 94.84799572798966, 100.27764499758734, 89.42234270901336, 60.41664814579272, 71.55490994692687, 79.56327910098702, 65.04050450841254, 82.76476393373454, 91.17068687973374, 56.91632464497677], [84.57053071087714, 35.35531432578595, 87.57297590055202, 95.32679660459085, 98.04930568295796, 58.74737942758065, 71.37036016002273, 50.60874860758764, 77.09444059909453, 107.94383154016265, 55.75812393304944, 10.176034294095373, 88.80704429388571, 34.5726652226562, 90.09259854303927, 68.73162520057495, 10.850397730019559, 30.595242107843966, 65.76089980710559, 0.0, 61.98565578859595, 63.23574701457093, 81.33368002841061, 71.53676293452826, 63.382292281769466, 111.16355326488933, 106.30447770447309, 73.11039856616097, 81.62027837156617, 86.70738688761575, 90.63991197480009, 84.0579165617153, 69.31290940768308, 21.586231839458364, 58.01052660385425, 90.47466753440865, 14.136998343920265, 67.08045308483005, 81.77217370230522, 54.74260762919669, 79.54735705950074, 81.14488685624994, 13.15407210778122, 48.817347517560755, 77.0079382564279, 10.074778828150023, 48.45826993747718, 21.8799231548927, 70.8405994805959, 107.6119228087008, 61.3131136036684, 27.436866515820487, 70.94632799130522, 32.09763622348104, 119.51302051271959, 33.908262058582146, 46.94641382286552, 64.76494365157596, 106.61304115576608, 28.77875124987974, 108.72405590796814, 65.24945430784784, 104.24713250561088, 64.70576922769168, 17.077274850376124, 90.65626353701428, 87.83805731368409, 85.73082509902332, 88.55093979376707, 101.12933540233126], [30.77191971381608, 38.90809612373584, 26.86218435588955, 47.95415665196313, 40.448923196564344, 8.055878521947767, 48.17327255710237, 20.108081150109502, 39.12906332838092, 46.45825772960803, 30.01024467736685, 58.601590027060354, 35.240780802178264, 29.003681784797184, 28.249011790545023, 27.091872937762112, 63.02914600073007, 31.463508387478548, 46.1685547579494, 61.98565578859595, 0.0, 42.29268757044908, 44.643689651273284, 51.9124975818788, 59.885937439085005, 49.220639193225, 46.21685932971218, 21.679071340294254, 66.4879309121034, 56.75873805795043, 38.01371595517333, 70.19210347930365, 10.961827071865565, 58.879647987419276, 27.46664050141632, 34.12693025602665, 61.918064610062885, 26.790420871298373, 66.0687340112717, 39.33930612027292, 17.816620561282832, 38.18684119837921, 53.713600362464774, 21.21931705877968, 19.562047937450227, 53.60575788659604, 14.940314421372596, 43.9423106386363, 40.602207907907236, 47.881359065137424, 21.338120190972063, 60.36343448025531, 45.6413485258785, 41.24869085859911, 58.009223976652954, 29.716588734458682, 38.01942508859502, 48.15782375868904, 50.585377815127075, 57.299845477165796, 53.16695922263432, 61.405074248416426, 47.88454672083887, 14.509168888613962, 55.66435755387235, 35.73022066684195, 26.71253941288228, 36.97982628922205, 45.05482549874296, 41.74368942461911], [35.995006011434704, 28.093982872208247, 62.84786203092059, 36.95293156775583, 49.639602255624496, 48.30012888824884, 87.70398940279564, 25.378475240403166, 17.815229847831375, 76.60185664751954, 67.15275504863033, 54.32921824696382, 76.15070044617089, 36.37728457237682, 59.99346524676086, 19.453441411059913, 57.04703942626234, 45.520573687833966, 84.40174597912142, 63.23574701457093, 42.29268757044908, 0.0, 86.6033849191948, 10.582188159787622, 19.362696019612173, 72.69526671920507, 60.66057355473779, 63.928243055190705, 25.03160185817047, 98.28342967073256, 79.0556552894609, 28.648526245958582, 52.71932141841258, 46.420768894729484, 65.87830206185185, 42.64072074991139, 53.91003007207067, 18.452316832261168, 24.745181740867274, 74.72162038555878, 53.29167915841394, 80.46193133114483, 50.1939211830342, 54.83326219415253, 60.428165543971545, 60.62163563602768, 34.59996928821805, 58.53885368795131, 81.15535920334668, 60.87682890340375, 61.71712097748024, 43.415211702929, 85.47078050635358, 63.95431439881519, 76.31930012211481, 36.5640635211154, 69.93153826068172, 85.70314591033522, 54.022086812409164, 40.03920840137068, 55.17289909503723, 20.396749500667095, 52.56299554514656, 29.404578646461108, 47.72407209971432, 40.889761645054065, 50.305045914632345, 31.335624724513718, 29.115785078156872, 77.45919809509572], [69.53832840417252, 75.68598146697238, 39.26381693259988, 87.61213409947158, 72.33148394066272, 38.34871875891759, 15.253836493805064, 62.274871055141716, 83.07320338834023, 52.778327960660846, 26.003831489176065, 83.53081024622708, 23.68115078615375, 61.72838235339666, 46.22501818931021, 71.44598312395303, 87.78384937309708, 56.96796686444728, 19.5944401626931, 81.33368002841061, 44.643689651273284, 86.6033849191948, 0.0, 96.47739559714255, 103.089270463268, 63.56227780254157, 71.42429545554658, 24.270215942189456, 111.09254553957808, 12.716036917108488, 22.541142481032406, 114.79355157071964, 35.596914173932156, 89.25105331655091, 24.674425432058783, 69.46807569195175, 88.4673310917601, 71.3069524767101, 110.6850260524679, 27.44949056953038, 42.30592854260648, 8.481399460704296, 79.88546191115701, 36.69923304934835, 31.19588751742658, 71.26507270546921, 53.7160224652614, 59.55408973432246, 10.78360721341618, 73.60467315441625, 25.617223791223704, 92.99834241067013, 13.514049906279308, 49.381491711210735, 74.53159514655427, 62.22354873608243, 34.782763653061345, 22.193056937198612, 82.3370928690413, 90.88022832246794, 85.01919218181068, 104.7685839373763, 79.75737220870964, 58.89783954250137, 84.16136487977506, 72.18984197983804, 55.612623027984675, 77.6804081906733, 86.89154363153668, 40.42178705471933], [40.39804912951173, 37.1842023620548, 70.51873151436754, 36.33653919119794, 52.70819984663442, 58.32187510760725, 98.06951943659823, 35.88133440385572, 19.907537025782798, 82.49238800152912, 77.61441923572613, 62.145001877576505, 84.80725188537261, 46.68003911402687, 66.93685379972366, 26.74551543374913, 64.39616834721095, 55.83498631668786, 94.86214293281266, 71.53676293452826, 51.9124975818788, 10.582188159787622, 96.47739559714255, 0.0, 16.267204747085515, 77.23340572890096, 63.88577340719154, 73.36538713332828, 14.661101449996954, 108.33386115142581, 87.73303357531039, 18.343736573813842, 61.98379558098273, 53.126314269196, 76.25649246854803, 46.542705388378366, 61.04198428117308, 26.248156648787646, 14.30960850178791, 85.27380652983, 61.29693366701863, 90.06929801111667, 58.38552974983314, 65.34957739639994, 69.29010654871557, 69.80422532133257, 45.09952035795332, 68.5240226022952, 91.37680373568203, 63.746495639498605, 71.87798753490998, 49.266345536768085, 95.7990167438916, 74.33824339144235, 79.49219222244801, 46.82467364033678, 80.5135862480737, 96.20435609358813, 55.154190800390246, 46.1494934145776, 55.814311458653705, 16.24535901680031, 54.17061171979419, 38.2750344040204, 55.28657553891303, 44.26531099553839, 56.41324704785741, 33.85214679389013, 28.61745751485864, 84.63457426093487], [54.8849252180168, 33.2493015919082, 81.96779764690078, 52.55631395006397, 68.00278166753736, 64.89496005846979, 102.34382712056862, 40.820936758997036, 35.16902369406441, 95.95262041663047, 81.42358643639629, 53.35591514843965, 94.5952091841167, 46.15647252782832, 79.31206939319046, 38.81603498356563, 54.661738320205814, 54.835110153160066, 98.4318265420191, 63.382292281769466, 59.885937439085005, 19.362696019612173, 103.089270463268, 16.267204747085515, 0.0, 91.76809377315175, 79.15027692776358, 81.51029757081531, 18.92037419074512, 114.17086489650508, 97.4665250971845, 20.844935668445743, 70.67955531902811, 42.84286025681135, 80.73561026791549, 61.370745625538866, 51.069895599237725, 37.78686546636021, 19.23988170608134, 87.85254143970722, 72.30521935692754, 97.59405190441751, 50.52807638314624, 68.86040468784681, 78.77577557740192, 63.846296057624805, 49.514660714512225, 65.3274853125426, 96.56798672565823, 79.17658018466902, 77.62200182207424, 37.932134198877726, 100.34001379796477, 73.12293713968089, 94.82322971345941, 46.05091032065252, 81.98555572820368, 99.34479913053453, 71.14979379198347, 35.40543005911809, 71.91923894162052, 1.9805849487205482, 70.03260415884164, 48.13708803639394, 46.35286881469377, 59.36078271532835, 69.65570429994095, 49.24259915456687, 44.77906422271419, 96.70532881475006], [36.92447230151723, 84.14143142283874, 27.122613267973183, 46.45767167030561, 25.583728330772917, 53.74343949563658, 76.49379261319771, 63.88890322121835, 57.34307990636185, 12.238346631777755, 69.04159819139984, 107.2032707034946, 39.88882631034443, 77.39992134892039, 21.981457570892577, 53.76591032838132, 111.52704500571383, 80.68354003499535, 78.13195713994162, 111.16355326488933, 49.220639193225, 72.69526671920507, 63.56227780254157, 77.23340572890096, 91.76809377315175, 0.0, 15.650093941967544, 46.72946180050693, 88.05916013345046, 74.80008515761845, 41.3477236781653, 91.2253556706381, 43.847623923869605, 105.84099677195701, 65.5288769812066, 30.714673287092847, 110.03079642663575, 55.145071514276786, 87.38862716715222, 77.81897216213615, 32.246403979318586, 55.36024583968081, 102.2360264849835, 66.83473837902024, 39.11142896515978, 102.80457865396727, 63.06033865990439, 92.77924612021494, 68.320814318013, 17.12590706648949, 58.47615863609722, 106.11312588121217, 73.89537126255495, 88.36847898920891, 10.990181919634148, 78.11024632217229, 80.44213583888668, 80.93819013786302, 29.584863065146045, 102.72768722623668, 31.347024483498863, 92.47007463411742, 28.370918243277913, 49.47123527519834, 103.49386606565946, 33.19057133635894, 24.23182229655525, 43.74784717146458, 51.57398761619382, 24.20539954646485], [24.88980192562177, 76.12557527958816, 32.23239180807807, 31.145784404822376, 11.178290277339931, 52.554044367854246, 82.57799350771343, 56.57360134041978, 44.07192997290926, 26.208868819251798, 71.3507823372526, 101.0934487786448, 48.59999499143007, 71.77988996320136, 25.354605076490284, 42.910771685189744, 105.20742076524469, 76.65507708427126, 83.20338391437458, 106.30447770447309, 46.21685932971218, 60.66057355473779, 71.42429545554658, 63.88577340719154, 79.15027692776358, 15.650093941967544, 0.0, 50.74904231836333, 73.71248825198782, 83.55331487064967, 50.71562155096891, 76.72766635334726, 44.356684502921595, 98.18972166909259, 67.96807627612394, 18.117720740004128, 103.28444606353821, 44.48290923208014, 73.02468691641455, 80.71000696406625, 32.68227032618796, 62.9500768316816, 96.10570014391556, 66.39447921166398, 42.585228324365275, 98.83605855748573, 57.93984187235874, 89.93356418175091, 74.12865914269058, 2.185156946696701, 60.65527588354236, 97.68229193786718, 79.8706970836017, 87.33340455001319, 15.677900582860838, 72.46102735976517, 81.86156160089918, 85.86926837574487, 14.086076441865263, 94.19947294955377, 16.109272827541137, 79.65108584472685, 12.722958270845638, 41.93431464391107, 96.59234818338169, 19.80526661404976, 19.68267119561357, 30.03484016002492, 36.867620479717225, 35.97707279395047], [45.45582287403854, 57.90494757188201, 19.639497600765104, 63.56914237778894, 49.65890980414227, 17.585445702224426, 32.20609867223477, 41.15734805903284, 58.98993540511615, 38.85783509966333, 22.60544891215869, 72.39204224603435, 15.907476631712868, 45.40675753441728, 25.771482467412667, 47.617864323274645, 76.88687979064716, 43.85637508362218, 32.45855722429612, 73.11039856616097, 21.679071340294254, 63.928243055190705, 24.270215942189456, 73.36538713332828, 81.51029757081531, 46.72946180050693, 50.74904231836333, 0.0, 87.84374206264944, 36.92236490629377, 18.144111013664613, 91.54875532960152, 11.512753252972136, 75.34495585262644, 19.10238214434384, 45.92153387363513, 76.6200580127354, 47.62338229940852, 87.39611687885157, 31.099216151362413, 18.969284959059433, 16.863449942075786, 67.93929838554813, 24.34400908458974, 8.166585157289012, 63.44052949974733, 33.883704334283586, 51.946232843638946, 23.747919122242834, 52.85331308887347, 12.703983143637188, 77.93077867789005, 29.4775059525572, 44.74328096270475, 57.43015849993962, 46.045635187256664, 34.33721250680119, 35.12123436508176, 59.9856347