instance_id,num_cities,city_coordinates,distance_matrix,best_route,total_distance
823,94,"[[35.26584313735931, 39.46658181594071], [24.35102822379158, 61.63284141044984], [76.7620752245429, 47.92779737580679], [89.36253709674227, 62.8483522790479], [88.13349253971158, 84.50184881400276], [18.25220815836609, 68.72217689367167], [13.269860128658816, 65.74226498887947], [77.1219418077957, 40.91706192696113], [59.28433377775075, 54.35503946070806], [5.69267107119158, 34.38306940642549], [40.38372644022654, 87.89731134223993], [29.540018144529423, 35.611701728356735], [10.155590257208635, 97.63792478027524], [95.1037215228879, 70.72915089565538], [29.37409419158058, 19.157272559359672], [40.83461759103169, 1.8922201929569615], [89.58940847157663, 99.94902110855296], [69.03985968077879, 18.9361639501165], [51.46900397885589, 60.596769378550995], [92.44937763660242, 10.995800739809125], [17.1633537594696, 73.37226102094542], [21.368635334741626, 88.06831362448793], [80.81244168237967, 23.69815209741538], [39.31589084174567, 84.00978958332165], [75.00734780538205, 99.78966661292607], [9.231201074032535, 56.65486479725299], [52.98426148941, 83.7884112147306], [36.8563602917949, 56.14707468025841], [24.90739454713894, 50.81398145634458], [13.846255985498168, 33.90789413690758], [2.08197866635097, 84.4325029591493], [31.233903308647836, 77.55935536850097], [5.824848041472297, 12.636398076677358], [23.130849346649185, 9.463736448354087], [29.47311512928875, 52.30804288995592], [50.35506962166434, 80.94460538359124], [30.872372961146077, 68.98275139592101], [87.70734525196094, 18.971053100932156], [70.90468210169378, 44.27865330896249], [0.253511916311866, 6.4608030271361745], [9.112754087130936, 13.731157331710463], [57.46967269779996, 15.49575685504674], [77.29307178067957, 51.773352359906], [86.7447402127624, 70.05227641668459], [70.63195091241758, 48.77100946142197], [22.40629182970162, 39.02388307175024], [46.769744704914785, 16.758741649808464], [29.22643633953005, 31.442648415576514], [5.636893008329502, 91.54452345155329], [40.51689089039573, 88.06826566348482], [67.44233924852088, 8.60024713164098], [25.969003561385627, 17.6559521219123], [96.56516042709431, 95.05809674638898], [44.38576123272012, 13.174160233772392], [38.89797044155774, 0.5511954659802254], [36.85162492205969, 35.617823656808476], [7.818315764959838, 97.4239521138842], [79.94414242528643, 60.1700591741942], [55.53650173169517, 55.64466237475266], [30.73971267079815, 43.978482411371566], [70.02831916387883, 69.77532242075439], [1.5292415050490837, 20.5181980845518], [32.52885324848658, 65.72976286454718], [96.4471438652165, 54.90243913938745], [56.92110332217023, 73.87507810909703], [58.173669507283996, 77.4557624358717], [26.427078572540108, 40.20693774805062], [71.96193217207481, 94.90953210312071], [45.09498614121814, 56.09689665699252], [0.7169543317434246, 11.399202359507122], [59.04149233233479, 61.406698498902124], [12.26118883419508, 3.7137545935796767], [23.8304031515697, 26.37474702025785], [76.1542213832364, 18.699013322468126], [36.64928947148428, 12.160132855160954], [14.911312336687343, 19.596201914183055], [48.40150178530158, 86.94893432503356], [5.317056246052864, 35.17129584291927], [33.77027655869295, 53.15159987956811], [11.030107922530574, 3.82690172243092], [37.42299087099601, 10.725976958352456], [2.5589175748301884, 58.27715678404427], [50.5894224074978, 16.204857130909467], [88.91780898291921, 75.67270952269844], [79.78567099395515, 49.45296488430701], [93.55979748851226, 49.23524721849885], [66.52870242448486, 47.00142123528678], [59.469720154316306, 59.748558694898335], [4.473414382899932, 37.62403996288699], [50.41423249918403, 31.873045177325388], [16.664191395414317, 10.033266881335257], [41.07709574591103, 26.103915474854734], [57.99123049755297, 5.946535460551738], [56.86259603090815, 24.48518780546003]]","[[0.0, 24.707817568709075, 42.35008200917591, 58.93351752037692, 69.44900018658855, 33.843073420577184, 34.2671095180743, 41.8812235788518, 28.258698902861802, 30.006909278912058, 48.700393139597125, 6.902548249608024, 63.35952921210312, 67.51236860861304, 21.14664862618975, 37.98478511576218, 81.29683396913747, 39.52445130827911, 26.62756556064596, 63.8791201638778, 38.43559813544338, 50.54958673915237, 48.19892130337902, 44.726952105144285, 72.23753700606603, 31.196789245228643, 47.73224183037837, 16.756150721902326, 15.364274658937738, 22.129114814407053, 55.88472891128223, 38.30556011480559, 39.83253634553886, 32.36400476535448, 14.087541314613176, 44.13741264475326, 29.84136134400423, 56.30433234968254, 35.96224234916001, 48.11699046062454, 36.691908375726285, 32.67430942583049, 43.79206033814498, 59.87955876849727, 36.56957687705769, 12.86716915301841, 25.45556434822481, 10.042805468749576, 59.916497650904184, 48.88452899764198, 44.58763863263898, 23.709381977424552, 82.75278141820888, 27.82919939057823, 39.084519231027954, 4.162648584275935, 64.12818047248464, 49.242099894148545, 25.935109223127082, 6.390860973560801, 46.11994684021466, 38.693662733439446, 26.405412180908556, 63.098472644449195, 40.65581029604513, 44.36154137502841, 8.869717353924754, 66.48701893595832, 19.317852466120947, 44.51295886878607, 32.35197389193587, 42.51445370694645, 17.38290614327904, 45.86012839830467, 27.34147177104908, 28.445367312722087, 49.265802824200655, 30.25523620550538, 13.766496968838227, 43.0993927865696, 28.821444341405922, 37.7303685429054, 27.855339110669785, 64.7257068143035, 45.62612101821806, 59.106784193030165, 32.15804993904238, 31.578255948841615, 30.847506043093848, 16.945072998940947, 34.81869434037229, 14.57159938454222, 40.497367054393486, 26.284251977986294], [24.707817568709075, 0.0, 54.17329674024342, 65.02287099636116, 67.75835191203639, 9.351699513142233, 11.81861449153587, 56.69138241478119, 35.68336080228347, 33.02551083488776, 30.771249452974484, 26.53347558750115, 38.70240932462968, 71.33502965112321, 42.77154592647385, 61.972982354246525, 75.65828364436983, 61.80694073599458, 27.137760672309323, 84.86162313218736, 13.765051289274382, 26.603173843055558, 68.02155440019055, 26.91978682504062, 63.41928746907009, 15.91821045846943, 36.204023541530226, 13.655656950476873, 10.833156243325286, 29.648321050257106, 31.870599852010795, 17.35015320652047, 52.381970290428534, 52.183372342522944, 10.638968075676852, 32.39065292297459, 9.825940869858215, 76.38096025280124, 49.68310109126969, 60.20501732878322, 50.267050204317485, 56.793267057532276, 53.852293361724335, 62.95921045873154, 48.03488863311344, 22.692443605825094, 50.162572481771505, 30.581323669238177, 35.283531277221506, 30.986557911350136, 68.33240184400594, 44.00664308589501, 79.57467300686075, 52.43695555733499, 62.7899753079468, 28.862537423709426, 39.42504516968755, 55.61235544814797, 31.755189277907316, 18.774761799601073, 46.397358810912365, 47.02390716275695, 9.146670844387634, 72.40958641859541, 34.794858115815465, 37.34080734489471, 21.526247531814533, 58.08731632833746, 21.469943511646598, 55.51565491854698, 34.691201199764876, 59.167430518541046, 35.26193798550378, 67.28212552976547, 50.97838876929178, 43.08349215382087, 34.91890374843872, 32.59609613238738, 12.67492394847777, 59.32093712077911, 52.55839662503152, 22.048961559412977, 52.460986314038315, 66.07561633618401, 56.75692919148933, 70.3104123504168, 44.643416729927786, 35.16920590890884, 31.169569758918765, 39.559273109321964, 52.16899032961772, 39.26914708637688, 65.05864953536339, 49.365475887841406], [42.35008200917591, 54.17329674024342, 0.0, 19.529326614437647, 38.30104920703247, 62.09517504311168, 65.94404168777665, 7.019965490758709, 18.622053777680968, 72.34859958891346, 54.045779733354436, 48.80173036753091, 83.11149503090539, 29.26290674677935, 55.437927852637095, 58.39568972591955, 53.57936353562713, 30.00245692595782, 28.288554304624963, 40.1256007118741, 64.80299630773386, 68.40829063451054, 24.565853918792328, 52.00122004812589, 51.891546027109406, 68.09244208655272, 43.02752666523011, 40.7433749669958, 51.93493974871138, 64.45896366951806, 83.12466752816151, 54.32166848576813, 79.23113696592497, 65.99842704335043, 47.491391826885454, 42.27812148065899, 50.48936385628493, 30.95629136336555, 6.90110908595025, 87.02339846157628, 75.80132479487536, 37.7363756552494, 3.8820420500503694, 24.27233349097825, 6.187845400738241, 55.08022220725771, 43.25563460231516, 50.31299136850567, 83.43386805642096, 54.08299715964707, 40.416750078032564, 59.12969426653891, 51.121691113461914, 47.49779997323342, 60.64843641462706, 41.76576943274733, 84.87114528670243, 12.649052360169259, 22.584839506010134, 46.19150293849117, 22.861710812494824, 80.07037781084945, 47.68110633831157, 20.88414602319939, 32.66382622233526, 34.891683073446565, 50.92370333497601, 47.226314394750865, 32.703802746425296, 84.36349130675734, 22.26431749517149, 78.20003787907756, 57.15151693585744, 29.235103959608143, 53.74347780086668, 68.03084720338876, 48.23869043219261, 72.57492038022062, 43.30800001296851, 79.15542004703634, 54.14368846087233, 74.92141112758749, 41.12605856708013, 30.29095596449979, 3.3864830290129078, 16.848528076618667, 10.275217351408797, 20.94650190455968, 73.01929815536701, 30.853911979437704, 71.04752692484001, 41.829410486129014, 45.98663897005314, 30.749718952302892], [58.93351752037692, 65.02287099636116, 19.529326614437647, 0.0, 21.688348547376048, 71.35251009829592, 76.14768689160047, 25.116004250981394, 31.2543545370684, 88.37940263292127, 55.01249170394202, 65.73103458038928, 86.51043163953618, 9.75029155720686, 74.21269250780487, 77.91411303768844, 37.101362484649094, 48.38689389895627, 37.96036719677725, 51.94435181661176, 72.96214586877842, 72.52046005842823, 40.07296227952961, 54.336665614992185, 39.63246351547145, 80.37033221264902, 41.97457569044494, 52.932085960487434, 65.56898262279215, 80.87186674208417, 89.90979613202487, 59.96125147099826, 97.46684481153542, 85.06793561393503, 60.809875724371324, 43.00066156750332, 58.810969666670836, 43.90850764042098, 26.18255394070311, 105.45128770784808, 94.08786591577287, 57.09135742788446, 16.380708660635953, 7.664814642677231, 23.430886445317846, 71.06858738760451, 62.75665838529182, 67.84297199741209, 88.50680040528691, 54.972185552641776, 58.509417923863225, 77.85302258782929, 33.0052332439924, 67.01071349025764, 80.1723657795347, 59.15148000231125, 88.57162150793816, 9.791803314140592, 34.58458929573492, 61.5849619022218, 20.537645883098467, 97.50143470035488, 56.90667928042988, 10.64561828579907, 34.26419863182293, 34.440120397618244, 66.88427013592975, 36.478765103219914, 44.77943970860409, 102.4941674983979, 30.355298075080913, 97.1674767981796, 74.99856305278173, 46.082792171163184, 73.12989856116224, 86.10303931602586, 47.52519825040583, 88.4853790430501, 56.43160850823919, 98.07905528776303, 73.58300395613021, 86.92389884466998, 60.65451394859017, 12.832066155066247, 16.466716971087354, 14.24547732390415, 27.794050250830747, 30.05310674485624, 88.55749029274153, 49.763843109934726, 89.85812547164262, 60.67649860120399, 64.97673148894172, 50.27900712733144], [69.44900018658855, 67.75835191203639, 38.30104920703247, 21.688348547376048, 0.0, 71.64071435084777, 77.1782705369138, 44.95428675343869, 41.72653922213916, 96.47995177087195, 47.870338711316776, 76.31147832243174, 79.07660675681058, 15.436039000597312, 87.87821425207277, 95.19209164798286, 15.515631572648847, 68.28928061871908, 43.76913917641489, 73.63264199833678, 71.8375133403863, 66.86004658123159, 61.24285525723289, 48.820081501649945, 20.149765473564283, 83.67213465284655, 35.156470764790086, 58.59468839191821, 71.64085339018213, 89.87959593105447, 86.05154181503525, 57.32156199812266, 109.26736003407643, 99.27770106869063, 66.91398222948952, 37.945529631275974, 59.326875866361696, 65.53218131802916, 43.75771207165478, 117.52997839647941, 106.0790642797765, 75.51232068176098, 34.47708227763301, 14.516155671903832, 39.78689281876433, 79.92690586546829, 79.37309495792746, 79.28001019860997, 82.79666780910706, 47.749974678254006, 78.67132236379058, 91.28415850795822, 13.510269937093398, 83.67498522681103, 97.32342387029774, 70.84827352817835, 81.34806927058828, 25.672971046852567, 43.53505505828086, 70.25801870422472, 23.338120802241203, 107.67638486661414, 58.68787883030866, 30.744785760316823, 32.97182882828816, 30.77723719540892, 75.95867739125362, 19.231204750891337, 51.566988859688145, 113.95458775721204, 37.14472296495297, 110.83015220304486, 86.68129710496808, 66.88434866369208, 88.79159325882272, 97.84799779846406, 39.80727718403783, 96.39536076396261, 62.75505844192881, 111.59470869021013, 89.52337263281662, 89.5027505302841, 77.93610379697655, 8.863907316095963, 36.029299039491185, 35.6816195469513, 43.27873640148844, 37.872644733135566, 95.89857996803488, 64.74977644928887, 103.2154576655874, 74.99748727456927, 84.13972437010378, 67.67472620615932], [33.843073420577184, 9.351699513142233, 62.09517504311168, 71.35251009829592, 71.64071435084777, 0.0, 5.805485927073655, 65.10583659140534, 43.47470495429069, 36.563865699140166, 29.282928176345212, 34.98168406404508, 30.027915300249568, 76.8777149183163, 50.79740240017507, 70.54224499123875, 77.87240813117052, 71.11984696255942, 34.1961660404626, 94.00826805360981, 4.775864978484992, 19.59553838895706, 77.07752997750391, 26.026713775174375, 64.70189173284086, 15.066472382345141, 37.85904046865864, 22.455459743268555, 19.104841524880815, 35.09197484350975, 22.54530254638561, 15.704143796171598, 57.44609529797278, 59.45892619157584, 19.882971315727396, 34.35085839281047, 12.622854618530203, 85.43529942202198, 58.04971022829516, 64.81073786157852, 55.74533032626336, 66.1140024127256, 61.42545262629325, 68.50544585625018, 56.05074961934292, 29.987415145050985, 59.2743493682293, 38.86125226651042, 26.07691850550585, 29.495546237481843, 77.68085629662669, 51.64598961905865, 82.62263108575551, 61.38847409032519, 71.22871758686036, 37.97152231845046, 30.539450081309365, 62.28188718304721, 39.511263372040204, 27.716207994266096, 51.7868205855157, 51.02235967414708, 14.58688235199566, 79.40675740637984, 39.01071447852765, 40.86561626423944, 29.663906853624272, 59.75376160958084, 29.66365504942653, 59.94504596885853, 41.440100477304746, 65.28389757428465, 42.71324239935319, 76.5177105588271, 59.4787140635699, 49.23944559574826, 35.23059171607651, 35.95802795310607, 21.983023345967524, 65.2959070031768, 61.08255165554556, 18.851467169157353, 61.674664980512546, 71.00659859282268, 64.47999364144404, 77.78800318097308, 52.93780430843216, 42.18304302339574, 34.013957112818545, 48.910676932015605, 58.71039052566025, 48.34554477660463, 74.29650768248827, 58.71689071518262], [34.2671095180743, 11.81861449153587, 65.94404168777665, 76.14768689160047, 77.1782705369138, 5.805485927073655, 0.0, 68.50824068551641, 47.402538860618165, 32.26163265538808, 35.01439454397459, 34.24279317254597, 32.047336712442785, 81.98566888022013, 49.29003828778983, 69.54598532194905, 83.63477520444344, 72.80868041994958, 38.54413983946144, 96.2630320557455, 8.565986931025883, 23.749581207217442, 79.55946047938743, 31.81349038875825, 70.50349595575162, 9.944426036845355, 43.62220843845066, 25.46351639118749, 18.928440415656592, 31.83958856085705, 21.782876003869823, 21.502336440783665, 53.625192824593896, 57.13590712541504, 21.048130463740595, 40.08021852007287, 17.898301879566667, 87.91180496923658, 61.50170184807654, 60.69363272293631, 52.176976247825365, 66.92036319978043, 65.52939912951545, 73.60118342717874, 59.82000479156148, 28.237321340690198, 59.343304806286156, 37.829565440921215, 26.907596117725774, 35.22571491756436, 78.73923862210539, 49.734914587891076, 88.3035958692575, 61.08686388301199, 70.04766651180893, 38.256784971305, 32.14729592105794, 66.90672161607982, 43.45607634097151, 27.908027159316163, 56.901566097090424, 46.723210003510644, 19.258997177752683, 83.88064350157991, 44.402406258979475, 46.40644480190872, 28.72569119231469, 65.53997857539345, 33.25465044129991, 55.774043244919206, 45.976509778120416, 62.036711064015066, 40.75937364519354, 78.5334986979794, 58.46060725301644, 46.175247726948925, 41.0360216130138, 31.588466947897974, 24.05809472297513, 61.95586088790263, 60.08465422480473, 13.055731726001216, 62.021806697088486, 76.29695861891253, 68.48134339339947, 81.96923616162866, 56.45992833229815, 46.58703233227948, 29.46204399512073, 50.267568565065936, 55.812310065923974, 48.419429001893086, 74.66947326382268, 60.02060513825137], [41.8812235788518, 56.69138241478119, 7.019965490758709, 25.116004250981394, 44.95428675343869, 65.10583659140534, 68.50824068551641, 0.0, 22.332924135254007, 71.72749665380428, 59.639251366157325, 47.8767825394923, 87.75960644180945, 34.81529908530792, 52.47232971103609, 53.28891227241011, 60.33415226743152, 23.419648318800572, 32.332090941286374, 33.618628171238, 68.17897204401832, 73.01829715435588, 17.60995868939878, 57.3260906264576, 58.910568579032955, 69.69096868722097, 49.199392281882055, 43.049626517396206, 53.144218517223955, 63.66271160884705, 86.7443927668828, 58.72282133851532, 76.70118335030209, 62.48479614123153, 48.991480189291124, 48.15256672080008, 54.099034592763935, 24.365509833941243, 7.067857870151624, 84.23769519255457, 73.24153891806677, 32.1318289664786, 10.857639127916782, 30.683203426383326, 10.188448051403817, 54.748392475972516, 38.792786798393564, 48.82360039412672, 87.59710076415841, 59.692258848770415, 33.735311236455836, 56.193436632791745, 57.52643219943628, 42.9106759793165, 55.59204225563873, 40.61748820793138, 89.4204742845967, 19.45874403262783, 26.13108184191225, 46.48315259423904, 29.717312814955505, 78.29667927263596, 51.0314968923749, 23.85485716440144, 38.656237610303705, 41.15961197647763, 50.69983663475398, 54.23847836328204, 35.442252632980185, 81.90864511551659, 27.32632174451798, 74.77301219587503, 55.24008522073218, 22.239113440326772, 49.64873167339202, 65.76276675198523, 54.256768716521485, 72.03440440808481, 45.044986388987205, 75.7879310333459, 49.87492673743168, 76.55728231992516, 36.258345957988524, 36.70282716920097, 8.941872984695308, 18.422684547166853, 12.216224818860226, 25.811357961649282, 72.72312239351186, 28.197446258145327, 67.88923612286432, 38.96999147339546, 39.86128242510129, 26.08539013417949], [28.258698902861802, 35.68336080228347, 18.622053777680968, 31.2543545370684, 41.72653922213916, 43.47470495429069, 47.402538860618165, 22.332924135254007, 0.0, 57.19218390219738, 38.50086960968385, 35.15731818324145, 65.47550382772181, 39.38451553238345, 46.189882300605156, 55.61240358850892, 54.746768988702726, 36.73781468840292, 10.001928425698196, 54.58886073747515, 46.21505894804849, 50.73642718268002, 37.460701712047, 35.75112471130302, 48.078254071608676, 50.105940666099066, 30.100071156872882, 22.49945299145843, 34.558834509506305, 49.82674648567186, 64.62788284317188, 36.40421577579482, 67.81122070953094, 57.63942680715071, 29.881414830410552, 28.04882839507775, 31.95636828401893, 45.38605591998374, 15.38070391915973, 76.01641805025949, 64.5560780088359, 38.901630293109065, 18.19284894524715, 31.630320416146656, 12.647126379850532, 39.937880942092484, 39.62444382887663, 37.79490523617726, 65.27714470328719, 38.58495216440894, 46.47638189809069, 49.56545408776168, 55.19600445738647, 43.793061982270686, 57.53657479103432, 29.22857647382275, 67.10947956302324, 21.462575512296336, 3.963505053090014, 30.37216374145278, 18.79410408998601, 66.93715349298508, 29.07301275866813, 37.16684140474227, 19.66257274673847, 23.127407487588073, 35.77384521814845, 42.489862020619334, 14.295861388619487, 72.63154876661734, 7.055839224256438, 69.1065546339585, 45.16500815785572, 39.44547258929177, 47.88272521690353, 56.36614071758674, 34.36274166306553, 57.27550142405002, 25.542423193636306, 69.86818314644303, 48.799727545562874, 56.8608463504772, 39.128479340928024, 36.50460121145298, 21.07925906679656, 34.65573091410877, 10.322624573965301, 5.396704349711639, 57.307619293641245, 24.168549059678412, 61.488991382753014, 33.60996166632935, 48.42577181239768, 29.96786364793136], [30.006909278912058, 33.02551083488776, 72.34859958891346, 88.37940263292127, 96.47995177087195, 36.563865699140166, 32.26163265538808, 71.72749665380428, 57.19218390219738, 0.0, 63.77494345416803, 23.878976104907203, 63.412099602738024, 96.51618300833039, 28.153768675525736, 47.86033522464767, 106.47796283285513, 65.20332194692816, 52.75064663776098, 89.85371706146216, 40.64152585827594, 55.92710704430459, 75.87586832832888, 59.944409774848324, 95.30239959675063, 22.55114330830902, 68.39139071169696, 38.01114904074559, 25.282018690154054, 8.167419328745734, 50.179506759143116, 50.1651892619433, 21.74707301398425, 30.41485190892544, 29.779425682601037, 64.5190396459384, 42.79200136755932, 83.45020687558868, 65.95853973076186, 28.447098482412972, 20.933189918826926, 55.11432184881963, 73.68201492196968, 88.55354448507802, 66.51408035388623, 17.345958328543357, 44.69835463619415, 23.716749003788006, 57.16148125919721, 63.99083202440197, 66.91618223167994, 26.285473400773263, 109.26695870410218, 44.124517612570294, 47.40451034023892, 31.18340942134724, 63.07670931413362, 78.60184374129513, 54.189139045234676, 26.822122280459283, 73.42810898379697, 14.476491374789164, 41.26494716597144, 93.0452517131283, 64.68362251965326, 67.89338761365528, 21.536784738966066, 89.75002870992004, 44.98925123565749, 23.516290130495598, 59.80278638392325, 31.36482578769307, 19.827015722502757, 72.18600756117173, 38.10736322212375, 17.42511971307622, 67.72897737016156, 0.873147989777031, 33.77291320027116, 31.018826793971847, 39.57867124720757, 24.09870997761578, 48.43723445953367, 92.9045637272864, 75.61001512543768, 89.11351800147303, 62.13087407799612, 59.45905359936732, 3.4627268185339526, 44.79194434480794, 26.707436066304144, 36.34008667275766, 59.52962103799658, 52.118415944556055], [48.700393139597125, 30.771249452974484, 54.045779733354436, 55.01249170394202, 47.870338711316776, 29.282928176345212, 35.01439454397459, 59.639251366157325, 38.50086960968385, 63.77494345416803, 0.0, 53.39823014199596, 31.758774649666666, 57.350009546347536, 69.61612553225227, 86.0062730643896, 50.66007157971428, 74.67806787764701, 29.465284142861766, 92.86912494170737, 27.389099917109014, 19.015859999758767, 75.86839304923656, 4.031513151590367, 36.60905994862296, 44.1199535676062, 13.25354834689741, 31.94557622014254, 40.183207989048604, 60.15891046476007, 38.458143216555804, 13.805527771662252, 82.81618888687414, 80.30870089000871, 37.224151678004716, 12.155978158479687, 21.171358552698216, 83.60833674093625, 53.23641670053731, 90.78732843459694, 80.4890807042896, 74.39028600347422, 51.6453307281323, 49.67684439969541, 49.45525839169134, 52.074947393985916, 71.42462689550337, 57.546625344621944, 34.93772444957341, 0.21669829427377685, 83.78659152590612, 71.70517959529064, 56.635945939174135, 74.83024518240738, 87.35875130492977, 52.39866958030343, 33.93026461495297, 48.30969908518763, 35.6348139388113, 44.96521473588005, 34.744904089976465, 77.77927682210922, 23.5180619603141, 65.05204351172402, 21.681970827858404, 20.627845692006357, 49.69064049955429, 32.347400471170204, 32.14750911227628, 86.17083896214776, 32.40161719575632, 88.75668058381608, 63.7105833645495, 77.89693676455481, 75.82919111171613, 72.89640203306047, 8.073669577760691, 63.32222413135495, 35.369509247129805, 89.04756422117845, 77.22810890926101, 48.042374231038636, 72.41522092088164, 50.049955623429305, 55.049804806127, 65.74534002072389, 48.53899048041104, 34.00922568444472, 61.7814885482427, 56.91510740669802, 81.39671837704402, 61.79728581270737, 83.82096316995798, 65.51832228034023], [6.902548249608024, 26.53347558750115, 48.80173036753091, 65.73103458038928, 76.31147832243174, 34.98168406404508, 34.24279317254597, 47.8767825394923, 35.15731818324145, 23.878976104907203, 53.39823014199596, 0.0, 64.98467812188568, 74.37630292440717, 16.4552657236431, 35.56081286575288, 88.0069312252134, 42.87552963617275, 33.24355614561827, 67.55390509201413, 39.73715716290628, 53.08924211782862, 52.63833280275509, 49.375526275768244, 78.65169574277255, 29.24487583743629, 53.57824076011122, 21.79977992296134, 15.892467093660734, 15.785978937428021, 56.012628618926314, 41.98184003664831, 33.0192954331828, 26.92198976606197, 16.696475202807314, 49.88324890993518, 33.39763652225115, 60.50081924705107, 42.262885301286474, 41.321596558509796, 29.933782586975084, 34.41971588510097, 50.413818370693654, 66.7722503122822, 43.14758763377334, 7.907783042994376, 25.54011709191999, 4.180829950288627, 60.826309580605994, 53.59274983763311, 46.54250341892357, 18.307405307207112, 89.58930504607119, 26.90426278792556, 36.28788186940097, 7.3116093404417155, 65.51783461004904, 56.068606768382594, 32.81976037630113, 8.452353870610795, 52.975989827916116, 31.81850813901259, 30.265999766767198, 69.63257874059502, 47.05114023654916, 50.70316959380326, 5.550368172972774, 72.90988600261787, 25.721590943062125, 37.643248176033865, 39.188248718795705, 36.277223898042436, 10.859145253992168, 49.587528398722995, 24.50546513360862, 21.690902883701956, 54.69247677529711, 24.226965152056813, 18.04281334508201, 36.7816569480381, 26.104416414365993, 35.23780130532573, 28.630456459081117, 71.6282513422314, 52.11723511485687, 65.45328974905863, 38.7025641942335, 38.44964143679273, 25.147248941239877, 21.20637587450147, 28.636397184292417, 14.949988596068655, 41.10344966123105, 29.501230049502105], [63.35952921210312, 38.70240932462968, 83.11149503090539, 86.51043163953618, 79.07660675681058, 30.027915300249568, 32.047336712442785, 87.75960644180945, 65.47550382772181, 63.412099602738024, 31.758774649666666, 64.98467812188568, 0.0, 89.10817649073891, 80.79952763782576, 100.54075126570064, 79.4674313310292, 98.29203601164801, 55.48734402393646, 119.4952932106047, 25.257299677211613, 14.74143268423242, 102.2716023034336, 32.18771814103939, 64.88744447118755, 40.993483639890535, 45.01226616732597, 49.339859773431925, 49.09274282631881, 63.836806149137445, 15.477931696253874, 29.110895395331102, 85.1117786800489, 89.12376134584542, 49.27438441395015, 43.527750385851625, 35.35963867589097, 110.46606448398676, 80.85582237463757, 91.7132416102277, 83.91324764865887, 94.79429386124204, 81.30805881717812, 81.40556422354662, 77.75194924166777, 59.880594305893375, 88.78084573697224, 68.88767511895314, 7.586050657614823, 31.833739204660468, 105.87483011110676, 81.53023973135267, 86.44807302438166, 91.13633812250643, 101.2519502410144, 67.5216351267649, 2.347048434540575, 79.21037158599792, 61.8292909041844, 57.47209628053716, 66.03838487558882, 77.60068387853913, 38.970420753658864, 96.2941013616422, 52.4565162219816, 52.08700041048993, 59.6915371178488, 61.866533986462294, 54.280921162770504, 86.75370362641456, 60.84844434782935, 93.94776894970289, 72.56335860578409, 102.89397967156773, 89.48949106151875, 78.186491163149, 39.711513010296656, 62.653740049373184, 50.365529008328565, 93.81509914883829, 91.08895547997791, 40.087148727445246, 90.91886101983427, 81.7677062165031, 84.67667036192381, 96.43174259045375, 75.7758752287688, 62.189126620821085, 60.28228175460282, 77.10886890856237, 87.84610392252215, 77.93108486987616, 103.41933742093282, 86.79209246959596], [67.51236860861304, 71.33502965112321, 29.26290674677935, 9.75029155720686, 15.436039000597312, 76.8777149183163, 81.98566888022013, 34.81529908530792, 39.38451553238345, 96.51618300833039, 57.350009546347536, 74.37630292440717, 89.10817649073891, 0.0, 83.54664891093016, 87.6564810503748, 29.735642984244357, 57.9813624440243, 44.79568874741869, 59.79229601133911, 77.98517139964049, 75.74634974248129, 49.15440496476149, 57.34681696537422, 35.33239038541542, 87.01824692223329, 44.09754180896157, 60.04491683012877, 72.96669305020421, 89.21087744694427, 94.02566937727029, 64.23398922580591, 106.51518755650525, 94.51743403572057, 68.16680802083359, 45.899862280533775, 64.25508578527185, 52.283908320526926, 35.84999764982075, 114.57304569644819, 103.16597186501428, 66.8359891691164, 26.010412191419494, 8.386341729461625, 32.878983135998546, 79.31040468804403, 72.44983360370512, 76.70232056624299, 91.8563723379833, 57.27448803291345, 68.00847559125869, 87.15717787820869, 24.372800616233167, 76.71302657361703, 89.91124447423647, 68.0155280716515, 91.27625359537328, 18.474502872842486, 42.34509034046095, 69.70167788416532, 25.09353686162493, 106.19474136136772, 62.774262403028395, 15.883626431198175, 38.31199799924364, 37.53766168381004, 75.15375427985865, 33.46988571381367, 52.10543617108234, 111.48499726015743, 37.247717955355476, 106.55490867999184, 83.94759707580178, 55.373448252997974, 82.74811478625917, 95.10731287671244, 49.4386357307089, 96.57124995300519, 63.8025216656762, 107.44432720371235, 83.23128961566275, 93.37876040695782, 70.38765116324547, 7.918603781674751, 26.2167649262153, 21.54928297430812, 37.14211721630357, 37.287470531194366, 96.48730974671983, 59.21948480689261, 99.18039233083643, 70.07344667709289, 74.66005794746005, 60.007397887099664], [21.14664862618975, 42.77154592647385, 55.437927852637095, 74.21269250780487, 87.87821425207277, 50.79740240017507, 49.29003828778983, 52.47232971103609, 46.189882300605156, 28.153768675525736, 69.61612553225227, 16.4552657236431, 80.79952763782576, 83.54664891093016, 0.0, 20.722587430241287, 100.76304236908874, 39.66638174652623, 46.96186681910763, 63.60110851181105, 55.573079416118965, 69.37448343727205, 51.638388622838825, 65.61012334218336, 92.64975340599204, 42.56530942897374, 68.80860472151194, 37.73896881126539, 31.970277194639685, 21.41715658714514, 70.75107966376272, 58.431688033101736, 24.435400513543605, 11.530080161435638, 33.15091821741963, 65.25240093307022, 49.84800076797417, 58.33354829735685, 48.53734132527405, 31.768044488658315, 20.975333830285184, 28.333164822378503, 57.965826783892055, 76.69219283945964, 50.78566879053264, 21.053087255916495, 17.56022799698618, 12.286263173552317, 76.1798451806219, 69.80606627556026, 39.50496256923627, 3.721371421363181, 101.3685083945479, 16.160067464420734, 20.90192152960245, 18.07935862404921, 81.18081492611537, 65.11050947637628, 44.89767459273909, 24.85874840671575, 64.92266922939075, 27.878090670269362, 46.67921762341262, 76.00336128327461, 61.2607211532778, 65.02406831509892, 21.25495955335733, 86.90298481547204, 40.14576281709685, 29.688706913102628, 51.62527002024211, 23.05111227099905, 9.10079380827927, 46.78237169699387, 10.093979908876737, 14.469440830963535, 70.4113033872341, 28.89965426158156, 34.27740814820134, 23.906528443855056, 11.656392377895846, 47.42804063779405, 21.41977843422392, 82.09414465301042, 58.81459044446015, 70.88363046090095, 46.43017906952041, 50.53117069914437, 31.001054067086415, 24.584106517725818, 15.645737716727094, 13.609411933513465, 31.519264982680408, 28.000078825609474], [37.98478511576218, 61.972982354246525, 58.39568972591955, 77.91411303768844, 95.19209164798286, 70.54224499123875, 69.54598532194905, 53.28891227241011, 55.61240358850892, 47.86033522464767, 86.0062730643896, 35.56081286575288, 100.54075126570064, 87.6564810503748, 20.722587430241287, 0.0, 109.50874777663425, 32.954995071133894, 59.65998884452937, 52.411436093040514, 75.29757611075084, 88.34728939997059, 45.538171738670414, 82.13161226665623, 103.69033467905048, 63.22755079554614, 82.79251144114569, 54.400512558037406, 51.44915119806935, 41.87332134231048, 91.18478657511717, 76.27377701678355, 36.62132332822345, 19.254902452532686, 51.68015979467774, 79.62360586657698, 67.82614315410821, 49.88726422519258, 51.96939957295052, 40.837459358970094, 33.859076430633294, 21.489096493850962, 61.784676321522404, 82.17987967601353, 55.547294770699, 41.453149198945745, 16.007473069943813, 31.748664225568675, 96.31414898845901, 86.17663118963739, 27.440271084895098, 21.667526965631673, 108.56230450193817, 11.827628344197272, 2.3556208311034696, 33.95998468200535, 101.07614946208717, 70.18448154032487, 55.72674795636995, 43.28002510241541, 73.89443672966223, 43.49528298193624, 64.3755976722624, 76.82991859520219, 73.75843583586446, 77.52736057451753, 40.93402938749079, 98.08735916528649, 54.37184649020289, 41.22874743793159, 62.23715462546724, 28.63143060510021, 29.808344948230776, 39.11448206657613, 11.088146910413991, 31.391857608230588, 85.3926364234955, 48.672312868922184, 51.74387809274976, 29.867236048892504, 9.46965973343457, 68.14902997190191, 17.320733042368413, 88.0656226922003, 61.47527142512814, 70.86117980363352, 51.91363996201786, 60.78341017412038, 50.97940802729876, 31.47409869292248, 25.504629847542223, 24.21290945093267, 17.62914741878531, 27.700871437713964], [81.29683396913747, 75.65828364436983, 53.57936353562713, 37.101362484649094, 15.515631572648847, 77.87240813117052, 83.63477520444344, 60.33415226743152, 54.746768988702726, 106.47796283285513, 50.66007157971428, 88.0069312252134, 79.4674313310292, 29.735642984244357, 100.76304236908874, 109.50874777663425, 0.0, 83.57850788617016, 54.78836514178978, 88.99918447713551, 77.14828305228426, 69.24756383952743, 76.75434952478152, 52.73979215442408, 14.582931362653243, 91.27883361904875, 40.01377385009232, 68.55205964256922, 81.22816658613712, 100.49107224134052, 88.87245133671779, 62.503296831222166, 120.99585003112716, 112.26899314146671, 76.70483381665619, 43.59473777919658, 66.38222743361833, 80.9998362011053, 58.722302836818955, 129.30950983346705, 117.94071364527048, 90.35502902024757, 49.720166485997005, 30.031774517558304, 54.576314214695664, 90.69423138501836, 93.56359442386756, 91.30614165631587, 84.37215437259653, 50.4902399647776, 93.99516573875367, 104.01781157175273, 8.51952207939611, 97.84296706218848, 111.57754985669176, 83.18519567381588, 81.81007013725117, 40.931613328561596, 55.87912544276557, 81.21568751107661, 35.95953708553248, 118.59109853797166, 66.53468717246116, 45.565590985237186, 41.79795048652038, 38.63800383545616, 86.94018888021772, 18.333694939246996, 62.47209326913457, 125.45669972275545, 49.18013636211833, 123.45395932692908, 98.67836940432424, 82.35331212123499, 102.5160724009191, 109.69682581923173, 43.19080820702868, 106.2919707231579, 72.84074492473943, 124.14115167032746, 103.35418101222027, 96.49274906441896, 92.38010561431928, 24.285599644370716, 51.438944028161465, 50.86895763741711, 57.7515756991086, 50.23218890911052, 105.494718941335, 78.54319137555464, 115.77102462989093, 88.35464963455419, 99.1711256328209, 82.25469220247372], [39.52445130827911, 61.80694073599458, 30.00245692595782, 48.38689389895627, 68.28928061871908, 71.11984696255942, 72.80868041994958, 23.419648318800572, 36.73781468840292, 65.20332194692816, 74.67806787764701, 42.87552963617275, 98.29203601164801, 57.9813624440243, 39.66638174652623, 32.954995071133894, 83.57850788617016, 0.0, 45.21438946576081, 24.719524648253895, 75.19614704829188, 83.97499478564973, 12.699221161135515, 71.54083502863485, 81.07342232422556, 70.70909444996519, 66.81015049042571, 49.19786083039909, 54.44143392428526, 57.188168301299584, 93.66497879959418, 69.75649725500855, 63.52814137543931, 46.876050523005496, 51.76108169636879, 64.7623979525299, 62.93979629347316, 18.667518174710278, 25.411008039130785, 69.90848495664034, 60.15272295357767, 12.070858619041944, 33.85847682081937, 54.09546883378172, 29.877295077923723, 50.77603873906144, 22.376308652503006, 41.73153282392443, 96.39455405964385, 74.7850736171642, 10.458644654539452, 43.08987803629225, 80.94560416610246, 25.318476595437808, 35.30638119479472, 36.25410635296756, 99.5409982382989, 42.65134813253134, 39.113354912262324, 45.760452083661114, 50.84876681053694, 67.52915221200163, 59.352291363211, 45.218714901652135, 56.25965290194338, 59.51989159785624, 47.626619990731484, 76.02954147011741, 44.20720556806816, 68.7373638231171, 43.63156717898206, 58.7838345952582, 45.81732726554267, 7.118313202830403, 33.09174573640746, 54.1325714121873, 71.0751626849563, 65.75846093969521, 49.13898197407157, 59.94515079736265, 32.6654796960759, 77.24913838000813, 18.651505904776783, 60.11795465556136, 32.35347894794931, 38.97770897576568, 28.177377046997133, 41.91943624811592, 67.21653493205869, 22.677673685690763, 53.126944242595464, 28.86681189181667, 17.052936847515205, 13.381981009762058], [26.62756556064596, 27.137760672309323, 28.288554304624963, 37.96036719677725, 43.76913917641489, 34.1961660404626, 38.54413983946144, 32.332090941286374, 10.001928425698196, 52.75064663776098, 29.465284142861766, 33.24355614561827, 55.48734402393646, 44.79568874741869, 46.96186681910763, 59.65998884452937, 54.78836514178978, 45.21438946576081, 0.0, 64.34008948571629, 36.60725097135495, 40.75190714270987, 47.14387864315261, 26.37930389590294, 45.71801421453088, 42.42134611200784, 23.24108982773671, 15.27511500555778, 28.30586573722737, 46.12772732571711, 54.83812965941912, 26.40432961845276, 66.20865643289987, 58.460568459427925, 23.50578892709729, 20.378304145343986, 22.238388063781493, 55.18983270359543, 25.377677122918914, 74.52334855607354, 63.16990974677116, 45.49845443220903, 27.289836308012195, 36.521010120098516, 22.518151185123457, 36.19434570579707, 44.0891790904494, 36.67007750624115, 55.30231349751722, 29.574176053367125, 54.394721852497156, 49.94160397863712, 56.75602532205101, 47.94868283800009, 61.34738650248985, 28.94158772182036, 57.11062921880993, 28.478335470000506, 6.408424279526215, 26.568232531687986, 20.704927338330954, 64.03336437286751, 19.62337717663268, 45.33716427512506, 14.354054130908933, 18.14326835922569, 32.293083810247005, 39.96655841731995, 7.802368736784376, 70.68359883294201, 7.615678895775897, 69.08639619668375, 43.98907898537523, 48.629023441115486, 50.65305218621088, 54.93187918325812, 26.53009926619358, 52.692096030073536, 19.200924487165, 69.70023090311588, 51.81106465654516, 48.9650605497211, 44.400625409367585, 40.369505415130796, 30.430544021590265, 43.59723711504993, 20.288617705744212, 8.045552851366804, 52.30995830888071, 28.743083948358827, 61.3843853415055, 36.024279689449465, 55.038055071497865, 36.51215083960358], [63.8791201638778, 84.86162313218736, 40.1256007118741, 51.94435181661176, 73.63264199833678, 94.00826805360981, 96.2630320557455, 33.618628171238, 54.58886073747515, 89.85371706146216, 92.86912494170737, 67.55390509201413, 119.4952932106047, 59.79229601133911, 63.60110851181105, 52.411436093040514, 88.99918447713551, 24.719524648253895, 64.34008948571629, 0.0, 97.76915765430522, 104.84581140199414, 17.22695586616404, 90.30066437086599, 90.4907455009973, 94.92109902967209, 82.80253336864178, 71.61858080097346, 78.40540156922893, 81.87438401072498, 116.44404677569672, 90.43252236890946, 86.64006398427529, 69.33545691259414, 75.317401647046, 81.63801833919338, 84.58258657191519, 9.27855168442721, 39.64747382661235, 92.30733372905858, 83.38150274677942, 35.267965104960986, 43.50313004058382, 59.33135939375449, 43.62300428474167, 75.44274165590046, 46.04172404141558, 66.44707582827925, 118.4250996107986, 92.93625788171242, 25.12151759015747, 66.81315554300132, 84.16299232962407, 48.11295534369598, 54.560452636461676, 60.80587240910769, 120.96380443530136, 50.739418603902315, 57.93169471772266, 69.97099427934, 62.91053991246621, 91.41743381528138, 81.1558738035581, 44.088264088870325, 72.22230817583569, 74.77800931028005, 72.19580665813452, 86.37852587869288, 65.39531517493512, 91.73331029810608, 60.47599038776321, 80.51815832150125, 70.32123184412016, 18.024194889515858, 55.81223439811201, 78.01357875917542, 87.80144570806655, 90.42397908954527, 72.25197785820967, 81.73426817372345, 55.02704830672952, 101.56683237897498, 42.18281783224429, 64.77325456441001, 40.488553196772564, 38.255565598277215, 44.36537062525733, 58.859911789573935, 91.91753496769957, 46.93413216442414, 75.79129847838915, 53.54779619651924, 34.82612502298664, 38.05762194959546], [38.43559813544338, 13.765051289274382, 64.80299630773386, 72.96214586877842, 71.8375133403863, 4.775864978484992, 8.565986931025883, 68.17897204401832, 46.21505894804849, 40.64152585827594, 27.389099917109014, 39.73715716290628, 25.257299677211613, 77.9