instance_id,num_cities,city_coordinates,distance_matrix,best_route,total_distance
1536,70,"[[5.9559895019477, 37.68218713633982], [48.495572412722076, 66.67297216110619], [79.1885348716982, 27.555693283515538], [27.089924557059486, 58.16537794055607], [6.264740527230595, 0.42860446106839367], [98.09269847807518, 96.49643617472576], [15.567354059442307, 28.0456775268635], [22.001193580401267, 84.82037322864161], [21.112867567592808, 60.753563122133016], [24.047025746216942, 41.10718952936022], [35.92243045294013, 62.51945206351481], [97.10170082049895, 62.59098638173527], [17.720366482036574, 24.03534236711057], [0.9197632775780451, 65.5968310320096], [37.178576392087216, 21.611985704785674], [17.6921033718791, 76.32861119113072], [30.50300512379295, 1.6089827808176027], [27.49374932710743, 35.90127623367949], [16.413478097417823, 17.154832276175746], [77.60438998584407, 27.978894992035574], [97.40977100725323, 22.55344009355933], [79.5559782104024, 76.46207877828071], [21.623630913978374, 30.159727201113697], [90.31432578947974, 95.03978502413601], [61.86330859389374, 29.96563338749968], [35.34596956670016, 46.6007678065158], [28.301359912450007, 20.61807682095371], [0.9381848852629049, 16.12765776270083], [84.86290606255335, 83.6495368968065], [65.68881249628316, 39.135956478006726], [90.91765399489714, 57.769493591222485], [9.671020743919401, 55.72814742651472], [11.476732440220527, 42.8240012282604], [70.38850245226071, 32.037405475522405], [87.67955569289782, 80.46298762821404], [3.099145894764077, 96.0792331072416], [70.12636558996975, 91.93453704877876], [80.90126502426587, 43.72678431413686], [92.5440100846175, 58.62735272151116], [4.472060743227346, 60.741475826214284], [25.794544775532767, 9.50093278368267], [77.35453643323234, 74.81236560938514], [38.87748086854852, 69.07671409672079], [60.04086700617203, 44.94752617142515], [90.90191134210592, 93.70550340481442], [4.663104643216521, 34.39860672389348], [97.10181989382953, 44.448610727314076], [60.01386858504443, 45.70681641913534], [48.06408815012808, 60.883146809379504], [55.48873650884381, 35.572678548563985], [8.730613031213242, 0.20307886473430736], [36.66363026800842, 78.57828640191656], [15.916889773020982, 6.109562490987031], [44.90651125507218, 85.93101483021286], [58.18345854238602, 58.09908477276202], [11.019454209953516, 28.8991130459793], [77.9050334211784, 34.09947539983014], [51.39333654078939, 25.93252058911745], [84.71390183074146, 7.8648089956833145], [59.082535654871336, 85.39054250028593], [49.170703940462786, 19.346477451100363], [18.1541672706094, 13.342256791451334], [35.656009322735095, 99.04575486001421], [98.27579260553524, 95.1512766332035], [97.54008443353928, 79.75700842934481], [23.63632547679112, 78.7793865310973], [27.375317569638803, 71.40572669440132], [55.47216590885279, 31.032489012290863], [58.71237220533986, 69.64433818460883], [19.26677892024817, 20.043553296868144]]","[[0.0, 51.47894453633315, 73.92936885354732, 29.431349211947655, 37.254862089919165, 109.30822947473301, 13.610313960764937, 49.79414786891826, 27.60469783523574, 18.41239348329431, 38.921424849714754, 94.48803612951268, 18.017684032224697, 28.365311886264937, 35.11554223079913, 40.38913790848619, 43.63292390402437, 21.611264237186102, 23.03760762925459, 72.302470015474, 92.69667274883496, 83.19157609785583, 17.37994220050978, 102.01089616633347, 56.43734162597857, 30.71338485704537, 28.11582187378165, 22.130885650833978, 91.31976086862831, 59.750511195900096, 87.30397650751583, 18.424389811426458, 7.544325996824523, 64.67930337511804, 92.24390582413643, 58.466884075718646, 84.03067676926032, 75.18863928917729, 89.0852696567457, 23.106986810138828, 34.463768978918246, 80.47609991381947, 45.49110810770892, 54.57068009418323, 101.7566784196094, 3.528944825714568, 91.39664592334985, 54.65024214117451, 48.07677715399509, 49.57764670222938, 37.58167229599932, 51.141471787164484, 33.106648293154144, 62.008810008527604, 56.076360718809894, 10.13809969007914, 72.03818948501075, 46.93194189354466, 84.2133290730919, 71.40390099757359, 46.943687474076725, 27.225498160178738, 68.17315176176864, 108.74576907946212, 100.78659152524746, 44.73895481876837, 39.9507789059928, 49.960686655616776, 61.68318259930448, 22.097477653825], [51.47894453633315, 0.0, 49.72141843607558, 23.034342177326664, 78.56054616484317, 57.873257379502924, 50.75761474578829, 32.11355282768499, 28.015208869579094, 35.37429399547026, 13.241436022649694, 48.77723164239931, 52.584035357947975, 47.58797846718631, 46.460379888112904, 32.281342444642924, 67.50596411966093, 37.25552097568178, 59.0026012419759, 48.42060375987981, 65.87208767000276, 32.56647688465831, 45.33561841885827, 50.53201169548106, 39.065651030665315, 23.99594637976475, 50.28776792917482, 69.40125298631554, 40.13460734856607, 32.46374496730526, 43.34633705873075, 40.337761474261974, 44.035984461181314, 40.97466125970603, 41.539728842207985, 54.088480505857895, 33.257147713701436, 39.70713349440207, 44.777191219432744, 44.42130376840571, 61.51405321028763, 29.98482166101697, 9.91391245902117, 24.602618370817616, 50.289713926764755, 54.4327097905248, 53.44613676716485, 23.921764845218103, 5.805881179662851, 31.8768349567773, 77.45643103993439, 16.78485514052157, 68.76988551254861, 19.589629078634555, 12.937027580141514, 53.21018575420815, 43.8856364664428, 40.84337683433476, 69.06639878206455, 21.50421424030092, 47.331309976758085, 61.3576895575197, 34.82601671182731, 57.35053746958647, 50.75978885327111, 27.65045075798078, 21.644032205418846, 36.31689546053244, 10.64011344150337, 55.03294533860826], [73.92936885354732, 49.72141843607558, 0.0, 60.425309196726836, 77.80590420768299, 71.48561695927805, 63.62306761312666, 80.9298188134942, 66.89455653966863, 56.78229547259141, 55.62751315312283, 39.34912040678213, 61.56889308534326, 87.02372531702174, 42.42834278215553, 78.48954458037652, 55.16803959490478, 52.36410609644069, 63.63085464386067, 1.6396995778105425, 18.895395822371214, 48.907765812493786, 57.62377252753857, 68.39507191020907, 17.492034669583667, 47.800474852344834, 51.35791173241709, 79.08044808209307, 56.38011865652599, 17.786090066874408, 32.410584142224025, 75.00914572867309, 69.41188238345812, 9.87554123859213, 53.58431887653897, 102.39663385510754, 65.01352502858828, 16.26153835576929, 33.82035982058269, 81.75480211682823, 56.363929556904885, 47.292247034655745, 57.87033993519887, 25.8671420123963, 67.17886994748719, 74.83892847370808, 24.622275281685642, 26.40324029904226, 45.600990584004634, 25.019042651147934, 75.58097819969258, 66.42042246236332, 66.80746664455405, 67.69738036978394, 37.069016648214514, 68.18231687853994, 6.668467617023062, 27.842552682008073, 20.451420588039475, 61.23006604956105, 31.120112441946755, 62.66750198770316, 83.70131232473418, 70.23878057157978, 55.333142638701574, 75.56397765190736, 67.87808863931149, 23.96986160413629, 46.80520555610768, 60.3908029710164], [29.431349211947655, 23.034342177326664, 60.425309196726836, 0.0, 61.377710137295864, 80.68868526522274, 32.24850359137847, 27.136395426818638, 6.513364168343957, 17.327464472475, 9.847391627684217, 70.15151335243269, 35.392766870730554, 27.204849502332188, 37.92006566173756, 20.45047884875574, 56.65928831550483, 22.26776367889351, 42.37748653112663, 58.8467073875607, 78.82316234456204, 55.564881422537475, 28.534134637868696, 73.19184933422324, 44.77068047540481, 14.209239485403844, 37.56683906035192, 49.508417522811975, 63.14396051675547, 43.03478861739744, 63.82895714021853, 17.588584440767267, 21.889029387021484, 50.57111619175876, 64.56227070789943, 44.86666774370096, 54.70366864896378, 55.71474983149863, 65.45571581571099, 22.764095497461568, 48.68168270720238, 52.949536405037996, 16.062494840757225, 35.50318596514184, 73.04156471126673, 32.67754068948771, 71.3429407259689, 35.20229886727443, 21.149510775740175, 36.28942802097778, 60.800431197961736, 22.546455883170168, 53.24138078980414, 32.99032211810113, 31.0936046556322, 33.38823562359576, 56.2258210608967, 40.36846451240247, 76.48967245985378, 42.008769919627554, 44.65946544002506, 45.70514137194705, 41.768205914184364, 80.22084836199241, 73.68462209841314, 20.90130849440145, 13.243424190709918, 39.2650644434085, 33.64142867882957, 38.91625780851561], [37.254862089919165, 78.56054616484317, 77.80590420768299, 61.377710137295864, 0.0, 132.89620819115072, 29.14174571385788, 85.84641279875468, 62.12541761683289, 44.395460925275174, 68.81026033753803, 110.07050050477496, 26.23946342021866, 65.3870517472751, 37.475337073813876, 76.75542745113704, 24.266989175229423, 41.339826527365204, 19.56434438439992, 76.47459769896503, 93.7919236020298, 105.60631959251951, 33.46393840084834, 126.55278847300629, 62.95742091973125, 54.567266290742154, 29.886909979112946, 16.578071949852134, 114.47006255345406, 70.91882281557075, 102.24526064713642, 55.404351788481826, 42.71457042683102, 71.49107038637267, 114.16599588934196, 95.70299760083397, 111.58692958586354, 86.28640198539519, 104.07308323691875, 60.33950739869036, 21.534168086329935, 102.89170522703382, 76.00101176378364, 69.81265049639629, 125.95249326674003, 34.007738696380606, 100.94124994041881, 70.27862580539625, 73.49787175315736, 60.482292647230665, 2.476164170748679, 83.85383285770364, 11.199878088653866, 93.8288261885262, 77.59792252192494, 28.86480835356712, 79.15844311067126, 51.83666574946305, 78.80081247744145, 100.04124348250211, 46.891445007427535, 17.553372462184463, 102.90378532502046, 132.0546035849802, 120.93049276906538, 80.25345484553897, 74.05003945703835, 57.947980657762955, 86.8422239669774, 23.53293904731292], [109.30822947473301, 57.873257379502924, 71.48561695927805, 80.68868526522274, 132.89620819115072, 0.0, 107.21911597696499, 76.9821249610171, 84.87312496344305, 92.47015893927399, 70.84897794330283, 33.919929275019435, 108.21424058910851, 101.96746997673222, 96.5308820621233, 82.89147638930918, 116.49890754555167, 93.0375463428712, 113.87091442149043, 71.5152028214594, 73.94614972660712, 27.2944220413337, 101.23278743357858, 7.913590478234383, 75.75563616585104, 80.16688662401685, 103.09392007777124, 126.08782675142399, 18.440993151530677, 65.88047098919901, 39.38600443306661, 97.36758424024092, 101.89728085554268, 70.16045265046111, 19.118185451504807, 94.99446873791025, 28.33596123027492, 55.49938325499219, 38.273429745375886, 100.21597177797182, 113.11604943180006, 30.00450434986106, 65.25552202977637, 64.07208441196919, 7.713412044029927, 112.18390894710038, 52.05725669081067, 63.47899464342384, 61.40983822455047, 74.34246309322161, 131.3696805866633, 63.988987430946715, 122.1583008667434, 54.22544273223978, 55.38144117780155, 110.23224556157851, 65.58141912457607, 84.61735394186273, 89.63569342697964, 40.560247506651606, 91.35358603029921, 115.34637541124889, 62.48871240823996, 1.3575631298981092, 16.748546907867794, 76.53525546165724, 75.03660216704195, 78.11554374495651, 47.663877977121516, 109.81151530906232], [13.610313960764937, 50.75761474578829, 63.62306761312666, 32.24850359137847, 29.14174571385788, 107.21911597696499, 0.0, 57.138081548219276, 33.17466654214204, 15.572666043643691, 40.034613346315716, 88.55070900693404, 4.551730504478027, 40.30683621025101, 22.548554746867506, 48.329662143126235, 30.364000095699666, 14.281083121497266, 10.9236640447273, 62.037071871910754, 82.02649501156999, 80.2414601740962, 6.414646939932598, 100.37589462698263, 46.33574901480266, 27.119826818584002, 14.741918372819256, 18.86933453584765, 88.8462869468852, 51.333759681618254, 81.00106753488406, 28.303460677324267, 15.334015672840367, 54.96628242043953, 89.15012071043589, 69.1666169459382, 84.01471365302181, 67.18941160654232, 82.82900718063128, 34.527101821680226, 21.17788911891409, 77.49050922467771, 47.190125808833976, 47.57694653323821, 99.9325185077298, 12.61991936241022, 83.16805478353633, 47.826859403965436, 46.19888651732767, 40.62477718156817, 28.669693548195955, 54.75945059610444, 21.938899655230493, 64.89605858349495, 52.14728802525593, 4.62728270438155, 62.630940731345824, 35.88824951146729, 72.03133015127052, 71.9861415003139, 34.71111068785377, 14.92923922750309, 73.787296004128, 106.50749850669507, 96.92053584607504, 51.37136876763424, 44.93909062352541, 40.01643476855892, 59.932805368413035, 8.815879791207866], [49.79414786891826, 32.11355282768499, 80.9298188134942, 27.136395426818638, 85.84641279875468, 76.9821249610171, 57.138081548219276, 0.0, 24.0831989529584, 43.761031276442814, 26.289387989729544, 78.3213369862222, 60.93558449283452, 28.53018188162292, 65.00502443948781, 9.522514422509047, 83.644583206443, 49.226478844552624, 67.89586141075617, 79.5152130011912, 97.79378564914201, 58.15852749102877, 54.661949999188465, 69.07329737069836, 67.80878037826861, 40.48235769748952, 64.5106732241425, 71.84942235937721, 62.872615293979145, 63.21134376348134, 74.03531998459191, 31.597322106461068, 43.2950290851684, 71.60567955607677, 65.82274727669028, 22.001121164069136, 48.64816037436876, 71.81853149408349, 75.24867629157657, 29.783616270357612, 75.4149031838623, 56.250802496410316, 23.07968534218338, 55.10771894015815, 69.47124906265627, 53.31945109857254, 85.26419694181602, 54.54203688256515, 35.38736048364889, 59.55460488229628, 85.65158967340085, 15.935830620663069, 78.94561722983349, 22.932228468788907, 44.9798127444034, 56.98934935597577, 75.48409624221512, 65.81547885032978, 99.27256742174677, 37.08572532716856, 70.88732835629952, 71.58156704652924, 19.71840448705931, 76.97104664482197, 75.7083991008465, 6.258368525302647, 14.45108820436383, 63.35173618049881, 39.72433354620137, 64.83450797227557], [27.60469783523574, 28.015208869579094, 66.89455653966863, 6.513364168343957, 62.12541761683289, 84.87312496344305, 33.17466654214204, 24.0831989529584, 0.0, 19.864271433002198, 14.914473393598291, 76.01104461440391, 36.874609137319155, 20.76580614650568, 42.31040159052657, 15.946276996034713, 59.885357701817846, 25.658367360666297, 43.851266717970844, 65.3105732341235, 85.3256519100735, 60.517391266702184, 30.598099214792136, 77.22944278155158, 51.073428132275886, 20.071940807075695, 40.77415459361754, 48.9743734057078, 67.73693987182686, 49.54125334815227, 69.86853998135985, 12.496826063051849, 20.35495737895776, 57.032498658853214, 69.42323373577847, 39.653463006437924, 58.09110192967345, 62.16561482856529, 71.46277976649947, 16.640811214257877, 51.466010318356574, 57.972193715330576, 19.617755424060977, 42.0145206372412, 77.17733475155974, 31.067320885800434, 77.7185457161699, 41.7096207906994, 26.951532105252817, 42.6119386249144, 61.803570861311734, 23.654745413246257, 54.89048178162008, 34.641615932854805, 37.16550780667068, 33.415310605504494, 62.73587884655311, 46.14555021150794, 82.71826806933436, 45.2623071389167, 50.017886057839185, 47.503535399263775, 40.96089501220426, 84.48265913902571, 78.7543675704313, 18.201597440627577, 12.356652815325265, 45.43020612705208, 38.636364091558924, 40.75184588784927], [18.41239348329431, 35.37429399547026, 56.78229547259141, 17.327464472475, 44.395460925275174, 92.47015893927399, 15.572666043643691, 43.761031276442814, 19.864271433002198, 0.0, 24.48489787154571, 76.14813902783862, 18.206443446655108, 33.68401416431243, 23.50533119372629, 35.79013247055808, 40.02234383534157, 6.243511566835762, 25.13934103533077, 55.14293591889027, 75.67254462724365, 65.81194418549444, 11.212482951661393, 85.4405051004904, 39.42341336918615, 12.563659249823342, 20.92613434860254, 34.02933342306964, 74.21874842776195, 41.68841761785567, 68.91526172788679, 20.504680676773496, 12.686990037367366, 47.220688750589474, 74.81963453140482, 58.82804811821819, 68.60557423632432, 56.9145570194662, 70.70214269549892, 27.72515921063572, 31.65453029554393, 63.06924440828306, 31.658122238371586, 36.19813246800492, 85.06561203318414, 20.51198382860978, 73.131170123089, 36.259762151978585, 31.11121619053986, 31.925099647099618, 43.67766898221894, 39.53810580303248, 35.92955620738621, 49.439796220206034, 38.131621366132705, 17.853704141061016, 54.31199727534813, 31.27445109860952, 69.1774942983687, 56.46682481694021, 33.237445692485885, 28.383397804951827, 59.09015021350283, 91.81869733525319, 83.03636658850031, 37.67443565136703, 30.48079527839183, 33.00059127879296, 44.900502207690096, 21.59924839090327], [38.921424849714754, 13.241436022649694, 55.62751315312283, 9.847391627684217, 68.81026033753803, 70.84897794330283, 40.034613346315716, 26.289387989729544, 14.914473393598291, 24.48489787154571, 0.0, 61.17931218856211, 42.57160828446279, 35.13768590423826, 40.92674805687586, 22.870017518451636, 61.15108698246175, 27.920779896503568, 49.381656011720324, 54.13350010216184, 73.33467911721371, 45.80702271060677, 35.378064693051165, 63.372315202860825, 41.62547620285775, 15.929118482433132, 42.588800915276295, 58.10418243455956, 53.307134962941404, 37.852679769703634, 55.19997027099131, 27.115647334766077, 31.39272105015758, 46.01157770882118, 54.779288802122025, 46.94280469773704, 45.11270778337774, 48.74689652206793, 56.75519110420127, 31.500586571967585, 53.97719384073764, 43.2173012740084, 7.1923576336909125, 29.84077011957573, 63.208489280351586, 42.04672868004543, 63.792421171783026, 29.377918724505793, 12.251422224394776, 33.30118519721706, 67.99062658445074, 16.075930376624807, 59.852295690981464, 25.076183502245314, 22.695660787565895, 41.83880282002314, 50.69747553432134, 39.72345012572926, 73.26484619572247, 32.549612144102184, 45.15996553679352, 52.28869582752311, 36.52727441515695, 70.37597421336076, 63.983346517183776, 20.379741028163984, 12.329599160371464, 37.06239331971575, 23.87771863717995, 45.62469401555346], [94.48803612951268, 48.77723164239931, 39.34912040678213, 70.15151335243269, 110.07050050477496, 33.919929275019435, 88.55070900693404, 78.3213369862222, 76.01104461440391, 76.14813902783862, 61.17931218856211, 0.0, 88.24927153658103, 96.22889488907124, 72.59517434199294, 80.5891214889179, 90.30055942066352, 74.5493631018641, 92.60147615515477, 39.72583542421827, 40.03873149861016, 22.366483545339754, 82.150627562145, 33.15106322799875, 48.02247332983327, 63.79229916513994, 80.5928783830265, 106.80010628921107, 24.3567371978047, 39.20341797158065, 7.841506734690891, 87.69961446425233, 87.87701014589297, 40.58468027782579, 20.203594911790233, 99.7894934415151, 39.858658739962365, 24.865885056338822, 6.040110647695222, 92.64810257171955, 88.90030536654672, 23.223105123212147, 58.584336242770846, 41.046279870482216, 31.726180973383407, 96.6421457439692, 18.14237565481195, 40.75024533976674, 49.067343237781095, 49.61479373101423, 108.17439697734167, 62.51683080613661, 98.89956920806624, 57.17599795147067, 39.17660988501421, 92.44076757790032, 34.355177736000094, 58.592641853693195, 56.110712480775554, 44.33144120253945, 64.55592935250641, 93.04918280064497, 71.4459456403461, 32.58145166777482, 17.171618826750116, 75.22782512998589, 70.28135007258733, 52.239419341883924, 39.03191416235914, 88.70489912811684], [18.017684032224697, 52.584035357947975, 61.56889308534326, 35.392766870730554, 26.23946342021866, 108.21424058910851, 4.551730504478027, 60.93558449283452, 36.874609137319155, 18.206443446655108, 42.57160828446279, 88.24927153658103, 0.0, 44.82875871665635, 19.608533612089087, 52.29327646174633, 25.813513029795804, 15.372683525075008, 7.003525994904805, 60.01373074813897, 79.7031820439559, 81.0691406673805, 7.262476355942885, 101.54562425316773, 44.53950706818925, 28.633202918281064, 11.119133319976111, 18.551902731253946, 89.78848929983002, 50.28916741752528, 80.59674843349217, 32.699019241334106, 19.798905723518867, 53.27255917044931, 89.87973801004327, 73.51259949449224, 85.7711453865446, 66.17838640036925, 82.43291103876537, 39.023811173006905, 16.62652751039753, 78.32330633415951, 49.76292451664071, 47.20534075799884, 101.04192123631621, 16.67001304306849, 81.96411819152539, 47.52255367427883, 47.73365832288889, 39.491263599000035, 25.47140456969905, 57.73889492230424, 18.01627354386021, 67.60296396815815, 52.89234694890076, 8.280005464658615, 61.020331925315745, 33.72637243736303, 68.9174863734496, 73.99519999340635, 31.797943022300647, 10.701881248291723, 77.12489394783408, 107.45535251665085, 97.34521787231557, 55.06277274398872, 48.344300510186564, 38.39477075249595, 61.323119887199994, 4.280861059455495], [28.365311886264937, 47.58797846718631, 87.02372531702174, 27.204849502332188, 65.3870517472751, 101.96746997673222, 40.30683621025101, 28.53018188162292, 20.76580614650568, 33.68401416431243, 35.13768590423826, 96.22889488907124, 44.82875871665635, 0.0, 57.00322926758374, 19.911868260477327, 70.49548157115615, 39.849751684812404, 50.85943808555824, 85.41452502527707, 105.65535999253915, 79.38329740914772, 41.0419110547655, 94.11841130446673, 70.59531118497853, 39.31938577251874, 52.65776452388963, 49.46917669927935, 85.86239811267575, 69.96576033216336, 90.33763083554084, 13.1899743497688, 25.10082419307207, 77.1501183809947, 88.02422502863773, 30.56021179357566, 74.04882552648151, 82.9176673881831, 91.8889342134176, 6.016086058136316, 61.363707147284046, 76.98831485948459, 38.1168979700596, 62.62346762446588, 94.27027332552028, 31.4219955534213, 98.47961838364192, 62.35163160166924, 47.37938567182158, 62.28340526868929, 65.85857724236749, 38.02817653990873, 61.34858532673798, 48.45939566662689, 57.7524631020085, 38.0621368595054, 83.1794159086436, 64.19376232054705, 101.75678859058796, 61.438579933964995, 66.83747811828592, 55.02331514964389, 48.22278812513171, 101.74311623544854, 97.65242999641686, 26.264462066397698, 27.085782649145063, 64.58063465235385, 57.934169199424595, 49.10920581120527], [35.11554223079913, 46.460379888112904, 42.42834278215553, 37.92006566173756, 37.475337073813876, 96.5308820621233, 22.548554746867506, 65.00502443948781, 42.31040159052657, 23.50533119372629, 40.92674805687586, 72.59517434199294, 19.608533612089087, 57.00322926758374, 0.0, 58.08297285246549, 21.087517106913065, 17.262088491770033, 21.238067799907103, 40.92412416398481, 60.23855195085739, 69.31361262437568, 17.74880879143687, 90.6369106760887, 26.059920059006647, 25.05589109778782, 8.932683096119696, 36.65301937827545, 78.24610567960748, 33.46525234295573, 64.77077919987197, 43.82440083287185, 33.324681320220286, 34.80788080763118, 77.5486256340644, 81.89492364438995, 77.65834173195209, 48.997324608172285, 66.59931413569404, 50.99836431741801, 16.621485454208624, 66.66624473615865, 47.49512309427477, 32.66851360244355, 89.90924319844017, 34.9392841961294, 64.12726841359043, 33.196557603024154, 40.75191358374977, 23.02526673416807, 35.60376260267482, 56.968628073937666, 26.31319903369986, 64.78162150551721, 42.101228872139366, 27.155144967879863, 42.59790723763613, 14.856864668289177, 49.48325001482881, 67.43506312225531, 12.204247243645327, 20.744072857599743, 77.44873669767568, 95.60803909341145, 83.81142714855642, 58.749504483774274, 50.749586454283964, 20.576717424667894, 52.63849586446055, 17.980335616733786], [40.38913790848619, 32.281342444642924, 78.48954458037652, 20.45047884875574, 76.75542745113704, 82.89147638930918, 48.329662143126235, 9.522514422509047, 15.946276996034713, 35.79013247055808, 22.870017518451636, 80.5891214889179, 52.29327646174633, 19.911868260477327, 58.08297285246549, 0.0, 75.80990748887946, 41.59857780253554, 59.1875915515107, 76.98816236180033, 96.15963581356291, 61.86401881249953, 46.33597692612011, 74.99396785795774, 64.03609202305617, 34.574610105174564, 56.71172686626921, 62.48878762104577, 67.56857766223524, 60.720487904679395, 75.54086384289897, 22.106941756873876, 34.07623401407754, 68.83764507724808, 70.10946120824477, 24.55690277706142, 54.707374057158844, 71.12156657804327, 76.9164643619347, 20.438402970574735, 67.31707181710253, 59.68169668721407, 22.392191298403514, 52.70854084839762, 75.24381945411508, 43.90763125578543, 85.57007366871596, 52.238167328271516, 34.07374105287139, 55.584453960219264, 76.65119034368007, 19.10444637576767, 70.24148477698006, 28.858796788512507, 44.4056919435126, 47.896571287922775, 73.54520279937988, 60.626224235652266, 95.80821300764207, 42.37082113465366, 65.09889291933575, 62.988049212596835, 28.961535413093916, 82.75278668933554, 79.92154895424785, 6.429624887931879, 10.862754207282503, 58.98365714109316, 41.56130364648238, 56.30708077358585], [43.63292390402437, 67.50596411966093, 55.16803959490478, 56.65928831550483, 24.266989175229423, 116.49890754555167, 30.364000095699666, 83.644583206443, 59.885357701817846, 40.02234383534157, 61.15108698246175, 90.30055942066352, 25.813513029795804, 70.49548157115615, 21.087517106913065, 75.80990748887946, 0.0, 34.4240760327286, 20.980662724501393, 53.98066992869208, 70.1083847561005, 89.49402297942059, 29.899637009686067, 110.93560694206205, 42.27964365230931, 45.251685321034216, 19.136167272036673, 32.93737267855707, 98.41570682431919, 51.44234438012629, 82.4859550026816, 57.99013325688576, 45.394678078522645, 50.167138694835245, 97.40180704409251, 98.3646262504039, 98.63425595829769, 65.68023909057949, 84.26257061853052, 64.60852729406535, 9.189802701846233, 86.91260693124558, 67.9854882523793, 52.44725567464971, 110.13535755339808, 41.74757352439095, 79.18734653571796, 53.06137949414221, 61.82085536728441, 42.16419574769509, 21.817736437455782, 77.2154583103957, 15.26466438391668, 85.54335788249746, 62.907385293931775, 33.531477243057275, 57.46811635448164, 32.06306969433433, 54.57065771458176, 88.52197080049496, 25.750761081727386, 17.03418666484643, 97.5729368497619, 115.51325232288941, 102.96156523258612, 77.4753025444608, 69.86678674717191, 38.590176331078304, 73.65173437239375, 21.589028913049013], [21.611264237186102, 37.25552097568178, 52.36410609644069, 22.26776367889351, 41.339826527365204, 93.0375463428712, 14.281083121497266, 49.226478844552624, 25.658367360666297, 6.243511566835762, 27.920779896503568, 74.5493631018641, 15.372683525075008, 39.849751684812404, 17.262088491770033, 41.59857780253554, 34.4240760327286, 0.0, 21.776169809572018, 50.73303097358742, 71.17875256846045, 65.99738160986936, 8.211192086263358, 86.27739013799426, 34.87833797918906, 13.271642046418556, 15.30452283302877, 33.10882042992147, 74.63991251930888, 38.331788463106776, 67.08808101075498, 26.659978909355253, 17.449038692874044, 43.06842628775271, 74.88709775595663, 64.93445287439943, 70.40785671350473, 53.97778533489058, 68.90581236115594, 33.86788539383763, 26.454969861745862, 63.246904803685574, 35.074193094241174, 33.780904475029125, 85.80165318321362, 22.880042664683053, 70.13088060881482, 33.96625935953258, 32.36097490427161, 27.996915611264168, 40.32885541458457, 43.65104710508225, 31.962006896651115, 52.97338031499821, 37.876126460557195, 17.900633757335658, 50.44347381235746, 25.895296060971727, 63.71961509399103, 58.711488631001295, 27.27547843835469, 24.415920035601523, 63.6698332746982, 92.30742222602049, 82.64269059185128, 43.051272471769245, 35.50464798584867, 28.39888877102132, 45.969518642656595, 17.864781521642257], [23.03760762925459, 59.0026012419759, 63.63085464386067, 42.37748653112663, 19.56434438439992, 113.87091442149043, 10.9236640447273, 67.89586141075617, 43.851266717970844, 25.13934103533077, 49.381656011720324, 92.60147615515477, 7.003525994904805, 50.85943808555824, 21.238067799907103, 59.1875915515107, 20.980662724501393, 21.776169809572018, 0.0, 62.14087247065341, 81.17600896509859, 86.62750607156886, 14.009746049825125, 107.36573547532441, 47.220797507796185, 35.00717572857587, 12.38207562669148, 15.509345166166769, 95.4299215725299, 53.95580044162371, 84.85530590303998, 39.15815844560511, 26.13958095254251, 55.98923324300659, 95.32458418436867, 80.03956826810958, 92.07105152362065, 69.74771177486943, 86.69387436689398, 45.19284173832265, 12.107294886159515, 83.89400301069976, 56.57307868843637, 51.72797016074305, 106.81072950548248, 20.866696756242032, 85.17956823085207, 52.11727016233042, 53.98079851783894, 43.19829720293431, 18.61151147402658, 64.67541557399582, 11.056427297799685, 74.44471925683803, 58.49070933812683, 12.923762010286056, 63.78347988878559, 36.064363419273974, 68.92932913284193, 80.47832393029826, 32.83046075681886, 4.1911490816228385, 84.12133028899112, 113.07026076278791, 102.47223387205156, 62.04639563571352, 55.34728059979281, 41.450819654580776, 67.41175471136049, 4.060299831410788], [72.302470015474, 48.42060375987981, 1.6396995778105425, 58.8467073875607, 76.47459769896503, 71.5152028214594, 62.037071871910754, 79.5152130011912, 65.3105732341235, 55.14293591889027, 54.13350010216184, 39.72583542421827, 60.01373074813897, 85.41452502527707, 40.92412416398481, 76.98816236180033, 53.98066992869208, 50.73303097358742, 62.14087247065341, 0.0, 20.535059733504408, 48.52244642069336, 56.023222108215315, 68.2547100208477, 15.865962713936272, 46.179521905708334, 49.84947761577575, 77.576793104577, 56.14184202290732, 16.32363341635285, 32.63008984775594, 73.38231167817025, 67.77347764159711, 8.278921441944972, 53.44238901721698, 100.93902837097647, 64.3913425838874, 16.089294674413804, 34.09575061339942, 80.13566174535896, 55.0063191650717, 46.83413708892156, 56.46949818212216, 24.421543431151516, 67.05826666166529, 73.22324635083291, 25.522564710813963, 24.974099408735707, 44.21899162355907, 23.38306390142564, 74.26367290629979, 65.08797290839446, 65.44933450042457, 66.54020940176493, 35.83850458038777, 66.59129427745248, 6.1279597749567785, 26.290815333428345, 21.333579496685278, 60.3254204914426, 29.71520039858988, 61.22548618594879, 82.52372514466374, 70.28111938217894, 55.48337538613462, 74.11640795035592, 66.39916737051746, 22.341883963414798, 45.748415188424126, 58.87483768690831], [92.69667274883496, 65.87208767000276, 18.895395822371214, 78.82316234456204, 93.7919236020298, 73.94614972660712, 82.02649501156999, 97.79378564914201, 85.3256519100735, 75.67254462724365, 73.33467911721371, 40.03873149861016, 79.7031820439559, 105.65535999253915, 60.23855195085739, 96.15963581356291, 70.1083847561005, 71.17875256846045, 81.17600896509859, 20.535059733504408, 0.0, 56.78819632698965, 76.16688672776398, 72.83279168227017, 36.31103963715598, 66.55966811355599, 69.1355054588109, 96.68535363464402, 62.37112204002977, 35.793841069311775, 35.8094681230034, 93.80111675454032, 88.29146485407739, 28.63729305795681, 58.72131457769104, 119.58484957300954, 74.55280562040178, 26.848487392651997, 36.40058792994079, 100.477579898396, 72.79497630533913, 55.97506346479325, 74.76927184916774, 43.56523932569275, 71.44906123155226, 93.50001119862135, 21.897336161494508, 43.98331903398271, 62.48330043745101, 43.89616957509054, 91.45234664238212, 82.63701966181492, 83.13537635967651, 82.30011703579223, 52.93577660950604, 86.62305929460629, 22.665959489844944, 46.140334047358415, 19.414967877300025, 73.60352171350443, 48.34554995927168, 79.78907582799128, 98.30870409337452, 72.60300175368498, 57.20371676679715, 92.75709308852315, 85.38952262681991, 42.78617758056479, 60.951139095639014, 78.18328941686926], [83.19157609785583, 32.56647688465831, 48.907765812493786, 55.564881422537475, 105.60631959251951, 27.2944220413337, 80.2414601740962, 58.15852749102877, 60.517391266702184, 65.81194418549444, 45.80702271060677, 22.366483545339754, 81.0691406673805, 79.38329740914772, 69.31361262437568, 61.86401881249953, 89.49402297942059, 65.99738160986936, 86.62750607156886, 48.52244642069336, 56.78819632698965, 0.0, 74.16242057032031, 21.46795779736699, 49.74886925485655, 53.350002410765406, 75.7996599694137, 99.10095754633048, 8.93437392509949, 39.81881076724737, 21.874652399693183, 72.8958379428612, 75.93618350890442, 45.36071218392544, 9.055373141929682, 78.93338933371545, 18.119452505628484, 32.762925697589374, 22.062783720229916, 76.71200700929467, 85.87250315369752, 2.7509815408135965, 41.34348506682578, 37.06759489532258, 20.641363605150627, 85.89690444026901, 36.5064199426642, 36.43871857501815, 35.134630506952206, 47.44655070990092, 104.0752968796139, 42.944520566863055, 94.86522084038373, 35.91999875061386, 28.177724283668873, 83.4235628064169, 42.3947612765655, 57.84782309303488, 68.79091217377264, 22.335606428073397, 64.69510651838252, 88.05847099703193, 49.36830657114764, 26.45217509863174, 18.283452574678883, 55.967646699400746, 52.42507073245287, 51.41865071433129, 21.930287232429965, 82.57019782309312], [17.37994220050978, 45.33561841885827, 57.62377252753857, 28.534134637868696, 33.46393840084834, 101.23278743357858, 6.414646939932598, 54.661949999188465, 30.598099214792136, 11.212482951661393, 35.378064693051165, 82.150627562145, 7.262476355942885, 41.0419110547655, 17.74880879143687, 46.33597692612011, 29.899637009686067, 8.211192086263358, 14.009746049825125, 56.023222108215315, 76.16688672776398, 74.16242057032031, 0.0, 94.48721323860678, 40.240145777469074, 21.415190736681826, 11.646250750959991, 24.99573263841932, 82.82732437184364, 44.97013364348437, 74.59196226709204, 28.224262659989776, 16.227858308212205, 48.801007897863805, 83.02892994610337, 68.47289831849626, 78.54070538749187, 60.810385169156355, 76.42058547588346, 35.06308184245986, 21.075633068123622, 71.41282760692123, 42.57026200633107, 41.16507047667587, 94.00822204684597, 17.48220669680589, 76.8188076196412, 41.41886444114643, 40.53426070970375, 34.29497658901738, 32.6133514020685, 50.700675100543535, 24.71795535707025, 60.4361567340727, 46.01335347195748, 10.678844114336941, 56.419126934460365, 30.068332990830875, 66.91371804150023, 66.73539168236424, 29.593370921249043, 17.17161870507636, 70.30072866215079, 100.49604663653368, 90.68185165853141, 48.661300976924544, 41.645100235023875, 33.85978491482613, 54.17203369909133, 10.387094193338614], [102.01089616633347, 50.53201169548106, 68.39507191020907, 73.19184933422324, 126.55278847300629, 7.913590478234383, 100.37589462698263, 69.07329737069836, 77.22944278155158, 85.4405051004904, 63.372315202860825, 33.15106322799875, 101.54562425316773, 94.11841130446673, 90.6369106760887, 74.99396785795774, 110.93560694206205, 86.27739013799426, 107.36573547532441, 68.2547100208477, 72.83279168227017, 21.46795779736699, 94.48721323860678, 0.0, 71.02186698962136, 73.26567118946839, 96.872073317057, 119.22759073241127, 12.627578130475205, 61.08726504819495, 37.27517442504809, 89.71481203947323, 94.56137796437183, 66.07827377023123, 14.813002254222466, 87.22137385059402, 20.425383766418186, 52.16924146308802, 36.480634838900784, 92.44062138533734, 107.14334969890469, 24.023002234078564, 57.61796653303483, 58.529622446002676, 1.457931487181222, 104.94514847999355, 51.04446094286822, 57.89524590309464, 54.33008848433299, 68.91413803654925, 125.09957243167555, 56.11931990702449, 115.94637970035318, 46.3124099484885, 48.95924800394939, 103.25824494216276, 62.19093080335949, 79.31366465993266, 87.35468615981006, 32.688416852094555, 86.15262288636997, 109.00263573326474, 54.804920885854536, 7.962247436625255, 16.904876468892013, 68.63203541241744, 67.23010835057836, 72.87599088791272, 40.54148727554753, 103.30628581759058], [56.43734162597857, 39.065651030665315, 17.492034669583667, 44.77068047540481, 62.95742091973125, 75.75563616585104, 46.33574901480266, 67.80878037826861, 51.073428132275886, 39.42341336918615, 41.62547620285775, 48.02247332983327, 44.53950706818925, 70.59531118497853, 26.059920059006647, 64.03609202305617, 42.27964365230931, 34.87833797918906, 47.220797507796185, 15.865962713936272, 36.31103963715598, 49.74886925485655, 40.240145777469074, 71.02186698962136, 0.0, 31.303305995083946, 34.83936298299152, 62.476877869372586, 58.403278843888025, 9.936262158955119, 40.2145449919425, 58.20431290398527, 52.0013911354131, 8.773321486612009, 56.713855446345995, 88.45470527694975, 62.5173826379615, 23.490701561903908, 41.98570708163132, 65.12225278404615, 41.46998546163929, 47.44689168904322, 45.36545944286751, 15.092329334125195, 70.04292597680836, 57.37172286588793, 38.09867860256153, 15.849456507457507, 33.857216676031705, 8.489648090805208, 60.90068135478509, 54.755947812344445, 51.77050821734792, 58.47783251812819, 28.373092592251922, 50.855039025195865, 16.565795640935253, 11.219907024448137, 31.789873388766054, 55.49462359813801, 16.548978388101848, 46.76350804497981, 73.88427246542687, 74.66617090258626, 61.25368040265004, 62.0006833365515, 53.913846627501954, 6.479574503368341, 39.80361810816757, 43.73684960719821], [30.71338485704537, 23.99594637976475, 47.800474852344834, 14.209239485403844, 54.567266290742154, 80.16688662401685, 27.119826818584002, 40.48235769748952, 20.071940807075695, 12.563659249823342, 15.929118482433132, 63.79229916513994, 28.633202918281064, 39.31938577251874, 25.05589109778782, 34.574610105174564, 45.251685321034216, 13.271642046418556, 35.00717572857587, 46.179521905708334, 66.55966811355599, 53.350002410765406, 21.415190736681826, 73.26567118946839, 31.303305995083946, 0.0, 26.920749544393516, 45.962006945156396, 61.842851575910025, 31.247584310144397, 56.68291229145766, 27.2490744022615, 24.166183951686307, 37.94826258762566, 62.333411330370495, 59.0590904556112, 57.13866100326656, 45.64586208344162, 58.44873466386511, 33.95817823939438, 38.309626391584175, 50.60250923393787, 22.75169738097055, 24.75017509938124, 72.83761927972314, 33.020159524130186, 61.79333968738348, 24.684091862214203, 19.12424875082879, 22.964098344304027, 53.489463847092345, 32.00465474338028, 44.91132206396799, 40.47557644209815, 25.568773841755473, 30.08534411741463, 44.35714404700795, 26.16666638761201, 62.75083458426255, 45.476050734992015, 30.560098548309437, 37.439105506502635, 52.445903478650635, 79.48153581196942, 70.4800980157414, 34.24294478771254, 26.054122105493203, 25.444745701570522, 32.81760058324122, 31.04554741595627], [28.11582187378165, 50.28776792917482, 51.35791173241709, 37.56683906035192, 29.886909979112946, 103.09392007777124, 14.741918372819256, 64.5106732241425, 40.77415459361754, 20.92613434860254, 42.588800915276295, 80.5928783830265, 11.119133319976111, 52.65776452388963, 8.932683096119696, 56.71172686626921, 19.136167272036673, 15.30452283302877, 12.38207562669148, 49.84947761577575, 69.1355054588109, 75.7996599694137, 11.646250750959991, 96.872073317057, 34.83936298299152, 26.920749544393516, 0.0, 27.729176166759743, 84.6886855617921, 41.722098193900436, 72.80815924508538, 39.74678094464965, 27.859848678022605, 43.60881372024922, 84.30411308868705, 79.55839176012051, 82.67628801144564, 57.45226174640587, 74.6446458604245, 46.66607597207699, 11.396271920067038, 73.0974354137198, 49.599333272760724, 39.99147929558978, 96.23201631446899, 27.36183686412997, 72.81069729038168, 40.436716742766635, 44.8535538008879, 31.02891488636987, 28.280492835908657, 58.56034033514993, 19.07543154681586, 67.39073320949042, 47.93501617411578, 19.163502437450383, 51.40304011634968, 23.695626118943277, 57.836154141730994, 71.71438551829121, 20.908048333523723, 12.486115313112087, 78.77176874075344, 102.23316049585804, 91.05720292810035, 58.34809759953726, 50.796091720609596, 29.098327783314787, 57.692321603275076, 9.05282999864586], [22.130885650833978, 69.40125298631554, 79.08044808209307, 49.508417522811975, 16.578071949852134, 126.08782675142399, 18.86933453584765, 71.84942235937721, 48.9743734057078, 34.02933342306964, 58.10418243455956, 106.80010628921107, 18.551902731253946, 49.46917669927935, 36.65301937827545, 62.48878762104577, 32.93737267855707, 33.10882042992147, 15.509345166166769, 77.576793104577, 96.68535363464402, 99.10095754633048, 24.99573263841932, 119.22759073241127, 62.476877869372586, 45.962006945156396, 27.729176166759743, 0.0, 107.71519385159513, 68.71699633856072, 99.14810816360124, 40.551956842402404, 28.701145255881833, 71.2493275929147, 107.99583361635769, 79.9807736431598, 102.6337532019616, 84.5919970902614, 100.98441108431854, 44.75355897337979, 25.724542968576905, 96.35016200792576, 65.13825869925117, 65.75493782965214, 118.793073082875, 18.64678533006963, 100.2472995889897, 66.06711005802477, 64.991572979401, 57.91261965927301, 17.728907171265796, 71.94712270291816, 18.020095254678374, 82.49680225109726, 70.98325183689325, 16.270896141569132, 79.03721