instance_id,num_cities,city_coordinates,distance_matrix,best_route,total_distance
1121,53,"[[16.766769227621438, 50.516367484299785], [85.13340134949974, 20.331902172232486], [16.874944010574332, 54.45615239680478], [70.12413800733972, 19.104155336853566], [73.80412788444487, 6.559787122708349], [65.87677002711004, 96.0359163510029], [21.087745990440332, 91.7843349477364], [63.28631412093565, 65.8790774003704], [51.801388565262215, 42.4326738334424], [23.924714857453612, 60.579458611745366], [14.85336203096005, 33.10848496250992], [33.86519860969581, 23.79361724435769], [96.3606124712546, 98.9784598577895], [98.66324238492476, 57.66140172649661], [44.27999359587144, 22.689555045498345], [57.807848439992604, 30.75887623618336], [92.55430202122223, 0.31517003103996855], [53.455887261209966, 23.709338792603617], [74.58516411388693, 42.03704117907583], [30.464426447616855, 7.785269284089768], [62.159892191926524, 25.496370531690403], [6.516559606600825, 38.482826936100935], [69.94914104963053, 52.98164603470201], [16.909046442282293, 69.99310764908692], [3.6680203621393903, 44.74426456076801], [31.884531029646546, 92.24958811822712], [78.06196642107159, 31.908046127808433], [65.59022776436107, 76.84402991129983], [58.035050540634295, 60.579491152471086], [2.8891778844287397, 61.66018859661316], [69.89154517935357, 31.94126652968142], [19.170149303050433, 10.093559669814967], [56.06462283801389, 30.147486034946425], [5.723417000138631, 86.97893929145688], [89.35499117994704, 34.23887414129517], [72.09619603835232, 73.43618036953085], [1.842418936090029, 51.24613484384953], [75.12149245318379, 75.08442763929989], [26.932850406960405, 91.03602418013197], [86.1418584497434, 99.00697332997068], [75.35606199343412, 57.43263845662232], [53.06693617836207, 96.190801795791], [90.22147659757148, 7.549820063626078], [93.86855936617498, 82.88895778470088], [77.93678507737098, 13.265333663112743], [28.84039820724057, 53.16518311486244], [21.37797114849468, 65.23860706691657], [16.097925686889536, 97.31259370598524], [16.971544625227352, 73.46829469514108], [58.86900284653031, 23.33110445938943], [65.61006178121937, 92.19100308702195], [16.380748810767642, 22.52891868414324], [63.432146029261546, 80.88529723243386]]","[[0.0, 74.7335154657108, 3.941269711713335, 61.917169469308135, 72.01000791301273, 66.96134338223766, 41.49356551018584, 48.99062066402518, 35.955120013348655, 12.349169554221348, 17.51272397409017, 31.724780026347062, 93.1866636354618, 82.20756552731062, 39.13194354541952, 45.54918927198948, 90.90605234351723, 45.43905995242433, 58.43685277130002, 44.872848881171834, 51.83180355690032, 15.80736838945716, 53.23948037824467, 19.477259824021555, 14.314132666732249, 44.387029934236736, 64.05755866945283, 55.46959448525655, 42.47749404674051, 17.798097945339503, 56.278558931408334, 40.49419251440562, 44.26299391005591, 38.09822530266124, 74.39090506057607, 59.88875765866269, 14.942181635336851, 63.315584989097985, 41.77549263974045, 84.64184461516416, 58.99610182851662, 58.34257510880342, 85.0982857175043, 83.62218990989876, 71.61990198126378, 12.36077428732569, 15.427492391281014, 46.801005761341706, 22.95284068814189, 50.1162309180842, 64.20624954080431, 27.990110791199307, 55.67700859498608], [74.7335154657108, 0.0, 76.31304902622567, 15.059394023867338, 17.833215923756587, 78.11475924987487, 95.95465658272828, 50.51574399764086, 39.993339248798826, 73.25550560492614, 71.43196059476666, 51.38494023943414, 79.44388777848239, 39.70576954821145, 40.921381356877916, 29.247352528743143, 21.348052191987467, 31.857055371431, 24.132516820364195, 56.09023813153697, 23.546843874475876, 80.6849668489219, 36.00788156972096, 84.38482050653614, 85.0445279650899, 89.48517051538347, 13.56511337317942, 59.795954841239265, 48.51998593654539, 92.04422606632197, 19.159632572036145, 66.7530844061921, 30.68125764560168, 103.67146748810423, 14.533605541806592, 54.68119498676915, 88.84299371962767, 55.660375176331634, 91.57716417821122, 78.68153409408207, 38.367447109854865, 82.3579433975188, 13.757548210389684, 63.16397859918063, 10.086013893622749, 65.16844742843018, 77.9831201261752, 103.40175902264738, 86.4263554851693, 26.435087347729155, 74.4640260272051, 68.78774682067463, 64.32463086400874], [3.941269711713335, 76.31304902622567, 0.0, 63.91588501641791, 74.39753882363739, 64.26550959450698, 37.56515557105066, 47.79642759828422, 36.93806391779788, 9.337780678268203, 21.44317370599685, 35.05509682368631, 91.10547377787812, 81.8510804707993, 41.95418274800049, 47.29760630793747, 93.05165877314532, 47.78631557169599, 59.031380026314025, 48.60910782381625, 53.75309756156161, 19.03794247638256, 53.09467544257562, 15.536992678355293, 16.393401038080814, 40.66486795887063, 65.20942269166815, 53.613393203713485, 41.61309465880337, 15.732126102450076, 57.59930629008474, 44.42192702703677, 46.116615084912816, 34.38150988626636, 75.2468974625213, 58.392021178931955, 15.371435287743305, 61.791473076447915, 37.93742875793141, 82.35703419709927, 58.55681539999811, 55.24166233495793, 87.06272368520318, 82.07582608632188, 73.65617409571726, 12.034894923489627, 11.684972491104233, 42.86348468291596, 19.012387710409747, 52.27111617924507, 61.63627714853993, 31.931058257414893, 53.53571477575985], [61.917169469308135, 15.059394023867338, 63.91588501641791, 0.0, 13.073006516775441, 77.04891944406273, 87.6754027667123, 47.272076002113046, 29.663831889404292, 62.08532420086476, 57.017365120594484, 36.56093187028944, 84.07292736070788, 47.97021709171571, 26.091663255369088, 16.95651815521153, 29.259839823754145, 17.292723833941523, 23.362748275314146, 41.24330130428293, 10.21222926228302, 66.49403689773709, 33.877942675404825, 73.63104941337049, 71.23082740981583, 82.53800263262298, 15.064817931609653, 57.91760922175718, 43.20126753691262, 79.57107407554076, 12.839218169369069, 51.744562991213826, 17.878062526569913, 93.5651599856027, 24.47213572690171, 54.36780257679311, 75.4685365298229, 56.20288638952128, 83.90280734197925, 81.49250082929224, 38.683919745272306, 78.95124569327383, 23.182012035553935, 68.06099153683276, 9.753424669243806, 53.52103124171453, 67.11614127662493, 95.05467610713652, 76.03063745235522, 12.02269380682196, 73.22611691351331, 53.852399076727856, 62.14251564393325], [72.01000791301273, 17.833215923756587, 74.39753882363739, 13.073006516775441, 0.0, 89.8266146767021, 100.21097979750034, 60.244523447442056, 42.08306712335813, 73.52605491729217, 64.65312174753417, 43.49853988670511, 95.13151983979347, 56.827375347292566, 33.64288808548966, 29.008220731146384, 19.762699025715882, 26.611238583340583, 35.48585032053965, 43.35702396568814, 22.23021403559247, 74.47615266427887, 46.58164776327301, 85.21054186726307, 79.85692140070317, 95.39389181242386, 25.703373778428798, 70.7625814929641, 56.27425897991234, 89.80525806482758, 25.681273338967785, 54.748143019165035, 29.513887904963443, 105.36708798316876, 31.748404801153363, 66.8981988165193, 84.70748035104381, 68.53730230564278, 96.60823608654376, 93.26683136647313, 50.896517585402215, 91.99864081159672, 16.44717313073898, 78.9222636816293, 7.876751226220955, 64.75955467782492, 78.68739301913124, 107.54570040130291, 87.78776056766786, 22.45740512850498, 86.02236840979762, 59.602496819056555, 75.0457158049356], [66.96134338223766, 78.11475924987487, 64.26550959450698, 77.04891944406273, 89.8266146767021, 0.0, 44.99036139648112, 30.26789383647661, 55.42042919080413, 54.928456453587444, 81.01388636952973, 79.01702655014425, 30.62553203535836, 50.47332109477437, 76.45985527699173, 65.77385089631599, 99.36876767550041, 73.38536741064516, 54.69656888145702, 95.09053993705649, 70.63740301877303, 82.68006218168217, 43.24643798296193, 55.46229203850744, 80.62730355313697, 34.202464729124316, 65.27528437718433, 19.19402541372705, 36.31322971540338, 71.75742067951361, 64.22026592315619, 97.81409454356607, 66.61503945787555, 60.83136291292998, 66.10674167110281, 23.439908838166577, 78.14424257171191, 22.90043169837131, 39.26356831849357, 20.481723275872604, 39.75009484735336, 12.810770185025428, 91.77392861908436, 30.92543920377933, 83.64456540329074, 56.65326650585948, 54.1167013109551, 49.79521311247324, 53.86110487922685, 73.04175841977047, 3.8541524744050615, 88.61791479291492, 15.346577669526404], [41.49356551018584, 95.95465658272828, 37.56515557105066, 87.6754027667123, 100.21097979750034, 44.99036139648112, 0.0, 49.515669447755805, 58.128429317796204, 31.333571444967706, 59.00612607893376, 69.18092937549952, 75.61587043379146, 84.74864136062509, 72.88325568146874, 71.22129270703445, 116.07789092440773, 75.37838994596424, 73.0531791449235, 84.52079725583292, 77.9808657301215, 55.257309280737054, 62.394587858338944, 22.188265301622437, 50.161888550733664, 10.80680469405637, 82.65126591000038, 46.94340846828146, 48.36161277099526, 35.194489263136546, 77.2204872618645, 81.71327886312817, 70.86947902946956, 16.098274216064755, 89.28547936361146, 54.208087521292036, 44.87458390995599, 56.55557144004835, 5.892810419904512, 65.45383146209376, 64.22685710525163, 32.28134995873429, 108.9721349952399, 73.32240128709759, 96.93836602626486, 39.389624327800206, 26.547314353148842, 7.447143852503641, 18.772864571334686, 78.18739114407515, 44.52417301140317, 69.41518929091104, 43.72456103573035], [48.99062066402518, 50.51574399764086, 47.79642759828422, 47.272076002113046, 60.244523447442056, 30.26789383647661, 49.515669447755805, 0.0, 26.108185598440482, 39.71676542574555, 58.47788109087256, 51.349664015152534, 46.79186179698788, 36.318827718917476, 47.18659832138221, 35.54493094704554, 71.80000741828279, 43.30039429949562, 26.38383410993819, 66.7245595855918, 40.39841383524714, 63.03459024312623, 14.516783339082682, 46.55938361087719, 63.25362649267746, 41.00580223374451, 37.04525430626568, 11.204383144256504, 7.460655707692388, 60.54430681996156, 34.57461618051232, 71.12144533616376, 36.45407311249965, 61.308166640035694, 40.9960776890012, 11.607059260868736, 63.16229305011603, 14.993662633842172, 44.20912004646859, 40.247153878113195, 14.731637537495473, 31.988065295623862, 64.24799793844873, 34.99442462634861, 54.615403773067314, 36.717355991906935, 41.9132367271221, 56.69929409029508, 46.93244179230224, 42.7766599944577, 26.414337707550946, 63.869932814967974, 15.006928419690032], [35.955120013348655, 39.993339248798826, 36.93806391779788, 29.663831889404292, 42.08306712335813, 55.42042919080413, 58.128429317796204, 26.108185598440482, 0.0, 33.2628130921255, 38.10639267734901, 25.867379856747444, 71.99271041026036, 49.27420721489193, 21.127283823540743, 13.12840853144497, 58.60617784580692, 18.796293277835243, 22.787210304188417, 40.69039929045099, 19.852883088170174, 45.45675994093349, 20.990991752102715, 44.46406471448153, 48.188842964612185, 53.65077970497352, 28.29108936861965, 37.07119520025893, 19.187639782771594, 52.55570071509075, 20.91227853524724, 45.94144186544258, 13.003884254663255, 64.090164844633, 38.43710996857977, 37.05531848335772, 50.73042224731148, 40.124360081399224, 54.59606080161794, 66.18095825394067, 27.92528565663164, 53.773022351149926, 51.8933199124587, 58.364010917157, 39.16366534757534, 25.34548941521805, 38.02229501180269, 65.47169515694593, 46.651128508947025, 20.36715797995742, 51.638849581421965, 40.629806665315726, 40.17310997982408], [12.349169554221348, 73.25550560492614, 9.337780678268203, 62.08532420086476, 73.52605491729217, 54.928456453587444, 31.333571444967706, 39.71676542574555, 33.2628130921255, 0.0, 28.929981599367135, 38.10526659577651, 81.98440436943334, 74.79547147361336, 43.011419004471165, 45.13683500855881, 91.33348078556874, 47.238711657053585, 53.94721830744402, 53.197690311204866, 51.89173204886772, 28.130143985534207, 46.64734249960033, 11.74037441949251, 25.71161298924286, 32.6551033753138, 61.26085128927374, 44.727522235799775, 34.110335683196205, 21.063280680931182, 54.15806067033357, 50.70928796173268, 44.26148031769752, 32.06586695926309, 70.53330737944142, 49.85766634649874, 23.973709052106226, 53.21187990173789, 30.604758873509184, 73.12760658057276, 51.52752609344272, 46.01561503325458, 84.89642620140224, 73.41563279035532, 71.80480589136153, 8.895809347049392, 5.309761562108616, 37.55771348966994, 14.644748951858507, 51.07389891248623, 52.31594300275106, 38.79117183710225, 44.42031291970584], [17.51272397409017, 71.43196059476666, 21.44317370599685, 57.017365120594484, 64.65312174753417, 81.01388636952973, 59.00612607893376, 58.47788109087256, 38.10639267734901, 28.929981599367135, 0.0, 21.171128706406506, 104.79640006718579, 87.33236379810829, 31.216674164180883, 43.018700164354016, 84.3376403485709, 39.73032724349682, 60.39542446399666, 29.748455161853236, 47.91505068324901, 9.918962965547557, 58.570362784222716, 36.941862827016514, 16.140112611363495, 61.54454321820094, 63.22000254936318, 66.98527775874923, 51.17923801343097, 30.957090992239166, 55.0505586088465, 23.416264402778072, 41.3174966806563, 54.63864699892358, 74.51020417062821, 70.02188987766127, 22.32171551283648, 73.44540358793958, 59.17359072453748, 97.08069061748195, 65.20921059140572, 73.75402325414832, 79.58390568914864, 93.3889548304501, 66.13069572251013, 24.45216394863982, 32.78590048451769, 64.21617022399937, 40.41535523977051, 45.08851079718752, 77.89086286254164, 10.689253155084522, 68.1360553996868], [31.724780026347062, 51.38494023943414, 35.05509682368631, 36.56093187028944, 43.49853988670511, 79.01702655014425, 69.18092937549952, 51.349664015152534, 25.867379856747444, 38.10526659577651, 21.171128706406506, 0.0, 97.76726094421397, 73.11506891759794, 10.473151767401212, 24.93522235151352, 63.21114097053927, 19.590869932139196, 44.619929488115076, 16.365587545682107, 28.345882481761794, 31.043855055221666, 46.41111856737015, 49.212843953394426, 36.75322022750259, 68.48461865518941, 44.9354897723085, 61.81281225601385, 44.01570471487545, 48.92229640917962, 36.93618599738917, 20.090695649243315, 23.090822520578456, 69.16895831480802, 56.46432919226552, 62.65774683171062, 42.179368660219524, 65.82422815855979, 67.5988072536804, 91.59638692488508, 53.41418811933049, 74.9003274801267, 58.6505841019121, 84.21794687387786, 45.31169262944038, 29.798280164632214, 43.28530964495674, 75.63541423882617, 52.46874426538446, 25.008081581564824, 75.40516380122149, 17.530129697736058, 64.29357902288736], [93.1866636354618, 79.44388777848239, 91.10547377787812, 84.07292736070788, 95.13151983979347, 30.62553203535836, 75.61587043379146, 46.79186179698788, 71.99271041026036, 81.98440436943334, 104.79640006718579, 97.76726094421397, 0.0, 41.381172012691536, 92.37092540351502, 78.3596018619, 98.73668395626422, 86.63865206289309, 60.963065148571296, 112.51002328447447, 81.05125982582658, 108.31285905995831, 53.04029321686521, 84.57364830204907, 107.39303781634206, 64.82625080129465, 69.52180122221166, 37.90447947230361, 54.25246072695538, 100.64572744852117, 72.0735514083587, 117.72379999621181, 79.75882232031233, 91.42805749162085, 65.11752980895804, 35.230241927719106, 105.88703301343006, 31.969125649605054, 69.88058693049148, 10.218793802120052, 46.553693910075374, 43.38333141224161, 91.63451949940277, 16.28135146842731, 87.67084702399195, 81.59556152256313, 82.22392696829456, 80.27997259516732, 83.38700510323368, 84.42833156603633, 31.490727796535033, 110.64045795644158, 37.57188358345944], [82.20756552731062, 39.70576954821145, 81.8510804707993, 47.97021709171571, 56.827375347292566, 50.47332109477437, 84.74864136062509, 36.318827718917476, 49.27420721489193, 74.79547147361336, 87.33236379810829, 73.11506891759794, 41.381172012691536, 0.0, 64.65731056215776, 48.91737004533822, 57.67069829676306, 56.537134122174, 28.70321403156836, 84.4908698183615, 48.652685507333715, 94.1213518710811, 29.09294981311503, 82.67901502309536, 95.86941451639586, 75.20464698501452, 32.979507211771946, 38.233460740147834, 40.73285183281983, 95.85750741271019, 38.59191514594118, 92.6382828297942, 50.711516877176805, 97.45424132087528, 25.204331750206975, 30.897436670663428, 97.03312579983196, 29.287810123101394, 79.11456602443772, 43.20001558877287, 23.3083030363673, 59.69537510881702, 50.817654672004196, 25.679146596414114, 48.995886480504275, 69.9674606575426, 77.65582522167577, 91.5928411331427, 83.20691887207417, 52.55616815262565, 47.79964558590325, 89.46898967520788, 42.19691307302843], [39.13194354541952, 40.921381356877916, 41.95418274800049, 26.091663255369088, 33.64288808548966, 76.45985527699173, 72.88325568146874, 47.18659832138221, 21.127283823540743, 43.011419004471165, 31.216674164180883, 10.473151767401212, 92.37092540351502, 64.65731056215776, 0.0, 15.75172375208665, 53.20734872854607, 9.232387743615396, 35.954534899160755, 20.32258914817838, 18.098867008151096, 40.93292542284875, 39.705363711985065, 54.651576711061516, 46.21409505486714, 70.65582561480548, 35.01717101362119, 58.196505292900426, 40.30941390970781, 56.84988922270551, 27.231337460725854, 28.092051899317585, 13.9462619012454, 74.96488861798643, 46.53108830428274, 57.87020908981422, 51.15101164966457, 60.798196732191784, 70.513567630549, 87.0446096128356, 46.61334435504829, 74.0246150533415, 48.371804139568965, 77.99355066486218, 34.951331326479604, 34.16350409408912, 48.32105607394672, 79.76732946859252, 57.65615132480203, 14.603108455608828, 72.70091532202466, 27.89970723179243, 61.26621704920319], [45.54918927198948, 29.247352528743143, 47.29760630793747, 16.95651815521153, 29.008220731146384, 65.77385089631599, 71.22129270703445, 35.54493094704554, 13.12840853144497, 45.13683500855881, 43.018700164354016, 24.93522235151352, 78.3596018619, 48.91737004533822, 15.75172375208665, 0.0, 46.196702089842205, 8.284657160683476, 20.215719767067135, 35.713433643972415, 6.828927522573951, 51.869603088949674, 25.32316101419412, 56.674834974697376, 55.9170105682424, 66.73174681752359, 20.286692353148272, 46.73763812183344, 29.821480425694126, 63.0154860426182, 12.141407401738947, 43.81697277751034, 1.8473314476732632, 76.63865531408925, 31.73850343785356, 45.00565703533046, 59.597458543243945, 47.58693913466001, 67.72444217412507, 73.8960004340944, 31.928504348147996, 65.60345365535655, 39.866070520665936, 63.38706709382266, 26.668298069194964, 36.6217935241914, 50.15962318073582, 78.5437137212141, 59.090592604526904, 7.5031888049449265, 61.92560651652546, 42.23667582798288, 50.44096356401213], [90.90605234351723, 21.348052191987467, 93.05165877314532, 29.259839823754145, 19.762699025715882, 99.36876767550041, 116.07789092440773, 71.80000741828279, 58.60617784580692, 91.33348078556874, 84.3376403485709, 63.21114097053927, 98.73668395626422, 57.67069829676306, 53.20734872854607, 46.196702089842205, 0.0, 45.56284855878158, 45.42691326984634, 62.53762892528155, 39.47040673118463, 94.12365883999193, 57.31274724872192, 102.84561090444058, 99.37160312639278, 110.1488009067732, 34.75827399646245, 81.14017312713825, 69.45046524687247, 108.641823388956, 38.90771809570751, 74.0327682454983, 47.13240673942294, 122.67930345403589, 34.07423205912713, 75.9290211534959, 104.03176875173439, 76.77463599865405, 111.96628193123021, 98.8999063242844, 59.65052103209837, 103.68890407125545, 7.601462724451754, 82.58424605428932, 19.528915476831745, 82.78034441929746, 96.3385839269782, 123.50739929961257, 105.18618190476987, 40.797458475971055, 95.74529117320424, 79.34646077758732, 85.67173026657558], [45.43905995242433, 31.857055371431, 47.78631557169599, 17.292723833941523, 26.611238583340583, 73.38536741064516, 75.37838994596424, 43.30039429949562, 18.796293277835243, 47.238711657053585, 39.73032724349682, 19.590869932139196, 86.63865206289309, 56.537134122174, 9.232387743615396, 8.284657160683476, 45.56284855878158, 0.0, 27.970538340978884, 27.96753939936383, 8.885560436485799, 49.20931245803797, 33.599038554772, 58.973373936077394, 54.049049875384064, 71.85463928855008, 25.936035425440753, 54.50263864920365, 37.153423413993345, 63.22388075752979, 18.38193367061005, 36.89039534155399, 6.946599256022244, 79.25547971281577, 37.41145248219625, 53.10574248161896, 58.49978845531043, 55.756597836851725, 72.36265645512957, 82.08597005250367, 40.21042891503588, 72.48250659315853, 40.160161912051045, 71.66178459062554, 26.615627008021978, 38.38709504642458, 52.475449741133765, 82.54124076383052, 61.701385317433896, 5.426313808734246, 69.55186771608838, 37.09392514620048, 58.039779139141466], [58.43685277130002, 24.132516820364195, 59.031380026314025, 23.362748275314146, 35.48585032053965, 54.69656888145702, 73.0531791449235, 26.38383410993819, 22.787210304188417, 53.94721830744402, 60.39542446399666, 44.619929488115076, 60.963065148571296, 28.70321403156836, 35.954534899160755, 20.215719767067135, 45.42691326984634, 27.970538340978884, 0.0, 55.85537906202034, 20.687705716196167, 68.16133330895381, 11.886003756440326, 64.09427589219231, 70.96879832957866, 65.91391306781442, 10.709094034130242, 35.95045680568176, 24.854148754351396, 74.33291569678309, 11.133495608925566, 63.96256621976419, 22.00845225536342, 82.22964442037593, 16.702071749051083, 31.497633307640726, 73.32335495685172, 33.05173822870643, 68.34942089557985, 58.13028774442786, 15.414885632825413, 58.27232552779831, 37.86637939324741, 45.17442221887192, 28.96626514528569, 47.07886097599312, 58.04582709294702, 80.47449139927237, 65.6296643917613, 24.43173742373785, 50.95068553950541, 61.38665004750855, 40.417530983265785], [44.872848881171834, 56.09023813153697, 48.60910782381625, 41.24330130428293, 43.35702396568814, 95.09053993705649, 84.52079725583292, 66.7245595855918, 40.69039929045099, 53.197690311204866, 29.748455161853236, 16.365587545682107, 112.51002328447447, 84.4908698183615, 20.32258914817838, 35.713433643972415, 62.53762892528155, 27.96753939936383, 55.85537906202034, 0.0, 36.308203703177995, 38.933794729432485, 60.01462453923839, 63.66760150292012, 45.651009966476515, 84.47625615010831, 53.36135468835542, 77.47860567608124, 59.55979495906904, 60.52190730844918, 46.238619079893546, 11.527744823819916, 33.99174595749962, 82.9683971022459, 64.55921177054388, 77.73831980178487, 52.03908290115623, 80.76775507308105, 83.32562763095058, 106.87083663650112, 66.93370008995633, 91.24917328286267, 59.757513995811514, 98.2885959689679, 47.78761282456185, 45.4089643904581, 58.167428104485936, 90.67269799808153, 67.05458736747086, 32.380440881793064, 91.43053965614564, 20.389339700205685, 80.19030253380171], [51.83180355690032, 23.546843874475876, 53.75309756156161, 10.21222926228302, 22.23021403559247, 70.63740301877303, 77.9808657301215, 40.39841383524714, 19.852883088170174, 51.89173204886772, 47.91505068324901, 28.345882481761794, 81.05125982582658, 48.652685507333715, 18.098867008151096, 6.828927522573951, 39.47040673118463, 8.885560436485799, 20.687705716196167, 36.308203703177995, 0.0, 57.13867789111701, 28.567687467551394, 63.46336466933335, 61.57743494744521, 73.29795052838794, 17.146006786977985, 51.46211544334241, 35.32477418385689, 69.43226419722934, 10.065542327312038, 45.665792187351585, 7.667149660817576, 83.45766587541677, 28.565797351591407, 48.958712211584974, 65.5839000220351, 51.25405826898163, 74.40692624532632, 77.3236278853857, 34.55523269207222, 71.27681573147936, 33.30962613206453, 65.56941852389483, 19.96268048132049, 43.30995115626688, 56.94392372162788, 85.31866542164893, 65.9036589557262, 3.939331142148375, 66.78381302295918, 45.8752192275984, 55.4035362669834], [15.80736838945716, 80.6849668489219, 19.03794247638256, 66.49403689773709, 74.47615266427887, 82.68006218168217, 55.257309280737054, 63.03459024312623, 45.45675994093349, 28.130143985534207, 9.918962965547557, 31.043855055221666, 108.31285905995831, 94.1213518710811, 40.93292542284875, 51.869603088949674, 94.12365883999193, 49.20931245803797, 68.16133330895381, 38.933794729432485, 57.13867789111701, 0.0, 65.06848810123496, 33.17983684771505, 6.878937196604819, 59.45080808648656, 71.84687174070429, 70.4363554091038, 56.05726962322641, 23.459496833916326, 63.71170072206089, 31.081567336971794, 50.244288012893236, 48.502597752878074, 82.94707276846184, 74.31302463742796, 13.592263231549078, 77.75804771803735, 56.37963702095712, 100.01680115143824, 71.40008715351902, 74.14275366736388, 89.23768286233044, 97.99120531425064, 75.74147195076718, 26.71938159515353, 30.60609944808526, 59.60489941408751, 36.51423922332962, 54.500945012002525, 79.85367984457578, 18.75711644063354, 70.97431553080844], [53.23948037824467, 36.00788156972096, 53.09467544257562, 33.877942675404825, 46.58164776327301, 43.24643798296193, 62.394587858338944, 14.516783339082682, 20.990991752102715, 46.64734249960033, 58.570362784222716, 46.41111856737015, 53.04029321686521, 29.09294981311503, 39.705363711985065, 25.32316101419412, 57.31274724872192, 33.599038554772, 11.886003756440326, 60.01462453923839, 28.567687467551394, 65.06848810123496, 0.0, 55.70135960830887, 66.79102793891465, 54.68899168432846, 22.581287574966197, 24.257235813311745, 14.130562730838482, 67.61919668790162, 21.04045833625217, 66.46723971131387, 26.724122228113536, 72.66883498768418, 26.97922381256708, 20.566910803017716, 68.12883087316706, 22.6999157201605, 57.432890896158504, 48.79072503495435, 7.00329405583787, 46.390084963292864, 49.7495567782713, 38.29602941185238, 40.51157767245744, 41.10915255683996, 50.093828355499355, 69.75088757484282, 56.800779010883346, 31.65318433126659, 39.44871720796339, 61.61932529770296, 28.65458033648715], [19.477259824021555, 84.38482050653614, 15.536992678355293, 73.63104941337049, 85.21054186726307, 55.46229203850744, 22.188265301622437, 46.55938361087719, 44.46406471448153, 11.74037441949251, 36.941862827016514, 49.212843953394426, 84.57364830204907, 82.67901502309536, 54.651576711061516, 56.674834974697376, 102.84561090444058, 58.973373936077394, 64.09427589219231, 63.66760150292012, 63.46336466933335, 33.17983684771505, 55.70135960830887, 0.0, 28.510153436163304, 26.82566050444245, 72.04270631376762, 49.16088435693561, 42.18962418229183, 16.309330284060437, 65.23103391025042, 59.942209120686215, 55.86441375955926, 20.33806241016798, 80.78849003826271, 55.29445026670649, 24.051034359683154, 58.434667876311785, 23.30838866277173, 75.06654821029682, 59.78142699176256, 44.65100411828111, 96.30096873736382, 78.0324905421006, 83.32121713175142, 20.628528766461447, 6.52507193950026, 27.33152456949466, 3.475748988050499, 62.75333045442077, 53.52135514836, 47.46712896823807, 47.78115307419402], [14.314132666732249, 85.0445279650899, 16.393401038080814, 71.23082740981583, 79.85692140070317, 80.62730355313697, 50.161888550733664, 63.25362649267746, 48.188842964612185, 25.71161298924286, 16.140112611363495, 36.75322022750259, 107.39303781634206, 95.86941451639586, 46.21409505486714, 55.9170105682424, 99.37160312639278, 54.049049875384064, 70.96879832957866, 45.651009966476515, 61.57743494744521, 6.878937196604819, 66.79102793891465, 28.510153436163304, 0.0, 55.25330072084766, 75.49322958966562, 69.74779355021177, 56.62621629280873, 16.933844265008762, 67.44977388991151, 37.96033918632114, 54.39181826659874, 42.284659215211704, 86.32855956053808, 74.20000848484987, 6.753305690164785, 77.62811455585901, 51.80906605673743, 98.72373337689183, 72.80226744443641, 71.32320153563539, 94.20683355123359, 97.93444163197387, 80.66456782742833, 26.543558082352718, 27.086166794407326, 54.01788384879722, 31.655231241912333, 59.20871466912033, 78.02569763828922, 25.595606205492206, 69.84214314674192], [44.387029934236736, 89.48517051538347, 40.66486795887063, 82.53800263262298, 95.39389181242386, 34.202464729124316, 10.80680469405637, 41.00580223374451, 53.65077970497352, 32.6551033753138, 61.54454321820094, 68.48461865518941, 64.82625080129465, 75.20464698501452, 70.65582561480548, 66.73174681752359, 110.1488009067732, 71.85463928855008, 65.91391306781442, 84.47625615010831, 73.29795052838794, 59.45080808648656, 54.68899168432846, 26.82566050444245, 55.25330072084766, 0.0, 75.98326940261715, 37.05948213399063, 41.07121513316767, 42.14785720661026, 71.2855299300179, 83.13403943695933, 66.64343870947305, 26.686768750076325, 81.65841491236947, 44.395070828765185, 50.831207731726, 46.519647111814734, 5.098223065042409, 54.67650165904439, 55.695547291271545, 21.545938205066555, 102.84575794216431, 62.68685004898947, 91.42933093218176, 39.20277361498148, 28.982423947808222, 16.57862882839332, 23.98195459387009, 74.01296581727874, 33.72558163592091, 71.42365861132588, 33.53206106848872], [64.05755866945283, 13.56511337317942, 65.20942269166815, 15.064817931609653, 25.703373778428798, 65.27528437718433, 82.65126591000038, 37.04525430626568, 28.29108936861965, 61.26085128927374, 63.22000254936318, 44.9354897723085, 69.52180122221166, 32.979507211771946, 35.01717101362119, 20.286692353148272, 34.75827399646245, 25.936035425440753, 10.709094034130242, 53.36135468835542, 17.146006786977985, 71.84687174070429, 22.581287574966197, 72.04270631376762, 75.49322958966562, 75.98326940261715, 0.0, 46.63461057746155, 34.973262923044004, 80.84638592948282, 8.17048877743661, 62.80221288209859, 22.067684440186923, 90.91572474641966, 11.53105231247471, 41.95445566156052, 78.63447776900941, 43.27639434589817, 78.16843540036153, 67.58365695104152, 25.667620308935007, 68.9711839328825, 27.224563627838318, 53.37510406453616, 18.643132741310694, 53.615563508324705, 65.75714115270769, 90.09604424176105, 73.88703469603199, 21.02222108049315, 61.55554263351402, 62.39022870205064, 51.11558246231919], [55.46959448525655, 59.795954841239265, 53.613393203713485, 57.91760922175718, 70.7625814929641, 19.19402541372705, 46.94340846828146, 11.204383144256504, 37.07119520025893, 44.727522235799775, 66.98527775874923, 61.81281225601385, 37.90447947230361, 38.233460740147834, 58.196505292900426, 46.73763812183344, 81.14017312713825, 54.50263864920365, 35.95045680568176, 77.47860567608124, 51.46211544334241, 70.4363554091038, 24.257235813311745, 49.16088435693561, 69.74779355021177, 37.05948213399063, 46.63461057746155, 0.0, 17.933653390186905, 64.51333732737245, 45.10830844545303, 81.3046675278461, 47.65820348281131, 60.71862497803467, 48.784867309291045, 7.34445788887891, 68.69523536818248, 9.692327208881576, 41.18015936684848, 30.22524747305725, 21.729556746433225, 23.046266823468216, 73.54172922563744, 28.917212714519493, 64.76641177418027, 43.71770531588502, 45.710058788675326, 53.557913222462275, 48.73573574322132, 53.93336680402762, 15.346985992192709, 73.29191037558338, 4.581392619743041], [42.47749404674051, 48.51998593654539, 41.61309465880337, 43.20126753691262, 56.27425897991234, 36.31322971540338, 48.36161277099526, 7.460655707692388, 19.187639782771594, 34.110335683196205, 51.17923801343097, 44.01570471487545, 54.25246072695538, 40.73285183281983, 40.30941390970781, 29.821480425694126, 69.45046524687247, 37.153423413993345, 24.854148754351396, 59.55979495906904, 35.32477418385689, 56.05726962322641, 14.130562730838482, 42.18962418229183, 56.62621629280873, 41.07121513316767, 34.973262923044004, 17.933653390186905, 0.0, 55.1564608906356, 30.995554111248524, 63.712713220193315, 30.495729550287873, 58.595544759973954, 40.9239145998953, 19.052828407668414, 56.9624734946413, 22.41293554440974, 43.530991916335914, 47.60949524350796, 17.604548265644123, 35.95619009366324, 62.03315273391937, 42.21081207658385, 51.32941200226769, 30.12141577921396, 36.951980064211256, 55.749827481397325, 43.03873574846505, 37.25772118213689, 32.50643754832637, 56.41743451957241, 21.01081626854163], [17.798097945339503, 92.04422606632197, 15.732126102450076, 79.57107407554076, 89.80525806482758, 71.75742067951361, 35.194489263136546, 60.54430681996156, 52.55570071509075, 21.063280680931182, 30.957090992239166, 48.92229640917962, 100.64572744852117, 95.85750741271019, 56.84988922270551, 63.0154860426182, 108.641823388956, 63.22388075752979, 74.33291569678309, 60.52190730844918, 69.43226419722934, 23.459496833916326, 67.61919668790162, 16.309330284060437, 16.933844265008762, 42.14785720661026, 80.84638592948282, 64.51333732737245, 55.1564608906356, 0.0, 73.29755488380479, 54.0757547261994, 61.81163619215917, 25.476892434374122, 90.7097864362653, 70.20174744259101, 10.466528548729869, 73.46915993690672, 37.961005052562484, 91.24577333350881, 72.59009211079811, 60.91117036566963, 102.73685989603378, 93.42327598645967, 89.29840608555511, 27.306243871651343, 18.831902588691847, 38.02058664186802, 18.3778242089874, 67.84437702260892, 69.75700617316117, 41.39177177921968, 63.52208902299536], [56.278558931408334, 19.159632572036145, 57.59930629008474, 12.839218169369069, 25.681273338967785, 64.22026592315619, 77.2204872618645, 34.57461618051232, 20.91227853524724, 54.15806067033357, 55.0505586088465, 36.93618599738917, 72.0735514083587, 38.59191514594118, 27.231337460725854, 12.141407401738947, 38.90771809570751, 18.38193367061005, 11.133495608925566, 46.238619079893546, 10.065542327312038, 63.71170072206089, 21.04045833625217, 65.23103391025042, 67.44977388991151, 71.2855299300179, 8.17048877743661, 45.10830844545303, 30.995554111248524, 73.29755488380479, 0.0, 55.22664478922576, 13.942791323717433, 84.53812215241382, 19.59859002466665, 41.553439809317965, 70.7344436826854, 43.459000207293535, 73.05915300845695, 69.00638890717418, 26.070500316046864, 66.4158885354047, 31.752933284594153, 56.30776548160849, 20.335101510767814, 46.213107479812955, 58.841139962616545, 84.65910414652026, 67.26827281046837, 13.986827029586653, 60.401670964613515, 54.33228892625154, 49.36843099402879], [40.49419251440562, 66.7530844061921, 44.42192702703677, 51.744562991213826, 54.748143019165035, 97.81409454356607, 81.71327886312817, 71.12144533616376, 45.94144186544258, 50.70928796173268, 23.416264402778072, 20.090695649243315, 117.72379999621181, 92.6382828297942, 28.092051899317585, 43.81697277751034, 74.0327682454983, 36.89039534155399, 63.96256621976419, 11.527744823819916, 45.665792187351585, 31.081567336971794, 66.46723971131387, 59.942209120686215, 37.96033918632114, 83.13403943695933, 62.80221288209859, 81.3046675278461, 63.712713220193315, 54.0757547261994, 55.22664478922576, 0.0, 41.992405742946346, 78.05239400037748, 74.22201991465639, 82.5436491811177, 44.65181612347529, 85.75759861219876, 81.31384930891276, 111.31399262775189, 73.47002902704594, 92.52960208586894, 71.09684747931686, 104.30255247434475, 58.85216759386362, 44.14383830231523, 55.1892265730351, 87.27312562381574, 63.412860699227586, 41.84771875171518, 94.32208482970196, 12.744367733300184, 83.4900860062189], [44.26299391005591, 30.68125764560168, 46.116615084912816, 17.878062526569913, 29.513887904963443, 66.61503945787555, 70.86947902946956, 36.45407311249965, 13.003884254663255, 44.26148031769752, 41.3174966806563, 23.090822520578456, 79.75882232031233, 50.711516877176805, 13.9462619012454, 1.8473314476732632, 47.13240673942294, 6.946599256022244, 22.00845225536342, 33.99174595749962, 7.667149660817576, 50.244288012893236, 26.724122228113536, 55.86441375955926, 54.39181826659874, 66.64343870947305, 22.067684440186923, 47.65820348281131, 30.495729550287873, 61.81163619215917, 13.942791323717433, 41.992405742946346, 0.0, 75.92134801528657, 33.5408419837421, 46.1619150000397, 58.182474831715744, 48.81078774495101, 67.49869807953634, 75.1416601664955, 33.416151294865884, 66.11131281404171, 40.955404601873646, 64.89068083596734, 27.629667926534477, 35.65070526104047, 49.34116517382219, 78.15682036541615, 58.35204561216549, 7.370726220377434, 62.7735088457675, 40.408568723589724, 51.26993156895622], [38.09822530266124, 103.67146748810423, 34.38150988626636, 93.5651599856027, 105.36708798316876, 60.83136291292998, 16.098274216064755, 61.308166640035694, 64.090164844633, 32.06586695926309, 54.63864699892358, 69.16895831480802, 91.42805749162085, 97.45424132087528, 74.96488861798643, 76.63865531408925, 122.67930345403589, 79.25547971281577, 82.22964442037593, 82.9683971022459, 83.45766587541677, 48.502597752878074, 72.66883498768418, 20.33806241016798, 42.284659215211704, 26.686768750076325, 90.91572474641966, 60.71862497803467, 58.595544759973954, 25.476892434374122, 84.53812215241382, 78.05239400037748, 75.92134801528657, 0.0, 98.87241613228686, 67.74032858255816, 35.942947286833565, 70.41002971189437, 21.593980717605618, 81.31297146221603, 75.64184782106308, 48.23139246359747, 115.96942294001586, 88.23998000597248, 103.19140557134054, 40.9605288894038, 26.790056192871216, 14.642911051098116, 17.580042448135366, 82.91863586532479, 60.11302547821383, 65.32521624614034, 58.029560395545204], [74.39090506057607, 14.533605541806592, 75.2468974625213, 24.47213572690171, 31.748404801153363, 66.10674167110281, 89.28547936361146, 40.9960776890012, 38.43710996857977, 70.53330737944142, 74.51020417062821, 56.46432919226552, 65.11752980895804, 25.204331750206975, 46.53108830428274, 31.73850343785356, 34.07423205912713, 37.41145248219625, 16.702071749051083, 64.55921177054388, 28.565797351591407, 82.94707276846184, 26.97922381256708, 80.78849003826271, 86.32855956053808, 81.65841491236947, 11.53105231247471, 48.784867309291045, 40.9239145998953, 90.7097864362653, 19.59859002466665, 74.22201991465639, 33.5408419837421, 98.87241613228686, 0.0, 42.82866826425516, 89.14985820146289, 43.254499495002094, 84.39454906104244, 64.84775165305282, 27.09097121706688, 71.79738348927447, 26.70311600805608, 48.859010799258925, 23.880218399144965, 63.405213776276064, 74.71183770873482, 96.66898025933284, 82.33049721780179, 32.37861831670281, 62.62803622574083, 73.90780138905649, 53.365557131017894], [59.88875765866269, 54.68119498676915, 58.392021178931955, 54.36780257679311, 66.8981988165193, 23.439908838166577, 54.208087521292036, 11.607059260868736, 37.05531848335772, 49.85766634649874, 70.02188987766127, 62.65774683171062, 35.230241927719106, 30.897436670663428, 57.87020908981422, 45.00565703533046, 75.9290211534959, 53.10574248161896, 31.497633307640726, 77.73831980178487, 48.958712211584974, 74.31302463742796, 20.566910803017716, 55.29445026670649, 74.20000848484987, 44.395070828765185, 41.95445566156052, 7.34445788887891, 19.052828407668414, 70.20174744259101, 41.553439809317965, 82.5436491811177, 46.1619150000397, 67.74032858255816, 42.82866826425516, 0.0, 73.67490290164055, 3.445161456288119, 48.47145851713276, 29.174408052271488, 16.332179272936028, 29.66286444481473, 68.33401985621738, 23.735854855881335, 60.45364566086954, 47.77004684637421, 51.376439581095035, 60.876016592486835, 55.12466076764962, 51.82159078699549, 19.84473010061044, 75.47026137542063, 11.426071266940873], [14.942181635336851, 88.84299371962767, 15.371435287743305, 75.4685365298229, 84.70748035104381, 78.14424257171191, 44.87458390995599, 63.16229305011603, 50.73042224731148, 23.973709052106226, 22.32171551283648, 42.179368660219524, 105.88703301343006, 97.03312579983196, 51.15101164966457, 59.597458543243945, 104.03176875173439, 58.49978845531043, 73.32335495685172, 52.03908290115623, 65.5839000220351, 13.592263231549078, 68.12883087316706, 24.051034359683154, 6.753305690164785, 50.831207731726, 78.63447776900941, 68.69523536818248, 56.9624734946413, 10.466528548729869, 70.7344436826854, 44.65181612347529, 58.182474831715744, 35.942947286833565, 89.14985820146289, 73.67490290164055, 0.0, 77.05898272703354, 47.040036615504945, 96.88907675901063, 73.77349485088426, 68.14671124951494, 98.59120527969947, 97.31432970597795, 85.04642154008587, 27.066097446657356, 24.029712423516248, 48.22175966116263, 26.88335605117168, 63.49236327197009, 75.78122794910838, 32.18759915725682, 68.35037988561744], [63.315584989097985, 55.660375176331634, 61.791473076447915, 56.20288638952128, 68.53730230564278, 22.90043169837131, 56.55557144004835, 14.993662633842172, 40.124360081399224, 53.21187990173789, 73.44540358793958, 65.82422815855979, 31.969125649605054, 29.287810123101394, 60.798196732191784, 47.58693913466001, 76.77463599865405, 55.756597836851725, 33.05173822870643, 80.76775507308105, 51.25405826898163, 77.75804771803735, 22.6999157201605, 58.434667876311785, 77.62811455585901, 46.519647111814734, 43.27639434589817, 9.692327208881576, 22.412935544