instance_id,num_cities,city_coordinates,distance_matrix,best_route,total_distance
1522,47,"[[10.179559396029381, 29.57835844033172], [27.906745810057842, 62.86032377317186], [4.208223513664944, 60.24832085474533], [73.89400353608949, 25.664466127234785], [36.863917182506945, 28.35625186684204], [42.168901294998385, 42.10608153261577], [63.94081949250505, 96.92271458537574], [85.52952505625326, 47.27259067512073], [50.403568493615936, 16.76091861623451], [81.78356528192796, 43.656265661287875], [53.761393811155656, 25.202810938601406], [6.297586977487157, 26.259359631427415], [86.35468313282502, 17.86957757614296], [18.876210397074278, 82.63947325697978], [67.01579702289253, 6.390180486964036], [85.30592552980633, 74.53789031062405], [56.156658459678354, 49.99791001258285], [97.37300810182394, 70.51202565186105], [63.24309919089405, 64.3068291443895], [83.62351885138443, 34.09325101378191], [84.06136433516289, 54.7626588949865], [53.049357201586474, 18.480229172438122], [33.38784407156459, 63.19293050082428], [19.410719507807105, 85.52039665518892], [29.504546819944245, 84.53792731372376], [84.88455533734991, 15.958569431984081], [29.1139755314899, 93.69952711073321], [79.52117935403659, 12.649630966397375], [74.05147506904976, 55.87430528914557], [45.29159287119884, 67.59632279771236], [6.5857344315346396, 20.55157957595062], [25.09397986209607, 36.29488756014313], [58.17136844950215, 64.0228513753676], [57.48456815160134, 82.47526861426869], [6.732618653022493, 40.55724465152204], [10.297868379151565, 51.35208697527889], [51.36112338928294, 81.81070507089746], [63.48361623102413, 55.5543478158361], [62.19485307104114, 16.178548683523964], [18.393677320102597, 35.6131012696534], [71.80627048093852, 86.19846961480127], [81.97367183125289, 32.3357409365037], [38.97053756137168, 11.206085792945808], [57.58310486495222, 77.77986418369365], [68.34137042739563, 72.7995191522544], [46.104241937587446, 81.11869395686644], [32.62694581421385, 4.56485551109963]]","[[0.0, 37.70865092487515, 31.24585487263161, 63.83454350988467, 26.71232851987472, 34.3549391064237, 86.17154630010673, 77.39963294083225, 42.216793714434054, 72.97479791427756, 43.800932717550474, 5.1073929701786955, 77.06974131033346, 53.76907702592154, 61.38444024648511, 87.55187259255018, 50.307571246487484, 96.32373855179345, 63.417709931877745, 73.58260280412506, 78.05619828338105, 44.28304457844135, 40.84805910188059, 56.69855339108591, 58.25812689817267, 75.93638832091388, 66.85833071539301, 71.37816243282987, 69.07313828411931, 51.75152663101336, 9.715879504288996, 16.357007710944675, 59.073148128203954, 70.96370170244994, 11.50727347915508, 21.774049952387358, 66.51420335135954, 59.296496516275454, 53.713552085263906, 10.192637258660307, 83.68804280512333, 71.84704404908884, 34.153489220679944, 67.60533469299288, 72.46285252275268, 62.82506666028056, 33.6089346126591], [37.70865092487515, 0.0, 23.84203259536611, 59.14693313416404, 35.6477474339207, 25.182288419766426, 49.585289491898166, 59.69390346753886, 51.29583011004809, 57.19709367064991, 45.67878168413109, 42.5039565400273, 73.75858336933804, 21.743167297980524, 68.690574095235, 58.57500655344914, 31.040284348887308, 69.88640882481214, 35.365947577356046, 62.704890345831345, 56.73546825557597, 51.00729069805121, 5.491180691579172, 24.20044144115684, 21.736408703567896, 73.79868114546154, 30.862823365592533, 72.00807886759702, 46.67055273558287, 18.018395991311525, 47.37737183243724, 26.713929951740745, 30.28694197065514, 35.490754226800824, 30.753390043519982, 21.0359710632302, 30.15335435665566, 36.31929230642296, 57.92117423758919, 28.86017335794818, 49.71757554079267, 62.08850655905644, 52.82582502180413, 33.21564349544058, 41.63828133735343, 25.77822622051956, 58.48625400872845], [31.24585487263161, 23.84203259536611, 0.0, 77.79557150087206, 45.645354564538444, 42.073196993331116, 70.09275410397746, 82.35000703263478, 63.44418059420989, 79.32988053694238, 60.69352891218847, 34.05311916292198, 92.4337530874733, 26.767770641425447, 82.73747986247018, 82.34700399852592, 52.95007852471334, 93.72844137998031, 59.17421766076006, 83.61146340043861, 80.04134298095408, 64.265308080667, 29.3278192484675, 29.49226508281917, 35.06977266461612, 92.03397523531896, 41.70467220293231, 89.09363948397713, 69.98008145177363, 41.73531322898395, 39.76787429974292, 31.78021058528386, 54.09499137644151, 57.7269963248111, 19.852230425339076, 10.78085116425944, 51.84913094512792, 59.46095832298, 72.83264396304538, 28.427471637489564, 72.40791513680502, 82.6231025181678, 60.11288795098924, 56.18036107714853, 65.34977514698546, 46.806504176229545, 62.51617462603344], [63.83454350988467, 59.14693313416404, 77.79557150087206, 0.0, 37.12779290264549, 35.732461842785824, 71.9500093532142, 24.54172788381343, 25.12118024228377, 19.645611087847353, 20.137902071707774, 67.59903423752012, 14.69791902061117, 79.20296079896232, 20.46479444756121, 50.188081802357985, 30.11195612511863, 50.621806079126365, 40.08333797128264, 12.872757394367538, 30.82336853700083, 22.047960028836588, 55.21896950147926, 80.93924053185674, 73.73268135387153, 14.662764389945957, 81.4494961993079, 14.179246875270154, 30.210249576463468, 50.758038769011996, 67.50218291831366, 49.94445084715173, 41.45560243091589, 59.1332127391914, 68.79277921108385, 68.58806216633026, 60.49901515916776, 31.650927177573333, 15.061631762619156, 56.384940820026834, 60.569994283822425, 10.477926671849476, 37.798058648272225, 54.60824232699001, 47.460983535017206, 62.0277537388085, 46.34828606510859], [26.71232851987472, 35.6477474339207, 45.645354564538444, 37.12779290264549, 0.0, 14.737729549410854, 73.71918643363648, 52.21273085781694, 17.826214147122208, 47.45382184277733, 17.189209001685697, 30.638170625042992, 50.5895863990641, 57.18588741892013, 37.304747013951804, 66.92810995442817, 28.99260652795783, 73.74591071575335, 44.59041657150699, 47.11022720645783, 54.08232012278863, 18.96059843126272, 35.00967384195362, 59.76916896239426, 56.661635946662514, 49.59520358415666, 65.80125542262161, 45.457012177230695, 46.26183876282614, 40.134883632240694, 31.26789504059212, 14.196949010169574, 41.54652572715233, 57.91441288744503, 32.5078356093531, 35.136354127266486, 55.385445336715804, 38.05712549161213, 28.10609840959831, 19.844687546792823, 67.577290623661, 45.284945597026095, 17.279063799374935, 53.590840566899466, 54.4613080065725, 53.56546365786944, 24.165729182703522], [34.3549391064237, 25.182288419766426, 42.073196993331116, 35.732461842785824, 14.737729549410854, 0.0, 58.982028459861056, 43.66733916423908, 26.649334459417474, 39.644982956612836, 20.49649822559046, 39.21568290721569, 50.39634352462619, 46.74938816655227, 43.50854875556792, 53.96874169783564, 16.06045787813272, 62.08374239400432, 30.610374245948876, 42.221922856139386, 43.76262572219844, 26.01086735347592, 22.8421138550979, 49.0177273628728, 44.28145673599227, 50.0831257942088, 53.219495613101074, 47.56968736663901, 34.728410500161104, 25.680802215524857, 41.60238356912962, 18.036710268934552, 27.13712872378225, 43.17685626462328, 35.470114507374205, 33.18510743946367, 40.7548043468169, 25.202637537139637, 32.760886803887416, 24.645893527151298, 53.127321963880014, 40.98633080440246, 31.065081156890617, 38.86150332053976, 40.33714483446907, 39.21059594214312, 38.73490113058035], [86.17154630010673, 49.585289491898166, 70.09275410397746, 71.9500093532142, 73.71918643363648, 58.982028459861056, 0.0, 54.14062256958161, 81.29680619560126, 56.17542308063581, 72.43870019750983, 91.19238996828688, 82.16921415157496, 47.273988363255114, 90.58474053113177, 30.944274329779336, 47.566064028672606, 42.60558326266579, 32.623347417437394, 65.84033829459162, 46.715164781707955, 79.19499648711043, 45.51024765328193, 45.966756018107866, 36.59562584986123, 83.62913889044962, 34.97567723120726, 85.70122657270515, 42.275255906243196, 34.753861783352455, 95.50997877174402, 72.00562727365299, 33.40190959473507, 15.824407618137828, 80.31092356681461, 70.38642131070277, 19.662695278498923, 41.37089319801375, 80.76304059364433, 76.37676901385944, 13.299426658331592, 67.05714673762354, 89.27964735178737, 20.17100039131871, 24.521284763142663, 23.8308742369838, 97.52196069359879], [77.39963294083225, 59.69390346753886, 82.35000703263478, 24.54172788381343, 52.21273085781694, 43.66733916423908, 54.14062256958161, 0.0, 46.527357073761486, 5.206728458114218, 38.68189939007941, 81.97106739949812, 29.41458932485698, 75.4551571372993, 44.879055120244516, 27.2662164768419, 29.499028078757632, 26.083317056863407, 28.050847724802686, 13.316450486595029, 7.632602298115352, 43.40462400215546, 54.51799809306031, 76.3844952162556, 67.28672603989072, 31.320662706173948, 73.06281307872993, 35.140426250534105, 14.343469796735754, 45.07932202152004, 83.34347312394284, 61.4244665308182, 32.0786528153187, 45.00831191981274, 79.0825412523913, 75.34218245076462, 48.58354678789085, 23.550150684615712, 38.876038430280246, 68.14077886587305, 41.274105288492464, 15.354268861517612, 58.894244973210135, 41.372649642434475, 30.774286945796455, 51.960674132901254, 67.98995170832544], [42.216793714434054, 51.29583011004809, 63.44418059420989, 25.12118024228377, 17.826214147122208, 26.649334459417474, 81.29680619560126, 46.527357073761486, 0.0, 41.32872960917543, 9.085182268152241, 45.11715845684646, 35.968204966205064, 73.03395285825101, 19.583624436115382, 67.50076284647456, 33.731226500655765, 71.38143851635718, 49.249032035946314, 37.46965236176704, 50.76395852497101, 3.1553488992340593, 49.45165927709484, 75.4216315684473, 70.92596150138631, 34.49032064117733, 79.82979547488992, 29.40642699068675, 45.70646018261645, 51.09178616038397, 43.98149261227508, 31.97109975271958, 47.89602284410975, 66.09475283122349, 49.73345948913399, 52.9624027977876, 65.05683383915533, 40.93919635114224, 11.805657403310953, 37.14886167486206, 72.66119418944821, 35.20293333029268, 12.711033159910311, 61.439868657671155, 58.83952318171112, 64.50122057473504, 21.558113766057197], [72.97479791427756, 57.19709367064991, 79.32988053694238, 19.645611087847353, 47.45382184277733, 39.644982956612836, 56.17542308063581, 5.206728458114218, 41.32872960917543, 0.0, 33.552527254136976, 77.46473558975272, 26.18870750547542, 74.00693057449239, 40.08550964591237, 31.081855843857223, 26.399901635320063, 31.052577543677067, 27.752381069781897, 9.738412513657925, 11.337563194463991, 38.203239748642474, 52.19029703425334, 75.11975341970161, 66.36569920382577, 27.87074659449609, 72.6526923174702, 31.08906214714603, 14.459104792759055, 43.643904340934995, 78.6672758121593, 57.16554016731085, 31.182265038033652, 45.79690220749821, 75.11490212410442, 71.8987519180444, 48.79842433289144, 21.827791785291865, 33.745260058133226, 63.898125083946155, 43.69651620859701, 11.322120850112231, 53.7212203518207, 41.83398451632289, 32.09395311497087, 51.734395213545966, 62.80534678690892], [43.800932717550474, 45.67878168413109, 60.69352891218847, 20.137902071707774, 17.189209001685697, 20.49649822559046, 72.43870019750983, 38.68189939007941, 9.085182268152241, 33.552527254136976, 0.0, 47.4755648126919, 33.40806519920481, 67.20079017474069, 23.012915265328168, 58.55772825163842, 24.910524499195475, 62.887978493272364, 40.237134300876434, 31.15744592627313, 42.330518836417674, 6.760185037121235, 43.10836013285103, 69.4131109501124, 64.10187720499576, 32.46701686971325, 72.79625920484091, 28.65569539602489, 36.775371692851834, 43.231324010618444, 47.404396326616485, 30.73849030620874, 39.069725054356624, 57.393348354843816, 49.471853892073995, 50.72339381607683, 56.65875904210535, 31.87063538104521, 12.351540160504825, 36.868001228277905, 63.60886692412584, 29.100022705115467, 20.363637774346742, 52.7157661740392, 49.77973835714414, 56.43773514703783, 29.539636022858975], [5.1073929701786955, 42.5039565400273, 34.05311916292198, 67.59903423752012, 30.638170625042992, 39.21568290721569, 91.19238996828688, 81.97106739949812, 45.11715845684646, 77.46473558975272, 47.4755648126919, 0.0, 80.4955097366318, 57.76624429164477, 63.88650335550338, 92.59122034696387, 55.22178721541803, 101.25725052010513, 68.48650449239655, 77.72174466876777, 82.82296262415495, 47.394544936996226, 45.803609973319496, 60.694519965886265, 62.72921517307077, 79.25918164305645, 71.19525107957723, 74.47764224828018, 73.94345378621145, 56.82672803751435, 5.715048741434559, 21.307656048486653, 64.16362297206263, 76.02851744237957, 14.304501690257, 25.40958907273735, 71.53093242837376, 64.2529242487144, 56.7990062069835, 15.290777750376108, 88.79236746451998, 75.91964323255893, 35.97391767813557, 72.69502551279272, 77.55912269361458, 67.77991104850145, 34.115782942503856], [77.06974131033346, 73.75858336933804, 92.4337530874733, 14.69791902061117, 50.5895863990641, 50.39634352462619, 82.16921415157496, 29.41458932485698, 35.968204966205064, 26.18870750547542, 33.40806519920481, 80.4955097366318, 0.0, 93.5333291894175, 22.48931020516168, 56.6780165556527, 44.09252135347184, 53.783183473341744, 51.87064338831298, 16.451955450443222, 36.96429033954951, 33.31092359509247, 69.7114937472773, 95.1741960191602, 87.61624766860034, 2.411063637084276, 95.00884092083247, 8.599105564145036, 39.946567527135706, 64.48974005347932, 79.8140232768407, 63.97160161533238, 54.077942905822496, 70.76283525653021, 82.79132436040065, 83.10064684548385, 72.89044525056283, 44.08205541084846, 24.218938195758053, 70.23909840067039, 69.86053104522033, 15.114997267387984, 47.85038530964424, 66.4608618468283, 57.80811289238389, 74.97031905596761, 55.350568078437405], [53.76907702592154, 21.743167297980524, 26.767770641425447, 79.20296079896232, 57.18588741892013, 46.74938816655227, 47.273988363255114, 75.4551571372993, 73.03395285825101, 74.00693057449239, 67.20079017474069, 57.76624429164477, 93.5333291894175, 0.0, 90.17413403206173, 66.9219149371311, 49.55101874620223, 79.42809474811348, 48.00527743282046, 80.92558091335238, 70.89584665483123, 72.69258947115954, 24.264285216539662, 2.930088670297413, 10.796557920155479, 93.82667284238921, 15.071052590823982, 92.60880240912049, 61.32441640952586, 30.39850007803748, 63.29267209722061, 46.759825497232065, 43.482042921741936, 38.608706941132304, 43.79932402273132, 32.44207903505606, 32.49548320640315, 52.18644149007663, 79.33195634971702, 47.028847534898915, 53.04957790177473, 80.69544674148453, 74.20586788639174, 39.01076107553665, 50.43438067041573, 27.27046884912016, 79.27628056788159], [61.38444024648511, 68.690574095235, 82.73747986247018, 20.46479444756121, 37.304747013951804, 43.50854875556792, 90.58474053113177, 44.879055120244516, 19.583624436115382, 40.08550964591237, 23.012915265328168, 63.88650335550338, 22.48931020516168, 90.17413403206173, 0.0, 70.5594724683312, 44.93945888319765, 70.94484683077286, 58.03939559160854, 32.299791654845265, 51.28789362346381, 18.472431309908753, 66.01054180078987, 92.3462750523663, 86.68427900079415, 20.269351018315106, 95.18124857468315, 13.984466652417186, 49.9817904141804, 64.94715469201128, 62.06720300571778, 51.49495372554379, 58.307363776120454, 76.67975586252638, 69.29249503372345, 72.37745826360899, 77.02807497977952, 49.290888106097015, 10.91117099757484, 56.72820835760434, 79.95193336914815, 29.948457820450425, 28.455746733835824, 72.01015636467935, 66.42256699956691, 77.59925168136051, 34.43726032541142], [87.55187259255018, 58.57500655344914, 82.34700399852592, 50.188081802357985, 66.92810995442817, 53.96874169783564, 30.944274329779336, 27.2662164768419, 67.50076284647456, 31.081855843857223, 58.55772825163842, 92.59122034696387, 56.6780165556527, 66.9219149371311, 70.5594724683312, 0.0, 38.10367966160089, 12.720930313879094, 24.319599475489603, 40.47961635296543, 19.814356161864826, 64.67571083951684, 53.14315850032436, 66.80414375089416, 56.69033961782918, 58.580836349797494, 59.369213987323356, 62.15802388249117, 21.794312584423942, 40.61197086635926, 95.45360251603462, 71.33025767838346, 29.100691259044776, 28.931469038072887, 85.60635976936932, 78.50980902932572, 34.71517574341994, 28.923832193938892, 62.76889695815015, 77.4105171301747, 17.83843592211571, 42.33350123137809, 78.47219661543042, 27.911739111157654, 17.05338864000291, 39.75020720820007, 87.58596064970264], [50.307571246487484, 31.040284348887308, 52.95007852471334, 30.11195612511863, 28.99260652795783, 16.06045787813272, 47.566064028672606, 29.499028078757632, 33.731226500655765, 26.399901635320063, 24.910524499195475, 55.22178721541803, 44.09252135347184, 49.55101874620223, 44.93945888319765, 38.10367966160089, 0.0, 46.03929211320775, 15.967554883500952, 31.73935408362325, 28.308575412932175, 31.670483524091726, 26.315916748718593, 51.10881613507376, 43.627375007212656, 44.54176429123715, 51.39200362846232, 44.05445249159998, 18.834980300744764, 20.682209330672862, 57.65728822262914, 33.95088844181789, 14.1689109169564, 32.5044945490989, 50.3176099717528, 45.878779657877985, 32.172209840695096, 9.195559322004621, 34.35416997789547, 40.40996742288484, 39.43844408606581, 31.280511439234253, 42.428391176409605, 27.818550050511607, 25.853057557948265, 32.704040595014945, 51.1645367272379], [96.32373855179345, 69.88640882481214, 93.72844137998031, 50.621806079126365, 73.74591071575335, 62.08374239400432, 42.60558326266579, 26.083317056863407, 71.38143851635718, 31.052577543677067, 62.887978493272364, 101.25725052010513, 53.783183473341744, 79.42809474811348, 70.94484683077286, 12.720930313879094, 46.03929211320775, 0.0, 34.68940970908425, 38.92782553376374, 20.621406669115256, 68.35125363884858, 64.40240965840584, 79.39376324995749, 69.30262588241693, 55.96464096181206, 72.08991435244685, 60.553649835304746, 27.534646546048727, 52.16296708929122, 103.626131996654, 79.96918445543302, 39.735097007824116, 41.64380894971197, 95.4618725157257, 89.15819203984178, 47.37883168055457, 37.04352855248734, 64.72734592765724, 86.3462194526408, 29.995376256644313, 41.165134182243996, 83.23486689950111, 40.448212278472894, 29.12161761601898, 52.354443904367535, 92.41797352964205], [63.417709931877745, 35.365947577356046, 59.17421766076006, 40.08333797128264, 44.59041657150699, 30.610374245948876, 32.623347417437394, 28.050847724802686, 49.249032035946314, 27.752381069781897, 40.237134300876434, 68.48650449239655, 51.87064338831298, 48.00527743282046, 58.03939559160854, 24.319599475489603, 15.967554883500952, 34.68940970908425, 0.0, 36.44477752699325, 22.901776118167522, 46.94666804719826, 29.8760276547667, 48.69592339423843, 39.339385470855575, 52.97081122049366, 45.04140068314491, 54.16125937788049, 13.708699708315011, 18.25040678015996, 71.58616379071776, 47.32889367904239, 5.079674801252372, 19.059193910057203, 61.29826403908198, 54.507089542341355, 21.15577985801178, 8.75578539328533, 48.139694640156556, 53.242846106248244, 23.506846343744463, 37.05380996108462, 58.385325147119396, 14.613630929375873, 9.905460775280865, 24.007899250501296, 67.1301144136155], [73.58260280412506, 62.704890345831345, 83.61146340043861, 12.872757394367538, 47.11022720645783, 42.221922856139386, 65.84033829459162, 13.316450486595029, 37.46965236176704, 9.738412513657925, 31.15744592627313, 77.72174466876777, 16.451955450443222, 80.92558091335238, 32.299791654845265, 40.47961635296543, 31.73935408362325, 38.92782553376374, 36.44477752699325, 0.0, 20.674044858886894, 34.3299550189955, 58.05526993161278, 82.26806736736322, 73.98329879605072, 18.17847323325404, 80.77251056572061, 21.83249940084946, 23.79156042627867, 50.90964906881233, 78.21890496324676, 58.57093253296297, 39.28858533829217, 54.99149362200942, 77.16212637727917, 75.32939954574127, 57.60049984718848, 29.43117995433986, 27.930704908888448, 65.24754532544817, 53.42846773498956, 2.4105677467292654, 50.17679812355586, 50.858856955718935, 41.61393100465461, 60.15885989717124, 58.92857203851372], [78.05619828338105, 56.73546825557597, 80.04134298095408, 30.82336853700083, 54.08232012278863, 43.76262572219844, 46.715164781707955, 7.632602298115352, 50.76395852497101, 11.337563194463991, 42.330518836417674, 82.82296262415495, 36.96429033954951, 70.89584665483123, 51.28789362346381, 19.814356161864826, 28.308575412932175, 20.621406669115256, 22.901776118167522, 20.674044858886894, 0.0, 47.73006697067014, 51.369982823177025, 71.59430360523307, 62.153141085521334, 38.81282007892208, 67.34460069517404, 42.35705845519696, 10.071426950809593, 40.83868397164789, 84.69280475422538, 61.791674274699375, 27.496237046789453, 38.396807586514605, 78.62269839303131, 73.84230045490185, 42.437042308021596, 20.592971820132774, 44.34949690440976, 68.40285575291335, 33.740147020839565, 22.52387864261838, 62.6925651057401, 35.08404144157696, 23.92585497741826, 46.21021234410818, 71.87015286720566], [44.28304457844135, 51.00729069805121, 64.265308080667, 22.047960028836588, 18.96059843126272, 26.01086735347592, 79.19499648711043, 43.40462400215546, 3.1553488992340593, 38.203239748642474, 6.760185037121235, 47.394544936996226, 33.31092359509247, 72.69258947115954, 18.472431309908753, 64.67571083951684, 31.670483524091726, 68.35125363884858, 46.94666804719826, 34.3299550189955, 47.73006697067014, 0.0, 48.84465946900939, 75.00627975048911, 70.12829371682089, 31.934912058591024, 78.93570344288571, 27.106332166326638, 42.888295414261115, 49.72497923994076, 46.509770300570295, 33.1491353682705, 45.829744013495635, 64.14854767905959, 51.30920855206932, 53.928182167999694, 63.35297397068541, 38.51446526537985, 9.430685434858933, 38.659429048389015, 70.26792927345191, 32.07165700490223, 15.846965777937106, 59.47269609109037, 56.43076228804367, 63.02231268828762, 24.71259822458497], [40.84805910188059, 5.491180691579172, 29.3278192484675, 55.21896950147926, 35.00967384195362, 22.8421138550979, 45.51024765328193, 54.51799809306031, 49.45165927709484, 52.19029703425334, 43.10836013285103, 45.803609973319496, 69.7114937472773, 24.264285216539662, 66.01054180078987, 53.14315850032436, 26.315916748718593, 64.40240965840584, 29.8760276547667, 58.05526993161278, 51.369982823177025, 48.84465946900939, 0.0, 26.3415215191737, 21.69536555320354, 69.87843828230012, 30.804518970721606, 68.43178904655187, 41.31698392778272, 12.69208805536296, 50.36504631045633, 28.14769790877808, 24.797416180921513, 30.861961611514808, 34.96963419856711, 25.949037609758758, 25.877795489082636, 31.050015254577595, 55.13797117376393, 31.392228608227168, 44.7797980979951, 57.556483621765096, 52.2857388709599, 28.2522437892722, 36.24962827706736, 21.978165759884675, 58.6330124005139], [56.69855339108591, 24.20044144115684, 29.49226508281917, 80.93924053185674, 59.76916896239426, 49.0177273628728, 45.966756018107866, 76.3844952162556, 75.4216315684473, 75.11975341970161, 69.4131109501124, 60.694519965886265, 95.1741960191602, 2.930088670297413, 92.3462750523663, 66.80414375089416, 51.10881613507376, 79.39376324995749, 48.69592339423843, 82.26806736736322, 71.59430360523307, 75.00627975048911, 26.3415215191737, 0.0, 10.14152827803407, 95.52837790345298, 12.690600949913627, 94.46383368779783, 62.16512608840475, 31.48161415334662, 66.22255986355509, 49.55249937108186, 44.323045466656424, 38.195428461219684, 46.71637057166302, 35.3626560381891, 32.1650449998129, 53.29525596727942, 81.4786718404402, 49.91765727185788, 52.39993840374787, 82.11413159341592, 76.84532049005101, 38.949285574919855, 50.557188646712696, 27.054003887661537, 82.0272410831578], [58.25812689817267, 21.736408703567896, 35.06977266461612, 73.73268135387153, 56.661635946662514, 44.28145673599227, 36.59562584986123, 67.28672603989072, 70.92596150138631, 66.36569920382577, 64.10187720499576, 62.72921517307077, 87.61624766860034, 10.796557920155479, 86.68427900079415, 56.69033961782918, 43.627375007212656, 69.30262588241693, 39.339385470855575, 73.98329879605072, 62.153141085521334, 70.12829371682089, 21.69536555320354, 10.14152827803407, 0.0, 88.1480213666742, 9.169921306746783, 87.57619928822811, 52.971993015166404, 23.157046154494118, 67.9670851082665, 48.444235834154945, 35.2513120762534, 28.05594686747221, 49.52636832913085, 38.343141442724345, 22.02606820322528, 44.661225224498246, 75.77374723146215, 50.170609169961814, 42.33430317632252, 74.01403476378215, 73.94027293393826, 28.880388486936155, 40.57202353939896, 16.94818676871816, 80.03400270526953], [75.93638832091388, 73.79868114546154, 92.03397523531896, 14.662764389945957, 49.59520358415666, 50.0831257942088, 83.62913889044962, 31.320662706173948, 34.49032064117733, 27.87074659449609, 32.46701686971325, 79.25918164305645, 2.411063637084276, 93.82667284238921, 20.269351018315106, 58.580836349797494, 44.54176429123715, 55.96464096181206, 52.97081122049366, 18.17847323325404, 38.81282007892208, 31.934912058591024, 69.87843828230012, 95.52837790345298, 88.1480213666742, 0.0, 95.67661194195196, 6.301973953248412, 41.359661472479694, 65.06965690324354, 78.43341824390617, 63.15440404810828, 54.988812975351124, 71.93907538942746, 81.93180109131882, 82.55831245542628, 73.89400691383925, 45.009175291886734, 22.69076860321936, 69.33496579116787, 71.44707910389033, 16.63385070494854, 46.15932331687902, 67.58137082565385, 59.19941327468742, 75.82713587814042, 53.48527339355682], [66.85833071539301, 30.862823365592533, 41.70467220293231, 81.4494961993079, 65.80125542262161, 53.219495613101074, 34.97567723120726, 73.06281307872993, 79.82979547488992, 72.6526923174702, 72.79625920484091, 71.19525107957723, 95.00884092083247, 15.071052590823982, 95.18124857468315, 59.369213987323356, 51.39200362846232, 72.08991435244685, 45.04140068314491, 80.77251056572061, 67.34460069517404, 78.93570344288571, 30.804518970721606, 12.690600949913627, 9.169921306746783, 95.67661194195196, 0.0, 95.4461725907089, 58.73777549874104, 30.709812409022653, 76.5385123686698, 57.545225754315325, 41.53356673696333, 30.5102360595879, 57.663049873345265, 46.33952496944877, 25.224584779563568, 51.34517411845954, 84.28431974631242, 59.06739930564354, 43.34625602757397, 80.99173875488621, 83.08020026155535, 32.61789375045487, 44.447709085888874, 21.141109606536748, 89.20387122418974], [71.37816243282987, 72.00807886759702, 89.09363948397713, 14.179246875270154, 45.457012177230695, 47.56968736663901, 85.70122657270515, 35.140426250534105, 29.40642699068675, 31.08906214714603, 28.65569539602489, 74.47764224828018, 8.599105564145036, 92.60880240912049, 13.984466652417186, 62.15802388249117, 44.05445249159998, 60.553649835304746, 54.16125937788049, 21.83249940084946, 42.35705845519696, 27.106332166326638, 68.43178904655187, 94.46383368779783, 87.57619928822811, 6.301973953248412, 95.4461725907089, 0.0, 43.569371527173196, 64.7364158259597, 73.36225131408752, 59.341538604248946, 55.63292371292391, 73.22043366587715, 77.95517603420167, 79.30792446814534, 74.67424538102952, 45.80412818573366, 17.68204860074389, 65.29848752671937, 73.95235956647466, 19.838287353144224, 40.5763277350824, 68.7257331079707, 61.1800390356798, 76.18860999577102, 47.58605608211319], [69.07313828411931, 46.67055273558287, 69.98008145177363, 30.210249576463468, 46.26183876282614, 34.728410500161104, 42.275255906243196, 14.343469796735754, 45.70646018261645, 14.459104792759055, 36.775371692851834, 73.94345378621145, 39.946567527135706, 61.32441640952586, 49.9817904141804, 21.794312584423942, 18.834980300744764, 27.534646546048727, 13.708699708315011, 23.79156042627867, 10.071426950809593, 42.888295414261115, 41.31698392778272, 62.16512608840475, 52.971993015166404, 41.359661472479694, 58.73777549874104, 43.569371527173196, 0.0, 31.05698823945118, 76.15327380735553, 52.7275064415687, 17.848713947158327, 31.33805441688979, 69.03941465379273, 63.91379213009116, 34.460831286989524, 10.572701320152904, 41.42864441055745, 59.23096182388222, 30.407168327416574, 24.8359661242023, 56.79720071780206, 27.40548718161606, 17.862479092517127, 37.66068240103011, 65.94430423099917], [51.75152663101336, 18.018395991311525, 41.73531322898395, 50.758038769011996, 40.134883632240694, 25.680802215524857, 34.753861783352455, 45.07932202152004, 51.09178616038397, 43.643904340934995, 43.231324010618444, 56.82672803751435, 64.48974005347932, 30.39850007803748, 64.94715469201128, 40.61197086635926, 20.682209330672862, 52.16296708929122, 18.25040678015996, 50.90964906881233, 40.83868397164789, 49.72497923994076, 12.69208805536296, 31.48161415334662, 23.157046154494118, 65.06965690324354, 30.709812409022653, 64.7364158259597, 31.05698823945118, 0.0, 60.9208613067217, 37.252159926603156, 13.366312765821885, 19.236727237254403, 47.094651923055714, 38.580253385380196, 15.455997674630806, 21.816481737176662, 54.124926792017696, 41.790241926875694, 32.38931914926527, 50.88107261077185, 56.74340992294733, 15.962010595553961, 23.629758731186254, 13.5467678902026, 64.29120587904173], [9.715879504288996, 47.37737183243724, 39.76787429974292, 67.50218291831366, 31.26789504059212, 41.60238356912962, 95.50997877174402, 83.34347312394284, 43.98149261227508, 78.6672758121593, 47.404396326616485, 5.715048741434559, 79.8140232768407, 63.29267209722061, 62.06720300571778, 95.45360251603462, 57.65728822262914, 103.626131996654, 71.58616379071776, 78.21890496324676, 84.69280475422538, 46.509770300570295, 50.36504631045633, 66.22255986355509, 67.9670851082665, 78.43341824390617, 76.5385123686698, 73.36225131408752, 76.15327380735553, 60.9208613067217, 0.0, 24.298289964584704, 67.45983330022742, 80.15756070500969, 20.006204289931166, 31.023397533170435, 75.8782967173308, 66.80241565784739, 55.78079844398811, 19.138363331005134, 92.53773551554274, 76.30339156522068, 33.70628617641648, 76.6538214981357, 80.89255693339389, 72.31934582072, 30.556832895492736], [16.357007710944675, 26.713929951740745, 31.78021058528386, 49.94445084715173, 14.196949010169574, 18.036710268934552, 72.00562727365299, 61.4244665308182, 31.97109975271958, 57.16554016731085, 30.73849030620874, 21.307656048486653, 63.97160161533238, 46.759825497232065, 51.49495372554379, 71.33025767838346, 33.95088844181789, 79.96918445543302, 47.32889367904239, 58.57093253296297, 61.791674274699375, 33.1491353682705, 28.14769790877808, 49.55249937108186, 48.444235834154945, 63.15440404810828, 57.545225754315325, 59.341538604248946, 52.7275064415687, 37.252159926603156, 24.298289964584704, 0.0, 43.16194635440643, 56.40724956993094, 18.849596107728676, 21.11028586359945, 52.55142693352984, 42.949866005368875, 42.203576657259724, 6.734900645157577, 68.35499686742143, 57.01731491830914, 28.67066144502161, 52.69294572243751, 56.59438946029306, 49.503583025592846, 32.61196881313812], [59.073148128203954, 30.28694197065514, 54.09499137644151, 41.45560243091589, 41.54652572715233, 27.13712872378225, 33.40190959473507, 32.0786528153187, 47.89602284410975, 31.182265038033652, 39.069725054356624, 64.16362297206263, 54.077942905822496, 43.482042921741936, 58.307363776120454, 29.100691259044776, 14.1689109169564, 39.735097007824116, 5.079674801252372, 39.28858533829217, 27.496237046789453, 45.829744013495635, 24.797416180921513, 44.323045466656424, 35.2513120762534, 54.988812975351124, 41.53356673696333, 55.63292371292391, 17.848713947158327, 13.366312765821885, 67.45983330022742, 43.16194635440643, 0.0, 18.46519419360898, 56.538302764966524, 49.521917162690826, 19.046972905787825, 9.996775931773342, 48.01318286229852, 48.8812705712018, 26.03206864058197, 39.631081416505154, 56.19859992369098, 13.769584432848895, 13.433496845430852, 20.925663091666742, 64.71298787697518], [70.96370170244994, 35.490754226800824, 57.7269963248111, 59.1332127391914, 57.91441288744503, 43.17685626462328, 15.824407618137828, 45.00831191981274, 66.09475283122349, 45.79690220749821, 57.393348354843816, 76.02851744237957, 70.76283525653021, 38.608706941132304, 76.67975586252638, 28.931469038072887, 32.5044945490989, 41.64380894971197, 19.059193910057203, 54.99149362200942, 38.396807586514605, 64.14854767905959, 30.861961611514808, 38.195428461219684, 28.05594686747221, 71.93907538942746, 30.5102360595879, 73.22043366587715, 31.33805441688979, 19.236727237254403, 80.15756070500969, 56.40724956993094, 18.46519419360898, 0.0, 65.82462389446444, 56.5264280735026, 6.159400982266276, 27.58123555054607, 66.4638387215026, 61.02590002806087, 14.797749264685795, 55.80043400173591, 73.63467762348866, 4.696438251541449, 14.542705501637645, 11.46089523285497, 81.7797888122404], [11.50727347915508, 30.753390043519982, 19.852230425339076, 68.79277921108385, 32.5078356093531, 35.470114507374205, 80.31092356681461, 79.0825412523913, 49.73345948913399, 75.11490212410442, 49.471853892073995, 14.304501690257, 82.79132436040065, 43.79932402273132, 69.29249503372345, 85.60635976936932, 50.3176099717528, 95.4618725157257, 61.29826403908198, 77.16212637727917, 78.62269839303131, 51.30920855206932, 34.96963419856711, 46.71637057166302, 49.52636832913085, 81.93180109131882, 57.663049873345265, 77.95517603420167, 69.03941465379273, 47.094651923055714, 20.006204289931166, 18.849596107728676, 56.538302764966524, 65.82462389446444, 0.0, 11.36836076153618, 60.77459528098394, 58.69913823404417, 60.58366334037038, 12.665892902498406, 79.4839705750128, 75.6888975128146, 43.59786625378214, 63.01821445285846, 69.53562080097439, 56.52747906825247, 44.33924057949583], [21.774049952387358, 21.0359710632302, 10.78085116425944, 68.58806216633026, 35.136354127266486, 33.18510743946367, 70.38642131070277, 75.34218245076462, 52.9624027977876, 71.8987519180444, 50.72339381607683, 25.40958907273735, 83.10064684548385, 32.44207903505606, 72.37745826360899, 78.50980902932572, 45.878779657877985, 89.15819203984178, 54.507089542341355, 75.32939954574127, 73.84230045490185, 53.928182167999694, 25.949037609758758, 35.3626560381891, 38.343141442724345, 82.55831245542628, 46.33952496944877, 79.30792446814534, 63.91379213009116, 38.580253385380196, 31.023397533170435, 21.11028586359945, 49.521917162690826, 56.5264280735026, 11.36836076153618, 0.0, 51.12649340920832, 53.351502047599816, 62.69349899368969, 17.699090187076457, 70.69337954982147, 74.15552721928891, 49.333795404012086, 54.16937324444229, 61.879241083019735, 46.56336841984859, 51.842383502147094], [66.51420335135954, 30.15335435665566, 51.84913094512792, 60.49901515916776, 55.385445336715804, 40.7548043468169, 19.662695278498923, 48.58354678789085, 65.05683383915533, 48.79842433289144, 56.65875904210535, 71.53093242837376, 72.89044525056283, 32.49548320640315, 77.02807497977952, 34.71517574341994, 32.172209840695096, 47.37883168055457, 21.15577985801178, 57.60049984718848, 42.437042308021596, 63.35297397068541, 25.877795489082636, 32.1650449998129, 22.02606820322528, 73.89400691383925, 25.224584779563568, 74.67424538102952, 34.460831286989524, 15.455997674630806, 75.8782967173308, 52.55142693352984, 19.046972905787825, 6.159400982266276, 60.77459528098394, 51.12649340920832, 0.0, 28.91973597741652, 66.52029502996857, 56.754480856589936, 20.91067950335838, 58.17989513750867, 71.68360259182944, 7.413550548929013, 19.223169903418263, 5.302233678283384, 79.48516014721955], [59.296496516275454, 36.31929230642296, 59.46095832298, 31.650927177573333, 38.05712549161213, 25.202637537139637, 41.37089319801375, 23.550150684615712, 40.93919635114224, 21.827791785291865, 31.87063538104521, 64.2529242487144, 44.08205541084846, 52.18644149007663, 49.290888106097015, 28.923832193938892, 9.195559322004621, 37.04352855248734, 8.75578539328533, 29.43117995433986, 20.592971820132774, 38.51446526537985, 31.050015254577595, 53.29525596727942, 44.661225224498246, 45.009175291886734, 51.34517411845954, 45.80412818573366, 10.572701320152904, 21.816481737176662, 66.80241565784739, 42.949866005368875, 9.996775931773342, 27.58123555054607, 58.69913823404417, 53.351502047599816, 28.91973597741652, 0.0, 39.39688398580176, 49.302696729553034, 31.754193023810732, 29.681405989550644, 50.67207683049416, 22.99542589731809, 17.916297336637065, 30.912431875376296, 59.59918149359465], [53.713552085263906, 57.92117423758919, 72.83264396304538, 15.061631762619156, 28.10609840959831, 32.760886803887416, 80.76304059364433, 38.876038430280246, 11.805657403310953, 33.745260058133226, 12.351540160504825, 56.7990062069835, 24.218938195758053, 79.33195634971702, 10.91117099757484, 62.76889695815015, 34.35416997789547, 64.72734592765724, 48.139694640156556, 27.930704908888448, 44.34949690440976, 9.430685434858933, 55.13797117376393, 81.4786718404402, 75.77374723146215, 22.69076860321936, 84.28431974631242, 17.68204860074389, 41.42864441055745, 54.124926792017696, 55.78079844398811, 42.203576657259724, 48.01318286229852, 66.4638387215026, 60.58366334037038, 62.69349899368969, 66.52029502996857, 39.39688398580176, 0.0, 47.91914890091055, 70.67650721314406, 25.539313480378688, 23.750667739894183, 61.773702275869866, 56.95361246165876, 66.90388803926756, 31.76694836857257], [10.192637258660307, 28.86017335794818, 28.427471637489564, 56.384940820026834, 19.844687546792823, 24.645893527151298, 76.37676901385944, 68.14077886587305, 37.14886167486206, 63.898125083946155, 36.868001228277905, 15.290777750376108, 70.23909840067039, 47.028847534898915, 56.72820835760434, 77.4105171301747, 40.40996742288484, 86.3462194526408, 53.242846106248244, 65.24754532544817, 68.40285575291335, 38.659429048389015, 31.392228608227168, 49.91765727185788, 50.170609169961814, 69.33496579116787, 59.06739930564354, 65.29848752671937, 59.23096182388222, 41.790241926875694, 19.138363331005134, 6.734900645157577, 48.8812705712018, 61.02590002806087, 12.665892902498406, 17.699090187076457, 56.754480856589936, 49.302696729553034, 47.91914890091055, 0.0, 73.56483262251919, 63.66440758218994, 31.92349576517215, 57.566024058830905, 62.270392014823194, 53.278835922290384, 34.1552264918418], [83.68804280512333, 49.71757554079267, 72.40791513680502, 60.569994283822425, 67.577290623661, 53.127321963880014, 13.299426658331592, 41.274105288492464, 72.66119418944821, 43.69651620859701, 63.60886692412584, 88.79236746451998, 69.86053104522033, 53.04957790177473, 79.95193336914815, 17.83843592211571, 39.43844408606581, 29.995376256644313, 23.506846343744463, 53.42846773498956, 33.740147020839565, 70.26792927345191, 44.7797980979951, 52.39993840374787, 42.33430317632252, 71.44707910389033, 43.34625602757397, 73.95235956647466, 30.407168327416574, 32.38931914926527, 92.53773551554274, 68.35499686742143, 26.03206864058197, 14.797749264685795, 79.4839705750128, 70.69337954982147, 20.91067950335838, 31.754193023810732, 70.67650721314406, 73.56483262251919, 0.0, 54.813954344585234, 81.86600630084268, 16.52789634358982, 13.839703966444743, 26.19920594174909, 90.54869647307295], [71.84704404908884, 62.08850655905644, 82.6231025181678, 10.477926671849476, 45.284945597026095, 40.98633080440246, 67.05714673762354, 15.354268861517612, 35.20293333029268, 11.322120850112231, 29.100022705115467, 75.91964323255893, 15.114997267387984, 80.69544674148453, 29.948457820450425, 42.33350123137809, 31.280511439234253, 41.165134182243996, 37.05380996108462, 2.4105677467292654, 22.52387864261838, 32.07165700490223, 57.556483621765096, 82.11413159341592, 74.01403476378215, 16.63385070494854, 80.99173875488621, 19.838287353144224, 24.8359661242023, 50.88107261077185, 76.30339156522068, 57.01731491830914, 39.631081416505154, 55.80043400173591, 75.6888975128146, 74.15552721928891, 58.17989513750867, 29.681405989550644, 25.539313480378688, 63.66440758218994, 54.813954344585234, 0.0, 47.91379637973925, 51.57584797793816, 42.698442466430436, 60.55074323477374, 56.62438914382775], [34.153489220679944, 52.82582502180413, 60.11288795098924, 37.798058648272225, 17.279063799374935, 31.065081156890617, 89.27964735178737, 58.894244973210135, 12.711033159910311, 53.7212203518207, 20.363637774346742, 35.97391767813557, 47.85038530964424, 74.20586788639174, 28.455746733835824, 78.47219661543042, 42.428391176409605, 83.23486689950111, 58.385325147119396, 50.17679812355586, 62.6925651057401, 15.846965777937106, 52.2857388709599, 76.84532049005101, 73.94027293393826, 46.15932331687902, 83.08020026155535, 40.5763277350824, 56.79720071780206, 56.74340992294733, 33.70628617641648, 28.670