instance_id,num_cities,city_coordinates,distance_matrix,best_route,total_distance
2475,60,"[[19.220301088653713, 39.517052288478524], [28.7391936641481, 63.23751387821059], [85.08732303975583, 59.386334250137295], [33.18585427304107, 9.749564850972703], [97.04771988676232, 83.34056840476767], [54.69833608957185, 18.82479874722023], [79.42246741569907, 19.494898991902566], [37.685549688241395, 7.207877861514566], [29.057025563488757, 39.79856366660249], [21.82428269896084, 96.59945912385749], [39.05900345004299, 48.274969880595386], [15.802259722746593, 24.60713790465855], [86.13997684715102, 93.59759234029241], [2.205332909633273, 32.168129725446484], [21.410451584229694, 15.174891364359445], [62.16869225397578, 4.412974410877468], [4.316514373662905, 54.589914430156526], [96.59758107490568, 14.369985312011547], [36.35534539563673, 40.84208055489478], [86.69947579485041, 93.08441134414466], [78.92933560408214, 95.85427524229932], [68.2322890417031, 96.74866771916982], [29.638039817275754, 97.86871009624406], [8.72147730352697, 15.754265200967566], [31.585049665006448, 94.54259785714517], [74.96206104676526, 82.35223588560066], [38.53898936661909, 4.226038701978263], [12.501399215201436, 83.90983440395603], [91.58471390899251, 21.092711622110084], [17.85722522713995, 52.65824848343198], [22.239768922396753, 46.260581766834804], [32.13080183582703, 24.733252182651867], [37.516252736079906, 39.947682506375315], [54.56035355956941, 20.427893157428368], [42.50444575646766, 79.61710208572549], [41.40534305659224, 84.06382084680322], [72.70327499053639, 44.092702839423715], [65.06852031752183, 28.791227608338833], [52.98707230548866, 49.76049756227334], [1.947959204459504, 83.22415045076177], [87.11915329101917, 10.629677351568834], [58.90659079948164, 39.89679995429085], [52.06152085674807, 58.00900983052154], [89.28405949020487, 20.6617582342406], [96.21755997478245, 61.951649016994935], [54.214579488257655, 34.04141339720276], [10.440768356110786, 40.07815960462489], [57.14558130840136, 93.76736349350665], [87.7948153362211, 73.66203940578843], [27.678184262425688, 90.64393196469359], [44.68382144750197, 2.4367060648636696], [16.25789168522932, 0.24050354994874512], [23.984681015937436, 47.38053875384014], [2.820420771563348, 82.148416408479], [80.37354409909074, 93.1858480258775], [27.32495172378804, 8.660522125141966], [5.775531375279019, 32.04929898099118], [30.465119886828308, 27.252740627833404], [2.118667952380382, 17.63315120507183], [52.54769462360398, 58.73417418709547]]","[[0.0, 25.55913953742881, 68.79864058525334, 32.880693181379534, 89.31745451797674, 41.071405188306976, 63.44436502244169, 37.213548043643414, 9.840751853889621, 57.141770101621255, 21.685830210856636, 15.296684402572145, 86.04038479643299, 18.53417937138085, 24.440490127020396, 55.469456346048624, 21.19702883868318, 81.36103757690007, 17.186199210676957, 86.15625906008265, 82.09172609290864, 75.35006813478272, 59.27432200483103, 25.978748065245956, 56.39767435352123, 70.29933681783129, 40.23266529505276, 44.89836017425736, 74.67305117525875, 13.211699861808121, 7.388665361516178, 19.627576903729178, 18.30101879867684, 40.166096461787646, 46.36987585333149, 49.765356183876946, 53.67834829196804, 47.08611814035476, 35.286300592259636, 46.99621499580528, 73.78844463155642, 39.68810652199796, 37.68949733802499, 72.55654591573878, 80.19905863754693, 35.4200810554781, 8.797444880306193, 66.19231938517325, 76.60511829852548, 51.8217484576442, 44.98158451109329, 39.38810924991961, 9.194222940652974, 45.67701042260703, 81.36374356306511, 31.903147425269534, 15.379504936998641, 16.63908922727493, 27.773566255632545, 38.470936223332906], [25.55913953742881, 0.0, 56.47958275924064, 53.672464837298826, 71.20524949751459, 51.44284537979928, 66.94931362804635, 56.739381370202395, 23.441105011037383, 34.07103438743838, 18.176253654084572, 40.73905015660249, 64.93523137901238, 40.857709164514006, 48.61816680401388, 67.65986860400426, 25.908458849184363, 83.62293997556377, 23.655045993109834, 65.19380026515245, 59.85735936234271, 51.79480682706609, 34.64285894522748, 51.53026172298352, 31.434172158747362, 50.01925695660437, 59.81964725978626, 26.28708436638417, 75.6686445765415, 15.176893402709325, 18.178524304463, 38.65334622914645, 24.888812974521365, 49.99395888107023, 21.395632148007902, 24.375528761070253, 47.95168648321077, 50.06362564650593, 27.74147774335784, 33.425078688871416, 78.58628474517013, 38.14263725018488, 23.901217547551603, 74.01605060086804, 67.49061689148694, 38.74800080242009, 29.51589502493992, 41.70125389635397, 59.968634998223365, 27.42694830420705, 62.85673699696197, 64.22154007331257, 16.55442691901168, 32.08434233028157, 59.690944564973776, 54.595312152971466, 38.73027929401448, 36.026139499080344, 52.805400140459675, 24.230657983430504], [68.79864058525334, 56.47958275924064, 0.0, 71.81623309898751, 26.77417462168989, 50.682627104490685, 40.29165169366156, 70.49481844765435, 59.3554967270275, 73.39638230885869, 47.35048703451179, 77.52427037566585, 34.2274489284467, 87.23677518958179, 77.5202917977351, 59.55949906699729, 80.91309644096002, 46.46458556529722, 52.14110653045675, 33.736618626344615, 36.98420648690095, 40.98824384292039, 67.49456467485238, 87.95169040172576, 64.01918561706204, 25.098875838500785, 72.17621195869127, 76.61669790103434, 38.84092715275213, 67.56591736946996, 64.20358585614436, 63.28688043187183, 51.38937547248982, 49.4939996163, 47.14430405617469, 50.17064599921085, 19.67891785165386, 36.56245359456534, 33.51242798044104, 86.48927852718239, 48.79897464183723, 32.63851540290868, 33.05451001585155, 38.95132070219813, 11.422040714464668, 39.94360158320839, 77.10326669006974, 44.30345475033673, 14.530184865530904, 65.36701484724377, 69.82623497909773, 90.75086726749691, 62.27095621387073, 85.35780920916042, 34.12662953439601, 76.87391986743008, 83.89084452034032, 63.37312455894103, 92.88232351423287, 32.546163064316254], [32.880693181379534, 53.672464837298826, 71.81623309898751, 0.0, 97.43702419367935, 23.348377763308687, 47.252470119795724, 5.167923333598861, 30.331329616990807, 87.5898935028706, 38.97051082487622, 22.867812237611183, 99.16970712593425, 38.24113956172798, 12.965117672451854, 29.470054206845752, 53.330064097179175, 63.57983470591206, 31.253643096043277, 99.03738853796574, 97.50121658655104, 93.79283815870605, 88.19053660211942, 25.190517398412453, 84.80814242617838, 83.7639498457622, 7.691904604759597, 76.99085829636485, 59.490283117927106, 45.564481775801234, 38.116546810197256, 15.020786320921882, 30.507026416519654, 23.893428284159068, 70.4862320349482, 74.76743034287561, 52.35530218666792, 37.13609180661248, 44.64261385712933, 79.83934379349847, 53.940479613888705, 39.62842504866062, 51.81954089639713, 57.14966835442581, 81.84163680515807, 32.129444283554996, 37.90992736869591, 87.36737954377683, 84.06511186050895, 81.08164440658119, 13.626487176471873, 19.415925530372892, 38.73953776422132, 78.50893744395282, 95.85557584805578, 5.961224098331277, 35.33559032518192, 17.71337228977034, 32.05184861572238, 52.672315437744444], [89.31745451797674, 71.20524949751459, 26.77417462168989, 97.43702419367935, 0.0, 77.17353719059051, 66.2338208730674, 96.54042583308252, 80.73809937804594, 76.38300652270688, 67.76641818656698, 100.25188604497082, 14.972821986256177, 107.76686340387005, 101.82119564533971, 86.29085503269197, 97.08592369587107, 68.97205200010157, 74.09241385524449, 14.213677603387397, 22.01973450863018, 31.782167673260773, 68.95746419408235, 111.21795497862986, 66.41420523061535, 22.10776170409803, 98.3990871765195, 84.54823713641956, 62.48711953952909, 84.9266695460906, 83.49344247637777, 87.45869747481336, 73.66775500654053, 75.91561765670002, 54.67021999481539, 55.64707713263617, 46.18492122696208, 63.232110406139746, 55.398211370658295, 95.09983193976362, 73.3856260612135, 57.81095696519176, 51.627957183763506, 63.157799733255764, 21.40502366399296, 65.30761518274821, 96.81115673631473, 41.241953384257556, 13.389927789406046, 69.7529324976704, 96.37122392743234, 115.89916789911966, 81.43298706012972, 94.23484029236445, 19.363823718883985, 102.16835964541517, 104.69673688696402, 87.05795223577368, 115.45124328570685, 50.85004311519531], [41.071405188306976, 51.44284537979928, 50.682627104490685, 23.348377763308687, 77.17353719059051, 0.0, 24.73321055119025, 20.60067358127008, 33.12666026614409, 84.43696573793976, 33.345184137966854, 39.32353243117341, 81.11440954134376, 54.162347294440025, 33.48738686049511, 16.23289567281972, 61.78568976087789, 42.13540189773366, 28.657041120749838, 80.86138142204877, 80.75073737482613, 79.09043708355688, 82.9213987497051, 46.07927647099698, 79.16696982577362, 66.68098543446744, 21.777242281132782, 77.56702487538227, 36.956031949400895, 50.019693827839106, 42.50036202722736, 23.32816804407517, 27.228665165026413, 1.609021711048816, 62.003186262131806, 66.57952889803835, 31.02651772339686, 14.382990828244324, 30.98299347891345, 83.2458933603204, 33.44053532315423, 21.488104676175226, 39.27283021113662, 34.63447247038777, 59.864606957882955, 15.224302343798158, 49.09620809611425, 74.98251142708156, 64.05076035122151, 76.73380285683238, 19.205730532363006, 42.69711692822686, 41.93755948201876, 81.86084932036648, 78.66881183896804, 29.199566621562457, 50.67867626078883, 25.656947828451962, 52.593169948976225, 39.967280451840324], [63.44436502244169, 66.94931362804635, 40.29165169366156, 47.252470119795724, 66.2338208730674, 24.73321055119025, 0.0, 43.50794398322187, 54.30392741037278, 96.2427351845621, 49.57319541511321, 63.82527566407768, 74.40654604567494, 78.250218137418, 58.1726434566342, 22.916308742880666, 82.900930579601, 17.923427948721173, 48.06744386561754, 73.94843594824052, 76.36096856597149, 78.06000816428309, 92.84903606565689, 70.79987531062002, 88.9976159344868, 63.01539515343759, 43.64168731777946, 92.88548472842609, 12.26675364409342, 69.92915554497469, 63.13685755075418, 47.58089929235773, 46.630968060551965, 24.879613813483118, 70.55224750556407, 74.9296164012606, 25.499009803666688, 17.101389506178812, 40.18502919565651, 100.31807870010238, 11.740150262905217, 28.93335024173587, 47.24360412046482, 9.930385628734927, 45.657975828559884, 29.10392920390738, 71.9871198381964, 77.54133502706509, 54.810357691953605, 87.97531319642707, 38.700845851735814, 66.03404705941762, 62.05608000702389, 98.96128937488432, 73.69708621367322, 53.2121683767906, 74.70933105862849, 49.56819528599777, 77.32621493573032, 47.560215837092414], [37.213548043643414, 56.739381370202395, 70.49481844765435, 5.167923333598861, 96.54042583308252, 20.60067358127008, 43.50794398322187, 0.0, 33.71356151191087, 90.7878548655452, 41.09005259353483, 27.9573358845737, 99.05056425393465, 43.38040981558314, 18.120489023470583, 24.642154029070955, 57.952997396318594, 59.34579366084661, 33.660496643386715, 98.87944152035557, 97.77133345343975, 94.60790840865843, 91.01730009518552, 30.198646089898453, 87.54752661982342, 83.88213660794646, 3.1015679998951486, 80.73061112420305, 55.65885834487508, 49.58728305326243, 41.996259664202846, 18.384612283099166, 32.74024235771105, 21.436599779815403, 72.56939790344427, 76.94590849981023, 50.85991937663666, 34.86643180449892, 45.220150793684155, 83.99791111658215, 49.55189075006825, 38.97304470313483, 52.79605625773764, 53.323663704465616, 80.14285188653666, 31.515828649662165, 42.69348348058593, 88.71999427148691, 83.2291661037899, 84.03405551961913, 8.469940255374949, 22.53195136448494, 42.44474626553332, 82.65386580242718, 95.99206331986404, 10.46193889953887, 40.439404940834294, 21.30565957293248, 37.06331610501965, 53.626882858425546], [9.840751853889621, 23.441105011037383, 59.3554967270275, 30.331329616990807, 80.73809937804594, 33.12666026614409, 54.30392741037278, 33.71356151191087, 0.0, 57.25953452561757, 13.110645443598008, 20.161057367448745, 78.43977826004782, 27.914815430295473, 25.7836252545784, 48.46155587676473, 28.824936276501788, 72.16882454305572, 7.372543649818268, 78.49862184388482, 75.02992808901514, 69.12319162325883, 58.0730529929598, 31.490678172084017, 54.802373902169236, 62.59462678251874, 36.81456464393797, 47.11574014963797, 65.26576982264812, 17.053064861258047, 9.39322447502683, 15.375685697907729, 8.460541400281642, 32.025655572535264, 42.02795631102839, 45.95534722031592, 43.85698029143836, 37.656197385281786, 25.9207882599279, 51.19260753670202, 64.97718526611794, 29.849726885618463, 29.339856052587987, 63.19424766358002, 70.7198456796417, 25.807892178597314, 18.618356702453923, 60.84076198233807, 67.80016914819709, 50.86406079642133, 40.49821172660864, 41.57713251567982, 9.12222699961835, 49.81836466872742, 74.05124715946971, 31.186178201631197, 24.53729966404833, 12.624595254642038, 34.885249323657405, 30.17231974303035], [57.141770101621255, 34.07103438743838, 73.39638230885869, 87.5898935028706, 76.38300652270688, 84.43696573793976, 96.2427351845621, 90.7878548655452, 57.25953452561757, 0.0, 51.30586574642256, 72.2437476551042, 64.3857105105614, 67.35205563962171, 81.42561937751906, 100.62812403140227, 45.51179843847488, 111.1428473334705, 57.61976265117158, 64.9703489302822, 57.109914781183456, 46.40824620595914, 7.916173212791724, 81.90011532141018, 9.97513157988147, 55.01460585827292, 93.87347985146343, 15.74619738170737, 102.7997406655396, 44.11992222943025, 50.34059199460447, 72.60148784174316, 58.7848766058324, 82.90812865557182, 26.75947672611819, 23.249949499780676, 73.11382435708809, 80.42400355909137, 56.25840182788945, 23.95761085247557, 107.9547289543565, 67.75167253258026, 49.02563970079612, 101.5743860484787, 82.06601275216484, 70.44601061264544, 57.65623728736273, 35.434656780004474, 69.84437271367455, 8.350836320888762, 96.89779448184103, 96.51959919214475, 49.26631144380613, 23.874241427054425, 58.64868925414269, 88.11080524081454, 66.5153034535592, 69.88298386212513, 81.38789245867667, 48.76174569920032], [21.685830210856636, 18.176253654084572, 47.35048703451179, 38.97051082487622, 67.76641818656698, 33.345184137966854, 49.57319541511321, 41.09005259353483, 13.110645443598008, 51.30586574642256, 0.0, 33.181958942146835, 65.3510379614848, 40.21968836384215, 37.511152751432284, 49.57753889817617, 35.311741275196574, 66.78499751956466, 7.9093369256385735, 65.40260430221116, 62.07603148378348, 56.57543613935273, 50.48062622776357, 44.47428161926969, 46.86740214431854, 49.50040003039819, 44.05200055191032, 44.4426586996406, 59.142416447490476, 21.650139286463045, 16.93943356694158, 24.54001731411149, 8.468990186455443, 31.870857177742568, 31.53094232417983, 35.86568224683168, 33.90322057112163, 32.497864246922184, 14.00706587887225, 50.97719909453392, 61.04871867888028, 21.54345503645205, 16.242444171319384, 57.31531829854725, 58.77203532456454, 20.79147938978934, 29.76896166465717, 48.955920737521716, 54.95163927747676, 43.8708558551687, 46.182085348597646, 53.171427039167845, 15.100834542762415, 49.60489143443814, 61.02358761022001, 41.3157650405263, 37.02785315804651, 22.710987593096277, 47.99488971154675, 17.06867728621091], [15.296684402572145, 40.73905015660249, 77.52427037566585, 22.867812237611183, 100.25188604497082, 39.32353243117341, 63.82527566407768, 27.9573358845737, 20.161057367448745, 72.2437476551042, 33.181958942146835, 0.0, 98.52450077776597, 15.557795990280306, 10.97356326596743, 50.57321726849686, 32.107463842570155, 81.4412871067482, 26.191653127162887, 98.56750085337826, 95.19024260992583, 89.18132258698935, 74.5566011216114, 11.33626194016734, 71.69424675054029, 82.67029958531641, 30.53437537609122, 59.394490419381995, 75.86390152494089, 28.12628108952233, 22.59011190295433, 16.329029130654252, 26.586270916778634, 38.98276445457933, 61.148204374140995, 64.73495981834361, 60.14493145172082, 49.44361475095391, 44.89322653673911, 60.232016425494436, 72.67371403569173, 45.73573136142849, 49.2992805843601, 73.58764106702006, 88.66359469841323, 39.553910853885135, 16.3737015398272, 80.57547420422189, 87.11665411989131, 67.09616794869609, 36.4097879096246, 24.370893915926843, 24.198756258468485, 58.98751456375058, 94.19389708415765, 19.674018038275552, 12.48683478067962, 14.899620195168891, 15.35829333695793, 50.1485951096929], [86.04038479643299, 64.93523137901238, 34.2274489284467, 99.16970712593425, 14.972821986256177, 81.11440954134376, 74.40654604567494, 99.05056425393465, 78.43977826004782, 64.3857105105614, 65.3510379614848, 98.52450077776597, 0.0, 104.01251525689896, 101.68594528804739, 92.3499786695304, 90.64589316174903, 79.91479964069265, 72.53725630668929, 0.7592060374390679, 7.555525452042117, 18.182809424859393, 56.66313912071229, 109.78710148148582, 54.56311130494648, 15.855719581072028, 101.25773357550435, 74.27309586579595, 72.70902894160007, 79.6150993482416, 79.52376464213994, 87.51736016786069, 72.40565842264672, 79.69364771107156, 45.820450470549005, 45.739263868862935, 51.29599439797196, 68.14595505274725, 54.96185912180922, 84.82867517168205, 82.97369284348075, 60.21156382710747, 49.273607212630566, 73.00356944980061, 33.21179625548244, 67.57343743531588, 92.70760403827519, 28.994892565793887, 20.004118606659922, 58.53635880231899, 100.14449564025725, 116.61497268355461, 77.4551279262947, 84.10250920246443, 5.781114081070798, 103.3126956235061, 101.22567120767386, 86.61021329093104, 113.27036975916013, 48.41383428640099], [18.53417937138085, 40.857709164514006, 87.23677518958179, 38.24113956172798, 107.76686340387005, 54.162347294440025, 78.250218137418, 43.38040981558314, 27.914815430295473, 67.35205563962171, 40.21968836384215, 15.557795990280306, 104.01251525689896, 0.0, 25.64384396501531, 66.07535932853182, 22.520957273580347, 96.05555922618876, 35.23436924064172, 104.16359031905552, 99.71207409462284, 92.3591079624799, 71.19775045140294, 17.659985458375093, 68.94738596450375, 88.38543997918525, 45.83552162131517, 52.75616536867281, 90.06297038179638, 25.78423355143941, 24.49440407293764, 30.835224898303235, 36.15774468161696, 53.655207966499106, 62.25289932435608, 65.0369399071401, 71.49933763044913, 62.9538227511868, 53.74268752281366, 51.056669432386, 87.60286423641674, 57.22556238078676, 56.15505819801898, 87.83564884366473, 98.61722394764115, 52.04297187316479, 11.418886534272655, 82.5402719581809, 95.11731725932752, 63.783113780725664, 51.849585739395316, 34.88334446901429, 26.566094789839315, 49.98407136274526, 99.1636586010741, 34.40352982556198, 3.572175503796957, 28.684082867984042, 14.535236888422844, 56.921947448050076], [24.440490127020396, 48.61816680401388, 77.5202917977351, 12.965117672451854, 101.82119564533971, 33.48738686049511, 58.1726434566342, 18.120489023470583, 25.7836252545784, 81.42561937751906, 37.511152751432284, 10.97356326596743, 101.68594528804739, 25.64384396501531, 0.0, 42.15510691489925, 42.962154655418715, 75.19143777585839, 29.701085030297566, 101.64915142712984, 99.08372723012202, 94.05618242135219, 83.10211107182747, 12.702194390690185, 80.01721864717823, 85.91024672851003, 20.328900146964973, 69.30990988863479, 70.42334619590062, 37.65139411045284, 31.09675087603097, 14.362735500230826, 29.54806274037064, 33.563522294488365, 67.80674828359899, 71.73200324979548, 58.88287996946075, 45.73217224482091, 46.83211646137105, 70.777752661701, 65.86571528810651, 44.91250628030547, 52.6711472470643, 68.09502447478711, 88.22793504468582, 37.84252186574764, 27.212253107228857, 86.33525451270853, 88.47389579292155, 75.72886214687377, 26.53132317689716, 15.79825347638167, 32.308363947167535, 69.5056997839112, 97.7872979387472, 8.798768009539664, 23.004268350732072, 15.095080685484346, 19.447775120628794, 53.543804722154064], [55.469456346048624, 67.65986860400426, 59.55949906699729, 29.470054206845752, 86.29085503269197, 16.23289567281972, 22.916308742880666, 24.642154029070955, 48.46155587676473, 100.62812403140227, 49.57753889817617, 50.57321726849686, 92.3499786695304, 66.07535932853182, 42.15510691489925, 0.0, 76.58067507663856, 35.8397886646846, 44.64760520432201, 92.0020818728556, 92.96467427604992, 92.53457442884341, 98.9556359206007, 54.637255263646445, 95.17724631746721, 78.98226867021225, 23.630442304451574, 93.7368163880053, 33.815912873145855, 65.5065842523197, 57.84065317609657, 36.26552839122547, 43.248794822697135, 17.730325438283096, 77.73251192165093, 82.31266007031917, 41.05433328647077, 24.550116736131105, 46.26769932517546, 99.18537270087126, 25.713282587289807, 35.63345592410044, 54.54071805868236, 31.61117074854953, 66.85824158993158, 30.67755379192025, 62.83138981184175, 89.49546632037531, 73.8385481093432, 92.87288722852983, 17.596202536187636, 46.10001216863732, 57.48243470655428, 97.80090117433785, 90.62030523324977, 35.10167967092175, 62.80091583436698, 39.07392252748831, 61.48803536536155, 55.1666234287672], [21.19702883868318, 25.908458849184363, 80.91309644096002, 53.330064097179175, 97.08592369587107, 61.78568976087789, 82.900930579601, 57.952997396318594, 28.824936276501788, 45.51179843847488, 35.311741275196574, 32.107463842570155, 90.64589316174903, 22.520957273580347, 42.962154655418715, 76.58067507663856, 0.0, 100.66497886448803, 34.86387284161625, 90.93282479493261, 85.2632427555814, 76.56753052240602, 50.14213602449032, 39.084668982429434, 48.37137510917403, 75.90480720835076, 60.89086773077631, 30.440927172792456, 93.47620684485169, 13.677798936495822, 19.764130039923, 40.80508384490185, 36.28522540983783, 60.7576091825342, 45.65827663463513, 47.37396302325708, 69.18771913316824, 66.0028671190343, 48.90957448883604, 28.73202961980387, 93.74849041815936, 56.53285820810429, 47.867273344390966, 91.49100232255662, 92.19543003156993, 53.9634857740087, 15.751111546740743, 65.77068365393863, 85.62927468267829, 42.961142912779124, 65.95056196263432, 55.64579907884189, 20.94783704134016, 27.599082002042145, 85.2896116814933, 51.370198235967166, 22.587785979111725, 37.829494336847354, 37.02205932908807, 48.40890039275102], [81.36103757690007, 83.62293997556377, 46.46458556529722, 63.57983470591206, 68.97205200010157, 42.13540189773366, 17.923427948721173, 59.34579366084661, 72.16882454305572, 111.1428473334705, 66.78499751956466, 81.4412871067482, 79.91479964069265, 96.05555922618876, 75.19143777585839, 35.8397886646846, 100.66497886448803, 0.0, 65.80196643098796, 79.33431384781248, 83.37779322733645, 87.12541022725983, 107.03091705682638, 87.88700612063815, 103.21955746192313, 71.34200810138668, 58.938100783591, 109.123592385473, 8.385933833723072, 87.55589492271051, 80.90793762265967, 65.29443257807064, 64.38029164306963, 42.471481545146354, 84.7540768096822, 88.90114650003538, 38.13630554298439, 34.670648993236064, 56.16373235873243, 117.04463668691841, 10.189725064657178, 45.521742208788474, 62.35242674252925, 9.647486951262454, 47.583181240546246, 46.725623659879155, 89.91054778679131, 88.65891916593395, 59.94194160443523, 102.79882389877942, 53.267641136456014, 81.57271569645171, 79.76421436652862, 115.70683435500838, 80.46837634203624, 69.50751863719165, 92.52676825355798, 67.37557277916007, 94.53524885702325, 62.51858724344859], [17.186199210676957, 23.655045993109834, 52.14110653045675, 31.253643096043277, 74.09241385524449, 28.657041120749838, 48.06744386561754, 33.660496643386715, 7.372543649818268, 57.61976265117158, 7.9093369256385735, 26.191653127162887, 72.53725630668929, 35.23436924064172, 29.701085030297566, 44.64760520432201, 34.86387284161625, 65.80196643098796, 0.0, 72.55199922777068, 69.56210323584033, 64.35593231840538, 57.420890545857695, 37.323305654307575, 53.91197714689161, 56.68837172601117, 36.681096248156784, 49.23253162272314, 58.65424724286636, 21.949994858394355, 15.119843073116915, 16.653561775641506, 1.4654875374053056, 27.35253862711342, 39.25956864210248, 43.515759331957405, 36.49299290374055, 31.139516226722076, 18.872003124241793, 54.590366120470094, 59.07413562092663, 22.571048373487535, 23.26773320221777, 56.645336830758005, 63.47518109447014, 19.110241133087367, 25.925834188233683, 56.86228524637863, 61.017774187056645, 50.55212685115621, 39.298044519619864, 45.30337405680211, 13.992311203461593, 53.20530566768112, 68.39204493326011, 33.424552545040285, 31.818831426154617, 14.81097283090621, 41.36187234541796, 24.13129064231518], [86.15625906008265, 65.19380026515245, 33.736618626344615, 99.03738853796574, 14.213677603387397, 80.86138142204877, 73.94843594824052, 98.87944152035557, 78.49862184388482, 64.9703489302822, 65.40260430221116, 98.56750085337826, 0.7592060374390679, 104.16359031905552, 101.64915142712984, 92.0020818728556, 90.93282479493261, 79.33431384781248, 72.55199922777068, 0.0, 8.249074166140888, 18.827208007496285, 57.2616537516355, 109.82039770114643, 55.13371269494486, 15.904291717694973, 101.07048452252496, 74.76314219019218, 72.15726145232688, 79.83439175485898, 79.67135511818289, 87.46211257662324, 72.4051198605969, 79.44742168925917, 46.20139715155221, 46.183649849613204, 50.95175305292475, 67.8344433879151, 54.89524254804372, 85.32317568666137, 82.45580202136918, 60.01138610067177, 49.295757562247516, 72.46875710508485, 32.555227177445175, 67.38949543224574, 92.87116443601117, 29.56178450219949, 19.453233675220616, 59.07172584034596, 99.91156931324443, 116.54187224500032, 77.60147842607097, 84.58895824416166, 6.326744915026833, 103.2120495849569, 101.36059254762006, 86.58008809010842, 113.343750210847, 48.43844495763902], [82.09172609290864, 59.85735936234271, 36.98420648690095, 97.50121658655104, 22.01973450863018, 80.75073737482613, 76.36096856597149, 97.77133345343975, 75.02992808901514, 57.109914781183456, 62.07603148378348, 95.19024260992583, 7.555525452042117, 99.71207409462284, 99.08372723012202, 92.96467427604992, 85.2632427555814, 83.37779322733645, 69.56210323584033, 8.249074166140888, 0.0, 10.734372038474715, 49.33244153823348, 106.51363751075391, 47.36245251930779, 14.07282253860161, 100.13547723295261, 67.49326188461974, 75.82512772805595, 74.8044075816806, 75.32092274458397, 85.13696426294173, 69.57435263063891, 79.2652912711404, 39.8800500567315, 39.33274502950882, 52.13467376306942, 68.48046844438929, 52.892696715796326, 78.01059136187976, 85.6172015390714, 59.43188832704406, 46.41275237889869, 75.90214042281707, 38.056152812184955, 66.57063210865343, 88.32699994513075, 21.88349039485794, 23.897532556820273, 51.51531996324846, 99.49672090511078, 114.32280271280466, 73.27085503092692, 77.33315901575604, 3.034178964134398, 101.32010174847115, 97.06984119103188, 83.99375427106636, 109.62856794990762, 45.54001408839693], [75.35006813478272, 51.79480682706609, 40.98824384292039, 93.79283815870605, 31.782167673260773, 79.09043708355688, 78.06000816428309, 94.60790840865843, 69.12319162325883, 46.40824620595914, 56.57543613935273, 89.18132258698935, 18.182809424859393, 92.3591079624799, 94.05618242135219, 92.53457442884341, 76.56753052240602, 87.12541022725983, 64.35593231840538, 18.827208007496285, 10.734372038474715, 0.0, 38.61049815948575, 100.50686520341388, 36.71357920673274, 15.891729949213259, 97.17061760556633, 57.19062617028694, 79.17802371960686, 66.94484388438313, 68.29611065101122, 80.55766539177625, 64.57419614267344, 77.53568500717451, 30.909747025212692, 29.6747429822643, 52.8454383345594, 68.0310451114584, 49.39944096877625, 67.65001810285027, 88.16571977309007, 57.61166128537049, 41.979219109233824, 78.94551813741057, 44.654315578198755, 64.25492919398955, 80.94075829342067, 11.48056023239326, 30.260284894626015, 41.01101331448165, 97.2073887989923, 109.61370229985828, 66.29527112501482, 67.02148796412568, 12.653211392190222, 97.12328063155782, 89.92694197692497, 79.09515123101588, 103.10322908054358, 41.12308622368205], [59.27432200483103, 34.64285894522748, 67.49456467485238, 88.19053660211942, 68.95746419408235, 82.9213987497051, 92.84903606565689, 91.01730009518552, 58.0730529929598, 7.916173212791724, 50.48062622776357, 74.5566011216114, 56.66313912071229, 71.19775045140294, 83.10211107182747, 98.9556359206007, 50.14213602449032, 107.03091705682638, 57.420890545857695, 57.2616537516355, 49.33244153823348, 38.61049815948575, 0.0, 84.73656027861269, 3.8540718693667, 47.90644917274476, 94.06474795976652, 22.10236778531684, 98.65061770067938, 46.720160869272604, 52.1357202107997, 73.17792745570173, 58.45435549093283, 81.35233156105903, 22.330821676814722, 18.13958083075117, 68.89465463309791, 77.63386848112859, 53.47501688965903, 31.324171043370814, 104.4735719711348, 64.9414385589408, 45.734103327831996, 97.5631133095145, 75.64963834001027, 68.39539535748584, 60.8956727336027, 27.81161417181287, 62.99343969555215, 7.485883571496854, 96.61078065262622, 98.54082949458872, 50.80369977901812, 31.085564574421724, 50.95115888672351, 89.23817107950902, 70.01152896989923, 70.6208128344963, 84.82370387113005, 45.347151885973595], [25.978748065245956, 51.53026172298352, 87.95169040172576, 25.190517398412453, 111.21795497862986, 46.07927647099698, 70.79987531062002, 30.198646089898453, 31.490678172084017, 81.90011532141018, 44.47428161926969, 11.33626194016734, 109.78710148148582, 17.659985458375093, 12.702194390690185, 54.637255263646445, 39.084668982429434, 87.88700612063815, 37.323305654307575, 109.82039770114643, 106.51363751075391, 100.50686520341388, 84.73656027861269, 0.0, 82.0386756589178, 93.93138258301222, 31.968484978876358, 68.26030635033588, 83.03502267672825, 38.01796775521032, 33.3673426977593, 25.072269188803023, 37.60931444635434, 46.07651652080682, 72.24784351426403, 75.72602243017859, 69.97669242719373, 57.835556928521044, 55.8199493038897, 67.80904042278428, 78.56498584526072, 55.69028282310365, 60.52952022694316, 80.71191446407931, 98.94322995668031, 49.03103237278832, 24.38458120788148, 91.82013588465364, 98.0097092179608, 77.25165970196038, 38.349023164525555, 17.24744451498112, 35.11675620565869, 66.65587583071219, 105.49724496330138, 19.91005904891122, 16.55918848567983, 24.59676665605853, 6.864932916205935, 61.38411766118705], [56.39767435352123, 31.434172158747362, 64.01918561706204, 84.80814242617838, 66.41420523061535, 79.16696982577362, 88.9976159344868, 87.54752661982342, 54.802373902169236, 9.97513157988147, 46.86740214431854, 71.69424675054029, 54.56311130494648, 68.94738596450375, 80.01721864717823, 95.17724631746721, 48.37137510917403, 103.21955746192313, 53.91197714689161, 55.13371269494486, 47.36245251930779, 36.71357920673274, 3.8540718693667, 82.0386756589178, 0.0, 45.05740828554735, 90.58387348199693, 21.84585482744536, 94.84115929980324, 44.076659200263265, 49.17811860882013, 69.81147891953623, 54.916153834987725, 77.5941624207243, 18.4933402884629, 14.361160465968423, 65.08379492024237, 73.78607928690529, 49.63348748500021, 31.724822815229555, 100.62512058785268, 61.095252175618505, 41.880650980677004, 93.74195537854803, 72.38460703246643, 64.5948058366723, 58.42478640296693, 25.57228511908075, 59.96278410859011, 5.519347154768194, 93.03264548029026, 95.53955600933267, 47.7705497400374, 31.321232561314734, 48.80735558549877, 85.98766985159155, 67.61319130740749, 67.2991762850721, 82.36097762631464, 41.493080018166765], [70.29933681783129, 50.01925695660437, 25.098875838500785, 83.7639498457622, 22.10776170409803, 66.68098543446744, 63.01539515343759, 83.88213660794646, 62.59462678251874, 55.01460585827292, 49.50040003039819, 82.67029958531641, 15.855719581072028, 88.38543997918525, 85.91024672851003, 78.98226867021225, 75.90480720835076, 71.34200810138668, 56.68837172601117, 15.904291717694973, 14.07282253860161, 15.891729949213259, 47.90644917274476, 93.93138258301222, 45.05740828554735, 0.0, 86.19943640761993, 62.48007994218122, 63.47473435286911, 64.3637721224177, 63.89246891360419, 71.79459623505979, 56.57150084037159, 65.1985727658915, 32.572653364995915, 33.60033995886673, 38.32615273360111, 54.46708874024854, 39.30803400216647, 73.01930774012813, 72.74558608261343, 45.38989055923094, 33.42195978340103, 63.33115088380158, 29.461503343557816, 52.57750051615334, 77.13685718178348, 21.159680729451203, 15.498357897251191, 48.005387485413046, 85.45913467710459, 100.93817953376036, 61.82000384247019, 72.14192819696385, 12.10996700373538, 87.74829264209453, 85.54040769842385, 70.8232458325062, 97.44085303089531, 32.5609683600801], [40.23266529505276, 59.81964725978626, 72.17621195869127, 7.691904604759597, 98.3990871765195, 21.777242281132782, 43.64168731777946, 3.1015679998951486, 36.81456464393797, 93.87347985146343, 44.05200055191032, 30.53437537609122, 101.25773357550435, 45.83552162131517, 20.328900146964973, 23.630442304451574, 60.89086773077631, 58.938100783591, 36.681096248156784, 101.07048452252496, 100.13547723295261, 97.17061760556633, 94.06474795976652, 31.968484978876358, 90.58387348199693, 86.19943640761993, 0.0, 83.82996718577272, 55.66267643241803, 52.663215931385984, 45.084003790265065, 21.48512676648011, 35.73628165189637, 22.785613847310298, 75.49527986908839, 79.88921980643292, 52.50285060490031, 36.156113155040416, 47.77168663872314, 87.06092779313438, 49.00039708896361, 41.07605624262667, 55.45689173867618, 53.34036949994655, 81.60308568701336, 33.68502180314339, 45.55090116752205, 91.45410930685385, 85.13221825893676, 87.09770010440765, 6.400052545760142, 22.634747719727198, 45.542713646563364, 85.71880242930523, 98.30553211599374, 12.058991810476757, 42.98346184410934, 24.40115509476709, 38.8096698979399, 56.27948700051351], [44.89836017425736, 26.28708436638417, 76.61669790103434, 76.99085829636485, 84.54823713641956, 77.56702487538227, 92.88548472842609, 80.73061112420305, 47.11574014963797, 15.74619738170737, 44.4426586996406, 59.394490419381995, 74.27309586579595, 52.75616536867281, 69.30990988863479, 93.7368163880053, 30.440927172792456, 109.123592385473, 49.23253162272314, 74.76314219019218, 67.49326188461974, 57.19062617028694, 22.10236778531684, 68.26030635033588, 21.84585482744536, 62.48007994218122, 83.82996718577272, 0.0, 100.99584930850723, 31.707199416190225, 38.88832818067394, 62.347264018859676, 50.58076409206335, 76.15059096927101, 30.308585458799755, 28.904354021684238, 72.17804245680355, 76.1666793031958, 52.96477067164846, 10.575691870700318, 104.5838928370031, 63.95771265016568, 47.28483835097455, 99.47811848882505, 86.54800678127812, 65.01422015374234, 43.880085634052236, 45.719513060859796, 75.98760302508228, 16.603700621463314, 87.59896655838061, 83.75361580991421, 38.29171191796849, 9.83991549663795, 68.50308372514141, 76.69548035842334, 52.29486047936923, 59.436701923345204, 67.08501952240321, 47.302427456652346], [74.67305117525875, 75.6686445765415, 38.84092715275213, 59.490283117927106, 62.48711953952909, 36.956031949400895, 12.26675364409342, 55.65885834487508, 65.26576982264812, 102.7997406655396, 59.142416447490476, 75.86390152494089, 72.70902894160007, 90.06297038179638, 70.42334619590062, 33.815912873145855, 93.47620684485169, 8.385933833723072, 58.65424724286636, 72.15726145232688, 75.82512772805595, 79.17802371960686, 98.65061770067938, 83.03502267672825, 94.84115929980324, 63.47473435286911, 55.66267643241803, 100.99584930850723, 0.0, 80.20053431665009, 73.77088235080097, 59.56526837324451, 57.26175355901396, 37.03032868980392, 76.38047526077239, 80.5191272688108, 29.757492025167274, 27.61115120690498, 48.07930831515314, 109.0644923193571, 11.37612929687928, 37.702167947809116, 54.08230637146817, 2.340669044782559, 41.120749357330844, 39.54991560400705, 83.3353894512158, 80.4217562535772, 52.70576396201568, 94.45325183713966, 50.475144943192674, 78.15973853471577, 72.53147111736982, 107.73531836472051, 72.95965080123854, 65.45132826602955, 86.50585306010775, 61.429233519437005, 89.532909800753, 54.22885374705049], [13.211699861808121, 15.176893402709325, 67.56591736946996, 45.564481775801234, 84.9266695460906, 50.019693827839106, 69.92915554497469, 49.58728305326243, 17.053064861258047, 44.11992222943025, 21.650139286463045, 28.12628108952233, 79.6150993482416, 25.78423355143941, 37.65139411045284, 65.5065842523197, 13.677798936495822, 87.55589492271051, 21.949994858394355, 79.83439175485898, 74.8044075816806, 66.94484388438313, 46.720160869272604, 38.01796775521032, 44.076659200263265, 64.3637721224177, 52.663215931385984, 31.707199416190225, 80.20053431665009, 0.0, 7.754793914572487, 31.361447791877243, 23.41016552812834, 48.845833331280524, 36.52759597032369, 39.25332888788817, 55.51087953571396, 52.901238828247195, 35.24915766581155, 34.45836775671229, 81.01614327103, 42.987265352121085, 34.62029009859878, 78.26600820988601, 78.90950104543695, 40.846588076561176, 14.603508781060862, 56.8641737870123, 73.0234602259843, 39.234721687700954, 56.937418168287174, 52.442138130419394, 8.087022593853451, 33.10249979205075, 74.50353313751141, 45.00486384508124, 23.889247077382937, 28.361925836421605, 38.39869300444325, 35.21853972133777], [7.388665361516178, 18.178524304463, 64.20358585614436, 38.116546810197256, 83.49344247637777, 42.50036202722736, 63.13685755075418, 41.996259664202846, 9.39322447502683, 50.34059199460447, 16.93943356694158, 22.59011190295433, 79.52376464213994, 24.49440407293764, 31.09675087603097, 57.84065317609657, 19.764130039923, 80.90793762265967, 15.119843073116915, 79.67135511818289, 75.32092274458397, 68.29611065101122, 52.1357202107997, 33.3673426977593, 49.17811860882013, 63.89246891360419, 45.084003790265065, 38.88832818067394, 73.77088235080097, 7.754793914572487, 0.0, 23.690893843850613, 16.529478357844006, 41.37569325194683, 39.02966275762446, 42.38400779575469, 50.510049928039855, 46.254516328466664, 30.945857168723816, 42.167083744081225, 74.01956407262385, 37.21496400003009, 32.052495228946036, 71.76514936926965, 75.6235622041139, 34.23005384699396, 13.320614030704474, 58.951760349904696, 71.05141793840596, 44.71530091810222, 49.23685180118138, 46.407224161426115, 2.073408273092062, 40.80499672674014, 74.70954711264453, 37.94237168631429, 21.749291400575252, 20.71121491495825, 34.991262978265794, 32.774393482972066], [19.627576903729178, 38.65334622914645, 63.28688043187183, 15.020786320921882, 87.45869747481336, 23.32816804407517, 47.58089929235773, 18.384612283099166, 15.375685697907729, 72.60148784174316, 24.54001731411149, 16.329029130654252, 87.51736016786069, 30.835224898303235, 14.362735500230826, 36.26552839122547, 40.80508384490185, 65.29443257807064, 16.653561775641506, 87.46211257662324, 85.13696426294173, 80.55766539177625, 73.17792745570173, 25.072269188803023, 69.81147891953623, 71.79459623505979, 21.48512676648011, 62.347264018859676, 59.56526837324451, 31.361447791877243, 23.690893843850613, 0.0, 16.139453877825922, 22.8390215828986, 55.855612684629634, 60.05109068840675, 44.95457604762384, 33.18675132240061, 32.57832146068094, 65.81936773868523, 56.768209578739494, 30.77135121584598, 38.78800855587537, 57.29809703192287, 74.11019924193704, 23.965289495394458, 26.569225358300045, 73.42647830681392, 74.11146077428933, 66.06090759735145, 25.587384980762526, 29.186366889932163, 24.067797436611507, 64.46393969663231, 83.74437329609484, 16.775841165228268, 27.351870535744453, 3.0203175959861333, 30.840551456317367, 39.65995723976308], [18.30101879867684, 24.888812974521365, 51.38937547248982, 30.507026416519654, 73.66775500654053, 27.228665165026413, 46.630968060551965, 32.74024235771105, 8.460541400281642, 58.7848766058324, 8.468990186455443, 26.586270916778634, 72.40565842264672, 36.15774468161696, 29.54806274037064, 43.248794822697135, 36.28522540983783, 64.38029164306963, 1.4654875374053056, 72.4051198605969, 69.57435263063891, 64.57419614267344, 58.45435549093283, 37.60931444635434, 54.916153834987725, 56.57150084037159, 35.73628165189637, 50.58076409206335, 57.26175355901396, 23.41016552812834, 16.529478357844006, 16.139453877825922, 0.0, 25.91377141808074, 39.98180735498554, 44.28722937363407, 35.43032216473624, 29.725307984464987, 18.32041477342857, 56.01746319223157, 57.61938189290522, 21.390398582090977, 23.19000580879782, 55.24357601715281, 62.6898557482231, 17.712089970200047, 27.075798763529015, 57.287595531290556, 60.535871334914496, 51.64201100298424, 38.18962417762969, 45.03973773509351, 15.438613448520444, 54.6324326530142, 68.3450780294815, 32.9051518921