instance_id,num_cities,city_coordinates,distance_matrix,best_route,total_distance
1803,74,"[[43.968680075049804, 84.31305028253621], [88.03077164384005, 47.4528394601284], [9.007671352716217, 43.54998054934585], [92.87451999800656, 2.3160565578040915], [55.03763025627087, 24.539723485336907], [53.84888582749959, 58.06247934344357], [77.65685319666332, 38.10927555488506], [50.40926166803293, 15.197425221056704], [1.410790279201024, 30.85126161749828], [30.28655253984659, 20.8188769095498], [69.52418977675457, 62.95288318165228], [27.96076649568777, 53.816944119778164], [62.65755790742449, 24.89359048533285], [18.732894343320616, 12.667539368466985], [90.93918551014559, 77.46713988377262], [94.5555620850513, 16.333042444368207], [82.1424947205535, 4.252390573997101], [38.72938794471828, 43.460615458319296], [8.866364013354355, 1.1507289364145024], [96.81376778753925, 21.07464242877093], [0.7377010262295869, 16.345719586353148], [22.15072075156057, 60.41528605774844], [93.26531796105964, 76.40369394755564], [9.85204165186665, 75.15213588845468], [85.44677685728908, 59.09313815484558], [59.591155648500184, 23.911208027057185], [21.00319600760431, 62.420025047106385], [86.87726492485086, 8.953561105756103], [22.653441135781293, 29.867216900257276], [70.40924591682302, 30.719299267295273], [6.009694049038117, 8.394252281350267], [89.19459299215148, 7.008084421459304], [29.49968145582773, 36.07034846717018], [74.61544266377972, 3.2216603184667014], [45.06775878501652, 7.261465910567811], [19.164446464417072, 54.1958607205854], [44.753742750540546, 89.75177945104642], [22.167048762772456, 27.817728878617753], [62.260958274681286, 54.352953782432756], [12.666852906929138, 73.7528163170131], [21.341061296094445, 66.69348119882527], [19.334366321780205, 6.9444946741614615], [33.35090061802977, 26.945301349017893], [13.754333161632172, 9.687088257036603], [87.38148925046993, 31.921103442934072], [15.776254516613319, 99.28871706376579], [67.82963376982252, 17.99098372811161], [78.62944516090637, 85.31178370165208], [99.68172955119472, 72.08246009979432], [57.66363651564449, 35.697961713379634], [3.621378785228291, 31.431193087339448], [23.292599035685146, 78.56491060684682], [94.78846584809322, 36.92376199860278], [0.20414942329280983, 99.2803029702452], [95.30265054351845, 29.797560023779635], [88.46649106228955, 98.50048623446125], [24.360003558545817, 1.9176078115827777], [43.041045138812464, 69.90069849092089], [18.388355330690388, 19.100450907953636], [87.27429589945879, 45.05404238830134], [28.175030004274525, 25.52678169613275], [62.811305665494686, 67.64458858686481], [13.081131206072572, 65.13989032567274], [29.321067542485103, 18.594261274483493], [78.26920775640265, 1.3698105123752802], [98.32197865625312, 29.634112640721778], [44.239089424383025, 68.22817579453802], [8.172927431580312, 17.93217457023798], [11.877797707011483, 79.983748184774], [55.47535795154823, 0.753900820591269], [46.19259502181697, 26.380300791122615], [92.70652422421773, 62.46953990652063], [63.676987488553536, 33.66921295339682], [28.069278262972432, 94.47652722406683]]","[[0.0, 57.446871588353766, 53.701955131596705, 95.47401823775739, 60.78957356750529, 28.048367872998902, 57.18113156763635, 69.41506118195738, 68.33254591437954, 64.95160249145837, 33.3067683015271, 34.44220939856403, 62.2892154166746, 75.96001655894868, 47.46677648646748, 84.73673404829334, 88.69582491614682, 41.18703209863324, 90.26707198403398, 82.41176811123437, 80.55107442786745, 32.359333800079646, 49.92711111708825, 35.32516623929613, 48.543552408175124, 62.389456568388425, 31.728819902594235, 86.7190824605393, 58.46954920066502, 59.76113845900849, 84.87961186331984, 89.56249743038394, 50.36576416068132, 86.68931643215771, 77.05942270898004, 39.01660046853546, 5.495097667271476, 60.5560275150915, 35.10291759994067, 33.035177091541144, 28.678534591247782, 81.19570685092103, 58.34205908516692, 80.51050221949717, 68.04107652106292, 31.92308654266385, 70.48376850930725, 34.67515111400947, 57.03973367880984, 50.50721402430275, 66.51612993691693, 21.46022918977356, 69.4866553380991, 46.253138230679106, 74.88067308865615, 46.70480191100364, 84.69657097375956, 14.442174030948575, 70.0502400510997, 58.45208347673245, 60.87088595437778, 25.157149171592412, 36.35451468339152, 67.33135808513812, 89.7558199939684, 77.09777745366509, 16.087147308048806, 75.41721665272485, 32.3815933488913, 84.34770355236206, 57.97541945795077, 53.408954285360075, 54.34349676387689, 18.87027401822543], [57.446871588353766, 0.0, 79.11942041811537, 45.39593670021632, 40.16912075580415, 35.790582230734515, 13.961388555585723, 49.55592558507877, 88.19656205587222, 63.59058736224747, 24.14011035128649, 60.406186327378904, 33.951725871016365, 77.53846078446998, 30.15488519524635, 31.79645666743134, 43.59989207657001, 49.462756566215056, 91.71089834057848, 27.801983740110185, 92.67002257846143, 67.14317632764693, 29.42027278424357, 82.94073092143672, 11.92365643412947, 36.91910302936622, 68.67832656716634, 38.51655503232594, 67.70117772371614, 24.300813491179362, 90.84619090646967, 40.46149639186291, 59.62759109507954, 46.220863902625354, 58.8316834852425, 69.19565795219381, 60.51530016604696, 68.72821516162209, 26.67760968944076, 79.82110641964557, 69.40979585608281, 79.7503736760619, 58.399036077472175, 83.32611401916593, 15.545301262251305, 88.92510023737941, 35.722358748817754, 39.00877591929166, 27.246339809464455, 32.56286299966725, 85.91646381953903, 71.82612312857856, 12.511111187620536, 101.97843666463618, 19.094216786952735, 51.04950629152713, 78.27786423924732, 50.279040027266966, 75.19257999661633, 2.5152500757664775, 63.74528858113745, 32.306782523643236, 77.00831364256058, 65.41901016192185, 47.105558976918786, 20.577073825910738, 48.46984662053047, 85.13956153146877, 82.81023766343455, 56.92667064509847, 46.84532963927507, 15.727808318058338, 27.983837520242968, 76.20110169403198], [53.701955131596705, 79.11942041811537, 0.0, 93.45525554741307, 49.801074188240484, 47.131169482861445, 68.86444248434795, 50.17926936774811, 14.79763712743346, 31.136696312537076, 63.55093730800308, 21.555286044381695, 56.80115507235456, 32.37754060313141, 88.67438587013696, 89.77306571885427, 83.02411075654703, 29.721850939919356, 42.39948708535068, 90.63692070428921, 28.433505301731227, 21.381727652185116, 90.4362620635561, 31.613433588891485, 78.00337555957836, 54.26205183813107, 22.360035578985354, 85.20907135631879, 19.324209014840203, 62.727822703431464, 35.28332606156217, 88.12067052984891, 21.814384569607636, 77.0113827239139, 51.15844212164743, 14.713763804345149, 58.41564723711905, 20.51031341670393, 54.33798670053877, 30.42368975084009, 26.224685504460822, 38.034224392544346, 29.467069457437095, 34.193950820704494, 79.23185037992164, 56.14820091748731, 64.13490142743909, 81.18644955120755, 95.05728388439167, 49.2854658670937, 13.261868539985576, 37.816722304284085, 86.0363381167534, 56.42136860710875, 87.38393733320218, 96.60880966396584, 44.372835878881915, 43.042198681068655, 26.18733914661697, 78.2810751073091, 26.310137486906623, 58.95236383509033, 21.970827916281202, 32.17797366659767, 81.09455696498335, 90.39190709770925, 43.01472003745225, 25.631402236262616, 36.546642108434426, 63.17238588178534, 40.95749566656621, 85.81053372561504, 55.55505103089438, 54.37699894453226], [95.47401823775739, 45.39593670021632, 93.45525554741307, 0.0, 43.880765684228656, 68.048980710996, 38.89385438664703, 44.375982509348695, 95.81164742281341, 65.26567268873177, 64.97740118265843, 82.8621554959253, 37.72015159344387, 74.86076309455466, 75.1759991263606, 14.117428797148344, 10.905308614530705, 68.00419143101395, 84.01623807578407, 19.167738964879888, 93.19884578111812, 91.5280079994031, 74.08866807443118, 110.44377014117228, 57.260879864367986, 39.67534384730618, 93.69084395124432, 8.94558746179229, 75.43252847936641, 36.21370922671358, 87.07722119129846, 5.962968073177855, 71.80335913138, 18.28152136088796, 48.06187149229888, 90.13705686506361, 99.80287992219516, 75.16569549761122, 60.3740741887974, 107.40800950156392, 96.23662773221288, 73.68566103469479, 64.41786214302583, 79.46279678776655, 30.110333572780743, 123.88639725911759, 29.54572165267126, 84.20933963195918, 70.09771155383636, 48.5196651619147, 93.88191727634042, 103.22563377668827, 34.66058950153836, 134.1262937115142, 27.58856376646805, 96.28538430791002, 68.5156750264967, 83.9705843838754, 76.35381208916732, 43.1033402742959, 68.73690251165, 71.91393434567851, 101.55697407954577, 65.60503995741752, 14.635932742850205, 27.855896933732744, 81.91344559569684, 86.12910614343525, 112.2173754128418, 37.431773299224766, 52.51942469223552, 60.153717936336484, 42.84292614431306, 112.66442078031238], [60.78957356750529, 40.16912075580415, 49.801074188240484, 43.880765684228656, 0.0, 33.5438261627853, 26.377300654072897, 10.425945168058412, 53.996976577582416, 25.029193901622588, 41.05400400198676, 39.87871862518819, 7.628139960862124, 38.196630812336295, 63.95493003874229, 40.36107716268649, 33.85630745197506, 24.979169728907795, 51.75742354951417, 41.91959510491511, 54.9146976162489, 48.668314195768275, 64.43002048238658, 67.84801918103236, 46.02884598081115, 4.596697203316058, 50.92406072808219, 35.44983488750407, 32.81947426571083, 16.567248560358433, 51.61796944029517, 38.393443080901406, 28.020387959586373, 28.943920879008004, 19.948346346837802, 46.544299232881514, 66.0179565383945, 33.03362600561887, 30.675807542903037, 64.94005912567889, 53.96663829677929, 39.80345628828633, 21.819739853178753, 43.873812146075835, 33.17544249463823, 84.4326220483444, 14.370850576725825, 65.19062074738987, 65.21815243202379, 11.463079395521236, 51.87603751838428, 62.66153405966154, 41.635241564642605, 92.69770677854154, 40.60685537932533, 81.16454374430026, 38.11662232362261, 46.9205297064903, 37.05070901807219, 38.2104683541463, 26.880728714267658, 43.8002217436041, 58.38425609710546, 26.394888117072263, 32.81083754370261, 43.583111606189256, 45.00321487706505, 47.32821646240205, 70.26244388399753, 23.789850049421077, 9.03451012049377, 53.456679157174754, 12.569251025196834, 74.95631078451014], [28.048367872998902, 35.790582230734515, 47.131169482861445, 68.048980710996, 33.5438261627853, 0.0, 31.06363873854624, 43.00283571200325, 59.07795049645248, 44.07118641711814, 16.420450773419564, 26.233933976312297, 34.31862310602437, 57.39192829352101, 41.85966054847905, 58.295620726183515, 60.7951803810862, 21.01936357616769, 72.54222634543294, 56.69286693638417, 67.53581268945723, 31.7853640629828, 43.47476596019395, 47.199350188761784, 31.614695556275272, 34.63066553248161, 33.13348071519627, 59.18242709009342, 42.04912120073625, 31.96709281377851, 68.96028603122288, 62.095654081580115, 32.810632027021086, 58.64098664044388, 51.55435149377258, 34.899299040324316, 32.96867253773002, 43.80049920349652, 9.19366862272216, 44.069791352071455, 33.63410246746936, 61.67901112501436, 37.26185937368683, 62.83113572297447, 42.51831401048189, 56.11709126021409, 42.440382584000524, 36.832060882915236, 47.929212639152595, 22.68752898925184, 56.85092674122361, 36.797232915182484, 46.07488017616174, 67.65106598130554, 50.172903775625365, 53.23167284154942, 63.4179846479007, 16.029748997901983, 52.68290883126198, 35.867498804552035, 41.44536758467675, 13.120281510140963, 41.37752485449392, 46.468850936532505, 61.728525191360646, 52.78283830128264, 13.988908865424294, 60.800777433977906, 47.35096900414671, 57.33165429219913, 32.59415939585382, 39.106754462327, 26.29872672651274, 44.61581613322062], [57.18113156763635, 13.961388555585723, 68.86444248434795, 38.89385438664703, 26.377300654072897, 31.06363873854624, 0.0, 35.60033890050544, 76.59073623310407, 50.427207632703826, 26.14086942345814, 52.11940027605277, 19.990827672494387, 64.18188893394864, 41.5386787971993, 27.563938226930738, 34.1527398679802, 39.293566772481675, 78.09011185949608, 25.635251166770725, 79.93877869353372, 59.820471776534326, 41.3531939798404, 77.26361349508407, 22.383149918016436, 22.977261573705164, 61.64940724588483, 30.578941732447927, 55.61750506095637, 10.350824161096224, 77.56479885922381, 33.172330781937404, 48.2003154942512, 35.01993539277172, 44.87356052758975, 60.664156366209006, 61.2336744422119, 56.436108380196124, 22.380586739601338, 74.12261554830032, 63.154772026215426, 66.12681787757845, 45.69082789761411, 69.93820699461443, 11.526578870858572, 87.01800133501094, 22.39017435596464, 47.212527050291605, 40.487929640262635, 20.1381018891157, 74.33604951011044, 67.76526055389259, 17.172582637179598, 98.69557192121755, 19.50535257503178, 61.35101138637356, 64.42352827492215, 46.99945467551594, 62.24219030325512, 11.862756446630465, 51.056537075563256, 33.056391173224284, 70.00484272886263, 52.12661467207455, 36.744567893998045, 22.335527678615414, 44.987721515832476, 72.35420750635177, 77.97663495651767, 43.44470914678309, 33.5792851547254, 28.63415927383197, 14.668019672809223, 75.07459389528047], [69.41506118195738, 49.55592558507877, 50.17926936774811, 44.375982509348695, 10.425945168058412, 43.00283571200325, 35.60033890050544, 0.0, 51.43824250855328, 20.893160166515163, 51.438937018836306, 44.669924730981, 15.621663855045936, 31.777233506352243, 74.29799520056721, 44.16090428181378, 33.56772055697138, 30.581487416086738, 43.85341516985969, 46.77520572164222, 49.68483185582617, 53.32166607838096, 74.71846420003207, 72.38408268846905, 56.16458924093504, 12.658482841900538, 55.62994366307292, 36.99866349788356, 31.394081629022118, 25.316554739125667, 44.91775558508291, 39.64047462699712, 29.544702900668803, 27.006631470825074, 9.566143592221893, 49.971156165522174, 74.7685537433813, 30.93371387653138, 40.90987813935377, 69.66507909627788, 59.13378098962249, 32.15213808430842, 20.712321821326196, 37.06679912356066, 40.57865233933244, 90.9438868100872, 17.64294004119347, 75.58043411834099, 75.25744670431229, 21.74621693312939, 49.524147683644166, 68.9256961984055, 49.412017500066035, 97.93101462811428, 47.207841520061564, 91.58467493729543, 29.238970544183786, 55.19727095843521, 32.257899066390564, 47.43889055991516, 24.516456980299427, 53.893558431734135, 62.35093539403338, 21.3600193504278, 31.102725356126108, 50.040447568406094, 53.388496250625906, 42.324777420988134, 75.37865319928831, 15.306231693682411, 11.951442742233555, 63.43273008930395, 22.74289978162723, 82.36656404720341], [68.33254591437954, 88.19656205587222, 14.79763712743346, 95.81164742281341, 53.996976577582416, 59.07795049645248, 76.59073623310407, 51.43824250855328, 0.0, 30.56891213408814, 75.29906571904783, 35.104469941754374, 61.53584638423883, 25.11380186347946, 100.937474008241, 94.26943938903511, 85.00063554347518, 39.391287564685896, 30.622005506588277, 95.90260893332298, 14.521150049489322, 36.113380582576546, 102.52940235289478, 45.09791775578576, 88.6546706637804, 58.59282599724423, 37.15439659987673, 88.22713627936396, 21.265431089448914, 68.99858182918517, 22.923071002988685, 90.96424087270735, 28.569646043953636, 78.24522987818779, 49.622669825519075, 29.32852903278165, 73.12921803214444, 20.976763027566744, 65.23091659400099, 44.353605732959295, 41.010735269230196, 29.879559632583952, 32.17805423072536, 24.500720089868633, 85.97735540908424, 69.92890583096678, 67.65241694148052, 94.49163522459816, 106.57011416755809, 56.46125407321705, 2.2853931943304633, 52.491959901818355, 93.57491947914143, 68.43967915333249, 93.89777266230927, 110.25022734720754, 36.92997038587256, 57.07833774565986, 20.647500270228893, 87.03022796145906, 27.288726875657414, 71.58052946980204, 36.22025560423972, 30.48307127443127, 82.31872385043133, 96.91883142240286, 56.844497720245464, 14.581814324777188, 50.23504235866999, 61.8775290758851, 45.004438966803775, 96.61587115231812, 62.329929926524635, 68.98441421862825], [64.95160249145837, 63.59058736224747, 31.136696312537076, 65.26567268873177, 25.029193901622588, 44.07118641711814, 50.427207632703826, 20.893160166515163, 30.56891213408814, 0.0, 57.57487872738213, 33.07992926736622, 32.626450607328216, 14.13970726114292, 82.99257547652384, 64.42536999327692, 54.43792068911957, 24.16463933487503, 29.080242798223257, 66.5277068942982, 29.885510907659814, 40.42359924992867, 83.99998082814521, 58.048878253586594, 67.13843474958085, 29.467308582495523, 42.624361987807546, 57.82122834535801, 11.8379409651471, 41.32612837763314, 27.27154479185955, 60.50533215411256, 15.271756636869524, 47.69394648562044, 20.057104752619917, 35.18130600013647, 70.43468354005624, 10.719620817493848, 46.33461917197824, 55.78938748854685, 46.73864709520011, 17.67622316471657, 6.8500587995123725, 19.93065468502302, 58.164346742559275, 79.80015390054868, 37.64943463169395, 80.60006385522352, 86.27656433782849, 31.159138171930397, 28.69935096864318, 58.168030681704664, 66.48205881406024, 84.03062749227104, 65.633145209481, 97.0532723496916, 19.808633378946674, 50.711954125261435, 12.02165066664866, 61.92694194777823, 5.159737871031758, 57.013216362273326, 47.5434406990579, 2.425092988714366, 51.77452448214853, 68.6041368128566, 49.419782539793665, 22.30124359368179, 61.96260362113006, 32.20371381563076, 16.850270710845418, 75.04019318448567, 35.77781830273646, 73.69101542979686], [33.3067683015271, 24.14011035128649, 63.55093730800308, 64.97740118265843, 41.05400400198676, 16.420450773419564, 26.14086942345814, 51.438937018836306, 75.29906571904783, 57.57487872738213, 0.0, 42.55565223778626, 38.6737688074619, 71.47287243574742, 25.87016988495052, 52.914829207002995, 60.041397818805656, 36.44541563588587, 86.5960628186708, 49.98507893924941, 83.08916134505797, 47.44138453549032, 27.286727134703167, 60.90637920975922, 16.383723966460238, 40.28545104463886, 48.523919608142435, 56.719097328429385, 57.371843193757826, 32.24573237398971, 83.73013420066577, 59.302152330035945, 48.21443703920308, 59.94780930685612, 60.824756263512405, 51.11544961034923, 36.493230702915604, 58.967600196347085, 11.25670100536876, 57.87396056653696, 48.328107181120586, 75.20610322073286, 51.0397178479131, 77.12017774760717, 35.80299566022761, 64.87783418577474, 44.99382093722349, 24.14179173288247, 31.509147559894597, 29.723786230918467, 73.05338762156576, 48.796468958058455, 36.273940990340314, 78.26205608787836, 41.99767247368062, 40.27955884554911, 75.92831195445643, 27.379355132761415, 67.36400656741411, 25.207831503582092, 55.77155266167949, 8.189927514972636, 56.48541281659748, 59.866337577028766, 62.20088567579902, 44.03922245802426, 25.829537587441756, 76.09757943075634, 60.10954068542776, 63.7658457358209, 43.38106841147083, 23.187372666079533, 29.861733316007605, 52.079264802110686], [34.44220939856403, 60.406186327378904, 21.555286044381695, 82.8621554959253, 39.87871862518819, 26.233933976312297, 52.11940027605277, 44.669924730981, 35.104469941754374, 33.07992926736622, 42.55565223778626, 0.0, 45.17109385140842, 42.17140187197557, 67.27267663201668, 76.41930177907224, 73.43231333429316, 14.940440129282484, 56.02076782674177, 76.2416822146563, 46.31617386603474, 8.791743164994525, 69.10025839225213, 27.984215609436447, 57.72763299140035, 43.529697554724955, 11.064392822871419, 74.05320332447761, 24.530738602116454, 48.325713682241386, 50.448691909769536, 77.07561776369957, 17.81319501133099, 68.82253665250052, 49.599009430384925, 8.804477490623817, 39.66505315490468, 26.636935978540873, 34.30437963925588, 25.126535637148645, 14.478456550254169, 47.65964012655033, 27.406910279274246, 46.3601868691371, 63.3265357622413, 47.07594361069965, 53.60061581463252, 59.659365718780066, 74.01030749581858, 34.79307417958096, 33.06852950172409, 25.184392640675313, 68.92982665664185, 53.26675125507381, 71.49727379042211, 75.21676436303369, 52.024096368516226, 22.047720032364694, 36.01202516435899, 59.957344980306864, 28.290973804507875, 37.49351719876915, 18.6979318945584, 35.24894049128475, 72.6748999704545, 74.40100479864857, 21.7409152464768, 40.97896119291732, 30.714223415763232, 59.772395862591054, 32.94190292848968, 65.32136371578788, 41.00706662471725, 40.659727901428404], [62.2892154166746, 33.951725871016365, 56.80115507235456, 37.72015159344387, 7.628139960862124, 34.31862310602437, 19.990827672494387, 15.621663855045936, 61.53584638423883, 32.626450607328216, 38.6737688074619, 45.17109385140842, 0.0, 45.594433817429206, 59.69781031335389, 33.02674148743048, 28.38524081968228, 30.28682443095773, 58.79809533548305, 34.36904184921609, 62.50707778398606, 53.87573398767804, 59.91765794980474, 72.89954686452887, 41.096928852946434, 3.2199220654953478, 56.06531152326064, 28.994460585286667, 40.31211131154629, 9.696780383575113, 59.00176811662237, 32.00164930513565, 34.99092296244727, 24.752041633041017, 24.905679074996076, 52.44305277092125, 67.28395999853217, 40.595959357259105, 29.462032807313363, 69.90203527307114, 58.77315506159216, 46.894231730619595, 29.378387956901175, 51.21291927391616, 25.70328226948608, 87.93458629141517, 8.625331806442967, 62.49367371152395, 59.97981911774997, 11.902675686614462, 59.397059633704075, 66.55982715241801, 34.309186404378934, 97.12780871407953, 33.01137668218595, 78.0004880267768, 44.660927542201584, 49.09630682880114, 44.64664335583269, 31.818667638673542, 34.48834095315328, 42.75127456638341, 63.85598433438374, 33.92643715980734, 28.23281486538704, 35.978096915418014, 47.086370269766725, 54.92755473924016, 74.92335764873825, 25.18548417871335, 16.531948171881456, 48.11332821174853, 8.834635610644625, 77.70543207491656], [75.96001655894868, 77.53846078446998, 32.37754060313141, 74.86076309455466, 38.196630812336295, 57.39192829352101, 64.18188893394864, 31.777233506352243, 25.11380186347946, 14.13970726114292, 71.47287243574742, 42.17140187197557, 45.594433817429206, 0.0, 97.01925948496773, 75.91121693315377, 63.96555439635805, 36.7161175974009, 15.16526766265525, 78.53217289543605, 18.367253257760858, 47.86991593120517, 98.06823935843646, 63.112553004873476, 81.2777850507836, 42.37708817021879, 49.80425785864164, 68.24550444160269, 17.640850159486234, 54.73857275626731, 13.421654453060126, 70.68861582161489, 25.760729384790217, 56.67524889945946, 26.884023422744992, 41.53056358343861, 81.35763406675655, 15.534531173167826, 60.269114183607236, 61.38573057794945, 54.08886138116422, 5.754564198433335, 20.43381008575496, 5.802513271629945, 71.29747058834202, 86.67162248617134, 49.38450042436451, 94.1529767696334, 100.4133792231965, 45.23276510974107, 24.092168921544253, 66.0549350390296, 79.82990851303973, 88.57248560952195, 78.46250806728762, 110.58964363386107, 12.13364687955634, 62.181353300105165, 6.442131480037079, 75.80771270216191, 15.953496139764736, 70.46546874497395, 52.77584714181031, 12.134061325325543, 60.598773024926, 81.37743514251275, 61.13550774781595, 11.799545965196135, 67.6643504313297, 38.625683365493494, 30.69324008942825, 89.17587776606547, 49.60888833682239, 82.34001796607052], [47.46677648646748, 30.15488519524635, 88.67438587013696, 75.1759991263606, 63.95493003874229, 41.85966054847905, 41.5386787971993, 74.29799520056721, 100.937474008241, 82.99257547652384, 25.87016988495052, 67.27267663201668, 59.69781031335389, 97.01925948496773, 0.0, 61.240967083008414, 73.74131328733554, 62.30815889850905, 112.0720420458653, 56.69765855964636, 108.95933104730379, 70.87043532212279, 2.557696119254942, 81.120183324445, 19.17734320349372, 62.05591682706621, 71.5364123548797, 68.63388139842242, 83.23878634865851, 51.05721322212017, 109.47183346221621, 70.48065053399539, 74.08445854583962, 76.01878594397927, 83.86312925136298, 75.45306885060023, 47.79129096601789, 84.82140535241197, 36.83349449205573, 78.3604125225686, 70.42705883092262, 100.5022070322796, 76.60852906659494, 102.72116057845538, 45.6847746863909, 78.26651535721322, 63.80802874788753, 14.596853910863208, 10.267757919120816, 53.40343065679841, 98.7102211966625, 67.65549321531175, 40.7256976546724, 93.32020605163454, 47.86886954092101, 21.178193420131116, 100.70014531107228, 48.492090967325716, 93.11440995747186, 32.61963067095405, 81.4686444285499, 29.79362580377729, 78.82789925961276, 85.22211155340271, 77.14487587480632, 48.399422825821546, 47.60522483784341, 101.9542327282759, 79.10143082585948, 84.5139285128241, 67.91260920336146, 15.101373818561243, 51.58959046519981, 65.13021184489051], [84.73673404829334, 31.79645666743134, 89.77306571885427, 14.117428797148344, 40.36107716268649, 58.295620726183515, 27.563938226930738, 44.16090428181378, 94.26943938903511, 64.42536999327692, 52.914829207002995, 76.41930177907224, 33.02674148743048, 75.91121693315377, 61.240967083008414, 0.0, 17.32126990173242, 62.06824418955345, 87.02379737534041, 5.251881891935209, 93.81786191532136, 84.76853927323138, 60.08450633829731, 103.12309211500161, 43.7195122742087, 35.776225500449165, 86.79839008308777, 10.64955361070437, 73.16480626097423, 28.107098211506255, 88.90104125095213, 10.756153203819673, 67.98403381295878, 23.864549100831173, 50.31238591312811, 84.3647635114429, 88.7160197071703, 73.29389390326304, 49.88441734071928, 100.01395463856403, 88.86246067557202, 75.80483573816257, 62.117876850002105, 81.07408527140404, 17.159690170014397, 114.40202468716153, 26.777304076607273, 70.79341738976055, 55.98459754084229, 41.665504563295315, 92.17906402889793, 94.61086257701832, 20.592036711408053, 125.62817000982366, 13.48522802221209, 82.39275213826964, 71.6604576632062, 74.31849857556395, 76.21746475950172, 29.629591206171916, 67.01417671475546, 60.33715756616416, 94.97468761287023, 65.27367301463714, 22.116592123763226, 13.824050135765164, 72.28313971074918, 86.39743510794193, 104.34090791153007, 42.07103527190613, 49.395586679843326, 46.17353505078415, 35.412274383744275, 102.60034186095588], [88.69582491614682, 43.59989207657001, 83.02411075654703, 10.905308614530705, 33.85630745197506, 60.7951803810862, 34.1527398679802, 33.56772055697138, 85.00063554347518, 54.43792068911957, 60.041397818805656, 73.43231333429316, 28.38524081968228, 63.96555439635805, 73.74131328733554, 17.32126990173242, 0.0, 58.497715669157984, 73.34174552280975, 22.32116508768086, 82.29817156545175, 82.1783656023014, 73.00361481010938, 101.25553560438541, 54.94020272683282, 29.91708537935235, 84.38890654172788, 6.672259981159406, 64.76933552335063, 28.951103316965746, 76.24538252570795, 7.571389477052169, 61.51136669686768, 7.5972967248257595, 37.19664741708525, 80.37776292256089, 93.31700955465757, 64.43895783798754, 53.90122378249869, 98.27092135456708, 87.15333673983419, 62.86579688067999, 53.81066673540185, 68.60376505932571, 28.160339761944858, 115.91540532421476, 19.839529491629627, 81.13548379982863, 70.06099549905683, 39.8502000408782, 83.09183445915758, 94.79272575336452, 35.033399728303685, 125.4758804091134, 28.7357857644927, 94.46002575351275, 57.82964201372133, 76.41088725926872, 65.46033291255787, 41.12310997621082, 58.00936963560646, 66.27417022630351, 92.06931930067464, 54.73383253817928, 4.828210819581159, 30.099958729174705, 74.36107333565423, 75.22388832745713, 103.30714482540033, 26.895643030266413, 42.214212049100055, 59.167856102444965, 34.732180988763076, 105.18701237471701], [41.18703209863324, 49.462756566215056, 29.721850939919356, 68.00419143101395, 24.979169728907795, 21.01936357616769, 39.293566772481675, 30.581487416086738, 39.391287564685896, 24.16463933487503, 36.44541563588587, 14.940440129282484, 30.28682443095773, 36.7161175974009, 62.30815889850905, 62.06824418955345, 58.497715669157984, 0.0, 51.78732176722094, 62.24891139774874, 46.67532381312455, 23.71314110438832, 63.71353139714724, 42.874859720947896, 49.26347726933009, 28.59008014399477, 25.955290261270367, 59.23643184548451, 21.05270885568159, 34.14607648636047, 47.960694272352846, 62.25370623081584, 11.82385419698402, 53.9164393672889, 36.74987582141768, 22.31664011379441, 46.681524339164305, 22.781812476693435, 25.930249446562332, 39.960895453673665, 29.019303130082537, 41.34723619393973, 17.369045052973952, 42.00481521247218, 50.0018729551038, 60.36243254737541, 38.67203702358978, 57.82330714501575, 67.33793832597884, 20.463737735551806, 37.11171391518133, 38.348480930761546, 56.43891094387337, 67.82353217771677, 58.19976911363228, 74.18333237043427, 43.95794230823806, 26.789333297606543, 31.736024085033687, 48.57105205485486, 20.80905728150005, 34.129215012836966, 33.58309146737012, 26.58668958684111, 57.749746421417065, 61.175559236328525, 25.372994608505607, 39.817063845381945, 45.3315245987595, 45.87255155992504, 18.6396515258765, 57.22648381311822, 26.800266528767416, 52.11776272747506], [90.26707198403398, 91.71089834057848, 42.39948708535068, 84.01623807578407, 51.75742354951417, 72.54222634543294, 78.09011185949608, 43.85341516985969, 30.622005506588277, 29.080242798223257, 86.5960628186708, 56.02076782674177, 58.79809533548305, 15.16526766265525, 112.0720420458653, 87.02379737534041, 73.34174552280975, 51.78732176722094, 0.0, 90.17598438315167, 17.232611607355835, 60.7351781485473, 113.07604596215286, 74.00797113344295, 96.0306327032349, 55.59715725524591, 62.45982177973527, 78.4001584876347, 31.854672758596582, 68.2775707271175, 7.786475051886826, 80.54149852186913, 40.56000020777378, 65.78168514236306, 36.71351372153057, 54.03551154721257, 95.59314883882944, 29.79995135433733, 75.37545638268473, 72.70149109784653, 66.71934087225199, 11.964396923919713, 35.56476484801678, 9.836751132629491, 84.32935929005635, 98.38094988589596, 61.32097000067196, 109.31592121185845, 115.23342008117936, 59.78867029971962, 30.73135823940607, 78.74688425977388, 93.07157180454003, 98.5111529810982, 91.05971974738698, 125.750369670213, 15.512606794652537, 76.77543320471919, 20.31897727502488, 89.86269924006635, 31.096889402213282, 85.62412102361465, 64.12781797152738, 26.88255413635193, 69.40318952583449, 93.88082945088203, 75.83280015935333, 16.795766486049857, 78.89051689971053, 46.61068320121581, 45.05306667996082, 103.87092491631546, 63.73112464489223, 95.28093482804289], [82.41176811123437, 27.801983740110185, 90.63692070428921, 19.167738964879888, 41.91959510491511, 56.69286693638417, 25.635251166770725, 46.77520572164222, 95.90260893332298, 66.5277068942982, 49.98507893924941, 76.2416822146563, 34.36904184921609, 78.53217289543605, 56.69765855964636, 5.251881891935209, 22.32116508768086, 62.24891139774874, 90.17598438315167, 0.0, 96.1923765980089, 84.39346440239892, 55.442722138612346, 102.4046732887609, 39.6814125262943, 37.33053654646179, 86.35209005841853, 15.673375564292247, 74.67973898543082, 28.110819638602248, 91.6851792919551, 15.997496014555995, 68.964174890034, 28.486744435455876, 53.55794332507738, 84.41819829323238, 86.17885678302616, 74.95066294591788, 47.97231130332481, 99.27584443420525, 88.1884792695281, 78.75734078204621, 63.73382261823528, 83.83642448476387, 14.374059792995839, 112.62557448530082, 29.14770961394936, 66.76136538673818, 51.08838095142726, 41.792035670761486, 93.76608933671888, 93.33002298202703, 15.977998594465788, 124.29619343010329, 8.852839470728556, 77.87450364368975, 74.94357828576585, 72.63256467756804, 78.45025653997399, 25.807230504697795, 68.78297658967485, 57.662182715613866, 94.61976802497131, 67.53826231877214, 27.058845274731027, 8.691330757357044, 70.62260625228892, 88.69652576765627, 103.36537986430594, 46.06296416075243, 50.8984591400869, 41.59816085936799, 35.44953335776118, 100.56660246570513], [80.55107442786745, 92.67002257846143, 28.433505301731227, 93.19884578111812, 54.9146976162489, 67.53581268945723, 79.93877869353372, 49.68483185582617, 14.521150049489322, 29.885510907659814, 83.08916134505797, 46.31617386603474, 62.50707778398606, 18.367253257760858, 108.95933104730379, 93.81786191532136, 82.29817156545175, 46.67532381312455, 17.232611607355835, 96.1923765980089, 0.0, 48.996368260659295, 110.31010914693859, 59.50853555025708, 94.88397821772693, 59.33772607980602, 50.33420219424283, 86.4561650528574, 25.75132140608186, 71.13876552405424, 9.54042675854029, 88.94837360370025, 34.87567207551057, 75.03440305041151, 45.25127275274592, 42.09724612519284, 85.5912469469584, 24.306870255454122, 72.31639533117512, 58.63343261004037, 54.400326780233286, 20.837921920487908, 34.2924469986907, 14.620878336411636, 88.0325997578559, 84.29530782683702, 67.11210273391048, 104.03577175134272, 113.56278009899101, 60.12546387919253, 15.358616740016128, 66.18119941087214, 96.27565732363423, 82.93629964239267, 95.51691833576591, 120.19045837418288, 27.680021429065786, 68.24740792569558, 17.86432596069013, 91.17428393112971, 28.932661870507097, 80.52767445818519, 50.33121662291237, 28.671672102021834, 78.96462745079549, 98.48488528977887, 67.70642550571709, 7.602593709696559, 64.60573068970429, 56.91498834312671, 46.549330909318115, 102.88669127418714, 65.27983764398071, 82.77341491305924], [32.359333800079646, 67.14317632764693, 21.381727652185116, 91.5280079994031, 48.668314195768275, 31.7853640629828, 59.820471776534326, 53.32166607838096, 36.113380582576546, 40.42359924992867, 47.44138453549032, 8.791743164994525, 53.87573398767804, 47.86991593120517, 70.87043532212279, 84.76853927323138, 82.1783656023014, 23.71314110438832, 60.7351781485473, 84.39346440239892, 48.996368260659295, 0.0, 72.88974635104817, 19.194589095107887, 63.3098633201548, 52.29085845673954, 2.30993321406568, 82.69120059384439, 30.55220543652412, 56.66336455404885, 54.46761146017606, 85.71586779372838, 25.42996676604225, 77.612227583877, 57.88366979093232, 6.899209059203814, 37.03412545344346, 32.5975612684545, 40.565786406496485, 16.36561831130234, 6.330188201251714, 53.54490996781322, 35.29424748374611, 51.41837586571992, 71.18266363269005, 39.39260664084154, 62.340873611831675, 61.7226206980855, 78.40395573959478, 43.267924711171986, 34.40078718608913, 18.18550954163754, 76.34195252500602, 44.63341273838921, 79.30100869332436, 76.4739423882779, 58.539382390944, 22.94294449350374, 41.48579271286593, 66.91074537857186, 35.40480247879957, 41.298256386931584, 10.226404060671264, 42.43126190704894, 81.45951611746715, 82.15559121394146, 23.429410506151374, 44.72352253296164, 22.10107820664099, 68.33748848858346, 41.6700364833804, 70.58570225298757, 49.394162161283894, 34.571628148034804], [49.92711111708825, 29.42027278424357, 90.4362620635561, 74.08866807443118, 64.43002048238658, 43.47476596019395, 41.3531939798404, 74.71846420003207, 102.52940235289478, 83.99998082814521, 27.286727134703167, 69.10025839225213, 59.91765794980474, 98.06823935843646, 2.557696119254942, 60.08450633829731, 73.00361481010938, 63.71353139714724, 113.07604596215286, 55.442722138612346, 110.31010914693859, 72.88974635104817, 0.0, 83.4226651588708, 18.99433933686237, 62.36513677982538, 73.60269876256878, 67.75195673904791, 84.56761108581706, 51.08291247171735, 110.62923691332746, 69.51490072833971, 75.450879097314, 75.5210427277934, 84.28316800196231, 77.35713938091854, 50.31445434479391, 86.11364517120481, 38.04609653291762, 80.64204685704603, 72.57676576173255, 101.44144110761911, 77.69086177914267, 103.79355557373965, 44.870037868241305, 80.79776752192414, 63.7104288594661, 17.13367548686808, 7.735851579564977, 54.07805801303568, 100.29238088998733, 70.0060872443094, 39.50930278022789, 95.83172924450255, 46.65064247545249, 22.611876723859314, 101.46979541107218, 50.64352407201268, 94.28796951682335, 31.916970379865997, 82.61480367667885, 31.68862243168838, 80.97145841338778, 86.20207461294555, 76.51775600887973, 47.04214656032245, 49.70322103848769, 103.24550113352862, 81.46622147518887, 84.56342162940769, 68.68901737394249, 13.945354039235648, 51.977929604692356, 67.65464429701137], [35.32516623929613, 82.94073092143672, 31.613433588891485, 110.44377014117228, 67.84801918103236, 47.199350188761784, 77.26361349508407, 72.38408268846905, 45.09791775578576, 58.048878253586594, 60.90637920975922, 27.984215609436447, 72.89954686452887, 63.112553004873476, 81.120183324445, 103.12309211500161, 101.25553560438541, 42.874859720947896, 74.00797113344295, 102.4046732887609, 59.50853555025708, 19.194589095107887, 83.4226651588708, 0.0, 77.28166276023049, 71.41156873551405, 16.92497828482701, 101.56345958814914, 47.05953374731173, 75.10959964338976, 66.86836814818098, 104.58896788630364, 43.74260918039375, 96.7899345301695, 76.48064986157202, 22.932212111008106, 37.83223931696221, 48.91017774568561, 56.385286359622214, 3.1434467809469773, 14.266969248717187, 68.86361013745505, 53.62923893758199, 65.58124991497971, 88.76788502183786, 24.852984708062984, 81.41743366192496, 69.52373463165996, 89.88212134533862, 61.988551065944314, 44.162676539993534, 13.86706941160296, 93.14292633100838, 25.985578138286154, 96.74111903331801, 82.00839664317189, 74.65773276310895, 33.601897970155164, 56.697972101095466, 83.06684468018977, 52.899978080107736, 53.48875499907216, 10.52007987415155, 59.8150160911059, 100.62176780238617, 99.49281478549727, 35.07720453359238, 57.24459273872934, 5.239099634183341, 87.27304493022947, 60.82209892790251, 83.8195294855143, 67.95555672318656, 26.557481247981606], [48.543552408175124, 11.92365643412947, 78.00337555957836, 57.260879864367986, 46.02884598081115, 31.614695556275272, 22.383149918016436, 56.16458924093504, 88.6546706637804, 67.13843474958085, 16.383723966460238, 57.72763299140035, 41.096928852946434, 81.2777850507836, 19.17734320349372, 43.7195122742087, 54.94020272683282, 49.26347726933009, 96.0306327032349, 39.6814125262943, 94.88397821772693, 63.3098633201548, 18.99433933686237, 77.28166276023049, 0.0, 43.66098207334507, 64.52939864219837, 50.159978895260885, 69.26151517410936, 32.112335168936816, 94.23707950641628, 52.219718001828305, 60.498977915855335, 56.91168452991408, 65.70378488427549, 66.46300210326011, 50.94973317832107, 70.58665038880592, 23.665407903310427, 74.24165605668092, 64.55468985286014, 84.20410823523495, 61.21653152891262, 87.06758437880154, 27.240825656166365, 80.43423554088042, 44.718573647684224, 27.09046669527087, 19.27060878091967, 36.32130460171884, 86.37464312267193, 65.13287758960199, 24.057190034538497, 94.24072234311019, 30.90904631580046, 39.522876369868, 83.66979826726858, 43.76127789493037, 78.07846649920008, 14.157543423620265, 66.38338100390153, 24.19693907430929, 72.61783446463295, 69.21166285143423, 58.167860991427006, 32.149727924289564, 42.20808472611238, 87.5526854429977, 76.47752794538096, 65.58774705664048, 51.098145954209514, 8.006498649243737, 33.470878414047824, 67.4103965791976], [62.389456568388425, 36.91910302936622, 54.26205183813107, 39.67534384730618, 4.596697203316058, 34.63066553248161, 22.977261573705164, 12.658482841900538, 58.59282599724423, 29.467308582495523, 40.28545104463886, 43.529697554724955, 3.2199220654953478, 42.37708817021879, 62.05591682706621, 35.776225500449165, 29.91708537935235, 28.59008014399477, 55.59715725524591, 37.33053654646179, 59.33772607980602, 52.29085845673954, 62.36513677982538, 71.41156873551405, 43.66098207334507, 0.0, 54.515682308222466, 31.11692402637604, 37.41482052771017, 12.782064910998846, 55.78305246890721, 34.089281162641264, 32.45522323649405, 25.569250765392773, 22.093957748666195, 50.51216689295813, 67.49170072640018, 37.62744585217087, 30.558595038019828, 68.45492023742351, 57.38808775095863, 43.68613565990068, 26.415084825729682, 47.9931232461958, 28.921636645979323, 87.1866642886176, 10.14502723038891, 64.28442393558372, 62.6715536914683, 11.943319993601468, 56.472702232417696, 65.60954517334991, 37.52568728416261, 95.9547652852536, 36.193369661669166, 79.98340714648484, 41.532547815220916, 48.876777625051005, 41.482696851679165, 34.83354272796913, 31.457638639509852, 43.85177238517172, 62.152929277029166, 30.7335021876066, 29.274293030924373, 39.15135103767159, 46.90074167274558, 51.764689065472204, 73.62536441873404, 23.520218275706398, 13.624164045711792, 50.82688848663145, 10.578879050620742, 77.28578800325519], [31.728819902594235, 68.67832656716634, 22.360035578985354, 93.69084395124432, 50.92406072808219, 33.13348071519627, 61.64940724588483, 55.62994366307292, 37.15439659987673, 42.624361987807546, 48.523919608142435, 11.064392822871419, 56.06531152326064, 49.80425785864164, 71.5364123548