instance_id,num_cities,city_coordinates,distance_matrix,best_route,total_distance
586,60,"[[36.399882768565384, 54.58076094753673], [2.9928333009518027, 98.69352174021454], [78.4058187707134, 33.52831374079464], [15.680179939588523, 68.47843353517521], [46.13050896783844, 3.2720038540287932], [78.11071417292176, 37.9722594629473], [90.11325455003825, 57.20677573252361], [16.60270534579683, 30.704708057515106], [9.969811342941092, 61.072127757475705], [53.26147026079212, 59.171861938573244], [58.401073457147525, 76.67944407252011], [55.79945892752549, 95.51357920514937], [33.4925413417325, 63.89133557211858], [83.60852481729478, 63.97523295661032], [36.01458442527699, 95.65145409341217], [43.23591741668987, 89.24314333518562], [54.9572816550363, 95.0957724919158], [37.37844534207522, 29.510583354043618], [27.081439475492143, 36.507123904642505], [11.676559114181817, 98.4857723314991], [78.86055201762863, 43.94699139906676], [96.02822532396105, 76.31653248584757], [52.32575180422755, 37.28524856983396], [67.95559470734808, 10.660296885049513], [70.19131231302612, 32.853804508987395], [25.96096638357157, 96.67881070186382], [66.7456490308971, 13.305919458691795], [28.090254517539158, 23.23460416084909], [0.47568783692736316, 46.7626040654598], [4.194905789603631, 28.142328682975016], [64.488285278912, 3.5345828587169392], [27.999599250229355, 55.22025343410787], [16.518146707912507, 96.58472948571077], [43.81929486123708, 95.80737138641445], [86.84349577477002, 54.70854512178379], [49.70122262628933, 14.729617447476716], [99.89006941736552, 68.25884032309149], [52.087546876906146, 78.69904110994835], [89.26739692041629, 68.07424272998517], [16.548646071161876, 28.63100898765505], [18.164219894082123, 92.05616259166389], [70.35231314118666, 25.637262575123632], [86.80943321231018, 30.640840482224117], [68.76869697553391, 79.60096127830961], [83.37746222435909, 24.47224397365414], [25.279848316028797, 15.487296625221457], [30.634906101237302, 67.20467571622304], [42.87819425321258, 64.29837830127563], [50.58051407977694, 41.54092427857463], [18.509060359134487, 82.63481695639611], [93.18668459976007, 32.145200887691985], [41.74085321328074, 80.84037078586147], [54.27096388117752, 71.35418766073546], [39.9167776274998, 33.62434737363419], [28.284356041144708, 6.981556892392183], [56.51473466072918, 8.810467069794415], [72.29973744741955, 60.67913188620901], [36.07002946290368, 89.36462034209327], [46.08111393647722, 38.97472371947206], [98.10939225184386, 94.90568966423203]]","[[0.0, 55.3350397025573, 46.98621279491695, 24.948975703910367, 52.22330553221024, 44.89583252381285, 53.77752561977629, 31.016030299116082, 27.215556555484568, 17.475449667116255, 31.183396023746017, 45.29723132442026, 9.753944536037002, 48.13431196573114, 41.07250041446223, 35.33004560565908, 44.56280078577603, 25.08926840861563, 20.334447161516344, 50.38742657791989, 43.771971487337794, 63.46639268360266, 23.511019819402406, 54.081143843558486, 40.17363994886291, 43.372995843159046, 51.229660061114444, 32.42886780271332, 36.76508341509772, 41.66714824442962, 58.26380225370425, 8.424589831487872, 46.471677414758545, 41.88891361780422, 50.443774857904174, 42.01237056240759, 64.94685254963058, 28.77141364564315, 54.56233227428446, 32.67202511623243, 41.6766736779755, 44.614948461716004, 55.80539909207661, 40.91149664528609, 55.79799069762268, 40.64423844711249, 13.87797463832145, 11.679067031479834, 19.26467349159394, 33.27328635758743, 61.05812982244279, 26.797258705926698, 24.50965899062268, 21.24946633045748, 48.28608495981807, 49.99527045930026, 36.41414140232459, 34.78542334920671, 18.3650383852114, 73.7167785288627], [55.3350397025573, 0.0, 99.66756097683002, 32.77072351912958, 104.71926822531357, 96.59072273898849, 96.49413398194179, 69.33763338229731, 38.26287375254057, 63.94448729387775, 59.621243636525584, 52.90228487117949, 46.275526497833305, 87.7738531381636, 33.16157750898763, 41.3378213158919, 52.08884422213598, 77.2570338492708, 66.68889730079619, 8.686210555597814, 93.55796774015033, 95.68862950719415, 78.76999975764205, 109.40753652260165, 94.07711701909312, 23.056326634331516, 106.56202014265622, 79.52313370317016, 51.99188621149663, 70.56143295078307, 113.30010707420449, 50.15240174165825, 13.688721909994593, 40.92834992273928, 94.6869144360618, 96.08127214731985, 101.56448296506908, 53.010094857291904, 91.54693099626715, 71.36186483734538, 16.5597556632054, 99.37060192805484, 107.96476206199114, 68.49080308427334, 109.40971913159635, 86.13934603982766, 41.90025790635338, 52.6675223499009, 74.37073859065548, 22.330143337088398, 112.0875096538496, 42.66314622862638, 58.11097885694274, 74.81560744509432, 95.13540675671649, 104.61145942033059, 79.047712163857, 34.367561845905115, 73.6405782511791, 95.19195059717164], [46.98621279491695, 99.66756097683002, 0.0, 71.80540815575296, 44.23957403542173, 4.453733299724705, 26.41464773228614, 61.86758099415032, 73.77092112234753, 35.914200898254364, 47.56269424629132, 65.97894088302893, 54.21361069087779, 30.88823465239703, 75.20838594598825, 65.88675282622275, 65.8816049435371, 41.22362827206684, 51.41075004346833, 93.12499944092295, 10.428596572541714, 46.27505673797111, 26.34927802210214, 25.142660517319612, 8.242152573641135, 82.08804912007048, 23.34319577226206, 51.35773031425325, 79.04588381284987, 74.40610486064233, 33.065414419328164, 54.87556117257996, 88.35267692576436, 71.23839314138979, 22.79904810681849, 34.312458701510884, 40.838492902307266, 52.27854288840477, 36.2131894429129, 62.05073253578289, 83.9914241236755, 11.275089419780963, 8.885844782685208, 47.069767023124385, 10.331003739109489, 56.10567738933757, 58.447903753469134, 47.00009549897419, 28.95599262283359, 77.45366567360725, 14.84543686863736, 59.85608107087684, 44.86967749322713, 38.489160949319555, 56.71764562567584, 33.01804820944873, 27.82896252273951, 70.07147915656898, 32.78032831251585, 64.46249361584812], [24.948975703910367, 32.77072351912958, 71.80540815575296, 0.0, 71.96597119257804, 69.48523772129202, 75.28169010845102, 37.78498894517144, 9.352094673513642, 38.71647784973821, 43.50093466550181, 48.378255941162685, 18.39352294812679, 68.07744746445323, 33.93907853855133, 34.5035047638001, 47.44653256354621, 44.6016599378977, 33.94338460578772, 30.273244975572, 67.77574100809838, 80.72945058805813, 48.123930903121526, 77.94649392265121, 65.11971856425625, 30.015926476627, 75.17771240889917, 46.91496613537553, 26.509504515506247, 41.939395285912255, 81.23998330563963, 18.098271512598334, 28.11878483085474, 39.22601984207219, 72.48329012658742, 63.61105702878672, 84.21017579270459, 37.81477471182392, 73.5883270172004, 39.856887441093576, 23.70822140011163, 69.45795906907757, 80.56707838302017, 54.24113996287927, 80.7432148757308, 53.85363705402905, 15.008873826881356, 27.517355330092137, 44.08699046256439, 14.436265306397924, 85.60001202834808, 28.843997366315925, 38.69778504019422, 42.45256163816021, 62.775242667923735, 72.30302262967737, 57.15420718192276, 29.18867525114687, 42.363730723018264, 86.56197149400906], [52.22330553221024, 104.71926822531357, 44.23957403542173, 71.96597119257804, 0.0, 47.18941898650076, 69.59483836128791, 40.30439736130326, 68.17954514348912, 56.352859225010164, 74.42592983844858, 92.74695044355576, 61.92270668879315, 71.34061743139459, 92.93166713172376, 86.01985517272452, 92.24704007682665, 27.659748225318427, 38.30718278995394, 101.25579671406275, 52.20833582705077, 88.46064243832203, 34.57284844931176, 23.041728265240362, 38.13141995265196, 95.55962543651643, 22.92735183533035, 26.906434019420054, 63.05390550351347, 48.75579833229763, 18.359654104070607, 55.02136422901814, 97.89870664838551, 92.56422610814745, 65.59927646194619, 12.001121001281938, 84.34085163183411, 75.66190752192246, 77.84678070138654, 38.96364656708933, 93.08458608871014, 32.96817548900057, 49.028849630277044, 79.61530818724148, 42.85773801804299, 24.165335236716135, 65.78373841336794, 61.11297676581099, 38.5267805033914, 84.03213984401776, 55.208198413342494, 77.69247470711018, 68.56712592843816, 30.981852983674784, 18.227615258924306, 11.768887714362863, 63.09046574657418, 86.67843942775022, 35.70275403466013, 105.34959270265499], [44.89583252381285, 96.59072273898849, 4.453733299724705, 69.48523772129202, 47.18941898650076, 0.0, 22.672176596632873, 61.93587371877689, 71.94988918483075, 32.66355871807414, 43.436345121849925, 61.7154404367299, 51.600192375095745, 26.577820685555142, 71.40709791715099, 62.00770098809526, 61.637465701722434, 41.60189522942848, 51.050303606834106, 89.86313035979265, 6.021600991583588, 42.32399413456078, 25.79411305554492, 29.13880147186158, 9.429501945184342, 78.52423417557388, 27.158664085112864, 52.14637924093313, 78.13109158600989, 74.56657607868588, 37.034094276354416, 52.99638794129726, 85.02391433650337, 67.23690660351465, 18.877625172668186, 36.70585263684114, 37.30438707527216, 48.33090087551564, 32.10297441884895, 62.266742241808906, 80.73816169544209, 14.572060073711194, 11.376177618037035, 42.664060989885144, 14.490999042456464, 57.416669539454574, 55.75380266909333, 43.981757502201866, 27.76053468027746, 74.47886397625949, 16.162904935387072, 56.21780638389746, 41.02056586853726, 38.44061821006674, 58.67784599397559, 36.287690291232245, 23.438632761972517, 66.39724337364859, 32.04528398831968, 60.34370389186364], [53.77752561977629, 96.49413398194179, 26.41464773228614, 75.28169010845102, 69.59483836128791, 22.672176596632873, 0.0, 78.14192495299773, 80.23660284038706, 36.90414027041321, 37.213535735640576, 51.428083401133556, 57.01393254693396, 9.387412960466186, 66.36760808963895, 56.77863670331029, 51.68673432929714, 59.56541928389353, 66.3436907127368, 88.63560656483111, 17.390951522348782, 20.004241610907716, 42.717240176051085, 51.551300495746155, 31.463486613997993, 75.32302185662891, 49.73258659343825, 70.71747290681895, 90.24396981548686, 90.70118376303415, 59.475569253511715, 62.14541371288456, 83.4677371208916, 60.27550653875522, 4.114909310407829, 58.629696401900546, 14.755820568984838, 43.67919315985757, 10.900335502657976, 78.91974446048027, 79.94462678868415, 37.24418030188496, 26.770583690960727, 30.936866103573273, 33.42036007775966, 77.0965985040113, 60.31278420269651, 47.764440206474596, 42.52359898769426, 75.9851689885047, 25.249326841989873, 53.837124981089914, 38.53335003159746, 55.460050691800554, 79.65792677670032, 58.91572991086891, 18.148791938399807, 62.88717792803172, 47.6574981258881, 38.537596315502036], [31.016030299116082, 69.33763338229731, 61.86758099415032, 37.78498894517144, 40.30439736130326, 61.93587371877689, 78.14192495299773, 0.0, 31.083363107724924, 46.413833015392434, 62.13517464706587, 75.74018266929001, 37.23733080878167, 74.81114669692136, 67.78569812318577, 64.31233466428647, 74.9485336938383, 20.810028981248493, 11.977975564503232, 67.95983807227034, 63.65058947339965, 91.59067502471412, 36.324090652148044, 55.12619762899112, 53.63168291454134, 66.6345201031582, 53.07572558254555, 13.702782133573553, 22.75822308382947, 12.669620273936257, 55.05673863251554, 27.035183664637273, 65.88007569472549, 70.56273462223517, 74.22905653377853, 36.752079752933675, 91.3624532519264, 59.68777080471197, 81.71070629526778, 2.074403585976585, 61.37132311707344, 53.987955525980425, 70.20675691690818, 71.49919063699852, 67.06498165770057, 17.517488998870455, 39.104351383544376, 42.64898589380818, 35.6639182978047, 51.965088277482195, 76.59752540366603, 56.08485673885585, 55.41911126227944, 23.496175435434143, 26.443314167694535, 45.52282803675985, 63.25049777504809, 61.80584128959733, 30.61649444479418, 103.75502903313352], [27.215556555484568, 38.26287375254057, 73.77092112234753, 9.352094673513642, 68.17954514348912, 71.94988918483075, 80.23660284038706, 31.083363107724924, 0.0, 43.333344459458004, 50.88394120479288, 57.32861567794625, 23.69106918858211, 73.6959167251158, 43.29041481387719, 43.59174155719728, 56.40461759552174, 41.80148684949264, 29.937388523991576, 37.4525538283571, 70.98735412734545, 87.39818357638228, 48.57819792713093, 76.83556314815452, 66.50490918756395, 39.03271589110424, 74.19640422831782, 41.95269541720905, 17.172677410345976, 33.43233765737829, 79.26432408898609, 18.95567685624256, 36.11129432131143, 48.500769936333185, 77.1366225737535, 61.042717046335135, 90.20699335235528, 45.657548344656014, 79.6061347667706, 33.101469052277025, 32.049317404731106, 70.01197178987745, 82.64617797730585, 61.64922240610589, 82.0258172828372, 48.087150689903105, 21.5558411071268, 33.06615124777024, 45.063256496994136, 23.191988686824562, 88.10116396944646, 37.419013000828826, 45.478707897985785, 40.622671473551456, 57.107025872594, 69.98364855088012, 62.33116502957872, 38.49268141556605, 42.33581746253058, 94.4102517425694], [17.475449667116255, 63.94448729387775, 35.914200898254364, 38.71647784973821, 56.352859225010164, 32.66355871807414, 36.90414027041321, 46.413833015392434, 43.333344459458004, 0.0, 18.24639562195455, 36.43023195583888, 20.32446756952225, 30.724844888009883, 40.351155061617234, 31.698480636524717, 35.96391421591099, 33.64612797689591, 34.627797534148215, 57.226640522177064, 29.784386341469794, 46.07531949761891, 21.9066066240902, 50.68815677446891, 31.293125423654466, 46.3906102296816, 47.806984392157005, 43.875694850064555, 54.22479605365997, 58.05479896671397, 56.75868390705424, 25.5690699229924, 52.43848285192139, 37.83272695403841, 33.87733216515873, 44.58462132423447, 47.50578317915724, 19.562433961606622, 37.090148804952705, 47.75536785481092, 48.09567769297344, 37.6386272973578, 44.0395845068852, 25.64804437408861, 45.94601678993475, 51.87786053102188, 24.01015416137204, 11.579878698269354, 17.833605603334423, 41.931375509768465, 48.2126865832195, 24.540759825653687, 12.224080225949683, 28.822843751490236, 57.859175379145746, 50.46636327679022, 19.09783967270802, 34.744039729436075, 21.435529132391547, 57.34319969135418], [31.183396023746017, 59.621243636525584, 47.56269424629132, 43.50093466550181, 74.42592983844858, 43.436345121849925, 37.213535735640576, 62.13517464706587, 50.88394120479288, 18.24639562195455, 0.0, 19.012970424288785, 27.999476623013933, 28.227868926856583, 29.344370080253693, 19.69336174689662, 18.735550550419635, 51.641575444051504, 50.93853924500907, 51.56254641427587, 38.60056632986943, 37.62890195618243, 39.85990682992493, 66.7069462026365, 45.38387836480432, 38.10951603628652, 63.92054101371109, 61.44181522362328, 65.19484347139161, 72.7609798143201, 73.39771706088382, 37.212182102231395, 46.3724049458551, 24.052148975627453, 35.940113911859775, 62.55772073335249, 42.33489522004131, 6.628679361155082, 32.04339891903948, 63.72030910317129, 43.07490983243666, 52.422670878146945, 54.097947507490154, 10.771391748642449, 57.87410248128192, 69.58084839997723, 29.33822225428635, 19.855743965206585, 35.99828776878808, 40.33409445119661, 56.5096235928931, 17.171961148568514, 6.7391513531581, 46.855208291804125, 75.92636001606563, 67.89518623180426, 21.193934292006755, 25.682469173796278, 39.66645105744287, 43.69149356420117], [45.29723132442026, 52.90228487117949, 65.97894088302893, 48.378255941162685, 92.74695044355576, 61.7154404367299, 51.428083401133556, 75.74018266929001, 57.32861567794625, 36.43023195583888, 19.012970424288785, 0.0, 38.6983832293562, 42.04772799752998, 19.785354900899208, 14.04140097332947, 0.9401196774455803, 68.52539093530534, 65.623825005695, 44.222892487021745, 56.48829075545507, 44.57443492095036, 58.33185347435877, 85.71960777787106, 64.29131207903231, 29.86123577041863, 82.93321649838798, 77.4083344510718, 73.73857351993956, 84.86409901416604, 92.38848127478651, 48.95287836040525, 39.2959139430331, 11.983765889776073, 51.27165913365494, 81.01380723833952, 51.83437782877257, 17.21937810800667, 43.278401769164944, 77.54936820363747, 37.79371570438166, 71.37566245957852, 71.9033429998629, 20.528335169503915, 76.20641427933641, 85.64842401025167, 37.876757196101074, 33.783840045987176, 54.22439363558576, 39.45169631903513, 73.57551232611975, 20.321108236128676, 24.207694993596736, 63.89473047108985, 92.70922209594177, 86.70606249467477, 38.54475205848532, 20.66543205691677, 57.36800858488411, 42.314300036775066], [9.753944536037002, 46.275526497833305, 54.21361069087779, 18.39352294812679, 61.92270668879315, 51.600192375095745, 57.01393254693396, 37.23733080878167, 23.69106918858211, 20.32446756952225, 27.999476623013933, 38.6983832293562, 0.0, 50.11605370032596, 31.86009776824093, 27.159667416843643, 37.87415953125789, 34.59965856739841, 28.12467378990276, 40.898803591933905, 49.55838230997227, 63.75811547928701, 32.5971422351373, 63.413291406340925, 48.06379224840978, 33.64139038051281, 60.53638157633569, 41.01407699776944, 37.195511266616144, 46.220590027664066, 67.85037759899289, 10.264505748682462, 36.837319104054835, 33.54512155816426, 54.135459537818704, 51.76481312582016, 66.54101616525139, 23.770619978204465, 55.93148690240915, 39.12015104499331, 32.065790485241564, 53.122658799868574, 62.8353911618442, 38.616052311555585, 63.57963600016946, 49.0958176742905, 4.375420217333895, 9.394475203976755, 28.134315297990227, 23.99630798182576, 67.61070778147254, 18.849521039194073, 22.077975553122855, 30.941257027835224, 57.14759928029085, 59.69860517790664, 38.93991168589142, 25.603352944233755, 27.9161191104459, 71.67445557024172], [48.13431196573114, 87.7738531381636, 30.88823465239703, 68.07744746445323, 71.34061743139459, 26.577820685555142, 9.387412960466186, 74.81114669692136, 73.6959167251158, 30.724844888009883, 28.227868926856583, 42.04772799752998, 50.11605370032596, 0.0, 57.17137524624114, 47.62787758469919, 42.301084096171515, 57.66309322706178, 62.84750108103133, 79.78210963530339, 20.583335628456442, 17.50875880082989, 41.12137101257025, 55.565246596604716, 33.8904839151821, 66.27793743554012, 53.401647073267554, 68.86274153525066, 84.89607280521763, 87.12358989251292, 63.392868244473014, 56.29389193476376, 74.59556353256737, 50.955547858012984, 9.815117957713511, 59.789930496243116, 16.8356166098621, 34.79026554734485, 6.9874683971886, 75.80396760997225, 71.21443432374693, 40.56509732483747, 33.48772217081502, 21.549567883293072, 39.503664747835884, 75.85060627355696, 53.07196604999526, 40.731612425402304, 39.926779223210346, 67.72090037635603, 33.23991706257411, 45.13684525463872, 30.251305000047914, 53.19910740010462, 79.42948295239601, 61.45913162740927, 11.779344380879197, 53.89368731465295, 45.09248307128295, 34.16091785207808], [41.07250041446223, 33.16157750898763, 75.20838594598825, 33.93907853855133, 92.93166713172376, 71.40709791715099, 66.36760808963895, 67.78569812318577, 43.29041481387719, 40.351155061617234, 29.344370080253693, 19.785354900899208, 31.86009776824093, 57.17137524624114, 0.0, 9.65474478931837, 18.950845901451796, 66.1549310237886, 59.815155873508154, 24.50250672723633, 67.15004394217328, 63.051378156919554, 60.60254226090447, 90.79496099154395, 71.49540910045522, 10.105973348937454, 87.8930338882026, 72.849125997791, 60.441151774044044, 74.63225818745978, 96.41716448004325, 41.21798119885497, 19.518762425546928, 7.80626768638134, 65.26790960367636, 82.07111374531769, 69.50131561448667, 23.360745449008967, 59.969697558230116, 69.79013410346776, 18.20883397911803, 77.98119406194672, 82.5014942010189, 36.4753369903906, 85.4969130827742, 80.87970513002674, 28.950995473576686, 32.095552674749065, 56.036735661013154, 21.8145872110164, 85.4499457845947, 15.879494418137906, 30.391652586496598, 62.14973113227603, 89.00621944847617, 89.22787225364202, 50.39519471541643, 6.287078237855788, 57.5637627529696, 62.09928601523612], [35.33004560565908, 41.3378213158919, 65.88675282622275, 34.5035047638001, 86.01985517272452, 62.00770098809526, 56.77863670331029, 64.31233466428647, 43.59174155719728, 31.698480636524717, 19.69336174689662, 14.04140097332947, 27.159667416843643, 47.62787758469919, 9.65474478931837, 0.0, 13.101284198665207, 60.019069478005214, 55.15482665126657, 32.88494012811304, 57.626868478777915, 54.351863282010406, 52.74701809240234, 82.37916120937352, 62.50080677297868, 18.807261427026486, 79.49320380158797, 67.72383885002851, 60.2746501471449, 72.5086901000844, 88.30413624910048, 37.27871280624471, 27.708088329085143, 6.590100086595483, 55.626067306769016, 74.79348709394114, 60.41551052353231, 13.766969014173823, 50.66576218843294, 66.22719442972755, 25.22901294150156, 69.14482615749881, 73.0265785756213, 27.292755573933274, 76.20113531731502, 75.91011356500164, 25.38660160723026, 24.947329886355906, 48.26432225845848, 25.594675959530758, 75.8633915265761, 8.53474097369047, 21.018729400128922, 55.717745406224715, 83.60931641660439, 81.521422942769, 40.750563000232404, 7.16691752634459, 50.34887440546875, 55.16486809023361], [44.56280078577603, 52.08884422213598, 65.8816049435371, 47.44653256354621, 92.24704007682665, 61.637465701722434, 51.68673432929714, 74.9485336938383, 56.40461759552174, 35.96391421591099, 18.735550550419635, 0.9401196774455803, 37.87415953125789, 42.301084096171515, 18.950845901451796, 13.101284198665207, 0.0, 67.90016583461593, 64.88214176876295, 43.4132818682348, 56.45851699532477, 45.16062742103461, 57.870386429514134, 85.43012163846899, 64.07915627157132, 29.0394956790977, 82.63501476120544, 76.71938908198443, 72.83089478443587, 84.02132134988388, 92.05591494914889, 48.132875051964646, 38.46796184375466, 11.160695444527523, 51.45734918878202, 80.53784845115057, 52.337141155479635, 16.645965808844064, 43.67318491017759, 76.76449749130242, 36.91840492344026, 71.14416064808606, 71.89574270568127, 20.756790881554213, 76.12745525736841, 84.96034062672588, 37.00663767395111, 33.08147278152188, 53.733396147664564, 38.51945285817581, 73.64958733630871, 19.43940478916528, 23.751502739465696, 63.284696945429424, 92.06280438658995, 86.29936032007255, 38.53914793418703, 19.737639178322052, 56.818645431645045, 43.15252924731633], [25.08926840861563, 77.2570338492708, 41.22362827206684, 44.6016599378977, 27.659748225318427, 41.60189522942848, 59.56541928389353, 20.810028981248493, 41.80148684949264, 33.64612797689591, 51.641575444051504, 68.52539093530534, 34.59965856739841, 57.66309322706178, 66.1549310237886, 60.019069478005214, 67.90016583461593, 0.0, 12.449092717648979, 73.60817651692828, 43.92237529419832, 75.03728117444444, 16.848364599898744, 35.92068155351941, 32.98274346600331, 68.13170767576823, 33.541374218449555, 11.209745921581204, 40.73629499734701, 33.211736149670756, 37.545918861230746, 27.366948855147943, 70.24310029033947, 66.6089231705302, 55.51331814580656, 19.2439027519741, 73.54679165449558, 51.34064709726972, 64.64997386204475, 20.848361775749908, 65.4303900472536, 33.20058089084725, 49.44390804743411, 59.11339829689755, 46.27412255082338, 18.52103184699543, 38.292556985675866, 35.21985115494127, 17.86123516768778, 56.3758626139924, 55.87039268334888, 51.51482971174768, 45.124764863308876, 4.833858210591901, 24.295256605417638, 28.190288807826516, 46.807852545366075, 59.86833633799828, 12.857153398809668, 89.24554802273322], [20.334447161516344, 66.68889730079619, 51.41075004346833, 33.94338460578772, 38.30718278995394, 51.050303606834106, 66.3436907127368, 11.977975564503232, 29.937388523991576, 34.627797534148215, 50.93853924500907, 65.623825005695, 28.12467378990276, 62.84750108103133, 59.815155873508154, 55.15482665126657, 64.88214176876295, 12.449092717648979, 0.0, 63.86441262366842, 52.3108795948398, 79.61437238602058, 25.256301846179337, 48.360676514071, 43.26439504575349, 60.18211820775849, 45.951555005221316, 13.310803436999823, 28.513871950016007, 24.367257195994398, 49.86442194577288, 18.735640745875067, 60.99919545738292, 61.617166068503266, 62.472354745454076, 31.399273515178436, 79.4309013516167, 49.045522576790184, 69.73934538175146, 13.151917087782126, 56.26022133013059, 44.61527085108264, 60.01538566915583, 59.957537119722126, 57.56805114205492, 21.096892414821422, 30.902537311440234, 31.96703430795252, 24.032179540406688, 46.917478086437704, 66.24899852333884, 46.694059474057035, 44.19941277696535, 13.1550866969441, 29.550061178596664, 40.41563639593759, 51.273584245095726, 53.61631915375127, 19.159245247909833, 91.95304540022995], [50.38742657791989, 8.686210555597814, 93.12499944092295, 30.273244975572, 101.25579671406275, 89.86313035979265, 88.63560656483111, 67.95983807227034, 37.4525538283571, 57.226640522177064, 51.56254641427587, 44.222892487021745, 40.898803591933905, 79.78210963530339, 24.50250672723633, 32.88494012811304, 43.4132818682348, 73.60817651692828, 63.86441262366842, 0.0, 86.53419860405619, 87.21627593345198, 73.47013662063388, 104.31032539826435, 87.92912795073583, 14.398242995892554, 101.43082371591179, 77.02043694917371, 52.9220715094056, 70.74019508597821, 108.64992776249152, 46.242261674182174, 5.20143579497911, 32.25413605923518, 86.98571140772442, 91.9835230688918, 93.24854325216451, 44.99514045308612, 83.33786200867613, 70.02446139129407, 9.13398181526767, 93.54009559735498, 101.23183070496145, 60.13441854790235, 103.04863845191042, 84.10586452010732, 36.577669771813405, 46.28520223491476, 68.96545100074174, 17.26081862385983, 105.0950616164508, 34.86003407032049, 50.50154655257088, 70.74259246906838, 92.99914172665108, 100.26027309020716, 71.44586631137584, 26.042980038156443, 68.74036877573015, 86.5069455946018], [43.771971487337794, 93.55796774015033, 10.428596572541714, 67.77574100809838, 52.20833582705077, 6.021600991583588, 17.390951522348782, 63.65058947339965, 70.98735412734545, 29.784386341469794, 38.60056632986943, 56.48829075545507, 49.55838230997227, 20.583335628456442, 67.15004394217328, 57.626868478777915, 56.45851699532477, 43.92237529419832, 52.3108795948398, 86.53419860405619, 0.0, 36.64036294746205, 27.358260907593248, 35.027448174375294, 14.078867583512727, 74.69277694153416, 32.94914511839648, 54.83271006756345, 78.43541679186858, 76.3200241759527, 42.89201342022731, 52.095325637895, 81.59232176301306, 62.589046290325065, 13.399195108535714, 41.2785832021846, 32.14508671897525, 43.8691094435793, 26.275971487577422, 64.16660299492247, 77.45022327979747, 20.190004912949686, 15.499624655744224, 37.05470424036075, 19.991704907267945, 60.66997639507594, 53.54094511539415, 41.33895280640078, 28.38220753843232, 71.68717034281403, 18.561258956094104, 52.3353941601998, 36.821220127067, 40.28864037697293, 62.64499140169912, 41.64025570634091, 17.972445941110315, 62.40023909660014, 33.15441157362895, 54.47299128230889], [63.46639268360266, 95.68862950719415, 46.27505673797111, 80.72945058805813, 88.46064243832203, 42.32399413456078, 20.004241610907716, 91.59067502471412, 87.39818357638228, 46.07531949761891, 37.62890195618243, 44.57443492095036, 63.75811547928701, 17.50875880082989, 63.051378156919554, 54.351863282010406, 45.16062742103461, 75.03728117444444, 79.61437238602058, 87.21627593345198, 36.64036294746205, 0.0, 58.59477208655625, 71.4059791824487, 50.56238520011851, 72.96604107093957, 69.48241956363555, 86.21634991110741, 100.01860879500565, 103.70203705202753, 79.32200205221417, 71.22462323739228, 82.05274164313758, 55.72849559345199, 23.479019886215927, 77.06581137504227, 8.935336747515665, 44.005222073424314, 10.660400607940206, 92.68717640266455, 79.43890292200751, 56.81233022066206, 46.596727009605594, 27.456681486870487, 53.365457538915585, 93.30342322039527, 66.02508714689594, 54.491851068078724, 57.226194906882355, 77.77622808734536, 44.262635358070476, 54.47553472567428, 42.051084996279144, 70.50615031504842, 96.93591009503322, 78.22010491139577, 28.41776617577029, 61.3615339412015, 62.3628464544257, 18.705293913338956], [23.511019819402406, 78.76999975764205, 26.34927802210214, 48.123930903121526, 34.57284844931176, 25.79411305554492, 42.717240176051085, 36.324090652148044, 48.57819792713093, 21.9066066240902, 39.85990682992493, 58.33185347435877, 32.5971422351373, 41.12137101257025, 60.60254226090447, 52.74701809240234, 57.870386429514134, 16.848364599898744, 25.256301846179337, 73.47013662063388, 27.358260907593248, 58.59477208655625, 0.0, 30.873613999552006, 18.406953815282833, 64.98228322403365, 27.98109470067571, 28.013923985061755, 52.70910168655495, 48.991543373739106, 35.87526524593777, 30.2229399225476, 69.27202191091354, 59.13711752090966, 38.66582355974211, 22.70781030248623, 56.76026511654901, 41.41447759109168, 48.08999173720304, 36.80892768583069, 64.55124541970179, 21.46235055552203, 35.11797890381562, 45.39812758179389, 33.591394832567325, 34.73660323740071, 36.95490370815508, 28.617573649200907, 4.5996337302888515, 56.56988574444982, 41.18295665801228, 44.822859674877066, 34.124426160799665, 12.937729232250657, 38.68206870784746, 28.78125707551807, 30.760914796127416, 54.55739613500095, 6.469144331407828, 73.595223788977], [54.081143843558486, 109.40753652260165, 25.142660517319612, 77.94649392265121, 23.041728265240362, 29.13880147186158, 51.551300495746155, 55.12619762899112, 76.83556314815452, 50.68815677446891, 66.7069462026365, 85.71960777787106, 63.413291406340925, 55.565246596604716, 90.79496099154395, 82.37916120937352, 85.43012163846899, 35.92068155351941, 48.360676514071, 104.31032539826435, 35.027448174375294, 71.4059791824487, 30.873613999552006, 0.0, 22.30583362858532, 95.72216842145609, 2.909172965316439, 41.8014180610589, 76.53048030026571, 66.11389329822484, 7.924521124812181, 59.85040768969967, 100.14399220342784, 88.50189414019549, 47.92703808350443, 18.702445559699676, 65.85896204153806, 69.8646237923772, 61.24176753698528, 54.457514280016674, 95.41733574107138, 15.167523216819513, 27.47160986927753, 68.94545918537818, 20.702750544086, 42.94786672871915, 67.7502809989564, 59.21080806365319, 35.43312821403625, 87.32291393757849, 33.13923652050145, 74.91632294983653, 62.21750154369327, 36.242556174743775, 39.84143954784323, 11.589441270040906, 50.207125301289, 84.91795924178047, 35.779878087509836, 89.47925855120378], [40.17363994886291, 94.07711701909312, 8.242152573641135, 65.11971856425625, 38.13141995265196, 9.429501945184342, 31.463486613997993, 53.63168291454134, 66.50490918756395, 31.293125423654466, 45.38387836480432, 64.29131207903231, 48.06379224840978, 33.8904839151821, 71.49540910045522, 62.50080677297868, 64.07915627157132, 32.98274346600331, 43.26439504575349, 87.92912795073583, 14.078867583512727, 50.56238520011851, 18.406953815282833, 22.30583362858532, 0.0, 77.6527843451858, 19.849241934980345, 43.18597090302078, 71.08954213662194, 66.16436864705912, 29.868734079795285, 47.75352017069944, 83.32130282504406, 68.25419318304294, 27.475896733249478, 27.355619751911092, 46.211824618170446, 49.29028344373912, 40.05466605062922, 53.80862053194661, 78.81457700272705, 7.21833767219867, 16.76481887784566, 46.76879836401675, 15.624503399839705, 48.15220861425248, 52.38980459104744, 41.65054188276514, 21.448763536305826, 71.75795682232456, 23.006287525318047, 55.786550045966386, 41.662177055728506, 30.284338968044096, 49.250037367577676, 27.66099874361385, 27.905094520479597, 66.01313694607514, 24.875034024857555, 68.04304254506765], [43.372995843159046, 23.056326634331516, 82.08804912007048, 30.015926476627, 95.55962543651643, 78.52423417557388, 75.32302185662891, 66.6345201031582, 39.03271589110424, 46.3906102296816, 38.10951603628652, 29.86123577041863, 33.64139038051281, 66.27793743554012, 10.105973348937454, 18.807261427026486, 29.0394956790977, 68.13170767576823, 60.18211820775849, 14.398242995892554, 74.69277694153416, 72.96604107093957, 64.98228322403365, 95.72216842145609, 77.6527843451858, 0.0, 92.81395009851077, 73.47506612720187, 56.04575905069204, 71.90974037851724, 100.79782478684406, 41.50864963701924, 9.443288341581377, 17.879577805326107, 73.94718100058036, 85.31863830087062, 79.20357941224385, 31.715458736285985, 69.46888120715758, 68.69567010954674, 9.064112277112471, 83.770479449498, 89.79726847815652, 46.088553235783166, 92.25205836896306, 81.19437098641474, 29.842425263978587, 36.53334095374279, 60.38467229349904, 15.898574266888778, 93.18735957913044, 22.357571588418217, 37.98410839403375, 64.5804150891523, 89.72733964885894, 93.02891254108948, 58.67928577051718, 12.477601410562693, 61.11122639926424, 72.17021070693693], [51.229660061114444, 106.56202014265622, 23.34319577226206, 75.17771240889917, 22.92735183533035, 27.158664085112864, 49.73258659343825, 53.07572558254555, 74.19640422831782, 47.806984392157005, 63.92054101371109, 82.93321649838798, 60.53638157633569, 53.401647073267554, 87.8930338882026, 79.49320380158797, 82.63501476120544, 33.541374218449555, 45.951555005221316, 101.43082371591179, 32.94914511839648, 69.48241956363555, 27.98109470067571, 2.909172965316439, 19.849241934980345, 92.81395009851077, 0.0, 39.91012784868266, 74.23649709898092, 64.2861922865915, 10.028694334697034, 57.079486387043644, 97.25308318568486, 85.62772498259555, 46.02282972111045, 17.103782839634068, 64.17457529492438, 67.015821401016, 59.218226602524645, 52.48425930896239, 92.52975764843218, 12.847958945280826, 26.515182868885233, 66.32590212617673, 20.032573805571403, 41.52313855271335, 64.87728170200056, 56.30174292486355, 32.535013219095724, 84.45865565432598, 32.46608825705598, 72.01487297734083, 59.373556494798486, 33.65452203961215, 38.97779650408151, 11.175003401813868, 47.69768499456991, 82.01170414002503, 32.95315649291827, 87.41971680591544], [32.42886780271332, 79.52313370317016, 51.35773031425325, 46.91496613537553, 26.906434019420054, 52.14637924093313, 70.71747290681895, 13.702782133573553, 41.95269541720905, 43.875694850064555, 61.44181522362328, 77.4083344510718, 41.01407699776944, 68.86274153525066, 72.849125997791, 67.72383885002851, 76.71938908198443, 11.209745921581204, 13.310803436999823, 77.02043694917371, 54.83271006756345, 86.21634991110741, 28.013923985061755, 41.8014180610589, 43.18597090302078, 73.47506612720187, 39.91012784868266, 0.0, 36.278520814240984, 24.394127383752142, 41.38728648522761, 31.985777742762654, 74.25735360441104, 74.25772184028924, 66.65247420645971, 23.224313587102152, 84.74901333728143, 60.43321774207907, 75.8500885931761, 12.740875581539209, 69.53368297589395, 42.33030080880955, 59.18440912129229, 69.51188312440891, 55.301058654634176, 8.241307970770212, 44.04364249545129, 43.64535150828634, 28.99884707069353, 60.16796956568599, 65.70345457795882, 59.201040474028595, 54.78068874143368, 15.742090486909515, 16.25420625291068, 31.874861603341014, 57.9359218231887, 66.60972788047017, 23.904442816174107, 100.19692683056084], [36.76508341509772, 51.99188621149663, 79.04588381284987, 26.509504515506247, 63.05390550351347, 78.13109158600989, 90.24396981548686, 22.75822308382947, 17.172677410345976, 54.22479605365997, 65.19484347139161, 73.73857351993956, 37.195511266616144, 84.89607280521763, 60.441151774044044, 60.2746501471449, 72.83089478443587, 40.73629499734701, 28.513871950016007, 52.9220715094056, 78.43541679186858, 100.01860879500565, 52.70910168655495, 76.53048030026571, 71.08954213662194, 56.04575905069204, 74.23649709898092, 36.278520814240984, 0.0, 18.98808145914374, 77.2416626486004, 28.794053766885426, 52.34123296234497, 65.45271171956416, 86.73255575191274, 58.73044786962354, 101.71188444948251, 60.69365703810588, 91.31349048489069, 24.230037690125872, 48.6249998488809, 73.00015628062154, 87.82611713821338, 75.77791763861372, 85.84616677293747, 39.91730492598975, 36.43427973336682, 45.88546532871396, 50.376180409226265, 40.14994622932081, 93.85625922877702, 53.517362212537236, 59.14962137157352, 41.57178553740864, 48.53713775531144, 67.68116038793961, 73.15985134646003, 55.51476332131169, 46.26560244938918, 108.85815049296949], [41.66714824442962, 70.56143295078307, 74.40610486064233, 41.939395285912255, 48.75579833229763, 74.56657607868588, 90.70118376303415, 12.669620273936257, 33.43233765737829, 58.05479896671397, 72.7609798143201, 84.86409901416604, 46.220590027664066, 87.12358989251292, 74.63225818745978, 72.5086901000844, 84.02132134988388, 33.211736149670756, 24.367257195994398, 70.74019508597821, 76.3200241759527, 103.70203705202753, 48.991543373739106, 66.11389329822484, 66.16436864705912, 71.90974037851724, 64.2861922865915, 24.394127383752142, 18.98808145914374, 0.0, 65.12167661226975, 36.053813107386716, 69.54296869111215, 78.41332930923457, 86.81332433681928, 47.4418137799103, 103.76366824623986, 69.63968869646718, 93.9781171691581, 12.363401934110893, 65.42262530239098, 66.20481782837257, 82.65230004354457, 82.56976066760615, 79.26756439627009, 24.591149581209553, 47.169275722922535, 52.94956780144477, 48.28195336131106, 56.3411599034787, 89.08175841149018, 64.7053460652141, 66.14284806617069, 36.14006995742836, 32.06368469459801, 55.777104321890256, 75.47788853581837, 69.02313021866159, 43.26424869508247, 115.22706772707502], [58.26380225370425, 113.30010707420449, 33.065414419328164, 81.23998330563963, 18.359654104070607, 37.034094276354416, 59.475569253511715, 55.05673863251554, 79.26432408898609, 56.75868390705424, 73.39771706088382, 92.38848127478651, 67.85037759899289, 63.392868244473014, 96.41716448004325, 88.30413624910048, 92.05591494914889, 37.545918861230746, 49.86442194577288, 108.64992776249152, 42.89201342022731, 79.32200205221417, 35.87526524593777, 7.924521124812181, 29.868734079795285, 100.79782478684406, 10.028694334697034, 41.38728648522761, 77.2416626486004, 65.12167661226975, 0.0, 63.26794410226724, 104.68745856990675, 94.55937112504039, 55.84379867107816, 18.54686014763998, 73.77340865447593, 76.18053620916626, 69.13300275585549, 54.111363056335044, 99.90990497540511, 22.867340759598378, 35.11385549062631, 76.18671701921045, 28.19905421535203, 40.98986332566105, 72.11055405577514, 64.4921303007129, 40.47107717679727, 91.49282025673455, 40.523642328630395, 80.5830659172084, 68.58492875294525, 38.8478174010662, 36.36765214090804, 9.560986542685866, 57.67597652867549, 90.41234759711682, 39.935291924060316, 97.3604539479463], [8.424589831487872, 50.15240174165825, 54.87556117257996, 18.098271512598334, 55.02136422901814, 52.99638794129726, 62.14541371288456, 27.035183664637273, 18.95567685624256, 25.5690699229924, 37.212182102231395, 48.95287836040525, 10.264505748682462, 56.29389193476376, 41.21798119885497, 37.27871280624471, 48.132875051964646, 27.366948855147943, 18.735640745875067, 46.242261674182174, 52.095325637895, 71.22462323739228, 30.2229399225476, 59.85040768969967, 47.75352017069944, 41.50864963701924, 57.079486387043644, 31.985777742762654, 28.794053766885426, 36.053813107386716, 63.26794410226724, 0.0, 42.9283546330989, 43.56118585276788, 58.84612139799658, 45.93965672225057, 73.06329070684862, 33.63751910579499, 62.60166189625873, 28.950168375027072, 38.12635427815053, 51.66145296148795, 63.73965886092227, 47.50303405383443, 63.34151713814283, 39.82593253046208, 12.27074649868654, 17.429427425095955, 26.401169684025437, 29.010836278207517, 69.15066266050425, 29.07253813471918, 30.82999242947328, 24.665812353305657, 48.23953700517559, 54.470002917756084, 44.63520581609279, 35.08517686095904, 24.307579251297575, 80.56250321026828], [46.471677414758545, 13.688721909994593, 88.35267692576436, 28.11878483085474, 97.89870664838551, 85.02391433650337, 83.4677371208916, 65.88007569472549, 36.11129432131143, 52.43848285192139, 46.3724049458551, 39.2959139430331, 36.837319104054835, 74.59556353256737, 19.518762425546928, 27.708088329085143, 38.46796184375466, 70.24310029033947, 60.99919545738292, 5.20143579497911, 81.59232176301306, 82.05274164313758, 69.27202191091354, 100.14399220342784, 83.32130282504406, 9.443288341581377, 97.25308318568486, 74.25735360441104, 52.34123296234497, 69.54296869111215, 104.68745856990675, 42.9283546330989, 0.0, 27.312212947769712, 81.84906559183774, 88.32539778680088, 88.05244739996725, 39.813064150563534, 78.13642723806794, 67.9537273425015, 4.818451519739921, 89.05987051750253, 96.38185231332444, 54.94149966821038, 98.33808335560711, 81.5693633151028, 32.59555882734662, 41.680458003663496, 64.730714214019, 14.091266683380601, 100.15247150424469, 29.73331051742246, 45.407658443260445, 67.16774258980094, 90.37240851532884, 96.4