instance_id,num_cities,city_coordinates,distance_matrix,best_route,total_distance
885,86,"[[27.354779895090285, 57.26243134539051], [99.84728252473269, 56.98052015540257], [24.168573812599202, 63.223878792022525], [79.99146232124177, 17.596794781977366], [71.89034611891631, 70.91308174862881], [85.25000743897331, 5.3797006019720595], [39.37847982507689, 96.94499731107501], [65.79223444401865, 46.80957868574694], [50.819970681110405, 29.880703392478136], [73.28604992139744, 22.520962774843532], [95.2308625499601, 72.3897311026836], [47.358806066224076, 27.104899117737137], [67.84906679499082, 60.93591997575787], [92.25013362742035, 94.04896335323288], [76.88652070323683, 21.55400609425365], [68.93377429786524, 69.16756994452888], [58.937542949493626, 98.2149751453626], [37.82419919103729, 19.42057521373801], [33.84680868251716, 24.366715541660312], [56.285192413897065, 80.55624415716531], [45.941426629345706, 77.72662861843308], [70.55983805776555, 40.15222463621528], [45.39447652987728, 66.09913198422797], [27.52805334967444, 18.33015312879963], [19.24808865702691, 67.7165254236488], [50.67911286925688, 94.38611304685051], [14.974492917543781, 14.685710511898165], [26.210797043660396, 97.70082591131938], [57.65398826628716, 9.692066061108251], [35.02216138972395, 19.191873390173885], [63.290536256799555, 35.86324923036437], [86.85836405059638, 38.66013351623069], [12.067923461505748, 7.474544763738034], [79.79574843518971, 54.69145990811713], [31.204181627169547, 17.817598084991136], [91.15750648698501, 30.550412169022422], [48.035352562720426, 52.92945668517246], [52.92718749718739, 3.683401139458964], [61.0245598148216, 82.30544241549384], [49.151865329574996, 23.020457248174033], [38.40130383343714, 35.72938948737826], [81.71123940611655, 79.67284479355503], [52.51862293925635, 77.80795201257446], [64.636766786923, 20.801485642050576], [76.36438496453783, 20.785386392387295], [21.6435667270111, 16.052488882945738], [3.1277331728113533, 17.95677015902615], [94.62844923208318, 91.0065080568766], [40.63179132225733, 12.664133099710783], [63.76518102784557, 10.845923731537798], [8.00648113382032, 13.17142278700909], [47.65287493914878, 70.03597591370618], [77.82280568846902, 27.488385692198815], [3.281209363504445, 89.71645009089622], [32.00134272351871, 24.314675154692544], [23.878566649969446, 21.889559385550406], [50.583933463563305, 10.121681293370365], [84.0579447155119, 47.99471125965156], [60.07753764706029, 42.86525766331293], [11.176808206017597, 95.17697122853225], [15.096998831745513, 9.81222710633668], [34.90532886414025, 42.30234608295975], [67.65901683141638, 57.09845367746931], [1.5287502522826069, 3.165257815337319], [19.434414386760025, 3.74289698587158], [49.96132747159571, 96.30822234332439], [85.5030345250251, 17.844674551454677], [79.72481404873706, 74.60653429591227], [12.200347622577967, 43.386385320011314], [85.6781758183611, 59.5463170287597], [64.59904356376352, 31.347027424553055], [20.89238970405901, 58.41801224786825], [73.46494303278621, 23.21928373388178], [77.4310524933695, 32.38430497277823], [78.40475591611866, 75.3732639971398], [44.320061972564964, 76.41066570238118], [69.18563615291508, 68.47796683733878], [42.66325907885506, 97.75061989571954], [43.553600871204054, 75.26005404638677], [81.50842494461115, 73.5139873408395], [34.800337417736685, 96.7592798488044], [9.607013127230058, 79.75787742740373], [51.78384583784823, 80.31285413427759], [41.48674653508026, 68.28598723109529], [20.300238552968995, 57.962868232922446], [10.205974790364348, 32.835979938731484]]","[[0.0, 72.49305078024894, 6.759494423332158, 65.90889970870627, 46.58064958014458, 77.74107744141477, 41.464145977305044, 39.833403581983184, 36.06070166138793, 57.59037423621976, 69.54133874550962, 36.188918374515666, 40.660568002044606, 74.59662105758046, 61.06132148423777, 43.24979885052282, 51.716358783650044, 39.26340300945695, 33.53020363816128, 37.142569698640074, 27.645014140962395, 46.46973449968115, 20.087755794403105, 38.932663803342564, 13.229003206075983, 43.84281300009286, 44.34014729993067, 40.454572693752574, 56.400192208903455, 38.834985798964304, 41.82467669307418, 62.343580358174485, 52.081874293159956, 52.50395295170615, 39.632218770031585, 69.16877828210302, 21.12961796311572, 59.368851331114016, 41.961964721643575, 40.59095617884198, 24.201189697603247, 58.79499401727591, 32.485957215958834, 52.1473595514163, 61.094322138531304, 41.60381369068526, 46.172337976116786, 75.26227009048901, 46.532647021717175, 58.99330037991598, 48.14949325434925, 23.982829342185187, 58.596206549908025, 40.407921635155574, 33.27379124957372, 35.5432712227335, 52.55324814866099, 57.455543999160845, 35.74992985903637, 41.22182798618692, 49.00790833044006, 16.75753385177006, 40.304570506272476, 59.94570869588472, 54.102428298970786, 45.1179541644248, 70.24940616954432, 55.16736702446861, 20.547541721592992, 58.36809612996899, 45.373376958320065, 6.564895597289306, 57.315643971640974, 55.915599336400184, 54.16735466207705, 25.58272219601584, 43.30829910806878, 43.28559745465868, 24.213967537427635, 56.539635163509054, 40.19250388473781, 28.65359174126566, 33.58721860443435, 17.92292569529445, 7.089228828378576, 29.845151111055696], [72.49305078024894, 0.0, 75.93580498948704, 44.105911397937746, 31.236302049825042, 53.625786880147764, 72.4819669590731, 35.54144552714346, 56.01854492215829, 43.508162133932075, 16.08586694590269, 60.39530522583366, 32.24175860008208, 37.83895020317961, 42.216519064795534, 33.229041115494816, 58.085170830711355, 72.50939477225967, 73.61876662088501, 49.53251918721533, 57.760213955404055, 33.777891193601526, 55.211023920935894, 81.9995230459648, 81.31108080233487, 61.7793435286455, 94.82742925170136, 84.14556016130337, 63.375641779850675, 75.03517944614903, 42.21770752918149, 22.457706243882242, 100.7772666677908, 20.181769401115623, 79.02917034820848, 27.821984396479152, 51.97006062752185, 71.00759264186851, 46.352513266168344, 61.01894129902624, 65.01706585197913, 29.04922817362976, 51.708644692382336, 50.484680417339064, 43.14550018188657, 88.26621612151511, 104.29537041795497, 34.42388812449465, 73.96226443275195, 58.56892551195165, 101.75445843970863, 53.802426602032384, 36.808471512775505, 101.96395242692995, 75.30025881177542, 83.68166656688793, 67.98991351826034, 18.16722185598688, 42.20039387086029, 96.54751105278635, 96.99205356731224, 66.58007314020817, 32.18848173895673, 112.08307744230997, 96.4389645470956, 63.523827584186655, 41.681792929445386, 26.75051610808445, 88.69490233190038, 14.399545077948599, 43.58341771169513, 78.96797758484112, 42.846807603112524, 33.278539182616605, 28.25022076708222, 58.82858810328403, 32.74641718469918, 70.22971999299212, 59.187160376051715, 24.691481010986383, 76.24601491552173, 93.07047988073465, 53.427443837937034, 59.445485503939565, 79.55310938229326, 92.83599988475468], [6.759494423332158, 75.93580498948704, 0.0, 72.09733474066886, 48.33726713586378, 84.12425621861661, 36.99263541685547, 44.74324946110257, 42.6856451370677, 63.79070333206784, 71.6509715856868, 42.92280937553487, 43.74037291484477, 74.73476182490207, 67.1979182342158, 45.15806283491847, 49.32806542781752, 45.88251855388493, 40.044317525244395, 36.495041848613255, 26.16078883189797, 51.811684239658014, 21.419757867040435, 45.01924817991461, 6.662960897594271, 40.91324388052537, 49.401264189234, 34.53737914770428, 63.142125046540286, 45.34994887541489, 47.740255503041716, 67.33043429280752, 57.047471315709146, 56.27774629907102, 45.9481240636239, 74.53235889207919, 25.992272975275583, 66.1220563817763, 41.50264780122585, 47.33370848406636, 30.959934527858085, 59.84752999186296, 31.881349990022287, 58.62878203730568, 67.27130397846275, 47.23892131215976, 49.91821409886819, 75.73947803488963, 53.17260023020832, 65.66080626429026, 52.59716334453069, 24.45234276296872, 64.46551066482877, 33.736305779608024, 39.68977697724037, 41.33533675864555, 59.30948157483458, 61.79534198364523, 41.278652326922874, 34.493276008991835, 54.17654481808782, 23.51570623930261, 43.919693382433614, 64.18410679025921, 59.669082966750224, 41.95044611841747, 76.29671191074544, 56.71032247744403, 23.168180450514402, 61.61944173253958, 51.48549832140651, 5.816333514618352, 63.486216173739784, 61.54649420212437, 55.580311352388506, 24.082645703502898, 45.322636098751154, 39.16821714527714, 22.81772970338225, 58.25585688827972, 35.1803570390457, 22.032071179725154, 32.47516477674444, 18.042839252584905, 6.5301033516982585, 33.44216751608007], [65.90889970870627, 44.105911397937746, 72.09733474066886, 0.0, 53.92823508732607, 13.300740090624197, 89.13782357581148, 32.480837669580644, 31.652335384002697, 8.319253925320092, 56.87271041524246, 33.989620508588196, 45.00797197917385, 77.42873563116342, 5.029928808763257, 52.74293616484358, 83.32201705440997, 42.206684955764715, 46.63862011820511, 67.27465717896102, 69.10138817577524, 24.447964172029547, 59.57707730267321, 52.46853433614079, 78.75115772929392, 82.19375420297615, 65.08210754169615, 96.4832408290157, 23.69488306167185, 44.99758106871675, 24.75044018850902, 22.15442569769096, 68.67362722808383, 37.09518142219611, 48.78778035144471, 17.101951517919957, 47.64021356022826, 30.431192786409397, 67.43109423142002, 31.312886439222634, 45.37105105451096, 62.09986810180479, 66.18262882929366, 15.685557639442258, 4.82936917303813, 58.36832874928857, 76.86457207891912, 74.85470852879637, 39.66755415222872, 17.574597137689455, 72.12088070626474, 61.608862606247875, 10.126531603962182, 105.28868690755581, 48.45803850452343, 56.27685926343777, 30.342710412597388, 30.668707264026718, 32.17234235044765, 103.70217161890358, 65.35970383566769, 51.41131874594389, 41.38200414739857, 79.77885963358895, 62.121546493016936, 84.24546176402089, 5.51714351251018, 57.010363099597434, 72.53094658286794, 42.33321541215131, 20.63965728713833, 71.826681529976, 8.61439702108451, 15.007536644289907, 57.79825284718104, 68.786046662659, 52.015954753396436, 88.41962699349786, 68.21121033999208, 55.93776541179999, 91.15336972377824, 93.90405147806958, 68.76753397029341, 63.65537973272007, 72.05874048858408, 71.43001493884825], [46.58064958014458, 31.236302049825042, 48.33726713586378, 53.92823508732607, 0.0, 66.88127237949061, 41.64951473617455, 24.86294081362619, 46.126096676961474, 48.41224192161781, 23.38718026147349, 50.20909601634352, 10.764557381333658, 30.818662609102525, 49.61129014580593, 3.4333843931732217, 30.21867788293231, 61.74123902026597, 60.11551337007714, 18.34424714712183, 26.828545313215116, 30.789618087776102, 26.929634561455497, 68.79663801365572, 52.73921921134802, 31.636997555058116, 80.00582242457928, 52.95473955222967, 62.854487880498674, 63.51650525087602, 36.089437363624114, 35.556915367968145, 87.19615947612157, 18.045398330840644, 66.8916614125041, 44.72548003366046, 29.874261296124505, 69.85292649362545, 15.743290430217746, 53.01643132226844, 48.57373934888062, 13.159916168495515, 20.56217145405652, 50.63384715261469, 50.32695962722453, 74.39370597592935, 86.79094351573168, 30.34414464093515, 66.10625739428924, 60.614204440933946, 86.1118306916882, 24.25333634442315, 43.82805384839377, 71.1391615591426, 61.339580117342216, 68.61804946701733, 64.41705977108691, 25.94806662312046, 30.433910033276682, 65.38249015289918, 83.41941461134634, 46.759658859607505, 14.448117395831293, 97.67559480543618, 85.22592619004844, 33.55286909727527, 54.78650498149058, 8.661436339454584, 65.73138471663394, 17.869179836180304, 40.23227246535412, 52.50636456964548, 47.71978336615388, 38.92513412913601, 7.8949832612753825, 28.11305741535609, 3.6394011363648047, 39.67966822749235, 28.668228047635214, 9.963541047081216, 45.20724169518751, 62.90821869320851, 22.195203861523687, 30.516888656255418, 53.19066862494209, 72.49018794595563], [77.74107744141477, 53.625786880147764, 84.12425621861661, 13.300740090624197, 66.88127237949061, 0.0, 102.41289277751373, 45.771603947858736, 42.25785807264937, 20.90356783808627, 67.74925576309161, 43.67753875872168, 58.21757678230532, 88.94515120851901, 18.20868113116627, 65.84156543687348, 96.49214469093755, 49.46062522687446, 54.79776983341275, 80.56347317700963, 82.33615559816973, 37.748238424601965, 72.6313478563519, 59.15689481824364, 90.78619394900892, 95.4844919746566, 70.88899605506694, 109.58475506422523, 27.930928556573498, 52.09234719110129, 37.56947047244981, 33.31927409099155, 73.21206039545125, 49.612483783293285, 55.45856634892329, 25.854656559194556, 60.381369983882166, 32.367300178662354, 80.65012130276762, 40.178005908716216, 55.82028882906579, 74.37737662126641, 79.48078468199556, 25.743681632620632, 17.784528147555527, 64.49564101344255, 83.07978460064581, 86.13887232478753, 45.20893900825462, 22.16928869446405, 77.63551565271955, 74.79290280097518, 23.32289180743908, 117.60770031037312, 56.51507369977564, 63.553356965402756, 34.98889917882804, 42.63168008524651, 45.15329692972393, 116.40613667923543, 70.29290083541633, 62.432911273766145, 54.628494123849066, 83.75053827752565, 65.83594318373684, 97.53608050310193, 12.467541789284532, 69.44697448620757, 82.34537559904335, 54.1683086618721, 33.17776923311684, 83.39643555189012, 21.380796743299722, 28.113781561098214, 70.3274938069352, 81.97962209585197, 65.1110991054947, 101.7153767483562, 81.37477568743913, 68.23694357879994, 104.38101699341588, 106.08475751172551, 82.06681101766225, 76.6317421334503, 83.56711073412795, 79.90903648013565], [41.464145977305044, 72.4819669590731, 36.99263541685547, 89.13782357581148, 41.64951473617455, 102.41289277751373, 0.0, 56.66786244253934, 68.03328032521031, 81.78422969305922, 61.011882077279026, 70.29455827139267, 45.904552856468214, 52.95090923185205, 84.20602524269005, 40.559843472047326, 19.600249845461164, 77.54000135294959, 72.78877915056677, 23.546298233496405, 20.308076372763175, 64.78962979778133, 31.427052424848153, 79.5029957514329, 35.48994530078581, 11.5867249849519, 85.80294191746736, 13.189357327214989, 89.14633038154837, 77.87506526333833, 65.59547538808823, 75.17622465681747, 93.54586237730172, 58.471506094551486, 79.54850381567444, 84.19803167675515, 44.85877018138409, 94.24061120377932, 26.131768911865898, 74.56779926839054, 61.22340658721369, 45.72078068378291, 23.214001460712886, 80.22353413766952, 84.66548006283966, 82.81379753634603, 86.90947394542444, 55.56819930587424, 84.29018247651017, 89.48609761749411, 89.4550953854694, 28.152460763987055, 79.38631550000346, 36.813921683111474, 73.0040125496886, 76.63919408910918, 87.54342005858852, 66.27507138745153, 57.90569259656206, 28.257038031927653, 90.45280516811654, 54.825435819122994, 48.86241718244996, 101.12982531687713, 95.31210443189863, 10.601987864027329, 91.56601775191834, 46.11760634689409, 60.05976846796715, 59.51741876063996, 70.27923227049507, 42.732471330628094, 81.22418246111718, 74.94051829201545, 44.59136579767165, 21.12055891154814, 41.216967287087144, 3.382129875528264, 22.08321534882459, 48.207307578833365, 4.581907777081396, 34.376406432852924, 20.749007025983477, 28.73645154302959, 43.400295822753435, 70.43437483535844], [39.833403581983184, 35.54144552714346, 44.74324946110257, 32.480837669580644, 24.86294081362619, 45.771603947858736, 56.66786244253934, 0.0, 22.599900461752974, 25.418381798934252, 38.99970541470328, 26.98269220513819, 14.275296058641771, 54.14406609187893, 27.58490773096159, 22.577622677799273, 51.86040474827959, 39.14547875683379, 39.040905896095765, 35.06025211835076, 36.741237696017926, 8.18843130023255, 28.074105406563838, 47.699321115446416, 51.02409165229897, 49.91926547483244, 60.11976181175722, 64.47177080593346, 37.99922096950902, 41.3465239356316, 11.228562791635957, 22.587502588203122, 66.58488179903414, 16.069301655780674, 45.13167775316739, 30.129014614359146, 18.78189982068453, 45.00418450208964, 35.81462080339049, 29.031434395091836, 29.54714321868253, 36.515872963081485, 33.720734145162524, 26.033747507344412, 28.08965914977029, 53.80616539323651, 68.98785602878779, 52.772112418776786, 42.41414094794733, 36.020736017153105, 66.86343408691248, 29.470356147116128, 22.760561134597044, 75.81970634600673, 40.59365773292664, 48.76231034182123, 39.7151637763924, 18.304117322063462, 6.943732988038997, 72.95374866685343, 62.75994692217623, 31.214036618738547, 10.456855410551888, 77.68283043698125, 63.27548145292574, 51.96858031069679, 35.035429372881175, 31.093206904970693, 53.70110414043015, 23.61514700276406, 15.508520109339019, 46.376198501372066, 24.8067021791318, 18.535118215969423, 31.22434653363404, 36.56881927558238, 21.93249234004168, 55.945859373133864, 36.11075146590403, 30.985869125604605, 58.783248698642105, 65.13347437674408, 36.313969999458905, 32.43443951262703, 46.839273669372936, 57.31573714283074], [36.06070166138793, 56.01854492215829, 42.6856451370677, 31.652335384002697, 46.126096676961474, 42.25785807264937, 68.03328032521031, 22.599900461752974, 0.0, 23.640865009337464, 61.47637557187049, 4.436749921171085, 35.41774402033802, 76.38078284587553, 27.364190431150668, 43.26161999908237, 68.81473443623457, 16.68245659781168, 17.84635229534194, 50.96939356498167, 48.09399913495113, 22.252337241478195, 36.62254164364819, 25.998627355462645, 49.278120533529545, 64.50556344689623, 38.93309754873384, 72.1469364948284, 21.31395959581623, 19.07411505745878, 13.83133617840204, 37.092373743825895, 44.76334558773208, 38.14668183908162, 23.028193369611675, 40.34309488296103, 23.216354718446937, 26.28191408642074, 53.408678143342605, 7.060138286482807, 13.726995858897064, 58.5963124159309, 47.95734125018431, 16.53287783748725, 27.115344224544017, 32.287490831813244, 49.16024514080282, 75.2033695310339, 20.00523159810851, 23.019585306033797, 45.958622102585075, 40.279975256854904, 27.10860163146933, 76.4215310666409, 19.624510912378895, 28.101559275396717, 19.760431874862874, 37.85340405992, 15.946824001703307, 76.38836903838386, 40.97407055929321, 20.18843805975218, 32.005615223399026, 56.065492450779956, 40.84407016514245, 66.4330681372333, 36.71213570283008, 53.25307427848287, 40.91306306683511, 45.77273312582269, 13.856873950227978, 41.35260692926016, 23.604433580920674, 26.728593230688897, 53.202381965757354, 46.98176460905255, 42.74396347619409, 68.35830242420687, 45.95743243464234, 53.344584478663876, 68.77043433567704, 64.70116196830006, 50.44136084367033, 39.52309324540259, 41.47363055363484, 40.72137426068001], [57.59037423621976, 43.508162133932075, 63.79070333206784, 8.319253925320092, 48.41224192161781, 20.90356783808627, 81.78422969305922, 25.418381798934252, 23.640865009337464, 0.0, 54.48365677740902, 26.3293457252801, 38.79780563723818, 73.99926579062193, 3.7280551327758764, 46.84920771524459, 77.0419571472004, 35.59712432558847, 39.48240814305539, 60.47415184287909, 61.60676881819308, 17.840785463360888, 51.73970137038188, 45.94950637109378, 70.44671845268374, 75.33706542265627, 58.835608760661806, 88.70226183543535, 20.222312985434108, 38.40843659530356, 16.671139771483464, 21.087449894221457, 63.040095988380365, 32.822508443786475, 42.34389304892139, 19.592371406988054, 39.52561472000163, 27.736924984122233, 61.028912373865786, 24.139352945782274, 37.30158235037573, 57.769554577944774, 59.05876059003894, 8.818542983424287, 3.533889078220492, 52.04601065377286, 70.30662318181139, 71.73400811967892, 34.109495685279384, 15.06497531199161, 65.94570493274091, 53.98829626184612, 6.727365259142968, 97.03561829131516, 41.3236548784858, 49.41151761944221, 25.867513852743304, 27.657649562512166, 24.25603287865345, 95.58479727907553, 59.56070541058173, 43.178500141362065, 35.03236187465684, 74.32195752456067, 57.03169649002545, 77.3860604501008, 13.081375476358774, 52.48203925309955, 64.55097894941946, 39.044098681800634, 12.384001641570636, 63.51136742220793, 0.7208709365305663, 10.698904880183504, 53.09959411853103, 61.181112604055905, 46.1395667022672, 81.2234980132638, 60.54279705027274, 51.65167959912473, 83.62103676042518, 85.62175030900374, 61.662366864654395, 55.72820793221656, 63.74656750657312, 63.91788057834898], [69.54133874550962, 16.08586694590269, 71.6509715856868, 56.87271041524246, 23.38718026147349, 67.74925576309161, 61.011882077279026, 38.99970541470328, 61.47637557187049, 54.48365677740902, 0.0, 65.89726701379081, 29.68084446403338, 21.863373175082085, 54.04429493408303, 26.49375724708721, 44.54377933545301, 78.11054009282044, 77.93723174950095, 39.79267718834775, 49.57752483198375, 40.59453500990065, 50.23183262446056, 86.63779974309554, 76.12634747433486, 49.6860062617807, 98.84755363142187, 73.51476697171563, 73.09595530941873, 80.34363547041576, 48.5218334534303, 34.753193874317475, 105.49907987868896, 23.48343141477423, 84.12807838105867, 42.03713642065066, 51.05015615412432, 80.68556686289118, 35.61449813835563, 67.53220850644394, 67.62824403505992, 15.35656064962819, 43.05452973138306, 59.97787729875414, 54.944994034582685, 92.67672289987179, 106.98567043374331, 18.626521037695877, 80.92098390244938, 69.12112079088301, 105.42722965723094, 47.63617394988973, 48.157774692821604, 93.56791069595367, 79.43036687492267, 87.4152016165367, 76.6202212467496, 26.83190425738094, 45.906979682842774, 87.08812986973325, 101.67290750648475, 67.41231899144316, 31.52823879670486, 116.49941438031817, 102.26186673642223, 51.199853802915044, 55.40572021244261, 15.663708262087555, 87.95032959401279, 16.006470843578665, 51.21339531425293, 75.64005204135422, 53.77255942277809, 43.7866116282822, 17.08857316997838, 51.06934041561866, 26.33734454611852, 58.36546594578056, 51.75691382236557, 13.76841479334957, 65.15921480378537, 85.94028839973039, 44.1635498998473, 53.9005632622189, 76.3068331464578, 93.77489413308713], [36.188918374515666, 60.39530522583366, 42.92280937553487, 33.989620508588196, 50.20909601634352, 43.67753875872168, 70.29455827139267, 26.98269220513819, 4.436749921171085, 26.3293457252801, 65.89726701379081, 0.0, 39.55235463317797, 80.60235124717393, 30.044938759182294, 47.2731163694479, 72.04658257312876, 12.245716072403914, 13.786650158526527, 54.19157369694965, 50.64156851944573, 26.61805005363206, 39.043677943727054, 21.685361894036163, 49.39146307278979, 67.36309215765993, 34.68400184147135, 73.69547588192411, 20.22863148091149, 14.656356233364994, 18.18044893726917, 41.155054646603475, 40.38313022889115, 42.58137581723879, 18.633997189002226, 43.934015508875824, 25.833418061025192, 24.074331544347924, 56.86697465036118, 4.460686820180126, 12.434576003483814, 62.79712245754177, 50.964922083918665, 18.39187179466739, 29.68602109263151, 27.989807185315307, 45.167201294164734, 79.48480854879352, 15.930739171580543, 23.09812589779432, 41.74622426333243, 42.93208393921049, 30.46641322730545, 76.57049592599031, 15.608876643964079, 24.05247204689703, 17.28673290124416, 42.22808341523596, 20.25228467384518, 77.09049208957792, 36.604107847733786, 19.648193013190184, 36.21756303561657, 51.70590335345238, 36.40816933433226, 69.25224229676988, 39.25218368110476, 57.48011671286463, 38.745373828218966, 50.207765278675865, 17.754476662043686, 40.99978352328056, 26.393718840439202, 30.532149144094053, 57.390644274248416, 49.399317648790955, 46.77757202083092, 70.80159620906329, 48.30526402762391, 57.61944063628864, 70.77745325895468, 64.78837854883312, 53.39164217387069, 41.597633362217444, 41.04120287933961, 37.59226195893604], [40.660568002044606, 32.24175860008208, 43.74037291484477, 45.00797197917385, 10.764557381333658, 58.21757678230532, 45.904552856468214, 14.275296058641771, 35.41774402033802, 38.79780563723818, 29.68084446403338, 39.55235463317797, 0.0, 41.13253826691509, 40.40557775993168, 8.302809860231646, 38.3294040077236, 51.23491510039133, 49.93455987279853, 22.774554039217495, 27.602039677360715, 20.959729788477944, 23.040559503157503, 58.66034004227004, 49.07169944282359, 37.59950444228222, 70.24814900175308, 55.54641137225018, 52.24817882215978, 53.10528357730279, 25.48370104546303, 29.284194449266103, 77.26353985646253, 13.480225656443032, 56.58654691389625, 38.29572359348379, 21.3702299028711, 59.165136650556086, 22.432797079828404, 42.274905753710996, 38.76260985410378, 23.30734178597867, 22.79666584975075, 40.26278294689148, 41.04358647289471, 64.41638474173546, 77.6920738866104, 40.26630838873078, 55.416112209042346, 50.25620207203359, 76.56750126723817, 22.15168579480507, 34.902908434185505, 70.69177552587809, 51.24621833217359, 58.80495862037343, 53.66723098709878, 20.741326053947986, 19.670930372190117, 66.21325006726804, 73.4602793828458, 37.84838100731562, 3.842169514630394, 87.95358885672866, 74.93344010874897, 39.63799935521832, 46.56734917118026, 18.108535797387702, 58.350373710571205, 17.88317994422495, 29.766847555800414, 47.024136172270154, 38.13243652483062, 30.11659292154917, 17.884615601505928, 28.161708457360778, 7.65956190071107, 44.60545976123314, 28.20373169151975, 18.568409832296656, 48.739425786982565, 61.207866306136594, 25.17055624704034, 27.367780657994068, 47.64168451949269, 64.12747216239161], [74.59662105758046, 37.83895020317961, 74.73476182490207, 77.42873563116342, 30.818662609102525, 88.94515120851901, 52.95090923185205, 54.14406609187893, 76.38078284587553, 73.99926579062193, 21.863373175082085, 80.60235124717393, 41.13253826691509, 0.0, 74.10505671049286, 34.098920075914876, 33.57207696773101, 92.36654511008065, 90.92064685588946, 38.412634220997084, 49.10106877684416, 58.09756764469104, 54.558644370973425, 99.61067160341166, 77.6060297733027, 41.57238791303146, 110.77026021762138, 66.14023039396136, 91.17554164688424, 94.22645448161605, 64.99411979446023, 55.65063925852019, 118.00134228558576, 41.28104635239703, 97.66181088981004, 63.50795097121156, 60.38013492220775, 98.55064143156373, 33.360856462944234, 83.08134212799793, 79.37801437473885, 17.825293160274942, 42.92276075616625, 78.2795696163311, 74.96605044737262, 105.20806679744724, 117.1871329451155, 3.861724918441124, 96.37397915271315, 87.94394991634947, 116.78257384346185, 50.65115051289043, 68.10622798267859, 89.07435184073319, 92.15632238723039, 99.40649250387645, 93.70091200223358, 46.777196314737964, 60.455336077701396, 81.08117226983961, 114.22974193408969, 77.24078606704389, 44.38539388778031, 128.41424116427908, 116.00566620334084, 42.349113063548586, 76.50239851195754, 23.127725313940665, 94.7347088051329, 35.122973006790545, 68.52820989134862, 79.7589637251193, 73.27842042959612, 63.42030636031142, 23.248144665925174, 51.072510344211715, 34.43612792645724, 49.72484679366731, 52.19554976641337, 23.1747609535872, 57.5136931525037, 83.86966378225445, 42.73407474069776, 56.92672841255321, 80.49219628173064, 102.36343750472675], [61.06132148423777, 42.216519064795534, 67.1979182342158, 5.029928808763257, 49.61129014580593, 18.20868113116627, 84.20602524269005, 27.58490773096159, 27.364190431150668, 3.7280551327758764, 54.04429493408303, 30.044938759182294, 40.40557775993168, 74.10505671049286, 0.0, 48.27315649418822, 78.73417287467655, 39.12053794676633, 43.131521480954184, 62.49543042269293, 64.132381590628, 19.644863100339304, 54.55288339556846, 49.46363843709388, 73.84556208454465, 77.40377270218204, 62.291834687565846, 91.46784755680233, 22.596369736934705, 41.93094622880094, 19.73842020517589, 19.800435730589204, 66.33009708829947, 33.264913215914135, 45.834886803312436, 16.86998392121579, 42.624040198643016, 29.88993424430431, 62.788046778979485, 27.77339712175346, 41.012844474110636, 58.318756179443064, 61.30498244691998, 12.272846370798819, 0.929194261564216, 55.516219752840804, 73.84645451429704, 71.68281563102022, 37.32874555014086, 16.936132461801986, 69.38823786483758, 56.613668334020616, 6.00778584722184, 100.31879499383139, 44.96999550736287, 53.009016109758214, 28.67968175997648, 27.395988976624572, 27.142427209491814, 98.68184894716155, 62.89526521852493, 46.828560521523286, 36.72267122229028, 77.56893470071674, 60.14964777844043, 79.45538922926528, 9.3810154533223, 53.12839784618856, 68.2711781828778, 38.99626763944825, 15.712586077052316, 67.039523089345, 3.8053046358960154, 10.84397937422586, 53.84066826646014, 63.79519838999268, 47.5516741521892, 83.52936963140942, 63.20935952187418, 52.165138262655724, 86.18050837653274, 88.96191757058658, 63.896373202146904, 58.62612107355055, 67.2875365117665, 67.62823476231046], [43.24979885052282, 33.229041115494816, 45.15806283491847, 52.74293616484358, 3.4333843931732217, 65.84156543687348, 40.559843472047326, 22.577622677799273, 43.26161999908237, 46.84920771524459, 26.49375724708721, 47.2731163694479, 8.302809860231646, 34.098920075914876, 48.27315649418822, 0.0, 30.71931623704521, 58.6734109122071, 56.90528720004536, 17.02023865863866, 24.533763198771823, 29.060873123702546, 23.738446683096573, 65.56581941633642, 49.70686962384359, 31.13209887040666, 76.68035637839483, 51.37508619486386, 60.53568480743376, 60.39509695434378, 33.7790454841468, 35.38353565191542, 83.90324396172522, 18.098072934602914, 63.72081114574683, 44.55534925317135, 26.465455848023097, 67.4120700253191, 15.334906807741817, 50.20836516597405, 45.28072067609065, 16.54159648420191, 18.55029370139036, 48.55658950444864, 48.949460264162134, 71.11663355554042, 83.38453731491907, 33.72173687475308, 63.195257857120474, 58.55022436664261, 82.75085225412538, 21.298610434559375, 42.61653762335482, 68.79328279512637, 58.10152040198187, 65.30836101610488, 61.83149379765319, 26.0198092943012, 27.753280147644965, 63.34316133006905, 80.13398227985881, 43.35522288915399, 12.13625041213591, 94.33844642024164, 82.04007839682014, 33.114479479645595, 53.931252312585684, 12.084240651382073, 62.316540203734505, 19.311744870642343, 38.06814057768602, 49.229337029497344, 46.171165198637425, 37.75198430167361, 11.322991278275575, 25.657304429539295, 0.7341572307587657, 38.82178144269665, 26.10117939287016, 13.30463013655994, 43.89070480969081, 60.26457668962274, 20.453298165674013, 27.46118207746554, 49.907575972954014, 69.05750406250272], [51.716358783650044, 58.085170830711355, 49.32806542781752, 83.32201705440997, 30.21867788293231, 96.49214469093755, 19.600249845461164, 51.86040474827959, 68.81473443623457, 77.0419571472004, 44.54377933545301, 72.04658257312876, 38.3294040077236, 33.57207696773101, 78.73417287467655, 30.71931623704521, 0.0, 81.57408133253813, 77.9942971796774, 17.85681224287243, 24.262551036821332, 59.21453149583511, 34.85458406001624, 85.83787523895901, 50.054052957395065, 9.102848584898107, 94.39220210546556, 32.73078439359251, 88.53221416729586, 82.56267974188025, 62.50349010505343, 65.77500598579044, 102.13024496588278, 48.26345527094243, 85.04632601366225, 74.94410672718956, 46.57935097699057, 94.72245170336704, 16.045836565256693, 75.82858964975934, 65.77374500553505, 29.367530510443384, 21.392735384704192, 77.62299600909851, 79.36646670396881, 90.23034307429475, 97.75538008180553, 36.411574932133554, 87.4874111936005, 87.50232702258333, 99.12809316939345, 30.354566868947305, 73.20453267658029, 56.30144222252481, 78.6562980397936, 83.99226696594624, 88.48848068046415, 56.15255550406078, 55.3614560254081, 47.857259125814494, 98.67643674855573, 60.85860171343171, 42.03132693947207, 111.04151585541806, 102.39858748057436, 9.176499907575584, 84.64697608423322, 31.455828062466207, 72.04540019503592, 47.01411029431775, 67.10719053572649, 55.05662486325462, 76.38978389461582, 68.37899553679492, 30.011933440996092, 26.25068876041465, 31.45334763451246, 16.280907262803186, 27.633206048672207, 33.46017801143203, 24.181061591226708, 52.670348667115526, 19.27851962835049, 34.644979622878424, 55.79492272528221, 81.54249658599225], [39.26340300945695, 72.50939477225967, 45.88251855388493, 42.206684955764715, 61.74123902026597, 49.46062522687446, 77.54000135294959, 39.14547875683379, 16.68245659781168, 35.59712432558847, 78.11054009282044, 12.245716072403914, 51.23491510039133, 92.36654511008065, 39.12053794676633, 58.6734109122071, 81.57408133253813, 0.0, 6.346963006097116, 63.862181985388006, 58.86837219523214, 38.74820434277377, 47.28844215199744, 10.353725875738396, 51.7452479871336, 76.05971777677262, 23.335124180720733, 79.13702520762888, 22.08765322757717, 2.8113556096820003, 30.313294977023805, 52.673616993229494, 28.391783722900925, 54.823774524183385, 6.811326465616147, 54.48224424319547, 35.03016972049492, 21.811898212211318, 67.028078116981, 11.885923220685427, 16.319021808318396, 74.54131933604964, 60.20807137536901, 26.84810411732946, 38.56434401113676, 16.527458136917726, 34.727330438605655, 91.38527563972222, 7.316562281255413, 27.32140528411406, 30.4655250437634, 51.560853900802044, 40.80414302068786, 78.3245055584146, 7.606436200572123, 14.162505068353918, 15.788611302065975, 54.35108532487877, 32.32435935327595, 80.30638195971002, 24.674804751494893, 23.067189731235242, 48.059742708033525, 39.769271521974055, 24.165549440559882, 77.83970814451018, 47.70487188645317, 69.29034279950346, 35.08478050739931, 62.4506063641838, 29.31096302615396, 42.51454183846134, 35.84261162379461, 41.67446601670967, 69.11935305115178, 57.35910256602847, 58.2251440635845, 78.4793756376738, 56.132641483494496, 69.52991309675036, 77.39779696253679, 66.60930586474194, 62.471924627312454, 49.0024769238601, 42.33907825663237, 30.70406166912292], [33.53020363816128, 73.61876662088501, 40.044317525244395, 46.63862011820511, 60.11551337007714, 54.79776983341275, 72.78877915056677, 39.040905896095765, 17.84635229534194, 39.48240814305539, 77.93723174950095, 13.786650158526527, 49.93455987279853, 90.92064685588946, 43.131521480954184, 56.90528720004536, 77.9942971796774, 6.346963006097116, 0.0, 60.50408408123628, 54.71343625509636, 39.96284303302417, 43.30061448581124, 8.738807396932986, 45.74197900383407, 72.01418256999638, 21.210520048295436, 73.73059349725929, 27.966536022735134, 5.30664161962526, 31.6085966206041, 54.904706537224115, 27.56202596073954, 55.053566508317026, 7.06218218505471, 57.6433360139252, 31.89271012428601, 28.140013332826022, 63.99629855210499, 15.36415211986753, 12.241478067474173, 73.14213328391187, 56.60920775967752, 30.99568331732886, 42.668140472404936, 14.76636309851222, 31.380710635346674, 90.19573035553138, 13.52724751130846, 32.83170441762639, 28.1612696391034, 47.710468541109734, 44.086654865120465, 72.14460248269462, 1.8461995579291555, 10.271424041543806, 21.97845187157782, 55.49270549696884, 32.09746411537644, 74.35066396505596, 23.735806349354615, 17.96683911791099, 47.059877829162076, 38.65176206101237, 25.16066376625363, 73.72420305908666, 52.06632968598908, 68.03551105741023, 28.81522366557272, 62.642597168075405, 31.534500220770884, 36.43223543022915, 39.63474699237363, 44.31555086930315, 67.72797536478994, 53.08730340494886, 56.52110418112023, 73.91161759721403, 51.81074906572019, 68.46228151338148, 72.39884380301167, 60.46278610529579, 58.7512359473064, 44.578818693651264, 36.22445359048728, 25.1120980115931], [37.142569698640074, 49.53251918721533, 36.495041848613255, 67.27465717896102, 18.34424714712183, 80.56347317700963, 23.546298233496405, 35.06025211835076, 50.96939356498167, 60.47415184287909, 39.79267718834775, 54.19157369694965, 22.774554039217495, 38.412634220997084, 62.49543042269293, 17.02023865863866, 17.85681224287243, 63.862181985388006, 60.50408408123628, 0.0, 10.723815305323486, 42.851491242514825, 18.10015980170711, 68.54968600824873, 39.19955907727764, 14.922915310579084, 77.75282049926082, 34.61800023701811, 70.87739653313469, 64.94384103180025, 45.23868519181726, 51.86523798040948, 85.41722109644739, 34.95330182801262, 67.5662253870488, 60.96442833028505, 28.83226046623336, 76.94615123997801, 5.051860836155898, 57.976298006416165, 48.26261876799179, 25.441388721651585, 4.662633946527968, 60.33556131924074, 63.05338540810503, 73.21732496278956, 82.12435459601122, 39.741833865575266, 69.67329265632196, 70.11047713080022, 82.89480148931459, 13.608561602872628, 57.27186383925997, 53.78969782360435, 61.26025987248825, 67.02215525850605, 70.6649276475441, 42.796953104662975, 37.88129281383171, 47.41868815078156, 81.86075518249707, 43.82304511644447, 26.069749060354894, 94.8031261360048, 85.19548195099917, 16.973982578808652, 69.18398123874266, 24.182946673586965, 57.66343682307403, 36.129828554201744, 49.90658405841199, 41.74627882491251, 59.855416312213585, 52.608774204356, 22.71867894196385, 12.662944649759094, 17.672188084054703, 21.93635395463227, 13.789236849785437, 26.187875827671867, 26.909800442042815, 46.6850062756065, 4.5079218827468415, 19.22376668241787, 42.48973452526244, 66.33639961494762], [27.645014140962395, 57.760213955404055, 26.16078883189797, 69.10138817577524, 26.828545313215116, 82.33615559816973, 20.308076372763175, 36.741237696017926, 48.09399913495113, 61.60676881819308, 49.57752483198375, 50.64156851944573, 27.602039677360715, 49.10106877684416, 64.132381590628, 24.533763198771823, 24.262551036821332, 58.86837219523214, 54.71343625509636, 10.723815305323486, 0.0, 44.92106427810741, 11.640353619618255, 62.18515591463239, 28.50853307475969, 17.320048854680707, 70.23609000525283, 28.07608059082797, 69.03539528724158, 59.54450371785317, 45.315936916881554, 56.571961319234354, 77.99211179849388, 40.947943812191156, 61.69504299140285, 65.34592011881124, 24.885422674773828, 74.37204038081633, 15.762818354563315, 54.800292906517214, 42.66874202983236, 35.82271993421974, 6.577699050088634, 59.916505626489204, 64.55897660364558, 66.2878986538712, 73.52175411160721, 50.46564542160404, 65.2787909678024, 69.21499047912975, 74.87612897102787, 7.878781272624021, 59.50044859517307, 44.31309012143386, 55.20111151158355, 60.03788879522077, 67.7641628925663, 48.34103702696549, 37.61841064659227, 38.89849806007228, 74.59051319643547, 37.10357458569475, 29.95288509609854, 86.78642658279279, 78.58889389924933, 19.011449922045458, 71.7702531845276, 33.92716100869798, 48.14262895122933, 43.698203230891856, 49.99174008348611, 31.62715474129819, 61.062219101289465, 55.20437347387893, 32.54851875926469, 2.0882006002014166, 25.01661490123449, 20.290554678518127, 3.433031018023316, 35.81560715235441, 22.053699954383745, 36.39114694904063, 6.389242883682265, 10.438864140631395, 32.37401350688547, 57.37763376979353], [46.46973449968115, 33.777891193601526, 51.811684239658014, 24.447964172029547, 30.789618087776102, 37.748238424601965, 64.78962979778133, 8.18843130023255, 22.252337241478195, 17.840785463360888, 40.59453500990065, 26.61805005363206, 20.959729788477944, 58.09756764469104, 19.644863100339304, 29.060873123702546, 59.21453149583511, 38.74820434277377, 39.96284303302417, 42.851491242514825, 44.92106427810741, 0.0, 36.1460567940083, 48.24870257362643, 58.24677076426048, 57.76294561531846, 61.141425694872524, 72.65451773697005, 33.081448264259365, 41.258487457972784, 8.440264137189155, 16.36668217597321, 67.00100622366992, 17.2247322995606, 45.251555070138295, 22.72572875344605, 25.896140748177064, 40.50784433944891, 43.21822879662754, 27.418948742957014, 32.46125065691539, 41.063769549966224, 41.754511698677675, 20.236943269668142, 20.217991699363168, 54.53071487044166, 70.99103442452743, 56.2623869569132, 40.63598353334166, 30.083660629480267, 68.12404957781513, 37.65325417188543, 14.598750480936184, 83.5645039709008, 41.68435601062845, 50.12650039955077, 36.06757959474349, 15.611005085601416, 10.827703824283072, 80.95719221861815, 63.219000190800124, 35.719281180814114, 17.192714809066057, 78.31555910684047, 62.76502278729686, 59.81466974622023, 26.850063527731574, 35.65243664942655, 58.44903693974232, 24.59054607718175, 10.633088400647722, 52.919697873685195, 17.180341164185553, 10.370832354139383, 36.084128780782585, 44.757126779431346, 28.359056791787058, 63.998392598538544, 44.29330121892608, 35.11237339711548, 66.95596004737246, 72.69012725280292, 44.33299048702927, 40.45680719522371, 53.32210018098942, 60.79569267451124], [20.087755794403105, 55.211023920935894, 21.419757867040435, 59.57707730267321, 26.929634561455497, 72.6313478563519, 31.427052424848153, 28.074105406563838, 36.62254164364819, 51.73970137038188, 50.23183262446056, 39.043677943727054, 23.040559503157503, 54.558644370973425, 54.55288339556846, 23.738