instance_id,num_cities,city_coordinates,distance_matrix,best_route,total_distance
255,37,"[[95.79960628488534, 13.887491622459658], [24.79511231816054, 89.7598711896423], [72.57153578661021, 59.90920155233233], [44.31327036003035, 1.1452896688330383], [13.517627375705532, 43.322994824183894], [75.65043207603614, 60.32745554610652], [56.219589264602675, 4.8898164830628925], [7.477732949108551, 52.53485541396441], [1.8957302698793033, 58.200178653525356], [47.34770409747322, 87.71505855776044], [2.4130153180031866, 56.020266075524674], [57.83843235512667, 24.159918937739423], [14.496246239514743, 15.187509743403528], [85.79764750438763, 82.25797756529431], [65.40014484930833, 90.42935157817298], [49.033870558839666, 85.15754104924609], [91.79880172989814, 14.286315617161794], [34.79961562176859, 54.983806414553], [35.7916816945521, 7.096337540579145], [30.97553248392583, 95.4231303413356], [85.94320637994875, 1.0231448098802387], [67.30689566578702, 94.60742790259114], [9.084803458815937, 50.95398525720456], [78.3119133548554, 44.464473186811695], [53.97335155901868, 89.5345516249706], [29.134583468221066, 56.16734266697539], [81.3702692491973, 51.13176043429395], [71.67939931267982, 66.82228983281898], [82.8522514425793, 76.46588394521831], [43.630302830914324, 89.30521612022555], [84.1491854268294, 9.22629896367999], [4.370906296909083, 47.47247706976005], [3.2808665378897373, 75.59848286577926], [37.06235304107839, 16.36655620440476], [33.22676080148855, 95.83245164876246], [2.327764441573532, 8.880000237321761], [92.76427455124445, 6.003412837690647]]","[[0.0, 103.91465798749131, 51.5513437646603, 53.03966909393402, 87.3886314227968, 50.622716941390806, 40.58984978094874, 96.40732356814969, 103.83425332015828, 88.30683136181973, 102.45109104118221, 39.326498561060525, 81.3137528452718, 69.09820929304989, 82.35765648106535, 85.24349818780858, 4.020633988061644, 73.55206285612363, 60.39098266631338, 104.16439375068289, 16.206172836310134, 85.60106699972941, 94.30472935934166, 35.22458240493056, 86.4402294734146, 78.94182080173225, 39.9417241317604, 58.17110318666384, 63.903749366634855, 91.7031591129413, 12.548267735910256, 97.40204530186597, 111.21134674396032, 58.78954566781891, 103.10352790085028, 93.60587688576678, 8.448191345944538], [103.91465798749131, 0.0, 56.33514992642203, 90.7386497114408, 47.78666292186732, 58.75823889710806, 90.50096097420875, 41.05597919561942, 38.99225424577784, 22.645102222419432, 40.48850725058958, 73.4521254594944, 75.28016826611348, 61.462083491351855, 40.61055122558912, 24.671822870864034, 100.92448655077172, 36.186527432085974, 83.39175219048697, 8.382726146346194, 107.76500366995798, 42.7872706477147, 41.865386507918096, 70.11220345586077, 29.179109206810576, 33.87165455669973, 68.5045934394103, 52.19453041732762, 59.559730524634034, 18.840677081354492, 100.04280209022284, 46.96138725643415, 25.75670186093601, 74.41144992187901, 10.390809861550522, 83.94245198867853, 107.86543158180703], [51.5513437646603, 56.33514992642203, 0.0, 65.20526746184474, 61.338946455187795, 3.1071753674919615, 57.39789968682776, 65.51018355046794, 70.69646557436529, 37.54207464816279, 70.26622099904564, 38.66620674672946, 73.29917444440821, 25.969170576833484, 31.35137007493352, 34.518115993286976, 49.50894340124318, 38.09169817955652, 64.35803191643618, 54.69430161166083, 60.38517411693074, 35.09534652137768, 64.1152172308066, 16.47700121110423, 34.97933423451343, 43.59782488413771, 12.428241352913961, 6.970415845695211, 19.488890329051284, 41.251916773304586, 51.98844665887306, 69.32530547099597, 71.04470700247875, 56.185977104175855, 53.277492584772816, 86.82261686692974, 57.56371040650831], [53.03966909393402, 90.7386497114408, 65.20526746184474, 0.0, 52.223849331408964, 66.96675639703787, 12.48126239287768, 63.2277176863486, 71.0950635723405, 86.62293387775107, 69.0426998908783, 26.694628062192596, 32.95813817596619, 91.10555243696186, 91.7403945203933, 84.14477077182343, 49.27029787258596, 54.672621227247, 10.393865698354064, 95.21662929090407, 41.63011520989424, 96.24904201044103, 61.00779488249858, 55.06777084787326, 88.91557117806619, 57.077305927049224, 62.22433950037558, 71.15035744388955, 84.60759413332178, 88.16257185768099, 40.64729807050686, 61.16862544991127, 85.01138829971558, 16.86009362112776, 95.33398836723988, 42.69201863120393, 48.69395412020714], [87.3886314227968, 47.78666292186732, 61.338946455187795, 52.223849331408964, 0.0, 64.41767695573037, 57.450559149247944, 11.015384705492071, 18.87853519292297, 55.813344403705194, 16.868109146617275, 48.28620125308586, 28.152499278242026, 82.09953831084104, 70.0771322617642, 54.87743423029531, 83.49293980716581, 24.267211431304847, 42.526511657349474, 54.947270830071226, 83.87336767611315, 74.31943527339264, 8.825074666369758, 64.80433988862323, 61.418023422678175, 20.22044977497238, 68.3004965543148, 62.729646744991896, 76.84882037991144, 54.96487877171095, 78.43087186390947, 10.043938938466873, 33.859982291398275, 35.79111188157735, 56.08647783920468, 36.21509227649815, 87.59441927549346], [50.622716941390806, 58.75823889710806, 3.1071753674919615, 66.96675639703787, 64.41767695573037, 0.0, 58.744271867535616, 68.61662716186255, 73.7853735200468, 39.38432695568738, 73.36396318714861, 40.31572941638602, 76.00953329944052, 24.16430791443146, 31.799253654068014, 36.400199080388646, 48.790945967817024, 41.19883239876355, 66.50016470725343, 56.811557300408644, 60.19088365168074, 35.280746939237304, 67.22235385987769, 16.084703663070833, 36.37238349491624, 46.70150651608879, 10.82946655550909, 7.612619366519325, 17.672438240989106, 43.185637482446324, 51.803059876606646, 72.42942266043937, 73.96322256079881, 58.49444857881284, 55.320634781792656, 89.57150354204887, 56.955993718414184], [40.58984978094874, 90.50096097420875, 57.39789968682776, 12.48126239287768, 57.450559149247944, 58.744271867535616, 0.0, 68.16023981624035, 76.11226163256786, 83.2990460398616, 74.22580599359061, 19.33798080373098, 42.975339901776444, 82.8293056742734, 86.03077742954228, 80.58872229010089, 36.79911079941685, 54.4814013964026, 20.54673070996435, 93.98693164959982, 29.974064860273575, 90.4001004538115, 65.90596086705665, 45.32355057724771, 84.67453437175604, 57.99122546154596, 52.639092736067205, 63.83288323380729, 76.37036158113467, 85.34898844632743, 28.264242818263664, 67.09373225664415, 88.33019792550041, 22.331933511349554, 93.80422725877405, 54.0393407542025, 36.56164820601955], [96.40732356814969, 41.05597919561942, 65.51018355046794, 63.2277176863486, 11.015384705492071, 68.61662716186255, 68.16023981624035, 0.0, 7.953278652205759, 53.17199725993173, 6.1481259065301765, 57.804299707661166, 38.001102055650584, 83.77035875755274, 69.21704009762065, 52.83135613532292, 92.59046083113661, 27.431416911670542, 53.53819757976129, 48.90348361031384, 93.8631282777471, 73.14116533929126, 2.2542905925601233, 71.29244127567966, 59.42070404854665, 21.95937471902311, 73.90585630639774, 65.77221864991623, 79.08231259065614, 51.56614912447316, 88.05761004507718, 5.939700863400966, 23.442367604611196, 46.72681899828426, 50.37553250392733, 43.9575767771865, 97.1543582485208], [103.83425332015828, 38.99225424577784, 70.69646557436529, 71.0950635723405, 18.87853519292297, 73.7853735200468, 76.11226163256786, 7.953278652205759, 0.0, 54.19418843922015, 2.2404469796757316, 65.4853052074807, 44.82033790002926, 87.28292733464772, 71.21467726868414, 54.301967342223676, 100.05493303541685, 33.06071266064763, 61.323226427521156, 47.235400169376355, 101.65230661244256, 74.86059281313764, 10.20735480194407, 77.64085678265596, 60.777640367561666, 27.3146031585492, 79.78825027594664, 70.31430342585507, 82.99153155707396, 52.05091644396975, 95.729158447841, 11.009544842322207, 17.45335474752891, 54.65110542658204, 48.96755502330786, 49.3220706431884, 104.79310426477264], [88.30683136181973, 22.645102222419432, 37.54207464816279, 86.62293387775107, 55.813344403705194, 39.38432695568738, 83.2990460398616, 53.17199725993173, 54.19418843922015, 0.0, 54.98805439547592, 64.41514691046116, 79.6207486803041, 38.83526594415514, 18.255355479945532, 3.063340193611298, 85.83519307698846, 35.05409236104015, 81.44273959183178, 18.09592147319927, 94.89520907667823, 21.115730705950263, 53.06058872169251, 53.19206134250372, 6.870935839193208, 36.42768371693954, 49.958709361769316, 32.07084621645647, 37.24401712549738, 4.043225599701141, 86.68814457959236, 58.876740008333734, 45.70227104862762, 72.08604049620206, 16.287820915096702, 90.78414722300263, 93.48506788821713], [102.45109104118221, 40.48850725058958, 70.26622099904564, 69.0426998908783, 16.868109146617275, 73.36396318714861, 74.22580599359061, 6.1481259065301765, 2.2404469796757316, 54.98805439547592, 0.0, 63.930106940933854, 42.58307714551584, 87.41518397326067, 71.77300085493134, 54.97713102992264, 98.64857542475711, 32.403180829429054, 59.22572205021577, 48.666241884940575, 100.00988034365969, 75.49956797532487, 8.377347929146074, 76.7735571176386, 61.495329978595734, 26.721972904905268, 79.1084409893117, 70.10360667577058, 82.99695174148775, 52.978794714491315, 94.18320902434456, 8.769152409004624, 19.597442139883082, 52.65921867242881, 50.34378840372403, 47.1403429241703, 103.27165948529826], [39.326498561060525, 73.4521254594944, 38.66620674672946, 26.694628062192596, 48.28620125308586, 40.31572941638602, 19.33798080373098, 57.804299707661166, 65.4853052074807, 64.41514691046116, 63.930106940933854, 0.0, 44.2611480198034, 64.47559327414885, 66.69945425810938, 61.62978347911669, 35.36657646144221, 38.482452048388566, 27.87875579696948, 76.15812950068955, 36.40314052427191, 71.08096311121696, 55.63127106664992, 28.834672661567918, 65.48878872410788, 42.99286120631157, 35.79423949917647, 44.85142424393466, 57.97935081305599, 66.67668775195143, 30.253408613406553, 58.328824001903364, 74.9830237245817, 22.189681709230406, 75.78051413045986, 57.57525655783178, 39.36334801397399], [81.3137528452718, 75.28016826611348, 73.29917444440821, 32.95813817596619, 28.152499278242026, 76.00953329944052, 42.975339901776444, 38.001102055650584, 44.82033790002926, 79.6207486803041, 42.58307714551584, 44.2611480198034, 0.0, 97.8894145256866, 90.84350090328206, 78.02981977784783, 77.30780837791858, 44.67630285744766, 22.780751498478274, 81.9104491982588, 72.83747213679776, 95.37551097234915, 36.17353291632026, 70.21096750396357, 84.17793345614214, 43.51583186916221, 75.92182895076442, 77.04585329705502, 91.80186595129223, 79.63810427196066, 69.90756733996719, 33.83550833395641, 61.44322920748897, 22.596887545340763, 82.79153840021957, 13.70607987121549, 78.80502453384078], [69.09820929304989, 61.462083491351855, 25.969170576833484, 91.10555243696186, 82.09953831084104, 24.16430791443146, 82.8293056742734, 83.77035875755274, 87.28292733464772, 38.83526594415514, 87.41518397326067, 64.47559327414885, 97.8894145256866, 0.0, 21.973380891940952, 36.877944136020794, 68.2360658305384, 57.833205581746526, 90.27662348459486, 56.38071960283276, 81.23496316356862, 22.235485764652687, 82.85409088261814, 38.52771974778494, 32.6455868757843, 62.38127968681061, 31.439514485766352, 20.918541722050083, 6.497977105579945, 42.75217571143727, 73.05028067427693, 88.54572394189624, 82.78507118270696, 81.95613665482135, 54.29516069938277, 111.13752262518861, 76.5721394124932], [82.35765648106535, 40.61055122558912, 31.35137007493352, 91.7403945203933, 70.0771322617642, 31.799253654068014, 86.03077742954228, 69.21704009762065, 71.21467726868414, 18.255355479945532, 71.77300085493134, 66.69945425810938, 90.84350090328206, 21.973380891940952, 0.0, 17.194386304947326, 80.58939763057518, 46.82711886238292, 88.43671363735974, 34.78493586083291, 91.73596451635746, 4.592604974173774, 68.77297595787428, 47.743940049743166, 11.46177437638953, 49.89064237826961, 42.41869332098065, 24.42790209708413, 22.350714818087248, 21.79884634639292, 83.33944010184882, 74.63150156480299, 63.86516581592613, 79.29897920618681, 32.62391962136537, 103.09423783321549, 88.74984352975537], [85.24349818780858, 24.671822870864034, 34.518115993286976, 84.14477077182343, 54.87743423029531, 36.400199080388646, 80.58872229010089, 52.83135613532292, 54.301967342223676, 3.063340193611298, 54.97713102992264, 61.62978347911669, 78.02981977784783, 36.877944136020794, 17.194386304947326, 0.0, 82.77421055081517, 33.36267788140529, 79.17642994691651, 20.77223862615066, 91.87434735179362, 20.57191794899426, 52.59098012950031, 50.13112368600987, 6.599749550637032, 35.16266811489525, 46.94034966549159, 29.137628759226327, 34.91744247237594, 6.81188319664252, 83.65786790813465, 58.437525818607725, 46.740913237718885, 69.82490120008231, 19.074025143860215, 89.44117385719011, 90.43077046155413], [4.020633988061644, 100.92448655077172, 49.50894340124318, 49.27029787258596, 83.49293980716581, 48.790945967817024, 36.79911079941685, 92.59046083113661, 100.05493303541685, 85.83519307698846, 98.64857542475711, 35.36657646144221, 77.30780837791858, 68.2360658305384, 80.58939763057518, 82.77421055081517, 0.0, 70.03708285039384, 56.46674489817347, 101.4034160438047, 14.498265301941284, 83.97222482119783, 90.47719882279681, 33.054762929712275, 84.220316449872, 75.3712456915389, 38.29283344796208, 56.25672351296481, 62.819897162499196, 89.15177911219712, 9.17171729381626, 93.51448129460799, 107.67825548075639, 54.775963852447276, 100.40147548818, 89.63422761108096, 8.338981725782187], [73.55206285612363, 36.186527432085974, 38.09169817955652, 54.672621227247, 24.267211431304847, 41.19883239876355, 54.4814013964026, 27.431416911670542, 33.06071266064763, 35.05409236104015, 32.403180829429054, 38.482452048388566, 44.67630285744766, 57.833205581746526, 46.82711886238292, 33.36267788140529, 70.03708285039384, 0.0, 47.897743895183446, 40.619730815213245, 74.34661980516812, 51.251874460233715, 26.028657728283854, 44.76579526344924, 39.51437895736931, 5.787343722427872, 46.7296911772373, 38.73329491190958, 52.63587620968208, 35.43924661685691, 67.29880777592771, 31.342087034891907, 37.66160417456028, 38.68348477608939, 40.87891497772392, 56.39132968015952, 75.88794792162196], [60.39098266631338, 83.39175219048697, 64.35803191643618, 10.393865698354064, 42.526511657349474, 66.50016470725343, 20.54673070996435, 53.53819757976129, 61.323226427521156, 81.44273959183178, 59.22572205021577, 27.87875579696948, 22.780751498478274, 90.27662348459486, 88.43671363735974, 79.17642994691651, 56.46674489817347, 47.897743895183446, 0.0, 88.45799918428393, 50.51790868805005, 93.01290043860018, 51.349299979007085, 56.606957718297274, 84.41938320364827, 49.52050586282239, 63.37606892908995, 69.67867430608439, 83.8261963433527, 82.58173949876856, 48.40438929354559, 51.16148717413338, 75.82543779171674, 9.356899045411554, 88.77317593850185, 33.51141910647694, 56.98307486631988], [104.16439375068289, 8.382726146346194, 54.69430161166083, 95.21662929090407, 54.947270830071226, 56.811557300408644, 93.98693164959982, 48.90348361031384, 47.235400169376355, 18.09592147319927, 48.666241884940575, 76.15812950068955, 81.9104491982588, 56.38071960283276, 34.78493586083291, 20.77223862615066, 101.4034160438047, 40.619730815213245, 88.45799918428393, 0.0, 109.23736742469814, 36.340518999057686, 49.56519829239347, 69.55226590809258, 23.739735497884794, 39.298930764244396, 67.09213770542267, 49.747490917699, 55.23197589112866, 14.0560338272174, 101.27848294104899, 54.836769450084816, 34.058936703787644, 79.29054987047962, 2.2881374238690144, 91.16143911769211, 108.69100480119455], [16.206172836310134, 107.76500366995798, 60.38517411693074, 41.63011520989424, 83.87336767611315, 60.19088365168074, 29.974064860273575, 93.8631282777471, 101.65230661244256, 94.89520907667823, 100.00988034365969, 36.40314052427191, 72.83747213679776, 81.23496316356862, 91.73596451635746, 91.87434735179362, 14.498265301941284, 74.34661980516812, 50.51790868805005, 109.23736742469814, 0.0, 95.4218534666532, 91.65316648847084, 44.106526097474834, 94.108133302376, 79.17134705453311, 50.31684721638512, 67.32743629310413, 75.50603214755441, 97.89844698254812, 8.397038123721563, 93.87001975192177, 111.33078403710124, 51.23239303758686, 108.47962157795386, 83.98376216720416, 8.445711374792175], [85.60106699972941, 42.7872706477147, 35.09534652137768, 96.24904201044103, 74.31943527339264, 35.280746939237304, 90.4001004538115, 73.14116533929126, 74.86059281313764, 21.115730705950263, 75.49956797532487, 71.08096311121696, 95.37551097234915, 22.235485764652687, 4.592604974173774, 20.57191794899426, 83.97222482119783, 51.251874460233715, 93.01290043860018, 36.340518999057686, 95.4218534666532, 0.0, 72.76974011050953, 51.33640347711764, 14.265955003965981, 54.17347664152493, 45.69367722519733, 28.127081002094634, 23.89087071214316, 24.26302738846498, 87.02643221043756, 78.62978028617988, 66.78826541615591, 83.88305170098356, 34.10214473530156, 107.57081085851101, 92.18866321483812], [94.30472935934166, 41.865386507918096, 64.1152172308066, 61.00779488249858, 8.825074666369758, 67.22235385987769, 65.90596086705665, 2.2542905925601233, 10.20735480194407, 53.06058872169251, 8.377347929146074, 55.63127106664992, 36.17353291632026, 82.85409088261814, 68.77297595787428, 52.59098012950031, 90.47719882279681, 26.028657728283854, 51.349299979007085, 49.56519829239347, 91.65316648847084, 72.76974011050953, 0.0, 69.53061564138562, 59.18987964003488, 20.716485558789984, 72.2856843956394, 64.57465849861708, 78.0544256061417, 51.61597074139345, 85.88283439460194, 5.860181371960821, 25.318707434644736, 44.486329688011054, 50.95989452494595, 42.61311760167118, 94.98846163166631], [35.22458240493056, 70.11220345586077, 16.47700121110423, 55.06777084787326, 64.80433988862323, 16.084703663070833, 45.32355057724771, 71.29244127567966, 77.64085678265596, 53.19206134250372, 76.7735571176386, 28.834672661567918, 70.21096750396357, 38.52771974778494, 47.743940049743166, 50.13112368600987, 33.054762929712275, 44.76579526344924, 56.606957718297274, 69.55226590809258, 44.106526097474834, 51.33640347711764, 69.53061564138562, 0.0, 51.22184651798058, 50.5506372744064, 7.3352750471195955, 23.320853494161334, 32.321895991403395, 56.687797058580834, 35.71837997197006, 74.00216626628642, 81.2341341133131, 49.910110847704594, 68.34720324949514, 83.9037877641336, 41.08678506928503], [86.4402294734146, 29.179109206810576, 34.97933423451343, 88.91557117806619, 61.418023422678175, 36.37238349491624, 84.67453437175604, 59.42070404854665, 60.777640367561666, 6.870935839193208, 61.495329978595734, 65.48878872410788, 84.17793345614214, 32.6455868757843, 11.46177437638953, 6.599749550637032, 84.220316449872, 39.51437895736931, 84.41938320364827, 23.739735497884794, 94.108133302376, 14.265955003965981, 59.18987964003488, 51.22184651798058, 0.0, 41.59729599282797, 47.17377947713258, 28.79845417327394, 31.698279660078082, 10.345590933614078, 85.79042134834985, 65.03553407075758, 52.57320657976163, 75.09685362741719, 21.681433826435743, 95.77276924182836, 92.09878855711739], [78.94182080173225, 33.87165455669973, 43.59782488413771, 57.077305927049224, 20.22044977497238, 46.70150651608879, 57.99122546154596, 21.95937471902311, 27.3146031585492, 36.42768371693954, 26.721972904905268, 42.99286120631157, 43.51583186916221, 62.38127968681061, 49.89064237826961, 35.16266811489525, 75.3712456915389, 5.787343722427872, 49.52050586282239, 39.298930764244396, 79.17134705453311, 54.17347664152493, 20.716485558789984, 50.5506372744064, 41.59729599282797, 0.0, 52.477842537884314, 43.85874205156627, 57.424895564797716, 36.16966321166928, 72.31920915371518, 26.245769083770377, 32.34167417650597, 40.58265803812594, 39.875641510375154, 54.35713660952674, 81.0256591657136], [39.9417241317604, 68.5045934394103, 12.428241352913961, 62.22433950037558, 68.3004965543148, 10.82946655550909, 52.639092736067205, 73.90585630639774, 79.78825027594664, 49.958709361769316, 79.1084409893117, 35.79423949917647, 75.92182895076442, 31.439514485766352, 42.41869332098065, 46.94034966549159, 38.29283344796208, 46.7296911772373, 63.37606892908995, 67.09213770542267, 50.31684721638512, 45.69367722519733, 72.2856843956394, 7.3352750471195955, 47.17377947713258, 52.477842537884314, 0.0, 18.441954151674835, 25.37743259843816, 53.67977071727217, 41.99750083263785, 77.08626498800011, 81.83260549651413, 56.31883223089407, 65.69588419913279, 89.62660768993587, 46.54450680394981], [58.17110318666384, 52.19453041732762, 6.970415845695211, 71.15035744388955, 62.729646744991896, 7.612619366519325, 63.83288323380729, 65.77221864991623, 70.31430342585507, 32.07084621645647, 70.10360667577058, 44.85142424393466, 77.04585329705502, 20.918541722050083, 24.42790209708413, 29.137628759226327, 56.25672351296481, 38.73329491190958, 69.67867430608439, 49.747490917699, 67.32743629310413, 28.127081002094634, 64.57465849861708, 23.320853494161334, 28.79845417327394, 43.85874205156627, 18.441954151674835, 0.0, 14.759116915361243, 35.94765344063986, 58.930414303062385, 70.03462348024365, 68.95926949943578, 61.18922248690274, 48.168401437660094, 90.37122430765066, 64.3700843775615], [63.903749366634855, 59.559730524634034, 19.488890329051284, 84.60759413332178, 76.84882037991144, 17.672438240989106, 76.37036158113467, 79.08231259065614, 82.99153155707396, 37.24401712549738, 82.99695174148775, 57.97935081305599, 91.80186595129223, 6.497977105579945, 22.350714818087248, 34.91744247237594, 62.819897162499196, 52.63587620968208, 83.8261963433527, 55.23197589112866, 75.50603214755441, 23.89087071214316, 78.0544256061417, 32.321895991403395, 31.698279660078082, 57.424895564797716, 25.37743259843816, 14.759116915361243, 0.0, 41.269961274470134, 67.25209161244739, 83.66563917236087, 79.57611249792785, 75.55556889149534, 53.270566600937755, 105.12870532519871, 71.15622275448496], [91.7031591129413, 18.840677081354492, 41.251916773304586, 88.16257185768099, 54.96487877171095, 43.185637482446324, 85.34898844632743, 51.56614912447316, 52.05091644396975, 4.043225599701141, 52.978794714491315, 66.67668775195143, 79.63810427196066, 42.75217571143727, 21.79884634639292, 6.81188319664252, 89.15177911219712, 35.43924661685691, 82.58173949876856, 14.0560338272174, 97.89844698254812, 24.26302738846498, 51.61597074139345, 56.687797058580834, 10.345590933614078, 36.16966321166928, 53.67977071727217, 35.94765344063986, 41.269961274470134, 0.0, 89.74638053864031, 57.36966334813726, 42.6139829829763, 73.23377687076892, 12.281632236922867, 90.41081255698707, 96.71265484483581], [12.548267735910256, 100.04280209022284, 51.98844665887306, 40.64729807050686, 78.43087186390947, 51.803059876606646, 28.264242818263664, 88.05761004507718, 95.729158447841, 86.68814457959236, 94.18320902434456, 30.253408613406553, 69.90756733996719, 73.05028067427693, 83.33944010184882, 83.65786790813465, 9.17171729381626, 67.29880777592771, 48.40438929354559, 101.27848294104899, 8.397038123721563, 87.02643221043756, 85.88283439460194, 35.71837997197006, 85.79042134834985, 72.31920915371518, 41.99750083263785, 58.930414303062385, 67.25209161244739, 89.74638053864031, 0.0, 88.47227792169409, 104.61812364909495, 47.6251305256745, 100.46750227130829, 81.82215381456508, 9.198193061830626], [97.40204530186597, 46.96138725643415, 69.32530547099597, 61.16862544991127, 10.043938938466873, 72.42942266043937, 67.09373225664415, 5.939700863400966, 11.009544842322207, 58.876740008333734, 8.769152409004624, 58.328824001903364, 33.83550833395641, 88.54572394189624, 74.63150156480299, 58.437525818607725, 93.51448129460799, 31.342087034891907, 51.16148717413338, 54.836769450084816, 93.87001975192177, 78.62978028617988, 5.860181371960821, 74.00216626628642, 65.03553407075758, 26.245769083770377, 77.08626498800011, 70.03462348024365, 83.66563917236087, 57.36966334813726, 88.47227792169409, 0.0, 28.147120433784146, 45.12548064130291, 56.31471815139642, 38.646522439972664, 97.63744588850142], [111.21134674396032, 25.75670186093601, 71.04470700247875, 85.01138829971558, 33.859982291398275, 73.96322256079881, 88.33019792550041, 23.442367604611196, 17.45335474752891, 45.70227104862762, 19.597442139883082, 74.9830237245817, 61.44322920748897, 82.78507118270696, 63.86516581592613, 46.740913237718885, 107.67825548075639, 37.66160417456028, 75.82543779171674, 34.058936703787644, 111.33078403710124, 66.78826541615591, 25.318707434644736, 81.2341341133131, 52.57320657976163, 32.34167417650597, 81.83260549651413, 68.95926949943578, 79.57611249792785, 42.6139829829763, 104.61812364909495, 28.147120433784146, 0.0, 68.1880485597261, 36.14097502776286, 66.72529001697772, 113.36116655142128], [58.78954566781891, 74.41144992187901, 56.185977104175855, 16.86009362112776, 35.79111188157735, 58.49444857881284, 22.331933511349554, 46.72681899828426, 54.65110542658204, 72.08604049620206, 52.65921867242881, 22.189681709230406, 22.596887545340763, 81.95613665482135, 79.29897920618681, 69.82490120008231, 54.775963852447276, 38.68348477608939, 9.356899045411554, 79.29054987047962, 51.23239303758686, 83.88305170098356, 44.486329688011054, 49.910110847704594, 75.09685362741719, 40.58265803812594, 56.31883223089407, 61.18922248690274, 75.55556889149534, 73.23377687076892, 47.6251305256745, 45.12548064130291, 68.1880485597261, 0.0, 79.55840814522367, 35.53224121027434, 56.65773380893178], [103.10352790085028, 10.390809861550522, 53.277492584772816, 95.33398836723988, 56.08647783920468, 55.320634781792656, 93.80422725877405, 50.37553250392733, 48.96755502330786, 16.287820915096702, 50.34378840372403, 75.78051413045986, 82.79153840021957, 54.29516069938277, 32.62391962136537, 19.074025143860215, 100.40147548818, 40.87891497772392, 88.77317593850185, 2.2881374238690144, 108.47962157795386, 34.10214473530156, 50.95989452494595, 68.34720324949514, 21.681433826435743, 39.875641510375154, 65.69588419913279, 48.168401437660094, 53.270566600937755, 12.281632236922867, 100.46750227130829, 56.31471815139642, 36.14097502776286, 79.55840814522367, 0.0, 92.27934103854987, 107.76813887797923], [93.60587688576678, 83.94245198867853, 86.82261686692974, 42.69201863120393, 36.21509227649815, 89.57150354204887, 54.0393407542025, 43.9575767771865, 49.3220706431884, 90.78414722300263, 47.1403429241703, 57.57525655783178, 13.70607987121549, 111.13752262518861, 103.09423783321549, 89.44117385719011, 89.63422761108096, 56.39132968015952, 33.51141910647694, 91.16143911769211, 83.98376216720416, 107.57081085851101, 42.61311760167118, 83.9037877641336, 95.77276924182836, 54.35713660952674, 89.62660768993587, 90.37122430765066, 105.12870532519871, 90.41081255698707, 81.82215381456508, 38.646522439972664, 66.72529001697772, 35.53224121027434, 92.27934103854987, 0.0, 90.48224751786577], [8.448191345944538, 107.86543158180703, 57.56371040650831, 48.69395412020714, 87.59441927549346, 56.955993718414184, 36.56164820601955, 97.1543582485208, 104.79310426477264, 93.48506788821713, 103.27165948529826, 39.36334801397399, 78.80502453384078, 76.5721394124932, 88.74984352975537, 90.43077046155413, 8.338981725782187, 75.88794792162196, 56.98307486631988, 108.69100480119455, 8.445711374792175, 92.18866321483812, 94.98846163166631, 41.08678506928503, 92.09878855711739, 81.0256591657136, 46.54450680394981, 64.3700843775615, 71.15622275448496, 96.71265484483581, 9.198193061830626, 97.63744588850142, 113.36116655142128, 56.65773380893178, 107.76813887797923, 90.48224751786577, 0.0]]",Route_0,1719.0096379195838
