instance_id,num_cities,city_coordinates,distance_matrix,best_route,total_distance
1324,96,"[[82.1729426526563, 23.30327160807014], [75.22625119692307, 2.102345295333141], [73.410781306051, 91.97821575879021], [98.96217458297626, 4.3062669279801185], [54.26113305504465, 93.62125760661681], [47.14133125244574, 44.00694935474962], [69.94721859747709, 50.619102923851266], [77.00779516724313, 11.447720243543802], [64.57815630524576, 38.96845387121692], [96.00114896674273, 35.51277032947202], [53.351971851167754, 22.98459289656999], [12.433370894510487, 98.24680346486444], [72.97204956743924, 68.13858798338003], [1.9465658103361871, 36.6081261973285], [59.331935635165124, 60.88726530029787], [11.913492682182946, 84.74053528359403], [89.73954058078006, 67.81244281498967], [57.91078482170964, 77.07220465601429], [86.223084003834, 1.0502350378873704], [47.59357423063497, 2.3646332413714943], [97.26005475920842, 72.05410549126424], [73.65200469432203, 53.467482337061], [84.29910872406613, 73.1669622930342], [60.44687718603773, 47.34656567919562], [28.70241798612273, 31.07036692680363], [15.406848278337403, 3.7369195157444746], [56.7355440741237, 20.64997961376275], [4.734487317679381, 56.482248921049795], [98.66510681292552, 90.8866989664745], [53.35225210394405, 89.73792224372673], [65.61079587194732, 52.84946597928065], [63.296134245626604, 66.81795495414202], [55.2888911553438, 57.551082407385664], [43.59571760764496, 61.93793506625036], [6.697298409949671, 32.170587500075584], [5.783757709450176, 88.10738477402192], [41.91346791760525, 86.57892363606193], [11.920625957555764, 97.45219441475477], [58.880403396122595, 94.25828103933857], [72.39761589980527, 33.70166448773989], [70.13532252282269, 72.3295159515143], [57.61753797280004, 32.045047701500884], [1.6954662259131559, 20.650778638421862], [5.567500277701742, 8.320485589505289], [26.866036913985457, 78.47248663515485], [73.73293738335073, 48.401406889950174], [55.757943358540054, 79.98462160334532], [49.5429082883758, 64.96676039836807], [40.609914395622326, 87.95802665445042], [46.86322317742481, 46.304797724537416], [50.04978586623516, 57.23744320100379], [50.74764071534289, 49.11768350189239], [58.116370624980576, 37.48714642832945], [42.630799306372424, 75.29390570060326], [47.932224550316015, 10.86560238315747], [38.335885723498684, 28.50475105699337], [66.37049419470921, 67.65064253312946], [57.96560653759, 57.84876442116047], [5.428801481892487, 35.80004902444222], [88.36081374590941, 81.48670161811529], [21.67132587687958, 40.25976856445869], [49.309328420103014, 46.08232021442876], [12.023583946678041, 45.88617074048331], [72.15316814517242, 29.80832658642052], [19.78991032947389, 23.234956906179814], [25.648187182562697, 38.600730102706194], [9.359060110867034, 6.689521160777523], [22.36562432808533, 1.3217914850513712], [26.57048041903759, 22.339712670503943], [95.68495186109416, 20.088234671521498], [55.43561200703175, 42.21251221640201], [62.24507329978351, 98.36543011502974], [5.736982012935632, 29.814510437920916], [81.86774286901175, 33.17520232597499], [38.72766297290846, 40.66164493966484], [90.80709215726449, 93.72936146812175], [70.32586683622746, 8.682505841381538], [36.134150829326686, 62.39901230301065], [95.76147574376748, 45.03024161787046], [56.38556719357635, 17.912838540772423], [88.85011117033697, 61.227726316208674], [21.878194444018582, 21.69910747481383], [14.692156252996169, 11.03709193360487], [4.930668904078583, 8.315243362632007], [1.8813808634592921, 71.06351452169733], [78.30150934582036, 96.52192520444632], [61.59972314286646, 39.62538871916441], [13.157539113436844, 85.901254495391], [11.919402029454506, 77.90782681599771], [62.80646171041862, 29.899154367437497], [96.62187926097789, 35.272889909816875], [25.591856886323082, 4.2748014109260435], [7.343570299508362, 21.597372425594397], [14.03196396365397, 72.94360933453937], [32.48577083047722, 56.82890803787883], [2.389085166826088, 82.72836910323295]]","[[0.0, 22.3099932474051, 69.23166490536296, 25.352800547975708, 75.65506109907739, 40.692211411199, 29.926960573128646, 12.931853954595695, 23.557895533103824, 18.446982107999506, 28.822732591852198, 102.37255899986046, 45.76966274771671, 81.32214149226068, 43.980315863241536, 93.33235065125754, 45.14775438194862, 58.98940975910902, 22.61860476595343, 40.424736203434534, 51.03199737441654, 31.344632596231673, 49.908999497976176, 32.405275966274594, 54.03170160012238, 69.57408635549096, 25.575402339947424, 84.24701122415225, 69.56659494468582, 72.4168144065063, 33.87155602872564, 47.43270561906218, 43.53923253177373, 54.59706505573625, 75.99475090412645, 100.17425147967333, 74.99755626358578, 102.14426442253318, 74.68035717917098, 14.27177590928934, 50.48244182696857, 26.065044566606524, 80.521176909997, 78.05688744973493, 78.1184748256834, 26.4792387272266, 62.53421163647178, 52.920368864865324, 76.86171132626725, 42.1407936933569, 46.72713562399967, 40.66858078757145, 27.9267069780799, 65.31927076875346, 36.42969107626736, 44.14456873351213, 47.07872858553925, 42.18277131112973, 77.75495257430534, 58.5115482311017, 62.832861000554175, 39.986275093298296, 73.69477498496589, 11.94619694514472, 62.38306972836232, 58.558178056945984, 74.6851939458846, 63.71892021664548, 55.61081057013248, 13.889235232808234, 32.74819430804149, 77.66239512575629, 76.71279104566777, 9.876647356621078, 46.78467111320254, 70.95338378572222, 18.818076336453377, 60.39906698814071, 25.62634303553642, 26.34474334133046, 38.50777641364348, 60.31608412446425, 68.58655624043841, 78.68297048622574, 93.42256524907201, 73.32093309768644, 26.261547326581386, 93.17528313475962, 88.97874701046017, 20.458891794556592, 18.7628231191579, 59.69507470923172, 74.84881467856944, 84.30513689149075, 59.93983101169424, 99.48269260343163], [22.3099932474051, 0.0, 89.89420461013479, 23.83802276933714, 93.8895494149554, 50.44560010213145, 48.80311420360779, 9.513670786863878, 38.37306198821012, 39.34276144741586, 30.241566787709594, 114.83336907617868, 66.07470600268302, 80.99729134985728, 60.8957805366418, 104.1036782985198, 67.29377745960133, 76.94351946948787, 11.047047921366827, 27.63392175008582, 73.33987492442586, 51.389255252109216, 71.6414442396144, 47.59694711110314, 54.80523089877198, 59.84173124516142, 26.190093331474234, 89.0295607826371, 91.82614774338583, 90.3242281085062, 51.65004587430429, 65.80606221301294, 58.92419513874646, 67.68152228175681, 74.8352628067964, 110.5401588450484, 90.80767488473695, 114.45171870288226, 93.5943547078572, 31.72567022251392, 70.41145541129774, 34.736611936021184, 75.83416590123414, 69.9357337013356, 90.39418572981333, 46.32313774657269, 80.2786644944197, 67.90853252136075, 92.57153339542005, 52.51969306070734, 60.61133085170807, 53.00607887578628, 39.3043529956649, 80.12158260111633, 28.66633156462472, 45.36503162972745, 66.14381076757489, 58.35745967233469, 77.5062528015452, 80.46361141619035, 65.7580335516098, 51.04826226331249, 76.88693333822448, 27.875889918441008, 59.32769304689765, 61.56392226750254, 66.02672976899231, 52.86638948535483, 52.69663241866374, 27.240606629049946, 44.726892245946054, 97.1344041964601, 74.81124667197255, 31.774704651296634, 53.09394062798067, 92.94230843786869, 8.204406114663149, 71.86014447094422, 47.58676002700577, 24.595590466139377, 60.67470841659561, 56.833513416207545, 61.18992031511779, 70.56960388357524, 100.67329767768538, 94.46964741595984, 39.92068454566779, 104.2822238103036, 98.76349619212776, 30.445258505719895, 39.47224252910931, 49.681914859979955, 70.62658457429366, 93.61210114435194, 69.43878837917849, 108.65453727464832], [69.23166490536296, 89.89420461013479, 0.0, 91.31946293197461, 19.22000558405174, 54.69301972396748, 41.50388513295395, 80.61078846313768, 53.740581684440926, 60.816701970565106, 71.85037113614369, 61.29877463967934, 23.843664525583602, 90.40454034207717, 34.13006146840418, 61.92172903552006, 29.165269781426204, 21.504396248457518, 91.82620964844675, 93.25836344683047, 31.076647409204433, 38.51148890139851, 21.73520027317019, 46.47630577896949, 75.55530292498891, 105.59821309726999, 73.25149014389986, 77.3071601969909, 25.277902715911374, 20.183248221864908, 39.898606893971866, 27.117241912017306, 38.90540339631104, 42.324419516711544, 89.59710485312016, 67.73771219230724, 31.956738039363778, 61.7333268754247, 14.708180713089488, 58.28535778553453, 19.919840219165216, 61.979118809213176, 101.14687193978641, 107.70945454215456, 48.46460512254, 43.577999675634, 21.341719433227603, 36.04572211894148, 33.04631281263172, 52.828344262567946, 41.86475111416456, 48.48343187913559, 56.596781135134556, 35.01104817080254, 85.0200735296088, 72.51985260173382, 25.325806239091612, 37.46161865477707, 88.19033959819238, 18.264044976860973, 73.15578602065646, 51.83930226220747, 76.76499601776996, 62.182607781976664, 87.18275885726332, 71.62695981521578, 106.6620101737196, 104.03939308264587, 83.92577017557363, 75.26159747602362, 52.91249342449545, 12.863496511982202, 91.8916175175121, 59.40803470623518, 61.93794586475304, 17.4842255341024, 83.35281631673413, 47.58651549311689, 51.996786610180436, 75.9969605841107, 34.40879985725383, 87.14792349725721, 99.99671221697854, 108.11576547732115, 74.5243574646135, 6.675665980674193, 53.668609018448606, 60.55891885526586, 63.0806275360328, 62.97826178386994, 61.27192707848722, 99.89263446787655, 96.53154654554584, 62.35511358908652, 53.947477380181034, 71.62151203125859], [25.352800547975708, 23.83802276933714, 91.31946293197461, 0.0, 99.87667732562404, 65.28050236202687, 54.65113401221344, 23.086687310836567, 48.82343614096821, 31.346666924049785, 49.28661536589392, 127.71866845764853, 68.92061962608066, 102.25183840783865, 69.07941238798163, 118.52065029592276, 64.17235661661692, 83.54698255934545, 13.148618651892372, 51.40528225320362, 67.76921750980507, 55.29403042183298, 70.40455146183034, 57.75721123953703, 75.18477535908535, 83.55726605359041, 45.27919244516812, 107.70882110722279, 86.5809416744375, 96.84437391264329, 58.896151283939254, 71.9706716185534, 68.86483907471403, 79.91779357815709, 96.38063984104086, 125.31897192086599, 100.11665682591197, 127.48488143494868, 98.47798344891777, 39.620262186512164, 73.87929214208623, 49.787738804137, 98.63039905460556, 93.4809025419141, 103.43346273058343, 50.80251743703945, 87.14252097607068, 78.24295079537588, 101.9931525853955, 66.91918504156624, 72.07032115665565, 65.8232810746613, 52.624618434642535, 90.62267210287943, 51.449787967972696, 65.277205324791, 71.23712200346944, 67.43528474995276, 98.69321250423444, 77.90512403273559, 85.24394156556227, 64.88947341646526, 96.37015587246323, 37.00105232293889, 81.40357935199904, 80.93856283002955, 89.63480364144307, 76.65467112067911, 74.60403842469778, 16.11864431728056, 57.71867186226326, 100.97163812719027, 96.65198920189691, 33.55048474518658, 70.35559607647342, 89.79418247584451, 28.96876919017572, 85.56943165638818, 40.84956043340175, 44.697945006959195, 57.812683429737035, 79.021838097774, 84.53839361255645, 94.11692702322023, 117.81854953911233, 94.5018027309734, 51.413939177182996, 118.4068303105293, 113.98962177213134, 44.29708185435656, 31.05493070501668, 73.37032444378708, 93.23599616124831, 109.1981018538221, 84.72154439706875, 124.40413059446833], [75.65506109907739, 93.8895494149554, 19.22000558405174, 99.87667732562404, 0.0, 50.12256139723495, 45.77377619341671, 85.26371373572043, 55.61807192707538, 71.5459657978485, 70.64251535339189, 42.08274422901821, 31.61431397106119, 77.37771707083313, 33.1244213702927, 43.26880948359756, 43.87268308994414, 16.94671388735193, 97.93344948419325, 91.49987885902608, 48.10456649932065, 44.59071171588231, 36.34086101164877, 46.6862993118094, 67.57116131022373, 97.92267193833973, 73.01321881551125, 61.904721985815456, 44.48809612072593, 3.9882775886272204, 42.32202545436952, 28.285124705293047, 36.08481433534001, 33.43028587766675, 77.70780670363112, 48.78994480435163, 14.214756491026062, 42.51346396261369, 4.662988026769847, 62.60423028446287, 26.55801487247386, 61.667617760465085, 89.93241979419345, 98.22062705852554, 31.30457721362301, 49.23399295849825, 13.718537916642948, 29.040348744571617, 14.779308363551243, 47.891298231827186, 36.62673061913644, 44.64205121313134, 56.26634246596247, 21.706139476939757, 82.99731052465074, 67.03560940125826, 28.655007843413106, 35.96379279895826, 75.6828168660074, 36.194414931823566, 62.526346804417905, 47.79613935791263, 63.73891333242975, 66.27378882374761, 78.37408068033872, 62.01579732866592, 97.84335928499752, 97.65508140018902, 76.4711114858878, 84.39809373706065, 51.42215965325253, 9.287113363211512, 80.16167549775447, 66.45186607169907, 55.19066285728229, 36.54611898883379, 86.44459047792715, 36.10285426957336, 63.90121499705646, 75.73821979594231, 47.3892211006134, 78.8761712601917, 91.57427774800375, 98.54243126463182, 57.03060768339335, 24.214738584490004, 54.49228166803099, 41.82228930790272, 45.16341543168541, 64.29252742778885, 72.10384755340351, 93.83345155522585, 85.95753446608846, 45.23219189744678, 42.75328509950237, 53.00343736084286], [40.692211411199, 50.44560010213145, 54.69301972396748, 65.28050236202687, 50.12256139723495, 0.0, 23.745085226539928, 44.18267836030187, 18.150187455217473, 49.59266946220778, 21.92057316087472, 64.39413238870871, 35.3491441419923, 45.79639076916532, 20.822005226142547, 53.85374297999207, 48.798657326468735, 34.77487941486415, 58.07463045961776, 41.644771760664426, 57.43282522472106, 28.148134763269955, 47.23353449818661, 13.718257534593548, 22.524402042185798, 51.27136347775761, 25.25068227096104, 44.20377259665242, 69.65924469634099, 46.15081168512571, 20.47709021287273, 27.95209538127682, 15.80589360076868, 18.278173450983584, 42.14047050662443, 60.459054686074055, 42.89176551806286, 64.00697072189477, 51.60428422979068, 27.277808020049353, 36.481384474418476, 15.900880428755869, 51.09635367166686, 54.78966251022797, 39.98700814687444, 26.95226843235769, 36.995120010810396, 21.096948861001117, 44.433732703452584, 2.314616865040145, 13.546404528739073, 6.255003714223727, 12.765552061232874, 31.610418153259207, 33.150782664970016, 17.828461039198267, 30.47597307016601, 17.571590132407003, 42.51221416123713, 55.711556850910405, 25.74417483056108, 3.001229068927479, 35.16799182279751, 28.760960923892597, 34.34495445897437, 22.162636319037354, 53.10452390924934, 49.35441576964378, 29.87689825837767, 54.116430165838445, 8.486170978679198, 56.41779377464403, 43.7692295837525, 36.376509005930444, 9.054329105332846, 66.1741410353683, 42.253272059862695, 21.43422497688898, 48.63091174770186, 27.68318112694805, 45.12402332899191, 33.70260955388357, 46.25970661942763, 55.277824600065664, 52.73064410612488, 61.0637321763504, 15.107718876795847, 53.94470253291359, 48.886130863793696, 21.081418160772266, 50.24548164374856, 45.199816655447414, 45.67330637266009, 43.972269591756124, 19.47275213609629, 59.178643758082984], [29.926960573128646, 48.80311420360779, 41.50388513295395, 54.65113401221344, 45.77377619341671, 23.745085226539928, 0.0, 39.802625071527885, 12.828267741418165, 30.116583009009297, 32.234583276642496, 74.67422939960254, 17.77869396631524, 69.42907350893037, 14.768865594859486, 67.32150837505041, 26.21730241849739, 29.062730933114356, 52.172564228931556, 53.1806286237443, 34.71959611318339, 4.673190056585823, 26.727938797036607, 10.048183266221208, 45.643035137385894, 71.92072799729057, 32.752048725023535, 65.47577263351363, 49.45903754226196, 42.49323402498974, 4.876379949667106, 17.511131606914656, 16.214774218623575, 28.67956703796155, 65.88550770138967, 74.31232057476873, 45.59605117590283, 74.56825002636653, 45.020576021372236, 17.093980524701546, 21.711227899832174, 22.29386802933619, 74.54127824411077, 77.03194895191898, 51.301064310744344, 4.38746423626418, 32.61394209723851, 24.94375982477692, 47.485499293907246, 23.483698045789577, 20.969269355856845, 19.25819438921448, 17.675328714018374, 36.81076819300357, 45.44227952177882, 38.5787626105435, 17.403054298477816, 13.993821240794341, 66.19841769690684, 35.942581090407245, 49.374868367827894, 21.13066275169495, 58.11667659296777, 20.92736546184313, 57.14583996940331, 45.900386377105924, 74.8380458234791, 68.51447313021568, 51.78093595235612, 39.93200257675814, 16.770733232581954, 48.36356895881292, 67.4965595474941, 21.12790966889141, 32.76906502942024, 47.8918439474214, 41.938306467311214, 35.80628180745299, 26.41233126235346, 35.40647001180398, 21.676305909955094, 56.09810353156445, 67.96953368035167, 77.5678301089409, 71.06991087665568, 46.65686731052298, 13.803710819163035, 66.8572951548081, 64.12411361815367, 21.91590009788569, 30.774076353077366, 64.14976535614319, 69.00346093732702, 60.20713651425495, 37.97264473741409, 74.80044362978089], [12.931853954595695, 9.513670786863878, 80.61078846313768, 23.086687310836567, 85.26371373572043, 44.18267836030187, 39.802625071527885, 0.0, 30.197461841105348, 30.657366556689105, 26.31914526297385, 108.18473606852599, 56.834335815965524, 79.16586499451284, 52.50432958924977, 98.02604221589039, 57.78476695316143, 68.34668066951018, 13.893496570109367, 30.784718007424225, 63.90060994525369, 42.153549507650396, 62.14843596219856, 39.53468234339353, 52.13883128212941, 62.08166480913358, 22.263102701538802, 85.15597337076784, 82.33826867417389, 81.78594284379831, 42.9417761964218, 57.0427255409147, 50.963033605628915, 60.54443591026067, 73.30077203951683, 104.64018194610777, 82.92351613572959, 107.85689209872947, 84.77140621540798, 22.726455669586976, 61.26845786271564, 28.2883716830249, 75.87254559052718, 71.50870807451392, 83.70492954765668, 37.09851277700378, 71.75557852804899, 60.154864062373804, 84.72681223648121, 46.08373976757237, 53.135985866399146, 45.91973261815653, 32.170446643913735, 72.51284880512938, 29.081397282512, 42.26652197893907, 57.20070494206759, 50.15637395765791, 75.60812293702602, 70.9531531563969, 62.38797129230989, 44.348174430134684, 73.5455952494041, 18.99155782977015, 58.41939141628586, 58.09557019904203, 67.81586697255301, 55.572486602974415, 51.599982732928396, 20.578986169069534, 37.57434645381006, 88.16249909252673, 73.59937356880478, 22.264378933765357, 48.15414745342677, 83.43074421356302, 7.231498939414667, 65.31989715233468, 38.464090747389484, 21.61189582602704, 51.169223688772966, 56.074627204000265, 62.316991815232335, 72.14516298245927, 95.90631394000553, 85.08404107766334, 32.11525625353723, 98.08253647172677, 93.02389309678058, 23.283755993832095, 30.860184776873865, 51.9138659115915, 70.39971353520497, 88.02101846079141, 63.57407377750995, 103.19342413150483], [23.557895533103824, 38.37306198821012, 53.740581684440926, 48.82343614096821, 55.61807192707538, 18.150187455217473, 12.828267741418165, 30.197461841105348, 0.0, 31.61243768748591, 19.532307315159258, 78.94935956724615, 30.353816369917624, 62.67605024768368, 22.537904201207148, 69.7757137645444, 38.27624533375223, 38.68267915190747, 43.66112933227198, 40.35239414150154, 46.50555697632559, 17.104284581393603, 39.47725854947991, 9.341318141878924, 36.7348387409514, 60.49031778820422, 19.926692292720247, 62.353810909526324, 62.10816668268551, 51.99576755817801, 13.919369296736452, 27.878993725190238, 20.775093991084994, 31.11044519237181, 58.278681332845494, 76.62516451213618, 52.72992443516364, 78.6966543779451, 55.582635566282605, 9.427779100130385, 33.82074155744125, 9.817523137779789, 65.49633529860695, 66.49477787464154, 54.61476497793388, 13.144984566048665, 41.953809980207105, 30.032825794595183, 54.53856306983125, 19.173961428388278, 23.34158346695835, 17.154883374092844, 6.629400117509423, 42.440840352719945, 32.66278165970718, 28.25147503883678, 28.73813531785857, 20.004797946793506, 59.234153706219274, 48.717719429449716, 42.926257594222584, 16.844708348178507, 53.00790396228908, 11.886493858522815, 47.47135877911097, 38.93170580212206, 63.961535952860956, 56.56119734182369, 41.486123706503825, 36.3881217814536, 9.701032460092609, 59.44277974000241, 59.54895861791372, 18.234351291241637, 25.905885461019984, 60.71831747311566, 30.826527933159255, 36.85176408178874, 31.767037663124423, 22.593305497343536, 32.93331144530404, 46.05992909144798, 57.17319285209572, 67.06297091358253, 70.43421447674287, 59.166988103004755, 3.05002090111011, 69.61873057457332, 65.49213057467965, 9.240730232324362, 32.2561214943228, 52.18793982729475, 59.81264336107042, 60.90343790780715, 36.72760580953467, 76.04216429174443], [18.446982107999506, 39.34276144741586, 60.816701970565106, 31.346666924049785, 71.5459657978485, 49.59266946220778, 30.116583009009297, 30.657366556689105, 31.61243768748591, 0.0, 44.451181518897336, 104.49465271181285, 39.93473922199889, 94.06096117520086, 44.59255769050723, 97.4377071867383, 32.901011872750416, 56.374306401439675, 35.822854341084835, 58.66934705826684, 36.56301436152025, 28.66802980647493, 39.430646942067966, 37.47192221164236, 67.44519359890595, 86.63224571941652, 41.98440514574717, 93.6446611450287, 55.43797113984315, 68.98764747212098, 34.987634633973684, 45.272867948619044, 46.29443957264553, 58.69087294715408, 89.36636901169892, 104.42878508266897, 74.38567909756131, 104.43192330659684, 69.4908971037341, 23.67291443003937, 44.99459674033275, 38.53993634087713, 95.46957941794258, 94.43339009371797, 81.39533735793505, 25.729170206417617, 59.97717193524201, 55.008232637557946, 76.28036299274913, 50.30908075260725, 50.82803539553499, 47.25435082072984, 37.93619104475554, 66.56525335553421, 54.019481507378245, 58.0895422519068, 43.71291035836038, 44.1089460307523, 90.57280308108523, 46.60447489694094, 74.48124994126589, 47.87318133078473, 84.61583104116133, 24.520743620119376, 77.19389611286577, 70.42069814598126, 91.31063056375258, 81.1862890095978, 70.66928033500687, 15.427776277643115, 41.11507424511309, 71.34374174763012, 90.44384999355358, 14.325410712937776, 57.50446163244569, 58.44783751298929, 37.13600954575553, 65.62718547557138, 9.520488589316201, 43.34918590000637, 26.69075313597252, 75.39913572873361, 84.9129620791903, 95.04492522989376, 100.61006987591695, 63.52475282336111, 34.64638117805231, 96.96423582984517, 94.16517924648093, 33.66600579537726, 0.6654687925930072, 77.02778143904892, 89.74299167043682, 90.11112583190749, 66.99687296132976, 104.84527293323453], [28.822732591852198, 30.241566787709594, 71.85037113614369, 49.28661536589392, 70.64251535339189, 21.92057316087472, 32.234583276642496, 26.31914526297385, 19.532307315159258, 44.451181518897336, 0.0, 85.6664009041844, 49.23241535708154, 53.18003788847502, 38.371506905544315, 74.37031649756386, 57.73726081449152, 54.2793931574475, 39.517414753826124, 21.408920555183798, 65.84631205269001, 36.623733863088574, 58.95757354974078, 25.374069432634542, 25.941862836229724, 42.547683057157236, 4.1108369182222555, 59.040263900988364, 81.63318080775143, 66.75332934774504, 32.28295851713188, 44.94719118029029, 34.62071422562249, 40.156535745161776, 47.550405369064244, 80.64560135894716, 64.6148456195789, 85.21725235201657, 71.48777641541162, 21.853882509011132, 52.12103501529986, 10.01433450660664, 51.70919901142828, 49.983915079438205, 61.48504778432833, 32.57910664211217, 57.05078414419471, 42.154612480420454, 66.21108005832632, 24.20611105835376, 34.4116577086463, 26.262539200370867, 15.265109060123285, 53.396701646875826, 13.275676700992397, 15.998593335342465, 46.52459472305892, 35.168111708134454, 49.60711817882592, 68.17709098867834, 36.08455381052391, 23.44883735200725, 47.249528193673996, 20.00120805240763, 33.56299533300435, 31.801940604392495, 46.91381082649875, 37.807812655800774, 26.789254447170276, 42.43194654371438, 19.340487007030056, 75.90360909160577, 48.10233914184008, 30.281970168481273, 22.942288009285765, 80.04816248600962, 22.19600876504657, 43.011042976042305, 47.79724519215944, 5.90977097246879, 52.17906811045434, 31.500018048317386, 40.463861918317725, 50.59458859248322, 70.43297836425145, 77.65448257606323, 18.572600436637668, 74.65988702006274, 68.79839726475696, 11.713177998864477, 44.98096409303957, 33.47656314942841, 46.02931016182871, 63.57646061022461, 39.759728525482835, 78.52728579693097], [102.37255899986046, 114.83336907617868, 61.29877463967934, 127.71866845764853, 42.08274422901821, 64.39413238870871, 74.67422939960254, 108.18473606852599, 78.94935956724615, 104.49465271181285, 85.6664009041844, 0.0, 67.61239719861747, 62.52439216949586, 59.96007393760519, 13.516269956613419, 83.08125047042172, 50.16531483227794, 122.0331703871382, 102.12556225257464, 88.7785093511805, 75.84793158011873, 76.11624469842594, 69.97235877862168, 69.11841664289778, 94.55664826879311, 89.35294970069731, 42.46823312280449, 86.54526802622132, 41.79420891782934, 69.91964515077943, 59.78957446262333, 59.099385184744655, 47.84794433470971, 66.32472271916072, 12.125393473992279, 31.705134287532317, 0.9456801324384985, 46.61797013325156, 88.10099684243842, 63.25520542821545, 80.15161520961898, 78.33546875801393, 90.18804147971558, 24.48112445357532, 79.00759717539967, 47.01622980986616, 49.84655486685656, 29.996275300852954, 62.316825084012955, 55.6485606694019, 62.30291887415587, 76.01757946403902, 37.93046530779912, 94.31671598056204, 74.39686921187067, 62.01079207413389, 60.87023937223798, 62.838373091595685, 77.75524157165133, 58.71827678667991, 63.88246673551585, 52.362236245601146, 90.83104811187346, 75.37171748475564, 61.09243354991626, 91.60888237340687, 97.43257979523926, 77.21233255492132, 114.19101369748566, 70.63309802363851, 49.81184365985274, 68.75914741311692, 95.16010343769139, 63.304346440639215, 78.50380542856374, 106.64569609294855, 42.97430744878234, 98.87151011582509, 91.57151019796969, 84.91130824172508, 77.1281689998314, 87.23895859454777, 90.24398062795477, 29.159487159123962, 65.89071913444403, 76.51013305567305, 12.366769948817263, 20.345469646026686, 84.90494341022043, 105.13524018809942, 94.88879240259162, 76.81823578253211, 25.353641414945322, 46.01674483047094, 18.48538560094513], [45.76966274771671, 66.07470600268302, 23.843664525583602, 68.92061962608066, 31.61431397106119, 35.3491441419923, 17.77869396631524, 56.834335815965524, 30.353816369917624, 39.93473922199889, 49.23241535708154, 67.61239719861747, 0.0, 77.70964781397588, 15.447795594828424, 63.275366637176916, 16.77066264502776, 17.511459179478052, 68.38447933978523, 70.50021370765177, 24.601594939148846, 14.686853981027674, 12.393014860626733, 24.273197866814446, 57.73952972309968, 86.37897487739743, 50.18756853561796, 69.22597158672356, 34.31631891562697, 29.179919345309347, 16.968951282434322, 9.765623836335442, 20.610418863986578, 30.023606978688285, 75.40583332709848, 70.09293408083492, 36.120374763877734, 67.72417475914322, 29.678491490557125, 34.44171415425027, 5.060721051366981, 39.22377692662376, 85.64720292703441, 90.11980159186291, 47.24990861520892, 19.75184213645015, 20.89626677415393, 23.642866816512704, 37.94888591401953, 34.03505857980922, 25.382378351010903, 29.252677759805437, 34.0617390372848, 31.173547103900383, 62.50750128145783, 52.63558563682659, 6.619563739525514, 18.195433530139365, 74.88572269761742, 20.37121009037931, 58.386580850123224, 32.34815790724832, 64.8836307143572, 38.33900762334594, 69.60370692602251, 55.7855984928155, 88.44546478463796, 83.81822337538169, 65.1969523778395, 53.1480233310285, 31.299968801664257, 32.07382118018561, 77.39049831063907, 36.07730167216055, 43.90512968051966, 31.19257013662453, 59.51493918944247, 37.28234853694336, 32.45540967534802, 52.89364143836254, 17.316837160642063, 69.04496637176818, 81.59121776187284, 90.60056315602641, 71.15081427526734, 28.87935202413913, 30.69743214974019, 62.396217693614076, 61.82931180893185, 39.56758091856111, 40.49035137407424, 79.52022317543914, 80.45608762932424, 59.13562311472361, 42.03626561002601, 72.0750759743161], [81.32214149226068, 80.99729134985728, 90.40454034207717, 102.25183840783865, 77.37771707083313, 45.79639076916532, 69.42907350893037, 79.16586499451284, 62.67605024768368, 94.06096117520086, 53.18003788847502, 62.52439216949586, 77.70964781397588, 0.0, 62.310169840193204, 49.15351905730003, 93.17357884410708, 69.06037543384522, 91.47073380336265, 57.06370289025683, 101.69109412191861, 73.6607619767225, 90.10266267447598, 59.47773124085818, 27.32292816282372, 35.52035237468507, 57.06570407497267, 20.06871347068969, 110.90824872625585, 73.92780134190855, 65.70323665734111, 68.38423283705374, 57.30629187121614, 48.7468056673602, 6.500862244552442, 51.64201463556352, 63.987763367029444, 61.65616362592774, 81.02470126790004, 70.51097771537555, 76.97872581411778, 55.857665784321036, 15.959323046954127, 28.518446268587716, 48.71965429838199, 72.74863993995953, 69.11718098521912, 55.40418712548004, 64.27804291345278, 45.95140419768497, 52.34012323050422, 50.37890367842717, 56.17668243570242, 56.140862043043036, 52.700648402776274, 37.28065574004146, 71.51279863725998, 59.910747250868376, 3.5747662846120507, 97.37303927715294, 20.059926511832614, 48.30105210347684, 13.697751825205746, 70.53512802958775, 22.29857844164878, 23.785233360135678, 30.82317308598412, 40.76841140120765, 28.459177697696898, 95.18293878329965, 53.7818482918077, 86.31265603976192, 7.779490348049769, 79.9948717653243, 37.00378524795881, 105.63630371001464, 73.86182424672394, 42.82476824860786, 94.19219369976875, 57.55969642176549, 90.32358997599287, 24.890734405784837, 28.57145199405437, 28.4498170534003, 34.455449984876864, 97.05534871284678, 59.72941530657475, 50.551937844281355, 42.486735970712836, 61.22856549016269, 94.68472861512963, 40.05675575743913, 15.951501065786076, 38.2926126470727, 36.62680796227453, 46.12236582267325], [43.980315863241536, 60.8957805366418, 34.13006146840418, 69.07941238798163, 33.1244213702927, 20.822005226142547, 14.768865594859486, 52.50432958924977, 22.537904201207148, 44.59255769050723, 38.371506905544315, 59.96007393760519, 15.447795594828424, 62.310169840193204, 0.0, 53.08000773343239, 31.186223274686192, 16.24721304048185, 65.60186012004837, 59.68825338010688, 39.53783681662668, 16.12816037496413, 27.823563579896813, 13.586524238773535, 42.74593290628107, 72.0803393624015, 40.32096735642749, 54.774862227868454, 49.46781150597156, 29.46382563756744, 10.199524684905144, 7.133579073186112, 5.241786428382383, 15.771254381523917, 59.958757656507665, 60.069478633727435, 31.039721739559944, 59.873419198267214, 33.37407036635173, 30.162375442222057, 15.736526561146654, 28.89312505356728, 70.2918022592604, 75.19229241398251, 36.92254851943193, 19.060050146694138, 19.42890729194315, 10.605061840996875, 32.91413373594042, 19.186379308038127, 9.973941331757569, 14.56753839809058, 23.431670053929945, 22.056274442811752, 51.30419255591156, 38.59354014094855, 9.761381981549333, 3.3315676183141205, 59.455162030031204, 35.5951196230644, 42.939668710330416, 17.878452236785343, 49.62975899069102, 33.619703072106574, 54.60098985074995, 40.389163904835776, 73.72030763622669, 70.10387894037498, 50.58880075298349, 54.645243973931464, 19.076890222455763, 37.59121185773643, 61.95107060016236, 35.71863717968437, 28.872335737052357, 45.489435683323734, 53.349821306326845, 23.24699117946664, 39.73105325295733, 43.075311285043625, 29.52013889920867, 54.207881742127064, 66.91598977806474, 75.6525962050295, 58.3448566010133, 40.369217397025515, 21.382475439748262, 52.5145175127605, 50.37507178379363, 31.182292260750764, 45.239762623833165, 65.90420306477797, 65.16506588947327, 46.876890520934765, 27.15118465905112, 60.98788432787454], [93.33235065125754, 104.1036782985198, 61.92172903552006, 118.52065029592276, 43.26880948359756, 53.85374297999207, 67.32150837505041, 98.02604221589039, 69.7757137645444, 97.4377071867383, 74.37031649756386, 13.516269956613419, 63.275366637176916, 49.15351905730003, 53.08000773343239, 0.0, 79.64580369448444, 46.632115315336506, 111.9195323328655, 89.77113932982041, 86.28430424615635, 69.20728073020713, 73.30501348155357, 61.26824931539731, 56.234820034454586, 81.07890786626685, 78.20879501085233, 29.15594049539689, 86.96906278847676, 41.739006442941346, 62.45350807781736, 54.418698438156234, 51.19269030255237, 39.034881233322174, 52.82809946086964, 6.9935203100539995, 30.056250362619107, 12.711661132615196, 47.92158372051337, 79.14098491628982, 59.52994936041576, 69.75438457503093, 64.89919083854913, 76.68308558505404, 16.21317405270204, 71.7089673302473, 44.101639085701656, 42.50852963906401, 28.87623365117221, 51.94987568222579, 47.01911241105499, 52.697994482925665, 66.08773478115208, 32.137077289677585, 82.1879234220726, 62.133777300358595, 57.075646715194296, 53.328833951897025, 49.368232855201036, 76.51653632609802, 45.53848829921412, 53.785742747231225, 38.85452051094515, 81.52524794342008, 62.00785536119435, 48.14066321883243, 78.09280332630851, 84.07100494742627, 64.09906358371113, 105.81860586587683, 60.850699392283026, 52.14312770283068, 55.27221263342753, 86.9055848736521, 51.59407235654267, 79.4040240435599, 95.90010060966856, 32.951235639543704, 92.77602969794391, 80.27270061046568, 80.44933467673006, 63.82410909187825, 73.75580338444443, 76.74363213401045, 16.961844370961792, 67.42529128597488, 67.11257666728434, 1.7014466232445098, 6.83271102297965, 74.81758721918217, 98.09464152342035, 81.6200464038592, 63.30831861845277, 11.985632332834864, 34.673874368384865, 9.734636678170125], [45.14775438194862, 67.29377745960133, 29.165269781426204, 64.17235661661692, 43.87268308994414, 48.798657326468735, 26.21730241849739, 57.78476695316143, 38.27624533375223, 32.901011872750416, 57.73726081449152, 83.08125047042172, 16.77066264502776, 93.17357884410708, 31.186223274686192, 79.64580369448444, 0.0, 33.148346603157364, 66.85475191884662, 77.84406372724993, 8.63422467667148, 21.55427340485896, 7.633425026048668, 35.73390904582221, 71.24261698736544, 98.13776964554334, 57.56354506646084, 85.75682115107145, 24.74039267086824, 42.48248357707509, 28.391671261304584, 26.462100156854653, 35.94638734628356, 46.516257801612, 90.36789161559602, 86.37394367897286, 51.37620099609302, 83.27243450285604, 40.6407271978485, 38.26601037123384, 20.117885460073932, 48.07420935128831, 99.87983578735346, 103.07388293501853, 63.77079266863692, 25.159484525783284, 36.09585691225857, 40.29723509208822, 53.09957360776147, 47.968295690071365, 41.07441108691079, 43.24190422369159, 43.81379325043845, 47.69911730176871, 70.64555406279757, 64.71035747102744, 23.369606507717265, 33.29951608832553, 90.18366860802331, 13.743589105472088, 73.43317854575115, 45.89989415666191, 80.7498069510937, 41.87592799877387, 82.94638643271078, 70.43454933482695, 100.9803604277635, 94.6586039697636, 77.83379310113995, 48.09311757635556, 42.803223736598746, 41.10268560595767, 92.19692354344815, 35.52046773212366, 57.787347078294005, 25.9388962533397, 62.23536112824284, 53.87803857151119, 23.56464288915162, 60.02048023331513, 6.644514733634033, 82.04634053806947, 94.10393382928507, 103.5975938801131, 87.91828988416688, 30.904092570441787, 39.82912682999824, 78.68931348507994, 78.47222911498892, 46.50600153038748, 33.25942105595776, 90.28818969585934, 94.47184051181056, 75.88126268776348, 58.2977888673378, 88.61482335400476], [58.98940975910902, 76.94351946948787, 21.504396248457518, 83.54698255934545, 16.94671388735193, 34.77487941486415, 29.062730933114356, 68.34668066951018, 38.68267915190747, 56.374306401439675, 54.2793931574475, 50.16531483227794, 17.511459179478052, 69.06037543384522, 16.24721304048185, 46.632115315336506, 33.148346603157364, 0.0, 81.12290767469773, 75.41661661102637, 39.667951344144434, 28.37197417933442, 26.675729723651294, 29.83362829192193, 54.49126322326216, 84.76230688394277, 56.43446349114398, 57.02337146648672, 43.03202312252399, 13.461078060490825, 25.417144591301167, 11.582384269485722, 19.69640932362122, 20.831880984655296, 68.1100316668992, 53.28228744901165, 18.608918665412613, 50.303466032833946, 17.21340703153513, 45.72605416142072, 13.112300261728535, 45.028111853827276, 79.64633926732326, 86.40959617690129, 31.076311915593376, 32.74683429320143, 3.6217259477551766, 14.716084341702421, 20.440676067143634, 32.690701240128895, 21.3357227802374, 28.857683317356333, 39.585592081105794, 15.383117516411657, 66.95435646472966, 52.36386372106427, 12.662247648462534, 19.223518405420194, 66.76637930693525, 30.768361102161446, 51.6570792400121, 32.161436378550704, 55.481563744420086, 49.363140630534005, 65.96703962836173, 50.20885938488667, 85.50433970500048, 83.6754655205999, 63.070281107635, 68.36710123087639, 34.947455378709364, 21.729875909899427, 70.39456912532138, 50.008825745498854, 41.15484203254585, 36.87313262225516, 69.50744683401473, 26.258795895212966, 49.59195699521171, 59.17902405388582, 34.76045754542703, 66.06457038962068, 78.92075752057715, 86.80099313340426, 56.350674042526215, 28.179305811717036, 37.62807847533028, 45.615842889189665, 45.99897341830573, 47.42640958081515, 56.97132213612058, 79.64907420755557, 75.06330791756754, 44.072624374115115, 32.499575296058545, 55.80906135047495], [22.61860476595343, 11.047047921366827, 91.82620964844675, 13.148618651892372, 97.93344948419325, 58.07463045961776, 52.172564228931556, 13.893496570109367, 43.66112933227198, 35.822854341084835, 39.517414753826124, 122.0331703871382, 68.38447933978523, 91.47073380336265, 65.60186012004837, 111.9195323328655, 66.85475191884662, 81.12290767469773, 0.0, 38.65186499969958, 71.85655393083441, 53.90361629268268, 72.14238719969276, 52.98832955248867, 64.88324389046075, 70.86718222007038, 35.40713202937815, 98.5550584852035, 90.69395891003043, 94.58328315147251, 55.74967935469864, 69.64939345176155, 64.41482780120525, 74.32633705907256, 85.39804981201435, 118.53030217996621, 96.32496379979852, 121.71356967659001, 97.13579166416444, 35.45785404412134, 73.07223793639861, 42.17766797472449, 86.77038363777548, 80.9825890502794, 97.55749116094101, 48.97077943391094, 84.60946860134916, 73.69367343723518, 98.15052463117775, 59.9764461120717, 66.82447051280683, 59.7409966300758, 46.01777752821127, 86.09535364128753, 39.52886734794791, 55.19904173972134, 69.49632796530808, 63.43940394469218, 87.95035906882624, 80.46486838591284, 75.52692895022376, 58.22812075486131, 86.69386909729663, 32.01547066315956, 70.03947778803885, 71.26961347250769, 77.07061513309998, 63.8580370755621, 63.33778471271747, 21.259641892527405, 51.40234911436198, 100.22570623460747, 85.47161021636524, 32.4188605546428, 61.84560464019669, 92.7924221400761, 17.63442857854809, 79.19958142872957, 45.00246544090431, 34.27279980243691, 60.234804957648706, 67.57692465169826, 72.22472523693754, 81.61640214264257, 109.61469879855154, 95.79976497007658, 45.76409489571022, 111.97441383239433, 106.90241610403567, 37.15640383723066, 35.767653673161156, 60.71691304792531, 81.51173251170782, 101.88334054404667, 77.45294822491525, 117.0446792699267], [40.424736203434534, 27.63392175008582, 93.25836344683047, 51.40528225320362, 91.49987885902608, 41.644771760664426, 53.1806286237443, 30.784718007424225, 40.35239414150154, 58.66934705826684, 21.408920555183798, 102.12556225257464, 70.50021370765177, 57.06370289025683, 59.68825338010688, 89.77113932982041, 77.84406372724993, 75.41661661102637, 38.65186499969958, 0.0, 85.57675987418392, 57.36325464901401, 79.75127623799123, 46.782279152520346, 34.3641518253183, 32.21596649407151, 20.443324205656463, 69.03345317935099, 102.19812894834925, 87.56285743360384, 53.60353171430814, 66.33853383090639, 55.7203919056998, 59.70729560025392, 50.60533850567082, 95.39329220613452, 84.4056296369417, 101.55886730559618, 92.58420501482811, 39.965610347670236, 73.50656588844555, 31.32741373987482, 49.40667396106699, 42.44600180335227, 78.87988432688476, 52.94006832258552, 78.04818714467135, 62.63246943758035, 85.87782310152762, 43.946233825762604, 54.92775480997543, 46.85931971393471, 36.66497206496807, 73.09793373537825, 8.507711818615945, 27.731039574991694, 67.93258226050852, 56.44526434478405, 53.8125922952975, 89.00713185981152, 45.91300731676009, 43.7513424561224, 56.20808158163189, 36.82838521662432, 34.76512816318366, 42.36336540495489,