instance_id,num_cities,city_coordinates,distance_matrix,best_route,total_distance
2471,53,"[[24.92616055464405, 20.74594777057033], [34.79108298178755, 54.92792225021807], [51.99873792582622, 79.24381679770141], [20.21761598191224, 65.70411346732168], [46.72747718050234, 53.84845086644334], [52.01447967871506, 86.81932812650747], [31.14329066907636, 90.50304103194475], [99.34978492320418, 82.90205349630494], [45.36232406028392, 88.94733661032818], [67.64064763236888, 39.67002733978112], [66.9698511371416, 6.956921925832127], [77.22599736845088, 26.74306698591218], [92.10184342612558, 95.52599751546866], [12.874276383680538, 82.55373308378779], [59.637201155701824, 83.6331092035978], [25.718956730795473, 3.7440853658810225], [98.64122764107762, 54.66355231728206], [88.05046398638481, 67.8736691684786], [24.885342151741042, 56.25702190472794], [81.4385726200599, 60.77044800823413], [79.19874496851817, 26.985963040665585], [70.91856614011436, 16.412001829931057], [0.6875351178396327, 56.551395336752144], [79.55083840695501, 52.323321707077916], [38.70684249033302, 77.7942055241975], [51.23858532125987, 27.991771113326358], [22.34723480145885, 16.199540036510317], [3.3985160312897444, 8.138860360047595], [21.51776436437234, 34.55795538912562], [86.20172347977172, 12.71297022951724], [47.4930408770175, 10.519991062793787], [75.09446884317292, 82.53036991968372], [34.42310180461514, 41.70658776693017], [72.21721335395364, 82.45731532274748], [73.58874113220614, 33.27387431950394], [15.858073511985571, 25.86497270451509], [39.510744349925076, 9.514614046887814], [1.3643126385225801, 23.736923379038732], [20.089877176213022, 0.883470289519539], [59.22338330220238, 42.056177224197086], [7.335385397479666, 15.09138194166585], [29.394656652020114, 8.095473554373378], [58.335620503145826, 25.351208637352062], [91.03971975294084, 93.01063068545132], [77.09188196522044, 41.37741300777794], [41.24918354883533, 2.8364209008559738], [47.724928514795074, 83.848034878808], [48.29812695024545, 99.75450189917771], [18.74134412726368, 80.4929308977024], [91.88618020051601, 84.05192912204507], [50.34472687946982, 75.69593423128539], [82.3742088512992, 60.624512449685106], [51.971595969156624, 58.443800201702786]]","[[0.0, 35.57701608933565, 64.45870869195276, 45.204060158463115, 39.6367647245989, 71.4105638167621, 70.03359741678183, 96.96523780789298, 71.19737508153719, 46.71882055290933, 44.2471372129729, 52.64255284115548, 100.52177977482954, 62.97182097887198, 71.83071357512704, 17.02033639517468, 81.14379220707227, 78.77626424184724, 35.51109759362069, 69.25036705120131, 54.63013096755411, 46.196151992939676, 43.238189583749886, 63.095055077199035, 58.68910382121119, 27.291860563421572, 5.226918913161226, 24.947507524810316, 14.226338919233157, 61.79986520993669, 24.7756791647302, 79.58752400240083, 23.011743136112102, 77.74790389474812, 50.24933524021187, 10.413194461239007, 18.407958650928734, 23.75092866211531, 20.442789648228977, 40.378526069705096, 18.477269423357065, 13.416480733296977, 33.72536792537118, 97.94481664006007, 56.09741391650754, 24.232049693864482, 67.0943903610162, 82.39296352656703, 60.06624632049349, 92.14820402942657, 60.54423610916514, 69.93266886056304, 46.39594437749932], [35.57701608933565, 0.0, 29.78869108096945, 18.124906552698018, 11.985105962631316, 36.245098462357085, 35.761647963854195, 70.35892278406462, 35.624032496961306, 36.2201222365505, 57.764089122206926, 50.94220279172582, 70.23337510009934, 35.263746761667356, 37.964685516155605, 51.98161822140939, 63.85069196550425, 54.810163548966976, 9.994508856550615, 47.011949510585154, 52.46707088828206, 52.80787029579085, 34.14216808832279, 44.83547311794684, 23.19913971022709, 31.56068077967299, 40.67845801436068, 56.34456115991755, 24.312888290810406, 66.52184701677369, 46.18878745668915, 48.84934011056146, 13.22645438754207, 46.46055012132555, 44.4314761148266, 34.68593207454123, 45.657899266179044, 45.71900464974373, 56.00828724278318, 27.615559363551533, 48.38145588545135, 47.14233413802855, 37.80379921690598, 67.92791635532569, 44.41817077915582, 52.490299825441035, 31.68055041696759, 46.81733097679082, 30.185489634000664, 64.09413313780193, 25.946602092406337, 47.922906917406976, 17.536573903670405], [64.45870869195276, 29.78869108096945, 0.0, 34.5450905091972, 25.936669034933832, 7.575527684303777, 23.700628908027895, 47.492150377624576, 11.755861761215224, 42.552957022132276, 73.82092793376893, 58.24726044875915, 43.282426915483526, 39.264220822317824, 8.809767780062158, 79.94270664629576, 52.72296699508382, 37.80221169529477, 35.54615267302231, 34.7558516117138, 58.91284802497869, 65.618571089306, 56.105129225086735, 38.520530848451465, 13.370708923327689, 51.257682534577164, 69.6691644120699, 86.12721055623959, 54.09173651381968, 74.80773867644088, 68.87136944723544, 23.32839938851562, 41.44811875554541, 20.472257359858133, 50.787437914313806, 64.46276926256381, 70.83863140840468, 75.13228494572964, 84.60803330193025, 37.88292541321563, 78.16872748759089, 74.6527376356906, 54.26388573557639, 41.39714273527869, 45.42609837707082, 77.15985398535405, 6.282059456914361, 20.841850323915835, 33.280843263166986, 40.17618691887292, 3.9144888870129306, 35.62790659508798, 20.800034304770513], [45.204060158463115, 18.124906552698018, 34.5450905091972, 0.0, 29.040135613911623, 38.169265529435485, 27.09902536485696, 80.9794375294968, 34.24184233393588, 54.099145754960055, 75.07998405715284, 69.05011724276503, 77.82471923131183, 18.380269793301657, 43.305341280089905, 62.20377667285676, 79.19694979085585, 67.8675345090589, 10.537324451137223, 61.41943166907481, 70.55401299001933, 70.7127896254806, 21.568409949156457, 60.82332506095507, 22.09121596525237, 48.831560538013676, 49.55035889762213, 59.97199753596305, 31.17328261265392, 84.62838592303756, 61.55677191638987, 57.39853557502238, 27.88686191022511, 54.63174808902839, 62.451560516875674, 40.07696030471637, 59.409465974233086, 46.00752211175845, 64.82076904192381, 45.614414090323464, 52.22643446874969, 58.33501065467078, 55.50981171736551, 75.90399373641912, 61.85847141975344, 66.29233442075862, 32.95230078413167, 44.135519126922674, 14.862318109163187, 73.97989886756973, 31.74081431237877, 62.36380668006965, 32.573415444887544], [39.6367647245989, 11.985105962631316, 25.936669034933832, 29.040135613911623, 0.0, 33.39208203623011, 39.82996170502532, 60.110058209433795, 35.125424175430595, 25.266349005153725, 51.07415383330992, 40.80271521560377, 61.61047806074577, 44.385047384984595, 32.4620831952736, 54.33051972602224, 51.9201490488812, 43.638239961974655, 21.97453246513119, 35.39455030149463, 42.142336004914256, 44.57237374781878, 46.11921697018405, 32.85877449259091, 25.25331160387687, 26.247247179711223, 44.85350270760531, 62.982263682185625, 31.74354794335638, 57.01178727356567, 43.335222587750685, 40.3402862727405, 17.28648295397473, 38.31701678981982, 33.835494693723206, 41.66527490475674, 44.917372139194754, 54.44741302291096, 59.286177997088245, 17.181542056985347, 55.261625805635106, 48.92608302727047, 30.77079469338639, 59.13756141383365, 32.8256586103383, 51.30534964625762, 30.016161481428753, 45.932912623947615, 38.641324503822844, 54.328248243307065, 22.144909680595458, 36.28504498260512, 6.972662144589129], [71.4105638167621, 36.245098462357085, 7.575527684303777, 38.169265529435485, 33.39208203623011, 0.0, 21.19377907419412, 47.49711741903279, 6.984239005005338, 49.67125617087806, 81.25064344127489, 65.1519591175343, 41.02197976775228, 39.37195467645855, 8.261832347634689, 87.13753775980581, 56.6396287367674, 40.71277635308798, 40.86617996034489, 39.29785491393996, 65.71921984352855, 72.90100192159667, 59.58693643174086, 44.13870762606945, 16.079367074743185, 58.83267354279427, 76.59830212532906, 92.4885286363488, 60.50868305755485, 81.61200842688343, 76.43318811353932, 23.475115810819187, 48.421234167047075, 20.66827529458578, 57.7283672093845, 70.87114470504964, 78.30940056024038, 80.90011872625941, 91.67416161122914, 45.339915859601454, 84.50514617280452, 81.90910616319479, 61.792285399193425, 39.51330902654626, 51.9022519270315, 84.67006736052825, 5.218125405901226, 13.458454522402622, 33.86923163170211, 39.967624394628224, 11.248020544026899, 40.09839802006254, 28.37556032969069], [70.03359741678183, 35.761647963854195, 23.700628908027895, 27.09902536485696, 39.82996170502532, 21.19377907419412, 0.0, 68.62871753104034, 14.303885025674417, 62.578369636270416, 90.9037757888235, 78.66988081274386, 61.16514731503005, 19.92356343164114, 29.310388911543956, 86.92836008426707, 76.42277439876602, 61.241447124486015, 34.813097329989446, 58.42638508792526, 79.64763577455379, 84.09253610654923, 45.609947287939036, 61.652101713734055, 14.789246637872136, 65.66185905071862, 74.82232861255237, 86.91162625020016, 56.76709754976835, 95.30333750198122, 81.63701742610255, 44.668440173745296, 48.9065538791025, 41.854519790709745, 71.25162305251962, 66.42076287307222, 81.4195282878441, 73.10610096965843, 90.29864567035747, 55.99634108664055, 79.08055816804638, 82.42611781769226, 70.59875399876347, 59.94889676106458, 67.26514974984364, 88.24718327576117, 17.867283524499722, 19.490457562911605, 15.937709462957374, 61.08449454241829, 24.247588835757288, 59.30711127710164, 38.23105052551924], [96.96523780789298, 70.35892278406462, 47.492150377624576, 80.9794375294968, 60.110058209433795, 47.49711741903279, 68.62871753104034, 0.0, 54.32486887562676, 53.6141536660554, 82.5598154143178, 60.35970296184644, 14.556669211878566, 86.47621004807624, 39.71931207785524, 108.10866190475775, 28.247389299893385, 18.802313398571492, 79.08799495359992, 28.47138015003686, 59.43629853127292, 72.31363061061855, 102.12050098828229, 36.42879521739333, 60.85767476516572, 73.00566168809495, 101.87550258578352, 121.6395538050752, 91.62409751843127, 71.40993579014291, 89.04091680345854, 24.258163714991973, 76.89304635298153, 27.136216243307064, 55.91589707414506, 101.11426437265602, 94.69121947505168, 114.46250652788078, 114.05779660904348, 57.258306956163835, 114.30195491228832, 102.41945310362878, 70.67008863058575, 13.085889955328003, 47.113798528546155, 98.92515050770827, 51.633522831246964, 53.76129461759129, 80.6444331572102, 7.55166269183181, 49.532048905041876, 28.008195551603546, 53.31884228664715], [71.19737508153719, 35.624032496961306, 11.755861761215224, 34.24184233393588, 35.125424175430595, 6.984239005005338, 14.303885025674417, 54.32486887562676, 0.0, 54.07935752325151, 84.78981853095785, 69.89037727896905, 47.20022722249027, 33.111197620923406, 15.231977186817575, 87.43829768851633, 63.35628960271922, 47.60647802347954, 38.57412946048135, 45.775897166975945, 70.59826622884215, 76.90576246905809, 55.184542926918674, 50.10162652914606, 12.987985523258438, 61.23815323363797, 76.30161361293267, 91.05476933245419, 59.386596271525725, 86.48430587354088, 78.45628390247319, 30.416737085024657, 48.490771646200166, 27.62798319256234, 62.42006908171386, 69.64111886207884, 79.64796544135432, 78.66525918640941, 91.61845405199456, 48.896930291006235, 83.07075360248145, 82.41353142585142, 64.90588504711671, 45.85776745551929, 57.18096253470368, 86.209093077185, 5.620033626016905, 11.198828518609465, 27.93122891223989, 46.78070333624057, 14.157118451999066, 46.605385785530146, 31.211347433229296], [46.71882055290933, 36.2201222365505, 42.552957022132276, 54.099145754960055, 25.266349005153725, 49.67125617087806, 62.578369636270416, 53.6141536660554, 54.07935752325151, 0.0, 32.71998217851208, 16.093018161721766, 60.97736878488441, 69.55837575797545, 44.68565454896595, 55.209613970386535, 34.43605308578926, 34.8138767735814, 45.86005380981776, 25.211316632647872, 17.16027683855941, 23.487879860903934, 69.04853264793084, 17.376953203381234, 47.86040160962328, 20.134778780712544, 51.01330238402765, 71.56302092389762, 46.40531909794301, 32.72913785389205, 35.43516153367949, 43.50365980821894, 33.279917806273936, 43.03134865120174, 8.734448450910174, 53.59117946094928, 41.2388216313809, 68.16462705861714, 61.363448230907146, 8.74894565503705, 65.12168964964782, 49.59544608950025, 17.076653621497663, 58.247202004764574, 9.604217627363145, 45.31251416297786, 48.45959366408689, 63.121131084741734, 63.69969653133157, 50.57271057916123, 39.962668104693655, 25.615781706072436, 24.453501334071593], [44.2471372129729, 57.764089122206926, 73.82092793376893, 75.07998405715284, 51.07415383330992, 81.25064344127489, 90.9037757888235, 82.5598154143178, 84.78981853095785, 32.71998217851208, 0.0, 22.286320285245154, 92.06572753862481, 92.95810381649846, 77.02600503210135, 41.375821539692446, 57.26254162155645, 64.46116918520913, 64.81979446489616, 55.72467577986993, 23.467175635742127, 10.246506046823844, 82.78259001619281, 47.07856698960818, 76.26741378442577, 26.266663368432543, 45.56976934527294, 63.582321643698954, 53.17620934441636, 20.074785325815498, 19.80004039348517, 76.008916941031, 47.611239935358626, 75.68252250898753, 27.136537878984377, 54.49704759207285, 27.577968281544436, 67.71746547577958, 47.27175449838909, 35.9439214112421, 60.18670072203751, 37.59243993684845, 20.31993411078466, 89.35658546781652, 35.87792795587406, 26.048632783410692, 79.26291880751931, 94.6574040052916, 87.94051116472333, 81.02137735547626, 70.72090616863079, 55.83461748075006, 53.6269176130636], [52.64255284115548, 50.94220279172582, 58.24726044875915, 69.05011724276503, 40.80271521560377, 65.1519591175343, 78.66988081274386, 60.35970296184644, 69.89037727896905, 16.093018161721766, 22.286320285245154, 0.0, 70.37316482982295, 85.18200774805847, 59.54697856099558, 56.40858437159734, 35.18757719378914, 42.53111229986001, 60.088415884131805, 34.28714700129985, 1.9876447335945213, 12.104321375332113, 82.13813147838057, 25.68568312219932, 63.95267030061865, 26.01739508306528, 55.88241710428289, 76.13549438183703, 56.253708368350125, 16.655547851069038, 33.87088564134003, 55.82800894245172, 45.34307910599572, 55.93894336723243, 7.475364697230306, 61.37420572211053, 41.46395905993055, 75.92122305026561, 62.715667675007104, 23.634412588176467, 70.8552002752598, 51.337801818146204, 18.94158408834142, 67.69201522179877, 14.634960554408128, 43.1955884280723, 64.27511510341154, 78.53337707641569, 79.43237712216522, 59.15426138502502, 55.8478819172661, 34.27034327500602, 40.530498102730064], [100.52177977482954, 70.23337510009934, 43.282426915483526, 77.82471923131183, 61.61047806074577, 41.02197976775228, 61.16514731503005, 14.556669211878566, 47.20022722249027, 60.97736878488441, 92.06572753862481, 70.37316482982295, 0.0, 80.28254495187966, 34.57446731542252, 113.27226952718684, 41.38239932006803, 27.947539039681192, 77.84671148536904, 36.35455357769261, 69.7440053023477, 81.90088857825232, 99.37603020080634, 44.98887555825502, 56.2622659706752, 78.9346413096347, 105.63329153510941, 124.5182397528001, 93.26957905831554, 83.02294203197751, 95.99982498889003, 21.40413807685774, 78.88831409481408, 23.79472562063855, 64.94660729361229, 103.2752188495992, 100.81558306245121, 115.70207715852398, 118.92405661973135, 62.76953737364396, 116.85495192428787, 107.59315867300393, 77.87591928556992, 2.7304169986818763, 56.19046313427557, 105.72299007118329, 45.887747693591486, 44.00733832467421, 74.8849514209131, 11.476094985832185, 46.22648799276997, 36.231761400992774, 54.63996814214507], [62.97182097887198, 35.263746761667356, 39.264220822317824, 18.380269793301657, 44.385047384984595, 39.37195467645855, 19.92356343164114, 86.47621004807624, 33.111197620923406, 69.55837575797545, 92.95810381649846, 85.18200774805847, 80.28254495187966, 0.0, 46.77538012717522, 79.84952339644946, 90.18776031800043, 76.59610603049316, 28.909906947611677, 71.94146389303476, 86.52578922278852, 87.99925105696217, 28.716514952052666, 73.20957379502136, 26.267367097695, 66.69953443858593, 67.02697871857512, 75.01575379042987, 48.76786401912426, 101.26522924329213, 79.92070347908759, 62.22019684582901, 46.18269326878199, 59.34301529786341, 78.19687148171415, 56.76723173311765, 77.74454537395673, 59.93243169820088, 81.98839381084395, 61.54910025942896, 67.6893502331052, 76.26896732197295, 73.06752091178076, 78.8617983853064, 76.28492774872528, 84.61669586022704, 34.87467807880885, 39.379126917731575, 6.218471641647016, 79.02610667450288, 38.092834830959724, 72.87750908629295, 45.933530915307344], [71.83071357512704, 37.964685516155605, 8.809767780062158, 43.305341280089905, 32.4620831952736, 8.261832347634689, 29.310388911543956, 39.71931207785524, 15.231977186817575, 44.68565454896595, 77.02600503210135, 59.54697856099558, 34.57446731542252, 46.77538012717522, 0.0, 86.79114836555033, 48.58548454282802, 32.49112886475306, 44.23959606536336, 31.591155006756466, 59.92956836775432, 68.16118009874508, 64.87281674122978, 37.1060068136108, 21.72953543079772, 56.271620310867455, 77.05730232309554, 94.1391061832151, 62.14066448954555, 75.73202729630911, 74.11483436630981, 15.496553109979823, 48.92426806673575, 12.634840646340164, 52.25608104161021, 72.48289185608871, 76.80251029653938, 83.56603743426938, 91.71419505370466, 41.57899130613426, 86.2174478145583, 81.36673704611823, 58.29643253072064, 32.77279486697109, 45.71881169885764, 82.8626817825784, 11.914211367822883, 19.70974140576034, 41.01623875836581, 32.25169855305225, 12.220835679917146, 32.347597183312025, 26.329883988900097], [17.02033639517468, 51.98161822140939, 79.94270664629576, 62.20377667285676, 54.33051972602224, 87.13753775980581, 86.92836008426707, 108.10866190475775, 87.43829768851633, 55.209613970386535, 41.375821539692446, 56.40858437159734, 113.27226952718684, 79.84952339644946, 86.79114836555033, 0.0, 88.9407089544906, 89.43053346283904, 52.51955271324553, 79.7288005118874, 58.31185666570146, 46.94124836745545, 58.43957609638538, 72.51078325525043, 75.18048597850313, 35.20229690662403, 12.903753710485589, 22.748980642426673, 31.098948585267376, 61.14414092378949, 22.804026802742804, 92.97967428504093, 38.94757668990154, 91.42133470495611, 56.24521930158198, 24.219221178715628, 14.950331333769785, 31.509716924809826, 6.314242254374215, 50.895608675394044, 21.603630124262192, 5.6960819058227745, 39.12434704512137, 110.61337258707093, 63.68237430046229, 15.556728441444033, 83.07168905064914, 98.6297065325454, 77.06537723330979, 104.05503942845053, 76.04930710115204, 80.28200656481997, 60.67338683557857], [81.14379220707227, 63.85069196550425, 52.72296699508382, 79.19694979085585, 51.9201490488812, 56.6396287367674, 76.42277439876602, 28.247389299893385, 63.35628960271922, 34.43605308578926, 57.26254162155645, 35.18757719378914, 41.38239932006803, 90.18776031800043, 48.58548454282802, 88.9407089544906, 0.0, 16.931375077406706, 73.77309665211462, 18.254465611250172, 33.823942417137744, 47.241158700685496, 97.97188285525196, 19.23329510040443, 64.24295791117018, 54.39112438157775, 85.4415214292627, 105.99868431495166, 79.70108917468319, 43.756057880954515, 67.56323711516444, 36.48300115358145, 65.51221730568128, 38.3499907829208, 32.94154527531793, 87.64935136824396, 74.3965098723666, 102.07474991347325, 95.1977514585657, 41.38492912959425, 99.51237860713407, 83.44862822965425, 49.83728984172023, 39.09323907721027, 25.315919829410415, 77.32980199083264, 58.687337127365836, 67.5841809994345, 83.97111517284804, 30.154723629026517, 52.677443700244964, 17.324807242999924, 46.822481720434666], [78.77626424184724, 54.810163548966976, 37.80221169529477, 67.8675345090589, 43.638239961974655, 40.71277635308798, 61.241447124486015, 18.802313398571492, 47.60647802347954, 34.8138767735814, 64.46116918520913, 42.53111229986001, 27.947539039681192, 76.59610603049316, 32.49112886475306, 89.43053346283904, 16.931375077406706, 0.0, 64.22444324426485, 9.70427010606293, 41.83488307579764, 54.23841008988351, 88.09355949904104, 17.72165176163859, 50.33100459886297, 54.27412093564885, 83.5890539895879, 103.60598281939093, 74.40790887816098, 55.19167101017621, 70.24492125074063, 19.562123787086794, 59.670848189463186, 21.52613668873966, 37.5004964167437, 83.52527653955748, 75.90707277369472, 97.27559387835221, 95.42708266223686, 38.6981068150033, 96.44114141022438, 83.74924719019472, 51.87611755764501, 25.31407680212051, 28.67302060209309, 80.12617245830812, 43.37429158980916, 50.957195717951684, 70.44856181808589, 16.626749953028146, 38.5085762069775, 9.207070407692918, 37.290845339508365], [35.51109759362069, 9.994508856550615, 35.54615267302231, 10.537324451137223, 21.97453246513119, 40.86617996034489, 34.813097329989446, 79.08799495359992, 38.57412946048135, 45.86005380981776, 64.81979446489616, 60.088415884131805, 77.84671148536904, 28.909906947611677, 44.23959606536336, 52.51955271324553, 73.77309665211462, 64.22444324426485, 0.0, 56.733049376836775, 61.698789392992936, 60.8825371968409, 24.199597537302353, 54.80684699993062, 25.590704364445415, 38.64476455941501, 40.13781063466392, 52.697639104332396, 21.958826649038265, 75.20494036602841, 51.01944758510134, 56.66784995948971, 17.397815747799605, 54.099550891788, 53.85393342342373, 31.704388240154884, 48.97708731445063, 40.13471860474703, 55.580812361944346, 37.1586471725134, 44.750540730195645, 48.3721888771427, 45.542182814445404, 75.67846083403515, 54.285592565823606, 55.87070714501601, 35.81774284026364, 49.39827181074897, 25.00255979775914, 72.537363933751, 32.03203994681101, 57.654529466988606, 27.174383988999278], [69.25036705120131, 47.011949510585154, 34.7558516117138, 61.41943166907481, 35.39455030149463, 39.29785491393996, 58.42638508792526, 28.47138015003686, 45.775897166975945, 25.211316632647872, 55.72467577986993, 34.28714700129985, 36.35455357769261, 71.94146389303476, 31.591155006756466, 79.7288005118874, 18.254465611250172, 9.70427010606293, 56.733049376836775, 0.0, 33.858651072251476, 45.58883946418802, 80.86118019871911, 8.655488617461861, 45.99792473408042, 44.56995503507317, 74.01589047370777, 94.1293495714657, 65.40334877757937, 48.2929474826733, 60.64163213950836, 22.665874223693546, 50.733472809358396, 23.565943236626683, 28.59512928817546, 74.29127855571392, 66.22011249252768, 88.22340425336154, 85.73279730035465, 29.047178303692657, 87.05090139256852, 74.04878204942516, 42.287928704634695, 33.63943229793813, 19.874192466054758, 70.50913764042708, 40.85565829386844, 51.166840795244696, 65.72608912755472, 25.518226172834567, 34.49054047031019, 0.9469489661310676, 29.558687436361513], [54.63013096755411, 52.46707088828206, 58.91284802497869, 70.55401299001933, 42.142336004914256, 65.71921984352855, 79.64763577455379, 59.43629853127292, 70.59826622884215, 17.16027683855941, 23.467175635742127, 1.9876447335945213, 69.7440053023477, 86.52578922278852, 59.92956836775432, 58.31185666570146, 33.823942417137744, 41.83488307579764, 61.698789392992936, 33.858651072251476, 0.0, 13.430190509313894, 83.89353287990535, 25.339804931763194, 64.96977505400672, 27.978244715835928, 57.86571635692259, 78.10818130253706, 58.17585918214689, 15.898428595813211, 35.7264594539378, 55.69583663125096, 47.13337472611831, 55.90896804349009, 8.426741439843655, 63.350590209548535, 43.363411175365634, 77.90221508311228, 64.61577500511652, 25.02251844314701, 72.84108393178298, 53.26629146157309, 20.927073001659142, 67.07805469339246, 14.544851455775095, 44.981880768913165, 64.99150972156839, 79.0576273455888, 80.73470707034298, 58.459349103178475, 56.614624023075, 33.78809815917277, 41.60424451283507], [46.196151992939676, 52.80787029579085, 65.618571089306, 70.7127896254806, 44.57237374781878, 72.90100192159667, 84.09253610654923, 72.31363061061855, 76.90576246905809, 23.487879860903934, 10.246506046823844, 12.104321375332113, 81.90088857825232, 87.99925105696217, 68.16118009874508, 46.94124836745545, 47.241158700685496, 54.23841008988351, 60.8825371968409, 45.58883946418802, 13.430190509313894, 0.0, 80.89232738367186, 36.93425266345089, 69.32077661750695, 22.83402508729344, 48.57179601397423, 68.02501037470626, 52.628080400662554, 15.724431088264604, 24.155144891555732, 66.25010763944037, 44.40422271347545, 66.05807989148951, 17.071982261676794, 55.86605862961839, 32.15626265339247, 69.93889229795019, 53.14782134378211, 28.185120777886873, 63.59689387257709, 42.3485501727461, 15.435023137292267, 79.19729013834186, 25.717340133759304, 32.627728405599406, 71.31313609471854, 86.35772453541684, 82.6367228728672, 70.81525685520333, 62.75243025486096, 45.672506447842196, 46.10487775739607], [43.238189583749886, 34.14216808832279, 56.105129225086735, 21.568409949156457, 46.11921697018405, 59.58693643174086, 45.609947287939036, 102.12050098828229, 55.184542926918674, 69.04853264793084, 82.78259001619281, 82.13813147838057, 99.37603020080634, 28.716514952052666, 64.87281674122978, 58.43957609638538, 97.97188285525196, 88.09355949904104, 24.199597537302353, 80.86118019871911, 83.89353287990535, 80.89232738367186, 0.0, 78.97656115765578, 43.55140316618928, 58.060837166303436, 45.79754159948139, 48.48837964279413, 30.292075716149938, 96.09622223106716, 65.64789066531404, 78.81179421118863, 36.857248560668786, 76.07635348045274, 76.52730769508058, 34.231590222081806, 60.98934635810434, 32.821450267714575, 58.95225828087023, 60.30387110951757, 41.989601380118444, 56.32117881009077, 65.54962546551259, 97.43096587095529, 77.89655933926024, 67.30932923517122, 54.38403173606086, 64.29056595859338, 29.98561563091554, 95.25477533117177, 53.21982772553486, 81.78815897580982, 51.318964268333325], [63.095055077199035, 44.83547311794684, 38.520530848451465, 60.82332506095507, 32.85877449259091, 44.13870762606945, 61.652101713734055, 36.42879521739333, 50.10162652914606, 17.376953203381234, 47.07856698960818, 25.68568312219932, 44.98887555825502, 73.20957379502136, 37.1060068136108, 72.51078325525043, 19.23329510040443, 17.72165176163859, 54.80684699993062, 8.655488617461861, 25.339804931763194, 36.93425266345089, 78.97656115765578, 0.0, 48.135204630937615, 37.33105984411299, 67.65485841857603, 88.0422786377912, 60.691399087868426, 40.16483806051892, 52.68036479966527, 30.533997304769894, 46.35976326952123, 31.013539424696805, 19.960662556275956, 68.96964935322832, 58.61565135381012, 83.24851338676908, 78.62356023701982, 22.773223023280742, 81.24831685677565, 66.87110826397866, 34.315890694431666, 42.27826281298424, 11.218706878948165, 62.57771261619725, 44.796161454121666, 56.80183824324513, 67.01732221227827, 34.04210900718522, 37.40689731537011, 8.768191855288274, 28.250218945098904], [58.68910382121119, 23.19913971022709, 13.370708923327689, 22.09121596525237, 25.25331160387687, 16.079367074743185, 14.789246637872136, 60.85767476516572, 12.987985523258438, 47.86040160962328, 76.26741378442577, 63.95267030061865, 56.2622659706752, 26.267367097695, 21.72953543079772, 75.18048597850313, 64.24295791117018, 50.33100459886297, 25.590704364445415, 45.99792473408042, 64.96977505400672, 69.32077661750695, 43.55140316618928, 48.135204630937615, 0.0, 51.354912633842616, 63.73020932237672, 78.09318169517258, 46.5278167611901, 80.5687961166262, 67.8455393779806, 36.694558244717435, 36.340976729541964, 33.83326097807787, 56.557994513928094, 56.73368897812544, 68.28432375375885, 65.7012502822789, 79.13186837075112, 41.20843498189092, 70.11285477963956, 70.31806342106313, 55.99604315261895, 54.50018015815373, 52.911190051562976, 75.0008864860743, 10.861617071106018, 23.96345873341173, 20.147065382514732, 53.546251632777704, 11.82552728099568, 46.921607444500445, 23.460432029244355], [27.291860563421572, 31.56068077967299, 51.257682534577164, 48.831560538013676, 26.247247179711223, 58.83267354279427, 65.66185905071862, 73.00566168809495, 61.23815323363797, 20.134778780712544, 26.266663368432543, 26.01739508306528, 78.9346413096347, 66.69953443858593, 56.271620310867455, 35.20229690662403, 54.39112438157775, 54.27412093564885, 38.64476455941501, 44.56995503507317, 27.978244715835928, 22.83402508729344, 58.060837166303436, 37.33105984411299, 51.354912633842616, 0.0, 31.205237519157464, 51.79585210271952, 30.437509331335217, 38.15577002680294, 17.86874929361266, 59.52782490879275, 21.699232284588295, 58.36607182398462, 22.96584592507506, 35.444377372975815, 21.884871192373026, 50.05543731578027, 41.29288065344089, 16.172956379337744, 45.7592723317112, 29.546909758234158, 7.572349606459711, 76.23373532832066, 29.113027260783447, 27.06621126206903, 55.96666852683545, 71.82294776235688, 61.74497926087065, 69.24570950918648, 47.71253673510561, 45.1034683780531, 30.460849958746294], [5.226918913161226, 40.67845801436068, 69.6691644120699, 49.55035889762213, 44.85350270760531, 76.59830212532906, 74.82232861255237, 101.87550258578352, 76.30161361293267, 51.01330238402765, 45.56976934527294, 55.88241710428289, 105.63329153510941, 67.02697871857512, 77.05730232309554, 12.903753710485589, 85.4415214292627, 83.5890539895879, 40.13781063466392, 74.01589047370777, 57.86571635692259, 48.57179601397423, 45.79754159948139, 67.65485841857603, 63.73020932237672, 31.205237519157464, 0.0, 20.591952308547583, 18.37714437732755, 63.949604325498534, 25.77923272198858, 84.74697453031494, 28.221198553566705, 82.92832776987481, 54.011340126416286, 11.641726800631098, 18.419399976845654, 22.29563118972116, 15.481526279502988, 45.03793972757363, 15.052695336414654, 10.739741537237466, 37.13377093149874, 103.04659691367499, 60.256963750607596, 23.14857705091479, 72.25196324416576, 87.49217367964839, 64.39442954157032, 97.15766378329528, 65.7546993365368, 74.67808103782225, 51.596320522869334], [24.947507524810316, 56.34456115991755, 86.12721055623959, 59.97199753596305, 62.982263682185625, 92.4885286363488, 86.91162625020016, 121.6395538050752, 91.05476933245419, 71.56302092389762, 63.582321643698954, 76.13549438183703, 124.5182397528001, 75.01575379042987, 94.1391061832151, 22.748980642426673, 105.99868431495166, 103.60598281939093, 52.697639104332396, 94.1293495714657, 78.10818130253706, 68.02501037470626, 48.48837964279413, 88.0422786377912, 78.09318169517258, 51.79585210271952, 20.591952308547583, 0.0, 32.03553873920917, 82.92944980436275, 44.158769285319345, 103.31701865697254, 45.70904993181548, 101.28793535871526, 74.55492355612323, 21.66692482710563, 36.138424596876135, 15.730147913721739, 18.200061042363885, 65.32074853427609, 7.989774511793949, 25.996176826366106, 57.570395004471315, 122.00081142331813, 80.84252324605015, 38.22026812755469, 87.73089507106363, 102.02647124790697, 73.96292245003933, 116.58842446396437, 82.26727747437411, 94.82564912340418, 69.92804206556161], [14.226338919233157, 24.312888290810406, 54.09173651381968, 31.17328261265392, 31.74354794335638, 60.50868305755485, 56.76709754976835, 91.62409751843127, 59.386596271525725, 46.40531909794301, 53.17620934441636, 56.253708368350125, 93.26957905831554, 48.76786401912426, 62.14066448954555, 31.098948585267376, 79.70108917468319, 74.40790887816098, 21.958826649038265, 65.40334877757937, 58.17585918214689, 52.628080400662554, 30.292075716149938, 60.691399087868426, 46.5278167611901, 30.437509331335217, 18.37714437732755, 32.03553873920917, 0.0, 68.27311288835574, 35.391223754800805, 71.9153378543161, 14.7529888266591, 69.74799502421425, 52.086807214011955, 10.373044321679577, 30.836930365137487, 22.874797271877224, 33.704744599917994, 38.443946599858734, 24.085002697652026, 27.609932578074094, 37.9515311470659, 90.82960712426204, 55.99095953210205, 37.35752472158019, 55.82407535200569, 70.48246233686942, 46.01880576793117, 86.03120005651063, 50.2327290823903, 66.20401976150553, 38.70361019108008], [61.79986520993669, 66.52184701677369, 74.80773867644088, 84.62838592303756, 57.01178727356567, 81.61200842688343, 95.30333750198122, 71.40993579014291, 86.48430587354088, 32.72913785389205, 20.074785325815498, 16.655547851069038, 83.02294203197751, 101.26522924329213, 75.73202729630911, 61.14414092378949, 43.756057880954515, 55.19167101017621, 75.20494036602841, 48.2929474826733, 15.898428595813211, 15.724431088264604, 96.09622223106716, 40.16483806051892, 80.5687961166262, 38.15577002680294, 63.949604325498534, 82.92944980436275, 68.27311288835574, 0.0, 38.77075271988474, 70.6954058271024, 59.34353815273212, 71.13255370041692, 24.121320459245855, 71.5625898070547, 46.80039545105082, 85.55065061874014, 67.16184400755962, 39.86043947912868, 78.90219340920045, 56.994421807029504, 30.598117019796977, 80.44327493728532, 30.07722547391005, 46.02474413708249, 80.87435423813675, 94.93635165348213, 95.62962851838869, 71.56507600834216, 72.47467115925457, 48.06418361052332, 57.122766383797554], [24.7756791647302, 46.18878745668915, 68.87136944723544, 61.55677191638987, 43.335222587750685, 76.43318811353932, 81.63701742610255, 89.04091680345854, 78.45628390247319, 35.43516153367949, 19.80004039348517, 33.87088564134003, 95.99982498889003, 79.92070347908759, 74.11483436630981, 22.804026802742804, 67.56323711516444, 70.24492125074063, 51.01944758510134, 60.64163213950836, 35.7264594539378, 24.155144891555732, 65.64789066531404, 52.68036479966527, 67.8455393779806, 17.86874929361266, 25.77923272198858, 44.158769285319345, 35.391223754800805, 38.77075271988474, 0.0, 77.11895674141142, 33.81459923380373, 76.06749191573893, 34.62260497231031, 35.16019939891409, 8.045361445612233, 47.98486082873554, 29.048165405526632, 33.647168841059674, 40.417012608314955, 18.260060150620298, 18.37189559334636, 93.27925206860282, 42.758296070534435, 9.900656784684298, 73.32841046797519, 89.23814256131749, 75.64966870469125, 85.89351974244109, 65.23829918812284, 61.050462264093504, 48.13261823437307], [79.58752400240083, 48.84934011056146, 23.32839938851562, 57.39853557502238, 40.3402862727405, 23.475115810819187, 44.668440173745296, 24.258163714991973, 30.416737085024657, 43.50365980821894, 76.008916941031, 55.82800894245172, 21.40413807685774, 62.22019684582901, 15.496553109979823, 92.97967428504093, 36.48300115358145, 19.562123787086794, 56.66784995948971, 22.665874223693546, 55.69583663125096, 66.25010763944037, 78.81179421118863, 30.533997304769894, 36.694558244717435, 59.52782490879275, 84.74697453031494, 103.31701865697254, 71.9153378543161, 70.6954058271024, 77.11895674141142, 0.0, 57.62587340804964, 2.878182781613426, 49.27950461145185, 81.97510459514861, 81.22500879955075, 94.30167172478873, 98.44654043523876, 43.47472404282962, 95.59974105037973, 87.34429936304447, 59.58452385170939, 19.08106108930901, 41.20140193941587, 86.5830748291525, 27.40124045971651, 31.854586189270886, 56.38994434307515, 16.860507486864545, 25.67604405761797, 23.08378664954709, 33.38907142654726], [23.011743136112102, 13.22645438754207, 41.44811875554541, 27.88686191022511, 17.28648295397473, 48.421234167047075, 48.9065538791025, 76.89304635298153, 48.490771646200166, 33.279917806273936, 47.611239935358626, 45.34307910599572, 78.88831409481408, 46.18269326878199, 48.92426806673575, 38.94757668990154, 65.51221730568128, 59.670848189463186, 17.397815747799605, 50.733472809358396, 47.13337472611831, 44.40422271347545, 36.857248560668786, 46.35976326952123, 36.340976729541964, 21.699232284588295, 28.221198553566705, 45.70904993181548, 14.7529888266591, 59.34353815273212, 33.81459923380373, 57.62587340804964, 0.0, 55.57892284069825, 40.063174612421136, 24.405266712164256, 32.591521576335545, 37.62701661494853, 43.26624837933956, 24.802745314746915, 37.97517032581395, 33.98517705209425, 28.9707952424475, 76.4038366032239, 42.670049875950774, 39.46498782687293, 44.19095109307845, 59.68313545631343, 41.83656220710747, 71.3802025299358, 37.533635823061665, 51.54800230178607, 24.250441800710632], [77.74790389474812, 46.46055012132555, 20.472257359858133, 54.63174808902839, 38.31701678981982, 20.66827529458578, 41.854519790709745, 27.136216243307064, 27.62798319256234, 43.03134865120174, 75.68252250898753, 55.93894336723243, 23.79472562063855, 59.34301529786341, 12.634840646340164, 91.42133470495611, 38.3499907829208, 21.52613668873966, 54.099550891788, 23.565943236626683, 55.90896804349009, 66.05807989148951, 76.07635348045274, 31.013539424696805, 33.83326097807787, 58.36607182398462, 82.92832776987481, 101.28793535871526, 69.74799502421425, 71.13255370041692, 76.06749191573893, 2.878182781613426, 55.57892284069825, 0.0, 49.202560475711586, 79.86892942030659, 79.93966965237459, 92.02292089372901, 96.80677337093863, 42.4392693041708, 93.52978445007673, 85.81057553515777, 58.76909086279421, 21.579138358252283, 41.36811294073141, 85.4312922678376, 24.531736944743347, 29.51805138974957, 53.511936946062846, 19.73350070261432, 22.893709591074547, 24.079780705544195, 31.409137711185853], [50.24933524021187, 44.4314761148266, 50.787437914313806, 62.451560516875674, 33.835494693723206, 57.7283672093845, 71.25162305251962, 55.91589707414506, 62.42006908171386, 8.734448450910174, 27.136537878984377, 7.475364697230306, 64.94660729361229, 78.19687148171415, 52.25608104161021, 56.24521930158198, 32.94154527531793, 37.5004964167437, 53.85393342342373, 28.59512928817546, 8.426741439843655, 17.071982261676794, 76.52730769508058, 19.960662556275956, 56.557994513928094, 22.96584592507506, 54.011340126416286, 74.55492355612323, 52.086807214011955, 24.121320459245855, 34.62260497231031, 49.27950461145185, 40.063174612421136, 49.202560475711586, 0.0, 58.204139088358374, 41.54289726770478, 72.8513658381231, 62.540120864989454, 16.837231063741804, 68.70305797548136, 50.863237884854975, 17.187970224427676, 62.2335658302326, 8.828325717160963, 44.41042169694543, 56.80389528357028, 71.12867923058936, 72.37317363742505, 53.974133860474154, 48.372671682885, 28.72702297787479, 33.17870000340186], [10.413194461239007, 34.68593207454123, 64.46276926256381, 40.07696030471637, 41.66527490475674, 70.87114470504964, 66.42076287307222, 101.11426437265602, 69.64111886207884, 53.59117946094928, 54.49704759207285, 61.37420572211053, 103.2752188495992, 56.76723173311765, 72.48289185608871, 24.219221178715628, 87.64935136824396, 83.52527653955748, 31.704388240154884, 74.29127855571392, 63.350590209548535, 55.86605862961839, 34.231590222081806, 68.96964935322832, 56.73368897812544, 35.444377372975815, 11.641726800631098, 21.66692482710563, 10.373044321679577, 71.5625898070547, 35.16019939891409, 81.97510459514861, 24.405266712164256, 79.86892942030659, 58.204139088358374, 0.0, 28.75383567458368, 14.649153497345402, 25.33739578494596, 46.28936375669517, 13.737047376437584, 22.338177704413457, 42.48065385446574, 100.80088946627905, 63.16814942555901, 34.27860363371332, 66.16291972757854, 80.69708539771469, 54.70399497109462, 95.73920254408901, 60.60077546675021, 75.05079522412765, 48.637089811748716], [18.407958650928734, 45.657899266179044, 70.83863140840468, 59.409465974233086, 44.917372139194754, 78.30940056024038, 81.4195282878441, 94.69121947505168, 79.64796544135432, 41.2388216313809, 27.577968281544436, 41.46395905993055, 100.81558306245121, 77.74454537395673, 76.80251029653938, 14.950331333769785, 74.3965098723666, 75.90707277369472, 48.97708731445063, 66.22011249252768, 43.363411175365634, 32.15626265339247, 60.98934635810434, 58.61565135381012, 68.28432375375885, 21.884871192373026, 18.419399976845654, 36.138424596876135, 30.836930365137487, 46.80039545105082, 8.045361445612233, 81.22500879955075, 32.591521576335545, 79.93966965237459, 41.54289726770478, 28.75383567458368, 0.0, 40.711476699477274, 21.25245219590727, 38.04656973349439, 32.655077153039095, 10.215145131088361, 24.600278258727496, 98.11636000480183, 49.27047657656529, 6.900756084952894, 74.78589622428647, 90.66672737315642, 73.9546445369303, 91.09883434574029, 67.06222721324002, 66.70455984267359, 50.49097029023153], [23.75092866211531, 45.71900464974373, 75.13228494572964, 46.00752211175845, 54.44741302291096, 80.90011872625941, 73.10610096965843, 114.46250652788078, 78.66525918640941, 68.16462705861714, 67.71746547577958, 75.92122305026561, 115.70207715852398, 59.93243169820088, 83.56603743426938, 31.509716924809826, 102.07474991347325, 97.27559387835221, 40.13471860474703, 88.22340425336154, 77.90221508311228, 69.93889229795019, 32.821450267714575, 83.24851338676908, 65.7012502822789, 50.05543731578027, 22.29563118972116, 15.730147913721739, 22.8