instance_id,num_cities,city_coordinates,distance_matrix,best_route,total_distance
828,94,"[[78.92946871586496, 31.66561778083945], [67.39635508247504, 52.13389968970027], [69.51703740553398, 97.48997472490547], [56.10476295072162, 95.81069680598068], [60.027248595197435, 11.008551124335074], [39.21552758167681, 53.51143033962632], [87.8736874294727, 76.10022646731674], [63.55236794637047, 39.67851278000112], [61.62815040873977, 2.779106765165118], [77.48859051279747, 94.35984840607607], [43.05615056047009, 42.7568903887593], [33.38541178422133, 97.662017129711], [20.42698041437451, 52.42005173098422], [51.6148922609907, 73.70676617238577], [68.99403348381668, 11.1450175969815], [87.4100085209492, 70.16113052773485], [66.73604771692, 93.02977195295553], [25.440548507112794, 56.82278392815074], [30.76223655254733, 64.18395143422198], [16.77732992456944, 7.02925302482168], [34.538652700968406, 88.5129063353081], [64.35197214068647, 40.407968055455214], [2.4326153277679285, 36.98134701224145], [20.225825227217655, 97.06746330891757], [37.99509054912755, 88.09684113608719], [62.01246748698923, 72.94991477466107], [72.18873537838773, 88.75481811056028], [98.10749552133234, 13.639318455634763], [28.410331307814886, 68.29515953180146], [58.8306187865965, 77.50244025139261], [13.357796668454958, 76.83232706952947], [30.66034574630668, 72.07264103609599], [34.4236463806438, 55.39564348597054], [93.22024422816212, 1.5583784682599466], [40.79840689922397, 55.638462246208675], [70.81303750632556, 25.473906273543236], [46.67490592678054, 87.3021837168554], [3.803410713417521, 73.13701468936894], [54.447337590138886, 76.45170852659798], [48.90920175214028, 0.24856152986112434], [71.13466450233065, 68.87939064225722], [42.38773840665105, 76.81113983138125], [83.86171696910128, 35.32460000353019], [96.3834920976274, 91.4785698143732], [67.50798437052353, 32.7585536829598], [3.090429140928197, 64.71966354344409], [75.41654461619855, 41.66998798781984], [58.7899912898341, 90.97336193559639], [13.261421065249923, 22.22024954652261], [75.22012633651784, 40.13041734388607], [84.28747694766838, 17.386038746219512], [65.45399769823837, 40.97360154294836], [19.74449243682089, 0.9133379016188714], [61.94727997696997, 44.66066711325733], [28.975394004089495, 32.19738974981753], [60.149199485123575, 99.23738656711858], [82.82162082162985, 31.215464340428568], [5.436949969415927, 38.10312460203703], [81.05476260705457, 72.17031880065366], [35.480442050787964, 42.65450088302334], [85.84358745391737, 84.35839035892369], [75.82556719002811, 89.16367609078482], [78.13304201766019, 40.10087333330304], [38.64483598049887, 17.162726533694116], [10.596016596468761, 89.80884932159513], [8.335690777778327, 44.2632478067018], [92.34444980540074, 60.98367131197807], [53.5770599509338, 78.63047805679402], [23.33232422091148, 80.13796073052461], [2.272905583806284, 40.89519899610023], [7.898224229623918, 94.60428127196016], [49.03203906782117, 78.5654700267997], [27.614680539199032, 26.65492597507726], [41.918139263637556, 55.91625081338534], [12.154201878921523, 59.82332846262843], [31.307472510153435, 64.37284204725904], [16.90967204673012, 61.66704049307127], [7.619485446527707, 96.46573940937449], [28.924347077680146, 18.05916077463191], [70.457429832188, 96.01681548295619], [71.23473965278168, 74.24755736531323], [51.532784075644145, 10.326787213900158], [54.179917172066475, 4.796017507441885], [38.6956504231293, 82.5843597974472], [11.10588470677758, 19.366848147747707], [42.40961924219406, 19.73543653742029], [4.725643594682182, 65.55871369258888], [70.23362265475728, 32.21665397219237], [79.24229122501792, 45.83104027787846], [15.337550717126957, 38.358871412460815], [91.72918328961008, 35.59942626015785], [26.42649274650337, 10.47513622282954], [18.403508608262243, 30.468725274270845], [4.023472807405549, 6.229129990514237]]","[[0.0, 23.493898662871675, 66.49390821926103, 68.0849348711371, 28.000148719987777, 45.32589377787725, 45.325859037829765, 17.339599601570335, 33.67144389275784, 62.7107860235098, 37.54878538037384, 80.18594545684755, 62.07485534463168, 50.135259498572346, 22.799296154837265, 39.418575025386254, 62.56387881930549, 59.10962352833658, 58.11647165707542, 66.85685323677757, 72.12599228061558, 16.99800266864948, 76.68132468562077, 87.88355453280661, 69.71446252584413, 44.61589524879952, 57.48577459001464, 26.320033805318346, 62.401174454804234, 50.04975587029633, 79.62208112742424, 62.94946989928653, 50.4369144744249, 33.32674787265936, 45.04081645602442, 10.208513455384656, 64.31006367488403, 85.81259437012662, 51.04085293903857, 43.45397395003633, 38.021360618848526, 58.081117544407476, 6.1412721595382544, 62.30756104339921, 11.47365737404699, 82.72925640258823, 10.603209842700172, 62.63391308005362, 66.3438577663772, 9.241864126342413, 15.251709072036174, 16.377633555021838, 66.6975571885577, 21.38377986969156, 49.95690504561542, 70.1330339375497, 3.9180972594262955, 73.77392361647935, 40.5604201017256, 44.81711135242915, 53.14445709469232, 57.58177588522231, 8.472770014639911, 42.8157154459651, 89.72232750300083, 71.70900756418538, 32.241432668033106, 53.37080410602873, 73.76049421624442, 77.21019259546237, 94.90370411797781, 55.61881372568666, 51.558845196420236, 44.248522125609135, 72.46925508092608, 57.77211301164836, 68.89514165482822, 96.3543952134312, 51.82323670238509, 64.90648726085435, 43.27158922584231, 34.72641673481809, 36.53102408188558, 64.89590451613049, 68.92966184688267, 38.41911802840365, 81.5778745316285, 8.713287531274435, 14.168876188387404, 63.94319102872041, 13.390576623928506, 56.6180094519378, 60.53779314295654, 79.10703593325627], [23.493898662871675, 0.0, 45.4056255998582, 45.112777116983125, 41.780354534680804, 28.21447552801986, 31.523101992997024, 13.035064256567452, 49.690721163833466, 43.41525032726466, 26.083977066447588, 56.8291627746568, 46.97024632363699, 26.729069139527994, 41.02000769728006, 26.935615375244982, 40.90120259832829, 42.21700298210188, 38.56504100231768, 67.7990771227767, 49.02102335032231, 12.11469108922065, 66.7074758596102, 65.14663480447763, 46.45177621615917, 21.50099369001678, 36.933163618730745, 49.2443593870535, 42.20303744332011, 26.77563609927429, 59.415301989488846, 41.79817924773182, 33.13364591662567, 56.78694037742389, 26.82783640682546, 26.878038762807556, 40.81894972346406, 66.97158661115438, 27.550551367345232, 55.08051519566759, 17.15769286823691, 35.1339876622124, 23.529995707544053, 48.86979823525514, 19.37566757505052, 65.52597624592794, 13.183963298704924, 39.78157017114421, 61.849959950979354, 14.32811868536339, 38.635784423411, 11.328062805815163, 69.958887666164, 9.248871533708478, 43.28550194660864, 47.65773536649996, 25.990762985822542, 63.528186905693815, 24.248921355335973, 33.2939109505363, 37.131094530822224, 37.97704513345446, 16.126691217913418, 45.27287049192559, 68.15922741559429, 59.58279306289211, 26.471227551259247, 29.883801349496682, 52.20982906069547, 66.08609587413972, 73.1010320496623, 32.185027779560905, 47.241504326361, 25.757438951380674, 55.77475060830674, 38.10773091316859, 51.378847179833365, 74.4216780004585, 51.392443336069135, 43.98954963558186, 22.444310011754958, 44.71562969089183, 49.14823822418318, 41.84448552338142, 65.13291580967528, 40.91451310454061, 64.0924621886094, 20.11831912084882, 13.418354588338861, 53.850445829058195, 29.418962254814343, 58.4292922549739, 53.569382935560895, 78.25196540014267], [66.49390821926103, 45.4056255998582, 0.0, 13.51699228305619, 87.00053286989731, 53.40687094235423, 28.18666228244112, 58.11834834167435, 95.03885020209135, 8.564073196426492, 60.79382414007992, 36.1320352129208, 66.64181610725564, 29.767898982443164, 86.34654106867951, 32.66533545657092, 5.25616898654212, 59.97130381200911, 51.10015436957315, 104.71207626476382, 36.111980746174744, 57.31521076120455, 90.34164993610443, 49.293022973889926, 32.89170248308071, 25.661900008064794, 9.13460076496446, 88.59089598857551, 50.41922768511784, 22.66497467964697, 59.838104305023386, 46.43149080687108, 54.804003650089435, 98.8165632575042, 50.75735252071835, 72.02772890666859, 25.011078667589786, 70.0810059539907, 25.878649446154764, 99.40108314543976, 28.65627747936874, 34.11177328613136, 63.79893138627346, 27.5307714516081, 64.76259077744751, 74.07015310142951, 56.13087478970107, 12.551325054118335, 93.96928167361139, 57.64238064394259, 81.45432120854771, 56.66223371263528, 108.6478394297814, 53.36887641925248, 76.85536092179234, 9.529419470743527, 67.5967652079446, 87.36735988535176, 27.8245229779111, 64.54005744347039, 20.952201422362865, 10.446281490865966, 58.0322711429753, 86.05556125434549, 59.41957910187244, 81.0940295805469, 43.055788760052984, 24.69338971926837, 49.33680291229898, 87.89051088855757, 61.68634665719861, 27.8885645913289, 82.30073901456916, 49.90063825762226, 68.62412943200592, 50.563972611763155, 63.64603292407937, 61.90602552659525, 89.20213401514569, 1.7477231097198407, 23.305803262871557, 88.99918328227695, 93.95422801390477, 34.23646085512945, 97.54530058279614, 82.34427926839399, 72.23247291258153, 65.27725405151452, 52.566396776416205, 80.19915309257497, 65.7557557483963, 97.0998308883917, 84.28784434326055, 112.32964339569446], [68.0849348711371, 45.112777116983125, 13.51699228305619, 0.0, 84.89281362896487, 45.54639628930751, 37.386724963654416, 56.62410179153086, 93.19541058729108, 21.432989578780198, 54.63490331891351, 22.7946551710662, 56.175192449471766, 22.555325053416553, 85.64117310497602, 40.471207672546406, 10.988983520698111, 49.601929377927284, 40.52770246451458, 97.10196572826722, 22.76740778082455, 56.013202126171485, 79.63411221087519, 35.900941968282396, 19.684100278880052, 23.611783667722833, 17.563587139830272, 92.28415337095497, 39.03954835177247, 18.510066129179283, 46.77052110240691, 34.79818470274682, 45.863355204177616, 101.29688278763115, 42.989451788788365, 71.85817589395802, 12.701062887797512, 57.004625308616085, 19.429809212320627, 95.83265518336589, 30.841420076502132, 23.433734819138074, 66.55085576289649, 40.511027461189016, 64.07500457397516, 61.45870108152599, 57.48183419505619, 5.532653963642459, 85.15342548460687, 58.87011668366212, 83.33482081353606, 55.62836692957161, 101.62469187587875, 51.48262369740379, 69.15674583194458, 5.300912147913089, 69.90232150489017, 76.79447351197832, 34.3710627575838, 57.017048131092054, 31.86774240182663, 20.81088667580725, 59.906840260589846, 80.5627226312268, 45.90281220101388, 70.27818832751115, 50.261681309772264, 17.36517200390026, 36.32722665426115, 76.89980993005706, 48.22163221946576, 18.639240053959586, 74.79442114911902, 42.34178920044642, 56.80442323275664, 40.040533525720804, 51.981192919999785, 48.489702159025, 82.36550468652281, 14.354146840524514, 26.341700354049827, 85.6060850055716, 91.03503105446536, 21.863512747536113, 88.70490990298185, 77.29813830957654, 59.623790453937836, 65.14466179574522, 55.075505275130546, 70.44627622767895, 69.96067770700968, 90.34908755684944, 75.4384373025157, 103.62103018261375], [28.000148719987777, 41.780354534680804, 87.00053286989731, 84.89281362896487, 0.0, 47.324649741273866, 70.79795445284533, 28.88586449766349, 8.383712845588008, 85.16065535276546, 35.99965575603894, 90.65655320718697, 57.2982863835176, 63.26004986802713, 8.967823277525433, 65.18315112992677, 82.29513139835763, 57.403691086770145, 60.69649189181511, 43.43259465402368, 81.58795007430933, 29.715803028603162, 63.18012272419661, 94.81713805273205, 80.17493651449313, 61.97316858859367, 78.6917009034061, 38.17101181141051, 65.4322929568236, 66.50465558244967, 80.6895731976919, 67.75867516184042, 51.242154664704074, 34.51203735393844, 48.59606280055149, 18.043828363962493, 77.45323381820351, 83.79180109717424, 65.68060792655419, 15.47217960332677, 58.92714785769914, 68.12586146420838, 34.04926013531027, 88.30175734142026, 23.00052214712583, 78.27314358620215, 34.306765259281775, 79.97438198398591, 48.0910054591384, 32.84671408485382, 25.084477831546035, 30.45248515995684, 41.528469436367715, 33.70684546258918, 37.592347038247674, 88.22891972368994, 30.46149613725313, 60.94437312821088, 64.6754835375107, 40.05011669968123, 77.76041581555648, 79.73587918211693, 34.266353277921276, 22.25042570816073, 93.02114648234155, 61.46455890208434, 59.51398265811262, 67.92885937217999, 78.26488834295297, 65.02903857268927, 98.51741612639418, 68.44583204363205, 35.99143806455454, 48.421496591331355, 68.37185889301163, 60.60175809398215, 66.52373976660736, 100.24721775606416, 31.89203002709671, 85.64574531114599, 64.2244483522615, 8.521779714562047, 8.531521477026399, 74.68690292002029, 49.63024253250006, 19.660605103427656, 77.67874710534365, 23.536220976379127, 39.77214620955808, 52.39474321242809, 40.12136342790996, 33.60498958578468, 45.948167628816456, 56.20734621794271], [45.32589377787725, 28.21447552801986, 53.40687094235423, 45.54639628930751, 47.324649741273866, 0.0, 53.64578483228685, 27.993417210979615, 55.4625487807044, 55.976964946850956, 11.419742309703391, 44.533858625999834, 18.82021816890933, 23.698013289061905, 51.78486595950517, 50.989415660113146, 48.15681003121067, 14.167396059012045, 13.61472863254168, 51.61458633007106, 35.312554149000455, 28.34680879571563, 40.326496112221896, 47.51564798603653, 34.60693725989588, 29.959224725908946, 48.26312064068687, 71.11996339913959, 18.311496807859562, 30.989036118662778, 34.82077644549869, 20.437947028872223, 5.149017831166436, 74.93750075106624, 2.65137165737622, 42.24340645822096, 34.604296540980584, 40.486807507632854, 27.53660108709013, 54.137791908881624, 35.42605687375729, 23.514663168292643, 48.20832940988227, 68.62710723024735, 35.08767590872289, 37.823897590081074, 38.08849421157116, 42.2676702500044, 40.6540728647541, 38.41070996856566, 57.76265694570754, 29.080138668728885, 56.08636677241084, 24.394027479081068, 23.6463244913633, 50.28997606163374, 48.97551906298555, 37.126920033993656, 45.81130543992232, 11.481453790731763, 55.90805764718874, 51.1016401617996, 41.1632842360133, 36.35318359201908, 46.22314391930772, 32.23496860860413, 53.65181042428483, 28.934757130664913, 31.00400409071153, 39.03750265310163, 51.666196753694905, 26.908526574379035, 29.254939391255082, 3.617633399680133, 27.787684443036298, 13.435311656115301, 23.7500561708996, 53.323377108596254, 36.915739373265566, 52.751912026137056, 38.14730535280062, 44.90688376445764, 50.96198978869568, 29.077577263579037, 44.226739825724515, 33.92668535036169, 36.53339750998964, 37.62432354875876, 40.75696503986146, 28.279989766356017, 55.48444760429942, 44.89634754991454, 31.050062648547538, 58.94146796219919], [45.325859037829765, 31.523101992997024, 28.18666228244112, 37.386724963654416, 70.79795445284533, 53.64578483228685, 0.0, 43.795751041852476, 77.87692089370194, 21.006285519223955, 55.86044818878594, 58.59934299428454, 71.48292777106808, 36.33770602629374, 67.64333294934988, 5.9571686823328776, 27.08153103072272, 65.34153829341285, 58.341369815353296, 99.1236168769021, 54.76039217350435, 42.74585828669042, 93.97054608604455, 70.82272432847432, 51.301005743191176, 26.052392609401302, 20.153322567310916, 63.29372684322523, 59.97340903366236, 29.076898728906265, 74.51948702990171, 57.354929264715196, 57.32003702504862, 74.73334445022583, 51.32997011534132, 53.423684561836986, 42.69453645991558, 84.12248243576182, 33.42819772616418, 85.27429986744586, 18.230067431796574, 45.491504221315154, 40.97252274987645, 17.57584193118791, 47.88802001368984, 85.54366194222851, 36.614501619240116, 32.66606097772774, 92.03283221215698, 38.130562239615315, 58.82360704145954, 41.671600235916934, 101.46258139105984, 40.75076067720225, 73.46065641052995, 36.11059968015238, 45.168188453793626, 90.77221729812912, 7.870318291040544, 62.15841633416128, 8.504032970972682, 17.77106967430499, 37.293881523731024, 76.79263449974158, 78.4841687853987, 85.67313535526407, 15.763817938126856, 34.38983613668029, 64.66754102948174, 92.5574838240457, 82.08821327233048, 38.91980309890788, 77.9486090457675, 50.192681542440916, 77.44919561038161, 57.769093948532976, 72.41690642805229, 82.79789280719922, 82.72720250711996, 26.457447849572844, 16.74177308163533, 75.14523649437261, 78.8641893989431, 49.603662252299365, 95.45664853964851, 72.41526800322484, 83.81360680183138, 47.29629816582892, 31.475778513154488, 81.76735907762223, 40.68389934295555, 89.90222580116593, 83.1164222436331, 109.14590516843666], [17.339599601570335, 13.035064256567452, 58.11834834167435, 56.62410179153086, 28.88586449766349, 27.993417210979615, 43.795751041852476, 0.0, 36.949543669439834, 56.42930768025107, 20.726102765165205, 65.36154848809697, 44.968276202499155, 36.061410880266045, 29.04775501103026, 38.70887493250401, 53.44616611340011, 41.790391409651264, 40.9354276936246, 57.042776444543016, 56.80311317397915, 1.0823455393059798, 61.17923555699226, 71.90744708863605, 54.74951094537185, 33.30701854136849, 49.830418293639454, 43.26773027076881, 45.31970002573834, 38.11750784729912, 62.44918656023072, 46.16562216500296, 33.09849872248221, 48.30452901143828, 27.7932137454264, 15.952685305683309, 50.52586226601659, 68.47926138944848, 37.88363107207951, 42.061186048187736, 30.169230831907598, 42.74077134646088, 20.770801963145615, 61.328041072575004, 7.970742449719124, 65.44238134168504, 12.030156339642872, 51.51545186945364, 53.235047603332866, 11.67650648035252, 30.44501837481024, 2.300750011865996, 58.496741276858764, 5.234326049253891, 35.37703109077867, 59.65602234783519, 21.04583795578697, 58.136766805072675, 36.90597888340121, 28.229231811659442, 49.931852835651384, 50.984436915292605, 14.586790079046379, 33.57597026029632, 72.92068149755399, 55.406689422898936, 35.81750630417716, 40.20898367937571, 57.04926682910967, 61.291539651026596, 78.19350201440373, 41.50946150765598, 38.22474577339862, 27.050027488666174, 55.20493704356601, 40.614568564153444, 51.565845593520336, 79.70744289586155, 40.82274133879931, 56.759882232936, 35.41239442026992, 31.717411466466324, 36.11968036897432, 49.58596690914367, 56.24230902384816, 29.06444757406108, 64.26794144225738, 10.015912407065771, 16.85310912271027, 48.2328731653867, 28.47054389581257, 47.23523908795281, 46.07862503843824, 68.28287168436535], [33.67144389275784, 49.690721163833466, 95.03885020209135, 93.19541058729108, 8.383712845588008, 55.4625487807044, 77.87692089370194, 36.949543669439834, 0.0, 92.94399281176639, 44.0810884826934, 98.99706543256377, 64.51170301584096, 71.63098636567948, 11.14651055360408, 72.14597240357642, 90.39509489872533, 65.04046104301268, 68.72597461665345, 45.051746262844745, 89.9117638287271, 37.72731645414655, 68.36596091214761, 102.97789427910382, 88.53043158437234, 70.1718604308178, 86.62187308207935, 38.06161869660097, 73.45595058225335, 74.77568288200956, 88.39630358594724, 75.89860879731118, 59.2333096821928, 31.61566968245412, 56.81539999457493, 24.482975221996153, 85.83559901298878, 91.07104769520619, 74.02172872227764, 12.968242522297839, 66.78039636632748, 76.49140719013762, 39.41497953979543, 95.26556839241111, 30.55060858501864, 85.2249809928474, 41.26282172967477, 88.23991042748949, 52.12771374261038, 39.74748056882814, 26.959368336386223, 38.38562932677638, 41.92519407898862, 41.88277618391848, 43.95040243941481, 96.46961717653079, 35.46532983478781, 66.37196127094568, 72.05923652980125, 47.68385165259854, 85.09739656981196, 87.54347754592801, 40.80840240426951, 27.113119697906484, 100.88832821923465, 67.53532565607249, 65.81232698142067, 76.27745790454948, 86.31895846360851, 70.5399289423015, 106.38969705952076, 76.82600391363106, 41.55683909431233, 56.67486759526977, 75.50970011992135, 68.65225221528048, 73.94275519451377, 108.13935928796467, 36.09735174287511, 93.65482636832432, 72.11120570403432, 12.60491576947731, 7.716482831588248, 83.03479973563249, 53.17567579105233, 25.62945687182926, 84.73000842491227, 30.669583273056315, 46.51587831997549, 58.384409495738645, 44.53364517136044, 36.033117705557, 51.333075418870045, 57.707898435215135], [62.7107860235098, 43.41525032726466, 8.564073196426492, 21.432989578780198, 85.16065535276546, 55.976964946850956, 21.006285519223955, 56.42930768025107, 92.94399281176639, 0.0, 62.035942784869384, 44.22662876869639, 70.81648037125603, 33.10586151993515, 83.64726872830242, 26.153632295496323, 10.834494909700327, 64.17187768988407, 55.62316884603516, 106.36019016462926, 43.346094283325, 55.528156241876005, 94.4758796369637, 57.326743031620886, 39.98702038717475, 26.417714549361516, 7.713937325346835, 83.31232321350231, 55.57016765049564, 25.14541943633677, 66.48287541396398, 51.86139335057309, 58.07580114093557, 94.12543626055358, 53.343371844487926, 69.20864130604558, 31.61160844740441, 76.68059984790125, 29.18220022871607, 98.35504958785799, 26.260733112391264, 39.24317763914042, 59.37825607727407, 19.11332185213794, 62.40458324940107, 80.08512330143283, 52.730586618137835, 19.002786730260077, 96.58804801248067, 54.276856237699334, 77.27348982869933, 54.72588764326305, 109.84821886615927, 52.072458693127665, 78.85240327145121, 18.012352975749838, 63.369191657341844, 91.41256958513199, 22.474269899504534, 66.6192727345915, 13.03208106769874, 5.4558091336000825, 54.26280211793273, 86.41893826902098, 67.04720753184615, 85.39199572193425, 36.53307751529042, 28.621222639779276, 55.992528677794766, 92.28146073762001, 69.59079556128225, 32.54593228851089, 84.09139918827708, 52.37525367898087, 73.90097122478497, 55.062838742094165, 68.83767174850603, 69.90083418443028, 90.44490407677235, 7.2237635904293915, 21.062167540110146, 87.95032268918034, 92.54714505669011, 40.54077370712765, 100.1529516183833, 82.45809282384958, 78.25568225370539, 62.565255318496625, 48.56048480535858, 83.65919657707958, 60.46140664425137, 98.20378183329136, 87.02368941103987, 114.73511689064573], [37.54878538037384, 26.083977066447588, 60.79382414007992, 54.63490331891351, 35.99965575603894, 11.419742309703391, 55.86044818878594, 20.726102765165205, 44.0810884826934, 62.035942784869384, 0.0, 55.75030162177072, 24.60601610636743, 32.11147568266115, 40.891127056474936, 52.13690721142745, 55.57067707080547, 22.54237779746714, 24.703426213385534, 44.351330144910754, 46.54203224062572, 21.42497264652407, 41.032042553309886, 58.91402282765943, 45.62154603045067, 35.65053538148193, 54.44737691453274, 62.27747247023225, 29.43982357970076, 38.15870913793874, 45.200969114395626, 31.82874821615921, 15.305496015058933, 64.91343218444474, 13.077931792088867, 32.69780287499166, 44.69204121638799, 49.635970203279804, 35.56824301658598, 42.90939559849973, 38.35085350650304, 34.06080856215382, 41.476899477897085, 72.23300770058597, 26.41701939199444, 45.602875931552525, 32.378642038714254, 50.7186540882538, 36.18673130826224, 32.27103497530924, 48.4118000978629, 22.46872661087914, 47.89902179813253, 18.986814805219115, 17.60030564916038, 59.0103276562184, 41.40648669375692, 37.905959809872066, 48.052515942544254, 7.576400400886623, 59.67788162860944, 56.81042532348507, 35.177304343829, 25.971540573546882, 57.16246265144795, 34.75312130143286, 52.55047083786066, 37.384539940709715, 42.26551484803033, 40.825714515095434, 62.64368863086389, 36.30379620847071, 22.30946557847802, 13.20847593391957, 35.30146938650388, 24.602455203344846, 32.26812848054681, 64.3459221514226, 28.4549770298403, 59.89532307923667, 42.25748442420071, 33.519619742511715, 39.55712392908269, 40.06546244519985, 39.59688831408266, 23.03053060992828, 44.599898096670366, 29.14981257491861, 36.31648625259902, 28.065340692592052, 49.1964775954961, 36.31331947149899, 27.545448936343174, 53.45864955539169], [80.18594545684755, 56.8291627746568, 36.1320352129208, 22.7946551710662, 90.65655320718697, 44.533858625999834, 58.59934299428454, 65.36154848809697, 98.99706543256377, 44.22662876869639, 55.75030162177072, 0.0, 47.061198207298354, 30.102624584599713, 93.55835156463162, 60.621413844126224, 33.67079762187088, 41.60485333447733, 33.580677941452386, 92.14188142397252, 9.22150708617194, 65.09188886265238, 68.11915541446325, 13.173010764327644, 10.617990869492429, 37.8179364986489, 39.81251205739661, 106.0601811036933, 29.785294205742172, 32.46331928972378, 28.896043937336803, 25.734066017080774, 42.279123359756255, 113.20828829005949, 42.67237586099215, 81.31390112506153, 16.85042441326731, 38.426169885272486, 29.89116775392467, 98.64263473200614, 47.47047154065314, 22.711252029047404, 80.21104013214514, 63.300814717315596, 73.32673132829004, 44.75471632308784, 70.01230930747609, 26.270340084642157, 78.07967276143684, 71.13387600565893, 95.05394754207003, 65.13041274444839, 97.70558639618591, 60.20733691359035, 65.61299943463473, 26.81011228927033, 82.81958187270236, 65.7904111321449, 54.057318575471506, 55.04739771730756, 54.11882001530612, 43.28265924458578, 72.90840614537754, 80.6709199732987, 24.104538527961648, 58.98234555960436, 69.43680015890772, 27.74711039319714, 20.202898857278893, 64.73375999496172, 25.669952824635278, 24.687953673919612, 71.24119828683921, 42.608877520714564, 43.3881393250195, 33.353965420873934, 39.586466664376445, 25.793682180402772, 79.72776077504814, 37.10850590642597, 44.50627535708174, 89.20072592491073, 95.16567311887415, 15.985442910076637, 81.40338330013525, 78.44735994953119, 43.03492075343066, 75.10583334987358, 69.20479429535901, 61.98861493095769, 85.18075404053755, 87.46415698127002, 68.84327050005813, 96.03174637112119], [62.07485534463168, 46.97024632363699, 66.64181610725564, 56.175192449471766, 57.2982863835176, 18.82021816890933, 71.48292777106808, 44.968276202499155, 64.51170301584096, 70.81648037125603, 24.60601610636743, 47.061198207298354, 0.0, 37.75990011986361, 63.736858148273214, 69.29265423692969, 61.59284934908007, 6.672324618938302, 15.659082210317322, 45.537287533197464, 38.75349594827654, 45.53784198207557, 23.709719067559956, 44.64786471958874, 39.76772304222207, 46.37702029732758, 63.24155694488331, 86.8228524102733, 17.769438347211867, 45.86900537523259, 25.415203049326948, 22.157302011124564, 14.30946555478798, 88.80185281708823, 20.624092301774965, 57.13886159425053, 43.6545155234204, 26.56192055973475, 41.65219358819835, 59.43989672046346, 53.31209115163375, 32.82072623079306, 65.69794723987424, 85.41053507594104, 51.02151937184337, 21.256445158916744, 56.03049206984198, 54.38821867981782, 31.038255311251614, 56.15446512445682, 72.83917272522733, 46.45915956394994, 51.51123527289596, 42.239120793566265, 21.95521424412316, 61.398025449221905, 65.89936022416616, 20.728613440275478, 63.76363401599945, 17.943597482196292, 72.79690893766642, 66.47629162215469, 59.00637001338157, 39.685882143347094, 38.659669357880496, 14.585360308722146, 72.42553406042082, 42.26007834186906, 27.869759631919774, 21.50331750020526, 44.00544231686205, 38.75348085566362, 26.74892032030644, 21.773684040787398, 11.101683253541161, 16.163363034688693, 9.893344192903905, 45.8699741706241, 35.39598942712284, 66.36055815462714, 55.29799635651019, 52.339410955021876, 58.37216267617541, 35.26513554514233, 34.34235129261042, 39.389344754460055, 20.473309846401076, 53.748291993899095, 59.18323966869122, 14.953898708806854, 73.2593855836306, 42.37180766983633, 22.044390927384132, 49.01710225060342], [50.135259498572346, 26.729069139527994, 29.767898982443164, 22.555325053416553, 63.26004986802713, 23.698013289061905, 36.33770602629374, 36.061410880266045, 71.63098636567948, 33.10586151993515, 32.11147568266115, 30.102624584599713, 37.75990011986361, 0.0, 64.93078572183634, 35.97029163335439, 24.536256738107234, 31.147473852141058, 22.924163030136246, 75.22995752416466, 22.601321732044173, 35.65169224446223, 61.38120866213464, 39.12794014454968, 19.813461487872754, 10.425084873445215, 25.489740833387515, 75.9582808726484, 23.827235161933242, 8.15314975983979, 38.384560621403125, 21.018167964813447, 25.11645175886703, 83.28502362740295, 21.05848908041649, 51.91317323071617, 14.46509050060371, 47.81487618436683, 3.9442939888605495, 73.50801718474463, 20.107835857263943, 9.735373853443946, 50.13031401825898, 48.16704823862746, 43.92432677778085, 49.349686268034546, 39.91082323487266, 18.698058062906753, 64.20163663823378, 41.04361431956889, 65.1116128499413, 35.53844264963098, 79.46449260118463, 30.82911134732919, 47.28186980561045, 26.91926777488261, 52.71973671057074, 58.309704572685625, 29.47993616884462, 34.99376606177812, 35.84774291948547, 28.724081268946158, 42.80850733241071, 58.01250536376669, 44.066146218220204, 52.34510535642145, 42.670528477982806, 5.300286856776685, 29.00454996007256, 59.255637620528084, 48.45465097492362, 5.502557020364519, 52.819369824372984, 20.26152648322696, 41.831757410730894, 22.349797236447543, 36.734279692862714, 49.533490524816294, 60.09589692499799, 29.202388983815442, 19.627299019261805, 63.38003214366635, 68.95847035975714, 15.67540998624533, 67.77762450803127, 54.750721218233174, 47.591936288665956, 45.476219410373204, 39.24702877496891, 50.65095431923147, 55.32924814160096, 68.06390009527108, 54.52086008892173, 82.57223861746816], [22.799296154837265, 41.02000769728006, 86.34654106867951, 85.64117310497602, 8.967823277525433, 51.78486595950517, 67.64333294934988, 29.04775501103026, 11.14651055360408, 83.64726872830242, 40.891127056474936, 93.55835156463162, 63.736858148273214, 64.93078572183634, 0.0, 61.82272819945526, 81.91588060725292, 63.11390013793213, 65.38194551391837, 52.37865642232291, 84.69334963689388, 29.628854231111784, 71.39984807125434, 98.79779761553196, 82.96094026143733, 62.19797085847416, 77.67552546299683, 29.220116505300656, 70.09404828857069, 67.13123371161761, 86.08259680514581, 71.98365726673977, 56.15362460278489, 26.054038781228783, 52.67504129330734, 14.443885430838982, 79.36030119850427, 89.9601300615726, 66.90717630867105, 22.85023458331314, 57.774043757456376, 70.85149643470021, 28.38485894933571, 84.874389865389, 21.664562864433833, 84.93248938817706, 31.19330804206451, 80.47786675192778, 56.82239743036471, 29.646545004406704, 16.51786178557214, 30.03791393530461, 50.3011387816242, 34.248437883852404, 45.21829142139147, 88.53528426133394, 24.3726281731453, 69.03797794078659, 62.20569567156234, 46.00009073570753, 75.12726149787729, 78.31718155010311, 30.363844591953924, 30.94004864156459, 97.97105081590838, 69.11043128260181, 55.03756305028994, 69.22405973638449, 82.73462331477914, 73.0532833042432, 103.43184520056826, 70.3135735609108, 44.1905884551469, 52.32176766451944, 74.83544885684456, 65.21869497108327, 72.56208034381379, 105.1021442091894, 40.66183892259637, 84.88441320566552, 63.14230981956175, 17.48040994525595, 16.11731504423232, 77.59878626710207, 58.469105230353286, 27.937902178625315, 84.2097159579993, 21.108065776897302, 36.16831425640113, 60.163211204043535, 33.39019526384208, 42.572811341022145, 54.15539571992271, 65.15627142161097], [39.418575025386254, 26.935615375244982, 32.66533545657092, 40.471207672546406, 65.18315112992677, 50.989415660113146, 5.9571686823328776, 38.70887493250401, 72.14597240357642, 26.153632295496323, 52.13690721142745, 60.621413844126224, 69.29265423692969, 35.97029163335439, 61.82272819945526, 0.0, 30.828354091028846, 63.38868561831131, 56.96223958816915, 94.7344142471062, 55.96577473362134, 37.64204721870729, 91.22530015321155, 72.3717156669473, 52.569228957522526, 25.550193896477275, 24.029406443110066, 57.52522462396097, 59.02917718392918, 29.507225319346727, 74.35210113739855, 56.781846548516036, 55.005219574546736, 68.84835821649752, 48.82160689446493, 47.66977510335736, 44.19461831252428, 83.65954269235415, 33.55754827833327, 79.81277733378046, 16.325736738610203, 45.51073972133839, 35.016770723479894, 23.129129366243454, 42.367951566171214, 84.49497635815274, 30.91259257429425, 35.387206197773, 88.29689173991484, 32.41044526076287, 52.867386127682764, 36.523667114417016, 96.81879389106739, 36.036428503078405, 69.68392775659889, 39.8569990661057, 39.215025391453686, 88.01873705197764, 6.665282300256225, 58.764738986829656, 14.28341211593116, 22.255246995379377, 31.459198497395576, 72.01994778403721, 79.28696115488825, 83.20725963508431, 10.419907314682739, 34.87690147517821, 64.84972448785422, 90.02677959887266, 83.18408176745815, 39.287421164550494, 73.9477591480821, 47.669977623244414, 75.96253408674289, 56.40034423987008, 71.01018946950555, 84.0146417055136, 78.32743993397169, 30.91773550411316, 16.683471079376442, 69.7662086808265, 73.32691846253164, 50.27350505356146, 91.66448839952311, 67.58539523924047, 82.81235683148097, 41.651068803794594, 25.664467603915188, 78.77704525252753, 34.83054223754903, 85.33116143811283, 79.60768847922218, 105.07433098048861], [62.56387881930549, 40.90120259832829, 5.25616898654212, 10.988983520698111, 82.29513139835763, 48.15681003121067, 27.08153103072272, 53.44616611340011, 90.39509489872533, 10.834494909700327, 55.57067707080547, 33.67079762187088, 61.59284934908007, 24.536256738107234, 81.91588060725292, 30.828354091028846, 0.0, 54.920526552606404, 46.11069779442654, 99.4583467556345, 32.51267938545069, 52.67578249803388, 85.3015671330903, 46.68515553714718, 29.161214401408067, 20.627963411090693, 6.928710781100072, 85.36399618021181, 45.61426958634609, 17.42394433940709, 55.7816717725866, 41.721188968423505, 49.60260986668054, 95.22829669209725, 45.5068264414656, 67.67877683171965, 20.862758133247684, 66.00180748860281, 20.63600212125368, 94.47830144867395, 24.54768313053235, 29.255498528712348, 60.19281865013344, 29.68799734542364, 60.27616144004729, 69.6579284940266, 52.088179420707284, 8.207839843827859, 88.73288093464919, 53.57537968208527, 77.65324875041499, 52.07195531191533, 103.41007537941776, 48.60558197841994, 71.5992017646074, 9.051024739038686, 63.87295427427068, 82.30744786390974, 25.301035194593084, 59.28390018315168, 20.98311067383117, 9.877553415067167, 54.14203346920538, 80.90070925195106, 56.232352225408846, 76.08400336421776, 41.02124844293456, 19.506373925807136, 45.2778313296116, 82.90663659242057, 58.85888677436775, 22.861494974265383, 77.0461001507612, 44.64685914342499, 63.88932449446713, 45.567571504322196, 58.875195431112616, 59.21633057722118, 83.96616726803049, 4.771908831689405, 19.313461987692165, 84.08877992987271, 89.12267858301051, 29.922742446040363, 92.3089452873711, 77.22586824595074, 67.82292577991387, 60.91361382308561, 48.827516816030744, 75.03807606639711, 62.63306979662669, 91.87016981831935, 79.05642856986708, 107.08509932233049], [59.10962352833658, 42.21700298210188, 59.97130381200911, 49.601929377927284, 57.403691086770145, 14.167396059012045, 65.34153829341285, 41.790391409651264, 65.04046104301268, 64.17187768988407, 22.54237779746714, 41.60485333447733, 6.672324618938302, 31.147473852141058, 63.11390013793213, 63.38868561831131, 54.920526552606404, 0.0, 9.083344687138098, 50.54153812489002, 32.970279921512194, 42.23203842257597, 30.381698571232096, 40.58112316516879, 33.69989881483323, 39.969858733939894, 56.61314143181081, 84.52985791176613, 11.850527915438457, 39.27524638899492, 23.374659542360952, 16.11844983337555, 9.095756001957376, 87.45422610070504, 15.40345520454608, 55.14902436296796, 37.14689417038641, 27.098336798291413, 35.02411303371848, 61.248839377627995, 47.25795173347087, 26.20575542138066, 62.25114325472948, 78.95520717899886, 48.46396947646507, 23.70418830800024, 52.222671435925825, 47.73308404199997, 36.68332769633767, 52.503728163410166, 70.8393806962797, 43.03803780901492, 56.19885416758592, 38.47932598203057, 24.877804789124454, 54.80592093683771, 62.83567678024623, 27.39652532244015, 57.69304669210022, 17.36489869867299, 66.3832564395542, 59.871390609813396, 55.28219574421008, 41.80039904368635, 36.17237395840531, 21.220699930180295, 67.0331633801654, 35.598297704198345, 23.41029856637633, 28.114544997020968, 41.65542800880642, 32.082749658661974, 30.246098981021706, 16.502508882823744, 13.620949828401598, 9.561598969804558, 9.810335103812044, 43.46440161667521, 38.919857816650726, 59.68828791107172, 48.99725167825744, 53.31681223981168, 59.43682137745187, 28.971650247673196, 40.10523296845834, 40.78505483743907, 22.48163148840044, 51.10656633942344, 54.913076292964675, 21.047247557139386, 69.6032615042633, 46.35813341647562, 27.27739610135389, 54.94004869208174], [58.11647165707542, 38.56504100231768, 51.10015436957315, 40.52770246451458, 60.69649189181511, 13.61472863254168, 58.341369815353296, 40.9354276936246, 68.72597461665345, 55.62316884603516, 24.703426213385534, 33.580677941452386, 15.659082210317322, 22.924163030136246, 65.38194551391837, 56.96223958816915, 46.11069779442654, 9.083344687138098, 0.0, 58.840778068128614, 24.62030392796031, 41.15297950948989, 39.27529918508866, 34.53029563774079, 24.982803502197623, 32.45641765108823, 48.16515643277564, 84.20299180262423, 4.736400563909586, 31.067929213415344, 21.515016474333112, 7.889347588432863, 9.520518815830414, 88.44752745058615, 13.181430145851545, 55.70039724616828, 28.06538277821012, 28.406612474478468, 26.673617588142452, 66.46086388377664, 40.6445579126751, 17.16386262404599, 60.43522967200645, 71.07141036894365, 48.350859418704616, 27.67699248274109, 50.00885700262903, 38.77147857155631, 45.466810079882805, 50.54776420652669, 71.09849500031207, 41.74013216875366, 64.22274692187841, 36.79219433603207, 32.03643136623039, 45.74206931279781, 61.620618560102265, 36.35353722498203, 50.9226888592393, 22.040388021995795, 58.659723857570086, 51.52368787325503, 53.14120681005022, 47.67736323337905, 32.60846238409966, 29.996406258138745, 61.66531263182523, 27.004042255859503, 17.599261628895263, 36.79684727215892, 38.05469126059989, 23.251102360442285, 37.66078677842906, 13.885569446554682, 19.112142399931244, 0.5770285202311616, 14.079360215347533, 39.72028151496252, 46.16139243039399, 50.88260609533699, 41.70491183943175, 57.72356349242427, 63.83818968054624, 20.03781633750023, 48.93817441297948, 45.94923285594966, 26.072862215732723, 50.792700537140355, 51.83767981843301, 30.08081932480872, 67.33530778029126, 53.88353650015141, 35.908977031064346, 63.82572220657244], [66.85685323677757, 67.7990771227767, 104.71207626476382, 97.10196572826722, 43.43259465402368, 51.61458633007106, 99.1236168769021, 57.042776444543016, 45.051746262844745, 106.36019016462926, 44.351330144910754, 92.14188142397252, 45.537287533197464, 75.22995752416466, 52.37865642232291, 94.7344142471062, 99.4583467556345, 50.54153812489002, 58.840778068128614, 0.0, 83.39694444996755, 58.11613544522542, 33.20991976947427, 90.10422537825546, 83.79825301340622, 79.94842910168892, 98.73951510388704, 81.5983382244792, 62.36054859688598, 82.06673639169776, 69.88678239682115, 66.50849909817383, 51.48495130334914, 76.63843432403905, 54.22054370947282, 57.0969607538495, 85.65984154022254, 67.36882611411662, 78.98421871120946, 32.83953355779084, 82.3417229944479, 74.33306632248242, 72.80756585538388, 116.05528063016017, 56.8823014027357, 59.29177614870732, 68.10681330401279, 93.87053390610073, 15.592562022623838, 67.16582115723853, 68.29994847406097, 59.343380269986206, 6.797681308235269, 58.791561588647, 27.968336981239382, 101.89925888117037, 70.33364186432213, 33.07853854577798, 91.51473544005181, 40.23636027480871, 103.68193386480894, 101.15709454376652, 69.70118705071384, 24.101350718603506, 83.0100608210652, 38.1789423491761, 92.85186513899096, 80.50438221669951, 73.40198289299127, 36.841289635224236, 88.0239972418267, 78.4716292991923, 22.419081316923, 54.97271002054022, 52.996110369151495, 59.15583019053659, 54.63794774570976, 89.9041223320616, 16.407586376042318, 103.92468137229145, 86.50959433910975, 34.911535700619034, 37.469198999747974, 78.6701146109527, 13.578716591624639, 28.60876360694824, 59.75735025462307, 59.09298096169412, 73.53536621448217, 31.362684076482996, 80.2124374492614, 10.245996983139555, 23.495814870823153, 12.778930637383606], [72.12599228061558, 49.02102335032231, 36.111980746174744, 22.76740778082455, 81.58795007430933, 35.312554149000455, 54.76039217350435, 56.80311317397915, 89.9117638287271, 43.346094283325, 46.54203224062572, 9.22150708617194, 38.75349594827654, 22.601321732044173, 84.69334963689388, 