instance_id,num_cities,city_coordinates,distance_matrix,best_route,total_distance
382,60,"[[0.7547222084564709, 16.77122417060024], [13.914313871017924, 23.38290452700266], [41.716243792843734, 13.789184653545504], [14.280279892104597, 92.03045948974466], [51.357751906873474, 56.11711916530753], [98.85111751600328, 69.55732789373747], [96.76784075771569, 3.923282468299494], [17.300729260116555, 31.047682612334015], [89.92023809662223, 57.08022310340106], [93.68746032279991, 98.27577057430908], [34.651255430112485, 63.40390074817177], [51.314975374231594, 9.437753708143415], [11.118598654087764, 82.19374912651787], [52.807258936156956, 6.038477000725839], [94.01169887198122, 1.618529379159439], [9.634361158957216, 92.2376562754544], [72.3882111254663, 7.061676927486927], [64.30804078142961, 12.701990946665443], [15.616339448388484, 41.52674593572154], [96.94223123281095, 20.881975617423098], [38.06991410477957, 79.51377678859441], [52.45612571025471, 0.09178082464175175], [11.059405691197489, 25.82374982762682], [6.453752149682678, 1.7865618865117394], [97.3979350845816, 68.22654468420977], [79.50669545324686, 36.42018721884009], [18.677955066280905, 96.9099653706541], [25.050135478400925, 26.531496665856857], [77.46429053985653, 76.27113511698441], [7.574233003742325, 67.38667973804684], [0.19830964791403005, 29.933095289546486], [7.585528315188739, 93.93545345441254], [13.10649513640203, 85.84307407520812], [53.329441372422004, 50.48311496232585], [10.409189498448745, 66.25539707385019], [28.30992039253414, 66.46091470497815], [21.379834952916777, 8.82309027035454], [17.071677764977476, 65.3779129470235], [25.288758991850557, 13.61032263113241], [64.66883121292494, 52.731747146781004], [48.442764060125064, 73.29772001165036], [53.99362170293791, 5.67819040960863], [35.78304028586269, 31.703595277462348], [57.72947236107318, 55.271178303891986], [60.383906406792, 97.37506350233909], [46.0930388835924, 71.29543984779185], [77.6538177515396, 45.81943119550252], [22.5576300296242, 96.08220269631792], [78.53024800829192, 91.60715160611603], [88.48605298741376, 2.9298115011820225], [16.388279137074633, 45.44358543424666], [44.50804546368492, 0.9064188940978712], [2.0529951979620598, 1.2207126847119332], [74.01750590764387, 37.40214711530015], [31.256684686869818, 6.620667340842812], [75.61483261147292, 85.01455347005992], [84.92687264549524, 66.2567557811833], [67.54316953459059, 82.98661343254959], [79.94290914048685, 0.5494001288299466], [9.340990257432747, 32.14625440227995]]","[[0.0, 14.727157562156878, 41.06992586053084, 76.464980294747, 64.09965731260507, 111.39692777902044, 96.8689245296954, 21.853778048477952, 97.85348546969227, 123.61021356628856, 57.65051161295291, 51.08932363235004, 66.23833260724469, 53.14751585540998, 94.47998653611121, 75.98704075385363, 72.2885332683519, 63.68345908215561, 28.873924652697266, 96.27530924264971, 73.00035243258203, 54.32530675833128, 13.71622114325225, 16.031813560517016, 109.48771896508907, 81.16621858149657, 82.11857352149394, 26.18262830846162, 97.08036503957626, 51.07279187382633, 13.173626922350605, 77.46598087568843, 70.16756190511545, 62.45472500878599, 50.41718066861997, 56.81860868030863, 22.103576819554203, 51.27234373852587, 24.7368199134639, 73.33602486197015, 73.95535185309276, 54.38231162249353, 38.078324204263424, 68.76313418699489, 100.2627474348065, 70.91158617706853, 82.20261082657782, 82.25325588792937, 107.93261068173351, 88.8165024358196, 32.65750147628254, 46.540792240118265, 15.604612146029902, 76.11222278257326, 32.14659420512025, 101.29752279017637, 97.64101980201508, 94.04878771864776, 80.83264516780547, 17.610098058612163], [14.727157562156878, 0.0, 29.41065739470099, 68.64853045398185, 49.73469473045518, 96.67646035451061, 85.10807134597938, 8.37953651969486, 83.1409032704576, 109.41981666771902, 45.0743927719513, 39.91587043067832, 58.87725763045102, 42.58509530404025, 83.00168136591329, 68.98764261487992, 60.708970757862296, 51.513198569218964, 18.223497801760388, 83.06557473976511, 61.107837823804864, 45.03274034710536, 3.756091918042567, 22.84867603699039, 94.76532632497425, 66.87549073925072, 73.68121167396222, 11.572387624354473, 82.6786820743353, 44.45816975796125, 15.199795093155643, 70.83583617609266, 62.46539322775908, 47.83276786462122, 43.015538053669346, 45.41969229327826, 16.362218560218842, 42.113533204381, 14.996044769149105, 58.62913604796218, 60.69351429377013, 43.815611581540814, 23.398185604275273, 54.19068294438176, 87.37426749491138, 57.715521173257706, 67.57308697907284, 73.21130287413706, 93.96683901219856, 77.32576083794244, 22.198967233384867, 37.96272934300596, 25.136698826979675, 61.71655252637715, 24.11908831194893, 87.20902570423253, 82.95149561680128, 80.1789016829333, 69.86518672672898, 9.884917294094995], [41.06992586053084, 29.41065739470099, 0.0, 82.91217765296189, 43.41212640201947, 79.84033814945899, 55.928654143574214, 29.899382965059985, 64.78996123556165, 99.19168588218548, 50.11520840738762, 10.539003712122678, 74.93597486370795, 13.530856810589658, 53.69301138641814, 84.75499922215748, 31.40109775561427, 22.617941580297654, 38.086445261696255, 55.679595655650026, 65.82566164887818, 17.405859221882682, 32.93436626564658, 37.249245229557616, 77.87089900737348, 44.04861534495308, 86.25443139033568, 20.97917257109617, 71.98553312952711, 63.548157959584174, 44.54620866343067, 87.11102193016376, 77.52600014816933, 38.487801697784086, 61.09693195508862, 54.351086959919044, 20.933982371431867, 57.17299643748049, 16.428458494634352, 45.20336760481482, 59.8874933134871, 14.714694559264403, 18.871380761819122, 44.46548421400295, 85.64508608433644, 57.67257339266375, 48.13985786824972, 84.49374710542959, 86.08662432112433, 48.013967107069575, 40.54018848487439, 13.181798442629441, 41.60696788677034, 40.011792392109314, 12.68030035740006, 78.88071682574262, 67.97061472338859, 73.86009912594925, 40.45454038623596, 37.21745627043905], [76.464980294747, 68.64853045398185, 82.91217765296189, 0.0, 51.61886229146097, 87.50581820735862, 120.69412719865937, 61.05753180455933, 83.32419997001153, 79.65239616292772, 35.13483328201286, 90.51587550137282, 10.33233269987184, 94.2281760762277, 120.54632420304642, 4.6505366768813055, 102.93797007097686, 93.78583464996079, 50.52138297676297, 109.06468244479194, 26.88148139173415, 99.54956473343427, 66.28500912651396, 90.5826450879289, 86.45907103806206, 85.71457092582894, 6.568799325553835, 66.37848989209317, 65.11970136772055, 25.53990887452625, 63.67404908257619, 6.960510087776499, 6.297738397293046, 57.01770645681868, 26.064135960724077, 29.165603595185082, 83.50969988254906, 26.79832344189831, 79.18904265751051, 63.901446744388736, 38.96140209084373, 95.04664061960474, 64.0445099148906, 56.91289027545569, 46.412381643880636, 37.9735786330793, 78.43254705052291, 9.215809693733284, 64.25136257306477, 115.954397211379, 46.63454186629935, 96.00681530978675, 91.62923444941448, 80.94929700072453, 87.08060010515742, 61.734514613480364, 75.20122918224233, 54.02524006956271, 112.6071272238383, 60.08755778905239], [64.09965731260507, 49.73469473045518, 43.41212640201947, 51.61886229146097, 0.0, 49.358474323526636, 69.18289354020492, 42.28897540311515, 38.57451114829759, 59.7424146080744, 18.2264700467314, 46.67938505716663, 47.9497662625697, 50.099615484314455, 69.20589194845385, 55.186361871650874, 53.37337002750575, 45.305444928568846, 38.604760788096655, 57.61475588993538, 26.9066947319076, 56.03610408654432, 50.414729331293856, 70.48530803237155, 47.606056898621205, 34.35596237744892, 52.268780577659, 39.59039960429347, 32.980838654829306, 45.210612947000435, 57.470789437541484, 57.84664179157626, 48.44368937050501, 5.969050402515484, 42.1849433123656, 25.262554179652607, 55.99464861944374, 35.51474597306108, 49.864016516936104, 13.734830759634935, 17.426135532241414, 50.50775528178097, 28.958449383557046, 6.427630783381956, 42.233747595660915, 16.06544807833995, 28.240493204448175, 49.26108932803913, 44.69772865628902, 64.86447747176872, 36.56211629686931, 55.63398154720916, 73.7873598837072, 29.389022273767242, 53.42238900119183, 37.72887055965141, 35.06705145669043, 31.36777751070308, 62.48905994642032, 48.37365622932869], [111.39692777902044, 96.67646035451061, 79.84033814945899, 87.50581820735862, 49.358474323526636, 0.0, 65.66709953211027, 90.18568957648097, 15.344013528166606, 29.17897026295133, 64.49408467048109, 76.64233823403269, 88.6378813342728, 78.45177710982416, 68.11094123866252, 92.0544779485226, 67.86745762388432, 66.52633681224104, 87.82791017023084, 48.712767998395066, 61.59127830068517, 83.53416962096547, 98.08165228825594, 114.58686596570953, 1.9704626689570803, 38.37025875662028, 84.71070035204053, 85.42720352770873, 22.415877755255565, 91.30269086768708, 106.31301100866801, 94.46534167631998, 87.27752170924482, 49.35634303586448, 88.50354444089582, 70.60912310918225, 98.44006928920322, 81.88616656852655, 92.42017090164865, 38.09893521317846, 50.54693493505313, 78.05600000214852, 73.55601565128055, 43.53255988741564, 47.47159935067167, 52.78670186844862, 31.82472713096855, 80.77292378097286, 29.98553756890821, 67.42892927610575, 85.91619340329248, 87.5563634841024, 118.48953313489294, 40.62836344733601, 92.35816472322585, 27.907897783276738, 14.310079366797375, 34.0666011936881, 71.55148103553583, 97.01366554062746], [96.8689245296954, 85.10807134597938, 55.928654143574214, 120.69412719865937, 69.18289354020492, 65.66709953211027, 0.0, 83.96877332047642, 53.596175235625964, 94.40275819815061, 86.00240766232818, 45.78615909447081, 116.02611181893991, 44.01143944476216, 3.592799033650582, 124.0631770024335, 24.580802688014707, 33.62594737771169, 89.44040825881487, 16.95958977581521, 95.7045945863625, 44.47705582986279, 88.46223099215014, 90.33936116635027, 64.30634922360981, 36.796684029783094, 121.42715283034681, 75.19681243066948, 74.87882767437826, 109.46735795289587, 100.01092291226621, 126.7109931230505, 117.09002095861216, 63.6766247772923, 106.50403353168929, 92.7223937703056, 75.54706834630629, 100.63871026121912, 72.13250222477778, 58.41757131229563, 84.54658847218087, 42.810203428955866, 67.01411544120134, 64.50271787928655, 100.28472494496063, 84.30268759030602, 46.05033282890086, 118.32337872923512, 89.56043041584587, 8.341162582927392, 90.46993691116664, 52.346801908037754, 94.75339494098954, 40.47730368790124, 65.56666420437563, 83.80479691709756, 63.44817114056653, 84.29170606448955, 17.159877795748177, 91.86942001114991], [21.853778048477952, 8.37953651969486, 29.899382965059985, 61.05753180455933, 42.28897540311515, 90.18568957648097, 83.96877332047642, 0.0, 77.14458003044913, 101.75730191718807, 36.714651168567976, 40.298361827197915, 51.518335170144205, 43.43010493838613, 82.16232663948907, 61.668355554172514, 60.08293540581014, 50.46039773082999, 10.613573251898675, 80.28767299637639, 52.728752344559815, 46.84196574713358, 8.139016748421353, 31.20689184403699, 88.3053235419376, 62.4375370732046, 65.8766805558543, 8.969349599560843, 75.26496371022441, 37.618179667918895, 17.138700694392448, 63.63377130805707, 54.95567782726501, 40.936586656712045, 35.875848113881624, 37.08502793092628, 22.59583165143978, 34.33099444263536, 19.179941139353833, 52.09544833616188, 52.48706499442097, 44.60918616658009, 18.49394609802605, 47.130255804971775, 79.09160264389405, 49.48615014262525, 62.13453022802926, 65.24663829083117, 86.11912244642303, 76.53734376096062, 14.424790580281975, 40.60460360024726, 33.49838099212346, 57.071638949700365, 28.132681474526887, 79.45412386935708, 76.24286263375203, 72.26309804790569, 69.6720025161347, 8.03519165723574], [97.85348546969227, 83.1409032704576, 64.78996123556165, 83.32419997001153, 38.57451114829759, 15.344013528166606, 53.596175235625964, 77.14458003044913, 0.0, 41.36744003113129, 55.62957256662977, 61.320234832743964, 82.70663557505509, 63.10810619385667, 55.61240439000892, 87.64626143137701, 53.00214081779521, 51.23877575303184, 75.91429382094337, 36.873045828366166, 56.4953133366433, 68.20001664411716, 84.82922850831356, 100.12014406251515, 13.422236662588643, 23.136096324504358, 81.62028706425299, 71.70324191174673, 22.878849041199494, 82.98847873722254, 93.73895131212461, 90.20705315560971, 82.0222695588531, 37.180750943691045, 80.03868231404807, 62.32037084712004, 83.82444591148793, 73.31960446656979, 77.89005288443114, 25.623091006967474, 44.53524512582559, 62.71276369729413, 59.78971003958385, 32.24155768147112, 49.96067506016664, 46.074893140935345, 16.65144145337725, 77.83877811061971, 36.35712675726527, 54.16940062080449, 74.4470303280915, 72.23408834529674, 104.11982173835962, 25.300663344423246, 77.37944989733126, 31.384254637129416, 10.447126423802574, 34.232648996477984, 57.404538490273005, 84.3487876469959], [123.61021356628856, 109.41981666771902, 99.19168588218548, 79.65239616292772, 59.7424146080744, 29.17897026295133, 94.40275819815061, 101.75730191718807, 41.36744003113129, 0.0, 68.56617820253975, 98.42571168871365, 84.12043943723866, 100.89058028969734, 96.65778502580176, 84.26969979377408, 93.6678647999481, 90.47663815786022, 96.51710580004963, 77.4622038900596, 58.696881161854115, 106.48999388249794, 109.8939976635701, 130.07646687556473, 30.277443742033995, 63.4602811570428, 75.02193880913825, 99.28908903019791, 27.33852994248149, 91.48564833893099, 115.80562403868826, 86.21125824475921, 81.53443378481403, 62.55323831780969, 89.22205282665755, 72.70768722301511, 115.02249649608925, 83.3801365638884, 108.84218124963856, 54.00313792164034, 51.68157843770291, 100.74677501904353, 88.23137981221956, 56.05686268959852, 33.315731669377186, 54.70984553300388, 54.85203036467714, 71.16364589852975, 16.559334651187427, 95.48772983919467, 93.62907240092373, 109.08439619170832, 133.4786854170664, 63.97269057749188, 110.89751888676861, 22.41606012389899, 33.19586125971353, 30.286668138371738, 98.68817643289515, 107.1794752815787], [57.65051161295291, 45.0743927719513, 50.11520840738762, 35.13483328201286, 18.2264700467314, 64.49408467048109, 86.00240766232818, 36.714651168567976, 55.62957256662977, 68.56617820253975, 0.0, 56.48030266138802, 30.113856229639836, 60.17002829511993, 85.68018651253081, 38.17368801650245, 67.8124178171907, 58.73847610292747, 28.9989297926528, 75.42068538058615, 16.468616613779677, 65.76806166296936, 44.37164767410017, 67.76278949130186, 62.93173843295904, 52.346263434003035, 37.11876467501504, 38.10191185671222, 44.70482854916379, 27.368369917851204, 48.03436573038356, 40.80109428573548, 31.10776744985442, 22.711700407922056, 24.409194823477673, 7.039734681856111, 56.17112669243811, 17.690061476595528, 50.66613031655534, 31.85827550839133, 16.973313462906745, 60.880085143861535, 31.7205028947524, 24.469271976668473, 42.61700629042038, 13.899309261871947, 46.45894892974846, 34.844327996699086, 52.16118622723279, 80.96481271693582, 25.61462920394663, 63.26998931457338, 70.20965352356194, 47.178309302520496, 56.88460869797804, 46.31452219940658, 50.35649380394816, 38.28002938263315, 77.47271870747348, 40.22001961954033], [51.08932363235004, 39.91587043067832, 10.539003712122678, 90.51587550137282, 46.67938505716663, 76.64233823403269, 45.78615909447081, 40.298361827197915, 61.320234832743964, 98.42571168871365, 56.48030266138802, 0.0, 83.12149884804921, 3.7124105865036423, 43.40680207698167, 92.6989615180166, 21.206767926647647, 13.3968277373817, 48.00100029319666, 47.04058558620526, 71.31676281775161, 9.415382797770574, 43.46276290496659, 45.50901103621359, 74.6977986295002, 39.02338784847773, 93.362534818377, 31.33748335552803, 71.76689734251298, 72.60392944697094, 55.07242995832378, 95.14266026604616, 85.42634805771814, 41.09476552730538, 70.0109128332722, 61.488807475685014, 29.94145025187642, 65.58890795574516, 26.358571103146176, 45.306680893941, 63.924524981558704, 4.616217320488883, 27.14790430916015, 46.2801100016883, 88.40371012527517, 62.07770900463002, 44.91504285393579, 91.29208865905844, 86.55911861532313, 37.73648529863853, 50.1626756496411, 10.914117853332922, 49.94259158341633, 36.0196084272268, 20.255147516113897, 79.38725164661598, 66.01635126807669, 75.31791986284993, 29.976014095873257, 47.723070210966625], [66.23833260724469, 58.87725763045102, 74.93597486370795, 10.33233269987184, 47.9497662625697, 88.6378813342728, 116.02611181893991, 51.518335170144205, 82.70663557505509, 84.12043943723866, 30.113856229639836, 83.12149884804921, 0.0, 86.81917915223117, 115.60117690174624, 10.152981422144416, 96.94737585573579, 87.51126332504253, 40.91497061923613, 105.47430720245671, 27.084232613362595, 91.92129428027874, 56.370030377531585, 80.54238978798101, 87.40255542499644, 82.29307840594593, 16.544210162795466, 57.37921284996472, 66.60952025429464, 15.225368032935842, 53.389405797837, 12.261737500995054, 4.1556353311534115, 52.795071380642845, 15.954131988449907, 23.3037254972325, 74.08472549296451, 17.838483604726697, 70.03199150278283, 61.11985739315468, 38.36968409134746, 87.70916900301938, 56.19244003163173, 53.827487099323626, 51.55136132194936, 36.63310817419071, 75.82892841978254, 17.9927924839642, 68.06572276041061, 110.76323757408149, 37.12605639980501, 87.8776718772489, 81.47894081681322, 77.21761550593735, 78.21018603511989, 64.55788977212862, 75.5092647724762, 56.43014117346037, 106.7828892528411, 50.07905370296528], [53.14751585540998, 42.58509530404025, 13.530856810589658, 94.2281760762277, 50.099615484314455, 78.45177710982416, 44.01143944476216, 43.43010493838613, 63.10810619385667, 100.89058028969734, 60.17002829511993, 3.7124105865036423, 86.81917915223117, 0.0, 41.440822957590264, 96.40641892590624, 19.607667549459887, 13.291741840717668, 51.40604754645369, 46.564205467400704, 74.93870169409186, 5.957053798060382, 46.19892067351335, 46.54810816286951, 76.52244220867017, 40.4463623346721, 97.06923704865692, 34.50248915143017, 74.43517631860021, 76.22091979307213, 57.781089712650434, 98.8477788827618, 89.13430518327047, 44.44770543047684, 73.64559562620003, 65.19962096396817, 31.55054752747933, 69.26904373576063, 28.541210300817628, 48.1763258645725, 67.40070167235284, 1.2398641224517368, 30.798089499381312, 49.47814732391667, 91.65030071233241, 65.60146302436871, 46.90283362029622, 94.98901297584881, 89.35138633803241, 35.8139657974379, 53.65728897608879, 9.757815568633541, 50.98241010986929, 37.86230816587007, 21.558436772321027, 82.20344318485128, 68.24888778667389, 78.34642787961421, 27.6852573930121, 50.704364247075816], [94.47998653611121, 83.00168136591329, 53.69301138641814, 120.54632420304642, 69.20589194845385, 68.11094123866252, 3.592799033650582, 82.16232663948907, 55.61240439000892, 96.65778502580176, 85.68018651253081, 43.40680207698167, 115.60117690174624, 41.440822957590264, 0.0, 123.81987432954578, 22.298050981118163, 31.704107372370146, 87.96873380855125, 19.485080982442554, 95.90178753243863, 41.58361001582627, 86.41166380130407, 87.55810795779222, 66.69403495489941, 37.70345491553395, 121.4727571478643, 73.3236194190852, 76.46455561864731, 108.61346651015327, 97.99319690876494, 126.45907412213577, 116.78795280658137, 63.58296784104244, 105.67546658961362, 92.31066368575348, 72.98830970773629, 99.92510115531631, 69.76134725738974, 58.93695710687137, 84.937825434939, 40.22346762761328, 65.5414973192098, 64.76887135985498, 101.48961648053215, 84.56399841266159, 47.1306693791686, 118.4443731491671, 91.31060974032937, 5.679104088249611, 89.14051171926837, 49.50877500112138, 91.95956415473296, 40.990670287047045, 62.95405618037052, 85.4010627707705, 65.27353506563546, 85.56487683508855, 14.109354409855602, 90.00594920546658], [75.98704075385363, 68.98764261487992, 84.75499922215748, 4.6505366768813055, 55.186361871650874, 92.0544779485226, 124.0631770024335, 61.668355554172514, 87.64626143137701, 84.26969979377408, 38.17368801650245, 92.6989615180166, 10.152981422144416, 96.40641892590624, 123.81987432954578, 0.0, 105.79694297806772, 96.51493823628482, 51.06251552498811, 112.75769303690045, 31.15249236466968, 101.60987098645208, 66.42919329315734, 90.50699834723994, 90.98889156400213, 89.43004501630904, 10.179246683407769, 67.49033640833275, 69.68377944487267, 24.93622190466491, 63.015056833789956, 2.6608703994337346, 7.276427411376633, 60.437585616327205, 25.993809881874295, 31.83106845014723, 84.237438092951, 27.87040527095673, 80.17055424235275, 67.74592054289373, 43.1834843593744, 97.26399707491606, 65.94032120782006, 60.66020289420329, 51.00891388646574, 42.0453518278997, 82.34863747945847, 13.483004690562295, 68.89877183879541, 119.1363942816611, 47.27896439165209, 97.76281899881728, 91.33214730003304, 84.57022166568855, 88.3051168901051, 66.37466253950778, 79.64903939435601, 58.643088946329264, 115.54232226539361, 60.0921179986961], [72.2885332683519, 60.708970757862296, 31.40109775561427, 102.93797007097686, 53.37337002750575, 67.86745762388432, 24.580802688014707, 60.08293540581014, 53.00214081779521, 93.6678647999481, 67.8124178171907, 21.206767926647647, 96.94737585573579, 19.607667549459887, 22.298050981118163, 105.79694297806772, 0.0, 9.854049676330623, 66.41450440574683, 28.176241042959173, 80.16889848740574, 21.115574363103335, 64.13452857474329, 66.14514131154924, 66.08046110771731, 30.20918644472815, 104.67810918291288, 51.18561601282047, 69.39535780659249, 88.54353575534114, 75.72637356450564, 108.38099809219166, 98.59427157373318, 47.42001671776289, 85.7047001430393, 73.96732496504004, 51.0387795379626, 80.37849368150891, 47.55253044621952, 46.31785983904479, 70.4315116876403, 18.44654317124334, 44.126666225349744, 50.38883452833894, 91.10768972154585, 69.40758158970644, 39.11380995301312, 102.01833570740311, 84.76828360716469, 16.61965175668136, 67.89081884412477, 28.551547047156202, 70.57732966650143, 30.384185569220282, 41.133890608894184, 78.01962604034696, 60.50847373062046, 76.07936915692133, 9.974127089649572, 67.8541677885117], [63.68345908215561, 51.513198569218964, 22.617941580297654, 93.78583464996079, 45.305444928568846, 66.52633681224104, 33.62594737771169, 50.46039773082999, 51.23877575303184, 90.47663815786022, 58.73847610292747, 13.3968277373817, 87.51126332504253, 13.291741840717668, 31.704107372370146, 96.51493823628482, 9.854049676330623, 0.0, 56.583993133086615, 33.64375923749989, 71.77920324779117, 17.305643304307743, 54.84156904304242, 58.87499727942865, 64.63680973522145, 28.170053926795237, 95.77623754858482, 41.62257028606854, 64.91627683603632, 78.79809726868919, 66.38500269554044, 99.07733772907103, 89.28166843006595, 39.34390647699049, 75.9806125103508, 64.69842776440159, 43.103094159373846, 70.75328083990065, 39.029852905482265, 40.03138207926562, 62.638242203630085, 12.47882265725069, 34.27443100061988, 43.07450840945218, 84.76395487828883, 61.35942102291322, 35.70538631034835, 93.24889548601288, 80.17665219437342, 26.078185622229302, 58.037191228047924, 23.047241367027524, 63.30490068808282, 26.539996755691476, 33.60616961940367, 73.19118963500846, 57.38683702661368, 70.35903791292758, 19.802388042627303, 58.30485421162606], [28.873924652697266, 18.223497801760388, 38.086445261696255, 50.52138297676297, 38.604760788096655, 87.82791017023084, 89.44040825881487, 10.613573251898675, 75.91429382094337, 96.51710580004963, 28.9989297926528, 48.00100029319666, 40.91497061923613, 51.40604754645369, 87.96873380855125, 51.06251552498811, 66.41450440574683, 56.583993133086615, 0.0, 83.90534676662084, 44.12683455525949, 55.44390124780531, 16.35083276283703, 40.78278110025693, 86.02969625665067, 64.09410684576625, 55.4677788014773, 17.71592527081936, 70.9389993853288, 27.081574037113604, 19.2906292855851, 53.02043522300456, 44.387343446494526, 38.76202526795082, 25.270943744000316, 27.979273925521177, 33.20763427752132, 23.895526305498084, 29.54458308972652, 50.31599149822808, 45.68335524590292, 52.51604256371718, 22.431899418529873, 44.299270703304565, 71.57632029097964, 42.602867810680195, 62.185817200978285, 54.99526686261694, 80.4127286093139, 82.46040564418625, 3.992182678707894, 49.847182923840144, 42.526939975585684, 58.54663576356097, 38.24989832732548, 74.1013399742835, 73.59023983534686, 66.44784643354397, 76.26959051764972, 11.285992596019113], [96.27530924264971, 83.06557473976511, 55.679595655650026, 109.06468244479194, 57.61475588993538, 48.712767998395066, 16.95958977581521, 80.28767299637639, 36.873045828366166, 77.4622038900596, 75.42068538058615, 47.04058558620526, 105.47430720245671, 46.564205467400704, 19.485080982442554, 112.75769303690045, 28.176241042959173, 33.64375923749989, 83.90534676662084, 0.0, 83.08813292281434, 49.10443751928945, 86.0248850935347, 92.4813476995898, 47.3467621503335, 23.35452692072501, 109.11256641555217, 72.11373322771439, 58.714130869034356, 100.74386637814519, 97.1663991868783, 115.41850363086373, 106.0583563877395, 52.70960908527775, 97.70729085622747, 82.38831094046917, 76.51857583210439, 91.42862653511631, 72.02150388140414, 45.34291891040845, 71.41154371973346, 45.560269371403635, 62.10921098638934, 52.156089958355665, 84.78032559653329, 71.60417402829599, 31.52649021589899, 105.7740187800127, 73.0824988960528, 19.844070826682277, 84.21527103225439, 56.11030835486473, 96.90475930204083, 28.257018553867756, 67.21589052299059, 67.5858378210848, 46.938678261017834, 68.71165015398631, 26.5026522747803, 88.32248522867356], [73.00035243258203, 61.107837823804864, 65.82566164887818, 26.88148139173415, 26.9066947319076, 61.59127830068517, 95.7045945863625, 52.728752344559815, 56.4953133366433, 58.696881161854115, 16.468616613779677, 71.31676281775161, 27.084232613362595, 74.93870169409186, 95.90178753243863, 31.15249236466968, 80.16889848740574, 71.77920324779117, 44.12683455525949, 83.08813292281434, 0.0, 80.71441337986433, 60.10146886582403, 83.91127238461743, 60.39218229173443, 59.783478574997005, 26.05140020293332, 54.558561587381845, 39.527605792901355, 32.81848638632745, 62.38992227954216, 33.72361983568802, 25.753296696405435, 32.796836714888975, 30.674098493804454, 16.298303158211823, 72.63423368161536, 25.31301198849353, 67.13138756129987, 37.74625151006336, 12.092782064120032, 75.5331601324896, 47.86484354921722, 31.212206139955864, 28.582159042396746, 11.485277240404793, 51.9826351088774, 22.69677717844634, 42.228998733817704, 91.6890985830739, 40.38404677338166, 78.87056643988294, 86.18017367303759, 55.368029675671444, 73.21082911743976, 37.94574350007652, 48.69623362927862, 29.677152491209167, 89.37964250614074, 55.39885596692999], [54.32530675833128, 45.03274034710536, 17.405859221882682, 99.54956473343427, 56.03610408654432, 83.53416962096547, 44.47705582986279, 46.84196574713358, 68.20001664411716, 106.48999388249794, 65.76806166296936, 9.415382797770574, 91.92129428027874, 5.957053798060382, 41.58361001582627, 101.60987098645208, 21.115574363103335, 17.305643304307743, 55.44390124780531, 49.10443751928945, 80.71441337986433, 0.0, 48.74241127710853, 46.033581829508876, 81.62176349502278, 45.293337639905864, 102.5413364006883, 38.08079403521762, 80.17918887431327, 80.88873662435519, 60.17793107609104, 104.01925496384644, 94.3487028021229, 50.398901142996294, 78.39367933687129, 70.6250746071927, 32.27958506349486, 74.25859010170555, 30.344963123821543, 54.03809980088962, 73.31586870512231, 5.794123400353732, 35.739314355043675, 55.4308045320721, 97.6057723463175, 71.48741100535582, 52.210551545134194, 100.53895332191921, 95.15735884777236, 36.141528436389535, 57.94545485000734, 7.989719318606884, 50.415771863414804, 43.09241869238096, 22.182034596614585, 88.02387755104814, 73.70314319981343, 84.25658528833513, 27.490592550326188, 53.7252657643933], [13.71622114325225, 3.756091918042567, 32.93436626564658, 66.28500912651396, 50.414729331293856, 98.08165228825594, 88.46223099215014, 8.139016748421353, 84.82922850831356, 109.8939976635701, 44.37164767410017, 43.46276290496659, 56.370030377531585, 46.19892067351335, 86.41166380130407, 66.42919329315734, 64.13452857474329, 54.84156904304242, 16.35083276283703, 86.0248850935347, 60.10146886582403, 48.74241127710853, 0.0, 24.474444808022838, 96.18907770356108, 69.26265921227579, 71.49330272697101, 14.008619688090834, 83.39392912134889, 41.70879489268265, 11.612498757236848, 68.20023456680073, 60.054224317136665, 48.9371045867898, 40.43687525193254, 44.14702058723859, 19.8880286989039, 40.00848954365805, 18.752127858962453, 59.98342124701834, 60.4259325784321, 47.425630926827836, 25.413199131248263, 55.18374911906035, 86.90510260864865, 57.402352285853674, 69.5315970694493, 71.19311316720795, 94.23253425716808, 80.74043673171289, 20.330637998669943, 41.70952988803191, 26.19971119360499, 64.01391775711987, 27.869130876711196, 87.58398472720965, 84.20944510376853, 80.36173562978344, 73.37390408139213, 6.5518711601733], [16.031813560517016, 22.84867603699039, 37.249245229557616, 90.5826450879289, 70.48530803237155, 114.58686596570953, 90.33936116635027, 31.20689184403699, 100.12014406251515, 130.07646687556473, 67.76278949130186, 45.50901103621359, 80.54238978798101, 46.54810816286951, 87.55810795779222, 90.50699834723994, 66.14514131154924, 58.87499727942865, 40.78278110025693, 92.4813476995898, 83.91127238461743, 46.033581829508876, 24.474444808022838, 0.0, 112.6282190388127, 80.84689560505004, 95.90564648316133, 30.953792500155348, 102.90990337080295, 65.609686323588, 28.83327770998442, 92.15584156461027, 84.31937043512485, 67.59204480981782, 64.59006266471819, 68.26759115969527, 16.50153567234353, 64.47170134309458, 22.23867803828599, 77.35895120503318, 82.92721421592464, 47.69888855835432, 41.8955371070753, 74.09320938190693, 109.75255431813255, 80.01723044575614, 83.7158462974089, 95.66087370761389, 115.16405512499809, 82.04026694504022, 44.77310053492722, 38.06447019617127, 4.436986259534148, 76.3762445597812, 25.269626787664475, 108.21346327363058, 101.56001447994612, 101.6138046109223, 73.49956982482095, 30.4966731553269], [109.48771896508907, 94.76532632497425, 77.87089900737348, 86.45907103806206, 47.606056898621205, 1.9704626689570803, 64.30634922360981, 88.3053235419376, 13.422236662588643, 30.277443742033995, 62.93173843295904, 74.6977986295002, 87.40255542499644, 76.52244220867017, 66.69403495489941, 90.98889156400213, 66.08046110771731, 64.63680973522145, 86.02969625665067, 47.3467621503335, 60.39218229173443, 81.62176349502278, 96.18907770356108, 112.6282190388127, 0.0, 36.49302441235476, 83.78289727836587, 83.50258161942558, 21.49571166690084, 89.82762842597573, 104.47083541146836, 93.41957182446029, 86.112652707494, 47.50643573616193, 87.01107562575454, 69.11057244237041, 96.47549918982952, 80.37675234636791, 90.45808415019383, 36.21164164971811, 49.21712699087007, 76.13298261984058, 71.6262598103868, 41.7304259850609, 47.11342131761469, 51.39660000155004, 29.864843949981324, 79.85617661775831, 30.0440076495377, 65.90208651392867, 84.1524069110262, 85.61156324064596, 116.53514098300145, 38.6883439033516, 90.38777089528641, 27.501650720415594, 12.625666979691688, 33.304153727435384, 69.89187238784491, 95.16203486222778], [81.16621858149657, 66.87549073925072, 44.04861534495308, 85.71457092582894, 34.35596237744892, 38.37025875662028, 36.796684029783094, 62.4375370732046, 23.136096324504358, 63.4602811570428, 52.346263434003035, 39.02338784847773, 82.29307840594593, 40.4463623346721, 37.70345491553395, 89.43004501630904, 30.20918644472815, 28.170053926795237, 64.09410684576625, 23.35452692072501, 59.783478574997005, 45.293337639905864, 69.26265921227579, 80.84689560505004, 36.49302441235476, 0.0, 85.78548197638445, 55.347114876447286, 39.90325132380636, 78.314767528171, 79.57325191763012, 92.0904996872602, 82.77444259754623, 29.715561040144657, 75.2635707116388, 59.35954080443705, 64.3454090950469, 68.82355202314979, 58.820698369209865, 22.050605490485555, 48.21742691684589, 39.94980976184369, 43.97731529706867, 28.802904549628476, 63.88409820645418, 48.29860962065078, 9.580132729263664, 82.47879814509216, 55.19560207023039, 34.6732480081734, 63.76014580923917, 49.861139595032604, 85.0768986900336, 5.576329178394429, 56.71044810186793, 48.74996438703185, 30.324893146897924, 48.07866473523585, 35.8734393226768, 70.29575155972347], [82.11857352149394, 73.68121167396222, 86.25443139033568, 6.568799325553835, 52.268780577659, 84.71070035204053, 121.42715283034681, 65.8766805558543, 81.62028706425299, 75.02193880913825, 37.11876467501504, 93.362534818377, 16.544210162795466, 97.06923704865692, 121.4727571478643, 10.179246683407769, 104.67810918291288, 95.77623754858482, 55.4677788014773, 109.11256641555217, 26.05140020293332, 102.5413364006883, 71.49330272697101, 95.90564648316133, 83.78289727836587, 85.78548197638445, 0.0, 70.66635366591892, 62.30404924763373, 31.54230553061429, 69.47948201195902, 11.484322024752188, 12.390207774507417, 57.93252922203529, 31.75019750299488, 31.936177643654318, 88.12830260397385, 31.572938678800096, 83.56155341467915, 63.77206013743091, 37.99318340615617, 97.82859026140738, 67.41257034930095, 57.08598419416641, 41.70854461005773, 37.51920492856394, 78.02816838663344, 3.9669974623406286, 60.08674399763792, 117.07023471701132, 51.51728719196528, 99.41767702986405, 97.1227180952907, 81.26282250104308, 91.16129539220012, 58.16621741940066, 72.99683786681146, 50.81012609929463, 114.18735977085386, 65.43330321966617], [26.18262830846162, 11.572387624354473, 20.97917257109617, 66.37848989209317, 39.59039960429347, 85.42720352770873, 75.19681243066948, 8.969349599560843, 71.70324191174673, 99.28908903019791, 38.10191185671222, 31.33748335552803, 57.37921284996472, 34.50248915143017, 73.3236194190852, 67.49033640833275, 51.18561601282047, 41.62257028606854, 17.71592527081936, 72.11373322771439, 54.558561587381845, 38.08079403521762, 14.008619688090834, 30.953792500155348, 83.50258161942558, 55.347114876447286, 70.66635366591892, 0.0, 72.25839248180934, 44.43594436001037, 25.08354281806186, 69.62977735221337, 60.50217979052069, 37.05940043858459, 42.33610235735041, 40.062259330064194, 18.084766048131133, 39.65727985344652, 12.9233772527466, 47.49835972923652, 52.290484009914636, 35.673320235812696, 11.914102973124217, 43.51905743173669, 79.16619436435694, 49.4632630637701, 56.02831254922123, 69.59535395949787, 84.23160512606584, 67.68423134543757, 20.80131863275091, 32.175376793506416, 34.19801524677077, 50.15948970981142, 20.855751664396685, 77.31142560658769, 71.85624444373029, 70.66001806142853, 60.731259996614426, 16.682408339690955], [97.08036503957626, 82.6786820743353, 71.98553312952711, 65.11970136772055, 32.980838654829306, 22.415877755255565, 74.87882767437826, 75.26496371022441, 22.878849041199494, 27.33852994248149, 44.70482854916379, 71.76689734251298, 66.60952025429464, 74.43517631860021, 76.46455561864731, 69.68377944487267, 69.39535780659249, 64.91627683603632, 70.9389993853288, 58.714130869034356, 39.527605792901355, 80.17918887431327, 83.39392912134889, 102.90990337080295, 21.49571166690084, 39.90325132380636, 62.30404924763373, 72.25839248180934, 0.0, 70.45249243129507, 90.09575871395528, 72.07683089854643, 65.06571942745943, 35.32014903467837, 67.79897922699202, 50.123772095804235, 87.719467121708, 61.36717336671629, 81.53933721648755, 26.792285557580144, 29.173450200522797, 74.3924467813159, 61.0212440882964, 28.817724315104844, 27.149867687103402, 31.763390465951844, 30.452293711403154, 58.37139510940976, 15.37301750078462, 74.1648771128776, 68.41503481190672, 82.25542256214422, 106.39280695801283, 39.02151397083322, 83.58427184644435, 8.936881957694121, 12.489112264877726, 11.980245865922589, 75.76229075063456, 81.16519660209157], [51.07279187382633, 44.45816975796125, 63.548157959584174, 25.53990887452625, 45.210612947000435, 91.30269086768708, 109.46735795289587, 37.618179667918895, 82.98847873722254, 91.48564833893099, 27.368369917851204, 72.60392944697094, 15.225368032935842, 76.22091979307213, 108.61346651015327, 24.93622190466491, 88.54353575534114, 78.79809726868919, 27.081574037113604, 100.74386637814519, 32.81848638632745, 80.88873662435519, 41.70879489268265, 65.609686323588, 89.82762842597573, 78.314767528171, 31.54230553061429, 44.43594436001037, 70.45249243129507, 0.0, 38.17296469220069, 26.548776119189583, 19.267703968902463, 48.77775717464149, 3.052339888215265, 20.75634294335475, 60.16883459499153, 9.70755381202861, 56.61891039815008, 58.945400108257346, 41.293791637759334, 77.21850362707748, 45.48647408737034, 51.59780431367364, 60.73026235519849, 38.716621908491796, 73.32321875176773, 32.37182763274061, 74.97591161725077, 103.44762189617799, 23.647130837925733, 76.05084867840533, 66.39592806046903, 72.89568375964998, 65.21784096687671, 70.28701962162933, 77.36089184914545, 61.96475837049468, 98.51115282720865, 35.28468519115947], [13.173626922350605, 15.199795093155643, 44.54620866343067, 63.67404908257619, 57.470789437541484, 106.31301100866801, 100.01092291226621, 17.138700694392448, 93.73895131212461, 115.80562403868826, 48.03436573038356, 55.07242995832378, 53.389405797837, 57.781089712650434, 97.99319690876494, 63.015056833789956, 75.72637356450564, 66.38500269554044, 19.2906292855851, 97.1663991868783, 62.38992227954216, 60.17793107609104, 11.612498757236848, 28.83327770998442, 104.47083541146836, 79.57325191763012, 69.47948201195902, 25.08354281806186, 90.09575871395528, 38.17296469220069, 0.0, 64.42726790965087, 57.38071958784018, 56.96683655319678, 37.73024879631842, 46.09277871753261, 29.90467064116876, 39.25615429949459, 29.932650326005465, 68.38294142088303, 64.8692381550825, 59.01047372994247, 35.628748571660104, 62.86376646343947, 90.39206344385325, 61.78324788299205, 79.06789110699536, 69.82580911557376, 99.69745127049855, 92.32498556369411, 22.420758608682096, 52.97075259640459, 28.77222225230374, 74.19609471938739, 38.834159665479206, 93.38960847548648, 92.18642903999907, 85.73217564313912, 84.98589700373093, 9.406735990020382], [77.46598087568843, 70.83583617609266, 87.11102193016376, 6.960510087776499, 57.84664179157626, 94.46534167631998, 126.7109931230505, 63.63377130805707, 90.20705315560971, 86.21125824475921, 40.80109428573548, 95.14266026604616, 12.261737500995054, 98.8477788827618, 126.45907412213577, 2.6608703994337346, 108.38099809219166, 99.07733772907103, 53.02043522300456, 115.41850363086373, 33.72361983568802, 104.01925496384644, 68.20023456680073, 92.15584156461027, 93.41957182446029, 92.0904996872602, 11.484322024752188, 69.62977735221337, 72.07683089854643, 26.548776119189583, 64.42726790965087, 0.0, 9.796309440698106, 63.09208589211958, 27.823705427368218, 34.41439679072857, 86.2229509028232, 30.091861876841264, 82.25284808545032, 70.4006312698988, 45.77367971194589, 99.7148715691183, 68.32205978666292, 63.319359578188646, 52.910298112803034, 44.669884556417756, 84.99833399870943, 15.125222710923056, 70.98291514040378, 121.76584808377463, 49.28437567949298, 100.08832870922171, 92.87966450567097, 87.23085676798311, 90.46654363924272, 68.61172421363023, 82.14495631324579, 60.9491250012571, 118.13782423773418, 61.814130796564065], [70.16756190511545, 62.46539322775908, 77.52600014816933, 6.297738397293046, 48.44368937050501, 87.27752170924482, 117.09002095861216, 54.95567782726501, 82.0222695588531, 81.53443378481403, 31.10776744985442, 85.42634805771814, 4.1556353311534115, 89.13430518327047, 116.78795280658137, 7.276427411376633, 98.59427157373318, 89.28166843006595, 44.387343446494526, 106.0583563877395, 25.753296696405435, 94.3487028021229, 60.054224317136665, 84.31937043512485, 86.112652707494, 82.77444259754623, 12.390207774507417, 60.50217979052069, 65.06571942745943, 19.267703968902463, 57.38071958784018, 9.796309440698106, 0.0, 53.55569168977709, 19.772520021839934, 24.63355925098501, 77.46306253318052, 20.845754802369598, 73.25283567088302, 61.27833607915181, 37.497170693663, 89.98980882292742, 58.6967534400932, 54.09113520204338, 48.66354278694736, 36.05198649173159, 75.94898844714695, 13.934263729724348, 65.67718043296651, 112.0566234208555, 40.532564546031935, 90.55546784326003, 85.34122045174203, 77.8246403005467, 81.27495991695794, 62.51382807259932, 74.44320311394125, 54.5115665426839, 