instance_id,num_cities,city_coordinates,distance_matrix,best_route,total_distance
129,75,"[[45.8662692872836, 6.079882502280021], [3.530515591598138, 34.37523803020438], [74.68808120707295, 38.413000610454006], [6.4348684691077125, 26.82778301047326], [69.89460153446122, 45.71018454443543], [58.315416554300114, 64.55899974619165], [10.736997882180265, 52.078931228518], [9.119228023852276, 29.609090119519465], [32.39061557664219, 68.12968053726291], [79.98433609816466, 25.784707774393866], [91.51840031489384, 28.802652722465016], [24.669668963040326, 89.92533647048964], [15.351571916700369, 16.2052410016008], [89.52828563749772, 98.93253604076834], [78.92333967437393, 30.289277814719274], [5.2410792871633305, 27.23761096908269], [9.880704816286979, 81.15043028596416], [11.657907878191532, 69.91894644674225], [41.842254917991795, 84.40286830586507], [57.164052482661276, 18.204408387074356], [81.70642249559805, 82.63260598456701], [91.83347697608534, 66.27146626387555], [84.22484627143204, 50.61247478914331], [80.85961716201693, 10.955782951720018], [69.2493086070974, 94.97966433484783], [15.241468907606858, 4.183562293477516], [50.1398493891751, 13.681594888200689], [66.54562971227624, 92.33591395423714], [71.19582391622036, 19.88923234461336], [10.469607855911034, 76.88677043315198], [16.43725848465184, 8.83020410959261], [58.27503652094613, 3.2879813139451985], [87.03594283938865, 9.808600195046434], [60.22251899463992, 66.62309688621181], [59.83346535731997, 73.51754591617556], [41.56800782789302, 56.428723184074684], [58.085008614491954, 68.24508976798212], [2.1246772074403286, 48.14902443498418], [12.667482953323006, 50.63882136962443], [79.09041587350933, 58.41690801739996], [55.99168007565007, 57.50878654599841], [12.47606307234711, 89.82228710829901], [7.2323101115532085, 63.1416036749468], [5.953015204196211, 49.42998866539008], [92.54027527224584, 18.189067187031284], [72.02905076539977, 24.976473609300587], [46.376758087710044, 50.882377641684826], [55.53277269917317, 72.57252227159367], [72.28337212050235, 36.93043262090231], [23.989174272486224, 56.85690040977494], [47.98817597383642, 25.790821281154585], [95.26573921407257, 34.00168892736477], [57.63256520329681, 20.262621330915344], [58.40660063861242, 73.08284846775473], [73.26978157866112, 75.7699786844633], [51.49009947274128, 35.94903365181617], [36.46886705008397, 32.88899982485839], [32.395117536549236, 68.17912633864393], [93.31649851952027, 87.04946990827806], [2.9722778478762146, 49.219248215234515], [40.301748678168515, 56.73275987504689], [50.24888212740497, 99.62704852808879], [84.37797808044533, 21.838151174054154], [75.45214304731462, 49.98688784654474], [59.713164197006904, 10.52450069378672], [42.15065858849357, 42.251800946538424], [72.98163089426343, 94.21759206790948], [63.374270080189866, 2.657096664661751], [81.14646296170751, 15.556535920195834], [64.91393638642987, 88.66711681095497], [70.9293113387911, 21.591316428730767], [17.543096053518713, 0.0399824971315077], [30.500598031146765, 7.336555378303899], [16.61511958014872, 82.01741979012624], [21.82004149828559, 80.52839260065531]]","[[0.0, 50.920950358701916, 43.31428596822116, 44.55682603127749, 46.34567499274579, 59.789534379379695, 57.878996131344806, 43.63448925691102, 63.49622570760636, 39.39952565598068, 50.99452278275991, 86.48327015348616, 32.1507331231816, 102.60597906995923, 40.97395177391363, 45.80453619916726, 83.24991288186828, 72.42677733822069, 78.42628893956957, 16.57238766927705, 84.52713206155137, 75.73645712887951, 58.77526864283003, 35.331413793888196, 91.92354289141663, 30.68345529156326, 8.720637481603202, 88.7002757009682, 28.849341080313145, 79.16147433532475, 29.557248616288145, 12.71897073291083, 41.3381827856432, 62.22204363084432, 68.86886824091643, 50.53197808886986, 63.35464138588403, 60.68887526255051, 55.56670268273712, 61.99200074326792, 52.4161818026758, 90.15373647428139, 68.91025195701414, 58.92622129285064, 48.21924085273124, 32.27339911037552, 44.80540335195915, 67.19160983116704, 40.615511380782586, 55.289355520430256, 19.824822711211787, 56.74447024237367, 18.428125250943708, 68.16639464260732, 74.88432407243612, 30.39397401375315, 28.40844839873336, 63.543591451376855, 93.84880574034688, 60.835017676663725, 50.95760861490484, 93.64977077797163, 41.6109930871772, 52.94477353285953, 14.542734595295116, 36.3622530490486, 92.21441689102917, 17.839438182145944, 36.530795580005595, 84.75532368338803, 29.47474612834316, 28.960016127448007, 15.41697375845869, 81.37652811795458, 78.2355528308471], [50.920950358701916, 0.0, 71.27203288089284, 8.08698602150162, 67.32512841066251, 62.549539125564806, 19.114239191359143, 7.345057695958428, 44.410221347219824, 76.93493276871234, 88.1641739318869, 59.43632931117751, 21.67685781336175, 107.53260519159846, 75.5034634573733, 7.3397376124928515, 47.20427431655575, 36.461071204505814, 63.012325470591385, 56.018318528782736, 91.87081137197825, 93.88707240512232, 82.31174194142791, 80.79765359130978, 89.39718252343859, 32.3833863479624, 50.99663580612496, 85.617431409806, 69.19854269700458, 43.074138281566476, 28.620495630100436, 62.955381834489906, 87.04410419069087, 65.22198747851431, 68.57216941997356, 43.96825017052841, 64.21339085988231, 13.84534483091224, 18.65444492895693, 79.2924991811053, 57.335284476100306, 56.16402826720114, 29.00357004016896, 15.248410443736816, 90.46949455463452, 69.1403362270982, 45.91607729530619, 64.52338543272373, 68.80032194895907, 30.39706989777264, 45.278866787761, 91.73598417195743, 55.91241116503344, 67.154030525891, 81.09925877742458, 47.985399015857, 32.971865291574964, 44.450738016482134, 104.09657743786872, 14.854503281893816, 43.03466469893193, 80.25213109335984, 81.81375640883512, 73.59649520097348, 61.035626283422594, 39.415170790897506, 91.67641328912333, 67.72972348220084, 79.8647533976336, 81.948352332546, 68.60048337792132, 37.08452755157074, 38.18999484611425, 49.406318870996905, 49.644943697171485], [43.31428596822116, 71.27203288089284, 0.0, 69.229461328923, 8.730769767786716, 30.84926933718448, 65.39494413244121, 66.15726224455737, 51.692907295197465, 13.69394376447854, 19.380877890313823, 71.800851730123, 63.356182978546656, 62.31248539608953, 9.161456562511486, 70.34042514301716, 77.63043172574902, 70.46578867016223, 56.51474352108403, 26.748435138991702, 44.77310145482999, 32.71175178187398, 15.484736295116141, 28.142257507212527, 56.827525833023, 68.59704192877949, 34.84620659962798, 54.53421036217782, 18.850088905681, 74.86149400007884, 65.33222938680656, 38.77054315390632, 31.1557604628066, 31.702713164795455, 38.11808905447898, 37.70285825361161, 34.14111250409425, 73.21364462943858, 63.21412263876178, 20.48259900649756, 26.724603940249633, 80.70470828032876, 71.84556258818216, 69.6123791018697, 26.97606932181982, 13.697105560755146, 30.935681345591203, 39.16374297932576, 2.825001528261285, 53.949574643080155, 29.533106008085323, 21.04518186707815, 24.906362523382867, 38.30254508449194, 37.38389204801935, 23.328469510871155, 38.61635554343584, 51.71766639072812, 52.08189778920185, 72.52538478871243, 38.96194867176215, 65.91232141351215, 19.19947226503677, 11.599079974267678, 31.654645268274873, 32.763092935197115, 55.83067615929078, 37.5031597228221, 23.751393075472755, 51.195801605877385, 17.236513848001326, 68.83340647770756, 54.02109881971659, 72.62103169274575, 67.59242461354845], [44.55682603127749, 8.08698602150162, 69.229461328923, 0.0, 66.20938610511125, 64.15010511275656, 25.61501129838689, 3.86541788866086, 48.780606261338306, 73.55686368018839, 85.10644806201375, 65.67959501773096, 13.868886007988202, 110.01641416752292, 72.5710713987091, 1.262177311864466, 54.43182704217213, 43.406549125219435, 67.59122326095499, 51.45690138918645, 93.70157476122156, 94.0676697039039, 81.34489664073861, 76.0983810857219, 92.6840483465236, 24.29643889880558, 45.639320978402324, 88.90792336444783, 65.13159629370075, 50.22132359569317, 20.59030481358839, 56.934394591975014, 82.3783088764784, 66.90873153427238, 70.93196817952034, 45.940756854507306, 66.20521336030436, 21.75254202603535, 24.61322878148697, 79.22563592257555, 58.285517536976876, 63.28351743357186, 36.32257541013098, 22.607341352668154, 86.5376709405337, 65.62030248039143, 46.625937729728555, 67.1057774699956, 66.61898349779014, 34.783639027847144, 41.56624416772118, 89.12007923814399, 51.6169109765853, 69.57436327524762, 82.83866324218833, 45.969240303196024, 30.639507503108938, 48.82487200892434, 105.71219992524034, 22.65760904919745, 45.18045170608145, 84.96705745613264, 78.10265527975344, 72.79923301115029, 55.716907756686076, 38.903958579353855, 94.7093340387727, 61.8572351003155, 75.5570206042877, 85.11113081945379, 64.70667464282614, 28.999637522039173, 30.968811633032402, 56.120704918540326, 55.861068907557566], [46.34567499274579, 67.32512841066251, 8.730769767786716, 66.20938610511125, 0.0, 22.12137788011282, 59.49943700747409, 62.87202292780221, 43.69419599096308, 22.33444353637354, 27.44910391993847, 63.247720796354564, 62.01196475963164, 56.728302021627954, 17.869596435446425, 67.240716188026, 69.6970502784704, 63.06803184543485, 47.79181862361533, 30.308985485811583, 38.765762206109656, 30.06793244620056, 15.145572417866488, 36.443106313544135, 49.273705379035185, 68.63982270884945, 37.63084888345138, 46.7458474654363, 25.853718343640377, 67.10670146395402, 64.94474946305816, 43.98474301428075, 39.783782380868516, 23.041247433069653, 29.571537119898345, 30.286679936672304, 25.441863893386824, 67.81379345901443, 57.438963796836234, 15.68514656535382, 18.23453411198535, 72.40694822826119, 65.0416569536248, 64.04969480902312, 35.640404594198976, 20.843287712383194, 24.079878359766095, 30.460586265894822, 9.098915800880828, 47.2393641647206, 29.60865605963462, 27.942503409192916, 28.247761123545644, 29.685634486094596, 30.248686980952066, 20.832804969286666, 35.800314292385785, 43.715725379560915, 47.513385195878556, 67.0142591950234, 31.579013713116428, 57.384514573642285, 27.92207322906664, 7.012592872922368, 36.629141599200906, 27.95866211568985, 48.60553810952686, 43.544036311038916, 32.18457566804415, 43.244711295916424, 24.141052660601428, 69.47263836333494, 54.994753635223525, 64.47416946735991, 59.35883198748161], [59.789534379379695, 62.549539125564806, 30.84926933718448, 64.15010511275656, 22.12137788011282, 0.0, 49.18798667912066, 60.34700612984807, 26.1695446472211, 44.418327209753144, 48.7950251878961, 42.13653248411921, 64.68367592193493, 46.43041238024291, 39.98875262599862, 64.88275068612533, 51.197625613894665, 46.96437101137298, 25.790389173285764, 46.3688880532649, 29.560013555573278, 33.561777605076784, 29.42454938728155, 58.15106045254983, 32.32594669051076, 74.16574959829279, 51.53009046717648, 28.970560428594457, 46.48970868396699, 49.40845413603954, 69.70996188789853, 61.27103173826745, 61.82616663761795, 2.810255632747575, 9.086254544535034, 18.61658121207664, 3.693284103270416, 58.537906334794506, 47.72321456141303, 21.66393056483598, 7.423291546907464, 52.34004218553755, 51.10276680830295, 54.504202144718896, 57.63255676962827, 41.890812103055566, 18.15438123901135, 8.482903399756557, 30.95870643447524, 35.179727733139416, 40.12011415118032, 47.94867661510261, 44.30164135420858, 8.524336429618701, 18.690079776079138, 29.4128392574592, 38.47415522474035, 26.17187837574898, 41.60405012553175, 57.42970467371373, 19.640322320987288, 35.98384391681637, 50.04326144475005, 22.494751390318058, 54.05257428020465, 27.548330591532334, 33.08670339534608, 62.10827323401873, 54.06013448998456, 24.994834914104594, 44.78093513208288, 76.32224908768714, 63.624462818258536, 45.207424148726695, 39.836339046395345], [57.878996131344806, 19.114239191359143, 65.39494413244121, 25.61501129838689, 59.49943700747409, 49.18798667912066, 0.0, 22.52800343523933, 26.953769914987586, 74.0714522407543, 84.06794942240097, 40.3295141699844, 36.169267949695666, 91.6696640663844, 71.58328158791917, 25.442018658803082, 29.084107262589136, 17.863768309268522, 44.85949089595417, 57.471338044381156, 77.26698047069017, 82.32901658685128, 73.50247856616973, 81.29142057351707, 72.55455469803256, 48.106721200291226, 55.017634853869694, 68.81299328561468, 68.49413376086143, 24.80928018764597, 43.62276204395317, 68.12064232805757, 87.22562632198398, 51.57857650662851, 53.57310256335074, 31.13634314317056, 50.03177792393742, 9.466585171560876, 2.4084619605855213, 68.64662920255994, 45.57926709810858, 37.78339927538878, 11.604549022971888, 5.468398939909398, 88.54546333102824, 67.01685575764394, 35.65984082961992, 49.26102633213773, 63.38322484655172, 14.087198748396494, 45.592927015283315, 86.44012263045768, 56.669849213401505, 52.09179941553901, 66.87013359034596, 43.829087203425516, 32.09957255402749, 26.986856607376232, 89.67894123519207, 8.274579393998515, 29.92879233614582, 61.822426799194645, 79.60840874470313, 64.74895102823267, 64.22955366467501, 32.914898884097646, 75.16688816324765, 72.20249411276961, 79.31820807256378, 65.37458213945304, 67.47302613221893, 52.48214131860255, 48.91298485647805, 30.510087054114987, 30.532043956493084], [43.63448925691102, 7.345057695958428, 66.15726224455737, 3.86541788866086, 62.87202292780221, 60.34700612984807, 22.52800343523933, 0.0, 45.004370507359546, 70.96822840331922, 82.40311848179121, 62.28856867254295, 14.781924149942384, 106.1666458955489, 69.80742552636643, 4.545761870670129, 51.54696492577019, 40.389719143912984, 63.82127088243403, 49.3798736601881, 89.89101198657177, 90.47528283615497, 77.98715317237433, 74.12576678855721, 88.8196969381753, 26.152233148845042, 44.00427799135968, 85.04378895176254, 62.83294830539765, 47.29696165219143, 22.029881380495997, 55.75925284432929, 80.39324504518265, 63.099786409858254, 67.08119228787001, 42.09769623730622, 62.37297602076297, 19.815471368229296, 21.326971409371623, 75.66939606690038, 54.5474089397266, 60.30669476229296, 33.5855612511191, 20.072192774708252, 84.1990976661702, 63.08016275425801, 42.90310371593158, 63.24613530970799, 63.58703606463293, 31.041238168781458, 39.056040399157276, 86.25842749861276, 49.405468959446445, 65.72071792202945, 79.03240572381408, 42.84256798245162, 27.545608770552743, 45.049025811351896, 101.92437190975232, 20.55099260388341, 41.328477535033535, 81.20445151826367, 75.65888548065519, 69.3924365886761, 54.07372680925585, 35.36825613742275, 90.84417991482897, 60.58068619391541, 73.38526318218068, 81.24592296202557, 62.327931895390066, 30.745628602544425, 30.874403430471116, 52.94167931872542, 52.47938669685226], [63.49622570760636, 44.410221347219824, 51.692907295197465, 48.780606261338306, 43.69419599096308, 26.1695446472211, 26.953769914987586, 45.004370507359546, 0.0, 63.704465709782944, 71.01204154788758, 23.12279468770355, 54.64866356955159, 64.91170346827312, 59.976582848307665, 49.084199843764594, 26.004538189659492, 20.809772728317345, 18.81887686316934, 55.733795630720344, 51.40412102738257, 59.47189867188728, 54.71416607189265, 74.95397707797237, 45.60136929790486, 66.20573441873648, 57.26804808773892, 41.86295172156881, 61.91110591893649, 23.605448585804027, 61.40795963961337, 69.81725578815829, 79.9215878466884, 27.87265043311038, 27.966749854534978, 14.870673539367626, 25.694652223255282, 36.2664258460336, 26.36156510716313, 47.69915405738217, 25.880758000105185, 29.447556457065904, 25.648026135730202, 32.38248275775257, 78.17957804500008, 58.595262712789946, 22.205441664414508, 23.56476774679145, 50.64410227473905, 14.059153167593905, 45.12053737991904, 71.54020536556654, 54.11479814263888, 26.4833032549248, 41.58702163895287, 37.42170919483985, 35.47587507242451, 0.04965032645627931, 63.79593750555641, 34.97203233056026, 13.873565782844443, 36.207759866465025, 69.6102833702511, 46.727465956606856, 63.756398956586544, 27.657243024300598, 48.251524872756136, 72.43373582350978, 71.70124259148393, 38.46495398661397, 60.42392245581039, 69.68971097074379, 60.82249775301189, 21.017506405159068, 16.293099679831844], [39.39952565598068, 76.93493276871234, 13.69394376447854, 73.55686368018839, 22.33444353637354, 44.418327209753144, 74.0714522407543, 70.96822840331922, 63.704465709782944, 0.0, 11.922358368427812, 84.69789046841738, 65.3388122740827, 73.7678232896725, 4.627835850534671, 74.75737666885077, 89.33018721649285, 81.34083732349299, 69.93502056086226, 24.046336167770107, 56.87397570483737, 42.18506551530326, 25.187297224360236, 14.854734206213552, 70.02273079962734, 68.25136143801029, 32.20525932916843, 67.89449074349206, 10.582749024489287, 86.27698563680823, 65.76994957986194, 31.26333938608721, 17.463137490719074, 45.368529185784865, 51.811981516670066, 49.141326378090646, 47.775146083278244, 81.00795727751137, 71.75852339568313, 32.644441886295056, 39.77517714506971, 93.04933365626279, 81.78260790951421, 77.7157370274505, 14.674650403863664, 7.996237064477777, 41.94475333693497, 52.79184158635954, 13.547399327521434, 64.03857667885933, 31.99616070838215, 17.3505060577252, 23.023794231748838, 51.98762141713523, 50.4342398609161, 30.252851789675233, 44.09157529520534, 63.733981899031164, 62.69862545663036, 80.49866335299747, 50.32384795671303, 79.6045759415372, 5.905878331640786, 24.62288151486317, 25.373102498301233, 41.2619959702131, 68.79024300656629, 28.474210941911725, 10.29398068416571, 64.66308308233405, 9.978877911406196, 67.54035340383413, 52.8107437924765, 84.72175342113428, 79.87462797821702], [50.99452278275991, 88.1641739318869, 19.380877890313823, 85.10644806201375, 27.44910391993847, 48.7950251878961, 84.06794942240097, 82.40311848179121, 71.01204154788758, 11.922358368427812, 0.0, 90.57999421457984, 77.20155782304408, 70.15811493097593, 12.68249213298765, 86.29151452728071, 96.9793954516156, 89.82342601934991, 74.55939507811685, 35.951967929039185, 54.716896630989936, 37.470138263734995, 22.997049140380284, 20.7875063178339, 69.82341520890894, 80.151543206994, 44.054862010219324, 68.26503170962101, 22.191353593510723, 94.23900007467432, 77.69219112708011, 41.90608181900918, 19.515800174065333, 49.08989900534027, 54.802890221142796, 57.08100803906016, 51.70587510798054, 91.46321571785582, 81.81861297986211, 32.116334067711996, 45.67482862641195, 99.85532963916019, 91.01268348028545, 88.01660137294716, 10.662665067722575, 19.861379420080073, 50.25218518109913, 56.66362920997082, 20.881741204135178, 73.12480552580989, 43.63429339193719, 6.408785086516513, 34.9454139677726, 55.29129237993415, 50.38791317172186, 40.66123004407596, 55.20099043780507, 71.03568990960623, 58.27456451515538, 90.86942926782065, 58.337263309418134, 81.97114231642215, 9.974462968201543, 26.587524149125564, 36.68329164753371, 51.16691813191076, 67.99063251744168, 38.414608786758606, 16.82369444556634, 65.50993483070368, 21.815452230178597, 79.37025160004416, 64.68358007042785, 91.88205972274176, 86.79523827765483], [86.48327015348616, 59.43632931117751, 71.800851730123, 65.67959501773096, 63.247720796354564, 42.13653248411921, 40.3295141699844, 62.28856867254295, 23.12279468770355, 84.69789046841738, 90.57999421457984, 0.0, 74.30665790161132, 65.48106444631938, 80.6220830644328, 65.62942194879778, 17.19629143394527, 23.865489064996854, 18.03871844143836, 78.73865940861987, 57.501088437298655, 71.20732183255114, 71.36049493810035, 96.92007357383451, 44.86524825468386, 86.25858099520893, 80.38555978163438, 41.9452854618573, 84.08173984794739, 19.27812075271397, 81.51191983333534, 92.92659488662633, 101.52952057726169, 42.50881690911305, 38.80345561586741, 37.51768860219166, 39.83237403298307, 47.47143246783259, 41.07898170332809, 62.884010351414396, 45.076613550104675, 12.194041323064155, 31.959815803264153, 44.61150436585204, 98.7548051058176, 80.38199942563757, 44.67158327588247, 35.406939049410965, 71.24271585498349, 33.075437057209825, 68.24213366962961, 90.06253099606037, 77.06780397262781, 37.707425807186695, 50.61961181500151, 60.27252075945418, 58.244010622990864, 23.077699425209612, 68.70704342816721, 46.127675014561724, 36.68935891051322, 27.3572543022243, 90.55908004861097, 64.60603185932005, 86.79020267433407, 50.77746535264085, 48.50225895520262, 95.46618158513064, 93.38279689352461, 40.263931466722575, 82.51965104022109, 90.1674270474134, 82.7943627071932, 11.287644217683745, 9.819517848687966], [32.1507331231816, 21.67685781336175, 63.356182978546656, 13.868886007988202, 62.01196475963164, 64.68367592193493, 36.169267949695666, 14.781924149942384, 54.64866356955159, 65.3388122740827, 77.20155782304408, 74.30665790161132, 0.0, 111.11251145984686, 65.11320717633913, 14.964466188652342, 65.17520999591925, 53.84055447965588, 73.16196180944195, 41.86024607326144, 93.89121904591528, 91.4117536946186, 76.98951654123273, 65.71804015397828, 95.44828857466742, 12.022182898041276, 34.87969379463605, 91.74263413374416, 55.96563475563629, 60.877595117112264, 7.454521076656237, 44.82498646369312, 71.96920208109601, 67.49342252155137, 72.54887413794806, 48.012811110884414, 67.33715520893351, 34.57392143926907, 34.53803397016782, 76.4491011144222, 57.94481224155668, 73.6731839178251, 47.63343944399133, 34.528491504851864, 77.21419229678179, 57.352167614686934, 46.53026952963918, 69.22282350563202, 60.586825648010254, 41.55918174236435, 34.0151624085207, 81.87177592801332, 42.475224878014735, 71.33580958619984, 83.0811469930156, 41.18022003502928, 26.91259857804616, 54.69704932008651, 105.34436173599791, 35.258638571905806, 47.59192270192531, 90.42687781256498, 69.25586202548646, 68.9440230461099, 44.72383794006252, 37.371303581859614, 96.99046662765568, 49.89721188479524, 65.79808892290872, 87.79038340069243, 55.83811357645019, 16.31313460247828, 17.55410427509909, 65.82430728530794, 64.6475748219749], [102.60597906995923, 107.53260519159846, 62.31248539608953, 110.01641416752292, 56.728302021627954, 46.43041238024291, 91.6696640663844, 106.1666458955489, 64.91170346827312, 73.7678232896725, 70.15811493097593, 65.48106444631938, 111.11251145984686, 0.0, 69.45762577837533, 110.65484822355714, 81.60845799147498, 83.0998442447856, 49.85046409280812, 86.97398566336791, 18.079526068115396, 32.74231797045773, 48.61023337189742, 88.40279914815575, 20.660641425739193, 120.39891679755759, 93.91044605094115, 23.910623085349098, 81.14137669502956, 82.07490672427662, 116.02037954468958, 100.62130206488833, 89.1587781054431, 43.62026841971089, 39.08585517172681, 64.084025739113, 43.936306498050364, 101.08588337453264, 90.77370690895849, 41.838561630844055, 53.297569689587185, 77.58892728889259, 89.74195466659766, 97.13561666377092, 80.7996277472504, 75.99817360618613, 64.5822889967296, 43.017963990068964, 64.35563588914658, 77.88282373070138, 84.11474988874251, 65.18384217279265, 84.88988433536854, 40.456960152639454, 28.299169908591434, 73.5787005857253, 84.71747503754226, 64.88429012910565, 12.472281970379726, 99.81659917519424, 64.83882362786355, 39.28554298598571, 77.26622707178915, 50.929502916991744, 93.30017245656283, 73.87384703409452, 17.205303829313674, 99.76468692295022, 83.79625497284529, 26.66917735921689, 79.54612558787119, 122.3176384084588, 108.96830538129662, 74.84952199098727, 70.1649401067186], [40.97395177391363, 75.5034634573733, 9.161456562511486, 72.5710713987091, 17.869596435446425, 39.98875262599862, 71.58328158791917, 69.80742552636643, 59.976582848307665, 4.627835850534671, 12.68249213298765, 80.6220830644328, 65.11320717633913, 69.45762577837533, 0.0, 73.7454281044287, 85.75396351685644, 78.07143492091593, 65.59944757811166, 24.889970835150798, 52.417263891643266, 38.228124865596484, 21.003292776607413, 19.430213434925818, 65.40973157882749, 68.82506118581534, 33.231076497548386, 63.26920862580421, 12.956675714579811, 82.808451973207, 66.06816318568725, 33.991505348227385, 22.028901149943334, 40.864007419923006, 47.2557558874292, 45.592668506879775, 43.29988108982164, 78.8479873303692, 69.31047880900414, 28.12812640890026, 35.591609510163, 89.21558027259427, 78.85986960554658, 75.438949258006, 18.216367154594913, 8.703855932029127, 38.51435749770126, 48.32174857371319, 9.391171720086659, 61.02131675697657, 31.26052565718345, 16.7587594703318, 23.533612511097335, 47.457626045746096, 45.830741546965335, 28.010988988181523, 42.5339958190691, 60.004300483154665, 58.55665998022178, 78.27456529382238, 46.806890887486254, 75.03299916112064, 10.058559620420253, 20.001126143034526, 27.56224331420381, 38.669523321644036, 64.20384152433782, 31.706639688784016, 14.899528881187182, 60.03528517759098, 11.813510117752829, 68.42919095069132, 53.587212798295944, 80.98218917477023, 76.05757895871858], [45.80453619916726, 7.3397376124928515, 70.34042514301716, 1.262177311864466, 67.240716188026, 64.88275068612533, 25.442018658803082, 4.545761870670129, 49.084199843764594, 74.75737666885077, 86.29151452728071, 65.62942194879778, 14.964466188652342, 110.65484822355714, 73.7454281044287, 0.0, 54.11208933080669, 43.16100192677595, 67.87866162454371, 52.70288316921571, 94.42221234830947, 94.98360488363902, 82.37001703066254, 77.35154293171951, 93.19892282040303, 25.12960311858998, 46.90058772188721, 89.42056225707921, 66.36284357600032, 49.92370725900463, 21.545000717407202, 58.190938989613706, 83.63115520001281, 67.63264901831998, 71.56927410237007, 46.6022185046113, 66.88867007344284, 21.14235500279919, 24.55133641216243, 80.16154363951973, 59.092872253773635, 63.00148155259893, 35.95916701508454, 22.203794283084207, 87.7668830722474, 66.82623643702769, 47.44701319770871, 67.70899946871266, 67.73935207783703, 35.054149148855295, 42.77157321797823, 90.27841461601646, 52.85374420940256, 70.20226821037218, 83.5661118607666, 47.06230713940021, 31.73504253290362, 49.1278889634506, 106.46472628395583, 22.098412521996245, 45.81718397206848, 85.2404422009606, 79.32088575335179, 73.80462771926608, 56.97838265078618, 39.846492253149684, 95.26332032862064, 63.116317662299245, 76.79892437448252, 85.64131048954181, 65.93045178144091, 29.850470867609083, 32.15735220451022, 55.94815677979513, 55.81011910847151], [83.24991288186828, 47.20427431655575, 77.63043172574902, 54.43182704217213, 69.6970502784704, 51.197625613894665, 29.084107262589136, 51.54696492577019, 26.004538189659492, 89.33018721649285, 96.9793954516156, 17.19629143394527, 65.17520999591925, 81.60845799147498, 85.75396351685644, 54.11208933080669, 0.0, 11.37122156823733, 32.126609500180436, 78.7268482757613, 71.84100893605007, 83.29249927242205, 80.37174935652719, 99.82632174011884, 60.958008747407696, 77.15333149135978, 78.5674390041524, 57.75836526739053, 86.67455337899572, 4.304137791772105, 72.61682663272808, 91.67645445293374, 105.08371650794831, 52.39600815401281, 50.532555936468775, 40.19014772529395, 49.901931010279625, 33.90057156465489, 30.63860980933574, 72.8477668797027, 51.81842681997454, 9.051905060503833, 18.202522638847313, 31.96268390315767, 103.90735215199786, 83.77308823794358, 47.4143112917125, 46.45096132360073, 76.48203109344486, 28.09313980746555, 67.20763101902087, 97.53772557739457, 77.37936061875287, 49.19195505113295, 63.61701275776988, 61.43702451579286, 55.10078076690799, 25.9837161744057, 83.6440693615162, 32.66996711984804, 39.00849315139852, 44.39566601693316, 95.22494514172112, 72.60013697686092, 86.43665853496597, 50.541599509180394, 64.43972058392076, 94.9882358380685, 96.85745847434336, 55.544190995710345, 85.28904033812564, 81.47157160615815, 76.63985989728803, 6.789993594403914, 11.955529736823125], [72.42677733822069, 36.461071204505814, 70.46578867016223, 43.406549125219435, 63.06803184543485, 46.96437101137298, 17.863768309268522, 40.389719143912984, 20.809772728317345, 81.34083732349299, 89.82342601934991, 23.865489064996854, 53.84055447965588, 83.0998442447856, 78.07143492091593, 43.16100192677595, 11.37122156823733, 0.0, 33.47952805283065, 68.8854312862143, 71.19291775836088, 80.25849482675056, 75.09128042345552, 90.91496695893261, 62.80771464545287, 65.83299050953734, 68.14322807714467, 59.288974020199916, 77.76718934931445, 7.068424721855539, 61.275416216898364, 81.31938389721819, 96.41110870179958, 48.676319470739685, 48.30977392377462, 32.811586409037744, 46.45726508265007, 23.765773528748866, 19.306539431540656, 68.40643261103934, 46.03797808351469, 19.92014928186288, 8.094336948662454, 21.26836127650265, 96.0100919877231, 75.2628776904783, 39.59532184160989, 43.9550364317634, 69.0194824599065, 17.96321734987681, 57.15924956235171, 90.9962573318398, 67.67141006488308, 46.85563520865762, 61.88907463461922, 52.350343480437665, 44.573541948659205, 20.810065795744794, 83.43608487695434, 22.448110742309694, 31.53323852822582, 48.70148481082647, 87.17781532175985, 66.8355549154422, 76.40031312872888, 41.17376332095567, 65.962286069958, 84.84538028387547, 88.22658876921173, 56.45970655676346, 76.47652640743419, 70.12635055761857, 65.35749875908066, 13.074670362903769, 14.691130228999622], [78.42628893956957, 63.012325470591385, 56.51474352108403, 67.59122326095499, 47.79181862361533, 25.790389173285764, 44.85949089595417, 63.82127088243403, 18.81887686316934, 69.93502056086226, 74.55939507811685, 18.03871844143836, 73.16196180944195, 49.85046409280812, 65.59944757811166, 67.87866162454371, 32.126609500180436, 33.47952805283065, 0.0, 67.94846264804269, 39.903454553981675, 53.177721113920256, 54.204010403729534, 83.16747503381684, 29.37712045378551, 84.5147257788805, 71.20638024660609, 25.945904098451514, 70.87764977674327, 32.26042019122018, 79.7285483217936, 82.76268001292809, 87.21682327925791, 25.572531733530813, 21.027931343802386, 27.975489392706187, 22.910714849703847, 53.77571175361515, 44.62261965307601, 45.416909039275524, 30.389107686777603, 29.86207165739482, 40.618833725387304, 50.111274555547205, 83.39398495362138, 66.6538748323378, 33.82580395738702, 18.093848800281396, 56.39409336446425, 32.825490641685064, 58.93338953472427, 73.44622221106647, 66.05531909629804, 20.062911012299644, 32.591658675532116, 49.40500983943348, 51.79335809790125, 18.773870355438753, 51.5422375764905, 52.42863950278638, 27.71295834168864, 17.39100470003944, 75.65468640300084, 48.104930007660485, 76.00909550497346, 42.152195581659456, 32.64949522912785, 84.53401006790632, 79.27571035885919, 23.462444482496494, 69.21956298937964, 87.79262852596635, 77.89640408380673, 25.33966696653868, 20.393640974934417], [16.57238766927705, 56.018318528782736, 26.748435138991702, 51.45690138918645, 30.308985485811583, 46.3688880532649, 57.471338044381156, 49.3798736601881, 55.733795630720344, 24.046336167770107, 35.951967929039185, 78.73865940861987, 41.86024607326144, 86.97398566336791, 24.889970835150798, 52.70288316921571, 78.7268482757613, 68.8854312862143, 67.94846264804269, 0.0, 68.94432950949233, 59.26559750510399, 42.22048470114105, 24.7794744935318, 77.7206107891552, 44.205057841696714, 8.354356411126751, 74.72278172665628, 14.132559617123228, 74.99327152690151, 41.7917151501617, 14.95774321752129, 31.029331747262383, 48.515189511960074, 55.37751302115922, 41.28359057269249, 50.04915537011875, 62.65790341962729, 55.06301703867894, 45.80186173144558, 39.32185905473477, 84.41644952297149, 67.17537060973385, 59.9800567093253, 35.37622611600538, 16.334902550058402, 34.41243082039706, 54.39258112180446, 24.06777534208591, 50.93709536109101, 11.90589645111491, 41.24672840659295, 2.1108634943055637, 54.892505058602346, 59.77616074470963, 18.629693195135925, 25.37573498016166, 55.77609320043544, 77.76015593031127, 62.4393203649252, 42.05676114462175, 81.71576291374481, 27.45545179165067, 36.66851861055502, 8.09190661770344, 28.34923429531034, 77.64148298495824, 16.741735405940513, 24.128142095617726, 70.88761513092895, 14.175806765715215, 43.58631156993259, 28.7932289316122, 75.60632502547982, 71.6482946113748], [84.52713206155137, 91.87081137197825, 44.77310145482999, 93.70157476122156, 38.765762206109656, 29.560013555573278, 77.26698047069017, 89.89101198657177, 51.40412102738257, 56.87397570483737, 54.716896630989936, 57.501088437298655, 93.89121904591528, 18.079526068115396, 52.417263891643266, 94.42221234830947, 71.84100893605007, 71.19291775836088, 39.903454553981675, 68.94432950949233, 0.0, 19.241728753174577, 32.11901710960084, 71.68182502807142, 17.5393710359384, 102.81946562543637, 75.83330712091076, 18.000106204494646, 63.61763606280609, 71.4681634449426, 98.5233895742682, 82.7320936083148, 73.0187620158477, 26.792955999829484, 23.69621433949596, 47.934703564939, 27.658123881149365, 86.731606577971, 76.09190119263184, 24.356590867440175, 35.9507201722868, 69.60268802663774, 76.98241738491305, 82.71029266724138, 65.34785427797588, 58.462647255137924, 47.50012828402832, 28.040421323117158, 46.66350317468733, 63.2112944047713, 66.09015536955093, 50.485851123818705, 66.85480977930331, 25.180936583002186, 10.875319003204597, 55.60919081203038, 67.23736146264338, 51.38587228645073, 12.421857840187743, 85.53080153272151, 48.83798769835382, 35.754551086282156, 60.85312600804019, 33.239418228428974, 75.38754710968387, 56.52670053871766, 14.502892505909218, 82.0496794823722, 67.0784073302283, 17.843847977395452, 61.98536242957377, 104.58715941572426, 91.05784807464502, 65.09420995207341, 59.923337214480135], [75.73645712887951, 93.88707240512232, 32.71175178187398, 94.0676697039039, 30.06793244620056, 33.561777605076784, 82.32901658685128, 90.47528283615497, 59.47189867188728, 42.18506551530326, 37.470138263734995, 71.20732183255114, 91.4117536946186, 32.74231797045773, 38.228124865596484, 94.98360488363902, 83.29249927242205, 80.25849482675056, 53.177721113920256, 59.26559750510399, 19.241728753174577, 0.0, 17.40963167920361, 56.39370904196237, 36.52677507529198, 98.59636666429063, 67.1122429417017, 36.3157080702185, 50.76637023818534, 82.0534208964569, 94.78443100364657, 71.36587631507952, 56.66631784843007, 31.612913636665514, 32.81015717622509, 51.22008375649967, 33.806128238670446, 91.52099023596934, 80.69469744662159, 14.969291616882321, 36.89741130337122, 82.77825985085309, 84.65904248611595, 87.51622182117552, 48.08759366839195, 45.79838114907436, 47.99101312452588, 36.84351283214224, 35.25766377828198, 68.49440458576731, 59.67489453861567, 32.45179430198426, 57.328144729750704, 34.113794705485766, 20.852638322581832, 50.46818827628162, 64.6500510271291, 59.468964509434294, 20.830861440302844, 90.48254445406381, 52.407117273731075, 53.30922431356126, 45.05445542512127, 23.098389457191406, 64.33846954426643, 55.18447938407424, 33.71020688378513, 69.6901318455401, 51.82872204007922, 35.017521742479246, 49.32849004664974, 99.52723315537578, 85.05907218377568, 76.84878881149461, 71.45027009029701], [58.77526864283003, 82.31174194142791, 15.484736295116141, 81.34489664073861, 15.145572417866488, 29.42454938728155, 73.50247856616973, 77.98715317237433, 54.71416607189265, 25.187297224360236, 22.997049140380284, 71.36049493810035, 76.98951654123273, 48.61023337189742, 21.003292776607413, 82.37001703066254, 80.37174935652719, 75.09128042345552, 54.204010403729534, 42.22048470114105, 32.11901710960084, 17.40963167920361, 0.0, 39.799220776884695, 46.82642668964158, 83.15257222750299, 50.25611308807431, 45.31445766980792, 33.371740287823954, 78.29542646489077, 79.62986375154534, 53.97221793451222, 40.900592242718965, 28.852239681476675, 33.46015161698639, 43.0515343674268, 31.530940736412447, 82.1371191848328, 71.55736816835957, 9.341924508656087, 29.063220559435315, 81.76366719180778, 78.00531837616795, 78.280762720165, 33.472730991066015, 28.38911736066929, 37.849050539116654, 36.13140976086306, 18.160316153383647, 60.55847614080284, 43.92278175534079, 19.945413606057695, 40.35174119344314, 34.22717488798984, 27.439268296837582, 35.868930203760655, 50.93873885560442, 54.72575287187111, 37.554130983315495, 81.26451227756719, 44.34745079167557, 59.63886801681213, 28.77473108226746, 8.794980436657607, 46.98795829984184, 42.896831308169475, 45.03127962774711, 52.29211048111178, 35.190841049696054, 42.67396185023026, 31.921761883160816, 83.69009970569863, 68.98623087136492, 74.54760702923194, 69.20492610558632], [35.331413793888196, 80.79765359130978, 28.142257507212527, 76.0983810857219, 36.443106313544135, 58.15106045254983, 81.29142057351707, 74.12576678855721, 74.95397707797237, 14.854734206213552, 20.7875063178339, 96.92007357383451, 65.71804015397828, 88.40279914815575, 19.430213434925818, 77.35154293171951, 99.82632174011884, 90.91496695893261, 83.16747503381684, 24.7794744935318, 71.68182502807142, 56.39370904196237, 39.799220776884695, 0.0, 84.82223710458462, 65.96669123869762, 30.840463400059217, 82.62938919475432, 13.160373017239666, 96.44505441125746, 64.45741526751733, 23.85075396479726, 6.281960454362193, 59.369517948617535, 66.00055488353777, 60.096745814068115, 61.6502025137048, 87.07771231310102, 78.89810331062085, 47.49408874480454, 52.77874987701392, 104.38503699196782, 90.24599840469399, 84.20964031608966, 13.738929169220532, 16.56981199050343, 52.756047364024866, 66.61885329888487, 27.35387366441644, 73.08323924368383, 36.06397105178246, 27.178118676924313, 25.02225376159285, 66.05989873314934, 65.25707297040476, 38.56463600059688, 49.51368192635443, 74.98879084453067, 77.10656967987595, 86.77862870205009, 61.159400848863335, 93.80623880251325, 11.436992685089562, 39.40390749166872, 21.150850512151738, 49.777748203175534, 83.63367458706858, 19.354729568324306, 4.609686365658641, 79.33042383334657, 14.550791940076984, 64.25057622190866, 50.48890587100817, 95.7972426518645, 91.24702465240487], [91.92354289141663, 89.39718252343859, 56.827525833023, 92.6840483465236, 49.273705379035185, 32.32594669051076, 72.55455469803256, 88.8196969381753, 45.60136929790486, 70.02273079962734, 69.82341520890894, 44.86524825468386, 95.44828857466742, 20.660641425739193, 65.40973157882749, 93.19892282040303, 60.958008747407696, 62.80771464545287, 29.37712045378551, 77.7206107891552, 17.5393710359384, 36.52677507529198, 46.82642668964158, 84.82223710458462, 0.0, 105.6445876271605, 83.51375651563816, 3.7814409477447266, 75.11565681220311, 61.50126852461697, 101.0487116950955, 92.34608482781802, 87.00847386329379, 29.758660053446864, 23.43673678483185, 47.45976692356543, 28.972039479404838, 81.84634979014353, 71.88611374375947, 37.864000604242804, 39.7470929319961, 57.00701665940753, 69.71205210707735, 77.98200890038, 80.24503061570421, 70.05835908886239, 49.67619410704626, 26.272102556823057, 58.128468446903995, 59.176218950469355, 72.3818469228142, 66.2960643350958, 75.61471578046987, 24.434296822442583, 19.625907003286844, 61.64417951367572, 70.21259123522529, 45.56863215360366, 25.34003973800805, 80.53980686405275, 47.966518808394575, 19.560531338636572, 74.68974218381237, 45.418334306964006, 84.99183911322609, 59.28376177611367, 3.8093285228912457, 92.50931076874768, 80.30924983404911, 7.6579180286251205, 73.40757466071042, 108.10677871476267, 95.82680793424886, 54.20680435297519, 49.58199908449124], [30.68345529156326, 32.3833863479624, 68.59704192877949, 24.29643889880558, 68.63982270884945, 74.16574959829279, 48.106721200291226, 26.152233148845042, 66.20573441873648, 68.25136143801029, 80.151543206994, 86.25858099520893, 12.022182898041276, 120.39891679755759, 68.82506118581534, 25.12960311858998, 77.15333149135978, 65.83299050953734, 84.5147257788805, 44.205057841696714, 102.81946562543637, 98.59636666429063, 83.15257222750299, 65.96669123869762, 105.6445876271605, 0.0, 36.167797602380034, 101.99487251422791, 58.11676106068796, 72.85963993664475, 4.7980405250309, 43.042885670256155, 72.01449533625423, 76.95446931198629, 82.43571697003543, 58.50336304868059, 77.06781557162593, 45.88041069805079, 46.52651394124409, 83.7731688374334, 67.11303339755816, 85.68336278031114, 59.49955687363939, 46.18998237312185, 78.55736523535721, 60.474578247749804, 56.12651411992921, 79.37530477492768, 65.77337028304473, 53.3947834293251, 39.232900283333635, 85.39908965578512, 45.33807654367209, 81.30399887262624, 92.15150613610845, 48.19759733083207, 35.701604666558765, 66.2546592983785, 113.852838760067, 46.677039920107575, 58.21886110742496, 101.66109405745212, 71.35503772788687, 75.65229614544647, 44.921477955536616, 46.61861520281722, 106.