instance_id,num_cities,city_coordinates,distance_matrix,best_route,total_distance
1179,25,"[[94.89912164925119, 52.04400038180405], [34.54325424759496, 14.9672219874044], [64.7027757199904, 93.9876687283106], [57.385454335698704, 14.073757769791284], [92.13244992504184, 76.55127243725006], [40.615699046536754, 74.3476164203676], [38.93557954607416, 95.24588265912112], [43.137174114926815, 32.89284516438977], [60.48075661700929, 41.84528820012211], [12.261446829308165, 23.574726652124202], [83.36609218489312, 98.9819343442281], [55.131715182242736, 93.24431114199562], [33.38627167495092, 12.240957610740978], [35.16015068799951, 18.478491682931832], [13.434540329538624, 88.98372420610424], [21.658248385944745, 66.83104434082594], [35.16493603049754, 68.50255910166352], [28.286962554692106, 46.08400028623042], [44.50387418742496, 98.70229759842371], [39.49954751311239, 99.31392738063914], [67.9349454245684, 93.59824408205272], [78.00512344099984, 89.90941058647017], [26.601529393246203, 10.160282360879203], [3.8330713965448626, 99.57100817319264], [11.338466067960063, 79.22703855027227]]","[[0.0, 70.83444237031678, 51.68259496040539, 53.37616096467603, 24.66294499911121, 58.68680650589668, 70.69880251487454, 55.191176456999386, 35.89759855000664, 87.40414661983769, 48.33405024707356, 57.26178676786661, 73.2674069815211, 68.52290146894931, 89.44842763185741, 74.71868698938547, 61.96012497300806, 66.87825760572778, 68.67807267165497, 72.82553681876117, 49.53606735476086, 41.46319410547182, 80.11745716898318, 102.72215913925848, 87.87093219741986], [70.83444237031678, 0.0, 84.58030349068437, 22.859667171092443, 84.31554262758677, 59.69008149475491, 80.39873059179664, 19.879220934669352, 37.352168243605504, 23.886566902315487, 97.17068177517076, 80.93940579330528, 2.9616087055629112, 3.5650492413027215, 76.96765816864344, 53.44042893879154, 53.538946647992276, 31.739487668281214, 84.3254222472017, 84.49219818200346, 85.42741173246112, 86.63293661075203, 9.283192459237231, 90.0050885656778, 68.32119890015946], [51.68259496040539, 84.58030349068437, 0.0, 80.24821715731238, 32.5025374796211, 31.079236112420325, 25.7978972197497, 64.78929416882805, 52.31303176506163, 87.79564560754186, 19.319991472861595, 9.599884390885267, 87.53998060396378, 81.08268934767254, 51.51185708972344, 50.89512335709905, 39.01249525734542, 60.17368942236017, 20.741826064866576, 25.759886321167567, 3.2555448936091946, 13.913469889360194, 92.08005037382343, 61.125236881180754, 55.36809322968052], [53.37616096467603, 22.859667171092443, 80.24821715731238, 0.0, 71.48981425006193, 62.56326980815523, 83.24248758177391, 23.60448134603205, 27.94349295731437, 46.113387027411555, 88.79409885936528, 79.20262534432098, 24.06906572359949, 22.65757716698768, 86.85151647188673, 63.71628152453977, 58.789844770812216, 43.25942498335543, 85.60329935605768, 87.09645330409471, 80.22116731551091, 78.58891138159356, 31.031682594385835, 100.88427798722499, 79.78267434092099], [24.66294499911121, 84.31554262758677, 32.5025374796211, 71.48981425006193, 0.0, 51.563860609138814, 56.386128342566444, 65.6246548459409, 46.97164071153494, 95.84305681082085, 24.082849117440833, 40.592017844708266, 87.10298532241114, 81.3528779140247, 79.67387797570093, 71.141379778718, 57.533289717202386, 70.7424973398719, 52.52760362404566, 57.34423141324229, 29.599298409069398, 19.442767508777248, 93.28486002061261, 91.25069030901314, 80.83828023770661], [58.68680650589668, 59.69008149475491, 31.079236112420325, 62.56326980815523, 51.563860609138814, 0.0, 20.965694200804798, 41.531384474948084, 38.09228074052215, 58.15367532853283, 49.34010268592741, 23.82855001577899, 62.52600809756214, 56.13485643358764, 30.87120082397742, 20.393229057109266, 7.992215745083274, 30.835527244774028, 24.66309796459037, 24.99124801226502, 33.42047109231752, 40.4986233620035, 65.69939729354881, 44.60023753697317, 29.681056773701002], [70.69880251487454, 80.39873059179664, 25.7978972197497, 83.24248758177391, 56.386128342566444, 20.965694200804798, 0.0, 62.4944372063657, 57.583141140375666, 76.4739430104852, 44.58731361656634, 16.319347354699506, 83.19021817579105, 76.86017291389275, 26.258667704473776, 33.255213255542884, 27.007834186036217, 50.301925631879065, 6.553831661366517, 4.1069511470330236, 29.04613458337305, 39.43231155207247, 85.97492757359358, 35.36796275021002, 31.909309596221416], [55.191176456999386, 19.879220934669352, 64.78929416882805, 23.60448134603205, 65.6246548459409, 41.531384474948084, 62.4944372063657, 0.0, 19.517840308665658, 32.25116847533624, 77.37010764953533, 61.531849160102816, 22.838138232405935, 16.47441923231789, 63.46993906930373, 40.163984038072975, 36.49120862302718, 19.862914107255044, 65.82364239963891, 66.52061703015079, 65.57495649772005, 66.83309526526489, 28.110442151933437, 77.40019323442034, 56.19622149376759], [35.89759855000664, 37.352168243605504, 52.31303176506163, 27.94349295731437, 46.97164071153494, 38.09228074052215, 57.583141140375666, 19.517840308665658, 0.0, 51.56467061546568, 61.54945098578402, 51.67660789612732, 40.13137804662077, 34.45490188765571, 66.59863824476851, 46.167901785480716, 36.76276463878388, 32.47163464126513, 59.05912537353831, 61.17888217940814, 52.287028728890256, 51.159195589372054, 46.386869179889985, 80.87780280921446, 61.74431131406459], [87.40414661983769, 23.886566902315487, 87.79564560754186, 46.113387027411555, 95.84305681082085, 58.15367532853283, 76.4739430104852, 32.25116847533624, 51.56467061546568, 0.0, 103.64418730958143, 81.8028783823892, 23.973163025402016, 23.45894817056522, 65.41951627287419, 44.265210939073796, 50.42895940035722, 27.631224254448032, 81.75405823709735, 80.48813984591354, 89.45854592545055, 93.39443937993457, 19.636325613094606, 76.46222804408133, 55.65996508348323], [48.33405024707356, 97.17068177517076, 19.319991472861595, 88.79409885936528, 24.082849117440833, 49.34010268592741, 44.58731361656634, 77.37010764953533, 61.54945098578402, 103.64418730958143, 0.0, 28.81146238458904, 100.10983719338171, 93.83292106676923, 70.64266523046973, 69.58115919073407, 57.029323771174816, 76.3668903938399, 38.863224060702194, 43.86780095716629, 16.343329256235467, 10.538058322484394, 105.41110686250273, 79.53520229241771, 74.68758151038732], [57.26178676786661, 80.93940579330528, 9.599884390885267, 79.20262534432098, 40.592017844708266, 23.82855001577899, 16.319347354699506, 61.531849160102816, 51.67660789612732, 81.8028783823892, 28.81146238458904, 0.0, 83.87137531147468, 77.38728027094012, 41.91428147702484, 42.63957835711602, 31.79349876499666, 54.26541867199397, 11.947410613588271, 16.76916537339319, 12.808121375286067, 23.115241012955533, 87.84604339215308, 51.68730936677277, 45.98187250315388], [73.2674069815211, 2.9616087055629112, 87.53998060396378, 24.06906572359949, 87.10298532241114, 62.52600809756214, 83.19021817579105, 22.838138232405935, 40.13137804662077, 23.973163025402016, 100.10983719338171, 83.87137531147468, 0.0, 6.484865307365764, 79.29390776339574, 55.83568840325755, 56.28970997627426, 34.22505647970438, 87.17318623344586, 87.28730839029835, 88.38902035791884, 89.57248752024086, 7.096614497388108, 92.19506157021613, 70.52120795704718], [68.52290146894931, 3.5650492413027215, 81.08268934767254, 22.65757716698768, 81.3528779140247, 56.13485643358764, 76.86017291389275, 16.47441923231789, 34.45490188765571, 23.45894817056522, 93.83292106676923, 77.38728027094012, 6.484865307365764, 0.0, 73.77662203296022, 50.20229789868841, 50.02406764761654, 28.44828325861914, 80.76610801815465, 80.9518253607908, 81.95830873394992, 83.2950650735637, 11.934932123497312, 86.93320497747858, 65.25226896154709], [89.44842763185741, 76.96765816864344, 51.51185708972344, 86.85151647188673, 79.67387797570093, 30.87120082397742, 26.258667704473776, 63.46993906930373, 66.59863824476851, 65.41951627287419, 70.64266523046973, 41.91428147702484, 79.29390776339574, 73.77662203296022, 0.0, 23.629866682029878, 29.861149029392926, 45.39802593016162, 32.55386574824413, 28.037433853812708, 54.695410677751305, 64.57721810847008, 79.91560914697058, 14.292613038594844, 9.979300691770415], [74.71868698938547, 53.44042893879154, 50.89512335709905, 63.71628152453977, 71.141379778718, 20.393229057109266, 33.255213255542884, 40.163984038072975, 46.167901785480716, 44.265210939073796, 69.58115919073407, 42.63957835711602, 55.83568840325755, 50.20229789868841, 23.629866682029878, 0.0, 13.609723462407791, 21.780259147546417, 39.2135104584019, 37.060081558507896, 53.46041218314062, 60.88991145533126, 56.88594985147848, 37.27790453402807, 16.12943208954414], [61.96012497300806, 53.538946647992276, 39.01249525734542, 58.789844770812216, 57.533289717202386, 7.992215745083274, 27.007834186036217, 36.49120862302718, 36.76276463878388, 50.42895940035722, 57.029323771174816, 31.79349876499666, 56.28970997627426, 50.02406764761654, 29.861149029392926, 13.609723462407791, 0.0, 23.449910415498742, 31.610757206552556, 31.114775781417446, 41.27550024315179, 47.890864972972956, 58.96739089134929, 44.12407811105557, 26.128818004634887], [66.87825760572778, 31.739487668281214, 60.17368942236017, 43.25942498335543, 70.7424973398719, 30.835527244774028, 50.301925631879065, 19.862914107255044, 32.47163464126513, 27.631224254448032, 76.3668903938399, 54.26541867199397, 34.22505647970438, 28.44828325861914, 45.39802593016162, 21.780259147546417, 23.449910415498742, 0.0, 55.06063416759958, 54.39804408180372, 61.8834865625624, 66.27640688737691, 35.963233927469616, 58.81201242496698, 37.22515975160497], [68.67807267165497, 84.3254222472017, 20.741826064866576, 85.60329935605768, 52.52760362404566, 24.66309796459037, 6.553831661366517, 65.82364239963891, 59.05912537353831, 81.75405823709735, 38.863224060702194, 11.947410613588271, 87.17318623344586, 80.76610801815465, 32.55386574824413, 39.2135104584019, 31.610757206552556, 55.06063416759958, 0.0, 5.041564881436043, 23.980543397055655, 34.63594323178066, 90.33372798382243, 40.680079372063375, 38.46075936228083], [72.82553681876117, 84.49219818200346, 25.759886321167567, 87.09645330409471, 57.34423141324229, 24.99124801226502, 4.1069511470330236, 66.52061703015079, 61.17888217940814, 80.48813984591354, 43.86780095716629, 16.76916537339319, 87.28730839029835, 80.9518253607908, 28.037433853812708, 37.060081558507896, 31.114775781417446, 54.39804408180372, 5.041564881436043, 0.0, 29.004152977678498, 39.63741053184619, 90.08180333302482, 35.667402612295476, 34.59088913347011], [49.53606735476086, 85.42741173246112, 3.2555448936091946, 80.22116731551091, 29.599298409069398, 33.42047109231752, 29.04613458337305, 65.57495649772005, 52.287028728890256, 89.45854592545055, 16.343329256235467, 12.808121375286067, 88.38902035791884, 81.95830873394992, 54.695410677751305, 53.46041218314062, 41.27550024315179, 61.8834865625624, 23.980543397055655, 29.004152977678498, 0.0, 10.72455023955554, 93.11468593622801, 64.3795321883672, 58.392576788489734], [41.46319410547182, 86.63293661075203, 13.913469889360194, 78.58891138159356, 19.442767508777248, 40.4986233620035, 39.43231155207247, 66.83309526526489, 51.159195589372054, 93.39443937993457, 10.538058322484394, 23.115241012955533, 89.57248752024086, 83.2950650735637, 64.57721810847008, 60.88991145533126, 47.890864972972956, 66.27640688737691, 34.63594323178066, 39.63741053184619, 10.72455023955554, 0.0, 94.88020306559216, 74.79866156832686, 67.517081376597], [80.11745716898318, 9.283192459237231, 92.08005037382343, 31.031682594385835, 93.28486002061261, 65.69939729354881, 85.97492757359358, 28.110442151933437, 46.386869179889985, 19.636325613094606, 105.41110686250273, 87.84604339215308, 7.096614497388108, 11.934932123497312, 79.91560914697058, 56.88594985147848, 58.96739089134929, 35.963233927469616, 90.33372798382243, 90.08180333302482, 93.11468593622801, 94.88020306559216, 0.0, 92.26418898918607, 70.73314578467976], [102.72215913925848, 90.0050885656778, 61.125236881180754, 100.88427798722499, 91.25069030901314, 44.60023753697317, 35.36796275021002, 77.40019323442034, 80.87780280921446, 76.46222804408133, 79.53520229241771, 51.68730936677277, 92.19506157021613, 86.93320497747858, 14.292613038594844, 37.27790453402807, 44.12407811105557, 58.81201242496698, 40.680079372063375, 35.667402612295476, 64.3795321883672, 74.79866156832686, 92.26418898918607, 0.0, 21.68428115460631], [87.87093219741986, 68.32119890015946, 55.36809322968052, 79.78267434092099, 80.83828023770661, 29.681056773701002, 31.909309596221416, 56.19622149376759, 61.74431131406459, 55.65996508348323, 74.68758151038732, 45.98187250315388, 70.52120795704718, 65.25226896154709, 9.979300691770415, 16.12943208954414, 26.128818004634887, 37.22515975160497, 38.46075936228083, 34.59088913347011, 58.392576788489734, 67.517081376597, 70.73314578467976, 21.68428115460631, 0.0]]",Route_4,1300.962437692188
