instance_id,num_cities,city_coordinates,distance_matrix,best_route,total_distance
155,43,"[[51.86538129617563, 14.29079437286962], [98.6613405674687, 76.90182151390884], [86.41577028097932, 54.495774484011406], [2.4258174612556527, 10.909810663758424], [66.95832934090662, 70.0694419110049], [51.92920683354539, 88.71239218841494], [32.02641093516503, 39.48266691915532], [12.984682988793473, 18.834049095621786], [34.21880012082358, 12.585791518728605], [44.15223616878436, 79.53344087086164], [96.8006428645646, 30.38298319965009], [18.741435883982117, 1.4618838296163283], [27.788857489775232, 79.98083522264311], [20.025284133413134, 38.87884204661049], [17.574465049485166, 79.9727273175859], [89.96048547039456, 91.89445139138748], [93.2706784026328, 32.36132254317534], [2.7378936830838807, 96.42194558511015], [62.61003561099988, 70.75316857147996], [94.29463486579996, 18.416054342866783], [1.1989266844526614, 7.28959961125809], [5.981963161072534, 22.02427042041599], [74.6069500613153, 47.41055941834297], [72.11303826364285, 97.18947414720252], [77.84376601409815, 50.6378840785282], [18.298998045463666, 84.84263044238777], [80.9244330151667, 20.62529772499646], [23.092124695171744, 94.64057674806322], [81.0358875628662, 48.23786177743874], [33.54258685356689, 58.42071604883968], [17.472068952720022, 45.77151893319738], [35.48163483841601, 33.061033552832086], [95.78897301971507, 56.43103661419857], [68.3700719727319, 70.78238680800987], [59.78920710132808, 63.46531549259291], [8.610982276941115, 18.4863805416134], [2.825023680157168, 21.06216979790717], [57.85140658351673, 74.36019583681184], [87.03465169476584, 87.29173566118584], [34.716535352332635, 25.33712465119422], [13.780788821435452, 93.8293295995045], [51.84225540261198, 60.90817724836938], [44.4908555793897, 95.0727071518452]]","[[0.0, 78.16650512704575, 53.01103474502786, 49.55503529439165, 57.78455331543607, 74.42162518460611, 32.065794663057396, 39.145240634660546, 17.72875804761626, 65.69699787523132, 47.72982582679611, 35.521496384538345, 69.96327940745113, 40.22889354357524, 74.09442119614503, 86.44978047798818, 45.176792901088085, 95.7028528238443, 57.47562349804454, 42.62932474594854, 51.14788706302344, 46.530578242040804, 40.175835853992325, 85.33556539333183, 44.6764748231503, 78.12978726013426, 29.741459606500555, 85.3462818356382, 44.758483231957186, 47.782578240540204, 46.62548608644975, 24.914835477384734, 60.86938414387045, 58.853248255188085, 49.808840006012105, 43.45740417713085, 49.50563806531315, 60.366923815753196, 81.0309509345, 20.39863548925494, 88.18625045870628, 46.61738861163172, 81.11782209710485], [78.16650512704575, 0.0, 25.53399567532131, 116.68856586475316, 32.43088546231353, 48.20147200016609, 76.42255542500607, 103.50051133919844, 91.04610224253653, 54.572592780502525, 46.55603627941, 109.9016622368721, 70.93933452617468, 87.34630123291177, 81.14500504482093, 17.334469419723987, 44.86552448302934, 97.88944225980903, 36.571881576844696, 58.64855565374417, 119.76971052034905, 107.70799696613123, 38.05717071212577, 33.412590509933715, 33.51366616612885, 80.75371534525623, 59.005466011912226, 77.62325569577108, 33.649356329526285, 67.69049670716569, 86.95282378451023, 76.90051953698223, 20.671321431867735, 30.903210742546612, 41.1288518472168, 107.33792792969372, 110.91738519406938, 40.88900307976458, 15.592633200663034, 82.1453350869381, 86.55199936858152, 49.47548274212925, 57.13687538455926], [53.01103474502786, 25.53399567532131, 0.0, 94.62583377069822, 24.92250238364951, 48.58086027998255, 56.423362260698845, 81.63261136696248, 66.94005053815305, 49.12322316126942, 26.253995545449307, 85.97912010493555, 63.92654553688316, 68.20253096230756, 73.40436248384644, 37.566288613547854, 23.171614705874347, 93.59375435963248, 28.827345796876937, 36.9299703846247, 97.4183421059497, 86.74097015801968, 13.771292877109275, 45.02577188778119, 9.40013699539258, 74.57094827306113, 34.31273788041219, 74.97659127418895, 8.252551696520047, 53.018663619862366, 69.49350032741286, 55.26060325465293, 9.570902208986363, 24.30845466961037, 28.096735267012505, 85.7336660154699, 90.02898888463399, 34.79250075982628, 32.801800007607255, 59.35518302793995, 82.60126566616165, 35.163146051754715, 58.34540202505663], [49.55503529439165, 116.68856586475316, 94.62583377069822, 0.0, 87.5460282297688, 92.21619842113071, 41.14125968658738, 13.201636108969481, 31.837127040890692, 80.31373880574388, 96.36291879409659, 18.853719155098116, 73.58050171820207, 33.04554347622907, 70.70479460747971, 119.25112216349716, 93.34321679356736, 85.51270437996739, 84.87265519569692, 92.17496029551442, 3.8224585076688307, 11.669506755672524, 80.88523080929362, 110.90756995794752, 85.24193088597029, 75.61758857751393, 79.09755579483989, 86.24347768817756, 87.02256328864172, 56.793833009618396, 37.970098596235715, 39.79150333869779, 103.86944126096047, 89.06946770484005, 77.79871180689571, 9.78062753156528, 10.16020480078739, 84.2493163661198, 113.98619783406338, 35.36718607428614, 83.6933808322143, 70.29808674452714, 94.08964117874231], [57.78455331543607, 32.43088546231353, 24.92250238364951, 87.5460282297688, 0.0, 23.946484468231546, 46.430482744716564, 74.41921779681367, 66.1532072992241, 24.691803540602105, 49.6545937602189, 83.85622123925879, 40.40400032762301, 56.352145055440324, 50.3670637837638, 31.708519760848645, 45.98088710980471, 69.41699219913147, 4.401720175998312, 58.440962064416766, 90.91538723953566, 77.63025013522314, 23.914981805155662, 27.605564159613447, 22.272812381083572, 50.85250850748128, 51.37874508127825, 50.27906698818498, 25.976826915945345, 35.38791686709008, 55.129656522083216, 48.58399516310282, 31.8937629321843, 1.5815523022266547, 9.747348328462811, 77.87955527377679, 80.71427144527988, 10.067105411233833, 26.451202643237018, 55.14085134484235, 58.24416776528026, 17.675532849870315, 33.61473858188196], [74.42162518460611, 48.20147200016609, 48.58086027998255, 92.21619842113071, 23.946484468231546, 0.0, 53.10072631009265, 79.99786728962569, 78.15956649989755, 12.030561915827834, 73.59188626787908, 93.34923325592698, 25.67092817733288, 59.17130219449081, 35.448977772340015, 38.16416716666148, 69.88962957163463, 49.79179152273257, 20.895306082859253, 82.07560299413942, 95.93347942750822, 80.98428727871261, 47.11816452358533, 21.89173290844267, 46.056840375043116, 33.852119565855624, 74.00388890993398, 29.440120217630923, 49.85365056911733, 35.4352005445582, 55.05645236354109, 58.03099467113438, 54.45883773653698, 24.326675470895584, 26.442285943054614, 82.51158276601595, 83.59290276480806, 15.526042315848873, 35.13417885581713, 65.67115496878715, 38.49006164317852, 27.80435090023851, 9.786862409078527], [32.065794663057396, 76.42255542500607, 56.423362260698845, 41.14125968658738, 46.430482744716564, 53.10072631009265, 0.0, 28.08830399304975, 26.98607931225787, 41.846148349961155, 65.41028486284611, 40.27493648477086, 40.71926442287677, 12.016307627072118, 42.991903085943704, 78.1239537134242, 61.65690426341588, 64.03045133235213, 43.74016885998924, 65.73533202863689, 44.57271999686266, 31.354566942705894, 43.31228222747319, 70.26388326179578, 47.15579387839638, 47.391646473543396, 52.40817623483135, 55.87679739670187, 49.78536166713765, 18.998644537278974, 15.854921324197171, 7.292183987878582, 65.9765985702958, 47.96388394129811, 36.68705880226603, 31.45037902627131, 34.525870471442815, 43.39783892821566, 72.88081781543349, 14.399067172373197, 57.327676307423076, 29.18424549008088, 56.970298870209724], [39.145240634660546, 103.50051133919844, 81.63261136696248, 13.201636108969481, 74.41921779681367, 79.99786728962569, 28.08830399304975, 0.0, 22.134327482983927, 68.23366129053618, 84.60787793601764, 18.301156518801463, 62.91337724458293, 21.2453239308236, 61.3107174488565, 106.12773695554611, 81.41761594713957, 78.26160216056893, 71.8211012866467, 81.31102627475833, 16.49782911665454, 7.695167125327927, 67.92584737330701, 98.16177989687583, 72.23700277906958, 66.22216212065395, 67.96335928497294, 76.47738235954604, 74.1319812510746, 44.60640774348747, 27.3086783649363, 26.618037667527975, 90.94000174838905, 75.93530867773234, 64.67312747655116, 4.387497161287299, 10.40111528306042, 71.38750491542247, 100.84568763841364, 22.683989923118606, 74.99950588072443, 57.27253437476795, 82.49225353645151], [17.72875804761626, 91.04610224253653, 66.94005053815305, 31.837127040890692, 66.1532072992241, 78.15956649989755, 26.98607931225787, 22.134327482983927, 0.0, 67.68057997309926, 65.06325439854504, 19.060171195342143, 67.70107885470598, 29.879431088068355, 69.41205231317039, 96.93811952172203, 62.275163234699484, 89.55193017899605, 64.72639342536854, 60.3580805270035, 33.44191517354695, 29.772535086370468, 53.328858180891636, 92.70251560084137, 57.888681081614955, 73.98980246870686, 47.39250788997946, 82.8057406528076, 58.846493440882846, 45.83991242425962, 37.171837576909695, 20.514148480477438, 75.58631958417625, 67.47705589581795, 56.94358324654031, 26.27883721823425, 32.51796715568597, 66.14058600492247, 91.49039440125199, 12.761043727524827, 83.77484578175242, 51.43577683551971, 83.12404209378145], [65.69699787523132, 54.572592780502525, 49.12322316126942, 80.31373880574388, 24.691803540602105, 12.030561915827834, 41.846148349961155, 68.23366129053618, 67.68057997309926, 0.0, 72.0251498915055, 82.10284276417308, 16.369493684859545, 47.27479476505326, 26.58140120934429, 47.446709950923065, 68.10161609683828, 44.725488873863526, 20.439753958899328, 79.05438054341327, 84.04855379838239, 69.02372365630288, 44.26476150493172, 33.068746042798466, 44.38549746996914, 26.392753084275324, 69.44324149838366, 25.91821463166823, 48.371655036321044, 23.62862264293704, 43.031368739584494, 47.274347899923825, 56.569193692773716, 25.750427535051102, 22.420961467273898, 70.63939625341752, 71.60187171413234, 14.643419485700717, 43.5785807409616, 55.01157279772843, 33.56780076970377, 20.150355848569333, 15.54295530639367], [47.72982582679611, 46.55603627941, 26.253995545449307, 96.36291879409659, 49.6545937602189, 73.59188626787908, 65.41028486284611, 84.60787793601764, 65.06325439854504, 72.0251498915055, 0.0, 83.24463816492197, 84.98572495372798, 77.24399863966435, 93.46619695306391, 61.8906169970872, 4.046538725953498, 114.93017591793009, 52.90320870536511, 12.226506547382426, 98.35137265002095, 91.20252552649632, 27.97317200691396, 71.22208262650605, 27.742101390070072, 95.54245871395452, 18.635086933105118, 97.7853975773519, 23.818568360629982, 69.19317967555074, 80.80736148959232, 61.37746083869105, 26.067691930091325, 49.400497701406586, 49.641586267935374, 88.98845649500521, 94.43672253717234, 58.74553802810078, 57.74063292220599, 62.288819976633064, 104.4879659905043, 54.341918211368146, 83.19299388068353], [35.521496384538345, 109.9016622368721, 85.97912010493555, 18.853719155098116, 83.85622123925879, 93.34923325592698, 40.27493648477086, 18.301156518801463, 19.060171195342143, 82.10284276417308, 83.24463816492197, 0.0, 79.03848154901178, 37.43897739709051, 78.51951582963959, 115.1095230630645, 80.6807492727778, 96.29915208133005, 82.01058579956205, 77.4320978288625, 18.48518055760268, 24.19950178156921, 72.33419981347592, 109.60063635118287, 76.88539801087201, 83.38192044408757, 65.06889859481684, 93.28020854994931, 77.90116060077662, 58.85051093917602, 44.32781356460844, 35.759481599489604, 94.64634560582303, 85.25452277273638, 74.35956602816468, 19.810592585311756, 25.248829427932826, 82.72698291136261, 109.6846698094472, 28.726832879940527, 92.50055706498414, 68.04062061763833, 97.08768643713678], [69.96327940745113, 70.93933452617468, 63.92654553688316, 73.58050171820207, 40.40400032762301, 25.67092817733288, 40.71926442287677, 62.91337724458293, 67.70107885470598, 16.369493684859545, 84.98572495372798, 79.03848154901178, 0.0, 41.82878093253792, 10.214395658206081, 63.302808594695826, 80.96596110646462, 29.964327083967383, 36.023107550224516, 90.62693125756954, 77.40180976528735, 61.92337235598492, 57.03294362038027, 47.547557822777364, 58.02157055116872, 10.662761604365048, 79.66473007579401, 15.393742902102492, 61.990826537057906, 22.3146620046185, 35.73112714020719, 47.54625760320324, 71.96255086212177, 41.610652748405684, 36.010897895155125, 64.4155171848853, 63.98907823922926, 30.583466859059246, 59.69517062713184, 55.08110225461763, 19.697887813745012, 30.697430403160567, 22.51047175234058], [40.22889354357524, 87.34630123291177, 68.20253096230756, 33.04554347622907, 56.352145055440324, 59.17130219449081, 12.016307627072118, 21.2453239308236, 29.879431088068355, 47.27479476505326, 77.24399863966435, 37.43897739709051, 41.82878093253792, 0.0, 41.166903221474364, 87.7586874345904, 73.53479341190192, 60.083796762726536, 53.19242192100135, 77.03675836130938, 36.77379464286353, 21.9383556502009, 55.24444276826619, 78.18736436472237, 59.00213484693167, 45.9961944876882, 63.575924805095156, 55.84600762764019, 61.72426574004766, 23.76136175279686, 7.350367502500192, 16.51501355695244, 77.77027766312024, 57.92283383581434, 46.751088183145775, 23.369612172722267, 24.764546627740955, 51.86272270519228, 82.6683954671231, 19.980264572690803, 55.304157203614196, 38.69898280544953, 61.288780879076874], [74.09442119614503, 81.14500504482093, 73.40436248384644, 70.70479460747971, 50.3670637837638, 35.448977772340015, 42.991903085943704, 61.3107174488565, 69.41205231317039, 26.58140120934429, 93.46619695306391, 78.51951582963959, 10.214395658206081, 41.166903221474364, 0.0, 73.36118495000044, 89.42461954404955, 22.1517636210522, 45.96958645968082, 98.36263744105632, 74.50500191207976, 59.09661375067112, 65.67342784508142, 57.19154080483539, 67.02925977976476, 4.923505306914633, 86.80631221576135, 15.671323328959552, 70.9538852937109, 26.822939877615102, 34.20136166752723, 50.21328252293052, 81.68060025611412, 51.62030648284593, 45.32746509196773, 62.136260454494995, 60.728904221849916, 40.66611032491891, 69.84472357974447, 57.2616770011811, 14.366537722170264, 39.21400929549942, 30.86262254173115], [86.44978047798818, 17.334469419723987, 37.566288613547854, 119.25112216349716, 31.708519760848645, 38.16416716666148, 78.1239537134242, 106.12773695554611, 96.93811952172203, 47.446709950923065, 61.8906169970872, 115.1095230630645, 63.302808594695826, 87.7586874345904, 73.36118495000044, 0.0, 59.625085389510915, 87.34001787136312, 34.56878572907326, 73.60611172859049, 122.62379566319045, 109.24392156167593, 47.058981019857875, 18.61635404106799, 42.999060883036506, 72.0076173654585, 71.83970008496198, 66.9247254550957, 44.55946885378905, 65.6008402546917, 85.91795753963567, 80.18301703445361, 35.93918550512136, 30.197106251638758, 41.455057669430744, 109.5741143505488, 112.29336942640919, 36.58473814060872, 5.453943103448678, 86.49723560581435, 76.20426454738394, 49.123809387777285, 45.580572090572154], [45.176792901088085, 44.86552448302934, 23.171614705874347, 93.34321679356736, 45.98088710980471, 69.88962957163463, 61.65690426341588, 81.41761594713957, 62.275163234699484, 68.10161609683828, 4.046538725953498, 80.6807492727778, 80.96596110646462, 73.53479341190192, 89.42461954404955, 59.625085389510915, 0.0, 110.90513303538776, 49.132564128662786, 13.982810590757458, 95.42430903721039, 87.89866014400242, 23.97528490181927, 68.1933646086313, 23.91698825937462, 91.51524755137515, 17.03420246740183, 93.82822019407615, 20.04381712523694, 65.16545795110059, 76.97572709471062, 57.793279467114345, 24.201093843858363, 45.784477498595166, 45.69975161745968, 85.78914945167112, 91.14870986985048, 54.94024184631301, 55.283255280568724, 58.97395208378633, 100.48362273081061, 50.31140174779582, 79.44928491939687], [95.7028528238443, 97.88944225980903, 93.59375435963248, 85.51270437996739, 69.41699219913147, 49.79179152273257, 64.03045133235213, 78.26160216056893, 89.55193017899605, 44.725488873863526, 114.93017591793009, 96.29915208133005, 29.964327083967383, 60.083796762726536, 22.1517636210522, 87.34001787136312, 110.90513303538776, 0.0, 65.1426088855212, 120.28115365465847, 89.14563095421637, 74.4683695047056, 86.99009850945902, 69.37939020823899, 87.96062952617548, 19.39661073876967, 108.89566914968385, 20.432033550947427, 91.9362919525425, 48.91852990019137, 52.749991856844424, 71.32150978778752, 101.28068012228081, 70.46254183130584, 65.8862036378007, 78.15654462858762, 75.35982615647342, 59.36514218110421, 84.78976438541973, 77.94668235542233, 11.343156116595006, 60.600875252408265, 41.7747563902432], [57.47562349804454, 36.571881576844696, 28.827345796876937, 84.87265519569692, 4.401720175998312, 20.895306082859253, 43.74016885998924, 71.8211012866467, 64.72639342536854, 20.439753958899328, 52.90320870536511, 82.01058579956205, 36.023107550224516, 53.19242192100135, 45.96958645968082, 34.56878572907326, 49.132564128662786, 65.1426088855212, 0.0, 61.18077603067962, 88.31165769453705, 74.70772452973645, 26.24506350543473, 28.09244225604315, 25.23274087820556, 46.4971072857885, 53.36872293656166, 46.176547646462545, 29.093831995491666, 31.575401224516046, 51.589910376873966, 46.439715446392555, 36.138142611003424, 5.760110467154345, 7.814721746832751, 75.15128004188301, 77.73958458009805, 5.97119719269535, 29.497221432196987, 53.29788365450915, 54.00744902166281, 14.590028950220518, 30.327292028464623], [42.62932474594854, 58.64855565374417, 36.9299703846247, 92.17496029551442, 58.440962064416766, 82.07560299413942, 65.73533202863689, 81.31102627475833, 60.3580805270035, 79.05438054341327, 12.226506547382426, 77.4320978288625, 90.62693125756954, 77.03675836130938, 98.36263744105632, 73.60611172859049, 13.982810590757458, 120.28115365465847, 61.18077603067962, 0.0, 93.75824697956502, 88.38635192657999, 35.04691509295149, 81.83687980055777, 36.17841065455816, 100.93476521017874, 13.55149636933726, 104.3071199415395, 32.63639959780712, 72.74052719007477, 81.54770429890925, 60.60894643764551, 38.04434154520113, 58.43214643538727, 56.7455767029062, 85.68368144951808, 91.50787778904105, 66.76717648013246, 69.25725112005487, 59.978755871136805, 110.31609805367954, 60.064840223735246, 91.4147627633837], [51.14788706302344, 119.76971052034905, 97.4183421059497, 3.8224585076688307, 90.91538723953566, 95.93347942750822, 44.57271999686266, 16.49782911665454, 33.44191517354695, 84.04855379838239, 98.35137265002095, 18.48518055760268, 77.40180976528735, 36.77379464286353, 74.50500191207976, 122.62379566319045, 95.42430903721039, 89.14563095421637, 88.31165769453705, 93.75824697956502, 0.0, 15.491544848430262, 83.65661547026471, 114.50239588167746, 88.05399004089789, 79.41589911123478, 80.83314421615363, 90.05279188282398, 89.72569585537687, 60.50209435456489, 41.7812550551502, 42.88905321611492, 106.59342238816173, 92.42995610380396, 81.16977278586252, 13.42782451883058, 13.868232799661762, 87.79503605993406, 117.33760463124024, 38.06761420000293, 87.4495747346586, 73.75431249413468, 97.87780686614595], [46.530578242040804, 107.70799696613123, 86.74097015801968, 11.669506755672524, 77.63025013522314, 80.98428727871261, 31.354566942705894, 7.695167125327927, 29.772535086370468, 69.02372365630288, 91.20252552649632, 24.19950178156921, 61.92337235598492, 21.9383556502009, 59.09661375067112, 109.24392156167593, 87.89866014400242, 74.4683695047056, 74.70772452973645, 88.38635192657999, 15.491544848430262, 0.0, 73.17002457389748, 100.1155679478028, 77.34893403184576, 64.014496047328, 74.95552623012091, 74.60486292724937, 79.49996188642568, 45.65401661083155, 26.38094659088352, 31.49667870604962, 96.17236910705662, 79.18099541406133, 67.91597541904531, 4.407766589343886, 3.3002885470810037, 73.68506124137163, 104.06430866293688, 28.924913866235165, 72.22733696733626, 60.12590635229014, 82.57729048710148], [40.175835853992325, 38.05717071212577, 13.771292877109275, 80.88523080929362, 23.914981805155662, 47.11816452358533, 43.31228222747319, 67.92584737330701, 53.328858180891636, 44.26476150493172, 27.97317200691396, 72.33419981347592, 57.03294362038027, 55.24444276826619, 65.67342784508142, 47.058981019857875, 23.97528490181927, 86.99009850945902, 26.24506350543473, 35.04691509295149, 83.65661547026471, 73.17002457389748, 0.0, 49.841347771078986, 4.570842589110815, 67.61468332669011, 27.520189586070423, 69.88885297005484, 6.48194928954345, 42.51476772470893, 57.158386025195504, 41.673722942115475, 23.022751908734236, 24.189687137791505, 21.847670334200764, 72.05606072697289, 76.46491084530403, 31.733753958900955, 41.77267032884974, 45.59036858892668, 76.5148620616371, 26.46539268534367, 56.37960157197335], [85.33556539333183, 33.412590509933715, 45.02577188778119, 110.90756995794752, 27.605564159613447, 21.89173290844267, 70.26388326179578, 98.16177989687583, 92.70251560084137, 33.068746042798466, 71.22208262650605, 109.60063635118287, 47.547557822777364, 78.18736436472237, 57.19154080483539, 18.61635404106799, 68.1933646086313, 69.37939020823899, 28.09244225604315, 81.83687980055777, 114.50239588167746, 100.1155679478028, 49.841347771078986, 0.0, 46.90300393867898, 55.2122764797371, 77.06953865618942, 49.08713522949627, 49.75819121728864, 54.68725927002015, 75.02960512775373, 73.85334528623208, 47.135974761381284, 26.67103407059134, 35.90537134578224, 101.12708864408351, 102.93782313810394, 26.917839555819693, 17.905858664846146, 81.00159602188192, 58.42894741794798, 41.56004261860594, 27.703170915165803], [44.6764748231503, 33.51366616612885, 9.40013699539258, 85.24193088597029, 22.272812381083572, 46.056840375043116, 47.15579387839638, 72.23700277906958, 57.888681081614955, 44.38549746996914, 27.742101390070072, 76.88539801087201, 58.02157055116872, 59.00213484693167, 67.02925977976476, 42.999060883036506, 23.91698825937462, 87.96062952617548, 25.23274087820556, 36.17841065455816, 88.05399004089789, 77.34893403184576, 4.570842589110815, 46.90300393867898, 0.0, 68.66981918029553, 30.170280886986657, 70.24228918027886, 3.9937134383723696, 44.979628149770114, 60.56751039788992, 45.86388374471098, 18.857122547620744, 22.260994340044938, 22.14746247806324, 76.3341176911098, 80.63829472759923, 31.023257578126127, 37.788585782463414, 50.00086451405573, 77.26296663330425, 27.956349473307743, 55.55960885411872], [78.12978726013426, 80.75371534525623, 74.57094827306113, 75.61758857751393, 50.85250850748128, 33.852119565855624, 47.391646473543396, 66.22216212065395, 73.98980246870686, 26.392753084275324, 95.54245871395452, 83.38192044408757, 10.662761604365048, 45.9961944876882, 4.923505306914633, 72.0076173654585, 91.51524755137515, 19.39661073876967, 46.4971072857885, 100.93476521017874, 79.41589911123478, 64.014496047328, 67.61468332669011, 55.2122764797371, 68.66981918029553, 0.0, 89.69844439275768, 10.90751185601194, 72.63488414896251, 30.503845003056806, 39.07986139033781, 54.55801300992333, 82.53432549774736, 52.00771957400196, 46.67362255023769, 67.05974612556449, 65.63071721899968, 40.91789897369155, 68.77927157923071, 61.72876761031443, 10.058577251908751, 41.20689461515563, 28.11881701919306], [29.741459606500555, 59.005466011912226, 34.31273788041219, 79.09755579483989, 51.37874508127825, 74.00388890993398, 52.40817623483135, 67.96335928497294, 47.39250788997946, 69.44324149838366, 18.635086933105118, 65.06889859481684, 79.66473007579401, 63.575924805095156, 86.80631221576135, 71.83970008496198, 17.03420246740183, 108.89566914968385, 53.36872293656166, 13.55149636933726, 80.83314421615363, 74.95552623012091, 27.520189586070423, 77.06953865618942, 30.170280886986657, 89.69844439275768, 0.0, 93.92996015373042, 27.612788987467933, 60.60967737874716, 68.2534610563087, 47.113643795747855, 38.76861471536659, 51.70440567751599, 47.76991623142095, 72.34507671146082, 78.1006312118248, 58.47908877370438, 66.94586409489621, 46.44750929168741, 99.33327357083512, 49.683834769296496, 82.88439138425042], [85.3462818356382, 77.62325569577108, 74.97659127418895, 86.24347768817756, 50.27906698818498, 29.440120217630923, 55.87679739670187, 76.47738235954604, 82.8057406528076, 25.91821463166823, 97.7853975773519, 93.28020854994931, 15.393742902102492, 55.84600762764019, 15.671323328959552, 66.9247254550957, 93.82822019407615, 20.432033550947427, 46.176547646462545, 104.3071199415395, 90.05279188282398, 74.60486292724937, 69.88885297005484, 49.08713522949627, 70.24228918027886, 10.90751185601194, 93.92996015373042, 0.0, 74.23403270678904, 37.697353599360355, 49.191156098032145, 62.813534383306994, 82.12673568067265, 51.17915334279359, 48.15156042612802, 77.51880472238678, 76.31865665009819, 40.24303079166475, 64.36343856891114, 70.27158313051822, 9.346608887161858, 44.32205762035246, 21.40309370490762], [44.758483231957186, 33.649356329526285, 8.252551696520047, 87.02256328864172, 25.976826915945345, 49.85365056911733, 49.78536166713765, 74.1319812510746, 58.846493440882846, 48.371655036321044, 23.818568360629982, 77.90116060077662, 61.990826537057906, 61.72426574004766, 70.9538852937109, 44.55946885378905, 20.04381712523694, 91.9362919525425, 29.093831995491666, 32.63639959780712, 89.72569585537687, 79.49996188642568, 6.48194928954345, 49.75819121728864, 3.9937134383723696, 72.63488414896251, 27.612788987467933, 74.23403270678904, 0.0, 48.57266858405577, 63.611648959360465, 48.01589378781045, 16.875474642296744, 25.858818484558363, 26.139946007631078, 78.29762155647441, 82.79768996684639, 34.927016691828996, 39.5118999345487, 51.67132812429747, 81.25164764415585, 31.824598235345142, 59.405741338004376], [47.782578240540204, 67.69049670716569, 53.018663619862366, 56.793833009618396, 35.38791686709008, 35.4352005445582, 18.998644537278974, 44.60640774348747, 45.83991242425962, 23.62862264293704, 69.19317967555074, 58.85051093917602, 22.3146620046185, 23.76136175279686, 26.822939877615102, 65.6008402546917, 65.16545795110059, 48.91852990019137, 31.575401224516046, 72.74052719007477, 60.50209435456489, 45.65401661083155, 42.51476772470893, 54.68725927002015, 44.979628149770114, 30.503845003056806, 60.60967737874716, 37.697353599360355, 48.57266858405577, 0.0, 20.451497091211028, 25.43370604897881, 62.27817767884573, 36.95625283607342, 26.727009895948015, 47.077978494928395, 48.36558347932422, 29.06863829928006, 60.78599159700786, 33.104413223075184, 40.54995160346161, 18.46795419704294, 38.252229214878774], [46.62548608644975, 86.95282378451023, 69.49350032741286, 37.970098596235715, 55.129656522083216, 55.05645236354109, 15.854921324197171, 27.3086783649363, 37.171837576909695, 43.031368739584494, 80.80736148959232, 44.32781356460844, 35.73112714020719, 7.350367502500192, 34.20136166752723, 85.91795753963567, 76.97572709471062, 52.749991856844424, 51.589910376873966, 81.54770429890925, 41.7812550551502, 26.38094659088352, 57.158386025195504, 75.02960512775373, 60.56751039788992, 39.07986139033781, 68.2534610563087, 49.191156098032145, 63.611648959360465, 20.451497091211028, 0.0, 22.043159982082976, 79.03899531136818, 56.711111991182705, 45.86731535389505, 28.687935340898207, 28.72434281069234, 49.47528023772209, 81.01161222246539, 26.73828885848404, 48.19936425977255, 37.555667236125664, 56.21940937565996], [24.914835477384734, 76.90051953698223, 55.26060325465293, 39.79150333869779, 48.58399516310282, 58.03099467113438, 7.292183987878582, 26.618037667527975, 20.514148480477438, 47.274347899923825, 61.37746083869105, 35.759481599489604, 47.54625760320324, 16.51501355695244, 50.21328252293052, 80.18301703445361, 57.793279467114345, 71.32150978778752, 46.439715446392555, 60.60894643764551, 42.88905321611492, 31.49667870604962, 41.673722942115475, 73.85334528623208, 45.86388374471098, 54.55801300992333, 47.113643795747855, 62.813534383306994, 48.01589378781045, 25.43370604897881, 22.043159982082976, 0.0, 64.67713724030966, 50.0454772036371, 38.92657741940792, 30.568815473893046, 34.79119118039747, 46.968366942937266, 74.82434495641171, 7.761710246099484, 64.52683567531204, 32.297574479293246, 62.66269800216178], [60.86938414387045, 20.671321431867735, 9.570902208986363, 103.86944126096047, 31.8937629321843, 54.45883773653698, 65.9765985702958, 90.94000174838905, 75.58631958417625, 56.569193692773716, 26.067691930091325, 94.64634560582303, 71.96255086212177, 77.77027766312024, 81.68060025611412, 35.93918550512136, 24.201093843858363, 101.28068012228081, 36.138142611003424, 38.04434154520113, 106.59342238816173, 96.17236910705662, 23.022751908734236, 47.135974761381284, 18.857122547620744, 82.53432549774736, 38.76861471536659, 82.12673568067265, 16.875474642296744, 62.27817767884573, 79.03899531136818, 64.67713724030966, 0.0, 30.947655597955436, 36.68057013621356, 95.07785754009161, 99.46483105438045, 41.96085911335446, 32.07835543679229, 68.53228439063868, 90.13309377644674, 44.174186778881875, 64.22363704167992], [58.853248255188085, 30.903210742546612, 24.30845466961037, 89.06946770484005, 1.5815523022266547, 24.326675470895584, 47.96388394129811, 75.93530867773234, 67.47705589581795, 25.750427535051102, 49.400497701406586, 85.25452277273638, 41.610652748405684, 57.92283383581434, 51.62030648284593, 30.197106251638758, 45.784477498595166, 70.46254183130584, 5.760110467154345, 58.43214643538727, 92.42995610380396, 79.18099541406133, 24.189687137791505, 26.67103407059134, 22.260994340044938, 52.00771957400196, 51.70440567751599, 51.17915334279359, 25.858818484558363, 36.95625283607342, 56.711111991182705, 50.0454772036371, 30.947655597955436, 0.0, 11.277002020758442, 79.41045946652461, 82.26939488781755, 11.11049229408176, 24.918369444167546, 56.5493800104144, 59.25496947098062, 19.25275915299484, 34.06224651966166], [49.808840006012105, 41.1288518472168, 28.096735267012505, 77.79871180689571, 9.747348328462811, 26.442285943054614, 36.68705880226603, 64.67312747655116, 56.94358324654031, 22.420961467273898, 49.641586267935374, 74.35956602816468, 36.010897895155125, 46.751088183145775, 45.32746509196773, 41.455057669430744, 45.69975161745968, 65.8862036378007, 7.814721746832751, 56.7455767029062, 81.16977278586252, 67.91597541904531, 21.847670334200764, 35.90537134578224, 22.14746247806324, 46.67362255023769, 47.76991623142095, 48.15156042612802, 26.139946007631078, 26.727009895948015, 45.86731535389505, 38.92657741940792, 36.68057013621356, 11.277002020758442, 0.0, 68.13453812494765, 71.01369556392308, 11.065870438500443, 36.194095501123094, 45.633297113741335, 55.12483927688393, 8.348233184440723, 35.115050431263306], [43.45740417713085, 107.33792792969372, 85.7336660154699, 9.78062753156528, 77.87955527377679, 82.51158276601595, 31.45037902627131, 4.387497161287299, 26.27883721823425, 70.63939625341752, 88.98845649500521, 19.810592585311756, 64.4155171848853, 23.369612172722267, 62.136260454494995, 109.5741143505488, 85.78914945167112, 78.15654462858762, 75.15128004188301, 85.68368144951808, 13.42782451883058, 4.407766589343886, 72.05606072697289, 101.12708864408351, 76.3341176911098, 67.05974612556449, 72.34507671146082, 77.51880472238678, 78.29762155647441, 47.077978494928395, 28.687935340898207, 30.568815473893046, 95.07785754009161, 79.41045946652461, 68.13453812494765, 0.0, 6.333404074945517, 74.47484556233435, 104.32856185190482, 26.989490477351364, 75.52010906008724, 60.56857115613414, 84.57440943836889], [49.50563806531315, 110.91738519406938, 90.02898888463399, 10.16020480078739, 80.71427144527988, 83.59290276480806, 34.525870471442815, 10.40111528306042, 32.51796715568597, 71.60187171413234, 94.43672253717234, 25.248829427932826, 63.98907823922926, 24.764546627740955, 60.728904221849916, 112.29336942640919, 91.14870986985048, 75.35982615647342, 77.73958458009805, 91.50787778904105, 13.868232799661762, 3.3002885470810037, 76.46491084530403, 102.93782313810394, 80.63829472759923, 65.63071721899968, 78.1006312118248, 76.31865665009819, 82.79768996684639, 48.36558347932422, 28.72434281069234, 34.79119118039747, 99.46483105438045, 82.26939488781755, 71.01369556392308, 6.333404074945517, 0.0, 76.60667330638306, 107.13364011736525, 32.17675800533898, 73.58728378885887, 63.16956003863824, 84.93292169279094], [60.366923815753196, 40.88900307976458, 34.79250075982628, 84.2493163661198, 10.067105411233833, 15.526042315848873, 43.39783892821566, 71.38750491542247, 66.14058600492247, 14.643419485700717, 58.74553802810078, 82.72698291136261, 30.583466859059246, 51.86272270519228, 40.66611032491891, 36.58473814060872, 54.94024184631301, 59.36514218110421, 5.97119719269535, 66.76717648013246, 87.79503605993406, 73.68506124137163, 31.733753958900955, 26.917839555819693, 31.023257578126127, 40.91789897369155, 58.47908877370438, 40.24303079166475, 34.927016691828996, 29.06863829928006, 49.47528023772209, 46.968366942937266, 41.96085911335446, 11.11049229408176, 11.065870438500443, 74.47484556233435, 76.60667330638306, 0.0, 31.920001839796566, 54.20778334661548, 48.179523860257206, 14.73318370274295, 24.647767609040464], [81.0309509345, 15.592633200663034, 32.801800007607255, 113.98619783406338, 26.451202643237018, 35.13417885581713, 72.88081781543349, 100.84568763841364, 91.49039440125199, 43.5785807409616, 57.74063292220599, 109.6846698094472, 59.69517062713184, 82.6683954671231, 69.84472357974447, 5.453943103448678, 55.283255280568724, 84.78976438541973, 29.497221432196987, 69.25725112005487, 117.33760463124024, 104.06430866293688, 41.77267032884974, 17.905858664846146, 37.788585782463414, 68.77927157923071, 66.94586409489621, 64.36343856891114, 39.5118999345487, 60.78599159700786, 81.01161222246539, 74.82434495641171, 32.07835543679229, 24.918369444167546, 36.194095501123094, 104.32856185190482, 107.13364011736525, 31.920001839796566, 0.0, 81.08982132807886, 73.54501043828218, 43.98405292042223, 43.249486762794625], [20.39863548925494, 82.1453350869381, 59.35518302793995, 35.36718607428614, 55.14085134484235, 65.67115496878715, 14.399067172373197, 22.683989923118606, 12.761043727524827, 55.01157279772843, 62.288819976633064, 28.726832879940527, 55.08110225461763, 19.980264572690803, 57.2616770011811, 86.49723560581435, 58.97395208378633, 77.94668235542233, 53.29788365450915, 59.978755871136805, 38.06761420000293, 28.924913866235165, 45.59036858892668, 81.00159602188192, 50.00086451405573, 61.72876761031443, 46.44750929168741, 70.27158313051822, 51.67132812429747, 33.104413223075184, 26.73828885848404, 7.761710246099484, 68.53228439063868, 56.5493800104144, 45.633297113741335, 26.989490477351364, 32.17675800533898, 54.20778334661548, 81.08982132807886, 0.0, 71.62044136618618, 39.47898263774716, 70.41724790565274], [88.18625045870628, 86.55199936858152, 82.60126566616165, 83.6933808322143, 58.24416776528026, 38.49006164317852, 57.327676307423076, 74.99950588072443, 83.77484578175242, 33.56780076970377, 104.4879659905043, 92.50055706498414, 19.697887813745012, 55.304157203614196, 14.366537722170264, 76.20426454738394, 100.48362273081061, 11.343156116595006, 54.00744902166281, 110.31609805367954, 87.4495747346586, 72.22733696733626, 76.5148620616371, 58.42894741794798, 77.26296663330425, 10.058577251908751, 99.33327357083512, 9.346608887161858, 81.25164764415585, 40.54995160346161, 48.19936425977255, 64.52683567531204, 90.13309377644674, 59.25496947098062, 55.12483927688393, 75.52010906008724, 73.58728378885887, 48.179523860257206, 73.54501043828218, 71.62044136618618, 0.0, 50.323727111936655, 30.735227150871548], [46.61738861163172, 49.47548274212925, 35.163146051754715, 70.29808674452714, 17.675532849870315, 27.80435090023851, 29.18424549008088, 57.27253437476795, 51.43577683551971, 20.150355848569333, 54.341918211368146, 68.04062061763833, 30.697430403160567, 38.69898280544953, 39.21400929549942, 49.123809387777285, 50.31140174779582, 60.600875252408265, 14.590028950220518, 60.064840223735246, 73.75431249413468, 60.12590635229014, 26.46539268534367, 41.56004261860594, 27.956349473307743, 41.20689461515563, 49.683834769296496, 44.32205762035246, 31.824598235345142, 18.46795419704294, 37.555667236125664, 32.297574479293246, 44.174186778881875, 19.25275915299484, 8.348233184440723, 60.56857115613414, 63.16956003863824, 14.73318370274295, 43.98405292042223, 39.47898263774716, 50.323727111936655, 0.0, 34.94650458753158], [81.11782209710485, 57.13687538455926, 58.34540202505663, 94.08964117874231, 33.61473858188196, 9.786862409078527, 56.970298870209724, 82.49225353645151, 83.12404209378145, 15.54295530639367, 83.19299388068353, 97.08768643713678, 22.51047175234058, 61.288780879076874, 30.86262254173115, 45.580572090572154, 79.44928491939687, 41.7747563902432, 30.327292028464623, 91.4147627633837, 97.87780686614595, 82.57729048710148, 56.37960157197335, 27.703170915165803, 55.55960885411872, 28.11881701919306, 82.88439138425042, 21.40309370490762, 59.405741338004376, 38.252229214878774, 56.21940937565996, 62.66269800216178, 64.22363704167992, 34.06224651966166, 35.115050431263306, 84.57440943836889, 84.93292169279094, 24.647767609040464, 43.249486762794625, 70.41724790565274, 30.735227150871548, 34.94650458753158, 0.0]]",Route_0,2314.5233386422565
