instance_id,num_cities,city_coordinates,distance_matrix,best_route,total_distance
2147,59,"[[29.633490123019122, 71.8094493820728], [81.58626210561091, 14.7369294597957], [29.56545979416051, 43.35093643496764], [3.8586365469303274, 17.44435994681629], [54.53267102757583, 43.62314765544279], [95.83751621295534, 79.90885578641017], [4.651889178623692, 44.93638261329765], [26.464188434700098, 24.880788614570204], [3.963348557108337, 92.16908773181315], [53.71481359668173, 77.32649711219696], [5.9062115446329555, 83.70698445422447], [45.10889329463209, 2.0692215662858837], [61.62103465651935, 31.514843086249876], [35.14587445239768, 68.21203128927665], [53.837288124089824, 75.63005590394111], [94.46891116589198, 16.40105450750494], [8.024448727263412, 3.039659325156363], [8.250142589764964, 28.24808782960814], [25.099316722350185, 90.19671485715037], [92.16303946660364, 25.35776645775102], [27.17238921448719, 46.898810447897844], [93.38843577126823, 36.84555492069502], [22.512814347250753, 58.229611084492575], [28.566803013884346, 68.03630981141194], [3.1094760285380163, 34.764529402977516], [18.390954061041874, 38.9938874729038], [6.612399018193049, 50.25513212962742], [62.88824323579403, 28.47986966324004], [61.09310240019532, 6.603217396294358], [55.65930419125868, 62.71019868550246], [31.382912415572882, 57.522164625877025], [25.113466590468867, 74.47015446253235], [33.10157403373031, 67.69312790729181], [8.311170356467601, 60.03423533983224], [32.08530438260369, 97.85478862888836], [13.057768942804248, 86.36852038044698], [35.647801930373525, 93.61696936121473], [70.64578976655697, 14.223428000626637], [94.76417068118471, 50.93889645099083], [75.02028536876202, 60.329452660936354], [85.50772390469228, 52.743190431729516], [44.10260369891637, 84.4155296106899], [82.43308848309847, 98.4498372644176], [24.22117432734273, 16.696657169439543], [3.092041889124797, 39.73307713044195], [59.110471156744396, 95.18993131263085], [77.97383434899811, 44.181085272385744], [8.17469134240656, 48.19911961710618], [68.97722683800792, 9.182010799714169], [56.467244620425795, 33.5709597697933], [18.95885245105363, 98.31744007544337], [19.065902831487968, 14.574371766481098], [21.48788993663935, 65.47947408635545], [69.56107303645597, 78.12586761065037], [71.20891798351141, 99.62686856164348], [3.239626565597842, 92.44415634382783], [46.90343261778137, 64.76322683187166], [71.51115912906218, 30.928969393679186], [67.67986596538947, 71.27671669646605]]","[[0.0, 77.1774775886974, 28.458594260542743, 60.16565487196376, 37.60899911912662, 66.69762705388833, 36.69117200777411, 47.03555755620336, 32.763867930177575, 24.705221227498487, 26.54307988025169, 71.43659761720058, 51.44762678509119, 6.582385428486798, 24.503486932915827, 85.28611870863065, 72.08491308530411, 48.52669133613452, 18.938063789054922, 77.89546448679472, 25.031918619850334, 72.71290814234817, 15.333493786219794, 3.921020735533175, 45.5614905368756, 34.68797659880671, 31.536633109381963, 54.61987809582053, 72.39861804215197, 27.57062496849884, 14.393991248514368, 5.244994209719525, 5.382537365915534, 24.357688436459913, 26.160487182872057, 22.06175607198856, 22.621668244335055, 70.69765611811829, 68.39287630754318, 46.81614579817836, 59.03771871482342, 19.19032324903739, 59.13973159820289, 55.37791100921934, 41.6334256478816, 37.62365407782384, 55.67867979095395, 31.904979497208394, 73.9602980124165, 46.71437111056404, 28.576589370104433, 58.20247426722456, 10.315977396288831, 40.424114295154084, 50.02324471278273, 33.50264414766799, 18.652082082152596, 58.523096342052426, 38.05010537243249], [77.1774775886974, 0.0, 59.37108107742517, 77.7747642544322, 39.576639471588194, 66.7119046704092, 82.64928740430436, 56.04766618096798, 109.64057571182789, 68.514754767863, 102.3930590364733, 38.61436596200256, 26.078893625894406, 70.82581535749573, 66.91769874382871, 12.989686639206273, 74.48601557415694, 74.57035487468592, 94.26003506760593, 14.989009236141817, 63.208038663640046, 25.061576626474658, 73.35724630169096, 75.17903290310086, 80.99204104398653, 67.69081895573181, 82.96157464239768, 23.205264814077754, 22.04828489120223, 54.53110769913569, 65.96175155586094, 82.2024014401198, 71.79919171855732, 86.14571951545221, 96.74152845778316, 99.13243259896517, 91.2819961335275, 10.952516548728568, 38.525831444081305, 46.06289420298501, 38.208032345416505, 79.12099573778097, 83.71719087510482, 57.39855249485269, 82.37809178274871, 83.5335063666637, 29.664927874728207, 80.67823059565056, 13.778421233935985, 31.395632453240115, 104.44086458284481, 62.52057060495423, 78.65507086347722, 64.51947498268878, 85.52187458038965, 110.34767061631199, 60.873057176728295, 19.070654346627403, 58.224869208755784], [28.458594260542743, 59.37108107742517, 0.0, 36.49645827749277, 24.96869511453357, 75.68663639826056, 24.963966840222348, 18.72870109090168, 55.12422331276961, 41.68369000474211, 46.7800239361347, 44.11097717669291, 34.17093773246284, 25.4796990781449, 40.386423512980464, 70.27627007651228, 45.705735088806726, 26.123529308277057, 47.05819152834201, 65.13225887896776, 4.279508945068751, 64.15366124564294, 16.46556306739107, 24.70556565025898, 27.81448296707833, 11.993892363921017, 23.968957365213335, 36.49049908164022, 48.41887135032303, 32.49107185527978, 14.287296541680076, 31.436061682927534, 24.59769073694886, 27.019942299166384, 54.562070348609964, 46.076201945801834, 50.63268659674804, 50.35876545581297, 65.63877694270768, 48.52227510384205, 56.72522674218395, 43.5617879063194, 76.36016655171056, 27.184774972686476, 26.719482807906456, 59.66732008680801, 48.415492088108685, 21.933304701392423, 52.16131574822455, 28.62435973799295, 55.98050233598552, 30.632195000228002, 23.556725438651746, 52.999480345572735, 70.00827198763331, 55.706316842866215, 27.551614865084833, 43.746393655578366, 47.24994350260019], [60.16565487196376, 77.7747642544322, 36.49645827749277, 0.0, 57.03671358378727, 111.1842054660272, 27.503464509621573, 23.79729916358669, 74.72480115160533, 77.91988668824939, 66.29425291819034, 44.022477917216044, 59.45143506382111, 59.6342830030628, 76.70359070790676, 90.61628083718368, 14.99497886365504, 11.662155096279038, 75.78965390680766, 88.65827416325739, 37.56455400726432, 91.60781252472255, 44.848802211088, 56.303098327360914, 17.336363848063932, 25.991736935583134, 32.926129122331815, 60.0522850568005, 58.2521626492038, 68.79175332200008, 48.619092854413495, 60.85810578984841, 58.1385248729498, 42.82198668111626, 85.22078278178414, 69.5353430157476, 82.53979319561205, 66.86477576260816, 96.87982303794516, 83.08496518709251, 88.95268911032473, 78.13267215625916, 112.85314285619882, 20.37626080275818, 22.301896355714366, 95.37892374496167, 78.79032317724418, 31.05613580880343, 65.64066738635313, 55.02483862112722, 82.27072146178418, 15.475715815583692, 51.16798574770285, 89.43743921320704, 106.25452993549415, 75.00235084949121, 63.968192346405594, 68.98332047430222, 83.49294555652685], [37.60899911912662, 39.576639471588194, 24.96869511453357, 57.03671358378727, 0.0, 54.97947662859224, 49.898065933633994, 33.75078869424456, 70.09967669697679, 33.71327120558549, 63.01782711548891, 42.609111234371476, 14.030535929766454, 31.312315146050153, 32.01446131063664, 48.331621447456726, 61.72547502117559, 48.76950792498081, 55.09464136872947, 41.82904229305247, 27.555670698088687, 39.44244182470547, 35.19403352462925, 35.640269193120446, 52.18064872394725, 36.43698334284398, 48.3770161080555, 17.295503903497018, 37.5967351798938, 19.120272469544254, 27.001740620530807, 42.62660458761551, 32.22818436840674, 49.04845485103458, 58.69374031331201, 59.55950295579138, 53.441748563898805, 33.52575295617219, 40.89124288668533, 26.435638224369715, 32.28976743461402, 42.10468774451533, 61.517470589022906, 40.54408368801872, 51.58750793408359, 51.769580167989126, 23.447802290321224, 46.583278114410284, 37.34751799618973, 10.236652591279578, 65.24539977224332, 45.84455285987804, 39.61889148376724, 37.633635902580444, 58.43384265881348, 70.81290348185009, 22.474612928795118, 21.199321214457438, 30.619742249723668], [66.69762705388833, 66.7119046704092, 75.68663639826056, 111.1842054660272, 54.97947662859224, 0.0, 97.66213420506593, 88.54799141537751, 92.68859676254553, 42.20178493880688, 90.01147338380756, 92.91071971905166, 59.26844080389833, 61.808503322023654, 42.21761821740948, 63.5225464150782, 116.70479075790128, 101.68767360941486, 71.48239581485824, 54.67470280031552, 76.18768114968718, 43.132886252382384, 76.46241923023416, 68.31036672599636, 103.13340700789831, 87.58998014182573, 94.02374628322306, 61.07859857086374, 81.12269048160773, 43.70449092867932, 68.23166341072626, 70.93286027712598, 63.91418034154655, 89.75445257414833, 66.22991030379526, 83.03140264247942, 61.730981550584254, 70.3505401880579, 28.989836400477014, 28.57814071576819, 29.063344323982182, 51.93083170712475, 22.87895707703413, 95.52320387774004, 101.07332090203458, 39.779229602884584, 39.94477081721045, 93.22166181854607, 75.6555467039796, 60.80476044288257, 79.05191280002008, 100.80910387134621, 75.73687334234052, 26.336866040641578, 31.54945131934361, 93.44251134900533, 51.22435566923248, 54.688215549768245, 29.451096630386914], [36.69117200777411, 82.64928740430436, 24.963966840222348, 27.503464509621573, 49.898065933633994, 97.66213420506593, 0.0, 29.6311196122999, 47.23772349510629, 58.79022086796309, 38.79088670945212, 58.943724672548164, 58.52880709324038, 38.36194675931799, 57.97676301327473, 94.24098041068268, 42.03224452955375, 17.07180747308581, 49.66482626547564, 89.67454284963846, 22.605840945900276, 89.1046362090097, 22.264828116710962, 33.24950736937499, 10.28813083401729, 14.969139999909851, 5.668570829451317, 60.51685510952725, 68.22786897944991, 54.01541376347817, 29.54571901583179, 35.92937280030895, 36.43149770089899, 15.534976526878006, 59.606626854611285, 42.27624456554653, 57.71088401190514, 72.79066214735246, 90.31197844122616, 72.03233848670878, 81.23184263306631, 55.81184393839122, 94.41188904973727, 34.35751758169327, 5.432081692544147, 74.10233672391138, 73.32583526725476, 4.801623458912068, 73.59432157971, 53.04718556127122, 55.265056716297345, 33.60975293344424, 26.560676361763154, 72.90229120870876, 86.14457229913482, 47.52876024597531, 46.672225944973206, 68.3108307913961, 68.31060721034478], [47.03555755620336, 56.04766618096798, 18.72870109090168, 23.79729916358669, 33.75078869424456, 88.54799141537751, 29.6311196122999, 0.0, 70.95070819441186, 59.10286720233516, 62.314939868204085, 29.461714317268484, 35.77729049268348, 44.192400521403975, 57.66085948902669, 68.53136657234272, 28.58424267170478, 18.522693379878476, 65.33018518049175, 65.70058245384996, 22.02940838509704, 67.98536985503813, 33.582098167168844, 43.20671241647129, 25.360026095155494, 16.25904894626724, 32.21724463478321, 36.60143648202879, 39.15649744383192, 47.78513419834254, 33.009896599527984, 49.60775800924203, 43.32379580906234, 39.56383300458226, 73.19017435823939, 62.93229092687709, 69.34696316691381, 45.44879791042633, 73.10206945692192, 60.119067958029326, 65.28746063232256, 62.09266525531009, 92.43875102937739, 8.485936589262298, 27.692015244588884, 77.51874175000458, 55.0067729765712, 29.6352874903019, 45.3189812237802, 31.23623625200201, 73.81918345534027, 12.686877398054685, 40.90252814654307, 68.50094816625446, 87.11525291159141, 71.44360666239247, 44.81485893018619, 45.45118325715514, 62.058957587879476], [32.763867930177575, 109.64057571182789, 55.12422331276961, 74.72480115160533, 70.09967669697679, 92.68859676254553, 47.23772349510629, 70.95070819441186, 0.0, 51.91830861926659, 8.682275535184898, 99.05019805529665, 83.68599739420003, 39.32290012958441, 52.5447373362384, 118.03411253452254, 89.22190057765745, 64.06458328574466, 21.227797931929313, 110.64781121611243, 50.872955227688934, 105.15483586579825, 38.67778116947355, 34.463327485343825, 57.41090850373072, 55.09771068885028, 41.99758496113044, 86.76669701608135, 102.88501805630656, 59.50040313116276, 44.18418000706888, 27.5786100392231, 38.054024665704475, 32.42764704158143, 28.690967117580993, 10.786800440793208, 31.717517979428568, 102.57716040416348, 99.72320678488711, 77.86430909281833, 90.5753086041908, 40.881260583264776, 78.72069549199779, 78.14388830823225, 52.443249166091775, 55.22979836065905, 88.20657791342735, 44.17118409170883, 105.42134179974063, 78.67909317271581, 16.207016183577768, 79.05078805015887, 31.92874922552865, 67.08407775500707, 67.65785322035411, 0.7742326926135313, 50.94047536885191, 91.1759771383516, 67.05434928562354], [24.705221227498487, 68.514754767863, 41.68369000474211, 77.91988668824939, 33.71327120558549, 42.20178493880688, 58.79022086796309, 59.10286720233516, 51.91830861926659, 0.0, 48.23248955727805, 75.7477351927991, 46.48888013321136, 20.68523599530126, 1.7008564851075467, 73.29942718233431, 87.21320834769615, 66.90087120117704, 31.37657033787141, 64.64530175023458, 40.37752354745498, 56.68071080326678, 36.58217890061528, 26.809140537439028, 66.12428665525562, 52.126423378667035, 54.32767491015343, 49.700551551073715, 71.10711243920579, 14.745074546118452, 29.8483734161766, 28.743620925382636, 22.75318543671722, 48.585112294700195, 29.82023510028301, 41.65037172428311, 24.32686573824369, 65.33494689187788, 48.79913099335193, 27.25477293079212, 40.18865652393868, 11.943574041441172, 35.65017267332952, 67.42293562901483, 63.05497792625134, 18.660530591028017, 41.074547032097804, 54.05836526085347, 69.832744989304, 43.84202236054981, 40.602912723629494, 71.68246823749023, 34.33550004244904, 15.866408901400208, 28.34343407353073, 52.69049370110906, 14.290929675015215, 49.69346529171117, 15.219150131965675], [26.54307988025169, 102.3930590364733, 46.7800239361347, 66.29425291819034, 63.01782711548891, 90.01147338380756, 38.79088670945212, 62.314939868204085, 8.682275535184898, 48.23248955727805, 0.0, 90.56254515934828, 76.34239408718746, 33.09156177250687, 48.60683981573109, 111.23596527291913, 80.69513165142405, 55.50840681882533, 20.260599375773083, 104.13871328166314, 42.50990456782779, 99.24279890029926, 30.411770919573836, 27.55126947160868, 49.02229733488951, 46.42337597980155, 33.45930550227339, 79.35355155120062, 94.81868917479983, 54.002178109047875, 36.533643080185264, 21.312852335884376, 31.559964233489577, 23.79459765408062, 29.75744049450032, 7.630763179781671, 31.34916266074663, 94.96935087591646, 94.70736240282889, 72.9607030757884, 85.41169305356364, 38.20296336467309, 77.93404007837695, 69.46813531789978, 44.06386360920473, 54.42932398464947, 82.19512736656067, 35.58025387604715, 97.63157618487267, 71.20420659518165, 19.59175459451178, 70.37396970328493, 23.979800577208547, 63.899063035108725, 67.21522281623405, 9.135034103871252, 45.16235255802176, 84.19933504064537, 63.0118713975757], [71.43659761720058, 38.61436596200256, 44.11097717669291, 44.022477917216044, 42.609111234371476, 92.91071971905166, 58.943724672548164, 29.461714317268484, 99.05019805529665, 75.7477351927991, 90.56254515934828, 0.0, 33.75937557260078, 66.88896039334503, 74.07686025170653, 51.3985680705806, 37.09713975920626, 45.20951827166991, 90.37056062863269, 52.50189515755647, 48.28467891486285, 59.50048389156431, 60.53570958230349, 68.00953964258731, 53.22531545446687, 45.57717882016362, 61.675457423469936, 31.837519018155973, 16.614814441242032, 61.55192341479676, 57.12645136066616, 75.11133185697312, 66.71336297389257, 68.65868652400319, 96.66689570713349, 90.18673046948511, 92.03533221609376, 28.28175764457329, 69.66987652976174, 65.49004430456891, 64.80676380777155, 82.3524563525237, 103.35530285775225, 25.500170116704453, 56.426782807369854, 94.16746129259202, 53.41828727419182, 59.0940163470622, 24.90560412471485, 33.48688780227984, 99.73737615511723, 28.889723671105926, 67.66691898037988, 79.89069095735877, 100.98864181694353, 99.60253175734026, 62.719683255128345, 39.11476301670057, 72.79509729025705], [51.44762678509119, 26.078893625894406, 34.17093773246284, 59.45143506382111, 14.030535929766454, 59.26844080389833, 58.52880709324038, 35.77729049268348, 83.68599739420003, 46.48888013321136, 76.34239408718746, 33.75937557260078, 0.0, 45.25061027038503, 44.79663728485988, 36.158119370039074, 60.69126884074973, 53.470775288076226, 69.11872362391699, 31.156438346326084, 37.72765066334098, 32.21155479400587, 47.36171159236352, 49.25849938073726, 58.60173166582045, 43.87226884068133, 58.11323797741336, 3.2889027443455032, 24.917219086080195, 31.759918783023313, 39.88389161458515, 56.37340952550849, 46.06764511896878, 60.45905528705874, 72.61781969608931, 73.26197301108407, 67.31480450924754, 19.50485171590569, 38.415638933457494, 31.777690988980765, 31.95648063005551, 55.725919085945755, 70.09589881092741, 40.22844996401272, 59.10315021359556, 63.724561902957035, 20.68448087093755, 55.98996961070876, 23.513165702421382, 5.54879874860161, 79.26316139943549, 45.80304371089008, 52.576282334149155, 47.28246838616963, 68.78354106218057, 84.38465514961106, 36.36018195040821, 9.907462342398128, 40.22084073989691], [6.582385428486798, 70.82581535749573, 25.4796990781449, 59.6342830030628, 31.312315146050153, 61.808503322023654, 38.36194675931799, 44.192400521403975, 39.32290012958441, 20.68523599530126, 33.09156177250687, 66.88896039334503, 45.25061027038503, 0.0, 20.109600548745068, 78.76293544549924, 70.5904370350094, 48.17153899632249, 24.171463211868527, 71.32632838235631, 22.75587505398464, 66.15173307452487, 16.10102235155073, 6.581417706759299, 46.314859455754174, 33.68126015152814, 33.713638898584804, 48.45909298770934, 66.84986602436163, 21.238431242705747, 11.332834269142353, 11.824267975639378, 2.1091289485469793, 28.053122651620725, 29.80033811632382, 28.59270013693563, 25.409895899671767, 64.61434262121462, 62.070141230425804, 40.646078430262406, 52.683972114218065, 18.514220389945812, 56.12847335333089, 52.661018253819954, 42.87772162761614, 36.08474726074827, 49.10927117532432, 33.58513587810487, 68.03751702728063, 40.67683200373451, 34.18121296054604, 55.99610706480051, 13.928654274549672, 35.81466241900315, 47.82713779410485, 40.06500391705117, 12.252935411475784, 52.0812887122218, 32.67801861209553], [24.503486932915827, 66.91769874382871, 40.386423512980464, 76.70359070790676, 32.01446131063664, 42.21761821740948, 57.97676301327473, 57.66085948902669, 52.5447373362384, 1.7008564851075467, 48.60683981573109, 74.07686025170653, 44.79663728485988, 20.109600548745068, 0.0, 71.82620272177937, 85.8381146639688, 65.75134018835529, 32.218916079631185, 63.21523789506542, 39.19823081868281, 55.394320979034696, 35.83291974303172, 26.386784522236105, 65.1406338332885, 50.97696966098052, 53.61041790190111, 48.01103884490401, 69.40714138451519, 13.047699149423346, 28.84605198285244, 28.7472310814292, 22.20280758960744, 48.123352107467426, 31.09803114965991, 42.16970244108935, 25.58097855264428, 63.665529746645014, 47.798149242133356, 26.130974567888536, 39.074609578041546, 13.112918405514806, 36.584999924999714, 65.95649841237498, 62.15845156141103, 20.258212786406936, 39.643544461255814, 53.268461686245345, 68.15101204262909, 42.141241543102495, 41.6079640879418, 70.26269138497226, 33.904540615170184, 15.920630893457083, 29.624661039438276, 53.318264495295566, 12.89055182154503, 48.06821040457325, 14.510979413801795], [85.28611870863065, 12.989686639206273, 70.27627007651228, 90.61628083718368, 48.331621447456726, 63.5225464150782, 94.24098041068268, 68.53136657234272, 118.03411253452254, 73.29942718233431, 111.23596527291913, 51.3985680705806, 36.158119370039074, 78.76293544549924, 71.82620272177937, 0.0, 87.47097785850089, 87.02889320977701, 101.2814895215394, 9.248769283167347, 73.88460586722837, 20.47303163245045, 83.23045124645141, 83.72148738035276, 93.18671363908612, 79.36177706333083, 94.15341363117678, 33.81177845777316, 34.784223763398394, 60.4212084290282, 75.30464086424253, 90.4555032147937, 79.98016541831801, 96.57645039516893, 102.59836839642702, 107.34626383227842, 97.06812246248587, 23.922440728548427, 34.539103988010226, 48.04116161921135, 37.43065215388455, 84.63293538227119, 82.92685801079584, 70.24835878418665, 94.30861847413864, 86.35917083954544, 32.30816721036577, 91.9663488437943, 26.49416090249856, 41.70050727447762, 111.40943941889972, 75.42513132712833, 87.9483980981025, 66.5608965752447, 86.41506470412688, 118.76588611874556, 67.83343173865313, 27.16833983747417, 61.06546686492738], [72.08491308530411, 74.48601557415694, 45.705735088806726, 14.99497886365504, 61.72547502117559, 116.70479075790128, 42.03224452955375, 28.58424267170478, 89.22190057765745, 87.21320834769615, 80.69513165142405, 37.09713975920626, 60.69126884074973, 70.5904370350094, 85.8381146639688, 87.47097785850089, 0.0, 25.209438815325257, 88.81386967167192, 87.04826452942162, 47.85675252364852, 91.81420838337324, 57.05999924234393, 68.16562839195075, 32.10333842583739, 37.41885827407794, 47.23658282021078, 60.475120916954054, 53.1881654955683, 76.35216252752984, 59.27867415623537, 73.44623997931855, 69.34647224868341, 56.99529721288697, 97.82041463697922, 83.48073668316603, 94.69582216524662, 63.61217678515602, 99.08640815914409, 88.15079436823441, 92.05486916335958, 89.0149736330163, 120.99482519808492, 21.186021577517103, 37.023445915394824, 105.36343917617229, 81.1512999146009, 45.1597102150091, 61.261485788827045, 57.26137250177713, 95.90316308388685, 15.967570254730333, 63.87483633334161, 97.08086735327048, 115.41822275224433, 89.53244445607638, 72.9477496165248, 69.34245462730658, 90.63699467960265], [48.52669133613452, 74.57035487468592, 26.123529308277057, 11.662155096279038, 48.76950792498081, 101.68767360941486, 17.07180747308581, 18.522693379878476, 64.06458328574466, 66.90087120117704, 55.50840681882533, 45.20951827166991, 53.470775288076226, 48.17153899632249, 65.75134018835529, 87.02889320977701, 25.209438815325257, 0.0, 64.19912039543621, 83.96265967616543, 26.56879507074408, 85.57128844561082, 33.201137666425815, 44.67515304128542, 8.300027920004466, 14.775258619389191, 22.067899828240026, 54.63859226795657, 57.1041050853763, 58.611139627211614, 37.31081092776808, 49.20214568665885, 46.62086262119332, 31.786206095255135, 73.5745046456401, 58.318933041054905, 70.87822239614403, 63.95238752329236, 89.4402026635404, 74.07743203006186, 81.04778789159555, 66.63467928799855, 102.13420134862277, 19.710641924082516, 12.590114458503214, 84.07129968572279, 71.52100111189799, 19.95117445857474, 63.64977654794279, 48.51001849027443, 70.88293582410506, 17.434195725110307, 39.51473240980878, 79.0368465218921, 95.17740140323328, 64.39130751515164, 53.17360441369928, 63.31779638889695, 73.37134946738439], [18.938063789054922, 94.26003506760593, 47.05819152834201, 75.78965390680766, 55.09464136872947, 71.48239581485824, 49.66482626547564, 65.33018518049175, 21.227797931929313, 31.37657033787141, 20.260599375773083, 90.37056062863269, 69.11872362391699, 24.171463211868527, 32.218916079631185, 101.2814895215394, 88.81386967167192, 64.19912039543621, 0.0, 93.28253929786683, 43.34750460857492, 86.65881401820901, 32.0715718066369, 22.430047101447794, 59.63455607250758, 51.64040725765614, 44.01245456663191, 72.36692578607683, 91.0133255362136, 41.1025717608291, 33.27325964873132, 15.726566760241596, 23.884043788424545, 34.51980632962665, 10.365814848944366, 12.635424246084895, 11.089124449498245, 88.58002891481972, 79.9647933975743, 58.17350308940857, 71.07701562525847, 19.86320766562194, 57.9247392206725, 73.5053033063787, 55.05360004756805, 34.37573034179048, 70.0938854703673, 45.279586462312295, 92.13388773752962, 64.73347696387253, 10.180937065815183, 75.86264467906022, 24.979679636656595, 46.07117458653797, 47.06403220457897, 21.974918588819715, 33.50047437146809, 75.2776511848522, 46.594736872732646], [77.89546448679472, 14.989009236141817, 65.13225887896776, 88.65827416325739, 41.82904229305247, 54.67470280031552, 89.67454284963846, 65.70058245384996, 110.64781121611243, 64.64530175023458, 104.13871328166314, 52.50189515755647, 31.156438346326084, 71.32632838235631, 63.21523789506542, 9.248769283167347, 87.04826452942162, 83.96265967616543, 93.28253929786683, 0.0, 68.46751928015475, 11.552959788419374, 77.0176085602583, 76.58942063849612, 89.54900529947423, 75.0217593863633, 89.09989280875907, 29.440808799711146, 36.29151553475217, 52.22764480982489, 68.76606978632114, 83.11240508133726, 72.66732090934518, 90.73915057676777, 94.15493867294299, 99.89972932325314, 88.6187951553887, 24.22737145321294, 25.7130335691163, 38.947308686905814, 28.182524220927682, 76.14213600109088, 73.73684805406435, 68.49169185168074, 90.22356768818014, 77.25932642857447, 23.57224794258843, 87.0388995494641, 28.270779585233576, 36.628490469597466, 103.35360163539445, 73.88824659795682, 81.26947879811969, 57.40488991185455, 77.1684827792188, 111.39100982534214, 60.01018513057889, 21.39014875192377, 52.038214570795404], [25.031918619850334, 63.208038663640046, 4.279508945068751, 37.56455400726432, 27.555670698088687, 76.18768114968718, 22.605840945900276, 22.02940838509704, 50.872955227688934, 40.37752354745498, 42.50990456782779, 48.28467891486285, 37.72765066334098, 22.75587505398464, 39.19823081868281, 73.88460586722837, 47.85675252364852, 26.56879507074408, 43.34750460857492, 68.46751928015475, 0.0, 66.9748666912076, 12.251476686899299, 21.183443279752893, 26.94929623332749, 11.815304083888565, 20.832140843008894, 40.18556467315136, 52.672095101747274, 32.58073545661714, 11.427342631498744, 27.64811337406255, 21.623109656633567, 22.984450480743792, 51.19226941473381, 41.91754415007362, 47.480722329747024, 54.38397901621525, 67.71241552886872, 49.697115777929405, 58.627366057274465, 41.159887988533015, 75.57283407080506, 30.346000263059256, 25.123910151228156, 57.89709347214752, 50.874088275706086, 19.04214610736889, 56.30454177444447, 32.184160031802946, 52.070506613043214, 33.32543259353767, 19.430764094223196, 52.649117895788635, 68.69835499101586, 51.45051662313975, 26.616751239072567, 47.127087124440735, 47.277245962395796], [72.71290814234817, 25.061576626474658, 64.15366124564294, 91.60781252472255, 39.44244182470547, 43.132886252382384, 89.1046362090097, 67.98536985503813, 105.15483586579825, 56.68071080326678, 99.24279890029926, 59.50048389156431, 32.21155479400587, 66.15173307452487, 55.394320979034696, 20.47303163245045, 91.81420838337324, 85.57128844561082, 86.65881401820901, 11.552959788419374, 66.9748666912076, 0.0, 74.03128777927002, 71.93543816496793, 90.3029414772016, 75.02824531888386, 87.80602095240039, 31.626672833666778, 44.244632855166834, 45.74349316418748, 65.36212294222173, 77.95564063826765, 67.72059108812054, 88.18081418336594, 86.48815245868548, 94.36916944126122, 80.97514614945456, 32.07785176228751, 14.16032916396803, 29.814130916114276, 17.743743527387224, 68.4981440264685, 62.5708177770556, 72.04226631806422, 90.34255106333323, 67.66864203365121, 17.07102640581485, 85.96677073673844, 36.89415665002715, 37.06612104603549, 96.53266565106, 77.58765688995426, 77.39244031624241, 47.66348110111986, 66.58396467454128, 105.9151182853928, 54.22408987820621, 22.663212869717036, 42.97016945152832], [15.333493786219794, 73.35724630169096, 16.46556306739107, 44.848802211088, 35.19403352462925, 76.46241923023416, 22.264828116710962, 33.582098167168844, 38.67778116947355, 36.58217890061528, 30.411770919573836, 60.53570958230349, 47.36171159236352, 16.10102235155073, 35.83291974303172, 83.23045124645141, 57.05999924234393, 33.201137666425815, 32.0715718066369, 77.0176085602583, 12.251476686899299, 74.03128777927002, 0.0, 11.524847881698477, 30.44831023604758, 19.672386613740077, 17.788072471128526, 50.15199270781974, 64.44938441519058, 33.44795142051668, 8.898265012543717, 16.44745090596555, 14.201407759564498, 14.315842998018224, 40.76502497119092, 29.68494736337079, 37.74643062083997, 65.21753960650666, 72.61826913360201, 52.54944193539078, 63.23337284796141, 33.938493385976024, 72.1672075563373, 41.568073743336946, 26.81954830312493, 52.01397653815754, 57.212636865710465, 17.498357933799205, 67.56188808645467, 41.96370360008547, 40.24505781294563, 43.79110776071271, 7.321952170920495, 51.0822833225087, 63.91434452439425, 39.269464913211586, 25.250552357386997, 56.0906661405215, 47.013716261593245], [3.921020735533175, 75.17903290310086, 24.70556565025898, 56.303098327360914, 35.640269193120446, 68.31036672599636, 33.24950736937499, 43.20671241647129, 34.463327485343825, 26.809140537439028, 27.55126947160868, 68.00953964258731, 49.25849938073726, 6.581417706759299, 26.386784522236105, 83.72148738035276, 68.16562839195075, 44.67515304128542, 22.430047101447794, 76.58942063849612, 21.183443279752893, 71.93543816496793, 11.524847881698477, 0.0, 41.89375691897211, 30.773530788639476, 28.251834180407084, 52.37053767245497, 69.51248086101022, 27.61106806647592, 10.88474717872609, 7.30204693548588, 4.547738121500655, 21.77897725332655, 30.025348139030292, 24.01249845737347, 26.542620229702973, 68.31154642454777, 68.3696791691818, 47.08844518597707, 58.95886678231245, 22.57520640344404, 61.859189797358304, 51.52324157193214, 38.079343935481454, 40.86850650871183, 54.86461959365317, 28.449118320733266, 71.39209245990499, 44.342924974919406, 31.768845809771552, 54.2995941402501, 7.526514417717897, 42.2176426540811, 53.06894921924423, 35.173979575712, 18.62646121574007, 56.75537362245724, 39.24706269555861], [45.5614905368756, 80.99204104398653, 27.81448296707833, 17.336363848063932, 52.18064872394725, 103.13340700789831, 10.28813083401729, 25.360026095155494, 57.41090850373072, 66.12428665525562, 49.02229733488951, 53.22531545446687, 58.60173166582045, 46.314859455754174, 65.1406338332885, 93.18671363908612, 32.10333842583739, 8.300027920004466, 59.63455607250758, 89.54900529947423, 26.94929623332749, 90.3029414772016, 30.44831023604758, 41.89375691897211, 0.0, 15.855946535654962, 15.881726678996436, 60.1082187131143, 64.46053382609944, 59.51844144111745, 36.294588660987245, 45.39506869715576, 44.54007793225545, 25.79952832933823, 69.42607174539623, 52.55416650191296, 67.24843746535659, 70.59100877691004, 93.07090416061166, 76.31991746032861, 84.33684547958222, 64.38678698169521, 101.72538488621068, 27.787619763254398, 4.968578314700198, 82.38531817801355, 75.45424886098813, 14.357737300752163, 70.66134625652656, 53.371116510475076, 65.49942891296854, 25.73421888662009, 35.79348997625768, 79.34746622333267, 94.04603678897162, 57.67977377901167, 53.083259895854845, 68.50913640945609, 74.17866996348637], [34.68797659880671, 67.69081895573181, 11.993892363921017, 25.991736935583134, 36.43698334284398, 87.58998014182573, 14.969139999909851, 16.25904894626724, 55.09771068885028, 52.126423378667035, 46.42337597980155, 45.57717882016362, 43.87226884068133, 33.68126015152814, 50.97696966098052, 79.36177706333083, 37.41885827407794, 14.775258619389191, 51.64040725765614, 75.0217593863633, 11.815304083888565, 75.02824531888386, 19.672386613740077, 30.773530788639476, 15.855946535654962, 0.0, 16.295704652331107, 45.722568982980846, 53.59691204529257, 44.1745779715128, 22.629362256662418, 36.10758499578324, 32.249786689087905, 23.330200982682538, 60.43294561432732, 47.673878661483634, 57.28420265101346, 57.82857007637402, 77.30169116127954, 60.51518409665726, 68.51061323692203, 52.19400829208193, 87.3865261178391, 23.046864158911294, 15.316759284974216, 69.39794244603894, 59.808248966341374, 13.751666181406328, 58.717280116189684, 38.460525836704214, 59.32627075729316, 24.428841625810904, 26.666032889730936, 64.41811038410724, 80.41203708788105, 55.556223478997104, 38.4320216023849, 53.72894089867335, 58.92009758471402], [31.536633109381963, 82.96157464239768, 23.968957365213335, 32.926129122331815, 48.3770161080555, 94.02374628322306, 5.668570829451317, 32.21724463478321, 41.99758496113044, 54.32767491015343, 33.45930550227339, 61.675457423469936, 58.11323797741336, 33.713638898584804, 53.61041790190111, 94.15341363117678, 47.23658282021078, 22.067899828240026, 44.01245456663191, 89.09989280875907, 20.832140843008894, 87.80602095240039, 17.788072471128526, 28.251834180407084, 15.881726678996436, 16.295704652331107, 0.0, 60.3417989281373, 69.81143674845758, 50.60363218156349, 25.814493899190072, 30.473870904382995, 31.713720843597088, 9.925557095477382, 53.98700034778608, 36.68405109062404, 52.185280974344955, 73.47488573092517, 88.15442349066431, 69.14572184249663, 78.93454708212954, 50.71930799081065, 89.84156362153874, 37.89775995414078, 11.095339369395855, 69.10270440352814, 71.61947010203748, 2.582236386921299, 74.67511663718331, 52.57249506495881, 49.62278062995098, 37.79161834745933, 21.28522534717845, 68.84267177347697, 81.30361997321643, 42.323626476985325, 42.82350056233659, 67.71520973920478, 64.58438307398836], [54.61987809582053, 23.205264814077754, 36.49049908164022, 60.0522850568005, 17.295503903497018, 61.07859857086374, 60.51685510952725, 36.60143648202879, 86.76669701608135, 49.700551551073715, 79.35355155120062, 31.837519018155973, 3.2889027443455032, 48.45909298770934, 48.01103884490401, 33.81177845777316, 60.475120916954054, 54.63859226795657, 72.36692578607683, 29.440808799711146, 40.18556467315136, 31.626672833666778, 50.15199270781974, 52.37053767245497, 60.1082187131143, 45.722568982980846, 60.3417989281373, 0.0, 21.95018097940183, 34.98532527620615, 42.84904627629868, 59.51504050678468, 49.24353037981604, 63.04232607802006, 75.90586554070545, 76.38175207549968, 70.60370669857181, 16.230393003758454, 38.99336654812865, 34.081995003861735, 33.17151851280364, 59.00591755549818, 72.64845037473901, 40.42259658464529, 60.845873925774924, 66.81694311435363, 21.773911702761694, 58.15858990324175, 20.235688227104948, 8.194414054196018, 82.50501570085235, 45.975649971127574, 55.52440887359225, 50.09243226020148, 71.63189988061688, 87.46077658713321, 39.648407003563484, 8.963970548368259, 43.06425158258439], [72.39861804215197, 22.04828489120223, 48.41887135032303, 58.2521626492038, 37.5967351798938, 81.12269048160773, 68.22786897944991, 39.15649744383192, 102.88501805630656, 71.10711243920579, 94.81868917479983, 16.614814441242032, 24.917219086080195, 66.84986602436163, 69.40714138451519, 34.784223763398394, 53.1881654955683, 57.1041050853763, 91.0133255362136, 36.29151553475217, 52.672095101747274, 44.244632855166834, 64.44938441519058, 69.51248086101022, 64.46053382609944, 53.59691204529257, 69.81143674845758, 21.95018097940183, 0.0, 56.36949097129574, 58.952816522125424, 76.81442143083068, 67.19749122201135, 75.10529960496369, 95.75124854667207, 93.11228071804719, 90.65790835339295, 12.219715445697728, 55.67219482312603, 55.502025018476544, 52.201253384555145, 79.64567143460297, 94.29314178251794, 38.228478994902794, 66.7960375053278, 88.60889746036993, 41.19533062423838, 67.30956329114339, 8.295154824862246, 27.361609764815817, 100.92964708358629, 42.776451530968565, 70.95763846209493, 72.0221911662072, 93.57205459456482, 103.51662410230794, 59.86596216616244, 26.462768491678265, 65.00805308569915], [27.57062496849884, 54.53110769913569, 32.49107185527978, 68.79175332200008, 19.120272469544254, 43.70449092867932, 54.01541376347817, 47.78513419834254, 59.50040313116276, 14.745074546118452, 54.002178109047875, 61.55192341479676, 31.759918783023313, 21.238431242705747, 13.047699149423346, 60.4212084290282, 76.35216252752984, 58.611139627211614, 41.1025717608291, 52.22764480982489, 32.58073545661714, 45.74349316418748, 33.44795142051668, 27.61106806647592, 59.51844144111745, 44.1745779715128, 50.60363218156349, 34.98532527620615, 56.36949097129574, 0.0, 24.824562333511917, 32.73140318732949, 23.101531842915243, 47.42369194257927, 42.31873898484224, 48.72993936941423, 36.819678112912385, 50.74999193444623, 40.83814564217085, 19.506807626803674, 31.46854640621441, 24.590215876270854, 44.65598830008632, 55.72792847568344, 57.36954924781415, 32.66257162186419, 29.00459101654089, 49.65239040705513, 55.160075797274324, 29.150437600898243, 51.13510337661048, 60.4659809831549, 34.283442627696694, 20.758179723546785, 40.057845721309, 60.26550290510562, 8.99334262557655, 35.51517760435123, 14.760729527969069], [14.393991248514368, 65.96175155586094, 14.287296541680076, 48.619092854413495, 27.001740620530807, 68.23166341072626, 29.54571901583179, 33.009896599527984, 44.18418000706888, 29.8483734161766, 36.533643080185264, 57.12645136066616, 39.88389161458515, 11.332834269142353, 28.84605198285244, 75.30464086424253, 59.27867415623537, 37.31081092776808, 33.27325964873132, 68.76606978632114, 11.427342631498744, 65.36212294222173, 8.898265012543717, 10.88474717872609, 36.294588660987245, 22.629362256662418, 25.814493899190072, 42.84904627629868, 58.952816522125424, 24.824562333511917, 0.0, 18.07042640496583, 10.315148657659536, 23.208097313519673, 40.33873961149053, 34.174890250251956, 36.345896762297855, 58.449586236527104, 63.722235673229925, 43.72757921915539, 54.33538269931518, 29.74968279746733, 65.43084031351657, 41.44891496191473, 33.41893159669372, 46.77262191616842, 48.463371786563464, 25.01081153454498, 61.23808413748747, 34.68261720547499, 42.64518454653422, 44.679096192604646, 12.697647172150415, 43.38299811076577, 57.956162856214156, 44.850752992363795, 17.12657377347395, 48.14015181692362, 38.81567389161353], [5.244994209719525, 82.2024014401198, 31.436061682927534, 60.85810578984841, 42.62660458761551, 70.93286027712598, 35.92937280030895, 49.60775800924203, 27.5786100392231, 28.743620925382636, 21.312852335884376, 75.11133185697312, 56.37340952550849, 11.824267975639378, 28.7472310814292, 90.4555032147937, 73.44623997931855, 49.20214568665885, 15.726566760241596, 83.11240508133726, 27.64811337406255, 77.95564063826765, 16.44745090596555, 7.30204693548588, 45.39506869715576, 36.10758499578324, 30.473870904382995, 59.51504050678468, 76.81442143083068, 32.73140318732949, 18.07042640496583, 0.0, 10.475588262981907, 22.15204098164031, 24.401795780108973, 16.938446129692615, 21.853437757432346, 75.51728612170474, 73.51830169378368, 51.87147586112288, 64.1835437050061, 21.435900143474445, 62.13343899377415, 57.78038745939522, 41.1291586037521, 39.813383079025535, 60.923281198343595, 31.25842892331546, 78.6547593346415, 51.53448867764561, 24.628688684313726, 60.200314053927755, 9.694180713158076, 44.59769004554694, 52.51334024219717, 28.31129847008899, 23.854288157442824, 63.62845802080984, 42.68602113703009], [5.382537365915534, 71.79919171855732, 24.59769073694886, 58.1385248729498, 32.22818436840674, 63.91418034154655, 36.43149770089899, 43.32379580906234, 38.054024665704475, 22.75318543671722, 31.559964233489577, 66.71336297389257, 46.06764511896878, 2.1091289485469793, 22.20280758960744, 79.98016541831801, 69.34647224868341, 46.62086262119332, 23.884043788424545, 72.66732090934518, 21.623109656633567, 67.72059108812054, 14.201407759564498, 4.547738121500655, 44.54007793225545, 32.249786689087905, 31.713720843597088, 49.24353037981604, 67.19749122201135, 23.101531842915243, 10.315148657659536, 10.475588262981907, 0.0, 25.946536374659487, 30.17877700451927, 27.39570051211347, 26.04858599290519, 65.33434734580165, 63.89820104664888, 42.56056946427649, 54.496836374425904, 20.016527481661626, 58.13409918754163, 51.76390177200547, 41.016295042118735, 37.848869561288026, 50.65901592675087, 31.64436505801375, 68.63390772285763, 41.35549443991312, 33.73225562480968, 54.94180848902201, 11.822771314119613, 37.92277844841787, 49.71854236687064, 38.78594223756485, 14.109416029229987, 53.16859579121472, 34.76349207891722], [24.357688436459913, 86.14571951545221, 27.019942299166384, 42.82198668111626, 49.04845485103458, 89.75445257414833, 15.534976526878006, 39.56383300458226, 32.42764704158143, 48.585112294700195, 23.79459765408062, 68.65868652400319, 60.45905528705874, 28.053122651620725, 48.123352107467426, 96.57645039516893, 56.99529721288697, 31.786206095255135, 34.51980632962665, 90.73915057676777, 22.984450480743792, 88.18081418336594, 14.315842998018224, 21.77897725332655, 25.79952832933823, 23.330200982682538, 9.925557095477382, 63.0423260