instance_id,num_cities,city_coordinates,distance_matrix,best_route,total_distance
880,90,"[[41.64074021190397, 63.56104206816467], [25.12805274711004, 29.079655692932903], [12.806520010924006, 20.824665603205872], [60.11026488604491, 19.077819611480805], [7.289915588133445, 78.73438946150421], [62.64005915313149, 45.54650188499749], [84.41196815645078, 73.23517502110813], [49.917398885277485, 9.0470949959103], [97.15426783475985, 43.48356454559579], [92.26310600876756, 17.137747731885224], [99.5239304595531, 52.980640002829325], [84.27834522727842, 20.940350750889657], [87.07763143944378, 94.28842916993732], [63.41237159940183, 18.478172913508228], [94.90946611043424, 96.97788173593965], [41.97792589821457, 67.71401176052989], [19.914976932159732, 0.23596571384351117], [49.24373985107743, 70.67758599575022], [79.17399025377424, 16.95152041976088], [75.75763121079915, 12.340092947677705], [61.086559653540704, 61.10570249507774], [33.4821494913259, 25.742114897047518], [76.30168119737971, 77.61596393442481], [73.02638351066922, 89.78562475291253], [61.48919926367798, 37.313513222851235], [9.306594437145776, 94.50789000320849], [17.298929946021925, 82.71591063124892], [90.14696391205148, 27.87944914795919], [80.39946588363021, 47.36061115963229], [72.82691874646477, 12.367510666743298], [28.446757394164123, 1.8267844265941857], [2.3390437821087073, 37.025782227009195], [48.4790000539165, 23.441494378166606], [21.193191187382066, 8.533066116706578], [95.9638485560081, 19.401416987081998], [24.458507162919553, 25.64562045018839], [16.74008531557496, 67.05886567216223], [11.30085611746674, 41.04380264211785], [6.201463950320518, 93.92041639225243], [68.85965072754414, 38.39101753340639], [29.260436802741108, 6.672207637288141], [55.53022895486678, 46.74032561236676], [54.48307355126957, 99.72690736105778], [3.9724387925469062, 34.95835189341524], [47.28719212016978, 45.40000070360393], [75.7132717414395, 87.5959634012874], [50.381039481136455, 21.07481261488171], [77.7057982474611, 78.64470914273731], [18.386448728695882, 49.031598110957894], [94.55332313655076, 71.14658756715498], [24.78903541445614, 82.4625169398532], [7.774272881613542, 10.184499195000685], [98.21223937129434, 43.01309932811953], [74.54600972612722, 85.59405679692354], [79.20138872660762, 18.205145250188416], [49.58083432077578, 43.342569778384465], [84.69504433076676, 77.17066914997736], [97.34348835340886, 21.84647571614805], [75.70722392569486, 43.05596890198957], [70.93530902734246, 17.745325489367016], [92.9026399572934, 26.355666987879044], [76.53235348230659, 8.89791711508211], [77.08629605719607, 87.4175449418141], [87.447048910255, 59.85948036317655], [4.680808219403065, 16.902510031140107], [42.925187513775356, 12.417759372077287], [21.67493901522096, 6.550428369564198], [7.31164627675811, 63.751745295103724], [54.461180367730066, 86.68611095332915], [91.2795751308808, 91.41157599759745], [83.40817872863342, 67.09458506130329], [9.372339128712426, 13.4205128543741], [67.47703700913316, 78.36647418226895], [58.548559612079984, 50.43501571184423], [21.26484327921124, 66.55616213658153], [52.78453593651563, 2.3997119663946798], [35.11094358379587, 97.25028048204244], [73.69093715024071, 40.44338886338469], [58.9794140580637, 35.32527239714548], [85.3538949303229, 74.89850603652957], [98.63374826039116, 55.6208364051014], [22.331421876676018, 31.160928855251246], [29.034179464156516, 4.768207216520592], [14.987158848228466, 94.292899310191], [71.33862695550079, 60.93760926096219], [30.01456534523691, 93.63600780257974], [68.25963202653453, 73.91839874270022], [4.475847199300165, 74.51982665682912], [9.285567946295147, 57.74290879545468], [40.379730856209626, 19.39835502520615]]","[[0.0, 38.2313334016482, 51.55395356278008, 48.16513699575165, 37.552757867458986, 27.66758128218551, 43.85164521743294, 55.138675212522834, 59.03267614468144, 68.68585135167432, 58.84223501116945, 60.28672067553124, 54.85146673084931, 50.06464845066781, 62.88276657586344, 4.166635507547643, 66.94829411843207, 10.413971432000695, 59.84306448535683, 61.54305712453688, 19.600219033875717, 38.68893711282549, 37.40216114966232, 40.899723009655034, 32.907356278125874, 44.757171270066195, 30.97471092180254, 60.21652440129711, 42.00824653943869, 59.94460266727787, 63.12843851348311, 47.4209168732261, 40.69815603337465, 58.7041770100261, 70.00766091983834, 41.62701441394176, 25.145126450880227, 37.782729364536415, 46.66512521460659, 37.07289069844379, 58.220369248284676, 21.814087182993497, 38.37831859244321, 47.2970909998939, 19.01856573450387, 41.6967006886707, 43.375944075867146, 39.09226807854274, 27.420189898897792, 53.453549295391745, 25.322829757067023, 63.213866663291064, 60.187643814898415, 39.60063761912648, 58.88938523204346, 21.721687692036056, 45.15412553095825, 69.59095628350514, 39.76158118299842, 54.380618309386435, 63.340526524264824, 64.84968701734537, 42.72610628810171, 45.95562507054457, 59.523568313234875, 51.159409396544014, 60.405656123549555, 34.32962362346597, 26.441113757418023, 56.918065429773, 41.91664163948651, 59.626524117247534, 29.77776103537446, 21.404834145019375, 20.594851784753157, 62.16825944941316, 34.316221075630544, 39.517603842877975, 33.13439752973261, 45.1594728121399, 57.54346037897502, 37.71759683199312, 60.12921755502345, 40.67997602081836, 29.813535126338337, 32.24393750701923, 28.562917195597375, 38.74692545608021, 32.8741212371713, 44.1806866339744], [38.2313334016482, 0.0, 14.831218100695423, 36.38395101048921, 52.76165011568684, 40.96715328306943, 73.92085303486917, 31.871855453327033, 73.45235360482475, 68.18888870040139, 78.14092187571565, 59.707666052434455, 89.94406283092245, 39.725061448742686, 97.36331316656371, 42.14892280908471, 29.310998124633038, 48.08278454888513, 55.390026414315884, 53.32510831037465, 48.15269351462069, 8.996116438548206, 70.53023086931847, 77.32699896831974, 37.28175674270612, 67.3139835993552, 54.20464009328489, 65.02998773508376, 58.21616994343875, 50.5418401821777, 27.45419444809861, 24.134619460485855, 24.02198166547837, 20.919977980583944, 71.49390374239843, 3.498698234732506, 38.8944518958538, 18.284752633178023, 67.54657660865708, 44.71190133786007, 22.785309441604085, 35.15951621070298, 76.50327714988433, 21.95720999608265, 27.520558116106965, 77.35000096007174, 26.491335407886446, 72.25727538028025, 21.060133688874885, 81.17570403733741, 53.383937730929745, 25.65503098227445, 74.40053216243498, 75.07337746580163, 55.1559665069971, 28.30846595805536, 76.55698571425772, 72.57677336713209, 52.47465948465256, 47.188682637750745, 67.82930624719681, 55.22413155586278, 78.12149748875035, 69.50579033082795, 23.79858578244434, 24.379433851297478, 22.792324985252908, 38.98176672365889, 64.64469091639015, 90.89165089576477, 69.58238239169758, 22.213762987466744, 64.98174316549103, 39.66083308062022, 37.67509684942694, 38.42786046161197, 68.8976936739884, 49.874724792434286, 34.42270167521239, 75.67376767074684, 78.15063369216645, 3.4860926840305257, 24.623248220957255, 65.99700653932895, 56.12794646352116, 64.74102720127598, 62.21612338791559, 49.913151886222394, 32.75005958900343, 18.064918149897995], [51.55395356278008, 14.831218100695423, 0.0, 47.33598789641274, 58.171892196334134, 55.628686957195335, 88.73669873037731, 38.934926483001966, 87.3382405606779, 79.54207956687185, 92.48738273140421, 71.47191884097215, 104.46589180309628, 50.66022347895682, 111.98306160119907, 55.223017886587904, 21.781292958300106, 61.74936972427358, 66.48039079343361, 63.520314659532204, 62.87705591849051, 21.252363679562038, 85.18736444003595, 91.55351356870722, 51.399273876684354, 73.76630014446386, 62.05407285703517, 77.66153638505207, 72.6151687894769, 60.613296676493654, 24.607651545906574, 19.288448316515503, 35.768332715618165, 14.880177127929027, 83.16950719691897, 12.609932998510084, 46.40123050116492, 20.275120871609207, 73.39356612795235, 58.74121366868548, 21.7030745349388, 49.969358007054254, 89.23283515285056, 16.667395691077093, 42.34222295064557, 91.73693706967113, 37.57535212003774, 86.91992723499467, 28.75355014589143, 95.99393549285165, 62.791762141179966, 11.770159402690835, 88.24093999174772, 89.48094001461158, 66.44652345046154, 43.12083256851953, 91.33910468456217, 84.54314349753739, 66.71378717578685, 58.21029503491618, 80.28686322668517, 64.83231587041564, 92.55539523531476, 84.23137964984956, 9.022776537759814, 31.26995689997514, 16.804841690359886, 43.277335965017244, 77.9284332772586, 105.54872002485698, 84.41267476126282, 8.161805943526259, 79.37206790427608, 54.4895129399214, 46.50712856856462, 44.01954876944447, 79.61382995765452, 63.96723030391267, 48.3963195096573, 90.48260510675176, 92.61256184482113, 14.055678338941517, 22.82863962774485, 73.50058877153941, 70.95812703462308, 74.81716632633243, 76.77233962114018, 54.33756003050623, 37.085762549035444, 27.61007638858485], [48.16513699575165, 36.38395101048921, 47.33598789641274, 0.0, 79.67995749386478, 26.58930236636833, 59.35985113532164, 14.300697662107698, 44.36100247124134, 32.211318991327296, 51.98882826558396, 24.23974277144016, 79.89915299288201, 3.3561115757355653, 85.31942384269884, 51.906270371977364, 44.392303747335035, 52.73155845645712, 19.181938722374113, 17.036344487511872, 42.039220867546774, 27.44939637091676, 60.736120249327584, 71.87781179365469, 18.28775496078167, 90.94343544413384, 76.69822050078557, 31.299711993504232, 34.8075850193116, 14.37850936431018, 36.05795226629747, 60.494986154955754, 12.422881270644, 40.320347859768134, 35.855043958145515, 36.25167356971753, 64.6773009413043, 53.52441307329199, 92.23650639099861, 21.202626407473623, 33.25073083743623, 28.03909712133995, 80.84516458735882, 58.340781825935345, 29.2794879156971, 70.27225520310347, 9.93205960690673, 62.11132845706672, 51.362492941133574, 62.429807448602475, 72.56176063736332, 53.08622426880712, 44.99620067059369, 68.06467908098912, 19.11105884132428, 26.450841360740778, 63.08082551653884, 37.33601995923739, 28.604488715627213, 10.90674659311878, 33.59028021984316, 19.32137181205445, 70.41664357628312, 49.09626884451312, 55.47212487483644, 18.43049881808343, 40.42536092757216, 69.16251703802277, 67.84388855349692, 78.76355892203514, 53.37042770748557, 51.052347937196664, 59.74457207418719, 31.396061387367954, 61.34459869249654, 18.216080238708095, 82.07252709727277, 25.316441468053878, 16.286759825623655, 61.26328338226737, 53.09850136936417, 39.66412116918048, 34.212396759690826, 87.71204542469269, 43.33956742125634, 80.40319991884598, 55.44277504091971, 78.54301099753962, 63.86030802166603, 19.73313751165638], [37.552757867458986, 52.76165011568684, 58.171892196334134, 79.67995749386478, 0.0, 64.53738664105282, 77.31786567030782, 81.69101139160104, 96.5309404385857, 104.9504138278091, 95.76204420584108, 96.26717617540046, 81.28965341309404, 82.3440447234391, 89.49866280619732, 36.39652159127884, 79.50719907535246, 42.72043366319884, 94.78630226759891, 95.37311304635146, 56.61139034558657, 59.111879350552776, 69.0208277852792, 66.65893050744697, 68.21474429564297, 15.901896519572718, 10.771855886593686, 97.21890459805806, 79.55702551845928, 93.27197534057922, 79.76460159375915, 42.0014172270539, 68.94813214167871, 71.56484382536924, 106.69333629914135, 55.79585945030924, 15.020771073182047, 37.903403260387435, 15.22498410210231, 73.60991742738211, 75.33698860259747, 57.8856455030374, 51.65152433662143, 43.90156167440962, 52.066914675665316, 68.9948053115045, 71.9824406400179, 70.41593976687223, 31.707867505615848, 87.59267683173672, 17.891845326595604, 68.55160142212159, 97.68766314598479, 67.60500894646269, 93.99494334132342, 55.14619395509921, 77.42092208748434, 106.51704416707139, 77.16137488263509, 88.14988389231804, 100.36468074915, 98.3445375977792, 70.33442909185644, 82.34942753832902, 61.8869029371534, 75.2845803045506, 73.60335004550109, 14.982659925387166, 47.836786008158654, 84.94100287009518, 77.0030845486162, 65.3470654678064, 60.18824591727904, 58.551713397616425, 18.536661639797664, 88.86362286631021, 33.41927316713936, 76.65048200302869, 67.49930145105297, 78.15816574349591, 94.22277910435758, 49.89469977345257, 77.09610319210856, 17.358421083634372, 66.47527971604735, 27.174766526432222, 61.15962793528621, 5.067693807994069, 21.086130249236522, 67.93894948482024], [27.66758128218551, 40.96715328306943, 55.628686957195335, 26.58930236636833, 64.53738664105282, 0.0, 35.223268469680534, 38.65323773691379, 34.5758052890354, 41.0436623310248, 37.62560793002117, 32.76702760186186, 54.524952220970356, 27.079344523518824, 60.71656659222356, 30.303832178880775, 62.27742238489203, 28.47863689547508, 33.03095279640033, 35.70344928995817, 15.63656242017249, 35.24765864301483, 34.8581455763147, 45.442003980705614, 8.3130367974755, 72.39941978409348, 58.6291987351159, 32.69181184684611, 17.851821192236926, 34.70760099222179, 55.50311324441553, 60.90004202187675, 26.2519894805805, 55.56831193714329, 42.356114133457524, 43.05666027763401, 50.69111750592692, 51.53627915176879, 74.3327023134634, 9.480731810275506, 51.23875429313411, 7.209362006459841, 54.79099151922045, 59.615422492991875, 15.353565993864496, 44.03482827477634, 27.370552406764848, 36.3657506197069, 44.39062886806087, 40.91235516331479, 52.87241403223517, 65.27423486674684, 35.66227886701371, 41.77987928980109, 31.96603541062159, 13.243891797827999, 38.555289214180924, 42.024031680251866, 13.30238887316002, 29.01235218758655, 35.83450768431022, 39.19329799042311, 44.29309209520315, 28.639973703319775, 64.65100956769932, 38.55113155594341, 56.55824270196627, 58.246580663929585, 41.94474332358521, 54.07242271984903, 29.927156217645194, 62.20553968735928, 33.17449225494064, 6.374789089036313, 46.403817865564605, 44.25807065556856, 58.57587323499395, 12.172249874955202, 10.856972633076829, 37.11412781441559, 37.37696980191172, 42.79872603803784, 52.84150325018197, 68.1689824583288, 17.67911955021773, 58.112162458526235, 28.923072633861178, 64.98099030135081, 54.73074157606331, 34.34017763623182], [43.85164521743294, 73.92085303486917, 88.73669873037731, 59.35985113532164, 77.31786567030782, 35.223268469680534, 0.0, 72.86964338134896, 32.36548357399362, 56.64416752010513, 25.27088430302881, 52.29499498556465, 21.221339990525813, 58.64565060915022, 25.95984563591225, 42.791718662887746, 97.41019677873618, 35.26110525439461, 56.526862532717004, 61.50697983724042, 26.290659664362853, 69.63790052270487, 9.217812433626356, 20.08852717476423, 42.612429173421006, 78.059884474845, 67.77937920594933, 45.7168682850979, 26.18383527123141, 61.960357760324726, 90.72630854920658, 89.70554632726908, 61.40512054079037, 90.45980686549078, 55.059235781399565, 76.5453015498758, 67.9531494811175, 79.88441124036464, 80.89970444173217, 38.15743555897376, 86.44258231681134, 39.19351865423921, 39.96937095651593, 89.08217034308852, 46.40092590703196, 16.789864866067926, 62.28007316030714, 8.616018469183373, 70.32199052181613, 10.354191343857284, 60.33272700319328, 99.24073790116486, 33.22380689800572, 15.813889290666438, 55.27616407261827, 45.899626713907104, 3.9456616883394218, 52.99077873422827, 31.409505792086602, 57.10292236249778, 47.64220587952676, 64.81798425035676, 15.96261533313211, 13.715718091457417, 97.62390593383904, 73.6200449220214, 91.55757894051219, 77.68136889447997, 32.83256564171762, 19.430532108343346, 6.222092756448906, 95.96217866816654, 17.695257105951256, 34.47844494841445, 63.49935899970453, 77.57549416537589, 54.83900358516117, 34.49988036573432, 45.650580773148064, 1.9115167051846615, 22.63899189902634, 74.99490927269918, 88.05921394608755, 72.54813505334278, 17.948325096832033, 58.09708607824514, 16.166779429049683, 79.94644309474546, 76.7071464815567, 69.55027756188971], [55.138675212522834, 31.871855453327033, 38.934926483001966, 14.300697662107698, 81.69101139160104, 38.65323773691379, 72.86964338134896, 0.0, 58.456755154532715, 43.1116872029214, 66.26435204319577, 36.36102537018472, 92.98907427890583, 16.463885302162545, 98.77301944313308, 59.20170904610022, 31.269495075523956, 61.634172642907345, 30.305578360830104, 26.049211929486063, 53.24329786010332, 23.427358198071623, 73.46985872200851, 83.9805653573428, 30.543362018250196, 94.61915726322992, 80.56710813386994, 44.41931410041841, 48.960003363151955, 23.148893288821565, 22.65218158935904, 55.19517020083263, 14.466088786329268, 28.72880668528524, 47.19626586051051, 30.39187745084306, 66.82888352124709, 50.15004163044168, 95.47022390297501, 34.92670460754099, 20.793031824279232, 38.10883750123397, 90.79467911576117, 52.74782073158192, 36.44793191690967, 82.67618631853145, 12.036650436223683, 74.94012966390453, 50.9211282979284, 76.47687697187614, 77.59677074420611, 42.15847195609448, 59.043044195446676, 80.41147824108074, 30.682600044439027, 34.29712620995234, 76.48729292017619, 49.12288783307426, 42.681595330715304, 22.74668680175682, 46.339158542430276, 26.61537266772812, 82.94622594344904, 63.169400327285594, 45.91357838861605, 7.762241828268743, 28.352599241601528, 69.33865386417159, 77.77186347900259, 92.16689945121098, 67.01599389256295, 40.780248337009446, 71.50886114197972, 42.278326796129605, 64.25155053497892, 7.239349142821807, 89.43731351340897, 39.38157424797136, 27.79681144524665, 74.78070331302797, 67.39730028189808, 35.35544902101546, 21.31707611327817, 92.1247459819266, 56.138173133154915, 86.8988317110011, 67.4145649427222, 79.69700879438344, 63.421037259366386, 14.075357744185442], [59.03267614468144, 73.45235360482475, 87.3382405606779, 44.36100247124134, 96.5309404385857, 34.5758052890354, 32.36548357399362, 58.456755154532715, 0.0, 26.795998350306686, 9.788245154047257, 25.96123785931018, 51.794525488135115, 41.99744244869849, 53.54139619437145, 60.26228739215159, 88.52266864396185, 55.090230479701894, 32.050581077174634, 37.78533951135211, 40.14248770761666, 66.09763755212612, 39.99813817551988, 52.211450673187414, 36.1948428578613, 101.59082394477493, 88.97219772889149, 17.105283558244917, 17.197525370499946, 39.497198921637754, 80.34929570834717, 95.03488656608523, 52.63996837131422, 83.61592256177401, 24.11155177688188, 74.85229368034331, 83.79878026222735, 85.88807100898649, 104.00138729191488, 28.7492502913607, 77.23113549362796, 41.75125273953927, 70.59847330245148, 93.57100252972124, 49.90388730221705, 49.047120672649086, 51.86412106372267, 40.181451674487555, 78.96296602311745, 27.785027551083257, 82.19541102153065, 95.38139887340542, 1.1578606535210294, 47.79567859499107, 31.004908487953205, 47.57364244866945, 35.917311521730014, 21.637916198610483, 21.451306031843203, 36.74085941646753, 17.647697140309532, 40.266988461365166, 48.300291145296335, 19.036825316022544, 96.21794631114035, 62.49701915722699, 84.03086115734723, 92.10046579311661, 60.738453500067074, 48.28670931124021, 27.32096732377403, 92.78714396047903, 45.79907656490283, 39.22656473222488, 79.3192884421429, 60.469463793485055, 82.09892707399288, 23.659470725056487, 39.03686964462696, 33.558118981292175, 12.227110473099234, 75.83076966261186, 78.3532088222096, 96.60756853593425, 31.162332886561646, 83.80338426953082, 41.96640455287079, 97.73709233101002, 89.01818532482596, 61.67207931284492], [68.68585135167432, 68.18888870040139, 79.54207956687185, 32.211318991327296, 104.9504138278091, 41.0436623310248, 56.64416752010513, 43.1116872029214, 26.795998350306686, 0.0, 36.57092421653614, 8.843991997833825, 77.32474890269543, 28.881856166584743, 79.88397974295634, 71.3201081171778, 74.29617766931827, 68.68173080179501, 13.090440476141193, 17.18860639303838, 53.899518445879956, 59.4073731401944, 62.549034501347094, 75.15161693623863, 36.79802779364575, 113.43686229448267, 99.59981496981712, 10.948159968030218, 32.46794466533138, 20.013009192846418, 65.62737194065116, 92.09707315340296, 44.23556438032783, 71.58891910357066, 4.338167112719321, 68.3362826237806, 90.53090450797144, 84.41792089854202, 115.33509630812296, 31.6136552198014, 63.86598356367506, 47.17644405661544, 90.82015272362487, 90.07117102695713, 53.11861983478097, 72.37580513950789, 42.066708648500686, 63.20618253979148, 80.46724913205274, 54.05737576727354, 93.91525794374631, 84.7744689656253, 26.55044270805808, 70.71182186520437, 13.10525832714318, 50.084618546378465, 60.50807558956779, 6.9269332317788965, 30.754697530150626, 21.336449442497987, 9.240077872038672, 17.758135702893036, 71.89982931951123, 42.99233472371181, 87.5826137018117, 49.563176770009576, 71.3777321773997, 96.90002724160072, 79.15781963238011, 74.28033991731775, 50.73554309450528, 82.97407468057858, 66.05532650127888, 47.38542701784593, 86.50394784568738, 42.13985279013899, 98.40928601252708, 29.800643695394808, 37.92875167097909, 58.17252270319762, 39.00683525394992, 71.3238393131592, 64.42749944352231, 109.19931055015766, 48.541340047601864, 98.62486810426083, 61.64583596989909, 104.87757525338247, 92.37992708325481, 51.932600190590136], [58.84223501116945, 78.14092187571565, 92.48738273140421, 51.98882826558396, 95.76204420584108, 37.62560793002117, 25.27088430302881, 66.26435204319577, 9.788245154047257, 36.57092421653614, 0.0, 35.48250279253864, 43.142134916717076, 49.9446185145092, 44.23856418726803, 59.40214545219897, 95.49652426961873, 53.303653393562094, 41.37895025625737, 47.079624519778356, 39.28674222917746, 71.43846361305374, 33.85516276742964, 45.351150997104384, 41.135138734206095, 99.3160622033211, 87.4364742472817, 26.795471333148456, 19.933134964528183, 48.602023711759436, 87.57100816641075, 98.48583494672906, 58.9758089758107, 90.062708927098, 33.76741626925643, 79.88755265149908, 83.97238507282509, 89.02695621296606, 101.90754656149271, 33.958137983157826, 84.1512296345975, 44.434078090754326, 64.91449994384496, 97.23626087262242, 52.783926763003905, 42.013903443625885, 58.591855705601716, 33.68494230427453, 81.23352678228949, 18.833708824055705, 80.33981332522175, 101.2398603995119, 10.053477040955116, 41.07957496312021, 40.27829114769228, 50.86457755234466, 28.37346249509184, 31.210423156508252, 25.801833395706, 45.37440538736416, 27.435937672369523, 49.71819655919313, 41.10167708683564, 13.898543544520004, 101.47339207158763, 69.63307395273358, 90.64342238248447, 92.83922696482239, 56.2735303480516, 39.3052952694592, 21.422439146051097, 98.4495458571793, 40.88329679476171, 41.05436906248595, 79.42782590191138, 68.8694510026552, 78.15902984566311, 28.71456441342066, 44.221825103928865, 26.09947812449278, 2.786227088784257, 80.21710027096027, 85.40048987311108, 94.09127761670555, 29.286937248377733, 80.52583914203129, 37.627730433257426, 97.4580663319554, 90.36393790183877, 68.01327966682999], [60.28672067553124, 59.707666052434455, 71.47191884097215, 24.23974277144016, 96.26717617540046, 32.76702760186186, 52.29499498556465, 36.36102537018472, 25.96123785931018, 8.843991997833825, 35.48250279253864, 0.0, 73.40147553737856, 21.010739519163376, 76.777124519838, 63.064259606050854, 67.61149856389333, 60.837621121052486, 6.478055812207073, 12.10648593243863, 46.38010779237778, 51.0226463461131, 57.23418819879936, 69.75871554784854, 28.061105165041827, 105.03783246135282, 91.11784605636191, 9.088001531221282, 26.70348039167094, 14.304850770064911, 59.01266489152984, 83.50323483012697, 35.886610794080006, 64.29368065549744, 11.786403402868054, 60.00460473154754, 81.78223505410237, 75.69585652276886, 106.8741754164859, 23.286517799588868, 56.83792884439921, 38.62761825514161, 84.23229616206841, 81.5201997319419, 44.34658818897874, 67.20365452575989, 33.897572432849785, 58.07745992393869, 71.63002305196093, 51.24686708752985, 85.58010817116559, 77.25646528390388, 26.102866428234364, 65.38210810148236, 5.766874061462575, 41.301049386943184, 56.231862368283956, 13.096527301500117, 23.71844612473, 13.720233287177352, 10.183521470334565, 14.318540288241701, 66.86510987624833, 39.04791073551178, 79.69988742399926, 42.2222478876725, 64.23594270727601, 88.072062824487, 72.19119270976317, 70.8181530960482, 46.16243640142846, 75.28251929650254, 59.833465637527006, 39.14022392581619, 77.79141132627743, 36.54607106352277, 90.77796406587342, 22.19147821590885, 29.102609660880645, 53.96887370506215, 37.53416685441531, 62.78440514485077, 57.562627436206604, 100.9052272677729, 42.0382801417297, 90.71502830988696, 55.3468403942833, 96.12075181697563, 83.53648857199313, 43.9256883215031], [54.85146673084931, 89.94406283092245, 104.46589180309628, 79.89915299288201, 81.28965341309404, 54.524952220970356, 21.221339990525813, 92.98907427890583, 51.794525488135115, 77.32474890269543, 43.142134916717076, 73.40147553737856, 0.0, 79.41813065643227, 8.280748119494081, 52.34675826214071, 115.57113844998094, 44.59680782428621, 77.73972600302196, 82.72649040526875, 42.150079029088474, 87.01191232037603, 19.85175560621311, 14.755094576920518, 62.45725665117938, 77.77134664817207, 70.73182004894515, 66.47987236289562, 47.40061179351131, 83.15118580432144, 109.48394923438613, 102.27237639299429, 80.67925702573879, 108.14222930806865, 75.41239585318743, 92.91388439891438, 75.42426348998536, 92.61268775002897, 80.87700477350319, 58.791287185117234, 104.97347413188065, 57.061902837579375, 33.04515469718416, 102.11038690807082, 63.03457383950988, 13.188546902906884, 81.89550360322121, 18.23615183276797, 82.25970665947183, 24.31935030214544, 63.40127281717425, 115.59625303521231, 52.47036253146379, 15.252332730644587, 76.48987705104923, 63.25733462059892, 17.2827784060137, 73.16573267848123, 52.479054413504464, 78.22673004741259, 68.18204237126596, 86.03919128039068, 12.125833282575982, 34.430930646822404, 113.03900635493528, 93.01744394337831, 109.43248585673162, 85.41136605303367, 33.490716964258425, 5.092407580036121, 27.440299572008374, 112.15048971055427, 25.25256328872104, 52.316630350753115, 71.41709683425248, 98.07931865834705, 52.0510250608128, 55.48415944760143, 65.31587614526897, 19.466391208242406, 40.357484636763154, 90.42761165001832, 106.69073275498894, 72.09047272980612, 36.87808903327922, 57.066795649593, 27.73184525975179, 84.93440059820583, 85.94870680797818, 88.25654153820527], [50.06464845066781, 39.725061448742686, 50.66022347895682, 3.3561115757355653, 82.3440447234391, 27.079344523518824, 58.64565060915022, 16.463885302162545, 41.99744244869849, 28.881856166584743, 49.9446185145092, 21.010739519163376, 79.41813065643227, 0.0, 84.58292527362379, 53.69919263347477, 47.16780116089068, 54.08815814714125, 15.835380969289156, 13.78700331978374, 42.69093205160898, 30.79907545006801, 60.52613178409906, 71.95263659421352, 18.933267979977863, 93.31641336373558, 79.07551105249284, 28.339414619219607, 33.50756050897222, 11.223809116263034, 38.7280636656631, 63.82762083866841, 15.736586214203177, 43.37469704634793, 32.564567119429945, 39.60777523071577, 67.36754423214661, 56.78747829295355, 94.68167750487859, 20.64447215978413, 36.13496183004322, 29.34071314474811, 81.73793007509308, 61.68226577626018, 31.38162240543047, 70.2038539270952, 13.28751874938597, 61.84103918246027, 54.41365197866169, 61.18595234829258, 74.73793132363916, 56.2528492849866, 42.57926034011857, 68.03307847943499, 15.791377582343333, 28.452586085347136, 62.43205325038034, 34.09789066708273, 27.481474657972104, 7.558548332304314, 30.52426642381776, 16.24546785325145, 70.28238204368593, 47.854762769037066, 58.752695687752784, 21.364768289207028, 43.40834445846362, 72.09013620404865, 68.79278040688577, 78.07600347156038, 52.56793540623128, 54.27619215371437, 60.02607878040104, 32.32485837069631, 63.93674367087536, 19.27349987171949, 83.70194596609598, 24.25117773444414, 17.42055893405482, 60.53663713648167, 51.18713534810296, 42.994147606377126, 37.01112338068679, 89.96040222564743, 43.192930659004624, 82.24423145609467, 55.65172570226599, 81.32761439173076, 66.86875471833595, 23.051014613757165], [62.88276657586344, 97.36331316656371, 111.98306160119907, 85.31942384269884, 89.49866280619732, 60.71656659222356, 25.95984563591225, 98.77301944313308, 53.54139619437145, 79.88397974295634, 44.23856418726803, 76.777124519838, 8.280748119494081, 84.58292527362379, 0.0, 60.48241095703375, 122.40576670539927, 52.69785679528093, 81.55871324354696, 86.777578158124, 49.303166680044946, 94.0630092233349, 26.85392932743953, 23.034709995527205, 68.38677581355924, 85.63849892351718, 78.91006997537504, 69.26236216954544, 51.695392889737754, 87.44457553530152, 116.06473611341343, 110.28842788603549, 86.96774369763705, 115.13719902121619, 77.58362975056198, 100.25781324546774, 83.69946007039881, 100.59334405928684, 88.76067677505951, 64.11718598448259, 111.64636054728435, 63.83209509505042, 40.51975267983802, 110.07254434827043, 70.20084609026871, 21.36619455800001, 88.00032204530194, 25.14103031444097, 90.30292521647914, 25.833749171425648, 71.60705702759284, 122.98631286416261, 54.06575673692197, 23.32941975613065, 80.32364352138099, 70.22415217506509, 22.2858718186758, 75.17082302855326, 57.23896215510457, 82.78017985732488, 70.65072233976181, 89.97665495092826, 20.22536601309743, 37.86110657309255, 120.63695892419766, 99.26116821499947, 116.3633115770926, 93.68753482933697, 41.73708621076992, 6.645289165728204, 32.020166014296414, 119.57605942117854, 33.15000237596886, 59.06228829904033, 79.68068458124002, 103.53521110769219, 59.79914294909045, 60.385220506275694, 71.35834133980431, 24.058424134882042, 41.5243961549051, 97.97675127955674, 113.32333151521117, 79.96739541051096, 43.06373995066338, 64.98089155060339, 35.24135940361667, 93.18048973524763, 94.1851104923886, 94.82655214420294], [4.166635507547643, 42.14892280908471, 55.223017886587904, 51.906270371977364, 36.39652159127884, 30.303832178880775, 42.791718662887746, 59.20170904610022, 60.26228739215159, 71.3201081171778, 59.40214545219897, 63.064259606050854, 52.34675826214071, 53.69919263347477, 60.48241095703375, 0.0, 70.99338289839038, 7.846962765636038, 62.931532085788156, 64.86400678109085, 20.219041405147028, 42.8231052479225, 35.72350535279355, 38.09413104663115, 36.12312416833909, 42.25313965520798, 28.88095931466997, 62.506388487204084, 43.47960039917008, 63.36320338395078, 67.26231669247449, 50.12991529333147, 44.74728774517617, 62.72471222968547, 72.447130094688, 45.570599955043626, 25.24634258010127, 40.64951001860539, 44.34783955539075, 39.78021015836532, 62.35251702628932, 24.97119197757677, 34.36865145092262, 50.17320304175504, 22.936943939073668, 39.158211912795686, 47.390159472562615, 37.362561580617715, 30.093028674655454, 52.68733217232655, 22.648981458051658, 66.92932612620139, 61.42013584145028, 37.15341296200675, 61.94121445431604, 25.529813958799863, 43.75134942104165, 71.89698442050742, 41.78139087010145, 57.75291893361755, 65.60365221793978, 68.2154048218328, 40.25949422243193, 46.142548812956505, 63.03081544088489, 55.30436540433101, 64.44528849803237, 34.89198329611042, 22.710618440106227, 54.701253804924825, 41.434883118311596, 63.33173226792611, 27.63475389963758, 23.940543146085627, 20.745418948127686, 66.20227018855229, 30.32402704285729, 41.82585272136644, 36.57979001031494, 43.96693811804835, 57.932090396529375, 41.498349246066454, 64.26285771300411, 37.880585651810435, 30.132547144432962, 28.549463646881186, 27.004119960478175, 38.1146300407371, 34.17913344127614, 48.342082217855726], [66.94829411843207, 29.310998124633038, 21.781292958300106, 44.392303747335035, 79.50719907535246, 62.27742238489203, 97.41019677873618, 31.269495075523956, 88.52266864396185, 74.29617766931827, 95.49652426961873, 67.61149856389333, 115.57113844998094, 47.16780116089068, 122.40576670539927, 70.99338289839038, 0.0, 76.30333021758888, 61.57142542590517, 57.13940788087055, 73.48621693624088, 28.889995109138557, 95.74510192438326, 104.11514271594338, 55.70601845180855, 94.86692515508385, 82.52142155472063, 75.47644779344024, 76.67532596677927, 54.2848779081673, 8.678823769882506, 40.77258913985548, 36.80217354302563, 8.394981046878192, 78.42668804538063, 25.812675583481887, 66.89828021419184, 41.70710529603748, 94.68282176413157, 62.05956068399226, 11.34737107394277, 58.57560640925807, 105.32521433027092, 38.20744200200169, 52.81125089273148, 103.65914768882436, 36.91122468034719, 97.40487705651698, 48.81956717857199, 102.95241141299151, 82.37088182490486, 15.69617830137814, 89.22076252597454, 101.34373911339041, 61.94973798709923, 52.32821809099565, 100.57537335239643, 80.3877386388634, 70.33013221671398, 53.94118989094932, 77.52056339136938, 57.27614450622998, 104.25539548234259, 90.08631552457827, 22.57993790622874, 26.035857730101387, 6.555143412947147, 64.7541365429624, 93.0970879444678, 115.78384078393617, 92.20337117164563, 16.881335704130453, 91.46871548404037, 63.34428412562581, 66.33393243812291, 32.94069985574476, 98.19722334374237, 67.14529599088002, 52.509900890008595, 99.28115086060922, 96.25034473140212, 31.01922873746711, 10.183372126077154, 94.18593392123923, 79.55552344774384, 93.94450249105192, 88.12665098167531, 75.87133004966297, 58.4810468269887, 28.035750699636], [10.413971432000695, 48.08278454888513, 61.74936972427358, 52.73155845645712, 42.72043366319884, 28.47863689547508, 35.26110525439461, 61.634172642907345, 55.090230479701894, 68.68173080179501, 53.303653393562094, 60.837621121052486, 44.59680782428621, 54.08815814714125, 52.69785679528093, 7.846962765636038, 76.30333021758888, 0.0, 61.500487895980456, 64.08002442391104, 15.227387649365937, 47.619578888635274, 27.933372125825063, 30.507888890979302, 35.54029583755525, 46.50654763472992, 34.13784029343079, 59.20096499403109, 38.914786137452225, 62.89857877318298, 71.92320457285297, 57.72776117443134, 47.24228167925544, 68.18192305392384, 69.3686821671426, 51.402195286804606, 32.70447515163084, 48.14377988766895, 48.91693653079111, 37.778386182936664, 67.05237400369606, 24.748987452297147, 29.51802312836826, 57.66588579385144, 25.35319303805835, 31.41444910437052, 49.61580975377032, 29.556113063094273, 37.69245557031252, 45.31201054882938, 27.146218271423756, 73.3425540966121, 56.2426685697345, 29.371856631682455, 60.42199735151139, 27.337094656988516, 36.041019937834015, 68.54241852405124, 38.252708665424734, 57.20444367043793, 62.213600305920544, 67.53810717601951, 32.48744621552731, 39.70546854714803, 69.83991459479938, 58.601463308177344, 69.80208538962735, 42.50020871638401, 16.83729660195591, 46.87120426303834, 34.35180897004562, 69.77177810748628, 19.788181492970754, 22.278719049434095, 28.28082014380259, 68.3696227785937, 30.09724277395377, 38.88151401402673, 36.668370962433976, 36.35601003737635, 51.63408408123054, 47.8104491749977, 68.93817913244132, 41.607647914102955, 24.146452802667014, 29.947458724178453, 19.290075751261433, 44.93247184140553, 41.99954019091135, 52.039698158151374], [59.84306448535683, 55.390026414315884, 66.48039079343361, 19.181938722374113, 94.78630226759891, 33.03095279640033, 56.526862532717004, 30.305578360830104, 32.050581077174634, 13.090440476141193, 41.37895025625737, 6.478055812207073, 77.73972600302196, 15.835380969289156, 81.55871324354696, 62.931532085788156, 61.57142542590517, 61.500487895980456, 0.0, 5.739056755321475, 47.715269468572615, 46.529763200827034, 60.73240375828456, 73.0930901158262, 26.96966042197219, 104.38603096756648, 90.2966118299953, 15.486309347091971, 30.433773840013732, 7.829333441274547, 52.93401356836736, 79.41401001340793, 31.373590571532404, 58.588765418209285, 16.967655554014033, 55.401908497854876, 80.05459720762732, 72.02222157200434, 106.06224843143988, 23.791545480450967, 50.96103501096743, 38.031570611305774, 86.37943071641216, 77.32735170621203, 42.7327032338635, 70.72915874511564, 29.086690301955755, 61.710656475005905, 68.73322769473555, 56.334973001056866, 85.1434905200052, 71.71967803246734, 32.27477071424923, 68.79837210322914, 1.253924196982446, 39.65151150112777, 60.471711666803415, 18.817312468741516, 26.33364196868403, 8.276834832186266, 16.64072700805423, 8.475775541005248, 70.49694375645679, 43.69824396974477, 74.49319815677237, 36.53122895990283, 58.43221379659032, 85.75813390141862, 73.98402590659819, 75.43768992931412, 50.32151909160266, 69.89090437397174, 62.51891922337048, 39.32623610428931, 76.25017890586017, 30.13566704797056, 91.59390235916665, 24.123261684703767, 27.302301541276755, 58.27558977720624, 43.28970062786532, 58.59167916856173, 51.59877660009891, 100.50690630278612, 44.678506348824875, 91.08874608042326, 58.00300372716133, 94.30759491574125, 80.92174576864508, 38.87134628221583], [61.54305712453688, 53.32510831037465, 63.520314659532204, 17.036344487511872, 95.37311304635146, 35.70344928995817, 61.50697983724042, 26.049211929486063, 37.78533951135211, 17.18860639303838, 47.079624519778356, 12.10648593243863, 82.72649040526875, 13.78700331978374, 86.777578158124, 64.86400678109085, 57.13940788087055, 64.08002442391104, 5.739056755321475, 0.0, 50.92469946074961, 44.348963313079906, 65.27813817401926, 77.4936778750054, 28.7621256250312, 105.67538578709957, 91.48866305830313, 21.178396698205372, 35.32680745501551, 2.9308407121376687, 48.46491965693381, 77.45755118269597, 29.451058240988722, 54.697089212871404, 21.404520938140433, 52.99657715550889, 80.48114569244578, 70.55904481818851, 107.20732053963997, 26.94870695448467, 46.84137072836867, 39.90643819495844, 89.93921356631478, 75.26419791814655, 43.62938691803482, 75.25588352742267, 26.837785591934097, 66.33323061314667, 68.10080124742886, 61.73719984254529, 86.68882340872683, 68.01752416944497, 38.01371789309752, 73.26398328134182, 6.801345774100411, 40.57558705749119, 65.44372364099671, 23.586448268482997, 30.715917315539603, 7.243709689847846, 22.144697798654427, 3.528281318216396, 75.08920793433572, 48.93602626385414, 71.22310310702365, 32.832535558371305, 54.39170719005532, 85.6038016135006, 77.33607962528167, 80.58058187163894, 55.28639329838516, 66.39408341108981, 66.54360419505579, 41.80161821864861, 76.86901908345793, 25.03146580874482, 94.13762883230153, 28.17918497163714, 28.45746027228329, 63.290151884555314, 48.954463386845106, 56.64436166180492, 47.33301592595324, 102.02603972448193, 48.7980142057881, 93.28158364262822, 62.03311806085953, 94.59076073276383, 80.49814209997254, 36.07512851057279], [19.600219033875717, 48.15269351462069, 62.87705591849051, 42.039220867546774, 56.61139034558657, 15.63656242017249, 26.290659664362853, 53.24329786010332, 40.14248770761666, 53.899518445879956, 39.28674222917746, 46.38010779237778, 42.150079029088474, 42.69093205160898, 49.303166680044946, 20.219041405147028, 73.48621693624088, 15.227387649365937, 47.715269468572615, 50.92469946074961, 0.0, 44.86186340542872, 22.451918768545923, 31.066015747995465, 23.795596000543917, 61.618754678582995, 48.829884405878126, 44.141715045464395, 23.70476498242427, 50.13229871376667, 67.67087127340086, 63.49104803970945, 39.718297195777055, 65.99517363678298, 54.36609891208491, 50.980698777929504, 44.744272684007825, 53.67584281864645, 63.94669012939661, 24.007870745918524, 63.05479726513436, 15.402495376248401, 39.1816729352243, 62.814860862780456, 20.906736069596214, 30.260116149501883, 41.437667728313755, 24.162281465712212, 44.374355991638616, 34.94057284960278, 42.114413080506075, 73.72359775797692, 41.29961723626807, 27.94344811703056, 46.568281525824595, 21.163898491154406, 28.555974898046365, 53.44016996629739, 23.22835996234992, 44.46481933287628, 47.11504996969027, 54.44470039668166, 30.79455500455124, 26.389931099860615, 71.66261939710014, 51.96490395976473, 67.30195967613989, 53.83997447231974, 26.424476297021076, 42.77924908604199, 23.11106645149858, 70.34371269388929, 18.405771922679072, 10.968363626190053, 40.19299199240088, 59.29010812734172, 44.51025890801534, 24.203337304879387, 25.866399799641805, 27.913168773337855, 37.94568655728043, 48.97601629822716, 64.8171925500193, 56.80268292126602, 10.253445240467933, 44.98543757366995, 14.683941991238129, 58.17827336389064, 51.91002912078116, 46.56474623376127], [38.68893711282549, 8.996116438548206, 21.252363679562038, 27.44939637091676, 59.111879350552776, 35.24765864301483, 69.63790052270487, 23.427358198071623, 66.09763755212612, 59.4073731401944, 71.43846361305374, 51.0226463461131, 87.01191232037603,