instance_id,num_cities,city_coordinates,distance_matrix,best_route,total_distance
388,44,"[[98.62908558167022, 44.123388345317814], [64.20306091144133, 55.90363786880065], [82.22503554279409, 75.56544081687929], [60.44023308503383, 43.50848341015182], [34.99897525061392, 92.54513397715549], [49.20771606735268, 69.91234986073398], [39.628834357015585, 28.853082599884694], [38.28358020544596, 81.55462365899], [2.723992151831678, 94.56799053421136], [70.48508667522536, 11.972029908000492], [12.017221409647549, 83.6419972021668], [54.83869775611954, 25.883621243686473], [88.69564326773744, 61.75821005806655], [11.656235024420381, 8.17065981468702], [99.32763931557172, 72.06648903904933], [83.06173208077685, 3.4108111940293284], [1.6408292674041425, 39.265455540253754], [4.752813909965203, 6.813736014506455], [43.173889887279145, 69.66794988343896], [47.33475274878881, 21.770539775109455], [0.31996502337738875, 75.44897419561265], [86.03059895913687, 24.300290711716965], [90.13040684173988, 37.67010815511691], [83.98201364724895, 12.942043689500482], [62.695074752101064, 81.63750479005017], [49.04269614852544, 56.21431932214094], [39.84564710470503, 13.422426234320639], [96.37862634454153, 63.45360703059644], [10.143078299265829, 1.2566732307780715], [18.334586604061176, 66.26147574357519], [60.81324733546123, 29.612716344510403], [99.51132632630771, 3.034176884196982], [10.396218778938671, 27.0859789096214], [11.352495041152022, 97.18060485572664], [42.23509371235355, 41.0211335144161], [70.72098862021599, 48.07920869556753], [62.93309540739329, 41.49157532050102], [30.259516597034096, 74.52067284585195], [67.37927839073004, 43.38339119161604], [71.01755006226854, 39.959265069240345], [56.36713195644526, 96.95465274611388], [1.0551709277881516, 66.49449258486153], [32.70522711621423, 39.93269911152325], [49.369193294930454, 82.60655718011787]]","[[0.0, 36.38578642039672, 35.46400317649401, 38.193802679088435, 79.95909198319345, 55.74533434032244, 60.94433429065715, 71.01181166692912, 108.36256196575357, 42.72931691252302, 95.20155178007094, 47.437191841780546, 20.240064551395697, 94.11097397674168, 27.951830954325093, 43.58734258154991, 97.1098417979367, 101.01863461770697, 61.05573972754789, 55.95318060640595, 103.17933666102505, 23.487806729650675, 10.671099546803198, 34.45015197059339, 51.9476858669232, 51.0392067816673, 66.31773302606202, 19.460779049120124, 98.32257497387279, 83.29046451856385, 40.50428649141297, 41.098681818620435, 89.86274035721436, 102.13849166797829, 56.479255519105486, 28.187060695528025, 35.79287854196238, 74.82240886359735, 31.25856754968826, 27.923767947709905, 67.65511970581005, 100.1056198511332, 66.05692235661388, 62.50992938461002], [36.38578642039672, 0.0, 26.671671578328127, 12.953714807148897, 46.855926587183475, 20.520827923504275, 36.546205700522734, 36.466320791614855, 72.62649697310248, 44.37848606834494, 59.09973285061381, 31.446664298091775, 25.182585371626825, 70.99018315735907, 38.66489061176188, 55.777650816260724, 64.73686692666041, 77.09831601663397, 25.133291053894613, 38.073720671136876, 66.80621312701213, 38.4085012562941, 31.69682748808084, 47.29593582700516, 25.778012510225494, 15.163547827276814, 48.96873440559872, 33.04949387333761, 76.86854014600516, 47.02341694014704, 26.508553160749592, 63.57557322910411, 61.03796956124627, 67.05945359492252, 26.53451561115204, 10.183568799971555, 14.467907909493094, 38.71379846980763, 12.916846919170768, 17.339558424541853, 41.79219550400694, 64.02985407608136, 35.31549827739169, 30.54651417446659], [35.46400317649401, 26.671671578328127, 0.0, 38.75856210310667, 50.185762428578954, 33.497773399165126, 63.21772509076976, 44.34773735243314, 81.74052113860888, 64.66798520472578, 70.67084213732832, 56.730015807058635, 15.248225652750587, 97.58079786994712, 17.45685307700695, 72.15948057675672, 88.38270889782586, 103.57964103992046, 39.493953667849645, 64.11882103984344, 81.905153325444, 51.40620515288627, 38.71112414952362, 62.64803939336753, 20.452122857549206, 38.41267435079935, 75.21812830557893, 18.628490283698586, 103.52584943009666, 64.56433405277329, 50.69632689524093, 74.56272592069452, 86.65816259598853, 74.09542707605628, 52.844154024915845, 29.796577854235355, 39.15619062234177, 51.9760204268798, 35.441230558503, 37.328373687691546, 33.55785399626476, 81.67514324105186, 61.007406993297046, 33.60184056651015], [38.193802679088435, 12.953714807148897, 38.75856210310667, 0.0, 55.243557986681616, 28.69379030544196, 25.45378341084362, 44.027560171565426, 77.05996194659927, 33.09753741808802, 62.892662441722514, 18.493592523573575, 33.636598034231106, 60.23819588302862, 48.24717658929918, 46.03863088718, 58.95229575524109, 66.69027770829885, 31.34396741942034, 25.382903859172295, 68.07820196965793, 31.997210695788205, 30.25876804038791, 38.581377233526815, 38.19563564508763, 17.06874671560468, 36.45967372438402, 41.10202022175852, 65.68880607057291, 47.860047280643876, 13.900772711385024, 56.255842503914806, 52.66974484406203, 72.7344667041238, 18.374275743074342, 11.25102057632627, 3.206599569690331, 43.27391294214991, 6.940172751282401, 11.156907513659867, 53.601148956827785, 63.67842825635517, 27.96456310119608, 40.63529616670414], [79.95909198319345, 46.855926587183475, 50.185762428578954, 55.243557986681616, 0.0, 26.723233944599585, 63.860104948160185, 11.470830256045518, 32.33831292255524, 88.04140618696876, 24.64603120262831, 69.55121759545203, 61.896420256271256, 87.54390562146865, 67.50964315476132, 101.26675709294683, 62.86087843624829, 90.91041124356799, 24.293924783257225, 71.84159373892513, 38.66409742405503, 85.21493560786485, 77.7865233074239, 93.46651825071253, 29.76659708599, 38.950663539347524, 79.27101051846947, 67.92480039348412, 94.61183159995859, 31.121255422990398, 68.02106903276503, 110.33609962750646, 69.92994071325981, 24.096547814210947, 52.02964572315189, 57.037538080862085, 58.19605588389857, 18.637158243757675, 58.86731678238234, 63.73861733880958, 21.8183862093135, 42.788056380912934, 52.66241148100281, 17.47222010483542], [55.74533434032244, 20.520827923504275, 33.497773399165126, 28.69379030544196, 26.723233944599585, 0.0, 42.16181213869348, 15.964939195717438, 52.61784113847708, 61.72363547466959, 39.643865969465026, 44.38735065773633, 40.321041535460516, 72.26444504913768, 50.16619401556112, 74.62271132354006, 56.584811136291705, 77.1859663095451, 6.038773859008347, 48.17823024886889, 49.20026840539874, 58.62068444052389, 52.098260723555335, 66.74479423460129, 17.871432578490328, 13.699024498475701, 57.26045587121519, 47.611029555392456, 78.9914416723034, 31.08824544223263, 41.937439329994575, 83.68478491198057, 57.7964563845472, 46.65378322724156, 29.72069724073073, 30.651377604797275, 31.56147118710989, 19.50053599012468, 32.15573549679988, 37.05207345631544, 27.97397685738689, 48.27369212910934, 34.221507866064265, 12.695234316960272], [60.94433429065715, 36.546205700522734, 63.21772509076976, 25.45378341084362, 63.860104948160185, 42.16181213869348, 0.0, 52.71870767324325, 75.36853788555642, 35.17212315330419, 61.35329113300626, 15.497020531875041, 59.07875379288638, 34.788344681625325, 73.69766488536908, 50.336127969599644, 39.38916146527715, 41.256146210395116, 40.9685343902708, 10.466307425517561, 60.96199079664207, 46.624582273384945, 51.26547340141784, 47.120756279577535, 57.60422442767116, 28.935412020584614, 15.432179484430678, 66.46604532772913, 40.38528965309574, 43.044545124290885, 21.198028131581253, 65.21141569394048, 29.285977343905856, 73.94728975918204, 12.444036760067663, 36.556339824628886, 26.510754069871783, 46.61880429784818, 31.324383662560063, 33.295626779921356, 70.12841409092928, 53.89622673256851, 13.065000546109848, 54.62884422800095], [71.01181166692912, 36.466320791614855, 44.34773735243314, 44.027560171565426, 11.470830256045518, 15.964939195717438, 52.71870767324325, 0.0, 37.8659744357894, 76.67251379756952, 26.34916948782961, 58.08039623695202, 54.15970913562295, 78.0654959690352, 61.777033363594306, 90.06407892122775, 55.95591958391982, 81.91771831690296, 12.85333195053345, 60.46536537757982, 38.451463340968274, 74.55089832525498, 67.92601955998596, 82.43805522393461, 24.411635243941724, 27.52979476423241, 68.15010182612997, 60.84966054864253, 85.08612513508479, 25.136481831609753, 56.61755590322916, 99.57056521258582, 61.19263181270736, 31.136066490281333, 40.72564649327918, 46.613183453181165, 47.03877593925183, 10.670616703522107, 47.99586066493075, 52.9309610605856, 23.75238387647294, 40.15920822569498, 41.99407846617373, 11.135411160016611], [108.36256196575357, 72.62649697310248, 81.74052113860888, 77.05996194659927, 32.33831292255524, 52.61784113847708, 75.36853788555642, 37.8659744357894, 0.0, 106.8347258281448, 14.343689913345415, 86.21766132909654, 92.01959840429555, 86.85783625093234, 99.18962755688297, 121.50631177905508, 55.313141463779715, 87.7777039118444, 47.4995394842758, 85.37908876336692, 19.26956491958105, 108.98412901010461, 104.29405710858825, 115.17665238947197, 61.349231534129984, 60.136731166375625, 89.23351316623081, 98.68786838603984, 93.60579456510723, 32.32567769969383, 87.14097321494673, 133.21496574303225, 67.91675017489415, 9.015365533576345, 66.54617226576049, 82.36988749271477, 80.26357808356828, 34.0602415283619, 82.46313872571119, 87.4421119883021, 53.696206612860856, 28.12305551304778, 62.320859419872995, 48.154446083041634], [42.72931691252302, 44.37848606834494, 64.66798520472578, 33.09753741808802, 88.04140618696876, 61.72363547466959, 35.17212315330419, 76.67251379756952, 106.8347258281448, 0.0, 92.49365102892538, 20.93661528755426, 53.01215054441686, 58.951541126070296, 66.65760917603069, 15.214022332224618, 74.05715941607325, 65.93435886378377, 63.83353861256733, 25.13859098122548, 94.61747593606184, 19.840588867614173, 32.34702196555009, 13.531739150029376, 70.0996624549927, 49.16458363602883, 30.673749472455597, 57.62662734913648, 61.28602486345859, 75.27960272747389, 20.11810861302508, 30.37116732951137, 61.96049950961491, 103.71675196410821, 40.52051977379578, 36.10794939795088, 30.470249973869475, 74.36685566488818, 31.56453172137774, 27.992299820291326, 86.14733211125319, 88.27917159243133, 47.00124264960907, 73.72324868183358], [95.20155178007094, 59.09973285061381, 70.67084213732832, 62.892662441722514, 24.64603120262831, 39.643865969465026, 61.35329113300626, 26.34916948782961, 14.343689913345415, 92.49365102892538, 0.0, 71.90068726968205, 79.74008100331656, 75.4722006981718, 88.07440867892059, 107.16513287806143, 45.57353358870821, 77.17093580773009, 34.146917709964505, 71.24187858303145, 14.28115656913206, 94.86526332373693, 90.63710234171604, 100.88317376299337, 50.71748031230909, 46.077796101047895, 75.53283672399522, 86.74340171049735, 82.40663819298096, 18.49301568625713, 72.80257781252115, 118.96570552718815, 56.579244026723224, 13.55491639007789, 52.24612739708536, 68.63558997399032, 66.0990490836043, 20.39558510356712, 68.45226593100756, 73.41130613001171, 46.3048740754226, 20.351989223840985, 48.35800160978194, 37.36632092885551], [47.437191841780546, 31.446664298091775, 56.730015807058635, 18.493592523573575, 69.55121759545203, 44.38735065773633, 15.497020531875041, 58.08039623695202, 86.21766132909654, 20.93661528755426, 71.90068726968205, 0.0, 49.32827669782827, 46.67412656022402, 64.12583877723796, 36.077234622664136, 54.8551428845413, 53.5934350765517, 45.311534702002874, 8.557255976082253, 73.68185958587898, 31.232061030810325, 37.20787556280765, 31.887572669006445, 56.30469065721321, 30.879522026119425, 19.495459699564023, 56.00954828562551, 51.031215614194146, 54.432722373734116, 7.042825636561011, 50.177094883097794, 44.45874044093013, 83.51233261466699, 19.697591544108235, 27.29269619194596, 17.58202217610073, 54.49494412331155, 21.529238511466836, 21.44478983455039, 71.08746464689645, 67.39369873499535, 26.21577981872924, 56.98602407871133], [20.240064551395697, 25.182585371626825, 15.248225652750587, 33.636598034231106, 61.896420256271256, 40.321041535460516, 59.07875379288638, 54.15970913562295, 92.01959840429555, 53.01215054441686, 79.74008100331656, 49.32827669782827, 0.0, 93.8439980156813, 14.808779676628829, 58.618767553247075, 89.91365105717381, 100.32593796477319, 46.20383117162849, 57.53031408899959, 89.42984696297188, 37.55260554108642, 24.130793600712153, 49.04320955160529, 32.729435103242665, 40.038618104661225, 68.72168597309134, 7.867820527498169, 99.1511039857333, 70.50501894662068, 42.55303478028907, 59.71173312029369, 85.6327243995443, 85.06884641748034, 50.878374665131545, 22.587680004217223, 32.7787332861174, 59.81355495775263, 28.142874408002115, 28.066153673190005, 47.79039884220832, 87.76835855901054, 60.09392339412057, 44.51093399587607], [94.11097397674168, 70.99018315735907, 97.58079786994712, 60.23819588302862, 87.54390562146865, 72.26444504913768, 34.788344681625325, 78.0654959690352, 86.85783625093234, 58.951541126070296, 75.4722006981718, 46.67412656022402, 93.8439980156813, 0.0, 108.48480134401953, 71.5639655745607, 32.667945660729835, 7.035514571301948, 69.10339538586003, 38.18263167915448, 68.22670007757381, 76.10329167367256, 83.83563141531097, 72.48299357421185, 89.45580177597158, 60.8764379234888, 28.67444862518701, 101.1636685963729, 7.07763051856717, 58.47344076677255, 53.62996967718668, 88.00511646806777, 18.95723970946369, 89.01046328486518, 44.88006485014452, 71.28350013228642, 61.15226750399769, 68.90868098074222, 65.91656857746304, 67.33707112024159, 99.40654759780065, 59.27944018784411, 38.10363773151022, 83.44441286335588], [27.951830954325093, 38.66489061176188, 17.45685307700695, 48.24717658929918, 67.50964315476132, 50.16619401556112, 73.69766488536908, 61.777033363594306, 99.18962755688297, 66.65760917603069, 88.07440867892059, 64.12583877723796, 14.808779676628829, 108.48480134401953, 0.0, 70.55623174837302, 103.0466916304249, 114.90134628359645, 56.20495142722271, 72.33908187077832, 99.06543683133692, 49.58246650668667, 35.60477640837334, 61.0834532835536, 37.862238827131605, 52.72444209327152, 83.52983598462629, 9.103758234643307, 113.8767576745689, 81.20081752599636, 57.32086187067653, 69.03255653938139, 99.65964002627666, 91.48958860634602, 64.98748235703873, 37.33269454891897, 47.533021944549255, 69.11171097593045, 42.93504242351908, 42.805782139536575, 49.64902703239212, 98.43030624514688, 73.96706200983972, 51.05819586722288], [43.58734258154991, 55.777650816260724, 72.15948057675672, 46.03863088718, 101.26675709294683, 74.62271132354006, 50.336127969599644, 90.06407892122775, 121.50631177905508, 15.214022332224618, 107.16513287806143, 36.077234622664136, 58.618767553247075, 71.5639655745607, 70.55623174837302, 0.0, 88.96583016045501, 78.38282058217027, 77.33723800447646, 40.16835428243521, 109.70732402362042, 21.099396319831392, 34.98093182212647, 9.575558001720506, 80.83449957604384, 62.81325717072282, 44.36059553673787, 61.50184553900777, 72.95046524644371, 90.2208922361304, 34.373462248911565, 16.453905440531283, 76.42506388470365, 118.04655386821926, 55.50991574042782, 46.34177040764411, 43.07327025877017, 88.57023418808916, 42.93886940062502, 38.48183728934192, 97.27821939221269, 103.46316702072725, 62.20631711734756, 86.06482064193723], [97.1098417979367, 64.73686692666041, 88.38270889782586, 58.95229575524109, 62.86087843624829, 56.584811136291705, 39.38916146527715, 55.95591958391982, 55.313141463779715, 74.05715941607325, 45.57353358870821, 54.8551428845413, 89.91365105717381, 32.667945660729835, 103.0466916304249, 88.96583016045501, 0.0, 32.60059123073238, 51.47141718217617, 48.928587970144115, 36.207619427875315, 85.70641391966511, 88.50395738363142, 86.4464727825258, 74.31696609343527, 50.34084790021431, 46.12450834088816, 97.77687286648427, 38.948116401809536, 31.740615004018583, 59.954569750786874, 104.36158176076907, 14.999883216038999, 58.72376837648028, 40.63221272556348, 69.64015121244842, 61.33267887391899, 45.40880544273404, 65.86729907297602, 69.3801899673897, 79.51736716132626, 27.2353346604624, 31.071563006912886, 64.47051903080275], [101.01863461770697, 77.09831601663397, 103.57964103992046, 66.69027770829885, 90.91041124356799, 77.1859663095451, 41.256146210395116, 81.91771831690296, 87.7777039118444, 65.93435886378377, 77.17093580773009, 53.5934350765517, 100.32593796477319, 7.035514571301948, 114.90134628359645, 78.38282058217027, 32.60059123073238, 0.0, 73.66702980530734, 45.13233313276084, 68.77823834199665, 83.13758438683367, 90.7824271349013, 79.46585584997996, 94.63562735711187, 66.34765481793661, 35.70968675381095, 107.71891427699907, 7.741827753758249, 60.97949088348629, 60.51913499003748, 94.83385862959307, 21.043095079234227, 90.60754259552365, 50.745121370446576, 77.8115628309416, 67.73106889790205, 72.35206408286038, 72.52181556699472, 74.09211397748471, 103.87214591322247, 59.79519435902541, 43.338240858097194, 87.94983257326591], [61.05573972754789, 25.133291053894613, 39.493953667849645, 31.34396741942034, 24.293924783257225, 6.038773859008347, 40.9685343902708, 12.85333195053345, 47.4995394842758, 63.83353861256733, 34.146917709964505, 45.311534702002874, 46.20383117162849, 69.10339538586003, 56.20495142722271, 77.33723800447646, 51.47141718217617, 73.66702980530734, 0.0, 48.07779814881081, 43.2420989122739, 62.409310292546756, 56.82232272413112, 69.87940611033068, 22.89862229892735, 14.677978819031452, 56.34390943645361, 53.566426412253975, 75.96800173368877, 25.071797974242767, 43.76720992984182, 87.25804518000672, 53.73639339685516, 42.06598808511779, 28.662195071881204, 34.998805617893126, 34.41415822444428, 13.796012381471863, 35.73204245809182, 40.71701567317632, 30.3088401198648, 42.23810268009775, 31.524245251599517, 14.345359636151638], [55.95318060640595, 38.073720671136876, 64.11882103984344, 25.382903859172295, 71.84159373892513, 48.17823024886889, 10.466307425517561, 60.46536537757982, 85.37908876336692, 25.13859098122548, 71.24187858303145, 8.557255976082253, 57.53031408899959, 38.18263167915448, 72.33908187077832, 40.16835428243521, 48.928587970144115, 45.13233313276084, 48.07779814881081, 0.0, 71.35660156356774, 38.778449604595785, 45.653743372412, 37.69567713270871, 61.806091869212814, 34.48609894060515, 11.215065895399327, 64.36442832109691, 42.473984613618946, 53.10793744603461, 15.593894627982419, 55.43866993958464, 37.319019079210456, 83.55477715368347, 19.91461477417346, 35.200313757128704, 25.14413523424176, 55.44492969261691, 29.477081852897687, 29.861423549735864, 75.72472989313108, 64.35861751510535, 23.32138615081529, 60.87002515227238], [103.17933666102505, 66.80621312701213, 81.905153325444, 68.07820196965793, 38.66409742405503, 49.20026840539874, 60.96199079664207, 38.451463340968274, 19.26956491958105, 94.61747593606184, 14.28115656913206, 73.68185958587898, 89.42984696297188, 68.22670007757381, 99.06543683133692, 109.70732402362042, 36.207619427875315, 68.77823834199665, 43.2420989122739, 71.35660156356774, 0.0, 99.81232685297697, 97.43283932491754, 104.43397311813328, 62.681354680547614, 52.38202436327789, 73.54979399011695, 96.80472740645295, 74.83976935351637, 20.22218382127481, 75.89729730815326, 122.81216970146679, 49.40152024765305, 24.37171495280348, 54.241628174155, 75.5341524544367, 71.22856895129375, 29.953939504305897, 74.33137374411291, 79.10542322878855, 60.03148449889162, 8.984612881986646, 48.06465433840594, 49.56871783912712], [23.487806729650675, 38.4085012562941, 51.40620515288627, 31.997210695788205, 85.21493560786485, 58.62068444052389, 46.624582273384945, 74.55089832525498, 108.98412901010461, 19.840588867614173, 94.86526332373693, 31.232061030810325, 37.55260554108642, 76.10329167367256, 49.58246650668667, 21.099396319831392, 85.70641391966511, 83.13758438683367, 62.409310292546756, 38.778449604595785, 99.81232685297697, 0.0, 13.984292729491012, 11.541511044823054, 61.90398055280262, 48.85294439922938, 47.44868505432777, 40.497701780907505, 79.30904171978241, 79.64603654957605, 25.77084959825844, 25.178911963645803, 75.68566260513745, 104.34730180754498, 46.87891705077668, 28.281108698427737, 28.792966794393084, 75.04998607287675, 26.684011746201133, 21.69320435319167, 78.47660541361985, 94.8745173417109, 55.56948330301714, 68.87437386110801], [10.671099546803198, 31.69682748808084, 38.71112414952362, 30.25876804038791, 77.7865233074239, 52.098260723555335, 51.26547340141784, 67.92601955998596, 104.29405710858825, 32.34702196555009, 90.63710234171604, 37.20787556280765, 24.130793600712153, 83.83563141531097, 35.60477640837334, 34.98093182212647, 88.50395738363142, 90.7824271349013, 56.82232272413112, 45.653743372412, 97.43283932491754, 13.984292729491012, 0.0, 25.480971549172615, 51.824988313769126, 45.07868385186581, 55.82568531011, 26.529776878387896, 87.88578366465617, 77.27940284564458, 30.40423332870299, 35.883831810159755, 80.43360328817494, 98.7292185992297, 48.01239830211185, 22.02441576431105, 27.46447451805603, 70.30282794254904, 23.457524354660674, 19.24945541177887, 68.22474593827283, 93.6228753610989, 57.46973624739315, 60.669275426570834], [34.45015197059339, 47.29593582700516, 62.64803939336753, 38.581377233526815, 93.46651825071253, 66.74479423460129, 47.120756279577535, 82.43805522393461, 115.17665238947197, 13.531739150029376, 100.88317376299337, 31.887572669006445, 49.04320955160529, 72.48299357421185, 61.0834532835536, 9.575558001720506, 86.4464727825258, 79.46585584997996, 69.87940611033068, 37.69567713270871, 104.43397311813328, 11.541511044823054, 25.480971549172615, 0.0, 71.91800986778553, 55.6169555594678, 44.13898071962195, 52.01051852777691, 74.75785079897103, 84.57272912682758, 28.54300368182587, 18.420786544434257, 74.93277060079933, 111.2258160694243, 50.31143616958521, 37.55629307361387, 35.47016655469253, 81.71924043997107, 34.674579388113905, 29.966774386445998, 88.43472265629855, 98.715378873347, 57.946564324899114, 77.78940655787449], [51.9476858669232, 25.778012510225494, 20.452122857549206, 38.19563564508763, 29.76659708599, 17.871432578490328, 57.60422442767116, 24.411635243941724, 61.349231534129984, 70.0996624549927, 50.71748031230909, 56.30469065721321, 32.729435103242665, 89.45580177597158, 37.862238827131605, 80.83449957604384, 74.31696609343527, 94.63562735711187, 22.89862229892735, 61.806091869212814, 62.681354680547614, 61.90398055280262, 51.824988313769126, 71.91800986778553, 0.0, 28.8569887699857, 71.94020632565588, 38.2783984200863, 96.03536022392419, 46.949709029667375, 52.05881181153855, 86.7981540002456, 75.57141861831543, 53.643717721899066, 45.47857121488075, 34.504703015434984, 40.14663506206169, 33.20714877481492, 38.53983615598344, 42.50105012248094, 16.572805481662986, 63.47273873181334, 51.36810078158816, 13.36106953597875], [51.0392067816673, 15.163547827276814, 38.41267435079935, 17.06874671560468, 38.950663539347524, 13.699024498475701, 28.935412020584614, 27.52979476423241, 60.136731166375625, 49.16458363602883, 46.077796101047895, 30.879522026119425, 40.038618104661225, 60.8764379234888, 52.72444209327152, 62.81325717072282, 50.34084790021431, 66.34765481793661, 14.677978819031452, 34.48609894060515, 52.38202436327789, 48.85294439922938, 45.07868385186581, 55.6169555594678, 28.8569887699857, 0.0, 43.76907384391267, 47.88629839576142, 67.33144237814848, 32.309957349888045, 29.08936500207176, 73.31582490664456, 48.394322273027036, 55.666756775777095, 16.64861393380917, 23.15444642816457, 20.241106257034982, 26.228427581512562, 22.379967940455774, 27.333514104393753, 41.393503444391186, 49.076313422286034, 23.065213007135267, 26.394257321217463], [66.31773302606202, 48.96873440559872, 75.21812830557893, 36.45967372438402, 79.27101051846947, 57.26045587121519, 15.432179484430678, 68.15010182612997, 89.23351316623081, 30.673749472455597, 75.53283672399522, 19.495459699564023, 68.72168597309134, 28.67444862518701, 83.52983598462629, 44.36059553673787, 46.12450834088816, 35.70968675381095, 56.34390943645361, 11.215065895399327, 73.54979399011695, 47.44868505432777, 55.82568531011, 44.13898071962195, 71.94020632565588, 43.76907384391267, 0.0, 75.49236248523039, 32.097478713834434, 57.04989813228253, 26.490861693967524, 60.563264455736984, 32.464773223067006, 88.47198539928958, 27.7019511699663, 46.41529149176621, 36.34428977915959, 61.84569214677443, 40.691034306921445, 40.93765197646611, 85.15041002675099, 65.73693991013099, 27.455057196002766, 69.83653704732629], [19.460779049120124, 33.04949387333761, 18.628490283698586, 41.10202022175852, 67.92480039348412, 47.611029555392456, 66.46604532772913, 60.84966054864253, 98.68786838603984, 57.62662734913648, 86.74340171049735, 56.00954828562551, 7.867820527498169, 101.1636685963729, 9.103758234643307, 61.50184553900777, 97.77687286648427, 107.71891427699907, 53.566426412253975, 64.36442832109691, 96.80472740645295, 40.497701780907505, 26.529776878387896, 52.01051852777691, 38.2783984200863, 47.88629839576142, 75.49236248523039, 0.0, 106.32510672822315, 78.09453416035595, 49.092790371776125, 60.500589653253805, 93.35726423756736, 91.4710521789138, 58.606637797667055, 29.911310532253058, 40.011678001590695, 67.03891869326452, 35.267204958282285, 34.57120614604598, 52.18466965691982, 95.3719462816184, 67.87882496498796, 50.76142526639613], [98.32257497387279, 76.86854014600516, 103.52584943009666, 65.68880607057291, 94.61183159995859, 78.9914416723034, 40.38528965309574, 85.08612513508479, 93.60579456510723, 61.28602486345859, 82.40663819298096, 51.031215614194146, 99.1511039857333, 7.07763051856717, 113.8767576745689, 72.95046524644371, 38.948116401809536, 7.741827753758249, 75.96800173368877, 42.473984613618946, 74.83976935351637, 79.30904171978241, 87.88578366465617, 74.75785079897103, 96.03536022392419, 67.33144237814848, 32.097478713834434, 106.32510672822315, 0.0, 65.5188916117732, 58.06488793775858, 89.38592324667678, 25.830546102503853, 95.9315555343671, 51.09901911898981, 76.56391477846823, 66.37494446284668, 75.97555349838171, 71.06787577423512, 72.13592674554907, 106.27683858592819, 65.86777007359962, 44.7759481995211, 90.3132975603491], [83.29046451856385, 47.02341694014704, 64.56433405277329, 47.860047280643876, 31.121255422990398, 31.08824544223263, 43.044545124290885, 25.136481831609753, 32.32567769969383, 75.27960272747389, 18.49301568625713, 54.432722373734116, 70.50501894662068, 58.47344076677255, 81.20081752599636, 90.2208922361304, 31.740615004018583, 60.97949088348629, 25.071797974242767, 53.10793744603461, 20.22218382127481, 79.64603654957605, 77.27940284564458, 84.57272912682758, 46.949709029667375, 32.309957349888045, 57.04989813228253, 78.09453416035595, 65.5188916117732, 0.0, 56.103192271241824, 102.8948705863732, 39.97170544165039, 31.697667858168032, 34.76074101452105, 55.452050919720314, 51.01543839319527, 14.505802015454433, 54.11828291082355, 58.8837917010777, 48.87274926265477, 17.280986747340357, 29.99532943093006, 35.075753728525356], [40.50428649141297, 26.508553160749592, 50.69632689524093, 13.900772711385024, 68.02106903276503, 41.937439329994575, 21.198028131581253, 56.61755590322916, 87.14097321494673, 20.11810861302508, 72.80257781252115, 7.042825636561011, 42.55303478028907, 53.62996967718668, 57.32086187067653, 34.373462248911565, 59.954569750786874, 60.51913499003748, 43.76720992984182, 15.593894627982419, 75.89729730815326, 25.77084959825844, 30.40423332870299, 28.54300368182587, 52.05881181153855, 29.08936500207176, 26.490861693967524, 49.092790371776125, 58.06488793775858, 56.103192271241824, 0.0, 46.94635318558015, 50.480304778537935, 83.73640531682238, 21.801370928599603, 20.95649486715957, 12.06652586370853, 54.31625004694904, 15.255957838282797, 14.531994517392922, 67.48854969756817, 70.22316650926973, 29.942659283320847, 54.21543635711407], [41.098681818620435, 63.57557322910411, 74.56272592069452, 56.255842503914806, 110.33609962750646, 83.68478491198057, 65.21141569394048, 99.57056521258582, 133.21496574303225, 30.37116732951137, 118.96570552718815, 50.177094883097794, 59.71173312029369, 88.00511646806777, 69.03255653938139, 16.453905440531283, 104.36158176076907, 94.83385862959307, 87.25804518000672, 55.43866993958464, 122.81216970146679, 25.178911963645803, 35.883831810159755, 18.420786544434257, 86.7981540002456, 73.31582490664456, 60.563264455736984, 60.500589653253805, 89.38592324667678, 102.8948705863732, 46.94635318558015, 0.0, 92.30380043015217, 128.97879451042706, 68.72827435978539, 53.4596898243732, 53.07483840433306, 99.52955468430082, 51.58030243959696, 46.64072708758249, 103.3560704262376, 117.13593045981, 76.31877773018475, 94.05316162094176], [89.86274035721436, 61.03796956124627, 86.65816259598853, 52.66974484406203, 69.92994071325981, 57.7964563845472, 29.285977343905856, 61.19263181270736, 67.91675017489415, 61.96049950961491, 56.579244026723224, 44.45874044093013, 85.6327243995443, 18.95723970946369, 99.65964002627666, 76.42506388470365, 14.999883216038999, 21.043095079234227, 53.73639339685516, 37.319019079210456, 49.40152024765305, 75.68566260513745, 80.43360328817494, 74.93277060079933, 75.57141861831543, 48.394322273027036, 32.464773223067006, 93.35726423756736, 25.830546102503853, 39.97170544165039, 50.480304778537935, 92.30380043015217, 0.0, 70.10114871251456, 34.75489161089652, 63.8732616456105, 54.4760921306458, 51.42568219318263, 59.267822043755565, 61.97311758424507, 83.63585619842733, 40.500445985804554, 25.74354429635872, 67.83382160924202], [102.13849166797829, 67.05945359492252, 74.09542707605628, 72.7344667041238, 24.096547814210947, 46.65378322724156, 73.94728975918204, 31.136066490281333, 9.015365533576345, 103.71675196410821, 13.55491639007789, 83.51233261466699, 85.06884641748034, 89.01046328486518, 91.48958860634602, 118.04655386821926, 58.72376837648028, 90.60754259552365, 42.06598808511779, 83.55477715368347, 24.37171495280348, 104.34730180754498, 98.7292185992297, 111.2258160694243, 53.643717721899066, 55.666756775777095, 88.47198539928958, 91.4710521789138, 95.9315555343671, 31.697667858168032, 83.73640531682238, 128.97879451042706, 70.10114871251456, 0.0, 64.09072570990267, 77.04261895032026, 75.90669499271537, 29.51182784591177, 77.67329432000757, 82.66922352141322, 45.01520399788853, 32.36776745770093, 61.10042454162316, 40.71452089574133], [56.479255519105486, 26.53451561115204, 52.844154024915845, 18.374275743074342, 52.02964572315189, 29.72069724073073, 12.444036760067663, 40.72564649327918, 66.54617226576049, 40.52051977379578, 52.24612739708536, 19.697591544108235, 50.878374665131545, 44.88006485014452, 64.98748235703873, 55.50991574042782, 40.63221272556348, 50.745121370446576, 28.662195071881204, 19.91461477417346, 54.241628174155, 46.87891705077668, 48.01239830211185, 50.31143616958521, 45.47857121488075, 16.64861393380917, 27.7019511699663, 58.606637797667055, 51.09901911898981, 34.76074101452105, 21.801370928599603, 68.72827435978539, 34.75489161089652, 64.09072570990267, 0.0, 29.34727643180145, 20.703347305708327, 35.57574430231053, 25.254906146604323, 28.802037395462524, 57.69118718292402, 48.421875871083444, 9.591821870198213, 42.192924031287916], [28.187060695528025, 10.183568799971555, 29.796577854235355, 11.25102057632627, 57.037538080862085, 30.651377604797275, 36.556339824628886, 46.613183453181165, 82.36988749271477, 36.10794939795088, 68.63558997399032, 27.29269619194596, 22.587680004217223, 71.28350013228642, 37.33269454891897, 46.34177040764411, 69.64015121244842, 77.8115628309416, 34.998805617893126, 35.200313757128704, 75.5341524544367, 28.281108698427737, 22.02441576431105, 37.55629307361387, 34.504703015434984, 23.15444642816457, 46.41529149176621, 29.911310532253058, 76.56391477846823, 55.452050919720314, 20.95649486715957, 53.4596898243732, 63.8732616456105, 77.04261895032026, 29.34727643180145, 0.0, 10.200401667513887, 48.33509847609196, 5.76348239246623, 8.125357418824342, 50.93959395462592, 72.05864858209515, 38.87883410201581, 40.59602144282696], [35.79287854196238, 14.467907909493094, 39.15619062234177, 3.206599569690331, 58.19605588389857, 31.56147118710989, 26.510754069871783, 47.03877593925183, 80.26357808356828, 30.470249973869475, 66.0990490836043, 17.58202217610073, 32.7787332861174, 61.15226750399769, 47.533021944549255, 43.07327025877017, 61.33267887391899, 67.73106889790205, 34.41415822444428, 25.14413523424176, 71.22856895129375, 28.792966794393084, 27.46447451805603, 35.47016655469253, 40.14663506206169, 20.241106257034982, 36.34428977915959, 40.011678001590695, 66.37494446284668, 51.01543839319527, 12.06652586370853, 53.07483840433306, 54.4760921306458, 75.90669499271537, 20.703347305708327, 10.200401667513887, 0.0, 46.45948811185822, 4.831926159567833, 8.228388771372721, 55.85037899207769, 66.73847023742883, 30.268037869405827, 43.294585964449375], [74.82240886359735, 38.71379846980763, 51.9760204268798, 43.27391294214991, 18.637158243757675, 19.50053599012468, 46.61880429784818, 10.670616703522107, 34.0602415283619, 74.36685566488818, 20.39558510356712, 54.49494412331155, 59.81355495775263, 68.90868098074222, 69.11171097593045, 88.57023418808916, 45.40880544273404, 72.35206408286038, 13.796012381471863, 55.44492969261691, 29.953939504305897, 75.04998607287675, 70.30282794254904, 81.71924043997107, 33.20714877481492, 26.228427581512562, 61.84569214677443, 67.03891869326452, 75.97555349838171, 14.505802015454433, 54.31625004694904, 99.52955468430082, 51.42568219318263, 29.51182784591177, 35.57574430231053, 48.33509847609196, 46.45948811185822, 0.0, 48.450046691782916, 53.438826703572005, 34.422246206782006, 30.287181703663293, 34.674333836286465, 20.74997033649085], [31.25856754968826, 12.916846919170768, 35.441230558503, 6.940172751282401, 58.86731678238234, 32.15573549679988, 31.324383662560063, 47.99586066493075, 82.46313872571119, 31.56453172137774, 68.45226593100756, 21.529238511466836, 28.142874408002115, 65.91656857746304, 42.93504242351908, 42.93886940062502, 65.86729907297602, 72.52181556699472, 35.73204245809182, 29.477081852897687, 74.33137374411291, 26.684011746201133, 23.457524354660674, 34.674579388113905, 38.53983615598344, 22.379967940455774, 40.691034306921445, 35.267204958282285, 71.06787577423512, 54.11828291082355, 15.255957838282797, 51.58030243959696, 59.267822043755565, 77.67329432000757, 25.254906146604323, 5.76348239246623, 4.831926159567833, 48.450046691782916, 0.0, 4.9961645747368255, 54.69138354101631, 70.23539163672925, 34.84533121695597, 43.1603975343081], [27.923767947709905, 17.339558424541853, 37.328373687691546, 11.156907513659867, 63.73861733880958, 37.05207345631544, 33.295626779921356, 52.9309610605856, 87.4421119883021, 27.992299820291326, 73.41130613001171, 21.44478983455039, 28.066153673190005, 67.33707112024159, 42.805782139536575, 38.48183728934192, 69.3801899673897, 74.09211397748471, 40.71701567317632, 29.861423549735864, 79.10542322878855, 21.69320435319167, 19.24945541177887, 29.966774386445998, 42.50105012248094, 27.333514104393753, 40.93765197646611, 34.57120614604598, 72.13592674554907, 58.8837917010777, 14.531994517392922, 46.64072708758249, 61.97311758424507, 82.66922352141322, 28.802037395462524, 8.125357418824342, 8.228388771372721, 53.438826703572005, 4.9961645747368255, 0.0, 58.8481857588876, 74.82548224677578, 38.31233215653765, 47.82721897744494], [67.65511970581005, 41.79219550400694, 33.55785399626476, 53.601148956827785, 21.8183862093135, 27.97397685738689, 70.12841409092928, 23.75238387647294, 53.696206612860856, 86.14733211125319, 46.3048740754226, 71.08746464689645, 47.79039884220832, 99.40654759780065, 49.64902703239212, 97.27821939221269, 79.51736716132626, 103.87214591322247, 30.3088401198648, 75.72472989313108, 60.03148449889162, 78.47660541361985, 68.22474593827283, 88.43472265629855, 16.572805481662986, 41.393503444391186, 85.15041002675099, 52.18466965691982, 106.27683858592819, 48.87274926265477, 67.48854969756817, 103.3560704262376, 83.63585619842733, 45.01520399788853, 57.69118718292402, 50.93959395462592, 55.85037899207769, 34.422246206782006, 54.69138354101631, 58.8481857588876, 0.0, 63.14455154551996, 61.736447395145376, 15.963677266885531], [100.1056198511332, 64.02985407608136, 81.67514324105186, 63.67842825635517, 42.788056380912934, 48.27369212910934, 53.89622673256851, 40.15920822569498, 28.12305551304778, 88.27917159243133, 20.351989223840985, 67.39369873499535, 87.76835855901054, 59.27944018784411, 98.43030624514688, 103.46316702072725, 27.2353346604624, 59.79519435902541, 42.23810268009775, 64.35861751510535, 8.984612881986646, 94.8745173417109, 93.6228753610989, 98.715378873347, 63.47273873181334, 49.076313422286034, 65.73693991013099, 95.3719462816184, 65.86777007359962, 17.280986747340357, 70.22316650926973, 117.13593045981, 40.500445985804554, 32.36776745770093, 48.421875871083444, 72.05864858209515, 66.73847023742883, 30.287181703663293, 70.23539163672925, 74.82548224677578, 63.14455154551996, 0.0, 41.31894153110416, 50.92978875682128], [66.05692235661388, 35.31549827739169, 61.007406993297046, 27.96456310119608, 52.66241148100281, 34.221507866064265, 13.065000546109848, 41.99407846617373, 62.320859419872995, 47.00124264960907, 48.35800160978194, 26.21577981872924, 60.09392339412057, 38.10363773151022, 73.96706200983972, 62.20631711734756, 31.071563006912886, 43.338240858097194, 31.524245251599517, 23.32138615081529, 48.06465433840594, 55.56948330301714, 57.46973624739315, 57.946564324899114, 51.36810078158816, 23.065213007135267, 27.455057196002766, 67.87882496498796, 44.7759481995211, 29.99532943093006, 29.942659283320847, 76.31877773018475, 25.74354429635872, 61.10042454162316, 9.591821870198213, 38.87883410201581, 30.268037869405827, 34.674333836286465, 34.84533121695597, 38.31233215653765, 61.736447395145376, 41.31894153110416, 0.0, 45.812071894468566], [62.50992938461002, 30.54651417446659, 33.60184056651015, 40.63529616670414, 17.47222010483542, 12.695234316960272, 54.62884422800095, 11.135411160016611, 48.154446083041634, 73.72324868183358, 37.36632092885551, 56.98602407871133, 44.51093399587607, 83.44441286335588, 51.05819586722288, 86.06482064193723, 64.47051903080275, 87.94983257326591, 14.345359636151638, 60.87002515227238, 49.56871783912712, 68.87437386110801, 60.669275426570834, 77.78940655787449, 13.36106953597875, 26.394257321217463, 69.83653704732629, 50.76142526639613, 90.3132975603491, 35.075753728525356, 54.21543635711407, 94.05316162094176, 67.83382160924202, 40.71452089574133, 42.192924031287916, 40.59602144282696, 43.294585964449375, 20.74997033649085, 43.1603975343081, 47.82721897744494, 15.963677266885531, 50.92978875682128, 45.812071894468566, 0.0]]",Route_3,1950.5398597423803
