instance_id,num_cities,city_coordinates,distance_matrix,best_route,total_distance
1137,30,"[[4.280041846700245, 38.354122567546845], [32.20866981082185, 42.21672289565874], [59.706012021465924, 79.33583176327132], [89.13089046281061, 24.901330905153472], [97.78373059760406, 85.7163202370273], [21.433817017660306, 34.92676306861014], [76.76738836703313, 6.677308154300665], [72.40739446391842, 44.88402124011791], [17.05912594047391, 6.660590540494038], [18.92111118783878, 13.421248708656519], [94.42333378014999, 85.98378442059862], [89.26324439604515, 93.90537453176302], [96.54132184902694, 97.37735404153362], [98.55180511384648, 62.912870046360815], [98.45290395714427, 33.917630934213165], [25.638186243124604, 78.49838624807748], [82.277436599912, 20.59988955806148], [47.982505442400594, 43.60822743516826], [56.829854183619474, 1.3005965477559944], [21.83180318066471, 16.588221878586605], [70.18265191566618, 80.98054423208653], [28.182732208183815, 57.57700934429168], [97.2363816346533, 10.888792463980401], [2.173488609007268, 44.7441801872827], [57.99650331734675, 48.38972372281164], [76.76257830897403, 71.68099162963301], [17.29380773935282, 43.95940582824879], [41.187283911223005, 52.346838392644514], [1.4928318065247193, 10.347312685375876], [9.66678484459409, 54.35121481158861]]","[[0.0, 28.194466500592732, 68.9314054580127, 85.91067520620379, 104.81468207321356, 17.492821263329635, 79.10648504977362, 68.43957737526459, 34.1728688088308, 28.913822132595396, 101.95291937377371, 101.52874622654815, 109.52573049881727, 97.41815758484151, 94.27730594414196, 45.47232387409384, 79.99253951490378, 44.01716645007352, 64.29966226306905, 27.96102213307178, 78.48672395905761, 30.673408394707476, 96.92897123394665, 6.728328390230299, 54.64587380100169, 79.77717902687638, 14.16959078948552, 39.47075642765435, 28.14515836843212, 16.879690767005762], [28.194466500592732, 0.0, 46.19450261421745, 59.49757981412815, 78.69119115918491, 13.009264660013786, 56.99587177620768, 40.287118837090205, 38.64902621719708, 31.71338121067388, 76.06720770045585, 76.98662993701798, 84.74305485808281, 69.49634600983671, 66.76206621291254, 36.87180969157365, 54.53594128027637, 15.835093160936525, 47.75282311274209, 27.64958273540735, 54.26469535067466, 15.87912382231437, 72.18062434043742, 30.141336237579438, 26.516377885606445, 53.415296446706826, 15.0163262622549, 13.536423129696919, 44.261970261811726, 25.600438900308188], [68.9314054580127, 46.19450261421745, 0.0, 61.87841590538937, 38.60859082027352, 58.625304201653904, 74.63478824141211, 36.71855613001013, 84.26415358379847, 77.51219513903933, 35.34809336626324, 32.95302053117109, 41.01629647115215, 42.1747473321554, 59.70037354341926, 34.078117146555144, 62.923605381718474, 37.601892472784876, 78.08822074454639, 73.29200666892132, 10.604954624034216, 38.30357063312988, 78.06103914335968, 67.13101823270446, 30.99328996510797, 18.695535054972822, 55.229399634649546, 32.73146886378365, 90.26732584550383, 55.929914542048955], [85.91067520620379, 59.49757981412815, 61.87841590538937, 0.0, 61.42747406359975, 68.43539320484793, 22.022061422489376, 26.057306680623082, 74.34422540059226, 71.1421492019927, 61.3113046976964, 69.00417055792117, 72.8538840625188, 39.16159778080614, 12.968947598111448, 83.0901187299729, 8.09149105624869, 45.20107927442201, 40.00439484504251, 67.81058125910351, 59.19386717732806, 69.15473921640508, 16.187965304576505, 89.19264770594681, 39.00070076396373, 48.38710368509522, 74.32211429979124, 55.243509034269, 88.83832940450999, 84.74573584438086], [104.81468207321356, 78.69119115918491, 38.60859082027352, 61.42747406359975, 0.0, 91.6999913905601, 81.78540255917243, 48.07530631148185, 112.98792057074637, 106.98546680489709, 3.3710241559871594, 11.817753397033009, 11.727032399050497, 22.816381813528377, 51.80301155796437, 72.50571109418209, 66.93724447504111, 65.21697253299362, 93.82555301896879, 102.70048325593349, 28.00441248759735, 75.07409536133027, 74.8295296224248, 104.01939546725852, 54.555460423186865, 25.27606165246707, 90.67672018037094, 65.7014466818423, 122.28010667853859, 93.53269998876215], [17.492821263329635, 13.009264660013786, 58.625304201653904, 68.43539320484793, 91.6999913905601, 0.0, 62.127576978598945, 51.937005958793314, 28.602699722404523, 21.651809127031175, 89.07462594116896, 89.88496998164449, 97.67913592400966, 82.03905333299268, 77.02569766419816, 43.77399989808478, 62.50764232041569, 27.932072615933055, 48.82211099432485, 18.34285926359718, 67.06265475931004, 23.63432911249872, 79.52265610065123, 21.618092637676718, 38.962563301531596, 66.4239801814607, 9.936212157946537, 26.33739695964863, 31.651102229347455, 22.710622441431997], [79.10648504977362, 56.99587177620768, 74.63478824141211, 22.022061422489376, 81.78540255917243, 62.127576978598945, 0.0, 38.45468075094573, 59.708264766927165, 58.238067599233304, 81.2480743538445, 88.11856774737532, 92.83052714111065, 60.30753878508531, 34.81805238037839, 88.16157081393162, 14.973273004690656, 46.82373633014307, 20.649801379546982, 55.822439310898815, 74.5944344154786, 70.36510779714608, 20.89775790558782, 83.74566632062725, 45.74135697712407, 65.00368365329656, 70.19303099059763, 57.893435079267526, 75.36396883550715, 82.3121641620688], [68.43957737526459, 40.287118837090205, 36.71855613001013, 26.057306680623082, 48.07530631148185, 51.937005958793314, 38.45468075094573, 0.0, 67.26411735087488, 62.05391650859371, 46.62501600501161, 51.83833287711577, 57.775396490460174, 31.757984783522367, 28.26004743632182, 57.595871140979405, 26.213294018832226, 24.458185818784884, 46.28363284249756, 57.95293517293808, 36.165016957216025, 46.01013691184252, 42.09696168925312, 70.2340450718637, 14.83117438153509, 27.148577280969672, 55.121342103636046, 32.099672004158684, 78.87749637687931, 63.45086169252667], [34.1728688088308, 38.64902621719708, 84.26415358379847, 74.34422540059226, 112.98792057074637, 28.602699722404523, 59.708264766927165, 67.26411735087488, 0.0, 7.012381045561235, 110.80338326062639, 113.24790088840211, 120.61074017909498, 99.02209707161525, 85.8364337030136, 72.34824923798095, 66.69131954289203, 48.18073548547045, 40.130292306340415, 11.015276302667715, 91.35406136980107, 52.117332243724384, 80.28866683508697, 40.88938736578163, 58.456731200470834, 88.27318269163216, 37.299553582003796, 51.66624865296054, 15.99691949214545, 48.260152820360496], [28.913822132595396, 31.71338121067388, 77.51219513903933, 71.1421492019927, 106.98546680489709, 21.651809127031175, 58.238067599233304, 62.05391650859371, 7.012381045561235, 0.0, 104.71822766512896, 106.89111382051685, 114.33951515443987, 93.75749568846338, 82.13043129946335, 65.42287770820737, 63.76171934762472, 41.90248585291749, 39.7992839674999, 4.301377330130201, 84.80568359144839, 45.11661358342406, 78.35620536874472, 35.51913425827969, 52.43739614903094, 82.09648569788868, 30.581483887711506, 44.843996030614534, 17.697288065360727, 41.96313478822147], [101.95291937377371, 76.06720770045585, 35.34809336626324, 61.3113046976964, 3.3710241559871594, 89.07462594116896, 81.2480743538445, 46.62501600501161, 110.80338326062639, 104.71822766512896, 0.0, 9.45399980649719, 11.588757576504824, 23.437392466240063, 52.22185150565968, 69.19124010661704, 66.5024550351957, 62.86842105955711, 92.6526417134553, 100.42546696579662, 24.751627615958036, 72.07469852071434, 75.14766167484044, 101.04820083217876, 52.347181178308944, 22.726023968876948, 87.83514207508951, 62.97238397690196, 119.8205076504983, 90.46707714707128], [101.52874622654815, 76.98662993701798, 32.95302053117109, 69.00417055792117, 11.817753397033009, 89.88496998164449, 88.11856774737532, 51.83833287711577, 113.24790088840211, 106.89111382051685, 9.45399980649719, 0.0, 8.063811327645809, 32.354484920733285, 60.68755411758068, 65.46390847586282, 73.63759663238675, 65.06844407710574, 98.12017991289406, 102.5911368431888, 23.04604624827716, 71.06742633813157, 83.39858401461362, 100.00724269982481, 55.22031841853832, 25.49882052176019, 87.60250911026506, 63.54848465986108, 121.1841368565181, 88.88266380062454], [109.52573049881727, 84.74305485808281, 41.01629647115215, 72.8538840625188, 11.727032399050497, 97.67913592400966, 92.83052714111065, 57.775396490460174, 120.61074017909498, 114.33951515443987, 11.588757576504824, 8.063811327645809, 0.0, 34.5230748921883, 63.48850764519399, 73.37349701149135, 78.09121253323414, 72.45051847173899, 103.96030008930745, 110.03815726965117, 31.042468532367668, 79.10097480881294, 86.49135443418497, 108.05340781478372, 62.333706450715134, 32.4268675210376, 95.57010873636264, 71.35696781411528, 128.8737504607287, 96.94551994171358], [97.41815758484151, 69.49634600983671, 42.1747473321554, 39.16159778080614, 22.816381813528377, 82.03905333299268, 60.30753878508531, 31.757984783522367, 99.02209707161525, 93.75749568846338, 23.437392466240063, 32.354484920733285, 34.5230748921883, 0.0, 28.995407784844378, 74.56074122551935, 45.33479224977812, 54.12876587921037, 74.4096326767654, 89.6210450982105, 33.634055712378235, 70.57108353308992, 52.040705099250424, 98.07589501759509, 43.07730589231869, 23.487238255129444, 83.43917511085829, 58.32948926326694, 110.3792649012594, 89.29640960657103], [94.27730594414196, 66.76206621291254, 59.70037354341926, 12.968947598111448, 51.80301155796437, 77.02569766419816, 34.81805238037839, 28.26004743632182, 85.8364337030136, 82.13043129946335, 52.22185150565968, 60.68755411758068, 63.48850764519399, 28.995407784844378, 0.0, 85.37814041150703, 20.952517261344745, 51.39230279702754, 52.88051819542479, 78.55635876500813, 54.90104697154546, 74.14622865918192, 23.060948112538462, 96.88622187136941, 42.96698526089087, 43.549301231317735, 81.77796856067786, 60.1580163136196, 99.7838438516217, 91.10711441562447], [45.47232387409384, 36.87180969157365, 34.078117146555144, 83.0901187299729, 72.50571109418209, 43.77399989808478, 88.16157081393162, 57.595871140979405, 72.34824923798095, 65.42287770820737, 69.19124010661704, 65.46390847586282, 73.37349701149135, 74.56074122551935, 85.37814041150703, 0.0, 80.99531220967442, 41.43177262040764, 83.26114870409342, 62.027066707007506, 44.613568903527714, 21.075548052626317, 98.47516821500808, 41.1088611111418, 44.19945975842062, 51.576936061444, 35.53265851376052, 30.42495511134016, 72.30191538692318, 28.951192566389494], [79.99253951490378, 54.53594128027637, 62.923605381718474, 8.09149105624869, 66.93724447504111, 62.50764232041569, 14.973273004690656, 26.213294018832226, 66.69131954289203, 63.76171934762472, 66.5024550351957, 73.63759663238675, 78.09121253323414, 45.33479224977812, 20.952517261344745, 80.99531220967442, 0.0, 41.29801345059533, 31.9380989029032, 60.578610722139935, 61.58008830313684, 65.5251435016641, 17.834669700420065, 83.66354793885967, 36.90309748485484, 51.377939339909666, 69.05460897191472, 51.92561418303502, 81.43259607892958, 80.07158487691767], [44.01716645007352, 15.835093160936525, 37.601892472784876, 45.20107927442201, 65.21697253299362, 27.932072615933055, 46.82373633014307, 24.458185818784884, 48.18073548547045, 41.90248585291749, 62.86842105955711, 65.06844407710574, 72.45051847173899, 54.12876587921037, 51.39230279702754, 41.43177262040764, 41.29801345059533, 0.0, 43.222808921381635, 37.60239259754174, 43.46879991676405, 24.231341030802668, 59.131258609939536, 45.82309910838801, 11.096975272035777, 40.204137644318386, 30.690706948078216, 11.069704473196362, 57.16273440593276, 39.793293690006365], [64.29966226306905, 47.75282311274209, 78.08822074454639, 40.00439484504251, 93.82555301896879, 48.82211099432485, 20.649801379546982, 46.28363284249756, 40.130292306340415, 39.7992839674999, 92.6526417134553, 98.12017991289406, 103.96030008930745, 74.4096326767654, 52.88051819542479, 83.26114870409342, 31.9380989029032, 43.222808921381635, 0.0, 38.19129563475527, 80.79103459079232, 63.14817681233224, 41.52855597753252, 69.81878871242473, 47.10357702244906, 73.14857143470807, 58.16247052586976, 53.38921999068454, 56.07164272997321, 70.98396444023543], [27.96102213307178, 27.64958273540735, 73.29200666892132, 67.81058125910351, 102.70048325593349, 18.34285926359718, 55.822439310898815, 57.95293517293808, 11.015276302667715, 4.301377330130201, 100.42546696579662, 102.5911368431888, 110.03815726965117, 89.6210450982105, 78.55635876500813, 62.027066707007506, 60.578610722139935, 37.60239259754174, 38.19129563475527, 0.0, 80.52437985773028, 41.4778856430909, 75.61966640680055, 34.339588233979626, 48.15829165911492, 77.79847900209039, 27.744821380423634, 40.66095534183215, 21.274931353966533, 39.67406339631591], [78.48672395905761, 54.26469535067466, 10.604954624034216, 59.19386717732806, 28.00441248759735, 67.06265475931004, 74.5944344154786, 36.165016957216025, 91.35406136980107, 84.80568359144839, 24.751627615958036, 23.04604624827716, 31.042468532367668, 33.634055712378235, 54.90104697154546, 44.613568903527714, 61.58008830313684, 43.46879991676405, 80.79103459079232, 80.52437985773028, 0.0, 48.080335904392314, 75.1316042530027, 77.06049813529208, 34.79459439522317, 11.391975682345409, 64.55845821441577, 40.75071135345717, 98.52585846039331, 66.11574209482235], [30.673408394707476, 15.87912382231437, 38.30357063312988, 69.15473921640508, 75.07409536133027, 23.63432911249872, 70.36510779714608, 46.01013691184252, 52.117332243724384, 45.11661358342406, 72.07469852071434, 71.06742633813157, 79.10097480881294, 70.57108353308992, 74.14622865918192, 21.075548052626317, 65.5251435016641, 24.231341030802668, 63.14817681233224, 41.4778856430909, 48.080335904392314, 0.0, 83.35584019477419, 29.002797395670058, 31.197230082816848, 50.585805948721266, 17.435819499181854, 14.016884574700377, 54.24937815259899, 18.79484123738326], [96.92897123394665, 72.18062434043742, 78.06103914335968, 16.187965304576505, 74.8295296224248, 79.52265610065123, 20.89775790558782, 42.09696168925312, 80.28866683508697, 78.35620536874472, 75.14766167484044, 83.39858401461362, 86.49135443418497, 52.040705099250424, 23.060948112538462, 98.47516821500808, 17.834669700420065, 59.131258609939536, 41.52855597753252, 75.61966640680055, 75.1316042530027, 83.35584019477419, 0.0, 100.91154992517234, 54.277876668460515, 64.14723768031614, 86.51289261892995, 69.7156433509285, 95.74508099135944, 97.7620398636169], [6.728328390230299, 30.141336237579438, 67.13101823270446, 89.19264770594681, 104.01939546725852, 21.618092637676718, 83.74566632062725, 70.2340450718637, 40.88938736578163, 35.51913425827969, 101.04820083217876, 100.00724269982481, 108.05340781478372, 98.07589501759509, 96.88622187136941, 41.1088611111418, 83.66354793885967, 45.82309910838801, 69.81878871242473, 34.339588233979626, 77.06049813529208, 29.002797395670058, 100.91154992517234, 0.0, 55.94192487568625, 79.30399808931718, 15.140671101311549, 39.74766201515186, 34.40360137582256, 12.183784418105576], [54.64587380100169, 26.516377885606445, 30.99328996510797, 39.00070076396373, 54.555460423186865, 38.962563301531596, 45.74135697712407, 14.83117438153509, 58.456731200470834, 52.43739614903094, 52.347181178308944, 55.22031841853832, 62.333706450715134, 43.07730589231869, 42.96698526089087, 44.19945975842062, 36.90309748485484, 11.096975272035777, 47.10357702244906, 48.15829165911492, 34.79459439522317, 31.197230082816848, 54.277876668460515, 55.94192487568625, 0.0, 29.910679218277643, 40.94309641394665, 17.26871777386537, 68.11673753009678, 48.696006650002595], [79.77717902687638, 53.415296446706826, 18.695535054972822, 48.38710368509522, 25.27606165246707, 66.4239801814607, 65.00368365329656, 27.148577280969672, 88.27318269163216, 82.09648569788868, 22.726023968876948, 25.49882052176019, 32.4268675210376, 23.487238255129444, 43.549301231317735, 51.576936061444, 51.377939339909666, 40.204137644318386, 73.14857143470807, 77.79847900209039, 11.391975682345409, 50.585805948721266, 64.14723768031614, 79.30399808931718, 29.910679218277643, 0.0, 65.61265878171493, 40.48964130340016, 97.09456684789417, 69.29766709765892], [14.16959078948552, 15.0163262622549, 55.229399634649546, 74.32211429979124, 90.67672018037094, 9.936212157946537, 70.19303099059763, 55.121342103636046, 37.299553582003796, 30.581483887711506, 87.83514207508951, 87.60250911026506, 95.57010873636264, 83.43917511085829, 81.77796856067786, 35.53265851376052, 69.05460897191472, 30.690706948078216, 58.16247052586976, 27.744821380423634, 64.55845821441577, 17.435819499181854, 86.51289261892995, 15.140671101311549, 40.94309641394665, 65.61265878171493, 0.0, 25.322859802913538, 37.14086221232589, 12.890351903008543], [39.47075642765435, 13.536423129696919, 32.73146886378365, 55.243509034269, 65.7014466818423, 26.33739695964863, 57.893435079267526, 32.099672004158684, 51.66624865296054, 44.843996030614534, 62.97238397690196, 63.54848465986108, 71.35696781411528, 58.32948926326694, 60.1580163136196, 30.42495511134016, 51.92561418303502, 11.069704473196362, 53.38921999068454, 40.66095534183215, 40.75071135345717, 14.016884574700377, 69.7156433509285, 39.74766201515186, 17.26871777386537, 40.48964130340016, 25.322859802913538, 0.0, 57.789356178518766, 31.584163535515287], [28.14515836843212, 44.261970261811726, 90.26732584550383, 88.83832940450999, 122.28010667853859, 31.651102229347455, 75.36396883550715, 78.87749637687931, 15.99691949214545, 17.697288065360727, 119.8205076504983, 121.1841368565181, 128.8737504607287, 110.3792649012594, 99.7838438516217, 72.30191538692318, 81.43259607892958, 57.16273440593276, 56.07164272997321, 21.274931353966533, 98.52585846039331, 54.24937815259899, 95.74508099135944, 34.40360137582256, 68.11673753009678, 97.09456684789417, 37.14086221232589, 57.789356178518766, 0.0, 44.756640966474166], [16.879690767005762, 25.600438900308188, 55.929914542048955, 84.74573584438086, 93.53269998876215, 22.710622441431997, 82.3121641620688, 63.45086169252667, 48.260152820360496, 41.96313478822147, 90.46707714707128, 88.88266380062454, 96.94551994171358, 89.29640960657103, 91.10711441562447, 28.951192566389494, 80.07158487691767, 39.793293690006365, 70.98396444023543, 39.67406339631591, 66.11574209482235, 18.79484123738326, 97.7620398636169, 12.183784418105576, 48.696006650002595, 69.29766709765892, 12.890351903008543, 31.584163535515287, 44.756640966474166, 0.0]]",Route_2,1554.359908052246
