instance_id,num_cities,city_coordinates,distance_matrix,best_route,total_distance
2459,93,"[[88.121305539652, 62.12531930278623], [27.82433344350984, 54.940571719779385], [10.424388415136987, 92.46327619602053], [70.35620128500895, 80.41409104168578], [22.33005744353357, 54.35710685441071], [27.109550704877794, 42.07148787417437], [21.37334007798617, 54.80635786449795], [8.250094212535453, 31.241448856970944], [41.96697776906807, 25.964932508656002], [56.12750795933067, 94.4242965500989], [5.166064266504334, 9.645496905544103], [74.83340680829183, 8.889502812209283], [87.17183206974403, 12.475268021683682], [43.53787577627727, 82.7751550672099], [55.50275866306566, 68.3761364607042], [67.44000361287016, 78.34615460538471], [59.53942253514983, 10.517508443539402], [77.79171274497573, 23.994275184295265], [68.68761587185224, 96.32469844010782], [67.15531899194781, 16.760920268563794], [17.691624935370875, 54.993158360636706], [63.75327705598016, 19.795908495506566], [5.921110693664888, 19.208772737372804], [89.25240257147964, 92.25205701098508], [57.52213404941142, 44.43902590193719], [67.12515722602487, 8.090857621532832], [3.071625956527968, 82.15381690428755], [86.22530509470936, 71.23672036934646], [50.517621476711064, 1.7389227937570917], [57.619179474462314, 98.64460041091739], [10.583668867806006, 31.413463999431347], [21.11217875672532, 95.44155143951126], [51.244848783110676, 65.23350653130417], [24.475824285376333, 47.28717442569441], [51.89045710334172, 57.533444067704544], [17.848256815177123, 37.05636901905927], [53.92646973624351, 78.91655946510429], [58.37401390061194, 77.86778991009339], [80.99904033236591, 32.11949730274737], [99.9994920527561, 21.276256306958608], [25.226259164465315, 16.440041549584983], [93.61056122915966, 25.662602768851993], [72.6349891263816, 66.9253276256608], [89.73335362603278, 58.41533871091607], [61.52473724716666, 97.23919696709193], [62.969518216731124, 52.36041238022384], [86.66682691065877, 72.49961581733268], [75.59686691821067, 17.526881274656393], [24.189209044975257, 54.69526791000907], [25.038497791200175, 54.02879341224719], [57.73671832564177, 75.37206011031714], [63.201243806462934, 86.86566425757918], [71.8983071725486, 16.57282231348627], [75.57544482135341, 69.14774357710569], [64.36872167105052, 84.16036293796225], [4.354984759097813, 68.40859462682606], [43.73434054444936, 21.43830952540522], [60.1581509085282, 52.36984533741216], [50.94115368999954, 49.99215556667856], [42.97253508654846, 48.75483389631962], [40.014293641388306, 11.648963158904024], [76.48783069597876, 82.6682567971024], [63.12879456405581, 83.19253313862484], [95.32292585302359, 56.09164403680599], [6.959058374070781, 42.50693394863114], [57.11539078887721, 70.73893157830338], [96.71991380109658, 5.489914215355707], [69.69268917899569, 79.95467722048689], [27.85572384451961, 97.4652054085215], [6.1459642590809604, 0.35184597305961685], [98.7555374690714, 14.772901937675876], [16.82603587559871, 99.61083112409173], [23.320120037436855, 58.89262538412665], [38.953402984284935, 72.1200143093448], [17.613271281204845, 97.9861769600086], [56.594971013920635, 34.883944653243134], [44.5617667888651, 57.88006951843778], [32.529850088530075, 4.787878840338767], [99.61478303864565, 4.360367628208984], [59.1187855287742, 78.7743778197228], [18.19941356781154, 4.36077017187243], [22.45180193141656, 38.38677973935493], [35.342130631925805, 23.51605171305421], [78.60598831168876, 61.468438294961835], [45.59945114163874, 53.6148162006655], [4.651059497796595, 13.591388271115424], [90.68968134566164, 21.753420044587845], [75.9653708165559, 33.3221251326675], [81.97522055703217, 23.33311669804553], [35.70290433034793, 63.917956071720475], [29.793206668691052, 37.90673858080073], [0.5159031314671103, 96.11707142990355], [36.34061711633232, 82.29018832179847]]","[[0.0, 60.72351638199544, 83.40984689537258, 25.49662920654233, 66.24827130339406, 64.22297395002644, 67.14803116850773, 85.63424462546985, 58.63271736032369, 45.46236921711182, 98.1616208786928, 54.86912073391798, 49.65912899040993, 49.13347053245311, 33.21208086648264, 26.283678344187965, 58.99398425065766, 39.50540485642607, 39.33530001770184, 49.97500666988124, 70.78988366797742, 48.842397888233194, 92.72918635370173, 30.147963537095173, 35.342810727926945, 57.97034839631956, 87.37613354552494, 9.306580848138458, 71.13757051271266, 47.58190398829611, 83.39846015862285, 74.83444658710646, 37.00721403678727, 65.35225954381319, 36.52067491968685, 74.610680504606, 38.09504615840109, 33.65600601200375, 30.839520352640605, 42.541006834314366, 77.73629436707174, 36.87358980434145, 16.213145159147665, 4.04507787624135, 44.0495385851051, 26.980841587017817, 10.475759459529828, 46.32366821972531, 64.36240071582141, 63.60027016392543, 33.14663304451447, 35.115440268749346, 48.355099606755246, 14.377519391449228, 32.39951216359682, 84.0016431143367, 60.213249589355684, 29.61599718417787, 39.10981147756166, 47.086955236366386, 69.72909811078672, 23.608261643622964, 32.687200915193785, 9.395135568647644, 83.49964915417922, 32.18013464802864, 57.28442348013232, 25.641760952121135, 69.86306525639293, 102.64462277822712, 48.53182789724994, 80.54923384474436, 64.88176903001518, 50.17346479931596, 79.10362827899819, 41.66536044996, 43.76591781184094, 79.86233153345061, 58.897280641691076, 33.441550748757834, 90.69627397649522, 69.82837506885463, 65.39355356421522, 9.537963860657806, 43.36515611060389, 96.55477427696081, 40.45351411181746, 31.263249085687413, 39.276065784913285, 52.44904510021994, 63.15620927579428, 93.96885517963594, 55.56853098784268], [60.72351638199544, 0.0, 41.36074755370996, 49.5768087792093, 5.5251696818319465, 12.888919015520974, 6.452389383862377, 30.737587184714197, 32.242860546366465, 48.58018334824808, 50.64623346829268, 65.80694436110238, 72.97552748259083, 31.96372072786161, 30.76702167162311, 46.01328757198822, 54.58255606817515, 58.77424830245536, 58.15886686673563, 54.814343096928056, 10.132844964061594, 50.25968903858863, 41.910769801429765, 71.87179287750163, 31.49987024405223, 61.151046279452494, 36.78664487838277, 60.6319878497563, 57.83943957375074, 52.89399752187367, 29.167881525691737, 41.053408857212524, 25.582514454345116, 8.353861605461942, 24.205398055453553, 20.478447478625203, 35.44248167677334, 38.19607715430096, 57.86493662196019, 79.64006311200247, 38.58809160020073, 72.00713320329363, 46.385657663252395, 62.00645761211267, 54.08226062529296, 35.23976780515674, 61.40650671591151, 60.67947912857277, 3.6433917373663296, 2.93124887441614, 36.22425274853125, 47.65225409543077, 58.43457328304969, 49.81979897593753, 46.78983340170608, 27.059156836369578, 37.088136891633404, 32.43585032019548, 23.640520314341334, 16.36249875290259, 44.975087564271824, 56.00857509871369, 45.2170133801877, 67.50840647463612, 24.288990344340775, 33.27993711876604, 84.80547458996091, 48.771556116180214, 42.5246452744638, 58.73568480189008, 81.51489066569341, 46.00428919830058, 5.992217166736221, 20.469231459231242, 44.240139251364326, 35.07161067721367, 16.993596508641946, 50.37295395304961, 87.81927862956204, 39.33691706942229, 51.48742960412049, 17.403796246210202, 32.31126324084569, 51.199506962218145, 17.824489806970522, 47.399953557301494, 71.08754464159492, 52.77231008959933, 62.70047677755224, 11.9442584123674, 17.147242728304832, 49.40905275843233, 28.644870673009166], [83.40984689537258, 41.36074755370996, 0.0, 61.131048222264205, 39.92273909572295, 53.082266067950975, 39.216361900900104, 61.26042521899326, 73.60003163255828, 45.74517173320009, 82.98454397933484, 105.51349320337374, 110.85238634876048, 34.50163381961649, 51.110172811662416, 58.73732627878781, 95.53740329919796, 96.05394571232, 58.39104602094461, 94.60045019490273, 38.16834365332834, 90.13610093735558, 73.3927911120005, 78.82829713609627, 67.26459886254864, 101.65472049961238, 12.66286170897517, 78.71687012150815, 99.18858622638234, 47.597868357554034, 61.050019979533275, 11.09499823396735, 49.06903647563112, 47.31091862539039, 54.21741440687898, 55.90204991713198, 45.56253519566104, 50.121799689556205, 92.85554988452905, 114.41717962078904, 77.45080750893963, 106.68771868292838, 67.24838777276558, 86.30859754284425, 51.323046187523474, 66.10015394909993, 78.81279822122174, 99.31221092113623, 40.19816832722421, 41.11911550254586, 50.3047336624363, 53.07287183119368, 97.66475146074914, 69.19735697372897, 54.579569978114506, 24.808574447865517, 78.44806435737658, 63.88215971429783, 58.69756686482349, 54.49596113484005, 86.06111597556468, 66.78563326808614, 53.51356000441797, 92.36155739818078, 50.07638807893215, 51.49754219119541, 122.52054275042431, 60.573893087417915, 18.13479392489808, 92.21073956420977, 117.63581999369937, 9.595240052121204, 35.96232042024674, 35.03930616431395, 9.06545474374585, 73.80448576085456, 48.59381428057983, 90.41917239872603, 125.36765528319242, 50.58191622524009, 88.44491270762708, 55.397889354372985, 73.3117564998063, 74.89599816389641, 52.40694497701648, 79.08290606462683, 106.96915913560895, 88.2796472763765, 99.4912083171831, 38.12923639248946, 57.89271903357194, 10.560696010578505, 27.84138335265158], [25.49662920654233, 49.5768087792093, 61.131048222264205, 0.0, 54.639517907993906, 57.796435911405595, 55.27274817213726, 79.21563781933173, 61.40569091536272, 19.968514520218346, 96.21823049972053, 71.66458044734429, 69.98892135210899, 26.922057990148385, 19.119024771602156, 3.5749923031482562, 70.72860073140782, 56.90766602183884, 15.997862515590063, 63.73360021939968, 58.47889722336842, 60.976738708922454, 88.87053442084719, 22.29806855647154, 38.19579287849634, 72.39537097119556, 67.30706295190005, 18.331737183926727, 81.13785397488702, 22.23922652575809, 77.29047213013835, 51.485904097862736, 24.406842084314214, 56.58976584252017, 29.40251203776191, 68.09534706158927, 16.497838633813735, 12.249753628851131, 49.453390251802304, 66.15140349722829, 78.29042523975316, 59.4852143351806, 13.679898118022725, 29.315851291712324, 19.002077424661724, 29.009859930577868, 18.12940777788959, 63.1051957334844, 52.84741276325455, 52.43928089654573, 13.589460109755532, 9.634117161413117, 63.8598910380731, 12.416565075910638, 7.062893546443883, 67.08421965758724, 64.70599875394714, 29.840910653043224, 36.08930909787528, 41.8589743957628, 75.16165360201526, 6.5328510228202, 7.743070992579221, 34.85568481554038, 73.86575856340636, 16.399017447284777, 79.42718433089576, 0.807037405536272, 45.79335196096105, 102.63000352896131, 71.52124161872321, 56.868211142520316, 51.725877693642865, 32.479646703095696, 55.5931188988988, 47.564332106389706, 34.25105804184828, 84.55859989831032, 81.48762759638957, 11.356415470065953, 92.21951051867268, 63.7269673900421, 66.80847268978391, 20.66389953481731, 36.48421315673127, 93.71466941115287, 62.08481886263926, 47.42484618857265, 58.25151706919712, 38.37933635141743, 58.75569372816004, 71.5838727595006, 34.06728206565312], [66.24827130339406, 5.5251696818319465, 39.92273909572295, 54.639517907993906, 0.0, 13.182563846338017, 1.056945877329751, 27.06619680045314, 34.52135866316854, 52.41800598532928, 47.892908932332496, 69.45433544319802, 77.19160680207914, 35.45923042960237, 36.01334887652743, 51.09189422402496, 57.50171509918344, 63.22892341170892, 62.532407333628655, 58.50450682367607, 4.681839131297958, 53.94774837807875, 38.78993329000395, 76.90661561135806, 36.562967407115536, 64.39849984745084, 33.81633145296239, 66.08724555327365, 59.69264661551961, 56.627768976284074, 25.775732618663405, 41.10249159554661, 30.89273746599371, 7.388386825699249, 29.730562492831194, 17.87182325673285, 40.01874538647877, 43.03392864734205, 62.74201807228016, 84.4208726883296, 38.02751406204128, 76.83934398892796, 51.851194055401365, 67.52535510507789, 58.095581392576115, 40.68848191760797, 66.84587150255219, 64.75969817615844, 1.8896554121496842, 2.728266635278463, 41.173533916443745, 52.223176647427366, 62.32706907490148, 55.261507504562616, 51.53138231423319, 22.81551109725764, 39.26564086644058, 37.88025690954739, 28.94214277085948, 21.389187584836606, 46.224644377405035, 61.11125603962694, 49.96017173330999, 73.01347449534394, 19.408611755875224, 38.44975418947457, 89.00479338395978, 53.83729649188586, 43.46080015515033, 56.378125856273684, 86.06836396739476, 45.58721107609688, 4.642321862305885, 24.32810099904576, 43.883297847590164, 39.41177930643423, 22.5091129622522, 50.607747785413046, 92.04674216703485, 44.15442939868259, 50.16668117886375, 15.970791147661277, 33.473642330829016, 56.72346454453178, 23.281230175659832, 44.43411729716028, 75.73663957183086, 57.612648755775666, 67.23119401035578, 16.439065411826586, 18.064141626281682, 47.11424380903364, 31.249845161356816], [64.22297395002644, 12.888919015520974, 53.082266067950975, 57.796435911405595, 13.182563846338017, 0.0, 13.967140939594916, 21.74784688884631, 21.912650791500386, 59.85698304691954, 39.15305208242101, 58.12581676012685, 66.95829950281983, 43.89394477160795, 38.70541041531182, 54.2438648901806, 45.24765413628431, 53.80954532138207, 68.35310058615255, 47.37392099267155, 15.989587047846301, 42.883144912072446, 31.171360790560676, 79.87379768740597, 30.504597391231165, 52.49697131856281, 46.73772487707957, 65.91876215142645, 46.633181139884194, 64.27561364742347, 19.66464450244274, 53.70597876635883, 33.45133362959361, 5.842935996268225, 29.208995382588498, 10.531997989096752, 45.570894734200415, 47.52727530970143, 54.800722701848755, 75.79831927972589, 25.700541389560186, 68.49551745297146, 51.86789849090381, 64.72141958023883, 65.02215923284399, 37.30682561465611, 66.88004275699065, 54.34572243237581, 12.957168587453857, 12.135337486122065, 45.24324820042141, 57.52502541335023, 51.53847738628049, 55.516362591581476, 56.21137985516486, 34.805365440998045, 26.49739017303474, 34.615981018329485, 25.11338841207103, 17.21340720324864, 33.04636742985004, 63.92426911479847, 54.665585991809486, 69.63928006467508, 20.155196710964447, 41.49906947963956, 78.6372315238971, 56.99526048150378, 55.398742915605574, 46.69047522811957, 76.67046506672175, 58.451062427263146, 17.242692710596724, 32.29846401520595, 56.71535751855915, 30.34881856602775, 23.547634697470723, 37.67555106426884, 81.72598917100555, 48.700033309705056, 38.7490486776648, 5.93899803632601, 20.299743431497838, 55.028399684332655, 21.797358716470786, 36.269820797719724, 66.74771076693807, 49.63307875970541, 57.97730834266091, 23.475815198599044, 4.954507645444374, 60.23410324009212, 41.26446961719492], [67.14803116850773, 6.452389383862377, 39.216361900900104, 55.27274817213726, 1.056945877329751, 13.967140939594916, 0.0, 26.972662430284792, 35.43904245190821, 52.70135909842093, 47.98102908216336, 70.4722378862884, 78.23913800438906, 35.686415618372884, 36.72813777072868, 51.73257696885468, 58.46496415084299, 64.28387988821895, 62.947702881442424, 59.52684197187474, 3.6864509784778714, 54.970816105252176, 38.806693492600004, 77.52256129388927, 37.606075009371615, 65.3878179426263, 32.90647741276104, 66.90092808452674, 60.543718115386326, 56.88191613433783, 25.7612982632099, 40.63603280482146, 31.639097042109274, 8.134096621228615, 30.638724364747386, 18.096638251977467, 40.50935782963233, 43.599076954930595, 63.7959071804254, 85.47712843105177, 38.55929476874431, 77.89463768911526, 52.674719659746074, 68.45521305962701, 58.41815239241912, 41.66802953179145, 67.64828748574453, 65.80235738790131, 2.8180594417507456, 3.746730246513102, 41.77611023594423, 52.700784213559665, 63.36067818952927, 56.06731224848167, 52.06016185324614, 21.78635496585801, 40.16766102004442, 38.8612679213581, 29.95717185515169, 22.430919895433156, 47.01112493365098, 61.756720186644124, 50.49052313089741, 73.9607544366899, 18.94854468559594, 39.13235354748996, 90.05119536136728, 54.47198788346206, 43.14856397472413, 56.54349511362892, 87.1245204665006, 45.03463999610417, 4.5263157703027455, 24.674304676720045, 43.343222013107834, 40.46561298123576, 23.39125555966094, 51.2475946704391, 93.09415302523512, 44.71224253884468, 50.545337343283805, 16.45495748329298, 34.26675310838351, 57.61908832587262, 24.25539586989002, 44.47817876651461, 76.79356656168335, 58.667385115039835, 68.28728159121765, 16.981096358964127, 18.880976811043944, 46.27750783329851, 31.29505262095342], [85.63424462546985, 30.737587184714197, 61.26042521899326, 79.21563781933173, 27.06619680045314, 21.74784688884631, 26.972662430284792, 0.0, 34.127259801203124, 79.27369670763954, 21.815049424568205, 70.23494150500977, 81.12219332306451, 62.4575888379753, 60.098247238178764, 75.64587681073222, 55.31796187536553, 69.91822533755675, 88.81735979312418, 60.658974723554074, 25.559464132426008, 56.67101287182686, 12.255996851758654, 101.40842305647068, 51.008920293851666, 63.26312448332514, 51.175050109051206, 87.63421281365017, 51.54554204912818, 83.54933523974728, 2.3399059555795727, 65.47584585502189, 54.808839665871375, 22.81972009958665, 50.94850621365163, 11.222211093996156, 66.02459732918138, 68.45745397616562, 72.75424476014527, 92.28898670264998, 22.522695992138026, 85.54257918119553, 73.61218579179376, 85.89494661760749, 84.81680462074928, 58.653439657427015, 88.60824063244911, 68.72901248992126, 28.35730963639458, 28.30394966433131, 66.30563185511349, 78.19003888365485, 65.31664120019805, 77.26312195355543, 77.13437505638417, 37.37069175613315, 36.81349315805329, 56.04333580176254, 46.627412124434386, 38.88915730362142, 37.32063586254785, 85.44650522575523, 75.56842535286458, 90.54949039265041, 11.339220779516483, 62.832064670960726, 92.14147011216427, 78.4102741597588, 69.0649451246113, 30.961184234243486, 91.99156644331626, 68.90514644782314, 31.49116132661865, 51.124849955549024, 67.39827753264679, 48.48190269128236, 45.03502721256088, 35.90679478904733, 95.23706679817079, 69.62042151556393, 28.662865212758845, 15.897932430076484, 28.171975407855413, 76.57429545856552, 43.53782297397809, 18.01326426726333, 82.98378285800736, 67.74723536295222, 74.14806789153644, 42.67799089835703, 22.550649245668236, 65.33501447083393, 58.26706855468683], [58.63271736032369, 32.242860546366465, 73.60003163255828, 61.40569091536272, 34.52135866316854, 21.912650791500386, 35.43904245190821, 34.127259801203124, 0.0, 69.90854840595779, 40.257064138201805, 37.03744668721947, 47.17467435305117, 56.831937391764846, 44.51884528008941, 58.24660912006662, 23.396874263553617, 35.878895278200496, 75.26280065575988, 26.817277544075754, 37.84085954777047, 22.64287291607937, 36.673563067593264, 81.4241627131148, 24.15067315023705, 30.86124668024495, 68.33768449579568, 63.31140745368851, 25.69071922935267, 74.34598539672032, 31.85276397736946, 72.53911510287733, 40.349718664761596, 27.578586812213047, 33.091484768011505, 26.54680139519571, 54.28539624473412, 54.43434064132429, 39.51430849388441, 58.221614531124246, 19.26071668398364, 51.644468395666685, 51.16914000404405, 57.74647630116058, 73.90890832568303, 33.73170708556069, 64.52560161610117, 34.67232546010177, 33.78581408049204, 32.7742844800186, 51.86278988897985, 64.49645867566032, 31.370307836836236, 54.72005326548915, 62.35820918453505, 56.71090258657003, 4.859412187939777, 32.06459420738125, 25.648455730117497, 22.81207467062499, 14.448527735569828, 66.38490997329222, 61.01492246924382, 61.27377859605299, 38.71940381781165, 47.26717052783577, 58.45605510328581, 60.69273109059487, 72.87946564072986, 44.0360671582128, 57.88093002969627, 77.81892663205937, 37.84096010099395, 46.25335889437387, 76.02738106773427, 17.132628636807162, 32.02044503766932, 23.18462811712892, 61.56319254288703, 55.524967568549464, 32.119105503344095, 23.1331877742191, 7.062975063071465, 51.0187810189593, 27.887469067380206, 39.31389516985803, 48.904383045363176, 34.7853275551385, 40.09471218803872, 38.4664868895537, 17.053076997101943, 81.48321412314306, 56.60556842405694], [45.46236921711182, 48.58018334824808, 45.74517173320009, 19.968514520218346, 52.41800598532928, 59.85698304691954, 52.70135909842093, 79.27369670763954, 69.90854840595779, 0.0, 98.91670037172021, 87.55633381732521, 87.63214784668583, 17.152298265624335, 26.055651128419694, 19.659074401042577, 83.9761290572015, 73.6866723266964, 12.703064123184474, 78.44241602359288, 55.06479603837632, 75.01698912874492, 90.43261219726334, 33.19604295215417, 50.00472241399917, 87.03109195354075, 54.45632457147282, 37.99396111937537, 92.85499089817763, 4.476164495044231, 77.74706616923211, 35.030102578737335, 29.596327180116308, 56.77796545815191, 37.13337578020639, 68.9665148993611, 15.663156730263793, 16.70822255851168, 67.08562537411213, 85.29587785881475, 83.88343820485274, 78.31442915641284, 32.07320106237844, 49.25442018375861, 6.0871790135548105, 42.61670395301634, 37.59443612085009, 79.3238199679868, 50.97500028668753, 50.97375037207199, 19.1200750877289, 10.352326355391135, 79.43280272430022, 31.892418823064443, 13.163051949931212, 57.94144376074204, 74.03070241826718, 42.247164986353404, 44.733806265257044, 47.5263414368135, 84.32906671889239, 23.51057661169762, 13.235200166708138, 54.824018756071546, 71.50488776377826, 23.705957612635505, 97.76025661425462, 19.833910987655315, 28.434853678535365, 106.52596241400249, 90.34098496024524, 39.64222305617567, 48.361393260579334, 28.15014898662367, 38.67859122244748, 59.54218694093141, 38.330756556110316, 92.69054340560292, 100.01327105275205, 15.933226219596351, 97.72399463721015, 65.3777979653101, 73.89188789382005, 39.891987569987464, 42.14562452672093, 95.83206043413409, 80.47111358286304, 64.24185671870985, 75.6442998466532, 36.712412652722854, 62.35166223348952, 55.6373622516754, 23.211153175334488], [98.1616208786928, 50.64623346829268, 82.98454397933484, 96.21823049972053, 47.892908932332496, 39.15305208242101, 47.98102908216336, 21.815049424568205, 40.257064138201805, 98.91670037172021, 0.0, 69.67144425016544, 82.05457670092876, 82.58536687200484, 77.35031238030616, 92.72445141442206, 54.38035025202464, 74.0295363690146, 107.4628842764812, 62.39628956156706, 47.04572317985077, 59.46000637306528, 9.593036002372077, 117.8743231666362, 62.862927891846425, 61.97859391491467, 72.53856312937606, 101.80412236944522, 46.035612905400036, 103.30619400490689, 22.432004614313964, 87.2653513195856, 72.20305531403386, 42.30558732032232, 66.90608619084642, 30.202548201519267, 84.71161224828548, 86.5180164304771, 79.09311571090765, 95.54398772263914, 21.179642496133983, 89.88312813433653, 88.50443395148622, 97.62235348187022, 104.15832329014154, 71.87352288976118, 102.92237159993961, 70.87040413132475, 48.901553194325004, 48.62911291598252, 84.16445080267872, 96.59728935178012, 67.0908345497268, 92.18458780664434, 95.17047810949197, 58.768694929939244, 40.330910782414186, 69.63834821541595, 61.0181258057561, 54.39549131798416, 34.905772697261376, 102.07408010264251, 93.64210934305561, 101.41747519273795, 32.91031559263054, 80.19439061582062, 91.64811090304998, 95.43094969220671, 90.70348313771716, 9.345167288514498, 93.72982330452538, 90.71778380769597, 52.486659298531706, 71.0256966348647, 89.21327656213548, 57.28797163408542, 62.278370020247436, 27.79160354821409, 94.59647492997392, 87.69092488992737, 14.064015452902101, 33.53890376194896, 33.21125218895642, 89.88347844856408, 59.73407581498709, 3.979357810084689, 86.37644864801584, 74.65336249743605, 78.01921190095943, 62.273577262182755, 37.48591634100526, 86.59651955652525, 79.05127409694], [54.86912073391798, 65.80694436110238, 105.51349320337374, 71.66458044734429, 69.45433544319802, 58.12581676012685, 70.4722378862884, 70.23494150500977, 37.03744668721947, 87.55633381732521, 69.67144425016544, 0.0, 12.84890851667638, 80.24026340761016, 62.54864939025289, 69.84904358062815, 15.380388723395688, 15.391742020562559, 87.65092230389428, 10.996010425954177, 73.42159280852276, 15.547313602572034, 69.68064212949254, 84.60037163844294, 39.5404698560785, 7.749512614552567, 102.55443876497633, 63.37942003272889, 25.345378491784377, 91.39095780028997, 68.08346093571176, 101.86867754590348, 61.08245922361604, 63.326671339091284, 53.783008116243785, 63.56634071308784, 73.0813839579024, 70.91484827486771, 24.034302169682732, 28.049304958792238, 50.17847877906436, 25.177736401444907, 58.07744830897592, 51.71863142656757, 89.34645568095314, 45.060757108413796, 64.70143976638906, 8.671054032987136, 68.2861836924918, 67.20928894055572, 68.64566397063236, 78.83900665188209, 8.224853094763656, 60.262809430801106, 75.99481573826115, 92.24819925061463, 33.53542116043894, 45.89012226865943, 47.54227405712761, 51.0329282847371, 34.928287434894585, 73.79730115636704, 75.2192679004266, 51.457385542516604, 75.74337496825785, 64.3372359552101, 22.14895913974172, 71.25086660120752, 100.26244454966697, 69.21601222444286, 24.63498976295609, 107.68107769332276, 71.79088368921596, 72.7012534871314, 105.88843777267343, 31.75455159268182, 57.58860838449894, 42.50193207783292, 25.19185728336232, 71.6299174701078, 56.814774572204534, 60.11590368275105, 42.11290570343992, 52.71410463717684, 53.43199249153506, 70.33967302226853, 20.418173492404467, 24.458830224893386, 16.11283605405387, 67.52278794829625, 53.578163464841865, 114.5938047178355, 82.88157510295663], [49.65912899040993, 72.97552748259083, 110.85238634876048, 69.98892135210899, 77.19160680207914, 66.95829950281983, 78.23913800438906, 81.12219332306451, 47.17467435305117, 87.63214784668583, 82.05457670092876, 12.84890851667638, 0.0, 82.74053577560343, 64.2482474677268, 68.76277156699184, 27.70167647008657, 14.855105673107435, 85.86264164317654, 20.47016392154141, 81.45716777737017, 24.536105964061584, 81.52925738585782, 79.80391491058701, 43.598009249556156, 20.52053183635243, 109.2151310152162, 58.76907516135601, 38.19424384709864, 91.09617511083357, 78.89487948871124, 106.05320353484622, 63.82930250845637, 71.71232962035955, 57.22774369232189, 73.55262478198028, 74.29467898413243, 71.45275537184368, 20.59123847368204, 15.55655024217502, 62.07232420081228, 14.675252329080472, 56.35715388162045, 46.01142779370143, 88.55900362526948, 46.653796590859876, 60.026472147742744, 12.629276096309768, 75.82439708728536, 74.7478876019482, 69.44373532701867, 78.1570224216691, 15.813617990817866, 57.8467430612523, 75.22456166047675, 99.93581551972454, 44.352584851477154, 48.180040152333454, 52.15533440521954, 57.18203173953133, 47.16477722144036, 71.0014334966603, 74.69269869351135, 44.37148393457621, 85.65039417481432, 65.55947035714344, 11.83051277621427, 69.70646384672462, 103.64212537383219, 81.92782565551286, 11.809375613906255, 111.98721980369886, 78.94056114551897, 76.69754013779654, 110.22934693824234, 37.90901239026055, 62.26727601397388, 55.180088322335706, 14.855256214906081, 71.98989776518833, 69.44810716902448, 69.7143366934021, 52.99261133076016, 49.7363490086862, 58.48696675672503, 82.52832017121312, 9.922669423506694, 23.668042276981495, 12.037343938461762, 72.76950375299103, 62.76198170639291, 120.43754106396808, 86.35933944948471], [49.13347053245311, 31.96372072786161, 34.50163381961649, 26.922057990148385, 35.45923042960237, 43.89394477160795, 35.686415618372884, 62.4575888379753, 56.831937391764846, 17.152298265624335, 82.58536687200484, 80.24026340761016, 82.74053577560343, 0.0, 18.72138240956204, 24.309005742886242, 74.00822247742224, 68.03320650158871, 28.567456178123628, 70.1117880252401, 37.945592939564115, 66.14414522570247, 73.8627509491995, 46.68650373032023, 40.80708613496182, 78.32052177522806, 40.47101970036169, 44.21936337276911, 81.33626369043341, 21.21608845563761, 61.02461030033914, 25.755571899551956, 19.160033044995046, 40.28347771797187, 26.58777141860098, 52.44200530188647, 11.082041530586134, 15.62668318068866, 63.00265481270376, 83.48669751089676, 68.8161506358367, 75.95470662504047, 33.133955924937524, 52.224733859346884, 23.081067862092265, 36.092177831896194, 44.336138000818636, 72.69880429516424, 34.10060068444726, 34.1845037148803, 16.01289932155994, 20.084329904854265, 72.02126721335414, 34.81540139419113, 20.876851810964844, 41.73364359064955, 61.33716018389127, 34.651355027425, 33.608534334594914, 34.02501818759232, 71.21341732032289, 32.95012832221617, 19.595364334551995, 58.25548190823599, 54.40164992533513, 18.14440932607842, 93.81544447479017, 26.306450908757622, 21.48784466252955, 90.50832519133074, 87.59735494587198, 31.57471107028135, 31.29109891292996, 11.599543756132652, 30.057616426608597, 49.639256349785576, 24.916132069130242, 78.76034460836495, 96.40279257996606, 16.086359665861767, 82.406634597003, 49.14214458524823, 59.82316916387551, 41.03350699622299, 29.23312258036703, 79.36358149915296, 77.11643737637344, 59.13666040870115, 70.78690132556895, 20.420106060302803, 46.92643952906409, 45.04327766137702, 7.2135792060743], [33.21208086648264, 30.76702167162311, 51.110172811662416, 19.119024771602156, 36.01334887652743, 38.70541041531182, 36.72813777072868, 60.098247238178764, 44.51884528008941, 26.055651128419694, 77.35031238030616, 62.54864939025289, 64.2482474677268, 18.72138240956204, 0.0, 15.55310511752851, 57.99927147167314, 49.664344196051786, 30.902468774074624, 52.91420135256348, 40.109673853080686, 49.27585212761308, 69.8267102967335, 41.34123904853445, 24.02213851541145, 61.39539879398878, 54.21114419836632, 30.855433873839555, 66.82342282509283, 30.342365546480853, 58.17184700105317, 43.763554177756326, 5.2920619250892305, 37.515529805555516, 11.42859137810066, 48.97743707066922, 10.657635942952291, 9.916430398204723, 44.32385657849037, 64.7947373854574, 60.116756204119426, 57.242035051711724, 17.193550154753105, 35.65040144698085, 29.48458051020516, 17.670764444537564, 31.43568405085504, 54.67558814997144, 34.17169229034478, 33.673690665253524, 7.343944681520327, 20.028212892180896, 54.33596753129696, 20.087511223424322, 18.10378704979513, 51.14778420287592, 48.390652634808056, 16.669554057703238, 18.94146228363062, 23.280936776698496, 58.80361161986731, 25.389721383596125, 16.66379410820622, 41.67198662349822, 55.00642213740509, 2.8606613118210915, 75.1899649285985, 18.31438598951303, 40.13143987584755, 84.04401971695945, 68.87749723800971, 49.71413316445953, 33.55084516442745, 16.967551229577403, 48.08708508976851, 33.509996118876565, 15.161554156743325, 67.61080561247539, 77.74245528491642, 11.009045083654206, 74.09120512172089, 44.62877163263266, 49.18209151892914, 24.113803394446464, 17.775603384509346, 74.74800293112638, 58.41059162419598, 40.589434663841914, 52.24619477116748, 20.295556261841174, 39.86684425578877, 61.58825987327648, 23.680973541015263], [26.283678344187965, 46.01328757198822, 58.73732627878781, 3.5749923031482562, 51.09189422402496, 54.2438648901806, 51.73257696885468, 75.64587681073222, 58.24660912006662, 19.659074401042577, 92.72445141442206, 69.84904358062815, 68.76277156699184, 24.309005742886242, 15.55310511752851, 0.0, 68.28722004529432, 55.32887743810066, 18.02178056591032, 61.58589232652666, 54.95692508362417, 58.66620212893092, 85.33348768336911, 25.86802795041845, 35.32785747239614, 70.25600246624154, 64.48089898793269, 20.08560695921691, 78.454031018187, 22.549401075808674, 73.72462443550955, 49.38137248819533, 20.83805603876163, 53.01491257266622, 25.979940657693028, 64.53051792920327, 13.525566884191129, 9.078601337456831, 48.174176922248584, 65.70459328890001, 74.92908016272912, 58.82562978889523, 12.546838780600607, 29.903693367685904, 19.797409574449038, 26.367480703882215, 20.09608792587711, 61.363820183067574, 49.294986278847304, 48.87966603141458, 10.148841482205453, 9.515730629344663, 61.93400562756735, 12.279909165048931, 6.575544943254623, 63.862936842179934, 61.64788149774845, 26.9776578300098, 32.804897656666405, 38.3966571122186, 72.11577437903816, 10.027150257250778, 6.486440345060567, 35.67520978631275, 70.3021655019397, 12.824487208037448, 78.51971029238645, 2.768020459303988, 43.95967821074185, 99.19713422946371, 70.86763094284467, 54.8995464239442, 48.21829451434518, 29.159067858189225, 53.557760716272924, 44.79484820820707, 30.696487730054926, 81.42197954250155, 80.67907476991375, 8.332229324999624, 88.87335268661876, 60.17216906689534, 63.53435002488329, 20.237008725336995, 32.99467883670566, 90.19773426251707, 61.182392236226534, 45.82406699451489, 56.900851236235404, 34.86282237277275, 55.25058993862086, 69.24334415688556, 31.348480703492612], [58.99398425065766, 54.58255606817515, 95.53740329919796, 70.72860073140782, 57.50171509918344, 45.24765413628431, 58.46496415084299, 55.31796187536553, 23.396874263553617, 83.9761290572015, 54.38035025202464, 15.380388723395688, 27.70167647008657, 74.00822247742224, 57.99927147167314, 68.28722004529432, 0.0, 22.688528812782234, 86.29347192246283, 9.847947504811465, 61.06817173864191, 10.190450306393064, 54.31815018717029, 86.9677964085757, 33.981447872553616, 7.964421197569233, 91.21607720313386, 66.32464869770267, 12.5879490127904, 88.14801002880789, 53.22881527642203, 93.21344400454336, 55.34112756773479, 50.80811213439017, 47.634072624463215, 49.421295204973234, 68.62896924603623, 67.3603636488811, 30.449320496128284, 41.866070760917594, 34.820533868616835, 37.28560545343295, 57.90799538257466, 56.62045230341605, 86.74441039560885, 41.983260547977984, 67.65853754441358, 17.520640045406246, 56.58013808111616, 55.52968330375902, 64.87960091096215, 76.43591977092929, 13.762588984057547, 60.7837024421916, 73.80103080737251, 79.97937254154775, 19.21105184529067, 41.85691016162381, 40.4002226804487, 41.67199080337366, 19.557884550506017, 74.11463436572582, 72.76360907756825, 57.943601413561886, 61.546876764442736, 60.27018943294623, 37.5188703787895, 70.17556007114815, 92.54057904634594, 54.352571973569276, 39.44631851390552, 98.80310494204795, 60.43169542910681, 64.95115803351915, 96.99778415516843, 24.543695897774445, 49.67436323927762, 27.610607728535683, 40.545590419982304, 68.25816546412962, 41.7959539616626, 46.39167904491309, 27.467636639858185, 54.40157335257552, 45.295703310185495, 54.97436797376268, 33.11471475746762, 28.104489308320243, 25.838050387203467, 58.47894840896134, 40.43522333171696, 103.97625222257933, 75.42878860068754], [39.50540485642607, 58.77424830245536, 96.05394571232, 56.90766602183884, 63.22892341170892, 53.80954532138207, 64.28387988821895, 69.91822533755675, 35.878895278200496, 73.6866723266964, 74.0295363690146, 15.391742020562559, 14.855105673107435, 68.03320650158871, 49.664344196051786, 55.32887743810066, 22.688528812782234, 0.0, 72.90112967739394, 12.862903848135845, 67.62360026575543, 14.652779922171591, 72.02974713885497, 69.21323710966941, 28.78964488148811, 19.149258388105835, 94.68697726061747, 47.98931242458109, 35.20194262447264, 77.3278873045839, 67.61631108297915, 91.1991384685973, 49.04498127537507, 58.18198275502835, 42.376301079767764, 61.350111688210376, 59.883279256298614, 57.26606863860304, 8.735341133980826, 22.373490751347596, 53.10549270963016, 15.906579905654175, 43.239646878782956, 36.433671256624656, 75.02954790490425, 32.00523691603246, 49.310604552985346, 6.829680240370115, 61.77199492693187, 60.703986468307214, 55.15323730357155, 64.5421827013152, 9.476823938153236, 45.20782621858528, 61.64523343254231, 85.82298520102289, 34.15314863456386, 33.40831460212078, 37.3743535856003, 42.72540696752607, 39.74342867861757, 58.6884675783729, 60.987170080334906, 36.573002615234024, 73.21190790952535, 51.11333672365879, 26.470515108130186, 56.54344151866333, 88.83456858385476, 75.44585962869256, 22.902307124306773, 97.13226697826866, 64.69195667751961, 61.8425506540577, 95.37424361637323, 23.830374759033642, 47.460260912702935, 49.168301492446275, 29.355352543674226, 57.87519205643758, 62.743259720016745, 57.18085270630454, 42.45227578423816, 37.483008757881066, 43.746064477163614, 73.87675692362588, 13.091181221778, 9.504962361779882, 4.2354301030093, 58.01179267497432, 49.97412553826471, 105.70358787528814, 71.53046076567841], [39.33530001770184, 58.15886686673563, 58.39104602094461, 15.997862515590063, 62.532407333628655, 68.35310058615255, 62.947702881442424, 88.81735979312418, 75.26280065575988, 12.703064123184474, 107.4628842764812, 87.65092230389428, 85.86264164317654, 28.567456178123628, 30.902468774074624, 18.02178056591032, 86.29347192246283, 72.90112967739394, 0.0, 79.57853184533396, 65.64211526858819, 76.68770038236069, 99.43088136626955, 20.964180408768154, 53.07344909712888, 88.24767386519348, 67.1287718945475, 30.610083092937227, 96.31519948035853, 11.30894466505307, 87.11794886280025, 47.58363337661447, 35.64985747548149, 66.02545930737745, 42.27181044714133, 78.08569204185531, 22.823994782023455, 21.143033323212904, 65.37491128357917, 81.31852345302946, 90.94200313036482, 74.92853241547603, 29.66318863332014, 43.3594583994658, 7.221020547528841, 44.334581192888365, 29.847723389900352, 79.10015006345765, 60.93535670192282, 60.779841159257025, 23.641810633845548, 10.93497170120387, 79.81647877690644, 28.036209859095468, 12.908288241532183, 70.12842703215054, 78.93438537322798, 44.77477955099419, 49.61493171506022, 54.07547866185798, 89.39876706725055, 15.727102392091673, 14.260233512726408, 48.250786567807694, 81.89485078817202, 28.08109433903257, 95.06191536231107, 16.40084653557773, 40.847817110302856, 114.55237490822728, 86.91821110647982, 51.96558618667312, 58.816407332937374, 38.34045057003354, 51.101361882402756, 62.61947209581208, 45.38773057666555, 98.4193749669355, 97.02539776080873, 19.989403893386186, 104.91149924778925, 74.12525152813741, 80.08133630323015, 36.239936301839734, 48.55097724574147, 104.62065361947568, 77.74938229115355, 63.42152600178074, 74.1911817096734, 46.24054656259244, 70.18142988986877, 68.17202891899987, 35.26039992329264], [49.97500666988124, 54.814343096928056, 94.60045019490273, 63.73360021939968, 58.50450682367607, 47.37392099267155, 59.52684197187474, 60.658974723554074, 26.817277544075754, 78.44241602359288, 62.39628956156706, 10.996010425954177, 20.47016392154141, 70.1117880252401, 52.91420135256348, 61.58589232652666, 9.847947504811465, 12.862903848135845, 79.57853184533396, 0.0, 62.51688619286469, 4.5590616218432185, 61.28311551827759, 78.65871108392106, 29.306582598271092, 8.670115110860127, 91.55845478964993, 57.71721724563608, 22.41591815522206, 82.43709741707444, 58.43841746277272, 91.16256075922304, 51.017003844454656, 52.47276875936696, 43.53636072789867, 53.32064910039936, 63.54782401121748, 61.73459999460605, 20.676907628223777, 33.15309885346997, 41.93028763517965, 27.91271740919352, 50.46280363070381, 47.37993482169976, 80.67500524418651, 35.844731366519554, 59.05506856096493, 8.476227206384166, 57.3158035358256, 56.23807426209955, 59.36308408481576, 70.2161650927894, 4.746716520082397, 53.059191242831915, 67.45702333170625, 81.3102960662103, 23.88347130754243, 36.28988710021682, 36.97585909586919, 40.10508130693094, 27.61824329262661, 66.56480138175066, 66.55352798677221, 48.37685302305117, 65.47096312709618, 54.90378733090448, 31.64017768092651, 63.2446769709898, 89.76435717311945, 63.17752040208731, 31.662691368326374, 96.93886974673549, 60.79971417141946, 62.12871606205384, 95.14177219268429, 20.97534176753038, 46.917513107440335, 36.63709619802777, 34.74752526418364, 62.532030093018, 50.50192469913845, 49.65966406885587, 32.522465381065174, 46.15062292050631, 42.695024114692465, 62.584569887433446, 24.058081083276427, 18.758745152677264, 16.21182433615916, 56.68368736934308, 42.93102688440831, 103.62533702414429, 72.41291889763693], [70.78988366797742, 10.132844964061594, 38.16834365332834, 58.47889722336842, 4.681839131297958, 15.989587047846301, 3.6864509784778714, 25.559464132426008, 37.84085954777047, 55.06479603837632, 47.04572317985077, 73.42159280852276, 81.45716777737017, 37.945592939564115, 40.109673853080686, 54.95692508362417, 61.06817173864191, 67.62360026575543, 65.64211526858819, 62.51688619286469, 0.0, 57.97001116222451, 37.670509154359195, 80.67942999626072, 41.20508667918855, 68.1432309870355, 30.84551414170562, 70.43236914170433, 62.55844990682541, 59.15790737121399, 24.627728795532324, 40.59276648749047, 35.081099772285185, 10.266817872457036, 34.293048466512424, 17.937473217538127, 43.41