instance_id,num_cities,city_coordinates,distance_matrix,best_route,total_distance
1041,65,"[[60.98027507537162, 63.009764633005126], [88.12070554900359, 30.08120571342229], [51.624719468951966, 70.15446134480005], [50.456855305323856, 99.86351737079424], [28.87171717829311, 60.36716136389043], [94.72292383030471, 97.00875972658443], [21.081136478452567, 51.77436552657705], [16.518785355688102, 62.29062024458023], [21.24200180790772, 23.73823211176721], [79.31840874842322, 53.388762334077256], [49.28474210026972, 78.03122759725179], [36.92458845153885, 64.78722830666393], [28.08767044503603, 12.805009631536535], [37.753085008953335, 83.20452195576517], [12.669162442307192, 42.08761529329716], [78.97607334849802, 93.354753184934], [86.8167622502103, 78.96418510684886], [25.67607984695868, 2.652344458068623], [30.985048588199472, 29.321129621816578], [51.961122202547216, 94.55463992710239], [95.66010668444733, 28.767958933520532], [9.085135548519151, 47.008535666644356], [91.0561453712246, 99.24984842922288], [68.14863174390531, 11.06025430383416], [16.864828683735368, 7.726995105138279], [72.69933397529269, 85.4969880470296], [56.69369826084022, 27.639572813564417], [59.533139725146036, 94.49453678080178], [74.11089657451386, 69.72800761591232], [46.46504632591355, 59.195403821459955], [11.100222666944848, 13.772747999084544], [86.94302189329034, 37.06163522799998], [72.19880175965204, 27.699284536383615], [84.92855044250851, 40.39493713969229], [45.84120136060748, 49.568754805906224], [0.42830812607934643, 78.09460058781669], [52.19375060314355, 28.7014829685896], [61.65592223903199, 53.84833011905813], [44.949559973583895, 8.35306466297755], [12.407142496025813, 5.273988252225781], [99.63987794358233, 8.710843328104168], [57.5729752587747, 31.20668368815935], [56.304327887437545, 75.2388532914793], [94.70949568214533, 81.19243819444557], [9.882435374155873, 64.75765861687596], [49.03542461801027, 22.95716392352257], [32.96091178619535, 14.788362756538831], [65.11985974498049, 22.335607836642403], [1.159558733188193, 56.82112407975215], [5.771237547325203, 16.988869450070666], [34.62775881393688, 32.988197421640095], [54.86698143705, 51.63512202234545], [92.90823109726361, 44.251872322672135], [19.761372672155385, 46.257744829087514], [93.71348760146704, 38.193882594777214], [83.35165733494404, 50.493449792125425], [39.63143989823832, 61.618910449123845], [23.956982334869558, 63.70423635009577], [96.9072684701992, 50.26554224951808], [53.69189050630704, 1.2253717853788038], [49.999001678396546, 32.64615672698784], [58.974645407691604, 26.223881362687006], [66.39351886045972, 22.31702648134298], [8.51316132252009, 5.6598865300791505], [19.682928818507982, 2.097538374833041]]","[[0.0, 42.67192237074033, 11.771708109205882, 38.32677203358941, 32.21712032860756, 47.90091870070987, 41.45088001305739, 44.46730525616463, 55.869344267194364, 20.708713910976808, 19.037590214045736, 24.121265225008898, 60.02033708773269, 30.77873586921157, 52.646936632986346, 35.2798396496321, 30.365566060783515, 69.92427597694328, 45.10695889697988, 32.808905435316255, 48.73594133691379, 54.306029452956594, 47.09460316862067, 52.44174826193299, 70.72734419589482, 25.35767257403703, 35.62899395339291, 31.518011960156123, 14.749508796265658, 15.008038314508187, 70.08782658405362, 36.706534049815176, 37.04976849617033, 32.93858399525568, 20.24480916465334, 62.40266802959438, 35.415550300199115, 9.186314900062019, 56.95909653679821, 75.450441237027, 66.65536549148608, 31.98508479939664, 13.092558631572757, 38.31801065533431, 51.12772589808774, 41.79581648971543, 55.7708554539242, 40.884265828457295, 60.13998150639339, 71.87461734306402, 39.94683480747493, 12.913359502026513, 37.030432075009855, 44.493011617968875, 41.076650345588945, 25.634681222904582, 21.39409354895001, 37.029805512785934, 38.12038901364671, 62.21279409555881, 32.28834233108705, 36.84051788915771, 41.05121370381799, 77.72905855582667, 73.59191610215105], [42.67192237074033, 0.0, 54.20168647609658, 79.29777194489718, 66.54082756184138, 67.25241090413549, 70.46202526073357, 78.51293753140237, 67.17882351009553, 24.914305621280008, 61.70442978953067, 61.851034026117304, 62.469450572691656, 73.20508129529304, 76.40084572949029, 63.9309479650675, 48.90036750889133, 68.20317960941358, 57.140712386246236, 73.92116873463961, 7.652920134566457, 80.82793962886055, 69.23090308594821, 27.580433727594013, 74.68005570269604, 57.52154059880701, 31.521712490090728, 70.47216570341246, 42.04930021530655, 50.82155523775586, 78.7281434838003, 7.079077270444324, 16.09908596073058, 10.796430435896486, 46.55449542255372, 99.97621043600628, 35.95343831310805, 35.57050685830499, 48.33073477407623, 79.67397108431545, 24.277226388857617, 30.568456397996055, 55.24033872350347, 51.5341657655171, 85.57852128845126, 39.72922295840818, 57.24049173146086, 24.27000606034585, 90.97947180413715, 83.38371632994134, 53.57187649497011, 39.628039007323935, 14.957546357131939, 70.2472690510342, 9.85366618409757, 20.961954326745772, 57.843199283466134, 72.43957182296624, 22.01388492225988, 44.92218223691981, 38.20789551519747, 29.400200218837806, 23.07277877817688, 83.26921356915922, 73.93791261274552], [11.771708109205882, 54.20168647609658, 0.0, 29.732001558259547, 24.76873743562721, 50.780001582816354, 35.647417636970324, 35.975917039240706, 55.475903495879926, 32.373277393956464, 8.216990974907272, 15.649314439130265, 61.99155013843553, 19.045375410888724, 48.01336554059647, 35.865723197944085, 36.27797000772679, 72.31782409905618, 45.75321839679687, 24.402497446929807, 60.43143146622838, 48.42881451803517, 49.003866156445405, 61.36094020360915, 71.45235159534147, 26.067844218490595, 42.81600510108346, 25.592623608743892, 22.49022062154078, 12.112933944460739, 69.43437506634822, 48.399562255600934, 47.17769494091885, 44.66289778361475, 21.38271253641607, 51.80847754554373, 41.45688377929835, 19.144580031057792, 62.16084286842147, 75.81222943789243, 77.97931545176262, 39.399379834361355, 6.910121302684772, 44.47622819298263, 42.089710870173434, 47.26826981916769, 58.42724184919212, 49.686633634251464, 52.196842152662725, 70.20770588656111, 40.86842112822702, 18.801015706870423, 48.73676692615345, 39.828707351924635, 52.84830174139021, 37.32497771770168, 14.720542923206882, 28.409665267352068, 49.4578441385088, 68.96007963734088, 37.54351972893753, 44.54118620860685, 50.065333413272086, 77.57677891189354, 75.17993584791633], [38.32677203358941, 79.29777194489718, 29.732001558259547, 0.0, 45.00978033480149, 44.35802592390102, 56.351569469639244, 50.63116817103305, 81.5387436783504, 54.70733152760909, 21.863730837196766, 37.59612082000583, 89.88639608472532, 20.950129068359114, 69.03596593644657, 29.252517994546174, 41.93834667842296, 100.31998291161015, 73.1804600023542, 5.5178799017577544, 84.24910898491467, 67.12129532854387, 40.603927684708, 90.54843170863018, 98.06917450328227, 26.47876549604622, 72.49273327346391, 10.5453729874871, 38.31008505016828, 40.863553425878756, 94.66026148096797, 72.63137581625631, 75.3683536784631, 68.73725191141999, 50.50611252903788, 54.55952044116678, 71.18322797918162, 47.358384241842664, 91.67602334667751, 101.95567499527709, 103.57499553931129, 69.0246330994732, 25.30942545016925, 48.03025481849718, 53.65356345668778, 76.91948820523646, 86.85556960992196, 78.9023475945616, 65.44364804579466, 94.15419110373078, 68.7231308515217, 48.42961212299775, 69.96266412585224, 61.772093245059665, 75.32781751126913, 59.32513441443036, 39.7471958423364, 44.83008890671598, 67.95292502400727, 98.6911810512024, 67.21891996947902, 74.13061944726023, 79.16713645533318, 103.11933634627802, 102.49498134276953], [32.21712032860756, 66.54082756184138, 24.76873743562721, 45.00978033480149, 0.0, 75.35906148631972, 11.59867612887256, 12.501784619790564, 37.41511746326802, 50.9270727942529, 26.994644327381213, 9.186170449216888, 47.56861367216188, 24.503545321989627, 24.426718660507017, 59.988563254861596, 60.856203796183955, 57.803219533395826, 31.117876800610194, 41.2541430026625, 73.88638959281516, 23.873870509635246, 73.34007405983733, 63.03845732268063, 53.99215197665131, 50.52096775824126, 42.9552986682323, 45.87810573076733, 46.19749771359306, 17.632306889195004, 49.86848076668551, 62.57334879781273, 54.262569370952086, 59.508472473032725, 20.113900109261106, 33.51551312376934, 39.32724794979256, 33.42602671965632, 54.442293160391394, 57.50078210754882, 87.61568222137015, 40.91571426333922, 31.204412366019294, 69.05291618310962, 19.490235749354365, 42.498035321680874, 45.76186616639244, 52.53881330246074, 27.938112071274585, 49.14578688495408, 27.97748526694829, 27.422659880924986, 66.03315573086383, 16.795059153604782, 68.52816561811939, 55.36744584748941, 10.832290098704329, 5.940596606799597, 68.78138518760318, 64.13885155334168, 34.85421421331265, 45.51867591686839, 53.438734697369995, 58.37256818296408, 58.9896837998629], [47.90091870070987, 67.25241090413549, 50.780001582816354, 44.35802592390102, 75.35906148631972, 0.0, 86.42489955456745, 85.56422432096785, 103.76905183249617, 46.26016923261573, 49.242005286660884, 66.17306596796934, 107.38029858306523, 58.618423006458194, 98.7377934925651, 16.165242463470808, 19.70061075545035, 116.92134008120644, 92.9738243247961, 42.83216527846675, 68.24723587502082, 99.16578637735971, 4.297411178962, 89.96298452306817, 118.46145564600984, 24.850742389393297, 79.1094563904134, 35.2794872750268, 34.19203274620281, 61.308014370361356, 117.98724421799623, 60.44985202461909, 72.87756462859282, 57.454805351333924, 68.11737559887693, 96.17286502301039, 80.46499011047713, 54.37140128912869, 101.67212015505909, 123.2524083096376, 88.4347130829579, 75.56475295952472, 44.15786838621766, 15.81632723242543, 90.76366015243416, 87.0114154881614, 102.83355390945405, 80.3269631967882, 101.829020162127, 119.64775523364784, 87.80695448645136, 60.39257522717486, 52.78808841267538, 90.52568511291032, 58.82353894088377, 47.88506823642724, 65.47910379440533, 78.211314738153, 46.79422765271543, 104.20174231331501, 78.37585009129803, 79.2996747482133, 79.88372926399835, 125.60549265824257, 120.9923170695215], [41.45088001305739, 70.46202526073357, 35.647417636970324, 56.351569469639244, 11.59867612887256, 86.42489955456745, 0.0, 11.463274447613752, 28.036594916416608, 58.25964433893122, 38.53396133113534, 20.502428347804614, 39.59421949097136, 35.57820401547698, 12.829436358107548, 71.27939641302942, 71.13690170658484, 49.336461754110054, 24.54048242542139, 52.76102156047144, 78.04689322011279, 12.908027446701121, 84.56017588902557, 62.23333482323838, 44.24870724058763, 61.657550895893735, 43.02026006435184, 57.476687323418474, 55.986504803548556, 26.446449450127425, 39.290476902406915, 67.48520121653256, 56.503320508489765, 64.85355549474342, 24.85810796540354, 33.45585289051079, 38.73438610855479, 40.627756136018434, 49.54907677071455, 47.302465667913964, 89.58762640411602, 41.888946439071475, 42.323225291832856, 79.28781923170799, 17.145751832217197, 40.14814234333267, 38.84705216960136, 52.972158737137704, 20.550888831256398, 38.005575151153494, 23.160982033739263, 33.78613189342418, 72.21993786609367, 5.672290580037482, 73.89105457575882, 62.28369379586847, 21.000686219696654, 12.271605732572816, 75.84114213612014, 60.15531602870128, 34.671765164219906, 45.70279269343958, 54.04578448648058, 47.79643472727419, 49.69650028447253], [44.46730525616463, 78.51293753140237, 35.975917039240706, 50.63116817103305, 12.501784619790564, 85.56422432096785, 11.463274447613752, 0.0, 38.84064114297781, 63.42740553205805, 36.35071720363673, 20.55796322115334, 50.81992483225767, 29.804140090761962, 20.566502027247985, 69.75595443224019, 72.2482755550543, 60.337218871836235, 36.003612094299804, 47.92834450761266, 85.94834241006595, 16.994153656561085, 83.19737126911032, 72.73370217783267, 54.5647224343937, 60.78478057690357, 53.05392271079553, 53.73385266378383, 58.070353929977436, 30.105795302612442, 48.81951196849556, 74.80691663790843, 65.55016958653007, 71.82838504284798, 31.963259230017204, 22.553697084202447, 48.99931926417445, 45.919858325012406, 60.97186931275821, 57.1646912941633, 98.8934200410959, 51.49424842098674, 41.83952836233283, 80.44293569460153, 7.080071991707595, 51.03383794186502, 50.2673650395261, 62.91635278933449, 16.304024985824178, 46.55919252887548, 34.44658042543442, 39.801052562195245, 78.49040608440788, 16.357489617714123, 80.86825594865948, 67.86608879020424, 23.122413240243315, 7.5713330923211295, 81.282905449051, 71.48988960631408, 44.7182189075238, 55.70735773961978, 63.91695581393335, 57.193793519954305, 60.27618857253164], [55.869344267194364, 67.17882351009553, 55.475903495879926, 81.5387436783504, 37.41511746326802, 103.76905183249617, 28.036594916416608, 38.84064114297781, 0.0, 65.20753779728598, 61.10748433614095, 43.9427310535388, 12.899555530776382, 61.715925791340325, 20.253232777287785, 90.44160006868893, 85.73187908403933, 21.547057947682614, 11.229234398242335, 77.19214968951326, 74.5878843064818, 26.254455332091506, 102.83977265802397, 48.58974226368224, 16.59877570911242, 80.38657206558754, 35.66571519908673, 80.45287995724085, 70.07267288154591, 43.51336576740461, 14.218528677194426, 67.03832568656149, 51.110521398559904, 65.828734602563, 35.669826482420326, 58.20502245154663, 31.347162751214515, 50.397450001184666, 28.262195449154618, 20.46907522008163, 79.8251175773637, 37.09066460494494, 62.303135490948506, 93.26552660416397, 42.56328347732162, 27.804395677946616, 14.745609941771326, 43.900270750908916, 38.70119198183323, 16.87893489369577, 16.270843520183902, 43.69068232178522, 74.54433483006598, 22.568134962003164, 73.89913452817304, 67.62729465837344, 42.10839850405596, 40.058115457917864, 80.18061338141595, 39.494609209536144, 30.105085326265858, 37.81442641673822, 45.17387870872772, 22.10995158460062, 21.696781650789998], [20.708713910976808, 24.914305621280008, 32.373277393956464, 54.70733152760909, 50.9270727942529, 46.26016923261573, 58.25964433893122, 63.42740553205805, 65.20753779728598, 0.0, 38.849352975039, 43.89944220480189, 65.35770444661536, 51.1532565863134, 67.60057660708712, 39.967456989616025, 26.651970944824452, 73.83551685240556, 53.994116797575124, 49.42722534349968, 29.55055078202638, 70.52247837888417, 47.33934599096836, 43.77746578317447, 77.36566841542948, 32.78338465268934, 34.27678931303567, 45.61953050162225, 17.149026777674106, 33.362561469823696, 78.88694127697916, 18.01970602276529, 26.657795730194085, 14.15320398390229, 33.69444868226973, 82.66817053753806, 36.67708878806931, 17.668464343100666, 56.651847550017905, 82.41449530541834, 49.08236503016223, 31.06297620490372, 31.734435440428587, 31.779395028065263, 70.36054434923736, 42.93182164390555, 60.32419392042131, 34.145236828066125, 78.23418014434085, 82.06179740689802, 49.126746689694066, 24.51423161974079, 16.37577572371936, 59.98243040129617, 20.930902165868055, 4.964869472227413, 40.53135618889592, 56.31426585438605, 17.86399983231379, 58.11830822339511, 35.91494561194806, 33.938171209620236, 33.65271976405583, 85.38986268027861, 78.65863030658919], [19.037590214045736, 61.70442978953067, 8.216990974907272, 21.863730837196766, 26.994644327381213, 49.242005286660884, 38.53396133113534, 36.35071720363673, 61.10748433614095, 38.849352975039, 0.0, 18.11565387805051, 68.58407509668776, 12.638911732880086, 51.309296810086934, 33.41235681193965, 37.54361392101538, 78.98952434786239, 52.034146744346664, 16.738762363870446, 67.65755005725792, 50.778103366873815, 46.85168087951272, 69.57699042323489, 77.41922172329512, 24.57601863132754, 50.933402627623245, 19.39252957070666, 26.177880128794758, 19.04570664408666, 74.74764026122858, 55.647583378544674, 55.30242872023079, 51.83600517539942, 28.67002494285277, 48.856475075575766, 49.41544329052222, 27.16355331076056, 69.81289418128148, 81.56943808608915, 85.67937547053407, 47.552420771021396, 7.554597202164184, 45.534618593043376, 41.57799188050755, 55.074627994612364, 65.3155983619792, 57.90296202561845, 52.591841243088936, 74.96395511609464, 47.3677287449684, 26.979914483457847, 55.17294296153794, 43.37261289809213, 59.673507385240455, 43.805067287369795, 19.040756223807882, 29.09910811227568, 55.125659185936115, 76.93219380771005, 45.39069094697531, 52.705743045471415, 58.281922138978494, 83.06583417372988, 81.49964729061813], [24.121265225008898, 61.851034026117304, 15.649314439130265, 37.59612082000583, 9.186170449216888, 66.17306596796934, 20.502428347804614, 20.55796322115334, 43.9427310535388, 43.89944220480189, 18.11565387805051, 0.0, 52.728001841928524, 18.43591906857026, 33.22044734566231, 50.83729791904526, 51.86728362340896, 63.14485518793866, 35.96000958998105, 33.34960482263362, 68.90028206229195, 33.032060939755766, 64.1708472771007, 62.14119901501999, 60.48358599615666, 41.336745950703666, 42.080470663791566, 37.331900132044005, 37.51310187120673, 11.058428347918381, 57.17844934264058, 57.18874186000757, 51.183842153688936, 53.84574481985352, 17.63825165551943, 38.846681127526395, 39.18326593606447, 27.04252881050892, 57.001885881889976, 64.36560337601664, 84.12947455163655, 39.420918997616084, 22.01841877670928, 60.0685143408089, 27.04216924411146, 43.547980882572084, 50.15573037058553, 50.961881871076194, 36.641454219347345, 57.0544860808047, 31.881872460865075, 22.246513564163926, 59.631108402187856, 25.257033353809692, 62.70713757470227, 48.57761654638001, 4.167167239373339, 13.01275066905803, 61.71548645326633, 65.7362306694586, 34.69854123038163, 44.422255000068546, 51.69270647324743, 65.59917482005861, 65.01747496366177], [60.02033708773269, 62.469450572691656, 61.99155013843553, 89.88639608472532, 47.56861367216188, 107.38029858306523, 39.59421949097136, 50.81992483225767, 12.899555530776382, 65.35770444661536, 68.58407509668776, 52.728001841928524, 0.0, 71.0599153825953, 33.09382696776528, 95.27796564045212, 88.46548888597043, 10.435151141084795, 16.76833383606759, 85.16421638387752, 69.43234037353932, 39.12770790281026, 106.94736550887085, 40.09893753384307, 12.318214510614183, 85.28964913103667, 32.223734920088646, 87.53283032163924, 73.20085411314747, 49.897861851621855, 17.014990436711958, 63.65796320512098, 46.55782781441221, 63.18298614969348, 40.825982158622246, 70.90677690552363, 28.875611944073913, 53.022463967138705, 17.43969989638669, 17.395264866489565, 71.66924441931272, 34.75636356187548, 68.51397369424728, 95.47412206127335, 55.050052866277014, 23.278200997062683, 5.26138487355189, 38.23892449447406, 51.599821041202965, 22.70523860828541, 21.216357492359936, 47.16894238256622, 72.04588993401532, 34.47336256880294, 70.36577824335411, 66.89190361102168, 50.160298306708036, 51.06656308006997, 78.35450578216866, 28.100962574156803, 29.55972859282331, 33.67597572277278, 39.469184022176336, 20.83780678292319, 13.612113080702231], [30.77873586921157, 73.20508129529304, 19.045375410888724, 20.950129068359114, 24.503545321989627, 58.618423006458194, 35.57820401547698, 29.804140090761962, 61.715925791340325, 51.1532565863134, 12.638911732880086, 18.43591906857026, 71.0599153825953, 0.0, 48.164335195449404, 42.454233730546015, 49.24657227692619, 81.45248524939711, 54.306779377964226, 18.184980034573012, 79.47680512577833, 46.17359364082712, 55.66568732732739, 78.28591582366595, 78.31459833131441, 35.02136087585649, 58.70443257142437, 24.53233006034882, 38.77508092304988, 25.540869671474283, 74.37167677142723, 67.44491000999577, 65.32487109402727, 63.70388599604499, 34.59454375876962, 37.672938108713275, 56.38363310075726, 37.8567249877902, 75.19660837278876, 81.94867226006238, 96.84669997070053, 55.64713140871734, 20.189118098760456, 56.99193976200376, 33.42244572303605, 61.29465993803475, 68.58378644964714, 66.7380331257492, 45.11285680135013, 73.53469387856141, 50.31348639819972, 35.909782275973505, 67.52332229282969, 41.094598828294686, 71.81590571733489, 56.118125772903824, 21.667183508839983, 23.88710086420156, 67.70667474522207, 83.51422982546886, 52.02029190307748, 60.80417771958473, 67.28715743996247, 82.87426392126207, 83.09556745305183], [52.646936632986346, 76.40084572949029, 48.01336554059647, 69.03596593644657, 24.426718660507017, 98.7377934925651, 12.829436358107548, 20.566502027247985, 20.253232777287785, 67.60057660708712, 51.309296810086934, 33.22044734566231, 33.09382696776528, 48.164335195449404, 0.0, 83.81483079695164, 82.8115206869594, 41.52493812420739, 22.326102250715593, 65.54881216105022, 84.0530194088502, 6.087750495562333, 97.01566878491491, 63.56625397140702, 34.61583214259585, 74.08100388866333, 46.334713612295694, 70.30446491200902, 67.3726797813539, 37.879258121015816, 28.3583018163568, 74.44371480092299, 61.24379167902257, 72.27921079740237, 34.00517040693003, 38.03079678879814, 41.72986470021568, 50.37873607579776, 46.690940995088674, 36.81455948903031, 93.15532331337931, 46.20332323601884, 54.79992923568436, 90.88346082887618, 22.840681076651517, 41.091108457223235, 34.014765624664996, 56.046564980419674, 18.696182998182067, 26.029375919520074, 23.769294482907576, 43.26442895329025, 80.26825117756091, 8.227358402891806, 81.13780743174634, 71.18056713646868, 33.29318092454716, 24.386331906216554, 84.6341361181625, 57.90152987886673, 38.50529882044304, 48.94748008711682, 57.24668247607065, 36.66403916856751, 40.600482395220396], [35.2798396496321, 63.9309479650675, 35.865723197944085, 29.252517994546174, 59.988563254861596, 16.165242463470808, 71.27939641302942, 69.75595443224019, 90.44160006868893, 39.967456989616025, 33.41235681193965, 50.83729791904526, 95.27796564045212, 42.454233730546015, 83.81483079695164, 0.0, 16.387948378715294, 105.20368936553261, 80.02151838203655, 27.041584894605197, 66.7069033910995, 83.86128465992596, 13.44173679304497, 83.00372303573019, 105.78241662761361, 10.056934429616797, 69.39012300600649, 19.476313165675897, 24.122459477122156, 47.157481135012844, 104.59649446872046, 56.85408866940579, 66.00433299147686, 53.29328380856785, 54.91023033736169, 80.01639631177794, 69.9809842836179, 43.1363547128719, 91.55921943767821, 110.40671947835524, 87.12969812982804, 65.73032138985971, 29.02057668622021, 19.88623856481591, 74.7778351268871, 76.50008509943532, 91.04983689470201, 72.35823146973723, 85.96578390539877, 105.78608690788849, 74.90590134815307, 48.18481023244855, 51.04113956907674, 75.66048487988645, 57.09564802266139, 43.084069721334664, 50.54862901689192, 62.500028196305294, 46.67127443652345, 95.53592423304468, 67.26963926221063, 70.04720602055608, 72.14346327047615, 112.49627375514923, 108.82810410528705], [30.365566060783515, 48.90036750889133, 36.27797000772679, 41.93834667842296, 60.856203796183955, 19.70061075545035, 71.13690170658484, 72.2482755550543, 85.73187908403933, 26.651970944824452, 37.54361392101538, 51.86728362340896, 88.46548888597043, 49.24657227692619, 82.8115206869594, 16.387948378715294, 0.0, 97.78384359361269, 74.71019480851834, 38.183477115561665, 50.9692639031258, 84.04385355774869, 20.723911447298057, 70.42331229856379, 99.8399231221075, 15.555683699300314, 59.51146789622694, 31.39407398231148, 15.708150661771864, 44.93401486117935, 99.91455268698246, 41.90274009950768, 53.308299535843474, 38.61544033910213, 50.429038388562645, 86.3928306238013, 61.0335330924918, 35.551006200047894, 82.09015139960977, 104.7236201839653, 71.41403452520183, 55.99980374391136, 30.739010196769843, 8.201240933539824, 78.2350052520091, 67.5589808619687, 83.77940560508227, 60.642817727816634, 88.47299964399463, 102.0260595393317, 69.55202026757978, 42.0436223830173, 35.2427389903387, 74.60654466672133, 41.34951496083724, 28.68082497828196, 50.2723900208795, 64.68553135797684, 30.420887850755733, 84.50195396960008, 59.16846496674571, 59.63826883217617, 60.21635534387826, 107.26124233885776, 102.05602858753653], [69.92427597694328, 68.20317960941358, 72.31782409905618, 100.31998291161015, 57.803219533395826, 116.92134008120644, 49.336461754110054, 60.337218871836235, 21.547057947682614, 73.83551685240556, 78.98952434786239, 63.14485518793866, 10.435151141084795, 81.45248524939711, 41.52493812420739, 105.20368936553261, 97.78384359361269, 0.0, 27.192080670769105, 95.58731800878539, 74.69798746834324, 47.35748231531797, 116.64317700326268, 43.29677369750945, 10.168098457981642, 95.25975750651402, 39.83031801227372, 97.88405791670607, 82.73497482622672, 60.243660989643594, 18.333548141240968, 70.26832486261677, 52.83666209605316, 70.25210725670404, 51.066443831413444, 79.55491177052579, 37.17182373080085, 62.574579553990446, 20.098886711608532, 13.525446928158198, 74.21151418369209, 42.81077231000894, 78.78382348332622, 104.5665282296045, 64.08205093860097, 30.950681440923603, 14.154565218463137, 44.08222578175804, 59.458527506359175, 24.53036273314313, 31.62904569150432, 57.02123493536261, 79.06126030048978, 44.00471227585204, 76.76125185975243, 74.93492909289313, 60.59544519960491, 61.076090246935756, 85.67904549309216, 28.052128224237475, 38.61649001192892, 40.79720358613094, 45.217359043786125, 17.424439204503273, 6.018776373966294], [45.10695889697988, 57.140712386246236, 45.75321839679687, 73.1804600023542, 31.117876800610194, 92.9738243247961, 24.54048242542139, 36.003612094299804, 11.229234398242335, 53.994116797575124, 52.034146744346664, 35.96000958998105, 16.76833383606759, 54.306779377964226, 22.326102250715593, 80.02151838203655, 74.71019480851834, 27.192080670769105, 0.0, 68.52303649886194, 64.67742370845816, 28.15049775297358, 92.18764766909324, 41.407625871932844, 25.800915791398207, 69.97005556068564, 25.763584791133987, 71.1517147247645, 59.097838824854115, 33.64673221748452, 25.24199819754195, 56.49079751121078, 41.24565227946528, 55.0684174935943, 25.11317584043299, 57.55489429875295, 21.2177520754096, 39.27194997370539, 25.192604596401388, 30.3875567102508, 71.68172357669373, 26.654702376447332, 52.43570588097703, 82.16713339569537, 41.244004069430645, 19.139386986699204, 14.666470200348455, 34.84225663357993, 40.568578238309854, 28.068147572444886, 5.168822306598899, 32.68426186175643, 63.697783396677295, 20.317968297729703, 63.35284371171045, 56.48476655726472, 33.43511221837145, 35.09404142513986, 69.16941155229053, 36.124400040660625, 19.302492516935175, 28.160441702793037, 36.09455953220554, 32.63188842110881, 29.476462333042782], [32.808905435316255, 73.92116873463961, 24.402497446929807, 5.5178799017577544, 41.2541430026625, 42.83216527846675, 52.76102156047144, 47.92834450761266, 77.19214968951326, 49.42722534349968, 16.738762363870446, 33.34960482263362, 85.16421638387752, 18.184980034573012, 65.54881216105022, 27.041584894605197, 38.183477115561665, 95.58731800878539, 68.52303649886194, 0.0, 78.97777308142241, 64.02329468172299, 39.37595483842654, 85.04909109307741, 93.65249448940345, 22.629946644033982, 67.0822143563912, 7.5722560542244475, 33.27122144803309, 35.78382914133536, 90.52804634105689, 67.29917455143284, 69.85128644681762, 63.40445355633621, 45.40025651082895, 54.097724736726576, 65.85356784089443, 41.844865944771584, 86.4862623941352, 97.65015142904056, 98.19583068309706, 63.59604118477605, 19.798056696912933, 44.78807732304909, 51.56041097978, 71.65722766364432, 81.99796930117729, 73.40804431255155, 63.28204381286642, 90.27709673088894, 63.959927526069094, 43.01777580335246, 64.86165396828144, 58.04665318456028, 70.14125022750994, 54.099484027195956, 35.16793058983956, 41.66508431039875, 63.10055655386702, 93.34531509824713, 61.93956900956091, 68.68975231966937, 73.66523514949426, 98.94444141107645, 97.92955322875767], [48.73594133691379, 7.652920134566457, 60.43143146622838, 84.24910898491467, 73.88638959281516, 68.24723587502082, 78.04689322011279, 85.94834241006595, 74.5878843064818, 29.55055078202638, 67.65755005725792, 68.90028206229195, 69.43234037353932, 79.47680512577833, 84.0530194088502, 66.7069033910995, 50.9692639031258, 74.69798746834324, 64.67742370845816, 78.97777308142241, 0.0, 88.47567047919883, 70.63209756660245, 32.71764136756022, 81.55622596734582, 61.199508393146594, 38.9827428572063, 75.00093850874914, 46.28276184959108, 57.84447567476408, 85.87916124428382, 12.032150004626391, 23.485631644503826, 15.822544725191616, 53.98700247828524, 107.24837077341978, 43.466406914312664, 42.25292390595202, 54.66559663803287, 86.50446638487594, 20.448140885764495, 38.16512752062212, 60.896809006283156, 52.43309724836839, 93.0218650571709, 46.98538407254488, 64.23875894007035, 31.210283942270102, 98.57653695383081, 90.65735350102487, 61.17808348978911, 46.765224421366376, 15.726550578244614, 77.8878067180057, 9.624830529524226, 24.969879423749983, 64.94918411589602, 79.76140370642254, 21.533729378537657, 50.19885731755354, 45.82550521815172, 36.773569309692554, 29.969112305200785, 90.15859967921763, 80.5223129899399], [54.306029452956594, 80.82793962886055, 48.42881451803517, 67.12129532854387, 23.873870509635246, 99.16578637735971, 12.908027446701121, 16.994153656561085, 26.254455332091506, 70.52247837888417, 50.778103366873815, 33.032060939755766, 39.12770790281026, 46.17359364082712, 6.087750495562333, 83.86128465992596, 84.04385355774869, 47.35748231531797, 28.15049775297358, 64.02329468172299, 88.47567047919883, 0.0, 97.20288684247821, 69.14315234180579, 40.04451340899746, 74.35137663902465, 51.397781718056656, 69.28146525022926, 68.88050524396105, 39.31637680596757, 33.296819036928525, 78.49070833169753, 66.00137909030215, 76.13122400341078, 36.84512309687146, 32.26893387308057, 46.834825401800565, 53.01386989657208, 52.73046916021614, 41.86655202002709, 98.3202655035763, 50.99773647641025, 55.014570418561256, 92.19582550377824, 17.767021486855878, 46.6314709124829, 40.10227217139549, 61.226168290021015, 12.613550619106778, 30.20202443076975, 29.137527139127442, 46.015027048432216, 83.86841205224971, 10.70260370199083, 85.08616855855637, 74.34824062959055, 33.86059303541781, 22.358851673287717, 87.88250749036536, 63.9207375023392, 43.36153099810727, 54.04595311883654, 62.401293445537895, 41.3526049957434, 46.14445687120506], [47.09460316862067, 69.23090308594821, 49.003866156445405, 40.603927684708, 73.34007405983733, 4.297411178962, 84.56017588902557, 83.19737126911032, 102.83977265802397, 47.33934599096836, 46.85168087951272, 64.1708472771007, 106.94736550887085, 55.66568732732739, 97.01566878491491, 13.44173679304497, 20.723911447298057, 116.64317700326268, 92.18764766909324, 39.37595483842654, 70.63209756660245, 97.20288684247821, 0.0, 91.11618238593304, 117.8167396951945, 22.937168380554674, 79.4280136045497, 31.87966238585833, 34.03939690694998, 59.93934139532306, 117.04394163491212, 62.32408560023555, 73.99380110163412, 59.1730344203248, 67.17590509618755, 93.06422188448072, 80.54413446227632, 54.0894720356091, 101.9217470222989, 122.54439174955962, 90.94499386757994, 75.83531465457745, 42.23998941679784, 18.42327421717825, 88.19797249789353, 87.09945282093305, 102.51243206234122, 81.16952210047484, 99.40620171344118, 118.49212701753456, 87.03315002750037, 59.806502631874025, 55.02915224999677, 88.83190675753518, 61.1137663027376, 49.36137704684452, 63.72274182931432, 75.93278750486604, 49.3325236879933, 104.90417323877087, 78.24155415493676, 79.7622373426984, 80.78925819237156, 124.78952353442119, 120.55167933291216], [52.44174826193299, 27.580433727594013, 61.36094020360915, 90.54843170863018, 63.03845732268063, 89.96298452306817, 62.23333482323838, 72.73370217783267, 48.58974226368224, 43.77746578317447, 69.57699042323489, 62.14119901501999, 40.09893753384307, 78.28591582366595, 63.56625397140702, 83.00372303573019, 70.42331229856379, 43.29677369750945, 41.407625871932844, 85.04909109307741, 32.71764136756022, 69.14315234180579, 91.11618238593304, 0.0, 51.392013710303154, 74.57570798292247, 20.15165758315008, 83.87792436137015, 58.96994048324256, 52.79365961612754, 57.11285844938072, 32.08271982003513, 17.124870926116454, 33.79481156349481, 44.50310170340674, 95.28717548875063, 23.785945031005692, 43.27787782093789, 23.356493888340463, 56.041007292798206, 31.578763736751206, 22.753529990511073, 65.26239423941864, 74.9933511080298, 79.23610836832209, 22.513354817450015, 35.38466374656326, 11.67506133222787, 81.12701834459168, 62.658501293182326, 40.056005933752594, 42.69334989489908, 41.4091930233767, 59.83469043750411, 37.279962972741444, 42.26238154126637, 58.046601467960336, 68.73347600098691, 48.62215327665907, 17.48491582372341, 28.202132099129166, 17.722799182888973, 11.392775829005563, 59.879489848125154, 49.28746936977834], [70.72734419589482, 74.68005570269604, 71.45235159534147, 98.06917450328227, 53.99215197665131, 118.46145564600984, 44.24870724058763, 54.5647224343937, 16.59877570911242, 77.36566841542948, 77.41922172329512, 60.48358599615666, 12.318214510614183, 78.31459833131441, 34.61583214259585, 105.78241662761361, 99.8399231221075, 10.168098457981642, 25.800915791398207, 93.65249448940345, 81.55622596734582, 40.04451340899746, 117.8167396951945, 51.392013710303154, 0.0, 95.73747324498788, 44.52919944018911, 96.69121498649487, 84.38742703339626, 59.37314190991288, 8.353550776973652, 75.97021965647805, 58.82806236390678, 75.49744801268893, 50.895609126581725, 72.26174028770772, 41.08603004820138, 64.29167601910503, 28.091708647112405, 5.088045672803284, 82.78089596818776, 46.99413765067443, 78.18775539182235, 107.0372061873888, 57.456508742863136, 35.593612980461394, 17.576882668708457, 50.417849901208555, 51.545019196771875, 14.451646296638833, 30.881224543169548, 58.06967559117092, 84.36033254072507, 38.639469993343155, 82.667693875904, 79.05357696264798, 58.503479602803445, 56.42473022361264, 90.64391959819649, 37.39657187865696, 41.45887161966657, 45.99316759856707, 51.632936834743276, 8.603678607053585, 6.2954325862472995], [25.35767257403703, 57.52154059880701, 26.067844218490595, 26.47876549604622, 50.52096775824126, 24.850742389393297, 61.657550895893735, 60.78478057690357, 80.38657206558754, 32.78338465268934, 24.57601863132754, 41.336745950703666, 85.28964913103667, 35.02136087585649, 74.08100388866333, 10.056934429616797, 15.555683699300314, 95.25975750651402, 69.97005556068564, 22.629946644033982, 61.199508393146594, 74.35137663902465, 22.937168380554674, 74.57570798292247, 95.73747324498788, 0.0, 60.03049951584083, 15.94692930470315, 15.832032491391619, 37.1485017362087, 94.54531783453622, 50.486295647523924, 57.79987079227283, 46.730597379554965, 44.85752145824132, 72.64913294316716, 60.3838417670428, 33.52006102945417, 81.98313773106277, 100.35376450063882, 81.37508789613139, 56.358174876405876, 19.33974025895478, 22.427134631851292, 66.15196546647682, 66.86710856219874, 81.11012198579148, 63.614529627193335, 77.07298239954535, 95.7743828232075, 64.85844531136834, 38.27033796194945, 45.92993679510178, 65.89496153158659, 51.76078088718684, 36.58851846305223, 40.787843881025346, 53.392329692221445, 42.746682508619045, 86.38858845112364, 57.519696257969, 60.841336706971674, 63.49386464615377, 102.43938470353766, 98.82412368128338], [35.62899395339291, 31.521712490090728, 42.81600510108346, 72.49273327346391, 42.9552986682323, 79.1094563904134, 43.02026006435184, 53.05392271079553, 35.66571519908673, 34.27678931303567, 50.933402627623245, 42.080470663791566, 32.223734920088646, 58.70443257142437, 46.334713612295694, 69.39012300600649, 59.51146789622694, 39.83031801227372, 25.763584791133987, 67.0822143563912, 38.9827428572063, 51.397781718056656, 79.4280136045497, 20.15165758315008, 44.52919944018911, 60.03049951584083, 0.0, 66.91523469950491, 45.549919222862805, 33.172214140824856, 47.655575195003244, 31.682753042660675, 15.505218476329464, 30.98235299025744, 24.467646225634567, 75.574492751969, 4.623546485043205, 26.674381460645183, 22.58083658221842, 49.613691601012775, 46.932623507280134, 3.6738818749042683, 47.600873009881795, 65.67427383748135, 59.74149836376946, 8.976308161042983, 26.988863514065986, 9.956517555512281, 62.734389192673795, 52.024364361870084, 22.704921688315018, 24.064980286411004, 39.84295274625976, 41.35979935381979, 38.494912102538834, 35.11333756491676, 38.022572855917105, 48.706801636125896, 46.14180015885545, 26.584222120509327, 8.35971559403388, 2.6845674085067874, 11.064177290853877, 52.95725397700735, 44.968795602982446], [31.518011960156123, 70.47216570341246, 25.592623608743892, 10.5453729874871, 45.87810573076733, 35.2794872750268, 57.476687323418474, 53.73385266378383, 80.45287995724085, 45.61953050162225, 19.39252957070666, 37.331900132044005, 87.53283032163924, 24.53233006034882, 70.30446491200902, 19.476313165675897, 31.39407398231148, 97.88405791670607, 71.1517147247645, 7.5722560542244475, 75.00093850874914, 69.28146525022926, 31.87966238585833, 83.87792436137015, 96.69121498649487, 15.94692930470315, 66.91523469950491, 0.0, 28.738336097182295, 37.64045500219619, 94.136893080698, 63.638351811194624, 67.98547431008905, 59.763647536206015, 46.965892541653815, 61.337908551629106, 66.20115227562748, 40.70160097085167, 87.36723651916697, 100.9017635850783, 94.69631731439493, 63.318201125830434, 19.524512094397977, 37.60747060378642, 57.874643545214184, 72.3035112411007, 84.0187923932833, 72.37487455566512, 69.47489461933908, 94.3264045437943, 66.35742445044701, 43.112671763728024, 60.317676148450886, 62.51864963601117, 65.86394949227268, 50.03416270223097, 38.430254522972575, 47.05003268086919, 57.905349119922704, 93.45189848997195, 62.57892539486026, 68.27293978672365, 72.50281232413491, 102.44331740710388, 100.62427452526615], [14.749508796265658, 42.04930021530655, 22.49022062154078, 38.31008505016828, 46.19749771359306, 34.19203274620281, 55.986504803548556, 58.070353929977436, 70.07267288154591, 17.149026777674106, 26.177880128794758, 37.51310187120673, 73.20085411314747, 38.77508092304988, 67.3726797813539, 24.122459477122156, 15.708150661771864, 82.73497482622672, 59.097838824854115, 33.27122144803309, 46.28276184959108, 68.88050524396105, 34.03939690694998, 58.96994048324256, 84.38742703339626, 15.832032491391619, 45.549919222862805, 28.738336097182295, 0.0, 29.584265727899115, 84.26942568377096, 35.09637196609567, 42.07219592886411, 31.264207310767226, 34.72133553515619, 74.15607674640626, 46.513836781840865, 20.18144056061433, 67.95047589847134, 89.2282123518846, 66.1424464883755, 41.9212981501343, 18.63983123495173, 23.574041946321472, 64.4204905083632, 53.068739513383505, 68.64172073420748, 48.23772693761771, 74.08431234381025, 86.32337858557288, 53.93266005429223, 26.413647588317108, 31.66027881493841, 59.20070931750436, 37.130346292736945, 21.339162919573667, 35.42019748041474, 50.5143636386768, 29.97435787042798, 71.4810948751078, 44.2317435879464, 46.06207876813307, 48.03497736986944, 91.69398567877637, 86.81177364745744], [15.008038314508187, 50.82155523775586, 12.112933944460739, 40.863553425878756, 17.632306889195004, 61.308014370361356, 26.446449450127425, 30.105795302612442, 43.51336576740461, 33.362561469823696, 19.04570664408666, 11.058428347918381, 49.897861851621855, 25.540869671474283, 37.879258121015816, 47.157481135012844, 44.93401486117935, 60.243660989643594, 33.64673221748452, 35.78382914133536, 57.84447567476408, 39.31637680596757, 59.93934139532306, 52.79365961612754, 59.37314190991288, 37.1485017362087, 33.172214140824856, 37.64045500219619, 29.584265727899115, 0.0, 57.566382675897984, 46.13426295262543, 40.67224727923481, 42.812366161888015, 9.646841649441509, 49.76505704300501, 31.02736311189004, 16.104468578213908, 50.864920623060556, 63.77664047498842, 73.32294024229203, 30.112365232205196, 18.820301074744002, 53.02260286794986, 37.00305531245749, 36.3292839932876, 46.41494313050918, 41.31157977786098, 45.36765819729376, 58.62915329894829, 28.75654782695513, 11.302671122074178, 48.788098398697876, 29.67270137364196, 51.705696947282625, 37.89915666159579, 7.250624882221876, 22.955228498017952, 51.22655759025299, 58.418763176499745, 26.78341579628482, 35.2648743431221, 41.91847722425296, 65.62314520781928, 63.06701242917403], [70.08782658405362, 78.7281434838003, 69.43437506634822, 94.66026148096797, 49.86848076668551, 117.98724421799623, 39.290476902406915, 48.8195