instance_id,num_cities,city_coordinates,distance_matrix,best_route,total_distance
1424,79,"[[17.635477990480155, 2.7836204771531703], [92.8794600424684, 11.193291673569739], [36.824347159739965, 68.26501927937319], [74.38174161861777, 2.9090725041837406], [60.378718010484455, 59.163024444223126], [99.69469942502725, 50.33108163384836], [65.27166073187206, 47.71362278054407], [58.478282916138625, 45.683325127422215], [26.144789407086733, 42.233440038608215], [78.59448504193354, 75.17608626472065], [91.06088835664762, 68.65908841881482], [0.3918078665026692, 48.031031819789995], [61.76570791344288, 99.68482651325074], [63.40429190857132, 21.318002255401925], [36.41312984083651, 68.92318205921471], [0.3347528587869575, 45.498835915896706], [95.75340626809935, 91.50239521092864], [89.85493998144726, 7.091823546101505], [4.233942263675949, 21.830969573501303], [81.58495324095287, 45.82541703766299], [35.30699651503534, 99.80663364527855], [88.52830774496927, 1.8494603417724353], [48.89580615391065, 91.96517206736203], [90.08675621836221, 84.84712992980957], [37.02252894248774, 68.72714480107582], [98.18857674995462, 73.76987891522569], [84.38639879315653, 21.956053415726995], [59.711657234859864, 94.91909957108311], [1.1019355760904181, 64.38444759394393], [21.07303545199445, 28.324255748211502], [24.849091059351235, 70.83024058356088], [69.73742948062555, 91.5675607749591], [51.271366821214016, 91.53041226230835], [97.5296107713301, 74.56434793561432], [30.748055227227745, 9.696353346476915], [98.30413317268393, 62.33201745439557], [44.7875943831281, 91.99062837229275], [38.14803723067063, 30.759289024215153], [60.937103220130815, 76.34598413299261], [41.607793700889374, 28.266230044474316], [63.303129650559654, 70.08179418051276], [83.84259779597618, 45.598667383294355], [98.3207597557065, 30.531668418581937], [92.33541985138554, 6.351527049018024], [99.38349197960275, 46.691560537196075], [49.80140016111477, 55.63409658605336], [86.83515161155884, 13.612214046184167], [8.78439729966396, 95.65647087373273], [54.15253634511312, 22.319201661366396], [73.32259166606117, 36.002581885689125], [84.5440986584887, 18.80239780235432], [89.46024633622275, 41.95636930016481], [61.2312805927638, 68.29775355370639], [9.272773959107628, 44.11139651867823], [83.95644987828734, 79.77077628990783], [20.437406197115227, 41.21428820120771], [44.34539844729775, 62.73058025434919], [49.11523713028567, 32.10390248695435], [41.44102196074625, 76.38692012757107], [85.55791555552607, 33.97294695907791], [37.61932994969409, 7.90527695689388], [54.09448120111367, 84.03892949990934], [89.22323841215331, 64.90625024527871], [50.347683389729305, 25.51543012965135], [41.02535333829095, 4.782426012774444], [99.51680988558316, 31.67175180540275], [91.99330195625178, 81.65848149914336], [66.2963537071232, 51.6938395243096], [78.47087836305323, 59.12113766212421], [53.012265598478336, 30.35868193725546], [62.18026442123843, 16.330881637938955], [58.0443074372211, 15.718212280805222], [40.408302502042915, 0.4593275999344226], [53.45955871461578, 81.12669521083089], [2.21878793452589, 16.051491999185295], [10.342643795120187, 43.348838086816066], [68.82512617697236, 3.8620227103300486], [5.293252071295241, 56.299155717874086], [54.76184840801073, 85.11941070890919]]","[[0.0, 75.71247852680406, 68.23508107337715, 56.74640229975095, 70.75041879091431, 94.83921596518748, 65.48214270435868, 59.23275591491339, 40.35711392327445, 94.63968323860384, 98.64516290205508, 48.42181731982323, 106.47685628484619, 49.37922270926037, 68.75348584094121, 46.085840776323856, 118.20927082361034, 72.34784933878849, 23.289539871688394, 77.08522320112421, 98.61920528571466, 70.89898423642973, 94.50162570518273, 109.46966383679181, 68.73431562818908, 107.3678285464993, 69.44974883172209, 101.28845624094176, 63.7810310848074, 25.77093035477069, 68.42790893643586, 102.94270932846986, 94.90714446021003, 107.40365583754568, 14.82314263279889, 100.26686148206966, 93.24766850813697, 34.69010114193092, 85.36071751199779, 34.986216012596444, 81.3300595841041, 78.84485369708268, 85.32331954450551, 74.78510059716575, 92.79356115314307, 61.86937347367236, 70.04179657852212, 93.29366521999653, 41.414182149122, 64.84253254291417, 68.7994530987699, 81.81260048592972, 78.693682321452, 42.165387360426166, 101.61443535384466, 38.53267475003292, 65.62817868368953, 43.019230265480566, 77.35728565008911, 74.74109720343722, 20.629728651251057, 89.06000314112158, 94.78411560751343, 39.83495389930901, 23.47512496996251, 86.82785638580631, 108.39893766159773, 68.9934080383873, 82.91478626311577, 44.85422071544474, 46.559277089753024, 42.42849469852661, 22.891130894159062, 86.14523851296715, 20.339880702858366, 41.21555908052584, 51.20100617012683, 54.92033369109334, 90.31915485359359], [75.71247852680406, 0.0, 79.99598597558789, 20.268050575585345, 57.94301937867464, 39.72674276625845, 45.78127528736176, 48.71348268523795, 73.60031980458015, 65.55805453534536, 57.4945649478478, 99.55392962662431, 93.80201122486083, 31.16561086979311, 80.75386486341263, 98.69849640939618, 80.36051068704113, 5.0960536104084575, 89.28150991875586, 36.427324786810125, 105.6736151175525, 10.307264926890591, 91.97096537352171, 73.70676417077007, 80.18816002132377, 62.801401186807034, 13.710183430684168, 90.0561716440118, 106.07739186708056, 73.82162652362847, 90.46931402012487, 83.63956427497587, 90.47257245153429, 63.54144060035429, 62.14943514361517, 51.42563906317726, 94.02678958787673, 58.12363456743943, 72.5616117108604, 54.03951326630276, 65.89852082529302, 35.5723875638027, 20.089314515466018, 4.872234026509182, 36.08918846072279, 61.89268441755388, 6.5103648018140206, 119.188960136059, 40.293429887728976, 31.59069454002681, 11.286130669128674, 30.952511488228097, 65.28802975355194, 89.85365648895534, 69.15556020085563, 78.4162699817168, 70.79298870073475, 48.503204550792894, 83.04289315339113, 23.927342280346473, 55.357863205216084, 82.52733810108366, 53.837253599492875, 44.87845446529608, 52.24890028133592, 21.527232574368902, 70.47076169098706, 48.44539109808424, 50.046834536411744, 44.2346626164854, 31.12612154497461, 35.127806130367034, 53.55782256931515, 80.27832553686609, 90.79074610040209, 88.5793723243903, 25.146738999800966, 98.51843887289762, 83.17465594964922], [68.23508107337715, 79.99598597558789, 0.0, 75.37876131524808, 25.25182560040957, 65.37818683196167, 35.094295085145916, 31.28619255381673, 28.13709422738037, 42.338012064496155, 54.23797278190366, 41.674262655359, 40.11577947467026, 53.9491971237754, 0.7760656725657048, 43.00918038265291, 63.34516277965467, 80.95927155825257, 56.729670044666875, 50.07042645637922, 31.57809034420025, 84.1684383197934, 26.597318744978026, 55.78396375618463, 0.5028280191298168, 61.6106496704183, 66.38274681677561, 35.132164161514496, 35.932569153310126, 42.934466480518154, 12.246922838384991, 40.32715497050213, 27.38603453860062, 61.0312262016092, 58.88301922293318, 61.76539968989571, 25.026342784570538, 37.52908148858106, 25.43082770562822, 40.28379948651687, 26.541036024193744, 52.196545873925444, 72.14994476336713, 83.15503419237712, 66.1744718353912, 18.109227280177162, 74.08110205561849, 39.19860212560798, 49.10482967113548, 48.7133115136365, 68.72936495037024, 58.844565984000276, 24.406955384413944, 36.63996012956024, 48.516157628744345, 31.627106822720545, 9.337892042200059, 38.19283105430935, 9.34232088970422, 59.589486594592536, 60.36497735336628, 23.389608236405966, 52.50642945303586, 44.83757347648686, 63.62144371801564, 72.59071639715908, 56.77145764882187, 33.81128758866822, 42.638528730466405, 41.21818911686532, 57.793400944497044, 56.66968889911634, 67.90034285644464, 21.027433776885662, 62.64021998946623, 36.360647660789155, 71.91519884406858, 33.72524052173616, 24.613501609720863], [56.74640229975095, 20.268050575585345, 75.37876131524808, 0.0, 57.97061133921394, 53.75493263695027, 45.721344022567294, 45.6350379223912, 62.23511420926314, 72.38969874931323, 67.83257719328502, 86.6631496607503, 97.59462521303905, 21.433457414096424, 76.15430480724974, 85.42156924257593, 91.13465245509714, 16.028576788165985, 72.655020081499, 43.51665067296009, 104.4795341681908, 14.186194384046967, 92.63110587657874, 83.42956753012292, 75.68176406941917, 74.75305535022511, 21.51466121101476, 93.1721871412179, 95.65119819457118, 59.05717308241982, 84.06407404291923, 88.78004943507474, 91.58510404973852, 75.30140996996849, 44.15841674397232, 64.05753042556324, 93.86872294049209, 45.70028330202965, 74.65747311049012, 41.4381116924636, 68.0801746512475, 43.725385196144906, 36.5524882110369, 18.280729071320145, 50.418188974554425, 58.173201309547785, 16.420860492689776, 113.60057872220193, 28.035225340562192, 33.110453965564794, 18.86455113802826, 41.85752849359682, 66.69793276098373, 77.05069223493405, 77.45577155449539, 66.16102231422293, 66.93873841512408, 38.61002909584228, 80.52381699189507, 33.0131967555015, 37.10036348405088, 83.62790581734374, 63.74888293086749, 32.99520207606159, 33.40895228043036, 38.19768811551012, 80.69471156514255, 49.450247632214165, 56.360600676671616, 34.78700279419735, 18.138936193203914, 20.76019791448277, 34.06164728112124, 80.96748878005243, 73.34994938372478, 75.7388981331637, 5.637737956106727, 87.31391855537852, 84.51910977602026], [70.75041879091431, 57.94301937867464, 25.25182560040957, 57.97061133921394, 0.0, 40.295776557778424, 12.45109179674765, 13.613006545917187, 38.191264652658106, 24.253501137178173, 32.118076034540316, 61.01106988418232, 40.545532231213336, 37.96577145120528, 25.87682540395262, 61.57911820800872, 47.92915053399011, 59.835254028490695, 67.42342444974152, 25.051869869961557, 47.754520075417815, 63.85330087274688, 34.75396600959437, 39.271373909699875, 25.238541280754983, 40.53326554122843, 44.28010196101667, 35.76229688591089, 59.50630382978702, 49.95964707716511, 37.39623408484758, 33.72891126602426, 33.624271588408234, 40.21678254428531, 57.662186278944326, 38.05758310670439, 36.34191403354701, 36.06903594142487, 17.192030063614624, 36.15189488279829, 11.303615173683227, 27.102498723630173, 47.53265277325885, 61.727506426811104, 40.950089186304425, 11.150470156668785, 52.676552723257736, 63.196088185223054, 37.36619615889152, 26.53205541828009, 47.041957918301705, 33.790594416305666, 9.174428530450475, 53.27634578864715, 31.3143557520082, 43.78887440999281, 16.425431217281023, 29.309760876488724, 25.59880688983614, 35.61645676818301, 56.08338811427547, 25.657402140820217, 29.41072933138859, 35.11099911310972, 57.72176547800133, 47.828446628817254, 38.801127640491714, 9.529277811355735, 18.092208840425652, 29.731376833188452, 42.87001314261544, 43.50748414513563, 62.007592428395036, 23.027757140146026, 72.39600607906446, 52.47568211116688, 55.942314965390544, 55.15986132886245, 26.557168750692842], [94.83921596518748, 39.72674276625845, 65.37818683196167, 53.75493263695027, 40.295776557778424, 0.0, 34.522408428717725, 41.47764012546053, 73.9943312899854, 32.59590928507104, 20.259776066735064, 99.3295248203234, 62.244682750472556, 46.46237674431298, 65.9562222028042, 99.47738225508746, 41.35953159080892, 44.34472128547325, 99.62435718874589, 18.661830572184364, 81.20102544217724, 49.75093874753257, 65.6804768846595, 35.82834300706114, 65.3162773973312, 23.48713740560712, 32.241065345532824, 59.88935636949084, 99.58930754945834, 81.6435326982439, 77.60206575390715, 50.96945393544073, 63.578329521092975, 24.329792529544385, 80.03012488511102, 12.081230693561363, 68.9224783255418, 64.58364106506183, 46.67897187837136, 62.1365133578155, 41.405760429569575, 16.543423790032413, 19.847026827305896, 44.591032925052225, 3.6528021965423636, 50.17432888461628, 38.90556781345436, 101.5828427554174, 53.46731747142576, 30.013229960860897, 34.979974381542256, 13.224214029532773, 42.45274888793343, 90.63558400482778, 33.38245228016473, 79.77991258649429, 56.72118373908544, 53.76348264089812, 63.81534030092955, 21.62029667259255, 75.18843260759076, 56.706251064852204, 17.94678343870465, 55.23535598840392, 74.27497693794612, 18.660177768042935, 32.2601535224516, 33.42613656647525, 22.972062716502425, 50.77545054069518, 50.62950161136622, 54.15538641343758, 77.47301924237145, 55.55230015124827, 103.32784516491648, 89.62444739154648, 55.78802729757025, 94.58991051244237, 56.825953052739244], [65.48214270435868, 45.78127528736176, 35.094295085145916, 45.721344022567294, 12.45109179674765, 34.522408428717725, 0.0, 7.090281426542342, 39.508789687249596, 30.523508124337496, 33.22343739420212, 64.88062928432626, 52.08932445896717, 26.461591963250076, 35.81424590835743, 64.97466648604944, 53.35347600574231, 47.481240418779635, 66.29867881669144, 16.422205497870287, 60.0962801060192, 51.42366212651365, 47.18440661322572, 44.66191125789598, 35.20769169601121, 41.98156552461609, 32.07531123364012, 47.53178597432362, 66.2998493703238, 48.26454216653817, 46.56567574491488, 44.08073239109511, 45.99912249243519, 41.97066573335826, 51.35359882484152, 36.122592631115026, 48.78575815083218, 31.986565694927627, 28.958599852889662, 30.62971901749946, 22.45462550114052, 18.690980171496403, 37.24865772056444, 49.42944487836146, 34.127139380600504, 17.37995590992355, 40.34712154028108, 74.08999671579315, 27.722040889991387, 14.211473102674757, 34.74601838160445, 24.864304558469772, 20.976918538125382, 56.114626915186456, 37.10501902127139, 45.30288875625396, 25.756891601528103, 22.465382063032106, 37.28347254469345, 24.501802113331383, 48.47015365049212, 38.00601597798391, 29.48329209087233, 26.74854868352558, 49.304878847199085, 37.81629099929026, 43.200689151333414, 4.1100025572839405, 17.445651086983148, 21.248217353715226, 31.53463449563288, 32.80153851105922, 53.39620768819636, 35.439514151546476, 70.55604363634758, 55.10216190913544, 43.99534004173074, 60.58977538556431, 38.85420344859244], [59.23275591491339, 48.71348268523795, 31.28619255381673, 45.6350379223912, 13.613006545917187, 41.47764012546053, 7.090281426542342, 0.0, 32.517018769037264, 35.699923633918, 39.86868289916273, 58.1338998382645, 54.10147239250094, 24.858288823877697, 32.0462467450823, 58.14382274841693, 59.06625097482624, 49.73729589448005, 59.25692666930235, 23.107107209917196, 58.87479119624132, 53.14519446064683, 47.26344482864803, 50.32791661788594, 31.485981066654105, 48.63909888189934, 35.13138043370342, 49.25122026180806, 60.34713924945987, 41.23699586010255, 41.99154560026102, 47.245438534521966, 46.41007475056601, 48.57076986934597, 45.43157124336987, 43.16569592691622, 48.28872835683606, 25.219947328281986, 30.76108669373063, 24.24806399468397, 24.870955714352238, 25.364456159302716, 42.62623208464534, 51.896975456498616, 40.91763271704791, 13.202505329153954, 42.80967376883889, 70.47551038087812, 23.761194177352262, 17.72202843851087, 37.443437397890264, 31.205324178764094, 22.78138207517343, 49.230611120231345, 42.55691857390486, 38.30248807322842, 22.143787633829536, 16.494464090610222, 35.11380080246659, 29.50321102405317, 43.15410574245635, 38.605311865796516, 36.259800586029726, 21.74512904767315, 44.46895882788245, 43.36455791058124, 49.16775749644208, 9.861466128727349, 24.088974208583164, 16.270280705104213, 29.584972635907732, 29.96825524829219, 48.70045322717258, 35.7969282967187, 63.58597573463654, 48.19221496602619, 43.0822295305865, 54.23415312413494, 39.61081583915646], [40.35711392327445, 73.60031980458015, 28.13709422738037, 62.23511420926314, 38.191264652658106, 73.9943312899854, 39.508789687249596, 32.517018769037264, 0.0, 61.93697209718011, 70.08862101042862, 26.397502319175768, 67.5981630156856, 42.72851582165368, 28.596872982721532, 26.0157797665183, 85.2806512936866, 72.75930521874237, 29.939038455192115, 55.55640435348258, 58.29767286230292, 74.31399044841672, 54.68870023683174, 76.84075537003609, 28.63986049967466, 78.64384446174412, 61.670555957712395, 62.470099536810835, 33.43369054886383, 14.805002391259952, 28.626139027401678, 65.83444187816852, 55.33115183124596, 78.36504531134801, 32.861102638562606, 74.90609926314431, 53.13503522393172, 16.605243142317093, 48.72546321028316, 20.837165277704948, 46.43568754807698, 57.79586358868967, 73.11841187287982, 75.29084431991885, 73.37426246910694, 27.188468663574625, 67.10063071104047, 56.1729778250551, 34.365837377985386, 47.587483851415094, 62.924502869057285, 63.31606316203953, 43.70824067308045, 16.97620763945477, 68.9292368975641, 5.797662768145582, 27.41158380061898, 25.10476049705675, 37.422385446719126, 59.9846255689517, 36.19513587802531, 50.288012691694796, 67.02944913657345, 29.41550496678607, 40.299002896769714, 74.12828507008867, 76.74868402195872, 41.251027552886754, 54.98376047935451, 29.374668625546015, 44.37902647868284, 41.48055633188921, 44.1420918834727, 47.52664431889924, 35.46756193487262, 15.84146201421256, 57.39317742181328, 25.152156305888614, 51.55717744598011], [94.63968323860384, 65.55805453534536, 42.338012064496155, 72.38969874931323, 24.253501137178173, 32.59590928507104, 30.523508124337496, 35.699923633918, 61.93697209718011, 0.0, 14.067070502725706, 82.77990515954282, 29.73022179887545, 55.95922784120309, 42.64229751789119, 83.69781878666015, 23.684951793339053, 69.00916370586425, 91.51607398198901, 29.502621648346707, 49.80432237499323, 73.996451960478, 34.11575779287851, 15.020032701849544, 42.06918563433058, 19.64448647768921, 53.53427090518343, 27.319366032300234, 78.24036482479328, 74.18767542978821, 53.920809981188604, 18.63136790028831, 31.8436299460157, 18.945004887076525, 81.09794244651403, 23.52531260243651, 37.757577812986646, 60.073014055009686, 17.696095440043166, 59.737341311459915, 16.117610292612312, 30.039414028347785, 48.80829805375176, 70.18285574606784, 35.26401870712509, 34.798435274523094, 62.11295314225551, 72.75228178082413, 58.23451816637886, 39.52665309763235, 56.686776703550834, 34.95160030255658, 18.675982695083988, 75.96390311502341, 7.061291902608844, 67.34723117893746, 36.440232606571726, 52.19424367516086, 37.173188423493784, 41.78741500928041, 78.76753848993295, 26.053793935082048, 14.779713463771385, 57.13197503451604, 79.79164781248771, 48.27391421473292, 14.884547110298218, 26.507733707463363, 16.0554244180301, 51.60474476542436, 61.09160945786796, 62.90905005062779, 83.90934728825958, 25.829716767886143, 96.58656612441843, 75.30795150685049, 71.98010859447253, 75.69286136675149, 25.823715261886633], [98.64516290205508, 57.4945649478478, 54.23797278190366, 67.83257719328502, 32.118076034540316, 20.259776066735064, 33.22343739420212, 39.86868289916273, 70.08862101042862, 14.067070502725706, 0.0, 92.98601441066799, 42.670880252280455, 54.82760040548402, 54.6483966485139, 93.63561800071113, 23.3202999454966, 61.57907449280548, 98.64984177596341, 24.721850558954706, 63.86443477492622, 66.85761264319403, 48.17746041663722, 16.217324729576383, 54.038402269544285, 8.770639733239928, 47.177561291707285, 40.89452870060396, 90.06045602569517, 80.77869942484182, 66.24738487714626, 31.296773062563997, 45.894482003533824, 8.758793275272945, 84.34596592195714, 9.617506041268392, 51.822567398388266, 65.08582494238436, 31.08907841464066, 63.85289013569327, 27.794194718857586, 24.163748404454, 38.812445022248106, 62.320595587510816, 23.49123266868988, 43.266566519667556, 55.20883289144025, 86.5926073060918, 59.24197458644071, 37.1630809867986, 50.28079302472755, 26.75064977167969, 29.83179616167791, 85.39253383246758, 13.188732063295609, 75.7686827872978, 47.090171018235914, 55.63918830569413, 50.21802987041568, 35.119953288903496, 80.91369335356323, 40.038166412417475, 4.178606427416893, 59.32065668256216, 81.14051247501736, 37.94160880428462, 13.032790015097321, 30.018358490430586, 15.794963003307782, 53.98720987832351, 59.76898580200799, 62.39255550038894, 84.95229149063958, 39.61440659620017, 103.2495908392134, 84.59340267989577, 68.50612267630368, 86.65365180041911, 39.856774970969674], [48.42181731982323, 99.55392962662431, 41.674262655359, 86.6631496607503, 61.01106988418232, 99.3295248203234, 64.88062928432626, 58.1338998382645, 26.397502319175768, 82.77990515954282, 92.98601441066799, 0.0, 80.21764215685974, 68.44091680902461, 41.641536696012075, 2.5328385992003892, 104.80264254679763, 98.38531791833817, 26.48028055809349, 81.22309765309213, 62.448245313652805, 99.50266405984408, 65.44346055304689, 96.95673694947318, 42.07301770827432, 101.12712916841619, 87.9488249137433, 75.61306386157382, 16.368826740065128, 28.56694239113183, 33.4359480414299, 81.87945157677464, 66.93971629988356, 100.69642306099736, 48.89835710407683, 98.95120836545989, 62.477451848555674, 41.51922392092789, 66.83913011071436, 45.71000850489844, 66.66386224414417, 83.48623082044755, 99.48018565305121, 100.9495364167835, 99.00074599145546, 49.991143261179644, 93.04357417231255, 48.359259738693524, 59.59290340843025, 73.91605260993795, 89.0837869203155, 89.2753507759093, 64.1262929807226, 9.707476481131465, 89.38937729722757, 21.172954588194326, 46.34646533581725, 51.26056971989035, 49.89082460210897, 86.3185707067101, 54.73540539515293, 64.65714050764915, 90.4201086578351, 54.79545436221045, 59.34245463290599, 100.46587514112362, 97.57888650426271, 66.0062521488589, 78.86273959988638, 55.50877878582231, 69.4457549816285, 66.09030952651594, 62.16419295139, 62.542058771441916, 32.03168467793406, 10.997366677135286, 81.44949613529614, 9.611765086952758, 65.81526538051861], [106.47685628484619, 93.80201122486083, 40.11577947467026, 97.59462521303905, 40.545532231213336, 62.244682750472556, 52.08932445896717, 54.10147239250094, 67.5981630156856, 29.73022179887545, 42.670880252280455, 80.21764215685974, 0.0, 78.38395308843292, 39.86266404098109, 81.91388048397961, 34.958773168753204, 96.75985302099582, 96.80458201539157, 57.39022978182835, 26.458991776740742, 101.42975709154418, 15.007579287278151, 31.972472800705233, 39.630833483299924, 44.70134095628589, 80.95342996514657, 5.189535381658921, 70.18696478723645, 82.14757849119411, 46.855348991610974, 11.377097512578882, 13.290058944038424, 43.70463581358256, 95.18413775965952, 52.25216612746727, 18.64019914272858, 72.85961903985178, 23.353546826730874, 74.20887700922708, 29.6429281429971, 58.418333392150664, 78.22040072549386, 98.21207704172097, 64.98756740221243, 45.64659315996432, 89.64915852499024, 53.13423494802724, 77.73930981203351, 64.72240603435671, 84.02869961571005, 64.02782387879446, 31.391622473660846, 76.4454984711059, 29.816076623998217, 71.60190202261323, 40.854418346854544, 68.75475040521607, 30.91739479696886, 69.8864812322535, 94.90275699649604, 17.425321019253516, 44.31100707854382, 75.04312522764235, 97.1423076144263, 77.78768560206844, 35.194552933436874, 48.20437307423997, 43.86884512910662, 69.8765845912149, 83.3549757565478, 84.04904001334427, 101.49797239602097, 20.33215069664377, 102.66630567482748, 76.27630769315272, 96.08249119830566, 71.21414676318263, 16.161849693806555], [49.37922270926037, 31.16561086979311, 53.9491971237754, 21.433457414096424, 37.96577145120528, 46.46237674431298, 26.461591963250076, 24.858288823877697, 42.72851582165368, 55.95922784120309, 54.82760040548402, 68.44091680902461, 78.38395308843292, 0.0, 54.72454635645755, 67.54612847875732, 77.28074931301852, 30.033663515197215, 59.172573144731565, 30.514747677025643, 83.36619978077174, 31.78427749674866, 72.12155545558568, 68.9050358443739, 54.25517684161251, 62.937634504832275, 20.9918059870834, 73.69367053489647, 75.7383807502976, 42.907142309853114, 62.753209135375016, 70.53445330970712, 71.25300267464773, 63.24326616946372, 34.662552092283214, 53.85302556963295, 73.08352419671401, 26.963239720143942, 55.083262517254894, 22.877176476268218, 48.763896857387756, 31.73759673636269, 36.1116514588651, 32.57308005311732, 44.026359123040294, 36.91385910472094, 24.665448675148888, 92.247172333935, 9.305771395025955, 17.720314585177913, 21.28895711837585, 33.23935852886158, 47.0299799088748, 58.734658061099374, 61.96061643932515, 47.349925682925814, 45.58775094789244, 17.902869330413225, 59.287190373745545, 25.513342904135662, 29.06484927113821, 63.408101137153494, 50.66116225849765, 13.714715701531103, 27.82520751419706, 37.567460446297744, 66.77053939328907, 30.51320224482845, 40.69495145554739, 13.774182369184171, 5.1351353772681305, 7.751585727624329, 31.04673633681661, 60.629839776596306, 61.41174176683774, 57.45342659882379, 18.278311356453003, 67.8275316411744, 64.38409392320165], [68.75348584094121, 80.75386486341263, 0.7760656725657048, 76.15430480724974, 25.87682540395262, 65.9562222028042, 35.81424590835743, 32.0462467450823, 28.596872982721532, 42.64229751789119, 54.6483966485139, 41.641536696012075, 39.86266404098109, 54.72454635645755, 0.0, 43.015686416711524, 63.49085975961026, 81.72602992120822, 57.03662498715774, 50.73460730391158, 30.903254081135163, 84.94042567004414, 26.2059251214786, 55.98598292697597, 0.6401545685785082, 61.965283112686066, 67.13676866654781, 34.908582125516396, 35.60169309104378, 43.40036075270403, 11.720233152756684, 40.28990982745558, 27.052801400607787, 61.37627386680004, 59.49714539157099, 62.240981228372114, 24.540552882460425, 38.20330660084529, 25.622709867124073, 40.987464909992205, 26.914948854020317, 52.85439825950953, 72.84547316954841, 83.91969095950618, 66.77957399823427, 18.863869562786736, 74.84439499378485, 38.44496836612148, 49.86599574907736, 49.457803105403386, 69.48872695515837, 59.508029364588566, 24.82603004028013, 36.77259331481084, 48.765126686775254, 31.984473495351672, 10.063260026386784, 38.94872113193124, 8.999282478202494, 60.30529741654201, 61.029826001541565, 23.261900322554077, 52.96265956796429, 45.58952412764881, 64.3063697606966, 73.27853363123728, 57.0205522965521, 34.49430841208006, 43.18488491498566, 41.98513996114838, 58.565307888597886, 57.43410705606728, 68.58032350473687, 20.964409617026774, 62.96561464966005, 36.520094636767475, 72.68763280169911, 33.582924730553934, 24.47433953205986], [46.085840776323856, 98.69849640939618, 43.00918038265291, 85.42156924257593, 61.57911820800872, 99.47738225508746, 64.97466648604944, 58.14382274841693, 26.0157797665183, 83.69781878666015, 93.63561800071113, 2.5328385992003892, 81.91388048397961, 67.54612847875732, 43.015686416711524, 0.0, 105.92944296208681, 97.411305820473, 23.986904244122286, 81.25085671776765, 64.59407651300123, 98.40412141507595, 67.21083463603779, 97.99852217693152, 43.42288852244929, 101.85589193754853, 87.28654989244862, 77.25269725409879, 18.90118773452406, 26.92661450780582, 35.25099771422936, 83.30101399392144, 68.65453126264022, 101.44774218092682, 46.97644855763166, 99.40500731752422, 64.32372723495423, 40.58446399253071, 68.00140750342273, 44.72612888987416, 67.59688094010339, 83.5079046101357, 99.12251838253425, 99.98317117696266, 99.05592013325442, 50.49428387634505, 92.19043138336305, 50.8643768834415, 58.597348605161955, 73.60301253592054, 88.33976300604358, 89.195866817471, 65.02443952477131, 9.045065465254051, 90.37230831079228, 20.554172821119497, 47.26383329844601, 50.58616300262089, 51.41788702144596, 85.99903241478815, 52.947288542963356, 66.14716324155722, 90.98247410860688, 53.85749462340975, 57.563451970687815, 100.14124370640364, 98.53329179195414, 66.25187435977553, 79.3146973371501, 54.810077640314596, 68.37862865824637, 64.94057463355432, 60.28637234362452, 63.96553255589398, 29.5075524555273, 10.236228390310186, 80.15332464208613, 11.884175287559081, 67.32086360745107], [118.20927082361034, 80.36051068704113, 63.34516277965467, 91.13465245509714, 47.92915053399011, 41.35953159080892, 53.35347600574231, 59.06625097482624, 85.2806512936866, 23.684951793339053, 23.3202999454966, 104.80264254679763, 34.958773168753204, 77.28074931301852, 63.49085975961026, 105.92944296208681, 0.0, 84.61640806201649, 115.02138862841345, 47.82396257341547, 61.01416907579621, 89.94359776727913, 46.85988530587829, 8.740908348006796, 62.992285104348625, 17.898943808310865, 70.46916003494307, 36.20333606257465, 98.4595550828753, 97.8194003825492, 73.85634632284021, 26.016058401631696, 44.4820482701666, 17.03092328495669, 104.48887093597756, 29.28168619121192, 50.96815037564275, 83.71441626833877, 37.972249797600426, 83.24998465607966, 38.88267739056941, 47.42382931536768, 61.02475587429509, 85.21944015230282, 44.957629234974725, 58.293410532405616, 78.39907899966441, 87.06816218092636, 80.72760771920231, 59.8612622891252, 73.55907965909842, 49.944094200198066, 41.596064183811386, 98.61443363733275, 16.637279301952585, 90.56154577586243, 58.91180360504377, 75.52019437479848, 56.37652593185589, 58.4258970580045, 101.82361715129373, 42.32220880526309, 27.386091712047868, 80.09968308766923, 102.54517460717848, 59.94888737172099, 10.537600372050976, 49.522106694230615, 36.70465380889325, 74.60133228457444, 82.32807726604342, 84.6476137704032, 106.54539253715113, 43.54795852125949, 120.17305697316316, 98.04980066232078, 91.68406165037555, 97.06857147457632, 41.48554334885846], [72.34784933878849, 5.0960536104084575, 80.95927155825257, 16.028576788165985, 59.835254028490695, 44.34472128547325, 47.481240418779635, 49.73729589448005, 72.75930521874237, 69.00916370586425, 61.57907449280548, 98.38531791833817, 96.75985302099582, 30.033663515197215, 81.72602992120822, 97.411305820473, 84.61640806201649, 0.0, 86.88036415556518, 39.60661492045851, 107.57097260944205, 5.407617317910537, 94.23977893179404, 77.75565194628625, 81.17990196097468, 67.19681963900827, 15.838253449957756, 92.85606016146184, 105.63872661701629, 71.98448838406757, 91.04035479128727, 86.8381506545923, 92.83623959529923, 67.9075998635387, 59.164240896251094, 55.88262599957851, 96.11905482366153, 56.86609459278853, 75.0491841497897, 52.68911286761131, 68.35740656557577, 38.97339195986349, 24.92180635700763, 2.5885940757026953, 40.72999475749312, 62.93360250314769, 7.185722933183659, 120.06718805313358, 38.814104004562225, 33.30391101043966, 12.85856076584216, 34.86677980127723, 67.56833389166255, 88.67882646902721, 72.9179152021882, 77.35073749382, 71.88038410225738, 47.80509890528831, 84.53234805889609, 27.222402812033906, 52.24194351132931, 84.8508546029235, 57.817877697362626, 43.591886893655605, 48.88416766917942, 26.41069107912254, 74.5973127546913, 50.44151877734353, 53.260176363913324, 43.57441170094538, 29.176152278653316, 32.959534667012576, 49.88947745262078, 82.49718783068292, 88.09296682698515, 87.3886511409107, 21.27638790043162, 97.83680596624725, 85.55600174523791], [23.289539871688394, 89.28150991875586, 56.729670044666875, 72.655020081499, 67.42342444974152, 99.62435718874589, 66.29867881669144, 59.25692666930235, 29.939038455192115, 91.51607398198901, 98.64984177596341, 26.48028055809349, 96.80458201539157, 59.172573144731565, 57.03662498715774, 23.986904244122286, 115.02138862841345, 86.88036415556518, 0.0, 80.98711260637232, 83.93889973035492, 86.63025316291947, 83.14738989048129, 106.49761560706385, 57.22187228122938, 107.35512863882234, 80.15255413071914, 91.75865956391986, 42.668582792581404, 18.04765427282884, 53.15931639313185, 95.67601052500214, 84.08645324983318, 107.16758351186174, 29.158996848676892, 102.41843436172853, 81.0368831026242, 35.06965533968547, 78.65834523351718, 37.9238361532713, 76.2712984929676, 83.08093340134111, 94.48826057331912, 89.45101169917798, 98.3437125301245, 56.736624988287645, 83.00908220279624, 73.96560878722637, 49.92098161734117, 70.52713004066348, 80.36724125620012, 87.57028388685397, 73.53814377629851, 22.843100702712245, 98.5530284805917, 25.263912691138277, 57.28618569092847, 46.04197844953966, 66.03573669190226, 82.22539903707008, 36.17331925325579, 79.72392126167234, 95.28200388722935, 46.260700062045, 40.549485402447516, 95.7896959865183, 106.21222338725306, 68.87331788054516, 83.07634631771414, 49.51814521479427, 58.20676265595721, 54.15645115616135, 42.015847240076816, 77.06584453460886, 6.1207195657303135, 22.368167107668256, 67.04404590038368, 34.48446017196224, 80.98454223295143], [77.08522320112421, 36.427324786810125, 50.07042645637922, 43.51665067296009, 25.051869869961557, 18.661830572184364, 16.422205497870287, 23.107107209917196, 55.55640435348258, 29.502621648346707, 24.721850558954706, 81.22309765309213, 57.39022978182835, 30.514747677025643, 50.73460730391158, 81.25085671776765, 47.82396257341547, 39.60661492045851, 80.98711260637232, 0.0, 71.10289041357044, 44.52072482661627, 56.54606380181488, 39.937134735779495, 50.10288209181095, 32.50497290039219, 24.033198224501103, 53.74598350446668, 82.59511939353034, 62.99192679206644, 62.00160689894403, 47.251534715128344, 54.8439614735463, 32.86576110358981, 62.367454997455766, 23.4946554541086, 59.03619530832388, 45.975579232913546, 36.84886329729696, 43.66346679723743, 30.37428033528404, 2.269002940188194, 22.67125860032728, 40.911618437525455, 17.819601168180053, 33.262658355307344, 32.638244896148045, 88.22162360654, 36.12588625991059, 12.83568109673578, 27.18455646491194, 8.774381558346164, 30.319595953111534, 72.33249020204703, 34.02809737650421, 61.32116289361061, 40.89705349548355, 35.249998948547926, 50.4533516205258, 12.50061904534225, 58.059564717056126, 47.07439418277667, 20.552897514789283, 37.25939607618144, 57.70275778966803, 22.844643184573133, 37.314102316414804, 16.37619180968507, 13.655535480854981, 32.49028122039874, 35.30537588860264, 38.21787256151385, 61.26661927139575, 45.135552039622745, 84.76718001469662, 71.28534280253943, 43.86045656595389, 77.00729101391433, 47.57622191299915], [98.61920528571466, 105.6736151175525, 31.57809034420025, 104.4795341681908, 47.754520075417815, 81.20102544217724, 60.0962801060192, 58.87479119624132, 58.29767286230292, 49.80432237499323, 63.86443477492622, 62.448245313652805, 26.458991776740742, 83.36619978077174, 30.903254081135163, 64.59407651300123, 61.01416907579621, 107.57097260944205, 83.93889973035492, 71.10289041357044, 0.0, 111.4814593134061, 15.688985533791902, 56.785639245916435, 31.126800001390485, 68.05884020253006, 92.02988954712208, 24.88926383355216, 49.24142015105068, 72.88577362807686, 30.805829665619903, 35.40250041960928, 17.982128896566525, 67.14779752706693, 90.2255316481664, 73.30065542487625, 12.287053119598164, 69.10576901799003, 34.74628678366802, 71.81733351039449, 40.83319178986748, 72.76130975980904, 93.64697093292119, 109.48103953264415, 83.22865048946592, 46.48979207636988, 100.42225220376272, 26.845337028421593, 79.74620045462017, 74.27073781528675, 94.79440095269842, 79.24157716120668, 40.80291692474741, 61.47959159493347, 52.613732926945936, 60.449711834384395, 38.16184540265537, 69.09650725749437, 24.209693294631375, 82.82046345626657, 91.93044243926353, 24.52733321919693, 64.22614655866816, 75.79845104923274, 95.19611148016145, 93.622979318191, 59.520522938681886, 57.22919899234614, 59.316357605511456, 71.66934177008345, 87.69477579165948, 87.10825400351773, 99.478191284524, 26.047180544626933, 90.05416869431666, 61.73088032780256, 101.63086826104096, 52.855704433275, 24.376336471262913], [70.89898423642973, 10.307264926890591, 84.1684383197934, 14.186194384046967, 63.85330087274688, 49.75093874753257, 51.42366212651365, 53.14519446064683, 74.31399044841672, 73.996451960478, 66.85761264319403, 99.50266405984408, 101.42975709154418, 31.78427749674866, 84.94042567004414, 98.40412141507595, 89.94359776727913, 5.407617317910537, 86.63025316291947, 44.52072482661627, 111.4814593134061, 0.0, 98.44580581301993, 83.01229980363877, 84.4124986520853, 72.56629661922537, 20.528772364822597, 97.42872827300904, 107.48951195926311, 72.46467106067746, 93.87966063242774, 91.66479504850679, 97.11206302190095, 73.26990060016072, 58.3106449187561, 61.26749935875359, 100.19321423783771, 58.08571125106498, 79.44184428943791, 53.84589454811097, 72.74586579989264, 43.99942038809198, 30.30777419316681, 5.8959907757145, 46.137283997914835, 66.2763944925946, 11.8839872266322, 123.12126736698328, 40.008798645126305, 37.385150964867194, 17.414821577816834, 40.11773492776782, 71.83664358896084, 89.81932356181889, 78.05532245428417, 78.65087759206838, 75.2239339294072, 49.68622952885634, 88.16487619139858, 32.26052730832696, 51.26789380339124, 89.11115110326357, 63.06061910231396, 44.920353985211875, 47.593413042040126, 31.78232602305869, 79.88420396412485, 54.577668660666006, 58.14806023298391, 45.54300128155452, 30.06544444617878, 33.49054426415337, 48.14008073964136, 86.68735275135454, 87.47017156212439, 88.51664476529007, 19.805700472055698, 99.46277604988653, 89.85576448008159], [94.50162570518273, 91.97096537352171, 26.597318744978026, 92.63110587657874, 34.75396600959437, 65.6804768846595, 47.18440661322572, 47.26344482864803, 54.68870023683174, 34.11575779287851, 48.17746041663722, 65.44346055304689, 15.007579287278151, 72.12155545558568, 26.2059251214786, 67.21083463603779, 46.85988530587829, 94.23977893179404, 83.14738989048129, 56.54606380181488, 15.688985533791902, 98.44580581301993, 0.0, 41.801446040587095, 26.09560543401812, 52.54375249186526, 78.49113873720782, 11.211972275318475, 55.181069464881105, 69.45698524606814, 32.01452538557898, 20.845415746214154, 2.415016474504707, 51.65303119884972, 84.2466580786845, 57.613424052993224, 4.108290639311804, 62.14237407694318, 19.721862659650423, 64.11450959299778, 26.20025187046373, 58.061441617407425, 78.84732975253094, 96.00362624147522, 67.81376203262998, 36.34236021689335, 87.05503985653692, 40.28089878776854, 69.84407208987689, 61.06127537399198, 81.38545506811663, 64.39219022142989, 26.689148145494073, 62.12864487959, 37.12077621420204, 58.18533098038385, 29.586611309338547, 59.86167175857717, 17.27008224839287, 68.60909880464776, 84.81288157801956, 9.479005405869879, 48.564256843040106, 66.46560126182742, 87.53727912804696, 78.72599663190834, 44.312774849943885, 43.869799178304035, 44.19746024590602, 61.74386499491013, 76.79207459249093, 76.79384058909638, 91.89862507098525, 11.760119812523337, 89.11582828738266, 62.04751612732975, 90.32908016363885, 56.33158478837022, 9.015259303191103], [109.46966383679181, 73.70676417077007, 55.78396375618463, 83.42956753012292, 39.271373909699875, 35.82834300706114, 44.66191125789598, 50.32791661788594, 76.84075537003609, 15.020032701849544, 16.217324729576383, 96.95673694947318, 31.972472800705233, 68.9050358443739, 55.98598292697597, 97.99852217693152, 8.740908348006796, 77.75565194628625, 106.49761560706385, 39.937134735779495, 56.785639245916435, 83.01229980363877, 41.801446040587095, 0.0, 55.45868856127286, 13.72388377851663, 63.148884233019395, 32.00142513564515, 91.3072815996393, 89.20610382573014, 66.72650254841935, 21.430335728205506, 39.38655502564466, 12.693765770518251, 95.75343678632764, 23.9678028569571, 45.858953683795384, 74.98749938430596, 30.36398771202556, 74.50911379559462, 30.58394663729587, 39.742059919801115, 54.93603711072222, 78.52780501041279, 39.27183178168383, 49.76254846571481, 71.30908899618738, 82.0177750087553, 72.11802806124544, 51.641331187054206, 66.27690166727275, 42.895336133685944, 33.26440037062785, 90.50027461362689, 7.9592727117812565, 82.18793607151476, 50.807613408697186, 66.78707522772184, 49.37593149866121, 51.07536481209744, 93.12829622710757, 36.00134787549133, 19.959567770735298, 71.41039497478981, 93.90089491524117, 54.00506227049748, 3.7151575289689873, 40.80592991659648, 28.226854173047062, 65.90530190630442, 73.98140688319059, 76.19400093980416, 97.92471570400681, 36.815665571555684, 111.59578687661472, 89.89567115304789, 83.72959156336262, 89.4702474409454, 35.325957150974666], [68.73431562818908, 80.18816002132377, 0.5028280191298168, 75.68176406941917, 25.238541280754983, 65.3162773973312, 35.20769169601121, 31.485981066654105, 28.63986049967466, 42.06918563433058, 54.038402269544285, 42.07301770827432, 39.630833483299924, 54.25517684161251, 0.6401545685785082, 43.42288852244929, 62.992285104348625, 81.17990196097468, 57.22187228122938, 50.10288209181095, 31.126800001390485, 84.4124986520853, 26.09560543401812, 55.45868856127286, 0.0, 61.37356574072697, 66.56478916520163, 34.652778205243926, 36.18215094251443, 43.43707847474726, 12.353768727189667, 39.89923958022599, 26.889001242194375, 60.78799134