instance_id,num_cities,city_coordinates,distance_matrix,best_route,total_distance
1442,91,"[[92.15789224417202, 93.19802062469498], [92.14770224451226, 67.08431141134503], [31.401985493839813, 27.76405986647269], [9.874455671716408, 35.63328014274062], [57.26103006396015, 31.8151294043718], [87.58459884964284, 20.409386227860903], [67.05322943688942, 66.2935021144748], [58.36111089895303, 76.89740507213212], [79.33696155150213, 80.06795567017416], [49.88445138670957, 10.443444203472085], [55.73305157111679, 82.93840310632362], [63.230747204475165, 72.17584347437422], [16.14753891788868, 18.86593086101763], [77.24189237445633, 63.93385227070556], [72.00073063208411, 83.5807696505029], [65.31879995331346, 22.067653910999528], [87.83625431312949, 8.213523244437527], [43.17805295665483, 37.5262575064261], [84.72734945909028, 79.65514097701542], [20.83899335952548, 58.37275356486489], [68.7826616714756, 31.94992828420935], [12.679743212706063, 97.55521066792545], [88.8473144220546, 85.3308736229384], [34.72174587656889, 90.17173581204962], [42.912742561344565, 79.96874693605312], [64.0972742672635, 42.57366507096114], [0.49680197553416683, 28.07934989784342], [96.47949819667151, 24.80478617934785], [1.6159072961868581, 89.1126826750298], [83.96405853066446, 13.392863782333963], [27.84986091033652, 71.7662633230174], [80.41688807394513, 31.573834150231782], [65.29583369481145, 31.089534428292932], [16.10319697119743, 99.05729748554036], [40.90291947881113, 38.59652677914512], [33.20825438936383, 79.91418760395858], [63.256281969917296, 95.64845428480064], [46.948642005821284, 22.150514719109594], [30.971824705674365, 38.60391602948913], [77.03809606315643, 88.9786333658779], [83.01393229418412, 87.6639750064371], [15.314082105342885, 17.761746672717717], [67.67201429472576, 61.22818265315546], [85.0532814258347, 9.92770869716807], [45.96807470478985, 89.0388490008376], [23.008594656801662, 23.391970967119533], [84.68765710149073, 20.554314025848186], [20.369563217178175, 44.59855847748604], [37.78742985338197, 0.7857423648683914], [6.17806817664408, 78.47753406336184], [99.19780908674602, 50.56217894556823], [78.38852424747186, 71.55164811100363], [13.849913592621698, 49.24315991309237], [86.2397926204445, 45.11692141833413], [90.40438079177851, 20.40378160873404], [92.61008709805026, 8.703030643803178], [90.3028232177271, 65.06721567377916], [16.23571798725134, 7.506611900344073], [78.47766558035238, 67.77553087265595], [69.89942957068043, 18.41655312318734], [14.776483125718487, 17.579284003891182], [15.051742941410373, 87.52954558756227], [81.16227574183648, 55.40064980581773], [75.46179436694085, 92.8063383389245], [24.80494314612718, 70.43004568718447], [63.878835041354385, 30.46004709979533], [51.181710968254855, 70.96571424074943], [34.26418314520955, 64.37384475443896], [98.72408577306483, 11.62494454252304], [22.164046154189275, 80.17331754743117], [95.9821433077914, 61.25781663441332], [33.348273456700895, 49.695179013526605], [21.89075050360256, 36.88520588578855], [97.4502322884388, 82.30676423300639], [21.63775010985487, 97.88315815693589], [76.6309980519307, 53.8277373360312], [81.71112540708963, 30.7158791225118], [50.207303353919265, 6.146866593728861], [53.49584683925313, 0.8591028084204311], [95.03750169045763, 1.8642590820836857], [50.34606652212072, 85.0850262846701], [31.51859586856307, 1.3988504508453903], [87.71471689712041, 87.06712243727792], [28.68199608607186, 66.46774562309832], [93.77099236082185, 33.43993495883647], [75.83359233067021, 78.00219383204724], [6.531113574829906, 46.62143579603454], [3.6782246047014855, 73.0202364930659], [4.434164892177539, 80.35832401153388], [76.42121442092078, 44.31995816920647], [88.04016828474546, 26.294806477782494]]","[[0.0, 26.113711201502767, 89.29100416930945, 100.42043258684002, 70.60913768479777, 72.93216238278157, 36.798059880028156, 37.52242658316485, 18.35142690736011, 92.92665774999871, 37.842155986158225, 35.759077900403504, 106.31478439719388, 32.84628748525462, 22.333890851269704, 76.02542958656674, 85.0943085604555, 74.15099369076354, 15.447412574035285, 79.36740240115537, 65.55707604580435, 79.59749542881823, 8.535334056939028, 57.51581790540736, 50.99116050467054, 57.88111657938938, 112.43752374749049, 68.52963443580373, 90.63410519492176, 80.22469675578995, 67.78527211033071, 62.732699109513035, 67.66856173377661, 76.28006160457043, 74.8892206084661, 60.427808357873126, 29.005304714267094, 84.211783038468, 82.00153118922763, 15.697498698688317, 10.688202115975445, 107.68287971822717, 40.26945193172697, 83.57284453330318, 46.3766962268564, 98.25736575759902, 73.02679317556185, 86.69182144519701, 107.22022362297112, 87.23085962711502, 43.21313949295884, 25.65464749377864, 89.8007199340186, 48.44394703209347, 72.81535577284866, 84.49619998589806, 28.191904303883856, 114.4866545631498, 28.869561596359773, 78.02375947278021, 108.1946200385397, 77.31422811841536, 39.36425819301244, 16.700691582658173, 71.09711973743327, 68.81684676219363, 46.618911174612926, 64.67236401922183, 81.83692100126132, 71.19537471436664, 32.168331121436786, 73.15099787544992, 90.04778904674826, 12.109018495883436, 70.67560371401369, 42.321432507497846, 63.34945101614698, 96.63206158600771, 100.10609121513393, 91.37914503914838, 42.59165936392319, 110.01914337757924, 7.571639171878237, 68.87450177485785, 59.779853583246755, 22.302374751987866, 97.47473251868868, 90.75127854776368, 88.65839018189472, 51.34888526847922, 67.02981212709511], [26.113711201502767, 0.0, 72.36106884993451, 88.07981874122356, 49.60841758486469, 46.897447195728134, 25.106930215311834, 35.18281628788687, 18.239794279085835, 70.67085828776565, 39.716231028865394, 29.361777663084045, 90.00576119654592, 15.235109473813953, 26.039078316796573, 52.40505176654351, 59.028453161656884, 57.198820809714675, 14.597513193323469, 71.83886972215224, 42.19419389802353, 85.10953068949154, 18.54264253875844, 61.89321150361472, 50.892926166546054, 37.25048044965586, 99.60559493715155, 42.5008554033237, 93.17325279873172, 54.31154180221768, 64.46807794511987, 37.39794107188816, 44.907090917471685, 82.49265798096152, 58.63089317036288, 60.31968365788694, 40.627877419063644, 63.733830354372735, 67.48052247688759, 26.601908442899475, 22.51551259004945, 91.30235799849999, 25.166516339132425, 57.59520848628596, 51.13276562514422, 81.78775465507734, 47.124228696396315, 75.21775273982765, 85.73528720455954, 86.72129786944838, 17.963431401143463, 14.466239191384787, 80.30473457125504, 22.74795857282995, 46.71307132206161, 58.383111803083374, 2.733542360743321, 96.49938669700316, 13.687501113905721, 53.51202046048825, 91.85343372210511, 79.76085845441926, 16.03706781048718, 30.660107484513542, 67.42581954138676, 46.265166046519575, 41.14945600090609, 57.94694481003758, 55.84792022810883, 71.19715023369336, 6.975025423134585, 61.31683905194199, 76.47238222043438, 16.119550079777337, 76.94298090722812, 20.408450828378932, 37.83629214432717, 73.97546377010468, 76.67948996159232, 65.28404220534581, 45.51266290845073, 89.38941951673858, 20.468612449023894, 63.46870103886431, 33.68351433089815, 19.630342300459198, 88.02800425933357, 88.66839166488124, 88.71225420069874, 27.668360952510998, 40.99579915010512], [89.29100416930945, 72.36106884993451, 0.0, 22.920714823033745, 26.17444078639244, 56.66195608887985, 52.49313397606358, 56.04355497028286, 70.94687763314971, 25.329928393631036, 60.30098613128729, 54.639514961861416, 17.659978486291195, 58.391360194714544, 69.02002026886669, 34.39184996315131, 59.724786976408616, 15.296282804991625, 74.40617407747395, 32.38006999300003, 37.6143117165245, 72.25875093180474, 81.32591137972202, 62.49591047362122, 53.45864645031642, 35.8929841931592, 30.90679174718775, 65.14476157253576, 68.19724316204659, 54.49130938798638, 44.145345146321866, 49.162740515866346, 34.05659593869918, 72.91624414675636, 14.408680925085612, 52.18139927559468, 74.98658019625216, 16.529077948361778, 10.848387895837822, 76.35364167221478, 79.06827989969497, 18.9437827443089, 49.34939212492162, 56.53845574666189, 62.98230496228475, 9.463834903839091, 53.77121194249593, 20.127460961949232, 27.723699516590088, 56.64011361167339, 71.52641421310786, 64.22684569803464, 27.73854658842507, 57.51788325810301, 59.459703555648154, 64.10736726008025, 69.71968242727361, 25.305727971781604, 61.7821775893851, 39.61602053166415, 19.497102050392787, 61.96163099048504, 56.919834759426166, 78.56058010746968, 43.17299287506823, 32.588557864596225, 47.51442392071789, 36.72149949196887, 69.22959070690636, 53.21719472043005, 72.7490792086392, 22.017311913052712, 13.177970091982871, 85.65790975885035, 70.7956795129583, 52.20133006176294, 50.39566246941564, 28.652103322614625, 34.81401188380887, 68.70428372584234, 60.370285713438435, 26.365467291693797, 81.78005226444199, 38.799144752507054, 62.62674010067718, 67.06741228380359, 31.21155069778838, 53.072859737303745, 59.105160256646876, 47.966954685485156, 56.65723656671069], [100.42043258684002, 88.07981874122356, 22.920714823033745, 0.0, 47.540148376846254, 79.18733041759482, 64.88036205698032, 63.668545933713155, 82.45896017006017, 47.279251175976086, 65.88463763628218, 64.67033926751272, 17.90239021328447, 73.0704722214645, 78.47697618122264, 57.079782128837586, 82.64311898619435, 33.35735234422515, 86.83824007691618, 25.244895290392503, 59.02324808940804, 61.98544279226736, 93.30896643369202, 59.9318861485048, 55.2916089147557, 54.66519001519595, 12.041688045714066, 87.2793771303652, 54.113308127313566, 77.35570678160008, 40.357250488589735, 70.65913862331685, 55.607326559513396, 63.72913928553894, 31.169639023516932, 50.052621591527384, 80.32085972045545, 39.44971807002668, 21.305484217136353, 85.77109828568103, 89.75843274371267, 18.681039700925552, 63.21120800378555, 79.45207514666633, 64.45854574811302, 17.954254571345512, 76.31769340936856, 13.803024958691633, 44.64846040846829, 43.00341119642016, 90.56231823872083, 77.35830110794099, 14.178613932409561, 76.9519599434408, 81.95734540259413, 87.00817803855671, 85.64507497201178, 28.837044312219017, 75.7596508159397, 62.445281493777635, 18.707662861549018, 52.15387493362622, 73.97771416951565, 87.00837649690008, 37.864684715160806, 54.2515928910516, 54.35687849227124, 37.694546826172, 92.03617195124488, 46.20442582954712, 89.83958337194652, 27.363426708927854, 12.081335172609027, 99.23674101433578, 63.35157779266853, 69.19157624393182, 72.00477728222505, 49.96185731274529, 55.78592274642411, 91.61381550064011, 63.90169388453175, 40.50265400180674, 93.29815861429671, 36.1176942494532, 83.92520260042375, 78.3947227561043, 11.485534425433961, 37.89693634816631, 45.05470355946666, 67.11132151254581, 78.72157086017636], [70.60913768479777, 49.60841758486469, 26.17444078639244, 47.540148376846254, 0.0, 32.39768203604318, 35.84194963023038, 45.095695550988594, 53.06300023255709, 22.608910661684337, 51.14610280636512, 40.799813271364975, 43.10453453098992, 37.82654117462179, 53.82323181424376, 12.646775639808821, 38.624864416792974, 15.196947996323473, 55.163986516440026, 45.07629264645876, 11.522420129352357, 79.43078384261632, 62.14200060198775, 62.5580757624514, 50.2458379932623, 12.746777023878375, 56.88702522540836, 39.84009481425886, 79.87107923800987, 32.44120219632031, 49.60957541008204, 23.157115182557956, 8.067500074722783, 78.83829268285709, 17.708052752082793, 53.777833884786475, 64.11424499053435, 14.133298428754376, 27.15161030604804, 60.48800314685292, 61.50045144844713, 44.23849013297468, 31.201222637406904, 35.376099572674036, 58.327394294612176, 35.272920624476484, 29.648369831155936, 39.043519116167744, 36.633918234454974, 69.18705806536596, 45.936317890162314, 45.00402125807007, 46.778855059749034, 31.885833062471676, 35.0528252210886, 42.23416794868384, 46.87708753841721, 47.68626903244761, 41.75279746790158, 18.418767289213086, 44.80620518202858, 69.89792622122349, 33.578956469211846, 63.64900147300755, 50.44312973583776, 6.755115896193063, 39.619773014213614, 39.861321019895314, 46.11755146895751, 59.75209318544617, 48.6435652699065, 29.858266905228408, 35.73181148088164, 64.53353518216885, 75.0599926587939, 29.32150350524267, 24.474793430594893, 26.619819237105638, 31.18416565061287, 48.20909086064669, 53.716837531844554, 39.847496077960564, 63.08890374574997, 44.91731285274801, 36.54609883432269, 49.78137191356888, 52.84648650532902, 67.594214923139, 71.74342775855156, 22.879759767763193, 31.270262468166695], [72.93216238278157, 46.897447195728134, 56.66195608887985, 79.18733041759482, 32.39768203604318, 0.0, 50.26817303880419, 63.599595289237904, 60.225978023648516, 38.99514225080341, 70.17406227248965, 57.20905685125325, 71.45373178611788, 44.73645852709624, 65.06520292869826, 22.327464079037835, 12.198459098703378, 47.59126601082409, 59.314613122541544, 76.78667274863969, 22.06120922810205, 107.52774352011485, 64.93376607132853, 87.52866184261809, 74.45060236298244, 32.29411204341655, 87.42489752401696, 9.921631676659969, 110.04889308903032, 7.895562008491318, 78.77669542221616, 13.267289669536298, 24.715473244718936, 106.27833626710404, 50.09941387195366, 80.60774295110707, 79.07454940925776, 40.67324079829349, 59.46467111637231, 69.37557476590602, 67.40972262616555, 72.31899878802318, 45.416793868197715, 10.783001982634786, 80.26168601771661, 64.64484611506705, 2.9005646965403273, 71.43512489801869, 53.524250938277774, 99.9946650039865, 32.31187955981796, 51.962474331123296, 79.17190356990993, 24.744106348433025, 2.8197875120210614, 12.7394777442123, 44.74047914960199, 72.5061679146165, 48.23368005950775, 17.797095162094262, 72.86309898615677, 98.82373691920439, 35.57576086161913, 73.40491171234699, 80.27048986394429, 25.748379011056066, 62.29857581238661, 69.10817856396433, 14.186422545525382, 88.60912030795097, 41.70267401025427, 61.637948142471686, 67.7283865444401, 62.67867362237779, 101.74071061097816, 35.167706226374605, 11.862608737873277, 40.00602060801149, 39.29703036370939, 19.98668310670053, 74.63006570187282, 59.2013273567716, 66.65786320660528, 74.77224807710341, 14.424516106458704, 58.779398108025575, 85.18649551283765, 99.03626206879973, 102.50790120134884, 26.388190587186845, 5.9030259213717535], [36.798059880028156, 25.106930215311834, 52.49313397606358, 64.88036205698032, 35.84194963023038, 50.26817303880419, 0.0, 13.711151760991891, 18.45604631067245, 58.42940961877584, 20.12955925849293, 7.015219903289275, 69.57559803708509, 10.458336380158638, 17.9813065970931, 44.25984517539951, 61.68644963482978, 37.38420006234792, 22.15644176423906, 46.888099490174206, 34.387090590640554, 62.719776991411145, 28.937927608795057, 40.19321925060587, 27.744827040701807, 23.903312329793987, 76.74685313453912, 50.86471117649824, 69.30193453577824, 55.53785804824342, 39.58352206505186, 37.20272457381363, 35.247805330885654, 60.57534230503468, 38.091484004032054, 36.4829468268541, 29.599493694809432, 48.50564680489102, 45.48165503733984, 24.785333191985252, 26.67285412783848, 70.93849908797056, 5.102975205260952, 59.170132154383694, 31.015069805782396, 61.48553673587644, 49.0208768390042, 51.47849328725083, 71.74784744279216, 62.082492644805875, 35.78754712900217, 12.495479493145883, 55.86865835161206, 28.575720057011846, 51.48924856408319, 63.00647091947841, 23.281911206097313, 77.70661446094765, 11.520162778196264, 47.96147516409325, 71.45581327651402, 56.170491720567576, 17.82468566492425, 27.814284978179522, 42.45030844687862, 35.97378598462305, 16.54492866872251, 32.845192054513326, 63.17985698040528, 46.986041036043666, 29.36392661079521, 37.570312580412704, 53.893389116604475, 34.3569839484478, 55.32153406572617, 15.720335338495643, 38.47884057545739, 62.461211884323475, 66.82412165859616, 70.24419443120368, 25.14459530992012, 73.98666094222003, 29.299152980679505, 38.37162896806951, 42.34614186097119, 14.635171139540251, 63.638955849838304, 63.730998681018356, 64.17917465541906, 23.88714667296359, 45.17020317466369], [37.52242658316485, 35.18281628788687, 56.04355497028286, 63.668545933713155, 45.095695550988594, 63.599595289237904, 13.711151760991891, 0.0, 21.214115623631102, 66.99240756697662, 6.587894434470901, 6.782809275623293, 71.76097587488444, 22.90278608294377, 15.189028558530008, 55.269440465494924, 74.74128512547122, 42.1973045243388, 26.510066826229444, 41.84581243216954, 46.13983517639743, 50.13514022838351, 31.6311870951662, 27.111389401029182, 15.75072141647796, 34.7997514050881, 75.70654369461565, 64.54961187557777, 58.04507850658177, 68.47143705122477, 30.939699279685296, 50.40519207289495, 46.32981106348376, 47.715742908388506, 42.09211001692026, 25.333123917833685, 19.379487774188515, 55.92375568184392, 47.080402517781685, 22.243782320223275, 26.901312809887987, 73.14419171943956, 18.226833330580845, 72.09308011169313, 17.349409407346922, 64.1298049538389, 62.19028013768866, 49.86555110094596, 78.84327207713521, 52.20696079439259, 48.591975201859704, 20.72858902385505, 52.402327820044704, 42.27552525750028, 64.94844599718039, 76.31163131762715, 34.062095752555, 81.17654159284635, 22.088104517155816, 59.60824475225496, 73.60882600067669, 44.59533344220753, 31.33693675476529, 23.356530837424582, 34.17371989804241, 46.76401923661598, 9.31282661086409, 27.15697866479317, 76.74414534202303, 36.34500101365302, 40.74234659427577, 36.95406796898018, 54.13929507385907, 39.46163424813129, 42.29665542548989, 29.427849837129358, 51.7489759953339, 71.21884071273183, 76.19379374672316, 83.51724755195829, 11.457664573663921, 80.12834930946804, 31.06537198204129, 31.45834789525671, 56.05721553726679, 17.507374605740765, 60.02485267142115, 54.82016499118314, 54.037889166054484, 37.24858904625961, 58.66403865921639], [18.35142690736011, 18.239794279085835, 70.94687763314971, 82.45896017006017, 53.06300023255709, 60.225978023648516, 18.45604631067245, 21.214115623631102, 0.0, 75.59777081359037, 23.777805509462635, 17.935873982147378, 87.96926152645611, 16.269560761168435, 8.133888747912524, 59.67029293332024, 72.35535527293473, 55.8324525112946, 5.406172191593631, 62.39145836554654, 49.26193059020309, 68.91290767354334, 10.869457994764673, 45.744987079199895, 36.42435409744256, 40.473076187258336, 94.4382649783175, 57.86090618718973, 78.24557087241439, 66.83545395002945, 52.152081725088955, 48.50614459308031, 50.95133971580234, 66.02351161198723, 56.542506172870155, 46.12896345105206, 22.390627344627415, 66.35836954984038, 63.70598908611298, 9.202443128333856, 8.439171973565879, 89.33640227931815, 22.158701266910036, 70.37279700523477, 34.553719576028705, 79.90652138020319, 59.753690134065515, 68.81302350232478, 89.50995995374534, 73.17617864251498, 35.5674587922795, 8.56895721555787, 72.37901273044909, 35.626168360345055, 60.68196960443739, 72.58876211779604, 18.58150485085174, 96.16088367438374, 12.322422528410343, 62.36956345766455, 89.84925965851134, 64.71680350451926, 24.73474783577041, 13.314778020073026, 55.37716442907098, 51.96054530055278, 29.590014100114615, 47.726936531671015, 71.13583033747535, 57.17301248100779, 25.11739250488711, 55.113201635502065, 71.86666155249368, 18.251105187647603, 60.38692276173906, 26.379372560478103, 49.40915009974876, 79.453536088432, 83.31749864972282, 79.7641844482664, 29.421811503635364, 92.06206717534158, 10.91673577882901, 52.448939356563876, 48.810998359604646, 4.067058872125398, 80.1209160662403, 75.98628048525968, 74.90335947847593, 35.86671028486841, 54.47290502175173], [92.92665774999871, 70.67085828776565, 25.329928393631036, 47.279251175976086, 22.608910661684337, 38.99514225080341, 58.42940961877584, 66.99240756697662, 75.59777081359037, 0.0, 72.73049697646222, 63.15863149085314, 34.77236754127356, 60.08039058292815, 76.40810285044569, 19.322043551343185, 38.017257829166965, 27.90079848866881, 77.48733132812886, 56.043352218340836, 28.629900619496425, 94.72407385068605, 84.41701120607507, 81.15730479266561, 69.8739754415241, 35.13339475808773, 52.44201639927601, 48.758040676083326, 92.29681159343237, 34.20699780656693, 65.16142510895493, 37.131160355719715, 25.763768090438916, 94.8345303324769, 29.551040149633696, 71.44424213966106, 86.24789618364792, 12.06956821013166, 33.92196370259399, 83.0969094250177, 84.02721513111325, 35.33649647717538, 53.80973010162179, 35.17261135362759, 78.69292002192086, 29.832465877218908, 36.24214144597987, 45.14089559070462, 15.479313123687394, 80.86337438153721, 63.57137818986164, 67.42918325514627, 52.95192020296245, 50.23903719609746, 41.72616685268886, 42.76106858226148, 67.9514620233496, 33.77665234099602, 64.06668447614834, 21.544600658876742, 35.825823717983134, 84.5906886378959, 54.76725875887663, 86.24295220072264, 65.01825967491875, 24.423496174431826, 60.53617144226278, 56.14695791869888, 48.85392338435095, 75.03783114416164, 68.60829137940526, 42.5927677679175, 38.50732462788457, 86.17911741517533, 91.88895314066559, 50.966407065111696, 37.73471606818098, 4.308690351983763, 10.242156857398397, 45.96085692281917, 74.643009479237, 20.472159755714248, 85.45359591419187, 59.90214069908249, 49.54661507846924, 72.37086822130877, 56.46555565211836, 77.78734040115609, 83.3895614631158, 43.03275485957732, 41.31736218533914], [37.842155986158225, 39.716231028865394, 60.30098613128729, 65.88463763628218, 51.14610280636512, 70.17406227248965, 20.12955925849293, 6.587894434470901, 23.777805509462635, 72.73049697646222, 0.0, 13.116711845647448, 75.3146367689866, 28.70197179928576, 16.28035677765434, 61.620894829974965, 81.32910485593753, 47.11571880164234, 29.1796010977925, 42.67395500615913, 52.63189991304482, 45.466893712868696, 33.20057709338605, 22.221522653082673, 13.15975611003762, 41.22223062831722, 77.84959208831067, 70.99148068339991, 54.46822039195079, 75.05712353810677, 30.038126252533754, 56.98781210525172, 52.72335331840081, 42.782521333122645, 46.75612060564934, 22.72690844536166, 14.769712136427746, 61.41932290401161, 50.78055829003765, 22.14473532007605, 27.687135691677618, 76.6921745456436, 24.776450573899517, 78.67806159813921, 11.513913900659185, 67.9460643514082, 68.77604053607809, 52.15860422521445, 84.08986268116195, 49.755358825406134, 54.19783239945975, 25.356037377960224, 53.75468966310432, 48.59141618151976, 71.50300662052123, 82.8903267812587, 38.915915149819064, 85.146899443125, 27.335510984864467, 66.05872683357487, 77.13141350104083, 40.93955863353268, 37.48297345147844, 22.05899902666904, 33.36175798834418, 53.10679464524215, 12.808590084591813, 28.38230325906351, 83.26967271512461, 33.682693224112946, 45.716924824327684, 40.07730329395371, 57.15066330129313, 41.72196225811999, 37.2268086902051, 35.835108883672135, 58.32711489064976, 76.99009009817455, 82.10978396272665, 90.09914887748359, 5.798930848692846, 85.05902957491605, 32.247065608180506, 31.670840860083032, 62.4258222890889, 20.69777526271654, 61.15351843685745, 52.9912732388247, 51.36372827817332, 43.81077916975637, 65.20925416967212], [35.759077900403504, 29.361777663084045, 54.639514961861416, 64.67033926751272, 40.799813271364975, 57.20905685125325, 7.015219903289275, 6.782809275623293, 17.935873982147378, 63.15863149085314, 13.116711845647448, 0.0, 71.12506791140379, 16.255540839222732, 14.386971550798341, 50.15167619931585, 68.5318129723051, 40.03379015715092, 22.76057555568704, 44.58235172241147, 40.60724082149913, 56.56426684507596, 28.796932722468856, 33.713725658013026, 21.76121910742419, 29.614858354853567, 76.68147514056307, 57.87483487483786, 63.90027401375413, 62.33224606913749, 35.38325692837155, 44.0895293595091, 41.138174160293865, 54.2551247417657, 40.324960020630186, 31.003742430572544, 23.472624699466255, 52.608368790263185, 46.55869836183423, 21.748025902213403, 25.124821007286062, 72.5044876194739, 11.814234246170642, 65.9625142265183, 24.132153182360796, 63.22727079648779, 55.90332087571976, 50.96653549725072, 75.78858050032277, 57.39964711156378, 41.96164957204218, 15.170623742511417, 54.44607151598216, 35.519029178582464, 58.47010135237235, 69.94243047826488, 27.989817592736888, 79.94149287762431, 15.869192511073237, 54.17132658117716, 72.99726031453427, 50.566319031158784, 24.554975835943743, 23.98365762444702, 38.465441989457354, 41.72083034899521, 12.109652636794475, 29.998883602984456, 70.186811041675, 41.8381826410131, 34.52328571840208, 37.39441819159158, 54.35461736262204, 35.68765493597603, 48.89625175308782, 22.720469221357064, 45.39221323717726, 67.3010837775543, 71.9780923916139, 77.17116385467928, 18.23902401763528, 77.55671011462799, 28.656848414670257, 35.017118455422825, 49.32724584581899, 13.88445403194576, 62.19225197343143, 59.55850860764203, 59.36321318247342, 30.821076741781535, 52.159150014362574], [106.31478439719388, 90.00576119654592, 17.659978486291195, 17.90239021328447, 43.10453453098992, 71.45373178611788, 69.57559803708509, 71.76097587488444, 87.96926152645611, 34.77236754127356, 75.3146367689866, 71.12506791140379, 0.0, 75.91862462180032, 85.48443942737028, 49.27538880924907, 72.4758284054043, 32.84595073541448, 91.64343119064254, 39.78440379006797, 54.236953600430496, 78.76565472071385, 98.50302520583581, 73.68526978886962, 66.70779758300584, 53.490501787180975, 18.161295581178237, 80.55118673278552, 71.73405368448284, 68.03701048427813, 54.17923508693192, 65.51366305551166, 50.645546335775656, 80.19137888399759, 31.656362425277578, 63.387362019180664, 90.08212683582599, 30.975739580424705, 24.68496521425026, 92.86253820565189, 95.93896727288956, 1.3834279815265191, 66.70331280947578, 69.4830422910633, 76.24632971412937, 8.219435801471636, 68.56091042520818, 26.07668715982963, 28.19890238566622, 60.43950349907142, 88.893191627692, 81.54584635003098, 30.4639972265217, 74.84676702666435, 74.27276452378845, 77.13498437822223, 87.3702747388365, 11.35966120967485, 79.22874265730347, 53.75376906879124, 1.8802271459046667, 68.67235802080357, 74.57681739429975, 94.79116392087568, 52.28583542200737, 49.11924430388013, 62.78360167646992, 48.981455929671675, 82.89341332934558, 61.60189949702763, 90.39157061096407, 35.3030849972586, 18.912396773984284, 103.12549291149176, 79.2077308630111, 69.86112467471185, 66.62585944756752, 36.357147155316184, 41.46253683875187, 80.70119620882897, 74.52857095788308, 23.26732236069072, 98.85981739985557, 49.22443890126593, 78.9797576588486, 84.0209650633232, 29.374201105330016, 55.57132909990861, 62.59806344004471, 65.42800214625872, 72.27543393304256], [32.84628748525462, 15.235109473813953, 58.391360194714544, 73.0704722214645, 37.82654117462179, 44.73645852709624, 10.458336380158638, 22.90278608294377, 16.269560761168435, 60.08039058292815, 28.70197179928576, 16.255540839222732, 75.91862462180032, 0.0, 20.33398974471781, 43.53089360416768, 56.71856461233107, 43.10111619339071, 17.412380260982204, 56.676386935871186, 33.083681440556454, 72.79194216984735, 24.341699686973136, 49.963880863389136, 37.88942298082491, 25.080641586531765, 84.70746272167708, 43.6024000595468, 79.70735925614622, 50.9860670694787, 50.00919350524439, 32.51540204963124, 34.94935668236173, 70.5095488524212, 44.30012431332123, 46.84370172782459, 34.66140907839717, 51.609382042874884, 52.74964295668504, 25.04561025492494, 24.422022231744325, 77.24582202345348, 9.945009529419336, 54.56813486456669, 40.10377204771995, 67.7118506685929, 44.01390406118722, 60.069255113110096, 74.46031424528472, 72.53678921556708, 25.707273799280838, 7.703608123254825, 65.07195567848416, 20.857590837382965, 45.47656707769809, 57.32909441675324, 13.110012475056163, 83.1010635863141, 4.035545799157051, 46.105707691233796, 77.78607427949464, 66.51594868606884, 9.390684216498746, 28.927308908293867, 52.837810072699575, 36.04257113342256, 26.99222365219061, 42.979961423661436, 56.54826664833089, 57.42202867138501, 18.93035054538273, 46.14530959720436, 61.60664069451982, 27.311918571449976, 65.14887571661441, 10.124561765634214, 33.517275903242826, 63.798156063795865, 67.39657779360894, 64.570257158608, 34.216335432775, 77.46771131236385, 25.393468492550223, 48.625961615786636, 34.68558979435665, 14.138654225204805, 72.79927199252859, 74.12270633196839, 74.63731274033815, 19.631055858721403, 39.15738156256736], [22.333890851269704, 26.039078316796573, 69.02002026886669, 78.47697618122264, 53.82323181424376, 65.06520292869826, 17.9813065970931, 15.189028558530008, 8.133888747912524, 76.40810285044569, 16.28035677765434, 14.386971550798341, 85.48443942737028, 20.33398974471781, 0.0, 61.874967519809125, 77.01289269392187, 54.330146670247515, 13.31831022502535, 57.03479144978177, 51.73103273690369, 60.94476638858689, 16.937244442554128, 37.85714647651868, 29.31139297428881, 41.7617917300982, 90.5164040817016, 63.669665418333935, 70.60187970398803, 71.20016393638356, 45.70428707406914, 52.68351778512472, 52.917723100043, 58.00049295651416, 54.68689025016812, 38.965369713966, 14.902831772456423, 66.34216883305895, 60.87929437143865, 7.38322308859243, 11.745772721656586, 86.86495212077484, 22.767870576830394, 74.80068495688455, 26.59868050906735, 77.60747950017071, 64.29068526502654, 64.69459201945496, 89.58552613789185, 66.02019316982236, 42.77742872834964, 13.619973285026438, 67.53213283197668, 41.01485715122853, 65.802934260033, 77.6622261636679, 26.033022756923778, 94.32398482185965, 17.08087407449794, 65.19808725545192, 87.35451110406196, 57.085725276934234, 29.631960165653005, 9.853429849627263, 48.99371283316877, 53.73803450346846, 24.342785435402817, 42.343275501455715, 76.75792126524249, 49.95303644008011, 32.763125389393444, 51.402779093270524, 68.49442155227914, 25.481370142922266, 52.35444703242876, 30.11116584068591, 53.7493108534699, 80.44229493950641, 84.76617774394848, 84.90159551077049, 21.70684836029341, 91.61152262871148, 16.096087104995526, 46.57647854905308, 54.66303686509526, 6.768407269272926, 75.1815344123114, 69.13385343253378, 67.64336598500424, 39.508885014604815, 59.48903375278413], [76.02542958656674, 52.40505176654351, 34.39184996315131, 57.079782128837586, 12.646775639808821, 22.327464079037835, 44.25984517539951, 55.269440465494924, 59.67029293332024, 19.322043551343185, 61.620894829974965, 50.15167619931585, 49.27538880924907, 43.53089360416768, 61.874967519809125, 0.0, 26.438091598535845, 27.00335354526514, 60.77014448309908, 57.41527197094758, 10.471756528393348, 92.02848211108883, 67.49685890044671, 74.66154090132463, 62.08516716050714, 20.542361565656226, 65.10016828295805, 31.28068106784204, 92.48294121001473, 20.56447546602331, 62.24044641946773, 17.841516965749552, 9.021909748902827, 91.37604059395495, 29.48455286478843, 66.161231825784, 73.60970156223297, 18.370344823364928, 38.12037084700681, 67.92953019800251, 67.94111457590813, 50.189766329400605, 39.231169101899695, 23.16954960253033, 69.71077061261768, 42.33092590409647, 19.427887811969875, 50.27997159650407, 34.7979323902549, 81.72943615297876, 44.26878377377076, 51.180888768282976, 58.20270087959481, 31.12806879333862, 25.14070080648929, 30.387950063973747, 49.7309132257579, 51.19739133709105, 47.56433286541911, 5.857704725766076, 50.74121849861339, 82.53506092874682, 36.90669777134608, 71.46217048388911, 63.08956753462807, 8.515031555021945, 50.900663934602335, 52.48050122454709, 34.999475705412344, 72.3781798755202, 49.76052129914093, 42.253931269899255, 45.886330486672264, 68.27283029356299, 87.498713130493, 33.71451801505297, 18.533756583368483, 21.950599041376268, 24.2813685818567, 35.93575372180747, 64.77169109482487, 39.61884946140229, 68.74960366760345, 57.56408204470487, 30.64075764443284, 56.91426547815758, 63.709342129650146, 79.97328429600852, 84.28962573945284, 24.868225747132648, 23.11123963952304], [85.0943085604555, 59.028453161656884, 59.724786976408616, 82.64311898619435, 38.624864416792974, 12.198459098703378, 61.68644963482978, 74.74128512547122, 72.35535527293473, 38.017257829166965, 81.32910485593753, 68.5318129723051, 72.4758284054043, 56.71856461233107, 77.01289269392187, 26.438091598535845, 0.0, 53.41901663555212, 71.50923040866303, 83.69337704754774, 30.43774493562545, 116.74946797508026, 77.12397793127847, 97.66421869720432, 84.65774645681606, 41.763123924783706, 89.5702573584237, 18.707636692156385, 118.23122360991783, 6.466797397880755, 87.39175112658046, 24.510224825703226, 32.11514361379339, 115.75069258535505, 55.90943410964106, 90.13991150022078, 90.82423798979065, 43.197645439975354, 64.47588175597862, 81.48376055705732, 79.5966649731019, 73.14802821930482, 56.71993201461158, 3.2685424668758576, 91.02569827990541, 66.58085859905131, 12.736121132891665, 76.65262680656612, 50.597003454725595, 107.72692597239936, 43.846249173296435, 64.0388762003695, 84.60147574583374, 36.93791394647735, 12.457835791125172, 4.798864131481337, 56.90717270266821, 71.60402590498529, 60.29275193398633, 20.635685124269422, 73.65763803272661, 107.65043658041975, 47.65676135754287, 85.493108637889, 88.56546647706602, 32.69351253399709, 72.67319328788919, 77.61410001621748, 11.409762012110033, 97.4220248229338, 53.66612123821866, 68.48114940007746, 71.90879541598983, 74.71436898415106, 111.4579982957334, 46.9703554922983, 23.321089686785843, 37.68566066825108, 35.11909858498035, 9.600579107159437, 85.52626590860605, 56.728462150516364, 78.8536928558746, 83.02277212509757, 25.915110720949883, 70.81329279910005, 89.92048519133905, 106.21903806048422, 110.27593027267778, 37.867899053384136, 18.082433029663406], [74.15099369076354, 57.198820809714675, 15.296282804991625, 33.35735234422515, 15.196947996323473, 47.59126601082409, 37.38420006234792, 42.1973045243388, 55.8324525112946, 27.90079848866881, 47.11571880164234, 40.03379015715092, 32.84595073541448, 43.10111619339071, 54.330146670247515, 27.00335354526514, 53.41901663555212, 0.0, 59.170827798213104, 30.555032017633376, 26.204797939187088, 67.33217741097731, 66.11325710356552, 53.32031053417251, 42.44331865664915, 21.51952934812352, 43.71422249884482, 54.7985391903851, 66.24629207418259, 47.39112726371039, 37.51441682512234, 37.711565662328326, 23.035356059018145, 67.22437584347374, 2.5143008288849784, 43.5446150680616, 61.492479529232725, 15.83132363510422, 12.253707847315605, 61.594232690702825, 64.03661451626797, 34.16191973672642, 34.084239725892004, 50.1519157732086, 51.58809265542953, 24.628948497342282, 44.84522384567735, 23.879795753336484, 37.13386958436422, 55.19063258709455, 57.51650480203378, 48.964318583183854, 31.58204490788226, 43.72564009246222, 50.23450230327382, 57.2215379567022, 54.582491230565246, 40.336937612048615, 46.487430457791596, 32.85137394026874, 34.70635274373243, 57.37088228360041, 41.979698434682255, 64.01661734498141, 37.685944870122626, 21.87358471830795, 34.38394695571367, 28.28869060340295, 61.28816994245912, 47.543245703623974, 57.89178574250537, 15.643120394080201, 21.296952667178637, 70.36166024271046, 64.08541255907906, 37.21340860741682, 39.13028144803643, 32.15706042534529, 38.09116832352694, 62.93791031319456, 48.0959136120438, 37.962250725538865, 66.61690275780518, 32.36889555117158, 50.75769448582801, 52.00659259405106, 37.758713354336045, 53.10422755428992, 57.75530091213032, 33.93025424064369, 46.246674301183255], [15.447412574035285, 14.597513193323469, 74.40617407747395, 86.83824007691618, 55.163986516440026, 59.314613122541544, 22.15644176423906, 26.510066826229444, 5.406172191593631, 77.48733132812886, 29.1796010977925, 22.76057555568704, 91.64343119064254, 17.412380260982204, 13.31831022502535, 60.77014448309908, 71.50923040866303, 59.170827798213104, 0.0, 67.33989945838694, 50.29930801422992, 74.23792872092714, 7.013419448746054, 51.099502508111996, 41.81578289008287, 42.43389986545793, 98.76663077589515, 56.09522636891883, 83.64781475548133, 66.26667331371192, 57.42197396688279, 48.2741353472451, 52.30871767060184, 71.31422005366719, 60.05323024572405, 51.51974633049393, 26.772986566418034, 68.8041625041764, 67.63770776133322, 12.085202857712266, 8.190068430228024, 92.99996743671518, 25.108509526415162, 69.72819403933852, 39.879008961553886, 83.5149626947619, 59.10084027994075, 73.28634679465172, 91.78092443439486, 78.55810809860392, 32.49299373093902, 10.288211783053129, 77.12651623947356, 34.57131895950749, 59.52270383426436, 71.3886511528338, 15.61708911052404, 99.48122350273688, 13.423251648380733, 63.008188757875914, 93.52291547923977, 70.11915852017307, 24.51509927744859, 16.087402003354693, 60.628352785163976, 53.43049517845627, 34.652792077446705, 52.726171572232666, 69.45513843020223, 62.56544915030311, 21.566917432578553, 59.47611933972324, 76.01121967183897, 12.996263054472372, 65.67007047627192, 27.066689582262175, 49.0321216999177, 81.21022094485198, 84.75979227770425, 78.4711446649352, 34.80741689419423, 94.63201607053382, 7.991359920381367, 57.57594142458307, 47.09174815439287, 9.046057158971589, 84.88743714149258, 81.32024715391263, 80.29626363833094, 36.29830606699966, 53.46307198844491], [79.36740240115537, 71.83886972215224, 32.38006999300003, 25.244895290392503, 45.07629264645876, 76.78667274863969, 46.888099490174206, 41.84581243216954, 62.39145836554654, 56.043352218340836, 42.67395500615913, 44.58235172241147, 39.78440379006797, 56.676386935871186, 57.03479144978177, 57.41527197094758, 83.69337704754774, 30.555032017633376, 67.33989945838694, 0.0, 54.742680122719044, 40.022972248342, 73.15648960146699, 34.69734989024731, 30.88101898437315, 46.05312219959656, 36.489656836369946, 82.75442227708105, 36.255624108495056, 77.51105945417837, 15.117485487234367, 65.3276941303952, 52.16114165785979, 40.95924659298646, 28.171976806755552, 24.840128801697105, 56.4686128501444, 44.651588319251985, 22.214436940637928, 63.99264819561163, 68.72916909920961, 40.98510125839167, 46.91998854640912, 80.43877898188225, 39.646943621735836, 35.048000241666664, 74.2083973065098, 13.782191950619316, 60.02927084793558, 24.882622974895344, 78.7471210778915, 59.039239213263414, 11.497683081152868, 66.730664839068, 79.2526716269232, 87.28213603870583, 69.78566816687271, 51.074010142029046, 58.40058866552488, 63.27261931486886, 41.24149838642023, 29.72559147362426, 60.39645517851669, 64.57028844823327, 12.692795241112025, 51.29860772186739, 32.85214103323359, 14.705400920995642, 90.83746621661632, 21.84079565552987, 75.1985144338826, 15.224401093101255, 21.513272609035937, 80.26281079607014, 39.51847774618023, 55.97682520577358, 66.860445436268, 59.91695003793739, 66.13841623845148, 93.26643869713222, 39.802171806071065, 57.96619312838064, 72.77176103175553, 11.271272696172172, 77.07607879210131, 58.39281497924136, 18.51509906096449, 22.561931220276414, 27.43143643538476, 57.33118136363538, 74.46470708094992], [65.55707604580435, 42.19419389802353, 37.6143117165245, 59.02324808940804, 11.522420129352357, 22.06120922810205, 34.387090590640554, 46.13983517639743, 49.26193059020309, 28.629900619496425, 52.63189991304482, 40.60724082149913, 54.236953600430496, 33.083681440556454, 51.73103273690369, 10.471756528393348, 30.43774493562545, 26.204797939187088, 50.29930801422992, 54.742680122719044, 0.0, 86.32259574548527, 57.027323409552515, 67.45313081389627, 54.544107468024286, 11.611056732344933, 68.39546776986616, 28.60363279728803, 88.19837517129004, 23.97580975739825, 57.103718916316836, 11.640303723766472, 3.5914129428605808, 85.3142719726987, 28.661076328050168, 59.7169040185919, 63.93780640007757, 23.93225691363103, 38.3918603999433, 57.623132510193116, 57.50290484578447, 55.31901570220256, 29.299312559993503, 27.38085504017004, 61.478860163880185, 46.56719708662946, 19.566014002708027, 50.03814492676328, 43.953508158878655, 78.00098221300372, 35.658057532258894, 40.75007741181404, 57.59047379267709, 21.86598109309384, 24.511471615732543, 33.28910410873952, 39.49521587509203, 57.95392140653445, 37.114241223800434, 13.579374572846197, 55.88544298963404, 77.30527463998844, 26.517752250428458, 61.221838083409985, 58.43594067046001, 5.125159662094134, 42.802161387758886, 47.35858653968377, 36.18831083832239, 67.07302427042325, 39.984548526053196, 39.62940564280139, 47.15090983194646, 57.94515106419716, 81.05450936007718, 23.242954047382902, 12.987226489769613, 31.793740409526386, 34.64572320619995, 39.93074148775694, 56.242747