instance_id,num_cities,city_coordinates,distance_matrix,best_route,total_distance
2720,96,"[[18.826852688153085, 52.064140893325195], [65.17169925383676, 83.55363126897541], [98.15086401072328, 35.41034414914294], [65.01145948211614, 5.43140744663847], [57.779849094936054, 52.164258596639314], [19.264416116819728, 89.12138600370062], [27.43042023631954, 86.64748200102511], [8.326850383480233, 14.508173537176205], [18.877606688004477, 6.162594932799037], [67.68971666053801, 4.144784521426493], [77.13654169817912, 23.01111146093302], [86.31891442459268, 43.948158030084194], [24.6794854230836, 33.878159307779946], [74.3123521008588, 51.71883550931287], [32.69685654640872, 32.67870196323865], [30.617391113991545, 42.4548673189085], [44.17002070400443, 70.00459670703438], [4.52740785822111, 86.62926997791322], [60.92328437523589, 38.46327712354727], [26.71021346351661, 58.52865214547652], [89.48663394056562, 51.5462870942587], [51.528343778811035, 54.478543130693836], [44.78258599773147, 58.52194289958561], [49.71457500864337, 83.17509002538594], [69.17349172026175, 70.0919160803002], [81.2813389832924, 90.53045445575701], [18.200394736551896, 39.432635958096085], [99.33517699912741, 64.88000336986403], [60.4369026862762, 11.745797564980343], [55.50077034637102, 39.765582724847015], [6.007714850819745, 24.695987968623157], [29.67879936091462, 45.60006579347914], [21.591140153912324, 50.25414154725667], [36.092327827361736, 52.82454495246984], [0.9353775274193343, 69.93031915874286], [21.337597468990175, 55.67822900545203], [18.87904265763507, 37.72062341532886], [81.71714534625235, 66.64621821870365], [78.97233870504209, 10.324940615106225], [69.17460020428969, 6.208138932282347], [32.8368188568637, 51.10145161519747], [63.51366608489957, 79.64495740619401], [0.4993785700357134, 48.76340140281034], [8.357977676648698, 95.43162819015151], [73.70611206047893, 50.79854793354208], [3.151345759857771, 48.62797875803292], [86.44719851927385, 46.42028426068304], [78.80582219243935, 58.833488939002976], [0.20926864860310035, 2.7353448279567427], [77.77146664519135, 29.652815671838606], [92.44624263852388, 72.45589078072744], [73.53842289850267, 85.63013866077105], [70.32686324621007, 87.57345628917193], [10.12030068280787, 68.76147499292952], [4.988656084234511, 9.270480453068897], [2.5118908877218127, 9.92124314671743], [84.09485714551445, 37.02552836136185], [85.8278540336253, 48.6318783511148], [57.32181745525848, 25.23174260655374], [52.83773785688249, 49.06811730996261], [39.676294251131615, 98.44689517318396], [63.94237164762119, 65.6957222796542], [74.99095244233783, 75.94641228682815], [18.505666008239007, 70.69938975786455], [9.837218121459346, 51.64194468587212], [13.804466859600895, 22.27323939971232], [35.11684809699591, 56.32047167985614], [13.902682758768902, 46.18610296785926], [81.93583828143885, 1.2545399987579087], [7.703613419424283, 14.316920388352216], [1.7206108254554375, 11.250344090870756], [78.7313590050912, 92.84190647837532], [26.52770821015037, 77.86296615815073], [16.430524227532295, 24.89328917565531], [41.793072152558196, 51.625160085500944], [17.318291451923116, 25.473388340183824], [27.41318890528546, 53.1374876546973], [93.32392038103437, 35.75844056192585], [93.89881184020912, 21.834861553408302], [66.16697428613297, 12.662637244683605], [70.53063019486036, 32.748954345194036], [13.64251820125727, 70.58297231697212], [53.777442112178875, 38.94290138007963], [6.163503273955495, 37.674284737972286], [42.88354416860871, 20.22784044111453], [69.1850470948322, 57.91168946119256], [69.23676340892713, 92.29040378429177], [73.29642677517803, 98.50008458994331], [90.21604286253003, 12.4341621062234], [86.12410378152808, 44.42287077070277], [52.24586317215727, 89.97788134814037], [34.84753498234885, 47.980756826610005], [6.230368959695132, 18.803325032294826], [5.63003053526443, 57.4212250947587], [15.613563453562795, 36.38064261597185], [89.16879272474624, 61.53994331533443]]","[[0.0, 56.030641682162894, 81.05336339905816, 65.63253563151979, 38.95312506874595, 37.059828344510045, 35.63746422975952, 38.99616304784695, 45.90157402023155, 68.43861622418167, 65.14674475094974, 67.97828752823798, 19.10453443975464, 55.48657387950345, 23.836364016773636, 15.21035617594658, 31.0505413782646, 37.40617958410751, 44.23904447509334, 10.194963601883593, 70.66167885916664, 32.79049950391412, 26.74702410344033, 43.839965169299404, 53.47695522392388, 73.34998389552018, 12.647029947534785, 81.52200079965272, 57.939322308675614, 38.68114229731576, 30.221616260591162, 12.63127125371433, 3.3041463082197366, 17.282211840959352, 25.28448554427864, 4.400621801145516, 14.343612426250958, 64.55870111568765, 73.20956445761077, 68.10043021743552, 14.043002623892017, 52.51297678738255, 18.62233037872829, 44.61318525331825, 54.893850610017026, 16.047701632291485, 67.85546616161582, 60.35976189283407, 52.72517953244366, 63.06135910942225, 76.39134794029444, 64.18747635642168, 62.55527609531988, 18.83095892023532, 44.97547174988452, 45.19072702480642, 66.97814772545348, 67.08885606011351, 46.923767008208344, 34.14259022500435, 50.853309706191325, 47.12992745670459, 61.030885526190296, 18.638016555595975, 8.99954328176062, 30.21129211425734, 16.836873290028983, 7.668036211877672, 81.02073565253998, 39.35198988209418, 44.2536949880702, 72.46637870892528, 26.923643156446644, 27.276318907704276, 22.97041446375877, 26.63351043977962, 8.653163751125197, 76.26066455345858, 80.92965081068061, 61.59192806436115, 55.193813420094436, 19.23082009092358, 37.33243398776432, 19.168421389300853, 39.90331353997128, 50.69656367205232, 64.49272303949931, 71.57675159028516, 81.65140349326211, 67.7296760202767, 50.539904798140164, 16.532885005583903, 35.56618160644568, 14.242698693584064, 16.009289363393965, 70.9773158104237], [56.030641682162894, 0.0, 58.35581721443452, 78.12238815942425, 32.24797924730231, 46.24368646429806, 37.867876283603366, 89.43496003514143, 90.1804608087651, 79.4487592945048, 61.71348442135755, 44.89764158566435, 64.08800118183555, 33.121077209674205, 60.35622454010775, 53.69458640539745, 24.992935791362328, 60.72223342684506, 45.29005482377831, 45.88611412323509, 40.19559839010562, 32.117003267222124, 32.2846923787812, 15.461758742279082, 14.04393530194955, 17.555527733237437, 64.4435076270538, 38.93388743199734, 71.96376365780763, 44.84328334585015, 83.45417440315339, 51.96363223555273, 54.846341237942745, 42.30705128469889, 65.66505662673731, 51.94676631550356, 65.14349287262912, 23.656128221869487, 74.51777495431699, 77.44900516355636, 45.81144458066818, 4.245798553262552, 73.43615701253032, 58.042103427681816, 33.848658559319006, 71.17812480554132, 42.796405562054744, 28.230741136552265, 103.69046635733848, 55.3538802646462, 29.44589208680352, 8.620553781190253, 6.537178977300546, 57.004073292364346, 95.603269715491, 96.68495314714222, 50.22897833696044, 40.57345877716967, 58.84779810157352, 36.62481777099819, 29.52668261035032, 17.90017206158317, 12.421252506177867, 48.404030655568356, 63.87691713575137, 79.96173454530536, 40.557848306663125, 63.44166000118736, 83.98914680624135, 89.97945889500784, 96.19670451478959, 16.435827601168818, 39.06074388933309, 76.26754144097073, 39.57255965002259, 75.25465604813894, 48.48553285368788, 55.47006227793392, 68.07682081849384, 70.89798026842575, 51.086527951706245, 53.136564563384226, 46.04287476939554, 74.7454455529696, 67.13358057691521, 25.95411606213058, 9.636178732744009, 17.011985897358155, 75.40025225940514, 44.38715661838673, 14.434272669244491, 46.74381600657437, 87.55959441767084, 65.02394148501347, 68.42002398753452, 32.564750150612916], [81.05336339905816, 58.35581721443452, 0.0, 44.68732234452448, 43.70940968080835, 95.43556820399618, 87.33055286039004, 92.22393485640758, 84.49662810299672, 43.65107921602846, 24.399645766114414, 14.590726399817434, 73.4873530749093, 28.883239785756167, 65.51098352314945, 67.89989151819732, 64.11469218629777, 106.7179924145529, 37.35255125507174, 75.0880996911058, 18.314953929416678, 50.37117831831102, 58.15770881726212, 68.02606148319245, 45.19402102575121, 57.64379788723519, 80.05158567171917, 29.493446930461253, 44.52363017337975, 42.87188580677694, 92.76398743837652, 69.22610825834882, 77.98544504090106, 64.45553741021935, 103.16239376269269, 79.44221216305559, 79.3054793247207, 35.29514043083602, 31.57678424675501, 41.1387001946789, 67.1724299684899, 56.182172351677224, 98.56021888567687, 108.00609693038383, 28.88499114798499, 95.91462001462892, 16.06843387500611, 30.378847160448693, 103.24830111298103, 21.177085992865496, 37.48219884469235, 55.926737955048665, 59.11992292516011, 94.1364860635317, 96.7599579360577, 98.97730775250479, 14.148503420298521, 18.07389115684744, 42.078675977163435, 47.32667503159605, 85.98187060989008, 45.68834729189123, 46.68569720930054, 87.11299733581299, 89.79290008813756, 85.363330731482, 66.41175043290703, 84.934521970641, 37.809337690057674, 92.87431111710885, 99.41076064587058, 60.62591464250476, 83.2592431041313, 82.39431035936612, 58.64401895315692, 81.44106996609818, 72.92510059087336, 4.839478888970041, 14.225810183180013, 39.248278577868106, 27.748158708849505, 91.53564488047627, 44.513812817776724, 92.01521592816047, 57.314789202917666, 36.67872803761084, 63.80725975709093, 67.80898464940483, 24.307742139556957, 15.028925367932207, 71.30838111998277, 64.53934258230755, 93.40862109234592, 95.10301523608838, 82.54300371550441, 27.630301431077598], [65.63253563151979, 78.12238815942425, 44.68732234452448, 0.0, 47.28906390911228, 95.37716963481267, 89.48958194570915, 57.40672949513403, 46.139646821022396, 2.971272465703763, 21.355645903987323, 44.01758411854329, 49.35469403154911, 47.21263178602353, 42.26876649923417, 50.53403328277704, 67.85324120188135, 101.24926360467907, 33.283893853586335, 65.46986208314152, 52.20743519543971, 50.866648482860064, 56.813838781830945, 79.23430352757457, 64.79431988311325, 86.64038770021152, 57.85636804105288, 68.64585305341129, 7.797313155502917, 35.62707958662241, 62.06904174548911, 53.49689696258613, 62.40514099669924, 55.51959706546562, 90.91674153152906, 66.57438921916459, 56.30979799236004, 63.45339232894446, 14.793674849340837, 4.234979630814092, 55.86555677447666, 74.22866281067033, 77.71402887397183, 106.34686988606437, 46.192796185302306, 75.44943633183169, 46.25558269599517, 55.15493405218698, 64.85825075090212, 27.376895353811097, 72.42201801276103, 80.6507631300602, 82.3138488058024, 83.80773693250919, 60.14545210811414, 62.660631173800866, 36.91022274050317, 47.95417571486978, 21.24108911864437, 45.30300151098834, 96.40410548461315, 60.27379688629799, 71.21766766298295, 80.14173907280421, 71.9695120287932, 53.90550432913052, 59.020205424921336, 65.36858775577437, 17.432177701599084, 57.99259918802181, 63.55778117075768, 88.4806814163284, 82.02030120245703, 52.3342345949982, 51.7006411279956, 51.7331545036011, 60.74125483710651, 41.48884644972081, 33.219759675433, 7.322970630450318, 27.869510471323252, 82.96682790953032, 35.344354173179, 67.10204978912047, 26.61914847401728, 52.64597642639128, 86.961706733817, 93.43671306425445, 26.159311844973573, 44.340477686481265, 85.50477588021722, 52.15658610268262, 60.28287304801122, 78.92461747043689, 58.29242909344633, 61.08800657022803], [38.95312506874595, 32.24797924730231, 43.70940968080835, 47.28906390911228, 0.0, 53.37853354742459, 45.93670132259178, 62.157701240962666, 60.24564319624074, 49.0313712395218, 34.994107167530146, 29.69819116394391, 37.815545776980564, 16.538502270990808, 31.762295768771857, 28.845647896184467, 22.438919152308184, 63.43232225909058, 14.056958372544363, 31.714787773429123, 31.712806467179778, 6.666125683041337, 14.468897598431116, 32.04247668313365, 21.241845379465047, 44.99205498388238, 41.576765414323425, 43.45728296111777, 40.50570238812047, 12.606401679937273, 58.60767676238955, 28.857540146571846, 36.2390839006793, 21.697570297228772, 59.55608160118115, 36.61127820225301, 41.49567855479829, 27.977156866243273, 46.900427983487425, 47.34770625330031, 24.96566274179785, 28.072503706222125, 57.38133959055674, 65.68551321278774, 15.984711998122457, 54.7428411002534, 29.23713673035041, 22.058335795259726, 75.87877996699441, 30.10697319280428, 40.16850978083739, 36.990509279939715, 37.56645904714906, 50.466822239499834, 68.02048414208019, 69.56306174038575, 30.35886693930638, 28.26956475150808, 26.936410498415725, 5.831856853212312, 49.6972951624044, 14.868664822945732, 29.356650227481797, 43.428245926945095, 47.94547607940033, 53.17242961700067, 23.040957476323303, 44.28254814725091, 56.34990027758622, 62.76982068543661, 69.40163251350604, 45.75627612367326, 40.46133809224031, 49.53253920556001, 15.995863971979006, 48.47205588734399, 30.382251823608446, 39.14756530078682, 47.16409433881216, 40.3821985335877, 23.22792409653467, 47.82627931932054, 13.813889687683849, 53.61162652201396, 35.23967515546443, 12.771511381181725, 41.72970660355399, 48.86484373646078, 51.289250660022915, 29.382407307944536, 38.21642403190482, 23.31078543546323, 61.402775104210114, 52.414113295647965, 45.023529162151, 32.75926199015745], [37.059828344510045, 46.24368646429806, 95.43556820399618, 95.37716963481267, 53.37853354742459, 0.0, 8.532515707230889, 75.41062139212113, 82.95969284827254, 97.80609660050173, 87.86211538214145, 80.85126015631077, 55.507991058662206, 66.55243075642008, 58.01902306645534, 48.027637954041225, 31.396508928005492, 14.946238814497454, 65.58738674383623, 31.485794623102805, 79.64325416593648, 47.340126642226515, 39.84348017371278, 31.025322115959213, 53.413823614825525, 62.03292831818115, 49.70014107215624, 83.65985524892909, 87.64790548866696, 61.229638943492205, 65.77516279291241, 44.75002448262478, 38.93682493966036, 40.00799023740269, 26.537722250776643, 33.507354878123266, 51.40220722273706, 66.37376405755963, 98.86311660917276, 96.77620066716398, 40.36985914075051, 45.252611214174756, 44.50723036965917, 12.6003791967109, 66.57730976070926, 43.5814991331402, 79.60471306023933, 66.8022136314625, 88.46268566493332, 83.42413211322638, 75.05543593957564, 54.3861804151356, 51.085904056235556, 22.319068605948864, 81.11697998424168, 80.95251527974969, 83.16829003572148, 77.91079191776474, 74.36566633904113, 52.263106162134534, 22.441254203812175, 50.44681785132117, 57.262787072230154, 18.437615014119086, 38.64687029424604, 67.07075182432143, 36.430750474925695, 43.268772965854275, 107.92724300653765, 75.69253751200277, 79.82283052292124, 59.5832154979858, 13.398038268780661, 64.29058535581188, 43.743654407071254, 63.677743425677065, 36.895032705629134, 91.28205802940168, 100.48765793666041, 89.698328995697, 76.19760991650911, 19.372106705087297, 60.901800322152255, 53.08896444612977, 72.82982788741802, 58.87371701802373, 50.072728781011094, 54.839932193216065, 104.47518196664888, 80.42496564287046, 32.99256634666482, 43.99301038419728, 71.51584498607627, 34.50792187077241, 52.866953177377894, 75.14890451440029], [35.63746422975952, 37.867876283603366, 87.33055286039004, 89.48958194570915, 45.93670132259178, 8.532515707230889, 0.0, 74.62590841500459, 80.93804832078264, 91.8014490080808, 80.74828893727121, 72.7398585050703, 52.8409789827035, 58.46303003689001, 54.225128586064265, 44.3073806020753, 23.605081120950402, 22.903019619017833, 58.68125380309003, 28.12805166094662, 71.29563481160585, 40.193911816379305, 33.047596075329274, 22.553072073430844, 44.906244330482345, 53.99072999115014, 48.108575717681056, 75.12733970450849, 81.85163538424952, 54.64299621216406, 65.55089563751709, 41.1089477608394, 36.85881741543936, 34.91446281566261, 31.32811551373348, 31.56290734989252, 49.668536817163705, 57.85411892036222, 92.09614369256589, 90.62595916474028, 35.954824742089954, 36.75644136298129, 46.48101298383189, 20.998078232635663, 58.53704577085623, 45.110487519838124, 71.42273837469388, 58.42131576922155, 88.21699302692923, 76.04349376189583, 66.54666350763956, 46.11922480883483, 42.9064360123641, 24.89075100615712, 80.56570701489701, 80.67123919728269, 75.32062594836172, 69.68103325136462, 68.30365051056944, 45.3623240063386, 17.0055162107466, 42.09630424732452, 48.749534528524535, 18.275472202599836, 39.17790708265169, 65.80052975407709, 31.285919009638686, 42.66289810276654, 101.30545464127678, 74.97237524845919, 79.66004459568042, 51.673563968076124, 8.830776160446007, 62.726214964057, 37.85298934591082, 62.00423278920239, 33.5099987766292, 83.25651866317673, 92.83707692347308, 83.51214207092326, 69.01216836135993, 21.170137314564275, 54.49672076324682, 53.391533104509854, 68.19360544958515, 50.68722360699906, 42.18545834429085, 47.37272151727659, 97.2093167261713, 72.30398524048967, 25.037926589737506, 39.37168051873723, 71.07933461231345, 36.46136426231134, 51.63713049721998, 66.64844436574027], [38.99616304784695, 89.43496003514143, 92.22393485640758, 57.40672949513403, 62.157701240962666, 75.41062139212113, 74.62590841500459, 0.0, 13.452402790553665, 60.26068141433189, 69.33306261921082, 83.36350964502184, 25.349655253905432, 75.75433849819288, 30.398442454565263, 35.74752997604867, 66.06501224758895, 72.22110713161933, 57.794739003501675, 47.704827586275485, 89.21172749644683, 58.855751435430754, 57.15096283234041, 80.17536510454508, 82.4127793310432, 105.36481672229938, 26.808873625423367, 104.01844429750703, 52.18321829872029, 53.50995648978481, 10.448442587699242, 37.71752231009497, 38.12762269132034, 47.31877065310788, 55.91286163558457, 43.176996270977604, 25.498364479638337, 90.02505816679958, 70.76923383697341, 61.41123050955951, 44.04323506580373, 85.37204015403147, 35.138155203664084, 80.92346063954835, 74.77592614777751, 34.51009933944466, 84.38703457099885, 83.25874760479812, 14.300161853595672, 71.07682402248501, 102.14700234023739, 96.49291742363204, 95.82555576988713, 54.28293638727555, 6.2110361472802715, 7.406327318193904, 79.04316616235675, 84.68076993632388, 50.15477775795986, 56.3525404684477, 89.60187844402716, 75.58605262709303, 90.65737523209579, 57.1057008352317, 37.16447457489005, 9.502659107270569, 49.65855669934972, 32.1649050937921, 74.79265940807629, 0.6519218360361682, 7.365857302393694, 105.32316246084523, 65.91737990601074, 13.172704983994622, 49.976581414955014, 14.180336673132226, 43.0872629364997, 87.61321679285768, 85.8850449428717, 57.869559677615726, 64.82311553226066, 56.32618736026389, 51.60244386892552, 23.266903078921757, 35.02684220495967, 74.75015251839928, 98.79318218876648, 106.1870377155922, 81.91545256108024, 83.35047538468889, 87.31870636584284, 42.705509523488296, 4.7794937730156875, 42.997707279312735, 23.054307427649693, 93.52757352767287], [45.90157402023155, 90.1804608087651, 84.49662810299672, 46.139646821022396, 60.24564319624074, 82.95969284827254, 80.93804832078264, 13.452402790553665, 0.0, 48.853798612052174, 60.6463190780657, 77.30510182258419, 28.316325776489332, 71.75222682574513, 29.901096948084277, 38.14382746023545, 68.66955218507121, 81.73624654503239, 53.020496811763934, 52.9485946640816, 83.93637020838499, 58.313818969731564, 58.41720014297519, 82.95687443240499, 81.34269576033475, 104.9388465958509, 33.27693263887372, 99.60499321788241, 41.93265118620525, 49.703288672883865, 22.5637047782754, 40.8898504649298, 44.17496742189509, 49.736145845291325, 66.2438392622814, 49.5767039269394, 31.558028515199936, 87.21855481818449, 60.23870796903422, 50.29701413635929, 47.056991449691864, 85.976946870394, 46.395990997622356, 89.88672256367379, 70.70030623458432, 45.2838172662662, 78.6532344552007, 79.78479860824842, 18.98032898646654, 63.40565598608333, 99.03103185366201, 96.45151805417584, 96.30552604694411, 63.20846615170514, 14.23242429388139, 16.791786386552612, 72.15130225473055, 79.28414503357553, 42.91374761682454, 54.71904932895567, 94.59903527629702, 74.66609868315321, 89.5460146307241, 64.53786660683684, 46.369169492201046, 16.89051843070006, 52.72120599258399, 40.331514520709625, 63.24894920017858, 13.832973259619859, 17.89546586493306, 105.33648331157747, 72.10733171566106, 18.889868167557967, 50.91132867762164, 19.3736472051127, 47.744075130028584, 80.11346766295986, 76.64072783785811, 47.73400085774515, 58.093625676186285, 64.63274072622444, 47.88054932237185, 33.979920835702245, 27.822943150067143, 72.17206762172697, 99.76995601483303, 107.1803152442807, 71.61358132810864, 77.36885729117213, 90.21331818350275, 44.763794230421134, 17.881294125556746, 52.94285069774017, 30.393821477708432, 89.48464420408976], [68.43861622418167, 79.4487592945048, 43.65107921602846, 2.971272465703763, 49.0313712395218, 97.80609660050173, 91.8014490080808, 60.26068141433189, 48.853798612052174, 0.0, 21.09930793841714, 43.947190490428085, 52.28722183559821, 48.03279741565554, 45.151796238280184, 53.31059712082625, 69.93347523905364, 103.89017082602479, 34.97918724546637, 68.09496853677872, 52.17286698155072, 52.86470683885624, 59.00518611517374, 81.04871933260168, 65.96382151809622, 87.44836286270596, 60.78178545841177, 68.48504923418568, 10.506127251919386, 37.648528216896494, 65.01554668217561, 56.24384570158594, 65.20085552561942, 58.03545516922139, 93.72234717833827, 69.31244371637462, 59.24372417435413, 64.05620945503982, 12.864365104480523, 2.5421075042772787, 58.4777998035887, 75.61557712561661, 80.6558274715703, 108.87397796466615, 47.04009623844412, 78.38339038345704, 46.24998382577754, 55.807008458341656, 67.49516563533257, 27.428112146545057, 72.65874219161928, 81.69498334581142, 83.47034093044384, 86.54221133936295, 62.91021980709443, 65.43329769101723, 36.746046723413116, 48.04262216799243, 23.49793895674149, 47.314766228037065, 98.37499635814044, 61.66490520193033, 72.1718906064039, 82.7561859726874, 74.85246696603325, 56.85297725170986, 61.5084880070394, 68.2679827786381, 14.536350801983078, 60.842459928480466, 66.35067370777215, 89.38175042541339, 84.43151806934927, 55.299233758438874, 54.08347492976241, 54.7009124092514, 63.423052972278406, 40.70056079012808, 31.62049170292122, 8.652893120448635, 28.744900782859375, 85.64538784343888, 37.47613000320872, 70.06926800290289, 29.563675032295333, 53.78769450264221, 88.15919435246506, 94.52173215366643, 24.00310715098955, 44.29617207423981, 87.21142769978377, 54.77409392517598, 63.18325909386021, 81.79109830618043, 61.246030727942035, 61.28258285638711], [65.14674475094974, 61.71348442135755, 24.399645766114414, 21.355645903987323, 34.994107167530146, 87.86211538214145, 80.74828893727121, 69.33306261921082, 60.6463190780657, 21.09930793841714, 0.0, 22.8621059381149, 53.57084544744649, 28.846307682605396, 45.4790932463341, 50.41915323504427, 57.40365112111691, 96.53681375558526, 22.397301995661156, 61.679091072324695, 31.09310256021742, 40.57066744051167, 48.03954203498328, 66.11859476596548, 47.74947464169459, 67.64644131798337, 61.18117263908438, 47.38969844709139, 20.144111802266547, 27.36455571210758, 71.14877945212972, 52.55947265325291, 61.86658484996704, 50.72936337889218, 89.48759395563891, 64.65804471030314, 60.08582142565336, 43.87487289489032, 12.818310394896544, 18.593880664097725, 52.455053653577025, 58.24925103833045, 80.84822329266227, 99.8760337227644, 27.998383403662725, 78.29452795789133, 25.192810514286695, 35.86124963731536, 79.55445965751348, 6.67198355165085, 51.76072975592562, 62.72231681268351, 64.92047512410579, 81.14352915137573, 73.44468897787716, 75.76399646973614, 15.646789923931706, 27.054807449939723, 19.938768756066345, 35.628632052524466, 84.2248633307026, 44.67731106578292, 52.978765810301724, 75.57613029981623, 73.13633546355946, 63.336373108491166, 53.62059425753593, 67.34687184803265, 22.279624087556346, 69.97514192746776, 76.32744118947102, 69.84900410893823, 74.6322985760435, 60.735188730226845, 45.47443917423689, 59.868905701990236, 58.13785647523284, 20.60401970080536, 16.80348964231366, 15.0805281012239, 11.767057866273621, 79.33834486006126, 28.274891043052637, 72.47193135082576, 34.36589060872012, 35.794924377336734, 69.72823561402318, 75.58658311297246, 16.82097524997731, 23.22153545615715, 71.44294329471559, 49.110521059129596, 71.03091438978356, 79.35513253082524, 62.95888511872718, 40.36391889833126], [67.97828752823798, 44.89764158566435, 14.590726399817434, 44.01758411854329, 29.69819116394391, 80.85126015631077, 72.7398585050703, 83.36350964502184, 77.30510182258419, 43.947190490428085, 22.8621059381149, 0.0, 62.45657757113567, 14.30178196309458, 54.79348256073775, 55.72153637750421, 49.552671354782774, 92.25794200772049, 25.981184425708673, 61.366016971251945, 8.2320114314625, 36.34931658540865, 44.0188798654235, 53.65286439550127, 31.264382365535713, 46.85389531955739, 68.26802080090364, 24.648838527153693, 41.31428991459052, 31.10067427902502, 82.58652934379676, 56.66419887094014, 65.034223222508, 51.004904136808626, 89.24920767147763, 66.03155395999431, 67.72679300927855, 23.159840564575582, 34.41646298122409, 41.4516169960465, 53.95835575173245, 42.35966049832445, 85.95451880518075, 93.42620273959261, 14.353070239694054, 83.2991308457005, 2.475452465502626, 16.673920689413617, 95.46395690363903, 16.655800091290814, 29.15878902875315, 43.59734479237713, 46.4640974203349, 80.13694176138958, 88.41466079697885, 90.45135781506828, 7.271123180836346, 4.70939235498722, 34.51283585791146, 33.87038776550689, 71.73316085910643, 31.20362506887318, 33.94423365095527, 72.89900588987133, 76.86770597923096, 75.68452419939749, 52.67566555121968, 72.45080404124423, 42.91801925859899, 84.01414045453315, 90.69740904929544, 49.47898174547226, 68.74010874985238, 72.43945824891327, 45.18281742646164, 71.43110726925178, 59.61818747585131, 10.776900326997623, 23.37632832368324, 37.214036359387244, 19.35696469218434, 77.4033067776064, 32.924155484871726, 80.40056854782289, 49.490250108440556, 22.10315859105627, 51.271557494211194, 56.08473835163555, 31.75404776010288, 0.5131309508856821, 57.26873711186492, 51.62910763068816, 83.94306249577555, 81.80598706350723, 71.10916920819244, 17.82113116073256], [19.10453443975464, 64.08800118183555, 73.4873530749093, 49.35469403154911, 37.815545776980564, 55.507991058662206, 52.8409789827035, 25.349655253905432, 28.316325776489332, 52.28722183559821, 53.57084544744649, 62.45657757113567, 0.0, 52.741930017603174, 8.106598401950198, 10.431617530482683, 41.048756920265795, 56.46933598965799, 36.532673976435156, 24.733997928267296, 67.1723844927833, 33.84135057377715, 31.80331307323433, 55.28962912457859, 57.36856958259099, 80.0827844919545, 8.534097900962298, 80.83679001511105, 42.052756457195564, 31.378549342095056, 20.807385390886836, 12.743477998900783, 16.664653336006417, 22.118284308286672, 43.16874899369136, 22.054733141007976, 6.9577055623995685, 65.78024273519227, 59.18165280119494, 52.39699673619812, 19.057384045472094, 60.022440768895414, 28.39450650482375, 63.680618296072, 51.864339103948694, 26.09632102757816, 63.02821018772076, 59.602255067008244, 39.60639345755622, 53.25985353838698, 77.97804017218739, 71.17206712031995, 70.47601024495599, 37.79967689665191, 31.516132673097335, 32.639486506873546, 59.49867501780254, 62.9030620028973, 33.76806719772385, 31.994093271002605, 66.28744923649823, 50.53643782608908, 65.58186961606617, 37.335225431559266, 23.148325417009882, 15.904093650024755, 24.75067522700385, 16.35924670653472, 65.89833442098882, 25.90023741874886, 32.23550750771892, 79.98955255608838, 44.02362049099389, 12.197264123435906, 24.65422656161979, 11.172616152844244, 19.452374227918224, 68.67018209012573, 70.25920701545829, 46.59731868435535, 45.86504748422223, 38.32829168506512, 29.535448121526564, 18.90111539641467, 22.753438420866654, 50.58018971250316, 73.46660007303674, 80.86779466268692, 68.95567690186375, 62.34285897399307, 62.50667160560003, 17.385985408304755, 23.824788072782777, 30.28461124355185, 9.40496485188643, 70.17154017640539], [55.48657387950345, 33.121077209674205, 28.883239785756167, 47.21263178602353, 16.538502270990808, 66.55243075642008, 58.46303003689001, 75.75433849819288, 71.75222682574513, 48.03279741565554, 28.846307682605396, 14.30178196309458, 52.741930017603174, 0.0, 45.764354640864276, 44.6662145505602, 35.25520110023329, 78.0299742261555, 18.840832324495587, 48.08676746743243, 15.175262841426964, 22.950534228523964, 30.30328952884474, 39.931774141130845, 19.078206825570952, 39.432328658240735, 57.44129576068175, 28.272921768770487, 42.31278599850982, 22.288020554439516, 73.45582181874208, 45.05100856834154, 52.7415539926284, 38.23601507531076, 75.60316484291275, 53.12251335511108, 57.17343559430689, 16.663064470848237, 41.65537191844282, 45.79978163132699, 41.480128022300704, 29.941274252622215, 73.87211687923846, 79.12513980807162, 1.1020236878932594, 71.22809992496586, 13.241191144790461, 8.414842059630717, 88.82932700669569, 22.335503238087576, 27.547476243055772, 33.92013337002609, 36.07544805928307, 66.41589437646853, 81.28737710362098, 83.08035241697573, 17.651931336053337, 11.92208409885198, 31.468148308769898, 21.63759145330083, 58.16500720639468, 17.40373116292805, 24.23707851482627, 58.946141962154044, 64.47517982805662, 67.29225294652393, 39.464700550781885, 60.66250307558942, 51.0368755207655, 76.39127779692637, 83.10992539450162, 41.35981851926095, 54.46914501940821, 63.79589276792516, 32.519414869289584, 62.74668474399347, 46.920614684322125, 24.82285107211407, 35.730677358795944, 39.89653872995322, 19.343159306460226, 63.53490696383622, 24.184851066684146, 69.58099598885377, 44.49104110298565, 8.039943824066022, 40.887819125760906, 46.79227895509414, 42.38175249125821, 13.883392209140938, 44.16655433852647, 39.64145585665988, 75.62134128932374, 68.91863712105682, 60.66966251672464, 17.809210722224346], [23.836364016773636, 60.35622454010775, 65.51098352314945, 42.26876649923417, 31.762295768771857, 58.01902306645534, 54.225128586064265, 30.398442454565263, 29.901096948084277, 45.151796238280184, 45.4790932463341, 54.79348256073775, 8.106598401950198, 45.764354640864276, 0.0, 9.994877965539013, 39.0494035064821, 60.861988371252394, 28.813061929639627, 26.534125571160615, 59.84199683461594, 28.807255792775635, 28.529597937311514, 53.28684592826689, 52.25221051951262, 75.54652341514772, 15.992592954600209, 74.01073952501461, 34.751930110262926, 23.879747978681973, 27.857386940756953, 13.269148895402436, 20.790214360656087, 20.42998323461212, 48.953799986866066, 25.651725301691112, 14.708941246528704, 59.63875312735298, 51.39173956409002, 45.07012857254688, 18.42328130890631, 56.17388094536957, 35.991598243206454, 67.30758333707442, 44.83400334350949, 33.57553630122922, 55.47909828248279, 53.010466840940424, 44.18198732457249, 45.17606073359828, 71.77892370749788, 66.8721779997128, 66.55412426538017, 42.563686214594675, 36.27243039997741, 37.80256715623646, 51.58148277551833, 55.47437904879426, 25.726365919470553, 25.966671626722253, 66.13749155187853, 45.45773690489545, 60.50525022095273, 40.58278685929605, 29.701307100478477, 21.568403724873814, 23.765303163193295, 23.144564162231127, 58.411944647242734, 31.01317824100577, 37.66566500237514, 75.7547793485573, 45.603466118600814, 18.033474966882835, 21.016884015766852, 16.982838654709948, 21.130051010607765, 60.70523584538666, 62.155194526428865, 38.99861059484541, 37.83383887314958, 42.42406770714504, 21.991618451803586, 26.999531165189136, 16.087030719041767, 44.36317963773515, 69.9193806288619, 77.33549969872718, 60.97784998252198, 54.70279927115963, 60.54221352277027, 15.452452904844744, 29.88312316598505, 36.67159011048418, 17.47979597971429, 63.41964071259115], [15.21035617594658, 53.69458640539745, 67.89989151819732, 50.53403328277704, 28.845647896184467, 48.027637954041225, 44.3073806020753, 35.74752997604867, 38.14382746023545, 53.31059712082625, 50.41915323504427, 55.72153637750421, 10.431617530482683, 44.6662145505602, 9.994877965539013, 0.0, 30.70279072271867, 51.303655586773395, 30.567629261191307, 16.5418437860832, 59.56711898779202, 24.121291867916884, 21.419702701240336, 44.9759821457105, 47.43816352052819, 69.84337973105217, 12.779502393897323, 72.28430551550761, 42.80479220322467, 25.028280277523475, 30.348211834572933, 3.282259575869267, 11.929035371030931, 11.726258833890338, 40.44653735929091, 16.154623622571812, 12.657088520723377, 56.536769813586595, 58.056292910630724, 52.91959647962955, 8.926885206983544, 49.65146229127599, 30.771614872892716, 57.463194124443035, 43.88912028058062, 28.15121582161563, 55.97045583549439, 50.89581648796432, 50.02293852603307, 48.86102092237064, 68.72312776350678, 60.87954520929401, 60.10431970904435, 33.349187748114396, 41.92893500778672, 42.9925091701592, 53.7523682703248, 55.554933904129996, 31.77675897686038, 23.183590852550896, 56.720110272125225, 40.62870496180272, 55.59403321669235, 30.731855343308, 22.720430897017334, 26.26732813692242, 14.577383079148225, 17.126108573407755, 65.81071334490781, 36.287535955240195, 42.52935669550006, 69.66927315168009, 35.64349828038092, 22.576009809877874, 14.45649044895738, 21.569345843731483, 11.152815296277684, 63.063071159198486, 66.55616310228392, 46.38264585498062, 41.07640929511626, 32.85325860832638, 23.424813062095758, 24.916793539823974, 25.386989474639748, 41.54969841761402, 63.04789141000184, 70.44548575974423, 66.73261595135102, 55.54158972106159, 52.213290128026074, 6.959135865775757, 33.97237557324508, 29.126621049584134, 16.1867553946309, 61.5833318063682], [31.0505413782646, 24.992935791362328, 64.11469218629777, 67.85324120188135, 22.438919152308184, 31.396508928005492, 23.605081120950402, 66.06501224758895, 68.66955218507121, 69.93347523905364, 57.40365112111691, 49.552671354782774, 41.048756920265795, 35.25520110023329, 39.0494035064821, 30.70279072271867, 0.0, 42.98739948640925, 35.71451644227416, 20.89359166000284, 48.93163219220426, 17.181480091325902, 11.498981463625231, 14.289995685297926, 25.00362348808203, 42.40944211785166, 40.1131681237472, 55.40267074732695, 60.48718150897225, 32.29216397321359, 59.238767828529724, 28.382681781767825, 29.998105372068373, 18.984290887438494, 43.234706981322496, 26.954857860945225, 41.01083395935143, 37.69701944413356, 69.08590803844274, 68.52165366212206, 22.04019869400165, 21.612801091754104, 48.562468659916306, 43.92079639346955, 35.23142066547662, 46.254637487619945, 48.410531473957526, 36.39275193649475, 80.3598156397043, 52.51022188156219, 48.33841585019828, 33.26650881601185, 31.50944681828935, 34.07240503865192, 72.27594489605481, 73.11230508501498, 51.784278635797044, 46.820595549821164, 46.66452852102143, 22.65977692269514, 28.79510235214981, 20.2364092829848, 31.38845338023661, 25.67375779533527, 38.934924199519244, 56.57163008679012, 16.40777900910831, 38.51535265701482, 78.43995968053072, 66.56512716144388, 72.48458180551931, 41.424978246878446, 19.31334151722683, 52.95762203837015, 18.532500504281302, 52.000421944816374, 23.77584445848329, 59.907470854432496, 69.2334893865588, 61.416335627227035, 45.63841167835223, 30.532980977975356, 32.51355813654991, 49.89733899896359, 49.79337793555399, 27.784707142425372, 33.541001578956035, 40.74727426844535, 73.71967916879241, 49.13827213850053, 21.544171623087795, 23.915648916745777, 63.72587696995593, 40.5422259297538, 44.113960822104616, 45.7879879489841], [37.40617958410751, 60.72223342684506, 106.7179924145529, 101.24926360467907, 63.43232225909058, 14.946238814497454, 22.903019619017833, 72.22110713161933, 81.73624654503239, 103.89017082602479, 96.53681375558526, 92.25794200772049, 56.46933598965799, 78.0299742261555, 60.861988371252394, 51.303655586773395, 42.98739948640925, 0.0, 74.16507099551116, 35.80113946632131, 91.91782082124078, 56.94521239064715, 49.096855322228144, 45.318996394719974, 66.72780704198878, 76.85301024346644, 49.13728556784111, 97.27046667649635, 93.45269419629805, 69.2422476982191, 61.95097036556077, 48.12471392673152, 40.17861282082514, 46.25044439466599, 17.080914505917722, 35.2214339859833, 50.97082626365346, 79.73442124379172, 106.60393242416383, 103.18341822641912, 45.427399537109636, 59.39831042785533, 38.07950922600558, 9.599727872726769, 77.9072124859083, 38.02619730234282, 91.25576493766914, 79.30881590068559, 84.00498201475995, 92.79551978884197, 89.05395099035975, 69.01824729938353, 65.80622931870748, 18.72267469601293, 77.36016459829416, 76.73450129500957, 93.76305332297785, 89.74165319827847, 80.9747247727128, 61.19418415441663, 37.08234728165987, 62.99485170496878, 71.26874885814806, 21.193224972467963, 35.38795015429248, 65.02124649295345, 43.06201468108387, 41.51560594841364, 115.24282892917816, 72.38207088036306, 75.43116449762249, 74.46356973778492, 23.68251038710806, 62.87301094204191, 51.12746272462878, 62.47918502986097, 40.56425097693594, 102.33602455481949, 110.38823856187423, 96.28343007658917, 85.20278030382154, 18.454509074728833, 68.5533049827976, 48.98231709558279, 76.68339479438477, 70.74821370455994, 64.95651723854512, 69.7860602294897, 113.34661971577876, 91.86621206754437, 47.83580432747982, 49.12247629781834, 67.84732039129617, 29.22884983478309, 51.45704419847072, 88.28158553461087], [44.23904447509334, 45.29005482377831, 37.35255125507174, 33.283893853586335, 14.056958372544363, 65.58738674383623, 58.68125380309003, 57.794739003501675, 53.020496811763934, 34.97918724546637, 22.397301995661156, 25.981184425708673, 36.532673976435156, 18.840832324495587, 28.813061929639627, 30.567629261191307, 35.71451644227416, 74.16507099551116, 0.0, 39.662999079507266, 31.41703500149174, 18.567543027821856, 25.746304916014363, 46.09535094381825, 32.68695035472945, 55.90564678785486, 42.733885332710976, 46.6188472671967, 26.721906389885376, 5.576706758689485, 56.614998250165776, 32.049205861135064, 41.061442411406986, 28.684881326867306, 67.74011885453909, 43.16689907945218, 42.05080018428158, 35.02374655651528, 33.42954297717159, 33.293815531542656, 30.798912315146904, 41.26306906064908, 61.29552147525924, 77.51454374221915, 17.763997004799513, 58.65933898960277, 26.735447552129195, 27.105916110514382, 70.44626925375192, 19.012771412755324, 46.35940768512157, 48.82473294584262, 50.00236987646072, 59.15170281729298, 63.0943897624534, 65.01183425106318, 23.216134608316707, 26.900521199316167, 13.712916161418137, 13.335617641484268, 63.63543842591552, 27.399287529763452, 40.03604259308034, 53.276836483603084, 52.758539062444854, 49.82268846189364, 31.38234457150593, 47.65059302250152, 42.73192647286995, 58.441251870816025, 65.15750363298774, 57.220301052443475, 52.300967063254674, 46.51612922919333, 23.22068437382614, 45.49871007453187, 36.582221817676775, 32.51334117566709, 36.93087618736447, 26.32810859215781, 11.178308392286489, 57.15895091161978, 7.161920208711208, 54.76546480442434, 25.650796824301867, 21.13048664110661, 54.4653421745926, 61.29855547732225, 39.1864840012474, 25.89590807806842, 52.24033008272539, 27.75837038262261, 58.119090778175774, 58.45295297494112, 45.35755919901383, 36.473843565621536], [10.194963601883593, 45.88611412323509, 75.0880996911058, 65.46986208314152, 31.714787773429123, 31.485794623102805, 28.12805166094662, 47.704827586275485, 52.9485946640816, 68.09496853677872, 61.679091072324695, 61.366016971251945, 24.733997928267296, 48.08676746743243, 26.534125571160615, 16.5418437860832, 20.89359166000284, 35.80113946632131, 39.662999079507266, 0.0, 63.163536867560914, 25.146430668756157, 18.072373779595868, 33.71420398388698, 44.0095338891036, 63.2623354896213, 20.906335140203193, 72.9021603995679, 57.6725675571017, 34.36493765028881, 39.66412250526226, 13.265023456115083, 9.729976217296503, 10.980023169628538, 28.184041197353817, 6.0819334673957375, 22.232887707752717, 55.60267470279769, 71.0980136154594, 67.38442137587865, 9.628011288047345, 42.43103195443384, 27.97084174422461, 41.21449016220693, 47.62739753611708, 25.55471739235896, 60.951783865488814, 52.09650059560334, 61.76725036384813, 58.66059587606801, 67.19518961726824, 54.10519171230806, 52.402412024750916, 19.49194370756491, 53.834872837781944, 54.29768894764184, 61.28116891007231, 59.94031663340898, 45.23001750818182, 27.787573667017085, 41.97124464928426, 37.91570251695737, 51.326485606192875, 14.677924000876244, 18.22428905190150