instance_id,num_cities,city_coordinates,distance_matrix,best_route,total_distance
2309,69,"[[91.07871236171607, 47.10112261926482], [82.25021079800399, 10.624344008225773], [52.120743035757364, 25.68416114610157], [21.50067245782982, 4.4766673539590185], [14.729759428808686, 53.39471069784668], [24.76462976488296, 25.006963154651007], [54.792553789716166, 25.595657466833586], [97.24889304609992, 14.867992091465299], [97.6235207397387, 76.47515068463181], [12.732344849750355, 90.14654925382565], [47.59694203230247, 58.399907286252215], [32.81000592480554, 91.35885006889762], [21.6725140836152, 86.3815694546181], [77.03516805183295, 71.95825098507007], [59.29882971228969, 97.00184821139905], [27.724507532518295, 91.38219115481871], [58.67917658767584, 13.163342634262797], [23.32084049235942, 53.30840299209878], [22.58460827442388, 76.71108399116136], [17.523551012751582, 48.713543159271424], [69.24089492104673, 34.06030026922231], [2.1490036761085185, 49.320380037348436], [60.36552019867407, 52.800612678444224], [47.839108368329605, 72.510331315491], [65.64790498581459, 37.240182751389405], [87.34948319183928, 59.739912012841046], [61.2295906861415, 50.55376813486211], [45.83568343648473, 49.48975657003837], [97.01632954821135, 52.838037194403455], [56.68745559837829, 1.8172660168406796], [2.678673968117351, 95.45187151848685], [68.77168255311065, 55.85743191134988], [90.36651991273973, 85.2550714120346], [1.1076482975116875, 60.98087381536451], [57.30039057168745, 58.239750906734436], [66.30502435580216, 25.777282846766635], [39.98816710676875, 62.02946278419306], [58.08134218012794, 46.0261605445079], [32.93279266143628, 98.01816477811137], [30.374522164060767, 44.72393053381637], [0.22742277994530768, 26.13406025492173], [94.78546677556223, 81.92757640946071], [34.685952291680756, 94.23979792092496], [63.7884033477648, 28.482797434442798], [80.10042041974309, 0.310290784882139], [26.597648607512415, 44.65483073908747], [15.663662267823398, 84.98362974658255], [58.98426423661578, 6.066378492204116], [17.78657164828843, 51.02537860394062], [33.165673330393474, 95.70775842200231], [31.0867761310505, 38.6815939871641], [58.82433619138748, 75.27979105613876], [40.7835458420975, 74.43053280126992], [77.9320577533952, 32.268657887886285], [64.82460366789647, 54.776539693390006], [34.980714229679975, 51.347649450067756], [84.22233264540247, 32.59399738614649], [19.92380599569492, 45.02880378854635], [88.28731363407157, 50.84525975822447], [15.951044521824386, 94.22190436997761], [8.585671591282829, 2.7784289558966058], [8.734877524696238, 15.710443659241967], [90.19931774949616, 40.71485974670532], [94.08362162885095, 77.12474246319977], [0.011450014901681627, 4.3709469117722], [76.6492216875003, 53.67509563678834], [74.00668856770767, 36.45839176663538], [19.9505969652257, 87.38424600790229], [63.80613614100975, 90.79487917733671]]","[[0.0, 37.52995893548543, 44.4568286402134, 81.59624883247295, 76.60790993659973, 69.89784998916197, 42.18021260419104, 32.81837645740729, 30.094319089987778, 89.3927405132618, 44.92579310296951, 73.1709545437043, 79.75069819759617, 28.549920619465304, 59.16116425352693, 77.29533168432856, 46.92017507089798, 68.0416014647739, 74.62031966673703, 73.57283235726375, 25.435277040704122, 88.95739536651656, 31.237547275332446, 50.15267929107337, 27.275705286354373, 13.177486389165226, 30.04814180377266, 45.3060397571903, 8.256360378266088, 56.86287198647936, 100.75892867188172, 23.964067503257162, 38.160595207172506, 91.03537698120878, 35.56745792261714, 32.687027397081216, 53.226864969934404, 33.01487516806519, 77.2883766163913, 60.7507181008112, 93.23933999584628, 35.0231625054794, 73.49964692100168, 33.03638900916273, 48.06146936701653, 64.52745095567234, 84.39498875475735, 52.095142057855035, 73.39712307297978, 75.60770551936791, 60.579871864267, 42.8296875661303, 57.24072358148912, 19.82010437404588, 27.35306656608481, 56.2584961098913, 16.045766586350904, 71.18507712500835, 4.670168066786497, 88.68221100006136, 93.64615821873923, 88.12424105339929, 6.446525293631702, 30.17361808329981, 100.59380789758737, 15.856459956510067, 20.117696598385702, 81.74312711048337, 51.506677002795335], [37.52995893548543, 0.0, 33.683570473786126, 61.05980950502309, 79.92693926245707, 59.25750383054151, 31.274001263999924, 15.58746349582672, 67.62150100743136, 105.62440443913839, 59.019941398485415, 94.66992303136459, 96.99904404970177, 61.55521761710034, 89.37471189386235, 97.44168611199349, 23.707386354625385, 72.76399917513147, 89.0361798712972, 75.10211434389733, 26.804595603250483, 88.95834186152503, 47.51607434932782, 70.80959959935188, 31.369402772184685, 49.3795666178078, 45.12455408058949, 53.259159743303634, 44.72174141692124, 27.037364445195657, 116.30708876493344, 47.19854833466957, 75.07076625736255, 95.4981441880603, 53.75612061371301, 21.9968299107198, 66.54747608535715, 42.865170294036304, 100.3488297909644, 62.079536664363616, 83.4762783807976, 72.39670982363376, 96.19720796511228, 25.68584616293709, 10.535715095067273, 65.23252030625436, 99.81518832663036, 23.708212059170858, 76.07762068327905, 98.2266726847433, 58.351575156976295, 68.7684406835752, 76.09674126307246, 22.070857913500525, 47.46649521161099, 62.39225041567545, 22.05799025584538, 71.19162583026876, 40.671472488978665, 106.69644580469048, 74.08119005217804, 73.69106211709517, 31.12278006113764, 67.54504131734552, 82.47617080336757, 43.41357270255655, 27.117405523854565, 98.86012562561938, 82.26480778105805], [44.4568286402134, 33.683570473786126, 0.0, 37.2471007615496, 46.53987764868776, 27.364493973186043, 2.673276193402745, 46.40624350639095, 68.19257582084012, 75.54366546713422, 33.02703167143002, 68.45487077538255, 67.90633270684583, 52.554923311775276, 71.67801208654932, 70.08143444419356, 14.134494927705571, 39.9065549011107, 58.95871531567947, 41.56101697246166, 19.05936271718577, 55.27970312966245, 28.34216459926872, 47.02151218493441, 17.79117044392963, 48.998554061137, 26.4852498061339, 24.62129865897755, 52.46853030859339, 24.299867216524806, 85.51053504857937, 34.46273430074209, 70.7914740546894, 62.03381142594525, 32.96505988556809, 14.184586994950065, 38.31684159526368, 21.197303641846403, 74.8357235616989, 28.90347627082207, 51.89527046254207, 70.59462027860572, 70.73787713729651, 11.998610845877693, 37.77162484749487, 31.80117378335819, 69.60995413314888, 20.783775391641257, 42.67332453781375, 72.54377191043169, 24.725715848206185, 50.046624934850364, 50.04738544371453, 26.637934694632786, 31.745150251645406, 30.860901143695916, 32.83683742887419, 37.56138913466378, 44.05793585963621, 77.49625369532885, 49.1932415362608, 44.5175062941712, 40.93775461175148, 66.38536424589161, 56.29948063820677, 37.21745126457382, 24.394234099310108, 69.58317878735315, 66.15099405577583], [81.59624883247295, 61.05980950502309, 37.2471007615496, 0.0, 49.384412802432315, 20.788132743615446, 39.42538656759241, 76.45765201789509, 104.77819254247366, 86.11743280997005, 59.90601881697037, 87.61515106863216, 81.90508236771942, 87.39476145766969, 99.94803542108701, 87.12810218373124, 38.17983102055872, 48.86564659458721, 72.24254884603278, 44.41529777006494, 56.16333481286959, 48.84102427128067, 62.013547565373514, 72.9540447010456, 54.976595757445864, 85.96564479669104, 60.83984023619208, 51.17002013001338, 89.67405733341354, 35.28713821283689, 92.9018589691523, 69.8178441512639, 106.14921341137034, 60.07163042765244, 64.59170976320705, 49.609940227436006, 60.44924912874364, 55.3579784829913, 94.23749313676808, 41.21392243013854, 30.357763737210348, 106.62694027175279, 90.72635346733126, 48.62660244414233, 58.74767361279177, 40.500172578305275, 80.71828591865376, 37.51728713728821, 46.696649385770705, 91.97382357400674, 35.522815057603154, 80.03835455881045, 72.56288649836208, 62.9038630309336, 66.38554189624155, 48.77089797025037, 68.73565963038608, 40.582783015076615, 81.30499247375265, 89.91666106617531, 13.026175994495203, 17.004800803066043, 77.67052499374448, 102.6938524325625, 21.489482497574077, 73.90431535193387, 61.4793658404113, 82.92206782450955, 96.12796653333699], [76.60790993659973, 79.92693926245707, 46.53987764868776, 49.384412802432315, 0.0, 30.109181875933388, 48.76284294978155, 91.06983836333332, 86.04697771715766, 36.806076974398906, 33.246107820013926, 42.04962772178354, 33.709563818537085, 65.01206789264123, 62.35370452555113, 40.14862575167046, 59.58283515301772, 8.591514584784889, 24.603900380644127, 5.451476950214585, 57.838424246132725, 13.224053298447283, 45.63962766610879, 38.231347593259954, 53.41934406315103, 72.89640498095002, 46.58653519641274, 31.35007456309481, 82.28845306241215, 66.48820246991303, 43.74966785101433, 54.09800782605957, 82.07315103821541, 15.592042281849848, 42.84545542445288, 58.50410475683886, 26.693559186041398, 43.97334713672306, 48.1933924197253, 17.886895473929336, 30.878161066493423, 84.98847395091906, 45.45955107390545, 55.0213955258342, 84.20973195473086, 14.738802368290104, 31.602721104049053, 64.79531020955054, 3.86753610408151, 46.15492312953537, 22.000631780464506, 49.2269077046269, 33.485901481610775, 66.63963250828495, 50.11389897734351, 20.354155106490918, 72.53886824688671, 9.847157871896934, 73.6017219958455, 40.84545605596919, 50.98782004298381, 38.158126150023726, 76.52733402688746, 82.82602159736976, 51.18552576418779, 61.920097077762414, 61.64895154889301, 34.38816155561646, 61.703025480863666], [69.89784998916197, 59.25750383054151, 27.364493973186043, 20.788132743615446, 30.109181875933388, 0.0, 30.033694115681996, 73.18993890994098, 89.20421695024953, 66.24153951600698, 40.452480779962, 66.83787081165603, 61.4524489167218, 70.26117421266429, 79.84907288342069, 66.44119029994563, 35.923082178821616, 28.33824314131223, 51.75005898716762, 24.787802585345016, 45.38833633381446, 33.20555350990391, 45.16536674854141, 52.810998375766616, 42.67427626208166, 71.57682316825225, 44.52339407194662, 32.30164819714401, 77.4265897724186, 39.456670697602526, 73.82597481812154, 53.74357745455648, 89.06987447821447, 43.05548769172803, 46.507998377189075, 41.54753633125952, 40.030258155790506, 39.39301949678275, 73.46668937420695, 20.49950475893074, 24.5630794994258, 90.23787358409842, 69.94010330600703, 39.17826347081506, 60.59682626621802, 19.73318673435651, 60.66323552912631, 39.11175182389972, 26.937914499277834, 71.19817402451787, 15.065359706318436, 60.72413710438609, 51.9547390418144, 53.66104368452343, 49.91021134403223, 28.25243593578123, 59.93981581768518, 20.598729988361868, 68.57659175928117, 69.77383013908421, 27.49302493739633, 18.53046765762515, 67.29365799977256, 86.72592203655984, 32.226775732475026, 59.277927586833755, 50.55606365606623, 62.56277110191566, 76.50025565137084], [42.18021260419104, 31.274001263999924, 2.673276193402745, 39.42538656759241, 48.76284294978155, 30.033694115681996, 0.0, 43.79067877367315, 66.50725193521303, 77.04465462684313, 33.5841574969249, 69.3399589836139, 69.2232917905555, 51.42201830879982, 71.54823966625337, 71.13752274898393, 13.025678057966102, 41.93405540153644, 60.41637677881708, 43.85675782451338, 16.745290060770216, 57.742582463999796, 27.769903540723977, 47.427176023395084, 15.919598571989662, 47.1782128804958, 25.774846888458917, 25.51770950689673, 50.249323304148035, 23.853774393449076, 87.1535834701617, 33.33453214782446, 69.460440093674, 64.29760970471038, 32.74028225043251, 11.51390317458125, 39.32673435414492, 20.693515532257127, 75.6496445585671, 31.018238167190706, 54.56778719790348, 69.08486216858341, 71.52827023269768, 9.447797969030153, 35.77482189479034, 34.03240755596431, 71.1196274120744, 19.97406252467314, 44.90115178213914, 73.37185195120541, 27.07777001557204, 49.847451287446475, 50.804501302604876, 24.082474505425875, 30.857185747868417, 32.4911384512327, 30.250432147671038, 39.91837607774344, 41.94569528455161, 78.85572018705433, 51.53350249517503, 47.106549384933516, 38.49973002091384, 64.79995842978776, 58.74910781393304, 35.58326544226007, 22.072199068849326, 70.93512267739547, 65.81932222728287], [32.81837645740729, 15.58746349582672, 46.40624350639095, 76.45765201789509, 91.06983836333332, 73.18993890994098, 43.79067877367315, 0.0, 61.60829762160623, 113.18086449339674, 66.03289998177168, 100.01610634070215, 104.0479735716018, 60.56312688990449, 90.47749791064179, 103.38308778203324, 38.60736791669655, 83.3247990972565, 96.95010797405122, 86.61207473220955, 33.952800358188156, 101.14818828510097, 52.908098597454135, 75.92078828042605, 38.718695242870616, 45.95092504937186, 50.70369566725467, 61.98374543355711, 37.970757312696676, 42.6092907580063, 124.24688309960281, 49.91077733526055, 70.7227544374999, 106.62803009851707, 58.96602676692755, 32.8106024678928, 74.18217476591134, 50.04926075564635, 105.12141545141596, 73.2363198224896, 97.67338421734945, 67.1048159068536, 101.0643612579153, 36.12433107172449, 22.494372201699754, 76.6736858207594, 107.57486939303406, 39.263853859221506, 87.30187352709919, 103.1587459671129, 70.31723366236402, 71.59631291923594, 82.07333117813408, 25.998524879004542, 51.420100285555336, 72.16710811799713, 21.997784878939164, 82.99905812465279, 37.07659226956714, 113.60626553400071, 89.48365423670873, 88.51802453945378, 26.79098877327933, 62.3371631532372, 97.80239406451174, 43.935609084883914, 31.722947958047364, 105.9888374267765, 82.96571684716298], [30.094319089987778, 67.62150100743136, 68.19257582084012, 104.77819254247366, 86.04697771715766, 89.20421695024953, 66.50725193521303, 61.60829762160623, 0.0, 85.98499219528193, 53.19185088979304, 66.5004978178867, 76.59433755131545, 21.07801340965264, 43.47559377058377, 71.470916483021, 74.33065975787571, 77.83049846039643, 75.03928336879497, 84.77447730688995, 51.03521317801507, 99.26109498408715, 44.14342934259177, 49.94204148607088, 50.61445160786749, 19.637312976511023, 44.68149749099319, 58.39684570307062, 23.644910980864445, 85.1443549058122, 96.82272389316842, 35.4615128577661, 11.390832672923459, 97.75165599101504, 44.25476959164225, 59.59129146994794, 59.4181107686401, 49.907162670237064, 68.18351527702809, 74.36778731747422, 109.63678800222996, 6.14682817299733, 65.39663763209784, 58.72036392444773, 78.15462192585366, 77.82806224993762, 82.40031927537683, 80.3143034879797, 83.79516298205972, 67.26594452637973, 76.52118210643707, 38.817594029749536, 56.87673697262743, 48.39388101745148, 39.32681883949963, 67.4945370067065, 45.881885937098836, 83.82194464705957, 27.277391224591966, 83.57835029440407, 115.58090402201316, 107.67330454895762, 36.52283118825092, 3.599007529034487, 121.3553977081722, 30.980053759111218, 46.466071021153994, 78.43526916160553, 36.72424437892676], [89.3927405132618, 105.62440443913839, 75.54366546713422, 86.11743280997005, 36.806076974398906, 66.24153951600698, 77.04465462684313, 113.18086449339674, 85.98499219528193, 0.0, 47.15283038078325, 20.114227489789663, 9.70060301314225, 66.82564826226164, 47.0683825540119, 15.0429968029668, 89.65224731251048, 38.3296916237782, 16.660696906594833, 41.7091075249489, 79.61710592782892, 42.1756233301908, 60.52799660086006, 39.28767017676009, 74.82740220670192, 80.57469157661896, 62.60647866195251, 52.42905508323068, 92.17220377499095, 98.66161380234799, 11.367618155449502, 65.69741957152756, 77.78812051455938, 31.396977461425887, 54.811992120653834, 83.74625034735035, 39.159295173010655, 63.27037425787749, 21.679954399279133, 48.728438429452126, 65.2224794362089, 82.46372737384938, 22.331940452300426, 80.05710085804454, 112.28985235408886, 47.557786972473636, 5.937032898996752, 95.96205063603286, 39.44630783163979, 21.176589909852655, 54.639974087287456, 48.43028148943636, 32.15374084379701, 87.18287028817754, 62.96539529838616, 44.725211749614274, 91.77752764977052, 45.68728564144911, 85.16539593060554, 5.193124964966218, 87.46646982418973, 74.54336698260207, 91.89463432528746, 82.38687811588822, 86.71375394100619, 73.59031236264593, 81.46756073699348, 7.728743935789504, 51.07790607055896], [44.92579310296951, 59.019941398485415, 33.02703167143002, 59.90601881697037, 33.246107820013926, 40.452480779962, 33.5841574969249, 66.03289998177168, 53.19185088979304, 47.15283038078325, 0.0, 36.124027859540945, 38.145109544622315, 32.41045872912377, 40.336633702672344, 38.50642416707782, 46.57427083974509, 24.804284346761715, 30.998645653220407, 31.594849222860116, 32.57110938229818, 46.34601294493402, 13.942334399079986, 14.112501933364761, 27.813148076770133, 39.77511962656993, 15.729304145511195, 9.08255567706513, 49.731381052270926, 57.30822567413794, 58.22799034272768, 21.326833265994757, 50.50184781068408, 46.56088294034012, 9.704770147839294, 37.606222484351754, 8.430132204186558, 16.218269170554258, 42.24504235365766, 21.99190956354569, 57.31453776179874, 52.728626777267934, 38.094506385931055, 34.01759664372757, 66.56485298232894, 25.097757940259307, 41.55031475650167, 53.55809316081285, 30.70898656286687, 40.00171587212214, 25.71764875426715, 20.272761422370053, 17.41847645597732, 40.038249723629114, 17.604576624943903, 14.453495928518125, 44.80361841787479, 30.73416448916335, 41.38573474474982, 47.79830859256543, 67.93841382514455, 57.729111915524726, 46.12725141632621, 50.11617336066281, 71.99658054161493, 29.433973538867143, 34.33518334539563, 40.055115612106576, 36.2239172022837], [73.1709545437043, 94.66992303136459, 68.45487077538255, 87.61515106863216, 42.04962772178354, 66.83787081165603, 69.3399589836139, 100.01610634070215, 66.5004978178867, 20.114227489789663, 36.124027859540945, 0.0, 12.199059259871804, 48.29335575390543, 27.08322753441068, 5.08555195669537, 82.3635318192751, 39.215823124710774, 17.863812811841484, 45.30229470120107, 67.8994365381799, 52.03200958533182, 47.39244705178169, 24.10685751929235, 63.302115027573535, 63.042143240486624, 49.72652722290297, 43.84848076107636, 74.87526305626788, 92.67053403032476, 30.408057979274773, 50.5330869541516, 57.8792572199682, 43.90741304596592, 41.19045604828172, 73.64005852118594, 30.19501542391448, 51.90080130059926, 6.660446605074092, 46.69847215051424, 72.91020457157602, 62.68896769370878, 3.4378823856399214, 70.09321723095283, 102.59738520448697, 47.11537758521103, 18.293182745530935, 89.21825769333562, 43.04059128166492, 4.363427914736464, 52.705434532148736, 30.582372667184988, 18.712168883539682, 74.34816993854513, 48.61275451012723, 40.070040547834516, 78.08031281732194, 48.08874438943589, 68.69557970153289, 17.100340918184667, 91.8330516669183, 79.3869838185214, 76.53983843375867, 62.90521282674136, 92.96580320444997, 57.80953370152384, 68.63837835044204, 13.459638785324174, 31.001260483187064], [79.75069819759617, 96.99904404970177, 67.90633270684583, 81.90508236771942, 33.709563818537085, 61.4524489167218, 69.2232917905555, 104.0479735716018, 76.59433755131545, 9.70060301314225, 38.145109544622315, 12.199059259871804, 0.0, 57.21062462583871, 39.09641861680385, 7.8506587044708045, 82.03902613029025, 33.11421627952678, 9.71340336400353, 37.89583221873243, 70.71255945491983, 41.889130089496525, 51.23308872421456, 29.61590626628236, 65.94475636559365, 70.87483462053098, 53.370344356637254, 44.10061916896742, 82.47338410211611, 91.52686788696953, 21.048428489151327, 56.12534760051176, 68.70324180627681, 32.68193757656433, 45.40162479726183, 75.26579919487655, 30.471105082558356, 54.35220135066856, 16.192721339320382, 42.556830533864186, 63.950405047898144, 73.24849421920696, 15.202017255082163, 71.59620052736281, 104.0292518990052, 42.01639767891396, 6.169322132248159, 88.55900066514394, 35.569098668369485, 14.801030711648561, 48.62011918427899, 38.77508697007009, 22.540159980873934, 78.05987094635003, 53.48813645751691, 37.47644249409156, 82.49595572592352, 41.38972346138351, 75.50073394335635, 9.70598091547187, 84.62121807010392, 71.84560154189367, 82.34908133190662, 73.00039275152395, 84.82301519313056, 63.96992893977186, 72.32696239575758, 1.9925759290698732, 42.36412881653542], [28.549920619465304, 61.55521761710034, 52.554923311775276, 87.39476145766969, 65.01206789264123, 70.26117421266429, 51.42201830879982, 60.56312688990449, 21.07801340965264, 66.82564826226164, 32.41045872912377, 48.29335575390543, 57.21062462583871, 0.0, 30.688099643499353, 52.99840273601718, 61.59369830276499, 56.85987878396641, 54.65759674241989, 63.890132293751165, 38.69115353796164, 78.23305449714793, 25.394729079787847, 29.20127897428343, 36.53784369681949, 15.989774984272115, 26.607671110935367, 38.44790087302116, 27.655548993739973, 73.0327815053066, 77.97973081634622, 18.09755694651258, 18.828977027609433, 76.71695422505262, 24.03453112898508, 47.411156935139914, 38.35441453289911, 32.120411420036476, 51.22634695131218, 54.02706807800741, 89.43872869078692, 20.35830430559055, 47.85314419507487, 45.4487825640874, 71.71349923777734, 57.35346654584137, 62.738522568495185, 68.31964570430915, 62.83773803945175, 49.8855858000215, 56.73262395713872, 18.51126752799848, 36.33582653822666, 39.6997255828902, 21.07864050371618, 46.83347074384128, 40.01499464320128, 63.14192586718941, 23.92423831073313, 65.01492451331964, 97.31999456273607, 88.48019843476146, 33.90345606772285, 17.814106869594234, 102.47290769822587, 18.287228441881076, 35.62880425322256, 59.13213659750814, 23.017946193161393], [59.16116425352693, 89.37471189386235, 71.67801208654932, 99.94803542108701, 62.35370452555113, 79.84907288342069, 71.54823966625337, 90.47749791064179, 43.47559377058377, 47.0683825540119, 40.336633702672344, 27.08322753441068, 39.09641861680385, 30.688099643499353, 0.0, 32.07052176915082, 83.84079548407418, 56.599760277243334, 41.948172408698845, 63.85087560269958, 63.72192023136552, 74.42865727123372, 44.21410466393605, 27.039963260769486, 60.09798179126313, 46.640015543470554, 46.48819184195635, 49.382741517465156, 58.07798203637633, 95.22039677671715, 56.64136707604172, 42.2208234597053, 33.21427614091908, 68.43773952204573, 38.81357940792086, 71.5683273156749, 39.94958613970005, 50.99022464162526, 26.38561746730117, 59.74609814748277, 92.25873664217852, 38.55561023274228, 24.767370807758926, 68.66597840855006, 98.90380909512953, 61.72177479539888, 45.259975839307145, 90.93601379260642, 61.944356701299164, 26.165177829773366, 64.78558497111919, 21.727238921634125, 29.193835242004976, 67.36158487366495, 42.58533617631202, 51.726942739395355, 69.06194499422143, 65.20421642242334, 54.504704913604805, 43.43683423869861, 107.0040987196492, 95.73403634492647, 64.21109897332474, 40.0634631753617, 109.97944020117336, 46.67165724885917, 62.3043435916782, 40.506563572609124, 7.670871908211607], [77.29533168432856, 97.44168611199349, 70.08143444419356, 87.12810218373124, 40.14862575167046, 66.44119029994563, 71.13752274898393, 103.38308778203324, 71.470916483021, 15.0429968029668, 38.50642416707782, 5.08555195669537, 7.8506587044708045, 52.99840273601718, 32.07052176915082, 0.0, 84.12122086724611, 38.32760921920717, 15.545415716245019, 43.87109567455653, 70.77718273917507, 49.22704898722833, 50.53685690266842, 27.581592785393145, 66.10250485690909, 67.50090037676131, 52.81619754798454, 45.63979368998631, 79.29065772699, 94.13144095166776, 25.374319246003406, 54.28516460763074, 62.940950988893, 40.40664910024531, 44.42020039514061, 76.10821422461316, 31.81163323303029, 54.57753129764816, 8.435779745414417, 46.73345548667215, 70.80542532758541, 67.72416108435999, 7.525133192480162, 72.5047468222862, 105.05868497064778, 46.74094588750331, 13.653042759542009, 90.86231495775198, 41.562421595785004, 6.951029954107293, 52.8077436741628, 35.02123115410121, 21.39853271854166, 77.55777146413249, 52.119006630689924, 40.68681684700067, 81.53561166183152, 47.0051855096254, 72.8772686778705, 12.111085930193285, 90.64723777914396, 78.01807109169195, 80.43805308227566, 67.87346216927675, 91.31796198830668, 61.769350875272785, 71.82384019674421, 8.741696111511544, 36.08640822248735], [46.92017507089798, 23.707386354625385, 14.134494927705571, 38.17983102055872, 59.58283515301772, 35.923082178821616, 13.025678057966102, 38.60736791669655, 74.33065975787571, 89.65224731251048, 46.57427083974509, 82.3635318192751, 82.03902613029025, 61.59369830276499, 83.84079548407418, 84.12122086724611, 0.0, 53.496147548806256, 73.08305749818688, 54.38384202896742, 23.414370214694127, 67.10433520406735, 39.6731260594589, 60.3288665941099, 25.065063445215987, 54.693356962745035, 37.47730688282604, 38.530035890951396, 55.170813711236406, 11.51956627254782, 99.53621591949813, 43.870764021865625, 78.74836560315575, 74.8398099805231, 45.09749032512158, 14.739913224549817, 52.318749353580486, 32.86825530783121, 88.67478292243798, 42.39368078624124, 59.873592165448144, 77.66713615051047, 84.55215203629095, 16.148990478069123, 24.98140566813138, 44.954846908852026, 83.71671346330716, 7.103518741243835, 55.72915670004337, 86.39745034547362, 37.58352983779767, 62.11661803300407, 63.82728406208667, 27.123541511418626, 42.0645271396228, 44.94060975484062, 32.09366238802105, 50.1735624038889, 47.92252766179249, 91.63069191324233, 51.158632457589874, 50.00920647764565, 41.86413016005818, 73.10632938912148, 59.32291600855998, 44.318445959074, 27.885335529228833, 83.7176527213442, 77.8006502562809], [68.0416014647739, 72.76399917513147, 39.9065549011107, 48.86564659458721, 8.591514584784889, 28.33824314131223, 41.93405540153644, 83.3247990972565, 77.83049846039643, 38.3296916237782, 24.804284346761715, 39.215823124710774, 33.11421627952678, 56.85987878396641, 56.599760277243334, 38.32760921920717, 53.496147548806256, 0.0, 23.41425881429116, 7.397384821252841, 49.79097164310021, 21.544163972212353, 37.048159813222604, 31.142567507746115, 45.274364604454206, 64.35084610338502, 38.00870103609536, 22.836379163416954, 73.69699010926315, 61.35689195712246, 46.927294597592166, 45.522264799354296, 74.2678446709862, 23.500908833896364, 34.33552119669575, 51.04510396563968, 18.81107812882295, 35.51511695955474, 45.731306819974144, 11.110697210918165, 35.66161584726089, 76.98214011633398, 42.47993475784315, 47.47561831888559, 77.67059027881065, 9.253203994380524, 32.587610656663266, 59.191964589892066, 5.986679546742066, 43.5273026327169, 16.560594736033195, 41.75212689566297, 27.40602936959762, 58.52397734930774, 41.52972168344911, 11.82358702014092, 64.32789710596073, 8.949391395117026, 65.01315026256908, 41.57196757004662, 52.63462243279152, 40.32811502772224, 68.05386140188483, 74.66317177815127, 54.20518694778656, 53.32964189257157, 53.41327619062068, 34.24210301178758, 55.175130815839815], [74.62031966673703, 89.0361798712972, 58.95871531567947, 72.24254884603278, 24.603900380644127, 51.75005898716762, 60.41637677881708, 96.95010797405122, 75.03928336879497, 16.660696906594833, 30.998645653220407, 17.863812811841484, 9.71340336400353, 54.65759674241989, 41.948172408698845, 15.545415716245019, 73.08305749818688, 23.41425881429116, 0.0, 28.45130213609335, 63.21311917432535, 34.17403397879903, 44.711384950862566, 25.60148624660756, 58.41574760570223, 66.95154741592002, 46.66518872144597, 35.799625176247105, 78.1665113404646, 82.29269813520288, 27.339775744350025, 50.67662809906314, 68.31827915274577, 26.621407213455694, 39.323983603226715, 67.12471140605065, 22.769142743981174, 46.92102561644772, 23.687055785158726, 32.922040409301715, 55.298092853647944, 72.38905829924559, 21.300195751576727, 63.43280186656454, 95.63027684412657, 32.30646785515391, 10.785847528211045, 79.47080828329565, 26.12999457911995, 21.74471377484715, 38.96830722813582, 36.267981456946245, 18.341271556841352, 70.98217664859503, 47.59560320440828, 28.23060846978463, 75.79925063051158, 31.793816184967483, 70.61080905092267, 18.72519688545272, 75.24631358958425, 62.5531227257612, 76.59945885745927, 71.50020995764997, 75.78022767499614, 58.76767123996162, 65.30321257802973, 10.993379963077109, 43.56107949192549], [73.57283235726375, 75.10211434389733, 41.56101697246166, 44.41529777006494, 5.451476950214585, 24.787802585345016, 43.85675782451338, 86.61207473220955, 84.77447730688995, 41.7091075249489, 31.594849222860116, 45.30229470120107, 37.89583221873243, 63.890132293751165, 63.85087560269958, 43.87109567455653, 54.38384202896742, 7.397384821252841, 28.45130213609335, 0.0, 53.7531504948654, 15.38651867068287, 43.03647825951937, 38.5398513792066, 49.47313861454335, 70.691170698847, 43.74476347967516, 28.32277086794398, 79.59970659703144, 61.09887259362275, 49.03918547737258, 51.74365790007524, 81.49467102339963, 20.49315162150863, 40.90165766011385, 53.90458402252759, 26.11460686491275, 40.646727416787755, 51.65646562788184, 13.45601978420704, 28.442733695506455, 84.09860660013534, 48.65375515088194, 50.4947485800578, 79.11219517368035, 9.940442327633102, 36.31774176892827, 59.479167741079415, 2.326749444600129, 49.52910516817319, 16.870123882218515, 49.107233516964065, 34.67550887453358, 62.606884112079925, 47.688043671946986, 17.65477452514448, 68.61900048246052, 4.39755934733299, 70.79586369262526, 45.535521483212584, 46.79658540352919, 34.153262776614646, 73.11460871199523, 81.6617453807452, 47.67535551338477, 59.33348073159028, 57.797349106239466, 38.74679097502822, 62.55330948255082], [25.435277040704122, 26.804595603250483, 19.05936271718577, 56.16333481286959, 57.838424246132725, 45.38833633381446, 16.745290060770216, 33.952800358188156, 51.03521317801507, 79.61710592782892, 32.57110938229818, 67.8994365381799, 70.71255945491983, 38.69115353796164, 63.72192023136552, 70.77718273917507, 23.414370214694127, 49.79097164310021, 63.21311917432535, 53.7531504948654, 0.0, 68.80546421144318, 20.73575621137962, 44.0050151131333, 4.79804431774787, 31.42233964020004, 18.33617947608234, 28.033409467559693, 33.52727505717109, 34.60060832742935, 90.55083808910946, 21.802181268636012, 55.38227716205402, 73.25883274743532, 26.967044280917282, 8.787929994974569, 40.47216495772221, 16.362072897558118, 73.54513391266441, 40.30270390066834, 69.4671477587419, 54.256808571057164, 69.39463954607774, 7.799884757397636, 35.45408910478293, 43.93962371292749, 73.91688131839308, 29.813723844139698, 54.178974393768705, 71.4271006657382, 38.43296939176872, 42.5153044973352, 49.39206810098933, 8.87391085153524, 21.181742239770823, 38.37463254163585, 15.053023630940922, 50.52210733455684, 25.387022882553726, 80.36931481322654, 68.2466965504339, 63.22733094773421, 21.98951225687894, 49.71626747611967, 75.32711161857002, 20.967200642671454, 5.335131855213948, 72.6152646605058, 56.99428959885586], [88.95739536651656, 88.95834186152503, 55.27970312966245, 48.84102427128067, 13.224053298447283, 33.20555350990391, 57.742582463999796, 101.14818828510097, 99.26109498408715, 42.1756233301908, 46.34601294493402, 52.03200958533182, 41.889130089496525, 78.23305449714793, 74.42865727123372, 49.22704898722833, 67.10433520406735, 21.544163972212353, 34.17403397879903, 15.38651867068287, 68.80546421144318, 0.0, 58.320449374625845, 51.23826213942808, 64.6377725019008, 85.83523959481194, 59.09345993973585, 43.68700810190016, 94.93252040264352, 72.32557348354102, 46.134532152093875, 66.94262011567467, 95.25561513713633, 11.706901219865323, 55.86797520235978, 68.33939138431407, 39.91645116237612, 56.029263537862285, 57.611768788597956, 28.597329280061356, 23.265809639757894, 98.20765525571792, 55.46536872871001, 65.06627729181297, 92.07829397243687, 24.88982903188298, 38.13808302305977, 71.42237389395636, 15.730243233867311, 55.80163680255352, 30.831452175912762, 62.33766386511391, 46.0776260261209, 77.67774786606145, 62.91264191339309, 32.894240212311374, 83.76039162215262, 18.28554686630007, 86.1518061364778, 46.97492116971032, 46.98493273719235, 34.24911031968387, 88.46984112054726, 96.04715793830032, 45.00022971013802, 74.62738124640921, 72.99970972720588, 42.0208830970439, 74.30838487483943], [31.237547275332446, 47.51607434932782, 28.34216459926872, 62.013547565373514, 45.63962766610879, 45.16536674854141, 27.769903540723977, 52.908098597454135, 44.14342934259177, 60.52799660086006, 13.942334399079986, 47.39244705178169, 51.23308872421456, 25.394729079787847, 44.21410466393605, 50.53685690266842, 39.6731260594589, 37.048159813222604, 44.711384950862566, 43.03647825951937, 20.73575621137962, 58.320449374625845, 0.0, 23.35345803291116, 16.43260687031114, 27.86194777952306, 2.407265712449899, 14.902279171537392, 36.65082845681014, 51.11584681897768, 71.74191319353152, 8.944702865484615, 44.1967405532771, 59.81982994394734, 6.243335991013066, 27.66835854950882, 22.36980539268421, 7.149172744828852, 52.88838774266462, 31.05950349856754, 65.78522462757867, 45.09005143647305, 48.75085928935524, 24.557529747385374, 56.07762636939364, 34.73647816346287, 55.0817818346324, 46.75464161991893, 42.61593969016366, 50.80211438037642, 32.505254082719, 22.53194862146915, 29.177168543596586, 27.021184451887798, 4.877264905034893, 25.42635397036886, 31.26427356727317, 41.18171027405906, 27.990176021090306, 60.73194427189504, 71.99563588285518, 63.57203709809031, 32.188831917770386, 41.5761187924189, 77.38246774314766, 16.30716574459326, 21.287312155429234, 53.1920455917229, 38.1497329591115], [50.15267929107337, 70.80959959935188, 47.02151218493441, 72.9540447010456, 38.231347593259954, 52.810998375766616, 47.427176023395084, 75.92078828042605, 49.94204148607088, 39.28767017676009, 14.112501933364761, 24.10685751929235, 29.61590626628236, 29.20127897428343, 27.039963260769486, 27.581592785393145, 60.3288665941099, 31.142567507746115, 25.60148624660756, 38.5398513792066, 44.0050151131333, 51.23826213942808, 23.35345803291116, 0.0, 39.51122140223892, 41.5229253287834, 25.71761426354671, 23.107586915740665, 52.966010223176006, 71.24466808135715, 50.65352013534251, 26.74867698720454, 44.39604861692169, 48.13270977825446, 17.12207131553781, 50.24905842338278, 13.095261885996411, 28.395680215169005, 29.54399796761349, 32.819138314193836, 66.46526252148979, 47.88157341671468, 25.40029987487065, 46.827382480637155, 79.07994757143076, 35.03039430455263, 34.50858596809859, 67.37220024692355, 36.9426333160886, 27.448685217591706, 37.74949144845687, 11.32895130096134, 7.312190937575296, 50.24915803221092, 24.555944613630878, 24.76282301277407, 54.00974655703102, 39.17267493763785, 45.884993568715636, 38.57772699860766, 80.02106288657765, 68.95917710961086, 52.965454317863916, 46.47416268145811, 83.24938804874172, 34.42076019694699, 44.547554351784825, 31.606999328601013, 24.274897866019245], [27.275705286354373, 31.369402772184685, 17.79117044392963, 54.976595757445864, 53.41934406315103, 42.67427626208166, 15.919598571989662, 38.718695242870616, 50.61445160786749, 74.82740220670192, 27.813148076770133, 63.302115027573535, 65.94475636559365, 36.53784369681949, 60.09798179126313, 66.10250485690909, 25.065063445215987, 45.274364604454206, 58.41574760570223, 49.47313861454335, 4.79804431774787, 64.6377725019008, 16.43260687031114, 39.51122140223892, 0.0, 31.26013937062388, 14.02758200880372, 23.29326472305376, 35.0324295867733, 36.53864643370879, 85.75386151117362, 18.87749857830722, 54.004068892998795, 68.76819865015467, 22.597850774023655, 11.481719387348463, 35.678152314351955, 11.595097173959864, 69.02348639149741, 36.058535973621815, 66.35650268779243, 53.347545951081884, 64.86600530407996, 8.952627766828122, 39.65718248975637, 39.74794998478041, 69.12207499109003, 31.87805169743568, 49.807016107562475, 66.88462288235831, 34.591173643954676, 38.64677077157981, 44.736545379146065, 13.252036397689526, 17.55567258345115, 33.75643946756629, 19.146707323439735, 46.38271063789509, 26.412893523896333, 75.60882579828625, 66.6611652660916, 60.84917715274344, 24.796073255950102, 48.983344969571256, 73.40661336575236, 19.77714162161562, 8.39526414788528, 67.84298814322482, 53.5863566754922], [13.177486389165226, 49.3795666178078, 48.998554061137, 85.96564479669104, 72.89640498095002, 71.57682316825225, 47.1782128804958, 45.95092504937186, 19.637312976511023, 80.57469157661896, 39.77511962656993, 63.042143240486624, 70.87483462053098, 15.989774984272115, 46.640015543470554, 67.50090037676131, 54.693356962745035, 64.35084610338502, 66.95154741592002, 70.691170698847, 31.42233964020004, 85.83523959481194, 27.86194777952306, 41.5229253287834, 31.26013937062388, 0.0, 27.688156743563432, 42.76051048256198, 11.877869947388998, 65.53772085845021, 91.89390614362196, 18.97915510002542, 25.692914777064836, 86.2507627336465, 30.086516093405336, 39.95409149979447, 47.416624764364656, 32.32168092189249, 66.53120202614392, 58.92050478309986, 93.37883423340082, 23.400562028174047, 62.95783997678731, 39.14245387282163, 59.87009930150821, 62.59668587391161, 76.00067240867602, 60.70777418888546, 70.10664558335908, 65.03515377404999, 60.07449511963195, 32.48340887403457, 48.8282793103494, 29.04062163739781, 23.0652392649552, 53.036949700511116, 27.32544146870951, 69.01187325776321, 8.94395687986773, 79.28899571462298, 97.20261606507573, 90.10466307412166, 19.23731194151645, 18.64352301139883, 103.41012685215715, 12.29949567813558, 26.833921691699107, 72.84791738010429, 38.97050392211663], [30.04814180377266, 45.12455408058949, 26.4852498061339, 60.83984023619208, 46.58653519641274, 44.52339407194662, 25.774846888458917, 50.70369566725467, 44.68149749099319, 62.60647866195251, 15.729304145511195, 49.72652722290297, 53.370344356637254, 26.607671110935367, 46.48819184195635, 52.81619754798454, 37.47730688282604, 38.00870103609536, 46.66518872144597, 43.74476347967516, 18.33617947608234, 59.09345993973585, 2.407265712449899, 25.71761426354671, 14.02758200880372, 27.688156743563432, 0.0, 15.430635146393486, 35.85956725224606, 48.947703008980895, 73.78380266676186, 9.220195181438987, 45.31159999260781, 61.019443536090094, 8.632088085101072, 25.290991482469337, 24.14310757468921, 5.514589662690202, 55.25918681231794, 31.400991384936624, 65.70834514882698, 45.93813955505631, 51.11784363296891, 22.218804420941545, 53.670431627224055, 35.130739737967204, 57.111025233535344, 44.54401562592459, 43.445578826364006, 53.16452102860899, 32.39657062554422, 24.84273452516918, 31.434704399750263, 24.765251116771555, 5.545801833323913, 26.260878941292365, 29.17566705581179, 41.67364970723816, 27.059293015402893, 62.905110007079735, 71.09054262932041, 63.00596932367412, 30.59492121898348, 42.25404153381886, 76.68450771418951, 15.732377620447155, 19.024559528070217, 55.321238443909664, 40.32351180655987], [45.3060397571903, 53.259159743303634, 24.62129865897755, 51.17002013001338, 31.35007456309481, 32.30164819714401, 25.51770950689673, 61.98374543355711, 58.39684570307062, 52.42905508323068, 9.08255567706513, 43.84848076107636, 44.10061916896742, 38.44790087302116, 49.382741517465156, 45.63979368998631, 38.530035890951396, 22.836379163416954, 35.799625176247105, 28.32277086794398, 28.033409467559693, 43.68700810190016, 14.902279171537392, 23.107586915740665, 23.29326472305376, 42.76051048256198, 15.430635146393486, 0.0, 51.290052832428394, 48.891996426801505, 63.047945856999526, 23.803515385972126, 57.115261909773984, 46.18054680207932, 14.4222713394313, 31.325314487616808, 13.836100576521002, 12.726062057598016, 50.214450047393704, 16.17901745160793, 51.2406283185403, 58.722171663499054, 46.118138573748524, 27.63317723927985, 59.93906952435302, 19.83629229144267, 46.585039384707514, 45.37041922605643, 28.091116160411616, 47.92319742334183, 18.285148211653482, 28.876131651966308, 25.447326250295642, 36.424490169550076, 19.711143227836224, 11.012816280785914, 41.94045202294048, 26.29306928118536, 42.4732656541247, 53.79643752011132, 59.74538902663003, 50.174812207219034, 45.223123108856, 55.60176242826859, 64.30837700995556, 31.09648215876618, 31.039039913353623, 45.891502823299845, 45.044981118982825], [8.256360378266088, 44.72174141692124, 52.46853030859339, 89.67405733341354, 82.28845306241215, 77.4265897724186, 50.249323304148035, 37.970757312696676, 23.644910980864445, 92.17220377499095, 49.731381052270926, 74.87526305626788, 82.47338410211611, 27.655548993739973, 58.07798203637633, 79.29065772699, 55.170813711236406, 73.69699010926315, 78.1665113404646, 79.59970659703144, 33.52727505717109, 94.93252040264352, 36.65082845681014, 52