instance_id,num_cities,city_coordinates,distance_matrix,best_route,total_distance
2107,75,"[[12.436706545680886, 83.92290286099778], [23.40309118099223, 77.78830164664144], [9.26611700980441, 33.66114062263124], [39.175013832390995, 2.2152441964023883], [30.104495933563236, 67.66562887068368], [77.58683725774131, 4.302800934879503], [48.793002070636916, 84.25113492791681], [17.928140853386076, 65.29793258667247], [11.231223572787552, 71.1389181751692], [15.525971609792466, 94.79868933766917], [23.432142448022397, 65.77648806513517], [71.32469906572935, 96.07613819477761], [11.30557616033303, 98.18177488150033], [70.58442300328635, 77.80355689231476], [51.380172040047775, 93.0694242549183], [17.17251892275383, 94.03883004082473], [68.02391009305913, 44.28040451829194], [96.90201226081803, 34.63706655920564], [91.2383375328315, 23.246947030809583], [78.85300452932762, 5.676076478647807], [71.3255542917322, 0.10470572923119148], [20.252058642092475, 33.12466438294711], [54.8560439347737, 82.44697408790884], [45.713798268858405, 5.6285529538710914], [66.49716928639496, 73.68929641747546], [3.1648338042964186, 78.43970524386837], [8.857582417628052, 96.60601259612199], [43.290159352970925, 1.1943598190440552], [85.64397702222375, 76.42558673572806], [12.491817958984575, 74.72871382127103], [31.049001640614414, 53.94092667288053], [72.11142470747754, 58.544517721957725], [7.254740741697663, 97.6049051677521], [74.86102090105886, 98.85933525592583], [44.09434411109734, 69.61657009718975], [9.101446277217873, 85.29526420206356], [16.643803216756115, 72.47301221267493], [51.59471733781884, 29.725892180010216], [48.43955524704224, 17.129106358605284], [89.46223630270875, 42.99416603110575], [95.9289273964324, 53.22042159153148], [37.5601771331188, 80.75638283325127], [68.6421685549329, 19.333242601086475], [39.48104124515831, 62.60557192182701], [37.41474816489656, 39.38807227398664], [70.5828300478255, 68.25844076310509], [91.2494343186447, 18.412683636799297], [97.57438765093998, 52.85458527023744], [73.5197116981039, 35.73112961525463], [83.89141112638373, 19.962822655509704], [78.35458975611168, 13.588765471086962], [48.32585545713707, 32.9034016776845], [70.78880234008574, 43.554467681781205], [29.68763067377651, 11.468618938828868], [61.33336414875744, 89.19181777336973], [2.5473264671980966, 56.77858354300038], [74.97931879288218, 27.050512841503394], [82.85465843840623, 93.86880831331386], [46.809939365306995, 20.18713694165738], [94.42368849175708, 69.98353984116254], [47.52139777462388, 14.596404011937569], [78.49169812835153, 28.00316212103039], [33.3529389598937, 36.877041944294064], [72.6503310965947, 52.107033880601975], [59.84539495292762, 85.89934228452233], [89.36544523102631, 29.830778684807278], [10.799287684110492, 66.50230903088034], [81.30436379130964, 55.174310564807946], [63.05288555323207, 29.928534642863834], [57.313323416684185, 83.72484479627754], [85.86746691460436, 38.00708774698675], [77.38565758276145, 22.896648864165904], [96.24192210298652, 19.352917614396205], [51.7645213085128, 2.722148010486769], [12.878280696241063, 42.23490347686063]]","[[0.0, 12.565624697116135, 50.361665791662396, 85.97138222111218, 24.009367743668545, 102.87808397576241, 36.35777716785904, 19.417656101479984, 12.840695216593046, 11.306028928075882, 21.217727979828616, 60.12900125662756, 14.303666916064834, 58.46882352432378, 40.00315435463047, 11.169597198574307, 68.27492126007247, 97.79305460777175, 99.4548574084846, 102.63376869608841, 102.43723229020442, 51.39592163648584, 42.445006187688556, 85.0727339453268, 55.02054464089788, 10.771865216429413, 13.178444600073727, 88.29466226208731, 73.5901773316788, 9.194354211477163, 35.289324516710664, 64.84700779492691, 14.630446224079492, 64.18638512509725, 34.74013778573819, 3.6065685504146248, 12.198346537884687, 66.86303744186525, 75.87895865005092, 87.22438725976437, 88.95837958670668, 25.32223575129135, 85.62054760490753, 34.43580458922786, 51.06127396124243, 60.219158505769336, 102.48431529662403, 90.62927287527545, 77.8047590255253, 95.89925269056054, 96.3953225490057, 62.37804510068251, 70.95475771516672, 74.47964582318833, 49.179717253216495, 28.889685176098737, 84.53429536722513, 71.11686849146686, 72.41385911410312, 83.16351994730005, 77.69877091240902, 86.54639979462958, 51.48593796173084, 68.10235018364729, 47.44986880161286, 94.042483663558, 17.497377801320756, 74.62731251702655, 74.00938708434153, 44.87705392273226, 86.60449552963348, 89.1210969282971, 105.79507147950139, 90.22327638870364, 41.69033797395102], [12.565624697116135, 0.0, 46.336382883817734, 77.20129893012705, 12.139906498276574, 91.30168209714422, 26.19953795404908, 13.637609773856447, 13.869703011324741, 18.745727570250402, 12.011848712541072, 51.292547878515876, 23.711676875665727, 47.181334288550424, 31.87835882794662, 17.404014012729572, 55.801403659294444, 85.22980986409397, 87.04240352233299, 90.96628995961811, 91.27597463330486, 44.77465242393368, 31.796091990158693, 75.53010646202172, 43.288582924638234, 20.248737943187045, 23.783987692632707, 79.13360477803536, 62.255801835890274, 11.332120762966488, 25.043107632554676, 52.37198654497696, 25.563000548119543, 55.604918743209296, 22.24646363658475, 16.152137126775667, 8.59885315320033, 55.720400116154885, 65.62288096329452, 74.66218940966232, 76.57400113061301, 14.464874302468258, 73.915952606083, 22.113700734218636, 40.87669442735183, 48.13258779664909, 90.15869503937361, 78.25005707583759, 65.42538781951426, 83.68167583389965, 84.50590299386005, 51.3400275066887, 58.45819882605568, 66.61678280359462, 39.6073956157399, 29.603566957236815, 72.34936397445573, 61.58791719176511, 62.17535458117035, 71.44815987286223, 67.63807093360447, 74.25169851919351, 42.10380791871708, 55.5411392877021, 37.334039219395635, 81.55339453668927, 16.918318235304078, 62.16067858818417, 62.15032977721664, 34.42595524957954, 74.05635161902018, 76.98838237366257, 93.38195434386053, 80.2452374948508, 37.078508022288354], [50.361665791662396, 46.336382883817734, 0.0, 43.398001235002084, 39.88161552873821, 74.36150162831755, 64.20063992220864, 32.80117776609251, 37.529261304765875, 61.45718544236002, 35.10088058822717, 88.01647305319048, 64.55285926117779, 75.55453370934337, 72.8212729580075, 60.89315701036468, 59.70968944568594, 87.64132910836251, 82.63111015618587, 75.00332479162269, 70.55074824907618, 10.999032698550623, 66.77199251127556, 45.981076983562694, 69.84015035079865, 45.192316894491306, 62.946197726885345, 47.029005019432056, 87.53499501020542, 41.1940616477567, 29.76178397010274, 67.5922714182805, 63.97539103978778, 92.48511231513898, 50.057949535704985, 51.63438616141631, 39.50685548218544, 42.511134847636505, 42.519012456001555, 80.73736999009179, 88.84260338446313, 54.94101998633349, 61.08030909225609, 41.84162699731023, 28.725305604026577, 70.40392371734019, 83.38932639979028, 90.37001151415646, 64.28692934646864, 75.87211897076774, 71.94523827635554, 39.067087629905636, 62.31307030269109, 30.15868430508595, 76.12262692162143, 24.074017394941407, 66.04487329266455, 95.08015922546994, 39.888436573228, 92.5803902870054, 42.742609752216694, 69.45641656409526, 24.300555815988567, 66.01370746658996, 72.71239969988689, 80.19086016539396, 32.87693651688872, 75.18194916543482, 53.91612762193196, 69.38954185676454, 76.72453364892674, 68.96481777463643, 88.14485757694881, 52.56743889320466, 9.303608761022542], [85.97138222111218, 77.20129893012705, 43.398001235002084, 0.0, 66.07591958470461, 38.46850753534184, 82.59777881919108, 66.56466920168602, 74.37289996231183, 95.55611708452894, 65.48182741467508, 99.21426148884527, 99.93137929544736, 81.8544073381498, 91.67032192034215, 94.42288228801644, 51.00722035521111, 66.20861660600367, 56.15088778329031, 39.828636755882336, 32.21973967072275, 36.241833416680564, 81.74977178228377, 7.376067962024276, 76.5182352093502, 84.30244081657683, 99.14012208323308, 4.239885324803416, 87.55877728555875, 77.2670448448452, 52.36008309579292, 65.25177558694743, 100.58872329646836, 103.02218905277867, 67.58060774789722, 88.3555838056465, 73.78217547913903, 30.1841810828242, 17.55719260636436, 64.74353411561712, 76.30553601111305, 78.55773772161486, 34.078425386525566, 60.391103115952056, 37.214482160924874, 73.1310791125814, 54.535330872788194, 77.29702275502481, 47.98825738549731, 48.10959081219015, 40.79701160315908, 32.02344316336325, 52.0419352271161, 13.252750028659639, 89.75475942774528, 65.71716276874953, 43.574520334459116, 101.52973538939516, 19.526418430939188, 87.43545016875075, 14.931685882343832, 47.019340434714515, 35.14735806482065, 60.08150750298713, 86.19914691277586, 57.28609909097841, 70.27096512411497, 67.67233436622548, 36.581132094112036, 83.50337277336065, 58.8323145863241, 43.448518902829306, 59.5846613630251, 12.599708328689996, 47.88623291257993], [24.009367743668545, 12.139906498276574, 39.88161552873821, 66.07591958470461, 0.0, 79.179673538403, 24.98678196186851, 12.404418919557523, 19.190209696526843, 30.801563949966358, 6.934634382517758, 50.0625826971748, 35.8417989503014, 41.73010999436587, 33.136191901184084, 29.37314707975352, 44.55054082961365, 74.51707264683078, 75.56696292081867, 78.86140815428212, 79.14324979360414, 35.91864068036877, 28.8292784316051, 63.97068944214232, 36.88781973063983, 29.014239906195535, 35.902327837192445, 67.76644692726165, 56.22606887730132, 18.976132231185094, 13.757163277690454, 42.98577361876976, 37.66260184215093, 54.55450343660692, 14.125226500829477, 27.421381015265204, 14.29339648275242, 43.603362670344126, 53.759785226901705, 64.2808091141949, 67.39079900659758, 15.065026434025443, 61.81562726030864, 10.654753789087207, 29.207190805777916, 40.482674795591805, 78.51468718862365, 69.07643086385445, 53.89520574760448, 71.89290623394011, 72.47329652377744, 39.24831693595314, 47.29229198989033, 56.19855604840577, 37.92913153073889, 29.629805010580103, 60.525510131836405, 58.89979844778776, 50.33169017732075, 64.36094501019296, 55.85419497986967, 62.565426594139666, 30.95948105216178, 45.30141242594142, 34.88537486308595, 70.30886146300622, 19.34022695328104, 52.70160815069498, 50.09675298149427, 31.594599366839347, 63.15962313233397, 65.11351486228953, 81.90407321525177, 68.46029802361528, 30.715863742675165], [102.87808397576241, 91.30168209714422, 74.36150162831755, 38.46850753534184, 79.179673538403, 0.0, 84.97541440348718, 85.32037354516555, 94.18138900687636, 109.73174956585227, 81.92524140533465, 91.98673712310301, 114.91939489021476, 73.83356236634833, 92.55432306204787, 108.17783867125584, 41.10545419076995, 35.961697072950464, 23.350463187370188, 1.8679039800665491, 7.538412812795749, 64.17146290622115, 81.38304960409201, 31.900599254601943, 70.26710817353319, 105.04720452513115, 115.08081227492862, 34.43725484811734, 72.57143882313129, 95.90188081256342, 68.04199931445523, 54.51737321813285, 116.84128745706246, 94.59581522254338, 73.40051457153105, 106.06614862358924, 91.43976762754785, 36.358270948848386, 31.844593880813093, 40.472791298435155, 52.243333367655374, 86.29764600395009, 17.490605332127615, 69.65102148934382, 53.336413518554366, 64.33801351327432, 19.640655495948742, 52.50502769133414, 31.690398450627686, 16.8814671150282, 9.31764891302825, 40.91698203417049, 39.83599655024954, 48.43225102180428, 86.43101623786417, 91.56765771831675, 22.89667114519793, 89.72078698777236, 34.634225475063644, 67.80441742800907, 31.77874943450443, 23.71762832892802, 54.933768630631484, 48.058441304394556, 83.5030199171204, 28.114289138961716, 91.26530329448683, 51.007161218359194, 29.46037983837838, 81.96875267188936, 34.70659558393629, 18.594936248319144, 23.96910934203364, 25.870648709477166, 75.00694431536488], [36.35777716785904, 26.19953795404908, 64.20063992220864, 82.59777881919108, 24.98678196186851, 84.97541440348718, 0.0, 36.219656775683355, 39.78463814203334, 34.899086230293186, 31.376516337899066, 25.44617990465221, 39.99212211044696, 22.725256627573863, 9.189976882741863, 33.10066359045993, 44.35636496429541, 69.10884633369375, 74.31767921217532, 84.12873206058993, 87.111063915474, 58.55340675124743, 6.325778448767671, 78.6828564067067, 20.615284851880265, 45.996765694058546, 41.80287962638748, 83.23886814139915, 37.67271637924121, 37.529354799148535, 35.12204828486386, 34.70704542948064, 43.63198750744184, 29.882120449634698, 15.370357003189545, 39.70528689284623, 34.2387961476695, 54.597176714153456, 67.122959141538, 57.9320644857022, 56.43315183900231, 11.76391296636022, 67.88462384280578, 23.563595062423126, 46.28346413822069, 27.028926540369174, 78.34060446309135, 58.0117825061541, 54.45733269764353, 73.24537810045804, 76.59672266970391, 51.34985818768653, 46.260501017997754, 75.24832124316006, 13.478539536230034, 53.79036708942754, 62.909731763459526, 35.3934467926504, 64.09468289707597, 47.809244010151154, 69.66633703922658, 63.606972828556685, 49.826702026972114, 40.03018086884937, 11.174613009624931, 67.88002885702082, 41.93498722556449, 43.61708788967353, 56.16305884357463, 8.536560029811167, 59.27080093215093, 67.6898286996062, 80.3938966757381, 81.5831210138687, 55.27414329276582], [19.417656101479984, 13.637609773856447, 32.80117776609251, 66.56466920168602, 12.404418919557523, 85.32037354516555, 36.219656775683355, 0.0, 8.88627108005408, 29.598396340956455, 5.524766863834692, 61.63189409209292, 33.54408214849204, 54.12092653608008, 43.47751303826881, 28.750828700615717, 54.3260764441878, 84.71694677354624, 84.51432022680157, 85.24438245244117, 84.27004562708788, 32.257088845670985, 40.71559468311233, 65.82155895884999, 49.28859411534614, 19.76515680684376, 32.59556571398314, 68.93837845458737, 68.62404210556137, 10.885460087063393, 17.353344666770482, 54.602535303298865, 34.02443162344994, 66.0887326225164, 26.5201965089082, 21.858723862039092, 7.289121401399472, 48.97763194434142, 57.01913914196831, 74.9305332579318, 78.93027919101534, 24.98760757885184, 68.44461506345321, 21.720412547814618, 32.41988164592688, 52.73785076039542, 87.03010194473038, 80.61241542947523, 62.96521727854137, 80.04014753596564, 79.53108631712043, 44.423267393838486, 57.15791982640456, 55.09882583716089, 49.54726186820135, 17.582626632852207, 68.68552992768707, 70.93481250771808, 53.56437406531985, 76.63891781489099, 58.70609725591584, 71.12555359280482, 32.336843097812654, 56.28958974524267, 46.70625517833981, 79.75717812612359, 7.229873451759257, 64.17969582912473, 57.33443027652559, 43.48268274985818, 73.21572397863955, 73.02783823269353, 90.79643569222837, 71.13810130745185, 23.60941336261342], [12.840695216593046, 13.869703011324741, 37.529261304765875, 74.37289996231183, 19.190209696526843, 94.18138900687636, 39.78463814203334, 8.88627108005408, 0.0, 24.04640580550913, 13.327343249314975, 65.06220668811622, 27.04295891995611, 59.726206072934495, 45.74806181621938, 23.658084324186568, 62.82347489630368, 93.1228715505648, 93.24579982126612, 94.1174208248298, 93.04401067437145, 39.06992394063588, 45.06658496204486, 74.03145216121301, 55.324761046011126, 10.87971211566297, 25.577471934872527, 76.94164416615567, 74.60031327277238, 3.804698540920572, 26.239573915336972, 62.169267431554644, 26.76305070797273, 69.40585444447743, 32.89836219610341, 14.315658705134462, 5.574569517300077, 57.829493781248274, 65.58597196384294, 83.13975238115552, 86.57236021280521, 28.030508772256294, 77.32945509590786, 29.510509938013954, 41.154503708661316, 59.421463641424864, 95.82781360108139, 88.25791076614675, 71.64891655594865, 88.87348090381677, 88.41700268638269, 53.27256739133964, 65.63541039442886, 62.45945544136478, 53.255344090494404, 16.78181395702896, 77.50875517679188, 75.14362466398362, 62.14442073358251, 83.20048748888836, 67.18655112073306, 79.90409806638107, 40.78291866122305, 64.3002285285424, 50.80558806731404, 88.38166655078408, 4.6566847615906175, 71.86872529993461, 66.21012280078594, 47.76992228311431, 81.65958001178264, 81.87628281410534, 99.54199474931549, 79.52234066663235, 28.95090435285151], [11.306028928075882, 18.745727570250402, 61.45718544236002, 95.55611708452894, 30.801563949966358, 109.73174956585227, 34.899086230293186, 29.598396340956455, 24.04640580550913, 0.0, 30.07982220736605, 55.81334841491283, 5.408974537442126, 57.62176322089481, 35.89587784438962, 1.813423338556449, 72.85691899939614, 101.20020181489515, 104.17300120862124, 109.3304770922129, 109.91152787180128, 61.85484017239519, 41.22401555767484, 94.1414791741821, 55.1694613173485, 20.504001766184356, 6.90896749006099, 97.63514032186269, 72.48520940329274, 20.298029599089954, 43.70722172948078, 67.20326228548562, 8.734306346718798, 59.47383390761409, 38.08268683818195, 11.471251677866421, 22.353644145664887, 74.40042572670434, 84.35560507748094, 90.27890047935482, 90.51733341188245, 26.128386574915073, 92.28414830872605, 40.12782289366602, 59.57730291358733, 61.1199022861233, 107.55865688800813, 92.14798120892706, 82.77832144342884, 101.36192708491015, 102.67661365954797, 70.04897583056835, 75.36544774260167, 84.52486746585411, 46.149260231962266, 40.17429121185831, 90.13609659747104, 67.3351078471328, 80.90469942760363, 82.70816993333015, 86.34879192518702, 91.79501714231937, 60.60295373712451, 71.31458400946013, 45.20408901239341, 98.35190531585616, 28.688441564499932, 76.79119917751419, 80.41731479672204, 43.22976756772867, 90.40581824723272, 94.85000881880633, 110.48587753618092, 98.95110887222515, 52.63042704742798], [21.217727979828616, 12.011848712541072, 35.10088058822717, 65.48182741467508, 6.934634382517758, 81.92524140533465, 31.376516337899066, 5.524766863834692, 13.327343249314975, 30.07982220736605, 0.0, 56.672442839170145, 34.59994542742248, 48.661976389538864, 39.06400803727518, 28.947242712025613, 49.50259942227083, 79.79652462377722, 80.04025207649946, 81.75286800290397, 81.28075967414154, 32.806318336342386, 35.571993040656906, 64.14239069653568, 43.78594606275644, 23.89813526147623, 34.10098800454741, 67.56620548907406, 63.11668292602058, 14.136231673054278, 14.074695642521087, 49.21355419333481, 35.70373175490142, 61.15066898396455, 21.016013122818645, 24.21469542702193, 9.535459358485674, 45.74686970816671, 54.698614624151126, 69.84989256771202, 73.57607378180465, 20.591226561987973, 64.81451619677037, 16.359152233187476, 29.86405449030823, 47.21596584132518, 82.71949616983184, 75.25987041956917, 58.40794601561947, 75.85654294381861, 75.76300949581645, 41.235139820509396, 52.311293484779746, 54.66695328973951, 44.550872850636736, 22.740664553665706, 64.4733475643185, 65.72833379565964, 51.23387867969345, 71.11609448167043, 56.56583090420019, 66.77109273177162, 30.554871780476446, 51.081151822854416, 41.60353614683125, 75.09523579249395, 12.653688614803471, 58.83536496831541, 53.43106819795347, 38.34159533952067, 68.33234472251739, 68.91779454752958, 86.35051769850111, 69.12722684747017, 25.799034919984862], [60.12900125662756, 51.292547878515876, 88.01647305319048, 99.21426148884527, 50.0625826971748, 91.98673712310301, 25.44617990465221, 61.63189409209292, 65.06220668811622, 55.81334841491283, 56.672442839170145, 0.0, 60.05604732405839, 18.287570535851426, 20.169890604420416, 54.19049029812735, 51.90080187171999, 66.55042053751878, 75.5026097734128, 90.71298992665452, 95.971432469357, 81.06357168866721, 21.37687339332653, 94.00363777821694, 22.901435075827045, 70.40462342551524, 62.46936392511688, 98.93678428495667, 24.31431458709254, 62.58610410229213, 58.28814504746586, 37.53986511098804, 64.08819460790588, 4.500195329562082, 37.96842075812663, 63.15030032889614, 59.55760175639437, 69.22158135440016, 82.19710240235722, 56.095151535651006, 49.41639907284946, 37.077457378773346, 76.78976490422102, 46.198456143312775, 66.05620022327075, 27.827588110359223, 80.1785959516499, 50.56825870078348, 60.38491650171412, 77.14375577061023, 82.78638790269684, 67.22902235188725, 52.524404411438226, 94.29781428496578, 12.133451326301003, 79.2125292057173, 69.1223061012917, 11.739347015110436, 79.75032259725057, 34.848055919187466, 84.88547717284398, 68.44922166906348, 70.33055923572019, 43.98908312834123, 15.34084736620423, 68.65796515194647, 67.36421004012128, 42.10170081489276, 66.66279587931103, 18.678144880969505, 59.86239818629348, 73.43005431588824, 80.6679650178079, 95.38117234141433, 79.46610834922701], [14.303666916064834, 23.711676875665727, 64.55285926117779, 99.93137929544736, 35.8417989503014, 114.91939489021476, 39.99212211044696, 33.54408214849204, 27.04295891995611, 5.408974537442126, 34.59994542742248, 60.05604732405839, 0.0, 62.683757477077606, 40.39937331013395, 7.182270485744905, 78.24530101632934, 106.6052523512323, 109.56493401469943, 114.54239091386196, 114.98482190442623, 65.6693777587194, 46.305800925873235, 98.74221304920506, 60.38206234556326, 21.354648198565062, 2.911305573852308, 102.12527719670554, 77.45663022193385, 23.48304159813443, 48.44641885540728, 72.58418128400973, 4.091704566010447, 63.55905635117978, 43.486483280424835, 13.073650830310525, 26.257135145859266, 79.43187504559839, 89.15417812696418, 95.67724753166225, 95.82606568201386, 31.511083133960742, 97.49141434095594, 45.381968332963226, 64.33030645865638, 66.4017978160483, 112.93417717963722, 97.4518442824827, 88.15147052025043, 106.70945564967779, 107.94233398105303, 75.04510035538655, 80.7613576448793, 88.64012264022014, 50.82911468657279, 42.319394970861005, 95.46728204070135, 71.67895685243182, 85.69552703588386, 87.77107186840867, 91.09390736267979, 97.15458133348861, 65.14872590402389, 76.7206668146847, 50.069673045839096, 103.75549065188851, 31.683511241681433, 82.15517181990512, 85.65213851666195, 48.225674024250885, 95.81476151715083, 100.17198890029435, 115.87998791908629, 103.67963447493705, 55.968971935569414], [58.46882352432378, 47.181334288550424, 75.55453370934337, 81.8544073381498, 41.73010999436587, 73.83356236634833, 22.725256627573863, 54.12092653608008, 59.726206072934495, 57.62176322089481, 48.661976389538864, 18.287570535851426, 62.683757477077606, 0.0, 24.53263054365866, 55.82486535330592, 33.62079671059852, 50.55651681046223, 58.335305475965754, 72.59988203349026, 77.70238572688568, 67.3019341330664, 16.399488753469285, 76.33989237741365, 5.799377742574397, 67.42259037211299, 64.52701131449453, 81.32616986200787, 15.122465705093774, 58.17392388987338, 46.178725223997596, 19.31948042701846, 66.35316155903158, 21.48569505686852, 27.726359885458255, 61.93772764247346, 54.20336861798032, 51.69207642811287, 64.58934986132851, 39.59880714234042, 35.30827727531912, 33.155994877710214, 58.50256409472292, 34.61790149554163, 50.75408148460095, 9.545116262131424, 62.88337235483312, 36.754719107630414, 42.17469687745766, 59.35171834042353, 64.68318891828467, 50.114546466114795, 34.249699015675986, 77.92863155564761, 14.672238269089169, 71.211628329932, 50.942973896554236, 20.215117631445665, 62.32878885541623, 25.089106116203165, 67.2833360345732, 50.42424336843581, 55.32777810344423, 25.779435043101344, 13.448734683347467, 51.51809628534004, 60.843903625242056, 25.039966450650567, 48.46381961574006, 14.53216207861473, 42.63015819382235, 55.326533788198276, 63.83403866314954, 77.40417727410569, 67.78737320290304], [40.00315435463047, 31.87835882794662, 72.8212729580075, 91.67032192034215, 33.136191901184084, 92.55432306204787, 9.189976882741863, 43.47751303826881, 45.74806181621938, 35.89587784438962, 39.06400803727518, 20.169890604420416, 40.39937331013395, 24.53263054365866, 0.0, 34.221386286514736, 51.54980565664797, 74.0714409402507, 80.39808257764183, 91.60979074601248, 95.08026695232846, 67.54504926213505, 11.176678083363809, 87.62427612026889, 24.578709501145408, 50.38598534840995, 42.66940455750297, 92.23055768221892, 38.0923307139612, 42.99634568594223, 44.095303750380616, 40.271007043162925, 44.35791106867065, 24.184154577599642, 24.55849459461959, 42.987535596449106, 40.38350539566391, 63.343895407605814, 75.997230931899, 62.910850452739446, 59.77068359212247, 18.509544788547096, 75.72978943960423, 32.70528417008907, 55.46819462100168, 31.373985663200298, 84.63561303825152, 61.246541375569976, 61.464129770586716, 80.00972356122443, 83.93327309138212, 60.243498591572944, 53.182947027813384, 84.43493222098138, 10.681847460932394, 60.84136690048625, 70.11003060671233, 31.484636077192768, 73.02543961328806, 48.84365227635891, 78.56783721655295, 70.48867508268681, 59.013260901847794, 46.155574868792264, 11.093695255727159, 73.76996186074246, 48.503812081497934, 48.28557645459644, 64.21077932685853, 11.069031146262688, 64.97102746207197, 74.83651304245326, 86.29426383017427, 90.34809377705649, 63.76946087105548], [11.169597198574307, 17.404014012729572, 60.89315701036468, 94.42288228801644, 29.37314707975352, 108.17783867125584, 33.10066359045993, 28.750828700615717, 23.658084324186568, 1.813423338556449, 28.947242712025613, 54.19049029812735, 7.182270485744905, 55.82486535330592, 34.221386286514736, 0.0, 71.14608137091491, 99.42515583427888, 102.45602074297342, 107.76111785682612, 108.42587767622513, 60.991959655993526, 39.426123088184546, 92.90307702818188, 53.3575172977835, 20.96539856069691, 8.702217841245748, 96.44805229969774, 70.70054394410269, 19.869311762738576, 42.431104476834854, 65.4074122390729, 10.539412500681609, 57.88955459346462, 36.34874760189414, 11.899250280007987, 21.57229795118528, 72.94547086704625, 83.02248585401257, 88.49497704807237, 88.70577401728843, 24.33269428412395, 90.71962096468243, 38.54503708890102, 58.27909718913868, 59.30674334161096, 105.86171836170553, 90.33605322521083, 81.0851038266616, 99.6928555465678, 101.07155228219756, 68.61538441464268, 73.64357874442871, 83.51327908523739, 44.42604842877549, 40.02776815462831, 88.4819798174858, 65.68235957044672, 79.57668794378334, 80.90982750178657, 85.04206900658458, 90.115210569923, 59.407710029683464, 69.54180881181074, 43.442209999280394, 96.61517721294433, 28.264431106115126, 74.98896185670394, 78.83614664708637, 41.44469178368536, 88.6484744600048, 93.20317596445871, 108.76560133721664, 97.64908113283096, 51.981605298322876], [68.27492126007247, 55.801403659294444, 59.70968944568594, 51.00722035521111, 44.55054082961365, 41.10545419076995, 44.35636496429541, 54.3260764441878, 62.82347489630368, 72.85691899939614, 49.50259942227083, 51.90080187171999, 78.24530101632934, 33.62079671059852, 51.54980565664797, 71.14608137091491, 0.0, 30.44566885132721, 31.32596327703561, 40.09443140514747, 44.29890763795937, 49.05711292993675, 40.374245898529495, 44.62854152855954, 29.448495041828465, 73.30455376777017, 78.98495800664297, 49.68063680649032, 36.657598098899115, 63.33176766992398, 38.21609011092009, 14.83821758871586, 80.8479703713626, 55.005506675825686, 34.85032875492553, 71.79188991110763, 58.60664221084248, 21.948854275201583, 33.47745430122949, 21.476876870654838, 29.302114189446744, 47.524057275110025, 24.954821803590285, 33.919126203899346, 30.99767263413733, 24.114192781274568, 34.764406497969624, 30.76925900092254, 10.163362467693274, 29.036569644082835, 32.383632435298615, 22.747517448613163, 2.8586034052087497, 50.4607133582748, 45.40703079481403, 66.65873897883185, 18.58082014808392, 51.75867934386619, 32.101683702840795, 36.845616631102224, 36.07620957679501, 19.35260205788926, 35.45258829364738, 9.091748922893146, 42.41490411030914, 25.77310242816715, 61.38786891571773, 17.176950817350956, 15.188392077398564, 40.87273584916617, 18.914201631495114, 23.343250029426386, 37.651504686218054, 44.62573705403152, 55.18355294905994], [97.79305460777175, 85.22980986409397, 87.64132910836251, 66.20861660600367, 74.51707264683078, 35.961697072950464, 69.10884633369375, 84.71694677354624, 93.1228715505648, 101.20020181489515, 79.79652462377722, 66.55042053751878, 106.6052523512323, 50.55651681046223, 74.0714409402507, 99.42515583427888, 30.44566885132721, 0.0, 12.72053592800172, 34.124853502067516, 42.97253944946665, 76.66487298688709, 63.668286535589075, 58.83644375111, 49.4927381865508, 103.46656358809298, 107.66602017042634, 63.18738328433203, 43.27844470376739, 93.44742416064315, 68.6240338586488, 34.440375322275685, 109.55173202580981, 67.89922751161978, 63.34205146010719, 101.36662357730664, 88.72958301746168, 45.57269584984515, 51.528035186661945, 11.188895293553063, 18.60881453534229, 75.15613567705891, 32.13760716080395, 63.870221579388726, 59.67668426546325, 42.6977301003149, 17.18086838914771, 18.22992256297419, 23.407882295836, 19.61145522454926, 28.05419505642936, 48.60708388431896, 27.59383581789859, 71.09535890103213, 65.1256447842087, 96.91776671775105, 23.198281966573703, 60.87468587711476, 52.134597273991574, 35.43325079888078, 53.292337557735266, 19.569066266711268, 63.588538331463916, 29.88885741378884, 63.25356747916939, 8.938693737125813, 91.8099823402171, 25.788854746265972, 34.17504428195255, 63.06246313497116, 11.537687541433039, 22.775546262904495, 15.298396255280664, 55.28069387626024, 84.36654901003934], [99.4548574084846, 87.04240352233299, 82.63111015618587, 56.15088778329031, 75.56696292081867, 23.350463187370188, 74.31767921217532, 84.51432022680157, 93.24579982126612, 104.17300120862124, 80.04025207649946, 75.5026097734128, 109.56493401469943, 58.335305475965754, 80.39808257764183, 102.45602074297342, 31.32596327703561, 12.72053592800172, 0.0, 21.49725483796729, 30.530022418391464, 71.67022457647596, 69.48607407975041, 48.81486950763393, 56.18323609267226, 103.93835970509372, 110.30929840211532, 52.77636207148217, 53.47209169639972, 94.08180832053408, 67.56387008907939, 40.14669713594494, 112.1710767901915, 77.36568847469164, 66.12637944925375, 102.93912069238317, 89.37309462652283, 40.169557533196276, 43.23382633583182, 19.82693102387007, 30.338273031119595, 78.66816452805064, 22.932595466736455, 65.02245052535167, 56.19176716000313, 49.52458538418688, 4.834276130024352, 30.278008078736182, 21.674974423810447, 8.047533816903057, 16.101907583100175, 43.985545742254324, 28.81976551932694, 62.66752370639565, 72.40879373636287, 94.81806837850048, 16.697988000423937, 71.11774297714727, 44.5336389880029, 46.845016471896606, 44.56459038680945, 13.605087213696406, 59.46846942118541, 34.32810213587609, 70.07738204907908, 6.845039431759552, 91.33163242996474, 33.43711076826666, 28.96658965622052, 69.34322390047342, 15.70694130501182, 13.857108306014874, 6.340293656179198, 44.4910051823504, 80.62779295894694], [102.63376869608841, 90.96628995961811, 75.00332479162269, 39.828636755882336, 78.86140815428212, 1.8679039800665491, 84.12873206058993, 85.24438245244117, 94.1174208248298, 109.3304770922129, 81.75286800290397, 90.71298992665452, 114.54239091386196, 72.59988203349026, 91.60979074601248, 107.76111785682612, 40.09443140514747, 34.124853502067516, 21.49725483796729, 0.0, 9.364970854569188, 64.71086336017089, 80.43397812807854, 33.13924033618347, 69.12644031770941, 104.99164185202699, 114.75021742429483, 35.844131196815006, 71.07468261635769, 95.7709444821117, 67.93171907478734, 53.29653814265697, 116.52133247415998, 93.26872814422596, 72.77740857060418, 105.8512868714121, 91.27877820941623, 36.35117406472959, 32.49845828154535, 38.79685047354476, 50.517837384198245, 85.68634661761583, 17.052253745234967, 69.21790912953769, 53.41935745616241, 63.12644537265664, 17.773368657138235, 50.7572839874662, 30.524584050693335, 15.14914708356007, 7.928370852654893, 40.90518387649471, 38.727301443382125, 49.50542934375087, 85.33356223123131, 91.83693555854072, 21.72261427670491, 88.28347060729638, 35.17568621742569, 66.16567118362084, 32.576706787712055, 22.330008857984645, 55.17024753262611, 46.84343030751712, 82.44429391030559, 26.34314043873616, 91.27507295503665, 49.55889768628445, 28.945215263767224, 80.96646279993595, 33.08318261878566, 17.282974869693742, 22.123074782588493, 27.249066343626865, 75.42686534874225], [102.43723229020442, 91.27597463330486, 70.55074824907618, 32.21973967072275, 79.14324979360414, 7.538412812795749, 87.111063915474, 84.27004562708788, 93.04401067437145, 109.91152787180128, 81.28075967414154, 95.971432469357, 114.98482190442623, 77.70238572688568, 95.08026695232846, 108.42587767622513, 44.29890763795937, 42.97253944946665, 30.530022418391464, 9.364970854569188, 0.0, 60.81792192575209, 83.97317387029295, 26.200666684960026, 73.74283211618749, 103.83764233804885, 114.95542500065707, 28.056562786766438, 77.65239279698284, 95.02710726204442, 67.23495652524579, 58.445095757091266, 116.6677249264536, 98.81789502463799, 74.65546259860278, 105.49535947668512, 90.70427599571751, 35.59101872177485, 28.523659811864654, 46.566565681327134, 58.53721243528516, 87.43451100311896, 19.41487031233421, 70.14578594611497, 51.895333694480136, 68.15778193552059, 27.05814203508446, 58.91986969019983, 35.69392673313707, 23.499905656123552, 15.206156867579654, 40.05921370173364, 43.453077179767824, 43.16080637163746, 89.64573272732092, 89.11999242108114, 27.1923981281836, 94.47024492306154, 31.690999015849783, 73.59738623324323, 27.868390455998455, 28.804122734987757, 52.85947621622258, 52.01919998179088, 86.55930753014862, 34.77178566685723, 89.84470309183548, 55.96640077560318, 30.949924379981734, 84.78602639402214, 40.596277974109015, 23.583840309924952, 31.485219479652955, 19.735374723229906, 72.04885393259602], [51.39592163648584, 44.77465242393368, 10.999032698550623, 36.241833416680564, 35.91864068036877, 64.17146290622115, 58.55340675124743, 32.257088845670985, 39.06992394063588, 61.85484017239519, 32.806318336342386, 81.06357168866721, 65.6693777587194, 67.3019341330664, 67.54504926213505, 60.991959655993526, 49.05711292993675, 76.66487298688709, 71.67022457647596, 64.71086336017089, 60.81792192575209, 0.0, 60.250527240583224, 37.47447569401588, 61.51503580914558, 48.42960025526081, 64.49585769173278, 39.37382930206543, 78.42877575249607, 42.321605181352275, 23.449749547418115, 57.75433137419583, 65.7771367898478, 85.45867839944665, 43.59029432158833, 53.3489235280159, 39.51344055057361, 31.526400152955112, 32.40976459902387, 69.91034082735595, 78.29960358934112, 50.678906541365436, 50.31705528090804, 35.19769426063295, 18.269871101507675, 61.38052454180478, 72.5056530929314, 79.79982670138573, 53.33138403513293, 64.98616208300025, 61.29890266676874, 28.074668738867572, 51.6017757489898, 23.622326808399134, 69.5068295308966, 29.545988442004703, 55.063311928730165, 87.22921828774196, 29.541507151846776, 82.82516148248605, 32.96836800784854, 58.46439423194465, 13.627670470929784, 55.7306855149095, 65.97574484488908, 69.19183397470998, 34.69037389576211, 64.91202400771662, 42.919995684910965, 62.7209343405691, 65.79680737447784, 58.04188512932398, 77.227717549222, 43.787535955797445, 11.720454664516856], [42.445006187688556, 31.796091990158693, 66.77199251127556, 81.74977178228377, 28.8292784316051, 81.38304960409201, 6.325778448767671, 40.71559468311233, 45.06658496204486, 41.22401555767484, 35.571993040656906, 21.37687339332653, 46.305800925873235, 16.399488753469285, 11.176678083363809, 39.426123088184546, 40.374245898529495, 63.668286535589075, 69.48607407975041, 80.43397812807854, 83.97317387029295, 60.250527240583224, 0.0, 77.36052275768517, 14.567522700561229, 51.846305638315, 48.12833711464995, 82.07165778564799, 31.371227732466963, 43.061574333404096, 37.13987078630904, 29.480087956741144, 49.956450437360225, 25.875948340708824, 16.746147307962396, 45.84316703042237, 39.49247087965427, 52.82185843674341, 65.63227233444367, 52.479639992795995, 50.41004985792514, 17.378294139843327, 64.60186014530288, 25.101233986038963, 46.457161165457876, 21.18127190125148, 73.6537114965016, 51.966973798642215, 50.30608928522658, 68.90081079478391, 72.7573676656549, 49.97208149277555, 42.02951159545779, 75.30853819949812, 9.351395270000301, 58.26721373352767, 58.93822282389826, 30.238728663679883, 62.77760046561629, 41.484161905608566, 68.2458562399864, 59.35295115361334, 50.38851296807998, 35.17312365116729, 6.06732805667716, 62.92346777255023, 46.85328286375649, 37.990943642898785, 53.15425377390741, 2.7696887910963865, 54.19051442114241, 63.66965309612697, 75.45628452313933, 79.78474418849686, 58.13039849629649], [85.0727339453268, 75.53010646202172, 45.981076983562694, 7.376067962024276, 63.97068944214232, 31.900599254601943, 78.6828564067067, 65.82155895884999, 74.03145216121301, 94.1414791741821, 64.14239069653568, 94.00363777821694, 98.74221304920506, 76.33989237741365, 87.62427612026889, 92.90307702818188, 44.62854152855954, 58.83644375111, 48.81486950763393, 33.13924033618347, 26.200666684960026, 37.47447569401588, 77.36052275768517, 0.0, 71.16328626244815, 84.33195286961956, 98.15945603878352, 5.053325078752747, 81.28123502743487, 76.67158670335571, 50.48902568393442, 59.13487979974483, 99.69327195176889, 97.68080341512442, 64.00850701041801, 87.67695934202247, 72.89201839660593, 24.80457552298136, 11.81915731849192, 57.53359775852065, 69.18486217174429, 75.5689907303933, 26.71195766509516, 57.31690806900954, 34.764628249893946, 67.38673154724535, 47.2961747689682, 70.14142042618863, 40.97967719845006, 40.77991431303403, 33.59741436827522, 27.399638969551116, 45.465710564344825, 17.057092908649874, 85.01052914533685, 66.93033629881442, 36.26804457052219, 95.7381123692836, 14.599790855787996, 80.71070401619784, 9.148211222578304, 39.68644421691226, 33.60444772705847, 53.719884493883654, 81.50522464607401, 49.912062798895946, 70.17575954911848, 61.0038560375457, 29.851851834358808, 78.95302263491476, 51.581843909086494, 36.073450192167755, 52.35885296234111, 6.712558304963416, 49.175157476856526], [55.02054464089788, 43.288582924638234, 69.84015035079865, 76.5182352093502, 36.88781973063983, 70.26710817353319, 20.615284851880265, 49.28859411534614, 55.324761046011126, 55.1694613173485, 43.78594606275644, 22.901435075827045, 60.38206234556326, 5.799377742574397, 24.578709501145408, 53.3575172977835, 29.448495041828465, 49.4927381865508, 56.18323609267226, 69.12644031770941, 73.74283211618749, 61.51503580914558, 14.567522700561229, 71.16328626244815, 0.0, 63.51024406845678, 62.02820209239315, 76.11886193618919, 19.34134253816306, 54.01535300760646, 40.57795826569636, 16.15190966014121, 63.88757063599988, 26.523289180665657, 22.770017029306256, 58.557386450925875, 49.86820084723596, 46.420512558850504, 59.37282648055207, 38.33517095957732, 35.849731129925054, 29.787467587675344, 54.39836034617407, 29.20137193756367, 44.97067039782748, 6.796088359939105, 60.56548971759037, 37.414952757773975, 38.60231248137177, 56.47206063252173, 61.259058434108006, 44.650709468122535, 30.438889881156236, 72.29353248234318, 16.3399220282549, 66.14797507500077, 47.40382889278843, 25.97653078670148, 57.009368445384936, 28.17131709257388, 62.064884091726306, 47.23443224061599, 49.53465537716428, 22.442269414500693, 13.904363410770136, 49.46238593503729, 56.15965458117755, 23.70775633059471, 43.896097338246825, 13.603501616197232, 40.600842919940895, 51.94662859950426, 61.94507552301355, 72.48025296216726, 62.16400927309898], [10.771865216429413, 20.248737943187045, 45.192316894491306, 84.30244081657683, 29.014239906195535, 105.04720452513115, 45.996765694058546, 19.76515680684376, 10.87971211566297, 20.504001766184356, 23.89813526147623, 70.40462342551524, 21.354648198565062, 67.42259037211299, 50.38598534840995, 20.96539856069691, 73.30455376777017, 103.46656358809298, 103.93835970509372, 104.99164185202699, 103.83764233804885, 48.42960025526081, 51.846305638315, 84.33195286961956, 63.51024406845678, 0.0, 19.037387152420177, 87.04530510135247, 82.50373166910816, 10.038131836173253, 37.11760993644721, 71.75967449551737, 19.596740210530815, 74.54733083111213, 41.869708952548, 9.068740611735286, 14.740557728611103, 68.69126001385521, 76.21541797686247, 93.29323623959282, 96.13110489278478, 34.473274253553505, 88.2091565099082, 39.61800980548989, 51.943109950433254, 68.18243442353575, 106.59334018027516, 97.81493864225125, 82.3032883649103, 99.68112200106711, 99.29322126664266, 64.1332426998666, 76.09192414634211, 72.03183431411944, 59.153916576009934, 21.66992175000142, 88.30724404001688, 81.16973186935354, 72.78912661404527, 91.64979701114989, 77.7397702559302, 90.65308252