instance_id,num_cities,city_coordinates,distance_matrix,best_route,total_distance
422,59,"[[44.764113820153064, 3.184956236116565], [86.52799907407963, 52.47247470147055], [57.2675649442488, 2.0253962625292665], [65.78036314872874, 81.53947023496416], [22.117066688415864, 35.4009287922906], [21.77216030996718, 8.018638357743002], [5.974543123471799, 55.56567660071967], [67.72510696773922, 42.71888401635536], [88.04414941567829, 92.34564810436054], [79.74731952972355, 2.732310074972333], [61.118883402944604, 40.425417169276855], [40.28501075357415, 59.403296698283114], [69.46289968424448, 84.78552915293555], [0.8709629890927606, 30.02987457478269], [7.114456078484577, 72.35439606095018], [83.54399347892742, 39.98458765315272], [60.04667649535493, 56.2904015356383], [44.673407313549355, 10.860438128849415], [31.56438060484559, 69.94058660534331], [26.994108750121082, 85.98348695600437], [89.13570418093569, 67.59502583955829], [17.495603879131906, 99.22660964261779], [22.248356101614185, 22.17425480679681], [65.49028304585686, 41.159351169148415], [39.35909115669942, 62.184816282359], [51.62178354693604, 30.65535622923534], [64.9712733869267, 10.987572165984949], [84.81856616131039, 46.57981758765324], [26.059571709106333, 93.2081261928483], [35.56958707744944, 66.59205108119254], [28.760098497125696, 72.02058171681749], [42.61181039061688, 99.3418224208452], [48.32443354683041, 93.42336710586775], [92.92826152657071, 43.10414769066123], [59.24974347652967, 90.94129106437529], [36.35728963052425, 52.049949126756125], [44.17843041034928, 13.981474886486112], [29.468187958495452, 42.459432419111074], [76.90861765883311, 88.96577453021939], [46.05099532977269, 65.13622788161426], [38.34608917409415, 67.9219997011435], [44.41393744880926, 67.63919427403009], [36.178026230815284, 60.35129593504024], [62.917041906188274, 60.35330009093741], [19.305894963517222, 15.492859563568139], [1.8114599771153372, 83.9301037478693], [63.14139289699473, 30.523478291386297], [49.92916564002695, 77.67742014067751], [74.69138634186491, 48.724984622704156], [50.24684063296046, 57.319023954326966], [52.01360647229786, 21.528165163394785], [28.47944321406767, 95.75685730353743], [48.786155354919025, 0.14978725117708036], [23.252158944491963, 2.425120673163972], [84.24679457844721, 32.74681698650584], [67.09480574226005, 4.0414329388053005], [84.39347043719364, 12.544305811022738], [4.245215150121284, 80.790196319232], [79.1330256139635, 31.201568871580065]]","[[0.0, 64.60248902306904, 12.557104337585024, 81.1240568502122, 39.37966012457808, 23.494561265694664, 65.1795263924768, 45.71803421032706, 99.10999170403495, 34.986133971408215, 40.673460863570995, 56.396490747218564, 85.25657466444059, 51.45151436535044, 78.75219446939911, 53.46112549113361, 55.2607007047682, 7.676017844951255, 68.04812372834478, 84.68394044658743, 78.21441745270053, 99.83772244726978, 29.454249368238564, 43.26232496413463, 59.24692190712225, 28.313433381763783, 21.661258345398288, 59.0548316742088, 91.94580482350746, 64.07026610460387, 70.6715773262421, 96.180950944148, 90.3086190396808, 62.55659014580484, 88.94384615605036, 49.58288236032253, 10.812392890766448, 42.147951639598446, 91.60577445904163, 61.96463606375856, 65.05440674504847, 64.45518927548864, 57.80753665971694, 59.98123320839443, 28.277294631386898, 91.45878480963177, 32.94114713294897, 74.67131269017773, 54.493447551425966, 54.41100606516725, 19.723804335454172, 93.99333680631334, 5.038756679432051, 21.525369977196835, 49.323277373738826, 22.34711064236947, 40.719569378197924, 87.54629882405246, 44.34132024936036], [64.60248902306904, 0.0, 58.31878538250659, 35.71210755241208, 66.63486992948803, 78.54592427184647, 80.61282257541932, 21.182098168393146, 39.901988284736674, 50.200215060838076, 28.120361917534144, 46.75949382063398, 36.542456200538766, 88.54828135718475, 81.86453205178513, 12.839455296991533, 26.75513055153222, 59.020068105364025, 57.67264766522989, 68.31743583762963, 15.345738133058372, 83.37518048224211, 71.06232918680354, 23.88665442756106, 48.15844114069878, 41.16346123516519, 46.75135891853732, 6.135598482974627, 72.90969764318076, 52.878371668964114, 60.98572640341583, 64.22902291115093, 56.00435704221004, 11.345876362900604, 47.15880682129429, 50.17248861608267, 57.22799168904273, 57.93171031735955, 37.73981228362099, 42.41177285523723, 50.59826345168219, 44.7618539514365, 50.96268820762898, 24.891458519003375, 76.72224720899847, 90.36854774637197, 32.07322546754469, 44.43831548705387, 12.415678912684562, 36.603435596811885, 46.355081592616955, 72.40975496903052, 64.51442001089866, 80.6757063144773, 19.857126333859096, 52.1844307173021, 39.98518329888974, 87.01925009960642, 22.519703978957875], [12.557104337585024, 58.31878538250659, 0.0, 79.96846686640956, 48.47147304630292, 35.99781522486084, 74.14536874410109, 42.01571290295884, 95.41984093729594, 22.490866887725698, 38.592671059528165, 59.838370676803045, 83.65384501299539, 62.966876352807766, 86.37998924257565, 46.166556158847875, 54.33612295981416, 15.384107748144993, 72.61629820147819, 89.24933132988481, 72.90373530401348, 105.02325823133975, 40.40199857186475, 39.98849233981964, 62.76837779106319, 29.181320314225594, 11.818109861321668, 52.384674549711484, 96.3754589058345, 68.11501418909437, 75.57778529445045, 98.4138097106461, 91.83446342997405, 54.398061542950956, 88.93798614847755, 54.21895888858053, 17.727753916070665, 49.068489284955554, 89.13136555144953, 64.09983230531017, 68.5593508579722, 66.86094696671255, 62.0216028150936, 58.600861384108626, 40.27978345883708, 98.91289443942502, 29.097122437483804, 76.00711033323208, 49.8441682156078, 55.73756213877901, 20.198071057047805, 98.05275489058815, 8.686323605843874, 34.01775455453741, 40.886238796866444, 10.03190239098183, 29.09402355985783, 94.9487404111459, 36.4602169276592], [81.1240568502122, 35.71210755241208, 79.96846686640956, 0.0, 63.523605567052606, 85.68567346421571, 65.20256179512998, 38.86926733137658, 24.747720280572178, 80.0352694943374, 41.377466728987976, 33.76422918710233, 4.908968713930644, 82.86415795842699, 59.380588073516606, 45.19242003805605, 25.89190284282624, 73.76333211078125, 36.12848686143391, 39.04001555955628, 27.201461067877506, 51.42229942494493, 73.61565350102347, 40.381160981768936, 32.75188915622864, 52.81721721643718, 70.55653724055827, 39.807417489318574, 41.39926091675364, 33.706324780188076, 38.22445857688025, 29.218240540038618, 21.117208222317235, 47.056162247023885, 11.44741141967312, 41.65752165514787, 70.92761263103709, 53.34625968832961, 13.37864133338601, 25.657636567665197, 30.628008297223413, 25.49003371869683, 36.4038058610033, 21.378784200922976, 80.75909220810497, 64.0135587322895, 51.08420106037422, 16.314897897034268, 34.00289399956758, 28.773604914593374, 61.57012527014235, 39.91857616485876, 83.14495531744872, 89.82053473134067, 52.170222356942126, 77.50918361128905, 71.46174135031008, 61.539709542792934, 52.07876638881028], [39.37966012457808, 66.63486992948803, 48.47147304630292, 63.523605567052606, 0.0, 27.384462562771095, 25.83017849768598, 46.191404035618994, 87.11533329131983, 66.24563903722698, 39.32412987574122, 30.10295428441102, 68.41393611574696, 21.91449624814133, 39.882791631092196, 61.597705017960095, 43.30156315425247, 33.33202940715569, 35.80837474779245, 50.817130277664525, 74.35023642223793, 63.99277658068461, 13.227325565984838, 43.75380355420182, 31.853791561532066, 29.883921694661616, 49.320330630703126, 63.6902315182515, 57.94148269715933, 33.968462056127876, 37.217319246882106, 67.14515915117815, 63.666548716766414, 71.22896107485593, 66.80993583865303, 21.908304990080737, 30.748931280522953, 10.191244152568142, 76.62445273326225, 38.170943820412575, 36.34558052775179, 39.19765563113184, 28.63968232734075, 47.82529467966064, 20.105569051446313, 52.6060689063836, 41.313252888832935, 50.604491587451406, 54.23642273228404, 35.660721777654224, 32.95840805852815, 60.69034471403918, 44.20275184028056, 32.995338391040356, 62.186392379418066, 54.83078506259474, 66.33834244227546, 48.781027910849716, 57.17039614996039], [23.494561265694664, 78.54592427184647, 35.99781522486084, 85.68567346421571, 27.384462562771095, 0.0, 50.10274996894022, 57.58281302003306, 107.25213803385749, 58.21567102824912, 50.97414963582152, 54.6178427285571, 90.37456580491141, 30.35382297583696, 65.98437703413896, 69.55272307689012, 61.604396836007716, 23.076891910700233, 62.69142886457382, 78.13953136832498, 89.92882178834157, 91.3081757610383, 14.163623811888858, 54.85964911661726, 56.94975827489437, 37.462261055394556, 43.30101544529478, 73.90408536998171, 85.2973078948745, 60.176520865497, 64.38229596593871, 93.67077966424303, 89.43707791842156, 79.33589166006657, 90.9985470868154, 46.384074048479015, 23.186124283281803, 35.29018471394671, 97.94114448743565, 62.06352280475531, 62.15390428791381, 63.77507945719948, 54.27924117037838, 66.5719017325999, 7.870606545413517, 78.49191127405584, 47.094386345704606, 75.13429861680684, 66.76414539300268, 56.9327273145115, 33.12178105871979, 87.99421974047954, 28.13671526717336, 5.786003460584307, 67.19049594456304, 45.49681694279025, 62.784633055772105, 74.85247794681615, 61.86854722419629], [65.1795263924768, 80.61282257541932, 74.14536874410109, 65.20256179512998, 25.83017849768598, 50.10274996894022, 0.0, 63.07275334715162, 89.93434594617571, 90.74021796938099, 57.18501307606461, 34.52441914079836, 69.88970741075573, 26.040808652879342, 16.82737361145014, 79.11883442796339, 54.07698987201498, 59.12833869160248, 29.350942403339484, 36.973846512678136, 84.02668594878293, 45.1554195531912, 37.145982801202365, 61.234512417012965, 34.034409903918345, 52.001871305632214, 73.9447197355766, 79.35443044338437, 42.665705016812986, 31.58239320921535, 28.105967979516915, 57.084501361307474, 56.80420714396128, 87.8421245582189, 63.95061431557682, 30.58548062370428, 56.46930879724405, 26.90213716755943, 78.40414193069371, 41.20336725638031, 34.64961347936845, 40.29090300683921, 30.58026396597332, 57.14341174889501, 42.232163183717034, 28.66830983280033, 62.411220218743665, 49.203028798537645, 69.05649577439695, 44.30700343863347, 57.25510928190812, 46.0630169916632, 70.02681582263004, 55.87874992113228, 81.53064271747218, 79.94019131526998, 89.44476790544753, 25.283729358404184, 77.10884064586044], [45.71803421032706, 21.182098168393146, 42.01571290295884, 38.86926733137658, 46.191404035618994, 57.58281302003306, 63.07275334715162, 0.0, 53.62535967103316, 41.75475650096916, 6.993009364121853, 32.11430377236144, 42.102524349170615, 68.04768568971257, 67.4678781003555, 16.053459037094623, 15.593087644704736, 39.32354805093408, 45.26167499038655, 59.42087245513227, 32.82127518902704, 75.60506620578656, 49.90207068547207, 2.7251753454291863, 34.40281052438597, 20.120778510425616, 31.850584784839796, 17.524073591612698, 65.461289354434, 40.04878980843801, 48.75306527023969, 61.94218932625126, 54.289324314817236, 25.206099020179384, 48.961539271279555, 32.72626988514613, 37.152182444586344, 38.25779877634297, 47.14988601062321, 31.181796312404728, 38.70818681803796, 34.12378184901342, 36.14028573617229, 18.27813228772526, 55.54886586253192, 77.73656470004128, 13.028367337427559, 39.22747475551943, 9.197950468009294, 22.773973748070713, 26.379875157465644, 65.97915378267659, 46.59197235142398, 60.01191940136197, 19.297882846406583, 38.682586540859944, 34.472300628469476, 74.02108811439915, 16.210772837312287], [99.10999170403495, 39.901988284736674, 95.41984093729594, 24.747720280572178, 87.11533329131983, 107.25213803385749, 89.93434594617571, 53.62535967103316, 0.0, 89.99659848530868, 58.48658248016285, 58.018392272688686, 20.060364905494726, 107.1560547162589, 83.3622541796668, 52.5540869488769, 45.649088655257906, 92.30850835780262, 60.76142744949179, 61.38065297586725, 24.774680508545025, 70.88331897571625, 96.19309151466344, 55.93490754589184, 57.27050439689899, 71.63993891060112, 84.5665071327451, 45.879359522718225, 61.990577847888936, 58.45363506421472, 62.67142105434956, 45.96785707812316, 39.7343341072707, 49.483127569951705, 28.82863215770449, 65.53834626036793, 89.80615206084441, 76.94009212386348, 11.637165156724604, 50.03776113037637, 55.37519113375675, 50.13984699960872, 60.940407817488996, 40.680239222569085, 103.10818944984823, 86.64235750845957, 66.64929078852272, 40.84004039925447, 45.618620806478845, 51.53155296091738, 79.45637743371363, 59.662304456706494, 100.2061218495865, 110.83186943619995, 59.7196833077203, 90.75521702002406, 79.88480261490551, 84.59190179917682, 61.790019846525574], [34.986133971408215, 50.200215060838076, 22.490866887725698, 80.0352694943374, 66.24563903722698, 58.21567102824912, 90.74021796938099, 41.75475650096916, 89.99659848530868, 0.0, 42.04508241105246, 69.05703830026037, 82.69522388030829, 83.46638035009076, 100.61196603866371, 37.445252273664345, 57.06649189214874, 36.00341350216834, 82.69551401147062, 98.55790023957516, 65.53864251505811, 114.8321642680857, 60.69695223207155, 40.98659020406313, 71.87356597143975, 39.63259114481638, 16.925746417968455, 44.139794488341124, 105.2057392362503, 77.6513912689672, 86.02651507379055, 103.50093678188637, 95.98054797132087, 42.46907703720205, 90.55923448906422, 65.68808275703775, 37.305355944461134, 64.07991355567698, 86.28017512885654, 70.92031600469865, 77.22536829641163, 73.90095740723369, 72.2373231100724, 60.02863262898148, 61.773760018662564, 112.54812260340117, 32.37446262356474, 80.6591087487972, 46.2697371124331, 62.04826820536486, 33.5028805993843, 106.21657840938451, 31.068683769909256, 56.49599574199651, 30.34989128245074, 12.720059269302338, 10.856425681560966, 108.59834883952028, 28.475885472504036], [40.673460863570995, 28.120361917534144, 38.592671059528165, 41.377466728987976, 39.32412987574122, 50.97414963582152, 57.18501307606461, 6.993009364121853, 58.48658248016285, 42.04508241105246, 0.0, 28.18173452766279, 45.13803432699897, 61.13819771654844, 62.737053355316306, 22.429442538374246, 15.901174692379685, 33.83107549972044, 41.76857505927816, 56.92133139516609, 39.02729662431546, 73.2159187110261, 42.94208681777216, 4.432583214585015, 30.77271532319097, 13.625307205605415, 29.688846845684722, 24.485742940676552, 63.36536678906479, 36.57129028361149, 45.22549483827924, 61.754793815951324, 54.52046078860684, 31.92196945393594, 50.5504421291249, 27.354456115609818, 31.404793122227378, 31.715985561761006, 51.04392226895958, 28.942450087140266, 35.702411794181614, 31.931878799058698, 31.923142092664605, 20.008845337555037, 48.682218838069325, 73.5528940811452, 10.106381063219585, 38.896291712642714, 15.908980355163877, 20.089680540024908, 20.9764677998366, 64.240962968923, 42.121521178683594, 53.646168129744964, 24.369267040860898, 36.871478900211365, 36.318903785579764, 69.7418779239336, 20.238297779648775], [56.396490747218564, 46.75949382063398, 59.838370676803045, 33.76422918710233, 30.10295428441102, 54.6178427285571, 34.52441914079836, 32.11430377236144, 58.018392272688686, 69.05703830026037, 28.18173452766279, 0.0, 38.67307754540031, 49.155519409585786, 35.609221729136145, 47.41756897408219, 20.005338017226542, 48.7408159806506, 13.677860533590268, 29.71791698962181, 49.53276364849917, 45.883039563124946, 41.368133523185584, 31.11506547957353, 2.931582899471607, 30.90253223572827, 54.346057306765466, 46.343059607180386, 36.67600868639462, 8.597290853702512, 17.08857758146557, 40.006247430153905, 34.95708096202748, 55.10874803804986, 36.80089911794007, 8.336588854449655, 45.58838243814317, 20.102193713401935, 47.06621589117459, 8.130994901349412, 8.736573569902324, 9.212928119377683, 4.2149762067030645, 22.651961074903667, 48.664666737730485, 45.62650954649484, 36.83012511384412, 20.662848570847146, 36.02533872021172, 10.177536411972813, 39.64953399875409, 38.22241218983631, 59.86023589438367, 59.469576960826075, 51.41212257521823, 61.51179615535829, 64.35309815878205, 41.907831517929964, 48.005267533932866], [85.25657466444059, 36.542456200538766, 83.65384501299539, 4.908968713930644, 68.41393611574696, 90.37456580491141, 69.88970741075573, 42.102524349170615, 20.060364905494726, 82.69522388030829, 45.13803432699897, 38.67307754540031, 0.0, 87.76693846702011, 63.57563597803231, 46.96170313906451, 30.01062406996958, 77.9707510218811, 40.70221207321386, 42.48568354521573, 26.125325661745705, 53.936487084399104, 78.4180132428994, 43.80667858247949, 37.64347898536132, 56.99457031836116, 73.93451942254423, 41.1761203753393, 44.21299605561871, 38.46763943640063, 42.657495326436774, 30.542866105782448, 22.835213928135577, 47.83263286705976, 11.924846516140812, 46.5574872247137, 75.18323275191662, 58.23294111365863, 8.538920749802937, 30.564886814023758, 35.3925772146655, 30.35535058028205, 41.29061096372024, 25.293913714340167, 85.54062883435158, 67.65684774707556, 54.62903634297975, 20.786822254504575, 36.43761716338922, 33.52112517931978, 65.61990500223034, 42.426568864699234, 87.12483321832741, 94.43870734328934, 54.09797696941498, 80.77881493532068, 73.76798962249785, 65.33994995746845, 54.44953750887611], [51.45151436535044, 88.54828135718475, 62.966876352807766, 82.86415795842699, 21.91449624814133, 30.35382297583696, 26.040808652879342, 68.04768568971257, 107.1560547162589, 83.46638035009076, 61.13819771654844, 49.155519409585786, 87.76693846702011, 0.0, 42.78254696707919, 83.2702004491751, 64.74087074821472, 47.81340212170427, 50.34829510242966, 61.751319685978665, 95.92603988077734, 71.16577006378083, 22.77506746919642, 65.57073870152027, 50.15253020600006, 50.7546748053267, 66.8689694411897, 85.56343081065289, 68.01439176207896, 50.406222478092474, 50.40856440798087, 80.91010107528362, 79.18691030254188, 92.98108856927264, 84.36991566885058, 41.76317830070933, 46.18536420770667, 31.181648194990178, 96.20376931925242, 57.21618097015012, 53.293510197523695, 57.53652364402738, 46.54006132421053, 69.05958328878208, 23.477042452956773, 53.908433843840584, 62.27238622008937, 68.38856516841211, 76.1509162366836, 56.41520155916556, 51.84446976646499, 71.29000237732394, 56.46844497522871, 35.537872338716504, 83.42008792422251, 71.14068068034513, 85.33319615138205, 50.87234849352071, 78.2708330978043], [78.75219446939911, 81.86453205178513, 86.37998924257565, 59.380588073516606, 39.882791631092196, 65.98437703413896, 16.82737361145014, 67.4678781003555, 83.3622541796668, 100.61196603866371, 62.737053355316306, 35.609221729136145, 63.57563597803231, 42.78254696707919, 0.0, 83.00167879990865, 55.316108669802475, 72.05679482209122, 24.56878681239118, 24.10296058517612, 82.15921582627303, 28.807708906430687, 52.41260827507888, 66.18812582273436, 33.810306774715514, 60.98944270339675, 84.34037220701674, 81.8673171616125, 28.174376065348177, 29.032724636761003, 21.648216271370362, 44.591292251871494, 46.283515249310376, 90.6619337715977, 55.349443158401414, 35.60075672588716, 69.14575995470237, 37.3282490898019, 71.74373063448192, 39.59995000921437, 31.544588177834925, 37.59633543826541, 31.44464219278171, 57.07849761109427, 58.153809117981226, 12.732587172453824, 69.9202640921024, 43.14433844889251, 71.58903958525832, 45.677839394391384, 67.8176927751002, 31.688134490916777, 83.36687623965499, 71.76718616507397, 86.70731204812647, 90.90821347005064, 97.72048380947582, 8.91040231990804, 82.94714909877719], [53.46112549113361, 12.839455296991533, 46.166556158847875, 45.19242003805605, 61.597705017960095, 69.55272307689012, 79.11883442796339, 16.053459037094623, 52.5540869488769, 37.445252273664345, 22.429442538374246, 47.41756897408219, 46.96170313906451, 83.2702004491751, 83.00167879990865, 0.0, 28.600759986349026, 48.57096410772652, 59.99368323217918, 72.89573512843648, 28.170969550590137, 88.72433115062992, 63.83073803105415, 18.091891269838968, 49.44851609921029, 33.25751112009341, 34.435052472427785, 6.717260856302112, 78.3403076385148, 54.85891704772021, 63.463218205699626, 72.10218395889224, 64.00094179937113, 9.889193173239102, 56.45171570216715, 48.70480435814952, 47.17848481312412, 54.13240803159575, 49.428583634978054, 45.14786724081753, 53.13520062527369, 47.91595300393869, 51.559069615235856, 28.988887138993288, 68.74865850101871, 92.79771235033668, 22.48952424710635, 50.504517338269075, 12.440385536972475, 37.53908722288214, 36.534980989570485, 78.37506464320452, 52.86699002326509, 71.03392760750745, 7.271812264385011, 39.52829553643369, 27.45342744864753, 89.18180275734696, 9.82843102550974], [55.2607007047682, 26.75513055153222, 54.33612295981416, 25.89190284282624, 43.30156315425247, 61.604396836007716, 54.07698987201498, 15.593087644704736, 45.649088655257906, 57.06649189214874, 15.901174692379685, 20.005338017226542, 30.01062406996958, 64.74087074821472, 55.316108669802475, 28.600759986349026, 0.0, 47.960598208096094, 31.58431147946276, 44.43142532413774, 31.20842934761797, 60.449249353461255, 50.91782096880933, 16.08047068558384, 21.510934715872132, 26.98396503580693, 45.569704886474796, 26.6071786973579, 50.18009252300172, 26.556579029151298, 35.01840275300466, 46.447813687248754, 38.93928750996965, 35.42705074698212, 34.660052616365554, 24.06591960976366, 45.18679572638049, 33.56098431067207, 36.76962143040908, 16.556803285410982, 24.621323400082456, 19.317805949857966, 24.21163622669898, 4.974549453202776, 57.65631544581873, 64.46156669913518, 25.95210209369855, 23.65942921373998, 16.48341771462995, 9.853671752707292, 35.678330840932965, 50.538018836463586, 57.25878018776557, 65.23269888785843, 33.76308766475244, 52.722204480787035, 50.064830633825004, 60.9429489990582, 31.523614118982703], [7.676017844951255, 59.020068105364025, 15.384107748144993, 73.76333211078125, 33.33202940715569, 23.076891910700233, 59.12833869160248, 39.32354805093408, 92.30850835780262, 36.00341350216834, 33.83107549972044, 48.7408159806506, 77.9707510218811, 47.81340212170427, 72.05679482209122, 48.57096410772652, 47.960598208096094, 0.0, 60.517026738382256, 77.17532029594659, 72.08126861694174, 92.45113989302979, 25.117431590035547, 36.76093642275634, 51.59877662367014, 20.97900652751887, 20.29826421633538, 53.73553617331814, 84.42521309060994, 56.470277360404395, 63.19649168417293, 88.50539841219, 82.64361580799985, 58.03609016315985, 81.39663741714108, 42.02063337890804, 3.160043129012786, 35.067009222220456, 84.49587185404894, 54.293269398966714, 57.411294741597565, 56.7793490100459, 50.2147040829026, 52.748209337834666, 25.78701245157869, 84.71317821417527, 26.975945580162424, 67.02336966130022, 48.31979869711462, 46.79170178428206, 12.949089688995995, 86.42711647359084, 11.4731311626414, 23.022260146802168, 45.222412132906506, 23.43539927717979, 39.755739521701194, 80.77505680696515, 40.01533322744044], [68.04812372834478, 57.67264766522989, 72.61629820147819, 36.12848686143391, 35.80837474779245, 62.69142886457382, 29.350942403339484, 45.26167499038655, 60.76142744949179, 82.69551401147062, 41.76857505927816, 13.677860533590268, 40.70221207321386, 50.34829510242966, 24.56878681239118, 59.99368323217918, 31.58431147946276, 60.517026738382256, 0.0, 16.68118810179082, 57.61908497719187, 32.49002345178831, 48.666320654366736, 44.48962092073493, 10.995884952565921, 44.109281772493816, 67.76044861746902, 58.1526767086456, 23.909858206077292, 5.2205717162670515, 3.491472154182873, 31.408253252135783, 28.85030943775032, 66.97552041900923, 34.74922884198194, 18.521524945820754, 57.36319758224143, 27.560984362284344, 49.173749191871316, 15.262498777551013, 7.075751847544287, 13.05402304842767, 10.641438883985137, 32.7857504624497, 55.81062130306658, 32.87769571854215, 50.505604967496005, 19.927968349580777, 48.062879557166156, 22.546355724498824, 52.55409963505146, 25.999935989679972, 71.88424862259991, 68.02522450510635, 64.48886136803078, 74.86727966482691, 78.00798537031189, 29.394741572027975, 61.347269564181104], [84.68394044658743, 68.31743583762963, 89.24933132988481, 39.04001555955628, 50.817130277664525, 78.13953136832498, 36.973846512678136, 59.42087245513227, 61.38065297586725, 98.55790023957516, 56.92133139516609, 29.71791698962181, 42.48568354521573, 61.751319685978665, 24.10296058517612, 72.89573512843648, 44.43142532413774, 77.17532029594659, 16.68118810179082, 0.0, 64.80519566298746, 16.297297115684554, 63.985469254138266, 59.08602698139525, 26.81920050537711, 60.5617405266404, 84.06338245064192, 69.97368815911291, 7.284831609829661, 21.202985964939412, 14.074140915346765, 20.55134377413724, 22.59058592815698, 78.65081206307153, 32.63442650301174, 35.201621351979924, 74.02425719303936, 43.59431604303217, 50.00352226366868, 28.24487806708406, 21.332716221891886, 25.297499992955338, 27.22780852047029, 44.128942943079004, 70.90865378363777, 25.26622610965118, 66.19999027397462, 24.39277721957655, 60.524592404942354, 36.90990353807157, 69.14089798128789, 9.885594894584036, 88.55685913719024, 83.6421111893116, 78.17936469426138, 91.22809937630463, 93.20944184646102, 23.334147245230525, 75.62754260679931], [78.21441745270053, 15.345738133058372, 72.90373530401348, 27.201461067877506, 74.35023642223793, 89.92882178834157, 84.02668594878293, 32.82127518902704, 24.774680508545025, 65.53864251505811, 39.02729662431546, 49.53276364849917, 26.125325661745705, 95.92603988077734, 82.15921582627303, 28.170969550590137, 31.20842934761797, 72.08126861694174, 57.61908497719187, 64.80519566298746, 0.0, 78.31258561139764, 80.85149209689861, 35.46760262457815, 50.06976704177261, 52.64820445422467, 61.54935846135361, 21.454059255801276, 68.07811246877714, 53.57550615636143, 60.53758589925479, 56.32345680608103, 48.29765028797082, 24.782788457396265, 37.92385459275995, 55.020091352723014, 69.9683450617572, 64.74573768792197, 24.621343269983786, 43.15481229466157, 50.790667493638466, 44.72178854309535, 53.45079304180882, 27.200383146115826, 87.12541527012647, 88.83894639199096, 45.27696828126633, 40.482185454876365, 23.76377018408216, 40.2236239391519, 59.16253705552791, 66.87503828698988, 78.59355125394684, 92.67015739880533, 35.189474241131634, 67.26708239977899, 55.254597605452624, 85.90988099094582, 37.743042916466706], [99.83772244726978, 83.37518048224211, 105.02325823133975, 51.42229942494493, 63.99277658068461, 91.3081757610383, 45.1554195531912, 75.60506620578656, 70.88331897571625, 114.8321642680857, 73.2159187110261, 45.883039563124946, 53.936487084399104, 71.16577006378083, 28.807708906430687, 88.72433115062992, 60.449249353461255, 92.45113989302979, 32.49002345178831, 16.297297115684554, 78.31258561139764, 0.0, 77.19879558279115, 75.33455870277308, 43.01286471836616, 76.59381785367252, 100.20013438122712, 85.46382839614841, 10.46726745755482, 37.30527149280861, 29.44582813401988, 25.116470761470993, 31.37027833189104, 94.02029874077469, 42.568235545556156, 50.8074845550647, 89.32360399852934, 58.015990722062554, 60.2925446766911, 44.46981571257397, 37.612781612415844, 41.501343253394936, 43.13146091647309, 59.784958208118596, 83.7533166872271, 21.908342304410866, 82.48429130766544, 38.93974186725339, 76.30053513033997, 53.18730343913638, 85.02082555181825, 11.518850108853561, 103.9005069614387, 96.97250225153422, 94.2087272569585, 107.33265434896941, 109.49496037523002, 22.704055534212582, 91.79639388352264], [29.454249368238564, 71.06232918680354, 40.40199857186475, 73.61565350102347, 13.227325565984838, 14.163623811888858, 37.145982801202365, 49.90207068547207, 96.19309151466344, 60.69695223207155, 42.94208681777216, 41.368133523185584, 78.4180132428994, 22.77506746919642, 52.41260827507888, 63.83073803105415, 50.91782096880933, 25.117431590035547, 48.666320654366736, 63.985469254138266, 80.85149209689861, 77.19879558279115, 0.0, 47.226032331109465, 43.515770517308596, 30.573310602930718, 44.16321466870246, 67.16146723802892, 71.13604043308072, 46.37236052418806, 50.26986269571614, 79.80917091443209, 75.87092867715893, 73.71369918143328, 78.08974288163375, 33.03965975040984, 23.41046351547293, 21.53170691804933, 86.30672801391519, 49.115137836589746, 48.4973522266014, 50.580368891678795, 40.638924434782325, 55.781551644604015, 7.300624627074699, 65.04960877388979, 41.73667441404463, 62.02280692440467, 58.781057106326045, 44.93406207416846, 29.77226161138579, 73.84596019279812, 34.4866925105504, 19.77462816782129, 62.89344516409849, 48.373580333352386, 62.886812237888584, 61.31836334662352, 57.59651052584208], [43.26232496413463, 23.88665442756106, 39.98849233981964, 40.381160981768936, 43.75380355420182, 54.85964911661726, 61.234512417012965, 2.7251753454291863, 55.93490754589184, 40.98659020406313, 4.432583214585015, 31.11506547957353, 43.80667858247949, 65.57073870152027, 66.18812582273436, 18.091891269838968, 16.08047068558384, 36.76093642275634, 44.48962092073493, 59.08602698139525, 35.46760262457815, 75.33455870277308, 47.226032331109465, 0.0, 33.53966864437994, 17.397390265476215, 30.176242629621708, 20.073962847062973, 65.29820807640796, 39.26920258994268, 47.97418063813318, 62.5189928900897, 55.01085121007381, 27.50681545759532, 50.17156439506665, 31.10203255756868, 34.53740033634971, 36.045548209722256, 49.15111880630841, 30.867078316444005, 38.118848584328184, 33.843676434237125, 35.03625470120905, 19.36567182349034, 52.837169624039085, 76.70938523785891, 10.892156664469043, 39.695311263767394, 11.912141344752929, 22.214804998453822, 23.81185157565054, 65.95976001433752, 44.28105932176118, 57.309682774539525, 20.55668884442056, 37.152581967310304, 34.29506253674986, 72.94903857394671, 16.890288720604943], [59.24692190712225, 48.15844114069878, 62.76837779106319, 32.75188915622864, 31.853791561532066, 56.94975827489437, 34.034409903918345, 34.40281052438597, 57.27050439689899, 71.87356597143975, 30.77271532319097, 2.931582899471607, 37.64347898536132, 50.15253020600006, 33.810306774715514, 49.44851609921029, 21.510934715872132, 51.59877662367014, 10.995884952565921, 26.81920050537711, 50.06976704177261, 43.01286471836616, 43.515770517308596, 33.53966864437994, 0.0, 33.83017108882377, 57.24632463054696, 48.06329006587686, 33.75385867333052, 5.812405675682101, 14.459630945476652, 37.29910572105179, 32.49960648569793, 56.86587665746917, 34.96530983127574, 10.570068337729209, 48.44365957035909, 22.066280489215288, 46.12143390234178, 7.313850688236253, 5.825928818440717, 7.4365119722140225, 3.6716441721280884, 23.62903923300272, 50.81603585278663, 43.38988515951332, 39.598462084341925, 18.754925990093305, 37.80923367853302, 11.925561774497586, 42.58051242155136, 35.29091494539775, 62.74722596495353, 61.89228130059749, 53.67962109610536, 64.4198951427827, 67.0244402963147, 39.738450580285786, 50.41753149776651], [28.313433381763783, 41.16346123516519, 29.181320314225594, 52.81721721643718, 29.883921694661616, 37.462261055394556, 52.001871305632214, 20.120778510425616, 71.63993891060112, 39.63259114481638, 13.625307205605415, 30.90253223572827, 56.99457031836116, 50.7546748053267, 60.98944270339675, 33.25751112009341, 26.98396503580693, 20.97900652751887, 44.109281772493816, 60.5617405266404, 52.64820445422467, 76.59381785367252, 30.573310602930718, 17.397390265476215, 33.83017108882377, 0.0, 23.770372503321443, 36.81867522741376, 67.57422366674116, 39.35884968311047, 47.262443048949955, 69.27488905923096, 62.85455994939621, 43.141598625133426, 60.766600296826105, 26.28180701121632, 18.259841865361725, 25.10215154508803, 63.55728803086502, 34.92798578888159, 39.56067209671016, 37.67966722116703, 33.47175637832639, 31.773428065209853, 35.69618971364181, 72.93330554214879, 11.520364202943021, 47.05251799713318, 29.303891267097015, 26.69909445226157, 9.13559751506155, 69.09249856684633, 30.637077633456364, 40.022266298085576, 32.69197994777049, 30.784985443652303, 37.4432051096607, 68.97855771112935, 27.516663829782104], [21.661258345398288, 46.75135891853732, 11.818109861321668, 70.55653724055827, 49.320330630703126, 43.30101544529478, 73.9447197355766, 31.850584784839796, 84.5665071327451, 16.925746417968455, 29.688846845684722, 54.346057306765466, 73.93451942254423, 66.8689694411897, 84.34037220701674, 34.435052472427785, 45.569704886474796, 20.29826421633538, 67.76044861746902, 84.06338245064192, 61.54935846135361, 100.20013438122712, 44.16321466870246, 30.176242629621708, 57.24632463054696, 23.770372503321443, 0.0, 40.751968843583136, 90.96339940848762, 62.89926258131066, 70.96673475461422, 91.13955850003786, 84.09980715811557, 42.58013162582323, 80.15817531729618, 50.04876490064599, 21.00727903723919, 47.44414676997351, 78.88662898250575, 57.35899090438898, 62.85244206173288, 60.26616254869198, 57.14742606750117, 49.408450294832036, 45.88708316169175, 96.4871750210171, 19.621419182819768, 68.3652018819293, 38.9691274573258, 48.6149395221421, 16.703449721764425, 92.29022359977498, 19.478594086064245, 42.588731906783494, 29.069063493069766, 7.263486754136163, 19.484485056089902, 92.52059493788046, 24.681184917944925], [59.0548316742088, 6.135598482974627, 52.384674549711484, 39.807417489318574, 63.6902315182515, 73.90408536998171, 79.35443044338437, 17.524073591612698, 45.879359522718225, 44.139794488341124, 24.485742940676552, 46.343059607180386, 41.1761203753393, 85.56343081065289, 81.8673171616125, 6.717260856302112, 26.6071786973579, 53.73553617331814, 58.1526767086456, 69.97368815911291, 21.454059255801276, 85.46382839614841, 67.16146723802892, 20.073962847062973, 48.06329006587686, 36.81867522741376, 40.751968843583136, 0.0, 75.01212296966041, 53.159678612671364, 61.56122380469878, 67.56655523781527, 59.381308900601596, 8.823119638210807, 51.202588045055606, 48.76902359129626, 52.0986811802303, 55.50353088887042, 43.1177067021069, 42.97981981321135, 51.13882922684803, 45.5634872218291, 50.55250479059012, 25.87248702707139, 72.51419893139126, 91.0232033787224, 26.97602402742123, 46.73682866092216, 10.351884500111698, 36.20130880774295, 41.27651474366012, 74.78287243535235, 58.7714415814913, 75.7631820688487, 13.844812327161177, 46.08303214769225, 34.0381663470848, 87.53522094637303, 16.39560626780638], [91.94580482350746, 72.90969764318076, 96.3754589058345, 41.39926091675364, 57.94148269715933, 85.2973078948745, 42.665705016812986, 65.461289354434, 61.990577847888936, 105.2057392362503, 63.36536678906479, 36.67600868639462, 44.21299605561871, 68.01439176207896, 28.174376065348177, 78.3403076385148, 50.18009252300172, 84.42521309060994, 23.909858206077292, 7.284831609829661, 68.07811246877714, 10.46726745755482, 71.13604043308072, 65.29820807640796, 33.75385867333052, 67.57422366674116, 90.96339940848762, 75.01212296966041, 0.0, 28.264038045817575, 21.358953294967286, 17.65216232610151, 22.26590221175822, 83.55734761020055, 33.26749229278853, 42.4268609938667, 81.272106640935, 50.863037507370265, 51.02570941816326, 34.462856718171246, 28.1131055625654, 31.47464092211285, 34.37956393700047, 49.37522361990463, 78.00817147481422, 25.96252343391631, 72.83149418445836, 28.477365483941394, 65.90753582424757, 43.278766589193324, 76.23403920607203, 3.5145139600118958, 95.793277691042, 90.82640396722725, 83.91259033179286, 98.15594540330349, 99.54644975794045, 25.10121778776054, 81.61865387414032], [64.07026610460387, 52.878371668964114, 68.11501418909437, 33.706324780188076, 33.968462056127876, 60.176520865497, 31.58239320921535, 40.04878980843801, 58.45363506421472, 77.6513912689672, 36.57129028361149, 8.597290853702512, 38.46763943640063, 50.406222478092474, 29.032724636761003, 54.85891704772021, 26.556579029151298, 56.470277360404395, 5.2205717162670515, 21.202985964939412, 53.57550615636143, 37.30527149280861, 46.37236052418806, 39.26920258994268, 5.812405675682101, 39.35884968311047, 62.89926258131066, 53.159678612671364, 28.264038045817575, 0.0, 8.708506162797276, 33.498364616680234, 29.708679339100104, 61.98144190193714, 33.965207122046614, 14.56342008476525, 53.31027022131312, 24.891973700335917, 47.00530768309157, 10.582029112618251, 3.0785917599418684, 8.906123868309857, 6.270344727172096, 28.05004990242121, 53.62494806460551, 37.95022023117612, 45.399850431959166, 18.140642317178916, 43.008687977166424, 17.361186711407306, 47.970403248987196, 30.0142643086646, 67.74401892337357, 65.338457234613, 59.28718580789052, 70.04583672038522, 72.83495283938247, 34.39191191024493, 56.1271717455417], [70.6715773262421, 60.98572640341583, 75.57778529445045, 38.22445857688025, 37.217319246882106, 64.38229596593871, 28.105967979516915, 48.75306527023969, 62.67142105434956, 86.02651507379055, 45.22549483827924, 17.08857758146557, 42.657495326436774, 50.40856440798087, 21.648216271370362, 63.463218205699626, 35.01840275300466, 63.19649168417293, 3.491472154182873, 14.074140915346765, 60.53758589925479, 29.44582813401988, 50.26986269571614, 47.97418063813318, 14.459630945476652, 47.262443048949955, 70.96673475461422, 61.56122380469878, 21.358953294967286, 8.708506162797276, 0.0, 30.632011295174628, 28.997283120093304, 70.38262074804037, 35.88330660885163, 21.366878086529407, 60.05216799291219, 29.569628649791856, 51.04330961985786, 18.611003224047842, 10.425430053390238, 16.255436931964045, 13.827432246047339, 36.09462901301941, 57.31287234374013, 29.462956964471413, 53.88954441551161, 21.91185123749978, 51.50114607508798, 26.034897508069868, 55.58965517572267, 23.737934748343747, 74.6086727558794, 69.81307611038324, 67.9794236376921, 78.04302946550237, 81.44015882256222, 26.036237166536107, 64.83535760661702], [96.180950944148, 64.22902291115093, 98.4138097106461, 29.218240540038618, 67.14515915117815, 93.67077966424303, 57.084501361307474, 61.94218932625126, 45.96785707812316, 103.50093678188637, 61.754793815951324, 40.006247430153905, 30.542866105782448, 80.91010107528362, 44.591292251871494, 72.10218395889224, 46.447813687248754, 88.50539841219, 31.408253252135783, 20.55134377413724, 56.32345680608103, 25.116470761470993, 79.80917091443209, 62.5189928900897, 37.29910572105179, 69.27488905923096, 91.13955850003786, 67.56655523781527, 17.65216232610151, 33.498364616680234, 30.632011295174628, 0.0, 8.225702197398826, 75.46138955767249, 18.63839436331214, 47.70367186708593, 85.37472242691504, 58.381170791168174, 35.83201583251673, 34.37805536716674, 31.708068960984917, 31.753807540972204, 39.51777744579232, 43.95915490965076, 87.02766379799098, 43.614099398238984, 71.8152368693915, 22.866788449692805, 59.926316939181326, 42.71076302009961, 78.37958296228346, 14.579978631847137, 99.38401469471276, 98.83138763451844, 78.53894993645235, 98.39502678904601, 96.33024450233745, 42.61641070482211, 77.31037003629038], [90.3086190396808, 56.00435704221004, 91.83446342997405, 21.117208222317235, 63.666548716766414, 89.43707791842156, 56.80420714396128, 54.289324314817236, 39.7343341072707, 95.98054797132087, 54.52046078860684, 34.95708096202748, 22.835213928135577, 79.18691030254188, 46.283515249310376, 64.00094179937113, 38.93928750996965, 82.64361580799985, 28.85030943775032, 22.59058592815698, 48.29765028797082, 31.37027833189104, 75.87092867715893, 55.01085121007381, 32.49960648569793, 62.85455994939621, 84.09980715811557, 59.381308900601596, 22.26590221175822, 29.708679339100104, 28.997283120093304, 8.225702197398826, 0.0, 67.24228813032734, 11.203709141875121, 43.06938876728878, 79.55000679700512, 54.34041439337395, 28.929668385920756, 28.378350318844806, 27.38406646083904, 26.079025065264887, 35.23204652322692, 36.1465565593956, 83.15791957060766, 47.47187335129433, 64.62150027087387, 15.82750804522047, 51.89567993876527, 36.155487044278814, 71.98979135421196, 19.98171208405494, 93.27472265269634, 94.38908733302888, 70.51283398412843, 91.33157738591864, 88.5573146506469, 45.85383842808678, 69.43141594888745], [62.55659014580484, 11.345876362900604, 54.398061542950956, 47.056162247023885, 71.22896107485593, 79.33589166006657, 87.8421245582189, 25.206099020179384, 49.483127569951705, 42.46907703720205, 31.92196945393594, 55.10874803804986, 47.83263286705976, 92.98108856927264, 90.6619337715977, 9.889193173239102, 35.42705074698212, 58.03609016315985, 66.97552041900923, 78.65081206307153, 24.782788457396265, 94.02029874077469, 73.71369918143328, 27.50681545759532, 56.86587665746917, 43.141598625133426, 42.5801316