instance_id,num_cities,city_coordinates,distance_matrix,best_route,total_distance
2071,96,"[[62.78851681612323, 23.78364883979841], [40.48622858215337, 76.32199086849766], [46.570941788746865, 19.029591959077663], [54.78417621082229, 5.722531516335083], [89.638665426511, 60.32667747886197], [62.65642720801191, 9.673866752875925], [68.8947509340443, 61.99025324363851], [33.94120312753343, 93.19561432147356], [35.03807694431731, 83.24732437812736], [63.3250439046711, 82.66885745298737], [20.236574726213096, 30.92877670887242], [81.5578733688305, 47.498748888555454], [87.75969585407034, 27.74211764450928], [32.0796879578282, 29.38854608564404], [27.43924339649887, 10.52671902789115], [87.62181609759398, 2.5078635476933897], [77.40544285128914, 19.009122013448398], [52.57857051348323, 29.59966415675599], [27.435883422083595, 85.14548302163028], [54.65844180219273, 8.122598246827618], [93.68120022083367, 24.47065234997695], [78.61806108153877, 82.92452641725852], [49.187477270329396, 46.47002852066265], [39.88138898138578, 34.6757989267196], [34.50247122687645, 98.68611031071717], [37.81075254389871, 34.45617444885617], [67.92611707327293, 91.61646036404166], [26.84130582948512, 38.914854188543735], [20.661661276569475, 20.79468666667309], [78.44386206488984, 51.36928680152849], [57.5726475827268, 8.077980061892031], [57.72458922728349, 75.05291922665197], [1.7495442569041009, 11.940790570881942], [33.20819245188098, 83.85381418673124], [5.209859401230654, 24.598451931676657], [19.09342939578074, 75.49486227318344], [3.736991323095029, 0.7294259756871813], [50.132548470849926, 69.2912311692009], [69.27761096585756, 18.80708018055499], [50.64876030712101, 51.99945860038259], [5.131806789470406, 56.1633222897432], [92.54807704528744, 22.47331949285485], [80.17022089714911, 21.28227337652643], [78.84337248559193, 91.66982482150317], [78.48359260737875, 8.603770120995636], [10.910565862535504, 11.098096259201974], [61.20938706478083, 61.41443228900929], [27.28696398344821, 81.90679045362043], [17.75578038761737, 18.699672645245702], [78.45709416573993, 56.757671350090256], [75.27766650422717, 47.815246832080824], [36.85055938056691, 9.076853741204882], [50.475173298787254, 78.62962901499036], [98.43116406023599, 54.80668438259988], [23.045364277472547, 8.342838779069018], [3.741212324352061, 94.22836654742946], [85.2219592973818, 33.03243844900897], [73.83873712315803, 61.13152664161616], [3.2596746745849448, 30.399785442593053], [34.0328333918543, 35.63065959392448], [7.212873896941119, 43.589770108728985], [26.56777876934585, 53.6864572761844], [79.94722227794813, 19.503693074504756], [84.16353688730112, 33.33367559162721], [28.0532356159514, 23.836638092025233], [66.74750983901656, 51.76944704353138], [66.57617346075432, 57.19544932138352], [36.780979861652696, 4.922850640274712], [7.911249076086724, 42.54192859044104], [25.226790919716347, 89.7828717576972], [55.7880620256936, 23.53574758355461], [49.99611045113015, 56.16755477017444], [78.50224411258931, 0.5925584688344587], [53.891323080670226, 50.133239354351424], [35.117398445946804, 45.37843018454698], [2.7144822767160237, 99.5925267217847], [96.82042924163954, 98.45099944745313], [59.01184169730879, 48.14428045237648], [86.99963084221733, 97.69253853408745], [33.87072499638535, 31.28649511264312], [58.31501613901342, 84.3753134542029], [21.138240485435233, 41.6640199608081], [76.78058370656483, 55.31362414891174], [8.726526597345574, 93.31464404945739], [62.57005954739295, 82.94433926642179], [5.952921910309361, 89.66599572974306], [39.98239065039546, 80.60270660070866], [60.15530557123386, 31.13592696274643], [59.563764374603664, 61.63638848665275], [76.66914658706025, 29.258615308937664], [97.13854468928595, 92.201846170838], [77.59877524278855, 57.52129669816933], [42.00940863663533, 0.7738328625333302], [56.74465004442262, 10.262635292789534], [92.48206281555233, 68.3121084648611], [39.86482142335006, 33.42979564242201]]","[[0.0, 57.07599708805495, 16.9000235678448, 19.75533921494583, 45.3467024436764, 14.11040035594347, 38.691481170593576, 75.16773549254468, 65.62023789659997, 58.88765282073594, 43.147660746423824, 30.243920310125336, 25.282983562528347, 31.216134337623252, 37.7533749396421, 32.70094483342718, 15.376951360170422, 11.750278195424878, 70.81725342070247, 17.64558373666702, 30.90032138613885, 61.22269082850634, 26.45108881975518, 25.36484652334842, 80.06546764666659, 27.16231784871846, 68.02709207136354, 39.001991654578035, 42.23275805015349, 31.718405644258397, 16.54911851492987, 51.5187485157133, 62.177242324364535, 66.95834790600522, 57.58442231871479, 67.70014962630788, 63.39226967794944, 47.234665069458316, 8.177687845857177, 30.71653640212938, 66.12669252142123, 29.788393512083093, 17.560766383293494, 69.75880790256137, 21.83492894448747, 53.406413841578335, 37.66390199877036, 68.10770767388684, 45.3188058556937, 36.507403039248835, 27.083141656656803, 29.817234244656998, 56.21120857937026, 47.25279924891416, 42.637269952964594, 91.91867286167574, 24.26519010424971, 38.948316332461864, 59.89537803753328, 31.100498275834, 58.9994451295944, 46.96934976169527, 17.68443367706555, 23.41141802633714, 34.73532161814342, 28.264439263063075, 33.62580488670672, 32.12665073052756, 57.994720223611914, 75.9393223441143, 7.004842775230319, 34.81900377544652, 28.013352140397625, 27.811166402199067, 35.100218990539304, 96.72577521823125, 82.05720145181925, 24.65164593930413, 77.7734017401008, 29.875263779984248, 60.75658012966644, 45.32607626794653, 34.49517761745674, 88.07529779263214, 59.1610937638329, 87.01016308469244, 61.22519673732987, 7.809596344075146, 37.98985294893394, 14.921365241693618, 76.55699929409542, 36.84525257994646, 31.003596050175606, 14.810338716331382, 53.52093413423434, 24.87054399482278], [57.07599708805495, 0.0, 57.614604985217106, 72.03273538614104, 51.689574366319015, 70.23880804257244, 31.8189070454296, 18.098522774923953, 8.81150387212397, 23.704307641806, 49.70505379764717, 50.17628208344342, 67.78484189232714, 47.68037504522799, 67.07638644868996, 87.58018612995559, 68.17472639216409, 48.261791789602334, 15.753270218381628, 69.65636210367981, 74.28503425187492, 38.699226419062114, 31.094233946988375, 41.650583839774406, 23.150792438115182, 41.951218772693586, 31.41445968905404, 39.818058610623375, 58.9601134732252, 45.4248762228748, 70.35048489694482, 17.285011442394467, 75.13634050361867, 10.473689531900273, 62.60788051625445, 21.408783214878238, 84.05202142837689, 11.936627218118117, 64.3188048008255, 26.360247096612596, 40.69775250751568, 74.90070409762721, 67.85418003080315, 41.3137567340241, 77.65022275610615, 71.61617312666954, 25.5281139196959, 14.332151700028115, 61.94356167146188, 42.71474255318807, 44.97864613617557, 67.3433482818591, 10.252034450152621, 61.81038715896603, 70.18082976491488, 40.875842618117645, 62.25167428515551, 36.64887487230617, 59.115693914662636, 41.19988774716787, 46.674558464694314, 26.57236583747078, 69.17722882326534, 61.28378669049867, 53.937849142957035, 35.951109878958725, 32.34980394564887, 71.49521727647392, 46.927837126060325, 20.34811421451675, 54.95938124534374, 22.285402118949694, 84.73585054972604, 29.420184642246276, 31.40586386063562, 44.36465550256687, 60.52466591919973, 33.72212486761774, 51.187858886007014, 45.51879574053889, 19.563273509744675, 39.692815355288204, 41.9360428047461, 36.01984081436486, 23.055391742600314, 37.02177380175843, 4.310264474655446, 49.28136524993002, 24.07528378295614, 59.36467699238331, 58.83582858026, 41.60297129922382, 75.56351140314037, 68.03068960052234, 52.609172144666836, 42.896696354950215], [16.9000235678448, 57.614604985217106, 0.0, 15.63761737921634, 59.66806592950039, 18.608396903208696, 48.41457293793296, 75.23369704932728, 65.24510808148412, 65.80772029416566, 28.897914912567852, 45.10629975585103, 42.10013735456224, 17.81303927431873, 20.936110705091547, 44.25089593692207, 30.834507857181613, 12.158043804757812, 68.82921988291699, 13.578297695460538, 47.42342867945568, 71.48132976086596, 27.56490189746284, 17.016283649397703, 80.56555652143051, 17.740359717871957, 75.66304894909003, 28.01217929793439, 25.969335301186984, 45.40637520692669, 15.523380222228328, 57.12282424139154, 45.3785057249439, 66.18718046011725, 41.73429450297824, 62.79602247714932, 46.57943094879496, 50.38767129215835, 22.707759392118156, 33.221088335787954, 55.642751888802636, 46.105923976481826, 33.674710543267246, 79.4865599544355, 33.57253406091584, 36.531781167031276, 44.8414849206986, 65.76787886588241, 28.817050045533502, 49.397719460956594, 40.65328978518243, 13.911967229502801, 59.72777779852653, 63.00383318758873, 25.83910777812192, 86.5404034285893, 41.1093768412194, 50.16079710702446, 44.77886955793837, 20.803836395938763, 46.392454762801684, 40.0153076258175, 33.37964755897651, 40.222009084714024, 19.131469740359034, 38.45766515583328, 43.0910891304753, 17.171007692316017, 45.248224434820195, 73.90263444953555, 10.259665880248646, 37.29557697803025, 36.8718357559937, 31.953479678255103, 28.73055744216169, 91.72663461890767, 93.98282266836318, 31.661349885888985, 88.44398262428624, 17.650132619582898, 66.392669776588, 34.04613967175997, 47.21391168665968, 83.36947118249937, 65.88677175591985, 81.48205370814863, 61.92461104257422, 18.19610635811959, 44.54382728380819, 31.78891081451512, 88.94527109148123, 49.44024456425312, 18.817022210989546, 13.429961610525135, 67.35426836571528, 15.88514766934805], [19.75533921494583, 72.03273538614104, 15.63761737921634, 0.0, 64.77999826168184, 8.808256689849719, 58.010040746416365, 89.92202034199029, 80.00001215316449, 77.4188833303178, 42.76554179530154, 49.61938328354902, 39.651570826366004, 32.795945365625464, 27.76374557342818, 32.99461597718497, 26.23461818775109, 23.978785616047947, 83.99960919118047, 2.4033579534331855, 43.179514953600844, 80.79729008272973, 41.13005654200099, 32.56354957530106, 95.15027345896121, 33.3724339410613, 86.89348435024937, 43.38818144983985, 37.30302784378457, 51.41407397570724, 3.6501658103019627, 69.39271351352556, 53.39793003625715, 81.05566239867173, 53.046331246034995, 78.37096112373796, 51.29080022676444, 63.73866343270419, 19.52600995454021, 46.46133494680104, 70.77874796152538, 41.31223915584384, 29.775104224367933, 89.25123053421999, 23.87391617297748, 44.201701113170415, 56.061315951297615, 80.99467877645168, 39.23656826379701, 56.25826643570886, 46.81644825334677, 18.244618116109596, 73.03432324444687, 65.68343482892561, 31.846792508691987, 102.16979493405474, 40.89363833037796, 58.59379687608011, 57.129161729354465, 36.402120184074796, 60.802603253906504, 55.64803014367799, 28.68970723567375, 40.31776421014899, 32.29030879570491, 47.57562170973949, 52.806367670080064, 18.02094804082987, 59.604859693475596, 89.10544218363123, 17.84148125539883, 50.67174700757346, 24.26650713351458, 44.419682094603836, 44.26479918441392, 107.34444105896978, 101.81166600013616, 42.63188874842585, 97.44905185763939, 33.028603913153766, 78.7319943680096, 49.232505343939835, 54.25051530825821, 98.96305000318529, 77.61332083812701, 97.11331824579504, 76.32911290224263, 25.97478967618326, 56.11776781298861, 32.138748710259755, 96.2941555460247, 56.60051239478491, 13.69979214954146, 4.945300795018191, 73.06562664521906, 31.46870878550968], [45.3467024436764, 51.689574366319015, 59.66806592950039, 64.77999826168184, 0.0, 57.3911875963758, 20.81051351591118, 64.67282517185728, 59.21638554389035, 34.519265397613054, 75.37165755942037, 15.160968049484024, 32.63868971409037, 65.34679687134138, 79.6793822929494, 57.853979341292046, 43.090510837218496, 48.14145804459505, 66.97133116237174, 62.84012995906225, 36.083190346843544, 25.141927069558747, 42.75868734652144, 55.97994399544688, 67.16729857602898, 57.92594825113516, 38.085236890340916, 66.34737786057556, 79.50223518289303, 14.337310419034145, 61.30379989958181, 35.14783714063289, 100.32792069926336, 61.13856754791707, 91.67731119314614, 72.15749549829268, 104.55108799291453, 40.51044926659467, 46.2433724825869, 39.869227174214664, 84.60935340215953, 37.96500213070296, 40.17607414260481, 33.150131749704606, 52.9121422279477, 92.85239291400033, 28.45008046905558, 65.98057251076393, 83.06597795085969, 11.737348107937818, 19.046631903700234, 73.57396668019715, 43.22935519496149, 10.381635516951887, 84.48069154482944, 92.34553032572515, 27.649281676923145, 15.82041455101226, 91.41634925040391, 60.84325645163649, 84.1078782135926, 63.41947073305658, 41.95759914461525, 27.542679306943423, 71.58413329365844, 24.438314116448907, 23.274086994870007, 76.57361785650193, 83.64010925590537, 70.82765673712174, 49.99435841333351, 39.86013631037923, 60.76335123728199, 37.17228356704718, 56.53334105055135, 95.38144753057082, 38.794866375090045, 32.960781681424756, 37.45893853188468, 62.87603177428814, 39.490605173390406, 70.99720418963079, 13.800759732918289, 87.37837345918531, 35.27418388815634, 88.67975678409346, 53.636396053342956, 41.48937724345675, 30.103405392180218, 33.666495302023186, 32.745603798038765, 12.362407409593642, 76.25672038746814, 59.90346040059712, 8.476556892050102, 56.57630068654555], [14.11040035594347, 70.23880804257244, 18.608396903208696, 8.808256689849719, 57.3911875963758, 0.0, 52.687009578848034, 88.32013593119429, 78.58642973327385, 72.9980528205815, 47.446971260714754, 42.28458791981272, 30.929529369183584, 36.38139035781342, 35.22750903224488, 25.973491185144017, 17.455098201547944, 22.329366263643266, 83.28536226009106, 8.147036548927096, 34.37268398748765, 74.96954646507959, 39.18379937250761, 33.82009725961416, 93.3585815047988, 35.092311469226395, 82.11186442287554, 46.23589801843899, 43.44229507279451, 44.58420294671357, 5.328383395451527, 65.56480403567843, 60.949055238096925, 79.81142231248442, 59.35361316329778, 78.93122468119192, 59.59448754552277, 60.91861520563341, 11.28076512789342, 43.995906510088794, 73.96182414199667, 32.51671447789964, 21.011617589459284, 83.57843224786792, 15.863299511150776, 51.76545755686855, 51.76079643103489, 80.42757111309119, 45.798834667451345, 49.66433057696136, 40.17537250255057, 25.812772785264, 70.02342533717017, 57.59169231793594, 39.63341950872024, 103.05564506757972, 32.478086614820306, 52.65866325936921, 62.908965315366046, 38.64020208986343, 64.99443133223888, 56.916593983671035, 19.889622411295736, 31.97408827540246, 37.38936961706999, 42.29391016565775, 47.68296572678102, 26.308001244420005, 63.85408379778246, 88.42188844136146, 15.470170666208556, 48.18658159523737, 18.26362706373493, 41.39792122399588, 45.09117380379525, 108.06665615605374, 95.12391037181072, 38.64266727020208, 91.3229332933685, 35.99614363280955, 74.82749487548823, 52.413068322678036, 47.77529960099278, 99.5199166330674, 73.27052341652188, 98.05115099425569, 74.4648390582806, 21.60730519741104, 52.05447366302318, 24.081500792104286, 89.44206959146214, 50.12634354470864, 22.48354907784837, 5.941023281012107, 65.78762748775016, 32.921139889873224], [38.691481170593576, 31.8189070454296, 48.41457293793296, 58.010040746416365, 20.81051351591118, 52.687009578848034, 0.0, 46.85643034056375, 39.976711306251474, 21.415562295675297, 57.727233056783305, 19.244697146792852, 39.10013988276717, 49.175402098593814, 66.08369283848236, 62.360706006107044, 43.815630986408046, 36.26800249409352, 47.48686514654245, 55.71711364161901, 44.96763858005256, 23.082169601926836, 25.08493593191384, 39.84789312406645, 50.293288114255716, 41.52517851853086, 29.642037714996228, 47.9683884106402, 63.43110942986252, 14.28252259069334, 55.088322028549534, 17.187371967202036, 83.74620883089291, 41.85147253578053, 73.85060741049779, 51.599865232366454, 89.43390070365948, 20.13267294572298, 43.18487023947371, 20.80221506382154, 64.02863554945954, 46.05505280844483, 42.24068948005089, 31.302588388526427, 54.24078230299143, 77.1503555463973, 7.706905187866947, 46.12891055902782, 67.0020050229414, 10.900381706777262, 15.545816734536162, 61.859987546232944, 24.822362222832705, 30.39742360698276, 70.57061240712822, 72.6930501681744, 33.2435372759865, 5.0180086503680075, 72.8417523915641, 43.70562288878285, 64.36794026857164, 43.13381040553065, 43.90062548316639, 32.47052921053376, 55.89031868414628, 10.443922811871234, 5.325969034130746, 65.48269032640908, 64.00956827440474, 51.76215196145676, 40.62676826553779, 19.77529847095417, 62.1448376684322, 19.12306528049695, 37.64123013999079, 76.11674539995416, 45.92634889339972, 17.011256788312867, 40.03048652527188, 46.57685215048858, 24.75927521079282, 51.90221623106425, 10.332653801647998, 67.83386086009682, 21.88779208112557, 68.75769457311853, 34.38528750993114, 32.068167323645056, 9.337694064312576, 33.642255418713845, 41.35761396511454, 9.784253255742245, 66.86009089677516, 53.13540637368815, 24.419810302982064, 40.72390631787135], [75.16773549254468, 18.098522774923953, 75.23369704932728, 89.92202034199029, 64.67282517185728, 88.32013593119429, 46.85643034056375, 0.0, 10.00857657046341, 31.212540892794994, 63.757163565299194, 65.99659684606965, 84.73836431391439, 63.834216495378456, 82.92419266658727, 105.38442175790831, 85.98125246664402, 66.27062954606743, 10.350062725164047, 87.55924875385675, 91.06035169430864, 45.8423045164451, 49.15006860286393, 58.82052874477065, 5.519109356340055, 58.86675810026, 34.021582901455254, 54.7431225109739, 73.60869892239066, 61.073139155445276, 88.33717693579966, 29.91332211028136, 87.39936660858976, 9.370514095186666, 74.3711019163433, 23.103528039335718, 97.27430492131937, 28.871771644933634, 82.35481607380945, 44.455210190770266, 46.91878057331583, 91.84992463925914, 85.49064679722368, 44.928085277006716, 95.60232510672618, 85.26671522239448, 41.87597624672393, 13.104062076550399, 76.23393755734865, 57.52728259627128, 61.384696447608796, 84.16905746987801, 22.034974417334723, 75.0510826234589, 85.5494758692079, 30.217644211163382, 79.0526639931416, 51.18514372035701, 69.89043076698505, 57.565027654732475, 56.34841047907225, 40.19130350206666, 86.87377656771793, 78.13919961692325, 69.60844593161539, 52.84298529973444, 48.59066956406255, 88.31843035186043, 56.9504555386402, 9.358834966723274, 73.00535786954781, 40.35885582253086, 102.76678610776356, 47.45919746428056, 47.83164783082222, 31.875203267620567, 63.09846392370619, 51.55734284930868, 53.24865330624174, 61.90915932541927, 25.920657169673902, 53.09822096612211, 57.18616710209876, 25.21495747761931, 30.408881271155938, 28.20996442566894, 13.967006535048377, 67.36901336661964, 40.65095792417549, 76.9000454811929, 63.20515450190776, 56.37943366944276, 92.77328078806532, 86.01090745866786, 63.60991366704079, 60.05865746161665], [65.62023789659997, 8.81150387212397, 65.24510808148412, 80.00001215316449, 59.21638554389035, 78.58642973327385, 39.976711306251474, 10.00857657046341, 0.0, 28.292881150558486, 54.37200472791715, 58.66900466951669, 76.55323033685065, 53.93996722796791, 73.11654199832111, 96.35304955490004, 76.95154538370677, 56.44236318473618, 7.835582466249535, 77.64459539117286, 83.02838720780655, 43.58117960684422, 39.40526640150072, 48.81240371222425, 15.448073813808902, 48.86986844059573, 33.93619926677884, 45.083865959113, 64.08598352658736, 53.854168470679824, 78.4744365942834, 24.12107201912265, 78.69401611358269, 1.9277725860690447, 65.79827354146724, 17.729423401104864, 88.25509343841027, 20.55761679576568, 72.97184910809766, 34.93025265751264, 40.3475917955246, 83.67126018776526, 76.65884139099765, 44.60764991766636, 86.36650405896191, 76.07659238660888, 34.082439032389544, 7.866179716667228, 66.82123254253175, 50.86170242943102, 53.615824969677206, 74.19261288756645, 16.112946792065262, 69.48059799283287, 75.85846768798483, 33.167409036046564, 70.99265326004226, 44.660941994500625, 61.66627297283131, 47.62727453645564, 48.445469708301836, 30.75046040292175, 77.97487971372158, 70.03344308108659, 59.81987674149865, 44.680475556951116, 40.90662202935226, 78.34386317313452, 48.91619401000861, 11.78875366640309, 63.21419369233066, 30.936332820984877, 93.38599549799478, 38.10495396716506, 37.868977268276026, 36.221270158437065, 63.62555140039319, 42.50841198262965, 53.93206185096133, 51.97394047527225, 23.304254067215407, 43.84491600912369, 50.226770544122786, 28.171769682183207, 27.53364970420694, 29.784989260906745, 5.607159816943982, 57.848707111573084, 32.688559069398146, 68.1757043715466, 62.742741051694736, 49.73169552552435, 82.76760397847143, 76.14420632348626, 59.35378831338847, 50.05081049891901], [58.88765282073594, 23.704307641806, 65.80772029416566, 77.4188833303178, 34.519265397613054, 72.9980528205815, 21.415562295675297, 31.212540892794994, 28.292881150558486, 0.0, 67.33240031032949, 39.61530773202508, 60.11654482649957, 61.7662031182585, 80.57467849553034, 83.76227123758864, 65.19830941618054, 54.14633844924584, 35.97451200992413, 75.04834943977542, 65.63937311936613, 15.295154166966123, 38.86162639947228, 53.41290689400684, 32.974127507414174, 54.54761100267569, 10.061285810309482, 56.969078855144915, 75.15701715585705, 34.759772518349806, 74.81235896172593, 9.453444222125054, 93.77633817627841, 30.140153680601415, 82.15562468436595, 44.80961870963566, 101.31538106964732, 18.78836929486024, 64.13859720177611, 33.18584324415567, 63.94525971669788, 66.91403781156325, 63.65589283392636, 17.93978638430543, 75.60038862511172, 88.71105549077505, 21.35946143785744, 36.04613641598739, 78.54052700646776, 30.006141210800195, 36.84615801303018, 78.20921519317298, 13.469763953473029, 44.81897322096062, 84.53880554387679, 60.69477107870424, 54.25171882303857, 23.966525896985935, 79.62351706358095, 55.41322635035361, 68.37946102914653, 46.808931415243244, 65.31565512825978, 53.55560623390049, 68.59541161690454, 31.088371406745516, 25.680038263789616, 82.1524735552267, 68.41680405605261, 38.75675528257274, 59.61149871186297, 29.66444860257798, 83.46775581676611, 33.87567761160615, 46.757322722627435, 62.928934222468556, 37.02724462886052, 34.79296093109503, 28.03920576425158, 59.22587324831459, 5.292671376228202, 58.83131037545638, 30.485411928999, 55.626709990937854, 0.8036738201956163, 57.797234589554236, 23.433916452307265, 51.63032215679528, 21.36614084300516, 55.05196674310708, 35.131619791945496, 28.916071970964875, 84.62358630754787, 72.70462564973373, 32.499969127332264, 54.542343613542656], [43.147660746423824, 49.70505379764717, 28.897914912567852, 42.76554179530154, 75.37165755942037, 47.446971260714754, 57.727233056783305, 63.757163565299194, 54.37200472791715, 67.33240031032949, 0.0, 63.520592292992205, 67.59827425933128, 11.942848964530498, 21.63613629075217, 73.13356999076787, 58.39826753218352, 32.36929458113032, 54.69260726188024, 41.29148470373821, 73.72801627793895, 78.1789993335436, 32.85856457601873, 19.998972539140016, 69.24284843793846, 17.92468300371517, 77.18346582463053, 10.363392613321288, 10.143001506393336, 61.69199909368518, 43.77375062464433, 57.8989739474007, 26.501205881047706, 54.49148978008972, 16.305679539437808, 44.58074431603829, 34.41274527238978, 48.635862882864444, 50.516915604406655, 36.998306274487724, 29.409799473915065, 72.80417655858349, 60.704999546033406, 84.40516376045754, 62.37885067230378, 21.914158172796295, 51.07001612572898, 51.463247799164925, 12.478194049998585, 63.69270509403297, 57.573211282138665, 27.45051954845263, 56.477820021344314, 81.75908680991697, 22.759918517257397, 65.4135693453452, 65.0194247942844, 61.52558749925359, 16.98513959679966, 14.575474463427438, 18.163632267847504, 23.621942541619855, 60.793864551448095, 63.97218168689775, 10.554554354672657, 50.966661898395394, 53.26627921125274, 30.822484195322904, 16.934548975571914, 59.065275430442234, 36.3120521156946, 39.02083910669111, 65.68998680278229, 38.74859316547419, 20.742020155830126, 70.86419610525779, 102.09964415216398, 42.42516821206896, 94.41771843781636, 13.638842181286298, 65.62392849028491, 10.77304269088284, 61.57796469715518, 63.438770887887735, 67.06521218398848, 60.44901683295603, 53.45462147850974, 39.91926832376681, 49.89574397416429, 56.45728124813939, 98.32752425181984, 63.22645148579007, 37.193775485512305, 41.9515072967539, 81.34447763951262, 19.786944284291135], [30.243920310125336, 50.17628208344342, 45.10629975585103, 49.61938328354902, 15.160968049484024, 42.28458791981272, 19.244697146792852, 65.99659684606965, 58.66900466951669, 39.61530773202508, 63.520592292992205, 0.0, 20.70717460813155, 52.688426405882545, 65.54202546534555, 45.39769999870391, 28.790649848272462, 34.06137443231079, 65.92773609553262, 47.687112074105215, 26.024378650615127, 35.5475485764866, 32.386738168101665, 43.60455706254416, 69.52953933476061, 45.64996526270615, 46.17572138619732, 55.38579250591828, 66.49402669665751, 4.96770874114333, 46.14420950558816, 36.43154863566129, 87.37126412819586, 60.49282947263632, 79.70848660908105, 68.45136321145999, 90.79349782943942, 38.242166895926324, 31.2092405856907, 31.2350709647293, 76.91565825641325, 27.33233786724443, 26.253174430056664, 44.254406154860284, 39.01628602941548, 79.473577808803, 24.651716763093063, 64.25920112995192, 70.00067043429894, 9.76434722933554, 6.288176938546383, 58.94901144853229, 43.991657630631806, 18.387872632302667, 70.40524850228446, 90.769432644783, 14.923125122612193, 15.666451214094451, 80.14351171298844, 48.984497224310886, 74.44769346041801, 55.33713255265947, 28.041350662341042, 14.402735291563134, 58.5033481812288, 15.413816224937861, 17.84593318993596, 61.78735553332168, 73.81324635310628, 70.43534550707884, 35.18960937839946, 32.730613710810815, 47.005612110073855, 27.791699207887074, 46.48885309909847, 94.49889950598347, 53.18907264455083, 22.55527111637431, 50.487911854017845, 50.367661176494806, 43.59026756479048, 60.70070921681682, 9.159408924822564, 86.04360128413411, 40.211030215017686, 86.56896320974963, 53.14501650652598, 26.940895488206348, 26.14600703464333, 18.883911738543425, 47.340513573738086, 10.776173837110498, 61.21518472007173, 44.746220035481464, 23.506038626711696, 44.00279566084886], [25.282983562528347, 67.78484189232714, 42.10013735456224, 39.651570826366004, 32.63868971409037, 30.929529369183584, 39.10013988276717, 84.73836431391439, 76.55323033685065, 60.11654482649957, 67.59827425933128, 20.70717460813155, 0.0, 55.70434458762947, 62.728995960522106, 25.234630780931102, 13.545322732874697, 35.23012999231284, 83.27129579242042, 38.4788066499333, 6.76510895248012, 55.934494940753254, 42.878324270626926, 48.37776560692141, 88.70953765190272, 50.39816957563773, 66.88275192533854, 61.93448381208878, 67.45674941290382, 25.39739911018522, 36.02688149430263, 56.039446610644994, 87.44957469911027, 78.2584756578192, 82.60967335914492, 83.63839291194085, 88.25814629763323, 56.054714831906004, 20.528574141848477, 44.33554022924855, 87.37924767791321, 7.119608724872372, 9.966429555679682, 64.54651475733411, 21.267873362752166, 78.63086053408284, 42.88057451020023, 81.18351483160988, 70.5855083724627, 30.470325810748758, 23.637503507589017, 54.22298639007073, 63.08466085869254, 29.092456176743905, 67.55943110998612, 107.14255395413439, 5.867503817269802, 36.1752087093336, 84.54180491010618, 54.302899039752596, 82.09103858534233, 66.46472354134565, 11.353694675006107, 6.6481485836473615, 59.834055225272415, 31.919030674197074, 36.28002712038795, 55.85291783645799, 81.20842848431316, 88.0875664918835, 32.24715365339242, 47.266202071568024, 28.684472736644803, 40.60084981552671, 55.51802406800175, 111.33359617379487, 71.2870454945588, 35.25177110241629, 69.95455011256506, 54.00540520852554, 63.83030652551641, 68.06054422012512, 29.677076582268185, 102.69370994315923, 60.67786292592567, 102.60075506642487, 71.25245790371983, 27.812233002326703, 44.088911847712424, 11.193750408607242, 65.13846334664198, 31.464961668159024, 53.10722328044984, 35.60147988298561, 40.84390903038454, 48.23140758616116], [31.216134337623252, 47.68037504522799, 17.81303927431873, 32.795945365625464, 65.34679687134138, 36.38139035781342, 49.175402098593814, 63.834216495378456, 53.93996722796791, 61.7662031182585, 11.942848964530498, 52.688426405882545, 55.70434458762947, 0.0, 19.424269501923362, 61.70493571830576, 46.498994620664355, 20.499969679745583, 55.949986032614426, 31.016780339804246, 61.797507974711465, 70.93603712548875, 24.175473053050677, 9.424520224735105, 69.33990399688274, 7.650226043545612, 71.81420330107552, 10.871577318582457, 14.290757607872713, 51.31071625936307, 33.22696517422865, 52.3726640097801, 34.99059572830416, 54.47695798882684, 27.29345505180349, 47.900264131064134, 40.30699217264231, 43.796461610273155, 38.67367188167995, 29.258568192282258, 37.98785253529774, 60.86252079615154, 48.76895544936855, 77.88324512747262, 50.846133369462876, 27.97628075958282, 43.29199414640653, 52.736478784510076, 17.872502441034836, 53.85102435715218, 46.96390796019726, 20.864468841249067, 52.56498957466082, 71.053501922506, 22.90285572577054, 70.76207684025172, 53.26705318189217, 52.45412282908997, 28.837749057153548, 6.540547235263582, 28.63622191024117, 24.915248967759936, 48.87751181207661, 52.233048600738755, 6.858279728256465, 41.264544122921855, 44.308366925619936, 24.913297637818467, 27.515902843591608, 60.78187864155715, 24.420119804126532, 32.21976879315943, 54.628404907789495, 30.101324315464087, 16.275874124174553, 76.09805649196065, 94.66248489411976, 32.819483187314916, 87.64494001835803, 2.609602303526404, 60.92484739758074, 16.443920811381016, 51.67474966873032, 68.05818206804969, 61.6269887540514, 65.69610977598808, 51.8202947416349, 28.129942131185363, 42.370954627001844, 44.589647933738306, 90.43321019844963, 53.51111066201467, 30.288630962788613, 31.211549439099763, 71.85743243911395, 8.771544964038348], [37.7533749396421, 67.07638644868996, 20.936110705091547, 27.76374557342818, 79.6793822929494, 35.22750903224488, 66.08369283848236, 82.92419266658727, 73.11654199832111, 80.57467849553034, 21.63613629075217, 65.54202546534555, 62.728995960522106, 19.424269501923362, 0.0, 60.714447210980154, 50.6810837331373, 31.555712696490218, 74.61876406938651, 27.325163468467462, 67.69364904042189, 88.66066712148341, 42.010798301436594, 27.16588019401398, 88.44188746709469, 26.080395678335684, 90.63516475454136, 28.394431623709707, 12.303120694501043, 65.34207272387475, 30.232736733120632, 71.27995990585842, 25.728587994905446, 73.55367874985714, 26.30891825454947, 65.50200186311409, 25.647294292028953, 62.994078947181286, 42.649893102882565, 47.52546478333644, 50.796862946999774, 66.19578144999193, 53.81670686246539, 96.05513055137375, 51.080557151041184, 16.5385505097093, 61.07357828326569, 71.38023385897425, 12.671488731629177, 68.84854428185099, 60.65434058035632, 9.522340988512875, 71.89339618611768, 83.66939781868011, 4.906679799397038, 86.9917379650589, 62.01088342818726, 68.65682465503633, 31.298407504231122, 25.95540908885439, 38.75914562921546, 43.16853548891329, 53.26982174973271, 61.137572242695526, 13.32407339890276, 56.97457700490665, 60.90705773603873, 10.893639478618317, 37.50088272977097, 79.28702725851413, 31.19119012851298, 50.910687861925354, 52.02035743960791, 47.6276072460927, 35.6874744905034, 92.43393269030564, 112.00191086126932, 49.11119924201844, 105.57139689741199, 21.733206359364424, 80.04328979489341, 31.76844577678082, 66.63658705180691, 84.87641780484016, 80.4890425116361, 82.0041896972354, 71.18970836671974, 38.66626664061617, 60.36707016459026, 52.67321241803969, 107.37233812541871, 68.7347726078057, 17.53306886085002, 29.30659651033055, 87.00413547850398, 26.056590485181236], [32.70094483342718, 87.58018612995559, 44.25089593692207, 32.99461597718497, 57.853979341292046, 25.973491185144017, 62.360706006107044, 105.38442175790831, 96.35304955490004, 83.76227123758864, 73.13356999076787, 45.39769999870391, 25.234630780931102, 61.70493571830576, 60.714447210980154, 0.0, 19.40788018464316, 44.29440959432129, 102.23171056154868, 33.43814125636145, 22.783332239307786, 80.91914032827113, 58.39409516551775, 57.56669564763286, 109.8722892721514, 59.176318082385166, 91.2593150677516, 70.85011923754716, 69.41232047295654, 49.715928258626, 30.56106553143449, 78.46419105552555, 86.38881399409382, 97.86728832263658, 85.3213027424795, 100.11614139042685, 83.90367493528467, 76.58631325543134, 24.539240509033217, 61.777219388256675, 98.40482655070392, 20.564228116390673, 20.199127096294923, 89.59306005735854, 10.98486256206926, 77.19072490049327, 64.5569535239138, 99.72203354047983, 71.71776368292102, 55.01848575420089, 46.9588863716103, 51.1944541995392, 84.70180782651752, 53.40420080947867, 64.83953320025702, 124.2924227774493, 30.618768518141774, 60.22214825598055, 88.8534198130098, 62.99919591039467, 90.29574205087188, 79.66708184755517, 18.648260283495063, 31.019193788109312, 63.271892686728336, 53.501778197498275, 58.597364375475784, 50.8981609866912, 89.199220056776, 107.28497669759832, 38.15179950324573, 65.53667818471081, 9.318529215213355, 58.36028255492044, 67.783474067825, 128.9755293076821, 96.38308881776706, 53.8629110156796, 95.18670845636737, 60.97039797575173, 86.95497615437026, 77.15743911785779, 53.90714862084141, 120.29271835993877, 84.2473568267879, 119.4418196580977, 91.47851861729218, 39.673356492625494, 65.44796962432936, 28.906118542597323, 90.19744254627675, 55.919041255899444, 45.64535657437231, 31.836078092215743, 65.98348768652667, 56.89372922200451], [15.376951360170422, 68.17472639216409, 30.834507857181613, 26.23461818775109, 43.090510837218496, 17.455098201547944, 43.815630986408046, 85.98125246664402, 76.95154538370677, 65.19830941618054, 58.39826753218352, 28.790649848272462, 13.545322732874697, 46.498994620664355, 50.6810837331373, 19.40788018464316, 0.0, 26.991353670516165, 82.89134524757978, 25.21789952491666, 17.167661214303624, 63.92690640939013, 39.37454720661802, 40.66324365242195, 90.49357677939504, 42.50118738906473, 73.22351534557252, 54.3412378050629, 56.77186793236893, 32.37682164102699, 22.645742039725352, 59.399016872707755, 75.985368996313, 78.47439739122431, 72.41162115730567, 81.18454142215526, 75.90249032670027, 57.20228377466761, 8.130342677899693, 42.4768450910446, 81.26446374502972, 15.533835151358234, 3.57927573153184, 72.67492947498239, 10.461058976142251, 66.96381854579253, 45.39297922153028, 80.42374412594847, 59.65046513600253, 37.76319567393722, 28.884602459610683, 41.75342532482424, 65.42051874825913, 41.515616627115726, 55.39664015612785, 105.2822568498062, 16.05463587889493, 42.27313995210401, 75.01561272075043, 46.448452749901534, 74.37207135205341, 61.53848933986518, 2.589448433203743, 15.838707971728509, 49.58775323090007, 34.45040539922239, 39.692173898660755, 42.99732589818852, 73.37053873221546, 87.92914971872399, 22.086228578251315, 46.173808891605816, 18.449194719542444, 39.00800570187243, 49.83592191432372, 109.87458626060875, 81.77990943243287, 34.45550784233414, 79.26618748599962, 45.232792849026126, 68.096867589678, 60.65675941793493, 36.30987915505377, 101.18351715007742, 65.63383733226657, 100.4880915938877, 72.07117661269864, 21.086171640652843, 46.2104894785047, 10.275906042923749, 75.80613548868241, 38.51265994916558, 39.817144655819106, 22.435895109465303, 51.55665759700684, 40.21509772596871], [11.750278195424878, 48.261791789602334, 12.158043804757812, 23.978785616047947, 48.14145804459505, 22.329366263643266, 36.26800249409352, 66.27062954606743, 56.44236318473618, 54.14633844924584, 32.36929458113032, 34.06137443231079, 35.23012999231284, 20.499969679745583, 31.555712696490218, 44.29440959432129, 26.991353670516165, 0.0, 60.97124492369709, 21.577539819845207, 41.42140667545763, 59.34303669467396, 17.20780948159107, 13.674266454251576, 71.41206065927129, 15.545872114489377, 63.88763728000054, 27.371144637053344, 33.10916374416993, 33.807244447530145, 22.093521495059694, 45.74363239896681, 53.809160247246844, 57.60837041372083, 47.63199466909111, 56.812180787385515, 56.73614818123103, 39.76686454495064, 19.88310390541137, 22.482770259674517, 54.37667993992017, 40.599830549703675, 28.818017979824656, 67.39840255956823, 33.34513061971856, 45.59090508269388, 32.9646851289557, 58.100781598066625, 36.48885483405991, 37.513402153545144, 29.104233557999805, 25.856451449295836, 49.075062239822856, 52.32450863247371, 36.387675052361026, 81.0059055106215, 32.82338755580094, 38.029633656337836, 49.32538576473729, 19.501724830068557, 47.473882230670476, 35.45045683676064, 29.171419771725215, 31.80492009471107, 25.19334279643848, 26.310798445835957, 30.942854540616146, 29.300324157421816, 46.50453540315321, 66.10702174568137, 6.860897898504011, 26.69310606917481, 38.903072285659384, 20.575495855457834, 23.534272611064175, 85.93851351827713, 81.8403838886044, 19.628799547512664, 76.29842026622434, 18.783739845018573, 55.07520825536259, 33.675555425847726, 35.31211096884867, 77.3472715637094, 54.27231537045878, 76.03890646440591, 52.53545551037789, 7.730913111943317, 32.78939827241777, 24.09299005672397, 76.84155445767907, 37.49170852967446, 30.702373403077512, 19.78072051124488, 55.59624125972391, 13.278152097500321], [70.81725342070247, 15.753270218381628, 68.82921988291699, 83.99960919118047, 66.97133116237174, 83.28536226009106, 47.48686514654245, 10.350062725164047, 7.835582466249535, 35.97451200992413, 54.69260726188024, 65.92773609553262, 83.27129579242042, 55.949986032614426, 74.61876406938651, 102.23171056154868, 82.89134524757978, 60.97124492369709, 0.0, 81.692058755983, 89.83249453733633, 51.23034216362932, 44.37254349026504, 51.98153154021822, 15.273678358038431, 51.74015764259618, 41.004055517642485, 46.23445214140894, 64.70637586199638, 61.17716335630312, 82.75037502346133, 31.92593840922545, 77.58037778019185, 5.9150621226264315, 64.49759001376208, 12.756606916078013, 87.6795767205991, 27.685662465184965, 78.43158710208661, 40.46599298440424, 36.570992263300965, 90.373656780077, 82.82161490280532, 51.81985109720307, 92.002730540075, 75.86897657665189, 41.27726150288455, 3.2421145182250632, 67.14722713062945, 58.38691460633467, 60.68263954745564, 76.64902141584089, 23.94295786778704, 77.20603976211737, 76.9280366382025, 25.37589824169596, 77.8138803793625, 52.248396459839206, 59.8463070942396, 49.95235217665472, 46.21522898302545, 31.471001041287707, 84.06119970532171, 76.82766465820451, 61.31195307877276, 51.56901927665345, 48.095391548007974, 80.7651012112222, 46.8644235696566, 5.136678301530615, 67.82039171459185, 36.72443558924555, 98.77737719034461, 43.88333959654879, 40.502150120817184, 28.633280396495827, 70.64879309615912, 48.64288367859904, 60.87091759421875, 54.2420295035758, 30.888735786890944, 43.935156042367275, 57.66141907694501, 20.4150734677576, 35.20305904087528, 21.953420472914516, 13.34360001051303, 63.14738895197506, 39.81052951611939, 74.4799045690034, 70.05892697311207, 57.2661451980927, 85.621042902713, 80.41420698423559, 67.1890463740616, 53.18825829958458], [17.64558373666702, 69.65636210367981, 13.578297695460538, 2.4033579534331855, 62.84012995906225, 8.147036548927096, 55.71711364161901, 87.55924875385675, 77.64459539117286, 75.04834943977542, 41.29148470373821, 47.687112074105215, 38.4788066499333, 31.016780339804246, 27.325163468467462, 33.43814125636145, 25.21789952491666, 21.577539819845207, 81.692058755983, 0.0, 42.3087998832289, 78.54547608885895, 38.73573106984746, 30.388052856600318, 92.77937738085593, 31.26182766461488, 84.5414467486048, 41.49645864051841, 36.28171593279153, 49.35607650553696, 2.914547325696587, 67.00051586737752, 53.04648934737639, 78.71042030714143, 52.12116706396059, 76.18327944834903, 51.45535069481074, 61.33584077877095, 18.107409014765068, 44.0596915579, 68.99854159510171, 40.516264131036834, 28.705886541074925, 86.97729554591241, 23.830009174617338, 43.84894796518251, 53.69296471059182, 78.69755280560487, 38.3885519694148, 54.14560176118344, 44.7287243169911, 17.83343152315334, 70.63102096893567, 63.99574292257259, 31.61384469620882, 100.03383223857824, 39.42878061235141, 56.372246878790115, 56.01880337523492, 34.38181439907248, 59.23683139511675, 53.52710153998671, 27.731782081711348, 38.809136255097904, 30.899321100452553, 45.2900979893