instance_id,num_cities,city_coordinates,distance_matrix,best_route,total_distance
1949,77,"[[13.373725331888819, 86.74260335632817], [84.69191389314949, 41.3811202097323], [22.427717100638954, 41.7791505630934], [24.409403884619618, 50.244021170008104], [2.0031850283239505, 6.165609491224422], [74.7033909440223, 62.762071712405785], [76.12898125067869, 5.327478916720796], [12.332388863168454, 25.691179335414994], [91.24589009343835, 6.228073343579943], [32.890045738744824, 55.721790965199844], [71.65022085538068, 14.911108810189777], [75.8071538956789, 32.681385467637725], [61.14944626150659, 15.406073830310273], [21.440913288023033, 65.33012884408261], [17.631858887256747, 51.44874851612706], [10.938073330001252, 70.40198506077138], [0.584851354667193, 73.92129067498921], [82.00133920979495, 48.84952860826641], [66.00764982868898, 55.71430932451772], [95.20590454624484, 8.811941415243629], [60.81381884269127, 14.1611887947104], [38.213218393952886, 46.68714291532085], [8.787593212639367, 30.30574619609505], [99.90466337297309, 90.83541402970694], [22.699007792181515, 35.60254479697177], [84.65915264510946, 68.72855771693527], [99.86185767780384, 16.69122895693175], [52.60597921018784, 43.178156063818754], [20.761309826817232, 33.511578275209445], [97.77235681584514, 13.037471392352796], [85.91558950040486, 46.92081441125091], [41.644065083386636, 41.59168360459516], [27.55301771307287, 45.95401191756409], [43.04074667444612, 95.52031948108171], [56.439880213513895, 44.72274337083337], [5.599741927473911, 33.356574845415196], [17.35345249068917, 10.709528452939942], [77.22300741384969, 50.0286965959254], [83.83180803274124, 39.200390691710155], [95.9026354171581, 36.4595741158964], [57.18188165668554, 4.933691596009915], [53.647490620986545, 9.957560969607949], [69.27832033099111, 60.8233852730548], [69.19638006797972, 45.63557771411444], [76.6203774665469, 73.9013690358271], [32.13440248906237, 36.101540452253666], [76.8533110961207, 71.67102503595133], [77.18182336762757, 57.04352984966552], [99.94826178886765, 67.40638813584886], [51.88789401489113, 54.2848172935385], [32.76125901388648, 64.26946190712974], [2.1094519474159523, 20.920154217893206], [11.956546691495962, 58.878936797508175], [7.237905318892112, 80.13728409728624], [20.322858221771522, 27.12693476380803], [71.66556704213598, 36.16453684901534], [57.269680180206684, 95.47112592183181], [15.694231455510476, 7.540593476156232], [54.90451829282191, 8.812222402561154], [33.32143517013343, 40.16095199786726], [10.857470490160448, 54.363476448134385], [90.33837075498406, 94.18831063101572], [7.285464151346554, 33.79016683623281], [84.82026205724407, 72.66603531822625], [16.394767627339245, 6.973403950932788], [98.49935680097308, 63.92089806835877], [75.37111305653676, 23.88468706740865], [10.497785830816419, 4.271317199673286], [0.16389230472519944, 26.57134686899504], [33.913195231398184, 41.8458646620293], [48.98221782743393, 58.57542921580151], [64.26685208734796, 76.30109197592486], [85.42044327937039, 25.160077882975116], [72.76130380750769, 81.5476952957602], [47.45670160163628, 26.646107778686712], [97.40143089964604, 50.274528983524206], [74.16285764075413, 40.08200796017637]]","[[0.0, 84.52187984728235, 45.86596618450381, 38.13046947954829, 81.37531030436665, 65.85130053401582, 102.79418579350471, 61.06030426244551, 112.01189038590346, 36.649386947514486, 92.49818127526335, 82.58661079035961, 85.85697382950985, 22.88173040347174, 35.54979452622107, 16.52114423868348, 18.10915118049214, 78.3940973571172, 61.098977392910136, 113.00306909790586, 86.71000064628706, 47.13215809531144, 56.62288807487453, 86.62767650975114, 51.983328889353025, 73.52630813203254, 111.29866168076292, 58.62619561487117, 53.741217290422426, 112.0516643079954, 82.75322913234086, 53.27117104112272, 43.18288461867182, 30.938333111312065, 60.16944681055915, 53.9490765272227, 76.13715720673278, 73.65216746296987, 84.99766704403083, 96.64059203800738, 92.80006790937907, 86.7059335045287, 61.62085367845806, 69.32500514918429, 64.53709247492068, 54.00444666367877, 65.24423562174458, 70.38116468269476, 88.70760723744866, 50.36714271666182, 29.6802720483872, 66.77932812975885, 27.899682962354426, 9.015460595319642, 60.01931680429595, 77.17564137466348, 44.75535675449439, 79.23599635095542, 88.30600794715579, 50.67308329944019, 32.47675165045668, 77.32396266309112, 53.30128945548341, 72.82003417864378, 79.82638580274464, 88.13173869419165, 88.2881290144102, 82.52141581642117, 61.60421897784253, 49.37192490816015, 45.40214132470016, 51.95320501041608, 94.77941237779511, 59.6143568862027, 69.08862462169621, 91.60008597944687, 76.6324328831345], [84.52187984728235, 0.0, 62.26546900472746, 60.93055084569777, 89.87523616906927, 23.599060953031923, 37.05656306141513, 74.0410366432293, 35.7587934361306, 53.75024076227981, 29.50842694525241, 12.434803769881578, 35.05639480323211, 67.63315822965754, 67.81156329940403, 79.25805696909661, 90.18237445731926, 7.938281686486264, 23.5487161822188, 34.22419329656649, 36.2089504056278, 46.78058371011696, 76.70808176138723, 51.7412304064008, 62.26164421732205, 27.34745713059525, 28.977886819171104, 32.13621854450447, 64.41313395997243, 31.216348526642854, 5.673234865412385, 43.04836377949175, 57.321591004168155, 68.30719309430941, 28.44896926755117, 79.49820749269747, 73.99469524868638, 11.426510462585291, 2.3442191283840614, 12.243442859041783, 45.66417552309113, 44.17234759007967, 24.810895535870944, 16.06897561089611, 33.506958739896, 52.822021614155645, 31.287729674602378, 17.369874364272388, 30.16737843667121, 35.2506612505893, 56.75093921554026, 85.07945786344507, 74.81047538479368, 86.6092586476762, 65.92842430053788, 14.032050963498484, 60.64410622428378, 76.84960267542803, 44.1364026742594, 51.38496759459027, 74.96710349299865, 53.10820873727758, 77.77776696941682, 31.28517838524977, 76.47477444360025, 26.432689336672418, 19.824290679356025, 82.95725476638717, 85.81559194025952, 50.78084536845789, 39.63365558842604, 40.45475964484894, 16.237394163874804, 41.900992961469726, 40.04474529494631, 15.512077299839115, 10.608898067332545], [45.86596618450381, 62.26546900472746, 0.0, 8.693740098577372, 41.05466865108916, 56.32964633066725, 64.90416116958377, 18.993116396338902, 77.4585051852582, 17.431510029661258, 56.07803976175822, 54.14917914694326, 46.849882449808284, 23.571643128051523, 10.793580526228462, 30.84280416333149, 38.861651469916815, 59.99172190316081, 45.753679483594176, 79.89681750148634, 47.288948171756346, 16.53089350309713, 17.82391616476676, 91.70165859455297, 6.1825607501588395, 67.81609039062285, 81.39686687730091, 30.21067229215023, 8.433840450093465, 80.64055341680147, 63.69573493552302, 19.217262387098206, 6.610459416475399, 57.55875454596288, 34.13930254464185, 18.81809050219181, 31.481257589231177, 55.4128040281022, 61.45821658388845, 73.66723501799652, 50.65017078434976, 44.57900652681729, 50.57333189276718, 46.927389295845586, 62.997471037690744, 11.245221109455438, 62.09403708297693, 56.84200408237744, 81.64674001067104, 32.00458911143835, 24.75068065376249, 29.119231228961922, 20.0511370999251, 41.256233349542036, 14.802630128756677, 49.55693446955422, 64.0061763360485, 34.89439239087861, 46.27700258247363, 11.013249292290187, 17.09490756360507, 85.78214813576027, 17.1205048222416, 69.61917348000368, 35.32472896679205, 79.22847562135962, 55.88573162392499, 39.35938037775469, 26.96210651528133, 11.485671885577498, 31.42063789022707, 54.24276592640741, 65.14811684289646, 64.14832110766417, 29.24823155450339, 75.45349041178775, 51.76296996618436], [38.13046947954829, 60.93055084569777, 8.693740098577372, 0.0, 49.4463853032813, 51.82843547429719, 68.501171164551, 27.362315946989987, 80.02824221361145, 10.09590254445115, 58.99245277060066, 54.31551232395326, 50.63114939144687, 15.375388813810595, 6.883784146075856, 24.24500474599068, 33.58902193372071, 57.6088155059964, 41.95638352046863, 82.0290298536845, 51.25672854039071, 14.25470721995884, 25.329346174083604, 85.71578255784773, 14.741040844364035, 63.0215067818664, 82.57640491512377, 29.068424618291697, 17.12551416694609, 82.25843548929407, 61.59589736471803, 19.284618014939817, 5.318504234133669, 48.95988279096823, 32.502860218625635, 25.27823621829856, 40.159215187419, 52.814042473710586, 60.4399196631158, 72.80997964257897, 55.920132916731255, 49.778153757263254, 46.09926906032566, 45.023449298504815, 57.32064087584052, 16.11475610397807, 56.652271783924796, 53.208660727134394, 77.4639651279765, 27.774006789647174, 16.32380078201067, 36.83988367824917, 15.15372627990807, 34.47415744339755, 23.47550935264798, 49.30899345063623, 55.90428214774568, 43.583677762129476, 51.444591084734704, 13.457064522552978, 14.164208785397795, 79.23212258185714, 23.747813255663438, 64.43771026049761, 44.00659846950512, 75.34174198172026, 57.375171425064394, 48.03147538041011, 33.88569521689999, 12.682708019015887, 25.946782943048653, 47.61918852960151, 65.96628789658334, 57.6005749964726, 32.985442978397415, 72.99203339056278, 50.780632854865146], [81.37531030436665, 89.87523616906927, 41.05466865108916, 49.4463853032813, 0.0, 92.13294457542617, 74.1305343867018, 22.0893714170895, 89.24272692534582, 58.39360655779471, 70.19396952611632, 78.42265104040308, 59.86373191729531, 62.27572263854218, 47.904260004070096, 64.8547930015611, 67.77052458912951, 90.67315823126813, 80.94223353448412, 93.24028098514243, 59.35166331322095, 54.34299575271982, 25.07537426522779, 129.43598905502535, 35.98402756873888, 103.66354939591866, 98.42310947056559, 62.6942691384192, 33.16126135554153, 96.01539850907209, 93.28600298200934, 53.16395488134703, 47.28541971748814, 98.32774615148453, 66.70836795856552, 27.42779280987856, 16.008682353547595, 87.07463517043654, 88.24522826625252, 98.66524755964484, 55.19244679578278, 51.78332932675087, 86.67996471739599, 77.92819676569687, 100.77627959220874, 42.47411244711085, 99.46607883118956, 90.77659633711592, 115.5148087070601, 69.31047792503513, 65.74280782618465, 14.75492740576391, 53.644797362813314, 74.15666484238336, 27.83859879910937, 75.84710350736076, 105.02314388414854, 13.759917631664655, 52.96749589195182, 46.222463197983146, 49.00441561977535, 124.7040534758536, 28.125053622014253, 106.21193380588954, 14.414235380116954, 112.4597017842599, 75.47727189892231, 8.703251465948558, 20.488462989048937, 47.8678322071728, 70.38336967141116, 93.78566062569861, 85.55249151022424, 103.38844342290618, 49.854518140115694, 105.10196046745943, 79.73293194557586], [65.85130053401582, 23.599060953031923, 56.32964633066725, 51.82843547429719, 92.13294457542617, 0.0, 57.45228243793786, 72.55613662672724, 58.90456051677861, 42.40190314425969, 47.948268980844645, 30.10092984626269, 49.25748625199758, 53.32435131801771, 58.18205095259084, 64.22136721051272, 74.95389301906661, 15.710471174170111, 11.193161672245605, 57.714552957552165, 50.54667183443049, 39.874001913091064, 73.47316147128359, 37.72554414322697, 58.669376758864985, 11.606728492175565, 52.4925804337566, 29.52668890115478, 61.362362092528656, 54.81526305131027, 19.40770025915332, 39.25690205549877, 50.05665360254126, 45.55903685346835, 25.670473139746633, 75.09991713308945, 77.4498721779427, 12.980266137950608, 25.26817783431612, 33.78208617072309, 60.42453834819591, 56.847755392802185, 5.761067285364586, 17.990107433319036, 11.30304304986592, 50.228504906597216, 9.164693447219719, 6.23252343070532, 25.668525065028298, 24.339489366159654, 41.96921081035559, 83.78917614262956, 62.86688476788154, 69.66699186884956, 65.01619278688275, 26.77045451366379, 37.06503066600042, 80.81765006567073, 57.468092006028826, 47.15163704499555, 64.39594677473029, 35.10072771693965, 73.3794802732794, 14.15766846012991, 80.69864313411254, 23.8241656640567, 38.8831183118664, 86.85348635156602, 82.86075924156889, 45.84024196760307, 26.05967616621284, 17.094631116314083, 39.09942647542457, 18.885744779099856, 45.24096518623568, 25.906364878784807, 22.686504095103164], [102.79418579350471, 37.05656306141513, 64.90416116958377, 68.501171164551, 74.1305343867018, 57.45228243793786, 0.0, 66.96779446122184, 15.143711674553067, 66.40174870471904, 10.578528092957084, 27.355799685674008, 18.054488193356878, 81.18560694971478, 74.49217968526814, 92.11159441359335, 102.03933836160552, 43.91643652840428, 51.3933266903189, 19.39253674299797, 17.68017618100912, 56.10906236148098, 71.82462237401353, 88.75184520711126, 61.41125041740519, 63.972342594666415, 26.313195140111493, 44.564620333744344, 62.12827452577324, 22.975632522939303, 42.72918509162264, 50.04300135592599, 63.32566160156102, 96.07070186295103, 44.04143005240804, 75.89468899791241, 59.021430330234054, 44.71460337797191, 34.73769843485134, 36.880953764593194, 18.951191294445003, 22.95332395862097, 55.917145647355134, 40.89992405639411, 68.5756507538079, 53.68953178977095, 66.3475000689511, 51.72676677139365, 66.49172200502625, 54.63013171607121, 73.1772962799885, 75.64404960949912, 83.58145726421822, 101.69802010950528, 59.912766942836384, 31.158405099053304, 92.0953328472663, 60.47525823721441, 21.508632337076698, 55.18928200595621, 81.6388337181592, 89.98974476595268, 74.49533173434139, 67.89712468357776, 59.756885347355556, 62.71859748225198, 18.57267720463713, 65.63969294422932, 78.87963402640945, 55.819038747266426, 59.76864542057976, 71.95807014480839, 21.901215682854037, 76.29457802641569, 35.72930949272792, 49.726797843573074, 34.810098119394894], [61.06030426244551, 74.0410366432293, 18.993116396338902, 27.362315946989987, 22.0893714170895, 72.55613662672724, 66.96779446122184, 0.0, 81.27824537518765, 36.39306102917013, 60.289427869114384, 63.85850591505704, 49.88876114200247, 40.67199940190884, 26.297086390613284, 44.732541448218576, 49.640188127578334, 73.41710824762909, 61.50139814719086, 84.57498610368705, 49.833620525987385, 33.32638329987604, 5.818917727180591, 109.1451995129679, 14.342313388429096, 84.16279877192085, 87.99094849919159, 43.90622318691586, 11.498058453016144, 86.37189617267143, 76.58449465442044, 33.346669981470725, 25.34265035150715, 76.2831046362733, 48.03822668308051, 10.202294991101187, 15.800662742935089, 69.30445239878645, 72.76445377418375, 84.26116801494575, 49.42014064212377, 44.20955077966439, 66.91121733149598, 60.260206790461, 80.35650483699399, 22.371753668925347, 79.22812389824588, 72.03068122901905, 97.03968174822126, 48.80813579197838, 43.65343768614297, 11.281450254975159, 33.18988554817159, 54.68392895836546, 8.118435454010495, 60.250454358658544, 82.99759693217356, 18.459299895987634, 45.79612856253573, 25.493418479658057, 28.71020734733717, 103.81132022391887, 9.54280082497805, 86.37782617550782, 19.153538486857038, 94.26694944674216, 63.06460308478858, 21.49828509906073, 12.200287020394795, 26.95746763894844, 49.24006349818827, 72.51587224783064, 73.08998404089633, 82.2897571789982, 35.13729121149584, 88.54988985269932, 63.48309080190762], [112.01189038590346, 35.7587934361306, 77.4585051852582, 80.02824221361145, 89.24272692534582, 58.90456051677861, 15.143711674553067, 81.27824537518765, 0.0, 76.51818512195558, 21.433276879697228, 30.628945422864795, 31.464767983620114, 91.46468034814897, 86.39406839294986, 102.79900961777632, 113.1450202963894, 43.61250015672046, 55.55048445533375, 4.728434061948977, 31.449090310715054, 66.70382731295392, 85.90171741283598, 85.04925897786968, 74.57569742475418, 62.846604181270216, 13.55405927403493, 53.463551379402695, 75.58085535845706, 9.432002420764894, 41.04036159700117, 60.917370059949015, 75.0661853809389, 101.47335153785849, 51.896993595665265, 89.83995931322214, 74.02820931762021, 45.99060595316628, 33.7955962235993, 30.588051849644764, 34.08859185838583, 37.78291572712143, 58.84914787781252, 45.15675246379545, 69.23568855330089, 66.2313521219015, 67.00691200468863, 52.72578679156844, 61.794154043464005, 62.11684549613588, 82.3969347663871, 90.33914902066013, 95.17832421069065, 111.89241681238352, 73.93807448487799, 35.7712300320471, 95.49191208449336, 75.56305864667205, 36.433132320865205, 67.1318309889472, 93.69799911604636, 87.96491877454145, 88.36867160976914, 66.74796990923448, 74.85483319164649, 58.147010275691436, 23.743726627550156, 80.7718096653404, 93.32619728089752, 67.49566622049458, 67.27899865649935, 75.08725878591538, 19.807994004018024, 77.55466060257997, 48.315516751492744, 44.474497603216, 37.91990093347091], [36.649386947514486, 53.75024076227981, 17.431510029661258, 10.09590254445115, 58.39360655779471, 42.40190314425969, 66.40174870471904, 36.39306102917013, 76.51818512195558, 0.0, 56.28377166670278, 48.71076326692148, 49.23363449925565, 14.946664867753746, 15.845225077811346, 26.408278840505535, 37.07893436817817, 49.589788629335125, 33.1176049350377, 77.99871950048798, 50.07015834940384, 10.486230614588694, 35.02718300803401, 75.65662893215705, 22.55307785660426, 53.37805177427011, 77.51521376531157, 23.367944051403256, 25.306121444344107, 77.6637974097491, 53.75095794051379, 16.622057294708668, 11.130740122302738, 41.07261376532433, 25.991801626131284, 35.28404135294231, 47.61816361671381, 44.697011246656984, 53.55389633457961, 65.89096642127556, 56.29852866460069, 50.2517289765112, 36.744153171391154, 37.681316460184235, 47.35862088204896, 19.634796329770154, 46.76694097679114, 44.31149466227817, 68.06859886074703, 19.052116219898593, 8.548641093882257, 46.46072399821463, 21.170237414059173, 35.413960707647476, 31.234596255835378, 43.42841513243094, 46.63020700140455, 51.15783244373933, 51.81838114575863, 15.566817472070841, 22.07440577709406, 69.13742244524349, 33.71336137498045, 54.624671931108125, 51.46357387964206, 66.11964197838111, 53.08711957770473, 56.11207137935076, 43.82635633489232, 13.913596431380961, 16.343232660562645, 37.52348073843589, 60.77385105698327, 47.50467929033038, 32.52049839394213, 64.74095673123124, 44.1366946513087], [92.49818127526335, 29.50842694525241, 56.07803976175822, 58.99245277060066, 70.19396952611632, 47.948268980844645, 10.578528092957084, 60.289427869114384, 21.433276879697228, 56.28377166670278, 0.0, 18.2500088981831, 10.512433469111443, 71.15512734562145, 65.214895116071, 82.25084926127387, 92.37146911243559, 35.481854370615586, 41.19150130796051, 24.33249015320088, 10.86231966986038, 46.12753491198052, 64.72020406637681, 81.01119456622236, 53.14467784786937, 55.36741020799129, 28.26774274570113, 34.08385395285268, 54.18171951859941, 26.18924405763766, 35.04457155174027, 40.15249002954899, 53.92796267529297, 85.53564670880674, 33.46771605023241, 68.57770033956017, 54.45908861106099, 35.55700946248293, 27.172785659177258, 32.44250250994141, 17.575030396397924, 18.67179509584715, 45.97350369615252, 30.822302380551427, 59.19926737914861, 44.83898186106418, 56.99789678583548, 42.49399403446509, 59.636678916186085, 44.054948438081965, 62.837873719210094, 69.79990807316867, 74.13841536684242, 91.67006237237543, 52.76101362418193, 21.253433579235722, 81.83346691383906, 56.43932357857959, 17.821755517536552, 45.89826132990135, 72.47239342817045, 81.45011771145586, 67.07637987786912, 59.23750097030996, 55.822685978631895, 55.88233660249935, 9.714429757379246, 62.071132380107024, 72.43104528612211, 46.36339262546816, 49.1976751255476, 61.83238769006093, 17.165674838498468, 66.64584881127568, 26.889339424238837, 43.74581471523499, 25.295997858040856], [82.58661079035961, 12.434803769881578, 54.14917914694326, 54.31551232395326, 78.42265104040308, 30.10092984626269, 27.355799685674008, 63.85850591505704, 30.628945422864795, 48.71076326692148, 18.2500088981831, 0.0, 22.655789221646074, 63.416311481120395, 61.12756223759254, 75.0389315429124, 85.78534012920174, 17.314063195029334, 25.030898133222937, 30.75811902852976, 23.828507733701155, 40.11814088652746, 67.06165205313773, 62.94903494896681, 53.18842312362512, 37.1181425859437, 28.88449202050555, 25.465205668431615, 55.05210413191467, 29.467838392411096, 17.4625830567846, 35.30594921661271, 50.04622135195397, 70.86867481570135, 22.805385110379813, 70.2106585638471, 62.446758992104805, 17.40499481661888, 10.338883069797983, 20.447569220861993, 33.41908558249594, 31.73992558694817, 28.889406722248353, 14.543501207057052, 41.22800477755403, 43.806468421260796, 39.0036721162898, 24.400897423002213, 42.29206663923922, 32.23102945766712, 53.392468001783854, 74.63027423884336, 69.0160252117148, 83.38947274765952, 55.76162649215722, 5.411569570007608, 65.46899600617746, 65.15844432041517, 31.727860321380636, 43.139079859291094, 68.47316586637142, 63.20014324719159, 68.53066001098985, 40.98790483064781, 64.73586297997143, 38.611438981546, 8.807498757195063, 71.22110316487718, 75.88962772206986, 42.884629547996525, 37.283759154586996, 45.120476080117704, 12.205957584626406, 48.96114213310054, 28.985733077835654, 27.853751957225494, 7.581089859052492], [85.85697382950985, 35.05639480323211, 46.849882449808284, 50.63114939144687, 59.86373191729531, 49.25748625199758, 18.054488193356878, 49.88876114200247, 31.464767983620114, 49.23363449925565, 10.512433469111443, 22.655789221646074, 0.0, 63.79011569141725, 56.50535204193571, 74.46967318133916, 84.2146113130575, 39.41149714248464, 40.599950622589056, 34.68897423112349, 1.2893349123176385, 38.78886221447532, 54.44046189479748, 84.80302008934129, 43.43194283002494, 58.27515407171911, 38.733737508329135, 29.05648603740181, 44.26071458834963, 36.699425812676964, 40.081675673724185, 32.651892045559634, 45.40811086791329, 82.1353599671089, 29.692543261038455, 58.37799361310503, 44.047095350944275, 38.17178768787499, 32.873379053907215, 40.6329180685275, 11.19876593892017, 9.271765248622785, 46.13903740136751, 31.282200190310963, 60.50660520580914, 35.639516043527124, 58.41537558654398, 44.617427754596235, 64.87974086108078, 39.96664913770355, 56.51123666627552, 59.29693087444393, 65.64930451017678, 84.24122404995462, 42.47574451364723, 23.270208060344693, 80.15899919075626, 46.13070923214634, 9.081740030703877, 37.2451633691165, 63.61573740602962, 84.01567799171984, 56.914878937006016, 61.95975072604275, 45.54219121805796, 61.2266607627338, 16.557254870695306, 51.86109822988189, 61.999202522644396, 37.958871287225264, 44.85125073134247, 60.97476079524806, 26.157635430224875, 67.15317807630171, 17.715236929859607, 50.29925998437343, 27.897143239174504], [22.88173040347174, 67.63315822965754, 23.571643128051523, 15.375388813810595, 62.27572263854218, 53.32435131801771, 81.18560694971478, 40.67199940190884, 91.46468034814897, 14.946664867753746, 71.15512734562145, 63.416311481120395, 63.79011569141725, 0.0, 14.394499478528187, 11.663334543199193, 22.556227099690254, 62.762850253627015, 45.59230188220347, 92.92781846985817, 64.56381430486486, 25.077303341994522, 37.23995017186193, 82.50502802734829, 29.754193907068505, 63.3095182908045, 92.27993877987444, 38.23573239772489, 31.825807470799884, 92.52573314708211, 67.05137381574177, 31.171800154220286, 20.31727658060576, 37.121427949630196, 40.61516984938863, 35.682640952989765, 54.773326746315455, 57.84268193909692, 67.64160674435561, 79.86273845010399, 70.17938765898515, 64.05766852233589, 48.04922736329495, 51.657138437804285, 55.84119828096076, 31.12332068837936, 55.77401541362181, 56.353498377623666, 78.53479879187134, 32.388540297933474, 11.36992707558935, 48.43502084093877, 11.470444130856647, 20.51773091898011, 38.21955108404987, 58.07880509396921, 46.820724490927326, 58.0745619882315, 65.68170680219701, 27.832252214065733, 15.240627488039538, 74.69708362084414, 34.57088288889429, 63.802487210201626, 58.574490405667284, 77.07132831356782, 68.01610905613073, 62.031689626932824, 44.21487082550473, 26.590759316866333, 28.35752850304264, 44.20885732614864, 75.54477647151846, 53.82185378344924, 46.6183947317658, 77.438177425524, 58.45571849272589], [35.54979452622107, 67.81156329940403, 10.793580526228462, 6.883784146075856, 47.904260004070096, 58.18205095259084, 74.49217968526814, 26.297086390613284, 86.39406839294986, 15.845225077811346, 65.214895116071, 61.12756223759254, 56.50535204193571, 14.394499478528187, 0.0, 20.10054577875345, 28.20665908784664, 64.42193680046458, 48.56348585325435, 88.51909330568583, 57.05299094325349, 21.12499105423481, 22.91828052948332, 91.21471250967976, 16.636651415884486, 69.21885519508261, 89.27406043751579, 35.93872273572116, 18.208117405014075, 88.87027409950677, 68.43369092564775, 25.95665184640754, 11.341142920123021, 50.87155340562164, 39.386567056215334, 21.727829773474696, 40.74017134817228, 59.60806598250381, 67.3235139922129, 79.69309761701001, 61.056161207072904, 54.942191194018356, 52.49038763415146, 51.89116301809587, 63.11707766033623, 21.115410634844253, 62.57891713165859, 59.81220483967747, 83.84889056447467, 34.37323419138689, 19.831022163416065, 34.24821436268137, 9.349698733976636, 30.51337976319169, 24.470228883703847, 56.153795448319755, 59.237881370809845, 43.95088712504415, 56.63147974577437, 19.328144095433593, 7.374820477295475, 84.3380521339235, 20.466396629029916, 70.45888715964291, 44.4925462181939, 81.82363187538273, 63.98123909063846, 47.713782327471606, 30.397614532084027, 18.902309156988, 32.15018792282651, 52.84374670872901, 72.7075400322763, 62.81084535697773, 38.79036259804764, 79.77821388418336, 57.66243674121149], [16.52114423868348, 79.25805696909661, 30.84280416333149, 24.24500474599068, 64.8547930015611, 64.22136721051272, 92.11159441359335, 44.732541448218576, 102.79900961777632, 26.408278840505535, 82.25084926127387, 75.0389315429124, 74.46967318133916, 11.663334543199193, 20.10054577875345, 0.0, 10.935022509204321, 74.2596534912423, 56.99461443222644, 104.37624659924944, 75.17058703433942, 36.143149783095026, 40.15386576443605, 91.28296206468515, 36.73309981607129, 73.74006980237795, 103.88592177952046, 49.7729971540333, 38.17588359261134, 104.0715149160138, 78.56839890283521, 42.10571694621433, 29.559427728958966, 40.76165305664968, 52.24785051497075, 37.428067011097774, 60.036209620971476, 69.34524763364797, 79.29083206830958, 91.49351928641231, 80.1535230525973, 74.01096357329725, 59.12134973112293, 63.304069670416375, 65.77545716215552, 40.32127069130208, 65.92745279640845, 67.57723540272004, 89.06058191152536, 44.00739609385865, 22.668464297858467, 50.263268288883204, 11.5679699716747, 10.414763110162541, 44.280968436445775, 69.71392509829037, 52.67902444838641, 63.04106274539772, 75.67263142618609, 37.62359589377317, 16.03871114944781, 82.88664859499019, 36.79356992082512, 73.9168704335905, 63.662865269024564, 87.80081350242209, 79.4699667862307, 66.13213352702913, 45.135438638212236, 36.65116967589851, 39.83998435862805, 53.654059549548016, 87.14616226982702, 62.81989082541624, 56.992868041244556, 88.77514680561089, 70.11900143699872], [18.10915118049214, 90.18237445731926, 38.861651469916815, 33.58902193372071, 67.77052458912951, 74.95389301906661, 102.03933836160552, 49.640188127578334, 113.1450202963894, 37.07893436817817, 92.37146911243559, 85.78534012920174, 84.2146113130575, 22.556227099690254, 28.20665908784664, 10.935022509204321, 0.0, 85.18942274598722, 67.90903275757124, 114.85804746778041, 84.84573237007719, 46.44989569674674, 44.38018357531797, 100.74975249701723, 44.242086304862866, 84.2345096326305, 114.59146542712847, 60.42630279175595, 45.16673923044821, 114.68326237166094, 89.50061782448849, 52.25956874436237, 38.85164961530162, 47.634242859212534, 63.02649770926213, 40.87352808103697, 65.3981105787919, 80.27616717294445, 90.19754260405327, 102.41513641126224, 89.2329124577337, 83.10837745817571, 69.93102177087933, 74.21336422830262, 76.0355287216578, 49.25147392405552, 76.30164904364747, 78.43439890782021, 99.57676078387905, 54.932624851332015, 33.5928416246132, 53.0230598203378, 18.85703754594082, 9.105037137591966, 50.786815811075954, 80.4862758619006, 60.642932136785504, 68.07855997033803, 84.79278853520361, 47.02599693255872, 22.09150970927671, 92.013294379894, 40.686672417545104, 84.2447629365914, 68.78933775932133, 98.42387021998988, 89.98136829323427, 70.3518661802275, 47.35181501223088, 46.25593431635013, 50.772044920643765, 63.726451898321535, 97.85056734716895, 72.5782497454772, 66.57261646843354, 99.66252762840281, 80.98654248508501], [78.3940973571172, 7.938281686486264, 59.99172190316081, 57.6088155059964, 90.67315823126813, 15.710471174170111, 43.91643652840428, 73.41710824762909, 43.61250015672046, 49.589788629335125, 35.481854370615586, 17.314063195029334, 39.41149714248464, 62.762850253627015, 64.42193680046458, 74.2596534912423, 85.18942274598722, 0.0, 17.40469230700496, 42.15885356557357, 40.64716396413369, 43.841480774123454, 75.52565437707887, 45.643658822602845, 60.76387982725563, 20.05591609875356, 36.785246450324586, 29.937462418254764, 63.13156040561089, 39.130914100825905, 4.363633095404442, 41.004705693510125, 54.5252577317755, 60.79548084684863, 25.892441800928182, 77.95662693823925, 75.06003509921, 4.921675720246229, 9.821225923707384, 18.6214126362059, 50.44408997809037, 48.13030102340447, 17.471360932088153, 13.202138424269673, 25.623221071720536, 51.470599179875386, 23.394933055215525, 9.50628157046447, 25.815674803995673, 30.600031774472434, 51.59806043487382, 84.6331117481941, 70.7591830616916, 81.04625031856865, 65.39194216661001, 16.362677110852655, 52.775262144531915, 78.12208817285402, 48.34484038670427, 49.44921051771635, 71.35722582315944, 46.09892894950873, 76.21841222913697, 23.98275042369896, 77.8320759784835, 22.345710144039447, 25.83027704078077, 84.26134984801546, 84.81559466011021, 48.59548229988914, 34.42173033841766, 32.681804797544544, 23.93491901604414, 33.97864563161179, 41.06487408984014, 15.465880192388198, 11.760578711223268], [61.098977392910136, 23.5487161822188, 45.753679483594176, 41.95638352046863, 80.94223353448412, 11.193161672245605, 51.3933266903189, 61.50139814719086, 55.55048445533375, 33.1176049350377, 41.19150130796051, 25.030898133222937, 40.599950622589056, 45.59230188220347, 48.56348585325435, 56.99461443222644, 67.90903275757124, 17.40469230700496, 0.0, 55.24825964723393, 41.87645765911683, 29.223623186723074, 62.60774680017612, 48.81085456058155, 47.750618293984395, 22.743113650740163, 51.66147685138458, 18.351019425158107, 50.40032291179192, 53.20064948727749, 21.763538654417584, 28.160838390689783, 39.67394783254573, 45.956469458399944, 14.572465046218523, 64.41260457425807, 66.27715458514919, 12.574197304899933, 24.298356411372193, 35.55917590846134, 51.54187928970761, 47.39676735447566, 6.066295622746162, 10.57113198354412, 21.05704463731998, 39.141507229134284, 19.293655553662735, 11.252954344650544, 35.89804795753945, 14.19193262765545, 34.329479138524036, 72.75721903741353, 54.14366645684686, 63.64247454725568, 53.89191190189663, 20.35204242915512, 40.70573153169302, 69.65735400539681, 48.19839507221724, 36.19800481843777, 55.166720316978946, 45.52178332760771, 62.68144154828366, 25.323415903620774, 69.54936331097336, 33.512074253667336, 33.17829556576876, 75.68174442901746, 72.00494889629839, 34.9626625595658, 17.26416351468149, 20.66025161300162, 36.199690724399424, 26.701604311441695, 34.483300613947065, 31.861586590900355, 17.63168342511732], [113.00306909790586, 34.22419329656649, 79.89681750148634, 82.0290298536845, 93.24028098514243, 57.714552957552165, 19.39253674299797, 84.57498610368705, 4.728434061948977, 77.99871950048798, 24.33249015320088, 30.75811902852976, 34.68897423112349, 92.92781846985817, 88.51909330568583, 104.37624659924944, 114.85804746778041, 42.15885356557357, 55.24825964723393, 0.0, 34.805603091561366, 68.43023574068047, 89.05115483647202, 82.15794784588628, 77.29803688620729, 60.837775145942366, 9.152107501984212, 54.73381356994568, 78.43513080217315, 4.9438629470875055, 39.22494301687095, 62.79635454901301, 77.17801823097894, 101.19064444205301, 52.84307276890203, 92.90696103889695, 77.87557465359872, 44.96893924586796, 32.44730991818696, 27.65641024892218, 38.22129168887566, 41.57420128091993, 58.11565981225127, 45.082985192387035, 67.69088125298236, 68.72216954775185, 65.48344890108234, 51.489354484600454, 58.786045442013716, 62.80312473943699, 83.51568915341507, 93.88055338439501, 97.1450441856698, 113.25048960942438, 77.09026921856723, 36.08755972313649, 94.59900305234342, 79.52183651846852, 40.30138625440247, 69.37180994087093, 95.86240489141866, 85.51501216556602, 91.39975702601517, 64.6931748956585, 78.83257906765552, 55.20728150478973, 24.911977338923855, 84.8297273635495, 96.68702380871956, 69.62784141583606, 67.91931928365484, 74.24291488389093, 19.053000240725137, 76.11997106468449, 50.971010110889296, 41.52067561860975, 37.6912043425413], [86.71000064628706, 36.2089504056278, 47.288948171756346, 51.25672854039071, 59.35166331322095, 50.54667183443049, 17.68017618100912, 49.833620525987385, 31.449090310715054, 50.07015834940384, 10.86231966986038, 23.828507733701155, 1.2893349123176385, 64.56381430486486, 57.05299094325349, 75.17058703433942, 84.84573237007719, 40.64716396413369, 41.87645765911683, 34.805603091561366, 0.0, 39.607131076355046, 54.47361643030205, 86.06410948518345, 43.731802714177824, 59.549959657777606, 39.12991745571299, 30.15548077761984, 44.48191825352948, 36.975617235056646, 41.27095783584806, 33.46507888392748, 46.01156913109011, 83.27778959806568, 30.87296482751783, 58.455599691005915, 43.59721783055872, 39.44286482285554, 34.01160769490283, 41.574547941362646, 9.916535295914422, 8.308233691536195, 47.42371100651073, 32.571528833409296, 61.79592568099045, 36.109388713206684, 59.70466126059315, 45.899964558611856, 66.07992038119527, 41.1044729675921, 57.42634541094775, 59.09218481463413, 66.23224311842148, 84.98955030640047, 42.51621408992157, 24.533808603293465, 81.38714145659225, 45.602735097376616, 7.9706508174068444, 37.83938221772859, 64.12379178813474, 85.29970337008523, 57.013871425443256, 63.23864627388614, 44.996848354440395, 62.41977601852722, 17.506034202172266, 51.27877473398133, 61.906587795560284, 38.601616916328375, 45.963154099416656, 62.235769505642104, 26.95295025305621, 68.43744337276593, 18.283483886495496, 51.408430199950836, 29.156229232206545], [47.13215809531144, 46.78058371011696, 16.53089350309713, 14.25470721995884, 54.34299575271982, 39.874001913091064, 56.10906236148098, 33.32638329987604, 66.70382731295392, 10.486230614588694, 46.12753491198052, 40.11814088652746, 38.78886221447532, 25.077303341994522, 21.12499105423481, 36.143149783095026, 46.44989569674674, 43.841480774123454, 29.223623186723074, 68.43023574068047, 39.607131076355046, 0.0, 33.67814685792278, 75.86108505675894, 19.067224392696048, 51.410590104759414, 68.55880380920786, 14.81433605118241, 21.866975470362075, 68.40753878895052, 47.70294342643517, 6.142834410405315, 10.685380649116183, 49.07121521627254, 18.332213904900456, 35.23269635290444, 41.587481000208264, 39.152645126188126, 46.22885656697457, 58.589009208419284, 45.86023204312219, 39.840669536103704, 34.1302491399516, 31.001001543357813, 47.0714772592234, 12.206841619012017, 46.01359722788126, 40.32129615883111, 65.11914238901171, 15.643574057590158, 18.408199320183865, 44.35560458566031, 28.94913896744327, 45.58927467279391, 26.507861664436113, 35.06828864524538, 52.373903175059446, 45.16145597438926, 41.38972210781138, 8.156022989171575, 28.412374766689986, 70.52228330829402, 33.50907301725345, 53.35840486290484, 45.312535311839454, 62.70104305914899, 43.59657243926023, 50.66801232831178, 43.03947567549771, 6.475196856026897, 16.040657715957636, 39.44334934553176, 51.88387620724982, 49.079815790318875, 22.070003877628317, 59.29682823238888, 36.551393540476994], [56.62288807487453, 76.70808176138723, 17.82391616476676, 25.329346174083604, 25.07537426522779, 73.47316147128359, 71.82462237401353, 5.818917727180591, 85.90171741283598, 35.02718300803401, 64.72020406637681, 67.06165205313773, 54.44046189479748, 37.23995017186193, 22.91828052948332, 40.15386576443605, 44.38018357531797, 75.52565437707887, 62.60774680017612, 89.05115483647202, 54.47361643030205, 33.67814685792278, 0.0, 109.389950007533, 14.885682081186182, 85.04590510942225, 92.08624613657675, 45.67001080832829, 12.395452749944955, 90.64480938374781, 78.89732760467778, 34.74075599323925, 24.433775327836116, 73.66287457614575, 49.78544228938946, 4.41247677204579, 21.38657744961776, 71.22078832311102, 75.56949701214752, 87.33212568328797, 54.64200132348048, 49.25910106263473, 67.75289190978106, 62.323553041404836, 80.63414258501999, 24.055451241857682, 79.64940831225762, 73.43486769375048, 98.4211619907363, 49.3217171227932, 41.5724745095823, 11.518980316832156, 28.748382342243893, 49.85562859062035, 11.96524888804856, 63.15033666432513, 81.22216120942747, 23.78978415580998, 50.87968498246012, 26.43926025044159, 24.146610048283936, 103.59300824159313, 3.794414172727911, 87.03654879499686, 24.54113479896657, 95.8028129102921, 66.89241448129052, 26.090539510730586, 9.39755051507597, 27.649054432527233, 49.14043982260363, 72.06608077794324, 76.80541394809823, 81.96568181140594, 38.841896155390806, 90.83592084429316, 66.10219733961773], [86.62767650975114, 51.7412304064008, 91.70165859455297, 85.71578255784773, 129.43598905502535, 37.72554414322697, 88.75184520711126, 109.1451995129679, 85.04925897786968, 75.65662893215705, 81.01119456622236, 62.94903494896681, 84.80302008934129, 82.50502802734829, 91.21471250967976, 91.28296206468515, 100.74975249701723, 45.643658822602845, 48.81085456058155, 82.15794784588628, 86.06410948518345, 75.86108505675894, 109.389950007533, 0.0, 94.92830503775066, 26.854025645830788, 74.14419742928962, 67.14446932069778, 97.72252839617089, 77.82715856215371, 46.08889505576663, 76.28395833490579, 85.14165188230504, 57.05658035130861, 63.36849193718079, 110.44109363282963, 115.04286139344964, 46.68667588047502, 54.07876028445449, 54.52291439469717, 95.93926200807196, 93.171632735603, 42.88000417695028, 54.64452274927551, 28.790968202319007, 87.11260056424649, 29.97730220175806, 40.72123394920474, 23.42906645935644, 60.34530852814695, 72.20793973730919, 120.216666616251, 93.57396894922623, 93.28224928840716, 101.94132646526276, 61.53333546370263, 42.886263728544385, 118.44586938671107, 93.5564910732448, 83.6733373311223, 96.22684028514581, 10.136857011522828, 108.77718644927305, 23.614942003214303, 118.35007149089117, 26.951179120679896, 71.3042420330609, 124.4465050205816, 118.65113459771518, 82.18789335862441, 60.281025874912004, 38.487661799502526, 67.25356800725255, 28.688389424661807, 82.89183150923178, 40.6380556688576, 56.908248874956286], [51.983328889353025, 62.26164421732205, 6.1825607501588395, 14.741040844364035, 35.98402756873888, 58.669376758864985, 61.41125041740519, 14.342313388429096, 74.57569742475418, 22.55307785660426, 53.14467784786937, 53.18842312362512, 43.43194283002494, 29.754193907068505, 16.636651415884486, 36.73309981607129, 44.242086304862866, 60.76387982725563, 47.750618293984395, 77.29803688620729, 43.731802714177824, 19.067224392696048, 14.885682081186182, 94.92830503775066, 0.0, 70.25946400428487, 79.44648053421142, 30.851528737873366, 2.850756811814666, 78.39126399915145, 64.22179871300705, 19.869196748334463, 11.433034761637677, 63.2765838509792, 34.9517452179329, 17.246137948400207, 25.460503219409247, 56.400180766289424, 61.23858065251402, 73.20864427586218, 46.14810014093152, 40.192956906783955, 52.96907730844603, 47.567503382778405, 66.13859724577097, 9.448580303406303, 65.06630336114614, 58.549919155007416, 83.54000056361242, 34.655712149056484, 30.381590416720627, 25.28838474480596, 25.63573472835092, 47.14221774838907, 8.80238900612927, 48.969784151513885, 69.13304850260918, 28.923001287186768, 41.89172090763661, 11.559197187047124, 22.185458347637347, 89.48393923143513, 15.519730714174656, 72.33776718342689, 29.315032826833882, 80.9173778730977, 53.95978931342858, 33.623141437174134, 24.277437386332288, 12.834992904528887, 34.90788662004768, 58.17437083307968, 63.58477478786498, 67.94991049797241, 26.327954094939127, 76.12962063544711, 51.658430400728726], [73.52630813203254, 27.34745713059525, 67.81609039062285, 63.0215067818664, 103.66354939591866, 11.606728492175565, 63.972342594666415, 84.162798771920