instance_id,num_cities,city_coordinates,distance_matrix,best_route,total_distance
2010,63,"[[54.98507539823767, 87.02058942962647], [32.123218722214105, 56.413585838911985], [63.94959490563659, 37.42062487882697], [41.183790476694085, 40.644109429079535], [80.89131792458537, 3.5162142078813963], [82.433415387042, 17.618765609511854], [24.638230934226158, 82.2588193318031], [72.49549568781755, 53.583947411351076], [70.9543509962795, 77.84227719808106], [29.92631710147745, 84.41637664463458], [20.994319527492877, 89.97542771399849], [71.04706181831875, 84.81587586060958], [74.81884020485671, 24.484013986723518], [58.366875818841024, 24.211004402329106], [8.307174960077635, 35.62858305227443], [87.40583772751734, 55.243716455816426], [67.53595204223993, 55.5536438032465], [73.11815629140813, 46.281218497134844], [45.002701068991236, 81.93939010187754], [77.82798028771248, 13.289914134079073], [91.1516759871575, 64.21600085300844], [80.91389066046695, 65.99420960938554], [94.99728822948458, 19.206116341992306], [99.91122110217263, 67.73159385816257], [10.50820488767219, 39.142327685599135], [35.887862807626234, 16.506300591156887], [7.320756847887333, 75.16483479864773], [66.78265169636146, 82.94144276234981], [24.433169134762345, 49.73000581485374], [56.587504177864744, 1.686436257395163], [0.04144939954391358, 2.833249679496652], [1.781589502116343, 31.31214263613473], [66.87548691088095, 68.27926764076409], [42.84264080423343, 37.19721521249074], [12.871011694672863, 75.01592705873186], [67.39926280671409, 32.2792861074033], [95.74684765052773, 8.246001399162017], [88.94733573996677, 70.75448066055041], [80.19286900329222, 64.55785364970798], [67.45767070283914, 1.8683802639647973], [8.864066346185172, 79.29321744688056], [83.28627127350704, 55.2703532902219], [42.15198303913365, 81.30113201374026], [20.054305109324012, 22.156901138391195], [72.72484466971034, 54.492016540522656], [88.25474532385913, 99.14992011567453], [33.941312522335885, 47.18134510562194], [6.78574107835983, 47.68392743469367], [88.6143868413121, 18.949092541198564], [34.17549991775346, 7.614611060368048], [75.92681220547172, 57.35918949421775], [8.500351734690314, 42.44921213739822], [76.82297459060507, 37.42378603058006], [49.24049018825443, 72.69806974975157], [72.24455940278685, 4.766917131865722], [91.03063015377865, 81.80065482911284], [12.346286156418973, 86.32493004097637], [54.87859778190691, 65.8761891367127], [98.43287543972967, 20.072106524542388], [92.43562166567776, 59.53947233854103], [93.99704299410173, 56.418040439248315], [56.74675729914288, 14.363249288001311], [42.83006034775788, 37.914030963652436]]","[[0.0, 38.20278994362915, 50.403562309018426, 48.38649979825732, 87.4306244001948, 74.63259688433214, 30.718161132910137, 37.74418959490361, 18.418989617944582, 25.193715319598343, 34.118947140135525, 16.212592935131514, 65.60641351674523, 62.90056077163454, 69.42596566706561, 45.396866477823096, 33.8776205124639, 44.592655972182314, 11.20117778885392, 77.18815183256453, 42.75596166977506, 33.382811583925175, 78.73868131869149, 48.891961690723235, 65.34921543555974, 73.0545580995883, 49.11665889226633, 12.482878035261196, 48.20795165387697, 85.34919727575422, 100.53014578765976, 77.03273301423286, 22.195022602684766, 51.281647167874944, 43.791623402964724, 56.13129553491898, 88.69587248861673, 37.65662520734961, 33.76399498213236, 86.06081779430731, 46.76387231334928, 42.53275423574537, 14.04992713964844, 73.67127507868577, 37.05141654521221, 35.41174381262956, 45.055580612005315, 62.21373486444086, 75.9253533199981, 82.08744016265281, 36.30915844014738, 64.40059943667077, 54.191666781338824, 15.431617841793583, 84.04496650347778, 36.42155590949324, 42.644463767214276, 21.14466838779345, 79.81109378863196, 46.45164380625963, 49.58275527246588, 72.67869426163207, 50.58852118069391], [38.20278994362915, 0.0, 37.06279518600878, 18.18709286165171, 71.94761584155296, 63.53073244568438, 26.907269212768306, 40.47131825154852, 44.35138833286384, 28.08883532010997, 35.35886914671588, 48.184599612809855, 53.31429125903446, 41.54197622869052, 31.610445762762193, 55.29499578134552, 35.42317294512127, 42.22854217529688, 28.591043156768066, 62.837698008960075, 59.54188817237363, 49.72240963607432, 73.05849986667731, 68.72634554658849, 27.6677642982915, 40.08446034232618, 31.092948598957676, 43.64634563213512, 10.188577162462744, 59.946327361843245, 62.450719337962575, 39.378889199571674, 36.72212614868357, 22.003974864202803, 26.77115190442724, 42.741826233583964, 79.80026534271794, 58.605814891805274, 48.754695941202634, 64.9900219109391, 32.62615073476623, 51.17582365753137, 26.832183443181215, 36.32050553704201, 40.64707195049739, 70.54886636967579, 9.409555463647637, 26.79915500920047, 67.78525159291368, 48.84211090383514, 43.81379883460708, 27.441639484290487, 48.566250333480305, 23.625947572203565, 65.3995440851232, 64.14504184643454, 35.8582706455063, 24.644434205756376, 75.61530065239118, 60.39335323711779, 61.8738244322419, 48.72934902186108, 21.374517261852166], [50.403562309018426, 37.06279518600878, 0.0, 22.99288376743063, 37.90159682381346, 27.088101633569366, 59.630923345992265, 18.283473834840105, 41.02409760260497, 58.01882553596201, 67.87608550775384, 47.923729531441765, 16.89663856358147, 14.340879524463734, 55.6712700708907, 29.459428383469778, 18.484272580348478, 12.750397529232535, 48.382902383406126, 27.83703974671354, 38.18305106671518, 33.23006281684952, 35.996216217404545, 47.03183389115964, 53.469116577768816, 34.99813950412695, 68.05476237738463, 45.6088924614962, 41.389234889439955, 36.48469016335496, 72.66730754064831, 62.46738710048155, 30.99704303857397, 21.108136424557994, 63.42261748649063, 6.19141122768216, 43.153492759018995, 41.66572917995167, 31.62709501004957, 35.724902980328935, 69.19342067743402, 26.31577202584638, 48.996273220520415, 46.47340883480149, 19.19472379819229, 66.34188893369192, 31.55580249243679, 58.07789221157671, 30.814760556107128, 42.12950500651119, 23.259408702062554, 55.67679281395254, 12.873380073090347, 38.22114438642619, 33.69081574602996, 51.99009067600655, 71.09523568608316, 29.866404638881054, 38.60139538257538, 36.06517896142872, 35.549274740905005, 24.156229811829554, 21.125297382663653], [48.38649979825732, 18.18709286165171, 22.99288376743063, 0.0, 54.36146005748289, 47.24085110636449, 44.783251566419224, 33.880116443656654, 47.64441162425119, 45.19670434869855, 53.30284890075406, 53.31941414630459, 37.31575076187036, 23.776151132925513, 33.25698953098211, 48.47294273501953, 30.277559915407615, 32.42808533714453, 41.47148760241334, 45.72798538250914, 55.248743403703514, 47.12863715156825, 57.926505919065995, 64.67335556909207, 30.71232488162462, 24.71195389628459, 48.356856045310124, 49.44053097256912, 19.05614936113285, 41.89241810565975, 55.87802201502112, 40.49220969354031, 37.73281377065917, 3.825292688086846, 44.53128439115303, 27.517653582544117, 63.45679326969843, 56.46229460280274, 45.75560479486573, 46.83880820883625, 50.38172405192037, 44.5706842973227, 40.66854905559793, 28.075470116690862, 34.44709902116497, 75.09064305437492, 9.756481804934781, 35.11103587139537, 52.15683300650794, 33.76483228223192, 38.55478518200167, 32.7332485981745, 35.784381049504944, 33.05097248919423, 47.45465512899011, 64.64184909992888, 54.02165331788897, 28.70898105992729, 60.833091591741024, 54.62403262030672, 55.11856802367991, 30.54324059545018, 3.1880296290594887], [87.4306244001948, 71.94761584155296, 37.90159682381346, 54.36146005748289, 0.0, 14.186614135139658, 96.77193631237716, 50.766797605967085, 74.98737861371988, 95.61520585760636, 105.18006473223735, 81.89349402201526, 21.82942081737884, 30.587985114538643, 79.37041037244573, 52.136105119896676, 53.723922760199635, 43.465706409022786, 86.24492644270904, 10.242521551104417, 61.560856445765374, 62.47799947916688, 21.098611973792885, 66.9729176646392, 78.88600992757917, 46.84072284571529, 102.6944608520817, 80.66858988273547, 72.96051740130727, 24.372596291396036, 80.85275308277092, 83.85083641959324, 66.26233175006098, 50.8144827709708, 98.68622496258101, 31.770266860710237, 15.590306293115583, 67.71915459160621, 61.04563519729821, 13.534335387637395, 104.54701903842809, 51.80952338805826, 86.89781070562938, 63.62874615710695, 51.625804680209136, 95.91676479491291, 64.11666447646877, 86.26948134420286, 17.25744845402938, 46.89525038645078, 54.071363074368115, 82.19629136211859, 34.15076638077995, 76.07827569425513, 8.736743714814933, 78.93832589978193, 107.49746414695193, 67.56795159205123, 24.12060966182219, 57.200318184789154, 54.50103896451416, 26.46918921737158, 51.30174583669849], [74.63259688433214, 63.53073244568438, 27.088101633569366, 47.24085110636449, 14.186614135139658, 0.0, 86.70997573033742, 37.31295418467399, 61.3077504671783, 84.96420546541634, 94.92233167670145, 68.15497541405293, 10.25248216218685, 24.953074742189752, 76.28271786032379, 37.952100206956835, 40.75523767177914, 30.138186036223168, 74.419091028092, 6.32052114548262, 47.40580555405938, 48.3993030691516, 12.663750753586884, 53.07324417910232, 75.07662505615073, 46.55884495281452, 94.62273274398947, 67.17141173531655, 66.29600525559776, 30.361986839088672, 83.7081091687166, 81.8060241850538, 52.99561872955022, 44.167240358926044, 90.18515481989239, 20.998966762145123, 16.28177470600909, 53.53349766594196, 46.99253168475835, 21.73355855306843, 96.00097461867423, 37.661245572090074, 75.35275431489892, 62.543969118678255, 38.1299485915562, 81.73871198728943, 56.79287056229037, 81.40322219597222, 6.322513571647966, 49.28396812031426, 40.26955643533367, 77.99133910760162, 20.584360077720476, 64.30785354702282, 16.400694971868337, 64.75513111362318, 98.14653694692184, 55.57019793680692, 16.18646359224001, 43.09744520388248, 40.48581493249426, 25.892137614423707, 44.50082612898968], [30.718161132910137, 26.907269212768306, 59.630923345992265, 44.783251566419224, 96.77193631237716, 86.70997573033742, 0.0, 55.79037613558156, 46.52621650232783, 5.71129660151065, 8.533705834178317, 46.47922247757398, 76.52464752897284, 67.13546234173799, 49.407310437985224, 68.33438553142449, 50.530989266705916, 60.3712756570263, 20.36697520258395, 87.09683875123909, 68.91720881948174, 58.578898991413276, 94.47772381783312, 76.66200707512006, 45.37278355967892, 66.70793009849766, 18.714153074282155, 42.14994870843655, 32.52945986582111, 86.67563080292996, 83.14699499355505, 55.83896420859718, 44.49060190556982, 48.599883791227796, 13.817631385698064, 65.77582829679008, 102.63689682388181, 65.33001430566667, 58.30644901778561, 91.0830780969643, 16.050515972717587, 64.55981671996521, 17.539916698528813, 60.27647091938762, 55.52763057969893, 65.82074284583304, 36.290171191707394, 38.911881781155394, 90.00594442007015, 75.2510287513302, 57.013245258149716, 42.956209912323786, 68.79991047671325, 26.394679254977092, 90.94700334162282, 66.39398006476159, 12.947013660296914, 34.39288239143961, 96.50304040529689, 71.50283153689345, 74.01615137340664, 75.10503243391447, 47.93123107982006], [37.74418959490361, 40.47131825154852, 18.283473834840105, 33.880116443656654, 50.766797605967085, 37.31295418467399, 55.79037613558156, 0.0, 24.307235363200135, 52.562093355774486, 63.06116859458576, 31.265497202729943, 29.192534235016527, 32.59428907666634, 66.65234899922437, 15.00243756933533, 5.336363654084611, 7.329226140718648, 39.49537803501437, 40.645350407617606, 21.473090689226325, 14.996132225993865, 41.08729653581008, 30.85089787962893, 63.647345593080416, 52.104420914294025, 68.65479796253345, 29.908178141682722, 48.216595685735925, 54.28089772521922, 88.46028568693046, 74.1383154380075, 15.733306559583708, 33.87944502060305, 63.359362710293354, 21.90571119261755, 50.95247507921471, 23.78003896471495, 13.404334153027893, 51.96036533700559, 68.62889599737802, 10.921758216010936, 41.09709335395583, 61.13704038250986, 0.936584485697733, 48.2142283727763, 39.08219998724276, 65.97410163511213, 38.20198717206648, 59.84648661673916, 5.101606200852221, 64.95660689416042, 16.7295513839025, 30.10224166988319, 48.817675224526354, 33.75994353032645, 68.48283982725538, 21.481487342872697, 42.376776045585196, 20.810499781872522, 21.687522215669365, 42.264475888360984, 33.5497292894163], [18.418989617944582, 44.35138833286384, 41.02409760260497, 47.64441162425119, 74.98737861371988, 61.3077504671783, 46.52621650232783, 24.307235363200135, 0.0, 41.55139406573745, 51.41223673216384, 6.974214909403259, 53.498023606257846, 55.088637240677805, 75.54246910676521, 27.952573464529507, 22.549248990117462, 31.635146272457785, 26.273074964590208, 64.91728858156951, 24.3640584431131, 15.47802105919295, 63.37398670385945, 30.67126087935859, 71.7734120106586, 70.65239288382318, 63.68989717407757, 6.58821406002878, 54.35549801185318, 77.49915094300611, 103.2230295145035, 83.36620631335705, 10.396551544646423, 49.419523608934824, 58.15206410382835, 45.701474912356694, 73.88037287013456, 19.33867523239362, 16.181042116577892, 76.05432130017502, 62.107235291351735, 25.720964340904484, 29.00931017060956, 75.44319570513471, 23.417286790394368, 27.446662649462876, 48.06306038791142, 70.9023029192208, 61.484014711772815, 79.27552571762914, 21.07800399376273, 71.78559102045696, 40.84232083451223, 22.314896850797584, 73.08674904891612, 20.462789112916337, 59.21875263399573, 20.040386845114373, 63.97235281931622, 28.22122703388979, 31.463686611791395, 65.04954037555991, 48.83892476129757], [25.193715319598343, 28.08883532010997, 58.01882553596201, 45.19670434869855, 95.61520585760636, 84.96420546541634, 5.71129660151065, 52.562093355774486, 41.55139406573745, 0.0, 10.520628757515507, 41.12268529280641, 74.88141775064635, 66.58492492291609, 53.36324681408345, 64.45881936470448, 47.40824809514441, 57.61792481115271, 15.278508299860501, 85.75280173424635, 64.47169730046849, 54.213549004911876, 92.12279485708355, 71.946290832942, 49.26258814854404, 68.1712436207205, 24.42544535738784, 36.88583508241551, 35.11864171526709, 86.9198592543632, 86.88447457959268, 60.10145889470364, 40.31931840454316, 48.95386220053773, 19.474390746220443, 64.20668087913488, 100.6691030395849, 60.58158171428705, 54.047082952161865, 90.67951372616373, 21.67637347538425, 60.80111336659114, 12.616325008871753, 63.037281913846364, 52.22242133077856, 60.160475747009805, 37.45087131083575, 43.413812129811575, 87.92186768755371, 76.91922224949211, 53.36793912364691, 47.12021740905067, 66.38975867008914, 22.59106014574444, 90.19351435745554, 61.160273660357525, 17.683327291431933, 31.086248792413603, 93.98581612477355, 67.27758560586497, 69.92113233263345, 75.01184349715201, 48.259452375669234], [34.118947140135525, 35.35886914671588, 67.87608550775384, 53.30284890075406, 105.18006473223735, 94.92233167670145, 8.533705834178317, 63.06116859458576, 51.41223673216384, 10.520628757515507, 0.0, 50.317968819892144, 84.77148281199914, 75.64170369092983, 55.80809226232392, 74.94519008284594, 57.88767368564972, 68.01527973976387, 25.31758844648482, 95.45015970873872, 74.73689007187241, 64.54032713382041, 102.39499406111572, 81.99186239349442, 51.903397371816766, 74.96352627531247, 20.157380257794898, 46.32546067883907, 40.392074352050514, 95.19359645469669, 89.62578847182048, 61.72932861415809, 50.75238794762158, 57.12170215833893, 17.022772688421753, 74.04230896613113, 110.75937696889325, 70.61909952699902, 64.424539822589, 99.60770458556928, 16.163312112111964, 71.30728884965147, 22.866791011581263, 67.82504090667929, 62.73053243832338, 67.88325411422836, 44.70970961548587, 44.61451218403724, 98.06739413079333, 83.40891820622971, 63.88581804614921, 49.14102561242561, 76.67146646424837, 33.1112255167578, 99.43378381063754, 70.51178424817408, 9.386938502405762, 41.58025508372327, 104.32259704919585, 77.6544076715305, 80.34610055410111, 83.63873703578108, 56.45519115871214], [16.212592935131514, 48.184599612809855, 47.923729531441765, 53.31941414630459, 81.89349402201526, 68.15497541405293, 46.47922247757398, 31.265497202729943, 6.974214909403259, 41.12268529280641, 50.317968819892144, 0.0, 60.449647388275324, 61.9171830872178, 79.72253870015552, 33.79529791420505, 29.47212440321606, 38.59027403941126, 26.202726903154566, 71.84667046004061, 28.784550738315545, 21.25110425066692, 69.84449791670704, 33.54120425242395, 75.83552071004915, 76.82686605977433, 64.4529637702108, 4.658185604728904, 58.34272249374193, 84.37761869063435, 108.45712512563375, 87.52345470868009, 17.054660613012096, 55.344613167502395, 58.99569310134752, 52.663077203347726, 80.45511229995788, 22.762746790365156, 22.226858819052566, 83.02512122445404, 62.427755700826836, 31.980246278683634, 29.108057337521156, 80.7861891044647, 30.370238710962518, 22.39574058460686, 52.85068150898759, 74.21791520346521, 68.1692309866389, 85.55435327173147, 27.886943003192847, 75.54485513468896, 47.74276224529376, 24.94730027873706, 80.05791524903046, 20.209764008685887, 58.72016951463925, 24.902428847325293, 70.29749963937928, 33.11143408785698, 36.51217184155872, 71.8892989277302, 54.73556637806774], [65.60641351674523, 53.31429125903446, 16.89663856358147, 37.31575076187036, 21.82942081737884, 10.25248216218685, 76.52464752897284, 29.192534235016527, 53.498023606257846, 74.88141775064635, 84.77148281199914, 60.449647388275324, 0.0, 16.454229437804123, 67.43888368953321, 33.23539984147302, 31.911790249451027, 21.8634500992446, 64.73115476726103, 11.591496691507253, 42.9580295757876, 41.95528549167677, 20.857276146008797, 49.99980743795405, 65.9600180063237, 39.739966181735404, 84.40697160208246, 59.007214006437316, 56.35668507435265, 29.190943178559056, 77.8486594023145, 73.35573141253421, 44.50978661120124, 34.41079501428686, 79.94377834355939, 10.761802646512168, 26.48876268231242, 48.379442662140605, 40.432571163122944, 23.783475463426598, 85.75593844559917, 31.929548644045596, 65.53860280767132, 54.813955872922605, 30.080974627994163, 75.865150658416, 46.75618792583685, 71.88002894232206, 14.864469799045896, 44.0052027013284, 32.893840861211324, 68.70873494367801, 13.094054192002961, 54.57881606165708, 19.884436879925683, 59.565253720633294, 87.90403237488098, 45.94480853734607, 24.022647388010153, 39.2331001743979, 37.25030882685349, 20.713040786854442, 34.693621787679234], [62.90056077163454, 41.54197622869052, 14.340879524463734, 23.776151132925513, 30.587985114538643, 24.953074742189752, 67.13546234173799, 32.59428907666634, 55.088637240677805, 66.58492492291609, 75.64170369092983, 61.9171830872178, 16.454229437804123, 0.0, 51.34525053300026, 42.50047677530466, 32.656285817686594, 26.54608494243363, 59.25510680287692, 22.316021146154036, 51.722749956816, 47.47845949105223, 36.97074543298162, 60.16622251399767, 50.133788987941315, 23.762754191723136, 72.1248854006269, 59.330343615900674, 42.45840178826236, 22.59474128093711, 62.11975341211865, 57.02912231273883, 44.88216001450448, 20.23965276368958, 68.19834175790375, 12.111200781554803, 40.64656953580247, 55.69075067896992, 45.87202004139808, 24.12126458150869, 74.05793907186063, 39.820339315052, 59.348171147429774, 38.36759589276687, 33.51254937536025, 80.67915363860035, 33.52975834056861, 56.67090591122562, 30.701785607498717, 29.337057452116927, 37.51204527599936, 53.097103928771084, 22.69813164621609, 49.33848822859689, 23.888546030211124, 66.2079200967098, 77.30481505779849, 41.81095194579128, 40.27921053426689, 49.07932446862232, 48.02917845664694, 9.980133506603915, 20.716311735509805], [69.42596566706561, 31.610445762762193, 55.6712700708907, 33.25698953098211, 79.37041037244573, 76.28271786032379, 49.407310437985224, 66.65234899922437, 75.54246910676521, 53.36324681408345, 55.80809226232392, 79.72253870015552, 67.43888368953321, 51.34525053300026, 0.0, 81.49449005936475, 62.490447914688545, 65.68060553200745, 59.08682159327517, 73.0216303737437, 87.63818692179547, 78.70073977417933, 88.23192818652969, 97.0664956223621, 4.146195134142272, 33.5612280565935, 39.54855525609833, 75.21893427509423, 21.421900290379355, 59.01745096514285, 33.82094188625876, 7.82399664079939, 67.05456262525054, 34.571071836535765, 39.65086977133111, 59.18692960527285, 91.62697276567863, 87.95830951873427, 77.48842304095619, 68.10677234256691, 43.66818549963511, 77.50912218609396, 56.8458684738445, 17.874039284173623, 67.12276285869716, 102.11059822268147, 28.117171259250913, 12.150970711641358, 82.02105634437146, 38.13073383609643, 71.02559114525775, 6.823364154365965, 68.53931392087246, 55.2239362920077, 70.99599673754648, 94.73663626786512, 50.85699575530665, 55.53210870738611, 91.45843782235639, 87.46042631703267, 88.17570539628967, 52.90186723820828, 34.59845209899611], [45.396866477823096, 55.29499578134552, 29.459428383469778, 48.47294273501953, 52.136105119896676, 37.952100206956835, 68.33438553142449, 15.00243756933533, 27.952573464529507, 64.45881936470448, 74.94519008284594, 33.79529791420505, 33.23539984147302, 42.50047677530466, 81.49449005936475, 0.0, 19.872302637255633, 16.866066834894, 50.10673597330644, 43.03320674070944, 9.722818087955739, 12.558601823703166, 36.82850448616825, 17.67290851453525, 78.56526367741223, 64.45687804818122, 82.5255786742872, 34.53230146728269, 63.21359026922309, 61.79119633920231, 101.8793078874835, 88.90574846235737, 24.319146764423145, 48.07863067048328, 77.11277847330125, 30.456987725131835, 47.73214500818331, 15.587174931245327, 11.780495298725084, 56.98118883664718, 82.14127068433166, 4.119652569083237, 52.21973065533446, 75.03976475089033, 14.700224825696715, 43.91440952498467, 54.06900486604058, 80.97376361367542, 36.314739652983945, 71.42828952251557, 11.672328521420976, 79.93606858307609, 20.725513565045407, 41.96722771046744, 52.70456935058224, 26.80317324304242, 81.24024938403812, 34.22091193684528, 36.859703008356526, 6.614547986713802, 6.694999901741091, 51.09982200137632, 47.825912728009634], [33.8776205124639, 35.42317294512127, 18.484272580348478, 30.277559915407615, 53.723922760199635, 40.75523767177914, 50.530989266705916, 5.336363654084611, 22.549248990117462, 47.40824809514441, 57.88767368564972, 29.47212440321606, 31.911790249451027, 32.656285817686594, 62.490447914688545, 19.872302637255633, 0.0, 10.823071437297795, 34.698054803679334, 43.49883551262112, 25.154300767465465, 16.969816028035467, 45.55510660436984, 34.589890347369796, 59.34218771025096, 50.26227774509221, 63.328260236264896, 27.39815674886471, 43.49442095015167, 54.96857792800142, 85.6443100477108, 70.0805720003275, 12.74275151777421, 30.768784352076267, 58.02616799961731, 23.27475907718841, 55.08055610516695, 26.258575609001568, 15.532975951764264, 53.68532061234457, 63.2926340731087, 15.752866704241244, 36.15631385387862, 58.05040237659555, 5.296381703047401, 48.269076056581426, 34.62217771825661, 61.257820463002155, 42.23971575040049, 58.40437163665855, 8.582920803613133, 60.47254114850507, 20.370089117894313, 25.07299873341509, 51.00453498728653, 35.22648843351784, 63.18837929012623, 16.332898059837238, 47.04847886053723, 25.216668623533934, 26.475205682053428, 42.57998735939237, 30.35682831835778], [44.592655972182314, 42.22854217529688, 12.750397529232535, 32.42808533714453, 43.465706409022786, 30.138186036223168, 60.3712756570263, 7.329226140718648, 31.635146272457785, 57.61792481115271, 68.01527973976387, 38.59027403941126, 21.8634500992446, 26.54608494243363, 65.68060553200745, 16.866066834894, 10.823071437297795, 0.0, 45.409074253468404, 33.325794899026, 25.433526117499625, 21.19847855258956, 34.81030840247126, 34.32181412866768, 63.01563121001966, 47.67221926023855, 71.85792276557437, 37.20363774753369, 48.806988315256895, 47.560036399363675, 85.01723992542864, 72.89018447922507, 22.866680719337012, 31.608953694951367, 66.74879705417801, 15.124809199982959, 44.257602875847425, 29.146243032918317, 19.598136453652074, 44.77210400488376, 72.23835649671727, 13.571849786137209, 46.74717348247274, 58.29026497023109, 8.22021280387945, 54.99287170504462, 39.187183052850344, 66.34724485884661, 31.419393223404917, 54.87838386929389, 11.428472752551604, 64.73132887923161, 9.601030597266279, 35.6088888992141, 41.52349201801547, 39.78048613593788, 72.7785616367236, 26.7702142125803, 36.43833909428758, 23.42959161849109, 23.209546937198688, 35.87170839811145, 31.42258078376482], [11.20117778885392, 28.591043156768066, 48.382902383406126, 41.47148760241334, 86.24492644270904, 74.419091028092, 20.36697520258395, 39.49537803501437, 26.273074964590208, 15.278508299860501, 25.31758844648482, 26.202726903154566, 64.73115476726103, 59.25510680287692, 59.08682159327517, 50.10673597330644, 34.698054803679334, 45.409074253468404, 0.0, 76.0936890053331, 49.435274981175816, 39.292013422743565, 80.21796794971105, 56.71690265112512, 54.96779801179836, 66.06488840109263, 38.286074750996676, 21.80298967722188, 38.217143798856, 81.08479674905762, 90.99063470604446, 66.56712905807046, 25.78793722145661, 44.79428617781357, 32.86913145426097, 54.47689332564429, 89.47448770894405, 45.345706693977036, 39.24876722500216, 83.16004014982286, 36.23538532082221, 46.65693166149628, 2.9212953758269267, 64.77938289015809, 39.01122352907499, 46.550420788440334, 36.47569065201928, 51.32224423647459, 76.6143375791146, 75.10926084271215, 39.50299876584302, 53.77634854273379, 54.718998646017226, 10.166654241684581, 81.83953463813069, 46.02813816906054, 32.94957352530534, 18.856292348482807, 81.74560728581027, 52.45606039473233, 55.2429618076079, 68.58904915534106, 44.0789361821864], [77.18815183256453, 62.837698008960075, 27.83703974671354, 45.72798538250914, 10.242521551104417, 6.32052114548262, 87.09683875123909, 40.645350407617606, 64.91728858156951, 85.75280173424635, 95.45015970873872, 71.84667046004061, 11.591496691507253, 22.316021146154036, 73.0216303737437, 43.03320674070944, 43.49883551262112, 33.325794899026, 76.0936890053331, 0.0, 52.64016694118023, 52.79456036730568, 18.16002708600172, 58.7500299238147, 72.11310176625804, 42.063268965746225, 93.80711254718426, 70.52187408134964, 64.64430477437647, 24.203275071934073, 78.48621674620156, 78.1527624060462, 56.06947574440759, 42.3737303482724, 89.60752446291293, 21.664588531512734, 18.615232022288197, 58.530474726836346, 51.32245435299505, 15.427078687563743, 95.45919271781035, 42.33379515503206, 76.80040714185928, 58.4501582731183, 41.51692710024174, 86.49079752365924, 55.4496952277233, 78.93001902192687, 12.180840142746488, 44.01986037492772, 44.110264914695954, 75.2102701818853, 24.15478853494558, 65.92854877700988, 10.189016963277737, 69.77128029546321, 98.09161949333398, 57.375870155060696, 21.692391243172803, 48.50159606379112, 46.059460129247924, 21.108529343524637, 42.79254058547997], [42.75596166977506, 59.54188817237363, 38.18305106671518, 55.248743403703514, 61.560856445765374, 47.40580555405938, 68.91720881948174, 21.473090689226325, 24.3640584431131, 64.47169730046849, 74.73689007187241, 28.784550738315545, 42.9580295757876, 51.722749956816, 87.63818692179547, 9.722818087955739, 25.154300767465465, 25.433526117499625, 49.435274981175816, 52.64016694118023, 0.0, 10.39106706631502, 45.173868964406246, 9.438698257698148, 84.45151577727651, 73.00893470129428, 84.54288833783737, 30.732580750492236, 68.27300497897059, 71.44668236789782, 109.85861609575988, 95.23484784415767, 24.613888214900285, 55.35140158833596, 79.02215390712753, 39.80114170016552, 56.15831587111039, 6.900060443142439, 10.964137624283357, 66.69806353657238, 83.65747522274131, 11.911725384137418, 51.89288598430452, 82.60631945889082, 20.83516218586074, 35.053828925217736, 59.692589022498964, 85.97046251209792, 45.33796228680141, 80.3119042605151, 16.697674663884445, 85.46949450930717, 30.38312786404182, 42.76088151382373, 62.38327189895076, 17.585070587094695, 81.84799457661286, 36.31105103989107, 44.74035395424263, 4.849580956331955, 8.300861402214634, 60.57223182722606, 55.01610816899411], [33.382811583925175, 49.72240963607432, 33.23006281684952, 47.12863715156825, 62.47799947916688, 48.3993030691516, 58.578898991413276, 14.996132225993865, 15.47802105919295, 54.213549004911876, 64.54032713382041, 21.25110425066692, 41.95528549167677, 47.47845949105223, 78.70073977417933, 12.558601823703166, 16.969816028035467, 21.19847855258956, 39.292013422743565, 52.79456036730568, 10.39106706631502, 0.0, 48.86172079128302, 19.07661049398598, 75.3523997758962, 66.90587659691235, 74.16232001979293, 22.06582484752348, 58.77581330049167, 68.75509284985291, 102.61412483068048, 86.39888226217369, 14.223159636422483, 47.73559418202051, 68.63836218682337, 36.3227371321318, 59.62274871691442, 9.337902351486568, 1.6071685266381457, 65.52245298205864, 73.26691472404598, 10.983136352025971, 41.67478081451315, 75.00399167669677, 14.119522641793674, 33.95864082035512, 50.599871222956644, 76.35606717075, 47.67117243566207, 74.78405375454723, 9.9716861114673, 76.14517401458123, 28.861820763129582, 32.375083602281876, 61.838003271314825, 18.766782581459534, 71.51821153168642, 26.035560376230983, 49.15032430646821, 13.206586182358606, 16.213324488215857, 57.00707323317322, 47.31674718388304], [78.73868131869149, 73.05849986667731, 35.996216217404545, 57.926505919065995, 21.098611973792885, 12.663750753586884, 94.47772381783312, 41.08729653581008, 63.37398670385945, 92.12279485708355, 102.39499406111572, 69.84449791670704, 20.857276146008797, 36.97074543298162, 88.23192818652969, 36.82850448616825, 45.55510660436984, 34.81030840247126, 80.21796794971105, 18.16002708600172, 45.173868964406246, 48.86172079128302, 0.0, 48.7736476434727, 86.80931820188819, 59.17105017481685, 104.01227007627242, 69.70120191650763, 76.88304580442689, 42.21671115990325, 96.35705521987236, 93.99852318981372, 56.559790379696096, 55.170525524235366, 99.29481491855788, 30.537825314700168, 10.985716129853635, 51.90217518605764, 47.70692722711141, 32.54270464828106, 105.02091044733307, 37.91803139406425, 81.53782712297375, 75.00105232503961, 41.72716734867074, 80.22763642685236, 67.15985105648569, 92.69445924879592, 6.388074151519274, 61.91649964372142, 42.65372254260483, 89.56540361735043, 25.7330364536883, 70.39228399735167, 26.947674164776487, 62.72009745452551, 106.47123224627781, 61.54352133159964, 3.543049318803332, 40.41462286757677, 37.225364814207644, 38.55588771842322, 55.420264654324136], [48.891961690723235, 68.72634554658849, 47.03183389115964, 64.67335556909207, 66.9729176646392, 53.07324417910232, 76.66200707512006, 30.85089787962893, 30.67126087935859, 71.946290832942, 81.99186239349442, 33.54120425242395, 49.99980743795405, 60.16622251399767, 97.0664956223621, 17.67290851453525, 34.589890347369796, 34.32181412866768, 56.71690265112512, 58.7500299238147, 9.438698257698148, 19.07661049398598, 48.7736476434727, 0.0, 93.86290773535576, 81.99403074372306, 92.88835848319954, 36.45327988760208, 77.59506105981288, 78.98675389359767, 119.10401494940363, 104.66996238308501, 33.04027360857999, 64.72380656682357, 87.34448788491652, 48.10294748827956, 59.63118073997083, 11.372977923817599, 19.97213149381365, 73.42476311488514, 91.77829552333128, 20.776705063549862, 59.33179541677877, 91.94661303381689, 30.238807368633218, 33.51096316720657, 69.09661034973652, 95.25893112297784, 50.073455034149056, 89.0799453319658, 26.13118142016023, 94.84274281142103, 38.10026695828499, 50.913542934394584, 68.77495681449264, 16.637408818593524, 89.51720495223923, 45.07082969932236, 47.68241016141241, 11.090331010712385, 12.76612680716479, 68.63928275821743, 64.3998910716424], [65.34921543555974, 27.6677642982915, 53.469116577768816, 30.71232488162462, 78.88600992757917, 75.07662505615073, 45.37278355967892, 63.647345593080416, 71.7734120106586, 49.26258814854404, 51.903397371816766, 75.83552071004915, 65.9600180063237, 50.133788987941315, 4.146195134142272, 78.56526367741223, 59.34218771025096, 63.01563121001966, 54.96779801179836, 72.11310176625804, 84.45151577727651, 75.3523997758962, 86.80931820188819, 93.86290773535576, 0.0, 34.00759854435784, 36.16325267057659, 71.31041891007544, 17.492957367221685, 59.38219956987568, 37.787592091869236, 11.72457308375345, 63.452594530364486, 32.39288824071185, 35.95132804210767, 57.303523546565835, 90.66536934271922, 84.56964860146407, 74.17480281698813, 68.06312373836239, 40.18453857102476, 74.54367952257489, 52.713314049463825, 19.484166505971388, 64.08215987083187, 98.2111790940812, 24.77370247857926, 9.317492317430272, 80.67429829240635, 39.42255407304025, 67.90764491244532, 3.868715427824822, 66.33703389640706, 51.24624620478682, 70.66149106517385, 91.1240574459826, 47.21839162631619, 51.80184469375672, 89.96900036578965, 84.42834316691324, 85.25747087210715, 52.45956972128747, 32.34518593577437], [73.0545580995883, 40.08446034232618, 34.99813950412695, 24.71195389628459, 46.84072284571529, 46.55884495281452, 66.70793009849766, 52.104420914294025, 70.65239288382318, 68.1712436207205, 74.96352627531247, 76.82686605977433, 39.739966181735404, 23.762754191723136, 33.5612280565935, 64.45687804818122, 50.26227774509221, 47.67221926023855, 66.06488840109263, 42.063268965746225, 73.00893470129428, 66.90587659691235, 59.17105017481685, 81.99403074372306, 34.00759854435784, 0.0, 65.24494753071937, 73.26742861453603, 35.14291672485722, 25.457877596681, 38.36557930562233, 37.181323772170494, 60.337989398755454, 21.828487919446427, 62.87409501957872, 35.23854994176453, 60.42624106432554, 75.88262455067776, 65.35966130065816, 34.79829711416739, 68.35555941865263, 61.231208601124074, 65.09692297916837, 16.811627997605413, 52.913871989237514, 97.83791817379482, 30.736743711355906, 42.649477191870304, 52.78308033059497, 9.055072025033995, 57.20206290518782, 37.724135805426876, 45.96982242508071, 57.75645054137844, 38.2050063645701, 85.46389580368759, 73.68070880139433, 52.89644515337463, 62.64657673891324, 71.05985436593721, 70.49555872284442, 20.96869448239876, 22.505222202583965], [49.11665889226633, 31.092948598957676, 68.05476237738463, 48.356856045310124, 102.6944608520817, 94.62273274398947, 18.714153074282155, 68.65479796253345, 63.68989717407757, 24.42544535738784, 20.157380257794898, 64.4529637702108, 84.40697160208246, 72.1248854006269, 39.54855525609833, 82.5255786742872, 63.328260236264896, 71.85792276557437, 38.286074750996676, 93.80711254718426, 84.54288833783737, 74.16232001979293, 104.01227007627242, 92.88835848319954, 36.16325267057659, 65.24494753071937, 0.0, 59.968263026305074, 30.65558969765282, 88.46630683295751, 72.69694988633641, 44.20114234705462, 59.95145459421116, 51.99369554904951, 5.552252009704991, 73.81461349078432, 110.89320898136607, 81.74563967116717, 73.64002158530286, 94.80938062951755, 4.407419596290582, 78.52738233532385, 35.3676188270813, 54.51590852454443, 68.5934407836362, 84.41323834739306, 38.62291651100543, 27.486114884062236, 98.83756348202745, 72.69257150796199, 70.87899432437725, 32.73688149794104, 79.08821045686778, 41.99224896494519, 95.76516563973873, 83.97247761240045, 12.239430977327206, 48.45644614020402, 106.47359702282226, 86.53722993579382, 88.68044248228607, 78.35663546385821, 51.463900176718234], [12.482878035261196, 43.64634563213512, 45.6088924614962, 49.44053097256912, 80.66858988273547, 67.17141173531655, 42.14994870843655, 29.908178141682722, 6.58821406002878, 36.88583508241551, 46.32546067883907, 4.658185604728904, 59.007214006437316, 59.330343615900674, 75.21893427509423, 34.53230146728269, 27.39815674886471, 37.20363774753369, 21.80298967722188, 70.52187408134964, 30.732580750492236, 22.06582484752348, 69.70120191650763, 36.45327988760208, 71.31041891007544, 73.26742861453603, 59.968263026305074, 0.0, 53.81893920686931, 81.89210654906938, 104.2674958125705, 83.01037716998347, 14.662469016952844, 51.63001525903797, 54.49108850848884, 50.6659089150856, 80.11450310469864, 25.294174507651892, 22.755005534641132, 81.07587257332571, 58.03337037358838, 32.2189176063016, 24.68522752283536, 76.67006505275089, 29.06337058366946, 26.90289097590195, 48.55242674843452, 69.58966640805504, 67.61394490980207, 82.0814103276245, 27.16739504794718, 70.96793099567212, 46.61185641198917, 20.313889855262527, 78.3650999702337, 24.274798791750822, 54.54141435059111, 20.806955108942805, 70.38671822146387, 34.7235811511927, 38.001499503304174, 69.3086415720096, 51.001906293810926], [48.20795165387697, 10.188577162462744, 41.389234889439955, 19.05614936113285, 72.96051740130727, 66.29600525559776, 32.52945986582111, 48.216595685735925, 54.35549801185318, 35.11864171526709, 40.392074352050514, 58.34272249374193, 56.35668507435265, 42.45840178826236, 21.421900290379355, 63.21359026922309, 43.49442095015167, 48.806988315256895, 38.217143798856, 64.64430477437647, 68.27300497897059, 58.77581330049167, 76.88304580442689, 77.59506105981288, 17.492957367221685, 35.14291672485722, 30.65558969765282, 53.81893920686931, 0.0, 57.81077613980324, 52.86077683557627, 29.194378635691436, 46.31873759608749, 22.270596925806387, 27.80397989175333, 46.37470025493352, 82.50189916487419, 67.85356464697641, 57.69756668042528, 64.3571513940366, 33.412279833038745, 59.11330714400383, 36.20348568361561, 27.918641651277355, 48.525896922407114, 80.71878044644355, 9.843803232970494, 17.76564532302897, 71.18070896145821, 43.22753155584271, 52.05573667048705, 17.51755196589165, 53.815748262752024, 33.80732374454662, 65.63237298220744, 73.91717217517993, 38.53934637805659, 34.46191174864574, 79.72168791198335, 68.7063256454509, 69.88463603293062, 47.905902008905464, 21.8646488192016], [85.34919727575422, 59.946327361843245, 36.48469016335496, 41.89241810565975, 24.372596291396036, 30.361986839088672, 86.67563080292996, 54.28089772521922, 77.49915094300611, 86.9198592543632, 95.19359645469669, 84.37761869063435, 29.190943178559056, 22.59474128093711, 59.01745096514285, 61.79119633920231, 54.96857792800142, 47.560036399363675, 81.08479674905762, 24.203275071934073, 71.44668236789782, 68.75509284985291, 42.21671115990325, 78.98675389359767, 59.38219956987568, 25.457877596681, 88.46630683295751, 81.89210654906938, 57.81077613980324, 0.0, 56.557682873487416, 62.3006481658474, 67.38284485214798, 38.078034234417224, 85.37180996216665, 32.44713526019888, 39.704937678569344, 76.27288808222644, 67.15674480988446, 10.871689100696381, 91.10619630446028, 59.86702204893952, 80.91281759351942, 41.87737535502574, 55.21632971492747, 102.47899710473187, 50.819649030738184, 67.79369293986619, 36.38297012492193, 23.18277790623567, 58.93610343375955, 63.03949656791729, 41.06863074946434, 71.39069061030496, 15.957215945591495, 87.2044548423395, 95.50371721548022, 64.21249672593333, 45.70632305508257, 68.05924853556944, 66.29496278573951, 12.67781330394097, 38.751850006669166], [100.53014578765976, 62.450719337962575, 72.66730754064831, 55.87802201502112, 80.85275308277092, 83.7081091687166, 83.14699499355505, 88.46028568693046, 103.2230295145035, 86.88447457959268, 89.62578847182048, 108.45712512563375, 77.8486594023145, 62.11975341211865, 33.82094188625876, 101.8793078874835, 85.6443100477108, 85.01723992542864, 90.99063470604446, 78.48621674620156, 109.85861609575988, 102.61412483068048, 96.35705521987236, 119.10401494940363, 37.787592091869236, 38.36557930562233, 72.69694988633641, 104.2674958125705, 52.86077683557627, 56.557682873487416, 0.0, 28.53200714307058, 93.54127344147795, 54.88919850766336, 73.31395898680789, 73.5128838252776, 95.85833889421492, 111.88185842198837, 101.16410825868805, 67.4231256157997, 76.96729981476906, 98.38368870859532, 89.05338624348722, 27.81937992417004, 89.171206908963, 130.6081413302483, 55.82073349275111, 45.354919968504745, 90.0271383428711, 34.467300756429566, 93.44338607341815, 40.50898061148184, 84.2134657624372, 85.44962666962503, 72.22899808218824, 120.47772445722252, 84.39354061299267, 83.55552081170642, 99.89019423119231, 108.40792755606545, 108.16183878093088, 57.86564468629412, 55.331062183771515], [77.03273301423286, 39.378889199571674, 62.46738710048155, 40.49220969354031, 83.85083641959324, 81.8060241850538, 55.83896420859718, 74.1383154380075, 83.36620631335705, 60.10145889470364, 61.72932861415809, 87.52345470868009, 73.35573141253421, 57.02912231273883, 7.8239