instance_id,num_cities,city_coordinates,distance_matrix,best_route,total_distance
1738,78,"[[55.50451272379418, 84.3714058715486], [27.911839066737553, 68.62257380497792], [0.8583435643846116, 43.02144761523257], [66.43464642303329, 0.17820804307092653], [55.86509083819722, 90.92374222690735], [42.05146155000686, 24.436360969276915], [68.46723848938515, 64.66812640736424], [98.48949158393958, 60.97070346350322], [51.945951832926575, 87.79233202701323], [95.70135048973276, 0.46796517488880696], [10.84270181600131, 1.4722163856051407], [62.43736141575401, 56.24811276703582], [37.90363703241949, 29.337575335764786], [77.03382284846779, 47.191495686004416], [3.7770389718792208, 19.0876441161415], [94.8060418462119, 27.606259982460656], [15.209808472158414, 27.67355570453486], [5.7516747534331, 43.74282054787605], [72.42477055173087, 23.394276043867844], [20.2045007146871, 24.55041130811081], [78.64541276597109, 97.65643833534415], [4.415857667366286, 66.24985913268245], [23.52092997289663, 75.91065651201009], [36.91601700547861, 88.67575680151411], [55.550949877561926, 96.60190572752244], [1.3900321200159271, 56.480725095724225], [12.548341368861959, 69.87098429196533], [94.37535572091605, 43.4941229212253], [63.861876503170265, 74.97801865182568], [24.222707603398273, 88.06575891126373], [86.6162256846436, 26.662455755682714], [0.020762744262248223, 90.4676216833918], [8.59912544329342, 49.14625405227052], [82.80215691471328, 67.06604324319817], [92.03892698652957, 99.85006803170907], [52.3725926796457, 13.697576880576223], [20.345322477935657, 95.362473305447], [65.6581731784112, 98.75817106430381], [50.944817477421445, 52.63769780583756], [63.65470076255525, 36.61077097007822], [17.691213118768378, 21.108481410283463], [6.690192569672748, 6.52032228762518], [13.220560453842921, 31.11652843670538], [47.12104817787457, 91.05831494181629], [57.0116587227073, 73.01105067853393], [54.518166643277375, 71.4681791950689], [73.21664536061468, 85.06188716604613], [29.769450266706666, 57.854651157322664], [52.83234294322175, 47.91740329035697], [66.39670051528542, 32.77884060217551], [77.96228968643135, 74.46686401265063], [79.83850699375033, 2.179727226890704], [1.1129430473986512, 44.35169338554651], [32.85604716218603, 24.67001657965131], [2.987408299422556, 24.63374446381943], [13.612202285132424, 33.51481513373648], [61.00914903507329, 59.2027210183552], [83.42186421758745, 22.034220754202394], [53.348696975627696, 94.78986874361269], [19.793018565118103, 65.69087211785873], [68.75104061759029, 14.125511661953515], [93.76598060506723, 68.10086714353555], [25.015531666769565, 56.84588960698914], [39.15074825947069, 52.29174671136651], [99.30118938695858, 9.612950648202112], [61.423011284287, 73.71248721347695], [10.344526367281281, 92.31320409378301], [24.063329996337878, 51.847221146961644], [81.81678479881434, 36.51069688514341], [72.64838763894393, 8.952947274776257], [24.642121125052164, 74.82258170977951], [93.08702342741026, 21.898941780344007], [50.987011366157006, 70.47775790798971], [32.88345655265156, 24.829303900961964], [70.10596377054276, 87.99265988181911], [97.96457261303689, 30.91743747542104], [97.3081730387134, 72.61910567194568], [70.01816366770264, 68.78529344524036]]","[[0.0, 31.770762518483433, 68.52753352921644, 84.89971957120012, 6.562250245940214, 61.426331433041504, 23.584984225512326, 48.94181525849903, 4.936202120573511, 93.03533268129424, 94.16449952604115, 28.965220627986685, 57.77986957881262, 42.96343696504629, 83.29286337791375, 69.04268229993448, 69.55795716011168, 64.23415626835884, 63.281162181060544, 69.45964467517781, 26.683203374522424, 54.20739000988321, 33.083739893011526, 19.08034617081491, 12.230588012692849, 60.879118629918025, 45.33756591900302, 56.408285709704835, 12.573036737418741, 31.499199608442115, 65.56112877943593, 55.81765275444477, 58.6594125151706, 32.320843956690354, 39.67810993217226, 70.74319067873705, 36.83710387748982, 17.608970252093854, 32.05961709595996, 48.45104551254508, 73.70239642244466, 91.88922171451937, 68.00010728056016, 10.723676175021295, 11.459893506202194, 12.940870807452193, 17.72558622337701, 36.951748541099086, 36.5518097435097, 52.729806997177924, 24.54489143463908, 85.71823210704343, 67.52792192363438, 63.853025579670216, 79.54014362310926, 65.8889861461119, 25.763612288629474, 68.30302455076415, 10.639168677891163, 40.30227234744837, 71.48395732293186, 41.57728171645498, 41.07592983154652, 36.00764007801712, 86.64280416814123, 12.19184859526822, 45.85298819840553, 45.23682751144638, 54.61669274527022, 77.34246145694722, 32.305839380311525, 72.90578770176113, 14.609629435805612, 63.69438035944559, 15.043797834240374, 68.26553612982383, 43.42421646623851, 21.297252505596475], [31.770762518483433, 0.0, 37.2466009332274, 78.54067666604342, 35.75928407535413, 46.39342980133332, 40.74773707276244, 70.99123998467454, 30.742774870677838, 96.1273558176288, 69.28582790177214, 36.6761363757414, 40.53575127357435, 53.593473483196746, 55.10170446453304, 78.46765171131766, 42.87381094113325, 33.317788109760876, 63.458647856342985, 44.741016658355534, 58.453920226647064, 23.6154804489709, 8.50859754688846, 21.98193277773998, 39.32891380708279, 29.169002962007067, 15.414136052878503, 71.05517637623194, 36.507490613328066, 19.790076756574095, 72.15855122503066, 35.4276481753494, 27.428232509785698, 54.91238276419588, 71.32629109068593, 60.12556656246105, 27.789825450761665, 48.30051719232816, 28.03630423531111, 47.98236845912094, 48.600927674889725, 65.62810315383894, 40.28072872290934, 29.535676647651247, 29.428867346190874, 26.758066767729282, 48.195191638887835, 10.92697934088546, 32.39962344684568, 52.59142297587702, 50.39050838467405, 84.32692751073938, 36.15600177273031, 44.229769164406775, 50.55931522360884, 37.90823566197671, 34.41170663686618, 72.46956279867909, 36.493301641295325, 8.631924531631043, 68.1011759482304, 65.85620802620623, 12.127608472170758, 19.824454428910116, 92.62059686834205, 33.895514185512454, 29.493328719582113, 17.21114403128863, 62.74484690946934, 74.5776314212722, 7.009361842406311, 80.19290770399257, 23.14962817636522, 44.0745671483253, 46.427840722399544, 79.55540700002284, 69.51131875970775, 42.106639014330796], [68.52753352921644, 37.2466009332274, 0.0, 78.3313134936907, 72.94088068229487, 45.19157460207682, 70.98972725479008, 99.2674007372155, 67.9291970334776, 103.95188709418547, 42.732025759021454, 62.983490777958615, 39.4917982458841, 76.28953365352507, 24.111112226830887, 95.20398112582697, 21.01243277446767, 4.9462176492412215, 74.20902462387544, 26.747952795367542, 95.05687952988507, 23.49925548218308, 39.941117718200424, 58.17621301925011, 76.56465683885126, 13.469775165794683, 29.284017286292926, 93.51820670131428, 70.64465723029215, 50.74330977657365, 87.30424365638278, 47.45356651861167, 9.870813441050569, 85.3986599737132, 107.44017354622389, 59.275688581171394, 55.850920471205036, 85.4728042060463, 51.001246423686844, 63.1227316614939, 27.631930539398464, 36.96407192128841, 17.162502937196333, 66.6916671009717, 63.65980753320173, 60.73378919870989, 83.68466046092271, 32.49424592253412, 52.20408981491916, 66.33390709318738, 83.26963864457738, 88.91519746145097, 1.354390898592114, 36.88669213397223, 18.51055222921431, 15.907135927219317, 62.28926880064684, 85.18919317594339, 73.72385385587566, 29.53683674098615, 73.78613303171788, 96.23308321133563, 27.833162475677312, 39.398562190313896, 103.95730644472832, 67.89711987737913, 50.19626401347706, 24.826712906474445, 81.21981951579286, 79.46365926431302, 39.71121006409487, 94.61654000237682, 57.15533492573212, 36.83153478789527, 82.56901862649637, 97.8576863691043, 100.88900320683724, 73.80282154955677], [84.89971957120012, 78.54067666604342, 78.3313134936907, 0.0, 91.35900327592658, 34.39473343323627, 64.5219420130967, 68.72583646441096, 88.80403702759803, 29.268138412328224, 55.607002821424025, 56.21220955614466, 40.7956762139999, 48.19327500694148, 65.44877801842033, 39.461805729695406, 58.137579637598954, 74.70139565863091, 23.9763925663314, 52.261177409309674, 98.24005392707842, 90.61894524009541, 87.04591208473408, 93.29075848627211, 97.03599499998134, 86.02775875432654, 88.09549894103371, 51.54562753328654, 74.84404326441839, 97.4990737213528, 33.29731998818587, 112.08470975476669, 75.78137645198204, 68.86129462517123, 102.90801162576663, 19.506785723086985, 105.75570970521886, 98.58302095171996, 54.69856366426939, 36.53846930709546, 53.04713595957437, 60.08013131915829, 61.55419249990662, 92.90968144979716, 73.43987788363086, 72.27905974204448, 85.15418070207458, 68.34404655486405, 49.639232697689756, 32.600654642900416, 75.17772918208382, 13.55247421109598, 78.85570200813828, 41.56165316386108, 67.99724470256659, 62.46230845092959, 59.27334269194089, 27.681236605844727, 95.51234691627305, 80.41983961319646, 14.138350692420696, 73.21536346592802, 70.19094814163846, 58.8237368035353, 34.19391779870544, 73.70486211828312, 107.8654674357526, 66.82077050484511, 39.45452985996662, 10.752052291666711, 85.5476340460542, 34.38225522081056, 71.9767750045849, 41.63362665818747, 87.89116293920537, 44.034491840394104, 78.74552872999342, 68.70060962774211], [6.562250245940214, 35.75928407535413, 72.94088068229487, 91.35900327592658, 0.0, 67.9072030097622, 29.123383860495743, 52.09629612645829, 5.016510777685492, 98.83913792172129, 100.14285290824854, 35.292974073927645, 64.15192729108576, 48.586259399515114, 88.73325272414964, 74.33371525212783, 75.18934817763255, 68.82872832013956, 69.53022217123352, 75.34651116815603, 23.75441567417677, 57.059829134111574, 35.65862426907822, 19.081950570908667, 5.686846690642031, 64.45039527767285, 48.16180438123577, 61.09508399878909, 17.838572849430356, 31.771189549816715, 71.24005357438418, 55.84619079412016, 63.082723489828524, 35.98326457685393, 37.2589011386523, 77.30509787514896, 35.79603718226687, 12.541241442952936, 38.600910447253554, 54.868723964739736, 79.57019280503928, 97.68371367411532, 73.45378678495099, 8.745078150659396, 17.94934919212834, 19.502131618689774, 18.31496079982073, 42.125375262481754, 43.11313893142005, 59.09098397674794, 27.55204234711607, 91.92510473472692, 71.88013231058738, 70.13538517058606, 84.79630365824703, 71.28177537818992, 32.135409150130066, 74.19664364256208, 4.612935325229446, 44.021496249154936, 77.87179155268518, 44.24207355212484, 45.967329052885844, 42.0927585856736, 92.18535395762903, 18.08639761871877, 45.54176538113466, 50.381807156495086, 60.28490626011116, 83.67132290448308, 35.13006131088145, 78.42126843123498, 21.019846196034976, 69.97592651803022, 14.539384635839985, 73.30158917539445, 45.305504982154, 26.275851745962058], [61.426331433041504, 46.39342980133332, 45.19157460207682, 34.39473343323627, 67.9072030097622, 0.0, 48.128870977577144, 67.2310152801259, 64.12394253808411, 58.76048485335502, 38.747111125794504, 37.78322995428642, 6.420774913899881, 41.732023171570226, 38.646347766174515, 52.84973038703725, 27.036156711070323, 41.114643412497124, 30.391180311168792, 21.847258528698372, 81.85534188487175, 56.25662012840932, 54.70816851395155, 64.4443385221757, 73.41731427504095, 51.77058156480837, 54.17323229139702, 55.68651714576551, 55.04682880719936, 66.07998751322845, 44.62032833108545, 78.2732842903288, 41.58891207003977, 58.97379912709186, 90.47637212922434, 14.894536968262255, 74.1732423757996, 77.9808200117688, 29.570376714219123, 24.797503974033337, 24.586510244254338, 39.640935734944264, 29.594686945627195, 66.81456023724627, 50.82625286007885, 48.65604444985757, 68.16687691675571, 35.60379081299557, 25.83770020916954, 25.734949518152256, 61.58440396899886, 43.85451571856949, 45.52562753481728, 9.19838250498433, 39.06455191869483, 29.85313714755854, 39.59916294372384, 41.44008318633829, 71.25477937945935, 46.876145044361365, 28.621340566515585, 67.68294157716605, 36.614211086752455, 28.006011005398488, 59.137676915414865, 52.94708260841222, 74.91725816679606, 32.786096633675136, 41.55803798173503, 34.291514777375006, 53.30906465642232, 51.09860147090755, 46.900472093413015, 9.176421948618811, 69.47271569690122, 56.28747943748436, 73.31358026742868, 52.43056588572637], [23.584984225512326, 40.74773707276244, 70.98972725479008, 64.5219420130967, 29.123383860495743, 48.128870977577144, 0.0, 30.24907630489356, 28.419743107999448, 69.73777712777573, 85.52374097465821, 10.356449547331321, 46.71596700318994, 19.463272822217167, 79.1353415328145, 45.46773037184706, 64.84560211399418, 66.11437332404653, 41.463149709745714, 62.75924571164103, 34.522803412559895, 64.07090809112688, 46.331038542355564, 39.64651175410813, 34.44701399501091, 67.5750335150253, 56.16042009585588, 33.45996058147367, 11.291733131653405, 50.05025194850252, 42.116703787188065, 73.14734443864293, 61.84755032422418, 14.534094103603003, 42.34847712805288, 53.45123518501433, 57.07768155866917, 34.20558423172233, 21.25479829254887, 28.46709878976719, 66.90027970576224, 84.83849672474047, 64.63671681287335, 33.94262647025349, 14.171615757745878, 15.51828996002609, 20.939492436800748, 39.29303065825036, 22.913678964367158, 31.956434041788842, 13.644458798053591, 63.51461075639662, 70.3516777711549, 53.55376492397306, 76.74868011443561, 63.08410101032922, 9.246283273549803, 45.18064565622448, 33.702962167657454, 48.684963736499284, 50.54341152861551, 25.530571117731697, 44.15017796520962, 31.821869426232254, 63.101544401275966, 11.463925998897265, 64.36225590139837, 46.21777473175375, 31.161694818581797, 55.871846165911, 44.986152030222705, 49.34913336680546, 18.4203734612711, 53.41663893973144, 23.382029046857134, 44.824119888550435, 29.91684436808869, 4.399594677525727], [48.94181525849903, 70.99123998467454, 99.2674007372155, 68.72583646441096, 52.09629612645829, 67.2310152801259, 30.24907630489356, 0.0, 53.7187197478963, 60.566947018830106, 105.93408196224657, 36.36012861019824, 68.3469133676413, 25.499260535587794, 103.55983458892933, 33.567154940060824, 89.6894958625661, 94.32445398857675, 45.731363199777775, 86.34221143845623, 41.70887923716905, 94.22164338860195, 76.44270682753414, 67.51935094568377, 55.796961733142616, 97.20321462754859, 86.40078876443216, 17.954302586013853, 37.353401518026864, 79.05502661140278, 36.30468707889597, 102.79182235845757, 90.66474247897155, 16.829903031635123, 39.41084587842311, 66.0417811803581, 85.3774267481105, 50.05784829501505, 48.26940044361131, 42.507281289842865, 90.0963847773902, 106.73310315787313, 90.34413308344847, 59.53134756102889, 43.19005186293272, 45.207017306742465, 34.9156395962826, 68.79065242180111, 47.486459832365504, 42.71683942157001, 24.566488705336557, 61.67850608629731, 98.78453168821797, 75.00325922853533, 102.18132168369877, 89.20751113381667, 37.52201806282157, 41.750246469008125, 56.404142384342315, 78.8379024183651, 55.48736307306323, 8.552823514581595, 73.58965195773654, 59.97008212127661, 51.36416676595655, 39.195369815012945, 93.55152184120253, 74.98327452334985, 29.601876179664128, 58.08278240585511, 75.13526904617977, 39.44349405425312, 48.444501350011386, 74.90228698021076, 39.189421784548365, 30.0578498312243, 11.708150473706015, 29.52430066735806], [4.936202120573511, 30.742774870677838, 67.9291970334776, 88.80403702759803, 5.016510777685492, 64.12394253808411, 28.419743107999448, 53.7187197478963, 0.0, 97.67333288948649, 95.60669184894921, 33.24315634467, 60.11776097618404, 47.72660875949406, 83.90815399676873, 73.88741830717184, 70.45432205007083, 63.83001407212484, 67.5758213455521, 70.76058405148679, 28.463341465422218, 52.18417374827357, 30.808376795719138, 15.05587527344509, 9.518644845067397, 59.46694667323868, 43.28217202173061, 61.339918847926825, 17.498453875255173, 27.7245925645645, 70.27723430742867, 51.99406155167213, 58.07294293285721, 37.17101611201095, 41.86688015874082, 74.09598344460072, 32.49471979579083, 17.55775156503048, 35.168886493922834, 52.50378075645455, 74.96747999932757, 93.02270321578905, 68.6425717035016, 5.82634874345157, 15.62522526545054, 16.525563673026834, 21.44522632866378, 37.25670352529851, 39.88477943970388, 56.879771239267384, 29.230428206057915, 90.04172773809684, 66.86616384815305, 65.94581994163259, 79.91211527609332, 66.44941831568543, 29.99178889548572, 72.9031018449436, 7.136750943919024, 39.01647918303378, 75.55932392338094, 46.2241127092766, 41.023527746667796, 37.7360410249895, 91.4031410651319, 16.972232788230443, 41.84634852669633, 45.49166513397169, 59.34705354859519, 81.51220421761103, 30.227695820483074, 77.68221579063174, 17.341108492307153, 65.78542115934526, 18.161116838558506, 73.1605569194107, 47.83260301034069, 26.227320798168133], [93.03533268129424, 96.1273558176288, 103.95188709418547, 29.268138412328224, 98.83913792172129, 58.76048485335502, 69.73777712777573, 60.566947018830106, 97.67333288948649, 0.0, 84.8645908210604, 64.94549895501214, 64.60673395037584, 50.314658814907446, 93.79110561192202, 27.15305917626676, 84.96488976297034, 99.81812096317192, 32.671316221898046, 79.24480132926924, 98.67372662921669, 112.51799310553282, 104.41078862921903, 106.00155629282582, 104.18152041266774, 109.69071996565268, 108.31067347413602, 43.046585376073224, 81.02777408319312, 113.06002766828169, 27.72527420083248, 131.35719638819643, 99.7816286501197, 67.83578109875681, 99.44956367003537, 45.303464318398895, 121.1754869231204, 102.77916655014818, 68.7373861160489, 48.304142363623264, 80.69456266131148, 89.21668712124405, 87.99099473786006, 102.79424713283225, 82.21551862888542, 82.0797479445589, 87.53110077332171, 87.40850756685838, 63.94686063831798, 43.62058208005158, 76.09540923987815, 15.954934443635482, 104.27247203430004, 67.34442398989037, 95.81158575615733, 88.4913698908511, 68.21525038994056, 24.817114312910746, 103.39423945517218, 100.08047984331805, 30.213370852171284, 67.66058738505787, 90.41545966229666, 76.70511681332536, 9.828000783124278, 80.86881072048003, 125.38474921751798, 88.15800544735485, 38.624599332068435, 24.564894004152762, 102.84951666368164, 21.58984632303713, 83.07071205779981, 67.37627641252413, 91.19043812180223, 30.53346586551047, 72.1690304336282, 72.98550148717399], [94.16449952604115, 69.28582790177214, 42.732025759021454, 55.607002821424025, 100.14285290824854, 38.747111125794504, 85.52374097465821, 105.93408196224657, 95.60669184894921, 84.8645908210604, 0.0, 75.2489715783783, 38.84292012977943, 80.4457394973938, 18.97964397865663, 87.93651518994318, 26.562789813043814, 42.576079349738116, 65.36763640696022, 24.90474572246424, 117.68012646255019, 65.09567824040872, 75.51038893854718, 91.01799396843954, 105.1117749779906, 55.814773984068474, 68.42003111218536, 93.50692432802323, 90.63186995372682, 87.62115133923898, 79.85095540438768, 89.65097059926204, 47.726800671978864, 97.36895449745487, 127.55794242792552, 43.2919308229399, 94.36991122131319, 111.66598801080386, 65.00835461297315, 63.433628707624855, 20.796273973563956, 6.53656685415622, 29.73952670579283, 96.65292271460403, 85.14327568190221, 82.50443041135708, 104.29641362237307, 59.47437059526783, 62.61218211027382, 63.76795034590347, 99.16278363424918, 68.9994326332937, 43.969509361416584, 31.980076722442067, 24.457351024784206, 32.162062548634296, 76.48191676295718, 75.4356072327255, 102.54240033332619, 64.83937009230756, 59.27462850250583, 106.37503121950851, 57.15866331543668, 58.1719017737653, 88.83228904894561, 88.1874392143905, 90.84235370450851, 52.08095730868817, 79.15185134264235, 62.25675975089363, 74.63712257621437, 84.74302064284079, 79.83314067513732, 32.114613598192456, 104.87097482275138, 91.96326123079531, 111.97391468055608, 89.62580894250578], [28.965220627986685, 36.6761363757414, 62.983490777958615, 56.21220955614466, 35.292974073927645, 37.78322995428642, 10.356449547331321, 36.36012861019824, 33.24315634467, 64.94549895501214, 75.2489715783783, 0.0, 36.415390385896764, 17.177863642174213, 69.44014587811189, 43.22137438516253, 55.19915822146429, 58.04868134475929, 34.338359434923134, 52.80491265758195, 44.467407783030154, 58.87724371594595, 43.601654358173676, 41.26610131978463, 40.93716245871426, 61.0477724625374, 51.71553876567402, 34.390401818292275, 18.783998980178907, 49.72647556541179, 38.20901173972984, 71.18150448111246, 54.30462272984536, 23.05975965836404, 52.70088412107991, 43.72468037546106, 57.460185713863076, 42.63189750465717, 12.046313227147502, 19.675037685753196, 56.89474034833347, 74.70341344488656, 55.26201252105177, 38.030772101680135, 17.61914689018952, 17.15704135094862, 30.76404650693717, 32.70739036428185, 12.714444551080978, 23.80090548809783, 23.93629659657625, 56.799561462606334, 62.467664293755654, 43.269276765252876, 67.33323999886996, 53.85813759697502, 3.2816917166446697, 40.13651410506377, 39.59887340648992, 43.677290224098556, 42.593145797435305, 33.49582312197504, 37.42660389231652, 23.620312966953673, 59.44560672194764, 17.4938069325894, 63.35893209164754, 38.62556322476056, 27.660940626715572, 48.384891603380616, 42.112837533664745, 46.03550074563928, 18.26453714430724, 43.13438121985978, 32.657674957023005, 43.632852831158836, 38.52249877586511, 14.650920180694948], [57.77986957881262, 40.53575127357435, 39.4917982458841, 40.7956762139999, 64.15192729108576, 6.420774913899881, 46.71596700318994, 68.3469133676413, 60.11776097618404, 64.60673395037584, 38.84292012977943, 36.415390385896764, 0.0, 43.0108580927092, 35.63265054963887, 56.928737263751884, 22.754753702372607, 35.23151668620609, 35.029008920196226, 18.33511292087774, 79.54470020987135, 49.839222123812014, 48.74334982958377, 59.346399831664705, 69.54076353985381, 45.49718587550979, 47.81054548734011, 58.219093527571346, 52.506002156966886, 60.3006415896163, 48.78598731160958, 71.91658175132736, 35.37143129661241, 58.6456680264021, 88.89680109324051, 21.30634246415137, 68.31970112567198, 74.76318203490547, 26.701462404136066, 26.758487587464835, 21.823383497971367, 38.66401624109699, 24.747099699140932, 62.40521104637316, 47.67062975703147, 45.28830285779855, 65.97126257807726, 29.654487143634412, 23.834350567898163, 28.70012148532533, 60.34358581437193, 49.96080496327499, 39.736367532931716, 6.8749013258267935, 35.23164846848395, 24.64798438841326, 37.75965587167245, 46.10041208302364, 67.24992631219982, 40.614734865503685, 34.39431914084791, 67.99407489776537, 30.377798043316762, 22.988024490006328, 64.48814041506839, 50.222442885169656, 68.74179513309983, 26.424198254602587, 44.49514826939437, 40.28313239923655, 47.37883081087499, 55.68248740125287, 43.17046798487018, 6.7473493595116345, 66.9134425243062, 60.081710588159794, 73.49959024623755, 50.86713364298167], [42.96343696504629, 53.593473483196746, 76.28953365352507, 48.19327500694148, 48.586259399515114, 41.732023171570226, 19.463272822217167, 25.499260535587794, 47.72660875949406, 50.314658814907446, 80.4457394973938, 17.177863642174213, 43.0108580927092, 0.0, 78.46262076302379, 26.446799913546094, 64.83177257118886, 71.36552387007892, 24.23945184549656, 61.1734464943076, 50.4906690257056, 75.07722746818335, 60.73236289213794, 57.709464266752356, 53.87858991802795, 76.21202568359027, 68.35741748401924, 17.7313092502481, 30.75046388354994, 66.78112972716019, 22.655328833973982, 88.33931462240197, 68.4626094244754, 20.694717164121, 54.7547111368683, 41.593495529760865, 74.39105563891846, 52.806509210387766, 26.651403692499205, 17.057334003412265, 64.82182474474843, 81.2549731794974, 65.80681598065114, 53.094933092676094, 32.67317670951428, 33.1106045935379, 38.06228310053653, 48.45228374548548, 24.212364020353014, 17.912928239026318, 27.29116648337725, 45.09906377045607, 75.97397229890034, 49.58722502545719, 77.4062248644839, 64.87953102333945, 20.026475096985905, 25.955645908508206, 53.16568729306081, 60.155935728506385, 34.08758983798839, 26.779972328976523, 52.90661527111227, 38.2248597229241, 43.680460845985074, 30.774346935274362, 80.51975431403274, 53.17470162178018, 11.702828207016317, 38.48920142812489, 59.23147241398454, 29.956944635568167, 34.938322751186796, 49.490630077680024, 41.385145053961324, 26.513039364593144, 32.52095670846496, 22.704879991038], [83.29286337791375, 55.10170446453304, 24.111112226830887, 65.44877801842033, 88.73325272414964, 38.646347766174515, 79.1353415328145, 103.55983458892933, 83.90815399676873, 93.79110561192202, 18.97964397865663, 69.44014587811189, 35.63265054963887, 78.46262076302379, 0.0, 91.4267257456657, 14.297765428563357, 24.734124430627247, 68.78268771733389, 17.311941679230344, 108.52800937836864, 47.16654126170525, 60.155431754755874, 77.0759190164055, 93.21479820086066, 37.46919143585131, 51.535263511044135, 93.8282004805688, 82.06047566825758, 71.94446251435159, 83.18478602849662, 71.4787437536455, 30.442939234412798, 92.44942427443226, 119.63582236365711, 48.893564658023564, 78.05355588437206, 100.87947082972174, 57.882686804686074, 62.38905638217124, 14.060157380319524, 12.900544245334775, 15.292944647052686, 84.01476413790046, 75.77373235698715, 72.92724108671513, 95.78339982183968, 46.67425714299546, 56.899717589493136, 64.0989147570373, 92.57596567104699, 77.91806318932686, 25.40412550318861, 29.609991551050516, 5.602030494865018, 17.4606328914302, 69.89087077119643, 79.69931306042336, 90.48854121262373, 49.2785192808295, 65.16320778130685, 102.47099905726687, 43.32157285346444, 48.51609771938859, 95.99288061535667, 79.41619234923945, 73.51948398028878, 38.53210986654209, 79.96101985670307, 69.61303575686651, 59.512477026463785, 89.35422048232499, 69.78341700581578, 29.667325485640216, 95.64218453493753, 94.92752764255194, 107.76683356269058, 82.81149044550344], [69.04268229993448, 78.46765171131766, 95.20398112582697, 39.461805729695406, 74.33371525212783, 52.84973038703725, 45.46773037184706, 33.567154940060824, 73.88741830717184, 27.15305917626676, 87.93651518994318, 43.22137438516253, 56.928737263751884, 26.446799913546094, 91.4267257456657, 0.0, 79.59626182209185, 90.50452411441498, 22.77415450584553, 74.66410215303678, 71.89014827874479, 98.30418684455233, 86.1097085053423, 84.14712364539324, 79.3811147392453, 97.77671301870305, 92.4804639303883, 15.89369935853492, 56.58290279056085, 92.93738797467188, 8.24401935822383, 113.73565812589202, 88.8572100632651, 41.24521485497487, 72.29678226659416, 44.654776606766305, 100.67424284647599, 76.89078422329865, 50.50128595030983, 32.42664443688924, 77.38809944711133, 90.60364044670749, 81.66096226867187, 79.37267728705174, 59.07631008992074, 59.55653486713778, 61.377936880213596, 71.72672732633798, 46.6297538281383, 28.876396332031067, 49.79586525901894, 29.504841425259745, 95.17776159577072, 62.01954020041889, 91.86673671633358, 81.40854136173908, 46.2662545888512, 12.674664549459374, 78.94522613743086, 84.1272330655991, 29.33587674340635, 40.507961396682376, 75.66816537809311, 60.8841930164911, 18.54630777840691, 56.92285058723359, 106.3989483652138, 74.78071595039158, 15.74832674277574, 28.963903655058658, 84.57160757856546, 5.960579282619375, 61.30312199709426, 61.98482116225575, 65.24270955248095, 4.576047748315952, 45.08233509446776, 48.06403750748938], [69.55795716011168, 42.87381094113325, 21.01243277446767, 58.137579637598954, 75.18934817763255, 27.036156711070323, 64.84560211399418, 89.6894958625661, 70.45432205007083, 84.96488976297034, 26.562789813043814, 55.19915822146429, 22.754753702372607, 64.83177257118886, 14.297765428563357, 79.59626182209185, 0.0, 18.646113966366556, 57.37476902072123, 5.890753900689721, 94.45464389556933, 40.05796500269058, 48.94785628513838, 64.74896159451731, 79.86566926272046, 31.950574748444108, 42.281277021079, 80.7308752476591, 67.85820465077023, 61.06103961539417, 71.41357533571659, 64.60496755111915, 22.467262949477703, 78.23358385286649, 105.41424184335825, 39.70391056482984, 67.88345210790777, 87.1668517406783, 43.591275038248924, 49.26237312321456, 7.018373708292967, 22.804454370060053, 3.9763260571590275, 70.96446239579222, 61.667520907579096, 58.848246097794714, 81.59787812033017, 33.50942691118195, 42.723160757419905, 51.4408577972881, 78.27827029876205, 69.4752039438702, 21.83762558774575, 17.90002757484283, 12.59474169491671, 6.055795343970973, 55.60276846870192, 68.44477078418453, 77.19568830083419, 38.292586254090914, 55.22873379890898, 88.34839947820875, 30.77624526620521, 34.3398300279509, 86.00898673486887, 65.23222615118995, 64.82248925986775, 25.743949663979066, 67.1906567881704, 60.41234606170692, 48.08325254415695, 78.09101596957207, 55.78716674283245, 17.901050382456518, 81.55968486509987, 82.81831776217092, 93.59617474221899, 68.51372694067582], [64.23415626835884, 33.317788109760876, 4.9462176492412215, 74.70139565863091, 68.82872832013956, 41.114643412497124, 66.11437332404653, 94.32445398857675, 63.83001407212484, 99.81812096317192, 42.576079349738116, 58.04868134475929, 35.23151668620609, 71.36552387007892, 24.734124430627247, 90.50452411441498, 18.646113966366556, 0.0, 69.70914550301556, 24.025668579519774, 90.66518198500307, 22.54664483122471, 36.749368724780396, 54.682583958479235, 72.62265961060493, 13.46395702354005, 26.99769652617102, 88.62402991703605, 65.97297286001393, 48.01772505761967, 82.64874142260567, 47.07494443555247, 6.107787575513634, 80.50310253761245, 102.92479350550137, 55.46374180768975, 53.642922223897166, 81.33558474608338, 46.060167072048074, 58.340608088991004, 25.590347488318102, 37.23432814521807, 14.669952490802313, 62.850465927261624, 59.027241605138535, 56.09693613164375, 79.11249917190489, 27.856728159561698, 47.26538329761853, 61.628142969794695, 78.47509003388978, 84.94909909948336, 4.678520917236787, 33.142402672146396, 19.307976533418326, 12.899611925491072, 57.379412567080614, 80.64689477220759, 69.79453885454036, 26.055254820411257, 69.61397190887818, 91.32268320905446, 23.2977810519669, 34.475821231850496, 99.58092039912499, 63.22561689045681, 48.78705200914826, 20.02493512612365, 76.40814471565852, 75.4022909283585, 36.37032468922953, 90.02565283082264, 52.54514776947193, 33.07347419841917, 78.0994417136093, 93.10053159150564, 96.00225112375803, 68.97323427376125], [63.281162181060544, 63.458647856342985, 74.20902462387544, 23.9763925663314, 69.53022217123352, 30.391180311168792, 41.463149709745714, 45.731363199777775, 67.5758213455521, 32.671316221898046, 65.36763640696022, 34.338359434923134, 35.029008920196226, 24.23945184549656, 68.78268771733389, 22.77415450584553, 57.37476902072123, 69.70914550301556, 0.0, 52.233066448399235, 74.52224592538225, 80.38540435673248, 71.76040580177, 74.31381640260055, 75.12711140489242, 78.36228158319057, 75.79756711972944, 29.76293053049159, 52.289632394298955, 80.65878482064366, 14.562911708109514, 98.69738619569935, 68.82497617038062, 44.887786735805065, 78.93163663029421, 22.273657357450812, 88.835186321371, 75.66705698429078, 36.28451598716702, 15.861584480800005, 54.781266564167055, 67.86578709369763, 59.70570890068673, 72.24057395921129, 51.955638206081446, 51.30055192417817, 61.672695151332185, 54.83606296569816, 31.38864427690639, 11.153819090936333, 51.37191216994195, 22.472662715833952, 74.32758628962014, 39.58928370901593, 69.44842372957322, 59.67699303402326, 37.58405441277543, 11.080876295969102, 73.9001166442162, 67.52113266694109, 9.970270046314907, 49.53914143678221, 58.022809149744965, 44.07067472236808, 30.203755049129306, 51.50690324886715, 92.75653810675703, 56.11059630437445, 16.13227904863001, 14.443059967288303, 70.20008696504101, 20.71629113664387, 51.73424188434338, 39.567345345934214, 64.63998808294883, 26.624790088485216, 55.15675453870049, 45.45477111839806], [69.45964467517781, 44.741016658355534, 26.747952795367542, 52.261177409309674, 75.34651116815603, 21.847258528698372, 62.75924571164103, 86.34221143845623, 70.76058405148679, 79.24480132926924, 24.90474572246424, 52.80491265758195, 18.33511292087774, 61.1734464943076, 17.311941679230344, 74.66410215303678, 5.890753900689721, 24.025668579519774, 52.233066448399235, 0.0, 93.59397090140199, 44.58839757324638, 51.467207913674194, 66.26714654627683, 80.25452832391578, 37.061154421784046, 45.96271436189936, 76.55181214077095, 66.70015024832195, 63.642323714253465, 66.44530039990535, 68.93810196196165, 27.19632724257652, 75.67063843114114, 104.06835782550098, 33.949523645811496, 70.81220202114596, 87.02199692303302, 41.63967744205795, 45.092928041720384, 4.261865314783737, 22.532657072015226, 9.585891492890124, 71.74818306471794, 60.85392714375605, 58.12662568009064, 80.44828270675663, 34.65055052761081, 40.132186618579674, 46.91936030111469, 76.33881344053694, 63.691932072697455, 27.505969280750254, 12.65211179741165, 17.217294086197178, 11.127395676132, 53.533184967878505, 63.26741865416524, 77.66671826862152, 41.142518556814416, 49.653248324521755, 85.48645230173072, 32.65185963119431, 33.593778977425956, 80.4948066019452, 64.1550880359555, 68.47638410609493, 27.568213413337272, 62.762424914493, 54.71418609460806, 50.46764896248788, 72.93073705665728, 55.28909592056345, 12.68202279683333, 80.71601401954335, 78.02030379235742, 90.86019845727056, 66.61926008657237], [26.683203374522424, 58.453920226647064, 95.05687952988507, 98.24005392707842, 23.75441567417677, 81.85534188487175, 34.522803412559895, 41.70887923716905, 28.463341465422218, 98.67372662921669, 117.68012646255019, 44.467407783030154, 79.54470020987135, 50.4906690257056, 108.52800937836864, 71.89014827874479, 94.45464389556933, 90.66518198500307, 74.52224592538225, 93.59397090140199, 0.0, 80.60024855637772, 59.25865025725786, 42.684834676356466, 23.118526231684132, 87.5433218443465, 71.69975107119451, 56.40024393904976, 27.071454777594514, 55.261306255171064, 71.44004074121003, 78.95261031714904, 85.20399255239674, 30.871520756381464, 13.571965016941226, 87.9735840583373, 58.345203771616696, 13.03388687655158, 52.85839553186473, 62.859326678226914, 97.85195023111187, 116.11780811641718, 93.31650930774654, 32.207464895571235, 32.793512266283486, 35.608270419429935, 13.714745156127625, 63.032070986078324, 56.03825640471512, 66.02373542467092, 23.199633928351677, 95.4841653779486, 94.08867995048251, 86.16080177840134, 105.14964317635459, 91.3425765587006, 42.305155405466564, 75.77291257671962, 25.458614475293977, 66.97314183146135, 84.11488757126183, 33.19884576684519, 67.39187661895113, 60.14801551688642, 90.43404686251779, 29.494472501176894, 68.5095703898873, 71.25789878240509, 61.22792906889386, 88.9059820074355, 58.63224809310134, 77.1217116172706, 38.777156133031426, 86.01132568675679, 12.89615458748602, 69.4789476962432, 31.227658379960687, 30.132580942709506], [54.20739000988321, 23.6154804489709, 23.49925548218308, 90.61894524009541, 57.059829134111574, 56.25662012840932, 64.07090809112688, 94.22164338860195, 52.18417374827357, 112.51799310553282, 65.09567824040872, 58.87724371594595, 49.839222123812014, 75.07722746818335, 47.16654126170525, 98.30418684455233, 40.05796500269058, 22.54664483122471, 80.38540435673248, 44.58839757324638, 80.60024855637772, 0.0, 21.40875507366009, 39.48646911608582, 59.46464821926174, 10.227003474872477, 8.902237840806334, 92.79296751679001, 60.08335812867298, 29.46599374766772, 91.23630312714954, 24.613347646056503, 17.607754996926865, 78.39054832182826, 93.84442612627095, 71.14485788124834, 33.185722127496625, 69.3354999534724, 48.47922273504165, 66.2398375478612, 47.05293875027755, 59.77282134024546, 36.219797306874504, 49.388184580652016, 53.02859605696444, 50.37332854786514, 71.32629799687841, 26.707380527540916, 51.7709859253032, 70.44099631328326, 74.00403253831767, 98.9624061643423, 22.145855325000056, 50.37586411403892, 41.64062280668644, 34.002291980712776, 57.03036720408334, 90.53712911413808, 56.64763817989346, 15.387317627126862, 82.800744951287, 89.369293941703, 22.644672921503194, 37.43449648134134, 110.50323786304395, 57.49353338746419, 26.729142580985986, 24.361017012132972, 82.9175571998668, 89.09890153517559, 21.96800641486589, 99.14423587500764, 46.76267191778752, 50.25998987263629, 69.19493785142986, 99.99871043244933, 93.11041594004256, 65.65128315360685], [33.083739893011526, 8.50859754688846, 39.941117718200424, 87.04591208473408, 35.65862426907822, 54.70816851395155, 46.331038542355564, 76.44270682753414, 30.808376795719138, 104.41078862921903, 75.51038893854718, 43.601654358173676, 48.74334982958377, 60.73236289213794, 60.155431754755874, 86.1097085053423, 48.94785628513838, 36.749368724780396, 71.76040580177, 51.467207913674194, 59.25865025725786, 21.40875507366009, 0.0, 18.503408929479495, 38.13200714874179, 29.449938448428245, 12.524988670612522, 77.91778550577574, 40.35172586565097, 12.175344191398205, 80.04000011674363, 27.64350004566356, 30.643000659964756, 59.937392766135666, 72.57968957407925, 68.57758903731704, 19.70932925108022, 47.93282994126215, 35.96804432826511, 56.1711719782114, 55.111378085469916, 71.40232632980612, 45.963153963319925, 28.043129910817907, 33.616017405143694, 31.313963114098694, 50.53126903591918, 19.106630661387083, 40.53123679643315, 60.816817109114105, 54.460501138345094, 92.77887375230993, 38.7051163500483, 52.08404356053212, 55.23538016084356, 43.53837675616768, 41.0429248094465, 80.56545322501422, 35.300429726210204, 10.878479513571047, 76.5713199120513, 70.67786038283947, 19.123262571175193, 28.322148926984024, 100.68780223873459, 37.965770320122054, 21.039514708053463, 24.069547551902456, 70.36166220665339, 83.04722706404604, 1.5623624339188922, 88.0721674922163, 27.998250201445988, 51.932277906239115, 48.12629405383203, 86.98416918501545, 73.8606224329761, 47.04002062183529], [19.08034617081491, 21.98193277773998, 58.17621301925011, 93.29075848627211, 19.081950570908667, 64.4443385221757, 39.64651175410813, 67.51935094568377, 15.05587527344509, 106.00155629282582, 91.01799396843954, 41.26610131978463, 59.346399831664705, 57.709464266752356, 77.0759190164055, 84.14712364539324, 64.74896159451731, 54.682583958479235, 74.31381640260055, 66.26714654627683, 42.684834676356466, 39.48646911608582, 18.503408929479495, 0.0, 20.250544682657658, 47.94388040844149, 30.779913662439704, 73.0955241154192, 30.2275929323982, 12.707958176003372, 79.47175755797439, 36.93874073049473, 48.625383652440334, 50.71999167825565, 56.2441146809896, 76.55477252155993, 17.868970164201137, 30.459261626568566, 38.67232781793006, 58.529650252573475, 70.24905542622528, 87.53922482516082, 62.24579850192828, 10.479467759456751, 25.479753412200733, 24.615775408328986, 36.480072268566936, 31.638804801732498, 43.755831751858295, 63.194746148720924, 43.43603498576434, 96.56036080590944, 56.97791416461698, 64.13437562241509, 72.47433913455232, 59.88152691937798, 38.06755638691361, 81.26431044229169, 17.533263696238972, 28.661856176973675, 81.06298649045868, 60.45861762985111, 33.98178919536059, 36.45257486128424, 100.71165299955692, 28.71397230175277, 26.819305314266483, 39.00682763073123, 68.82784628701963, 87.36434438558936, 18.508348932463022, 87.26009962648597, 23.003478998337588, 63.9736749904844, 33.19697558015623, 84.04135644516974, 62.490227682728516, 38.61842366247823], [12.230588012692849, 39.32891380708279, 76.56465683885126, 97.03599499998134, 5.686846690642031, 73.41731427504095, 34.44701399501091, 55.796961733142616, 9.518644845067397, 104.18152041266774, 105.1117749779906, 40.93716245871426, 69.54076353985381, 53.87858991802795, 93.21479820086066, 79.3811147392453, 79.86566926272046, 72.62265961060493, 75.12711140489242, 80.25452832391578, 23.118526231684132, 59.46464821926174, 38.13200714874179, 20.250544682657658, 0.0, 67.40262715672914, 50.633649871863284, 65.7857969754133, 23.166009445710127, 32.470364433701974, 76.52828250610048, 55.86797941391255, 66.75711717584285, 40.18700608000802, 36.63226763195102, 82.96523185069843, 35.227438075031905, 10.334671889123305, 44.20484174690328, 60.53599778554791, 84.45482095527663, 102.47958469734164, 77.9756148272289, 10.08933305356493, 23.636034190884736, 25.154936903462474, 21.10092001072863, 46.54068605975203, 48.760348657672786, 64.73804097198149, 31.49965434330558, 97.49581131247267, 75.45582334997397, 75.42715217772705, 89.11981900180874, 75.75512886405822, 37.795382720029, 79.60607708227646, 2.8519109164