instance_id,num_cities,city_coordinates,distance_matrix,best_route,total_distance
767,76,"[[19.482094748149294, 82.98762325510275], [63.225945055937686, 83.48764141470765], [53.48768267790489, 25.51879464734298], [73.92934509854024, 30.602783511382302], [17.118643741168793, 16.42096833011566], [89.80163985739047, 26.67192128525029], [70.43662454569402, 5.02821337347158], [41.77629618712599, 35.049852470448606], [72.70626503685521, 4.352581349364604], [23.277516704900425, 75.20067527794222], [70.93220668042149, 8.717568728830027], [71.86609550232527, 82.47083930641706], [9.000305847656886, 90.9063717964385], [74.25015808681243, 67.97370453592788], [63.92685943344687, 63.59469838337149], [12.585381265786, 57.17034091408966], [42.77598142868864, 71.85927779163895], [78.12735253854525, 64.16112929339047], [67.29133406863052, 92.50159679094264], [78.10276177981244, 52.078176809632126], [24.32539306461908, 74.7822455056101], [21.552240753605144, 0.1952299835610516], [64.05605026026994, 88.06130576138547], [28.88037314256905, 99.19897205680022], [53.66881645671572, 38.09965656066154], [36.6977914470763, 80.19443604626287], [5.068000499423686, 61.80483221677382], [89.74461106965698, 83.33147447398903], [92.95953857647315, 62.8600192303335], [8.39814472243785, 19.203116307778878], [1.885093444310748, 71.10101179721674], [57.81947643086017, 26.11568873879375], [89.63243197204272, 94.98326426499263], [7.565293161596043, 95.56997805811532], [78.29901273656476, 66.80130395911588], [90.47291741179583, 88.31394574645782], [20.20664901884701, 15.980977751410819], [96.05487625268235, 61.38243139146176], [13.078420486949549, 49.15670423852184], [9.655975277783224, 67.80733625333369], [94.73521883608406, 7.980966676218548], [91.55990840083892, 13.530574546116203], [24.625015312435604, 49.703642358877154], [98.91125630515471, 16.19341230279735], [64.66429565736458, 59.01839572159181], [75.17006176081578, 6.571425419373633], [21.900630035908485, 74.51269084680118], [0.1710227905878936, 31.550751193379778], [33.979461709266246, 19.287445393239942], [36.38227093438305, 10.10586446766003], [91.57771914241165, 51.96686955362166], [46.51994736538394, 62.591801665145354], [72.99950163848757, 59.23850383720774], [45.256140336330795, 67.21406808028766], [2.959691565675293, 63.46535172218461], [88.65881388932026, 31.5437945192805], [28.93269256971146, 76.88522009220823], [86.72022421527691, 52.67168647413121], [33.4370854393913, 38.59381612650675], [56.21525716848924, 28.823262242383663], [83.60403937897254, 81.64021113728182], [29.02094189736034, 99.30272976039815], [70.28552274534928, 58.834372875260634], [99.1749183990377, 96.94842222806145], [5.013001902664471, 8.295791075482706], [67.37381829684969, 43.927655614719505], [42.933718980046464, 89.36581503717336], [30.440506269068855, 81.42866468103666], [54.64214291066688, 38.92197514273737], [64.42992935033772, 95.29633529412789], [32.67763630804742, 49.643082108894234], [25.22015995578678, 3.528015329545353], [0.9293154709645313, 22.06374131219071], [26.724031261524072, 65.52564254120774], [97.54822540265994, 10.556958920439751], [75.90833608572926, 16.65806751353085]]","[[0.0, 43.746707966544555, 66.77609057137448, 75.55577082985403, 66.60859890858465, 90.09049179978899, 93.13449251475546, 52.8683391606329, 94.9541053269334, 8.662666254034779, 90.3501799510043, 52.38654980682664, 13.136760522114768, 56.78871822090904, 48.49146979636818, 26.72258827908326, 25.815600505121, 61.59304454394495, 48.746682521415856, 66.2704797236487, 9.52815630613751, 82.81827025550297, 44.8617851202008, 18.738608986510048, 56.42394434227573, 17.44081728627053, 25.621802223587885, 70.26335768728153, 76.1843500682548, 64.74038364642023, 21.2354888532862, 68.58696501459438, 71.16856901655477, 17.329910918471906, 61.00349804730568, 71.19035478028765, 67.01056275355867, 79.56239804584636, 34.43164424697153, 18.082968155200238, 106.24985278171815, 100.09741673147406, 33.67896994016992, 103.78081866313227, 51.146408940940454, 94.55466652510134, 8.81327364056153, 54.94241810881799, 65.32906174466493, 74.81555131840389, 78.48608932165311, 33.86790534533653, 58.55026484475937, 30.21765161018629, 25.57555263780654, 86.20838698257299, 11.249583261055522, 73.7565053208602, 46.53549050524376, 65.4454217292183, 64.13609983974402, 18.899002757160076, 56.252713713900306, 80.90642773856081, 76.08038145356386, 61.800471329375235, 24.30349788657961, 11.068745859286711, 56.373844381533594, 46.60270622491068, 35.86057363331199, 79.66652172657221, 63.68614456773011, 18.904137507862977, 106.49188650468987, 87.08346959303535], [43.746707966544555, 0.0, 58.781127495835044, 53.957121568212834, 81.38686548311358, 62.7239476436934, 78.79007391329121, 52.974586684597156, 79.7009046277772, 40.79890605726892, 75.16615087708306, 8.69977506971506, 54.7307729529143, 19.031960236109988, 19.905287323035186, 57.070719345600075, 23.524877319682595, 24.404221268832423, 9.888315293783833, 34.754483777107836, 39.862725235028954, 93.136047974421, 4.64838468786, 37.76856127259196, 46.38327151218622, 26.731781375248808, 62.068435857145296, 26.519125838921696, 36.18819393981569, 84.49016426563202, 62.57897945572889, 57.62612998320512, 28.800206526454296, 56.956922564932434, 22.48624528432102, 27.67111700064832, 80.04879430994778, 39.5775066634118, 60.77324631605988, 55.81768207285388, 81.81743252031445, 75.47717988694849, 51.2970795393572, 76.1705632821484, 24.5114837829678, 77.83807684482335, 42.288667503256896, 81.69065912178435, 70.54801171785077, 78.13749438170174, 42.39554401784564, 26.753064827719736, 26.144656844656094, 24.24341293488917, 63.5052233622076, 57.83592350253967, 34.92304587809969, 38.7505384751825, 53.87793338892848, 55.112104795143004, 20.46166481175115, 37.68420438937621, 25.644127726068714, 38.38647293680508, 95.09238196618392, 39.77684412969357, 21.126461233508355, 32.850028639824984, 45.384802186787, 11.869912776386304, 45.59225111749968, 88.53237546094547, 87.48580205639846, 40.681975298483415, 80.60337075630714, 68.02231244264921], [66.77609057137448, 58.781127495835044, 0.0, 21.06438950667432, 37.489697743250225, 36.332260968408825, 26.59192643226181, 15.099590615767749, 28.589552169687323, 58.145880259134344, 24.219674028344993, 59.84397587722584, 79.08642072230484, 47.25991704132959, 39.48101894136925, 51.718648879140574, 47.562389781204644, 45.829503136500094, 68.39032515440543, 36.21191654739761, 57.24794080099352, 40.75727392970568, 63.42914227550388, 77.68068116112862, 12.582165788441033, 57.19550865169692, 60.50737264792843, 68.2412690762923, 54.33594078908244, 45.52970707050884, 68.85176639643527, 4.372724513910202, 78.30552624685852, 83.76177025431865, 48.164797044692044, 72.87755889079763, 34.62076187139262, 55.661175062575545, 46.81516037202178, 60.90598759376198, 44.82114064886181, 39.915057217715436, 37.65581530494096, 46.370936985812016, 35.314868679161755, 28.794589133308563, 58.29359964362757, 53.656786349101395, 20.479267537874566, 23.025063032252405, 46.37188312022257, 37.72210472292573, 38.95805265923342, 42.500048423138885, 63.19034008194422, 35.683456869359546, 56.9337966606512, 42.91481505949221, 23.93705571497219, 4.2847600502665735, 63.69150908702919, 77.73474438878601, 37.31079178457542, 84.79100898184011, 51.4434303706292, 23.05885783259714, 64.71343108192558, 60.47384482240672, 13.452807358360165, 70.63029053426077, 31.85968103172374, 35.81406449775758, 52.67180799069205, 48.133573683452745, 46.531580174316055, 24.108052276649413], [75.55577082985403, 53.957121568212834, 21.06438950667432, 0.0, 58.554074756177734, 16.35180169744778, 25.811968824543182, 32.459127785978595, 26.278680301417157, 67.48762604833964, 22.0894876530853, 51.90907638220045, 88.61322078615763, 37.37229801866975, 34.47486281917565, 66.84995890096276, 51.69748918702802, 33.819902987607215, 62.25372499578703, 21.877155302050458, 66.42572483219864, 60.56385366790602, 58.300632330340335, 82.06611333095044, 21.603058264125504, 62.012261597543464, 75.60061258622116, 55.049409518788195, 37.452336643199466, 66.51534135134385, 82.64672220184845, 16.723094450133665, 66.26788995752585, 92.87046762433408, 36.46130658481379, 60.03555639291706, 55.67697259867334, 37.9068048307239, 63.61668806558914, 74.26469425537576, 30.734849583271334, 24.541741611183042, 52.874944391165904, 28.839657871791175, 29.88792663314799, 24.06336530043956, 68.08132749347355, 73.7644138620371, 41.5214409618028, 42.77740605242007, 27.710815195742633, 42.125673484659394, 28.65081303277613, 46.50310558576662, 78.20895161031456, 14.75949702989733, 64.55046610721202, 25.507706023047188, 41.27323217970605, 17.803247095414843, 51.94630620254689, 82.07586303352168, 28.46577031018592, 70.98649694128387, 72.43662244353345, 14.850156504831089, 66.43660672083251, 66.8920720220832, 21.00488318546702, 65.38726589959228, 45.43386896158017, 55.72815975224056, 73.49775212417389, 58.719228002999586, 30.97880873034292, 14.084442111354983], [66.60859890858465, 81.38686548311358, 37.489697743250225, 58.554074756177734, 0.0, 73.40231577354407, 54.52157318506004, 30.903642964213255, 56.88259492700567, 59.10148614929878, 54.36213683837307, 85.78967846032656, 74.92651559824554, 76.9525473375154, 66.45577374037774, 41.000754074263625, 61.08768397281934, 77.46731903146299, 91.13484998445857, 70.64346515781146, 58.804556875857344, 16.820563824067765, 85.64728879541697, 83.60942637936685, 42.49565447117528, 66.71130495974587, 46.95650225285665, 98.74992133074309, 88.92933586805154, 9.15354851985299, 56.76238374320592, 41.83951942167465, 106.91250547130217, 79.7234736336746, 79.25412146067558, 102.71051390939455, 3.1191935342837485, 90.84306227626035, 32.984114500905555, 51.92542950168771, 78.07410811134768, 74.49735740519682, 34.11864599703097, 81.7929291062979, 63.836743623936, 58.88107191315681, 58.28821165449036, 22.718542765197093, 17.102744613269987, 20.272342475223375, 82.50857533250235, 54.737395861096424, 70.39894620121402, 58.06597710254841, 49.12891140100587, 73.12110377157987, 61.60760903389211, 78.47607642110178, 27.530468918276938, 41.0166073166908, 93.13354640222495, 83.73201943811665, 68.01186593643268, 114.96913952019213, 14.579611439999045, 57.29049148850918, 77.3780897328505, 66.35866639758379, 43.75280902416406, 91.97652559050024, 36.685025468524536, 15.227041802353897, 17.1445395612618, 50.03531251819748, 80.6430667360762, 58.79017045383392], [90.09049179978899, 62.7239476436934, 36.332260968408825, 16.35180169744778, 73.40231577354407, 0.0, 29.042277978709425, 48.750624258474176, 28.114138354717767, 82.34378498278348, 26.046387160992836, 58.61060487356705, 103.22267294653253, 44.132594360025706, 45.0865360237936, 83.02110689904288, 65.21740364878382, 39.26486599341136, 69.57197743264332, 27.97036946563664, 81.25110578112796, 73.20516143218809, 66.56945177829023, 94.71839225703415, 37.89688721292591, 75.39680565069342, 91.72846379051784, 56.65958188894571, 36.325621222532725, 81.74541007284603, 98.50514309884386, 31.987000048254444, 68.31155254423996, 107.28354461401726, 41.74539237408482, 61.645679436852305, 70.41135578484973, 35.26928518199386, 79.95009602883871, 90.0857919735589, 19.331114446298542, 13.25845022576283, 69.12635215811233, 13.884677249425847, 40.96560120261231, 24.86187868304181, 83.06194295234374, 89.76330261887794, 56.308490100522135, 55.92909095109628, 25.35722511487141, 56.2453794678157, 36.645520160595034, 60.2326090612974, 94.31479473772106, 5.004118304132668, 78.90756694377978, 26.18172859527052, 57.61158365594168, 33.655213118314435, 55.31657202816385, 94.70758989786415, 37.62050131790731, 70.89883592404209, 86.75710511366741, 28.297836440277198, 78.27596260118682, 80.75917983859519, 37.23243270400149, 73.1644305117967, 61.56968418865791, 68.60326471216771, 88.991715145345, 74.083711850912, 17.880201330785898, 17.1260374007835], [93.13449251475546, 78.79007391329121, 26.59192643226181, 25.811968824543182, 54.52157318506004, 29.042277978709425, 0.0, 41.505580777650586, 2.3680681136988717, 84.54676730705903, 3.7224917179723978, 77.45581771956172, 105.5910950283545, 63.06090623954035, 58.927160191472495, 77.88175533135592, 72.32912517728644, 59.630940309978534, 87.52991293657848, 47.67041765535919, 83.61740648568747, 49.12271070675347, 83.277885177949, 102.93227784166365, 37.07937084946749, 82.39095757273383, 86.58314764999164, 80.64861463525177, 62.062866716770635, 63.63725993455089, 95.20991076504995, 24.573848779438777, 91.98037944934563, 110.22983018320613, 62.27143702024357, 85.66192998480066, 51.41024692555273, 61.90389898012709, 72.36910444983684, 87.3813801389839, 24.47734537395464, 22.770227630287764, 63.98904199603854, 30.585393915532702, 54.29787814250494, 4.978647536039976, 84.7575092413385, 75.10459241894355, 39.14652500382885, 34.43082253618872, 51.47993128147808, 62.3343736983094, 54.27083868115002, 67.09051580242345, 89.263853954311, 32.173346546092205, 82.98196059411677, 50.34934108101632, 49.95613658253995, 27.72096031437833, 77.73531382038482, 102.97059390532993, 53.80637166810295, 96.30791415804079, 65.50517127506964, 39.01983327486348, 88.70874178421289, 86.2364101594994, 37.39321779401918, 90.4677523886406, 58.44850472860472, 45.241344632772964, 71.56448299932623, 74.63732141182797, 27.66958489660724, 12.8527481301241], [52.8683391606329, 52.974586684597156, 15.099590615767749, 32.459127785978595, 30.903642964213255, 48.750624258474176, 41.505580777650586, 0.0, 43.57734993464561, 44.207390948242576, 39.286846192360215, 56.16178429613913, 64.7627693505123, 46.24426171439512, 36.131090217730375, 36.62547641915621, 36.822997746768074, 46.57108261707055, 62.86270821052836, 40.11952058857461, 43.39581864755718, 40.29711065177715, 57.50305749764055, 65.4325177176851, 12.277350827897768, 45.42933673991274, 45.42386942480854, 68.05934363452533, 58.25057662117406, 36.94888418083729, 53.76796578886365, 18.363085631694897, 76.69565555883055, 69.5203447140459, 48.394870552444296, 72.16941562195426, 28.790131330273642, 60.32884025542343, 31.977669341419624, 45.877747973338245, 59.4758107660534, 54.23548070617616, 22.558811886638246, 60.16617823565781, 33.141387800325504, 43.888089346586376, 44.18549216284434, 41.7521554431369, 17.585337777329734, 25.520541646103222, 52.59626598308689, 27.94747201347995, 39.4965747071889, 32.3519100069682, 48.10581453487132, 47.013433276601994, 43.7624969343505, 48.275104352584826, 9.061021702357564, 15.724313024407905, 62.61167320258441, 65.50672715908463, 37.12787914539456, 84.41584430581635, 45.467786484185986, 27.093329932406238, 54.328292970342964, 47.74405046842295, 13.435897658991763, 64.3647868645368, 17.197324294074413, 35.60522242099171, 42.861578559837206, 33.99035833626188, 60.91313423946098, 38.77181839353619], [94.9541053269334, 79.7009046277772, 28.589552169687323, 26.278680301417157, 56.88259492700567, 28.114138354717767, 2.3680681136988717, 43.57734993464561, 0.0, 86.38665160183187, 4.711729817691668, 78.12277587932563, 107.47096294800649, 63.639853246763266, 59.889117487404384, 80.02647306267794, 73.84426816899644, 60.05373091552115, 88.31517650274047, 48.02972661939537, 85.44616062735315, 51.32268280935912, 84.1544815109018, 104.48227902643197, 38.74647769486134, 83.95592352020931, 88.74511794666391, 80.79585877211987, 61.913773721733534, 66.00055095925082, 97.31901824922188, 26.367580818941455, 92.19769960726214, 112.08907029311517, 62.698658537661444, 85.82053744898978, 53.77201209664211, 61.6243575344355, 74.58477910092928, 89.45303213768511, 22.325769540347046, 20.96891573772725, 66.09482059700692, 28.755987985799127, 55.254181131200085, 3.315654279929238, 86.62363137471041, 77.46677875443498, 41.50681221176587, 36.77679722590992, 51.2176944156624, 63.85554021524881, 54.88670581339402, 68.5935555289005, 91.42704267403843, 31.525321386816845, 84.71782179409564, 50.31030681592705, 52.10115761978082, 29.508770965299053, 78.05215694550574, 104.51764511832145, 54.53554438266003, 96.30461753644173, 67.80801410378378, 39.932712045932355, 90.07582584002647, 87.90402144366074, 39.00455736745549, 91.3195713632164, 60.44435934773145, 47.493263573809216, 73.92980235475562, 76.52783309718228, 25.605024816638494, 12.715276195919781], [8.662666254034779, 40.79890605726892, 58.145880259134344, 67.48762604833964, 59.10148614929878, 82.34378498278348, 84.54676730705903, 44.207390948242576, 86.38665160183187, 0.0, 81.79836754534672, 49.12947460083909, 21.225165558678192, 51.48241714949814, 42.27372427336089, 20.96222119720831, 19.782696068693145, 55.94976377539785, 47.292050115498164, 59.50174310842639, 1.1283298895407905, 75.0252850772093, 42.758444959540654, 24.643665485216896, 47.959531799890414, 14.319267466134644, 22.6060852815558, 66.96256065041038, 70.76634767879237, 57.94067932989234, 21.78171282556568, 60.02068714416898, 69.2410687897017, 25.725132933089697, 55.658911812161556, 68.4629807891877, 59.299264780257744, 74.07758046030783, 27.969804989759716, 15.498640352736418, 98.10551675807845, 92.00916443480584, 25.53261522392873, 95.92872171428627, 44.43795273974721, 86.03958489282734, 1.5392009214979665, 49.38852026129378, 56.92820832430997, 66.40082061120611, 72.14379655549385, 26.442281989095978, 52.22132421568097, 23.384734149904233, 23.4634148696742, 78.61702906554936, 5.900737690595281, 67.32408538383143, 37.990511628614314, 56.88373393789768, 60.66924228988737, 24.77692400635432, 49.77558122448092, 78.95175793690507, 69.35312560444275, 54.06001824772595, 24.22844345557525, 9.491905577988147, 47.95710438013918, 45.79690620583961, 27.231467407175046, 71.69898218858303, 57.64525869204795, 10.270575497307956, 98.46292822670208, 78.7225512325099], [90.3501799510043, 75.16615087708306, 24.219674028344993, 22.0894876530853, 54.36213683837307, 26.046387160992836, 3.7224917179723978, 39.286846192360215, 4.711729817691668, 81.79836754534672, 0.0, 73.75918294844678, 102.91044500168832, 59.34895477027709, 55.32245700592164, 75.84209364464185, 69.13500158240197, 55.908483542265365, 83.86309862918353, 43.94950731885764, 80.85008715541727, 50.10999194394922, 79.64113342617432, 99.77595427804269, 34.078317554911685, 79.25236745916803, 84.59521972600672, 76.94895379049412, 58.45176042487145, 63.40706280056928, 93.05481081226775, 21.7861945846185, 88.26929620369302, 107.51142606813485, 58.54904038300525, 81.95988415206304, 51.24294400897576, 58.350118129365114, 70.58600610383888, 85.12565512822535, 23.814406779647726, 21.18176345972504, 61.840231273814865, 28.96058450801214, 50.68984025175766, 4.750299652353333, 82.05543006264418, 74.35387929994148, 38.43471937719952, 34.57781695124546, 47.92430705447408, 59.147200942572084, 50.56321382851922, 63.883494106703566, 87.27876347492466, 28.901023977970194, 80.06739584834021, 46.70359691125194, 47.94240581621597, 24.916410548024682, 74.01545189871504, 99.81094887251092, 50.12097622716027, 92.64088878256565, 65.92055411569844, 35.38943834536266, 85.37010569349944, 83.22548453913461, 34.31723101357623, 86.82259170541766, 56.02061941639644, 46.005680956151636, 71.2637713028711, 71.98277588521132, 26.679501661379245, 9.37087961763483], [52.38654980682664, 8.69977506971506, 59.84397587722584, 51.90907638220045, 85.78967846032656, 58.61060487356705, 77.45581771956172, 56.16178429613913, 78.12277587932563, 49.12947460083909, 73.75918294844678, 0.0, 63.42921816714452, 14.6918573012563, 20.477796890878068, 64.45400142190081, 30.965141281756036, 19.35068010264085, 11.024723937069206, 31.025955906308887, 48.15841424823216, 96.44044726732938, 9.604692700293853, 46.125944457587934, 47.95771911716624, 35.24190150836475, 69.9218803025623, 17.899218189155196, 28.80134727367523, 89.61576618893922, 70.89861512492892, 58.0793466116686, 21.73024366865676, 65.62149508886377, 16.938617480269652, 19.50271043830574, 84.19976306726315, 32.090778466350656, 67.57086893799277, 63.914922984697085, 77.92135731952999, 71.6980220905852, 57.49268521565551, 71.58308496475297, 24.533304528870282, 75.97129208743236, 50.59525537222808, 87.93769854039158, 73.67182831012862, 80.59647256166015, 36.31859409734729, 32.211851280590366, 23.25996605378804, 30.673421429352903, 71.47937507977517, 53.62424154779192, 43.295221784630115, 33.29616568529873, 58.326511789643874, 55.883908823500114, 11.767296614205078, 46.0328113815337, 23.68925401086491, 30.909095995468615, 99.8562662225383, 38.80409209842148, 29.742614235379982, 41.438696544079136, 46.8312728080961, 14.825313297558058, 51.121394509941645, 91.69412609570568, 93.1721216314286, 48.21769029445813, 76.3621502341724, 65.93679276395416], [13.136760522114768, 54.7307729529143, 79.08642072230484, 88.61322078615763, 74.92651559824554, 103.22267294653253, 105.5910950283545, 64.7627693505123, 107.47096294800649, 21.225165558678192, 102.91044500168832, 63.42921816714452, 0.0, 69.16249305015636, 61.34210457291705, 33.925986285566836, 38.77612733348672, 74.12055437428343, 58.31285204688101, 79.26397757991303, 22.245128609430015, 91.57544604793976, 55.12920635716413, 21.540294675987774, 69.1652008890601, 29.696738474888733, 29.3660114972826, 81.09884028288668, 88.51977548928713, 71.70578390682807, 21.04467942838532, 81.12425055128755, 80.73512751918472, 4.879393894030978, 73.3714186309403, 81.51384611160049, 75.75880674926943, 91.9247588272069, 41.94837017343788, 23.108339304744984, 119.27739986890133, 113.15079307659477, 44.06581962205662, 116.90169087087276, 64.15078159839705, 107.19524139638584, 20.860755960427014, 60.00871550430067, 75.85004183720235, 85.31409025828427, 91.2979409481456, 47.00466339990816, 71.40553846135715, 43.31063137208291, 28.09801778808045, 99.344821125262, 24.36991455772008, 86.61568491194527, 57.73871904999899, 77.99720584821834, 75.17698311433396, 21.710013700908487, 69.17001463782725, 90.37680632889126, 82.70675087200141, 74.92974529343185, 33.96836531159465, 23.441611000007075, 69.17770439914645, 55.603191825289954, 47.57389046072157, 88.8710349109566, 69.31413028850137, 30.956612541967317, 119.5690687721411, 99.9474621950255], [56.78871822090904, 19.031960236109988, 47.25991704132959, 37.37229801866975, 76.9525473375154, 44.132594360025706, 63.06090623954035, 46.24426171439512, 63.639853246763266, 51.48241714949814, 59.34895477027709, 14.6918573012563, 69.16249305015636, 0.0, 11.213660863906398, 62.603972445306184, 31.713112048997683, 5.437680277154673, 25.495935562156543, 16.35574385079304, 50.38688711021016, 85.85448214218863, 22.52624152787544, 55.076625873749194, 36.277408475844396, 39.490840949426, 69.45664773177809, 21.816030131717255, 19.39563599657276, 81.94545710569582, 72.43260751498566, 44.96733020930169, 31.082642529845398, 72.16942235050617, 4.215180552162641, 26.01736598156847, 74.9929630756693, 22.779170660012575, 64.00047641368819, 64.59439705711121, 63.39374030458488, 57.12864307001762, 52.881470926313916, 57.353015867372854, 13.11816734442831, 61.40916953905727, 52.7563401794151, 82.54907520033024, 63.18291553926169, 69.15680582238998, 23.58947092001643, 28.247645303022427, 8.82427746609644, 29.003967191747787, 71.43287661780506, 39.175856159836094, 46.185363378493214, 19.73966326997066, 50.2880178757695, 43.1046956016844, 16.561053647418507, 55.019903840589265, 9.962214442304148, 38.22012482921422, 91.40698633835645, 25.0099283811084, 37.92547626629464, 45.82926515773943, 35.04963965411233, 29.033825858567464, 45.434417412445825, 80.97646308659095, 86.50821166284064, 47.58913466899127, 61.96355878843174, 51.3424206411277], [48.49146979636818, 19.905287323035186, 39.48101894136925, 34.47486281917565, 66.45577374037774, 45.0865360237936, 58.927160191472495, 36.131090217730375, 59.889117487404384, 42.27372427336089, 55.32245700592164, 20.477796890878068, 61.34210457291705, 11.213660863906398, 0.0, 51.74185684079685, 22.70821246086367, 14.211785545939385, 29.10203541191636, 18.264349878714462, 41.15139547055127, 76.25680888707942, 24.46694845826965, 49.95918839562045, 27.481350098825068, 31.89002091380947, 58.886067077956326, 32.49764037588271, 29.0419732745525, 71.09184704753918, 62.4942034761433, 37.97336291505713, 40.571153886004815, 64.80003597911285, 14.725525793217624, 36.27305314399816, 64.64149743868317, 32.204092752017885, 52.85848482715314, 54.43413620937604, 63.57705689537108, 57.18393035483237, 41.68448618836399, 58.91341058341125, 4.635337985148199, 58.12110854156829, 43.42126802393071, 71.35559724048211, 53.47877427523727, 60.16443890908751, 29.996273867579173, 17.435779006763752, 10.06425692759841, 19.01829615413458, 60.96730507719526, 40.483700543707684, 37.43300257500083, 25.275475608719514, 39.42930929943107, 35.616310600618, 26.69891273367023, 49.93482335864215, 7.94312898405311, 48.527276403581595, 80.80106285565681, 19.966824902071373, 33.23947050841907, 37.93924356330404, 26.361889784636286, 31.705628241098033, 34.22223754536308, 71.45778472316852, 75.45535726873975, 37.25290551527887, 62.796481246751284, 48.4417495573897], [26.72258827908326, 57.070719345600075, 51.718648879140574, 66.84995890096276, 41.000754074263625, 83.02110689904288, 77.88175533135592, 36.62547641915621, 80.02647306267794, 20.96222119720831, 75.84209364464185, 64.45400142190081, 33.925986285566836, 62.603972445306184, 51.74185684079685, 0.0, 33.57435337856687, 65.91373999769218, 65.12325939249901, 65.71497001967252, 21.16617727360231, 57.67640622143801, 60.02900528858192, 45.0769630298498, 45.2939250760564, 33.339425331072434, 8.831167715604158, 81.47362550583756, 80.57529151511287, 38.197422611689404, 17.56586891435822, 54.86815822616609, 85.825783974711, 38.7263917421526, 66.41563679023176, 83.88320695378006, 41.888511072976705, 83.57570400276077, 8.02878947548204, 11.033000013126337, 95.75066762555598, 90.22973536953612, 14.167017162820718, 95.55765474166706, 52.11169380069028, 80.48038569680425, 19.68580607539066, 28.468924704108975, 43.50655641470282, 52.738571283984456, 79.16353679197385, 34.3649096178532, 60.449509826663075, 34.17974478597827, 11.501350497956732, 80.27382531842315, 25.610760392367546, 74.27121131983671, 27.926346702123983, 52.030019608925514, 75.1160725074038, 45.22461545630539, 57.72413125486964, 95.28926326702147, 49.4576844498962, 56.366138294591245, 44.24443644153417, 30.12095219054143, 45.84510937253161, 64.35408777659816, 21.455962756391788, 55.11022343144287, 36.99104223215748, 16.422925713224984, 96.90971192152342, 75.17340555815069], [25.815600505121, 23.524877319682595, 47.562389781204644, 51.69748918702802, 61.08768397281934, 65.21740364878382, 72.32912517728644, 36.822997746768074, 73.84426816899644, 19.782696068693145, 69.13500158240197, 30.965141281756036, 38.77612733348672, 31.713112048997683, 22.70821246086367, 33.57435337856687, 0.0, 36.179841481796046, 32.04852334710165, 40.487940995275345, 18.680683907107273, 74.74077144692626, 26.74597240350941, 30.66833565998924, 35.473453181313964, 10.315970947138126, 39.02542378475516, 48.34938952116122, 50.984076559825844, 62.884870985126405, 40.89791788672422, 48.153740055326324, 52.25175315663228, 42.44985129972842, 35.88131620482776, 50.45546352655943, 60.26407869379309, 54.29921679139663, 37.381171354346286, 33.36694528520488, 82.34197582592077, 76.04018117501002, 28.641399274176802, 79.05604130032195, 25.376890118966816, 72.88264613710876, 21.043310020368793, 58.65117063688364, 53.30268586947136, 62.08352109092372, 52.70026099922991, 9.995168567376108, 32.752787806245955, 5.265848599189785, 40.69146020131207, 61.078412766657614, 14.72741465572737, 47.95060098324435, 34.5514966114826, 45.08561596303344, 41.983293976338366, 30.69762480176598, 30.43719782656996, 61.72767013209778, 73.93483256353457, 37.21866596248233, 17.507247855228194, 15.612082271515662, 35.00959431501204, 31.909075902765714, 24.403604749904943, 70.55046631491476, 65.04413044274945, 17.256304345213643, 82.20689149293032, 64.38110391479651], [61.59304454394495, 24.404221268832423, 45.829503136500094, 33.819902987607215, 77.46731903146299, 39.26486599341136, 59.630940309978534, 46.57108261707055, 60.05373091552115, 55.94976377539785, 55.908483542265365, 19.35068010264085, 74.12055437428343, 5.437680277154673, 14.211785545939385, 65.91373999769218, 36.179841481796046, 0.0, 30.341413847415616, 12.082977506814165, 54.84030409131107, 85.39543048661155, 27.73481535918164, 60.439353116501245, 35.74101772844376, 44.423816333848016, 73.09733959789213, 22.415682682487873, 14.889144705452068, 82.96616993857386, 76.55745581561143, 43.126156552589286, 32.89940511587933, 77.23677883134086, 2.645749324694685, 27.125108564855537, 75.34012807810262, 18.14158947146393, 66.75699463187573, 68.56839161873594, 58.583546279213984, 52.382121291623704, 55.42128667865788, 52.27688331441842, 14.411856548564845, 57.66558385242444, 57.17166387278378, 84.50222545943933, 62.94985124243398, 68.29804897299785, 18.155228788956393, 31.646340246309016, 7.108241430556552, 33.01267978943173, 75.1708810814461, 34.27538775782459, 50.813551894211614, 14.347290334756789, 51.486964136247416, 41.5801006639121, 18.31699759386242, 60.385193958813055, 9.47990656301756, 38.96160426157645, 92.01436998158357, 22.913575796736524, 43.28819731165464, 50.71689152040263, 34.47564319205402, 34.015003376527844, 47.712161966149026, 80.47077442116313, 87.93023940560624, 51.42142875020225, 57.013835024285406, 47.55486213289897], [48.746682521415856, 9.888315293783833, 68.39032515440543, 62.25372499578703, 91.13484998445857, 69.57197743264332, 87.52991293657848, 62.86270821052836, 88.31517650274047, 47.292050115498164, 83.86309862918353, 11.024723937069206, 58.31285204688101, 25.495935562156543, 29.10203541191636, 65.12325939249901, 32.04852334710165, 30.341413847415616, 0.0, 41.844233200520314, 46.4763111308676, 103.01713454789682, 5.493928079963007, 38.99047004993838, 56.081584204674584, 32.97621954882399, 69.3832443446307, 24.253675832597306, 39.21071081908667, 94.02699076598824, 68.81832133000705, 67.0582200406375, 22.47850815738462, 59.80480688063036, 27.958434171071538, 23.55678729297555, 89.8463839251779, 42.37621755341051, 69.4105158415907, 62.70279966994304, 88.86452456475122, 82.61589468444191, 60.43243880379464, 82.59999093293324, 33.58609957504508, 86.29060610515391, 48.825369938724855, 90.66499746384645, 80.43626548374998, 88.00242547184104, 47.25349312120735, 36.41491933319331, 33.749318953934115, 33.541151904968636, 70.58090219613949, 64.59429426565973, 41.41565644583423, 44.31595117083346, 63.65657048895482, 64.63443177112369, 19.597807348262457, 38.87001835105088, 33.80010550309661, 32.19219169647187, 104.73398862625345, 48.574011210101744, 24.558634734261794, 38.4784788553749, 55.05250124122911, 3.99977502655517, 55.09047425292647, 98.41891022207628, 96.77504325394285, 48.71763710123118, 87.35217884476106, 76.33147225762322], [66.2704797236487, 34.754483777107836, 36.21191654739761, 21.877155302050458, 70.64346515781146, 27.97036946563664, 47.67041765535919, 40.11952058857461, 48.02972661939537, 59.50174310842639, 43.94950731885764, 31.025955906308887, 79.26397757991303, 16.35574385079304, 18.264349878714462, 65.71497001967252, 40.487940995275345, 12.082977506814165, 41.844233200520314, 0.0, 58.37362521962761, 76.7450428346511, 38.627654260539266, 68.14112479172445, 28.149897200575367, 50.04893207368349, 73.67960491677904, 33.351180935378444, 18.356795547443234, 77.0681726922064, 78.55572046302808, 32.94635717913965, 44.427241916348315, 82.86779383393423, 14.724435048513472, 38.2890545822499, 68.22732335860229, 20.219979410734396, 65.08993749078627, 70.230826844483, 47.12963578555591, 40.829063612162635, 53.53043789365876, 41.48143883862019, 15.124781329662316, 45.601152962356295, 60.51435393890504, 80.5898948027319, 54.97360890406806, 59.180016557243555, 13.47541707069237, 33.28679128331083, 8.79281224704957, 36.16622381184542, 76.00097863643474, 23.088765497205582, 55.073451885184426, 8.63787662267152, 46.656731839895016, 31.935151630150735, 30.06955152329612, 68.11155147530538, 10.332251032526678, 49.571914513111516, 85.19982570095434, 13.473723464927158, 51.256507255564784, 55.97447399181945, 26.897700273876822, 45.32941174817393, 45.49034744126667, 71.78918968355154, 82.80463243934305, 53.10939920835855, 45.84907404200519, 35.48802117158144], [9.52815630613751, 39.862725235028954, 57.24794080099352, 66.42572483219864, 58.804556875857344, 81.25110578112796, 83.61740648568747, 43.39581864755718, 85.44616062735315, 1.1283298895407905, 80.85008715541727, 48.15841424823216, 22.245128609430015, 50.38688711021016, 41.15139547055127, 21.16617727360231, 18.680683907107273, 54.84030409131107, 46.4763111308676, 58.37362521962761, 0.0, 74.63855075111299, 41.891032005368835, 24.837962456411617, 46.97498087356616, 13.504371447148555, 23.221981484776606, 65.97547574928463, 69.66193659023021, 57.81623337906691, 22.740240294795083, 59.07865408150787, 68.36000650799173, 26.70263607649623, 54.56048981140473, 67.51741914993863, 58.94534029094768, 72.97036231731606, 27.985045245525228, 16.243188642696587, 97.0564496486976, 90.95189524043185, 25.080392925205746, 94.84567660891507, 43.30965276240509, 85.07582683502362, 2.4396998707807045, 49.52166903289311, 56.328268932281944, 65.79059635033347, 71.01701727546936, 25.32202917692666, 51.095760592389325, 22.25698746222021, 24.177784957421217, 77.51356448200097, 5.064554357641155, 66.19661452826432, 37.31789595969785, 55.93917746224765, 59.674027863614185, 24.96602345048098, 48.648413763486545, 78.06273652184323, 69.23450783447333, 52.96388044988771, 23.6421296345466, 9.031583325127096, 46.958112310080864, 45.046661480556935, 26.490328489548283, 71.2598479213445, 57.67683357432065, 9.562330450273835, 97.39851442682328, 77.71241907169028], [82.81827025550297, 93.136047974421, 40.75727392970568, 60.56385366790602, 16.820563824067765, 73.20516143218809, 49.12271070675347, 40.29711065177715, 51.32268280935912, 75.0252850772093, 50.10999194394922, 96.44044726732938, 91.57544604793976, 85.85448214218863, 76.25680888707942, 57.67640622143801, 74.74077144692626, 85.39543048661155, 103.01713454789682, 76.7450428346511, 74.63855075111299, 0.0, 97.60646031474162, 99.27458118176399, 49.68118345040136, 81.42027190123558, 63.77674548056111, 107.52597136177735, 95.00462090712313, 23.115578835745346, 73.58278723921262, 44.57782594240414, 116.70340131837149, 96.39490273466903, 87.5018012438778, 111.87031661135613, 15.842993710369997, 96.40807182201792, 49.68935088256609, 68.65069589236705, 73.59596440612748, 71.26643630775719, 49.603677680326776, 78.99594372260142, 72.93020022918218, 53.995616468348196, 74.31827745750874, 37.95161645992755, 22.78044139015753, 17.836772999626234, 87.08541948772752, 67.20653637159819, 78.31301832973794, 71.08726689965788, 65.94536519063213, 74.06770319423472, 77.04430966576486, 83.66985451324406, 40.195782751210125, 44.956522752440634, 102.38999300602124, 99.38852050810746, 76.2461923820463, 124.04217143515339, 18.416446773805752, 63.341471565921, 91.69820527115725, 81.71824873687895, 50.938221556977275, 104.32025886993328, 50.68396695259381, 4.9559145912879154, 30.058889449608433, 65.53480160960375, 76.6991206555898, 56.79445500480788], [44.8617851202008, 4.64838468786, 63.42914227550388, 58.300632330340335, 85.64728879541697, 66.56945177829023, 83.277885177949, 57.50305749764055, 84.1544815109018, 42.758444959540654, 79.64113342617432, 9.604692700293853, 55.12920635716413, 22.52624152787544, 24.46694845826965, 60.02900528858192, 26.74597240350941, 27.73481535918164, 5.493928079963007, 38.627654260539266, 41.891032005368835, 97.60646031474162, 0.0, 36.89682738660282, 51.030001145854364, 28.466857297643532, 64.56773511272458, 26.120364860866896, 38.34731385201677, 88.539554458372, 64.44283856847773, 62.25876903247673, 26.496505637384804, 56.98759336242454, 25.59003041681757, 26.418075196036238, 84.37027720267866, 41.66157945324277, 64.12711405449745, 58.04818204675551, 85.75588663467094, 79.44364108032345, 55.010152324434245, 79.87414787405463, 29.049278580416317, 82.24428156285197, 44.279164630740254, 85.29208352705179, 75.06294058191129, 82.72175584135869, 45.3899832916314, 30.92265421415861, 30.17845644354473, 28.072120192112493, 65.86141511413987, 61.640287598196544, 36.858583075637924, 42.02487280598973, 58.17691584708695, 59.7546971899889, 20.57557617070803, 36.79440761211405, 29.88343911554368, 36.22589872508921, 99.24020804323975, 44.258181842602376, 21.1625760048753, 34.26363561452733, 50.03294379941797, 7.244683423976844, 49.604080182681244, 93.02743448561655, 91.32723119850354, 43.60660224433902, 84.43133052966853, 72.38023978661768], [18.738608986510048, 37.76856127259196, 77.68068116112862, 82.06611333095044, 83.60942637936685, 94.71839225703415, 102.93227784166365, 65.4325177176851, 104.48227902643197, 24.643665485216896, 99.77595427804269, 46.125944457587934, 21.540294675987774, 55.076625873749194, 49.95918839562045, 45.0769630298498, 30.66833565998924, 60.439353116501245, 38.99047004993838, 68.14112479172445, 24.837962456411617, 99.27458118176399, 36.89682738660282, 0.0, 65.9362819397284, 20.54956004208985, 44.33227701428686, 62.89859249606217, 73.66586003862186, 82.57638050963882, 38.96460569204222, 78.60431285667717, 60.89815140220381, 21.621799925948977, 59.09154624384907, 62.54698479809804, 83.66879983832838, 77.08764243368596, 52.47790274131332, 36.81049132626544, 112.5059340965111, 106.14988682161308, 49.67791996620412, 108.60132387133716, 53.80490521480732, 103.54997667041202, 25.654030751796633, 73.48815267523679, 80.0740457196458, 89.40839049199428, 78.49731652925942, 40.63544638423267, 59.525931488456614, 35.93326917455482, 44.144913134235225, 90.28114435332638, 22.313813301625277, 74.23096844177816, 60.77621699555836, 75.49792326013659, 57.47164284568603, 0.17471472713967634, 57.8246252103285, 70.33056282545557, 93.98425252363073, 67.35476034465741, 17.15189511979305, 17.838661373587385, 65.55139310924233, 35.76313073922172, 49.70116131517319, 95.74094798820913, 82.04331445636208, 33.742301803131625, 112.12796451769009, 94.99805377692932], [56.42394434227573, 46.38327151218622, 12.582165788441033, 21.603058264125504, 42.49565447117528, 37.89688721292591, 37.07937084946749, 12.277350827897768, 38.74647769486134, 47.959531799890414, 34.078317554911685, 47.95771911716624, 69.1652008890601, 36.277408475844396, 27.481350098825068, 45.2939250760564, 35.473453181313964, 35.74101772844376, 56.081584204674584, 28.149897200575367, 46.97498087356616, 49.68118345040136, 51.030001145854364, 65.9362819397284, 0.0, 45.387070293412954, 54.07378907198671, 57.85654940194356, 46.44175281172838, 49.0562223657872, 61.40556502854435, 12.68240761750416, 67.29878502911107, 73.67749122523337, 37.821040865754746, 62.25766366919422, 40.11175141908862, 48.359752572247544, 42.06944910897795, 53.100625432892414, 50.92725090498641, 45.15943577764733, 31.276107035781745, 50.26690661782191, 23.63248211540504, 38.161930094343525, 48.32314905292019, 53.897143603842295, 27.23178252297438, 32.90101900917164, 40.365635124765305, 25.514143158336495, 28.6448294422906, 30.305479333622703, 56.699504744243136, 35.59886581675451, 46.002127813970375, 36.12117952976804, 20.237765035543898, 9.61955569903079, 52.8384089866913, 65.97979910083113, 26.57147697305545, 74.3907422638163, 57.05837964556003, 14.892704536523112, 52.378061464437714, 49.16256033679564, 1.2741947403706904, 58.200185642733466, 23.955799244054397, 44.77191568517991, 55.12354798162206, 38.447446680113046, 51.80736166555955, 30.89236109777486], [17.44081728627053, 26.731781375248808, 57.19550865169692, 62.012261597543464, 66.71130495974587, 75.39680565069342, 82.39095757273383, 45.42933673991274, 83.95592352020931, 14.319267466134644, 79.25236745916803, 35.24190150836475, 29.696738474888733, 39.490840949426, 31.89002091380947, 33.339425331072434, 10.315970947138126, 44.423816333848016, 32.97621954882399, 50.04893207368349, 13.504371447148555, 81.42027190123558, 28.466857297643532, 20.54956004208985, 45.387070293412954, 0.0, 36.58717267564912, 53.13949644254866, 58.87160772732956, 67.23697708985233, 35.980749114003956, 58.057182905298625, 54.961673988248535, 32.941004060467705, 43.703976934379256, 54.384654180136266, 66.29725488112496, 