instance_id,num_cities,city_coordinates,distance_matrix,best_route,total_distance
569,70,"[[45.99071854251815, 62.5297338955775], [99.65187222539271, 36.40243958871995], [10.47260566696554, 52.892333195135244], [54.29746933650349, 89.28450896271382], [80.50766398758759, 70.52842608974386], [97.54088891521718, 24.950921052208162], [1.9865211501068125, 89.96953024066627], [35.87295179051587, 66.88873381323447], [48.98224714652189, 65.26688629909239], [10.742593049792582, 81.95084202470223], [41.20865432175286, 91.83880439219224], [87.17557382765541, 56.3528082988278], [69.28610563240268, 80.55900968875743], [56.93081187541165, 77.75128331386647], [93.78318398249952, 78.48066575456002], [58.29082118812242, 12.36148782248343], [71.48214868192603, 78.12073902218233], [3.2133148056618155, 61.22233894101458], [4.491889808570038, 75.61571649094124], [82.03915057377253, 16.700156842524073], [44.466980620112906, 79.05668993419347], [31.27451393536077, 53.66999048223439], [16.203439012826603, 89.27996423039512], [81.83451742635755, 90.5958581326023], [17.034622409893917, 13.354364733415892], [53.97933901910557, 46.56439205572395], [99.32213839294394, 39.824392517055784], [45.51899594862843, 75.43350177284691], [52.299750205481224, 72.61633085533003], [65.45003044878528, 75.85854801308417], [70.456209819051, 89.76652648609044], [82.77809572389933, 45.35329215015245], [49.766718500176324, 9.53601418231571], [15.662906831349721, 20.73564415580845], [59.01983088870368, 95.3619283549863], [51.68814678973516, 21.845474728924962], [39.92056081305462, 37.79170971408761], [35.25736194746483, 73.2237004665086], [8.571568457821954, 55.81377312873245], [60.528965255789736, 7.839837883327283], [3.604650977661461, 47.89737451616494], [29.2202128254185, 25.032480293883708], [23.84261796406659, 63.43321390375816], [61.671473858811055, 70.71462200010984], [93.14574804526265, 55.23078973827933], [65.33433357070757, 97.41764656095324], [60.34714000251829, 23.966037485927284], [61.61031735946976, 48.36534843883099], [56.49561110119199, 78.6255354578858], [35.158746124806164, 93.73588776613136], [39.6098710685461, 49.71454578161546], [50.10076614715883, 33.77765704739269], [35.92169379341363, 12.986801419490346], [64.61146844573793, 88.72795339135509], [91.2582643740715, 31.237889380136096], [10.055983235119237, 27.474822716822157], [35.6119912914209, 64.45426905497258], [45.77552317832052, 78.56353180835079], [89.35800954910562, 92.32491887665434], [0.3327514360196737, 56.60552247044838], [29.59797348557839, 18.18287355249282], [48.73235905314741, 29.589264344645393], [93.8969785920712, 98.12701781781409], [94.47777125107693, 89.84059807956828], [10.901089314382496, 74.4730516604703], [42.89293912044929, 52.253575571150805], [80.71577234985978, 11.545146917624471], [77.08844434914491, 32.15310168946808], [64.59778002737208, 71.68075359706634], [93.23930628418474, 42.82965242439209]]","[[0.0, 59.683791119316744, 36.80238897818158, 28.014640773110674, 35.4316045314761, 63.793316579178395, 51.85857510200457, 11.016809171899832, 4.054780717701009, 40.24437590165966, 29.696628623247058, 41.6454885273961, 29.45725454440896, 18.745164945282127, 50.38404489520187, 51.654094117919826, 29.88130605261642, 42.797377863991, 43.51316728044191, 58.308143383010645, 16.59704953172463, 17.17736101355493, 40.035694632986925, 45.52455653944624, 57.06726237937694, 17.852456334698882, 57.963547772523384, 12.912387371668956, 11.897197937025325, 23.586481417210898, 36.611516412472255, 40.59976934564019, 53.128076426010246, 51.6383781732536, 35.32294950241214, 41.08125646291186, 25.47187969633463, 15.15143111447782, 38.01706093430713, 56.589268800071046, 44.8406586104718, 41.07668304131932, 22.166520596575108, 17.68837133749637, 47.71657356952677, 39.891626847067556, 41.14930762373556, 21.085579967594157, 19.220499358822273, 33.03264545643834, 14.31587443652428, 29.044352538769697, 50.555785205337386, 32.14154681572124, 55.03026657022791, 50.201115519112214, 10.55565322149305, 16.035241954907484, 52.616299540224496, 46.040702007112436, 47.27965855197011, 33.054366230884064, 59.6839708345191, 55.64959643015345, 37.06649320614558, 10.73292445032934, 61.68676901277314, 43.47192582034276, 20.735570854890188, 51.191036847804796], [59.683791119316744, 0.0, 90.69100382645405, 69.66731746438629, 39.12906418150722, 11.64446337655423, 111.39099605252072, 70.69062757807443, 58.31438235572134, 99.89753194145989, 80.55308970831591, 23.530304574710303, 53.589947413479265, 59.454317545770486, 42.48551069430448, 47.84040034044644, 50.3383534905083, 99.5812369930037, 102.92280281346929, 26.427029901002836, 69.74781239595124, 70.52397777056758, 98.79106041471096, 57.04721505478697, 85.77192851750644, 46.78937451410362, 3.437802531270163, 66.73673732822616, 59.61266124288064, 52.216381269744026, 60.828549824364416, 19.100840164737598, 56.65980388517377, 85.43766609112429, 71.60435809897254, 50.12408785799946, 59.74746550707359, 74.17855624480924, 93.12583746842, 48.43990158880496, 96.73263274819325, 71.34349739254593, 80.48419591279348, 51.1843386390479, 19.92075352996682, 70.00392089862021, 41.22530863891996, 39.87820312869037, 60.37592814190908, 86.29303328854581, 61.50003312364715, 49.6205763465686, 67.89571233770343, 62.974513033059694, 9.855213423297567, 90.039578336245, 69.91431531840246, 68.41212380707218, 56.86200223794187, 101.35310706781543, 72.38439966730814, 51.37330219681165, 61.992276601931685, 53.688062954305224, 96.57159505172817, 58.930764454102885, 31.248373996620295, 22.960077310598383, 49.732774094140574, 9.079100549358905], [36.80238897818158, 90.69100382645405, 0.0, 56.964981635667364, 72.22147302956509, 91.44183102026496, 38.03593263192588, 29.001324339734666, 40.44900556758624, 29.05976305107989, 49.61383179731882, 76.78098861438997, 64.99594423029194, 52.69091311708374, 87.15167940114775, 62.68437733797489, 66.01997273150374, 11.049266922985908, 23.49725751203698, 80.19753100337023, 42.8974485491139, 20.816439139845897, 36.836152665502965, 80.70983981315695, 40.0788100349098, 43.964516215216875, 89.80540373045773, 41.66957826308602, 46.24441700297726, 59.581576504023666, 70.41121287076945, 72.69746235083647, 58.51322672430975, 32.57287024732343, 64.5019347754144, 51.60066133940151, 33.093970626119216, 32.056959291349216, 3.485506241016487, 67.3451295128768, 8.492256108888538, 33.58041360446667, 17.0254925020703, 54.21215806785313, 82.70620804816504, 70.65629992370474, 57.65587358322457, 51.33769714478332, 52.72868979876579, 47.724223206859776, 29.31004210040764, 43.9972947722588, 47.329774484617246, 64.92463429104907, 83.63753696563501, 25.420924711069677, 27.67068973484516, 43.64981584213951, 88.19203909185174, 10.79835257894144, 39.62986604672612, 44.79778730051436, 94.89890774324182, 91.77168475507139, 21.584971802533296, 32.42662536461782, 81.50884785535887, 69.76951832122538, 57.29344849757352, 83.37616131337708], [28.014640773110674, 69.66731746438629, 56.964981635667364, 0.0, 32.229876642417274, 77.51647483147978, 52.31543323256652, 29.00057915539692, 24.598735441907866, 44.16797390766727, 13.335722838729662, 46.53457492603639, 17.343400923422145, 11.830037480686762, 40.93708207934948, 77.0266060549935, 20.492509936318356, 58.284442439279346, 51.64718423834634, 77.70514172548648, 14.186147838058274, 42.408140751504504, 38.094030594777, 27.568254463210078, 84.58076946775739, 42.721301425000256, 66.8844073193449, 16.398536373572348, 16.78746684720242, 17.45382613595541, 16.16592820951404, 52.35549531854992, 79.87709385599894, 78.68656992320876, 7.6964748488686885, 67.48949475688211, 53.462172357199776, 24.909340796936036, 56.6669936421121, 81.68271536023728, 65.44201044328685, 68.97240014805139, 39.94730814889042, 19.980406514856035, 51.66086092633426, 13.709861389384981, 65.59802764741495, 41.567480609080604, 10.883268966367293, 19.64956741064487, 42.20790837075896, 55.66527577591657, 78.47935590434773, 10.32900439196824, 68.81504497399975, 76.01148864661542, 31.07551936250219, 13.695361166005934, 35.19212372739501, 63.088088703339764, 75.26956658104162, 59.9540881214696, 40.574759347830025, 40.184149823682446, 45.854389827371214, 38.7473010324496, 82.10563406540983, 61.5095621757164, 20.395798667911585, 60.617822138838385], [35.4316045314761, 39.12906418150722, 72.22147302956509, 32.229876642417274, 0.0, 48.65634302824056, 80.8920663792876, 44.782863829629136, 31.96147224349275, 70.69396515082995, 44.705082307371214, 15.665540571247744, 15.051112226530645, 24.65841888685232, 15.475062094285178, 62.26540621696316, 11.794199514880335, 77.85255084759405, 76.18581526545152, 53.85005126566596, 37.03595741701722, 52.03950341036725, 66.9824867576964, 20.11124980807303, 85.42657841152707, 35.74950283314512, 36.01002811415961, 35.33081740630198, 28.28507992297182, 15.973181508595497, 21.705672939628066, 25.277306603861476, 68.30139119919428, 81.75673466676557, 32.83945502049772, 56.57379538900648, 52.144084450303126, 45.33050119608631, 73.42562803157062, 65.79519355036211, 80.16381917879697, 68.55861529065275, 57.10752557073291, 18.837110380428726, 19.842853791491525, 30.874911068521673, 50.73955813608729, 29.12579132905456, 25.340518225535785, 50.94222834531574, 45.88950946708731, 47.69904046710488, 72.79386861438329, 24.164267559907824, 40.734772413736444, 82.5654412223454, 45.30471068801112, 35.64946744488542, 23.524789358634486, 81.37483547045582, 73.01954161346451, 51.82359470422707, 30.675006290961782, 23.835349460789462, 69.71825663791161, 41.81910673732084, 58.98364630121319, 38.527348543110435, 15.95155999617764, 30.484697442042727], [63.793316579178395, 11.64446337655423, 91.44183102026496, 77.51647483147978, 48.65634302824056, 0.0, 115.57705974712894, 74.57690398772944, 63.113538517567335, 103.84091272717296, 87.4488970313315, 33.06838791828003, 62.3746126254034, 66.61123487927011, 53.6614751405544, 41.21967546727197, 59.2122241222734, 101.06090734333472, 105.94827856835376, 17.560723266722785, 75.79098869936945, 72.2220008162167, 103.7015262802093, 67.49776196019369, 81.33719361449015, 48.62870302785423, 14.979753106027427, 72.48978068695631, 65.71721177479394, 60.17814952206718, 70.24701096490165, 25.183264467257874, 50.19950908776721, 81.98641661543357, 80.25946586461872, 45.95778233653956, 59.03378747852721, 78.80037413568823, 94.17035425731446, 40.77587105364695, 96.69827570559166, 68.32072477131, 83.1403752956508, 58.14577595094688, 30.597184689321626, 79.30125164913078, 37.206786394689075, 42.8863775827024, 67.56980880858467, 92.85958962303651, 63.001904244953074, 48.254290136495996, 62.76993998758388, 71.7764347571287, 8.888044885202534, 87.52130484326815, 73.45544815958958, 74.52492953344093, 67.8691026724887, 102.23226390490538, 68.27917855420824, 49.02842864905068, 73.26676750268469, 64.96193404247964, 99.79426984979935, 61.08873349933039, 21.512771266978536, 21.683493599048585, 57.17451943713131, 18.38892733713181], [51.85857510200457, 111.39099605252072, 38.03593263192588, 52.31543323256652, 80.8920663792876, 115.57705974712894, 0.0, 41.0001627468941, 53.092550133086476, 11.873001129339938, 39.26665145371961, 91.58197797718192, 67.9543373784748, 56.28641613454415, 92.51281702739412, 95.88108494772759, 70.4984829580082, 28.773356256997204, 14.570821571778488, 108.52107885475124, 43.85977109308037, 46.64164564059747, 14.233631117808356, 79.85045269727887, 78.07899165094395, 67.72930776859317, 109.4931834470254, 45.89523380157437, 53.221748814613434, 65.01335887285464, 68.46998960819634, 92.29240068099917, 93.55478482857265, 70.57176848934124, 57.28766339415538, 84.327566848502, 64.50981568764517, 37.24743833055111, 34.784746541181875, 100.85883267507192, 42.10326152978546, 70.41657772184668, 34.378264247539306, 62.713994221326, 97.55400934771816, 63.78416555224459, 88.10461332223942, 72.7042297106283, 55.676989007374004, 33.385355453876706, 55.099729880315635, 73.97639613150457, 84.13047295175363, 62.63725358645062, 106.85901822689456, 63.01352780817997, 42.210197767821136, 45.250121534255435, 87.40323129428869, 33.404969222533225, 76.91369434983407, 76.36065656430365, 92.2717551082804, 92.4913399661956, 17.877650123603775, 55.64016775493496, 111.12460975892425, 94.77889152448462, 65.22767119340853, 102.70948775677665], [11.016809171899832, 70.69062757807443, 29.001324339734666, 29.00057915539692, 44.782863829629136, 74.57690398772944, 41.0001627468941, 0.0, 13.209239724152557, 29.298498838872476, 25.514226294301444, 52.37332101681849, 36.10145831091177, 23.694481488497008, 59.0590202988653, 58.95575818920506, 37.33862402747385, 33.14754770462465, 32.571940036966176, 68.19245682947705, 14.896861672363366, 13.995742422557743, 29.803639584890668, 51.71550308361841, 56.752192262740294, 27.219848022127564, 68.98027145717666, 12.886396989999835, 17.396697216498602, 30.90729927925249, 41.46558975162926, 51.61267068303507, 59.011619215585355, 50.38406099331336, 36.69469742890068, 47.73903624707522, 29.377201197964215, 6.364805837805496, 29.462183999866042, 63.98977348405584, 37.44215492328466, 42.38165752320086, 12.5167707425117, 26.080666427965106, 58.447248445863714, 42.426259910060864, 49.40995596681652, 31.71005821752205, 23.72860277998068, 26.856652157398152, 17.576043361232337, 36.03850865339135, 53.901954431751435, 36.09506685578852, 65.86740892711013, 47.11658151124964, 2.4484115343027977, 15.30888070099638, 59.22542455753462, 36.99797665762461, 49.108412481634225, 39.45395769481725, 65.89854379133418, 62.93896199736033, 26.09819520071873, 16.231699814968707, 71.23054938851342, 53.90065830662959, 29.12179958116476, 62.20721843297789], [4.054780717701009, 58.31438235572134, 40.44900556758624, 24.598735441907866, 31.96147224349275, 63.113538517567335, 53.092550133086476, 13.209239724152557, 0.0, 41.72080445163559, 27.68565651292575, 39.21977804076136, 25.41841275885286, 14.799994934858935, 46.708970325612995, 53.718067153023455, 25.912682202538747, 45.94729079014302, 45.678114917303326, 58.74934956496179, 14.510214198941256, 21.16723430362874, 40.63346126532205, 41.48286967752004, 60.95539862571019, 19.358569629656824, 56.404123435707874, 10.740306282918347, 8.063508035056184, 19.579866821660058, 32.578573359702894, 39.22640198888651, 55.73639297802847, 55.61663389546373, 31.72482692982478, 43.50564188269162, 28.930943427122155, 15.864531679885511, 41.50161804909515, 58.57638251754306, 48.58833371954046, 44.82572282853274, 25.206414062392316, 13.80921065173578, 45.28949156052692, 36.07023864406345, 42.835976728868914, 21.098107482544272, 15.326582961086526, 31.647641697725955, 18.15810367077376, 31.50908827022588, 53.886782506545906, 28.19032152224447, 54.27001256618989, 54.25397765976726, 13.394927712246275, 13.677860227649596, 48.60390227706307, 49.41449844183706, 50.91811388577054, 35.678497058924, 55.651786532451084, 51.70792999355174, 39.17815797733919, 14.367530349310274, 62.39424576033628, 43.43363963986124, 16.881426505746873, 49.61972135615621], [40.24437590165966, 99.89753194145989, 29.05976305107989, 44.16797390766727, 70.69396515082995, 103.84091272717296, 11.873001129339938, 29.298498838872476, 41.72080445163559, 0.0, 32.03049623730074, 80.60558219639726, 58.56005518065713, 46.37874353245275, 83.11306675727367, 84.28233633079074, 60.860194769643535, 22.053590886021016, 8.899725082177564, 96.64807826084234, 33.84834461707355, 34.94805200892228, 9.13985070654689, 71.6156268915457, 68.88444185911895, 55.87143316062248, 98.08656177744069, 35.381830401218814, 42.59260980068888, 55.04561520310862, 60.22292712303052, 80.79909840048586, 82.26049877437995, 61.41262034660952, 50.105378253368386, 72.7268420105728, 52.9280905495402, 26.02185415920681, 26.227079865124367, 89.28115026295853, 34.79351759135751, 59.84247934947973, 22.68288350232788, 52.15365318844176, 86.62702319366997, 56.74046330147038, 76.30759225519505, 60.954989589466095, 45.87369970446021, 27.11154429592811, 43.27237612708666, 62.20708593416288, 73.41679651724618, 54.29350766804353, 95.15554053616277, 54.48034611371451, 30.407516087075898, 35.19630753207102, 79.29694308036512, 27.399817987188904, 66.49721177952432, 64.69124467912393, 84.71316602632423, 84.10605399735587, 7.479469887451164, 43.7672524529039, 99.26332517536446, 82.95533091448176, 54.82568632221131, 91.3026569724066], [29.696628623247058, 80.55308970831591, 49.61383179731882, 13.335722838729662, 44.705082307371214, 87.4488970313315, 39.26665145371961, 25.514226294301444, 27.68565651292575, 32.03049623730074, 0.0, 58.07076379384381, 30.258503608961686, 21.110293419901655, 54.2450093272269, 81.29233834730186, 33.23657290202018, 48.79563281346175, 40.141118287464764, 85.51576334091538, 13.190873370780494, 39.44040441615094, 25.135800278077202, 40.64487259665491, 82.12302410059971, 47.041075668523476, 77.99151283062098, 16.96210479193768, 22.192699177374173, 29.034684611241804, 29.320877174594422, 62.361216367958384, 82.74653913495696, 75.55292588936781, 18.156277513750215, 70.77348345063501, 54.062441935517086, 19.543284654537, 48.61051585020318, 86.19223160555296, 57.835199723457876, 67.87346807876604, 33.29349470652035, 29.410169417060057, 63.54217844350116, 24.762307630093563, 70.51945917025341, 48.02259080092811, 20.2059774202276, 6.34037179660302, 42.154587785690495, 58.738117808711316, 79.02904734611955, 23.60866584267744, 78.59665620551301, 71.50672033410115, 27.95058877216215, 14.038844444197686, 48.15180906364584, 53.96502192810611, 74.56543473582175, 62.70256269895472, 53.06223838569561, 53.30658164708942, 34.930185579456754, 39.62104435899349, 89.48678006012945, 69.64009218494557, 30.877147101572287, 71.47786874437881], [41.6454885273961, 23.530304574710303, 76.78098861438997, 46.53457492603639, 15.665540571247744, 33.06838791828003, 91.58197797718192, 52.37332101681849, 39.21977804076136, 80.60558219639726, 58.07076379384381, 0.0, 30.09938966223053, 37.049161374005834, 23.093345092030365, 52.62665876055066, 26.83517096612901, 84.10334873684604, 84.8978871055443, 39.983941918702, 48.36827653617648, 55.96540010148184, 78.23836346649885, 34.657082182437236, 82.2716185256902, 34.609292076155434, 20.511644473173117, 45.81859168548195, 38.481492165336576, 29.19714227296031, 37.36326666593839, 11.845976919527748, 59.926911052215445, 79.89145087251384, 48.10880696920386, 49.498621676530114, 50.76958376511014, 54.59054613547914, 78.6058535930716, 55.34934549673965, 83.99758036070227, 65.87705833776192, 63.72750930288755, 29.269793439844076, 6.074693888485037, 46.511941665084684, 42.05553215924282, 26.783985015287936, 37.91219444979445, 64.05657651425526, 48.02668641719274, 43.407128660750885, 67.1384448078982, 39.4624995590557, 25.444596958691523, 82.34906984559643, 52.196136929416745, 46.98170316819061, 36.03825419053539, 86.84319009224458, 69.08056151835636, 46.8419475170109, 42.311486182161886, 34.27468674706875, 78.39732270460937, 44.47196246588984, 45.27091288658879, 26.21785614987092, 27.289241102564677, 14.820411468938786], [29.45725454440896, 53.589947413479265, 64.99594423029194, 17.343400923422145, 15.051112226530645, 62.3746126254034, 67.9543373784748, 36.10145831091177, 25.41841275885286, 58.56005518065713, 30.258503608961686, 30.09938966223053, 0.0, 12.670304306440311, 24.585084120246538, 69.07820400612303, 3.2814278780494903, 68.84417566679745, 64.98250958423337, 65.11983754673751, 24.864551695548847, 46.560717963014596, 53.79427984054036, 16.068632961001285, 85.1274444731288, 37.281780163641564, 50.61098991441877, 24.313501066621754, 18.751597738344312, 6.067109095676313, 9.28156826084803, 37.7024713253267, 73.65644822230952, 80.33854936047872, 18.01451631746185, 61.29410528678666, 51.878484650773416, 34.81037428930069, 65.56357034767969, 73.24455922212496, 73.35418118764845, 68.4724122041901, 48.56339622320203, 12.445665350305195, 34.796569686239806, 17.31560393449083, 57.29458621268295, 33.0960654804451, 12.935805848665757, 36.582875540705054, 42.8025682828498, 50.56255735343872, 75.36038287951355, 9.411900660502049, 53.99396881380913, 79.53702474740025, 37.32704981017112, 23.59511430998774, 23.266240475401084, 72.99544235669474, 73.93192945266343, 54.95790606353082, 30.237889765318357, 26.84712088287176, 58.701354461183904, 38.70138032569209, 69.95391723030896, 49.030688539795555, 10.040110965942329, 44.69071739239201], [18.745164945282127, 59.454317545770486, 52.69091311708374, 11.830037480686762, 24.65841888685232, 66.61123487927011, 56.28641613454415, 23.694481488497008, 14.799994934858935, 46.37874353245275, 21.110293419901655, 37.049161374005834, 12.670304306440311, 0.0, 36.85958937188612, 65.40393703543815, 14.55602625640073, 56.2029847385298, 52.482389362408675, 66.01264057444945, 12.532006064671187, 35.187416620597105, 42.3276432602048, 28.021021616677654, 75.75400356763772, 31.32624105073441, 56.88122369841598, 11.644812322174804, 6.91480071600969, 8.726942879367423, 18.091502370490915, 41.445288197675545, 68.59043064873548, 70.38340070874375, 17.734114559295435, 56.151090556966835, 43.42943890358891, 22.14130615431048, 53.102455470953046, 70.00397781509265, 61.1141170810331, 59.55795069987906, 36.05323408444035, 8.484602435315841, 42.6461514403638, 21.386561674324252, 53.89363567847236, 29.756191625528224, 0.9765841106652301, 27.009820927656204, 32.955631413876326, 44.50089135819121, 68.08686479512996, 13.397006058867417, 57.80890770704921, 68.7384321193241, 25.125737786055456, 11.184820675014919, 35.55156821415588, 60.41923242766412, 65.53990765894973, 48.85483292234764, 42.20980974014489, 39.44522391699754, 46.14631254844362, 29.106613880997163, 70.34896474923322, 49.85503298963634, 9.779250057429197, 50.37685053883973], [50.38404489520187, 42.48551069430448, 87.15167940114775, 40.93708207934948, 15.475062094285178, 53.6614751405544, 92.51281702739412, 59.0590202988653, 46.708970325612995, 83.11306675727367, 54.2450093272269, 23.093345092030365, 24.585084120246538, 36.85958937188612, 0.0, 75.04301104794028, 22.30393962353075, 92.19951760780877, 89.33724391057922, 62.88683170692771, 49.31956729266586, 67.25253481119393, 78.32778355813258, 17.01612525890778, 100.65672748585021, 51.0195511611864, 39.05108803315943, 48.36028385876488, 41.89589122745319, 28.45422799190282, 25.913671605422792, 34.907518524031175, 81.79739735452907, 97.14558776193978, 38.64541040419258, 70.56583464234225, 67.50387632097227, 58.7614459396323, 88.174868537675, 78.07669066665792, 95.22345046193801, 83.81578475244939, 71.54095737534531, 33.0374539373698, 23.258612584298863, 34.17522979899653, 63.95165152127387, 44.06842048190871, 37.2878543041801, 60.57678196101936, 61.33708087585317, 62.50210088800511, 87.39220967822128, 30.919183224479763, 47.310201210657006, 98.03999270186871, 59.838344424597814, 48.00773232169976, 14.534287504882421, 95.97658692006398, 88.06568566120262, 66.4826741237184, 19.64668161818924, 11.381147301675583, 82.97892857407751, 57.251002450682996, 68.19912703800983, 49.24385772490514, 29.967092107403396, 35.65516167988214], [51.654094117919826, 47.84040034044644, 62.68437733797489, 77.0266060549935, 62.26540621696316, 41.21967546727197, 95.88108494772759, 58.95575818920506, 53.718067153023455, 84.28233633079074, 81.29233834730186, 52.62665876055066, 69.07820400612303, 65.40393703543815, 75.04301104794028, 0.0, 67.06929431113676, 73.62685978185716, 83.03868051711405, 24.141400072795964, 68.11276350854955, 49.35861879718956, 87.68009894659036, 81.7001978600976, 41.26814439963307, 34.473577367049856, 49.373881008341314, 64.35214420439324, 60.55195323383077, 63.89938129658796, 78.35519568641267, 41.086320922975176, 8.980179726816859, 43.44266999970554, 83.00364199077706, 11.556007825052433, 31.37136674905973, 65.07495042270546, 66.03109260337251, 5.045255894392788, 65.21791514142167, 31.71205324144108, 61.603570596894855, 58.45098015287602, 55.25072825732035, 85.34729759065254, 11.785330710581409, 36.15656280833361, 66.28836088095024, 84.59837978899871, 41.76396576318364, 22.928787709862977, 22.377865794023187, 76.62759062659391, 37.98908851215744, 50.547131313071695, 56.815378041684255, 67.37464888354424, 85.78648202725155, 72.91551584758851, 29.277432283227014, 19.701788809225064, 92.86293437348802, 85.51320296356742, 78.12575151296326, 42.76065290798712, 22.439804969724033, 27.295761868166057, 59.65360862375045, 46.364918469880756], [29.88130605261642, 50.3383534905083, 66.01997273150374, 20.492509936318356, 11.794199514880335, 59.2122241222734, 70.4984829580082, 37.33862402747385, 25.912682202538747, 60.860194769643535, 33.23657290202018, 26.83517096612901, 3.2814278780494903, 14.55602625640073, 22.30393962353075, 67.06929431113676, 0.0, 70.32915187977297, 67.03707870873609, 62.3212500214221, 27.031376389627344, 47.05839984611641, 56.39382989235789, 16.211111480705082, 84.61215252938679, 36.08533469375653, 47.34633230515645, 26.101849434221222, 19.95652576418106, 6.442356598344555, 11.690890308478501, 34.65983257441337, 71.94042249902807, 80.05521140810173, 21.273645065875755, 59.65490660611266, 51.21097962095291, 36.55429059047585, 66.74834703200501, 71.12929981418421, 74.30212955666906, 67.85598306076136, 49.85226455360092, 12.292270328524916, 31.516048540304197, 20.252562089809764, 55.28761268829891, 31.350220452603242, 14.99503678222407, 39.53760796535667, 42.693721958676626, 49.22877652472142, 74.20900066372879, 12.638007896085947, 50.883163644056545, 79.61270401077977, 38.3854216152989, 25.7104387405992, 22.83210737275363, 74.33129402696952, 73.12203394969906, 53.599038820953616, 30.044563420846767, 25.809954546024162, 60.690776706041824, 38.55454640314699, 67.21286536157713, 46.30825232137596, 9.426979582427842, 41.45883138949112], [42.797377863991, 99.5812369930037, 11.049266922985908, 58.284442439279346, 77.85255084759405, 101.06090734333472, 28.773356256997204, 33.14754770462465, 45.94729079014302, 22.053590886021016, 48.79563281346175, 84.10334873684604, 68.84417566679745, 56.2029847385298, 92.19951760780877, 73.62685978185716, 70.32915187977297, 0.0, 14.450054371274684, 90.53031030186692, 44.94362044248673, 29.059746451740708, 30.918823777706283, 83.9291196857388, 49.82340312172721, 52.839801488385234, 98.46206417953023, 44.62877777850536, 50.39147935915486, 63.934555523944496, 73.05051384069893, 81.13187418405731, 69.56073290733877, 42.357582511712216, 65.4207826510917, 62.452756312764, 43.54786212223258, 34.21773861159884, 7.6133741761898515, 78.32480581332605, 13.330709693149267, 44.565284847169295, 20.747436393498248, 59.223811069174545, 90.13179910688602, 71.8966012138902, 68.2078146529948, 59.79558605819238, 56.05242499240784, 45.581152238281796, 38.17248500159263, 54.32903144308158, 58.27954303181157, 67.27772362900794, 93.01064648723109, 34.43424113491721, 32.55947804081612, 45.9593140899619, 91.58754779495942, 5.441749686398248, 50.48312385922111, 55.43135211794864, 97.90547584648283, 95.64625327945933, 15.319375459544077, 40.680601054400405, 92.0567994920472, 79.38863469951545, 62.26902125192972, 91.88563575983915], [43.51316728044191, 102.92280281346929, 23.49725751203698, 51.64718423834634, 76.18581526545152, 105.94827856835376, 14.570821571778488, 32.571940036966176, 45.678114917303326, 8.899725082177564, 40.141118287464764, 84.8978871055443, 64.98250958423337, 52.482389362408675, 89.33724391057922, 83.03868051711405, 67.03707870873609, 14.450054371274684, 0.0, 97.38901796851898, 40.12291344890431, 34.62547971026806, 17.996445511514022, 78.77998914970715, 63.51217256386855, 57.384554374897675, 101.35973025998923, 41.02751077546757, 47.901856226263924, 60.95862430747931, 67.46507939641036, 83.9317839891379, 80.10204223520688, 56.00548152487076, 57.99318271502505, 71.54526939063027, 51.82515043682436, 30.858321674878145, 20.217832198366043, 87.94159167146917, 27.732538192053713, 56.30411835197234, 22.866220707293316, 57.38924602542392, 90.96731181563509, 64.63069795172076, 76.07560920261852, 63.28583826467697, 52.09074810841635, 35.62017242185805, 43.63648991256819, 61.89178312886604, 70.07291617702734, 61.53287326334752, 97.4566328903139, 48.46137419667735, 33.061134662452645, 41.38874242295277, 86.495408688448, 19.459853768690127, 62.68051440112333, 63.84084441919341, 92.19559961199339, 91.10327170412359, 6.510262761218001, 44.94919595064554, 99.57468631694282, 84.6124022619846, 60.234557954473736, 94.6098828245341], [58.308143383010645, 26.427029901002836, 80.19753100337023, 77.70514172548648, 53.85005126566596, 17.560723266722785, 108.52107885475124, 68.19245682947705, 58.74934956496179, 96.64807826084234, 85.51576334091538, 39.983941918702, 65.11983754673751, 66.01264057444945, 62.88683170692771, 24.141400072795964, 62.3212500214221, 90.53031030186692, 97.38901796851898, 0.0, 72.80113442961685, 62.79981634031929, 97.9906595405732, 73.89598462621287, 65.09057540570569, 40.97835488831572, 28.869221386953136, 69.16160423637318, 63.3328544319291, 61.44033001547322, 73.97877323541981, 28.66266217384833, 33.058052150734746, 66.49880368254156, 81.96074289708586, 30.784049877343428, 47.10444995927255, 73.37197510554704, 83.23076715343123, 23.26356216215962, 84.41111963165089, 53.47212169871864, 74.63789272267223, 57.7269841670707, 40.09945359654128, 82.4279325080437, 22.876545721493603, 37.68317376931814, 66.98675186515003, 90.17913372966657, 53.76052116892309, 36.21741864116558, 46.26671404353291, 74.10619123956926, 17.214462715925997, 72.78509328706892, 66.60282540724509, 71.70863151698443, 75.9780911146078, 90.93059917297423, 52.462133994314016, 35.71374320341716, 82.2857325032764, 74.19058854533627, 91.64240904401308, 52.881674088869026, 5.322166593534994, 16.226613835463642, 57.680737044722555, 28.428753530542615], [16.59704953172463, 69.74781239595124, 42.8974485491139, 14.186147838058274, 37.03595741701722, 75.79098869936945, 43.85977109308037, 14.896861672363366, 14.510214198941256, 33.84834461707355, 13.190873370780494, 48.36827653617648, 24.864551695548847, 12.532006064671187, 49.31956729266586, 68.11276350854955, 27.031376389627344, 44.94362044248673, 40.12291344890431, 72.80113442961685, 0.0, 28.609887911216894, 30.055667045037968, 39.10863344169952, 71.19922621603764, 33.85608340806836, 67.44079992785475, 3.7728276801297858, 10.140537680131645, 21.225373774332095, 28.109440288331687, 51.02607728098323, 69.72238936378402, 65.04628388703689, 21.85511955810174, 57.66514012913559, 41.514678435798345, 10.901414689191066, 42.76346332941624, 73.00566667370201, 51.387089050933376, 56.1344738591667, 25.87387366131528, 19.120268957765123, 54.19682572049291, 27.79516410123253, 57.333754884764474, 35.15469296330067, 12.036355155643463, 17.38165925361524, 29.7414346773418, 45.6281750514826, 66.62020785989684, 22.345776482695435, 66.90337750646216, 62.00649777773751, 17.077515379737047, 1.3983878445285454, 46.81079338756412, 49.51651346933862, 62.66345740573085, 49.650978314978566, 52.98114858227028, 51.16025659065834, 33.87740838630441, 26.849293216042156, 76.62756254993768, 57.13235936013226, 21.439531749193094, 60.75473641963099], [17.17736101355493, 70.52397777056758, 20.816439139845897, 42.408140751504504, 52.03950341036725, 72.2220008162167, 46.64164564059747, 13.995742422557743, 21.16723430362874, 34.94805200892228, 39.44040441615094, 55.96540010148184, 46.560717963014596, 35.187416620597105, 67.25253481119393, 49.35861879718956, 47.05839984611641, 29.059746451740708, 34.62547971026806, 62.79981634031929, 28.609887911216894, 0.0, 38.6679134382156, 62.60857492981368, 42.75656897104654, 23.79072531643949, 69.44191657301538, 26.010684180215726, 28.302373994906908, 40.74675464695541, 53.27443292799712, 52.17074283729852, 47.8515359597659, 36.44713218236757, 50.08013874208879, 37.808943508723345, 18.079655051006352, 19.955216171132456, 22.80393688360688, 54.371185468945406, 28.265604737729923, 28.71109790374097, 12.270028904070639, 34.849600229672596, 61.89091778766862, 55.44302233802034, 41.56371506551825, 30.796106841528296, 35.48074079384561, 40.25373752666088, 9.226251747995928, 27.388550560866715, 40.947749058380104, 48.37781825758824, 64.04099840374359, 33.71072320991029, 11.623870876293944, 28.80915946048182, 69.77030852654767, 31.080701642972258, 35.52669779004105, 29.74319632235562, 76.79843982267757, 72.82145692910117, 29.117757213977004, 11.704445094998704, 64.95337157493925, 50.61514322097022, 37.87911893137936, 62.90586951979264], [40.035694632986925, 98.79106041471096, 36.836152665502965, 38.094030594777, 66.9824867576964, 103.7015262802093, 14.233631117808356, 29.803639584890668, 40.63346126532205, 9.13985070654689, 25.135800278077202, 78.23836346649885, 53.79427984054036, 42.3276432602048, 78.32778355813258, 87.68009894659036, 56.39382989235789, 30.918823777706283, 17.996445511514022, 97.9906595405732, 30.055667045037968, 38.6679134382156, 0.0, 65.64426883197734, 75.93014898454535, 57.02314203456286, 96.71903514890731, 32.42107957864035, 39.7570164747752, 51.042738771920696, 54.25495261247015, 79.76050047637835, 86.51931171256815, 68.54645132701326, 43.24619868706944, 76.20088490520621, 56.688113565569566, 24.916973838221764, 34.325375380632806, 92.72133765289405, 43.25792634201656, 65.55284580138738, 26.952023254230397, 49.11226043345256, 84.13955789542419, 49.80026780822263, 78.83257806166824, 61.12111244535852, 41.67704384990525, 19.472003550374342, 45.970462240508816, 65.0348744097219, 78.80010319335481, 48.4111767006755, 94.87944594552626, 62.11011777521958, 31.512014256374123, 31.453935934113222, 73.21791405895961, 36.32489323432026, 72.34783933611008, 67.97874882520439, 78.19562935056096, 78.27633996078785, 15.727669000140736, 45.64299369169608, 101.01753795870452, 83.48929451476687, 51.495091583066355, 89.95641340741199], [45.52455653944624, 57.04721505478697, 80.70983981315695, 27.568254463210078, 20.11124980807303, 67.49776196019369, 79.85045269727887, 51.71550308361841, 41.48286967752004, 71.6156268915457, 40.64487259665491, 34.657082182437236, 16.068632961001285, 28.021021616677654, 17.01612525890778, 81.7001978600976, 16.211111480705082, 83.9291196857388, 78.77998914970715, 73.89598462621287, 39.10863344169952, 62.60857492981368, 65.64426883197734, 0.0, 100.82298694584121, 52.10260040515374, 53.69877659520387, 39.353705677859864, 34.57695585076176, 22.037234923580737, 11.40849135453046, 45.252404540310565, 87.17248435839605, 96.22438124311726, 23.3071951803751, 75.06942707063403, 67.41704420386857, 49.71139984430698, 81.10026589834759, 85.45458115742657, 89.12391658653695, 84.06438938256181, 64.03803279885496, 28.316282878631895, 37.129934024304404, 17.854771480795687, 70.00885935338896, 46.823436624635065, 28.02407534054152, 46.78127202945821, 58.77246344659367, 65.07948174969866, 90.1729064511555, 17.32404353236266, 60.10137653126842, 95.58463831915115, 53.102773955778915, 38.01352315891338, 7.719623357241853, 88.3056101160605, 89.28771952892585, 69.40862608187737, 14.220454830226402, 12.665791922496997, 72.74267050538187, 54.64958511258226, 79.05862719615115, 58.635151490601174, 25.590746291420214, 49.10885476826631], [57.06726237937694, 85.77192851750644, 40.0788100349098, 84.58076946775739, 85.42657841152707, 81.33719361449015, 78.07899165094395, 56.752192262740294, 60.95539862571019, 68.88444185911895, 82.12302410059971, 82.2716185256902, 85.1274444731288, 75.75400356763772, 100.65672748585021, 41.26814439963307, 84.61215252938679, 49.82340312172721, 63.51217256386855, 65.09057540570569, 71.19922621603764, 42.75656897104654, 75.93014898454535, 100.82298694584121, 0.0, 49.67713759953775, 86.44013915726525, 68.30211410677282, 68.9609300044163, 79.06215695913382, 93.23456690000287, 73.11727319321281, 32.954057646890284, 7.507655395651606, 92.13033280171649, 35.67864488598306, 33.48059148667519, 62.58119204182613, 43.294626034601094, 43.84253489451399, 37.061889556816666, 16.878003342177802, 50.53948889424511, 72.68182455727163, 86.8708145274973, 96.95100540909309, 44.59351722860385, 56.68122758249404, 76.27250721090563, 82.39947272581549, 42.79841840369605, 38.86490358402561, 18.89064763939853, 89.1332381656508, 76.34768811310708, 15.750832942826914, 54.37204112623119, 71.26201546116499, 107.08417599710262, 46.36394223555206, 13.45928258365972, 35.61345916492464, 114.42999829084862, 108.84661314859412, 61.425679645576786, 46.70975430145122, 63.70684521133809, 62.927371156390336, 75.26102311567946, 81.70646503702392], [17.852456334698882, 46.78937451410362, 43.964516215216875, 42.721301425000256, 35.74950283314512, 48.62870302785423, 67.72930776859317, 27.219848022127564, 19.358569629656824, 55.87143316062248, 47.041075668523476, 34.609292076155434, 37.281780163641564, 31.32624105073441, 51.0195511611864, 34.473577367049856, 36.08533469375653, 52.839801488385234, 57.384554374897675, 40.97835488831572, 33.85608340806836, 23.79072531643949, 57.02314203456286, 52.10260040515374, 49.67713759953775, 0.0, 45.84099746774065, 30.08326612469886, 26.10602485636741, 31.4598845377581, 46.2375571445719, 28.824211189955893, 37.267236811607226, 46.20901636776401, 49.05717182191928, 24.824875339889434, 16.571336702698165, 32.576542947531664, 46.34022742261742, 39.27452991050492, 50.392321215763175, 32.81215558287196, 34.53663426696276, 25.345661261030926, 40.113763782477946, 52.105560116368906, 23.478384071877727, 7.840616960734746, 32.159734785054965, 50.7874465242144, 14.71071302415026, 13.362032768118985, 38.12522975709704, 43.483423055782886, 40.306574648386125, 47.8923046101499, 25.63995244921349, 33.034036072778925, 57.84182002149814, 54.578206816596776, 37.41606042635593, 17.767547933538648, 65.20829950672349, 59.2701697404841, 51.32863604807822, 12.460941849841475, 44.05887421725807, 27.234464180067718, 27.268716627693703, 39.43720717506411], [57.963547772523384, 3.437802531270163, 89.80540373045773, 66.8844073193449, 36.01002811415961, 14.979753106027427, 109.4931834470254, 68.98027145717666, 56.404123435707874, 98.08656177744069, 77.99151283062098, 20.511644473173117, 50.61098991441877, 56.88122369841598, 39.05108803315943, 49.373881008341314, 47.34633230515645, 98.46206417953023, 101.35973025998923, 28.869221386953136, 67.44079992785475, 69.44191657301538, 96.71903514890731, 53.69877659520387, 86.44013915726525, 45.84099746774065, 0.0, 64.5196621106634, 57.327272836178196, 49.45482846894416, 57.68412760728981, 17.443453757442224, 58.07861485001911, 85.8093662689305, 68.61992332490439, 50.91403186634243, 59.43634593712076, 72.24824809302713, 92.14839247591098, 50.278444856291905, 96.05732890025986, 71.64552069385012, 79.08561469346071, 48.70091187418932, 16.598339467098963, 66.8741638302816, 42.07776044215045, 38.66690282035132, 57.78961959890287, 83.80566942245626, 60.52577963658817, 49.5913953786161, 68.84673319292816, 59.96989973620239, 11.779393036679675, 90.11635995151866, 68.30529746638052, 66.09055086752792, 53.43771263491274, 100.40171837483827, 73.00557865754537, 51.614761671008154, 58.55449150855661, 50.25026081401675, 94.96742336501447, 57.78182345623158, 33.85133068288735, 23.519903354280515, 47.12333609965101, 6.784720596604917], [12.912387371668956, 66.73673732822616, 41.66957826308602, 16.398536373572348, 35.33081740630198, 72.48978068695631, 45.89523380157437, 12.886396989999835, 10.740306282918347, 35.381830401218814, 16.96210479193768, 45.81859168548195, 24.313501066621754, 11.644812322174804, 48.36028385876488, 64.35214420439324, 26.101849434221222, 44.62877777850536, 41.02751077546757, 69.16160423637318, 3.7728276801297858, 26.010684180215726, 32.42107957864035, 39.353705677859864, 68.30211410677282, 30.08326612469886, 64.5196621106634, 0.0, 7.342688899192868, 19.935566221022736, 28.762827278444753, 47.88590112975668, 66.03424882300958, 62.31566163712538, 24.07103508615441, 53.94196014755524, 38.05584035811195, 10.496873543457182, 41.83355292414317, 69.24018036235373, 50.150280344594364, 52.97087216027637, 24.776445900705692, 16.82766677078212, 51.73448645561212, 29.59645632742893, 53.560934795877635, 31.48992774937405, 11.431323600262173, 21.031217498261576, 26.389059364200687, 41.90706405778498, 63.179890738116924, 23.265101544797464, 63.60293099269457, 59.646124497047595, 14.788248454471331, 3.1405245171356184, 46.980624572664