instance_id,num_cities,city_coordinates,distance_matrix,best_route,total_distance
629,47,"[[63.172185998883656, 71.47520369722969], [44.37045712465476, 82.2988254142836], [52.9657580635006, 37.219828649721364], [66.70795970286345, 31.967144121462187], [9.700708917754831, 29.75259887956554], [12.676402678742505, 72.39533542338009], [12.522177180767802, 65.04752650087626], [41.129450904525214, 70.95743502585448], [70.9886225992743, 49.092708001719586], [26.586235979992413, 93.04299465997697], [39.93095287974355, 34.770246062949106], [99.44846787575456, 22.98197910783769], [28.799586580092516, 87.14832027278595], [37.95443747222046, 10.19708494524778], [74.53421658530316, 31.080064210289716], [12.99356647898252, 57.126921179132395], [64.4254190873778, 21.549040041593383], [12.568080172187624, 74.74413909411268], [36.023621666306525, 27.37845833795751], [80.81089062451309, 98.87887222872706], [45.00503133773112, 40.92327842984277], [94.95467999592965, 91.37579962948948], [46.81806858286179, 97.33146484480685], [72.73538579605437, 3.370589678507263], [18.138834925504497, 62.32888662366437], [11.316080466395096, 22.75815730479507], [54.08336961080168, 54.70128408928291], [35.08360707704481, 22.29019053052127], [29.044809964776462, 66.37872704851583], [81.89325975792313, 12.641704130097043], [66.70422113985288, 64.09213637510743], [56.643008900301126, 61.890725470896925], [24.48893661577658, 65.2642579280912], [86.58481326631279, 81.75340296400712], [85.47134541207818, 84.1988558360656], [36.52899641439022, 5.509134907463298], [53.20082691572946, 92.44844778251486], [19.329361559015002, 61.44653660276259], [37.88619797550713, 62.745668408415476], [80.11102993222407, 89.76995676610946], [92.48235754129976, 88.39108894312633], [73.01301233470825, 26.952884434800804], [55.813955995148255, 45.42106853383846], [11.998467850548366, 88.41775662658898], [84.18443602578455, 97.40065098912356], [32.318261020741744, 41.933029073331284], [76.13027930065203, 23.800903359897706]]","[[0.0, 21.694602917174894, 35.743557333393994, 39.66596106396704, 67.82311268298335, 50.50416592230896, 51.05622809624439, 22.048815270601704, 23.708074461825333, 42.470005248381725, 43.4443187520825, 60.56039512657926, 37.777270600132795, 66.26418850733796, 41.96263853973042, 52.189721863046366, 49.9418903381067, 50.70957961912567, 51.78385362833256, 32.58964482553286, 35.545261934978505, 37.49880855615735, 30.594172598531532, 68.77276525631181, 45.95277820663743, 71.15058882538652, 19.07802301996014, 56.64039005919406, 34.5058236998371, 61.7402565107013, 8.184433720180706, 11.597084825752608, 39.17868846940685, 25.569366353727865, 25.673796647265977, 71.14338889040535, 23.222940585252147, 44.9751866984095, 26.750438812793217, 24.932356961373493, 33.84129621480541, 45.59691629351161, 27.073261862954954, 53.90546845069989, 33.37129707514774, 42.716563158401634, 49.40395828950822], [21.694602917174894, 0.0, 45.89112275297627, 55.06579848865926, 62.95313625045022, 33.20530381159577, 36.22043966580088, 11.795391356867768, 42.55787784712971, 20.777769237874374, 47.73546954934752, 80.94489189591145, 16.308574735339597, 72.38664439552797, 59.440843567967676, 40.226036710246476, 63.97450994071149, 32.6873747068037, 55.551025030751155, 40.03502399183412, 41.380412911105324, 51.39216929060615, 15.230595855004118, 83.87034979595512, 32.968112753083574, 68.1005357922415, 29.256878783436036, 60.72299271626432, 22.098076677503123, 79.1206374029879, 28.81458902805688, 23.81398896416096, 26.181125781497386, 42.217879507431526, 41.14478258077148, 77.18902172073352, 13.453262238759228, 32.58641458961982, 20.600280716762928, 36.51309831128273, 48.49608887947597, 62.318289064008766, 38.61246714381515, 32.94521222793662, 42.58189816849993, 42.12662988142317, 66.56345235436618], [35.743557333393994, 45.89112275297627, 0.0, 14.711859184016147, 43.90471498625288, 53.48409515083009, 49.09240269444266, 35.75366066786043, 21.582143317612243, 61.74224687167493, 13.262978588081848, 48.61438749040789, 55.46943410491869, 30.912269784211215, 22.4253229715522, 44.6549933718946, 19.413846769324312, 55.13661445298698, 19.593074167021243, 67.65492637212816, 8.78001766947321, 68.52691994982051, 60.42518425293106, 39.19960662575734, 42.93459406584298, 44.08895079304445, 17.517144169528223, 23.29518015111011, 37.71542275744861, 37.95898522330354, 30.18056146244033, 24.943442498537376, 39.96772914884009, 55.79856731078089, 57.128296003392904, 35.71743595395603, 55.229119390774756, 41.452871408973856, 29.647287023165116, 59.14711953997179, 64.65337975933045, 22.523377795675852, 8.68173756195584, 65.57092874526619, 67.79629216380114, 21.17860695050202, 26.770554721191505], [39.66596106396704, 55.06579848865926, 14.711859184016147, 0.0, 57.050248489420916, 67.48220362729202, 63.48551587488358, 46.63156545898715, 17.652450624473797, 73.07538733046435, 26.92332585138354, 33.951053970992, 66.9477927512076, 36.06522587207735, 7.876370201986487, 59.31484149014792, 10.665218435659, 68.99998445279721, 31.025548149250028, 68.38181058498937, 23.478275945473875, 65.78195464248671, 68.32351127093649, 29.224865976044505, 57.27822700999651, 56.15216579560438, 26.004257248939982, 33.07178721816144, 51.0163688215758, 24.577753530826424, 32.12499247118387, 31.570935295525192, 53.76935649865617, 53.60747034807456, 55.49969686322803, 40.134724076976845, 61.97120886887502, 55.80113030345201, 42.16647372440663, 59.33639221595267, 62.03209760416128, 8.055835704358088, 17.311481706591337, 78.61170492326514, 67.72718099600714, 35.8046119699825, 12.46866451464262], [67.82311268298335, 62.95313625045022, 43.90471498625288, 57.050248489420916, 0.0, 42.746435328625445, 35.40752178496473, 51.8228168349956, 64.2670069653956, 65.50416186938567, 30.64383189580364, 90.00278623507461, 60.48996579771823, 34.36118889771893, 64.84709616229799, 27.571659947835887, 55.336175154751224, 45.082818332353185, 26.429761233866113, 99.1720707130348, 37.02943779141971, 105.19343351779946, 77.10124197220794, 68.33286836242391, 33.651396608595384, 7.178554045421268, 50.914216716823766, 26.457117328476514, 41.42061696746871, 74.1926351866388, 66.54775909873005, 56.889706524570926, 38.46777361412111, 92.81836632320366, 93.30372045812598, 36.15940479831965, 76.30877888879607, 33.12426059684864, 43.39313805615124, 92.51862814072692, 101.44591596395775, 63.37417585209764, 48.70248964198447, 58.71013906980954, 100.61851001739649, 25.688840823138126, 66.69565578667869], [50.50416592230896, 33.20530381159577, 53.48409515083009, 67.48220362729202, 42.746435328625445, 0.0, 7.34942728828937, 28.489357853274278, 62.79591895030431, 24.89596944124059, 46.45920636471638, 99.85525064272417, 21.854235769835356, 67.13867295054891, 74.38642871323977, 15.271708038399915, 72.54864887310521, 2.3513001614156446, 50.71106247139094, 73.10052099234673, 45.117963189568314, 84.43916709539094, 42.27840939806802, 91.49588503440957, 11.453015213810003, 49.65581464539215, 45.02906131740155, 54.887233066366846, 17.43916091496309, 91.44107259133246, 54.66212840808465, 45.204084913815095, 13.798123939775198, 74.49850054649293, 73.74568991935938, 71.01204156601392, 45.21455821997357, 12.81163757983154, 26.99351500646909, 69.63696159094842, 81.39320955822421, 75.53491124391297, 50.8769061594155, 16.036757055100527, 75.75397441523508, 36.24575433469952, 79.92379674365402], [51.05622809624439, 36.22043966580088, 49.09240269444266, 63.48551587488358, 35.40752178496473, 7.34942728828937, 0.0, 29.21135273621527, 60.604302431562, 31.32960241297787, 40.840601073363864, 96.569613706721, 27.448117277906455, 60.45966260557211, 70.70559755473441, 7.934620125331054, 67.72049058198333, 9.6967212431797, 44.39906067890938, 76.20963415185332, 40.46127975207052, 86.5349379517113, 47.100539721524804, 86.1955626905383, 6.240019791913916, 42.306564694936895, 42.82963282875256, 48.34467807573481, 16.5761723269648, 86.94088403210637, 54.190466485135964, 44.23362052066569, 11.968721898637057, 75.92338488464053, 75.42118111608242, 64.1961637735964, 49.04653944308661, 7.700966653983732, 25.468256743518907, 71.9684067801793, 83.2979732693661, 71.48666233475727, 47.53289350802391, 23.37609735587464, 78.62699286455135, 30.43295790302449, 75.81078139570604], [22.048815270601704, 11.795391356867768, 35.75366066786043, 46.63156545898715, 51.8228168349956, 28.489357853274278, 29.21135273621527, 0.0, 37.00859929984434, 26.443847010099237, 36.20703029181524, 75.51656845376456, 20.351174888399477, 60.843248205640684, 52.02002569539673, 31.35141313676095, 54.62500918532863, 28.81130031447025, 43.8770634998984, 48.52033917570021, 30.2831749677606, 57.56791554181153, 26.980545212824595, 74.61177376509562, 24.556471053955214, 56.6745748084005, 20.786208243001326, 49.04133883118224, 12.922968443217535, 71.15063304105425, 26.480203891846283, 17.968742411261324, 17.587466595861493, 46.719834023282175, 46.276763430387476, 65.60978715026293, 24.649173375811543, 23.784471494792555, 8.829031687612748, 43.28365139079994, 54.231478948600426, 54.3411626871643, 29.45743884608933, 33.962876852412876, 50.52697709414201, 30.332378872501117, 58.72645457694089], [23.708074461825333, 42.55787784712971, 21.582143317612243, 17.652450624473797, 64.2670069653956, 62.79591895030431, 60.604302431562, 37.00859929984434, 0.0, 62.47559231276787, 34.20104917096822, 38.622958930291645, 56.81676148420952, 51.03064647797053, 18.3582835001179, 58.54891216560651, 28.31482447475621, 63.80404136544037, 41.15895927623326, 50.74582837631274, 27.237595238508085, 48.60279564739217, 53.95547556297519, 45.75547273963469, 54.48207486572605, 65.22515500180226, 17.81133639944654, 44.80563672625835, 45.36617542623648, 38.04716539784307, 15.599325222389737, 19.22461660323906, 49.23149219336159, 36.19339938085691, 37.9761882742261, 55.560720661851825, 46.8628407933148, 53.115876462029696, 35.80745514329372, 41.68761066058252, 44.792224619614146, 22.23218255986629, 15.612541206622337, 70.89638782495885, 50.07780793586657, 39.32757133325237, 25.80914596949898], [42.470005248381725, 20.777769237874374, 61.74224687167493, 73.07538733046435, 65.50416186938567, 24.89596944124059, 31.32960241297787, 26.443847010099237, 62.47559231276787, 0.0, 59.781223625708066, 101.0814064852133, 6.296515465713499, 83.6222503980188, 78.34802865445968, 38.4021483571572, 80.88998284837086, 23.051178001834387, 66.33924614417968, 54.53779091891217, 55.27853871386229, 68.38876864244617, 20.681344902996592, 100.85080190016362, 31.854591773269455, 71.92451606687264, 47.1824027302283, 71.26124197445722, 26.777373905860756, 97.5870606076582, 49.47327489379881, 43.288260233138374, 27.85779745497766, 61.05148775455248, 59.54556998102657, 88.09673710318992, 26.6212309382214, 32.41910529492052, 32.33600344961687, 53.62477360962513, 66.0601170421387, 80.76724727429267, 55.87582183062487, 15.303457317348986, 57.7628065211347, 51.43038686745302, 85.1415259210681], [43.4443187520825, 47.73546954934752, 13.262978588081848, 26.92332585138354, 30.64383189580364, 46.45920636471638, 40.840601073363864, 36.20703029181524, 34.20104917096822, 59.781223625708066, 0.0, 60.67369964906844, 53.54782884140292, 24.652522395744505, 34.7994727141403, 35.00633811689641, 27.8348551901401, 48.44211934749364, 8.360966629692745, 76.03344829007628, 7.975341967956893, 78.9417458657394, 62.93916474008539, 45.41001255253908, 35.13367436642755, 31.03387181074867, 24.444573551950096, 13.388373591419676, 33.43058745789582, 47.439514822693006, 39.70618522102094, 31.856133157544033, 34.1809980241661, 66.21177932482203, 67.20948456953191, 29.458206561938816, 59.18500241221462, 33.70534144480457, 28.050049519129516, 68.11319086178979, 75.07892462657736, 33.99314343521447, 19.123540657272574, 60.483709456200394, 76.68727659640491, 10.452680890275564, 37.82482931441291], [60.56039512657926, 80.94489189591145, 48.61438749040789, 33.951053970992, 90.00278623507461, 99.85525064272417, 96.569613706721, 75.51656845376456, 38.622958930291645, 101.0814064852133, 60.67369964906844, 0.0, 95.43890070000326, 62.808990550870995, 26.197307107607738, 92.95335951205662, 35.05235028925432, 101.13121661468743, 63.577041031436885, 78.15176051247789, 57.323450728576745, 68.54129277345722, 91.09228814274624, 33.13903060660726, 90.32959394109666, 88.13267161883238, 55.3543715445742, 64.36857833658429, 82.70400703153857, 20.37416547188286, 52.556928419013026, 57.84632971627588, 86.06231712514644, 60.16272826254253, 62.79224433577493, 65.30053731347084, 83.45318786300075, 88.87403096671942, 73.28754370330469, 69.53107554109674, 65.77901141425471, 26.73202945491307, 49.06611214806847, 109.22153397518312, 75.96794977417377, 69.75390288142624, 23.3325642687351], [37.777270600132795, 16.308574735339597, 55.46943410491869, 66.9477927512076, 60.48996579771823, 21.854235769835356, 27.448117277906455, 20.351174888399477, 56.81676148420952, 6.296515465713499, 53.54782884140292, 95.43890070000326, 0.0, 77.49389597440081, 72.35541251076631, 33.92808092092914, 74.64894847677144, 20.42854647260078, 60.2048426510302, 53.317741865088344, 48.983374048494504, 66.29002916404166, 20.696911051139946, 94.59948517974533, 27.012143796891614, 66.72155628484784, 41.134898096841475, 65.16184395235109, 20.77104083116788, 91.48865492807445, 44.366078675408644, 37.59258253536065, 22.304571007337124, 58.036519157737445, 56.74845891805541, 82.00427039794971, 24.970219893643318, 27.390999356915074, 26.039506997348138, 51.37837285066676, 63.6948961162946, 74.68813501945208, 49.708547480072234, 16.849007662785247, 56.325765269893424, 45.351996957915325, 79.07648008695952], [66.26418850733796, 72.38664439552797, 30.912269784211215, 36.06522587207735, 34.36118889771893, 67.13867295054891, 60.45966260557211, 60.843248205640684, 51.03064647797053, 83.6222503980188, 24.652522395744505, 62.808990550870995, 77.49389597440081, 0.0, 42.121005008737534, 53.15500549976734, 28.802426150924248, 69.35985392329938, 17.289524034399587, 98.49433979974138, 31.52474964070522, 99.19179081732108, 87.58404030955761, 35.44453983242039, 55.770806436048375, 29.45135994808369, 47.33673196771081, 12.429194256042393, 56.88372677436934, 44.00677523760966, 61.08376731639004, 54.968128700343335, 56.689622098204985, 86.51716649472787, 87.94383796004132, 4.899873239800366, 83.65248997878606, 54.528889113648866, 52.54862777099334, 90.05009837672648, 95.32888506785417, 38.85692329460435, 39.49292875591916, 82.41471857187489, 98.69992247733097, 32.23253999754039, 40.527259650366126], [41.96263853973042, 59.440843567967676, 22.4253229715522, 7.876370201986487, 64.84709616229799, 74.38642871323977, 70.70559755473441, 52.02002569539673, 18.3582835001179, 78.34802865445968, 34.7994727141403, 26.197307107607738, 72.35541251076631, 42.121005008737534, 0.0, 66.82582115817156, 13.893459200585559, 75.80470630131708, 38.68808352773672, 68.08872891834166, 31.12654249282174, 63.659807065737134, 71.81526958891494, 27.767800975875815, 64.47424272356349, 63.763523027609665, 31.244186187932936, 40.41797211488189, 57.57848307184189, 19.852673342986517, 33.92794920549876, 35.62853013728966, 60.606015768770646, 52.08650632186189, 54.23307856609351, 45.80686832397205, 64.97070122033182, 63.00554470867076, 48.433333121480665, 58.95425629519942, 60.05571845964489, 4.39859923967082, 23.582038961280478, 84.84297756115427, 67.01900451318473, 43.58868833249561, 7.452086880680241], [52.189721863046366, 40.226036710246476, 44.6549933718946, 59.31484149014792, 27.571659947835887, 15.271708038399915, 7.934620125331054, 31.35141313676095, 58.54891216560651, 38.4021483571572, 35.00633811689641, 92.95335951205662, 33.92808092092914, 53.15500549976734, 66.82582115817156, 0.0, 62.53815706405611, 17.622355281322992, 37.62119726090535, 79.63927969731841, 35.87885060518944, 88.82910448746644, 52.540482239321484, 80.36683489922171, 7.31670908762125, 34.40967726632118, 41.161336672942355, 41.250062980654, 18.52669234604494, 82.01281771669524, 54.16039740276575, 43.90862848031401, 14.08402584305539, 77.60241754490974, 77.36871515763944, 56.730171177532995, 53.51853915627603, 7.668205572637426, 25.51888365991634, 74.6345876435977, 85.41613483718334, 67.17742458800177, 44.39158416264834, 31.306654313102783, 81.79311229949596, 24.58247702032942, 71.39235231881575], [49.9418903381067, 63.97450994071149, 19.413846769324312, 10.665218435659, 55.336175154751224, 72.54864887310521, 67.72049058198333, 54.62500918532863, 28.31482447475621, 80.88998284837086, 27.8348551901401, 35.05235028925432, 74.64894847677144, 28.802426150924248, 13.893459200585559, 62.53815706405611, 0.0, 74.28931391911112, 28.99386511697873, 79.04673695722377, 27.431962625217743, 76.20900292070662, 77.8009942150072, 19.987786378248565, 61.68827895663347, 53.12310056194366, 34.72793216955933, 29.351170949332833, 57.109441767757914, 19.60780688225457, 42.60408412860228, 41.085490037199214, 59.211003260107745, 64.15297393941394, 66.09032027419762, 32.179014196551584, 71.78243160713676, 60.21183136601906, 49.00502470174679, 70.00094189587249, 72.49173260974031, 10.146343775350545, 25.377766665398127, 84.97064477637767, 78.38294223686506, 38.03125830106025, 11.919506743847021], [50.70957961912567, 32.6873747068037, 55.13661445298698, 68.99998445279721, 45.082818332353185, 2.3513001614156446, 9.6967212431797, 28.81130031447025, 63.80404136544037, 23.051178001834387, 48.44211934749364, 101.13121661468743, 20.42854647260078, 69.35985392329938, 75.80470630131708, 17.622355281322992, 74.28931391911112, 0.0, 52.855180827203135, 72.38485008557437, 46.86156652298143, 84.04858096768453, 41.027417548503905, 93.35035201978435, 13.607784625962285, 52.001055814882896, 46.10027433667321, 57.0820958945556, 18.478710543503883, 93.07358891250661, 55.17415083892655, 45.9108874250733, 15.230724384301137, 74.3478752751198, 73.51379293240419, 73.26398372932779, 44.32225912630179, 14.917813446005365, 28.017322996644403, 69.19411289263631, 81.07114756563449, 77.055783988244, 52.249863567073085, 13.685476777277675, 75.1147119877178, 38.29671767066227, 81.45775853237284], [51.78385362833256, 55.551025030751155, 19.593074167021243, 31.025548149250028, 26.429761233866113, 50.71106247139094, 44.39906067890938, 43.8770634998984, 41.15895927623326, 66.33924614417968, 8.360966629692745, 63.577041031436885, 60.2048426510302, 17.289524034399587, 38.68808352773672, 37.62119726090535, 28.99386511697873, 52.855180827203135, 0.0, 84.36947698834031, 16.25201129114479, 86.99729494779861, 70.78095226529264, 43.8649220116445, 39.26064230394488, 25.13582649889123, 32.75196639678276, 5.174369208726499, 39.619752299341386, 48.17878810471241, 47.84551534962997, 40.20268290252268, 39.60281265009712, 74.25004174475934, 75.32353520302375, 21.87516196382472, 67.29903347371051, 37.93853288131724, 35.416221405953216, 76.39632611399439, 83.12719139947549, 36.991838764336826, 26.78046145098771, 65.59728615910393, 84.9857135255398, 15.018829075686922, 40.26590227748095], [32.58964482553286, 40.03502399183412, 67.65492637212816, 68.38181058498937, 99.1720707130348, 73.10052099234673, 76.20963415185332, 48.52033917570021, 50.74582837631274, 54.53779091891217, 76.03344829007628, 78.15176051247789, 53.317741865088344, 98.49433979974138, 68.08872891834166, 79.63927969731841, 79.04673695722377, 72.38485008557437, 84.36947698834031, 0.0, 68.12422778898934, 16.01071129626744, 34.02802403853602, 95.84907831548031, 72.55127850885832, 103.0722653260487, 51.63351308362372, 89.20095641247153, 61.122717082973054, 86.24396027903828, 37.53818209901685, 44.183814996153046, 65.5904322134162, 18.07262792762454, 15.402036232776089, 103.33825043166887, 28.349003096432416, 71.98026234077322, 56.108267281496104, 9.13576192190478, 15.691294982740326, 72.34745763297173, 59.01341810763027, 69.60304926987148, 3.683197877884747, 74.79548234063002, 75.22372984526868], [35.545261934978505, 41.380412911105324, 8.78001766947321, 23.478275945473875, 37.02943779141971, 45.117963189568314, 40.46127975207052, 30.2831749677606, 27.237595238508085, 55.27853871386229, 7.975341967956893, 57.323450728576745, 48.983374048494504, 31.52474964070522, 31.12654249282174, 35.87885060518944, 27.431962625217743, 46.86156652298143, 16.25201129114479, 68.12422778898934, 0.0, 70.99594563408726, 56.43731565797197, 46.681655827947324, 34.351019952946686, 38.27423462721294, 16.49998987126545, 21.10987029861567, 30.045108264934292, 46.48213464173413, 31.74351613410774, 23.980749720688333, 31.833840886301502, 58.27501466927123, 59.247769363965794, 36.41434785143606, 52.17292537301198, 32.87011020088001, 22.95418246891019, 60.15337996990067, 67.13635035035088, 31.298864322906937, 11.707389464322171, 57.83734686527925, 68.73659405956965, 12.726890328672914, 35.52403114497549], [37.49880855615735, 51.39216929060615, 68.52691994982051, 65.78195464248671, 105.19343351779946, 84.43916709539094, 86.5349379517113, 57.56791554181153, 48.60279564739217, 68.38876864244617, 78.9417458657394, 68.54129277345722, 66.29002916404166, 99.19179081732108, 63.659807065737134, 88.82910448746644, 76.20900292070662, 84.04858096768453, 86.99729494779861, 16.01071129626744, 70.99594563408726, 0.0, 48.503642198185865, 90.76681118810482, 82.12427904737753, 108.18408464030904, 54.91342370228178, 91.41863462683014, 70.49088313492724, 79.81014028769312, 39.27450453102374, 48.344117949108565, 75.14807782066983, 12.753242201865108, 11.892945684027943, 103.85877243861023, 41.76762886618215, 81.33234027130749, 63.8474435968364, 14.930260497245694, 3.8756775150878475, 68.05695248787987, 60.36417468481566, 83.00893416925985, 12.340866626057169, 79.79917632597584, 70.14787714095456], [30.594172598531532, 15.230595855004118, 60.42518425293106, 68.32351127093649, 77.10124197220794, 42.27840939806802, 47.100539721524804, 26.980545212824595, 53.95547556297519, 20.681344902996592, 62.93916474008539, 91.09228814274624, 20.696911051139946, 87.58404030955761, 71.81526958891494, 52.540482239321484, 77.8009942150072, 41.027417548503905, 70.78095226529264, 34.02802403853602, 56.43731565797197, 48.503642198185865, 0.0, 97.46975630187131, 45.251286449122006, 82.59279240756373, 43.244848366889066, 75.95321216079907, 35.69258605076532, 91.66583117979079, 38.73386142171334, 36.77737700830028, 39.07551527290411, 42.70913245057553, 40.8232927262428, 92.39699822618911, 8.036383488014136, 45.203507483153885, 35.72052110042669, 34.140850602091575, 46.53125409166477, 75.0954037121453, 52.68410799753883, 35.942437164962065, 37.36643149408414, 57.26457111744413, 79.15774863808433], [68.77276525631181, 83.87034979595512, 39.19960662575734, 29.224865976044505, 68.33286836242391, 91.49588503440957, 86.1955626905383, 74.61177376509562, 45.75547273963469, 100.85080190016362, 45.41001255253908, 33.13903060660726, 94.59948517974533, 35.44453983242039, 27.767800975875815, 80.36683489922171, 19.987786378248565, 93.35035201978435, 43.8649220116445, 95.84907831548031, 46.681655827947324, 90.76681118810482, 97.46975630187131, 0.0, 80.35461496164275, 64.40659007929077, 54.61444768985, 42.13796076110934, 76.67393162807366, 13.031508687636695, 61.02033415458824, 60.69242858310004, 78.47640427475434, 79.59693499000751, 81.82550505421938, 36.269491418449384, 91.19464784211074, 78.89878982567576, 68.84668376860701, 86.71361346156469, 87.2836077869872, 23.583928902277393, 45.32744817954844, 104.50834324308282, 94.72451204013217, 55.862381860986424, 20.710456755648075], [45.95277820663743, 32.968112753083574, 42.93459406584298, 57.27822700999651, 33.651396608595384, 11.453015213810003, 6.240019791913916, 24.556471053955214, 54.48207486572605, 31.854591773269455, 35.13367436642755, 90.32959394109666, 27.012143796891614, 55.770806436048375, 64.47424272356349, 7.31670908762125, 61.68827895663347, 13.607784625962285, 39.26064230394488, 72.55127850885832, 34.351019952946686, 82.12427904737753, 45.251286449122006, 80.35461496164275, 0.0, 40.15460866745583, 36.744930183156356, 43.476689019596336, 11.633636534806483, 80.82971477038367, 48.5973845781312, 38.50666693804075, 6.995726993790484, 71.14888464401, 70.79521538759475, 59.72170647828166, 46.222626999385646, 1.4818553318334482, 19.75176079453955, 67.77584587825865, 78.77942462766424, 65.28887253738762, 41.295145721633666, 26.80173960482239, 74.78001123564778, 24.840433361835174, 69.62336615741094], [71.15058882538652, 68.1005357922415, 44.08895079304445, 56.15216579560438, 7.178554045421268, 49.65581464539215, 42.306564694936895, 56.6745748084005, 65.22515500180226, 71.92451606687264, 31.03387181074867, 88.13267161883238, 66.72155628484784, 29.45135994808369, 63.763523027609665, 34.40967726632118, 53.12310056194366, 52.001055814882896, 25.13582649889123, 103.0722653260487, 38.27423462721294, 108.18408464030904, 82.59279240756373, 64.40659007929077, 40.15460866745583, 0.0, 53.37981237819352, 23.772133141343595, 47.08568736244151, 71.29853337611057, 69.11109862422799, 59.88228730206494, 44.50048010224241, 95.63378664309066, 96.30141616391177, 30.54864815772246, 81.30847786051581, 39.50953513486006, 48.01012589767066, 96.03815043538363, 104.38221232394942, 61.83936559877116, 49.93664458038715, 65.66314518541257, 104.31346559933968, 28.438834283021933, 64.82258626329272], [19.07802301996014, 29.256878783436036, 17.517144169528223, 26.004257248939982, 50.914216716823766, 45.02906131740155, 42.82963282875256, 20.786208243001326, 17.81133639944654, 47.1824027302283, 24.444573551950096, 55.3543715445742, 41.134898096841475, 47.33673196771081, 31.244186187932936, 41.161336672942355, 34.72793216955933, 46.10027433667321, 32.75196639678276, 51.63351308362372, 16.49998987126545, 54.91342370228178, 43.244848366889066, 54.61444768985, 36.744930183156356, 53.37981237819352, 0.0, 37.56953502525619, 27.62774227499781, 50.42220003468822, 15.731306365732298, 7.631501862150942, 31.423031053932064, 42.286652448551344, 43.07333007625614, 52.230484962761786, 37.75747937154007, 35.402535320711955, 18.08481374128847, 43.6720838193204, 51.08312074625619, 33.59025241107324, 9.440197560919945, 53.925313875109595, 52.24279981936666, 25.233871841028968, 37.959185398179685], [56.64039005919406, 60.72299271626432, 23.29518015111011, 33.07178721816144, 26.457117328476514, 54.887233066366846, 48.34467807573481, 49.04133883118224, 44.80563672625835, 71.26124197445722, 13.388373591419676, 64.36857833658429, 65.16184395235109, 12.429194256042393, 40.41797211488189, 41.250062980654, 29.351170949332833, 57.0820958945556, 5.174369208726499, 89.20095641247153, 21.10987029861567, 91.41863462683014, 75.95321216079907, 42.13796076110934, 43.476689019596336, 23.772133141343595, 37.56953502525619, 0.0, 44.50018115538048, 47.793690733439185, 52.41436740153189, 45.08891409804122, 44.26078976784928, 78.66541725472104, 79.82234658561285, 16.843187885928167, 72.45974548202705, 42.20682041532494, 40.552437732803824, 81.12328679355113, 87.54396224646987, 38.21492506397301, 31.060986517988376, 70.04126391561283, 89.73557083875188, 19.83653812614524, 41.07446352522564], [34.5058236998371, 22.098076677503123, 37.71542275744861, 51.0163688215758, 41.42061696746871, 17.43916091496309, 16.5761723269648, 12.922968443217535, 45.36617542623648, 26.777373905860756, 33.43058745789582, 82.70400703153857, 20.77104083116788, 56.88372677436934, 57.57848307184189, 18.52669234604494, 57.109441767757914, 18.478710543503883, 39.619752299341386, 61.122717082973054, 30.045108264934292, 70.49088313492724, 35.69258605076532, 76.67393162807366, 11.633636534806483, 47.08568736244151, 27.62774227499781, 44.50018115538048, 0.0, 75.36992953209794, 37.728765510697386, 27.960735731477175, 4.690205048023747, 59.55864873758638, 59.173565826223935, 61.32797317889012, 35.54073007245951, 10.895707426238666, 9.558726747778692, 56.168571723562465, 67.14809393201685, 59.05590474664411, 33.99721502731067, 27.862099781216955, 63.26719629574756, 24.66389327153647, 63.48159176201184], [61.7402565107013, 79.1206374029879, 37.95898522330354, 24.577753530826424, 74.1926351866388, 91.44107259133246, 86.94088403210637, 71.15063304105425, 38.04716539784307, 97.5870606076582, 47.439514822693006, 20.37416547188286, 91.48865492807445, 44.00677523760966, 19.852673342986517, 82.01281771669524, 19.60780688225457, 93.07358891250661, 48.17878810471241, 86.24396027903828, 46.48213464173413, 79.81014028769312, 91.66583117979079, 13.031508687636695, 80.82971477038367, 71.29853337611057, 50.42220003468822, 47.793690733439185, 75.36992953209794, 0.0, 53.645632369649945, 55.34474926674981, 77.87419009935687, 69.27075566233684, 71.64655370092458, 45.92156282637892, 84.80785361513712, 79.34830200154437, 66.68604594009446, 77.14884119567947, 76.48593525229528, 16.84246644679025, 41.88814647921716, 103.08875820246514, 84.78990836969747, 57.581787196314714, 12.559445497364615], [8.184433720180706, 28.81458902805688, 30.18056146244033, 32.12499247118387, 66.54775909873005, 54.66212840808465, 54.190466485135964, 26.480203891846283, 15.599325222389737, 49.47327489379881, 39.70618522102094, 52.556928419013026, 44.366078675408644, 61.08376731639004, 33.92794920549876, 54.16039740276575, 42.60408412860228, 55.17415083892655, 47.84551534962997, 37.53818209901685, 31.74351613410774, 39.27450453102374, 38.73386142171334, 61.02033415458824, 48.5973845781312, 69.11109862422799, 15.731306365732298, 52.41436740153189, 37.728765510697386, 53.645632369649945, 0.0, 10.29923306360638, 42.23155356346348, 26.59244781555178, 27.504274593794005, 65.89774084284049, 31.407356657413157, 47.448672462562506, 28.84946160825355, 28.967101719498295, 35.4252933965893, 37.67127395013147, 21.614963549708722, 59.87032022270752, 37.61668590200994, 40.9074600742301, 41.37914970533704], [11.597084825752608, 23.81398896416096, 24.943442498537376, 31.570935295525192, 56.889706524570926, 45.204084913815095, 44.23362052066569, 17.968742411261324, 19.22461660323906, 43.288260233138374, 31.856133157544033, 57.84632971627588, 37.59258253536065, 54.968128700343335, 35.62853013728966, 43.90862848031401, 41.085490037199214, 45.9108874250733, 40.20268290252268, 44.183814996153046, 23.980749720688333, 48.344117949108565, 36.77737700830028, 60.69242858310004, 38.50666693804075, 59.88228730206494, 7.631501862150942, 45.08891409804122, 27.960735731477175, 55.34474926674981, 10.29923306360638, 0.0, 32.33055962581181, 35.93101175708558, 36.451689486574125, 59.861985038470344, 30.750983881639666, 37.316291102686556, 18.776285135640762, 36.441728125416, 44.57272905231765, 38.5827649178493, 16.490510251169926, 51.93090050709805, 44.938680648393735, 31.46431319608825, 42.785374324691354], [39.17868846940685, 26.181125781497386, 39.96772914884009, 53.76935649865617, 38.46777361412111, 13.798123939775198, 11.968721898637057, 17.587466595861493, 49.23149219336159, 27.85779745497766, 34.1809980241661, 86.06231712514644, 22.304571007337124, 56.689622098204985, 60.606015768770646, 14.08402584305539, 59.211003260107745, 15.230724384301137, 39.60281265009712, 65.5904322134162, 31.833840886301502, 75.14807782066983, 39.07551527290411, 78.47640427475434, 6.995726993790484, 44.50048010224241, 31.423031053932064, 44.26078976784928, 4.690205048023747, 77.87419009935687, 42.23155356346348, 32.33055962581181, 0.0, 64.24787779385463, 63.854312153024644, 60.956031425647836, 39.53925672844494, 6.418427446362937, 13.631944289408963, 60.781136386573436, 71.81890838736945, 61.825134559651445, 37.08111385131514, 26.30772342785442, 67.79602059696005, 24.60984682015239, 66.22717000102354], [25.569366353727865, 42.217879507431526, 55.79856731078089, 53.60747034807456, 92.81836632320366, 74.49850054649293, 75.92338488464053, 46.719834023282175, 36.19339938085691, 61.05148775455248, 66.21177932482203, 60.16272826254253, 58.036519157737445, 86.51716649472787, 52.08650632186189, 77.60241754490974, 64.15297393941394, 74.3478752751198, 74.25004174475934, 18.07262792762454, 58.27501466927123, 12.753242201865108, 42.70913245057553, 79.59693499000751, 71.14888464401, 95.63378664309066, 42.286652448551344, 78.66541725472104, 59.55864873758638, 69.27075566233684, 26.59244781555178, 35.93101175708558, 64.24787779385463, 0.0, 2.6870151491707137, 91.20730898448504, 35.05530670705683, 70.25428531958823, 52.27665926757106, 10.304125655227926, 8.879183725592537, 56.456094547860694, 47.61180717372529, 74.8834863786382, 15.830293163942237, 67.30914402526977, 58.887940113434574], [25.673796647265977, 41.14478258077148, 57.128296003392904, 55.49969686322803, 93.30372045812598, 73.74568991935938, 75.42118111608242, 46.276763430387476, 37.9761882742261, 59.54556998102657, 67.20948456953191, 62.79224433577493, 56.74845891805541, 87.94383796004132, 54.23307856609351, 77.36871515763944, 66.09032027419762, 73.51379293240419, 75.32353520302375, 15.402036232776089, 59.247769363965794, 11.892945684027943, 40.8232927262428, 81.82550505421938, 70.79521538759475, 96.30141616391177, 43.07333007625614, 79.82234658561285, 59.173565826223935, 71.64655370092458, 27.504274593794005, 36.451689486574125, 63.854312153024644, 2.6870151491707137, 0.0, 92.66836410141704, 33.30828922815018, 69.94590808984469, 52.19756227417225, 7.731115547985238, 8.168788741302363, 58.58593094541655, 48.81882357333282, 73.59390505369198, 13.264370736368734, 67.90913408555583, 61.11602228067097], [71.14338889040535, 77.18902172073352, 35.71743595395603, 40.134724076976845, 36.15940479831965, 71.01204156601392, 64.1961637735964, 65.60978715026293, 55.560720661851825, 88.09673710318992, 29.458206561938816, 65.30053731347084, 82.00427039794971, 4.899873239800366, 45.80686832397205, 56.730171177532995, 32.179014196551584, 73.26398372932779, 21.87516196382472, 103.33825043166887, 36.41434785143606, 103.85877243861023, 92.39699822618911, 36.269491418449384, 59.72170647828166, 30.54864815772246, 52.230484962761786, 16.843187885928167, 61.32797317889012, 45.92156282637892, 65.89774084284049, 59.861985038470344, 60.956031425647836, 91.20730898448504, 92.66836410141704, 0.0, 88.52340964655335, 58.52196465925858, 57.252622326694514, 94.86453365638867, 100.00098462599313, 42.31923689606426, 44.326877984216836, 86.46147342595164, 103.51372687881197, 36.666474588671264, 43.62167350475229], [23.222940585252147, 13.453262238759228, 55.229119390774756, 61.97120886887502, 76.30877888879607, 45.21455821997357, 49.04653944308661, 24.649173375811543, 46.8628407933148, 26.6212309382214, 59.18500241221462, 83.45318786300075, 24.970219893643318, 83.65248997878606, 64.97070122033182, 53.51853915627603, 71.78243160713676, 44.32225912630179, 67.29903347371051, 28.349003096432416, 52.17292537301198, 41.76762886618215, 8.036383488014136, 91.19464784211074, 46.222626999385646, 81.30847786051581, 37.75747937154007, 72.45974548202705, 35.54073007245951, 84.80785361513712, 31.407356657413157, 30.750983881639666, 39.53925672844494, 35.05530670705683, 33.30828922815018, 88.52340964655335, 0.0, 45.91725887080321, 33.418452419630675, 27.043175488723957, 39.4905154314195, 68.42654097139808, 47.099924018882916, 41.399044236921334, 31.376876040871792, 54.66158693015268, 72.37572204771175], [44.9751866984095, 32.58641458961982, 41.452871408973856, 55.80113030345201, 33.12426059684864, 12.81163757983154, 7.700966653983732, 23.784471494792555, 53.115876462029696, 32.41910529492052, 33.70534144480457, 88.87403096671942, 27.390999356915074, 54.528889113648866, 63.00554470867076, 7.668205572637426, 60.21183136601906, 14.917813446005365, 37.93853288131724, 71.98026234077322, 32.87011020088001, 81.33234027130749, 45.203507483153885, 78.89878982567576, 1.4818553318334482, 39.50953513486006, 35.402535320711955, 42.20682041532494, 10.895707426238666, 79.34830200154437, 47.448672462562506, 37.316291102686556, 6.418427446362937, 70.25428531958823, 69.94590808984469, 58.52196465925858, 45.91725887080321, 0.0, 18.6022558104362, 67.0568962894962, 77.9574866321816, 63.81023742700638, 39.84898063937435, 27.949753346648507, 74.15442687660496, 23.44117073287974, 68.1435100251558], [26.750438812793217, 20.600280716762928, 29.647287023165116, 42.16647372440663, 43.39313805615124, 26.99351500646909, 25.468256743518907, 8.829031687612748, 35.80745514329372, 32.33600344961687, 28.050049519129516, 73.28754370330469, 26.039506997348138, 52.54862777099334, 48.433333121480665, 25.51888365991634, 49.00502470174679, 28.017322996644403, 35.416221405953216, 56.108267281496104, 22.95418246891019, 63.8474435968364, 35.72052110042669, 68.84668376860701, 19.75176079453955, 48.01012589767066, 18.08481374128847, 40.552437732803824, 9.558726747778692, 66.68604594009446, 28.84946160825355, 18.776285135640762, 13.631944289408963, 52.27665926757106, 52.19756227417225, 57.252622326694514, 33.418452419630675, 18.6022558104362, 0.0, 50.13231088841585, 60.31938522345582, 50.14993989635108, 24.930829677830634, 36.458616053059124, 57.83160610107017, 21.544555646950247, 54.583005423744744], [24.932356961373493, 36.51309831128273, 59.14711953997179, 59.33639221595267, 92.51862814072692, 69.63696159094842, 71.9684067801793, 43.28365139079994, 41.68761066058252, 53.62477360962513, 68.11319086178979, 69.53107554109674, 51.37837285066676, 90.05009837672648, 58.95425629519942, 74.6345876435977, 70.00094189587249, 69.19411289263631, 76.39632611399439, 9.13576192190478, 60.15337996990067, 14.930260497245694, 34.140850602091575, 86.71361346156469, 67.77584587825865, 96.03815043538363, 43.6720838193204, 81.12328679355113, 56.168571723562465, 77.14884119567947, 28.967101719498295, 36.441728125416, 60.781136386573436, 10.304125655227926, 7.731115547985238, 94.86453365638867, 27.043175488723957, 67.0568962894962, 50.13231088841585, 0.0, 12.447932490351027, 63.21682078443606, 50.56848513987931, 68.12598299142147, 8.649863093031962, 67.62041416103897, 66.08904888786327], [33.84129621480541, 48.49608887947597, 64.65337975933045, 62.03209760416128, 101.44591596395775, 81.39320955822421, 83.2979732693661, 54.231478948600426, 44.792224619614146, 66.0601170421387, 75.07892462657736, 65.77901141425471, 63.6948961162946, 95.32888506785417, 60.05571845964489, 85.41613483718334, 72.49173260974031, 81.07114756563449, 83.12719139947549, 15.691294982740326, 67.13635035035088, 3.8756775150878475, 46.53125409166477, 87.2836077869872, 78.77942462766424, 104.38221232394942, 51.08312074625619, 87.54396224646987, 67.14809393201685, 76.48593525229528, 35.4252933965893, 44.57272905231765, 71.81890838736945, 8.879183725592537, 8.168788741302363, 100.00098462599313, 39.4905154314195, 77.9574866321816, 60.31938522345582, 12.447932490351027, 0.0, 64.44926978624551, 56.48888674707993, 80.48389410881148, 12.248579907006528, 76.01361612895734, 66.62794110929873], [45.59691629351161, 62.318289064008766, 22.523377795675852, 8.055835704358088, 63.37417585209764, 75.53491124391297, 71.48666233475727, 54.3411626871643, 22.23218255986629, 80.76724727429267, 33.99314343521447, 26.73202945491307, 74.68813501945208, 38.85692329460435, 4.39859923967082, 67.17742458800177, 10.146343775350545, 77.055783988244, 36.991838764336826, 72.34745763297173, 31.298864322906937, 68.05695248787987, 75.0954037121453, 23.583928902277393, 65.28887253738762, 61.83936559877116, 33.59025241107324, 38.21492506397301, 59.05590474664411, 16.84246644679025, 37.67127395013147, 38.5827649178493, 61.825134559651445, 56.456094547860694, 58.58593094541655, 42.31923689606426, 68.42654097139808, 63.81023742700638, 50.14993989635108, 63.21682078443606, 64.44926978624551, 0.0, 25.236508532031646, 86.60661148066227, 71.3280345991525, 43.36435769035294, 4.433095761825099], [27.073261862954954, 38.61246714381515, 8.68173756195584, 17.311481706591337, 48.70248964198447, 50.8769061594155, 47.53289350802391, 29.45743884608933, 15.612541206622337, 55.87582183062487, 19.123540657272574, 49.06611214806847, 49.708547480072234, 39.49292875591916, 23.582038961280478, 44.39158416264834, 25.377766665398127, 52.249863567073085, 26.78046145098771, 59.01341810763027, 11.707389464322171, 60.36417468481566, 52.68410799753883, 45.32744817954844, 41.295145721633666, 49.93664458038715, 9.440197560919945, 31.060986517988376, 33.99721502731067, 41.88814647921716, 21.614963549708722, 16.490510251169926, 37.08111385131514