instance_id,num_cities,city_coordinates,distance_matrix,best_route,total_distance
1912,80,"[[69.95211761654149, 95.50247039507327], [38.661119079646134, 47.04014420907677], [25.532087208528587, 70.36238451838942], [64.43084645403152, 71.11079002465752], [82.46735321459741, 77.08191681682392], [83.1578143763937, 12.239215536709159], [65.58043803853928, 96.58861903240967], [4.5233881017758275, 17.67159956402431], [74.00835538497411, 42.20404707223864], [44.85689181757775, 8.429342526368355], [82.92122177674479, 39.93368417414296], [97.46370519041031, 5.298829216818024], [11.550843654803966, 86.3023316902585], [79.15349701231641, 46.49152932675092], [10.591286997870053, 94.31898652378402], [31.17499178915709, 87.33387928546175], [21.690160078956033, 53.78074878891361], [17.888348925266527, 88.30506970403826], [19.306765387553803, 17.672532045499047], [43.13760509754846, 98.32416051130475], [47.35457688311966, 70.5933732458496], [98.11277317806356, 74.94880506469809], [61.832071085390986, 38.47410482690285], [96.8428317032314, 30.81940432114919], [86.5436714860829, 47.30974429979048], [7.527768350586217, 45.62353986538916], [23.17203260791968, 59.92250868377571], [52.27164735914427, 74.28199538811239], [80.1466059357654, 82.09079790819051], [20.196570131379154, 46.18529980622657], [55.980646251070475, 87.82923873681587], [32.665897041526094, 60.019217619395036], [73.64865184967131, 64.64053741620481], [68.24985999536699, 71.32912805115171], [23.83031511904751, 69.82328512835842], [63.62286265982389, 69.33557345535806], [89.35948880779974, 81.39763025881919], [8.858593975014028, 85.10767688006148], [85.0015695673897, 15.727844475665865], [63.85915743436009, 7.7819332025887755], [73.59837280642213, 18.636815381277007], [62.71785508232283, 26.57768646644927], [6.933690880324672, 29.811686516889736], [99.17784463750596, 82.09178586145576], [86.22175060602389, 22.63082833036636], [14.385158176682456, 70.95370298240114], [95.20333608025103, 20.62614407057053], [26.679154268857964, 44.857469123686236], [21.061924910823613, 19.74197636212349], [53.419985426934765, 41.085746891185174], [86.44202784962323, 1.1701043489105944], [27.993683725225406, 51.798408101158046], [64.68888015928192, 27.225380957232836], [99.19513639325194, 41.942123787020755], [27.624006806978052, 5.102777847110329], [57.21940510513059, 12.638837638266276], [82.19126135609129, 70.57139099660434], [78.50128786497108, 36.60782920587485], [49.56814862554607, 17.827016257729756], [27.042185290662534, 42.15433830758117], [0.48382655606894476, 5.026109903179455], [60.77878332868076, 66.81272531144141], [47.43496902146085, 11.323589420220891], [29.511295879546196, 67.30242908685901], [15.619940194811265, 79.46029618382201], [61.694609607259935, 46.47227922671276], [84.04769253040202, 60.28884865104451], [34.617919064228275, 58.836316300663704], [39.55167364841218, 82.7937758344482], [85.27953511478077, 4.3693337950251765], [31.28371480576505, 29.20945954533134], [1.9523765782900937, 5.215433678466274], [39.86990392347794, 18.61105817676959], [65.07504084713091, 47.98458643174334], [60.04153096016592, 94.92940512652484], [30.55900397874337, 94.25509684490993], [7.840142794376015, 77.79738301028469], [68.87005923108718, 98.59906591841315], [44.8486398627168, 26.344392456567732], [82.15828170895433, 30.460499568452438]]","[[0.0, 57.68642516913238, 51.040797596979516, 25.008768593085296, 22.26988810488282, 84.30397402567728, 4.504586684159736, 101.6787249144864, 53.45254899005418, 90.61732701167482, 57.062138627864776, 94.30580222154987, 59.12149653503158, 49.86720091590822, 59.37262707521204, 39.62816382509826, 63.79591365551238, 52.55890587755698, 92.85715376801484, 26.962566953895028, 33.63200808735811, 34.86367278655178, 57.60355575001369, 70.05005025562602, 50.96879936098991, 79.90436215916516, 58.77337857220124, 27.620781814491767, 16.846380946250765, 70.05567657540429, 15.93990264077733, 51.47157926770247, 31.082523586878683, 24.233203690087652, 52.788646711012646, 26.921477741030706, 23.991510411488576, 61.971528649514575, 81.18175253468156, 87.93188732831625, 76.95208962471179, 69.30339381315684, 91.03077059345452, 32.1557083511488, 74.66576976646807, 60.74807785331493, 79.0195436443125, 66.61430409956075, 90.16597694762059, 56.87258734780086, 95.76279247892847, 60.58510737468709, 68.47965106974743, 61.02347807155672, 99.81870254352592, 83.83617120046226, 27.77328499565947, 59.51190698289764, 80.30555626647772, 68.46375310656009, 114.06934413207456, 30.120616443237346, 87.13843000095483, 49.3021540355837, 56.6510093185506, 49.72068065231334, 37.92999325710182, 50.92064849753272, 32.94993036251566, 92.41308518672213, 76.74639185955562, 113.02970308876863, 82.56651169572469, 47.767511701649404, 9.92714116327283, 39.41285758295284, 64.58612494655735, 3.280206424099024, 73.57325831771472, 66.17740105853285], [57.68642516913238, 0.0, 26.763751062176393, 35.262938603146544, 53.11773950858373, 56.48947272537437, 56.388838350590966, 45.03216729057003, 35.67653220173774, 39.104751711288685, 44.826983670394675, 72.11159068136551, 47.712539226269065, 40.4960942429182, 54.98367397435405, 40.98325497340715, 18.260591433598798, 46.19850707535263, 35.17168820271393, 51.47901762034373, 25.106389757180416, 65.67642290648878, 24.703644418374505, 60.40053051360779, 47.883311384699326, 31.16556265311458, 20.146143903675583, 30.452667136192566, 54.31016428279737, 18.484326517783426, 44.31383817538875, 14.29681901252131, 39.1650519006308, 38.28117455170663, 27.18500057505156, 33.46901265108489, 61.24346120812251, 48.34591550760741, 55.92760915685541, 46.64920437001655, 45.02622332007476, 31.582253307376554, 36.10331639329796, 69.93491012914876, 53.45866041021363, 34.076099702980386, 62.40770550709665, 12.179144110131492, 32.47955669636442, 15.914741068469933, 66.23500433802438, 11.680550171435835, 32.71191204355423, 60.74830914805471, 43.36543029530867, 39.0878481626014, 49.48325840102977, 41.18339768850078, 31.182850065651575, 12.604392952454079, 56.768695097631934, 29.66725527045958, 36.77842749203432, 22.23239647589728, 39.773888148740724, 23.04048950269655, 47.280748925873354, 12.46984933265071, 35.76472091101383, 63.19869282680483, 19.29661652721029, 55.64924246564569, 28.454772770679455, 26.43080086283352, 52.44524118926417, 47.90507302480861, 43.54239678579618, 59.7570286485433, 21.60091558342869, 46.54984181723788], [51.040797596979516, 26.763751062176393, 0.0, 38.90595817662653, 57.33041626825607, 81.84758520627341, 47.871555029975845, 56.724635364762136, 56.061043016037104, 64.87796053794672, 64.95705174289218, 96.99187540187069, 21.202761309568697, 58.69474692786337, 28.233779247201227, 17.88502185446922, 17.02090031502371, 19.502991734970006, 53.05633972853439, 33.04262666342637, 21.823712135882104, 72.72545104181792, 48.31719374242408, 81.54060070460679, 65.22145074364168, 30.596828794888836, 10.703310943815776, 27.02531084776722, 55.85965750387094, 24.758819997319176, 35.10278826610389, 12.564726190165267, 48.45558096985366, 42.728710546026186, 1.7851208353690209, 38.104612784283276, 64.7743301274997, 22.258234957858633, 80.75612854583147, 73.38444793677414, 70.61092205697689, 57.44459170246821, 44.61232401915169, 74.5739662560233, 77.21098820395763, 11.162602042843565, 85.60243298661985, 25.530696663660787, 50.81739931238883, 40.43335724120387, 92.18238716779537, 18.72646997782915, 58.258523071078635, 78.95540535789773, 65.29312667116218, 65.84902413781155, 56.65955964170365, 62.81008058049339, 57.77280646399103, 28.24843831521945, 69.97316730224298, 35.42498649077824, 62.97075161021033, 5.019704064031484, 13.45446599065008, 43.3412639073452, 59.376360540672636, 14.676600051432692, 18.73735023951758, 89.0215719648156, 41.55291149673437, 69.28295574775333, 53.700770630115876, 45.43579018429583, 42.36083343854287, 24.415806243753895, 19.190729525683732, 51.72513891247193, 48.06987447036473, 69.2725510296687], [25.008768593085296, 35.262938603146544, 38.90595817662653, 0.0, 18.999208701734563, 61.778326379525964, 25.50375132719553, 80.27858147298744, 30.452068327775432, 65.66660917536957, 36.24784005687777, 73.63683821070917, 55.01888434186942, 28.68561375973773, 58.62864954248574, 37.00189852771439, 46.120457511229745, 49.6170064585507, 69.94161928309315, 34.55386607470955, 17.084106724714708, 33.89989007785485, 32.739988608947186, 51.71008170273206, 32.48794866554873, 62.35030247182384, 42.74888722938686, 12.565932758307758, 19.171480621228884, 50.773529170403954, 18.732656266829647, 33.645727657463574, 11.261976075674955, 3.825249785663288, 40.62094057922604, 1.9504439698739133, 26.967689771377408, 57.30783617651818, 59.07982148829686, 63.331437175586785, 53.26876715577259, 44.56603697846207, 70.79222308709033, 36.44085828201849, 53.15214191019263, 50.04593481485224, 59.12398493763169, 45.98290031276268, 67.22810701571974, 31.980342020136575, 73.32251781835696, 41.2387551131773, 43.88616764321357, 45.380248402370306, 75.5764587450029, 58.91497349744836, 17.768604019583847, 37.26166430476683, 55.317812082420666, 47.290464997001145, 91.9587206337088, 5.640117494391428, 62.15600699705631, 35.126608509171334, 49.51988310717538, 24.78998197704208, 22.403907361840464, 32.240864516180324, 27.485730787512995, 69.92202656191242, 53.427088938526474, 90.80615169692776, 57.96086388322119, 23.13517406541428, 24.219672084394347, 41.02390340838762, 56.98436861500166, 27.844423529518455, 48.86198078474925, 44.347582514623255], [22.26988810488282, 53.11773950858373, 57.33041626825607, 18.999208701734563, 0.0, 64.84637727674651, 25.80076230445372, 98.0043238514865, 35.88900168856511, 78.27977237577551, 37.15100517006845, 73.33281828739837, 71.51340698486213, 30.76935894233435, 73.91404106713404, 52.30687407077923, 65.09079533169005, 65.5469828118061, 86.71063864120144, 44.69968684595258, 35.707257796935565, 15.790165660317898, 43.77645503236916, 48.44455020112829, 30.0499355579084, 81.27466308763695, 61.728278230687934, 30.32524051208836, 5.520394706871599, 69.51439684336442, 28.58409652627988, 52.643335198867135, 15.249833282823095, 15.337264815517377, 59.08460011380093, 20.37451004914412, 8.131845765169496, 74.04500159621587, 61.40638765932104, 71.75480944946409, 59.1142004537993, 54.22840546946242, 89.10560486432234, 17.445323483371137, 54.58036768960779, 68.35744499307374, 57.874515427179425, 64.42622269493354, 84.01485223767577, 46.254446539843066, 76.01579645453936, 60.05527854079515, 52.93154326200276, 38.9181677915274, 90.49192832516874, 69.21249408706623, 6.516377304152918, 40.667941210445946, 67.77537091643538, 65.51247957386208, 109.1482384344615, 23.996882253128444, 74.50788927525967, 53.85148455459483, 66.88971008945424, 36.99265860105389, 16.86726447215409, 51.21006040521547, 43.29412068704831, 72.76694370895135, 70.08235873582582, 107.92336568797766, 72.34213154320732, 33.89907321780438, 28.660955021636415, 54.67535855089056, 74.63064000112813, 25.45337127246655, 63.16220367006324, 46.62244171471879], [84.30397402567728, 56.48947272537437, 81.84758520627341, 61.778326379525964, 64.84637727674651, 0.0, 86.16139523593533, 78.82184844165064, 31.33055583273828, 38.48994415703068, 27.69547921896303, 15.9005494952815, 103.01894694810636, 34.485584778625054, 109.5581567071511, 91.33138763685973, 74.18875595245763, 100.2303212131003, 64.08180229409845, 94.9327915001014, 68.4622489912727, 64.46815812111048, 33.80912218591999, 23.076029002002905, 35.23359215421197, 82.67053267487911, 76.62891399285309, 69.305568641395, 69.91645683294281, 71.5293989497574, 80.3271440716322, 69.51519485100053, 53.25713761251285, 60.94148722168871, 82.6781545443917, 60.34574074566634, 69.4359207660453, 104.0681834702635, 3.945879506276245, 19.806704056262458, 11.502704329891952, 24.967652764052062, 78.22345389391388, 71.66605159027964, 10.833896883049075, 90.42714900279674, 14.677709744718216, 65.2210818264071, 62.54750921118818, 41.430192394098846, 11.54605043404842, 67.88233221428322, 23.78416879202008, 33.75586550510644, 55.99046817141659, 25.941487492963873, 58.34018270990461, 24.80952581789162, 34.051272548195676, 63.591496271779164, 82.98805429093794, 58.983802859490986, 35.73457781250036, 76.87591582089938, 95.28923408409216, 40.405096319222025, 48.05787266984686, 67.28604042832444, 82.94239861491724, 8.150873420670491, 54.57940443038631, 81.50862923380478, 43.754354869079556, 40.058934570631855, 85.8605265146856, 97.43325737143785, 99.85301685492558, 87.53378607739147, 40.82338628604764, 18.248678234840494], [4.504586684159736, 56.388838350590966, 47.871555029975845, 25.50375132719553, 25.80076230445372, 86.16139523593533, 0.0, 99.7790524546808, 55.03373018512699, 90.56226257134357, 59.24934113093289, 96.6973032139598, 55.000043423221605, 51.90324004224063, 55.0359697279674, 35.62842880906854, 61.30962611330683, 48.406121033025485, 91.48224727200466, 22.509839063000612, 31.747989201842415, 39.072168844172076, 58.235272955121516, 72.8211978848334, 53.55244767038557, 77.2499304362098, 56.06136369431276, 25.975168291202156, 20.55140054984175, 67.82470092253321, 12.99548943001342, 49.20048911088444, 32.95111520203571, 25.400151539229952, 49.59290133464695, 27.323261053326068, 28.217182627016786, 57.872097133873076, 83.16035841539798, 88.8233654788808, 78.36307147124062, 70.06943028123374, 88.87406634346071, 36.591582394900044, 76.78423399393812, 57.25474304391583, 81.53412592723176, 64.72574255895476, 88.81049769479529, 56.81941062387213, 97.67240589773066, 58.47159220574921, 69.36896764206404, 64.15752012104765, 99.04721000219061, 84.36511523039609, 30.86771138186348, 61.356690820579175, 80.37277825160656, 66.69548592587556, 112.3443897332664, 30.160565890498532, 87.17444190023349, 46.46142418837938, 52.8150621357071, 50.26676017128436, 40.72729819429542, 48.82534119475216, 29.45834812974232, 94.29979318807263, 75.60566352920033, 111.34446194991175, 82.10683017555108, 48.60666015442451, 5.782082878023811, 35.09909072047575, 60.72110214844878, 3.8553215523353352, 73.23973527287804, 68.17443131116035], [101.6787249144864, 45.03216729057003, 56.724635364762136, 80.27858147298744, 98.0043238514865, 78.82184844165064, 99.7790524546808, 0.0, 73.68854496521442, 41.37886945220602, 81.49736643669033, 93.76026869949037, 68.98958271893446, 80.00150940780833, 76.88719870545658, 74.58646790871002, 39.98210497037173, 71.88678099507366, 14.783377315186739, 89.41975923447458, 68.0824857217585, 109.72534469722154, 60.96744516976737, 93.25097552741103, 87.21093113721619, 28.11293772074535, 46.18345226769022, 74.05830930738833, 99.34135186754841, 32.53735908821191, 87.00542368463455, 50.846057510759714, 83.5726223782532, 83.30782426249982, 55.61075200041293, 78.49786042486626, 106.1045285137094, 67.57528049322401, 80.50165138589267, 60.154293471290615, 69.08172807277622, 58.87201687613157, 12.377046122052452, 114.49640406873135, 81.8487408933848, 54.18705614532799, 90.72806786557362, 35.07063555405539, 16.667623102000352, 54.213462581140625, 83.56412437447081, 41.41852046587735, 60.91930050017848, 97.73330174829698, 26.29855250607355, 52.93579980145019, 93.97173228933731, 76.36301753088509, 45.0450286379362, 33.26410562783061, 13.275031685238567, 74.69618284664043, 43.37857777535481, 55.566309705027535, 62.77719727995866, 64.0158395825746, 90.22386000721727, 50.99230037817247, 73.9451055211422, 81.84439843370562, 29.141676311641458, 12.718732988094223, 35.358998334496114, 67.71543267997757, 95.13691558368785, 80.88810388347856, 60.21719602171364, 103.3912418726291, 41.24734253428001, 78.68120912086435], [53.45254899005418, 35.67653220173774, 56.061043016037104, 30.452068327775432, 35.88900168856511, 31.33055583273828, 55.03373018512699, 73.68854496521442, 0.0, 44.61545130649323, 9.197485254492374, 43.72812069425615, 76.45652017830938, 6.697386538655828, 82.08344216011456, 62.220565671851084, 53.583706317457334, 72.62753894174938, 59.95047270666866, 64.05052970680445, 38.94069528164066, 40.660080338441844, 12.734770060657358, 25.51516018564231, 13.535224192238113, 66.56847139148707, 53.83563499553411, 38.74892571357358, 40.35630077291025, 53.95886030589328, 49.05768452593375, 45.01754284169676, 22.439373556055358, 29.688897102795362, 57.27702886611321, 29.05130260456583, 42.09268654254328, 78.00777437192671, 28.667752998713205, 35.887158459480865, 23.570797510694927, 19.278447625945784, 68.20983227178502, 47.16497529894543, 23.071148968847258, 66.19266092469451, 30.2462081032079, 47.403522304496306, 57.51407758575517, 20.618718990859765, 42.876341569442936, 47.0042739706479, 17.64123173327513, 25.188142872516114, 59.3970703917331, 33.99956559095581, 29.523992810177162, 7.176635470582364, 34.51902863313374, 46.96619640006087, 82.38965561075625, 27.939374035100894, 40.73999911171592, 51.08734759587164, 69.26207567120116, 13.03250324391521, 20.684495122297474, 42.75790983228188, 53.24273656832886, 39.4779054823145, 44.6570735451513, 80.99519493515187, 41.497746844987326, 10.64042968675719, 54.54388660946432, 67.80234450267358, 75.13399976464174, 56.628616776550594, 33.19363875605302, 14.294481699592641], [90.61732701167482, 39.104751711288685, 64.87796053794672, 65.66660917536957, 78.27977237577551, 38.48994415703068, 90.56226257134357, 41.37886945220602, 44.61545130649323, 0.0, 49.410694772488746, 52.699875965938546, 84.69648921614377, 51.23462883549554, 92.47249655796676, 80.08195995075806, 50.92590214654711, 84.30559944568323, 27.17067376928249, 89.911257623117, 62.214187658276465, 85.21166467022219, 34.50861418356315, 56.60258662789978, 57.004151087383285, 52.69603186681062, 55.872885014620955, 66.26877461271302, 81.67847899851948, 45.095939681808105, 80.17531684331834, 53.01071180189729, 63.15586969307632, 67.10897092960677, 64.89478496671073, 63.73170818068078, 85.46842781682514, 84.7079949403755, 40.80273621143741, 19.013291072385794, 30.50024969595823, 25.463236175161335, 43.53589098498224, 91.52552361696615, 43.73481155360392, 69.55445493652859, 51.802764576836246, 40.711651277986206, 26.347222517665813, 33.76044013636431, 42.21397964798851, 46.53217850043543, 27.323960589197622, 63.84161128441325, 17.55102157578979, 13.059539956752424, 72.49475385788578, 43.88590316879648, 10.512478883296176, 38.14104231773087, 44.50338091639394, 60.51550226776358, 3.87597047870037, 60.84018109647896, 76.8127314816972, 41.602569309495664, 65.00251715131985, 51.43636425843425, 74.55343238949028, 40.626023212117325, 24.820241689310677, 43.024721242570415, 11.337432771201929, 44.42286427724946, 87.82274247438195, 87.00856107877284, 78.62674321644616, 93.31243875190006, 17.915051830689624, 43.321652420486714], [57.062138627864776, 44.826983670394675, 64.95705174289218, 36.24784005687777, 37.15100517006845, 27.69547921896303, 59.24934113093289, 81.49736643669033, 9.197485254492374, 49.410694772488746, 0.0, 37.56403867732638, 85.11041267519842, 7.563139754498168, 90.49519642930306, 70.17443134446769, 62.77725794492817, 81.04977168011212, 67.39701741017112, 70.65538820895317, 46.95745694735776, 38.16859867691112, 21.139599067946353, 16.639751205590144, 8.217566846326903, 75.6078519553991, 63.004116624304345, 46.034800914435706, 42.248322232373134, 63.03542354933281, 54.95251365061055, 54.120479654402764, 26.389565175979108, 34.654332380735305, 66.2202649861123, 35.16955726065478, 41.96081633233685, 86.75230517912524, 24.295071978457088, 37.37776595156604, 23.248056548967572, 24.218973978209682, 76.65872219328888, 45.183883462080026, 17.614832128164508, 75.22920696548968, 22.88299448532579, 56.45718568783824, 65.07132758067975, 29.523722574759283, 38.923144737674775, 56.19436012862317, 22.22429417346694, 16.397381700257572, 65.35268945479685, 37.4912260087387, 30.64640144543592, 5.531466989361948, 40.014150684423946, 55.92314389761424, 89.52353250544094, 34.824853666410235, 45.583019387051316, 60.01390157656445, 78.05008366129026, 22.210859718957586, 20.386310535272436, 51.87020873533842, 60.97462719841364, 35.6424558593963, 52.73936973521006, 88.09830197144478, 48.042380752070095, 19.578130680275606, 59.56517082099655, 75.44943821708084, 84.08821624169904, 60.32463994161458, 40.42512019754214, 9.503857328502571], [94.30580222154987, 72.11159068136551, 96.99187540187069, 73.63683821070917, 73.33281828739837, 15.9005494952815, 96.6973032139598, 93.76026869949037, 43.72812069425615, 52.699875965938546, 37.56403867732638, 0.0, 118.07873301404003, 45.07884499265706, 124.38410448918532, 105.47010459916294, 89.9562486109372, 114.98814410428058, 79.13037192532235, 107.72667921062386, 82.3061493430209, 69.65300011387072, 48.684825775585, 25.528126400950175, 43.406959375339454, 98.56244225945203, 92.21170735656577, 82.46817147264093, 78.72031746691546, 87.4180395427004, 92.36943582432066, 84.81200886565823, 63.94212303046727, 72.20421812630731, 97.90445109432865, 72.42863546866072, 76.5291176168016, 119.24897441415395, 16.25020564657077, 33.69616351000229, 27.339640903302552, 40.74388132694119, 93.78999767564763, 76.81208540502791, 20.65864797486629, 105.88960016492103, 15.493090367651781, 81.08846182069989, 77.75497752138564, 56.74991389628268, 11.769610887335935, 83.59602095072594, 39.433016966067505, 36.68417766515725, 69.83997355689903, 40.908182714231835, 67.0354746531152, 36.60364395984201, 49.50696727926463, 79.48282213994354, 96.98026209366323, 71.62222353949454, 50.39019922733843, 91.9890011251093, 110.44602777534766, 54.540637918471845, 56.602929544945894, 82.55819376095117, 96.74332095080639, 12.21957291279037, 70.36696220541683, 95.51136502044262, 59.11227777929957, 53.582641283844595, 97.12908556155816, 111.30793590100906, 115.27542339414778, 97.58345534884893, 56.66798771366211, 29.451072014971242], [59.12149653503158, 47.712539226269065, 21.202761309568697, 55.01888434186942, 71.51340698486213, 103.01894694810636, 55.000043423221605, 68.98958271893446, 76.45652017830938, 84.69648921614377, 85.11041267519842, 118.07873301404003, 0.0, 78.45392740839841, 8.07387785997251, 19.65124119337516, 34.0655117671543, 6.646422541862596, 69.06666143085509, 33.79715767107329, 39.09832078865489, 87.30332301594865, 69.39554104421286, 101.75007840143881, 84.52423378851257, 40.87724598397577, 28.826152961111152, 42.457889009512776, 68.72492720770005, 41.038090032215045, 44.45603225516237, 33.71420419921174, 65.76755365511141, 58.64277688859552, 20.551019318526325, 54.76646828361966, 77.9630768805104, 2.9454046332984385, 101.86151080112886, 94.34835806267616, 91.80696036348196, 78.64538324360639, 56.67901809176243, 87.72810266612919, 98.13156823890313, 15.608130638247308, 106.35366053524407, 44.119637523413104, 67.23646010957299, 61.62438294722777, 113.38512072666894, 38.22156109611353, 79.4590273755196, 98.23110553608383, 82.77508150429527, 86.67137855653475, 72.37078905276363, 83.37808799144479, 78.32103357861617, 46.78703864742677, 82.02623419032568, 52.94558339782536, 83.12329544554085, 26.145250870012987, 7.960590211990377, 64.03772593669679, 77.02268754544193, 35.86742211709012, 28.21978817291671, 110.22221231902745, 60.40680635174675, 81.65301953628975, 73.37627466953302, 65.82620516769563, 49.252138546677585, 20.604772080894808, 9.279194626936594, 58.62339248933226, 68.58350901969547, 90.02066720087478], [49.86720091590822, 40.4960942429182, 58.69474692786337, 28.68561375973773, 30.76935894233435, 34.485584778625054, 51.90324004224063, 80.00150940780833, 6.697386538655828, 51.23462883549554, 7.563139754498168, 45.07884499265706, 78.45392740839841, 0.0, 83.59570744959983, 63.008209890446274, 57.92381040543232, 74.17405563275605, 66.42413635466527, 63.1170826791783, 39.90075439993119, 34.194600380098386, 19.08692986712971, 23.633198344667942, 7.4353314986499415, 71.63098779179883, 57.57009261195925, 38.664503678224484, 35.61311821319927, 58.95772217244678, 47.38973761980486, 48.41585795570666, 18.965490104285724, 27.125552724170348, 60.04186275909135, 27.62337697568078, 36.36754254564378, 80.20336803952061, 31.314601358252695, 41.62150472077613, 28.403247946794597, 25.820369151422877, 74.12096568383434, 40.84547420646783, 24.885603486832018, 69.2339198333207, 30.44035953396797, 52.499779038632056, 63.95443169187217, 26.295172603648037, 45.90374977916708, 51.434321789018135, 24.091691798239776, 20.551506023656604, 66.0932455691617, 40.337440701517885, 24.270717959046568, 9.90519585123316, 41.19401836008062, 52.291491040972886, 88.92861214292773, 27.39673537492721, 47.35872691675733, 53.82788944526507, 71.57829580228257, 17.458898017595242, 14.639643790262609, 46.21484035027623, 53.72297008963196, 42.56533447825568, 50.89386981191858, 87.54272710074422, 48.171790059269945, 14.157406101183152, 52.07201799789284, 68.13797131740651, 77.88228915914235, 53.11256407152483, 39.78354368479925, 16.31020067885742], [59.37262707521204, 54.98367397435405, 28.233779247201227, 58.62864954248574, 73.91404106713404, 109.5581567071511, 55.0359697279674, 76.88719870545658, 82.08344216011456, 92.47249655796676, 90.49519642930306, 124.38410448918532, 8.07387785997251, 83.59570744959983, 0.0, 21.736619471889256, 42.03015229949715, 9.455913931877769, 77.1403820813253, 32.79183191765545, 43.75436216654282, 89.63935783431137, 75.79095437875546, 107.1052095090156, 89.32319723296638, 48.79171724547963, 36.62503034678559, 46.2464426049903, 70.62202906580121, 49.082718558560316, 45.850962473589895, 40.78924558598712, 69.69247881575421, 62.07289773080797, 27.844411511956633, 58.62182994190075, 79.82099388065745, 9.372857113174717, 108.228728905514, 101.61755566020115, 98.47681905367357, 85.47551014016209, 64.61091056113159, 89.42640902148187, 104.20728885614842, 23.671289223247665, 112.20442896228914, 52.01212528679346, 75.30846368740102, 68.32331381680387, 120.12513949289827, 45.94391147095504, 86.1864345113405, 102.92705124419554, 90.8275587844095, 94.05226270635376, 75.43543346081113, 89.1198400848101, 85.84996946723938, 54.697189856152555, 89.86311018301716, 57.230928647338594, 90.8057974219356, 32.98273960460793, 15.686555759438955, 70.0061210244575, 80.9561226677603, 42.85205869751023, 31.169447803618194, 116.91567231469668, 68.31857047642904, 89.52136003712108, 81.17221090787883, 71.52171743880417, 49.454011351973776, 19.967819192874398, 16.749094813920312, 58.435728562545776, 76.11906242137681, 95.91528078570494], [39.62816382509826, 40.98325497340715, 17.88502185446922, 37.00189852771439, 52.30687407077923, 91.33138763685973, 35.62842880906854, 74.58646790871002, 62.220565671851084, 80.08195995075806, 70.17443134446769, 105.47010459916294, 19.65124119337516, 63.008209890446274, 21.736619471889256, 0.0, 34.86795948559686, 13.322090279746224, 70.66511230590646, 16.244703708877534, 23.281398503420416, 68.0739057254897, 57.68131474851121, 86.63804637382125, 68.31999760488871, 47.94730014183652, 28.555745374959656, 24.807671182691827, 49.25148621567653, 42.58792475872594, 24.81060003848938, 27.355320148066916, 48.15599198574452, 40.38190082920791, 18.988554002957496, 37.105300656286445, 58.48653473936329, 22.42716184783307, 89.58082772835839, 86.00445807919144, 80.7405093245744, 68.45631592915562, 62.421497343922454, 68.20460057049081, 84.95075314051061, 23.456527629935582, 92.46378107215224, 42.71367433551362, 68.34427161425914, 51.31987423896617, 102.36523524236881, 35.677590071193364, 68.82014447064091, 81.77500558968016, 82.30773680589269, 79.10537726128057, 53.699541656891064, 69.37514293269862, 71.89932006885671, 45.36817180056949, 87.843705090642, 36.02085831766122, 77.72998793897355, 20.10041992443834, 17.434246211442222, 51.001151272537136, 59.38818203725223, 28.70478782875708, 9.52792413472517, 99.04755129183664, 58.12452142444875, 87.16306757263348, 69.27068382917022, 51.938234223168635, 29.849105455836437, 6.948574924960665, 25.20833074234986, 39.34237587292975, 62.503489144938136, 76.37982175601896], [63.79591365551238, 18.260591433598798, 17.02090031502371, 46.120457511229745, 65.09079533169005, 74.18875595245763, 61.30962611330683, 39.98210497037173, 53.583706317457334, 50.92590214654711, 62.77725794492817, 89.9562486109372, 34.0655117671543, 57.92381040543232, 42.03015229949715, 34.86795948559686, 0.0, 34.73301747183552, 36.186791604733465, 49.43792497360703, 30.68104677203499, 79.30007818023046, 42.96121935686072, 78.5821060549633, 65.17554634165015, 16.343604158502636, 6.318002912173561, 36.81750231057879, 64.95086560890437, 7.740907968714289, 48.323256405713934, 12.624788917855811, 53.08125729593196, 49.756921840459405, 16.184660509199325, 44.724759542554835, 73.08782520184279, 33.85299857188108, 73.86716522302258, 62.4028474775374, 62.686191493185085, 49.22680526917391, 28.14727925413599, 82.49761256162623, 71.65642832661266, 18.662084785035177, 80.64375276378792, 10.223256966873894, 34.044569431104364, 34.17520870158019, 83.43071549604731, 6.6078805196075034, 50.53788172472296, 78.40391824019392, 49.03830535410764, 54.35976550039293, 62.787808701155214, 59.34992339779763, 45.49563856379767, 12.79912475707534, 53.16693892225004, 41.203796908084044, 49.65285056413829, 15.620691511297373, 26.3872454767301, 40.666567465231566, 62.69622968926127, 13.881128025025566, 34.07035963028255, 80.53009716339, 26.377728245397886, 52.42299046502598, 39.590531999537006, 43.77034815191019, 56.24979614948792, 41.43463819893602, 27.724027451045014, 65.07399199623192, 35.90360475899756, 64.8091641449316], [52.55890587755698, 46.19850707535263, 19.502991734970006, 49.6170064585507, 65.5469828118061, 100.2303212131003, 48.406121033025485, 71.88678099507366, 72.62753894174938, 84.30559944568323, 81.04977168011212, 114.98814410428058, 6.646422541862596, 74.17405563275605, 9.455913931877769, 13.322090279746224, 34.73301747183552, 0.0, 70.64677828001392, 27.164445841168362, 34.37968559325664, 81.32864225971596, 66.43926382699101, 97.66479445147797, 79.96355432901858, 43.9210043055932, 28.87017636467194, 37.13297489379324, 62.56762533401759, 42.182969328639636, 38.09526913760839, 31.91340402531015, 60.574099007936525, 53.145690251101826, 19.41348302983968, 49.51249877016013, 71.804154168112, 9.579133328878337, 98.8515958738563, 92.72157649118577, 89.20354489155613, 76.28862604376705, 59.51033867791544, 81.52660307690176, 94.7763671242523, 17.701476563544105, 102.75234407874049, 44.32800756608311, 68.63650160918912, 59.09451446108268, 110.86978434859107, 37.87946848632473, 76.9481520323437, 93.59656212953786, 83.76994929349753, 85.27784387081373, 66.70343250226942, 79.66513065346281, 77.2707300769868, 47.0497898893542, 85.07821427611745, 47.974057893861435, 82.45696493199709, 24.004245641060805, 9.13102933914486, 60.572030129908775, 71.84683283452787, 33.886368117332076, 22.35338896403484, 107.64190512350366, 60.594776731186066, 84.6040355391256, 73.07834154455375, 62.06710292772134, 42.670511778709376, 13.99815425194721, 14.53884197943397, 52.01058684314362, 67.57205644641263, 86.46744216287686], [92.85715376801484, 35.17168820271393, 53.05633972853439, 69.94161928309315, 86.71063864120144, 64.08180229409845, 91.48224727200466, 14.783377315186739, 59.95047270666866, 27.17067376928249, 67.39701741017112, 79.13037192532235, 69.06666143085509, 66.42413635466527, 77.1403820813253, 70.66511230590646, 36.186791604733465, 70.64677828001392, 0.0, 84.09871637230749, 59.8940327832708, 97.42154954037487, 47.34033222184381, 78.64274811030839, 73.479016677609, 30.33156127442914, 42.42641649514791, 65.50812761283575, 88.60699280919205, 28.526648556381748, 79.16398822294688, 44.40392074628743, 71.82641681696447, 72.62545562475442, 52.34657151411794, 68.06604384832507, 94.70096198503357, 68.23974681022949, 65.72358104950801, 45.63704178147074, 54.30017015144775, 44.31505933368758, 17.333552551099498, 102.61203420046203, 67.09843477188272, 53.507993738744126, 75.95402074219794, 28.166876322414133, 2.7135188836147655, 41.37499741227158, 69.13373695766833, 35.21417281112216, 46.376645668749234, 83.4935021737872, 15.0723331119272, 38.24534389622072, 82.17511248270938, 62.149311901912434, 30.261777555994097, 25.674803970654466, 22.676750632653963, 64.30153082410499, 28.835826884790656, 50.66812728824693, 61.897661322661214, 51.24602204362697, 77.50830980185074, 43.91911384712223, 68.19554753142114, 67.30067926234567, 16.629732815134986, 21.36244627071132, 20.584545118770198, 54.895862136033166, 87.33811060764592, 77.40479380871072, 61.20850543210527, 94.89796615999917, 26.97384871860231, 64.1392642401469], [26.962566953895028, 51.47901762034373, 33.04262666342637, 34.55386607470955, 44.69968684595258, 94.9327915001014, 22.509839063000612, 89.41975923447458, 64.05052970680445, 89.911257623117, 70.65538820895317, 107.72667921062386, 33.79715767107329, 63.1170826791783, 32.79183191765545, 16.244703708877534, 49.43792497360703, 27.164445841168362, 84.09871637230749, 0.0, 28.049588471174282, 59.738399273298995, 62.70177209614262, 86.26206276840416, 66.98176812183648, 63.60358393683494, 43.28176230147504, 25.718795303191506, 40.412723299071665, 56.96272360888785, 16.585749579795937, 39.71051900394943, 45.44788706554989, 36.86946058159418, 34.42486519811166, 35.49625271620883, 49.223672761307654, 36.73861787157705, 92.59990790379474, 92.883139790117, 85.31079265418954, 74.37030810300156, 77.48988642063874, 58.3437951668288, 87.09606265985488, 39.69691611798999, 93.52979258817888, 55.94253919531418, 81.62410992692288, 58.15465019227646, 106.36815152429814, 48.92835570363442, 74.29329654056959, 79.50711213562775, 94.50342807404057, 86.8347375611304, 47.910377611708576, 71.13013151032754, 80.75358891743657, 58.43039846824438, 102.58592043327333, 36.11345618654856, 87.10663985523307, 33.882504681251916, 33.362662649510014, 55.072497756365415, 55.85982636986062, 40.39647126309684, 15.939000990308193, 102.97306312266052, 70.12386615600686, 101.81089362448239, 79.78005110777441, 54.91196414060154, 17.24143479213258, 13.220381432741611, 40.83208835732338, 25.733922528785456, 72.0001017303542, 78.28211596385434], [33.63200808735811, 25.106389757180416, 21.823712135882104, 17.084106724714708, 35.707257796935565, 68.4622489912727, 31.747989201842415, 68.0824857217585, 38.94069528164066, 62.214187658276465, 46.95745694735776, 82.3061493430209, 39.09832078865489, 39.90075439993119, 43.75436216654282, 23.281398503420416, 30.68104677203499, 34.37968559325664, 59.8940327832708, 28.049588471174282, 0.0, 50.94471785616929, 35.231310536866914, 63.490597486268356, 45.58412566560605, 47.00709794206654, 26.432230290388514, 6.146829701121071, 34.74921500200784, 36.51453655411245, 19.27392362658369, 18.0988972786001, 26.959499861112796, 20.908232624363386, 23.536863156616437, 16.316837390422126, 43.37216383122282, 41.141289601169, 66.53962958569383, 64.94365388150356, 58.20842490223068, 46.619856281292726, 57.41945661280651, 53.08356217720835, 61.73380684824292, 32.97138770751718, 69.18256823911587, 33.012268344715565, 57.24655546635547, 30.124561306181246, 79.67069152075636, 26.98323365835843, 46.70397012262976, 59.231222390523115, 68.39819793832952, 58.788119831649894, 34.83669140846565, 46.09918446870885, 52.812766729802874, 34.94813243115254, 80.59735267654752, 13.946419522479204, 59.269838346604814, 18.14422746853886, 32.95010604120829, 28.061783892145083, 38.1125696198745, 17.333517831296426, 14.48223471064089, 76.3146503500972, 44.39482989134318, 79.5967007770818, 52.51839115256574, 28.725808679748713, 27.444512228318473, 29.016692314330857, 40.16575977172276, 35.316211613588756, 44.31988291095163, 53.12198621295844], [34.86367278655178, 65.67642290648878, 72.72545104181792, 33.89989007785485, 15.790165660317898, 64.46815812111048, 39.072168844172076, 109.72534469722154, 40.660080338441844, 85.21166467022219, 38.16859867691112, 69.65300011387072, 87.30332301594865, 34.194600380098386, 89.63935783431137, 68.0739057254897, 79.30007818023046, 81.32864225971596, 97.42154954037487, 59.738399273298995, 50.94471785616929, 0.0, 51.44602124337971, 44.14766994229971, 29.96267334410675, 95.21351941086881, 76.43235035067895, 45.8459753030817, 19.333681158918615, 83.05584827070442, 44.05702771379478, 67.12813253262918, 26.547195977791514, 30.081483431500995, 74.4590795666136, 34.9437018167262, 10.872319607656687, 89.8304579848676, 60.65497368895857, 75.39694202856177, 61.41657762922692, 59.93801249165715, 101.73978828097071, 7.221949312794128, 53.65227961030951, 83.8228748878698, 54.40051766030389, 77.51290479126973, 94.78727316521268, 56.072738347883174, 74.69607068535167, 73.84190940966114, 58.26389819667026, 33.02442306983982, 99.23272495803734, 74.53052792669168, 16.512307307603866, 43.06554058632619, 74.96318649479075, 78.27199698835109, 120.0857798291327, 38.21024197548573, 81.34130500515224, 69.0262975476265, 82.61610645461751, 46.22980815092417, 20.316023618696796, 65.5073186224895, 59.08422754424373, 71.7366974699524, 80.98278070965516, 118.78368978574397, 81.03192916014682, 42.644587511853565, 42.99585867085925, 70.25841327085102, 90.31756303566848, 37.609455691799816, 72.10725915479256, 47.26261867443615], [57.60355575001369, 24.703644418374505, 48.31719374242408, 32.739988608947186, 43.77645503236916, 33.80912218591999, 58.235272955121516, 60.96744516976737, 12.734770060657358, 34.50861418356315, 21.139599067946353, 48.684825775585, 69.39554104421286, 19.08692986712971, 75.79095437875546, 57.68131474851121, 42.96121935686072, 66.43926382699101, 47.34033222184381, 62.70177209614262, 35.231310536866914, 51.44602124337971, 0.0, 35.837798465761125, 26.243698658122234, 54.77291042917895, 44.21122711582523, 37.06220080174598, 47.30579353665706, 42.343564655100394, 49.70078888566205, 36.26096514984438, 28.710865110777195, 33.475969971890926, 49.26362311177176, 30.913381897944856, 50.99203626026668, 70.57534498393025, 32.46872371796582, 30.759038965522432, 23.064342798785294, 11.929349651014412, 55.57760016515348, 57.4213279281997, 29.083773435798967, 57.498989912077754, 37.844299841809075, 35.727788910811974, 44.86755460147776, 8.808170036797295, 44.69047352176331, 36.36720386393408, 11.605823830334042, 37.52366992589105, 47.789508535538, 26.24381294998296, 38.00963572488281, 16.7733649795823, 24.014705088432105, 34.984000229855845, 69.87399710369314, 28.358187989805415, 30.731531603349936, 43.309407633260555, 61.76915835102553, 7.999355560777662, 31.13546023910616, 33.98867055848334, 49.60493269995221, 41.38742534328912, 31.92233894282038, 68.49610953056806, 29.612115910099735, 10.048189549942256, 56.48368760855243, 63.94938464731192, 66.79407554319273, 60.53547904654416, 20.87023857751428, 21.848860554997454], [70.05005025562602, 60.40053051360779, 81.54060070460679, 51.71008170273206, 48.44455020112829, 23.076029002002905, 72.8211978848334, 93.25097552741103, 25.51516018564231, 56.60258662789978, 16.639751205590144, 25.528126400950175, 101.75007840143881, 23.633198344667942, 107.1052095090156, 86.63804637382125, 78.5821060549633, 97.66479445147797, 78.64274811030839, 86.26206276840416, 63.490597486268356, 44.14766994229971, 35.837798465761125, 0.0, 19.442325318481572, 90.5336565642814, 79.2109671881597, 62.254215086921356, 53.921422043891766, 78.17135125478589, 70.1415669915388, 70.50750342499163, 41.010230710308846, 49.58422882094531, 82.77759537446538, 50.86316572943466, 51.12883100455751, 103.38492455888439, 19.18256154791437, 40.232422793233674, 26.24348190853019, 34.38758787319105, 89.91478798666154, 51.3255238085107, 13.41119459370729, 91.70621490630556, 10.324267549506779, 71.55423743227952, 76.58626015459302, 44.619966029796814, 31.42065737130619, 71.9744661452865, 32.35418989607107, 11.368738965741578, 73.84165895497893, 43.59528575758891, 42.36612984782489, 19.233254873186088, 49.02752092127513, 70.71499818347756, 99.75145066555649, 50.95227905670304, 53.11519267998519, 76.58032914810173, 94.67362075142589, 38.4760965966788, 32.12730514009652, 68.24138853950316, 77.35381105973192, 28.867214254745956, 65.57888174219532, 98.28408714786879, 58.26626996280087, 36.108669495936894, 73.92176905111793, 91.7476588463091, 100.63999758904686, 73.32501978191323, 52.186413139210664, 14.688935330919351], [50.96879936098991, 47.883311384699326, 65.22145074364168, 32.48794866554873, 30.0499355579084, 35.23359215421197, 53.5524476703