instance_id,num_cities,city_coordinates,distance_matrix,best_route,total_distance
2494,20,"[[57.874776359881054, 75.15763785486004], [86.8307524588376, 46.28558587292386], [59.7666435439972, 52.15676782351415], [37.10825703886292, 51.206590854835646], [26.189162686967858, 92.94189115811827], [5.998232275914006, 30.208900943996987], [52.737402853113615, 51.01209001849725], [67.81480845057133, 27.485516409008802], [73.29759937283771, 95.47055544461975], [31.926564096152543, 69.31415477440656], [92.62135991860862, 84.9864015255428], [63.45686782464636, 81.92134227389653], [76.73865477298972, 97.557326531509], [44.18780015939265, 33.868635068721964], [50.77281728158296, 49.71987107762128], [78.12897189155434, 68.60950784907482], [17.560095426618904, 51.33192372303898], [11.920858362175702, 34.33630021046008], [7.567562478885382, 59.28559972488924], [24.68863252937362, 97.02929842848623]]","[[0.0, 40.89063386022485, 23.07854379377523, 31.700173140025548, 36.335351647996404, 68.64083898072458, 24.68603019657312, 48.6973859782221, 25.504471974486254, 26.598045307786375, 36.10996627383872, 8.76968885360817, 29.284671102734666, 43.49844903656283, 26.4105623068312, 21.28639103295622, 46.82881754477673, 61.4666103377918, 52.75165744189931, 39.7453101458152], [40.89063386022485, 0.0, 27.693623252497687, 49.96541644799334, 76.51283051178407, 82.41575163417934, 34.419417902925694, 26.740395254624584, 51.01281666618457, 59.538096084906314, 39.13162745058211, 42.61743325403285, 52.25554349408213, 44.41398482557838, 36.22111268465259, 23.959934837941944, 69.45422558327732, 75.85695526065004, 80.32218651125783, 80.22822092785943], [23.07854379377523, 27.693623252497687, 0.0, 22.67830053791197, 52.82871857354711, 58.07538988982116, 7.121833469526778, 25.950791986395014, 45.37808902684503, 32.70238447949867, 46.445852743442394, 29.992459843331424, 48.46916438474193, 24.024074609835438, 9.318120872184227, 24.654974278879035, 42.21460732702198, 51.0567157738619, 52.68362466953254, 56.95621879686369], [31.700173140025548, 49.96541644799334, 22.67830053791197, 0.0, 43.14002680656062, 37.53314032082887, 15.630356024686272, 38.801825633136794, 57.174881370854465, 18.834378483344782, 64.9829223741596, 40.467829754947395, 60.98326920011687, 18.727643782298742, 13.745200701440687, 44.55962934017963, 19.54856339341238, 30.315206720787682, 30.625528883731803, 47.4759686824503], [36.335351647996404, 76.51283051178407, 52.82871857354711, 43.14002680656062, 0.0, 65.9022134079657, 49.62778737287729, 77.57081526278331, 47.17625409101952, 24.314351760807615, 66.90685050364898, 38.863020262692785, 50.75976156209496, 61.75435641205543, 49.72423044217201, 57.35685362454136, 42.49529611300508, 60.31749164735813, 38.46439843996138, 4.354134695632033], [68.64083898072458, 82.41575163417934, 58.07538988982116, 37.53314032082887, 65.9022134079657, 0.0, 51.159776601486136, 61.87653766398557, 93.74587116137516, 46.92013712811544, 102.48971076436803, 77.30246689091074, 97.67301471840327, 38.36452461572409, 48.8409809277522, 81.71566684655775, 24.080256868222044, 7.218928207321889, 29.119017999937757, 69.38513228076789], [24.68603019657312, 34.419417902925694, 7.121833469526778, 15.630356024686272, 49.62778737287729, 51.159776601486136, 0.0, 27.94329660854151, 48.98241346621667, 27.71383380367521, 52.39259369013923, 32.71526867173527, 52.36906659253685, 19.15708103640676, 2.351473210356657, 30.893379428897564, 35.178761367857746, 44.09163491981841, 45.92129617394331, 53.89171537928885], [48.6973859782221, 26.740395254624584, 25.950791986395014, 38.801825633136794, 77.57081526278331, 61.87653766398557, 27.94329660854151, 0.0, 68.20576609767558, 55.114436133790726, 62.62361203987857, 54.609987951760864, 70.6377633212566, 24.474062282657627, 28.01421051062348, 42.39769615733776, 55.62541975487868, 56.31222687106495, 68.12470877787123, 81.83034074937416], [25.504471974486254, 51.01281666618457, 45.37808902684503, 57.174881370854465, 47.17625409101952, 93.74587116137516, 48.98241346621667, 68.20576609767558, 0.0, 48.94609132387853, 21.984658401466895, 16.745780810379316, 4.024360301463113, 68.13352335117814, 50.99500885682077, 27.292087467702807, 71.09773664757616, 86.62852590299143, 75.031918344923, 48.633952515488026], [26.598045307786375, 59.538096084906314, 32.70238447949867, 18.834378483344782, 24.314351760807615, 46.92013712811544, 27.71383380367521, 55.114436133790726, 48.94609132387853, 0.0, 62.68554504954178, 33.957344269809546, 52.96980481113996, 37.5063031636627, 27.18671022244971, 46.207780874891455, 23.016430123228492, 40.29489510857505, 26.342605720984086, 28.64466514259937], [36.10996627383872, 39.13162745058211, 46.445852743442394, 64.9829223741596, 66.90685050364898, 102.48971076436803, 52.39259369013923, 62.62361203987857, 21.984658401466895, 62.68554504954178, 0.0, 29.325111889213474, 20.25557894132615, 70.41900140220409, 54.726855296802235, 21.86851520375911, 82.26066680556181, 95.27855852545196, 88.85200994976957, 68.99193298027707], [8.76968885360817, 42.61743325403285, 29.992459843331424, 40.467829754947395, 38.863020262692785, 77.30246689091074, 32.71526867173527, 54.609987951760864, 16.745780810379316, 33.957344269809546, 29.325111889213474, 0.0, 20.51560060650161, 51.77218981687332, 34.60953460223832, 19.81099627742245, 55.156379901475425, 70.14482517972998, 60.29918152658994, 41.60800892951543], [29.284671102734666, 52.25554349408213, 48.46916438474193, 60.98326920011687, 50.75976156209496, 97.67301471840327, 52.36906659253685, 70.6377633212566, 4.024360301463113, 52.96980481113996, 20.25557894132615, 20.51560060650161, 0.0, 71.52487368963064, 54.43020173518409, 28.981186796976754, 75.09254124823079, 90.54415994773211, 79.05292582770127, 52.05270049899921], [43.49844903656283, 44.41398482557838, 24.024074609835438, 18.727643782298742, 61.75435641205543, 38.36452461572409, 19.15708103640676, 24.474062282657627, 68.13352335117814, 37.5063031636627, 70.41900140220409, 51.77218981687332, 71.52487368963064, 0.0, 17.164618653187894, 48.56883136428911, 31.84338408460663, 32.270330702206685, 44.57649492849007, 66.10209478003742], [26.4105623068312, 36.22111268465259, 9.318120872184227, 13.745200701440687, 49.72423044217201, 48.8409809277522, 2.351473210356657, 28.01421051062348, 50.99500885682077, 27.18671022244971, 54.726855296802235, 34.60953460223832, 54.43020173518409, 17.164618653187894, 0.0, 33.24421111114096, 33.25182110421631, 41.78670798830987, 44.251522088163085, 54.02375968455138], [21.28639103295622, 23.959934837941944, 24.654974278879035, 44.55962934017963, 57.35685362454136, 81.71566684655775, 30.893379428897564, 42.39769615733776, 27.292087467702807, 46.207780874891455, 21.86851520375911, 19.81099627742245, 28.981186796976754, 48.56883136428911, 33.24421111114096, 0.0, 62.984948277003895, 74.55311568914267, 71.17476913211972, 60.52730266353065], [46.82881754477673, 69.45422558327732, 42.21460732702198, 19.54856339341238, 42.49529611300508, 24.080256868222044, 35.178761367857746, 55.62541975487868, 71.09773664757616, 23.016430123228492, 82.26066680556181, 55.156379901475425, 75.09254124823079, 31.84338408460663, 33.25182110421631, 62.984948277003895, 0.0, 17.906764455096706, 12.771518181248018, 46.25003887777177], [61.4666103377918, 75.85695526065004, 51.0567157738619, 30.315206720787682, 60.31749164735813, 7.218928207321889, 44.09163491981841, 56.31222687106495, 86.62852590299143, 40.29489510857505, 95.27855852545196, 70.14482517972998, 90.54415994773211, 32.270330702206685, 41.78670798830987, 74.55311568914267, 17.906764455096706, 0.0, 25.32624589843839, 63.97990374133112], [52.75165744189931, 80.32218651125783, 52.68362466953254, 30.625528883731803, 38.46439843996138, 29.119017999937757, 45.92129617394331, 68.12470877787123, 75.031918344923, 26.342605720984086, 88.85200994976957, 60.29918152658994, 79.05292582770127, 44.57649492849007, 44.251522088163085, 71.17476913211972, 12.771518181248018, 25.32624589843839, 0.0, 41.44535958948401], [39.7453101458152, 80.22822092785943, 56.95621879686369, 47.4759686824503, 4.354134695632033, 69.38513228076789, 53.89171537928885, 81.83034074937416, 48.633952515488026, 28.64466514259937, 68.99193298027707, 41.60800892951543, 52.05270049899921, 66.10209478003742, 54.02375968455138, 60.52730266353065, 46.25003887777177, 63.97990374133112, 41.44535958948401, 0.0]]",Route_4,964.2096334939549
